Gene A,Gene B,Label,Score,Precision,Recall,False Positive Rate
YOR036W,YGL225W,0,0.5036751,0.0,0.0,0.00010001000191550702
YGR240C,YLR356W,0,0.47795448,0.0,0.0,0.00020002000383101404
YBR001C,YMR305C,1,0.28365776,0.3333333432674408,0.0009990009712055326,0.00020002000383101404
YGR189C,YBR001C,1,0.26617005,0.5,0.001998001942411065,0.00020002000383101404
YKR058W,YEL029C,0,0.26478028,0.4000000059604645,0.001998001942411065,0.00030002999119460583
YGL021W,YFL052W,0,0.22573575,0.3333333432674408,0.001998001942411065,0.0004000400076620281
YEL011W,YLR300W,1,0.22285703,0.4285714328289032,0.0029970030300319195,0.0004000400076620281
YIL172C,YLR300W,1,0.22152111,0.5,0.00399600388482213,0.0004000400076620281
YBR297W,YOR116C,0,0.20251313,0.4444444477558136,0.00399600388482213,0.0005000500241294503
YPR159W,YBR056W,1,0.20215625,0.5,0.004995005205273628,0.0005000500241294503
YML106W,YPR098C,0,0.19198868,0.4545454680919647,0.004995005205273628,0.0006000599823892117
YPR026W,YLR300W,1,0.18262097,0.5,0.005994006060063839,0.0006000599823892117
YLR164W,YJL158C,0,0.18014875,0.4615384638309479,0.005994006060063839,0.0007000699988566339
YOR180C,YKL008C,0,0.17729357,0.4285714328289032,0.005994006060063839,0.0008000800153240561
YNL015W,YJL192C,0,0.1763483,0.4000000059604645,0.005994006060063839,0.0009000900317914784
YNR036C,YGL008C,0,0.1757935,0.375,0.005994006060063839,0.0010001000482589006
YJL221C,YLR300W,1,0.17169225,0.4117647111415863,0.00699300691485405,0.0010001000482589006
YIR012W,YFR015C,0,0.1708025,0.3888888955116272,0.00699300691485405,0.001100110006518662
YBR297W,YLR045C,0,0.16399536,0.3684210479259491,0.00699300691485405,0.0012001199647784233
YGL259W,YLR138W,0,0.15541166,0.3499999940395355,0.00699300691485405,0.0013001300394535065
YDR001C,YMR305C,1,0.15518087,0.380952388048172,0.00799200776964426,0.0013001300394535065
YLL050C,YPL024W,0,0.15372005,0.3636363744735718,0.00799200776964426,0.0014001399977132678
YKL100C,YHL033C,0,0.14570653,0.3478260934352875,0.00799200776964426,0.001500150072388351
YOL155C,YJR051W,0,0.13960883,0.3333333432674408,0.00799200776964426,0.0016001600306481123
YDR169C,YGL225W,0,0.13181278,0.3199999928474426,0.00799200776964426,0.0017001699889078736
YBR251W,YCR034W,0,0.12832749,0.3076923191547394,0.00799200776964426,0.0018001800635829568
YMR239C,YGR132C,0,0.12528709,0.29629629850387573,0.00799200776964426,0.0019001900218427181
YGR292W,YBR056W,1,0.12018641,0.3214285671710968,0.008991008624434471,0.0019001900218427181
YJR077C,YCR089W,0,0.11764801,0.3103448152542114,0.008991008624434471,0.0020002000965178013
YBR056W,YLR300W,1,0.11618131,0.3333333432674408,0.009990010410547256,0.0020002000965178013
YGR287C,YLR300W,1,0.11039161,0.35483869910240173,0.010989011265337467,0.0020002000965178013
YGR189C,YBR056W,1,0.10676304,0.375,0.011988012120127678,0.0020002000965178013
YOL155C,YLR300W,1,0.10601612,0.39393940567970276,0.012987012974917889,0.0020002000965178013
YMR238W,YBR001C,1,0.103471465,0.4117647111415863,0.0139860138297081,0.0020002000965178013
YER142C,YGR189C,1,0.10267996,0.4285714328289032,0.01498501468449831,0.0020002000965178013
YFL031W,YPL134C,0,0.10092794,0.4166666567325592,0.01498501468449831,0.002100209938362241
YLR300W,YOL157C,1,0.09761276,0.4324324429035187,0.01598401553928852,0.002100209938362241
YNL163C,YDR405W,0,0.08558174,0.42105263471603394,0.01598401553928852,0.002200220013037324
YJR145C,YCR011C,0,0.082606114,0.41025641560554504,0.01598401553928852,0.002300230087712407
YKR105C,YJL177W,0,0.07877413,0.4000000059604645,0.01598401553928852,0.0024002399295568466
YOR100C,YKL127W,0,0.07816563,0.39024388790130615,0.01598401553928852,0.0025002500042319298
YOL039W,YLR128W,0,0.06607532,0.380952388048172,0.01598401553928852,0.002600260078907013
YMR104C,YMR208W,0,0.064619355,0.3720930218696594,0.01598401553928852,0.0027002699207514524
YPR079W,YBL068W,0,0.064162694,0.3636363744735718,0.01598401553928852,0.0028002799954265356
YGL156W,YGR189C,1,0.062848516,0.3777777850627899,0.016983017325401306,0.0028002799954265356
YOR257W,YOL111C,0,0.060541265,0.3695652186870575,0.016983017325401306,0.0029002900701016188
YMR238W,YBR056W,1,0.05693052,0.38297873735427856,0.017982017248868942,0.0029002900701016188
YER052C,YOR351C,0,0.051730044,0.375,0.017982017248868942,0.003000300144776702
YOR133W,YDR171W,0,0.05024431,0.36734694242477417,0.017982017248868942,0.0031003099866211414
YLL019C,YMR088C,0,0.046224155,0.36000001430511475,0.017982017248868942,0.0032003200612962246
YAL034W-A,YBL002W,0,0.0450717,0.3529411852359772,0.017982017248868942,0.0033003301359713078
YAL029C,YAL060W,0,0.04480917,0.3461538553237915,0.017982017248868942,0.0034003399778157473
YBR241C,YPR187W,0,0.044389732,0.3396226465702057,0.017982017248868942,0.0035003500524908304
YJL189W,YPL240C,0,0.042060427,0.3333333432674408,0.017982017248868942,0.0036003601271659136
YML060W,YIL162W,1,0.0408789,0.34545454382896423,0.018981019034981728,0.0036003601271659136
YGR052W,YML038C,0,0.040142484,0.3392857015132904,0.018981019034981728,0.003700369969010353
YOR100C,YJL121C,0,0.038118504,0.3333333432674408,0.018981019034981728,0.0038003800436854362
YGL033W,YDL121C,0,0.03575491,0.32758620381355286,0.018981019034981728,0.0039003901183605194
YLR213C,YHR204W,1,0.035499103,0.33898305892944336,0.019980020821094513,0.0039003901183605194
YIL099W,YLR300W,1,0.034897693,0.3499999940395355,0.02097902074456215,0.0039003901183605194
YMR238W,YOL157C,1,0.034770273,0.3606557250022888,0.021978022530674934,0.0039003901183605194
YGL012W,YJR019C,0,0.026807465,0.35483869910240173,0.021978022530674934,0.004000400193035603
YIL172C,YDR261C,1,0.025173254,0.3650793731212616,0.02297702245414257,0.004000400193035603
YGL028C,YOL155C,1,0.025008239,0.375,0.023976024240255356,0.004000400193035603
YER055C,YJL206C,0,0.024948426,0.3692307770252228,0.023976024240255356,0.004100410267710686
YNL209W,YPL177C,0,0.02231092,0.3636363744735718,0.023976024240255356,0.004200419876724482
YPL078C,YJR009C,0,0.021866634,0.35820895433425903,0.023976024240255356,0.004300429951399565
YNL327W,YIL172C,1,0.0196741,0.36764705181121826,0.024975024163722992,0.004300429951399565
YHR214C-B,YDR242W,0,0.019608244,0.36231884360313416,0.024975024163722992,0.004400440026074648
YJL052W,YBR177C,0,0.018868707,0.3571428656578064,0.024975024163722992,0.004500450100749731
YDR085C,YBL054W,0,0.018817388,0.35211268067359924,0.024975024163722992,0.004600460175424814
YLR027C,YNR060W,0,0.017533898,0.3472222089767456,0.024975024163722992,0.004700470250099897
YGR282C,YOL157C,1,0.015842922,0.3561643958091736,0.025974025949835777,0.004700470250099897
YML046W,YGL059W,0,0.014990963,0.3513513505458832,0.025974025949835777,0.004800479859113693
YGR279C,YOL155C,1,0.012806557,0.36000001430511475,0.026973027735948563,0.004800479859113693
YMR058W,YDR022C,0,0.01208476,0.3552631437778473,0.026973027735948563,0.004900489933788776
YDL024C,YGL026C,0,0.011122927,0.350649356842041,0.026973027735948563,0.0050005000084638596
YNR001C,YER019W,0,0.00801339,0.3461538553237915,0.026973027735948563,0.005100510083138943
YPR159W,YJL221C,1,0.005425371,0.3544303774833679,0.0279720276594162,0.005100510083138943
YGR189C,YEL011W,1,0.0046380684,0.36250001192092896,0.028971029445528984,0.005100510083138943
YPL030W,YMR139W,0,0.004033588,0.3580246865749359,0.028971029445528984,0.005200520157814026
YLR043C,YIR032C,0,0.0015138537,0.353658527135849,0.028971029445528984,0.005300530232489109
YMR305C,YOL155C,1,-0.0018412545,0.3614457845687866,0.02997002936899662,0.005300530232489109
YBR238C,YDL200C,0,-0.0024981648,0.3571428656578064,0.02997002936899662,0.005400539841502905
YDL140C,YIL088C,0,-0.0029241964,0.3529411852359772,0.02997002936899662,0.005500549916177988
YNL005C,YBL009W,0,-0.0039059445,0.3488371968269348,0.02997002936899662,0.005600559990853071
YEL017C-A,YJL137C,0,-0.008464597,0.3448275923728943,0.02997002936899662,0.005700570065528154
YBL064C,YOL007C,0,-0.009394504,0.34090909361839294,0.02997002936899662,0.0058005801402032375
YPR026W,YHR204W,1,-0.0145505,0.3483146131038666,0.030969031155109406,0.0058005801402032375
YPL246C,YER150W,0,-0.016725317,0.3444444537162781,0.030969031155109406,0.005900590214878321
YGL226C-A,YLR158C,0,-0.018573552,0.34065935015678406,0.030969031155109406,0.006000600289553404
YOR095C,YJL170C,0,-0.01921165,0.33695653080940247,0.030969031155109406,0.0061006098985672
YBR092C,YIR038C,0,-0.019552596,0.3333333432674408,0.030969031155109406,0.006200619973242283
YOR348C,YLR448W,0,-0.022295102,0.3297872245311737,0.030969031155109406,0.006300630047917366
YER142C,YLR300W,1,-0.023054667,0.3368421196937561,0.03196803107857704,0.006300630047917366
YMR308C,YOR054C,0,-0.025937729,0.3333333432674408,0.03196803107857704,0.006400640122592449
YGL037C,YNL085W,0,-0.028223716,0.3298968970775604,0.03196803107857704,0.006500650197267532
YER052C,YER020W,0,-0.028414719,0.3265306055545807,0.03196803107857704,0.0066006602719426155
YOR190W,YGL027C,1,-0.02944953,0.3333333432674408,0.032967034727334976,0.0066006602719426155
YPL276W,YBL052C,0,-0.029522799,0.33000001311302185,0.032967034727334976,0.006700669880956411
YDR169C,YDL055C,0,-0.031146467,0.32673266530036926,0.032967034727334976,0.0068006799556314945
YJL216C,YHR143W,1,-0.031399503,0.3333333432674408,0.03396603465080261,0.0068006799556314945
YOR100C,YGL207W,0,-0.035462767,0.3300970792770386,0.03396603465080261,0.006900690030306578
YJL060W,YDR497C,0,-0.037325017,0.32692307233810425,0.03396603465080261,0.007000700104981661
YNR001C,YBL085W,0,-0.03739258,0.32380953431129456,0.03396603465080261,0.007100710179656744
YPR159W,YNL311C,0,-0.039639466,0.3207547068595886,0.03396603465080261,0.007200720254331827
YPL246C,YPL223C,0,-0.04025001,0.3177570104598999,0.03396603465080261,0.007300729863345623
YGL027C,YLR213C,1,-0.041019656,0.32407405972480774,0.03496503457427025,0.007300729863345623
YPL180W,YJL115W,0,-0.042039804,0.3211009204387665,0.03496503457427025,0.007400739938020706
YIL099W,YNL066W,1,-0.042516313,0.3272727131843567,0.035964034497737885,0.007400739938020706
YKL001C,YPL187W,0,-0.042843036,0.3243243098258972,0.035964034497737885,0.007500750012695789
YKL038W,YGL008C,0,-0.043529294,0.3214285671710968,0.035964034497737885,0.0076007600873708725
YOL155C,YNL066W,1,-0.043732934,0.32743361592292786,0.03696303814649582,0.0076007600873708725
YDR211W,YPL113C,0,-0.04557257,0.3245614171028137,0.03696303814649582,0.007700770162045956
YHL044W,YCR043C,0,-0.045824774,0.321739137172699,0.03696303814649582,0.007800780236721039
YER165W,YPR002W,0,-0.04610514,0.31896552443504333,0.03696303814649582,0.007900790311396122
YAL054C,YOR133W,0,-0.046516486,0.3162393271923065,0.03696303814649582,0.008000800386071205
YNL015W,YOR306C,0,-0.047939636,0.31355932354927063,0.03696303814649582,0.008100810460746288
YJL050W,YLR308W,0,-0.048006363,0.31092438101768494,0.03696303814649582,0.008200820535421371
YKL091C,YPL079W,0,-0.048938982,0.3083333373069763,0.03696303814649582,0.00830082967877388
YPL150W,YMR016C,0,-0.049155608,0.3057851195335388,0.03696303814649582,0.008400839753448963
YBR291C,YMR025W,0,-0.049991883,0.30327868461608887,0.03696303814649582,0.008500849828124046
YGL030W,YOL138C,0,-0.05112978,0.3008130192756653,0.03696303814649582,0.00860085990279913
YDL014W,YER119C,0,-0.056342356,0.2983871102333069,0.03696303814649582,0.008700869977474213
YPR159W,YGL156W,1,-0.05688917,0.30399999022483826,0.037962038069963455,0.008700869977474213
YNL321W,YNR067C,0,-0.06096003,0.30158731341362,0.037962038069963455,0.008800880052149296
YLR084C,YNL077W,0,-0.061103098,0.29921260476112366,0.037962038069963455,0.008900890126824379
YDL140C,YLR297W,0,-0.061490946,0.296875,0.037962038069963455,0.009000900201499462
YKL167C,YHL033C,0,-0.06153146,0.2945736348628998,0.037962038069963455,0.009100910276174545
YJL210W,YOR311C,0,-0.06269739,0.29230770468711853,0.037962038069963455,0.009200920350849628
YGR292W,YOL043C,1,-0.06384307,0.2977099120616913,0.03896103799343109,0.009200920350849628
YKR061W,YOR323C,0,-0.064144276,0.2954545319080353,0.03896103799343109,0.009300930425524712
YOR230W,YKL046C,0,-0.06441847,0.29323309659957886,0.03896103799343109,0.009400940500199795
YMR305C,YEL011W,1,-0.06897738,0.2985074520111084,0.039960041642189026,0.009400940500199795
YPR159W,YPR026W,1,-0.06952784,0.3037036955356598,0.04095904156565666,0.009400940500199795
YGL028C,YIL172C,1,-0.06990884,0.30882352590560913,0.0419580414891243,0.009400940500199795
YBL092W,YPL113C,0,-0.07068352,0.30656933784484863,0.0419580414891243,0.009500949643552303
YCR094W,YOR125C,0,-0.07077687,0.30434781312942505,0.0419580414891243,0.009600959718227386
YGL205W,YJL134W,0,-0.07156336,0.30215826630592346,0.0419580414891243,0.00970096979290247
YLR164W,YLR134W,0,-0.0726331,0.30000001192092896,0.0419580414891243,0.009800979867577553
YMR238W,YPR184W,1,-0.07478181,0.304964542388916,0.042957041412591934,0.009800979867577553
YIL082W-A,YDR416W,0,-0.07589641,0.30281689763069153,0.042957041412591934,0.009900989942252636
YBR199W,YLR414C,0,-0.076034345,0.30069929361343384,0.042957041412591934,0.010001000016927719
YJL095W,YDR116C,0,-0.07687403,0.2986111044883728,0.042957041412591934,0.010101010091602802
YPL230W,YAL053W,0,-0.07973897,0.29655173420906067,0.042957041412591934,0.010201020166277885
YJR152W,YKL127W,0,-0.08025747,0.2945205569267273,0.042957041412591934,0.010301030240952969
YOR010C,YOR181W,0,-0.08048857,0.2925170063972473,0.042957041412591934,0.010401040315628052
YOL155C,YLR286C,1,-0.080986045,0.29729729890823364,0.04395604506134987,0.010401040315628052
YPL273W,YLR142W,0,-0.08252496,0.29530200362205505,0.04395604506134987,0.010501050390303135
YLR213C,YBR229C,1,-0.08310425,0.30000001192092896,0.044955044984817505,0.010501050390303135
YGL010W,YDR224C,0,-0.0887691,0.29801324009895325,0.044955044984817505,0.010601060464978218
YCL034W,YML126C,0,-0.088967375,0.29605263471603394,0.044955044984817505,0.010701070539653301
YBR302C,YMR056C,0,-0.090883166,0.29411765933036804,0.044955044984817505,0.01080107968300581
YPR102C,YLR038C,0,-0.091142915,0.2922077775001526,0.044955044984817505,0.010901089757680893
YBL039C,YER096W,0,-0.09134289,0.29032257199287415,0.044955044984817505,0.011001099832355976
YDR171W,YDL014W,0,-0.092326574,0.2884615361690521,0.044955044984817505,0.01110110990703106
YEL011W,YML021C,1,-0.09347584,0.2929936349391937,0.04595404490828514,0.01110110990703106
YML060W,YNR067C,1,-0.0950746,0.297468364238739,0.046953048557043076,0.01110110990703106
YHL002W,YMR238W,0,-0.09519889,0.29559749364852905,0.046953048557043076,0.011201119981706142
YPL226W,YOR373W,0,-0.09664804,0.29374998807907104,0.046953048557043076,0.011301130056381226
YCL045C,YHR105W,0,-0.09670373,0.29192546010017395,0.046953048557043076,0.011401140131056309
YLR024C,YIL082W-A,0,-0.09712568,0.29012346267700195,0.046953048557043076,0.011501150205731392
YBR299W,YLR300W,1,-0.09749201,0.29447853565216064,0.04795204848051071,0.011501150205731392
YOL155C,YDR047W,0,-0.09812089,0.2926829159259796,0.04795204848051071,0.011601160280406475
YGR189C,YLR144C,1,-0.099533446,0.2969697117805481,0.04895104840397835,0.011601160280406475
YBR187W,YER058W,0,-0.09961928,0.29518070816993713,0.04895104840397835,0.011701170355081558
YBL098W,YDL002C,0,-0.10158374,0.2934131622314453,0.04895104840397835,0.011801180429756641
YCR067C,YLR158C,0,-0.10211141,0.2916666567325592,0.04895104840397835,0.011901190504431725
YOL155C,YDR400W,1,-0.103972696,0.2958579957485199,0.049950048327445984,0.011901190504431725
YDR001C,YLR300W,1,-0.10484814,0.30000001192092896,0.05094905197620392,0.011901190504431725
YMR128W,YPL118W,0,-0.10491521,0.2982456088066101,0.05094905197620392,0.012001200579106808
YMR200W,YKR061W,0,-0.10725004,0.29651162028312683,0.05094905197620392,0.012101209722459316
YLR013W,YNL069C,0,-0.109658115,0.2947976887226105,0.05094905197620392,0.0122012197971344
YLR378C,YPR156C,0,-0.10974469,0.2931034564971924,0.05094905197620392,0.012301229871809483
YBR022W,YMR042W,0,-0.10997774,0.2914285659790039,0.05094905197620392,0.012401239946484566
YJL103C,YCL027W,0,-0.11019296,0.28977271914482117,0.05094905197620392,0.012501250021159649
YHR064C,YMR154C,0,-0.11257412,0.2881355881690979,0.05094905197620392,0.012601260095834732
YER051W,YLR372W,0,-0.113601394,0.28651684522628784,0.05094905197620392,0.012701270170509815
YDR174W,YBR084C-A,0,-0.115095176,0.2849161922931671,0.05094905197620392,0.012801280245184898
YLR388W,YGL158W,0,-0.11600178,0.28333333134651184,0.05094905197620392,0.012901290319859982
YNL002C,YJL170C,0,-0.11638447,0.28176796436309814,0.05094905197620392,0.013001300394535065
YBL100W-A,YLL009C,0,-0.117615245,0.28021979331970215,0.05094905197620392,0.013101310469210148
YPR159W,YIL099W,1,-0.11814576,0.284153014421463,0.051948051899671555,0.013101310469210148
YDR476C,YLR224W,0,-0.11924411,0.28260868787765503,0.051948051899671555,0.013201320543885231
YGR061C,YDL004W,0,-0.11947837,0.28108108043670654,0.051948051899671555,0.01330132968723774
YGR282C,YLR300W,1,-0.12046687,0.2849462330341339,0.05294705182313919,0.01330132968723774
YDR298C,YHR141C,0,-0.12380297,0.28342247009277344,0.05294705182313919,0.013401339761912823
YIL177C,YKL018W,0,-0.12438864,0.2819148898124695,0.05294705182313919,0.013501349836587906
YOR255W,YAL062W,0,-0.124612294,0.28042328357696533,0.05294705182313919,0.013601359911262989
YGR292W,YDR371W,1,-0.12501712,0.28421053290367126,0.053946055471897125,0.013601359911262989
YDR429C,YAL060W,0,-0.12597212,0.28272250294685364,0.053946055471897125,0.013701369985938072
YDR085C,YNL308C,0,-0.12747031,0.28125,0.053946055471897125,0.013801380060613155
YDR376W,YPL283C,0,-0.1286312,0.27979275584220886,0.053946055471897125,0.013901390135288239
YDR462W,YBR156C,0,-0.12898351,0.27835050225257874,0.053946055471897125,0.014001400209963322
YNL079C,YBR012W-A,0,-0.12974754,0.2769230902194977,0.053946055471897125,0.014101410284638405
YPR145W,YMR224C,0,-0.13070753,0.27551019191741943,0.053946055471897125,0.014201420359313488
YKL163W,YJL192C,0,-0.13107537,0.27411168813705444,0.053946055471897125,0.014301430433988571
YDR018C,YJL136C,0,-0.13109043,0.27272728085517883,0.053946055471897125,0.014401440508663654
YBL090W,YBR186W,0,-0.1315033,0.2713567912578583,0.053946055471897125,0.014501450583338737
YMR238W,YOL155C,1,-0.1348688,0.2750000059604645,0.05494505539536476,0.014501450583338737
YKR058W,YJL109C,0,-0.13536584,0.27363184094429016,0.05494505539536476,0.014601459726691246
YJR063W,YFL013C,0,-0.13555953,0.27227723598480225,0.05494505539536476,0.01470146980136633
YER065C,YPL163C,0,-0.13684192,0.27093595266342163,0.05494505539536476,0.014801479876041412
YLR197W,YJL114W,0,-0.1368882,0.2696078419685364,0.05494505539536476,0.014901489950716496
YDR512C,YHR070W,0,-0.13729744,0.26829269528388977,0.05494505539536476,0.015001500025391579
YPL085W,YMR143W,0,-0.13780245,0.2669903039932251,0.05494505539536476,0.015101510100066662
YOR085W,YLR431C,0,-0.13842994,0.26570048928260803,0.05494505539536476,0.015201520174741745
YLR141W,YJR001W,0,-0.13932514,0.26442307233810425,0.05494505539536476,0.015301530249416828
YGL026C,YFL002W-A,0,-0.13936636,0.2631579041481018,0.05494505539536476,0.015401540324091911
YGR287C,YHR204W,1,-0.14119002,0.2666666805744171,0.0559440553188324,0.015401540324091911
YHR143W,YIL172C,1,-0.14270326,0.27014216780662537,0.056943055242300034,0.015401540324091911
YIL172C,YHR204W,1,-0.14291656,0.27358490228652954,0.05794205889105797,0.015401540324091911
YJR095W,YLR372W,0,-0.14325002,0.27230048179626465,0.05794205889105797,0.015501550398766994
YPR184W,YHR204W,1,-0.14343968,0.2757009267807007,0.058941058814525604,0.015501550398766994
YBR120C,YLR100W,0,-0.1441133,0.27441859245300293,0.058941058814525604,0.015601560473442078
YDR206W,YPL276W,0,-0.14570588,0.27314814925193787,0.058941058814525604,0.015701569616794586
YMR170C,YER055C,0,-0.1460565,0.2718893885612488,0.058941058814525604,0.015801580622792244
YPR020W,YPR103W,0,-0.14950404,0.2706421911716461,0.058941058814525604,0.015901589766144753
YPR159W,YOL155C,1,-0.14968866,0.27397260069847107,0.05994005873799324,0.015901589766144753
YAL033W,YDR197W,0,-0.15135214,0.27272728085517883,0.05994005873799324,0.01600160077214241
YKL004W,YGR220C,0,-0.15573782,0.27149322628974915,0.05994005873799324,0.01610160991549492
YGR282C,YGR292W,1,-0.15604395,0.2747747600078583,0.060939062386751175,0.01610160991549492
YJR010C-A,YNL217W,0,-0.15625292,0.2735426127910614,0.060939062386751175,0.016201620921492577
YOL155C,YGR292W,1,-0.15666224,0.2767857015132904,0.06193806231021881,0.016201620921492577
YML091C,YOL031C,0,-0.15671769,0.2755555510520935,0.06193806231021881,0.016301630064845085
YER018C,YML008C,0,-0.15776688,0.2743362784385681,0.06193806231021881,0.016401641070842743
YOR190W,YOL155C,1,-0.15803286,0.27753305435180664,0.06293706595897675,0.016401641070842743
YEL040W,YIL172C,1,-0.15814185,0.28070175647735596,0.06393606215715408,0.016401641070842743
YIL155C,YGL014W,0,-0.1584805,0.27947598695755005,0.06393606215715408,0.01650165021419525
YGR088W,YDL195W,0,-0.15914063,0.27826085686683655,0.06393606215715408,0.01660165935754776
YJR051W,YHR089C,0,-0.15931128,0.2770562767982483,0.06393606215715408,0.016701670363545418
YDL055C,YGR023W,0,-0.15983629,0.27586206793785095,0.06393606215715408,0.016801679506897926
YNL117W,YEL040W,0,-0.15996236,0.274678111076355,0.06393606215715408,0.016901690512895584
YBL092W,YLR207W,0,-0.16068128,0.2735042870044708,0.06393606215715408,0.017001699656248093
YBR044C,YMR217W,0,-0.16201735,0.27234041690826416,0.06393606215715408,0.01710171066224575
YJL216C,YNL066W,1,-0.16350287,0.27542373538017273,0.06493506580591202,0.01710171066224575
YLR285W,YER004W,0,-0.16378,0.27426159381866455,0.06493506580591202,0.01720171980559826
YGR281W,YOL101C,0,-0.164408,0.2731092572212219,0.06493506580591202,0.017301730811595917
YBR084W,YLR164W,0,-0.16484624,0.27196651697158813,0.06493506580591202,0.017401739954948425
YBR159W,YCL075W,0,-0.16634235,0.2708333432674408,0.06493506580591202,0.017501750960946083
YML058W,YLR364W,0,-0.16663758,0.2697095572948456,0.06493506580591202,0.01760176010429859
YMR150C,YJR161C,0,-0.1666835,0.26859503984451294,0.06493506580591202,0.0177017692476511
YOL058W,YDR170W-A,0,-0.16758287,0.2674897015094757,0.06493506580591202,0.017801780253648758
YOL155C,YDR261C,1,-0.16767505,0.2704918086528778,0.06593406945466995,0.017801780253648758
YPR048W,YNL093W,0,-0.1677221,0.26938775181770325,0.06593406945466995,0.017901789397001266
YBL092W,YDL181W,0,-0.16816977,0.26829269528388977,0.06593406945466995,0.018001800402998924
YPR159W,YDR001C,1,-0.16960174,0.2712550461292267,0.06693306565284729,0.018001800402998924
YDR261C,YOL157C,1,-0.16986275,0.27419355511665344,0.06793206930160522,0.018001800402998924
YMR211W,YKL100C,0,-0.17042848,0.2730923593044281,0.06793206930160522,0.018101809546351433
YHR160C,YPR159W,0,-0.17043778,0.2720000147819519,0.06793206930160522,0.01820182055234909
YGL040C,YOR116C,0,-0.17106467,0.2709163427352905,0.06793206930160522,0.0183018296957016
YGL027C,YGR143W,1,-0.17119573,0.2738095223903656,0.06893106549978256,0.0183018296957016
YOL080C,YBR299W,0,-0.17122978,0.27272728085517883,0.06893106549978256,0.018401840701699257
YGR229C,YJL106W,0,-0.17193058,0.27165353298187256,0.06893106549978256,0.018501849845051765
YJR153W,YBR229C,1,-0.17202051,0.27450981736183167,0.0699300691485405,0.018501849845051765
YMR305C,YBR056W,1,-0.17230827,0.27734375,0.07092907279729843,0.018501849845051765
YCR048W,YDR166C,0,-0.17254353,0.27626457810401917,0.07092907279729843,0.018601860851049423
YPL275W,YOL136C,0,-0.17275909,0.27519381046295166,0.07092907279729843,0.018701869994401932
YLR314C,YNL148C,0,-0.17453343,0.27413126826286316,0.07092907279729843,0.01880188100039959
YDR202C,YDR461W,0,-0.17520699,0.2730769217014313,0.07092907279729843,0.018901890143752098
YHR160C,YBR283C,0,-0.17575312,0.27203065156936646,0.07092907279729843,0.019001899287104607
YCL069W,YIL091C,0,-0.17591856,0.27099236845970154,0.07092907279729843,0.019101910293102264
YDR254W,YOR306C,0,-0.17603654,0.26996198296546936,0.07092907279729843,0.019201919436454773
YDR018C,YGR090W,0,-0.17633241,0.26893940567970276,0.07092907279729843,0.01930193044245243
YGR006W,YGL225W,0,-0.17692801,0.2679245173931122,0.07092907279729843,0.01940193958580494
YGR277C,YDR497C,0,-0.17840704,0.26691728830337524,0.07092907279729843,0.019501950591802597
YDR342C,YML104C,0,-0.17883685,0.2659175992012024,0.07092907279729843,0.019601959735155106
YOR375C,YLR298C,0,-0.17911029,0.26492536067962646,0.07092907279729843,0.019701970741152763
YOR361C,YIL160C,0,-0.17930448,0.2639405131340027,0.07092907279729843,0.019801979884505272
YGL256W,YKL170W,0,-0.17938283,0.2629629671573639,0.07092907279729843,0.01990199089050293
YFR006W,YDL067C,0,-0.18038127,0.2619926333427429,0.07092907279729843,0.020002000033855438
YPL186C,YER131W,0,-0.18168965,0.2610294222831726,0.07092907279729843,0.020102011039853096
YGL175C,YIL133C,0,-0.18174553,0.2600732743740082,0.07092907279729843,0.020202020183205605
YKL085W,YBR041W,0,-0.18362063,0.25912410020828247,0.07092907279729843,0.020302029326558113
YGL224C,YIL097W,0,-0.18411332,0.2581818103790283,0.07092907279729843,0.02040204033255577
YKL004W,YBR058C,0,-0.18437158,0.25724637508392334,0.07092907279729843,0.02050204947590828
YDR221W,YLR300W,1,-0.18509105,0.25992780923843384,0.07192806899547577,0.02050204947590828
YDL245C,YMR278W,0,-0.18643886,0.2589927911758423,0.07192806899547577,0.020602060481905937
YJL164C,YNL067W,0,-0.18700513,0.25806450843811035,0.07192806899547577,0.020702069625258446
YJR078W,YGL232W,0,-0.18708953,0.2571428716182709,0.07192806899547577,0.020802080631256104
YJL216C,YML021C,1,-0.1871995,0.2597864866256714,0.0729270726442337,0.020802080631256104
YBR009C,YJR070C,0,-0.18722904,0.25886523723602295,0.0729270726442337,0.020902089774608612
YGL224C,YMR006C,0,-0.18733111,0.2579505443572998,0.0729270726442337,0.02100210078060627
YOR190W,YKL046C,1,-0.1875326,0.26056337356567383,0.07392607629299164,0.02100210078060627
YAL031C,YHL047C,0,-0.18760264,0.2596491277217865,0.07392607629299164,0.02110210992395878
YHR143W,YBR001C,1,-0.18845025,0.2622377574443817,0.07492507249116898,0.02110210992395878
YGR292W,YLR300W,1,-0.18853188,0.2648083567619324,0.07592407613992691,0.02110210992395878
YHR128W,YGR220C,0,-0.18875217,0.2638888955116272,0.07592407613992691,0.021202120929956436
YLR144C,YEL011W,1,-0.18906988,0.26643598079681396,0.07692307978868484,0.021202120929956436
YKR057W,YGL068W,0,-0.18925348,0.2655172348022461,0.07692307978868484,0.021302130073308945
YDR237W,YBR093C,0,-0.18959561,0.2646048069000244,0.07692307978868484,0.021402141079306602
YGR282C,YPR184W,1,-0.18995939,0.267123281955719,0.07792207598686218,0.021402141079306602
YPR160W,YBR187W,0,-0.19113585,0.266211599111557,0.07792207598686218,0.02150215022265911
YJR033C,YDR033W,0,-0.19149503,0.26530611515045166,0.07792207598686218,0.02160215936601162
YKL109W,YHR046C,0,-0.19199169,0.2644067704677582,0.07792207598686218,0.021702170372009277
YGR282C,YIR007W,1,-0.19361581,0.2668918967247009,0.07892107963562012,0.021702170372009277
YLL032C,YDR294C,0,-0.19377667,0.26599326729774475,0.07892107963562012,0.021802179515361786
YOR168W,YLL062C,0,-0.19409251,0.2651006579399109,0.07892107963562012,0.021902190521359444
YPR054W,YLR368W,0,-0.19421777,0.26421403884887695,0.07892107963562012,0.022002199664711952
YOR151C,YMR204C,0,-0.19422403,0.2633333206176758,0.07892107963562012,0.02210221067070961
YOR326W,YNR060W,0,-0.19458841,0.262458473443985,0.07892107963562012,0.02220221981406212
YPR159W,YEL011W,1,-0.19485882,0.26490065455436707,0.07992008328437805,0.02220221981406212
YCR012W,YML040W,0,-0.1952366,0.264026403427124,0.07992008328437805,0.022302230820059776
YIR038C,YKL211C,0,-0.19660404,0.2631579041481018,0.07992008328437805,0.022402239963412285
YHR140W,YIL114C,0,-0.19661325,0.26229506731033325,0.07992008328437805,0.022502250969409943
YJL216C,YNR067C,1,-0.19715428,0.2647058963775635,0.08091907948255539,0.022502250969409943
YPL211W,YBR273C,0,-0.19730216,0.2638436555862427,0.08091907948255539,0.02260226011276245
YDR488C,YNL027W,0,-0.19730327,0.26298701763153076,0.08091907948255539,0.02270227111876011
YJL221C,YLR057W,1,-0.19736385,0.2653721570968628,0.08191808313131332,0.02270227111876011
YOR190W,YLR057W,1,-0.19754997,0.26774194836616516,0.08291707932949066,0.02270227111876011
YFL052W,YJL073W,0,-0.19768128,0.2668810188770294,0.08291707932949066,0.022802280262112617
YDR231C,YBR009C,0,-0.19935122,0.2660256326198578,0.08291707932949066,0.022902289405465126
YLR129W,YPL186C,0,-0.19954184,0.2651757299900055,0.08291707932949066,0.023002300411462784
YPR159W,YOL157C,1,-0.20117727,0.2675159275531769,0.0839160829782486,0.023002300411462784
YDL095W,YPL181W,0,-0.20128438,0.2666666805744171,0.0839160829782486,0.023102309554815292
YDR001C,YJL221C,1,-0.2013301,0.2689873278141022,0.08491508662700653,0.023102309554815292
YOR099W,YJL112W,0,-0.20156553,0.2681387960910797,0.08491508662700653,0.02320232056081295
YKL065C,YNL162W,0,-0.20225483,0.26729559898376465,0.08491508662700653,0.02330232970416546
YGR189C,YIL172C,1,-0.20277265,0.2695924639701843,0.08591408282518387,0.02330232970416546
YMR086W,YJR026W,0,-0.20391606,0.26875001192092896,0.08591408282518387,0.023402340710163116
YDR062W,YGR144W,0,-0.20412382,0.26791277527809143,0.08591408282518387,0.023502349853515625
YDL079C,YCR002C,0,-0.20468462,0.26708075404167175,0.08591408282518387,0.023602360859513283
YML063W,YBR258C,0,-0.2048282,0.26625385880470276,0.08591408282518387,0.02370237000286579
YGR216C,YGR059W,0,-0.20489912,0.26543208956718445,0.08591408282518387,0.02380238100886345
YCR020W-B,YGL095C,0,-0.20551759,0.26461538672447205,0.08591408282518387,0.023902390152215958
YBR302C,YLR029C,0,-0.20640564,0.2638036906719208,0.08591408282518387,0.024002401158213615
YLR040C,YKL198C,0,-0.20803481,0.26299694180488586,0.08591408282518387,0.024102410301566124
YDR288W,YJR047C,0,-0.2082502,0.2621951103210449,0.08591408282518387,0.024202419444918633
YDL052C,YIR018W,0,-0.20900103,0.26139816641807556,0.08591408282518387,0.02430243045091629
YDR141C,YPR082C,0,-0.20933917,0.260606050491333,0.08591408282518387,0.0244024395942688
YOL155C,YIL172C,1,-0.21024987,0.2628398835659027,0.0869130864739418,0.0244024395942688
YNL049C,YLR174W,0,-0.21062139,0.2620481848716736,0.0869130864739418,0.024502450600266457
YGR029W,YDR523C,0,-0.21165037,0.2612612545490265,0.0869130864739418,0.024602459743618965
YMR238W,YIL172C,1,-0.21175158,0.2634730637073517,0.08791209012269974,0.024602459743618965
YKL184W,YDR247W,0,-0.2126922,0.2626865804195404,0.08791209012269974,0.024702470749616623
YGL222C,YDR519W,0,-0.21315378,0.261904776096344,0.08791209012269974,0.02480247989296913
YDR077W,YIL063C,0,-0.21337005,0.2611275911331177,0.08791209012269974,0.02490249089896679
YNL152W,YNL213C,0,-0.21365428,0.26035502552986145,0.08791209012269974,0.025002500042319298
YGR279C,YPR184W,1,-0.21415052,0.262536883354187,0.08891108632087708,0.025002500042319298
YKL171W,YLR357W,0,-0.21418566,0.2617647051811218,0.08891108632087708,0.025102511048316956
YMR247C,YBR152W,0,-0.21461865,0.26099705696105957,0.08891108632087708,0.025202520191669464
YGL253W,YDR529C,0,-0.21464357,0.26023390889167786,0.08891108632087708,0.025302529335021973
YDL222C,YJR139C,0,-0.21475315,0.2594752311706543,0.08891108632087708,0.02540254034101963
YGL012W,YHR136C,0,-0.21619228,0.25872093439102173,0.08891108632087708,0.02550254948437214
YPR159W,YBR001C,1,-0.2164523,0.260869562625885,0.08991008996963501,0.02550254948437214
YNL327W,YPR184W,1,-0.21701825,0.263005793094635,0.09090909361839294,0.02550254948437214
YJL028W,YOR143C,0,-0.2170625,0.26224783062934875,0.09090909361839294,0.025602560490369797
YBR103W,YER074W,0,-0.21716505,0.2614942491054535,0.09090909361839294,0.025702569633722305
YNR001C,YDR155C,0,-0.21742809,0.26074498891830444,0.09090909361839294,0.025802580639719963
YKL220C,YLR192C,0,-0.21802801,0.25999999046325684,0.09090909361839294,0.02590258978307247
YGR189C,YOL157C,1,-0.21958694,0.2621082663536072,0.09190808981657028,0.02590258978307247
YJL034W,YNR056C,0,-0.21964717,0.2613636255264282,0.09190808981657028,0.02600260078907013
YPL230W,YGL245W,0,-0.22067502,0.2606232166290283,0.09190808981657028,0.026102609932422638
YDL127W,YJL066C,0,-0.2207849,0.2598870098590851,0.09190808981657028,0.026202620938420296
YHL033C,YDR307W,0,-0.22100484,0.25915491580963135,0.09190808981657028,0.026302630081772804
YMR142C,YLR233C,0,-0.22208264,0.2584269642829895,0.09190808981657028,0.026402641087770462
YMR305C,YOL157C,1,-0.22258905,0.26050421595573425,0.09290709346532822,0.026402641087770462
YGR034W,YMR160W,0,-0.22294277,0.2597765326499939,0.09290709346532822,0.02650265023112297
YMR145C,YEL058W,0,-0.22312811,0.25905293226242065,0.09290709346532822,0.02660265937447548
YNL066W,YOL157C,1,-0.22356957,0.2611111104488373,0.09390609711408615,0.02660265937447548
YDL133C-A,YBR037C,0,-0.22385335,0.2603878080844879,0.09390609711408615,0.026702670380473137
YBR299W,YIL099W,1,-0.22392827,0.26243093609809875,0.09490509331226349,0.026702670380473137
YHR002W,YNR003C,0,-0.2240276,0.26170799136161804,0.09490509331226349,0.026802679523825645
YPR201W,YJR016C,0,-0.22484958,0.2609890103340149,0.09490509331226349,0.026902690529823303
YER086W,YPL121C,0,-0.22516558,0.2602739632129669,0.09490509331226349,0.027002699673175812
YHR070W,YAR027W,0,-0.22529534,0.2595628499984741,0.09490509331226349,0.02710271067917347
YCR010C,YPL220W,0,-0.22550744,0.25885558128356934,0.09490509331226349,0.027202719822525978
YLL005C,YMR088C,0,-0.22603527,0.25815218687057495,0.09490509331226349,0.027302730828523636
YOR174W,YBR097W,0,-0.22614643,0.2574525773525238,0.09490509331226349,0.027402739971876144
YLR342W,YPL200W,0,-0.22616097,0.2567567527294159,0.09490509331226349,0.027502750977873802
YML060W,YGR292W,1,-0.22649941,0.25876009464263916,0.09590409696102142,0.027502750977873802
YGR225W,YNL090W,0,-0.22674847,0.25806450843811035,0.09590409696102142,0.02760276012122631
YNL107W,YPR137W,0,-0.22683236,0.25737264752388,0.09590409696102142,0.02770277112722397
YKR101W,YBR012W-B,0,-0.22732738,0.25668448209762573,0.09590409696102142,0.027802780270576477
YLR157C,YLR332W,0,-0.22735557,0.25600001215934753,0.09590409696102142,0.027902789413928986
YOL058W,YIL126W,0,-0.22856843,0.25531914830207825,0.09590409696102142,0.028002800419926643
YOR197W,YJL166W,0,-0.22866383,0.25464192032814026,0.09590409696102142,0.028102809563279152
YBR056W,YLL004W,0,-0.22919881,0.2539682686328888,0.09590409696102142,0.02820282056927681
YPR080W,YPL186C,0,-0.22924566,0.25329816341400146,0.09590409696102142,0.028302829712629318
YJR063W,YLR205C,0,-0.22930986,0.2526315748691559,0.09590409696102142,0.028402840718626976
YML026C,YDL214C,0,-0.22959405,0.25196850299835205,0.09590409696102142,0.028502849861979485
YLR286C,YIL172C,1,-0.23007363,0.25392669439315796,0.09690310060977936,0.028502849861979485
YNL106C,YDR520C,0,-0.23101938,0.2532637119293213,0.09690310060977936,0.028602860867977142
YJL030W,YBR039W,0,-0.23104534,0.2526041567325592,0.09690310060977936,0.02870287001132965
YPR187W,YLR356W,0,-0.23116088,0.2519480586051941,0.09690310060977936,0.02880288101732731
YCR033W,YFR041C,0,-0.23164862,0.2512953281402588,0.09690310060977936,0.028902890160679817
YMR267W,YOR315W,0,-0.23212439,0.2506459951400757,0.09690310060977936,0.029002901166677475
YNL264C,YDL047W,0,-0.23390287,0.25,0.09690310060977936,0.029102910310029984
YBR253W,YPL079W,0,-0.23404282,0.24935732781887054,0.09690310060977936,0.029202919453382492
YGR143W,YLR300W,1,-0.23427027,0.25128206610679626,0.0979020968079567,0.029202919453382492
YMR143W,YLR142W,0,-0.23433617,0.2506393790245056,0.0979020968079567,0.02930293045938015
YMR305C,YIL172C,1,-0.2355158,0.25255101919174194,0.09890110045671463,0.02930293045938015
YEL069C,YDL095W,0,-0.23640746,0.25190839171409607,0.09890110045671463,0.02940293960273266
YLR270W,YGR123C,0,-0.2368815,0.25126904249191284,0.09890110045671463,0.029502950608730316
YAR035W,YLR244C,0,-0.23695683,0.2506329119205475,0.09890110045671463,0.029602959752082825
YLR013W,YCR002C,0,-0.23701873,0.25,0.09890110045671463,0.029702970758080482
YBR236C,YBR186W,0,-0.23766705,0.249370276927948,0.09890110045671463,0.02980297990143299
YGL168W,YMR115W,0,-0.23778504,0.2487437129020691,0.09890110045671463,0.02990299090743065
YBR009C,YDR447C,0,-0.23784792,0.24812030792236328,0.09890110045671463,0.030003000050783157
YIL047C,YJR133W,0,-0.23822877,0.2475000023841858,0.09890110045671463,0.030103011056780815
YDL142C,YHR026W,0,-0.23851061,0.24688279628753662,0.09890110045671463,0.030203020200133324
YDR226W,YKL100C,0,-0.23857772,0.24626865983009338,0.09890110045671463,0.03030303120613098
YPL202C,YMR145C,0,-0.23903355,0.2456575632095337,0.09890110045671463,0.03040304034948349
YNR069C,YHL033C,0,-0.23972589,0.24504950642585754,0.09890110045671463,0.030503049492836
YJR077C,YIL109C,0,-0.24134946,0.24444444477558136,0.09890110045671463,0.030603060498833656
YLR186W,YPL124W,0,-0.24142039,0.24384236335754395,0.09890110045671463,0.030703069642186165
YEL040W,YGR287C,1,-0.24342737,0.24570024013519287,0.09990009665489197,0.030703069642186165
YPR023C,YGR105W,0,-0.24346983,0.2450980395078659,0.09990009665489197,0.030803080648183823
YMR038C,YPL223C,0,-0.24371827,0.24449877440929413,0.09990009665489197,0.03090308979153633
YGR282C,YEL011W,1,-0.24380937,0.24634146690368652,0.1008991003036499,0.03090308979153633
YDL058W,YGL166W,0,-0.24414298,0.2457420974969864,0.1008991003036499,0.03100310079753399
YHR143W,YOL155C,1,-0.24458393,0.24757280945777893,0.10189810395240784,0.03100310079753399
YNL309W,YJL149W,0,-0.24465817,0.24697336554527283,0.10189810395240784,0.031103109940886497
YGR189C,YGR143W,1,-0.24498111,0.24879227578639984,0.10289710015058517,0.031103109940886497
YHL027W,YML110C,0,-0.24537593,0.24819277226924896,0.10289710015058517,0.031203120946884155
YLR100W,YDL054C,0,-0.24541354,0.2475961595773697,0.10289710015058517,0.031303130090236664
YPL276W,YBL079W,0,-0.24554905,0.24700239300727844,0.10289710015058517,0.03140313923358917
YFL016C,YKR042W,0,-0.24587902,0.2464114874601364,0.10289710015058517,0.03150315210223198
YIL070C,YNL210W,0,-0.24664316,0.24582338333129883,0.10289710015058517,0.03160316124558449
YBR229C,YIL172C,1,-0.24698654,0.24761904776096344,0.10389610379934311,0.03160316124558449
YEL040W,YGR282C,1,-0.2472246,0.24940617382526398,0.10489510744810104,0.03160316124558449
YOR214C,YLR450W,0,-0.24749678,0.2488151639699936,0.10489510744810104,0.031703170388936996
YKL046C,YOL155C,1,-0.24787307,0.2505910098552704,0.10589410364627838,0.031703170388936996
YGL169W,YCL040W,0,-0.24794051,0.25,0.10589410364627838,0.031803179532289505
YEL011W,YHR204W,1,-0.24803919,0.251764714717865,0.10689310729503632,0.031803179532289505
YKL109W,YNL166C,0,-0.24818277,0.2511737048625946,0.10689310729503632,0.031903188675642014
YDL024C,YJL060W,0,-0.248597,0.2505854666233063,0.10689310729503632,0.03200320154428482
YNL327W,YOL155C,1,-0.24882522,0.25233644247055054,0.10789211094379425,0.03200320154428482
YIL162W,YOL155C,1,-0.2490136,0.25407925248146057,0.10889110714197159,0.03200320154428482
YDL021W,YDR302W,0,-0.24902284,0.25348836183547974,0.10889110714197159,0.03210321068763733
YMR305C,YIR007W,1,-0.24919975,0.2552204132080078,0.10989011079072952,0.03210321068763733
YOL103W,YHL047C,0,-0.24972513,0.25462964177131653,0.10989011079072952,0.03220321983098984
YPR026W,YDR261C,1,-0.25054243,0.2563510537147522,0.11088911443948746,0.03220321983098984
YHR042W,YLR308W,0,-0.25099197,0.2557603716850281,0.11088911443948746,0.032303228974342346
YDL143W,YOR339C,0,-0.25122145,0.25517240166664124,0.11088911443948746,0.03240324184298515
YIL162W,YHR143W,1,-0.25164348,0.2568807303905487,0.1118881106376648,0.03240324184298515
YER099C,YLR278C,0,-0.2516902,0.2562929093837738,0.1118881106376648,0.03250325098633766
YKL182W,YLR158C,0,-0.25210205,0.2557077705860138,0.1118881106376648,0.03260326012969017
YMR311C,YOR209C,0,-0.25211716,0.2551252841949463,0.1118881106376648,0.03270326927304268
YHR070W,YDR329C,0,-0.25240147,0.2545454502105713,0.1118881106376648,0.032803282141685486
YOL141W,YOR128C,0,-0.25243884,0.2539682686328888,0.1118881106376648,0.032903291285037994
YIL090W,YGR059W,0,-0.2524499,0.25339367985725403,0.1118881106376648,0.0330033004283905
YJL056C,YFL018C,0,-0.25254473,0.252821683883667,0.1118881106376648,0.03310330957174301
YGR085C,YER190W,0,-0.2526145,0.2522522509098053,0.1118881106376648,0.03320331871509552
YPR026W,YDR400W,1,-0.252867,0.2539325952529907,0.11288711428642273,0.03320331871509552
YDL202W,YKR081C,0,-0.25309065,0.2533632218837738,0.11288711428642273,0.03330333158373833
YJL123C,YDR297W,0,-0.25400153,0.2527964115142822,0.11288711428642273,0.033403340727090836
YOR214C,YKL184W,0,-0.2543919,0.2522321343421936,0.11288711428642273,0.033503349870443344
YNL283C,YPR083W,0,-0.25439513,0.25167039036750793,0.11288711428642273,0.03360335901379585
YDL004W,YPL038W,0,-0.25499007,0.25111111998558044,0.11288711428642273,0.03370337188243866
YAL003W,YNL242W,0,-0.25530374,0.25055432319641113,0.11288711428642273,0.03380338102579117
YLR163C,YOL086C,0,-0.2554738,0.25,0.11288711428642273,0.03390339016914368
YDR454C,YPL124W,0,-0.2555786,0.24944812059402466,0.11288711428642273,0.034003399312496185
YGR143W,YDR400W,1,-0.25620645,0.2511013150215149,0.11388611048460007,0.034003399312496185
YPR026W,YML021C,1,-0.25647464,0.2527472674846649,0.114885114133358,0.034003399312496185
YJR002W,YER053C,0,-0.25668,0.25219297409057617,0.114885114133358,0.03410341218113899
YGR155W,YDR534C,0,-0.2569635,0.2516411244869232,0.114885114133358,0.0342034213244915
YIL101C,YFR055W,0,-0.25726795,0.25109168887138367,0.114885114133358,0.03430343046784401
YER073W,YDL114W,0,-0.25751838,0.2505446672439575,0.114885114133358,0.03440343961119652
YDL210W,YCL047C,0,-0.25820976,0.25,0.114885114133358,0.034503448754549026
YJR131W,YNR067C,1,-0.25887695,0.2516269087791443,0.11588411778211594,0.034503448754549026
YCL019W,YMR280C,0,-0.25945547,0.25108224153518677,0.11588411778211594,0.034603461623191833
YJR137C,YDR033W,0,-0.25952092,0.25053995847702026,0.11588411778211594,0.03470347076654434
YOR310C,YDR486C,0,-0.2598769,0.25,0.11588411778211594,0.03480347990989685
YBR241C,YFL002C,0,-0.26008573,0.24946236610412598,0.11588411778211594,0.03490348905324936
YDR371W,YOL157C,1,-0.26010334,0.2510729730129242,0.11688311398029327,0.03490348905324936
YJL048C,YOL030W,0,-0.26043946,0.25053533911705017,0.11688311398029327,0.035003501921892166
YML007W,YGL032C,0,-0.26112333,0.25,0.11688311398029327,0.035103511065244675
YOL092W,YNL134C,0,-0.26117128,0.24946695566177368,0.11688311398029327,0.03520352020859718
YBR001C,YKL046C,1,-0.2612363,0.25106382369995117,0.11788211762905121,0.03520352020859718
YJR112W,YOL111C,0,-0.26267365,0.25053077936172485,0.11788211762905121,0.03530352935194969
YAL015C,YGR189C,1,-0.26268026,0.25211864709854126,0.11888112127780914,0.03530352935194969
YFL055W,YCR028C,0,-0.26313055,0.25158563256263733,0.11888112127780914,0.0354035384953022
YEL040W,YIL099W,1,-0.26322687,0.2531645596027374,0.11988011747598648,0.0354035384953022
YDR421W,YBL002W,0,-0.26380357,0.2526315748691559,0.11988011747598648,0.03550355136394501
YLR449W,YDL079C,0,-0.26389518,0.2521008551120758,0.11988011747598648,0.035603560507297516
YEL040W,YOL157C,1,-0.26429382,0.25366875529289246,0.12087912112474442,0.035603560507297516
YHR174W,YBR207W,0,-0.26463348,0.25313806533813477,0.12087912112474442,0.035703569650650024
YHR160C,YAL040C,0,-0.26544833,0.25260961055755615,0.12087912112474442,0.03580357879400253
YMR284W,YLR047C,0,-0.26593298,0.25208333134651184,0.12087912112474442,0.03590359166264534
YNR050C,YKL161C,0,-0.2661262,0.2515592575073242,0.12087912112474442,0.03600360080599785
YMR238W,YLR213C,1,-0.26709065,0.2531120479106903,0.12187812477350235,0.03600360080599785
YLL011W,YGR008C,0,-0.2671058,0.2525880038738251,0.12187812477350235,0.03610360994935036
YMR022W,YHR056C,0,-0.26724422,0.25206610560417175,0.12187812477350235,0.036203619092702866
YFR042W,YLR395C,0,-0.26728368,0.25154638290405273,0.12187812477350235,0.03630363196134567
YDR245W,YBL090W,0,-0.26754537,0.25102880597114563,0.12187812477350235,0.03640364110469818
YKL152C,YIR032C,0,-0.26773748,0.25051334500312805,0.12187812477350235,0.03650365024805069
YJR135C,YOL112W,0,-0.2677647,0.25,0.12187812477350235,0.0366036593914032
YOR005C,YHR085W,0,-0.268165,0.24948875606060028,0.12187812477350235,0.03670366853475571
YBL003C,YDL054C,0,-0.26858896,0.2489795982837677,0.12187812477350235,0.036803681403398514
YMR289W,YKR046C,0,-0.26926726,0.24847251176834106,0.12187812477350235,0.03690369054675102
YHR179W,YMR025W,0,-0.26945245,0.24796748161315918,0.12187812477350235,0.03700369969010353
YEL069C,YHR172W,0,-0.27028316,0.24746450781822205,0.12187812477350235,0.03710370883345604
YBL091C-A,YJL130C,0,-0.27030665,0.24696356058120728,0.12187812477350235,0.037203721702098846
YMR260C,YLR158C,0,-0.27037495,0.24646463990211487,0.12187812477350235,0.037303730845451355
YHR196W,YDR177W,0,-0.2704461,0.24596774578094482,0.12187812477350235,0.037403739988803864
YBL064C,YNL280C,0,-0.27101082,0.24547283351421356,0.12187812477350235,0.03750374913215637
YML060W,YJL216C,1,-0.27143553,0.2469879537820816,0.12287712097167969,0.03750374913215637
YER124C,YPL181W,0,-0.271612,0.24649298191070557,0.12287712097167969,0.03760376200079918
YNL206C,YGL245W,0,-0.2716331,0.2460000067949295,0.12287712097167969,0.03770377114415169
YNR004W,YOR182C,0,-0.27252254,0.24550898373126984,0.12287712097167969,0.037803780287504196
YDL245C,YDR101C,0,-0.27255535,0.24501992762088776,0.12287712097167969,0.037903789430856705
YJL221C,YPR184W,1,-0.27284238,0.24652087688446045,0.12387612462043762,0.037903789430856705
YML091C,YDL040C,0,-0.2729046,0.2460317462682724,0.12387612462043762,0.03800379857420921
YGL031C,YBL002W,0,-0.27294523,0.24554455280303955,0.12387612462043762,0.03810381144285202
YNL309W,YJR101W,0,-0.2731165,0.2450592815876007,0.12387612462043762,0.03820382058620453
YPL081W,YKL100C,0,-0.2742146,0.24457593262195587,0.12387612462043762,0.03830382972955704
YPR184W,YML021C,1,-0.2746026,0.2460629940032959,0.12487512826919556,0.03830382972955704
YPL170W,YMR288W,0,-0.27477056,0.2455795705318451,0.12487512826919556,0.038403838872909546
YIL010W,YNL268W,0,-0.27547923,0.2450980395078659,0.12487512826919556,0.03850385174155235
YJL063C,YGL135W,0,-0.2755034,0.24461840093135834,0.12487512826919556,0.03860386088490486
YPL069C,YFR036W,0,-0.2755679,0.244140625,0.12487512826919556,0.03870387002825737
YOR003W,YIL133C,0,-0.2759305,0.2436647117137909,0.12487512826919556,0.03880387917160988
YJL221C,YNL066W,1,-0.27614346,0.24513618648052216,0.1258741319179535,0.03880387917160988
YGL028C,YPR184W,1,-0.27701956,0.24660193920135498,0.12687312066555023,0.03880387917160988
YGL170C,YDR180W,0,-0.27757964,0.2461240291595459,0.12687312066555023,0.038903892040252686
YOL119C,YKR030W,0,-0.2779536,0.24564796686172485,0.12687312066555023,0.039003901183605194
YBL003C,YCL040W,0,-0.27845696,0.24517375230789185,0.12687312066555023,0.0391039103269577
YKL064W,YDR450W,0,-0.27918148,0.2447013556957245,0.12687312066555023,0.03920391947031021
YHR178W,YIL145C,0,-0.27964863,0.24423076212406158,0.12687312066555023,0.03930392861366272
YHL027W,YMR029C,0,-0.2796499,0.24376200139522552,0.12687312066555023,0.03940394148230553
YDR465C,YOR022C,0,-0.27975476,0.24329501390457153,0.12687312066555023,0.039503950625658035
YER050C,YBL093C,0,-0.27977532,0.242829829454422,0.12687312066555023,0.039603959769010544
YLR119W,YLR197W,0,-0.27981713,0.24236641824245453,0.12687312066555023,0.03970396891236305
YAL015C,YNL066W,1,-0.28045648,0.2438095211982727,0.12787212431430817,0.03970396891236305
YOR347C,YER008C,0,-0.28244388,0.24334600567817688,0.12787212431430817,0.03980398178100586
YJL221C,YML021C,1,-0.2825359,0.24478177726268768,0.1288711279630661,0.03980398178100586
YIL099W,YMR305C,1,-0.28374383,0.24621212482452393,0.12987013161182404,0.03980398178100586
YGR287C,YMR305C,1,-0.28375852,0.2476370483636856,0.13086913526058197,0.03980398178100586
YOL038W,YFR018C,0,-0.28412023,0.24716980755329132,0.13086913526058197,0.03990399092435837
YOR190W,YMR305C,1,-0.28463936,0.24858756363391876,0.1318681389093399,0.03990399092435837
YKL027W,YBR083W,0,-0.28519413,0.24812030792236328,0.1318681389093399,0.040004000067710876
YDL184C,YGR013W,0,-0.2853052,0.2476547807455063,0.1318681389093399,0.040104009211063385
YLR213C,YML021C,1,-0.2853088,0.2490636706352234,0.13286712765693665,0.040104009211063385
YJR147W,YHR058C,0,-0.28544962,0.2485981285572052,0.13286712765693665,0.04020402207970619
YPL048W,YER115C,0,-0.2858509,0.2481343299150467,0.13286712765693665,0.0403040312230587
YNL138W,YDR242W,0,-0.2859087,0.24767225980758667,0.13286712765693665,0.04040404036641121
YLR229C,YBR150C,0,-0.28593695,0.24721190333366394,0.13286712765693665,0.04050404950976372
YEL004W,YMR117C,0,-0.28652173,0.2467532455921173,0.13286712765693665,0.040604058653116226
YPR020W,YKL165C,0,-0.28752902,0.24629630148410797,0.13286712765693665,0.04070407152175903
YGL028C,YOL157C,1,-0.28789988,0.24768947064876556,0.13386613130569458,0.04070407152175903
YIL162W,YNR067C,1,-0.2884356,0.24907748401165009,0.13486513495445251,0.04070407152175903
YKL201C,YGR191W,0,-0.2891104,0.24861878156661987,0.13486513495445251,0.04080408066511154
YGR199W,YPR030W,0,-0.2894336,0.24816176295280457,0.13486513495445251,0.04090408980846405
YDR064W,YER054C,0,-0.28945476,0.24770642817020416,0.13486513495445251,0.04100409895181656
YAL034W-A,YOL010W,0,-0.2895411,0.24725274741649628,0.13486513495445251,0.041104111820459366
YPR011C,YAL020C,0,-0.2900813,0.2468007355928421,0.13486513495445251,0.041204120963811874
YMR044W,YPL093W,0,-0.29033226,0.24635036289691925,0.13486513495445251,0.04130413010716438
YGR189C,YDR371W,1,-0.2903988,0.24772313237190247,0.13586413860321045,0.04130413010716438
YOR391C,YBL069W,0,-0.29069418,0.24727272987365723,0.13586413860321045,0.04140413925051689
YOR360C,YIL082W-A,0,-0.29084203,0.24682395160198212,0.13586413860321045,0.0415041521191597
YHR061C,YPL230W,0,-0.29092827,0.24637681245803833,0.13586413860321045,0.04160416126251221
YHR175W,YDR225W,0,-0.29161328,0.24593128263950348,0.13586413860321045,0.041704170405864716
YGL030W,YOR313C,0,-0.2917175,0.24548736214637756,0.13586413860321045,0.041804179549217224
YFR033C,YDR353W,0,-0.2921653,0.24504505097866058,0.13586413860321045,0.04190418869256973
YPL150W,YBR243C,0,-0.29233894,0.24460431933403015,0.13586413860321045,0.04200420156121254
YJL225C,YGL147C,0,-0.29249623,0.24416516721248627,0.13586413860321045,0.04210421070456505
YBR198C,YDL214C,0,-0.2928961,0.24372759461402893,0.13586413860321045,0.04220421984791756
YJL158C,YMR315W,0,-0.29369223,0.24329158663749695,0.13586413860321045,0.042304228991270065
YBL113C,YKR094C,0,-0.2939777,0.24285714328289032,0.13586413860321045,0.04240424185991287
YML066C,YGR171C,0,-0.294123,0.24242424964904785,0.13586413860321045,0.04250425100326538
YLR069C,YOR339C,0,-0.2942949,0.24199287593364716,0.13586413860321045,0.04260426014661789
YAL039C,YER001W,0,-0.29440314,0.24156305193901062,0.13586413860321045,0.0427042692899704
YLR077W,YDL036C,0,-0.2946744,0.24113474786281586,0.13586413860321045,0.042804282158613205
YLR380W,YNL325C,0,-0.294736,0.24070796370506287,0.13586413860321045,0.042904291301965714
YLR182W,YIL122W,0,-0.2948097,0.24028268456459045,0.13586413860321045,0.04300430044531822
YBR276C,YNL117W,0,-0.29529986,0.23985891044139862,0.13586413860321045,0.04310430958867073
YDR281C,YLR133W,0,-0.29532617,0.23943662643432617,0.13586413860321045,0.04320431873202324
YEL040W,YOL043C,1,-0.2967411,0.2407732903957367,0.13686314225196838,0.04320431873202324
YJR103W,YDR134C,0,-0.29674402,0.2403508722782135,0.13686314225196838,0.043304331600666046
YPL241C,YGR033C,0,-0.29682994,0.2399299442768097,0.13686314225196838,0.043404340744018555
YJL071W,YER058W,0,-0.29699942,0.23951049149036407,0.13686314225196838,0.04350434988737106
YKL117W,YMR202W,0,-0.2976179,0.23909249901771545,0.13686314225196838,0.04360435903072357
YKR101W,YFR051C,0,-0.2977865,0.23867595195770264,0.13686314225196838,0.04370437189936638
YBR156C,YJL165C,0,-0.29818267,0.23826086521148682,0.13686314225196838,0.04380438104271889
YNL230C,YLR057W,0,-0.29873124,0.2378472238779068,0.13686314225196838,0.043904390186071396
YDR363W,YMR202W,0,-0.29916158,0.2374350130558014,0.13686314225196838,0.044004399329423904
YMR238W,YGR189C,1,-0.29934376,0.23875433206558228,0.13786213099956512,0.044004399329423904
YOR067C,YMR115W,0,-0.29943734,0.23834197223186493,0.13786213099956512,0.04410441219806671
YGL156W,YGR282C,1,-0.29951066,0.23965516686439514,0.13886113464832306,0.04410441219806671
YPL211W,YOR298C-A,0,-0.2995241,0.23924268782138824,0.13886113464832306,0.04420442134141922
YMR238W,YLR300W,1,-0.29958943,0.24054983258247375,0.139860138297081,0.04420442134141922
YHR128W,YLR283W,0,-0.29961494,0.2401372194290161,0.139860138297081,0.04430443048477173
YIL093C,YPL163C,0,-0.3000433,0.2397260218858719,0.139860138297081,0.04440443962812424
YPL246C,YHR140W,0,-0.30024853,0.23931623995304108,0.139860138297081,0.044504448771476746
YMR127C,YML025C,0,-0.30053166,0.2389078438282013,0.139860138297081,0.04460446164011955
YMR169C,YGL225W,0,-0.30057964,0.23850084841251373,0.139860138297081,0.04470447078347206
YGR282C,YOL155C,1,-0.30058712,0.23979592323303223,0.14085914194583893,0.04470447078347206
YAL055W,YBR145W,0,-0.30069277,0.23938879370689392,0.14085914194583893,0.04480447992682457
YMR090W,YDL184C,0,-0.30078816,0.23898304998874664,0.14085914194583893,0.04490448907017708
YHR116W,YPL020C,0,-0.30080208,0.2385786771774292,0.14085914194583893,0.045004501938819885
YOL016C,YBR182C,0,-0.30167586,0.2381756752729416,0.14085914194583893,0.045104511082172394
YHR026W,YCR024C-A,0,-0.30240443,0.23777402937412262,0.14085914194583893,0.0452045202255249
YGR234W,YBR009C,0,-0.30308315,0.2373737394809723,0.14085914194583893,0.04530452936887741
YKR024C,YML042W,0,-0.30328816,0.2369747906923294,0.14085914194583893,0.04540454223752022
YBL020W,YGR247W,0,-0.3034928,0.23657718300819397,0.14085914194583893,0.045504551380872726
YLR308W,YPR144C,0,-0.30354893,0.23618090152740479,0.14085914194583893,0.045604560524225235
YDR038C,YBR072W,0,-0.30386022,0.23578594624996185,0.14085914194583893,0.045704569667577744
YKL120W,YDL104C,0,-0.30425635,0.23539231717586517,0.14085914194583893,0.04580457881093025
YPL016W,YKL171W,0,-0.3042839,0.23499999940395355,0.14085914194583893,0.04590459167957306
YKR067W,YDR410C,0,-0.3043705,0.2346089780330658,0.14085914194583893,0.04600460082292557
YML054C,YPR033C,0,-0.30438918,0.2342192679643631,0.14085914194583893,0.046104609966278076
YPR118W,YMR309C,0,-0.30440223,0.23383083939552307,0.14085914194583893,0.046204619109630585
YLL028W,YLR205C,0,-0.3049288,0.2334437072277069,0.14085914194583893,0.04630463197827339
YOR126C,YDL060W,0,-0.30495727,0.23305785655975342,0.14085914194583893,0.0464046411216259
YDL130W-A,YDL080C,0,-0.30520147,0.2326732724905014,0.14085914194583893,0.04650465026497841
YBL075C,YCR028C,0,-0.30533284,0.23228995501995087,0.14085914194583893,0.04660465940833092
YPL281C,YNL077W,0,-0.30606025,0.2319078892469406,0.14085914194583893,0.046704672276973724
YMR283C,YLR300W,0,-0.3061851,0.23152709007263184,0.14085914194583893,0.04680468142032623
YEL022W,YMR042W,0,-0.30696648,0.23114754259586334,0.14085914194583893,0.04690469056367874
YML124C,YLR419W,0,-0.3072764,0.23076923191547394,0.14085914194583893,0.04700469970703125
YDR046C,YPL027W,0,-0.3074658,0.23039215803146362,0.14085914194583893,0.04710470885038376
YMR086W,YHR032W,0,-0.30763146,0.2300163060426712,0.14085914194583893,0.047204721719026566
YPR160W,YDR326C,0,-0.3077329,0.22964169085025787,0.14085914194583893,0.047304730862379074
YDL024C,YKL034W,0,-0.30784944,0.22926829755306244,0.14085914194583893,0.04740474000573158
YGR292W,YML021C,1,-0.30803087,0.23051947355270386,0.14185814559459686,0.04740474000573158
YLR438C-A,YBR098W,0,-0.30824712,0.2301458716392517,0.14185814559459686,0.04750474914908409
YIR011C,YOR375C,0,-0.3084499,0.22977346181869507,0.14185814559459686,0.0476047620177269
YER087C-B,YOR141C,0,-0.3084945,0.22940225899219513,0.14185814559459686,0.04770477116107941
YDR354W,YPL200W,0,-0.30849746,0.2290322631597519,0.14185814559459686,0.047804780304431915
YAL021C,YFR029W,0,-0.3087745,0.22866344451904297,0.14185814559459686,0.047904789447784424
YGR256W,YBR236C,0,-0.3088427,0.22829581797122955,0.14185814559459686,0.04800480231642723
YNL117W,YDR117C,0,-0.3089257,0.22792936861515045,0.14185814559459686,0.04810481145977974
YGR014W,YNR036C,0,-0.30898082,0.22756409645080566,0.14185814559459686,0.04820482060313225
YNL101W,YNL300W,0,-0.30900776,0.2272000014781952,0.14185814559459686,0.048304829746484756
YOR234C,YER119C,0,-0.30904824,0.22683705389499664,0.14185814559459686,0.048404838889837265
YOL075C,YEL040W,0,-0.3093603,0.2264752835035324,0.14185814559459686,0.04850485175848007
YGR229C,YEL059C-A,0,-0.30938908,0.2261146456003189,0.14185814559459686,0.04860486090183258
YIL114C,YML030W,0,-0.30963773,0.22575516998767853,0.14185814559459686,0.04870487004518509
YPL147W,YBR004C,0,-0.30975345,0.22539682686328888,0.14185814559459686,0.0488048791885376
YER042W,YMR281W,0,-0.30984122,0.22503961622714996,0.14185814559459686,0.048904892057180405
YJR135C,YOR355W,0,-0.30990177,0.22468353807926178,0.14185814559459686,0.04900490120053291
YLL015W,YGR261C,0,-0.3108253,0.22432859241962433,0.14185814559459686,0.04910491034388542
YER148W,YMR246W,0,-0.31154156,0.22397476434707642,0.14185814559459686,0.04920491948723793
YDR020C,YGR247W,0,-0.31210384,0.22362205386161804,0.14185814559459686,0.04930492863059044
YPL252C,YDR380W,0,-0.31211573,0.223270446062088,0.14185814559459686,0.049404941499233246
YDR363W,YJL065C,0,-0.31288475,0.22291994094848633,0.14185814559459686,0.049504950642585754
YMR182C,YGR084C,0,-0.3130356,0.222570538520813,0.14185814559459686,0.04960495978593826
YGR124W,YLR119W,0,-0.31307146,0.2222222238779068,0.14185814559459686,0.04970496892929077
YDL140C,YFR008W,0,-0.31310028,0.22187499701976776,0.14185814559459686,0.04980498179793358
YBR044C,YKR060W,0,-0.3131219,0.22152885794639587,0.14185814559459686,0.04990499094128609
YEL026W,YML042W,0,-0.31327862,0.22118380665779114,0.14185814559459686,0.050005000084638596
YKR105C,YNL049C,0,-0.31333587,0.22083981335163116,0.14185814559459686,0.050105009227991104
YGR282C,YIL172C,1,-0.31349236,0.22204968333244324,0.1428571492433548,0.050105009227991104
YJL221C,YGL028C,1,-0.31355426,0.22325581312179565,0.14385613799095154,0.050105009227991104
YKL046C,YOL157C,1,-0.31402072,0.22445820271968842,0.14485514163970947,0.050105009227991104
YJR051W,YGR105W,0,-0.31420285,0.22411128878593445,0.14485514163970947,0.05020502209663391
YGL207W,YHR105W,0,-0.31431738,0.22376543283462524,0.14485514163970947,0.05030503123998642
YJL221C,YLR286C,1,-0.3145623,0.22496147453784943,0.1458541452884674,0.05030503123998642
YER069W,YDL191W,0,-0.31483653,0.22461538016796112,0.1458541452884674,0.05040504038333893
YGR167W,YDR429C,0,-0.31485456,0.22427035868167877,0.1458541452884674,0.05050504952669144
YMR146C,YHR046C,0,-0.31530043,0.22392638027668,0.1458541452884674,0.050605058670043945
YBL045C,YLR145W,0,-0.3154342,0.22358345985412598,0.1458541452884674,0.05070507153868675
YGL163C,YNR040W,0,-0.31575945,0.22324159741401672,0.1458541452884674,0.05080508068203926
YBR092C,YNL086W,0,-0.31605864,0.22290076315402985,0.1458541452884674,0.05090508982539177
YBR044C,YDL122W,0,-0.316832,0.22256097197532654,0.1458541452884674,0.05100509896874428
YMR238W,YDR432W,0,-0.31712246,0.2222222238779068,0.1458541452884674,0.051105111837387085
YHR203C,YGR010W,0,-0.31743836,0.22188450396060944,0.1458541452884674,0.051205120980739594
YBR084W,YGL090W,0,-0.31761158,0.22154779732227325,0.1458541452884674,0.0513051301240921
YLL036C,YGL055W,0,-0.3177127,0.22121211886405945,0.1458541452884674,0.05140513926744461
YJL092W,YNL086W,0,-0.31771818,0.22087745368480682,0.1458541452884674,0.05150515213608742
YJR152W,YCL030C,0,-0.31785372,0.22054380178451538,0.1458541452884674,0.051605161279439926
YDR532C,YDL171C,0,-0.31787983,0.22021116316318512,0.1458541452884674,0.051705170422792435
YAL035W,YHR011W,0,-0.31816107,0.21987952291965485,0.1458541452884674,0.05180517956614494
YLR214W,YGL158W,0,-0.3181859,0.21954886615276337,0.1458541452884674,0.05190518870949745
YDR527W,YDR503C,0,-0.31844646,0.21921922266483307,0.1458541452884674,0.05200520157814026
YDR494W,YNL282W,0,-0.3200034,0.21889054775238037,0.1458541452884674,0.05210521072149277
YLR040C,YHR086W,0,-0.3202188,0.21856287121772766,0.1458541452884674,0.052205219864845276
YNL230C,YOR298W,0,-0.32043612,0.21823617815971375,0.1458541452884674,0.052305229008197784
YKR094C,YEL004W,0,-0.32085288,0.21791045367717743,0.1458541452884674,0.05240524187684059
YMR169C,YOL030W,0,-0.32112032,0.2175856977701187,0.1458541452884674,0.0525052510201931
YJR065C,YHR124W,0,-0.32120454,0.2172619104385376,0.1458541452884674,0.05260526016354561
YPR124W,YDL103C,0,-0.32124457,0.2169390767812729,0.1458541452884674,0.05270526930689812
YAL038W,YDR263C,0,-0.32136488,0.21661721169948578,0.1458541452884674,0.052805282175540924
YPR189W,YKL188C,0,-0.3215642,0.21629630029201508,0.1458541452884674,0.05290529131889343
YGR287C,YLR355C,0,-0.3215741,0.21597632765769958,0.1458541452884674,0.05300530046224594
YOL039W,YDL114W,0,-0.32181877,0.2156573086977005,0.1458541452884674,0.05310530960559845
YPR159W,YIL162W,1,-0.32182604,0.21681416034698486,0.14685314893722534,0.05310530960559845
YBR067C,YER146W,0,-0.3218598,0.2164948433637619,0.14685314893722534,0.05320531874895096
YPR192W,YOR095C,0,-0.3221983,0.21617646515369415,0.14685314893722534,0.053305331617593765
YEL016C,YHR216W,0,-0.3222451,0.21585902571678162,0.14685314893722534,0.053405340760946274
YKL046C,YEL011W,1,-0.32255566,0.2170087993144989,0.14785215258598328,0.053405340760946274
YMR142C,YOR084W,0,-0.32299107,0.2166910618543625,0.14785215258598328,0.05350534990429878
YOR360C,YOR279C,0,-0.3232183,0.2163742631673813,0.14785215258598328,0.05360535904765129
YBR001C,YLR286C,1,-0.3238018,0.21751825511455536,0.1488511562347412,0.05360535904765129
YKL137W,YDR240C,0,-0.323882,0.21720117330551147,0.1488511562347412,0.0537053719162941
YDR134C,YDR030C,0,-0.32448307,0.21688500046730042,0.1488511562347412,0.053805381059646606
YBR012W-A,YGR247W,0,-0.3251005,0.21656976640224457,0.1488511562347412,0.053905390202999115
YPL266W,YMR113W,0,-0.32515106,0.21625544130802155,0.1488511562347412,0.054005399346351624
YDR036C,YER172C,0,-0.32573125,0.21594202518463135,0.1488511562347412,0.05410541221499443
YKL217W,YDL140C,0,-0.32586357,0.21562951803207397,0.1488511562347412,0.05420542135834694
YNR067C,YOL157C,1,-0.32614762,0.21676300466060638,0.14985014498233795,0.05420542135834694
YLR342W,YHR200W,0,-0.3265945,0.21645021438598633,0.14985014498233795,0.05430543050169945
YER095W,YGR284C,0,-0.32679597,0.2161383330821991,0.14985014498233795,0.054405439645051956
YIL162W,YGL028C,1,-0.32680044,0.21726618707180023,0.1508491486310959,0.054405439645051956
YPR066W,YNL113W,0,-0.32680073,0.21695402264595032,0.1508491486310959,0.054505448788404465
YPL026C,YJL118W,0,-0.32684863,0.21664275228977203,0.1508491486310959,0.05460546165704727
YOL043C,YLR300W,1,-0.32697198,0.21776504814624786,0.15184815227985382,0.05460546165704727
YBR092C,YCR009C,0,-0.32701665,0.2174535095691681,0.15184815227985382,0.05470547080039978
YIR011C,YNL210W,0,-0.32702726,0.21714285016059875,0.15184815227985382,0.05480547994375229
YNL305C,YBR009C,0,-0.3271435,0.21683309972286224,0.15184815227985382,0.0549054890871048
YFR033C,YDR252W,0,-0.32748014,0.21652421355247498,0.15184815227985382,0.055005501955747604
YLR370C,YMR211W,0,-0.3278241,0.21621622145175934,0.15184815227985382,0.05510551109910011
YHL016C,YNL122C,0,-0.32803845,0.21590909361839294,0.15184815227985382,0.05520552024245262
YFL034C-A,YNR022C,0,-0.32824942,0.2156028300523758,0.15184815227985382,0.05530552938580513
YKL046C,YIL172C,1,-0.3286003,0.21671387553215027,0.15284715592861176,0.05530552938580513
YNL327W,YJL216C,1,-0.328688,0.21782177686691284,0.1538461595773697,0.05530552938580513
YAL023C,YLL017W,0,-0.3288812,0.21751412749290466,0.1538461595773697,0.05540554225444794
YDR047W,YLR038C,0,-0.3294823,0.21720732748508453,0.1538461595773697,0.055505551397800446
YKL003C,YBR186W,0,-0.32963017,0.21690140664577484,0.1538461595773697,0.055605560541152954
YMR271C,YDR172W,0,-0.3297292,0.2165963500738144,0.1538461595773697,0.05570556968450546
YHR026W,YHR104W,0,-0.33059564,0.2162921279668808,0.1538461595773697,0.05580557882785797
YNL322C,YPR002W,0,-0.3306978,0.21598878502845764,0.1538461595773697,0.05590559169650078
YJR001W,YIL162W,0,-0.33071032,0.21568627655506134,0.1538461595773697,0.05600560083985329
YDR329C,YJL187C,0,-0.33085474,0.2153846174478531,0.1538461595773697,0.056105609983205795
YGR234W,YIL168W,0,-0.33119276,0.2150837928056717,0.1538461595773697,0.056205619126558304
YPR159W,YIR007W,1,-0.33166996,0.2161785215139389,0.15484514832496643,0.056205619126558304
YBR018C,YBR010W,0,-0.33282208,0.2158774435520172,0.15484514832496643,0.05630563199520111
YOL002C,YDR330W,0,-0.3328607,0.21557718515396118,0.15484514832496643,0.05640564113855362
YCR039C,YMR194W,0,-0.3328912,0.2152777761220932,0.15484514832496643,0.05650565028190613
YFR033C,YJL191W,0,-0.333105,0.21497920155525208,0.15484514832496643,0.056605659425258636
YIL122W,YDL212W,0,-0.33327225,0.2146814465522766,0.15484514832496643,0.056705672293901443
YOR046C,YNR003C,0,-0.33363727,0.2143845111131668,0.15484514832496643,0.05680568143725395
YHR121W,YMR283C,0,-0.33412376,0.21408839523792267,0.15484514832496643,0.05690569058060646
YNR004W,YOR073W,0,-0.33422393,0.2137930989265442,0.15484514832496643,0.05700569972395897
YLR308W,YLR244C,0,-0.33427328,0.21349862217903137,0.15484514832496643,0.05710570886731148
YNL315C,YMR246W,0,-0.33446816,0.21320495009422302,0.15484514832496643,0.057205721735954285
YFL034C-A,YDR353W,0,-0.33451185,0.21291208267211914,0.15484514832496643,0.05730573087930679
YJR110W,YEL042W,0,-0.33480272,0.21262003481388092,0.15484514832496643,0.0574057400226593
YDR128W,YDL147W,0,-0.33517098,0.21232876181602478,0.15484514832496643,0.05750574916601181
YBL005W-B,YLR467W,0,-0.3352454,0.2120383083820343,0.15484514832496643,0.05760576203465462
YJR002W,YIL126W,0,-0.3353786,0.2117486298084259,0.15484514832496643,0.057705771178007126
YER161C,YJL087C,0,-0.33548006,0.21145975589752197,0.15484514832496643,0.057805780321359634
YGR189C,YOL155C,1,-0.3358268,0.21253405511379242,0.15584415197372437,0.057805780321359634
YLL033W,YPR001W,0,-0.33591056,0.2122448980808258,0.15584415197372437,0.05790578946471214
YMR088C,YGR289C,0,-0.33595312,0.21195651590824127,0.15584415197372437,0.05800580233335495
YDL210W,YDR116C,0,-0.33611906,0.2116689234972,0.15584415197372437,0.05810581147670746
YAL010C,YPL033C,0,-0.33617485,0.21138212084770203,0.15584415197372437,0.05820582062005997
YDR001C,YLR213C,1,-0.33653814,0.21244925260543823,0.1568431556224823,0.05820582062005997
YER019C-A,YER115C,0,-0.33670697,0.21216216683387756,0.1568431556224823,0.058305829763412476
YGL097W,YOR313C,0,-0.33681965,0.21187584102153778,0.1568431556224823,0.058405838906764984
YER103W,YCR023C,0,-0.3372394,0.21159029006958008,0.1568431556224823,0.05850585177540779
YJR135W-A,YDR506C,0,-0.3373238,0.21130551397800446,0.1568431556224823,0.0586058609187603
YDR449C,YBR150C,0,-0.3375409,0.2110215127468109,0.1568431556224823,0.05870587006211281
YOR356W,YDL164C,0,-0.338305,0.21073825657367706,0.1568431556224823,0.05880587920546532
YLL045C,YIR035C,0,-0.33834517,0.2104557603597641,0.1568431556224823,0.058905892074108124
YDR527W,YBL097W,0,-0.33861405,0.21017402410507202,0.1568431556224823,0.05900590121746063
YHR203C,YGL191W,0,-0.33897656,0.20989304780960083,0.1568431556224823,0.05910591036081314
YER110C,YGL095C,0,-0.33968464,0.20961281657218933,0.1568431556224823,0.05920591950416565
YML075C,YDR069C,0,-0.34020418,0.20933333039283752,0.1568431556224823,0.059305932372808456
YHR066W,YML118W,0,-0.34038424,0.2090545892715454,0.1568431556224823,0.059405941516160965
YDR064W,YPR140W,0,-0.34091872,0.208776593208313,0.1568431556224823,0.059505950659513474
YGL209W,YER044C,0,-0.34103963,0.20849934220314026,0.1568431556224823,0.05960595980286598
YIL073C,YGR062C,0,-0.34116954,0.20822280645370483,0.1568431556224823,0.05970596894621849
YKL103C,YLR192C,0,-0.3412601,0.2079470157623291,0.1568431556224823,0.0598059818148613
YCR039C,YBL055C,0,-0.341353,0.20767195522785187,0.1568431556224823,0.059905990958213806
YJL155C,YHR179W,0,-0.34139034,0.20739762485027313,0.1568431556224823,0.060006000101566315
YMR049C,YDL029W,0,-0.34171328,0.2071240097284317,0.1568431556224823,0.06010600924491882
YDR404C,YDL174C,0,-0.34228718,0.20685112476348877,0.1568431556224823,0.06020602211356163
YDL156W,YDL051W,0,-0.34250847,0.20657894015312195,0.1568431556224823,0.06030603125691414
YGR279C,YBR001C,1,-0.34253278,0.20762154459953308,0.15784215927124023,0.06030603125691414
YDR382W,YDR022C,0,-0.34269986,0.20734907686710358,0.15784215927124023,0.06040604040026665
YBR118W,YHR059W,0,-0.3436995,0.20707732439041138,0.15784215927124023,0.060506049543619156
YHL019C,YNL067W,0,-0.3439185,0.20680628716945648,0.15784215927124023,0.06060606241226196
YOR116C,YDR318W,0,-0.3445781,0.2065359503030777,0.15784215927124023,0.06070607155561447
YLR213C,YCR039C,0,-0.34466034,0.20626631379127502,0.15784215927124023,0.06080608069896698
YBR200W,YBR186W,0,-0.34502703,0.20599739253520966,0.15784215927124023,0.06090608984231949
YDR221W,YGR189C,1,-0.34536704,0.20703125,0.15884116291999817,0.06090608984231949
YJL164C,YGL039W,0,-0.34537306,0.20676203072071075,0.15884116291999817,0.061006098985672
YNL327W,YOL157C,1,-0.34575906,0.20779220759868622,0.1598401665687561,0.061006098985672
YER087C-B,YML131W,0,-0.34576598,0.2075227051973343,0.1598401665687561,0.061106111854314804
YLR144C,YOL155C,1,-0.34630755,0.20854921638965607,0.16083915531635284,0.061106111854314804
YLR291C,YNL115C,0,-0.3464068,0.20827943086624146,0.16083915531635284,0.06120612099766731
YNR051C,YLL009C,0,-0.34652147,0.20801033079624176,0.16083915531635284,0.06130613014101982
YGR172C,YIL125W,0,-0.34660822,0.20774193108081818,0.16083915531635284,0.06140613928437233
YPR030W,YGR285C,0,-0.34661385,0.2074742317199707,0.16083915531635284,0.06150615215301514
YBR258C,YDR497C,0,-0.3466802,0.20720720291137695,0.16083915531635284,0.061606161296367645
YLR022C,YMR104C,0,-0.34674612,0.20694087445735931,0.16083915531635284,0.061706170439720154
YKL067W,YBR156C,0,-0.34752917,0.2066752314567566,0.16083915531635284,0.06180617958307266
YNL046W,YDL181W,0,-0.34763756,0.2064102590084076,0.16083915531635284,0.06190619245171547
YLR312W-A,YLR035C-A,0,-0.34767443,0.2061459720134735,0.16083915531635284,0.06200620159506798
YLR295C,YBR234C,0,-0.34778836,0.20588235557079315,0.16083915531635284,0.062106210738420486
YOR014W,YPR096C,0,-0.34789002,0.20561940968036652,0.16083915531635284,0.062206219881772995
YDR285W,YDR353W,0,-0.34808138,0.2053571492433548,0.16083915531635284,0.062306229025125504
YMR026C,YNL229C,0,-0.3481368,0.2050955444574356,0.16083915531635284,0.06240624189376831
YLL011W,YFR041C,0,-0.34835523,0.20483461022377014,0.16083915531635284,0.06250625103712082
YMR086W,YLR441C,0,-0.34847704,0.2045743316411972,0.16083915531635284,0.06260626018047333
YBR299W,YML021C,1,-0.34848377,0.20558375120162964,0.16183815896511078,0.06260626018047333
YJL165C,YOR025W,0,-0.34874701,0.20532318949699402,0.16183815896511078,0.06270626932382584
YOL071W,YJL134W,0,-0.34888703,0.20506329834461212,0.16183815896511078,0.06280627846717834
YNL336W,YGR145W,0,-0.34896913,0.20480404794216156,0.16183815896511078,0.06290628761053085
YBR019C,YFR033C,0,-0.3495388,0.20454545319080353,0.16183815896511078,0.06300630420446396
YPL007C,YDR405W,0,-0.3501238,0.20428751409053802,0.16183815896511078,0.06310631334781647
YMR238W,YGR292W,1,-0.35050657,0.20528967678546906,0.1628371626138687,0.06310631334781647
YDR312W,YGR247W,0,-0.35078564,0.20503143966197968,0.1628371626138687,0.06320632249116898
YDL178W,YOR377W,0,-0.35083142,0.20477387309074402,0.1628371626138687,0.06330633163452148
YBR139W,YMR323W,0,-0.35106266,0.2045169323682785,0.1628371626138687,0.06340634077787399
YKR059W,YLR348C,0,-0.35109833,0.20426064729690552,0.1628371626138687,0.0635063499212265
YOL109W,YBR127C,0,-0.35115647,0.20400500297546387,0.1628371626138687,0.06360635906457901
YMR017W,YGR095C,0,-0.35129216,0.20374999940395355,0.1628371626138687,0.06370636820793152
YDL082W,YLL038C,0,-0.35151753,0.20349563658237457,0.1628371626138687,0.06380637735128403
YDL004W,YLR084C,0,-0.35157403,0.20324189960956573,0.1628371626138687,0.06390639394521713
YOR322C,YMR159C,0,-0.35190055,0.20298878848552704,0.1628371626138687,0.06400640308856964
YGR200C,YGR008C,0,-0.35203767,0.20273631811141968,0.1628371626138687,0.06410641223192215
YNL257C,YNL002C,0,-0.3523223,0.20248447358608246,0.1628371626138687,0.06420642137527466
YDR405W,YGL168W,0,-0.35290033,0.20223325490951538,0.1628371626138687,0.06430643051862717
YDR117C,YPL093W,0,-0.35311386,0.20198264718055725,0.1628371626138687,0.06440643966197968
YPL273W,YLR233C,0,-0.35343722,0.20173268020153046,0.1628371626138687,0.06450644880533218
YGR287C,YGL028C,1,-0.3535485,0.20271940529346466,0.16383616626262665,0.06450644880533218
YKL137W,YPL167C,0,-0.3535588,0.202469140291214,0.16383616626262665,0.06460645794868469
YNL217W,YDR533C,0,-0.3536954,0.20221948623657227,0.16383616626262665,0.0647064670920372
YGL253W,YML010W,0,-0.3538753,0.2019704431295395,0.16383616626262665,0.0648064836859703
YML037C,YPR122W,0,-0.35420293,0.20172201097011566,0.16383616626262665,0.06490649282932281
YGL156W,YDR261C,1,-0.35465404,0.20270270109176636,0.16483516991138458,0.06490649282932281
YOL016C,YOR153W,0,-0.35467994,0.20245398581027985,0.16483516991138458,0.06500650197267532
YGR292W,YIL172C,1,-0.3548061,0.2034313678741455,0.16583415865898132,0.06500650197267532
YPL089C,YDR253C,0,-0.35495505,0.2031823694705963,0.16583415865898132,0.06510651111602783
YPL204W,YER137C,0,-0.3549895,0.20293398201465607,0.16583415865898132,0.06520652025938034
YPL081W,YIL070C,0,-0.3551297,0.20268620550632477,0.16583415865898132,0.06530652940273285
YCL019W,YNL046W,0,-0.35586968,0.20243902504444122,0.16583415865898132,0.06540653854608536
YAL015C,YLR286C,1,-0.35619274,0.20341047644615173,0.16683316230773926,0.06540653854608536
YNL069C,YJL141C,0,-0.3562556,0.2031630128622055,0.16683316230773926,0.06550654768943787
YPR149W,YBR145W,0,-0.35637233,0.20291616022586823,0.16683316230773926,0.06560656428337097
YHR018C,YKR081C,0,-0.35641268,0.2026699036359787,0.16683316230773926,0.06570657342672348
YDR096W,YBR058C-A,0,-0.3568234,0.20242424309253693,0.16683316230773926,0.06580658257007599
YOR346W,YDR405W,0,-0.35694608,0.2021791785955429,0.16683316230773926,0.0659065917134285
YDL002C,YHR216W,0,-0.35698587,0.20193471014499664,0.16683316230773926,0.066006600856781
YPR137W,YGR125W,0,-0.35709408,0.20169082283973694,0.16683316230773926,0.06610661000013351
YNL146W,YBR012W-A,0,-0.35739842,0.201447531580925,0.16683316230773926,0.06620661914348602
YLR447C,YFL014W,0,-0.35761243,0.2012048214673996,0.16683316230773926,0.06630662828683853
YGR288W,YPR094W,0,-0.35762593,0.20096269249916077,0.16683316230773926,0.06640663743019104
YEL054C,YMR034C,0,-0.3580306,0.2007211595773697,0.16683316230773926,0.06650665402412415
YJL136C,YEL070W,0,-0.35833982,0.20048019289970398,0.16683316230773926,0.06660666316747665
YJL177W,YOL031C,0,-0.35879526,0.20023980736732483,0.16683316230773926,0.06670667231082916
YIL162W,YNL066W,1,-0.35881191,0.20119760930538177,0.1678321659564972,0.06670667231082916
YBR104W,YLR356W,0,-0.35881254,0.20095694065093994,0.1678321659564972,0.06680668145418167
YDL198C,YLR453C,0,-0.35968277,0.20071685314178467,0.1678321659564972,0.06690669059753418
YAL015C,YGR292W,1,-0.35973218,0.20167064666748047,0.16883116960525513,0.06690669059753418
YFL057C,YDR225W,0,-0.3598814,0.2014302760362625,0.16883116960525513,0.06700669974088669
YDR488C,YLR448W,0,-0.36009926,0.20119047164916992,0.16883116960525513,0.0671067088842392
YLR160C,YLR448W,0,-0.36030757,0.2009512484073639,0.16883116960525513,0.0672067180275917
YHR211W,YKL193C,0,-0.3603374,0.20071259140968323,0.16883116960525513,0.06730672717094421
YPR016C,YBR200W,0,-0.36040893,0.20047450065612793,0.16883116960525513,0.06740674376487732
YLR224W,YNL121C,0,-0.36041176,0.2002369612455368,0.16883116960525513,0.06750675290822983
YMR280C,YPL110C,0,-0.36059716,0.20000000298023224,0.16883116960525513,0.06760676205158234
YIL162W,YCL043C,0,-0.36061522,0.19976359605789185,0.16883116960525513,0.06770677119493484
YPR001W,YKL101W,0,-0.36065778,0.19952774047851562,0.16883116960525513,0.06780678033828735
YNL298W,YJL100W,0,-0.36085075,0.19929245114326477,0.16883116960525513,0.06790678948163986
YOL065C,YHR046C,0,-0.3608749,0.1990577131509781,0.16883116960525513,0.06800679862499237
YJR152W,YPR132W,0,-0.3610938,0.19882352650165558,0.16883116960525513,0.06810680776834488
YDL171C,YDL150W,0,-0.3612828,0.19858989119529724,0.16883116960525513,0.06820682436227798
YHR060W,YDR017C,0,-0.36139616,0.19835680723190308,0.16883116960525513,0.0683068335056305
YIL172C,YNL066W,1,-0.3617997,0.19929659366607666,0.16983017325401306,0.0683068335056305
YHR070W,YBR033W,0,-0.361889,0.1990632265806198,0.16983017325401306,0.068406842648983
YPL212C,YPL113C,0,-0.36203387,0.19883041083812714,0.16983017325401306,0.06850685179233551
YMR164C,YOR224C,0,-0.3623849,0.19859813153743744,0.16983017325401306,0.06860686093568802
YIL004C,YNL151C,0,-0.3630003,0.19836638867855072,0.16983017325401306,0.06870687007904053
YGL135W,YJL156C,0,-0.36314216,0.19813519716262817,0.16983017325401306,0.06880687922239304
YLR344W,YJL116C,0,-0.363781,0.1979045420885086,0.16983017325401306,0.06890688836574554
YHR099W,YER036C,0,-0.36383483,0.19767442345619202,0.16983017325401306,0.06900689750909805
YML075C,YOR322C,0,-0.363874,0.1974448263645172,0.16983017325401306,0.06910691410303116
YNL058C,YJL206C,0,-0.36392516,0.19721578061580658,0.16983017325401306,0.06920692324638367
YML052W,YLR038C,0,-0.3639971,0.19698725640773773,0.16983017325401306,0.06930693238973618
YPL057C,YBL027W,0,-0.3644589,0.19675925374031067,0.16983017325401306,0.06940694153308868
YML073C,YDR022C,0,-0.36467102,0.19653178751468658,0.16983017325401306,0.06950695067644119
YGR279C,YGL156W,1,-0.36506698,0.19745957851409912,0.170829176902771,0.06950695067644119
YGR225W,YLR008C,0,-0.36538804,0.19723182916641235,0.170829176902771,0.0696069598197937
YBR299W,YGR292W,1,-0.36556447,0.1981566846370697,0.17182816565036774,0.0696069598197937
YBR299W,YDR261C,1,-0.36566368,0.19907939434051514,0.17282716929912567,0.0696069598197937
YPR043W,YLR155C,0,-0.36568883,0.1988505721092224,0.17282716929912567,0.06970696896314621
YNL300W,YDR313C,0,-0.3658167,0.19862227141857147,0.17282716929912567,0.06980697810649872
YHR207C,YBR012W-A,0,-0.36585754,0.19839449226856232,0.17282716929912567,0.06990698724985123
YCL025C,YBR010W,0,-0.36618692,0.19816723465919495,0.17282716929912567,0.07000700384378433
YJL036W,YNL162W,0,-0.36621153,0.19794049859046936,0.17282716929912567,0.07010701298713684
YPR048W,YKR105C,0,-0.36653963,0.19771428406238556,0.17282716929912567,0.07020702213048935
YJL203W,YHR215W,0,-0.36742955,0.19748859107494354,0.17282716929912567,0.07030703127384186
YMR143W,YDL144C,0,-0.36744377,0.19726340472698212,0.17282716929912567,0.07040704041719437
YAL001C,YKR045C,0,-0.36789015,0.19703872501850128,0.17282716929912567,0.07050704956054688
YGR256W,YAR007C,0,-0.3679178,0.19681456685066223,0.17282716929912567,0.07060705870389938
YER120W,YFR041C,0,-0.3679301,0.19659091532230377,0.17282716929912567,0.07070706784725189
YGR172C,YGL170C,0,-0.3689967,0.1963677704334259,0.17282716929912567,0.0708070769906044
YPL016W,YLR429W,0,-0.36906025,0.19614511728286743,0.17282716929912567,0.0709070935845375
YNL189W,YGL090W,0,-0.3691088,0.19592298567295074,0.17282716929912567,0.07100710272789001
YDR195W,YFR033C,0,-0.36961678,0.19570136070251465,0.17282716929912567,0.07110711187124252
YAL022C,YCL018W,0,-0.36970094,0.19548022747039795,0.17282716929912567,0.07120712101459503
YPL123C,YCR037C,0,-0.36973104,0.19525960087776184,0.17282716929912567,0.07130713015794754
YJL151C,YLR160C,0,-0.36974183,0.19503946602344513,0.17282716929912567,0.07140713930130005
YOR096W,YKL022C,0,-0.36998495,0.19481982290744781,0.17282716929912567,0.07150714844465256
YPR184W,YNR067C,1,-0.3702066,0.19572553038597107,0.1738261729478836,0.07150714844465256
YPL030W,YNR072W,0,-0.37028083,0.19550561904907227,0.1738261729478836,0.07160715758800507
YJR147W,YOR356W,0,-0.37029573,0.19528619945049286,0.1738261729478836,0.07170717418193817
YOL031C,YOR351C,0,-0.37038988,0.19506727159023285,0.1738261729478836,0.07180718332529068
YOR096W,YDR313C,0,-0.3706322,0.19484882056713104,0.1738261729478836,0.07190719246864319
YBR001C,YJL221C,1,-0.37068394,0.1957494467496872,0.17482517659664154,0.07190719246864319
YDR221W,YHR143W,1,-0.37085408,0.19664804637432098,0.17582418024539948,0.07190719246864319
YKR058W,YPL048W,0,-0.37090942,0.1964285671710968,0.17582418024539948,0.0720072016119957
YPR020W,YHR021C,0,-0.3709401,0.1962095946073532,0.17582418024539948,0.0721072107553482
YLR165C,YKL008C,0,-0.3712491,0.19599108397960663,0.17582418024539948,0.07220721989870071
YLR213C,YDR153C,0,-0.3713154,0.19577307999134064,0.17582418024539948,0.07230722904205322
YBR115C,YHR091C,0,-0.3713674,0.19555555284023285,0.17582418024539948,0.07240723818540573
YHL034C,YLR325C,0,-0.37178734,0.19533851742744446,0.17582418024539948,0.07250724732875824
YLR035C,YNL279W,0,-0.37194654,0.19512194395065308,0.17582418024539948,0.07260726392269135
YOR287C,YNR017W,0,-0.3721509,0.1949058622121811,0.17582418024539948,0.07270727306604385
YNL202W,YNL088W,0,-0.37236118,0.1946902722120285,0.17582418024539948,0.07280728220939636
YGL156W,YMR305C,1,-0.37269953,0.1955801099538803,0.1768231838941574,0.07280728220939636
YML012W,YOR317W,0,-0.37353066,0.19536423683166504,0.1768231838941574,0.07290729135274887
YDL166C,YGR183C,0,-0.37357166,0.19514884054660797,0.1768231838941574,0.07300730049610138
YOR083W,YJL033W,0,-0.37394032,0.1949339210987091,0.1768231838941574,0.07310730963945389
YPR018W,YCR096C,0,-0.37409005,0.19471947848796844,0.1768231838941574,0.0732073187828064
YNL071W,YJL079C,0,-0.3743092,0.1945054978132248,0.1768231838941574,0.0733073279261589
YJR135C,YOR067C,0,-0.37449104,0.19429199397563934,0.1768231838941574,0.07340733706951141
YDR532C,YGL253W,0,-0.37462863,0.1940789520740509,0.1768231838941574,0.07350735366344452
YLR359W,YLR098C,0,-0.37489092,0.19386637210845947,0.1768231838941574,0.07360736280679703
YLR359W,YNL027W,0,-0.37525395,0.19365426898002625,0.1768231838941574,0.07370737195014954
YBR243C,YOR064C,0,-0.3752592,0.19344262778759003,0.1768231838941574,0.07380738109350204
YDR170W-A,YML099C,0,-0.37529734,0.19323143362998962,0.1768231838941574,0.07390739023685455
YJL155C,YOL077W-A,0,-0.37579325,0.19302071630954742,0.1768231838941574,0.07400739938020706
YLR213C,YMR305C,1,-0.37583426,0.19389978051185608,0.17782217264175415,0.07400739938020706
YIL101C,YBR299W,0,-0.37603566,0.1936887949705124,0.17782217264175415,0.07410740852355957
YDR364C,YGR035C,0,-0.37635234,0.19347825646400452,0.17782217264175415,0.07420741766691208
YGR282C,YDR261C,1,-0.37653643,0.19435396790504456,0.17882117629051208,0.07420741766691208
YEL040W,YML060W,1,-0.3773213,0.19522777199745178,0.17982017993927002,0.07420741766691208
YGL174W,YER165W,0,-0.37774596,0.19501625001430511,0.17982017993927002,0.07430743426084518
YLR305C,YMR193W,0,-0.37776303,0.19480518996715546,0.17982017993927002,0.07440744340419769
YAR071W,YPR194C,0,-0.3779299,0.1945945918560028,0.17982017993927002,0.0745074525475502
YLR369W,YIR012W,0,-0.37793761,0.19438445568084717,0.17982017993927002,0.07460746169090271
YNR027W,YJR098C,0,-0.3780252,0.19417475163936615,0.17982017993927002,0.07470747083425522
YGR188C,YBR012W-A,0,-0.37817055,0.19396552443504333,0.17982017993927002,0.07480747997760773
YGL156W,YHR143W,1,-0.37833515,0.1948331594467163,0.18081918358802795,0.07480747997760773
YLR035C-A,YLR244C,0,-0.37877175,0.1946236491203308,0.18081918358802795,0.07490748912096024
YBR103W,YER087C-A,0,-0.37881407,0.19441460072994232,0.18081918358802795,0.07500749826431274
YNR051C,YDR059C,0,-0.37927383,0.19420601427555084,0.18081918358802795,0.07510750740766525
YOR384W,YPR182W,0,-0.37927854,0.19399785995483398,0.18081918358802795,0.07520752400159836
YOL155C,YJR151C,0,-0.37944645,0.19379015266895294,0.18081918358802795,0.07530753314495087
YIL172C,YML021C,1,-0.37946004,0.19465240836143494,0.1818181872367859,0.07530753314495087
YIL099W,YLR286C,1,-0.37967327,0.1955128163099289,0.18281717598438263,0.07530753314495087
YPL082C,YJL102W,0,-0.37997422,0.19530415534973145,0.18281717598438263,0.07540754228830338
YCL019W,YOR128C,0,-0.38027516,0.1950959414243698,0.18281717598438263,0.07550755143165588
YNL256W,YDL099W,0,-0.38052747,0.194888174533844,0.18281717598438263,0.07560756057500839
YBR036C,YDL156W,0,-0.38091326,0.194680854678154,0.18281717598438263,0.0757075697183609
YDR118W,YLR086W,0,-0.38094822,0.1944739669561386,0.18281717598438263,0.07580757886171341
YBL069W,YDL180W,0,-0.38147244,0.19426751136779785,0.18281717598438263,0.07590758800506592
YIL099W,YGL028C,1,-0.38149193,0.19512194395065308,0.18381617963314056,0.07590758800506592
YHR004C,YML052W,0,-0.38208613,0.19491524994373322,0.18381617963314056,0.07600759714841843
YLR213C,YJR149W,0,-0.38224047,0.19470898807048798,0.18381617963314056,0.07610761374235153
YJR153W,YIR007W,1,-0.3824493,0.1955602467060089,0.1848151832818985,0.07610761374235153
YNR073C,YOR307C,0,-0.38266006,0.19535374641418457,0.1848151832818985,0.07620762288570404
YIL121W,YDL212W,0,-0.38270828,0.19514767825603485,0.1848151832818985,0.07630763202905655
YLR237W,YOR133W,0,-0.382916,0.19494204223155975,0.1848151832818985,0.07640764117240906
YGR006W,YJL143W,0,-0.38328144,0.19473683834075928,0.1848151832818985,0.07650765031576157
YNL302C,YER091C,0,-0.383556,0.19453206658363342,0.1848151832818985,0.07660765945911407
YDR221W,YDR400W,1,-0.38365528,0.1953781545162201,0.18581418693065643,0.07660765945911407
YGR287C,YBR229C,1,-0.38393572,0.1962224543094635,0.18681319057941437,0.07660765945911407
YDL195W,YLR423C,0,-0.38397357,0.19601677358150482,0.18681319057941437,0.07670766860246658
YOL142W,YIL002C,0,-0.3841328,0.19581152498722076,0.18681319057941437,0.07680767774581909
YPR070W,YPL057C,0,-0.38421476,0.19560669362545013,0.18681319057941437,0.0769076943397522
YML022W,YHR050W,0,-0.38432008,0.19540229439735413,0.18681319057941437,0.0770077034831047
YEL040W,YOR190W,1,-0.3843605,0.19624216854572296,0.1878121942281723,0.0770077034831047
YPL217C,YDR263C,0,-0.38485318,0.19603754580020905,0.1878121942281723,0.07710771262645721
YDR218C,YHR072W,0,-0.38490924,0.19583334028720856,0.1878121942281723,0.07720772176980972
YHR178W,YNR013C,0,-0.3849391,0.1956295520067215,0.1878121942281723,0.07730773091316223
YMR238W,YJL216C,1,-0.38508585,0.19646570086479187,0.18881118297576904,0.07730773091316223
YGR282C,YBR056W,1,-0.38575378,0.19730010628700256,0.18981018662452698,0.07730773091316223
YOR202W,YNL279W,0,-0.38582453,0.19709543883800507,0.18981018662452698,0.07740774005651474
YNL189W,YDR155C,0,-0.3859885,0.196891188621521,0.18981018662452698,0.07750774919986725
YMR023C,YGL234W,0,-0.38611233,0.19668737053871155,0.18981018662452698,0.07760775834321976
YHL036W,YDR507C,0,-0.38618547,0.19648396968841553,0.18981018662452698,0.07770776748657227
YPL241C,YOR083W,0,-0.3864946,0.19628098607063293,0.18981018662452698,0.07780778408050537
YAR050W,YDL137W,0,-0.38649923,0.19607843458652496,0.18981018662452698,0.07790779322385788
YNL327W,YBR001C,1,-0.38700303,0.19690722227096558,0.1908091902732849,0.07790779322385788
YBR161W,YDR074W,0,-0.38747084,0.1967044323682785,0.1908091902732849,0.07800780236721039
YEL021W,YNL095C,0,-0.3876384,0.19650205969810486,0.1908091902732849,0.0781078115105629
YBR298C,YMR067C,0,-0.3877263,0.19630010426044464,0.1908091902732849,0.0782078206539154
YNL308C,YKL107W,0,-0.3879126,0.19609856605529785,0.1908091902732849,0.07830782979726791
YCL030C,YJL141C,0,-0.38811037,0.1958974301815033,0.1908091902732849,0.07840783894062042
YML060W,YPR026W,1,-0.38813952,0.19672131538391113,0.19180819392204285,0.07840783894062042
YGR189C,YIR007W,1,-0.38821837,0.19754350185394287,0.19280719757080078,0.07840783894062042
YFR021W,YLR467W,0,-0.38851333,0.19734151661396027,0.19280719757080078,0.07850784808397293
YNR054C,YBL112C,0,-0.38870087,0.1971399337053299,0.19280719757080078,0.07860785722732544
YBR001C,YGR292W,1,-0.38940585,0.19795918464660645,0.19380620121955872,0.07860785722732544
YKL071W,YJR045C,0,-0.38941202,0.19775739312171936,0.19380620121955872,0.07870787382125854
YMR044W,YDL201W,0,-0.38984272,0.1975560039281845,0.19380620121955872,0.07880788296461105
YDL132W,YOL136C,0,-0.390197,0.19735503196716309,0.19380620121955872,0.07890789210796356
YFL021W,YOR246C,0,-0.39024347,0.1971544772386551,0.19380620121955872,0.07900790125131607
YER019C-A,YNL192W,0,-0.39033774,0.19695430994033813,0.19380620121955872,0.07910791039466858
YJR002W,YPL269W,0,-0.39051434,0.1967545598745346,0.19380620121955872,0.07920791953802109
YGR124W,YBR222C,0,-0.39062247,0.1965552121400833,0.19380620121955872,0.0793079286813736
YCL008C,YBR004C,0,-0.39075986,0.19635628163814545,0.19380620121955872,0.0794079378247261
YBR240C,YOL088C,0,-0.39080352,0.19615773856639862,0.19380620121955872,0.07950795441865921
YKL094W,YPR009W,0,-0.390863,0.19595959782600403,0.19380620121955872,0.07960796356201172
YMR211W,YDL179W,0,-0.3911073,0.19576185941696167,0.19380620121955872,0.07970797270536423
YHR044C,YJL148W,0,-0.39130875,0.19556452333927155,0.19380620121955872,0.07980798184871674
YER142C,YMR305C,1,-0.3917018,0.19637462496757507,0.19480518996715546,0.07980798184871674
YKL127W,YKR103W,0,-0.3917156,0.19617706537246704,0.19480518996715546,0.07990799099206924
YJL121C,YHR039C-A,0,-0.39172795,0.19597989320755005,0.19480518996715546,0.08000800013542175
YMR006C,YBR161W,0,-0.39234135,0.19578313827514648,0.19480518996715546,0.08010800927877426
YBR196C,YDR219C,0,-0.39241397,0.19558675587177277,0.19480518996715546,0.08020801842212677
YCR087C-A,YMR182C,0,-0.39263484,0.19539077579975128,0.19480518996715546,0.08030802756547928
YJL036W,YGR285C,0,-0.39274254,0.19519519805908203,0.19480518996715546,0.08040804415941238
YGL200C,YKL203C,0,-0.39300853,0.19499999284744263,0.19480518996715546,0.08050805330276489
YBR299W,YMR238W,1,-0.39336202,0.1958041936159134,0.1958041936159134,0.08050805330276489
YNL327W,YGR143W,1,-0.39400378,0.19660678505897522,0.19680319726467133,0.08050805330276489
YPR133W-A,YOL057W,0,-0.39424762,0.19641076028347015,0.19680319726467133,0.0806080624461174
YDR003W,YAL003W,0,-0.39438817,0.19621513783931732,0.19680319726467133,0.08070807158946991
YBL092W,YPR006C,0,-0.3944715,0.19601990282535553,0.19680319726467133,0.08080808073282242
YMR238W,YGR287C,1,-0.39455745,0.19681908190250397,0.19780220091342926,0.08080808073282242
YDR083W,YHR057C,0,-0.39469138,0.19662363827228546,0.19780220091342926,0.08090808987617493
YGR155W,YBR009C,0,-0.3950281,0.1964285671710968,0.19780220091342926,0.08100809901952744
YOR346W,YEL050C,0,-0.39504996,0.19623389840126038,0.19780220091342926,0.08110810816287994
YBR299W,YMR305C,1,-0.39516905,0.197029709815979,0.1988012045621872,0.08110810816287994
YGR279C,YOL157C,1,-0.39520404,0.19782394170761108,0.19980019330978394,0.08110810816287994
YNL090W,YJL114W,0,-0.3952607,0.197628453373909,0.19980019330978394,0.08120811730623245
YGR180C,YML032C,0,-0.39551142,0.19743336737155914,0.19980019330978394,0.08130813390016556
YLR459W,YBR084C-A,0,-0.3956891,0.19723865389823914,0.19980019330978394,0.08140814304351807
YPR159W,YBR299W,1,-0.39579195,0.198029562830925,0.20079919695854187,0.08140814304351807
YPL258C,YGR029W,0,-0.39582548,0.19783464074134827,0.20079919695854187,0.08150815218687057
YGL030W,YDL055C,0,-0.39593637,0.19764012098312378,0.20079919695854187,0.08160816133022308
YLR213C,YOR142W,0,-0.39608225,0.19744597375392914,0.20079919695854187,0.08170817047357559
YAR050W,YMR236W,0,-0.3960987,0.19725221395492554,0.20079919695854187,0.0818081796169281
YKL096W,YJR009C,0,-0.39626196,0.19705882668495178,0.20079919695854187,0.08190818876028061
YBR291C,YNL090W,0,-0.39649794,0.19686581194400787,0.20079919695854187,0.08200819790363312
YGL206C,YDR059C,0,-0.39650115,0.196673184633255,0.20079919695854187,0.08210821449756622
YDL201W,YMR033W,0,-0.3967459,0.19648094475269318,0.20079919695854187,0.08220822364091873
YPR112C,YDL215C,0,-0.39739105,0.1962890625,0.20079919695854187,0.08230823278427124
YMR238W,YJL221C,1,-0.39741415,0.19707317650318146,0.2017982006072998,0.08230823278427124
YMR256C,YOR075W,0,-0.39768538,0.19688108563423157,0.2017982006072998,0.08240824192762375
YEL017C-A,YJL206C,0,-0.39772928,0.19668938219547272,0.2017982006072998,0.08250825107097626
YEL054C,YJL139C,0,-0.3978155,0.1964980512857437,0.2017982006072998,0.08260826021432877
YER142C,YNL066W,1,-0.39878568,0.1972789168357849,0.20279720425605774,0.08260826021432877
YML015C,YBR150C,0,-0.39886707,0.1970873773097992,0.20279720425605774,0.08270826935768127
YHR203C,YBR033W,0,-0.39900205,0.19689621031284332,0.20279720425605774,0.08280827850103378
YLR304C,YDL120W,0,-0.39946827,0.1967054307460785,0.20279720425605774,0.08290828764438629
YDR486C,YER151C,0,-0.39949164,0.1965150088071823,0.20279720425605774,0.0830083042383194
YLR079W,YDR531W,0,-0.39981088,0.19632494449615479,0.20279720425605774,0.0831083133816719
YDR017C,YPR052C,0,-0.3998876,0.1961352676153183,0.20279720425605774,0.08320832252502441
YKL120W,YJL113W,0,-0.4000065,0.19594594836235046,0.20279720425605774,0.08330833166837692
YOR243C,YPL150W,0,-0.40018687,0.19575698673725128,0.20279720425605774,0.08340834081172943
YOR126C,YGR276C,0,-0.40040734,0.19556839764118195,0.20279720425605774,0.08350834995508194
YLR160C,YGR194C,0,-0.4005374,0.19538016617298126,0.20279720425605774,0.08360835909843445
YCR010C,YDR472W,0,-0.400642,0.19519230723381042,0.20279720425605774,0.08370836824178696
YPL027W,YOR301W,0,-0.40069944,0.19500480592250824,0.20279720425605774,0.08380837738513947
YNL219C,YFR041C,0,-0.40143958,0.1948176622390747,0.20279720425605774,0.08390839397907257
YNR046W,YAR003W,0,-0.4016584,0.19463087618350983,0.20279720425605774,0.08400840312242508
YGL033W,YDR060W,0,-0.4019303,0.1944444477558136,0.20279720425605774,0.08410841226577759
YMR023C,YOR175C,0,-0.4020405,0.19425837695598602,0.20279720425605774,0.0842084214091301
YIR025W,YMR123W,0,-0.40226582,0.1940726637840271,0.20279720425605774,0.0843084305524826
YGL083W,YDR541C,0,-0.40231737,0.19388729333877563,0.20279720425605774,0.08440843969583511
YJL117W,YBR286W,0,-0.40240672,0.19370229542255402,0.20279720425605774,0.08450844883918762
YDL128W,YIL015W,0,-0.4027613,0.19351764023303986,0.20279720425605774,0.08460845798254013
YML015C,YJL113W,0,-0.40303606,0.19333332777023315,0.20279720425605774,0.08470846712589264
YMR238W,YGL156W,1,-0.4031294,0.19410085678100586,0.20379620790481567,0.08470846712589264
YER103W,YOR058C,0,-0.40322658,0.19391635060310364,0.20379620790481567,0.08480848371982574
YIL113W,YBL039C,0,-0.4034257,0.19373218715190887,0.20379620790481567,0.08490849286317825
YKL089W,YFR032C-A,0,-0.4037832,0.19354838132858276,0.20379620790481567,0.08500850200653076
YJR137C,YML022W,0,-0.40383077,0.1933649331331253,0.20379620790481567,0.08510851114988327
YGR194C,YFL034C-B,0,-0.4038634,0.1931818127632141,0.20379620790481567,0.08520852029323578
YLR070C,YGR124W,0,-0.40475896,0.19299905002117157,0.20379620790481567,0.08530852943658829
YPL192C,YJL066C,0,-0.40477842,0.1928166300058365,0.20379620790481567,0.0854085385799408
YJR010C-A,YML027W,0,-0.40541402,0.19263456761837006,0.20379620790481567,0.0855085477232933
YER159C-A,YBR129C,0,-0.405542,0.1924528330564499,0.20379620790481567,0.08560856431722641
YJL192C,YLL062C,0,-0.40578946,0.19227144122123718,0.20379620790481567,0.08570857346057892
YDR310C,YDR506C,0,-0.40604427,0.19209039211273193,0.20379620790481567,0.08580858260393143
YDL108W,YLR287C-A,0,-0.40639213,0.19190968573093414,0.20379620790481567,0.08590859174728394
YMR238W,YIR034C,0,-0.40656286,0.1917293220758438,0.20379620790481567,0.08600860089063644
YGR246C,YBR012W-A,0,-0.40664575,0.19154930114746094,0.20379620790481567,0.08610861003398895
YPL274W,YBR041W,0,-0.40671328,0.19136960804462433,0.20379620790481567,0.08620861917734146
YIL099W,YHR204W,1,-0.4071717,0.19212746620178223,0.2047952115535736,0.08620861917734146
YKR087C,YFR032C-A,0,-0.4074987,0.1919475644826889,0.2047952115535736,0.08630862832069397
YHL013C,YJR133W,0,-0.40753734,0.19176800549030304,0.2047952115535736,0.08640863746404648
YPR189W,YNL279W,0,-0.40772435,0.19158878922462463,0.2047952115535736,0.08650865405797958
YMR033W,YER073W,0,-0.4080657,0.1914099007844925,0.2047952115535736,0.08660866320133209
YNL069C,YOR347C,0,-0.408289,0.19123134016990662,0.2047952115535736,0.0867086723446846
YBR267W,YBR068C,0,-0.4083521,0.1910531222820282,0.2047952115535736,0.08680868148803711
YER087C-B,YOR386W,0,-0.40842974,0.19087523221969604,0.2047952115535736,0.08690869063138962
YLR287C-A,YPL208W,0,-0.40886584,0.19069766998291016,0.2047952115535736,0.08700869977474213
YLR033W,YPR030W,0,-0.40969416,0.19052045047283173,0.2047952115535736,0.08710870891809464
YDL079C,YHR064C,0,-0.40970555,0.19034354388713837,0.2047952115535736,0.08720871806144714
YLR459W,YBR203W,0,-0.40989742,0.19016698002815247,0.2047952115535736,0.08730872720479965
YJR133W,YER001W,0,-0.4099413,0.18999072909355164,0.2047952115535736,0.08740874379873276
YFR046C,YGR216C,0,-0.40997803,0.18981482088565826,0.2047952115535736,0.08750875294208527
YJR155W,YPR190C,0,-0.41002038,0.18963922560214996,0.2047952115535736,0.08760876208543777
YBR294W,YMR025W,0,-0.41040382,0.18946395814418793,0.2047952115535736,0.08770877122879028
YOR246C,YOL111C,0,-0.4109328,0.18928901851177216,0.2047952115535736,0.08780878037214279
YJL042W,YPR004C,0,-0.41105923,0.18911439180374146,0.2047952115535736,0.0879087895154953
YMR238W,YIR007W,1,-0.4111076,0.1898617446422577,0.20579420030117035,0.0879087895154953
YOL155C,YEL011W,1,-0.41113675,0.19060774147510529,0.20679320394992828,0.0879087895154953
YNL139C,YKL222C,0,-0.4112017,0.1904323846101761,0.20679320394992828,0.08800879865884781
YER160C,YKR029C,0,-0.41164002,0.19025735557079315,0.20679320394992828,0.08810880780220032
YBR001C,YNR067C,1,-0.41165113,0.19100092351436615,0.20779220759868622,0.08810880780220032
YOR304W,YDL079C,0,-0.41177824,0.1908256858587265,0.20779220759868622,0.08820882439613342
YJL052W,YPR159W,0,-0.41180044,0.19065077602863312,0.20779220759868622,0.08830883353948593
YLR348C,YGR020C,0,-0.4118563,0.190476194024086,0.20779220759868622,0.08840884268283844
YNL002C,YJL124C,0,-0.41186437,0.19030192494392395,0.20779220759868622,0.08850885182619095
YBL005W-A,YPR166C,0,-0.41188207,0.19012796878814697,0.20779220759868622,0.08860886096954346
YPL022W,YGR263C,0,-0.41190946,0.18995434045791626,0.20779220759868622,0.08870887011289597
YJR158W,YPL237W,0,-0.41205224,0.18978102505207062,0.20779220759868622,0.08880887925624847
YLR078C,YCL057C-A,0,-0.41211447,0.18960802257061005,0.20779220759868622,0.08890888839960098
YDR139C,YLR025W,0,-0.412483,0.18943533301353455,0.20779220759868622,0.08900889754295349
YDL084W,YIR010W,0,-0.41261068,0.1892629712820053,0.20779220759868622,0.0891089141368866
YKL071W,YIR008C,0,-0.41277263,0.18909090757369995,0.20779220759868622,0.0892089232802391
YGL027C,YLR286C,1,-0.41278368,0.18982742726802826,0.20879121124744415,0.0892089232802391
YOL077W-A,YOL088C,0,-0.4127839,0.18965516984462738,0.20879121124744415,0.08930893242359161
YPR066W,YOL145C,0,-0.41342044,0.18948322534561157,0.20879121124744415,0.08940894156694412
YKR003W,YMR056C,0,-0.41417447,0.18931159377098083,0.20879121124744415,0.08950895071029663
YGL112C,YOR162C,0,-0.41433418,0.18914027512073517,0.20879121124744415,0.08960895985364914
YNL152W,YCL026C-B,0,-0.41449943,0.18896925449371338,0.20879121124744415,0.08970896899700165
YDR363W,YBL091C-A,0,-0.4145213,0.18879856169223785,0.20879121124744415,0.08980897814035416
YOR077W,YOR232W,0,-0.41518417,0.188628152012825,0.20879121124744415,0.08990898728370667
YPR159W,YOR190W,1,-0.41521809,0.18935978412628174,0.2097902148962021,0.08990898728370667
YEL038W,YLR368W,0,-0.415764,0.18918919563293457,0.2097902148962021,0.09000900387763977
YGR056W,YER044C,0,-0.4157954,0.18901890516281128,0.2097902148962021,0.09010901302099228
YHR029C,YDR346C,0,-0.41590768,0.18884892761707306,0.2097902148962021,0.09020902216434479
YHR184W,YKR028W,0,-0.41611192,0.18867924809455872,0.2097902148962021,0.0903090313076973
YGL027C,YJL216C,1,-0.41612938,0.18940754234790802,0.21078920364379883,0.0903090313076973
YBL103C,YJR026W,0,-0.41613492,0.18923766911029816,0.21078920364379883,0.0904090404510498
YMR019W,YOR008C,0,-0.41620293,0.18906809389591217,0.21078920364379883,0.09050904959440231
YJL221C,YMR305C,1,-0.4163184,0.18979409337043762,0.21178820729255676,0.09050904959440231
YBR030W,YDL227C,0,-0.41638386,0.18962432444095612,0.21178820729255676,0.09060905873775482
YDR119W,YMR268C,0,-0.41644242,0.18945486843585968,0.21178820729255676,0.09070906788110733
YNL186W,YDR541C,0,-0.41666552,0.18928571045398712,0.21178820729255676,0.09080908447504044
YCR009C,YPL283C,0,-0.41680375,0.18911686539649963,0.21178820729255676,0.09090909361839294
YMR184W,YOR209C,0,-0.41706353,0.18894830346107483,0.21178820729255676,0.09100910276174545
YER142C,YGL028C,1,-0.41720864,0.18967051804065704,0.2127872109413147,0.09100910276174545
YLR079W,YBL002W,0,-0.41735557,0.1895017772912979,0.2127872109413147,0.09110911190509796
YPL078C,YPL212C,0,-0.41749075,0.18933333456516266,0.2127872109413147,0.09120912104845047
YNL257C,YBR152W,0,-0.41763982,0.18916518986225128,0.2127872109413147,0.09130913019180298
YJL066C,YMR146C,0,-0.41774407,0.18899734318256378,0.2127872109413147,0.09140913933515549
YGL179C,YLL051C,0,-0.41778347,0.18882979452610016,0.2127872109413147,0.091509148478508
YKL157W,YJL221C,0,-0.4182511,0.18866252899169922,0.2127872109413147,0.0916091576218605
YKR059W,YBR158W,0,-0.41825262,0.18849557638168335,0.2127872109413147,0.09170917421579361
YLR318W,YHR050W,0,-0.41836718,0.18832890689373016,0.2127872109413147,0.09180918335914612
YER148W,YDR261W-A,0,-0.4184195,0.18816255033016205,0.2127872109413147,0.09190919250249863
YBR267W,YHR018C,0,-0.4184595,0.18799647688865662,0.2127872109413147,0.09200920164585114
YBL071W-A,YLR071C,0,-0.41860446,0.18783068656921387,0.2127872109413147,0.09210921078920364
YHR119W,YCL026C-B,0,-0.4187295,0.187665194272995,0.2127872109413147,0.09220921993255615
YML078W,YLR081W,0,-0.41909775,0.1875,0.2127872109413147,0.09230922907590866
YPL106C,YBL085W,0,-0.4191698,0.1873350888490677,0.2127872109413147,0.09240923821926117
YJR092W,YER058W,0,-0.41935477,0.18717047572135925,0.2127872109413147,0.09250924736261368
YOL110W,YKR061W,0,-0.41971096,0.1870061457157135,0.2127872109413147,0.09260926395654678
YKL100C,YFL010W-A,0,-0.41971716,0.18684209883213043,0.2127872109413147,0.09270927309989929
YGL224C,YOR354C,0,-0.41975608,0.18667834997177124,0.2127872109413147,0.0928092822432518
YAL015C,YMR305C,1,-0.41978595,0.18739053606987,0.21378621459007263,0.0928092822432518
YBL045C,YJR007W,0,-0.41980723,0.18722659349441528,0.21378621459007263,0.09290929138660431
YHR143W,YJL221C,1,-0.41986963,0.18793706595897675,0.21478521823883057,0.09290929138660431
YNL191W,YFR036W,0,-0.42003557,0.1877729296684265,0.21478521823883057,0.09300930052995682
YMR290C,YKR018C,0,-0.42020932,0.18760907649993896,0.21478521823883057,0.09310930967330933
YPL111W,YER045C,0,-0.42032114,0.1874455064535141,0.21478521823883057,0.09320931881666183
YGR014W,YOL111C,0,-0.4203846,0.1872822344303131,0.21478521823883057,0.09330932796001434
YNR060W,YGL029W,0,-0.42041945,0.1871192306280136,0.21478521823883057,0.09340934455394745
YOL071W,YBR265W,0,-0.4209961,0.186956524848938,0.21478521823883057,0.09350935369729996
YJL145W,YDR456W,0,-0.42100355,0.18679408729076385,0.21478521823883057,0.09360936284065247
YNL336W,YBL045C,0,-0.42100438,0.1866319477558136,0.21478521823883057,0.09370937198400497
YPR026W,YGL028C,1,-0.42100683,0.18733738362789154,0.2157842218875885,0.09370937198400497
YPR103W,YPR052C,0,-0.42124,0.18717505037784576,0.2157842218875885,0.09380938112735748
YNL223W,YBL091C-A,0,-0.42129567,0.18701298534870148,0.2157842218875885,0.09390939027070999
YEL040W,YPR184W,1,-0.4213041,0.1877162605524063,0.21678321063518524,0.09390939027070999
YPR189W,YCR098C,0,-0.42142513,0.1875540167093277,0.21678321063518524,0.0940093994140625
YOR297C,YOR348C,0,-0.42183167,0.18739205598831177,0.21678321063518524,0.09410940855741501
YGL027C,YPR184W,1,-0.4219998,0.1880931854248047,0.21778221428394318,0.09410940855741501
YLR008C,YGR032W,0,-0.42210802,0.18793103098869324,0.21778221428394318,0.09420941770076752
YKL152C,YDL129W,0,-0.4222487,0.18776915967464447,0.21778221428394318,0.09430943429470062
YOR176W,YMR169C,0,-0.4226342,0.1876075714826584,0.21778221428394318,0.09440944343805313
YDL216C,YGR268C,0,-0.42311233,0.18744626641273499,0.21778221428394318,0.09450945258140564
YOR384W,YER151C,0,-0.42338088,0.18728522956371307,0.21778221428394318,0.09460946172475815
YOR382W,YDR079C-A,0,-0.42358524,0.18712446093559265,0.21778221428394318,0.09470947086811066
YOR293W,YIL158W,0,-0.42378038,0.1869639754295349,0.21778221428394318,0.09480948001146317
YMR114C,YLR264W,0,-0.4238438,0.18680377304553986,0.21778221428394318,0.09490948915481567
YDR065W,YKL009W,0,-0.4239928,0.1866438388824463,0.21778221428394318,0.09500949829816818
YJL062W-A,YHR064C,0,-0.42476973,0.1864841729402542,0.21778221428394318,0.09510950744152069
YDR530C,YFR041C,0,-0.42477039,0.18632479012012482,0.21778221428394318,0.0952095240354538
YPR118W,YBR019C,0,-0.42496437,0.1861656755208969,0.21778221428394318,0.0953095331788063
YER014C-A,YBL009W,0,-0.42511874,0.1860068291425705,0.21778221428394318,0.09540954232215881
YER011W,YOR150W,0,-0.42512038,0.18584825098514557,0.21778221428394318,0.09550955146551132
YOL090W,YNR072W,0,-0.42514372,0.18568995594978333,0.21778221428394318,0.09560956060886383
YDR411C,YOR149C,0,-0.42558768,0.18553191423416138,0.21778221428394318,0.09570956975221634
YNL052W,YLR073C,0,-0.4258546,0.1853741556406021,0.21778221428394318,0.09580957889556885
YDR001C,YDR261C,1,-0.42604497,0.18606626987457275,0.2187812179327011,0.09580957889556885
YHR143W,YEL011W,1,-0.42636326,0.18675722181797028,0.21978022158145905,0.09580957889556885
YPL153C,YGL158W,0,-0.4265512,0.18659880757331848,0.21978022158145905,0.09590958803892136
YHR176W,YBR152W,0,-0.4267458,0.18644067645072937,0.21978022158145905,0.09600960463285446
YPR184W,YNL066W,1,-0.42686355,0.18712955713272095,0.22077922523021698,0.09600960463285446
YHR128W,YJR099W,0,-0.42693016,0.18697123229503632,0.22077922523021698,0.09610961377620697
YDL146W,YOR064C,0,-0.42714843,0.18681319057941437,0.22077922523021698,0.09620962291955948
YMR267W,YNL339C,0,-0.427162,0.18665540218353271,0.22077922523021698,0.09630963206291199
YIL026C,YDL061C,0,-0.42721575,0.18649789690971375,0.22077922523021698,0.0964096412062645
YJR127C,YDR034C-D,0,-0.42731294,0.18634064495563507,0.22077922523021698,0.096509650349617
YJL221C,YOL155C,1,-0.42732352,0.18702611327171326,0.22177822887897491,0.096509650349617
YPL123C,YDR449C,0,-0.42736065,0.18686868250370026,0.22177822887897491,0.09660965949296951
YGR143W,YJR153W,1,-0.42758307,0.1875525712966919,0.22277721762657166,0.09660965949296951
YGL245W,YPL134C,0,-0.42758587,0.18739496171474457,0.22277721762657166,0.09670966863632202
YOR391C,YLR069C,0,-0.42781672,0.18723762035369873,0.22277721762657166,0.09680967777967453
YEL031W,YOR145C,0,-0.42790335,0.1870805323123932,0.22277721762657166,0.09690969437360764
YPL192C,YHR091C,0,-0.42803496,0.18692372739315033,0.22277721762657166,0.09700970351696014
YPR201W,YAL043C,0,-0.4282182,0.18676717579364777,0.22277721762657166,0.09710971266031265
YGL086W,YKL059C,0,-0.42824462,0.1866108775138855,0.22277721762657166,0.09720972180366516
YBR092C,YMR137C,0,-0.4284168,0.18645484745502472,0.22277721762657166,0.09730973094701767
YAL015C,YEL011W,1,-0.42859992,0.1871345043182373,0.2237762212753296,0.09730973094701767
YJL190C,YGL259W,0,-0.42905924,0.1869782954454422,0.2237762212753296,0.09740974009037018
YGR132C,YFL002W-B,0,-0.42919022,0.18682235479354858,0.2237762212753296,0.09750974923372269
YBR050C,YMR119W,0,-0.42927554,0.18666666746139526,0.2237762212753296,0.0976097583770752
YMR128W,YOR140W,0,-0.42955717,0.18651123344898224,0.2237762212753296,0.0977097675204277
YIL067C,YNL139C,0,-0.42974558,0.1863560676574707,0.2237762212753296,0.09780978411436081
YKL046C,YPR184W,1,-0.42983758,0.18703241646289825,0.22477522492408752,0.09780978411436081
YHL009W-A,YGL166W,0,-0.4298749,0.1868770718574524,0.22477522492408752,0.09790979325771332
YGR252W,YML018C,0,-0.42991072,0.18672199547290802,0.22477522492408752,0.09800980240106583
YMR104C,YOR265W,0,-0.4299663,0.18656715750694275,0.22477522492408752,0.09810981154441833
YOR328W,YJL176C,0,-0.43013826,0.18641258776187897,0.22477522492408752,0.09820982068777084
YIL162W,YHR204W,1,-0.43019402,0.1870860904455185,0.22577422857284546,0.09820982068777084
YNR067C,YML021C,1,-0.43063444,0.18775847554206848,0.2267732322216034,0.09820982068777084
YOR310C,YIL125W,0,-0.43076333,0.18760330975055695,0.2267732322216034,0.09830982983112335
YLR330W,YLR395C,0,-0.43103936,0.1874483823776245,0.2267732322216034,0.09840983897447586
YHR211W,YER115C,0,-0.43109143,0.18729372322559357,0.2267732322216034,0.09850984811782837
YFL041W,YLR100W,0,-0.43116328,0.18713931739330292,0.2267732322216034,0.09860985726118088
YCR027C,YBR008C,0,-0.4316851,0.18698517978191376,0.2267732322216034,0.09870987385511398
YFL041W,YDR354W,0,-0.4317362,0.1868312805891037,0.2267732322216034,0.09880988299846649
YGR281W,YJL062W-A,0,-0.4319938,0.18667763471603394,0.2267732322216034,0.098909892141819
YKL096W,YFL052W,0,-0.43210697,0.18652424216270447,0.2267732322216034,0.09900990128517151
YKL130C,YGL158W,0,-0.43227813,0.1863711029291153,0.2267732322216034,0.09910991042852402
YGR085C,YKL168C,0,-0.43235528,0.18621821701526642,0.2267732322216034,0.09920991957187653
YDR221W,YGL028C,1,-0.4326057,0.18688525259494781,0.22777222096920013,0.09920991957187653
YPL038W,YGL068W,0,-0.43266436,0.1867321878671646,0.22777222096920013,0.09930992871522903
YER019C-A,YFR045W,0,-0.43282378,0.1865793764591217,0.22777222096920013,0.09940993785858154
YIL009C-A,YNL092W,0,-0.4328396,0.1864268183708191,0.22777222096920013,0.09950995445251465
YIR012W,YMR282C,0,-0.43291816,0.18627451360225677,0.22777222096920013,0.09960996359586716
YLR373C,YIL170W,0,-0.43303248,0.18612244725227356,0.22777222096920013,0.09970997273921967
YER061C,YMR301C,0,-0.43315062,0.18597063422203064,0.22777222096920013,0.09980998188257217
YOL056W,YER048W-A,0,-0.4332158,0.18581907451152802,0.22777222096920013,0.09990999102592468
YPL177C,YPR189W,0,-0.43339172,0.1856677532196045,0.22777222096920013,0.10001000016927719
YPR030W,YJL014W,0,-0.4335529,0.18551668524742126,0.22777222096920013,0.1001100093126297
YJL160C,YPR091C,0,-0.4335845,0.18536585569381714,0.22777222096920013,0.10021001845598221
YGR279C,YDR221W,1,-0.43361643,0.1860276162624359,0.22877122461795807,0.10021001845598221
YDL064W,YBR010W,0,-0.43378183,0.18587662279605865,0.22877122461795807,0.10031002759933472
YDR142C,YBL068W,0,-0.43399337,0.1857258677482605,0.22877122461795807,0.10041004419326782
YDR038C,YDR425W,0,-0.43399376,0.18557536602020264,0.22877122461795807,0.10051005333662033
YMR208W,YER137C-A,0,-0.43434703,0.18542510271072388,0.22877122461795807,0.10061006247997284
YHR013C,YEL034W,0,-0.43436047,0.18527507781982422,0.22877122461795807,0.10071007162332535
YHR044C,YDR051C,0,-0.43516055,0.18512530624866486,0.22877122461795807,0.10081008076667786
YIL027C,YKL085W,0,-0.43521497,0.1849757730960846,0.22877122461795807,0.10091008991003036
YPR020W,YOR210W,0,-0.4352841,0.18482647836208344,0.22877122461795807,0.10101009905338287
YDR369C,YLR130C,0,-0.43547842,0.18467742204666138,0.22877122461795807,0.10111010819673538
YPL188W,YEL059C-A,0,-0.43605015,0.18452860414981842,0.22877122461795807,0.10121011734008789
YGL023C,YGL135W,0,-0.43628988,0.18438003957271576,0.22877122461795807,0.101310133934021
YOR360C,YGR252W,0,-0.43639836,0.184231698513031,0.22877122461795807,0.1014101430773735
YDR018C,YNR013C,0,-0.43657288,0.18408359587192535,0.22877122461795807,0.10151015222072601
YIL160C,YMR113W,0,-0.4367465,0.18393574655056,0.22877122461795807,0.10161016136407852
YOR171C,YPR113W,0,-0.43704924,0.18378812074661255,0.22877122461795807,0.10171017050743103
YCR010C,YBR087W,0,-0.43713647,0.1836407333612442,0.22877122461795807,0.10181017965078354
YKL096W-A,YGL250W,0,-0.43743744,0.18349358439445496,0.22877122461795807,0.10191018879413605
YER090W,YMR036C,0,-0.43743846,0.1833466738462448,0.22877122461795807,0.10201019793748856
YCL061C,YDL083C,0,-0.43783066,0.18320000171661377,0.22877122461795807,0.10211021453142166
YBR115C,YMR052W,0,-0.43839198,0.18305355310440063,0.22877122461795807,0.10221022367477417
YPL022W,YBL068W,0,-0.4384218,0.1829073429107666,0.22877122461795807,0.10231023281812668
YHL009W-B,YOL080C,0,-0.43851194,0.18276137113571167,0.22877122461795807,0.10241024196147919
YOR071C,YEL054C,0,-0.43865496,0.18261562287807465,0.22877122461795807,0.1025102511048317
YDR454C,YPL134C,0,-0.43876705,0.18247011303901672,0.22877122461795807,0.1026102602481842
YGR287C,YER082C,0,-0.4389558,0.1823248416185379,0.22877122461795807,0.10271026939153671
YBR058C-A,YER184C,0,-0.43900874,0.182179793715477,0.22877122461795807,0.10281027853488922
YLR370C,YFL023W,0,-0.43902138,0.18203496932983398,0.22877122461795807,0.10291028767824173
YOL077W-A,YLR090W,0,-0.43917668,0.18189038336277008,0.22877122461795807,0.10301030427217484
YPL022W,YPR118W,0,-0.43927583,0.18174603581428528,0.22877122461795807,0.10311031341552734
YLR157C-A,YBL010C,0,-0.43931237,0.1816018968820572,0.22877122461795807,0.10321032255887985
YGL156W,YGR292W,1,-0.43942407,0.18225039541721344,0.229770228266716,0.10321032255887985
YBR253W,YPR026W,0,-0.4395015,0.18210609257221222,0.229770228266716,0.10331033170223236
YFL002W-B,YPR026W,0,-0.439613,0.1819620281457901,0.229770228266716,0.10341034084558487
YBL084C,YFR044C,0,-0.43974534,0.1818181872367859,0.229770228266716,0.10351034998893738
YLL033W,YPR058W,0,-0.43985805,0.18167456984519958,0.229770228266716,0.10361035913228989
YGL250W,YDL064W,0,-0.43993965,0.1815311759710312,0.229770228266716,0.1037103682756424
YDR143C,YPR002W,0,-0.44013909,0.1813880056142807,0.229770228266716,0.1038103774189949
YPR184W,YOL157C,1,-0.44055745,0.18203309178352356,0.23076923191547394,0.1038103774189949
YPL060W,YBR156C,0,-0.44057167,0.18188975751399994,0.23076923191547394,0.10391039401292801
YML128C,YNL178W,0,-0.44073185,0.18174666166305542,0.23076923191547394,0.10401040315628052
YLR160C,YEL034W,0,-0.44075274,0.18160377442836761,0.23076923191547394,0.10411041229963303
YNL339C,YBL052C,0,-0.44102564,0.18146111071109772,0.23076923191547394,0.10421042144298553
YGR118W,YBR056W,0,-0.44108102,0.18131868541240692,0.23076923191547394,0.10431043058633804
YJL172W,YOL008W,0,-0.44110122,0.18117646872997284,0.23076923191547394,0.10441043972969055
YOR192C-B,YKL164C,0,-0.44110224,0.18103447556495667,0.23076923191547394,0.10451044887304306
YGL030W,YBR271W,0,-0.4412907,0.1808927208185196,0.23076923191547394,0.10461045801639557
YOR190W,YMR238W,1,-0.4413419,0.18153364956378937,0.23176823556423187,0.10461045801639557
YAL038W,YNL306W,0,-0.44142762,0.18139171600341797,0.23176823556423187,0.10471047461032867
YKL178C,YIL040W,0,-0.44149724,0.18125000596046448,0.23176823556423187,0.10481048375368118
YBR161W,YOL133W,0,-0.44154534,0.1811085045337677,0.23176823556423187,0.10491049289703369
YPL249C-A,YNL095C,0,-0.4415482,0.18096724152565002,0.23176823556423187,0.1050105020403862
YDR210W-A,YCL036W,0,-0.44167718,0.18082618713378906,0.23176823556423187,0.10511051118373871
YLR024C,YDL014W,0,-0.44192308,0.180685356259346,0.23176823556423187,0.10521052032709122
YDL005C,YIL126W,0,-0.44196835,0.18054474890232086,0.23176823556423187,0.10531052947044373
YGR286C,YDL165W,0,-0.44222707,0.18040435016155243,0.23176823556423187,0.10541053861379623
YOR346W,YML045W-A,0,-0.4422922,0.1802641749382019,0.23176823556423187,0.10551054775714874
YGL141W,YDR497C,0,-0.44234785,0.1801242232322693,0.23176823556423187,0.10561056435108185
YLR228C,YLR266C,0,-0.44239044,0.17998448014259338,0.23176823556423187,0.10571057349443436
YNR044W,YFR029W,0,-0.4425076,0.1798449605703354,0.23176823556423187,0.10581058263778687
YDR443C,YIL015W,0,-0.44266424,0.1797056496143341,0.23176823556423187,0.10591059178113937
YJL216C,YMR305C,1,-0.44276622,0.18034055829048157,0.2327672392129898,0.10591059178113937
YOR344C,YAL042W,0,-0.44276887,0.18020108342170715,0.2327672392129898,0.10601060092449188
YGL249W,YJL062W-A,0,-0.44308993,0.18006181716918945,0.2327672392129898,0.10611061006784439
YJL123C,YMR307W,0,-0.44349074,0.17992277443408966,0.2327672392129898,0.1062106192111969
YJR135C,YPL252C,0,-0.44351077,0.17978395521640778,0.2327672392129898,0.10631062835454941
YDR170W-A,YIL088C,0,-0.44376996,0.1796453297138214,0.2327672392129898,0.10641063749790192
YBR077C,YGR180C,0,-0.4440875,0.17950692772865295,0.2327672392129898,0.10651065409183502
YPL032C,YER145C,0,-0.444111,0.1793687492609024,0.2327672392129898,0.10661066323518753
YMR218C,YOR343W-B,0,-0.44449556,0.17923076450824738,0.2327672392129898,0.10671067237854004
YER120W,YOL103W-B,0,-0.4447113,0.17909300327301025,0.2327672392129898,0.10681068152189255
YBR018C,YHR123W,0,-0.44544372,0.17895545065402985,0.2327672392129898,0.10691069066524506
YFL031W,YMR099C,0,-0.44556198,0.17881810665130615,0.2327672392129898,0.10701069980859756
YGR288W,YLR355C,0,-0.4457424,0.17868098616600037,0.2327672392129898,0.10711070895195007
YBR207W,YCR098C,0,-0.4457792,0.1785440593957901,0.2327672392129898,0.10721071809530258
YER120W,YDR306C,0,-0.44593996,0.17840735614299774,0.2327672392129898,0.10731073468923569
YIL073C,YOR343W-B,0,-0.44616047,0.1782708466053009,0.2327672392129898,0.1074107438325882
YPR043W,YBR098W,0,-0.4464499,0.17813456058502197,0.2327672392129898,0.1075107529759407
YOR073W,YOR201C,0,-0.44651037,0.17799846827983856,0.2327672392129898,0.10761076211929321
YPL231W,YNL005C,0,-0.44656664,0.17786259949207306,0.2327672392129898,0.10771077126264572
YDR388W,YBR031W,0,-0.44659054,0.17772692441940308,0.2327672392129898,0.10781078040599823
YMR238W,YBR229C,1,-0.44679412,0.17835365235805511,0.23376622796058655,0.10781078040599823
YGR189C,YGR292W,1,-0.44705948,0.17897944152355194,0.23476523160934448,0.10781078040599823
YDR134C,YMR061W,0,-0.44717082,0.17884323000907898,0.23476523160934448,0.10791078954935074
YKL034W,YFL039C,0,-0.44731003,0.17870722711086273,0.23476523160934448,0.10801079869270325
YDR090C,YLR035C,0,-0.44756272,0.1785714328289032,0.23476523160934448,0.10811080783605576
YJL042W,YKL024C,0,-0.44770542,0.17843583226203918,0.23476523160934448,0.10821082442998886
YGR036C,YER137C-A,0,-0.4478319,0.17830045521259308,0.23476523160934448,0.10831083357334137
YPL186C,YGL039W,0,-0.44795415,0.1781652718782425,0.23476523160934448,0.10841084271669388
YBL030C,YNL119W,0,-0.44832298,0.17803029716014862,0.23476523160934448,0.10851085186004639
YDR034C-C,YDR356W,0,-0.44835016,0.17789553105831146,0.23476523160934448,0.1086108610033989
YDR052C,YPR186C,0,-0.44855946,0.17776097357273102,0.23476523160934448,0.1087108701467514
YLR410W-B,YMR308C,0,-0.4487987,0.1776266098022461,0.23476523160934448,0.10881087929010391
YIL084C,YML109W,0,-0.44882068,0.1774924397468567,0.23476523160934448,0.10891088843345642
YKR056W,YGR161W-B,0,-0.44882134,0.1773584932088852,0.23476523160934448,0.10901089757680893
YBR299W,YBR056W,1,-0.448854,0.17797888815402985,0.23576423525810242,0.10901089757680893
YNR001C,YNL069C,0,-0.448971,0.17784476280212402,0.23576423525810242,0.10911091417074203
YKR028W,YCL026C-B,0,-0.44905782,0.17771084606647491,0.23576423525810242,0.10921092331409454
YER004W,YJR017C,0,-0.44907227,0.17757712304592133,0.23576423525810242,0.10931093245744705
YJR158W,YJR057W,0,-0.44929454,0.17744360864162445,0.23576423525810242,0.10941094160079956
YOR375C,YGR109W-B,0,-0.45000082,0.1773102879524231,0.23576423525810242,0.10951095074415207
YGR135W,YMR088C,0,-0.45009652,0.17717717587947845,0.23576423525810242,0.10961095988750458
YLR213C,YOL043C,1,-0.45015177,0.1777944415807724,0.23676323890686035,0.10961095988750458
YDR033W,YOR327C,0,-0.4502164,0.17766116559505463,0.23676323890686035,0.10971096903085709
YLR309C,YBR271W,0,-0.450294,0.17752808332443237,0.23676323890686035,0.1098109781742096
YBR083W,YPL268W,0,-0.4503701,0.17739520967006683,0.23676323890686035,0.1099109947681427
YGR194C,YMR202W,0,-0.45046082,0.17726252973079681,0.23676323890686035,0.11001100391149521
YJL216C,YGR189C,1,-0.450489,0.17787742614746094,0.2377622425556183,0.11001100391149521
YLR080W,YJL062W-A,0,-0.45074937,0.17774458229541779,0.2377622425556183,0.11011101305484772
YLR157C-A,YBR298C,0,-0.45078373,0.17761194705963135,0.2377622425556183,0.11021102219820023
YMR260C,YER011W,0,-0.45089936,0.17747949063777924,0.2377622425556183,0.11031103134155273
YHL008C,YGL148W,0,-0.4510958,0.17734724283218384,0.2377622425556183,0.11041104048490524
YCL033C,YMR235C,0,-0.45123205,0.17721518874168396,0.2377622425556183,0.11051104962825775
YIL114C,YLR383W,0,-0.45127156,0.1770833283662796,0.2377622425556183,0.11061105877161026
YIL042C,YIL066C,0,-0.45141396,0.17695167660713196,0.2377622425556183,0.11071106791496277
YBR171W,YOL077W-A,0,-0.4515164,0.17682020366191864,0.2377622425556183,0.11081108450889587
YLR410W-A,YGL038C,0,-0.4515515,0.17668893933296204,0.2377622425556183,0.11091109365224838
YGL071W,YOR181W,0,-0.45157322,0.17655786871910095,0.2377622425556183,0.11101110279560089
YPL106C,YDR014W,0,-0.45191875,0.1764269769191742,0.2377622425556183,0.1111111119389534
YLR178C,YKL009W,0,-0.45205024,0.17629629373550415,0.2377622425556183,0.11121112108230591
YML042W,YNL271C,0,-0.4522154,0.17616580426692963,0.2377622425556183,0.11131113022565842
YDR288W,YEL070W,0,-0.4522321,0.17603550851345062,0.2377622425556183,0.11141113936901093
YJR112W,YOL097C,0,-0.4524809,0.17590539157390594,0.2377622425556183,0.11151114851236343
YBL103C,YJL191W,0,-0.45251504,0.17577548325061798,0.2377622425556183,0.11161115765571594
YDR001C,YGR282C,1,-0.45252743,0.17638376355171204,0.23876124620437622,0.11161115765571594
YLL034C,YPR094W,0,-0.45273128,0.17625369131565094,0.23876124620437622,0.11171117424964905
YNL188W,YKL181W,0,-0.45288426,0.17612379789352417,0.23876124620437622,0.11181118339300156
YJL062W,YDR479C,0,-0.45316407,0.1759941130876541,0.23876124620437622,0.11191119253635406
YHL009W-A,YBR265W,0,-0.45318475,0.17586460709571838,0.23876124620437622,0.11201120167970657
YMR308C,YKR024C,0,-0.4532105,0.17573529481887817,0.23876124620437622,0.11211121082305908
YOR255W,YIL076W,0,-0.4532885,0.17560617625713348,0.23876124620437622,0.11221121996641159
YOR188W,YER103W,0,-0.45330068,0.17547723650932312,0.23876124620437622,0.1123112291097641
YJL160C,YDR158W,0,-0.4534267,0.17534849047660828,0.23876124620437622,0.11241123825311661
YEL065W,YOR304C-A,0,-0.45344523,0.17521993815898895,0.23876124620437622,0.11251125484704971
YNL315C,YMR287C,0,-0.45351338,0.17509157955646515,0.23876124620437622,0.11261126399040222
YJR103W,YDR381C-A,0,-0.45355776,0.17496339976787567,0.23876124620437622,0.11271127313375473
YML130C,YDL229W,0,-0.4537746,0.17483539879322052,0.23876124620437622,0.11281128227710724
YEL037C,YLR208W,0,-0.45385092,0.17470760643482208,0.23876124620437622,0.11291129142045975
YOR142W-A,YMR193W,0,-0.45417064,0.17457997798919678,0.23876124620437622,0.11301130056381226
YCR027C,YCL033C,0,-0.45445386,0.17445255815982819,0.23876124620437622,0.11311130970716476
YBR229C,YOL157C,1,-0.45481464,0.17505469918251038,0.23976023495197296,0.11311130970716476
YDL202W,YNL054W-B,0,-0.4548823,0.17492711544036865,0.23976023495197296,0.11321131885051727
YCR094W,YHR002W,0,-0.45494574,0.17479971051216125,0.23976023495197296,0.11331132799386978
YIL026C,YNL070W,0,-0.45497438,0.17467248439788818,0.23976023495197296,0.11341134458780289
YBR139W,YPL060C-A,0,-0.455044,0.17454545199871063,0.23976023495197296,0.1135113537311554
YNL052W,YGR087C,0,-0.4550943,0.1744185984134674,0.23976023495197296,0.1136113628745079
YBR251W,YER025W,0,-0.4552001,0.1742919385433197,0.23976023495197296,0.11371137201786041
YOL109W,YDR210W-B,0,-0.45528165,0.17416545748710632,0.23976023495197296,0.11381138116121292
YDL121C,YKR055W,0,-0.4552945,0.17403915524482727,0.23976023495197296,0.11391139030456543
YBR001C,YNL066W,1,-0.45533797,0.17463767528533936,0.2407592386007309,0.11391139030456543
YHR143W-A,YNL331C,0,-0.4554563,0.17451122403144836,0.2407592386007309,0.11401139944791794
YOR214C,YBR067C,0,-0.45556474,0.1743849515914917,0.2407592386007309,0.11411140859127045
YER053C,YLR057W,0,-0.45560405,0.17425885796546936,0.2407592386007309,0.11421141773462296
YDR476C,YHL009W-A,0,-0.455702,0.17413294315338135,0.2407592386007309,0.11431143432855606
YLR376C,YMR088C,0,-0.4558119,0.17400722205638885,0.2407592386007309,0.11441144347190857
YLR213C,YLR144C,1,-0.4558833,0.1746031790971756,0.24175824224948883,0.11441144347190857
YJR082C,YLR210W,0,-0.45596465,0.17447729408740997,0.24175824224948883,0.11451145261526108
YDR312W,YOL077W-A,0,-0.45602846,0.17435158789157867,0.24175824224948883,0.11461146175861359
YHR156C,YOL092W,0,-0.45615146,0.1742260605096817,0.24175824224948883,0.1147114709019661
YEL070W,YGL180W,0,-0.45636955,0.17410072684288025,0.24175824224948883,0.1148114800453186
YGR128C,YFL002W-B,0,-0.45644525,0.17397555708885193,0.24175824224948883,0.11491148918867111
YPL060C-A,YLR204W,0,-0.4565735,0.17385058104991913,0.24175824224948883,0.11501149833202362
YBL042C,YER148W,0,-0.45681053,0.17372576892375946,0.24175824224948883,0.11511150747537613
YFL034C-A,YGL035C,0,-0.45683157,0.1736011505126953,0.24175824224948883,0.11521152406930923
YGR225W,YER003C,0,-0.45683554,0.1734766960144043,0.24175824224948883,0.11531153321266174
YDR495C,YGR109W-B,0,-0.45704877,0.1733524352312088,0.24175824224948883,0.11541154235601425
YDR382W,YFR042W,0,-0.45707533,0.17322835326194763,0.24175824224948883,0.11551155149936676
YDR298C,YMR054W,0,-0.45708144,0.1731044352054596,0.24175824224948883,0.11561156064271927
YNL256W,YPL121C,0,-0.45716703,0.17298069596290588,0.24175824224948883,0.11571156978607178
YER090W,YLR038C,0,-0.45734766,0.1728571355342865,0.24175824224948883,0.11581157892942429
YGR292W,YDL236W,0,-0.45752817,0.17273376882076263,0.24175824224948883,0.1159115880727768
YGR109W-B,YDL128W,0,-0.45757595,0.1726105511188507,0.24175824224948883,0.1160116046667099
YHR052W,YDR320C,0,-0.4579514,0.1724875271320343,0.24175824224948883,0.11611161381006241
YOR122C,YER087C-B,0,-0.45807984,0.17236466705799103,0.24175824224948883,0.11621162295341492
YBL074C,YPL068C,0,-0.45822012,0.17224198579788208,0.24175824224948883,0.11631163209676743
YFL008W,YLR410W-A,0,-0.45832214,0.17211948335170746,0.24175824224948883,0.11641164124011993
YPR200C,YLL051C,0,-0.45832914,0.17199715971946716,0.24175824224948883,0.11651165038347244
YOL156W,YLR395C,0,-0.4584353,0.171875,0.24175824224948883,0.11661165952682495
YKL221W,YDR134C,0,-0.45854434,0.17175301909446716,0.24175824224948883,0.11671166867017746
YHR064C,YDR011W,0,-0.45856434,0.17163120210170746,0.24175824224948883,0.11681167781352997
YNR057C,YGR166W,0,-0.45858338,0.17150956392288208,0.24175824224948883,0.11691169440746307
YER018C,YBR278W,0,-0.45865223,0.17138810455799103,0.24175824224948883,0.11701170355081558
YOL127W,YPL088W,0,-0.4587773,0.1712668091058731,0.24175824224948883,0.11711171269416809
YBR052C,YCR040W,0,-0.4587866,0.17114569246768951,0.24175824224948883,0.1172117218375206
YPR049C,YDR072C,0,-0.45904306,0.17102473974227905,0.24175824224948883,0.11731173098087311
YAL012W,YNR072W,0,-0.4590548,0.17090395092964172,0.24175824224948883,0.11741174012422562
YGR292W,YIR007W,1,-0.45906976,0.17148905992507935,0.24275724589824677,0.11741174012422562
YGR161W-B,YKL010C,0,-0.4591085,0.17136812210083008,0.24275724589824677,0.11751174926757812
YDR055W,YER151C,0,-0.45941117,0.17124736309051514,0.24275724589824677,0.11761175841093063
YEL077C,YDR034C-C,0,-0.45952532,0.17112676799297333,0.24275724589824677,0.11771176755428314
YMR090W,YJR029W,0,-0.45968544,0.17100633680820465,0.24275724589824677,0.11781178414821625
YJR051W,YER115C,0,-0.45974547,0.1708860695362091,0.24275724589824677,0.11791179329156876
YDR034C-D,YGR148C,0,-0.45994598,0.1707659810781479,0.24275724589824677,0.11801180243492126
YLR410W-B,YKR071C,0,-0.46004996,0.170646071434021,0.24275724589824677,0.11811181157827377
YNL082W,YHL018W,0,-0.46009228,0.17052631080150604,0.24275724589824677,0.11821182072162628
YIL084C,YJL014W,0,-0.46009412,0.17040672898292542,0.24275724589824677,0.11831182986497879
YNL217W,YLR423C,0,-0.46026835,0.17028731107711792,0.24275724589824677,0.1184118390083313
YBR299W,YGR189C,1,-0.46041653,0.17086835205554962,0.2437562495470047,0.1184118390083313
YER130C,YIL135C,0,-0.4607766,0.170748770236969,0.2437562495470047,0.11851184815168381
YOL027C,YCR023C,0,-0.46079668,0.1706293672323227,0.2437562495470047,0.11861186474561691
YKL034W,YDL055C,0,-0.4608521,0.17051012814044952,0.2437562495470047,0.11871187388896942
YCL026C-B,YLR244C,0,-0.46106994,0.17039106786251068,0.2437562495470047,0.11881188303232193
YER142C,YHR204W,1,-0.46117848,0.17096999287605286,0.24475523829460144,0.11881188303232193
YLR034C,YMR170C,0,-0.46131322,0.17085076868534088,0.24475523829460144,0.11891189217567444
YPR111W,YDR389W,0,-0.46131587,0.17073170840740204,0.24475523829460144,0.11901190131902695
YDR069C,YDR261W-A,0,-0.46131945,0.17061281204223633,0.24475523829460144,0.11911191046237946
YDR261W-B,YOR233W,0,-0.4613388,0.17049407958984375,0.24475523829460144,0.11921191960573196
YLR398C,YDL121C,0,-0.46134076,0.1703755259513855,0.24475523829460144,0.11931192874908447
YBL071W-A,YKR103W,0,-0.4614503,0.17025712132453918,0.24475523829460144,0.11941193789243698
YLR390W,YER159C-A,0,-0.46146098,0.1701388955116272,0.24475523829460144,0.11951195448637009
YJL216C,YDR400W,1,-0.46156126,0.17071478068828583,0.24575424194335938,0.11951195448637009
YLR154C,YDL109C,0,-0.4620022,0.1705963909626007,0.24575424194335938,0.1196119636297226
YLR110C,YEL004W,0,-0.4621232,0.17047816514968872,0.24575424194335938,0.1197119727730751
YGR109W-B,YKL017C,0,-0.46230417,0.17036011815071106,0.24575424194335938,0.11981198191642761
YAR035W,YFL039C,0,-0.46247306,0.17024222016334534,0.24575424194335938,0.11991199105978012
YJR153W,YEL011W,1,-0.46276885,0.17081604897975922,0.2467532455921173,0.11991199105978012
YIL140W,YMR295C,0,-0.46300182,0.17069800198078156,0.2467532455921173,0.12001200020313263
YEL011W,YMR283C,0,-0.46309218,0.17058010399341583,0.2467532455921173,0.12011200934648514
YHL019C,YIR009W,0,-0.4631491,0.17046238481998444,0.2467532455921173,0.12021201848983765
YLR209C,YPL134C,0,-0.46315095,0.17034482955932617,0.2467532455921173,0.12031202763319016
YGR087C,YOR150W,0,-0.46327904,0.17022742331027985,0.2467532455921173,0.12041204422712326
YPL031C,YBL102W,0,-0.46339136,0.17011019587516785,0.2467532455921173,0.12051205337047577
YDL180W,YOR343W-B,0,-0.46350127,0.16999311745166779,0.2467532455921173,0.12061206251382828
YEL077C,YJL190C,0,-0.46353438,0.16987620294094086,0.2467532455921173,0.12071207165718079
YPR001W,YOR323C,0,-0.46360967,0.16975945234298706,0.2467532455921173,0.1208120808005333
YDR492W,YDL049C,0,-0.46361628,0.1696428507566452,0.2467532455921173,0.1209120899438858
YLR390W,YIL129C,0,-0.46361893,0.16952642798423767,0.2467532455921173,0.12101209908723831
YCR098C,YPR001W,0,-0.46365964,0.16941015422344208,0.2467532455921173,0.12111210823059082
YKL221W,YIL127C,0,-0.46368626,0.16929404437541962,0.2467532455921173,0.12121212482452393
YDL156W,YBL018C,0,-0.4638268,0.1691780835390091,0.2467532455921173,0.12131213396787643
YFR007W,YNL110C,0,-0.4638503,0.1690622866153717,0.2467532455921173,0.12141214311122894
YPL274W,YGL121C,0,-0.46394837,0.16894665360450745,0.2467532455921173,0.12151215225458145
YJR147W,YKL178C,0,-0.46420804,0.16883116960525513,0.2467532455921173,0.12161216139793396
YJL093C,YJL076W,0,-0.46421793,0.16871584951877594,0.2467532455921173,0.12171217054128647
YOL138C,YDR261W-B,0,-0.46425626,0.1686006784439087,0.2467532455921173,0.12181217968463898
YOL155C,YIR007W,1,-0.46426007,0.16916780173778534,0.24775224924087524,0.12181217968463898
YPR187W,YBL019W,0,-0.46429345,0.16905248165130615,0.24775224924087524,0.12191218882799149
YGR008C,YJR094W-A,0,-0.46443188,0.1689373254776001,0.24775224924087524,0.122012197971344
YBR175W,YDR079C-A,0,-0.4646006,0.16882233321666718,0.24775224924087524,0.1221122145652771
YIL109C,YGR038C-B,0,-0.46475473,0.1687074899673462,0.24775224924087524,0.12221222370862961
YKL108W,YJR016C,0,-0.46475485,0.16859279572963715,0.24775224924087524,0.12231223285198212
YDR261C-D,YOL104C,0,-0.46478713,0.16847826540470123,0.24775224924087524,0.12241224199533463
YDL245C,YLR268W,0,-0.4648334,0.16836388409137726,0.24775224924087524,0.12251225113868713
YNR050C,YOL152W,0,-0.46496662,0.16824966669082642,0.24775224924087524,0.12261226028203964
YOR354C,YLR020C,0,-0.46498108,0.1681355983018875,0.24775224924087524,0.12271226942539215
YDR483W,YMR136W,0,-0.4650518,0.16802167892456055,0.24775224924087524,0.12281227856874466
YPR060C,YBR056W,0,-0.4651783,0.1679079234600067,0.24775224924087524,0.12291228771209717
YJL192C,YLR216C,0,-0.46520373,0.16779431700706482,0.24775224924087524,0.12301230430603027
YOL103W-B,YBR102C,0,-0.46526417,0.16768085956573486,0.24775224924087524,0.12311231344938278
YHL009W-B,YHR136C,0,-0.46548018,0.16756756603717804,0.24775224924087524,0.12321232259273529
YPR184W,YBL079W,0,-0.4654878,0.16745442152023315,0.24775224924087524,0.1233123317360878
YHL009W-B,YDL191W,0,-0.4655822,0.1673414260149002,0.24775224924087524,0.12341234087944031
YCR071C,YOR115C,0,-0.46564347,0.1672285944223404,0.24775224924087524,0.12351235002279282
YDR034C-C,YDL060W,0,-0.4657605,0.16711589694023132,0.24775224924087524,0.12361235916614532
YGL161C,YFL002W-B,0,-0.46580735,0.16700336337089539,0.24775224924087524,0.12371236830949783
YDR210W-A,YNR070W,0,-0.465996,0.1668909788131714,0.24775224924087524,0.12381238490343094
YJL044C,YDR283C,0,-0.46613678,0.16677874326705933,0.24775224924087524,0.12391239404678345
YFR015C,YJL159W,0,-0.46650073,0.1666666716337204,0.24775224924087524,0.12401240319013596
YGL232W,YGR068C,0,-0.46656296,0.16655473411083221,0.24775224924087524,0.12411241233348846
YLR209C,YFL002W-B,0,-0.46696192,0.16644294559955597,0.24775224924087524,0.12421242147684097
YMR122W-A,YJL092W,0,-0.4671709,0.16633132100105286,0.24775224924087524,0.12431243062019348
YGL004C,YGR221C,0,-0.46719787,0.16621984541416168,0.24775224924087524,0.12441243976354599
YCL004W,YPL092W,0,-0.46721625,0.16610850393772125,0.24775224924087524,0.1245124489068985
YOR036W,YBL004W,0,-0.46729815,0.16599732637405396,0.24775224924087524,0.12461245805025101
YAR031W,YHL027W,0,-0.4674681,0.1658862829208374,0.24775224924087524,0.12471247464418411
YDL194W,YOL115W,0,-0.46761146,0.16577540338039398,0.24775224924087524,0.12481248378753662
YOR176W,YHL009W-A,0,-0.4677644,0.1656646579504013,0.24775224924087524,0.12491249293088913
YOL039W,YDR237W,0,-0.4678919,0.16555407643318176,0.24775224924087524,0.12501250207424164
YMR228W,YDL191W,0,-0.46797147,0.16544362902641296,0.24775224924087524,0.12511251866817474
YOL120C,YKL003C,0,-0.46805546,0.1653333306312561,0.24775224924087524,0.12521252036094666
YNL107W,YPL060C-A,0,-0.46834,0.16522318124771118,0.24775224924087524,0.12531253695487976
YJR134C,YPL283C,0,-0.4683623,0.1651131808757782,0.24775224924087524,0.12541253864765167
YJR131W,YOL155C,1,-0.46840635,0.16566866636276245,0.24875125288963318,0.12541253864765167
YDR362C,YMR300C,0,-0.46871278,0.16555851697921753,0.24875125288963318,0.12551255524158478
YLR144C,YGR282C,1,-0.46874562,0.1661129593849182,0.2497502565383911,0.12551255524158478
YER165W,YHR072W-A,0,-0.46881253,0.16600266098976135,0.2497502565383911,0.1256125569343567
YPR159W,YGR292W,1,-0.46881384,0.16655607521533966,0.25074926018714905,0.1256125569343567
YOR122C,YOR255W,0,-0.46894255,0.16644562780857086,0.25074926018714905,0.1257125735282898
YJR004C,YKL119C,0,-0.46899736,0.1663353145122528,0.25074926018714905,0.1258125752210617
YGR020C,YLR204W,0,-0.46909395,0.16622516512870789,0.25074926018714905,0.1259125918149948
YOR192C-B,YLR450W,0,-0.46911708,0.1661151498556137,0.25074926018714905,0.12601260840892792
YEL011W,YNL066W,1,-0.46928716,0.1666666716337204,0.251748263835907,0.12601260840892792
YNR032W,YOR343W-B,0,-0.46929035,0.16655650734901428,0.251748263835907,0.12611261010169983
YLR133W,YPL257W-B,0,-0.4694514,0.1664464920759201,0.251748263835907,0.12621262669563293
YNL230C,YNL110C,0,-0.46959814,0.16633664071559906,0.251748263835907,0.12631262838840485
YIL122W,YEL071W,0,-0.46964905,0.16622690856456757,0.251748263835907,0.12641264498233795
YDR079C-A,YBR160W,0,-0.46966085,0.1661173403263092,0.251748263835907,0.12651264667510986
YGR076C,YOR056C,0,-0.4696971,0.1660079061985016,0.251748263835907,0.12661266326904297
YIL172C,YLR310C,0,-0.46982536,0.1658986210823059,0.251748263835907,0.12671266496181488
YLR368W,YPL274W,0,-0.46993998,0.16578947007656097,0.251748263835907,0.12681268155574799
YPR052C,YBR009C,0,-0.46995315,0.16568046808242798,0.251748263835907,0.1269126981496811
YBL029C-A,YOR308C,0,-0.47003543,0.16557161509990692,0.251748263835907,0.127012699842453
YPR049C,YGL009C,0,-0.4702327,0.1654628962278366,0.251748263835907,0.1271127164363861
YGL030W,YKL101W,0,-0.4703069,0.16535432636737823,0.251748263835907,0.12721271812915802
YEL011W,YOL157C,1,-0.47050723,0.16590164601802826,0.2527472674846649,0.12721271812915802
YMR238W,YPL252C,0,-0.47058406,0.16579292714595795,0.2527472674846649,0.12731273472309113
YDL198C,YOL034W,0,-0.47060564,0.16568434238433838,0.2527472674846649,0.12741273641586304
YPL060C-A,YJL010C,0,-0.4707125,0.16557592153549194,0.2527472674846649,0.12751275300979614
YDR314C,YPL259C,0,-0.47072634,0.16546761989593506,0.2527472674846649,0.12761275470256805
YNL223W,YDR210C-C,0,-0.47090223,0.1653594821691513,0.2527472674846649,0.12771277129650116
YIL162W,YDR400W,1,-0.47110483,0.16590464115142822,0.25374624133110046,0.12771277129650116
YLR227W-B,YGL008C,0,-0.47113612,0.16579633951187134,0.25374624133110046,0.12781278789043427
YJL062W-A,YKL210W,0,-0.47138584,0.1656881868839264,0.25374624133110046,0.12791278958320618
YOR190W,YNR067C,1,-0.47142854,0.16623207926750183,0.2547452449798584,0.12791278958320618
YER154W,YDR420W,0,-0.47150066,0.16612377762794495,0.2547452449798584,0.12801280617713928
YLR205C,YIL004C,0,-0.47150195,0.166015625,0.2547452449798584,0.1281128078699112
YPR137C-B,YHR216W,0,-0.47157302,0.1659076064825058,0.2547452449798584,0.1282128244638443
YDR184C,YDR518W,0,-0.47180668,0.16579973697662354,0.2547452449798584,0.1283128261566162
YDR018C,YMR308C,0,-0.47201887,0.16569200158119202,0.2547452449798584,0.12841284275054932
YDL039C,YER020W,0,-0.47205153,0.16558441519737244,0.2547452449798584,0.12851284444332123
YER074W-A,YKL124W,0,-0.47212604,0.1654769629240036,0.2547452449798584,0.12861286103725433
YHL009W-B,YJL204C,0,-0.47227415,0.1653696447610855,0.2547452449798584,0.12871287763118744
YGR161W-B,YNL306W,0,-0.4723029,0.16526247560977936,0.2547452449798584,0.12881287932395935
YOR384W,YKL120W,0,-0.47231454,0.16515544056892395,0.2547452449798584,0.12891289591789246
YLR307W,YPL091W,0,-0.47243014,0.1650485396385193,0.2547452449798584,0.12901289761066437
YLR353W,YLL012W,0,-0.4725187,0.16494178771972656,0.2547452449798584,0.12911291420459747
YJR152W,YER070W,0,-0.4725675,0.16483516991138458,0.2547452449798584,0.12921291589736938
YPR185W,YGL135W,0,-0.4726467,0.16472868621349335,0.2547452449798584,0.1293129324913025
YDR228C,YBL054W,0,-0.4727668,0.16462233662605286,0.2547452449798584,0.1294129341840744
YDR320C-A,YOR171C,0,-0.47279215,0.1645161360502243,0.2547452449798584,0.1295129507780075
YLR206W,YGL077C,0,-0.4730138,0.1644100546836853,0.2547452449798584,0.1296129673719406
YLL045C,YHR028C,0,-0.4732562,0.16430412232875824,0.2547452449798584,0.12971296906471252
YLR213C,YLR286C,1,-0.47330958,0.16484224796295166,0.25574424862861633,0.12971296906471252
YBR187W,YPL274W,0,-0.47337982,0.16473616659641266,0.25574424862861633,0.12981298565864563
YMR303C,YHR124W,0,-0.47341233,0.1646302193403244,0.25574424862861633,0.12991298735141754
YLR362W,YGR288W,0,-0.47349846,0.16452442109584808,0.25574424862861633,0.13001300394535065
YDR281C,YGR186W,0,-0.47361168,0.1644187569618225,0.25574424862861633,0.13011300563812256
YCR027C,YOL045W,0,-0.47361878,0.16431322693824768,0.25574424862861633,0.13021302223205566
YDR381C-A,YGL256W,0,-0.47364804,0.1642078310251236,0.25574424862861633,0.13031302392482758
YKR059W,YGR288W,0,-0.47380576,0.16410256922245026,0.25574424862861633,0.13041304051876068
YGL137W,YGL071W,0,-0.47390252,0.16399744153022766,0.25574424862861633,0.1305130571126938
YOR348C,YPR163C,0,-0.47428277,0.1638924479484558,0.25574424862861633,0.1306130588054657
YJL033W,YOL077W-A,0,-0.47442177,0.1637875884771347,0.25574424862861633,0.1307130753993988
YDR210W-A,YOL004W,0,-0.47442213,0.16368286311626434,0.25574424862861633,0.13081307709217072
YOL077W-A,YKL178C,0,-0.4748592,0.16357827186584473,0.25574424862861633,0.13091309368610382
YBL029C-A,YLL004W,0,-0.4749133,0.16347381472587585,0.25574424862861633,0.13101309537887573
YPR198W,YDR218C,0,-0.474922,0.16336949169635773,0.25574424862861633,0.13111311197280884
YDR079C-A,YGR175C,0,-0.47507998,0.16326530277729034,0.25574424862861633,0.13121312856674194
YDR003W,YDR159W,0,-0.47519416,0.1631612479686737,0.25574424862861633,0.13131313025951385
YPR159W,YGR287C,1,-0.475225,0.16369426250457764,0.25674325227737427,0.13131313025951385
YPL213W,YAL035W,0,-0.47527626,0.16359007358551025,0.25674325227737427,0.13141314685344696
YBR297W,YOR292C,0,-0.47527826,0.16348600387573242,0.25674325227737427,0.13151314854621887
YKL091C,YDR510W,0,-0.47532907,0.16338206827640533,0.25674325227737427,0.13161316514015198
YJL062W-A,YMR127C,0,-0.4753955,0.163278266787529,0.25674325227737427,0.1317131668329239
YGR038C-B,YPR002W,0,-0.4756649,0.1631745994091034,0.25674325227737427,0.131813183426857
YDL080C,YKR046C,0,-0.47569403,0.16307106614112854,0.25674325227737427,0.1319131851196289
YDL040C,YOR343W-B,0,-0.47571424,0.16296766698360443,0.25674325227737427,0.132013201713562
YBR265W,YMR056C,0,-0.47574928,0.16286438703536987,0.25674325227737427,0.13211321830749512
YOL103W-B,YFL044C,0,-0.47591215,0.16276124119758606,0.25674325227737427,0.13221322000026703
YJL062W-A,YDR423C,0,-0.47594395,0.162658229470253,0.25674325227737427,0.13231323659420013
YNL315C,YAL020C,0,-0.47646677,0.16255535185337067,0.25674325227737427,0.13241323828697205
YIL112W,YKL021C,0,-0.47647128,0.1624525934457779,0.25674325227737427,0.13251325488090515
YJR004C,YJR067C,0,-0.47650042,0.16234996914863586,0.25674325227737427,0.13261325657367706
YLR286C,YEL011W,1,-0.47653857,0.16287878155708313,0.2577422559261322,0.13261325657367706
YGL083W,YDL181W,0,-0.47665936,0.16277602314949036,0.2577422559261322,0.13271327316761017
YNL236W,YMR116C,0,-0.47678444,0.16267339885234833,0.2577422559261322,0.13281327486038208
YGL001C,YDL137W,0,-0.47701705,0.16257089376449585,0.2577422559261322,0.13291329145431519
YMR238W,YER142C,1,-0.4772864,0.16309823095798492,0.25874125957489014,0.13291329145431519
YGR075C,YER044C,0,-0.47729167,0.1629955917596817,0.25874125957489014,0.1330133080482483
YDL171C,YBR234C,0,-0.4773173,0.16289308667182922,0.25874125957489014,0.1331133097410202
YER137C,YGL168W,0,-0.4774111,0.1627907007932663,0.25874125957489014,0.1332133263349533
YOR054C,YBL024W,0,-0.47751006,0.1626884490251541,0.25874125957489014,0.13331332802772522
YOL120C,YDR524C,0,-0.47761038,0.16258631646633148,0.25874125957489014,0.13341334462165833
YPL266W,YDR210W-A,0,-0.47763756,0.1624843180179596,0.25874125957489014,0.13351334631443024
YBL037W,YPR137C-B,0,-0.47765326,0.16238243877887726,0.25874125957489014,0.13361336290836334
YCR033W,YOR303W,0,-0.4776714,0.16228070855140686,0.25874125957489014,0.13371336460113525
YGR109W-B,YBR098W,0,-0.47771963,0.16217908263206482,0.25874125957489014,0.13381338119506836
YDR423C,YER070W,0,-0.47828242,0.16207759082317352,0.25874125957489014,0.13391339778900146
YNL299W,YBL100W-A,0,-0.47829714,0.16197623312473297,0.25874125957489014,0.13401339948177338
YEL031W,YER074W-A,0,-0.47840562,0.16187499463558197,0.25874125957489014,0.13411341607570648
YLL045C,YOL026C,0,-0.47855893,0.1617738902568817,0.25874125957489014,0.1342134177684784
YNL202W,YLR157C-A,0,-0.4788934,0.161672905087471,0.25874125957489014,0.1343134343624115
YPL081W,YHR050W,0,-0.4789232,0.16157205402851105,0.25874125957489014,0.1344134360551834
YIL009C-A,YPR185W,0,-0.479219,0.16147132217884064,0.25874125957489014,0.13451345264911652
YER087C-B,YJL198W,0,-0.479287,0.16137070953845978,0.25874125957489014,0.13461345434188843
YJL062W-A,YNL274C,0,-0.4793574,0.16127023100852966,0.25874125957489014,0.13471347093582153
YAL008W,YOR285W,0,-0.47948,0.1611698865890503,0.25874125957489014,0.13481348752975464
YGR188C,YDR316W-A,0,-0.47948572,0.16106964647769928,0.25874125957489014,0.13491348922252655
YKR067W,YLR157C-A,0,-0.47961256,0.160969540476799,0.25874125957489014,0.13501350581645966
YLR157C-B,YDL104C,0,-0.47965357,0.1608695685863495,0.25874125957489014,0.13511350750923157
YAR014C,YGR207C,0,-0.47971043,0.16076970100402832,0.25874125957489014,0.13521352410316467
YMR282C,YDR261W-A,0,-0.479801,0.1606699824333191,0.25874125957489014,0.13531352579593658
YDL141W,YDL215C,0,-0.4799096,0.16057036817073822,0.25874125957489014,0.1354135423898697
YDR101C,YFL066C,0,-0.47994447,0.1604708731174469,0.25874125957489014,0.1355135440826416
YLR073C,YNL252C,0,-0.48009852,0.16037151217460632,0.25874125957489014,0.1356135606765747
YDR210C-C,YER151C,0,-0.4801226,0.1602722704410553,0.25874125957489014,0.1357135772705078
YER174C,YLL051C,0,-0.48019293,0.16017316281795502,0.25874125957489014,0.13581357896327972
YIR011C,YDR385W,0,-0.48022494,0.1600741595029831,0.25874125957489014,0.13591359555721283
YAR035W,YLR429W,0,-0.48028514,0.15997529029846191,0.25874125957489014,0.13601359724998474
YOL077W-A,YER073W,0,-0.48045033,0.15987654030323029,0.25874125957489014,0.13611361384391785
YDR365W-B,YIL177C,0,-0.48053828,0.1597779095172882,0.25874125957489014,0.13621361553668976
YNL015W,YDL179W,0,-0.48057398,0.15967941284179688,0.25874125957489014,0.13631363213062286
YLR227W-B,YBR039W,0,-0.48059618,0.1595810204744339,0.25874125957489014,0.13641364872455597
YDR137W,YKL180W,0,-0.48064357,0.15948276221752167,0.25874125957489014,0.13651365041732788
YDR281C,YBL071W-A,0,-0.48094532,0.1593846082687378,0.25874125957489014,0.136613667011261
YOL141W,YJR152W,0,-0.4809599,0.15928658843040466,0.25874125957489014,0.1367136687040329
YDR532C,YKR019C,0,-0.48097298,0.15918868780136108,0.25874125957489014,0.136813685297966
YCR066W,YGR161W-B,0,-0.4809942,0.15909090638160706,0.25874125957489014,0.13691368699073792
YIL010W,YGR161W-B,0,-0.4810912,0.15899324417114258,0.25874125957489014,0.13701370358467102
YIL021W,YKL139W,0,-0.48122686,0.15889570116996765,0.25874125957489014,0.13711370527744293
YJR009C,YGL254W,0,-0.4812808,0.15879827737808228,0.25874125957489014,0.13721372187137604
YBR216C,YKL167C,0,-0.48132163,0.15870098769664764,0.25874125957489014,0.13731373846530914
YOR378W,YLR157C-B,0,-0.48140967,0.15860380232334137,0.25874125957489014,0.13741374015808105
YAR027W,YML045W-A,0,-0.482053,0.15850673615932465,0.25874125957489014,0.13751375675201416
YMR044W,YKR097W,0,-0.48213494,0.15840978920459747,0.25874125957489014,0.13761375844478607
YOL155C,YHR204W,1,-0.48213664,0.15892420709133148,0.25974026322364807,0.13761375844478607
YBR175W,YGR008C,0,-0.48219997,0.15882712602615356,0.25974026322364807,0.13771377503871918
YDR237W,YNR028W,0,-0.48221526,0.1587301641702652,0.25974026322364807,0.1378137767314911
YGL037C,YPR158C-D,0,-0.48250195,0.1586333066225052,0.25974026322364807,0.1379137933254242
YGL027C,YIL162W,1,-0.48279783,0.15914633870124817,0.260739266872406,0.1379137933254242
YKL003C,YER137C-A,0,-0.48280734,0.1590493619441986,0.260739266872406,0.1380137950181961
YPL195W,YKL188C,0,-0.4828198,0.1589525043964386,0.260739266872406,0.1381138116121292
YCL059C,YBL078C,0,-0.48303512,0.15885575115680695,0.260739266872406,0.13821382820606232
YMR302C,YDR261W-A,0,-0.48303813,0.15875911712646484,0.260739266872406,0.13831382989883423
YJL148W,YLR163C,0,-0.48308077,0.1586626172065735,0.260739266872406,0.13841384649276733
YEL011W,YNR067C,1,-0.48316893,0.15917375683784485,0.26173827052116394,0.13841384649276733
YGL220W,YOR219C,0,-0.48320675,0.15907710790634155,0.26173827052116394,0.13851384818553925
YIR022W,YPR137C-B,0,-0.4833412,0.1589805781841278,0.26173827052116394,0.13861386477947235
YJR147W,YOR192C-A,0,-0.48350626,0.1588841676712036,0.26173827052116394,0.13871386647224426
YLR134W,YDR329C,0,-0.48355362,0.15878787636756897,0.26173827052116394,0.13881388306617737
YOR369C,YJR013W,0,-0.48371398,0.15869170427322388,0.26173827052116394,0.13891388475894928
YOR306C,YKL022C,0,-0.48373052,0.15859563648700714,0.26173827052116394,0.13901390135288239
YML042W,YNL192W,0,-0.48387927,0.15849970281124115,0.26173827052116394,0.1391139179468155
YOR190W,YOL157C,1,-0.48450807,0.1590084582567215,0.2627372741699219,0.1391139179468155
YFL002W-B,YOR003W,0,-0.4845107,0.15891239047050476,0.2627372741699219,0.1392139196395874
YML109W,YGR052W,0,-0.4847014,0.15881642699241638,0.2627372741699219,0.1393139362335205
YDR221W,YGR292W,1,-0.4847047,0.15932407975196838,0.2637362778186798,0.1393139362335205
YBR265W,YBR235W,0,-0.48471633,0.15922798216342926,0.2637362778186798,0.13941393792629242
YPL183W-A,YML032C,0,-0.4847227,0.1591320037841797,0.2637362778186798,0.13951395452022552
YJL073W,YPR030W,0,-0.4848539,0.15903614461421967,0.2637362778186798,0.13961395621299744
YLR256W-A,YCR012W,0,-0.48488918,0.1589404046535492,0.2637362778186798,0.13971397280693054
YOR142W-B,YMR291W,0,-0.4848963,0.15884476900100708,0.2637362778186798,0.13981397449970245
YAL035W,YPR137C-A,0,-0.48489955,0.15874925255775452,0.2637362778186798,0.13991399109363556
YPL032C,YGR054W,0,-0.4850029,0.1586538404226303,0.2637362778186798,0.14001400768756866
YPL098C,YPL200W,0,-0.4851214,0.15855856239795685,0.2637362778186798,0.14011400938034058
YPL123C,YOL103W-B,0,-0.48516378,0.15846338868141174,0.2637362778186798,0.14021402597427368
YNR070W,YDR076W,0,-0.48539394,0.158368319272995,0.2637362778186798,0.1403140276670456
YJL129C,YDR261W-B,0,-0.48541045,0.158273383975029,0.2637362778186798,0.1404140442609787
YIL083C,YLR399C,0,-0.48565543,0.15817855298519135,0.2637362778186798,0.1405140459537506
YOR118W,YPR054W,0,-0.48584357,0.15808382630348206,0.2637362778186798,0.14061406254768372
YGR161C-C,YDR225W,0,-0.48586062,0.1579892337322235,0.2637362778186798,0.14071406424045563
YOR030W,YBL068W,0,-0.4859433,0.15789473056793213,0.2637362778186798,0.14081408083438873
YPL212C,YDR043C,0,-0.4863106,0.1578003615140915,0.2637362778186798,0.14091409742832184
YEL040W,YML021C,1,-0.486385,0.15830346941947937,0.26473525166511536,0.14091409742832184
YPR182W,YPL150W,0,-0.4869101,0.1582089513540268,0.26473525166511536,0.14101409912109375
YAL022C,YJR016C,0,-0.48697293,0.15811455249786377,0.26473525166511536,0.14111411571502686
YBL029C-A,YBL010C,0,-0.48710197,0.1580202728509903,0.26473525166511536,0.14121411740779877
YAL015C,YJL221C,1,-0.48713282,0.15852205455303192,0.2657342553138733,0.14121411740779877
YLR144C,YPR158C-C,0,-0.4873624,0.1584276407957077,0.2657342553138733,0.14131413400173187
YFL041W,YNL073W,0,-0.48737955,0.15833333134651184,0.2657342553138733,0.14141413569450378
YML063W,YHL012W,0,-0.48741275,0.15823914110660553,0.2657342553138733,0.1415141522884369
YAR066W,YMR203W,0,-0.4874986,0.15814507007598877,0.2657342553138733,0.1416141539812088
YNR039C,YDR118W,0,-0.48756805,0.15805110335350037,0.2657342553138733,0.1417141705751419
YOL110W,YLR133W,0,-0.48762485,0.15795724093914032,0.2657342553138733,0.141814187169075
YER159C-A,YMR216C,0,-0.4877081,0.15786349773406982,0.2657342553138733,0.14191418886184692
YLR256W,YPL015C,0,-0.4877981,0.15776987373828888,0.2657342553138733,0.14201420545578003
YER159C-A,YPR165W,0,-0.4878263,0.1576763540506363,0.2657342553138733,0.14211420714855194
YMR304W,YKR030W,0,-0.4880253,0.15758293867111206,0.2657342553138733,0.14221422374248505
YPR145W,YDR261C-C,0,-0.48807907,0.15748964250087738,0.2657342553138733,0.14231422543525696
YDR381C-A,YOR147W,0,-0.48814508,0.15739645063877106,0.2657342553138733,0.14241424202919006
YAL038W,YDR079C-A,0,-0.48815024,0.15730337798595428,0.2657342553138733,0.14251425862312317
YBR207W,YDL184C,0,-0.48836717,0.15721039474010468,0.2657342553138733,0.14261426031589508
YGR109W-B,YJL010C,0,-0.4885031,0.1571175456047058,0.2657342553138733,0.14271427690982819
YLR307W,YML007W,0,-0.4885215,0.1570248007774353,0.2657342553138733,0.1428142786026001
YNL054W-B,YFR019W,0,-0.48852578,0.15693216025829315,0.2657342553138733,0.1429142951965332
YNL244C,YJL148W,0,-0.4886057,0.15683962404727936,0.2657342553138733,0.14301429688930511
YNL339C,YLR372W,0,-0.48866057,0.15674720704555511,0.2657342553138733,0.14311431348323822
YHL009W-B,YMR312W,0,-0.48895478,0.15665489435195923,0.2657342553138733,0.14321431517601013
YGR143W,YHR204W,1,-0.48898995,0.1571512669324875,0.2667332589626312,0.14321431517601013
YLR256W-A,YJL051W,0,-0.48905185,0.15705882012844086,0.2667332589626312,0.14331433176994324
YJL079C,YPL183W-A,0,-0.4890692,0.15696649253368378,0.2667332589626312,0.14341434836387634
YLR013W,YGR035C,0,-0.48909667,0.15687426924705505,0.2667332589626312,0.14351435005664825
YAL015C,YHR143W,1,-0.4892222,0.15736934542655945,0.26773226261138916,0.14351435005664825
YDR432W,YOR343W-B,0,-0.48951843,0.15727698802947998,0.26773226261138916,0.14361436665058136
YDR134C,YEL040W,0,-0.48957565,0.15718474984169006,0.26773226261138916,0.14371436834335327
YMR211W,YNL046W,0,-0.4895984,0.1570926159620285,0.26773226261138916,0.14381438493728638
YDL133C-A,YPL259C,0,-0.48964396,0.1570005863904953,0.26773226261138916,0.1439143866300583
YML131W,YGR027W-B,0,-0.48966995,0.15690866112709045,0.26773226261138916,0.1440144032239914
YAL003W,YIR018W,0,-0.48976123,0.15681685507297516,0.26773226261138916,0.1441144049167633
YDR320C-A,YKR035W-A,0,-0.48980922,0.15672515332698822,0.26773226261138916,0.1442144215106964
YOL139C,YHR013C,0,-0.48981896,0.15663354098796844,0.26773226261138916,0.14431443810462952
YPR137W,YJL128C,0,-0.48997125,0.15654206275939941,0.26773226261138916,0.14441443979740143
YDR238C,YPR137C-A,0,-0.49005407,0.15645067393779755,0.26773226261138916,0.14451445639133453
YLR256W-A,YDR388W,0,-0.49008557,0.15635938942432404,0.26773226261138916,0.14461445808410645
YEL020C,YIL133C,0,-0.49013597,0.15626822412014008,0.26773226261138916,0.14471447467803955
YDR210W-A,YGR180C,0,-0.49026513,0.15617716312408447,0.26773226261138916,0.14481447637081146
YBL055C,YGR027W-B,0,-0.490424,0.15608619153499603,0.26773226261138916,0.14491449296474457
YGR279C,YOR190W,1,-0.49050543,0.15657740831375122,0.2687312662601471,0.14491449296474457
YKL074C,YOR373W,0,-0.49057963,0.15648633241653442,0.2687312662601471,0.14501449465751648
YLL039C,YOL101C,0,-0.49061814,0.1563953459262848,0.2687312662601471,0.14511451125144958
YBR145W,YCR040W,0,-0.4906906,0.1563044786453247,0.2687312662601471,0.1452145278453827
YMR119W,YDR313C,0,-0.4907612,0.1562137007713318,0.2687312662601471,0.1453145295381546
YNL054W-B,YOL030W,0,-0.49085954,0.15612304210662842,0.2687312662601471,0.1454145461320877
YBL029C-A,YDR044W,0,-0.49124283,0.1560324877500534,0.2687312662601471,0.14551454782485962
YDR079C-A,YKL009W,0,-0.4913403,0.15594202280044556,0.2687312662601471,0.14561456441879272
YDR270W,YER074W-A,0,-0.4914737,0.15585167706012726,0.2687312662601471,0.14571456611156464
YCL034W,YPR132W,0,-0.49159268,0.15576143562793732,0.2687312662601471,0.14581458270549774
YEL077C,YNL001W,0,-0.4916964,0.15567129850387573,0.2687312662601471,0.14591458439826965
YKL101W,YOR098C,0,-0.4919189,0.1555812656879425,0.2687312662601471,0.14601460099220276
YKL182W,YBL010C,0,-0.49192092,0.15549132227897644,0.2687312662601471,0.14611461758613586
YPL127C,YKL148C,0,-0.49197486,0.15540149807929993,0.2687312662601471,0.14621461927890778
YBR020W,YER137C,0,-0.49209914,0.15531177818775177,0.2687312662601471,0.14631463587284088
YLR197W,YGL135W,0,-0.4921576,0.15522216260433197,0.2687312662601471,0.1464146375656128
YGR161C-C,YJL123C,0,-0.492222,0.15513263642787933,0.2687312662601471,0.1465146541595459
YOL080C,YDL099W,0,-0.49222347,0.15504322946071625,0.2687312662601471,0.1466146558523178
YNL336W,YMR190C,0,-0.49222445,0.15495391190052032,0.2687312662601471,0.14671467244625092
YDR030C,YNL291C,0,-0.49227858,0.15486471354961395,0.2687312662601471,0.14681467413902283
YDR501W,YOL157C,0,-0.49239835,0.15477560460567474,0.2687312662601471,0.14691469073295593
YNL327W,YML060W,1,-0.4925327,0.15526165068149567,0.26973026990890503,0.14691469073295593
YNL284C-A,YHR172W,0,-0.49255833,0.1551724076271057,0.26973026990890503,0.14701470732688904
YKL198C,YHR105W,0,-0.49257004,0.1550832837820053,0.26973026990890503,0.14711470901966095
YOL010W,YPR158W-A,0,-0.4925717,0.15499426424503326,0.26973026990890503,0.14721472561359406
YML063W,YJL100W,0,-0.4927124,0.15490533411502838,0.26973026990890503,0.14731472730636597
YER074W-A,YDL028C,0,-0.49272138,0.15481650829315186,0.26973026990890503,0.14741474390029907
YEL041W,YDR316W-A,0,-0.49287012,0.1547277867794037,0.26973026990890503,0.14751474559307098
YGR070W,YBR247C,0,-0.49287096,0.15463916957378387,0.26973026990890503,0.1476147621870041
YOR179C,YPR043W,0,-0.4929194,0.15455065667629242,0.26973026990890503,0.1477147787809372
YOL103W-B,YKR055W,0,-0.4929958,0.15446224808692932,0.26973026990890503,0.1478147804737091
YDR322W,YOR343W-A,0,-0.49334374,0.1543739289045334,0.26973026990890503,0.1479147970676422
YBR122C,YDR247W,0,-0.49345353,0.1542857140302658,0.26973026990890503,0.14801479876041412
YLR344W,YNL300W,0,-0.4934552,0.1541976034641266,0.26973026990890503,0.14811481535434723
YKR065C,YCR034W,0,-0.49348176,0.15410958230495453,0.26973026990890503,0.14821481704711914
YER069W,YDR210C-C,0,-0.49359617,0.15402168035507202,0.26973026990890503,0.14831483364105225
YDR170W-A,YJL138C,0,-0.49379674,0.15393386781215668,0.26973026990890503,0.14841483533382416
YDR320C-A,YFL014W,0,-0.49403018,0.1538461595773697,0.26973026990890503,0.14851485192775726
YGL123W,YGR161W-B,0,-0.49426135,0.15375854074954987,0.26973026990890503,0.14861486852169037
YPL123C,YER074W-A,0,-0.4942946,0.1536710262298584,0.26973026990890503,0.14871487021446228
YGR038C-A,YMR070W,0,-0.49437168,0.1535836160182953,0.26973026990890503,0.14881488680839539
YFL002W-B,YDR116C,0,-0.49445394,0.15349631011486053,0.26973026990890503,0.1489148885011673
YLR127C,YKL018W,0,-0.49467704,0.15340909361839294,0.26973026990890503,0.1490149050951004
YDR210W-A,YJR160C,0,-0.4947281,0.1533219814300537,0.26973026990890503,0.14911490678787231
YNL261W,YLR157C-B,0,-0.4949077,0.15323495864868164,0.26973026990890503,0.14921492338180542
YOR176W,YCL003W,0,-0.4952689,0.15314804017543793,0.26973026990890503,0.14931492507457733
YMR182C,YLR133W,0,-0.49526942,0.15306122601032257,0.26973026990890503,0.14941494166851044
YGL046W,YGR104C,0,-0.49527293,0.15297450125217438,0.26973026990890503,0.14951495826244354
YML033W,YML012W,0,-0.49532494,0.15288788080215454,0.26973026990890503,0.14961495995521545
YLR408C,YOR240W,0,-0.49532664,0.15280136466026306,0.26973026990890503,0.14971497654914856
YIL035C,YCL062W,0,-0.49546188,0.15271493792533875,0.26973026990890503,0.14981497824192047
YGR287C,YMR020W,0,-0.49550256,0.1526286005973816,0.26973026990890503,0.14991499483585358
YHR043C,YOR338W,0,-0.49553254,0.1525423675775528,0.26973026990890503,0.1500149965286255
YCR080W,YOL165C,0,-0.49564162,0.15245623886585236,0.26973026990890503,0.1501150131225586
YJR152W,YJR143C,0,-0.49566862,0.15237019956111908,0.26973026990890503,0.1502150148153305
YPR137C-B,YDR113C,0,-0.4957474,0.15228426456451416,0.26973026990890503,0.1503150314092636
YER074W-A,YDR352W,0,-0.49586847,0.1521984189748764,0.26973026990890503,0.15041504800319672
YCR102C,YPL007C,0,-0.4958709,0.152112677693367,0.26973026990890503,0.15051504969596863
YCR092C,YGR027W-A,0,-0.49587426,0.15202702581882477,0.26973026990890503,0.15061506628990173
YPL183W-A,YOR323C,0,-0.4959237,0.1519414782524109,0.26973026990890503,0.15071506798267365
YDR261C-D,YCR060W,0,-0.49609908,0.15185602009296417,0.26973026990890503,0.15081508457660675
YJL063C,YCL062W,0,-0.49615088,0.15177065134048462,0.26973026990890503,0.15091508626937866
YER159C-A,YPR168W,0,-0.4962112,0.15168538689613342,0.26973026990890503,0.15101510286331177
YCR080W,YFL048C,0,-0.49637112,0.15160022675991058,0.26973026990890503,0.15111510455608368
YOR287C,YGR272C,0,-0.4963714,0.1515151560306549,0.26973026990890503,0.15121512115001678
YCR027C,YLR157C-A,0,-0.4963734,0.1514301747083664,0.26973026990890503,0.1513151377439499
YGR067C,YIL017W,0,-0.4963744,0.15134529769420624,0.26973026990890503,0.1514151394367218
YER016W,YAR044W,0,-0.49637607,0.15126051008701324,0.26973026990890503,0.1515151560306549
YCR055C,YPR054W,0,-0.49637923,0.15117581188678741,0.26973026990890503,0.15161515772342682
YAL043C,YKL199C,0,-0.49638304,0.15109121799468994,0.26973026990890503,0.15171517431735992
YML033W,YJL087C,0,-0.49638474,0.15100671350955963,0.26973026990890503,0.15181517601013184
YGR161C-C,YGR184C,0,-0.49639896,0.15092229843139648,0.26973026990890503,0.15191519260406494
YLR391W,YOR028C,0,-0.4964055,0.1508379876613617,0.26973026990890503,0.15201519429683685
YCR070W,YGR029W,0,-0.4964076,0.15075376629829407,0.26973026990890503,0.15211521089076996
YOR393W,YDR320C-A,0,-0.4964327,0.1506696492433548,0.26973026990890503,0.15221522748470306
YLR391W,YOR080W,0,-0.49643657,0.1505856066942215,0.26973026990890503,0.15231522917747498
YMR171C,YPL257W-A,0,-0.49644414,0.15050166845321655,0.26973026990890503,0.15241524577140808
YIL017W,YDL140C,0,-0.49645665,0.15041783452033997,0.26973026990890503,0.15251524746418
YML033W,YBR128C,0,-0.4964654,0.15033407509326935,0.26973026990890503,0.1526152640581131
YIL017W,YNL095C,0,-0.4964888,0.1502504199743271,0.26973026990890503,0.152715265750885
YJR145C,YKL097W-A,0,-0.49649727,0.150166854262352,0.26973026990890503,0.15281528234481812
YOR283W,YCL062W,0,-0.49651513,0.15008337795734406,0.26973026990890503,0.15291529893875122
YOR240W,YML070W,0,-0.4965267,0.15000000596046448,0.26973026990890503,0.15301530063152313
YNL014W,YDR191W,0,-0.4965277,0.14991670846939087,0.26973026990890503,0.15311531722545624
YIL023C,YDR363W-A,0,-0.49666676,0.14983351528644562,0.26973026990890503,0.15321531891822815
YDL133C-A,YDR206W,0,-0.4967108,0.14975041151046753,0.26973026990890503,0.15331533551216125
YCR070W,YGR231C,0,-0.4967916,0.1496674120426178,0.26973026990890503,0.15341533720493317
YER138C,YBL078C,0,-0.49685302,0.14958448708057404,0.26973026990890503,0.15351535379886627
YDR034C-D,YBR283C,0,-0.49686456,0.14950166642665863,0.26973026990890503,0.15361535549163818
YDL033C,YJL018W,0,-0.49689272,0.1494189202785492,0.26973026990890503,0.1537153720855713
YOL149W,YPL157W,0,-0.49697322,0.14933627843856812,0.26973026990890503,0.1538153886795044
YCR055C,YEL055C,0,-0.4969793,0.1492537260055542,0.26973026990890503,0.1539153903722763
YCL003W,YKL038W,0,-0.4969964,0.14917127788066864,0.26973026990890503,0.1540154069662094
YKL200C,YDL159W,0,-0.49699795,0.14908890426158905,0.26973026990890503,0.15411540865898132
YNL224C,YBR132C,0,-0.49707454,0.14900662004947662,0.26973026990890503,0.15421542525291443
YOR346W,YOR162C,0,-0.49709055,0.14892444014549255,0.26973026990890503,0.15431542694568634
YOR240W,YPL078C,0,-0.49709165,0.14884233474731445,0.26973026990890503,0.15441544353961945
YDR159W,YGR272C,0,-0.4970929,0.1487603336572647,0.26973026990890503,0.15451544523239136
YPR026W,YGR189C,1,-0.497095,0.14922907948493958,0.27072927355766296,0.15451544523239136
YCR097WB,YNL213C,0,-0.49717227,0.1491469442844391,0.27072927355766296,0.15461546182632446
YDR210W-B,YDR182W,0,-0.4971902,0.14906491339206696,0.27072927355766296,0.15471547842025757
YCR070W,YMR303C,0,-0.49720928,0.1489829570055008,0.27072927355766296,0.15481548011302948
YDR026C,YLR401C,0,-0.49725017,0.148901104927063,0.27072927355766296,0.15491549670696259
YOR142W-A,YLR174W,0,-0.49725047,0.14881932735443115,0.27072927355766296,0.1550154983997345
YNL027W,YKL199C,0,-0.4974524,0.14873765408992767,0.27072927355766296,0.1551155149936676
YOR240W,YDR402C,0,-0.497507,0.14865605533123016,0.27072927355766296,0.15521551668643951
YAR044W,YBR031W,0,-0.49752682,0.148574560880661,0.27072927355766296,0.15531553328037262
YFL013C,YDR261W-B,0,-0.4975391,0.14849315583705902,0.27072927355766296,0.15541553497314453
YBR075W,YBR240C,0,-0.4975589,0.148411825299263,0.27072927355766296,0.15551555156707764
YGR156W,YBL101W-B,0,-0.49759045,0.14833059906959534,0.27072927355766296,0.15561556816101074
YGR272C,YGR231C,0,-0.49763185,0.14824944734573364,0.27072927355766296,0.15571556985378265
YDR034C-C,YGL170C,0,-0.49764797,0.1481683999300003,0.27072927355766296,0.15581558644771576
YPL131W,YAR044W,0,-0.4976972,0.14808742702007294,0.27072927355766296,0.15591558814048767
YCR097WB,YBL046W,0,-0.49771297,0.14800655841827393,0.27072927355766296,0.15601560473442078
YIL017W,YNL129W,0,-0.4979,0.14792576432228088,0.27072927355766296,0.1561156064271927
YFL035C,YDR313C,0,-0.49793386,0.147845059633255,0.27072927355766296,0.1562156230211258
YBR264C,YCL003W,0,-0.49800718,0.1477644443511963,0.27072927355766296,0.1563156247138977
YHR025W,YGR171C,0,-0.49802232,0.14768391847610474,0.27072927355766296,0.1564156413078308
YHR039C-B,YHR082C,0,-0.49825212,0.14760348200798035,0.27072927355766296,0.15651565790176392
YBR075W,YDL008W,0,-0.4982688,0.14752313494682312,0.27072927355766296,0.15661565959453583
YOR240W,YFL022C,0,-0.49828675,0.14744287729263306,0.27072927355766296,0.15671567618846893
YJL018W,YJL139C,0,-0.4982975,0.14736269414424896,0.27072927355766296,0.15681567788124084
YMR303C,YOR292C,0,-0.49839637,0.14728261530399323,0.27072927355766296,0.15691569447517395
YCR055C,YCR047C,0,-0.4984308,0.14720261096954346,0.27072927355766296,0.15701569616794586
YHR039C-B,YOL045W,0,-0.49846047,0.14712269604206085,0.27072927355766296,0.15711571276187897
YDR236C,YGL050W,0,-0.4985009,0.1470428705215454,0.27072927355766296,0.15721571445465088
YBR247C,YIL155C,0,-0.49850658,0.14696311950683594,0.27072927355766296,0.15731573104858398
YGR096W,YNL070W,0,-0.49854028,0.14688347280025482,0.27072927355766296,0.1574157476425171
YOR088W,YKL018W,0,-0.49854335,0.14680390059947968,0.27072927355766296,0.157515749335289
YFR013W,YJR070C,0,-0.49854574,0.1467244178056717,0.27072927355766296,0.1576157659292221
YDR365W-B,YDR261W-A,0,-0.49857846,0.14664502441883087,0.27072927355766296,0.15771576762199402
YNL021W,YML095C,0,-0.49858245,0.14656570553779602,0.27072927355766296,0.15781578421592712
YBR024W,YGR161W-B,0,-0.49859336,0.14648649096488953,0.27072927355766296,0.15791578590869904
YJL018W,YFR013W,0,-0.49859467,0.146407350897789,0.27072927355766296,0.15801580250263214
YER148W,YFR042W,0,-0.4985947,0.14632830023765564,0.27072927355766296,0.15811580419540405
YPR137C-B,YLR002C,0,-0.498619,0.14624932408332825,0.27072927355766296,0.15821582078933716
YLR079W,YKL158W,0,-0.49873337,0.14617043733596802,0.27072927355766296,0.15831583738327026
YHR052W,YLR024C,0,-0.4987609,0.14609163999557495,0.27072927355766296,0.15841583907604218
YLR256W-A,YPL064C,0,-0.49899533,0.14601293206214905,0.27072927355766296,0.15851585566997528
YMR241W,YBR186W,0,-0.49904704,0.1459342986345291,0.27072927355766296,0.1586158573627472
YML045W-A,YNL242W,0,-0.49908197,0.14585575461387634,0.27072927355766296,0.1587158739566803
YLR378C,YOR142W-B,0,-0.49915802,0.14577730000019073,0.27072927355766296,0.1588158756494522
YOR145C,YKL200C,0,-0.49923548,0.1456989198923111,0.27072927355766296,0.15891589224338531
YLR089C,YKL097W-A,0,-0.49931282,0.14562062919139862,0.27072927355766296,0.15901590883731842
YML033W,YJL102W,0,-0.49937794,0.1455424278974533,0.27072927355766296,0.15911591053009033
YOR088W,YGL035C,0,-0.4995248,0.14546430110931396,0.27072927355766296,0.15921592712402344
YJL018W,YLR350W,0,-0.4995846,0.14538626372814178,0.27072927355766296,0.15931592881679535
YLR157C-B,YJR022W,0,-0.4996023,0.14530831575393677,0.27072927355766296,0.15941594541072845
YNL148C,YGL257C,0,-0.49965042,0.14523044228553772,0.27072927355766296,0.15951594710350037
YBR253W,YDL246C,0,-0.4996714,0.14515265822410583,0.27072927355766296,0.15961596369743347
YKL161C,YCL062W,0,-0.4997584,0.14507494866847992,0.27072927355766296,0.15971596539020538
YCL003W,YOR226C,0,-0.49984065,0.14499732851982117,0.27072927355766296,0.1598159819841385
YNL284C-A,YJL011C,0,-0.49989346,0.14491978287696838,0.27072927355766296,0.1599159985780716
YDR302W,YCL059C,0,-0.49990034,0.14484232664108276,0.27072927355766296,0.1600160002708435
YIL070C,YKL097W-A,0,-0.49996534,0.1447649598121643,0.27072927355766296,0.1601160168647766
YDR013W,YFL035C,0,-0.5000248,0.14468766748905182,0.27072927355766296,0.16021601855754852
YGL011C,YCL062W,0,-0.5000436,0.1446104645729065,0.27072927355766296,0.16031603515148163
YBR228W,YDR261C-D,0,-0.5000544,0.14453333616256714,0.27072927355766296,0.16041603684425354
YBL101W-B,YGR002C,0,-0.5002025,0.14445629715919495,0.27072927355766296,0.16051605343818665
YDR261C-C,YBR019C,0,-0.50022584,0.14437933266162872,0.27072927355766296,0.16061605513095856
YCR097WB,YIR038C,0,-0.50024366,0.14430244266986847,0.27072927355766296,0.16071607172489166
YAR044W,YGR113W,0,-0.50031793,0.14422565698623657,0.27072927355766296,0.16081608831882477
YMR139W,YOR307C,0,-0.5004962,0.14414893090724945,0.27072927355766296,0.16091609001159668
YNL284C-A,YDL029W,0,-0.5004968,0.14407230913639069,0.27072927355766296,0.16101610660552979
YJL095W,YKL199C,0,-0.5005063,0.1439957469701767,0.27072927355766296,0.1611161082983017
YKL158W,YPL028W,0,-0.50051683,0.14391927421092987,0.27072927355766296,0.1612161248922348
YPR137C-B,YOL033W,0,-0.50051993,0.1438428908586502,0.27072927355766296,0.1613161265850067
YER162C,YOR088W,0,-0.5005775,0.1437665820121765,0.27072927355766296,0.16141614317893982
YDR046C,YBR075W,0,-0.5008238,0.1436903476715088,0.27072927355766296,0.16151614487171173
YDL170W,YBR204C,0,-0.5009042,0.14361420273780823,0.27072927355766296,0.16161616146564484
YJR131W,YNL066W,1,-0.5009489,0.14406779408454895,0.2717282772064209,0.16161616146564484
YCL047C,YGR272C,0,-0.5010398,0.14399152994155884,0.2717282772064209,0.16171617805957794
YML125C,YCL060C,0,-0.5011003,0.1439153403043747,0.2717282772064209,0.16181617975234985
YHR039C-B,YDL021W,0,-0.50113326,0.14383924007415771,0.2717282772064209,0.16191619634628296
YCR097WB,YML072C,0,-0.50117826,0.1437632143497467,0.2717282772064209,0.16201619803905487
YML033W,YBR201W,0,-0.5012765,0.14368726313114166,0.2717282772064209,0.16211621463298798
YFL002W-A,YMR315W,0,-0.5012825,0.14361140131950378,0.2717282772064209,0.1622162163257599
YDR365W-B,YNL208W,0,-0.5013121,0.14353561401367188,0.2717282772064209,0.162316232919693
YHR039C-B,YLL017W,0,-0.5013174,0.14345991611480713,0.2717282772064209,0.1624162346124649
YJR153W,YOL155C,1,-0.50133127,0.1439114362001419,0.27272728085517883,0.1624162346124649
YLR370C,YKL200C,0,-0.50139225,0.1438356190919876,0.27272728085517883,0.162516251206398
YDR037W,YPR137C-A,0,-0.50142556,0.14375987648963928,0.27272728085517883,0.16261626780033112
YNR020C,YCL062W,0,-0.501583,0.14368420839309692,0.27272728085517883,0.16271626949310303
YPL029W,YCL026C-B,0,-0.5016577,0.14360862970352173,0.27272728085517883,0.16281628608703613
YGL120C,YCL060C,0,-0.5016806,0.1435331255197525,0.27272728085517883,0.16291628777980804
YOR298C-A,YPL144W,0,-0.5017082,0.14345769584178925,0.27272728085517883,0.16301630437374115
YJL139C,YGR038C-B,0,-0.50171095,0.14338235557079315,0.27272728085517883,0.16311630606651306
YDR191W,YBR265W,0,-0.501772,0.14330708980560303,0.27272728085517883,0.16321632266044617
YPR163C,YGR272C,0,-0.50181174,0.14323189854621887,0.27272728085517883,0.16331632435321808
YOL060C,YBL101W-A,0,-0.5018161,0.14315679669380188,0.27272728085517883,0.16341634094715118
YDR346C,YAR044W,0,-0.5018814,0.14308175444602966,0.27272728085517883,0.1635163575410843
YHL033C,YCL062W,0,-0.5019473,0.1430068165063858,0.27272728085517883,0.1636163592338562
YJR137C,YFL035C,0,-0.5019944,0.14293193817138672,0.27272728085517883,0.1637163758277893
YLR221C,YJL113W,0,-0.5021009,0.1428571492433548,0.27272728085517883,0.16381637752056122
YBR196C,YOR313C,0,-0.50210875,0.14278241991996765,0.27272728085517883,0.16391639411449432
YLL041C,YER117W,0,-0.50216615,0.14270779490470886,0.27272728085517883,0.16401639580726624
YGR287C,YHR070W,0,-0.5021831,0.14263322949409485,0.27272728085517883,0.16411641240119934
YCR097WB,YLL045C,0,-0.50221026,0.142558753490448,0.27272728085517883,0.16421642899513245
YGR279C,YLR278C,0,-0.5022272,0.14248433709144592,0.27272728085517883,0.16431643068790436
YER140W,YOR240W,0,-0.5023332,0.142410010099411,0.27272728085517883,0.16441644728183746
YCR048W,YBR075W,0,-0.50239295,0.14233577251434326,0.27272728085517883,0.16451644897460938
YNL015W,YOR095C,0,-0.5023955,0.1422615945339203,0.27272728085517883,0.16461646556854248
YNL327W,YOR190W,1,-0.50240606,0.14270833134651184,0.27372628450393677,0.16461646556854248
YIR021W,YFL050C,0,-0.5024081,0.1426340490579605,0.27372628450393677,0.1647164672613144
YOR088W,YPL066W,0,-0.5024543,0.14255982637405396,0.27372628450393677,0.1648164838552475
YAL054C,YOR240W,0,-0.5025058,0.14248569309711456,0.27372628450393677,0.1649164855480194
YJL018W,YIL138C,0,-0.5025258,0.14241164922714233,0.27372628450393677,0.16501650214195251
YGR143W,YGR282C,1,-0.50254315,0.1428571492433548,0.2747252881526947,0.16501650214195251
YBR055C,YDL144C,0,-0.5025433,0.14278297126293182,0.2747252881526947,0.16511651873588562
YLR035C-A,YKR086W,0,-0.5025967,0.14270886778831482,0.2747252881526947,0.16521652042865753
YDR320C-A,YIR006C,0,-0.5026345,0.14263485372066498,0.2747252881526947,0.16531653702259064
YJR160C,YOR212W,0,-0.50265664,0.1425609141588211,0.2747252881526947,0.16541653871536255
YGR027W-A,YKR006C,0,-0.5026604,0.1424870491027832,0.2747252881526947,0.16551655530929565
YPL111W,YMR020W,0,-0.50266224,0.14241325855255127,0.2747252881526947,0.16561655700206757
YGR246C,YLR337W,0,-0.50269896,0.1423395425081253,0.2747252881526947,0.16571657359600067
YJR047C,YPR035W,0,-0.50281626,0.1422659009695053,0.2747252881526947,0.16581657528877258
YDR046C,YFL035C,0,-0.50289404,0.14219234883785248,0.2747252881526947,0.1659165918827057
YHL009W-B,YDR109C,0,-0.5029534,0.14211885631084442,0.2747252881526947,0.1660166084766388
YOR361C,YGL210W-A,0,-0.5029671,0.14204545319080353,0.2747252881526947,0.1661166101694107
YOL139C,YLR312C-B,0,-0.5029671,0.1419721245765686,0.2747252881526947,0.1662166267633438
YNL299W,YOL053C-A,0,-0.5029671,0.14189887046813965,0.2747252881526947,0.16631662845611572
YPL088W,YAR070W-A,0,-0.5029671,0.14182567596435547,0.2747252881526947,0.16641664505004883
YPL111W,YMR268W-A,0,-0.5029671,0.14175257086753845,0.2747252881526947,0.16651664674282074
YOR343C-B,YMR077C,0,-0.5029671,0.1416795402765274,0.2747252881526947,0.16661666333675385
YNR040W,YPL189C-A,0,-0.5029671,0.14160658419132233,0.2747252881526947,0.16671666502952576
YEL003W,YAR070W-A,0,-0.5029671,0.1415337175130844,0.2747252881526947,0.16681668162345886
YOL053C-A,YOL103W,0,-0.5029671,0.14146091043949127,0.2747252881526947,0.16691669821739197
YBR145W,YCL027C-A,0,-0.5029671,0.1413881778717041,0.2747252881526947,0.16701669991016388
YGL002W,YLR391W-A,0,-0.5029671,0.1413155198097229,0.2747252881526947,0.16711671650409698
YGR031C-A,YMR169C,0,-0.5029671,0.14124293625354767,0.2747252881526947,0.1672167181968689
YJL012C-A,YOL133W,0,-0.5029671,0.1411704272031784,0.2747252881526947,0.167316734790802
YGR154C,YGL210W-A,0,-0.5029671,0.1410979926586151,0.2747252881526947,0.1674167364835739
YCL048W-A,YBR132C,0,-0.5029671,0.14102564752101898,0.2747252881526947,0.16751675307750702
YNR016C,YCL062W,0,-0.5029671,0.14095336198806763,0.2747252881526947,0.16761675477027893
YLR391W-A,YOR133W,0,-0.5029671,0.14088115096092224,0.2747252881526947,0.16771677136421204
YJL012C-A,YJL092W,0,-0.5029671,0.14080901443958282,0.2747252881526947,0.16781678795814514
YBL008W-A,YLR251W,0,-0.5029671,0.14073695242404938,0.2747252881526947,0.16791678965091705
YAR044W,YDR014W-A,0,-0.5029671,0.1406649649143219,0.2747252881526947,0.16801680624485016
YKR099C-A,YBR077C,0,-0.5029671,0.1405930519104004,0.2747252881526947,0.16811680793762207
YDR044W,YPL189C-A,0,-0.5029671,0.14052119851112366,0.2747252881526947,0.16821682453155518
YOL053C-A,YGR175C,0,-0.5029671,0.1404494345188141,0.2747252881526947,0.1683168262243271
YOL053C-A,YMR021C,0,-0.5029671,0.14037774503231049,0.2747252881526947,0.1684168428182602
YOL053C-A,YOR159C,0,-0.5029671,0.14030611515045166,0.2747252881526947,0.1685168445110321
YLR035C-A,YDR524C-B,0,-0.5029671,0.14023457467556,0.2747252881526947,0.1686168611049652
YDR262W,YNL138W-A,0,-0.5029671,0.1401630938053131,0.2747252881526947,0.16871687769889832
YMR268W-A,YIR006C,0,-0.5029671,0.1400917023420334,0.2747252881526947,0.16881687939167023
YDR210W-D,YLR088W,0,-0.5029671,0.14002037048339844,0.2747252881526947,0.16891689598560333
YML062C,YLR154W-A,0,-0.5029671,0.13994911313056946,0.2747252881526947,0.16901689767837524
YMR268W-A,YDR255C,0,-0.5029671,0.13987793028354645,0.2747252881526947,0.16911691427230835
YOL053C-A,YNL049C,0,-0.5029671,0.1398068070411682,0.2747252881526947,0.16921691596508026
YKL200C,YPL181W,0,-0.5029671,0.13973577320575714,0.2747252881526947,0.16931693255901337
YBL008W-A,YDL108W,0,-0.5029671,0.13966479897499084,0.2747252881526947,0.16941693425178528
YLR410W-A,YCL048W-A,0,-0.5029671,0.1395939141511917,0.2747252881526947,0.16951695084571838
YBR111W-A,YLR233C,0,-0.5029671,0.13952308893203735,0.2747252881526947,0.1696169674396515
YKR099C-A,YLL011W,0,-0.5029671,0.13945233821868896,0.2747252881526947,0.1697169691324234
YMR168C,YGL210W-A,0,-0.5029671,0.13938164710998535,0.2747252881526947,0.1698169857263565
YPL096C-A,YJL082W,0,-0.5029671,0.1393110454082489,0.2747252881526947,0.16991698741912842
YBL008W-A,YCR040W,0,-0.5029671,0.13924050331115723,0.2747252881526947,0.17001700401306152
YER159C-A,YJL018W,0,-0.5029671,0.13917003571987152,0.2747252881526947,0.17011700570583344
YKL206C,YPL189C-A,0,-0.5029671,0.13909964263439178,0.2747252881526947,0.17021702229976654
YGR031C-A,YLR153C,0,-0.5029671,0.13902932405471802,0.2747252881526947,0.17031703889369965
YFL038C,YAR070W-A,0,-0.5029671,0.13895906507968903,0.2747252881526947,0.17041704058647156
YHR045W,YOR396W,0,-0.5029671,0.1388888955116272,0.2747252881526947,0.17051705718040466
YMR288W,YJL012C-A,0,-0.5029671,0.13881878554821014,0.2747252881526947,0.17061705887317657
YDL038C,YOR120W,0,-0.5029671,0.13874873518943787,0.2747252881526947,0.17071707546710968
YMR139W,YHR214W-G,0,-0.5029671,0.13867877423763275,0.2747252881526947,0.1708170771598816
YER087C-B,YGR027W-B,0,-0.5029671,0.1386088728904724,0.2747252881526947,0.1709170937538147
YIL073C,YBL101W-A,0,-0.5029671,0.13853904604911804,0.2747252881526947,0.1710170954465866
YPL096C-A,YNR069C,0,-0.5029671,0.13846927881240845,0.2747252881526947,0.17111711204051971
YBR214W,YPL096C-A,0,-0.5029671,0.13839960098266602,0.2747252881526947,0.17121712863445282
YGL258W-A,YDR252W,0,-0.5029671,0.13832998275756836,0.2747252881526947,0.17131713032722473
YBR228W,YFL011W-A,0,-0.5029671,0.13826043903827667,0.2747252881526947,0.17141714692115784
YOR343C-B,YLR319C,0,-0.5029671,0.13819095492362976,0.2747252881526947,0.17151714861392975
YCR029C-A,YOL065C,0,-0.5029671,0.13812154531478882,0.2747252881526947,0.17161716520786285
YER114C,YDR524C-B,0,-0.5029671,0.13805221021175385,0.2747252881526947,0.17171716690063477
YLR154W-A,YKL116C,0,-0.5029671,0.13798293471336365,0.2747252881526947,0.17181718349456787
YGR031C-A,YLL040C,0,-0.5029671,0.1379137486219406,0.2747252881526947,0.17191718518733978
YIL105C,YDR014W-A,0,-0.5029671,0.13784460723400116,0.2747252881526947,0.1720172017812729
YHR044C,YCR029C-A,0,-0.5029671,0.13777555525302887,0.2747252881526947,0.172117218375206
YGR031C-A,YBL091C-A,0,-0.5029671,0.13770656287670135,0.2747252881526947,0.1722172200679779
YCR029C-A,YMR165C,0,-0.5029671,0.1376376450061798,0.2747252881526947,0.172317236661911
YKL088W,YHR214W-G,0,-0.5029671,0.13756878674030304,0.2747252881526947,0.17241723835468292
YPL042C,YLR312C-B,0,-0.5029671,0.13750000298023224,0.2747252881526947,0.17251725494861603
YMR128W,YOR343C-B,0,-0.5029671,0.1374312788248062,0.2747252881526947,0.17261725664138794
YGR216C,YCL027C-A,0,-0.5029671,0.13736264407634735,0.2747252881526947,0.17271727323532104
YLR154W-A,YOR204W,0,-0.5029671,0.13729405403137207,0.2747252881526947,0.17281727492809296
YGL258W-A,YIL088C,0,-0.5029671,0.13722555339336395,0.2747252881526947,0.17291729152202606
YPL152W,YCL048W-A,0,-0.5029671,0.1371571123600006,0.2747252881526947,0.17301730811595917
YGR195W,YDR014W-A,0,-0.5029671,0.13708873093128204,0.2747252881526947,0.17311730980873108
YOR396W,YDR033W,0,-0.5029671,0.13702042400836945,0.2747252881526947,0.17321732640266418
YMR266W,YAR070W-A,0,-0.5029671,0.13695219159126282,0.2747252881526947,0.1733173280954361
YGR185C,YGL210W-A,0,-0.5029671,0.13688401877880096,0.2747252881526947,0.1734173446893692
YER014C-A,YDR170W-A,0,-0.5029671,0.13681592047214508,0.2747252881526947,0.1735173463821411
YBR035C,YCL027C-A,0,-0.5029671,0.13674788177013397,0.2747252881526947,0.17361736297607422
YIL155C,YCL060C,0,-0.5029671,0.13667991757392883,0.2747252881526947,0.17371736466884613
YLR154W-A,YDR313C,0,-0.5029671,0.13661202788352966,0.2747252881526947,0.17381738126277924
YLR312C-B,YPR183W,0,-0.5029671,0.13654419779777527,0.2747252881526947,0.17391739785671234
YCL048W-A,YNL080C,0,-0.5029671,0.13647642731666565,0.2747252881526947,0.17401739954948425
YDR210W-D,YIL132C,0,-0.5029671,0.136408731341362,0.2747252881526947,0.17411741614341736
YMR190C,YAR070W-A,0,-0.5029671,0.13634109497070312,0.2747252881526947,0.17421741783618927
YNR069C,YKL199C,0,-0.5029671,0.13627353310585022,0.2747252881526947,0.17431743443012238
YER025W,YCL027C-A,0,-0.5029671,0.13620604574680328,0.2747252881526947,0.1744174361228943
YGL131C,YLR312C-B,0,-0.5029671,0.13613861799240112,0.2747252881526947,0.1745174527168274
YPL096C-A,YBR290W,0,-0.5029671,0.13607124984264374,0.2747252881526947,0.1746174544095993
YDR378C,YNL024C-A,0,-0.5029671,0.13600395619869232,0.2747252881526947,0.1747174710035324
YOR386W,YCL027C-A,0,-0.5029671,0.13593672215938568,0.2747252881526947,0.17481748759746552
YOR371C,YCL048W-A,0,-0.5029671,0.135869562625885,0.2747252881526947,0.17491748929023743
YJL012C-A,YGL125W,0,-0.5029671,0.1358024626970291,0.2747252881526947,0.17501750588417053
YNL102W,YLR312C-B,0,-0.5029671,0.1357354372739792,0.2747252881526947,0.17511750757694244
YPL275W,YOL053C-A,0,-0.5029671,0.13566847145557404,0.2747252881526947,0.17521752417087555
YCR029C-A,YDR219C,0,-0.5029671,0.13560158014297485,0.2747252881526947,0.17531752586364746
YBL008W-A,YGL223C,0,-0.5029671,0.13553474843502045,0.2747252881526947,0.17541754245758057
YHR214W-G,YKL078W,0,-0.5029671,0.13546797633171082,0.2747252881526947,0.17551755905151367
YCR097WB,YJL113W,0,-0.5029671,0.13540127873420715,0.2747252881526947,0.17561756074428558
YGR031C-A,YDR222W,0,-0.5029671,0.13533464074134827,0.2747252881526947,0.1757175773382187
YJL012C-A,YML018C,0,-0.5029671,0.13526807725429535,0.2747252881526947,0.1758175790309906
YGR031C-A,YKL035W,0,-0.5029671,0.1352015733718872,0.2747252881526947,0.1759175956249237
YFL034C-A,YOR088W,0,-0.5029671,0.13513512909412384,0.2747252881526947,0.17601759731769562
YGL210W-A,YNL166C,0,-0.5029671,0.13506875932216644,0.2747252881526947,0.17611761391162872
YOR343C-B,YNR049C,0,-0.5029671,0.13500244915485382,0.2747252881526947,0.17621761560440063
YNL010W,YPL096C-A,0,-0.5029671,0.13493621349334717,0.2747252881526947,0.17631763219833374
YDR414C,YNL024C-A,0,-0.5029671,0.1348700374364853,0.2747252881526947,0.17641764879226685
YCR029C-A,YNL262W,0,-0.5029671,0.1348039209842682,0.2747252881526947,0.17651765048503876
YBL101W-B,YFL033C,0,-0.5029671,0.13473787903785706,0.2747252881526947,0.17661766707897186
YJR015W,YMR268W-A,0,-0.5029671,0.1346718966960907,0.2747252881526947,0.17671766877174377
YNL304W,YOL053C-A,0,-0.5029671,0.13460597395896912,0.2747252881526947,0.17681768536567688
YMR229C,YDR014W-A,0,-0.5029671,0.1345401108264923,0.2747252881526947,0.1769176870584488
YDR210W-D,YCL026C-A,0,-0.5029671,0.13447432219982147,0.2747252881526947,0.1770177036523819
YDR492W,YLR391W-A,0,-0.5029671,0.1344086080789566,0.2747252881526947,0.1771177053451538
YML033W,YML025C,0,-0.5029671,0.13434293866157532,0.2747252881526947,0.17721772193908691
YEL012W,YLR154W-A,0,-0.5029671,0.13427734375,0.2747252881526947,0.17731773853302002
YMR289W,YDR524C-B,0,-0.5029671,0.13421180844306946,0.2747252881526947,0.17741774022579193
YBL008W-A,YLR390W,0,-0.5029671,0.13414634764194489,0.2747252881526947,0.17751775681972504
YOR396W,YBR098W,0,-0.5029671,0.1340809315443039,0.2747252881526947,0.17761775851249695
YGL216W,YCR029C-A,0,-0.5029671,0.13401558995246887,0.2747252881526947,0.17771777510643005
YIL009C-A,YDR014W-A,0,-0.5029671,0.13395032286643982,0.2747252881526947,0.17781777679920197
YNR047W,YHR214W-G,0,-0.5029671,0.13388510048389435,0.2747252881526947,0.17791779339313507
YDL038C,YAL029C,0,-0.5029671,0.13381995260715485,0.2747252881526947,0.17801779508590698
YLR154W-A,YOR017W,0,-0.5029671,0.13375486433506012,0.2747252881526947,0.1781178116798401
YGR038C-B,YKL097W-A,0,-0.5029671,0.13368983566761017,0.2747252881526947,0.1782178282737732
YGL210W-A,YHR191C,0,-0.5029671,0.1336248815059662,0.2747252881526947,0.1783178299665451
YBL028C,YFL011W-A,0,-0.5029671,0.13355998694896698,0.2747252881526947,0.1784178465604782
YBR111W-A,YJL071W,0,-0.5029671,0.13349515199661255,0.2747252881526947,0.17851784825325012
YFL011W-A,YLR251W,0,-0.5029671,0.1334303766489029,0.2747252881526947,0.17861786484718323
YPL134C,YDR014W-A,0,-0.5029671,0.133365660905838,0.2747252881526947,0.17871786653995514
YKR008W,YMR268W-A,0,-0.5029671,0.1333010196685791,0.2747252881526947,0.17881788313388824
YBR080C,YGR031C-A,0,-0.5029671,0.13323643803596497,0.2747252881526947,0.17891788482666016
YDL038C,YNL302C,0,-0.5029671,0.1331719160079956,0.2747252881526947,0.17901790142059326
YJL006C,YPL096C-A,0,-0.5029671,0.13310745358467102,0.2747252881526947,0.17911791801452637
YOR343C-B,YMR246W,0,-0.5029671,0.1330430507659912,0.2747252881526947,0.17921791970729828
YKR099C-A,YKL217W,0,-0.5029671,0.13297872245311737,0.2747252881526947,0.17931793630123138
YBR111W-A,YDR238C,0,-0.5029671,0.1329144537448883,0.2747252881526947,0.1794179379940033
YBR111W-A,YCL059C,0,-0.5029671,0.13285024464130402,0.2747252881526947,0.1795179545879364
YPL096C-A,YJR056C,0,-0.5029671,0.1327860951423645,0.2747252881526947,0.1796179562807083
YGL227W,YLR312C-B,0,-0.5029671,0.13272200524806976,0.2747252881526947,0.17971797287464142
YNR004W,YMR268W-A,0,-0.5029671,0.132657989859581,0.2747252881526947,0.17981797456741333
YLR154W-A,YGL122C,0,-0.5029671,0.1325940191745758,0.2747252881526947,0.17991799116134644
YOL105C,YFL011W-A,0,-0.5029671,0.1325301229953766,0.2747252881526947,0.18001800775527954
YKL101W,YAR070W-A,0,-0.5029671,0.13246628642082214,0.2747252881526947,0.18011800944805145
YMR271C,YOR396W,0,-0.5029671,0.13240250945091248,0.2747252881526947,0.18021802604198456
YLR154W-A,YNL189W,0,-0.5029671,0.13233879208564758,0.2747252881526947,0.18031802773475647
YGR031C-A,YML099C,0,-0.5029671,0.13227513432502747,0.2747252881526947,0.18041804432868958
YOL057W,YPL189C-A,0,-0.5029671,0.13221153616905212,0.2747252881526947,0.1805180460214615
YGR061C,YMR268W-A,0,-0.5029671,0.13214801251888275,0.2747252881526947,0.1806180626153946
YDR014W-A,YBL052C,0,-0.5029671,0.13208453357219696,0.2747252881526947,0.1807180792093277
YDR164C,YCL048W-A,0,-0.5029671,0.13202112913131714,0.2747252881526947,0.1808180809020996
YLR154W-A,YFL055W,0,-0.5029671,0.1319577693939209,0.2747252881526947,0.18091809749603271
YNL264C,YDR524C-B,0,-0.5029671,0.13189448416233063,0.2747252881526947,0.18101809918880463
YLR256W-A,YKL200C,0,-0.5029671,0.13183125853538513,0.2747252881526947,0.18111811578273773
YGL094C,YCL027C-A,0,-0.5029671,0.1317680925130844,0.2747252881526947,0.18121811747550964
YGR031C-A,YGR207C,0,-0.5029671,0.13170498609542847,0.2747252881526947,0.18131813406944275
YCR080W,YIL129C,0,-0.5029671,0.1316419392824173,0.2747252881526947,0.18141813576221466
YLR391W-A,YDL179W,0,-0.5029671,0.1315789520740509,0.2747252881526947,0.18151815235614777
YGL258W-A,YBL034C,0,-0.5029671,0.13151602447032928,0.2747252881526947,0.18161816895008087
YCL048W-A,YHR136C,0,-0.5029671,0.13145315647125244,0.2747252881526947,0.18171817064285278
YDR248C,YCL060C,0,-0.5029671,0.13139034807682037,0.2747252881526947,0.1818181872367859
YHL007C,YAR070W-A,0,-0.5029671,0.13132759928703308,0.2747252881526947,0.1819181889295578
YOR396W,YBR186W,0,-0.5029671,0.13126491010189056,0.2747252881526947,0.1820182055234909
YJL012C-A,YGL008C,0,-0.5029671,0.13120229542255402,0.2747252881526947,0.18211820721626282
YOL053C-A,YIL138C,0,-0.5029671,0.13113972544670105,0.2747252881526947,0.18221822381019592
YDR167W,YCR029C-A,0,-0.5029671,0.13107721507549286,0.2747252881526947,0.18231822550296783
YJL153C,YOR396W,0,-0.5029671,0.13101476430892944,0.2747252881526947,0.18241824209690094
YNL024C-A,YDR012W,0,-0.5029671,0.130952388048172,0.2747252881526947,0.18251825869083405
YOR396W,YGL173C,0,-0.5029671,0.13089005649089813,0.2747252881526947,0.18261826038360596
YLR154W-A,YDL193W,0,-0.5029671,0.13082778453826904,0.2747252881526947,0.18271827697753906
YOL053C-A,YNL292W,0,-0.5029671,0.13076557219028473,0.2747252881526947,0.18281827867031097
YDR006C,YHR214W-G,0,-0.5029671,0.1307034194469452,0.2747252881526947,0.18291829526424408
YLR398C,YPL096C-A,0,-0.5029671,0.13064132630825043,0.2747252881526947,0.183018296957016
YDR381C-A,YBR302C,0,-0.5029671,0.13057929277420044,0.2747252881526947,0.1831183135509491
YOL148C,YOL053C-A,0,-0.5029671,0.13051731884479523,0.2747252881526947,0.183218315243721
YCR080W,YDR281C,0,-0.5029817,0.1304554045200348,0.2747252881526947,0.1833183318376541
YOR194C,YLR157C-A,0,-0.5030568,0.13039354979991913,0.2747252881526947,0.18341834843158722
YIR012W,YBL101W-A,0,-0.5031998,0.13033175468444824,0.2747252881526947,0.18351835012435913
YBR152W,YBL034C,0,-0.5032921,0.13027001917362213,0.2747252881526947,0.18361836671829224
YKR050W,YPL257W-B,0,-0.5033072,0.1302083283662796,0.2747252881526947,0.18371836841106415
YHR039C-B,YKR022C,0,-0.5033255,0.13014671206474304,0.2747252881526947,0.18381838500499725
YLR013W,YGR123C,0,-0.50333077,0.13008514046669006,0.2747252881526947,0.18391838669776917
YGR058W,YML045W-A,0,-0.5033456,0.13002364337444305,0.2747252881526947,0.18401840329170227
YLR138W,YER137C-A,0,-0.5033569,0.12996219098567963,0.2747252881526947,0.18411840498447418
YLR157C-A,YER020W,0,-0.5033792,0.12990079820156097,0.2747252881526947,0.1842184215784073
YGR061C,YDL047W,0,-0.5033793,0.1298394650220871,0.2747252881526947,0.1843184381723404
YGL245W,YKL097W-A,0,-0.50339544,0.129778191447258,0.2747252881526947,0.1844184398651123
YNL054W-B,YBL009W,0,-0.5034385,0.12971697747707367,0.2747252881526947,0.1845184564590454
YDR261C-C,YOR332W,0,-0.50350505,0.12965582311153412,0.2747252881526947,0.18461845815181732
YNL281W,YKL199C,0,-0.5035084,0.12959472835063934,0.2747252881526947,0.18471847474575043
YGR161C-C,YJL148W,0,-0.5035132,0.12953367829322815,0.2747252881526947,0.18481847643852234
YLR256W,YJL172W,0,-0.50351423,0.12947268784046173,0.2747252881526947,0.18491849303245544
YCR080W,YNL188W,0,-0.503538,0.12941177189350128,0.2747252881526947,0.18501849472522736
YBR158W,YCL003W,0,-0.50366074,0.12935090065002441,0.2747252881526947,0.18511851131916046
YKL182W,YOL129W,0,-0.5036677,0.12929007411003113,0.2747252881526947,0.18521852791309357
YBR133C,YDR316W-A,0,-0.5036703,0.1292293220758438,0.2747252881526947,0.18531852960586548
YOR036W,YNR040W,0,-0.50369114,0.12916862964630127,0.2747252881526947,0.18541854619979858
YML131W,YCL060C,0,-0.5037313,0.1291079819202423,0.2747252881526947,0.1855185478925705
YCR055C,YDR306C,0,-0.50375754,0.12904739379882812,0.2747252881526947,0.1856185644865036
YMR017W,YKL097W-A,0,-0.50381607,0.12898686528205872,0.2747252881526947,0.1857185661792755
YAR044W,YEL064C,0,-0.50384074,0.12892639636993408,0.2747252881526947,0.18581858277320862
YDR072C,YFL035C,0,-0.5038428,0.12886597216129303,0.2747252881526947,0.18591858446598053
YLR403W,YKL199C,0,-0.50387037,0.12880562245845795,0.2747252881526947,0.18601860105991364
YGL046W,YER153C,0,-0.5038817,0.12874531745910645,0.2747252881526947,0.18611861765384674
YDL198C,YLR337W,0,-0.50393075,0.12868507206439972,0.2747252881526947,0.18621861934661865
YGR275W,YFL035C,0,-0.5039529,0.12862488627433777,0.2747252881526947,0.18631863594055176
YJL018W,YKL164C,0,-0.50395983,0.1285647451877594,0.2747252881526947,0.18641863763332367
YIL017W,YER160C,0,-0.50399524,0.128504678606987,0.2747252881526947,0.18651865422725677
YJL051W,YLR081W,0,-0.5040229,0.12844465672969818,0.2747252881526947,0.1866186559200287
YCR080W,YLR301W,0,-0.5040392,0.12838469445705414,0.2747252881526947,0.1867186725139618
YBL101W-B,YDR081C,0,-0.5040538,0.12832477688789368,0.2747252881526947,0.1868186891078949
YDR306C,YKL097W-A,0,-0.50406176,0.128264918923378,0.2747252881526947,0.1869186908006668
YDR446W,YFL035C,0,-0.5041091,0.12820513546466827,0.2747252881526947,0.18701870739459991
YIR033W,YCR070W,0,-0.50411814,0.12814538180828094,0.2747252881526947,0.18711870908737183
YER125W,YJL018W,0,-0.50413233,0.12808570265769958,0.2747252881526947,0.18721872568130493
YJL128C,YHR089C,0,-0.50414234,0.1280260682106018,0.2747252881526947,0.18731872737407684
YLR391W,YOR096W,0,-0.5041611,0.1279664933681488,0.2747252881526947,0.18741874396800995
YCR097WB,YOR149C,0,-0.50416315,0.12790697813034058,0.2747252881526947,0.18751874566078186
YBR040W,YDR011W,0,-0.50416756,0.12784750759601593,0.2747252881526947,0.18761876225471497
YER159C-A,YDR378C,0,-0.50420445,0.12778809666633606,0.2747252881526947,0.18771877884864807
YOR142W-B,YOR069W,0,-0.50423115,0.12772874534130096,0.2747252881526947,0.18781878054141998
YLR013W,YPR158C-D,0,-0.504249,0.12766945362091064,0.2747252881526947,0.1879187971353531
YOR142W-A,YDR510W,0,-0.504396,0.1276102066040039,0.2747252881526947,0.188018798828125
YIL111W,YPL257W-A,0,-0.50444233,0.12755101919174194,0.2747252881526947,0.1881188154220581
YOR347C,YDR261W-A,0,-0.5044606,0.12749189138412476,0.2747252881526947,0.18821881711483002
YDL126C,YCL030C,0,-0.5045379,0.12743280827999115,0.2747252881526947,0.18831883370876312
YPL022W,YGR222W,0,-0.50482833,0.12737378478050232,0.2747252881526947,0.18841883540153503
YML110C,YNL192W,0,-0.50487834,0.12731482088565826,0.2747252881526947,0.18851885199546814
YOR123C,YPR031W,0,-0.50499827,0.1272559016942978,0.2747252881526947,0.18861886858940125
YOR155C,YHR164C,0,-0.50500894,0.1271970421075821,0.2747252881526947,0.18871887028217316
YER090W,YER147C,0,-0.5050318,0.12713822722434998,0.2747252881526947,0.18881888687610626
YNL309W,YOR061W,0,-0.50503355,0.12707948684692383,0.2747252881526947,0.18891888856887817
YNL284C-A,YPR041W,0,-0.5051865,0.12702079117298126,0.2747252881526947,0.18901890516281128
YOR346W,YPL038W,0,-0.5052553,0.12696214020252228,0.2747252881526947,0.1891189068555832
YOL070C,YLR157C-A,0,-0.50528,0.12690354883670807,0.2747252881526947,0.1892189234495163
YOR310C,YPL150W,0,-0.5052864,0.12684501707553864,0.2747252881526947,0.1893189251422882
YPR066W,YDL200C,0,-0.50529015,0.12678654491901398,0.2747252881526947,0.1894189417362213
YDR210W-A,YOL052C,0,-0.505376,0.1267281174659729,0.2747252881526947,0.18951895833015442
YLR403W,YML045W-A,0,-0.5053765,0.1266697347164154,0.2747252881526947,0.18961896002292633
YLR206W,YGR027W-B,0,-0.50542134,0.12661141157150269,0.2747252881526947,0.18971897661685944
YIL004C,YER030W,0,-0.5054251,0.12655314803123474,0.2747252881526947,0.18981897830963135
YJL024C,YDR316W-A,0,-0.50550854,0.12649494409561157,0.2747252881526947,0.18991899490356445
YKL059C,YDL144C,0,-0.5055359,0.12643678486347198,0.2747252881526947,0.19001899659633636
YLR227W-B,YBR239C,0,-0.50597703,0.12637867033481598,0.2747252881526947,0.19011901319026947
YBR299W,YHR143W,1,-0.50601256,0.1267799735069275,0.27572426199913025,0.19011901319026947
YNL054W-B,YOR150W,0,-0.50605047,0.12672176957130432,0.27572426199913025,0.19021901488304138
YDR079C-A,YDR051C,0,-0.5061012,0.12666361033916473,0.27572426199913025,0.1903190314769745
YDR221W,YNR067C,1,-0.50611,0.12706421315670013,0.2767232656478882,0.1903190314769745
YMR116C,YBR204C,0,-0.5062098,0.12700596451759338,0.2767232656478882,0.1904190480709076
YNR050C,YBR125C,0,-0.50639415,0.12694776058197021,0.2767232656478882,0.1905190497636795
YGR143W,YMR305C,1,-0.5064895,0.1273476928472519,0.2777222692966461,0.1905190497636795
YLR388W,YGR227W,0,-0.5065133,0.12728938460350037,0.2777222692966461,0.1906190663576126
YDR347W,YOR343W-B,0,-0.5066031,0.12723112106323242,0.2777222692966461,0.19071906805038452
YDR492W,YDR393W,0,-0.506626,0.12717291712760925,0.2777222692966461,0.19081908464431763
YDR032C,YNL030W,0,-0.50665694,0.12711477279663086,0.2777222692966461,0.19091908633708954
YPR156C,YPR158C-C,0,-0.5066793,0.12705667316913605,0.2777222692966461,0.19101910293102264
YGR161C-C,YDR369C,0,-0.50678533,0.126998633146286,0.2777222692966461,0.19111910462379456
YBR241C,YMR038C,0,-0.50680655,0.12694063782691956,0.2777222692966461,0.19121912121772766
YDR210W-A,YML043C,0,-0.5069738,0.12688270211219788,0.2777222692966461,0.19131913781166077
YER019W,YGR125W,0,-0.5070303,0.12682481110095978,0.2777222692966461,0.19141913950443268
YOL101C,YOR343W-A,0,-0.50712883,0.12676697969436646,0.2777222692966461,0.19151915609836578
YDR261C-C,YDL065C,0,-0.5071706,0.1267092078924179,0.2777222692966461,0.1916191577911377
YOR190W,YGR282C,1,-0.5072949,0.12710706889629364,0.27872127294540405,0.1916191577911377
YER124C,YOR373W,0,-0.50731665,0.12704917788505554,0.27872127294540405,0.1917191743850708
YMR316W,YDR506C,0,-0.5073266,0.12699134647846222,0.27872127294540405,0.1918191760778427
YDR056C,YMR229C,0,-0.5074214,0.12693357467651367,0.27872127294540405,0.19191919267177582
YLR035C,YPL220W,0,-0.507481,0.1268758475780487,0.27872127294540405,0.19201920926570892
YPR137C-B,YHL009W-A,0,-0.50753504,0.12681818008422852,0.27872127294540405,0.19211921095848083
YKL167C,YOR373W,0,-0.5075764,0.1267605572938919,0.27872127294540405,0.19221922755241394
YPR158W-A,YGR041W,0,-0.5075947,0.12670299410820007,0.27872127294540405,0.19231922924518585
YJR104C,YBR275C,0,-0.5076564,0.12664549052715302,0.27872127294540405,0.19241924583911896
YDR142C,YNL054W-B,0,-0.5077697,0.12658801674842834,0.27872127294540405,0.19251924753189087
YOR210W,YDR210C-C,0,-0.5079724,0.12653061747550964,0.27872127294540405,0.19261926412582397
YER049W,YBR129C,0,-0.5085882,0.12647324800491333,0.27872127294540405,0.1927192658185959
YBL101C,YCL045C,0,-0.5086004,0.12641595304012299,0.27872127294540405,0.192819282412529
YLR343W,YOL147C,0,-0.5087307,0.12635870277881622,0.27872127294540405,0.1929192990064621
YOR159C,YLR158C,0,-0.50884056,0.12630149722099304,0.27872127294540405,0.193019300699234
YOR382W,YGR109W-B,0,-0.5089091,0.12624435126781464,0.27872127294540405,0.19311931729316711
YNL116W,YLR089C,0,-0.50894743,0.1261872500181198,0.27872127294540405,0.19321931898593903
YOR142W-A,YJL214W,0,-0.5089661,0.12613019347190857,0.27872127294540405,0.19331933557987213
YBR253W,YOR306C,0,-0.50913596,0.1260731965303421,0.27872127294540405,0.19341933727264404
YBR299W,YKL046C,1,-0.50924134,0.12646792829036713,0.279720276594162,0.19341933727264404
YDR085C,YKR022C,0,-0.50925213,0.1264108419418335,0.279720276594162,0.19351935386657715
YGR027W-A,YMR154C,0,-0.5093362,0.12635378539562225,0.279720276594162,0.19361935555934906
YPL213W,YPL257W-B,0,-0.50939465,0.12629680335521698,0.279720276594162,0.19371937215328217
YKL053C-A,YCL043C,0,-0.50942534,0.1262398511171341,0.279720276594162,0.19381938874721527
YDR191W,YGL168W,0,-0.5094652,0.12618295848369598,0.279720276594162,0.19391939043998718
YGR038C-A,YBR204C,0,-0.5095156,0.12612612545490265,0.279720276594162,0.1940194070339203
YKR058W,YLR188W,0,-0.5097135,0.1260693371295929,0.279720276594162,0.1941194087266922
YBL071W-A,YBR098W,0,-0.5099076,0.12601260840892792,0.279720276594162,0.1942194253206253
YER174C,YOR240W,0,-0.50991493,0.12595590949058533,0.279720276594162,0.19431942701339722
YLR240W,YML042W,0,-0.5102182,0.1258992850780487,0.279720276594162,0.19441944360733032
YCR004C,YNL279W,0,-0.51026016,0.12584269046783447,0.279720276594162,0.19451944530010223
YGL046W,YPL187W,0,-0.5102694,0.1257861703634262,0.279720276594162,0.19461946189403534
YFR028C,YDR214W,0,-0.510364,0.12572968006134033,0.279720276594162,0.19471947848796844
YKR048C,YOR192C-A,0,-0.5104142,0.12567324936389923,0.279720276594162,0.19481948018074036
YJR053W,YOR008C,0,-0.51043504,0.1256168633699417,0.279720276594162,0.19491949677467346
YGL004C,YDR261W-B,0,-0.5107029,0.12556053698062897,0.279720276594162,0.19501949846744537
YCL034W,YNL054W-B,0,-0.5108523,0.1255042552947998,0.279720276594162,0.19511951506137848
YLR034C,YMR070W,0,-0.5108805,0.12544803321361542,0.279720276594162,0.1952195167541504
YKL170W,YBL106C,0,-0.51094973,0.1253918558359146,0.279720276594162,0.1953195333480835
YLR157C-A,YDR079W,0,-0.51100224,0.1253357231616974,0.279720276594162,0.1954195350408554
YAR031W,YPR137C-A,0,-0.5110591,0.12527963519096375,0.279720276594162,0.1955195516347885
YFL055W,YML093W,0,-0.51110435,0.12522360682487488,0.279720276594162,0.19561956822872162
YJR145C,YKR019C,0,-0.51136076,0.1251676380634308,0.279720276594162,0.19571956992149353
YER130C,YNL091W,0,-0.5113789,0.12511171400547028,0.279720276594162,0.19581958651542664
YPL081W,YOR142W-B,0,-0.5114357,0.12505583465099335,0.279720276594162,0.19591958820819855
YGL033W,YNL088W,0,-0.5115315,0.125,0.279720276594162,0.19601960480213165
YBR128C,YDR316W-A,0,-0.5115321,0.12494422495365143,0.279720276594162,0.19611960649490356
YNL139C,YDL029W,0,-0.5119559,0.12488849461078644,0.279720276594162,0.19621962308883667
YDR221W,YOL157C,1,-0.5119993,0.12527865171432495,0.2807192802429199,0.19621962308883667
YDR001C,YGR027W-A,0,-0.51206744,0.1252228170633316,0.2807192802429199,0.19631962478160858
YOR192C-B,YNR044W,0,-0.5122835,0.12516704201698303,0.2807192802429199,0.1964196413755417
YCR087C-A,YDL064W,0,-0.5123369,0.12511131167411804,0.2807192802429199,0.1965196579694748
YHR052W,YOR343W-B,0,-0.5127216,0.12505562603473663,0.2807192802429199,0.1966196596622467
YBR288C,YKL137W,0,-0.5127405,0.125,0.2807192802429199,0.1967196762561798
YPL131W,YDR485C,0,-0.51276207,0.12494441866874695,0.2807192802429199,0.19681967794895172
YLR357W,YNL213C,0,-0.51278377,0.12488888949155807,0.2807192802429199,0.19691969454288483
YDR511W,YDR527W,0,-0.5128536,0.12483340501785278,0.2807192802429199,0.19701969623565674
YOR192C-B,YCR020W-B,0,-0.5129084,0.12477797269821167,0.2807192802429199,0.19711971282958984
YPL155C,YNR070W,0,-0.5129549,0.12472259253263474,0.2807192802429199,0.19721971452236176
YMR004W,YDL051W,0,-0.5130684,0.12466725707054138,0.2807192802429199,0.19731973111629486
YOR142W-B,YGR238C,0,-0.5133883,0.12461197376251221,0.2807192802429199,0.19741974771022797
YLR048W,YGR161W-B,0,-0.51341397,0.12455673515796661,0.2807192802429199,0.19751974940299988
YBR056W,YIR007W,1,-0.51347697,0.12494461983442307,0.28171828389167786,0.19751974940299988
YMR211W,YDR495C,0,-0.51356745,0.12488928437232971,0.28171828389167786,0.19761976599693298
YKL208W,YGR183C,0,-0.5135892,0.12483400106430054,0.28171828389167786,0.1977197676897049
YBR302C,YNL012W,0,-0.51367456,0.12477876245975494,0.28171828389167786,0.197819784283638
YPR102C,YIR036C,0,-0.5136775,0.12472357600927353,0.28171828389167786,0.1979197859764099
YOR116C,YBR173C,0,-0.51385087,0.1246684342622757,0.28171828389167786,0.19801980257034302
YMR235C,YDR210C-C,0,-0.5138806,0.12461334466934204,0.28171828389167786,0.19811981916427612
YAR035W,YPL196W,0,-0.513882,0.12455830723047256,0.28171828389167786,0.19821982085704803
YJL221C,YOL043C,1,-0.5139035,0.12494481354951859,0.2827172875404358,0.19821982085704803
YER013W,YHL009W-A,0,-0.5139378,0.12488967180252075,0.2827172875404358,0.19831983745098114
YEL058W,YGL121C,0,-0.5141745,0.1248345822095871,0.2827172875404358,0.19841983914375305
YNL305C,YOL040C,0,-0.5146214,0.12477954477071762,0.2827172875404358,0.19851985573768616
YDR055W,YBL026W,0,-0.51466274,0.12472454458475113,0.2827172875404358,0.19861985743045807
YPR201W,YML045W-A,0,-0.51467216,0.12466960400342941,0.2827172875404358,0.19871987402439117
YOR278W,YJR016C,0,-0.5147009,0.12461470812559128,0.2827172875404358,0.19881987571716309
YDR018C,YNL316C,0,-0.5147202,0.12455985695123672,0.2827172875404358,0.1989198923110962
YPL227C,YAL062W,0,-0.5149393,0.12450505793094635,0.2827172875404358,0.1990199089050293
YLR033W,YLL055W,0,-0.51501817,0.12445031106472015,0.2827172875404358,0.1991199105978012
YER068W,YIL048W,0,-0.51511735,0.12439560145139694,0.2827172875404358,0.19921992719173431
YPR122W,YDR261W-B,0,-0.5151723,0.1243409514427185,0.2827172875404358,0.19931992888450623
YDR254W,YPL119C,0,-0.51535165,0.12428633868694305,0.2827172875404358,0.19941994547843933
YGR109W-B,YHR129C,0,-0.5158017,0.12423178553581238,0.2827172875404358,0.19951994717121124
YGR282C,YDR371W,1,-0.5161704,0.12461605668067932,0.2837162911891937,0.19951994717121124
YPL256C,YML005W,0,-0.5162089,0.12456140667200089,0.2837162911891937,0.19961996376514435
YLR051C,YOR085W,0,-0.51627755,0.12450679391622543,0.2837162911891937,0.19971996545791626
YAL032C,YGL077C,0,-0.51635444,0.12445223331451416,0.2837162911891937,0.19981998205184937
YJL002C,YJL221C,0,-0.51649255,0.12439772486686707,0.2837162911891937,0.19991999864578247
YOR244W,YPL256C,0,-0.5165283,0.12434326112270355,0.2837162911891937,0.20002000033855438
YDR141C,YHL033C,0,-0.5165332,0.12428884208202362,0.2837162911891937,0.2001200169324875
YLL041C,YML032C,0,-0.51660466,0.12423446774482727,0.2837162911891937,0.2002200186252594
YGR091W,YPR158C-C,0,-0.5166201,0.1241801455616951,0.2837162911891937,0.2003200352191925
YML085C,YDR210W-B,0,-0.5166406,0.1241258755326271,0.2837162911891937,0.20042003691196442
YCL074W,YBL066C,0,-0.5166767,0.1240716502070427,0.2837162911891937,0.20052005350589752
YPL064C,YFL053W,0,-0.5168212,0.12401746958494186,0.2837162911891937,0.20062005519866943
YPL266W,YOR298C-A,0,-0.51689935,0.12396333366632462,0.2837162911891937,0.20072007179260254
YJL087C,YKR048C,0,-0.51696885,0.12390924990177155,0.2837162911891937,0.20082008838653564
YDR034C-C,YHR183W,0,-0.5170714,0.12385521084070206,0.2837162911891937,0.20092009007930756
YLL039C,YNR003C,0,-0.51740783,0.12380122393369675,0.2837162911891937,0.20102010667324066
YEL029C,YPL257W-B,0,-0.517421,0.12374727427959442,0.2837162911891937,0.20112010836601257
YBR001C,YGR282C,1,-0.5175003,0.12412892282009125,0.28471529483795166,0.20112010836601257
YDR480W,YLR157C,0,-0.5175167,0.12407488375902176,0.28471529483795166,0.20122012495994568
YDR281C,YLR285W,0,-0.51780826,0.12402088940143585,0.28471529483795166,0.2013201266527176
YGR143W,YOL155C,1,-0.5178338,0.12440191209316254,0.2857142984867096,0.2013201266527176
YJR161C,YOR237W,0,-0.51787144,0.12434782832860947,0.2857142984867096,0.2014201432466507
YLR357W,YDL214C,0,-0.51788265,0.12429378181695938,0.2857142984867096,0.2015201449394226
YHR143W,YDR371W,1,-0.5179537,0.12467419356107712,0.28671327233314514,0.2015201449394226
YPL024W,YPR066W,0,-0.5179578,0.12462005764245987,0.28671327233314514,0.2016201615333557
YNL175C,YGR067C,0,-0.5179596,0.1245659738779068,0.28671327233314514,0.20172017812728882
YBR258C,YHR124W,0,-0.51804584,0.12451192736625671,0.28671327233314514,0.20182017982006073
YLR213C,YBR056W,1,-0.51807666,0.12489158660173416,0.2877122759819031,0.20182017982006073
YDR036C,YBR010W,0,-0.51814145,0.12483745068311691,0.2877122759819031,0.20192019641399384
YDR380W,YLR429W,0,-0.5181442,0.12478335946798325,0.2877122759819031,0.20202019810676575
YLR390W,YGR286C,0,-0.5185883,0.12472932040691376,0.2877122759819031,0.20212021470069885
YMR250W,YPR137C-A,0,-0.5187406,0.12467532604932785,0.2877122759819031,0.20222021639347076
YEL052W,YCR098C,0,-0.5188068,0.12462137639522552,0.2877122759819031,0.20232023298740387
YIR032C,YGR075C,0,-0.51882833,0.12456747144460678,0.2877122759819031,0.20242023468017578
YMR270C,YDR059C,0,-0.519142,0.12451361864805222,0.2877122759819031,0.2025202512741089
YOL091W,YDR038C,0,-0.51931477,0.12445981055498123,0.2877122759819031,0.202620267868042
YAL003W,YPR035W,0,-0.5193695,0.12440604716539383,0.2877122759819031,0.2027202695608139
YDL099W,YGR027W-A,0,-0.51944304,0.12435232847929001,0.2877122759819031,0.202820286154747
YNL298W,YLR165C,0,-0.51954085,0.12429866194725037,0.2877122759819031,0.20292028784751892
YKL061W,YKL065C,0,-0.5195875,0.1242450401186943,0.2877122759819031,0.20302030444145203
YDR476C,YIL063C,0,-0.51960707,0.12419146299362183,0.2877122759819031,0.20312030613422394
YOR244W,YJL148W,0,-0.5196294,0.12413793057203293,0.2877122759819031,0.20322032272815704
YDL079C,YBR012W-A,0,-0.51964945,0.12408444285392761,0.2877122759819031,0.20332033932209015
YGR027W-A,YBL018C,0,-0.5196556,0.12403100728988647,0.2877122759819031,0.20342034101486206
YJL221C,YLR144C,1,-0.51967484,0.12440809607505798,0.288711279630661,0.20342034101486206
YDR320C-A,YOR312C,0,-0.5196822,0.12435456365346909,0.288711279630661,0.20352035760879517
YDR320C-A,YNL083W,0,-0.5197374,0.12430107593536377,0.288711279630661,0.20362035930156708
YKL103C,YML087C,0,-0.51980203,0.12424763292074203,0.288711279630661,0.20372037589550018
YLR421C,YCR010C,0,-0.519811,0.12419424206018448,0.288711279630661,0.2038203775882721
YJL087C,YJL219W,0,-0.5201125,0.1241408959031105,0.288711279630661,0.2039203941822052
YPR196W,YBL089W,0,-0.52020603,0.12408759444952011,0.288711279630661,0.2040203958749771
YCL014W,YCR098C,0,-0.5202646,0.1240343376994133,0.288711279630661,0.20412041246891022
YJL073W,YGL245W,0,-0.5203829,0.12398112565279007,0.288711279630661,0.20422042906284332
YDR082W,YPL257W-A,0,-0.5204421,0.12392795830965042,0.288711279630661,0.20432043075561523
YMR263W,YLR157C-B,0,-0.5204668,0.12387483566999435,0.288711279630661,0.20442044734954834
YFL052W,YLR264W,0,-0.5208104,0.12382176518440247,0.288711279630661,0.20452044904232025
YJL221C,YBR056W,1,-0.5208199,0.12419699877500534,0.28971028327941895,0.20452044904232025
YPR121W,YOR275C,0,-0.5208683,0.12414383888244629,0.28971028327941895,0.20462046563625336
YKL028W,YJR083C,0,-0.5209574,0.12409071624279022,0.28971028327941895,0.20472046732902527
YDR210W-A,YGR251W,0,-0.5209671,0.12403763830661774,0.28971028327941895,0.20482048392295837
YDL133C-A,YGR274C,0,-0.52101475,0.12398461252450943,0.28971028327941895,0.20492048561573029
YOR214C,YDR304C,0,-0.5211246,0.12393162399530411,0.28971028327941895,0.2050205022096634
YNL186W,YPL271W,0,-0.52121854,0.12387868762016296,0.28971028327941895,0.2051205188035965
YDL178W,YGR027W-A,0,-0.52135694,0.1238257884979248,0.28971028327941895,0.2052205204963684
YCL025C,YGR002C,0,-0.5214447,0.12377294152975082,0.28971028327941895,0.2053205370903015
YGR240C,YNL116W,0,-0.5215179,0.12372013926506042,0.28971028327941895,0.20542053878307343
YEL070W,YDR261W-B,0,-0.5218656,0.12366737425327301,0.28971028327941895,0.20552055537700653
YGR067C,YLR441C,0,-0.52190495,0.12361466139554977,0.28971028327941895,0.20562055706977844
YDR283C,YIL040W,0,-0.52211446,0.12356199324131012,0.28971028327941895,0.20572057366371155
YBR001C,YHR204W,1,-0.52224135,0.123935267329216,0.2907092869281769,0.20572057366371155
YGL112C,YNR069C,0,-0.52237356,0.12388250231742859,0.2907092869281769,0.20582057535648346
YOR214C,YNL262W,0,-0.5224597,0.12382978945970535,0.2907092869281769,0.20592059195041656
YDR197W,YOR343W-A,0,-0.5224673,0.1237771138548851,0.2907092869281769,0.20602060854434967
YPR079W,YGL002W,0,-0.5224847,0.12372449040412903,0.2907092869281769,0.20612061023712158
YLR287C-A,YPR032W,0,-0.52258587,0.12367191165685654,0.2907092869281769,0.2062206268310547
YGR271W,YMR302C,0,-0.5230355,0.12361937016248703,0.2907092869281769,0.2063206285238266
YOR174W,YNL110C,0,-0.52323294,0.1235668808221817,0.2907092869281769,0.2064206451177597
YPL188W,YDR497C,0,-0.52327317,0.12351442873477936,0.2907092869281769,0.20652064681053162
YMR097C,YPR137C-A,0,-0.5233044,0.12346202880144119,0.2907092869281769,0.20662066340446472
YPL269W,YDL206W,0,-0.5233381,0.12340966612100601,0.2907092869281769,0.20672066509723663
YMR271C,YMR078C,0,-0.52376205,0.12335735559463501,0.2907092869281769,0.20682068169116974
YBL039C,YJR135W-A,0,-0.5237851,0.12330508232116699,0.2907092869281769,0.20692069828510284
YJL079C,YER184C,0,-0.52395934,0.12325286120176315,0.2907092869281769,0.20702069997787476
YKL082C,YJL042W,0,-0.524044,0.1232006773352623,0.2907092869281769,0.20712071657180786
YER078C,YBR058C-A,0,-0.52404475,0.12314853817224503,0.2907092869281769,0.20722071826457977
YLR205C,YOL001W,0,-0.5240655,0.12309644371271133,0.2907092869281769,0.20732073485851288
YJL200C,YEL041W,0,-0.52456176,0.12304439395666122,0.2907092869281769,0.2074207365512848
YJR152W,YPL029W,0,-0.52460986,0.1229923889040947,0.2907092869281769,0.2075207531452179
YNL054W-B,YPL113C,0,-0.52469695,0.12294042855501175,0.2907092869281769,0.2076207548379898
YLR256W-A,YIR017C,0,-0.5248953,0.12288851290941238,0.2907092869281769,0.2077207714319229
YDR320C-A,YCL011C,0,-0.5249099,0.1228366419672966,0.2907092869281769,0.20782078802585602
YNL262W,YLR410W-A,0,-0.52494377,0.1227848082780838,0.2907092869281769,0.20792078971862793
YNL182C,YLR450W,0,-0.5249649,0.12273302674293518,0.2907092869281769,0.20802080631256104
YNR063W,YPR137C-A,0,-0.52498716,0.12268128246068954,0.2907092869281769,0.20812080800533295
YPR102C,YOL077W-A,0,-0.52499896,0.12262958288192749,0.2907092869281769,0.20822082459926605
YDR381C-A,YDR255C,0,-0.5251114,0.12257792800664902,0.2907092869281769,0.20832082629203796
YJL034W,YER074W-A,0,-0.52523476,0.12252631783485413,0.2907092869281769,0.20842084288597107
YMR194W,YOR192C-A,0,-0.5252409,0.12247474491596222,0.2907092869281769,0.20852085947990417
YCR077C,YBR283C,0,-0.52550733,0.12242322415113449,0.2907092869281769,0.2086208611726761
YIL035C,YCR024C-A,0,-0.5255896,0.12237174063920975,0.2907092869281769,0.2087208777666092
YJR121W,YDR534C,0,-0.525655,0.12232030183076859,0.2907092869281769,0.2088208794593811
YBR237W,YDR261C-C,0,-0.52565634,0.122268907725811,0.2907092869281769,0.2089208960533142
YNL047C,YIR009W,0,-0.52571476,0.122217558324337,0.2907092869281769,0.20902089774608612
YJR135W-A,YLR364W,0,-0.5258527,0.12216624617576599,0.2907092869281769,0.20912091434001923
YER014C-A,YGR209C,0,-0.5260097,0.12211497873067856,0.2907092869281769,0.20922091603279114
YLR385C,YNR036C,0,-0.52609205,0.12206375598907471,0.2907092869281769,0.20932093262672424
YPR159W,YLR213C,1,-0.526194,0.12243186682462692,0.2917082905769348,0.20932093262672424
YPL212C,YIR005W,0,-0.52620924,0.12238055467605591,0.2917082905769348,0.20942094922065735
YLR064W,YHR216W,0,-0.52628165,0.12232928723096848,0.2917082905769348,0.20952095091342926
YGR256W,YHR047C,0,-0.5263319,0.12227805703878403,0.2917082905769348,0.20962096750736237
YDR342C,YPR043W,0,-0.5264182,0.12222687155008316,0.2917082905769348,0.20972096920013428
YHR141C,YDR352W,0,-0.52651334,0.12217573076486588,0.2917082905769348,0.20982098579406738
YDR067C,YBR200W,0,-0.526624,0.12212463468313217,0.2917082905769348,0.2099209874868393
YGR161C-C,YGL211W,0,-0.5266525,0.12207357585430145,0.2917082905769348,0.2100210040807724
YLR286C,YDR371W,1,-0.52670646,0.12244044989347458,0.29270729422569275,0.2100210040807724
YPR159W,YIL072W,0,-0.5267561,0.1223893091082573,0.29270729422569275,0.2101210057735443
YOR142W-B,YIL040W,0,-0.5268567,0.122338205575943,0.29270729422569275,0.21022102236747742
YKL158W,YMR021C,0,-0.52693176,0.12228714674711227,0.29270729422569275,0.21032103896141052
YIL124W,YNL189W,0,-0.52693963,0.12223612517118454,0.29270729422569275,0.21042104065418243
YLL002W,YER018C,0,-0.5269719,0.12218515574932098,0.29270729422569275,0.21052105724811554
YPR178W,YOR142W-B,0,-0.5272011,0.12213422358036041,0.29270729422569275,0.21062105894088745
YOR257W,YGR280C,0,-0.52739674,0.12208333611488342,0.29270729422569275,0.21072107553482056
YMR305C,YGR282C,1,-0.52758205,0.12244898080825806,0.2937062978744507,0.21072107553482056
YKL182W,YNL152W,0,-0.5277012,0.1223980039358139,0.2937062978744507,0.21082107722759247
YDR159W,YHR141C,0,-0.52811617,0.12234706431627274,0.2937062978744507,0.21092109382152557
YNL093W,YEL017C-A,0,-0.5282765,0.12229616940021515,0.2937062978744507,0.21102109551429749
YCR079W,YMR278W,0,-0.5285131,0.12224531918764114,0.2937062978744507,0.2111211121082306
YOR369C,YNL222W,0,-0.5285626,0.12219451367855072,0.2937062978744507,0.2112211287021637
YNL336W,YAL058W,0,-0.5285962,0.12214374542236328,0.2937062978744507,0.2113211303949356
YKR054C,YOR008C,0,-0.52862275,0.12209302186965942,0.2937062978744507,0.2114211469888687
YBR084C-A,YER048W-A,0,-0.5286669,0.12204234302043915,0.2937062978744507,0.21152114868164062
YPL214C,YJL137C,0,-0.5286882,0.12199170142412186,0.2937062978744507,0.21162116527557373
YJL221C,YGR282C,1,-0.5289728,0.1223558709025383,0.2947053015232086,0.21162116527557373
YDR237W,YLR105C,0,-0.52909005,0.12230513989925385,0.2947053015232086,0.21172116696834564
YOL128C,YNL146W,0,-0.5291218,0.12225445359945297,0.2947053015232086,0.21182118356227875
YML058W,YBR170C,0,-0.52945983,0.12220381200313568,0.2947053015232086,0.21192118525505066
YLR410W-A,YPR137W,0,-0.52947295,0.12215320765972137,0.2947053015232086,0.21202120184898376
YPR167C,YLR355C,0,-0.52958554,0.12210264801979065,0.2947053015232086,0.21212121844291687
YGL163C,YEL026W,0,-0.5296481,0.1220521330833435,0.2947053015232086,0.21222122013568878
YHR072W-A,YOL003C,0,-0.52966505,0.12200165539979935,0.2947053015232086,0.2123212367296219
YPL090C,YOR279C,0,-0.5298772,0.12195122241973877,0.2947053015232086,0.2124212384223938
YJL200C,YIL042C,0,-0.529906,0.12190082669258118,0.2947053015232086,0.2125212550163269
YDL029W,YJR152W,0,-0.5299898,0.12185047566890717,0.2947053015232086,0.21262125670909882
YKL182W,YJR098C,0,-0.53006846,0.12180016189813614,0.2947053015232086,0.21272127330303192
YER118C,YER058W,0,-0.53047293,0.12174990028142929,0.2947053015232086,0.21282127499580383
YLR064W,YKL164C,0,-0.53047687,0.12169966846704483,0.2947053015232086,0.21292129158973694
YIL142W,YDL010W,0,-0.5305166,0.12164948135614395,0.2947053015232086,0.21302130818367004
YHR002W,YKR061W,0,-0.53080106,0.12159933894872665,0.2947053015232086,0.21312130987644196
YDR419W,YPR137C-A,0,-0.53113854,0.12154924124479294,0.2947053015232086,0.21322132647037506
YDR060W,YPR137C-A,0,-0.5312099,0.12149917334318161,0.2947053015232086,0.21332132816314697
YOR205C,YNL095C,0,-0.53128356,0.12144915759563446,0.2947053015232086,0.21342134475708008
YDR131C,YDR044W,0,-0.5313472,0.1213991791009903,0.2947053015232086,0.213521346449852
YJL157C,YHR051W,0,-0.531708,0.12134923785924911,0.2947053015232086,0.2136213630437851
YDR086C,YDR261W-B,0,-0.5322327,0.12129934132099152,0.2947053015232086,0.213721364736557
YBR077C,YIR008C,0,-0.5323251,0.1212494894862175,0.2947053015232086,0.2138213813304901
YNL305C,YOL097C,0,-0.5323933,0.12119967490434647,0.2947053015232086,0.21392139792442322
YPR164W,YOR211C,0,-0.53248256,0.12114989757537842,0.2947053015232086,0.21402139961719513
YCL074W,YJL014W,0,-0.5325828,0.12110016494989395,0.2947053015232086,0.21412141621112823
YPL147W,YOR301W,0,-0.5326695,0.12105046957731247,0.2947053015232086,0.21422141790390015
YEL026W,YNL273W,0,-0.53271186,0.12100081890821457,0.2947053015232086,0.21432143449783325
YOR219C,YPL079W,0,-0.5327323,0.12095121294260025,0.2947053015232086,0.21442143619060516
YEL040W,YJR131W,1,-0.53288096,0.1213114783167839,0.29570430517196655,0.21442143619060516
YJL062W-A,YOR167C,0,-0.53291756,0.12126177549362183,0.29570430517196655,0.21452145278453827
YLL009C,YKR036C,0,-0.5330308,0.12121212482452393,0.29570430517196655,0.21462146937847137
YDR320C-A,YDR229W,0,-0.5330547,0.12116250395774841,0.29570430517196655,0.2147214710712433
YAL021C,YBR058C-A,0,-0.5330733,0.12111292779445648,0.29570430517196655,0.2148214876651764
YDR304C,YBL071W-A,0,-0.53307974,0.12106339633464813,0.29570430517196655,0.2149214893579483
YPL127C,YOL040C,0,-0.5331952,0.12101390212774277,0.29570430517196655,0.2150215059518814
YDL192W,YER051W,0,-0.5332656,0.12096444517374039,0.29570430517196655,0.21512150764465332
YMR167W,YMR127C,0,-0.533308,0.12091503292322159,0.29570430517196655,0.21522152423858643
YBR061C,YBR299W,0,-0.5334589,0.12086565792560577,0.29570430517196655,0.21532152593135834
YJL101C,YFL062W,0,-0.53347576,0.12081632763147354,0.29570430517196655,0.21542154252529144
YNL206C,YIR017C,0,-0.53352964,0.1207670345902443,0.29570430517196655,0.21552155911922455
YOL102C,YDL045W-A,0,-0.53357494,0.12071777880191803,0.29570430517196655,0.21562156081199646
YEL040W,YDR001C,1,-0.5336575,0.12107623368501663,0.2967033088207245,0.21562156081199646
YIL099W,YGR292W,1,-0.5338271,0.12143439054489136,0.2977023124694824,0.21562156081199646
YGL156W,YDR400W,1,-0.53404254,0.1217922642827034,0.29870128631591797,0.21562156081199646
YLR210W,YPR191W,0,-0.53418076,0.12174267321825027,0.29870128631591797,0.21572157740592957
YBR068C,YOL021C,0,-0.53419876,0.12169311940670013,0.29870128631591797,0.21582157909870148
YNL210W,YIR036C,0,-0.53431,0.12164361029863358,0.29870128631591797,0.21592159569263458
YCL045C,YBL005W-A,0,-0.53446627,0.1215941458940506,0.29870128631591797,0.2160215973854065
YJR034W,YKL184W,0,-0.53457284,0.1215447187423706,0.29870128631591797,0.2161216139793396
YBR299W,YGR282C,1,-0.5348071,0.12190166860818863,0.2997002899646759,0.2161216139793396
YBR145W,YIR034C,0,-0.53541803,0.12185215204954147,0.2997002899646759,0.2162216156721115
YDL193W,YPL257W-A,0,-0.5357575,0.1218026801943779,0.2997002899646759,0.21632163226604462
YAL055W,YOR381W,0,-0.53583896,0.12175324559211731,0.2997002899646759,0.21642164885997772
YKL216W,YBL078C,0,-0.5359537,0.1217038556933403,0.2997002899646759,0.21652165055274963
YLR229C,YHR032W,0,-0.53605074,0.12165450304746628,0.2997002899646759,0.21662166714668274
YKL046C,YGR292W,1,-0.53611946,0.12201053649187088,0.30069929361343384,0.21662166714668274
YHR107C,YDR038C,0,-0.5364346,0.12196110188961029,0.30069929361343384,0.21672166883945465
YNL239W,YLR047C,0,-0.53651386,0.12191170454025269,0.30069929361343384,0.21682168543338776
YNL270C,YHR143W-A,0,-0.5366674,0.12186235189437866,0.30069929361343384,0.21692168712615967
YIL097W,YER160C,0,-0.5367754,0.12181302905082703,0.30069929361343384,0.21702170372009277
YMR194W,YML039W,0,-0.53687555,0.12176375091075897,0.30069929361343384,0.21712170541286469
YOL065C,YBR205W,0,-0.5369456,0.1217145174741745,0.30069929361343384,0.2172217220067978
YNR057C,YER115C,0,-0.53697044,0.12166532129049301,0.30069929361343384,0.2173217386007309
YOL107W,YPR127W,0,-0.53698397,0.12161616235971451,0.30069929361343384,0.2174217402935028
YKL109W,YHR027C,0,-0.53705776,0.12156704068183899,0.30069929361343384,0.2175217568874359
YOR071C,YNL054W-B,0,-0.53708416,0.12151796370744705,0.30069929361343384,0.21762175858020782
YJL101C,YNL297C,0,-0.5372352,0.1214689239859581,0.30069929361343384,0.21772177517414093
YDR058C,YLR286C,0,-0.5374017,0.12141992896795273,0.30069929361343384,0.21782177686691284
YOR171C,YJR025C,0,-0.53746283,0.12137097120285034,0.30069929361343384,0.21792179346084595
YGL027C,YNR067C,1,-0.53752655,0.12172511219978333,0.3016982972621918,0.21792179346084595
YCR083W,YHR001W,0,-0.53785646,0.12167606502771378,0.3016982972621918,0.21802179515361786
YOR202W,YGL179C,0,-0.53791195,0.12162706255912781,0.3016982972621918,0.21812181174755096
YBR299W,YBR001C,1,-0.53816473,0.12198067456483841,0.3026973009109497,0.21812181174755096
YCL018W,YML104C,0,-0.5381857,0.12193159013986588,0.3026973009109497,0.21822182834148407
YNL092W,YBR156C,0,-0.5382391,0.12188254296779633,0.3026973009109497,0.21832183003425598
YNL264C,YKL061W,0,-0.53824866,0.12183353304862976,0.3026973009109497,0.2184218466281891
YGR077C,YIL127C,0,-0.53832215,0.12178456783294678,0.3026973009109497,0.218521848320961
YDR027C,YLL051C,0,-0.53834456,0.12173563987016678,0.3026973009109497,0.2186218649148941
YOR010C,YNL007C,0,-0.53835005,0.12168674916028976,0.3026973009109497,0.21872186660766602
YPL194W,YOR339C,0,-0.5384726,0.12163789570331573,0.3026973009109497,0.21882188320159912
YGR252W,YMR058W,0,-0.538532,0.12158908694982529,0.3026973009109497,0.21892188489437103
YCR067C,YDR423C,0,-0.53856015,0.12154031544923782,0.3026973009109497,0.21902190148830414
YPL186C,YKL025C,0,-0.5385716,0.12149158120155334,0.3026973009109497,0.21912191808223724
YNL280C,YPL283C,0,-0.5391354,0.12144288420677185,0.3026973009109497,0.21922191977500916
YJL062W-A,YCR077C,0,-0.53919476,0.12139423191547394,0.3026973009109497,0.21932193636894226
YLL050C,YNL139C,0,-0.5394315,0.12134561687707901,0.3026973009109497,0.21942193806171417
YDL188C,YOR337W,0,-0.5394981,0.12129703909158707,0.3026973009109497,0.21952195465564728
YDL079C,YOL072W,0,-0.5395242,0.12124849855899811,0.3026973009109497,0.2196219563484192
YPR181C,YLR222C,0,-0.5395323,0.12120000272989273,0.3026973009109497,0.2197219729423523
YDR202C,YDR408C,0,-0.53954065,0.12115153670310974,0.3026973009109497,0.2198219895362854
YGR287C,YGR282C,1,-0.5396614,0.12150279432535172,0.30369630455970764,0.2198219895362854
YIL097W,YJL191W,0,-0.5399809,0.12145425379276276,0.30369630455970764,0.2199219912290573
YER138C,YJR099W,0,-0.540082,0.12140575051307678,0.30369630455970764,0.22002200782299042
YNR070W,YML115C,0,-0.5401186,0.12135728448629379,0.30369630455970764,0.22012200951576233
YDL216C,YOR180C,0,-0.5402205,0.12130885571241379,0.30369630455970764,0.22022202610969543
YER016W,YLR448W,0,-0.5402629,0.12126047164201736,0.30369630455970764,0.22032202780246735
YBL002W,YKR061W,0,-0.540432,0.12121212482452393,0.30369630455970764,0.22042204439640045
YGR287C,YBR056W,1,-0.5404945,0.12156237661838531,0.3046953082084656,0.22042204439640045
YJL106W,YLR286C,0,-0.54059446,0.12151394784450531,0.3046953082084656,0.22052204608917236
YER106W,YOL156W,0,-0.5406702,0.12146554887294769,0.3046953082084656,0.22062206268310547
YML073C,YBR158W,0,-0.540798,0.12141719460487366,0.3046953082084656,0.22072207927703857
YGR167W,YIL170W,0,-0.5409081,0.1213688850402832,0.3046953082084656,0.22082208096981049
YLR341W,YER170W,0,-0.5409398,0.12132060527801514,0.3046953082084656,0.2209220975637436
YHR012W,YDR523C,0,-0.5409422,0.12127236276865005,0.3046953082084656,0.2210220992565155
YDL045C,YPR058W,0,-0.5411466,0.12122416496276855,0.3046953082084656,0.2211221158504486
YIL042C,YJL082W,0,-0.54146916,0.12117600440979004,0.3046953082084656,0.22122211754322052
YKL067W,YPL047W,0,-0.541488,0.12112788110971451,0.3046953082084656,0.22132213413715363
YOR033C,YER087C-B,0,-0.54149175,0.12107979506254196,0.3046953082084656,0.22142213582992554
YDR064W,YOR076C,0,-0.54155785,0.1210317462682724,0.3046953082084656,0.22152215242385864
YNL327W,YIL162W,1,-0.5415723,0.12138040363788605,0.3056943118572235,0.22152215242385864
YDR470C,YKR036C,0,-0.54170483,0.12133227288722992,0.3056943118572235,0.22162216901779175
YGR063C,YPR191W,0,-0.5417239,0.12128418684005737,0.3056943118572235,0.22172217071056366
YLR210W,YLL045C,0,-0.5417806,0.12123613059520721,0.3056943118572235,0.22182218730449677
YMR238W,YJR153W,1,-0.5419327,0.12158416211605072,0.30669331550598145,0.22182218730449677
YIL099W,YOL043C,1,-0.5419383,0.12193191051483154,0.3076923191547394,0.22182218730449677
YML032C,YLR246W,0,-0.54196286,0.12188365310430527,0.3076923191547394,0.22192218899726868
YGR287C,YNL297C,0,-0.5421318,0.12183544039726257,0.3076923191547394,0.22202220559120178
YBR293W,YDR036C,0,-0.5424978,0.12178726494312286,0.3076923191547394,0.2221222072839737
YOR312C,YGR207C,0,-0.542755,0.12173912674188614,0.3076923191547394,0.2222222238779068
YGR282C,YKL046C,1,-0.54303795,0.12208613008260727,0.3086913228034973,0.2222222238779068
YDR086C,YER087C-B,0,-0.5431781,0.12203791737556458,0.3086913228034973,0.2223222255706787
YNL002C,YLL061W,0,-0.54321545,0.12198973447084427,0.3086913228034973,0.22242224216461182
YOR190W,YGL028C,1,-0.5432851,0.12233622372150421,0.30969029664993286,0.22242224216461182
YDR320C-A,YBL046W,0,-0.54346627,0.12228796631097794,0.30969029664993286,0.22252225875854492
YHR112C,YBL082C,0,-0.5435193,0.12223974615335464,0.30969029664993286,0.22262226045131683
YJL044C,YHR084W,0,-0.54377055,0.12219156324863434,0.30969029664993286,0.22272227704524994
YPL139C,YDL040C,0,-0.54381984,0.12214341759681702,0.30969029664993286,0.22282227873802185
YDR139C,YKR009C,0,-0.5438952,0.12209531664848328,0.30969029664993286,0.22292229533195496
YDR380W,YBR010W,0,-0.5440791,0.12204724550247192,0.30969029664993286,0.22302229702472687
YDR169C,YNL126W,0,-0.5441182,0.12199921160936356,0.30969029664993286,0.22312231361865997
YHR172W,YBR271W,0,-0.5442091,0.12195122241973877,0.30969029664993286,0.22322231531143188
YNR073C,YGR292W,0,-0.54424363,0.12190326303243637,0.30969029664993286,0.223322331905365
YER144C,YDR017C,0,-0.5443309,0.12185534834861755,0.30969029664993286,0.2234223484992981
YJR110W,YGR292W,0,-0.5443356,0.12180746346712112,0.30969029664993286,0.22352235019207
YMR180C,YLR452C,0,-0.544375,0.12175962328910828,0.30969029664993286,0.2236223667860031
YML078W,YPR182W,0,-0.5444666,0.12171182036399841,0.30969029664993286,0.22372236847877502
YHR143W-A,YGL095C,0,-0.5444947,0.12166404724121094,0.30969029664993286,0.22382238507270813
YGR199W,YLR005W,0,-0.54454935,0.12161631882190704,0.30969029664993286,0.22392238676548004
YLR213C,YGR287C,1,-0.5445698,0.12196078151464462,0.3106893002986908,0.22392238676548004
YBR154C,YPR025C,0,-0.5447224,0.12191297858953476,0.3106893002986908,0.22402240335941315
YNR050C,YJR065C,0,-0.5447292,0.12186520546674728,0.3106893002986908,0.22412240505218506
YDR239C,YPL124W,0,-0.5449503,0.12181746959686279,0.3106893002986908,0.22422242164611816
YNL126W,YOR047C,0,-0.54516,0.12176977097988129,0.3106893002986908,0.22432243824005127
YOR044W,YOR008C,0,-0.5455125,0.12172211706638336,0.3106893002986908,0.22442243993282318
YJR063W,YOR304W,0,-0.5456062,0.12167449295520782,0.3106893002986908,0.2245224565267563
YNL037C,YNR004W,0,-0.54569656,0.12162690609693527,0.3106893002986908,0.2246224582195282
YDR378C,YDL021W,0,-0.54578614,0.1215793564915657,0.3106893002986908,0.2247224748134613
YPR083W,YHR105W,0,-0.54580146,0.12153185158967972,0.3106893002986908,0.22482247650623322
YGL062W,YHR123W,0,-0.5458226,0.12148437649011612,0.3106893002986908,0.22492249310016632
YPL051W,YOR008C,0,-0.54601896,0.1214369386434555,0.3106893002986908,0.22502250969409943
YOR356W,YDR151C,0,-0.5460587,0.12138953804969788,0.3106893002986908,0.22512251138687134
YKL195W,YBR290W,0,-0.5461115,0.12134217470884323,0.3106893002986908,0.22522252798080444
YBL091C-A,YHR034C,0,-0.5463068,0.12129484862089157,0.3106893002986908,0.22532252967357635
YBL071W-A,YDR214W,0,-0.54634464,0.1212475597858429,0.3106893002986908,0.22542254626750946
YHL032C,YPL252C,0,-0.54644996,0.1212003082036972,0.3106893002986908,0.22552254796028137
YGL206C,YKL168C,0,-0.5468499,0.1211530938744545,0.3106893002986908,0.22562256455421448
YJR158W,YLL045C,0,-0.5471074,0.12110591679811478,0.3106893002986908,0.2257225662469864
YDR238C,YPL131W,0,-0.54749936,0.12105877697467804,0.3106893002986908,0.2258225828409195
YOR214C,YGR081C,0,-0.5479099,0.12101167440414429,0.3106893002986908,0.2259225994348526
YDR476C,YMR122W-A,0,-0.54799044,0.12096460163593292,0.3106893002986908,0.2260226011276245
YLR187W,YJL178C,0,-0.54826176,0.12091757357120514,0.3106893002986908,0.22612261772155762
YGL161C,YLR014C,0,-0.5484681,0.12087058275938034,0.3106893002986908,0.22622261941432953
YGL103W,YKL198C,0,-0.5492195,0.12082362174987793,0.3106893002986908,0.22632263600826263
YER142C,YGR292W,1,-0.5492888,0.12116505205631256,0.31168830394744873,0.22632263600826263
YAL015C,YPR184W,1,-0.54929185,0.1215062141418457,0.31268730759620667,0.22632263600826263
YFR046C,YDL153C,0,-0.54932743,0.12145905941724777,0.31268730759620667,0.22642263770103455
YAL001C,YGR072W,0,-0.5493948,0.12141194939613342,0.31268730759620667,0.22652265429496765
YBR238C,YOR171C,0,-0.5495308,0.12136486917734146,0.31268730759620667,0.22662265598773956
YBR055C,YJR121W,0,-0.549717,0.12131782621145248,0.31268730759620667,0.22672267258167267
YIR032C,YHR124W,0,-0.54975563,0.12127082794904709,0.31268730759620667,0.22682268917560577
YIR017C,YML065W,0,-0.5498394,0.12122385948896408,0.31268730759620667,0.22692269086837769
YPR118W,YHR056C,0,-0.5499881,0.12117692828178406,0.31268730759620667,0.2270227074623108
YGL027C,YGR287C,1,-0.5501253,0.12151702493429184,0.3136863112449646,0.2270227074623108
YJL087C,YJL143W,0,-0.5501763,0.12147001922130585,0.3136863112449646,0.2271227091550827
YPL249C-A,YKL137W,0,-0.55025244,0.12142305076122284,0.3136863112449646,0.2272227257490158
YPR011C,YDL193W,0,-0.5502676,0.12137611210346222,0.3136863112449646,0.22732272744178772
YOR257W,YAR003W,0,-0.55029196,0.12132921069860458,0.3136863112449646,0.22742274403572083
YNL299W,YKR018C,0,-0.55033654,0.12128234654664993,0.3136863112449646,0.22752274572849274
YOR190W,YLR144C,1,-0.55039173,0.12162162363529205,0.31468531489372253,0.22752274572849274
YCR048W,YGL121C,0,-0.5506539,0.12157468497753143,0.31468531489372253,0.22762276232242584
YGL229C,YPL045W,0,-0.55095303,0.1215277761220932,0.31468531489372253,0.22772277891635895
YNL220W,YNL061W,0,-0.5511758,0.12148091197013855,0.31468531489372253,0.22782278060913086
YOR290C,YJL219W,0,-0.5512385,0.12143407762050629,0.31468531489372253,0.22792279720306396
YAR066W,YPL108W,0,-0.55143654,0.12138728052377701,0.31468531489372253,0.22802279889583588
YDR134C,YCR017C,0,-0.5516417,0.12134052067995071,0.31468531489372253,0.22812281548976898
YOR192C-B,YIL132C,0,-0.5516781,0.1212937980890274,0.31468531489372253,0.2282228171825409
YJR137C,YNL151C,0,-0.5519562,0.12124711275100708,0.31468531489372253,0.228322833776474
YDR064W,YLR155C,0,-0.552155,0.12120046466588974,0.31468531489372253,0.2284228354692459
YOR270C,YHR072W-A,0,-0.55217874,0.12115384638309479,0.31468531489372253,0.22852285206317902
YBR010W,YLR423C,0,-0.5523809,0.12110726535320282,0.31468531489372253,0.22862286865711212
YLR106C,YLR344W,0,-0.5523912,0.12106072157621384,0.31468531489372253,0.22872287034988403
YOR283W,YJR098C,0,-0.55285776,0.12101421505212784,0.31468531489372253,0.22882288694381714
YAL020C,YDR043C,0,-0.55285877,0.12096773833036423,0.31468531489372253,0.22892288863658905
YNL009W,YHR112C,0,-0.55289245,0.1209213063120842,0.31468531489372253,0.22902290523052216
YNL139C,YMR238W,0,-0.5528967,0.12087490409612656,0.31468531489372253,0.22912290692329407
YBR087W,YKL137W,0,-0.552995,0.1208285391330719,0.31468531489372253,0.22922292351722717
YFL039C,YBR033W,0,-0.55315214,0.12078221142292023,0.31468531489372253,0.22932292520999908
YMR169C,YBR298C,0,-0.55318624,0.12073591351509094,0.31468531489372253,0.2294229418039322
YPR151C,YGL029W,0,-0.55334395,0.12068965286016464,0.31468531489372253,0.2295229583978653
YGL026C,YPR194C,0,-0.55353844,0.12064342945814133,0.31468531489372253,0.2296229600906372
YAL015C,YGR143W,1,-0.5537896,0.12098009139299393,0.31568431854248047,0.2296229600906372
YBR058C,YGL148W,0,-0.5538125,0.12093379348516464,0.31568431854248047,0.2297229766845703
YEL043W,YBR087W,0,-0.5540691,0.12088752537965775,0.31568431854248047,0.22982297837734222
YDL082W,YDR081C,0,-0.55409926,0.12084130197763443,0.31568431854248047,0.22992299497127533
YLR027C,YPL223C,0,-0.55410445,0.1207951083779335,0.31568431854248047,0.23002299666404724
YLR393W,YHR181W,0,-0.5541265,0.12074895203113556,0.31568431854248047,0.23012301325798035
YEL070W,YDR523C,0,-0.5542251,0.12070282548666,0.31568431854248047,0.23022301495075226
YCR102C,YER112W,0,-0.5542838,0.12065673619508743,0.31568431854248047,0.23032303154468536
YDR443C,YGR010W,0,-0.55458415,0.12061068415641785,0.31568431854248047,0.23042304813861847
YOR094W,YPL186C,0,-0.5545845,0.12056466937065125,0.31568431854248047,0.23052304983139038
YKL027W,YBR041W,0,-0.5545963,0.12051868438720703,0.31568431854248047,0.2306230664253235
YGL184C,YDL164C,0,-0.5547209,0.1204727441072464,0.31568431854248047,0.2307230681180954
YGR038C-B,YDR409W,0,-0.5549755,0.12042682617902756,0.31568431854248047,0.2308230847120285
YPL121C,YOR147W,0,-0.5550131,0.1203809529542923,0.31568431854248047,0.23092308640480042
YGR070W,YLR045C,0,-0.5550286,0.12033510953187943,0.31568431854248047,0.23102310299873352
YMR168C,YDR034C,0,-0.5551763,0.12028930336236954,0.31568431854248047,0.23112311959266663
YJL216C,YDR261C,1,-0.5553551,0.12062405049800873,0.3166833221912384,0.23112311959266663
YMR305C,YDR371W,1,-0.55552274,0.12095853686332703,0.31768232583999634,0.23112311959266663
YHR214C-B,YBR216C,0,-0.5555649,0.12091254442930222,0.31768232583999634,0.23122312128543854
YML110C,YPL167C,0,-0.5555985,0.12086658924818039,0.31768232583999634,0.23132313787937164
YDL128W,YEL034W,0,-0.555631,0.12082067131996155,0.31768232583999634,0.23142313957214355
YGR158C,YLR069C,0,-0.5557876,0.1207747831940651,0.31768232583999634,0.23152315616607666
YGR189C,YOL043C,1,-0.55583215,0.12110857665538788,0.3186813294887543,0.23152315616607666
YPL022W,YMR305C,0,-0.5559872,0.12106262147426605,0.3186813294887543,0.23162315785884857
YGR287C,YLR109W,0,-0.55622333,0.12101668864488602,0.3186813294887543,0.23172317445278168
YBL100W-A,YPR125W,0,-0.5563792,0.12097080051898956,0.3186813294887543,0.2318231761455536
YNL308C,YIR017C,0,-0.55641294,0.1209249421954155,0.3186813294887543,0.2319231927394867
YJL189W,YBR289W,0,-0.55644053,0.12087912112474442,0.3186813294887543,0.2320232093334198
YJR135C,YER110C,0,-0.5568516,0.12083332985639572,0.3186813294887543,0.2321232110261917
YBR299W,YOL157C,1,-0.5568738,0.12116622179746628,0.3196803331375122,0.2321232110261917
YDR304C,YIL125W,0,-0.5572698,0.12112036347389221,0.3196803331375122,0.23222322762012482
YER142C,YOL157C,1,-0.5575325,0.12145289778709412,0.32067930698394775,0.23222322762012482
YFL016C,YER106W,0,-0.5575341,0.12140695750713348,0.32067930698394775,0.23232322931289673
YML060W,YEL011W,1,-0.5576107,0.12173912674188614,0.3216783106327057,0.23232322931289673
YGR171C,YDL150W,0,-0.55765414,0.12169311940670013,0.3216783106327057,0.23242324590682983
YFR033C,YJL025W,0,-0.5576811,0.12164714932441711,0.3216783106327057,0.23252324759960175
YOR116C,YCL075W,0,-0.5581309,0.12160120904445648,0.3216783106327057,0.23262326419353485
YHR083W,YGL170C,0,-0.5582033,0.12155530601739883,0.3216783106327057,0.23272326588630676
YOR084W,YDR349C,0,-0.55826175,0.12150943279266357,0.3216783106327057,0.23282328248023987
YOR255W,YPR032W,0,-0.5583155,0.1214635968208313,0.3216783106327057,0.23292329907417297
YPR026W,YGR282C,1,-0.55850863,0.12179487198591232,0.3226773142814636,0.23292329907417297
YBR056W,YOL157C,1,-0.5585871,0.12212589383125305,0.32367631793022156,0.23292329907417297
YOR205C,YLL062C,0,-0.5586978,0.12207987904548645,0.32367631793022156,0.23302330076694489
YLR024C,YLR142W,0,-0.5587884,0.12203390151262283,0.32367631793022156,0.233123317360878
YAL015C,YGR282C,1,-0.55888736,0.12236446142196655,0.3246753215789795,0.233123317360878
YML060W,YIL172C,1,-0.5589438,0.12269476801156998,0.3256743252277374,0.233123317360878
YGR279C,YHR204W,1,-0.55898243,0.1230248287320137,0.32667332887649536,0.233123317360878
YLR226W,YLR266C,0,-0.5591985,0.1229785606265068,0.32667332887649536,0.2332233190536499
YJR082C,YCL008C,0,-0.5592078,0.1229323297739029,0.32667332887649536,0.233323335647583
YPR182W,YMR054W,0,-0.55953807,0.12288613617420197,0.32667332887649536,0.23342333734035492
YPL121C,YMR291W,0,-0.5595545,0.12283997237682343,0.32667332887649536,0.23352335393428802
YGR109C,YNL119W,0,-0.55957913,0.12279383838176727,0.32667332887649536,0.23362335562705994
YMR154C,YEL046C,0,-0.5600428,0.1227477490901947,0.32667332887649536,0.23372337222099304
YMR260C,YPR101W,0,-0.56005526,0.12270168960094452,0.32667332887649536,0.23382338881492615
YDR429C,YMR106C,0,-0.5602264,0.12265566736459732,0.32667332887649536,0.23392339050769806
YHR119W,YJR019C,0,-0.56028295,0.12260967493057251,0.32667332887649536,0.23402340710163116
YJL221C,YHR204W,1,-0.5605083,0.12293852865695953,0.3276723325252533,0.23402340710163116
YBL029C-A,YIL040W,0,-0.5605103,0.12289246916770935,0.3276723325252533,0.23412340879440308
YDL033C,YMR235C,0,-0.5605629,0.12284643948078156,0.3276723325252533,0.23422342538833618
YBL005W-A,YER053C,0,-0.5605868,0.12280044704675674,0.3276723325252533,0.2343234270811081
YDR296W,YHR072W,0,-0.5606261,0.12275449186563492,0.3276723325252533,0.2344234436750412
YKL093W,YCL014W,0,-0.56074756,0.12270856648683548,0.3276723325252533,0.2345234453678131
YGR090W,YMR071C,0,-0.5609031,0.12266267836093903,0.3276723325252533,0.23462346196174622
YCL069W,YDR191W,0,-0.5609723,0.12261682003736496,0.3276723325252533,0.23472347855567932
YPL231W,YML051W,0,-0.56097555,0.12257099896669388,0.3276723325252533,0.23482348024845123
YCR079W,YDR147W,0,-0.5612716,0.12252521514892578,0.3276723325252533,0.23492349684238434
YDR173C,YCL059C,0,-0.56133044,0.12247946113348007,0.3276723325252533,0.23502349853515625
YPL032C,YGL012W,0,-0.5613361,0.12243374437093735,0.3276723325252533,0.23512351512908936
YOL038W,YDR529C,0,-0.5614495,0.12238805741071701,0.3276723325252533,0.23522351682186127
YOR155C,YDL047W,0,-0.5615162,0.12234240770339966,0.3276723325252533,0.23532353341579437
YLR390W,YJL207C,0,-0.5617301,0.12229679524898529,0.3276723325252533,0.23542353510856628
YHL020C,YGL014W,0,-0.56189644,0.12225121259689331,0.3276723325252533,0.2355235517024994
YOL097C,YHL019C,0,-0.5619616,0.12220565974712372,0.3276723325252533,0.2356235682964325
YBR299W,YJL221C,1,-0.56202966,0.12253259122371674,0.32867133617401123,0.2356235682964325
YER055C,YBR125C,0,-0.56249607,0.12248697131872177,0.32867133617401123,0.2357235699892044
YJR058C,YPL271W,0,-0.56262356,0.1224413812160492,0.32867133617401123,0.2358235865831375
YCL019W,YPR075C,0,-0.5626372,0.1223958358168602,0.32867133617401123,0.23592358827590942
YLR325C,YHR191C,0,-0.5628457,0.122350312769413,0.32867133617401123,0.23602360486984253
YNL102W,YAL032C,0,-0.56288123,0.12230483442544937,0.32867133617401123,0.23612360656261444
YLR447C,YLR298C,0,-0.56295913,0.12225938588380814,0.32867133617401123,0.23622362315654755
YDL082W,YLR266C,0,-0.5629837,0.12221396714448929,0.32867133617401123,0.23632363975048065
YIR002C,YOR202W,0,-0.5630501,0.12216858565807343,0.32867133617401123,0.23642364144325256
YPL095C,YGR148C,0,-0.5631132,0.12212323397397995,0.32867133617401123,0.23652365803718567
YLL038C,YMR203W,0,-0.5631377,0.12207791954278946,0.32867133617401123,0.23662365972995758
YOR125C,YPL220W,0,-0.56320125,0.12203264236450195,0.32867133617401123,0.23672367632389069
YPR061C,YGL254W,0,-0.5633818,0.12198739498853683,0.32867133617401123,0.2368236780166626
YOR148C,YGR177C,0,-0.5635354,0.1219421774148941,0.32867133617401123,0.2369236946105957
YBL055C,YJL052W,0,-0.5636754,0.12189699709415436,0.32867133617401123,0.23702369630336761
YDR055W,YBR021W,0,-0.5639566,0.1218518540263176,0.32867133617401123,0.23712371289730072
YGR287C,YLR144C,1,-0.56400144,0.12217697501182556,0.32967033982276917,0.23712371289730072
YKL007W,YPL283C,0,-0.56421304,0.12213175743818283,0.32967033982276917,0.23722372949123383
YNL093W,YER185W,0,-0.5643203,0.12208656966686249,0.32967033982276917,0.23732373118400574
YIL113W,YJL109C,0,-0.56439537,0.12204141914844513,0.32967033982276917,0.23742374777793884
YNL037C,YNL300W,0,-0.5644101,0.12199630588293076,0.32967033982276917,0.23752374947071075
YOR046C,YDR260C,0,-0.56455183,0.12195122241973877,0.32967033982276917,0.23762376606464386
YPR001W,YOR288C,0,-0.56461287,0.12190616875886917,0.32967033982276917,0.23772376775741577
YGR287C,YNL066W,1,-0.56466347,0.1222304254770279,0.3306693434715271,0.23772376775741577
YKL112W,YKL055C,0,-0.56474185,0.12218530476093292,0.3306693434715271,0.23782378435134888
YBR014C,YJL137C,0,-0.56524205,0.12214022129774094,0.3306693434715271,0.2379237860441208
YHR112C,YML087C,0,-0.5654409,0.12209516763687134,0.3306693434715271,0.2380238026380539
YMR211W,YIL159W,0,-0.56548536,0.12205014377832413,0.3306693434715271,0.238123819231987
YIL099W,YJL221C,1,-0.5656713,0.12237375229597092,0.33166831731796265,0.238123819231987
YLR127C,YPL121C,0,-0.56568605,0.12232866883277893,0.33166831731796265,0.2382238209247589
YDR354W,YOR188W,0,-0.5658694,0.12228360772132874,0.33166831731796265,0.23832383751869202
YGL027C,YJR153W,1,-0.5659038,0.1226067766547203,0.3326673209667206,0.23832383751869202
YOR190W,YEL011W,1,-0.5660283,0.12292969971895218,0.3336663246154785,0.23832383751869202
YPR124W,YDL164C,0,-0.5664287,0.12288447469472885,0.3336663246154785,0.23842383921146393
YBR122C,YHR089C,0,-0.5665218,0.12283927947282791,0.3336663246154785,0.23852385580539703
YOR143C,YPL271W,0,-0.5667886,0.12279411405324936,0.3336663246154785,0.23862385749816895
YJR010C-A,YPL275W,0,-0.56690025,0.12274898588657379,0.3336663246154785,0.23872387409210205
YLL045C,YHR128W,0,-0.5670687,0.12270389497280121,0.3336663246154785,0.23882387578487396
YBL024W,YCL018W,0,-0.56728274,0.12265883386135101,0.3336663246154785,0.23892389237880707
YLR295C,YKL113C,0,-0.5674893,0.1226138025522232,0.3336663246154785,0.23902390897274017
YPR079W,YPL149W,0,-0.567562,0.12256880849599838,0.3336663246154785,0.23912391066551208
YMR184W,YKR030W,0,-0.567573,0.12252384424209595,0.3336663246154785,0.2392239272594452
YDR385W,YDL002C,0,-0.56768614,0.1224789172410965,0.3336663246154785,0.2393239289522171
YFR051C,YNL097C,0,-0.56778353,0.12243402004241943,0.3336663246154785,0.2394239455461502
YML114C,YLR042C,0,-0.5678336,0.12238915264606476,0.3336663246154785,0.23952394723892212
YDL039C,YOR069W,0,-0.56784636,0.12234432250261307,0.3336663246154785,0.23962396383285522
YOR237W,YJR013W,0,-0.5678714,0.12229952216148376,0.3336663246154785,0.23972396552562714
YBR001C,YIL172C,1,-0.56800747,0.12262079119682312,0.33466532826423645,0.23972396552562714
YNL273W,YOL111C,0,-0.5683919,0.12257592380046844,0.33466532826423645,0.23982398211956024
YBL028C,YLR110C,0,-0.56855696,0.12253109365701675,0.33466532826423645,0.23992399871349335
YIL172C,YBR056W,1,-0.568579,0.12285192310810089,0.3356643319129944,0.23992399871349335
YOL010W,YLR341W,0,-0.56861013,0.12280701845884323,0.3356643319129944,0.24002400040626526
YER142C,YLR286C,1,-0.5686723,0.1231275126338005,0.3366633355617523,0.24002400040626526
YDR073W,YML001W,0,-0.56880033,0.12308254092931747,0.3366633355617523,0.24012401700019836
YLR404W,YPL027W,0,-0.56887066,0.12303760647773743,0.3366633355617523,0.24022401869297028
YFL034C-A,YJR057W,0,-0.56891465,0.12299270182847977,0.3366633355617523,0.24032403528690338
YOL104C,YML094W,0,-0.56920266,0.1229478269815445,0.3366633355617523,0.2404240369796753
YAL015C,YIL162W,1,-0.5692124,0.12326768785715103,0.33766233921051025,0.2404240369796753
YKR054C,YNR072W,0,-0.5692275,0.12322274595499039,0.33766233921051025,0.2405240535736084
YDR371W,YNR067C,1,-0.56932133,0.12354227155447006,0.3386613428592682,0.2405240535736084
YNL178W,YDL074C,0,-0.56986284,0.12349727004766464,0.3386613428592682,0.2406240552663803
YFL047W,YDR451C,0,-0.57003975,0.12345229089260101,0.3386613428592682,0.24072407186031342
YMR060C,YPR152C,0,-0.5700542,0.12340735644102097,0.3386613428592682,0.24082408845424652
YLR399C,YBR186W,0,-0.57008106,0.12336244434118271,0.3386613428592682,0.24092409014701843
YFL008W,YOR298C-A,0,-0.5701804,0.12331756949424744,0.3386613428592682,0.24102410674095154
YEL040W,YAL015C,1,-0.5701903,0.12363636493682861,0.3396603465080261,0.24102410674095154
YOR133W,YKR029C,0,-0.57025963,0.12359142303466797,0.3396603465080261,0.24112410843372345
YGR172C,YBL022C,0,-0.5702884,0.12354651093482971,0.3396603465080261,0.24122412502765656
YPL241C,YKL024C,0,-0.5703846,0.12350163608789444,0.3396603465080261,0.24132412672042847
YNL052W,YLR099C,0,-0.57059497,0.12345679104328156,0.3396603465080261,0.24142414331436157
YOL003C,YGR271C-A,0,-0.5706067,0.12341197580099106,0.3396603465080261,0.24152414500713348
YEL003W,YMR021C,0,-0.57099205,0.12336719781160355,0.3396603465080261,0.2416241616010666
YNL186W,YOL026C,0,-0.57108414,0.12332244962453842,0.3396603465080261,0.2417241781949997
YGL156W,YJL221C,1,-0.57117313,0.12364032119512558,0.34065935015678406,0.2417241781949997
YPR140W,YER147C,0,-0.5713136,0.12359550595283508,0.34065935015678406,0.2418241798877716
YOR044W,YOR173W,0,-0.5713929,0.12355072796344757,0.34065935015678406,0.2419241964817047
YBR018C,YDL014W,0,-0.5714031,0.12350597977638245,0.34065935015678406,0.24202419817447662
YEL030W,YNR040W,0,-0.5717052,0.12346126139163971,0.34065935015678406,0.24212421476840973
YLR396C,YFL018C,0,-0.57171,0.12341657280921936,0.34065935015678406,0.24222421646118164
YER142C,YHR143W,1,-0.5718491,0.12373372167348862,0.341658353805542,0.24222421646118164
YJR077C,YBL018C,0,-0.57187325,0.1236889660358429,0.341658353805542,0.24232423305511475
YPR023C,YMR291W,0,-0.5719721,0.12364425510168076,0.341658353805542,0.24242424964904785
YNR057C,YML111W,0,-0.5720666,0.1235995665192604,0.341658353805542,0.24252425134181976
YJR025C,YPR032W,0,-0.5722921,0.12355491518974304,0.341658353805542,0.24262426793575287
YDR540C,YHR147C,0,-0.5723067,0.12351029366254807,0.341658353805542,0.24272426962852478
YGL156W,YKL046C,1,-0.5723186,0.12382671236991882,0.3426573574542999,0.24272426962852478
YLL010C,YFL066C,0,-0.5726351,0.12378203123807907,0.3426573574542999,0.24282428622245789
YOR310C,YFR019W,0,-0.5726955,0.12373737245798111,0.3426573574542999,0.2429242879152298
YJL225C,YML099C,0,-0.57276374,0.12369275093078613,0.3426573574542999,0.2430243045091629
YDL179W,YDR363W-A,0,-0.5728875,0.12364815920591354,0.3426573574542999,0.24312430620193481
YDL056W,YKL163W,0,-0.5729877,0.12360360473394394,0.3426573574542999,0.24322432279586792
YOR393W,YJR059W,0,-0.5733499,0.12355908006429672,0.3426573574542999,0.24332433938980103
YKL011C,YMR285C,0,-0.5734446,0.1235145851969719,0.3426573574542999,0.24342434108257294
YJR131W,YHR143W,1,-0.5735358,0.12383009493350983,0.3436563313007355,0.24342434108257294
YGR229C,YMR182C,0,-0.57381326,0.12378553301095963,0.3436563313007355,0.24352435767650604
YPR070W,YJR078W,0,-0.57391745,0.12374100834131241,0.3436563313007355,0.24362435936927795
YPR171W,YBL066C,0,-0.5739431,0.12369651347398758,0.3436563313007355,0.24372437596321106
YDL084W,YHR056C,0,-0.5742467,0.12365204840898514,0.3436563313007355,0.24382437765598297
YOR118W,YGR148C,0,-0.57433593,0.12360762059688568,0.3436563313007355,0.24392439424991608
YOR306C,YGR179C,0,-0.5743686,0.12356321513652802,0.3436563313007355,0.244024395942688
YPR026W,YDR371W,1,-0.57438266,0.12387792021036148,0.3446553349494934,0.244024395942688
YAL032C,YMR058W,0,-0.5744754,0.12383345514535904,0.3446553349494934,0.2441244125366211
YMR256C,YDL121C,0,-0.5745132,0.12378901988267899,0.3446553349494934,0.2442244291305542
YMR238W,YAL015C,1,-0.5745251,0.12410330027341843,0.34565433859825134,0.2442244291305542
YOR344C,YDR116C,0,-0.5746584,0.1240588054060936,0.34565433859825134,0.2443244308233261
YLR307W,YML088W,0,-0.57467324,0.12401434034109116,0.34565433859825134,0.24442444741725922
YBR010W,YFR032C-A,0,-0.57469016,0.1239699050784111,0.34565433859825134,0.24452444911003113
YLR224W,YCR075C,0,-0.5748386,0.12392549961805344,0.34565433859825134,0.24462446570396423
YOL008W,YER146W,0,-0.574914,0.12388113141059875,0.34565433859825134,0.24472446739673615
YOL070C,YDR322C-A,0,-0.574926,0.12383679300546646,0.34565433859825134,0.24482448399066925
YPL078C,YLL012W,0,-0.5749721,0.12379248440265656,0.34565433859825134,0.24492448568344116
YGR157W,YLR139C,0,-0.5750382,0.12374821305274963,0.34565433859825134,0.24502450227737427
YGR098C,YIR039C,0,-0.5752493,0.1237039715051651,0.34565433859825134,0.24512451887130737
YDR090C,YFR032C-A,0,-0.57530063,0.12365975975990295,0.34565433859825134,0.24522452056407928
YMR171C,YGR059W,0,-0.57539713,0.1236155778169632,0.34565433859825134,0.2453245371580124
YNL107W,YPR096C,0,-0.57547504,0.12357142567634583,0.34565433859825134,0.2454245388507843
YIR015W,YBR222C,0,-0.57559115,0.12352731078863144,0.34565433859825134,0.2455245554447174
YPR137C-B,YGR027W-B,0,-0.57579076,0.12348322570323944,0.34565433859825134,0.24562455713748932
YER019W,YNL274C,0,-0.5758085,0.12343917042016983,0.34565433859825134,0.24572457373142242
YLR325C,YDR392W,0,-0.5759427,0.1233951523900032,0.34565433859825134,0.24582457542419434
YMR025W,YBR299W,0,-0.5763571,0.12335115671157837,0.34565433859825134,0.24592459201812744
YGR282C,YNR067C,1,-0.5763608,0.12366357445716858,0.3466533422470093,0.24592459201812744
YDR046C,YPL110C,0,-0.5764484,0.12361951917409897,0.3466533422470093,0.24602460861206055
YIL162W,YLR286C,1,-0.5765398,0.12393162399530411,0.3476523458957672,0.24602460861206055
YPR133W-A,YKL157W,0,-0.57655823,0.12388750165700912,0.3476523458957672,0.24612461030483246
YLR237W,YBL105C,0,-0.57674724,0.12384341657161713,0.3476523458957672,0.24622462689876556
YBR123C,YOL157C,0,-0.5767528,0.12379936128854752,0.3476523458957672,0.24632462859153748
YEL011W,YDR400W,1,-0.57677346,0.12411095201969147,0.34865134954452515,0.24632462859153748
YDR324C,YLR467W,0,-0.57700187,0.12406682968139648,0.34865134954452515,0.24642464518547058
YMR092C,YML054C,0,-0.577107,0.12402274459600449,0.34865134954452515,0.2465246468782425
YNL071W,YMR058W,0,-0.5773232,0.12397868931293488,0.34865134954452515,0.2466246634721756
YFL055W,YFR028C,0,-0.5774204,0.12393465638160706,0.34865134954452515,0.2467246651649475
YAL035W,YMR203W,0,-0.5774426,0.12389066070318222,0.34865134954452515,0.24682468175888062
YOR356W,YHR207C,0,-0.57744366,0.12384670227766037,0.34865134954452515,0.24692469835281372
YOL027C,YIL074C,0,-0.5777012,0.12380276620388031,0.34865134954452515,0.24702470004558563
YBR296C,YDR034C-D,0,-0.57771355,0.12375886738300323,0.34865134954452515,0.24712471663951874
YDR316W,YNL032W,0,-0.5777274,0.12371499836444855,0.34865134954452515,0.24722471833229065
YBL091C-A,YKR045C,0,-0.57813984,0.12367115169763565,0.34865134954452515,0.24732473492622375
YCR088W,YER104W,0,-0.57820874,0.12362734973430634,0.34865134954452515,0.24742473661899567
YML131W,YLR071C,0,-0.578346,0.12358357012271881,0.34865134954452515,0.24752475321292877
YJL048C,YLR222C,0,-0.5784113,0.12353982031345367,0.34865134954452515,0.24762476980686188
YER087C-B,YBL097W,0,-0.57846403,0.12349610775709152,0.34865134954452515,0.2477247714996338
YBR261C,YER052C,0,-0.5784655,0.12345242500305176,0.34865134954452515,0.2478247880935669
YNL262W,YOR215C,0,-0.5788041,0.12340877205133438,0.34865134954452515,0.2479247897863388
YBR244W,YBR214W,0,-0.57897925,0.12336514890193939,0.34865134954452515,0.2480248063802719
YBL098W,YDR043C,0,-0.57905537,0.12332155555486679,0.34865134954452515,0.24812480807304382
YBL058W,YGR087C,0,-0.5791937,0.12327799201011658,0.34865134954452515,0.24822482466697693
YJL216C,YLR286C,1,-0.5792834,0.12358757108449936,0.3496503531932831,0.24822482466697693
YBL082C,YGR033C,0,-0.5793698,0.12354394793510437,0.3496503531932831,0.24832482635974884
YIR007W,YOL157C,1,-0.5794764,0.12385321408510208,0.350649356842041,0.24832482635974884
YNL265C,YPR054W,0,-0.5794835,0.12380952388048172,0.350649356842041,0.24842484295368195
YPL241C,YER056C-A,0,-0.57960904,0.12376587092876434,0.350649356842041,0.24852485954761505
YJL066C,YBR008C,0,-0.57961136,0.12372224032878876,0.350649356842041,0.24862486124038696
YOR389W,YNR063W,0,-0.5797751,0.12367864698171616,0.350649356842041,0.24872487783432007
YGR177C,YLR081W,0,-0.57999605,0.12363508343696594,0.350649356842041,0.24882487952709198
YNR018W,YJL214W,0,-0.58005595,0.12359154969453812,0.350649356842041,0.24892489612102509
YNL314W,YFL053W,0,-0.5803174,0.12354804575443268,0.350649356842041,0.249024897813797
YIL080W,YJL166W,0,-0.5803435,0.12350457161664963,0.350649356842041,0.2491249144077301
YPL113C,YBR183W,0,-0.5806257,0.12346113473176956,0.350649356842041,0.24922491610050201
YKL216W,YJL113W,0,-0.58096886,0.12341772019863129,0.350649356842041,0.24932493269443512
YLR385C,YNL077W,0,-0.58101004,0.123374342918396,0.350649356842041,0.24942494928836823
YPL046C,YKL065C,0,-0.5810721,0.1233309879899025,0.350649356842041,0.24952495098114014
YNR020C,YMR106C,0,-0.5810761,0.12328767031431198,0.350649356842041,0.24962496757507324
YMR290C,YHR051W,0,-0.5813051,0.12324438244104385,0.350649356842041,0.24972496926784515
YIL172C,YDR400W,1,-0.5813759,0.1235521212220192,0.35164836049079895,0.24972496926784515
YNL054W-B,YML104C,0,-0.5815298,0.12350877374410629,0.35164836049079895,0.24982498586177826
YGL020C,YPL252C,0,-0.58155143,0.12346544861793518,0.35164836049079895,0.24992498755455017
YGL136C,YDR077W,0,-0.5815742,0.12342216074466705,0.35164836049079895,0.2500250041484833
YLR141W,YDL010W,0,-0.58177894,0.12337890267372131,0.35164836049079895,0.2501250207424164
YLR341W,YOR257W,0,-0.5818497,0.12333566695451736,0.35164836049079895,0.2502250373363495
YJL011C,YDR076W,0,-0.58190143,0.1232924684882164,0.35164836049079895,0.2503250241279602
YDL006W,YLR113W,0,-0.5820134,0.12324929982423782,0.35164836049079895,0.2504250407218933
YOL005C,YNL117W,0,-0.582041,0.12320616096258163,0.35164836049079895,0.2505250573158264
YML015C,YER087C-B,0,-0.5821464,0.12316305190324783,0.35164836049079895,0.2506250739097595
YFR007W,YAR003W,0,-0.58217233,0.12311997264623642,0.35164836049079895,0.25072506070137024
YLR164W,YOR294W,0,-0.5821836,0.1230769231915474,0.35164836049079895,0.25082507729530334
YGL229C,YKL092C,0,-0.58220047,0.12303390353918076,0.35164836049079895,0.25092509388923645
YMR260C,YBL097W,0,-0.58236444,0.1229909136891365,0.35164836049079895,0.25102511048316956
YPR035W,YGR001C,0,-0.5825036,0.12294795364141464,0.35164836049079895,0.25112512707710266
YPR159W,YLR144C,1,-0.58276916,0.1232541874051094,0.3526473641395569,0.25112512707710266
YHR062C,YNR003C,0,-0.5828053,0.12321116775274277,0.3526473641395569,0.2512251138687134
YBR237W,YOL028C,0,-0.58294964,0.12316817790269852,0.3526473641395569,0.2513251304626465
YKL217W,YOR076C,0,-0.5833053,0.12312521785497665,0.3526473641395569,0.2514251470565796
YDR064W,YCR023C,0,-0.5833519,0.12308228760957718,0.3526473641395569,0.2515251636505127
YHR178W,YNL207W,0,-0.58345467,0.12303938716650009,0.3526473641395569,0.2516251504421234
YAL022C,YPR054W,0,-0.58353084,0.12299651652574539,0.3526473641395569,0.2517251670360565
YLR237W,YLR095C,0,-0.58354133,0.12295367568731308,0.3526473641395569,0.2518251836299896
YLR008C,YFR021W,0,-0.5837526,0.12291086465120316,0.3526473641395569,0.25192520022392273
YOR367W,YDR408C,0,-0.5837773,0.12286808341741562,0.3526473641395569,0.25202521681785583
YBR293W,YJR057W,0,-0.58404285,0.12282533198595047,0.3526473641395569,0.25212520360946655
YGL158W,YNR022C,0,-0.58406526,0.12278261035680771,0.3526473641395569,0.25222522020339966
YIL073C,YLR033W,0,-0.58419126,0.12273991852998734,0.3526473641395569,0.25232523679733276
YHR196W,YNL284C,0,-0.5842328,0.12269725650548935,0.3526473641395569,0.25242525339126587
YKL152C,YGL212W,0,-0.58426994,0.12265462428331375,0.3526473641395569,0.2525252401828766
YMR171C,YDL114W,0,-0.58430505,0.12261201441287994,0.3526473641395569,0.2526252567768097
YCR094W,YIL066C,0,-0.584328,0.12256944179534912,0.3526473641395569,0.2527252733707428
YJL092W,YPL268W,0,-0.58465374,0.12252689898014069,0.3526473641395569,0.2528252899646759
YFL002W-A,YBL079W,0,-0.5848883,0.12248438596725464,0.3526473641395569,0.252925306558609
YLR121C,YDR536W,0,-0.58489347,0.12244190275669098,0.3526473641395569,0.2530252933502197
YBR139W,YDL192W,0,-0.58496845,0.12239944189786911,0.3526473641395569,0.25312530994415283
YDR522C,YLR355C,0,-0.5850588,0.12235701829195023,0.3526473641395569,0.25322532653808594
YNL110C,YNR040W,0,-0.58507836,0.12231462448835373,0.3526473641395569,0.25332534313201904
YMR280C,YKL010C,0,-0.5853096,0.12227225303649902,0.3526473641395569,0.25342532992362976
YOR391C,YLR088W,0,-0.58536714,0.1222299188375473,0.3526473641395569,0.25352534651756287
YBR136W,YBR127C,0,-0.58561194,0.12218760699033737,0.3526473641395569,0.25362536311149597
YHR117W,YJL159W,0,-0.58569443,0.12214533239603043,0.3526473641395569,0.2537253797054291
YEL054C,YOR120W,0,-0.5857721,0.12210308015346527,0.3526473641395569,0.2538253962993622
YFL050C,YPL172C,0,-0.5859233,0.1220608577132225,0.3526473641395569,0.2539253830909729
YLR040C,YDR456W,0,-0.5859825,0.12201866507530212,0.3526473641395569,0.254025399684906
YLR213C,YNR067C,1,-0.585983,0.12232204526662827,0.3536463677883148,0.254025399684906
YKL126W,YKL175W,0,-0.586097,0.12227979302406311,0.3536463677883148,0.2541254162788391
YOL137W,YLR386W,0,-0.5863857,0.12223757058382034,0.3536463677883148,0.2542254328727722
YML036W,YPL094C,0,-0.5864022,0.12219537794589996,0.3536463677883148,0.25432541966438293
YGL209W,YGR285C,0,-0.58656895,0.12215320765972137,0.3536463677883148,0.25442543625831604
YOR147W,YBR083W,0,-0.5865846,0.12211107462644577,0.3536463677883148,0.25452545285224915
YBR192W,YFR032C-A,0,-0.5869872,0.12206896394491196,0.3536463677883148,0.25462546944618225
YLR380W,YPL074W,0,-0.58710486,0.12202689051628113,0.3536463677883148,0.25472548604011536
YCR077C,YNL003C,0,-0.58729416,0.12198483943939209,0.3536463677883148,0.2548254728317261
YLR096W,YDL049C,0,-0.5874884,0.12194281816482544,0.3536463677883148,0.2549254894256592
YJL221C,YIL172C,1,-0.58755654,0.1222451776266098,0.35464534163475037,0.2549254894256592
YPL087W,YEL071W,0,-0.587567,0.12220309674739838,0.35464534163475037,0.2550255060195923
YDR072C,YPL163C,0,-0.58765787,0.12216104567050934,0.35464534163475037,0.2551255226135254
YBR289W,YGR121C,0,-0.5877448,0.12211902439594269,0.35464534163475037,0.2552255094051361
YFL010W-A,YOR124C,0,-0.5877733,0.12207702547311783,0.35464534163475037,0.2553255259990692
YDL185W,YKR086W,0,-0.58801436,0.12203506380319595,0.35464534163475037,0.2554255425930023
YPR163C,YLR207W,0,-0.58806324,0.12199312448501587,0.35464534163475037,0.2555255591869354
YNL101W,YDR156W,0,-0.588113,0.12195122241973877,0.35464534163475037,0.25562557578086853
YMR238W,YIL162W,1,-0.5883364,0.12225274741649628,0.3556443452835083,0.25562557578086853
YDR288W,YJL091C,0,-0.58833927,0.1222107782959938,0.3556443452835083,0.25572556257247925
YMR323W,YKL089W,0,-0.5884304,0.12216883897781372,0.3556443452835083,0.25582557916641235
YKR014C,YGL234W,0,-0.5884412,0.12212692946195602,0.3556443452835083,0.25592559576034546
YGL062W,YOR197W,0,-0.5885345,0.12208504974842072,0.3556443452835083,0.25602561235427856
YBR093C,YIL126W,0,-0.58853745,0.1220431923866272,0.3556443452835083,0.2561255991458893
YDL069C,YPL157W,0,-0.5886566,0.12200137227773666,0.3556443452835083,0.2562256157398224
YMR090W,YFR009W,0,-0.5887617,0.12195957452058792,0.3556443452835083,0.2563256323337555
YOL054W,YML058W-A,0,-0.58891654,0.12191780656576157,0.3556443452835083,0.2564256489276886
YAL015C,YIL099W,1,-0.5891614,0.12221841514110565,0.35664334893226624,0.2564256489276886
YFL039C,YGR159C,0,-0.58920187,0.12217659503221512,0.35664334893226624,0.2565256655216217
YDR001C,YOL157C,1,-0.58930707,0.12247690558433533,0.35764235258102417,0.2565256655216217
YBR093C,YHR034C,0,-0.5893451,0.12243501842021942,0.35764235258102417,0.2566256523132324
YOL043C,YOL157C,1,-0.5897078,0.12273504585027695,0.3586413562297821,0.2566256523132324
YNL308C,YGL090W,0,-0.5898586,0.12269309908151627,0.3586413562297821,0.2567256689071655
YAL013W,YPR196W,0,-0.589902,0.12265118211507797,0.3586413562297821,0.25682568550109863
YGL020C,YGR280C,0,-0.5900484,0.12260928750038147,0.3586413562297821,0.25692570209503174
YDL109C,YJR098C,0,-0.5901244,0.12256743013858795,0.3586413562297821,0.25702568888664246
YDR121W,YDR258C,0,-0.59015805,0.12252559512853622,0.3586413562297821,0.25712570548057556
YPR047W,YHR124W,0,-0.5902191,0.12248379737138748,0.3586413562297821,0.25722572207450867
YKR069W,YBR196C,0,-0.59028524,0.12244202196598053,0.3586413562297821,0.2573257386684418
YIL155C,YIL002C,0,-0.59031016,0.12240027636289597,0.3586413562297821,0.2574257552623749
YPL081W,YAL010C,0,-0.59052616,0.12235855311155319,0.3586413562297821,0.2575257420539856
YLL001W,YNL061W,0,-0.59055585,0.1223168671131134,0.3586413562297821,0.2576257586479187
YDR538W,YGL040C,0,-0.59062755,0.1222752034664154,0.3586413562297821,0.2577257752418518
YLR134W,YOR257W,0,-0.590667,0.1222335696220398,0.3586413562297821,0.2578257918357849
YDR281C,YLL041C,0,-0.5908688,0.12219196557998657,0.3586413562297821,0.25792577862739563
YMR321C,YGR274C,0,-0.5911845,0.12215039134025574,0.3586413562297821,0.25802579522132874
YDL051W,YBR118W,0,-0.591284,0.12210884690284729,0.3586413562297821,0.25812581181526184
YJL112W,YKL198C,0,-0.59139824,0.12206732481718063,0.3586413562297821,0.25822582840919495
YBR281C,YPR052C,0,-0.59145385,0.12202583253383636,0.3586413562297821,0.25832584500312805
YBR299W,YBR229C,1,-0.5914577,0.12232416123151779,0.35964035987854004,0.25832584500312805
YNL162W,YDL097C,0,-0.5916324,0.12228260934352875,0.35964035987854004,0.25842583179473877
YPR016C,YLR404W,0,-0.59171706,0.12224108725786209,0.35964035987854004,0.2585258483886719
YDR540C,YDR456W,0,-0.5917709,0.12219959497451782,0.35964035987854004,0.258625864982605
YDL092W,YKR103W,0,-0.5918679,0.12215812504291534,0.35964035987854004,0.2587258815765381
YPR063C,YLR376C,0,-0.59191406,0.12211669236421585,0.35964035987854004,0.2588258683681488
YDL103C,YDR020C,0,-0.5919568,0.12207528203725815,0.35964035987854004,0.2589258849620819
YCL033C,YDR351W,0,-0.5921667,0.12203390151262283,0.35964035987854004,0.259025901556015
YDR134C,YPL053C,0,-0.5921676,0.12199254333972931,0.35964035987854004,0.2591259181499481
YBR110W,YJL082W,0,-0.5921822,0.12195122241973877,0.35964035987854004,0.2592259347438812
YOL138C,YGR012W,0,-0.5922645,0.12190992385149002,0.35964035987854004,0.25932592153549194
YLR034C,YDR247W,0,-0.5923306,0.12186865508556366,0.35964035987854004,0.25942593812942505
YOL138C,YKR026C,0,-0.59234875,0.12182740867137909,0.35964035987854004,0.25952595472335815
YFR028C,YER052C,0,-0.59247017,0.1217861995100975,0.35964035987854004,0.25962597131729126
YNL005C,YPL008W,0,-0.5925687,0.12174501270055771,0.35964035987854004,0.259725958108902
YLR452C,YPL099C,0,-0.59277254,0.1217038556933403,0.35964035987854004,0.2598259747028351
YLL015W,YPL111W,0,-0.59279275,0.12166272103786469,0.35964035987854004,0.2599259912967682
YBR092C,YBR182C,0,-0.5928268,0.12162162363529205,0.35964035987854004,0.2600260078907013
YPR073C,YER131W,0,-0.59285235,0.12158054858446121,0.35964035987854004,0.2601260244846344
YHL022C,YPL167C,0,-0.5929113,0.12153950333595276,0.35964035987854004,0.2602260112762451
YPR200C,YOR294W,0,-0.59294003,0.1214984804391861,0.35964035987854004,0.2603260278701782
YDR496C,YOR237W,0,-0.59310377,0.12145748734474182,0.35964035987854004,0.26042604446411133
YMR296C,YER052C,0,-0.5931338,0.12141652405261993,0.35964035987854004,0.26052606105804443
YMR289W,YPR164W,0,-0.5934655,0.12137559056282043,0.35964035987854004,0.26062604784965515
YOR190W,YOL043C,1,-0.5934701,0.12167172133922577,0.360639363527298,0.26062604784965515
YJL123C,YBR298C,0,-0.5936279,0.1216307282447815,0.360639363527298,0.26072606444358826
YHR143W,YGR282C,1,-0.59378517,0.12192657589912415,0.3616383671760559,0.26072606444358826
YOR214C,YJL191W,0,-0.593835,0.1218855232000351,0.3616383671760559,0.26082608103752136
YNL327W,YLR213C,1,-0.5938642,0.12218108028173447,0.36263737082481384,0.26082608103752136
YNL304W,YMR060C,0,-0.59394836,0.12213997542858124,0.36263737082481384,0.26092609763145447
YGL099W,YJR159W,0,-0.5942645,0.1220988929271698,0.36263737082481384,0.2610261142253876
YAL012W,YNR004W,0,-0.59436876,0.12205783277750015,0.36263737082481384,0.2611261010169983
YIL132C,YGR175C,0,-0.5944527,0.12201680988073349,0.36263737082481384,0.2612261176109314
YLL019C,YER091C,0,-0.59464395,0.12197580933570862,0.36263737082481384,0.2613261342048645
YJL153C,YJR112W,0,-0.59489596,0.12193483114242554,0.36263737082481384,0.2614261507987976
YLR270W,YJL103C,0,-0.5949664,0.12189389020204544,0.36263737082481384,0.2615261673927307
YHL016C,YER012W,0,-0.59509146,0.12185297161340714,0.36263737082481384,0.26162615418434143
YML012W,YDR079W,0,-0.59513706,0.12181208282709122,0.36263737082481384,0.26172617077827454
YNL162W,YFL034C-B,0,-0.5952587,0.12177121639251709,0.36263737082481384,0.26182618737220764
YOR162C,YKR024C,0,-0.595277,0.12173037976026535,0.36263737082481384,0.26192620396614075
YLR312W-A,YIR023W,0,-0.59531915,0.121689572930336,0.36263737082481384,0.26202619075775146
YAL025C,YDR170W-A,0,-0.5953214,0.12164879590272903,0.36263737082481384,0.26212620735168457
YNL073W,YBR261C,0,-0.5954029,0.12160804122686386,0.36263737082481384,0.2622262239456177
YLR057W,YLR300W,1,-0.59552205,0.1219022125005722,0.3636363744735718,0.2622262239456177
YNL327W,YHR059W,0,-0.59565365,0.12186139822006226,0.3636363744735718,0.2623262405395508
YJR093C,YGL022W,0,-0.59565985,0.1218206137418747,0.3636363744735718,0.2624262571334839
YJR078W,YNL254C,0,-0.5956732,0.12177985906600952,0.3636363744735718,0.2625262439250946
YIR025W,YKL164C,0,-0.5957611,0.12173912674188614,0.3636363744735718,0.2626262605190277
YDR020C,YJL056C,0,-0.59593296,0.12169843167066574,0.3636363744735718,0.2627262771129608
YLR154C,YDR022C,0,-0.59604216,0.12165775150060654,0.3636363744735718,0.2628262937068939
YDL010W,YOL086C,0,-0.59615064,0.12161710858345032,0.3636363744735718,0.26292628049850464
YHR066W,YGR238C,0,-0.59649765,0.12157648801803589,0.3636363744735718,0.26302629709243774
YKL130C,YGR028W,0,-0.5968522,0.12153588980436325,0.3636363744735718,0.26312631368637085
YHR117W,YAR015W,0,-0.59693253,0.1214953288435936,0.3636363744735718,0.26322633028030396
YOL123W,YDR496C,0,-0.59702,0.12145479023456573,0.3636363744735718,0.26332634687423706
YJL113W,YLR139C,0,-0.5971071,0.12141427397727966,0.3636363744735718,0.2634263336658478
YPL211W,YDL065C,0,-0.5971294,0.12137379497289658,0.3636363744735718,0.2635263502597809
YPL258C,YLR035C-A,0,-0.5972889,0.12133333086967468,0.3636363744735718,0.263626366853714
YMR049C,YIL134W,0,-0.5974396,0.12129290401935577,0.3636363744735718,0.2637263834476471
YMR008C,YJL214W,0,-0.5974823,0.12125249952077866,0.3636363744735718,0.2638263702392578
YGL028C,YBR056W,1,-0.5975083,0.12154512107372284,0.3646353781223297,0.2638263702392578
YGR200C,YPL121C,0,-0.5977823,0.12150465697050095,0.3646353781223297,0.2639263868331909
YBR008C,YOL142W,0,-0.59790075,0.12146422266960144,0.3646353781223297,0.264026403427124
YDR221W,YMR305C,1,-0.59806335,0.12175648659467697,0.36563435196876526,0.264026403427124
YML109W,YHR056C,0,-0.59825385,0.12171599268913269,0.36563435196876526,0.26412642002105713
YCR087C-A,YDR418W,0,-0.598277,0.1216755285859108,0.36563435196876526,0.26422643661499023
YMR005W,YCR077C,0,-0.59829473,0.12163509428501129,0.36563435196876526,0.26432642340660095
YPL275W,YDL236W,0,-0.59846103,0.12159468233585358,0.36563435196876526,0.26442644000053406
YGR287C,YOL157C,1,-0.5984626,0.12188641726970673,0.3666333556175232,0.26442644000053406
YER159C-A,YDL010W,0,-0.59851533,0.12184595316648483,0.3666333556175232,0.26452645659446716
YPL266W,YOR332W,0,-0.59866107,0.12180551141500473,0.3666333556175232,0.26462647318840027
YCL038C,YGR049W,0,-0.59871805,0.12176509946584702,0.3666333556175232,0.264726459980011
YGR143W,YMR238W,1,-0.59873253,0.12205638736486435,0.36763235926628113,0.264726459980011
YMR238W,YGR143W,1,-0.59873253,0.12234748154878616,0.36863136291503906,0.264726459980011
YGL051W,YLR344W,0,-0.59898186,0.1223069280385971,0.36863136291503906,0.2648264765739441
YLR043C,YPL127C,0,-0.5992208,0.12226640433073044,0.36863136291503906,0.2649264931678772
YLR192C,YDL079C,0,-0.5993599,0.12222590297460556,0.36863136291503906,0.2650265097618103
YLL010C,YMR304W,0,-0.59956086,0.12218543142080307,0.36863136291503906,0.2651265263557434
YDR368W,YCR071C,0,-0.59961843,0.12214498221874237,0.36863136291503906,0.2652265131473541
YGR065C,YNL254C,0,-0.59970963,0.12210456281900406,0.36863136291503906,0.26532652974128723
YMR121C,YPL104W,0,-0.5998456,0.12206417322158813,0.36863136291503906,0.26542654633522034
YBR036C,YBL002W,0,-0.59995866,0.122023805975914,0.36863136291503906,0.26552656292915344
YGR049W,YCR067C,0,-0.6000663,0.12198346853256226,0.36863136291503906,0.26562654972076416
YHR066W,YER070W,0,-0.6002269,0.1219431608915329,0.36863136291503906,0.26572656631469727
YHR143W,YLR144C,1,-0.600319,0.12223323434591293,0.369630366563797,0.26572656631469727
YMR006C,YML014W,0,-0.60035896,0.1221928671002388,0.369630366563797,0.26582658290863037
YNL139C,YPL053C,0,-0.6004063,0.12215252220630646,0.369630366563797,0.2659265995025635
YNL136W,YLR022C,0,-0.6004418,0.1221122145652771,0.369630366563797,0.2660266160964966
YFR013W,YIR023W,0,-0.60050166,0.12207192182540894,0.369630366563797,0.2661266028881073
YNL327W,YJL221C,1,-0.600659,0.12236148118972778,0.37062937021255493,0.2661266028881073
YOR175C,YHR191C,0,-0.600679,0.12232113629579544,0.37062937021255493,0.2662266194820404
YNL182C,YDL115C,0,-0.60068,0.12228081375360489,0.37062937021255493,0.2663266360759735
YGL153W,YDR389W,0,-0.6007609,0.12224052846431732,0.37062937021255493,0.2664266526699066
YLL010C,YJL213W,0,-0.6008052,0.12220026552677155,0.37062937021255493,0.26652663946151733
YDL120W,YCL047C,0,-0.60090923,0.12216002494096756,0.37062937021255493,0.26662665605545044
YOL145C,YBR213W,0,-0.6009625,0.12211981415748596,0.37062937021255493,0.26672667264938354
YLR201C,YML123C,0,-0.601005,0.12207963317632675,0.37062937021255493,0.26682668924331665
YDL245C,YHL018W,0,-0.60106605,0.12203947454690933,0.37062937021255493,0.26692670583724976
YLR219W,YKL082C,0,-0.601091,0.1219993457198143,0.37062937021255493,0.2670266926288605
YOL120C,YPL053C,0,-0.6012391,0.12195923924446106,0.37062937021255493,0.2671267092227936
YNL206C,YMR213W,0,-0.60130244,0.12191915512084961,0.37062937021255493,0.2672267258167267
YDR465C,YDR194C,0,-0.6013615,0.12187910825014114,0.37062937021255493,0.2673267424106598
YJL117W,YML118W,0,-0.6014558,0.12183908373117447,0.37062937021255493,0.2674267292022705
YHL044W,YDR429C,0,-0.6015488,0.12179908156394958,0.37062937021255493,0.2675267457962036
YGL027C,YGR292W,1,-0.6017552,0.12208729982376099,0.37162837386131287,0.2675267457962036
YLR136C,YER160C,0,-0.60179484,0.12204724550247192,0.37162837386131287,0.2676267623901367
YJL194W,YNL003C,0,-0.6018542,0.12200721353292465,0.37162837386131287,0.2677267789840698
YJR083C,YCR040W,0,-0.60186505,0.12196721136569977,0.37162837386131287,0.26782679557800293
YCL025C,YOR255W,0,-0.6019344,0.12192723900079727,0.37162837386131287,0.26792678236961365
YDR457W,YKR022C,0,-0.60216314,0.12188728898763657,0.37162837386131287,0.26802679896354675
YLR421C,YDL136W,0,-0.6021662,0.12184736132621765,0.37162837386131287,0.26812681555747986
YNL314W,YFL062W,0,-0.6022791,0.12180746346712112,0.37162837386131287,0.26822683215141296
YLR438C-A,YBL052C,0,-0.6023468,0.12176759541034698,0.37162837386131287,0.2683268189430237
YLR127C,YOL092W,0,-0.6024772,0.12172774970531464,0.37162837386131287,0.2684268355369568
YER114C,YOR303W,0,-0.6024883,0.12168792635202408,0.37162837386131287,0.2685268521308899
YFL013C,YOR224C,0,-0.6025851,0.12164813280105591,0.37162837386131287,0.268626868724823
YGR282C,YJL214W,0,-0.6030751,0.12160836905241013,0.37162837386131287,0.2687268853187561
YDL150W,YMR280C,0,-0.6031714,0.12156862765550613,0.37162837386131287,0.2688268721103668
YGL136C,YGR191W,0,-0.6032969,0.12152890861034393,0.37162837386131287,0.2689268887042999
YNL075W,YLR208W,0,-0.60340583,0.12148921936750412,0.37162837386131287,0.26902690529823303
YKL143W,YLR113W,0,-0.6036289,0.1214495599269867,0.37162837386131287,0.26912692189216614
YJR131W,YBR001C,1,-0.6037166,0.12173629552125931,0.3726273775100708,0.26912692189216614
YGL027C,YHR143W,1,-0.6037655,0.1220228374004364,0.37362638115882874,0.26912692189216614
YKL096W,YMR019W,0,-0.6038492,0.12198303639888763,0.37362638115882874,0.26922690868377686
YGR287C,YOL043C,1,-0.6038841,0.12226931750774384,0.37462538480758667,0.26922690868377686
YMR004W,YJL130C,0,-0.6039232,0.12222946435213089,0.37462538480758667,0.26932692527770996
YLR270W,YHL027W,0,-0.6039764,0.12218964099884033,0.37462538480758667,0.26942694187164307
YGL047W,YJR140C,0,-0.6040309,0.12214983999729156,0.37462538480758667,0.26952695846557617
YPR160W,YPL240C,0,-0.6043328,0.12211006134748459,0.37462538480758667,0.2696269750595093
YOR037W,YNL172W,0,-0.60473144,0.1220703125,0.37462538480758667,0.26972696185112
YER014C-A,YPR029C,0,-0.6047555,0.1220305860042572,0.37462538480758667,0.2698269784450531
YML066C,YGR251W,0,-0.60479593,0.12199088931083679,0.37462538480758667,0.2699269950389862
YNL121C,YLR078C,0,-0.60504174,0.12195122241973877,0.37462538480758667,0.2700270116329193
YPR026W,YMR238W,1,-0.6052995,0.12223666906356812,0.3756243884563446,0.2700270116329193
YOR077W,YBR020W,0,-0.60533583,0.12219694256782532,0.3756243884563446,0.27012699842453003
YLL052C,YDR011W,0,-0.6053958,0.12215724587440491,0.3756243884563446,0.27022701501846313
YJR093C,YMR284W,0,-0.6054243,0.12211757153272629,0.3756243884563446,0.27032703161239624
YDR198C,YML042W,0,-0.60545135,0.12207791954278946,0.3756243884563446,0.27042704820632935
YER018C,YDR180W,0,-0.6057309,0.12203829735517502,0.3756243884563446,0.27052706480026245
YCR060W,YDR158W,0,-0.60584986,0.12199870496988297,0.3756243884563446,0.27062705159187317
YML087C,YGL225W,0,-0.60605645,0.1219591274857521,0.3756243884563446,0.2707270681858063
YKL112W,YMR182C,0,-0.60611224,0.12191958725452423,0.3756243884563446,0.2708270847797394
YOR069W,YIR023W,0,-0.60614204,0.12188006192445755,0.3756243884563446,0.2709271013736725
YPL057C,YJR105W,0,-0.6061607,0.12184057384729385,0.3756243884563446,0.2710270881652832
YNL101W,YDR353W,0,-0.6063674,0.12180110067129135,0.3756243884563446,0.2711271047592163
YAL015C,YNR067C,1,-0.60640836,0.12208548933267593,0.37662336230278015,0.2711271047592163
YMR017W,YIL050W,0,-0.60652477,0.12204597145318985,0.37662336230278015,0.2712271213531494
YBR061C,YJL080C,0,-0.6069341,0.12200647592544556,0.37662336230278015,0.2713271379470825
YLR020C,YDL129W,0,-0.6071249,0.12196700274944305,0.37662336230278015,0.2714271545410156
YOR310C,YNL083W,0,-0.6071388,0.12192755192518234,0.37662336230278015,0.27152714133262634
YIR033W,YDR229W,0,-0.6071718,0.12188813090324402,0.37662336230278015,0.27162715792655945
YJL034W,YBL067C,0,-0.6077371,0.12184873968362808,0.37662336230278015,0.27172717452049255
YBL016W,YML054C,0,-0.6077993,0.12180937081575394,0.37662336230278015,0.27182719111442566
YDL036C,YIL004C,0,-0.6079251,0.12177002429962158,0.37662336230278015,0.2719271779060364
YER014C-A,YOL103W,0,-0.6080056,0.12173070758581161,0.37662336230278015,0.2720271944999695
YBR288C,YOR080W,0,-0.60809267,0.12169141322374344,0.37662336230278015,0.2721272110939026
YOL105C,YPL220W,0,-0.608164,0.12165214866399765,0.37662336230278015,0.2722272276878357
YCL069W,YIL138C,0,-0.60851413,0.12161290645599365,0.37662336230278015,0.2723272442817688
YDR134C,YKL184W,0,-0.6088834,0.12157368659973145,0.37662336230278015,0.2724272310733795
YPL050C,YDR073W,0,-0.6090696,0.12153449654579163,0.37662336230278015,0.2725272476673126
YJL113W,YBR203W,0,-0.6093361,0.1214953288435936,0.37662336230278015,0.2726272642612457
YNL210W,YDR027C,0,-0.6094906,0.12145618349313736,0.37662336230278015,0.27272728085517883
YDL120W,YHR044C,0,-0.60963136,0.12141706794500351,0.37662336230278015,0.27282729744911194
YPL266W,YPR185W,0,-0.6096555,0.12137797474861145,0.37662336230278015,0.27292728424072266
YOR100C,YPL074W,0,-0.609665,0.12133891135454178,0.37662336230278015,0.27302730083465576
YBR030W,YOR066W,0,-0.6097736,0.1212998703122139,0.37662336230278015,0.27312731742858887
YOR190W,YGR189C,1,-0.60988295,0.1215825006365776,0.3776223659515381,0.27312731742858887
YBR033W,YPL068C,0,-0.6101401,0.12154340744018555,0.3776223659515381,0.273227334022522
YGL190C,YGR068C,0,-0.6103345,0.12150433659553528,0.3776223659515381,0.2733273208141327
YEL040W,YPR026W,1,-0.61044544,0.12178663164377213,0.378621369600296,0.2733273208141327
YOR190W,YHR143W,1,-0.61044705,0.12206874042749405,0.37962037324905396,0.2733273208141327
YEL056W,YCL040W,0,-0.61049825,0.12202954292297363,0.37962037324905396,0.2734273374080658
YFL002W-A,YML056C,0,-0.6105763,0.12199036777019501,0.37962037324905396,0.2735273540019989
YMR184W,YKL178C,0,-0.6107745,0.12195122241973877,0.37962037324905396,0.273627370595932
YLR418C,YOR339C,0,-0.6108904,0.12191209197044373,0.37962037324905396,0.2737273871898651
YIL079C,YGR088W,0,-0.6110045,0.12187299877405167,0.37962037324905396,0.27382737398147583
YER019W,YDR142C,0,-0.6112026,0.1218339204788208,0.37962037324905396,0.27392739057540894
YOR291W,YAL060W,0,-0.6113079,0.12179487198591232,0.37962037324905396,0.27402740716934204
YPL031C,YER048W-A,0,-0.6113392,0.12175584584474564,0.37962037324905396,0.27412742376327515
YHR172W,YDL226C,0,-0.6114341,0.12171684950590134,0.37962037324905396,0.27422741055488586
YJR153W,YOL043C,1,-0.6114944,0.12199807912111282,0.3806193768978119,0.27422741055488586
YMR302C,YCR057C,0,-0.61167836,0.12195902317762375,0.3806193768978119,0.27432742714881897
YML034W,YLR187W,0,-0.61181605,0.12191999703645706,0.3806193768978119,0.2744274437427521
YIL039W,YDL049C,0,-0.61203897,0.12188100069761276,0.3806193768978119,0.2745274603366852
YHR026W,YHR156C,0,-0.61221385,0.12184201925992966,0.3806193768978119,0.2746274769306183
YNL116W,YNL021W,0,-0.6123235,0.12180306762456894,0.3806193768978119,0.274727463722229
YNL241C,YDR440W,0,-0.61232686,0.12176413834095001,0.3806193768978119,0.2748274803161621
YGR282C,YML021C,1,-0.6123359,0.12204472720623016,0.3816183805465698,0.2748274803161621
YKL100C,YMR020W,0,-0.61240596,0.12200574576854706,0.3816183805465698,0.2749274969100952
YMR282C,YJR036C,0,-0.6125712,0.12196679413318634,0.3816183805465698,0.2750275135040283
YMR122W-A,YOR336W,0,-0.6127502,0.12192786484956741,0.3816183805465698,0.27512750029563904
YOL155C,YML021C,1,-0.61278284,0.12220804393291473,0.38261738419532776,0.27512750029563904
YDR522C,YOR143C,0,-0.612818,0.12216906249523163,0.38261738419532776,0.27522751688957214
YBR217W,YGL135W,0,-0.6128424,0.12213010340929031,0.38261738419532776,0.27532753348350525
YML066C,YOR133W,0,-0.6129358,0.12209116667509079,0.38261738419532776,0.27542755007743835
YHR143W-A,YLR251W,0,-0.6129516,0.12205225974321365,0.38261738419532776,0.27552756667137146
YDR077W,YER061C,0,-0.6131233,0.1220133826136589,0.38261738419532776,0.2756275534629822
YML085C,YIR014W,0,-0.6132777,0.12197452038526535,0.38261738419532776,0.2757275700569153
YLR390W,YPL026C,0,-0.61329985,0.12193568795919418,0.38261738419532776,0.2758275866508484
YJR076C,YMR171C,0,-0.6135638,0.12189687788486481,0.38261738419532776,0.2759276032447815
YOR092W,YGR238C,0,-0.6136297,0.12185809761285782,0.38261738419532776,0.2760275900363922
YLR372W,YCR028C-A,0,-0.61370313,0.12181933969259262,0.38261738419532776,0.2761276066303253
YPL230W,YEL061C,0,-0.6137377,0.12178060412406921,0.38261738419532776,0.2762276232242584
YGR124W,YBL005W-B,0,-0.6139703,0.1217418909072876,0.38261738419532776,0.27632763981819153
YCR075C,YPL148C,0,-0.6142774,0.12170320749282837,0.38261738419532776,0.27642765641212463
YKR045C,YPR132W,0,-0.6146443,0.12166454643011093,0.38261738419532776,0.27652764320373535
YML060W,YNL066W,1,-0.61465657,0.12194347381591797,0.3836163878440857,0.27652764320373535
YHR036W,YGR081C,0,-0.61467445,0.12190476059913635,0.3836163878440857,0.27662765979766846
YBR044C,YOL040C,0,-0.6147474,0.12186607718467712,0.3836163878440857,0.27672767639160156
YBR275C,YDR036C,0,-0.6147647,0.12182740867137909,0.3836163878440857,0.27682769298553467
YGL062W,YKR013W,0,-0.61483824,0.12178876996040344,0.3836163878440857,0.2769276797771454
YDR194C,YCR073C,0,-0.61488295,0.12175016105175018,0.3836163878440857,0.2770276963710785
YPL050C,YER146W,0,-0.6151575,0.12171156704425812,0.3836163878440857,0.2771277129650116
YPL122C,YPR138C,0,-0.6153741,0.12167300283908844,0.3836163878440857,0.2772277295589447
YKR105C,YFR041C,0,-0.61540455,0.12163446098566055,0.3836163878440857,0.2773277461528778
YLR307W,YDL015C,0,-0.615557,0.12159594893455505,0.3836163878440857,0.2774277329444885
YJL172W,YMR167W,0,-0.61580867,0.12155745178461075,0.3836163878440857,0.27752774953842163
YDR084C,YKL193C,0,-0.6158129,0.12151898443698883,0.3836163878440857,0.27762776613235474
YOR270C,YDR054C,0,-0.61613184,0.1214805468916893,0.3836163878440857,0.27772778272628784
YGL256W,YLL035W,0,-0.61635375,0.12144212424755096,0.3836163878440857,0.27782776951789856
YMR121C,YBR088C,0,-0.61638457,0.12140373140573502,0.3836163878440857,0.27792778611183167
YLR172C,YMR282C,0,-0.6164496,0.12136536091566086,0.3836163878440857,0.27802780270576477
YDL191W,YNL252C,0,-0.6166501,0.12132701277732849,0.3836163878440857,0.2781278192996979
YIL122W,YNL153C,0,-0.6166742,0.12128869444131851,0.3836163878440857,0.278227835893631
YOR054C,YLR116W,0,-0.61671126,0.12125039100646973,0.3836163878440857,0.2783278226852417
YGR035C,YDL143W,0,-0.6168337,0.12121212482452393,0.3836163878440857,0.2784278392791748
YLR305C,YOL115W,0,-0.6168859,0.12117387354373932,0.3836163878440857,0.2785278558731079
YLR307W,YDL058W,0,-0.61695576,0.1211356446146965,0.3836163878440857,0.278627872467041
YAR050W,YNR011C,0,-0.61704826,0.12109744548797607,0.3836163878440857,0.27872785925865173
YNR041C,YNL293W,0,-0.61725014,0.12105926871299744,0.3836163878440857,0.27882787585258484
YLR098C,YPR181C,0,-0.6172675,0.12102111428976059,0.3836163878440857,0.27892789244651794
YBR103W,YPL079W,0,-0.617457,0.12098298966884613,0.3836163878440857,0.27902790904045105
YHR102W,YNL080C,0,-0.6175276,0.12094487994909286,0.3836163878440857,0.27912792563438416
YIL070C,YMR277W,0,-0.6175292,0.12090680003166199,0.3836163878440857,0.2792279124259949
YJL048C,YCL027W,0,-0.61761606,0.1208687424659729,0.3836163878440857,0.279327929019928
YPL275W,YKL186C,0,-0.61768275,0.1208307147026062,0.3836163878440857,0.2794279456138611
YML113W,YBR213W,0,-0.617856,0.1207927018404007,0.3836163878440857,0.2795279622077942
YPL095C,YFR005C,0,-0.618142,0.12075471878051758,0.3836163878440857,0.2796279489994049
YOR336W,YGR101W,0,-0.61828667,0.12071675807237625,0.3836163878440857,0.279727965593338
YDR400W,YOL043C,1,-0.6182891,0.12099308520555496,0.38461539149284363,0.279727965593338
YDL161W,YCR047C,0,-0.61832196,0.12095507234334946,0.38461539149284363,0.2798279821872711
YML130C,YDR158W,0,-0.61832285,0.12091708183288574,0.38461539149284363,0.2799279987812042
YDR506C,YPL148C,0,-0.61859506,0.12087912112474442,0.38461539149284363,0.28002801537513733
YKL161C,YMR065W,0,-0.6186601,0.12084118276834488,0.38461539149284363,0.28012800216674805
YKL092C,YHL047C,0,-0.6187336,0.12080326676368713,0.38461539149284363,0.28022801876068115
YJR004C,YPR156C,0,-0.6187472,0.12076537311077118,0.38461539149284363,0.28032803535461426
YDL109C,YNR072W,0,-0.6187825,0.12072750180959702,0.38461539149284363,0.28042805194854736
YJL004C,YBL090W,0,-0.6188668,0.12068965286016464,0.38461539149284363,0.2805280387401581
YKR024C,YIL159W,0,-0.61898273,0.12065183371305466,0.38461539149284363,0.2806280553340912
YER140W,YPL144W,0,-0.6190647,0.12061403691768646,0.38461539149284363,0.2807280719280243
YHR209W,YJL177W,0,-0.6193355,0.12057626247406006,0.38461539149284363,0.2808280885219574
YNR031C,YHR147C,0,-0.61980784,0.12053851038217545,0.38461539149284363,0.2809281051158905
YKL071W,YJL104W,0,-0.61982906,0.12050078064203262,0.38461539149284363,0.2810280919075012
YKL218C,YJR053W,0,-0.6198619,0.12046308070421219,0.38461539149284363,0.2811281085014343
YDL178W,YPL170W,0,-0.6198907,0.12042539566755295,0.38461539149284363,0.28122812509536743
YJL225C,YLR423C,0,-0.6198981,0.1203877404332161,0.38461539149284363,0.28132814168930054
YIL131C,YPL274W,0,-0.62008584,0.12035010755062103,0.38461539149284363,0.28142812848091125
YKL172W,YKL182W,0,-0.6200942,0.12031249701976776,0.38461539149284363,0.28152814507484436
YJR131W,YOL157C,1,-0.62010705,0.1205873191356659,0.38561439514160156,0.28152814507484436
YDR262W,YPL241C,0,-0.62022495,0.12054965645074844,0.38561439514160156,0.28162816166877747
YMR199W,YPR011C,0,-0.62026304,0.12051202356815338,0.38561439514160156,0.28172817826271057
YLR419W,YDR368W,0,-0.6202659,0.12047440558671951,0.38561439514160156,0.2818281948566437
YPL011C,YBR118W,0,-0.62041146,0.12043681740760803,0.38561439514160156,0.2819281816482544
YBR267W,YGL030W,0,-0.6206925,0.12039925158023834,0.38561439514160156,0.2820281982421875
YHL044W,YBL036C,0,-0.62086713,0.12036170810461044,0.38561439514160156,0.2821282148361206
YGL028C,YOL043C,1,-0.6209085,0.12063591182231903,0.3866133987903595,0.2821282148361206
YBR261C,YNL030W,0,-0.62115145,0.12059831619262695,0.3866133987903595,0.2822282314300537
YNR047W,YJR078W,0,-0.6212019,0.12056075036525726,0.3866133987903595,0.28232821822166443
YPR164W,YCR057C,0,-0.62133175,0.12052319943904877,0.3866133987903595,0.28242823481559753
YMR145C,YML087C,0,-0.6215609,0.12048567831516266,0.3866133987903595,0.28252825140953064
YLR034C,YPL121C,0,-0.62178224,0.12044817954301834,0.3866133987903595,0.28262826800346375
YOL128C,YOR304W,0,-0.62178296,0.12041070312261581,0.3866133987903595,0.28272828459739685
YOR094W,YLR278C,0,-0.6219785,0.12037324905395508,0.3866133987903595,0.28282827138900757
YDR001C,YNL066W,1,-0.62199193,0.12064676731824875,0.38761240243911743,0.28282827138900757
YOR368W,YDL047W,0,-0.6220306,0.12060926109552383,0.38761240243911743,0.2829282879829407
YNR063W,YMR071C,0,-0.6220334,0.12057178467512131,0.38761240243911743,0.2830283045768738
YIL162W,YGL156W,1,-0.6222197,0.12084498256444931,0.388611376285553,0.2830283045768738
YEL015W,YGL173C,0,-0.62257016,0.1208074539899826,0.388611376285553,0.2831283211708069
YDR086C,YOR083W,0,-0.62263054,0.12076994776725769,0.388611376285553,0.2832283079624176
YNL217W,YKR062W,0,-0.6230221,0.12073246389627457,0.388611376285553,0.2833283245563507
YGL156W,YBR229C,1,-0.6231411,0.12100527435541153,0.3896103799343109,0.2833283245563507
YOL105C,YPL047W,0,-0.6231417,0.12096773833036423,0.3896103799343109,0.2834283411502838
YCR102C,YMR314W,0,-0.6231981,0.12093023210763931,0.3896103799343109,0.2835283577442169
YLR119W,YJR028W,0,-0.6233578,0.12089274823665619,0.3896103799343109,0.28362837433815
YKR087C,YPL093W,0,-0.62338763,0.12085528671741486,0.3896103799343109,0.28372836112976074
YKL168C,YLR042C,0,-0.6235057,0.12081784754991531,0.3896103799343109,0.28382837772369385
YGR032W,YER022W,0,-0.62366927,0.12078043073415756,0.3896103799343109,0.28392839431762695
YBL076C,YHR083W,0,-0.6238133,0.1207430362701416,0.3896103799343109,0.28402841091156006
YJL051W,YLR110C,0,-0.62408555,0.12070566415786743,0.3896103799343109,0.28412842750549316
YJL019W,YDL236W,0,-0.6241567,0.12066831439733505,0.3896103799343109,0.2842284142971039
YNL119W,YBL022C,0,-0.62422967,0.12063099443912506,0.3896103799343109,0.284328430891037
YKL053C-A,YDR483W,0,-0.6243452,0.12059368938207626,0.3896103799343109,0.2844284474849701
YBL042C,YER125W,0,-0.6243701,0.12055641412734985,0.3896103799343109,0.2845284640789032
YER019W,YMR184W,0,-0.62463576,0.12051916122436523,0.3896103799343109,0.2846284508705139
YHR064C,YMR312W,0,-0.62488824,0.1204819306731224,0.3896103799343109,0.284728467464447
YLR291C,YER147C,0,-0.6249291,0.12044472247362137,0.3896103799343109,0.2848284840583801
YFL055W,YLR148W,0,-0.6249369,0.12040753662586212,0.3896103799343109,0.28492850065231323
YLR034C,YHR128W,0,-0.62514377,0.12037037312984467,0.3896103799343109,0.28502851724624634
YPR200C,YKR068C,0,-0.62523836,0.120333231985569,0.3896103799343109,0.28512850403785706
YER002W,YIR013C,0,-0.62534827,0.12029611319303513,0.3896103799343109,0.28522852063179016
YJL090C,YDR541C,0,-0.6253563,0.12025901675224304,0.3896103799343109,0.28532853722572327
YDR477W,YGL123W,0,-0.62545085,0.12022195011377335,0.3896103799343109,0.28542855381965637
YER142C,YKL046C,1,-0.6255045,0.12049306929111481,0.39060938358306885,0.28542855381965637
YHR042W,YLR357W,0,-0.62557286,0.12045594304800034,0.39060938358306885,0.2855285406112671
YAL008W,YHR124W,0,-0.6257235,0.12041884660720825,0.39060938358306885,0.2856285572052002
YHL024W,YNR069C,0,-0.6258862,0.12038177251815796,0.39060938358306885,0.2857285737991333
YGR251W,YML008C,0,-0.62601054,0.12034472078084946,0.39060938358306885,0.2858285903930664
YDR339C,YDR498C,0,-0.62607306,0.12030769139528275,0.39060938358306885,0.2859286069869995
YDR443C,YMR267W,0,-0.6261702,0.12027068436145782,0.39060938358306885,0.28602859377861023
YCR077C,YLR330W,0,-0.6264397,0.1202336996793747,0.39060938358306885,0.28612861037254333
YER078C,YOR373W,0,-0.62663174,0.12019674479961395,0.39060938358306885,0.28622862696647644
YOL155C,YBR056W,1,-0.6267344,0.12046711891889572,0.3916083872318268,0.28622862696647644
YML063W,YDR409W,0,-0.62680197,0.1204301044344902,0.3916083872318268,0.28632864356040955
YKL003C,YKL049C,0,-0.6269642,0.12039311975240707,0.3916083872318268,0.28642863035202026
YGL153W,YOR351C,0,-0.62701815,0.12035615742206573,0.3916083872318268,0.28652864694595337
YDR451C,YJL100W,0,-0.62708426,0.12031921744346619,0.3916083872318268,0.2866286635398865
YPL060W,YDR253C,0,-0.62710875,0.12028229236602783,0.3916083872318268,0.2867286801338196
YDR320C,YOR344C,0,-0.6271725,0.12024539709091187,0.3916083872318268,0.2868286967277527
YPR184W,YDR371W,1,-0.6271908,0.12051518261432648,0.3926073908805847,0.2868286967277527
YDL180W,YOR173W,0,-0.627291,0.12047823518514633,0.3926073908805847,0.2869286835193634
YOL004W,YLR207W,0,-0.62731236,0.12044131010770798,0.3926073908805847,0.2870287001132965
YKL108W,YKR029C,0,-0.62731266,0.12040441483259201,0.3926073908805847,0.2871287167072296
YGL022W,YDR447C,0,-0.6273197,0.12036753445863724,0.3926073908805847,0.2872287333011627
YHR056C,YMR021C,0,-0.6273402,0.12033067643642426,0.3926073908805847,0.28732872009277344
YBL113C,YCL043C,0,-0.62740034,0.12029384821653366,0.3926073908805847,0.28742873668670654
YPL029W,YPL281C,0,-0.6274602,0.12025703489780426,0.3926073908805847,0.28752875328063965
YEL070W,YOR058C,0,-0.6275027,0.12022025138139725,0.3926073908805847,0.28762876987457275
YOR122C,YPL181W,0,-0.62750703,0.12018348276615143,0.3926073908805847,0.28772878646850586
YLR405W,YER044C,0,-0.6275102,0.120146743953228,0.3926073908805847,0.2878287732601166
YGR276C,YMR202W,0,-0.6277605,0.12011002749204636,0.3926073908805847,0.2879287898540497
YLR298C,YMR273C,0,-0.62777245,0.12007332593202591,0.3926073908805847,0.2880288064479828
YAL015C,YBR056W,1,-0.62802505,0.12034209072589874,0.39360639452934265,0.2880288064479828
YAL001C,YOL016C,0,-0.62811226,0.12030534446239471,0.39360639452934265,0.2881288230419159
YOL093W,YBL037W,0,-0.6284445,0.12026862055063248,0.39360639452934265,0.2882288098335266
YNL175C,YPR004C,0,-0.628589,0.12023191899061203,0.39360639452934265,0.2883288264274597
YDR240C,YMR115W,0,-0.628702,0.12019523978233337,0.39360639452934265,0.2884288430213928
YGR221C,YGL225W,0,-0.628788,0.12015858292579651,0.39360639452934265,0.2885288596153259
YHR109W,YDL142C,0,-0.62886703,0.12012194842100143,0.39360639452934265,0.28862887620925903
YPR138C,YNL067W,0,-0.6290253,0.12008533626794815,0.39360639452934265,0.28872886300086975
YER069W,YHR086W,0,-0.629226,0.12004875391721725,0.39360639452934265,0.28882887959480286
YPR167C,YBR103W,0,-0.6294134,0.12001218646764755,0.39360639452934265,0.28892889618873596
YGR215W,YPL231W,0,-0.62945676,0.11997564136981964,0.39360639452934265,0.28902891278266907
YAL031C,YGR288W,0,-0.62958044,0.11993911862373352,0.39360639452934265,0.2891288995742798
YAL055W,YPL098C,0,-0.6296078,0.11990261822938919,0.39360639452934265,0.2892289161682129
YIL162W,YBR229C,1,-0.62974304,0.12017036974430084,0.3946053981781006,0.2892289161682129
YPR182W,YDR207C,0,-0.62996304,0.12013381719589233,0.3946053981781006,0.289328932762146
YER018C,YDR182W,0,-0.6300927,0.12009729444980621,0.3946053981781006,0.2894289493560791
YCL014W,YBR247C,0,-0.6303569,0.12006078660488129,0.3946053981781006,0.2895289659500122
YML040W,YLR032W,0,-0.63036466,0.12002430856227875,0.3946053981781006,0.2896289527416229
YLR448W,YBR195C,0,-0.630473,0.119987852871418,0.3946053981781006,0.28972896933555603
YOR125C,YNR069C,0,-0.63069016,0.11995141208171844,0.3946053981781006,0.28982898592948914
YMR309C,YJR098C,0,-0.6309236,0.11991499364376068,0.3946053981781006,0.28992900252342224
YMR298W,YLR327C,0,-0.6309312,0.1198786050081253,0.3946053981781006,0.29002898931503296
YGL156W,YML021C,1,-0.6310967,0.12014563381671906,0.3956044018268585,0.29002898931503296
YMR145C,YBR079C,0,-0.63121593,0.1201091930270195,0.3956044018268585,0.29012900590896606
YGR185C,YGL068W,0,-0.6312486,0.12007277458906174,0.3956044018268585,0.29022902250289917
YOR251C,YFR009W,0,-0.6313921,0.12003637105226517,0.3956044018268585,0.2903290390968323
YOR190W,YIL162W,1,-0.63150513,0.12030302733182907,0.39660340547561646,0.2903290390968323
YKL166C,YNL046W,0,-0.6317293,0.12026658654212952,0.39660340547561646,0.2904290556907654
YPR165W,YHR123W,0,-0.63180995,0.12023016065359116,0.39660340547561646,0.2905290424823761
YEL046C,YLR423C,0,-0.6319892,0.12019376456737518,0.39660340547561646,0.2906290590763092
YBR145W,YDL051W,0,-0.632085,0.1201573833823204,0.39660340547561646,0.2907290756702423
YKL176C,YBR067C,0,-0.63209856,0.12012103199958801,0.39660340547561646,0.2908290922641754
YOR092W,YER131W,0,-0.6321304,0.12008469551801682,0.39660340547561646,0.29092907905578613
YER174C,YLR086W,0,-0.6322507,0.12004838138818741,0.39660340547561646,0.29102909564971924
YEL030W,YEL011W,0,-0.6326448,0.12001208961009979,0.39660340547561646,0.29112911224365234
YER061C,YPL023C,0,-0.6328151,0.11997582018375397,0.39660340547561646,0.29122912883758545
YCL018W,YER004W,0,-0.6328646,0.11993958055973053,0.39660340547561646,0.29132914543151855
YLR213C,YGR282C,1,-0.63304305,0.12020537257194519,0.3976024091243744,0.29132914543151855
YMR311C,YLR272C,0,-0.6332088,0.12016908079385757,0.3976024091243744,0.2914291322231293
YDR449C,YGL035C,0,-0.6332364,0.12013281136751175,0.3976024091243744,0.2915291488170624
YDR481C,YCR028C-A,0,-0.6332694,0.12009655684232712,0.3976024091243744,0.2916291654109955
YBR299W,YLR286C,1,-0.6332721,0.12036199122667313,0.3986014127731323,0.2916291654109955
YPR118W,YFL057C,0,-0.6333976,0.12032569199800491,0.3986014127731323,0.2917291820049286
YIL113W,YKL119C,0,-0.63366854,0.12028941512107849,0.3986014127731323,0.2918291687965393
YJL109C,YGR068C,0,-0.63368833,0.12025316804647446,0.3986014127731323,0.2919291853904724
YBR021W,YPL206C,0,-0.63370585,0.12021693587303162,0.3986014127731323,0.2920292019844055
YOR063W,YAR031W,0,-0.6337093,0.12018072605133057,0.3986014127731323,0.2921292185783386
YLR343W,YKR018C,0,-0.6339036,0.12014453113079071,0.3986014127731323,0.29222923517227173
YAL035W,YMR173W,0,-0.6341415,0.12010836601257324,0.3986014127731323,0.29232922196388245
YDR240C,YDL019C,0,-0.63437665,0.12007222324609756,0.3986014127731323,0.29242923855781555
YKL061W,YDL112W,0,-0.634501,0.12003610283136368,0.3986014127731323,0.29252925515174866
YNL306W,YJL164C,0,-0.6349733,0.11999999731779099,0.3986014127731323,0.29262927174568176
YNL225C,YER115C,0,-0.6350645,0.11996392160654068,0.3986014127731323,0.2927292585372925
YEL038W,YGL029W,0,-0.63516897,0.11992786079645157,0.3986014127731323,0.2928292751312256
YBR083W,YDR425W,0,-0.63535804,0.11989182978868484,0.3986014127731323,0.2929292917251587
YNR002C,YML116W,0,-0.63536066,0.11985581368207932,0.3986014127731323,0.2930293083190918
YJR077C,YJL053W,0,-0.63539296,0.11981981992721558,0.3986014127731323,0.2931293249130249
YMR281W,YOR058C,0,-0.6354734,0.11978384852409363,0.3986014127731323,0.2932293117046356
YMR323W,YMR227C,0,-0.6354952,0.11974789947271347,0.3986014127731323,0.2933293282985687
YLR265C,YDL104C,0,-0.6355144,0.1197119727730751,0.3986014127731323,0.29342934489250183
YBR084C-A,YMR112C,0,-0.6356573,0.11967606842517853,0.3986014127731323,0.29352936148643494
YBR048W,YLR176C,0,-0.6358803,0.11964017897844315,0.3986014127731323,0.29362934827804565
YKL001C,YDR265W,0,-0.63589185,0.11960431933403015,0.3986014127731323,0.29372936487197876
YFL001W,YOL117W,0,-0.6362162,0.11956847459077835,0.3986014127731323,0.29382938146591187
YEL037C,YCR098C,0,-0.6362982,0.11953265219926834,0.3986014127731323,0.29392939805984497
YKL166C,YLR117C,0,-0.63632596,0.11949685215950012,0.3986014127731323,0.2940294146537781
YHR045W,YLR133W,0,-0.63641,0.1194610744714737,0.3986014127731323,0.2941294014453888
YLR276C,YLR376C,0,-0.63659424,0.11942531913518906,0.3986014127731323,0.2942294180393219
YMR297W,YPL200W,0,-0.6367658,0.11938958615064621,0.3986014127731323,0.294329434633255
YDR371W,YLR300W,1,-0.6368637,0.11965300887823105,0.39960038661956787,0.294329434633255
YJR131W,YMR238W,1,-0.63688076,0.11991626769304276,0.4005993902683258,0.294329434633255
YER052C,YER154W,0,-0.6370468,0.11988041549921036,0.4005993902683258,0.2944294512271881
YKL093W,YBR155W,0,-0.6371352,0.11984459310770035,0.4005993902683258,0.2945294678211212
YDR494W,YLL008W,0,-0.63722324,0.11980878561735153,0.4005993902683258,0.29462945461273193
YDL130W-A,YDL142C,0,-0.63723457,0.1197730004787445,0.4005993902683258,0.29472947120666504
YGR279C,YPR026W,1,-0.63730633,0.12003583461046219,0.40159839391708374,0.29472947120666504
YMR312W,YER103W,0,-0.63732946,0.11999999731779099,0.40159839391708374,0.29482948780059814
YHR174W,YDR363W-A,0,-0.6375495,0.11996418982744217,0.40159839391708374,0.29492950439453125
YML060W,YOR190W,1,-0.6376641,0.12022673338651657,0.4025973975658417,0.29492950439453125
YJR147W,YMR097C,0,-0.63779545,0.12019087374210358,0.4025973975658417,0.29502949118614197
YNL261W,YOR181W,0,-0.6378181,0.12015503644943237,0.4025973975658417,0.2951295077800751
YPR167C,YEL054C,0,-0.63784933,0.12011922150850296,0.4025973975658417,0.2952295243740082
YBL030C,YMR093W,0,-0.6379076,0.12008343636989594,0.4025973975658417,0.2953295409679413
YOL105C,YOR265W,0,-0.6379275,0.1200476586818695,0.4025973975658417,0.2954295575618744
YOL119C,YPL017C,0,-0.63806695,0.12001191079616547,0.4025973975658417,0.2955295443534851
YNL256W,YPL134C,0,-0.63816214,0.11997618526220322,0.4025973975658417,0.2956295609474182
YOR208W,YMR065W,0,-0.6382078,0.11994047462940216,0.4025973975658417,0.2957295775413513
YOR356W,YLR081W,0,-0.6382719,0.11990479379892349,0.4025973975658417,0.2958295941352844
YDR221W,YLR286C,1,-0.63829684,0.12016656994819641,0.4035964012145996,0.2958295941352844
YKL015W,YPR065W,0,-0.63830334,0.12013083696365356,0.4035964012145996,0.29592958092689514
YOL128C,YPR004C,0,-0.6385549,0.12009512633085251,0.4035964012145996,0.29602959752082825
YER065C,YER020W,0,-0.6388116,0.12005943804979324,0.4035964012145996,0.29612961411476135
YNL186W,YIL015W,0,-0.6388212,0.12002376466989517,0.4035964012145996,0.29622963070869446
YJL221C,YGR292W,1,-0.6390716,0.12028512358665466,0.40459540486335754,0.29622963070869446
YPR026W,YLR144C,1,-0.63908494,0.12054631859064102,0.4055944085121155,0.29622963070869446
YIL162W,YDR518W,0,-0.63924515,0.1205105409026146,0.4055944085121155,0.29632964730262756
YOR214C,YGR167W,0,-0.6392648,0.12047477811574936,0.4055944085121155,0.2964296340942383
YDL217C,YGL174W,0,-0.63929033,0.12043903768062592,0.4055944085121155,0.2965296506881714
YDR488C,YNL178W,0,-0.63932526,0.12040331959724426,0.4055944085121155,0.2966296672821045
YGL027C,YJL221C,1,-0.6395767,0.1206640973687172,0.4065934121608734,0.2966296672821045
YPR026W,YIL172C,1,-0.6395975,0.12092471867799759,0.40759241580963135,0.2966296672821045
YBR216C,YLR325C,0,-0.63963443,0.12088888883590698,0.40759241580963135,0.2967296838760376
YJL106W,YOL001W,0,-0.6396612,0.12085308134555817,0.40759241580963135,0.2968296706676483
YGL241W,YNR056C,0,-0.63971823,0.12081729620695114,0.40759241580963135,0.2969296872615814
YML116W,YDR497C,0,-0.6397492,0.12078152596950531,0.40759241580963135,0.2970297038555145
YKL160W,YGR268C,0,-0.639801,0.12074578553438187,0.40759241580963135,0.29712972044944763
YNL284C,YJL011C,0,-0.63991946,0.12071006000041962,0.40759241580963135,0.29722973704338074
YJR057W,YGR121C,0,-0.6399834,0.12067435681819916,0.40759241580963135,0.29732972383499146
YPL242C,YDL097C,0,-0.6401495,0.12063867598772049,0.40759241580963135,0.29742974042892456
YER157W,YIL168W,0,-0.6403262,0.12060301750898361,0.40759241580963135,0.29752975702285767
YKL085W,YKL018W,0,-0.64037824,0.12056737393140793,0.40759241580963135,0.29762977361679077
YDL217C,YER165W,0,-0.6404839,0.12053176015615463,0.40759241580963135,0.2977297604084015
YIL172C,YDL136W,0,-0.6405453,0.12049616128206253,0.40759241580963135,0.2978297770023346
YJL063C,YNR016C,0,-0.6406005,0.12046058475971222,0.40759241580963135,0.2979297935962677
YCR102C,YFL038C,0,-0.6406263,0.1204250305891037,0.40759241580963135,0.2980298101902008
YCL061C,YHR026W,0,-0.6406277,0.12038949877023697,0.40759241580963135,0.2981298267841339
YLL027W,YGR268C,0,-0.6407506,0.12035398185253143,0.40759241580963135,0.29822981357574463
YAL014C,YCL074W,0,-0.6407698,0.12031848728656769,0.40759241580963135,0.29832983016967773
YIL172C,YGR001C,0,-0.64089394,0.12028302252292633,0.40759241580963135,0.29842984676361084
YDR001C,YIR007W,1,-0.6411504,0.12054229527711868,0.4085914194583893,0.29842984676361084
YLR388W,YGR014W,0,-0.6411651,0.12050677835941315,0.4085914194583893,0.29852986335754395
YOL017W,YGL103W,0,-0.6411957,0.1204712837934494,0.4085914194583893,0.29862985014915466
YGL153W,YDR390C,0,-0.64123404,0.12043580412864685,0.4085914194583893,0.29872986674308777
YLR321C,YGL208W,0,-0.64132875,0.12040035426616669,0.4085914194583893,0.2988298833370209
YMR312W,YHR032W,0,-0.6414048,0.12036491930484772,0.4085914194583893,0.298929899930954
YMR159C,YMR291W,0,-0.6414817,0.12032950669527054,0.4085914194583893,0.2990299165248871
YHR076W,YHR079C,0,-0.6415187,0.12029411643743515,0.4085914194583893,0.2991299033164978
YJR051W,YPL157W,0,-0.64152473,0.12025874853134155,0.4085914194583893,0.2992299199104309
YNR031C,YGR108W,0,-0.64164865,0.12022339552640915,0.4085914194583893,0.299329936504364
YGL175C,YBL050W,0,-0.6419803,0.12018807232379913,0.4085914194583893,0.2994299530982971
YDR194C,YLR097C,0,-0.6421585,0.12015276402235031,0.4085914194583893,0.29952993988990784
YCL069W,YNL323W,0,-0.6426301,0.12011747062206268,0.4085914194583893,0.29962995648384094
YNL336W,YOR126C,0,-0.6428323,0.12008220702409744,0.4085914194583893,0.29972997307777405
YMR293C,YNL149C,0,-0.6429496,0.12004696577787399,0.4085914194583893,0.29982998967170715
YMR314W,YBR009C,0,-0.64296913,0.12001173943281174,0.4085914194583893,0.29993000626564026
YGR052W,YCR028C,0,-0.64299446,0.11997653543949127,0.4085914194583893,0.300029993057251
YNL113W,YMR013C,0,-0.6431545,0.119941346347332,0.4085914194583893,0.3001300096511841
YLR144C,YOL157C,1,-0.6432056,0.12019935250282288,0.4095904231071472,0.3001300096511841
YOR033C,YLR224W,0,-0.64337844,0.12016412615776062,0.4095904231071472,0.3002300262451172
YOL031C,YNL222W,0,-0.6437124,0.12012892216444016,0.4095904231071472,0.3003300428390503
YBR155W,YPL240C,0,-0.64371455,0.12009373307228088,0.4095904231071472,0.300430029630661
YDL039C,YBR182C,0,-0.64377016,0.1200585663318634,0.4095904231071472,0.3005300462245941
YDR141C,YGR268C,0,-0.6438095,0.12002342194318771,0.4095904231071472,0.3006300628185272
YOL155C,YNR067C,1,-0.6439483,0.12028095126152039,0.41058939695358276,0.3006300628185272
YDR326C,YDL214C,0,-0.6439573,0.12024575471878052,0.41058939695358276,0.3007300794124603
YER120W,YFL052W,0,-0.64435786,0.12021058797836304,0.41058939695358276,0.30083009600639343
YNL208W,YML018C,0,-0.644362,0.12017543613910675,0.41058939695358276,0.30093008279800415
YIL139C,YKL178C,0,-0.64436394,0.12014030665159225,0.41058939695358276,0.30103009939193726
YEL011W,YER122C,0,-0.64437556,0.12010519951581955,0.41058939695358276,0.30113011598587036
YCR024C-A,YDR483W,0,-0.6446211,0.12007011473178864,0.41058939695358276,0.30123013257980347
YIL039W,YDR313C,0,-0.6446396,0.12003504484891891,0.41058939695358276,0.3013301193714142
YMR122W-A,YPL157W,0,-0.64467525,0.11999999731779099,0.41058939695358276,0.3014301359653473
YDL033C,YBR199W,0,-0.64478445,0.11996497213840485,0.41058939695358276,0.3015301525592804
YJL171C,YJR036C,0,-0.6449631,0.1199299693107605,0.41058939695358276,0.3016301691532135
YBL050W,YBL009W,0,-0.64506686,0.11989498138427734,0.41058939695358276,0.3017301857471466
YIL133C,YPR094W,0,-0.645149,0.11986001580953598,0.41058939695358276,0.3018301725387573
YHR204W,YOL043C,1,-0.64523864,0.12011662125587463,0.4115884006023407,0.3018301725387573
YPL274W,YGL019W,0,-0.64532864,0.12008161097764969,0.4115884006023407,0.30193018913269043
YKL119C,YLR286C,0,-0.6458689,0.12004662305116653,0.4115884006023407,0.30203020572662354
YNR004W,YGR258C,0,-0.6459115,0.12001165002584457,0.4115884006023407,0.30213022232055664
YJR153W,YLR300W,1,-0.64591396,0.12026791274547577,0.41258740425109863,0.30213022232055664
YBR082C,YJL166W,0,-0.6459379,0.12023289501667023,0.41258740425109863,0.30223020911216736
YDL059C,YFR033C,0,-0.6460016,0.12019790709018707,0.41258740425109863,0.30233022570610046
YFL038C,YDR242W,0,-0.6460366,0.12016293406486511,0.41258740425109863,0.30243024230003357
YLR373C,YBL066C,0,-0.6460471,0.12012798339128494,0.41258740425109863,0.3025302588939667
YOR116C,YNL306W,0,-0.64620507,0.12009304761886597,0.41258740425109863,0.3026302754878998
YDR170W-A,YPR060C,0,-0.6462965,0.12005814164876938,0.41258740425109863,0.3027302622795105
YLR213C,YGL028C,1,-0.64640975,0.120313860476017,0.41358640789985657,0.3027302622795105
YPR026W,YJL221C,1,-0.6464467,0.12056943774223328,0.4145854115486145,0.3027302622795105
YLR144C,YBR203W,0,-0.64650965,0.12053442001342773,0.4145854115486145,0.3028302788734436
YEL012W,YBR283C,0,-0.64654,0.12049941718578339,0.4145854115486145,0.3029302954673767
YOR243C,YOR003W,0,-0.64657277,0.12046444416046143,0.4145854115486145,0.3030303120613098
YBR042C,YKL193C,0,-0.64663243,0.12042948603630066,0.4145854115486145,0.30313029885292053
YHR124W,YMR301C,0,-0.6467857,0.12039454281330109,0.4145854115486145,0.30323031544685364
YKL152C,YML005W,0,-0.6468611,0.1203596293926239,0.4145854115486145,0.30333033204078674
YBR040W,YGL147C,0,-0.6468828,0.12032473087310791,0.4145854115486145,0.30343034863471985
YKL046C,YIR007W,1,-0.64729756,0.12057971209287643,0.41558441519737244,0.30343034863471985
YOL155C,YOL157C,1,-0.6475379,0.12083454430103302,0.41658341884613037,0.30343034863471985
YDL104C,YDR447C,0,-0.64769244,0.12079953402280807,0.41658341884613037,0.30353036522865295
YCR009C,YBR066C,0,-0.64805764,0.12076455354690552,0.41658341884613037,0.30363035202026367
YDL179W,YNR072W,0,-0.6481398,0.12072958797216415,0.41658341884613037,0.3037303686141968
YFL021W,YBL045C,0,-0.648227,0.12069464474916458,0.41658341884613037,0.3038303852081299
YMR321C,YHR166C,0,-0.64834285,0.1206597238779068,0.41658341884613037,0.303930401802063
YMR122W-A,YEL042W,0,-0.64868104,0.12062481790781021,0.41658341884613037,0.3040303885936737
YPR026W,YLR057W,1,-0.64884007,0.12087912112474442,0.4175824224948883,0.3040303885936737
YMR278W,YBR088C,0,-0.648877,0.12084417790174484,0.4175824224948883,0.3041304051876068
YMR264W,YMR314W,0,-0.64945495,0.12080924957990646,0.4175824224948883,0.3042304217815399
YOL107W,YPR091C,0,-0.6495287,0.12077434360980988,0.4175824224948883,0.304330438375473
YGL157W,YGR087C,0,-0.64965427,0.12073945999145508,0.4175824224948883,0.30443045496940613
YOR162C,YKL107W,0,-0.64992225,0.12070459127426147,0.4175824224948883,0.30453044176101685
YML075C,YDR104C,0,-0.6499391,0.12066974490880966,0.4175824224948883,0.30463045835494995
YBR231C,YMR054W,0,-0.65022504,0.12063492089509964,0.4175824224948883,0.30473047494888306
YJL204C,YBL005W-A,0,-0.65025306,0.12060011178255081,0.4175824224948883,0.30483049154281616
YBR299W,YNR067C,1,-0.65029263,0.12085376679897308,0.41858142614364624,0.30483049154281616
YKR094C,YNL289W,0,-0.65036273,0.12081891298294067,0.41858142614364624,0.3049304783344269
YPR184W,YOL107W,0,-0.65040815,0.12078408896923065,0.41858142614364624,0.30503049492836
YML009C,YNL113W,0,-0.6504191,0.12074927985668182,0.41858142614364624,0.3051305115222931
YJL171C,YIL085C,0,-0.65044564,0.12071449309587479,0.41858142614364624,0.3052305281162262
YJR002W,YDL140C,0,-0.6505085,0.12067972123622894,0.41858142614364624,0.3053305447101593
YPL082C,YPL159C,0,-0.65061516,0.12064497917890549,0.41858142614364624,0.30543053150177
YOR231W,YOR237W,0,-0.6506238,0.12061024457216263,0.41858142614364624,0.3055305480957031
YGL027C,YOL155C,1,-0.65084445,0.12086331099271774,0.4195804297924042,0.3055305480957031
YDR448W,YDL215C,0,-0.6508846,0.1208285391330719,0.4195804297924042,0.30563056468963623
YBR082C,YNR015W,0,-0.6509237,0.12079378962516785,0.4195804297924042,0.30573058128356934
YGR183C,YNL091W,0,-0.65105534,0.12075905501842499,0.4195804297924042,0.30583059787750244
YJL171C,YPR152C,0,-0.65109694,0.12072434276342392,0.4195804297924042,0.30593058466911316
YMR272C,YDR037W,0,-0.65116405,0.12068965286016464,0.4195804297924042,0.30603060126304626
YNL021W,YJR135W-A,0,-0.6512568,0.12065498530864716,0.4195804297924042,0.30613061785697937
YLR163C,YER044C,0,-0.6512781,0.12062033265829086,0.4195804297924042,0.3062306344509125
YBR057C,YBR289W,0,-0.6515182,0.12058570235967636,0.4195804297924042,0.3063306212425232
YJR028W,YNL099C,0,-0.6516495,0.12055109441280365,0.4195804297924042,0.3064306378364563
YEL047C,YDR477W,0,-0.6516667,0.12051650136709213,0.4195804297924042,0.3065306544303894
YLR364W,YIR006C,0,-0.6518465,0.1204819306731224,0.4195804297924042,0.3066306710243225
YML014W,YJL102W,0,-0.6518832,0.12044737488031387,0.4195804297924042,0.3067306876182556
YBR001C,YML052W,0,-0.6519976,0.12041284143924713,0.4195804297924042,0.30683067440986633
YHR109W,YOL092W,0,-0.65207934,0.12037833034992218,0.4195804297924042,0.30693069100379944
YDR001C,YKL046C,1,-0.6521232,0.12063037604093552,0.4205794334411621,0.30693069100379944
YLR388W,YML019W,0,-0.6521331,0.12059582024812698,0.4205794334411621,0.30703070759773254
YGR249W,YLR389C,0,-0.6521449,0.12056127935647964,0.4205794334411621,0.30713072419166565
YBR022W,YLR016C,0,-0.6523008,0.1205267682671547,0.4205794334411621,0.30723071098327637
YDR034C,YDL007W,0,-0.652362,0.12049227207899094,0.4205794334411621,0.3073307275772095
YHR147C,YGR105W,0,-0.65237236,0.12045779824256897,0.4205794334411621,0.3074307441711426
YLR229C,YGR033C,0,-0.65237683,0.1204233393073082,0.4205794334411621,0.3075307607650757
YOR361C,YJR133W,0,-0.6523931,0.12038890272378922,0.4205794334411621,0.3076307773590088
YGR279C,YBR056W,1,-0.6524029,0.12064036726951599,0.42157840728759766,0.3076307773590088
YLR265C,YNL061W,0,-0.6524136,0.12060588598251343,0.42157840728759766,0.3077307641506195
YPL103C,YMR025W,0,-0.652639,0.12057142704725266,0.42157840728759766,0.3078307807445526
YGL181W,YDL115C,0,-0.6527202,0.12053699046373367,0.42157840728759766,0.3079307973384857
YLR034C,YHR079C-A,0,-0.65274614,0.12050256878137589,0.42157840728759766,0.3080308139324188
YJR160C,YGR227W,0,-0.65284985,0.12046816945075989,0.42157840728759766,0.30813080072402954
YBR056W,YDR261C,1,-0.6529451,0.12071917951107025,0.4225774109363556,0.30813080072402954
YOL041C,YFR055W,0,-0.6530801,0.12068473547697067,0.4225774109363556,0.30823081731796265
YER190W,YPL259C,0,-0.6531204,0.12065031379461288,0.4225774109363556,0.30833083391189575
YLR291C,YDR032C,0,-0.6531825,0.12061591446399689,0.4225774109363556,0.30843085050582886
YMR284W,YDR247W,0,-0.65320086,0.12058153003454208,0.4225774109363556,0.30853086709976196
YEL047C,YBL074C,0,-0.65325886,0.12054716795682907,0.4225774109363556,0.3086308538913727
YCL034W,YER168C,0,-0.65337986,0.12051282078027725,0.4225774109363556,0.3087308704853058
YDR443C,YMR289W,0,-0.65357167,0.12047849595546722,0.4225774109363556,0.3088308870792389
YPL103C,YBR204C,0,-0.65358424,0.12044419348239899,0.4225774109363556,0.308930903673172
YJR158W,YMR046C,0,-0.6536453,0.12040990591049194,0.4225774109363556,0.3090308904647827
YMR228W,YOR151C,0,-0.653725,0.12037564069032669,0.4225774109363556,0.3091309070587158
YPL127C,YGL257C,0,-0.65373117,0.12034139037132263,0.4225774109363556,0.3092309236526489
YDR001C,YNR067C,1,-0.6538388,0.12059158086776733,0.4235764145851135,0.3092309236526489
YLR096W,YKR042W,0,-0.65384865,0.12055729329586029,0.4235764145851135,0.30933094024658203
YPL281C,YOL139C,0,-0.6538613,0.12052302807569504,0.4235764145851135,0.30943095684051514
YGL156W,YLR286C,1,-0.6538619,0.12077295035123825,0.42457541823387146,0.30943095684051514
YJL136C,YER140W,0,-0.6539276,0.12073863297700882,0.42457541823387146,0.30953094363212585
YGR292W,YEL011W,1,-0.6540971,0.12098835408687592,0.4255744218826294,0.30953094363212585
YNL327W,YDR221W,1,-0.654168,0.12123793363571167,0.42657342553138733,0.30953094363212585
YOL019W,YLL041C,0,-0.6542988,0.12120351940393448,0.42657342553138733,0.30963096022605896
YCR010C,YGL013C,0,-0.6543242,0.12116912752389908,0.42657342553138733,0.30973097681999207
YBL040C,YEL004W,0,-0.65435994,0.12113475054502487,0.42657342553138733,0.30983099341392517
YLR213C,YPR184W,1,-0.6544009,0.12138400226831436,0.42757242918014526,0.30983099341392517
YFL047W,YBR030W,0,-0.6544074,0.12134958803653717,0.42757242918014526,0.3099309802055359
YOL065C,YFL062W,0,-0.65449095,0.12131519615650177,0.42757242918014526,0.310030996799469
YDL112W,YJR010W,0,-0.65453047,0.12128081917762756,0.42757242918014526,0.3101310133934021
YLR213C,YIL172C,1,-0.6546361,0.12152974307537079,0.4285714328289032,0.3101310133934021
YPR164W,YJL121C,0,-0.6547257,0.1214953288435936,0.4285714328289032,0.3102310299873352
YMR016C,YGR247W,0,-0.65483916,0.1214609295129776,0.4285714328289032,0.3103310465812683
YGR240C,YJR139C,0,-0.6548394,0.1214265525341034,0.4285714328289032,0.31043103337287903
YML015C,YER117W,0,-0.6548963,0.12139219045639038,0.4285714328289032,0.31053104996681213
YOR369C,YOL018C,0,-0.6550272,0.12135785073041916,0.4285714328289032,0.31063106656074524
YMR247C,YKL035W,0,-0.65518105,0.12132352590560913,0.4285714328289032,0.31073108315467834
YGR152C,YJL048C,0,-0.6552213,0.12128923088312149,0.4285714328289032,0.31083106994628906
YBR276C,YBR201W,0,-0.6552309,0.12125494331121445,0.4285714328289032,0.31093108654022217
YGL051W,YER111C,0,-0.6552627,0.12122068554162979,0.4285714328289032,0.3110311031341553
YLR395C,YCR023C,0,-0.6552673,0.12118644267320633,0.4285714328289032,0.3111311197280884
YML039W,YLR005W,0,-0.6554972,0.12115221470594406,0.4285714328289032,0.3112311363220215
YGL224C,YBL050W,0,-0.655502,0.12111800909042358,0.4285714328289032,0.3113311231136322
YJL019W,YOR288C,0,-0.65587854,0.1210838258266449,0.4285714328289032,0.3114311397075653
YMR293C,YPR052C,0,-0.65590537,0.121049664914608,0.4285714328289032,0.3115311563014984
YPR070W,YGR008C,0,-0.65608394,0.1210155114531517,0.4285714328289032,0.3116311728954315
YDL140C,YOR204W,0,-0.65609735,0.12098138779401779,0.4285714328289032,0.31173115968704224
YJR145C,YAL042W,0,-0.6563201,0.12094727903604507,0.4285714328289032,0.31183117628097534
YGL002W,YNL090W,0,-0.65635943,0.12091319262981415,0.4285714328289032,0.31193119287490845
YPL026C,YHR011W,0,-0.6564189,0.12087912112474442,0.4285714328289032,0.31203120946884155
YCR087C-A,YHR168W,0,-0.65666175,0.12084507197141647,0.4285714328289032,0.31213122606277466
YGR279C,YPL252C,0,-0.6567874,0.12081103771924973,0.4285714328289032,0.3122312128543854
YMR006C,YJR088C,0,-0.6572722,0.12077702581882477,0.4285714328289032,0.3123312294483185
YDR173C,YPR113W,0,-0.65729856,0.1207430362701416,0.4285714328289032,0.3124312460422516
YGL023C,YIL078W,0,-0.6573009,0.12070906162261963,0.4285714328289032,0.3125312626361847
YNR031C,YFR044C,0,-0.65731037,0.12067510187625885,0.4285714328289032,0.3126312494277954
YBR293W,YCR047C,0,-0.6573806,0.12064117193222046,0.4285714328289032,0.3127312660217285
YKL222C,YBR067C,0,-0.65743685,0.12060725688934326,0.4285714328289032,0.3128312826156616
YHR160C,YHR031C,0,-0.65754235,0.12057335674762726,0.4285714328289032,0.3129312992095947
YMR314W,YPL252C,0,-0.65754855,0.12053947895765305,0.4285714328289032,0.31303131580352783
YMR159C,YOR317W,0,-0.6576336,0.12050561606884003,0.4285714328289032,0.31313130259513855
YNR039C,YOR339C,0,-0.6578395,0.1204717755317688,0.4285714328289032,0.31323131918907166
YBR299W,YGR287C,1,-0.6579029,0.12071869522333145,0.42957043647766113,0.31323131918907166
YLR144C,YIL172C,1,-0.6580849,0.12096548080444336,0.43056944012641907,0.31323131918907166
YBR035C,YNL329C,0,-0.6581348,0.12093153595924377,0.43056944012641907,0.31333133578300476
YDR492W,YDL058W,0,-0.6584873,0.12089761346578598,0.43056944012641907,0.31343135237693787
YHR115C,YOL139C,0,-0.6585442,0.12086371332406998,0.43056944012641907,0.3135313391685486
YJR057W,YNL058C,0,-0.65855086,0.12082982808351517,0.43056944012641907,0.3136313557624817
YBL003C,YDR109C,0,-0.65875024,0.12079596519470215,0.43056944012641907,0.3137313723564148
YDL130W,YPR004C,0,-0.6587976,0.12076211720705032,0.43056944012641907,0.3138313889503479
YBR058C,YJL206C,0,-0.6587992,0.12072829157114029,0.43056944012641907,0.313931405544281
YJL025W,YMR273C,0,-0.6588571,0.12069448083639145,0.43056944012641907,0.3140313923358917
YBL076C,YEL011W,0,-0.65889204,0.1206606924533844,0.43056944012641907,0.31413140892982483
YOL113W,YOR290C,0,-0.6594172,0.12062692642211914,0.43056944012641907,0.31423142552375793
YMR017W,YMR075W,0,-0.6594955,0.12059317529201508,0.43056944012641907,0.31433144211769104
YPR184W,YIR007W,1,-0.6595652,0.12083916366100311,0.431568443775177,0.31433144211769104
YML070W,YEL034W,0,-0.6597898,0.12080536782741547,0.431568443775177,0.31443142890930176
YOR306C,YPL269W,0,-0.6598712,0.12077159434556961,0.431568443775177,0.31453144550323486
YPL187W,YGR056W,0,-0.6600205,0.12073784321546555,0.431568443775177,0.31463146209716797
YIL093C,YJR066W,0,-0.66006625,0.12070410698652267,0.431568443775177,0.3147314786911011
YNL327W,YMR238W,1,-0.66016793,0.12094972282648087,0.43256744742393494,0.3147314786911011
YDR142C,YER055C,0,-0.66032016,0.12091594189405441,0.43256744742393494,0.3148314952850342
YGR279C,YBR299W,1,-0.66057044,0.12116136401891708,0.4335664212703705,0.3148314952850342
YJL200C,YOL071W,0,-0.6605945,0.12112754583358765,0.4335664212703705,0.3149314820766449
YOR148C,YDR378C,0,-0.6607684,0.12109375,0.4335664212703705,0.315031498670578
YFR009W,YKL125W,0,-0.66086936,0.12105996906757355,0.4335664212703705,0.3151315152645111
YER169W,YOR126C,0,-0.661145,0.12102621048688889,0.4335664212703705,0.3152315318584442
YDR139C,YDL206W,0,-0.6612039,0.12099247425794601,0.4335664212703705,0.31533151865005493
YPL022W,YBL106C,0,-0.66130894,0.12095875293016434,0.4335664212703705,0.31543153524398804
YMR037C,YPR198W,0,-0.66135,0.12092504650354385,0.4335664212703705,0.31553155183792114
YJR077C,YOR205C,0,-0.6614434,0.12089136242866516,0.4335664212703705,0.31563156843185425
YDL101C,YNR015W,0,-0.6614592,0.12085770070552826,0.4335664212703705,0.31573158502578735
YHR209W,YGR008C,0,-0.66148996,0.12082405388355255,0.4335664212703705,0.31583157181739807
YER174C,YDR534C,0,-0.66154504,0.12079042941331863,0.4335664212703705,0.3159315884113312
YGR279C,YGR287C,1,-0.6615563,0.12103506177663803,0.4345654249191284,0.3159315884113312
YPR160W,YKL017C,0,-0.6615735,0.12100139260292053,0.4345654249191284,0.3160316050052643
YER048W-A,YPL144W,0,-0.6615914,0.12096773833036423,0.4345654249191284,0.3161316215991974
YHR171W,YPR181C,0,-0.6616076,0.12093411386013031,0.4345654249191284,0.3162316083908081
YBR001C,YGR287C,1,-0.66195154,0.12117843329906464,0.43556442856788635,0.3162316083908081
YGL212W,YKL178C,0,-0.662103,0.12114476412534714,0.43556442856788635,0.3163316249847412
YML060W,YPR184W,1,-0.6621364,0.12138888984918594,0.4365634322166443,0.3163316249847412
YPL113C,YPL074W,0,-0.6621645,0.12135517597198486,0.4365634322166443,0.3164316415786743
YPR054W,YDL184C,0,-0.662184,0.12132148444652557,0.4365634322166443,0.3165316581726074
YGL187C,YJR101W,0,-0.6623324,0.12128781527280807,0.4365634322166443,0.3166316747665405
YHR005C-A,YBR150C,0,-0.66234565,0.12125416100025177,0.4365634322166443,0.31673166155815125
YOL039W,YNL305C,0,-0.6623917,0.12122052907943726,0.4365634322166443,0.31683167815208435
YER002W,YKL209C,0,-0.6625749,0.12118691205978394,0.4365634322166443,0.31693169474601746
YDL178W,YBL018C,0,-0.6626048,0.12115330994129181,0.4365634322166443,0.31703171133995056
YHL027W,YNL310C,0,-0.66262674,0.12111973762512207,0.4365634322166443,0.31713172793388367
YGL028C,YEL011W,1,-0.66305435,0.12136325985193253,0.4375624358654022,0.31713172793388367
YBR097W,YPL232W,0,-0.66326505,0.1213296428322792,0.4375624358654022,0.3172317147254944
YDL179W,YOR323C,0,-0.6633371,0.12129604071378708,0.4375624358654022,0.3173317313194275
YLR205C,YDR258C,0,-0.66337323,0.12126246094703674,0.4375624358654022,0.3174317479133606
YIL162W,YDL212W,0,-0.6634402,0.1212288960814476,0.4375624358654022,0.3175317645072937
YGR152C,YHR141C,0,-0.6634502,0.12119535356760025,0.4375624358654022,0.3176317512989044
YAL015C,YIL172C,1,-0.66345656,0.12143845111131668,0.43856143951416016,0.3176317512989044
YPR201W,YOL157C,0,-0.66350037,0.12140486389398575,0.43856143951416016,0.3177317678928375
YCL024W,YMR306W,0,-0.6635308,0.1213712990283966,0.43856143951416016,0.31783178448677063
YGR104C,YDR322C-A,0,-0.66359997,0.12133775651454926,0.43856143951416016,0.31793180108070374
YMR030W,YAL012W,0,-0.66360164,0.1213042289018631,0.43856143951416016,0.31803181767463684
YMR194W,YDL017W,0,-0.6636071,0.12127071619033813,0.43856143951416016,0.31813180446624756
YDR378C,YGR121C,0,-0.66374165,0.12123722583055496,0.43856143951416016,0.31823182106018066
YLL050C,YNL169C,0,-0.6637573,0.12120375782251358,0.43856143951416016,0.31833183765411377
YHR143W,YBR056W,1,-0.6639086,0.12144631892442703,0.4395604431629181,0.31833183765411377
YBR297W,YPL143W,0,-0.6639838,0.12141280621290207,0.4395604431629181,0.3184318542480469
YCR088W,YBL045C,0,-0.664278,0.1213793084025383,0.4395604431629181,0.3185318410396576
YDR058C,YJL149W,0,-0.6642885,0.12134583294391632,0.4395604431629181,0.3186318576335907
YDR163W,YHR005C-A,0,-0.66438603,0.12131237983703613,0.4395604431629181,0.3187318742275238
YNL050C,YDR252W,0,-0.66445273,0.12127894163131714,0.4395604431629181,0.3188318908214569
YLR440C,YGR292W,0,-0.66448104,0.12124552577733994,0.4395604431629181,0.31893190741539
YDL141W,YER087W,0,-0.6645876,0.12121212482452393,0.4395604431629181,0.31903189420700073
YMR026C,YNL078W,0,-0.6647899,0.12117873877286911,0.4395604431629181,0.31913191080093384
YEL040W,YBR056W,1,-0.66519654,0.12142070382833481,0.440559446811676,0.31913191080093384
YLR192C,YBR058C-A,0,-0.66531366,0.12138728052377701,0.440559446811676,0.31923192739486694
YPL186C,YDR140W,0,-0.6654683,0.121353879570961,0.440559446811676,0.31933194398880005
YER042W,YML118W,0,-0.6654726,0.12132049351930618,0.440559446811676,0.31943193078041077
YBR198C,YHR166C,0,-0.6655921,0.12128712981939316,0.440559446811676,0.31953194737434387
YLR170C,YIL145C,0,-0.6656383,0.12125378102064133,0.440559446811676,0.319631963968277
YDL039C,YLR376C,0,-0.6660703,0.12122044712305069,0.440559446811676,0.3197319805622101
YDR520C,YLR283W,0,-0.6662476,0.12118714302778244,0.440559446811676,0.3198319971561432
YBR020W,YKL007W,0,-0.66632277,0.12115384638309479,0.440559446811676,0.3199319839477539
YLL011W,YDL006W,0,-0.6663555,0.12112057209014893,0.440559446811676,0.320032000541687
YNL035C,YBR105C,0,-0.6664787,0.12108731269836426,0.440559446811676,0.3201320171356201
YBR299W,YIL172C,1,-0.666485,0.12132857739925385,0.44155845046043396,0.3201320171356201
YGL162W,YOL156W,0,-0.6667793,0.12129528075456619,0.44155845046043396,0.3202320337295532
YOR384W,YEL017C-A,0,-0.66686624,0.12126200646162033,0.44155845046043396,0.32033202052116394
YDR069C,YNR006W,0,-0.6669211,0.12122874706983566,0.44155845046043396,0.32043203711509705
YBR241C,YML060W,0,-0.6671517,0.12119550257921219,0.44155845046043396,0.32053205370903015
YFR052W,YNR060W,0,-0.6673581,0.1211622804403305,0.44155845046043396,0.32063207030296326
YDR221W,YNL066W,1,-0.66739464,0.12140312045812607,0.4425574541091919,0.32063207030296326
YGL027C,YMR238W,1,-0.6674062,0.12164383381605148,0.44355645775794983,0.32063207030296326
YIL023C,YOR212W,0,-0.6674291,0.12161051481962204,0.44355645775794983,0.32073208689689636
YNR050C,YCL014W,0,-0.66747075,0.12157721817493439,0.44355645775794983,0.3208320736885071
YNR054C,YLR264W,0,-0.667482,0.12154393643140793,0.44355645775794983,0.3209320902824402
YHL032C,YDR194C,0,-0.6675569,0.12151066958904266,0.44355645775794983,0.3210321068763733
YHR041C,YDR402C,0,-0.66758335,0.12147742509841919,0.44355645775794983,0.3211321234703064
YNL335W,YGL244W,0,-0.6676226,0.1214442029595375,0.44355645775794983,0.3212321102619171
YKL172W,YNR074C,0,-0.667656,0.12141099572181702,0.44355645775794983,0.3213321268558502
YOL016C,YKR097W,0,-0.66769534,0.12137780338525772,0.44355645775794983,0.3214321434497833
YPR072W,YMR127C,0,-0.6677158,0.12134463340044022,0.44355645775794983,0.32153216004371643
YGR295C,YGR087C,0,-0.6677365,0.1213114783167839,0.44355645775794983,0.32163217663764954
YDR033W,YNL080C,0,-0.66782475,0.12127833813428879,0.44355645775794983,0.32173216342926025
YLR452C,YMR122W-A,0,-0.66783607,0.12124522030353546,0.44355645775794983,0.32183218002319336
YOR298C-A,YKL013C,0,-0.6678925,0.12121212482452393,0.44355645775794983,0.32193219661712646
YOL127W,YHR143W,0,-0.6679832,0.12117903679609299,0.44355645775794983,0.32203221321105957
YER087W,YOL139C,0,-0.6679833,0.12114597856998444,0.44355645775794983,0.3221322000026703
YMR116C,YOR256C,0,-0.66799223,0.12111292779445648,0.44355645775794983,0.3222322165966034
YEL029C,YBL074C,0,-0.6679962,0.12107989937067032,0.44355645775794983,0.3223322331905365
YMR238W,YIL099W,1,-0.6684213,0.12131951749324799,0.4445554316043854,0.3223322331905365
YML060W,YJL221C,1,-0.6685835,0.1215590089559555,0.4455544352531433,0.3223322331905365
YBR040W,YDL097C,0,-0.66869396,0.12152588367462158,0.4455544352531433,0.3224322497844696
YGL027C,YBR001C,1,-0.66869485,0.12176518887281418,0.44655343890190125,0.3224322497844696
YGL186C,YDL174C,0,-0.668733,0.12173202633857727,0.44655343890190125,0.3225322663784027
YJR131W,YIL172C,1,-0.668735,0.12197113782167435,0.4475524425506592,0.3225322663784027
YMR061W,YJL108C,0,-0.66882277,0.12193794548511505,0.4475524425506592,0.3226322531700134
YLR410W,YOR351C,0,-0.66887116,0.12190476059913635,0.4475524425506592,0.32273226976394653
YBL010C,YMR014W,0,-0.6690241,0.12187159806489944,0.4475524425506592,0.32283228635787964
YNR031C,YDL212W,0,-0.6695802,0.12183845788240433,0.4475524425506592,0.32293230295181274
YCR069W,YPL211W,0,-0.66960007,0.1218053326010704,0.4475524425506592,0.32303228974342346
YFL001W,YKL086W,0,-0.66961676,0.12177222222089767,0.4475524425506592,0.32313230633735657
YPR082C,YER073W,0,-0.66963446,0.12173912674188614,0.4475524425506592,0.3232323229312897
YLR368W,YOR355W,0,-0.6696402,0.12170606106519699,0.4475524425506592,0.3233323395252228
YJR002W,YIL132C,0,-0.6704041,0.12167300283908844,0.4475524425506592,0.3234323561191559
YML121W,YLR157C,0,-0.67044985,0.12163996696472168,0.4475524425506592,0.3235323429107666
YLR275W,YPL113C,0,-0.670519,0.12160694599151611,0.4475524425506592,0.3236323595046997
YAL054C,YHR036W,0,-0.6705619,0.12157394737005234,0.4475524425506592,0.3237323760986328
YMR086W,YIL044C,0,-0.6706776,0.12154096364974976,0.4475524425506592,0.3238323926925659
YIL162W,YLR057W,1,-0.6706941,0.12177922576665878,0.4485514461994171,0.3238323926925659
YGL079W,YML039W,0,-0.6707163,0.12174620479345322,0.4485514461994171,0.32393237948417664
YJL090C,YPL180W,0,-0.6708434,0.12171319872140884,0.4485514461994171,0.32403239607810974
YMR276W,YCR034W,0,-0.67105114,0.12168021500110626,0.4485514461994171,0.32413241267204285
YDR313C,YER011W,0,-0.6712724,0.12164725363254547,0.4485514461994171,0.32423242926597595
YDR069C,YMR295C,0,-0.67131495,0.12161429971456528,0.4485514461994171,0.32433244585990906
YOR182C,YDR392W,0,-0.6713228,0.12158136814832687,0.4485514461994171,0.3244324326515198
YNL098C,YLR145W,0,-0.67135805,0.12154845893383026,0.4485514461994171,0.3245324492454529
YPR181C,YOL101C,0,-0.6713822,0.12151556462049484,0.4485514461994171,0.324632465839386
YKL088W,YNL169C,0,-0.67138636,0.12148268520832062,0.4485514461994171,0.3247324824333191
YPR196W,YLR427W,0,-0.6715706,0.12144982069730759,0.4485514461994171,0.3248324692249298
YJR077C,YPR072W,0,-0.6715865,0.12141697853803635,0.4485514461994171,0.3249324858188629
YGL120C,YOL165C,0,-0.6719666,0.1213841587305069,0.4485514461994171,0.325032502412796
YDR184C,YDR017C,0,-0.67197144,0.12135135382413864,0.4485514461994171,0.3251325190067291
YOR190W,YDR001C,1,-0.6721586,0.12158875912427902,0.44955044984817505,0.3251325190067291
YML087C,YOR066W,0,-0.6722325,0.12155591696500778,0.44955044984817505,0.32523253560066223
YJR010W,YJR066W,0,-0.6722357,0.12152308970689774,0.44955044984817505,0.32533252239227295
YIL067C,YGR145W,0,-0.6722569,0.12149027734994888,0.44955044984817505,0.32543253898620605
YBR223C,YAL062W,0,-0.67237,0.12145748734474182,0.44955044984817505,0.32553255558013916
YPL220W,YBL026W,0,-0.6723971,0.12142471969127655,0.44955044984817505,0.32563257217407227
YPR035W,YDR307W,0,-0.67239934,0.12139195948839188,0.44955044984817505,0.325732558965683
YJL103C,YOR155C,0,-0.672456,0.12135922163724899,0.44955044984817505,0.3258325755596161
YDL004W,YPR004C,0,-0.67254955,0.1213265061378479,0.44955044984817505,0.3259325921535492
YLR133W,YAL053W,0,-0.67255723,0.1212937980890274,0.44955044984817505,0.3260326087474823
YJR158W,YOR367W,0,-0.6726736,0.1212611123919487,0.44955044984817505,0.3261326253414154
YOL054W,YOR355W,0,-0.6727119,0.12122844904661179,0.44955044984817505,0.3262326121330261
YNL053W,YIR021W,0,-0.672771,0.12119580060243607,0.44955044984817505,0.32633262872695923
YOR092W,YDR285W,0,-0.6728839,0.12116316705942154,0.44955044984817505,0.32643264532089233
YCR079W,YDL130W,0,-0.67288864,0.1211305484175682,0.44955044984817505,0.32653266191482544
YFL002W-A,YBR136W,0,-0.67289656,0.12109795212745667,0.44955044984817505,0.32663264870643616
YJR058C,YOR255W,0,-0.67321277,0.12106537818908691,0.44955044984817505,0.32673266530036926
YGR132C,YOR340C,0,-0.6733117,0.12103281170129776,0.44955044984817505,0.32683268189430237
YNL027W,YBR203W,0,-0.6733607,0.1210002675652504,0.44955044984817505,0.3269326984882355
YJL221C,YJR153W,1,-0.67342496,0.12123656272888184,0.450549453496933,0.3269326984882355
YLR403W,YPL088W,0,-0.67344606,0.12120397388935089,0.450549453496933,0.3270327150821686
YLR081W,YOR098C,0,-0.67351115,0.12117141485214233,0.450549453496933,0.3271327018737793
YNL217W,YDR541C,0,-0.67353946,0.12113886326551437,0.450549453496933,0.3272327184677124
YGR279C,YLR286C,1,-0.673555,0.12137486785650253,0.4515484571456909,0.3272327184677124
YMR160W,YHR105W,0,-0.67381394,0.12134227901697159,0.4515484571456909,0.3273327350616455
YDL028C,YIL076W,0,-0.6738582,0.12130971252918243,0.4515484571456909,0.3274327516555786
YAL033W,YGR163W,0,-0.6740076,0.12127716839313507,0.4515484571456909,0.32753273844718933
YOR310C,YMR051C,0,-0.67430216,0.1212446317076683,0.4515484571456909,0.32763275504112244
YGL161C,YDR447C,0,-0.6744052,0.12121212482452393,0.4515484571456909,0.32773277163505554
YER180C,YBL005W-A,0,-0.67444915,0.12117962539196014,0.4515484571456909,0.32783278822898865
YMR186W,YPL005W,0,-0.6745879,0.12114714831113815,0.4515484571456909,0.32793280482292175
YGR215W,YLR441C,0,-0.6747429,0.12111468613147736,0.4515484571456909,0.32803279161453247
YGR279C,YNR067C,1,-0.6748981,0.12135011702775955,0.45254746079444885,0.32803279161453247
YKR045C,YPL009C,0,-0.67497385,0.12131762504577637,0.45254746079444885,0.3281328082084656
YGR172C,YPL028W,0,-0.67500794,0.12128514051437378,0.45254746079444885,0.3282328248023987
YDL101C,YBR104W,0,-0.6751574,0.12125267833471298,0.45254746079444885,0.3283328413963318
YLR089C,YHR135C,0,-0.67518026,0.12122023105621338,0.45254746079444885,0.3284328579902649
YKL053C-A,YLR095C,0,-0.6755503,0.12118779867887497,0.45254746079444885,0.3285328447818756
YLR147C,YER070W,0,-0.6755554,0.12115538865327835,0.45254746079444885,0.3286328613758087
YMR305C,YGR292W,1,-0.6755619,0.12139037251472473,0.4535464644432068,0.3286328613758087
YLL032C,YKL130C,0,-0.67561847,0.12135792523622513,0.4535464644432068,0.3287328779697418
YGR091W,YCR098C,0,-0.6758261,0.12132549285888672,0.4535464644432068,0.3288328945636749
YKR057W,YIR035C,0,-0.67583454,0.1212930828332901,0.4535464644432068,0.32893288135528564
YPR124W,YGL173C,0,-0.6761297,0.12126068025827408,0.4535464644432068,0.32903289794921875
YMR046C,YPL045W,0,-0.6761388,0.12122830748558044,0.4535464644432068,0.32913291454315186
YLR213C,YCL057W,0,-0.67622435,0.12119594216346741,0.4535464644432068,0.32923293113708496
YOR287C,YMR273C,0,-0.6762807,0.12116359919309616,0.4535464644432068,0.32933294773101807
YDR167W,YGR113W,0,-0.6762858,0.12113127112388611,0.4535464644432068,0.3294329345226288
YGR275W,YLR344W,0,-0.67633915,0.12109895795583725,0.4535464644432068,0.3295329511165619
YBR077C,YHR164C,0,-0.67642486,0.12106666713953018,0.4535464644432068,0.329632967710495
YPL241C,YDR311W,0,-0.67643225,0.12103439122438431,0.4535464644432068,0.3297329843044281
YPR066W,YNL258C,0,-0.6764754,0.12100213021039963,0.4535464644432068,0.3298329710960388
YNR070W,YLR157C,0,-0.67668605,0.12096989154815674,0.4535464644432068,0.3299329876899719
YEL011W,YAL047C,0,-0.67674863,0.12093766778707504,0.4535464644432068,0.33003300428390503
YOR198C,YBL011W,0,-0.67687863,0.12090545892715454,0.4535464644432068,0.33013302087783813
YOR063W,YBL034C,0,-0.6768879,0.12087327241897583,0.4535464644432068,0.33023303747177124
YKL024C,YPL020C,0,-0.6769137,0.12084109336137772,0.4535464644432068,0.33033302426338196
YHL019C,YOR043W,0,-0.677077,0.12080894410610199,0.4535464644432068,0.33043304085731506
YHR018C,YFL010W-A,0,-0.67713094,0.12077680230140686,0.4535464644432068,0.33053305745124817
YOL060C,YDL170W,0,-0.67717946,0.12074468284845352,0.4535464644432068,0.3306330740451813
YPL065W,YHR018C,0,-0.6772995,0.12071257829666138,0.4535464644432068,0.330733060836792
YBL041W,YML075C,0,-0.6774018,0.12068048864603043,0.4535464644432068,0.3308330774307251
YOR295W,YDL231C,0,-0.6774366,0.12064842134714127,0.4535464644432068,0.3309330940246582
YKR045C,YOR332W,0,-0.67796326,0.1206163689494133,0.4535464644432068,0.3310331106185913
YLR213C,YEL011W,1,-0.6781068,0.12084993720054626,0.4545454680919647,0.3310331106185913
YGR292W,YPR184W,1,-0.6782232,0.12108337879180908,0.45554444193840027,0.3310331106185913
YLR213C,YBL034C,0,-0.67838323,0.12105123698711395,0.45554444193840027,0.3311331272125244
YLR343W,YPR151C,0,-0.67850184,0.12101911008358002,0.45554444193840027,0.33123311400413513
YML125C,YKR028W,0,-0.67852867,0.12098699808120728,0.45554444193840027,0.33133313059806824
YNL304W,YKL166C,0,-0.6786772,0.12095490843057632,0.45554444193840027,0.33143314719200134
YMR143W,YBR033W,0,-0.6787139,0.12092283368110657,0.45554444193840027,0.33153316378593445
YIL004C,YLR097C,0,-0.6787259,0.120890773832798,0.45554444193840027,0.33163315057754517
YJL097W,YBL112C,0,-0.6787615,0.12085873633623123,0.45554444193840027,0.33173316717147827
YHR076W,YBL026W,0,-0.678908,0.12082670629024506,0.45554444193840027,0.3318331837654114
YBL082C,YOR144C,0,-0.6790603,0.12079469859600067,0.45554444193840027,0.3319332003593445
YIL131C,YKR081C,0,-0.67914283,0.12076271325349808,0.45554444193840027,0.3320332169532776
YDR153C,YBR083W,0,-0.679267,0.12073073536157608,0.45554444193840027,0.3321332037448883
YJR004C,YBR286W,0,-0.67936665,0.12069877982139587,0.45554444193840027,0.3322332203388214
YHR135C,YAL042W,0,-0.67940044,0.12066684663295746,0.45554444193840027,0.3323332369327545
YAL022C,YHR132C,0,-0.67956614,0.12063492089509964,0.45554444193840027,0.3324332535266876
YNL160W,YDR420W,0,-0.6796722,0.12060301750898361,0.45554444193840027,0.33253324031829834
YDR090C,YGL179C,0,-0.6798407,0.12057112902402878,0.45554444193840027,0.33263325691223145
YDR338C,YER039C,0,-0.67985207,0.12053925544023514,0.45554444193840027,0.33273327350616455
YLR035C-A,YHR092C,0,-0.67992145,0.12050739675760269,0.45554444193840027,0.33283329010009766
YDR348C,YBR271W,0,-0.67996824,0.12047556042671204,0.45554444193840027,0.33293330669403076
YER169W,YOR196C,0,-0.68022466,0.12044373899698257,0.45554444193840027,0.3330332934856415
YBR044C,YGR049W,0,-0.6803813,0.1204119324684143,0.45554444193840027,0.3331333100795746
YPR151C,YGR089W,0,-0.68043685,0.12038014829158783,0.45554444193840027,0.3332333266735077
YML114C,YGR261C,0,-0.68050367,0.12034837901592255,0.45554444193840027,0.3333333432674408
YMR030W,YJR152W,0,-0.6805849,0.12031662464141846,0.45554444193840027,0.3334333300590515
YBL040C,YPR083W,0,-0.6807863,0.12028488516807556,0.45554444193840027,0.3335333466529846
YLR144C,YDR261C,1,-0.6809004,0.12051688134670258,0.4565434455871582,0.3335333466529846
YGR287C,YGR292W,1,-0.6810707,0.12074875086545944,0.45754244923591614,0.3335333466529846
YEL047C,YGL191W,0,-0.68112075,0.12071692198514938,0.45754244923591614,0.3336333632469177
YCR048W,YBR291C,0,-0.6812992,0.12068511545658112,0.45754244923591614,0.33373337984085083
YNL014W,YLR308W,0,-0.6813306,0.12065331637859344,0.45754244923591614,0.33383339643478394
YGL031C,YCL026C-A,0,-0.68133336,0.12062153965234756,0.45754244923591614,0.33393338322639465
YDR341C,YDR392W,0,-0.6813972,0.12058978527784348,0.45754244923591614,0.33403339982032776
YER014C-A,YBR057C,0,-0.68142915,0.12055803835391998,0.45754244923591614,0.33413341641426086
YIL067C,YGL183C,0,-0.68147993,0.12052631378173828,0.45754244923591614,0.33423343300819397
YDR033W,YNL148C,0,-0.68149525,0.12049460411071777,0.45754244923591614,0.3343334197998047
YJL066C,YKR068C,0,-0.68150705,0.12046291679143906,0.45754244923591614,0.3344334363937378
YNL139C,YJL198W,0,-0.6816115,0.12043123692274094,0.45754244923591614,0.3345334529876709
YGL033W,YML110C,0,-0.6816162,0.1203995794057846,0.45754244923591614,0.334633469581604
YDL207W,YMR117C,0,-0.68170404,0.12036793678998947,0.45754244923591614,0.3347334861755371
YPL122C,YNL095C,0,-0.6818117,0.12033630907535553,0.45754244923591614,0.3348334729671478
YDR481C,YOR261C,0,-0.6818837,0.12030470371246338,0.45754244923591614,0.33493348956108093
YEL031W,YDL061C,0,-0.68188995,0.12027310580015182,0.45754244923591614,0.33503350615501404
YOL068C,YML088W,0,-0.68209195,0.12024153023958206,0.45754244923591614,0.33513352274894714
YDL232W,YHR136C,0,-0.68209296,0.12020997703075409,0.45754244923591614,0.33523350954055786
YIL172C,YOR084W,0,-0.6821096,0.12017843127250671,0.45754244923591614,0.33533352613449097
YOR077W,YMR067C,0,-0.682273,0.12014690786600113,0.45754244923591614,0.3354335427284241
YCR066W,YOL142W,0,-0.68230784,0.12011539191007614,0.45754244923591614,0.3355335593223572
YAL054C,YHR010W,0,-0.6823634,0.12008389830589294,0.45754244923591614,0.3356335759162903
YMR021C,YCR002C,0,-0.68244827,0.12005242705345154,0.45754244923591614,0.335733562707901
YBR264C,YMR170C,0,-0.68247056,0.12002096325159073,0.45754244923591614,0.3358335793018341
YJR060W,YOR287C,0,-0.68251085,0.11998952180147171,0.45754244923591614,0.3359335958957672
YLR070C,YAL063C,0,-0.68276465,0.11995809525251389,0.45754244923591614,0.3360336124897003
YPL081W,YGL135W,0,-0.68290323,0.11992668360471725,0.45754244923591614,0.33613359928131104
YMR189W,YKL140W,0,-0.68313,0.11989528685808182,0.45754244923591614,0.33623361587524414
YBR050C,YOR339C,0,-0.68336666,0.11986391246318817,0.45754244923591614,0.33633363246917725
YJR135C,YDR173C,0,-0.6835889,0.11983254551887512,0.45754244923591614,0.33643364906311035
YER142C,YML021C,1,-0.68372667,0.12006277590990067,0.4585414528846741,0.33643364906311035
YAL029C,YNL131W,0,-0.6837305,0.12003137916326523,0.4585414528846741,0.33653366565704346
YJR089W,YHR004C,0,-0.68380976,0.11999999731779099,0.4585414528846741,0.3366336524486542
YMR079W,YDL179W,0,-0.68384385,0.11996863782405853,0.4585414528846741,0.3367336690425873
YOR128C,YLR389C,0,-0.6838578,0.11993728578090668,0.4585414528846741,0.3368336856365204
YLL052C,YDR285W,0,-0.68395925,0.11990595608949661,0.4585414528846741,0.3369337022304535
YMR044W,YDL055C,0,-0.6840943,0.11987464129924774,0.4585414528846741,0.3370336890220642
YKL071W,YPL089C,0,-0.68411136,0.11984334141016006,0.4585414528846741,0.3371337056159973
YPL111W,YJR082C,0,-0.68412316,0.11981205642223358,0.4585414528846741,0.3372337222099304
YNL135C,YFL052W,0,-0.6841353,0.11978079378604889,0.4585414528846741,0.3373337388038635
YMR039C,YIL015W,0,-0.68417704,0.11974954605102539,0.4585414528846741,0.33743375539779663
YNL252C,YGR285C,0,-0.684193,0.11971831321716309,0.4585414528846741,0.33753374218940735
YCR010C,YBR073W,0,-0.6842642,0.11968709528446198,0.4585414528846741,0.33763375878334045
YFL044C,YER131W,0,-0.6842735,0.11965589225292206,0.4585414528846741,0.33773377537727356
YIL113W,YOR074C,0,-0.68438876,0.11962470412254333,0.4585414528846741,0.33783379197120667
YNL239W,YDR076W,0,-0.6843984,0.1195935383439064,0.4585414528846741,0.3379337787628174
YGL002W,YDL212W,0,-0.68448883,0.11956238746643066,0.4585414528846741,0.3380337953567505
YBL088C,YJL042W,0,-0.6845004,0.11953125149011612,0.4585414528846741,0.3381338119506836
YPR159W,YER142C,1,-0.6845023,0.11976047605276108,0.459540456533432,0.3381338119506836
YGR143W,YLR144C,1,-0.6845093,0.11998958885669708,0.46053946018218994,0.3381338119506836
YMR323W,YCL036W,0,-0.6845432,0.11995836347341537,0.46053946018218994,0.3382338285446167
YJL005W,YHL001W,0,-0.68461394,0.11992716044187546,0.46053946018218994,0.3383338451385498
YBL005W-A,YHR135C,0,-0.68476284,0.11989597231149673,0.46053946018218994,0.3384338319301605
YGR033C,YAL047C,0,-0.6849591,0.11986479163169861,0.46053946018218994,0.33853384852409363
YDL208W,YDR229W,0,-0.6849795,0.11983363330364227,0.46053946018218994,0.33863386511802673
YOR063W,YMR193W,0,-0.685015,0.11980249732732773,0.46053946018218994,0.33873388171195984
YHR174W,YEL077C,0,-0.68506724,0.11977136880159378,0.46053946018218994,0.33883386850357056
YOR346W,YDR065W,0,-0.6854273,0.11974026262760162,0.46053946018218994,0.33893388509750366
YKL061W,YDR177W,0,-0.6855687,0.11970916390419006,0.46053946018218994,0.33903390169143677
YDL074C,YFR033C,0,-0.68561053,0.1196780875325203,0.46053946018218994,0.3391339182853699
YGR143W,YLR057W,1,-0.6856369,0.11990656703710556,0.4615384638309479,0.3391339182853699
YAL001C,YLR139C,0,-0.6856658,0.1198754534125328,0.4615384638309479,0.339233934879303
YNL027W,YBR240C,0,-0.68582296,0.11984435468912125,0.4615384638309479,0.3393339216709137
YMR052W,YNL258C,0,-0.6864399,0.11981327831745148,0.4615384638309479,0.3394339382648468
YGR059W,YOL086C,0,-0.68659645,0.1197822168469429,0.4615384638309479,0.3395339548587799
YNL280C,YMR297W,0,-0.6867021,0.11975116282701492,0.4615384638309479,0.339633971452713
YBR030W,YBR110W,0,-0.6871375,0.11972013115882874,0.4615384638309479,0.3397339880466461
YEL038W,YBR079C,0,-0.6871892,0.11968912184238434,0.4615384638309479,0.33983397483825684
YOL136C,YKL013C,0,-0.6872107,0.11965811997652054,0.4615384638309479,0.33993399143218994
YDR296W,YMR213W,0,-0.6874927,0.11962713301181793,0.4615384638309479,0.34003400802612305
YLR170C,YOR058C,0,-0.68750083,0.11959616839885712,0.4615384638309479,0.34013402462005615
YBR299W,YPR184W,1,-0.6875435,0.11982401460409164,0.4625374674797058,0.34013402462005615
YBL085W,YMR193W,0,-0.68758005,0.11979301273822784,0.4625374674797058,0.34023401141166687
YMR079W,YLR153C,0,-0.6876362,0.11976202577352524,0.4625374674797058,0.3403340280056
YGL224C,YJR022W,0,-0.6876997,0.11973106116056442,0.4625374674797058,0.3404340445995331
YIR039C,YCL057W,0,-0.68777776,0.1197001039981842,0.4625374674797058,0.3405340611934662
YAL015C,YLR300W,1,-0.68784237,0.11992762982845306,0.46353647112846375,0.3405340611934662
YGR218W,YML087C,0,-0.6878646,0.11989664286375046,0.46353647112846375,0.3406340777873993
YLR342W,YMR036C,0,-0.687901,0.11986567080020905,0.46353647112846375,0.34073406457901
YDR486C,YFR032C-A,0,-0.688017,0.11983471363782883,0.46353647112846375,0.3408340811729431
YGL130W,YOR256C,0,-0.6880435,0.1198037713766098,0.46353647112846375,0.3409340977668762
YKL020C,YBR012W-A,0,-0.6881937,0.11977284401655197,0.46353647112846375,0.3410341143608093
YDR162C,YCR047C,0,-0.6882031,0.11974193900823593,0.46353647112846375,0.34113410115242004
YOR167C,YEL004W,0,-0.68823266,0.11971104145050049,0.46353647112846375,0.34123411774635315
YER168C,YGR234W,0,-0.688326,0.11968016624450684,0.46353647112846375,0.34133413434028625
YBR009C,YGR001C,0,-0.6888846,0.11964930593967438,0.46353647112846375,0.34143415093421936
YMR142C,YIL108W,0,-0.68889827,0.11961846053600311,0.46353647112846375,0.34153416752815247
YDR077W,YOR317W,0,-0.6891027,0.11958763003349304,0.46353647112846375,0.3416341543197632
YPL204W,YGL032C,0,-0.6891856,0.11955681443214417,0.46353647112846375,0.3417341709136963
YPR133W-A,YAL017W,0,-0.68919766,0.11952602118253708,0.46353647112846375,0.3418341875076294
YCL057W,YDL022W,0,-0.68932426,0.11949523538351059,0.46353647112846375,0.3419342041015625
YNR011C,YCR030C,0,-0.6893557,0.11946447193622589,0.46353647112846375,0.3420341908931732
YEL071W,YBR239C,0,-0.68956625,0.11943371593952179,0.46353647112846375,0.3421342074871063
YPR004C,YGR087C,0,-0.68970466,0.11940298229455948,0.46353647112846375,0.34223422408103943
YGR156W,YML058W-A,0,-0.68971336,0.11937226355075836,0.46353647112846375,0.34233424067497253
YMR014W,YLR081W,0,-0.69026494,0.11934156715869904,0.46353647112846375,0.34243425726890564
YBR202W,YOL041C,0,-0.6904805,0.1193108782172203,0.46353647112846375,0.34253424406051636
YDR315C,YOR196C,0,-0.69060564,0.11928020417690277,0.46353647112846375,0.34263426065444946
YCR037C,YNL113W,0,-0.69068587,0.11924955248832703,0.46353647112846375,0.34273427724838257
YBR164C,YJL194W,0,-0.6907054,0.11921890825033188,0.46353647112846375,0.3428342938423157
YOR344C,YER113C,0,-0.6907132,0.11918828636407852,0.46353647112846375,0.3429342806339264
YNL175C,YFL017W-A,0,-0.6908185,0.11915767937898636,0.46353647112846375,0.3430342972278595
YJL156C,YNL095C,0,-0.69090724,0.11912708729505539,0.46353647112846375,0.3431343138217926
YAL010C,YLL045C,0,-0.6909564,0.11909651011228561,0.46353647112846375,0.3432343304157257
YIL171W,YMR240C,0,-0.69099414,0.11906594783067703,0.46353647112846375,0.3433343470096588
YHL020C,YGR200C,0,-0.6910974,0.11903540045022964,0.46353647112846375,0.34343433380126953
YOR295W,YDL035C,0,-0.69132227,0.11900487542152405,0.46353647112846375,0.34353435039520264
YAL022C,YDR101C,0,-0.69132876,0.11897435784339905,0.46353647112846375,0.34363436698913574
YNL154C,YJR160C,0,-0.69140494,0.11894386261701584,0.46353647112846375,0.34373438358306885
YGL156W,YOL155C,1,-0.69141114,0.11916965991258621,0.4645354747772217,0.34373438358306885
YDL036C,YPR023C,0,-0.69144523,0.11913912743330002,0.4645354747772217,0.34383437037467957
YNL208W,YOR373W,0,-0.6916243,0.11910860985517502,0.4645354747772217,0.34393438696861267
YMR038C,YGR221C,0,-0.6918814,0.11907810717821121,0.4645354747772217,0.3440344035625458
YNL175C,YLR321C,0,-0.69190294,0.1190476194024086,0.4645354747772217,0.3441344201564789
YKR048C,YGR159C,0,-0.691908,0.11901714652776718,0.4645354747772217,0.344234436750412
YAR071W,YHR191C,0,-0.6920281,0.11898669600486755,0.4645354747772217,0.3443344235420227
YOL123W,YBL020W,0,-0.6921723,0.11895625293254852,0.4645354747772217,0.3444344401359558
YBR288C,YCR071C,0,-0.6922983,0.11892583221197128,0.4645354747772217,0.3445344567298889
YOL127W,YNL125C,0,-0.6923558,0.11889542639255524,0.4645354747772217,0.344634473323822
YER061C,YMR034C,0,-0.6923754,0.11886502802371979,0.4645354747772217,0.34473446011543274
YHR017W,YOR312C,0,-0.6923925,0.11883465200662613,0.4645354747772217,0.34483447670936584
YBR192W,YKR009C,0,-0.69249374,0.11880429089069366,0.4645354747772217,0.34493449330329895
YDL205C,YML094W,0,-0.6925169,0.1187739446759224,0.4645354747772217,0.34503450989723206
YLR165C,YLR440C,0,-0.692598,0.11874361336231232,0.4645354747772217,0.34513452649116516
YDR503C,YGR121C,0,-0.6926265,0.11871330440044403,0.4645354747772217,0.3452345132827759
YLR228C,YLR105C,0,-0.69262666,0.11868300288915634,0.4645354747772217,0.345334529876709
YPR026W,YAL015C,1,-0.69276893,0.1189078837633133,0.4655344784259796,0.345334529876709
YNR070W,YOL034W,0,-0.692801,0.11887755244970322,0.4655344784259796,0.3454345464706421
YPL213W,YNL231C,0,-0.6928582,0.11884723603725433,0.4655344784259796,0.3455345630645752
YML080W,YKL164C,0,-0.69290847,0.11881692707538605,0.4655344784259796,0.3456345498561859
YIL134W,YDR313C,0,-0.6929414,0.11878664046525955,0.4655344784259796,0.345734566450119
YAL032C,YBR115C,0,-0.69298047,0.11875636875629425,0.4655344784259796,0.3458345830440521
YDR453C,YER137C,0,-0.69299495,0.11872611194849014,0.4655344784259796,0.34593459963798523
YBL006C,YFL057C,0,-0.6932013,0.11869587004184723,0.4655344784259796,0.34603461623191833
YBL084C,YFR031C,0,-0.69325775,0.1186656504869461,0.4655344784259796,0.34613460302352905
YPR159W,YGR282C,1,-0.6934475,0.11889001727104187,0.46653345227241516,0.34613460302352905
YMR203W,YCL074W,0,-0.6935265,0.11885976046323776,0.46653345227241516,0.34623461961746216
YMR026C,YHR029C,0,-0.69372225,0.11882951855659485,0.46653345227241516,0.34633463621139526
YOR301W,YJL082W,0,-0.693816,0.11879928410053253,0.46653345227241516,0.34643465280532837
YMR033W,YIL046W,0,-0.6938199,0.118769071996212,0.46653345227241516,0.3465346395969391
YBR001C,YOL155C,1,-0.6940163,0.1189931333065033,0.4675324559211731,0.3465346395969391
YOR125C,YOR222W,0,-0.6940589,0.11896288394927979,0.4675324559211731,0.3466346561908722
YKR020W,YGL232W,0,-0.694082,0.11893265694379807,0.4675324559211731,0.3467346727848053
YJR131W,YPR026W,1,-0.69413173,0.11915650218725204,0.46853145956993103,0.3467346727848053
YPL212C,YKL124W,0,-0.6941783,0.11912623792886734,0.46853145956993103,0.3468346893787384
YJL118W,YFR028C,0,-0.69421256,0.11909598857164383,0.46853145956993103,0.3469347059726715
YLR378C,YER174C,0,-0.6942736,0.11906575411558151,0.46853145956993103,0.3470346927642822
YNL131W,YBR066C,0,-0.69431734,0.11903553456068039,0.46853145956993103,0.34713470935821533
YBR077C,YPR002W,0,-0.69435585,0.11900532990694046,0.46853145956993103,0.34723472595214844
YHR143W-A,YBL036C,0,-0.6944653,0.11897514015436172,0.46853145956993103,0.34733474254608154
YEL017C-A,YGL010W,0,-0.69458354,0.11894496530294418,0.46853145956993103,0.34743472933769226
YNL125C,YMR088C,0,-0.6946726,0.11891480535268784,0.46853145956993103,0.34753474593162537
YOR077W,YPR103W,0,-0.6948122,0.11888466775417328,0.46853145956993103,0.34763476252555847
YPL123C,YML075C,0,-0.69485295,0.11885453760623932,0.46853145956993103,0.3477347791194916
YLR213C,YOL155C,1,-0.6948688,0.11907777935266495,0.46953046321868896,0.3477347791194916
YOR017W,YEL059C-A,0,-0.69493127,0.1190476194024086,0.46953046321868896,0.3478347957134247
YHR140W,YGL010W,0,-0.6950408,0.11901747435331345,0.46953046321868896,0.3479347825050354
YKR104W,YGR220C,0,-0.6950593,0.11898734420537949,0.46953046321868896,0.3480347990989685
YDL025C,YLR051C,0,-0.69520766,0.11895722895860672,0.46953046321868896,0.3481348156929016
YOR293W,YLR389C,0,-0.6952331,0.11892712861299515,0.46953046321868896,0.3482348322868347
YER016W,YLR136C,0,-0.6952342,0.11889704316854477,0.46953046321868896,0.34833481907844543
YKL085W,YLR139C,0,-0.6953126,0.11886697262525558,0.46953046321868896,0.34843483567237854
YNL297C,YMR291W,0,-0.69547164,0.1188369169831276,0.46953046321868896,0.34853485226631165
YDR167W,YOR291W,0,-0.695551,0.1188068762421608,0.46953046321868896,0.34863486886024475
YGL008C,YKR092C,0,-0.6956794,0.1187768504023552,0.46953046321868896,0.34873488545417786
YGR256W,YJR104C,0,-0.6957307,0.11874683946371078,0.46953046321868896,0.3488348722457886
YDL045C,YGL166W,0,-0.6959456,0.11871685087680817,0.46953046321868896,0.3489348888397217
YDR177W,YOR224C,0,-0.6959659,0.11868686974048615,0.46953046321868896,0.3490349054336548
YKL055C,YGL257C,0,-0.69599783,0.11865690350532532,0.46953046321868896,0.3491349220275879
YBR009C,YER115C,0,-0.69600725,0.11862695962190628,0.46953046321868896,0.3492349088191986
YHL022C,YHR115C,0,-0.6960308,0.11859702318906784,0.46953046321868896,0.3493349254131317
YKR065C,YHR211W,0,-0.6960834,0.1185671016573906,0.46953046321868896,0.3494349420070648
YBR222C,YIL177C,0,-0.6961608,0.11853720247745514,0.46953046321868896,0.3495349586009979
YOR071C,YBR008C,0,-0.69618535,0.11850731074810028,0.46953046321868896,0.34963497519493103
YPR043W,YBR283C,0,-0.69645655,0.11847744137048721,0.46953046321868896,0.34973496198654175
YPR164W,YMR200W,0,-0.6965396,0.11844757944345474,0.46953046321868896,0.34983497858047485
YBR097W,YIL171W,0,-0.69657713,0.11841773986816406,0.46953046321868896,0.34993499517440796
YEL021W,YNL261W,0,-0.6966713,0.11838790774345398,0.46953046321868896,0.35003501176834106
YOR014W,YFL034C-A,0,-0.69668156,0.11835809797048569,0.46953046321868896,0.35013502836227417
YDL069C,YMR198W,0,-0.6967019,0.11832829564809799,0.46953046321868896,0.3502350151538849
YPR137W,YHR098C,0,-0.69673115,0.11829851567745209,0.46953046321868896,0.350335031747818
YMR054W,YBR257W,0,-0.6967405,0.11826874315738678,0.46953046321868896,0.3504350483417511
YNL299W,YPL281C,0,-0.69680053,0.11823899298906326,0.46953046321868896,0.3505350649356842
YOR096W,YBR030W,0,-0.6968125,0.11820925772190094,0.46953046321868896,0.3506350517272949
YGR203W,YJR036C,0,-0.6969291,0.11817952990531921,0.46953046321868896,0.350735068321228
YER099C,YPL132W,0,-0.6970107,0.11814982444047928,0.46953046321868896,0.35083508491516113
YPL190C,YNR041C,0,-0.6970392,0.11812013387680054,0.46953046321868896,0.35093510150909424
YGL106W,YMR224C,0,-0.69721067,0.11809045076370239,0.46953046321868896,0.35103511810302734
YJL151C,YPR122W,0,-0.6972446,0.11806079000234604,0.46953046321868896,0.35113510489463806
YNL259C,YMR277W,0,-0.6973771,0.11803113669157028,0.46953046321868896,0.35123512148857117
YPL237W,YLR097C,0,-0.6975884,0.11800150573253632,0.46953046321868896,0.3513351380825043
YHR065C,YKL140W,0,-0.69767594,0.11797188967466354,0.46953046321868896,0.3514351546764374
YLR157C,YOR388C,0,-0.69769424,0.11794228106737137,0.46953046321868896,0.3515351414680481
YPL220W,YMR106C,0,-0.6977135,0.11791269481182098,0.46953046321868896,0.3516351580619812
YGL020C,YEL077C,0,-0.69775426,0.1178831234574318,0.46953046321868896,0.3517351746559143
YGR158C,YJL065C,0,-0.6978343,0.1178535595536232,0.46953046321868896,0.3518351912498474
YDR103W,YER046W,0,-0.6978922,0.1178240180015564,0.46953046321868896,0.3519352078437805
YDR202C,YOL140W,0,-0.69792944,0.11779448390007019,0.46953046321868896,0.35203519463539124
YAL003W,YMR182C,0,-0.69795907,0.11776497215032578,0.46953046321868896,0.35213521122932434
YGR070W,YKR026C,0,-0.6980257,0.11773546785116196,0.46953046321868896,0.35223522782325745
YIR008C,YHR203C,0,-0.6980934,0.11770598590373993,0.46953046321868896,0.35233524441719055
YMR213W,YLR356W,0,-0.6981187,0.1176765114068985,0.46953046321868896,0.35243523120880127
YHR143W,YMR305C,1,-0.6982957,0.11789736896753311,0.4705294668674469,0.35243523120880127
YJR135C,YBR048W,0,-0.698297,0.1178678646683693,0.4705294668674469,0.3525352478027344
YBR135W,YBR041W,0,-0.69860005,0.11783837527036667,0.4705294668674469,0.3526352643966675
YER120W,YDR251W,0,-0.6986647,0.11780890077352524,0.4705294668674469,0.3527352809906006
YJR135C,YOR222W,0,-0.6987858,0.117779441177845,0.4705294668674469,0.3528352975845337
YDR364C,YHR018C,0,-0.69879717,0.11774999648332596,0.4705294668674469,0.3529352843761444
YGR282C,YNL066W,1,-0.69880986,0.11797050386667252,0.47152847051620483,0.3529352843761444
YLR343W,YMR026C,0,-0.6988223,0.11794102936983109,0.47152847051620483,0.3530353009700775
YJR135W-A,YER087W,0,-0.69883317,0.11791156977415085,0.47152847051620483,0.3531353175640106
YML001W,YKL046C,0,-0.6990587,0.11788211762905121,0.47152847051620483,0.3532353341579437
YML085C,YML037C,0,-0.69907165,0.11785268783569336,0.47152847051620483,0.35333532094955444
YPL204W,YOL089C,0,-0.6992289,0.11782326549291611,0.47152847051620483,0.35343533754348755
YIL140W,YOR351C,0,-0.69927853,0.11779385805130005,0.47152847051620483,0.35353535413742065
YDL111C,YER119C,0,-0.699297,0.11776447296142578,0.47152847051620483,0.35363537073135376
YJR044C,YPR083W,0,-0.6995318,0.11773509532213211,0.47152847051620483,0.35373538732528687
YDR077W,YLR453C,0,-0.6996269,0.11770573258399963,0.47152847051620483,0.3538353741168976
YJR053W,YDR123C,0,-0.699631,0.11767639219760895,0.47152847051620483,0.3539353907108307
YHR025W,YML058W-A,0,-0.699717,0.11764705926179886,0.47152847051620483,0.3540354073047638
YDR392W,YNL113W,0,-0.6997552,0.11761774122714996,0.47152847051620483,0.3541354238986969
YOR375C,YJL128C,0,-0.69993234,0.11758843809366226,0.47152847051620483,0.3542354106903076
YDR477W,YJL143W,0,-0.6999485,0.11755914986133575,0.47152847051620483,0.3543354272842407
YGR234W,YOR229W,0,-0.6999561,0.11752988398075104,0.47152847051620483,0.35443544387817383
YJL052W,YPR052C,0,-0.6999721,0.11750062555074692,0.47152847051620483,0.35453546047210693
YGR077C,YLL036C,0,-0.7000616,0.11747138202190399,0.47152847051620483,0.35463547706604004
YLL028W,YGL160W,0,-0.7001181,0.11744215339422226,0.47152847051620483,0.35473546385765076
YDR492W,YMR121C,0,-0.7001696,0.11741293221712112,0.47152847051620483,0.35483548045158386
YNL131W,YGL038C,0,-0.700204,0.11738373339176178,0.47152847051620483,0.35493549704551697
YNL058C,YDR197W,0,-0.7004217,0.11735454946756363,0.47152847051620483,0.3550355136394501
YOR204W,YOR039W,0,-0.700482,0.11732538044452667,0.47152847051620483,0.3551355004310608
YPR167C,YKR026C,0,-0.7006097,0.11729622632265091,0.47152847051620483,0.3552355170249939
YBR213W,YDR115W,0,-0.70071393,0.11726707965135574,0.47152847051620483,0.355335533618927
YIL111W,YKL209C,0,-0.70075285,0.11723795533180237,0.47152847051620483,0.3554355502128601
YJR131W,YLR286C,1,-0.7007963,0.11745716631412506,0.47252747416496277,0.3554355502128601
YLR233C,YGR262C,0,-0.700812,0.1174280047416687,0.47252747416496277,0.3555355668067932
YPR020W,YAR035W,0,-0.70098233,0.11739885807037354,0.47252747416496277,0.35563555359840393
YHR072W,YBR079C,0,-0.70099163,0.11736972630023956,0.47252747416496277,0.35573557019233704
YGR287C,YDR371W,1,-0.7010951,0.11758868396282196,0.4735264778137207,0.35573557019233704
YFL041W,YEL062W,0,-0.70109725,0.1175595223903656,0.4735264778137207,0.35583558678627014
YJL036W,YDL047W,0,-0.7011237,0.11753037571907043,0.4735264778137207,0.35593560338020325
YGR279C,YJL221C,1,-0.7011884,0.11774913221597672,0.47452548146247864,0.35593560338020325
YDR147W,YKR009C,0,-0.7013204,0.11771994829177856,0.47452548146247864,0.35603559017181396
YPL106C,YLR187W,0,-0.7015276,0.11769077926874161,0.47452548146247864,0.35613560676574707
YJL221C,YKL046C,1,-0.70163286,0.11790934205055237,0.4755244851112366,0.35613560676574707
YGR143W,YNL066W,1,-0.7021037,0.11812778562307358,0.4765234887599945,0.35613560676574707
YOR096W,YGL232W,0,-0.70216215,0.11809854209423065,0.4765234887599945,0.3562356233596802
YDR298C,YKR029C,0,-0.7022716,0.11806930601596832,0.4765234887599945,0.3563356399536133
YOR122C,YDR011W,0,-0.70271283,0.11804009228944778,0.4765234887599945,0.3564356565475464
YPL249C,YDR497C,0,-0.7027765,0.11801088601350784,0.4765234887599945,0.3565356433391571
YMR238W,YNL066W,1,-0.70281845,0.11822903901338577,0.47752249240875244,0.3565356433391571
YBR040W,YMR071C,0,-0.70289505,0.11819980293512344,0.47752249240875244,0.3566356599330902
YFL047W,YPL151C,0,-0.70298594,0.11817058175802231,0.47752249240875244,0.3567356765270233
YOR187W,YOR099W,0,-0.70313007,0.11814137548208237,0.47752249240875244,0.3568356931209564
YPL026C,YDR307W,0,-0.70317376,0.11811218410730362,0.47752249240875244,0.35693567991256714
YCL075W,YMR065W,0,-0.7031887,0.11808300763368607,0.47752249240875244,0.35703569650650024
YML008C,YKR048C,0,-0.7033064,0.11805383861064911,0.47752249240875244,0.35713571310043335
YLL038C,YMR079W,0,-0.70330656,0.11802469193935394,0.47752249240875244,0.35723572969436646
YDR424C,YMR269W,0,-0.7035972,0.11799556016921997,0.47752249240875244,0.35733574628829956
YDR506C,YMR231W,0,-0.70368683,0.1179664358496666,0.47752249240875244,0.3574357330799103
YER162C,YGR166W,0,-0.7036889,0.11793733388185501,0.47752249240875244,0.3575357496738434
YGL163C,YOR070C,0,-0.7037949,0.11790823936462402,0.47752249240875244,0.3576357662677765
YML066C,YKL017C,0,-0.7038139,0.11787915974855423,0.47752249240875244,0.3577357828617096
YIL095W,YDR506C,0,-0.70386136,0.11785009503364563,0.47752249240875244,0.3578357696533203
YPR016C,YIL049W,0,-0.7038901,0.11782105267047882,0.47752249240875244,0.3579357862472534
YPR132W,YPR042C,0,-0.7040551,0.11779201775789261,0.47752249240875244,0.3580358028411865
YBL085W,YDR012W,0,-0.7042657,0.11776299774646759,0.47752249240875244,0.35813581943511963
YDR231C,YOR230W,0,-0.7043473,0.11773399263620377,0.47752249240875244,0.35823583602905273
YKL221W,YKL113C,0,-0.7045645,0.11770500242710114,0.47752249240875244,0.35833582282066345
YBL016W,YOR386W,0,-0.7047633,0.1176760196685791,0.47752249240875244,0.35843583941459656
YNL327W,YGR292W,1,-0.70489335,0.11789318174123764,0.478521466255188,0.35843583941459656
YPR201W,YOL136C,0,-0.70492697,0.11786417663097382,0.478521466255188,0.35853585600852966
YNL186W,YOL105C,0,-0.7052051,0.11783517897129059,0.478521466255188,0.35863587260246277
YKL217W,YLR310C,0,-0.7052623,0.11780619621276855,0.478521466255188,0.3587358593940735
YGR143W,YNR067C,1,-0.70533025,0.1180231124162674,0.4795204699039459,0.3587358593940735
YBL085W,YDL083C,0,-0.7053411,0.11799409985542297,0.4795204699039459,0.3588358759880066
YJR137C,YAR015W,0,-0.70544076,0.11796510219573975,0.4795204699039459,0.3589358925819397
YLR213C,YAL005C,0,-0.70545083,0.11793611943721771,0.4795204699039459,0.3590359091758728
YCR069W,YPR107C,0,-0.7054518,0.11790715157985687,0.4795204699039459,0.3591359257698059
YLR213C,YDR261C,1,-0.7055017,0.11812376976013184,0.48051947355270386,0.3591359257698059
YJL207C,YHR007C,0,-0.7055112,0.11809477210044861,0.48051947355270386,0.3592359125614166
YDL033C,YKR054C,0,-0.7057582,0.11806578189134598,0.48051947355270386,0.35933592915534973
YPL068C,YPL124W,0,-0.7058104,0.11803680658340454,0.48051947355270386,0.35943594574928284
YER053C,YBR150C,0,-0.70586616,0.1180078536272049,0.48051947355270386,0.35953596234321594
YMR246W,YOR269W,0,-0.7058742,0.11797890812158585,0.48051947355270386,0.35963594913482666
YLR141W,YPR186C,0,-0.705947,0.11794997751712799,0.48051947355270386,0.35973596572875977
YER122C,YMR246W,0,-0.7059952,0.11792106181383133,0.48051947355270386,0.35983598232269287
YLR390W,YNL134C,0,-0.7060469,0.11789215356111526,0.48051947355270386,0.359935998916626
YEL053C,YLR034C,0,-0.70605385,0.11786326766014099,0.48051947355270386,0.3600360155105591
YHL001W,YGR162W,0,-0.7060796,0.11783439666032791,0.48051947355270386,0.3601360023021698
YFL054C,YER171W,0,-0.7061335,0.11780553311109543,0.48051947355270386,0.3602360188961029
YGL020C,YOL101C,0,-0.70628166,0.11777669191360474,0.48051947355270386,0.360336035490036
YER089C,YKL198C,0,-0.7063198,0.11774785816669464,0.48051947355270386,0.3604360520839691
YLR144C,YIR007W,1,-0.7063723,0.1179637759923935,0.4815184772014618,0.3604360520839691
YBR084C-A,YGL226C-A,0,-0.7064666,0.11793491244316101,0.4815184772014618,0.36053603887557983
YOL077C,YHL001W,0,-0.70654356,0.11790606379508972,0.4815184772014618,0.36063605546951294
YPR082C,YHR057C,0,-0.70658034,0.11787723004817963,0.4815184772014618,0.36073607206344604
YOR378W,YDR251W,0,-0.7066606,0.11784841120243073,0.4815184772014618,0.36083608865737915
YMR270C,YNR070W,0,-0.706741,0.11781960725784302,0.4815184772014618,0.36093610525131226
YIL078W,YCL057C-A,0,-0.70676744,0.11779081076383591,0.4815184772014618,0.361036092042923
YNL053W,YDR237W,0,-0.70691204,0.11776202917098999,0.4815184772014618,0.3611361086368561
YDR163W,YFR005C,0,-0.7070389,0.11773326992988586,0.4815184772014618,0.3612361252307892
YAL031C,YIL061C,0,-0.7072162,0.11770451813936234,0.4815184772014618,0.3613361418247223
YLR329W,YOR306C,0,-0.7072711,0.11767578125,0.4815184772014618,0.3614361584186554
YGR180C,YGL084C,0,-0.70727974,0.11764705926179886,0.4815184772014618,0.3615361452102661
YGR143W,YGR287C,1,-0.7073165,0.11786237359046936,0.4825174808502197,0.3615361452102661
YBR287W,YNL323W,0,-0.7073449,0.11783361434936523,0.4825174808502197,0.3616361618041992
YLR095C,YHR215W,0,-0.7076521,0.1178048774600029,0.4825174808502197,0.3617361783981323
YCL063W,YDR306C,0,-0.7077838,0.11777615547180176,0.4825174808502197,0.36183619499206543
YGL055W,YMR165C,0,-0.70791936,0.11774744093418121,0.4825174808502197,0.36193618178367615
YKL163W,YOR321W,0,-0.7079606,0.11771874129772186,0.4825174808502197,0.36203619837760925
YKR080W,YLL013C,0,-0.708107,0.1176900565624237,0.4825174808502197,0.36213621497154236
YGL027C,YGL156W,1,-0.7082043,0.11790499091148376,0.48351648449897766,0.36213621497154236
YOR190W,YDR221W,1,-0.7083696,0.11811982095241547,0.4845154881477356,0.36213621497154236
YDR382W,YAR019C,0,-0.7083925,0.11809106171131134,0.4845154881477356,0.36223623156547546
YBR042C,YBR217W,0,-0.7085161,0.11806231737136841,0.4845154881477356,0.36233624815940857
YNL326C,YPL211W,0,-0.70864,0.11803358793258667,0.4845154881477356,0.3624362349510193
YGR240C,YDR369C,0,-0.70876473,0.11800486594438553,0.4845154881477356,0.3625362515449524
YGL137W,YJL210W,0,-0.70890224,0.11797615885734558,0.4845154881477356,0.3626362681388855
YAL043C,YLR330W,0,-0.7090773,0.11794747412204742,0.4845154881477356,0.3627362847328186
YGR106C,YLR015W,0,-0.7091126,0.11791879683732986,0.4845154881477356,0.3628362715244293
YOR344C,YHR089C,0,-0.7094259,0.1178901344537735,0.4845154881477356,0.3629362881183624
YJR004C,YHR039C,0,-0.7095167,0.11786147952079773,0.4845154881477356,0.36303630471229553
YKR060W,YER044C,0,-0.7096201,0.11783284693956375,0.4845154881477356,0.36313632130622864
YHL044W,YOR066W,0,-0.7096755,0.11780422925949097,0.4845154881477356,0.36323633790016174
YPL190C,YGR180C,0,-0.7097747,0.11777561902999878,0.4845154881477356,0.36333632469177246
YMR176W,YGL256W,0,-0.7100419,0.11774702370166779,0.4845154881477356,0.36343634128570557
YGR184C,YDL047W,0,-0.71008635,0.11771844327449799,0.4845154881477356,0.36353635787963867
YNL242W,YOR116C,0,-0.71018004,0.11768987774848938,0.4845154881477356,0.3636363744735718
YGL021W,YDR123C,0,-0.7101853,0.11766132712364197,0.4845154881477356,0.3637363612651825
YLR128W,YBL097W,0,-0.7101859,0.11763279139995575,0.4845154881477356,0.3638363778591156
YIL172C,YPR121W,0,-0.7102934,0.11760427057743073,0.4845154881477356,0.3639363944530487
YOR204W,YLR399C,0,-0.7103662,0.1175757572054863,0.4845154881477356,0.3640364110469818
YAL063C,YJL210W,0,-0.710424,0.11754725873470306,0.4845154881477356,0.3641364276409149
YPL275W,YBR145W,0,-0.7105637,0.11751877516508102,0.4845154881477356,0.36423641443252563
YPL057C,YLR319C,0,-0.7109727,0.11749030649662018,0.4845154881477356,0.36433643102645874
YJL071W,YPL162C,0,-0.7112562,0.11746185272932053,0.4845154881477356,0.36443644762039185
YLL002W,YDR090C,0,-0.711274,0.11743341386318207,0.4845154881477356,0.36453646421432495
YHR211W,YDR191W,0,-0.71132654,0.1174049898982048,0.4845154881477356,0.36463645100593567
YGR118W,YLR251W,0,-0.71136373,0.11737657338380814,0.4845154881477356,0.3647364675998688
YGL225W,YML005W,0,-0.7115489,0.11734817177057266,0.4845154881477356,0.3648364841938019
YML114C,YDR044W,0,-0.7116425,0.11731978505849838,0.4845154881477356,0.364936500787735
YMR092C,YLR014C,0,-0.71166986,0.1172914132475853,0.4845154881477356,0.3650365173816681
YMR276W,YBL030C,0,-0.711884,0.1172630563378334,0.4845154881477356,0.3651365041732788
YOR190W,YPR184W,1,-0.71214724,0.1174764335155487,0.48551449179649353,0.3651365041732788
YFL002C,YDR488C,0,-0.7121482,0.11744803935289383,0.48551449179649353,0.3652365207672119
YBL098W,YER001W,0,-0.7121964,0.11741966754198074,0.48551449179649353,0.365336537361145
YMR079W,YNL003C,0,-0.71222335,0.11739130318164825,0.48551449179649353,0.3654365539550781
YEL022W,YNL046W,0,-0.7122656,0.11736295372247696,0.48551449179649353,0.36553654074668884
YHL008C,YJR075W,0,-0.7124629,0.11733461916446686,0.48551449179649353,0.36563655734062195
YPR164W,YMR284W,0,-0.7124789,0.11730629950761795,0.48551449179649353,0.36573657393455505
YDR047W,YEL061C,0,-0.7126711,0.11727799475193024,0.48551449179649353,0.36583659052848816
YPR070W,YGL060W,0,-0.71275765,0.11724969744682312,0.48551449179649353,0.36593660712242126
YGL203C,YPL119C,0,-0.7127653,0.1172214150428772,0.48551449179649353,0.366036593914032
YJR025C,YNL015W,0,-0.7127901,0.11719315499067307,0.48551449179649353,0.3661366105079651
YJR160C,YDR326C,0,-0.71282786,0.11716490238904953,0.48551449179649353,0.3662366271018982
YLR113W,YMR165C,0,-0.7129198,0.11713665723800659,0.48551449179649353,0.3663366436958313
YNL306W,YNL088W,0,-0.71299446,0.11710843443870544,0.48551449179649353,0.366436630487442
YDL142C,YJL004C,0,-0.7131163,0.1170802190899849,0.48551449179649353,0.3665366470813751
YBL021C,YBL020W,0,-0.713122,0.11705202609300613,0.48551449179649353,0.3666366636753082
YOR382W,YDR363W-A,0,-0.71320295,0.11702384054660797,0.48551449179649353,0.36673668026924133
YPR159W,YGR189C,1,-0.71323717,0.11723639816045761,0.48651349544525146,0.36673668026924133
YKL160W,YPL119C,0,-0.7132641,0.11720818281173706,0.48651349544525146,0.36683669686317444
YDR020C,YPL228W,0,-0.7134228,0.1171799823641777,0.48651349544525146,0.36693668365478516
YCR075C,YNL279W,0,-0.71374905,0.11715178936719894,0.48651349544525146,0.36703670024871826
YOR222W,YHR129C,0,-0.7138424,0.11712361872196198,0.48651349544525146,0.36713671684265137
YMR238W,YDR371W,1,-0.7138983,0.11733590066432953,0.4875124990940094,0.36713671684265137
YOR219C,YLR355C,0,-0.71393573,0.11730769276618958,0.4875124990940094,0.3672367334365845
YFR019W,YER170W,0,-0.71417904,0.11727949976921082,0.4875124990940094,0.3673367202281952
YPL095C,YJL073W,0,-0.7142005,0.11725132167339325,0.4875124990940094,0.3674367368221283
YJR113C,YPR094W,0,-0.7146237,0.11722315847873688,0.4875124990940094,0.3675367534160614
YGL047W,YFL037W,0,-0.7146306,0.1171950027346611,0.4875124990940094,0.3676367700099945
YNL309W,YKL126W,0,-0.7146315,0.11716686934232712,0.4875124990940094,0.3677367866039276
YLR308W,YER029C,0,-0.7149316,0.11713874340057373,0.4875124990940094,0.36783677339553833
YOR384W,YER012W,0,-0.7150832,0.11711063235998154,0.4875124990940094,0.36793678998947144
YAL015C,YLR144C,1,-0.7151264,0.11732245981693268,0.48851150274276733,0.36793678998947144
YJL221C,YDR371W,1,-0.71532816,0.11753418296575546,0.4895104765892029,0.36793678998947144
YOR190W,YJL103C,0,-0.71575063,0.1175059974193573,0.4895104765892029,0.36803680658340454
YMR167W,YDR037W,0,-0.71584255,0.11747782677412033,0.4895104765892029,0.36813682317733765
YHR214C-B,YLL001W,0,-0.7159491,0.11744966357946396,0.4895104765892029,0.36823680996894836
YLL005C,YCR083W,0,-0.7160393,0.11742152273654938,0.4895104765892029,0.36833682656288147
YKL171W,YJL065C,0,-0.71607894,0.1173933893442154,0.4895104765892029,0.3684368431568146
YEL060C,YIR006C,0,-0.71633726,0.1173652708530426,0.4895104765892029,0.3685368597507477
YMR154C,YIR015W,0,-0.71659255,0.117337167263031,0.4895104765892029,0.3686368763446808
YMR090W,YCL026C-A,0,-0.7166634,0.1173090711236,0.4895104765892029,0.3687368631362915
YBR092C,YDL170W,0,-0.71674836,0.1172809973359108,0.4895104765892029,0.3688368797302246
YDL101C,YIL076W,0,-0.7170503,0.11725293099880219,0.4895104765892029,0.3689368963241577
YMR238W,YNR067C,1,-0.7170813,0.11746411770582199,0.4905094802379608,0.3689368963241577
YGR216C,YLL051C,0,-0.71732056,0.11743602156639099,0.4905094802379608,0.3690369129180908
YGR020C,YNR057C,0,-0.7174078,0.11740794032812119,0.4905094802379608,0.36913689970970154
YHR061C,YFL050C,0,-0.71768737,0.11737987399101257,0.4905094802379608,0.36923691630363464
YPR196W,YMR058W,0,-0.71770847,0.11735181510448456,0.4905094802379608,0.36933693289756775
YHR065C,YJL141C,0,-0.71781933,0.11732377856969833,0.4905094802379608,0.36943694949150085
YMR236W,YNR049C,0,-0.71787834,0.1172957494854927,0.4905094802379608,0.36953696608543396
YDL178W,YDL054C,0,-0.7178889,0.11726773530244827,0.4905094802379608,0.3696369528770447
YNL302C,YPL195W,0,-0.71818614,0.11723973602056503,0.4905094802379608,0.3697369694709778
YKR061W,YPL163C,0,-0.7182323,0.11721174418926239,0.4905094802379608,0.3698369860649109
YIR038C,YGL155W,0,-0.7183119,0.11718376725912094,0.4905094802379608,0.369937002658844
YOR180C,YPR181C,0,-0.71839345,0.11715581268072128,0.4905094802379608,0.3700369894504547
YDR031W,YNL003C,0,-0.71863973,0.11712786555290222,0.4905094802379608,0.3701370060443878
YIL157C,YLR153C,0,-0.7186737,0.11709992587566376,0.4905094802379608,0.3702370226383209
YOL120C,YDL025C,0,-0.7188044,0.11707200855016708,0.4905094802379608,0.37033703923225403
YER138C,YDR207C,0,-0.7188554,0.11704409867525101,0.4905094802379608,0.37043705582618713
YCR060W,YIL121W,0,-0.71893674,0.11701620370149612,0.4905094802379608,0.37053704261779785
YIL097W,YGR084C,0,-0.71896654,0.11698832362890244,0.4905094802379608,0.37063705921173096
YPR167C,YKL221W,0,-0.71915925,0.11696045845746994,0.4905094802379608,0.37073707580566406
YCL066W,YGR231C,0,-0.71927214,0.11693260073661804,0.4905094802379608,0.37083709239959717
YHR029C,YPR058W,0,-0.7194618,0.11690476536750793,0.4905094802379608,0.3709370791912079
YGL071W,YOR054C,0,-0.7200124,0.11687693744897842,0.4905094802379608,0.371037095785141
YNL304W,YHR021C,0,-0.72017175,0.11684911698102951,0.4905094802379608,0.3711371123790741
YPL281C,YKR044W,0,-0.72023326,0.11682131886482239,0.4905094802379608,0.3712371289730072
YOL049W,YBR231C,0,-0.72033423,0.11679352819919586,0.4905094802379608,0.3713371455669403
YLR359W,YKL092C,0,-0.72041863,0.11676575243473053,0.4905094802379608,0.371437132358551
YHR086W,YPR144C,0,-0.72055066,0.11673799157142639,0.4905094802379608,0.37153714895248413
YPR166C,YNL085W,0,-0.7205652,0.11671024560928345,0.4905094802379608,0.37163716554641724
YOL145C,YBR281C,0,-0.72058487,0.1166825070977211,0.4905094802379608,0.37173718214035034
YPR111W,YDR017C,0,-0.72066396,0.11665479093790054,0.4905094802379608,0.37183716893196106
YMR256C,YDR121W,0,-0.72084147,0.11662707477807999,0.4905094802379608,0.37193718552589417
YCR039C,YOL102C,0,-0.720852,0.11659938097000122,0.4905094802379608,0.37203720211982727
YBR175W,YDR329C,0,-0.7210872,0.11657170206308365,0.4905094802379608,0.3721372187137604
YGR143W,YDR371W,1,-0.72109777,0.11678139120340347,0.49150848388671875,0.3721372187137604
YML060W,YGR143W,1,-0.7211111,0.11699098348617554,0.4925074875354767,0.3721372187137604
YAL022C,YOL008W,0,-0.7212733,0.116963230073452,0.4925074875354767,0.3722372353076935
YDL078C,YDR014W,0,-0.7213149,0.11693548411130905,0.4925074875354767,0.3723372220993042
YOR381W,YJL129C,0,-0.72132087,0.1169077530503273,0.4925074875354767,0.3724372386932373
YER069W,YDR196C,0,-0.7213704,0.11688003689050674,0.4925074875354767,0.3725372552871704
YLR438C-A,YER004W,0,-0.7214079,0.11685233563184738,0.4925074875354767,0.3726372718811035
YKL125W,YPL164C,0,-0.72141474,0.11682464182376862,0.4925074875354767,0.3727372884750366
YMR146C,YCR008W,0,-0.7214676,0.11679697036743164,0.4925074875354767,0.37283727526664734
YAL021C,YGL245W,0,-0.7215407,0.11676930636167526,0.4925074875354767,0.37293729186058044
YMR162C,YKR009C,0,-0.7215484,0.11674164980649948,0.4925074875354767,0.37303730845451355
YFR037C,YLR057W,0,-0.72166276,0.11671401560306549,0.4925074875354767,0.37313732504844666
YML037C,YBL090W,0,-0.7218987,0.1166863888502121,0.4925074875354767,0.3732373118400574
YDR263C,YBL068W,0,-0.721927,0.1166587769985199,0.4925074875354767,0.3733373284339905
YBR084W,YJL165C,0,-0.7220043,0.11663118004798889,0.4925074875354767,0.3734373450279236
YKL074C,YLR419W,0,-0.7220124,0.11660359799861908,0.4925074875354767,0.3735373616218567
YCR096C,YIL061C,0,-0.72207016,0.11657602339982986,0.4925074875354767,0.3736373782157898
YMR033W,YOR181W,0,-0.72219324,0.11654846370220184,0.4925074875354767,0.3737373650074005
YGR229C,YMR281W,0,-0.7222318,0.11652091890573502,0.4925074875354767,0.3738373816013336
YKR037C,YPL099C,0,-0.7223728,0.11649338155984879,0.4925074875354767,0.3739373981952667
YGL158W,YKL143W,0,-0.7223952,0.11646586656570435,0.4925074875354767,0.37403741478919983
YJL190C,YFL057C,0,-0.7225146,0.1164383590221405,0.4925074875354767,0.37413740158081055
YPR149W,YML111W,0,-0.72252136,0.11641085892915726,0.4925074875354767,0.37423741817474365
YKL167C,YLR389C,0,-0.7225884,0.1163833811879158,0.4925074875354767,0.37433743476867676
YNL308C,YLR208W,0,-0.7226603,0.11635591089725494,0.4925074875354767,0.37443745136260986
YKL053C-A,YDR109C,0,-0.7226603,0.11632845550775528,0.4925074875354767,0.37453746795654297
YOL115W,YPL228W,0,-0.7228417,0.11630101501941681,0.4925074875354767,0.3746374547481537
YOR028C,YHR051W,0,-0.7231351,0.11627358198165894,0.4925074875354767,0.3747374713420868
YGR010W,YPL068C,0,-0.7232063,0.11624617129564285,0.4925074875354767,0.3748374879360199
YER026C,YJL145W,0,-0.72327626,0.11621876806020737,0.4925074875354767,0.374937504529953
YDR281C,YIR005W,0,-0.7233188,0.11619137227535248,0.4925074875354767,0.3750374913215637
YMR030W,YGL124C,0,-0.72332406,0.11616399884223938,0.4925074875354767,0.3751375079154968
YER003C,YBL068W,0,-0.72334695,0.11613663285970688,0.4925074875354767,0.37523752450942993
YOR307C,YEL004W,0,-0.7234309,0.11610928177833557,0.4925074875354767,0.37533754110336304
YEL003W,YLR229C,0,-0.72350085,0.11608193814754486,0.4925074875354767,0.37543755769729614
YHR134W,YJL165C,0,-0.7236581,0.11605461686849594,0.4925074875354767,0.37553754448890686
YLR321C,YBR240C,0,-0.7237268,0.11602730304002762,0.4925074875354767,0.37563756108283997
YDL180W,YOL142W,0,-0.72376823,0.11599999666213989,0.4925074875354767,0.37573757767677307
YHR147C,YFL009W,0,-0.7239456,0.11597271263599396,0.4925074875354767,0.3758375942707062
YFL045C,YGL250W,0,-0.7240044,0.11594543606042862,0.4925074875354767,0.3759375810623169
YDR342C,YIL097W,0,-0.7240416,0.11591817438602448,0.4925074875354767,0.37603759765625
YJR161C,YDR205W,0,-0.72415173,0.11589092761278152,0.4925074875354767,0.3761376142501831
YHR143W,YKL046C,1,-0.72418565,0.11609870940446854,0.4935064911842346,0.3761376142501831
YGL040C,YOL101C,0,-0.7241875,0.1160714253783226,0.4935064911842346,0.3762376308441162
YDR432W,YOL072W,0,-0.7242238,0.11604416370391846,0.4935064911842346,0.3763376474380493
YEL012W,YOL140W,0,-0.7243084,0.11601690948009491,0.4935064911842346,0.37643763422966003
YBR299W,YIR007W,1,-0.72434175,0.11622446775436401,0.49450549483299255,0.37643763422966003
YKL193C,YNL271C,0,-0.72441566,0.11619718372821808,0.49450549483299255,0.37653765082359314
YPR075C,YLR157C,0,-0.7245481,0.11616991460323334,0.49450549483299255,0.37663766741752625
YDR492W,YER157W,0,-0.7248194,0.1161426529288292,0.49450549483299255,0.37673768401145935
YML058W,YLR176C,0,-0.72491455,0.11611541360616684,0.49450549483299255,0.37683767080307007
YNL325C,YLR285W,0,-0.72492397,0.11608818173408508,0.49450549483299255,0.3769376873970032
YKL117W,YMR036C,0,-0.7253377,0.11606096476316452,0.49450549483299255,0.3770377039909363
YGL212W,YPR018W,0,-0.72546595,0.11603375524282455,0.49450549483299255,0.3771377205848694
YGL207W,YDR219C,0,-0.7255758,0.11600656062364578,0.49450549483299255,0.3772377371788025
YBR095C,YPR201W,0,-0.7257848,0.1159793809056282,0.49450549483299255,0.3773377239704132
YGL135W,YLR336C,0,-0.72587097,0.11595221608877182,0.49450549483299255,0.3774377405643463
YOR030W,YJR101W,0,-0.7259028,0.11592505872249603,0.49450549483299255,0.3775377571582794
YPR159W,YNR067C,1,-0.72615707,0.11613205075263977,0.4955044984817505,0.3775377571582794
YLR003C,YAL009W,0,-0.7261632,0.11610487103462219,0.4955044984817505,0.3776377737522125
YDR486C,YDR476C,0,-0.72623855,0.11607769876718521,0.4955044984817505,0.37773776054382324
YBL021C,YBR155W,0,-0.72624546,0.11605054140090942,0.4955044984817505,0.37783777713775635
YDR134C,YMR264W,0,-0.72625643,0.11602339148521423,0.4955044984817505,0.37793779373168945
YDR171W,YLR212C,0,-0.7263116,0.11599625647068024,0.4955044984817505,0.37803781032562256
YIL031W,YHL018W,0,-0.7263535,0.11596913635730743,0.4955044984817505,0.37813782691955566
YGR279C,YIR007W,1,-0.7263868,0.11617578566074371,0.4965035021305084,0.37813782691955566
YLR009W,YOR304C-A,0,-0.72638774,0.11614863574504852,0.4965035021305084,0.3782378137111664
YIL113W,YCL052C,0,-0.7264012,0.11612149327993393,0.4965035021305084,0.3783378303050995
YNL010W,YHR046C,0,-0.7264928,0.11609437316656113,0.4965035021305084,0.3784378468990326
YNL270C,YLR321C,0,-0.72679234,0.11606726050376892,0.4965035021305084,0.3785378634929657
YKR020W,YDR297W,0,-0.726943,0.11604015529155731,0.4965035021305084,0.3786378502845764
YDL193W,YKL182W,0,-0.7270294,0.1160130724310875,0.4965035021305084,0.3787378668785095
YPR167C,YBL091C-A,0,-0.7270393,0.11598599702119827,0.4965035021305084,0.3788378834724426
YLL039C,YNL050C,0,-0.727267,0.11595893651247025,0.4965035021305084,0.37893790006637573
YGR198W,YNL191W,0,-0.7272965,0.11593188345432281,0.4965035021305084,0.37903791666030884
YGR288W,YDL215C,0,-0.7274132,0.11590485274791718,0.4965035021305084,0.37913790345191956
YGR180C,YML025C,0,-0.7275284,0.11587782949209213,0.4965035021305084,0.37923792004585266
YLL033W,YLR389C,0,-0.72754,0.11585081368684769,0.4965035021305084,0.37933793663978577
YBL103C,YOR344C,0,-0.7275653,0.11582382023334503,0.4965035021305084,0.37943795323371887
YOR344C,YBR006W,0,-0.7276317,0.11579683423042297,0.4965035021305084,0.3795379400253296
YKR069W,YGR281W,0,-0.72770697,0.11576985567808151,0.4965035021305084,0.3796379566192627
YNL208W,YOR043W,0,-0.72776043,0.11574289947748184,0.4965035021305084,0.3797379732131958
YOL125W,YJR043C,0,-0.7278699,0.11571595072746277,0.4965035021305084,0.3798379898071289
YIL049W,YHR016C,0,-0.72787124,0.11568900942802429,0.4965035021305084,0.379938006401062
YAL055W,YDR195W,0,-0.72791076,0.1156620904803276,0.4965035021305084,0.38003799319267273
YNL262W,YMR025W,0,-0.72792846,0.11563517898321152,0.4965035021305084,0.38013800978660583
YBR297W,YCL043C,0,-0.7281045,0.11560828238725662,0.4965035021305084,0.38023802638053894
YAL001C,YGR159C,0,-0.7281126,0.11558139324188232,0.4965035021305084,0.38033804297447205
YER095W,YDL232W,0,-0.7281498,0.11555451899766922,0.4965035021305084,0.38043802976608276
YOR270C,YLR438C-A,0,-0.72824085,0.11552765965461731,0.4965035021305084,0.38053804636001587
YOL157C,YCR060W,0,-0.7282636,0.11550081521272659,0.4965035021305084,0.380638062953949
YIL021W,YJR040W,0,-0.7282711,0.11547397822141647,0.4965035021305084,0.3807380795478821
YFL062W,YNL001W,0,-0.7282766,0.11544715613126755,0.4965035021305084,0.3808380961418152
YGR191W,YBR229C,0,-0.728483,0.11542034149169922,0.4965035021305084,0.3809380829334259
YNL188W,YPR001W,0,-0.7285044,0.11539354175329208,0.4965035021305084,0.381038099527359
YHR091C,YPL167C,0,-0.72861296,0.11536675691604614,0.4965035021305084,0.3811381161212921
YIR021W,YPR144C,0,-0.7286738,0.1153399869799614,0.4965035021305084,0.3812381327152252
YGR225W,YPR021C,0,-0.7288364,0.11531322449445724,0.4965035021305084,0.38133811950683594
YPR204W,YML118W,0,-0.72886765,0.11528647691011429,0.4965035021305084,0.38143813610076904
YBR139W,YPL160W,0,-0.7289028,0.11525973677635193,0.4965035021305084,0.38153815269470215
YMR011W,YMR233W,0,-0.7289537,0.11523301899433136,0.4965035021305084,0.38163816928863525
YOL057W,YNL159C,0,-0.7289624,0.11520630866289139,0.4965035021305084,0.38173818588256836
YCL026C-A,YOR339C,0,-0.72897434,0.11517960578203201,0.4965035021305084,0.3818381726741791
YPR112C,YBR118W,0,-0.7290312,0.11515291780233383,0.4965035021305084,0.3819381892681122
YER078C,YOL026C,0,-0.72904086,0.11512624472379684,0.4965035021305084,0.3820382058620453
YNL135C,YCL074W,0,-0.7291136,0.11509958654642105,0.4965035021305084,0.3821382224559784
YNR073C,YJR129C,0,-0.7293546,0.11507293581962585,0.4965035021305084,0.3822382092475891
YPR019W,YOR294W,0,-0.72958463,0.11504629999399185,0.4965035021305084,0.3823382258415222
YOR251C,YKL013C,0,-0.72960365,0.11501967161893845,0.4965035021305084,0.3824382424354553
YLR204W,YGR121C,0,-0.72961783,0.11499305814504623,0.4965035021305084,0.3825382590293884
YMR285C,YDR318W,0,-0.72968626,0.11496645957231522,0.4965035021305084,0.38263827562332153
YLR439W,YLR310C,0,-0.7297353,0.1149398684501648,0.4965035021305084,0.38273826241493225
YDR312W,YER061C,0,-0.7297452,0.11491329222917557,0.4965035021305084,0.38283827900886536
YAL054C,YMR168C,0,-0.7298567,0.11488673090934753,0.4965035021305084,0.38293829560279846
YOR190W,YGR143W,1,-0.730054,0.11509128659963608,0.49750250577926636,0.38293829560279846
YKR067W,YNL082W,0,-0.7302158,0.11506469547748566,0.49750250577926636,0.38303831219673157
YNL070W,YKR039W,0,-0.7305374,0.11503811180591583,0.49750250577926636,0.3831382989883423
YMR005W,YOL152W,0,-0.73054755,0.1150115504860878,0.49750250577926636,0.3832383155822754
YJL216C,YOL155C,1,-0.7305891,0.11521588265895844,0.4985015094280243,0.3832383155822754
YMR143W,YPL128C,0,-0.73059803,0.11518929153680801,0.4985015094280243,0.3833383321762085
YDR055W,YDR224C,0,-0.7306038,0.11516270786523819,0.4985015094280243,0.3834383487701416
YER148W,YEL065W,0,-0.7306123,0.11513613164424896,0.4985015094280243,0.3835383653640747
YER169W,YPR028W,0,-0.7306684,0.11510957032442093,0.4985015094280243,0.3836383521556854
YGL123W,YGR013W,0,-0.7306901,0.11508302390575409,0.4985015094280243,0.38373836874961853
YLR014C,YCL033C,0,-0.7307035,0.11505649238824844,0.4985015094280243,0.38383838534355164
YKL090W,YMR282C,0,-0.73086363,0.1150299683213234,0.4985015094280243,0.38393840193748474
YLR283W,YNL099C,0,-0.73107487,0.11500345915555954,0.4985015094280243,0.38403841853141785
YNL125C,YOL107W,0,-0.7311692,0.11497695744037628,0.4985015094280243,0.38413840532302856
YDL126C,YML058W,0,-0.7312404,0.11495047062635422,0.4985015094280243,0.38423842191696167
YLR318W,YKL164C,0,-0.7312503,0.11492399871349335,0.4985015094280243,0.3843384385108948
YPL098C,YHR188C,0,-0.731442,0.11489753425121307,0.4985015094280243,0.3844384551048279
YPL069C,YDL246C,0,-0.73152417,0.114871084690094,0.4985015094280243,0.3845384418964386
YJR153W,YIL172C,1,-0.7315414,0.11507479846477509,0.4995005130767822,0.3845384418964386
YOL080C,YAL003W,0,-0.7315537,0.11504831910133362,0.4995005130767822,0.3846384584903717
YMR189W,YFR032C-A,0,-0.73165196,0.11502185463905334,0.4995005130767822,0.3847384750843048
YDR126W,YPL096W,0,-0.73176664,0.11499539762735367,0.4995005130767822,0.3848384916782379
YHR164C,YJR019C,0,-0.7317827,0.11496895551681519,0.4995005130767822,0.384938508272171
YDR085C,YKR050W,0,-0.7318346,0.1149425283074379,0.4995005130767822,0.38503849506378174
YNL273W,YBR118W,0,-0.7320081,0.1149161085486412,0.4995005130767822,0.38513851165771484
YPL249C-A,YDL148C,0,-0.73221576,0.1148897036910057,0.4995005130767822,0.38523852825164795
YOL107W,YLR029C,0,-0.73232615,0.1148633137345314,0.4995005130767822,0.38533854484558105
YDL156W,YFR033C,0,-0.7323468,0.1148369312286377,0.4995005130767822,0.3854385316371918
YML078W,YGR020C,0,-0.7324457,0.11481056362390518,0.4995005130767822,0.3855385482311249
YOR351C,YDR297W,0,-0.73258865,0.11478420346975327,0.4995005130767822,0.385638564825058
YJR086W,YIL133C,0,-0.73262423,0.11475785821676254,0.4995005130767822,0.3857385814189911
YJR131W,YGR189C,1,-0.732674,0.11496099084615707,0.5004994869232178,0.3857385814189911
YGR090W,YKR055W,0,-0.73274183,0.11493461579084396,0.5004994869232178,0.3858385980129242
YBR267W,YGL039W,0,-0.73275125,0.11490825563669205,0.5004994869232178,0.3859385848045349
YDR074W,YNR003C,0,-0.73277086,0.11488191038370132,0.5004994869232178,0.386038601398468
YNL307C,YER089C,0,-0.73277634,0.1148555725812912,0.5004994869232178,0.3861386179924011
YML071C,YJR036C,0,-0.732859,0.11482924222946167,0.5004994869232178,0.38623863458633423
YFL066C,YGL011C,0,-0.7329087,0.11480293422937393,0.5004994869232178,0.38633862137794495
YPL151C,YEL030W,0,-0.7329277,0.11477663367986679,0.5004994869232178,0.38643863797187805
YER106W,YOR074C,0,-0.7329683,0.11475034058094025,0.5004994869232178,0.38653865456581116
YIL099W,YDR400W,1,-0.73297113,0.11495305597782135,0.5014985203742981,0.38653865456581116
YBL092W,YPL283C,0,-0.7330707,0.11492674052715302,0.5014985203742981,0.38663867115974426
YML073C,YJL187C,0,-0.7333482,0.11490043252706528,0.5014985203742981,0.38673868775367737
YBR074W,YPL256C,0,-0.73357975,0.11487413942813873,0.5014985203742981,0.3868386745452881
YGL212W,YOR367W,0,-0.7337742,0.11484786123037338,0.5014985203742981,0.3869386911392212
YCL074W,YOR025W,0,-0.7338816,0.11482159048318863,0.5014985203742981,0.3870387077331543
YKL113C,YOR388C,0,-0.73391044,0.11479533463716507,0.5014985203742981,0.3871387243270874
YJL087C,YPL103C,0,-0.7340257,0.1147690936923027,0.5014985203742981,0.3872387111186981
YMR114C,YHR029C,0,-0.734167,0.11474286019802094,0.5014985203742981,0.3873387277126312
YDR001C,YJR153W,1,-0.7343887,0.11494515836238861,0.5024974942207336,0.3873387277126312
YGL017W,YDL136W,0,-0.7345439,0.11491889506578445,0.5024974942207336,0.38743874430656433
YCL024W,YMR043W,0,-0.73456013,0.11489264667034149,0.5024974942207336,0.38753876090049744
YLR329W,YMR291W,0,-0.73482656,0.11486640572547913,0.5024974942207336,0.38763877749443054
YJL044C,YMR292W,0,-0.7348913,0.11484017968177795,0.5024974942207336,0.38773876428604126
YBR139W,YER095W,0,-0.73505926,0.11481396853923798,0.5024974942207336,0.38783878087997437
YAR027W,YML054C,0,-0.73521864,0.1147877648472786,0.5024974942207336,0.38793879747390747
YDR281C,YLL040C,0,-0.735409,0.11476157605648041,0.5024974942207336,0.3880388140678406
YPL024W,YPR152C,0,-0.73541224,0.11473540216684341,0.5024974942207336,0.3881388008594513
YJR031C,YLL042C,0,-0.7354416,0.11470923572778702,0.5024974942207336,0.3882388174533844
YDR353W,YBL106C,0,-0.7354481,0.11468308418989182,0.5024974942207336,0.3883388340473175
YJL203W,YDL097C,0,-0.7357888,0.11465694010257721,0.5024974942207336,0.3884388506412506
YGR183C,YDR081C,0,-0.7359097,0.1146308109164238,0.5024974942207336,0.3885388672351837
YJL087C,YNL044W,0,-0.7359683,0.11460469663143158,0.5024974942207336,0.38863885402679443
YAL003W,YPL159C,0,-0.73604155,0.11457858979701996,0.5024974942207336,0.38873887062072754
YOL054W,YJR083C,0,-0.73605156,0.11455249041318893,0.5024974942207336,0.38883888721466064
YGR256W,YMR061W,0,-0.7360699,0.1145264133810997,0.5024974942207336,0.38893890380859375
YPR061C,YDR400W,0,-0.73610383,0.11450034379959106,0.5024974942207336,0.38903889060020447
YDR462W,YNR017W,0,-0.7363367,0.11447428166866302,0.5024974942207336,0.3891389071941376
YEL011W,YOL043C,1,-0.73640203,0.11467576771974564,0.503496527671814,0.3891389071941376
YAL038W,YNR039C,0,-0.736438,0.1146496832370758,0.503496527671814,0.3892389237880707
YGR292W,YDR400W,1,-0.7365304,0.11485103517770767,0.5044955015182495,0.3892389237880707
YNL073W,YJL073W,0,-0.7366148,0.11482492089271545,0.5044955015182495,0.3893389403820038
YLR117C,YKL212W,0,-0.7366737,0.11479882150888443,0.5044955015182495,0.3894389569759369
YIR021W,YPR035W,0,-0.7368297,0.114772729575634,0.5044955015182495,0.3895389437675476
YOR368W,YEL060C,0,-0.73687,0.11474664509296417,0.5044955015182495,0.3896389603614807
YHR143W-A,YEL015W,0,-0.73697996,0.11472058296203613,0.5044955015182495,0.3897389769554138
YIL140W,YDR306C,0,-0.73699236,0.11469452828168869,0.5044955015182495,0.3898389935493469
YDR159W,YGR072W,0,-0.737018,0.11466848105192184,0.5044955015182495,0.38993898034095764
YML012W,YMR266W,0,-0.7370416,0.11464244872331619,0.5044955015182495,0.39003899693489075
YDR483W,YGR101W,0,-0.73705554,0.11461643129587173,0.5044955015182495,0.39013901352882385
YJR010C-A,YPR004C,0,-0.73733085,0.11459042131900787,0.5044955015182495,0.39023903012275696
YPR103W,YNL086W,0,-0.7373328,0.1145644262433052,0.5044955015182495,0.39033904671669006
YPL072W,YNL289W,0,-0.73733747,0.11453844606876373,0.5044955015182495,0.3904390335083008
YER171W,YIL135C,0,-0.7373549,0.11451247334480286,0.5044955015182495,0.3905390501022339
YMR277W,YML094W,0,-0.73752743,0.11448650807142258,0.5044955015182495,0.390639066696167
YOR298C-A,YFL050C,0,-0.73753417,0.11446056514978409,0.5044955015182495,0.3907390832901001
YDR402C,YGR262C,0,-0.73778504,0.1144346222281456,0.5044955015182495,0.3908390700817108
YNL152W,YDR315C,0,-0.7380528,0.1144087016582489,0.5044955015182495,0.3909390866756439
YIL080W,YMR224C,0,-0.7381542,0.1143827885389328,0.5044955015182495,0.391039103269577
YER048W-A,YMR287C,0,-0.73832184,0.1143568828701973,0.5044955015182495,0.39113911986351013
YER045C,YOR298W,0,-0.73839784,0.11433099210262299,0.5044955015182495,0.39123913645744324
YIL162W,YOR219C,0,-0.73845875,0.11430511623620987,0.5044955015182495,0.39133912324905396
YBR286W,YLR283W,0,-0.7384681,0.11427924782037735,0.5044955015182495,0.39143913984298706
YDL132W,YDR240C,0,-0.73861676,0.11425339430570602,0.5044955015182495,0.39153915643692017
YLL042C,YBR236C,0,-0.738732,0.1142275482416153,0.5044955015182495,0.39163917303085327
YHL036W,YKL008C,0,-0.7387804,0.11420171707868576,0.5044955015182495,0.391739159822464
YOL165C,YDR507C,0,-0.7391411,0.11417590081691742,0.5044955015182495,0.3918391764163971
YPL031C,YEL011W,0,-0.7392809,0.11415009200572968,0.5044955015182495,0.3919391930103302
YJR002W,YMR130W,0,-0.7394074,0.11412429064512253,0.5044955015182495,0.3920392096042633
YLR359W,YER036C,0,-0.7395181,0.11409851163625717,0.5044955015182495,0.3921392261981964
YGL190C,YPR043W,0,-0.739575,0.11407273262739182,0.5044955015182495,0.39223921298980713
YKL107W,YKR019C,0,-0.73966527,0.11404697597026825,0.5044955015182495,0.39233922958374023
YGL136C,YLR438C-A,0,-0.7397646,0.11402122676372528,0.5044955015182495,0.39243924617767334
YDR184C,YNL032W,0,-0.7397766,0.11399548500776291,0.5044955015182495,0.39253926277160645
YHR001W,YPL002C,0,-0.739805,0.11396975815296173,0.5044955015182495,0.39263924956321716
YDL110C,YNL152W,0,-0.73980606,0.11394404619932175,0.5044955015182495,0.39273926615715027
YBR202W,YNL309W,0,-0.7399664,0.11391834169626236,0.5044955015182495,0.3928392827510834
YPL098C,YKL175W,0,-0.7401296,0.11389264464378357,0.5044955015182495,0.3929392993450165
YDL138W,YCR052W,0,-0.74021316,0.11386696994304657,0.5044955015182495,0.3930393159389496
YDR064W,YEL034W,0,-0.74022126,0.11384129524230957,0.5044955015182495,0.3931393027305603
YBR001C,YDR400W,1,-0.74042225,0.11404101550579071,0.5054945349693298,0.3931393027305603
YKL183W,YDR358W,0,-0.7405182,0.11401532590389252,0.5054945349693298,0.3932393193244934
YJR161C,YCR017C,0,-0.74055207,0.11398963630199432,0.5054945349693298,0.3933393359184265
YLR449W,YPR183W,0,-0.7407582,0.11396396160125732,0.5054945349693298,0.3934393525123596
YIR032C,YJR135W-A,0,-0.7407973,0.11393830180168152,0.5054945349693298,0.39353933930397034
YBR012W-B,YBR183W,0,-0.74087167,0.11391264945268631,0.5054945349693298,0.39363935589790344
YOR138C,YNL316C,0,-0.7409319,0.1138870120048523,0.5054945349693298,0.39373937249183655
YER125W,YLR219W,0,-0.7410743,0.11386138945817947,0.5054945349693298,0.39383938908576965
YKL120W,YPL172C,0,-0.7411822,0.11383576691150665,0.5054945349693298,0.39393940567970276
YNR010W,YKL212W,0,-0.7413143,0.11381016671657562,0.5054945349693298,0.3940393924713135
YDL039C,YDL185W,0,-0.74134684,0.11378457397222519,0.5054945349693298,0.3941394090652466
YMR045C,YGR189C,0,-0.7413851,0.11375899612903595,0.5054945349693298,0.3942394256591797
YLR229C,YNL159C,0,-0.7414308,0.11373342573642731,0.5054945349693298,0.3943394422531128
YPL091W,YBR205W,0,-0.74145794,0.11370786279439926,0.5054945349693298,0.3944394290447235
YOR202W,YKL049C,0,-0.74160177,0.113682322204113,0.5054945349693298,0.3945394456386566
YLR160C,YBR222C,0,-0.74161774,0.11365678161382675,0.5054945349693298,0.3946394622325897
YOR063W,YBL041W,0,-0.74184334,0.11363126337528229,0.5054945349693298,0.3947394788265228
YLL010C,YOR153W,0,-0.741886,0.11360574513673782,0.5054945349693298,0.39483949542045593
YOR375C,YJL014W,0,-0.74191344,0.11358024924993515,0.5054945349693298,0.39493948221206665
YBR167C,YBR260C,0,-0.7419565,0.11355476081371307,0.5054945349693298,0.39503949880599976
YGL027C,YHR204W,1,-0.7420176,0.11375364661216736,0.5064935088157654,0.39503949880599976
YOR182C,YCR075C,0,-0.74209934,0.1137281283736229,0.5064935088157654,0.39513951539993286
YBR251W,YBL010C,0,-0.7421056,0.11370262503623962,0.5064935088157654,0.39523953199386597
YER130C,YOR257W,0,-0.7422136,0.11367712914943695,0.5064935088157654,0.3953395485877991
YDR380W,YKR035W-A,0,-0.74222463,0.11365164816379547,0.5064935088157654,0.3954395353794098
YKL112W,YKL164C,0,-0.7424036,0.11362617462873459,0.5064935088157654,0.3955395519733429
YOR143C,YDR349C,0,-0.74244046,0.1136007159948349,0.5064935088157654,0.395639568567276
YNL274C,YPL047W,0,-0.74250036,0.1135752722620964,0.5064935088157654,0.3957395851612091
YNL297C,YOL030W,0,-0.74268585,0.11354982852935791,0.5064935088157654,0.3958395719528198
YKL021C,YDR424C,0,-0.74272376,0.1135244071483612,0.5064935088157654,0.39593958854675293
YIR007W,YNR067C,1,-0.74279237,0.11372285336256027,0.5074924826622009,0.39593958854675293
YLR135W,YNL245C,0,-0.743168,0.11369740217924118,0.5074924826622009,0.39603960514068604
YDR478W,YOL028C,0,-0.74326485,0.11367196589708328,0.5074924826622009,0.39613962173461914
YGL178W,YER145C,0,-0.743281,0.11364652961492538,0.5074924826622009,0.39623963832855225
YOR190W,YAL015C,1,-0.7432821,0.11384477466344833,0.5084915161132812,0.39623963832855225
YBR159W,YJR010W,0,-0.7432972,0.11381932348012924,0.5084915161132812,0.39633962512016296
YPL051W,YPR030W,0,-0.74330056,0.11379387229681015,0.5084915161132812,0.39643964171409607
YJR107W,YBR234C,0,-0.7434846,0.11376844346523285,0.5084915161132812,0.3965396583080292
YPR118W,YMR211W,0,-0.7435918,0.11374301463365555,0.5084915161132812,0.3966396749019623
YLR144C,YPR184W,1,-0.7437076,0.1139410212635994,0.5094904899597168,0.3966396749019623
YOL077C,YLR148W,0,-0.7440675,0.1139155700802803,0.5094904899597168,0.396739661693573
YPL143W,YIL004C,0,-0.7441658,0.11389012634754181,0.5094904899597168,0.3968396782875061
YOL060C,YHR061C,0,-0.7442024,0.1138647049665451,0.5094904899597168,0.3969396948814392
YAR031W,YDR492W,0,-0.74421984,0.1138392835855484,0.5094904899597168,0.3970397114753723
YER174C,YKL188C,0,-0.7442731,0.11381387710571289,0.5094904899597168,0.3971397280693054
YNL185C,YLL054C,0,-0.74433315,0.11378848552703857,0.5094904899597168,0.39723971486091614
YOR202W,YNL021W,0,-0.7443596,0.11376310139894485,0.5094904899597168,0.39733973145484924
YOR046C,YJR160C,0,-0.74436575,0.11373773217201233,0.5094904899597168,0.39743974804878235
YKL088W,YPR113W,0,-0.7443992,0.113712377846241,0.5094904899597168,0.39753976464271545
YLR237W,YDL060W,0,-0.7446637,0.11368702352046967,0.5094904899597168,0.39763975143432617
YDL099W,YCL059C,0,-0.7447322,0.11366169154644012,0.5094904899597168,0.3977397680282593
YNL073W,YGL207W,0,-0.7448325,0.11363636702299118,0.5094904899597168,0.3978397846221924
YHR085W,YOL088C,0,-0.74483454,0.11361104995012283,0.5094904899597168,0.3979398012161255
YNR057C,YDR099W,0,-0.7449236,0.11358574777841568,0.5094904899597168,0.3980398178100586
YEL046C,YBR125C,0,-0.7451018,0.11356045305728912,0.5094904899597168,0.3981398046016693
YBR170C,YMR165C,0,-0.7452954,0.11353517323732376,0.5094904899597168,0.3982398211956024
YBL028C,YLR157C,0,-0.74530905,0.113509900867939,0.5094904899597168,0.3983398377895355
YBR299W,YER142C,1,-0.7453169,0.11370716243982315,0.5104895234107971,0.3983398377895355
YBL113C,YPR140W,0,-0.7453915,0.1136818677186966,0.5104895234107971,0.39843985438346863
YPL192C,YMR029C,0,-0.7457274,0.11365658044815063,0.5104895234107971,0.39853984117507935
YKR014C,YBR002C,0,-0.74574506,0.11363130807876587,0.5104895234107971,0.39863985776901245
YKL100C,YML065W,0,-0.74588764,0.1136060506105423,0.5104895234107971,0.39873987436294556
YER141W,YPR144C,0,-0.74599206,0.11358079314231873,0.5104895234107971,0.39883989095687866
YOR130C,YOR066W,0,-0.74603623,0.11355555802583694,0.5104895234107971,0.39893990755081177
YMR267W,YMR240C,0,-0.7460784,0.11353032290935516,0.5104895234107971,0.3990398943424225
YML113W,YMR130W,0,-0.74607944,0.11350511014461517,0.5104895234107971,0.3991399109363556
YCR028C,YFL033C,0,-0.7461776,0.11347990483045578,0.5104895234107971,0.3992399275302887
YDR419W,YBL112C,0,-0.7461898,0.11345470696687698,0.5104895234107971,0.3993399441242218
YNR067C,YBR019C,0,-0.7463403,0.11342952400445938,0.5104895234107971,0.3994399309158325
YHR029C,YHR074W,0,-0.74638844,0.11340434849262238,0.5104895234107971,0.3995399475097656
YBR001C,YJR153W,1,-0.7464522,0.11360106617212296,0.5114884972572327,0.3995399475097656
YDL051W,YML104C,0,-0.7464706,0.11357586830854416,0.5114884972572327,0.39963996410369873
YPR026W,YJR153W,1,-0.74681103,0.113772451877594,0.512487530708313,0.39963996410369873
YKL183W,YKR097W,0,-0.74697375,0.11374723166227341,0.512487530708313,0.39973998069763184
YLR142W,YNL307C,0,-0.7470388,0.11372201144695282,0.512487530708313,0.39983999729156494
YJL117W,YKR039W,0,-0.7473419,0.11369680613279343,0.512487530708313,0.39993998408317566
YJR145C,YDL144C,0,-0.74741375,0.11367161571979523,0.512487530708313,0.40004000067710876
YER050C,YDR324C,0,-0.7474393,0.11364643275737762,0.512487530708313,0.40014001727104187
YER021W,YML099C,0,-0.7475725,0.11362126469612122,0.512487530708313,0.400240033864975
YGR234W,YJL187C,0,-0.747864,0.1135961040854454,0.512487530708313,0.4003400206565857
YDL095W,YML087C,0,-0.74814314,0.11357095092535019,0.512487530708313,0.4004400372505188
YDR164C,YDL039C,0,-0.74825096,0.11354582011699677,0.512487530708313,0.4005400538444519
YOR083W,YBR142W,0,-0.7483413,0.11352068930864334,0.512487530708313,0.400640070438385
YGL213C,YJR145C,0,-0.7483443,0.11349557340145111,0.512487530708313,0.4007400870323181
YML080W,YOR278W,0,-0.7483667,0.11347047239542007,0.512487530708313,0.40084007382392883
YKL190W,YBR152W,0,-0.74842167,0.11344537883996964,0.512487530708313,0.40094009041786194
YIL009C-A,YNR056C,0,-0.7486253,0.11342029273509979,0.512487530708313,0.40104010701179504
YDL085W,YOL003C,0,-0.7487414,0.11339522898197174,0.512487530708313,0.40114012360572815
YML113W,YOL075C,0,-0.7487768,0.11337016522884369,0.512487530708313,0.40124011039733887
YNL135C,YPL012W,0,-0.7487889,0.11334511637687683,0.512487530708313,0.401340126991272
YBL097W,YFR045W,0,-0.7488427,0.11332008242607117,0.512487530708313,0.4014401435852051
YOR010C,YKL021C,0,-0.74895954,0.1132950559258461,0.512487530708313,0.4015401601791382
YJL160C,YER175C,0,-0.74901295,0.11327003687620163,0.512487530708313,0.4016401767730713
YJL085W,YPR102C,0,-0.74904066,0.11324503272771835,0.512487530708313,0.401740163564682
YML073C,YBR014C,0,-0.7491356,0.11322003602981567,0.512487530708313,0.4018401801586151
YJL125C,YHR084W,0,-0.7495415,0.11319505423307419,0.512487530708313,0.4019401967525482
YJR015W,YLR081W,0,-0.7495444,0.1131700873374939,0.512487530708313,0.4020402133464813
YIL170W,YAR010C,0,-0.74957407,0.1131451278924942,0.512487530708313,0.40214020013809204
YHL027W,YBR196C,0,-0.7497052,0.1131201758980751,0.512487530708313,0.40224021673202515
YJL071W,YHR086W,0,-0.7498511,0.1130952388048172,0.512487530708313,0.40234023332595825
YHL012W,YLR251W,0,-0.74989533,0.11307030916213989,0.512487530708313,0.40244024991989136
YHR051W,YKL013C,0,-0.74990046,0.11304539442062378,0.512487530708313,0.40254026651382446
YGL227W,YDR342C,0,-0.74991584,0.11302048712968826,0.512487530708313,0.4026402533054352
YLR144C,YBR056W,1,-0.74991995,0.1132158562541008,0.5134865045547485,0.4026402533054352
YBR014C,YPL079W,0,-0.75003767,0.11319092661142349,0.5134865045547485,0.4027402698993683
YNL280C,YGR112W,0,-0.75024235,0.11316600441932678,0.5134865045547485,0.4028402864933014
YOR143C,YNL086W,0,-0.7502625,0.11314109712839127,0.5134865045547485,0.4029403030872345
YER075C,YNL282W,0,-0.75046164,0.11311619728803635,0.5134865045547485,0.4030402898788452
YHR042W,YHR076W,0,-0.75048184,0.11309131234884262,0.5134865045547485,0.4031403064727783
YPL227C,YDL159W,0,-0.7504828,0.11306643486022949,0.5134865045547485,0.4032403230667114
YLR033W,YKR042W,0,-0.75065565,0.11304156482219696,0.5134865045547485,0.40334033966064453
YOR037W,YGR023W,0,-0.7507655,0.11301670968532562,0.5134865045547485,0.40344035625457764
YKR086W,YDR297W,0,-0.7508485,0.11299186944961548,0.5134865045547485,0.40354034304618835
YKR098C,YJL090C,0,-0.7509191,0.11296703666448593,0.5134865045547485,0.40364035964012146
YER142C,YLR213C,1,-0.7509561,0.11316194385290146,0.5144855380058289,0.40364035964012146
YPL158C,YBR067C,0,-0.75102746,0.11313708126544952,0.5144855380058289,0.40374037623405457
YOR127W,YCR075C,0,-0.751073,0.11311223357915878,0.5144855380058289,0.40384039282798767
YDR228C,YDL184C,0,-0.75108397,0.11308739334344864,0.5144855380058289,0.4039403796195984
YPL270W,YJR139C,0,-0.75114125,0.11306256800889969,0.5144855380058289,0.4040403962135315
YMR280C,YGL011C,0,-0.75116634,0.11303775012493134,0.5144855380058289,0.4041404128074646
YKL208W,YDR354W,0,-0.751269,0.11301294714212418,0.5144855380058289,0.4042404294013977
YER019C-A,YDR113C,0,-0.75138795,0.11298815160989761,0.5144855380058289,0.4043404459953308
YMR017W,YNL304W,0,-0.75181925,0.11296337097883224,0.5144855380058289,0.40444043278694153
YOR077W,YKL198C,0,-0.7519527,0.11293859779834747,0.5144855380058289,0.40454044938087463
YER048W-A,YDR326C,0,-0.7520045,0.1129138320684433,0.5144855380058289,0.40464046597480774
YML006C,YAL047C,0,-0.75226194,0.11288908123970032,0.5144855380058289,0.40474048256874084
YER086W,YLR381W,0,-0.75241345,0.11286434531211853,0.5144855380058289,0.40484046936035156
YDR198C,YDR315C,0,-0.7524139,0.11283961683511734,0.5144855380058289,0.40494048595428467
YBR096W,YBR123C,0,-0.75260395,0.11281489580869675,0.5144855380058289,0.4050405025482178
YFL057C,YKL017C,0,-0.75260615,0.11279018968343735,0.5144855380058289,0.4051405191421509
YDR522C,YMR233W,0,-0.7527738,0.11276549100875854,0.5144855380058289,0.405240535736084
YIL162W,YBR056W,1,-0.7529932,0.11295972019433975,0.5154845118522644,0.405240535736084
YNL177C,YGR251W,0,-0.75315416,0.11293499916791916,0.5154845118522644,0.4053405225276947
YKL015W,YJL102W,0,-0.7533262,0.11291028559207916,0.5154845118522644,0.4054405391216278
YMR238W,YAR035W,0,-0.75336105,0.11288557946681976,0.5154845118522644,0.4055405557155609
YFR004W,YLR078C,0,-0.7533636,0.11286089569330215,0.5154845118522644,0.405640572309494
YBR037C,YNL242W,0,-0.75351214,0.11283621191978455,0.5154845118522644,0.4057405889034271
YBR081C,YOL071W,0,-0.7535565,0.11281154304742813,0.5154845118522644,0.40584057569503784
YGR287C,YJL221C,1,-0.7536132,0.11300546675920486,0.5164835453033447,0.40584057569503784
YPR070W,YIL171W,0,-0.75363904,0.11298076808452606,0.5164835453033447,0.40594059228897095
YER168C,YDL206W,0,-0.7536501,0.11295608431100845,0.5164835453033447,0.40604060888290405
YDR126W,YPR151C,0,-0.75381804,0.11293140798807144,0.5164835453033447,0.40614062547683716
YPL030W,YJR092W,0,-0.7538696,0.11290674656629562,0.5164835453033447,0.4062406122684479
YDR488C,YEL061C,0,-0.75390023,0.1128820925951004,0.5164835453033447,0.406340628862381
YJR094W-A,YCL057W,0,-0.75407594,0.11285745352506638,0.5164835453033447,0.4064406454563141
YPR072W,YER074W,0,-0.754213,0.11283282190561295,0.5164835453033447,0.4065406620502472
YBL039C,YGR207C,0,-0.7542882,0.11280820518732071,0.5164835453033447,0.4066406786441803
YMR316W,YKL049C,0,-0.75429606,0.11278359591960907,0.5164835453033447,0.406740665435791
YHR029C,YPR127W,0,-0.7543043,0.11275899410247803,0.5164835453033447,0.4068406820297241
YOL128C,YCL075W,0,-0.7543783,0.11273440718650818,0.5164835453033447,0.4069406986236572
YPL051W,YDR457W,0,-0.75444067,0.11270983517169952,0.5164835453033447,0.40704071521759033
YPR066W,YAR018C,0,-0.7545134,0.11268526315689087,0.5164835453033447,0.40714070200920105
YLR438C-A,YPL023C,0,-0.7546603,0.112660713493824,0.5164835453033447,0.40724071860313416
YGL012W,YJR068W,0,-0.754675,0.11263616383075714,0.5164835453033447,0.40734073519706726
YJR121W,YOR283W,0,-0.7546921,0.11261162906885147,0.5164835453033447,0.40744075179100037
YJR089W,YDR380W,0,-0.75475466,0.112587109208107,0.5164835453033447,0.40754076838493347
YDR501W,YNL006W,0,-0.754801,0.11256259679794312,0.5164835453033447,0.4076407551765442
YDL085W,YMR227C,0,-0.75485504,0.11253809183835983,0.5164835453033447,0.4077407717704773
YOL129W,YPR030W,0,-0.7548667,0.11251360177993774,0.5164835453033447,0.4078407883644104
YIL082W-A,YIL050W,0,-0.7552676,0.11248911917209625,0.5164835453033447,0.4079408049583435
YER002W,YHR175W,0,-0.7552744,0.11246465146541595,0.5164835453033447,0.4080407917499542
YKL008C,YDR425W,0,-0.75528264,0.11244019120931625,0.5164835453033447,0.40814080834388733
YNL075W,YBL034C,0,-0.75530255,0.11241574585437775,0.5164835453033447,0.40824082493782043
YBR055C,YJR129C,0,-0.7553804,0.11239130795001984,0.5164835453033447,0.40834084153175354
YLR073C,YDR403W,0,-0.7554039,0.11236687749624252,0.5164835453033447,0.40844085812568665
YJR131W,YGL027C,1,-0.75541663,0.11255975812673569,0.5174825191497803,0.40844085812568665
YJR064W,YMR119W,0,-0.7554281,0.11253530532121658,0.5174825191497803,0.40854084491729736
YML114C,YGR218W,0,-0.7557367,0.11251085996627808,0.5174825191497803,0.40864086151123047
YGL250W,YLR045C,0,-0.7557701,0.11248642951250076,0.5174825191497803,0.4087408781051636
YDR520C,YBR182C,0,-0.755774,0.11246200650930405,0.5174825191497803,0.4088408946990967
YGR279C,YHR067W,0,-0.7558319,0.11243759840726852,0.5174825191497803,0.4089408814907074
YNL217W,YNL192W,0,-0.7558875,0.1124131977558136,0.5174825191497803,0.4090408980846405
YLR135W,YFL016C,0,-0.7559924,0.11238880455493927,0.5174825191497803,0.4091409146785736
YNL107W,YPL081W,0,-0.75602794,0.11236442625522614,0.5174825191497803,0.4092409312725067
YHL018W,YLR424W,0,-0.75613606,0.1123400554060936,0.5174825191497803,0.4093409478664398
YFL036W,YCR040W,0,-0.7561801,0.11231569945812225,0.5174825191497803,0.40944093465805054
YOR043W,YBL046W,0,-0.7562388,0.1122913509607315,0.5174825191497803,0.40954095125198364
YDR086C,YOR292C,0,-0.7562872,0.11226700991392136,0.5174825191497803,0.40964096784591675
YBR282W,YLR078C,0,-0.7563337,0.1122426837682724,0.5174825191497803,0.40974098443984985
YOL005C,YOL124C,0,-0.756382,0.11221837252378464,0.5174825191497803,0.40984097123146057
YMR260C,YBR290W,0,-0.7564086,0.11219406872987747,0.5174825191497803,0.4099409878253937
YOL093W,YOR182C,0,-0.7564834,0.1121697723865509,0.5174825191497803,0.4100410044193268
YHR143W,YOL043C,1,-0.75685716,0.11236198246479034,0.5184814929962158,0.4100410044193268
YGL187C,YOR005C,0,-0.7569056,0.11233766376972198,0.5184814929962158,0.4101410210132599
YBR299W,YGR143W,1,-0.7569673,0.11252975463867188,0.5194805264472961,0.4101410210132599
YOR371C,YJL113W,0,-0.75701416,0.11250540614128113,0.5194805264472961,0.410241037607193
YIR007W,YLR300W,1,-0.7573421,0.11269738525152206,0.5204795002937317,0.410241037607193
YKR035W-A,YDR229W,0,-0.757413,0.11267300695180893,0.5204795002937317,0.4103410243988037
YBR247C,YPL064C,0,-0.7574916,0.11264865100383759,0.5204795002937317,0.4104410409927368
YDR194C,YMR065W,0,-0.7575574,0.11262429505586624,0.5204795002937317,0.4105410575866699
YEL036C,YOR123C,0,-0.75756955,0.11259995400905609,0.5204795002937317,0.410641074180603
YMR079W,YDR054C,0,-0.7575868,0.11257562786340714,0.5204795002937317,0.41074106097221375
YIL162W,YML021C,1,-0.7576559,0.11276733875274658,0.521478533744812,0.41074106097221375
YDR242W,YJL025W,0,-0.75766355,0.11274298280477524,0.521478533744812,0.41084107756614685
YLR380W,YFL002C,0,-0.7576823,0.11271863430738449,0.521478533744812,0.41094109416007996
YDL025C,YPR094W,0,-0.7577431,0.11269430071115494,0.521478533744812,0.41104111075401306
YGL158W,YMR032W,0,-0.75798225,0.11266997456550598,0.521478533744812,0.41114112734794617
YDL120W,YMR281W,0,-0.7580503,0.11264566332101822,0.521478533744812,0.4112411141395569
YGL106W,YCL057C-A,0,-0.75806034,0.11262135952711105,0.521478533744812,0.41134113073349
YPL101W,YOR317W,0,-0.7581626,0.11259706318378448,0.521478533744812,0.4114411473274231
YNL327W,YBR299W,1,-0.75817966,0.11278843879699707,0.5224775075912476,0.4114411473274231
YDR281C,YJL165C,0,-0.7582011,0.11276412010192871,0.5224775075912476,0.4115411639213562
YMR023C,YGL119W,0,-0.75821435,0.11273981630802155,0.5224775075912476,0.4116411507129669
YOL017W,YLR441C,0,-0.758259,0.11271551996469498,0.5224775075912476,0.4117411673069
YDR001C,YGR287C,1,-0.75829005,0.11290670186281204,0.5234765410423279,0.4117411673069
YER120W,YHR044C,0,-0.7586125,0.11288237571716309,0.5234765410423279,0.41184118390083313
YHR041C,YGL181W,0,-0.75864685,0.11285806447267532,0.5234765410423279,0.41194120049476624
YIL099W,YDR371W,1,-0.7586742,0.11304909735918045,0.5244755148887634,0.41194120049476624
YMR145C,YOL006C,0,-0.75869274,0.1130247563123703,0.5244755148887634,0.41204121708869934
YHR203C,YNL271C,0,-0.7587707,0.11300043016672134,0.5244755148887634,0.41214120388031006
YDR221W,YDR261C,1,-0.75898504,0.11319130659103394,0.5254745483398438,0.41214120388031006
YDR522C,YDL161W,0,-0.7590779,0.11316695064306259,0.5254745483398438,0.41224122047424316
YHL012W,YML088W,0,-0.75909936,0.11314260959625244,0.5254745483398438,0.41234123706817627
YBR096W,YEL029C,0,-0.7591574,0.11311827600002289,0.5254745483398438,0.4124412536621094
YBR001C,YLR144C,1,-0.75916046,0.11330896615982056,0.5264735221862793,0.4124412536621094
YCL059C,YML006C,0,-0.75920427,0.11328461021184921,0.5264735221862793,0.4125412404537201
YBR125C,YGL232W,0,-0.7593205,0.11326026171445847,0.5264735221862793,0.4126412570476532
YJL081C,YCL020W,0,-0.75939524,0.11323592811822891,0.5264735221862793,0.4127412736415863
YOL138C,YDL147W,0,-0.7594916,0.11321160197257996,0.5264735221862793,0.4128412902355194
YLR213C,YNL066W,1,-0.75952876,0.11340206116437912,0.5274725556373596,0.4128412902355194
YPL174C,YLR197W,0,-0.7595423,0.11337771266698837,0.5274725556373596,0.4129413068294525
YGL174W,YDR518W,0,-0.75955915,0.11335337162017822,0.5274725556373596,0.41304129362106323
YDL025C,YBL017C,0,-0.7596171,0.11332903802394867,0.5274725556373596,0.41314131021499634
YKL038W,YJL114W,0,-0.75981593,0.11330471932888031,0.5274725556373596,0.41324132680892944
YDR487C,YDR315C,0,-0.7600359,0.11328041553497314,0.5274725556373596,0.41334134340286255
YFL023W,YDR460W,0,-0.7602053,0.11325611174106598,0.5274725556373596,0.41344133019447327
YNL071W,YGL183C,0,-0.76035094,0.11323182284832001,0.5274725556373596,0.41354134678840637
YGR184C,YGL008C,0,-0.76048875,0.11320754885673523,0.5274725556373596,0.4136413633823395
YBL082C,YBR031W,0,-0.7606211,0.11318328231573105,0.5274725556373596,0.4137413799762726
YDR421W,YKL015W,0,-0.7606821,0.11315902322530746,0.5274725556373596,0.4138413965702057
YDL201W,YOR212W,0,-0.76081526,0.11313477903604507,0.5274725556373596,0.4139413833618164
YBR014C,YHR072W,0,-0.7608385,0.11311054229736328,0.5274725556373596,0.4140413999557495
YLR329W,YLL041C,0,-0.7608855,0.11308631300926208,0.5274725556373596,0.4141414165496826
YKL221W,YNL302C,0,-0.7608914,0.11306209862232208,0.5274725556373596,0.4142414331436157
YER087C-A,YDR180W,0,-0.76092356,0.11303789168596268,0.5274725556373596,0.41434141993522644
YLR340W,YJL207C,0,-0.760947,0.11301369965076447,0.5274725556373596,0.41444143652915955
YIL103W,YPL128C,0,-0.7610281,0.11298951506614685,0.5274725556373596,0.41454145312309265
YFR013W,YIL133C,0,-0.7610327,0.11296533793210983,0.5274725556373596,0.41464146971702576
YLR369W,YPR075C,0,-0.76106036,0.11294117569923401,0.5274725556373596,0.41474148631095886
YPL218W,YGL257C,0,-0.7612665,0.11291702091693878,0.5274725556373596,0.4148414731025696
YJR131W,YAL015C,1,-0.7612691,0.11310669034719467,0.5284715294837952,0.4148414731025696
YDR018C,YDL180W,0,-0.76128495,0.11308251321315765,0.5284715294837952,0.4149414896965027
YDR086C,YLR081W,0,-0.76139796,0.11305834352970123,0.5284715294837952,0.4150415062904358
YMR162C,YEL054C,0,-0.76141423,0.113034188747406,0.5284715294837952,0.4151415228843689
YJL149W,YDR252W,0,-0.76145446,0.11301004141569138,0.5284715294837952,0.4152415096759796
YGR077C,YDR253C,0,-0.76149964,0.11298590153455734,0.5284715294837952,0.4153415262699127
YLL032C,YJL041W,0,-0.7616879,0.1129617765545845,0.5284715294837952,0.4154415428638458
YML001W,YGL226C-A,0,-0.761746,0.11293765902519226,0.5284715294837952,0.41554155945777893
YBR291C,YLR090W,0,-0.7618369,0.11291355639696121,0.5284715294837952,0.41564157605171204
YOR116C,YAL047C,0,-0.76192987,0.11288946121931076,0.5284715294837952,0.41574156284332275
YHR041C,YOR123C,0,-0.7621721,0.1128653734922409,0.5284715294837952,0.41584157943725586
YLR450W,YLL034C,0,-0.76217675,0.11284129321575165,0.5284715294837952,0.41594159603118896
YJL060W,YDR219C,0,-0.7621847,0.11281723529100418,0.5284715294837952,0.41604161262512207
YDR443C,YGL241W,0,-0.7625104,0.11279317736625671,0.5284715294837952,0.4161415994167328
YDR296W,YDR222W,0,-0.7626153,0.11276913434267044,0.5284715294837952,0.4162416160106659
YDR457W,YJL060W,0,-0.7628153,0.11274509876966476,0.5284715294837952,0.416341632604599
YPL266W,YDL080C,0,-0.7628196,0.11272107064723969,0.5284715294837952,0.4164416491985321
YNR010W,YDR390C,0,-0.7629872,0.1126970574259758,0.5284715294837952,0.4165416657924652
YMR217W,YIR006C,0,-0.7632884,0.11267305910587311,0.5284715294837952,0.4166416525840759
YKL112W,YJR158W,0,-0.7635282,0.11264906078577042,0.5284715294837952,0.41674166917800903
YOL041C,YEL056W,0,-0.7636311,0.11262507736682892,0.5284715294837952,0.41684168577194214
YJL044C,YMR005W,0,-0.7636813,0.11260110884904861,0.5284715294837952,0.41694170236587524
YOR126C,YOL117W,0,-0.76376563,0.11257714778184891,0.5284715294837952,0.41704171895980835
YAL058W,YPR204W,0,-0.76385725,0.1125531941652298,0.5284715294837952,0.41714170575141907
YDR117C,YPR186C,0,-0.7638577,0.11252924799919128,0.5284715294837952,0.4172417223453522
YOR304W,YBR152W,0,-0.7640934,0.11250531673431396,0.5284715294837952,0.4173417389392853
YPL180W,YER122C,0,-0.7642088,0.11248139292001724,0.5284715294837952,0.4174417555332184
YOR202W,YDL136W,0,-0.76445454,0.11245748400688171,0.5284715294837952,0.4175417423248291
YCR039C,YMR043W,0,-0.7644946,0.11243358254432678,0.5284715294837952,0.4176417589187622
YJR153W,YNL066W,1,-0.7645801,0.11262218654155731,0.5294705033302307,0.4176417589187622
YGR281W,YDL227C,0,-0.76458114,0.11259825527667999,0.5294705033302307,0.4177417755126953
YJR160C,YER168C,0,-0.76461256,0.11257433891296387,0.5294705033302307,0.4178417921066284
YOL101C,YJR151C,0,-0.76468647,0.11255043745040894,0.5294705033302307,0.4179418087005615
YNL315C,YBR166C,0,-0.7646893,0.112526535987854,0.5294705033302307,0.41804179549217224
YIL067C,YKR035W-A,0,-0.7647793,0.11250265687704086,0.5294705033302307,0.41814181208610535
YLR050C,YML058W-A,0,-0.76486295,0.11247877776622772,0.5294705033302307,0.41824182868003845
YNL206C,YDR326C,0,-0.7649071,0.11245491355657578,0.5294705033302307,0.41834184527397156
YLR070C,YNL006W,0,-0.765084,0.11243105679750443,0.5294705033302307,0.4184418320655823
YNL231C,YBL090W,0,-0.76514393,0.11240720748901367,0.5294705033302307,0.4185418486595154
YLR186W,YER098W,0,-0.7652371,0.11238337308168411,0.5294705033302307,0.4186418652534485
YGR200C,YBL027W,0,-0.7652587,0.11235955357551575,0.5294705033302307,0.4187418818473816
YGL020C,YHR132C,0,-0.7653408,0.11233573406934738,0.5294705033302307,0.4188418984413147
YGL047W,YGL191W,0,-0.76545435,0.11231192946434021,0.5294705033302307,0.4189418852329254
YDL165W,YBR299W,0,-0.76546323,0.11228813230991364,0.5294705033302307,0.4190419018268585
YML021C,YOL157C,1,-0.7656009,0.1124761700630188,0.530469536781311,0.4190419018268585
YLL045C,YML018C,0,-0.7656692,0.11245235055685043,0.530469536781311,0.4191419184207916
YDL017W,YOL124C,0,-0.7656779,0.11242853850126266,0.530469536781311,0.41924193501472473
YCR077C,YHR128W,0,-0.7657454,0.11240474134683609,0.530469536781311,0.41934192180633545
YML007W,YIR035C,0,-0.76575685,0.11238095164299011,0.530469536781311,0.41944193840026855
YIL097W,YJR006W,0,-0.7660047,0.11235716938972473,0.530469536781311,0.41954195499420166
YMR046C,YKR092C,0,-0.7661712,0.11233340203762054,0.530469536781311,0.41964197158813477
YML070W,YDR508C,0,-0.7663055,0.11230964213609695,0.530469536781311,0.41974198818206787
YJL074C,YDR027C,0,-0.76633036,0.11228589713573456,0.530469536781311,0.4198419749736786
YER141W,YNL115C,0,-0.7664204,0.11226215958595276,0.530469536781311,0.4199419915676117
YMR123W,YNL323W,0,-0.7666224,0.11223842948675156,0.530469536781311,0.4200420081615448
YPR101W,YDR385W,0,-0.7668341,0.11221470683813095,0.530469536781311,0.4201420247554779
YCR027C,YPL196W,0,-0.76702034,0.11219099909067154,0.530469536781311,0.4202420115470886
YLR440C,YER103W,0,-0.7670586,0.11216729879379272,0.530469536781311,0.42034202814102173
YIL079C,YHR007C,0,-0.767067,0.1121436133980751,0.530469536781311,0.42044204473495483
YDR221W,YER137C,0,-0.76709414,0.11211993545293808,0.530469536781311,0.42054206132888794
YGL043W,YBR006W,0,-0.76711035,0.11209626495838165,0.530469536781311,0.42064207792282104
YLR408C,YHR070W,0,-0.7671669,0.11207260191440582,0.530469536781311,0.42074206471443176
YOL142W,YML112W,0,-0.76724494,0.11204895377159119,0.530469536781311,0.42084208130836487
YGL062W,YJL103C,0,-0.7672751,0.11202531307935715,0.530469536781311,0.420942097902298
YDL140C,YCR026C,0,-0.7672764,0.1120016872882843,0.530469536781311,0.4210421144962311
YOR389W,YJL170C,0,-0.76752186,0.11197806894779205,0.530469536781311,0.4211421012878418
YBR070C,YOR275C,0,-0.7676375,0.1119544580578804,0.530469536781311,0.4212421178817749
YOR251C,YDR510W,0,-0.7678542,0.11193086206912994,0.530469536781311,0.421342134475708
YAL053W,YHR216W,0,-0.76800066,0.11190727353096008,0.530469536781311,0.4214421510696411
YMR119W,YBL097W,0,-0.76820064,0.11188369244337082,0.530469536781311,0.4215421676635742
YGR275W,YDL114W,0,-0.7682863,0.11186011880636215,0.530469536781311,0.42164215445518494
YDR072C,YOL075C,0,-0.7683697,0.11183656007051468,0.530469536781311,0.42174217104911804
YJR147W,YBR012W-A,0,-0.7685327,0.1118130162358284,0.530469536781311,0.42184218764305115
YMR182C,YLR155C,0,-0.768542,0.11178947240114212,0.530469536781311,0.42194220423698425
YLR297W,YDR233C,0,-0.768565,0.11176594346761703,0.530469536781311,0.42204219102859497
YOR084W,YER011W,0,-0.7686221,0.11174242198467255,0.530469536781311,0.4221422076225281
YDL008W,YLL008W,0,-0.7686568,0.11171891540288925,0.530469536781311,0.4222422242164612
YKL220C,YFL017W-A,0,-0.7687595,0.11169541627168655,0.530469536781311,0.4223422408103943
YNR046W,YMR203W,0,-0.7688253,0.11167192459106445,0.530469536781311,0.4224422574043274
YDR298C,YPL108W,0,-0.76885223,0.11164844036102295,0.530469536781311,0.4225422441959381
YMR308C,YCR046C,0,-0.76887095,0.11162497103214264,0.530469536781311,0.4226422607898712
YOL057W,YLR160C,0,-0.76888597,0.11160151660442352,0.530469536781311,0.4227422773838043
YHR085W,YOR044W,0,-0.7689868,0.1115780621767044,0.530469536781311,0.4228422939777374
YJL108C,YGR010W,0,-0.769013,0.11155462265014648,0.530469536781311,0.42294228076934814
YKL157W,YLR132C,0,-0.7691237,0.11153119057416916,0.530469536781311,0.42304229736328125
YPR159W,YOL043C,1,-0.7692273,0.11171776801347733,0.5314685106277466,0.42304229736328125
YCR083W,YDL164C,0,-0.76940113,0.11169431358575821,0.5314685106277466,0.42314231395721436
YNL016W,YAR018C,0,-0.7695029,0.11167086660861969,0.5314685106277466,0.42324233055114746
YIL006W,YDL028C,0,-0.7695315,0.11164742708206177,0.5314685106277466,0.42334234714508057
YIL160C,YDR017C,0,-0.769565,0.11162400245666504,0.5314685106277466,0.4234423339366913
YBR002C,YMR014W,0,-0.76961696,0.11160058528184891,0.5314685106277466,0.4235423505306244
YPL149W,YDL141W,0,-0.7697092,0.11157718300819397,0.5314685106277466,0.4236423671245575
YDR450W,YER147C,0,-0.7697227,0.11155378818511963,0.5314685106277466,0.4237423837184906
YIL140W,YOR219C,0,-0.7697317,0.11153040081262589,0.5314685106277466,0.4238423705101013
YAR066W,YIL042C,0,-0.76977557,0.11150702089071274,0.5314685106277466,0.4239423871040344
YML037C,YOL149W,0,-0.7698259,0.11148365586996078,0.5314685106277466,0.42404240369796753
YCR012W,YEL060C,0,-0.77007324,0.11146029829978943,0.5314685106277466,0.42414242029190063
YHR109W,YOR298W,0,-0.77010524,0.11143694818019867,0.5314685106277466,0.42424243688583374
YNL264C,YJL095W,0,-0.7703123,0.1114136129617691,0.5314685106277466,0.42434242367744446
YML037C,YDR229W,0,-0.77040935,0.11139028519392014,0.5314685106277466,0.42444244027137756
YEL053C,YMR202W,0,-0.77062494,0.11136696487665176,0.5314685106277466,0.42454245686531067
YOL127W,YMR134W,0,-0.7706434,0.11134365946054459,0.5314685106277466,0.4246424734592438
YMR169C,YAL005C,0,-0.7706543,0.111320361495018,0.5314685106277466,0.4247424602508545
YHR039C,YLR147C,0,-0.77071,0.11129707098007202,0.5314685106277466,0.4248424768447876
YHL032C,YPL101W,0,-0.7707857,0.11127379536628723,0.5314685106277466,0.4249424934387207
YPR080W,YJL140W,0,-0.7708111,0.11125051975250244,0.5314685106277466,0.4250425100326538
YJR131W,YGR287C,1,-0.7708534,0.11143633723258972,0.5324675440788269,0.4250425100326538
YMR182C,YER094C,0,-0.7708569,0.11141304671764374,0.5324675440788269,0.4251425266265869
YAL031C,YOL104C,0,-0.77088475,0.11138975620269775,0.5324675440788269,0.42524251341819763
YBR156C,YGL210W,0,-0.77096033,0.11136648803949356,0.5324675440788269,0.42534253001213074
YER088C,YMR198W,0,-0.7710166,0.11134321987628937,0.5324675440788269,0.42544254660606384
YPR019W,YDR446W,0,-0.7711811,0.11131996661424637,0.5324675440788269,0.42554256319999695
YAR031W,YJR152W,0,-0.77134776,0.11129672080278397,0.5324675440788269,0.42564254999160767
YMR321C,YKL156W,0,-0.7714246,0.11127348989248276,0.5324675440788269,0.42574256658554077
YKL038W,YPL274W,0,-0.7714419,0.11125025898218155,0.5324675440788269,0.4258425831794739
YBL088C,YDR432W,0,-0.7715335,0.11122704297304153,0.5324675440788269,0.425942599773407
YER012W,YER053C,0,-0.7717905,0.11120384186506271,0.5324675440788269,0.4260426163673401
YLR166C,YBL084C,0,-0.7719351,0.11118064075708389,0.5324675440788269,0.4261426031589508
YCR102C,YHR017W,0,-0.77199924,0.11115745455026627,0.5324675440788269,0.4262426197528839
YLR314C,YCR083W,0,-0.77206033,0.11113427579402924,0.5324675440788269,0.426342636346817
YKL112W,YOR301W,0,-0.7721275,0.1111111119389534,0.5324675440788269,0.4264426529407501
YDR393W,YER137C,0,-0.77227205,0.11108795553445816,0.5324675440788269,0.42654263973236084
YHR109W,YDR239C,0,-0.7723122,0.11106480658054352,0.5324675440788269,0.42664265632629395
YGR108W,YGR135W,0,-0.7723589,0.11104166507720947,0.5324675440788269,0.42674267292022705
YIR002C,YOR306C,0,-0.7724681,0.11101853847503662,0.5324675440788269,0.42684268951416016
YBR022W,YNR054C,0,-0.7725346,0.11099541932344437,0.5324675440788269,0.42694270610809326
YLR057W,YOL157C,1,-0.77259886,0.11118051409721375,0.5334665179252625,0.42694270610809326
YPL270W,YOL021C,0,-0.77260077,0.1111573651432991,0.5334665179252625,0.427042692899704
YOL080C,YNL027W,0,-0.77260596,0.11113423854112625,0.5334665179252625,0.4271427094936371
YOR290C,YBR019C,0,-0.77261615,0.1111111119389534,0.5334665179252625,0.4272427260875702
YLR134W,YDR338C,0,-0.77286726,0.11108800023794174,0.5334665179252625,0.4273427426815033
YOR190W,YGR292W,1,-0.7730036,0.11127287894487381,0.5344655513763428,0.4273427426815033
YNL037C,YEL061C,0,-0.7734007,0.11124973744153976,0.5344655513763428,0.427442729473114
YDR221W,YMR238W,1,-0.7734571,0.11143451184034348,0.5354645252227783,0.427442729473114
YOR340C,YBR203W,0,-0.7737054,0.11141134798526764,0.5354645252227783,0.4275427460670471
YDR072C,YDL115C,0,-0.7738861,0.111388199031353,0.5354645252227783,0.4276427626609802
YER180C,YBR041W,0,-0.77392286,0.11136505007743835,0.5354645252227783,0.42774277925491333
YMR303C,YOR147W,0,-0.77401245,0.1113419160246849,0.5354645252227783,0.42784279584884644
YGR209C,YLL004W,0,-0.77403915,0.11131879687309265,0.5354645252227783,0.42794278264045715
YAL012W,YGR223C,0,-0.77404904,0.1112956777215004,0.5354645252227783,0.42804279923439026
YJL136C,YOR057W,0,-0.7740726,0.11127257347106934,0.5354645252227783,0.42814281582832336
YLR325C,YER185W,0,-0.77415144,0.11124948412179947,0.5354645252227783,0.42824283242225647
YJL095W,YOR231W,0,-0.77415824,0.1112263947725296,0.5354645252227783,0.4283428490161896
YOL123W,YMR295C,0,-0.77429104,0.11120332032442093,0.5354645252227783,0.4284428358078003
YIL129C,YHR089C,0,-0.77441055,0.11118025332689285,0.5354645252227783,0.4285428524017334
YCR077C,YCR071C,0,-0.77444685,0.11115719377994537,0.5354645252227783,0.4286428689956665
YDR134C,YPL163C,0,-0.77446777,0.11113414913415909,0.5354645252227783,0.4287428855895996
YDL052C,YOR202W,0,-0.77455044,0.1111111119389534,0.5354645252227783,0.4288428723812103
YGL209W,YLR015W,0,-0.7746421,0.11108808219432831,0.5354645252227783,0.42894288897514343
YJR077C,YBR287W,0,-0.7746893,0.11106506735086441,0.5354645252227783,0.42904290556907654
YOL107W,YPL211W,0,-0.77482295,0.11104205250740051,0.5354645252227783,0.42914292216300964
YAR019C,YNL241C,0,-0.77493376,0.11101905256509781,0.5354645252227783,0.42924293875694275
YOR069W,YFL003C,0,-0.775004,0.1109960675239563,0.5354645252227783,0.42934292554855347
YGL009C,YOR181W,0,-0.775139,0.11097308248281479,0.5354645252227783,0.4294429421424866
YOL109W,YGL174W,0,-0.7751652,0.11095011234283447,0.5354645252227783,0.4295429587364197
YDR139C,YDR180W,0,-0.77522177,0.11092714965343475,0.5354645252227783,0.4296429753303528
YDR498C,YKL091C,0,-0.77526635,0.11090420186519623,0.5354645252227783,0.4297429621219635
YPR096C,YDL085W,0,-0.7753539,0.1108812540769577,0.5354645252227783,0.4298429787158966
YAL020C,YHR034C,0,-0.7754164,0.11085832118988037,0.5354645252227783,0.4299429953098297
YBR293W,YGL017W,0,-0.7756821,0.11083540320396423,0.5354645252227783,0.4300430119037628
YMR264W,YDR423C,0,-0.775764,0.1108124852180481,0.5354645252227783,0.4301430284976959
YNL005C,YCR040W,0,-0.77578366,0.11078958213329315,0.5354645252227783,0.43024301528930664
YMR311C,YBR057C,0,-0.77585495,0.1107666864991188,0.5354645252227783,0.43034303188323975
YOR118W,YPL269W,0,-0.77591515,0.11074379831552505,0.5354645252227783,0.43044304847717285
YGL060W,YCR096C,0,-0.77594745,0.1107209250330925,0.5354645252227783,0.43054306507110596
YGL229C,YJR107W,0,-0.77602345,0.11069805920124054,0.5354645252227783,0.4306430518627167
YKR024C,YHR039C-A,0,-0.7760302,0.11067520081996918,0.5354645252227783,0.4307430684566498
YDR090C,YJL113W,0,-0.77603525,0.11065234988927841,0.5354645252227783,0.4308430850505829
YPL167C,YBR183W,0,-0.7761498,0.11062951385974884,0.5354645252227783,0.430943101644516
YNL136W,YGR145W,0,-0.7762027,0.11060668528079987,0.5354645252227783,0.4310431182384491
YDR315C,YML088W,0,-0.77624047,0.11058386415243149,0.5354645252227783,0.4311431050300598
YGL017W,YHR044C,0,-0.7764611,0.1105610579252243,0.5354645252227783,0.4312431216239929
YNL007C,YDL141W,0,-0.77669275,0.11053825169801712,0.5354645252227783,0.431343138217926
YMR011W,YIL023C,0,-0.77670985,0.11051546037197113,0.5354645252227783,0.43144315481185913
YOR038C,YGR037C,0,-0.77721584,0.11049268394708633,0.5354645252227783,0.43154314160346985
YLR128W,YPL029W,0,-0.77730983,0.11046990752220154,0.5354645252227783,0.43164315819740295
YDR501W,YDL208W,0,-0.77741796,0.11044714599847794,0.5354645252227783,0.43174317479133606
YML052W,YLR130C,0,-0.77799654,0.11042439192533493,0.5354645252227783,0.43184319138526917
YMR168C,YOL158C,0,-0.7781029,0.11040164530277252,0.5354645252227783,0.43194320797920227
YHR045W,YDR349C,0,-0.77817255,0.11037891358137131,0.5354645252227783,0.432043194770813
YDL097C,YFL018C,0,-0.77821004,0.11035618931055069,0.5354645252227783,0.4321432113647461
YER174C,YBR004C,0,-0.7783726,0.11033347249031067,0.5354645252227783,0.4322432279586792
YDL036C,YDL104C,0,-0.7784087,0.11031076312065125,0.5354645252227783,0.4323432445526123
YIR007W,YDR400W,1,-0.77840984,0.11049382388591766,0.5364635586738586,0.4323432445526123
YNR008W,YMR315W,0,-0.7784878,0.11047109961509705,0.5364635586738586,0.432443231344223
YDR202C,YPL121C,0,-0.7785444,0.11044837534427643,0.5364635586738586,0.43254324793815613
YML125C,YJR158W,0,-0.77855414,0.110425665974617,0.5364635586738586,0.43264326453208923
YIL110W,YCL043C,0,-0.7785679,0.11040296405553818,0.5364635586738586,0.43274328112602234
YFR004W,YLR372W,0,-0.7786424,0.11038026958703995,0.5364635586738586,0.43284329771995544
YNL298W,YIL111W,0,-0.77869606,0.11035758256912231,0.5364635586738586,0.43294328451156616
YBL089W,YCR096C,0,-0.778852,0.11033491045236588,0.5364635586738586,0.43304330110549927
YKR105C,YPR094W,0,-0.77885926,0.11031224578619003,0.5364635586738586,0.4331433176994324
YLR342W,YNL245C,0,-0.7790307,0.11028958857059479,0.5364635586738586,0.4332433342933655
YNL064C,YPL068C,0,-0.77903455,0.11026693880558014,0.5364635586738586,0.4333433210849762
YGR086C,YOR355W,0,-0.77925205,0.11024430394172668,0.5364635586738586,0.4334433376789093
YGR085C,YGL060W,0,-0.7793132,0.11022167652845383,0.5364635586738586,0.4335433542728424
YLR182W,YLR116W,0,-0.77936375,0.11019905656576157,0.5364635586738586,0.4336433708667755
YKL189W,YGR123C,0,-0.77938324,0.1101764440536499,0.5364635586738586,0.4337433874607086
YFL041W,YJR001W,0,-0.77950376,0.11015384644269943,0.5364635586738586,0.43384337425231934
YOR020C,YOR257W,0,-0.7795358,0.11013125628232956,0.5364635586738586,0.43394339084625244
YBR159W,YPL252C,0,-0.77968824,0.11010867357254028,0.5364635586738586,0.43404340744018555
YJL047C,YFR018C,0,-0.77981293,0.1100860983133316,0.5364635586738586,0.43414342403411865
YKL217W,YFR045W,0,-0.7798268,0.11006353795528412,0.5364635586738586,0.43424341082572937
YGL201C,YMR236W,0,-0.7799058,0.11004098504781723,0.5364635586738586,0.4343434274196625
YBR097W,YJL108C,0,-0.7799242,0.11001843959093094,0.5364635586738586,0.4344434440135956
YDR364C,YGL173C,0,-0.78000087,0.10999590158462524,0.5364635586738586,0.4345434606075287
YDR221W,YJL221C,1,-0.7802891,0.11017817258834839,0.5374625325202942,0.4345434606075287
YAR027W,YMR221C,0,-0.7803104,0.1101556122303009,0.5374625325202942,0.4346434772014618
YPL045W,YGL040C,0,-0.78038436,0.11013305932283401,0.5374625325202942,0.4347434639930725
YHR050W,YJR040W,0,-0.78040993,0.11011052131652832,0.5374625325202942,0.4348434805870056
YBL046W,YNL323W,0,-0.7805221,0.11008799076080322,0.5374625325202942,0.4349434971809387
YPL096W,YDR341C,0,-0.78059864,0.11006546765565872,0.5374625325202942,0.4350435137748718
YML058W-A,YKL028W,0,-0.7806817,0.11004295200109482,0.5374625325202942,0.43514350056648254
YNL046W,YOL142W,0,-0.7809129,0.11002045124769211,0.5374625325202942,0.43524351716041565
YJL081C,YNL210W,0,-0.7809721,0.10999795794487,0.5374625325202942,0.43534353375434875
YGR023W,YKL164C,0,-0.78106385,0.10997547209262848,0.5374625325202942,0.43544355034828186
YPR159W,YBR229C,1,-0.78120303,0.11015737056732178,0.5384615659713745,0.43544355034828186
YNL321W,YHR141C,0,-0.7812701,0.11013486236333847,0.5384615659713745,0.43554356694221497
YJR153W,YBR056W,1,-0.78140724,0.11031664907932281,0.5394605398178101,0.43554356694221497
YMR321C,YOR373W,0,-0.781423,0.11029411852359772,0.5394605398178101,0.4356435537338257
YDR478W,YOR338W,0,-0.7815609,0.11027159541845322,0.5394605398178101,0.4357435703277588
YGL213C,YOR344C,0,-0.78172374,0.11024907976388931,0.5394605398178101,0.4358435869216919
YOR381W,YGL122C,0,-0.7819499,0.1102265790104866,0.5394605398178101,0.435943603515625
YAL035W,YOR074C,0,-0.78202885,0.11020407825708389,0.5394605398178101,0.4360435903072357
YMR172W,YML118W,0,-0.78226423,0.11018159240484238,0.5394605398178101,0.4361436069011688
YDL133C-A,YOR293W,0,-0.782526,0.11015912145376205,0.5394605398178101,0.43624362349510193
YCL031C,YPR152C,0,-0.78269327,0.11013665050268173,0.5394605398178101,0.43634364008903503
YIL021W,YFR005C,0,-0.7829526,0.1101141944527626,0.5394605398178101,0.43644365668296814
YPL046C,YML116W,0,-0.7831151,0.11009174585342407,0.5394605398178101,0.43654364347457886
YHL024W,YAL003W,0,-0.783139,0.11006930470466614,0.5394605398178101,0.43664366006851196
YOL103W,YBR141C,0,-0.7832631,0.1100468710064888,0.5394605398178101,0.43674367666244507
YDR293C,YDR390C,0,-0.7833834,0.11002445220947266,0.5394605398178101,0.4368436932563782
YKL172W,YGL047W,0,-0.7834102,0.11000203341245651,0.5394605398178101,0.4369436800479889
YLR286C,YOL043C,1,-0.7834289,0.11018329858779907,0.5404595136642456,0.4369436800479889
YGR229C,YNL082W,0,-0.7834398,0.11016086488962173,0.5404595136642456,0.437043696641922
YMR045C,YDR191W,0,-0.78345,0.110138438642025,0.5404595136642456,0.4371437132358551
YMR024W,YJR135W-A,0,-0.7835641,0.11011601984500885,0.5404595136642456,0.4372437298297882
YGL124C,YNL331C,0,-0.7835661,0.1100936084985733,0.5404595136642456,0.4373437464237213
YJR110W,YIL108W,0,-0.78374946,0.11007121205329895,0.5404595136642456,0.43744373321533203
YGL051W,YJL041W,0,-0.7838973,0.1100488230586052,0.5404595136642456,0.43754374980926514
YJL047C,YBR273C,0,-0.7839278,0.11002644151449203,0.5404595136642456,0.43764376640319824
YPL072W,YGR063C,0,-0.78398716,0.11000406742095947,0.5404595136642456,0.43774378299713135
YLR362W,YJL082W,0,-0.7839982,0.10998170077800751,0.5404595136642456,0.43784376978874207
YPR166C,YBR271W,0,-0.78403634,0.10995934903621674,0.5404595136642456,0.43794378638267517
YOR099W,YDL061C,0,-0.7840626,0.10993700474500656,0.5404595136642456,0.4380438029766083
YKL208W,YDR117C,0,-0.7840775,0.10991466790437698,0.5404595136642456,0.4381438195705414
YLR228C,YLR283W,0,-0.78413594,0.109892338514328,0.5404595136642456,0.4382438361644745
YMR270C,YKR081C,0,-0.78430474,0.10987002402544022,0.5404595136642456,0.4383438229560852
YEL017C-A,YFR009W,0,-0.7844934,0.10984771698713303,0.5404595136642456,0.4384438395500183
YHR214C-B,YGL123W,0,-0.7846003,0.10982541739940643,0.5404595136642456,0.4385438561439514
YNL160W,YNL292W,0,-0.784946,0.10980312526226044,0.5404595136642456,0.4386438727378845
YHR041C,YDR037W,0,-0.7850005,0.10978084057569504,0.5404595136642456,0.43874385952949524
YJR131W,YMR305C,1,-0.78503597,0.10996145009994507,0.5414585471153259,0.43874385952949524
YDR072C,YJL177W,0,-0.7851724,0.10993915051221848,0.5414585471153259,0.43884387612342834
YOR361C,YCR048W,0,-0.7851813,0.10991685092449188,0.5414585471153259,0.43894389271736145
YDR538W,YBR179C,0,-0.78523165,0.10989456623792648,0.5414585471153259,0.43904390931129456
YLR160C,YCR098C,0,-0.78527284,0.10987228900194168,0.5414585471153259,0.43914392590522766
YDR226W,YDR486C,0,-0.7853692,0.10985001921653748,0.5414585471153259,0.4392439126968384
YDR498C,YBR243C,0,-0.7855433,0.10982776433229446,0.5414585471153259,0.4393439292907715
YOR297C,YJR010W,0,-0.7856556,0.10980550944805145,0.5414585471153259,0.4394439458847046
YMR182C,YLR447C,0,-0.785705,0.10978326946496964,0.5414585471153259,0.4395439624786377
YER018C,YGL181W,0,-0.78597605,0.10976103693246841,0.5414585471153259,0.4396439790725708
YMR238W,YKL046C,1,-0.7862225,0.1099412813782692,0.5424575209617615,0.4396439790725708
YJR131W,YOR190W,1,-0.78627306,0.1101214587688446,0.5434565544128418,0.4396439790725708
YKL053C-A,YBR201W,0,-0.7863283,0.11009916663169861,0.5434565544128418,0.4397439658641815
YBR068C,YBL045C,0,-0.7863356,0.1100768893957138,0.5434565544128418,0.4398439824581146
YNL154C,YDR419W,0,-0.7867317,0.1100546196103096,0.5434565544128418,0.43994399905204773
YCR094W,YAR019C,0,-0.78704256,0.11003236472606659,0.5434565544128418,0.44004401564598083
YMR087W,YPR032W,0,-0.78719485,0.11001010984182358,0.5434565544128418,0.44014400243759155
YDR265W,YER148W,0,-0.7872656,0.10998786985874176,0.5434565544128418,0.44024401903152466
YBR293W,YDL179W,0,-0.78735775,0.10996563732624054,0.5434565544128418,0.44034403562545776
YDR498C,YDR170W-A,0,-0.78736734,0.10994341224431992,0.5434565544128418,0.44044405221939087
YHR107C,YJL190C,0,-0.7874161,0.10992119461297989,0.5434565544128418,0.440544068813324
YGL156W,YIR007W,1,-0.7875277,0.11010100692510605,0.5444555282592773,0.440544068813324
YDL033C,YKL140W,0,-0.78774905,0.11007877439260483,0.5444555282592773,0.4406440556049347
YIL101C,YGL253W,0,-0.7878764,0.11005654186010361,0.5444555282592773,0.4407440721988678
YDR001C,YML021C,1,-0.7879534,0.11023622006177902,0.5454545617103577,0.4407440721988678
YDR073W,YPR152C,0,-0.78800535,0.11021396517753601,0.5454545617103577,0.4408440887928009
YGR216C,YIL110W,0,-0.7880681,0.1101917251944542,0.5454545617103577,0.440944105386734
YJL115W,YLR431C,0,-0.7880807,0.11016949266195297,0.5454545617103577,0.4410440921783447
YGR156W,YDL114W,0,-0.78810084,0.11014726758003235,0.5454545617103577,0.44114410877227783
YNL202W,YPL213W,0,-0.7881923,0.11012504994869232,0.5454545617103577,0.44124412536621094
YGR061C,YFR021W,0,-0.7882972,0.11010283976793289,0.5454545617103577,0.44134414196014404
YKL152C,YML010W,0,-0.7883534,0.11008064448833466,0.5454545617103577,0.44144415855407715
YBR152W,YKL041W,0,-0.7884717,0.11005845665931702,0.5454545617103577,0.44154414534568787
YLR287C-A,YLR433C,0,-0.78852516,0.11003627628087997,0.5454545617103577,0.44164416193962097
YDR495C,YPL088W,0,-0.78859425,0.11001410335302353,0.5454545617103577,0.4417441785335541
YJR093C,YJL206C,0,-0.7886003,0.10999194532632828,0.5454545617103577,0.4418441951274872
YMR008C,YGL254W,0,-0.7886003,0.10996978729963303,0.5454545617103577,0.4419441819190979
YDR052C,YDR229W,0,-0.78869665,0.10994764417409897,0.5454545617103577,0.442044198513031
YJL028W,YDL168W,0,-0.78878117,0.10992550849914551,0.5454545617103577,0.4421442151069641
YPL085W,YJL109C,0,-0.78899825,0.10990338027477264,0.5454545617103577,0.4422442317008972
YML131W,YPL002C,0,-0.78920794,0.10988126695156097,0.5454545617103577,0.4423442482948303
YIL162W,YOL043C,1,-0.7892381,0.11006036400794983,0.5464535355567932,0.4423442482948303
YJL020C,YPL017C,0,-0.7892741,0.11003822088241577,0.5464535355567932,0.44244423508644104
YCR020W-B,YJL198W,0,-0.78936154,0.11001609265804291,0.5464535355567932,0.44254425168037415
YCL008C,YNL185C,0,-0.789526,0.10999396443367004,0.5464535355567932,0.44264426827430725
YNL186W,YDL171C,0,-0.7895782,0.10997185111045837,0.5464535355567932,0.44274428486824036
YLR390W,YLL062C,0,-0.7895907,0.1099497452378273,0.5464535355567932,0.4428442716598511
YDR522C,YJL158C,0,-0.78959733,0.10992765426635742,0.5464535355567932,0.4429442882537842
YNL252C,YBR195C,0,-0.7896856,0.10990556329488754,0.5464535355567932,0.4430443048477173
YPL046C,YKL143W,0,-0.78971183,0.10988348722457886,0.5464535355567932,0.4431443214416504
YPR171W,YOL013C,0,-0.789961,0.10986141860485077,0.5464535355567932,0.4432443380355835
YLR425W,YJL080C,0,-0.7900336,0.10983935743570328,0.5464535355567932,0.4433443248271942
YPR042C,YJL014W,0,-0.7901329,0.10981730371713638,0.5464535355567932,0.4434443414211273
YHR061C,YOL075C,0,-0.79015744,0.10979526489973068,0.5464535355567932,0.4435443580150604
YKL089W,YPL181W,0,-0.79020727,0.10977322608232498,0.5464535355567932,0.44364437460899353
YFR001W,YLR205C,0,-0.7902398,0.10975120216608047,0.5464535355567932,0.44374436140060425
YNR017W,YOR336W,0,-0.79027206,0.10972918570041656,0.5464535355567932,0.44384437799453735
YLR213C,YDR371W,1,-0.79039836,0.10990773886442184,0.5474525690078735,0.44384437799453735
YIR033W,YMR087W,0,-0.7904074,0.10988570004701614,0.5474525690078735,0.44394439458847046
YJL216C,YIR007W,1,-0.7904084,0.11006415635347366,0.5484515428543091,0.44394439458847046
YMR146C,YNR017W,0,-0.7904413,0.11004209518432617,0.5484515428543091,0.44404441118240356
YML113W,YMR013C,0,-0.79076385,0.11002004146575928,0.5484515428543091,0.44414442777633667
YIL031W,YLR080W,0,-0.7908025,0.10999799519777298,0.5484515428543091,0.4442444145679474
YPL037C,YML110C,0,-0.79088116,0.10997596383094788,0.5484515428543091,0.4443444311618805
YLR010C,YCR042C,0,-0.79091454,0.10995393246412277,0.5484515428543091,0.4444444477558136
YPL217C,YLR100W,0,-0.7909862,0.10993191599845886,0.5484515428543091,0.4445444643497467
YDR052C,YGL225W,0,-0.7915328,0.10990990698337555,0.5484515428543091,0.4446444511413574
YOL110W,YOR229W,0,-0.79156274,0.10988791286945343,0.5484515428543091,0.4447444677352905
YER065C,YDR143C,0,-0.7916472,0.10986591875553131,0.5484515428543091,0.44484448432922363
YDR210W,YNR017W,0,-0.79168415,0.10984393954277039,0.5484515428543091,0.44494450092315674
YDR410C,YNL325C,0,-0.7917923,0.10982196778059006,0.5484515428543091,0.44504451751708984
YLR141W,YML040W,0,-0.7918483,0.10980000346899033,0.5484515428543091,0.44514450430870056
YOR076C,YNL095C,0,-0.7918647,0.10977804660797119,0.5484515428543091,0.44524452090263367
YJR131W,YGR282C,1,-0.79190576,0.10995601862668991,0.5494505763053894,0.44524452090263367
YNL116W,YHL009C,0,-0.7919216,0.10993403941392899,0.5494505763053894,0.4453445374965668
YPL050C,YJL050W,0,-0.7920166,0.10991206765174866,0.5494505763053894,0.4454445540904999
YJR031C,YLR136C,0,-0.79211617,0.10989011079072952,0.5494505763053894,0.4455445408821106
YGR076C,YOL021C,0,-0.79249346,0.10986816138029099,0.5494505763053894,0.4456445574760437
YJL005W,YGL245W,0,-0.792774,0.10984621196985245,0.5494505763053894,0.4457445740699768
YBR223C,YHR207C,0,-0.79277676,0.1098242774605751,0.5494505763053894,0.4458445906639099
YER042W,YKL222C,0,-0.79305935,0.10980235785245895,0.5494505763053894,0.445944607257843
YKL174C,YOR130C,0,-0.7930652,0.1097804382443428,0.5494505763053894,0.44604459404945374
YDR221W,YKL046C,1,-0.7931565,0.10995808988809586,0.550449550151825,0.44604459404945374
YER125W,YAL005C,0,-0.79316664,0.10993615537881851,0.550449550151825,0.44614461064338684
YJR158W,YOR131C,0,-0.7932283,0.10991422086954117,0.550449550151825,0.44624462723731995
YNL307C,YCR093W,0,-0.7932856,0.10989230126142502,0.550449550151825,0.44634464383125305
YPR159W,YDR221W,1,-0.79341567,0.11006978899240494,0.5514485239982605,0.44634464383125305
YLR316C,YIL110W,0,-0.7935123,0.110047847032547,0.5514485239982605,0.44644463062286377
YIL009C-A,YKL208W,0,-0.79361117,0.11002591252326965,0.5514485239982605,0.4465446472167969
YHR156C,YKR030W,0,-0.79369825,0.1100039854645729,0.5514485239982605,0.44664466381073
YCL063W,YIL002C,0,-0.7937268,0.10998206585645676,0.5514485239982605,0.4467446804046631
YLR286C,YML021C,1,-0.7939293,0.11015935987234116,0.5524475574493408,0.4467446804046631
YLR008C,YBL106C,0,-0.7939561,0.11013742536306381,0.5524475574493408,0.4468446969985962
YGL166W,YDL114W,0,-0.79395735,0.11011549085378647,0.5524475574493408,0.4469446837902069
YKL034W,YPL053C,0,-0.79402447,0.11009357124567032,0.5524475574493408,0.44704470038414
YJL123C,YJL080C,0,-0.7942313,0.11007165908813477,0.5524475574493408,0.4471447169780731
YOL018C,YPL134C,0,-0.79428685,0.11004975438117981,0.5524475574493408,0.4472447335720062
YAL061W,YIL076W,0,-0.7943995,0.11002785712480545,0.5524475574493408,0.44734472036361694
YGL028C,YHR204W,1,-0.7944658,0.11020489037036896,0.5534465312957764,0.44734472036361694
YPL016W,YLL051C,0,-0.794575,0.1101829782128334,0.5534465312957764,0.44744473695755005
YEL037C,YOL158C,0,-0.7946337,0.11016106605529785,0.5534465312957764,0.44754475355148315
YHR089C,YJL080C,0,-0.79472744,0.1101391613483429,0.5534465312957764,0.44764477014541626
YGL184C,YBR070C,0,-0.7949244,0.11011727154254913,0.5534465312957764,0.44774478673934937
YBR012W-B,YOR308C,0,-0.7950444,0.11009538918733597,0.5534465312957764,0.4478447735309601
YLR256W,YDR446W,0,-0.7951249,0.1100735142827034,0.5534465312957764,0.4479447901248932
YLR051C,YDR012W,0,-0.7953732,0.11005164682865143,0.5534465312957764,0.4480448067188263
YJL216C,YBR229C,1,-0.7955118,0.11022840440273285,0.5544455647468567,0.4480448067188263
YJL216C,YDR001C,1,-0.79569864,0.1104050800204277,0.5554445385932922,0.4480448067188263
YEL040W,YDR371W,1,-0.79606867,0.11058169603347778,0.5564435720443726,0.4480448067188263
YDL194W,YBR201W,0,-0.7960994,0.11055974662303925,0.5564435720443726,0.4481448233127594
YPL091W,YDR346C,0,-0.79625833,0.1105378046631813,0.5564435720443726,0.4482448101043701
YDL137W,YKR060W,0,-0.7963298,0.11051587015390396,0.5564435720443726,0.4483448266983032
YDR093W,YHR059W,0,-0.7966181,0.11049395054578781,0.5564435720443726,0.44844484329223633
YPR137W,YPL240C,0,-0.7966365,0.11047203838825226,0.5564435720443726,0.44854485988616943
YBL016W,YLR251W,0,-0.79671985,0.1104501262307167,0.5564435720443726,0.44864487648010254
YJL189W,YNR051C,0,-0.7968278,0.11042822897434235,0.5564435720443726,0.44874486327171326
YCL032W,YJL198W,0,-0.7970203,0.11040634661912918,0.5564435720443726,0.44884487986564636
YDR476C,YCR034W,0,-0.79706043,0.11038446426391602,0.5564435720443726,0.44894489645957947
YJL034W,YMR094W,0,-0.7971103,0.11036258935928345,0.5564435720443726,0.4490449130535126
YLR128W,YJL079C,0,-0.7972492,0.11034072935581207,0.5564435720443726,0.4491448998451233
YHR094C,YLR389C,0,-0.79726064,0.1103188768029213,0.5564435720443726,0.4492449164390564
YBL064C,YBR299W,0,-0.7973033,0.11029703170061111,0.5564435720443726,0.4493449330329895
YDL110C,YBR271W,0,-0.7974074,0.11027519404888153,0.5564435720443726,0.4494449496269226
YPR149W,YBL074C,0,-0.79748595,0.11025336384773254,0.5564435720443726,0.4495449662208557
YOR228C,YCR009C,0,-0.797663,0.11023154854774475,0.5564435720443726,0.44964495301246643
YNL217W,YKL175W,0,-0.7978053,0.11020973324775696,0.5564435720443726,0.44974496960639954
YNL326C,YDR536W,0,-0.7980529,0.11018793284893036,0.5564435720443726,0.44984498620033264
YER069W,YHR089C,0,-0.7981247,0.11016613990068436,0.5564435720443726,0.44994500279426575
YJL144W,YPR004C,0,-0.79828703,0.11014435440301895,0.5564435720443726,0.45004501938819885
YNR012W,YOR099W,0,-0.7983611,0.11012257635593414,0.5564435720443726,0.45014500617980957
YPL170W,YBL103C,0,-0.7983643,0.11010081321001053,0.5564435720443726,0.4502450227737427
YPR184W,YIL172C,1,-0.79838276,0.11027667671442032,0.5574425458908081,0.4502450227737427
YEL020C,YOR339C,0,-0.7986444,0.11025489121675491,0.5574425458908081,0.4503450393676758
YHR156C,YJL176C,0,-0.798764,0.11023310571908951,0.5574425458908081,0.4504450559616089
YDR376W,YDR022C,0,-0.79887366,0.1102113351225853,0.5574425458908081,0.4505450427532196
YKL221W,YFR004W,0,-0.7989024,0.11018957197666168,0.5574425458908081,0.4506450593471527
YOR190W,YIR007W,1,-0.7989111,0.11036524921655655,0.5584415793418884,0.4506450593471527
YPL012W,YML060W,0,-0.79893285,0.11034346371889114,0.5584415793418884,0.4507450759410858
YKR067W,YOR304W,0,-0.79897976,0.11032168567180634,0.5584415793418884,0.4508450925350189
YJL216C,YGR287C,1,-0.7990163,0.11049723625183105,0.559440553188324,0.4508450925350189
YNL014W,YMR123W,0,-0.79904705,0.11047543585300446,0.559440553188324,0.450945109128952
YJL081C,YIL121W,0,-0.79905665,0.11045365035533905,0.559440553188324,0.45104509592056274
YGR252W,YPR026W,0,-0.7991564,0.11043186485767365,0.559440553188324,0.45114511251449585
YDR221W,YGR287C,1,-0.7992006,0.11060725897550583,0.5604395866394043,0.45114511251449585
YJL134W,YCR047C,0,-0.7992022,0.11058545112609863,0.5604395866394043,0.45124512910842896
YDR294C,YKL210W,0,-0.7992254,0.11056365817785263,0.5604395866394043,0.45134514570236206
YAR027W,YBR156C,0,-0.7993304,0.11054187268018723,0.5604395866394043,0.4514451324939728
YDR310C,YDL045C,0,-0.79940706,0.11052009463310242,0.5604395866394043,0.4515451490879059
YML060W,YGL156W,1,-0.79940987,0.11069529503583908,0.5614385604858398,0.4515451490879059
YIL067C,YBR253W,0,-0.7994276,0.11067349463701248,0.5614385604858398,0.451645165681839
YDR279W,YJR101W,0,-0.7995287,0.11065170168876648,0.5614385604858398,0.4517451822757721
YBR228W,YCR009C,0,-0.79956675,0.11062992364168167,0.5614385604858398,0.4518451988697052
YMR296C,YPR052C,0,-0.7995876,0.11060814559459686,0.5614385604858398,0.4519451856613159
YGR218W,YKR038C,0,-0.79959476,0.11058638244867325,0.5614385604858398,0.452045202255249
YMR297W,YBL074C,0,-0.7995949,0.11056462675333023,0.5614385604858398,0.45214521884918213
YGR257C,YOR201C,0,-0.79987615,0.11054287850856781,0.5614385604858398,0.45224523544311523
YDR137W,YFL057C,0,-0.7998905,0.11052113771438599,0.5614385604858398,0.45234522223472595
YPL098C,YHR077C,0,-0.7999069,0.11049941182136536,0.5614385604858398,0.45244523882865906
YMR005W,YGR056W,0,-0.7999246,0.11047768592834473,0.5614385604858398,0.45254525542259216
YJR105W,YGL032C,0,-0.79996777,0.11045597493648529,0.5614385604858398,0.45264527201652527
YDR488C,YNL166C,0,-0.8000579,0.11043427139520645,0.5614385604858398,0.4527452886104584
YIL044C,YDR207C,0,-0.80022895,0.11041257530450821,0.5614385604858398,0.4528452754020691
YGL181W,YOR070C,0,-0.8004511,0.11039088666439056,0.5614385604858398,0.4529452919960022
YLR186W,YDR378C,0,-0.80054593,0.11036920547485352,0.5614385604858398,0.4530453085899353
YHR112C,YBR006W,0,-0.80064464,0.11034753918647766,0.5614385604858398,0.4531453251838684
YKL195W,YKL164C,0,-0.80076575,0.1103258728981018,0.5614385604858398,0.4532453119754791
YOL100W,YBR229C,0,-0.8008851,0.11030422151088715,0.5614385604858398,0.45334532856941223
YDR142C,YDR451C,0,-0.8009858,0.11028257757425308,0.5614385604858398,0.45344534516334534
YMR090W,YNL339C,0,-0.80099684,0.11026094108819962,0.5614385604858398,0.45354536175727844
YPL031C,YNL311C,0,-0.80106163,0.11023931205272675,0.5614385604858398,0.45364537835121155
YGL253W,YER115C,0,-0.8011017,0.11021769046783447,0.5614385604858398,0.45374536514282227
YFR015C,YHR074W,0,-0.80117226,0.1101960763335228,0.5614385604858398,0.45384538173675537
YBR275C,YKL113C,0,-0.80121356,0.11017447710037231,0.5614385604858398,0.4539453983306885
YNL230C,YPL188W,0,-0.80128014,0.11015287786722183,0.5614385604858398,0.4540454149246216
YML052W,YNL122C,0,-0.80132735,0.11013129353523254,0.5614385604858398,0.4541454017162323
YPL048W,YEL060C,0,-0.8013369,0.11010971665382385,0.5614385604858398,0.4542454183101654
YBR223C,YBR192W,0,-0.8013963,0.11008814722299576,0.5614385604858398,0.4543454349040985
YER122C,YMR117C,0,-0.8014829,0.11006658524274826,0.5614385604858398,0.4544454514980316
YLR385C,YLR287C-A,0,-0.8014899,0.11004503816366196,0.5614385604858398,0.4545454680919647
YLR237W,YOR337W,0,-0.80155575,0.11002349108457565,0.5614385604858398,0.45464545488357544
YHR029C,YMR236W,0,-0.80156493,0.11000195890665054,0.5614385604858398,0.45474547147750854
YDR371W,YNL066W,1,-0.8016545,0.11017612367868423,0.5624375343322754,0.45474547147750854
YOR391C,YDR444W,0,-0.8016671,0.11015456914901733,0.5624375343322754,0.45484548807144165
YKR037C,YOR007C,0,-0.8019759,0.11013302206993103,0.5624375343322754,0.45494550466537476
YDR006C,YGL160W,0,-0.80199575,0.11011148244142532,0.5624375343322754,0.4550454914569855
YAL044C,YDR540C,0,-0.8021735,0.11008995026350021,0.5624375343322754,0.4551455080509186
YHR028C,YER153C,0,-0.80227166,0.1100684255361557,0.5624375343322754,0.4552455246448517
YOR284W,YOL092W,0,-0.8022808,0.11004690825939178,0.5624375343322754,0.4553455412387848
YBR299W,YDR001C,1,-0.8023445,0.11022083461284637,0.5634365677833557,0.4553455412387848
YLR430W,YDR219C,0,-0.80250895,0.11019929498434067,0.5634365677833557,0.4554455578327179
YNL153C,YIL084C,0,-0.8026479,0.11017777025699615,0.5634365677833557,0.4555455446243286
YNL125C,YOL115W,0,-0.8026544,0.11015625298023224,0.5634365677833557,0.4556455612182617
YPL273W,YLR188W,0,-0.80267453,0.11013473570346832,0.5634365677833557,0.4557455778121948
YFR008W,YBR079C,0,-0.8028146,0.1101132333278656,0.5634365677833557,0.45584559440612793
YLR295C,YGL043W,0,-0.80285263,0.11009174585342407,0.5634365677833557,0.45594558119773865
YNL239W,YHR056C,0,-0.80287564,0.11007025837898254,0.5634365677833557,0.45604559779167175
YNL115C,YBR227C,0,-0.8029012,0.11004877835512161,0.5634365677833557,0.45614561438560486
YDR169C,YGL162W,0,-0.80305433,0.11002731323242188,0.5634365677833557,0.45624563097953796
YNL212W,YER016W,0,-0.8030741,0.11000584810972214,0.5634365677833557,0.45634564757347107
YER039C,YEL065W,0,-0.803119,0.1099843978881836,0.5634365677833557,0.4564456343650818
YJR131W,YPR159W,1,-0.8031924,0.11015792191028595,0.5644355416297913,0.4564456343650818
YHR081W,YPL217C,0,-0.80347824,0.11013644933700562,0.5644355416297913,0.4565456509590149
YGR225W,YKL165C,0,-0.8036697,0.11011498421430588,0.5644355416297913,0.456645667552948
YER091C,YCR071C,0,-0.8038628,0.11009353399276733,0.5644355416297913,0.4567456841468811
YBR080C,YOR353C,0,-0.8041291,0.11007208377122879,0.5644355416297913,0.4568456709384918
YPL134C,YFL066C,0,-0.80415934,0.11005064100027084,0.5644355416297913,0.4569456875324249
YGL047W,YDR099W,0,-0.8042804,0.11002921313047409,0.5644355416297913,0.45704570412635803
YAL009W,YJL019W,0,-0.80431414,0.11000778526067734,0.5644355416297913,0.45714572072029114
YAL009W,YLR090W,0,-0.80461276,0.10998637229204178,0.5644355416297913,0.45724573731422424
YKL182W,YGR056W,0,-0.8049121,0.10996496677398682,0.5644355416297913,0.45734572410583496
YHR025W,YKL010C,0,-0.80504274,0.10994356870651245,0.5644355416297913,0.45744574069976807
YDR332W,YBR200W,0,-0.8051027,0.10992217808961868,0.5644355416297913,0.45754575729370117
YGR206W,YDR461W,0,-0.8052485,0.10990079492330551,0.5644355416297913,0.4576457738876343
YMR134W,YPR052C,0,-0.80530465,0.10987942665815353,0.5644355416297913,0.457745760679245
YAL054C,YLR306W,0,-0.8053066,0.10985805839300156,0.5644355416297913,0.4578457772731781
YDR184C,YKL116C,0,-0.8053309,0.10983670502901077,0.5644355416297913,0.4579457938671112
YML060W,YLR213C,1,-0.80536926,0.11000971496105194,0.5654345750808716,0.4579457938671112
YMR134W,YDR170W-A,0,-0.8054045,0.10998833924531937,0.5654345750808716,0.4580458104610443
YOR245C,YBR019C,0,-0.80550665,0.10996697098016739,0.5654345750808716,0.4581458270549774
YOR174W,YKL073W,0,-0.8055176,0.10994561016559601,0.5654345750808716,0.45824581384658813
YAL015C,YHR204W,1,-0.80553055,0.11011847108602524,0.5664335489273071,0.45824581384658813
YGL123W,YLR286C,0,-0.8056202,0.11009708791971207,0.5664335489273071,0.45834583044052124
YOL091W,YMR056C,0,-0.8060729,0.11007571220397949,0.5664335489273071,0.45844584703445435
YJL198W,YML005W,0,-0.8061744,0.11005435138940811,0.5664335489273071,0.45854586362838745
YLR449W,YER117W,0,-0.8061799,0.11003299057483673,0.5664335489273071,0.45864585041999817
YFR004W,YLR048W,0,-0.8061946,0.11001164466142654,0.5664335489273071,0.4587458670139313
YOL039W,YNR022C,0,-0.8063631,0.10999029874801636,0.5664335489273071,0.4588458836078644
YMR214W,YCR083W,0,-0.8066681,0.10996896773576736,0.5664335489273071,0.4589459002017975
YLR057W,YOL028C,0,-0.80675703,0.10994764417409897,0.5664335489273071,0.4590459167957306
YDL225W,YOR145C,0,-0.8068297,0.10992632806301117,0.5664335489273071,0.4591459035873413
YJL136C,YLL019C,0,-0.8068456,0.10990501940250397,0.5664335489273071,0.4592459201812744
YKL221W,YJL019W,0,-0.8070071,0.10988371819257736,0.5664335489273071,0.4593459367752075
YML019W,YPL124W,0,-0.8071337,0.10986243188381195,0.5664335489273071,0.4594459533691406
YHR107C,YNL162W,0,-0.80729616,0.10984114557504654,0.5664335489273071,0.45954594016075134
YDR018C,YDR006C,0,-0.8073088,0.10981987416744232,0.5664335489273071,0.45964595675468445
YMR305C,YLR300W,1,-0.80764586,0.10999225080013275,0.5674325823783875,0.45964595675468445
YJR064W,YLR057W,0,-0.80771923,0.10997095704078674,0.5674325823783875,0.45974597334861755
YBL018C,YPL157W,0,-0.8078315,0.10994967073202133,0.5674325823783875,0.45984598994255066
YPL270W,YLR224W,0,-0.80783963,0.10992839187383652,0.5674325823783875,0.45994600653648376
YOL027C,YFL033C,0,-0.8078512,0.1099071204662323,0.5674325823783875,0.4600459933280945
YHR209W,YBR093C,0,-0.8081564,0.10988585650920868,0.5674325823783875,0.4601460099220276
YNR002C,YNR054C,0,-0.8082142,0.10986460000276566,0.5674325823783875,0.4602460265159607
YER006W,YBR243C,0,-0.80822355,0.10984335839748383,0.5674325823783875,0.4603460431098938
YGR035C,YPL002C,0,-0.8082386,0.109822116792202,0.5674325823783875,0.4604460299015045
YPL252C,YDR194C,0,-0.80826294,0.10980089008808136,0.5674325823783875,0.4605460464954376
YDR522C,YJL157C,0,-0.8083548,0.10977967083454132,0.5674325823783875,0.4606460630893707
YCR033W,YPR028W,0,-0.8083805,0.10975845158100128,0.5674325823783875,0.46074607968330383
YMR087W,YLR188W,0,-0.8084961,0.10973724722862244,0.5674325823783875,0.46084609627723694
YLR016C,YER153C,0,-0.8085083,0.10971605032682419,0.5674325823783875,0.46094608306884766
YEL060C,YML095C,0,-0.8087086,0.10969486087560654,0.5674325823783875,0.46104609966278076
YDL174C,YBL054W,0,-0.8087809,0.10967367887496948,0.5674325823783875,0.46114611625671387
YPL270W,YJR047C,0,-0.8092653,0.10965251177549362,0.5674325823783875,0.461246132850647
YDL185W,YOR237W,0,-0.80928195,0.10963134467601776,0.5674325823783875,0.4613461494445801
YOL077C,YPL079W,0,-0.80953544,0.1096101924777031,0.5674325823783875,0.4614461362361908
YPR075C,YLR430W,0,-0.80957055,0.10958904027938843,0.5674325823783875,0.4615461528301239
YLR135W,YER173W,0,-0.8096229,0.10956790298223495,0.5674325823783875,0.461646169424057
YLL015W,YOR208W,0,-0.80963457,0.10954677313566208,0.5674325823783875,0.4617461860179901
YCR057C,YKR068C,0,-0.80975187,0.1095256432890892,0.5674325823783875,0.46184617280960083
YGR012W,YBR141C,0,-0.8097834,0.10950452834367752,0.5674325823783875,0.46194618940353394
YGL190C,YHL022C,0,-0.80991554,0.10948342084884644,0.5674325823783875,0.46204620599746704
YMR303C,YMR065W,0,-0.8100008,0.10946232080459595,0.5674325823783875,0.46214622259140015
YOL129W,YLR088W,0,-0.8101232,0.10944123566150665,0.5674325823783875,0.46224623918533325
YKL089W,YNL311C,0,-0.8103665,0.10942015051841736,0.5674325823783875,0.46234622597694397
YLR373C,YNR021W,0,-0.810446,0.10939907282590866,0.5674325823783875,0.4624462425708771
YPR049C,YOL125W,0,-0.8105856,0.10937801003456116,0.5674325823783875,0.4625462591648102
YMR004W,YNL061W,0,-0.81064606,0.10935694724321365,0.5674325823783875,0.4626462757587433
YHR059W,YJR017C,0,-0.8107244,0.10933589935302734,0.5674325823783875,0.462746262550354
YJL117W,YER004W,0,-0.81090593,0.10931485891342163,0.5674325823783875,0.4628462791442871
YDL191W,YNL003C,0,-0.8109654,0.10929382592439651,0.5674325823783875,0.4629462957382202
YLR385C,YDR058C,0,-0.8110192,0.109272800385952,0.5674325823783875,0.4630463123321533
YNL037C,YBR074W,0,-0.8113392,0.10925178229808807,0.5674325823783875,0.4631463289260864
YGR061C,YDR134C,0,-0.811532,0.10923077166080475,0.5674325823783875,0.46324631571769714
YKL182W,YLR305C,0,-0.8115875,0.10920976847410202,0.5674325823783875,0.46334633231163025
YDR101C,YOR265W,0,-0.8116264,0.10918877273797989,0.5674325823783875,0.46344634890556335
YLR307W,YDR155C,0,-0.8117566,0.10916778445243835,0.5674325823783875,0.46354636549949646
YDR310C,YDL174C,0,-0.81176066,0.10914681106805801,0.5674325823783875,0.4636463522911072
YOR382W,YJL165C,0,-0.8119368,0.10912583768367767,0.5674325823783875,0.4637463688850403
YGR189C,YBR229C,1,-0.8119412,0.10929696261882782,0.568431556224823,0.4637463688850403
YPR006C,YLR319C,0,-0.81207055,0.10927597433328629,0.568431556224823,0.4638463854789734
YMR170C,YKL119C,0,-0.81207126,0.10925499349832535,0.568431556224823,0.4639464020729065
YCR024C-A,YLR433C,0,-0.8120887,0.10923402011394501,0.568431556224823,0.4640464186668396
YKR101W,YLR099C,0,-0.81210285,0.10921305418014526,0.568431556224823,0.4641464054584503
YCL014W,YMR210W,0,-0.812113,0.10919209569692612,0.568431556224823,0.4642464220523834
YLR373C,YKL091C,0,-0.81216085,0.10917114466428757,0.568431556224823,0.46434643864631653
YNL154C,YBL050W,0,-0.8121681,0.10915020108222961,0.568431556224823,0.46444645524024963
YMR321C,YAL033W,0,-0.81229174,0.10912926495075226,0.568431556224823,0.46454644203186035
YIL162W,YMR305C,1,-0.8122937,0.10930009931325912,0.5694305896759033,0.46454644203186035
YNL327W,YDR371W,1,-0.81232464,0.10947085916996002,0.5704295635223389,0.46454644203186035
YIL016W,YLL012W,0,-0.8123914,0.10944987833499908,0.5704295635223389,0.46464645862579346
YBR122C,YLR110C,0,-0.8124262,0.10942889750003815,0.5704295635223389,0.46474647521972656
YDL130W-A,YBR129C,0,-0.81250155,0.1094079315662384,0.5704295635223389,0.46484649181365967
YPL155C,YJL109C,0,-0.8125378,0.10938697308301926,0.5704295635223389,0.4649465084075928
YNL175C,YGL040C,0,-0.8125613,0.1093660220503807,0.5704295635223389,0.4650464951992035
YDR126W,YNL126W,0,-0.8125994,0.10934507846832275,0.5704295635223389,0.4651465117931366
YHR004C,YOR336W,0,-0.8126371,0.1093241423368454,0.5704295635223389,0.4652465283870697
YHR066W,YBR102C,0,-0.81265295,0.10930321365594864,0.5704295635223389,0.4653465449810028
YGR189C,YJL221C,1,-0.81268024,0.10947368294000626,0.5714285969734192,0.4653465449810028
YER052C,YOR123C,0,-0.8129183,0.1094527393579483,0.5714285969734192,0.4654465317726135
YLR369W,YJR083C,0,-0.81303036,0.10943179577589035,0.5714285969734192,0.46554654836654663
YPR029C,YLR306W,0,-0.8132895,0.10941086709499359,0.5714285969734192,0.46564656496047974
YOR290C,YKL009W,0,-0.81337893,0.10938993841409683,0.5714285969734192,0.46574658155441284
YBR084W,YDL052C,0,-0.81342393,0.10936902463436127,0.5714285969734192,0.46584659814834595
YDR254W,YCL074W,0,-0.8135239,0.1093481183052063,0.5714285969734192,0.46594658493995667
YER173W,YGR280C,0,-0.8137671,0.10932721942663193,0.5714285969734192,0.46604660153388977
YJR009C,YBR141C,0,-0.8139126,0.10930632799863815,0.5714285969734192,0.4661466181278229
YBR278W,YJL100W,0,-0.81402814,0.10928544402122498,0.5714285969734192,0.466246634721756
YCL033C,YDL166C,0,-0.81406593,0.1092645674943924,0.5714285969734192,0.4663466215133667
YGL047W,YJL203W,0,-0.8141314,0.10924369841814041,0.5714285969734192,0.4664466381072998
YKL071W,YDR533C,0,-0.8142407,0.10922283679246902,0.5714285969734192,0.4665466547012329
YAL040C,YNL158W,0,-0.8142607,0.10920198261737823,0.5714285969734192,0.466646671295166
YAL023C,YPL160W,0,-0.8142684,0.10918114334344864,0.5714285969734192,0.4667466878890991
YGL209W,YHR178W,0,-0.8143476,0.10916030406951904,0.5714285969734192,0.46684667468070984
YGR214W,YGL237C,0,-0.8144309,0.10913947969675064,0.5714285969734192,0.46694669127464294
YPL072W,YHR042W,0,-0.81456625,0.10911865532398224,0.5714285969734192,0.46704670786857605
YNR001C,YBR020W,0,-0.8146219,0.10909784585237503,0.5714285969734192,0.46714672446250916
YML007W,YDL061C,0,-0.81497145,0.10907704383134842,0.5714285969734192,0.4672467112541199
YGR279C,YKL046C,1,-0.8150605,0.10924690216779709,0.5724275708198547,0.4672467112541199
YJL051W,YPR181C,0,-0.8151793,0.10922607779502869,0.5724275708198547,0.467346727848053
YGR154C,YBR183W,0,-0.81549084,0.10920526087284088,0.5724275708198547,0.4674467444419861
YPL101W,YOL140W,0,-0.81555235,0.10918445140123367,0.5724275708198547,0.4675467610359192
YJL225C,YOR150W,0,-0.8156917,0.10916364938020706,0.5724275708198547,0.4676467776298523
YER150W,YGL232W,0,-0.81578326,0.10914285480976105,0.5724275708198547,0.467746764421463
YKL170W,YIL074C,0,-0.81590897,0.10912207514047623,0.5724275708198547,0.4678467810153961
YJL122W,YDL074C,0,-0.8159119,0.1091012954711914,0.5724275708198547,0.4679467976093292
YOR230W,YOR211C,0,-0.81592953,0.10908052325248718,0.5724275708198547,0.46804681420326233
YGR128C,YOR304W,0,-0.81601334,0.10905976593494415,0.5724275708198547,0.46814680099487305
YOL031C,YAR010C,0,-0.8160407,0.10903900861740112,0.5724275708198547,0.46824681758880615
YER173W,YIL155C,0,-0.8160577,0.10901826620101929,0.5724275708198547,0.46834683418273926
YOR194C,YML025C,0,-0.8161237,0.10899752378463745,0.5724275708198547,0.46844685077667236
YKL065C,YOR269W,0,-0.8161473,0.10897679626941681,0.5724275708198547,0.46854686737060547
YCR020W-B,YJR059W,0,-0.8164402,0.10895607620477676,0.5724275708198547,0.4686468541622162
YOR297C,YFL036W,0,-0.81665015,0.10893536359071732,0.5724275708198547,0.4687468707561493
YOR073W,YBL067C,0,-0.8168322,0.10891465842723846,0.5724275708198547,0.4688468873500824
YPL072W,YKR029C,0,-0.8169634,0.10889395326375961,0.5724275708198547,0.4689469039440155
YFL021W,YLL008W,0,-0.8169785,0.10887326300144196,0.5724275708198547,0.4690468907356262
YMR121C,YBR283C,0,-0.8171406,0.1088525801897049,0.5724275708198547,0.4691469073295593
YJR105W,YBR039W,0,-0.8171894,0.10883191227912903,0.5724275708198547,0.46924692392349243
YNL316C,YNL006W,0,-0.81735635,0.10881124436855316,0.5724275708198547,0.46934694051742554
YNL027W,YDL213C,0,-0.81736135,0.10879058390855789,0.5724275708198547,0.46944695711135864
YER101C,YIR013C,0,-0.8174279,0.10876993089914322,0.5724275708198547,0.46954694390296936
YJL216C,YLR057W,1,-0.8174954,0.10893907397985458,0.5734265446662903,0.46954694390296936
YFL013C,YER157W,0,-0.8174958,0.10891840606927872,0.5734265446662903,0.46964696049690247
YLR256W,YPL066W,0,-0.81754076,0.10889774560928345,0.5734265446662903,0.46974697709083557
YER065C,YOR339C,0,-0.8176594,0.10887708514928818,0.5734265446662903,0.4698469936847687
YGR104C,YPL183W-A,0,-0.81770563,0.1088564395904541,0.5734265446662903,0.4699469804763794
YER110C,YBR229C,0,-0.8178132,0.10883580148220062,0.5734265446662903,0.4700469970703125
YNL139C,YIL065C,0,-0.8178783,0.10881516337394714,0.5734265446662903,0.4701470136642456
YJL071W,YAL055W,0,-0.8180269,0.10879454016685486,0.5734265446662903,0.4702470302581787
YIL006W,YHL022C,0,-0.81805205,0.10877392441034317,0.5734265446662903,0.4703470468521118
YDL171C,YDL051W,0,-0.81805956,0.10875331610441208,0.5734265446662903,0.47044703364372253
YOR251C,YDL061C,0,-0.8183575,0.10873271524906158,0.5734265446662903,0.47054705023765564
YIL099W,YIR007W,1,-0.81839895,0.10890151560306549,0.5744255781173706,0.47054705023765564
YPL090C,YNL061W,0,-0.8185265,0.1088808923959732,0.5744255781173706,0.47064706683158875
YIL111W,YJL164C,0,-0.81871927,0.10886027663946152,0.5744255781173706,0.47074708342552185
YLR295C,YOL013C,0,-0.8189082,0.10883967578411102,0.5744255781173706,0.47084707021713257
YOR162C,YBR066C,0,-0.8189808,0.10881907492876053,0.5744255781173706,0.4709470868110657
YDL217C,YBR217W,0,-0.81905496,0.10879848897457123,0.5744255781173706,0.4710471034049988
YBL113C,YOL072W,0,-0.81916845,0.10877790302038193,0.5744255781173706,0.4711471199989319
YNR032W,YMR309C,0,-0.81961834,0.10875733196735382,0.5744255781173706,0.471247136592865
YGR287C,YDR400W,1,-0.8196609,0.10892587155103683,0.5754245519638062,0.471247136592865
YDR022C,YOR008C,0,-0.8196682,0.10890527814626694,0.5754245519638062,0.4713471233844757
YGL113W,YOR005C,0,-0.8196856,0.10888468474149704,0.5754245519638062,0.4714471399784088
YOL145C,YMR306W,0,-0.81972945,0.10886410623788834,0.5754245519638062,0.4715471565723419
YKL009W,YJL041W,0,-0.8197741,0.10884353518486023,0.5754245519638062,0.471647173166275
YOR190W,YJR153W,1,-0.8199224,0.10901190340518951,0.5764235854148865,0.471647173166275
YIR025W,YNR008W,0,-0.82010084,0.10899131000041962,0.5764235854148865,0.47174715995788574
YLR256W,YKR105C,0,-0.82011175,0.10897072404623032,0.5764235854148865,0.47184717655181885
YLR073C,YGR001C,0,-0.82013065,0.10895015299320221,0.5764235854148865,0.47194719314575195
YPL246C,YLR130C,0,-0.82014996,0.1089295819401741,0.5764235854148865,0.47204720973968506
YNR061C,YDL065C,0,-0.8202516,0.10890902578830719,0.5764235854148865,0.47214722633361816
YNL209W,YJR088C,0,-0.820277,0.10888846963644028,0.5764235854148865,0.4722472131252289
YML099C,YPL256C,0,-0.82037514,0.10886792093515396,0.5764235854148865,0.472347229719162
YDR348C,YFL029C,0,-0.8203987,0.10884738713502884,0.5764235854148865,0.4724472463130951
YLR309C,YPL119C,0,-0.82058156,0.10882686078548431,0.5764235854148865,0.4725472629070282
YDR456W,YJL092W,0,-0.8206862,0.10880633443593979,0.5764235854148865,0.4726472795009613
YMR263W,YNL005C,0,-0.8207745,0.10878582298755646,0.5764235854148865,0.472747266292572
YOR340C,YNL229C,0,-0.82086873,0.10876531898975372,0.5764235854148865,0.4728472828865051
YOL129W,YDL014W,0,-0.82088745,0.10874481499195099,0.5764235854148865,0.47294729948043823
YDR299W,YBL092W,0,-0.8208925,0.10872432589530945,0.5764235854148865,0.47304731607437134
YLR393W,YJL046W,0,-0.82089305,0.1087038442492485,0.5764235854148865,0.47314730286598206
YOR153W,YOL147C,0,-0.8209688,0.10868337005376816,0.5764235854148865,0.47324731945991516
YDR283C,YGR001C,0,-0.8210063,0.10866290330886841,0.5764235854148865,0.47334733605384827
YLR268W,YBR231C,0,-0.82105756,0.10864243656396866,0.5764235854148865,0.47344735264778137
YNL217W,YOL058W,0,-0.8210623,0.1086219847202301,0.5764235854148865,0.4735473692417145
YOL101C,YOR269W,0,-0.821148,0.10860154032707214,0.5764235854148865,0.4736473560333252
YJL029C,YDL049C,0,-0.8212474,0.10858110338449478,0.5764235854148865,0.4737473726272583
YNR036C,YPR107C,0,-0.8213354,0.10856067389249802,0.5764235854148865,0.4738473892211914
YKL022C,YKL193C,0,-0.8214042,0.10854025930166245,0.5764235854148865,0.4739474058151245
YOR188W,YMR257C,0,-0.8214048,0.10851984471082687,0.5764235854148865,0.47404739260673523
YIL168W,YBL036C,0,-0.82157314,0.1084994375705719,0.5764235854148865,0.47414740920066833
YHL009C,YDL208W,0,-0.8216483,0.10847903788089752,0.5764235854148865,0.47424742579460144
YPR103W,YDL212W,0,-0.8216884,0.10845864564180374,0.5764235854148865,0.47434744238853455
YML088W,YJL176C,0,-0.8217071,0.10843826085329056,0.5764235854148865,0.47444745898246765
YDL078C,YCL036W,0,-0.8217117,0.10841789096593857,0.5764235854148865,0.47454744577407837
YER169W,YKL140W,0,-0.82172966,0.10839752107858658,0.5764235854148865,0.4746474623680115
YNL330C,YIL145C,0,-0.8217324,0.10837715864181519,0.5764235854148865,0.4747474789619446
YGR143W,YDR237W,0,-0.8217522,0.10835681110620499,0.5764235854148865,0.4748474955558777
YPL149W,YOR196C,0,-0.82177436,0.10833646357059479,0.5764235854148865,0.4749474823474884
YKL020C,YER154W,0,-0.82178926,0.10831612348556519,0.5764235854148865,0.4750474989414215
YBR022W,YBL105C,0,-0.82193196,0.10829579830169678,0.5764235854148865,0.4751475155353546
YKR010C,YMR202W,0,-0.8219379,0.10827547311782837,0.5764235854148865,0.4752475321292877
YDL201W,YCR033W,0,-0.8219658,0.10825516283512115,0.5764235854148865,0.4753475487232208
YHR187W,YML094W,0,-0.82201827,0.10823485255241394,0.5764235854148865,0.47544753551483154
YML008C,YPR127W,0,-0.82202554,0.10821455717086792,0.5764235854148865,0.47554755210876465
YDR067C,YJL190C,0,-0.8220392,0.1081942617893219,0.5764235854148865,0.47564756870269775
YJR134C,YLR298C,0,-0.82241344,0.10817398130893707,0.5764235854148865,0.47574758529663086
YGL161C,YNL116W,0,-0.82242334,0.10815370082855225,0.5764235854148865,0.4758475720882416
YIL105C,YBR128C,0,-0.8225673,0.10813343524932861,0.5764235854148865,0.4759475886821747
YDR239C,YMR241W,0,-0.8226495,0.10811316967010498,0.5764235854148865,0.4760476052761078
YIL049W,YLR128W,0,-0.82275414,0.10809291899204254,0.5764235854148865,0.4761476218700409
YKR038C,YHR136C,0,-0.8228828,0.1080726757645607,0.5764235854148865,0.476247638463974
YKL096W,YIL093C,0,-0.82293075,0.10805243253707886,0.5764235854148865,0.4763476252555847
YOL139C,YDR180W,0,-0.8229948,0.10803220421075821,0.5764235854148865,0.4764476418495178
YDR311W,YGR081C,0,-0.82310885,0.10801198333501816,0.5764235854148865,0.4765476584434509
YPR194C,YGR104C,0,-0.82321185,0.1079917624592781,0.5764235854148865,0.47664767503738403
YJR043C,YJL203W,0,-0.8232206,0.10797155648469925,0.5764235854148865,0.47674766182899475
YLR186W,YDL092W,0,-0.82325983,0.10795135796070099,0.5764235854148865,0.47684767842292786
YDL190C,YMR288W,0,-0.82329786,0.10793116688728333,0.5764235854148865,0.47694769501686096
YNL327W,YPR026W,1,-0.82344186,0.10809800028800964,0.577422559261322,0.47694769501686096
YGR209C,YGL257C,0,-0.8234817,0.10807778686285019,0.577422559261322,0.47704771161079407
YOL107W,YPL214C,0,-0.82349896,0.10805758088827133,0.577422559261322,0.4771477282047272
YDR363W,YAL053W,0,-0.82365644,0.10803738236427307,0.577422559261322,0.4772477149963379
YJL138C,YHR121W,0,-0.8238256,0.10801719129085541,0.577422559261322,0.477347731590271
YLR399C,YPL104W,0,-0.8241229,0.10799700766801834,0.577422559261322,0.4774477481842041
YMR238W,YMR305C,1,-0.8241532,0.10816364735364914,0.5784215927124023,0.4774477481842041
YBL088C,YLR246W,0,-0.8242533,0.10814344137907028,0.5784215927124023,0.4775477647781372
YDR221W,YIL172C,1,-0.82444197,0.10830999165773392,0.5794205665588379,0.4775477647781372
YDL166C,YHR207C,0,-0.8244694,0.10828977078199387,0.5794205665588379,0.4776477515697479
YIL083C,YNL039W,0,-0.82464045,0.10826955735683441,0.5794205665588379,0.47774776816368103
YBR199W,YPL103C,0,-0.82473636,0.10824934393167496,0.5794205665588379,0.47784778475761414
YBR001C,YEL011W,1,-0.8248557,0.10841575264930725,0.5804196000099182,0.47784778475761414
YPL232W,YHR124W,0,-0.82501394,0.1083955243229866,0.5804196000099182,0.47794780135154724
YNL316C,YOL124C,0,-0.8251134,0.10837530344724655,0.5804196000099182,0.47804781794548035
YBR002C,YJL134W,0,-0.8252559,0.1083550900220871,0.5804196000099182,0.47814780473709106
YOR283W,YNL225C,0,-0.8253112,0.10833488404750824,0.5804196000099182,0.47824782133102417
YHR134W,YCL040W,0,-0.8253382,0.10831469297409058,0.5804196000099182,0.4783478379249573
YFR007W,YPR121W,0,-0.82536465,0.10829450190067291,0.5804196000099182,0.4784478545188904
YGR143W,YML021C,1,-0.82543063,0.1084606796503067,0.5814185738563538,0.4784478545188904
YOR190W,YDR371W,1,-0.82547706,0.10862679034471512,0.5824176073074341,0.4784478545188904
YGL174W,YIL168W,0,-0.825715,0.10860655456781387,0.5824176073074341,0.4785478413105011
YIL095W,YHR175W,0,-0.8258202,0.10858632624149323,0.5824176073074341,0.4786478579044342
YIL162W,YGR143W,1,-0.82593954,0.10875232517719269,0.5834165811538696,0.4786478579044342
YLR213C,YLR300W,1,-0.82594544,0.10891826450824738,0.5844155550003052,0.4786478579044342
YKL067W,YOR043W,0,-0.826,0.10889799147844315,0.5844155550003052,0.4787478744983673
YGL077C,YNL077W,0,-0.82610327,0.10887771844863892,0.5844155550003052,0.4788478910923004
YJR002W,YLR192C,0,-0.8263124,0.10885746031999588,0.5844155550003052,0.4789479076862335
YGL086W,YML029W,0,-0.82635915,0.10883720964193344,0.5844155550003052,0.47904789447784424
YDL213C,YFL037W,0,-0.8263608,0.1088169664144516,0.5844155550003052,0.47914791107177734
YNR049C,YDL114W,0,-0.8263643,0.10879672318696976,0.5844155550003052,0.47924792766571045
YDL051W,YOR287C,0,-0.8263844,0.10877649486064911,0.5844155550003052,0.47934794425964355
YJL216C,YPR184W,1,-0.82664394,0.1089421808719635,0.5854145884513855,0.47934794425964355
YER049W,YCR033W,0,-0.82680935,0.10892193019390106,0.5854145884513855,0.4794479310512543
YKR092C,YER117W,0,-0.82683754,0.10890169441699982,0.5854145884513855,0.4795479476451874
YGR132C,YKL085W,0,-0.82686365,0.10888145864009857,0.5854145884513855,0.4796479642391205
YMR047C,YDR153C,0,-0.82697165,0.10886123031377792,0.5854145884513855,0.4797479808330536
YOL057W,YHL004W,0,-0.8270458,0.10884100943803787,0.5854145884513855,0.4798479974269867
YDR342C,YJR045C,0,-0.82706356,0.10882079601287842,0.5854145884513855,0.4799479842185974
YMR289W,YAL039C,0,-0.82716185,0.10880059748888016,0.5854145884513855,0.4800480008125305
YDR418W,YER058W,0,-0.8271973,0.1087803989648819,0.5854145884513855,0.4801480174064636
YOL091W,YNL323W,0,-0.82726026,0.10876020789146423,0.5854145884513855,0.48024803400039673
YDR409W,YOR351C,0,-0.8276398,0.10874002426862717,0.5854145884513855,0.48034802079200745
YBR229C,YCL057C-A,0,-0.82772726,0.1087198480963707,0.5854145884513855,0.48044803738594055
YOL093W,YJL164C,0,-0.82775056,0.10869968682527542,0.5854145884513855,0.48054805397987366
YGR279C,YML060W,1,-0.82776076,0.10886498540639877,0.586413562297821,0.48054805397987366
YGR282C,YDR400W,1,-0.8277923,0.10903022438287735,0.5874125957489014,0.48054805397987366
YLR080W,YKL116C,0,-0.8278369,0.1090100109577179,0.5874125957489014,0.48064807057380676
YEL011W,YLR057W,1,-0.8278476,0.10917516052722931,0.5884115695953369,0.48064807057380676
YER104W,YBL026W,0,-0.827898,0.10915493220090866,0.5884115695953369,0.48074808716773987
YDL161W,YDL214C,0,-0.82800883,0.10913470387458801,0.5884115695953369,0.4808480739593506
YGL156W,YIL172C,1,-0.82803404,0.10929974168539047,0.5894106030464172,0.4808480739593506
YLR396C,YLR042C,0,-0.8281342,0.10927949845790863,0.5894106030464172,0.4809480905532837
YLL015W,YOR233W,0,-0.82822764,0.10925926268100739,0.5894106030464172,0.4810481071472168
YAL008W,YOR098C,0,-0.8282528,0.10923902690410614,0.5894106030464172,0.4811481237411499
YBR229C,YNR067C,1,-0.8282852,0.10940392315387726,0.5904095768928528,0.4811481237411499
YKL220C,YLR272C,0,-0.82841855,0.10938367247581482,0.5904095768928528,0.4812481105327606
YDR312W,YLR306W,0,-0.82860345,0.10936343669891357,0.5904095768928528,0.4813481271266937
YNL299W,YIL121W,0,-0.82867235,0.10934320092201233,0.5904095768928528,0.48144814372062683
YMR271C,YCL052C,0,-0.82872677,0.10932297259569168,0.5904095768928528,0.48154816031455994
YPR011C,YOR284W,0,-0.8288145,0.10930275917053223,0.5904095768928528,0.48164817690849304
YAL012W,YOL071W,0,-0.8288578,0.10928254574537277,0.5904095768928528,0.48174816370010376
YPL266W,YML026C,0,-0.8288976,0.10926233977079391,0.5904095768928528,0.48184818029403687
YBR120C,YBL005W-B,0,-0.82902884,0.10924214124679565,0.5904095768928528,0.48194819688796997
YMR217W,YER157W,0,-0.8292935,0.10922195762395859,0.5904095768928528,0.4820482134819031
YPR192W,YJL065C,0,-0.82930565,0.10920177400112152,0.5904095768928528,0.4821482002735138
YGL201C,YOL119C,0,-0.8293554,0.10918159782886505,0.5904095768928528,0.4822482168674469
YDR018C,YJL213W,0,-0.82938874,0.10916143655776978,0.5904095768928528,0.48234823346138
YBL074C,YOR215C,0,-0.8293984,0.1091412752866745,0.5904095768928528,0.4824482500553131
YHL007C,YGL095C,0,-0.82942075,0.10912112146615982,0.5904095768928528,0.4825482666492462
YOR362C,YBL005W-B,0,-0.8294523,0.10910097509622574,0.5904095768928528,0.48264825344085693
YFR009W,YER045C,0,-0.8294855,0.10908084362745285,0.5904095768928528,0.48274827003479004
YHR135C,YLR405W,0,-0.82965267,0.10906071215867996,0.5904095768928528,0.48284828662872314
YBR001C,YOL157C,1,-0.82965887,0.10922509431838989,0.5914086103439331,0.48284828662872314
YGR090W,YJL158C,0,-0.8296702,0.10920494049787521,0.5914086103439331,0.48294830322265625
YPL050C,YPR187W,0,-0.8297,0.10918480157852173,0.5914086103439331,0.48304829001426697
YMR189W,YBL036C,0,-0.82972354,0.10916467010974884,0.5914086103439331,0.4831483066082001
YDR462W,YBR066C,0,-0.8298142,0.10914454609155655,0.5914086103439331,0.4832483232021332
YIL162W,YBR001C,1,-0.8299843,0.10930875688791275,0.5924075841903687,0.4832483232021332
YDR432W,YDR182W,0,-0.83005965,0.10928861051797867,0.5924075841903687,0.4833483397960663
YGR268C,YPL009C,0,-0.83018833,0.10926847159862518,0.5924075841903687,0.4834483563899994
YBL020W,YDR371W,0,-0.8302332,0.1092483401298523,0.5924075841903687,0.4835483431816101
YDL133C-A,YGL259W,0,-0.8303447,0.10922821611166,0.5924075841903687,0.4836483597755432
YGR271W,YML094W,0,-0.83042276,0.10920809954404831,0.5924075841903687,0.4837483763694763
YDL095W,YML111W,0,-0.8306749,0.10918799787759781,0.5924075841903687,0.4838483929634094
YIL172C,YIR007W,1,-0.83071417,0.1093519851565361,0.593406617641449,0.4838483929634094
YPL086C,YBL006C,0,-0.8307228,0.10933186113834381,0.593406617641449,0.48394840955734253
YJR159W,YIR014W,0,-0.8307994,0.10931174457073212,0.593406617641449,0.48404839634895325
YDR298C,YCR075C,0,-0.8308543,0.10929162800312042,0.593406617641449,0.48414841294288635
YER019C-A,YHR058C,0,-0.83088136,0.10927152633666992,0.593406617641449,0.48424842953681946
YDL058W,YIL143C,0,-0.8309017,0.10925142467021942,0.593406617641449,0.48434844613075256
YNL151C,YPL093W,0,-0.83092487,0.10923133790493011,0.593406617641449,0.4844484329223633
YGR163W,YKL120W,0,-0.8309932,0.10921125113964081,0.593406617641449,0.4845484495162964
YBL113C,YPL150W,0,-0.83159626,0.1091911792755127,0.593406617641449,0.4846484661102295
YLR073C,YPL172C,0,-0.83180046,0.10917110741138458,0.593406617641449,0.4847484827041626
YNL301C,YJL065C,0,-0.8318598,0.10915105044841766,0.593406617641449,0.4848484992980957
YFL021W,YIL070C,0,-0.83187217,0.10913099348545074,0.593406617641449,0.4849484860897064
YBR036C,YCR008W,0,-0.8319013,0.10911095142364502,0.593406617641449,0.4850485026836395
YFR006W,YOL066C,0,-0.8320746,0.1090909093618393,0.593406617641449,0.48514851927757263
YDR144C,YGL029W,0,-0.83210164,0.10907087475061417,0.593406617641449,0.48524853587150574
YGL028C,YIR007W,1,-0.832175,0.10923443734645844,0.5944055914878845,0.48524853587150574
YLR077W,YBR161W,0,-0.83223283,0.10921438783407211,0.5944055914878845,0.48534852266311646
YDR090C,YDR394W,0,-0.83228546,0.10919434577226639,0.5944055914878845,0.48544853925704956
YLR373C,YNL268W,0,-0.83233786,0.10917431116104126,0.5944055914878845,0.48554855585098267
YPL249C,YBR057C,0,-0.83237225,0.10915428400039673,0.5944055914878845,0.48564857244491577
YDR236C,YJL065C,0,-0.83238626,0.1091342642903328,0.5944055914878845,0.4857485890388489
YOR190W,YDR400W,1,-0.8324255,0.10929763317108154,0.5954046249389648,0.4857485890388489
YAL063C,YDR330W,0,-0.8325133,0.10927759110927582,0.5954046249389648,0.4858485758304596
YLL028W,YMR029C,0,-0.83269,0.10925756394863129,0.5954046249389648,0.4859485924243927
YDL039C,YGR087C,0,-0.83270675,0.10923753678798676,0.5954046249389648,0.4860486090183258
YER001W,YDR258C,0,-0.83275604,0.10921751707792282,0.5954046249389648,0.4861486256122589
YPL183W-A,YNL311C,0,-0.83288443,0.10919750481843948,0.5954046249389648,0.48624861240386963
YGR281W,YPL128C,0,-0.8330309,0.10917750746011734,0.5954046249389648,0.48634862899780273
YOL060C,YGR251W,0,-0.8330504,0.1091575101017952,0.5954046249389648,0.48644864559173584
YML085C,YDR423C,0,-0.83311063,0.10913752019405365,0.5954046249389648,0.48654866218566895
YLL032C,YHR061C,0,-0.83318406,0.1091175377368927,0.5954046249389648,0.48664867877960205
YBR177C,YDL042C,0,-0.8333565,0.10909756273031235,0.5954046249389648,0.48674866557121277
YEL050C,YGR282C,0,-0.83336234,0.10907759517431259,0.5954046249389648,0.4868486821651459
YOR171C,YER001W,0,-0.8334065,0.10905764251947403,0.5954046249389648,0.486948698759079
YGL027C,YNL066W,1,-0.8334893,0.10922063887119293,0.5964035987854004,0.486948698759079
YKL152C,YHR112C,0,-0.8335251,0.10920065641403198,0.5964035987854004,0.4870487153530121
YER018C,YDR255C,0,-0.83375514,0.10918068885803223,0.5964035987854004,0.4871487021446228
YLR008C,YMR116C,0,-0.8337767,0.10916072130203247,0.5964035987854004,0.4872487187385559
YLR210W,YJR091C,0,-0.8339449,0.10914076864719391,0.5964035987854004,0.487348735332489
YOR348C,YAL042W,0,-0.8340606,0.10912081599235535,0.5964035987854004,0.4874487519264221
YER153C,YKL164C,0,-0.83409333,0.10910087823867798,0.5964035987854004,0.4875487685203552
YGL021W,YCR026C,0,-0.8341012,0.10908094048500061,0.5964035987854004,0.48764875531196594
YMR298W,YOR261C,0,-0.8342191,0.10906101763248444,0.5964035987854004,0.48774877190589905
YMR263W,YGL035C,0,-0.8342266,0.10904109477996826,0.5964035987854004,0.48784878849983215
YPL144W,YML018C,0,-0.8342289,0.10902118682861328,0.5964035987854004,0.48794880509376526
YJL090C,YIR002C,0,-0.834266,0.1090012788772583,0.5964035987854004,0.488048791885376
YDR231C,YBR286W,0,-0.83459485,0.10898137837648392,0.5964035987854004,0.4881488084793091
YML037C,YEL061C,0,-0.83473265,0.10896149277687073,0.5964035987854004,0.4882488250732422
YJL210W,YGL180W,0,-0.83487827,0.10894160717725754,0.5964035987854004,0.4883488416671753
YER142C,YIL162W,1,-0.83487874,0.10910417884588242,0.5974025726318359,0.4883488416671753
YGL027C,YBR056W,1,-0.8349771,0.10926669090986252,0.5984016060829163,0.4883488416671753
YPR075C,YMR186W,0,-0.83498317,0.10924676060676575,0.5984016060829163,0.4884488582611084
YGR279C,YIL172C,1,-0.8351282,0.10940919071435928,0.5994005799293518,0.4884488582611084
YNL050C,YER131W,0,-0.8351753,0.10938924551010132,0.5994005799293518,0.4885488450527191
YCR020C,YDL109C,0,-0.8352208,0.10936930030584335,0.5994005799293518,0.4886488616466522
YLR148W,YDR016C,0,-0.8353856,0.10934937000274658,0.5994005799293518,0.4887488782405853
YBR267W,YKL064W,0,-0.8354312,0.10932944715023041,0.5994005799293518,0.48884889483451843
YDR298C,YDR393W,0,-0.8357105,0.10930953174829483,0.5994005799293518,0.48894888162612915
YJL216C,YGR292W,1,-0.83581215,0.10947176814079285,0.6003996133804321,0.48894888162612915
YJR127C,YFR044C,0,-0.83582115,0.10945183038711548,0.6003996133804321,0.48904889822006226
YBR217W,YPL098C,0,-0.83587384,0.10943190008401871,0.6003996133804321,0.48914891481399536
YJR103W,YIL126W,0,-0.83626556,0.10941197723150253,0.6003996133804321,0.48924893140792847
YDL052C,YNL127W,0,-0.83665574,0.10939206182956696,0.6003996133804321,0.4893489480018616
YMR268C,YDR415C,0,-0.83667666,0.10937215387821198,0.6003996133804321,0.4894489347934723
YGR167W,YNL086W,0,-0.83673316,0.10935225337743759,0.6003996133804321,0.4895489513874054
YNL307C,YGR234W,0,-0.83676636,0.1093323603272438,0.6003996133804321,0.4896489679813385
YJL087C,YBR074W,0,-0.8369234,0.10931247472763062,0.6003996133804321,0.4897489845752716
YNR047W,YOL026C,0,-0.83706766,0.10929259657859802,0.6003996133804321,0.4898489713668823
YOL062C,YLR157C,0,-0.8373749,0.10927272588014603,0.6003996133804321,0.48994898796081543
YDR540C,YFL039C,0,-0.83743334,0.10925286263227463,0.6003996133804321,0.49004900455474854
YDL069C,YLR357W,0,-0.83775806,0.10923300683498383,0.6003996133804321,0.49014902114868164
YMR097C,YHR161C,0,-0.8377699,0.10921315848827362,0.6003996133804321,0.49024903774261475
YJL200C,YIL084C,0,-0.83781385,0.10919331759214401,0.6003996133804321,0.49034902453422546
YDL198C,YML058W,0,-0.8378259,0.1091734766960144,0.6003996133804321,0.49044904112815857
YOR295W,YLR343W,0,-0.8379219,0.10915365070104599,0.6003996133804321,0.4905490577220917
YBR264C,YMR042W,0,-0.8379324,0.10913383215665817,0.6003996133804321,0.4906490743160248
YIL135C,YGR175C,0,-0.8379476,0.10911401361227036,0.6003996133804321,0.4907490611076355
YFR037C,YDR219C,0,-0.83799267,0.10909420996904373,0.6003996133804321,0.4908490777015686
YER101C,YPL106C,0,-0.83800375,0.1090744137763977,0.6003996133804321,0.4909490942955017
YOL068C,YGL039W,0,-0.8380846,0.10905461758375168,0.6003996133804321,0.4910491108894348
YCR081W,YLR440C,0,-0.83816856,0.10903483629226685,0.6003996133804321,0.4911491274833679
YIL171W,YNR018W,0,-0.83818305,0.10901505500078201,0.6003996133804321,0.49124911427497864
YDR312W,YIL101C,0,-0.83818465,0.10899528115987778,0.6003996133804321,0.49134913086891174
YDR051C,YMR146C,0,-0.8383056,0.10897552222013474,0.6003996133804321,0.49144914746284485
YGL175C,YBR128C,0,-0.8384527,0.1089557632803917,0.6003996133804321,0.49154916405677795
YIL139C,YKL124W,0,-0.8384549,0.10893601924180984,0.6003996133804321,0.49164915084838867
YPL037C,YJL221C,0,-0.8385571,0.108916275203228,0.6003996133804321,0.4917491674423218
YML073C,YLL041C,0,-0.8385766,0.10889653861522675,0.6003996133804321,0.4918491840362549
YOR046C,YNL254C,0,-0.83872217,0.10887680947780609,0.6003996133804321,0.491949200630188
YEL056W,YML006C,0,-0.8390234,0.10885708779096603,0.6003996133804321,0.4920492172241211
YHR067W,YHR161C,0,-0.8391129,0.10883738100528717,0.6003996133804321,0.4921492040157318
YDR038C,YHR083W,0,-0.83932835,0.1088176742196083,0.6003996133804321,0.4922492206096649
YOR293W,YDR477W,0,-0.8394021,0.10879797488451004,0.6003996133804321,0.492349237203598
YDR385W,YLR216C,0,-0.8394719,0.10877828299999237,0.6003996133804321,0.49244925379753113
YJR135C,YPR162C,0,-0.83954275,0.1087585985660553,0.6003996133804321,0.49254924058914185
YJL033W,YBR008C,0,-0.8397968,0.10873892158269882,0.6003996133804321,0.49264925718307495
YGR239C,YGR179C,0,-0.8400035,0.10871924459934235,0.6003996133804321,0.49274927377700806
YPR011C,YMR154C,0,-0.8402193,0.10869958251714706,0.6003996133804321,0.49284929037094116
YPL186C,YOR066W,0,-0.840287,0.10867992788553238,0.6003996133804321,0.49294930696487427
YGL178W,YJL006C,0,-0.84033316,0.10866028070449829,0.6003996133804321,0.493049293756485
YMR267W,YML007W,0,-0.84047866,0.1086406335234642,0.6003996133804321,0.4931493103504181
YLR427W,YGL213C,0,-0.84049976,0.10862100124359131,0.6003996133804321,0.4932493269443512
YPL242C,YJR013W,0,-0.8405131,0.10860137641429901,0.6003996133804321,0.4933493435382843
YER001W,YOR351C,0,-0.84054655,0.10858175158500671,0.6003996133804321,0.493449330329895
YGL137W,YLR336C,0,-0.8407525,0.10856214165687561,0.6003996133804321,0.4935493469238281
YGR171C,YOR324C,0,-0.8408422,0.1085425317287445,0.6003996133804321,0.49364936351776123
YLR008C,YJR051W,0,-0.840896,0.108522929251194,0.6003996133804321,0.49374938011169434
YOR180C,YDL040C,0,-0.841036,0.10850334167480469,0.6003996133804321,0.49384939670562744
YPR061C,YPR026W,0,-0.84112465,0.10848375409841537,0.6003996133804321,0.49394938349723816
YOR369C,YJR097W,0,-0.8411515,0.10846417397260666,0.6003996133804321,0.49404940009117126
YOR356W,YMR307W,0,-0.8411691,0.10844460129737854,0.6003996133804321,0.49414941668510437
YMR143W,YOR124C,0,-0.8411847,0.10842504352331161,0.6003996133804321,0.4942494332790375
YPL065W,YDR402C,0,-0.8412427,0.10840548574924469,0.6003996133804321,0.4943494200706482
YLR373C,YNL224C,0,-0.8413322,0.10838593542575836,0.6003996133804321,0.4944494366645813
YNL327W,YGL027C,1,-0.84140074,0.10854669660329819,0.6013985872268677,0.4944494366645813
YBR033W,YOL072W,0,-0.84144706,0.10852713137865067,0.6013985872268677,0.4945494532585144
YBR296C,YOR230W,0,-0.8414589,0.10850757360458374,0.6013985872268677,0.4946494698524475
YNR036C,YPL158C,0,-0.84178746,0.10848801583051682,0.6013985872268677,0.4947494864463806
YAR008W,YIL150C,0,-0.8418001,0.10846846550703049,0.6013985872268677,0.49484947323799133
YDR356W,YBR074W,0,-0.8420172,0.10844893008470535,0.6013985872268677,0.49494948983192444
YOL016C,YBR200W,0,-0.84203875,0.10842939466238022,0.6013985872268677,0.49504950642585754
YIL094C,YLR130C,0,-0.8422834,0.10840986669063568,0.6013985872268677,0.49514952301979065
YLR035C,YNL306W,0,-0.8423279,0.10839034616947174,0.6013985872268677,0.49524953961372375
YBL005W-A,YMR060C,0,-0.84247607,0.108370840549469,0.6013985872268677,0.4953495264053345
YLR306W,YBR271W,0,-0.84254724,0.10835133492946625,0.6013985872268677,0.4954495429992676
YDL065C,YLR005W,0,-0.84255373,0.1083318367600441,0.6013985872268677,0.4955495595932007
YLR165C,YPL007C,0,-0.84269786,0.10831234604120255,0.6013985872268677,0.4956495761871338
YAL008W,YNR002C,0,-0.8428663,0.10829285532236099,0.6013985872268677,0.4957495629787445
YJL011C,YBL074C,0,-0.84290123,0.10827337950468063,0.6013985872268677,0.4958495795726776
YEL053C,YHR084W,0,-0.84300375,0.10825391113758087,0.6013985872268677,0.4959495961666107
YLL010C,YER137C,0,-0.8432122,0.1082344502210617,0.6013985872268677,0.4960496127605438
YDR538W,YJL203W,0,-0.84326726,0.10821498930454254,0.6013985872268677,0.49614962935447693
YGR292W,YOL157C,1,-0.84333026,0.10837526619434357,0.602397620677948,0.49614962935447693
YNL154C,YDL051W,0,-0.84343,0.1083557978272438,0.602397620677948,0.49624961614608765
YNL264C,YMR029C,0,-0.8434352,0.10833632946014404,0.602397620677948,0.49634963274002075
YOL034W,YOL104C,0,-0.8434934,0.10831686854362488,0.602397620677948,0.49644964933395386
YLR033W,YML030W,0,-0.8438111,0.10829741507768631,0.602397620677948,0.49654966592788696
YPR025C,YMR166C,0,-0.84382945,0.10827796906232834,0.602397620677948,0.4966496527194977
YBR294W,YPL015C,0,-0.84383035,0.10825853049755096,0.602397620677948,0.4967496693134308
YCL047C,YDL197C,0,-0.8439392,0.10823909193277359,0.602397620677948,0.4968496859073639
YCL014W,YDR329C,0,-0.84399056,0.10821966826915741,0.602397620677948,0.496949702501297
YCL069W,YMR224C,0,-0.84410536,0.10820025205612183,0.602397620677948,0.4970497190952301
YNL003C,YJR029W,0,-0.8441223,0.10818084329366684,0.602397620677948,0.4971497058868408
YDR378C,YGL173C,0,-0.8441791,0.10816143453121185,0.602397620677948,0.4972497224807739
YGR246C,YNL093W,0,-0.84430444,0.10814204066991806,0.602397620677948,0.49734973907470703
YGL227W,YBR192W,0,-0.8443943,0.10812264680862427,0.602397620677948,0.49744975566864014
YLR246W,YCR026C,0,-0.84453785,0.10810326039791107,0.602397620677948,0.49754974246025085
YMR264W,YIL041W,0,-0.84457785,0.10808388888835907,0.602397620677948,0.49764975905418396
YPL046C,YCR043C,0,-0.8449078,0.10806451737880707,0.602397620677948,0.49774977564811707
YHR174W,YGL259W,0,-0.8449398,0.10804515331983566,0.602397620677948,0.49784979224205017
YDR402C,YPR060C,0,-0.8449507,0.10802579671144485,0.602397620677948,0.4979498088359833
YNR023W,YHR063C,0,-0.8449851,0.10800644755363464,0.602397620677948,0.498049795627594
YBL064C,YCR027C,0,-0.8449943,0.10798710584640503,0.602397620677948,0.4981498122215271
YJL216C,YBR056W,1,-0.84510666,0.10814682394266129,0.6033965945243835,0.4981498122215271
YJR015W,YOR116C,0,-0.8451239,0.10812745988368988,0.6033965945243835,0.4982498288154602
YJL002C,YIR028W,0,-0.8454174,0.10810811072587967,0.6033965945243835,0.4983498454093933
YLR172C,YDR099W,0,-0.84545124,0.10808876156806946,0.6033965945243835,0.49844983220100403
YDL084W,YNR054C,0,-0.84546316,0.10806941986083984,0.6033965945243835,0.49854984879493713
YER122C,YBR283C,0,-0.84555715,0.10805009305477142,0.6033965945243835,0.49864986538887024
YOL125W,YJR060W,0,-0.8455658,0.108030766248703,0.6033965945243835,0.49874988198280334
YNL330C,YGL004C,0,-0.8457205,0.10801144689321518,0.6033965945243835,0.49884989857673645
YDR001C,YIL172C,1,-0.84586215,0.10817092657089233,0.6043956279754639,0.49884989857673645
YPR135W,YGL123W,0,-0.8460474,0.10815159231424332,0.6043956279754639,0.49894988536834717
YIL094C,YPR002W,0,-0.84625053,0.1081322580575943,0.6043956279754639,0.4990499019622803
YLL043W,YBR093C,0,-0.846271,0.10811293870210648,0.6043956279754639,0.4991499185562134
YNL125C,YGL170C,0,-0.8463704,0.10809361934661865,0.6043956279754639,0.4992499351501465
YJR149W,YDR013W,0,-0.84639186,0.10807431489229202,0.6043956279754639,0.4993499219417572
YHR112C,YGL029W,0,-0.84640276,0.1080550104379654,0.6043956279754639,0.4994499385356903
YLR121C,YJL095W,0,-0.8464197,0.10803571343421936,0.6043956279754639,0.4995499551296234
YBL016W,YBL105C,0,-0.84649754,0.10801642388105392,0.6043956279754639,0.4996499717235565
YGL180W,YMR039C,0,-0.8466619,0.10799714177846909,0.6043956279754639,0.4997499883174896
YHR143W-A,YLL033W,0,-0.847007,0.10797786712646484,0.6043956279754639,0.49984997510910034
YJL011C,YBR260C,0,-0.8470434,0.1079585999250412,0.6043956279754639,0.49994999170303345
YBL030C,YOR080W,0,-0.8471559,0.10793934017419815,0.6043956279754639,0.5000500082969666
YEL029C,YGR059W,0,-0.847278,0.1079200878739357,0.6043956279754639,0.5001500248908997
YMR137C,YOR141C,0,-0.8473122,0.10790083557367325,0.6043956279754639,0.5002500414848328
YNL092W,YJL053W,0,-0.8473738,0.10788159817457199,0.6043956279754639,0.5003500580787659
YGL224C,YJL060W,0,-0.84743667,0.10786236077547073,0.6043956279754639,0.500450074672699
YDL185W,YNR017W,0,-0.8474505,0.10784313827753067,0.6043956279754639,0.5005500316619873
YER099C,YML060W,0,-0.847474,0.1078239157795906,0.6043956279754639,0.5006500482559204
YDR356W,YCR052W,0,-0.84758073,0.10780470073223114,0.6043956279754639,0.5007500648498535
YHR102W,YGL155W,0,-0.8476031,0.10778550058603287,0.6043956279754639,0.5008500814437866
YLR113W,YOR205C,0,-0.84764946,0.1077663004398346,0.6043956279754639,0.5009500980377197
YOR069W,YML126C,0,-0.8476511,0.10774710774421692,0.6043956279754639,0.5010501146316528
YDL014W,YBR186W,0,-0.8477478,0.10772792249917984,0.6043956279754639,0.5011501312255859
YMR051C,YOL115W,0,-0.84776795,0.10770874470472336,0.6043956279754639,0.501250147819519
YOL005C,YNR010W,0,-0.84783673,0.10768956691026688,0.6043956279754639,0.5013501644134521
YLR221C,YGL055W,0,-0.84797,0.10767040401697159,0.6043956279754639,0.5014501214027405
YER170W,YKR092C,0,-0.8480406,0.1076512485742569,0.6043956279754639,0.5015501379966736
YHR094C,YDR400W,0,-0.8480671,0.1076320931315422,0.6043956279754639,0.5016501545906067
YDR247W,YER027C,0,-0.84825134,0.10761295258998871,0.6043956279754639,0.5017501711845398
YJL011C,YLR266C,0,-0.8482822,0.10759381204843521,0.6043956279754639,0.5018501877784729
YER091C,YOR167C,0,-0.8484338,0.10757467895746231,0.6043956279754639,0.501950204372406
YGL047W,YER087C-A,0,-0.8486078,0.10755555331707001,0.6043956279754639,0.5020502209663391
YDR073W,YGR261C,0,-0.84863955,0.1075364351272583,0.6043956279754639,0.5021502375602722
YBR299W,YOL155C,1,-0.84867513,0.10769504308700562,0.6053946018218994,0.5021502375602722
YAL044C,YFR013W,0,-0.8487394,0.10767590254545212,0.6053946018218994,0.5022502541542053
YDR093W,YIL159W,0,-0.8489213,0.10765677690505981,0.6053946018218994,0.5023502111434937
YOL089C,YML129C,0,-0.8490857,0.10763765871524811,0.6053946018218994,0.5024502277374268
YBR267W,YJR158W,0,-0.84909415,0.1076185405254364,0.6053946018218994,0.5025502443313599
YDR263C,YOR076C,0,-0.84934556,0.10759942978620529,0.6053946018218994,0.502650260925293
YPL283C,YLR081W,0,-0.8494661,0.10758032649755478,0.6053946018218994,0.5027502775192261
YKR024C,YLR405W,0,-0.8494788,0.10756123811006546,0.6053946018218994,0.5028502941131592
YKL213C,YGR089W,0,-0.8497009,0.10754214972257614,0.6053946018218994,0.5029503107070923
YGL021W,YDR419W,0,-0.8497057,0.10752306878566742,0.6053946018218994,0.5030503273010254
YDL156W,YOR221C,0,-0.84987295,0.1075039878487587,0.6053946018218994,0.5031503438949585
YDR540C,YNR069C,0,-0.85030466,0.10748492181301117,0.6053946018218994,0.5032503008842468
YKR037C,YDL052C,0,-0.85032415,0.10746586322784424,0.6053946018218994,0.5033503174781799
YML064C,YCL030C,0,-0.85048926,0.1074468120932579,0.6053946018218994,0.503450334072113
YOL128C,YNL197C,0,-0.85054576,0.10742776095867157,0.6053946018218994,0.5035503506660461
YOL107W,YGR076C,0,-0.8506117,0.10740871727466583,0.6053946018218994,0.5036503672599792
YPL139C,YBR239C,0,-0.8506708,0.10738968849182129,0.6053946018218994,0.5037503838539124
YER078C,YOR324C,0,-0.850896,0.10737065970897675,0.6053946018218994,0.5038504004478455
YGR257C,YIL061C,0,-0.8509456,0.1073516383767128,0.6053946018218994,0.5039504170417786
YJL189W,YER126C,0,-0.8509714,0.10733262449502945,0.6053946018218994,0.5040504336357117
YOR149C,YPL099C,0,-0.8511024,0.1073136180639267,0.6053946018218994,0.504150390625
YJR044C,YDR027C,0,-0.8511904,0.10729461908340454,0.6053946018218994,0.5042504072189331
YHR081W,YGR175C,0,-0.8513603,0.10727562755346298,0.6053946018218994,0.5043504238128662
YBL039C,YPR159W,0,-0.85145915,0.10725663602352142,0.6053946018218994,0.5044504404067993
YJL171C,YOL145C,0,-0.8516934,0.10723765939474106,0.6053946018218994,0.5045504570007324
YLR430W,YDR363W-A,0,-0.85174,0.1072186827659607,0.6053946018218994,0.5046504735946655
YGR152C,YBR012W-A,0,-0.8517561,0.10719971358776093,0.6053946018218994,0.5047504901885986
YDR320C,YCL061C,0,-0.8519821,0.10718075931072235,0.6053946018218994,0.5048505067825317
YKL182W,YML026C,0,-0.8520266,0.10716180503368378,0.6053946018218994,0.5049505233764648
YGL183C,YOR017W,0,-0.8520722,0.1071428582072258,0.6053946018218994,0.5050504803657532
YLR206W,YOR304C-A,0,-0.8520785,0.10712391883134842,0.6053946018218994,0.5051504969596863
YBR159W,YEL034W,0,-0.8521455,0.10710498690605164,0.6053946018218994,0.5052505135536194
YOR337W,YHR047C,0,-0.85224843,0.10708605498075485,0.6053946018218994,0.5053505301475525
YNL021W,YMR061W,0,-0.85234153,0.10706713795661926,0.6053946018218994,0.5054505467414856
YGL037C,YKR036C,0,-0.8523504,0.10704822838306427,0.6053946018218994,0.5055505633354187
YKL071W,YJL160C,0,-0.85252374,0.10702931880950928,0.6053946018218994,0.5056505799293518
YPL082C,YML099C,0,-0.8525679,0.10701041668653488,0.6053946018218994,0.5057505965232849
YDR403W,YER147C,0,-0.8525944,0.10699152201414108,0.6053946018218994,0.505850613117218
YLR408C,YOR307C,0,-0.8526595,0.10697264224290848,0.6053946018218994,0.5059505701065063
YOL060C,YJR159W,0,-0.8527008,0.10695376247167587,0.6053946018218994,0.5060505867004395
YOR231W,YOR187W,0,-0.85299087,0.10693488270044327,0.6053946018218994,0.5061506032943726
YDL043C,YAL013W,0,-0.8530392,0.10691601783037186,0.6053946018218994,0.5062506198883057
YOL120C,YJL101C,0,-0.8530619,0.10689716041088104,0.6053946018218994,0.5063506364822388
YIL122W,YBR122C,0,-0.85307395,0.10687831044197083,0.6053946018218994,0.5064506530761719
YDL150W,YDR529C,0,-0.85319114,0.10685946047306061,0.6053946018218994,0.506550669670105
YGR223C,YOR239W,0,-0.85333574,0.10684061795473099,0.6053946018218994,0.5066506862640381
YNL316C,YGL048C,0,-0.8533455,0.10682179033756256,0.6053946018218994,0.5067507028579712
YCR069W,YNR049C,0,-0.85344505,0.10680296272039413,0.6053946018218994,0.5068506598472595
YJL139C,YML030W,0,-0.85348946,0.1067841425538063,0.6053946018218994,0.5069506764411926
YLR276C,YGR135W,0,-0.85350823,0.10676532983779907,0.6053946018218994,0.5070506930351257
YOL077C,YBR039W,0,-0.853513,0.10674652457237244,0.6053946018218994,0.5071507096290588
YNL245C,YLR197W,0,-0.8535255,0.1067277193069458,0.6053946018218994,0.5072507262229919
YBR299W,YAL015C,1,-0.8535441,0.10688501596450806,0.6063936352729797,0.5072507262229919
YPL242C,YCL036W,0,-0.8536046,0.10686619579792023,0.6063936352729797,0.507350742816925
YOL138C,YNL231C,0,-0.8536047,0.106847383081913,0.6063936352729797,0.5074507594108582
YBR120C,YDR194C,0,-0.85375243,0.10682857781648636,0.6063936352729797,0.5075507760047913
YNL125C,YDL193W,0,-0.853812,0.10680978000164032,0.6063936352729797,0.5076507925987244
YPL060W,YOR315W,0,-0.853855,0.10679098963737488,0.6063936352729797,0.5077507495880127
YGR123C,YDL143W,0,-0.85392416,0.10677220672369003,0.6063936352729797,0.5078507661819458
YNL202W,YPR168W,0,-0.85413015,0.10675343126058578,0.6063936352729797,0.5079507827758789
YBR072W,YML006C,0,-0.85414135,0.10673465579748154,0.6063936352729797,0.508050799369812
YBL098W,YBR014C,0,-0.8541924,0.10671589523553848,0.6063936352729797,0.5081508159637451
YML073C,YIL150C,0,-0.85429054,0.10669713467359543,0.6063936352729797,0.5082508325576782
YDL029W,YMR070W,0,-0.8543228,0.10667838156223297,0.6063936352729797,0.5083508491516113
YOR373W,YJR019C,0,-0.8543634,0.10665963590145111,0.6063936352729797,0.5084508657455444
YER142C,YAL015C,1,-0.8544285,0.10681658238172531,0.6073926091194153,0.5084508657455444
YGL166W,YDR519W,0,-0.85453284,0.10679782181978226,0.6073926091194153,0.5085508823394775
YNL066W,YML021C,1,-0.85475326,0.10695468634366989,0.6083915829658508,0.5085508823394775
YGL185C,YMR164C,0,-0.85483444,0.10693591088056564,0.6083915829658508,0.5086508393287659
YKR039W,YHR207C,0,-0.8549135,0.1069171354174614,0.6083915829658508,0.508750855922699
YJR153W,YNR067C,1,-0.8549196,0.10707389563322067,0.6093906164169312,0.508750855922699
YDR248C,YJR021C,0,-0.85493195,0.10705510526895523,0.6093906164169312,0.5088508725166321
YDL236W,YKL211C,0,-0.8549427,0.10703632235527039,0.6093906164169312,0.5089508891105652
YOR094W,YGR087C,0,-0.8550324,0.10701754689216614,0.6093906164169312,0.5090509057044983
YCR046C,YDR489W,0,-0.8550397,0.10699877142906189,0.6093906164169312,0.5091509222984314
YJR043C,YLR325C,0,-0.85511965,0.10698000341653824,0.6093906164169312,0.5092509388923645
YML077W,YLR134W,0,-0.855268,0.10696125030517578,0.6093906164169312,0.5093509554862976
YDL143W,YER175C,0,-0.85528153,0.10694249719381332,0.6093906164169312,0.5094509720802307
YJL123C,YPL005W,0,-0.855302,0.10692375153303146,0.6093906164169312,0.509550929069519
YIL009C-A,YML052W,0,-0.85541946,0.1069050133228302,0.6093906164169312,0.5096509456634521
YOL064C,YKL078W,0,-0.8555204,0.10688628256320953,0.6093906164169312,0.5097509622573853
YML113W,YLR336C,0,-0.8556758,0.10686755180358887,0.6093906164169312,0.5098509788513184
YKL130C,YBR281C,0,-0.85570157,0.1068488359451294,0.6093906164169312,0.5099509954452515
YNR067C,YHR204W,1,-0.8558704,0.10700525343418121,0.6103895902633667,0.5099509954452515
YBL076C,YML070W,0,-0.8559644,0.10698651522397995,0.6103895902633667,0.5100510120391846
YML080W,YLL042C,0,-0.8560866,0.10696778446435928,0.6103895902633667,0.5101510286331177
YPR121W,YJR090C,0,-0.8560953,0.10694906115531921,0.6103895902633667,0.5102510452270508
YBR229C,YPR184W,1,-0.85610807,0.10710535198450089,0.611388623714447,0.5102510452270508
YLR371W,YJL165C,0,-0.85625494,0.10708661377429962,0.611388623714447,0.5103510618209839
YLR121C,YPL283C,0,-0.8563152,0.10706788301467896,0.611388623714447,0.5104510188102722
YPR079W,YKL201C,0,-0.8563697,0.10704915225505829,0.611388623714447,0.5105510354042053
YLR286C,YIR007W,1,-0.85659546,0.10720531642436981,0.6123875975608826,0.5105510354042053
YOR153W,YCL043C,0,-0.8566644,0.10718657076358795,0.6123875975608826,0.5106510519981384
YGR070W,YKL148C,0,-0.8567336,0.10716783255338669,0.6123875975608826,0.5107510685920715
YPL103C,YKL146W,0,-0.8567697,0.10714910179376602,0.6123875975608826,0.5108510851860046
YGR035C,YKL095W,0,-0.8567884,0.10713037103414536,0.6123875975608826,0.5109511017799377
YLR398C,YMR240C,0,-0.85684264,0.10711165517568588,0.6123875975608826,0.5110511183738708
YNR056C,YKL175W,0,-0.8568659,0.10709293931722641,0.6123875975608826,0.511151134967804
YGL211W,YKL092C,0,-0.85728365,0.10707423835992813,0.6123875975608826,0.5112511515617371
YOL141W,YGL181W,0,-0.8572881,0.10705553740262985,0.6123875975608826,0.5113511085510254
YGL259W,YML028W,0,-0.8573109,0.10703684389591217,0.6123875975608826,0.5114511251449585
YGR143W,YEL011W,1,-0.8573897,0.1071927398443222,0.6133866310119629,0.5114511251449585
YIL162W,YJL221C,1,-0.8573992,0.10734857618808746,0.6143856048583984,0.5114511251449585
YBL039C,YML008C,0,-0.857425,0.1073298454284668,0.6143856048583984,0.5115511417388916
YLR427W,YJL080C,0,-0.8574539,0.10731111466884613,0.6143856048583984,0.5116511583328247
YLR144C,YNL066W,1,-0.8574851,0.10746685415506363,0.6153846383094788,0.5116511583328247
YDR411C,YAL041W,0,-0.85753524,0.10744810849428177,0.6153846383094788,0.5117511749267578
YGR199W,YBL090W,0,-0.857557,0.1074293702840805,0.6153846383094788,0.5118511915206909
YCR069W,YDR251W,0,-0.8575628,0.10741063952445984,0.6153846383094788,0.511951208114624
YNL232W,YFR037C,0,-0.8575835,0.10739190876483917,0.6153846383094788,0.5120512247085571
YOL033W,YBL036C,0,-0.8576501,0.1073731929063797,0.6153846383094788,0.5121512413024902
YMR079W,YDL083C,0,-0.857756,0.10735447704792023,0.6153846383094788,0.5122511982917786
YER138C,YPR144C,0,-0.8578162,0.10733577609062195,0.6153846383094788,0.5123512148857117
YDR304C,YOR304C-A,0,-0.85786784,0.10731707513332367,0.6153846383094788,0.5124512314796448
YCR075C,YPR183W,0,-0.8578844,0.10729838162660599,0.6153846383094788,0.5125512480735779
YLR408C,YPL045W,0,-0.8580407,0.1072796955704689,0.6153846383094788,0.512651264667511
YLR048W,YDL212W,0,-0.85813636,0.10726101696491241,0.6153846383094788,0.5127512812614441
YLR289W,YML087C,0,-0.8581959,0.10724233835935593,0.6153846383094788,0.5128512978553772
YFL047W,YPL066W,0,-0.85820127,0.10722367465496063,0.6153846383094788,0.5129513144493103
YBL005W-A,YML027W,0,-0.8583051,0.10720501095056534,0.6153846383094788,0.5130513310432434
YDR163W,YDR231C,0,-0.8585019,0.10718635469675064,0.6153846383094788,0.5131512880325317
YGR166W,YFL033C,0,-0.85853356,0.10716771334409714,0.6153846383094788,0.5132513046264648
YBR291C,YBR004C,0,-0.8586112,0.10714907199144363,0.6153846383094788,0.513351321220398
YOR216C,YAL021C,0,-0.8588107,0.10713043808937073,0.6153846383094788,0.513451337814331
YJL062W,YDR140W,0,-0.8589002,0.10711180418729782,0.6153846383094788,0.5135513544082642
YMR270C,YKL184W,0,-0.85908544,0.10709318518638611,0.6153846383094788,0.5136513710021973
YDR338C,YJL210W,0,-0.85917217,0.1070745661854744,0.6153846383094788,0.5137513875961304
YFR006W,YIL172C,0,-0.8595,0.10705596208572388,0.6153846383094788,0.5138514041900635
YDR046C,YDR315C,0,-0.85961396,0.10703735798597336,0.6153846383094788,0.5139514207839966
YEL055C,YNL026W,0,-0.8596232,0.10701876133680344,0.6153846383094788,0.5140513777732849
YJL091C,YOR349W,0,-0.85981506,0.10700017213821411,0.6153846383094788,0.514151394367218
YDR520C,YPR152C,0,-0.8598527,0.10698159039020538,0.6153846383094788,0.5142514109611511
YPL026C,YPR171W,0,-0.8598828,0.10696301609277725,0.6153846383094788,0.5143514275550842
YIL133C,YDR497C,0,-0.86002845,0.10694444179534912,0.6153846383094788,0.5144514441490173
YPR159W,YGR143W,1,-0.86022156,0.10709945857524872,0.6163836121559143,0.5144514441490173
YOL064C,YMR032W,0,-0.8602288,0.10708087682723999,0.6163836121559143,0.5145514607429504
YIL090W,YJL019W,0,-0.86026883,0.10706229507923126,0.6163836121559143,0.5146514773368835
YPL083C,YML088W,0,-0.8602835,0.10704372078180313,0.6163836121559143,0.5147514939308167
YOR291W,YML115C,0,-0.8602873,0.1070251539349556,0.6163836121559143,0.5148515105247498
YOL141W,YLL012W,0,-0.86033773,0.10700658708810806,0.6163836121559143,0.5149514675140381
YLR154C,YNL101W,0,-0.8603847,0.10698803514242172,0.6163836121559143,0.5150514841079712
YML081C-A,YJR130C,0,-0.8604617,0.10696948319673538,0.6163836121559143,0.5151515007019043
YAR031W,YCR089W,0,-0.8605069,0.10695094615221024,0.6163836121559143,0.5152515172958374
YGR034W,YBL055C,0,-0.860523,0.10693240910768509,0.6163836121559143,0.5153515338897705
YGR056W,YPL108W,0,-0.8606852,0.10691387951374054,0.6163836121559143,0.5154515504837036
YPL180W,YLR178C,0,-0.86102676,0.10689535737037659,0.6163836121559143,0.5155515670776367
YPL249C-A,YER147C,0,-0.8611099,0.10687684267759323,0.6163836121559143,0.5156515836715698
YER120W,YBL024W,0,-0.86117893,0.10685832798480988,0.6163836121559143,0.5157516002655029
YGL131C,YCL047C,0,-0.8612009,0.10683982819318771,0.6163836121559143,0.5158515572547913
YLR307W,YIR035C,0,-0.8614889,0.10682132840156555,0.6163836121559143,0.5159515738487244
YDL190C,YJR083C,0,-0.8615148,0.10680283606052399,0.6163836121559143,0.5160515904426575
YIL115C,YDR180W,0,-0.8616958,0.10678435117006302,0.6163836121559143,0.5161516070365906
YGL026C,YCL027W,0,-0.86175406,0.10676587373018265,0.6163836121559143,0.5162516236305237
YDR059C,YHR104W,0,-0.8619431,0.10674740374088287,0.6163836121559143,0.5163516402244568
YER007W,YLL012W,0,-0.86197543,0.1067289412021637,0.6163836121559143,0.5164516568183899
YLR117C,YCL011C,0,-0.86201537,0.10671047866344452,0.6163836121559143,0.516551673412323
YPR005C,YER166W,0,-0.8621713,0.10669203102588654,0.6163836121559143,0.5166516900062561
YDR298C,YDL195W,0,-0.86225814,0.10667358338832855,0.6163836121559143,0.5167516469955444
YOR149C,YDR214W,0,-0.86236215,0.10665514320135117,0.6163836121559143,0.5168516635894775
YPL051W,YMR115W,0,-0.8625717,0.10663671046495438,0.6163836121559143,0.5169516801834106
YCL025C,YJL014W,0,-0.86260414,0.10661828517913818,0.6163836121559143,0.5170516967773438
YJR033C,YFL021W,0,-0.8627146,0.10659985989332199,0.6163836121559143,0.5171517133712769
YPL211W,YLR301W,0,-0.8627366,0.10658144950866699,0.6163836121559143,0.51725172996521
YNR002C,YKL013C,0,-0.86279887,0.106563039124012,0.6163836121559143,0.5173517465591431
YDR221W,YIL162W,1,-0.8629037,0.1067173182964325,0.6173826456069946,0.5173517465591431
YLR329W,YGL051W,0,-0.8630744,0.1066988930106163,0.6173826456069946,0.5174517631530762
YPL020C,YKL211C,0,-0.8630763,0.1066804751753807,0.6173826456069946,0.5175517797470093
YDL015C,YBR257W,0,-0.8631941,0.10666206479072571,0.6173826456069946,0.5176517367362976
YBL098W,YJR161C,0,-0.8632929,0.1066436618566513,0.6173826456069946,0.5177517533302307
YJR058C,YER001W,0,-0.8633284,0.1066252589225769,0.6173826456069946,0.5178517699241638
YPL202C,YGR096W,0,-0.86339426,0.1066068634390831,0.6173826456069946,0.5179517865180969
YGR200C,YML048W,0,-0.8634443,0.10658847540616989,0.6173826456069946,0.51805180311203
YDR371W,YDR456W,0,-0.8635731,0.10657009482383728,0.6173826456069946,0.5181518197059631
YLR144C,YMR305C,1,-0.8636687,0.10672413557767868,0.6183816194534302,0.5181518197059631
YNR027W,YJR031C,0,-0.86390257,0.10670574009418488,0.6183816194534302,0.5182518362998962
YNL010W,YNR045W,0,-0.8641443,0.10668735206127167,0.6183816194534302,0.5183518528938293
YMR211W,YBR239C,0,-0.8641986,0.10666896402835846,0.6183816194534302,0.5184518694877625
YMR171C,YCR072C,0,-0.86433417,0.10665058344602585,0.6183816194534302,0.5185518264770508
YBR299W,YGL028C,1,-0.8643744,0.10680447518825531,0.6193805932998657,0.5185518264770508
YOL141W,YDR296W,0,-0.86446226,0.1067860797047615,0.6193805932998657,0.5186518430709839
YDL130W-A,YDR283C,0,-0.8644945,0.1067676916718483,0.6193805932998657,0.518751859664917
YNR012W,YBL037W,0,-0.8645078,0.10674931108951569,0.6193805932998657,0.5188518762588501
YNL092W,YPL094C,0,-0.864527,0.10673093795776367,0.6193805932998657,0.5189518928527832
YPR159W,YOR066W,0,-0.86463,0.10671256482601166,0.6193805932998657,0.5190519094467163
YPL032C,YKL163W,0,-0.8647486,0.10669419914484024,0.6193805932998657,0.5191519260406494
YGR009C,YGR075C,0,-0.8648162,0.10667584091424942,0.6193805932998657,0.5192519426345825
YJL062W,YJL214W,0,-0.8649584,0.1066574901342392,0.6193805932998657,0.5193519592285156
YIL094C,YGR062C,0,-0.8652086,0.10663914680480957,0.6193805932998657,0.519451916217804
YOR378W,YLR343W,0,-0.86525625,0.10662081092596054,0.6193805932998657,0.5195519328117371
YBR139W,YMR224C,0,-0.86531436,0.10660247504711151,0.6193805932998657,0.5196519494056702
YHR184W,YBR056W,0,-0.8655248,0.10658414661884308,0.6193805932998657,0.5197519659996033
YIL122W,YJL184W,0,-0.86557364,0.10656583309173584,0.6193805932998657,0.5198519825935364
YLR262C,YNL311C,0,-0.86564314,0.1065475195646286,0.6193805932998657,0.5199519991874695
YJL100W,YLR286C,0,-0.86567366,0.10652920603752136,0.6193805932998657,0.5200520157814026
YER086W,YDR363W-A,0,-0.8657519,0.10651090741157532,0.6193805932998657,0.5201520323753357
YMR036C,YGL170C,0,-0.86601603,0.10649261623620987,0.6193805932998657,0.5202520489692688
YNL107W,YNL138W,0,-0.8660365,0.10647432506084442,0.6193805932998657,0.5203520059585571
YDR134C,YNL267W,0,-0.8660767,0.10645604133605957,0.6193805932998657,0.5204520225524902
YGR081C,YGL040C,0,-0.86616373,0.10643776506185532,0.6193805932998657,0.5205520391464233
YPR159W,YJL216C,1,-0.866301,0.10659114271402359,0.620379626750946,0.5205520391464233
YGR143W,YKL046C,1,-0.8663533,0.10674446821212769,0.6213786005973816,0.5205520391464233
YFL034C-A,YER106W,0,-0.8664534,0.10672614723443985,0.6213786005973816,0.5206520557403564
YER016W,YBR192W,0,-0.8664582,0.10670784115791321,0.6213786005973816,0.5207520723342896
YNR010W,YGL158W,0,-0.86654437,0.10668953508138657,0.6213786005973816,0.5208520889282227
YBR244W,YKL117W,0,-0.86685616,0.10667123645544052,0.6213786005973816,0.5209521055221558
YNL124W,YMR224C,0,-0.86700857,0.10665295273065567,0.6213786005973816,0.5210521221160889
YMR026C,YER144C,0,-0.86702836,0.10663466155529022,0.6213786005973816,0.521152138710022
YKL034W,YIL088C,0,-0.867039,0.10661638528108597,0.6213786005973816,0.5212520956993103
YDR457W,YER190W,0,-0.86714077,0.10659811645746231,0.6213786005973816,0.5213521122932434
YHR143W,YBR229C,1,-0.8672844,0.10675119608640671,0.6223776340484619,0.5213521122932434
YPL127C,YMR266W,0,-0.867368,0.10673291236162186,0.6223776340484619,0.5214521288871765
YHR007C,YPR144C,0,-0.86759204,0.106714628636837,0.6223776340484619,0.5215521454811096
YOR381W,YKL017C,0,-0.867635,0.10669635236263275,0.6223776340484619,0.5216521620750427
YLR275W,YPL005W,0,-0.86767334,0.1066780835390091,0.6223776340484619,0.5217521786689758
YDR449C,YNL274C,0,-0.8678005,0.10665982216596603,0.6223776340484619,0.5218521952629089
YHR061C,YDL179W,0,-0.8678374,0.10664156079292297,0.6223776340484619,0.521952211856842
YPR185W,YNL302C,0,-0.867874,0.10662330687046051,0.6223776340484619,0.5220522284507751
YDL025C,YMR100W,0,-0.86802006,0.10660506784915924,0.6223776340484619,0.5221521854400635
YLR197W,YDR414C,0,-0.8680441,0.10658682882785797,0.6223776340484619,0.5222522020339966
YOR005C,YLR419W,0,-0.868243,0.1065685972571373,0.6223776340484619,0.5223522186279297
YLR070C,YDL141W,0,-0.8684261,0.10655036568641663,0.6223776340484619,0.5224522352218628
YKL004W,YDR371W,0,-0.86854416,0.10653214901685715,0.6223776340484619,0.5225522518157959
YJR005W,YOR095C,0,-0.8685626,0.10651393234729767,0.6223776340484619,0.522652268409729
YBL088C,YAL039C,0,-0.86859107,0.10649572312831879,0.6223776340484619,0.5227522850036621
YDL179W,YPR119W,0,-0.8686366,0.1064775288105011,0.6223776340484619,0.5228523015975952
YDR291W,YLL013C,0,-0.8686594,0.10645932704210281,0.6223776340484619,0.5229523181915283
YKL027W,YBL046W,0,-0.8686894,0.10644114017486572,0.6223776340484619,0.5230523347854614
YGL190C,YPL160W,0,-0.8686897,0.10642296075820923,0.6223776340484619,0.5231522917747498
YDR231C,YCR040W,0,-0.8687595,0.10640478134155273,0.6223776340484619,0.5232523083686829
YOR244W,YOR057W,0,-0.8687766,0.10638660937547684,0.6223776340484619,0.523352324962616
YLR439W,YMR047C,0,-0.8688129,0.10636844485998154,0.6223776340484619,0.5234523415565491
YGR163W,YNL044W,0,-0.86886656,0.10635028779506683,0.6223776340484619,0.5235523581504822
YOR092W,YPL122C,0,-0.8688792,0.10633213818073273,0.6223776340484619,0.5236523747444153
YJR159W,YOR215C,0,-0.86911595,0.10631399601697922,0.6223776340484619,0.5237523913383484
YHR109W,YDR141C,0,-0.86919904,0.10629585385322571,0.6223776340484619,0.5238524079322815
YFL041W,YGR035C,0,-0.8692517,0.1062777191400528,0.6223776340484619,0.5239524245262146
YIR018W,YPR020W,0,-0.86926126,0.10625959187746048,0.6223776340484619,0.5240523815155029
YOL054W,YOL004W,0,-0.86941016,0.10624147206544876,0.6223776340484619,0.524152398109436
YJR047C,YML088W,0,-0.869496,0.10622335970401764,0.6223776340484619,0.5242524147033691
YCR077C,YML121W,0,-0.86952287,0.10620524734258652,0.6223776340484619,0.5243524312973022
YKL042W,YMR250W,0,-0.86959803,0.10618714988231659,0.6223776340484619,0.5244524478912354
YDL007W,YOR306C,0,-0.86979663,0.10616905242204666,0.6223776340484619,0.5245524644851685
YLL036C,YDR231C,0,-0.8699388,0.10615096241235733,0.6223776340484619,0.5246524810791016
YJL148W,YHR207C,0,-0.8700845,0.1061328798532486,0.6223776340484619,0.5247524976730347
YKL017C,YLR178C,0,-0.87031335,0.10611480474472046,0.6223776340484619,0.5248525142669678
YPR011C,YGL200C,0,-0.87032366,0.10609672963619232,0.6223776340484619,0.5249524712562561
YDR198C,YPR133W-A,0,-0.87047017,0.10607866197824478,0.6223776340484619,0.5250524878501892
YBR253W,YLR399C,0,-0.8704864,0.10606060922145844,0.6223776340484619,0.5251525044441223
YMR194W,YLR191W,0,-0.8706415,0.10604255646467209,0.6223776340484619,0.5252525210380554
YBR167C,YOR080W,0,-0.87089723,0.10602450370788574,0.6223776340484619,0.5253525376319885
YNL225C,YDR207C,0,-0.87118965,0.10600646585226059,0.6223776340484619,0.5254525542259216
YMR314W,YLR116W,0,-0.871269,0.10598842799663544,0.6223776340484619,0.5255525708198547
YDR211W,YLR427W,0,-0.8713118,0.10597040504217148,0.6223776340484619,0.5256525874137878
YJL081C,YDL210W,0,-0.87135637,0.10595238208770752,0.6223776340484619,0.525752604007721
YOR283W,YML030W,0,-0.8713898,0.10593436658382416,0.6223776340484619,0.5258525609970093
YOR304W,YLR106C,0,-0.8716595,0.10591635853052139,0.6223776340484619,0.5259525775909424
YDR221W,YLR035C,0,-0.8717339,0.10589835047721863,0.6223776340484619,0.5260525941848755
YKL046C,YLR286C,1,-0.8718958,0.10605030506849289,0.6233766078948975,0.5260525941848755
YLR364W,YGR285C,0,-0.8719104,0.10603228211402893,0.6233766078948975,0.5261526107788086
YAL062W,YFL009W,0,-0.87191534,0.10601427406072617,0.6233766078948975,0.5262526273727417
YPR065W,YLR214W,0,-0.87198216,0.1059962660074234,0.6233766078948975,0.5263526439666748
YPR048W,YMR202W,0,-0.87214136,0.10597825795412064,0.6233766078948975,0.5264526605606079
YLR295C,YFR045W,0,-0.872185,0.10596026480197906,0.6233766078948975,0.526552677154541
YJL033W,YCR026C,0,-0.87220156,0.1059422716498375,0.6233766078948975,0.5266526937484741
YGR195W,YHR166C,0,-0.872249,0.10592429339885712,0.6233766078948975,0.5267526507377625
YJL099W,YHL047C,0,-0.8722978,0.10590631514787674,0.6233766078948975,0.5268526673316956
YOL107W,YNL297C,0,-0.8725537,0.10588834434747696,0.6233766078948975,0.5269526839256287
YJR002W,YJL137C,0,-0.87278503,0.10587037354707718,0.6233766078948975,0.5270527005195618
YMR006C,YDL143W,0,-0.8731142,0.10585241764783859,0.6233766078948975,0.5271527171134949
YJR058C,YDR022C,0,-0.8732679,0.1058344617486,0.6233766078948975,0.527252733707428
YKR002W,YNL124W,0,-0.873308,0.10581651329994202,0.6233766078948975,0.5273527503013611
YKR054C,YBR141C,0,-0.8733675,0.10579857230186462,0.6233766078948975,0.5274527668952942
YOR312C,YPR103W,0,-0.8734107,0.10578063875436783,0.6233766078948975,0.5275527834892273
YDL212W,YBL004W,0,-0.8735149,0.10576271265745163,0.6233766078948975,0.5276527404785156
YHR112C,YEL071W,0,-0.87364686,0.10574478656053543,0.6233766078948975,0.5277527570724487
YBR103W,YBR006W,0,-0.87373257,0.10572687536478043,0.6233766078948975,0.5278527736663818
YLR213C,YGR143W,1,-0.873916,0.10587836802005768,0.6243756413459778,0.5278527736663818
YDR096W,YOR242C,0,-0.8739268,0.10586043447256088,0.6243756413459778,0.5279527902603149
YPR198W,YDR432W,0,-0.8739767,0.10584250837564468,0.6243756413459778,0.528052806854248
YBL064C,YKL013C,0,-0.8741548,0.10582458227872849,0.6243756413459778,0.5281528234481812
YDR392W,YKR039W,0,-0.8743087,0.10580667108297348,0.6243756413459778,0.5282528400421143
YAL009W,YKR060W,0,-0.87435704,0.10578875988721848,0.6243756413459778,0.5283528566360474
YOL123W,YHR029C,0,-0.87436783,0.10577085614204407,0.6243756413459778,0.5284528732299805
YOL091W,YNL189W,0,-0.87443644,0.10575295984745026,0.6243756413459778,0.5285528302192688
YDL060W,YER075C,0,-0.8745028,0.10573507100343704,0.6243756413459778,0.5286528468132019
YNL239W,YPR189W,0,-0.8748119,0.10571718215942383,0.6243756413459778,0.528752863407135
YML078W,YDL170W,0,-0.874843,0.10569930821657181,0.6243756413459778,0.5288528800010681
YGR189C,YGR287C,1,-0.8748612,0.10585052520036697,0.6253746151924133,0.5288528800010681
YLR330W,YOR323C,0,-0.8750848,0.10583262890577316,0.6253746151924133,0.5289528965950012
YIL162W,YOL157C,1,-0.87516665,0.10598377138376236,0.6263736486434937,0.5289528965950012
YNL275W,YNL283C,0,-0.8754827,0.10596586018800735,0.6263736486434937,0.5290529131889343
YGL186C,YMR292W,0,-0.8756068,0.10594795644283295,0.6263736486434937,0.5291529297828674
YJL090C,YBL097W,0,-0.87566686,0.10593005269765854,0.6263736486434937,0.5292529463768005
YIL083C,YBL004W,0,-0.8757976,0.10591216385364532,0.6263736486434937,0.5293529629707336
YJR004C,YBL103C,0,-0.8758114,0.10589427500963211,0.6263736486434937,0.529452919960022
YLR233C,YNL227C,0,-0.8758553,0.1058763936161995,0.6263736486434937,0.5295529365539551
YOR209C,YNL122C,0,-0.8759195,0.10585851967334747,0.6263736486434937,0.5296529531478882
YDL049C,YPR083W,0,-0.8759773,0.10584064573049545,0.6263736486434937,0.5297529697418213
YOL005C,YLR154C,0,-0.8760268,0.10582278668880463,0.6263736486434937,0.5298529863357544
YNL007C,YML087C,0,-0.8761179,0.1058049276471138,0.6263736486434937,0.5299530029296875
YPR133W-A,YDR242W,0,-0.8762469,0.10578707605600357,0.6263736486434937,0.5300530195236206
YLR371W,YPL017C,0,-0.8762719,0.10576923191547394,0.6263736486434937,0.5301530361175537
YHR179W,YOR307C,0,-0.8763156,0.1057513877749443,0.6263736486434937,0.5302530527114868
YDR221W,YIR007W,1,-0.87663376,0.10590219497680664,0.6273726224899292,0.5302530527114868
YPL007C,YJR113C,0,-0.87687683,0.10588433593511581,0.6273726224899292,0.5303530097007751
YGL026C,YOR237W,0,-0.8770747,0.10586648434400558,0.6273726224899292,0.5304530262947083
YDR059C,YPL283C,0,-0.87714046,0.10584864020347595,0.6273726224899292,0.5305530428886414
YDL146W,YGR216C,0,-0.87740517,0.10583080351352692,0.6273726224899292,0.5306530594825745
YAL061W,YDR368W,0,-0.87758046,0.10581297427415848,0.6273726224899292,0.5307530760765076
YBR175W,YIL040W,0,-0.87765694,0.10579514503479004,0.6273726224899292,0.5308530926704407
YNR018W,YKR035W-A,0,-0.8776862,0.1057773306965828,0.6273726224899292,0.5309531092643738
YPL016W,YMR295C,0,-0.8777432,0.10575951635837555,0.6273726224899292,0.5310531258583069
YJR129C,YOR303W,0,-0.8781266,0.1057417094707489,0.6273726224899292,0.53115314245224
YDL056W,YGR074W,0,-0.87813216,0.10572390258312225,0.6273726224899292,0.5312530994415283
YFL003C,YCL040W,0,-0.8781867,0.1057061105966568,0.6273726224899292,0.5313531160354614
YDR408C,YIL065C,0,-0.8781949,0.10568831861019135,0.6273726224899292,0.5314531326293945
YLR142W,YDR451C,0,-0.8782723,0.10567053407430649,0.6273726224899292,0.5315531492233276
YOR126C,YGL047W,0,-0.87838423,0.10565275698900223,0.6273726224899292,0.5316531658172607
YDR253C,YLR066W,0,-0.8784225,0.10563498735427856,0.6273726224899292,0.5317531824111938
YLR042C,YBR056W,0,-0.8785229,0.1056172251701355,0.6273726224899292,0.531853199005127
YOR216C,YLR008C,0,-0.87856674,0.10559946298599243,0.6273726224899292,0.5319532155990601
YBR103W,YOR373W,0,-0.8786342,0.10558170825242996,0.6273726224899292,0.5320532321929932
YOL155C,YDR371W,1,-0.8790106,0.10573205351829529,0.6283716559410095,0.5320532321929932
YDR460W,YOL124C,0,-0.87909734,0.10571428388357162,0.6283716559410095,0.5321531891822815
YOR378W,YOR115C,0,-0.87911624,0.10569652169942856,0.6283716559410095,0.5322532057762146
YLR256W,YGL157W,0,-0.8792035,0.10567876696586609,0.6283716559410095,0.5323532223701477
YDR046C,YKL152C,0,-0.87920856,0.10566101223230362,0.6283716559410095,0.5324532389640808
YPR124W,YNR073C,0,-0.87923265,0.10564326494932175,0.6283716559410095,0.5325532555580139
YDL095W,YIL112W,0,-0.87949246,0.10562552511692047,0.6283716559410095,0.532653272151947
YOR190W,YIL172C,1,-0.8797627,0.10577569156885147,0.6293706297874451,0.532653272151947
YPL022W,YPL047W,0,-0.8797738,0.1057579293847084,0.6293706297874451,0.5327532887458801
YBR135W,YNL159C,0,-0.8798391,0.10574018210172653,0.6293706297874451,0.5328533053398132
YNL223W,YCR057C,0,-0.8800426,0.10572243481874466,0.6293706297874451,0.5329533219337463
YDR339C,YNR075W,0,-0.8801545,0.10570469498634338,0.6293706297874451,0.5330532789230347
YER162C,YNL271C,0,-0.8803588,0.1056869626045227,0.6293706297874451,0.5331532955169678
YOL151W,YJR095W,0,-0.8803687,0.10566923767328262,0.6293706297874451,0.5332533121109009
YPL192C,YNL256W,0,-0.8804543,0.10565152019262314,0.6293706297874451,0.533353328704834
YKR022C,YPL240C,0,-0.8805253,0.10563380271196365,0.6293706297874451,0.5334533452987671
YBR280C,YPR182W,0,-0.8807833,0.10561609268188477,0.6293706297874451,0.5335533618927002
YGR038W,YMR104C,0,-0.8808289,0.10559839010238647,0.6293706297874451,0.5336533784866333
YDR120C,YOR155C,0,-0.8809632,0.10558069497346878,0.6293706297874451,0.5337533950805664
YNL223W,YNR023W,0,-0.8810514,0.10556299984455109,0.6293706297874451,0.5338534116744995
YGR214W,YMR307W,0,-0.8813052,0.10554531961679459,0.6293706297874451,0.5339533686637878
YMR250W,YOR349W,0,-0.8813062,0.10552763938903809,0.6293706297874451,0.534053385257721
YOR393W,YDL168W,0,-0.88142306,0.10550996661186218,0.6293706297874451,0.534153401851654
YGR143W,YOL157C,1,-0.88142335,0.10565974563360214,0.6303696036338806,0.534153401851654
YEL021W,YMR032W,0,-0.8814322,0.10564205795526505,0.6303696036338806,0.5342534184455872
YML008C,YDL075W,0,-0.8814584,0.10562437027692795,0.6303696036338806,0.5343534350395203
YLR066W,YIL126W,0,-0.8814616,0.10560669749975204,0.6303696036338806,0.5344534516334534
YDL010W,YDL137W,0,-0.88171506,0.10558902472257614,0.6303696036338806,0.5345534682273865
YLR329W,YDR128W,0,-0.8819266,0.10557135939598083,0.6303696036338806,0.5346534848213196
YPR104C,YOL021C,0,-0.88196737,0.10555369406938553,0.6303696036338806,0.5347535014152527
YMR006C,YNL096C,0,-0.88211405,0.10553604364395142,0.6303696036338806,0.534853458404541
YAR008W,YIR006C,0,-0.88216794,0.1055183932185173,0.6303696036338806,0.5349534749984741
YER090W,YBR058C,0,-0.8821955,0.10550075024366379,0.6303696036338806,0.5350534915924072
YIR007W,YDR261C,1,-0.88232005,0.10565028339624405,0.6313686370849609,0.5350534915924072
YLR364W,YPL119C,0,-0.88234234,0.10563262552022934,0.6313686370849609,0.5351535081863403
YAL023C,YDL040C,0,-0.8825968,0.10561497509479523,0.6313686370849609,0.5352535247802734
YNL230C,YHR187W,0,-0.8826166,0.10559732466936111,0.6313686370849609,0.5353535413742065
YKL171W,YBR135W,0,-0.8826312,0.1055796891450882,0.6313686370849609,0.5354535579681396
YLR163C,YHR077C,0,-0.8826982,0.10556205362081528,0.6313686370849609,0.5355535745620728
YJL219W,YGL170C,0,-0.88277185,0.10554442554712296,0.6313686370849609,0.5356535911560059
YLR079W,YIL139C,0,-0.88281524,0.10552679747343063,0.6313686370849609,0.5357535481452942
YNL002C,YHR156C,0,-0.8828201,0.1055091843008995,0.6313686370849609,0.5358535647392273
YNL291C,YDR252W,0,-0.88285804,0.10549157112836838,0.6313686370849609,0.5359535813331604
YPR063C,YIL138C,0,-0.8829347,0.10547396540641785,0.6313686370849609,0.5360535979270935
YLR449W,YCR033W,0,-0.88297504,0.10545636713504791,0.6313686370849609,0.5361536145210266
YKL220C,YDL200C,0,-0.88304114,0.10543876886367798,0.6313686370849609,0.5362536311149597
YOR044W,YFR032C-A,0,-0.8832165,0.10542118549346924,0.6313686370849609,0.5363536477088928
YIL159W,YOR233W,0,-0.88321745,0.1054036021232605,0.6313686370849609,0.5364536643028259
YJL008C,YOL040C,0,-0.883367,0.10538602620363235,0.6313686370849609,0.536553680896759
YLR398C,YDR534C,0,-0.8836208,0.10536845773458481,0.6313686370849609,0.5366536378860474
YJL020C,YHL012W,0,-0.8836969,0.10535088926553726,0.6313686370849609,0.5367536544799805
YNL066W,YHR204W,1,-0.8837457,0.1054999977350235,0.6323676109313965,0.5367536544799805
YDR443C,YPR079W,0,-0.8838048,0.10548242181539536,0.6323676109313965,0.5368536710739136
YIL172C,YNL225C,0,-0.88380945,0.10546484589576721,0.6323676109313965,0.5369536876678467
YNR049C,YNL134C,0,-0.88382155,0.10544727742671967,0.6323676109313965,0.5370537042617798
YML063W,YJL221C,0,-0.88392687,0.10542971640825272,0.6323676109313965,0.5371537208557129
YGR257C,YDR302W,0,-0.88393176,0.10541215538978577,0.6323676109313965,0.537253737449646
YGL153W,YMR291W,0,-0.8839356,0.10539460182189941,0.6323676109313965,0.5373537540435791
YBR077C,YPL060W,0,-0.8839723,0.10537706315517426,0.6323676109313965,0.5374537706375122
YDR177W,YBR198C,0,-0.8840125,0.1053595170378685,0.6323676109313965,0.5375537276268005
YOR215C,YKL012W,0,-0.88408387,0.10534198582172394,0.6323676109313965,0.5376537442207336
YMR142C,YER075C,0,-0.884108,0.10532446205615997,0.6323676109313965,0.5377537608146667
YOR382W,YOL156W,0,-0.8841382,0.10530693829059601,0.6323676109313965,0.5378537774085999
YGL216W,YDL127W,0,-0.88423157,0.10528942197561264,0.6323676109313965,0.537953794002533
YGL135W,YHR010W,0,-0.8842885,0.10527191311120987,0.6323676109313965,0.5380538105964661
YLR197W,YHR216W,0,-0.8843034,0.1052544042468071,0.6323676109313965,0.5381538271903992
YIL095W,YNR047W,0,-0.88439256,0.10523691028356552,0.6323676109313965,0.5382538437843323
YDR385W,YNR044W,0,-0.8844348,0.10521941632032394,0.6323676109313965,0.5383538603782654
YER111C,YCR096C,0,-0.88444936,0.10520192980766296,0.6323676109313965,0.5384538173675537
YLR027C,YOL006C,0,-0.88447726,0.10518444329500198,0.6323676109313965,0.5385538339614868
YDR262W,YOR261C,0,-0.8845911,0.1051669716835022,0.6323676109313965,0.5386538505554199
YMR256C,YCL057C-A,0,-0.88516223,0.10514950007200241,0.6323676109313965,0.538753867149353
YOL146W,YBL054W,0,-0.88517,0.10513203591108322,0.6323676109313965,0.5388538837432861
YLR421C,YOR340C,0,-0.88520753,0.10511457920074463,0.6323676109313965,0.5389539003372192
YPL194W,YDR533C,0,-0.88528425,0.10509712994098663,0.6323676109313965,0.5390539169311523
YGL178W,YBR097W,0,-0.88532025,0.10507968068122864,0.6323676109313965,0.5391539335250854
YNL127W,YNL238W,0,-0.8853414,0.10506223887205124,0.6323676109313965,0.5392539501190186
YMR078C,YER068W,0,-0.8854888,0.10504480451345444,0.6323676109313965,0.5393539071083069
YGR198W,YNR050C,0,-0.88554966,0.10502737760543823,0.6323676109313965,0.53945392370224
YNL283C,YPR094W,0,-0.88555133,0.10500995069742203,0.6323676109313965,0.5395539402961731
YGL186C,YNL281W,0,-0.88556504,0.10499253869056702,0.6323676109313965,0.5396539568901062
YBL006C,YDL179W,0,-0.8855924,0.104975126683712,0.6323676109313965,0.5397539734840393
YHL001W,YFR031C,0,-0.88572866,0.10495772212743759,0.6323676109313965,0.5398539900779724
YEL040W,YGL027C,1,-0.8857652,0.10510610044002533,0.6333666443824768,0.5398539900779724
YGL083W,YBR273C,0,-0.8859634,0.10508868098258972,0.6333666443824768,0.5399540066719055
YER142C,YJR153W,1,-0.88599575,0.10523699223995209,0.6343656182289124,0.5399540066719055
YBR095C,YDR508C,0,-0.88603467,0.10521955043077469,0.6343656182289124,0.5400540232658386
YDR330W,YOR229W,0,-0.8860754,0.10520212352275848,0.6343656182289124,0.5401540398597717
YOL110W,YGR231C,0,-0.8861613,0.10518469661474228,0.6343656182289124,0.5402539968490601
YPL269W,YEL050C,0,-0.88642704,0.10516727715730667,0.6343656182289124,0.5403540134429932
YOR122C,YLR330W,0,-0.88645744,0.10514985769987106,0.6343656182289124,0.5404540300369263
YLR272C,YCL027W,0,-0.8864906,0.10513245314359665,0.6343656182289124,0.5405540466308594
YAR008W,YLR318W,0,-0.8865445,0.10511504858732224,0.6343656182289124,0.5406540632247925
YGL086W,YMR304W,0,-0.8866539,0.10509765148162842,0.6343656182289124,0.5407540798187256
YDL193W,YAL032C,0,-0.88676375,0.1050802618265152,0.6343656182289124,0.5408540964126587
YPL153C,YPL122C,0,-0.8870302,0.10506287217140198,0.6343656182289124,0.5409541130065918
YDR226W,YBR187W,0,-0.8870413,0.10504548996686935,0.6343656182289124,0.5410541296005249
YPL190C,YDR224C,0,-0.8871343,0.10502811521291733,0.6343656182289124,0.5411540865898132
YLR452C,YER183C,0,-0.8873946,0.1050107479095459,0.6343656182289124,0.5412541031837463
YOR308C,YER131W,0,-0.8874239,0.10499338805675507,0.6343656182289124,0.5413541197776794
YGR292W,YDR261C,1,-0.8874441,0.10514134913682938,0.6353646516799927,0.5413541197776794
YDR394W,YBL103C,0,-0.88756895,0.10512396693229675,0.6353646516799927,0.5414541363716125
YBL069W,YHR166C,0,-0.8875789,0.10510659217834473,0.6353646516799927,0.5415541529655457
YBL023C,YLR113W,0,-0.8876393,0.1050892248749733,0.6353646516799927,0.5416541695594788
YDR414C,YDL066W,0,-0.887666,0.10507186502218246,0.6353646516799927,0.5417541861534119
YHR183W,YBR083W,0,-0.8877703,0.10505451261997223,0.6353646516799927,0.541854202747345
YNL002C,YOR098C,0,-0.8877858,0.105037160217762,0.6353646516799927,0.5419542193412781
YIL049W,YLR155C,0,-0.8877966,0.10501981526613235,0.6353646516799927,0.5420541763305664
YLR318W,YCR068W,0,-0.88816726,0.10500247776508331,0.6353646516799927,0.5421541929244995
YOL089C,YGR052W,0,-0.8882061,0.10498514026403427,0.6353646516799927,0.5422542095184326
YDL142C,YGR172C,0,-0.8883345,0.10496781766414642,0.6353646516799927,0.5423542261123657
YLL050C,YMR127C,0,-0.8884584,0.10495049506425858,0.6353646516799927,0.5424542427062988
YDL146W,YLR025W,0,-0.8884865,0.10493317991495132,0.6353646516799927,0.5425542593002319
YBR289W,YNL001W,0,-0.88865256,0.10491587221622467,0.6353646516799927,0.542654275894165
YGR227W,YDR082W,0,-0.88876975,0.10489856451749802,0.6353646516799927,0.5427542924880981
YMR033W,YIL021W,0,-0.8889638,0.10488126426935196,0.6353646516799927,0.5428543090820312
YNL281W,YDR447C,0,-0.888971,0.1048639714717865,0.6353646516799927,0.5429542660713196
YOR190W,YBR056W,1,-0.88902694,0.10501153767108917,0.6363636255264282,0.5429542660713196
YGL213C,YCR072C,0,-0.8890628,0.10499422997236252,0.6363636255264282,0.5430542826652527
YDL178W,YNL297C,0,-0.88929176,0.10497692972421646,0.6363636255264282,0.5431542992591858
YNL008C,YNR006W,0,-0.8895031,0.1049596294760704,0.6363636255264282,0.5432543158531189
YDR310C,YIL159W,0,-0.8895806,0.10494233667850494,0.6363636255264282,0.543354332447052
YBL021C,YNL210W,0,-0.8896821,0.10492505133152008,0.6363636255264282,0.5434543490409851
YKL067W,YJL210W,0,-0.889708,0.10490777343511581,0.6363636255264282,0.5435543656349182
YNL326C,YCR048W,0,-0.88974446,0.10489049553871155,0.6363636255264282,0.5436543822288513
YDR221W,YJR153W,1,-0.88977885,0.1050378680229187,0.6373626589775085,0.5436543822288513
YML126C,YHR001W,0,-0.8898079,0.10502057522535324,0.6373626589775085,0.5437543988227844
YLL003W,YHR172W,0,-0.8901001,0.10500328987836838,0.6373626589775085,0.5438543558120728
YJL048C,YNR017W,0,-0.89016324,0.10498601198196411,0.6373626589775085,0.5439543724060059
YBR096W,YHR079C,0,-0.89027494,0.10496874153614044,0.6373626589775085,0.544054388999939
YDR079W,YCR042C,0,-0.89035654,0.10495147109031677,0.6373626589775085,0.5441544055938721
YNL136W,YGL077C,0,-0.89059496,0.1049342080950737,0.6373626589775085,0.5442544221878052
YGR180C,YBR210W,0,-0.8906305,0.10491695255041122,0.6373626589775085,0.5443544387817383
YOR284W,YBL090W,0,-0.89072835,0.10489970445632935,0.6373626589775085,0.5444544553756714
YOR304W,YGL148W,0,-0.89081126,0.10488245636224747,0.6373626589775085,0.5445544719696045
YJR015W,YOR066W,0,-0.8909446,0.10486522316932678,0.6373626589775085,0.5446544885635376
YGR056W,YDR036C,0,-0.8909706,0.1048479899764061,0.6373626589775085,0.5447545051574707
YCR027C,YDR524C,0,-0.8910126,0.10483075678348541,0.6373626589775085,0.544854462146759
YAR019C,YOL044W,0,-0.891033,0.10481353849172592,0.6373626589775085,0.5449544787406921
YPL031C,YPL091W,0,-0.89110714,0.10479632019996643,0.6373626589775085,0.5450544953346252
YOR234C,YDR180W,0,-0.8912999,0.10477910935878754,0.6373626589775085,0.5451545119285583
YER142C,YDR400W,1,-0.8913979,0.10492610931396484,0.6383616328239441,0.5451545119285583
YOR368W,YAL058W,0,-0.89145386,0.10490888357162476,0.6383616328239441,0.5452545285224915
YPR065W,YIR036C,0,-0.8915303,0.10489165782928467,0.6383616328239441,0.5453545451164246
YPR163C,YOL104C,0,-0.89156866,0.10487444698810577,0.6383616328239441,0.5454545617103577
YAL053W,YJL008C,0,-0.89169294,0.10485723614692688,0.6383616328239441,0.5455545783042908
YPR041W,YBR052C,0,-0.89178646,0.10484003275632858,0.6383616328239441,0.5456545948982239
YOL060C,YPR020W,0,-0.8918028,0.10482283681631088,0.6383616328239441,0.5457545518875122
YDR022C,YJR151C,0,-0.89186335,0.10480564087629318,0.6383616328239441,0.5458545684814453
YBL055C,YDL174C,0,-0.89205056,0.10478845238685608,0.6383616328239441,0.5459545850753784
YLR388W,YJL101C,0,-0.89243877,0.10477127134799957,0.6383616328239441,0.5460546016693115
YHR214C-B,YMR260C,0,-0.8924855,0.10475409775972366,0.6383616328239441,0.5461546182632446
YOR085W,YHR156C,0,-0.89277136,0.10473693162202835,0.6383616328239441,0.5462546348571777
YDR402C,YOL115W,0,-0.8930256,0.10471976548433304,0.6383616328239441,0.5463546514511108
YFR003C,YPL020C,0,-0.89313203,0.10470260679721832,0.6383616328239441,0.546454668045044
YPL237W,YLL004W,0,-0.8931865,0.1046854555606842,0.6383616328239441,0.546554684638977
YLR378C,YBR214W,0,-0.8932208,0.10466830432415009,0.6383616328239441,0.5466546416282654
YNR043W,YJL178C,0,-0.89325815,0.10465116053819656,0.6383616328239441,0.5467546582221985
YHR143W,YLR057W,1,-0.8932879,0.10479777306318283,0.6393606662750244,0.5467546582221985
YEL040W,YLR286C,1,-0.8933599,0.10494433343410492,0.64035964012146,0.5467546582221985
YDR338C,YOR255W,0,-0.89340556,0.10492715984582901,0.64035964012146,0.5468546748161316
YDR236C,YBR103W,0,-0.89340687,0.1049099862575531,0.64035964012146,0.5469546914100647
YPL211W,YLR136C,0,-0.8934841,0.10489281266927719,0.64035964012146,0.5470547080039978
YNL119W,YDR400W,0,-0.8936699,0.10487565398216248,0.64035964012146,0.5471547245979309
YGR035C,YNL119W,0,-0.89370984,0.10485849529504776,0.64035964012146,0.547254741191864
YGR143W,YLR286C,1,-0.89374197,0.10500490665435791,0.6413586139678955,0.547254741191864
YML125C,YAL058W,0,-0.89378387,0.104987733066082,0.6413586139678955,0.5473547577857971
YCL066W,YLR051C,0,-0.89379483,0.10497056692838669,0.6413586139678955,0.5474547743797302
YFL047W,YKL160W,0,-0.8938732,0.10495340824127197,0.6413586139678955,0.5475547313690186
YKL088W,YKR061W,0,-0.8938965,0.10493625700473785,0.6413586139678955,0.5476547479629517
YHR176W,YKR025W,0,-0.89392114,0.10491910576820374,0.6413586139678955,0.5477547645568848
YJL128C,YIL040W,0,-0.89407486,0.10490196198225021,0.6413586139678955,0.5478547811508179
YPR164W,YLR197W,0,-0.8941933,0.10488482564687729,0.6413586139678955,0.547954797744751
YOR077W,YGR071C,0,-0.8942579,0.10486768931150436,0.6413586139678955,0.5480548143386841
YCL019W,YDL136W,0,-0.89429104,0.10485056042671204,0.6413586139678955,0.5481548309326172
YKL160W,YBR056W,0,-0.8943737,0.1048334389925003,0.6413586139678955,0.5482548475265503
YGR292W,YLR057W,1,-0.89465594,0.10497958958148956,0.6423576474189758,0.5482548475265503
YGR192C,YOR075W,0,-0.89468396,0.10496245324611664,0.6423576474189758,0.5483548641204834
YPL255W,YDR013W,0,-0.8947363,0.10494532436132431,0.6423576474189758,0.5484548211097717
YOL007C,YER027C,0,-0.8947432,0.10492819547653198,0.6423576474189758,0.5485548377037048
YER042W,YLR057W,0,-0.8947804,0.10491108149290085,0.6423576474189758,0.5486548542976379
YHR063C,YMR020W,0,-0.8947897,0.10489396750926971,0.6423576474189758,0.548754870891571
YJR057W,YGL055W,0,-0.89485955,0.10487685352563858,0.6423576474189758,0.5488548874855042
YPR164W,YCL010C,0,-0.8949231,0.10485975444316864,0.6423576474189758,0.5489549040794373
YDR156W,YOR120W,0,-0.89546275,0.1048426553606987,0.6423576474189758,0.5490549206733704
YGR263C,YBR265W,0,-0.8955345,0.10482556372880936,0.6423576474189758,0.5491549372673035
YPL016W,YBR161W,0,-0.8956622,0.10480847954750061,0.6423576474189758,0.5492549538612366
YKL182W,YLR394W,0,-0.8960687,0.10479139536619186,0.6423576474189758,0.5493549108505249
YOR378W,YEL043W,0,-0.8961557,0.10477431863546371,0.6423576474189758,0.549454927444458
YJR065C,YLR097C,0,-0.89641166,0.10475724935531616,0.6423576474189758,0.5495549440383911
YJR064W,YMR109W,0,-0.89650536,0.1047401875257492,0.6423576474189758,0.5496549606323242
YMR004W,YGR247W,0,-0.8965196,0.10472312569618225,0.6423576474189758,0.5497549772262573
YDR315C,YML132W,0,-0.89658356,0.10470607131719589,0.6423576474189758,0.5498549938201904
YDL070W,YLR206W,0,-0.8966263,0.10468902438879013,0.6423576474189758,0.5499550104141235
YJL206C,YMR285C,0,-0.89665496,0.10467198491096497,0.6423576474189758,0.5500550270080566
YBR001C,YIR007W,1,-0.89683616,0.1048177108168602,0.6433566212654114,0.5500550270080566
YAL012W,YBR187W,0,-0.89684844,0.10480064898729324,0.6433566212654114,0.5501550436019897
YIL082W-A,YML099C,0,-0.8970587,0.10478360205888748,0.6433566212654114,0.5502550005912781
YDR093W,YKL089W,0,-0.897089,0.10476655513048172,0.6433566212654114,0.5503550171852112
YMR211W,YNL300W,0,-0.897306,0.10474951565265656,0.6433566212654114,0.5504550337791443
YPL064C,YPL079W,0,-0.8973396,0.10473247617483139,0.6433566212654114,0.5505550503730774
YER049W,YMR161W,0,-0.8973469,0.10471544414758682,0.6433566212654114,0.5506550669670105
YMR142C,YAL039C,0,-0.89743036,0.10469841957092285,0.6433566212654114,0.5507550835609436
YAR014C,YPR075C,0,-0.89756936,0.10468140244483948,0.6433566212654114,0.5508551001548767
YLR147C,YOR349W,0,-0.89772177,0.1046643927693367,0.6433566212654114,0.5509551167488098
YAR031W,YHR101C,0,-0.8977587,0.10464738309383392,0.6433566212654114,0.5510551333427429
YPL087W,YLR275W,0,-0.89783144,0.10463038086891174,0.6433566212654114,0.5511550903320312
YHR025W,YNR021W,0,-0.8979077,0.10461338609457016,0.6433566212654114,0.5512551069259644
YMR012W,YHR030C,0,-0.8980468,0.10459639132022858,0.6433566212654114,0.5513551235198975
YDR299W,YBR084C-A,0,-0.89811105,0.10457941144704819,0.6433566212654114,0.5514551401138306
YDR348C,YGR084C,0,-0.89812136,0.1045624315738678,0.6433566212654114,0.5515551567077637
YPL162C,YHR128W,0,-0.8982949,0.10454545170068741,0.6433566212654114,0.5516551733016968
YNL135C,YER154W,0,-0.8985262,0.10452848672866821,0.6433566212654114,0.5517551898956299
YGR062C,YER172C,0,-0.89853287,0.10451152175664902,0.6433566212654114,0.551855206489563
YPL085W,YJR082C,0,-0.8985436,0.10449456423521042,0.6433566212654114,0.5519552230834961
YLL015W,YLR029C,0,-0.8986633,0.10447761416435242,0.6433566212654114,0.5520551800727844
YDR315C,YCL030C,0,-0.8986716,0.10446066409349442,0.6433566212654114,0.5521551966667175
YBR059C,YHR132C,0,-0.89870757,0.10444372147321701,0.6433566212654114,0.5522552132606506
YOR279C,YDL042C,0,-0.89902097,0.1044267863035202,0.6433566212654114,0.5523552298545837
YLR310C,YDR353W,0,-0.89910954,0.10440985858440399,0.6433566212654114,0.5524552464485168
YGR264C,YLL022C,0,-0.89917374,0.10439293086528778,0.6433566212654114,0.55255526304245
YER046W,YNR026C,0,-0.89931035,0.10437601059675217,0.6433566212654114,0.5526552796363831
YGR218W,YDL185W,0,-0.8993257,0.10435909777879715,0.6433566212654114,0.5527552962303162
YAL062W,YPR094W,0,-0.89937353,0.10434219241142273,0.6433566212654114,0.5528553128242493
YLR035C,YDR393W,0,-0.8994238,0.10432528704404831,0.6433566212654114,0.5529552698135376
YHR184W,YDL232W,0,-0.89953643,0.10430838912725449,0.6433566212654114,0.5530552864074707
YIL172C,YEL011W,1,-0.8995961,0.104453444480896,0.6443556547164917,0.5530552864074707
YLR226W,YHR047C,0,-0.8996196,0.10443653166294098,0.6443556547164917,0.5531553030014038
YPL087W,YJL014W,0,-0.8996594,0.10441961884498596,0.6443556547164917,0.5532553195953369
YDR346C,YHR143W,0,-0.89983565,0.10440272092819214,0.6443556547164917,0.55335533618927
YNL064C,YOR257W,0,-0.89992267,0.10438582301139832,0.6443556547164917,0.5534553527832031
YLR396C,YHR135C,0,-0.89998174,0.10436893254518509,0.6443556547164917,0.5535553693771362
YJL221C,YIR007W,1,-0.9000393,0.10451383143663406,0.6453546285629272,0.5535553693771362
YGR271W,YMR208W,0,-0.9000771,0.10449692606925964,0.6453546285629272,0.5536553859710693
YOR251C,YNL186W,0,-0.90009046,0.10448002815246582,0.6453546285629272,0.5537554025650024
YDR432W,YIL162W,0,-0.9001975,0.104463130235672,0.6453546285629272,0.5538553595542908
YEL047C,YBR235W,0,-0.9002348,0.10444623976945877,0.6453546285629272,0.5539553761482239
YGL055W,YDL054C,0,-0.90023637,0.10442935675382614,0.6453546285629272,0.554055392742157
YHR101C,YNR016C,0,-0.900262,0.10441248118877411,0.6453546285629272,0.5541554093360901
YOR322C,YER096W,0,-0.9003583,0.10439560562372208,0.6453546285629272,0.5542554259300232
YPL177C,YOR219C,0,-0.9003668,0.10437873750925064,0.6453546285629272,0.5543554425239563
YOR085W,YJL191W,0,-0.9005346,0.1043618768453598,0.6453546285629272,0.5544554591178894
YOR228C,YHR066W,0,-0.90053463,0.10434501618146896,0.6453546285629272,0.5545554757118225
YJR077C,YDR239C,0,-0.90075326,0.10432816296815872,0.6453546285629272,0.5546554923057556
YNL217W,YMR184W,0,-0.9009546,0.10431131720542908,0.6453546285629272,0.554755449295044
YKL195W,YOL127W,0,-0.901057,0.10429447889328003,0.6453546285629272,0.554855465888977
YIR021W,YOR348C,0,-0.9011439,0.10427764058113098,0.6453546285629272,0.5549554824829102
YOR022C,YLR109W,0,-0.9013014,0.10426080971956253,0.6453546285629272,0.5550554990768433
YDR236C,YAL017W,0,-0.9013355,0.10424398630857468,0.6453546285629272,0.5551555156707764
YOL064C,YLR340W,0,-0.90134656,0.10422717034816742,0.6453546285629272,0.5552555322647095
YGR185C,YPR022C,0,-0.9015086,0.10421035438776016,0.6453546285629272,0.5553555488586426
YGR128C,YDL226C,0,-0.9015707,0.1041935458779335,0.6453546285629272,0.5554555654525757
YBR097W,YOR298C-A,0,-0.901719,0.10417674481868744,0.6453546285629272,0.5555555820465088
YFL055W,YDL161W,0,-0.9020016,0.10415995121002197,0.6453546285629272,0.5556555390357971
YIL128W,YGR133W,0,-0.902419,0.1041431576013565,0.6453546285629272,0.5557555556297302
YLL028W,YDR389W,0,-0.9024395,0.10412637144327164,0.6453546285629272,0.5558555722236633
YJR153W,YMR305C,1,-0.9024415,0.10427074879407883,0.6463536620140076,0.5558555722236633
YNL327W,YLR144C,1,-0.90264046,0.10441508144140244,0.6473526358604431,0.5558555722236633
YOR155C,YER137C,0,-0.90270954,0.10439825803041458,0.6473526358604431,0.5559555888175964
YDR481C,YIR010W,0,-0.9027649,0.10438144207000732,0.6473526358604431,0.5560556054115295
YDR329C,YJL113W,0,-0.90277016,0.10436463356018066,0.6473526358604431,0.5561556220054626
YDR052C,YNL035C,0,-0.90298533,0.104347825050354,0.6473526358604431,0.5562556385993958
YIL047C,YNL258C,0,-0.9031014,0.10433102399110794,0.6473526358604431,0.5563556551933289
YLR356W,YGR001C,0,-0.903393,0.10431423038244247,0.6473526358604431,0.556455671787262
YLR369W,YEL029C,0,-0.9034726,0.1042974442243576,0.6473526358604431,0.5565556287765503
YKR069W,YGR249W,0,-0.9035746,0.10428065806627274,0.6473526358604431,0.5566556453704834
YGL038C,YJR097W,0,-0.90361696,0.10426387935876846,0.6473526358604431,0.5567556619644165
YDR052C,YBL026W,0,-0.9037203,0.10424710065126419,0.6473526358604431,0.5568556785583496
YPL174C,YOR255W,0,-0.9037323,0.10423033684492111,0.6473526358604431,0.5569556951522827
YLR342W,YOR008C,0,-0.9038318,0.10421357303857803,0.6473526358604431,0.5570557117462158
YHR061C,YAL035W,0,-0.90400183,0.10419681668281555,0.6473526358604431,0.5571557283401489
YNL280C,YBR273C,0,-0.90432,0.10418006777763367,0.6473526358604431,0.557255744934082
YAL061W,YIL121W,0,-0.90465224,0.10416331887245178,0.6473526358604431,0.5573557615280151
YIL099W,YDR261C,1,-0.904811,0.10430729389190674,0.6483516693115234,0.5573557615280151
YDL194W,YPL088W,0,-0.9048807,0.10429053753614426,0.6483516693115234,0.5574557185173035
YKL171W,YOR288C,0,-0.90509397,0.10427378118038177,0.6483516693115234,0.5575557351112366
YGL027C,YDR001C,1,-0.90514636,0.10441767424345016,0.649350643157959,0.5575557351112366
YPL022W,YDL077C,0,-0.9051713,0.10440090298652649,0.649350643157959,0.5576557517051697
YLR320W,YPR165W,0,-0.9052191,0.10438413172960281,0.649350643157959,0.5577557682991028
YIR006C,YNL072W,0,-0.90527415,0.10436737537384033,0.649350643157959,0.5578557848930359
YOL152W,YDR507C,0,-0.90529084,0.10435061901807785,0.649350643157959,0.557955801486969
YDR520C,YNL248C,0,-0.9053253,0.10433387011289597,0.649350643157959,0.5580558180809021
YPL009C,YDR140W,0,-0.90541196,0.10431712120771408,0.649350643157959,0.5581558346748352
YGR276C,YDL215C,0,-0.905736,0.10430038720369339,0.649350643157959,0.5582558512687683
YGL205W,YOL034W,0,-0.90582776,0.1042836531996727,0.649350643157959,0.5583558082580566
YNL136W,YFR036W,0,-0.90583384,0.1042669266462326,0.649350643157959,0.5584558248519897
YGL051W,YHL004W,0,-0.90587294,0.10425020009279251,0.649350643157959,0.5585558414459229
YBR299W,YLR213C,1,-0.90588,0.1043938398361206,0.6503496766090393,0.5585558414459229
YOR187W,YGL094C,0,-0.90600526,0.10437710583209991,0.6503496766090393,0.558655858039856
YGL156W,YGL028C,1,-0.90606296,0.10452067852020264,0.6513486504554749,0.558655858039856
YBR288C,YER164W,0,-0.90620047,0.10450392961502075,0.6513486504554749,0.5587558746337891
YDR052C,YJL143W,0,-0.90629286,0.10448718070983887,0.6513486504554749,0.5588558912277222
YNR028W,YOR269W,0,-0.90646863,0.10447043925523758,0.6513486504554749,0.5589559078216553
YJR145C,YJR006W,0,-0.90659094,0.10445369780063629,0.6513486504554749,0.5590559244155884
YDL070W,YGL035C,0,-0.90660024,0.1044369712471962,0.6513486504554749,0.5591559410095215
YNL131W,YDR103W,0,-0.9068397,0.1044202446937561,0.6513486504554749,0.5592558979988098
YIL101C,YDR402C,0,-0.90687966,0.1044035255908966,0.6513486504554749,0.5593559145927429
YGR282C,YBR229C,1,-0.9069165,0.1045469120144844,0.6523476243019104,0.5593559145927429
YBL101C,YLR381W,0,-0.90719545,0.10453017801046371,0.6523476243019104,0.559455931186676
YLR165C,YDR017C,0,-0.9072816,0.10451344400644302,0.6523476243019104,0.5595559477806091
YDR174W,YLR264W,0,-0.90732944,0.10449671745300293,0.6523476243019104,0.5596559643745422
YPL024W,YDR059C,0,-0.907345,0.10447999835014343,0.6523476243019104,0.5597559809684753
YNL175C,YPR083W,0,-0.90741396,0.10446328669786453,0.6523476243019104,0.5598559975624084
YGR077C,YOR321W,0,-0.9074691,0.10444657504558563,0.6523476243019104,0.5599560141563416
YDL078C,YLR381W,0,-0.9074999,0.10442987084388733,0.6523476243019104,0.5600560307502747
YDL138W,YKL092C,0,-0.90759766,0.10441317409276962,0.6523476243019104,0.560155987739563
YOL155C,YOL043C,1,-0.90761185,0.10455635190010071,0.6533466577529907,0.560155987739563
YER144C,YBR104W,0,-0.9077735,0.10453964024782181,0.6533466577529907,0.5602560043334961
YBL069W,YHR019C,0,-0.9078269,0.1045229360461235,0.6533466577529907,0.5603560209274292
YGR275W,YGR255C,0,-0.90804636,0.1045062318444252,0.6533466577529907,0.5604560375213623
YPR112C,YBR229C,0,-0.9080495,0.1044895350933075,0.6533466577529907,0.5605560541152954
YDR532C,YLR035C,0,-0.9080554,0.10447284579277039,0.6533466577529907,0.5606560707092285
YML060W,YIL099W,1,-0.90817165,0.10461587458848953,0.6543456315994263,0.5606560707092285
YGR118W,YGR166W,0,-0.9082096,0.10459917038679123,0.6543456315994263,0.5607560873031616
YML097C,YDR498C,0,-0.9085361,0.10458246618509293,0.6543456315994263,0.5608561038970947
YEL062W,YGR105W,0,-0.90857035,0.10456576943397522,0.6543456315994263,0.5609561204910278
YLR197W,YDR318W,0,-0.9085752,0.10454908013343811,0.6543456315994263,0.5610560774803162
YIL162W,YGR292W,1,-0.9086078,0.1046919897198677,0.6553446650505066,0.5610560774803162
YHR191C,YKL198C,0,-0.90862197,0.1046752855181694,0.6553446650505066,0.5611560940742493
YGL040C,YOR159C,0,-0.90864426,0.1046585813164711,0.6553446650505066,0.5612561106681824
YIL157C,YLR026C,0,-0.9087392,0.10464189201593399,0.6553446650505066,0.5613561272621155
YBR154C,YDR414C,0,-0.90882576,0.10462520271539688,0.6553446650505066,0.5614561438560486
YNL264C,YBL058W,0,-0.9089663,0.10460851341485977,0.6553446650505066,0.5615561604499817
YLR373C,YGR020C,0,-0.9090036,0.10459183901548386,0.6553446650505066,0.5616561770439148
YBR055C,YGR068C,0,-0.90904343,0.10457516461610794,0.6553446650505066,0.5617561936378479
YDL146W,YPL098C,0,-0.9090713,0.10455849766731262,0.6553446650505066,0.561856210231781
YNL301C,YPL160W,0,-0.9091481,0.1045418307185173,0.6553446650505066,0.5619561672210693
YLR265C,YDR429C,0,-0.909161,0.10452517867088318,0.6553446650505066,0.5620561838150024
YJL213W,YBR192W,0,-0.90926903,0.10450852662324905,0.6553446650505066,0.5621562004089355
YFL062W,YJL060W,0,-0.9092868,0.10449187457561493,0.6553446650505066,0.5622562170028687
YKL213C,YPL162C,0,-0.90943724,0.104475237429142,0.6553446650505066,0.5623562335968018
YMR150C,YGR156W,0,-0.9094799,0.10445860028266907,0.6553446650505066,0.5624562501907349
YGL178W,YPR081C,0,-0.9094913,0.10444197058677673,0.6553446650505066,0.562556266784668
YLR404W,YLR371W,0,-0.9094914,0.1044253408908844,0.6553446650505066,0.5626562833786011
YDL069C,YAR018C,0,-0.9095427,0.10440871864557266,0.6553446650505066,0.5627562999725342
YLR134W,YEL062W,0,-0.90963113,0.10439210385084152,0.6553446650505066,0.5628562569618225
YPR145W,YDL064W,0,-0.909765,0.10437549650669098,0.6553446650505066,0.5629562735557556
YIL159W,YDL226C,0,-0.90986395,0.10435888916254044,0.6553446650505066,0.5630562901496887
YAL053W,YFR032C-A,0,-0.9099373,0.10434229671955109,0.6553446650505066,0.5631563067436218
YLL023C,YNL091W,0,-0.9099915,0.10432569682598114,0.6553446650505066,0.5632563233375549
YOL082W,YLR187W,0,-0.9100216,0.10430911183357239,0.6553446650505066,0.563356339931488
YOL058W,YKL178C,0,-0.91016656,0.10429252684116364,0.6553446650505066,0.5634563565254211
YGR292W,YNL066W,1,-0.91021484,0.10443490743637085,0.6563436388969421,0.5634563565254211
YGR256W,YDR162C,0,-0.9103073,0.1044183075428009,0.6563436388969421,0.5635563731193542
YNL136W,YER154W,0,-0.91031337,0.10440171509981155,0.6563436388969421,0.5636563897132874
YLR165C,YBR192W,0,-0.9103993,0.1043851301074028,0.6563436388969421,0.5637563467025757
YBR001C,YIL072W,0,-0.91049063,0.10436854511499405,0.6563436388969421,0.5638563632965088
YNR050C,YOL139C,0,-0.910507,0.1043519675731659,0.6563436388969421,0.5639563798904419
YCR072C,YHR089C,0,-0.9105092,0.10433539748191833,0.6563436388969421,0.564056396484375
YOR222W,YMR025W,0,-0.91052496,0.10431883484125137,0.6563436388969421,0.5641564130783081
YKL086W,YCR011C,0,-0.91056335,0.10430227220058441,0.6563436388969421,0.5642564296722412
YLL033W,YDR205W,0,-0.9105674,0.10428571701049805,0.6563436388969421,0.5643564462661743
YGR287C,YJR153W,1,-0.91070354,0.10442786663770676,0.6573426723480225,0.5643564462661743
YPR167C,YJL155C,0,-0.9107233,0.1044112965464592,0.6573426723480225,0.5644564628601074
YJL177W,YHR132C,0,-0.9107635,0.10439473390579224,0.6573426723480225,0.5645564794540405
YGL123W,YDR182W,0,-0.9108,0.10437817126512527,0.6573426723480225,0.5646564364433289
YDR126W,YML106W,0,-0.9108315,0.10436161607503891,0.6573426723480225,0.564756453037262
YBR267W,YHR021C,0,-0.91083926,0.10434506833553314,0.6573426723480225,0.5648564696311951
YKR014C,YPR162C,0,-0.91104585,0.10432852059602737,0.6573426723480225,0.5649564862251282
YFR042W,YLR158C,0,-0.911098,0.1043119877576828,0.6573426723480225,0.5650565028190613
YBR001C,YFR031C,0,-0.9111166,0.10429544746875763,0.6573426723480225,0.5651565194129944
YAL015C,YOL157C,1,-0.91121113,0.10443740338087082,0.658341646194458,0.5651565194129944
YDL006W,YGL162W,0,-0.9112376,0.10442085564136505,0.658341646194458,0.5652565360069275
YJR126C,YOR299W,0,-0.9113704,0.10440430790185928,0.658341646194458,0.5653565526008606
YNL080C,YDR447C,0,-0.91142505,0.10438776761293411,0.658341646194458,0.5654565691947937
YBR238C,YNL178W,0,-0.9114548,0.10437124222517014,0.658341646194458,0.565556526184082
YDR167W,YKR019C,0,-0.9114969,0.10435470938682556,0.658341646194458,0.5656565427780151
YLR406C,YOR233W,0,-0.9116328,0.10433819144964218,0.658341646194458,0.5657565593719482
YGL106W,YLR136C,0,-0.9117497,0.1043216735124588,0.658341646194458,0.5658565759658813
YML060W,YPR152C,0,-0.9117675,0.10430516302585602,0.658341646194458,0.5659565925598145
YML060W,YHR143W,1,-0.9117977,0.1044469028711319,0.6593406796455383,0.5659565925598145
YOL094C,YOL006C,0,-0.91208744,0.10443037748336792,0.6593406796455383,0.5660566091537476
YML006C,YOL147C,0,-0.91212845,0.10441385954618454,0.6593406796455383,0.5661566257476807
YDR240C,YCR073C,0,-0.9122392,0.10439734160900116,0.6593406796455383,0.5662566423416138
YGL012W,YBR265W,0,-0.91227424,0.10438083112239838,0.6593406796455383,0.5663566589355469
YEL040W,YGL156W,1,-0.912403,0.1045224517583847,0.6603396534919739,0.5663566589355469
YMR171C,YML038C,0,-0.9124111,0.10450592637062073,0.6603396534919739,0.5664566159248352
YDR197W,YLR208W,0,-0.9125397,0.10448940843343735,0.6603396534919739,0.5665566325187683
YHR058C,YIR003W,0,-0.91266376,0.10447289049625397,0.6603396534919739,0.5666566491127014
YLR228C,YFR003C,0,-0.9127434,0.10445638746023178,0.6603396534919739,0.5667566657066345
YEL030W,YGR112W,0,-0.91277283,0.104439876973629,0.6603396534919739,0.5668566823005676
YER138C,YNL273W,0,-0.9128424,0.10442338138818741,0.6603396534919739,0.5669566988945007
YOR368W,YDL112W,0,-0.91287994,0.10440688580274582,0.6603396534919739,0.5670567154884338
YKL208W,YBR213W,0,-0.91303223,0.10439039766788483,0.6603396534919739,0.5671567320823669
YOL141W,YGR284C,0,-0.9130939,0.10437391698360443,0.6603396534919739,0.5672567486763
YBR150C,YOR098C,0,-0.9132036,0.10435743629932404,0.6603396534919739,0.5673567652702332
YML018C,YGL094C,0,-0.91336083,0.10434096306562424,0.6603396534919739,0.5674567222595215
YJR043C,YCL018W,0,-0.91346365,0.10432449728250504,0.6603396534919739,0.5675567388534546
YGL250W,YJL041W,0,-0.9135158,0.10430803149938583,0.6603396534919739,0.5676567554473877
YPL154C,YOR057W,0,-0.9135277,0.10429157316684723,0.6603396534919739,0.5677567720413208
YOL091W,YMR044W,0,-0.9135813,0.10427512228488922,0.6603396534919739,0.5678567886352539
YGL017W,YBR210W,0,-0.9137657,0.10425867140293121,0.6603396534919739,0.567956805229187
YOR130C,YOL016C,0,-0.9137904,0.1042422354221344,0.6603396534919739,0.5680568218231201
YGR156W,YKR061W,0,-0.91388804,0.10422579944133759,0.6603396534919739,0.5681568384170532
YGL026C,YDR151C,0,-0.91391623,0.10420936346054077,0.6603396534919739,0.5682568550109863
YOR162C,YKL163W,0,-0.9139163,0.10419293493032455,0.6603396534919739,0.5683568120002747
YLR225C,YNL070W,0,-0.9139758,0.10417651385068893,0.6603396534919739,0.5684568285942078
YML015C,YLR110C,0,-0.91403294,0.10416010022163391,0.6603396534919739,0.5685568451881409
YDR540C,YJR057W,0,-0.91411096,0.10414368659257889,0.6603396534919739,0.568656861782074
YER094C,YNL146W,0,-0.91419774,0.10412728786468506,0.6603396534919739,0.5687568783760071
YMR019W,YCL011C,0,-0.9146936,0.10411088168621063,0.6603396534919739,0.5688568949699402
YDL156W,YOR304C-A,0,-0.91479224,0.1040944904088974,0.6603396534919739,0.5689569115638733
YNL305C,YJL114W,0,-0.9148257,0.10407809913158417,0.6603396534919739,0.5690569281578064
YDL141W,YBL067C,0,-0.91498995,0.10406171530485153,0.6603396534919739,0.5691569447517395
YPR026W,YBR001C,1,-0.91507876,0.1042027398943901,0.6613386869430542,0.5691569447517395
YJL014W,YEL059C-A,0,-0.9152349,0.10418634116649628,0.6613386869430542,0.5692569017410278
YJR070C,YLR086W,0,-0.91527915,0.10416994243860245,0.6613386869430542,0.5693569183349609
YKR045C,YGR156W,0,-0.9152993,0.10415355861186981,0.6613386869430542,0.569456934928894
YGL255W,YOR125C,0,-0.9153123,0.10413717478513718,0.6613386869430542,0.5695569515228271
YOR339C,YIR005W,0,-0.9153595,0.10412079095840454,0.6613386869430542,0.5696569681167603
YGR098C,YDR389W,0,-0.9154514,0.1041044220328331,0.6613386869430542,0.5697569847106934
YPR184W,YKL073W,0,-0.9156172,0.10408805310726166,0.6613386869430542,0.5698570013046265
YIL006W,YDL143W,0,-0.91594505,0.10407168418169022,0.6613386869430542,0.5699570178985596
YPL227C,YJL100W,0,-0.916021,0.10405533015727997,0.6613386869430542,0.5700570344924927
YMR268C,YOL158C,0,-0.9160307,0.10403897613286972,0.6613386869430542,0.570156991481781
YCL066W,YJL165C,0,-0.9161464,0.10402262955904007,0.6613386869430542,0.5702570080757141
YKR066C,YIR018W,0,-0.916166,0.10400628298521042,0.6613386869430542,0.5703570246696472
YLR348C,YNL162W,0,-0.9161961,0.10398994386196136,0.6613386869430542,0.5704570412635803
YOR043W,YOR128C,0,-0.91630286,0.10397361218929291,0.6613386869430542,0.5705570578575134
YLR153C,YBL105C,0,-0.9163071,0.10395728796720505,0.6613386869430542,0.5706570744514465
YKL160W,YKL167C,0,-0.91639215,0.10394096374511719,0.6613386869430542,0.5707570910453796
YKR010C,YPR061C,0,-0.9164642,0.10392464697360992,0.6613386869430542,0.5708571076393127
YOR190W,YBR299W,1,-0.9164868,0.10406529903411865,0.6623376607894897,0.5708571076393127
YDR054C,YHR079C,0,-0.91661245,0.1040489673614502,0.6623376607894897,0.5709571242332458
YJL216C,YLR213C,1,-0.916785,0.10418955236673355,0.6633366346359253,0.5709571242332458
YJR127C,YEL047C,0,-0.9167924,0.1041732057929039,0.6633366346359253,0.5710570812225342
YJR091C,YGL135W,0,-0.9169132,0.10415685921907425,0.6633366346359253,0.5711570978164673
YGR227W,YBL068W,0,-0.91691524,0.10414052754640579,0.6633366346359253,0.5712571144104004
YOL040C,YLL054C,0,-0.91726726,0.10412419587373734,0.6633366346359253,0.5713571310043335
YJR131W,YGL028C,1,-0.9173227,0.10426466166973114,0.6643356680870056,0.5713571310043335
YNL112W,YLR285W,0,-0.9173473,0.10424831509590149,0.6643356680870056,0.5714571475982666
YHR041C,YHR016C,0,-0.9174547,0.10423197597265244,0.6643356680870056,0.5715571641921997
YAL053W,YKR029C,0,-0.91749626,0.10421563684940338,0.6643356680870056,0.5716571807861328
YJR134C,YPL244C,0,-0.91756403,0.10419931262731552,0.6643356680870056,0.5717571973800659
YML060W,YLR057W,1,-0.9180103,0.10433965176343918,0.6653346419334412,0.5717571973800659
YDL192W,YJL019W,0,-0.9182905,0.10432330518960953,0.6653346419334412,0.571857213973999
YGL166W,YKL203C,0,-0.9186448,0.10430696606636047,0.6653346419334412,0.5719571709632874
YJL034W,YJL118W,0,-0.91885555,0.10429063439369202,0.6653346419334412,0.5720571875572205
YOR219C,YLR178C,0,-0.9189708,0.10427431017160416,0.6653346419334412,0.5721572041511536
YHR117W,YKL170W,0,-0.91903764,0.1042579859495163,0.6653346419334412,0.5722572207450867
YLR329W,YOR205C,0,-0.9192107,0.10424166172742844,0.6653346419334412,0.5723572373390198
YGL026C,YML112W,0,-0.9196444,0.10422535240650177,0.6653346419334412,0.5724572539329529
YDR382W,YGL135W,0,-0.9199336,0.1042090430855751,0.6653346419334412,0.572557270526886
YCL026C-A,YKL008C,0,-0.9201939,0.10419274121522903,0.6653346419334412,0.5726572871208191
YGR061C,YML115C,0,-0.92027736,0.10417643934488297,0.6653346419334412,0.5727573037147522
YHR029C,YPR152C,0,-0.9203488,0.10416015237569809,0.6653346419334412,0.5728572607040405
YOR393W,YJL024C,0,-0.9203558,0.10414386540651321,0.6653346419334412,0.5729572772979736
YMR049C,YGL021W,0,-0.92047644,0.10412757843732834,0.6653346419334412,0.5730572938919067
YCR010C,YGR223C,0,-0.9206898,0.10411129891872406,0.6653346419334412,0.5731573104858398
YKL173W,YPR183W,0,-0.9206982,0.10409502685070038,0.6653346419334412,0.573257327079773
YMR303C,YIL091C,0,-0.92085683,0.1040787622332573,0.6653346419334412,0.573357343673706
YBL068W,YIR034C,0,-0.92099345,0.10406249761581421,0.6653346419334412,0.5734573602676392
YJR077C,YDL170W,0,-0.9212295,0.10404624044895172,0.6653346419334412,0.5735573768615723
YPL147W,YDR506C,0,-0.9212444,0.10402999073266983,0.6653346419334412,0.5736573934555054
YOR147W,YLR009W,0,-0.9213202,0.10401374101638794,0.6653346419334412,0.5737573504447937
YEL065W,YBL026W,0,-0.92148757,0.10399749875068665,0.6653346419334412,0.5738573670387268
YBL019W,YDR123C,0,-0.92164356,0.10398126393556595,0.6653346419334412,0.5739573836326599
YDR117C,YLR099C,0,-0.9217693,0.10396502912044525,0.6653346419334412,0.574057400226593
YMR135C,YML094W,0,-0.9218693,0.10394880920648575,0.6653346419334412,0.5741574168205261
YLR117C,YBR210W,0,-0.92199516,0.10393258184194565,0.6653346419334412,0.5742574334144592
YDR083W,YLR447C,0,-0.922199,0.10391636937856674,0.6653346419334412,0.5743574500083923
YAR031W,YMR290C,0,-0.9222505,0.10390015691518784,0.6653346419334412,0.5744574666023254
YOR310C,YDL109C,0,-0.92233896,0.10388395190238953,0.6653346419334412,0.5745574831962585
YKR010C,YOR095C,0,-0.9224111,0.10386774688959122,0.6653346419334412,0.5746574401855469
YMR023C,YPR036W,0,-0.9226273,0.1038515493273735,0.6653346419334412,0.57475745677948
YML080W,YJR091C,0,-0.9227687,0.10383535921573639,0.6653346419334412,0.5748574733734131
YGR077C,YOR100C,0,-0.9228012,0.10381917655467987,0.6653346419334412,0.5749574899673462
YER046W,YCL050C,0,-0.9228033,0.10380299389362335,0.6653346419334412,0.5750575065612793
YDR240C,YJL145W,0,-0.9229411,0.10378681868314743,0.6653346419334412,0.5751575231552124
YKL108W,YBR164C,0,-0.9233746,0.10377064347267151,0.6653346419334412,0.5752575397491455
YGL050W,YIR034C,0,-0.9234438,0.10375447571277618,0.6653346419334412,0.5753575563430786
YGL174W,YGL244W,0,-0.92347574,0.10373831540346146,0.6653346419334412,0.5754575729370117
YOR295W,YOR332W,0,-0.9235618,0.10372216254472733,0.6653346419334412,0.5755575299263
YOL108C,YAL060W,0,-0.92368007,0.1037060096859932,0.6653346419334412,0.5756575465202332
YHL040C,YBR098W,0,-0.92369115,0.10368986427783966,0.6653346419334412,0.5757575631141663
YIL162W,YLR213C,1,-0.9238249,0.10382939130067825,0.6663336753845215,0.5757575631141663
YKL067W,YPL177C,0,-0.92385924,0.10381323099136353,0.6663336753845215,0.5758575797080994
YMR162C,YPR121W,0,-0.9238672,0.1037970706820488,0.6663336753845215,0.5759575963020325
YLL043W,YJR060W,0,-0.92390263,0.10378092527389526,0.6663336753845215,0.5760576128959656
YMR308C,YML056C,0,-0.92391086,0.10376477986574173,0.6663336753845215,0.5761576294898987
YGR241C,YJL209W,0,-0.9239476,0.10374864190816879,0.6663336753845215,0.5762576460838318
YGR037C,YBL112C,0,-0.9240252,0.10373250395059586,0.6663336753845215,0.5763576626777649
YIL090W,YNR035C,0,-0.92410046,0.10371637344360352,0.6663336753845215,0.5764576196670532
YNL083W,YGR145W,0,-0.924146,0.10370025038719177,0.6663336753845215,0.5765576362609863
YKL042W,YNL159C,0,-0.9242184,0.10368412733078003,0.6663336753845215,0.5766576528549194
YER142C,YGR287C,1,-0.9242363,0.10382343828678131,0.667332649230957,0.5766576528549194
YLR209C,YOR064C,0,-0.924317,0.10380730032920837,0.667332649230957,0.5767576694488525
YDR341C,YCR024C-A,0,-0.9243654,0.10379117727279663,0.667332649230957,0.5768576860427856
YDR270W,YGL200C,0,-0.924399,0.10377504676580429,0.667332649230957,0.5769577026367188
YHR119W,YOR306C,0,-0.92443913,0.10375893115997314,0.667332649230957,0.5770577192306519
YOL119C,YEL021W,0,-0.9245856,0.103742815554142,0.667332649230957,0.577157735824585
YDR346C,YDR252W,0,-0.9246155,0.10372670739889145,0.667332649230957,0.5772577524185181
YBR056W,YHR204W,1,-0.92471266,0.1038658618927002,0.6683316826820374,0.5772577524185181
YIL162W,YIL172C,1,-0.9247964,0.10400496423244476,0.6693306565284729,0.5772577524185181
YFL004W,YFR021W,0,-0.92484105,0.10398882627487183,0.6693306565284729,0.5773577094078064
YER088C,YDR477W,0,-0.9250984,0.10397268831729889,0.6693306565284729,0.5774577260017395
YOL026C,YMR295C,0,-0.9251094,0.10395655781030655,0.6693306565284729,0.5775577425956726
YOL006C,YBR136W,0,-0.92512274,0.10394042730331421,0.6693306565284729,0.5776577591896057
YMR256C,YGR071C,0,-0.9253241,0.10392430424690247,0.6693306565284729,0.5777577757835388
YFL052W,YBR056W,0,-0.92567587,0.10390818864107132,0.6693306565284729,0.5778577923774719
YKL163W,YPR047W,0,-0.9260303,0.10389207303524017,0.6693306565284729,0.577957808971405
YBL085W,YMR117C,0,-0.9260865,0.10387597233057022,0.6693306565284729,0.5780578255653381
YFL047W,YHR143W,0,-0.92617834,0.10385986417531967,0.6693306565284729,0.5781578421592712
YDR501W,YDL122W,0,-0.92626184,0.10384377092123032,0.6693306565284729,0.5782577991485596
YIL093C,YNL268W,0,-0.92629325,0.10382767766714096,0.6693306565284729,0.5783578157424927
YPL123C,YIR009W,0,-0.9264233,0.1038115918636322,0.6693306565284729,0.5784578323364258
YDR346C,YDL137W,0,-0.9267622,0.10379550606012344,0.6693306565284729,0.5785578489303589
YPL258C,YGR032W,0,-0.92692757,0.10377942770719528,0.6693306565284729,0.578657865524292
YER006W,YNL236W,0,-0.92694426,0.10376335680484772,0.6693306565284729,0.5787578821182251
YPR047W,YHR060W,0,-0.9270094,0.10374729335308075,0.6693306565284729,0.5788578987121582
YDR466W,YBR004C,0,-0.92711115,0.10373122990131378,0.6693306565284729,0.5789579153060913
YKL090W,YOR371C,0,-0.9271852,0.10371517390012741,0.6693306565284729,0.5790579319000244
YDR167W,YCR020C,0,-0.9272853,0.10369911789894104,0.6693306565284729,0.5791578888893127
YPR159W,YAL015C,1,-0.927298,0.10383781790733337,0.6703296899795532,0.5791578888893127
YGR241C,YIL168W,0,-0.9273325,0.1038217544555664,0.6703296899795532,0.5792579054832458
YLL019C,YOL105C,0,-0.9273617,0.10380569100379944,0.6703296899795532,0.579357922077179
YJL125C,YIL094C,0,-0.92748594,0.10378963500261307,0.6703296899795532,0.5794579386711121
YHL013C,YJL052W,0,-0.9275039,0.1037735864520073,0.6703296899795532,0.5795579552650452
YHR115C,YMR301C,0,-0.9276277,0.10375753790140152,0.6703296899795532,0.5796579718589783
YBL006C,YHR082C,0,-0.92792237,0.10374149680137634,0.6703296899795532,0.5797579884529114
YIR032C,YPL240C,0,-0.9279649,0.10372546315193176,0.6703296899795532,0.5798580050468445
YIR022W,YDR156W,0,-0.9279723,0.10370942950248718,0.6703296899795532,0.5799580216407776
YLR166C,YMR121C,0,-0.9281416,0.1036934033036232,0.6703296899795532,0.5800579786300659
YJL028W,YDR214W,0,-0.9281996,0.10367737710475922,0.6703296899795532,0.580157995223999
YBR294W,YLR178C,0,-0.9283099,0.10366136580705643,0.6703296899795532,0.5802580118179321
YGL227W,YAL044C,0,-0.928466,0.10364534705877304,0.6703296899795532,0.5803580284118652
YDL174C,YKL164C,0,-0.92847556,0.10362934321165085,0.6703296899795532,0.5804580450057983
YML124C,YNL212W,0,-0.9285055,0.10361333936452866,0.6703296899795532,0.5805580615997314
YKL120W,YNL222W,0,-0.92854637,0.10359734296798706,0.6703296899795532,0.5806580781936646
YLR318W,YGR162W,0,-0.92881143,0.10358135402202606,0.6703296899795532,0.5807580947875977
YPR121W,YMR273C,0,-0.92884755,0.10356536507606506,0.6703296899795532,0.5808581113815308
YDL127W,YOR355W,0,-0.9289623,0.10354938358068466,0.6703296899795532,0.5809580683708191
YBL006C,YKL205W,0,-0.92901427,0.10353340208530426,0.6703296899795532,0.5810580849647522
YGL156W,YGR287C,1,-0.92929244,0.10367170721292496,0.6713286638259888,0.5810580849647522
YGL136C,YGR278W,0,-0.9295456,0.10365571826696396,0.6713286638259888,0.5811581015586853
YNL230C,YNL307C,0,-0.92979753,0.10363972932100296,0.6713286638259888,0.5812581181526184
YOR375C,YDR510W,0,-0.9298014,0.10362374782562256,0.6713286638259888,0.5813581347465515
YJL153C,YNL044W,0,-0.92984724,0.10360777378082275,0.6713286638259888,0.5814581513404846
YDR293C,YPR009W,0,-0.9300015,0.10359179973602295,0.6713286638259888,0.5815581679344177
YDL021W,YLR099C,0,-0.93004686,0.10357583314180374,0.6713286638259888,0.5816581845283508
YFR041C,YDR229W,0,-0.9303777,0.10355987399816513,0.6713286638259888,0.5817582011222839
YDR159W,YGL084C,0,-0.9304835,0.10354391485452652,0.6713286638259888,0.5818581581115723
YOL120C,YPL108W,0,-0.93051744,0.1035279631614685,0.6713286638259888,0.5819581747055054
YGL156W,YLR144C,1,-0.93053615,0.10366605222225189,0.6723276972770691,0.5819581747055054
YLL011W,YKL203C,0,-0.9307834,0.10365008562803268,0.6723276972770691,0.5820581912994385
YLL022C,YCR042C,0,-0.9308239,0.10363412648439407,0.6723276972770691,0.5821582078933716
YKL184W,YBL067C,0,-0.93095803,0.10361816734075546,0.6723276972770691,0.5822582244873047
YGR282C,YLR423C,0,-0.93097544,0.10360221564769745,0.6723276972770691,0.5823582410812378
YDL142C,YMR134W,0,-0.93101454,0.10358627140522003,0.6723276972770691,0.5824582576751709
YEL038W,YIL145C,0,-0.9310404,0.10357032716274261,0.6723276972770691,0.582558274269104
YDL156W,YER089C,0,-0.9311328,0.1035543903708458,0.6723276972770691,0.5826582908630371
YNR063W,YPR162C,0,-0.93120587,0.10353846102952957,0.6723276972770691,0.5827582478523254
YOL137W,YJR040W,0,-0.9313097,0.10352253168821335,0.6723276972770691,0.5828582644462585
YPL038W,YPL074W,0,-0.93132794,0.10350660979747772,0.6723276972770691,0.5829582810401917
YNL312W,YGL029W,0,-0.931404,0.10349069535732269,0.6723276972770691,0.5830582976341248
YHL016C,YCR030C,0,-0.9314913,0.10347478836774826,0.6723276972770691,0.5831583142280579
YGR098C,YOR228C,0,-0.9315374,0.10345888137817383,0.6723276972770691,0.583258330821991
YMR264W,YER053C,0,-0.9316453,0.1034429743885994,0.6723276972770691,0.5833583474159241
YDR454C,YPL172C,0,-0.931773,0.10342707484960556,0.6723276972770691,0.5834583640098572
YLR262C,YDR101C,0,-0.9318435,0.10341118276119232,0.6723276972770691,0.5835583806037903
YPR026W,YER173W,0,-0.9319892,0.10339529812335968,0.6723276972770691,0.5836583375930786
YGL216W,YNL128W,0,-0.9319985,0.10337941348552704,0.6723276972770691,0.5837583541870117
YNR054C,YMR173W,0,-0.93225044,0.103363536298275,0.6723276972770691,0.5838583707809448
YGL216W,YOR313C,0,-0.9325381,0.10334766656160355,0.6723276972770691,0.5839583873748779
YLR103C,YHR105W,0,-0.9325912,0.1033317968249321,0.6723276972770691,0.584058403968811
YDR454C,YJL074C,0,-0.93260306,0.10331593453884125,0.6723276972770691,0.5841584205627441
YDL059C,YGL121C,0,-0.9326062,0.103300079703331,0.6723276972770691,0.5842584371566772
YPL129W,YHR183W,0,-0.9326799,0.10328422486782074,0.6723276972770691,0.5843584537506104
YOR030W,YGR072W,0,-0.9327979,0.10326837748289108,0.6723276972770691,0.5844584703445435
YOR178C,YMR171C,0,-0.9329883,0.10325253009796143,0.6723276972770691,0.5845584273338318
YPL172C,YGR121C,0,-0.9330323,0.10323669016361237,0.6723276972770691,0.5846584439277649
YLR364W,YJL025W,0,-0.933204,0.1032208576798439,0.6723276972770691,0.584758460521698
YNL009W,YIR013C,0,-0.9332425,0.10320503264665604,0.6723276972770691,0.5848584771156311
YDL060W,YOL067C,0,-0.9333402,0.10318920761346817,0.6723276972770691,0.5849584937095642
YCR020W-B,YKR030W,0,-0.93345773,0.1031733900308609,0.6723276972770691,0.5850585103034973
YOL145C,YMR008C,0,-0.9336089,0.10315757244825363,0.6723276972770691,0.5851585268974304
YLR447C,YFR003C,0,-0.93361396,0.10314176231622696,0.6723276972770691,0.5852585434913635
YMR036C,YKR035W-A,0,-0.93379784,0.10312595963478088,0.6723276972770691,0.5853585600852966
YPR164W,YJL134W,0,-0.9338641,0.10311015695333481,0.6723276972770691,0.585458517074585
YIR017C,YBL004W,0,-0.9339096,0.10309436172246933,0.6723276972770691,0.5855585336685181
YBR289W,YKL184W,0,-0.9342365,0.10307857394218445,0.6723276972770691,0.5856585502624512
YMR263W,YNL146W,0,-0.9343499,0.10306278616189957,0.6723276972770691,0.5857585668563843
YLR071C,YHL018W,0,-0.93443036,0.10304700583219528,0.6723276972770691,0.5858585834503174
YLR142W,YER026C,0,-0.93452394,0.1030312329530716,0.6723276972770691,0.5859586000442505
YJR010W,YDR297W,0,-0.93455195,0.1030154600739479,0.6723276972770691,0.5860586166381836
YCL010C,YMR308C,0,-0.934721,0.10299969464540482,0.6723276972770691,0.5861586332321167
YNL047C,YNL115C,0,-0.93474734,0.10298392921686172,0.6723276972770691,0.5862586498260498
YKL109W,YLR306W,0,-0.9348334,0.10296817868947983,0.6723276972770691,0.5863586068153381
YLL005C,YOR256C,0,-0.93483746,0.10295242816209793,0.6723276972770691,0.5864586234092712
YGL133W,YPL089C,0,-0.9348784,0.10293667763471603,0.6723276972770691,0.5865586400032043
YGR198W,YNR012W,0,-0.9349091,0.10292093455791473,0.6723276972770691,0.5866586565971375
YDR146C,YKL210W,0,-0.9349856,0.10290519893169403,0.6723276972770691,0.5867586731910706
YMR054W,YBR183W,0,-0.9350057,0.10288946330547333,0.6723276972770691,0.5868586897850037
YDL007W,YDR418W,0,-0.9350383,0.10287374258041382,0.6723276972770691,0.5869587063789368
YNL049C,YNR040W,0,-0.9351096,0.10285801440477371,0.6723276972770691,0.5870587229728699
YBL028C,YOR382W,0,-0.9355831,0.1028423011302948,0.6723276972770691,0.587158739566803
YKL088W,YNR007C,0,-0.935587,0.10282658785581589,0.6723276972770691,0.5872586965560913
YMR171C,YLL039C,0,-0.9356192,0.10281087458133698,0.6723276972770691,0.5873587131500244
YGR241C,YBL002W,0,-0.9356868,0.10279517620801926,0.6723276972770691,0.5874587297439575
YDR531W,YDL060W,0,-0.935701,0.10277947783470154,0.6723276972770691,0.5875587463378906
YDR074W,YLR395C,0,-0.9357544,0.10276377946138382,0.6723276972770691,0.5876587629318237
YMR146C,YGR033C,0,-0.93578726,0.1027480885386467,0.6723276972770691,0.5877587795257568
YMR017W,YDL156W,0,-0.93587494,0.10273240506649017,0.6723276972770691,0.5878587961196899
YGL206C,YDR304C,0,-0.9361089,0.10271672904491425,0.6723276972770691,0.587958812713623
YPL085W,YMR250W,0,-0.9363347,0.10270105302333832,0.6723276972770691,0.5880588293075562
YPR041W,YAL014C,0,-0.93638515,0.10268538445234299,0.6723276972770691,0.5881587862968445
YCR004C,YJL124C,0,-0.9365237,0.10266971588134766,0.6723276972770691,0.5882588028907776
YPL089C,YIL072W,0,-0.93654734,0.10265405476093292,0.6723276972770691,0.5883588194847107
YKL160W,YDR107C,0,-0.9366632,0.10263840109109879,0.6723276972770691,0.5884588360786438
YPL078C,YPL003W,0,-0.93669486,0.10262274742126465,0.6723276972770691,0.5885588526725769
YGR034W,YKL046C,0,-0.9367264,0.10260710120201111,0.6723276972770691,0.58865886926651
YNL335W,YKL161C,0,-0.93672836,0.10259146243333817,0.6723276972770691,0.5887588858604431
YDR415C,YHR216W,0,-0.936738,0.10257582366466522,0.6723276972770691,0.5888589024543762
YGR289C,YNL310C,0,-0.9367955,0.10256019234657288,0.6723276972770691,0.5889589190483093
YDR470C,YOR338W,0,-0.9369223,0.10254456847906113,0.6723276972770691,0.5890589356422424
YJL204C,YDR405W,0,-0.9371025,0.10252894461154938,0.6723276972770691,0.5891588926315308
YKL022C,YOR070C,0,-0.9371612,0.10251332819461823,0.6723276972770691,0.5892589092254639
YHL044W,YJL178C,0,-0.9372238,0.10249771922826767,0.6723276972770691,0.589358925819397
YPL256C,YLR336C,0,-0.93737924,0.10248211026191711,0.6723276972770691,0.5894589424133301
YPL204W,YNL339C,0,-0.93745244,0.10246650129556656,0.6723276972770691,0.5895589590072632
YMR168C,YDR142C,0,-0.9375018,0.1024509072303772,0.6723276972770691,0.5896589756011963
YDL120W,YDL114W,0,-0.9375142,0.10243531316518784,0.6723276972770691,0.5897589921951294
YPL152W,YIR015W,0,-0.93752277,0.10241972655057907,0.6723276972770691,0.5898590087890625
YLR024C,YMR301C,0,-0.9377699,0.1024041399359703,0.6723276972770691,0.5899590253829956
YNL064C,YBR195C,0,-0.9379041,0.10238856077194214,0.6723276972770691,0.5900589823722839
YLR182W,YER165W,0,-0.93791187,0.10237298160791397,0.6723276972770691,0.590158998966217
YOR074C,YPR122W,0,-0.93794143,0.102357417345047,0.6723276972770691,0.5902590155601501
YLL045C,YGL168W,0,-0.93825924,0.10234184563159943,0.6723276972770691,0.5903590321540833
YPR020W,YHL027W,0,-0.9382983,0.10232628881931305,0.6723276972770691,0.5904590487480164
YOL155C,YBR229C,1,-0.9382988,0.1024627536535263,0.6733266711235046,0.5904590487480164
YGL175C,YKR071C,0,-0.93833256,0.10244718194007874,0.6733266711235046,0.5905590653419495
YLR369W,YNL127W,0,-0.93851423,0.10243161022663116,0.6733266711235046,0.5906590819358826
YNL106C,YMR166C,0,-0.9385468,0.10241604596376419,0.6733266711235046,0.5907590985298157
YPR043W,YER022W,0,-0.93899894,0.10240048915147781,0.6733266711235046,0.5908591151237488
YDR404C,YCL008C,0,-0.93913686,0.10238493233919144,0.6733266711235046,0.5909590721130371
YDL067C,YKR018C,0,-0.9393538,0.10236938297748566,0.6733266711235046,0.5910590887069702
YHR045W,YPR098C,0,-0.9395143,0.10235383361577988,0.6733266711235046,0.5911591053009033
YOR384W,YBL102W,0,-0.93965524,0.1023382917046547,0.6733266711235046,0.5912591218948364
YNL258C,YER058W,0,-0.93973315,0.10232275724411011,0.6733266711235046,0.5913591384887695
YIL158W,YOL013C,0,-0.93982303,0.10230722278356552,0.6733266711235046,0.5914591550827026
YNL026W,YKL078W,0,-0.9398867,0.10229169577360153,0.6733266711235046,0.5915591716766357
YKR057W,YLL019C,0,-0.93988854,0.10227617621421814,0.6733266711235046,0.5916591882705688
YDR337W,YAL040C,0,-0.9399783,0.10226065665483475,0.6733266711235046,0.591759204864502
YCR020W-B,YJR107W,0,-0.93998885,0.10224514454603195,0.6733266711235046,0.5918591618537903
YKL168C,YKL082C,0,-0.9399991,0.10222963988780975,0.6733266711235046,0.5919591784477234
YPR159W,YJR153W,1,-0.94025886,0.10236578434705734,0.6743256449699402,0.5919591784477234
YPL089C,YDR418W,0,-0.9403864,0.10235026478767395,0.6743256449699402,0.5920591950416565
YDL004W,YOR219C,0,-0.9404411,0.10233474522829056,0.6743256449699402,0.5921592116355896
YDR090C,YKL055C,0,-0.9405401,0.10231923311948776,0.6743256449699402,0.5922592282295227
YPR159W,YLR300W,1,-0.940607,0.10245528817176819,0.6753246784210205,0.5922592282295227
YHL018W,YMR083W,0,-0.9408318,0.1024397611618042,0.6753246784210205,0.5923592448234558
YPR005C,YIL010W,0,-0.9408852,0.1024242416024208,0.6753246784210205,0.5924592614173889
YOL057W,YDR156W,0,-0.9409838,0.10240872949361801,0.6753246784210205,0.592559278011322
YOR374W,YLR147C,0,-0.9410948,0.10239321738481522,0.6753246784210205,0.5926592946052551
YNL219C,YKR026C,0,-0.94113714,0.10237770527601242,0.6753246784210205,0.5927592515945435
YOR274W,YCR046C,0,-0.9411687,0.10236220806837082,0.6753246784210205,0.5928592681884766
YMR150C,YMR208W,0,-0.9412327,0.10234670341014862,0.6753246784210205,0.5929592847824097
YGR163W,YML032C,0,-0.9412751,0.10233121365308762,0.6753246784210205,0.5930593013763428
YIL113W,YKL213C,0,-0.94150054,0.10231572389602661,0.6753246784210205,0.5931593179702759
YHR196W,YGR133W,0,-0.9416127,0.1023002415895462,0.6753246784210205,0.593259334564209
YPR184W,YOL043C,1,-0.94174564,0.10243607312440872,0.676323652267456,0.593259334564209
YGR287C,YIR007W,1,-0.9418115,0.10257185995578766,0.6773226857185364,0.593259334564209
YJL190C,YNL082W,0,-0.94193584,0.10255634784698486,0.6773226857185364,0.5933593511581421
YDL231C,YJL019W,0,-0.9420017,0.10254083573818207,0.6773226857185364,0.5934593677520752
YPL042C,YHR206W,0,-0.94222254,0.10252533107995987,0.6773226857185364,0.5935593843460083
YCR026C,YDR541C,0,-0.94223624,0.10250982642173767,0.6773226857185364,0.5936593413352966
YIL162W,YGR287C,1,-0.9423281,0.10264550149440765,0.6783216595649719,0.5936593413352966
YKR059W,YDR497C,0,-0.94249076,0.10262998938560486,0.6783216595649719,0.5937593579292297
YMR008C,YPR132W,0,-0.9426407,0.10261447727680206,0.6783216595649719,0.5938593745231628
YMR109W,YMR221C,0,-0.9431024,0.10259897261857986,0.6783216595649719,0.593959391117096
YHL019C,YGR047C,0,-0.94312525,0.10258347541093826,0.6783216595649719,0.594059407711029
YJR153W,YGL028C,1,-0.94326353,0.1027190312743187,0.6793206930160522,0.594059407711029
YER068W,YIL042C,0,-0.9433461,0.1027035191655159,0.6793206930160522,0.5941594243049622
YGL027C,YIR007W,1,-0.94383836,0.10283902287483215,0.6803196668624878,0.5941594243049622
YIL097W,YDR390C,0,-0.94409484,0.10282349586486816,0.6803196668624878,0.5942594408988953
YKR039W,YGL009C,0,-0.94411564,0.10280796885490417,0.6803196668624878,0.5943594574928284
YCR039C,YOL094C,0,-0.9441693,0.10279244929552078,0.6803196668624878,0.5944594740867615
YNR039C,YNL147W,0,-0.9442174,0.10277693718671799,0.6803196668624878,0.5945594310760498
YGR279C,YOL043C,1,-0.94427115,0.10291232913732529,0.6813187003135681,0.5945594310760498
YGL013C,YBR084C-A,0,-0.9443204,0.1028968021273613,0.6813187003135681,0.5946594476699829
YBL057C,YGR108W,0,-0.9446801,0.1028812825679779,0.6813187003135681,0.594759464263916
YKL176C,YNL208W,0,-0.9446889,0.10286576300859451,0.6813187003135681,0.5948594808578491
YDR138W,YNR072W,0,-0.94483626,0.10285025089979172,0.6813187003135681,0.5949594974517822
YIL065C,YNL058C,0,-0.94496775,0.10283473879098892,0.6813187003135681,0.5950595140457153
YPR171W,YOR217W,0,-0.94503194,0.10281923413276672,0.6813187003135681,0.5951595306396484
YIL051C,YML069W,0,-0.94503224,0.10280373692512512,0.6813187003135681,0.5952595472335815
YPR049C,YLR201C,0,-0.94506663,0.10278824716806412,0.6813187003135681,0.5953595638275146
YMR023C,YLR096W,0,-0.94508535,0.10277275741100311,0.6813187003135681,0.595459520816803
YLR228C,YMR137C,0,-0.94511163,0.10275726765394211,0.6813187003135681,0.5955595374107361
YPL187W,YHR050W,0,-0.9452112,0.1027417927980423,0.6813187003135681,0.5956595540046692
YAL031C,YBR150C,0,-0.94523346,0.10272631049156189,0.6813187003135681,0.5957595705986023
YPR075C,YIL158W,0,-0.9452808,0.10271084308624268,0.6813187003135681,0.5958595871925354
YNL229C,YMR104C,0,-0.94528586,0.10269537568092346,0.6813187003135681,0.5959596037864685
YML070W,YOR215C,0,-0.94548213,0.10267991572618484,0.6813187003135681,0.5960596203804016
YDL137W,YMR204C,0,-0.9454955,0.10266445577144623,0.6813187003135681,0.5961596369743347
YJL073W,YOL088C,0,-0.94559336,0.10264900326728821,0.6813187003135681,0.5962596535682678
YJR028W,YDL047W,0,-0.9456295,0.10263355821371078,0.6813187003135681,0.5963596105575562
YPL032C,YDR166C,0,-0.94572103,0.10261811316013336,0.6813187003135681,0.5964596271514893
YNL257C,YCL045C,0,-0.945776,0.10260267555713654,0.6813187003135681,0.5965596437454224
YPR006C,YIL126W,0,-0.94585747,0.1025872454047203,0.6813187003135681,0.5966596603393555
YBR251W,YJL004C,0,-0.9458746,0.10257181525230408,0.6813187003135681,0.5967596769332886
YEL052W,YNL192W,0,-0.94588685,0.10255639255046844,0.6813187003135681,0.5968596935272217
YOR190W,YGR274C,0,-0.945939,0.10254096984863281,0.6813187003135681,0.5969597101211548
YDR195W,YHR132C,0,-0.9460205,0.10252555459737778,0.6813187003135681,0.5970597267150879
YOR130C,YOL157C,0,-0.9462029,0.10251014679670334,0.6813187003135681,0.597159743309021
YCR079W,YKL173W,0,-0.9462266,0.1024947389960289,0.6813187003135681,0.5972597002983093
YPL081W,YPR018W,0,-0.94654274,0.10247933864593506,0.6813187003135681,0.5973597168922424
YER140W,YDR153C,0,-0.94670606,0.10246394574642181,0.6813187003135681,0.5974597334861755
YNL314W,YDR483W,0,-0.9468334,0.10244855284690857,0.6813187003135681,0.5975597500801086
YER142C,YEL011W,1,-0.94687057,0.10258335620164871,0.6823176741600037,0.5975597500801086
YHR045W,YKR037C,0,-0.9469232,0.10256795585155487,0.6823176741600037,0.5976597666740417
YDR211W,YPL240C,0,-0.947074,0.10255255550146103,0.6823176741600037,0.5977597832679749
YHR214C-B,YIR022W,0,-0.94712955,0.10253715515136719,0.6823176741600037,0.597859799861908
YBR299W,YGL156W,1,-0.9471561,0.10267186909914017,0.683316707611084,0.597859799861908
YGR284C,YNL207W,0,-0.9471625,0.10265646129846573,0.683316707611084,0.5979598164558411
YHR160C,YPL181W,0,-0.9472638,0.10264105349779129,0.683316707611084,0.5980598330497742
YBR095C,YDR408C,0,-0.94736874,0.10262565314769745,0.683316707611084,0.5981597900390625
YDR531W,YBR057C,0,-0.94756854,0.1026102602481842,0.683316707611084,0.5982598066329956
YJL144W,YHR008C,0,-0.947582,0.10259486734867096,0.683316707611084,0.5983598232269287
YCR069W,YNL222W,0,-0.9476568,0.10257948189973831,0.683316707611084,0.5984598398208618
YBL088C,YER157W,0,-0.9476651,0.10256410390138626,0.683316707611084,0.5985598564147949
YKL034W,YDR368W,0,-0.9477369,0.10254872590303421,0.683316707611084,0.598659873008728
YMR047C,YML009C,0,-0.9479295,0.10253335535526276,0.683316707611084,0.5987598896026611
YJL136C,YNL093W,0,-0.9480583,0.1025179848074913,0.683316707611084,0.5988599061965942
YKR092C,YOR269W,0,-0.9480915,0.10250262171030045,0.683316707611084,0.5989599227905273
YLL022C,YDR050C,0,-0.94816315,0.10248726606369019,0.683316707611084,0.5990598797798157
YJR107W,YMR043W,0,-0.9482305,0.10247191041707993,0.683316707611084,0.5991598963737488
YDR065W,YGR185C,0,-0.9482426,0.10245656222105026,0.683316707611084,0.5992599129676819
YGL120C,YOR003W,0,-0.9482999,0.1024412140250206,0.683316707611084,0.599359929561615
YBR055C,YHR060W,0,-0.94831717,0.10242587327957153,0.683316707611084,0.5994599461555481
YDR198C,YOR205C,0,-0.948531,0.10241053998470306,0.683316707611084,0.5995599627494812
YMR201C,YLR312W-A,0,-0.948632,0.1023952066898346,0.683316707611084,0.5996599793434143
YLR110C,YOL140W,0,-0.9487511,0.10237988084554672,0.683316707611084,0.5997599959373474
YJL125C,YGL002W,0,-0.94877434,0.10236456245183945,0.683316707611084,0.5998600125312805
YGR209C,YBR236C,0,-0.94882154,0.10234924405813217,0.683316707611084,0.5999599695205688
YGL222C,YPR192W,0,-0.9489423,0.1023339331150055,0.683316707611084,0.600059986114502
YDR221W,YHR204W,1,-0.94898355,0.10246821492910385,0.6843156814575195,0.600059986114502
YBR229C,YLR300W,1,-0.94916564,0.10260245203971863,0.6853147149085999,0.600059986114502
YGR188C,YNL267W,0,-0.9494239,0.10258711129426956,0.6853147149085999,0.6001600027084351
YDL059C,YPL252C,0,-0.9494482,0.1025717705488205,0.6853147149085999,0.6002600193023682
YJR158W,YDR118W,0,-0.9495741,0.10255643725395203,0.6853147149085999,0.6003600358963013
YDR501W,YKL143W,0,-0.9496143,0.10254110395908356,0.6853147149085999,0.6004600524902344
YOR244W,YLL036C,0,-0.9496547,0.10252577811479568,0.6853147149085999,0.6005600690841675
YPL042C,YKL130C,0,-0.9496768,0.10251045972108841,0.6853147149085999,0.6006600856781006
YPL011C,YGL254W,0,-0.9496871,0.10249514132738113,0.6853147149085999,0.6007601022720337
YBR276C,YBL004W,0,-0.95002663,0.10247983038425446,0.6853147149085999,0.600860059261322
YGL259W,YPL208W,0,-0.9501668,0.10246452689170837,0.6853147149085999,0.6009600758552551
YHR052W,YMR116C,0,-0.9501772,0.10244922339916229,0.6853147149085999,0.6010600924491882
YGR206W,YML118W,0,-0.9505614,0.10243392735719681,0.6853147149085999,0.6011601090431213
YGL028C,YLR057W,1,-0.9506538,0.10256793349981308,0.6863136887550354,0.6011601090431213
YAL053W,YOL142W,0,-0.95076394,0.1025526225566864,0.6863136887550354,0.6012601256370544
YGR279C,YDL108W,0,-0.950925,0.10253731161355972,0.6863136887550354,0.6013601422309875
YGL017W,YPR192W,0,-0.9511162,0.10252200812101364,0.6863136887550354,0.6014601588249207
YOR145C,YPR103W,0,-0.95113516,0.10250671207904816,0.6863136887550354,0.6015601754188538
YDR410C,YNL267W,0,-0.9513497,0.10249142348766327,0.6863136887550354,0.6016601920127869
YMR223W,YIL121W,0,-0.9514276,0.10247613489627838,0.6863136887550354,0.6017601490020752
YEL017C-A,YOR312C,0,-0.95146614,0.10246085375547409,0.6863136887550354,0.6018601655960083
YLR265C,YIL110W,0,-0.95152915,0.1024455726146698,0.6863136887550354,0.6019601821899414
YMR197C,YAL047C,0,-0.9517877,0.1024302989244461,0.6863136887550354,0.6020601987838745
YDR221W,YPR184W,1,-0.9517976,0.10256410390138626,0.687312662601471,0.6020601987838745
YEL002C,YGR058W,0,-0.9518661,0.10254881531000137,0.687312662601471,0.6021602153778076
YLL050C,YDL191W,0,-0.9520961,0.10253353416919708,0.687312662601471,0.6022602319717407
YKL146W,YJL143W,0,-0.95210266,0.10251825302839279,0.687312662601471,0.6023602485656738
YPR047W,YOR211C,0,-0.95211214,0.1025029793381691,0.687312662601471,0.6024602651596069
YNL009W,YHR030C,0,-0.9522667,0.102487713098526,0.687312662601471,0.60256028175354
YJR076C,YLR073C,0,-0.9523382,0.1024724468588829,0.687312662601471,0.6026602387428284
YGR035C,YBR243C,0,-0.9525254,0.1024571880698204,0.687312662601471,0.6027602553367615
YBR214W,YMR293C,0,-0.95260894,0.1024419292807579,0.687312662601471,0.6028602719306946
YPL241C,YBL103C,0,-0.95263183,0.102426677942276,0.687312662601471,0.6029602885246277
YIL099W,YNR067C,1,-0.95263845,0.10256028920412064,0.6883116960525513,0.6029602885246277
YJR025C,YOL086C,0,-0.9526601,0.10254502296447754,0.6883116960525513,0.6030603051185608
YHR069C,YJR058C,0,-0.95266634,0.10252976417541504,0.6883116960525513,0.6031603217124939
YBR230C,YMR227C,0,-0.95269334,0.10251450538635254,0.6883116960525513,0.603260338306427
YDL193W,YOR028C,0,-0.95270073,0.10249925404787064,0.6883116960525513,0.6033603549003601
YMR305C,YKL046C,1,-0.95278794,0.10263275355100632,0.6893106698989868,0.6033603549003601
YPR022C,YDL143W,0,-0.95284367,0.10261748731136322,0.6893106698989868,0.6034603714942932
YOR179C,YIL112W,0,-0.95294476,0.10260222852230072,0.6893106698989868,0.6035603284835815
YER169W,YBL017C,0,-0.9531596,0.10258697718381882,0.6893106698989868,0.6036603450775146
YDR368W,YDR151C,0,-0.9531895,0.10257172584533691,0.6893106698989868,0.6037603616714478
YDR270W,YER082C,0,-0.95320046,0.10255648195743561,0.6893106698989868,0.6038603782653809
YBR291C,YDL058W,0,-0.95320475,0.1025412380695343,0.6893106698989868,0.603960394859314
YNL021W,YNL096C,0,-0.95341957,0.10252600163221359,0.6893106698989868,0.6040604114532471
YKL203C,YPL088W,0,-0.9534658,0.10251077264547348,0.6893106698989868,0.6041604280471802
YDL077C,YBL102W,0,-0.95350295,0.10249554365873337,0.6893106698989868,0.6042604446411133
YIL051C,YHR207C,0,-0.9535859,0.10248032212257385,0.6893106698989868,0.6043604612350464
YDR362C,YDR425W,0,-0.95366025,0.10246510058641434,0.6893106698989868,0.6044604182243347
YDL146W,YMR032W,0,-0.9540723,0.10244988650083542,0.6893106698989868,0.6045604348182678
YKL103C,YDL083C,0,-0.9540992,0.1024346798658371,0.6893106698989868,0.6046604514122009
YPR004C,YNL225C,0,-0.95410824,0.10241947323083878,0.6893106698989868,0.604760468006134
YER029C,YCR008W,0,-0.954244,0.10240427404642105,0.6893106698989868,0.6048604846000671
YJL071W,YJL204C,0,-0.95427096,0.10238907486200333,0.6893106698989868,0.6049605011940002
YOR369C,YAL043C,0,-0.9542738,0.1023738905787468,0.6893106698989868,0.6050605177879333
YNL070W,YJL102W,0,-0.95434,0.10235869884490967,0.6893106698989868,0.6051605343818665
YBR298C,YMR273C,0,-0.95435464,0.10234351456165314,0.6893106698989868,0.6052605509757996
YPL022W,YJR021C,0,-0.9546259,0.1023283377289772,0.6893106698989868,0.6053605079650879
YLR151C,YGL077C,0,-0.9546647,0.10231316834688187,0.6893106698989868,0.605460524559021
YER142C,YLR144C,1,-0.9546813,0.10244625806808472,0.6903097033500671,0.605460524559021
YGR288W,YMR288W,0,-0.954789,0.10243107378482819,0.6903097033500671,0.6055605411529541
YGR279C,YGL027C,1,-0.95489156,0.10256410390138626,0.6913086771965027,0.6055605411529541
YMR314W,YHR086W,0,-0.9549072,0.10254890471696854,0.6913086771965027,0.6056605577468872
YAL015C,YOL155C,1,-0.95533943,0.10268187522888184,0.692307710647583,0.6056605577468872
YML073C,YKL059C,0,-0.95535517,0.10266666859388351,0.692307710647583,0.6057605743408203
YKL157W,YOR149C,0,-0.9555475,0.10265146195888519,0.692307710647583,0.6058605909347534
YDR093W,YLL035W,0,-0.95561904,0.10263625532388687,0.692307710647583,0.6059606075286865
YDR316W,YML060W,0,-0.95570594,0.10262105613946915,0.692307710647583,0.6060606241226196
YPL005W,YDR050C,0,-0.9558083,0.10260586440563202,0.692307710647583,0.6061606407165527
YMR005W,YER008C,0,-0.9558128,0.10259067267179489,0.692307710647583,0.6062605977058411
YDR141C,YPR162C,0,-0.9558195,0.10257548838853836,0.692307710647583,0.6063606142997742
YOL109W,YPL059W,0,-0.95597625,0.10256030410528183,0.692307710647583,0.6064606308937073
YNL210W,YKL018W,0,-0.95604104,0.10254513472318649,0.692307710647583,0.6065606474876404
YOL018C,YBR039W,0,-0.95613486,0.10252995789051056,0.692307710647583,0.6066606640815735
YLL027W,YOL147C,0,-0.95621306,0.10251479595899582,0.692307710647583,0.6067606806755066
YGR279C,YNL327W,1,-0.95632374,0.10264753550291061,0.6933066844940186,0.6067606806755066
YGR140W,YIR013C,0,-0.95641494,0.10263235867023468,0.6933066844940186,0.6068606972694397
YKR102W,YML008C,0,-0.95649177,0.10261718183755875,0.6933066844940186,0.6069607138633728
YFR046C,YGR183C,0,-0.95651615,0.10260201245546341,0.6933066844940186,0.6070607304573059
YFL024C,YKL148C,0,-0.95658106,0.10258684307336807,0.6933066844940186,0.6071606874465942
YMR019W,YGL022W,0,-0.95666885,0.10257168114185333,0.6933066844940186,0.6072607040405273
YKL190W,YLR048W,0,-0.95679504,0.10255652666091919,0.6933066844940186,0.6073607206344604
YDR221W,YGR282C,1,-0.95700455,0.10268912464380264,0.6943057179450989,0.6073607206344604
YHR043C,YNL185C,0,-0.9570161,0.1026739552617073,0.6943057179450989,0.6074607372283936
YML038C,YKL010C,0,-0.95708615,0.10265878587961197,0.6943057179450989,0.6075607538223267
YHL009C,YJL134W,0,-0.9571227,0.10264362394809723,0.6943057179450989,0.6076607704162598
YOR077W,YPR075C,0,-0.95716923,0.10262846946716309,0.6943057179450989,0.6077607870101929
YAR050W,YPL212C,0,-0.95719916,0.10261331498622894,0.6943057179450989,0.607860803604126
YBR022W,YNL202W,0,-0.9574215,0.1025981679558754,0.6943057179450989,0.6079608201980591
YDR540C,YLR032W,0,-0.9574983,0.10258302837610245,0.6943057179450989,0.6080607771873474
YML104C,YMR032W,0,-0.95753884,0.1025678887963295,0.6943057179450989,0.6081607937812805
YMR004W,YLR155C,0,-0.9577341,0.10255274921655655,0.6943057179450989,0.6082608103752136
YER138C,YNL248C,0,-0.9577577,0.1025376245379448,0.6943057179450989,0.6083608269691467
YBL098W,YPR166C,0,-0.9578688,0.10252249240875244,0.6943057179450989,0.6084608435630798
YLR362W,YER065C,0,-0.95787597,0.10250737518072128,0.6943057179450989,0.6085608601570129
YNL121C,YNL110C,0,-0.9578928,0.10249225795269012,0.6943057179450989,0.608660876750946
YDR177W,YOL039W,0,-0.95794225,0.10247714817523956,0.6943057179450989,0.6087608933448792
YMR180C,YGL250W,0,-0.9580412,0.102462038397789,0.6943057179450989,0.6088609099388123
YDR408C,YOR201C,0,-0.9580815,0.10244693607091904,0.6943057179450989,0.6089608669281006
YBR264C,YNR007C,0,-0.9581066,0.10243183374404907,0.6943057179450989,0.6090608835220337
YPL048W,YIL042C,0,-0.9581242,0.1024167388677597,0.6943057179450989,0.6091609001159668
YMR173W,YER017C,0,-0.9582182,0.10240165144205093,0.6943057179450989,0.6092609167098999
YOL123W,YML126C,0,-0.9583111,0.10238656401634216,0.6943057179450989,0.609360933303833
YAL022C,YKL059C,0,-0.958707,0.10237148404121399,0.6943057179450989,0.6094609498977661
YJL095W,YLL054C,0,-0.9587988,0.10235640406608582,0.6943057179450989,0.6095609664916992
YGR183C,YER025W,0,-0.9588327,0.10234133154153824,0.6943057179450989,0.6096609830856323
YML036W,YKL113C,0,-0.95887357,0.10232626646757126,0.6943057179450989,0.6097609996795654
YPL055C,YOL026C,0,-0.9588951,0.10231120139360428,0.6943057179450989,0.6098609566688538
YPL083C,YGL002W,0,-0.95889616,0.1022961437702179,0.6943057179450989,0.6099609732627869
YER068W,YHR050W,0,-0.9590119,0.10228108614683151,0.6943057179450989,0.61006098985672
YMR090W,YCR042C,0,-0.95902014,0.10226603597402573,0.6943057179450989,0.6101610064506531
YHR045W,YOR126C,0,-0.95921504,0.10225099325180054,0.6943057179450989,0.6102610230445862
YMR268C,YGR125W,0,-0.95941323,0.10223595052957535,0.6943057179450989,0.6103610396385193
YFL022C,YNL245C,0,-0.9594548,0.10222091525793076,0.6943057179450989,0.6104610562324524
YOL043C,YLL005C,0,-0.9595847,0.10220587998628616,0.6943057179450989,0.6105610728263855
YKL152C,YJL102W,0,-0.95965546,0.10219085216522217,0.6943057179450989,0.6106610894203186
YDR450W,YJR031C,0,-0.9596902,0.10217583179473877,0.6943057179450989,0.6107610464096069
YGR172C,YDR115W,0,-0.95971805,0.10216081142425537,0.6943057179450989,0.61086106300354
YOL071W,YIR010W,0,-0.9597753,0.10214579850435257,0.6943057179450989,0.6109610795974731
YDR314C,YOR368W,0,-0.9598867,0.10213078558444977,0.6943057179450989,0.6110610961914062
YGL223C,YNL275W,0,-0.9600832,0.10211578011512756,0.6943057179450989,0.6111611127853394
YOR360C,YPL143W,0,-0.9601841,0.10210078209638596,0.6943057179450989,0.6112611293792725
YJR127C,YOR388C,0,-0.96023107,0.10208578407764435,0.6943057179450989,0.6113611459732056
YER088C,YGR058W,0,-0.9602878,0.10207078605890274,0.6943057179450989,0.6114611625671387
YHR102W,YHR072W,0,-0.9606819,0.10205580294132233,0.6943057179450989,0.6115611791610718
YNL058C,YNL297C,0,-0.9609016,0.10204081982374191,0.6943057179450989,0.6116611957550049
YDR046C,YOL115W,0,-0.96106434,0.1020258367061615,0.6943057179450989,0.6117611527442932
YPR070W,YLR071C,0,-0.9611355,0.10201086103916168,0.6943057179450989,0.6118611693382263
YLR188W,YOR084W,0,-0.9613287,0.10199589282274246,0.6943057179450989,0.6119611859321594
YML109W,YLR208W,0,-0.9614024,0.10198092460632324,0.6943057179450989,0.6120612025260925
YHR005C-A,YDR376W,0,-0.9615305,0.10196596384048462,0.6943057179450989,0.6121612191200256
YHR050W,YDR376W,0,-0.96159387,0.101951003074646,0.6943057179450989,0.6122612357139587
YNL223W,YDR288W,0,-0.96161944,0.10193604975938797,0.6943057179450989,0.6123612523078918
YDR206W,YDL171C,0,-0.96165144,0.10192110389471054,0.6943057179450989,0.612461268901825
YLR278C,YHR181W,0,-0.9617086,0.10190615803003311,0.6943057179450989,0.6125612854957581
YOL062C,YNL293W,0,-0.9618098,0.10189121961593628,0.6943057179450989,0.6126612424850464
YJL036W,YOL028C,0,-0.96192133,0.10187628120183945,0.6943057179450989,0.6127612590789795
YDR371W,YEL011W,1,-0.9619445,0.1020079180598259,0.6953046917915344,0.6127612590789795
YNL191W,YNR021W,0,-0.9620749,0.10199296474456787,0.6953046917915344,0.6128612756729126
YPR159W,YFR033C,0,-0.96210605,0.10197801887989044,0.6953046917915344,0.6129612922668457
YMR290C,YMR319C,0,-0.96231866,0.10196308046579361,0.6953046917915344,0.6130613088607788
YBR037C,YJR078W,0,-0.96249175,0.10194814950227737,0.6953046917915344,0.6131613254547119
YDR331W,YDR248C,0,-0.96258,0.10193321853876114,0.6953046917915344,0.613261342048645
YHR061C,YDL075W,0,-0.9625993,0.1019182875752449,0.6953046917915344,0.6133613586425781
YBR074W,YER004W,0,-0.96263504,0.10190336406230927,0.6953046917915344,0.6134613752365112
YGL256W,YDR079W,0,-0.96268815,0.10188844799995422,0.6953046917915344,0.6135613322257996
YJL209W,YOR287C,0,-0.9629575,0.10187353938817978,0.6953046917915344,0.6136613488197327
YBR037C,YOR201C,0,-0.96295774,0.10185863077640533,0.6953046917915344,0.6137613654136658
YHR152W,YDL174C,0,-0.96298873,0.10184372216463089,0.6953046917915344,0.6138613820075989
YML012W,YMR305C,0,-0.96301186,0.10182882100343704,0.6953046917915344,0.613961398601532
YPR182W,YLL013C,0,-0.9630843,0.10181392729282379,0.6953046917915344,0.6140614151954651
YLR388W,YLL043W,0,-0.96333605,0.10179903358221054,0.6953046917915344,0.6141614317893982
YBR291C,YJL209W,0,-0.9634013,0.10178414732217789,0.6953046917915344,0.6142614483833313
YNL330C,YOR147W,0,-0.9635347,0.10176926106214523,0.6953046917915344,0.6143614649772644
YBR055C,YER053C,0,-0.9637408,0.10175438225269318,0.6953046917915344,0.6144614219665527
YLL027W,YMR323W,0,-0.96382546,0.10173951089382172,0.6953046917915344,0.6145614385604858
YBL069W,YIR032C,0,-0.9639219,0.10172463953495026,0.6953046917915344,0.614661455154419
YGL131C,YPL002C,0,-0.9639421,0.1017097756266594,0.6953046917915344,0.614761471748352
YGR221C,YOR284W,0,-0.9639927,0.10169491171836853,0.6953046917915344,0.6148614883422852
YMR180C,YEL020C,0,-0.96403027,0.10168005526065826,0.6953046917915344,0.6149615049362183
YBR278W,YBL106C,0,-0.9640425,0.1016652062535286,0.6953046917915344,0.6150615215301514
YNL261W,YGR194C,0,-0.9642079,0.10165035724639893,0.6953046917915344,0.6151615381240845
YLR295C,YOL062C,0,-0.96428627,0.10163551568984985,0.6953046917915344,0.6152615547180176
YDR211W,YDR503C,0,-0.9644729,0.10162067413330078,0.6953046917915344,0.6153615117073059
YMR169C,YJR022W,0,-0.96465164,0.1016058400273323,0.6953046917915344,0.615461528301239
YGR241C,YOR066W,0,-0.9646547,0.10159100592136383,0.6953046917915344,0.6155615448951721
YNL073W,YKR055W,0,-0.9648646,0.10157617926597595,0.6953046917915344,0.6156615614891052
YHR215W,YBL036C,0,-0.9648747,0.10156136006116867,0.6953046917915344,0.6157615780830383
YOR180C,YJR133W,0,-0.9650525,0.10154654085636139,0.6953046917915344,0.6158615946769714
YLR153C,YJR125C,0,-0.9651742,0.1015317291021347,0.6953046917915344,0.6159616112709045
YIL128W,YHR064C,0,-0.965219,0.10151691734790802,0.6953046917915344,0.6160616278648376
YDR221W,YOL155C,1,-0.9652899,0.10164795070886612,0.6963037252426147,0.6160616278648376
YKL218C,YKL074C,0,-0.9653362,0.10163313150405884,0.6963037252426147,0.6161616444587708
YFL029C,YJR098C,0,-0.96538615,0.10161831229925156,0.6963037252426147,0.6162616014480591
YGL255W,YLR116W,0,-0.96552604,0.10160350054502487,0.6963037252426147,0.6163616180419922
YDL208W,YFL039C,0,-0.9656238,0.10158868879079819,0.6963037252426147,0.6164616346359253
YPR171W,YGR029W,0,-0.9657065,0.1015738844871521,0.6963037252426147,0.6165616512298584
YJR112W,YER082C,0,-0.9657161,0.10155908763408661,0.6963037252426147,0.6166616678237915
YIL109C,YBL018C,0,-0.96579707,0.10154429078102112,0.6963037252426147,0.6167616844177246
YOR188W,YMR217W,0,-0.9658202,0.10152949392795563,0.6963037252426147,0.6168617010116577
YHL034C,YNR067C,0,-0.96598494,0.10151471197605133,0.6963037252426147,0.6169617176055908
YJR057W,YJR045C,0,-0.96615314,0.10149993002414703,0.6963037252426147,0.6170617341995239
YGR106C,YNL282W,0,-0.966369,0.10148514807224274,0.6963037252426147,0.6171616911888123
YFL016C,YHR168W,0,-0.9664153,0.10147037357091904,0.6963037252426147,0.6172617077827454
YOR377W,YBR021W,0,-0.9665255,0.10145560652017593,0.6963037252426147,0.6173617243766785
YDR304C,YOL086C,0,-0.9665291,0.10144083946943283,0.6963037252426147,0.6174617409706116
YOR245C,YPL283C,0,-0.96654344,0.10142607986927032,0.6963037252426147,0.6175617575645447
YNL218W,YCL024W,0,-0.966646,0.10141132026910782,0.6963037252426147,0.6176617741584778
YBR167C,YJL125C,0,-0.96689916,0.10139656811952591,0.6963037252426147,0.6177617907524109
YPL259C,YBL090W,0,-0.9669076,0.101381815969944,0.6963037252426147,0.617861807346344
YDL058W,YNL134C,0,-0.96704817,0.10136707127094269,0.6963037252426147,0.6179618239402771
YDR184C,YFR045W,0,-0.9670546,0.10135233402252197,0.6963037252426147,0.6180617809295654
YLR100W,YPR004C,0,-0.96706784,0.10133759677410126,0.6963037252426147,0.6181617975234985
YMR303C,YOR123C,0,-0.9671825,0.10132286697626114,0.6963037252426147,0.6182618141174316
YGR009C,YBL082C,0,-0.9673586,0.10130813717842102,0.6963037252426147,0.6183618307113647
YBR103W,YPR018W,0,-0.9673666,0.1012934148311615,0.6963037252426147,0.6184618473052979
YMR211W,YIL078W,0,-0.9674572,0.10127869993448257,0.6963037252426147,0.618561863899231
YHR076W,YEL016C,0,-0.9676068,0.10126398503780365,0.6963037252426147,0.6186618804931641
YDR090C,YDR266C,0,-0.9676677,0.10124927014112473,0.6963037252426147,0.6187618970870972
YNL262W,YOR142W,0,-0.9678056,0.101234570145607,0.6963037252426147,0.6188619136810303
YLR024C,YKL209C,0,-0.96786124,0.10121986269950867,0.6963037252426147,0.6189618706703186
YGR282C,YLR057W,1,-0.96791506,0.10135036706924438,0.6973026990890503,0.6189618706703186
YLR166C,YLR135W,0,-0.96792376,0.10133565962314606,0.6973026990890503,0.6190618872642517
YKL046C,YML021C,1,-0.96825176,0.101466104388237,0.6983016729354858,0.6190618872642517
YGL002W,YOL146W,0,-0.9682591,0.10145138204097748,0.6983016729354858,0.6191619038581848
YHR183W,YCL059C,0,-0.96840554,0.10143665969371796,0.6983016729354858,0.6192619204521179
YJL216C,YGL156W,1,-0.9684676,0.10156703740358353,0.6993007063865662,0.6192619204521179
YOL004W,YMR016C,0,-0.968559,0.10155230015516281,0.6993007063865662,0.619361937046051
YDL126C,YDR211W,0,-0.9685594,0.10153757035732269,0.6993007063865662,0.6194619536399841
YMR127C,YML099C,0,-0.96858644,0.10152284055948257,0.6993007063865662,0.6195619702339172
YER019W,YMR127C,0,-0.9687172,0.10150811821222305,0.6993007063865662,0.6196619868278503
YJR075W,YNL032W,0,-0.96880376,0.10149340331554413,0.6993007063865662,0.6197620034217834
YNL175C,YER138C,0,-0.9688238,0.1014786884188652,0.6993007063865662,0.6198619604110718
YBR274W,YOR332W,0,-0.9689057,0.10146398097276688,0.6993007063865662,0.6199619770050049
YHR058C,YHR089C,0,-0.969062,0.10144927352666855,0.6993007063865662,0.620061993598938
YDR294C,YBL024W,0,-0.9692224,0.10143457353115082,0.6993007063865662,0.6201620101928711
YHR109W,YIL097W,0,-0.96933305,0.10141988098621368,0.6993007063865662,0.6202620267868042
YDR499W,YOR204W,0,-0.96938056,0.10140518844127655,0.6993007063865662,0.6203620433807373
YJL157C,YOL001W,0,-0.9694388,0.10139049589633942,0.6993007063865662,0.6204620599746704
YBR288C,YDR043C,0,-0.9696462,0.10137581825256348,0.6993007063865662,0.6205620765686035
YHR171W,YGL038C,0,-0.96969604,0.10136113315820694,0.6993007063865662,0.6206620931625366
YPL101W,YML130C,0,-0.9697663,0.1013464629650116,0.6993007063865662,0.620762050151825
YOR332W,YML005W,0,-0.9698671,0.10133179277181625,0.6993007063865662,0.6208620667457581
YKL011C,YER103W,0,-0.96999776,0.10131712257862091,0.6993007063865662,0.6209620833396912
YJR010C-A,YGR191W,0,-0.9700245,0.10130245983600616,0.6993007063865662,0.6210620999336243
YOL008W,YGL125W,0,-0.9701847,0.10128780454397202,0.6993007063865662,0.6211621165275574
YLL019C,YBR253W,0,-0.9701875,0.10127314925193787,0.6993007063865662,0.6212621331214905
YLR224W,YHL018W,0,-0.9703406,0.10125850141048431,0.6993007063865662,0.6213621497154236
YJL024C,YGL180W,0,-0.97085667,0.10124385356903076,0.6993007063865662,0.6214621663093567
YGL031C,YBR234C,0,-0.9710159,0.1012292131781578,0.6993007063865662,0.6215621829032898
YLR427W,YDL166C,0,-0.9713676,0.10121457278728485,0.6993007063865662,0.6216621398925781
YEL040W,YGR292W,1,-0.9715177,0.1013445109128952,0.7002996802330017,0.6216621398925781
YHR196W,YCR048W,0,-0.971627,0.10132986307144165,0.7002996802330017,0.6217621564865112
YLR141W,YJR026W,0,-0.97164917,0.1013152226805687,0.7002996802330017,0.6218621730804443
YPR026W,YOR261C,0,-0.9716594,0.10130057483911514,0.7002996802330017,0.6219621896743774
YGR288W,YNL254C,0,-0.97215796,0.10128594189882278,0.7002996802330017,0.6220622062683105
YNR031C,YML095C,0,-0.9723353,0.10127130895853043,0.7002996802330017,0.6221622228622437
YJR065C,YER056C-A,0,-0.9723771,0.10125668346881866,0.7002996802330017,0.6222622394561768
YKR103W,YPL008W,0,-0.9724189,0.1012420579791069,0.7002996802330017,0.6223622560501099
YJR153W,YGR292W,1,-0.9724231,0.10137183964252472,0.701298713684082,0.6223622560501099
YDR400W,YLR057W,1,-0.9724523,0.10150159150362015,0.7022976875305176,0.6223622560501099
YOL124C,YCR002C,0,-0.9726882,0.101486936211586,0.7022976875305176,0.622462272644043
YCL034W,YDR462W,0,-0.97280097,0.10147228837013245,0.7022976875305176,0.6225622296333313
YGR028W,YNL035C,0,-0.97293866,0.1014576405286789,0.7022976875305176,0.6226622462272644
YFR004W,YBL017C,0,-0.97306466,0.10144300013780594,0.7022976875305176,0.6227622628211975
YPR011C,YNL030W,0,-0.97309506,0.10142836719751358,0.7022976875305176,0.6228622794151306
YPL017C,YCR026C,0,-0.97312057,0.10141373425722122,0.7022976875305176,0.6229622960090637
YFL047W,YKR104W,0,-0.97314984,0.10139910876750946,0.7022976875305176,0.6230623126029968
YNL202W,YNL128W,0,-0.9732258,0.1013844832777977,0.7022976875305176,0.6231623291969299
YOR389W,YOL108C,0,-0.9732397,0.10136986523866653,0.7022976875305176,0.623262345790863
YGL178W,YPL087W,0,-0.9733232,0.10135524719953537,0.7022976875305176,0.6233623623847961
YKR105C,YDR306C,0,-0.9733243,0.1013406366109848,0.7022976875305176,0.6234623193740845
YDL193W,YGL054C,0,-0.9734558,0.10132603347301483,0.7022976875305176,0.6235623359680176
YBL020W,YKR030W,0,-0.97352207,0.10131143033504486,0.7022976875305176,0.6236623525619507
YMR168C,YGL037C,0,-0.97391504,0.10129682719707489,0.7022976875305176,0.6237623691558838
YAL038W,YOR085W,0,-0.97395986,0.10128223896026611,0.7022976875305176,0.6238623857498169
YOR148C,YPL047W,0,-0.9740994,0.10126764327287674,0.7022976875305176,0.62396240234375
YDL213C,YJR006W,0,-0.9743382,0.10125306248664856,0.7022976875305176,0.6240624189376831
YLR385C,YDR341C,0,-0.9743651,0.10123848170042038,0.7022976875305176,0.6241624355316162
YGL001C,YMR117C,0,-0.9743897,0.1012239009141922,0.7022976875305176,0.6242624521255493
YER013W,YLR120C,0,-0.97438973,0.10120932757854462,0.7022976875305176,0.6243624091148376
YHR099W,YDR252W,0,-0.97451794,0.10119476169347763,0.7022976875305176,0.6244624257087708
YPR028W,YPL237W,0,-0.97469115,0.10118019580841064,0.7022976875305176,0.6245624423027039
YER180C,YIL010W,0,-0.9747672,0.10116563737392426,0.7022976875305176,0.624662458896637
YNL327W,YLR071C,0,-0.9749216,0.10115107893943787,0.7022976875305176,0.6247624754905701
YKL046C,YDR371W,1,-0.9749278,0.10128039121627808,0.7032967209815979,0.6247624754905701
YGR279C,YLR300W,1,-0.97493565,0.1014096662402153,0.7042956948280334,0.6247624754905701
YNL153C,YLR228C,0,-0.97495204,0.10139507800340652,0.7042956948280334,0.6248624920845032
YHL012W,YJL033W,0,-0.97516716,0.10138049721717834,0.7042956948280334,0.6249625086784363
YPL112C,YPL230W,0,-0.975212,0.10136592388153076,0.7042956948280334,0.6250625252723694
YOR278W,YGL257C,0,-0.9753492,0.10135135054588318,0.7042956948280334,0.6251625418663025
YGR249W,YDL010W,0,-0.97536963,0.10133678466081619,0.7042956948280334,0.6252624988555908
YDR451C,YDR013W,0,-0.9754056,0.1013222187757492,0.7042956948280334,0.6253625154495239
YGL083W,YIR008C,0,-0.97549236,0.10130766034126282,0.7042956948280334,0.625462532043457
YOL105C,YDR231C,0,-0.9755816,0.10129310190677643,0.7042956948280334,0.6255625486373901
YIL162W,YKL046C,1,-0.9756497,0.10142221301794052,0.7052947282791138,0.6255625486373901
YPL081W,YPL019C,0,-0.97569203,0.10140763968229294,0.7052947282791138,0.6256625652313232
YOR178C,YOR327C,0,-0.9756981,0.10139308124780655,0.7052947282791138,0.6257625818252563
YEL040W,YHR143W,1,-0.9757251,0.10152211040258408,0.7062937021255493,0.6257625818252563
YPR102C,YIL108W,0,-0.97575736,0.10150753706693649,0.7062937021255493,0.6258625984191895
YLR210W,YCR043C,0,-0.9758447,0.10149296373128891,0.7062937021255493,0.6259626150131226
YHR041C,YMR235C,0,-0.9759842,0.10147839784622192,0.7062937021255493,0.6260626316070557
YLR449W,YLR079W,0,-0.9760023,0.10146383196115494,0.7062937021255493,0.626162588596344
YLR291C,YHR143W,0,-0.97606343,0.10144927352666855,0.7062937021255493,0.6262626051902771
YBR001C,YOL108C,0,-0.9760833,0.10143472254276276,0.7062937021255493,0.6263626217842102
YEL040W,YEL011W,1,-0.97611105,0.10156361758708954,0.7072927355766296,0.6263626217842102
YPR108W,YBR177C,0,-0.97624016,0.10154905170202255,0.7072927355766296,0.6264626383781433
YNL098C,YDR195W,0,-0.9764621,0.10153449326753616,0.7072927355766296,0.6265626549720764
YKL042W,YDL137W,0,-0.97653055,0.10151993483304977,0.7072927355766296,0.6266626715660095
YPR066W,YDL227C,0,-0.9766207,0.10150537639856339,0.7072927355766296,0.6267626881599426
YDR382W,YBR156C,0,-0.9768367,0.10149082541465759,0.7072927355766296,0.6268627047538757
YIL105C,YMR115W,0,-0.976917,0.1014762818813324,0.7072927355766296,0.6269627213478088
YJL014W,YHR153C,0,-0.9769796,0.1014617383480072,0.7072927355766296,0.6270626783370972
YIL172C,YOL043C,1,-0.9769897,0.10159048438072205,0.7082917094230652,0.6270626783370972
YGR257C,YBR223C,0,-0.9770093,0.10157593339681625,0.7082917094230652,0.6271626949310303
YJL204C,YDL141W,0,-0.97702456,0.10156138241291046,0.7082917094230652,0.6272627115249634
YMR321C,YGR240C,0,-0.9771858,0.10154683142900467,0.7082917094230652,0.6273627281188965
YGL161C,YNL044W,0,-0.9772321,0.10153229534626007,0.7082917094230652,0.6274627447128296
YPR196W,YBR001C,0,-0.9774132,0.10151775181293488,0.7082917094230652,0.6275627613067627
YAL063C,YPL023C,0,-0.9775582,0.10150322318077087,0.7082917094230652,0.6276627779006958
YGR209C,YOR381W,0,-0.97758794,0.10148869454860687,0.7082917094230652,0.6277627944946289
YJL122W,YKL120W,0,-0.9776513,0.10147416591644287,0.7082917094230652,0.627862811088562
YJL216C,YJL221C,1,-0.9776562,0.10160274803638458,0.7092906832695007,0.627862811088562
YGR163W,YPL099C,0,-0.9776882,0.10158821195363998,0.7092906832695007,0.6279627680778503
YOR190W,YGR038W,0,-0.9777507,0.10157367587089539,0.7092906832695007,0.6280627846717834
YMR201C,YER180C,0,-0.9777539,0.10155914723873138,0.7092906832695007,0.6281628012657166
YIL020C,YDL210W,0,-0.97782135,0.10154462605714798,0.7092906832695007,0.6282628178596497
YHL018W,YER083C,0,-0.9778987,0.10153010487556458,0.7092906832695007,0.6283628344535828
YBR001C,YBR229C,1,-0.9781362,0.10165856778621674,0.710289716720581,0.6283628344535828
YCR069W,YIR007W,0,-0.97819006,0.10164403170347214,0.710289716720581,0.6284628510475159
YCL063W,YBR142W,0,-0.9782916,0.10162950307130814,0.710289716720581,0.628562867641449
YGL120C,YER115C,0,-0.9783492,0.10161497443914413,0.710289716720581,0.6286628842353821
YDR137W,YGL068W,0,-0.9783667,0.10160046070814133,0.710289716720581,0.6287629008293152
YBR247C,YNL072W,0,-0.9784802,0.10158593952655792,0.710289716720581,0.6288628578186035
YEL062W,YMR176W,0,-0.9784981,0.10157142579555511,0.710289716720581,0.6289628744125366
YDR266C,YHR089C,0,-0.97861594,0.1015569195151329,0.710289716720581,0.6290628910064697
YOR033C,YCR017C,0,-0.9786399,0.1015424132347107,0.710289716720581,0.6291629076004028
YLR165C,YPR072W,0,-0.97864866,0.10152791440486908,0.710289716720581,0.6292629241943359
YLR201C,YOR162C,0,-0.97867906,0.10151342302560806,0.710289716720581,0.629362940788269
YHR115C,YKL146W,0,-0.97874045,0.10149893164634705,0.710289716720581,0.6294629573822021
YOL062C,YLR066W,0,-0.97877353,0.10148444026708603,0.710289716720581,0.6295629739761353
YML046W,YMR208W,0,-0.97888255,0.10146995633840561,0.710289716720581,0.6296629905700684
YJL047C,YPL081W,0,-0.97894996,0.10145547986030579,0.710289716720581,0.6297629475593567
YPR019W,YLR408C,0,-0.97899246,0.10144100338220596,0.710289716720581,0.6298629641532898
YGL027C,YKL046C,1,-0.9790437,0.10156918317079544,0.7112886905670166,0.6298629641532898
YDR228C,YNL339C,0,-0.9792956,0.10155469924211502,0.7112886905670166,0.6299629807472229
YMR038C,YDL111C,0,-0.9793395,0.1015402153134346,0.7112886905670166,0.630062997341156
YGL023C,YGR279C,0,-0.97943866,0.10152573883533478,0.7112886905670166,0.6301630139350891
YJR091C,YOR311C,0,-0.97952473,0.10151126235723495,0.7112886905670166,0.6302630305290222
YHR204W,YLR057W,1,-0.9795346,0.10163934528827667,0.7122877240180969,0.6302630305290222
YML034W,YFL052W,0,-0.97954047,0.10162485390901566,0.7122877240180969,0.6303630471229553
YLR359W,YNL188W,0,-0.9797933,0.10161037743091583,0.7122877240180969,0.6304630637168884
YJR143C,YOL028C,0,-0.9799421,0.10159589350223541,0.7122877240180969,0.6305630803108215
YER061C,YLR120C,0,-0.97995055,0.10158142447471619,0.7122877240180969,0.6306630373001099
YBL045C,YJL141C,0,-0.9799521,0.10156694799661636,0.7122877240180969,0.630763053894043
YNR054C,YLR246W,0,-0.98005474,0.10155248641967773,0.7122877240180969,0.6308630704879761
YOR074C,YNL282W,0,-0.98007214,0.1015380248427391,0.7122877240180969,0.6309630870819092
YKL140W,YDR318W,0,-0.9801127,0.10152356326580048,0.7122877240180969,0.6310631036758423
YNL027W,YPL066W,0,-0.98022306,0.10150910913944244,0.7122877240180969,0.6311631202697754
YKL127W,YNL091W,0,-0.9803137,0.10149466246366501,0.7122877240180969,0.6312631368637085
YPR025C,YHR129C,0,-0.9804098,0.10148021578788757,0.7122877240180969,0.6313631534576416
YHR156C,YBR229C,0,-0.9805516,0.10146577656269073,0.7122877240180969,0.6314631700515747
YPR181C,YPR006C,0,-0.98056316,0.1014513373374939,0.7122877240180969,0.631563127040863
YMR170C,YLR206W,0,-0.9806252,0.10143690556287766,0.7122877240180969,0.6316631436347961
YPR026W,YBR229C,1,-0.98064625,0.10156472027301788,0.7132866978645325,0.6316631436347961
YPR063C,YLR414C,0,-0.9806546,0.10155028104782104,0.7132866978645325,0.6317631602287292
YKR066C,YER027C,0,-0.9806689,0.10153583437204361,0.7132866978645325,0.6318631768226624
YHR196W,YDL083C,0,-0.98088,0.10152140259742737,0.7132866978645325,0.6319631934165955
YHR082C,YFR029W,0,-0.98090607,0.10150696337223053,0.7132866978645325,0.6320632100105286
YGR216C,YDL077C,0,-0.9809401,0.10149253904819489,0.7132866978645325,0.6321632266044617
YCL063W,YDL159W,0,-0.9812944,0.10147811472415924,0.7132866978645325,0.6322632431983948
YKR058W,YIL023C,0,-0.9813715,0.1014636904001236,0.7132866978645325,0.6323632597923279
YEL054C,YPL259C,0,-0.9814376,0.10144927352666855,0.7132866978645325,0.6324632167816162
YBL021C,YOL033W,0,-0.98147196,0.1014348641037941,0.7132866978645325,0.6325632333755493
YGR155W,YOR144C,0,-0.9815395,0.10142045468091965,0.7132866978645325,0.6326632499694824
YDR236C,YNL177C,0,-0.9816115,0.1014060527086258,0.7132866978645325,0.6327632665634155
YMR099C,YGR056W,0,-0.98165184,0.10139165073633194,0.7132866978645325,0.6328632831573486
YPR073C,YOR143C,0,-0.9816641,0.10137725621461868,0.7132866978645325,0.6329632997512817
YNL275W,YER131W,0,-0.98168683,0.10136286169290543,0.7132866978645325,0.6330633163452148
YAL015C,YGL156W,1,-0.9817094,0.10149041563272476,0.7142857313156128,0.6330633163452148
YML071C,YLR229C,0,-0.98177814,0.10147601366043091,0.7142857313156128,0.633163332939148
YBR281C,YBR072W,0,-0.98200876,0.10146161168813705,0.7142857313156128,0.633263349533081
YJL050W,YLR381W,0,-0.9820295,0.1014472171664238,0.7142857313156128,0.6333633661270142
YOR190W,YPR026W,1,-0.9820747,0.10157468914985657,0.7152847051620483,0.6333633661270142
YOR340C,YNL325C,0,-0.98216015,0.10156028717756271,0.7152847051620483,0.6334633231163025
YOR190W,YGL156W,1,-0.9821751,0.1016877070069313,0.7162837386131287,0.6334633231163025
YNL265C,YNR073C,0,-0.9821976,0.10167328268289566,0.7162837386131287,0.6335633397102356
YOR209C,YIR009W,0,-0.9825762,0.10165886580944061,0.7162837386131287,0.6336633563041687
YDR261C,YLR300W,1,-0.9828706,0.10178621858358383,0.7172827124595642,0.6336633563041687
YBR296C,YGR105W,0,-0.98297143,0.10177179425954819,0.7172827124595642,0.6337633728981018
YPL240C,YMR071C,0,-0.9829878,0.10175736993551254,0.7172827124595642,0.6338633894920349
YFL008W,YHR058C,0,-0.98305666,0.1017429530620575,0.7172827124595642,0.633963406085968
YER026C,YMR268C,0,-0.9831116,0.10172853618860245,0.7172827124595642,0.6340634226799011
YPL252C,YFR013W,0,-0.983115,0.101714126765728,0.7172827124595642,0.6341634392738342
YIL073C,YPL121C,0,-0.9831896,0.10169971734285355,0.7172827124595642,0.6342634558677673
YDR184C,YER115C,0,-0.9833212,0.10168531537055969,0.7172827124595642,0.6343634128570557
YDL020C,YCR027C,0,-0.9833383,0.10167091339826584,0.7172827124595642,0.6344634294509888
YDL064W,YMR056C,0,-0.9837338,0.10165651887655258,0.7172827124595642,0.6345634460449219
YBR081C,YNL067W,0,-0.9837768,0.10164213180541992,0.7172827124595642,0.634663462638855
YLR378C,YDR494W,0,-0.9838206,0.10162774473428726,0.7172827124595642,0.6347634792327881
YOR327C,YMR269W,0,-0.9838658,0.1016133576631546,0.7172827124595642,0.6348634958267212
YIL099W,YAR018C,0,-0.9840633,0.10159897804260254,0.7172827124595642,0.6349635124206543
YDR026C,YLR113W,0,-0.98428327,0.10158460587263107,0.7172827124595642,0.6350635290145874
YBL066C,YBL011W,0,-0.9843225,0.1015702337026596,0.7172827124595642,0.6351635456085205
YIL111W,YOR036W,0,-0.98437464,0.10155586898326874,0.7172827124595642,0.6352635025978088
YJR044C,YBR195C,0,-0.9846041,0.10154150426387787,0.7172827124595642,0.6353635191917419
YLR155C,YOR205C,0,-0.984692,0.1015271469950676,0.7172827124595642,0.635463535785675
YLR187W,YDL147W,0,-0.98476,0.10151279717683792,0.7172827124595642,0.6355635523796082
YNL298W,YNL079C,0,-0.9848151,0.10149844735860825,0.7172827124595642,0.6356635689735413
YAR031W,YCR096C,0,-0.9850097,0.10148409754037857,0.7172827124595642,0.6357635855674744
YOR010C,YDL051W,0,-0.9850244,0.10146975517272949,0.7172827124595642,0.6358636021614075
YDL208W,YLL022C,0,-0.9850471,0.10145542025566101,0.7172827124595642,0.6359636187553406
YOL141W,YCR043C,0,-0.98507917,0.10144108533859253,0.7172827124595642,0.6360636353492737
YBR267W,YBR215W,0,-0.9850879,0.10142675787210464,0.7172827124595642,0.636163592338562
YJR153W,YLR286C,1,-0.98522687,0.10155367106199265,0.7182817459106445,0.636163592338562
YLR163C,YPR191W,0,-0.98523855,0.10153932869434357,0.7182817459106445,0.6362636089324951
YGL174W,YCR028C,0,-0.98524356,0.10152499377727509,0.7182817459106445,0.6363636255264282
YIL010W,YPR002W,0,-0.9853695,0.1015106588602066,0.7182817459106445,0.6364636421203613
YNL139C,YDR164C,0,-0.98538494,0.10149633139371872,0.7182817459106445,0.6365636587142944
YKR010C,YBR198C,0,-0.9854536,0.10148200392723083,0.7182817459106445,0.6366636753082275
YLR446W,YDR138W,0,-0.98552275,0.10146768391132355,0.7182817459106445,0.6367636919021606
YOR221C,YER131W,0,-0.9856776,0.10145336389541626,0.7182817459106445,0.6368637084960938
YGR128C,YCR096C,0,-0.9856787,0.10143905133008957,0.7182817459106445,0.6369637250900269
YPR102C,YAL022C,0,-0.98568213,0.10142474621534348,0.7182817459106445,0.6370636820793152
YOR162C,YOR205C,0,-0.98586,0.10141043365001678,0.7182817459106445,0.6371636986732483
YGR023W,YDR403W,0,-0.98594534,0.10139613598585129,0.7182817459106445,0.6372637152671814
YGR279C,YGR292W,1,-0.9859477,0.10152284055948257,0.7192807197570801,0.6372637152671814
YOL039W,YOR234C,0,-0.9860004,0.10150852799415588,0.7192807197570801,0.6373637318611145
YEL013W,YOR304C-A,0,-0.98622584,0.10149422287940979,0.7192807197570801,0.6374637484550476
YIL112W,YLR383W,0,-0.98630536,0.1014799177646637,0.7192807197570801,0.6375637650489807
YER012W,YIL040W,0,-0.98632807,0.1014656126499176,0.7192807197570801,0.6376637816429138
YGR027C,YOL104C,0,-0.9864415,0.1014513149857521,0.7192807197570801,0.6377637982368469
YOR337W,YBR236C,0,-0.98645055,0.1014370247721672,0.7192807197570801,0.63786381483078
YBR275C,YJL116C,0,-0.9864719,0.1014227345585823,0.7192807197570801,0.6379637718200684
YOR242C,YGL232W,0,-0.9866324,0.101408451795578,0.7192807197570801,0.6380637884140015
YNR047W,YGR159C,0,-0.98674846,0.1013941690325737,0.7192807197570801,0.6381638050079346
YMR017W,YDR164C,0,-0.9869108,0.10137989372015,0.7192807197570801,0.6382638216018677
YMR075W,YOR348C,0,-0.98699474,0.10136561840772629,0.7192807197570801,0.6383638381958008
YOL093W,YOL088C,0,-0.98729897,0.10135135054588318,0.7192807197570801,0.6384638547897339
YHR032W,YDL227C,0,-0.98733336,0.10133709013462067,0.7192807197570801,0.638563871383667
YDR140W,YMR094W,0,-0.9873519,0.10132282227277756,0.7192807197570801,0.6386638879776001
YJR006W,YKL201C,0,-0.98736763,0.10130856931209564,0.7192807197570801,0.6387639045715332
YJR077C,YPR035W,0,-0.9874446,0.10129431635141373,0.7192807197570801,0.6388638615608215
YDR444W,YLL033W,0,-0.98760474,0.10128007084131241,0.7192807197570801,0.6389638781547546
YIL046W,YBL112C,0,-0.98761445,0.10126582533121109,0.7192807197570801,0.6390638947486877
YLR291C,YIR005W,0,-0.98781043,0.10125157982110977,0.7192807197570801,0.6391639113426208
YER171W,YOR168W,0,-0.9878533,0.10123734176158905,0.7192807197570801,0.639263927936554
YMR264W,YLL017W,0,-0.98817635,0.10122311115264893,0.7192807197570801,0.6393639445304871
YDR264C,YJL198W,0,-0.9882244,0.1012088805437088,0.7192807197570801,0.6394639611244202
YOR179C,YGL010W,0,-0.98831165,0.10119465738534927,0.7192807197570801,0.6395639777183533
YOR175C,YDR415C,0,-0.9883293,0.10118044167757034,0.7192807197570801,0.6396639943122864
YJL117W,YER087C-A,0,-0.98835474,0.10116621851921082,0.7192807197570801,0.6397639513015747
YHR091C,YIR014W,0,-0.9883562,0.10115201026201248,0.7192807197570801,0.6398639678955078
YKL041W,YHR010W,0,-0.98835725,0.10113780200481415,0.7192807197570801,0.6399639844894409
YPL101W,YML118W,0,-0.9883716,0.10112359374761581,0.7192807197570801,0.640064001083374
YER169W,YDL043C,0,-0.98842895,0.10110939294099808,0.7192807197570801,0.6401640176773071
YBR024W,YNL230C,0,-0.988497,0.10109519958496094,0.7192807197570801,0.6402640342712402
YJL209W,YGR271C-A,0,-0.98855245,0.1010810062289238,0.7192807197570801,0.6403640508651733
YBR135W,YBL046W,0,-0.98862296,0.10106681287288666,0.7192807197570801,0.6404640674591064
YEL021W,YNL192W,0,-0.98870397,0.10105263441801071,0.7192807197570801,0.6405640840530396
YLR256W,YIL094C,0,-0.9888001,0.10103844851255417,0.7192807197570801,0.6406640410423279
YLR066W,YBL060W,0,-0.9888704,0.10102427750825882,0.7192807197570801,0.640764057636261
YKL203C,YJL165C,0,-0.9888965,0.10101009905338287,0.7192807197570801,0.6408640742301941
YLR002C,YMR032W,0,-0.9890372,0.10099593549966812,0.7192807197570801,0.6409640908241272
YDL110C,YBR291C,0,-0.98913693,0.10098176449537277,0.7192807197570801,0.6410641074180603
YDR404C,YDR495C,0,-0.9891638,0.10096760839223862,0.7192807197570801,0.6411641240119934
YLR057W,YOL111C,0,-0.98917973,0.10095345228910446,0.7192807197570801,0.6412641406059265
YMR162C,YOR151C,0,-0.98927253,0.1009392961859703,0.7192807197570801,0.6413641571998596
YDL192W,YOR216C,0,-0.98933077,0.10092514753341675,0.7192807197570801,0.6414641737937927
YLR106C,YDR207C,0,-0.9893939,0.10091099888086319,0.7192807197570801,0.641564130783081
YDL070W,YKL161C,0,-0.9894026,0.10089685767889023,0.7192807197570801,0.6416641473770142
YCR020C,YJR107W,0,-0.9895634,0.10088272392749786,0.7192807197570801,0.6417641639709473
YDR522C,YHL033C,0,-0.9895745,0.1008685901761055,0.7192807197570801,0.6418641805648804
YGL090W,YNL012W,0,-0.9895927,0.10085446387529373,0.7192807197570801,0.6419641971588135
YOL018C,YLR364W,0,-0.9896354,0.10084033757448196,0.7192807197570801,0.6420642137527466
YBR238C,YNL308C,0,-0.9896423,0.1008262112736702,0.7192807197570801,0.6421642303466797
YGR128C,YDR476C,0,-0.9896694,0.10081209987401962,0.7192807197570801,0.6422642469406128
YNL265C,YMR039C,0,-0.98968613,0.10079798102378845,0.7192807197570801,0.6423642635345459
YFR052W,YAL022C,0,-0.9899328,0.10078387707471848,0.7192807197570801,0.6424642205238342
YIL020C,YNR008W,0,-0.99004674,0.1007697656750679,0.7192807197570801,0.6425642371177673
YJR161C,YMR071C,0,-0.9902004,0.10075566917657852,0.7192807197570801,0.6426642537117004
YMR121C,YJL074C,0,-0.9903029,0.10074157267808914,0.7192807197570801,0.6427642703056335
YBL005W-B,YOR313C,0,-0.9907115,0.10072747617959976,0.7192807197570801,0.6428642868995667
YOR239W,YDL143W,0,-0.99077415,0.10071338713169098,0.7192807197570801,0.6429643034934998
YLR127C,YER147C,0,-0.99084604,0.1006992980837822,0.7192807197570801,0.6430643200874329
YCR012W,YGR084C,0,-0.9909178,0.10068521648645401,0.7192807197570801,0.643164336681366
YPL159C,YDR253C,0,-0.9909424,0.10067114233970642,0.7192807197570801,0.6432643532752991
YNL002C,YER145C,0,-0.9910147,0.10065706819295883,0.7192807197570801,0.6433643102645874
YLR077W,YPL037C,0,-0.99108374,0.10064299404621124,0.7192807197570801,0.6434643268585205
YOL019W,YER147C,0,-0.99111354,0.10062892735004425,0.7192807197570801,0.6435643434524536
YOR179C,YOR349W,0,-0.99131864,0.10061486810445786,0.7192807197570801,0.6436643600463867
YGL173C,YJR066W,0,-0.99173653,0.10060080885887146,0.7192807197570801,0.6437643766403198
YJL221C,YOL157C,1,-0.99182516,0.10072646290063858,0.7202796936035156,0.6437643766403198
YPL003W,YKL055C,0,-0.9918343,0.10071238875389099,0.7202796936035156,0.6438643932342529
YDR006C,YHR007C,0,-0.9919269,0.100698322057724,0.7202796936035156,0.643964409828186
YNL327W,YAL015C,1,-0.99252295,0.10082390904426575,0.721278727054596,0.643964409828186
YDR364C,YDR266C,0,-0.9927291,0.10080982744693756,0.721278727054596,0.6440644264221191
YPR167C,YDL156W,0,-0.992791,0.10079575330018997,0.721278727054596,0.6441644430160522
YER051W,YGL094C,0,-0.9929788,0.10078168660402298,0.721278727054596,0.6442644000053406
YPL246C,YER111C,0,-0.99298215,0.10076761990785599,0.721278727054596,0.6443644165992737
YPL092W,YGR048W,0,-0.993125,0.10075356066226959,0.721278727054596,0.6444644331932068
YMR264W,YIR007W,0,-0.9931576,0.1007395014166832,0.721278727054596,0.6445644497871399
YGR065C,YIL133C,0,-0.9932708,0.1007254496216774,0.721278727054596,0.644664466381073
YLR421C,YER171W,0,-0.99329257,0.1007113978266716,0.721278727054596,0.6447644829750061
YJR064W,YOR175C,0,-0.9935893,0.1006973534822464,0.721278727054596,0.6448644995689392
YPR189W,YMR315W,0,-0.9936241,0.1006833091378212,0.721278727054596,0.6449645161628723
YBR171W,YPL030W,0,-0.9936862,0.10066927224397659,0.721278727054596,0.6450645327568054
YGL086W,YDR158W,0,-0.9937302,0.10065523535013199,0.721278727054596,0.6451644897460938
YPR011C,YPL177C,0,-0.9937564,0.10064120590686798,0.721278727054596,0.6452645063400269
YLR213C,YJL221C,1,-0.99385065,0.10076654702425003,0.7222777009010315,0.6452645063400269
YBR264C,YLL001W,0,-0.99386704,0.10075251013040543,0.7222777009010315,0.64536452293396
YDR086C,YDL197C,0,-0.9939159,0.10073847323656082,0.7222777009010315,0.6454645395278931
YDR195W,YDR510W,0,-0.9940088,0.10072443634271622,0.7222777009010315,0.6455645561218262
YBR042C,YNR026C,0,-0.9942517,0.10071040689945221,0.7222777009010315,0.6456645727157593
YLR213C,YIR007W,1,-0.99431944,0.1008356511592865,0.7232767343521118,0.6456645727157593
YML036W,YPR056W,0,-0.99435216,0.1008216142654419,0.7232767343521118,0.6457645893096924
YNL232W,YGL155W,0,-0.9943564,0.10080757737159729,0.7232767343521118,0.6458646059036255
YAL015C,YML021C,1,-0.9943952,0.10093275457620621,0.7242757081985474,0.6458646059036255
YCR068W,YGL256W,0,-0.99442244,0.100918710231781,0.7242757081985474,0.6459646224975586
YLR121C,YOR246C,0,-0.99450386,0.1009046658873558,0.7242757081985474,0.6460645794868469
YLR304C,YJR095W,0,-0.9946583,0.1008906215429306,0.7242757081985474,0.64616459608078
YPR080W,YNL088W,0,-0.99470437,0.100876584649086,0.7242757081985474,0.6462646126747131
YFL047W,YJL109C,0,-0.99473226,0.1008625477552414,0.7242757081985474,0.6463646292686462
YDL120W,YBR133C,0,-0.9947815,0.10084851831197739,0.7242757081985474,0.6464646458625793
YEL055C,YNL321W,0,-0.9948241,0.10083448886871338,0.7242757081985474,0.6465646624565125
YOL141W,YLR081W,0,-0.9948771,0.10082046687602997,0.7242757081985474,0.6466646790504456
YDL161W,YDR541C,0,-0.99511427,0.10080645233392715,0.7242757081985474,0.6467646956443787
YOR378W,YPL089C,0,-0.9952173,0.10079243779182434,0.7242757081985474,0.6468647122383118
YPL227C,YMR079W,0,-0.99523056,0.10077842324972153,0.7242757081985474,0.6469646692276001
YML126C,YHR129C,0,-0.99524915,0.10076441615819931,0.7242757081985474,0.6470646858215332
YER142C,YBR056W,1,-0.99527603,0.10088938474655151,0.7252747416496277,0.6470646858215332
YML060W,YIR007W,1,-0.9953481,0.10101430863142014,0.7262737154960632,0.6470646858215332
YPL003W,YKL113C,0,-0.9953674,0.10100027918815613,0.7262737154960632,0.6471647024154663
YPL096W,YML088W,0,-0.9954305,0.10098624974489212,0.7262737154960632,0.6472647190093994
YPL091W,YLR316C,0,-0.9954483,0.10097222030162811,0.7262737154960632,0.6473647356033325
YER120W,YMR130W,0,-0.9954711,0.1009581983089447,0.7262737154960632,0.6474647521972656
YHR004C,YBR106W,0,-0.99548006,0.10094418376684189,0.7262737154960632,0.6475647687911987
YMR321C,YOR188W,0,-0.9955447,0.10093016922473907,0.7262737154960632,0.6476647853851318
YEL062W,YIL010W,0,-0.9955803,0.10091615468263626,0.7262737154960632,0.6477648019790649
YGL038C,YER096W,0,-0.9957222,0.10090214759111404,0.7262737154960632,0.6478647589683533
YBL037W,YPR162C,0,-0.9957558,0.10088814795017242,0.7262737154960632,0.6479647755622864
YHR076W,YNL293W,0,-0.99580204,0.1008741483092308,0.7262737154960632,0.6480647921562195
YPL192C,YFR044C,0,-0.99585783,0.10086015611886978,0.7262737154960632,0.6481648087501526
YIR033W,YNL160W,0,-0.99590117,0.10084616392850876,0.7262737154960632,0.6482648253440857
YDL210W,YHR166C,0,-0.9959526,0.10083217918872833,0.7262737154960632,0.6483648419380188
YDR072C,YCR026C,0,-0.9962922,0.1008181944489479,0.7262737154960632,0.6484648585319519
YDR065W,YPL083C,0,-0.9964742,0.10080421715974808,0.7262737154960632,0.648564875125885
YLR427W,YIL168W,0,-0.9966826,0.10079023987054825,0.7262737154960632,0.6486648917198181
YDR262W,YOL136C,0,-0.9968227,0.10077627003192902,0.7262737154960632,0.6487648487091064
YEL040W,YLR144C,1,-0.9970385,0.10090090334415436,0.7272727489471436,0.6487648487091064
YLL042C,YER026C,0,-0.9972999,0.10088691860437393,0.7272727489471436,0.6488648653030396
YGR279C,YGL028C,1,-0.9974948,0.1010114997625351,0.7282717227935791,0.6488648653030396
YBR084C-A,YMR008C,0,-0.9975578,0.10099750757217407,0.7282717227935791,0.6489648818969727
YNL244C,YOR071C,0,-0.9976114,0.10098351538181305,0.7282717227935791,0.6490648984909058
YDR506C,YDR371W,0,-0.9976128,0.10096953064203262,0.7282717227935791,0.6491649150848389
YBR177C,YDR151C,0,-0.997749,0.1009555459022522,0.7282717227935791,0.649264931678772
YLR390W,YNR021W,0,-0.99776304,0.10094156861305237,0.7282717227935791,0.6493649482727051
YGL249W,YGL100W,0,-0.99782264,0.10092759132385254,0.7282717227935791,0.6494649648666382
YPR041W,YJR107W,0,-0.9979408,0.1009136214852333,0.7282717227935791,0.6495649814605713
YLL050C,YIL040W,0,-0.9979892,0.10089965164661407,0.7282717227935791,0.6496649384498596
YBR073W,YJL004C,0,-0.9979992,0.10088568925857544,0.7282717227935791,0.6497649550437927
YKL089W,YMR100W,0,-0.99817616,0.1008717343211174,0.7282717227935791,0.6498649716377258
YMR022W,YKL078W,0,-0.9982207,0.10085777193307877,0.7282717227935791,0.6499649882316589
YKL028W,YOR098C,0,-0.99822634,0.10084382444620132,0.7282717227935791,0.650065004825592
YBR080C,YOL054W,0,-0.99830306,0.10082987695932388,0.7282717227935791,0.6501650214195251
YPL009C,YNL271C,0,-0.9984329,0.10081592947244644,0.7282717227935791,0.6502650380134583
YDR018C,YKR104W,0,-0.9985068,0.1008019894361496,0.7282717227935791,0.6503650546073914
YBR286W,YMR025W,0,-0.99863374,0.10078805685043335,0.7282717227935791,0.6504650712013245
YER078C,YOR242C,0,-0.99876744,0.1007741242647171,0.7282717227935791,0.6505650281906128
YOR094W,YHR099W,0,-0.9988569,0.10076019167900085,0.7282717227935791,0.6506650447845459
YHR056C,YLL039C,0,-0.9988637,0.1007462665438652,0.7282717227935791,0.650765061378479
YBR035C,YPR137W,0,-0.9989568,0.10073234885931015,0.7282717227935791,0.6508650779724121
YGR263C,YBR236C,0,-0.9989717,0.1007184311747551,0.7282717227935791,0.6509650945663452
YER120W,YFL050C,0,-0.9989844,0.10070451349020004,0.7282717227935791,0.6510651111602783
YNL149C,YDR466W,0,-0.99909246,0.10069061070680618,0.7282717227935791,0.6511651277542114
YDR302W,YNL225C,0,-0.9993025,0.10067670047283173,0.7282717227935791,0.6512651443481445
YHL027W,YDR332W,0,-0.99956703,0.10066279768943787,0.7282717227935791,0.6513651609420776
YLR272C,YKR014C,0,-0.99957836,0.1006489023566246,0.7282717227935791,0.651465117931366
YJR086W,YLR116W,0,-0.9997251,0.10063500702381134,0.7282717227935791,0.6515651345252991
YAL008W,YPR194C,0,-0.9997512,0.10062111914157867,0.7282717227935791,0.6516651511192322
YIL042C,YCL020W,0,-0.99983555,0.10060723125934601,0.7282717227935791,0.6517651677131653
YLR134W,YFR036W,0,-1.0001355,0.10059335082769394,0.7282717227935791,0.6518651843070984
YHL002W,YJL117W,0,-1.0003623,0.10057947039604187,0.7282717227935791,0.6519652009010315
YML080W,YIL074C,0,-1.0004569,0.1005655974149704,0.7282717227935791,0.6520652174949646
YGL028C,YBR229C,1,-1.0004714,0.10068965703248978,0.7292707562446594,0.6520652174949646
YBR161W,YGR037C,0,-1.0006466,0.10067576915025711,0.7292707562446594,0.6521652340888977
YAL029C,YBR014C,0,-1.0007318,0.10066188871860504,0.7292707562446594,0.6522652506828308
YKL082C,YKL116C,0,-1.0007651,0.10064800828695297,0.7292707562446594,0.6523652076721191
YDR195W,YCR037C,0,-1.0007825,0.1006341353058815,0.7292707562446594,0.6524652242660522
YFL039C,YLR222C,0,-1.0009809,0.10062026232481003,0.7292707562446594,0.6525652408599854
YLR186W,YJR160C,0,-1.0014514,0.10060639679431915,0.7292707562446594,0.6526652574539185
YDR265W,YDL065C,0,-1.0015974,0.10059253126382828,0.7292707562446594,0.6527652740478516
YNL188W,YDR033W,0,-1.0016115,0.100578673183918,0.7292707562446594,0.6528652906417847
YML077W,YBR145W,0,-1.0018299,0.10056481510400772,0.7292707562446594,0.6529653072357178
YLR286C,YDR261C,1,-1.0019566,0.10068870335817337,0.730269730091095,0.6529653072357178
YPL087W,YER083C,0,-1.0019764,0.1006748378276825,0.730269730091095,0.6530653238296509
YJL030W,YGR133W,0,-1.0019922,0.10066097229719162,0.730269730091095,0.653165340423584
YBL067C,YLR389C,0,-1.0021608,0.10064711421728134,0.730269730091095,0.6532652974128723
YLR073C,YMR213W,0,-1.0021925,0.10063326358795166,0.730269730091095,0.6533653140068054
YDR026C,YMR233W,0,-1.0026041,0.10061940550804138,0.730269730091095,0.6534653306007385
YOR069W,YIL085C,0,-1.0026964,0.1006055623292923,0.730269730091095,0.6535653471946716
YDR159W,YPL217C,0,-1.003018,0.10059171915054321,0.730269730091095,0.6536653637886047
YML006C,YCR089W,0,-1.0032014,0.10057787597179413,0.730269730091095,0.6537653803825378
YPL159C,YNR060W,0,-1.0035266,0.10056404024362564,0.730269730091095,0.653865396976471
YBR096W,YLR441C,0,-1.0036031,0.10055020451545715,0.730269730091095,0.653965413570404
YBR214W,YDL239C,0,-1.0036632,0.10053637623786926,0.730269730091095,0.6540654301643372
YPL249C,YDR198C,0,-1.0037214,0.10052255541086197,0.730269730091095,0.6541653871536255
YOR014W,YDR387C,0,-1.0037816,0.10050873458385468,0.730269730091095,0.6542654037475586
YLR390W,YOL054W,0,-1.0037838,0.10049491375684738,0.730269730091095,0.6543654203414917
YNL135C,YMR127C,0,-1.003852,0.10048110038042068,0.730269730091095,0.6544654369354248
YMR267W,YJR098C,0,-1.0039344,0.10046728700399399,0.730269730091095,0.6545654535293579
YGR271W,YBR079C,0,-1.0040624,0.10045348107814789,0.730269730091095,0.654665470123291
YOR274W,YLL042C,0,-1.0042057,0.10043968260288239,0.730269730091095,0.6547654867172241
YLR016C,YDL239C,0,-1.0044243,0.10042588412761688,0.730269730091095,0.6548655033111572
YMR284W,YPR094W,0,-1.0045419,0.10041208565235138,0.730269730091095,0.6549655199050903
YNL261W,YER027C,0,-1.0046134,0.10039829462766647,0.730269730091095,0.6550654768943787
YPR011C,YOL104C,0,-1.0046289,0.10038451105356216,0.730269730091095,0.6551654934883118
YPL024W,YJR095W,0,-1.0047163,0.10037072747945786,0.730269730091095,0.6552655100822449
YLR228C,YMR316W,0,-1.0047948,0.10035694390535355,0.730269730091095,0.655365526676178
YDL070W,YDL122W,0,-1.0048045,0.10034316778182983,0.730269730091095,0.6554655432701111
YNL315C,YMR104C,0,-1.0048352,0.10032939910888672,0.730269730091095,0.6555655598640442
YDR174W,YLR418C,0,-1.004863,0.1003156304359436,0.730269730091095,0.6556655764579773
YOL112W,YOL002C,0,-1.0049266,0.10030186921358109,0.730269730091095,0.6557655930519104
YMR290C,YOR348C,0,-1.0050901,0.10028810799121857,0.730269730091095,0.6558656096458435
YHR152W,YNL095C,0,-1.0051023,0.10027434676885605,0.730269730091095,0.6559656262397766
YPL153C,YDR059C,0,-1.0052726,0.10026059299707413,0.730269730091095,0.6560655832290649
YGL100W,YPL181W,0,-1.005356,0.1002468466758728,0.730269730091095,0.656165599822998
YER162C,YDR485C,0,-1.0053965,0.10023310035467148,0.730269730091095,0.6562656164169312
YLR126C,YHR079C,0,-1.0054264,0.10021936148405075,0.730269730091095,0.6563656330108643
YCL045C,YER052C,0,-1.0054394,0.10020562261343002,0.730269730091095,0.6564656496047974
YBR057C,YLL009C,0,-1.0054944,0.1001918837428093,0.730269730091095,0.6565656661987305
YMR289W,YMR033W,0,-1.0055941,0.10017815232276917,0.730269730091095,0.6566656827926636
YPR135W,YLR224W,0,-1.0056161,0.10016442835330963,0.730269730091095,0.6567656993865967
YOR020C,YNL213C,0,-1.0056225,0.1001507043838501,0.730269730091095,0.6568657159805298
YPL101W,YMR137C,0,-1.0056381,0.10013698786497116,0.730269730091095,0.6569656729698181
YGR183C,YFR029W,0,-1.005649,0.10012327134609222,0.730269730091095,0.6570656895637512
YOL082W,YDL226C,0,-1.0057578,0.10010956227779388,0.730269730091095,0.6571657061576843
YJL060W,YBR160W,0,-1.0058032,0.10009585320949554,0.730269730091095,0.6572657227516174
YJR043C,YKL086W,0,-1.0058275,0.1000821441411972,0.730269730091095,0.6573657393455505
YDR073W,YFL003C,0,-1.0060041,0.10006844997406006,0.730269730091095,0.6574657559394836
YJL153C,YDR480W,0,-1.0060624,0.10005474835634232,0.730269730091095,0.6575657725334167
YBR229C,YHR204W,1,-1.0060685,0.10017791390419006,0.7312687039375305,0.6575657725334167
YNL186W,YJL187C,0,-1.0062102,0.10016420483589172,0.7312687039375305,0.6576657891273499
YAR014C,YBR088C,0,-1.0062201,0.10015049576759338,0.7312687039375305,0.657765805721283
YPR184W,YBR056W,1,-1.0062526,0.10027359426021576,0.7322677373886108,0.657765805721283
YPL022W,YMR236W,0,-1.0062655,0.10025988519191742,0.7322677373886108,0.6578657627105713
YGR203W,YKR029C,0,-1.0064385,0.10024616867303848,0.7322677373886108,0.6579657793045044
YOR130C,YER044C,0,-1.0064588,0.10023245960474014,0.7322677373886108,0.6580657958984375
YPL206C,YDL226C,0,-1.0065724,0.1002187579870224,0.7322677373886108,0.6581658124923706
YPL032C,YPR009W,0,-1.0065764,0.10020505636930466,0.7322677373886108,0.6582658290863037
YOR033C,YDR214W,0,-1.0067606,0.10019136220216751,0.7322677373886108,0.6583658456802368
YML012W,YOL117W,0,-1.0068249,0.10017766803503036,0.7322677373886108,0.6584658622741699
YLR425W,YER027C,0,-1.0068812,0.10016398131847382,0.7322677373886108,0.658565878868103
YOL100W,YDL212W,0,-1.0068864,0.10015029460191727,0.7322677373886108,0.6586658954620361
YDL120W,YNL044W,0,-1.0069733,0.10013661533594131,0.7322677373886108,0.6587658524513245
YPL086C,YGR239C,0,-1.007099,0.10012293606996536,0.7322677373886108,0.6588658690452576
YNL007C,YKL175W,0,-1.0071568,0.10010925680398941,0.7322677373886108,0.6589658856391907
YGL071W,YGR231C,0,-1.0071977,0.10009559243917465,0.7322677373886108,0.6590659022331238
YLR032W,YPR035W,0,-1.0072074,0.1000819206237793,0.7322677373886108,0.6591659188270569
YOL039W,YDR162C,0,-1.0073216,0.10006825625896454,0.7322677373886108,0.65926593542099
YOR063W,YKR092C,0,-1.0075524,0.10005459934473038,0.7322677373886108,0.6593659520149231
YOR230W,YBR106W,0,-1.0078002,0.10004094243049622,0.7322677373886108,0.6594659686088562
YDR279W,YJL121C,0,-1.0078393,0.10002729296684265,0.7322677373886108,0.6595659852027893
YDL188C,YGR058W,0,-1.0079625,0.10001364350318909,0.7322677373886108,0.6596659421920776
YKL015W,YMR171C,0,-1.0079846,0.10000000149011612,0.7322677373886108,0.6597659587860107
YHL024W,YKL173W,0,-1.0080048,0.09998635947704315,0.7322677373886108,0.6598659753799438
YPL007C,YDR074W,0,-1.0082266,0.09997272491455078,0.7322677373886108,0.659965991973877
YER142C,YIL172C,1,-1.008415,0.10009545832872391,0.7332667112350464,0.659965991973877
YOL138C,YOL054W,0,-1.0088092,0.10008180886507034,0.7332667112350464,0.6600660085678101
YGL163C,YOR229W,0,-1.0089114,0.10006816685199738,0.7332667112350464,0.6601660251617432
YKL096W-A,YGR124W,0,-1.0089192,0.10005452483892441,0.7332667112350464,0.6602660417556763
YJL165C,YDR383C,0,-1.0089573,0.10004089027643204,0.7332667112350464,0.6603660583496094
YDR228C,YGR234W,0,-1.0090731,0.10002725571393967,0.7332667112350464,0.6604660749435425
YKL108W,YAL020C,0,-1.0090841,0.1000136286020279,0.7332667112350464,0.6605660319328308
YOR356W,YKL175W,0,-1.0091021,0.10000000149011612,0.7332667112350464,0.6606660485267639
YPL038W,YBR286W,0,-1.0091147,0.09998637437820435,0.7332667112350464,0.660766065120697
YCR068W,YOL115W,0,-1.0091342,0.09997276216745377,0.7332667112350464,0.6608660817146301
YHR124W,YDR483W,0,-1.009273,0.09995914250612259,0.7332667112350464,0.6609660983085632
YFL014W,YPL269W,0,-1.0093274,0.09994553029537201,0.7332667112350464,0.6610661149024963
YBR133C,YGR282C,0,-1.0093793,0.09993192553520203,0.7332667112350464,0.6611661314964294
YER026C,YOL158C,0,-1.0096387,0.09991832077503204,0.7332667112350464,0.6612661480903625
YDL153C,YAL053W,0,-1.0096462,0.09990472346544266,0.7332667112350464,0.6613661646842957
YOR228C,YPL172C,0,-1.0098481,0.09989112615585327,0.7332667112350464,0.661466121673584
YBR276C,YGR262C,0,-1.0098615,0.09987753629684448,0.7332667112350464,0.6615661382675171
YJL034W,YMR005W,0,-1.009877,0.0998639464378357,0.7332667112350464,0.6616661548614502
YER120W,YCL032W,0,-1.0100145,0.0998503640294075,0.7332667112350464,0.6617661714553833
YDR481C,YJL117W,0,-1.0100491,0.09983678162097931,0.7332667112350464,0.6618661880493164
YGL207W,YCL030C,0,-1.0101851,0.09982319921255112,0.7332667112350464,0.6619662046432495
YPL155C,YPL068C,0,-1.0101961,0.09980962425470352,0.7332667112350464,0.6620662212371826
YBL092W,YMR285C,0,-1.0102946,0.09979605674743652,0.7332667112350464,0.6621662378311157
YJR103W,YDR172W,0,-1.0103575,0.09978248924016953,0.7332667112350464,0.6622662544250488
YJR131W,YIR007W,1,-1.0103965,0.0999048501253128,0.7342657446861267,0.6622662544250488
YPR184W,YLR057W,1,-1.0104088,0.1000271812081337,0.7352647185325623,0.6622662544250488
YGL037C,YDR247W,0,-1.0104713,0.10001359134912491,0.7352647185325623,0.6623662114143372
YDR174W,YDL045C,0,-1.0105,0.10000000149011612,0.7352647185325623,0.6624662280082703
YCR043C,YBL052C,0,-1.0106149,0.09998641163110733,0.7352647185325623,0.6625662446022034
YPL022W,YDR510W,0,-1.0107825,0.09997283667325974,0.7352647185325623,0.6626662611961365
YIL099W,YPR184W,1,-1.0108173,0.10009507089853287,0.7362637519836426,0.6626662611961365
YFR046C,YDL080C,0,-1.010892,0.10008148103952408,0.7362637519836426,0.6627662777900696
YNR074C,YHR152W,0,-1.0109093,0.10006789118051529,0.7362637519836426,0.6628662943840027
YNL283C,YGL022W,0,-1.0110729,0.1000543013215065,0.7362637519836426,0.6629663109779358
YPL065W,YFR013W,0,-1.0111377,0.10004071891307831,0.7362637519836426,0.6630663275718689
YLR144C,YGL028C,1,-1.0111421,0.10016286373138428,0.7372627258300781,0.6630663275718689
YGR279C,YEL040W,1,-1.0111609,0.10028497874736786,0.7382617592811584,0.6630663275718689
YNL154C,YOR228C,0,-1.011228,0.10027137398719788,0.7382617592811584,0.663166344165802
YMR090W,YLR316C,0,-1.0112536,0.1002577692270279,0.7382617592811584,0.6632663011550903
YMR016C,YHL004W,0,-1.011271,0.10024416446685791,0.7382617592811584,0.6633663177490234
YDR496C,YDR380W,0,-1.0113069,0.10023057460784912,0.7382617592811584,0.6634663343429565
YOL141W,YMR283C,0,-1.0113707,0.10021697729825974,0.7382617592811584,0.6635663509368896
YJL002C,YDR138W,0,-1.011431,0.10020338743925095,0.7382617592811584,0.6636663675308228
YDR496C,YBR205W,0,-1.0115709,0.10018980503082275,0.7382617592811584,0.6637663841247559
YPL144W,YJR009C,0,-1.0115894,0.10017622262239456,0.7382617592811584,0.663866400718689
YGL156W,YEL011W,1,-1.0116968,0.10029818117618561,0.739260733127594,0.663866400718689
YNL154C,YGL077C,0,-1.0117738,0.10028459131717682,0.739260733127594,0.6639664173126221
YHR117W,YLR446W,0,-1.0118095,0.10027100145816803,0.739260733127594,0.6640664339065552
YHR160C,YPL150W,0,-1.0120386,0.10025741904973984,0.739260733127594,0.6641663908958435
YOR077W,YMR251W-A,0,-1.0120807,0.10024383664131165,0.739260733127594,0.6642664074897766
YOR037W,YAR018C,0,-1.0120842,0.10023026168346405,0.739260733127594,0.6643664240837097
YGL071W,YNL138W,0,-1.0120853,0.10021668672561646,0.739260733127594,0.6644664406776428
YLR320W,YDR082W,0,-1.0122281,0.10020311176776886,0.739260733127594,0.6645664572715759
YKL096W-A,YLR153C,0,-1.012278,0.10018954426050186,0.739260733127594,0.664666473865509
YPR163C,YGR162W,0,-1.0123769,0.10017598420381546,0.739260733127594,0.6647664904594421
YKL053C-A,YDL200C,0,-1.0124129,0.10016242414712906,0.739260733127594,0.6648665070533752
YPR201W,YOR256C,0,-1.0124892,0.10014887154102325,0.739260733127594,0.6649665236473083
YDR131C,YEL061C,0,-1.0126276,0.10013531893491745,0.739260733127594,0.6650664806365967
YJR005W,YML051W,0,-1.0127672,0.10012176632881165,0.739260733127594,0.6651664972305298
YOR064C,YPR186C,0,-1.0128138,0.10010822862386703,0.739260733127594,0.6652665138244629
YFR042W,YFL037W,0,-1.0130448,0.10009468346834183,0.739260733127594,0.665366530418396
YBR001C,YBL036C,0,-1.0133773,0.10008114576339722,0.739260733127594,0.6654665470123291
YDR331W,YBL046W,0,-1.013412,0.1000676155090332,0.739260733127594,0.6655665636062622
YOR010C,YHR039C-A,0,-1.0137397,0.10005408525466919,0.739260733127594,0.6656665802001953
YCL069W,YBL006C,0,-1.0138472,0.10004055500030518,0.739260733127594,0.6657665967941284
YMR114C,YPL283C,0,-1.013951,0.10002703219652176,0.739260733127594,0.6658666133880615
YDL099W,YER118C,0,-1.0139874,0.10001351684331894,0.739260733127594,0.6659665703773499
YBR229C,YDR261C,1,-1.0140401,0.10013513267040253,0.7402597665786743,0.6659665703773499
YLL001W,YLR419W,0,-1.0141599,0.10012160241603851,0.7402597665786743,0.666066586971283
YBR213W,YNR072W,0,-1.0142529,0.1001080796122551,0.7402597665786743,0.6661666035652161
YMR257C,YMR273C,0,-1.0143175,0.10009455680847168,0.7402597665786743,0.6662666201591492
YLR390W,YHR083W,0,-1.0145537,0.10008103400468826,0.7402597665786743,0.6663666367530823
YDR408C,YML051W,0,-1.0146712,0.10006751865148544,0.7402597665786743,0.6664666533470154
YLR450W,YGR026W,0,-1.0148284,0.10005401074886322,0.7402597665786743,0.6665666699409485
YOR120W,YGL019W,0,-1.0148617,0.100040502846241,0.7402597665786743,0.6666666865348816
YLR401C,YCR004C,0,-1.014866,0.10002699494361877,0.7402597665786743,0.6667667031288147
YKL092C,YGL148W,0,-1.0148828,0.10001349449157715,0.7402597665786743,0.666866660118103
YML062C,YMR160W,0,-1.0149485,0.10000000149011612,0.7402597665786743,0.6669666767120361
YDR167W,YHR179W,0,-1.0150353,0.09998650848865509,0.7402597665786743,0.6670666933059692
YCR052W,YMR065W,0,-1.0152075,0.09997301548719406,0.7402597665786743,0.6671667098999023
YPL086C,YAL020C,0,-1.0154263,0.09995952993631363,0.7402597665786743,0.6672667264938354
YAL009W,YCL024W,0,-1.0155237,0.0999460443854332,0.7402597665786743,0.6673667430877686
YDR494W,YPR094W,0,-1.015565,0.09993256628513336,0.7402597665786743,0.6674667596817017
YOL137W,YOR371C,0,-1.0155691,0.09991909563541412,0.7402597665786743,0.6675667762756348
YMR267W,YJR093C,0,-1.0156562,0.09990562498569489,0.7402597665786743,0.6676667928695679
YOR382W,YLR033W,0,-1.0157726,0.09989215433597565,0.7402597665786743,0.6677667498588562
YPR005C,YKL038W,0,-1.0159638,0.099878691136837,0.7402597665786743,0.6678667664527893
YOR346W,YKL157W,0,-1.0159755,0.09986522793769836,0.7402597665786743,0.6679667830467224
YIL047C,YDR285W,0,-1.0162759,0.09985177218914032,0.7402597665786743,0.6680667996406555
YIL099W,YOL157C,1,-1.0163592,0.09997305274009705,0.7412587404251099,0.6680667996406555
YNL327W,YBR056W,1,-1.0163816,0.10009430348873138,0.7422577142715454,0.6680667996406555
YMR221C,YBR213W,0,-1.016443,0.10008081793785095,0.7422577142715454,0.6681668162345886
YLR164W,YDR511W,0,-1.0164609,0.10006733983755112,0.7422577142715454,0.6682668328285217
YLL003W,YPR025C,0,-1.0164878,0.10005386173725128,0.7422577142715454,0.6683668494224548
YOR382W,YMR227C,0,-1.0168262,0.10004039108753204,0.7422577142715454,0.6684668660163879
YOR204W,YHL027W,0,-1.0169138,0.1000269278883934,0.7422577142715454,0.668566882610321
YNL322C,YMR159C,0,-1.0169182,0.10001345723867416,0.7422577142715454,0.6686668395996094
YOR056C,YML038C,0,-1.0171281,0.10000000149011612,0.7422577142715454,0.6687668561935425
YIL049W,YDL095W,0,-1.0174724,0.09998654574155807,0.7422577142715454,0.6688668727874756
YER112W,YOR092W,0,-1.0175384,0.09997308999300003,0.7422577142715454,0.6689668893814087
YIL099W,YBR229C,1,-1.0175943,0.10009417682886124,0.7432567477226257,0.6689668893814087
YIL157C,YBL045C,0,-1.0176178,0.1000807136297226,0.7432567477226257,0.6690669059753418
YHL013C,YMR143W,0,-1.017841,0.10006725043058395,0.7432567477226257,0.6691669225692749
YGL220W,YBL061C,0,-1.0179083,0.10005379468202591,0.7432567477226257,0.669266939163208
YDR489W,YLR028C,0,-1.017951,0.10004033893346786,0.7432567477226257,0.6693669557571411
YCR027C,YLR372W,0,-1.0179532,0.10002689063549042,0.7432567477226257,0.6694669723510742
YFR046C,YPL099C,0,-1.0179892,0.10001344233751297,0.7432567477226257,0.6695669293403625
YKL167C,YEL071W,0,-1.0180286,0.10000000149011612,0.7432567477226257,0.6696669459342957
YPR101W,YBR096W,0,-1.0180702,0.09998656064271927,0.7432567477226257,0.6697669625282288
YDR196C,YPL283C,0,-1.0181284,0.09997312724590302,0.7432567477226257,0.6698669791221619
YDR072C,YNL131W,0,-1.0181528,0.09995969384908676,0.7432567477226257,0.669966995716095
YNL160W,YKL078W,0,-1.0182687,0.0999462679028511,0.7432567477226257,0.6700670123100281
YBR215W,YCL047C,0,-1.018365,0.09993284195661545,0.7432567477226257,0.6701670289039612
YMR260C,YDR452W,0,-1.0184623,0.09991942346096039,0.7432567477226257,0.6702670454978943
YHR174W,YGR198W,0,-1.0184957,0.09990600496530533,0.7432567477226257,0.6703670620918274
YDR451C,YER054C,0,-1.0187404,0.09989258646965027,0.7432567477226257,0.6704670190811157
YER148W,YJL134W,0,-1.0188613,0.0998791754245758,0.7432567477226257,0.6705670356750488
YBR280C,YBR216C,0,-1.018979,0.09986577183008194,0.7432567477226257,0.6706670522689819
YDR310C,YKR050W,0,-1.0193195,0.09985236823558807,0.7432567477226257,0.670767068862915
YPL158C,YER017C,0,-1.0194416,0.0998389720916748,0.7432567477226257,0.6708670854568481
YNR067C,YPL148C,0,-1.0195588,0.09982557594776154,0.7432567477226257,0.6709671020507812
YNR031C,YBL016W,0,-1.0196007,0.09981217980384827,0.7432567477226257,0.6710671186447144
YML043C,YKL049C,0,-1.0196787,0.0997987911105156,0.7432567477226257,0.6711671352386475
YLR300W,YDR383C,0,-1.019778,0.09978540986776352,0.7432567477226257,0.6712671518325806
YMR311C,YIL105C,0,-1.0198092,0.09977202862501144,0.7432567477226257,0.6713671088218689
YDR064W,YAR071W,0,-1.0198483,0.09975864738225937,0.7432567477226257,0.671467125415802
YHR065C,YPR182W,0,-1.0199444,0.09974527359008789,0.7432567477226257,0.6715671420097351
YPL187W,YLR424W,0,-1.0201142,0.09973189979791641,0.7432567477226257,0.6716671586036682
YPR151C,YMR020W,0,-1.0201982,0.09971853345632553,0.7432567477226257,0.6717671751976013
YKL222C,YDR332W,0,-1.0202315,0.09970517456531525,0.7432567477226257,0.6718671917915344
YDL067C,YNR039C,0,-1.0204216,0.09969181567430496,0.7432567477226257,0.6719672083854675
YJR002W,YDL174C,0,-1.0204469,0.09967845678329468,0.7432567477226257,0.6720672249794006
YMR211W,YGR135W,0,-1.0204912,0.09966510534286499,0.7432567477226257,0.6721672415733337
YLR188W,YLR110C,0,-1.0204942,0.0996517539024353,0.7432567477226257,0.6722671985626221
YBL028C,YNL082W,0,-1.0205364,0.09963840991258621,0.7432567477226257,0.6723672151565552
YGL002W,YLL017W,0,-1.0205617,0.09962506592273712,0.7432567477226257,0.6724672317504883
YMR045C,YNL188W,0,-1.020705,0.09961172938346863,0.7432567477226257,0.6725672483444214
YDR404C,YPL159C,0,-1.0208247,0.09959839284420013,0.7432567477226257,0.6726672649383545
YOR208W,YBR173C,0,-1.0210412,0.09958506375551224,0.7432567477226257,0.6727672815322876
YER142C,YDR001C,1,-1.0214492,0.09970556944608688,0.7442557215690613,0.6727672815322876
YJR019C,YFR045W,0,-1.0214965,0.09969222545623779,0.7442557215690613,0.6728672981262207
YER050C,YBL011W,0,-1.0215178,0.0996788889169693,0.7442557215690613,0.6729673147201538
YPR011C,YPL060W,0,-1.0216112,0.0996655523777008,0.7442557215690613,0.6730673313140869
YIR033W,YGL163C,0,-1.0216168,0.09965222328901291,0.7442557215690613,0.6731672883033752
YDR486C,YNL091W,0,-1.0216539,0.09963889420032501,0.7442557215690613,0.6732673048973083
YDR478W,YCR096C,0,-1.0216721,0.09962556511163712,0.7442557215690613,0.6733673214912415
YJL030W,YIL002C,0,-1.021717,0.09961225092411041,0.7442557215690613,0.6734673380851746
YBR223C,YAL044C,0,-1.0217408,0.09959892928600311,0.7442557215690613,0.6735673546791077
YPR184W,YPR025C,0,-1.0219479,0.09958561509847641,0.7442557215690613,0.6736673712730408
YOL129W,YDR170C,0,-1.0221033,0.0995723083615303,0.7442557215690613,0.6737673878669739
YGL086W,YBR182C,0,-1.0224925,0.0995590016245842,0.7442557215690613,0.673867404460907
YBR056W,YML021C,1,-1.0225565,0.09967931360006332,0.7452547550201416,0.673867404460907
YKL011C,YDR383C,0,-1.0226171,0.09966599941253662,0.7452547550201416,0.6739674210548401
YDL216C,YDR076W,0,-1.0226214,0.09965268522500992,0.7452547550201416,0.6740673780441284
YFL001W,YDR496C,0,-1.0226691,0.09963937848806381,0.7452547550201416,0.6741673946380615
YDR126W,YAL062W,0,-1.0227237,0.0996260717511177,0.7452547550201416,0.6742674112319946
YHR043C,YML042W,0,-1.0228482,0.0996127650141716,0.7452547550201416,0.6743674278259277
YKL152C,YMR004W,0,-1.0228585,0.09959946572780609,0.7452547550201416,0.6744674444198608
YFR028C,YBR205W,0,-1.02301,0.09958616644144058,0.7452547550201416,0.674567461013794
YGL106W,YPR113W,0,-1.0231714,0.09957287460565567,0.7452547550201416,0.674667477607727
YLR073C,YPL157W,0,-1.0231775,0.09955959022045135,0.7452547550201416,0.6747674942016602
YMR167W,YKR014C,0,-1.0231797,0.09954630583524704,0.7452547550201416,0.6748675107955933
YPR001W,YDR508C,0,-1.0232089,0.09953302145004272,0.7452547550201416,0.6749674677848816
YIL049W,YKL211C,0,-1.0233558,0.099519744515419,0.7452547550201416,0.6750674843788147
YPR022C,YER008C,0,-1.0233564,0.09950646758079529,0.7452547550201416,0.6751675009727478
YPR006C,YBR039W,0,-1.0233718,0.09949319809675217,0.7452547550201416,0.6752675175666809
YGL037C,YIR013C,0,-1.0234396,0.09947992861270905,0.7452547550201416,0.675367534160614
YMR302C,YPR056W,0,-1.0235703,0.09946666657924652,0.7452547550201416,0.6754675507545471
YGL023C,YBR260C,0,-1.0236232,0.099453404545784,0.7452547550201416,0.6755675673484802
YGR077C,YFR045W,0,-1.0236834,0.09944014996290207,0.7452547550201416,0.6756675839424133
YEL060C,YJR097W,0,-1.0240065,0.09942689538002014,0.7452547550201416,0.6757676005363464
YPR159W,YMR238W,1,-1.0241532,0.09954690933227539,0.7462537288665771,0.6757676005363464
YOR307C,YLR015W,0,-1.0243182,0.09953364729881287,0.7462537288665771,0.6758675575256348
YKL166C,YLR246W,0,-1.0243648,0.09952038526535034,0.7462537288665771,0.6759675741195679
YAL021C,YDL077C,0,-1.0244933,0.09950712323188782,0.7462537288665771,0.676067590713501
YIR025W,YKR009C,0,-1.0245544,0.09949387609958649,0.7462537288665771,0.6761676073074341
YMR022W,YLR356W,0,-1.0245793,0.09948062151670456,0.7462537288665771,0.6762676239013672
YDR163W,YJL141C,0,-1.0246426,0.09946737438440323,0.7462537288665771,0.6763676404953003
YHR047C,YJL092W,0,-1.024649,0.0994541347026825,0.7462537288665771,0.6764676570892334
YIL171W,YBR260C,0,-1.0246618,0.09944089502096176,0.7462537288665771,0.6765676736831665
YPR118W,YNL008C,0,-1.02471,0.09942765533924103,0.7462537288665771,0.6766676902770996
YCR053W,YOR239W,0,-1.024733,0.09941442310810089,0.7462537288665771,0.6767676472663879
YLR192C,YMR088C,0,-1.0249102,0.09940119832754135,0.7462537288665771,0.676867663860321
YNR027W,YER074W,0,-1.0249847,0.09938797354698181,0.7462537288665771,0.6769676804542542
YMR078C,YLR126C,0,-1.0249972,0.09937474876642227,0.7462537288665771,0.6770676970481873
YCR088W,YNL119W,0,-1.0249984,0.09936153143644333,0.7462537288665771,0.6771677136421204
YJR001W,YDR496C,0,-1.0250239,0.09934831410646439,0.7462537288665771,0.6772677302360535
YDR363W,YIR032C,0,-1.0250351,0.09933510422706604,0.7462537288665771,0.6773677468299866
YIL031W,YGL038C,0,-1.0250771,0.09932190179824829,0.7462537288665771,0.6774677634239197
YGR035C,YMR042W,0,-1.0250964,0.09930869191884995,0.7462537288665771,0.6775677800178528
YOR037W,YMR020W,0,-1.0251749,0.09929549694061279,0.7462537288665771,0.6776677370071411
YKL042W,YPL183W-A,0,-1.0252702,0.09928229451179504,0.7462537288665771,0.6777677536010742
YJL002C,YFL041W,0,-1.0255163,0.09926909953355789,0.7462537288665771,0.6778677701950073
YBR158W,YNL210W,0,-1.0255874,0.09925591200590134,0.7462537288665771,0.6779677867889404
YOR171C,YDR466W,0,-1.0256728,0.09924272447824478,0.7462537288665771,0.6780678033828735
YKL201C,YPR024W,0,-1.0257586,0.09922954440116882,0.7462537288665771,0.6781678199768066
YDR403W,YDL174C,0,-1.0258999,0.09921636432409286,0.7462537288665771,0.6782678365707397
YIL044C,YIL157C,0,-1.0260782,0.0992031842470169,0.7462537288665771,0.6783678531646729
YDR416W,YGR282C,0,-1.0261408,0.09919001162052155,0.7462537288665771,0.678467869758606
YLR421C,YCR097W,0,-1.026202,0.09917684644460678,0.7462537288665771,0.6785678863525391
YEL071W,YNL049C,0,-1.0262812,0.09916368126869202,0.7462537288665771,0.6786678433418274
YLR398C,YIL142W,0,-1.0263376,0.09915051609277725,0.7462537288665771,0.6787678599357605
YNL016W,YDL099W,0,-1.0263672,0.09913735836744308,0.7462537288665771,0.6788678765296936
YLR186W,YKL117W,0,-1.0263895,0.09912420064210892,0.7462537288665771,0.6789678931236267
YGL137W,YEL042W,0,-1.0264859,0.09911105036735535,0.7462537288665771,0.6790679097175598
YKR068C,YOR124C,0,-1.0265557,0.09909790754318237,0.7462537288665771,0.6791679263114929
YLR372W,YPR183W,0,-1.026608,0.0990847572684288,0.7462537288665771,0.679267942905426
YJR131W,YJL216C,1,-1.0266155,0.09920424222946167,0.7472527623176575,0.679267942905426
YNL223W,YIL168W,0,-1.0269033,0.0991910919547081,0.7472527623176575,0.6793679594993591
YNL275W,YLR176C,0,-1.0270822,0.09917793422937393,0.7472527623176575,0.6794679760932922
YNL071W,YDL044C,0,-1.0271695,0.09916479140520096,0.7472527623176575,0.6795679330825806
YOR174W,YHR062C,0,-1.0274663,0.09915164113044739,0.7472527623176575,0.6796679496765137
YMR270C,YGR286C,0,-1.0275992,0.09913850575685501,0.7472527623176575,0.6797679662704468
YNL154C,YFR037C,0,-1.0276524,0.09912536293268204,0.7472527623176575,0.6798679828643799
YLR452C,YBR243C,0,-1.027654,0.09911222755908966,0.7472527623176575,0.679967999458313
YAL063C,YMR198W,0,-1.0276732,0.09909909963607788,0.7472527623176575,0.6800680160522461
YML029W,YFL013C,0,-1.0277336,0.0990859717130661,0.7472527623176575,0.6801680326461792
YJR103W,YOR215C,0,-1.0277661,0.09907285124063492,0.7472527623176575,0.6802680492401123
YKL176C,YOR367W,0,-1.0278416,0.09905973076820374,0.7472527623176575,0.6803680658340454
YOL070C,YFL013C,0,-1.0278943,0.09904661029577255,0.7472527623176575,0.6804680228233337
YHR066W,YDR258C,0,-1.0280019,0.09903349727392197,0.7472527623176575,0.6805680394172668
YAL031C,YDR371W,0,-1.0280583,0.09902038425207138,0.7472527623176575,0.6806680560112
YDR452W,YLR002C,0,-1.0281767,0.09900727868080139,0.7472527623176575,0.6807680726051331
YLR144C,YLR286C,1,-1.0282366,0.09912652522325516,0.748251736164093,0.6807680726051331
YNR073C,YJR010W,0,-1.0282432,0.09911340475082397,0.748251736164093,0.6808680891990662
YMR238W,YDR400W,1,-1.0282433,0.09923259913921356,0.7492507696151733,0.6808680891990662
YKL041W,YKR046C,0,-1.028406,0.09921947121620178,0.7492507696151733,0.6809681057929993
YGL043W,YBR122C,0,-1.0285501,0.0992063507437706,0.7492507696151733,0.6810681223869324
YHR017W,YMR123W,0,-1.0287311,0.09919323027133942,0.7492507696151733,0.6811681389808655
YBR205W,YBL024W,0,-1.0287552,0.09918010979890823,0.7492507696151733,0.6812681555747986
YNL284C,YIR034C,0,-1.0288346,0.09916699677705765,0.7492507696151733,0.6813681125640869
YGL183C,YDL194W,0,-1.0288794,0.09915388375520706,0.7492507696151733,0.68146812915802
YOL043C,YGR289C,0,-1.0290749,0.09914077818393707,0.7492507696151733,0.6815681457519531
YKL112W,YFR006W,0,-1.0290831,0.09912768006324768,0.7492507696151733,0.6816681623458862
YER162C,YFR003C,0,-1.0292859,0.09911457449197769,0.7492507696151733,0.6817681789398193
YKL166C,YOL044W,0,-1.0296302,0.0991014763712883,0.7492507696151733,0.6818681955337524
YNL107W,YKL173W,0,-1.0298282,0.0990883857011795,0.7492507696151733,0.6819682121276855
YHR102W,YMR089C,0,-1.0298455,0.09907529503107071,0.7492507696151733,0.6820682287216187
YPL187W,YER153C,0,-1.029916,0.09906221181154251,0.7492507696151733,0.6821682453155518
YBR126C,YGL259W,0,-1.0301695,0.09904912859201431,0.7492507696151733,0.6822682023048401
YER026C,YGL039W,0,-1.030202,0.09903605282306671,0.7492507696151733,0.6823682188987732
YPR070W,YHR079C,0,-1.0303464,0.09902297705411911,0.7492507696151733,0.6824682354927063
YPL106C,YDR255C,0,-1.0305284,0.09900990128517151,0.7492507696151733,0.6825682520866394
YGR074W,YBR145W,0,-1.0308108,0.0989968329668045,0.7492507696151733,0.6826682686805725
YFL022C,YOL097C,0,-1.0309407,0.0989837646484375,0.7492507696151733,0.6827682852745056
YOL017W,YDR158W,0,-1.03095,0.09897070378065109,0.7492507696151733,0.6828683018684387
YJR131W,YDR371W,1,-1.0311484,0.0990895926952362,0.7502497434616089,0.6828683018684387
YKL172W,YKL165C,0,-1.0312587,0.0990765169262886,0.7502497434616089,0.6829683184623718
YDR254W,YNR045W,0,-1.0312879,0.0990634486079216,0.7502497434616089,0.6830683350563049
YKL172W,YKL203C,0,-1.0313231,0.0990503802895546,0.7502497434616089,0.6831682920455933
YNL136W,YFL018C,0,-1.0313308,0.09903731942176819,0.7502497434616089,0.6832683086395264
YOR356W,YBR030W,0,-1.03141,0.09902425855398178,0.7502497434616089,0.6833683252334595
YBL084C,YML095C,0,-1.031411,0.09901120513677597,0.7502497434616089,0.6834683418273926
YDL103C,YLR285W,0,-1.031412,0.09899815171957016,0.7502497434616089,0.6835683584213257
YGL156W,YGR143W,1,-1.0314566,0.09911691397428513,0.7512487769126892,0.6835683584213257
YCL010C,YKL157W,0,-1.0315633,0.09910384565591812,0.7512487769126892,0.6836683750152588
YGR134W,YJR007W,0,-1.0317936,0.09909079223871231,0.7512487769126892,0.6837683916091919
YMR308C,YPL154C,0,-1.0318023,0.0990777313709259,0.7512487769126892,0.683868408203125
YLR210W,YER185W,0,-1.0318447,0.09906468540430069,0.7512487769126892,0.6839684247970581
YDR262W,YNR060W,0,-1.0318729,0.09905163198709488,0.7512487769126892,0.6840683817863464
YLR088W,YMR043W,0,-1.0319176,0.09903858602046967,0.7512487769126892,0.6841683983802795
YPR159W,YHR143W,1,-1.0320168,0.09915722906589508,0.7522477507591248,0.6841683983802795
YLL015W,YGR252W,0,-1.0320624,0.09914417564868927,0.7522477507591248,0.6842684149742126
YHR065C,YGR276C,0,-1.0320685,0.09913112223148346,0.7522477507591248,0.6843684315681458
YMR044W,YIL159W,0,-1.0321981,0.09911807626485825,0.7522477507591248,0.6844684481620789
YOL125W,YHR007C,0,-1.0323577,0.09910503029823303,0.7522477507591248,0.684568464756012
YOL062C,YJL065C,0,-1.0325186,0.09909198433160782,0.7522477507591248,0.6846684813499451
YEL052W,YMR160W,0,-1.032638,0.0990789458155632,0.7522477507591248,0.6847684979438782
YDR130C,YBR173C,0,-1.032716,0.09906591475009918,0.7522477507591248,0.6848685145378113
YIR028W,YNL306W,0,-1.0327172,0.09905288368463516,0.7522477507591248,0.6849684715270996
YNL039W,YML110C,0,-1.0327206,0.09903985261917114,0.7522477507591248,0.6850684881210327
YDR541C,YOR115C,0,-1.0327504,0.09902682900428772,0.7522477507591248,0.6851685047149658
YNR013C,YDL019C,0,-1.0327877,0.0990138053894043,0.7522477507591248,0.6852685213088989
YKR044W,YOL146W,0,-1.0329189,0.09900078922510147,0.7522477507591248,0.685368537902832
YOR176W,YDL061C,0,-1.032982,0.09898777306079865,0.7522477507591248,0.6854685544967651
YEL053C,YBR048W,0,-1.0331358,0.09897476434707642,0.7522477507591248,0.6855685710906982
YDR378C,YDR402C,0,-1.0333452,0.09896175563335419,0.7522477507591248,0.6856685876846313
YDR480W,YIL041W,0,-1.033349,0.09894875437021255,0.7522477507591248,0.6857686042785645
YNR016C,YIL145C,0,-1.0335132,0.09893575310707092,0.7522477507591248,0.6858685612678528
YML114C,YML018C,0,-1.0335232,0.09892275184392929,0.7522477507591248,0.6859685778617859
YER012W,YDR158W,0,-1.0335791,0.09890975803136826,0.7522477507591248,0.686068594455719
YHR119W,YPR011C,0,-1.0336531,0.09889677166938782,0.7522477507591248,0.6861686110496521
YPR135W,YBR058C,0,-1.0337468,0.09888378530740738,0.7522477507591248,0.6862686276435852
YPL031C,YPR122W,0,-1.0338346,0.09887079894542694,0.7522477507591248,0.6863686442375183
YNL262W,YGL256W,0,-1.0339017,0.0988578200340271,0.7522477507591248,0.6864686608314514
YNR041C,YOR074C,0,-1.0339131,0.09884484112262726,0.7522477507591248,0.6865686774253845
YFR044C,YDR079W,0,-1.0339376,0.09883186966180801,0.7522477507591248,0.6866686940193176
YLR119W,YJR070C,0,-1.0339413,0.09881889820098877,0.7522477507591248,0.686768651008606
YER065C,YJL221C,0,-1.0339825,0.09880593419075012,0.7522477507591248,0.6868686676025391
YLR144C,YHR204W,1,-1.0339884,0.0989241674542427,0.7532467246055603,0.6868686676025391
YHR004C,YNL279W,0,-1.0340538,0.09891118854284286,0.7532467246055603,0.6869686841964722
YJR131W,YDR221W,1,-1.0341159,0.09902938455343246,0.7542457580566406,0.6869686841964722
YCL014W,YLR022C,0,-1.0345155,0.09901639074087143,0.7542457580566406,0.6870687007904053
YDR030C,YKL082C,0,-1.0345774,0.09900341182947159,0.7542457580566406,0.6871687173843384
YBR080C,YPL237W,0,-1.0345844,0.09899042546749115,0.7542457580566406,0.6872687339782715
YMR267W,YML097C,0,-1.0347643,0.0989774540066719,0.7542457580566406,0.6873687505722046
YLR378C,YJL138C,0,-1.0348125,0.09896447509527206,0.7542457580566406,0.6874687671661377
YER086W,YGL094C,0,-1.0348697,0.09895150363445282,0.7542457580566406,0.6875687837600708
YHR050W,YNL169C,0,-1.0348716,0.09893853962421417,0.7542457580566406,0.6876687407493591
YKL220C,YBR056W,0,-1.0349131,0.09892557561397552,0.7542457580566406,0.6877687573432922
YJL200C,YGL055W,0,-1.0349168,0.09891261905431747,0.7542457580566406,0.6878687739372253
YMR316W,YLR423C,0,-1.0349785,0.09889966249465942,0.7542457580566406,0.6879687905311584
YNL265C,YIR008C,0,-1.0349897,0.09888670593500137,0.7542457580566406,0.6880688071250916
YLR014C,YOR317W,0,-1.0350616,0.09887375682592392,0.7542457580566406,0.6881688237190247
YPL094C,YLR097C,0,-1.0356778,0.09886080771684647,0.7542457580566406,0.6882688403129578
YIL157C,YBL006C,0,-1.0357859,0.09884786605834961,0.7542457580566406,0.6883688569068909
YCL038C,YJL091C,0,-1.0359524,0.09883492439985275,0.7542457580566406,0.688468873500824
YNL321W,YBL011W,0,-1.0359706,0.09882199019193649,0.7542457580566406,0.6885688304901123
YNL121C,YLR051C,0,-1.0362474,0.09880905598402023,0.7542457580566406,0.6886688470840454
YDR253C,YPR031W,0,-1.0365492,0.09879612922668457,0.7542457580566406,0.6887688636779785
YML007W,YPR191W,0,-1.0365971,0.09878320246934891,0.7542457580566406,0.6888688802719116
YGL002W,YIR018W,0,-1.0366769,0.09877027571201324,0.7542457580566406,0.6889688968658447
YPR065W,YDR330W,0,-1.0369375,0.09875735640525818,0.7542457580566406,0.6890689134597778
YDR363W,YAL009W,0,-1.0369998,0.09874444454908371,0.7542457580566406,0.6891689300537109
YLL003W,YDL054C,0,-1.0371991,0.09873152524232864,0.7542457580566406,0.689268946647644
YOR035C,YKL018W,0,-1.0372686,0.09871862083673477,0.7542457580566406,0.6893689632415771
YDR266C,YJL194W,0,-1.0372806,0.0987057164311409,0.7542457580566406,0.6894689202308655
YOR179C,YOR143C,0,-1.03733,0.09869281202554703,0.7542457580566406,0.6895689368247986
YGR169C,YLR295C,0,-1.0375627,0.09867990761995316,0.7542457580566406,0.6896689534187317
YAR031W,YLR404W,0,-1.0377113,0.09866701811552048,0.7542457580566406,0.6897689700126648
YIR037W,YDR014W,0,-1.0377737,0.0986541211605072,0.7542457580566406,0.6898689866065979
YDL007W,YGR276C,0,-1.0381578,0.09864123165607452,0.7542457580566406,0.689969003200531
YMR019W,YPR024W,0,-1.0381907,0.09862834960222244,0.7542457580566406,0.6900690197944641
YGL161C,YER140W,0,-1.0382591,0.09861546754837036,0.7542457580566406,0.6901690363883972
YDR169C,YLR216C,0,-1.0384351,0.09860258549451828,0.7542457580566406,0.6902690529823303
YLR134W,YBR156C,0,-1.0384634,0.0985897108912468,0.7542457580566406,0.6903690099716187
YGR264C,YBR135W,0,-1.0386065,0.09857683628797531,0.7542457580566406,0.6904690265655518
YPL149W,YJL130C,0,-1.0387737,0.09856396913528442,0.7542457580566406,0.6905690431594849
YER087W,YDL174C,0,-1.0389555,0.09855110198259354,0.7542457580566406,0.690669059753418
YKL059C,YCR096C,0,-1.0389951,0.09853824228048325,0.7542457580566406,0.6907690763473511
YDL024C,YJL104W,0,-1.0391188,0.09852538257837296,0.7542457580566406,0.6908690929412842
YNL182C,YKL195W,0,-1.0391737,0.09851252287626266,0.7542457580566406,0.6909691095352173
YMR223W,YCR046C,0,-1.0393347,0.09849967062473297,0.7542457580566406,0.6910691261291504
YDR337W,YNR004W,0,-1.0396267,0.09848682582378387,0.7542457580566406,0.6911691427230835
YOL105C,YER087W,0,-1.0397042,0.09847398102283478,0.7542457580566406,0.6912690997123718
YNL128W,YBR150C,0,-1.0400459,0.09846113622188568,0.7542457580566406,0.6913691163063049
YJR098C,YLR078C,0,-1.0402123,0.09844829887151718,0.7542457580566406,0.691469132900238
YJR014W,YDR222W,0,-1.0405395,0.09843546152114868,0.7542457580566406,0.6915691494941711
YOL138C,YDR219C,0,-1.0408577,0.09842263162136078,0.7542457580566406,0.6916691660881042
YOR279C,YLR203C,0,-1.0409119,0.09840980172157288,0.7542457580566406,0.6917691826820374
YIR032C,YLL039C,0,-1.0410243,0.09839697927236557,0.7542457580566406,0.6918691992759705
YDR139C,YBR068C,0,-1.0411482,0.09838415682315826,0.7542457580566406,0.6919692158699036
YOR190W,YML021C,1,-1.0413098,0.09850163012742996,0.7552447319030762,0.6919692158699036
YGL206C,YKL137W,0,-1.0413163,0.09848879277706146,0.7552447319030762,0.6920692324638367
YPR160W,YGL094C,0,-1.0413167,0.09847597032785416,0.7552447319030762,0.692169189453125
YMR030W,YPL099C,0,-1.0414662,0.09846314042806625,0.7552447319030762,0.6922692060470581
YCL061C,YOR115C,0,-1.0415072,0.09845031797885895,0.7552447319030762,0.6923692226409912
YHR188C,YKR030W,0,-1.0415993,0.09843750298023224,0.7552447319030762,0.6924692392349243
YDR480W,YJL129C,0,-1.0416075,0.09842468798160553,0.7552447319030762,0.6925692558288574
YLR151C,YMR224C,0,-1.0416813,0.09841187298297882,0.7552447319030762,0.6926692724227905
YBR102C,YHR104W,0,-1.0417088,0.09839906543493271,0.7552447319030762,0.6927692890167236
YCR081W,YMR097C,0,-1.0417191,0.0983862578868866,0.7552447319030762,0.6928693056106567
YBR299W,YNL066W,1,-1.0417339,0.09850357472896576,0.7562437653541565,0.6928693056106567
YGR271C-A,YOR285W,0,-1.0420438,0.09849075973033905,0.7562437653541565,0.6929693222045898
YKL007W,YNL027W,0,-1.0420808,0.09847795218229294,0.7562437653541565,0.6930692791938782
YJL036W,YMR186W,0,-1.0422482,0.09846513718366623,0.7562437653541565,0.6931692957878113
YER090W,YOR076C,0,-1.0422902,0.09845233708620071,0.7562437653541565,0.6932693123817444
YJL092W,YNR003C,0,-1.0423354,0.0984395295381546,0.7562437653541565,0.6933693289756775
YCR012W,YOR116C,0,-1.0424076,0.09842672944068909,0.7562437653541565,0.6934693455696106
YLR170C,YCR026C,0,-1.0424805,0.09841393679380417,0.7562437653541565,0.6935693621635437
YMR039C,YAL017W,0,-1.0424894,0.09840114414691925,0.7562437653541565,0.6936693787574768
YMR276W,YKR038C,0,-1.0426891,0.09838835150003433,0.7562437653541565,0.6937693953514099
YGL156W,YLR213C,1,-1.042691,0.09850552678108215,0.757242739200592,0.6937693953514099
YOR014W,YDR248C,0,-1.0426912,0.09849272668361664,0.757242739200592,0.693869411945343
YMR128W,YGR262C,0,-1.0429307,0.09847992658615112,0.757242739200592,0.6939693689346313
YJL101C,YNR027W,0,-1.0431365,0.0984671339392662,0.757242739200592,0.6940693855285645
YBR296C,YPL091W,0,-1.04321,0.09845434129238129,0.757242739200592,0.6941694021224976
YMR121C,YDR109C,0,-1.0433514,0.09844155609607697,0.757242739200592,0.6942694187164307
YNL242W,YOR181W,0,-1.0434427,0.09842877835035324,0.757242739200592,0.6943694353103638
YNL327W,YGL156W,1,-1.043558,0.09854583442211151,0.7582417726516724,0.6943694353103638
YLR318W,YBL017C,0,-1.043624,0.09853304177522659,0.7582417726516724,0.6944694519042969
YDR404C,YDR216W,0,-1.04363,0.09852024912834167,0.7582417726516724,0.69456946849823
YDR137W,YOL052C,0,-1.0439608,0.09850746393203735,0.7582417726516724,0.6946694850921631
YOR214C,YLR099C,0,-1.0439849,0.09849467873573303,0.7582417726516724,0.6947695016860962
YER003C,YKR054C,0,-1.0439861,0.09848190099000931,0.7582417726516724,0.6948694586753845
YGL131C,YDR312W,0,-1.0440756,0.09846912324428558,0.7582417726516724,0.6949694752693176
YDR139C,YHR082C,0,-1.044313,0.09845635294914246,0.7582417726516724,0.6950694918632507
YML021C,YOL043C,1,-1.0443422,0.09857328236103058,0.7592407464981079,0.6950694918632507
YOL004W,YBR234C,0,-1.0444759,0.09856049716472626,0.7592407464981079,0.6951695084571838
YDL178W,YLR002C,0,-1.0445815,0.09854771941900253,0.7592407464981079,0.6952695250511169
YAR018C,YDR318W,0,-1.0446327,0.09853494167327881,0.7592407464981079,0.69536954164505
YDR531W,YBR204C,0,-1.0446566,0.09852216392755508,0.7592407464981079,0.6954695582389832
YJL184W,YOR215C,0,-1.0447316,0.09850939363241196,0.7592407464981079,0.6955695748329163
YOR067C,YHR058C,0,-1.0447322,0.09849663078784943,0.7592407464981079,0.6956695914268494
YER162C,YCR092C,0,-1.0447472,0.0984838679432869,0.7592407464981079,0.6957695484161377
YBR239C,YBR150C,0,-1.0447503,0.09847110509872437,0.7592407464981079,0.6958695650100708
YPR058W,YDR173C,0,-1.0447843,0.09845834970474243,0.7592407464981079,0.6959695816040039
YMR016C,YER025W,0,-1.0448686,0.0984455943107605,0.7592407464981079,0.696069598197937
YGL051W,YPL256C,0,-1.0449871,0.09843284636735916,0.7592407464981079,0.6961696147918701
YEL021W,YGR041W,0,-1.0450306,0.09842009842395782,0.7592407464981079,0.6962696313858032
YLR084C,YBR155W,0,-1.0450532,0.09840735793113708,0.7592407464981079,0.6963696479797363
YBR264C,YDL005C,0,-1.0450779,0.09839461743831635,0.7592407464981079,0.6964696645736694
YEL062W,YGR048W,0,-1.0451787,0.0983818769454956,0.7592407464981079,0.6965696811676025
YHR032W,YDL022W,0,-1.0452257,0.09836914390325546,0.7592407464981079,0.6966696381568909
YIL099W,YLR057W,1,-1.0452267,0.09848582744598389,0.7602397799491882,0.6966696381568909
YOL110W,YIL073C,0,-1.0453243,0.09847308695316315,0.7602397799491882,0.696769654750824
YGL222C,YLR246W,0,-1.0453287,0.09846034646034241,0.7602397799491882,0.6968696713447571
YBR080C,YOR168W,0,-1.045369,0.09844760596752167,0.7602397799491882,0.6969696879386902
YJR064W,YJR029W,0,-1.0453836,0.09843487292528152,0.7602397799491882,0.6970697045326233
YKL073W,YML095C,0,-1.0454022,0.09842213988304138,0.7602397799491882,0.6971697211265564
YMR264W,YEL071W,0,-1.0455768,0.09840941429138184,0.7602397799491882,0.6972697377204895
YBR159W,YML121W,0,-1.0455861,0.09839668869972229,0.7602397799491882,0.6973697543144226
YBR050C,YHR028C,0,-1.0456469,0.09838397055864334,0.7602397799491882,0.6974697709083557
YNL284C,YPL183W-A,0,-1.0457542,0.09837125241756439,0.7602397799491882,0.697569727897644
YHR143W,YDR261C,1,-1.0457686,0.09848778694868088,0.7612387537956238,0.697569727897644
YNL009W,YKL055C,0,-1.0458795,0.09847506135702133,0.7612387537956238,0.6976697444915771
YGL187C,YDR337W,0,-1.0459834,0.09846233576536179,0.7612387537956238,0.6977697610855103
YKL064W,YDR253C,0,-1.0460391,0.09844961017370224,0.7612387537956238,0.6978697776794434
YHR196W,YDR371W,0,-1.0460596,0.09843689203262329,0.7612387537956238,0.6979697942733765
YBL088C,YER184C,0,-1.0462424,0.09842418134212494,0.7612387537956238,0.6980698108673096
YJR031C,YCR053W,0,-1.0466163,0.09841147065162659,0.7612387537956238,0.6981698274612427
YOR074C,YCL036W,0,-1.0472256,0.09839875996112823,0.7612387537956238,0.6982698440551758
YGR108W,YJR083C,0,-1.0473932,0.09838605672121048,0.7612387537956238,0.6983698606491089
YBR056W,YLR057W,1,-1.047649,0.09850244969129562,0.7622377872467041,0.6983698606491089
YGR134W,YJR093C,0,-1.0477027,0.09848973900079727,0.7622377872467041,0.6984698176383972
YHR003C,YML032C,0,-1.0477759,0.09847702831029892,0.7622377872467041,0.6985698342323303
YOR037W,YIL131C,0,-1.0479637,0.09846431761980057,0.7622377872467041,0.6986698508262634
YPR061C,YGL047W,0,-1.048088,0.09845161437988281,0.7622377872467041,0.6987698674201965
YGR251W,YBR145W,0,-1.048176,0.09843891113996506,0.7622377872467041,0.6988698840141296
YMR298W,YNL209W,0,-1.048394,0.0984262153506279,0.7622377872467041,0.6989699006080627
YDR170C,YPR168W,0,-1.0484625,0.09841351956129074,0.7622377872467041,0.6990699172019958
YPL009C,YDR207C,0,-1.0485005,0.09840082377195358,0.7622377872467041,0.699169933795929
YJL090C,YLR080W,0,-1.0485399,0.09838813543319702,0.7622377872467041,0.6992699503898621
YJR067C,YLR364W,0,-1.0485951,0.09837545454502106,0.7622377872467041,0.6993699073791504
YLR276C,YMR308C,0,-1.0486255,0.0983627662062645,0.7622377872467041,0.6994699239730835
YNR012W,YHR016C,0,-1.0487177,0.09835009276866913,0.7622377872467041,0.6995699405670166
YLR399C,YDL165W,0,-1.0493358,0.09833741188049316,0.7622377872467041,0.6996699571609497
YPR026W,YMR305C,1,-1.0493983,0.09845361113548279,0.7632367610931396,0.6996699571609497
YPR121W,YJL137C,0,-1.0494419,0.09844092279672623,0.7632367610931396,0.6997699737548828
YDL055C,YOR188W,0,-1.0495445,0.09842824190855026,0.7632367610931396,0.6998699903488159
YDR046C,YOL058W,0,-1.0496056,0.0984155610203743,0.7632367610931396,0.699970006942749
YCR087C-A,YER137C,0,-1.0496111,0.09840288758277893,0.7632367610931396,0.7000700235366821
YPR079W,YJR138W,0,-1.0498172,0.09839021414518356,0.7632367610931396,0.7001700401306152
YJL047C,YDL164C,0,-1.0499052,0.0983775407075882,0.7632367610931396,0.7002700567245483
YBR177C,YJR126C,0,-1.0500915,0.09836487472057343,0.7632367610931396,0.7003700137138367
YAL033W,YJL101C,0,-1.050107,0.09835221618413925,0.7632367610931396,0.7004700303077698
YCR102C,YER173W,0,-1.0501449,0.09833955764770508,0.7632367610931396,0.7005700469017029
YKL064W,YDR123C,0,-1.0502651,0.0983268991112709,0.7632367610931396,0.700670063495636
YPL086C,YCL036W,0,-1.0504982,0.09831424802541733,0.7632367610931396,0.7007700800895691
YER183C,YBL022C,0,-1.0505067,0.09830159693956375,0.7632367610931396,0.7008700966835022
YIL126W,YIL041W,0,-1.0506653,0.09828894585371017,0.7632367610931396,0.7009701132774353
YKR066C,YKR102W,0,-1.0506904,0.0982763022184372,0.7632367610931396,0.7010701298713684
YHR011W,YDR218C,0,-1.0507107,0.09826366603374481,0.7632367610931396,0.7011701464653015
YDL004W,YNL304W,0,-1.0507618,0.09825102984905243,0.7632367610931396,0.7012701034545898
YOL120C,YGL166W,0,-1.0508664,0.09823839366436005,0.7632367610931396,0.701370120048523
YDR159W,YDR394W,0,-1.0509207,0.09822576493024826,0.7632367610931396,0.701470136642456
YJL209W,YNL070W,0,-1.0509604,0.09821313619613647,0.7632367610931396,0.7015701532363892
YDR072C,YDL122W,0,-1.0511773,0.09820051491260529,0.7632367610931396,0.7016701698303223
YKL168C,YKL091C,0,-1.0512753,0.0981878936290741,0.7632367610931396,0.7017701864242554
YIL160C,YGR029W,0,-1.0515026,0.0981752797961235,0.7632367610931396,0.7018702030181885
YLR134W,YJR060W,0,-1.051528,0.09816265851259232,0.7632367610931396,0.7019702196121216
YIL044C,YNR074C,0,-1.0515919,0.09815005213022232,0.7632367610931396,0.7020702362060547
YGR241C,YDL156W,0,-1.0516136,0.09813744574785233,0.7632367610931396,0.702170193195343
YOR354C,YLR028C,0,-1.0516922,0.09812483936548233,0.7632367610931396,0.7022702097892761
YNR001C,YDR299W,0,-1.0517032,0.09811224043369293,0.7632367610931396,0.7023702263832092
YGR189C,YDR261C,1,-1.051752,0.09822804480791092,0.7642357349395752,0.7023702263832092
YOR216C,YML110C,0,-1.0518341,0.09821543097496033,0.7642357349395752,0.7024702429771423
YJL151C,YNL121C,0,-1.0518829,0.09820282459259033,0.7642357349395752,0.7025702595710754
YLR192C,YGL155W,0,-1.0519723,0.09819021821022034,0.7642357349395752,0.7026702761650085
YFL041W,YKL091C,0,-1.0521724,0.09817761927843094,0.7642357349395752,0.7027702927589417
YBL046W,YDR109C,0,-1.0522355,0.09816502034664154,0.7642357349395752,0.7028703093528748
YMR162C,YDR332W,0,-1.0523374,0.09815242141485214,0.7642357349395752,0.7029703259468079
YDR167W,YLL004W,0,-1.0525305,0.09813982993364334,0.7642357349395752,0.7030702829360962
YHR034C,YDL215C,0,-1.0525675,0.09812724590301514,0.7642357349395752,0.7031702995300293
YDR311W,YMR246W,0,-1.0526662,0.09811466187238693,0.7642357349395752,0.7032703161239624
YCR010C,YKR060W,0,-1.052723,0.09810207784175873,0.7642357349395752,0.7033703327178955
YOR290C,YJL145W,0,-1.0527326,0.09808950126171112,0.7642357349395752,0.7034703493118286
YDR017C,YBR161W,0,-1.0527662,0.09807692468166351,0.7642357349395752,0.7035703659057617
YGR067C,YEL037C,0,-1.0528324,0.0980643481016159,0.7642357349395752,0.7036703824996948
YDL039C,YIL091C,0,-1.0528424,0.0980517789721489,0.7642357349395752,0.7037703990936279
YLR074C,YEL046C,0,-1.0528587,0.09803921729326248,0.7642357349395752,0.703870415687561
YML029W,YNR017W,0,-1.052974,0.09802665561437607,0.7642357349395752,0.7039703726768494
YNL135C,YKL160W,0,-1.0529791,0.09801409393548965,0.7642357349395752,0.7040703892707825
YCL057W,YGR101W,0,-1.0530336,0.09800153970718384,0.7642357349395752,0.7041704058647156
YER002W,YBR006W,0,-1.053123,0.09798898547887802,0.7642357349395752,0.7042704224586487
YNL230C,YBR106W,0,-1.0532018,0.0979764312505722,0.7642357349395752,0.7043704390525818
YAL041W,YPL157W,0,-1.0532445,0.09796388447284698,0.7642357349395752,0.7044704556465149
YER095W,YIL136W,0,-1.0533627,0.09795134514570236,0.7642357349395752,0.704570472240448
YDR018C,YGR070W,0,-1.0534531,0.09793880581855774,0.7642357349395752,0.7046704888343811
YNL314W,YLL043W,0,-1.0534625,0.09792626649141312,0.7642357349395752,0.7047705054283142
YLR275W,YEL047C,0,-1.0536102,0.09791373461484909,0.7642357349395752,0.7048704624176025
YDR465C,YKL188C,0,-1.0536894,0.09790120273828506,0.7642357349395752,0.7049704790115356
YFL001W,YHL040C,0,-1.053708,0.09788867831230164,0.7642357349395752,0.7050704956054688
YJR033C,YOR005C,0,-1.0537877,0.0978761538863182,0.7642357349395752,0.7051705121994019
YBL016W,YGR274C,0,-1.05383,0.09786362946033478,0.7642357349395752,0.705270528793335
YAL023C,YJR082C,0,-1.0538421,0.09785111248493195,0.7642357349395752,0.7053705453872681
YIL044C,YCL059C,0,-1.0538771,0.09783859550952911,0.7642357349395752,0.7054705619812012
YHR066W,YIL093C,0,-1.0539156,0.09782608598470688,0.7642357349395752,0.7055705785751343
YBL028C,YHR011W,0,-1.0540138,0.09781357645988464,0.7642357349395752,0.7056705951690674
YOL155C,YFL018C,0,-1.0542756,0.097801074385643,0.7642357349395752,0.7057705521583557
YDL082W,YLR040C,0,-1.0543529,0.09778857231140137,0.7642357349395752,0.7058705687522888
YNR016C,YOR044W,0,-1.054452,0.09777607023715973,0.7642357349395752,0.7059705853462219
YDL136W,YGL008C,0,-1.0545393,0.09776357561349869,0.7642357349395752,0.706070601940155
YMR004W,YIL155C,0,-1.0545402,0.09775108844041824,0.7642357349395752,0.7061706185340881
YCR066W,YLR429W,0,-1.0546647,0.0977385938167572,0.7642357349395752,0.7062706351280212
YIL172C,YOL157C,1,-1.0549809,0.09785385429859161,0.7652347683906555,0.7062706351280212
YCL057W,YJL143W,0,-1.0550538,0.09784135967493057,0.7652347683906555,0.7063706517219543
YBR055C,YEL031W,0,-1.0551897,0.09782886505126953,0.7652347683906555,0.7064706683158875
YER068W,YJR021C,0,-1.0552249,0.09781637042760849,0.7652347683906555,0.7065706849098206
YPL084W,YEL042W,0,-1.0557019,0.09780388325452805,0.7652347683906555,0.7066706418991089
YKL190W,YNL097C,0,-1.0557393,0.0977913960814476,0.7652347683906555,0.706770658493042
YBR216C,YMR188C,0,-1.0557504,0.09777890890836716,0.7652347683906555,0.7068706750869751
YDR498C,YGR062C,0,-1.0558183,0.09776642918586731,0.7652347683906555,0.7069706916809082
YCR057C,YDR519W,0,-1.0558662,0.09775395691394806,0.7652347683906555,0.7070707082748413
YDR163W,YGR088W,0,-1.055926,0.09774148464202881,0.7652347683906555,0.7071707248687744
YLR390W,YDR140W,0,-1.0560781,0.09772901237010956,0.7652347683906555,0.7072707414627075
YDR347W,YDL022W,0,-1.0561725,0.0977165475487709,0.7652347683906555,0.7073707580566406
YKR066C,YBR072W,0,-1.0567306,0.09770408272743225,0.7652347683906555,0.7074707746505737
YDL059C,YCR023C,0,-1.0569614,0.0976916179060936,0.7652347683906555,0.7075707316398621
YIL150C,YJL165C,0,-1.0570846,0.09767916053533554,0.7652347683906555,0.7076707482337952
YDL192W,YIL139C,0,-1.0571606,0.09766671061515808,0.7652347683906555,0.7077707648277283
YDL069C,YOL006C,0,-1.0571691,0.09765426069498062,0.7652347683906555,0.7078707814216614
YKL143W,YER185W,0,-1.0572152,0.09764181077480316,0.7652347683906555,0.7079707980155945
YGL086W,YLR192C,0,-1.057305,0.0976293683052063,0.7652347683906555,0.7080708146095276
YLR224W,YIR023W,0,-1.0573756,0.09761692583560944,0.7652347683906555,0.7081708312034607
YDL039C,YPR189W,0,-1.0574296,0.09760448336601257,0.7652347683906555,0.7082708477973938
YGR207C,YER157W,0,-1.0574623,0.09759204834699631,0.7652347683906555,0.7083708643913269
YGR214W,YMR260C,0,-1.0575671,0.09757962077856064,0.7652347683906555,0.7084708213806152
YJR078W,YBR126C,0,-1.0577742,0.09756718575954437,0.7652347683906555,0.7085708379745483
YOR337W,YOR323C,0,-1.0580515,0.0975547656416893,0.7652347683906555,0.7086708545684814
YBR202W,YNL058C,0,-1.0586144,0.09754233807325363,0.7652347683906555,0.7087708711624146
YGL212W,YJR006W,0,-1.0587103,0.09752991795539856,0.7652347683906555,0.7088708877563477
YNL154C,YOR278W,0,-1.0589309,0.09751750528812408,0.7652347683906555,0.7089709043502808
YLR265C,YCR028C,0,-1.0589496,0.09750509262084961,0.7652347683906555,0.7090709209442139
YER161C,YBL011W,0,-1.0590754,0.09749267995357513,0.7652347683906555,0.709170937538147
YBR001C,YGR280C,0,-1.0591849,0.09748027473688126,0.7652347683906555,0.7092709541320801
YNR018W,YJR083C,0,-1.0593302,0.09746786952018738,0.7652347683906555,0.7093709111213684
YGL156W,YDR001C,1,-1.0593708,0.09758269786834717,0.7662337422370911,0.7093709111213684
YBR123C,YLR341W,0,-1.0597858,0.09757028520107269,0.7662337422370911,0.7094709277153015
YMR276W,YOL080C,0,-1.0598361,0.09755787253379822,0.7662337422370911,0.7095709443092346
YCR052W,YNL119W,0,-1.059999,0.09754546731710434,0.7662337422370911,0.7096709609031677
YGR281W,YJR110W,0,-1.0600069,0.09753306210041046,0.7662337422370911,0.7097709774971008
YDR373W,YIL131C,0,-1.0600214,0.09752066433429718,0.7662337422370911,0.7098709940910339
YLR233C,YNL188W,0,-1.0601239,0.0975082665681839,0.7662337422370911,0.709971010684967
YNL097C,YDR081C,0,-1.0601361,0.09749586880207062,0.7662337422370911,0.7100710272789001
YMR168C,YGL002W,0,-1.0603164,0.09748347848653793,0.7662337422370911,0.7101710438728333
YNR043W,YIL133C,0,-1.0607117,0.09747108817100525,0.7662337422370911,0.7102710008621216
YOR138C,YGL226C-A,0,-1.0607344,0.09745870530605316,0.7662337422370911,0.7103710174560547
YML078W,YOR180C,0,-1.0607705,0.09744632244110107,0.7662337422370911,0.7104710340499878
YPR140W,YLL051C,0,-1.0607821,0.09743393957614899,0.7662337422370911,0.7105710506439209
YNR036C,YGL250W,0,-1.060836,0.0974215641617775,0.7662337422370911,0.710671067237854
YLR414C,YDR044W,0,-1.0608486,0.0974091961979866,0.7662337422370911,0.7107710838317871
YGR038W,YMR029C,0,-1.060876,0.09739682823419571,0.7662337422370911,0.7108711004257202
YLR380W,YLR051C,0,-1.0610585,0.09738446027040482,0.7662337422370911,0.7109711170196533
YLR265C,YHR161C,0,-1.0611105,0.09737209230661392,0.7662337422370911,0.7110711336135864
YDR018C,YDR173C,0,-1.0611112,0.09735973924398422,0.7662337422370911,0.7111710906028748
YDL180W,YOR211C,0,-1.0611719,0.09734737873077393,0.7662337422370911,0.7112711071968079
YMR104C,YNL072W,0,-1.0612514,0.09733502566814423,0.7662337422370911,0.711371123790741
YIR035C,YER172C,0,-1.0612566,0.09732267260551453,0.7662337422370911,0.7114711403846741
YOL001W,YHR104W,0,-1.0615118,0.09731032699346542,0.7662337422370911,0.7115711569786072
YOR231W,YJR021C,0,-1.0615737,0.09729798138141632,0.7662337422370911,0.7116711735725403
YJR064W,YGL173C,0,-1.0616084,0.09728564321994781,0.7662337422370911,0.7117711901664734
YLL050C,YKR056W,0,-1.0616369,0.09727330505847931,0.7662337422370911,0.7118712067604065
YML034W,YPL242C,0,-1.0616689,0.0972609668970108,0.7662337422370911,0.7119712233543396
YOR190W,YGR287C,1,-1.0619469,0.09737543016672134,0.7672327756881714,0.7119712233543396
YJR078W,YDR462W,0,-1.061953,0.09736308455467224,0.7672327756881714,0.7120711803436279
YPL050C,YJL166W,0,-1.061983,0.09735073894262314,0.7672327756881714,0.712171196937561
YDL101C,YDR483W,0,-1.0620071,0.09733840078115463,0.7672327756881714,0.7122712135314941
YLR121C,YER171W,0,-1.0622054,0.09732607007026672,0.7672327756881714,0.7123712301254272
YDR351W,YJR143C,0,-1.0623612,0.09731373190879822,0.7672327756881714,0.7124712467193604
YOL043C,YNL261W,0,-1.062392,0.0973014086484909,0.7672327756881714,0.7125712633132935
YLR166C,YMR054W,0,-1.0625417,0.097289077937603,0.7672327756881714,0.7126712799072266
YJL065C,YGR289C,0,-1.0625681,0.09727675467729568,0.7672327756881714,0.7127712965011597
YOR295W,YCR020C,0,-1.0626625,0.09726443886756897,0.7672327756881714,0.7128713130950928
YHR178W,YMR186W,0,-1.0630888,0.09725212305784225,0.7672327756881714,0.7129712700843811
YHR065C,YHR175W,0,-1.0632008,0.09723980724811554,0.7672327756881714,0.7130712866783142
YGR091W,YAL005C,0,-1.0632676,0.09722749888896942,0.7672327756881714,0.7131713032722473
YBR299W,YJL216C,1,-1.0633651,0.09734176844358444,0.7682317495346069,0.7131713032722473
YKL166C,YGL220W,0,-1.0633726,0.09732945263385773,0.7682317495346069,0.7132713198661804
YNR046W,YHR063C,0,-1.0634415,0.09731713682413101,0.7682317495346069,0.7133713364601135
YIL099W,YIL172C,1,-1.0634484,0.09743135422468185,0.7692307829856873,0.7133713364601135
YKR010C,YPR113W,0,-1.0638714,0.09741903096437454,0.7692307829856873,0.7134713530540466
YLR005W,YDR390C,0,-1.0639477,0.09740670770406723,0.7692307829856873,0.7135713696479797
YLR453C,YMR039C,0,-1.0640327,0.09739438444375992,0.7692307829856873,0.7136713862419128
YGL028C,YML021C,1,-1.0642467,0.09750853478908539,0.7702297568321228,0.7136713862419128
YGL145W,YOR176W,0,-1.0645267,0.09749620407819748,0.7702297568321228,0.713771402835846
YAL022C,YKR030W,0,-1.0647888,0.09748388081789017,0.7702297568321228,0.7138713598251343
YBR158W,YIL082W-A,0,-1.0648211,0.09747155755758286,0.7702297568321228,0.7139713764190674
YLR163C,YIR036C,0,-1.0648501,0.09745923429727554,0.7702297568321228,0.7140713930130005
YHR065C,YDR242W,0,-1.064877,0.09744691848754883,0.7702297568321228,0.7141714096069336
YFL034C-B,YLR145W,0,-1.0652283,0.09743460267782211,0.7702297568321228,0.7142714262008667
YKR098C,YGL187C,0,-1.0656269,0.0974222868680954,0.7702297568321228,0.7143714427947998
YDR266C,YGL123W,0,-1.0657425,0.09740997850894928,0.7702297568321228,0.7144714593887329
YER118C,YJL176C,0,-1.0658468,0.09739767760038376,0.7702297568321228,0.714571475982666
YHR147C,YOL066C,0,-1.065855,0.09738537669181824,0.7702297568321228,0.7146714925765991
YDR064W,YBR274W,0,-1.0659009,0.09737307578325272,0.7702297568321228,0.7147714495658875
YIL162W,YDR371W,1,-1.0661713,0.09748705476522446,0.7712287902832031,0.7147714495658875
YDL055C,YNL084C,0,-1.0662324,0.09747474640607834,0.7712287902832031,0.7148714661598206
YIL142W,YNL149C,0,-1.0662695,0.09746243804693222,0.7712287902832031,0.7149714827537537
YGR156W,YPR083W,0,-1.0662955,0.0974501371383667,0.7712287902832031,0.7150714993476868
YDR221W,YJL216C,1,-1.066332,0.09756405651569366,0.7722277641296387,0.7150714993476868
YLR197W,YHL047C,0,-1.0663596,0.09755174070596695,0.7722277641296387,0.7151715159416199
YDL215C,YOR008C,0,-1.0663731,0.09753943234682083,0.7722277641296387,0.715271532535553
YNL153C,YLR128W,0,-1.0665661,0.09752712398767471,0.7722277641296387,0.7153715491294861
YGL083W,YOR167C,0,-1.0666014,0.09751482307910919,0.7722277641296387,0.7154715657234192
YHR025W,YBR156C,0,-1.0666746,0.09750252217054367,0.7722277641296387,0.7155715823173523
YMR199W,YDR093W,0,-1.0669914,0.09749022871255875,0.7722277641296387,0.7156715393066406
YBR199W,YER173W,0,-1.0670241,0.09747793525457382,0.7722277641296387,0.7157715559005737
YMR044W,YHR119W,0,-1.067098,0.0974656417965889,0.7722277641296387,0.7158715724945068
YOR092W,YPL244C,0,-1.067177,0.09745335578918457,0.7722277641296387,0.7159715890884399
YDR046C,YNL189W,0,-1.0672989,0.09744106978178024,0.7722277641296387,0.716071605682373
YDR388W,YDR416W,0,-1.0673621,0.09742878377437592,0.7722277641296387,0.7161716222763062
YGR287C,YIL099W,1,-1.0676658,0.09754253178834915,0.773226797580719,0.7161716222763062
YOL027C,YDR195W,0,-1.0677199,0.09753023833036423,0.773226797580719,0.7162716388702393
YKL127W,YBR283C,0,-1.0677655,0.0975179523229599,0.773226797580719,0.7163716554641724
YER110C,YDR529C,0,-1.0677906,0.09750566631555557,0.773226797580719,0.7164716720581055
YHR027C,YNL151C,0,-1.0679407,0.09749338775873184,0.773226797580719,0.7165716290473938
YDL007W,YOR290C,0,-1.0682538,0.09748110920190811,0.773226797580719,0.7166716456413269
YOR176W,YPL060W,0,-1.0682666,0.09746883064508438,0.773226797580719,0.71677166223526
YJR058C,YNL151C,0,-1.0683273,0.09745655953884125,0.773226797580719,0.7168716788291931
YER095W,YGL259W,0,-1.0684066,0.09744428843259811,0.773226797580719,0.7169716954231262
YGR207C,YLR424W,0,-1.0685172,0.09743202477693558,0.773226797580719,0.7170717120170593
YJL044C,YGL119W,0,-1.0685679,0.09741976112127304,0.773226797580719,0.7171717286109924
YOL123W,YIL088C,0,-1.0686164,0.0974074974656105,0.773226797580719,0.7172717452049255
YNR067C,YFR055W,0,-1.0687181,0.09739524126052856,0.773226797580719,0.7173717617988586
YAL034W-A,YNL092W,0,-1.0687733,0.09738299250602722,0.773226797580719,0.717471718788147
YLR286C,YLR057W,1,-1.0692267,0.09749653935432434,0.7742257714271545,0.717471718788147
YPR056W,YEL034W,0,-1.0692958,0.0974842756986618,0.7742257714271545,0.7175717353820801
YLR074C,YJL128C,0,-1.0693617,0.09747201949357986,0.7742257714271545,0.7176717519760132
YKR098C,YDL051W,0,-1.0695488,0.09745975583791733,0.7742257714271545,0.7177717685699463
YDL095W,YER173W,0,-1.0695559,0.09744750708341599,0.7742257714271545,0.7178717851638794
YML060W,YLR286C,1,-1.069557,0.09756097197532654,0.7752248048782349,0.7178717851638794
YDL239C,YML132W,0,-1.0698186,0.097548708319664,0.7752248048782349,0.7179718017578125
YCR081W,YPL042C,0,-1.0698285,0.09753645211458206,0.7752248048782349,0.7180718183517456
YGR198W,YNL271C,0,-1.069948,0.09752419590950012,0.7752248048782349,0.7181718349456787
YBR159W,YDR341C,0,-1.0700687,0.09751193970441818,0.7752248048782349,0.7182718515396118
YBR035C,YGL038C,0,-1.0700737,0.09749968349933624,0.7752248048782349,0.7183718085289001
YIR011C,YBL102W,0,-1.0701774,0.0974874347448349,0.7752248048782349,0.7184718251228333
YHR091C,YIR017C,0,-1.0702058,0.09747519344091415,0.7752248048782349,0.7185718417167664
YDL148C,YPR189W,0,-1.0702481,0.09746295213699341,0.7752248048782349,0.7186718583106995
YBR103W,YDL058W,0,-1.0703645,0.09745071083307266,0.7752248048782349,0.7187718749046326
YBR273C,YHR140W,0,-1.0707594,0.09743846952915192,0.7752248048782349,0.7188718914985657
YNL153C,YOR196C,0,-1.0709498,0.09742624312639236,0.7752248048782349,0.7189719080924988
YDL156W,YHL022C,0,-1.071163,0.09741400927305222,0.7752248048782349,0.7190719246864319
YJR044C,YGL251C,0,-1.0713966,0.09740178287029266,0.7752248048782349,0.719171941280365
YDR299W,YFR005C,0,-1.0715159,0.09738955646753311,0.7752248048782349,0.7192718982696533
YPL232W,YJL137C,0,-1.0715894,0.09737733751535416,0.7752248048782349,0.7193719148635864
YDR416W,YMR160W,0,-1.0720867,0.0973651185631752,0.7752248048782349,0.7194719314575195
YGR134W,YMR285C,0,-1.0721164,0.09735290706157684,0.7752248048782349,0.7195719480514526
YAL042W,YBL026W,0,-1.072214,0.09734069555997849,0.7752248048782349,0.7196719646453857
YNL210W,YGL077C,0,-1.0722317,0.09732848405838013,0.7752248048782349,0.7197719812393188
YMR098C,YOR222W,0,-1.0723114,0.09731628000736237,0.7752248048782349,0.719871997833252
YAL053W,YML008C,0,-1.0723454,0.0973040759563446,0.7752248048782349,0.7199720144271851
YHR081W,YBR273C,0,-1.0723642,0.09729187190532684,0.7752248048782349,0.7200720310211182
YGL083W,YML028W,0,-1.0723691,0.09727968275547028,0.7752248048782349,0.7201719880104065
YMR152W,YBR072W,0,-1.0724896,0.09726748615503311,0.7752248048782349,0.7202720046043396
YOR368W,YHR046C,0,-1.072771,0.09725529700517654,0.7752248048782349,0.7203720211982727
YLR126C,YMR227C,0,-1.0728891,0.09724310785531998,0.7752248048782349,0.7204720377922058
YPR190C,YDR414C,0,-1.0729896,0.097230926156044,0.7752248048782349,0.7205720543861389
YDR169C,YIR002C,0,-1.0730189,0.09721874445676804,0.7752248048782349,0.720672070980072
YGL153W,YOR074C,0,-1.0730984,0.09720656275749207,0.7752248048782349,0.7207720875740051
YMR227C,YKL041W,0,-1.0731162,0.09719438850879669,0.7752248048782349,0.7208721041679382
YEL058W,YKL164C,0,-1.0731531,0.09718221426010132,0.7752248048782349,0.7209721207618713
YLR403W,YLL034C,0,-1.073545,0.09717004746198654,0.7752248048782349,0.7210720777511597
YFL016C,YPL223C,0,-1.0737706,0.09715788066387177,0.7752248048782349,0.7211720943450928
YJL155C,YKL065C,0,-1.0738208,0.09714572131633759,0.7752248048782349,0.7212721109390259
YDR141C,YOL041C,0,-1.0739114,0.0971335619688034,0.7752248048782349,0.721372127532959
YCL036W,YOL115W,0,-1.073916,0.09712140262126923,0.7752248048782349,0.7214721441268921
YPL045W,YLR309C,0,-1.0739163,0.09710925072431564,0.7752248048782349,0.7215721607208252
YDR113C,YOR123C,0,-1.0739398,0.09709709882736206,0.7752248048782349,0.7216721773147583
YPR159W,YLR286C,1,-1.0739723,0.09721005707979202,0.7762237787246704,0.7216721773147583
YNR054C,YBR001C,0,-1.0740896,0.09719789773225784,0.7762237787246704,0.7217721939086914
YJL178C,YCR093W,0,-1.0742341,0.09718573838472366,0.7762237787246704,0.7218722105026245
YML099C,YMR280C,0,-1.0742369,0.09717358648777008,0.7762237787246704,0.7219721674919128
YOR346W,YMR296C,0,-1.0743438,0.0971614345908165,0.7762237787246704,0.722072184085846
YDR293C,YKR068C,0,-1.0744239,0.09714929014444351,0.7762237787246704,0.722172200679779
YOL109W,YBL106C,0,-1.0744721,0.09713714569807053,0.7762237787246704,0.7222722172737122
YMR099C,YPL159C,0,-1.0748136,0.09712500125169754,0.7762237787246704,0.7223722338676453
YOR061W,YJR083C,0,-1.0748954,0.09711286425590515,0.7762237787246704,0.7224722504615784
YIL020C,YLR116W,0,-1.0749444,0.09710072726011276,0.7762237787246704,0.7225722670555115
YGL212W,YDL168W,0,-1.0749665,0.09708859026432037,0.7762237787246704,0.7226722836494446
YER112W,YOL100W,0,-1.0750546,0.09707646071910858,0.7762237787246704,0.7227723002433777
YNL121C,YIR035C,0,-1.0750617,0.09706433117389679,0.7762237787246704,0.7228723168373108
YBR228W,YBR129C,0,-1.0751244,0.0970522090792656,0.7762237787246704,0.7229722738265991
YCR017C,YBR019C,0,-1.075284,0.0970400869846344,0.7762237787246704,0.7230722904205322
YOR354C,YPL183W-A,0,-1.075314,0.0970279723405838,0.7762237787246704,0.7231723070144653
YOR234C,YKL143W,0,-1.0755126,0.0970158576965332,0.7762237787246704,0.7232723236083984
YIL112W,YOR131C,0,-1.0756731,0.0970037430524826,0.7762237787246704,0.7233723402023315
YGL050W,YER103W,0,-1.0758508,0.0969916358590126,0.7762237787246704,0.7234723567962646
YLR419W,YJR107W,0,-1.0759912,0.0969795286655426,0.7762237787246704,0.7235723733901978
YBR207W,YGL213C,0,-1.0760187,0.0969674289226532,0.7762237787246704,0.7236723899841309
YCL059C,YJL130C,0,-1.0764834,0.0969553291797638,0.7762237787246704,0.723772406578064
YGR268C,YLL029W,0,-1.0764921,0.09694322943687439,0.7762237787246704,0.7238723635673523
YBL103C,YMR025W,0,-1.0765699,0.09693113714456558,0.7762237787246704,0.7239723801612854
YLR098C,YGR013W,0,-1.076661,0.09691904485225677,0.7762237787246704,0.7240723967552185
YLR042C,YMR315W,0,-1.0766908,0.09690696001052856,0.7762237787246704,0.7241724133491516
YGR225W,YLR142W,0,-1.0768932,0.09689487516880035,0.7762237787246704,0.7242724299430847
YDL078C,YJR088C,0,-1.0769651,0.09688279032707214,0.7762237787246704,0.7243724465370178
YKL108W,YKL211C,0,-1.0770451,0.09687071293592453,0.7762237787246704,0.7244724631309509
YDL060W,YKL012W,0,-1.0771983,0.09685863554477692,0.7762237787246704,0.724572479724884
YKR094C,YBL102W,0,-1.0772358,0.0968465656042099,0.7762237787246704,0.7246724963188171
YIL020C,YAL010C,0,-1.0775024,0.09683449566364288,0.7762237787246704,0.7247724533081055
YLR229C,YDL165W,0,-1.0776508,0.09682243317365646,0.7762237787246704,0.7248724699020386
YMR292W,YPL214C,0,-1.077746,0.09681036323308945,0.7762237787246704,0.7249724864959717
YOR353C,YNL058C,0,-1.0777596,0.09679830819368362,0.7762237787246704,0.7250725030899048
YDR379W,YJR105W,0,-1.0780004,0.0967862457036972,0.7762237787246704,0.7251725196838379
YER153C,YBR170C,0,-1.0780109,0.09677419066429138,0.7762237787246704,0.725272536277771
YLR312W-A,YLR163C,0,-1.078229,0.09676214307546616,0.7762237787246704,0.7253725528717041
YMR099C,YFR005C,0,-1.0784014,0.09675009548664093,0.7762237787246704,0.7254725694656372
YMR086W,YLR343W,0,-1.0785289,0.0967380478978157,0.7762237787246704,0.7255725860595703
YIR033W,YDL141W,0,-1.0785922,0.09672600775957108,0.7762237787246704,0.7256725430488586
YBR164C,YER133W,0,-1.0786457,0.09671396762132645,0.7762237787246704,0.7257725596427917
YBR037C,YGL251C,0,-1.0787739,0.09670192748308182,0.7762237787246704,0.7258725762367249
YJR091C,YMR065W,0,-1.0788074,0.09668989479541779,0.7762237787246704,0.725972592830658
YOL145C,YLR071C,0,-1.0788202,0.09667786210775375,0.7762237787246704,0.7260726094245911
YDL161W,YNL192W,0,-1.079089,0.09666583687067032,0.7762237787246704,0.7261726260185242
YPR118W,YLR244C,0,-1.0791821,0.09665381163358688,0.7762237787246704,0.7262726426124573
YOL082W,YDR523C,0,-1.0791873,0.09664179384708405,0.7762237787246704,0.7263726592063904
YGL040C,YBL027W,0,-1.0791925,0.09662977606058121,0.7762237787246704,0.7264726758003235
YKR010C,YDR392W,0,-1.0792674,0.09661775827407837,0.7762237787246704,0.7265726327896118
YPR164W,YNL262W,0,-1.0793163,0.09660574048757553,0.7762237787246704,0.7266726493835449
YBR001C,YPR184W,1,-1.0793258,0.09671805053949356,0.777222752571106,0.7266726493835449
YMR302C,YER044C,0,-1.079596,0.09670602530241013,0.777222752571106,0.726772665977478
YMR256C,YOR120W,0,-1.0796062,0.09669400751590729,0.777222752571106,0.7268726825714111
YFL013C,YCL074W,0,-1.0796608,0.09668198972940445,0.777222752571106,0.7269726991653442
YAL044C,YPR204W,0,-1.0798026,0.09666997939348221,0.777222752571106,0.7270727157592773
YLR318W,YAR018C,0,-1.0799645,0.09665796905755997,0.777222752571106,0.7271727323532104
YOR251C,YER087W,0,-1.0800636,0.09664596617221832,0.777222752571106,0.7272727489471436
YGL122C,YOR085W,0,-1.08008,0.09663395583629608,0.777222752571106,0.7273727655410767
YLR165C,YOR230W,0,-1.0802854,0.09662196040153503,0.777222752571106,0.727472722530365
YOR362C,YDL115C,0,-1.0803485,0.09660995751619339,0.777222752571106,0.7275727391242981
YAL022C,YGR056W,0,-1.0804834,0.09659796208143234,0.777222752571106,0.7276727557182312
YHR206W,YMR061W,0,-1.0805091,0.09658597409725189,0.777222752571106,0.7277727723121643
YLR080W,YML049C,0,-1.0806154,0.09657397866249084,0.777222752571106,0.7278727889060974
YGR086C,YPR127W,0,-1.0809023,0.09656199812889099,0.777222752571106,0.7279728055000305
YLR276C,YCL019W,0,-1.0810764,0.09655001014471054,0.777222752571106,0.7280728220939636
YGR035C,YKR045C,0,-1.0813316,0.09653802961111069,0.777222752571106,0.7281728386878967
YGR169C,YJR138W,0,-1.0813613,0.09652605652809143,0.777222752571106,0.7282728552818298
YMR171C,YFR045W,0,-1.0814332,0.09651408344507217,0.777222752571106,0.7283728122711182
YER090W,YPL012W,0,-1.0816611,0.09650211036205292,0.777222752571106,0.7284728288650513
YPR196W,YGR041W,0,-1.0821447,0.09649013727903366,0.777222752571106,0.7285728454589844
YNL016W,YBL067C,0,-1.0824001,0.096478171646595,0.777222752571106,0.7286728620529175
YKR008W,YJR075W,0,-1.0824997,0.09646621346473694,0.777222752571106,0.7287728786468506
YGL169W,YDR511W,0,-1.0829388,0.09645425528287888,0.777222752571106,0.7288728952407837
YJL216C,YOL157C,1,-1.082961,0.09656625986099243,0.7782217860221863,0.7288728952407837
YJR131W,YML060W,1,-1.0829768,0.0966782346367836,0.7792207598686218,0.7288728952407837
YPL129W,YGL011C,0,-1.0830417,0.09666625410318375,0.7792207598686218,0.7289729118347168
YEL040W,YGR143W,1,-1.0831134,0.09677819162607193,0.7802197933197021,0.7289729118347168
YOL102C,YKL038W,0,-1.0831907,0.09676620364189148,0.7802197933197021,0.7290729284286499
YDR085C,YHL020C,0,-1.083206,0.09675421565771103,0.7802197933197021,0.729172945022583
YBR084W,YNL222W,0,-1.0832759,0.09674222767353058,0.7802197933197021,0.7292729020118713
YMR039C,YGR041W,0,-1.0833496,0.09673024713993073,0.7802197933197021,0.7293729186058044
YML060W,YBR056W,1,-1.0833741,0.09684210270643234,0.7812187671661377,0.7293729186058044
YDR262W,YOR353C,0,-1.083476,0.09683011472225189,0.7812187671661377,0.7294729351997375
YLR216C,YGR041W,0,-1.0835011,0.09681812673807144,0.7812187671661377,0.7295729517936707
YPR056W,YDL239C,0,-1.0835562,0.09680613875389099,0.7812187671661377,0.7296729683876038
YDL150W,YDR541C,0,-1.083611,0.09679415822029114,0.7812187671661377,0.7297729849815369
YIL072W,YKL065C,0,-1.0836506,0.09678217768669128,0.7812187671661377,0.72987300157547
YBL088C,YPL124W,0,-1.0837042,0.09677020460367203,0.7812187671661377,0.7299730181694031
YNR028W,YGR095C,0,-1.0839267,0.09675823152065277,0.7812187671661377,0.7300730347633362
YPR028W,YIL158W,0,-1.0841652,0.09674625843763351,0.7812187671661377,0.7301729917526245
YNL264C,YDL056W,0,-1.0842415,0.09673429280519485,0.7812187671661377,0.7302730083465576
YJR022W,YGR109C,0,-1.0843097,0.0967223271727562,0.7812187671661377,0.7303730249404907
YHR074W,YDR400W,0,-1.0845888,0.09671036154031754,0.7812187671661377,0.7304730415344238
YFR009W,YAL040C,0,-1.084658,0.09669840335845947,0.7812187671661377,0.7305730581283569
YOL026C,YJL076W,0,-1.08469,0.096686452627182,0.7812187671661377,0.73067307472229
YBR171W,YDR429C,0,-1.0848258,0.09667449444532394,0.7812187671661377,0.7307730913162231
YOR008C,YOR098C,0,-1.085027,0.09666254371404648,0.7812187671661377,0.7308731079101562
YNL280C,YGR074W,0,-1.085468,0.09665060043334961,0.7812187671661377,0.7309731245040894
YPL022W,YHR007C,0,-1.0855566,0.09663865715265274,0.7812187671661377,0.7310730814933777
YGL160W,YKR026C,0,-1.0855947,0.09662671387195587,0.7812187671661377,0.7311730980873108
YCL014W,YNL271C,0,-1.0856645,0.0966147780418396,0.7812187671661377,0.7312731146812439
YDL215C,YDL128W,0,-1.0857059,0.09660284221172333,0.7812187671661377,0.731373131275177
YMR047C,YMR307W,0,-1.0857289,0.09659090638160706,0.7812187671661377,0.7314731478691101
YDR236C,YBR185C,0,-1.0858058,0.09657897800207138,0.7812187671661377,0.7315731644630432
YNL304W,YPR166C,0,-1.0859385,0.0965670570731163,0.7812187671661377,0.7316731810569763
YAL038W,YPL174C,0,-1.0861057,0.09655512869358063,0.7812187671661377,0.7317731976509094
YHR172W,YFR044C,0,-1.086259,0.09654320776462555,0.7812187671661377,0.7318732142448425
YLL015W,YMR214W,0,-1.0862728,0.09653129428625107,0.7812187671661377,0.7319731712341309
YHR167W,YDL246C,0,-1.0864481,0.09651938080787659,0.7812187671661377,0.732073187828064
YBR198C,YOR147W,0,-1.0867068,0.0965074673295021,0.7812187671661377,0.7321732044219971
YDL056W,YOR292C,0,-1.0867815,0.09649556130170822,0.7812187671661377,0.7322732210159302
YGL172W,YBR297W,0,-1.0868238,0.09648365527391434,0.7812187671661377,0.7323732376098633
YCL031C,YMR208W,0,-1.0870721,0.09647174924612045,0.7812187671661377,0.7324732542037964
YNL239W,YDR311W,0,-1.0875307,0.09645985066890717,0.7812187671661377,0.7325732707977295
YJL209W,YNL127W,0,-1.0876534,0.09644795209169388,0.7812187671661377,0.7326732873916626
YFR019W,YOR173W,0,-1.0878084,0.09643606096506119,0.7812187671661377,0.7327733039855957
YBR001C,YBR056W,1,-1.0878233,0.09654746949672699,0.782217800617218,0.7327733039855957
YOL041C,YKR062W,0,-1.0879115,0.0965355709195137,0.782217800617218,0.732873260974884
YMR114C,YMR029C,0,-1.0879282,0.09652367234230042,0.782217800617218,0.7329732775688171
YNR041C,YER027C,0,-1.0881008,0.09651177376508713,0.782217800617218,0.7330732941627502
YJR058C,YLR350W,0,-1.0883008,0.09649987518787384,0.782217800617218,0.7331733107566833
YCL025C,YDR451C,0,-1.088342,0.09648798406124115,0.782217800617218,0.7332733273506165
YDR069C,YJR099W,0,-1.0884811,0.09647609293460846,0.782217800617218,0.7333733439445496
YLR289W,YLR057W,0,-1.0884817,0.09646420925855637,0.782217800617218,0.7334733605384827
YOR190W,YJL221C,1,-1.0887102,0.09657551348209381,0.7832167744636536,0.7334733605384827
YLR214W,YDR519W,0,-1.0887816,0.09656361490488052,0.7832167744636536,0.7335733771324158
YDL132W,YKL144C,0,-1.0887827,0.09655172377824783,0.7832167744636536,0.7336733937263489
YGR113W,YDR016C,0,-1.0888914,0.09653983265161514,0.7832167744636536,0.7337733507156372
YNL116W,YDR424C,0,-1.0891746,0.09652794897556305,0.7832167744636536,0.7338733673095703
YHR121W,YGL226C-A,0,-1.089228,0.09651606529951096,0.7832167744636536,0.7339733839035034
YER049W,YGL223C,0,-1.0892287,0.09650418162345886,0.7832167744636536,0.7340734004974365
YOL105C,YDL022W,0,-1.0894651,0.09649230539798737,0.7832167744636536,0.7341734170913696
YIL020C,YJR105W,0,-1.0896631,0.09648043662309647,0.7832167744636536,0.7342734336853027
YPL030W,YLR286C,0,-1.0897379,0.09646856039762497,0.7832167744636536,0.7343734502792358
YKL221W,YPR182W,0,-1.0897726,0.09645669162273407,0.7832167744636536,0.734473466873169
YGR052W,YLL035W,0,-1.0898571,0.09644483029842377,0.7832167744636536,0.734573483467102
YCR039C,YJR133W,0,-1.0899558,0.09643296152353287,0.7832167744636536,0.7346734404563904
YGR255C,YDL111C,0,-1.0900372,0.09642110764980316,0.7832167744636536,0.7347734570503235
YMR203W,YGR054W,0,-1.0900992,0.09640924632549286,0.7832167744636536,0.7348734736442566
YLR117C,YOR265W,0,-1.090187,0.09639739245176315,0.7832167744636536,0.7349734902381897
YMR289W,YGL128C,0,-1.090236,0.09638553857803345,0.7832167744636536,0.7350735068321228
YNR050C,YDL185W,0,-1.0903898,0.09637369215488434,0.7832167744636536,0.7351735234260559
YDR169C,YOR056C,0,-1.090676,0.09636184573173523,0.7832167744636536,0.735273540019989
YPL092W,YGL130W,0,-1.090716,0.09635000675916672,0.7832167744636536,0.7353735566139221
YPL064C,YDR253C,0,-1.09098,0.0963381677865982,0.7832167744636536,0.7354735732078552
YKR069W,YLR034C,0,-1.090982,0.0963263288140297,0.7832167744636536,0.7355735301971436
YDR362C,YPR127W,0,-1.091121,0.09631449729204178,0.7832167744636536,0.7356735467910767
YDR312W,YCL045C,0,-1.0911274,0.09630266577005386,0.7832167744636536,0.7357735633850098
YOL030W,YBL011W,0,-1.0912955,0.09629083424806595,0.7832167744636536,0.7358735799789429
YOL165C,YMR184W,0,-1.0913961,0.09627901017665863,0.7832167744636536,0.735973596572876
YDR086C,YNL231C,0,-1.0916555,0.09626719355583191,0.7832167744636536,0.7360736131668091
YPR101W,YML064C,0,-1.091665,0.09625536948442459,0.7832167744636536,0.7361736297607422
YJR086W,YBR001C,0,-1.0918102,0.09624355286359787,0.7832167744636536,0.7362736463546753
YGL033W,YMR114C,0,-1.0918386,0.09623174369335175,0.7832167744636536,0.7363736629486084
YBR192W,YER153C,0,-1.0921475,0.09621993452310562,0.7832167744636536,0.7364736199378967
YOR190W,YER142C,1,-1.0922741,0.09633083641529083,0.7842158079147339,0.7364736199378967
YIL095W,YNL258C,0,-1.0923326,0.09631901979446411,0.7842158079147339,0.7365736365318298
YDR043C,YIL170W,0,-1.0924244,0.09630720317363739,0.7842158079147339,0.7366736531257629
YML071C,YPR079W,0,-1.092503,0.09629538655281067,0.7842158079147339,0.736773669719696
YOR147W,YGL077C,0,-1.0929601,0.09628357738256454,0.7842158079147339,0.7368736863136292
YBR293W,YOR187W,0,-1.0929745,0.09627176821231842,0.7842158079147339,0.7369737029075623
YLR373C,YLR350W,0,-1.0930625,0.0962599664926529,0.7842158079147339,0.7370737195014954
YBR205W,YFR041C,0,-1.093121,0.09624815732240677,0.7842158079147339,0.7371737360954285
YEL011W,YLR431C,0,-1.0931613,0.09623636305332184,0.7842158079147339,0.7372737526893616
YMR305C,YHR204W,1,-1.0933908,0.0963471457362175,0.7852147817611694,0.7372737526893616
YMR016C,YEL004W,0,-1.0934165,0.09633533656597137,0.7852147817611694,0.7373737096786499
YOR202W,YJR016C,0,-1.0935253,0.09632352739572525,0.7852147817611694,0.737473726272583
YCR097W,YDR506C,0,-1.0935398,0.09631172567605972,0.7852147817611694,0.7375737428665161
YER039C,YOR003W,0,-1.0935544,0.0962999239563942,0.7852147817611694,0.7376737594604492
YIL047C,YFL055W,0,-1.093666,0.09628812968730927,0.7852147817611694,0.7377737760543823
YNL107W,YJL151C,0,-1.0937816,0.09627633541822433,0.7852147817611694,0.7378737926483154
YEL053C,YKL113C,0,-1.0939755,0.0962645411491394,0.7852147817611694,0.7379738092422485
YOL065C,YGR183C,0,-1.0941845,0.09625275433063507,0.7852147817611694,0.7380738258361816
YGR271W,YDR346C,0,-1.0942212,0.09624096751213074,0.7852147817611694,0.7381738424301147
YBR125C,YNR017W,0,-1.0943385,0.096229188144207,0.7852147817611694,0.7382737994194031
YGL180W,YKL170W,0,-1.0943414,0.09621740877628326,0.7852147817611694,0.7383738160133362
YML019W,YJL056C,0,-1.0944766,0.09620562940835953,0.7852147817611694,0.7384738326072693
YEL040W,YNR067C,1,-1.0944935,0.09631624072790146,0.7862138152122498,0.7384738326072693
YDR030C,YGR194C,0,-1.0945123,0.09630445390939713,0.7862138152122498,0.7385738492012024
YJR119C,YML025C,0,-1.0945941,0.09629267454147339,0.7862138152122498,0.7386738657951355
YBL010C,YGR075C,0,-1.0948123,0.09628088772296906,0.7862138152122498,0.7387738823890686
YGL255W,YOR232W,0,-1.0949126,0.09626911580562592,0.7862138152122498,0.7388738989830017
YJL122W,YPR125W,0,-1.0949832,0.09625733643770218,0.7862138152122498,0.7389739155769348
YNR023W,YDL042C,0,-1.0949851,0.09624556452035904,0.7862138152122498,0.7390739321708679
YAL016W,YBR245C,0,-1.095085,0.0962338000535965,0.7862138152122498,0.7391738891601562
YMR114C,YDL181W,0,-1.0950875,0.09622203558683395,0.7862138152122498,0.7392739057540894
YDL178W,YLR429W,0,-1.0951518,0.09621027112007141,0.7862138152122498,0.7393739223480225
YDR221W,YIL099W,1,-1.0951604,0.096320740878582,0.7872127890586853,0.7393739223480225
YPR094W,YLR222C,0,-1.0952679,0.09630896896123886,0.7872127890586853,0.7394739389419556
YIL126W,YER058W,0,-1.0954411,0.09629720449447632,0.7872127890586853,0.7395739555358887
YPR026W,YOL043C,1,-1.0955445,0.09640762209892273,0.7882117629051208,0.7395739555358887
YGR275W,YLR448W,0,-1.0956141,0.09639584273099899,0.7882117629051208,0.7396739721298218
YLR109W,YGL039W,0,-1.0958606,0.09638407081365585,0.7882117629051208,0.7397739887237549
YDL180W,YBR288C,0,-1.0961483,0.09637229889631271,0.7882117629051208,0.739874005317688
YGR287C,YIL172C,1,-1.096203,0.09648265689611435,0.7892107963562012,0.739874005317688
YNL224C,YGR033C,0,-1.0963601,0.09647087752819061,0.7892107963562012,0.7399740219116211
YCR017C,YPL212C,0,-1.0964106,0.09645909816026688,0.7892107963562012,0.7400739789009094
YNR012W,YLL029W,0,-1.0964108,0.09644731879234314,0.7892107963562012,0.7401739954948425
YHR011W,YLR310C,0,-1.096546,0.096435546875,0.7892107963562012,0.7402740120887756
YLR071C,YIL010W,0,-1.0968542,0.09642377495765686,0.7892107963562012,0.7403740286827087
YAL031C,YOR287C,0,-1.0968693,0.09641201049089432,0.7892107963562012,0.7404740452766418
YDR495C,YHR134W,0,-1.0970083,0.09640024602413177,0.7892107963562012,0.740574061870575
YLR043C,YOR270C,0,-1.0970608,0.09638848155736923,0.7892107963562012,0.7406740784645081
YPL064C,YOR142W,0,-1.0971379,0.09637672454118729,0.7892107963562012,0.7407740950584412
YPL190C,YPR022C,0,-1.0971873,0.09636496752500534,0.7892107963562012,0.7408741116523743
YPR021C,YJL137C,0,-1.0972301,0.0963532105088234,0.7892107963562012,0.7409740686416626
YBL037W,YDR069C,0,-1.0972438,0.09634146094322205,0.7892107963562012,0.7410740852355957
YML070W,YIL002C,0,-1.0975866,0.0963297188282013,0.7892107963562012,0.7411741018295288
YNL271C,YDR420W,0,-1.0976472,0.09631796926259995,0.7892107963562012,0.7412741184234619
YML034W,YAL013W,0,-1.0977136,0.0963062271475792,0.7892107963562012,0.741374135017395
YLR042C,YIR006C,0,-1.0978874,0.09629449248313904,0.7892107963562012,0.7414741516113281
YMR213W,YIR013C,0,-1.0978904,0.09628275781869888,0.7892107963562012,0.7415741682052612
YGL153W,YOR196C,0,-1.0979009,0.09627102315425873,0.7892107963562012,0.7416741847991943
YGR008C,YER083C,0,-1.0979401,0.09625928848981857,0.7892107963562012,0.7417742013931274
YKL112W,YPL144W,0,-1.0979756,0.09624756127595901,0.7892107963562012,0.7418741583824158
YPR004C,YPR035W,0,-1.0979813,0.09623584151268005,0.7892107963562012,0.7419741749763489
YFL017W-A,YGR049W,0,-1.0981213,0.0962241142988205,0.7892107963562012,0.742074191570282
YML114C,YGR090W,0,-1.0982319,0.09621239453554153,0.7892107963562012,0.7421742081642151
YJL073W,YLR348C,0,-1.0982667,0.09620068222284317,0.7892107963562012,0.7422742247581482
YPR132W,YGR166W,0,-1.0982962,0.0961889699101448,0.7892107963562012,0.7423742413520813
YGL121C,YKR029C,0,-1.0983802,0.09617725759744644,0.7892107963562012,0.7424742579460144
YIR009W,YBR236C,0,-1.0983964,0.09616555273532867,0.7892107963562012,0.7425742745399475
YOR361C,YOL030W,0,-1.0986532,0.09615384787321091,0.7892107963562012,0.7426742911338806
YOR291W,YBR006W,0,-1.0988778,0.09614214301109314,0.7892107963562012,0.742774248123169
YMR238W,YOL043C,1,-1.0989906,0.09625212848186493,0.7902097702026367,0.742774248123169
YDR030C,YHR176W,0,-1.0991033,0.09624041616916656,0.7902097702026367,0.742874264717102
YDR147W,YDR219C,0,-1.0993171,0.0962287113070488,0.7902097702026367,0.7429742813110352
YEL022W,YKL065C,0,-1.0993476,0.09621700644493103,0.7902097702026367,0.7430742979049683
YGR263C,YBR141C,0,-1.0993701,0.09620530158281326,0.7902097702026367,0.7431743144989014
YLL050C,YGR026W,0,-1.0993958,0.09619360417127609,0.7902097702026367,0.7432743310928345
YGL028C,YLR286C,1,-1.0995418,0.09630350023508072,0.791208803653717,0.7432743310928345
YCL025C,YDR533C,0,-1.0997866,0.09629179537296295,0.791208803653717,0.7433743476867676
YKL049C,YLR138W,0,-1.0999519,0.09628009051084518,0.791208803653717,0.7434743642807007
YLR176C,YOR298W,0,-1.0999956,0.09626838564872742,0.791208803653717,0.7435743808746338
YGR121C,YMR193W,0,-1.1001687,0.09625668078660965,0.791208803653717,0.7436743378639221
YJL155C,YPL230W,0,-1.1002299,0.09624499082565308,0.791208803653717,0.7437743544578552
YJR149W,YHR117W,0,-1.100386,0.0962332934141159,0.791208803653717,0.7438743710517883
YGR279C,YDR371W,1,-1.100459,0.09634309262037277,0.7922077775001526,0.7438743710517883
YMR127C,YOL104C,0,-1.1004871,0.096331387758255,0.7922077775001526,0.7439743876457214
YLR089C,YMR208W,0,-1.1006904,0.09631969034671783,0.7922077775001526,0.7440744042396545
YER003C,YNL088W,0,-1.1008655,0.09630799293518066,0.7922077775001526,0.7441744208335876
YHR143W,YJR153W,1,-1.1008737,0.09641773253679276,0.7932068109512329,0.7441744208335876
YML019W,YPR028W,0,-1.1008846,0.09640602022409439,0.7932068109512329,0.7442744374275208
YDL030W,YDL195W,0,-1.1010369,0.09639431536197662,0.7932068109512329,0.7443744540214539
YJL097W,YAL021C,0,-1.1010765,0.09638261795043945,0.7932068109512329,0.744474470615387
YAL029C,YDR191W,0,-1.1011634,0.09637092053890228,0.7932068109512329,0.7445744872093201
YIL162W,YJR153W,1,-1.1012279,0.0964805856347084,0.7942057847976685,0.7445744872093201
YLR393W,YDR536W,0,-1.1012484,0.09646887332201004,0.7942057847976685,0.7446744441986084
YGL253W,YER054C,0,-1.1012568,0.09645716845989227,0.7942057847976685,0.7447744607925415
YDR279W,YPL106C,0,-1.1012609,0.0964454710483551,0.7942057847976685,0.7448744773864746
YJR149W,YFL057C,0,-1.101547,0.09643377363681793,0.7942057847976685,0.7449744939804077
YGL044C,YBR182C,0,-1.1015991,0.09642207622528076,0.7942057847976685,0.7450745105743408
YGL120C,YMR247C,0,-1.1017367,0.09641037881374359,0.7942057847976685,0.7451745271682739
YPR124W,YLL009C,0,-1.1018075,0.09639868885278702,0.7942057847976685,0.745274543762207
YDR288W,YML049C,0,-1.1018187,0.09638700634241104,0.7942057847976685,0.7453745603561401
YOR368W,YLR423C,0,-1.10196,0.09637531638145447,0.7942057847976685,0.7454745769500732
YDL193W,YKL203C,0,-1.1020564,0.09636363387107849,0.7942057847976685,0.7455745339393616
YKL096W-A,YGR098C,0,-1.1020993,0.09635195881128311,0.7942057847976685,0.7456745505332947
YDR121W,YGL205W,0,-1.1021222,0.09634028375148773,0.7942057847976685,0.7457745671272278
YFL041W,YGL208W,0,-1.1022607,0.09632860869169235,0.7942057847976685,0.7458745837211609
YOR382W,YLR120C,0,-1.1022859,0.09631693363189697,0.7942057847976685,0.745974600315094
YOR130C,YDR265W,0,-1.1024885,0.09630526602268219,0.7942057847976685,0.7460746169090271
YLR022C,YJL130C,0,-1.1025553,0.096293605864048,0.7942057847976685,0.7461746335029602
YBR171W,YMR143W,0,-1.1025666,0.09628194570541382,0.7942057847976685,0.7462746500968933
YGR081C,YGL011C,0,-1.1026477,0.09627028554677963,0.7942057847976685,0.7463746666908264
YDR446W,YLR244C,0,-1.102718,0.09625862538814545,0.7942057847976685,0.7464746236801147
YHR050W,YBL036C,0,-1.1028258,0.09624697268009186,0.7942057847976685,0.7465746402740479
YGL212W,YOL129W,0,-1.1032261,0.09623531997203827,0.7942057847976685,0.746674656867981
YDR486C,YMR263W,0,-1.1032403,0.09622367471456528,0.7942057847976685,0.7467746734619141
YOR130C,YER003C,0,-1.1033342,0.09621202945709229,0.7942057847976685,0.7468746900558472
YHL012W,YIL135C,0,-1.1033912,0.0962003841996193,0.7942057847976685,0.7469747066497803
YJR129C,YJR097W,0,-1.1034435,0.0961887463927269,0.7942057847976685,0.7470747232437134
YEL040W,YJR153W,1,-1.1034602,0.09629809111356735,0.7952048182487488,0.7470747232437134
YGL209W,YDR173C,0,-1.1036571,0.09628643840551376,0.7952048182487488,0.7471747398376465
YIL157C,YDR369C,0,-1.1036905,0.09627479314804077,0.7952048182487488,0.7472747564315796
YOR293W,YJL019W,0,-1.1037439,0.09626314789056778,0.7952048182487488,0.7473747134208679
YCL014W,YNL091W,0,-1.1037452,0.09625151008367538,0.7952048182487488,0.747474730014801
YHR174W,YJL042W,0,-1.1038253,0.09623987227678299,0.7952048182487488,0.7475747466087341
YDL204W,YBR203W,0,-1.1038924,0.09622824192047119,0.7952048182487488,0.7476747632026672
YJL216C,YOL043C,1,-1.1040648,0.09633748233318329,0.7962037920951843,0.7476747632026672
YGR251W,YBR002C,0,-1.1042742,0.0963258370757103,0.7962037920951843,0.7477747797966003
YBR080C,YGL213C,0,-1.1042807,0.0963141992688179,0.7962037920951843,0.7478747963905334
YCR010C,YDL161W,0,-1.1043181,0.0963025614619255,0.7962037920951843,0.7479748129844666
YGR286C,YFR013W,0,-1.104388,0.09629092365503311,0.7962037920951843,0.7480748295783997
YBR082C,YIR005W,0,-1.1050348,0.09627929329872131,0.7962037920951843,0.7481748461723328
YDR454C,YOR222W,0,-1.105235,0.09626766294240952,0.7962037920951843,0.7482748031616211
YBR239C,YDR267C,0,-1.1057712,0.09625604003667831,0.7962037920951843,0.7483748197555542
YLR447C,YOR231W,0,-1.1062648,0.09624441713094711,0.7962037920951843,0.7484748363494873
YLR201C,YDR073W,0,-1.1062921,0.09623279422521591,0.7962037920951843,0.7485748529434204
YKL007W,YBR210W,0,-1.1065698,0.09622117877006531,0.7962037920951843,0.7486748695373535
YMR160W,YBR234C,0,-1.1065784,0.0962095633149147,0.7962037920951843,0.7487748861312866
YLR074C,YPL159C,0,-1.106743,0.0961979478597641,0.7962037920951843,0.7488749027252197
YDL056W,YCR083W,0,-1.1067721,0.09618633985519409,0.7962037920951843,0.7489749193191528
YNL007C,YIL034C,0,-1.1069425,0.09617473185062408,0.7962037920951843,0.7490749359130859
YGL065C,YDR182W,0,-1.1069888,0.09616312384605408,0.7962037920951843,0.7491748929023743
YPL087W,YBR202W,0,-1.1072435,0.09615152329206467,0.7962037920951843,0.7492749094963074
YLR398C,YER089C,0,-1.1072849,0.09613993018865585,0.7962037920951843,0.7493749260902405
YEL029C,YHR063C,0,-1.1073388,0.09612832963466644,0.7962037920951843,0.7494749426841736
YBR059C,YLR086W,0,-1.1074164,0.09611673653125763,0.7962037920951843,0.7495749592781067
YML063W,YER027C,0,-1.1075674,0.09610515087842941,0.7962037920951843,0.7496749758720398
YMR311C,YCR014C,0,-1.1075848,0.0960935652256012,0.7962037920951843,0.7497749924659729
YOR205C,YPL047W,0,-1.1076128,0.09608197957277298,0.7962037920951843,0.749875009059906
YIL090W,YKR068C,0,-1.1082525,0.09607039391994476,0.7962037920951843,0.7499750256538391
YMR231W,YER017C,0,-1.1083823,0.09605881571769714,0.7962037920951843,0.7500749826431274
YBR122C,YJR007W,0,-1.1085241,0.09604723751544952,0.7962037920951843,0.7501749992370605
YGL097W,YER124C,0,-1.1085759,0.0960356667637825,0.7962037920951843,0.7502750158309937
YJL060W,YOR212W,0,-1.1087569,0.09602409601211548,0.7962037920951843,0.7503750324249268
YBR187W,YIL002C,0,-1.1089373,0.09601252526044846,0.7962037920951843,0.7504750490188599
YJL153C,YKL198C,0,-1.1091973,0.09600096195936203,0.7962037920951843,0.750575065612793
YNL284C,YFR045W,0,-1.1096128,0.0959893986582756,0.7962037920951843,0.7506750822067261
YLR295C,YLR389C,0,-1.1096377,0.09597784280776978,0.7962037920951843,0.7507750988006592
YFR008W,YOL028C,0,-1.109651,0.09596628695726395,0.7962037920951843,0.7508751153945923
YDL208W,YOR353C,0,-1.109703,0.09595473110675812,0.7962037920951843,0.7509750723838806
YKL020C,YDR383C,0,-1.1098229,0.09594318270683289,0.7962037920951843,0.7510750889778137
YIL073C,YDR118W,0,-1.1098675,0.09593163430690765,0.7962037920951843,0.7511751055717468
YDL010W,YOL044W,0,-1.1098895,0.09592008590698242,0.7962037920951843,0.7512751221656799
YJL204C,YPR171W,0,-1.1099161,0.09590854495763779,0.7962037920951843,0.751375138759613
YOR290C,YIR009W,0,-1.1102911,0.09589700400829315,0.7962037920951843,0.7514751553535461
YER042W,YPR166C,0,-1.1102983,0.09588547050952911,0.7962037920951843,0.7515751719474792
YJR033C,YCL027W,0,-1.1103369,0.09587392956018448,0.7962037920951843,0.7516751885414124
YEL053C,YGL086W,0,-1.1104342,0.09586240351200104,0.7962037920951843,0.7517752051353455
YKL182W,YLL035W,0,-1.1104656,0.095850870013237,0.7962037920951843,0.7518751621246338
YML128C,YOR257W,0,-1.1110461,0.09583934396505356,0.7962037920951843,0.7519751787185669
YOL107W,YNL127W,0,-1.1111312,0.09582782536745071,0.7962037920951843,0.7520751953125
YDL127W,YPR021C,0,-1.1113102,0.09581629931926727,0.7962037920951843,0.7521752119064331
YPR056W,YIL035C,0,-1.1113394,0.09580478072166443,0.7962037920951843,0.7522752285003662
YBL074C,YPL119C,0,-1.1114116,0.09579326957464218,0.7962037920951843,0.7523752450942993
YJR149W,YKR087C,0,-1.1118146,0.09578175842761993,0.7962037920951843,0.7524752616882324
YPL122C,YNL044W,0,-1.1119972,0.09577024728059769,0.7962037920951843,0.7525752782821655
YMR213W,YLR132C,0,-1.1120745,0.09575874358415604,0.7962037920951843,0.7526752948760986
YDR166C,YDR484W,0,-1.1122025,0.09574723988771439,0.7962037920951843,0.752775251865387
YJL157C,YOL052C,0,-1.1125845,0.09573573619127274,0.7962037920951843,0.7528752684593201
YKL055C,YHR181W,0,-1.1127304,0.09572423994541168,0.7962037920951843,0.7529752850532532
YDR079W,YHR008C,0,-1.1127772,0.09571274369955063,0.7962037920951843,0.7530753016471863
YHL022C,YGR144W,0,-1.1130086,0.09570124745368958,0.7962037920951843,0.7531753182411194
YKR102W,YLR120C,0,-1.113068,0.09568975865840912,0.7962037920951843,0.7532753348350525
YGL227W,YJL066C,0,-1.113168,0.09567826986312866,0.7962037920951843,0.7533753514289856
YFR018C,YNL283C,0,-1.1133028,0.0956667885184288,0.7962037920951843,0.7534753680229187
YBL042C,YGR144W,0,-1.113336,0.09565530717372894,0.7962037920951843,0.7535753846168518
YKL086W,YJR032W,0,-1.1134611,0.09564382582902908,0.7962037920951843,0.7536753416061401
YOL108C,YJR090C,0,-1.113472,0.09563235193490982,0.7962037920951843,0.7537753582000732
YNL010W,YGR275W,0,-1.1135117,0.09562087804079056,0.7962037920951843,0.7538753747940063
YNL327W,YLR057W,1,-1.1135911,0.09572936594486237,0.7972028255462646,0.7538753747940063
YHR076W,YOR307C,0,-1.1136808,0.0957178846001625,0.7972028255462646,0.7539753913879395
YJR112W,YHR079C-A,0,-1.1137086,0.09570640325546265,0.7972028255462646,0.7540754079818726
YNR018W,YPR107C,0,-1.113715,0.09569492936134338,0.7972028255462646,0.7541754245758057
YGL044C,YMR164C,0,-1.1137332,0.09568345546722412,0.7972028255462646,0.7542754411697388
YGR268C,YHL007C,0,-1.1137893,0.09567198157310486,0.7972028255462646,0.7543754577636719
YDR238C,YOL133W,0,-1.1138602,0.09566051512956619,0.7972028255462646,0.754475474357605
YML128C,YFL018C,0,-1.1139337,0.09564904868602753,0.7972028255462646,0.7545754313468933
YGR279C,YLR144C,1,-1.1140836,0.09575743228197098,0.7982017993927002,0.7545754313468933
YLR186W,YOR096W,0,-1.1142576,0.09574595838785172,0.7982017993927002,0.7546754479408264
YBR267W,YNL058C,0,-1.1143037,0.09573448449373245,0.7982017993927002,0.7547754645347595
YIL009C-A,YER111C,0,-1.1144954,0.09572301059961319,0.7982017993927002,0.7548754811286926
YMR290C,YOR337W,0,-1.1146507,0.09571154415607452,0.7982017993927002,0.7549754977226257
YIR032C,YIL093C,0,-1.1148154,0.09570008516311646,0.7982017993927002,0.7550755143165588
YIL023C,YLR344W,0,-1.1150254,0.09568862617015839,0.7982017993927002,0.7551755309104919
YNR049C,YER087W,0,-1.1150929,0.09567716717720032,0.7982017993927002,0.755275547504425
YGL237C,YPR162C,0,-1.1151246,0.09566570818424225,0.7982017993927002,0.7553755640983582
YCR081W,YOL057W,0,-1.115294,0.09565425664186478,0.7982017993927002,0.7554755210876465
YDR238C,YOR020C,0,-1.1154317,0.0956428050994873,0.7982017993927002,0.7555755376815796
YPL240C,YKR046C,0,-1.1155981,0.09563136100769043,0.7982017993927002,0.7556755542755127
YNL126W,YDR283C,0,-1.1156595,0.09561991691589355,0.7982017993927002,0.7557755708694458
YER029C,YBR290W,0,-1.1158216,0.09560847282409668,0.7982017993927002,0.7558755874633789
YCL030C,YKR029C,0,-1.1158657,0.0955970361828804,0.7982017993927002,0.755975604057312
YJR086W,YKR080W,0,-1.1159382,0.09558559954166412,0.7982017993927002,0.7560756206512451
YGL027C,YMR305C,1,-1.115956,0.09569378197193146,0.7992007732391357,0.7560756206512451
YPL246C,YOR321W,0,-1.1160511,0.09568233788013458,0.7992007732391357,0.7561756372451782
YBL079W,YMR277W,0,-1.1160525,0.09567089378833771,0.7992007732391357,0.7562756538391113
YFR013W,YGR109C,0,-1.1161736,0.09565944969654083,0.7992007732391357,0.7563756108283997
YJR131W,YML021C,1,-1.1161828,0.09576757252216339,0.8001998066902161,0.7563756108283997
YDR079W,YML042W,0,-1.1161913,0.09575612843036652,0.8001998066902161,0.7564756274223328
YHR005C-A,YJR091C,0,-1.1166036,0.09574468433856964,0.8001998066902161,0.7565756440162659
YBR258C,YDL213C,0,-1.1166097,0.09573324024677277,0.8001998066902161,0.756675660610199
YGR189C,YLR300W,1,-1.1168698,0.09584130346775055,0.8011987805366516,0.756675660610199
YBL076C,YOR360C,0,-1.1169672,0.09582985192537308,0.8011987805366516,0.7567756772041321
YAL031C,YNL238W,0,-1.1170064,0.0958184003829956,0.8011987805366516,0.7568756937980652
YDR362C,YPR024W,0,-1.1170148,0.09580695629119873,0.8011987805366516,0.7569757103919983
YBR199W,YKL042W,0,-1.1170446,0.09579551219940186,0.8011987805366516,0.7570757269859314
YIL049W,YIL027C,0,-1.1170843,0.09578406810760498,0.8011987805366516,0.7571757435798645
YML106W,YGR159C,0,-1.1171354,0.0957726314663887,0.8011987805366516,0.7572757005691528
YEL040W,YBR229C,1,-1.1173548,0.09588059782981873,0.8021978139877319,0.7572757005691528
YHL001W,YBR196C,0,-1.1173593,0.09586914628744125,0.8021978139877319,0.7573757171630859
YGL013C,YJL138C,0,-1.1174424,0.09585770219564438,0.8021978139877319,0.757475733757019
YOL018C,YHR057C,0,-1.1175865,0.0958462655544281,0.8021978139877319,0.7575757503509521
YDR159W,YKL082C,0,-1.1176022,0.09583482146263123,0.8021978139877319,0.7576757669448853
YDR371W,YOL043C,1,-1.1179589,0.09594272077083588,0.8031967878341675,0.7576757669448853
YGR188C,YCR026C,0,-1.1182044,0.095931276679039,0.8031967878341675,0.7577757835388184
YKL174C,YAL024C,0,-1.1182083,0.09591982513666153,0.8031967878341675,0.7578758001327515
YNL077W,YNL331C,0,-1.1182157,0.09590838849544525,0.8031967878341675,0.7579758167266846
YGL013C,YDR069C,0,-1.1184384,0.09589694440364838,0.8031967878341675,0.7580758333206177
YPR019W,YOL086C,0,-1.1185728,0.0958855077624321,0.8031967878341675,0.758175790309906
YPL022W,YDL143W,0,-1.1188525,0.09587407857179642,0.8031967878341675,0.7582758069038391
YGR274C,YNL192W,0,-1.1189165,0.09586264193058014,0.8031967878341675,0.7583758234977722
YLR378C,YKR048C,0,-1.1189616,0.09585121273994446,0.8031967878341675,0.7584758400917053
YCR060W,YER035W,0,-1.1190702,0.09583979099988937,0.8031967878341675,0.7585758566856384
YLR371W,YBL079W,0,-1.1191627,0.09582836925983429,0.8031967878341675,0.7586758732795715
YLR210W,YPL149W,0,-1.1192826,0.0958169475197792,0.8031967878341675,0.7587758898735046
YOR128C,YGR172C,0,-1.1192942,0.09580552577972412,0.8031967878341675,0.7588759064674377
YKL003C,YHR018C,0,-1.1194612,0.09579411149024963,0.8031967878341675,0.7589759230613708
YOR328W,YML099C,0,-1.1195139,0.09578270465135574,0.8031967878341675,0.7590758800506592
YPL164C,YJL046W,0,-1.1197313,0.09577129036188126,0.8031967878341675,0.7591758966445923
YDR480W,YDR420W,0,-1.119839,0.09575988352298737,0.8031967878341675,0.7592759132385254
YOL125W,YOL115W,0,-1.119852,0.09574848413467407,0.8031967878341675,0.7593759298324585
YGL157W,YGL083W,0,-1.119881,0.09573707729578018,0.8031967878341675,0.7594759464263916
YGR054W,YDR224C,0,-1.1201202,0.09572567790746689,0.8031967878341675,0.7595759630203247
YBR302C,YDL141W,0,-1.120282,0.09571428596973419,0.8031967878341675,0.7596759796142578
YEL038W,YNL178W,0,-1.1203822,0.0957028940320015,0.8031967878341675,0.7597759962081909
YPL003W,YDR044W,0,-1.1204354,0.0956915020942688,0.8031967878341675,0.759876012802124
YMR152W,YBL097W,0,-1.1204498,0.0956801176071167,0.8031967878341675,0.7599759697914124
YMR172W,YJL203W,0,-1.1209148,0.095668725669384,0.8031967878341675,0.7600759863853455
YLR172C,YDR315C,0,-1.1211363,0.0956573486328125,0.8031967878341675,0.7601760029792786
YOR297C,YJR144W,0,-1.1213596,0.0956459641456604,0.8031967878341675,0.7602760195732117
YHR079C,YPL163C,0,-1.1214254,0.0956345871090889,0.8031967878341675,0.7603760361671448
YMR090W,YIL074C,0,-1.1215779,0.09562321752309799,0.8031967878341675,0.7604760527610779
YLR385C,YNL225C,0,-1.1216193,0.09561184793710709,0.8031967878341675,0.760576069355011
YEL065W,YML099C,0,-1.1216791,0.09560047835111618,0.8031967878341675,0.7606760859489441
YBR129C,YNL274C,0,-1.1217388,0.09558910876512527,0.8031967878341675,0.7607761025428772
YDR206W,YNL244C,0,-1.1220502,0.09557774662971497,0.8031967878341675,0.7608760595321655
YMR214W,YHR102W,0,-1.1220849,0.09556638449430466,0.8031967878341675,0.7609760761260986
YDR470C,YFL050C,0,-1.1224085,0.09555502980947495,0.8031967878341675,0.7610760927200317
YMR134W,YBR278W,0,-1.1224881,0.09554367512464523,0.8031967878341675,0.7611761093139648
YMR033W,YJR060W,0,-1.1226113,0.09553232043981552,0.8031967878341675,0.761276125907898
YDR531W,YJL130C,0,-1.1226683,0.09552096575498581,0.8031967878341675,0.761376142501831
YLR066W,YCL052C,0,-1.122836,0.0955096185207367,0.8031967878341675,0.7614761590957642
YEL056W,YGR041W,0,-1.1228606,0.09549827873706818,0.8031967878341675,0.7615761756896973
YJL216C,YAL015C,1,-1.122892,0.09560570120811462,0.8041958212852478,0.7615761756896973
YNL192W,YLR183C,0,-1.122893,0.09559434652328491,0.8041958212852478,0.7616761922836304
YDR174W,YKR086W,0,-1.1229088,0.0955829992890358,0.8041958212852478,0.7617761492729187
YNL016W,YLR448W,0,-1.1230334,0.09557165205478668,0.8041958212852478,0.7618761658668518
YHR001W,YJL145W,0,-1.1230472,0.09556030482053757,0.8041958212852478,0.7619761824607849
YML095C,YER082C,0,-1.1231745,0.09554896503686905,0.8041958212852478,0.762076199054718
YMR047C,YPL065W,0,-1.1232406,0.09553762525320053,0.8041958212852478,0.7621762156486511
YML007W,YJL187C,0,-1.1233846,0.09552628546953201,0.8041958212852478,0.7622762322425842
YFL002C,YNL044W,0,-1.1234604,0.09551495313644409,0.8041958212852478,0.7623762488365173
YDR498C,YBR039W,0,-1.1237862,0.09550362080335617,0.8041958212852478,0.7624762654304504
YDR512C,YOR208W,0,-1.1239537,0.09549228847026825,0.8041958212852478,0.7625762820243835
YGL169W,YOL052C,0,-1.1241255,0.09548096358776093,0.8041958212852478,0.7626762390136719
YOL125W,YGL065C,0,-1.124182,0.0954696387052536,0.8041958212852478,0.762776255607605
YDR465C,YJL062W,0,-1.1242609,0.09545832127332687,0.8041958212852478,0.7628762722015381
YOL138C,YFL033C,0,-1.1245149,0.09544700384140015,0.8041958212852478,0.7629762887954712
YLR186W,YDR508C,0,-1.1247259,0.09543568640947342,0.8041958212852478,0.7630763053894043
YBR216C,YDR408C,0,-1.1247817,0.09542436897754669,0.8041958212852478,0.7631763219833374
YGR059W,YDR541C,0,-1.1248428,0.09541305899620056,0.8041958212852478,0.7632763385772705
YMR170C,YIR003W,0,-1.1248456,0.09540175646543503,0.8041958212852478,0.7633763551712036
YFR015C,YBR173C,0,-1.1249365,0.0953904464840889,0.8041958212852478,0.7634763717651367
YJL109C,YJR029W,0,-1.1251508,0.09537914395332336,0.8041958212852478,0.763576328754425
YNR067C,YLR057W,1,-1.1255926,0.09548631310462952,0.8051947951316833,0.763576328754425
YKR060W,YLR372W,0,-1.1255945,0.09547500312328339,0.8051947951316833,0.7636763453483582
YLR110C,YKL086W,0,-1.1256303,0.09546370059251785,0.8051947951316833,0.7637763619422913
YKL046C,YBR229C,1,-1.125674,0.09557081758975983,0.8061938285827637,0.7637763619422913
YMR134W,YLR314C,0,-1.1257603,0.0955595001578331,0.8061938285827637,0.7638763785362244
YNR001C,YKL107W,0,-1.1259731,0.09554819017648697,0.8061938285827637,0.7639763951301575
YJR059W,YDR118W,0,-1.1260151,0.09553688019514084,0.8061938285827637,0.7640764117240906
YMR128W,YMR034C,0,-1.1263139,0.09552557021379471,0.8061938285827637,0.7641764283180237
YNL077W,YMR034C,0,-1.1264362,0.09551426023244858,0.8061938285827637,0.7642764449119568
YML005W,YJL025W,0,-1.12645,0.09550295770168304,0.8061938285827637,0.7643764615058899
YGL100W,YER035W,0,-1.1265231,0.09549165517091751,0.8061938285827637,0.7644764184951782
YOR290C,YLR450W,0,-1.1265289,0.09548036009073257,0.8061938285827637,0.7645764350891113
YLR187W,YBR156C,0,-1.126579,0.09546906501054764,0.8061938285827637,0.7646764516830444
YLR370C,YGL250W,0,-1.1266674,0.0954577699303627,0.8061938285827637,0.7647764682769775
YBR024W,YJL048C,0,-1.1267983,0.09544648230075836,0.8061938285827637,0.7648764848709106
YOL125W,YDR378C,0,-1.1268868,0.09543519467115402,0.8061938285827637,0.7649765014648438
YPL206C,YBR057C,0,-1.1270229,0.09542390704154968,0.8061938285827637,0.7650765180587769
YPL155C,YOL103W,0,-1.1271774,0.09541262686252594,0.8061938285827637,0.76517653465271
YDL180W,YIL046W,0,-1.1273822,0.0954013466835022,0.8061938285827637,0.7652765512466431
YOL093W,YOL147C,0,-1.127449,0.09539007395505905,0.8061938285827637,0.7653765082359314
YPL045W,YNL271C,0,-1.1276222,0.09537879377603531,0.8061938285827637,0.7654765248298645
YBR286W,YMR109W,0,-1.1276633,0.09536752849817276,0.8061938285827637,0.7655765414237976
YGL037C,YER099C,0,-1.1276742,0.09535625576972961,0.8061938285827637,0.7656765580177307
YHR041C,YDL159W,0,-1.1277745,0.09534499049186707,0.8061938285827637,0.7657765746116638
YDR320C,YML088W,0,-1.1279899,0.09533372521400452,0.8061938285827637,0.7658765912055969
YJL097W,YGR072W,0,-1.1280013,0.09532246738672256,0.8061938285827637,0.76597660779953
YGR123C,YLR009W,0,-1.1281353,0.09531120955944061,0.8061938285827637,0.7660766243934631
YBR288C,YOR279C,0,-1.1287616,0.09529995173215866,0.8061938285827637,0.7661766409873962
YPL003W,YDL213C,0,-1.1288172,0.0952887013554573,0.8061938285827637,0.7662765979766846
YEL031W,YJR014W,0,-1.1291274,0.09527745097875595,0.8061938285827637,0.7663766145706177
YNL066W,YNR067C,1,-1.1293437,0.09538425505161285,0.8071928024291992,0.7663766145706177
YLL038C,YMR176W,0,-1.1294514,0.0953729897737503,0.8071928024291992,0.7664766311645508
YML109W,YDL065C,0,-1.1296778,0.09536173939704895,0.8071928024291992,0.7665766477584839
YPL164C,YGL090W,0,-1.1297851,0.095350481569767,0.8071928024291992,0.766676664352417
YGR033C,YLR005W,0,-1.1298159,0.09533923119306564,0.8071928024291992,0.7667766809463501
YDR221W,YGL254W,0,-1.1298509,0.09532798826694489,0.8071928024291992,0.7668766975402832
YJL093C,YLR423C,0,-1.1301662,0.09531673789024353,0.8071928024291992,0.7669767141342163
YCR066W,YPR187W,0,-1.1303719,0.09530549496412277,0.8071928024291992,0.7670767307281494
YGR023W,YMR100W,0,-1.1303953,0.09529425948858261,0.8071928024291992,0.7671767473220825
YIL131C,YDR507C,0,-1.1305989,0.09528301656246185,0.8071928024291992,0.7672767043113708
YHR209W,YBL046W,0,-1.1306585,0.09527178108692169,0.8071928024291992,0.767376720905304
YNL126W,YIR014W,0,-1.1308606,0.09526055306196213,0.8071928024291992,0.7674767374992371
YGL100W,YJR036C,0,-1.1309726,0.09524932503700256,0.8071928024291992,0.7675767540931702
YJL204C,YML028W,0,-1.1311008,0.095238097012043,0.8071928024291992,0.7676767706871033
YMR241W,YBR286W,0,-1.1314485,0.09522686898708344,0.8071928024291992,0.7677767872810364
YLR172C,YML126C,0,-1.1314825,0.09521564841270447,0.8071928024291992,0.7678768038749695
YOR340C,YAR014C,0,-1.1315023,0.0952044278383255,0.8071928024291992,0.7679768204689026
YDR341C,YNL178W,0,-1.1315081,0.09519321471452713,0.8071928024291992,0.7680768370628357
YJL155C,YNL122C,0,-1.1315247,0.09518200159072876,0.8071928024291992,0.768176794052124
YLR003C,YMR022W,0,-1.1315264,0.09517078846693039,0.8071928024291992,0.7682768106460571
YJL005W,YCR075C,0,-1.1315747,0.09515958279371262,0.8071928024291992,0.7683768272399902
YMR236W,YDR351W,0,-1.1317376,0.09514837712049484,0.8071928024291992,0.7684768438339233
YML099C,YER104W,0,-1.1318935,0.09513717144727707,0.8071928024291992,0.7685768604278564
YNL339C,YNL323W,0,-1.1321889,0.09512597322463989,0.8071928024291992,0.7686768770217896
YOL155C,YER095W,0,-1.1323074,0.09511477500200272,0.8071928024291992,0.7687768936157227
YER089C,YBR004C,0,-1.132369,0.09510357677936554,0.8071928024291992,0.7688769102096558
YIR007W,YOL043C,1,-1.1324364,0.09521007537841797,0.8081918358802795,0.7688769102096558
YOR151C,YBR283C,0,-1.1325307,0.0951988697052002,0.8081918358802795,0.7689769268035889
YOR176W,YGR081C,0,-1.1327167,0.09518767148256302,0.8081918358802795,0.7690768837928772
YJL090C,YFR042W,0,-1.1327587,0.09517647325992584,0.8081918358802795,0.7691769003868103
YGR278W,YPL236C,0,-1.1328548,0.09516527503728867,0.8081918358802795,0.7692769169807434
YGR229C,YER087W,0,-1.1329967,0.09515408426523209,0.8081918358802795,0.7693769335746765
YIL124W,YLR266C,0,-1.1331568,0.0951428934931755,0.8081918358802795,0.7694769501686096
YDL132W,YDR337W,0,-1.1334077,0.09513170272111893,0.8081918358802795,0.7695769667625427
YPR065W,YDR054C,0,-1.133443,0.09512051939964294,0.8081918358802795,0.7696769833564758
YLR144C,YKL046C,1,-1.1335167,0.09522689878940582,0.8091908097267151,0.7696769833564758
YKR094C,YHR123W,0,-1.1335527,0.09521570801734924,0.8091908097267151,0.7697769999504089
YDR071C,YHR188C,0,-1.1335666,0.09520450979471207,0.8091908097267151,0.769877016544342
YPL092W,YOL112W,0,-1.1336008,0.09519332647323608,0.8091908097267151,0.7699769735336304
YDL045W-A,YOR336W,0,-1.133637,0.0951821357011795,0.8091908097267151,0.7700769901275635
YML129C,YJR097W,0,-1.1336602,0.09517095237970352,0.8091908097267151,0.7701770067214966
YIR008C,YJL112W,0,-1.1338137,0.09515977650880814,0.8091908097267151,0.7702770233154297
YBL066C,YPR127W,0,-1.1339928,0.09514859318733215,0.8091908097267151,0.7703770399093628
YHR061C,YBR019C,0,-1.1340641,0.09513741731643677,0.8091908097267151,0.7704770565032959
YKL119C,YJL108C,0,-1.1341598,0.09512624889612198,0.8091908097267151,0.770577073097229
YLR213C,YIL099W,1,-1.1341748,0.09523250162601471,0.8101897835731506,0.770577073097229
YOR391C,YJR137C,0,-1.1342286,0.09522132575511932,0.8101897835731506,0.7706770896911621
YHR064C,YNR075W,0,-1.1343132,0.09521014243364334,0.8101897835731506,0.7707771062850952
YBR022W,YGL119W,0,-1.1345534,0.09519896656274796,0.8101897835731506,0.7708770632743835
YOR371C,YDL078C,0,-1.1346444,0.09518779069185257,0.8101897835731506,0.7709770798683167
YDR369C,YPR006C,0,-1.1346476,0.09517662227153778,0.8101897835731506,0.7710770964622498
YAL022C,YOR143C,0,-1.1346978,0.09516545385122299,0.8101897835731506,0.7711771130561829
YOR246C,YLR330W,0,-1.1347275,0.0951542854309082,0.8101897835731506,0.771277129650116
YBR264C,YPR178W,0,-1.1347893,0.09514312446117401,0.8101897835731506,0.7713771462440491
YPR159W,YGL028C,1,-1.1349105,0.09524926543235779,0.811188817024231,0.7713771462440491
YGR255C,YIL132C,0,-1.1350594,0.095238097012043,0.811188817024231,0.7714771628379822
YKL084W,YOL142W,0,-1.135471,0.09522692859172821,0.811188817024231,0.7715771794319153
YDR164C,YHR065C,0,-1.1354846,0.09521576017141342,0.811188817024231,0.7716771960258484
YGR279C,YNL066W,1,-1.1357116,0.09532184153795242,0.8121877908706665,0.7716771960258484
YGR271W,YFR013W,0,-1.1358587,0.09531066566705704,0.8121877908706665,0.7717771530151367
YHR036W,YGR207C,0,-1.1358675,0.09529949724674225,0.8121877908706665,0.7718771696090698
YNL154C,YIR021W,0,-1.1359342,0.09528832882642746,0.8121877908706665,0.7719771862030029
YDL029W,YNL083W,0,-1.1360005,0.09527716040611267,0.8121877908706665,0.772077202796936
YOR094W,YML123C,0,-1.1361094,0.09526599198579788,0.8121877908706665,0.7721772193908691
YLR073C,YML065W,0,-1.1361132,0.09525483101606369,0.8121877908706665,0.7722772359848022
YGL044C,YDL111C,0,-1.1361481,0.0952436774969101,0.8121877908706665,0.7723772525787354
YML080W,YOR297C,0,-1.1361649,0.0952325165271759,0.8121877908706665,0.7724772691726685
YDR026C,YDL020C,0,-1.1361922,0.09522136300802231,0.8121877908706665,0.7725772857666016
YKR037C,YOR371C,0,-1.136376,0.09521020948886871,0.8121877908706665,0.7726772427558899
YGL084C,YGR220C,0,-1.1364394,0.09519906342029572,0.8121877908706665,0.772777259349823
YDR408C,YBR236C,0,-1.1364453,0.09518791735172272,0.8121877908706665,0.7728772759437561
YNL098C,YJL118W,0,-1.136484,0.09517677128314972,0.8121877908706665,0.7729772925376892
YGL160W,YJL139C,0,-1.1365672,0.09516563266515732,0.8121877908706665,0.7730773091316223
YBR216C,YJL149W,0,-1.1366662,0.09515449404716492,0.8121877908706665,0.7731773257255554
YKL174C,YPL106C,0,-1.1368365,0.09514335542917252,0.8121877908706665,0.7732773423194885
YGL100W,YBL036C,0,-1.1369051,0.09513222426176071,0.8121877908706665,0.7733773589134216
YGR027C,YGL147C,0,-1.1372408,0.09512109309434891,0.8121877908706665,0.7734773755073547
YMR099C,YER025W,0,-1.1372584,0.0951099693775177,0.8121877908706665,0.7735773324966431
YPL194W,YDR291W,0,-1.1373588,0.09509884566068649,0.8121877908706665,0.7736773490905762
YKL109W,YDR414C,0,-1.1374276,0.09508772194385529,0.8121877908706665,0.7737773656845093
YAL001C,YEL059C-A,0,-1.1375643,0.09507659822702408,0.8121877908706665,0.7738773822784424
YOR324C,YOR089C,0,-1.1376654,0.09506548196077347,0.8121877908706665,0.7739773988723755
YDR126W,YNR012W,0,-1.1379308,0.09505436569452286,0.8121877908706665,0.7740774154663086
YDR444W,YDR182W,0,-1.1379663,0.09504325687885284,0.8121877908706665,0.7741774320602417
YCR096C,YBR229C,0,-1.1380874,0.09503214806318283,0.8121877908706665,0.7742774486541748
YBR302C,YDL002C,0,-1.1382996,0.09502103924751282,0.8121877908706665,0.7743774652481079
YGL201C,YER150W,0,-1.1384268,0.0950099304318428,0.8121877908706665,0.7744774222373962
YJL203W,YDR172W,0,-1.1385211,0.09499882906675339,0.8121877908706665,0.7745774388313293
YNL257C,YCR071C,0,-1.1385915,0.09498773515224457,0.8121877908706665,0.7746774554252625
YNL047C,YDL197C,0,-1.1386195,0.09497663378715515,0.8121877908706665,0.7747774720191956
YLR040C,YOR106W,0,-1.1387988,0.09496553987264633,0.8121877908706665,0.7748774886131287
YNR054C,YNR049C,0,-1.1389182,0.09495445340871811,0.8121877908706665,0.7749775052070618
YOR182C,YDR479C,0,-1.1389812,0.09494335949420929,0.8121877908706665,0.7750775218009949
YKR059W,YMR011W,0,-1.1389992,0.09493227303028107,0.8121877908706665,0.775177538394928
YKL208W,YDR411C,0,-1.1390272,0.09492119401693344,0.8121877908706665,0.7752775549888611
YDR065W,YMR227C,0,-1.1390679,0.09491010755300522,0.8121877908706665,0.7753775119781494
YBR120C,YGL236C,0,-1.1392024,0.09489902853965759,0.8121877908706665,0.7754775285720825
YGL059W,YPL128C,0,-1.1393462,0.09488795697689056,0.8121877908706665,0.7755775451660156
YDR404C,YBR287W,0,-1.139508,0.09487688541412354,0.8121877908706665,0.7756775617599487
YJL033W,YDR182W,0,-1.1395401,0.0948658138513565,0.8121877908706665,0.7757775783538818
YIL017C,YGR012W,0,-1.1396607,0.09485474228858948,0.8121877908706665,0.7758775949478149
YGR106C,YDL055C,0,-1.1400427,0.09484367817640305,0.8121877908706665,0.775977611541748
YJL051W,YNL172W,0,-1.1401795,0.09483261406421661,0.8121877908706665,0.7760776281356812
YPR026W,YER142C,1,-1.1402698,0.09493818879127502,0.8131868243217468,0.7760776281356812
YIL023C,YML121W,0,-1.1403424,0.094927117228508,0.8131868243217468,0.7761776447296143
YNL219C,YMR218C,0,-1.140352,0.09491604566574097,0.8131868243217468,0.7762776017189026
YLR073C,YOR344C,0,-1.140382,0.09490498155355453,0.8131868243217468,0.7763776183128357
YER007W,YIR018W,0,-1.1404228,0.0948939174413681,0.8131868243217468,0.7764776349067688
YMR143W,YBR288C,0,-1.1404346,0.09488285332918167,0.8131868243217468,0.7765776515007019
YER030W,YCR028C,0,-1.1404558,0.09487179666757584,0.8131868243217468,0.776677668094635
YKR102W,YOL082W,0,-1.1405858,0.09486074000597,0.8131868243217468,0.7767776846885681
YNL047C,YMR005W,0,-1.1406636,0.09484968334436417,0.8131868243217468,0.7768777012825012
YNR057C,YCL075W,0,-1.1407338,0.09483863413333893,0.8131868243217468,0.7769777178764343
YFR006W,YGL136C,0,-1.1408273,0.09482758492231369,0.8131868243217468,0.7770777344703674
YLR117C,YDR097C,0,-1.1408337,0.09481654316186905,0.8131868243217468,0.7771776914596558
YKL055C,YJR099W,0,-1.1408807,0.09480549395084381,0.8131868243217468,0.7772777080535889
YDR167W,YLR348C,0,-1.1409004,0.09479445964097977,0.8131868243217468,0.777377724647522
YOL021C,YLR130C,0,-1.1410264,0.09478341788053513,0.8131868243217468,0.7774777412414551
YPL258C,YML121W,0,-1.1410518,0.09477238357067108,0.8131868243217468,0.7775777578353882
YKR020W,YLR440C,0,-1.1411273,0.09476134926080704,0.8131868243217468,0.7776777744293213
YAL008W,YOL089C,0,-1.1411508,0.09475032240152359,0.8131868243217468,0.7777777910232544
YOL016C,YHL044W,0,-1.1411532,0.09473929554224014,0.8131868243217468,0.7778778076171875
YHR107C,YGR058W,0,-1.1411654,0.0947282686829567,0.8131868243217468,0.7779778242111206
YBR275C,YJL065C,0,-1.141225,0.09471724182367325,0.8131868243217468,0.7780777812004089
YJL011C,YER044C,0,-1.1412905,0.0947062224149704,0.8131868243217468,0.778177797794342
YDR489W,YLL054C,0,-1.1414596,0.09469521045684814,0.8131868243217468,0.7782778143882751
YLL038C,YGL212W,0,-1.1416506,0.0946841910481453,0.8131868243217468,0.7783778309822083
YFL024C,YHR092C,0,-1.1417284,0.09467317909002304,0.8131868243217468,0.7784778475761414
YNL139C,YOR224C,0,-1.141945,0.09466216713190079,0.8131868243217468,0.7785778641700745
YDR421W,YDL161W,0,-1.1421505,0.09465116262435913,0.8131868243217468,0.7786778807640076
YOL141W,YLR097C,0,-1.1421995,0.09464015811681747,0.8131868243217468,0.7787778973579407
YGR223C,YNL302C,0,-1.1422585,0.09462915360927582,0.8131868243217468,0.7788779139518738
YKR008W,YKR009C,0,-1.1424903,0.09461815655231476,0.8131868243217468,0.7789778709411621
YPR111W,YOR393W,0,-1.1425099,0.0946071594953537,0.8131868243217468,0.7790778875350952
YML040W,YNL087W,0,-1.1425577,0.09459616243839264,0.8131868243217468,0.7791779041290283
YMR301C,YLR147C,0,-1.142614,0.09458517283201218,0.8131868243217468,0.7792779207229614
YML015C,YDL092W,0,-1.1426188,0.09457418322563171,0.8131868243217468,0.7793779373168945
YIL020C,YHR136C,0,-1.1426908,0.09456319361925125,0.8131868243217468,0.7794779539108276
YCR048W,YER130C,0,-1.1427084,0.09455221146345139,0.8131868243217468,0.7795779705047607
YFL009W,YGR188C,0,-1.1431307,0.09454122930765152,0.8131868243217468,0.7796779870986938
YOR073W,YMR278W,0,-1.1431354,0.09453025460243225,0.8131868243217468,0.779778003692627
YBR185C,YHR065C,0,-1.1432306,0.09451927244663239,0.8131868243217468,0.7798779606819153
YCR073C,YBR271W,0,-1.1435822,0.09450829774141312,0.8131868243217468,0.7799779772758484
YMR011W,YHR072W,0,-1.1436553,0.09449733048677444,0.8131868243217468,0.7800779938697815
YDL028C,YFR045W,0,-1.1438476,0.09448636323213577,0.8131868243217468,0.7801780104637146
YMR323W,YDR508C,0,-1.1441172,0.0944753959774971,0.8131868243217468,0.7802780270576477
YKL082C,YHR074W,0,-1.1441449,0.09446442872285843,0.8131868243217468,0.7803780436515808
YLL052C,YDL044C,0,-1.1441735,0.09445346891880035,0.8131868243217468,0.7804780602455139
YOR255W,YNL128W,0,-1.1443151,0.09444250911474228,0.8131868243217468,0.780578076839447
YLR398C,YGR135W,0,-1.1447994,0.0944315567612648,0.8131868243217468,0.7806780934333801
YJR059W,YDL044C,0,-1.1448315,0.09442060440778732,0.8131868243217468,0.7807780504226685
YDL153C,YKL135C,0,-1.1451193,0.09440965205430984,0.8131868243217468,0.7808780670166016
YDR334W,YDL174C,0,-1.14521,0.09439869970083237,0.8131868243217468,0.7809780836105347
YKR057W,YMR070W,0,-1.1452171,0.09438775479793549,0.8131868243217468,0.7810781002044678
YGR108W,YDR140W,0,-1.1454177,0.0943768098950386,0.8131868243217468,0.7811781167984009
YER142C,YLR057W,1,-1.1454555,0.09448179602622986,0.8141857981681824,0.7811781167984009
YER140W,YHR027C,0,-1.1455926,0.09447084367275238,0.8141857981681824,0.781278133392334
YGL123W,YML074C,0,-1.1461145,0.0944598987698555,0.8141857981681824,0.7813781499862671
YDL170W,YOR198C,0,-1.1464704,0.09444895386695862,0.8141857981681824,0.7814781665802002
YGL216W,YOR278W,0,-1.1467102,0.09443800896406174,0.8141857981681824,0.7815781831741333
YLR320W,YIL109C,0,-1.1467258,0.09442706406116486,0.8141857981681824,0.7816781401634216
YMR164C,YIL150C,0,-1.1468447,0.09441612660884857,0.8141857981681824,0.7817781567573547
YPR026W,YIL099W,1,-1.1471299,0.09452102333307266,0.8151848316192627,0.7817781567573547
YOR144C,YPR036W,0,-1.1471347,0.09451007843017578,0.8151848316192627,0.7818781733512878
YBR018C,YNL297C,0,-1.147297,0.0944991335272789,0.8151848316192627,0.781978189945221
YML078W,YCL020W,0,-1.1473191,0.09448818862438202,0.8151848316192627,0.782078206539154
YDR371W,YBR056W,1,-1.1473194,0.09459303319454193,0.8161838054656982,0.782078206539154
YGL200C,YBR245C,0,-1.147633,0.09458208084106445,0.8161838054656982,0.7821782231330872
YPL092W,YDR266C,0,-1.1479031,0.09457112848758698,0.8161838054656982,0.7822782397270203
YLR373C,YNL258C,0,-1.1479036,0.0945601835846901,0.8161838054656982,0.7823782563209534
YDR153C,YBR183W,0,-1.1479563,0.09454923868179321,0.8161838054656982,0.7824782729148865
YML060W,YMR305C,1,-1.1479675,0.09465401619672775,0.8171828389167786,0.7824782729148865
YJL118W,YGR261C,0,-1.148167,0.09464306384325027,0.8171828389167786,0.7825782299041748
YKL161C,YGR277C,0,-1.1484852,0.0946321114897728,0.8171828389167786,0.7826782464981079
YGR091W,YMR190C,0,-1.1486626,0.09462116658687592,0.8171828389167786,0.782778263092041
YML049C,YLR222C,0,-1.1487943,0.09461022168397903,0.8171828389167786,0.7828782796859741
YDR304C,YBR283C,0,-1.1488531,0.09459928423166275,0.8171828389167786,0.7829782962799072
YPL266W,YEL040W,0,-1.1488949,0.09458834677934647,0.8171828389167786,0.7830783128738403
YEL003W,YJL213W,0,-1.1488954,0.09457740932703018,0.8171828389167786,0.7831783294677734
YNL225C,YDL165W,0,-1.1491452,0.0945664718747139,0.8171828389167786,0.7832783460617065
YOL113W,YOL148C,0,-1.1495454,0.09455554187297821,0.8171828389167786,0.7833783626556396
YGR075C,YMR202W,0,-1.1495827,0.09454461187124252,0.8171828389167786,0.783478319644928
YJR019C,YDR155C,0,-1.1496941,0.09453368932008743,0.8171828389167786,0.7835783362388611
YNL093W,YLR446W,0,-1.1496971,0.09452276676893234,0.8171828389167786,0.7836783528327942
YPL246C,YJL148W,0,-1.1497169,0.09451184421777725,0.8171828389167786,0.7837783694267273
YGL224C,YPR019W,0,-1.1497527,0.09450092166662216,0.8171828389167786,0.7838783860206604
YNL206C,YLR147C,0,-1.1499813,0.09449000656604767,0.8171828389167786,0.7839784026145935
YHR089C,YKR036C,0,-1.1500787,0.09447909146547318,0.8171828389167786,0.7840784192085266
YPL086C,YOR338W,0,-1.1502267,0.09446818381547928,0.8171828389167786,0.7841784358024597
YKL212W,YPL008W,0,-1.1504209,0.09445727616548538,0.8171828389167786,0.7842784523963928
YBL034C,YGR166W,0,-1.1505442,0.09444636851549149,0.8171828389167786,0.7843784093856812
YPL265W,YOR265W,0,-1.1508415,0.09443546831607819,0.8171828389167786,0.7844784259796143
YOL130W,YOR198C,0,-1.1508646,0.09442456066608429,0.8171828389167786,0.7845784425735474
YDR388W,YDR466W,0,-1.1509893,0.09441366791725159,0.8171828389167786,0.7846784591674805
YER170W,YML049C,0,-1.1511658,0.09440276771783829,0.8171828389167786,0.7847784757614136
YAL058W,YKL078W,0,-1.1516901,0.09439187496900558,0.8171828389167786,0.7848784923553467
YIL143C,YPR152C,0,-1.1520094,0.09438098222017288,0.8171828389167786,0.7849785089492798
YBR214W,YML116W,0,-1.1520103,0.09437009692192078,0.8171828389167786,0.7850785255432129
YLR343W,YPL258C,0,-1.1520787,0.09435921162366867,0.8171828389167786,0.785178542137146
YJL216C,YGR143W,1,-1.1524156,0.09446366876363754,0.8181818127632141,0.785178542137146
YDR472W,YGL147C,0,-1.1524416,0.09445277601480484,0.8181818127632141,0.7852784991264343
YKL184W,YMR315W,0,-1.1529468,0.09444188326597214,0.8181818127632141,0.7853785157203674
YGR134W,YGL190C,0,-1.1529542,0.09443099051713943,0.8181818127632141,0.7854785323143005
YNL270C,YMR293C,0,-1.1530168,0.09442010521888733,0.8181818127632141,0.7855785489082336
YBL069W,YNL283C,0,-1.1535519,0.09440921992063522,0.8181818127632141,0.7856785655021667
YGR086C,YDR530C,0,-1.1535822,0.09439834207296371,0.8181818127632141,0.7857785820960999
YER141W,YLR274W,0,-1.154081,0.0943874642252922,0.8181818127632141,0.785878598690033
YAR027W,YOL158C,0,-1.154186,0.0943765863776207,0.8181818127632141,0.7859786152839661
YNL136W,YJR089W,0,-1.1542797,0.09436570852994919,0.8181818127632141,0.7860786318778992
YHR094C,YJL041W,0,-1.1545167,0.09435483813285828,0.8181818127632141,0.7861785888671875
YOL104C,YPR121W,0,-1.1548437,0.09434396773576736,0.8181818127632141,0.7862786054611206
YPL046C,YPL236C,0,-1.1548519,0.09433310478925705,0.8181818127632141,0.7863786220550537
YML012W,YKR022C,0,-1.1549343,0.09432224184274673,0.8181818127632141,0.7864786386489868
YDL214C,YER119C,0,-1.1552626,0.09431137889623642,0.8181818127632141,0.7865786552429199
YCL011C,YBL022C,0,-1.1553375,0.0943005159497261,0.8181818127632141,0.786678671836853
YNL182C,YPR113W,0,-1.1553496,0.09428966045379639,0.8181818127632141,0.7867786884307861
YDR476C,YML130C,0,-1.1554596,0.09427880495786667,0.8181818127632141,0.7868787050247192
YKL046C,YNR067C,1,-1.155482,0.09438305348157883,0.8191808462142944,0.7868787050247192
YBR135W,YPL228W,0,-1.1556338,0.09437219798564911,0.8191808462142944,0.7869787216186523
YDL146W,YDR074W,0,-1.1556605,0.0943613350391388,0.8191808462142944,0.7870786786079407
YDR512C,YOR159C,0,-1.1557316,0.09435047954320908,0.8191808462142944,0.7871786952018738
YFL023W,YPR102C,0,-1.1557392,0.09433962404727936,0.8191808462142944,0.7872787117958069
YAL035W,YPR060C,0,-1.155768,0.09432876855134964,0.8191808462142944,0.78737872838974
YOR030W,YGL155W,0,-1.1558996,0.09431792050600052,0.8191808462142944,0.7874787449836731
YNL102W,YDR338C,0,-1.1560508,0.0943070724606514,0.8191808462142944,0.7875787615776062
YGR240C,YPL064C,0,-1.1562635,0.09429623186588287,0.8191808462142944,0.7876787781715393
YNL290W,YLR095C,0,-1.1566657,0.09428538382053375,0.8191808462142944,0.7877787947654724
YLR306W,YGR084C,0,-1.1572448,0.09427454322576523,0.8191808462142944,0.7878788113594055
YDR001C,YGR143W,1,-1.1573179,0.09437866508960724,0.82017982006073,0.7878788113594055
YJL102W,YMR193W,0,-1.1573454,0.09436781704425812,0.82017982006073,0.7879787683486938
YKL135C,YGL077C,0,-1.1575961,0.094356968998909,0.82017982006073,0.788078784942627
YHL002W,YBR198C,0,-1.1578761,0.09434612840414047,0.82017982006073,0.7881788015365601
YDR141C,YCR028C-A,0,-1.1580354,0.09433528780937195,0.82017982006073,0.7882788181304932
YPR030W,YOL066C,0,-1.1580793,0.09432444721460342,0.82017982006073,0.7883788347244263
YER180C,YNL270C,0,-1.1580846,0.0943136140704155,0.82017982006073,0.7884788513183594
YKL195W,YGL083W,0,-1.1581817,0.09430278092622757,0.82017982006073,0.7885788679122925
YJR001W,YGL244W,0,-1.1581838,0.09429194778203964,0.82017982006073,0.7886788845062256
YER142C,YIR007W,1,-1.1583123,0.0943959578871727,0.8211787939071655,0.7886788845062256
YPL038W,YBL040C,0,-1.158316,0.09438511729240417,0.8211787939071655,0.7887789011001587
YLR287C-A,YOR044W,0,-1.1583164,0.09437428414821625,0.8211787939071655,0.788878858089447
YKL103C,YML129C,0,-1.1584824,0.09436345100402832,0.8211787939071655,0.7889788746833801
YPL211W,YDR508C,0,-1.1587831,0.0943526178598404,0.8211787939071655,0.7890788912773132
YJR022W,YBR236C,0,-1.1587968,0.09434178471565247,0.8211787939071655,0.7891789078712463
YDR454C,YGL148W,0,-1.1589087,0.09433095902204514,0.8211787939071655,0.7892789244651794
YGL133W,YNL015W,0,-1.158979,0.0943201407790184,0.8211787939071655,0.7893789410591125
YHR121W,YEL060C,0,-1.1591115,0.09430931508541107,0.8211787939071655,0.7894789576530457
YLR316C,YOR275C,0,-1.1591631,0.09429849684238434,0.8211787939071655,0.7895789742469788
YFL016C,YPL113C,0,-1.1592019,0.0942876785993576,0.8211787939071655,0.7896789908409119
YEL052W,YDL192W,0,-1.15927,0.09427686780691147,0.8211787939071655,0.789779007434845
YJR014W,YNL273W,0,-1.1594436,0.09426605701446533,0.8211787939071655,0.7898789644241333
YPL085W,YDR231C,0,-1.1596488,0.0942552462220192,0.8211787939071655,0.7899789810180664
YIL111W,YDL165W,0,-1.1597494,0.09424444288015366,0.8211787939071655,0.7900789976119995
YAL005C,YBR079C,0,-1.1598686,0.09423363208770752,0.8211787939071655,0.7901790142059326
YPL096W,YIL162W,0,-1.1601897,0.09422283619642258,0.8211787939071655,0.7902790307998657
YNL136W,YNL275W,0,-1.1603113,0.09421203285455704,0.8211787939071655,0.7903790473937988
YDL194W,YJL019W,0,-1.1603286,0.0942012369632721,0.8211787939071655,0.7904790639877319
YDR085C,YCR071C,0,-1.1605929,0.09419044107198715,0.8211787939071655,0.790579080581665
YGR157W,YER164W,0,-1.1607189,0.0941796526312828,0.8211787939071655,0.7906790971755981
YPR082C,YDR119W,0,-1.1614252,0.09416886419057846,0.8211787939071655,0.7907790541648865
YOL151W,YHR031C,0,-1.1615926,0.09415807574987411,0.8211787939071655,0.7908790707588196
YGL023C,YDR216W,0,-1.1617014,0.09414729475975037,0.8211787939071655,0.7909790873527527
YER088C,YGR125W,0,-1.1617674,0.09413650631904602,0.8211787939071655,0.7910791039466858
YML106W,YLR226W,0,-1.1618685,0.09412573277950287,0.8211787939071655,0.7911791205406189
YDR296W,YOR356W,0,-1.1625391,0.09411495178937912,0.8211787939071655,0.791279137134552
YHR069C,YBR115C,0,-1.1625578,0.09410417824983597,0.8211787939071655,0.7913791537284851
YGL050W,YKR018C,0,-1.1626042,0.09409340471029282,0.8211787939071655,0.7914791703224182
YGR199W,YML029W,0,-1.1627496,0.09408263862133026,0.8211787939071655,0.7915791869163513
YOR130C,YDR368W,0,-1.1629997,0.0940718725323677,0.8211787939071655,0.7916791439056396
YJR059W,YMR268C,0,-1.1631966,0.09406110644340515,0.8211787939071655,0.7917791604995728
YOR378W,YBL037W,0,-1.1632415,0.0940503403544426,0.8211787939071655,0.7918791770935059
YNL280C,YJL010C,0,-1.1633648,0.09403958171606064,0.8211787939071655,0.791979193687439
YNL339C,YML049C,0,-1.1634327,0.09402882307767868,0.8211787939071655,0.7920792102813721
YJR094W-A,YDR155C,0,-1.163468,0.09401807188987732,0.8211787939071655,0.7921792268753052
YMR121C,YBR110W,0,-1.1635321,0.09400732070207596,0.8211787939071655,0.7922792434692383
YKL181W,YGL039W,0,-1.1636446,0.0939965695142746,0.8211787939071655,0.7923792600631714
YJL189W,YPL270W,0,-1.1636465,0.09398582577705383,0.8211787939071655,0.7924792766571045
YPL194W,YIL115C,0,-1.1637175,0.09397507458925247,0.8211787939071655,0.7925792336463928
YNL066W,YLR057W,1,-1.1637706,0.09407864511013031,0.8221778273582458,0.7925792336463928
YJL216C,YBR001C,1,-1.1641221,0.09418219327926636,0.8231768012046814,0.7925792336463928
YLL027W,YEL015W,0,-1.1642171,0.0941714271903038,0.8231768012046814,0.7926792502403259
YGL174W,YDR460W,0,-1.1643311,0.09416066855192184,0.8231768012046814,0.792779266834259
YHR160C,YMR086W,0,-1.1645665,0.09414990991353989,0.8231768012046814,0.7928792834281921
YML097C,YMR292W,0,-1.1648889,0.09413915127515793,0.8231768012046814,0.7929793000221252
YNR073C,YDR296W,0,-1.1649196,0.09412840008735657,0.8231768012046814,0.7930793166160583
YEL038W,YML009C,0,-1.164922,0.0941176488995552,0.8231768012046814,0.7931793332099915
YKL117W,YLL052C,0,-1.1649348,0.09410689771175385,0.8231768012046814,0.7932793498039246
YDL049C,YMR197C,0,-1.1654586,0.09409615397453308,0.8231768012046814,0.7933793663978577
YLR003C,YMR008C,0,-1.1656269,0.09408541023731232,0.8231768012046814,0.793479323387146
YOL109W,YGL166W,0,-1.1656803,0.09407466650009155,0.8231768012046814,0.7935793399810791
YPL087W,YCR037C,0,-1.1657444,0.09406393021345139,0.8231768012046814,0.7936793565750122
YOL145C,YJR104C,0,-1.165872,0.09405319392681122,0.8231768012046814,0.7937793731689453
YDR126W,YNL082W,0,-1.1659269,0.09404245764017105,0.8231768012046814,0.7938793897628784
YKL127W,YPL244C,0,-1.1661888,0.09403172135353088,0.8231768012046814,0.7939794063568115
YKL222C,YOR047C,0,-1.1662277,0.09402099251747131,0.8231768012046814,0.7940794229507446
YOR209C,YKL205W,0,-1.1663061,0.09401027113199234,0.8231768012046814,0.7941794395446777
YBR037C,YPL241C,0,-1.1664226,0.09399954229593277,0.8231768012046814,0.7942794561386108
YBR287W,YNL254C,0,-1.1665679,0.0939888209104538,0.8231768012046814,0.7943794131278992
YLR214W,YKL125W,0,-1.166575,0.09397809952497482,0.8231768012046814,0.7944794297218323
YNR008W,YDR115W,0,-1.1667968,0.09396738559007645,0.8231768012046814,0.7945794463157654
YBL057C,YIL132C,0,-1.1668513,0.09395667165517807,0.8231768012046814,0.7946794629096985
YCR026C,YNR003C,0,-1.1668812,0.0939459577202797,0.8231768012046814,0.7947794795036316
YIL084C,YPR166C,0,-1.1669315,0.09393525123596191,0.8231768012046814,0.7948794960975647
YOR194C,YHR060W,0,-1.1671969,0.09392454475164413,0.8231768012046814,0.7949795126914978
YGR223C,YIL076W,0,-1.1672045,0.09391383826732635,0.8231768012046814,0.7950795292854309
YMR323W,YER029C,0,-1.167226,0.09390313178300858,0.8231768012046814,0.795179545879364
YBR081C,YOR022C,0,-1.1672648,0.09389243274927139,0.8231768012046814,0.7952795028686523
YIR033W,YBR286W,0,-1.1673294,0.09388173371553421,0.8231768012046814,0.7953795194625854
YBL006C,YGR249W,0,-1.1674298,0.09387104213237762,0.8231768012046814,0.7954795360565186
YDR369C,YGR145W,0,-1.1675037,0.09386035054922104,0.8231768012046814,0.7955795526504517
YNL304W,YFR004W,0,-1.1675047,0.09384965896606445,0.8231768012046814,0.7956795692443848
YNL035C,YNL268W,0,-1.1675761,0.09383896738290787,0.8231768012046814,0.7957795858383179
YER142C,YIL099W,1,-1.1677386,0.09394215792417526,0.8241758346557617,0.7957795858383179
YBL093C,YJR091C,0,-1.167823,0.09393145889043808,0.8241758346557617,0.795879602432251
YJL144W,YPL188W,0,-1.1678522,0.0939207673072815,0.8241758346557617,0.7959796190261841
YDL097C,YNR072W,0,-1.1679753,0.09391007572412491,0.8241758346557617,0.7960796356201172
YGR207C,YPR119W,0,-1.1680431,0.09389938414096832,0.8241758346557617,0.7961795926094055
YDL033C,YHR091C,0,-1.1680783,0.09388870000839233,0.8241758346557617,0.7962796092033386
YLR029C,YOL040C,0,-1.1686231,0.09387801587581635,0.8241758346557617,0.7963796257972717
YGL017W,YNL292W,0,-1.168841,0.09386733174324036,0.8241758346557617,0.7964796423912048
YML088W,YBR210W,0,-1.1689776,0.09385665506124496,0.8241758346557617,0.7965796589851379
YDL136W,YDL150W,0,-1.1691012,0.09384597837924957,0.8241758346557617,0.796679675579071
YFL041W,YHR028C,0,-1.169369,0.09383530169725418,0.8241758346557617,0.7967796921730042
YPL162C,YKL188C,0,-1.1694707,0.09382463246583939,0.8241758346557617,0.7968797087669373
YKR097W,YHR001W,0,-1.1694733,0.09381396323442459,0.8241758346557617,0.7969797253608704
YBL075C,YPL104W,0,-1.1694878,0.0938032940030098,0.8241758346557617,0.7970796823501587
YMR281W,YHR076W,0,-1.1695043,0.0937926322221756,0.8241758346557617,0.7971796989440918
YHR029C,YOR338W,0,-1.1695279,0.0937819704413414,0.8241758346557617,0.7972797155380249
YBR104W,YDR013W,0,-1.1696721,0.0937713086605072,0.8241758346557617,0.797379732131958
YLR221C,YOL133W,0,-1.1697521,0.0937606543302536,0.8241758346557617,0.7974797487258911
YNL322C,YMR052W,0,-1.1698797,0.09375,0.8241758346557617,0.7975797653198242
YAL035W,YOR221C,0,-1.1703233,0.0937393456697464,0.8241758346557617,0.7976797819137573
YPR167C,YJL104W,0,-1.1703993,0.0937286987900734,0.8241758346557617,0.7977797985076904
YDR265W,YDR074W,0,-1.1705719,0.09371805191040039,0.8241758346557617,0.7978798151016235
YHR041C,YBL074C,0,-1.1707743,0.09370740503072739,0.8241758346557617,0.7979797720909119
YBL016W,YHR124W,0,-1.171055,0.09369676560163498,0.8241758346557617,0.798079788684845
YHL024W,YGL211W,0,-1.1710991,0.09368612617254257,0.8241758346557617,0.7981798052787781
YKL208W,YNL220W,0,-1.1711701,0.09367548674345016,0.8241758346557617,0.7982798218727112
YMR039C,YOR085W,0,-1.1712576,0.09366484731435776,0.8241758346557617,0.7983798384666443
YBR061C,YML052W,0,-1.1714529,0.09365421533584595,0.8241758346557617,0.7984798550605774
YJR130C,YCR014C,0,-1.171634,0.09364358335733414,0.8241758346557617,0.7985798716545105
YDR006C,YDL045W-A,0,-1.1719682,0.09363295882940292,0.8241758346557617,0.7986798882484436
YAL053W,YNL088W,0,-1.1720446,0.09362233430147171,0.8241758346557617,0.7987799048423767
YNR023W,YDR419W,0,-1.1723078,0.0936117097735405,0.8241758346557617,0.798879861831665
YNL037C,YOR245C,0,-1.1723224,0.09360109269618988,0.8241758346557617,0.7989798784255981
YNR073C,YNL125C,0,-1.1723347,0.09359046816825867,0.8241758346557617,0.7990798950195312
YML015C,YOL128C,0,-1.1723922,0.09357985109090805,0.8241758346557617,0.7991799116134644
YNL073W,YPR140W,0,-1.1724539,0.09356924146413803,0.8241758346557617,0.7992799282073975
YJR153W,YHR204W,1,-1.1726965,0.09367203712463379,0.8251748085021973,0.7992799282073975
YIL157C,YNL131W,0,-1.1727566,0.09366141259670258,0.8251748085021973,0.7993799448013306
YNL327W,YNL066W,1,-1.1728315,0.09376417100429535,0.8261738419532776,0.7993799448013306
YLR086W,YMR135C,0,-1.1729807,0.09375353902578354,0.8261738419532776,0.7994799613952637
YMR305C,YOL043C,1,-1.1731317,0.09385626763105392,0.8271728157997131,0.7994799613952637
YIL099W,YOL155C,1,-1.173592,0.09395897388458252,0.8281718492507935,0.7994799613952637
YBR223C,YIR036C,0,-1.1735966,0.09394831955432892,0.8281718492507935,0.7995799779891968
YPL046C,YKL186C,0,-1.1736412,0.09393768012523651,0.8281718492507935,0.7996799945831299
YNR063W,YDR172W,0,-1.173747,0.09392703324556351,0.8281718492507935,0.7997799515724182
YJL136C,YOL017W,0,-1.1737862,0.0939163938164711,0.8281718492507935,0.7998799681663513
YGR257C,YLR424W,0,-1.1738521,0.09390575438737869,0.8281718492507935,0.7999799847602844
YBR082C,YJR076C,0,-1.1739035,0.09389511495828629,0.8281718492507935,0.8000800013542175
YNR031C,YDL195W,0,-1.1740768,0.09388448297977448,0.8281718492507935,0.8001800179481506
YGR177C,YKL004W,0,-1.174195,0.09387385100126266,0.8281718492507935,0.8002800345420837
YJR010C-A,YGR279C,0,-1.1745372,0.09386322647333145,0.8281718492507935,0.8003800511360168
YFL039C,YNR026C,0,-1.1747243,0.09385259449481964,0.8281718492507935,0.80048006772995
YAL015C,YDR400W,1,-1.1747547,0.09395517408847809,0.829170823097229,0.80048006772995
YOL043C,YDL070W,0,-1.1754392,0.09394454210996628,0.829170823097229,0.8005800843238831
YDL005C,YJL187C,0,-1.1756545,0.09393391013145447,0.829170823097229,0.8006800413131714
YPL241C,YER098W,0,-1.1759402,0.09392327815294266,0.829170823097229,0.8007800579071045
YMR026C,YLR272C,0,-1.1759983,0.09391265362501144,0.829170823097229,0.8008800745010376
YMR083W,YKL046C,0,-1.1762303,0.09390202164649963,0.829170823097229,0.8009800910949707
YGL037C,YBL058W,0,-1.1762813,0.09389140456914902,0.829170823097229,0.8010801076889038
YER055C,YML070W,0,-1.1763809,0.0938807800412178,0.829170823097229,0.8011801242828369
YGR221C,YNL197C,0,-1.1766967,0.09387016296386719,0.829170823097229,0.80128014087677
YDR364C,YGR041W,0,-1.1768097,0.09385955333709717,0.829170823097229,0.8013801574707031
YGL156W,YPR184W,1,-1.1769692,0.09396200627088547,0.8301698565483093,0.8013801574707031
YER006W,YGL019W,0,-1.1770391,0.09395138174295425,0.8301698565483093,0.8014801740646362
YLR151C,YJL065C,0,-1.1770855,0.09394076466560364,0.8301698565483093,0.8015801310539246
YER126C,YJL190C,0,-1.1773864,0.09393014758825302,0.8301698565483093,0.8016801476478577
YGR056W,YLR319C,0,-1.1775011,0.0939195305109024,0.8301698565483093,0.8017801642417908
YAL009W,YDR017C,0,-1.1776896,0.09390891343355179,0.8301698565483093,0.8018801808357239
YJL085W,YDR013W,0,-1.1779191,0.09389830380678177,0.8301698565483093,0.801980197429657
YGR063C,YOR008C,0,-1.1779855,0.09388769418001175,0.8301698565483093,0.8020802140235901
YBL103C,YOR329C,0,-1.1780154,0.09387709200382233,0.8301698565483093,0.8021802306175232
YLR262C,YBR026C,0,-1.1781806,0.09386648237705231,0.8301698565483093,0.8022802472114563
YHL034C,YIL035C,0,-1.1783366,0.09385588765144348,0.8301698565483093,0.8023802638053894
YDR211W,YDR416W,0,-1.1783653,0.09384528547525406,0.8301698565483093,0.8024802207946777
YNL154C,YGR268C,0,-1.1784091,0.09383469074964523,0.8301698565483093,0.8025802373886108
YDR071C,YLR440C,0,-1.1786073,0.09382409602403641,0.8301698565483093,0.802680253982544
YLR446W,YMR284W,0,-1.1788235,0.09381350129842758,0.8301698565483093,0.802780270576477
YDL198C,YLR033W,0,-1.1789074,0.09380291402339935,0.8301698565483093,0.8028802871704102
YHR140W,YEL064C,0,-1.1789912,0.09379232674837112,0.8301698565483093,0.8029803037643433
YLR301W,YGR072W,0,-1.1790725,0.0937817394733429,0.8301698565483093,0.8030803203582764
YOL019W,YDR518W,0,-1.1793088,0.09377115964889526,0.8301698565483093,0.8031803369522095
YDL051W,YHR089C,0,-1.179428,0.09376057982444763,0.8301698565483093,0.8032803535461426
YMR314W,YIL108W,0,-1.1795574,0.09375,0.8301698565483093,0.8033803105354309
YBR059C,YPR060C,0,-1.1795963,0.09373942762613297,0.8301698565483093,0.803480327129364
YOR067C,YDR194C,0,-1.1796802,0.09372885525226593,0.8301698565483093,0.8035803437232971
YJR153W,YLR057W,1,-1.1800042,0.09383106231689453,0.8311688303947449,0.8035803437232971
YDL006W,YOL013C,0,-1.1801256,0.0938204750418663,0.8311688303947449,0.8036803603172302
YLR240W,YDR462W,0,-1.1801916,0.09380990266799927,0.8311688303947449,0.8037803769111633
YIL099W,YEL011W,1,-1.1803461,0.09391206502914429,0.8321678042411804,0.8037803769111633
YPR171W,YKL144C,0,-1.180405,0.09390147775411606,0.8321678042411804,0.8038803935050964
YKL208W,YPR021C,0,-1.1804093,0.09389089047908783,0.8321678042411804,0.8039804100990295
YLR084C,YBR166C,0,-1.180456,0.0938803106546402,0.8321678042411804,0.8040804266929626
YNL116W,YMR217W,0,-1.1804583,0.09386973083019257,0.8321678042411804,0.8041804432868958
YDR031W,YGR133W,0,-1.1804775,0.09385915845632553,0.8321678042411804,0.8042804002761841
YGL026C,YER124C,0,-1.1804985,0.0938485786318779,0.8321678042411804,0.8043804168701172
YPL187W,YLR305C,0,-1.1805474,0.09383800625801086,0.8321678042411804,0.8044804334640503
YER137C,YGL254W,0,-1.1805755,0.09382744133472443,0.8321678042411804,0.8045804500579834
YDL107W,YLR440C,0,-1.1806673,0.09381686896085739,0.8321678042411804,0.8046804666519165
YDR153C,YOR036W,0,-1.1807278,0.09380630403757095,0.8321678042411804,0.8047804832458496
YGR163W,YML129C,0,-1.1807927,0.09379574656486511,0.8321678042411804,0.8048804998397827
YGL156W,YBR056W,1,-1.1811438,0.09389776736497879,0.8331668376922607,0.8048804998397827
YLR096W,YPL211W,0,-1.1813546,0.09388720244169235,0.8331668376922607,0.8049805164337158
YGR222W,YHR063C,0,-1.1814755,0.09387663006782532,0.8331668376922607,0.8050805330276489
YEL016C,YBR142W,0,-1.1816976,0.09386606514453888,0.8331668376922607,0.8051804900169373
YGL051W,YOR143C,0,-1.1817061,0.09385550022125244,0.8331668376922607,0.8052805066108704
YBL042C,YDR247W,0,-1.181726,0.0938449427485466,0.8331668376922607,0.8053805232048035
YNL016W,YGL084C,0,-1.1820694,0.09383438527584076,0.8331668376922607,0.8054805397987366
YDR363W,YPR091C,0,-1.1822306,0.09382382780313492,0.8331668376922607,0.8055805563926697
YGR257C,YGL086W,0,-1.1823021,0.09381327033042908,0.8331668376922607,0.8056805729866028
YPL204W,YGL181W,0,-1.1827484,0.09380272030830383,0.8331668376922607,0.8057805895805359
YDL202W,YER008C,0,-1.18292,0.09379217028617859,0.8331668376922607,0.805880606174469
YLR447C,YOL007C,0,-1.1830186,0.09378162771463394,0.8331668376922607,0.8059806227684021
YLR286C,YHR204W,1,-1.1830904,0.09388351440429688,0.8341658115386963,0.8059806227684021
YOR206W,YBR261C,0,-1.1831225,0.09387296438217163,0.8341658115386963,0.8060805797576904
YER016W,YOR324C,0,-1.1832477,0.09386240690946579,0.8341658115386963,0.8061805963516235
YNL208W,YBR229C,0,-1.1832687,0.09385185688734055,0.8341658115386963,0.8062806129455566
YDR299W,YIL121W,0,-1.1835084,0.0938413143157959,0.8341658115386963,0.8063806295394897
YJL204C,YLR419W,0,-1.1835989,0.09383076429367065,0.8341658115386963,0.8064806461334229
YPL016W,YDR205W,0,-1.1836015,0.09382022172212601,0.8341658115386963,0.806580662727356
YGL071W,YMR297W,0,-1.1837204,0.09380968660116196,0.8341658115386963,0.8066806793212891
YOR371C,YJL065C,0,-1.1838022,0.09379914402961731,0.8341658115386963,0.8067806959152222
YGL184C,YDR362C,0,-1.1839159,0.09378860890865326,0.8341658115386963,0.8068807125091553
YPL249C,YGL050W,0,-1.1841697,0.09377807378768921,0.8341658115386963,0.8069806694984436
YFL021W,YBL026W,0,-1.1844518,0.09376754611730576,0.8341658115386963,0.8070806860923767
YDL156W,YHR164C,0,-1.1844642,0.0937570184469223,0.8341658115386963,0.8071807026863098
YGL027C,YER142C,1,-1.1845552,0.0938587635755539,0.8351648449897766,0.8071807026863098
YDR221W,YDR371W,1,-1.1846137,0.0939604863524437,0.8361638188362122,0.8071807026863098
YGL012W,YOL097C,0,-1.1846324,0.09394993633031845,0.8361638188362122,0.8072807192802429
YIL134W,YOR317W,0,-1.184664,0.0939393937587738,0.8361638188362122,0.807380735874176
YOL102C,YCR004C,0,-1.1848072,0.09392885118722916,0.8361638188362122,0.8074807524681091
YIL047C,YJL074C,0,-1.1848947,0.0939183160662651,0.8361638188362122,0.8075807690620422
YDL099W,YKL092C,0,-1.1849338,0.09390777349472046,0.8361638188362122,0.8076807856559753
YDR541C,YPL208W,0,-1.1852797,0.09389723837375641,0.8361638188362122,0.8077808022499084
YDR347W,YCR048W,0,-1.1853844,0.09388671070337296,0.8361638188362122,0.8078807592391968
YKL090W,YLR026C,0,-1.1855003,0.0938761755824089,0.8361638188362122,0.8079807758331299
YKL165C,YNL085W,0,-1.1855886,0.09386564791202545,0.8361638188362122,0.808080792427063
YNL096C,YGL039W,0,-1.1856058,0.0938551276922226,0.8361638188362122,0.8081808090209961
YDR315C,YER012W,0,-1.1856828,0.09384460002183914,0.8361638188362122,0.8082808256149292
YKL034W,YGR075C,0,-1.1857829,0.09383407980203629,0.8361638188362122,0.8083808422088623
YJL060W,YKL113C,0,-1.1858373,0.09382355958223343,0.8361638188362122,0.8084808588027954
YDR067C,YDR172W,0,-1.1859863,0.09381304681301117,0.8361638188362122,0.8085808753967285
YPL149W,YJR160C,0,-1.1861005,0.09380253404378891,0.8361638188362122,0.8086808919906616
YOR179C,YER029C,0,-1.1861804,0.09379202127456665,0.8361638188362122,0.80878084897995
YGR206W,YOL117W,0,-1.1862096,0.09378151595592499,0.8361638188362122,0.8088808655738831
YLL022C,YJL121C,0,-1.1865247,0.09377100318670273,0.8361638188362122,0.8089808821678162
YNL209W,YHR135C,0,-1.1866213,0.09376050531864166,0.8361638188362122,0.8090808987617493
YLR153C,YML087C,0,-1.1867673,0.09375,0.8361638188362122,0.8091809153556824
YML085C,YDR208W,0,-1.1869055,0.09373950213193893,0.8361638188362122,0.8092809319496155
YPL147W,YCR004C,0,-1.1870221,0.09372900426387787,0.8361638188362122,0.8093809485435486
YLR206W,YMR277W,0,-1.1870297,0.0937185063958168,0.8361638188362122,0.8094809651374817
YDR221W,YGL027C,1,-1.187209,0.09381997585296631,0.8371628522872925,0.8094809651374817
YKL093W,YNL009W,0,-1.1873461,0.09380947053432465,0.8371628522872925,0.8095809817314148
YBR238C,YMR093W,0,-1.1875365,0.09379897266626358,0.8371628522872925,0.8096809387207031
YML085C,YDR113C,0,-1.1875597,0.09378847479820251,0.8371628522872925,0.8097809553146362
YJR043C,YOR022C,0,-1.1877528,0.09377797693014145,0.8371628522872925,0.8098809719085693
YMR238W,YML021C,1,-1.1878632,0.09387937933206558,0.838161826133728,0.8098809719085693
YIL044C,YAR018C,0,-1.1881596,0.09386887401342392,0.838161826133728,0.8099809885025024
YGL244W,YOR301W,0,-1.1882476,0.09385837614536285,0.838161826133728,0.8100810050964355
YKL218C,YJR135C,0,-1.1882707,0.09384787827730179,0.838161826133728,0.8101810216903687
YHR188C,YJR068W,0,-1.1884295,0.09383738040924072,0.838161826133728,0.8102810382843018
YNL312W,YER074W,0,-1.188825,0.09382688254117966,0.838161826133728,0.8103810548782349
YKL180W,YDR196C,0,-1.1888746,0.09381639212369919,0.838161826133728,0.810481071472168
YAL032C,YPL164C,0,-1.1889936,0.09380590170621872,0.838161826133728,0.8105810284614563
YOL136C,YJR055W,0,-1.1892129,0.09379541873931885,0.838161826133728,0.8106810450553894
YDR221W,YBR299W,1,-1.189247,0.09389671683311462,0.8391608595848083,0.8106810450553894
YDR414C,YAR003W,0,-1.1892653,0.09388621896505356,0.8391608595848083,0.8107810616493225
YGR113W,YJR013W,0,-1.1892763,0.09387572854757309,0.8391608595848083,0.8108810782432556
YGR071C,YCR057C,0,-1.1894301,0.09386523813009262,0.8391608595848083,0.8109810948371887
YNL229C,YNL085W,0,-1.1894644,0.09385474771261215,0.8391608595848083,0.8110811114311218
YKL126W,YMR160W,0,-1.189486,0.09384426474571228,0.8391608595848083,0.8111811280250549
YIL051C,YNL302C,0,-1.1894944,0.09383378177881241,0.8391608595848083,0.811281144618988
YNL093W,YNL088W,0,-1.1895803,0.09382329881191254,0.8391608595848083,0.8113811612129211
YGR027C,YKL126W,0,-1.1896391,0.09381282329559326,0.8391608595848083,0.8114811778068542
YGR143W,YIL099W,1,-1.1896871,0.09391401708126068,0.8401598334312439,0.8114811778068542
YPR080W,YDR211W,0,-1.1898748,0.09390352666378021,0.8401598334312439,0.8115811347961426
YGR047C,YFL044C,0,-1.1909926,0.09389304369688034,0.8401598334312439,0.8116811513900757
YHL024W,YOL117W,0,-1.1911603,0.09388256072998047,0.8401598334312439,0.8117811679840088
YBR282W,YKL186C,0,-1.1913673,0.0938720852136612,0.8401598334312439,0.8118811845779419
YLR242C,YOL056W,0,-1.1915531,0.09386160969734192,0.8401598334312439,0.811981201171875
YMR180C,YBL101C,0,-1.1917325,0.09385113418102264,0.8401598334312439,0.8120812177658081
YOR126C,YKL041W,0,-1.1917793,0.09384065866470337,0.8401598334312439,0.8121812343597412
YJL097W,YPL106C,0,-1.1921598,0.09383019059896469,0.8401598334312439,0.8122812509536743
YGR026W,YML104C,0,-1.1922883,0.09381972253322601,0.8401598334312439,0.8123812675476074
YMR238W,YHR204W,1,-1.1923541,0.09392080456018448,0.8411588668823242,0.8123812675476074
YLR440C,YDL115C,0,-1.1923789,0.0939103290438652,0.8411588668823242,0.8124812245368958
YOR143C,YGR071C,0,-1.1927452,0.09389985352754593,0.8411588668823242,0.8125812411308289
YGL133W,YGR112W,0,-1.1928217,0.09388938546180725,0.8411588668823242,0.812681257724762
YOR222W,YIL015W,0,-1.19305,0.09387891739606857,0.8411588668823242,0.8127812743186951
YDR033W,YNL292W,0,-1.1931157,0.0938684493303299,0.8411588668823242,0.8128812909126282
YOR054C,YKL203C,0,-1.1934073,0.09385798871517181,0.8411588668823242,0.8129813075065613
YCR069W,YGR171C,0,-1.1935809,0.09384752810001373,0.8411588668823242,0.8130813241004944
YPR119W,YHR181W,0,-1.1938568,0.09383706748485565,0.8411588668823242,0.8131813406944275
YDL002C,YOR224C,0,-1.1939877,0.09382660686969757,0.8411588668823242,0.8132813572883606
YLR373C,YKL156W,0,-1.1940006,0.09381615370512009,0.8411588668823242,0.8133813142776489
YOL070C,YBR021W,0,-1.1940669,0.0938057005405426,0.8411588668823242,0.813481330871582
YMR210W,YDL066W,0,-1.1941746,0.09379525482654572,0.8411588668823242,0.8135813474655151
YLR344W,YML074C,0,-1.194357,0.09378480911254883,0.8411588668823242,0.8136813640594482
YJR005W,YDR155C,0,-1.1944208,0.09377436339855194,0.8411588668823242,0.8137813806533813
YHR200W,YMR216C,0,-1.194544,0.09376391768455505,0.8411588668823242,0.8138813972473145
YPL273W,YLR364W,0,-1.1946834,0.09375347942113876,0.8411588668823242,0.8139814138412476
YOR056C,YOL092W,0,-1.1947454,0.09374304115772247,0.8411588668823242,0.8140814304351807
YFL024C,YGR009C,0,-1.194867,0.09373260289430618,0.8411588668823242,0.8141814470291138
YNR012W,YLR064W,0,-1.1950848,0.09372217208147049,0.8411588668823242,0.8142814040184021
YBR215W,YMR315W,0,-1.1953477,0.0937117412686348,0.8411588668823242,0.8143814206123352
YHR175W,YDR409W,0,-1.1953954,0.0937013104557991,0.8411588668823242,0.8144814372062683
YPL143W,YJL010C,0,-1.1954008,0.093690887093544,0.8411588668823242,0.8145814538002014
YML060W,YOL043C,1,-1.1957519,0.09379172325134277,0.8421578407287598,0.8145814538002014
YLR064W,YHR206W,0,-1.1958842,0.09378128498792648,0.8421578407287598,0.8146814703941345
YKL205W,YHR123W,0,-1.1959034,0.09377085417509079,0.8421578407287598,0.8147814869880676
YMR199W,YIR006C,0,-1.1959808,0.0937604308128357,0.8421578407287598,0.8148815035820007
YJR105W,YDR052C,0,-1.1959844,0.09375,0.8421578407287598,0.8149815201759338
YER007W,YDR258C,0,-1.1960539,0.0937395766377449,0.8421578407287598,0.8150815367698669
YCR066W,YPR082C,0,-1.1962205,0.09372915327548981,0.8421578407287598,0.8151814937591553
YAL005C,YDR358W,0,-1.1962944,0.09371872991323471,0.8421578407287598,0.8152815103530884
YHR109W,YDR296W,0,-1.1962961,0.09370831400156021,0.8421578407287598,0.8153815269470215
YGR275W,YDR409W,0,-1.1963184,0.09369789808988571,0.8421578407287598,0.8154815435409546
YIR021W,YHR026W,0,-1.1963334,0.09368748962879181,0.8421578407287598,0.8155815601348877
YOR075W,YIL155C,0,-1.1963477,0.09367707371711731,0.8421578407287598,0.8156815767288208
YBR081C,YHR112C,0,-1.1964434,0.09366666525602341,0.8421578407287598,0.8157815933227539
YMR308C,YML049C,0,-1.1965517,0.0936562567949295,0.8421578407287598,0.815881609916687
YML060W,YHR204W,1,-1.1968424,0.09375694394111633,0.8431568145751953,0.815881609916687
YIL039W,YBR229C,0,-1.1969776,0.09374652802944183,0.8431568145751953,0.8159816265106201
YLL034C,YPL028W,0,-1.1970092,0.09373611956834793,0.8431568145751953,0.8160815834999084
YKL120W,YOR080W,0,-1.1974124,0.09372571110725403,0.8431568145751953,0.8161816000938416
YJR091C,YGL155W,0,-1.197793,0.09371530264616013,0.8431568145751953,0.8162816166877747
YBR073W,YOR150W,0,-1.1981143,0.09370489418506622,0.8431568145751953,0.8163816332817078
YJR131W,YLR144C,1,-1.198191,0.09380550682544708,0.8441558480262756,0.8163816332817078
YHR186C,YGR108W,0,-1.1982895,0.09379509091377258,0.8441558480262756,0.8164816498756409
YLR262C,YCR046C,0,-1.1986021,0.09378468245267868,0.8441558480262756,0.816581666469574
YPL085W,YDR530C,0,-1.1986027,0.09377427399158478,0.8441558480262756,0.8166816830635071
YIR011C,YDR255C,0,-1.1988763,0.09376387298107147,0.8441558480262756,0.8167816996574402
YLR274W,YPL003W,0,-1.1991365,0.09375346451997757,0.8441558480262756,0.8168817162513733
YGR189C,YMR305C,1,-1.1992797,0.09385400265455246,0.8451548218727112,0.8168817162513733
YAL061W,YJL087C,0,-1.1996938,0.09384359419345856,0.8451548218727112,0.8169816732406616
YBR061C,YLR121C,0,-1.19996,0.09383318573236465,0.8451548218727112,0.8170816898345947
YMR071C,YGL233W,0,-1.200199,0.09382277727127075,0.8451548218727112,0.8171817064285278
YKL117W,YNL224C,0,-1.2004765,0.09381237626075745,0.8451548218727112,0.8172817230224609
YOR028C,YDL215C,0,-1.2005521,0.09380197525024414,0.8451548218727112,0.817381739616394
YJL099W,YIR039C,0,-1.2006115,0.09379157423973083,0.8451548218727112,0.8174817562103271
YMR276W,YFR028C,0,-1.201037,0.09378118067979813,0.8451548218727112,0.8175817728042603
YAR031W,YOR084W,0,-1.2012801,0.09377077966928482,0.8451548218727112,0.8176817893981934
YJR002W,YOL072W,0,-1.2014905,0.09376039355993271,0.8451548218727112,0.8177818059921265
YBR171W,YAL043C,0,-1.2015157,0.09375,0.8451548218727112,0.8178817629814148
YAR031W,YLL040C,0,-1.201518,0.09373961389064789,0.8451548218727112,0.8179817795753479
YOR044W,YLR145W,0,-1.2016093,0.09372922778129578,0.8451548218727112,0.818081796169281
YDL043C,YMR312W,0,-1.201611,0.09371884167194366,0.8451548218727112,0.8181818127632141
YJL153C,YGL181W,0,-1.2017227,0.09370846301317215,0.8451548218727112,0.8182818293571472
YHL022C,YJR125C,0,-1.2019123,0.09369808435440063,0.8451548218727112,0.8183818459510803
YNL116W,YOL089C,0,-1.2019664,0.09368770569562912,0.8451548218727112,0.8184818625450134
YNL136W,YPL020C,0,-1.2020167,0.0936773344874382,0.8451548218727112,0.8185818791389465
YNR054C,YCR030C,0,-1.2024219,0.09366696327924728,0.8451548218727112,0.8186818957328796
YAR007C,YNL127W,0,-1.2024599,0.09365659207105637,0.8451548218727112,0.818781852722168
YMR201C,YML116W,0,-1.20248,0.09364622831344604,0.8451548218727112,0.8188818693161011
YHR023W,YGR002C,0,-1.2024971,0.09363585710525513,0.8451548218727112,0.8189818859100342
YDL122W,YHR059W,0,-1.2025034,0.0936255007982254,0.8451548218727112,0.8190819025039673
YJL030W,YLR418C,0,-1.2025908,0.09361513704061508,0.8451548218727112,0.8191819190979004
YIL115C,YER185W,0,-1.2028016,0.09360478073358536,0.8451548218727112,0.8192819356918335
YGL020C,YHR047C,0,-1.202913,0.09359442442655563,0.8451548218727112,0.8193819522857666
YNR047W,YNL085W,0,-1.2030599,0.09358406811952591,0.8451548218727112,0.8194819688796997
YAL015C,YDR001C,1,-1.2031022,0.09368433058261871,0.8461538553237915,0.8194819688796997
YAL034W-A,YBR201W,0,-1.203252,0.09367396682500839,0.8461538553237915,0.8195819854736328
YBR030W,YOR337W,0,-1.2032832,0.09366361051797867,0.8461538553237915,0.8196819424629211
YGR279C,YDR400W,1,-1.2034547,0.0937638208270073,0.847152829170227,0.8196819424629211
YJR127C,YJR104C,0,-1.2036442,0.09375345706939697,0.847152829170227,0.8197819590568542
YHR070W,YMR269W,0,-1.2038646,0.09374309331178665,0.847152829170227,0.8198819756507874
YBR276C,YDR416W,0,-1.203973,0.09373272955417633,0.847152829170227,0.8199819922447205
YGR154C,YDR369C,0,-1.2041782,0.0937223732471466,0.847152829170227,0.8200820088386536
YDR214W,YPR052C,0,-1.2043433,0.09371200948953629,0.847152829170227,0.8201820254325867
YLR410W,YOR046C,0,-1.2043926,0.09370166063308716,0.847152829170227,0.8202820420265198
YNL291C,YOL149W,0,-1.2044667,0.09369130432605743,0.847152829170227,0.8203820586204529
YDR382W,YHR085W,0,-1.2046283,0.0936809554696083,0.847152829170227,0.820482075214386
YJL081C,YER151C,0,-1.2047462,0.09367060661315918,0.847152829170227,0.8205820322036743
YDL200C,YJL166W,0,-1.2047712,0.09366025775671005,0.847152829170227,0.8206820487976074
YMR239C,YMR019W,0,-1.2048714,0.09364991635084152,0.847152829170227,0.8207820653915405
YOR382W,YMR090W,0,-1.2049772,0.09363957494497299,0.847152829170227,0.8208820819854736
YPR159W,YHR204W,1,-1.2051388,0.09373965114355087,0.8481518626213074,0.8208820819854736
YHR039C,YPR121W,0,-1.2052844,0.09372930228710175,0.8481518626213074,0.8209820985794067
YMR289W,YCL027W,0,-1.2052954,0.09371895343065262,0.8481518626213074,0.8210821151733398
YJR131W,YIL162W,1,-1.2055424,0.09381898492574692,0.8491508364677429,0.8210821151733398
YOL125W,YLR214W,0,-1.2056621,0.0938086286187172,0.8491508364677429,0.821182131767273
YGL131C,YDR116C,0,-1.2056645,0.09379827976226807,0.8491508364677429,0.821282148361206
YLR013W,YNR002C,0,-1.205768,0.09378793090581894,0.8491508364677429,0.8213821649551392
YPL064C,YJR068W,0,-1.2058641,0.09377758204936981,0.8491508364677429,0.8214821219444275
YLR305C,YLR341W,0,-1.205957,0.09376723319292068,0.8491508364677429,0.8215821385383606
YNL090W,YBL067C,0,-1.2059864,0.09375689178705215,0.8491508364677429,0.8216821551322937
YLR286C,YBR229C,1,-1.2060467,0.09385684132575989,0.8501498699188232,0.8216821551322937
YGR246C,YMR233W,0,-1.2061192,0.09384649246931076,0.8501498699188232,0.8217821717262268
YNL139C,YFL022C,0,-1.2061216,0.09383614361286163,0.8501498699188232,0.8218821883201599
YLL009C,YPL188W,0,-1.2061622,0.0938258022069931,0.8501498699188232,0.821982204914093
YHL002W,YML009C,0,-1.2064148,0.09381545335054398,0.8501498699188232,0.8220822215080261
YLL042C,YIL048W,0,-1.2067205,0.09380511194467545,0.8501498699188232,0.8221822381019592
YMR263W,YMR025W,0,-1.2067534,0.09379477798938751,0.8501498699188232,0.8222822546958923
YOL109W,YKL168C,0,-1.2067763,0.09378443658351898,0.8501498699188232,0.8223822116851807
YDR196C,YBL036C,0,-1.2069215,0.09377410262823105,0.8501498699188232,0.8224822282791138
YNL050C,YCR047C,0,-1.2070639,0.09376377612352371,0.8501498699188232,0.8225822448730469
YLR404W,YNR035C,0,-1.2071143,0.09375344216823578,0.8501498699188232,0.82268226146698
YML078W,YGL106W,0,-1.207178,0.09374311566352844,0.8501498699188232,0.8227822780609131
YMR005W,YBR290W,0,-1.2073698,0.0937327891588211,0.8501498699188232,0.8228822946548462
YOL049W,YKL156W,0,-1.2076288,0.09372247010469437,0.8501498699188232,0.8229823112487793
YOR143C,YGL148W,0,-1.2076839,0.09371214359998703,0.8501498699188232,0.8230823278427124
YOL060C,YLR028C,0,-1.2078089,0.09370182454586029,0.8501498699188232,0.8231823444366455
YNL037C,YAR015W,0,-1.208243,0.09369151294231415,0.8501498699188232,0.8232823014259338
YKL175W,YBL036C,0,-1.2082821,0.093681201338768,0.8501498699188232,0.8233823180198669
YJR056C,YOR313C,0,-1.2083801,0.09367088973522186,0.8501498699188232,0.8234823346138
YHR196W,YJL052W,0,-1.2084315,0.09366057813167572,0.8501498699188232,0.8235823512077332
YDL040C,YKL028W,0,-1.2088561,0.09365026652812958,0.8501498699188232,0.8236823678016663
YMR213W,YNL012W,0,-1.209037,0.09363996237516403,0.8501498699188232,0.8237823843955994
YOR100C,YBR150C,0,-1.2090473,0.09362966567277908,0.8501498699188232,0.8238824009895325
YNL224C,YKR029C,0,-1.2092052,0.09361936151981354,0.8501498699188232,0.8239824175834656
YNR067C,YDR261C,1,-1.2093508,0.09371906518936157,0.8511488437652588,0.8239824175834656
YBR164C,YOR332W,0,-1.2094655,0.09370875358581543,0.8511488437652588,0.8240824341773987
YPR159W,YLR057W,1,-1.2095426,0.09380842745304108,0.8521478772163391,0.8240824341773987
YJR076C,YGL017W,0,-1.2095762,0.09379810839891434,0.8521478772163391,0.824182391166687
YLR398C,YMR079W,0,-1.2096151,0.0937877967953682,0.8521478772163391,0.8242824077606201
YGR156W,YNL306W,0,-1.2097373,0.09377748519182205,0.8521478772163391,0.8243824243545532
YJR031C,YAL017W,0,-1.2099746,0.09376717358827591,0.8521478772163391,0.8244824409484863
YDL126C,YJR044C,0,-1.2099867,0.09375686943531036,0.8521478772163391,0.8245824575424194
YLR212C,YMR287C,0,-1.2100083,0.09374656528234482,0.8521478772163391,0.8246824741363525
YGL051W,YDR115W,0,-1.2100283,0.09373626112937927,0.8521478772163391,0.8247824907302856
YEL040W,YLR213C,1,-1.2101144,0.09383584558963776,0.8531468510627747,0.8247824907302856
YPR191W,YMR216C,0,-1.2102941,0.09382553398609161,0.8531468510627747,0.8248825073242188
YDR341C,YJL178C,0,-1.2103325,0.09381522238254547,0.8531468510627747,0.8249825239181519
YBR135W,YNL001W,0,-1.2103963,0.09380491822957993,0.8531468510627747,0.8250824809074402
YPL016W,YOR391C,0,-1.210462,0.09379462152719498,0.8531468510627747,0.8251824975013733
YDL226C,YLR032W,0,-1.2104886,0.09378431737422943,0.8531468510627747,0.8252825140953064
YPL011C,YMR309C,0,-1.2105504,0.09377402067184448,0.8531468510627747,0.8253825306892395
YKL015W,YJR112W,0,-1.210555,0.09376372396945953,0.8531468510627747,0.8254825472831726
YAR027W,YPR021C,0,-1.2106282,0.09375342726707458,0.8531468510627747,0.8255825638771057
YCR079W,YDR480W,0,-1.2107948,0.09374313801527023,0.8531468510627747,0.8256825804710388
YEL063C,YGR026W,0,-1.2108306,0.09373284876346588,0.8531468510627747,0.8257825970649719
YMR213W,YKR086W,0,-1.2109654,0.09372256696224213,0.8531468510627747,0.825882613658905
YKR014C,YFL033C,0,-1.2110018,0.09371227771043777,0.8531468510627747,0.8259825706481934
YGR002C,YJL091C,0,-1.211096,0.09370199590921402,0.8531468510627747,0.8260825872421265
YOL093W,YGL220W,0,-1.2115048,0.09369171410799026,0.8531468510627747,0.8261826038360596
YPL232W,YOR039W,0,-1.2117317,0.0936814397573471,0.8531468510627747,0.8262826204299927
YNL210W,YGR123C,0,-1.2117746,0.09367116540670395,0.8531468510627747,0.8263826370239258
YBR171W,YER061C,0,-1.2119137,0.09366089105606079,0.8531468510627747,0.8264826536178589
YNL290W,YPR098C,0,-1.2119182,0.09365061670541763,0.8531468510627747,0.826582670211792
YML032C,YOL040C,0,-1.2119838,0.09364034980535507,0.8531468510627747,0.8266826868057251
YMR089C,YLL051C,0,-1.2120491,0.09363008290529251,0.8531468510627747,0.8267827033996582
YML114C,YGR189C,0,-1.2125963,0.09361982345581055,0.8531468510627747,0.8268826603889465
YNL049C,YOR349W,0,-1.2126987,0.09360955655574799,0.8531468510627747,0.8269826769828796
YFL038C,YLR330W,0,-1.2129807,0.09359929710626602,0.8531468510627747,0.8270826935768127
YDR264C,YOL002C,0,-1.2130198,0.09358903765678406,0.8531468510627747,0.8271827101707458
YKR056W,YHR181W,0,-1.2133521,0.09357878565788269,0.8531468510627747,0.827282726764679
YLR370C,YGL203C,0,-1.2134565,0.09356853365898132,0.8531468510627747,0.8273827433586121
YBR061C,YKR087C,0,-1.2134984,0.09355828166007996,0.8531468510627747,0.8274827599525452
YBR274W,YHR175W,0,-1.2136549,0.09354803711175919,0.8531468510627747,0.8275827765464783
YBL039C,YJR088C,0,-1.2137125,0.09353778511285782,0.8531468510627747,0.8276827931404114
YGL131C,YGL119W,0,-1.2140805,0.09352754056453705,0.8531468510627747,0.8277827501296997
YDR064W,YER113C,0,-1.2144942,0.09351730346679688,0.8531468510627747,0.8278827667236328
YDR311W,YGL213C,0,-1.2147638,0.0935070589184761,0.8531468510627747,0.8279827833175659
YGL084C,YNL283C,0,-1.2148551,0.09349682182073593,0.8531468510627747,0.828082799911499
YNL314W,YGL090W,0,-1.2150586,0.09348659217357635,0.8531468510627747,0.8281828165054321
YGR249W,YHR032W,0,-1.215063,0.09347635507583618,0.8531468510627747,0.8282828330993652
YER142C,YBR229C,1,-1.2151818,0.09357557445764542,0.8541458249092102,0.8282828330993652
YNL307C,YNL086W,0,-1.2151855,0.09356532990932465,0.8541458249092102,0.8283828496932983
YJL125C,YKL027W,0,-1.2153355,0.09355509281158447,0.8541458249092102,0.8284828662872314
YMR036C,YKL124W,0,-1.2156109,0.0935448557138443,0.8541458249092102,0.8285828828811646
YHR196W,YER180C,0,-1.2156453,0.09353462606668472,0.8541458249092102,0.8286828398704529
YDR457W,YPL217C,0,-1.215702,0.09352439641952515,0.8541458249092102,0.828782856464386
YBR036C,YLR008C,0,-1.2159117,0.09351416677236557,0.8541458249092102,0.8288828730583191
YDR026C,YDR137W,0,-1.216025,0.093503937125206,0.8541458249092102,0.8289828896522522
YPR159W,YNL066W,1,-1.2162131,0.09360305964946747,0.8551448583602905,0.8289828896522522
YJR006W,YGR089W,0,-1.2162415,0.09359283000230789,0.8551448583602905,0.8290829062461853
YER162C,YJR056C,0,-1.2164359,0.09358259290456772,0.8551448583602905,0.8291829228401184
YKL096W,YER154W,0,-1.2165334,0.09357236325740814,0.8551448583602905,0.8292829394340515
YJL095W,YHR179W,0,-1.2165719,0.09356214106082916,0.8551448583602905,0.8293829560279846
YDL204W,YML118W,0,-1.2166705,0.09355191141366959,0.8551448583602905,0.8294829726219177
YHR204W,YDR261C,1,-1.2166888,0.09365096688270569,0.8561438322067261,0.8294829726219177
YFL055W,YLR201C,0,-1.2167748,0.09364073723554611,0.8561438322067261,0.829582929611206
YPL202C,YNL282W,0,-1.2168303,0.09363050013780594,0.8561438322067261,0.8296829462051392
YER114C,YLR191W,0,-1.2169504,0.09362027794122696,0.8561438322067261,0.8297829627990723
YGR209C,YGL084C,0,-1.216966,0.09361004829406738,0.8561438322067261,0.8298829793930054
YDR240C,YNL331C,0,-1.2170635,0.0935998260974884,0.8561438322067261,0.8299829959869385
YPL051W,YPL023C,0,-1.2172378,0.09358960390090942,0.8561438322067261,0.8300830125808716
YER140W,YHR003C,0,-1.2173184,0.09357938170433044,0.8561438322067261,0.8301830291748047
YLR045C,YGR075C,0,-1.2176353,0.09356916695833206,0.8561438322067261,0.8302830457687378
YNL047C,YPR020W,0,-1.2178319,0.09355895221233368,0.8561438322067261,0.8303830623626709
YLR353W,YIL017C,0,-1.2180201,0.0935487374663353,0.8561438322067261,0.8304830193519592
YML060W,YJR153W,1,-1.2181766,0.09364767372608185,0.8571428656578064,0.8304830193519592
YDL040C,YNL046W,0,-1.2187463,0.09363745152950287,0.8571428656578064,0.8305830359458923
YML087C,YBR125C,0,-1.2188785,0.09362723678350449,0.8571428656578064,0.8306830525398254
YLR364W,YBL020W,0,-1.2190264,0.0936170220375061,0.8571428656578064,0.8307830691337585
YHL008C,YPL244C,0,-1.2190711,0.09360680729150772,0.8571428656578064,0.8308830857276917
YBR001C,YLR057W,1,-1.2191032,0.0937056839466095,0.8581418395042419,0.8308830857276917
YLR370C,YPL111W,0,-1.219331,0.09369546175003052,0.8581418395042419,0.8309831023216248
YNL298W,YNL185C,0,-1.2194091,0.09368524700403214,0.8581418395042419,0.8310831189155579
YDR117C,YJR151C,0,-1.2196119,0.09367502480745316,0.8581418395042419,0.831183135509491
YCR097W,YPR002W,0,-1.2196366,0.09366481006145477,0.8581418395042419,0.8312831521034241
YGL249W,YJL192C,0,-1.219693,0.09365460276603699,0.8581418395042419,0.8313831090927124
YKL190W,YOR168W,0,-1.2197006,0.0936443880200386,0.8581418395042419,0.8314831256866455
YDL017W,YOL045W,0,-1.219752,0.09363418072462082,0.8581418395042419,0.8315831422805786
YGR134W,YDL051W,0,-1.2197846,0.09362398087978363,0.8581418395042419,0.8316831588745117
YOR230W,YBR260C,0,-1.2198023,0.09361377358436584,0.8581418395042419,0.8317831754684448
YGL021W,YDR496C,0,-1.2198731,0.09360357373952866,0.8581418395042419,0.8318831920623779
YGR090W,YER117W,0,-1.219923,0.09359337389469147,0.8581418395042419,0.831983208656311
YDL166C,YGR037C,0,-1.2202022,0.09358318150043488,0.8581418395042419,0.8320832252502441
YMR201C,YMR098C,0,-1.2202117,0.09357298165559769,0.8581418395042419,0.8321832418441772
YOR293W,YLR015W,0,-1.2203822,0.0935627892613411,0.8581418395042419,0.8322831988334656
YPR025C,YLR423C,0,-1.220426,0.0935526043176651,0.8581418395042419,0.8323832154273987
YKR037C,YDL045C,0,-1.2208058,0.09354241192340851,0.8581418395042419,0.8324832320213318
YAL012W,YKR054C,0,-1.221014,0.09353222697973251,0.8581418395042419,0.8325832486152649
YDR465C,YKL024C,0,-1.2213011,0.09352204948663712,0.8581418395042419,0.832683265209198
YPL249C,YBR227C,0,-1.2215832,0.09351186454296112,0.8581418395042419,0.8327832818031311
YKL213C,YIL046W,0,-1.221633,0.09350168704986572,0.8581418395042419,0.8328832983970642
YNR010W,YJR144W,0,-1.2218097,0.09349150955677032,0.8581418395042419,0.8329833149909973
YMR011W,YOR025W,0,-1.2218415,0.09348133951425552,0.8581418395042419,0.8330833315849304
YBL105C,YCR008W,0,-1.2218798,0.09347116202116013,0.8581418395042419,0.8331832885742188
YDR174W,YGL100W,0,-1.2219409,0.09346099197864532,0.8581418395042419,0.8332833051681519
YJR067C,YHR178W,0,-1.2223159,0.09345082938671112,0.8581418395042419,0.833383321762085
YHR107C,YNL092W,0,-1.2224752,0.09344065934419632,0.8581418395042419,0.8334833383560181
YJR161C,YMR282C,0,-1.2226359,0.09343049675226212,0.8581418395042419,0.8335833549499512
YNR054C,YLR368W,0,-1.2229424,0.09342033416032791,0.8581418395042419,0.8336833715438843
YMR244C-A,YJR006W,0,-1.2229573,0.0934101790189743,0.8581418395042419,0.8337833881378174
YMR290C,YGL029W,0,-1.2233709,0.0934000238776207,0.8581418395042419,0.8338834047317505
YIL128W,YLR265C,0,-1.2234019,0.09338986873626709,0.8581418395042419,0.8339834213256836
YDR239C,YLR090W,0,-1.223439,0.09337971359491348,0.8581418395042419,0.8340834379196167
YLR306W,YDR088C,0,-1.2237836,0.09336956590414047,0.8581418395042419,0.834183394908905
YCL010C,YDR118W,0,-1.2240518,0.09335941821336746,0.8581418395042419,0.8342834115028381
YLR214W,YOR070C,0,-1.2241145,0.09334927052259445,0.8581418395042419,0.8343834280967712
YLR164W,YOL054W,0,-1.224196,0.09333913028240204,0.8581418395042419,0.8344834446907043
YPR135W,YNR069C,0,-1.2242241,0.09332899004220963,0.8581418395042419,0.8345834612846375
YMR298W,YOR116C,0,-1.2242526,0.09331884980201721,0.8581418395042419,0.8346834778785706
YIL124W,YGR062C,0,-1.2244403,0.0933087095618248,0.8581418395042419,0.8347834944725037
YDR171W,YPL195W,0,-1.2245896,0.09329857677221298,0.8581418395042419,0.8348835110664368
YHR161C,YOR265W,0,-1.2247051,0.09328844398260117,0.8581418395042419,0.8349835276603699
YBR229C,YBR056W,1,-1.2247323,0.09338690340518951,0.8591408729553223,0.8349835276603699
YGL119W,YAL017W,0,-1.2248577,0.0933767631649971,0.8591408729553223,0.8350834846496582
YER126C,YMR143W,0,-1.2248771,0.09336663037538528,0.8591408729553223,0.8351835012435913
YNL258C,YLR381W,0,-1.2248902,0.09335649013519287,0.8591408729553223,0.8352835178375244
YPL086C,YJL074C,0,-1.2257364,0.09334635734558105,0.8591408729553223,0.8353835344314575
YPL181W,YLR028C,0,-1.2257501,0.09333622455596924,0.8591408729553223,0.8354835510253906
YLR309C,YDR536W,0,-1.2260185,0.09332609921693802,0.8591408729553223,0.8355835676193237
YKL172W,YLR410W,0,-1.2260212,0.0933159738779068,0.8591408729553223,0.8356835842132568
YOR028C,YDR352W,0,-1.226023,0.09330584853887558,0.8591408729553223,0.8357836008071899
YGR048W,YHR003C,0,-1.2262055,0.09329572319984436,0.8591408729553223,0.835883617401123
YMR315W,YER087C-A,0,-1.226374,0.09328560531139374,0.8591408729553223,0.8359835743904114
YDR119W,YER183C,0,-1.2264278,0.09327548742294312,0.8591408729553223,0.8360835909843445
YMR024W,YDR054C,0,-1.2264589,0.09326536953449249,0.8591408729553223,0.8361836075782776
YOR274W,YBR215W,0,-1.2264937,0.09325525909662247,0.8591408729553223,0.8362836241722107
YDL070W,YPR036W,0,-1.2265753,0.09324514865875244,0.8591408729553223,0.8363836407661438
YPR171W,YOR297C,0,-1.2266264,0.09323503822088242,0.8591408729553223,0.8364836573600769
YDL084W,YBL009W,0,-1.2267424,0.09322493523359299,0.8591408729553223,0.83658367395401
YDR473C,YHR191C,0,-1.2272013,0.09321482479572296,0.8591408729553223,0.8366836905479431
YMR210W,YJL124C,0,-1.22728,0.09320472180843353,0.8591408729553223,0.8367837071418762
YLR370C,YLR276C,0,-1.2276424,0.0931946262717247,0.8591408729553223,0.8368836641311646
YML088W,YNL242W,0,-1.2280098,0.09318453073501587,0.8591408729553223,0.8369836807250977
YBR237W,YPL159C,0,-1.2282122,0.09317442774772644,0.8591408729553223,0.8370836973190308
YJL140W,YGR101W,0,-1.2282755,0.0931643396615982,0.8591408729553223,0.8371837139129639
YLR309C,YNL101W,0,-1.2286991,0.09315424412488937,0.8591408729553223,0.837283730506897
YKL179C,YFL029C,0,-1.228793,0.09314415603876114,0.8591408729553223,0.8373837471008301
YLR142W,YBR014C,0,-1.2289656,0.0931340679526329,0.8591408729553223,0.8374837636947632
YOR073W,YNL115C,0,-1.2290229,0.09312398731708527,0.8591408729553223,0.8375837802886963
YJL036W,YLR024C,0,-1.2291282,0.09311389923095703,0.8591408729553223,0.8376837968826294
YKL119C,YBR115C,0,-1.229209,0.0931038185954094,0.8591408729553223,0.8377837538719177
YKR098C,YLR233C,0,-1.2292491,0.09309374541044235,0.8591408729553223,0.8378837704658508
YML021C,YLR300W,1,-1.2294458,0.09319190680980682,0.8601398468017578,0.8378837704658508
YLR014C,YNL151C,0,-1.2295151,0.09318181872367859,0.8601398468017578,0.8379837870597839
YBL067C,YLR097C,0,-1.2295374,0.09317173808813095,0.8601398468017578,0.838083803653717
YIL132C,YNR049C,0,-1.2296299,0.09316165000200272,0.8601398468017578,0.8381838202476501
YDR405W,YNL012W,0,-1.2299563,0.09315157681703568,0.8601398468017578,0.8382838368415833
YBL009W,YPR033C,0,-1.2301451,0.09314149618148804,0.8601398468017578,0.8383838534355164
YML069W,YMR208W,0,-1.2302017,0.093131422996521,0.8601398468017578,0.8384838700294495
YER083C,YHR072W,0,-1.2303498,0.09312134981155396,0.8601398468017578,0.8385838866233826
YMR311C,YIL023C,0,-1.2304033,0.09311127662658691,0.8601398468017578,0.8386838436126709
YJL125C,YMR127C,0,-1.2305433,0.09310121089220047,0.8601398468017578,0.838783860206604
YJR131W,YGL156W,1,-1.2308728,0.09319926798343658,0.8611388802528381,0.838783860206604
YML060W,YBR001C,1,-1.230918,0.09329729527235031,0.8621378540992737,0.838783860206604
YNL305C,YGR112W,0,-1.231098,0.09328721463680267,0.8621378540992737,0.8388838768005371
YOR118W,YGL013C,0,-1.2315003,0.09327712655067444,0.8621378540992737,0.8389838933944702
YGL163C,YAL009W,0,-1.2318965,0.0932670459151268,0.8621378540992737,0.8390839099884033
YLR276C,YOL133W,0,-1.2319247,0.09325697273015976,0.8621378540992737,0.8391839265823364
YML124C,YJL004C,0,-1.2325119,0.09324689209461212,0.8621378540992737,0.8392839431762695
YMR121C,YPL195W,0,-1.2326292,0.09323681890964508,0.8621378540992737,0.8393839597702026
YAL022C,YMR127C,0,-1.2326783,0.09322674572467804,0.8621378540992737,0.8394839763641357
YDR001C,YEL011W,1,-1.2328291,0.0933246910572052,0.863136887550354,0.8394839763641357
YDR237W,YJL221C,0,-1.2328705,0.09331461042165756,0.863136887550354,0.8395839333534241
YDR532C,YBR183W,0,-1.2333497,0.09330453723669052,0.863136887550354,0.8396839499473572
YGR257C,YKL011C,0,-1.2339998,0.09329446405172348,0.863136887550354,0.8397839665412903
YIL105C,YDL064W,0,-1.2344524,0.09328439086675644,0.863136887550354,0.8398839831352234
YOR153W,YPR190C,0,-1.2345173,0.0932743176817894,0.863136887550354,0.8399839997291565
YKL034W,YLR419W,0,-1.2346116,0.09326425194740295,0.863136887550354,0.8400840163230896
YER112W,YHR011W,0,-1.2346362,0.09325417876243591,0.863136887550354,0.8401840329170227
YPL213W,YDR191W,0,-1.2346752,0.09324412047863007,0.863136887550354,0.8402840495109558
YGR241C,YER083C,0,-1.2349795,0.09323405474424362,0.863136887550354,0.8403840661048889
YIR015W,YDL212W,0,-1.2350719,0.09322399646043777,0.863136887550354,0.8404840230941772
YOR178C,YJL140W,0,-1.235198,0.09321393817663193,0.863136887550354,0.8405840396881104
YDR065W,YHR061C,0,-1.2353503,0.09320387989282608,0.863136887550354,0.8406840562820435
YNR073C,YJR047C,0,-1.2354904,0.09319382905960083,0.863136887550354,0.8407840728759766
YOR244W,YLR278C,0,-1.2357826,0.09318377822637558,0.863136887550354,0.8408840894699097
YKL168C,YIL134W,0,-1.2358203,0.09317372739315033,0.863136887550354,0.8409841060638428
YMR092C,YDL192W,0,-1.2359693,0.09316368401050568,0.863136887550354,0.8410841226577759
YLR238W,YLR064W,0,-1.2359785,0.09315364062786102,0.863136887550354,0.841184139251709
YOL080C,YEL046C,0,-1.2364432,0.09314359724521637,0.863136887550354,0.8412841558456421
YGL133W,YJL176C,0,-1.2364591,0.09313355386257172,0.863136887550354,0.8413841128349304
YNL158W,YDL227C,0,-1.2369978,0.09312351793050766,0.863136887550354,0.8414841294288635
YBR135W,YML065W,0,-1.2371083,0.0931134819984436,0.863136887550354,0.8415841460227966
YGR252W,YGL257C,0,-1.237314,0.09310344606637955,0.863136887550354,0.8416841626167297
YEL009C,YML123C,0,-1.2376453,0.09309341758489609,0.863136887550354,0.8417841792106628
YDL056W,YDL236W,0,-1.2376906,0.09308338910341263,0.863136887550354,0.841884195804596
YLR238W,YGR166W,0,-1.2377204,0.09307336062192917,0.863136887550354,0.841984212398529
YDL065C,YJL124C,0,-1.2380291,0.09306333214044571,0.863136887550354,0.8420842289924622
YOR173W,YGR231C,0,-1.2381977,0.09305331110954285,0.863136887550354,0.8421842455863953
YBR229C,YNR040W,0,-1.2384688,0.09304329007863998,0.863136887550354,0.8422842025756836
YBR082C,YGR216C,0,-1.2385345,0.09303326904773712,0.863136887550354,0.8423842191696167
YEL056W,YMR291W,0,-1.2387525,0.09302325546741486,0.863136887550354,0.8424842357635498
YBR084W,YBR092C,0,-1.2391962,0.09301324188709259,0.863136887550354,0.8425842523574829
YDR137W,YPL271W,0,-1.2392448,0.09300322830677032,0.863136887550354,0.842684268951416
YNL206C,YPL084W,0,-1.2392899,0.09299322217702866,0.863136887550354,0.8427842855453491
YNL327W,YBR229C,1,-1.2394254,0.09309083223342896,0.8641358613967896,0.8427842855453491
YPR171W,YGR175C,0,-1.2396055,0.09308081120252609,0.8641358613967896,0.8428843021392822
YDL205C,YOR003W,0,-1.2396475,0.09307079762220383,0.8641358613967896,0.8429843187332153
YIL031W,YGR085C,0,-1.2397416,0.09306078404188156,0.8641358613967896,0.8430843353271484
YGL027C,YLR057W,1,-1.2398413,0.09315834939479828,0.8651348948478699,0.8430843353271484
YOR151C,YOR332W,0,-1.2401508,0.09314832836389542,0.8651348948478699,0.8431842923164368
YMR235C,YKR026C,0,-1.240429,0.09313830733299255,0.8651348948478699,0.8432843089103699
YLR205C,YHR066W,0,-1.2407519,0.09312829375267029,0.8651348948478699,0.843384325504303
YOR037W,YML074C,0,-1.2408017,0.09311828017234802,0.8651348948478699,0.8434843420982361
YLR144C,YDR400W,1,-1.24116,0.09321578592061996,0.8661338686943054,0.8434843420982361
YMR305C,YDR400W,1,-1.2413173,0.09331326931715012,0.867132842540741,0.8434843420982361
YGL011C,YHR104W,0,-1.2420117,0.09330323338508606,0.867132842540741,0.8435843586921692
YGL229C,YLR188W,0,-1.2425164,0.0932932049036026,0.867132842540741,0.8436843752861023
YNL231C,YMR282C,0,-1.2428261,0.09328318387269974,0.867132842540741,0.8437843918800354
YNL116W,YLR310C,0,-1.242894,0.09327315539121628,0.867132842540741,0.8438844084739685
YPL032C,YPR025C,0,-1.2429384,0.09326313436031342,0.867132842540741,0.8439844250679016
YNL256W,YJL062W,0,-1.2431325,0.09325311332941055,0.867132842540741,0.8440843820571899
YDR424C,YBR176W,0,-1.2431977,0.09324309974908829,0.867132842540741,0.844184398651123
YLR405W,YPL128C,0,-1.243246,0.09323308616876602,0.867132842540741,0.8442844152450562
YOR354C,YPR072W,0,-1.2432604,0.09322307258844376,0.867132842540741,0.8443844318389893
YOR369C,YJL087C,0,-1.2433182,0.09321305900812149,0.867132842540741,0.8444844484329224
YGR052W,YNL061W,0,-1.2434906,0.09320305287837982,0.867132842540741,0.8445844650268555
YLL052C,YDL075W,0,-1.243546,0.09319303929805756,0.867132842540741,0.8446844816207886
YKR080W,YGR186W,0,-1.2436167,0.09318304061889648,0.867132842540741,0.8447844982147217
YPL089C,YBR155W,0,-1.2438049,0.09317303448915482,0.867132842540741,0.8448845148086548
YGR241C,YBR158W,0,-1.2444354,0.09316303580999374,0.867132842540741,0.8449844717979431
YHR164C,YDR118W,0,-1.2445301,0.09315303713083267,0.867132842540741,0.8450844883918762
YMR305C,YBR229C,1,-1.2446337,0.0932503491640091,0.8681318759918213,0.8450844883918762
YLR128W,YGL128C,0,-1.2446553,0.09324034303426743,0.8681318759918213,0.8451845049858093
YIL047C,YGR162W,0,-1.2446699,0.09323033690452576,0.8681318759918213,0.8452845215797424
YKL090W,YLR025W,0,-1.2446977,0.09322033822536469,0.8681318759918213,0.8453845381736755
YLR069C,YPR107C,0,-1.2447685,0.09321033954620361,0.8681318759918213,0.8454845547676086
YCR068W,YMR203W,0,-1.2448097,0.09320034086704254,0.8681318759918213,0.8455845713615417
YKL046C,YNL066W,1,-1.244856,0.09329758584499359,0.8691308498382568,0.8455845713615417
YOR291W,YBR215W,0,-1.2449702,0.09328757971525192,0.8691308498382568,0.8456845879554749
YIL101C,YPL098C,0,-1.2450495,0.09327758103609085,0.8691308498382568,0.845784604549408
YNL306W,YOR201C,0,-1.2452348,0.09326758235692978,0.8691308498382568,0.8458845615386963
YLR228C,YOL052C,0,-1.24537,0.09325758367776871,0.8691308498382568,0.8459845781326294
YOR061W,YOR205C,0,-1.2454346,0.09324758499860764,0.8691308498382568,0.8460845947265625
YDR316W,YOR375C,0,-1.2454442,0.09323759377002716,0.8691308498382568,0.8461846113204956
YML058W,YCR092C,0,-1.2460371,0.09322760254144669,0.8691308498382568,0.8462846279144287
YGR281W,YNL236W,0,-1.2460846,0.09321761131286621,0.8691308498382568,0.8463846445083618
YKL064W,YNL202W,0,-1.246094,0.09320762753486633,0.8691308498382568,0.8464846611022949
YGL125W,YLR283W,0,-1.2462724,0.09319764375686646,0.8691308498382568,0.846584677696228
YDR130C,YOR261C,0,-1.2462797,0.09318765997886658,0.8691308498382568,0.8466846942901611
YJL048C,YFL013C,0,-1.2465764,0.0931776836514473,0.8691308498382568,0.8467846512794495
YGR056W,YOL034W,0,-1.24659,0.09316769987344742,0.8691308498382568,0.8468846678733826
YER183C,YJL178C,0,-1.2466366,0.09315772354602814,0.8691308498382568,0.8469846844673157
YPR061C,YBL060W,0,-1.2466589,0.09314775466918945,0.8691308498382568,0.8470847010612488
YDR237W,YFR015C,0,-1.2469884,0.09313777834177017,0.8691308498382568,0.8471847176551819
YPR149W,YLL051C,0,-1.2470484,0.09312780946493149,0.8691308498382568,0.847284734249115
YLR404W,YDR460W,0,-1.2472602,0.0931178405880928,0.8691308498382568,0.8473847508430481
YBR299W,YJR153W,1,-1.2474433,0.09321489930152893,0.8701298832893372,0.8473847508430481
YBR276C,YNL192W,0,-1.2475303,0.09320492297410965,0.8701298832893372,0.8474847674369812
YDL029W,YBL067C,0,-1.2476758,0.09319494664669037,0.8701298832893372,0.8475847840309143
YLR077W,YDR369C,0,-1.2476859,0.09318497776985168,0.8701298832893372,0.8476847410202026
YLR164W,YJL184W,0,-1.2478894,0.093175008893013,0.8701298832893372,0.8477847576141357
YHL024W,YPR006C,0,-1.2479113,0.09316504746675491,0.8701298832893372,0.8478847742080688
YGR037C,YLR332W,0,-1.2480817,0.09315507858991623,0.8701298832893372,0.847984790802002
YPL060W,YIL127C,0,-1.2483631,0.09314511716365814,0.8701298832893372,0.8480848073959351
YJR006W,YDR518W,0,-1.2484102,0.09313515573740005,0.8701298832893372,0.8481848239898682
YGR189C,YLR286C,1,-1.2486053,0.09323211759328842,0.8711288571357727,0.8481848239898682
YLR447C,YGL200C,0,-1.2487658,0.09322214871644974,0.8711288571357727,0.8482848405838013
YDR167W,YBL019W,0,-1.2488443,0.09321218729019165,0.8711288571357727,0.8483848571777344
YNL309W,YMR039C,0,-1.24885,0.09320222586393356,0.8711288571357727,0.8484848737716675
YBR070C,YML028W,0,-1.2489129,0.09319226443767548,0.8711288571357727,0.8485848307609558
YMR024W,YJR161C,0,-1.2497469,0.09318230301141739,0.8711288571357727,0.8486848473548889
YGR098C,YNL267W,0,-1.2498647,0.0931723490357399,0.8711288571357727,0.848784863948822
YLR079W,YDL245C,0,-1.2499428,0.09316239506006241,0.8711288571357727,0.8488848805427551
YNL206C,YBR042C,0,-1.2501769,0.09315244108438492,0.8711288571357727,0.8489848971366882
YGL145W,YPL113C,0,-1.2501901,0.09314249455928802,0.8711288571357727,0.8490849137306213
YHR171W,YNL329C,0,-1.2502651,0.09313254058361053,0.8711288571357727,0.8491849303245544
YDR153C,YLR310C,0,-1.2507542,0.09312259405851364,0.8711288571357727,0.8492849469184875
YLR401C,YKR013W,0,-1.2507986,0.09311265498399734,0.8711288571357727,0.8493849635124207
YML124C,YOR269W,0,-1.2508048,0.09310270845890045,0.8711288571357727,0.849484920501709
YJL029C,YHR067W,0,-1.2510043,0.09309276938438416,0.8711288571357727,0.8495849370956421
YOR005C,YJR159W,0,-1.2512709,0.09308283776044846,0.8711288571357727,0.8496849536895752
YOL019W,YGR218W,0,-1.251469,0.09307289868593216,0.8711288571357727,0.8497849702835083
YBR215W,YIL114C,0,-1.2516791,0.09306296706199646,0.8711288571357727,0.8498849868774414
YMR229C,YJR145C,0,-1.2516938,0.09305303543806076,0.8711288571357727,0.8499850034713745
YPR101W,YPR042C,0,-1.2517275,0.09304310381412506,0.8711288571357727,0.8500850200653076
YER048C,YML032C,0,-1.2518166,0.09303317964076996,0.8711288571357727,0.8501850366592407
YLR026C,YGR262C,0,-1.2526336,0.09302325546741486,0.8711288571357727,0.8502850532531738
YMR227C,YMR021C,0,-1.2526587,0.09301333129405975,0.8711288571357727,0.8503850102424622
YLR078C,YGL077C,0,-1.2529467,0.09300341457128525,0.8711288571357727,0.8504850268363953
YPL027W,YLR348C,0,-1.2529525,0.09299349784851074,0.8711288571357727,0.8505850434303284
YLL003W,YMR316W,0,-1.2530377,0.09298358112573624,0.8711288571357727,0.8506850600242615
YLR301W,YGL068W,0,-1.2530411,0.09297366440296173,0.8711288571357727,0.8507850766181946
YLR275W,YKL168C,0,-1.2530519,0.09296375513076782,0.8711288571357727,0.8508850932121277
YHR119W,YHR042W,0,-1.2532018,0.09295384585857391,0.8711288571357727,0.8509851098060608
YGR152C,YOR022C,0,-1.2533009,0.09294393658638,0.8711288571357727,0.8510851263999939
YBR267W,YJL100W,0,-1.2533612,0.0929340273141861,0.8711288571357727,0.851185142993927
YPR073C,YDR074W,0,-1.2534152,0.09292412549257278,0.8711288571357727,0.8512850999832153
YDL127W,YLR090W,0,-1.2534163,0.09291422367095947,0.8711288571357727,0.8513851165771484
YCR017C,YBR160W,0,-1.253514,0.09290432929992676,0.8711288571357727,0.8514851331710815
YLR369W,YOR388C,0,-1.2543525,0.09289442747831345,0.8711288571357727,0.8515851497650146
YGR088W,YCR093W,0,-1.2544196,0.09288453310728073,0.8711288571357727,0.8516851663589478
YOR035C,YOR003W,0,-1.2544738,0.09287463873624802,0.8711288571357727,0.8517851829528809
YOR354C,YOR322C,0,-1.2544836,0.0928647518157959,0.8711288571357727,0.851885199546814
YDR508C,YMR067C,0,-1.2545046,0.09285485744476318,0.8711288571357727,0.8519852161407471
YCR053W,YKL216W,0,-1.254521,0.09284497797489166,0.8711288571357727,0.8520852327346802
YHR109W,YCR004C,0,-1.2545964,0.09283509105443954,0.8711288571357727,0.8521851897239685
YIR039C,YOR257W,0,-1.2545967,0.09282520413398743,0.8711288571357727,0.8522852063179016
YLR376C,YJR032W,0,-1.2547965,0.0928153246641159,0.8711288571357727,0.8523852229118347
YJL116C,YPL064C,0,-1.2551466,0.09280545264482498,0.8711288571357727,0.8524852395057678
YDR316W,YMR008C,0,-1.2552171,0.09279557317495346,0.8711288571357727,0.8525852560997009
YIL020C,YBR275C,0,-1.2552639,0.09278570115566254,0.8711288571357727,0.852685272693634
YFR044C,YNL162W,0,-1.2553533,0.09277582913637161,0.8711288571357727,0.8527852892875671
YGL012W,YKL007W,0,-1.2556565,0.09276595711708069,0.8711288571357727,0.8528853058815002
YDL074C,YLR138W,0,-1.255778,0.09275609254837036,0.8711288571357727,0.8529853224754333
YCR054C,YHR156C,0,-1.2558864,0.09274622052907944,0.8711288571357727,0.8530852794647217
YJL062W,YLR222C,0,-1.2559692,0.09273636341094971,0.8711288571357727,0.8531852960586548
YGR282C,YOL043C,1,-1.2561752,0.09283283352851868,0.872127890586853,0.8531852960586548
YGR180C,YOL158C,0,-1.2568042,0.09282296895980835,0.872127890586853,0.8532853126525879
YDR394W,YBL052C,0,-1.2569652,0.09281309694051743,0.872127890586853,0.853385329246521
YMR113W,YLR147C,0,-1.2569792,0.0928032323718071,0.872127890586853,0.8534853458404541
YDL029W,YGL014W,0,-1.257396,0.09279336780309677,0.872127890586853,0.8535853624343872
YPR165W,YPR033C,0,-1.2574581,0.09278350323438644,0.872127890586853,0.8536853790283203
YLR310C,YML005W,0,-1.2574602,0.09277364611625671,0.872127890586853,0.8537853956222534
YCR054C,YAL047C,0,-1.2578055,0.09276378899812698,0.872127890586853,0.8538854122161865
YIR010W,YDR214W,0,-1.257836,0.09275393187999725,0.872127890586853,0.8539853692054749
YBR198C,YJL072C,0,-1.2580625,0.09274407476186752,0.872127890586853,0.854085385799408
YKR061W,YPL093W,0,-1.2581005,0.09273422509431839,0.872127890586853,0.8541854023933411
YDR177W,YDR494W,0,-1.2582374,0.09272437542676926,0.872127890586853,0.8542854189872742
YCR071C,YLR251W,0,-1.2582544,0.09271452575922012,0.872127890586853,0.8543854355812073
YOR144C,YER001W,0,-1.2582725,0.09270468354225159,0.872127890586853,0.8544854521751404
YBR139W,YML025C,0,-1.2584163,0.09269484132528305,0.872127890586853,0.8545854687690735
YER002W,YBL039C,0,-1.2586712,0.09268499910831451,0.872127890586853,0.8546854853630066
YBL064C,YMR121C,0,-1.2587367,0.09267515689134598,0.872127890586853,0.8547855019569397
YLL050C,YOR176W,0,-1.258766,0.09266532212495804,0.872127890586853,0.854885458946228
YBL105C,YGL019W,0,-1.2588013,0.0926554873585701,0.872127890586853,0.8549854755401611
YGL156W,YIL099W,1,-1.2590917,0.09275177866220474,0.8731268644332886,0.8549854755401611
YJR129C,YOL054W,0,-1.2593085,0.0927419364452362,0.8731268644332886,0.8550854921340942
YNR010W,YOR037W,0,-1.2599652,0.09273209422826767,0.8731268644332886,0.8551855087280273
YHR091C,YDR214W,0,-1.2601678,0.09272225946187973,0.8731268644332886,0.8552855253219604
YML060W,YDR497C,0,-1.2603198,0.09271242469549179,0.8731268644332886,0.8553855419158936
YER098W,YBR229C,0,-1.2603554,0.09270258992910385,0.8731268644332886,0.8554855585098267
YBR280C,YJR057W,0,-1.2603816,0.09269275516271591,0.8731268644332886,0.8555855751037598
YOL137W,YDR540C,0,-1.2604245,0.09268292784690857,0.8731268644332886,0.8556855916976929
YDR506C,YLR155C,0,-1.2604648,0.09267310053110123,0.8731268644332886,0.855785608291626
YOL103W,YLR138W,0,-1.2608997,0.09266327321529388,0.8731268644332886,0.8558855652809143
YKL173W,YJL104W,0,-1.2611395,0.09265345335006714,0.8731268644332886,0.8559855818748474
YIL129C,YHR026W,0,-1.2611712,0.0926436260342598,0.8731268644332886,0.8560855984687805
YNL223W,YGR274C,0,-1.2612118,0.09263381361961365,0.8731268644332886,0.8561856150627136
YOL103W,YGL011C,0,-1.2614018,0.0926239937543869,0.8731268644332886,0.8562856316566467
YPR026W,YBR056W,1,-1.2614446,0.0927201434969902,0.8741258978843689,0.8562856316566467
YIR007W,YLR321C,0,-1.2614752,0.09271032363176346,0.8741258978843689,0.8563856482505798
YIL155C,YMR136W,0,-1.2614785,0.09270049631595612,0.8741258978843689,0.8564856648445129
YER048C,YJL005W,0,-1.2615303,0.09269067645072937,0.8741258978843689,0.856585681438446
YGL128C,YKR086W,0,-1.2619992,0.09268085658550262,0.8741258978843689,0.8566856980323792
YPL087W,YDR368W,0,-1.2620143,0.09267104417085648,0.8741258978843689,0.8567856550216675
YAL023C,YPR185W,0,-1.2622591,0.09266123175621033,0.8741258978843689,0.8568856716156006
YDR477W,YDR371W,0,-1.2627293,0.09265141934156418,0.8741258978843689,0.8569856882095337
YGL169W,YDR429C,0,-1.2629256,0.09264160692691803,0.8741258978843689,0.8570857048034668
YKL094W,YOR332W,0,-1.2629422,0.09263180196285248,0.8741258978843689,0.8571857213973999
YPR168W,YDR307W,0,-1.2629503,0.09262199699878693,0.8741258978843689,0.857285737991333
YKR065C,YHR091C,0,-1.2629595,0.09261219203472137,0.8741258978843689,0.8573857545852661
YNL244C,YDR390C,0,-1.262987,0.09260239452123642,0.8741258978843689,0.8574857711791992
YNL321W,YER030W,0,-1.2634515,0.09259258955717087,0.8741258978843689,0.8575857877731323
YHR143W,YLR300W,1,-1.263738,0.09268860518932343,0.8751248717308044,0.8575857877731323
YLL001W,YNL293W,0,-1.263835,0.09267880022525787,0.8751248717308044,0.8576857447624207
YDL004W,YPL065W,0,-1.263882,0.09266899526119232,0.8751248717308044,0.8577857613563538
YBR095C,YJR066W,0,-1.2639076,0.09265919029712677,0.8751248717308044,0.8578857779502869
YLR386W,YDR383C,0,-1.2640988,0.09264939278364182,0.8751248717308044,0.85798579454422
YJL062W,YDR047W,0,-1.2641531,0.09263959527015686,0.8751248717308044,0.8580858111381531
YGR279C,YBR229C,1,-1.2643236,0.09273553639650345,0.8761239051818848,0.8580858111381531
YNL305C,YPL172C,0,-1.2646405,0.0927257314324379,0.8761239051818848,0.8581858277320862
YGL050W,YOR362C,0,-1.264778,0.09271593391895294,0.8761239051818848,0.8582858443260193
YJR086W,YGR020C,0,-1.2650069,0.09270612895488739,0.8761239051818848,0.8583858609199524
YDL213C,YBR142W,0,-1.265044,0.09269633144140244,0.8761239051818848,0.8584858775138855
YGR279C,YIL162W,1,-1.2653505,0.09279222041368484,0.8771228790283203,0.8584858775138855
YEL013W,YDR311W,0,-1.2654153,0.0927824154496193,0.8771228790283203,0.8585858345031738
YCL061C,YOR275C,0,-1.2654432,0.09277261048555374,0.8771228790283203,0.8586858510971069
YIL073C,YOR162C,0,-1.2655367,0.09276281297206879,0.8771228790283203,0.85878586769104
YHR050W,YHR034C,0,-1.2656134,0.09275300800800323,0.8771228790283203,0.8588858842849731
YPL158C,YCR060W,0,-1.2658596,0.09274321049451828,0.8771228790283203,0.8589859008789062
YFR021W,YGR247W,0,-1.2658648,0.09273342043161392,0.8771228790283203,0.8590859174728394
YFL001W,YPR190C,0,-1.2660028,0.09272362291812897,0.8771228790283203,0.8591859340667725
YOR014W,YGR155W,0,-1.2663268,0.09271383285522461,0.8771228790283203,0.8592859506607056
YHR164C,YMR008C,0,-1.2667412,0.09270404279232025,0.8771228790283203,0.8593859672546387
YLR256W,YGR106C,0,-1.2672714,0.09269426017999649,0.8771228790283203,0.859485924243927
YDR084C,YPL172C,0,-1.2674453,0.09268447011709213,0.8771228790283203,0.8595859408378601
YOL005C,YOL017W,0,-1.2678118,0.09267468750476837,0.8771228790283203,0.8596859574317932
YDR001C,YBR056W,1,-1.2678813,0.09277044981718063,0.8781218528747559,0.8596859574317932
YGL113W,YOR279C,0,-1.2680697,0.09276065975427628,0.8781218528747559,0.8597859740257263
YKL119C,YAL042W,0,-1.2683471,0.09275086969137192,0.8781218528747559,0.8598859906196594
YLR129W,YLR272C,0,-1.2683591,0.09274108707904816,0.8781218528747559,0.8599860072135925
YDL178W,YLR090W,0,-1.2683643,0.0927313044667244,0.8781218528747559,0.8600860238075256
YBR161W,YPR185W,0,-1.268565,0.09272152185440063,0.8781218528747559,0.8601860404014587
YLR327C,YER150W,0,-1.2694259,0.09271173924207687,0.8781218528747559,0.8602860569953918
YAL015C,YBR229C,1,-1.2695365,0.09280742704868317,0.8791208863258362,0.8602860569953918
YMR061W,YKR003W,0,-1.2700857,0.09279763698577881,0.8791208863258362,0.8603860139846802
YDR310C,YFL062W,0,-1.2706937,0.09278785437345505,0.8791208863258362,0.8604860305786133
YKR008W,YMR305C,0,-1.2708632,0.09277807176113129,0.8791208863258362,0.8605860471725464
YJL219W,YBL050W,0,-1.2709962,0.09276828914880753,0.8791208863258362,0.8606860637664795
YDL052C,YDR088C,0,-1.2710451,0.09275851398706436,0.8791208863258362,0.8607860803604126
YCL061C,YNL310C,0,-1.2719109,0.0927487388253212,0.8791208863258362,0.8608860969543457
YER142C,YBR001C,1,-1.2719799,0.09284434467554092,0.8801198601722717,0.8608860969543457
YGR284C,YKR090W,0,-1.2720144,0.09283456206321716,0.8801198601722717,0.8609861135482788
YGL040C,YGR104C,0,-1.2722396,0.0928247794508934,0.8801198601722717,0.8610861301422119
YNL256W,YGL065C,0,-1.2723359,0.09281500428915024,0.8801198601722717,0.861186146736145
YML019W,YBR156C,0,-1.2724354,0.09280522167682648,0.8801198601722717,0.8612861037254333
YIL112W,YNL172W,0,-1.2727982,0.09279544651508331,0.8801198601722717,0.8613861203193665
YJL151C,YIL006W,0,-1.2729651,0.09278567880392075,0.8801198601722717,0.8614861369132996
YDL002C,YKR087C,0,-1.2730136,0.09277590364217758,0.8801198601722717,0.8615861535072327
YOR312C,YLR020C,0,-1.2730623,0.09276613593101501,0.8801198601722717,0.8616861701011658
YJL153C,YOR180C,0,-1.2732111,0.09275636821985245,0.8801198601722717,0.8617861866950989
YKR067W,YDL137W,0,-1.2733432,0.09274660795927048,0.8801198601722717,0.861886203289032
YLR144C,YDR155C,0,-1.2736043,0.09273684024810791,0.8801198601722717,0.8619862198829651
YBL055C,YKL120W,0,-1.2737874,0.09272707998752594,0.8801198601722717,0.8620862364768982
YKL174C,YCR002C,0,-1.2738012,0.09271731972694397,0.8801198601722717,0.8621861934661865
YMR088C,YGR262C,0,-1.2740694,0.0927075669169426,0.8801198601722717,0.8622862100601196
YER124C,YGR295C,0,-1.274393,0.09269781410694122,0.8801198601722717,0.8623862266540527
YPR020W,YHR132C,0,-1.2744752,0.09268806129693985,0.8801198601722717,0.8624862432479858
YBR022W,YGR009C,0,-1.2747003,0.09267830848693848,0.8801198601722717,0.862586259841919
YDR339C,YCR072C,0,-1.2748305,0.0926685631275177,0.8801198601722717,0.862686276435852
YPL032C,YDL188C,0,-1.2749306,0.09265881031751633,0.8801198601722717,0.8627862930297852
YOR174W,YML037C,0,-1.2751113,0.09264907240867615,0.8801198601722717,0.8628863096237183
YPR026W,YEL011W,1,-1.2751211,0.09274447709321976,0.881118893623352,0.8628863096237183
YGR163W,YKL126W,0,-1.2752811,0.09273473173379898,0.881118893623352,0.8629863262176514
YDR072C,YGR207C,0,-1.2753687,0.09272497892379761,0.881118893623352,0.8630862832069397
YPR111W,YKL113C,0,-1.2755641,0.09271523356437683,0.881118893623352,0.8631862998008728
YLR201C,YJR021C,0,-1.275604,0.09270548820495605,0.881118893623352,0.8632863163948059
YMR044W,YHR115C,0,-1.2756935,0.09269574284553528,0.881118893623352,0.863386332988739
YDR191W,YDR329C,0,-1.2758857,0.0926860049366951,0.881118893623352,0.8634863495826721
YMR298W,YKL212W,0,-1.2761035,0.09267626702785492,0.881118893623352,0.8635863661766052
YPR159W,YDR261C,1,-1.2761225,0.09277158975601196,0.8821178674697876,0.8635863661766052
YOR162C,YDR291W,0,-1.2761865,0.09276184439659119,0.8821178674697876,0.8636863827705383
YMR075W,YPL148C,0,-1.2762799,0.09275209903717041,0.8821178674697876,0.8637863993644714
YPL032C,YNL027W,0,-1.2763723,0.09274236112833023,0.8821178674697876,0.8638864159584045
YPR026W,YDR001C,1,-1.2763785,0.09283763915300369,0.8831169009208679,0.8638864159584045
YGR198W,YNL003C,0,-1.2768493,0.09282789379358292,0.8831169009208679,0.8639863729476929
YHL036W,YOR123C,0,-1.2768496,0.09281814098358154,0.8831169009208679,0.864086389541626
YPL095C,YFR009W,0,-1.2769893,0.09280839562416077,0.8831169009208679,0.8641864061355591
YNL090W,YLR057W,0,-1.2769982,0.09279865771532059,0.8831169009208679,0.8642864227294922
YGR279C,YMR305C,1,-1.2771264,0.09289388358592987,0.8841158747673035,0.8642864227294922
YOR360C,YJL074C,0,-1.2771403,0.0928841307759285,0.8841158747673035,0.8643864393234253
YBR122C,YJL008C,0,-1.2773438,0.09287438541650772,0.8841158747673035,0.8644864559173584
YDR254W,YOL102C,0,-1.2777497,0.09286464005708694,0.8841158747673035,0.8645864725112915
YNL058C,YDR480W,0,-1.2778198,0.09285489469766617,0.8841158747673035,0.8646864891052246
YBR155W,YOR145C,0,-1.2780162,0.09284515678882599,0.8841158747673035,0.8647865056991577
YDR221W,YPR026W,1,-1.2781683,0.0929403156042099,0.8851149082183838,0.8647865056991577
YPR132W,YDR128W,0,-1.278207,0.09293056279420853,0.8851149082183838,0.864886462688446
YPL046C,YJR006W,0,-1.2782403,0.09292081743478775,0.8851149082183838,0.8649864792823792
YML019W,YLR010C,0,-1.2784909,0.09291107207536697,0.8851149082183838,0.8650864958763123
YOL107W,YMR235C,0,-1.2787659,0.0929013341665268,0.8851149082183838,0.8651865124702454
YFL002C,YKL025C,0,-1.2788664,0.09289158880710602,0.8851149082183838,0.8652865290641785
YML021C,YLR057W,1,-1.2789012,0.09298668801784515,0.8861138820648193,0.8652865290641785
YPL086C,YFL034C-B,0,-1.2792275,0.09297694265842438,0.8861138820648193,0.8653865456581116
YCR027C,YDL207W,0,-1.279476,0.0929671972990036,0.8861138820648193,0.8654865622520447
YBR154C,YLR048W,0,-1.2795343,0.09295745193958282,0.8861138820648193,0.8655865788459778
YIL171W,YKR006C,0,-1.2797894,0.09294771403074265,0.8861138820648193,0.8656865954399109
YLL015W,YHR081W,0,-1.279997,0.09293796867132187,0.8861138820648193,0.8657865524291992
YCL031C,YGR023W,0,-1.2802092,0.09292823821306229,0.8861138820648193,0.8658865690231323
YGR167W,YLR109W,0,-1.2802594,0.0929185003042221,0.8861138820648193,0.8659865856170654
YPR049C,YER095W,0,-1.2802716,0.09290876984596252,0.8861138820648193,0.8660866022109985
YER150W,YGR047C,0,-1.2802984,0.09289903938770294,0.8861138820648193,0.8661866188049316
YHR135C,YDR466W,0,-1.2804931,0.09288930892944336,0.8861138820648193,0.8662866353988647
YDL132W,YLR228C,0,-1.2805039,0.09287957847118378,0.8861138820648193,0.8663866519927979
YKL090W,YKL059C,0,-1.2806734,0.09286985546350479,0.8861138820648193,0.866486668586731
YPR171W,YMR208W,0,-1.2809111,0.0928601324558258,0.8861138820648193,0.8665866851806641
YIL157C,YDR329C,0,-1.28096,0.09285041689872742,0.8861138820648193,0.8666866421699524
YKL034W,YPL108W,0,-1.2810123,0.09284069389104843,0.8861138820648193,0.8667866587638855
YBR247C,YLR040C,0,-1.281296,0.09283097833395004,0.8861138820648193,0.8668866753578186
YLR016C,YEL038W,0,-1.2813908,0.09282126277685165,0.8861138820648193,0.8669866919517517
YIL070C,YJR065C,0,-1.2814726,0.09281155467033386,0.8861138820648193,0.8670867085456848
YER061C,YMR188C,0,-1.281494,0.09280183911323547,0.8861138820648193,0.8671867251396179
YGR241C,YNL248C,0,-1.2815907,0.09279213100671768,0.8861138820648193,0.867286741733551
YNL188W,YLR099C,0,-1.2819929,0.09278243035078049,0.8861138820648193,0.8673867583274841
YLR370C,YNL099C,0,-1.2821587,0.0927727222442627,0.8861138820648193,0.8674867749214172
YNL256W,YJL071W,0,-1.2822369,0.0927630215883255,0.8861138820648193,0.8675867319107056
YMR238W,YLR057W,1,-1.2823092,0.09285788983106613,0.8871129155158997,0.8675867319107056
YGR112W,YFL044C,0,-1.2823567,0.09284818172454834,0.8871129155158997,0.8676867485046387
YGR077C,YNL267W,0,-1.2828918,0.09283847361803055,0.8871129155158997,0.8677867650985718
YOL094C,YNL091W,0,-1.2832017,0.09282876551151276,0.8871129155158997,0.8678867816925049
YJR067C,YDL010W,0,-1.2832917,0.09281906485557556,0.8871129155158997,0.867986798286438
YDR001C,YOL155C,1,-1.2833205,0.09291388094425201,0.8881118893623352,0.867986798286438
YGR195W,YJR091C,0,-1.283484,0.09290417283773422,0.8881118893623352,0.8680868148803711
YLR404W,YIL040W,0,-1.2837828,0.09289446473121643,0.8881118893623352,0.8681868314743042
YDL140C,YJL062W,0,-1.2841808,0.09288475662469864,0.8881118893623352,0.8682868480682373
YLR117C,YER022W,0,-1.2849978,0.09287504851818085,0.8881118893623352,0.8683868646621704
YIL079C,YPL108W,0,-1.2851303,0.09286534786224365,0.8881118893623352,0.8684868216514587
YOR245C,YMR029C,0,-1.2852414,0.09285564720630646,0.8881118893623352,0.8685868382453918
YPL053C,YFL013C,0,-1.2853967,0.09284595400094986,0.8881118893623352,0.868686854839325
YDR163W,YML009C,0,-1.2854575,0.09283626079559326,0.8881118893623352,0.8687868714332581
YKR026C,YLR191W,0,-1.2855449,0.09282656013965607,0.8881118893623352,0.8688868880271912
YPL099C,YDR466W,0,-1.2858659,0.09281687438488007,0.8881118893623352,0.8689869046211243
YEL011W,YBR056W,1,-1.2859329,0.09291157871484756,0.8891108632087708,0.8689869046211243
YNL304W,YOL057W,0,-1.2859523,0.09290187805891037,0.8891108632087708,0.8690869212150574
YLR297W,YFL050C,0,-1.2860093,0.09289218485355377,0.8891108632087708,0.8691869378089905
YLR116W,YMR269W,0,-1.2860262,0.09288249164819717,0.8891108632087708,0.8692869544029236
YJL071W,YNL110C,0,-1.2860924,0.09287279844284058,0.8891108632087708,0.8693869113922119
YGL028C,YNR067C,1,-1.2861522,0.0929674431681633,0.8901098966598511,0.8693869113922119
YNL099C,YDL022W,0,-1.286259,0.0929577499628067,0.8901098966598511,0.869486927986145
YDR371W,YML112W,0,-1.2864603,0.0929480493068695,0.8901098966598511,0.8695869445800781
YDR507C,YNL325C,0,-1.2865092,0.09293835610151291,0.8901098966598511,0.8696869611740112
YKR102W,YKR105C,0,-1.2866057,0.09292866289615631,0.8901098966598511,0.8697869777679443
YHR160C,YMR210W,0,-1.2866491,0.09291896969079971,0.8901098966598511,0.8698869943618774
YML078W,YKL073W,0,-1.2867072,0.09290928393602371,0.8901098966598511,0.8699870109558105
YPR026W,YIL162W,1,-1.2867225,0.09300385415554047,0.8911088705062866,0.8699870109558105
YKL206C,YIR017C,0,-1.2869502,0.09299416095018387,0.8911088705062866,0.8700870275497437
YKL003C,YMR302C,0,-1.2870828,0.09298446774482727,0.8911088705062866,0.8701870441436768
YGL136C,YDR011W,0,-1.2875527,0.09297477453947067,0.8911088705062866,0.8702870011329651
YER140W,YDL126C,0,-1.2878054,0.09296508878469467,0.8911088705062866,0.8703870177268982
YNL262W,YNL248C,0,-1.2881815,0.09295539557933807,0.8911088705062866,0.8704870343208313
YMR075W,YIL048W,0,-1.288627,0.09294570982456207,0.8911088705062866,0.8705870509147644
YLL028W,YCR052W,0,-1.2886697,0.09293603152036667,0.8911088705062866,0.8706870675086975
YPR119W,YCR089W,0,-1.2886809,0.09292634576559067,0.8911088705062866,0.8707870841026306
YOR046C,YDL080C,0,-1.2887317,0.09291666746139526,0.8911088705062866,0.8708871006965637
YDR496C,YMR303C,0,-1.2890222,0.09290698915719986,0.8911088705062866,0.8709871172904968
YOL043C,YBR244W,0,-1.2890921,0.09289731085300446,0.8911088705062866,0.8710871338844299
YGR251W,YJR138W,0,-1.2892231,0.09288763999938965,0.8911088705062866,0.8711870908737183
YGL174W,YOL033W,0,-1.2892627,0.09287796914577484,0.8911088705062866,0.8712871074676514
YDR320C,YNL244C,0,-1.2893983,0.09286829829216003,0.8911088705062866,0.8713871240615845
YGR095C,YJR013W,0,-1.2894543,0.09285862743854523,0.8911088705062866,0.8714871406555176
YFR013W,YFR045W,0,-1.2896277,0.09284896403551102,0.8911088705062866,0.8715871572494507
YDR348C,YLR207W,0,-1.2898353,0.0928393006324768,0.8911088705062866,0.8716871738433838
YGL051W,YGR162W,0,-1.2900356,0.0928296372294426,0.8911088705062866,0.8717871904373169
YPR149W,YGL128C,0,-1.2901875,0.09281998127698898,0.8911088705062866,0.87188720703125
YGL037C,YDR371W,0,-1.2901887,0.09281031787395477,0.8911088705062866,0.8719872236251831
YER171W,YCR028C,0,-1.2904153,0.09280066937208176,0.8911088705062866,0.8720871806144714
YBR154C,YJR025C,0,-1.2907721,0.09279101341962814,0.8911088705062866,0.8721871972084045
YNL230C,YGR188C,0,-1.2907739,0.09278135746717453,0.8911088705062866,0.8722872138023376
YMR276W,YJR125C,0,-1.2908372,0.09277170896530151,0.8911088705062866,0.8723872303962708
YLR008C,YOL133W,0,-1.2916421,0.0927620604634285,0.8911088705062866,0.8724872469902039
YPL106C,YMR264W,0,-1.2918022,0.09275241941213608,0.8911088705062866,0.872587263584137
YNR007C,YCR046C,0,-1.2919697,0.09274277091026306,0.8911088705062866,0.8726872801780701
YMR052W,YIL050W,0,-1.2920018,0.09273312985897064,0.8911088705062866,0.8727872967720032
YBR217W,YBR230C,0,-1.2921354,0.09272349625825882,0.8911088705062866,0.8728873133659363
YGL028C,YNL066W,1,-1.2923826,0.09281779080629349,0.8921079039573669,0.8728873133659363
YJL050W,YMR070W,0,-1.2924012,0.09280814975500107,0.8921079039573669,0.8729872703552246
YEL040W,YGL028C,1,-1.2924839,0.09290242195129395,0.8931068778038025,0.8729872703552246
YAL021C,YBR041W,0,-1.2925805,0.09289276599884033,0.8931068778038025,0.8730872869491577
YLR320W,YPL188W,0,-1.292597,0.09288311749696732,0.8931068778038025,0.8731873035430908
YNL153C,YML037C,0,-1.2926385,0.0928734689950943,0.8931068778038025,0.8732873201370239
YJR076C,YHR191C,0,-1.2929176,0.09286382049322128,0.8931068778038025,0.873387336730957
YOR360C,YMR179W,0,-1.2929403,0.09285417199134827,0.8931068778038025,0.8734873533248901
YMR078C,YOR222W,0,-1.293033,0.09284453094005585,0.8931068778038025,0.8735873699188232
YLR278C,YGR092W,0,-1.2932966,0.09283488988876343,0.8931068778038025,0.8736873865127563
YMR038C,YIL094C,0,-1.2934065,0.09282524883747101,0.8931068778038025,0.8737874031066895
YOR133W,YLR448W,0,-1.2935435,0.09281561523675919,0.8931068778038025,0.8738873600959778
YPR025C,YFL037W,0,-1.293825,0.09280598163604736,0.8931068778038025,0.8739873766899109
YOR100C,YMR135C,0,-1.2943068,0.09279634803533554,0.8931068778038025,0.874087393283844
YMR184W,YHR059W,0,-1.2944813,0.09278671443462372,0.8931068778038025,0.8741874098777771
YKL007W,YJR010W,0,-1.29456,0.09277708828449249,0.8931068778038025,0.8742874264717102
YOL101C,YOR311C,0,-1.2946757,0.09276746213436127,0.8931068778038025,0.8743874430656433
YFR009W,YJL108C,0,-1.2946932,0.09275783598423004,0.8931068778038025,0.8744874596595764
YHR025W,YLR100W,0,-1.2947061,0.09274820983409882,0.8931068778038025,0.8745874762535095
YLR368W,YJL092W,0,-1.2947437,0.09273859113454819,0.8931068778038025,0.8746874928474426
YDR026C,YPR049C,0,-1.2950819,0.09272897243499756,0.8931068778038025,0.874787449836731
YGR239C,YMR269W,0,-1.2952251,0.09271935373544693,0.8931068778038025,0.8748874664306641
YDR228C,YPL195W,0,-1.2952396,0.0927097350358963,0.8931068778038025,0.8749874830245972
YFL014W,YHR092C,0,-1.2952737,0.09270012378692627,0.8931068778038025,0.8750874996185303
YGL186C,YNL088W,0,-1.2953013,0.09269051253795624,0.8931068778038025,0.8751875162124634
YDR221W,YAL015C,1,-1.2953223,0.0927845761179924,0.8941059112548828,0.8751875162124634
YOL054W,YDL066W,0,-1.2953725,0.09277495741844177,0.8941059112548828,0.8752875328063965
YMR024W,YHL009C,0,-1.2955288,0.09276533871889114,0.8941059112548828,0.8753875494003296
YKL020C,YOL088C,0,-1.2955507,0.09275572746992111,0.8941059112548828,0.8754875659942627
YIL039W,YGR106C,0,-1.2956487,0.09274611622095108,0.8941059112548828,0.8755875825881958
YML097C,YLR071C,0,-1.2959688,0.09273650497198105,0.8941059112548828,0.8756875395774841
YLR010C,YMR278W,0,-1.2960699,0.09272689372301102,0.8941059112548828,0.8757875561714172
YGR134W,YJR060W,0,-1.2962763,0.09271728992462158,0.8941059112548828,0.8758875727653503
YJL171C,YDR373W,0,-1.2963251,0.09270768612623215,0.8941059112548828,0.8759875893592834
YLR022C,YJL133W,0,-1.2965099,0.09269808232784271,0.8941059112548828,0.8760876059532166
YNL026W,YAL047C,0,-1.2966629,0.09268848598003387,0.8941059112548828,0.8761876225471497
YIL157C,YPR025C,0,-1.2969706,0.09267888218164444,0.8941059112548828,0.8762876391410828
YML125C,YHR166C,0,-1.2971109,0.0926692932844162,0.8941059112548828,0.8763876557350159
YGL027C,YDR261C,1,-1.2971908,0.09276322275400162,0.8951048851013184,0.8763876557350159
YIL099W,YBR056W,1,-1.2976359,0.09285714477300644,0.8961039185523987,0.8763876557350159
YPR204W,YDR115W,0,-1.297702,0.09284753352403641,0.8961039185523987,0.876487672328949
YAL053W,YLR406C,0,-1.2980301,0.09283792227506638,0.8961039185523987,0.8765876293182373
YKL010C,YKL146W,0,-1.2984622,0.09282831102609634,0.8961039185523987,0.8766876459121704
YNL106C,YCR093W,0,-1.2984779,0.09281870722770691,0.8961039185523987,0.8767876625061035
YDR484W,YMR231W,0,-1.2985073,0.09280910342931747,0.8961039185523987,0.8768876791000366
YBL105C,YOR115C,0,-1.2986037,0.09279950708150864,0.8961039185523987,0.8769876956939697
YCR066W,YIR005W,0,-1.298724,0.0927899032831192,0.8961039185523987,0.8770877122879028
YLR132C,YJL082W,0,-1.2989912,0.09278030693531036,0.8961039185523987,0.8771877288818359
YJL002C,YIL088C,0,-1.2991685,0.09277071058750153,0.8961039185523987,0.877287745475769
YCR088W,YML121W,0,-1.2992066,0.09276111423969269,0.8961039185523987,0.8773877620697021
YOL093W,YJL165C,0,-1.2995387,0.09275152534246445,0.8961039185523987,0.8774877190589905
YNL274C,YDR182W,0,-1.2995652,0.0927419364452362,0.8961039185523987,0.8775877356529236
YDR084C,YDR202C,0,-1.3000165,0.09273234754800797,0.8961039185523987,0.8776877522468567
YCR053W,YMR308C,0,-1.3001169,0.09272275865077972,0.8961039185523987,0.8777877688407898
YDL142C,YBR204C,0,-1.3003863,0.09271317720413208,0.8961039185523987,0.8778877854347229
YLR270W,YGL133W,0,-1.3007277,0.09270359575748444,0.8961039185523987,0.877987802028656
YOR274W,YCR096C,0,-1.3008076,0.09269401431083679,0.8961039185523987,0.8780878186225891
YDR306C,YOL031C,0,-1.3008755,0.09268444031476974,0.8961039185523987,0.8781878352165222
YHR147C,YFR033C,0,-1.3010671,0.0926748663187027,0.8961039185523987,0.8782878518104553
YFR004W,YIL121W,0,-1.3014975,0.09266529232263565,0.8961039185523987,0.8783878684043884
YOL109W,YNL086W,0,-1.3015068,0.0926557183265686,0.8961039185523987,0.8784878253936768
YHL002W,YOR123C,0,-1.3016136,0.09264614433050156,0.8961039185523987,0.8785878419876099
YMR180C,YDL010W,0,-1.3017275,0.0926365777850151,0.8961039185523987,0.878687858581543
YKL174C,YDR205W,0,-1.3017521,0.09262701123952866,0.8961039185523987,0.8787878751754761
YDR156W,YER113C,0,-1.3018404,0.0926174521446228,0.8961039185523987,0.8788878917694092
YDR424C,YJL170C,0,-1.3018426,0.09260788559913635,0.8961039185523987,0.8789879083633423
YDR264C,YHR003C,0,-1.301956,0.0925983265042305,0.8961039185523987,0.8790879249572754
YPL084W,YMR163C,0,-1.3020738,0.09258876740932465,0.8961039185523987,0.8791879415512085
YLR128W,YHR175W,0,-1.3020875,0.09257921576499939,0.8961039185523987,0.8792879581451416
YMR305C,YNL066W,1,-1.3024482,0.09267286211252213,0.8971028923988342,0.8792879581451416
YGL050W,YLR138W,0,-1.3029588,0.09266329556703568,0.8971028923988342,0.8793879151344299
YHR091C,YGR194C,0,-1.3032458,0.09265373647212982,0.8971028923988342,0.879487931728363
YIL046W,YHR028C,0,-1.3033836,0.09264417737722397,0.8971028923988342,0.8795879483222961
YOR310C,YJL121C,0,-1.3034333,0.09263461828231812,0.8971028923988342,0.8796879649162292
YMR214W,YFR044C,0,-1.3040804,0.09262506663799286,0.8971028923988342,0.8797879815101624
YLR233C,YGR125W,0,-1.3041948,0.0926155149936676,0.8971028923988342,0.8798879981040955
YLR341W,YMR029C,0,-1.3042701,0.09260596334934235,0.8971028923988342,0.8799880146980286
YBR077C,YNL302C,0,-1.3042971,0.09259641170501709,0.8971028923988342,0.8800880312919617
YIL150C,YDL129W,0,-1.304457,0.09258686751127243,0.8971028923988342,0.8801880478858948
YCR014C,YMR269W,0,-1.3049399,0.09257731586694717,0.8971028923988342,0.8802880048751831
YGL121C,YIL143C,0,-1.3049462,0.09256777912378311,0.8971028923988342,0.8803880214691162
YJR002W,YLR452C,0,-1.3049895,0.09255823493003845,0.8971028923988342,0.8804880380630493
YBR037C,YGL229C,0,-1.305038,0.09254869818687439,0.8971028923988342,0.8805880546569824
YDR371W,YLR057W,1,-1.3050574,0.09264221042394638,0.8981019258499146,0.8805880546569824
YGL017W,YPR072W,0,-1.3050748,0.09263266623020172,0.8981019258499146,0.8806880712509155
YIL140W,YJL143W,0,-1.3054641,0.09262312203645706,0.8981019258499146,0.8807880878448486
YKL103C,YDR116C,0,-1.3054963,0.0926135778427124,0.8981019258499146,0.8808881044387817
YMR270C,YMR097C,0,-1.3055214,0.09260404109954834,0.8981019258499146,0.8809881210327148
YKL056C,YPR009W,0,-1.3056358,0.09259449690580368,0.8981019258499146,0.881088137626648
YKL096W-A,YMR300C,0,-1.3056973,0.09258496761322021,0.8981019258499146,0.8811880946159363
YLR274W,YDR400W,0,-1.3057998,0.09257543087005615,0.8981019258499146,0.8812881112098694
YLR450W,YDR253C,0,-1.3060741,0.09256590157747269,0.8981019258499146,0.8813881278038025
YLR314C,YLR206W,0,-1.3061327,0.09255636483430862,0.8981019258499146,0.8814881443977356
YDR444W,YCL052C,0,-1.3064839,0.09254684299230576,0.8981019258499146,0.8815881609916687
YER030W,YPR083W,0,-1.3067696,0.09253731369972229,0.8981019258499146,0.8816881775856018
YLR424W,YOR047C,0,-1.3068789,0.09252779185771942,0.8981019258499146,0.8817881941795349
YDR506C,YGL035C,0,-1.3072163,0.09251827001571655,0.8981019258499146,0.881888210773468
YMR184W,YDR414C,0,-1.3077558,0.09250874817371368,0.8981019258499146,0.8819882273674011
YKL092C,YOL003C,0,-1.3077984,0.09249922633171082,0.8981019258499146,0.8820881843566895
YKR101W,YML094W,0,-1.3083252,0.09248971194028854,0.8981019258499146,0.8821882009506226
YHR168W,YML121W,0,-1.3083647,0.09248019754886627,0.8981019258499146,0.8822882175445557
YDR373W,YPL159C,0,-1.308529,0.092470683157444,0.8981019258499146,0.8823882341384888
YPL011C,YIR035C,0,-1.3085502,0.09246117621660233,0.8981019258499146,0.8824882507324219
YFL048C,YER008C,0,-1.3086956,0.09245166927576065,0.8981019258499146,0.882588267326355
YHL036W,YGL095C,0,-1.3088459,0.09244216233491898,0.8981019258499146,0.8826882839202881
YOL102C,YOR317W,0,-1.308894,0.0924326553940773,0.8981019258499146,0.8827883005142212
YPR029C,YBR155W,0,-1.309049,0.09242314845323563,0.8981019258499146,0.8828883171081543
YOR014W,YFL050C,0,-1.3096608,0.09241364896297455,0.8981019258499146,0.8829882740974426
YJR135C,YHR153C,0,-1.3097882,0.09240414947271347,0.8981019258499146,0.8830882906913757
YMR005W,YOR017W,0,-1.3098007,0.09239465743303299,0.8981019258499146,0.8831883072853088
YLR373C,YER068W,0,-1.3104428,0.09238515794277191,0.8981019258499146,0.8832883238792419
YOR219C,YOR304C-A,0,-1.3105847,0.09237566590309143,0.8981019258499146,0.883388340473175
YPR049C,YOR324C,0,-1.310659,0.09236617386341095,0.8981019258499146,0.8834883570671082
YBL028C,YGL100W,0,-1.3108582,0.09235668927431107,0.8981019258499146,0.8835883736610413
YPR145W,YDR418W,0,-1.3109086,0.09234719723463058,0.8981019258499146,0.8836883902549744
YBL066C,YNR017W,0,-1.3110857,0.0923377126455307,0.8981019258499146,0.8837884068489075
YNL230C,YDR524C,0,-1.3112513,0.09232823550701141,0.8981019258499146,0.8838883638381958
YML034W,YDR103W,0,-1.3115305,0.09231875091791153,0.8981019258499146,0.8839883804321289
YBR216C,YPR056W,0,-1.3116428,0.09230927377939224,0.8981019258499146,0.884088397026062
YNR020C,YOL030W,0,-1.3117403,0.09229979664087296,0.8981019258499146,0.8841884136199951
YPL051W,YNL218W,0,-1.3117411,0.09229031950235367,0.8981019258499146,0.8842884302139282
YLR285W,YDR371W,0,-1.312486,0.09228084236383438,0.8981019258499146,0.8843884468078613
YGL027C,YGR189C,1,-1.3125932,0.09237401187419891,0.8991008996963501,0.8843884468078613
YNL271C,YML115C,0,-1.3126929,0.09236453473567963,0.8991008996963501,0.8844884634017944
YMR139W,YMR278W,0,-1.3129462,0.09235505759716034,0.8991008996963501,0.8845884799957275
YGR275W,YGL180W,0,-1.3133807,0.09234558045864105,0.8991008996963501,0.8846884965896606
YMR160W,YGL019W,0,-1.313398,0.09233610332012177,0.8991008996963501,0.884788453578949
YGR156W,YDR414C,0,-1.3135127,0.09232663363218307,0.8991008996963501,0.8848884701728821
YDR076W,YLR088W,0,-1.3137883,0.09231716394424438,0.8991008996963501,0.8849884867668152
YKR069W,YJL104W,0,-1.3138119,0.0923076942563057,0.8991008996963501,0.8850885033607483
YHR025W,YDR371W,0,-1.3141209,0.092298224568367,0.8991008996963501,0.8851885199546814
YPL092W,YHR029C,0,-1.314248,0.09228876233100891,0.8991008996963501,0.8852885365486145
YDR501W,YFR009W,0,-1.3143004,0.09227930009365082,0.8991008996963501,0.8853885531425476
YLR182W,YDL069C,0,-1.3143886,0.09226983785629272,0.8991008996963501,0.8854885697364807
YJR034W,YDR051C,0,-1.3146447,0.09226037561893463,0.8991008996963501,0.8855885863304138
YOL060C,YER103W,0,-1.3147488,0.09225092083215714,0.8991008996963501,0.8856885433197021
YML060W,YBR229C,1,-1.3149244,0.09234395623207092,0.9000998735427856,0.8856885433197021
YDL036C,YOR290C,0,-1.3153298,0.09233449399471283,0.9000998735427856,0.8857885599136353
YNL066W,YDR400W,1,-1.3154377,0.09242749959230423,0.901098906993866,0.8857885599136353
YHR174W,YDL144C,0,-1.3154732,0.09241802990436554,0.901098906993866,0.8858885765075684
YMR321C,YJL019W,0,-1.3155438,0.09240856766700745,0.901098906993866,0.8859885931015015
YBR264C,YGR010W,0,-1.3158398,0.09239909797906876,0.901098906993866,0.8860886096954346
YPR108W,YHR072W,0,-1.3160523,0.09238963574171066,0.901098906993866,0.8861886262893677
YLR045C,YKL127W,0,-1.3161082,0.09238017350435257,0.901098906993866,0.8862886428833008
YIL039W,YDR518W,0,-1.316222,0.09237071126699448,0.901098906993866,0.8863886594772339
YBL041W,YCL055W,0,-1.3162874,0.09236125648021698,0.901098906993866,0.886488676071167
YKL195W,YPR125W,0,-1.3164591,0.09235179424285889,0.901098906993866,0.8865886330604553
YIL160C,YBR183W,0,-1.3168389,0.09234233945608139,0.901098906993866,0.8866886496543884
YMR173W,YER054C,0,-1.3171567,0.09233289211988449,0.901098906993866,0.8867886662483215
YJR145C,YGR162W,0,-1.3171982,0.092323437333107,0.901098906993866,0.8868886828422546
YML034W,YGL134W,0,-1.3172876,0.0923139899969101,0.901098906993866,0.8869886994361877
YLL002W,YLR145W,0,-1.3173033,0.0923045426607132,0.901098906993866,0.8870887160301208
YOR368W,YOR256C,0,-1.3173265,0.0922950953245163,0.901098906993866,0.887188732624054
YDL049C,YOR120W,0,-1.31734,0.0922856554389,0.901098906993866,0.8872887492179871
YER053C,YOL066C,0,-1.3173991,0.09227621555328369,0.901098906993866,0.8873887658119202
YDR452W,YDR229W,0,-1.3177167,0.09226677566766739,0.901098906993866,0.8874887228012085
YML060W,YGR282C,1,-1.3179966,0.09235961735248566,0.9020978808403015,0.8874887228012085
YGL133W,YPR031W,0,-1.3180945,0.09235017746686935,0.9020978808403015,0.8875887393951416
YER030W,YPL053C,0,-1.3181783,0.09234073013067245,0.9020978808403015,0.8876887559890747
YIL020C,YBR002C,0,-1.3181945,0.09233129024505615,0.9020978808403015,0.8877887725830078
YER180C,YGR271C-A,0,-1.3183563,0.09232185035943985,0.9020978808403015,0.8878887891769409
YNL252C,YLR066W,0,-1.3184022,0.09231241047382355,0.9020978808403015,0.887988805770874
YKR050W,YER173W,0,-1.3185722,0.09230297803878784,0.9020978808403015,0.8880888223648071
YOR155C,YBR258C,0,-1.3187542,0.09229353815317154,0.9020978808403015,0.8881888389587402
YGL180W,YIL127C,0,-1.3187569,0.09228410571813583,0.9020978808403015,0.8882888555526733
YGR054W,YJL091C,0,-1.318765,0.09227468073368073,0.9020978808403015,0.8883888125419617
YHL040C,YJL112W,0,-1.3188635,0.09226524829864502,0.9020978808403015,0.8884888291358948
YPL045W,YGR047C,0,-1.3189182,0.09225582331418991,0.9020978808403015,0.8885888457298279
YCR066W,YBR204C,0,-1.3189324,0.0922463983297348,0.9020978808403015,0.888688862323761
YNR001C,YPL085W,0,-1.3192283,0.0922369733452797,0.9020978808403015,0.8887888789176941
YML128C,YBR204C,0,-1.3192346,0.09222755581140518,0.9020978808403015,0.8888888955116272
YNL239W,YNR039C,0,-1.3193365,0.09221813827753067,0.9020978808403015,0.8889889121055603
YIL027C,YLR316C,0,-1.3197988,0.09220872074365616,0.9020978808403015,0.8890889286994934
YKR092C,YMR269W,0,-1.3199457,0.09219930320978165,0.9020978808403015,0.8891889452934265
YDR371W,YHR204W,1,-1.3200747,0.09229198843240738,0.9030969142913818,0.8891889452934265
YKL017C,YJL170C,0,-1.3202571,0.09228256344795227,0.9030969142913818,0.8892889022827148
YBL092W,YNL209W,0,-1.3203593,0.09227314591407776,0.9030969142913818,0.889388918876648
YER007W,YGR239C,0,-1.3203691,0.09226372838020325,0.9030969142913818,0.889488935470581
YDL078C,YKL157W,0,-1.3203732,0.09225431084632874,0.9030969142913818,0.8895889520645142
YHR041C,YKL173W,0,-1.3208274,0.09224490076303482,0.9030969142913818,0.8896889686584473
YOR206W,YKL176C,0,-1.3210402,0.09223548322916031,0.9030969142913818,0.8897889852523804
YHL002W,YGR278W,0,-1.3211488,0.0922260731458664,0.9030969142913818,0.8898890018463135
YCR028C,YLR212C,0,-1.3212959,0.09221667051315308,0.9030969142913818,0.8899890184402466
YLR408C,YLR212C,0,-1.3214604,0.09220726042985916,0.9030969142913818,0.8900890350341797
YLR071C,YJL014W,0,-1.3216146,0.09219785779714584,0.9030969142913818,0.890188992023468
YGL223C,YFR028C,0,-1.3216931,0.09218845516443253,0.9030969142913818,0.8902890086174011
YLR286C,YNR067C,1,-1.3219234,0.09228102117776871,0.9040958881378174,0.8902890086174011
YHR176W,YNL005C,0,-1.3224727,0.09227161854505539,0.9040958881378174,0.8903890252113342
YDR001C,YBR001C,1,-1.3230435,0.09236415475606918,0.9050949215888977,0.8903890252113342
YFR046C,YBR195C,0,-1.3232139,0.09235473722219467,0.9050949215888977,0.8904890418052673
YLL035W,YMR014W,0,-1.3235933,0.09234532713890076,0.9050949215888977,0.8905890583992004
YBL028C,YPR081C,0,-1.323748,0.09233591705560684,0.9050949215888977,0.8906890749931335
YBR261C,YDR346C,0,-1.3239281,0.09232650697231293,0.9050949215888977,0.8907890915870667
YDL078C,YDR368W,0,-1.3246527,0.09231709688901901,0.9050949215888977,0.8908891081809998
YKL168C,YDL101C,0,-1.3248234,0.0923076942563057,0.9050949215888977,0.8909891247749329
YDL107W,YPL032C,0,-1.3248582,0.09229829162359238,0.9050949215888977,0.8910890817642212
YIR008C,YHR047C,0,-1.3250061,0.09228888899087906,0.9050949215888977,0.8911890983581543
YNL225C,YGR282C,0,-1.3251828,0.09227948635816574,0.9050949215888977,0.8912891149520874
YCL031C,YGR179C,0,-1.3252281,0.09227009117603302,0.9050949215888977,0.8913891315460205
YGL027C,YLR144C,1,-1.3253928,0.09236252307891846,0.9060938954353333,0.8913891315460205
YDR047W,YBL061C,0,-1.3254302,0.09235312044620514,0.9060938954353333,0.8914891481399536
YDR380W,YJR144W,0,-1.3256276,0.09234371781349182,0.9060938954353333,0.8915891647338867
YKR014C,YCL011C,0,-1.326142,0.0923343151807785,0.9060938954353333,0.8916891813278198
YGR012W,YBL026W,0,-1.3262497,0.09232491999864578,0.9060938954353333,0.8917891979217529
YGR058W,YER185W,0,-1.3262675,0.09231552481651306,0.9060938954353333,0.891889214515686
YOL145C,YDR415C,0,-1.3264382,0.09230612963438034,0.9060938954353333,0.8919891715049744
YNL217W,YOL041C,0,-1.3264618,0.09229673445224762,0.9060938954353333,0.8920891880989075
YFL054C,YBR122C,0,-1.3265861,0.0922873392701149,0.9060938954353333,0.8921892046928406
YFL002C,YGL234W,0,-1.3268875,0.09227795153856277,0.9060938954353333,0.8922892212867737
YPL026C,YMR227C,0,-1.3268889,0.09226856380701065,0.9060938954353333,0.8923892378807068
YLR238W,YDR058C,0,-1.3271185,0.09225918352603912,0.9060938954353333,0.8924892544746399
YFR042W,YKL065C,0,-1.3271601,0.092249795794487,0.9060938954353333,0.892589271068573
YDR119W,YDL112W,0,-1.3272496,0.09224041551351547,0.9060938954353333,0.8926892876625061
YHR041C,YPL202C,0,-1.3274297,0.09223103523254395,0.9060938954353333,0.8927893042564392
YNL160W,YJR104C,0,-1.3275442,0.09222165495157242,0.9060938954353333,0.8928892612457275
YLR210W,YNL003C,0,-1.3276352,0.09221228212118149,0.9060938954353333,0.8929892778396606
YOR125C,YBL103C,0,-1.3276818,0.09220290929079056,0.9060938954353333,0.8930892944335938
YOL119C,YPR060C,0,-1.3277205,0.09219353646039963,0.9060938954353333,0.8931893110275269
YOR301W,YGR277C,0,-1.3282257,0.0921841636300087,0.9060938954353333,0.89328932762146
YLR013W,YDR231C,0,-1.3284477,0.09217479825019836,0.9060938954353333,0.8933893442153931
YOL060C,YAL033W,0,-1.3284973,0.09216543287038803,0.9060938954353333,0.8934893608093262
YDR264C,YJR057W,0,-1.3286484,0.0921560674905777,0.9060938954353333,0.8935893774032593
YHL002W,YPL091W,0,-1.3290528,0.09214670211076736,0.9060938954353333,0.8936893939971924
YBR214W,YKR103W,0,-1.3291476,0.09213734418153763,0.9060938954353333,0.8937893509864807
YDR194C,YJL124C,0,-1.3292923,0.09212798625230789,0.9060938954353333,0.8938893675804138
YPL078C,YER170W,0,-1.3293492,0.09211862832307816,0.9060938954353333,0.8939893841743469
YGL021W,YPR031W,0,-1.329558,0.09210927039384842,0.9060938954353333,0.89408940076828
YBL099W,YNL136W,0,-1.3298079,0.09209991991519928,0.9060938954353333,0.8941894173622131
YNR070W,YJL213W,0,-1.3299129,0.09209056943655014,0.9060938954353333,0.8942894339561462
YCL038C,YLR132C,0,-1.3300323,0.092081218957901,0.9060938954353333,0.8943894505500793
YGR189C,YNR067C,1,-1.3300908,0.09217338263988495,0.9070929288864136,0.8943894505500793
YAR018C,YNL169C,0,-1.3304287,0.09216402471065521,0.9070929288864136,0.8944894671440125
YGR209C,YDL207W,0,-1.3307388,0.09215467423200607,0.9070929288864136,0.8945894837379456
YDL207W,YBR026C,0,-1.3307704,0.09214532375335693,0.9070929288864136,0.8946894407272339
YBL041W,YGR075C,0,-1.3310882,0.0921359732747078,0.9070929288864136,0.894789457321167
YML106W,YJL148W,0,-1.3312082,0.09212662279605865,0.9070929288864136,0.8948894739151001
YCR077C,YGR092W,0,-1.3313504,0.09211727976799011,0.9070929288864136,0.8949894905090332
YGR133W,YDL206W,0,-1.3315417,0.09210792928934097,0.9070929288864136,0.8950895071029663
YDR043C,YDR123C,0,-1.3319693,0.09209859371185303,0.9070929288864136,0.8951895236968994
YAL015C,YLR057W,1,-1.3323609,0.09219066798686981,0.9080919027328491,0.8951895236968994
YDL156W,YDL222C,0,-1.3330467,0.09218131750822067,0.9080919027328491,0.8952895402908325
YKL064W,YNL321W,0,-1.3331107,0.09217197448015213,0.9080919027328491,0.8953895568847656
YGL027C,YAL015C,1,-1.3333298,0.09226401895284653,0.9090909361839294,0.8953895568847656
YGL043W,YJL091C,0,-1.3339106,0.09225466102361679,0.9090909361839294,0.8954895734786987
YBL078C,YOR205C,0,-1.3342875,0.09224531054496765,0.9090909361839294,0.8955895304679871
YOR178C,YDR247W,0,-1.3343945,0.09223596006631851,0.9090909361839294,0.8956895470619202
YLR242C,YBR205W,0,-1.3344289,0.09222661703824997,0.9090909361839294,0.8957895636558533
YOR168W,YPL195W,0,-1.3346751,0.09221726655960083,0.9090909361839294,0.8958895802497864
YOR190W,YIL099W,1,-1.3353356,0.09230925142765045,0.910089910030365,0.8958895802497864
YOL125W,YOL082W,0,-1.3353878,0.09229990094900131,0.910089910030365,0.8959895968437195
YMR302C,YKR104W,0,-1.3358905,0.09229055047035217,0.910089910030365,0.8960896134376526
YHR065C,YBL024W,0,-1.3362168,0.09228119999170303,0.910089910030365,0.8961896300315857
YJL002C,YMR315W,0,-1.3364362,0.0922718495130539,0.910089910030365,0.8962896466255188
YDL226C,YNL113W,0,-1.3368453,0.09226250648498535,0.910089910030365,0.8963896632194519
YPL094C,YPL128C,0,-1.3371545,0.09225316345691681,0.910089910030365,0.8964896202087402
YDR252W,YER119C,0,-1.3373874,0.09224382042884827,0.910089910030365,0.8965896368026733
YHL034C,YLR081W,0,-1.3376746,0.09223448485136032,0.910089910030365,0.8966896533966064
YER161C,YFR028C,0,-1.3376925,0.09222514927387238,0.910089910030365,0.8967896699905396
YER007W,YBR245C,0,-1.3377763,0.09221581369638443,0.910089910030365,0.8968896865844727
YLR447C,YOR294W,0,-1.3378811,0.09220647811889648,0.910089910030365,0.8969897031784058
YKL020C,YHR031C,0,-1.3379148,0.09219714254140854,0.910089910030365,0.8970897197723389
YBR210W,YGR101W,0,-1.3380193,0.09218781441450119,0.910089910030365,0.897189736366272
YDR346C,YAL005C,0,-1.3380408,0.09217848628759384,0.910089910030365,0.8972897529602051
YGL130W,YHR003C,0,-1.3381437,0.09216916561126709,0.910089910030365,0.8973897099494934
YIL115C,YAL062W,0,-1.3385819,0.09215983748435974,0.910089910030365,0.8974897265434265
YER118C,YDR497C,0,-1.3386961,0.09215051680803299,0.910089910030365,0.8975897431373596
YKL008C,YKR030W,0,-1.3388604,0.09214119613170624,0.910089910030365,0.8976897597312927
YJR131W,YLR057W,1,-1.339033,0.09223300963640213,0.9110888838768005,0.8976897597312927
YDR322W,YKL184W,0,-1.3390694,0.09222368150949478,0.9110888838768005,0.8977897763252258
YNL131W,YJL041W,0,-1.3393768,0.09221436083316803,0.9110888838768005,0.8978897929191589
YIL135C,YDR143C,0,-1.3394688,0.09220503270626068,0.9110888838768005,0.897989809513092
YCR014C,YJL154C,0,-1.3394895,0.09219571202993393,0.9110888838768005,0.8980898261070251
YOL004W,YHR200W,0,-1.3395737,0.09218639135360718,0.9110888838768005,0.8981898427009583
YLR410W,YGR072W,0,-1.3401555,0.09217707812786102,0.9110888838768005,0.8982897996902466
YMR301C,YMR080C,0,-1.3406703,0.09216776490211487,0.9110888838768005,0.8983898162841797
YIL160C,YLR069C,0,-1.3406774,0.09215844422578812,0.9110888838768005,0.8984898328781128
YOL138C,YIR010W,0,-1.3406851,0.09214913845062256,0.9110888838768005,0.8985898494720459
YOR245C,YNL121C,0,-1.3408248,0.0921398252248764,0.9110888838768005,0.898689866065979
YGL097W,YMR285C,0,-1.3410026,0.09213051944971085,0.9110888838768005,0.8987898826599121
YKR080W,YJL121C,0,-1.3412277,0.09212121367454529,0.9110888838768005,0.8988898992538452
YHR143W-A,YGR095C,0,-1.3415955,0.09211190789937973,0.9110888838768005,0.8989899158477783
YLL041C,YKR009C,0,-1.3416204,0.09210260212421417,0.9110888838768005,0.8990899324417114
YOR155C,YBR173C,0,-1.3417765,0.09209330379962921,0.9110888838768005,0.8991898894309998
YBR061C,YJR028W,0,-1.3420357,0.09208400547504425,0.9110888838768005,0.8992899060249329
YJL128C,YML060W,0,-1.3425152,0.09207470715045929,0.9110888838768005,0.899389922618866
YML022W,YNL113W,0,-1.3425678,0.09206541627645493,0.9110888838768005,0.8994899392127991
YLR421C,YAL016W,0,-1.3426675,0.09205612540245056,0.9110888838768005,0.8995899558067322
YMR235C,YLR251W,0,-1.3431355,0.0920468345284462,0.9110888838768005,0.8996899724006653
YBR096W,YGR263C,0,-1.3432559,0.09203754365444183,0.9110888838768005,0.8997899889945984
YOL040C,YFR055W,0,-1.3437928,0.09202825278043747,0.9110888838768005,0.8998900055885315
YOR056C,YDR059C,0,-1.3438286,0.0920189693570137,0.9110888838768005,0.8999900221824646
YFR001W,YNL283C,0,-1.3446625,0.09200968593358994,0.9110888838768005,0.9000900387763977
YDR033W,YBR002C,0,-1.3447453,0.09200040251016617,0.9110888838768005,0.900189995765686
YPL081W,YLR145W,0,-1.344822,0.091991126537323,0.9110888838768005,0.9002900123596191
YFL022C,YJL050W,0,-1.3453157,0.09198184311389923,0.9110888838768005,0.9003900289535522
YLR221C,YJL065C,0,-1.3456212,0.09197256714105606,0.9110888838768005,0.9004900455474854
YER048C,YJR043C,0,-1.3456861,0.09196329861879349,0.9110888838768005,0.9005900621414185
YNL071W,YGL100W,0,-1.3458786,0.09195402264595032,0.9110888838768005,0.9006900787353516
YKR065C,YJL141C,0,-1.3458871,0.09194475412368774,0.9110888838768005,0.9007900953292847
YNL316C,YLR027C,0,-1.3462201,0.09193548560142517,0.9110888838768005,0.9008901119232178
YOL119C,YMR293C,0,-1.3464509,0.0919262170791626,0.9110888838768005,0.9009901285171509
YGL250W,YOR198C,0,-1.3464838,0.09191694855690002,0.9110888838768005,0.9010900855064392
YLR117C,YNL050C,0,-1.346517,0.09190768748521805,0.9110888838768005,0.9011901021003723
YNL083W,YMR218C,0,-1.3471261,0.09189842641353607,0.9110888838768005,0.9012901186943054
YCL025C,YMR160W,0,-1.3474382,0.0918891653418541,0.9110888838768005,0.9013901352882385
YFL023W,YKL203C,0,-1.347494,0.09187991172075272,0.9110888838768005,0.9014901518821716
YDR532C,YBR214W,0,-1.3481067,0.09187065809965134,0.9110888838768005,0.9015901684761047
YBR230C,YER082C,0,-1.348536,0.09186140447854996,0.9110888838768005,0.9016901850700378
YPL127C,YMR304W,0,-1.3488297,0.09185215085744858,0.9110888838768005,0.901790201663971
YGR135W,YEL004W,0,-1.3489859,0.0918428972363472,0.9110888838768005,0.901890218257904
YBR103W,YOR035C,0,-1.3496889,0.09183365106582642,0.9110888838768005,0.9019901752471924
YGR274C,YNL224C,0,-1.3501381,0.09182440489530563,0.9110888838768005,0.9020901918411255
YJL140W,YBR135W,0,-1.350206,0.09181515872478485,0.9110888838768005,0.9021902084350586
YJL200C,YHR124W,0,-1.3502084,0.09180592000484467,0.9110888838768005,0.9022902250289917
YCL057W,YDR088C,0,-1.3502342,0.09179668128490448,0.9110888838768005,0.9023902416229248
YJL029C,YDR291W,0,-1.350412,0.0917874425649643,0.9110888838768005,0.9024902582168579
YDR429C,YKL144C,0,-1.3504426,0.09177820384502411,0.9110888838768005,0.902590274810791
YNL327W,YGL028C,1,-1.3505858,0.09186959266662598,0.9120879173278809,0.902590274810791
YGL237C,YNR035C,0,-1.3510209,0.0918603464961052,0.9120879173278809,0.9026902914047241
YKR069W,YDR214W,0,-1.3510531,0.09185110777616501,0.9120879173278809,0.9027903079986572
YER091C,YDR107C,0,-1.3514374,0.09184186905622482,0.9120879173278809,0.9028902649879456
YLR165C,YCR092C,0,-1.3516175,0.09183263033628464,0.9120879173278809,0.9029902815818787
YGR229C,YFR013W,0,-1.3518139,0.09182339161634445,0.9120879173278809,0.9030902981758118
YJL210W,YPL188W,0,-1.3519005,0.09181416034698486,0.9120879173278809,0.9031903147697449
YDR532C,YPL159C,0,-1.3519007,0.09180492907762527,0.9120879173278809,0.903290331363678
YLR272C,YOR211C,0,-1.3523629,0.09179569780826569,0.9120879173278809,0.9033903479576111
YJR093C,YBR066C,0,-1.353174,0.0917864665389061,0.9120879173278809,0.9034903645515442
YGR286C,YNL280C,0,-1.3535466,0.0917772427201271,0.9120879173278809,0.9035903811454773
YJR089W,YJR152W,0,-1.3536581,0.09176801890134811,0.9120879173278809,0.9036903977394104
YGR048W,YIL112W,0,-1.3537298,0.09175879508256912,0.9120879173278809,0.9037903547286987
YDR477W,YJL176C,0,-1.3538246,0.09174957126379013,0.9120879173278809,0.9038903713226318
YER131W,YMR067C,0,-1.354163,0.09174035489559174,0.9120879173278809,0.9039903879165649
YOL108C,YBL060W,0,-1.3545156,0.09173113852739334,0.9120879173278809,0.904090404510498
YCL004W,YML060W,0,-1.3545619,0.09172192215919495,0.9120879173278809,0.9041904211044312
YGL160W,YDR296W,0,-1.3545786,0.09171270579099655,0.9120879173278809,0.9042904376983643
YLR357W,YDL165W,0,-1.3548752,0.09170349687337875,0.9120879173278809,0.9043904542922974
YPL122C,YLR319C,0,-1.3552861,0.09169428795576096,0.9120879173278809,0.9044904708862305
YGL150C,YHR016C,0,-1.3553231,0.09168507903814316,0.9120879173278809,0.9045904874801636
YLR165C,YMR097C,0,-1.3561193,0.09167587012052536,0.9120879173278809,0.9046904444694519
YFR007W,YPL186C,0,-1.356196,0.09166666865348816,0.9120879173278809,0.904790461063385
YBR253W,YDR107C,0,-1.3563026,0.09165746718645096,0.9120879173278809,0.9048904776573181
YKL071W,YDL130W,0,-1.3563393,0.09164826571941376,0.9120879173278809,0.9049904942512512
YPR070W,YBR001C,0,-1.3568655,0.09163906425237656,0.9120879173278809,0.9050905108451843
YJR131W,YDR261C,1,-1.3576719,0.09173022955656052,0.9130868911743164,0.9050905108451843
YCL033C,YGR188C,0,-1.3577737,0.09172102063894272,0.9130868911743164,0.9051905274391174
YBR073W,YNR061C,0,-1.3583086,0.09171181917190552,0.9130868911743164,0.9052905440330505
YBR167C,YEL050C,0,-1.3584554,0.09170261770486832,0.9130868911743164,0.9053905606269836
YNL267W,YHR175W,0,-1.3591474,0.09169341623783112,0.9130868911743164,0.9054905772209167
YBR296C,YLL012W,0,-1.3592126,0.09168422222137451,0.9130868911743164,0.9055905342102051
YPL158C,YJR036C,0,-1.3593544,0.09167502820491791,0.9130868911743164,0.9056905508041382
YDL207W,YKL100C,0,-1.3595303,0.0916658341884613,0.9130868911743164,0.9057905673980713
YER048C,YML069W,0,-1.3595549,0.0916566401720047,0.9130868911743164,0.9058905839920044
YMR097C,YDL161W,0,-1.3596113,0.0916474461555481,0.9130868911743164,0.9059906005859375
YPL091W,YNL159C,0,-1.35995,0.09163825958967209,0.9130868911743164,0.9060906171798706
YOL049W,YOR367W,0,-1.360308,0.09162907302379608,0.9130868911743164,0.9061906337738037
YBR273C,YBR204C,0,-1.3603829,0.09161988645792007,0.9130868911743164,0.9062906503677368
YOR292C,YGR104C,0,-1.3603882,0.09161070734262466,0.9130868911743164,0.9063906669616699
YER144C,YGR071C,0,-1.3609055,0.09160152077674866,0.9130868911743164,0.9064906239509583
YML060W,YML021C,1,-1.3612841,0.09169255197048187,0.9140859246253967,0.9064906239509583
YIL065C,YDR409W,0,-1.3612845,0.09168336540460587,0.9140859246253967,0.9065906405448914
YER180C,YML125C,0,-1.3614072,0.09167417883872986,0.9140859246253967,0.9066906571388245
YDL101C,YJL124C,0,-1.361702,0.09166499972343445,0.9140859246253967,0.9067906737327576
YMR263W,YGR221C,0,-1.3619245,0.09165581315755844,0.9140859246253967,0.9068906903266907
YBR276C,YLR309C,0,-1.362019,0.09164663404226303,0.9140859246253967,0.9069907069206238
YFL004W,YDR266C,0,-1.3626676,0.09163745492696762,0.9140859246253967,0.9070907235145569
YDR221W,YBR083W,0,-1.3631183,0.09162828326225281,0.9140859246253967,0.90719074010849
YDR139C,YDL185W,0,-1.3631257,0.0916191041469574,0.9140859246253967,0.9072907567024231
YER029C,YJL129C,0,-1.3632334,0.09160993248224258,0.9140859246253967,0.9073907136917114
YDR449C,YMR247C,0,-1.3632543,0.09160076081752777,0.9140859246253967,0.9074907302856445
YMR109W,YER137C,0,-1.3635143,0.09159158915281296,0.9140859246253967,0.9075907468795776
YKL035W,YPL259C,0,-1.3635274,0.09158242493867874,0.9140859246253967,0.9076907634735107
YBL045C,YBR132C,0,-1.3636009,0.09157326072454453,0.9140859246253967,0.9077907800674438
YMR321C,YJL187C,0,-1.3636347,0.09156409651041031,0.9140859246253967,0.907890796661377
YHR029C,YDR117C,0,-1.3636776,0.09155493229627609,0.9140859246253967,0.9079908132553101
YPR036W,YDR307W,0,-1.3638213,0.09154577553272247,0.9140859246253967,0.9080908298492432
YNR032W,YFR041C,0,-1.3640033,0.09153661131858826,0.9140859246253967,0.9081908464431763
YDR085C,YOR007C,0,-1.364147,0.09152745455503464,0.9140859246253967,0.9082908034324646
YDR163W,YBL028C,0,-1.3642174,0.09151830524206161,0.9140859246253967,0.9083908200263977
YMR172W,YML049C,0,-1.3643776,0.091509148478508,0.9140859246253967,0.9084908366203308
YFR006W,YMR005W,0,-1.3644443,0.09149999916553497,0.9140859246253967,0.9085908532142639
YKL203C,YGR026W,0,-1.3645273,0.09149084985256195,0.9140859246253967,0.908690869808197
YCR089W,YML112W,0,-1.3647826,0.09148170053958893,0.9140859246253967,0.9087908864021301
YPL011C,YMR308C,0,-1.3649938,0.0914725586771965,0.9140859246253967,0.9088909029960632
YMR038C,YBR125C,0,-1.3652743,0.09146341681480408,0.9140859246253967,0.9089909195899963
YLR378C,YPR079W,0,-1.3660544,0.09145427495241165,0.9140859246253967,0.9090909361839294
YDR055W,YDR116C,0,-1.3662204,0.09144513309001923,0.9140859246253967,0.9091908931732178
YPL051W,YMR052W,0,-1.3662783,0.0914359912276268,0.9140859246253967,0.9092909097671509
YDR373W,YLR066W,0,-1.3668154,0.09142685681581497,0.9140859246253967,0.909390926361084
YLR045C,YLR321C,0,-1.3668495,0.09141772240400314,0.9140859246253967,0.9094909429550171
YGR198W,YMR004W,0,-1.3670468,0.09140858799219131,0.9140859246253967,0.9095909595489502
YHR160C,YDL246C,0,-1.3671119,0.09139946103096008,0.9140859246253967,0.9096909761428833
YNL245C,YDR208W,0,-1.3672649,0.09139033406972885,0.9140859246253967,0.9097909927368164
YNL239W,YLR103C,0,-1.367484,0.09138120710849762,0.9140859246253967,0.9098910093307495
YKR010C,YKL154W,0,-1.3685046,0.09137208014726639,0.9140859246253967,0.9099910259246826
YKR102W,YBL060W,0,-1.3689814,0.09136295318603516,0.9140859246253967,0.910090982913971
YOL136C,YPL048W,0,-1.369016,0.09135383367538452,0.9140859246253967,0.910190999507904
YIL079C,YIL085C,0,-1.3691648,0.09134471416473389,0.9140859246253967,0.9102910161018372
YGR106C,YMR123W,0,-1.3693259,0.09133559465408325,0.9140859246253967,0.9103910326957703
YGR133W,YMR160W,0,-1.3693291,0.09132648259401321,0.9140859246253967,0.9104910492897034
YIL124W,YDR221W,0,-1.3697098,0.09131736308336258,0.9140859246253967,0.9105910658836365
YNL083W,YLR424W,0,-1.3697737,0.09130825102329254,0.9140859246253967,0.9106910824775696
YGR074W,YOR219C,0,-1.3698382,0.0912991389632225,0.9140859246253967,0.9107910990715027
YBL057C,YOR124C,0,-1.3701446,0.09129003435373306,0.9140859246253967,0.9108911156654358
YGL089C,YPL101W,0,-1.370335,0.09128092229366302,0.9140859246253967,0.9109910726547241
YMR316W,YDL129W,0,-1.3706023,0.09127181768417358,0.9140859246253967,0.9110910892486572
YKL127W,YDR016C,0,-1.3707279,0.09126272052526474,0.9140859246253967,0.9111911058425903
YPL111W,YDL097C,0,-1.3711866,0.0912536159157753,0.9140859246253967,0.9112911224365234
YLL038C,YBR241C,0,-1.3714815,0.09124451875686646,0.9140859246253967,0.9113911390304565
YGR189C,YNL066W,1,-1.371724,0.09133512526750565,0.9150848984718323,0.9113911390304565
YBR199W,YBR215W,0,-1.3718143,0.0913260206580162,0.9150848984718323,0.9114911556243896
YLR270W,YIL084C,0,-1.3724238,0.09131691604852676,0.9150848984718323,0.9115911722183228
YIL122W,YKL137W,0,-1.3724915,0.09130781143903732,0.9150848984718323,0.9116911888122559
YDR033W,YIL114C,0,-1.3725344,0.09129871428012848,0.9150848984718323,0.911791205406189
YKL172W,YGR278W,0,-1.3726944,0.09128961712121964,0.9150848984718323,0.9118911623954773
YMR168C,YIL138C,0,-1.3727778,0.09128051996231079,0.9150848984718323,0.9119911789894104
YJL165C,YPR036W,0,-1.3728541,0.09127142280340195,0.9150848984718323,0.9120911955833435
YNL315C,YNL305C,0,-1.373266,0.0912623330950737,0.9150848984718323,0.9121912121772766
YBL002W,YCR034W,0,-1.3733331,0.09125323593616486,0.9150848984718323,0.9122912287712097
YLR286C,YNL066W,1,-1.3733898,0.09134376049041748,0.9160839319229126,0.9122912287712097
YDR104C,YCL050C,0,-1.373507,0.09133466333150864,0.9160839319229126,0.9123912453651428
YMR287C,YDL035C,0,-1.3736748,0.09132556617259979,0.9160839319229126,0.9124912619590759
YOR046C,YNL044W,0,-1.3737077,0.09131646901369095,0.9160839319229126,0.912591278553009
YBR073W,YJL074C,0,-1.3740126,0.0913073793053627,0.9160839319229126,0.9126912951469421
YDR378C,YJL004C,0,-1.3742913,0.09129828959703445,0.9160839319229126,0.9127912521362305
YDR421W,YIL041W,0,-1.3745455,0.09128919988870621,0.9160839319229126,0.9128912687301636
YOR295W,YMR087W,0,-1.3748487,0.09128011018037796,0.9160839319229126,0.9129912853240967
YOR290C,YNL283C,0,-1.3748897,0.09127102792263031,0.9160839319229126,0.9130913019180298
YGR171C,YBR234C,0,-1.3750407,0.09126194566488266,0.9160839319229126,0.9131913185119629
YHR064C,YNR022C,0,-1.3752285,0.09125286340713501,0.9160839319229126,0.913291335105896
YJL123C,YBR058C,0,-1.3753611,0.09124378114938736,0.9160839319229126,0.9133913516998291
YNL158W,YDR456W,0,-1.3754588,0.0912347063422203,0.9160839319229126,0.9134913682937622
YHR179W,YLR300W,0,-1.3760146,0.09122562408447266,0.9160839319229126,0.9135913848876953
YDL204W,YPL200W,0,-1.3762537,0.0912165492773056,0.9160839319229126,0.9136913418769836
YPL101W,YFR045W,0,-1.376325,0.09120748192071915,0.9160839319229126,0.9137913584709167
YJL006C,YML064C,0,-1.3764869,0.0911984071135521,0.9160839319229126,0.9138913750648499
YOL141W,YJL125C,0,-1.3769556,0.09118933975696564,0.9160839319229126,0.913991391658783
YDR511W,YGL010W,0,-1.3772143,0.09118027240037918,0.9160839319229126,0.9140914082527161
YEL040W,YNL066W,1,-1.3773323,0.09127063304185867,0.9170829057693481,0.9140914082527161
YDR310C,YBR135W,0,-1.3783132,0.09126155823469162,0.9170829057693481,0.9141914248466492
YDR177W,YLR356W,0,-1.3784534,0.09125248342752457,0.9170829057693481,0.9142914414405823
YBR001C,YIL099W,1,-1.378476,0.09134280681610107,0.9180819392204285,0.9142914414405823
YBR082C,YKL092C,0,-1.3785908,0.09133373200893402,0.9180819392204285,0.9143914580345154
YGR159C,YPL068C,0,-1.3786439,0.09132465720176697,0.9180819392204285,0.9144914746284485
YCR092C,YDR210W,0,-1.3789994,0.09131558239459991,0.9180819392204285,0.9145914316177368
YMR086W,YER045C,0,-1.3791093,0.09130650758743286,0.9180819392204285,0.9146914482116699
YGR070W,YDR392W,0,-1.3792187,0.0912974402308464,0.9180819392204285,0.914791464805603
YHR143W,YDR400W,1,-1.3793234,0.09138770401477814,0.919080913066864,0.914791464805603
YDR444W,YDR518W,0,-1.379536,0.09137862175703049,0.919080913066864,0.9148914813995361
YBR241C,YOR100C,0,-1.3797693,0.09136954694986343,0.919080913066864,0.9149914979934692
YGL002W,YHR175W,0,-1.3801082,0.09136047959327698,0.919080913066864,0.9150915145874023
YNR045W,YDR182W,0,-1.3802191,0.09135140478610992,0.919080913066864,0.9151915311813354
YMR239C,YOL136C,0,-1.3807801,0.09134233742952347,0.919080913066864,0.9152915477752686
YMR302C,YPR024W,0,-1.3812423,0.09133327007293701,0.919080913066864,0.9153915643692017
YDL129W,YLL054C,0,-1.3813413,0.09132420271635056,0.919080913066864,0.91549152135849
YEL017C-A,YLL033W,0,-1.3814718,0.0913151353597641,0.919080913066864,0.9155915379524231
YMR170C,YCL036W,0,-1.3815892,0.09130607545375824,0.919080913066864,0.9156915545463562
YGR284C,YMR263W,0,-1.3816681,0.09129701554775238,0.919080913066864,0.9157915711402893
YHR016C,YDR267C,0,-1.3825499,0.09128795564174652,0.919080913066864,0.9158915877342224
YNR049C,YOR332W,0,-1.3826716,0.09127889573574066,0.919080913066864,0.9159916043281555
YGL212W,YNL283C,0,-1.3830491,0.0912698432803154,0.919080913066864,0.9160916209220886
YJL151C,YDR123C,0,-1.3832804,0.09126079082489014,0.919080913066864,0.9161916375160217
YNL189W,YDL109C,0,-1.3839849,0.09125173836946487,0.919080913066864,0.9162916541099548
YNR043W,YLR224W,0,-1.3844677,0.09124268591403961,0.919080913066864,0.9163916110992432
YGR258C,YPL104W,0,-1.3844801,0.09123364090919495,0.919080913066864,0.9164916276931763
YDL099W,YNL158W,0,-1.3845427,0.09122458845376968,0.919080913066864,0.9165916442871094
YOR245C,YBL036C,0,-1.3848244,0.09121554344892502,0.919080913066864,0.9166916608810425
YDR316W,YIR021W,0,-1.38507,0.09120650589466095,0.919080913066864,0.9167916774749756
YLR070C,YJL155C,0,-1.3851749,0.09119746088981628,0.919080913066864,0.9168916940689087
YDL069C,YPL270W,0,-1.3852361,0.09118842333555222,0.919080913066864,0.9169917106628418
YBL088C,YKL176C,0,-1.3860223,0.09117938578128815,0.919080913066864,0.9170917272567749
YMR271C,YIR038C,0,-1.3865548,0.09117034822702408,0.919080913066864,0.917191743850708
YDR221W,YBR229C,1,-1.3871081,0.0912604033946991,0.9200799465179443,0.917191743850708
YOR118W,YKR029C,0,-1.3871095,0.09125136584043503,0.9200799465179443,0.9172917008399963
YBR229C,YDR371W,1,-1.3871394,0.09134139120578766,0.9210789203643799,0.9172917008399963
YER086W,YAR007C,0,-1.3874542,0.091332346200943,0.9210789203643799,0.9173917174339294
YDR001C,YPR184W,1,-1.3876102,0.09142234176397324,0.9220778942108154,0.9173917174339294
YOL004W,YCL043C,0,-1.3878126,0.09141328930854797,0.9220778942108154,0.9174917340278625
YDR067C,YAL005C,0,-1.3880326,0.09140423685312271,0.9220778942108154,0.9175917506217957
YKR066C,YIL155C,0,-1.3882023,0.09139518439769745,0.9220778942108154,0.9176917672157288
YGL220W,YDR472W,0,-1.388462,0.09138613939285278,0.9220778942108154,0.9177917838096619
YPR028W,YKL089W,0,-1.3885056,0.09137709438800812,0.9220778942108154,0.917891800403595
YBL057C,YBL068W,0,-1.3885268,0.09136804938316345,0.9220778942108154,0.9179918169975281
YEL040W,YLR300W,1,-1.3890284,0.09145798534154892,0.9230769276618958,0.9179918169975281
YDR499W,YMR172W,0,-1.3893706,0.09144893288612366,0.9230769276618958,0.9180918335914612
YBR167C,YOR123C,0,-1.3895127,0.0914398804306984,0.9230769276618958,0.9181917905807495
YNL262W,YEL055C,0,-1.3896219,0.09143083542585373,0.9230769276618958,0.9182918071746826
YPR026W,YGL156W,1,-1.389725,0.09152072668075562,0.9240759015083313,0.9182918071746826
YJL099W,YOL117W,0,-1.3899238,0.09151167422533035,0.9240759015083313,0.9183918237686157
YKL160W,YPL244C,0,-1.3903785,0.09150262176990509,0.9240759015083313,0.9184918403625488
YGL027C,YOL043C,1,-1.3904368,0.09159248322248459,0.9250749349594116,0.9184918403625488
YJL053W,YOR332W,0,-1.3905538,0.09158342331647873,0.9250749349594116,0.9185918569564819
YKR042W,YNL222W,0,-1.3905832,0.09157436341047287,0.9250749349594116,0.918691873550415
YDR496C,YJL108C,0,-1.3907493,0.09156531095504761,0.9250749349594116,0.9187918901443481
YDL225W,YJR091C,0,-1.390791,0.09155625849962234,0.9250749349594116,0.9188919067382812
YPR063C,YLR100W,0,-1.3909633,0.09154720604419708,0.9250749349594116,0.9189919233322144
YGR277C,YKR030W,0,-1.3915895,0.09153816103935242,0.9250749349594116,0.9190918803215027
YIL162W,YPR184W,1,-1.3917283,0.09162795543670654,0.9260739088058472,0.9190918803215027
YGL131C,YNR039C,0,-1.3919019,0.09161889553070068,0.9260739088058472,0.9191918969154358
YNL088W,YPR122W,0,-1.3920277,0.09160984307527542,0.9260739088058472,0.9192919135093689
YNR002C,YLR069C,0,-1.3920944,0.09160079061985016,0.9260739088058472,0.919391930103302
YGL112C,YDL043C,0,-1.392203,0.0915917381644249,0.9260739088058472,0.9194919466972351
YGR258C,YGR220C,0,-1.392344,0.09158269315958023,0.9260739088058472,0.9195919632911682
YKR044W,YLR344W,0,-1.3925234,0.09157364070415497,0.9260739088058472,0.9196919798851013
YMR304W,YGL048C,0,-1.3928809,0.0915645956993103,0.9260739088058472,0.9197919964790344
YCR094W,YFR005C,0,-1.3940089,0.09155555814504623,0.9260739088058472,0.9198920130729675
YOL127W,YDR093W,0,-1.3943123,0.09154651314020157,0.9260739088058472,0.9199919700622559
YNL304W,YLL052C,0,-1.3944371,0.0915374755859375,0.9260739088058472,0.920091986656189
YPL086C,YOR056C,0,-1.3946972,0.09152843803167343,0.9260739088058472,0.9201920032501221
YER003C,YGL155W,0,-1.3948349,0.09151940047740936,0.9260739088058472,0.9202920198440552
YLR210W,YDR356W,0,-1.3953707,0.0915103629231453,0.9260739088058472,0.9203920364379883
YER030W,YER027C,0,-1.3957175,0.09150133281946182,0.9260739088058472,0.9204920530319214
YJR064W,YJL172W,0,-1.3957425,0.09149230271577835,0.9260739088058472,0.9205920696258545
YGR215W,YLR309C,0,-1.3961961,0.09148327261209488,0.9260739088058472,0.9206920862197876
YGR200C,YGR158C,0,-1.3963197,0.09147424250841141,0.9260739088058472,0.9207921028137207
YOR197W,YJL080C,0,-1.3963634,0.09146521985530853,0.9260739088058472,0.920892059803009
YOR371C,YLL019C,0,-1.3965386,0.09145619720220566,0.9260739088058472,0.9209920763969421
YGR135W,YCR030C,0,-1.3965693,0.09144717454910278,0.9260739088058472,0.9210920929908752
YPL064C,YLR246W,0,-1.3969619,0.09143815189599991,0.9260739088058472,0.9211921095848083
YJR103W,YJL074C,0,-1.3970047,0.09142913669347763,0.9260739088058472,0.9212921261787415
YEL060C,YNL213C,0,-1.397444,0.09142012149095535,0.9260739088058472,0.9213921427726746
YOL130W,YDR324C,0,-1.3976758,0.09141110628843307,0.9260739088058472,0.9214921593666077
YAL016W,YMR267W,0,-1.3977827,0.0914020910859108,0.9260739088058472,0.9215921759605408
YHR005C-A,YPR098C,0,-1.3984431,0.09139307588338852,0.9260739088058472,0.9216921925544739
YNL265C,YGL150C,0,-1.3985593,0.09138406813144684,0.9260739088058472,0.9217921495437622
YFR028C,YBL102W,0,-1.3987497,0.09137506037950516,0.9260739088058472,0.9218921661376953
YEL040W,YPR159W,1,-1.3993275,0.09146461635828018,0.9270729422569275,0.9218921661376953
YDR410C,YOR239W,0,-1.3996321,0.0914556011557579,0.9270729422569275,0.9219921827316284
YLR388W,YGR261C,0,-1.4002826,0.09144659340381622,0.9270729422569275,0.9220921993255615
YDR191W,YBR229C,0,-1.4003755,0.09143757820129395,0.9270729422569275,0.9221922159194946
YOL068C,YCR002C,0,-1.400481,0.09142857044935226,0.9270729422569275,0.9222922325134277
YGR014W,YLL004W,0,-1.4005865,0.09141956269741058,0.9270729422569275,0.9223922491073608
YHR025W,YLR040C,0,-1.4012469,0.0914105623960495,0.9270729422569275,0.922492265701294
YHR099W,YGL032C,0,-1.4013022,0.09140155464410782,0.9270729422569275,0.922592282295227
YGL203C,YKL065C,0,-1.4013942,0.09139255434274673,0.9270729422569275,0.9226922988891602
YKL190W,YMR285C,0,-1.4014751,0.09138355404138565,0.9270729422569275,0.9227922558784485
YKL195W,YKL067W,0,-1.401543,0.09137455374002457,0.9270729422569275,0.9228922724723816
YPR145W,YOR202W,0,-1.4017031,0.09136556088924408,0.9270729422569275,0.9229922890663147
YDR354W,YKL035W,0,-1.4017643,0.09135656803846359,0.9270729422569275,0.9230923056602478
YKR008W,YOR025W,0,-1.4019016,0.0913475751876831,0.9270729422569275,0.9231923222541809
YBR120C,YNR010W,0,-1.4024216,0.09133858233690262,0.9270729422569275,0.923292338848114
YLR183C,YDR440W,0,-1.4029585,0.09132959693670273,0.9270729422569275,0.9233923554420471
YPL084W,YOL026C,0,-1.4031543,0.09132060408592224,0.9270729422569275,0.9234923720359802
YBR056W,YOL043C,1,-1.4032837,0.09141001850366592,0.928071916103363,0.9234923720359802
YGR275W,YPR190C,0,-1.4033259,0.09140102565288544,0.928071916103363,0.9235923886299133
YDR216W,YOR150W,0,-1.4033512,0.09139203280210495,0.928071916103363,0.9236923456192017
YBR217W,YLR305C,0,-1.4034454,0.09138303995132446,0.928071916103363,0.9237923622131348
YKL189W,YER103W,0,-1.40347,0.09137405455112457,0.928071916103363,0.9238923788070679
YLR369W,YGR071C,0,-1.4037081,0.09136506915092468,0.928071916103363,0.923992395401001
YLR144C,YBR229C,1,-1.4037391,0.09145442396402359,0.9290709495544434,0.923992395401001
YJL006C,YLR405W,0,-1.4037784,0.0914454311132431,0.9290709495544434,0.9240924119949341
YGR275W,YOR094W,0,-1.4043347,0.09143643826246262,0.9290709495544434,0.9241924285888672
YDR392W,YKL186C,0,-1.4046184,0.09142744541168213,0.9290709495544434,0.9242924451828003
YKL190W,YIL133C,0,-1.4046384,0.09141846001148224,0.9290709495544434,0.9243924617767334
YFL004W,YJL157C,0,-1.4052124,0.09140947461128235,0.9290709495544434,0.9244924783706665
YBR258C,YDR466W,0,-1.4052312,0.09140048921108246,0.9290709495544434,0.9245924353599548
YGR218W,YJL207C,0,-1.4054399,0.09139151126146317,0.9290709495544434,0.9246924519538879
YCR048W,YGR263C,0,-1.4058324,0.09138252586126328,0.9290709495544434,0.924792468547821
YGL169W,YGL185C,0,-1.4065039,0.09137354791164398,0.9290709495544434,0.9248924851417542
YKR028W,YDL195W,0,-1.4069058,0.09136457741260529,0.9290709495544434,0.9249925017356873
YDR064W,YNL281W,0,-1.4069458,0.09135559946298599,0.9290709495544434,0.9250925183296204
YJR113C,YGL254W,0,-1.4074191,0.0913466289639473,0.9290709495544434,0.9251925349235535
YKR002W,YDL236W,0,-1.4074311,0.091337651014328,0.9290709495544434,0.9252925515174866
YJL090C,YFL014W,0,-1.4078202,0.0913286879658699,0.9290709495544434,0.9253925681114197
YMR247C,YDR356W,0,-1.4083987,0.09131971746683121,0.9290709495544434,0.925492525100708
YNL220W,YCL050C,0,-1.4084555,0.09131075441837311,0.9290709495544434,0.9255925416946411
YPL091W,YGR009C,0,-1.4085594,0.09130178391933441,0.9290709495544434,0.9256925582885742
YGL227W,YGL233W,0,-1.4090079,0.09129282087087631,0.9290709495544434,0.9257925748825073
YGR154C,YMR173W,0,-1.4090292,0.09128386527299881,0.9290709495544434,0.9258925914764404
YDR473C,YNL293W,0,-1.4091474,0.09127490222454071,0.9290709495544434,0.9259926080703735
YOR322C,YLR383W,0,-1.4091815,0.09126594662666321,0.9290709495544434,0.9260926246643066
YGR275W,YGL038C,0,-1.4092445,0.0912569910287857,0.9290709495544434,0.9261926412582397
YOR144C,YCR028C,0,-1.4093605,0.0912480354309082,0.9290709495544434,0.9262926578521729
YDR162C,YHR134W,0,-1.4096304,0.0912390872836113,0.9290709495544434,0.9263926148414612
YBL088C,YGR145W,0,-1.4103101,0.0912301316857338,0.9290709495544434,0.9264926314353943
YBR050C,YKR103W,0,-1.4103698,0.09122118353843689,0.9290709495544434,0.9265926480293274
YJR075W,YHR039C,0,-1.4105154,0.09121224284172058,0.9290709495544434,0.9266926646232605
YIR035C,YER027C,0,-1.4117365,0.09120329469442368,0.9290709495544434,0.9267926812171936
YOR096W,YOR307C,0,-1.4120096,0.09119435399770737,0.9290709495544434,0.9268926978111267
YPL038W,YLR452C,0,-1.4124094,0.09118541330099106,0.9290709495544434,0.9269927144050598
YHR135C,YLR105C,0,-1.4130287,0.09117647260427475,0.9290709495544434,0.9270927309989929
YER180C,YBL036C,0,-1.4131582,0.09116753190755844,0.9290709495544434,0.927192747592926
YGR076C,YIL017C,0,-1.4132985,0.09115859866142273,0.9290709495544434,0.9272927045822144
YHR119W,YOR285W,0,-1.4136497,0.09114966541528702,0.9290709495544434,0.9273927211761475
YGR207C,YML006C,0,-1.4138093,0.0911407321691513,0.9290709495544434,0.9274927377700806
YJL062W,YDL092W,0,-1.4138829,0.0911317989230156,0.9290709495544434,0.9275927543640137
YPR167C,YLL061W,0,-1.4139098,0.09112286567687988,0.9290709495544434,0.9276927709579468
YPL249C,YJR034W,0,-1.4143913,0.09111393988132477,0.9290709495544434,0.9277927875518799
YLR270W,YKL074C,0,-1.4144415,0.09110501408576965,0.9290709495544434,0.927892804145813
YML032C,YMR014W,0,-1.415088,0.09109608829021454,0.9290709495544434,0.9279928207397461
YDR421W,YDR128W,0,-1.4151232,0.09108716994524002,0.9290709495544434,0.9280928373336792
YDL002C,YDR088C,0,-1.4154574,0.0910782516002655,0.9290709495544434,0.9281927943229675
YPR111W,YIR025W,0,-1.4156836,0.09106933325529099,0.9290709495544434,0.9282928109169006
YBL067C,YGR231C,0,-1.4158297,0.09106041491031647,0.9290709495544434,0.9283928275108337
YHR135C,YHR021C,0,-1.4167014,0.09105149656534195,0.9290709495544434,0.9284928441047668
YER142C,YGL156W,1,-1.4168571,0.09114047884941101,0.9300699234008789,0.9284928441047668
YOR148C,YDL126C,0,-1.4169415,0.09113156050443649,0.9300699234008789,0.9285928606987
YBR229C,YML021C,1,-1.4172583,0.09122051298618317,0.9310689568519592,0.9285928606987
YBR205W,YJL154C,0,-1.4173145,0.09121158719062805,0.9310689568519592,0.9286928772926331
YDR339C,YJR040W,0,-1.4177448,0.09120266139507294,0.9310689568519592,0.9287928938865662
YJR025C,YGR234W,0,-1.4178077,0.09119373559951782,0.9310689568519592,0.9288929104804993
YOL067C,YHR200W,0,-1.4178988,0.0911848172545433,0.9310689568519592,0.9289929270744324
YFL004W,YAR071W,0,-1.418165,0.09117589145898819,0.9310689568519592,0.9290928840637207
YDR056C,YMR247C,0,-1.4183955,0.09116697311401367,0.9310689568519592,0.9291929006576538
YGR215W,YGR072W,0,-1.4185412,0.09115806221961975,0.9310689568519592,0.9292929172515869
YOR144C,YKL101W,0,-1.4189407,0.09114914387464523,0.9310689568519592,0.92939293384552
YKL055C,YBR290W,0,-1.4190642,0.09114023298025131,0.9310689568519592,0.9294929504394531
YPR149W,YIL125W,0,-1.4193928,0.09113132208585739,0.9310689568519592,0.9295929670333862
YHL008C,YAL062W,0,-1.420549,0.09112241119146347,0.9310689568519592,0.9296929836273193
YJR153W,YKL046C,1,-1.4210749,0.09121125936508179,0.9320679306983948,0.9296929836273193
YNL327W,YNR067C,1,-1.4215616,0.0913001000881195,0.9330669045448303,0.9296929836273193
YJL051W,YBR243C,0,-1.4218038,0.09129117429256439,0.9330669045448303,0.9297930002212524
YMR160W,YIL127C,0,-1.4218314,0.09128224849700928,0.9330669045448303,0.9298930168151855
YNL172W,YGR186W,0,-1.422208,0.09127333015203476,0.9330669045448303,0.9299929738044739
YDR221W,YER142C,1,-1.4222175,0.0913621261715889,0.9340659379959106,0.9299929738044739
YKL189W,YKR014C,0,-1.4226961,0.09135320037603378,0.9340659379959106,0.930092990398407
YMR143W,YJR045C,0,-1.4234151,0.09134427458047867,0.9340659379959106,0.9301930069923401
YPR018W,YML070W,0,-1.4235344,0.09133534878492355,0.9340659379959106,0.9302930235862732
YMR229C,YKL082C,0,-1.4236039,0.09132643043994904,0.9340659379959106,0.9303930401802063
YLL033W,YNL001W,0,-1.4248723,0.09131751209497452,0.9340659379959106,0.9304930567741394
YOR145C,YJL184W,0,-1.4252368,0.09130859375,0.9340659379959106,0.9305930733680725
YBR001C,YOL043C,1,-1.4252609,0.09139732271432877,0.9350649118423462,0.9305930733680725
YLR002C,YIL110W,0,-1.425304,0.09138840436935425,0.9350649118423462,0.9306930899620056
YGR154C,YIL035C,0,-1.4256785,0.09137947857379913,0.9350649118423462,0.9307931065559387
YPL227C,YOR323C,0,-1.4269918,0.09137056022882462,0.9350649118423462,0.930893063545227
YNL314W,YPR060C,0,-1.4271108,0.0913616418838501,0.9350649118423462,0.9309930801391602
YBL076C,YIL044C,0,-1.4272654,0.09135272353887558,0.9350649118423462,0.9310930967330933
YLR128W,YMR070W,0,-1.4273344,0.09134380519390106,0.9350649118423462,0.9311931133270264
YER114C,YBR251W,0,-1.4274188,0.09133489429950714,0.9350649118423462,0.9312931299209595
YDL078C,YDL222C,0,-1.4281008,0.09132598340511322,0.9350649118423462,0.9313931465148926
YNL007C,YMR250W,0,-1.4283979,0.0913170725107193,0.9350649118423462,0.9314931631088257
YMR214W,YDR461W,0,-1.4284691,0.09130816161632538,0.9350649118423462,0.9315931797027588
YLR154C,YNL229C,0,-1.4284995,0.09129925817251205,0.9350649118423462,0.9316931962966919
YOR382W,YAL047C,0,-1.4290425,0.09129035472869873,0.9350649118423462,0.9317931532859802
YKL100C,YHR028C,0,-1.4290687,0.0912814512848854,0.9350649118423462,0.9318931698799133
YKL046C,YML027W,0,-1.4291757,0.09127254784107208,0.9350649118423462,0.9319931864738464
YJR126C,YMR188C,0,-1.4294053,0.09126365184783936,0.9350649118423462,0.9320932030677795
YER021W,YKL092C,0,-1.4298391,0.09125475585460663,0.9350649118423462,0.9321932196617126
YLR448W,YMR061W,0,-1.4304491,0.0912458598613739,0.9350649118423462,0.9322932362556458
YIL122W,YHR029C,0,-1.4310924,0.09123696386814117,0.9350649118423462,0.9323932528495789
YER141W,YBR237W,0,-1.4311062,0.09122806787490845,0.9350649118423462,0.932493269443512
YJR076C,YIR009W,0,-1.4311866,0.09121917933225632,0.9350649118423462,0.9325932860374451
YER142C,YGR143W,1,-1.4316566,0.09130773693323135,0.9360639452934265,0.9325932860374451
YMR201C,YOR036W,0,-1.4317529,0.09129884093999863,0.9360639452934265,0.9326932430267334
YHR002W,YDR479C,0,-1.4317828,0.0912899449467659,0.9360639452934265,0.9327932596206665
YIL031W,YDR050C,0,-1.4318459,0.09128104895353317,0.9360639452934265,0.9328932762145996
YHR065C,YDL051W,0,-1.4319072,0.09127216041088104,0.9360639452934265,0.9329932928085327
YOL109W,YLR251W,0,-1.431975,0.09126327186822891,0.9360639452934265,0.9330933094024658
YOL125W,YDR050C,0,-1.4320927,0.09125438332557678,0.9360639452934265,0.9331933259963989
YDR392W,YOR039W,0,-1.4321245,0.09124549478292465,0.9360639452934265,0.933293342590332
YPL051W,YOR022C,0,-1.432201,0.09123661369085312,0.9360639452934265,0.9333933591842651
YIR022W,YGR241C,0,-1.4322851,0.09122772514820099,0.9360639452934265,0.9334933757781982
YNL079C,YKR019C,0,-1.4328176,0.09121884405612946,0.9360639452934265,0.9335933327674866
YLR408C,YML121W,0,-1.433126,0.09120997041463852,0.9360639452934265,0.9336933493614197
YCL020W,YER172C,0,-1.4332975,0.09120108932256699,0.9360639452934265,0.9337933659553528
YDR001C,YDR371W,1,-1.4343075,0.09128953516483307,0.9370629191398621,0.9337933659553528
YKR066C,YBR082C,0,-1.4343239,0.09128065407276154,0.9370629191398621,0.9338933825492859
YMR139W,YLR139C,0,-1.4354888,0.09127177298069,0.9370629191398621,0.933993399143219
YGR200C,YGL237C,0,-1.4356363,0.09126289188861847,0.9370629191398621,0.9340934157371521
YNL256W,YEL029C,0,-1.4359831,0.09125401079654694,0.9370629191398621,0.9341934323310852
YER098W,YMR160W,0,-1.4359909,0.091245137155056,0.9370629191398621,0.9342934489250183
YGR070W,YGR247W,0,-1.4361178,0.09123626351356506,0.9370629191398621,0.9343934655189514
YJL111W,YGR132C,0,-1.436247,0.09122738987207413,0.9370629191398621,0.9344934225082397
YER007W,YOL045W,0,-1.4367286,0.09121851623058319,0.9370629191398621,0.9345934391021729
YJL071W,YIL127C,0,-1.4368861,0.09120964258909225,0.9370629191398621,0.934693455696106
YGL237C,YPL181W,0,-1.4370497,0.09120077639818192,0.9370629191398621,0.9347934722900391
YLR378C,YOL129W,0,-1.4374832,0.09119191020727158,0.9370629191398621,0.9348934888839722
YDR022C,YGL095C,0,-1.4376067,0.09118304401636124,0.9370629191398621,0.9349935054779053
YML060W,YLR144C,1,-1.4377847,0.09127138555049896,0.9380619525909424,0.9349935054779053
YIL006W,YBR278W,0,-1.4379276,0.09126251190900803,0.9380619525909424,0.9350935220718384
YKL034W,YCR092C,0,-1.4386322,0.09125364571809769,0.9380619525909424,0.9351935386657715
YBR096W,YDL055C,0,-1.4386344,0.09124477952718735,0.9380619525909424,0.9352935552597046
YKL103C,YNL310C,0,-1.4387031,0.09123591333627701,0.9380619525909424,0.9353935122489929
YDR403W,YNR026C,0,-1.439191,0.09122704714536667,0.9380619525909424,0.935493528842926
YLR450W,YIL002C,0,-1.4396216,0.09121818840503693,0.9380619525909424,0.9355935454368591
YDL195W,YOL030W,0,-1.4396602,0.09120932221412659,0.9380619525909424,0.9356935620307922
YDR498C,YHR003C,0,-1.4398865,0.09120046347379684,0.9380619525909424,0.9357935786247253
YDL069C,YMR305C,0,-1.4400678,0.0911916121840477,0.9380619525909424,0.9358935952186584
YEL052W,YDR116C,0,-1.4403503,0.09118275344371796,0.9380619525909424,0.9359936118125916
YJL140W,YNL115C,0,-1.4405471,0.09117390215396881,0.9380619525909424,0.9360936284065247
YER001W,YBR102C,0,-1.440683,0.09116505086421967,0.9380619525909424,0.9361936450004578
YJL034W,YLR166C,0,-1.4406899,0.09115619957447052,0.9380619525909424,0.9362936019897461
YGR028W,YPL150W,0,-1.4408697,0.09114734828472137,0.9380619525909424,0.9363936185836792
YBR202W,YBL041W,0,-1.4408861,0.09113850444555283,0.9380619525909424,0.9364936351776123
YER122C,YDR050C,0,-1.4416127,0.09112966060638428,0.9380619525909424,0.9365936517715454
YOL043C,YLR057W,1,-1.4427034,0.09121785312891006,0.9390609264373779,0.9365936517715454
YJL144W,YGR154C,0,-1.4428408,0.09120900183916092,0.9390609264373779,0.9366936683654785
YGR143W,YJR070C,0,-1.4429361,0.09120015799999237,0.9390609264373779,0.9367936849594116
YOL070C,YIR025W,0,-1.4431686,0.09119130671024323,0.9390609264373779,0.9368937015533447
YER026C,YGL254W,0,-1.4436041,0.09118246287107468,0.9390609264373779,0.9369937181472778
YML006C,YIL015W,0,-1.4436499,0.09117361903190613,0.9390609264373779,0.9370937347412109
YNL327W,YLR300W,1,-1.4452835,0.09126175940036774,0.9400599598884583,0.9370937347412109
YNL327W,YLR286C,1,-1.4453611,0.09134988486766815,0.9410589337348938,0.9370937347412109
YBR001C,YDL197C,0,-1.4455403,0.09134102612733841,0.9410589337348938,0.9371936917304993
YLR390W,YJR113C,0,-1.4456724,0.09133216738700867,0.9410589337348938,0.9372937083244324
YJL108C,YKR006C,0,-1.4457408,0.09132331609725952,0.9410589337348938,0.9373937249183655
YOL019W,YER070W,0,-1.4458286,0.09131446480751038,0.9410589337348938,0.9374937415122986
YNL007C,YGR277C,0,-1.4460322,0.09130561351776123,0.9410589337348938,0.9375937581062317
YOR371C,YBR103W,0,-1.446903,0.09129676222801208,0.9410589337348938,0.9376937747001648
YGR271W,YHR063C,0,-1.447061,0.09128791838884354,0.9410589337348938,0.9377937912940979
YGR279C,YJR153W,1,-1.4474005,0.09137596935033798,0.9420579671859741,0.9377937912940979
YER141W,YOR348C,0,-1.4477179,0.09136711806058884,0.9420579671859741,0.937893807888031
YLR301W,YNL192W,0,-1.448315,0.09135826677083969,0.9420579671859741,0.9379938244819641
YJL008C,YGR013W,0,-1.448588,0.09134941548109055,0.9420579671859741,0.9380937814712524
YKL096W-A,YNL026W,0,-1.448617,0.0913405641913414,0.9420579671859741,0.9381937980651855
YDR279W,YKL135C,0,-1.4486569,0.09133172035217285,0.9420579671859741,0.9382938146591187
YER150W,YFL013C,0,-1.4486945,0.0913228765130043,0.9420579671859741,0.9383938312530518
YKR019C,YOR115C,0,-1.448696,0.09131403267383575,0.9420579671859741,0.9384938478469849
YDR400W,YLR300W,1,-1.4488544,0.09140201658010483,0.9430569410324097,0.9384938478469849
YMR054W,YLR246W,0,-1.448917,0.09139316529035568,0.9430569410324097,0.938593864440918
YDR394W,YJR107W,0,-1.4491553,0.09138431400060654,0.9430569410324097,0.9386938810348511
YKL094W,YDR332W,0,-1.4494078,0.09137547016143799,0.9430569410324097,0.9387938976287842
YMR023C,YPL002C,0,-1.4496845,0.09136662632226944,0.9430569410324097,0.9388939142227173
YNL270C,YJL042W,0,-1.4496864,0.09135778248310089,0.9430569410324097,0.9389938712120056
YDR363W,YOR278W,0,-1.4513682,0.09134894609451294,0.9430569410324097,0.9390938878059387
YBR276C,YLR368W,0,-1.4513797,0.09134010970592499,0.9430569410324097,0.9391939043998718
YKL112W,YJR138W,0,-1.4514904,0.09133126586675644,0.9430569410324097,0.9392939209938049
YNR067C,YLR300W,1,-1.4520714,0.09141917526721954,0.9440559148788452,0.9392939209938049
YKL074C,YOR228C,0,-1.4522494,0.091410331428051,0.9440559148788452,0.939393937587738
YHR069C,YJR065C,0,-1.4526228,0.09140148758888245,0.9440559148788452,0.9394939541816711
YIL101C,YLR216C,0,-1.4526552,0.0913926512002945,0.9440559148788452,0.9395939707756042
YGR189C,YHR204W,1,-1.452751,0.09148051589727402,0.9450549483299255,0.9395939707756042
YER030W,YIR017C,0,-1.4529673,0.09147167205810547,0.9450549483299255,0.9396939873695374
YGL027C,YDR371W,1,-1.4531521,0.0915595069527626,0.9460539221763611,0.9396939873695374
YDL029W,YLR025W,0,-1.4531603,0.09155065566301346,0.9460539221763611,0.9397940039634705
YDR492W,YKL009W,0,-1.4534413,0.09154180437326431,0.9460539221763611,0.9398939609527588
YDL202W,YPL099C,0,-1.4535443,0.09153296053409576,0.9460539221763611,0.9399939775466919
YNL047C,YDR171W,0,-1.4539579,0.09152411669492722,0.9460539221763611,0.940093994140625
YBR001C,YGR143W,1,-1.4548653,0.09161190688610077,0.9470529556274414,0.940093994140625
YJR127C,YAL021C,0,-1.455573,0.09160305559635162,0.9470529556274414,0.9401940107345581
YDL010W,YJR098C,0,-1.4562471,0.09159420430660248,0.9470529556274414,0.9402940273284912
YGR238C,YMR160W,0,-1.4563781,0.09158535301685333,0.9470529556274414,0.9403940439224243
YLR421C,YIL134W,0,-1.4568915,0.09157650917768478,0.9470529556274414,0.9404940605163574
YCR054C,YDR524C,0,-1.4569819,0.09156765788793564,0.9470529556274414,0.9405940771102905
YDL185W,YOR224C,0,-1.4575431,0.09155882149934769,0.9470529556274414,0.9406940937042236
YNL007C,YML042W,0,-1.4580134,0.09154997766017914,0.9470529556274414,0.940794050693512
YDL007W,YHR030C,0,-1.4586912,0.09154113382101059,0.9470529556274414,0.9408940672874451
YDR410C,YDR416W,0,-1.458803,0.09153229743242264,0.9470529556274414,0.9409940838813782
YIL108W,YGL257C,0,-1.4588095,0.09152346104383469,0.9470529556274414,0.9410941004753113
YCR020C,YNL273W,0,-1.4589565,0.09151462465524673,0.9470529556274414,0.9411941170692444
YBR096W,YOR046C,0,-1.4596164,0.09150578826665878,0.9470529556274414,0.9412941336631775
YML064C,YDL101C,0,-1.4597818,0.09149695932865143,0.9470529556274414,0.9413941502571106
YGL185C,YLR132C,0,-1.459923,0.09148813039064407,0.9470529556274414,0.9414941668510437
YNL314W,YDR485C,0,-1.4604608,0.09147930145263672,0.9470529556274414,0.9415941834449768
YOR064C,YGL208W,0,-1.4611691,0.09147047251462936,0.9470529556274414,0.9416941404342651
YAL016W,YER021W,0,-1.4613066,0.0914616510272026,0.9470529556274414,0.9417941570281982
YNL218W,YDR210W,0,-1.4614613,0.09145282953977585,0.9470529556274414,0.9418941736221313
YBL006C,YLR032W,0,-1.4615823,0.09144400805234909,0.9470529556274414,0.9419941902160645
YIL063C,YER058W,0,-1.463996,0.09143518656492233,0.9470529556274414,0.9420942068099976
YMR044W,YOR054C,0,-1.4640266,0.09142636507749557,0.9470529556274414,0.9421942234039307
YGL106W,YAL020C,0,-1.4640534,0.09141755104064941,0.9470529556274414,0.9422942399978638
YNL096C,YBL018C,0,-1.4642233,0.09140873700380325,0.9470529556274414,0.9423942565917969
YBR081C,YKL012W,0,-1.464605,0.09139992296695709,0.9470529556274414,0.94249427318573
YGL137W,YHR023W,0,-1.4648529,0.09139110893011093,0.9470529556274414,0.9425942301750183
YOR234C,YDR055W,0,-1.4652942,0.09138230234384537,0.9470529556274414,0.9426942467689514
YGR132C,YJL046W,0,-1.4653592,0.0913734957575798,0.9470529556274414,0.9427942633628845
YGL174W,YDR519W,0,-1.4655936,0.09136468917131424,0.9470529556274414,0.9428942799568176
YKL009W,YJL109C,0,-1.4661833,0.09135588258504868,0.9470529556274414,0.9429942965507507
YMR024W,YEL062W,0,-1.4663067,0.09134708344936371,0.9470529556274414,0.9430943131446838
YMR297W,YGR206W,0,-1.4664475,0.09133827686309814,0.9470529556274414,0.9431943297386169
YJR059W,YDR466W,0,-1.4669442,0.09132947772741318,0.9470529556274414,0.94329434633255
YLR144C,YML021C,1,-1.46776,0.09141701459884644,0.948051929473877,0.94329434633255
YFL034C-B,YBL018C,0,-1.4681336,0.09140820801258087,0.948051929473877,0.9433943629264832
YMR049C,YPR186C,0,-1.4686428,0.09139940142631531,0.948051929473877,0.9434943199157715
YCR043C,YKR019C,0,-1.4687209,0.09139060229063034,0.948051929473877,0.9435943365097046
YPL258C,YML006C,0,-1.4687309,0.09138180315494537,0.948051929473877,0.9436943531036377
YDR162C,YGL244W,0,-1.4689232,0.0913730040192604,0.948051929473877,0.9437943696975708
YDR400W,YHR204W,1,-1.4692503,0.09146048128604889,0.9490509629249573,0.9437943696975708
YBR217W,YGL084C,0,-1.4699706,0.09145167469978333,0.9490509629249573,0.9438943862915039
YHR004C,YPR025C,0,-1.4701042,0.09144287556409836,0.9490509629249573,0.943994402885437
YNR054C,YOL072W,0,-1.4706556,0.0914340689778328,0.9490509629249573,0.9440944194793701
YMR214W,YLR064W,0,-1.4707421,0.09142526984214783,0.9490509629249573,0.9441944360733032
YOR151C,YJR064W,0,-1.470908,0.09141647070646286,0.9490509629249573,0.9442944526672363
YPL003W,YKR086W,0,-1.4712687,0.09140767902135849,0.9490509629249573,0.9443944096565247
YIR025W,YBR154C,0,-1.4712936,0.09139888733625412,0.9490509629249573,0.9444944262504578
YML014W,YLR314C,0,-1.4716872,0.09139008820056915,0.9490509629249573,0.9445944428443909
YIR007W,YLR057W,1,-1.4717416,0.09147749096155167,0.9500499367713928,0.9445944428443909
YDL132W,YOR290C,0,-1.4717457,0.0914686918258667,0.9500499367713928,0.944694459438324
YML060W,YDR001C,1,-1.4722449,0.09155606478452682,0.9510489702224731,0.944694459438324
YLR270W,YCL061C,0,-1.4724623,0.09154726564884186,0.9510489702224731,0.9447944760322571
YOR231W,YMR113W,0,-1.4726245,0.0915384590625763,0.9510489702224731,0.9448944926261902
YLL003W,YJR133W,0,-1.472912,0.09152965992689133,0.9510489702224731,0.9449945092201233
YBR139W,YML015C,0,-1.4729804,0.09152086079120636,0.9510489702224731,0.9450945258140564
YJR131W,YDR400W,1,-1.4734114,0.0916081890463829,0.9520479440689087,0.9450945258140564
YNL304W,YDR138W,0,-1.4734837,0.09159938246011734,0.9520479440689087,0.9451945424079895
YGL014W,YPL093W,0,-1.4736437,0.09159058332443237,0.9520479440689087,0.9452945590019226
YIL140W,YNL064C,0,-1.4744943,0.09158177673816681,0.9520479440689087,0.9453945159912109
YKR056W,YGL123W,0,-1.4748741,0.09157297760248184,0.9520479440689087,0.945494532585144
YBR022W,YBR098W,0,-1.4752363,0.09156417846679688,0.9520479440689087,0.9455945491790771
YER122C,YPL208W,0,-1.4753011,0.0915553867816925,0.9520479440689087,0.9456945657730103
YNL280C,YOR061W,0,-1.4754971,0.09154658764600754,0.9520479440689087,0.9457945823669434
YDR067C,YDL155W,0,-1.4757951,0.09153779596090317,0.9520479440689087,0.9458945989608765
YGR279C,YLR057W,1,-1.4768571,0.09162504971027374,0.953046977519989,0.9458945989608765
YMR190C,YBR142W,0,-1.4769762,0.09161625057458878,0.953046977519989,0.9459946155548096
YBR166C,YJR007W,0,-1.477151,0.09160745143890381,0.953046977519989,0.9460946321487427
YHR065C,YNL131W,0,-1.4772592,0.09159865230321884,0.953046977519989,0.9461946487426758
YGR023W,YDR466W,0,-1.4782438,0.09158986061811447,0.953046977519989,0.9462946057319641
YOL038W,YKL135C,0,-1.4786206,0.0915810689330101,0.953046977519989,0.9463946223258972
YJL191W,YDR414C,0,-1.4787033,0.09157227724790573,0.953046977519989,0.9464946389198303
YOR094W,YHR012W,0,-1.4790262,0.09156349301338196,0.953046977519989,0.9465946555137634
YCR039C,YPR183W,0,-1.4792852,0.09155470132827759,0.953046977519989,0.9466946721076965
YFL047W,YDR400W,0,-1.4796557,0.09154591709375381,0.953046977519989,0.9467946887016296
YOL070C,YKL007W,0,-1.4800195,0.09153713285923004,0.953046977519989,0.9468947052955627
YAL005C,YOR313C,0,-1.4804466,0.09152834862470627,0.953046977519989,0.9469947218894958
YHR141C,YOL158C,0,-1.4804596,0.09151957184076309,0.953046977519989,0.947094738483429
YPL112C,YNL079C,0,-1.4804616,0.09151079505681992,0.953046977519989,0.9471946954727173
YGL038C,YJL092W,0,-1.481104,0.09150201082229614,0.953046977519989,0.9472947120666504
YOR085W,YDR519W,0,-1.48117,0.09149324148893356,0.953046977519989,0.9473947286605835
YDR499W,YMR090W,0,-1.4812995,0.09148446470499039,0.953046977519989,0.9474947452545166
YFR044C,YCL050C,0,-1.4815247,0.09147569537162781,0.953046977519989,0.9475947618484497
YBR215W,YBL097W,0,-1.4825261,0.09146692603826523,0.953046977519989,0.9476947784423828
YDR511W,YJR057W,0,-1.4825377,0.09145815670490265,0.953046977519989,0.9477947950363159
YLR423C,YOR288C,0,-1.4828727,0.09144938737154007,0.953046977519989,0.947894811630249
YMR292W,YDR128W,0,-1.4830587,0.09144061803817749,0.953046977519989,0.9479948282241821
YKL007W,YOR038C,0,-1.4834021,0.09143185615539551,0.953046977519989,0.9480947852134705
YJL074C,YDR255C,0,-1.483658,0.09142309427261353,0.953046977519989,0.9481948018074036
YNL265C,YOL049W,0,-1.484472,0.09141433238983154,0.953046977519989,0.9482948184013367
YDR341C,YOL021C,0,-1.4845017,0.09140557795763016,0.953046977519989,0.9483948349952698
YJL014W,YLR300W,0,-1.4859291,0.09139681607484818,0.953046977519989,0.9484948515892029
YBR135W,YDR518W,0,-1.4862211,0.09138806164264679,0.953046977519989,0.948594868183136
YLL050C,YKL154W,0,-1.4865862,0.0913793072104454,0.953046977519989,0.9486948847770691
YMR008C,YMR161W,0,-1.486846,0.09137056022882462,0.953046977519989,0.9487949013710022
YLR050C,YPL143W,0,-1.4875668,0.09136180579662323,0.953046977519989,0.9488949179649353
YER144C,YPL094C,0,-1.4876317,0.09135305881500244,0.953046977519989,0.9489948749542236
YDR404C,YMR200W,0,-1.4880222,0.09134431183338165,0.953046977519989,0.9490948915481567
YOL094C,YMR077C,0,-1.4880489,0.09133556485176086,0.953046977519989,0.9491949081420898
YOR278W,YPR191W,0,-1.4883739,0.09132682532072067,0.953046977519989,0.949294924736023
YPL154C,YLL009C,0,-1.4884473,0.09131807833909988,0.953046977519989,0.949394941329956
YJL190C,YKL178C,0,-1.4897467,0.09130933880805969,0.953046977519989,0.9494949579238892
YBR231C,YDR096W,0,-1.4898795,0.0913005992770195,0.953046977519989,0.9495949745178223
YJL056C,YPR144C,0,-1.490064,0.0912918671965599,0.953046977519989,0.9496949911117554
YDR462W,YDR494W,0,-1.490256,0.09128312766551971,0.953046977519989,0.9497950077056885
YLL032C,YCR057C,0,-1.4903456,0.09127439558506012,0.953046977519989,0.9498949646949768
YML060W,YLR300W,1,-1.4905523,0.09136132895946503,0.9540459513664246,0.9498949646949768
YDR254W,YFR018C,0,-1.4907211,0.09135258942842484,0.9540459513664246,0.9499949812889099
YLR275W,YPR178W,0,-1.4909445,0.09134385734796524,0.9540459513664246,0.950094997882843
YPL091W,YOL088C,0,-1.4910188,0.09133511781692505,0.9540459513664246,0.9501950144767761
YOL086C,YJR013W,0,-1.4910527,0.09132638573646545,0.9540459513664246,0.9502950310707092
YKL195W,YML042W,0,-1.4912862,0.09131765365600586,0.9540459513664246,0.9503950476646423
YGR207C,YNR057C,0,-1.4913249,0.09130892157554626,0.9540459513664246,0.9504950642585754
YDR171W,YNL273W,0,-1.4914529,0.09130018949508667,0.9540459513664246,0.9505950808525085
YNL047C,YJR107W,0,-1.4915818,0.09129146486520767,0.9540459513664246,0.9506950974464417
YDR353W,YKL012W,0,-1.4926593,0.09128274023532867,0.9540459513664246,0.95079505443573
YEL062W,YLR117C,0,-1.492934,0.09127401560544968,0.9540459513664246,0.9508950710296631
YDL188C,YOR287C,0,-1.4931172,0.09126529097557068,0.9540459513664246,0.9509950876235962
YBR207W,YLR163C,0,-1.4934577,0.09125656634569168,0.9540459513664246,0.9510951042175293
YGL160W,YOR198C,0,-1.493771,0.09124784916639328,0.9540459513664246,0.9511951208114624
YOL125W,YPL157W,0,-1.494094,0.09123913198709488,0.9540459513664246,0.9512951374053955
YNL129W,YPR140W,0,-1.4943029,0.09123041480779648,0.9540459513664246,0.9513951539993286
YLR398C,YNL222W,0,-1.4946392,0.09122170507907867,0.9540459513664246,0.9514951705932617
YNL327W,YDR400W,1,-1.4953227,0.09130849689245224,0.9550449848175049,0.9514951705932617
YEL012W,YHR004C,0,-1.4953791,0.09129977971315384,0.9550449848175049,0.9515951871871948
YHR045W,YCL043C,0,-1.4962867,0.09129106253385544,0.9550449848175049,0.9516951441764832
YDR083W,YBR104W,0,-1.4963783,0.09128234535455704,0.9550449848175049,0.9517951607704163
YPL154C,YBL026W,0,-1.4965636,0.09127362817525864,0.9550449848175049,0.9518951773643494
YBL006C,YMR284W,0,-1.4967097,0.09126491844654083,0.9550449848175049,0.9519951939582825
YDL192W,YLR026C,0,-1.4971167,0.09125620126724243,0.9550449848175049,0.9520952105522156
YGR014W,YER082C,0,-1.497197,0.09124749153852463,0.9550449848175049,0.9521952271461487
YNL066W,YLR300W,1,-1.4972724,0.09133422374725342,0.9560439586639404,0.9521952271461487
YPL240C,YHR067W,0,-1.4974372,0.09132550656795502,0.9560439586639404,0.9522952437400818
YLR219W,YDR167W,0,-1.497743,0.09131679683923721,0.9560439586639404,0.9523952603340149
YER012W,YDL005C,0,-1.4981707,0.09130807965993881,0.9560439586639404,0.952495276927948
YJL030W,YPL237W,0,-1.4982332,0.09129936993122101,0.9560439586639404,0.9525952339172363
YOR126C,YNL079C,0,-1.4984947,0.0912906602025032,0.9560439586639404,0.9526952505111694
YKL218C,YBR059C,0,-1.498896,0.0912819504737854,0.9560439586639404,0.9527952671051025
YOR245C,YNL242W,0,-1.4989127,0.0912732481956482,0.9560439586639404,0.9528952836990356
YNL098C,YOR074C,0,-1.4991482,0.09126454591751099,0.9560439586639404,0.9529953002929688
YOL049W,YPR187W,0,-1.4995984,0.09125584363937378,0.9560439586639404,0.9530953168869019
YMR199W,YOL041C,0,-1.4996891,0.09124714136123657,0.9560439586639404,0.953195333480835
YGL027C,YML021C,1,-1.4999093,0.0913337767124176,0.957042932510376,0.953195333480835
YLR088W,YHR121W,0,-1.50058,0.0913250744342804,0.957042932510376,0.9532953500747681
YLR144C,YDR371W,1,-1.5015215,0.09141168743371964,0.9580419659614563,0.9532953500747681
YCR042C,YGR026W,0,-1.5015222,0.09140297025442123,0.9580419659614563,0.9533953666687012
YBR171W,YIR008C,0,-1.5019916,0.09139426052570343,0.9580419659614563,0.9534953236579895
YDR477W,YPL124W,0,-1.5022558,0.09138555079698563,0.9580419659614563,0.9535953402519226
YBL041W,YJL123C,0,-1.5023993,0.09137684851884842,0.9580419659614563,0.9536953568458557
YGL012W,YOL158C,0,-1.5025812,0.09136813879013062,0.9580419659614563,0.9537953734397888
YEL071W,YJR101W,0,-1.50291,0.09135943651199341,0.9580419659614563,0.9538953900337219
YOL016C,YNL097C,0,-1.5034667,0.0913507342338562,0.9580419659614563,0.953995406627655
YOR368W,YMR075W,0,-1.5047227,0.091342031955719,0.9580419659614563,0.9540954232215881
YGR106C,YLR452C,0,-1.5047619,0.09133332967758179,0.9580419659614563,0.9541954398155212
YKL160W,YDR486C,0,-1.5057732,0.09132463485002518,0.9580419659614563,0.9542954564094543
YOR176W,YKR042W,0,-1.5059035,0.09131594002246857,0.9580419659614563,0.9543954133987427
YGR071C,YDR059C,0,-1.5065669,0.09130724519491196,0.9580419659614563,0.9544954299926758
YML015C,YMR200W,0,-1.506811,0.09129855036735535,0.9580419659614563,0.9545954465866089
YDL052C,YNL197C,0,-1.5071012,0.09128986299037933,0.9580419659614563,0.954695463180542
YER036C,YDR352W,0,-1.5071275,0.09128117561340332,0.9580419659614563,0.9547954797744751
YCR093W,YOR336W,0,-1.5074946,0.09127248823642731,0.9580419659614563,0.9548954963684082
YKL027W,YDR348C,0,-1.507605,0.0912638008594513,0.9580419659614563,0.9549955129623413
YGR229C,YER090W,0,-1.5076795,0.09125511348247528,0.9580419659614563,0.9550955295562744
YGL163C,YBR257W,0,-1.5079237,0.09124643355607986,0.9580419659614563,0.9551955461502075
YKR102W,YGR006W,0,-1.5083536,0.09123775362968445,0.9580419659614563,0.9552955031394958
YGL023C,YBR195C,0,-1.5089825,0.09122907370328903,0.9580419659614563,0.955395519733429
YLR266C,YNL185C,0,-1.5092171,0.09122039377689362,0.9580419659614563,0.9554955363273621
YBL105C,YOR038C,0,-1.5093462,0.0912117213010788,0.9580419659614563,0.9555955529212952
YPR103W,YER151C,0,-1.509479,0.09120304137468338,0.9580419659614563,0.9556955695152283
YPR075C,YLL008W,0,-1.5098618,0.09119436889886856,0.9580419659614563,0.9557955861091614
YLR447C,YGL099W,0,-1.510049,0.09118569642305374,0.9580419659614563,0.9558956027030945
YHR011W,YDR173C,0,-1.5100973,0.09117703139781952,0.9580419659614563,0.9559956192970276
YDR253C,YKL046C,0,-1.5102069,0.0911683589220047,0.9580419659614563,0.9560956358909607
YGL156W,YOL043C,1,-1.5107197,0.09125475585460663,0.9590409398078918,0.9560956358909607
YJL002C,YGL039W,0,-1.5108445,0.09124607592821121,0.9590409398078918,0.956195592880249
YLR144C,YBR282W,0,-1.5110034,0.09123741090297699,0.9590409398078918,0.9562956094741821
YGL059W,YLR147C,0,-1.5116043,0.09122873842716217,0.9590409398078918,0.9563956260681152
YNL182C,YAL012W,0,-1.5120665,0.09122006595134735,0.9590409398078918,0.9564956426620483
YGL027C,YDR400W,1,-1.5123345,0.0913064107298851,0.9600399732589722,0.9564956426620483
YKL112W,YMR137C,0,-1.5124686,0.09129773825407028,0.9600399732589722,0.9565956592559814
YNL327W,YKL046C,1,-1.5125691,0.09138406068086624,0.9610389471054077,0.9565956592559814
YML077W,YJL076W,0,-1.5135754,0.09137538075447083,0.9610389471054077,0.9566956758499146
YJL111W,YOL129W,0,-1.5138067,0.09136670082807541,0.9610389471054077,0.9567956924438477
YBL101C,YDR073W,0,-1.5140162,0.09135802835226059,0.9610389471054077,0.9568957090377808
YJL117W,YBL061C,0,-1.5141076,0.09134934842586517,0.9610389471054077,0.9569957256317139
YDR202C,YDR054C,0,-1.5141139,0.09134067595005035,0.9610389471054077,0.9570956826210022
YNR070W,YKL071W,0,-1.5149213,0.09133200347423553,0.9610389471054077,0.9571956992149353
YDR079W,YPL164C,0,-1.5151453,0.09132333099842072,0.9610389471054077,0.9572957158088684
YHR166C,YGL244W,0,-1.5153388,0.09131466597318649,0.9610389471054077,0.9573957324028015
YBL055C,YOL038W,0,-1.515392,0.09130600094795227,0.9610389471054077,0.9574957489967346
YJR082C,YDR478W,0,-1.5156282,0.09129733592271805,0.9610389471054077,0.9575957655906677
YPR167C,YEL063C,0,-1.5167352,0.09128867089748383,0.9610389471054077,0.9576957821846008
YDR454C,YFR055W,0,-1.5172815,0.0912800058722496,0.9610389471054077,0.9577957987785339
YOR067C,YBR104W,0,-1.5177819,0.09127134829759598,0.9610389471054077,0.957895815372467
YMR068W,YFL044C,0,-1.517822,0.09126269072294235,0.9610389471054077,0.9579957723617554
YGL019W,YBR290W,0,-1.5182785,0.09125403314828873,0.9610389471054077,0.9580957889556885
YER162C,YDR104C,0,-1.518487,0.0912453755736351,0.9610389471054077,0.9581958055496216
YGL186C,YNL102W,0,-1.5188913,0.09123672544956207,0.9610389471054077,0.9582958221435547
YDL231C,YOL026C,0,-1.5191103,0.09122806787490845,0.9610389471054077,0.9583958387374878
YOR036W,YJR036C,0,-1.519124,0.09121941775083542,0.9610389471054077,0.9584958553314209
YNL321W,YOR043W,0,-1.5193557,0.09121076762676239,0.9610389471054077,0.958595871925354
YKL221W,YPR185W,0,-1.5193603,0.09120212495326996,0.9610389471054077,0.9586958885192871
YDR018C,YGL153W,0,-1.519485,0.09119347482919693,0.9610389471054077,0.9587959051132202
YAR018C,YFL029C,0,-1.5195053,0.0911848321557045,0.9610389471054077,0.9588958621025085
YJL099W,YBL050W,0,-1.5197786,0.09117618948221207,0.9610389471054077,0.9589958786964417
YGR234W,YHR047C,0,-1.5198079,0.09116755425930023,0.9610389471054077,0.9590958952903748
YOL090W,YOR232W,0,-1.520306,0.0911589115858078,0.9610389471054077,0.9591959118843079
YBR229C,YOL043C,1,-1.5206758,0.09124502539634705,0.962037980556488,0.9591959118843079
YNL116W,YJL138C,0,-1.5207615,0.09123638272285461,0.962037980556488,0.959295928478241
YDR480W,YLR139C,0,-1.5213293,0.09122774004936218,0.962037980556488,0.9593959450721741
YMR119W,YLR368W,0,-1.5215846,0.09121909737586975,0.962037980556488,0.9594959616661072
YGR020C,YKR019C,0,-1.5218095,0.09121045470237732,0.962037980556488,0.9595959782600403
YLR421C,YKL206C,0,-1.522277,0.09120181947946548,0.962037980556488,0.9596959948539734
YCL055W,YBR213W,0,-1.5223671,0.09119318425655365,0.962037980556488,0.9597959518432617
YNR046W,YJL121C,0,-1.5226089,0.09118454903364182,0.962037980556488,0.9598959684371948
YOR138C,YNL227C,0,-1.522695,0.09117591381072998,0.962037980556488,0.9599959850311279
YER006W,YJL125C,0,-1.5232219,0.09116727858781815,0.962037980556488,0.960096001625061
YBR166C,YOR046C,0,-1.5233506,0.09115865081548691,0.962037980556488,0.9601960182189941
YDR113C,YIR023W,0,-1.5233532,0.09115002304315567,0.962037980556488,0.9602960348129272
YMR201C,YGR262C,0,-1.5238014,0.09114139527082443,0.962037980556488,0.9603960514068604
YLR309C,YOR066W,0,-1.5239557,0.09113277494907379,0.962037980556488,0.9604960680007935
YGR113W,YML104C,0,-1.5245215,0.09112414717674255,0.962037980556488,0.9605960845947266
YFR007W,YLR327C,0,-1.5245974,0.09111552685499191,0.962037980556488,0.9606960415840149
YFL036W,YJR090C,0,-1.5251125,0.09110690653324127,0.962037980556488,0.960796058177948
YKL046C,YHR204W,1,-1.525616,0.09119288623332977,0.9630369544029236,0.960796058177948
YMR026C,YIL091C,0,-1.5258659,0.09118425846099854,0.9630369544029236,0.9608960747718811
YPL194W,YAL047C,0,-1.5259627,0.0911756381392479,0.9630369544029236,0.9609960913658142
YPR072W,YDL161W,0,-1.5260084,0.09116701036691666,0.9630369544029236,0.9610961079597473
YCL004W,YBR274W,0,-1.5264553,0.09115839004516602,0.9630369544029236,0.9611961245536804
YGL113W,YPL124W,0,-1.5273229,0.09114976972341537,0.9630369544029236,0.9612961411476135
YDL074C,YFL033C,0,-1.5284835,0.09114115685224533,0.9630369544029236,0.9613961577415466
YGL145W,YLR105C,0,-1.5295099,0.09113253653049469,0.9630369544029236,0.9614961743354797
YGR188C,YPL002C,0,-1.5299634,0.09112392365932465,0.9630369544029236,0.9615961313247681
YDR473C,YDR352W,0,-1.5300003,0.0911153107881546,0.9630369544029236,0.9616961479187012
YMR068W,YGR277C,0,-1.5315149,0.09110669791698456,0.9630369544029236,0.9617961645126343
YDR473C,YJR119C,0,-1.5322131,0.09109809249639511,0.9630369544029236,0.9618961811065674
YKL154W,YDR326C,0,-1.5334325,0.09108947962522507,0.9630369544029236,0.9619961977005005
YIL160C,YDR055W,0,-1.5336267,0.09108087420463562,0.9630369544029236,0.9620962142944336
YOL044W,YNL006W,0,-1.5352126,0.09107226878404617,0.9630369544029236,0.9621962308883667
YGR105W,YKR036C,0,-1.5352222,0.09106367081403732,0.9630369544029236,0.9622962474822998
YFR006W,YLR154C,0,-1.5353335,0.09105506539344788,0.9630369544029236,0.9623962640762329
YLR396C,YGL022W,0,-1.5353965,0.09104646742343903,0.9630369544029236,0.9624962210655212
YMR228W,YHR003C,0,-1.5357751,0.09103786945343018,0.9630369544029236,0.9625962376594543
YKR044W,YGR123C,0,-1.5362269,0.09102927148342133,0.9630369544029236,0.9626962542533875
YIL124W,YDL044C,0,-1.5379318,0.09102068096399307,0.9630369544029236,0.9627962708473206
YKL126W,YMR210W,0,-1.5383158,0.09101208299398422,0.9630369544029236,0.9628962874412537
YMR315W,YDR353W,0,-1.538854,0.09100349247455597,0.9630369544029236,0.9629963040351868
YMR037C,YOR123C,0,-1.538886,0.09099490195512772,0.9630369544029236,0.9630963206291199
YDR067C,YLR109W,0,-1.5396118,0.09098631143569946,0.9630369544029236,0.963196337223053
YBR267W,YOR056C,0,-1.5399622,0.0909777283668518,0.9630369544029236,0.9632963538169861
YNL264C,YJR036C,0,-1.5407895,0.09096914529800415,0.9630369544029236,0.9633963108062744
YKL117W,YGL071W,0,-1.5407927,0.0909605622291565,0.9630369544029236,0.9634963274002075
YJL062W,YOL149W,0,-1.5409621,0.09095197916030884,0.9630369544029236,0.9635963439941406
YNL315C,YKL012W,0,-1.5414712,0.09094339609146118,0.9630369544029236,0.9636963605880737
YDR044W,YDR252W,0,-1.5425714,0.09093482047319412,0.9630369544029236,0.9637963771820068
YKL064W,YMR171C,0,-1.5426711,0.09092623740434647,0.9630369544029236,0.9638963937759399
YMR152W,YDL215C,0,-1.5431563,0.0909176617860794,0.9630369544029236,0.963996410369873
YLR447C,YIL138C,0,-1.5434492,0.09090909361839294,0.9630369544029236,0.9640964269638062
YLR238W,YJL154C,0,-1.5439001,0.09090051800012589,0.9630369544029236,0.9641964435577393
YDR473C,YOL030W,0,-1.5459722,0.09089194983243942,0.9630369544029236,0.9642964005470276
YKL056C,YKL018W,0,-1.5467457,0.09088338166475296,0.9630369544029236,0.9643964171409607
YCR068W,YDR460W,0,-1.5476183,0.0908748134970665,0.9630369544029236,0.9644964337348938
YLR314C,YOR329C,0,-1.5479512,0.09086624532938004,0.9630369544029236,0.9645964503288269
YPL051W,YGR112W,0,-1.548154,0.09085768461227417,0.9630369544029236,0.96469646692276
YIL084C,YMR283C,0,-1.5482126,0.09084911644458771,0.9630369544029236,0.9647964835166931
YAL063C,YIL046W,0,-1.5482155,0.09084055572748184,0.9630369544029236,0.9648965001106262
YMR289W,YCR071C,0,-1.5482851,0.09083199501037598,0.9630369544029236,0.9649965167045593
YKL137W,YLR356W,0,-1.5510002,0.09082344174385071,0.9630369544029236,0.9650965332984924
YDR472W,YLR032W,0,-1.5510575,0.09081488102674484,0.9630369544029236,0.9651964902877808
YPL151C,YCL052C,0,-1.5524094,0.09080632776021957,0.9630369544029236,0.9652965068817139
YPR184W,YEL011W,1,-1.5532935,0.09089196473360062,0.9640359878540039,0.9652965068817139
YJL111W,YPL091W,0,-1.5544547,0.09088340401649475,0.9640359878540039,0.965396523475647
YOR304W,YBL040C,0,-1.5552521,0.09087484329938889,0.9640359878540039,0.9654965400695801
YLR192C,YNL126W,0,-1.5553693,0.09086629003286362,0.9640359878540039,0.9655965566635132
YMR079W,YJL062W,0,-1.5568793,0.09085773676633835,0.9640359878540039,0.9656965732574463
YMR139W,YDL159W,0,-1.5573865,0.09084918349981308,0.9640359878540039,0.9657965898513794
YMR305C,YDR156W,0,-1.5575153,0.09084063023328781,0.9640359878540039,0.9658966064453125
YIL061C,YOR388C,0,-1.558781,0.09083207696676254,0.9640359878540039,0.9659966230392456
YNL016W,YNL192W,0,-1.5593466,0.09082353115081787,0.9640359878540039,0.9660965800285339
YMR075W,YBR179C,0,-1.5593601,0.0908149853348732,0.9640359878540039,0.966196596622467
YGL133W,YFR045W,0,-1.559389,0.09080643951892853,0.9640359878540039,0.9662966132164001
YLR291C,YBR236C,0,-1.559913,0.09079789370298386,0.9640359878540039,0.9663966298103333
YGR135W,YNR026C,0,-1.5600561,0.09078934788703918,0.9640359878540039,0.9664966464042664
YDR001C,YIL099W,1,-1.5601746,0.09087488055229187,0.9650349617004395,0.9664966464042664
YNL327W,YMR305C,1,-1.5605386,0.09096039831638336,0.9660339951515198,0.9664966464042664
YPR200C,YKL135C,0,-1.5619336,0.0909518450498581,0.9660339951515198,0.9665966629981995
YMR305C,YNL207W,0,-1.5622858,0.09094329178333282,0.9660339951515198,0.9666966795921326
YDR196C,YPR166C,0,-1.5625848,0.09093473851680756,0.9660339951515198,0.9667966961860657
YHL034C,YKL089W,0,-1.563393,0.09092618525028229,0.9660339951515198,0.9668967127799988
YJL073W,YMR033W,0,-1.5640577,0.09091763943433762,0.9660339951515198,0.9669967293739319
YPR025C,YPR024W,0,-1.5642391,0.09090909361839294,0.9660339951515198,0.9670966863632202
YOR222W,YJL008C,0,-1.5648359,0.09090054780244827,0.9660339951515198,0.9671967029571533
YHR116W,YMR106C,0,-1.5650074,0.0908920019865036,0.9660339951515198,0.9672967195510864
YBR073W,YDR390C,0,-1.5666405,0.09088345617055893,0.9660339951515198,0.9673967361450195
YKR013W,YOR217W,0,-1.5666668,0.09087491780519485,0.9660339951515198,0.9674967527389526
YMR238W,YOR144C,0,-1.566944,0.09086637943983078,0.9660339951515198,0.9675967693328857
YAL014C,YOR279C,0,-1.5670207,0.0908578410744667,0.9660339951515198,0.9676967859268188
YPL149W,YML018C,0,-1.5670708,0.09084930270910263,0.9660339951515198,0.967796802520752
YHR017W,YKL195W,0,-1.5692885,0.09084077179431915,0.9660339951515198,0.9678968191146851
YKL015W,YDL029W,0,-1.5696355,0.09083224087953568,0.9660339951515198,0.9679967761039734
YMR005W,YOR144C,0,-1.5700307,0.0908237025141716,0.9660339951515198,0.9680967926979065
YGR179C,YGL065C,0,-1.5713354,0.09081517904996872,0.9660339951515198,0.9681968092918396
YIL129C,YNR043W,0,-1.5713614,0.09080664813518524,0.9660339951515198,0.9682968258857727
YOR074C,YGR231C,0,-1.5716091,0.09079812467098236,0.9660339951515198,0.9683968424797058
YDR067C,YJL020C,0,-1.5717618,0.09078959375619888,0.9660339951515198,0.9684968590736389
YOR188W,YNL080C,0,-1.5719252,0.090781070291996,0.9660339951515198,0.968596875667572
YML064C,YOR197W,0,-1.5720533,0.09077255427837372,0.9660339951515198,0.9686968922615051
YBR289W,YOR070C,0,-1.5722126,0.09076403081417084,0.9660339951515198,0.9687969088554382
YOL038W,YOR221C,0,-1.5731953,0.09075551480054855,0.9660339951515198,0.9688968658447266
YLR372W,YMR202W,0,-1.5747205,0.09074699878692627,0.9660339951515198,0.9689968824386597
YPL230W,YBL019W,0,-1.5750841,0.09073848277330399,0.9660339951515198,0.9690968990325928
YKR065C,YPR107C,0,-1.5751914,0.0907299667596817,0.9660339951515198,0.9691969156265259
YNL206C,YLR066W,0,-1.5758,0.09072145819664001,0.9660339951515198,0.969296932220459
YMR078C,YMR316W,0,-1.5760623,0.09071294218301773,0.9660339951515198,0.9693969488143921
YML060W,YAL015C,1,-1.57675,0.09079823642969131,0.9670329689979553,0.9693969488143921
YML060W,YGR189C,1,-1.5776373,0.09088350832462311,0.9680319428443909,0.9693969488143921
YKL093W,YJL042W,0,-1.578273,0.09087498486042023,0.9680319428443909,0.9694969654083252
YPR029C,YDR251W,0,-1.5783838,0.09086646884679794,0.9680319428443909,0.9695969820022583
YBR120C,YDL174C,0,-1.5788492,0.09085794538259506,0.9680319428443909,0.9696969985961914
YPL213W,YDR285W,0,-1.5796139,0.09084942936897278,0.9680319428443909,0.9697969555854797
YDR512C,YER029C,0,-1.5805279,0.0908409133553505,0.9680319428443909,0.9698969721794128
YLR362W,YGR071C,0,-1.5822699,0.09083239734172821,0.9680319428443909,0.969996988773346
YLR312W-A,YNL208W,0,-1.5834419,0.09082388132810593,0.9680319428443909,0.970097005367279
YKR098C,YML030W,0,-1.5835054,0.09081537276506424,0.9680319428443909,0.9701970219612122
YDR067C,YFL036W,0,-1.5838327,0.09080685675144196,0.9680319428443909,0.9702970385551453
YBR187W,YMR202W,0,-1.5842751,0.09079834818840027,0.9680319428443909,0.9703970551490784
YNL327W,YDR261C,1,-1.5849065,0.0908835381269455,0.9690309762954712,0.9703970551490784
YAR007C,YGR071C,0,-1.5851375,0.09087502211332321,0.9690309762954712,0.9704970717430115
YHR188C,YGL208W,0,-1.5852411,0.09086651355028152,0.9690309762954712,0.9705970883369446
YNR054C,YNR046W,0,-1.5856287,0.09085799753665924,0.9690309762954712,0.9706970453262329
YOL041C,YIL110W,0,-1.5858647,0.09084948897361755,0.9690309762954712,0.970797061920166
YHR143W,YGL028C,1,-1.5859698,0.0909346342086792,0.9700299501419067,0.970797061920166
YEL040W,YMR238W,1,-1.5865017,0.09101975709199905,0.9710289835929871,0.970797061920166
YJR019C,YDR258C,0,-1.5871693,0.09101123362779617,0.9710289835929871,0.9708970785140991
YLR192C,YPL009C,0,-1.5879925,0.09100271761417389,0.9710289835929871,0.9709970951080322
YLR015W,YJR088C,0,-1.5887513,0.09099419414997101,0.9710289835929871,0.9710971117019653
YHR062C,YGL019W,0,-1.5901338,0.09098567813634872,0.9710289835929871,0.9711971282958984
YMR023C,YBR183W,0,-1.5909128,0.09097716212272644,0.9710289835929871,0.9712971448898315
YJR058C,YBR014C,0,-1.5911323,0.09096864610910416,0.9710289835929871,0.9713971614837646
YKR101W,YOR075W,0,-1.5915939,0.09096013754606247,0.9710289835929871,0.9714971780776978
YEL040W,YMR305C,1,-1.5922787,0.09104519337415695,0.9720279574394226,0.9714971780776978
YDR507C,YDR016C,0,-1.5923876,0.09103667736053467,0.9720279574394226,0.9715971350669861
YNL044W,YPR004C,0,-1.5927504,0.09102816134691238,0.9720279574394226,0.9716971516609192
YKL007W,YMR067C,0,-1.593106,0.0910196453332901,0.9720279574394226,0.9717971682548523
YDL025C,YGR163W,0,-1.5935946,0.09101112931966782,0.9720279574394226,0.9718971848487854
YHL034C,YEL004W,0,-1.5952669,0.09100262075662613,0.9720279574394226,0.9719972014427185
YOR122C,YOL092W,0,-1.595681,0.09099410474300385,0.9720279574394226,0.9720972180366516
YMR139W,YIL143C,0,-1.5959407,0.09098559617996216,0.9720279574394226,0.9721972346305847
YNR002C,YKR006C,0,-1.5969833,0.09097709506750107,0.9720279574394226,0.9722972512245178
YCR010C,YER083C,0,-1.5970262,0.09096858650445938,0.9720279574394226,0.9723972678184509
YDL191W,YPR132W,0,-1.5975348,0.09096008539199829,0.9720279574394226,0.9724972248077393
YKL206C,YMR071C,0,-1.5977648,0.0909515768289566,0.9720279574394226,0.9725972414016724
YNL050C,YKR026C,0,-1.5979838,0.09094307571649551,0.9720279574394226,0.9726972579956055
YMR229C,YER075C,0,-1.6001328,0.09093458205461502,0.9720279574394226,0.9727972745895386
YPL101W,YDR349C,0,-1.6003872,0.09092608094215393,0.9720279574394226,0.9728972911834717
YKL011C,YJR143C,0,-1.6009055,0.09091758728027344,0.9720279574394226,0.9729973077774048
YDL222C,YDL204W,0,-1.6012508,0.09090909361839294,0.9720279574394226,0.9730973243713379
YAR035W,YJR010W,0,-1.6016736,0.09090059995651245,0.9720279574394226,0.973197340965271
YDR103W,YPL094C,0,-1.6018075,0.09089210629463196,0.9720279574394226,0.9732973575592041
YER088C,YCR026C,0,-1.6018153,0.09088362008333206,0.9720279574394226,0.9733973145484924
YOL057W,YBR289W,0,-1.6039195,0.09087512642145157,0.9720279574394226,0.9734973311424255
YDL007W,YAR027W,0,-1.6040057,0.09086664021015167,0.9720279574394226,0.9735973477363586
YOL043C,YPL091W,0,-1.6058992,0.09085815399885178,0.9720279574394226,0.9736973643302917
YEL054C,YKR028W,0,-1.6060904,0.09084967523813248,0.9720279574394226,0.9737973809242249
YGR135W,YJL209W,0,-1.6071235,0.09084118902683258,0.9720279574394226,0.973897397518158
YDR294C,YOR221C,0,-1.6074581,0.09083271026611328,0.9720279574394226,0.9739974141120911
YEL038W,YMR236W,0,-1.6086348,0.09082423150539398,0.9720279574394226,0.9740974307060242
YJL111W,YPR019W,0,-1.6105129,0.09081575274467468,0.9720279574394226,0.9741974472999573
YDR030C,YHR058C,0,-1.6106294,0.09080728143453598,0.9720279574394226,0.9742974042892456
YLR144C,YLR057W,1,-1.6107367,0.09089212119579315,0.9730269908905029,0.9742974042892456
YCR060W,YOR070C,0,-1.6112365,0.09088364243507385,0.9730269908905029,0.9743974208831787
YBR073W,YDR404C,0,-1.612177,0.09087516367435455,0.9730269908905029,0.9744974374771118
YIL035C,YJL082W,0,-1.6138788,0.09086668491363525,0.9730269908905029,0.9745974540710449
YNL163C,YKR028W,0,-1.6140851,0.09085820615291595,0.9730269908905029,0.974697470664978
YDR153C,YJL139C,0,-1.614153,0.09084973484277725,0.9730269908905029,0.9747974872589111
YJL073W,YML104C,0,-1.614916,0.09084126353263855,0.9730269908905029,0.9748975038528442
YER142C,YOL043C,1,-1.6161608,0.09092604368925095,0.9740259647369385,0.9748975038528442
YJR127C,YLR309C,0,-1.616373,0.09091756492853165,0.9740259647369385,0.9749975204467773
YKR020W,YGR238C,0,-1.6167749,0.09090909361839294,0.9740259647369385,0.9750975370407104
YHR186C,YER008C,0,-1.6187216,0.09090061485767365,0.9740259647369385,0.9751974940299988
YDR496C,YKR042W,0,-1.6190602,0.09089214354753494,0.9740259647369385,0.9752975106239319
YBR014C,YOR095C,0,-1.619726,0.09088367223739624,0.9740259647369385,0.975397527217865
YDL191W,YNL147W,0,-1.6209501,0.09087520092725754,0.9740259647369385,0.9754975438117981
YEL040W,YDR400W,1,-1.6213216,0.09095992892980576,0.9750249981880188,0.9754975438117981
YKL046C,YDR261C,1,-1.6225585,0.09104463458061218,0.9760239720344543,0.9754975438117981
YGR106C,YMR277W,0,-1.6234064,0.09103615581989288,0.9760239720344543,0.9755975604057312
YPL167C,YCR028C,0,-1.6251334,0.09102766960859299,0.9760239720344543,0.9756975769996643
YER141W,YKR058W,0,-1.6253599,0.09101919084787369,0.9760239720344543,0.9757975935935974
YDL020C,YKL041W,0,-1.6256827,0.09101071208715439,0.9760239720344543,0.9758976101875305
YPL084W,YOR242C,0,-1.6279272,0.09100223332643509,0.9760239720344543,0.9759976267814636
YER138C,YER172C,0,-1.6280047,0.09099376201629639,0.9760239720344543,0.976097583770752
YKL108W,YMR119W,0,-1.6290189,0.09098528325557709,0.9760239720344543,0.9761976003646851
YMR049C,YDR450W,0,-1.6293073,0.09097681194543839,0.9760239720344543,0.9762976169586182
YJR131W,YIL099W,1,-1.6295484,0.09106145054101944,0.9770230054855347,0.9762976169586182
YOR162C,YOR020C,0,-1.630043,0.09105297178030014,0.9770230054855347,0.9763976335525513
YNL121C,YDR380W,0,-1.6300589,0.09104450047016144,0.9770230054855347,0.9764976501464844
YPL051W,YAR007C,0,-1.6301144,0.09103602170944214,0.9770230054855347,0.9765976667404175
YOL102C,YPL188W,0,-1.6304653,0.09102755039930344,0.9770230054855347,0.9766976833343506
YLR166C,YDR348C,0,-1.6310655,0.09101907908916473,0.9770230054855347,0.9767976999282837
YMR169C,YDL159W,0,-1.6317044,0.09101060777902603,0.9770230054855347,0.9768977165222168
YHR143W,YNL066W,1,-1.6320584,0.09109518676996231,0.9780219793319702,0.9768977165222168
YJL053W,YOR284W,0,-1.6324614,0.09108671545982361,0.9780219793319702,0.9769976735115051
YMR216C,YDR440W,0,-1.6328968,0.09107823669910431,0.9780219793319702,0.9770976901054382
YDR001C,YGL163C,0,-1.6332544,0.0910697653889656,0.9780219793319702,0.9771977066993713
YNR002C,YNL212W,0,-1.6337008,0.0910612940788269,0.9780219793319702,0.9772977232933044
YEL053C,YPL091W,0,-1.6344227,0.0910528302192688,0.9780219793319702,0.9773977398872375
YNL298W,YGR155W,0,-1.6356984,0.0910443589091301,0.9780219793319702,0.9774977564811707
YML060W,YMR238W,1,-1.6392668,0.0911288857460022,0.9790209531784058,0.9774977564811707
YDR347W,YNL007C,0,-1.6393229,0.0911204069852829,0.9790209531784058,0.9775977730751038
YKL206C,YJR047C,0,-1.6397997,0.0911119356751442,0.9790209531784058,0.9776977896690369
YPL190C,YML049C,0,-1.6398696,0.0911034643650055,0.9790209531784058,0.97779780626297
YNL272C,YDR416W,0,-1.6409832,0.09109500050544739,0.9790209531784058,0.9778977632522583
YFL021W,YGR156W,0,-1.6419042,0.09108652919530869,0.9790209531784058,0.9779977798461914
YGL048C,YMR197C,0,-1.6420487,0.09107806533575058,0.9790209531784058,0.9780977964401245
YNL209W,YCL059C,0,-1.6420876,0.09106960147619247,0.9790209531784058,0.9781978130340576
YLR191W,YDL115C,0,-1.6425735,0.09106113761663437,0.9790209531784058,0.9782978296279907
YOR106W,YMR291W,0,-1.6427647,0.09105268120765686,0.9790209531784058,0.9783978462219238
YDR320C,YGL038C,0,-1.643298,0.09104422479867935,0.9790209531784058,0.9784978628158569
YML077W,YJR093C,0,-1.6437083,0.09103576093912125,0.9790209531784058,0.97859787940979
YDR221W,YOL043C,1,-1.643735,0.09112019091844559,0.9800199866294861,0.97859787940979
YDR267C,YGR047C,0,-1.644313,0.09111172705888748,0.9800199866294861,0.9786978960037231
YLR362W,YNL148C,0,-1.6443889,0.09110327064990997,0.9800199866294861,0.9787978529930115
YLL034C,YDR222W,0,-1.6452371,0.09109480679035187,0.9800199866294861,0.9788978695869446
YKL190W,YJR068W,0,-1.6454014,0.09108635038137436,0.9800199866294861,0.9789978861808777
YDL099W,YJL053W,0,-1.6456149,0.09107789397239685,0.9800199866294861,0.9790979027748108
YIL122W,YJL066C,0,-1.6459209,0.09106943756341934,0.9800199866294861,0.9791979193687439
YKL172W,YGR166W,0,-1.6463138,0.09106098860502243,0.9800199866294861,0.979297935962677
YAL054C,YKL188C,0,-1.6505053,0.09105253219604492,0.9800199866294861,0.9793979525566101
YOR035C,YLR207W,0,-1.6510507,0.09104408323764801,0.9800199866294861,0.9794979691505432
YLR077W,YLR410W,0,-1.6512779,0.0910356342792511,0.9800199866294861,0.9795979857444763
YDR238C,YLR318W,0,-1.6514288,0.09102718532085419,0.9800199866294861,0.9796979427337646
YLR089C,YIL040W,0,-1.6514977,0.09101874381303787,0.9800199866294861,0.9797979593276978
YOR014W,YCR093W,0,-1.6518748,0.09101029485464096,0.9800199866294861,0.9798979759216309
YNL311C,YLR097C,0,-1.6519957,0.09100185334682465,0.9800199866294861,0.979997992515564
YJR131W,YOL043C,1,-1.6522889,0.09108617156744003,0.9810189604759216,0.979997992515564
YDR137W,YDR315C,0,-1.6538185,0.09107772260904312,0.9810189604759216,0.9800980091094971
YGL047W,YJL102W,0,-1.6558934,0.09106927365064621,0.9810189604759216,0.9801980257034302
YJL166W,YKL124W,0,-1.6560326,0.0910608321428299,0.9810189604759216,0.9802980422973633
YJR127C,YKR046C,0,-1.6563619,0.09105239063501358,0.9810189604759216,0.9803980588912964
YLR404W,YDR131C,0,-1.6573155,0.09104394912719727,0.9810189604759216,0.9804980754852295
YAL015C,YOL043C,1,-1.6597708,0.09112820774316788,0.982017993927002,0.9804980754852295
YIL101C,YML025C,0,-1.6602453,0.09111976623535156,0.982017993927002,0.9805980324745178
YCR054C,YML060W,0,-1.6607463,0.09111131727695465,0.982017993927002,0.9806980490684509
YCR092C,YKL046C,0,-1.6608605,0.09110287576913834,0.982017993927002,0.980798065662384
YGL157W,YER164W,0,-1.662692,0.09109443426132202,0.982017993927002,0.9808980822563171
YER030W,YKL065C,0,-1.6637343,0.0910859927535057,0.982017993927002,0.9809980988502502
YJL216C,YIL162W,1,-1.6639122,0.09117019921541214,0.9830169677734375,0.9809980988502502
YGL241W,YCL047C,0,-1.6642057,0.09116175770759583,0.9830169677734375,0.9810981154441833
YPR016C,YGL155W,0,-1.6642807,0.09115330874919891,0.9830169677734375,0.9811981320381165
YGL043W,YER012W,0,-1.6648939,0.0911448672413826,0.9830169677734375,0.9812981486320496
YGR158C,YLR372W,0,-1.6650562,0.09113642573356628,0.9830169677734375,0.9813981652259827
YBR264C,YLR368W,0,-1.6651931,0.09112798422574997,0.9830169677734375,0.981498122215271
YBR299W,YIL162W,1,-1.6654625,0.09121214598417282,0.9840160012245178,0.981498122215271
YNL311C,YLR405W,0,-1.6655298,0.0912037044763565,0.9840160012245178,0.9815981388092041
YBL037W,YDR337W,0,-1.6672215,0.09119526296854019,0.9840160012245178,0.9816981554031372
YJR043C,YER168C,0,-1.6672877,0.09118681401014328,0.9840160012245178,0.9817981719970703
YGL028C,YLR300W,1,-1.6698359,0.09127094596624374,0.9850149750709534,0.9817981719970703
YPL104W,YJR144W,0,-1.6705055,0.09126249700784683,0.9850149750709534,0.9818981885910034
YAL008W,YKR069W,0,-1.6708654,0.09125404804944992,0.9850149750709534,0.9819982051849365
YLR389C,YLR086W,0,-1.6715966,0.0912456065416336,0.9850149750709534,0.9820982217788696
YAL039C,YDR182W,0,-1.6734676,0.0912371575832367,0.9850149750709534,0.9821982383728027
YMR086W,YFL014W,0,-1.6752292,0.09122871607542038,0.9850149750709534,0.9822982549667358
YGR214W,YKR042W,0,-1.675258,0.09122028201818466,0.9850149750709534,0.9823982119560242
YHL002W,YDR424C,0,-1.6771866,0.09121184051036835,0.9850149750709534,0.9824982285499573
YDL024C,YGL145W,0,-1.6783919,0.09120340645313263,0.9850149750709534,0.9825982451438904
YJR066W,YLR207W,0,-1.6785687,0.09119496494531631,0.9850149750709534,0.9826982617378235
YDL030W,YIR034C,0,-1.6787035,0.0911865383386612,0.9850149750709534,0.9827982783317566
YOR261C,YOR349W,0,-1.6792197,0.09117810428142548,0.9850149750709534,0.9828982949256897
YHL024W,YGL251C,0,-1.6802343,0.09116967022418976,0.9850149750709534,0.9829983115196228
YOR151C,YGL083W,0,-1.6805829,0.09116124361753464,0.9850149750709534,0.9830983281135559
YNL326C,YGL013C,0,-1.6810821,0.09115281701087952,0.9850149750709534,0.983198344707489
YJL216C,YIL172C,1,-1.6823162,0.09123682975769043,0.9860140085220337,0.983198344707489
YER039C,YDR051C,0,-1.6832584,0.09122839570045471,0.9860140085220337,0.9832983016967773
YML074C,YMR034C,0,-1.6844803,0.091219961643219,0.9860140085220337,0.9833983182907104
YMR023C,YOL003C,0,-1.6844945,0.09121153503656387,0.9860140085220337,0.9834983348846436
YHR004C,YMR179W,0,-1.6855146,0.09120310842990875,0.9860140085220337,0.9835983514785767
YDL010W,YJL128C,0,-1.6856617,0.09119467437267303,0.9860140085220337,0.9836983680725098
YBR273C,YBL060W,0,-1.686669,0.09118625521659851,0.9860140085220337,0.9837983846664429
YBR251W,YPR151C,0,-1.6867139,0.09117782860994339,0.9860140085220337,0.983898401260376
YKR037C,YDR311W,0,-1.6912072,0.09116940945386887,0.9860140085220337,0.9839984178543091
YGL130W,YLR028C,0,-1.6921962,0.09116098284721375,0.9860140085220337,0.9840984344482422
YNR018W,YKL146W,0,-1.6934153,0.09115257114171982,0.9860140085220337,0.9841983914375305
YLR242C,YLR414C,0,-1.6948804,0.0911441519856453,0.9860140085220337,0.9842984080314636
YLR182W,YML006C,0,-1.6959289,0.09113573282957077,0.9860140085220337,0.9843984246253967
YKR002W,YDL150W,0,-1.6965328,0.09112732112407684,0.9860140085220337,0.9844984412193298
YGR246C,YOR017W,0,-1.6965522,0.09111890941858292,0.9860140085220337,0.9845984578132629
YOL109W,YER088C,0,-1.6969373,0.09111049771308899,0.9860140085220337,0.984698474407196
YOR374W,YIL155C,0,-1.6983159,0.09110208600759506,0.9860140085220337,0.9847984910011292
YLR459W,YJL213W,0,-1.700655,0.09109367430210114,0.9860140085220337,0.9848985075950623
YHR042W,YDR349C,0,-1.7014832,0.0910852700471878,0.9860140085220337,0.9849985241889954
YMR121C,YKL127W,0,-1.703191,0.09107686579227448,0.9860140085220337,0.9850984811782837
YHR119W,YHR077C,0,-1.7038628,0.09106846153736115,0.9860140085220337,0.9851984977722168
YER027C,YDR383C,0,-1.7059354,0.09106005728244781,0.9860140085220337,0.9852985143661499
YKL206C,YLR314C,0,-1.7075597,0.09105166047811508,0.9860140085220337,0.985398530960083
YPL003W,YNL039W,0,-1.7088243,0.09104326367378235,0.9860140085220337,0.9854985475540161
YJL140W,YLR069C,0,-1.7099751,0.09103486686944962,0.9860140085220337,0.9855985641479492
YEL031W,YLR419W,0,-1.7105618,0.09102647006511688,0.9860140085220337,0.9856985807418823
YGR281W,YHR059W,0,-1.7115924,0.09101807326078415,0.9860140085220337,0.9857985973358154
YBL064C,YJR034W,0,-1.7120413,0.09100968390703201,0.9860140085220337,0.9858986139297485
YGR163W,YHR059W,0,-1.7139498,0.09100128710269928,0.9860140085220337,0.9859985709190369
YHR102W,YJL178C,0,-1.7151088,0.09099289774894714,0.9860140085220337,0.98609858751297
YBR237W,YLR080W,0,-1.7208301,0.0909845158457756,0.9860140085220337,0.9861986041069031
YKR044W,YML088W,0,-1.7213858,0.09097612649202347,0.9860140085220337,0.9862986207008362
YIL063C,YBR058C,0,-1.7217052,0.09096774458885193,0.9860140085220337,0.9863986372947693
YLR066W,YJL046W,0,-1.7220737,0.09095935523509979,0.9860140085220337,0.9864986538887024
YKL176C,YDL042C,0,-1.7230483,0.09095097333192825,0.9860140085220337,0.9865986704826355
YER013W,YLR419W,0,-1.7244219,0.09094259887933731,0.9860140085220337,0.9866986870765686
YFR033C,YPR083W,0,-1.7260278,0.09093421697616577,0.9860140085220337,0.9867987036705017
YDL194W,YML042W,0,-1.7275523,0.09092584252357483,0.9860140085220337,0.98689866065979
YJL225C,YOR194C,0,-1.7276925,0.09091746807098389,0.9860140085220337,0.9869986772537231
YGR095C,YOL054W,0,-1.7282652,0.09090909361839294,0.9860140085220337,0.9870986938476562
YGR189C,YML021C,1,-1.7285334,0.09099281579256058,0.9870129823684692,0.9870986938476562
YOR353C,YBR278W,0,-1.7299908,0.09098443388938904,0.9870129823684692,0.9871987104415894
YOR284W,YGL094C,0,-1.7300504,0.0909760594367981,0.9870129823684692,0.9872987270355225
YDR538W,YNL088W,0,-1.7305405,0.09096768498420715,0.9870129823684692,0.9873987436294556
YIL021W,YLR203C,0,-1.7306495,0.09095931053161621,0.9870129823684692,0.9874987602233887
YDR001C,YOL043C,1,-1.7318236,0.09104298800230026,0.9880120158195496,0.9874987602233887
YML034W,YNL223W,0,-1.7318579,0.09103460609912872,0.9880120158195496,0.9875987768173218
YHL019C,YLL039C,0,-1.732525,0.09102623164653778,0.9880120158195496,0.9876987934112549
YEL040W,YGR189C,1,-1.7338802,0.09110988676548004,0.9890109896659851,0.9876987934112549
YER048C,YER103W,0,-1.7348427,0.0911014974117279,0.9890109896659851,0.9877987504005432
YNL154C,YJL204C,0,-1.7355222,0.09109311550855637,0.9890109896659851,0.9878987669944763
YBR082C,YPR018W,0,-1.7356482,0.09108473360538483,0.9890109896659851,0.9879987835884094
YOR069W,YMR054W,0,-1.7365535,0.09107635915279388,0.9890109896659851,0.9880988001823425
YPR041W,YGR058W,0,-1.737892,0.09106797724962234,0.9890109896659851,0.9881988167762756
YML110C,YDR400W,0,-1.7380153,0.0910596027970314,0.9890109896659851,0.9882988333702087
YOR010C,YDR012W,0,-1.7385244,0.09105122834444046,0.9890109896659851,0.9883988499641418
YGL174W,YNR011C,0,-1.738844,0.09104285389184952,0.9890109896659851,0.988498866558075
YER112W,YFR044C,0,-1.7389404,0.09103447943925858,0.9890109896659851,0.9885988831520081
YMR305C,YLR057W,1,-1.7419293,0.09111806005239487,0.9900099635124207,0.9885988831520081
YML012W,YDL070W,0,-1.7431264,0.09110967814922333,0.9900099635124207,0.9886988401412964
YIL026C,YML070W,0,-1.7458206,0.09110130369663239,0.9900099635124207,0.9887988567352295
YDR532C,YDR306C,0,-1.747274,0.09109292924404144,0.9900099635124207,0.9888988733291626
YCL057W,YGR084C,0,-1.7475382,0.0910845622420311,0.9900099635124207,0.9889988899230957
YGR284C,YIL076W,0,-1.750108,0.09107618778944016,0.9900099635124207,0.9890989065170288
YJL034W,YKL015W,0,-1.750984,0.09106782078742981,0.9900099635124207,0.9891989231109619
YKR067W,YJL042W,0,-1.7553607,0.09105945378541946,0.9900099635124207,0.989298939704895
YER026C,YNL325C,0,-1.7562264,0.09105108678340912,0.9900099635124207,0.9893989562988281
YCR094W,YEL003W,0,-1.7566388,0.09104271978139877,0.9900099635124207,0.9894989728927612
YDL193W,YIR037W,0,-1.7568488,0.09103435277938843,0.9900099635124207,0.9895989894866943
YJL081C,YHR134W,0,-1.7572163,0.09102599322795868,0.9900099635124207,0.9896989464759827
YLR103C,YKL046C,0,-1.7615386,0.09101763367652893,0.9900099635124207,0.9897989630699158
YHR107C,YLR088W,0,-1.7638894,0.09100927412509918,0.9900099635124207,0.9898989796638489
YPL053C,YHR129C,0,-1.7652974,0.09100091457366943,0.9900099635124207,0.989998996257782
YMR302C,YGR220C,0,-1.7662992,0.09099256247282028,0.9900099635124207,0.9900990128517151
YMR238W,YLR383W,0,-1.7682647,0.09098421037197113,0.9900099635124207,0.9901990294456482
YJL141C,YDR423C,0,-1.7698437,0.09097585827112198,0.9900099635124207,0.9902990460395813
YNL085W,YAL024C,0,-1.773281,0.09096750617027283,0.9900099635124207,0.9903990626335144
YPR166C,YNL306W,0,-1.7771678,0.09095915406942368,0.9900099635124207,0.9904990792274475
YDR018C,YDL197C,0,-1.7777523,0.09095080941915512,0.9900099635124207,0.9905990362167358
YLR098C,YKR104W,0,-1.7794569,0.09094246476888657,0.9900099635124207,0.990699052810669
YKL170W,YKL124W,0,-1.7804033,0.09093411266803741,0.9900099635124207,0.990799069404602
YJR063W,YMR058W,0,-1.7826812,0.09092577546834946,0.9900099635124207,0.9908990859985352
YNL267W,YGR113W,0,-1.7833762,0.0909174308180809,0.9900099635124207,0.9909991025924683
YOL007C,YML095C,0,-1.7839433,0.09090909361839294,0.9900099635124207,0.9910991191864014
YJL053W,YDR392W,0,-1.7841929,0.09090074896812439,0.9900099635124207,0.9911991357803345
YPR159W,YML021C,1,-1.7876884,0.09098413586616516,0.991008996963501,0.9911991357803345
YDL007W,YDL035C,0,-1.7896708,0.0909757912158966,0.991008996963501,0.9912991523742676
YKL173W,YGR276C,0,-1.7897614,0.09096744656562805,0.991008996963501,0.9913991689682007
YDR052C,YER008C,0,-1.7907904,0.0909591019153595,0.991008996963501,0.991499125957489
YNL272C,YIR008C,0,-1.7941502,0.09095076471567154,0.991008996963501,0.9915991425514221
YBR228W,YDL159W,0,-1.7958014,0.09094242751598358,0.991008996963501,0.9916991591453552
YKL119C,YPR072W,0,-1.7959751,0.09093409031629562,0.991008996963501,0.9917991757392883
YAL016W,YKR002W,0,-1.796538,0.09092575311660767,0.991008996963501,0.9918991923332214
YNL116W,YNR039C,0,-1.7994312,0.0909174233675003,0.991008996963501,0.9919992089271545
YER144C,YJL145W,0,-1.799716,0.09090909361839294,0.991008996963501,0.9920992255210876
YMR231W,YMR277W,0,-1.8008274,0.09090076386928558,0.991008996963501,0.9921992421150208
YLR312W-A,YOR036W,0,-1.8021199,0.09089243412017822,0.991008996963501,0.9922992587089539
YOR326W,YDL236W,0,-1.804612,0.09088410437107086,0.991008996963501,0.9923992156982422
YER162C,YDR499W,0,-1.8055295,0.0908757820725441,0.991008996963501,0.9924992322921753
YER171W,YOR209C,0,-1.808679,0.09086745232343674,0.991008996963501,0.9925992488861084
YDL045C,YHR057C,0,-1.8088292,0.09085913002490997,0.991008996963501,0.9926992654800415
YGR012W,YIR037W,0,-1.8125181,0.09085080772638321,0.991008996963501,0.9927992820739746
YFR006W,YOR073W,0,-1.8130101,0.09084249287843704,0.991008996963501,0.9928992986679077
YGR009C,YLR429W,0,-1.8137403,0.09083417057991028,0.991008996963501,0.9929993152618408
YMR282C,YOR288C,0,-1.8139894,0.09082585573196411,0.991008996963501,0.9930993318557739
YDR400W,YML021C,1,-1.8167341,0.09090909361839294,0.9920079708099365,0.9930993318557739
YHR107C,YKR030W,0,-1.8190163,0.09090077131986618,0.9920079708099365,0.993199348449707
YMR029C,YBL022C,0,-1.8204461,0.09089244902133942,0.9920079708099365,0.9932993054389954
YGR284C,YDL070W,0,-1.8213528,0.09088412672281265,0.9920079708099365,0.9933993220329285
YOR239W,YJL080C,0,-1.8221972,0.09087581187486649,0.9920079708099365,0.9934993386268616
YML014W,YHR012W,0,-1.8222502,0.09086749702692032,0.9920079708099365,0.9935993552207947
YGR058W,YER082C,0,-1.8253447,0.09085918217897415,0.9920079708099365,0.9936993718147278
YNL321W,YLR298C,0,-1.8295352,0.09085086733102798,0.9920079708099365,0.9937993884086609
YLL052C,YHR187W,0,-1.8323139,0.09084255993366241,0.9920079708099365,0.993899405002594
YKL180W,YKR094C,0,-1.835321,0.09083424508571625,0.9920079708099365,0.9939994215965271
YLR408C,YER058W,0,-1.837977,0.09082593768835068,0.9920079708099365,0.9940994381904602
YLR224W,YCL059C,0,-1.8417315,0.09081763029098511,0.9920079708099365,0.9941993951797485
YGL004C,YOR317W,0,-1.8492247,0.09080933034420013,0.9920079708099365,0.9942994117736816
YBR288C,YOR278W,0,-1.8499428,0.09080102294683456,0.9920079708099365,0.9943994283676147
YPR026W,YPR184W,1,-1.8515328,0.09088415652513504,0.9930070042610168,0.9943994283676147
YMR214W,YJL154C,0,-1.8516418,0.09087584912776947,0.9930070042610168,0.9944994449615479
YPR159W,YMR305C,1,-1.8524497,0.09095895290374756,0.9940059781074524,0.9944994449615479
YOL139C,YOL072W,0,-1.8528419,0.09095063805580139,0.9940059781074524,0.994599461555481
YNL026W,YGR113W,0,-1.8534929,0.09094233065843582,0.9940059781074524,0.9946994781494141
YFL002C,YJR016C,0,-1.8562297,0.09093401581048965,0.9940059781074524,0.9947994947433472
YDL193W,YOR036W,0,-1.8601816,0.09092570841312408,0.9940059781074524,0.9948995113372803
YGR278W,YOR123C,0,-1.8604068,0.09091740101575851,0.9940059781074524,0.9949995279312134
YBR281C,YPL064C,0,-1.8618048,0.09090909361839294,0.9940059781074524,0.9950994849205017
YCR052W,YOR106W,0,-1.8680981,0.09090078622102737,0.9940059781074524,0.9951995015144348
YNR049C,YCR046C,0,-1.8685113,0.0908924788236618,0.9940059781074524,0.9952995181083679
YBR059C,YNL239W,0,-1.8685235,0.09088417887687683,0.9940059781074524,0.995399534702301
YKL021C,YNL292W,0,-1.8729001,0.09087587893009186,0.9940059781074524,0.9954995512962341
YBR095C,YML121W,0,-1.8751206,0.09086757898330688,0.9940059781074524,0.9955995678901672
YHR023W,YBR245C,0,-1.8774961,0.09085927903652191,0.9940059781074524,0.9956995844841003
YIL004C,YDR400W,0,-1.8803883,0.09085098654031754,0.9940059781074524,0.9957996010780334
YDR162C,YNL147W,0,-1.8924623,0.09084269404411316,0.9940059781074524,0.9958996176719666
YJR044C,YGL153W,0,-1.8981012,0.09083440154790878,0.9940059781074524,0.9959995746612549
YBR235W,YBR066C,0,-1.8984395,0.0908261090517044,0.9940059781074524,0.996099591255188
YDL078C,YML042W,0,-1.902691,0.09081781655550003,0.9940059781074524,0.9961996078491211
YKR036C,YKR025W,0,-1.903187,0.09080953150987625,0.9940059781074524,0.9962996244430542
YDR460W,YER004W,0,-1.9061235,0.09080123901367188,0.9940059781074524,0.9963996410369873
YER094C,YGL011C,0,-1.9102165,0.0907929539680481,0.9940059781074524,0.9964996576309204
YOL080C,YDR324C,0,-1.9108373,0.09078466892242432,0.9940059781074524,0.9965996742248535
YLR080W,YDL099W,0,-1.9155208,0.09077639132738113,0.9940059781074524,0.9966996908187866
YLL003W,YJR043C,0,-1.918642,0.09076810628175735,0.9940059781074524,0.9967997074127197
YMR305C,YDR261C,1,-1.9242538,0.09085104614496231,0.9950050115585327,0.9967997074127197
YNL327W,YGR189C,1,-1.9264213,0.09093396365642548,0.9960039854049683,0.9967997074127197
YGL200C,YFR013W,0,-1.927117,0.0909256711602211,0.9960039854049683,0.9968996644020081
YBR228W,YGR238C,0,-1.9318062,0.09091737866401672,0.9960039854049683,0.9969996809959412
YML106W,YDR324C,0,-1.9335235,0.09090909361839294,0.9960039854049683,0.9970996975898743
YLR276C,YMR128W,0,-1.9407424,0.09090080112218857,0.9960039854049683,0.9971997141838074
YDR083W,YLR107W,0,-1.9411119,0.09089251607656479,0.9960039854049683,0.9972997307777405
YGL086W,YLR386W,0,-1.9411303,0.09088423103094101,0.9960039854049683,0.9973997473716736
YBR077C,YDR079W,0,-1.9491845,0.09087594598531723,0.9960039854049683,0.9974997639656067
YKL046C,YLR057W,1,-1.9560494,0.09095880389213562,0.9970030188560486,0.9974997639656067
YNL262W,YLR357W,0,-1.9641981,0.09095051139593124,0.9970030188560486,0.9975997805595398
YDR166C,YCR017C,0,-1.9777769,0.09094222635030746,0.9970030188560486,0.9976997971534729
YHR081W,YML005W,0,-1.9781516,0.09093394130468369,0.9970030188560486,0.9977997541427612
YOR216C,YJL204C,0,-1.9828581,0.0909256562590599,0.9970030188560486,0.9978997707366943
YHR119W,YDR099W,0,-1.9867389,0.09091737121343613,0.9970030188560486,0.9979997873306274
YOL017W,YHR016C,0,-2.0028756,0.09090909361839294,0.9970030188560486,0.9980998039245605
YHR143W,YLR286C,1,-2.0402482,0.09099189192056656,0.9980019927024841,0.9980998039245605
YLR201C,YGR028W,0,-2.0625625,0.09098360687494278,0.9980019927024841,0.9981998205184937
YJR043C,YNR026C,0,-2.0673685,0.090975321829319,0.9980019927024841,0.9982998371124268
YEL040W,YDR261C,1,-2.0710938,0.09105809777975082,0.9990010261535645,0.9982998371124268
YDR507C,YER151C,0,-2.0804915,0.09104980528354645,0.9990010261535645,0.9983998537063599
YLR309C,YMR089C,0,-2.0874054,0.09104151278734207,0.9990010261535645,0.998499870300293
YDR419W,YMR054W,0,-2.1032817,0.09103322774171829,0.9990010261535645,0.9985998868942261
YGR027C,YOR234C,0,-2.1222754,0.09102494269609451,0.9990010261535645,0.9986998438835144
YDL040C,YOR299W,0,-2.126935,0.09101665765047073,0.9990010261535645,0.9987998604774475
YHR081W,YKL175W,0,-2.138968,0.09100837260484695,0.9990010261535645,0.9988998770713806
YIL128W,YNL058C,0,-2.1394346,0.09100008755922318,0.9990010261535645,0.9989998936653137
YPR159W,YML060W,1,-2.168655,0.09108280390501022,1.0,0.9989998936653137
YOL127W,YLR287C-A,0,-2.174851,0.09107451885938644,1.0,0.9990999102592468
YLR383W,YPL008W,0,-2.221171,0.09106622636318207,1.0,0.9991999268531799
YGR106C,YBR229C,0,-2.2306736,0.09105794876813889,1.0,0.999299943447113
YDR494W,YLL029W,0,-2.2348142,0.0910496637225151,1.0,0.9993999600410461
YGR238C,YIL097W,0,-2.2396822,0.09104138612747192,1.0,0.9994999766349792
YOL019W,YGR275W,0,-2.2485094,0.09103310108184814,1.0,0.9995999336242676
YIL039W,YLR088W,0,-2.3398216,0.09102482348680496,1.0,0.9996999502182007
YGR098C,YDL058W,0,-2.4308524,0.09101654589176178,1.0,0.9997999668121338
YLR002C,YLR222C,0,-2.451251,0.0910082757472992,1.0,0.9998999834060669
YPL180W,YAL017W,0,-2.835763,0.09099999815225601,1.0,1.0
