Gene A,Gene B,Label,Score,Precision,Recall,False Positive Rate
YML073C,YGR034W,0,19.996002,0.0,0.0,0.00024636610760353506
YHR197W,YAL059W,1,19.647736,0.5,0.0024570024106651545,0.00024636610760353506
YHR197W,YGL099W,1,18.021376,0.6666666865348816,0.004914004821330309,0.00024636610760353506
YDR361C,YGR245C,1,17.86676,0.75,0.007371007464826107,0.00024636610760353506
YNR053C,YAL059W,1,17.51609,0.800000011920929,0.009828009642660618,0.00024636610760353506
YJL010C,YPL146C,1,17.1012,0.8333333134651184,0.012285011820495129,0.00024636610760353506
YDR361C,YHR170W,1,16.647081,0.8571428656578064,0.014742014929652214,0.00024636610760353506
YPL146C,YGR245C,1,16.624702,0.875,0.017199017107486725,0.00024636610760353506
YPL146C,YAL059W,1,16.450005,0.8888888955116272,0.019656019285321236,0.00024636610760353506
YNR053C,YJL041W,1,16.363298,0.8999999761581421,0.022113021463155746,0.00024636610760353506
YGL099W,YHR170W,1,16.082577,0.9090909361839294,0.024570023640990257,0.00024636610760353506
YHR197W,YPL146C,1,16.051212,0.9166666865348816,0.027027027681469917,0.00024636610760353506
YHR170W,YAL059W,1,16.050312,0.9230769276618958,0.029484029859304428,0.00024636610760353506
YDR361C,YPL146C,1,16.021048,0.9285714030265808,0.03194103017449379,0.00024636610760353506
YGL099W,YGR245C,1,15.900538,0.9333333373069763,0.03439803421497345,0.00024636610760353506
YPL146C,YHR170W,1,15.889239,0.9375,0.03685503825545311,0.00024636610760353506
YHR197W,YDR361C,1,15.826961,0.9411764740943909,0.03931203857064247,0.00024636610760353506
YHR170W,YGR245C,1,15.556216,0.9444444179534912,0.04176904261112213,0.00024636610760353506
YJL010C,YDR361C,1,15.51743,0.9473684430122375,0.04422604292631149,0.00024636610760353506
YPL146C,YGL099W,1,15.433677,0.949999988079071,0.04668304696679115,0.00024636610760353506
YJL010C,YAL059W,1,15.174313,0.9523809552192688,0.049140047281980515,0.00024636610760353506
YNR053C,YGL099W,1,14.742997,0.9545454382896423,0.051597051322460175,0.00024636610760353506
YLR022C,YGR245C,1,14.591403,0.95652174949646,0.054054055362939835,0.00024636610760353506
YLR022C,YAL059W,1,14.516758,0.9583333134651184,0.056511055678129196,0.00024636610760353506
YGR245C,YAL059W,1,14.373183,0.9599999785423279,0.058968059718608856,0.00024636610760353506
YDR361C,YGL099W,1,14.311386,0.9615384340286255,0.06142506003379822,0.00024636610760353506
YDR091C,YGL099W,1,14.228684,0.9629629850387573,0.06388206034898758,0.00024636610760353506
YNR053C,YPL146C,1,14.192168,0.9642857313156128,0.06633906811475754,0.00024636610760353506
YJL010C,YKL143W,1,14.104687,0.9655172228813171,0.0687960684299469,0.00024636610760353506
YNR053C,YGR245C,1,13.906586,0.9666666388511658,0.07125306874513626,0.00024636610760353506
YKL143W,YGR245C,1,13.850511,0.9677419066429138,0.07371007651090622,0.00024636610760353506
YDR091C,YDR361C,1,13.798639,0.96875,0.07616707682609558,0.00024636610760353506
YNR053C,YDR361C,1,13.786017,0.9696969985961914,0.07862407714128494,0.00024636610760353506
YJL010C,YHR170W,1,13.699845,0.970588207244873,0.0810810774564743,0.00024636610760353506
YGL099W,YAL059W,1,13.545701,0.9714285731315613,0.08353808522224426,0.00024636610760353506
YDR361C,YAL059W,1,13.478831,0.9722222089767456,0.08599508553743362,0.00024636610760353506
YHR197W,YOR206W,1,13.244702,0.9729729890823364,0.08845208585262299,0.00024636610760353506
YDR361C,YOR206W,1,13.092448,0.9736841917037964,0.09090909361839294,0.00024636610760353506
YJL010C,YHR197W,1,12.97663,0.9743589758872986,0.0933660939335823,0.00024636610760353506
YHR197W,YGR245C,1,12.960132,0.9750000238418579,0.09582309424877167,0.00024636610760353506
YLR022C,YPL146C,1,12.927977,0.9756097793579102,0.09828009456396103,0.00024636610760353506
YNR053C,YHR170W,1,12.900651,0.976190447807312,0.10073710232973099,0.00024636610760353506
YLR022C,YHR170W,1,12.875969,0.9767441749572754,0.10319410264492035,0.00024636610760353506
YOR206W,YGR245C,1,12.787126,0.9772727489471436,0.10565110296010971,0.00024636610760353506
YJL010C,YGR245C,1,12.713799,0.9777777791023254,0.10810811072587967,0.00024636610760353506
YDR361C,YKL143W,1,12.69457,0.97826087474823,0.11056511104106903,0.00024636610760353506
YDR091C,YAL059W,1,12.661356,0.978723406791687,0.11302211135625839,0.00024636610760353506
YLR022C,YNR053C,1,12.601638,0.9791666865348816,0.11547911912202835,0.00024636610760353506
YGL099W,YKL143W,1,12.564158,0.9795918464660645,0.11793611943721771,0.00024636610760353506
YLR022C,YOR206W,1,12.509507,0.9800000190734863,0.12039311975240707,0.00024636610760353506
YJL010C,YNR053C,1,12.481475,0.9803921580314636,0.12285012006759644,0.00024636610760353506
YDR361C,YDR267C,1,12.362739,0.9807692170143127,0.1253071278333664,0.00024636610760353506
YLR022C,YHR197W,1,12.351263,0.9811320900917053,0.12776412069797516,0.00024636610760353506
YLL034C,YPL146C,1,12.346145,0.9814814925193787,0.13022112846374512,0.00024636610760353506
YPR016C,YHR197W,1,12.281636,0.9818181991577148,0.13267813622951508,0.00024636610760353506
YDR091C,YHR170W,1,12.242374,0.9821428656578064,0.13513512909412384,0.00024636610760353506
YHR197W,YHR170W,1,11.938209,0.9824561476707458,0.1375921368598938,0.00024636610760353506
YHR197W,YNR053C,1,11.90051,0.982758641242981,0.14004914462566376,0.00024636610760353506
YJL010C,YOR206W,1,11.886771,0.9830508232116699,0.14250613749027252,0.00024636610760353506
YNR053C,YKL143W,1,11.812475,0.9833333492279053,0.14496314525604248,0.00024636610760353506
YDR091C,YPL146C,1,11.801717,0.9836065769195557,0.14742015302181244,0.00024636610760353506
YCR047C,YAL059W,1,11.750659,0.9838709831237793,0.1498771458864212,0.00024636610760353506
YPL146C,YOR206W,1,11.696762,0.9841269850730896,0.15233415365219116,0.00024636610760353506
YLR022C,YDR361C,1,11.625723,0.984375,0.15479116141796112,0.00024636610760353506
YHR197W,YLL034C,1,11.52514,0.9846153855323792,0.15724815428256989,0.00024636610760353506
YER036C,YPL146C,1,11.511824,0.9848484992980957,0.15970516204833984,0.00024636610760353506
YDR361C,YMR235C,1,11.481282,0.9850746393203735,0.1621621549129486,0.00024636610760353506
YJL010C,YGL099W,1,11.340631,0.9852941036224365,0.16461916267871857,0.00024636610760353506
YMR235C,YGR245C,1,11.282176,0.9855072498321533,0.16707617044448853,0.00024636610760353506
YCR047C,YPL146C,1,11.268025,0.9857142567634583,0.1695331633090973,0.00024636610760353506
YDR361C,YPL093W,1,11.231971,0.98591548204422,0.17199017107486725,0.00024636610760353506
YJL010C,YER036C,1,11.215799,0.9861111044883728,0.1744471788406372,0.00024636610760353506
YPR016C,YDR361C,1,11.193232,0.9863013625144958,0.17690417170524597,0.00024636610760353506
YPL146C,YKL143W,1,10.951351,0.9864864945411682,0.17936117947101593,0.00024636610760353506
YPR016C,YGL099W,1,10.946223,0.9866666793823242,0.1818181872367859,0.00024636610760353506
YPL146C,YMR235C,1,10.917193,0.9868420958518982,0.18427518010139465,0.00024636610760353506
YER036C,YGR245C,1,10.825435,0.9870129823684692,0.1867321878671646,0.00024636610760353506
YDR091C,YGR245C,1,10.6687565,0.9871794581413269,0.18918919563293457,0.00024636610760353506
YDR091C,YGL097W,1,10.598945,0.9873417615890503,0.19164618849754333,0.00024636610760353506
YPR016C,YAL059W,1,10.590765,0.987500011920929,0.1941031962633133,0.00024636610760353506
YER036C,YHR170W,1,10.541987,0.9876543283462524,0.19656018912792206,0.00024636610760353506
YKL143W,YAL059W,1,10.470883,0.9878048896789551,0.19901719689369202,0.00024636610760353506
YHR197W,YER036C,1,10.441642,0.9879518151283264,0.20147420465946198,0.00024636610760353506
YHR197W,YDR267C,1,10.428604,0.988095223903656,0.20393119752407074,0.00024636610760353506
YHR197W,YIL115C,1,10.372699,0.9882352948188782,0.2063882052898407,0.00024636610760353506
YHR197W,YDR091C,1,10.365955,0.9883720874786377,0.20884521305561066,0.00024636610760353506
YLL034C,YDR361C,1,10.349201,0.9885057210922241,0.21130220592021942,0.00024636610760353506
YJL010C,YLL034C,1,10.337104,0.9886363744735718,0.21375921368598938,0.00024636610760353506
YCR047C,YDR361C,1,10.2626505,0.9887640476226807,0.21621622145175934,0.00024636610760353506
YHR170W,YOR206W,1,10.243374,0.9888888597488403,0.2186732143163681,0.00024636610760353506
YHR197W,YMR235C,1,10.215648,0.9890109896659851,0.22113022208213806,0.00024636610760353506
YPR016C,YHR170W,1,10.126654,0.989130437374115,0.22358722984790802,0.00024636610760353506
YHR170W,YIL115C,1,10.013083,0.9892473220825195,0.22604422271251678,0.00024636610760353506
YNR053C,YCR047C,1,10.002452,0.9893617033958435,0.22850123047828674,0.00024636610760353506
YHR197W,YKL143W,1,9.97637,0.9894737005233765,0.2309582382440567,0.00024636610760353506
YGR218W,YGR245C,1,9.92019,0.9895833134651184,0.23341523110866547,0.00024636610760353506
YDR361C,YER036C,1,9.864349,0.9896907210350037,0.23587223887443542,0.00024636610760353506
YJL010C,YDR091C,1,9.863908,0.9897959232330322,0.2383292317390442,0.00024636610760353506
YNR053C,YOR206W,1,9.820047,0.9898989796638489,0.24078623950481415,0.00024636610760353506
YNR053C,YER036C,1,9.815656,0.9900000095367432,0.2432432472705841,0.00024636610760353506
YPL169C,YHR170W,1,9.694886,0.9900990128517151,0.24570024013519287,0.00024636610760353506
YHR170W,YMR235C,1,9.686994,0.9901960492134094,0.24815724790096283,0.00024636610760353506
YPR016C,YNR053C,1,9.568402,0.9902912378311157,0.2506142556667328,0.00024636610760353506
YOR206W,YAL059W,1,9.447039,0.9903846383094788,0.25307124853134155,0.00024636610760353506
YKL143W,YHR170W,1,9.446868,0.9904761910438538,0.2555282413959503,0.00024636610760353506
YKL205W,YDR496C,0,9.396187,0.9811320900917053,0.2555282413959503,0.0004927322152070701
YGL097W,YPL169C,1,9.370312,0.9813084006309509,0.25798526406288147,0.0004927322152070701
YJL041W,YGR245C,1,9.350615,0.9814814925193787,0.26044225692749023,0.0004927322152070701
YJL041W,YOR206W,1,9.2634,0.9816513657569885,0.262899249792099,0.0004927322152070701
YLR022C,YDR091C,1,9.189658,0.9818181991577148,0.26535627245903015,0.0004927322152070701
YHR197W,YGR218W,1,9.15669,0.9819819927215576,0.2678132653236389,0.0004927322152070701
YJL010C,YPR016C,1,9.103392,0.9821428656578064,0.2702702581882477,0.0004927322152070701
YJL010C,YLR022C,1,9.060295,0.982300877571106,0.27272728085517883,0.0004927322152070701
YDR091C,YDR267C,1,9.0198965,0.9824561476707458,0.2751842737197876,0.0004927322152070701
YGR218W,YGL099W,1,8.98721,0.9826086759567261,0.27764126658439636,0.0004927322152070701
YDR267C,YGR245C,1,8.975848,0.982758641242981,0.2800982892513275,0.0004927322152070701
YLL034C,YMR235C,1,8.899498,0.9829059839248657,0.2825552821159363,0.0004927322152070701
YJL010C,YMR235C,1,8.885048,0.9830508232116699,0.28501227498054504,0.0004927322152070701
YPL093W,YHR170W,1,8.804843,0.9831932783126831,0.2874692976474762,0.0004927322152070701
YDR091C,YKL143W,1,8.79557,0.9833333492279053,0.28992629051208496,0.0004927322152070701
YLR022C,YGL099W,1,8.793051,0.9834710955619812,0.2923832833766937,0.0004927322152070701
YIL079C,YOR294W,0,8.748876,0.9754098653793335,0.2923832833766937,0.0007390982937067747
YKL143W,YMR235C,1,8.637168,0.9756097793579102,0.2948403060436249,0.0007390982937067747
YPL093W,YAL059W,1,8.567675,0.975806474685669,0.29729729890823364,0.0007390982937067747
YHR197W,YPL093W,1,8.563171,0.9760000109672546,0.2997542917728424,0.0007390982937067747
YPL169C,YGR245C,1,8.561327,0.976190447807312,0.30221131443977356,0.0007390982937067747
YDR361C,YGL097W,1,8.528395,0.9763779640197754,0.3046683073043823,0.0007390982937067747
YCR047C,YGL099W,1,8.526593,0.9765625,0.3071253001689911,0.0007390982937067747
YPR016C,YGR245C,1,8.511382,0.9767441749572754,0.30958232283592224,0.0007390982937067747
YLR022C,YKL143W,1,8.511291,0.9769230484962463,0.312039315700531,0.0007390982937067747
YGL097W,YGL099W,1,8.4659605,0.9770992398262024,0.31449630856513977,0.0007390982937067747
YGL099W,YIL115C,1,8.4604435,0.9772727489471436,0.3169533312320709,0.0007390982937067747
YPL169C,YER036C,1,8.453849,0.9774436354637146,0.3194103240966797,0.0007390982937067747
YHR170W,YDR267C,1,8.416619,0.9776119589805603,0.32186731696128845,0.0007390982937067747
YNR053C,YIL063C,1,8.392615,0.9777777791023254,0.3243243098258972,0.0007390982937067747
YER036C,YMR235C,1,8.367035,0.9779411554336548,0.32678133249282837,0.0007390982937067747
YLL034C,YKL143W,1,8.365769,0.9781022071838379,0.32923832535743713,0.0007390982937067747
YDR091C,YIL115C,1,8.329614,0.97826087474823,0.3316953182220459,0.0007390982937067747
YHR197W,YGL097W,1,8.321164,0.9784172773361206,0.33415234088897705,0.0007390982937067747
YHR197W,YPL169C,1,8.296632,0.9785714149475098,0.3366093337535858,0.0007390982937067747
YCR047C,YKL143W,1,8.264079,0.978723406791687,0.3390663266181946,0.0007390982937067747
YIL115C,YAL059W,1,8.263816,0.9788732528686523,0.34152334928512573,0.0007390982937067747
YJL010C,YCR047C,1,8.197743,0.9790209531784058,0.3439803421497345,0.0007390982937067747
YIL063C,YAL059W,1,8.170262,0.9791666865348816,0.34643733501434326,0.0007390982937067747
YLR022C,YCR047C,1,8.170123,0.9793103337287903,0.3488943576812744,0.0007390982937067747
YPR016C,YLL034C,1,8.0757885,0.9794520735740662,0.3513513505458832,0.0007390982937067747
YLR022C,YER036C,1,8.036293,0.9795918464660645,0.35380834341049194,0.0007390982937067747
YPL093W,YGR245C,1,8.025321,0.9797297120094299,0.3562653660774231,0.0007390982937067747
YLR022C,YPR016C,1,8.019162,0.9798657894134521,0.35872235894203186,0.0007390982937067747
YER036C,YAL059W,1,7.994613,0.9800000190734863,0.3611793518066406,0.0007390982937067747
YPL146C,YJL041W,1,7.9917216,0.9801324605941772,0.3636363744735718,0.0007390982937067747
YDR361C,YIL063C,1,7.98574,0.9802631735801697,0.36609336733818054,0.0007390982937067747
YLL034C,YER036C,1,7.980928,0.9803921580314636,0.3685503602027893,0.0007390982937067747
YOR206W,YOR168W,0,7.942285,0.9740259647369385,0.3685503602027893,0.0009854644304141402
YPL169C,YMR235C,1,7.9318223,0.9741935729980469,0.37100738286972046,0.0009854644304141402
YPR016C,YDR091C,1,7.9315886,0.9743589758872986,0.3734643757343292,0.0009854644304141402
YGR218W,YDR091C,1,7.91773,0.9745222926139832,0.375921368598938,0.0009854644304141402
YPR016C,YMR235C,1,7.8692775,0.9746835231781006,0.37837839126586914,0.0009854644304141402
YPR016C,YPL146C,1,7.847751,0.9748427867889404,0.3808353841304779,0.0009854644304141402
YLL034C,YAL059W,1,7.8476977,0.9750000238418579,0.38329237699508667,0.0009854644304141402
YPL169C,YAL059W,1,7.814564,0.9751552939414978,0.3857493996620178,0.0009854644304141402
YJL010C,YGR218W,1,7.761924,0.9753086566925049,0.3882063925266266,0.0009854644304141402
YJL041W,YIL115C,1,7.755605,0.9754601120948792,0.39066338539123535,0.0009854644304141402
YJL010C,YDR267C,1,7.7524877,0.9756097793579102,0.3931203782558441,0.0009854644304141402
YGR218W,YGL097W,1,7.750135,0.9757575988769531,0.39557740092277527,0.0009854644304141402
YGL099W,YOR206W,1,7.7373567,0.9759036302566528,0.39803439378738403,0.0009854644304141402
YCR047C,YGR245C,1,7.7369866,0.976047933101654,0.4004913866519928,0.0009854644304141402
YDR091C,YMR235C,1,7.730716,0.976190447807312,0.40294840931892395,0.0009854644304141402
YGL097W,YER036C,1,7.71883,0.976331353187561,0.4054054021835327,0.0009854644304141402
YPR016C,YER036C,1,7.7160378,0.9764705896377563,0.4078623950481415,0.0009854644304141402
YER036C,YKL143W,1,7.712318,0.9766082167625427,0.41031941771507263,0.0009854644304141402
YNR053C,YDR267C,1,7.7074223,0.9767441749572754,0.4127764105796814,0.0009854644304141402
YDR267C,YAL059W,1,7.699455,0.9768785834312439,0.41523340344429016,0.0009854644304141402
YLL034C,YIL115C,1,7.6325636,0.977011501789093,0.4176904261112213,0.0009854644304141402
YCR047C,YHR170W,1,7.5881634,0.977142870426178,0.4201474189758301,0.0009854644304141402
YLL034C,YGR245C,1,7.5876856,0.9772727489471436,0.42260441184043884,0.0009854644304141402
YGR218W,YHR170W,1,7.5756717,0.9774011373519897,0.42506143450737,0.0009854644304141402
YPR016C,YGR218W,1,7.4375625,0.9775280952453613,0.42751842737197876,0.0009854644304141402
YGR218W,YIL115C,1,7.434462,0.9776536226272583,0.4299754202365875,0.0009854644304141402
YLL034C,YGL099W,1,7.430746,0.9777777791023254,0.4324324429035187,0.0009854644304141402
YGR218W,YMR235C,1,7.428074,0.9779005646705627,0.43488943576812744,0.0009854644304141402
YER036C,YOR206W,1,7.3047776,0.9780219793319702,0.4373464286327362,0.0009854644304141402
YDR091C,YOR206W,1,7.296011,0.9781420826911926,0.43980345129966736,0.0009854644304141402
YOR206W,YMR235C,1,7.216129,0.97826087474823,0.4422604441642761,0.0009854644304141402
YPL146C,YDR267C,1,7.1672215,0.9783783555030823,0.4447174370288849,0.0009854644304141402
YCR047C,YOR206W,1,7.1619606,0.9784946441650391,0.44717445969581604,0.0009854644304141402
YGL097W,YAL059W,1,7.1492367,0.9786096215248108,0.4496314525604248,0.0009854644304141402
YNR053C,YMR235C,1,7.1489024,0.978723406791687,0.45208844542503357,0.0009854644304141402
YHR030C,YNL192W,0,7.10736,0.9735449552536011,0.45208844542503357,0.001231830450706184
YGR245C,YIL115C,1,7.0977244,0.9736841917037964,0.4545454680919647,0.001231830450706184
YGR218W,YDR361C,1,7.0971646,0.9738219976425171,0.4570024609565735,0.001231830450706184
YLL034C,YHR170W,1,7.057409,0.9739583134651184,0.45945945382118225,0.001231830450706184
YPL169C,YGL099W,1,7.0274167,0.9740932583808899,0.4619164764881134,0.001231830450706184
YDR091C,YPL093W,1,7.0212917,0.9742268323898315,0.46437346935272217,0.001231830450706184
YPL093W,YIL115C,1,6.9731693,0.9743589758872986,0.46683046221733093,0.001231830450706184
YLL034C,YDR091C,1,6.9290266,0.9744898080825806,0.4692874550819397,0.001231830450706184
YGL099W,YMR235C,1,6.924188,0.9746192693710327,0.47174447774887085,0.001231830450706184
YHR197W,YJL041W,1,6.884171,0.9747474789619446,0.4742014706134796,0.001231830450706184
YNR053C,YGR218W,1,6.8691764,0.9748743772506714,0.4766584634780884,0.001231830450706184
YPL146C,YIL115C,1,6.8593864,0.9750000238418579,0.47911548614501953,0.001231830450706184
YER036C,YGL099W,1,6.8525877,0.9751243591308594,0.4815724790096283,0.001231830450706184
YLL034C,YNR053C,1,6.8124137,0.9752475023269653,0.48402947187423706,0.001231830450706184
YPR016C,YIL115C,1,6.772122,0.9753694534301758,0.4864864945411682,0.001231830450706184
YGR218W,YPL169C,1,6.764216,0.9754902124404907,0.488943487405777,0.001231830450706184
YGL097W,YOR206W,1,6.756214,0.9756097793579102,0.49140048027038574,0.001231830450706184
YOR206W,YIL063C,1,6.7409797,0.9757281541824341,0.4938575029373169,0.001231830450706184
YKL143W,YIL115C,1,6.7148366,0.9758453965187073,0.49631449580192566,0.001231830450706184
YOR206W,YIL115C,1,6.702062,0.9759615659713745,0.4987714886665344,0.001231830450706184
YJL010C,YJL041W,1,6.689429,0.9760765433311462,0.5012285113334656,0.001231830450706184
YDR267C,YIL115C,1,6.6807704,0.976190447807312,0.503685474395752,0.001231830450706184
YNR053C,YDR091C,1,6.668763,0.9763033390045166,0.5061424970626831,0.001231830450706184
YDR361C,YIL115C,1,6.649821,0.9764150977134705,0.5085995197296143,0.001231830450706184
YGR218W,YAL059W,1,6.648622,0.9765258431434631,0.5110564827919006,0.001231830450706184
YNR053C,YKL186C,1,6.634106,0.9766355156898499,0.5135135054588318,0.001231830450706184
YGR218W,YER036C,1,6.6313167,0.9767441749572754,0.5159705281257629,0.001231830450706184
YPL146C,YIL063C,1,6.620127,0.9768518805503845,0.5184274911880493,0.001231830450706184
YPR016C,YGL097W,1,6.6039524,0.9769585132598877,0.5208845138549805,0.001231830450706184
YLR022C,YLL034C,1,6.587484,0.9770641922950745,0.5233415365219116,0.001231830450706184
YER036C,YIL115C,1,6.5871615,0.9771689772605896,0.525798499584198,0.001231830450706184
YJL041W,YMR235C,1,6.580477,0.9772727489471436,0.5282555222511292,0.001231830450706184
YHR197W,YCR047C,1,6.497204,0.9773755669593811,0.5307125449180603,0.001231830450706184
YLR022C,YPL093W,1,6.478875,0.977477490901947,0.5331695079803467,0.001231830450706184
YCR047C,YER036C,1,6.4759984,0.9775784611701965,0.5356265306472778,0.001231830450706184
YLL034C,YDR267C,1,6.430399,0.9776785969734192,0.538083553314209,0.001231830450706184
YGL097W,YKL143W,1,6.4051805,0.9777777791023254,0.5405405163764954,0.001231830450706184
YKL143W,YOR206W,1,6.4005637,0.9778761267662048,0.5429975390434265,0.001231830450706184
YPR016C,YKL143W,1,6.3292165,0.9779735803604126,0.5454545617103577,0.001231830450706184
YGL097W,YHR170W,1,6.232002,0.9780701994895935,0.547911524772644,0.001231830450706184
YJL010C,YPL093W,1,6.2293262,0.9781659245491028,0.5503685474395752,0.001231830450706184
YGL097W,YIL115C,1,6.2160916,0.97826087474823,0.5528255701065063,0.001231830450706184
YCR030C,YLR009W,0,6.2016873,0.9740259647369385,0.5528255701065063,0.0014781965874135494
YDR091C,YER036C,1,6.197629,0.9741379022598267,0.5552825331687927,0.0014781965874135494
YBR230C,YBR031W,0,6.196903,0.9699570536613464,0.5552825331687927,0.001724562724120915
YLR022C,YDR267C,1,6.1935916,0.9700854420661926,0.5577395558357239,0.001724562724120915
YPL169C,YIL115C,1,6.1632724,0.9702127575874329,0.560196578502655,0.001724562724120915
YNR053C,YGL097W,1,6.144016,0.9703390002250671,0.5626535415649414,0.001724562724120915
YPR016C,YPL093W,1,6.1339097,0.9704641103744507,0.5651105642318726,0.001724562724120915
YPL093W,YKL143W,1,6.1059937,0.970588207244873,0.5675675868988037,0.001724562724120915
YHR170W,YIL063C,1,6.100614,0.9707112908363342,0.5700245499610901,0.001724562724120915
YNR053C,YIL115C,1,6.0893593,0.9708333611488342,0.5724815726280212,0.001724562724120915
YLL034C,YGR218W,1,6.071317,0.9709543585777283,0.5749385952949524,0.001724562724120915
YPL169C,YOR206W,1,6.0612545,0.9710744023323059,0.5773955583572388,0.001724562724120915
YGL097W,YPL146C,1,6.0524106,0.9711934328079224,0.5798525810241699,0.001724562724120915
YGR218W,YOR206W,1,6.0264144,0.9713114500045776,0.5823096036911011,0.001724562724120915
YLR129W,YGR285C,0,6.0251055,0.9673469662666321,0.5823096036911011,0.0019709288608282804
YGR218W,YPL146C,1,5.953728,0.9674796462059021,0.5847665667533875,0.0019709288608282804
YOR148C,YFR001W,0,5.9470725,0.9635627269744873,0.5847665667533875,0.002217294881120324
YPR016C,YCR047C,1,5.9381666,0.9637096524238586,0.5872235894203186,0.002217294881120324
YCR047C,YDR091C,1,5.8960323,0.9638554453849792,0.5896806120872498,0.002217294881120324
YDR091C,YPL169C,1,5.876776,0.9639999866485596,0.5921375751495361,0.002217294881120324
YGL097W,YGR245C,1,5.873673,0.9641434550285339,0.5945945978164673,0.002217294881120324
YNR053C,YPL093W,1,5.859,0.9642857313156128,0.5970516204833984,0.002217294881120324
YMR049C,YGR246C,0,5.7909794,0.9604743123054504,0.5970516204833984,0.002463660901412368
YDR172W,YPR163C,0,5.7448535,0.9566929340362549,0.5970516204833984,0.002710027154535055
YGL099W,YDR267C,1,5.692636,0.95686274766922,0.5995085835456848,0.002710027154535055
YLR022C,YGL097W,1,5.687138,0.95703125,0.601965606212616,0.002710027154535055
YLL034C,YCR047C,1,5.661283,0.957198441028595,0.6044226288795471,0.002710027154535055
YJL041W,YAL059W,1,5.6527104,0.9573643207550049,0.6068795919418335,0.002710027154535055
YLR197W,YHR085W,0,5.6412883,0.953667938709259,0.6068795919418335,0.002956393174827099
YER036C,YDR267C,1,5.5945573,0.9538461565971375,0.6093366146087646,0.002956393174827099
YPL169C,YDR267C,1,5.579622,0.954023003578186,0.6117936372756958,0.002956393174827099
YHR170W,YJL041W,1,5.4849467,0.9541984796524048,0.6142506003379822,0.002956393174827099
YGR218W,YPL093W,1,5.450651,0.9543726444244385,0.6167076230049133,0.002956393174827099
YKL186C,YJL041W,1,5.4473553,0.9545454382896423,0.6191646456718445,0.002956393174827099
YPL146C,YPL093W,1,5.387952,0.9547169804573059,0.6216216087341309,0.002956393174827099
YPL093W,YDR267C,1,5.3353477,0.9548872113227844,0.624078631401062,0.002956393174827099
YGR218W,YDR267C,1,5.3245435,0.9550561904907227,0.6265356540679932,0.002956393174827099
YGL097W,YMR235C,1,5.3097024,0.9552238583564758,0.6289926171302795,0.002956393174827099
YDR361C,YJL041W,1,5.256024,0.9553903341293335,0.6314496397972107,0.002956393174827099
YLR022C,YIL115C,1,5.243345,0.9555555582046509,0.6339066624641418,0.002956393174827099
YGL099W,YIL063C,1,5.2321105,0.955719530582428,0.6363636255264282,0.002956393174827099
YGR264C,YLR344W,0,5.2026,0.9522058963775635,0.6363636255264282,0.0032027591951191425
YDR361C,YPL169C,1,5.197478,0.9523809552192688,0.6388206481933594,0.0032027591951191425
YPL169C,YKL143W,1,5.1712947,0.9525547623634338,0.6412776708602905,0.0032027591951191425
YJL041W,YDR267C,1,5.1528497,0.9527272582054138,0.6437346339225769,0.0032027591951191425
YER074W,YBL068W,0,5.145869,0.9492753744125366,0.6437346339225769,0.00344912544824183
YDR527W,YBR238C,0,5.136595,0.9458483457565308,0.6437346339225769,0.0036954914685338736
YGL099W,YPL093W,1,5.125584,0.9460431933403015,0.6461916565895081,0.0036954914685338736
YPR016C,YDR267C,1,5.1128364,0.9462365508079529,0.6486486196517944,0.0036954914685338736
YNR053C,YPL169C,1,5.1050415,0.9464285969734192,0.6511056423187256,0.0036954914685338736
YPL169C,YJL041W,1,5.0648026,0.9466192126274109,0.6535626649856567,0.0036954914685338736
YPL093W,YMR235C,1,5.0610666,0.9468085169792175,0.6560196280479431,0.0036954914685338736
YKL143W,YDR267C,1,5.0051646,0.9469964504241943,0.6584766507148743,0.0036954914685338736
YCR047C,YMR235C,1,5.005092,0.9471830725669861,0.6609336733818054,0.0036954914685338736
YLL034C,YJL041W,1,4.9977226,0.9473684430122375,0.6633906364440918,0.0036954914685338736
YJL010C,YIL063C,1,4.952906,0.9475524425506592,0.665847659111023,0.0036954914685338736
YLL034C,YPL093W,1,4.854443,0.9477351903915405,0.6683046817779541,0.0036954914685338736
YMR093W,YBL068W,0,4.839944,0.9444444179534912,0.6683046817779541,0.003941857721656561
YHR069C,YOR098C,0,4.8107314,0.9411764740943909,0.6683046817779541,0.004188223741948605
YMR235C,YAL059W,1,4.796705,0.9413793087005615,0.6707616448402405,0.004188223741948605
YLL034C,YOR206W,1,4.764306,0.9415807723999023,0.6732186675071716,0.004188223741948605
YGR264C,YML056C,0,4.6847634,0.9383561611175537,0.6732186675071716,0.004434589762240648
YFR045W,YNL223W,0,4.6493363,0.935153603553772,0.6732186675071716,0.004680955782532692
YGR218W,YJL041W,1,4.6118145,0.9353741407394409,0.6756756901741028,0.004680955782532692
YMR061W,YPL050C,0,4.610479,0.9322034120559692,0.6756756901741028,0.004927321802824736
YOR216C,YKL082C,0,4.5912,0.9290540814399719,0.6756756901741028,0.005173688288778067
YDR172W,YGR229C,0,4.5908465,0.9259259104728699,0.6756756901741028,0.00542005430907011
YDR091C,YJL041W,1,4.5828414,0.926174521446228,0.6781326532363892,0.00542005430907011
YKL205W,YBR061C,0,4.563953,0.9230769276618958,0.6781326532363892,0.005666420329362154
YJL010C,YIL115C,1,4.543853,0.9233333468437195,0.6805896759033203,0.005666420329362154
YMR235C,YIL115C,1,4.496495,0.9235880374908447,0.6830466985702515,0.005666420329362154
YJL010C,YGL097W,1,4.468283,0.9238410592079163,0.6855036616325378,0.005666420329362154
YMR235C,YDR267C,1,4.4212165,0.9240924119949341,0.687960684299469,0.005666420329362154
YDR091C,YIL063C,1,4.403369,0.9243420958518982,0.6904177069664001,0.005666420329362154
YLR022C,YKL186C,1,4.340217,0.9245901703834534,0.6928746700286865,0.005666420329362154
YGR218W,YKL143W,1,4.316301,0.9248365759849548,0.6953316926956177,0.005666420329362154
YDR091C,YGL172W,1,4.2297034,0.9250814318656921,0.6977887153625488,0.005666420329362154
YER036C,YPL093W,1,4.1957126,0.9253246784210205,0.7002456784248352,0.005666420329362154
YGR251W,YNL016W,0,4.182894,0.9223300814628601,0.7002456784248352,0.005912786349654198
YJL010C,YPL169C,1,4.175652,0.9225806593894958,0.7027027010917664,0.005912786349654198
YOL142W,YPL093W,0,4.126447,0.9196141362190247,0.7027027010917664,0.006159152369946241
YOL141W,YLR073C,0,4.0627666,0.9166666865348816,0.7027027010917664,0.006405518390238285
YLL008W,YBR141C,0,4.0606494,0.9137380123138428,0.7027027010917664,0.006651884876191616
YNL110C,YNR015W,0,4.0254636,0.9108280539512634,0.7027027010917664,0.00689825089648366
YOR206W,YDR267C,1,4.0218124,0.9111111164093018,0.7051597237586975,0.00689825089648366
YPR016C,YPL169C,1,4.0076227,0.9113923907279968,0.7076166868209839,0.00689825089648366
YHL012W,YJL191W,0,3.9795787,0.9085173606872559,0.7076166868209839,0.007144616916775703
YLR022C,YJL041W,1,3.9786737,0.9088050127029419,0.710073709487915,0.007144616916775703
YLR401C,YDR245W,0,3.958143,0.9059560894966125,0.710073709487915,0.007390982937067747
YPR016C,YJL041W,1,3.9171507,0.90625,0.7125307321548462,0.007390982937067747
YOR106W,YLL034C,0,3.9077723,0.9034267663955688,0.7125307321548462,0.007637348957359791
YJL155C,YPR160W,0,3.8631275,0.9006211161613464,0.7125307321548462,0.007883715443313122
YHR197W,YGL172W,1,3.8549368,0.900928795337677,0.7149876952171326,0.007883715443313122
YCR047C,YGL172W,1,3.8534229,0.9012345671653748,0.7174447178840637,0.007883715443313122
YGR145W,YDR429C,0,3.803981,0.8984615206718445,0.7174447178840637,0.008130080997943878
YMR093W,YNL080C,0,3.7671342,0.89570552110672,0.7174447178840637,0.00837644748389721
YPR016C,YIL063C,1,3.7372339,0.8960244655609131,0.7199017405509949,0.00837644748389721
YCR047C,YJL041W,1,3.7047431,0.8963414430618286,0.7223587036132812,0.00837644748389721
YGL097W,YPL093W,1,3.6985197,0.8966565132141113,0.7248157262802124,0.00837644748389721
YGR245C,YIL063C,1,3.6944838,0.8969696760177612,0.7272727489471436,0.00837644748389721
YPR016C,YOR206W,1,3.6935346,0.8972809910774231,0.7297297120094299,0.00837644748389721
YDR167W,YNR006W,0,3.6752264,0.8945783376693726,0.7297297120094299,0.008622813038527966
YHR066W,YIL047C,0,3.6567628,0.8918918967247009,0.7297297120094299,0.008869179524481297
YDR527W,YMR239C,0,3.646194,0.8892215490341187,0.7297297120094299,0.009115546010434628
YLR401C,YFR001W,0,3.639871,0.8865671753883362,0.7297297120094299,0.009361911565065384
YOR304W,YKR028W,0,3.5790637,0.8839285969734192,0.7297297120094299,0.009608278051018715
YER125W,YKL143W,1,3.577705,0.8842729926109314,0.7321867346763611,0.009608278051018715
YPL093W,YOR206W,1,3.511115,0.8846153616905212,0.7346437573432922,0.009608278051018715
YEL036C,YDL040C,0,3.5062077,0.8820058703422546,0.7346437573432922,0.009854643605649471
YOL141W,YBL068W,0,3.4863527,0.8794117569923401,0.7346437573432922,0.010101010091602802
YOL124C,YGL113W,0,3.4481523,0.8768328428268433,0.7346437573432922,0.010347376577556133
YPL169C,YPL146C,1,3.4444573,0.8771929740905762,0.7371007204055786,0.010347376577556133
YCR047C,YIL115C,1,3.4317453,0.8775510191917419,0.7395577430725098,0.010347376577556133
YMR235C,YIL063C,1,3.4002907,0.8779069781303406,0.7420147657394409,0.010347376577556133
YLL045C,YHR119W,0,3.3922658,0.8753623366355896,0.7420147657394409,0.01059374213218689
YCR047C,YPL093W,1,3.3699262,0.8757225275039673,0.7444717288017273,0.01059374213218689
YPL093W,YIL063C,1,3.2660048,0.8760806918144226,0.7469287514686584,0.01059374213218689
YDR361C,YGL172W,1,3.2351239,0.8764367699623108,0.7493857741355896,0.01059374213218689
YOL010W,YLR197W,0,3.2298613,0.873925507068634,0.7493857741355896,0.01084010861814022
YOR310C,YKL205W,0,3.2227488,0.8714285492897034,0.7493857741355896,0.011086474172770977
YDR310C,YGR105W,0,3.218362,0.8689458966255188,0.7493857741355896,0.011332840658724308
YJR070C,YDR081C,0,3.1923177,0.8664772510528564,0.7493857741355896,0.011579207144677639
YKL078W,YOR292C,0,3.1455877,0.8640226721763611,0.7493857741355896,0.011825572699308395
YCR047C,YIL063C,1,3.134199,0.8644067645072937,0.751842737197876,0.011825572699308395
YLL045C,YJR070C,0,3.1326983,0.8619718551635742,0.751842737197876,0.012071939185261726
YCR047C,YDR267C,1,3.0727508,0.8623595237731934,0.7542997598648071,0.012071939185261726
YJL194W,YLR103C,0,3.0723772,0.8599439859390259,0.7542997598648071,0.012318304739892483
YER022W,YDR170C,0,3.0607522,0.8575419187545776,0.7542997598648071,0.012564671225845814
YHR047C,YOR340C,0,3.0495098,0.8551532030105591,0.7542997598648071,0.01281103678047657
YMR169C,YPR194C,0,3.0253575,0.8527777791023254,0.7542997598648071,0.013057403266429901
YPL169C,YPL093W,1,2.9977765,0.8531855940818787,0.7567567825317383,0.013057403266429901
YLR022C,YMR235C,1,2.9759355,0.8535911440849304,0.7592137455940247,0.013057403266429901
YNL182C,YML109W,0,2.9438643,0.8512396812438965,0.7592137455940247,0.013303769752383232
YDR267C,YIL063C,1,2.9347167,0.8516483306884766,0.7616707682609558,0.013303769752383232
YLL034C,YGL172W,1,2.9223697,0.8520547747612,0.764127790927887,0.013303769752383232
YDL111C,YPL011C,0,2.9065201,0.8497267961502075,0.764127790927887,0.013550135307013988
YLL034C,YIL063C,1,2.88018,0.8501362204551697,0.7665847539901733,0.013550135307013988
YDR083W,YJR032W,0,2.8757248,0.8478260636329651,0.7665847539901733,0.01379650179296732
YER165W,YAL029C,0,2.8692343,0.8455284833908081,0.7665847539901733,0.014042867347598076
YPL169C,YKL186C,1,2.8592098,0.8459459543228149,0.7690417766571045,0.014042867347598076
YDR081C,YPL093W,0,2.852444,0.8436657786369324,0.7690417766571045,0.014289233833551407
YNL273W,YPL087W,0,2.8392508,0.8413978219032288,0.7690417766571045,0.014535600319504738
YJL041W,YGL172W,1,2.826267,0.8418230414390564,0.7714987993240356,0.014535600319504738
YDL061C,YDR429C,0,2.7976806,0.8395721912384033,0.7714987993240356,0.014781965874135494
YJR070C,YJR112W,0,2.797518,0.8373333215713501,0.7714987993240356,0.015028332360088825
YGL097W,YGL172W,1,2.7541118,0.8377659320831299,0.773955762386322,0.015028332360088825
YOL142W,YHR174W,0,2.7428563,0.8355437517166138,0.773955762386322,0.015274697914719582
YHR061C,YNR017W,0,2.7391388,0.8333333134651184,0.773955762386322,0.015521064400672913
YOR206W,YDL077C,0,2.7044108,0.831134557723999,0.773955762386322,0.015767430886626244
YGL099W,YJL041W,1,2.6959615,0.8315789699554443,0.7764127850532532,0.015767430886626244
YNL232W,YNL050C,0,2.6955748,0.8293963074684143,0.7764127850532532,0.016013797372579575
YGL099W,YGL172W,1,2.6792285,0.8298429250717163,0.7788698077201843,0.016013797372579575
YKL067W,YMR159C,0,2.6731164,0.8276762366294861,0.7788698077201843,0.016260161995887756
YLR321C,YGL241W,0,2.6671147,0.8255208134651184,0.7788698077201843,0.016506528481841087
YGR218W,YIL063C,1,2.6626928,0.8259740471839905,0.7813267707824707,0.016506528481841087
YJL041W,YIL063C,1,2.6443644,0.8264248967170715,0.7837837934494019,0.016506528481841087
YPL127C,YLR153C,0,2.6384277,0.8242893815040588,0.7837837934494019,0.01675289496779442
YGR251W,YDR429C,0,2.6210651,0.8221649527549744,0.7837837934494019,0.01699926145374775
YLR022C,YIL063C,1,2.619233,0.8226221203804016,0.7862407565116882,0.01699926145374775
YOR310C,YBR141C,0,2.6051831,0.8205128312110901,0.7862407565116882,0.01724562607705593
YDR167W,YMR301C,0,2.5997183,0.8184143304824829,0.7862407565116882,0.017491992563009262
YLL034C,YPL169C,1,2.5747788,0.8188775777816772,0.7886977791786194,0.017491992563009262
YPL196W,YHR058C,0,2.5707242,0.8167939186096191,0.7886977791786194,0.017738359048962593
YMR025W,YJL103C,0,2.5519803,0.8147208094596863,0.7886977791786194,0.017984725534915924
YOR304W,YLR285W,0,2.5332026,0.8126582503318787,0.7886977791786194,0.018231092020869255
YKL186C,YDL170W,0,2.5314646,0.810606062412262,0.7886977791786194,0.018477456644177437
YKL190W,YBR020W,0,2.5276954,0.8085642457008362,0.7886977791786194,0.018723823130130768
YGR034W,YPR060C,0,2.5107892,0.8065326809883118,0.7886977791786194,0.0189701896160841
YMR005W,YLL008W,0,2.46879,0.8045112490653992,0.7886977791786194,0.01921655610203743
YLR264W,YBL092W,0,2.458488,0.8025000095367432,0.7886977791786194,0.01946292258799076
YLR022C,YPL169C,1,2.4497342,0.8029925227165222,0.7911548018455505,0.01946292258799076
YHR197W,YIL063C,1,2.4497151,0.8034825921058655,0.7936117649078369,0.01946292258799076
YPL169C,YIL063C,1,2.4115264,0.803970217704773,0.7960687875747681,0.01946292258799076
YIL142W,YGL014W,0,2.406366,0.801980197429657,0.7960687875747681,0.019709287211298943
YDR454C,YKL074C,0,2.3884292,0.800000011920929,0.7960687875747681,0.019955653697252274
YER125W,YGR245C,1,2.3874915,0.8004925847053528,0.7985258102416992,0.019955653697252274
YLR022C,YGR218W,1,2.380749,0.8009827733039856,0.8009827733039856,0.019955653697252274
YNL309W,YBR067C,0,2.37384,0.7990196347236633,0.8009827733039856,0.020202020183205605
YPL139C,YKL172W,0,2.3666177,0.7970660328865051,0.8009827733039856,0.020448386669158936
YPL169C,YGL172W,1,2.3615968,0.79756098985672,0.8034397959709167,0.020448386669158936
YHR170W,YGL172W,1,2.3554513,0.798053503036499,0.8058968186378479,0.020448386669158936
YOL010W,YGR285C,0,2.34869,0.7961165308952332,0.8058968186378479,0.020694753155112267
YPL082C,YGR027C,0,2.3458645,0.7941888570785522,0.8058968186378479,0.02094111777842045
YCR047C,YPL169C,1,2.3241308,0.7946860194206238,0.8083537817001343,0.02094111777842045
YER125W,YHR197W,1,2.311306,0.7951807379722595,0.8108108043670654,0.02094111777842045
YCR047C,YGR218W,1,2.311093,0.7956730723381042,0.8132678270339966,0.02094111777842045
YER049W,YLR130C,0,2.3009794,0.7937650084495544,0.8132678270339966,0.02118748426437378
YER125W,YJL010C,1,2.2871342,0.7942583560943604,0.815724790096283,0.02118748426437378
YGR218W,YGL172W,1,2.2800853,0.79474937915802,0.8181818127632141,0.02118748426437378
YDR083W,YNL121C,0,2.2713044,0.7928571701049805,0.8181818127632141,0.02143385075032711
YHR209W,YNL192W,0,2.2313251,0.7909738421440125,0.8181818127632141,0.02168021723628044
YGL037C,YPR043W,0,2.2276866,0.7890995144844055,0.8181818127632141,0.021926583722233772
YKR057W,YMR269W,0,2.215284,0.7872340679168701,0.8181818127632141,0.022172948345541954
YIL108W,YGL030W,0,2.2121053,0.7853773832321167,0.8181818127632141,0.022419314831495285
YIL115C,YIL063C,1,2.1857674,0.7858823537826538,0.8206388354301453,0.022419314831495285
YNL271C,YIL132C,0,2.1853888,0.7840375304222107,0.8206388354301453,0.022665681317448616
YOR287C,YOL040C,0,2.1843975,0.7822014093399048,0.8206388354301453,0.022912047803401947
YOR159C,YOL124C,0,2.184324,0.7803738117218018,0.8206388354301453,0.023158414289355278
YNL008C,YLR291C,0,2.176705,0.7785547971725464,0.8206388354301453,0.02340477891266346
YGR180C,YNR015W,0,2.1659772,0.7767441868782043,0.8206388354301453,0.02365114539861679
YKL186C,YHR170W,1,2.1517808,0.7772621512413025,0.8230957984924316,0.02365114539861679
YIL079C,YMR143W,0,2.146623,0.7754629850387573,0.8230957984924316,0.023897511884570122
YDR423C,YJL081C,0,2.1228626,0.7736720442771912,0.8230957984924316,0.024143878370523453
YEL022W,YNL110C,0,2.1192381,0.7718893885612488,0.8230957984924316,0.024390242993831635
YGL097W,YDR267C,1,2.1161053,0.7724137902259827,0.8255528211593628,0.024390242993831635
YKL143W,YJL041W,1,2.0850708,0.7729358077049255,0.828009843826294,0.024390242993831635
YFR001W,YLR309C,0,2.0720992,0.7711670398712158,0.828009843826294,0.024636609479784966
YKL205W,YDR444W,0,2.0590394,0.7694063782691956,0.828009843826294,0.024882975965738297
YOL010W,YMR117C,0,2.05871,0.76765376329422,0.828009843826294,0.025129342451691628
YDR454C,YHR004C,0,2.0551627,0.7659090757369995,0.828009843826294,0.02537570893764496
YGR081C,YPL122C,0,2.0488787,0.7641723155975342,0.828009843826294,0.02562207356095314
YDR429C,YOR232W,0,2.0091388,0.7624434232711792,0.828009843826294,0.02586844004690647
YMR049C,YKR008W,0,1.9918233,0.7607223391532898,0.828009843826294,0.026114806532859802
YDR064W,YHR008C,0,1.9726914,0.7590090036392212,0.828009843826294,0.026361173018813133
YDL084W,YDL097C,0,1.9723562,0.7573033571243286,0.828009843826294,0.026607539504766464
YDL208W,YGR027C,0,1.9517313,0.7556053996086121,0.828009843826294,0.026853904128074646
YPL146C,YKL186C,1,1.9449962,0.7561521530151367,0.8304668068885803,0.026853904128074646
YBR196C,YOL124C,0,1.9317802,0.7544642686843872,0.8304668068885803,0.027100270614027977
YDR512C,YOR232W,0,1.9224788,0.7527839541435242,0.8304668068885803,0.027346637099981308
YBR031W,YBR074W,0,1.920736,0.7511110901832581,0.8304668068885803,0.02759300358593464
YPL104W,YLR073C,0,1.9188913,0.7494456768035889,0.8304668068885803,0.02783937007188797
YPR189W,YJL176C,0,1.9146401,0.747787594795227,0.8304668068885803,0.02808573469519615
YOL141W,YDL208W,0,1.9131716,0.7461368441581726,0.8304668068885803,0.028332101181149483
YJL087C,YNL080C,0,1.8981885,0.7444933652877808,0.8304668068885803,0.028578467667102814
YGR285C,YBL092W,0,1.8771676,0.7428571581840515,0.8304668068885803,0.028824834153056145
YDR167W,YNR060W,0,1.8765877,0.7412280440330505,0.8304668068885803,0.029071200639009476
YHR066W,YMR038C,0,1.8580056,0.7396061420440674,0.8304668068885803,0.029317565262317657
YGR251W,YBR155W,0,1.8543605,0.7379912734031677,0.8304668068885803,0.02956393174827099
YKL143W,YIL063C,1,1.843038,0.7385621070861816,0.8329238295555115,0.02956393174827099
YOL052C,YDL148C,0,1.8222843,0.7369565367698669,0.8329238295555115,0.02981029823422432
YOR301W,YLR264W,0,1.8099409,0.735357940196991,0.8329238295555115,0.03005666472017765
YPL082C,YBL068W,0,1.8075165,0.7337662577629089,0.8329238295555115,0.03030303120613098
YKL186C,YKL143W,1,1.7995003,0.7343412637710571,0.8353808522224426,0.03030303120613098
YDR245W,YDR449C,0,1.7963694,0.732758641242981,0.8353808522224426,0.030549395829439163
YER036C,YIL063C,1,1.7901479,0.7333333492279053,0.837837815284729,0.030549395829439163
YDR460W,YJR032W,0,1.7815771,0.7317596673965454,0.837837815284729,0.030795762315392494
YMR169C,YKL205W,0,1.7730969,0.7301927208900452,0.837837815284729,0.031042128801345825
YBR223C,YBR145W,0,1.7675191,0.7286324501037598,0.837837815284729,0.03128849342465401
YLR228C,YLR291C,0,1.7668232,0.727078914642334,0.837837815284729,0.03153486177325249
YLL008W,YDR494W,0,1.7544982,0.7255319356918335,0.837837815284729,0.03178122639656067
YDR076W,YIL170W,0,1.7395036,0.7239915132522583,0.837837815284729,0.03202759474515915
YJL087C,YNL008C,0,1.7318317,0.7224576473236084,0.837837815284729,0.03227395936846733
YER125W,YGL099W,1,1.7308828,0.7230443954467773,0.8402948379516602,0.03227395936846733
YAL060W,YNL274C,0,1.7249774,0.7215189933776855,0.8402948379516602,0.03252032399177551
YOL010W,YOR340C,0,1.7121061,0.7200000286102295,0.8402948379516602,0.03276669234037399
YJL010C,YGL172W,1,1.7082936,0.720588207244873,0.8427518606185913,0.03276669234037399
YPL163C,YKL001C,0,1.7037385,0.7190775871276855,0.8427518606185913,0.033013056963682175
YDL142C,YKR026C,0,1.7004137,0.7175732254981995,0.8427518606185913,0.033259425312280655
YLR183C,YMR173W,0,1.6961035,0.7160751819610596,0.8427518606185913,0.03350578993558884
YLR344W,YDR281C,0,1.688085,0.7145833373069763,0.8427518606185913,0.03375215455889702
YGL172W,YLL027W,0,1.6873859,0.7130976915359497,0.8427518606185913,0.0339985229074955
YDR454C,YDL070W,0,1.6849331,0.7116182446479797,0.8427518606185913,0.03424488753080368
YJR140C,YFL021W,0,1.6757549,0.7101449370384216,0.8427518606185913,0.03449125215411186
YDL059C,YGL026C,0,1.6712757,0.7086777091026306,0.8427518606185913,0.03473762050271034
YNL153C,YGL037C,0,1.6499561,0.7072165012359619,0.8427518606185913,0.034983985126018524
YKL186C,YOR206W,1,1.6140608,0.7078189253807068,0.8452088236808777,0.034983985126018524
YPR135W,YDR245W,0,1.6093723,0.7063655257225037,0.8452088236808777,0.035230353474617004
YGL172W,YJR092W,0,1.604598,0.7049180269241333,0.8452088236808777,0.035476718097925186
YNL085W,YLL002W,0,1.6013807,0.7034764885902405,0.8452088236808777,0.03572308272123337
YOR145C,YEL040W,0,1.6009598,0.7020407915115356,0.8452088236808777,0.03596945106983185
YMR046C,YKL172W,0,1.5934932,0.7006109952926636,0.8452088236808777,0.03621581569314003
YKL180W,YDL022W,0,1.590896,0.6991869807243347,0.8452088236808777,0.03646218404173851
YBR006W,YMR173W,0,1.5788647,0.6977687478065491,0.8452088236808777,0.03670854866504669
YGR218W,YKL186C,1,1.5735264,0.6983805894851685,0.8476658463478088,0.03670854866504669
YOL107W,YKL165C,0,1.5696357,0.6969696879386902,0.8476658463478088,0.036954913288354874
YGL099W,YKL186C,1,1.5675551,0.6975806355476379,0.85012286901474,0.036954913288354874
YAL038W,YKL172W,0,1.5566144,0.696177065372467,0.85012286901474,0.037201281636953354
YOR243C,YKL038W,0,1.5561951,0.694779098033905,0.85012286901474,0.037447646260261536
YKL186C,YGR245C,1,1.5490458,0.6953907608985901,0.8525798320770264,0.037447646260261536
YLR321C,YIL047C,0,1.5334355,0.6940000057220459,0.8525798320770264,0.037694014608860016
YJL191W,YBL089W,0,1.5184072,0.6926147937774658,0.8525798320770264,0.0379403792321682
YOL124C,YDR226W,0,1.5155913,0.6912350654602051,0.8525798320770264,0.03818674385547638
YML099C,YHR077C,0,1.5018326,0.6898608207702637,0.8525798320770264,0.03843311220407486
YDR392W,YHR008C,0,1.5013283,0.6884920597076416,0.8525798320770264,0.03867947682738304
YGL037C,YDR170C,0,1.4945414,0.6871287226676941,0.8525798320770264,0.03892584517598152
YPL050C,YDR062W,0,1.485396,0.6857707500457764,0.8525798320770264,0.0391722097992897
YGL209W,YPL002C,0,1.4765984,0.6844181418418884,0.8525798320770264,0.039418574422597885
YGL097W,YIL063C,1,1.4585876,0.6850393414497375,0.8550368547439575,0.039418574422597885
YGR081C,YOR148C,0,1.4532657,0.683693528175354,0.8550368547439575,0.039664942771196365
YGL225W,YLR429W,0,1.4431638,0.6823529601097107,0.8550368547439575,0.03991130739450455
YKL009W,YMR319C,0,1.4397604,0.6810176372528076,0.8550368547439575,0.04015767574310303
YIL115C,YGL172W,1,1.4149703,0.681640625,0.8574938774108887,0.04015767574310303
YLL043W,YIL133C,0,1.4138521,0.680311918258667,0.8574938774108887,0.04040404036641121
YJL166W,YLL008W,0,1.3973085,0.6789883375167847,0.8574938774108887,0.04065040498971939
YGL172W,YAL059W,1,1.3943437,0.6796116232872009,0.859950840473175,0.04065040498971939
YHR069C,YOR355W,0,1.3798343,0.6782945990562439,0.859950840473175,0.04089677333831787
YKL186C,YIL063C,1,1.3726758,0.6789168119430542,0.8624078631401062,0.04089677333831787
YGL097W,YJL041W,1,1.3725766,0.6795367002487183,0.8648648858070374,0.04089677333831787
YGR216C,YKL096W-A,0,1.3702589,0.6782273650169373,0.8648648858070374,0.04114313796162605
YGL172W,YOR206W,1,1.3671573,0.6788461804389954,0.8673218488693237,0.04114313796162605
YPR144C,YMR200W,0,1.3518709,0.6775431632995605,0.8673218488693237,0.04138950631022453
YKL205W,YNR060W,0,1.3456236,0.6762452125549316,0.8673218488693237,0.041635870933532715
YER036C,YJL041W,1,1.3453484,0.6768642663955688,0.8697788715362549,0.041635870933532715
YOR243C,YBR095C,0,1.3446839,0.6755725145339966,0.8697788715362549,0.0418822355568409
YBR247C,YJL166W,0,1.3377076,0.6742857098579407,0.8697788715362549,0.04212860390543938
YAL033W,YFR001W,0,1.3230712,0.6730037927627563,0.8697788715362549,0.04237496852874756
YGR143W,YPR160W,0,1.3209902,0.6717267632484436,0.8697788715362549,0.04262133687734604
YER049W,YDL227C,0,1.3190851,0.6704545617103577,0.8697788715362549,0.04286770150065422
YPL223C,YJL095W,0,1.3157803,0.6691871285438538,0.8697788715362549,0.0431140661239624
YGR285C,YOL093W,0,1.3104185,0.6679245233535767,0.8697788715362549,0.04336043447256088
YPR016C,YGL172W,1,1.3082522,0.6685498952865601,0.872235894203186,0.04336043447256088
YBR052C,YGL030W,0,1.3046814,0.6672932505607605,0.872235894203186,0.043606799095869064
YCL034W,YFL021W,0,1.2914257,0.6660412549972534,0.872235894203186,0.043853167444467545
YER125W,YGL097W,1,1.2857288,0.6666666865348816,0.8746928572654724,0.043853167444467545
YHR041C,YGL050W,0,1.2502407,0.6654205322265625,0.8746928572654724,0.044099532067775726
YBR247C,YMR210W,0,1.2435821,0.6641790866851807,0.8746928572654724,0.04434589669108391
YMR235C,YGL172W,1,1.2404317,0.6648044586181641,0.8771498799324036,0.04434589669108391
YLR129W,YOR338W,0,1.2385973,0.6635687947273254,0.8771498799324036,0.04459226503968239
YLR157C,YGR118W,0,1.2381829,0.6623376607894897,0.8771498799324036,0.04483862966299057
YNL044W,YNR067C,0,1.2226099,0.6611111164093018,0.8771498799324036,0.04508499801158905
YPL273W,YMR075W,0,1.2224845,0.6598891019821167,0.8771498799324036,0.04533136263489723
YNL085W,YDR451C,0,1.2161422,0.6586715579032898,0.8771498799324036,0.045577727258205414
YDR423C,YDL198C,0,1.2110915,0.6574585437774658,0.8771498799324036,0.045824095606803894
YPL093W,YJL041W,1,1.1997157,0.658088207244873,0.8796069025993347,0.045824095606803894
YJR127C,YOR274W,0,1.1950287,0.6568807363510132,0.8796069025993347,0.046070460230112076
YLR452C,YDR170C,0,1.1936717,0.6556776762008667,0.8796069025993347,0.046316828578710556
YMR049C,YMR172W,0,1.1916921,0.6544789671897888,0.8796069025993347,0.04656319320201874
YOR283W,YHR085W,0,1.1562723,0.6532846689224243,0.8796069025993347,0.04680955782532692
YDL227C,YKL094W,0,1.1485845,0.6520947217941284,0.8796069025993347,0.0470559261739254
YLR197W,YGL030W,0,1.1426983,0.6509090662002563,0.8796069025993347,0.04730229079723358
YOL142W,YGL241W,0,1.1335665,0.6497277617454529,0.8796069025993347,0.04754865914583206
YJR036C,YFL014W,0,1.1285084,0.6485507488250732,0.8796069025993347,0.047795023769140244
YPR080W,YNL182C,0,1.1256934,0.6473779678344727,0.8796069025993347,0.048041388392448425
YDL040C,YBL092W,0,1.1173724,0.6462093591690063,0.8796069025993347,0.048287756741046906
YJR092W,YLR270W,0,1.1168312,0.6450450420379639,0.8796069025993347,0.04853412136435509
YLL034C,YIR018W,0,1.1153165,0.6438848972320557,0.8796069025993347,0.04878048598766327
YOR283W,YNL016W,0,1.1132265,0.6427289247512817,0.8796069025993347,0.04902685433626175
YGL174W,YJL006C,0,1.1088256,0.6415770649909973,0.8796069025993347,0.04927321895956993
YGL174W,YHR058C,0,1.0940646,0.6404293179512024,0.8796069025993347,0.04951958730816841
YJL030W,YER104W,0,1.0749404,0.6392857432365417,0.8796069025993347,0.04976595193147659
YER125W,YDR267C,1,1.0709263,0.6399286985397339,0.8820638656616211,0.04976595193147659
YKL186C,YDR267C,1,1.0669233,0.6405693888664246,0.8845208883285522,0.04976595193147659
YGR180C,YPL065W,0,1.0612098,0.6394315958023071,0.8845208883285522,0.050012316554784775
YNL271C,YDR064W,0,1.0538436,0.6382978558540344,0.8845208883285522,0.050258684903383255
YHR085W,YJL085W,0,1.0446252,0.6371681690216064,0.8845208883285522,0.05050504952669144
YOR287C,YGR185C,0,1.0394112,0.6360424160957336,0.8845208883285522,0.05075141787528992
YJL194W,YJL187C,0,1.0264385,0.6349206566810608,0.8845208883285522,0.0509977824985981
YMR038C,YDR429C,0,1.0260315,0.6338028311729431,0.8845208883285522,0.05124414712190628
YBR187W,YDR151C,0,1.0248035,0.6326889395713806,0.8845208883285522,0.05149051547050476
YDR494W,YGR229C,0,1.0245188,0.6315789222717285,0.8845208883285522,0.05173688009381294
YGR214W,YKL094W,0,1.0210416,0.6304728388786316,0.8845208883285522,0.05198324844241142
YDR174W,YLR213C,0,1.0152375,0.6293706297874451,0.8845208883285522,0.052229613065719604
YER125W,YPL169C,1,1.0098763,0.6300174593925476,0.8869779109954834,0.052229613065719604
YLR080W,YGL037C,0,1.0081536,0.6289198398590088,0.8869779109954834,0.052475977689027786
YOR355W,YLR088W,0,1.0047507,0.6278260946273804,0.8869779109954834,0.052722346037626266
YJL187C,YNL219C,0,0.9994831,0.6267361044883728,0.8869779109954834,0.05296871066093445
YOR323C,YPL064C,0,0.9966899,0.6256499290466309,0.8869779109954834,0.05321507900953293
YDL047W,YDL083C,0,0.9918941,0.624567449092865,0.8869779109954834,0.05346144363284111
YKL205W,YER104W,0,0.99007785,0.6234887838363647,0.8869779109954834,0.05370780825614929
YLR103C,YDR195W,0,0.98588264,0.6224138140678406,0.8869779109954834,0.05395417660474777
YJL029C,YHR085W,0,0.97156835,0.6213425397872925,0.8869779109954834,0.054200541228055954
YPL223C,YOR377W,0,0.9702333,0.6202749013900757,0.8869779109954834,0.054446909576654434
YLR197W,YGL113W,0,0.96328413,0.619210958480835,0.8869779109954834,0.054693274199962616
YHR066W,YKL074C,0,0.96274555,0.6181507110595703,0.8869779109954834,0.0549396388232708
YOR239W,YLR005W,0,0.9500066,0.6170940399169922,0.8869779109954834,0.05518600717186928
YKR071C,YMR308C,0,0.94855,0.6160409450531006,0.8869779109954834,0.05543237179517746
YOR243C,YPR001W,0,0.9303216,0.6149914860725403,0.8869779109954834,0.05567874014377594
YBR223C,YGR112W,0,0.92926013,0.6139456033706665,0.8869779109954834,0.05592510476708412
YPL064C,YJL134W,0,0.9280083,0.6129032373428345,0.8869779109954834,0.0561714693903923
YIL021W,YPL252C,0,0.92767227,0.6118643879890442,0.8869779109954834,0.056417837738990784
YNL163C,YBR093C,0,0.92638886,0.6108291149139404,0.8869779109954834,0.056664202362298965
YGR112W,YNL175C,0,0.92228127,0.6097972989082336,0.8869779109954834,0.056910570710897446
YGL244W,YLR163C,0,0.91205597,0.6087689995765686,0.8869779109954834,0.05715693533420563
YDL036C,YOL124C,0,0.89966,0.6077440977096558,0.8869779109954834,0.05740329995751381
YPL146C,YGL172W,1,0.89825666,0.6084033846855164,0.8894348740577698,0.05740329995751381
YLR321C,YNL238W,0,0.8976201,0.6073825359344482,0.8894348740577698,0.05764966830611229
YER125W,YDR361C,1,0.88302267,0.6080402135848999,0.8918918967247009,0.05764966830611229
YFR001W,YML128C,0,0.878441,0.6070234179496765,0.8918918967247009,0.05789603292942047
YLR224W,YFR052W,0,0.8769156,0.6060100197792053,0.8918918967247009,0.05814240127801895
YBR059C,YNL092W,0,0.8731073,0.6050000190734863,0.8918918967247009,0.05838876590132713
YPL139C,YDL040C,0,0.87131464,0.6039933562278748,0.8918918967247009,0.058635130524635315
YCR047C,YGL097W,1,0.8666272,0.604651153087616,0.8943489193916321,0.058635130524635315
YER098W,YLL034C,0,0.86383283,0.6036484241485596,0.8943489193916321,0.058881498873233795
YDR499W,YPR200C,0,0.86196434,0.6026490330696106,0.8943489193916321,0.05912786349654198
YJR147W,YMR176W,0,0.85238373,0.6016529202461243,0.8943489193916321,0.05937423184514046
YML097C,YDL198C,0,0.84173167,0.6006600856781006,0.8943489193916321,0.05962059646844864
YGR288W,YKL009W,0,0.83739936,0.5996705293655396,0.8943489193916321,0.05986696109175682
YOR239W,YDR496C,0,0.83072245,0.5986841917037964,0.8943489193916321,0.0601133294403553
YML051W,YNR031C,0,0.8167522,0.5977011322975159,0.8943489193916321,0.06035969406366348
YGL244W,YDR337W,0,0.81540596,0.5967212915420532,0.8943489193916321,0.06060606241226196
YHR047C,YNL016W,0,0.7952609,0.5957446694374084,0.8943489193916321,0.060852427035570145
YOL090W,YER002W,0,0.786695,0.5947712659835815,0.8943489193916321,0.061098791658878326
YJL010C,YKL186C,1,0.7861203,0.5954322814941406,0.8968058824539185,0.061098791658878326
YDR174W,YER168C,0,0.77560747,0.594462513923645,0.8968058824539185,0.06134516000747681
YER125W,YNR053C,1,0.775524,0.5951219797134399,0.8992629051208496,0.06134516000747681
YLL034C,YGL097W,1,0.7680695,0.5957792401313782,0.9017199277877808,0.06134516000747681
YGL209W,YGL122C,0,0.766047,0.5948135852813721,0.9017199277877808,0.06159152463078499
YOL028C,YOR222W,0,0.76500607,0.5938511490821838,0.9017199277877808,0.06183788925409317
YER125W,YDR091C,1,0.7614299,0.5945072770118713,0.9041768908500671,0.06183788925409317
YIL079C,YHR135C,0,0.7587491,0.5935483574867249,0.9041768908500671,0.06208425760269165
YDR281C,YGR214W,0,0.7566416,0.5925925970077515,0.9041768908500671,0.06233062222599983
YEL036C,YJR032W,0,0.7542192,0.5916398763656616,0.9041768908500671,0.06257698684930801
YMR089C,YDL227C,0,0.7514361,0.5906901955604553,0.9041768908500671,0.0628233551979065
YMR025W,YCR012W,0,0.74444747,0.5897436141967773,0.9041768908500671,0.06306972354650497
YMR194W,YGR134W,0,0.73692524,0.5888000130653381,0.9041768908500671,0.06331608444452286
YLR383W,YJL155C,0,0.7350272,0.5878594517707825,0.9041768908500671,0.06356245279312134
YDR059C,YNL147W,0,0.72242963,0.5869218707084656,0.9041768908500671,0.06380882114171982
YKL038W,YOR038C,0,0.7214546,0.5859872698783875,0.9041768908500671,0.0640551894903183
YNR017W,YPL093W,0,0.7185303,0.5850556492805481,0.9041768908500671,0.06430155038833618
YEL012W,YDR454C,0,0.714473,0.5841270089149475,0.9041768908500671,0.06454791873693466
YER175C,YGR285C,0,0.70925355,0.5832012891769409,0.9041768908500671,0.06479428708553314
YPR167C,YGR113W,0,0.70748854,0.5822784900665283,0.9041768908500671,0.06504064798355103
YML099C,YDR472W,0,0.70682895,0.5813586115837097,0.9041768908500671,0.0652870163321495
YIL035C,YER190W,0,0.7035378,0.5804416537284851,0.9041768908500671,0.06553338468074799
YOR206W,YKL001C,0,0.6994859,0.5795275568962097,0.9041768908500671,0.06577974557876587
YFL001W,YDL077C,0,0.6990609,0.5786163806915283,0.9041768908500671,0.06602611392736435
YLR321C,YFL013C,0,0.6893383,0.5777080059051514,0.9041768908500671,0.06627248227596283
YKL130C,YBR093C,0,0.6854979,0.5768024921417236,0.9041768908500671,0.06651885062456131
YIR005W,YMR240C,0,0.6798551,0.5758998394012451,0.9041768908500671,0.0667652115225792
YDR457W,YBR010W,0,0.6681124,0.574999988079071,0.9041768908500671,0.06701157987117767
YMR315W,YDR527W,0,0.6652937,0.5741029381752014,0.9041768908500671,0.06725794821977615
YMR019W,YGL094C,0,0.6459147,0.573208749294281,0.9041768908500671,0.06750430911779404
YNL050C,YCL052C,0,0.64574623,0.5723172426223755,0.9041768908500671,0.06775067746639252
YHR030C,YCR030C,0,0.6400864,0.5714285969734192,0.9041768908500671,0.067997045814991
YER125W,YAL059W,1,0.6374508,0.5720930099487305,0.9066339135169983,0.067997045814991
YMR038C,YOR148C,0,0.6358489,0.5712074041366577,0.9066339135169983,0.06824340671300888
YLR016C,YIL048W,0,0.63115394,0.5703245997428894,0.9066339135169983,0.06848977506160736
YJL024C,YKL015W,0,0.6284534,0.5694444179534912,0.9066339135169983,0.06873614341020584
YML080W,YBL079W,0,0.6250926,0.5685670375823975,0.9066339135169983,0.06898250430822372
YBR183W,YMR194W,0,0.6245332,0.5676922798156738,0.9066339135169983,0.0692288726568222
YDR473C,YMR194W,0,0.6228461,0.5668202638626099,0.9066339135169983,0.06947524100542068
YGR251W,YDL039C,0,0.62283564,0.5659509301185608,0.9066339135169983,0.06972160935401917
YML080W,YAL031C,0,0.62051725,0.5650842189788818,0.9066339135169983,0.06996797025203705
YOR310C,YBR192W,0,0.6107398,0.5642201900482178,0.9066339135169983,0.07021433860063553
YDR083W,YDR059C,0,0.60671055,0.5633587837219238,0.9066339135169983,0.07046070694923401
YDL055C,YEL036C,0,0.601406,0.5625,0.9066339135169983,0.07070706784725189
YGL050W,YCR011C,0,0.5973306,0.5616438388824463,0.9066339135169983,0.07095343619585037
YOL093W,YDL140C,0,0.59700847,0.5607903003692627,0.9066339135169983,0.07119980454444885
YJR057W,YER162C,0,0.59109664,0.5599393248558044,0.9066339135169983,0.07144616544246674
YBR275C,YMR250W,0,0.58945084,0.5590909123420715,0.9066339135169983,0.07169253379106522
YDR473C,YML056C,0,0.5864812,0.558245062828064,0.9066339135169983,0.0719389021396637
YNL271C,YPR060C,0,0.58522654,0.5574018359184265,0.9066339135169983,0.07218527048826218
YOR251C,YFL023W,0,0.58363855,0.5565611124038696,0.9066339135169983,0.07243163138628006
YLR107W,YKR054C,0,0.58220387,0.5557228922843933,0.9066339135169983,0.07267799973487854
YGR118W,YLR224W,0,0.575881,0.5548872351646423,0.9066339135169983,0.07292436808347702
YLL034C,YKL186C,1,0.57338524,0.5555555820465088,0.9090909361839294,0.07292436808347702
YKL217W,YGL241W,0,0.56799495,0.5547226667404175,0.9090909361839294,0.0731707289814949
YJL103C,YHR085W,0,0.5657064,0.553892195224762,0.9090909361839294,0.07341709733009338
YEL036C,YLR380W,0,0.5609133,0.5530642867088318,0.9090909361839294,0.07366346567869186
YML080W,YGR155W,0,0.56017864,0.5522388219833374,0.9090909361839294,0.07390982657670975
YMR049C,YKL053C-A,0,0.55894387,0.5514158010482788,0.9090909361839294,0.07415619492530823
YKL165C,YNL219C,0,0.5567223,0.550595223903656,0.9090909361839294,0.07440256327390671
YMR241W,YBR202W,0,0.5556694,0.549777090549469,0.9090909361839294,0.07464893162250519
YNL008C,YDL074C,0,0.5494344,0.5489614009857178,0.9090909361839294,0.07489529252052307
YAL060W,YBL052C,0,0.5474317,0.5481481552124023,0.9090909361839294,0.07514166086912155
YEL012W,YDR172W,0,0.54704106,0.5473372936248779,0.9090909361839294,0.07538802921772003
YOL028C,YMR272C,0,0.5465677,0.5465288162231445,0.9090909361839294,0.07563439011573792
YOR168W,YMR179W,0,0.5449778,0.5457227230072021,0.9090909361839294,0.0758807584643364
YHR061C,YGL190C,0,0.5433879,0.5449190139770508,0.9090909361839294,0.07612712681293488
YMR020W,YMR099C,0,0.5416938,0.5441176295280457,0.9090909361839294,0.07637348771095276
YKL093W,YER074W,0,0.5403309,0.5433186292648315,0.9090909361839294,0.07661985605955124
YPR119W,YGL103W,0,0.5377929,0.5425220131874084,0.9090909361839294,0.07686622440814972
YML073C,YDR062W,0,0.5375484,0.5417276620864868,0.9090909361839294,0.0771125927567482
YLR429W,YMR240C,0,0.53667796,0.5409356951713562,0.9090909361839294,0.07735895365476608
YOR232W,YOR294W,0,0.5319015,0.540145993232727,0.9090909361839294,0.07760532200336456
YLR228C,YOL108C,0,0.5273869,0.5393586158752441,0.9090909361839294,0.07785169035196304
YGR034W,YFL048C,0,0.520977,0.5385735034942627,0.9090909361839294,0.07809805124998093
YIL020C,YOR275C,0,0.5146618,0.5377907156944275,0.9090909361839294,0.0783444195985794
YMR182C,YOR340C,0,0.5027561,0.537010133266449,0.9090909361839294,0.07859078794717789
YIL076W,YFR052W,0,0.49927983,0.5362318754196167,0.9090909361839294,0.07883714884519577
YKL053C-A,YJR034W,0,0.49032232,0.5354558825492859,0.9090909361839294,0.07908351719379425
YDR454C,YPR127W,0,0.47897586,0.5346820950508118,0.9090909361839294,0.07932988554239273
YPL119C,YLR042C,0,0.47650418,0.5339105129241943,0.9090909361839294,0.07957625389099121
YJL134W,YML056C,0,0.47564343,0.5331411957740784,0.9090909361839294,0.0798226147890091
YBL058W,YBR276C,0,0.45406517,0.5323740839958191,0.9090909361839294,0.08006898313760757
YPL093W,YKL186C,1,0.45150873,0.5330459475517273,0.9115478992462158,0.08006898313760757
YOR215C,YKL144C,0,0.45081684,0.532281219959259,0.9115478992462158,0.08031535148620605
YFR001W,YOR230W,0,0.44921038,0.5315186381340027,0.9115478992462158,0.08056171238422394
YIL046W,YFL021W,0,0.44652835,0.5307582020759583,0.9115478992462158,0.08080808073282242
YMR090W,YKL053C-A,0,0.44436488,0.5299999713897705,0.9115478992462158,0.0810544490814209
YMR182C,YMR308C,0,0.44104144,0.5292439460754395,0.9115478992462158,0.08130080997943878
YMR315W,YJR063W,0,0.4396794,0.5284900069236755,0.9115478992462158,0.08154717832803726
YER125W,YHR170W,1,0.43206665,0.529160737991333,0.914004921913147,0.08154717832803726
YAL033W,YEL022W,0,0.43169782,0.5284090638160706,0.914004921913147,0.08179354667663574
YIL076W,YGR072W,0,0.43155953,0.5276595950126648,0.914004921913147,0.08203991502523422
YER036C,YGL172W,1,0.42479286,0.5283285975456238,0.9164619445800781,0.08203991502523422
YPL129W,YDR496C,0,0.42199454,0.5275813341140747,0.9164619445800781,0.0822862759232521
YOR283W,YBR141C,0,0.41839513,0.5268361568450928,0.9164619445800781,0.08253264427185059
YMR090W,YJL081C,0,0.41103837,0.526093065738678,0.9164619445800781,0.08277901262044907
YFR045W,YGR145W,0,0.40617666,0.5253521203994751,0.9164619445800781,0.08302537351846695
YMR246W,YGR027C,0,0.4029506,0.5246132016181946,0.9164619445800781,0.08327174186706543
YMR025W,YOR285W,0,0.4019929,0.523876428604126,0.9164619445800781,0.08351811021566391
YJR147W,YFR036W,0,0.399066,0.5231416821479797,0.9164619445800781,0.0837644711136818
YDL217C,YIL133C,0,0.39633986,0.5224089622497559,0.9164619445800781,0.08401083946228027
YNL178W,YLR264W,0,0.38958696,0.5216783285140991,0.9164619445800781,0.08425720781087875
YML051W,YMR239C,0,0.38310048,0.5209497213363647,0.9164619445800781,0.08450356870889664
YLL004W,YGR112W,0,0.38172176,0.5202231407165527,0.9164619445800781,0.08474993705749512
YKL074C,YLR344W,0,0.3810973,0.5194985866546631,0.9164619445800781,0.0849963054060936
YJL060W,YHR058C,0,0.37880602,0.5187760591506958,0.9164619445800781,0.08524267375469208
YBR066C,YLR209C,0,0.37659582,0.5180555582046509,0.9164619445800781,0.08548903465270996
YHL012W,YBR026C,0,0.37240025,0.5173370242118835,0.9164619445800781,0.08573540300130844
YAL033W,YOL028C,0,0.36947098,0.5166205167770386,0.9164619445800781,0.08598177134990692
YJR006W,YPR125W,0,0.36841318,0.5159059762954712,0.9164619445800781,0.0862281322479248
YPL273W,YJL149W,0,0.35212705,0.5151933431625366,0.9164619445800781,0.08647450059652328
YNL238W,YMR240C,0,0.34679243,0.5144827365875244,0.9164619445800781,0.08672086894512177
YGL113W,YKR044W,0,0.34517965,0.5137740969657898,0.9164619445800781,0.08696722984313965
YGR034W,YLL033W,0,0.3409535,0.5130674242973328,0.9164619445800781,0.08721359819173813
YDR026C,YKR055W,0,0.33011743,0.5123626589775085,0.9164619445800781,0.08745996654033661
YDR410C,YNL078W,0,0.32968733,0.5116598010063171,0.9164619445800781,0.08770633488893509
YDR361C,YKL186C,1,0.32877502,0.5123287439346313,0.9189189076423645,0.08770633488893509
YOL102C,YNL016W,0,0.32514128,0.5116279125213623,0.9189189076423645,0.08795269578695297
YJR151C,YBR276C,0,0.3219302,0.5109289884567261,0.9189189076423645,0.08819906413555145
YAL033W,YDR260C,0,0.3061938,0.5102319121360779,0.9189189076423645,0.08844543248414993
YNL010W,YAL040C,0,0.30341265,0.5095368027687073,0.9189189076423645,0.08869179338216782
YDR419W,YKL144C,0,0.3021036,0.5088435411453247,0.9189189076423645,0.0889381617307663
YOR216C,YGL037C,0,0.29501542,0.508152186870575,0.9189189076423645,0.08918453007936478
YLR163C,YKL186C,0,0.29500136,0.5074626803398132,0.9189189076423645,0.08943089097738266
YOR074C,YCR052W,0,0.29492578,0.5067750811576843,0.9189189076423645,0.08967725932598114
YOR206W,YGL172W,1,0.2925683,0.5074424743652344,0.9213759303092957,0.08967725932598114
YBR170C,YBR287W,0,0.29098818,0.5067567825317383,0.9213759303092957,0.08992362767457962
YDR383C,YEL041W,0,0.2862312,0.5060728788375854,0.9213759303092957,0.0901699960231781
YKL186C,YNL284C,0,0.26723307,0.5053908228874207,0.9213759303092957,0.09041635692119598
YPR200C,YOR298W,0,0.2652541,0.5047106146812439,0.9213759303092957,0.09066272526979446
YML051W,YER008C,0,0.26055777,0.5040322542190552,0.9213759303092957,0.09090909361839294
YOL082W,YLR033W,0,0.2596872,0.5033556818962097,0.9213759303092957,0.09115545451641083
YPL096W,YJL206C,0,0.25485954,0.5026809573173523,0.9213759303092957,0.09140182286500931
YHR085W,YLL012W,0,0.25373992,0.5020080208778381,0.9213759303092957,0.09164819121360779
YPR024W,YIL133C,0,0.24953508,0.5013368725776672,0.9213759303092957,0.09189455211162567
YOR297C,YML052W,0,0.24158168,0.5006675720214844,0.9213759303092957,0.09214092046022415
YMR321C,YDR527W,0,0.24075007,0.5,0.9213759303092957,0.09238728880882263
YGR145W,YGR112W,0,0.24024013,0.4993342161178589,0.9213759303092957,0.09263365715742111
YNL107W,YBL085W,0,0.23801503,0.49867022037506104,0.9213759303092957,0.092880018055439
YLL034C,YBR128C,0,0.23708639,0.49800798296928406,0.9213759303092957,0.09312638640403748
YNR015W,YOR311C,0,0.23652178,0.49734747409820557,0.9213759303092957,0.09337275475263596
YMR093W,YNL304W,0,0.2360858,0.49668875336647034,0.9213759303092957,0.09361911565065384
YIL046W,YDR449C,0,0.23151988,0.4960317313671112,0.9213759303092957,0.09386548399925232
YIL128W,YHR056C,0,0.23055401,0.49537649750709534,0.9213759303092957,0.0941118523478508
YNL006W,YHR039C-A,0,0.22225007,0.49472296237945557,0.9213759303092957,0.09435821324586868
YKL082C,YLR359W,0,0.2148326,0.4940711557865143,0.9213759303092957,0.09460458159446716
YJR055W,YNR018W,0,0.21424815,0.4934210479259491,0.9213759303092957,0.09485094994306564
YCR052W,YIL133C,0,0.20597705,0.4927726686000824,0.9213759303092957,0.09509731829166412
YJR006W,YJL176C,0,0.20592394,0.4921259880065918,0.9213759303092957,0.095343679189682
YGR285C,YGR134W,0,0.20576632,0.4914810061454773,0.9213759303092957,0.09559004753828049
YGL062W,YMR025W,0,0.20257649,0.4908376932144165,0.9213759303092957,0.09583641588687897
YFL001W,YNR010W,0,0.20160636,0.4901960790157318,0.9213759303092957,0.09608277678489685
YER125W,YLL034C,1,0.19907942,0.4908616244792938,0.9238329529762268,0.09608277678489685
YOR279C,YKL166C,0,0.19753009,0.49022164940834045,0.9238329529762268,0.09632914513349533
YER046W,YKL015W,0,0.1965268,0.4895833432674408,0.9238329529762268,0.09657551348209381
YLL027W,YGL220W,0,0.19447687,0.48894667625427246,0.9238329529762268,0.0968218743801117
YJL029C,YML006C,0,0.1908215,0.48831167817115784,0.9238329529762268,0.09706824272871017
YNL052W,YDR140W,0,0.18951702,0.4876783490180969,0.9238329529762268,0.09731461107730865
YGR288W,YMR301C,0,0.18144646,0.48704662919044495,0.9238329529762268,0.09756097197532654
YPL147W,YHR058C,0,0.18110916,0.4864165484905243,0.9238329529762268,0.09780734032392502
YOR209C,YGL030W,0,0.17852268,0.48578810691833496,0.9238329529762268,0.0980537086725235
YBR196C,YOR239W,0,0.17765784,0.48516130447387695,0.9238329529762268,0.09830007702112198
YLR182W,YMR218C,0,0.17648253,0.4845360815525055,0.9238329529762268,0.09854643791913986
YER125W,YPR016C,1,0.17565876,0.4851994812488556,0.9262899160385132,0.09854643791913986
YDR423C,YDL227C,0,0.17403942,0.4845758378505707,0.9262899160385132,0.09879280626773834
YCL018W,YGL259W,0,0.16739133,0.4839537739753723,0.9262899160385132,0.09903917461633682
YLR452C,YMR200W,0,0.16669819,0.4833333194255829,0.9262899160385132,0.0992855355143547
YDL070W,YGL019W,0,0.16409832,0.4827144742012024,0.9262899160385132,0.09953190386295319
YHR197W,YKL186C,1,0.16321039,0.4833759665489197,0.9287469387054443,0.09953190386295319
YGR177C,YDL083C,0,0.15812382,0.48275861144065857,0.9287469387054443,0.09977827221155167
YPL122C,YOL101C,0,0.15772912,0.4821428656578064,0.9287469387054443,0.10002463310956955
YOL142W,YPL104W,0,0.15753269,0.4815286695957184,0.9287469387054443,0.10027100145816803
YER117W,YNL078W,0,0.1512112,0.48091602325439453,0.9287469387054443,0.10051736980676651
YMR020W,YBR052C,0,0.14932144,0.4803049564361572,0.9287469387054443,0.10076373815536499
YDL029W,YNL231C,0,0.14541188,0.4796954393386841,0.9287469387054443,0.10101009905338287
YNR004W,YNL309W,0,0.1420677,0.4790874421596527,0.9287469387054443,0.10125646740198135
YOR283W,YMR301C,0,0.1391047,0.4784810245037079,0.9287469387054443,0.10150283575057983
YBR202W,YJR063W,0,0.13470593,0.47787609696388245,0.9287469387054443,0.10174919664859772
YOL165C,YFL010W-A,0,0.13381302,0.47727271914482117,0.9287469387054443,0.1019955649971962
YCL036W,YML071C,0,0.13312188,0.47667086124420166,0.9287469387054443,0.10224193334579468
YMR227C,YPL110C,0,0.12894931,0.4760705232620239,0.9287469387054443,0.10248829424381256
YOR074C,YDR218C,0,0.114179015,0.47547170519828796,0.9287469387054443,0.10273466259241104
YOR388C,YPL167C,0,0.10822281,0.4748743772506714,0.9287469387054443,0.10298103094100952
YLR153C,YMR229C,0,0.0964075,0.4742785394191742,0.9287469387054443,0.103227399289608
YKL168C,YLR309C,0,0.08732316,0.4736842215061188,0.9287469387054443,0.10347376018762589
YPL129W,YLR330W,0,0.08418867,0.47309136390686035,0.9287469387054443,0.10372012853622437
YFL033C,YDL170W,0,0.07638952,0.4724999964237213,0.9287469387054443,0.10396649688482285
YLR228C,YAR031W,0,0.0763571,0.47191011905670166,0.9287469387054443,0.10421285778284073
YDR030C,YBL028C,0,0.0725992,0.471321702003479,0.9287469387054443,0.10445922613143921
YHR047C,YNR035C,0,0.07087931,0.47073474526405334,0.9287469387054443,0.10470559448003769
YHR069C,YKR055W,0,0.0662753,0.4701492488384247,0.9287469387054443,0.10495195537805557
YDR389W,YAR035W,0,0.06420335,0.469565212726593,0.9287469387054443,0.10519832372665405
YJL166W,YNL223W,0,0.062133223,0.46898263692855835,0.9287469387054443,0.10544469207525253
YNL102W,YDR499W,0,0.062070906,0.4684014916419983,0.9287469387054443,0.10569106042385101
YBL076C,YJL176C,0,0.058665514,0.46782177686691284,0.9287469387054443,0.1059374213218689
YDR460W,YGL220W,0,0.05645162,0.4672435224056244,0.9287469387054443,0.10618378967046738
YFL045C,YDR062W,0,0.056427985,0.46666666865348816,0.9287469387054443,0.10643015801906586
YGL225W,YOR123C,0,0.055600703,0.46609124541282654,0.9287469387054443,0.10667651891708374
YKL186C,YIL115C,1,0.054027677,0.46674877405166626,0.9312039017677307,0.10667651891708374
YPR024W,YCR057C,0,0.03655529,0.4661746621131897,0.9312039017677307,0.10692288726568222
YIL128W,YDR159W,0,0.03531529,0.46560195088386536,0.9312039017677307,0.1071692556142807
YJR140C,YNL175C,0,0.032482952,0.4650306701660156,0.9312039017677307,0.10741561651229858
YHR164C,YGR134W,0,0.028069526,0.4644607901573181,0.9312039017677307,0.10766198486089706
YNL079C,YBL113C,0,0.022739023,0.46389228105545044,0.9312039017677307,0.10790835320949554
YNR053C,YGL172W,1,0.019483238,0.46454766392707825,0.9336609244346619,0.10790835320949554
YGL172W,YGL051W,0,0.019443795,0.46398046612739563,0.9336609244346619,0.10815472155809402
YDL111C,YBR026C,0,0.018987715,0.46341463923454285,0.9336609244346619,0.10840108245611191
YGL148W,YLR350W,0,0.018495366,0.4628501832485199,0.9336609244346619,0.10864745080471039
YAL033W,YML112W,0,0.004425958,0.4622870981693268,0.9336609244346619,0.10889381915330887
YNL335W,YGL004C,0,0.0042191744,0.4617253839969635,0.9336609244346619,0.10914018005132675
YDR378C,YAL040C,0,0.0024223924,0.46116504073143005,0.9336609244346619,0.10938654839992523
YCL018W,YDL022W,0,-0.002533555,0.46060606837272644,0.9336609244346619,0.10963291674852371
YPR135W,YJR053W,0,-0.003240034,0.4600484371185303,0.9336609244346619,0.1098792776465416
YOR206W,YMR078C,0,-0.01592812,0.45949214696884155,0.9336609244346619,0.11012564599514008
YBR230C,YBR010W,0,-0.0192952,0.4589371979236603,0.9336609244346619,0.11037201434373856
YIR025W,YER175C,0,-0.020677239,0.45838358998298645,0.9336609244346619,0.11061837524175644
YER022W,YBL092W,0,-0.021187186,0.45783132314682007,0.9336609244346619,0.11086474359035492
YCR060W,YNR057C,0,-0.021213755,0.45728039741516113,0.9336609244346619,0.1111111119389534
YCL036W,YNL163C,0,-0.021588266,0.45673078298568726,0.9336609244346619,0.11135748028755188
YDR460W,YPL104W,0,-0.023476064,0.45618247985839844,0.9336609244346619,0.11160384118556976
YIL128W,YOR215C,0,-0.024499595,0.4556354880332947,0.9336609244346619,0.11185020953416824
YKL186C,YKR006C,0,-0.02747628,0.455089807510376,0.9336609244346619,0.11209657788276672
YDR137W,YGL225W,0,-0.029835686,0.4545454680919647,0.9336609244346619,0.1123429387807846
YOL141W,YBR042C,0,-0.03356634,0.45400238037109375,0.9336609244346619,0.11258930712938309
YLR080W,YIR038C,0,-0.034183413,0.4534606337547302,0.9336609244346619,0.11283567547798157
YKL001C,YIL048W,0,-0.03739564,0.452920138835907,0.9336609244346619,0.11308203637599945
YER125W,YPL093W,1,-0.043454126,0.4535714387893677,0.936117947101593,0.11308203637599945
YPR111W,YJL206C,0,-0.04695934,0.45303210616111755,0.936117947101593,0.11332840472459793
YBR183W,YGR145W,0,-0.053260177,0.4524940550327301,0.936117947101593,0.11357477307319641
YOR310C,YPL196W,0,-0.053510338,0.4519572854042053,0.936117947101593,0.11382114142179489
YMR270C,YER190W,0,-0.05619368,0.4514217972755432,0.936117947101593,0.11406750231981277
YLR208W,YDR496C,0,-0.05702521,0.4508875608444214,0.936117947101593,0.11431387066841125
YOL145C,YOL104C,0,-0.060553104,0.45035460591316223,0.936117947101593,0.11456023901700974
YGR052W,YJR103W,0,-0.06503375,0.44982290267944336,0.936117947101593,0.11480659991502762
YMR123W,YMR227C,0,-0.065280795,0.44929245114326477,0.936117947101593,0.1150529682636261
YPL213W,YPR138C,0,-0.06824349,0.44876325130462646,0.936117947101593,0.11529933661222458
YKL186C,YAL059W,1,-0.07035838,0.4494117498397827,0.9385749101638794,0.11529933661222458
YBL058W,YER055C,0,-0.07320294,0.44888365268707275,0.9385749101638794,0.11554569751024246
YER171W,YDR392W,0,-0.07889046,0.4483568072319031,0.9385749101638794,0.11579206585884094
YNL223W,YER087W,0,-0.081599906,0.4478311836719513,0.9385749101638794,0.11603843420743942
YOR239W,YDL225W,0,-0.084025115,0.4473067820072174,0.9385749101638794,0.1162848025560379
YNL232W,YLR270W,0,-0.08465801,0.4467836320400238,0.9385749101638794,0.11653116345405579
YOR106W,YDR174W,0,-0.08526386,0.4462616741657257,0.9385749101638794,0.11677753180265427
YGL225W,YOR230W,0,-0.085861385,0.4457409679889679,0.9385749101638794,0.11702390015125275
YNL267W,YMR304W,0,-0.090273485,0.4452214539051056,0.9385749101638794,0.11727026104927063
YIL094C,YJR112W,0,-0.09223885,0.4447031319141388,0.9385749101638794,0.11751662939786911
YDL121C,YDL170W,0,-0.09227149,0.4441860318183899,0.9385749101638794,0.11776299774646759
YMR194W,YOR311C,0,-0.09358458,0.4436701536178589,0.9385749101638794,0.11800935864448547
YER036C,YKL186C,1,-0.09986237,0.4443155527114868,0.9410319328308105,0.11800935864448547
YJR055W,YDL133C-A,0,-0.09994355,0.443800687789917,0.9410319328308105,0.11825572699308395
YMR049C,YOR239W,0,-0.09999311,0.44328704476356506,0.9410319328308105,0.11850209534168243
YLL002W,YDR211W,0,-0.105369225,0.44277456402778625,0.9410319328308105,0.11874846369028091
YER101C,YML071C,0,-0.106625825,0.44226327538490295,0.9410319328308105,0.1189948245882988
YGR177C,YDR527W,0,-0.10846923,0.44175317883491516,0.9410319328308105,0.11924119293689728
YMR228W,YGR179C,0,-0.11124948,0.4412442445755005,0.9410319328308105,0.11948756128549576
YLR316C,YBR074W,0,-0.11133312,0.44073647260665894,0.9410319328308105,0.11973392218351364
YGL172W,YDR472W,0,-0.11145224,0.4402298927307129,0.9410319328308105,0.11998029053211212
YDL245C,YKR020W,0,-0.11347861,0.4397244453430176,0.9410319328308105,0.1202266588807106
YDR451C,YDR364C,0,-0.11349808,0.4392201900482178,0.9410319328308105,0.12047301977872849
YER049W,YOR230W,0,-0.11619787,0.4387170672416687,0.9410319328308105,0.12071938812732697
YLR043C,YBR287W,0,-0.11632206,0.43821510672569275,0.9410319328308105,0.12096575647592545
YKR071C,YNL290W,0,-0.117873706,0.43771427869796753,0.9410319328308105,0.12121212482452393
YLR113W,YLR129W,0,-0.11876399,0.43721461296081543,0.9410319328308105,0.12145848572254181
YJL081C,YKL095W,0,-0.120180376,0.43671607971191406,0.9410319328308105,0.12170485407114029
YBR081C,YLR380W,0,-0.12343128,0.4362186789512634,0.9410319328308105,0.12195122241973877
YER022W,YPL112C,0,-0.12354921,0.4357224106788635,0.9410319328308105,0.12219758331775665
YLL019C,YOL124C,0,-0.12357634,0.43522727489471436,0.9410319328308105,0.12244395166635513
YAL016W,YPL093W,0,-0.12674648,0.4347332715988159,0.9410319328308105,0.12269032001495361
YNL008C,YPR035W,0,-0.12779202,0.4342403709888458,0.9410319328308105,0.1229366809129715
YLR344W,YKL096W-A,0,-0.13788062,0.4337485730648041,0.9410319328308105,0.12318304926156998
YPR189W,YBR072W,0,-0.14199921,0.43325790762901306,0.9410319328308105,0.12342941761016846
YDR416W,YPL011C,0,-0.14255624,0.4327683746814728,0.9410319328308105,0.12367577850818634
YGR239C,YNL092W,0,-0.14324123,0.43227991461753845,0.9410319328308105,0.12392214685678482
YJR031C,YGR185C,0,-0.14391355,0.43179255723953247,0.9410319328308105,0.1241685152053833
YJL024C,YLR359W,0,-0.14535207,0.43130630254745483,0.9410319328308105,0.12441488355398178
YDR233C,YNL175C,0,-0.14681295,0.43082115054130554,0.9410319328308105,0.12466124445199966
YMR093W,YOR298W,0,-0.14834788,0.4303370714187622,0.9410319328308105,0.12490761280059814
YER125W,YER036C,1,-0.15535995,0.43097642064094543,0.9434889554977417,0.12490761280059814
YJL191W,YPL050C,0,-0.1612989,0.4304932653903961,0.9434889554977417,0.12515397369861603
YLR157C,YCL014W,0,-0.16261381,0.43001121282577515,0.9434889554977417,0.1254003494977951
YOR388C,YGR032W,0,-0.16536021,0.42953020334243774,0.9434889554977417,0.125646710395813
YNL008C,YMR112C,0,-0.16924676,0.4290502667427063,0.9434889554977417,0.12589307129383087
YNR057C,YEL029C,0,-0.17136914,0.4285714328289032,0.9434889554977417,0.12613944709300995
YMR061W,YLR270W,0,-0.17218031,0.42809364199638367,0.9434889554977417,0.12638580799102783
YFR036W,YHR051W,0,-0.17301029,0.4276169240474701,0.9434889554977417,0.12663216888904572
YLR029C,YOR230W,0,-0.17457744,0.4271412789821625,0.9434889554977417,0.1268785446882248
YOL045W,YDL083C,0,-0.1779933,0.4266666769981384,0.9434889554977417,0.12712490558624268
YLR344W,YGR155W,0,-0.17820568,0.42619311809539795,0.9434889554977417,0.12737126648426056
YJR092W,YPR043W,0,-0.17844383,0.4257206320762634,0.9434889554977417,0.12761764228343964
YDR226W,YER002W,0,-0.18161482,0.4252491593360901,0.9434889554977417,0.12786400318145752
YGR251W,YDR222W,0,-0.18442637,0.4247787594795227,0.9434889554977417,0.1281103789806366
YOL093W,YBR042C,0,-0.18714882,0.4243094027042389,0.9434889554977417,0.12835673987865448
YHR069C,YNL258C,0,-0.18753986,0.42384105920791626,0.9434889554977417,0.12860310077667236
YKL082C,YDR332W,0,-0.18958148,0.4233737587928772,0.9434889554977417,0.12884947657585144
YDR527W,YMR250W,0,-0.19060746,0.4229075014591217,0.9434889554977417,0.12909583747386932
YNL309W,YOR349W,0,-0.19103687,0.4224422574043274,0.9434889554977417,0.1293421983718872
YDR167W,YKR066C,0,-0.19335988,0.42197802662849426,0.9434889554977417,0.12958857417106628
YER151C,YDR453C,0,-0.1964455,0.4215148091316223,0.9434889554977417,0.12983493506908417
YML051W,YDR076W,0,-0.20312732,0.42105263471603394,0.9434889554977417,0.13008129596710205
YNL267W,YDL171C,0,-0.20610018,0.42059144377708435,0.9434889554977417,0.13032767176628113
YMR087W,YHR082C,0,-0.20822775,0.42013129591941833,0.9434889554977417,0.130574032664299
YMR033W,YER087W,0,-0.21138299,0.4196721315383911,0.9434889554977417,0.1308203935623169
YGR072W,YLL043W,0,-0.21396305,0.4192139804363251,0.9434889554977417,0.13106676936149597
YKL074C,YGL113W,0,-0.21504709,0.4187568128108978,0.9434889554977417,0.13131313025951385
YNL267W,YDL077C,0,-0.21554108,0.41830065846443176,0.9434889554977417,0.13155949115753174
YDR451C,YNL304W,0,-0.22125185,0.4178454875946045,0.9434889554977417,0.13180586695671082
YDR310C,YDR173C,0,-0.22294891,0.417391300201416,0.9434889554977417,0.1320522278547287
YOR279C,YFL045C,0,-0.22680241,0.41693809628486633,0.9434889554977417,0.13229858875274658
YLR029C,YJL187C,0,-0.23226278,0.41648590564727783,0.9434889554977417,0.13254496455192566
YJR107W,YFL048C,0,-0.23249206,0.41603466868400574,0.9434889554977417,0.13279132544994354
YJL194W,YCL052C,0,-0.23341289,0.41558441519737244,0.9434889554977417,0.13303770124912262
YBR271W,YNL027W,0,-0.23453116,0.41513514518737793,0.9434889554977417,0.1332840621471405
YLR305C,YDR211W,0,-0.23875457,0.41468682885169983,0.9434889554977417,0.1335304230451584
YHR058C,YGR185C,0,-0.23941033,0.4142394959926605,0.9434889554977417,0.13377679884433746
YKL038W,YDL216C,0,-0.2398403,0.4137931168079376,0.9434889554977417,0.13402315974235535
YBR247C,YDR062W,0,-0.24519226,0.41334769129753113,0.9434889554977417,0.13426952064037323
YML051W,YNL153C,0,-0.25287753,0.41290321946144104,0.9434889554977417,0.1345158964395523
YDR389W,YNR035C,0,-0.25474277,0.41245973110198975,0.9434889554977417,0.1347622573375702
YER151C,YKL074C,0,-0.25621527,0.41201716661453247,0.9434889554977417,0.13500861823558807
YHR214C-B,YNL016W,0,-0.25858656,0.4115755558013916,0.9434889554977417,0.13525499403476715
YDR371W,YKR055W,0,-0.26076463,0.41113489866256714,0.9434889554977417,0.13550135493278503
YDR310C,YGL051W,0,-0.26098216,0.4106951951980591,0.9434889554977417,0.13574771583080292
YLR197W,YGR012W,0,-0.26269835,0.41025641560554504,0.9434889554977417,0.135994091629982
YGR252W,YDR457W,0,-0.26537192,0.409818559885025,0.9434889554977417,0.13624045252799988
YOR275C,YPR060C,0,-0.26938564,0.4093816578388214,0.9434889554977417,0.13648681342601776
YGL233W,YMR075W,0,-0.27090865,0.4089456796646118,0.9434889554977417,0.13673318922519684
YPR127W,YER002W,0,-0.2717647,0.40851062536239624,0.9434889554977417,0.13697955012321472
YPL223C,YJL140W,0,-0.2720945,0.40807652473449707,0.9434889554977417,0.1372259110212326
YNL262W,YER130C,0,-0.28357008,0.40764331817626953,0.9434889554977417,0.13747228682041168
YHR214C-B,YMR179W,0,-0.2838666,0.407211035490036,0.9434889554977417,0.13771864771842957
YNL307C,YPR163C,0,-0.28566232,0.4067796468734741,0.9434889554977417,0.13796500861644745
YHR012W,YPR194C,0,-0.2863987,0.40634921193122864,0.9434889554977417,0.13821138441562653
YGR081C,YKL064W,0,-0.28657368,0.4059196710586548,0.9434889554977417,0.1384577453136444
YNL230C,YPR006C,0,-0.2868017,0.40549102425575256,0.9434889554977417,0.1387041211128235
YPL240C,YDL128W,0,-0.28703868,0.40506330132484436,0.9434889554977417,0.13895048201084137
YCR087C-A,YBL034C,0,-0.2897327,0.4046364724636078,0.9434889554977417,0.13919684290885925
YMR250W,YKL094W,0,-0.29528242,0.40421053767204285,0.9434889554977417,0.13944321870803833
YHR056C,YLR129W,0,-0.30796966,0.40378549695014954,0.9434889554977417,0.1396895796060562
YBR281C,YGL216W,0,-0.31520283,0.40336135029792786,0.9434889554977417,0.1399359405040741
YIL002C,YOR212W,0,-0.32104772,0.4029380977153778,0.9434889554977417,0.14018231630325317
YNL178W,YOL101C,0,-0.32199898,0.402515709400177,0.9434889554977417,0.14042867720127106
YOR148C,YMR075W,0,-0.32239884,0.4020942449569702,0.9434889554977417,0.14067503809928894
YBL005W-B,YBR093C,0,-0.32328773,0.40167364478111267,0.9434889554977417,0.14092141389846802
YNL008C,YBR182C,0,-0.32929477,0.40125390887260437,0.9434889554977417,0.1411677747964859
YDR351W,YDR207C,0,-0.3388901,0.4008350670337677,0.9434889554977417,0.14141413569450378
YBR230C,YNR072W,0,-0.3412755,0.4004170894622803,0.9434889554977417,0.14166051149368286
YLR105C,YGL112C,0,-0.34143007,0.4000000059604645,0.9434889554977417,0.14190687239170074
YOL045W,YML112W,0,-0.34324786,0.39958375692367554,0.9434889554977417,0.14215323328971863
YDR030C,YJR055W,0,-0.34373677,0.3991684019565582,0.9434889554977417,0.1423996090888977
YOL145C,YIR005W,0,-0.34591126,0.3987538814544678,0.9434889554977417,0.1426459699869156
YKL093W,YKL205W,0,-0.34788722,0.39834025502204895,0.9434889554977417,0.14289233088493347
YER125W,YIL115C,1,-0.34929463,0.39896371960639954,0.9459459185600281,0.14289233088493347
YMR319C,YFL023W,0,-0.35425454,0.39855071902275085,0.9459459185600281,0.14313870668411255
YDR414C,YHR209W,0,-0.35510004,0.3981385827064514,0.9459459185600281,0.14338506758213043
YKL206C,YDR496C,0,-0.3590516,0.39772728085517883,0.9459459185600281,0.1436314433813095
YDL045W-A,YKL182W,0,-0.35929033,0.3973168134689331,0.9459459185600281,0.1438778042793274
YOR216C,YOL111C,0,-0.36159778,0.3969072103500366,0.9459459185600281,0.14412416517734528
YGR285C,YOR123C,0,-0.36498913,0.396498441696167,0.9459459185600281,0.14437054097652435
YLR107W,YFL045C,0,-0.36661494,0.3960905373096466,0.9459459185600281,0.14461690187454224
YLR224W,YMR229C,0,-0.36684602,0.3956834673881531,0.9459459185600281,0.14486326277256012
YKL038W,YGL174W,0,-0.3730774,0.395277202129364,0.9459459185600281,0.1451096385717392
YBR278W,YKL096W-A,0,-0.37331396,0.3948718011379242,0.9459459185600281,0.14535599946975708
YGR027C,YHR008C,0,-0.37754232,0.39446720480918884,0.9459459185600281,0.14560236036777496
YBR183W,YBR115C,0,-0.37861127,0.39406347274780273,0.9459459185600281,0.14584873616695404
YPL213W,YMR112C,0,-0.37912694,0.3936605453491211,0.9459459185600281,0.14609509706497192
YCR057C,YGL226C-A,0,-0.38017738,0.3932584226131439,0.9459459185600281,0.1463414579629898
YDL059C,YOL104C,0,-0.3825284,0.3928571343421936,0.9459459185600281,0.14658783376216888
YMR173W,YHR109W,0,-0.3837608,0.39245668053627014,0.9459459185600281,0.14683419466018677
YPR144C,YDR195W,0,-0.3875497,0.39205703139305115,0.9459459185600281,0.14708055555820465
YGL112C,YNL274C,0,-0.3908099,0.3916581869125366,0.9459459185600281,0.14732693135738373
YFL038C,YNL192W,0,-0.39125943,0.39126017689704895,0.9459459185600281,0.1475732922554016
YIL135C,YGR112W,0,-0.3921004,0.39086294174194336,0.9459459185600281,0.1478196531534195
YDL227C,YJR101W,0,-0.39307684,0.3904665410518646,0.9459459185600281,0.14806602895259857
YJR127C,YLR213C,0,-0.39413208,0.39007091522216797,0.9459459185600281,0.14831238985061646
YNL073W,YLR394W,0,-0.39619648,0.38967612385749817,0.9459459185600281,0.14855876564979553
YGR034W,YDL022W,0,-0.3967615,0.38928210735321045,0.9459459185600281,0.14880512654781342
YBR072W,YNL092W,0,-0.4051652,0.3888888955116272,0.9459459185600281,0.1490514874458313
YCR052W,YLR016C,0,-0.4054001,0.388496458530426,0.9459459185600281,0.14929786324501038
YML073C,YOR279C,0,-0.40625662,0.3881048262119293,0.9459459185600281,0.14954422414302826
YJL079C,YNL006W,0,-0.4095879,0.3877139985561371,0.9459459185600281,0.14979058504104614
YLR305C,YPR200C,0,-0.4167421,0.38732394576072693,0.9459459185600281,0.15003696084022522
YMR049C,YAL031C,0,-0.41708785,0.38693466782569885,0.9459459185600281,0.1502833217382431
YIL143C,YOR304C-A,0,-0.41775784,0.38654619455337524,0.9459459185600281,0.150529682636261
YLR028C,YPR127W,0,-0.42221165,0.38615846633911133,0.9459459185600281,0.15077605843544006
YJL194W,YPR191W,0,-0.42666394,0.3857715427875519,0.9459459185600281,0.15102241933345795
YDR211W,YOR025W,0,-0.42929304,0.3853853940963745,0.9459459185600281,0.15126878023147583
YMR038C,YBR074W,0,-0.43009233,0.38499999046325684,0.9459459185600281,0.1515151560306549
YGL170C,YHR041C,0,-0.43058833,0.38461539149284363,0.9459459185600281,0.1517615169286728
YLR165C,YKL085W,0,-0.4323936,0.3842315375804901,0.9459459185600281,0.15200787782669067
YAL033W,YNL267W,0,-0.43362206,0.3838484585285187,0.9459459185600281,0.15225425362586975
YLR113W,YGR216C,0,-0.43485084,0.38346612453460693,0.9459459185600281,0.15250061452388763
YPL213W,YML056C,0,-0.43638402,0.38308456540107727,0.9459459185600281,0.15274697542190552
YPR026W,YGL212W,0,-0.43690994,0.3827037811279297,0.9459459185600281,0.1529933512210846
YJR055W,YHR164C,0,-0.44505364,0.3823237419128418,0.9459459185600281,0.15323971211910248
YJL200C,YIL132C,0,-0.44961882,0.3819444477558136,0.9459459185600281,0.15348607301712036
YER103W,YKL217W,0,-0.45045233,0.3815658986568451,0.9459459185600281,0.15373244881629944
YOR071C,YJL176C,0,-0.4509474,0.38118812441825867,0.9459459185600281,0.15397880971431732
YGR144W,YJL187C,0,-0.45101586,0.38081106543540955,0.9459459185600281,0.1542251855134964
YER013W,YDR195W,0,-0.45368278,0.3804347813129425,0.9459459185600281,0.15447154641151428
YBR275C,YEL036C,0,-0.45380086,0.38005924224853516,0.9459459185600281,0.15471790730953217
YGR179C,YOR025W,0,-0.456352,0.3796844184398651,0.9459459185600281,0.15496428310871124
YGL212W,YMR272C,0,-0.46352252,0.37931033968925476,0.9459459185600281,0.15521064400672913
YER125W,YOR206W,1,-0.46401426,0.3799212574958801,0.9484029412269592,0.15521064400672913
YDL179W,YIL139C,0,-0.4645019,0.37954768538475037,0.9484029412269592,0.155457004904747
YBR187W,YNR015W,0,-0.46475005,0.3791748583316803,0.9484029412269592,0.1557033807039261
YPR204W,YGR179C,0,-0.468044,0.37880274653434753,0.9484029412269592,0.15594974160194397
YIL002C,YGL233W,0,-0.47261316,0.37843137979507446,0.9484029412269592,0.15619610249996185
YDL074C,YBR243C,0,-0.47305316,0.3780607283115387,0.9484029412269592,0.15644247829914093
YJR119C,YBL011W,0,-0.47347033,0.37769079208374023,0.9484029412269592,0.1566888391971588
YDR457W,YGL030W,0,-0.47432765,0.37732160091400146,0.9484029412269592,0.1569352000951767
YOR243C,YDR229W,0,-0.47953054,0.376953125,0.9484029412269592,0.15718157589435577
YGL122C,YOL093W,0,-0.48130146,0.37658536434173584,0.9484029412269592,0.15742793679237366
YNL102W,YBR020W,0,-0.4831414,0.376218318939209,0.9484029412269592,0.15767429769039154
YKR036C,YDL227C,0,-0.48998913,0.37585198879241943,0.9484029412269592,0.15792067348957062
YDR527W,YDR226W,0,-0.4917173,0.3754863739013672,0.9484029412269592,0.1581670343875885
YLR080W,YDR083W,0,-0.4961897,0.37512147426605225,0.9484029412269592,0.15841339528560638
YER165W,YMR270C,0,-0.49891624,0.3747572898864746,0.9484029412269592,0.15865977108478546
YNL008C,YBL041W,0,-0.50049806,0.3743937909603119,0.9484029412269592,0.15890613198280334
YGR281W,YER104W,0,-0.5017061,0.3740310072898865,0.9484029412269592,0.15915250778198242
YDR306C,YKL201C,0,-0.50280046,0.37366893887519836,0.9484029412269592,0.1593988686800003
YMR218C,YMR269W,0,-0.5047286,0.37330755591392517,0.9484029412269592,0.1596452295780182
YER185W,YER104W,0,-0.5049883,0.3729468584060669,0.9484029412269592,0.15989160537719727
YJR070C,YER052C,0,-0.510352,0.3725868761539459,0.9484029412269592,0.16013796627521515
YMR179W,YGL004C,0,-0.513849,0.37222757935523987,0.9484029412269592,0.16038432717323303
YDL074C,YEL029C,0,-0.5152149,0.37186896800994873,0.9484029412269592,0.1606307029724121
YDR144C,YBR067C,0,-0.5161567,0.3715110719203949,0.9484029412269592,0.16087706387043
YER165W,YDL045C,0,-0.5201483,0.3711538314819336,0.9484029412269592,0.16112342476844788
YPL093W,YGL172W,1,-0.5202155,0.3717579245567322,0.9508599638938904,0.16112342476844788
YGL212W,YNL122C,0,-0.52846396,0.3714011609554291,0.9508599638938904,0.16136980056762695
YGR012W,YGR034W,0,-0.52923477,0.3710450530052185,0.9508599638938904,0.16161616146564484
YOR323C,YBL034C,0,-0.53028107,0.37068966031074524,0.9508599638938904,0.16186252236366272
YNL127W,YPR060C,0,-0.5314259,0.3703349232673645,0.9508599638938904,0.1621088981628418
YPL139C,YMR025W,0,-0.5332749,0.3699808716773987,0.9508599638938904,0.16235525906085968
YLR452C,YCL024W,0,-0.53507775,0.3696275055408478,0.9508599638938904,0.16260161995887756
YLR129W,YJR031C,0,-0.5376939,0.3692747950553894,0.9508599638938904,0.16284799575805664
YPR144C,YLR024C,0,-0.5380467,0.36892277002334595,0.9508599638938904,0.16309435665607452
YDR378C,YDR415C,0,-0.5406108,0.3685714304447174,0.9508599638938904,0.1633407175540924
YBR183W,YML028W,0,-0.54311454,0.3682207465171814,0.9508599638938904,0.16358709335327148
YDL059C,YCL004W,0,-0.5452213,0.3678707182407379,0.9508599638938904,0.16383345425128937
YNR031C,YAL031C,0,-0.54609996,0.36752137541770935,0.9508599638938904,0.16407983005046844
YKR055W,YER104W,0,-0.54667056,0.3671726882457733,0.9508599638938904,0.16432619094848633
YIL132C,YLR348C,0,-0.5470555,0.3668246567249298,0.9508599638938904,0.1645725518465042
YOL145C,YOR298W,0,-0.5501034,0.36647728085517883,0.9508599638938904,0.1648189276456833
YPL007C,YNL175C,0,-0.55118287,0.3661305606365204,0.9508599638938904,0.16506528854370117
YGR070W,YBR061C,0,-0.5534494,0.36578449606895447,0.9508599638938904,0.16531164944171906
YKR066C,YER019C-A,0,-0.55373263,0.3654390871524811,0.9508599638938904,0.16555802524089813
YMR093W,YBL091C-A,0,-0.5605162,0.3650943338871002,0.9508599638938904,0.16580438613891602
YHL012W,YKR066C,0,-0.5626442,0.3647502362728119,0.9508599638938904,0.1660507470369339
YDR371W,YPR200C,0,-0.5658194,0.3644067943096161,0.9508599638938904,0.16629712283611298
YCR030C,YOL165C,0,-0.5664487,0.36406397819519043,0.9508599638938904,0.16654348373413086
YNL271C,YBR196C,0,-0.5670819,0.3637218177318573,0.9508599638938904,0.16678984463214874
YGL162W,YEL040W,0,-0.5726237,0.3633802831172943,0.9508599638938904,0.16703622043132782
YDL084W,YHR077C,0,-0.57299125,0.36303940415382385,0.9508599638938904,0.1672825813293457
YMR284W,YLL019C,0,-0.57420766,0.36269915103912354,0.9508599638938904,0.1675289422273636
YMR227C,YKL067W,0,-0.58026284,0.36235955357551575,0.9508599638938904,0.16777531802654266
YLR165C,YPR200C,0,-0.58026767,0.3620205819606781,0.9508599638938904,0.16802167892456055
YOL142W,YOL057W,0,-0.58050394,0.3616822361946106,0.9508599638938904,0.16826803982257843
YBR128C,YBR141C,0,-0.5808985,0.3613445460796356,0.9508599638938904,0.1685144156217575
YJR006W,YMR210W,0,-0.5892327,0.3610074520111084,0.9508599638938904,0.1687607765197754
YDR137W,YEL056W,0,-0.589409,0.3606710135936737,0.9508599638938904,0.16900713741779327
YDL206W,YLR206W,0,-0.590358,0.36033520102500916,0.9508599638938904,0.16925351321697235
YBR145W,YER130C,0,-0.5935514,0.36000001430511475,0.9508599638938904,0.16949987411499023
YJL124C,YBR222C,0,-0.59439373,0.3596654236316681,0.9508599638938904,0.1697462499141693
YJL030W,YGL051W,0,-0.59957325,0.35933148860931396,0.9508599638938904,0.1699926108121872
YBL041W,YGL122C,0,-0.6016001,0.3589981496334076,0.9508599638938904,0.17023897171020508
YPL259C,YNL175C,0,-0.6098001,0.35866543650627136,0.9508599638938904,0.17048534750938416
YIR011C,YPR001W,0,-0.6101285,0.3583333194255829,0.9508599638938904,0.17073170840740204
YNL163C,YGR171C,0,-0.6107764,0.35800185799598694,0.9508599638938904,0.17097806930541992
YDL202W,YNR003C,0,-0.6139249,0.35767099261283875,0.9508599638938904,0.171224445104599
YCL057W,YIL177C,0,-0.61395824,0.3573407232761383,0.9508599638938904,0.17147080600261688
YFR029W,YBR129C,0,-0.6142839,0.357011079788208,0.9508599638938904,0.17171716690063477
YCL018W,YJL144W,0,-0.6146014,0.35668203234672546,0.9508599638938904,0.17196354269981384
YLL041C,YLR344W,0,-0.6217077,0.3563535809516907,0.9508599638938904,0.17220990359783173
YOR071C,YER104W,0,-0.6235826,0.356025755405426,0.9508599638938904,0.1724562644958496
YDR530C,YHR058C,0,-0.6285597,0.35569852590560913,0.9508599638938904,0.1727026402950287
YOL040C,YDR226W,0,-0.6287962,0.35537189245224,0.9508599638938904,0.17294900119304657
YCL036W,YLR182W,0,-0.6308026,0.355045884847641,0.9508599638938904,0.17319536209106445
YMR054W,YIL076W,0,-0.6334493,0.35472044348716736,0.9508599638938904,0.17344173789024353
YOL141W,YDR262W,0,-0.63518,0.3543955981731415,0.9508599638938904,0.1736880987882614
YMR315W,YJR034W,0,-0.63588035,0.35407134890556335,0.9508599638938904,0.1739344596862793
YLR165C,YAR031W,0,-0.6388763,0.35374772548675537,0.9508599638938904,0.17418083548545837
YJR082C,YBR243C,0,-0.64274216,0.35342466831207275,0.9508599638938904,0.17442719638347626
YPL196W,YOR204W,0,-0.643191,0.3531021773815155,0.9508599638938904,0.17467357218265533
YOR138C,YGL051W,0,-0.64508,0.3527803122997284,0.9508599638938904,0.17491993308067322
YDR453C,YDL198C,0,-0.65104365,0.35245901346206665,0.9508599638938904,0.1751662939786911
YPL104W,YLR325C,0,-0.65215874,0.35213831067085266,0.9508599638938904,0.17541266977787018
YOL057W,YAL038W,0,-0.6537731,0.35181817412376404,0.9508599638938904,0.17565903067588806
YBR230C,YJR130C,0,-0.65563697,0.35149863362312317,0.9508599638938904,0.17590539157390594
YLL008W,YKL186C,0,-0.6582658,0.35117965936660767,0.9508599638938904,0.17615176737308502
YFR001W,YFR019W,0,-0.6604568,0.3508612811565399,0.9508599638938904,0.1763981282711029
YDL142C,YPR187W,0,-0.6606672,0.35054346919059753,0.9508599638938904,0.1766444891691208
YIL079C,YDR369C,0,-0.6664274,0.3502262532711029,0.9508599638938904,0.17689086496829987
YLL027W,YLR224W,0,-0.66809475,0.34990957379341125,0.9508599638938904,0.17713722586631775
YKL210W,YML109W,0,-0.6683097,0.34959349036216736,0.9508599638938904,0.17738358676433563
YOL155C,YMR229C,0,-0.6712228,0.34927797317504883,0.9508599638938904,0.1776299625635147
YCL008C,YFL045C,0,-0.67256093,0.34896302223205566,0.9508599638938904,0.1778763234615326
YGR245C,YGL172W,1,-0.674423,0.3495495617389679,0.9533169269561768,0.1778763234615326
YDR473C,YER162C,0,-0.67493993,0.3492349088191986,0.9533169269561768,0.17812268435955048
YLL002W,YPL122C,0,-0.6771679,0.3489208519458771,0.9533169269561768,0.17836906015872955
YMR169C,YPL087W,0,-0.6775186,0.3486073613166809,0.9533169269561768,0.17861542105674744
YDR351W,YOR351C,0,-0.68146956,0.3482944369316101,0.9533169269561768,0.17886178195476532
YBL076C,YDR140W,0,-0.68273413,0.3479820489883423,0.9533169269561768,0.1791081577539444
YCR052W,YDL083C,0,-0.68944347,0.3476702570915222,0.9533169269561768,0.17935451865196228
YLR314C,YHR069C,0,-0.6905062,0.3473590016365051,0.9533169269561768,0.17960087954998016
YKR019C,YML028W,0,-0.6911994,0.3470483124256134,0.9533169269561768,0.17984725534915924
YPL151C,YDL061C,0,-0.6925801,0.34673815965652466,0.9533169269561768,0.18009361624717712
YER185W,YKL172W,0,-0.69363606,0.3464285731315613,0.9533169269561768,0.1803399920463562
YPL167C,YLR164W,0,-0.6937132,0.3461195230484009,0.9533169269561768,0.18058635294437408
YDL197C,YNL274C,0,-0.6983924,0.34581103920936584,0.9533169269561768,0.18083271384239197
YDR451C,YER130C,0,-0.7051374,0.3455031216144562,0.9533169269561768,0.18107908964157104
YIL046W,YMR210W,0,-0.70631576,0.3451957404613495,0.9533169269561768,0.18132545053958893
YER154W,YOR209C,0,-0.7063315,0.3448888957500458,0.9533169269561768,0.1815718114376068
YCL014W,YMR272C,0,-0.7108152,0.34458258748054504,0.9533169269561768,0.1818181872367859
YEL052W,YGR089W,0,-0.7151606,0.3442768454551697,0.9533169269561768,0.18206454813480377
YNL261W,YDR492W,0,-0.7175286,0.3439716398715973,0.9533169269561768,0.18231090903282166
YJL053W,YPL050C,0,-0.71792495,0.3436669707298279,0.9533169269561768,0.18255728483200073
YBR080C,YMR186W,0,-0.7199763,0.34336283802986145,0.9533169269561768,0.18280364573001862
YLR452C,YOR239W,0,-0.72021127,0.343059241771698,0.9533169269561768,0.1830500066280365
YDL059C,YCR052W,0,-0.7210872,0.3427561819553375,0.9533169269561768,0.18329638242721558
YBR223C,YJL166W,0,-0.72175276,0.34245365858078003,0.9533169269561768,0.18354274332523346
YGL037C,YHR119W,0,-0.72200096,0.3421516716480255,0.9533169269561768,0.18378910422325134
YLR113W,YLR386W,0,-0.72426903,0.341850221157074,0.9533169269561768,0.18403548002243042
YDR337W,YER171W,0,-0.7246891,0.3415493071079254,0.9533169269561768,0.1842818409204483
YMR182C,YOR168W,0,-0.72624516,0.34124889969825745,0.9533169269561768,0.1845282018184662
YMR112C,YNR003C,0,-0.72737646,0.34094902873039246,0.9533169269561768,0.18477457761764526
YMR193W,YNR002C,0,-0.7284763,0.34064969420433044,0.9533169269561768,0.18502093851566315
YER117W,YKL015W,0,-0.72902596,0.340350866317749,0.9533169269561768,0.18526731431484222
YBL058W,YOR123C,0,-0.7293618,0.3400525748729706,0.9533169269561768,0.1855136752128601
YOR071C,YDR494W,0,-0.72952867,0.3397548198699951,0.9533169269561768,0.185760036110878
YBR247C,YCL052C,0,-0.72959316,0.33945757150650024,0.9533169269561768,0.18600641191005707
YNL282W,YOR025W,0,-0.730574,0.33916082978248596,0.9533169269561768,0.18625277280807495
YJL191W,YDL097C,0,-0.7315874,0.33886462450027466,0.9533169269561768,0.18649913370609283
YOL107W,YOR311C,0,-0.73161244,0.33856892585754395,0.9533169269561768,0.1867455095052719
YDR383C,YNL302C,0,-0.7324877,0.3382737636566162,0.9533169269561768,0.1869918704032898
YOR106W,YNL232W,0,-0.73377025,0.33797910809516907,0.9533169269561768,0.18723823130130768
YJR101W,YDR444W,0,-0.734411,0.3376849293708801,0.9533169269561768,0.18748460710048676
YOR106W,YER175C,0,-0.735191,0.33739131689071655,0.9533169269561768,0.18773096799850464
YLR157C,YCL024W,0,-0.73548996,0.3370981812477112,0.9533169269561768,0.18797732889652252
YDR527W,YGL060W,0,-0.7372931,0.3368055522441864,0.9533169269561768,0.1882237046957016
YKR057W,YKR002W,0,-0.74756527,0.3365134298801422,0.9533169269561768,0.18847006559371948
YBR202W,YMR020W,0,-0.7492062,0.336221843957901,0.9533169269561768,0.18871642649173737
YER125W,YBL098W,0,-0.7500812,0.335930734872818,0.9533169269561768,0.18896280229091644
YPL082C,YLR270W,0,-0.7508422,0.3356401324272156,0.9533169269561768,0.18920916318893433
YNL302C,YPL065W,0,-0.75112,0.33535003662109375,0.9533169269561768,0.1894555240869522
YOL145C,YOR299W,0,-0.7577021,0.3350604474544525,0.9533169269561768,0.1897018998861313
YDL028C,YLR047C,0,-0.7579665,0.33477136492729187,0.9533169269561768,0.18994826078414917
YMR033W,YCL057W,0,-0.7599597,0.33448275923728943,0.9533169269561768,0.19019463658332825
YDL179W,YNR044W,0,-0.7601037,0.3341946601867676,0.9533169269561768,0.19044099748134613
YOR204W,YLR088W,0,-0.76011467,0.3339070677757263,0.9533169269561768,0.190687358379364
YGR288W,YLL008W,0,-0.7601588,0.33361995220184326,0.9533169269561768,0.1909337341785431
YJR082C,YPR006C,0,-0.7625247,0.3333333432674408,0.9533169269561768,0.19118009507656097
YJR147W,YJL030W,0,-0.7697438,0.33304721117019653,0.9533169269561768,0.19142645597457886
YLR452C,YLR394W,0,-0.7711228,0.33276158571243286,0.9533169269561768,0.19167283177375793
YEL030W,YBR192W,0,-0.77159214,0.3324764370918274,0.9533169269561768,0.19191919267177582
YKR103W,YKL013C,0,-0.7722969,0.3321917951107025,0.9533169269561768,0.1921655535697937
YBR243C,YDR262W,0,-0.7735951,0.33190760016441345,0.9533169269561768,0.19241192936897278
YLR080W,YKL144C,0,-0.7757344,0.33162394165992737,0.9533169269561768,0.19265829026699066
YLR314C,YPL050C,0,-0.77836585,0.3313407301902771,0.9533169269561768,0.19290465116500854
YIL079C,YCL004W,0,-0.7851702,0.3310580253601074,0.9533169269561768,0.19315102696418762
YHR156C,YLR016C,0,-0.7871225,0.33077579736709595,0.9533169269561768,0.1933973878622055
YBR031W,YKL001C,0,-0.7885556,0.3304940462112427,0.9533169269561768,0.1936437487602234
YMR173W,YOL111C,0,-0.7889761,0.3302127718925476,0.9533169269561768,0.19389012455940247
YPL240C,YDL198C,0,-0.79019153,0.32993197441101074,0.9533169269561768,0.19413648545742035
YHR029C,YLR291C,0,-0.79050314,0.3296516537666321,0.9533169269561768,0.19438284635543823
YJR057W,YOR145C,0,-0.7940446,0.3293718099594116,0.9533169269561768,0.1946292221546173
YLL008W,YFL014W,0,-0.79715264,0.32909244298934937,0.9533169269561768,0.1948755830526352
YPL119C,YIL083C,0,-0.8007109,0.3288135528564453,0.9533169269561768,0.19512194395065308
YMR169C,YBR074W,0,-0.8025956,0.32853513956069946,0.9533169269561768,0.19536831974983215
YOR343W-B,YLR410W-B,0,-0.8027954,0.3282572031021118,0.9533169269561768,0.19561468064785004
YBR230C,YIL177C,0,-0.8039228,0.32797971367836,0.9533169269561768,0.1958610564470291
YMR049C,YJL171C,0,-0.8049331,0.32770270109176636,0.9533169269561768,0.196107417345047
YDR172W,YLR073C,0,-0.80574656,0.32742616534233093,0.9533169269561768,0.19635377824306488
YJL200C,YDR373W,0,-0.8058126,0.3271500766277313,0.9533169269561768,0.19660015404224396
YPL011C,YER130C,0,-0.8061526,0.3268744647502899,0.9533169269561768,0.19684651494026184
YIR011C,YDR476C,0,-0.8061936,0.3265993297100067,0.9533169269561768,0.19709287583827972
YOR145C,YDR222W,0,-0.8073057,0.3263246417045593,0.9533169269561768,0.1973392516374588
YDL055C,YNL290W,0,-0.80830383,0.32605043053627014,0.9533169269561768,0.19758561253547668
YBR059C,YOR239W,0,-0.8095881,0.3257766664028168,0.9533169269561768,0.19783197343349457
YKL186C,YMR235C,1,-0.81850505,0.32634228467941284,0.9557739496231079,0.19783197343349457
YBR006W,YPR125W,0,-0.8266492,0.3260687291622162,0.9557739496231079,0.19807834923267365
YGL209W,YBR118W,0,-0.82734895,0.32579565048217773,0.9557739496231079,0.19832471013069153
YJR151C,YGR105W,0,-0.8287827,0.3255230188369751,0.9557739496231079,0.1985710710287094
YGR105W,YER145C,0,-0.8293048,0.3252508342266083,0.9557739496231079,0.1988174468278885
YNL078W,YIL133C,0,-0.82985187,0.32497912645339966,0.9557739496231079,0.19906380772590637
YGR251W,YKL067W,0,-0.83029664,0.32470783591270447,0.9557739496231079,0.19931016862392426
YPR072W,YKL041W,0,-0.83149266,0.3244370222091675,0.9557739496231079,0.19955654442310333
YNL283C,YDL083C,0,-0.83512783,0.3241666555404663,0.9557739496231079,0.19980290532112122
YOR310C,YBL085W,0,-0.8373405,0.32389676570892334,0.9557739496231079,0.2000492662191391
YLR228C,YKL201C,0,-0.8390435,0.3236272931098938,0.9557739496231079,0.20029564201831818
YGL094C,YDL074C,0,-0.84084415,0.3233582675457001,0.9557739496231079,0.20054200291633606
YDL036C,YGR070W,0,-0.8417373,0.32308968901634216,0.9557739496231079,0.20078837871551514
YOR074C,YNL309W,0,-0.8425094,0.32282158732414246,0.9557739496231079,0.20103473961353302
YHL012W,YNL107W,0,-0.84415555,0.3225539028644562,0.9557739496231079,0.2012811005115509
YPL082C,YAR031W,0,-0.8484944,0.3222866654396057,0.9557739496231079,0.20152747631072998
YGL068W,YDR494W,0,-0.853562,0.32201987504959106,0.9557739496231079,0.20177383720874786
YJR127C,YNR006W,0,-0.8579242,0.32175350189208984,0.9557739496231079,0.20202019810676575
YOL142W,YDL245C,0,-0.8584032,0.3214876055717468,0.9557739496231079,0.20226657390594482
YBR275C,YJR140C,0,-0.8590857,0.32122212648391724,0.9557739496231079,0.2025129348039627
YPL119C,YFL066C,0,-0.8615078,0.32095709443092346,0.9557739496231079,0.2027592957019806
YMR315W,YMR089C,0,-0.86158276,0.3206925094127655,0.9557739496231079,0.20300567150115967
YNL027W,YBL079W,0,-0.86465764,0.32042834162712097,0.9557739496231079,0.20325203239917755
YGL170C,YHR109W,0,-0.8677888,0.32016462087631226,0.9557739496231079,0.20349839329719543
YER117W,YCL018W,0,-0.8692665,0.31990131735801697,0.9557739496231079,0.2037447690963745
YCR052W,YAL029C,0,-0.86974144,0.3196384608745575,0.9557739496231079,0.2039911299943924
YOR298W,YJL085W,0,-0.87145066,0.31937602162361145,0.9557739496231079,0.20423749089241028
YMR304W,YDL045C,0,-0.8723686,0.3191140294075012,0.9557739496231079,0.20448386669158936
YPL276W,YLR404W,0,-0.8753383,0.3188524544239044,0.9557739496231079,0.20473022758960724
YDL197C,YLR389C,0,-0.87536275,0.31859132647514343,0.9557739496231079,0.20497658848762512
YML097C,YNL078W,0,-0.87888,0.3183306157588959,0.9557739496231079,0.2052229642868042
YDR263C,YLR164W,0,-0.881691,0.31807032227516174,0.9557739496231079,0.20546932518482208
YLR024C,YBR173C,0,-0.88267577,0.31781044602394104,0.9557739496231079,0.20571568608283997
YGR012W,YIL177C,0,-0.88366914,0.31755101680755615,0.9557739496231079,0.20596206188201904
YLR163C,YHR058C,0,-0.8868388,0.3172920048236847,0.9557739496231079,0.20620842278003693
YBR095C,YGL163C,0,-0.88846815,0.31703341007232666,0.9557739496231079,0.206454798579216
YDR454C,YML132W,0,-0.889254,0.31677523255348206,0.9557739496231079,0.2067011594772339
YGR144W,YHR060W,0,-0.8936125,0.31651750206947327,0.9557739496231079,0.20694752037525177
YBR120C,YEL030W,0,-0.8945161,0.3162601590156555,0.9557739496231079,0.20719389617443085
YFR045W,YBL034C,0,-0.8964169,0.3160032629966736,0.9557739496231079,0.20744025707244873
YNR057C,YFR001W,0,-0.8985723,0.3157467544078827,0.9557739496231079,0.2076866179704666
YNL236W,YMR033W,0,-0.8994287,0.3154906630516052,0.9557739496231079,0.2079329937696457
YLR183C,YKR026C,0,-0.9050249,0.3152350187301636,0.9557739496231079,0.20817935466766357
YLR029C,YFR031C,0,-0.90605354,0.31497976183891296,0.9557739496231079,0.20842571556568146
YDR034C,YOR084W,0,-0.9081441,0.3147249221801758,0.9557739496231079,0.20867209136486053
YLR228C,YGL225W,0,-0.90815735,0.314470499753952,0.9557739496231079,0.20891845226287842
YJL024C,YMR193W,0,-0.91138387,0.3142164647579193,0.9557739496231079,0.2091648131608963
YGL169W,YMR213W,0,-0.9115077,0.3139628767967224,0.9557739496231079,0.20941118896007538
YOR274W,YEL036C,0,-0.9119284,0.31370967626571655,0.9557739496231079,0.20965754985809326
YLR394W,YJL124C,0,-0.91501105,0.3134568929672241,0.9557739496231079,0.20990391075611115
YBR118W,YKR055W,0,-0.9160383,0.31320449709892273,0.9557739496231079,0.21015028655529022
YNL127W,YJL144W,0,-0.91905916,0.31295254826545715,0.9557739496231079,0.2103966474533081
YPL122C,YFL021W,0,-0.9261793,0.31270095705986023,0.9557739496231079,0.210643008351326
YHR041C,YMR273C,0,-0.9288657,0.3124498128890991,0.9557739496231079,0.21088938415050507
YBR095C,YPR163C,0,-0.92937243,0.31219902634620667,0.9557739496231079,0.21113574504852295
YMR146C,YDR337W,0,-0.9295474,0.31194868683815,0.9557739496231079,0.21138212084770203
YNL267W,YBR031W,0,-0.9315944,0.31169870495796204,0.9557739496231079,0.2116284817457199
YPL259C,YLR088W,0,-0.9338746,0.31144917011260986,0.9557739496231079,0.2118748426437378
YIL080W,YDL227C,0,-0.93787754,0.31119999289512634,0.9557739496231079,0.21212121844291687
YIR011C,YJR031C,0,-0.93990993,0.31095123291015625,0.9557739496231079,0.21236757934093475
YJL187C,YPL011C,0,-0.94162977,0.3107028901576996,0.9557739496231079,0.21261394023895264
YPL112C,YHR119W,0,-0.9446069,0.3104549050331116,0.9557739496231079,0.2128603160381317
YDR076W,YBL089W,0,-0.94572365,0.310207337141037,0.9557739496231079,0.2131066769361496
YPR137W,YMR240C,0,-0.95077085,0.30996015667915344,0.9557739496231079,0.21335303783416748
YMR276W,YEL031W,0,-0.9510839,0.30971336364746094,0.9557739496231079,0.21359941363334656
YHR069C,YNL147W,0,-0.9537878,0.30946698784828186,0.9557739496231079,0.21384577453136444
YLR244C,YHR079C,0,-0.9539473,0.3092209994792938,0.9557739496231079,0.21409213542938232
YGL209W,YMR238W,0,-0.95429504,0.30897536873817444,0.9557739496231079,0.2143385112285614
YGL169W,YJL006C,0,-0.9556078,0.3087301552295685,0.9557739496231079,0.21458487212657928
YBR195C,YOR126C,0,-0.95969,0.30848532915115356,0.9557739496231079,0.21483123302459717
YGL094C,YMR087W,0,-0.9600239,0.3082408905029297,0.9557739496231079,0.21507760882377625
YEL036C,YMR304W,0,-0.9604385,0.30799683928489685,0.9557739496231079,0.21532396972179413
YGL122C,YDR332W,0,-0.96243286,0.30775317549705505,0.9557739496231079,0.215570330619812
YHR060W,YDL021W,0,-0.96311736,0.3075098693370819,0.9557739496231079,0.2158167064189911
YOR074C,YNL050C,0,-0.9632318,0.3072669804096222,0.9557739496231079,0.21606306731700897
YLL008W,YPR152C,0,-0.96628106,0.3070244789123535,0.9557739496231079,0.21630944311618805
YMR146C,YOL066C,0,-0.96629417,0.3067823350429535,0.9557739496231079,0.21655580401420593
YOL038W,YNL307C,0,-0.968223,0.3065405786037445,0.9557739496231079,0.21680216491222382
YGL083W,YBL092W,0,-0.9708539,0.30629920959472656,0.9557739496231079,0.2170485407114029
YEL052W,YHR058C,0,-0.9745811,0.30605822801589966,0.9557739496231079,0.21729490160942078
YNL282W,YMR270C,0,-0.97563875,0.3058176040649414,0.9557739496231079,0.21754126250743866
YLR080W,YDR281C,0,-0.9766686,0.3055773675441742,0.9557739496231079,0.21778763830661774
YGL162W,YCR057C,0,-0.9766904,0.305337518453598,0.9557739496231079,0.21803399920463562
YJL140W,YGR072W,0,-0.98082733,0.3050980269908905,0.9557739496231079,0.2182803601026535
YOR074C,YOR168W,0,-0.982196,0.304858922958374,0.9557739496231079,0.21852673590183258
YGL209W,YMR276W,0,-0.9822267,0.3046202063560486,0.9557739496231079,0.21877309679985046
YDL142C,YLR183C,0,-0.98724866,0.3043818473815918,0.9557739496231079,0.21901945769786835
YJR119C,YNL080C,0,-0.9878162,0.30414387583732605,0.9557739496231079,0.21926583349704742
YBR172C,YPL099C,0,-0.98951364,0.30390626192092896,0.9557739496231079,0.2195121943950653
YNL297C,YGL113W,0,-0.99043226,0.3036690056324005,0.9557739496231079,0.2197585552930832
YBR155W,YLR088W,0,-0.99420524,0.3034321367740631,0.9557739496231079,0.22000493109226227
YHR069C,YNR004W,0,-0.9943154,0.30319562554359436,0.9557739496231079,0.22025129199028015
YPL078C,YGL233W,0,-0.99982035,0.30295950174331665,0.9557739496231079,0.22049765288829803
YLR197W,YMR295C,0,-1.0024712,0.3027237355709076,0.9557739496231079,0.2207440286874771
YER145C,YGR072W,0,-1.0046157,0.3024883270263672,0.9557739496231079,0.220990389585495
YKR056W,YJL103C,0,-1.007905,0.3022533059120178,0.9557739496231079,0.22123675048351288
YMR182C,YNR031C,0,-1.0095104,0.3020186424255371,0.9557739496231079,0.22148312628269196
YJL112W,YNL267W,0,-1.0098873,0.30178433656692505,0.9557739496231079,0.22172948718070984
YJR107W,YJL053W,0,-1.0105464,0.30155038833618164,0.9557739496231079,0.22197586297988892
YKR066C,YEL040W,0,-1.0126326,0.3013167977333069,0.9557739496231079,0.2222222238779068
YPL213W,YPL163C,0,-1.0127751,0.30108359456062317,0.9557739496231079,0.22246858477592468
YPR189W,YGR085C,0,-1.0155684,0.3008507490158081,0.9557739496231079,0.22271496057510376
YPR167C,YNL236W,0,-1.0162495,0.3006182312965393,0.9557739496231079,0.22296132147312164
YKL171W,YML080W,0,-1.0202186,0.30038610100746155,0.9557739496231079,0.22320768237113953
YGL212W,YBR072W,0,-1.0213549,0.30015432834625244,0.9557739496231079,0.2234540581703186
YDL171C,YBR061C,0,-1.022275,0.299922913312912,0.9557739496231079,0.2237004190683365
YER117W,YCL008C,0,-1.022374,0.2996918261051178,0.9557739496231079,0.22394677996635437
YNL297C,YKL124W,0,-1.0253456,0.29946112632751465,0.9557739496231079,0.22419315576553345
YLR005W,YPR030W,0,-1.0262249,0.29923075437545776,0.9557739496231079,0.22443951666355133
YOR148C,YIL006W,0,-1.0333109,0.2990007698535919,0.9557739496231079,0.2246858775615692
YDL084W,YDL140C,0,-1.034878,0.29877111315727234,0.9557739496231079,0.2249322533607483
YGR175C,YBL098W,0,-1.0365062,0.2985418140888214,0.9557739496231079,0.22517861425876617
YJR092W,YDL015C,0,-1.0365175,0.29831287264823914,0.9557739496231079,0.22542497515678406
YBR230C,YKR026C,0,-1.0380589,0.2980842888355255,0.9557739496231079,0.22567135095596313
YDR378C,YLR244C,0,-1.0388052,0.29785606265068054,0.9557739496231079,0.22591771185398102
YPR194C,YLR359W,0,-1.0398719,0.29762816429138184,0.9557739496231079,0.2261640727519989
YNL271C,YPL240C,0,-1.041708,0.2974006235599518,0.9557739496231079,0.22641044855117798
YPL007C,YDL074C,0,-1.0424882,0.297173410654068,0.9557739496231079,0.22665680944919586
YPR149W,YPL050C,0,-1.0428796,0.29694655537605286,0.9557739496231079,0.22690318524837494
YOL038W,YPR152C,0,-1.0437903,0.29672005772590637,0.9557739496231079,0.22714954614639282
YHR214C-B,YJR133W,0,-1.0440608,0.29649388790130615,0.9557739496231079,0.2273959070444107
YLR107W,YMR117C,0,-1.0441486,0.2962680757045746,0.9557739496231079,0.22764228284358978
YML112W,YBL113C,0,-1.0441874,0.29604262113571167,0.9557739496231079,0.22788864374160767
YFR029W,YLR107W,0,-1.0452285,0.295817494392395,0.9557739496231079,0.22813500463962555
YDL070W,YER171W,0,-1.0497129,0.29559269547462463,0.9557739496231079,0.22838138043880463
YOR142W-A,YFR018C,0,-1.0509791,0.2953682541847229,0.9557739496231079,0.2286277413368225
YNL073W,YBL113C,0,-1.0526468,0.2951441705226898,0.9557739496231079,0.2288741022348404
YGR167W,YLR033W,0,-1.0556448,0.2949203848838806,0.9557739496231079,0.22912047803401947
YPL011C,YHR008C,0,-1.0573663,0.29469695687294006,0.9557739496231079,0.22936683893203735
YBL076C,YJL171C,0,-1.058847,0.29447388648986816,0.9557739496231079,0.22961319983005524
YPL213W,YPR187W,0,-1.0606229,0.29425114393234253,0.9557739496231079,0.22985957562923431
YDR034C,YMR227C,0,-1.0617397,0.29402872920036316,0.9557739496231079,0.2301059365272522
YDL061C,YMR300C,0,-1.063715,0.29380664229393005,0.9557739496231079,0.23035229742527008
YBR118W,YIL142W,0,-1.0661976,0.2935849130153656,0.9557739496231079,0.23059867322444916
YOL090W,YBL079W,0,-1.0668677,0.2933635115623474,0.9557739496231079,0.23084503412246704
YLL045C,YFL010W-A,0,-1.0676327,0.2931424379348755,0.9557739496231079,0.23109139502048492
YPR043W,YGL019W,0,-1.0684776,0.29292169213294983,0.9557739496231079,0.231337770819664
YDR167W,YML073C,0,-1.0700775,0.29270127415657043,0.9557739496231079,0.23158413171768188
YKL103C,YLR009W,0,-1.0701197,0.2924812138080597,0.9557739496231079,0.23183050751686096
YJR057W,YGL226C-A,0,-1.0715815,0.2922614514827728,0.9557739496231079,0.23207686841487885
YDR076W,YBR080C,0,-1.073646,0.2920420467853546,0.9557739496231079,0.23232322931289673
YHR041C,YGR105W,0,-1.0779141,0.29182296991348267,0.9557739496231079,0.2325696051120758
YKL143W,YGL172W,1,-1.0786506,0.2923538088798523,0.9582309722900391,0.2325696051120758
YLL019C,YPR160W,0,-1.0818084,0.2921348214149475,0.9582309722900391,0.2328159660100937
YPL007C,YMR273C,0,-1.0831946,0.291916161775589,0.9582309722900391,0.23306232690811157
YGL112C,YDR518W,0,-1.085297,0.29169782996177673,0.9582309722900391,0.23330870270729065
YHR030C,YPR198W,0,-1.0863892,0.29147982597351074,0.9582309722900391,0.23355506360530853
YOR106W,YMR213W,0,-1.0866513,0.291262149810791,0.9582309722900391,0.23380142450332642
YMR049C,YKL038W,0,-1.0880253,0.29104477167129517,0.9582309722900391,0.2340478003025055
YKL170W,YNL262W,0,-1.0908723,0.29082775115966797,0.9582309722900391,0.23429416120052338
YDL024C,YKR044W,0,-1.0961721,0.29061102867126465,0.9582309722900391,0.23454052209854126
YML073C,YDR415C,0,-1.0975232,0.2903946340084076,0.9582309722900391,0.23478689789772034
YLL029W,YOR274W,0,-1.1044152,0.2901785671710968,0.9582309722900391,0.23503325879573822
YJL155C,YAL017W,0,-1.1051463,0.2899628281593323,0.9582309722900391,0.2352796196937561
YPL083C,YFL023W,0,-1.1061037,0.2897473871707916,0.9582309722900391,0.23552599549293518
YPL131W,YGL256W,0,-1.1085545,0.28953230381011963,0.9582309722900391,0.23577235639095306
YDR371W,YDR457W,0,-1.1104593,0.2893175184726715,0.9582309722900391,0.23601871728897095
YBR026C,YMR075W,0,-1.1106265,0.28910303115844727,0.9582309722900391,0.23626509308815002
YER125W,YNL267W,0,-1.1135876,0.2888889014720917,0.9582309722900391,0.2365114539861679
YPL127C,YEL029C,0,-1.1140684,0.28867506980895996,0.9582309722900391,0.2367578148841858
YNL309W,YGL163C,0,-1.1141443,0.2884615361690521,0.9582309722900391,0.23700419068336487
YMR182C,YNL238W,0,-1.114264,0.28824833035469055,0.9582309722900391,0.23725055158138275
YMR114C,YNL078W,0,-1.1168892,0.28803545236587524,0.9582309722900391,0.23749692738056183
YCL018W,YKR020W,0,-1.1196859,0.2878228724002838,0.9582309722900391,0.2377432882785797
YDR451C,YDL055C,0,-1.120848,0.28761062026023865,0.9582309722900391,0.2379896491765976
YOR159C,YBR243C,0,-1.124891,0.28739866614341736,0.9582309722900391,0.23823602497577667
YLL019C,YIL042C,0,-1.1254109,0.28718703985214233,0.9582309722900391,0.23848238587379456
YOR237W,YGR143W,0,-1.1255692,0.2869757115840912,0.9582309722900391,0.23872874677181244
YOL107W,YPL208W,0,-1.1277928,0.2867647111415863,0.9582309722900391,0.23897512257099152
YIR018W,YNL016W,0,-1.1324782,0.2865540087223053,0.9582309722900391,0.2392214834690094
YLR182W,YJL117W,0,-1.1379383,0.28634360432624817,0.9582309722900391,0.23946784436702728
YEL070W,YNL122C,0,-1.1455064,0.2861335277557373,0.9582309722900391,0.23971422016620636
YIL094C,YDR222W,0,-1.1497062,0.2859237492084503,0.9582309722900391,0.23996058106422424
YCR093W,YNL261W,0,-1.1503838,0.2857142984867096,0.9582309722900391,0.24020694196224213
YGL180W,YHR008C,0,-1.1574439,0.28550511598587036,0.9582309722900391,0.2404533177614212
YBR031W,YEL062W,0,-1.1585443,0.2852962613105774,0.9582309722900391,0.2406996786594391
YLR321C,YCL052C,0,-1.161281,0.2850877046585083,0.9582309722900391,0.24094603955745697
YKR066C,YLL055W,0,-1.162357,0.2848794758319855,0.9582309722900391,0.24119241535663605
YER185W,YNR072W,0,-1.1642945,0.2846715450286865,0.9582309722900391,0.24143877625465393
YNL232W,YDL061C,0,-1.1648852,0.28446388244628906,0.9582309722900391,0.24168513715267181
YBL098W,YMR296C,0,-1.1660695,0.28425654768943787,0.9582309722900391,0.2419315129518509
YBR271W,YGR134W,0,-1.1667472,0.28404954075813293,0.9582309722900391,0.24217787384986877
YBR081C,YOR138C,0,-1.1668123,0.2838428020477295,0.9582309722900391,0.24242424964904785
YOR292C,YPR163C,0,-1.1672721,0.2836363613605499,0.9582309722900391,0.24267061054706573
YPL083C,YIL006W,0,-1.1674685,0.28343021869659424,0.9582309722900391,0.24291697144508362
YKL182W,YBR093C,0,-1.1678432,0.2832244038581848,0.9582309722900391,0.2431633472442627
YIL135C,YOR340C,0,-1.1706715,0.2830188572406769,0.9582309722900391,0.24340970814228058
YFR036W,YLR026C,0,-1.1717474,0.2828136384487152,0.9582309722900391,0.24365606904029846
YGR171C,YNL239W,0,-1.1719316,0.28260868787765503,0.9582309722900391,0.24390244483947754
YAR002C-A,YBL005W-B,0,-1.1738328,0.2824040651321411,0.9582309722900391,0.24414880573749542
YKL174C,YNL307C,0,-1.1741575,0.2821997106075287,0.9582309722900391,0.2443951666355133
YDR245W,YPL252C,0,-1.1750032,0.28199565410614014,0.9582309722900391,0.24464154243469238
YGL220W,YDR373W,0,-1.175634,0.28179189562797546,0.9582309722900391,0.24488790333271027
YLR028C,YIL076W,0,-1.176418,0.28158843517303467,0.9582309722900391,0.24513426423072815
YOL104C,YOL062C,0,-1.1801528,0.28138527274131775,0.9582309722900391,0.24538064002990723
YLR228C,YNR017W,0,-1.180448,0.2811824083328247,0.9582309722900391,0.2456270009279251
YER175C,YDR449C,0,-1.180792,0.28097984194755554,0.9582309722900391,0.245873361825943
YJL187C,YJL213W,0,-1.1848097,0.28077754378318787,0.9582309722900391,0.24611973762512207
YNL044W,YPL208W,0,-1.1857507,0.28057554364204407,0.9582309722900391,0.24636609852313995
YOR206W,YMR077C,0,-1.1861067,0.28037384152412415,0.9582309722900391,0.24661245942115784
YOL145C,YLL004W,0,-1.1878122,0.2801724076271057,0.9582309722900391,0.24685883522033691
YNL309W,YGR077C,0,-1.1906075,0.27997127175331116,0.9582309722900391,0.2471051961183548
YNL079C,YLR348C,0,-1.1929302,0.2797704339027405,0.9582309722900391,0.24735155701637268
YGR180C,YDR196C,0,-1.1936486,0.2795698940753937,0.9582309722900391,0.24759793281555176
YBR238C,YGL163C,0,-1.1947898,0.27936962246894836,0.9582309722900391,0.24784429371356964
YNL297C,YDR240C,0,-1.1967078,0.27916964888572693,0.9582309722900391,0.24809066951274872
YHR056C,YOR142W-A,0,-1.1967231,0.278969943523407,0.9582309722900391,0.2483370304107666
YPR135W,YOR098C,0,-1.1992145,0.2787705361843109,0.9582309722900391,0.24858339130878448
YMR087W,YNL239W,0,-1.1995381,0.2785714268684387,0.9582309722900391,0.24882976710796356
YEL056W,YML132W,0,-1.2001389,0.278372585773468,0.9582309722900391,0.24907612800598145
YDR389W,YBR115C,0,-1.2025692,0.2781740427017212,0.9582309722900391,0.24932248890399933
YMR013C,YBR031W,0,-1.2055472,0.27797576785087585,0.9582309722900391,0.2495688647031784
YNL026W,YGL241W,0,-1.2058868,0.2777777910232544,0.9582309722900391,0.2498152256011963
YFR036W,YBL034C,0,-1.2071352,0.2775800824165344,0.9582309722900391,0.25006160140037537
YDL074C,YIR039C,0,-1.20718,0.27738264203071594,0.9582309722900391,0.25030794739723206
YOL062C,YFL021W,0,-1.2090098,0.27718549966812134,0.9582309722900391,0.25055432319641113
YPR187W,YPR030W,0,-1.2097572,0.2769886255264282,0.9582309722900391,0.2508006989955902
YEL022W,YMR210W,0,-1.2105769,0.276792049407959,0.9582309722900391,0.2510470449924469
YLR197W,YBR067C,0,-1.2144066,0.27659574151039124,0.9582309722900391,0.251293420791626
YKL182W,YER130C,0,-1.2154306,0.276399701833725,0.9582309722900391,0.25153979659080505
YIL139C,YMR176W,0,-1.2171196,0.2762039601802826,0.9582309722900391,0.25178614258766174
YOR299W,YLR016C,0,-1.2174078,0.2760084867477417,0.9582309722900391,0.2520325183868408
YKL206C,YJL085W,0,-1.2175184,0.2758132815361023,0.9582309722900391,0.2522788941860199
YMR039C,YLR033W,0,-1.2177547,0.27561837434768677,0.9582309722900391,0.2525252401828766
YKR054C,YGR134W,0,-1.2184969,0.27542373538017273,0.9582309722900391,0.25277161598205566
YPR137W,YMR227C,0,-1.2188748,0.2752293646335602,0.9582309722900391,0.25301799178123474
YPL110C,YJL071W,0,-1.2196136,0.2750352621078491,0.9582309722900391,0.25326433777809143
YBR275C,YMR025W,0,-1.2199061,0.27484142780303955,0.9582309722900391,0.2535107135772705
YLR244C,YIR011C,0,-1.2244216,0.27464789152145386,0.9582309722900391,0.2537570893764496
YBR195C,YMR296C,0,-1.2250694,0.27445462346076965,0.9582309722900391,0.2540034353733063
YAL033W,YFR045W,0,-1.2251327,0.27426159381866455,0.9582309722900391,0.25424981117248535
YOR283W,YAL024C,0,-1.2282193,0.2740688621997833,0.9582309722900391,0.25449618697166443
YIL020C,YHR156C,0,-1.231346,0.2738763988018036,0.9582309722900391,0.2547425329685211
YJL114W,YER017C,0,-1.2329441,0.27368420362472534,0.9582309722900391,0.2549889087677002
YOL102C,YHR082C,0,-1.2343836,0.2734922766685486,0.9582309722900391,0.2552352845668793
YMR182C,YGL046W,0,-1.2386717,0.2733006179332733,0.9582309722900391,0.25548166036605835
YMR033W,YFR019W,0,-1.238755,0.2731092572212219,0.9582309722900391,0.25572800636291504
YPL096W,YGL051W,0,-1.2394285,0.27291813492774963,0.9582309722900391,0.2559743821620941
YLR080W,YMR090W,0,-1.2413731,0.27272728085517883,0.9582309722900391,0.2562207579612732
YMR273C,YNL182C,0,-1.2429836,0.2725366950035095,0.9582309722900391,0.2564671039581299
YEL012W,YDR337W,0,-1.2454807,0.2723463773727417,0.9582309722900391,0.25671347975730896
YCR060W,YMR250W,0,-1.2461722,0.27215632796287537,0.9582309722900391,0.25695985555648804
YDL202W,YAR035W,0,-1.2468686,0.27196651697158813,0.9582309722900391,0.2572062015533447
YNL131W,YDL148C,0,-1.2520838,0.2717770040035248,0.9582309722900391,0.2574525773525238
YLL019C,YIL177C,0,-1.2536802,0.2715877294540405,0.9582309722900391,0.2576989531517029
YBL058W,YKL166C,0,-1.2562188,0.27139875292778015,0.9582309722900391,0.25794529914855957
YLR228C,YER137C-A,0,-1.259602,0.2712100148200989,0.9582309722900391,0.25819167494773865
YOR355W,YMR143W,0,-1.2625475,0.2710215449333191,0.9582309722900391,0.2584380507469177
YOR287C,YBR155W,0,-1.2670938,0.2708333432674408,0.9582309722900391,0.2586843967437744
YHR002W,YOR343W-B,0,-1.2672123,0.2706453800201416,0.9582309722900391,0.2589307725429535
YDR174W,YBR075W,0,-1.268505,0.2704576849937439,0.9582309722900391,0.25917714834213257
YFL010W-A,YKL144C,0,-1.2693461,0.2702702581882477,0.9582309722900391,0.25942349433898926
YDR457W,YDL216C,0,-1.2716706,0.27008309960365295,0.9582309722900391,0.25966987013816833
YER117W,YLR163C,0,-1.2775506,0.26989617943763733,0.9582309722900391,0.2599162459373474
YOL145C,YER115C,0,-1.2799412,0.2697095572948456,0.9582309722900391,0.2601625919342041
YDR389W,YJR032W,0,-1.2840763,0.26952314376831055,0.9582309722900391,0.2604089677333832
YGR095C,YPL093W,0,-1.284881,0.2693370282649994,0.9582309722900391,0.26065534353256226
YIL134W,YGR105W,0,-1.2863134,0.26915115118026733,0.9582309722900391,0.26090168952941895
YOR378W,YOR138C,0,-1.2876503,0.2689655125141144,0.9582309722900391,0.261148065328598
YKR020W,YFR052W,0,-1.2927636,0.2687801420688629,0.9582309722900391,0.2613944411277771
YOR071C,YPL064C,0,-1.2932522,0.26859503984451294,0.9582309722900391,0.2616407871246338
YDR267C,YGL172W,1,-1.3011531,0.2690984308719635,0.9606879353523254,0.2616407871246338
YMR173W,YOR294W,0,-1.3018161,0.2689133286476135,0.9606879353523254,0.26188716292381287
YGR251W,YJL079C,0,-1.3022345,0.2687285244464874,0.9606879353523254,0.26213353872299194
YGR288W,YCL034W,0,-1.3078498,0.26854395866394043,0.9606879353523254,0.26237988471984863
YOR279C,YOL040C,0,-1.3118024,0.26835963129997253,0.9606879353523254,0.2626262605190277
YJR083C,YJR140C,0,-1.3120768,0.26817557215690613,0.9606879353523254,0.2628726363182068
YKL082C,YDR404C,0,-1.3126051,0.2679917812347412,0.9606879353523254,0.2631189823150635
YDR146C,YGL071W,0,-1.3160099,0.2678082287311554,0.9606879353523254,0.26336535811424255
YER098W,YJR083C,0,-1.3165947,0.2676249146461487,0.9606879353523254,0.26361173391342163
YKL201C,YNL122C,0,-1.3237962,0.26744186878204346,0.9606879353523254,0.2638580799102783
YKL053C-A,YOL054W,0,-1.3244509,0.26725906133651733,0.9606879353523254,0.2641044557094574
YIL128W,YLR130C,0,-1.3251854,0.2670764923095703,0.9606879353523254,0.2643508315086365
YOR291W,YDR454C,0,-1.3255913,0.2668941915035248,0.9606879353523254,0.26459717750549316
YLL012W,YFL021W,0,-1.3261408,0.26671212911605835,0.9606879353523254,0.26484355330467224
YMR146C,YNL236W,0,-1.3275882,0.2665303349494934,0.9606879353523254,0.2650899291038513
YIR018W,YKR002W,0,-1.3284645,0.26634877920150757,0.9606879353523254,0.265336275100708
YCL036W,YOL043C,0,-1.3290251,0.26616746187210083,0.9606879353523254,0.2655826508998871
YBR243C,YLR325C,0,-1.329892,0.2659863829612732,0.9606879353523254,0.26582902669906616
YPR191W,YJL024C,0,-1.3323684,0.26580557227134705,0.9606879353523254,0.26607540249824524
YPR024W,YFL014W,0,-1.3324455,0.265625,0.9606879353523254,0.26632174849510193
YMR186W,YNL219C,0,-1.3328727,0.26544466614723206,0.9606879353523254,0.266568124294281
YBR172C,YGL220W,0,-1.3392919,0.2652646005153656,0.9606879353523254,0.2668145000934601
YLR314C,YBR238C,0,-1.3395984,0.26508474349975586,0.9606879353523254,0.2670608460903168
YLR452C,YBR278W,0,-1.3396045,0.2649051547050476,0.9606879353523254,0.26730722188949585
YNL044W,YFL002W-B,0,-1.3409654,0.26472580432891846,0.9606879353523254,0.2675535976886749
YOR275C,YIR039C,0,-1.3414841,0.2645466923713684,0.9606879353523254,0.2677999436855316
YPL122C,YGL051W,0,-1.341816,0.26436781883239746,0.9606879353523254,0.2680463194847107
YGL237C,YNL232W,0,-1.3424885,0.2641891837120056,0.9606879353523254,0.26829269528388977
YOL057W,YNL238W,0,-1.3475857,0.26401081681251526,0.9606879353523254,0.26853904128074646
YCR057C,YCR046C,0,-1.3496089,0.2638326585292816,0.9606879353523254,0.26878541707992554
YDR451C,YMR228W,0,-1.3548347,0.26365476846694946,0.9606879353523254,0.2690317928791046
YCL057W,YMR301C,0,-1.3561689,0.263477087020874,0.9606879353523254,0.2692781388759613
YER175C,YNR057C,0,-1.357593,0.2632996737957001,0.9606879353523254,0.2695245146751404
YDL074C,YIR005W,0,-1.3620012,0.26312246918678284,0.9606879353523254,0.26977089047431946
YDL111C,YNL208W,0,-1.3621303,0.2629455327987671,0.9606879353523254,0.27001723647117615
YOL104C,YLR224W,0,-1.362515,0.26276880502700806,0.9606879353523254,0.2702636122703552
YHR074W,YNR004W,0,-1.365966,0.2625923454761505,0.9606879353523254,0.2705099880695343
YGR281W,YDR499W,0,-1.3666972,0.2624160945415497,0.9606879353523254,0.270756334066391
YLR359W,YDR207C,0,-1.3670121,0.26224011182785034,0.9606879353523254,0.27100270986557007
YGR169C,YIL095W,0,-1.3682458,0.2620643377304077,0.9606879353523254,0.27124908566474915
YLR425W,YMR304W,0,-1.3686782,0.2618888020515442,0.9606879353523254,0.27149543166160583
YML036W,YDL148C,0,-1.3688554,0.26171353459358215,0.9606879353523254,0.2717418074607849
YDL202W,YBR222C,0,-1.3689617,0.26153847575187683,0.9606879353523254,0.271988183259964
YKL078W,YBR074W,0,-1.371765,0.2613636255264282,0.9606879353523254,0.2722345292568207
YDR167W,YGR268C,0,-1.3727282,0.2611890435218811,0.9606879353523254,0.27248090505599976
YCL074W,YPL099C,0,-1.3732148,0.2610146999359131,0.9606879353523254,0.27272728085517883
YGL112C,YFL038C,0,-1.3734227,0.2608405649662018,0.9606879353523254,0.2729736268520355
YNL302C,YJR140C,0,-1.3747035,0.2606666684150696,0.9606879353523254,0.2732200026512146
YOL142W,YJR040W,0,-1.378368,0.2604930102825165,0.9606879353523254,0.2734663784503937
YKR055W,YDR245W,0,-1.3789506,0.2603195607662201,0.9606879353523254,0.27371272444725037
YOR176W,YGL060W,0,-1.3800962,0.2601463794708252,0.9606879353523254,0.27395910024642944
YLR165C,YHR057C,0,-1.3824421,0.259973406791687,0.9606879353523254,0.2742054760456085
YNL271C,YBL041W,0,-1.3828183,0.25980067253112793,0.9606879353523254,0.2744518220424652
YMR065W,YOR226C,0,-1.3837718,0.25962814688682556,0.9606879353523254,0.2746981978416443
YNL107W,YDR207C,0,-1.388128,0.2594558596611023,0.9606879353523254,0.27494457364082336
YPL240C,YNR018W,0,-1.3898718,0.25928381085395813,0.9606879353523254,0.27519091963768005
YOR123C,YER052C,0,-1.3907541,0.25911200046539307,0.9606879353523254,0.27543729543685913
YLR305C,YGL163C,0,-1.3923334,0.2589403986930847,0.9606879353523254,0.2756836712360382
YDR414C,YGL014W,0,-1.3923688,0.25876903533935547,0.9606879353523254,0.2759300172328949
YNR074C,YLR113W,0,-1.3967556,0.25859788060188293,0.9606879353523254,0.276176393032074
YKL038W,YIR038C,0,-1.3977426,0.2584269642829895,0.9606879353523254,0.27642276883125305
YDR076W,YOR299W,0,-1.3993617,0.25825628638267517,0.9606879353523254,0.27666914463043213
YOR292C,YNL182C,0,-1.39946,0.25808581709861755,0.9606879353523254,0.2769154906272888
YHR030C,YNL050C,0,-1.4009279,0.25791555643081665,0.9606879353523254,0.2771618664264679
YMR123W,YNL163C,0,-1.4015986,0.25774556398391724,0.9606879353523254,0.277408242225647
YPR167C,YIL108W,0,-1.4021753,0.25757575035095215,0.9606879353523254,0.27765458822250366
YBR287W,YNR010W,0,-1.4038761,0.25740617513656616,0.9606879353523254,0.27790096402168274
YDR195W,YBR276C,0,-1.4114703,0.2572368383407593,0.9606879353523254,0.2781473398208618
YGR095C,YDL077C,0,-1.4115008,0.2570677101612091,0.9606879353523254,0.2783936858177185
YOR343W-B,YER130C,0,-1.4122363,0.25689882040023804,0.9606879353523254,0.2786400616168976
YGL180W,YJR032W,0,-1.4129735,0.2567301392555237,0.9606879353523254,0.27888643741607666
YMR186W,YBL052C,0,-1.4168772,0.25656166672706604,0.9606879353523254,0.27913278341293335
YBL058W,YBR010W,0,-1.4179535,0.2563934326171875,0.9606879353523254,0.2793791592121124
YJR107W,YLR268W,0,-1.4180963,0.25622543692588806,0.9606879353523254,0.2796255350112915
YNL050C,YPL274W,0,-1.419812,0.25605762004852295,0.9606879353523254,0.2798718810081482
YPL083C,YLL012W,0,-1.4202658,0.25589004158973694,0.9606879353523254,0.28011825680732727
YLR268W,YNL122C,0,-1.4206578,0.25572270154953003,0.9606879353523254,0.28036463260650635
YIL061C,YLL012W,0,-1.4218227,0.25555557012557983,0.9606879353523254,0.28061097860336304
YMR321C,YOR338W,0,-1.4220537,0.25538864731788635,0.9606879353523254,0.2808573544025421
YML073C,YJL117W,0,-1.4249483,0.2552219331264496,0.9606879353523254,0.2811037302017212
YJL155C,YER019C-A,0,-1.4256266,0.2550554573535919,0.9606879353523254,0.2813500761985779
YNL273W,YDR392W,0,-1.4274081,0.25488919019699097,0.9606879353523254,0.28159645199775696
YMR049C,YPR006C,0,-1.4288186,0.25472313165664673,0.9606879353523254,0.28184282779693604
YEL022W,YNR002C,0,-1.4290102,0.2545572817325592,0.9606879353523254,0.2820891737937927
YML073C,YJL214W,0,-1.4317521,0.2543916702270508,0.9606879353523254,0.2823355495929718
YDL245C,YGL244W,0,-1.4333569,0.2542262673377991,0.9606879353523254,0.2825819253921509
YLL051C,YAL040C,0,-1.4334799,0.2540610730648041,0.9606879353523254,0.28282827138900757
YNL050C,YCL032W,0,-1.4360024,0.2538961172103882,0.9606879353523254,0.28307464718818665
YDR306C,YMR250W,0,-1.436356,0.2537313401699066,0.9606879353523254,0.2833210229873657
YOR301W,YGR012W,0,-1.43739,0.25356680154800415,0.9606879353523254,0.2835673689842224
YCL036W,YBR128C,0,-1.4387447,0.2534024715423584,0.9606879353523254,0.2838137447834015
YJR055W,YBR066C,0,-1.4389037,0.25323835015296936,0.9606879353523254,0.28406012058258057
YPL083C,YDL022W,0,-1.4389129,0.25307443737983704,0.9606879353523254,0.28430646657943726
YBR247C,YLR316C,0,-1.4440138,0.2529107332229614,0.9606879353523254,0.28455284237861633
YDR263C,YFL002W-B,0,-1.4447844,0.2527472674846649,0.9606879353523254,0.2847992181777954
YKR071C,YGR276C,0,-1.4481806,0.25258398056030273,0.9606879353523254,0.2850455641746521
YJL172W,YOL040C,0,-1.4492719,0.25242090225219727,0.9606879353523254,0.2852919399738312
YLR016C,YFL054C,0,-1.4531332,0.2522580623626709,0.9606879353523254,0.28553831577301025
YGL083W,YGR012W,0,-1.4543742,0.25209543108940125,0.9606879353523254,0.28578466176986694
YEL062W,YML109W,0,-1.4563341,0.2519329786300659,0.9606879353523254,0.286031037569046
YDL036C,YOR162C,0,-1.4572043,0.2517707645893097,0.9606879353523254,0.2862774133682251
YBR066C,YGR281W,0,-1.457744,0.2516087591648102,0.9606879353523254,0.2865237891674042
YBR118W,YKL064W,0,-1.458034,0.251446932554245,0.9606879353523254,0.28677013516426086
YMR005W,YJR028W,0,-1.4636997,0.2512853443622589,0.9606879353523254,0.28701651096343994
YPR144C,YJL012C-A,0,-1.4645627,0.25112396478652954,0.9606879353523254,0.287262886762619
YPL180W,YNL282W,0,-1.4665543,0.2509627640247345,0.9606879353523254,0.2875092327594757
YOR301W,YDR026C,0,-1.468453,0.25080180168151855,0.9606879353523254,0.2877556085586548
YJR147W,YOR085W,0,-1.4696299,0.25064101815223694,0.9606879353523254,0.28800198435783386
YDR518W,YKL206C,0,-1.4701167,0.2504804730415344,0.9606879353523254,0.28824833035469055
YGR118W,YJR140C,0,-1.4701296,0.25032010674476624,0.9606879353523254,0.28849470615386963
YHR074W,YNL095C,0,-1.4705918,0.25015994906425476,0.9606879353523254,0.2887410819530487
YER162C,YBR037C,0,-1.472025,0.25,0.9606879353523254,0.2889874279499054
YDR109C,YEL029C,0,-1.4760503,0.24984025955200195,0.9606879353523254,0.2892338037490845
YOR148C,YLR264W,0,-1.4767562,0.24968071281909943,0.9606879353523254,0.28948017954826355
YKL038W,YPL087W,0,-1.4780866,0.2495213747024536,0.9606879353523254,0.28972652554512024
YOR304W,YAR002C-A,0,-1.4798962,0.24936224520206451,0.9606879353523254,0.2899729013442993
YOL142W,YLR386W,0,-1.47991,0.24920330941677094,0.9606879353523254,0.2902192771434784
YBR282W,YAL040C,0,-1.4799142,0.24904458224773407,0.9606879353523254,0.2904656231403351
YMR246W,YGL103W,0,-1.4820064,0.24888606369495392,0.9606879353523254,0.29071199893951416
YPL113C,YML109W,0,-1.4826552,0.2487277388572693,0.9606879353523254,0.29095837473869324
YOR251C,YBL089W,0,-1.4834379,0.24856960773468018,0.9606879353523254,0.2912047207355499
YOR054C,YGR180C,0,-1.4841541,0.24841168522834778,0.9606879353523254,0.291451096534729
YIL134W,YJR051W,0,-1.4848847,0.2482539713382721,0.9606879353523254,0.2916974723339081
YNL284C,YGR222W,0,-1.485549,0.24809645116329193,0.9606879353523254,0.29194381833076477
YPL099C,YOL028C,0,-1.4871209,0.2479391247034073,0.9606879353523254,0.29219019412994385
YLR020C,YDR195W,0,-1.4875103,0.24778200685977936,0.9606879353523254,0.2924365699291229
YJL178C,YOR239W,0,-1.489637,0.24762508273124695,0.9606879353523254,0.2926829159259796
YGR288W,YPR043W,0,-1.4903069,0.24746835231781006,0.9606879353523254,0.2929292917251587
YKL170W,YOR219C,0,-1.4907839,0.24731183052062988,0.9606879353523254,0.29317566752433777
YNL131W,YHR058C,0,-1.4929006,0.24715550243854523,0.9606879353523254,0.29342201352119446
YGL014W,YJR040W,0,-1.4955325,0.2469993680715561,0.9606879353523254,0.29366838932037354
YPL274W,YML080W,0,-1.4956025,0.24684342741966248,0.9606879353523254,0.2939147651195526
YNL178W,YER137C,0,-1.496843,0.24668769538402557,0.9606879353523254,0.2941611111164093
YLR278C,YKR069W,0,-1.4975257,0.2465321570634842,0.9606879353523254,0.2944074869155884
YMR112C,YHR051W,0,-1.4977764,0.24637681245803833,0.9606879353523254,0.29465386271476746
YNR004W,YOR180C,0,-1.4983643,0.246221661567688,0.9606879353523254,0.29490020871162415
YPR191W,YNL307C,0,-1.4995505,0.24606670439243317,0.9606879353523254,0.2951465845108032
YDR067C,YKL170W,0,-1.500723,0.24591195583343506,0.9606879353523254,0.2953929603099823
YDR137W,YFL066C,0,-1.500854,0.24575738608837128,0.9606879353523254,0.295639306306839
YMR078C,YDR218C,0,-1.5059816,0.24560301005840302,0.9606879353523254,0.29588568210601807
YOR219C,YHR039C-A,0,-1.507508,0.24544884264469147,0.9606879353523254,0.29613205790519714
YHR069C,YDR222W,0,-1.5075601,0.24529485404491425,0.9606879353523254,0.29637840390205383
YOR297C,YGR034W,0,-1.5102292,0.24514105916023254,0.9606879353523254,0.2966247797012329
YNL297C,YGL163C,0,-1.5114049,0.24498747289180756,0.9606879353523254,0.296871155500412
YDL197C,YKR002W,0,-1.5130986,0.2448340654373169,0.9606879353523254,0.29711753129959106
YMR315W,YJR004C,0,-1.5134019,0.24468085169792175,0.9606879353523254,0.29736387729644775
YAL017W,YLR042C,0,-1.5141462,0.24452783167362213,0.9606879353523254,0.29761025309562683
YLR305C,YLR440C,0,-1.5142604,0.24437500536441803,0.9606879353523254,0.2978566288948059
YOR176W,YLR316C,0,-1.515928,0.24422235786914825,0.9606879353523254,0.2981029748916626
YCR047C,YKL186C,1,-1.52141,0.24469412863254547,0.9631449580192566,0.2981029748916626
YMR227C,YPR138C,0,-1.5232424,0.2445414811372757,0.9631449580192566,0.2983493506908417
YLR264W,YOR351C,0,-1.5244654,0.24438902735710144,0.9631449580192566,0.29859572649002075
YOR237W,YOR297C,0,-1.5267631,0.2442367672920227,0.9631449580192566,0.29884207248687744
YOR142W-B,YLR183C,0,-1.5319078,0.2440846860408783,0.9631449580192566,0.2990884482860565
YFR045W,YKL182W,0,-1.5319849,0.2439327985048294,0.9631449580192566,0.2993348240852356
YIL006W,YKL166C,0,-1.5334246,0.24378108978271484,0.9631449580192566,0.2995811700820923
YFL066C,YLR380W,0,-1.5378405,0.243629589676857,0.9631449580192566,0.29982754588127136
YAL033W,YLR270W,0,-1.5398799,0.24347825348377228,0.9631449580192566,0.30007392168045044
YDL179W,YKL189W,0,-1.5414022,0.24332712590694427,0.9631449580192566,0.30032026767730713
YOL086C,YKL130C,0,-1.5445608,0.2431761771440506,0.9631449580192566,0.3005666434764862
YNR017W,YNL230C,0,-1.5461842,0.24302542209625244,0.9631449580192566,0.3008130192756653
YIL170W,YKR068C,0,-1.5470845,0.2428748458623886,0.9631449580192566,0.301059365272522
YJL087C,YOR142W,0,-1.5496087,0.2427244633436203,0.9631449580192566,0.30130574107170105
YGL094C,YCL034W,0,-1.549751,0.24257425963878632,0.9631449580192566,0.3015521168708801
YGR225W,YKL180W,0,-1.5502108,0.24242424964904785,0.9631449580192566,0.3017984628677368
YLR197W,YIL076W,0,-1.5512208,0.2422744184732437,0.9631449580192566,0.3020448386669159
YNL085W,YLR151C,0,-1.5513215,0.2421247661113739,0.9631449580192566,0.30229121446609497
YOL070C,YNL238W,0,-1.5530323,0.2419753074645996,0.9631449580192566,0.30253756046295166
YMR039C,YLR164W,0,-1.556594,0.24182602763175964,0.9631449580192566,0.30278393626213074
YBR081C,YJL172W,0,-1.559412,0.2416769415140152,0.9631449580192566,0.3030303120613098
YNL202W,YJL085W,0,-1.5605346,0.24152803421020508,0.9631449580192566,0.3032766580581665
YGL212W,YNL070W,0,-1.5612555,0.24137930572032928,0.9631449580192566,0.3035230338573456
YOL070C,YPL259C,0,-1.5631126,0.241230770945549,0.9631449580192566,0.30376940965652466
YKR055W,YER019C-A,0,-1.5636901,0.24108241498470306,0.9631449580192566,0.30401575565338135
YJR031C,YDR109C,0,-1.564962,0.24093423783779144,0.9631449580192566,0.3042621314525604
YAL060W,YAL039C,0,-1.5677711,0.24078623950481415,0.9631449580192566,0.3045085072517395
YKL067W,YNR010W,0,-1.5684289,0.24063843488693237,0.9631449580192566,0.3047548532485962
YIL094C,YBR072W,0,-1.5702645,0.24049079418182373,0.9631449580192566,0.30500122904777527
YOR393W,YNL092W,0,-1.5712763,0.2403433471918106,0.9631449580192566,0.30524760484695435
YHR211W,YAL038W,0,-1.5734936,0.2401960790157318,0.9631449580192566,0.30549395084381104
YDL059C,YBR080C,0,-1.5803173,0.24004898965358734,0.9631449580192566,0.3057403266429901
YOR338W,YMR240C,0,-1.5817597,0.2399020791053772,0.9631449580192566,0.3059867024421692
YHR030C,YPL259C,0,-1.5823087,0.23975534737110138,0.9631449580192566,0.3062330484390259
YDR423C,YLR359W,0,-1.5842432,0.23960880935192108,0.9631449580192566,0.30647942423820496
YKL174C,YDL040C,0,-1.5847536,0.23946243524551392,0.9631449580192566,0.30672580003738403
YLR289W,YOR226C,0,-1.5859824,0.23931623995304108,0.9631449580192566,0.3069721460342407
YLR033W,YOL108C,0,-1.586044,0.23917022347450256,0.9631449580192566,0.3072185218334198
YLR228C,YDL077C,0,-1.5866607,0.23902438580989838,0.9631449580192566,0.3074648976325989
YDR527W,YIL132C,0,-1.5869838,0.23887872695922852,0.9631449580192566,0.30771127343177795
YBL041W,YBR141C,0,-1.589643,0.23873324692249298,0.9631449580192566,0.30795761942863464
YGR288W,YBR281C,0,-1.5896667,0.23858794569969177,0.9631449580192566,0.3082039952278137
YDR091C,YKL186C,1,-1.5898784,0.23905108869075775,0.9656019806861877,0.3082039952278137
YMR284W,YKL041W,0,-1.5905437,0.23890577256679535,0.9656019806861877,0.3084503710269928
YPL244C,YFR019W,0,-1.5915749,0.23876063525676727,0.9656019806861877,0.3086967170238495
YEL069C,YGR239C,0,-1.5923212,0.23861566185951233,0.9656019806861877,0.30894309282302856
YDR310C,YML049C,0,-1.5925595,0.2384708672761917,0.9656019806861877,0.30918946862220764
YKL126W,YHR077C,0,-1.5929476,0.23832625150680542,0.9656019806861877,0.30943581461906433
YNL073W,YOR327C,0,-1.5934317,0.23818181455135345,0.9656019806861877,0.3096821904182434
YOR219C,YBL092W,0,-1.593876,0.23803755640983582,0.9656019806861877,0.3099285662174225
YLR022C,YGL172W,1,-1.5967103,0.23849879205226898,0.9680589437484741,0.3099285662174225
YKL093W,YKL094W,0,-1.5969137,0.23835450410842896,0.9680589437484741,0.3101749122142792
YDR067C,YDR207C,0,-1.5988421,0.23821039497852325,0.9680589437484741,0.31042128801345825
YOR209C,YOR215C,0,-1.5993406,0.23806646466255188,0.9680589437484741,0.31066766381263733
YPR162C,YOR338W,0,-1.5993687,0.23792269825935364,0.9680589437484741,0.310914009809494
YOR283W,YDL061C,0,-1.6029991,0.23777912557125092,0.9680589437484741,0.3111603856086731
YHL012W,YBL028C,0,-1.6117345,0.23763570189476013,0.9680589437484741,0.3114067614078522
YLR157C,YDL074C,0,-1.6134557,0.23749247193336487,0.9680589437484741,0.31165310740470886
YMR089C,YDR416W,0,-1.6140796,0.23734939098358154,0.9680589437484741,0.31189948320388794
YJL191W,YBR187W,0,-1.6144857,0.23720650374889374,0.9680589437484741,0.312145859003067
YDL217C,YMR077C,0,-1.6149913,0.23706378042697906,0.9680589437484741,0.3123922049999237
YHR069C,YGL183C,0,-1.6167759,0.23692122101783752,0.9680589437484741,0.3126385807991028
YJL194W,YHR079C,0,-1.6174592,0.2367788404226303,0.9680589437484741,0.31288495659828186
YHR135C,YBR010W,0,-1.6198161,0.23663663864135742,0.9680589437484741,0.31313130259513855
YAL038W,YIL083C,0,-1.6213704,0.23649460077285767,0.9680589437484741,0.3133776783943176
YBR195C,YJL124C,0,-1.6255586,0.23635272681713104,0.9680589437484741,0.3136240541934967
YER125W,YAL017W,0,-1.6309394,0.23621103167533875,0.9680589437484741,0.3138704001903534
YOL028C,YKR035W-A,0,-1.6323545,0.23606950044631958,0.9680589437484741,0.31411677598953247
YDR414C,YLR025W,0,-1.6324729,0.23592814803123474,0.9680589437484741,0.31436315178871155
YNL231C,YLR163C,0,-1.6342193,0.23578695952892303,0.9680589437484741,0.31460949778556824
YHR132C,YDL055C,0,-1.6347075,0.23564593493938446,0.9680589437484741,0.3148558735847473
YNL304W,YLR285W,0,-1.6354953,0.23550507426261902,0.9680589437484741,0.3151022493839264
YER050C,YLR383W,0,-1.6360348,0.2353643923997879,0.9680589437484741,0.3153485953807831
YJL176C,YCR046C,0,-1.6396433,0.23522387444972992,0.9680589437484741,0.31559497117996216
YEL070W,YPL274W,0,-1.6420671,0.23508353531360626,0.9680589437484741,0.31584134697914124
YFR013W,YOR298W,0,-1.6456722,0.23494334518909454,0.9680589437484741,0.3160876929759979
YPR026W,YBR080C,0,-1.6502479,0.23480333387851715,0.9680589437484741,0.316334068775177
YDR233C,YDR449C,0,-1.6528827,0.2346634864807129,0.9680589437484741,0.3165804445743561
YNL032W,YNL239W,0,-1.6533865,0.23452380299568176,0.9680589437484741,0.31682679057121277
YOL043C,YER130C,0,-1.6544465,0.23438429832458496,0.9680589437484741,0.31707316637039185
YDL036C,YIR018W,0,-1.6549554,0.2342449426651001,0.9680589437484741,0.3173195421695709
YIL061C,YBL089W,0,-1.656131,0.23410576581954956,0.9680589437484741,0.3175658881664276
YJL155C,YPL208W,0,-1.6565588,0.23396675288677216,0.9680589437484741,0.3178122639656067
YKR103W,YKR069W,0,-1.6576768,0.2338278889656067,0.9680589437484741,0.31805863976478577
YJR010W,YGR285C,0,-1.6580936,0.23368920385837555,0.9680589437484741,0.31830501556396484
YNL297C,YLR130C,0,-1.6582165,0.23355068266391754,0.9680589437484741,0.31855136156082153
YIL061C,YBR026C,0,-1.6586188,0.23341232538223267,0.9680589437484741,0.3187977373600006
YOL028C,YNL259C,0,-1.6604308,0.23327413201332092,0.9680589437484741,0.3190441131591797
YER013W,YKL015W,0,-1.6638443,0.23313608765602112,0.9680589437484741,0.3192904591560364
YER154W,YLR383W,0,-1.6641018,0.23299822211265564,0.9680589437484741,0.31953683495521545
YKR036C,YHR069C,0,-1.6647452,0.2328605204820633,0.9680589437484741,0.31978321075439453
YNR031C,YML099C,0,-1.6656046,0.23272298276424408,0.9680589437484741,0.3200295567512512
YMR269W,YLR224W,0,-1.6664835,0.2325855940580368,0.9680589437484741,0.3202759325504303
YBL058W,YNL138W,0,-1.6683985,0.23244838416576385,0.9680589437484741,0.3205223083496094
YIL159W,YNL238W,0,-1.6699735,0.23231132328510284,0.9680589437484741,0.32076865434646606
YKL015W,YHR051W,0,-1.6716515,0.23217442631721497,0.9680589437484741,0.32101503014564514
YER125W,YPL146C,1,-1.671739,0.23262661695480347,0.9705159664154053,0.32101503014564514
YMR203W,YER019C-A,0,-1.6723807,0.2324897050857544,0.9705159664154053,0.3212614059448242
YPL147W,YDL170W,0,-1.6756161,0.23235294222831726,0.9705159664154053,0.3215077519416809
YIL139C,YJR031C,0,-1.6780494,0.23221634328365326,0.9705159664154053,0.32175412774086
YDR530C,YHR060W,0,-1.678939,0.2320799082517624,0.9705159664154053,0.32200050354003906
YOR299W,YLL027W,0,-1.6789465,0.23194362223148346,0.9705159664154053,0.32224684953689575
YIL020C,YNL259C,0,-1.6797842,0.23180751502513885,0.9705159664154053,0.32249322533607483
YNL297C,YOL107W,0,-1.6800574,0.2316715568304062,0.9705159664154053,0.3227396011352539
YJR082C,YJL149W,0,-1.680471,0.23153576254844666,0.9705159664154053,0.3229859471321106
YKR008W,YMR272C,0,-1.6833535,0.23140011727809906,0.9705159664154053,0.3232323229312897
YDR090C,YCR087C-A,0,-1.6842064,0.2312646359205246,0.9705159664154053,0.32347869873046875
YDL078C,YOR222W,0,-1.6843356,0.23112931847572327,0.9705159664154053,0.32372504472732544
YOR212W,YKL174C,0,-1.6843421,0.23099415004253387,0.9705159664154053,0.3239714205265045
YLR401C,YDR423C,0,-1.6861404,0.23085914552211761,0.9705159664154053,0.3242177963256836
YJR092W,YDL047W,0,-1.6863145,0.2307243049144745,0.9705159664154053,0.3244641423225403
YNL271C,YJR083C,0,-1.6864877,0.2305896133184433,0.9705159664154053,0.32471051812171936
YEL031W,YJR028W,0,-1.6886023,0.23045507073402405,0.9705159664154053,0.32495689392089844
YER125W,YGL172W,1,-1.6914635,0.23090378940105438,0.9729729890823364,0.32495689392089844
YMR114C,YER087C-B,0,-1.6928991,0.23076923191547394,0.9729729890823364,0.3252032399177551
YKL038W,YDR138W,0,-1.6936636,0.23063482344150543,0.9729729890823364,0.3254496157169342
YLR383W,YGR171C,0,-1.6937814,0.23050057888031006,0.9729729890823364,0.3256959915161133
YER175C,YML080W,0,-1.6943815,0.23036649823188782,0.9729729890823364,0.32594233751296997
YBR120C,YBR155W,0,-1.6962539,0.23023255169391632,0.9729729890823364,0.32618871331214905
YER022W,YMR319C,0,-1.6986836,0.23009878396987915,0.9729729890823364,0.3264350891113281
YBR183W,YMR203W,0,-1.6990547,0.22996515035629272,0.9729729890823364,0.3266814351081848
YER117W,YNL284C,0,-1.7039953,0.22983169555664062,0.9729729890823364,0.3269278109073639
YGR144W,YPL257W-B,0,-1.7045785,0.22969837486743927,0.9729729890823364,0.32717418670654297
YJL117W,YLR016C,0,-1.706946,0.22956521809101105,0.9729729890823364,0.32742053270339966
YOR142W-A,YNL262W,0,-1.7091084,0.22943221032619476,0.9729729890823364,0.32766690850257874
YDR261C-D,YDR392W,0,-1.710085,0.2292993664741516,0.9729729890823364,0.3279132843017578
YDR304C,YBL092W,0,-1.7113472,0.2291666716337204,0.9729729890823364,0.3281596601009369
YJL206C,YFL017W-A,0,-1.7122387,0.22903412580490112,0.9729729890823364,0.3284060060977936
YCR060W,YJR082C,0,-1.7123816,0.2289017289876938,0.9729729890823364,0.32865238189697266
YNR006W,YEL070W,0,-1.712416,0.22876949608325958,0.9729729890823364,0.32889875769615173
YPL240C,YBR238C,0,-1.7170577,0.22863741219043732,0.9729729890823364,0.3291451036930084
YCR014C,YGR285C,0,-1.7208804,0.228505477309227,0.9729729890823364,0.3293914794921875
YDR512C,YKL015W,0,-1.7216791,0.2283737063407898,0.9729729890823364,0.3296378552913666
YKR036C,YFL038C,0,-1.7266331,0.22824206948280334,0.9729729890823364,0.32988420128822327
YDR373W,YDR508C,0,-1.7267195,0.22811059653759003,0.9729729890823364,0.33013057708740234
YOR230W,YDR262W,0,-1.7315124,0.22797927260398865,0.9729729890823364,0.3303769528865814
YHR156C,YJL171C,0,-1.7338241,0.2278480976819992,0.9729729890823364,0.3306232988834381
YKL165C,YNL175C,0,-1.7354679,0.2277170717716217,0.9729729890823364,0.3308696746826172
YDR460W,YKL217W,0,-1.737419,0.22758620977401733,0.9729729890823364,0.33111605048179626
YML051W,YJR078W,0,-1.7379278,0.2274554818868637,0.9729729890823364,0.33136239647865295
YDR167W,YHR039C-A,0,-1.7394878,0.22732491791248322,0.9729729890823364,0.33160877227783203
YDL227C,YOL101C,0,-1.7411348,0.22719448804855347,0.9729729890823364,0.3318551480770111
YOR393W,YNL290W,0,-1.7440844,0.22706422209739685,0.9729729890823364,0.3321014940738678
YBR010W,YCL026C-B,0,-1.7455617,0.22693409025669098,0.9729729890823364,0.3323478698730469
YHR214C-B,YDR472W,0,-1.7460757,0.22680412232875824,0.9729729890823364,0.33259424567222595
YNR004W,YGL244W,0,-1.7464876,0.22667430341243744,0.9729729890823364,0.33284059166908264
YKR020W,YDR494W,0,-1.7470617,0.22654461860656738,0.9729729890823364,0.3330869674682617
YOR159C,YLL045C,0,-1.7470677,0.22641509771347046,0.9729729890823364,0.3333333432674408
YJL029C,YKL003C,0,-1.7507997,0.22628571093082428,0.9729729890823364,0.3335796892642975
YKL182W,YGR276C,0,-1.7508104,0.22615648806095123,0.9729729890823364,0.33382606506347656
YMR168C,YOR310C,0,-1.7536938,0.22602739930152893,0.9729729890823364,0.33407244086265564
YDR296W,YPR187W,0,-1.7537677,0.22589845955371857,0.9729729890823364,0.33431878685951233
YMR049C,YBR170C,0,-1.7563279,0.22576966881752014,0.9729729890823364,0.3345651626586914
YAL024C,YNL230C,0,-1.7565705,0.22564102709293365,0.9729729890823364,0.3348115384578705
YOR106W,YER145C,0,-1.7574649,0.2255125343799591,0.9729729890823364,0.3350578844547272
YML097C,YNR013C,0,-1.759822,0.2253841757774353,0.9729729890823364,0.33530426025390625
YPR060C,YGL071W,0,-1.7664313,0.22525596618652344,0.9729729890823364,0.3355506360530853
YOL070C,YBR026C,0,-1.766482,0.2251279205083847,0.9729729890823364,0.335796982049942
YLL061W,YNL175C,0,-1.7698454,0.22499999403953552,0.9729729890823364,0.3360433578491211
YEL031W,YGR084C,0,-1.7727157,0.22487223148345947,0.9729729890823364,0.33628973364830017
YPL064C,YIL042C,0,-1.7745022,0.22474460303783417,0.9729729890823364,0.33653607964515686
YDR364C,YPL065W,0,-1.7747396,0.2246171236038208,0.9729729890823364,0.33678245544433594
YOL155C,YCR057C,0,-1.7753388,0.22448979318141937,0.9729729890823364,0.337028831243515
YMR049C,YMR089C,0,-1.7755535,0.22436261177062988,0.9729729890823364,0.3372751772403717
YER103W,YLR183C,0,-1.7755889,0.22423556447029114,0.9729729890823364,0.3375215530395508
YLR047C,YBR192W,0,-1.7756613,0.22410866618156433,0.9729729890823364,0.33776792883872986
YJL124C,YLR153C,0,-1.776361,0.22398190200328827,0.9729729890823364,0.33801427483558655
YML006C,YGR089W,0,-1.7785734,0.22385528683662415,0.9729729890823364,0.3382606506347656
YML051W,YLR316C,0,-1.7824527,0.22372882068157196,0.9729729890823364,0.3385070264339447
YBR150C,YNL070W,0,-1.7833089,0.22360248863697052,0.9729729890823364,0.3387534022331238
YOL070C,YAL033W,0,-1.7849237,0.22347629070281982,0.9729729890823364,0.33899974822998047
YLR305C,YMR250W,0,-1.7874426,0.22335025668144226,0.9729729890823364,0.33924612402915955
YNL309W,YPL147W,0,-1.7878058,0.22322435677051544,0.9729729890823364,0.3394924998283386
YDR079W,YMR093W,0,-1.7894001,0.22309859097003937,0.9729729890823364,0.3397388458251953
YJR057W,YJR149W,0,-1.7898465,0.22297297418117523,0.9729729890823364,0.3399852216243744
YHR029C,YDL216C,0,-1.7923938,0.22284749150276184,0.9729729890823364,0.34023159742355347
YBL076C,YFL017W-A,0,-1.7938517,0.2227221578359604,0.9729729890823364,0.34047794342041016
YMR203W,YDR109C,0,-1.7966894,0.22259695827960968,0.9729729890823364,0.34072431921958923
YDL028C,YNR003C,0,-1.7982756,0.2224719077348709,0.9729729890823364,0.3409706950187683
YGR070W,YNL219C,0,-1.7988714,0.22234699130058289,0.9729729890823364,0.341217041015625
YGR085C,YGR012W,0,-1.8018764,0.2222222238779068,0.9729729890823364,0.3414634168148041
YDR492W,YGR185C,0,-1.806492,0.22209759056568146,0.9729729890823364,0.34170979261398315
YPL131W,YPL259C,0,-1.8082662,0.22197309136390686,0.9729729890823364,0.34195613861083984
YOR187W,YLL055W,0,-1.8099476,0.2218487411737442,0.9729729890823364,0.3422025144100189
YGR109W-B,YLL045C,0,-1.8100263,0.2217245250940323,0.9729729890823364,0.342448890209198
YAR035W,YAL029C,0,-1.8105837,0.22160044312477112,0.9729729890823364,0.3426952362060547
YHR077C,YML006C,0,-1.8106757,0.2214765101671219,0.9729729890823364,0.34294161200523376
YDR254W,YBR042C,0,-1.815346,0.2213527113199234,0.9729729890823364,0.34318798780441284
YMR097C,YJR028W,0,-1.8170778,0.22122904658317566,0.9729729890823364,0.34343433380126953
YDR082W,YPL083C,0,-1.8186399,0.22110553085803986,0.9729729890823364,0.3436807096004486
YOL070C,YDR389W,0,-1.8193504,0.2209821492433548,0.9729729890823364,0.3439270853996277
YGL122C,YKL175W,0,-1.8207183,0.22085890173912048,0.9729729890823364,0.3441734313964844
YOR243C,YMR054W,0,-1.8213277,0.22073578834533691,0.9729729890823364,0.34441980719566345
YIL002C,YNL314W,0,-1.8225952,0.2206128090620041,0.9729729890823364,0.34466618299484253
YML099C,YJL149W,0,-1.8232242,0.2204899787902832,0.9729729890823364,0.3449125289916992
YDL024C,YPR200C,0,-1.8235555,0.22036728262901306,0.9729729890823364,0.3451589047908783
YER154W,YPR138C,0,-1.823764,0.22024472057819366,0.9729729890823364,0.3454052805900574
YLR404W,YBL092W,0,-1.8238417,0.220122292637825,0.9729729890823364,0.34565162658691406
YNL160W,YLR103C,0,-1.8250906,0.2199999988079071,0.9729729890823364,0.34589800238609314
YCR057C,YKR069W,0,-1.8252308,0.21987783908843994,0.9729729890823364,0.3461443781852722
YGR109W-B,YNR067C,0,-1.8254867,0.21975582838058472,0.9729729890823364,0.3463907241821289
YHR119W,YMR250W,0,-1.8270451,0.21963393688201904,0.9729729890823364,0.346637099981308
YBL085W,YER130C,0,-1.8272314,0.2195121943950653,0.9729729890823364,0.34688347578048706
YHR074W,YFR033C,0,-1.827267,0.21939058601856232,0.9729729890823364,0.34712982177734375
YBL058W,YPL252C,0,-1.827789,0.21926909685134888,0.9729729890823364,0.3473761975765228
YKL117W,YOL107W,0,-1.8301739,0.21914775669574738,0.9729729890823364,0.3476225733757019
YCL032W,YOR098C,0,-1.831266,0.21902655065059662,0.9729729890823364,0.3478689193725586
YBL089W,YOL104C,0,-1.8324862,0.2189054787158966,0.9729729890823364,0.34811529517173767
YMR019W,YER101C,0,-1.8360835,0.21878452599048615,0.9729729890823364,0.34836167097091675
YIL135C,YBR115C,0,-1.8361228,0.21866372227668762,0.9729729890823364,0.34860801696777344
YHR069C,YLR380W,0,-1.8361751,0.21854305267333984,0.9729729890823364,0.3488543927669525
YOR219C,YDR353W,0,-1.8369967,0.21842250227928162,0.9729729890823364,0.3491007685661316
YGR177C,YLR380W,0,-1.8371929,0.21830210089683533,0.9729729890823364,0.34934714436531067
YGL233W,YDR497C,0,-1.8381296,0.2181818187236786,0.9729729890823364,0.34959349036216736
YGR216C,YLL061W,0,-1.8381623,0.2180616706609726,0.9729729890823364,0.34983986616134644
YAL038W,YGL259W,0,-1.8391615,0.21794165670871735,0.9729729890823364,0.3500862419605255
YHR164C,YLR401C,0,-1.8393383,0.21782177686691284,0.9729729890823364,0.3503325879573822
YOR126C,YLR228C,0,-1.839812,0.21770203113555908,0.9729729890823364,0.3505789637565613
YEL036C,YJL171C,0,-1.8413438,0.21758241951465607,0.9729729890823364,0.35082533955574036
YGL046W,YKL003C,0,-1.8416475,0.2174629271030426,0.9729729890823364,0.35107168555259705
YNL208W,YGL113W,0,-1.8431748,0.21734358370304108,0.9729729890823364,0.3513180613517761
YGL174W,YGL051W,0,-1.8535644,0.2172243595123291,0.9729729890823364,0.3515644371509552
YDR170C,YPL104W,0,-1.8541814,0.21710526943206787,0.9729729890823364,0.3518107831478119
YKR057W,YDR151C,0,-1.8542494,0.2169862985610962,0.9729729890823364,0.35205715894699097
YHR047C,YKL161C,0,-1.8547654,0.21686747670173645,0.9729729890823364,0.35230353474617004
YDR174W,YOR261C,0,-1.8549157,0.21674877405166626,0.9729729890823364,0.35254988074302673
YPL150W,YFR001W,0,-1.8565794,0.21663019061088562,0.9729729890823364,0.3527962565422058
YGL162W,YOR299W,0,-1.8568587,0.21651175618171692,0.9729729890823364,0.3530426323413849
YOR324C,YMR300C,0,-1.8582187,0.21639344096183777,0.9729729890823364,0.3532889783382416
YLR410W-B,YGR072W,0,-1.8615832,0.21627525985240936,0.9729729890823364,0.35353535413742065
YLR208W,YMR065W,0,-1.8621955,0.2161571979522705,0.9729729890823364,0.35378172993659973
YHR004C,YOR340C,0,-1.8622196,0.2160392850637436,0.9729729890823364,0.3540280759334564
YER125W,YMR235C,1,-1.862588,0.2164667397737503,0.9754299521446228,0.3540280759334564
YDR351W,YBR080C,0,-1.8631353,0.2163487672805786,0.9754299521446228,0.3542744517326355
YJR119C,YDR404C,0,-1.8632277,0.21623094379901886,0.9754299521446228,0.3545208275318146
YGR239C,YAL029C,0,-1.8657056,0.21611322462558746,0.9754299521446228,0.35476717352867126
YNR021W,YBR031W,0,-1.8661696,0.215995654463768,0.9754299521446228,0.35501354932785034
YDR371W,YDR416W,0,-1.8693436,0.2158781886100769,0.9754299521446228,0.3552599251270294
YPR171W,YDR389W,0,-1.8702139,0.21576087176799774,0.9754299521446228,0.3555062711238861
YHR039C-A,YER002W,0,-1.8740234,0.21564367413520813,0.9754299521446228,0.3557526469230652
YDL133C-A,YJL005W,0,-1.8748828,0.21552659571170807,0.9754299521446228,0.35599902272224426
YGR221C,YOR194C,0,-1.8765832,0.21540965139865875,0.9754299521446228,0.35624536871910095
YMR093W,YMR272C,0,-1.8768861,0.21529284119606018,0.9754299521446228,0.35649174451828003
YER137C-A,YKL206C,0,-1.8775896,0.21517615020275116,0.9754299521446228,0.3567381203174591
YOR343W-B,YLR187W,0,-1.8790983,0.21505959331989288,0.9754299521446228,0.3569844663143158
YER055C,YLR163C,0,-1.8795193,0.21494315564632416,0.9754299521446228,0.3572308421134949
YPL083C,YMR087W,0,-1.8806875,0.21482683718204498,0.9754299521446228,0.35747721791267395
YDL097C,YDR373W,0,-1.8808941,0.21471065282821655,0.9754299521446228,0.35772356390953064
YOL103W-B,YMR075W,0,-1.8822643,0.21459458768367767,0.9754299521446228,0.3579699397087097
YLL003W,YDL148C,0,-1.8824946,0.21447865664958954,0.9754299521446228,0.3582163155078888
YOR283W,YMR075W,0,-1.8828186,0.21436284482479095,0.9754299521446228,0.3584626615047455
YDR064W,YPR080W,0,-1.8838288,0.21424716711044312,0.9754299521446228,0.35870903730392456
YOR261C,YNR015W,0,-1.8845652,0.21413160860538483,0.9754299521446228,0.35895541310310364
YJR005W,YLR160C,0,-1.8868757,0.2140161693096161,0.9754299521446228,0.3592017590999603
YLR033W,YPL274W,0,-1.8905791,0.2139008641242981,0.9754299521446228,0.3594481348991394
YMR272C,YNR003C,0,-1.8942913,0.21378567814826965,0.9754299521446228,0.3596945106983185
YGL037C,YIL076W,0,-1.8944496,0.21367061138153076,0.9754299521446228,0.35994088649749756
YBR006W,YNL117W,0,-1.8947184,0.21355567872524261,0.9754299521446228,0.36018723249435425
YJR028W,YLR410W-A,0,-1.8957704,0.21344086527824402,0.9754299521446228,0.3604336082935333
YDR530C,YIL047C,0,-1.8960177,0.21332617104053497,0.9754299521446228,0.3606799840927124
YPL113C,YPL274W,0,-1.897404,0.21321159601211548,0.9754299521446228,0.3609263300895691
YNL095C,YJL103C,0,-1.8979691,0.21309715509414673,0.9754299521446228,0.36117270588874817
YAL022C,YNL073W,0,-1.8985845,0.21298283338546753,0.9754299521446228,0.36141908168792725
YLR289W,YOL052C,0,-1.9042903,0.21286863088607788,0.9754299521446228,0.36166542768478394
YPR111W,YOL136C,0,-1.9046305,0.21275456249713898,0.9754299521446228,0.361911803483963
YDL179W,YKR028W,0,-1.9057577,0.21264059841632843,0.9754299521446228,0.3621581792831421
YDL216C,YDR332W,0,-1.9071271,0.21252676844596863,0.9754299521446228,0.3624045252799988
YOR323C,YML045W-A,0,-1.9075745,0.21241305768489838,0.9754299521446228,0.36265090107917786
YAL022C,YGR271W,0,-1.9091414,0.21229946613311768,0.9754299521446228,0.36289727687835693
YLR183C,YHR051W,0,-1.9092665,0.21218599379062653,0.9754299521446228,0.3631436228752136
YHR059W,YPR060C,0,-1.9093558,0.21207265555858612,0.9754299521446228,0.3633899986743927
YNL309W,YPR159W,0,-1.9102806,0.21195942163467407,0.9754299521446228,0.3636363744735718
YBR238C,YNL298W,0,-1.9111754,0.21184632182121277,0.9754299521446228,0.36388272047042847
YGR161W-B,YGL180W,0,-1.9113796,0.21173332631587982,0.9754299521446228,0.36412909626960754
YJL087C,YER101C,0,-1.9116448,0.21162046492099762,0.9754299521446228,0.3643754720687866
YJL030W,YGR171C,0,-1.9128059,0.21150772273540497,0.9754299521446228,0.3646218180656433
YNL283C,YLR291C,0,-1.9133998,0.21139509975910187,0.9754299521446228,0.3648681938648224
YDL045W-A,YNL284C-A,0,-1.9142777,0.21128259599208832,0.9754299521446228,0.36511456966400146
YGL236C,YKL082C,0,-1.9153974,0.21117021143436432,0.9754299521446228,0.36536091566085815
YKL078W,YLR213C,0,-1.9160066,0.21105794608592987,0.9754299521446228,0.36560729146003723
YAR031W,YJL149W,0,-1.9161885,0.21094579994678497,0.9754299521446228,0.3658536672592163
YLR228C,YHR168W,0,-1.9171256,0.21083377301692963,0.9754299521446228,0.366100013256073
YLR314C,YOR142W-B,0,-1.9186437,0.21072186529636383,0.9754299521446228,0.3663463890552521
YIL139C,YMR093W,0,-1.9208187,0.21061007678508759,0.9754299521446228,0.36659276485443115
YJR151C,YMR239C,0,-1.9208772,0.2104984074831009,0.9754299521446228,0.36683911085128784
YHR119W,YKR101W,0,-1.9223331,0.21038685739040375,0.9754299521446228,0.3670854866504669
YPR135W,YEL062W,0,-1.9280386,0.21027542650699615,0.9754299521446228,0.367331862449646
YLR312W-A,YDR109C,0,-1.9295653,0.2101641148328781,0.9754299521446228,0.3675782084465027
YEL022W,YLR050C,0,-1.9307933,0.21005290746688843,0.9754299521446228,0.36782458424568176
YGR052W,YFR052W,0,-1.9311099,0.2099418342113495,0.9754299521446228,0.36807096004486084
YMR077C,YOL102C,0,-1.9361948,0.2098308652639389,0.9754299521446228,0.36831730604171753
YNR002C,YGR089W,0,-1.9377323,0.20972001552581787,0.9754299521446228,0.3685636818408966
YGR109W-B,YJR036C,0,-1.9387534,0.20960929989814758,0.9754299521446228,0.3688100576400757
YBR182C,YPL110C,0,-1.9402715,0.20949867367744446,0.9754299521446228,0.3690564036369324
YPR149W,YNL238W,0,-1.9411927,0.20938818156719208,0.9754299521446228,0.36930277943611145
YJR057W,YLL061W,0,-1.9431046,0.20927780866622925,0.9754299521446228,0.3695491552352905
YGR010W,YLR383W,0,-1.9437248,0.20916754007339478,0.9754299521446228,0.3697955310344696
YAL033W,YDL077C,0,-1.944807,0.20905740559101105,0.9754299521446228,0.3700418770313263
YPL093W,YFL021W,0,-1.9452041,0.20894737541675568,0.9754299521446228,0.37028825283050537
YKR101W,YJL082W,0,-1.9494013,0.20883744955062866,0.9754299521446228,0.37053462862968445
YGL180W,YLR005W,0,-1.9518789,0.2087276577949524,0.9754299521446228,0.37078097462654114
YPL122C,YOR194C,0,-1.9530693,0.20861797034740448,0.9754299521446228,0.3710273504257202
YGL162W,YIL021W,0,-1.9530872,0.20850840210914612,0.9754299521446228,0.3712737262248993
YNL010W,YFL021W,0,-1.9535137,0.2083989530801773,0.9754299521446228,0.371520072221756
YML049C,YNL284C,0,-1.9551796,0.20828960835933685,0.9754299521446228,0.37176644802093506
YPR204W,YLR183C,0,-1.9575485,0.20818038284778595,0.9754299521446228,0.37201282382011414
YBR066C,YFR033C,0,-1.959369,0.2080712765455246,0.9754299521446228,0.3722591698169708
YBL112C,YBL085W,0,-1.9651375,0.2079622894525528,0.9754299521446228,0.3725055456161499
YLR024C,YPR030W,0,-1.9668336,0.20785340666770935,0.9754299521446228,0.372751921415329
YOR142W-B,YML132W,0,-1.9673969,0.20774464309215546,0.9754299521446228,0.37299826741218567
YNL084C,YEL041W,0,-1.9676391,0.20763598382472992,0.9754299521446228,0.37324464321136475
YBR282W,YBL011W,0,-1.9676645,0.20752744376659393,0.9754299521446228,0.3734910190105438
YNL050C,YNL070W,0,-1.9679053,0.2074190229177475,0.9754299521446228,0.3737373650074005
YDR210C-C,YFL066C,0,-1.9681998,0.20731070637702942,0.9754299521446228,0.3739837408065796
YMR093W,YER046W,0,-1.9714094,0.2072025090456009,0.9754299521446228,0.37423011660575867
YML052W,YDL070W,0,-1.971794,0.20709441602230072,0.9754299521446228,0.37447646260261536
YPR167C,YMR077C,0,-1.9719405,0.2069864422082901,0.9754299521446228,0.37472283840179443
YBL041W,YBR010W,0,-1.9737103,0.20687858760356903,0.9754299521446228,0.3749692142009735
YGL237C,YMR087W,0,-1.9780179,0.20677083730697632,0.9754299521446228,0.3752155601978302
YIR011C,YKL038W,0,-1.9793775,0.20666319131851196,0.9754299521446228,0.3754619359970093
YMR123W,YHR079C,0,-1.9797297,0.20655566453933716,0.9754299521446228,0.37570831179618835
YOR393W,YKR069W,0,-1.98204,0.2064482569694519,0.9754299521446228,0.37595465779304504
YLR429W,YDL097C,0,-1.9843627,0.206340953707695,0.9754299521446228,0.3762010335922241
YHR056C,YMR172W,0,-1.9849999,0.20623376965522766,0.9754299521446228,0.3764474093914032
YLL002W,YLR016C,0,-1.9851605,0.20612668991088867,0.9754299521446228,0.3766937553882599
YHR047C,YDR518W,0,-1.9861329,0.20601971447467804,0.9754299521446228,0.37694013118743896
YHL012W,YBR170C,0,-1.9862866,0.20591285824775696,0.9754299521446228,0.37718650698661804
YDR261C-D,YIL035C,0,-1.9863917,0.20580612123012543,0.9754299521446228,0.37743285298347473
YDR240C,YML132W,0,-1.9880565,0.20569948852062225,0.9754299521446228,0.3776792287826538
YFR029W,YLR163C,0,-1.9911171,0.20559296011924744,0.9754299521446228,0.3779256045818329
YMR218C,YPL273W,0,-1.9931966,0.20548653602600098,0.9754299521446228,0.3781719505786896
YDR414C,YDL024C,0,-1.9953398,0.20538023114204407,0.9754299521446228,0.37841832637786865
YGL097W,YKL186C,1,-1.9957948,0.20579110085964203,0.977886974811554,0.37841832637786865
YGL200C,YDR373W,0,-1.9991663,0.20568475127220154,0.977886974811554,0.37866470217704773
YIL134W,YPL180W,0,-2.0000873,0.2055785059928894,0.977886974811554,0.3789110481739044
YEL037C,YMR179W,0,-2.0007272,0.20547237992286682,0.977886974811554,0.3791574239730835
YJR149W,YKL144C,0,-2.0044785,0.2053663581609726,0.977886974811554,0.3794037997722626
YJL087C,YIR032C,0,-2.007737,0.20526044070720673,0.977886974811554,0.37965014576911926
YOL155C,YFL045C,0,-2.0080059,0.2051546424627304,0.977886974811554,0.37989652156829834
YGR229C,YER104W,0,-2.0083876,0.20504894852638245,0.977886974811554,0.3801428973674774
YJR083C,YPR006C,0,-2.0180497,0.20494335889816284,0.977886974811554,0.3803892731666565
YOL158C,YNL238W,0,-2.018734,0.2048378735780716,0.977886974811554,0.3806356191635132
YNL236W,YBL091C-A,0,-2.021064,0.2047325074672699,0.977886974811554,0.38088199496269226
YJR082C,YJR036C,0,-2.023292,0.20462724566459656,0.977886974811554,0.38112837076187134
YDR512C,YNL261W,0,-2.0237207,0.20452210307121277,0.977886974811554,0.381374716758728
YGR012W,YLL017W,0,-2.0245073,0.20441704988479614,0.977886974811554,0.3816210925579071
YLR080W,YPR137W,0,-2.0277684,0.20431211590766907,0.977886974811554,0.3818674683570862
YPL244C,YHR168W,0,-2.028245,0.20420728623867035,0.977886974811554,0.38211381435394287
YKR008W,YBL005W-B,0,-2.03047,0.2041025608778,0.977886974811554,0.38236019015312195
YNR035C,YOR294W,0,-2.0308356,0.20399795472621918,0.977886974811554,0.382606565952301
YDR423C,YDL024C,0,-2.0318544,0.20389343798160553,0.977886974811554,0.3828529119491577
YJR127C,YLR440C,0,-2.0325825,0.20378904044628143,0.977886974811554,0.3830992877483368
YOR142W-A,YGR222W,0,-2.0328603,0.2036847472190857,0.977886974811554,0.38334566354751587
YOR279C,YCR097WB,0,-2.033449,0.2035805583000183,0.977886974811554,0.38359200954437256
YPR162C,YNL095C,0,-2.0342531,0.20347648859024048,0.977886974811554,0.38383838534355164
YNL117W,YKL124W,0,-2.0344706,0.2033725082874298,0.977886974811554,0.3840847611427307
YPL083C,YLR425W,0,-2.0369725,0.2032686471939087,0.977886974811554,0.3843311071395874
YCL043C,YOR324C,0,-2.0373657,0.20316487550735474,0.977886974811554,0.3845774829387665
YEL037C,YGL212W,0,-2.037802,0.20306122303009033,0.977886974811554,0.38482385873794556
YKL007W,YLR391W,0,-2.0386386,0.20295767486095428,0.977886974811554,0.38507020473480225
YPR030W,YCL003W,0,-2.040613,0.2028542309999466,0.977886974811554,0.3853165805339813
YBR230C,YLR309C,0,-2.0415676,0.20275089144706726,0.977886974811554,0.3855629563331604
YPR026W,YHR077C,0,-2.0424378,0.20264765620231628,0.977886974811554,0.3858093023300171
YJL140W,YNL307C,0,-2.0428772,0.20254452526569366,0.977886974811554,0.38605567812919617
YKL182W,YIL076W,0,-2.0436368,0.2024414986371994,0.977886974811554,0.38630205392837524
YOL141W,YJL012C-A,0,-2.0447662,0.2023385912179947,0.977886974811554,0.38654839992523193
YDL133C-A,YDR170C,0,-2.045178,0.20223577320575714,0.977886974811554,0.386794775724411
YGL158W,YOR206W,0,-2.0457098,0.20213305950164795,0.977886974811554,0.3870411515235901
YHR047C,YFR045W,0,-2.047374,0.20203045010566711,0.977886974811554,0.3872874975204468
YER017C,YMR228W,0,-2.0482974,0.20192795991897583,0.977886974811554,0.38753387331962585
YHR156C,YMR304W,0,-2.0494297,0.2018255591392517,0.977886974811554,0.38778024911880493
YFL066C,YMR025W,0,-2.0496716,0.20172326266765594,0.977886974811554,0.3880265951156616
YKL180W,YIL159W,0,-2.0497074,0.20162107050418854,0.977886974811554,0.3882729709148407
YBR294W,YJR083C,0,-2.0545917,0.2015189826488495,0.977886974811554,0.3885193467140198
YPR024W,YIL132C,0,-2.0551538,0.2014169991016388,0.977886974811554,0.38876569271087646
YLR389C,YBL079W,0,-2.0553265,0.20131511986255646,0.977886974811554,0.38901206851005554
YIL017W,YML128C,0,-2.056356,0.20121334493160248,0.977886974811554,0.3892584443092346
YER125W,YJL041W,1,-2.0565662,0.20161697268486023,0.9803439974784851,0.3892584443092346
YKL186C,YGL172W,1,-2.0569313,0.20202019810676575,0.9828009605407715,0.3892584443092346
YKR071C,YMR240C,0,-2.0575125,0.20191822946071625,0.9828009605407715,0.3895047903060913
YDL022W,YLR429W,0,-2.0593154,0.2018163502216339,0.9828009605407715,0.3897511661052704
YGR109W-B,YGL233W,0,-2.0601566,0.20171457529067993,0.9828009605407715,0.38999754190444946
YBR118W,YDR403W,0,-2.060352,0.2016129046678543,0.9828009605407715,0.39024388790130615
YIL061C,YBR075W,0,-2.061211,0.20151133835315704,0.9828009605407715,0.39049026370048523
YLR394W,YNR044W,0,-2.061391,0.20140987634658813,0.9828009605407715,0.3907366394996643
YGR056W,YLL033W,0,-2.0627785,0.2013085037469864,0.9828009605407715,0.3909830152988434
YEL012W,YPL276W,0,-2.0629992,0.2012072503566742,0.9828009605407715,0.3912293612957001
YPL180W,YPR043W,0,-2.0634615,0.20110608637332916,0.9828009605407715,0.39147573709487915
YOR243C,YKR035W-A,0,-2.0635571,0.2010050266981125,0.9828009605407715,0.3917221128940582
YPR011C,YPR200C,0,-2.064332,0.20090407133102417,0.9828009605407715,0.3919684588909149
YKL126W,YGL200C,0,-2.0645292,0.2008032202720642,0.9828009605407715,0.392214834690094
YKL038W,YNL027W,0,-2.066381,0.2007024586200714,0.9828009605407715,0.39246121048927307
YBR195C,YNL178W,0,-2.0678768,0.20060180127620697,0.9828009605407715,0.39270755648612976
YLR305C,YKL124W,0,-2.068046,0.2005012482404709,0.9828009605407715,0.39295393228530884
YCR057C,YNL070W,0,-2.0688176,0.20040079951286316,0.9828009605407715,0.3932003080844879
YKR071C,YMR241W,0,-2.0746887,0.2003004550933838,0.9828009605407715,0.3934466540813446
YNL127W,YER104W,0,-2.0749009,0.20020020008087158,0.9828009605407715,0.3936930298805237
YPL223C,YPL257W-B,0,-2.0755064,0.20010004937648773,0.9828009605407715,0.39393940567970276
YLR244C,YJL004C,0,-2.07706,0.20000000298023224,0.9828009605407715,0.39418575167655945
YHL034C,YDR226W,0,-2.0782137,0.1999000459909439,0.9828009605407715,0.3944321274757385
YDR457W,YNL258C,0,-2.0783527,0.19980019330978394,0.9828009605407715,0.3946785032749176
YBR170C,YKL175W,0,-2.0817332,0.19970044493675232,0.9828009605407715,0.3949248492717743
YKL130C,YMR270C,0,-2.0833657,0.19960080087184906,0.9828009605407715,0.39517122507095337
YOR168W,YCL060C,0,-2.0834656,0.19950124621391296,0.9828009605407715,0.39541760087013245
YDR167W,YGL256W,0,-2.0835853,0.19940179586410522,0.9828009605407715,0.39566394686698914
YPR198W,YBL011W,0,-2.0854125,0.19930243492126465,0.9828009605407715,0.3959103226661682
YOR310C,YLR187W,0,-2.0854418,0.19920319318771362,0.9828009605407715,0.3961566984653473
YFR045W,YPL099C,0,-2.0946515,0.19910402595996857,0.9828009605407715,0.396403044462204
YKL090W,YFR033C,0,-2.0951216,0.19900497794151306,0.9828009605407715,0.39664942026138306
YBL101W-B,YPR198W,0,-2.0953238,0.19890601933002472,0.9828009605407715,0.39689579606056213
YDR064W,YGL244W,0,-2.0960565,0.19880715012550354,0.9828009605407715,0.3971421420574188
YER074W,YHR079C,0,-2.099246,0.1987084001302719,0.9828009605407715,0.3973885178565979
YJL166W,YPR119W,0,-2.0995486,0.19860972464084625,0.9828009605407715,0.397634893655777
YDR079W,YNL080C,0,-2.1007695,0.19851116836071014,0.9828009605407715,0.39788123965263367
YLR256W-A,YPL208W,0,-2.1025417,0.1984127014875412,0.9828009605407715,0.39812761545181274
YJR078W,YDL039C,0,-2.1030738,0.19831432402133942,0.9828009605407715,0.3983739912509918
YDR170C,YOR098C,0,-2.1049454,0.198216050863266,0.9828009605407715,0.3986203372478485
YOR274W,YOL004W,0,-2.1064866,0.19811788201332092,0.9828009605407715,0.3988667130470276
YLR410W-A,YBL098W,0,-2.1078265,0.19801980257034302,0.9828009605407715,0.39911308884620667
YLL019C,YJL213W,0,-2.1085398,0.19792182743549347,0.9828009605407715,0.39935943484306335
YJL200C,YML030W,0,-2.1090422,0.19782394170761108,0.9828009605407715,0.39960581064224243
YNL172W,YKL161C,0,-2.10911,0.19772614538669586,0.9828009605407715,0.3998521864414215
YPR171W,YER137C-A,0,-2.1094482,0.197628453373909,0.9828009605407715,0.4000985324382782
YOR382W,YCR011C,0,-2.1098683,0.1975308656692505,0.9828009605407715,0.4003449082374573
YNL267W,YIL006W,0,-2.1112406,0.19743336737155914,0.9828009605407715,0.40059128403663635
YDR138W,YAR031W,0,-2.1113272,0.19733595848083496,0.9828009605407715,0.40083763003349304
YGR105W,YDR062W,0,-2.111509,0.19723865389823914,0.9828009605407715,0.4010840058326721
YOL040C,YGL163C,0,-2.1124258,0.19714145362377167,0.9828009605407715,0.4013303816318512
YER125W,YKL186C,1,-2.1135519,0.19753694534301758,0.9852579832077026,0.4013303816318512
YOR297C,YGR089W,0,-2.1151714,0.19743968546390533,0.9852579832077026,0.4015767574310303
YGR109W-B,YGL068W,0,-2.115795,0.19734251499176025,0.9852579832077026,0.40182310342788696
YPL163C,YOL108C,0,-2.1160884,0.19724544882774353,0.9852579832077026,0.40206947922706604
YGR225W,YOR294W,0,-2.1162877,0.19714847207069397,0.9852579832077026,0.4023158550262451
YJL206C,YAL029C,0,-2.1167605,0.19705159962177277,0.9852579832077026,0.4025622010231018
YKR056W,YGR032W,0,-2.1186213,0.19695481657981873,0.9852579832077026,0.4028085768222809
YDR174W,YOL028C,0,-2.1187375,0.19685812294483185,0.9852579832077026,0.40305495262145996
YJR026W,YDR109C,0,-2.1213403,0.19676153361797333,0.9852579832077026,0.40330129861831665
YMR078C,YPR160W,0,-2.12289,0.19666503369808197,0.9852579832077026,0.4035476744174957
YGL212W,YOR194C,0,-2.1229184,0.19656862318515778,0.9852579832077026,0.4037940502166748
YPL064C,YPL257W-B,0,-2.1265419,0.19647231698036194,0.9852579832077026,0.4040403962135315
YDR371W,YOL070C,0,-2.1300762,0.19637610018253326,0.9852579832077026,0.40428677201271057
YDR030C,YJL200C,0,-2.133817,0.19627998769283295,0.9852579832077026,0.40453314781188965
YAL040C,YAL029C,0,-2.1342573,0.1961839497089386,0.9852579832077026,0.40477949380874634
YKL020C,YCL032W,0,-2.1369057,0.1960880160331726,0.9852579832077026,0.4050258696079254
YNL261W,YKL038W,0,-2.1378582,0.19599218666553497,0.9852579832077026,0.4052722454071045
YHR047C,YER101C,0,-2.1382117,0.1958964318037033,0.9852579832077026,0.4055185914039612
YNL192W,YOL054W,0,-2.1414685,0.19580078125,0.9852579832077026,0.40576496720314026
YPR035W,YJR051W,0,-2.142632,0.19570522010326385,0.9852579832077026,0.40601134300231934
YGL046W,YCR026C,0,-2.1434262,0.19560976326465607,0.9852579832077026,0.406257688999176
YMR250W,YPR060C,0,-2.1449788,0.19551438093185425,0.9852579832077026,0.4065040647983551
YHR059W,YOL028C,0,-2.1453972,0.1954191029071808,0.9852579832077026,0.4067504405975342
YOL129W,YOL054W,0,-2.145715,0.1953239142894745,0.9852579832077026,0.40699678659439087
YDR082W,YOR142W-B,0,-2.145735,0.19522881507873535,0.9852579832077026,0.40724316239356995
YPL064C,YLR314C,0,-2.1468835,0.19513382017612457,0.9852579832077026,0.407489538192749
YDR460W,YOR283W,0,-2.14786,0.19503891468048096,0.9852579832077026,0.4077358841896057
YER022W,YDL245C,0,-2.1519635,0.1949440985918045,0.9852579832077026,0.4079822599887848
YER137C-A,YOR099W,0,-2.1540613,0.19484937191009521,0.9852579832077026,0.40822863578796387
YGL094C,YOR243C,0,-2.1558936,0.1947547346353531,0.9852579832077026,0.40847498178482056
YGR169C,YJR130C,0,-2.156092,0.19466018676757812,0.9852579832077026,0.40872135758399963
YOR147W,YNL238W,0,-2.1567066,0.19456574320793152,0.9852579832077026,0.4089677333831787
YLR182W,YDL215C,0,-2.1614559,0.19447138905525208,0.9852579832077026,0.4092140793800354
YGL158W,YEL040W,0,-2.1615264,0.1943771243095398,0.9852579832077026,0.4094604551792145
YGL037C,YBR230C,0,-2.1617966,0.19428294897079468,0.9852579832077026,0.40970683097839355
YDR173C,YGR239C,0,-2.1621504,0.19418886303901672,0.9852579832077026,0.40995317697525024
YOR142W-B,YNL273W,0,-2.1636403,0.19409486651420593,0.9852579832077026,0.4101995527744293
YGR171C,YJL128C,0,-2.1646528,0.1940009742975235,0.9852579832077026,0.4104459285736084
YJR055W,YIL061C,0,-2.1650815,0.19390715658664703,0.9852579832077026,0.4106922745704651
YOL010W,YNR002C,0,-2.1651707,0.19381344318389893,0.9852579832077026,0.41093865036964417
YGR225W,YCL025C,0,-2.1657722,0.1937198042869568,0.9852579832077026,0.41118502616882324
YKL074C,YDR404C,0,-2.1671941,0.193626269698143,0.9852579832077026,0.41143137216567993
YLL045C,YOR299W,0,-2.1689897,0.1935328245162964,0.9852579832077026,0.411677747964859
YJL187C,YDR081C,0,-2.1696815,0.19343945384025574,0.9852579832077026,0.4119241237640381
YOL151W,YDR470C,0,-2.1736856,0.19334618747234344,0.9852579832077026,0.41217049956321716
YOL057W,YKL206C,0,-2.175137,0.19325301051139832,0.9852579832077026,0.41241684556007385
YOL165C,YDR090C,0,-2.1759522,0.19315992295742035,0.9852579832077026,0.41266322135925293
YEL012W,YMR200W,0,-2.1771717,0.19306692481040955,0.9852579832077026,0.412909597158432
YPL151C,YJR147W,0,-2.1781223,0.1929740160703659,0.9852579832077026,0.4131559431552887
YLL027W,YPR133W-A,0,-2.180156,0.19288119673728943,0.9852579832077026,0.4134023189544678
YNL307C,YDR262W,0,-2.181246,0.19278846681118011,0.9852579832077026,0.41364869475364685
YBR230C,YGR155W,0,-2.183593,0.19269582629203796,0.9852579832077026,0.41389504075050354
YCL074W,YKL053C-A,0,-2.1837165,0.19260326027870178,0.9852579832077026,0.4141414165496826
YJR149W,YHR061C,0,-2.1842096,0.19251079857349396,0.9852579832077026,0.4143877923488617
YIR005W,YCL026C-B,0,-2.1844137,0.1924184262752533,0.9852579832077026,0.4146341383457184
YJR101W,YDR140W,0,-2.1844828,0.1923261433839798,0.9852579832077026,0.41488051414489746
YPR137C-A,YDR109C,0,-2.1873863,0.19223393499851227,0.9852579832077026,0.41512688994407654
YKL200C,YMR240C,0,-2.1878674,0.1921418309211731,0.9852579832077026,0.4153732359409332
YOL038W,YDR138W,0,-2.1886551,0.1920498013496399,0.9852579832077026,0.4156196117401123
YLR203C,YMR137C,0,-2.192496,0.19195787608623505,0.9852579832077026,0.4158659875392914
YGR180C,YGR258C,0,-2.195875,0.19186602532863617,0.9852579832077026,0.41611233353614807
YOR145C,YPL208W,0,-2.195945,0.19177426397800446,0.9852579832077026,0.41635870933532715
YGL259W,YPR133W-A,0,-2.1972077,0.1916826069355011,0.9852579832077026,0.4166050851345062
YDR059C,YNL026W,0,-2.1975312,0.1915910243988037,0.9852579832077026,0.4168514311313629
YNL127W,YKL210W,0,-2.1997726,0.1914995163679123,0.9852579832077026,0.417097806930542
YMR145C,YNL219C,0,-2.2013159,0.19140811264514923,0.9852579832077026,0.41734418272972107
YJL171C,YGL103W,0,-2.2018898,0.19131679832935333,0.9852579832077026,0.41759052872657776
YPR158C-C,YFL066C,0,-2.2019517,0.1912255585193634,0.9852579832077026,0.41783690452575684
YGR221C,YBL079W,0,-2.2022667,0.19113440811634064,0.9852579832077026,0.4180832803249359
YGR109W-B,YMR089C,0,-2.2025917,0.19104334712028503,0.9852579832077026,0.4183296263217926
YJR036C,YDR369C,0,-2.2033541,0.1909523755311966,0.9852579832077026,0.4185760021209717
YER137C-A,YJL024C,0,-2.2057598,0.19086149334907532,0.9852579832077026,0.41882237792015076
YAR035W,YDL077C,0,-2.2067318,0.1907707005739212,0.9852579832077026,0.41906872391700745
YDR260C,YNL259C,0,-2.206777,0.19067998230457306,0.9852579832077026,0.4193150997161865
YHR074W,YBR170C,0,-2.20702,0.19058935344219208,0.9852579832077026,0.4195614755153656
YOR378W,YPL096W,0,-2.2092698,0.19049881398677826,0.9852579832077026,0.4198078215122223
YJL004C,YKL205W,0,-2.210486,0.1904083639383316,0.9852579832077026,0.42005419731140137
YHR109W,YFR019W,0,-2.2116144,0.19031798839569092,0.9852579832077026,0.42030057311058044
YNL080C,YCR097WB,0,-2.2127528,0.1902277022600174,0.9852579832077026,0.42054691910743713
YLR410W-B,YNL027W,0,-2.2127912,0.19013750553131104,0.9852579832077026,0.4207932949066162
YMR008C,YCL003W,0,-2.2130373,0.19004739820957184,0.9852579832077026,0.4210396707057953
YCL057W,YDL047W,0,-2.21323,0.1899573653936386,0.9852579832077026,0.421286016702652
YLR197W,YMR087W,0,-2.2132623,0.18986742198467255,0.9852579832077026,0.42153239250183105
YLR410W-A,YPR163C,0,-2.2156513,0.18977756798267365,0.9852579832077026,0.42177876830101013
YLR329W,YPL027W,0,-2.2165072,0.1896877884864807,0.9852579832077026,0.4220251441001892
YJL112W,YNL262W,0,-2.2171075,0.18959811329841614,0.9852579832077026,0.4222714900970459
YMR097C,YJL140W,0,-2.2171264,0.18950851261615753,0.9852579832077026,0.422517865896225
YPL007C,YDR261W-A,0,-2.2200654,0.1894189864397049,0.9852579832077026,0.42276424169540405
YPR144C,YKR020W,0,-2.2203271,0.18932954967021942,0.9852579832077026,0.42301058769226074
YDR460W,YIR005W,0,-2.2208471,0.1892402023077011,0.9852579832077026,0.4232569634914398
YDL055C,YMR034C,0,-2.2224042,0.18915094435214996,0.9852579832077026,0.4235033392906189
YDR518W,YNL284C,0,-2.2224545,0.18906176090240479,0.9852579832077026,0.4237496852874756
YBR042C,YNL192W,0,-2.2228076,0.18897266685962677,0.9852579832077026,0.42399606108665466
YPR080W,YLR251W,0,-2.2228122,0.18888366222381592,0.9852579832077026,0.42424243688583374
YDL035C,YKR069W,0,-2.2245774,0.18879473209381104,0.9852579832077026,0.42448878288269043
YER175C,YCR087C-A,0,-2.22499,0.18870587646961212,0.9852579832077026,0.4247351586818695
YHR069C,YDR498C,0,-2.2253764,0.18861712515354156,0.9852579832077026,0.4249815344810486
YOR274W,YFL002W-B,0,-2.2260087,0.18852844834327698,0.9852579832077026,0.4252278804779053
YOR355W,YOR123C,0,-2.2268732,0.18843984603881836,0.9852579832077026,0.42547425627708435
YER087W,YDR461W,0,-2.2268996,0.1883513331413269,0.9852579832077026,0.4257206320762634
YLR208W,YLR141W,0,-2.2281106,0.1882629096508026,0.9852579832077026,0.4259669780731201
YMR117C,YOR324C,0,-2.2285013,0.1881745606660843,0.9852579832077026,0.4262133538722992
YJR149W,YJL155C,0,-2.2285638,0.18808630108833313,0.9852579832077026,0.42645972967147827
YDR414C,YBR192W,0,-2.22928,0.18799813091754913,0.9852579832077026,0.42670607566833496
YKR019C,YJR083C,0,-2.2302544,0.1879100352525711,0.9852579832077026,0.42695245146751404
YPL213W,YNL231C,0,-2.231561,0.18782201409339905,0.9852579832077026,0.4271988272666931
YGL174W,YLR251W,0,-2.23258,0.18773408234119415,0.9852579832077026,0.4274451732635498
YER117W,YPR198W,0,-2.2336578,0.18764623999595642,0.9852579832077026,0.4276915490627289
YDR067C,YJL128C,0,-2.234965,0.18755847215652466,0.9852579832077026,0.42793792486190796
YKR066C,YLR386W,0,-2.2352273,0.18747077882289886,0.9852579832077026,0.42818427085876465
YCR060W,YJL191W,0,-2.2362614,0.18738317489624023,0.9852579832077026,0.4284306466579437
YJR078W,YOR393W,0,-2.2371082,0.18729566037654877,0.9852579832077026,0.4286770224571228
YDR306C,YOR209C,0,-2.238651,0.18720822036266327,0.9852579832077026,0.4289233684539795
YLR264W,YNL238W,0,-2.238744,0.18712085485458374,0.9852579832077026,0.42916974425315857
YCR055C,YKR044W,0,-2.2390032,0.18703357875347137,0.9852579832077026,0.42941612005233765
YJL194W,YKL103C,0,-2.2392032,0.18694639205932617,0.9852579832077026,0.42966246604919434
YDL045W-A,YDL035C,0,-2.2411492,0.18685927987098694,0.9852579832077026,0.4299088418483734
YAR002C-A,YBR274W,0,-2.24309,0.18677224218845367,0.9852579832077026,0.4301552176475525
YER117W,YGL062W,0,-2.2438917,0.18668529391288757,0.9852579832077026,0.4304015636444092
YCR087C-A,YNL307C,0,-2.245272,0.18659842014312744,0.9852579832077026,0.43064793944358826
YPR127W,YER190W,0,-2.2466855,0.18651162087917328,0.9852579832077026,0.43089431524276733
YDR453C,YLR050C,0,-2.2476497,0.18642492592334747,0.9852579832077026,0.431140661239624
YPL122C,YPR152C,0,-2.2478712,0.18633829057216644,0.9852579832077026,0.4313870370388031
YIL135C,YBL113C,0,-2.24927,0.18625174462795258,0.9852579832077026,0.4316334128379822
YDR082W,YER154W,0,-2.250061,0.18616527318954468,0.9852579832077026,0.43187975883483887
YLR157C,YMR186W,0,-2.2504575,0.18607889115810394,0.9852579832077026,0.43212613463401794
YDL179W,YGR229C,0,-2.2505586,0.18599258363246918,0.9852579832077026,0.432372510433197
YGR161W-B,YOR251C,0,-2.2512991,0.18590635061264038,0.9852579832077026,0.4326188862323761
YER050C,YMR114C,0,-2.2531292,0.18582020699977875,0.9852579832077026,0.4328652322292328
YAL033W,YBL098W,0,-2.2545724,0.18573413789272308,0.9852579832077026,0.43311160802841187
YGL183C,YML049C,0,-2.255631,0.1856481432914734,0.9852579832077026,0.43335798382759094
YCR080W,YIL047C,0,-2.2560503,0.18556223809719086,0.9852579832077026,0.43360432982444763
YGL241W,YDR353W,0,-2.2562857,0.1854764074087143,0.9852579832077026,0.4338507056236267
YER017C,YHR079C,0,-2.2566254,0.1853906661272049,0.9852579832077026,0.4340970814228058
YHR135C,YBL079W,0,-2.2571514,0.18530498445034027,0.9852579832077026,0.4343434274196625
YDL078C,YDR403W,0,-2.2577813,0.1852193921804428,0.9852579832077026,0.43458980321884155
YGL162W,YOR216C,0,-2.257921,0.1851338893175125,0.9852579832077026,0.43483617901802063
YIL135C,YDR261C-D,0,-2.2585433,0.18504846096038818,0.9852579832077026,0.4350825250148773
YDR498C,YOR340C,0,-2.2592635,0.18496309220790863,0.9852579832077026,0.4353289008140564
YFR001W,YOR351C,0,-2.2603085,0.18487782776355743,0.9852579832077026,0.4355752766132355
YER013W,YGL226C-A,0,-2.2614224,0.184792622923851,0.9852579832077026,0.43582162261009216
YNL092W,YIL133C,0,-2.2614498,0.18470750749111176,0.9852579832077026,0.43606799840927124
YPL139C,YKL038W,0,-2.2621105,0.18462246656417847,0.9852579832077026,0.4363143742084503
YDR030C,YPL112C,0,-2.2628558,0.18453750014305115,0.9852579832077026,0.436560720205307
YDR240C,YOR222W,0,-2.263092,0.184452623128891,0.9852579832077026,0.4368070960044861
YOL052C,YHR059W,0,-2.2648814,0.1843678206205368,0.9852579832077026,0.43705347180366516
YOL026C,YLR350W,0,-2.2649083,0.1842830926179886,0.9852579832077026,0.43729981780052185
YJL194W,YMR137C,0,-2.2658975,0.18419843912124634,0.9852579832077026,0.4375461935997009
YJR083C,YER052C,0,-2.266046,0.18411386013031006,0.9852579832077026,0.43779256939888
YEL012W,YHR135C,0,-2.2665217,0.18402937054634094,0.9852579832077026,0.4380389153957367
YPR158C-C,YIL048W,0,-2.2666104,0.1839449554681778,0.9852579832077026,0.43828529119491577
YJR092W,YOR230W,0,-2.2674243,0.18386061489582062,0.9852579832077026,0.43853166699409485
YMR025W,YDR498C,0,-2.268964,0.1837763488292694,0.9852579832077026,0.43877801299095154
YKL200C,YOR215C,0,-2.2693322,0.18369217216968536,0.9852579832077026,0.4390243887901306
YOR298W,YOR340C,0,-2.269336,0.1836080551147461,0.9852579832077026,0.4392707645893097
YOL038W,YNL290W,0,-2.2700567,0.183524027466774,0.9852579832077026,0.4395171105861664
YNL236W,YER185W,0,-2.2712376,0.18344007432460785,0.9852579832077026,0.43976348638534546
YMR250W,YLR268W,0,-2.2732954,0.18335619568824768,0.9852579832077026,0.44000986218452454
YJR119C,YMR077C,0,-2.2741454,0.18327239155769348,0.9852579832077026,0.4402562081813812
YLR410W-A,YNL274C,0,-2.274721,0.18318867683410645,0.9852579832077026,0.4405025839805603
YJL225C,YCL060C,0,-2.2786405,0.18310502171516418,0.9852579832077026,0.4407489597797394
YPL064C,YLR024C,0,-2.278745,0.1830214560031891,0.9852579832077026,0.44099530577659607
YER050C,YBR059C,0,-2.2800553,0.18293794989585876,0.9852579832077026,0.44124168157577515
YJR147W,YPR002W,0,-2.280823,0.1828545331954956,0.9852579832077026,0.4414880573749542
YOL155C,YDR222W,0,-2.2808945,0.18277119100093842,0.9852579832077026,0.4417344033718109
YDL245C,YMR061W,0,-2.281358,0.1826879233121872,0.9852579832077026,0.44198077917099
YPR011C,YLR009W,0,-2.2814887,0.18260473012924194,0.9852579832077026,0.44222715497016907
YPL257W-B,YJL117W,0,-2.2819626,0.18252162635326385,0.9852579832077026,0.44247350096702576
YPL208W,YMR075W,0,-2.2842581,0.18243858218193054,0.9852579832077026,0.44271987676620483
YFR029W,YJL134W,0,-2.284635,0.1823556125164032,0.9852579832077026,0.4429662525653839
YKL210W,YJL171C,0,-2.28956,0.18227273225784302,0.9852579832077026,0.443212628364563
YGR282C,YGL183C,0,-2.2925737,0.1821899116039276,0.9852579832077026,0.4434589743614197
YNL008C,YDL107W,0,-2.2972023,0.18210718035697937,0.9852579832077026,0.44370535016059875
YLR447C,YOR274W,0,-2.2977498,0.1820245087146759,0.9852579832077026,0.44395172595977783
YHR002W,YGR214W,0,-2.2995296,0.1819419264793396,0.9852579832077026,0.4441980719566345
YDR090C,YER098W,0,-2.300194,0.18185940384864807,0.9852579832077026,0.4444444477558136
YLR080W,YOL062C,0,-2.3019845,0.1817769706249237,0.9852579832077026,0.4446908235549927
YPL078C,YPR125W,0,-2.302276,0.1816946119070053,0.9852579832077026,0.44493716955184937
YML112W,YFR033C,0,-2.3066773,0.1816123127937317,0.9852579832077026,0.44518354535102844
YGR109W-B,YML128C,0,-2.306759,0.18153010308742523,0.9852579832077026,0.4454299211502075
YOR299W,YKL144C,0,-2.3073633,0.18144796788692474,0.9852579832077026,0.4456762671470642
YGR161W-B,YOR299W,0,-2.3090408,0.18136589229106903,0.9852579832077026,0.4459226429462433
YGL004C,YER087C-B,0,-2.309623,0.18128390610218048,0.9852579832077026,0.44616901874542236
YMR276W,YJR103W,0,-2.3101254,0.1812019944190979,0.9852579832077026,0.44641536474227905
YDL084W,YPL113C,0,-2.310163,0.1811201423406601,0.9852579832077026,0.44666174054145813
YEL043W,YJL200C,0,-2.3128507,0.18103837966918945,0.9852579832077026,0.4469081163406372
YBR059C,YPL119C,0,-2.3132713,0.1809566766023636,0.9852579832077026,0.4471544623374939
YGR252W,YGR052W,0,-2.3137877,0.18087506294250488,0.9852579832077026,0.447400838136673
YMR301C,YIR032C,0,-2.3140285,0.18079350888729095,0.9852579832077026,0.44764721393585205
YGR281W,YPR152C,0,-2.314667,0.180712029337883,0.9852579832077026,0.44789355993270874
YOR343W-B,YNR021W,0,-2.316877,0.180630624294281,0.9852579832077026,0.4481399357318878
YAL060W,YIL095W,0,-2.3192985,0.18054930865764618,0.9852579832077026,0.4483863115310669
YBR177C,YJL128C,0,-2.320306,0.18046805262565613,0.9852579832077026,0.4486326575279236
YLR389C,YER137C,0,-2.3251436,0.18038687109947205,0.9852579832077026,0.44887903332710266
YMR203W,YML049C,0,-2.3254817,0.18030574917793274,0.9852579832077026,0.44912540912628174
YLR256W-A,YML006C,0,-2.3255,0.1802247166633606,0.9852579832077026,0.4493717551231384
YDR233C,YER145C,0,-2.3274443,0.18014375865459442,0.9852579832077026,0.4496181309223175
YBR074W,YNL239W,0,-2.3283632,0.18006286025047302,0.9852579832077026,0.4498645067214966
YOR215C,YGL220W,0,-2.3284073,0.1799820512533188,0.9852579832077026,0.45011085271835327
YKL182W,YOR327C,0,-2.3319957,0.17990130186080933,0.9852579832077026,0.45035722851753235
YOR388C,YNL107W,0,-2.3331382,0.17982062697410583,0.9852579832077026,0.4506036043167114
YKL174C,YER138C,0,-2.3332517,0.1797400265932083,0.9852579832077026,0.4508499503135681
YNL309W,YNL335W,0,-2.3333066,0.17965950071811676,0.9852579832077026,0.4510963261127472
YOR261C,YOR311C,0,-2.3354602,0.17957903444766998,0.9852579832077026,0.45134270191192627
YFL035C,YKL022C,0,-2.335797,0.17949865758419037,0.9852579832077026,0.45158904790878296
YML097C,YER046W,0,-2.336143,0.17941834032535553,0.9852579832077026,0.45183542370796204
YDR172W,YPL252C,0,-2.3361816,0.17933809757232666,0.9852579832077026,0.4520817995071411
YIL002C,YDR373W,0,-2.3373091,0.17925792932510376,0.9852579832077026,0.4523281455039978
YDL107W,YBR257W,0,-2.3377073,0.17917783558368683,0.9852579832077026,0.4525745213031769
YPL139C,YOR219C,0,-2.3392346,0.17909781634807587,0.9852579832077026,0.45282089710235596
YDR254W,YPL180W,0,-2.3424327,0.17901785671710968,0.9852579832077026,0.45306724309921265
YHR005C-A,YPL087W,0,-2.343915,0.17893797159194946,0.9852579832077026,0.4533136188983917
YJL114W,YKR069W,0,-2.3443859,0.17885816097259521,0.9852579832077026,0.4535599946975708
YGL083W,YER046W,0,-2.3452961,0.17877842485904694,0.9852579832077026,0.4538063704967499
YPR196W,YLR410W-A,0,-2.3475134,0.17869874835014343,0.9852579832077026,0.45405271649360657
YLR224W,YCR097WB,0,-2.3487446,0.1786191463470459,0.9852579832077026,0.45429909229278564
YDR263C,YIL088C,0,-2.3489714,0.17853961884975433,0.9852579832077026,0.4545454680919647
YHR056C,YGR020C,0,-2.353232,0.17846016585826874,0.9852579832077026,0.4547918140888214
YKR036C,YDR109C,0,-2.3588574,0.1783807873725891,0.9852579832077026,0.4550381898880005
YDL107W,YML073C,0,-2.3603384,0.17830146849155426,0.9852579832077026,0.45528456568717957
YMR284W,YPR204W,0,-2.360946,0.17822222411632538,0.9852579832077026,0.45553091168403625
YER125W,YGR218W,1,-2.361141,0.17858728766441345,0.9877150058746338,0.45553091168403625
YNL032W,YML006C,0,-2.3615053,0.178507998585701,0.9877150058746338,0.45577728748321533
YDR082W,YBR287W,0,-2.3633955,0.1784287542104721,0.9877150058746338,0.4560236632823944
YLL061W,YLR391W,0,-2.3662183,0.1783495992422104,0.9877150058746338,0.4562700092792511
YPL151C,YKL186C,0,-2.366575,0.17827050387859344,0.9877150058746338,0.4565163850784302
YIR005W,YOR162C,0,-2.3673584,0.17819148302078247,0.9877150058746338,0.45676276087760925
YPR187W,YJL095W,0,-2.3675954,0.17811253666877747,0.9877150058746338,0.45700910687446594
YFL035C,YIL159W,0,-2.368923,0.17803366482257843,0.9877150058746338,0.457255482673645
YIL088C,YIL046W,0,-2.3705482,0.17795485258102417,0.9877150058746338,0.4575018584728241
YLR165C,YGR271W,0,-2.3734217,0.17787609994411469,0.9877150058746338,0.4577482044696808
YMR145C,YHR057C,0,-2.3736045,0.17779743671417236,0.9877150058746338,0.45799458026885986
YCR080W,YNL092W,0,-2.375633,0.17771883308887482,0.9877150058746338,0.45824095606803894
YLL029W,YPL131W,0,-2.377303,0.17764030396938324,0.9877150058746338,0.45848730206489563
YNL052W,YOR349W,0,-2.3786857,0.17756183445453644,0.9877150058746338,0.4587336778640747
YPR035W,YBL029C-A,0,-2.3787093,0.1774834394454956,0.9877150058746338,0.4589800536632538
YER055C,YBR182C,0,-2.379152,0.17740511894226074,0.9877150058746338,0.4592263996601105
YMR146C,YLR353W,0,-2.3814738,0.17732685804367065,0.9877150058746338,0.45947277545928955
YJL166W,YFL014W,0,-2.3823073,0.17724867165088654,0.9877150058746338,0.45971915125846863
YPL273W,YGL113W,0,-2.3828318,0.1771705597639084,0.9877150058746338,0.4599654972553253
YDR296W,YNL202W,0,-2.3830278,0.177092507481575,0.9877150058746338,0.4602118730545044
YPL257W-B,YKR102W,0,-2.3832948,0.1770145297050476,0.9877150058746338,0.46045824885368347
YOR216C,YCL003W,0,-2.3842046,0.17693662643432617,0.9877150058746338,0.46070459485054016
YDL045W-A,YFL033C,0,-2.389455,0.1768587827682495,0.9877150058746338,0.46095097064971924
YKL200C,YNR018W,0,-2.3900678,0.17678099870681763,0.9877150058746338,0.4611973464488983
YLL029W,YPL098C,0,-2.3901722,0.1767033040523529,0.9877150058746338,0.461443692445755
YCR093W,YFR018C,0,-2.3903549,0.17662565410137177,0.9877150058746338,0.4616900682449341
YDR030C,YLL002W,0,-2.3911192,0.1765480935573578,0.9877150058746338,0.46193644404411316
YDR082W,YML052W,0,-2.3916311,0.1764705926179886,0.9877150058746338,0.46218279004096985
YGR238C,YER171W,0,-2.3920422,0.17639315128326416,0.9877150058746338,0.4624291658401489
YKL078W,YLR410W-B,0,-2.3929098,0.1763157844543457,0.9877150058746338,0.462675541639328
YHR211W,YLR047C,0,-2.3940172,0.17623849213123322,0.9877150058746338,0.4629218876361847
YLR305C,YLR113W,0,-2.3949487,0.1761612594127655,0.9877150058746338,0.46316826343536377
YEL069C,YDR496C,0,-2.397844,0.17608410120010376,0.9877150058746338,0.46341463923454285
YHL027W,YBL034C,0,-2.3983858,0.1760070025920868,0.9877150058746338,0.4636610150337219
YLR394W,YER171W,0,-2.398569,0.1759299784898758,0.9877150058746338,0.4639073610305786
YPL252C,YOR324C,0,-2.3986468,0.17585301399230957,0.9877150058746338,0.4641537368297577
YDL083C,YOR123C,0,-2.3990788,0.17577612400054932,0.9877150058746338,0.46440011262893677
YEL029C,YBL079W,0,-2.399609,0.17569929361343384,0.9877150058746338,0.46464645862579346
YMR038C,YKL189W,0,-2.3997478,0.17562253773212433,0.9877150058746338,0.46489283442497253
YDR383C,YOR099W,0,-2.40318,0.1755458563566208,0.9877150058746338,0.4651392102241516
YNL230C,YCR002C,0,-2.4033978,0.17546923458576202,0.9877150058746338,0.4653855562210083
YGR109W-B,YPL196W,0,-2.4035845,0.17539267241954803,0.9877150058746338,0.4656319320201874
YDR245W,YNL084C,0,-2.403703,0.17531618475914001,0.9877150058746338,0.46587830781936646
YPL127C,YNL079C,0,-2.4043128,0.17523975670337677,0.9877150058746338,0.46612465381622314
YML099C,YIL177C,0,-2.406882,0.1751634031534195,0.9877150058746338,0.4663710296154022
YBR059C,YGR171C,0,-2.4071615,0.175087109208107,0.9877150058746338,0.4666174054145813
YLR009W,YPL257W-B,0,-2.407173,0.17501088976860046,0.9877150058746338,0.466863751411438
YML030W,YGL183C,0,-2.4102836,0.1749347299337387,0.9877150058746338,0.46711012721061707
YDL202W,YIR005W,0,-2.410709,0.17485862970352173,0.9877150058746338,0.46735650300979614
YLR410W-B,YGR112W,0,-2.4107876,0.17478260397911072,0.9877150058746338,0.46760284900665283
YOL103W-B,YJR083C,0,-2.4124753,0.17470665276050568,0.9877150058746338,0.4678492248058319
YFL038C,YLR042C,0,-2.4128983,0.1746307611465454,0.9877150058746338,0.468095600605011
YDR210C-C,YBR281C,0,-2.4135146,0.17455492913722992,0.9877150058746338,0.4683419466018677
YER125W,YCR047C,1,-2.414733,0.1749131977558136,0.9901719689369202,0.4683419466018677
YBR125C,YLR047C,0,-2.4155493,0.17483730614185333,0.9901719689369202,0.46858832240104675
YDL054C,YNL208W,0,-2.4160376,0.17476148903369904,0.9901719689369202,0.46883469820022583
YDR090C,YJL191W,0,-2.4171522,0.1746857464313507,0.9901719689369202,0.4690810441970825
YHR005C-A,YBL089W,0,-2.4171681,0.17461004853248596,0.9901719689369202,0.4693274199962616
YLL002W,YOR222W,0,-2.418092,0.17453442513942719,0.9901719689369202,0.4695737957954407
YIR011C,YMR054W,0,-2.4182668,0.17445887625217438,0.9901719689369202,0.46982014179229736
YIL006W,YCL003W,0,-2.419892,0.17438338696956635,0.9901719689369202,0.47006651759147644
YBR150C,YOL111C,0,-2.420739,0.1743079572916031,0.9901719689369202,0.4703128933906555
YML071C,YDR508C,0,-2.421078,0.1742326021194458,0.9901719689369202,0.4705592393875122
YML049C,YBR061C,0,-2.4211767,0.1741573065519333,0.9901719689369202,0.4708056151866913
YDL107W,YHR008C,0,-2.423989,0.17408207058906555,0.9901719689369202,0.47105199098587036
YKR056W,YDL035C,0,-2.4246986,0.17400690913200378,0.9901719689369202,0.47129833698272705
YJR057W,YLR227W-B,0,-2.426089,0.1739318072795868,0.9901719689369202,0.47154471278190613
YPR144C,YOR378W,0,-2.4261181,0.17385677993297577,0.9901719689369202,0.4717910885810852
YJR151C,YPL240C,0,-2.4266233,0.17378179728984833,0.9901719689369202,0.4720374345779419
YLR009W,YGR084C,0,-2.426946,0.17370688915252686,0.9901719689369202,0.47228381037712097
YER138C,YKR020W,0,-2.4300675,0.17363205552101135,0.9901719689369202,0.47253018617630005
YCR014C,YLR020C,0,-2.4316485,0.17355728149414062,0.9901719689369202,0.47277653217315674
YMR146C,YHL027W,0,-2.4326851,0.17348256707191467,0.9901719689369202,0.4730229079723358
YFR045W,YOL111C,0,-2.4352558,0.1734079122543335,0.9901719689369202,0.4732692837715149
YDR261C-D,YLL033W,0,-2.436793,0.1733333319425583,0.9901719689369202,0.4735156297683716
YDR030C,YNL304W,0,-2.4378884,0.17325881123542786,0.9901719689369202,0.47376200556755066
YPR158C-C,YNL050C,0,-2.438599,0.1731843501329422,0.9901719689369202,0.47400838136672974
YLR359W,YLR088W,0,-2.4396257,0.1731099635362625,0.9901719689369202,0.4742547571659088
YPR030W,YER052C,0,-2.4405096,0.1730356365442276,0.9901719689369202,0.4745011031627655
YIL143C,YDL022W,0,-2.443006,0.17296136915683746,0.9901719689369202,0.4747474789619446
YOR324C,YJL128C,0,-2.4452994,0.1728871762752533,0.9901719689369202,0.47499385476112366
YJL140W,YER137C-A,0,-2.4454234,0.1728130429983139,0.9901719689369202,0.47524020075798035
YAL063C,YGR171C,0,-2.4499915,0.1727389693260193,0.9901719689369202,0.4754865765571594
YIL006W,YDL045C,0,-2.4506106,0.17266495525836945,0.9901719689369202,0.4757329523563385
YER130C,YCR055C,0,-2.4507117,0.17259100079536438,0.9901719689369202,0.4759792983531952
YPR182W,YPR190C,0,-2.4513366,0.17251712083816528,0.9901719689369202,0.47622567415237427
YLL051C,YOL026C,0,-2.4531777,0.17244330048561096,0.9901719689369202,0.47647204995155334
YEL069C,YOR054C,0,-2.4552147,0.17236953973770142,0.9901719689369202,0.47671839594841003
YOR343W-B,YOR098C,0,-2.4583533,0.17229585349559784,0.9901719689369202,0.4769647717475891
YLL002W,YPL183W-A,0,-2.459767,0.17222222685813904,0.9901719689369202,0.4772111475467682
YBL101W-B,YJR028W,0,-2.4613416,0.172148659825325,0.9901719689369202,0.4774574935436249
YOL103W-B,YMR218C,0,-2.4618552,0.17207515239715576,0.9901719689369202,0.47770386934280396
YIL108W,YPR149W,0,-2.464354,0.1720017045736313,0.9901719689369202,0.47795024514198303
YLR163C,YOR020C,0,-2.4673345,0.17192833125591278,0.9901719689369202,0.4781965911388397
YNL010W,YNR010W,0,-2.4680967,0.17185501754283905,0.9901719689369202,0.4784429669380188
YDR140W,YCL026C-B,0,-2.4684978,0.1717817634344101,0.9901719689369202,0.4786893427371979
YOR142W-B,YNL175C,0,-2.4705002,0.17170856893062592,0.9901719689369202,0.47893568873405457
YIL017W,YOR085W,0,-2.4711719,0.1716354340314865,0.9901719689369202,0.47918206453323364
YBR275C,YDL045C,0,-2.4712355,0.17156237363815308,0.9901719689369202,0.4794284403324127
YOR343W-B,YMR173W,0,-2.4722178,0.17148935794830322,0.9901719689369202,0.4796747863292694
YGR072W,YBR192W,0,-2.476302,0.17141641676425934,0.9901719689369202,0.4799211621284485
YOR168W,YIR038C,0,-2.4770505,0.17134353518486023,0.9901719689369202,0.48016753792762756
YGR282C,YMR097C,0,-2.4792535,0.1712707132101059,0.9901719689369202,0.48041388392448425
YKR103W,YOL102C,0,-2.4794228,0.17119796574115753,0.9901719689369202,0.48066025972366333
YGR143W,YMR239C,0,-2.4802914,0.17112526297569275,0.9901719689369202,0.4809066355228424
YBL029C-A,YKR101W,0,-2.482474,0.17105263471603394,0.9901719689369202,0.4811529815196991
YER101C,YNL163C,0,-2.4848611,0.1709800660610199,0.9901719689369202,0.4813993573188782
YOR106W,YKL013C,0,-2.4867485,0.17090754210948944,0.9901719689369202,0.48164573311805725
YOR327C,YLR145W,0,-2.487131,0.17083509266376495,0.9901719689369202,0.48189207911491394
YPR194C,YOR298W,0,-2.487237,0.17076271772384644,0.9901719689369202,0.482138454914093
YOR243C,YMR238W,0,-2.4888084,0.1706903874874115,0.9901719689369202,0.4823848307132721
YBR278W,YBR223C,0,-2.4907992,0.17061811685562134,0.9901719689369202,0.4826311767101288
YBR080C,YOR187W,0,-2.491062,0.17054592072963715,0.9901719689369202,0.48287755250930786
YGR109W-B,YDR285W,0,-2.4915013,0.17047376930713654,0.9901719689369202,0.48312392830848694
YGL236C,YBL028C,0,-2.4926267,0.1704016923904419,0.9901719689369202,0.48337027430534363
YPR072W,YOL066C,0,-2.492746,0.17032967507839203,0.9901719689369202,0.4836166501045227
YDR059C,YGR285C,0,-2.494441,0.17025771737098694,0.9901719689369202,0.4838630259037018
YJR040W,YGR155W,0,-2.4964612,0.17018580436706543,0.9901719689369202,0.48410937190055847
YNR028W,YJL095W,0,-2.4967453,0.1701139658689499,0.9901719689369202,0.48435574769973755
YGL014W,YCL014W,0,-2.4979713,0.17004218697547913,0.9901719689369202,0.4846021234989166
YAL033W,YKL094W,0,-2.500415,0.16997048258781433,0.9901719689369202,0.4848484992980957
YKL067W,YGR072W,0,-2.5016468,0.16989882290363312,0.9901719689369202,0.4850948452949524
YDR494W,YBR222C,0,-2.5029156,0.16982722282409668,0.9901719689369202,0.48534122109413147
YBL011W,YNR003C,0,-2.5037994,0.16975568234920502,0.9901719689369202,0.48558759689331055
YDR226W,YLR350W,0,-2.5042183,0.16968421638011932,0.9901719689369202,0.48583394289016724
YGR221C,YNL230C,0,-2.504769,0.1696127951145172,0.9901719689369202,0.4860803186893463
YMR097C,YOR285W,0,-2.5097778,0.16954143345355988,0.9901719689369202,0.4863266944885254
YKR103W,YHR175W,0,-2.5124736,0.1694701462984085,0.9901719689369202,0.4865730404853821
YIL177C,YGR276C,0,-2.5143828,0.16939890384674072,0.9901719689369202,0.48681941628456116
YLL029W,YMR169C,0,-2.5151966,0.1693277359008789,0.9901719689369202,0.48706579208374023
YKL078W,YMR186W,0,-2.5152385,0.16925661265850067,0.9901719689369202,0.4873121380805969
YOL066C,YLR268W,0,-2.5156424,0.1691855639219284,0.9901719689369202,0.487558513879776
YOL103W-B,YHR061C,0,-2.5165496,0.16911455988883972,0.9901719689369202,0.4878048896789551
YBL005W-B,YOR187W,0,-2.516975,0.169043630361557,0.9901719689369202,0.48805123567581177
YEL037C,YOL158C,0,-2.5177054,0.16897274553775787,0.9901719689369202,0.48829761147499084
YMR241W,YKL061W,0,-2.5177317,0.1689019352197647,0.9901719689369202,0.4885439872741699
YER014C-A,YLR390W,0,-2.5186832,0.16883116960525513,0.9901719689369202,0.4887903332710266
YEL053C,YOR099W,0,-2.5200183,0.16876046359539032,0.9901719689369202,0.4890367090702057
YIL159W,YNR028W,0,-2.5209887,0.16868983209133148,0.9901719689369202,0.48928308486938477
YPR137C-A,YGR118W,0,-2.5210135,0.16861924529075623,0.9901719689369202,0.48952943086624146
YPR182W,YIL095W,0,-2.5210598,0.16854871809482574,0.9901719689369202,0.48977580666542053
YML112W,YPL196W,0,-2.5215929,0.16847826540470123,0.9901719689369202,0.4900221824645996
YPR080W,YDR392W,0,-2.522689,0.1684078574180603,0.9901719689369202,0.4902685284614563
YMR319C,YGR238C,0,-2.523996,0.16833750903606415,0.9901719689369202,0.4905149042606354
YNR031C,YGR112W,0,-2.524914,0.16826722025871277,0.9901719689369202,0.49076128005981445
YJR055W,YOR123C,0,-2.5278025,0.16819699108600616,0.9901719689369202,0.49100762605667114
YGR199W,YAR035W,0,-2.5310447,0.16812682151794434,0.9901719689369202,0.4912540018558502
YMR077C,YLL017W,0,-2.532958,0.16805671155452728,0.9901719689369202,0.4915003776550293
YDL197C,YDL024C,0,-2.5340297,0.167986661195755,0.9901719689369202,0.491746723651886
YER185W,YLR073C,0,-2.5342166,0.1679166704416275,0.9901719689369202,0.49199309945106506
YCR093W,YJL024C,0,-2.5359223,0.16784672439098358,0.9901719689369202,0.49223947525024414
YER185W,YIL020C,0,-2.5365388,0.16777685284614563,0.9901719689369202,0.49248582124710083
YLL051C,YPR196W,0,-2.5373693,0.16770702600479126,0.9901719689369202,0.4927321970462799
YNL178W,YNL192W,0,-2.5376441,0.16763727366924286,0.9901719689369202,0.492978572845459
YHL034C,YCR055C,0,-2.5381157,0.16756756603717804,0.9901719689369202,0.4932249188423157
YMR168C,YMR075W,0,-2.5384264,0.167497918009758,0.9901719689369202,0.49347129464149475
YNR006W,YEL053C,0,-2.5394197,0.16742832958698273,0.9901719689369202,0.49371767044067383
YJL005W,YER104W,0,-2.5400496,0.16735880076885223,0.9901719689369202,0.4939640164375305
YNL307C,YDR229W,0,-2.5403244,0.16728933155536652,0.9901719689369202,0.4942103922367096
YBR020W,YOR099W,0,-2.5414598,0.16721992194652557,0.9901719689369202,0.49445676803588867
YLR429W,YNR010W,0,-2.5422401,0.1671505570411682,0.9901719689369202,0.49470311403274536
YKR071C,YBR172C,0,-2.5428283,0.16708126664161682,0.9901719689369202,0.49494948983192444
YML045W-A,YNL027W,0,-2.5428784,0.167012020945549,0.9901719689369202,0.4951958656311035
YLR383W,YLR050C,0,-2.543748,0.16694283485412598,0.9901719689369202,0.4954422414302826
YMR112C,YPR030W,0,-2.5447803,0.16687370836734772,0.9901719689369202,0.4956885874271393
YMR038C,YGR089W,0,-2.545908,0.16680464148521423,0.9901719689369202,0.49593496322631836
YMR032W,YIR018W,0,-2.55011,0.16673561930656433,0.9901719689369202,0.49618133902549744
YPL110C,YBR074W,0,-2.5534606,0.1666666716337204,0.9901719689369202,0.4964276850223541
YJR151C,YKR002W,0,-2.5548644,0.16659776866436005,0.9901719689369202,0.4966740608215332
YHR047C,YOR275C,0,-2.5550823,0.16652892529964447,0.9901719689369202,0.4969204366207123
YPL042C,YER168C,0,-2.555871,0.16646014153957367,0.9901719689369202,0.49716678261756897
YOR226C,YOR180C,0,-2.5559905,0.16639141738414764,0.9901719689369202,0.49741315841674805
YJR092W,YBR145W,0,-2.5561488,0.1663227379322052,0.9901719689369202,0.4976595342159271
YDR453C,YIL159W,0,-2.556524,0.16625411808490753,0.9901719689369202,0.4979058802127838
YPL151C,YER175C,0,-2.5574791,0.16618557274341583,0.9901719689369202,0.4981522560119629
YPL083C,YJR130C,0,-2.558188,0.16611707210540771,0.9901719689369202,0.49839863181114197
YGL241W,YPL218W,0,-2.56014,0.16604861617088318,0.9901719689369202,0.49864497780799866
YOR239W,YNL138W,0,-2.561351,0.1659802347421646,0.9901719689369202,0.49889135360717773
YPR091C,YGL051W,0,-2.5613544,0.16591189801692963,0.9901719689369202,0.4991377294063568
YJR028W,YMR090W,0,-2.5629091,0.16584362089633942,0.9901719689369202,0.4993840754032135
YOL155C,YJR026W,0,-2.5634081,0.16577540338039398,0.9901719689369202,0.4996304512023926
YPL259C,YDR381C-A,0,-2.5648737,0.16570723056793213,0.9901719689369202,0.49987682700157166
YLR256W-A,YMR160W,0,-2.567108,0.16563913226127625,0.9901719689369202,0.5001232028007507
YPL134C,YGR105W,0,-2.5673041,0.16557107865810394,0.9901719689369202,0.5003695487976074
YLR141W,YJL053W,0,-2.5677023,0.16550308465957642,0.9901719689369202,0.5006158947944641
YLL045C,YDL040C,0,-2.5679247,0.16543513536453247,0.9901719689369202,0.5008623003959656
YNL238W,YPL027W,0,-2.567939,0.1653672605752945,0.9901719689369202,0.5011086463928223
YNR018W,YOR226C,0,-2.5691903,0.1652994304895401,0.9901719689369202,0.501354992389679
YNL110C,YNL284C,0,-2.569969,0.1652316451072693,0.9901719689369202,0.5016013979911804
YNL232W,YPR127W,0,-2.5707638,0.16516393423080444,0.9901719689369202,0.5018477439880371
YJL140W,YOR215C,0,-2.5712929,0.16509626805782318,0.9901719689369202,0.5020940899848938
YIL006W,YMR210W,0,-2.57346,0.1650286614894867,0.9901719689369202,0.5023404955863953
YJL029C,YBR145W,0,-2.5737216,0.16496111452579498,0.9901719689369202,0.502586841583252
YPR198W,YNL092W,0,-2.5744302,0.16489361226558685,0.9901719689369202,0.5028331875801086
YBR196C,YKR006C,0,-2.5765445,0.1648261696100235,0.9901719689369202,0.5030795931816101
YGL010W,YPR133W-A,0,-2.5790944,0.16475878655910492,0.9901719689369202,0.5033259391784668
YJR083C,YGR185C,0,-2.5795403,0.16469146311283112,0.9901719689369202,0.5035722851753235
YLR113W,YCL008C,0,-2.5795462,0.1646241843700409,0.9901719689369202,0.503818690776825
YJL166W,YJL095W,0,-2.5812538,0.16455696523189545,0.9901719689369202,0.5040650367736816
YDL215C,YKL168C,0,-2.58184,0.16448979079723358,0.9901719689369202,0.5043113827705383
YDR499W,YNL027W,0,-2.5844953,0.16442269086837769,0.9901719689369202,0.5045577883720398
YKR102W,YJR112W,0,-2.5862892,0.16435562074184418,0.9901719689369202,0.5048041343688965
YIL002C,YER137C-A,0,-2.587786,0.16428862512111664,0.9901719689369202,0.5050504803657532
YOR343W-B,YER145C,0,-2.588102,0.16422167420387268,0.9901719689369202,0.5052968859672546
YOL103W-B,YGR285C,0,-2.588185,0.1641547828912735,0.9901719689369202,0.5055432319641113
YOR099W,YLR316C,0,-2.59017,0.1640879511833191,0.9901719689369202,0.505789577960968
YBR125C,YGL170C,0,-2.5911486,0.16402116417884827,0.9901719689369202,0.5060359835624695
YPR016C,YKL186C,1,-2.5922992,0.16436126828193665,0.9926289916038513,0.5060359835624695
YDR369C,YHR168W,0,-2.5931613,0.16429442167282104,0.9926289916038513,0.5062823295593262
YNL267W,YMR246W,0,-2.5942912,0.1642276495695114,0.9926289916038513,0.5065286755561829
YGR010W,YKL205W,0,-2.5953279,0.16416090726852417,0.9926289916038513,0.5067750811576843
YNL153C,YFL002W-B,0,-2.5977912,0.1640942394733429,0.9926289916038513,0.507021427154541
YIL128W,YPL083C,0,-2.599888,0.164027601480484,0.9926289916038513,0.5072677731513977
YMR160W,YLL012W,0,-2.6005356,0.1639610379934311,0.9926289916038513,0.5075141787528992
YNL178W,YLL055W,0,-2.6027744,0.16389451920986176,0.9926289916038513,0.5077605247497559
YPR060C,YMR267W,0,-2.6071944,0.1638280600309372,0.9926289916038513,0.5080068707466125
YJL085W,YMR115W,0,-2.6078598,0.1637616604566574,0.9926289916038513,0.508253276348114
YPL276W,YKL174C,0,-2.6082428,0.1636953055858612,0.9926289916038513,0.5084996223449707
YOR025W,YNL239W,0,-2.6090178,0.16362899541854858,0.9926289916038513,0.5087459683418274
YML112W,YPL257W-B,0,-2.6105394,0.16356275975704193,0.9926289916038513,0.5089923739433289
YKL061W,YLR389C,0,-2.6109083,0.16349655389785767,0.9926289916038513,0.5092387199401855
YPL188W,YNL092W,0,-2.6143916,0.16343042254447937,0.9926289916038513,0.5094850659370422
YER014C-A,YBR075W,0,-2.6160161,0.16336433589458466,0.9926289916038513,0.5097314715385437
YBR075W,YER087C-B,0,-2.6160161,0.16329830884933472,0.9926289916038513,0.5099778175354004
YBR075W,YNL016W,0,-2.6160161,0.16323232650756836,0.9926289916038513,0.5102241635322571
YJR005W,YNL138W,0,-2.616187,0.16316640377044678,0.9926289916038513,0.5104705691337585
YOR343W-B,YLL043W,0,-2.6170135,0.16310052573680878,0.9926289916038513,0.5107169151306152
YFR013W,YKL096W-A,0,-2.6171412,0.16303470730781555,0.9926289916038513,0.5109633207321167
YDL202W,YMR137C,0,-2.6173167,0.1629689335823059,0.9926289916038513,0.5112096667289734
YOR159C,YOR230W,0,-2.6176894,0.16290321946144104,0.9926289916038513,0.5114560127258301
YDR405W,YKR069W,0,-2.6192076,0.16283756494522095,0.9926289916038513,0.5117024183273315
YIR011C,YLR208W,0,-2.620828,0.16277195513248444,0.9926289916038513,0.5119487643241882
YNL258C,YML080W,0,-2.62156,0.1627064049243927,0.9926289916038513,0.5121951103210449
YJL034W,YPL087W,0,-2.6243215,0.16264089941978455,0.9926289916038513,0.5124415159225464
YKL126W,YOR251C,0,-2.626581,0.16257545351982117,0.9926289916038513,0.5126878619194031
YKR054C,YOL028C,0,-2.626919,0.16251005232334137,0.9926289916038513,0.5129342079162598
YKR071C,YMR039C,0,-2.6287878,0.16244471073150635,0.9926289916038513,0.5131806135177612
YMR020W,YGR089W,0,-2.6289928,0.1623794138431549,0.9926289916038513,0.5134269595146179
YBR075W,YOR232W,0,-2.6319134,0.16231417655944824,0.9926289916038513,0.5136733055114746
YJL024C,YNR010W,0,-2.6321394,0.16224899888038635,0.9926289916038513,0.5139197111129761
YOL112W,YNL238W,0,-2.632636,0.16218386590480804,0.9926289916038513,0.5141660571098328
YDR414C,YOR355W,0,-2.632787,0.16211877763271332,0.9926289916038513,0.5144124031066895
YDR261C-D,YGR089W,0,-2.6332319,0.16205374896526337,0.9926289916038513,0.5146588087081909
YHR005C-A,YOL104C,0,-2.635276,0.1619887799024582,0.9926289916038513,0.5149051547050476
YDR371W,YOR297C,0,-2.6352918,0.1619238406419754,0.9926289916038513,0.5151515007019043
YBR183W,YIL143C,0,-2.6370585,0.16185897588729858,0.9926289916038513,0.5153979063034058
YDL206W,YLR005W,0,-2.6384041,0.16179415583610535,0.9926289916038513,0.5156442523002625
YHR047C,YGR161W-B,0,-2.6384108,0.1617293804883957,0.9926289916038513,0.5158905982971191
YLR305C,YML132W,0,-2.6434762,0.1616646647453308,0.9926289916038513,0.5161370038986206
YDR030C,YGR175C,0,-2.6436825,0.1615999937057495,0.9926289916038513,0.5163833498954773
YMR117C,YOR343W-B,0,-2.6437244,0.161535382270813,0.9926289916038513,0.516629695892334
YOL052C,YLR389C,0,-2.6439502,0.16147083044052124,0.9926289916038513,0.5168761014938354
YNL147W,YHR079C,0,-2.6445904,0.16140630841255188,0.9926289916038513,0.5171224474906921
YJR130C,YOL040C,0,-2.6457875,0.1613418459892273,0.9926289916038513,0.5173687934875488
YLR301W,YNL239W,0,-2.6478126,0.16127744317054749,0.9926289916038513,0.5176151990890503
YGL174W,YCL060C,0,-2.6483452,0.16121308505535126,0.9926289916038513,0.517861545085907
YMR089C,YOL043C,0,-2.649296,0.1611487865447998,0.9926289916038513,0.5181078910827637
YML032C,YKL053C-A,0,-2.6524794,0.16108453273773193,0.9926289916038513,0.5183542966842651
YJR006W,YOR008C,0,-2.652505,0.16102032363414764,0.9926289916038513,0.5186006426811218
YBL113C,YHR119W,0,-2.6585324,0.16095617413520813,0.9926289916038513,0.5188469886779785
YPL139C,YPR198W,0,-2.659228,0.1608920693397522,0.9926289916038513,0.51909339427948
YNL016W,YNL092W,0,-2.6593733,0.16082802414894104,0.9926289916038513,0.5193397402763367
YLL019C,YGR134W,0,-2.6595738,0.16076402366161346,0.9926289916038513,0.5195860862731934
YPL119C,YDR262W,0,-2.659667,0.16070008277893066,0.9926289916038513,0.5198324918746948
YOR237W,YLR130C,0,-2.660278,0.16063618659973145,0.9926289916038513,0.5200788378715515
YPR137C-A,YBL085W,0,-2.6607735,0.1605723351240158,0.9926289916038513,0.5203251838684082
YOR142W-B,YGR036C,0,-2.6622615,0.16050854325294495,0.9926289916038513,0.5205715894699097
YEL031W,YDR381C-A,0,-2.6654937,0.16044479608535767,0.9926289916038513,0.5208179354667664
YBR247C,YGL200C,0,-2.665539,0.16038110852241516,0.9926289916038513,0.521064281463623
YDR210C-C,YIL139C,0,-2.6680303,0.16031746566295624,0.9926289916038513,0.5213106870651245
YLR024C,YLL043W,0,-2.669079,0.1602538675069809,0.9926289916038513,0.5215570330619812
YKR054C,YPL200W,0,-2.6702406,0.16019032895565033,0.9926289916038513,0.5218033790588379
YPR111W,YNR010W,0,-2.6708338,0.16012683510780334,0.9926289916038513,0.5220497846603394
YGR109W-B,YCR011C,0,-2.6720912,0.16006338596343994,0.9926289916038513,0.522296130657196
YPL113C,YFL035C,0,-2.6736295,0.1599999964237213,0.9926289916038513,0.5225424766540527
YNR031C,YML112W,0,-2.6748111,0.15993665158748627,0.9926289916038513,0.5227888822555542
YOR304W,YJL081C,0,-2.6751032,0.159873366355896,0.9926289916038513,0.5230352282524109
YJL144W,YKL015W,0,-2.6757534,0.1598101258277893,0.9926289916038513,0.5232815742492676
YCL025C,YPL065W,0,-2.676706,0.1597469300031662,0.9926289916038513,0.523527979850769
YGR161W-B,YIL006W,0,-2.678544,0.15968379378318787,0.9926289916038513,0.5237743258476257
YNL284C-A,YMR228W,0,-2.6796167,0.15962070226669312,0.9926289916038513,0.5240206718444824
YBR202W,YOR239W,0,-2.6801577,0.15955765545368195,0.9926289916038513,0.5242670774459839
YDR067C,YKR006C,0,-2.6809337,0.15949466824531555,0.9926289916038513,0.5245134234428406
YPR158C-C,YOL158C,0,-2.6823242,0.15943172574043274,0.9926289916038513,0.5247597694396973
YPR072W,YOL028C,0,-2.6833308,0.1593688428401947,0.9926289916038513,0.5250061750411987
YLR452C,YKL200C,0,-2.6834347,0.15930598974227905,0.9926289916038513,0.5252525210380554
YER125W,YLR022C,1,-2.684017,0.15963736176490784,0.9950860142707825,0.5252525210380554
YMR180C,YML039W,0,-2.6849253,0.1595744639635086,0.9950860142707825,0.5254988670349121
YDR304C,YPL007C,0,-2.6857557,0.15951162576675415,0.9950860142707825,0.5257452726364136
YNL231C,YOL155C,0,-2.6860368,0.15944881737232208,0.9950860142707825,0.5259916186332703
YJL114W,YPL112C,0,-2.6864622,0.1593860685825348,0.9950860142707825,0.526237964630127
YPR011C,YDR072C,0,-2.6869404,0.15932336449623108,0.9950860142707825,0.5264843702316284
YEL069C,YGR285C,0,-2.6883905,0.15926072001457214,0.9950860142707825,0.5267307162284851
YDR072C,YLR256W-A,0,-2.688754,0.1591981202363968,0.9950860142707825,0.5269770622253418
YLR380W,YML056C,0,-2.6904528,0.15913556516170502,0.9950860142707825,0.5272234678268433
YNR067C,YLR154W-A,0,-2.6922393,0.15907305479049683,0.9950860142707825,0.5274698138237
YFL011W-A,YGL174W,0,-2.6922393,0.1590106040239334,0.9950860142707825,0.5277161598205566
YIL088C,YBR111W-A,0,-2.6922393,0.15894819796085358,0.9950860142707825,0.5279625654220581
YFL057C,YCL003W,0,-2.6922393,0.15888583660125732,0.9950860142707825,0.5282089114189148
YIL021W,YLR391W-A,0,-2.6922393,0.15882353484630585,0.9950860142707825,0.5284552574157715
YBR111W-A,YLR353W,0,-2.6922393,0.15876126289367676,0.9950860142707825,0.528701663017273
YGR268C,YLR391W-A,0,-2.6922393,0.15869906544685364,0.9950860142707825,0.5289480090141296
YDR296W,YDR014W-A,0,-2.6922393,0.1586368978023529,0.9950860142707825,0.5291943550109863
YMR203W,YLR391W-A,0,-2.6922393,0.15857478976249695,0.9950860142707825,0.5294407606124878
YBR075W,YLR410W-A,0,-2.6922393,0.15851272642612457,0.9950860142707825,0.5296871066093445
YBR111W-A,YER137C-A,0,-2.6922393,0.15845070779323578,0.9950860142707825,0.5299334526062012
YMR146C,YBR111W-A,0,-2.6922393,0.15838873386383057,0.9950860142707825,0.5301798582077026
YOR194C,YMR268W-A,0,-2.6922393,0.15832681953907013,0.9950860142707825,0.5304262042045593
YER013W,YCR097WB,0,-2.6922393,0.15826494991779327,0.9950860142707825,0.530672550201416
YDR210C-C,YER087C-B,0,-2.6922393,0.158203125,0.9950860142707825,0.5309189558029175
YHR041C,YOL053C-A,0,-2.6922393,0.1581413447856903,0.9950860142707825,0.5311653017997742
YDL024C,YMR268W-A,0,-2.6922393,0.1580796241760254,0.9950860142707825,0.5314117074012756
YBR111W-A,YIL095W,0,-2.6922393,0.15801794826984406,0.9950860142707825,0.5316580533981323
YML032C,YNL138W-A,0,-2.6922393,0.1579563170671463,0.9950860142707825,0.531904399394989
YCR093W,YLR154W-A,0,-2.6922393,0.15789473056793213,0.9950860142707825,0.5321508049964905
YKR026C,YMR268W-A,0,-2.6922393,0.15783320367336273,0.9950860142707825,0.5323971509933472
YDR451C,YDR014W-A,0,-2.6922393,0.15777172148227692,0.9950860142707825,0.5326434969902039
YNL138W-A,YBR115C,0,-2.6922393,0.15771028399467468,0.9950860142707825,0.5328899025917053
YDR014W-A,YIR005W,0,-2.6922393,0.15764889121055603,0.9950860142707825,0.533136248588562
YHR029C,YLR154W-A,0,-2.6922393,0.15758754312992096,0.9950860142707825,0.5333825945854187
YFL011W-A,YMR077C,0,-2.6922393,0.15752625465393066,0.9950860142707825,0.5336290001869202
YLL055W,YLR154W-A,0,-2.6922393,0.15746501088142395,0.9950860142707825,0.5338753461837769
YGR031C-A,YPL167C,0,-2.6922393,0.15740381181240082,0.9950860142707825,0.5341216921806335
YOR297C,YOL053C-A,0,-2.6922393,0.15734265744686127,0.9950860142707825,0.534368097782135
YOL053C-A,YKL172W,0,-2.6922393,0.1572815477848053,0.9950860142707825,0.5346144437789917
YNL138W-A,YOR292C,0,-2.6922393,0.1572204977273941,0.9950860142707825,0.5348607897758484
YFL011W-A,YMR008C,0,-2.6922393,0.1571594923734665,0.9950860142707825,0.5351071953773499
YJL030W,YDR014W-A,0,-2.6922393,0.15709853172302246,0.9950860142707825,0.5353535413742065
YNL138W-A,YJL130C,0,-2.6922393,0.157037615776062,0.9950860142707825,0.5355998873710632
YNL138W-A,YLR153C,0,-2.6922393,0.15697674453258514,0.9950860142707825,0.5358462929725647
YKL200C,YLR206W,0,-2.6922393,0.15691591799259186,0.9950860142707825,0.5360926389694214
YGR031C-A,YKL022C,0,-2.6922393,0.15685515105724335,0.9950860142707825,0.5363389849662781
YDR014W-A,YGR034W,0,-2.6922393,0.15679442882537842,0.9950860142707825,0.5365853905677795
YLR391W-A,YFL054C,0,-2.6922393,0.15673375129699707,0.9950860142707825,0.5368317365646362
YJL012C-A,YCR080W,0,-2.6922393,0.1566731184720993,0.9950860142707825,0.5370780825614929
YOR084W,YFL011W-A,0,-2.6922393,0.15661253035068512,0.9950860142707825,0.5373244881629944
YGR031C-A,YGR281W,0,-2.6922393,0.15655198693275452,0.9950860142707825,0.5375708341598511
YOR304W,YDR014W-A,0,-2.6922393,0.1564915031194687,0.9950860142707825,0.5378171801567078
YLR209C,YMR268W-A,0,-2.6922393,0.15643104910850525,0.9950860142707825,0.5380635857582092
YER014C-A,YKL200C,0,-2.6922393,0.15637065470218658,0.9950860142707825,0.5383099317550659
YCR011C,YLR154W-A,0,-2.6922393,0.1563103049993515,0.9950860142707825,0.5385562777519226
YOL053C-A,YBR173C,0,-2.6922393,0.15625,0.9950860142707825,0.5388026833534241
YPL131W,YLR391W-A,0,-2.6922393,0.15618973970413208,0.9950860142707825,0.5390490293502808
YKL170W,YDR014W-A,0,-2.6922393,0.15612952411174774,0.9950860142707825,0.5392953753471375
YGR031C-A,YGR214W,0,-2.6922393,0.15606936812400818,0.9950860142707825,0.5395417809486389
YML058W-A,YLR391W,0,-2.6922393,0.156009241938591,0.9950860142707825,0.5397881269454956
YAR035W,YLR391W,0,-2.6922393,0.1559491753578186,0.9950860142707825,0.5400344729423523
YBR196C,YLR391W-A,0,-2.6922393,0.1558891385793686,0.9950860142707825,0.5402808785438538
YCR080W,YDR207C,0,-2.6922393,0.15582916140556335,0.9950860142707825,0.5405272245407104
YFL011W-A,YLR278C,0,-2.6922393,0.1557692289352417,0.9950860142707825,0.5407735705375671
YLR391W-A,YJL213W,0,-2.6922393,0.15570934116840363,0.9950860142707825,0.5410199761390686
YOR243C,YLR391W-A,0,-2.6922393,0.15564949810504913,0.9950860142707825,0.5412663221359253
YLR285W,YGR239C,0,-2.6925757,0.15558969974517822,0.9950860142707825,0.541512668132782
YMR112C,YEL012W,0,-2.692834,0.1555299609899521,0.9950860142707825,0.5417590737342834
YBR177C,YER137C-A,0,-2.6942327,0.15547025203704834,0.9950860142707825,0.5420054197311401
YLR020C,YJL071W,0,-2.6948302,0.15541058778762817,0.9950860142707825,0.5422517657279968
YJR040W,YLL061W,0,-2.6953728,0.15535098314285278,0.9950860142707825,0.5424981713294983
YDR296W,YDR449C,0,-2.6958644,0.15529140830039978,0.9950860142707825,0.542744517326355
YOL010W,YIL170W,0,-2.6987002,0.15523189306259155,0.9950860142707825,0.5429908633232117
YNL073W,YJR006W,0,-2.7006238,0.1551724076271057,0.9950860142707825,0.5432372689247131
YKR071C,YAL063C,0,-2.700931,0.15511298179626465,0.9950860142707825,0.5434836149215698
YMR019W,YGL060W,0,-2.701383,0.15505360066890717,0.9950860142707825,0.5437299609184265
YFL035C,YNL122C,0,-2.7020943,0.15499426424503326,0.9950860142707825,0.543976366519928
YLR165C,YGR225W,0,-2.7031052,0.15493497252464294,0.9950860142707825,0.5442227125167847
YBL029C-A,YHR051W,0,-2.7040389,0.154875710606575,0.9950860142707825,0.5444690585136414
YNL208W,YDR261W-A,0,-2.704644,0.15481650829315186,0.9950860142707825,0.5447154641151428
YKL217W,YKL165C,0,-2.705694,0.15475735068321228,0.9950860142707825,0.5449618101119995
YNL230C,YDR381C-A,0,-2.7075346,0.1546982377767563,0.9950860142707825,0.5452081561088562
YER137C-A,YML030W,0,-2.7077096,0.15463916957378387,0.9950860142707825,0.5454545617103577
YLL029W,YJL191W,0,-2.7112644,0.15458014607429504,0.9950860142707825,0.5457009077072144
YPR137C-A,YJR101W,0,-2.7136643,0.154521182179451,0.9950860142707825,0.545947253704071
YKL082C,YLR187W,0,-2.7138498,0.15446224808692932,0.9950860142707825,0.5461936593055725
YBR247C,YJR133W,0,-2.7155077,0.15440335869789124,0.9950860142707825,0.5464400053024292
YML045W-A,YBR129C,0,-2.7169857,0.15434451401233673,0.9950860142707825,0.5466863512992859
YKL182W,YML045W-A,0,-2.717095,0.1542857140302658,0.9950860142707825,0.5469327569007874
YJR040W,YPR163C,0,-2.7179525,0.15422695875167847,0.9950860142707825,0.547179102897644
YJR004C,YMR038C,0,-2.7194645,0.1541682481765747,0.9950860142707825,0.5474254488945007
YFL002W-B,YLL043W,0,-2.7199526,0.15410958230495453,0.9950860142707825,0.5476718544960022
YHR132C,YGR175C,0,-2.720931,0.15405097603797913,0.9950860142707825,0.5479182004928589
YGL236C,YGR134W,0,-2.7250593,0.1539923995733261,0.9950860142707825,0.5481645464897156
YJR151C,YLR348C,0,-2.7251034,0.15393386781215668,0.9950860142707825,0.548410952091217
YJR051W,YPR163C,0,-2.7300923,0.15387538075447083,0.9950860142707825,0.5486572980880737
YHR060W,YLR401C,0,-2.730232,0.15381693840026855,0.9950860142707825,0.5489036440849304
YHR061C,YOR285W,0,-2.731716,0.15375854074954987,0.9950860142707825,0.5491500496864319
YOR209C,YNL006W,0,-2.7320828,0.15370018780231476,0.9950860142707825,0.5493963956832886
YDL055C,YDL227C,0,-2.732408,0.15364187955856323,0.9950860142707825,0.5496427416801453
YNL160W,YDL039C,0,-2.7360532,0.1535836160182953,0.9950860142707825,0.5498891472816467
YHL012W,YNR060W,0,-2.737414,0.15352539718151093,0.9950860142707825,0.5501354932785034
YGR225W,YJR053W,0,-2.7378364,0.15346722304821014,0.9950860142707825,0.5503818392753601
YPL196W,YBR238C,0,-2.738032,0.15340909361839294,0.9950860142707825,0.5506282448768616
YBR075W,YPL050C,0,-2.739124,0.15335100889205933,0.9950860142707825,0.5508745908737183
YOL101C,YDR381C-A,0,-2.7406635,0.1532929539680481,0.9950860142707825,0.551120936870575
YPL218W,YPR160W,0,-2.7411718,0.15323495864868164,0.9950860142707825,0.5513673424720764
YBR172C,YKL061W,0,-2.7433112,0.15317700803279877,0.9950860142707825,0.5516136884689331
YBR125C,YOL101C,0,-2.744641,0.15311908721923828,0.9950860142707825,0.5518600344657898
YMR038C,YNL298W,0,-2.745978,0.15306122601032257,0.9950860142707825,0.5521064400672913
YHR029C,YAL054C,0,-2.7473917,0.15300339460372925,0.9950860142707825,0.552352786064148
YCR097WB,YMR213W,0,-2.750705,0.1529456228017807,0.9950860142707825,0.5525991916656494
YLR145W,YOR180C,0,-2.7521524,0.15288788080215454,0.9950860142707825,0.5528455376625061
YER150W,YBL085W,0,-2.7532046,0.15283018350601196,0.9950860142707825,0.5530918836593628
YDL198C,YNR003C,0,-2.7532818,0.15277254581451416,0.9950860142707825,0.5533382892608643
YGL158W,YPL200W,0,-2.7537553,0.15271493792533875,0.9950860142707825,0.553584635257721
YLR425W,YLR163C,0,-2.7565124,0.1526573747396469,0.9950860142707825,0.5538309812545776
YLR141W,YPL147W,0,-2.7567818,0.15259985625743866,0.9950860142707825,0.5540773868560791
YLR404W,YLR227W-B,0,-2.7591286,0.1525423675775528,0.9950860142707825,0.5543237328529358
YPL213W,YFL035C,0,-2.7599247,0.1524849385023117,0.9950860142707825,0.5545700788497925
YOR126C,YPL011C,0,-2.7608826,0.1524275541305542,0.9950860142707825,0.554816484451294
YIL128W,YKR006C,0,-2.7620463,0.15237019956111908,0.9950860142707825,0.5550628304481506
YNL281W,YFR052W,0,-2.7641237,0.15231290459632874,0.9950860142707825,0.5553091764450073
YER017C,YPR133W-A,0,-2.7647545,0.15225563943386078,0.9950860142707825,0.5555555820465088
YGL112C,YGR095C,0,-2.7650094,0.1521984189748764,0.9950860142707825,0.5558019280433655
YML036W,YMR270C,0,-2.7656348,0.1521412432193756,0.9950860142707825,0.5560482740402222
YNL085W,YDR461W,0,-2.7661004,0.1520841121673584,0.9950860142707825,0.5562946796417236
YPL064C,YCL004W,0,-2.766624,0.15202702581882477,0.9950860142707825,0.5565410256385803
YGR199W,YPR091C,0,-2.7689216,0.15196998417377472,0.9950860142707825,0.556787371635437
YOR106W,YOL101C,0,-2.7703674,0.15191297233104706,0.9950860142707825,0.5570337772369385
YNL282W,YDR240C,0,-2.7709217,0.15185602009296417,0.9950860142707825,0.5572801232337952
YDR261C-D,YPR149W,0,-2.7711992,0.15179909765720367,0.9950860142707825,0.5575264692306519
YIR025W,YOR085W,0,-2.7719176,0.15174221992492676,0.9950860142707825,0.5577728748321533
YNL117W,YPR006C,0,-2.7763004,0.15168538689613342,0.9950860142707825,0.55801922082901
YJR053W,YFR052W,0,-2.7830381,0.15162859857082367,0.9950860142707825,0.5582655668258667
YDR067C,YMR032W,0,-2.7831643,0.1515718549489975,0.9950860142707825,0.5585119724273682
YGR161W-B,YAL016W,0,-2.7838516,0.1515151560306549,0.9950860142707825,0.5587583184242249
YPL007C,YBL068W,0,-2.7846785,0.1514584869146347,0.9950860142707825,0.5590046644210815
YIL170W,YER087C-B,0,-2.7856054,0.15140186250209808,0.9950860142707825,0.559251070022583
YOL112W,YHR119W,0,-2.786174,0.15134529769420624,0.9950860142707825,0.5594974160194397
YHR060W,YBL089W,0,-2.7876685,0.15128876268863678,0.9950860142707825,0.5597437620162964
YBR195C,YKL007W,0,-2.7885492,0.1512322574853897,0.9950860142707825,0.5599901676177979
YIL134W,YOR230W,0,-2.7893937,0.15117581188678741,0.9950860142707825,0.5602365136146545
YFL002W-B,YMR250W,0,-2.7913272,0.1511193960905075,0.9950860142707825,0.5604828596115112
YBR081C,YDR131C,0,-2.791576,0.15106303989887238,0.9950860142707825,0.5607292652130127
YGL237C,YLR197W,0,-2.7931793,0.15100671350955963,0.9950860142707825,0.5609756112098694
YPL104W,YIR032C,0,-2.7938588,0.15095043182373047,0.9950860142707825,0.5612219572067261
YMR114C,YDR195W,0,-2.7956457,0.1508941948413849,0.9950860142707825,0.5614683628082275
YKL166C,YMR200W,0,-2.7961438,0.1508379876613617,0.9950860142707825,0.5617147088050842
YDL059C,YGL169W,0,-2.7966712,0.15078182518482208,0.9950860142707825,0.5619610548019409
YML006C,YCR097WB,0,-2.796682,0.15072572231292725,0.9950860142707825,0.5622074604034424
YPR194C,YGR085C,0,-2.7971494,0.1506696492433548,0.9950860142707825,0.5624538064002991
YHR005C-A,YJR053W,0,-2.799175,0.15061360597610474,0.9950860142707825,0.5627001523971558
YER138C,YDR381C-A,0,-2.8006506,0.15055762231349945,0.9950860142707825,0.5629465579986572
YER125W,YIL063C,1,-2.804402,0.15087328851222992,0.9975429773330688,0.5629465579986572
YGR109W-B,YDL021W,0,-2.8045788,0.15081723034381866,0.9975429773330688,0.5631929039955139
YDR415C,YDR381C-A,0,-2.8054268,0.15076123178005219,0.9975429773330688,0.5634392499923706
YNL117W,YJR032W,0,-2.8057222,0.1507052779197693,0.9975429773330688,0.5636856555938721
YKL189W,YGL060W,0,-2.805897,0.15064935386180878,0.9975429773330688,0.5639320015907288
YNL267W,YPR133W-A,0,-2.8108165,0.15059347450733185,0.9975429773330688,0.5641783475875854
YHR179W,YER090W,0,-2.8109229,0.1505376398563385,0.9975429773330688,0.5644247531890869
YDR030C,YNR067C,0,-2.8111115,0.15048183500766754,0.9975429773330688,0.5646710991859436
YMR182C,YLR268W,0,-2.8114705,0.15042608976364136,0.9975429773330688,0.5649174451828003
YDL197C,YER074W,0,-2.8135853,0.15037037432193756,0.9975429773330688,0.5651638507843018
YOR323C,YKR006C,0,-2.8142335,0.15031470358371735,0.9975429773330688,0.5654101967811584
YBR238C,YBR281C,0,-2.814523,0.15025906264781952,0.9975429773330688,0.5656565427780151
YGR144W,YNL050C,0,-2.8146803,0.15020348131656647,0.9975429773330688,0.5659029483795166
YCL008C,YIL047C,0,-2.8148487,0.1501479297876358,0.9975429773330688,0.5661492943763733
YDR207C,YOR020C,0,-2.8191504,0.15009242296218872,0.9975429773330688,0.56639564037323
YMR032W,YBR282W,0,-2.8204613,0.15003696084022522,0.9975429773330688,0.5666420459747314
YFR029W,YDR210C-C,0,-2.823859,0.1499815285205841,0.9975429773330688,0.5668883919715881
YKR069W,YML109W,0,-2.824098,0.14992614090442657,0.9975429773330688,0.5671347379684448
YHR211W,YBR238C,0,-2.8244655,0.14987079799175262,0.9975429773330688,0.5673811435699463
YLR227W-B,YGR214W,0,-2.824783,0.14981549978256226,0.9975429773330688,0.567627489566803
YKR071C,YDR381C-A,0,-2.8253572,0.14976023137569427,0.9975429773330688,0.5678738355636597
YIL079C,YJR130C,0,-2.8263571,0.14970500767230988,0.9975429773330688,0.5681202411651611
YKL090W,YMR213W,0,-2.827556,0.14964982867240906,0.9975429773330688,0.5683665871620178
YDL227C,YML045W-A,0,-2.8300443,0.14959469437599182,0.9975429773330688,0.5686129331588745
YMR284W,YPR125W,0,-2.8301246,0.14953958988189697,0.9975429773330688,0.568859338760376
YGR070W,YEL041W,0,-2.830514,0.1494845300912857,0.9975429773330688,0.5691056847572327
YKL201C,YDR195W,0,-2.8327954,0.14942951500415802,0.9975429773330688,0.5693520307540894
YOL145C,YMR020W,0,-2.833365,0.14937454462051392,0.9975429773330688,0.5695984363555908
YOL155C,YOL108C,0,-2.8357978,0.1493196040391922,0.9975429773330688,0.5698447823524475
YPR026W,YOR187W,0,-2.8358963,0.14926470816135406,0.9975429773330688,0.5700911283493042
YJR082C,YPL240C,0,-2.8361118,0.14920984208583832,0.9975429773330688,0.5703375339508057
YLR278C,YOR285W,0,-2.8385634,0.14915503561496735,0.9975429773330688,0.5705838799476624
YJR092W,YLR227W-B,0,-2.8387141,0.14910025894641876,0.9975429773330688,0.570830225944519
YDL024C,YOR299W,0,-2.839771,0.14904552698135376,0.9975429773330688,0.5710766315460205
YOR204W,YFR019W,0,-2.8399832,0.14899082481861115,0.9975429773330688,0.5713229775428772
YDL217C,YMR238W,0,-2.8434875,0.1489361673593521,0.9975429773330688,0.5715693235397339
YLR301W,YEL029C,0,-2.8444936,0.14888155460357666,0.9975429773330688,0.5718157291412354
YNR074C,YLR316C,0,-2.8447516,0.1488269865512848,0.9975429773330688,0.572062075138092
YLR105C,YBR196C,0,-2.845093,0.1487724483013153,0.9975429773330688,0.5723084211349487
YER017C,YOR085W,0,-2.845992,0.1487179547548294,0.9975429773330688,0.5725548267364502
YCR093W,YLR251W,0,-2.846421,0.1486634910106659,0.9975429773330688,0.5728011727333069
YDR210C-C,YPL163C,0,-2.8470647,0.14860907196998596,0.9975429773330688,0.5730475783348083
YEL036C,YBR080C,0,-2.8476927,0.1485546976327896,0.9975429773330688,0.573293924331665
YPR194C,YJL095W,0,-2.849049,0.14850036799907684,0.9975429773330688,0.5735402703285217
YOL107W,YGL163C,0,-2.8493319,0.14844606816768646,0.9975429773330688,0.5737866759300232
YKL003C,YGL216W,0,-2.8495214,0.14839181303977966,0.9975429773330688,0.5740330219268799
YNL284C-A,YGR027C,0,-2.849873,0.14833760261535645,0.9975429773330688,0.5742793679237366
YOR378W,YDL021W,0,-2.850533,0.14828342199325562,0.9975429773330688,0.574525773525238
YKR071C,YDR261W-A,0,-2.850719,0.14822928607463837,0.9975429773330688,0.5747721195220947
YMR089C,YBL079W,0,-2.8526015,0.1481751799583435,0.9975429773330688,0.5750184655189514
YHR002W,YFL035C,0,-2.8530257,0.14812111854553223,0.9975429773330688,0.5752648711204529
YKR036C,YLR073C,0,-2.8531547,0.14806710183620453,0.9975429773330688,0.5755112171173096
YNL032W,YNL080C,0,-2.8535388,0.1480131298303604,0.9975429773330688,0.5757575631141663
YJL112W,YKL206C,0,-2.85416,0.14795918762683868,0.9975429773330688,0.5760039687156677
YDR174W,YNR035C,0,-2.8565857,0.14790527522563934,0.9975429773330688,0.5762503147125244
YDL215C,YDL216C,0,-2.8575592,0.14785142242908478,0.9975429773330688,0.5764966607093811
YNL026W,YPR119W,0,-2.8587735,0.1477975994348526,0.9975429773330688,0.5767430663108826
YDR423C,YOR311C,0,-2.859577,0.1477438062429428,0.9975429773330688,0.5769894123077393
YAL033W,YLR348C,0,-2.8613737,0.1476900726556778,0.9975429773330688,0.577235758304596
YPR144C,YMR077C,0,-2.8620164,0.14763636887073517,0.9975429773330688,0.5774821639060974
YGL010W,YCR087C-A,0,-2.862254,0.14758269488811493,0.9975429773330688,0.5777285099029541
YLR395C,YPL257W-B,0,-2.862406,0.14752906560897827,0.9975429773330688,0.5779748558998108
YDL140C,YLL061W,0,-2.8634923,0.1474754810333252,0.9975429773330688,0.5782212615013123
YPR204W,YLR209C,0,-2.8639424,0.1474219262599945,0.9975429773330688,0.578467607498169
YJR055W,YEL031W,0,-2.8640249,0.1473684161901474,0.9975429773330688,0.5787139534950256
YGL200C,YHR008C,0,-2.865844,0.14731495082378387,0.9975429773330688,0.5789603590965271
YPR158C-C,YHR074W,0,-2.8659441,0.14726151525974274,0.9975429773330688,0.5792067050933838
YJR053W,YNL122C,0,-2.868439,0.14720812439918518,0.9975429773330688,0.5794530510902405
YPR137C-A,YBR150C,0,-2.869085,0.14715476334095,0.9975429773330688,0.5796994566917419
YJR078W,YMR099C,0,-2.8718379,0.14710144698619843,0.9975429773330688,0.5799458026885986
YPR194C,YJR101W,0,-2.872089,0.14704817533493042,0.9975429773330688,0.5801921486854553
YPR137C-A,YLR209C,0,-2.8728578,0.1469949334859848,0.9975429773330688,0.5804385542869568
YDL246C,YMR114C,0,-2.8732927,0.14694173634052277,0.9975429773330688,0.5806849002838135
YLR024C,YIR032C,0,-2.8788893,0.14688856899738312,0.9975429773330688,0.5809312462806702
YPL276W,YNR006W,0,-2.8794754,0.14683544635772705,0.9975429773330688,0.5811776518821716
YBR155W,YLR329W,0,-2.8828464,0.14678235352039337,0.9975429773330688,0.5814239978790283
YDR263C,YBR243C,0,-2.8867571,0.14672930538654327,0.9975429773330688,0.581670343875885
YPR167C,YNL070W,0,-2.8898733,0.14667630195617676,0.9975429773330688,0.5819167494773865
YOR209C,YFL010W-A,0,-2.8904278,0.14662332832813263,0.9975429773330688,0.5821630954742432
YEL022W,YCL025C,0,-2.891454,0.14657039940357208,0.9975429773330688,0.5824094414710999
YLR208W,YOR304C-A,0,-2.8917747,0.14651750028133392,0.9975429773330688,0.5826558470726013
YBL029C-A,YMR296C,0,-2.8939774,0.14646464586257935,0.9975429773330688,0.582902193069458
YGL083W,YDL179W,0,-2.8941875,0.14641182124614716,0.9975429773330688,0.5831485390663147
YDL206W,YER137C-A,0,-2.8943217,0.14635904133319855,0.9975429773330688,0.5833949446678162
YDL045W-A,YLL043W,0,-2.894882,0.14630630612373352,0.9975429773330688,0.5836412906646729
YDR403W,YOR020C,0,-2.896763,0.14625360071659088,0.9975429773330688,0.5838876366615295
YGR169C,YFR052W,0,-2.8976233,0.14620094001293182,0.9975429773330688,0.584134042263031
YDR453C,YDR229W,0,-2.8990839,0.14614830911159515,0.9975429773330688,0.5843803882598877
YDR530C,YML058W-A,0,-2.8992224,0.14609572291374207,0.9975429773330688,0.5846267342567444
YIL094C,YLR033W,0,-2.9011252,0.14604316651821136,0.9975429773330688,0.5848731398582458
YPR006C,YBR074W,0,-2.9015765,0.14599065482616425,0.9975429773330688,0.5851194858551025
YJL024C,YPL027W,0,-2.9022534,0.14593817293643951,0.9975429773330688,0.5853658318519592
YKL117W,YLR353W,0,-2.9030344,0.14588573575019836,0.9975429773330688,0.5856122374534607
YER151C,YDR508C,0,-2.9034197,0.1458333283662796,0.9975429773330688,0.5858585834503174
YKL165C,YJR032W,0,-2.9045584,0.14578096568584442,0.9975429773330688,0.5861049294471741
YGL083W,YKR006C,0,-2.9047072,0.14572864770889282,0.9975429773330688,0.5863513350486755
YJL114W,YBL085W,0,-2.9056466,0.1456763595342636,0.9975429773330688,0.5865976810455322
YMR145C,YHR119W,0,-2.9065068,0.1456241011619568,0.9975429773330688,0.5868440270423889
YDR306C,YLR005W,0,-2.9072516,0.14557188749313354,0.9975429773330688,0.5870904326438904
YDL202W,YGR105W,0,-2.9077654,0.14551971852779388,0.9975429773330688,0.5873367786407471
YGL241W,YBL089W,0,-2.9084308,0.1454675793647766,0.9975429773330688,0.5875831246376038
YAL016W,YBR282W,0,-2.909506,0.14541547000408173,0.9975429773330688,0.5878295302391052
YIL094C,YGL046W,0,-2.910446,0.14536340534687042,0.9975429773330688,0.5880758762359619
YBR276C,YLR016C,0,-2.9106848,0.1453113853931427,0.9975429773330688,0.5883222222328186
YKL103C,YMR143W,0,-2.911555,0.14525939524173737,0.9975429773330688,0.5885686278343201
YDR332W,YJR034W,0,-2.9121382,0.14520743489265442,0.9975429773330688,0.5888149738311768
YDR137W,YMR137C,0,-2.912367,0.14515551924705505,0.9975429773330688,0.5890613198280334
YBL041W,YNL259C,0,-2.9131525,0.14510364830493927,0.9975429773330688,0.5893077254295349
YLR191W,YKL161C,0,-2.9146569,0.14505180716514587,0.9975429773330688,0.5895540714263916
YNL273W,YIL083C,0,-2.9153578,0.14499999582767487,0.9975429773330688,0.5898004174232483
YBR075W,YOR038C,0,-2.9154062,0.14494822919368744,0.9975429773330688,0.5900468230247498
YGR258C,YDL055C,0,-2.9158654,0.1448965072631836,0.9975429773330688,0.5902931690216064
YMR123W,YJL176C,0,-2.9159155,0.14484481513500214,0.9975429773330688,0.5905395150184631
YLR141W,YLR329W,0,-2.9172344,0.14479315280914307,0.9975429773330688,0.5907859206199646
YNR067C,YOR299W,0,-2.9209354,0.14474153518676758,0.9975429773330688,0.5910322666168213
YPL167C,YER046W,0,-2.9228146,0.14468994736671448,0.9975429773330688,0.591278612613678
YGL094C,YGL046W,0,-2.923114,0.14463840425014496,0.9975429773330688,0.5915250182151794
YPR035W,YEL056W,0,-2.9239924,0.14458689093589783,0.9975429773330688,0.5917713642120361
YDL036C,YPL082C,0,-2.9252827,0.14453542232513428,0.9975429773330688,0.5920177102088928
YDL197C,YNL298W,0,-2.925818,0.14448398351669312,0.9975429773330688,0.5922641158103943
YGR288W,YNL284C,0,-2.9277852,0.14443258941173553,0.9975429773330688,0.592510461807251
YOR071C,YBR026C,0,-2.9288409,0.14438122510910034,0.9975429773330688,0.5927568078041077
YLR295C,YOR239W,0,-2.929282,0.14432989060878754,0.9975429773330688,0.5930032134056091
YLR129W,YDL035C,0,-2.929419,0.1442786008119583,0.9975429773330688,0.5932495594024658
YDR261C-D,YFR033C,0,-2.9307005,0.14422735571861267,0.9975429773330688,0.5934959053993225
YKL200C,YNL258C,0,-2.9311125,0.14417614042758942,0.9975429773330688,0.593742311000824
YAL033W,YKL130C,0,-2.931216,0.14412495493888855,0.9975429773330688,0.5939886569976807
YPR083W,YFR052W,0,-2.9325244,0.14407381415367126,0.9975429773330688,0.5942350625991821
YGL062W,YPR171W,0,-2.9329207,0.14402270317077637,0.9975429773330688,0.5944814085960388
YAL022C,YOR099W,0,-2.9330509,0.14397163689136505,0.9975429773330688,0.5947277545928955
YDR457W,YJL029C,0,-2.934324,0.14392060041427612,0.9975429773330688,0.594974160194397
YMR115W,YLR330W,0,-2.9345462,0.14386959373950958,0.9975429773330688,0.5952205061912537
YBL076C,YDR392W,0,-2.9350922,0.14381863176822662,0.9975429773330688,0.5954668521881104
YMR097C,YOR232W,0,-2.9354193,0.14376769959926605,0.9975429773330688,0.5957132577896118
YGR285C,YJR034W,0,-2.9359477,0.14371681213378906,0.9975429773330688,0.5959596037864685
YLR383W,YHL034C,0,-2.9406722,0.14366595447063446,0.9975429773330688,0.5962059497833252
YOL124C,YDR337W,0,-2.941919,0.14361514151096344,0.9975429773330688,0.5964523553848267
YCR052W,YFL023W,0,-2.9421973,0.1435643583536148,0.9975429773330688,0.5966987013816833
YPL083C,YMR227C,0,-2.942449,0.14351360499858856,0.9975429773330688,0.59694504737854
YGL256W,YHR059W,0,-2.9430711,0.1434628963470459,0.9975429773330688,0.5971914529800415
YPR035W,YBR155W,0,-2.9436762,0.14341221749782562,0.9975429773330688,0.5974377989768982
YEL043W,YER090W,0,-2.9443343,0.14336158335208893,0.9975429773330688,0.5976841449737549
YLR295C,YDR381C-A,0,-2.947231,0.14331097900867462,0.9975429773330688,0.5979305505752563
YLR157C,YOR304C-A,0,-2.948147,0.1432604044675827,0.9975429773330688,0.598176896572113
YJL225C,YLL008W,0,-2.9496121,0.14320987462997437,0.9975429773330688,0.5984232425689697
YML045W-A,YBR222C,0,-2.9519436,0.14315937459468842,0.9975429773330688,0.5986696481704712
YNL284C-A,YOR089C,0,-2.9578674,0.14310891926288605,0.9975429773330688,0.5989159941673279
YDR261C-D,YOR230W,0,-2.959631,0.14305849373340607,0.9975429773330688,0.5991623401641846
YMR089C,YPR138C,0,-2.9609702,0.14300809800624847,0.9975429773330688,0.599408745765686
YER046W,YDL148C,0,-2.961653,0.14295774698257446,0.9975429773330688,0.5996550917625427
YKL117W,YGL030W,0,-2.9646316,0.14290742576122284,0.9975429773330688,0.5999014377593994
YLR209C,YKL144C,0,-2.9652631,0.1428571492433548,0.9975429773330688,0.6001478433609009
YOR317W,YPL196W,0,-2.9665349,0.14280688762664795,0.9975429773330688,0.6003941893577576
YJL112W,YJL006C,0,-2.9669979,0.14275668561458588,0.9975429773330688,0.6006405353546143
YGL158W,YPL078C,0,-2.9671204,0.142706498503685,0.9975429773330688,0.6008869409561157
YPR072W,YGR077C,0,-2.971963,0.1426563560962677,0.9975429773330688,0.6011332869529724
YLR028C,YBR187W,0,-2.9721267,0.14260625839233398,0.9975429773330688,0.6013796329498291
YOR145C,YNL079C,0,-2.972622,0.14255617558956146,0.9975429773330688,0.6016260385513306
YKL174C,YER046W,0,-2.9775803,0.14250613749027252,0.9975429773330688,0.6018723845481873
YLR410W-A,YNL175C,0,-2.9782827,0.14245614409446716,0.9975429773330688,0.602118730545044
YER175C,YKL180W,0,-2.9783442,0.1424061805009842,0.9975429773330688,0.6023651361465454
YOL038W,YJR026W,0,-2.979523,0.1423562467098236,0.9975429773330688,0.6026114821434021
YGR169C,YKR035W-A,0,-2.9824345,0.1423063427209854,0.9975429773330688,0.6028578281402588
YER014C-A,YKL175W,0,-2.9832208,0.1422564834356308,0.9975429773330688,0.6031042337417603
YKL117W,YEL029C,0,-2.9837563,0.14220665395259857,0.9975429773330688,0.6033505797386169
YDR254W,YBR129C,0,-2.984463,0.14215686917304993,0.9975429773330688,0.6035969257354736
YNL121C,YDR373W,0,-2.9847543,0.14210709929466248,0.9975429773330688,0.6038433313369751
YBL029C-A,YJR112W,0,-2.9850037,0.1420573890209198,0.9975429773330688,0.6040896773338318
YKR057W,YNL258C,0,-2.9858909,0.14200769364833832,0.9975429773330688,0.6043360233306885
YGR143W,YOR393W,0,-2.9875548,0.14195804297924042,0.9975429773330688,0.6045824289321899
YKL200C,YJL166W,0,-2.9884622,0.1419084221124649,0.9975429773330688,0.6048287749290466
YOL045W,YKR069W,0,-2.9885554,0.14185884594917297,0.9975429773330688,0.6050751209259033
YPL276W,YJL225C,0,-2.9889467,0.14180928468704224,0.9975429773330688,0.6053215265274048
YMR169C,YOR126C,0,-2.9890444,0.14175978302955627,0.9975429773330688,0.6055678725242615
YDR419W,YGR175C,0,-2.9903445,0.1417102962732315,0.9975429773330688,0.6058142185211182
YLR025W,YBR287W,0,-2.9912941,0.14166085422039032,0.9975429773330688,0.6060606241226196
YOL141W,YLR390W,0,-2.9916315,0.14161144196987152,0.9975429773330688,0.6063069701194763
YDL202W,YBR080C,0,-2.9918628,0.1415620595216751,0.9975429773330688,0.606553316116333
YBR275C,YPR030W,0,-2.9923897,0.14151272177696228,0.9975429773330688,0.6067997217178345
YPL252C,YMR267W,0,-2.9928997,0.14146341383457184,0.9975429773330688,0.6070460677146912
YPR189W,YGR070W,0,-2.9931433,0.14141413569450378,0.9975429773330688,0.6072924137115479
YBR145W,YCR097WB,0,-2.9959211,0.1413649022579193,0.9975429773330688,0.6075388193130493
YDR137W,YFL054C,0,-2.9969199,0.14131569862365723,0.9975429773330688,0.607785165309906
YMR039C,YKL061W,0,-2.9978602,0.14126652479171753,0.9975429773330688,0.6080315113067627
YPR137C-A,YBR230C,0,-2.998028,0.1412173956632614,0.9975429773330688,0.6082779169082642
YHR077C,YNL230C,0,-3.0008247,0.14116829633712769,0.9975429773330688,0.6085242629051208
YLL055W,YPR127W,0,-3.003501,0.14111922681331635,0.9975429773330688,0.6087706089019775
YOR292C,YGL256W,0,-3.0039446,0.1410701870918274,0.9975429773330688,0.609017014503479
YKL103C,YPR091C,0,-3.0043638,0.14102119207382202,0.9975429773330688,0.6092633605003357
YLR394W,YCL060C,0,-3.0046089,0.14097222685813904,0.9975429773330688,0.6095097064971924
YBR238C,YGR155W,0,-3.0049937,0.14092329144477844,0.9975429773330688,0.6097561120986938
YLR187W,YNL092W,0,-3.0064077,0.14087438583374023,0.9975429773330688,0.6100024580955505
YDR419W,YJR034W,0,-3.0077069,0.1408255249261856,0.9975429773330688,0.6102488040924072
YOL102C,YKL097W-A,0,-3.008019,0.14077669382095337,0.9975429773330688,0.6104952096939087
YEL037C,YKL201C,0,-3.0087416,0.1407279074192047,0.9975429773330688,0.6107415556907654
YJL194W,YKL053C-A,0,-3.013706,0.14067913591861725,0.9975429773330688,0.6109879016876221
YEL037C,YNL284C-A,0,-3.0150414,0.14063040912151337,0.9975429773330688,0.6112343072891235
YGL244W,YFL002W-B,0,-3.0166032,0.14058171212673187,0.9975429773330688,0.6114806532859802
YDR174W,YDR306C,0,-3.0189939,0.14053305983543396,0.9975429773330688,0.6117269992828369
YKL007W,YJL134W,0,-3.0193942,0.14048442244529724,0.9975429773330688,0.6119734048843384
YGR221C,YHR059W,0,-3.0203412,0.1404358297586441,0.9975429773330688,0.6122197508811951
YOR237W,YLR270W,0,-3.0203788,0.14038728177547455,0.9975429773330688,0.6124660968780518
YDR371W,YKR101W,0,-3.0214787,0.1403387486934662,0.9975429773330688,0.6127125024795532
YDR131C,YNL070W,0,-3.0215943,0.1402902603149414,0.9975429773330688,0.6129588484764099
YNL236W,YGL241W,0,-3.0220358,0.140241801738739,0.9975429773330688,0.6132051944732666
YGR225W,YJL060W,0,-3.0270708,0.140193372964859,0.9975429773330688,0.6134516000747681
YER050C,YKL093W,0,-3.028056,0.1401449739933014,0.9975429773330688,0.6136979460716248
YJL112W,YLR268W,0,-3.028116,0.14009661972522736,0.9975429773330688,0.6139442920684814
YLR256W-A,YOR089C,0,-3.028446,0.1400482952594757,0.9975429773330688,0.6141906976699829
YJL103C,YJL095W,0,-3.028454,0.14000000059604645,0.9975429773330688,0.6144370436668396
YBR081C,YML132W,0,-3.0286357,0.13995173573493958,0.9975429773330688,0.6146834492683411
YDR383C,YPL147W,0,-3.029478,0.13990351557731628,0.9975429773330688,0.6149297952651978
YFL066C,YOR038C,0,-3.0320122,0.13985532522201538,0.9975429773330688,0.6151761412620544
YDL246C,YJL144W,0,-3.0321033,0.13980716466903687,0.9975429773330688,0.6154225468635559
YOR287C,YNR002C,0,-3.0329268,0.13975903391838074,0.9975429773330688,0.6156688928604126
YGR113W,YOR355W,0,-3.032998,0.1397109478712082,0.9975429773330688,0.6159152388572693
YBR294W,YGL216W,0,-3.0330048,0.13966287672519684,0.9975429773330688,0.6161616444587708
YBR066C,YBR059C,0,-3.0332763,0.13961485028266907,0.9975429773330688,0.6164079904556274
YGL237C,YAL063C,0,-3.0341928,0.13956686854362488,0.9975429773330688,0.6166543364524841
YER098W,YLR404W,0,-3.0350544,0.13951890170574188,0.9975429773330688,0.6169007420539856
YBR177C,YML073C,0,-3.0363553,0.13947097957134247,0.9975429773330688,0.6171470880508423
YMR025W,YLR410W-B,0,-3.0366037,0.13942307233810425,0.9975429773330688,0.617393434047699
YMR168C,YNL298W,0,-3.0370593,0.1393752098083496,0.9975429773330688,0.6176398396492004
YDR419W,YDR473C,0,-3.0381238,0.13932739198207855,0.9975429773330688,0.6178861856460571
YKL013C,YBL091C-A,0,-3.0393417,0.1392795890569687,0.9975429773330688,0.6181325316429138
YPL151C,YKR069W,0,-3.0394948,0.1392318308353424,0.9975429773330688,0.6183789372444153
YDR378C,YDR172W,0,-3.0397303,0.13918408751487732,0.9975429773330688,0.618625283241272
YOR147W,YBR155W,0,-3.0398118,0.1391363888978958,0.9975429773330688,0.6188716292381287
YBR183W,YKR035W-A,0,-3.0400727,0.1390887349843979,0.9975429773330688,0.6191180348396301
YJR036C,YJR053W,0,-3.0401137,0.13904109597206116,0.9975429773330688,0.6193643808364868
YDR207C,YCL034W,0,-3.041732,0.138993501663208,0.9975429773330688,0.6196107268333435
YAL024C,YLR316C,0,-3.0441983,0.13894592225551605,0.9975429773330688,0.619857132434845
YCL014W,YCR055C,0,-3.044984,0.13889838755130768,0.9975429773330688,0.6201034784317017
YER008C,YLR208W,0,-3.045946,0.1388508826494217,0.9975429773330688,0.6203498244285583
YNR067C,YPR190C,0,-3.046392,0.1388034224510193,0.9975429773330688,0.6205962300300598
YDL022W,YKL096W-A,0,-3.047966,0.13875597715377808,0.9975429773330688,0.6208425760269165
YKR103W,YAR035W,0,-3.048425,0.13870857656002045,0.9975429773330688,0.6210889220237732
YMR300C,YOL004W,0,-3.0486958,0.1386612057685852,0.9975429773330688,0.6213353276252747
YKR071C,YLR440C,0,-3.0498016,0.13861386477947235,0.9975429773330688,0.6215816736221313
YER050C,YMR193W,0,-3.0559747,0.13856655359268188,0.9975429773330688,0.621828019618988
YJR151C,YIL143C,0,-3.0564516,0.1385192722082138,0.9975429773330688,0.6220744252204895
YDR030C,YPL150W,0,-3.0567327,0.1384720355272293,0.9975429773330688,0.6223207712173462
YJR040W,YDL128W,0,-3.0579932,0.138424813747406,0.9975429773330688,0.6225671172142029
YNL107W,YOR299W,0,-3.0596442,0.13837763667106628,0.9975429773330688,0.6228135228157043
YNL117W,YMR087W,0,-3.0597203,0.13833048939704895,0.9975429773330688,0.623059868812561
YDL142C,YGR070W,0,-3.0600955,0.138283371925354,0.9975429773330688,0.6233062148094177
YLR105C,YPR159W,0,-3.060565,0.13823629915714264,0.9975429773330688,0.6235526204109192
YDR263C,YAL017W,0,-3.0607243,0.13818924129009247,0.9975429773330688,0.6237989664077759
YFL048C,YOR355W,0,-3.061884,0.13814222812652588,0.9975429773330688,0.6240453124046326
YLR410W-A,YBL092W,0,-3.0630515,0.13809524476528168,0.9975429773330688,0.624291718006134
YPR196W,YMR020W,0,-3.0662692,0.13804827630519867,0.9975429773330688,0.6245380640029907
YBR223C,YPR159W,0,-3.0695193,0.13800135254859924,0.9975429773330688,0.6247844099998474
YPL042C,YJL095W,0,-3.07214,0.1379544734954834,0.9975429773330688,0.6250308156013489
YML073C,YLR329W,0,-3.073909,0.13790760934352875,0.9975429773330688,0.6252771615982056
YPL276W,YPL094C,0,-3.0743167,0.13786077499389648,0.9975429773330688,0.6255235075950623
YDL036C,YAR002C-A,0,-3.074999,0.1378139853477478,0.9975429773330688,0.6257699131965637
YKR054C,YDR081C,0,-3.0750124,0.1377672255039215,0.9975429773330688,0.6260162591934204
YOR283W,YPR200C,0,-3.0754693,0.1377204954624176,0.9975429773330688,0.6262626051902771
YDL055C,YPL257W-B,0,-3.0762103,0.1376737803220749,0.9975429773330688,0.6265090107917786
YMR276W,YER150W,0,-3.0799742,0.13762712478637695,0.9975429773330688,0.6267553567886353
YIL080W,YOR098C,0,-3.080773,0.1375804841518402,0.9975429773330688,0.6270017027854919
YIL006W,YLR386W,0,-3.0809634,0.13753387331962585,0.9975429773330688,0.6272481083869934
YJR103W,YDL148C,0,-3.0811331,0.13748730719089508,0.9975429773330688,0.6274944543838501
YLR113W,YJL213W,0,-3.082286,0.1374407559633255,0.9975429773330688,0.6277408003807068
YKL090W,YDL215C,0,-3.082389,0.1373942494392395,0.9975429773330688,0.6279872059822083
YPR171W,YDR195W,0,-3.082871,0.1373477727174759,0.9975429773330688,0.6282335519790649
YPR200C,YLR359W,0,-3.0831447,0.13730132579803467,0.9975429773330688,0.6284798979759216
YNL267W,YCL060C,0,-3.085046,0.13725490868091583,0.9975429773330688,0.6287263035774231
YDR383C,YOR180C,0,-3.0867105,0.13720852136611938,0.9975429773330688,0.6289726495742798
YBR196C,YDL198C,0,-3.086902,0.13716216385364532,0.9975429773330688,0.6292189955711365
YCL057W,YCR052W,0,-3.0882246,0.13711583614349365,0.9975429773330688,0.6294654011726379
YER137C-A,YER019C-A,0,-3.0903215,0.13706955313682556,0.9975429773330688,0.6297117471694946
YGL071W,YPR133W-A,0,-3.0908349,0.13702328503131866,0.9975429773330688,0.6299580931663513
YLL002W,YCR055C,0,-3.0921042,0.13697706162929535,0.9975429773330688,0.6302044987678528
YFR021W,YNL259C,0,-3.0978603,0.13693085312843323,0.9975429773330688,0.6304508447647095
YPL042C,YBL005W-B,0,-3.0983875,0.1368846893310547,0.9975429773330688,0.6306971907615662
YGR034W,YJL079C,0,-3.0992613,0.13683855533599854,0.9975429773330688,0.6309435963630676
YDR499W,YDL197C,0,-3.101532,0.13679245114326477,0.9975429773330688,0.6311899423599243
YPR001W,YDR472W,0,-3.1037924,0.1367463767528534,0.9975429773330688,0.631436288356781
YOR054C,YMR078C,0,-3.1077063,0.1367003321647644,0.9975429773330688,0.6316826939582825
YMR089C,YLR163C,0,-3.108253,0.136654332280159,0.9975429773330688,0.6319290399551392
YBL005W-B,YHL027W,0,-3.1084654,0.13660834729671478,0.9975429773330688,0.6321753859519958
YKR008W,YDR151C,0,-3.1102912,0.13656239211559296,0.9975429773330688,0.6324217915534973
YHR041C,YOR382W,0,-3.1104398,0.1365164816379547,0.9975429773330688,0.632668137550354
YNL231C,YDL070W,0,-3.1120636,0.13647058606147766,0.9975429773330688,0.6329144835472107
YNL102W,YDL170W,0,-3.1122155,0.1364247351884842,0.9975429773330688,0.6331608891487122
YPR162C,YLR390W,0,-3.1126616,0.13637889921665192,0.9975429773330688,0.6334072351455688
YPL151C,YPL208W,0,-3.1135318,0.13633310794830322,0.9975429773330688,0.6336535811424255
YOR138C,YJR028W,0,-3.114773,0.13628734648227692,0.9975429773330688,0.633899986743927
YBL041W,YIL048W,0,-3.116664,0.136241614818573,0.9975429773330688,0.6341463327407837
YDR411C,YGR169C,0,-3.1178296,0.13619591295719147,0.9975429773330688,0.6343926787376404
YJR004C,YNL302C,0,-3.1203027,0.13615024089813232,0.9975429773330688,0.6346390843391418
YJL141C,YDL039C,0,-3.1205556,0.13610459864139557,0.9975429773330688,0.6348854303359985
YLR165C,YOL052C,0,-3.1211097,0.1360589861869812,0.9975429773330688,0.6351317763328552
YNR067C,YNL147W,0,-3.1221225,0.13601340353488922,0.9975429773330688,0.6353781819343567
YMR123W,YLR088W,0,-3.1221497,0.13596785068511963,0.9975429773330688,0.6356245279312134
YCR080W,YHR156C,0,-3.12312,0.13592232763767242,0.9975429773330688,0.6358709335327148
YHR005C-A,YOL136C,0,-3.1247573,0.1358768343925476,0.9975429773330688,0.6361172795295715
YBR118W,YEL053C,0,-3.1256092,0.13583138585090637,0.9975429773330688,0.6363636255264282
YML097C,YMR267W,0,-3.1259212,0.13578595221042633,0.9975429773330688,0.6366100311279297
YGR185C,YCR012W,0,-3.1272404,0.13574054837226868,0.9975429773330688,0.6368563771247864
YIL094C,YGR036C,0,-3.1290345,0.1356951892375946,0.9975429773330688,0.6371027231216431
YDR392W,YGR222W,0,-3.1290479,0.13564984500408173,0.9975429773330688,0.6373491287231445
YCL008C,YOL124C,0,-3.1325266,0.13560454547405243,0.9975429773330688,0.6375954747200012
YBR294W,YMR304W,0,-3.1337266,0.13555926084518433,0.9975429773330688,0.6378418207168579
YJR092W,YLR305C,0,-3.1339717,0.1355140209197998,0.9975429773330688,0.6380882263183594
YOL057W,YGR167W,0,-3.1353629,0.13546879589557648,0.9975429773330688,0.6383345723152161
YEL037C,YJL214W,0,-3.1356618,0.13542361557483673,0.9975429773330688,0.6385809183120728
YHR174W,YGL220W,0,-3.137138,0.13537846505641937,0.9975429773330688,0.6388273239135742
YPL151C,YGR276C,0,-3.138747,0.1353333294391632,0.9975429773330688,0.6390736699104309
YDR137W,YGL163C,0,-3.1392128,0.13528823852539062,0.9975429773330688,0.6393200159072876
YAR035W,YBL092W,0,-3.1396968,0.13524317741394043,0.9975429773330688,0.6395664215087891
YDR351W,YLR309C,0,-3.1409628,0.13519813120365143,0.9975429773330688,0.6398127675056458
YLR305C,YGL062W,0,-3.1421034,0.135153129696846,0.9975429773330688,0.6400591135025024
YGL037C,YKL022C,0,-3.1435142,0.13510815799236298,0.9975429773330688,0.6403055191040039
YKL190W,YGR020C,0,-3.1443286,0.13506320118904114,0.9975429773330688,0.6405518651008606
YPR011C,YDR416W,0,-3.1446605,0.13501828908920288,0.9975429773330688,0.6407982110977173
YDR369C,YKL096W-A,0,-3.1451733,0.134973406791687,0.9975429773330688,0.6410446166992188
YNL153C,YPL042C,0,-3.1462142,0.13492855429649353,0.9975429773330688,0.6412909626960754
YMR168C,YKL168C,0,-3.146938,0.13488371670246124,0.9975429773330688,0.6415373086929321
YLL061W,YHR168W,0,-3.1475923,0.13483892381191254,0.9975429773330688,0.6417837142944336
YBR125C,YDR453C,0,-3.147708,0.13479416072368622,0.9975429773330688,0.6420300602912903
YER175C,YJR034W,0,-3.1484587,0.1347494125366211,0.9975429773330688,0.642276406288147
YDR405W,YPL167C,0,-3.149502,0.13470470905303955,0.9975429773330688,0.6425228118896484
YIL021W,YDR353W,0,-3.1520326,0.1346600353717804,0.9975429773330688,0.6427691578865051
YNL095C,YIL042C,0,-3.1524496,0.13461539149284363,0.9975429773330688,0.6430155038833618
YLR197W,YIL017W,0,-3.1526027,0.13457076251506805,0.9975429773330688,0.6432619094848633
YBR096W,YOR251C,0,-3.1528141,0.13452617824077606,0.9975429773330688,0.64350825548172
YNL267W,YJR028W,0,-3.1537097,0.13448162376880646,0.9975429773330688,0.6437546014785767
YML071C,YGL174W,0,-3.1573272,0.13443708419799805,0.9975429773330688,0.6440010070800781
YLR256W-A,YKL061W,0,-3.157585,0.13439258933067322,0.9975429773330688,0.6442473530769348
YNL117W,YPL129W,0,-3.1577458,0.13434810936450958,0.9975429773330688,0.6444936990737915
YOR301W,YGR171C,0,-3.1591518,0.13430367410182953,0.9975429773330688,0.644740104675293
YPR196W,YOR148C,0,-3.1599858,0.13425925374031067,0.9975429773330688,0.6449864506721497
YML030W,YLR278C,0,-3.1622872,0.1342148780822754,0.9975429773330688,0.6452327966690063
YOR237W,YDR410C,0,-3.1624763,0.1341705173254013,0.9975429773330688,0.6454792022705078
YKR028W,YMR304W,0,-3.162629,0.1341262012720108,0.9975429773330688,0.6457255482673645
YOR187W,YBL029C-A,0,-3.164058,0.1340819001197815,0.9975429773330688,0.6459718942642212
YPR043W,YNL298W,0,-3.1665978,0.13403762876987457,0.9975429773330688,0.6462182998657227
YBR020W,YML056C,0,-3.168351,0.13399340212345123,0.9975429773330688,0.6464646458625793
YMR020W,YMR186W,0,-3.1688259,0.1339491903781891,0.9975429773330688,0.646710991859436
YLL033W,YDR151C,0,-3.1694107,0.13390500843524933,0.9975429773330688,0.6469573974609375
YEL030W,YOL040C,0,-3.1697924,0.13386087119579315,0.9975429773330688,0.6472037434577942
YDR173C,YPL096W,0,-3.1698332,0.13381674885749817,0.9975429773330688,0.6474500894546509
YOR310C,YNR057C,0,-3.1700575,0.13377265632152557,0.9975429773330688,0.6476964950561523
YER055C,YLR312W-A,0,-3.1705623,0.13372859358787537,0.9975429773330688,0.647942841053009
YPL240C,YFL066C,0,-3.1719077,0.13368456065654755,0.9975429773330688,0.6481891870498657
YMR267W,YJL082W,0,-3.1719801,0.13364055752754211,0.9975429773330688,0.6484355926513672
YOR279C,YGL046W,0,-3.1721032,0.13359658420085907,0.9975429773330688,0.6486819386482239
YLR295C,YDR034C,0,-3.174474,0.13355262577533722,0.9975429773330688,0.6489282846450806
YFL066C,YDL097C,0,-3.176338,0.13350871205329895,0.9975429773330688,0.649174690246582
YDR240C,YNL026W,0,-3.176822,0.13346482813358307,0.9975429773330688,0.6494210362434387
YER014C-A,YOL111C,0,-3.1769059,0.13342095911502838,0.9975429773330688,0.6496673822402954
YOR378W,YNL052W,0,-3.1812031,0.13337713479995728,0.9975429773330688,0.6499137878417969
YKL119C,YDL077C,0,-3.1825955,0.13333334028720856,0.9975429773330688,0.6501601338386536
YDL029W,YJR130C,0,-3.1855776,0.13328956067562103,0.9975429773330688,0.6504064798355103
YDR233C,YAR027W,0,-3.1862125,0.1332458108663559,0.9975429773330688,0.6506528854370117
YPR171W,YDR369C,0,-3.1864283,0.13320210576057434,0.9975429773330688,0.6508992314338684
YER103W,YCR097WB,0,-3.1876862,0.13315841555595398,0.9975429773330688,0.6511455774307251
YPR111W,YBL091C-A,0,-3.1878624,0.133114755153656,0.9975429773330688,0.6513919830322266
YPL099C,YJR031C,0,-3.1880548,0.13307112455368042,0.9975429773330688,0.6516383290290833
YDR378C,YGR020C,0,-3.1891372,0.13302752375602722,0.9975429773330688,0.6518846750259399
YDR530C,YDL170W,0,-3.1922014,0.1329839527606964,0.9975429773330688,0.6521310806274414
YPL240C,YDR498C,0,-3.1923625,0.132940411567688,0.9975429773330688,0.6523774266242981
YLR151C,YLR050C,0,-3.194722,0.13289688527584076,0.9975429773330688,0.6526237726211548
YDR371W,YDR151C,0,-3.195861,0.1328534036874771,0.9975429773330688,0.6528701782226562
YNR067C,YNL239W,0,-3.1985753,0.13280993700027466,0.9975429773330688,0.6531165242195129
YGR109W-B,YNL239W,0,-3.2004545,0.1327665150165558,0.9975429773330688,0.6533628702163696
YCL003W,YLR151C,0,-3.2012815,0.1327231079339981,0.9975429773330688,0.6536092758178711
YLR401C,YKR101W,0,-3.201697,0.132679745554924,0.9975429773330688,0.6538556218147278
YGR167W,YBL098W,0,-3.2045891,0.1326363980770111,0.9975429773330688,0.6541019678115845
YLR344W,YOR123C,0,-3.2050345,0.1325930804014206,0.9975429773330688,0.6543483734130859
YDL107W,YPL259C,0,-3.2062042,0.13254979252815247,0.9975429773330688,0.6545947194099426
YOR054C,YGR143W,0,-3.2072484,0.13250653445720673,0.9975429773330688,0.6548410654067993
YGL256W,YDR081C,0,-3.2098832,0.13246329128742218,0.9975429773330688,0.6550874710083008
YPL240C,YLR316C,0,-3.210448,0.13242009282112122,0.9975429773330688,0.6553338170051575
YDL028C,YGL004C,0,-3.2110724,0.13237690925598145,0.9975429773330688,0.6555801630020142
YER008C,YJL192C,0,-3.212087,0.13233377039432526,0.9975429773330688,0.6558265686035156
YJL005W,YJL004C,0,-3.2123826,0.13229064643383026,0.9975429773330688,0.6560729146003723
YOR071C,YNL282W,0,-3.2188785,0.13224755227565765,0.9975429773330688,0.6563193202018738
YHR047C,YJL194W,0,-3.21939,0.13220448791980743,0.9975429773330688,0.6565656661987305
YOR215C,YOL062C,0,-3.2201862,0.1321614533662796,0.9975429773330688,0.6568120121955872
YPR137W,YNR006W,0,-3.220886,0.13211844861507416,0.9975429773330688,0.6570584177970886
YML099C,YLL017W,0,-3.2256033,0.1320754736661911,0.9975429773330688,0.6573047637939453
YDL045W-A,YNL092W,0,-3.226774,0.13203251361846924,0.9975429773330688,0.657551109790802
YDL107W,YNL281W,0,-3.2267957,0.13198959827423096,0.9975429773330688,0.6577975153923035
YGL026C,YKL038W,0,-3.2275774,0.13194669783115387,0.9975429773330688,0.6580438613891602
YGR020C,YPL122C,0,-3.2320154,0.13190382719039917,0.9975429773330688,0.6582902073860168
YHR029C,YKL015W,0,-3.232157,0.13186100125312805,0.9975429773330688,0.6585366129875183
YBL091C-A,YJR053W,0,-3.234824,0.13181817531585693,0.9975429773330688,0.658782958984375
YAL017W,YMR270C,0,-3.2363112,0.1317753940820694,0.9975429773330688,0.6590293049812317
YOR126C,YJL004C,0,-3.2371018,0.13173264265060425,0.9975429773330688,0.6592757105827332
YPL110C,YBL113C,0,-3.238936,0.1316899061203003,0.9975429773330688,0.6595220565795898
YNL261W,YNR031C,0,-3.2400038,0.13164721429347992,0.9975429773330688,0.6597684025764465
YGR034W,YDL039C,0,-3.2405028,0.13160453736782074,0.9975429773330688,0.660014808177948
YHR132C,YCR055C,0,-3.2418034,0.13156189024448395,0.9975429773330688,0.6602611541748047
YMR179W,YPR133W-A,0,-3.242041,0.13151927292346954,0.9975429773330688,0.6605075001716614
YER017C,YGR268C,0,-3.2427342,0.13147668540477753,0.9975429773330688,0.6607539057731628
YJL112W,YIL042C,0,-3.2427802,0.1314341276884079,0.9975429773330688,0.6610002517700195
YBR282W,YOR382W,0,-3.2432973,0.13139158487319946,0.9975429773330688,0.6612465977668762
YKR036C,YKL165C,0,-3.2447665,0.13134907186031342,0.9975429773330688,0.6614930033683777
YDR512C,YDR254W,0,-3.2503507,0.13130660355091095,0.9975429773330688,0.6617393493652344
YGL200C,YOR327C,0,-3.2506135,0.13126415014266968,0.9975429773330688,0.6619856953620911
YNL026W,YIR032C,0,-3.2517366,0.1312217265367508,0.9975429773330688,0.6622321009635925
YDR030C,YIL048W,0,-3.254751,0.1311793178319931,0.9975429773330688,0.6624784469604492
YEL031W,YER022W,0,-3.2558262,0.131136953830719,0.9975429773330688,0.6627247929573059
YGR052W,YJL172W,0,-3.2562568,0.13109460473060608,0.9975429773330688,0.6629711985588074
YBR173C,YLR309C,0,-3.2571442,0.13105228543281555,0.9975429773330688,0.6632175445556641
YNL110C,YMR295C,0,-3.2580578,0.1310099959373474,0.9975429773330688,0.6634638905525208
YER014C-A,YHR209W,0,-3.258764,0.13096773624420166,0.9975429773330688,0.6637102961540222
YDL121C,YPL134C,0,-3.2641766,0.1309255063533783,0.9975429773330688,0.6639566421508789
YNL262W,YDR497C,0,-3.2660978,0.13088330626487732,0.9975429773330688,0.6642029881477356
YPL002C,YOR209C,0,-3.266929,0.13084112107753754,0.9975429773330688,0.6644493937492371
YMR218C,YOR099W,0,-3.269156,0.13079896569252014,0.9975429773330688,0.6646957397460938
YER175C,YMR321C,0,-3.2728407,0.13075684010982513,0.9975429773330688,0.6649420857429504
YOL045W,YBR150C,0,-3.2733676,0.13071474432945251,0.9975429773330688,0.6651884913444519
YLR289W,YKR102W,0,-3.2736888,0.13067267835140228,0.9975429773330688,0.6654348373413086
YER098W,YNL044W,0,-3.274113,0.13063062727451324,0.9975429773330688,0.6656811833381653
YHR077C,YJL214W,0,-3.2748642,0.1305886209011078,0.9975429773330688,0.6659275889396667
YPR011C,YKL074C,0,-3.2756457,0.13054662942886353,0.9975429773330688,0.6661739349365234
YJL124C,YOR324C,0,-3.278224,0.13050466775894165,0.9975429773330688,0.6664202809333801
YMR097C,YPR083W,0,-3.2818313,0.13046272099018097,0.9975429773330688,0.6666666865348816
YJR051W,YDR423C,0,-3.2826211,0.13042081892490387,0.9975429773330688,0.6669130325317383
YER055C,YIL133C,0,-3.2826493,0.13037893176078796,0.9975429773330688,0.667159378528595
YOR301W,YCL026C-B,0,-3.2826927,0.13033707439899445,0.9975429773330688,0.6674057841300964
YLL003W,YLR020C,0,-3.2842166,0.13029524683952332,0.9975429773330688,0.6676521301269531
YCL074W,YBR187W,0,-3.286145,0.13025344908237457,0.9975429773330688,0.6678984761238098
YMR087W,YGL241W,0,-3.2861629,0.13021168112754822,0.9975429773330688,0.6681448817253113
YJL117W,YGR072W,0,-3.2867215,0.13016992807388306,0.9975429773330688,0.668391227722168
YDR454C,YMR008C,0,-3.287331,0.13012820482254028,0.9975429773330688,0.6686375737190247
YAL060W,YER013W,0,-3.287642,0.1300865113735199,0.9975429773330688,0.6688839793205261
YEL053C,YKR069W,0,-3.2879848,0.1300448477268219,0.9975429773330688,0.6691303253173828
YGR056W,YER190W,0,-3.2887425,0.1300031989812851,0.9975429773330688,0.6693766713142395
YHR077C,YOL028C,0,-3.2913883,0.12996159493923187,0.9975429773330688,0.669623076915741
YLR206W,YJR005W,0,-3.2914612,0.12992000579833984,0.9975429773330688,0.6698694229125977
YNR074C,YLR291C,0,-3.2973125,0.129878431558609,0.9975429773330688,0.6701157689094543
YOL112W,YJL117W,0,-3.297484,0.12983690202236176,0.9975429773330688,0.6703621745109558
YOR298W,YNR044W,0,-3.2979434,0.1297954022884369,0.9975429773330688,0.6706085205078125
YIL135C,YGR012W,0,-3.298908,0.12975391745567322,0.9975429773330688,0.6708548665046692
YGL158W,YJR063W,0,-3.2996938,0.12971246242523193,0.9975429773330688,0.6711012721061707
YMR097C,YDL055C,0,-3.300987,0.12967103719711304,0.9975429773330688,0.6713476181030273
YMR136W,YBR257W,0,-3.3018978,0.12962962687015533,0.9975429773330688,0.671593964099884
YJL200C,YPL274W,0,-3.3020482,0.1295882612466812,0.9975429773330688,0.6718403697013855
YMR169C,YDL028C,0,-3.3023665,0.1295469105243683,0.9975429773330688,0.6720867156982422
YDL036C,YPL259C,0,-3.3054898,0.12950557470321655,0.9975429773330688,0.6723330616950989
YKR057W,YJL206C,0,-3.3055983,0.1294642835855484,0.9975429773330688,0.6725794672966003
YLR228C,YNR072W,0,-3.311566,0.12942302227020264,0.9975429773330688,0.672825813293457
YBR202W,YGL019W,0,-3.3146198,0.12938177585601807,0.9975429773330688,0.6730721592903137
YPR162C,YOL054W,0,-3.3150153,0.12934055924415588,0.9975429773330688,0.6733185648918152
YBR067C,YHR058C,0,-3.3160377,0.1292993575334549,0.9975429773330688,0.6735649108886719
YER008C,YKL166C,0,-3.3189209,0.1292582005262375,0.9975429773330688,0.6738112568855286
YNL079C,YBR172C,0,-3.319512,0.12921705842018127,0.9975429773330688,0.67405766248703
YPR035W,YBL092W,0,-3.3195586,0.12917594611644745,0.9975429773330688,0.6743040084838867
YNL231C,YMR308C,0,-3.3229175,0.129134863615036,0.9975429773330688,0.6745503544807434
YJR004C,YDR444W,0,-3.3232138,0.12909379601478577,0.9975429773330688,0.6747967600822449
YNL006W,YNR002C,0,-3.3240745,0.1290527582168579,0.9975429773330688,0.6750431060791016
YLR452C,YFL010W-A,0,-3.3240817,0.12901175022125244,0.9975429773330688,0.6752894520759583
YPR196W,YDR262W,0,-3.3254712,0.12897077202796936,0.9975429773330688,0.6755358576774597
YDR310C,YNR002C,0,-3.3268535,0.12892982363700867,0.9975429773330688,0.6757822036743164
YKL190W,YMR203W,0,-3.3308465,0.12888889014720917,0.9975429773330688,0.6760285496711731
YGL236C,YCR012W,0,-3.3327649,0.12884798645973206,0.9975429773330688,0.6762749552726746
YHL012W,YBR128C,0,-3.3329072,0.12880711257457733,0.9975429773330688,0.6765213012695312
YPR135W,YOL093W,0,-3.3341458,0.1287662535905838,0.9975429773330688,0.6767676472663879
YDR451C,YBL011W,0,-3.3351395,0.12872542440891266,0.9975429773330688,0.6770140528678894
YDL028C,YDR444W,0,-3.3374126,0.1286846250295639,0.9975429773330688,0.6772603988647461
YPR200C,YJR112W,0,-3.3377278,0.12864385545253754,0.9975429773330688,0.6775068044662476
YMR250W,YBR026C,0,-3.3377397,0.12860310077667236,0.9975429773330688,0.6777531504631042
YKL200C,YKR006C,0,-3.3467207,0.12856237590312958,0.9975429773330688,0.6779994964599609
YPL083C,YKL022C,0,-3.3469365,0.12852168083190918,0.9975429773330688,0.6782459020614624
YBR202W,YLR312W-A,0,-3.34744,0.12848101556301117,0.9975429773330688,0.6784922480583191
YDL179W,YDR470C,0,-3.3475053,0.12844036519527435,0.9975429773330688,0.6787385940551758
YMR089C,YDL083C,0,-3.349395,0.12839974462985992,0.9975429773330688,0.6789849996566772
YJR101W,YJL213W,0,-3.3544152,0.12835915386676788,0.9975429773330688,0.6792313456535339
YLR305C,YFL001W,0,-3.3551912,0.12831857800483704,0.9975429773330688,0.6794776916503906
YPR011C,YPL134C,0,-3.3560755,0.12827804684638977,0.9975429773330688,0.6797240972518921
YDR030C,YER104W,0,-3.3567603,0.1282375305891037,0.9975429773330688,0.6799704432487488
YOR299W,YOR162C,0,-3.3591247,0.12819702923297882,0.9975429773330688,0.6802167892456055
YDR530C,YMR143W,0,-3.3591456,0.12815657258033752,0.9975429773330688,0.6804631948471069
YCL018W,YJL191W,0,-3.3605697,0.12811613082885742,0.9975429773330688,0.6807095408439636
YDR245W,YKR028W,0,-3.3608198,0.1280757039785385,0.9975429773330688,0.6809558868408203
YLR244C,YBL058W,0,-3.3609293,0.12803532183170319,0.9975429773330688,0.6812022924423218
YDL070W,YPR163C,0,-3.361488,0.12799495458602905,0.9975429773330688,0.6814486384391785
YHR047C,YCL003W,0,-3.3626397,0.1279546171426773,0.9975429773330688,0.6816949844360352
YPR198W,YKR028W,0,-3.3642294,0.12791430950164795,0.9975429773330688,0.6819413900375366
YJL134W,YPL078C,0,-3.366626,0.12787401676177979,0.9975429773330688,0.6821877360343933
YKL161C,YIL159W,0,-3.3672402,0.127833753824234,0.9975429773330688,0.68243408203125
YMR020W,YJL128C,0,-3.3678453,0.12779352068901062,0.9975429773330688,0.6826804876327515
YPR011C,YJL191W,0,-3.3679678,0.12775330245494843,0.9975429773330688,0.6829268336296082
YMR176W,YOR085W,0,-3.3718855,0.12771311402320862,0.9975429773330688,0.6831731796264648
YOR299W,YBL089W,0,-3.3719318,0.1276729553937912,0.9975429773330688,0.6834195852279663
YGR032W,YMR267W,0,-3.3719716,0.12763282656669617,0.9975429773330688,0.683665931224823
YLR440C,YLR213C,0,-3.3728578,0.12759271264076233,0.9975429773330688,0.6839122772216797
YDR460W,YKL203C,0,-3.3735235,0.12755262851715088,0.9975429773330688,0.6841586828231812
YLR219W,YBL011W,0,-3.3735454,0.12751255929470062,0.9975429773330688,0.6844050288200378
YER050C,YJR112W,0,-3.3736715,0.12747253477573395,0.9975429773330688,0.6846513748168945
YJL225C,YGR143W,0,-3.3744187,0.12743251025676727,0.9975429773330688,0.684897780418396
YBR120C,YJR112W,0,-3.3777258,0.12739253044128418,0.9975429773330688,0.6851441264152527
YOL165C,YDR492W,0,-3.378051,0.12735256552696228,0.9975429773330688,0.6853904724121094
YDR337W,YLR164W,0,-3.3781505,0.12731263041496277,0.9975429773330688,0.6856368780136108
YPR035W,YEL070W,0,-3.379984,0.12727272510528564,0.9975429773330688,0.6858832240104675
YGR180C,YFL017W-A,0,-3.381212,0.1272328495979309,0.9975429773330688,0.6861295700073242
YML028W,YMR078C,0,-3.3829114,0.12719298899173737,0.9975429773330688,0.6863759756088257
YKL097W-A,YML132W,0,-3.3850782,0.12715314328670502,0.9975429773330688,0.6866223216056824
YMR019W,YML058W-A,0,-3.387353,0.12711334228515625,0.9975429773330688,0.6868686676025391
YHR004C,YNR006W,0,-3.3878639,0.12707355618476868,0.9975429773330688,0.6871150732040405
YMR301C,YLR350W,0,-3.3884923,0.1270337849855423,0.9975429773330688,0.6873614192008972
YBL028C,YEL030W,0,-3.3915918,0.1269940584897995,0.9975429773330688,0.6876077651977539
YMR013C,YKL186C,0,-3.3945792,0.1269543468952179,0.9975429773330688,0.6878541707992554
YPR189W,YDR076W,0,-3.3958895,0.12691466510295868,0.9975429773330688,0.6881005167961121
YPL150W,YBR006W,0,-3.3961809,0.12687499821186066,0.9975429773330688,0.6883468627929688
YDR364C,YIR032C,0,-3.397075,0.12683536112308502,0.9975429773330688,0.6885932683944702
YKR055W,YMR087W,0,-3.3991845,0.12679575383663177,0.9975429773330688,0.6888396143913269
YPR035W,YBR026C,0,-3.3992035,0.12675616145133972,0.9975429773330688,0.6890859603881836
YOL052C,YPL273W,0,-3.4005744,0.12671659886837006,0.9975429773330688,0.6893323659896851
YAR035W,YMR213W,0,-3.4019363,0.12667706608772278,0.9975429773330688,0.6895787119865417
YPR171W,YIL133C,0,-3.4031157,0.1266375482082367,0.9975429773330688,0.6898250579833984
YIL143C,YDR173C,0,-3.405475,0.126598060131073,0.9975429773330688,0.6900714635848999
YJL114W,YOR283W,0,-3.4066122,0.1265586018562317,0.9975429773330688,0.6903178095817566
YLL033W,YCL026C-B,0,-3.4095485,0.12651915848255157,0.9975429773330688,0.6905641555786133
YNL070W,YMR213W,0,-3.4111323,0.12647974491119385,0.9975429773330688,0.6908105611801147
YPL127C,YOR261C,0,-3.4114027,0.1264403611421585,0.9975429773330688,0.6910569071769714
YLR295C,YGR281W,0,-3.4119916,0.12640099227428436,0.9975429773330688,0.6913032531738281
YJL053W,YGL220W,0,-3.4140966,0.1263616532087326,0.9975429773330688,0.6915496587753296
YNL304W,YFR036W,0,-3.4159844,0.12632234394550323,0.9975429773330688,0.6917960047721863
YPL139C,YMR267W,0,-3.4200819,0.12628304958343506,0.9975429773330688,0.692042350769043
YJR010W,YJL066C,0,-3.4203198,0.12624378502368927,0.9975429773330688,0.6922887563705444
YFL048C,YIL159W,0,-3.4223688,0.12620453536510468,0.9975429773330688,0.6925351023674011
YKR036C,YNL335W,0,-3.4255617,0.12616531550884247,0.9975429773330688,0.6927814483642578
YKL082C,YKR068C,0,-3.4256685,0.12612612545490265,0.9975429773330688,0.6930278539657593
YOR287C,YMR114C,0,-3.4288957,0.12608695030212402,0.9975429773330688,0.693274199962616
YPL127C,YOR285W,0,-3.4302647,0.12604780495166779,0.9975429773330688,0.6935205459594727
YER165W,YJR034W,0,-3.4310558,0.12600868940353394,0.9975429773330688,0.6937669515609741
YJL024C,YJR083C,0,-3.4319518,0.12596958875656128,0.9975429773330688,0.6940132975578308
YGR077C,YJR032W,0,-3.4332712,0.125930517911911,0.9975429773330688,0.6942596435546875
YAL060W,YOR287C,0,-3.4351544,0.12589147686958313,0.9975429773330688,0.694506049156189
YDR449C,YDL070W,0,-3.4353166,0.12585245072841644,0.9975429773330688,0.6947523951530457
YLR359W,YOR089C,0,-3.436866,0.12581345438957214,0.9975429773330688,0.6949987411499023
YHR209W,YKL096W-A,0,-3.4382787,0.12577447295188904,0.9975429773330688,0.6952451467514038
YPR024W,YGL163C,0,-3.4389532,0.12573552131652832,0.9975429773330688,0.6954914927482605
YLR228C,YEL041W,0,-3.4397788,0.12569659948349,0.9975429773330688,0.6957378387451172
YER175C,YDL045C,0,-3.440952,0.12565769255161285,0.9975429773330688,0.6959842443466187
YFL057C,YJL149W,0,-3.4412355,0.1256188154220581,0.9975429773330688,0.6962305903434753
YNL304W,YBR145W,0,-3.4430497,0.12557995319366455,0.9975429773330688,0.696476936340332
YJR021C,YEL056W,0,-3.4448426,0.12554112076759338,0.9975429773330688,0.6967233419418335
YMR077C,YNL273W,0,-3.4485855,0.1255023181438446,0.9975429773330688,0.6969696879386902
YER138C,YJR101W,0,-3.4486616,0.12546353042125702,0.9975429773330688,0.6972160339355469
YMR097C,YLR278C,0,-3.4501095,0.12542477250099182,0.9975429773330688,0.6974624395370483
YBR096W,YBR238C,0,-3.4514177,0.125386044383049,0.9975429773330688,0.697708785533905
YOL004W,YFR019W,0,-3.451835,0.1253473311662674,0.9975429773330688,0.6979551911354065
YLR289W,YBL089W,0,-3.454561,0.12530864775180817,0.9975429773330688,0.6982015371322632
YPR043W,YKR028W,0,-3.455672,0.12526997923851013,0.9975429773330688,0.6984478831291199
YMR112C,YBR020W,0,-3.4560654,0.12523134052753448,0.9975429773330688,0.6986942887306213
YML058W-A,YPL093W,0,-3.4561028,0.12519271671772003,0.9975429773330688,0.698940634727478
YHR029C,YCL034W,0,-3.456139,0.12515413761138916,0.9975429773330688,0.6991869807243347
YKR066C,YLR028C,0,-3.456671,0.1251155585050583,0.9975429773330688,0.6994333863258362
YPR204W,YLL033W,0,-3.4614718,0.125077024102211,0.9975429773330688,0.6996797323226929
YNL079C,YGR032W,0,-3.4616845,0.1250384896993637,0.9975429773330688,0.6999260783195496
YAL054C,YGR229C,0,-3.4638152,0.125,0.9975429773330688,0.700172483921051
YJR057W,YPR135W,0,-3.465336,0.12496152520179749,0.9975429773330688,0.7004188299179077
YHR012W,YBR172C,0,-3.4670298,0.12492308020591736,0.9975429773330688,0.7006651759147644
YMR276W,YDL061C,0,-3.467236,0.12488465011119843,0.9975429773330688,0.7009115815162659
YER101C,YCL025C,0,-3.4683216,0.12484624981880188,0.9975429773330688,0.7011579275131226
YML028W,YMR300C,0,-3.468379,0.12480787187814713,0.9975429773330688,0.7014042735099792
YMR112C,YDL045C,0,-3.471644,0.12476951628923416,0.9975429773330688,0.7016506791114807
YNL314W,YDR337W,0,-3.4729435,0.12473118305206299,0.9975429773330688,0.7018970251083374
YHR132C,YDL140C,0,-3.4729447,0.1246928721666336,0.9975429773330688,0.7021433711051941
YML056C,YMR304W,0,-3.473676,0.12465459108352661,0.9975429773330688,0.7023897767066956
YDR530C,YMR273C,0,-3.4752576,0.12461633235216141,0.9975429773330688,0.7026361227035522
YOR279C,YLR026C,0,-3.4752634,0.1245780885219574,0.9975429773330688,0.7028824687004089
YOL045W,YCL032W,0,-3.4764917,0.12453987449407578,0.9975429773330688,0.7031288743019104
YBR095C,YLR348C,0,-3.4772875,0.12450169026851654,0.9975429773330688,0.7033752202987671
YGL200C,YCR014C,0,-3.478806,0.1244635209441185,0.9975429773330688,0.7036215662956238
YOR378W,YMR159C,0,-3.4794412,0.12442537397146225,0.9975429773330688,0.7038679718971252
YBL026W,YPR006C,0,-3.4805684,0.12438725680112839,0.9975429773330688,0.7041143178939819
YEL052W,YLR151C,0,-3.4821367,0.12434915453195572,0.9975429773330688,0.7043606638908386
YKL090W,YNL107W,0,-3.48235,0.12431108206510544,0.9975429773330688,0.7046070694923401
YMR033W,YPL208W,0,-3.4834917,0.12427303194999695,0.9975429773330688,0.7048534154891968
YPR144C,YBR037C,0,-3.4867604,0.12423500418663025,0.9975429773330688,0.7050997614860535
YBR182C,YJL144W,0,-3.4874837,0.12419699877500534,0.9975429773330688,0.7053461670875549
YBL112C,YBR287W,0,-3.4881294,0.12415902316570282,0.9975429773330688,0.7055925130844116
YDR026C,YGL148W,0,-3.4882238,0.12412106245756149,0.9975429773330688,0.7058388590812683
YDR310C,YMR203W,0,-3.4890997,0.12408313155174255,0.9975429773330688,0.7060852646827698
YLR103C,YOR285W,0,-3.4917848,0.12404521554708481,0.9975429773330688,0.7063316106796265
YLR404W,YOR180C,0,-3.4949937,0.12400732934474945,0.9975429773330688,0.7065779566764832
YNL160W,YMR034C,0,-3.4965358,0.12396946549415588,0.9975429773330688,0.7068243622779846
YKL130C,YJR026W,0,-3.4983773,0.12393162399530411,0.9975429773330688,0.7070707082748413
YDL074C,YPL218W,0,-3.5000293,0.12389380484819412,0.9975429773330688,0.707317054271698
YOR126C,YBR281C,0,-3.503816,0.12385600805282593,0.9975429773330688,0.7075634598731995
YDR364C,YPR138C,0,-3.5038204,0.12381823360919952,0.9975429773330688,0.7078098058700562
YLR182W,YBR257W,0,-3.508201,0.12378048896789551,0.9975429773330688,0.7080561518669128
YOL165C,YOR123C,0,-3.5097737,0.12374275922775269,0.9975429773330688,0.7083025574684143
YOR291W,YDL148C,0,-3.510515,0.12370505928993225,0.9975429773330688,0.708548903465271
YPL200W,YDL202W,0,-3.5110576,0.12366737425327301,0.9975429773330688,0.7087952494621277
YOR243C,YCL003W,0,-3.5114434,0.12362971901893616,0.9975429773330688,0.7090416550636292
YCL008C,YIL046W,0,-3.5143702,0.1235920861363411,0.9975429773330688,0.7092880010604858
YMR008C,YKR006C,0,-3.51514,0.12355447560548782,0.9975429773330688,0.7095343470573425
YMR090W,YOR204W,0,-3.5152798,0.12351688742637634,0.9975429773330688,0.709780752658844
YLR244C,YER019C-A,0,-3.5172508,0.12347932159900665,0.9975429773330688,0.7100270986557007
YJR010W,YMR179W,0,-3.517534,0.12344177812337875,0.9975429773330688,0.7102734446525574
YPR162C,YPR111W,0,-3.5176573,0.12340425699949265,0.9975429773330688,0.7105198502540588
YNL085W,YER103W,0,-3.5259438,0.12336675822734833,0.9975429773330688,0.7107661962509155
YOL102C,YNL032W,0,-3.526212,0.1233292818069458,0.9975429773330688,0.7110125422477722
YDR026C,YNL027W,0,-3.526231,0.12329182773828506,0.9975429773330688,0.7112589478492737
YMR008C,YLR005W,0,-3.527037,0.12325440347194672,0.9975429773330688,0.7115052938461304
YKL119C,YGR113W,0,-3.5309412,0.12321699410676956,0.9975429773330688,0.7117516398429871
YLR425W,YLL040C,0,-3.5361345,0.1231796145439148,0.9975429773330688,0.7119980454444885
YOL093W,YBR129C,0,-3.5367622,0.12314224988222122,0.9975429773330688,0.7122443914413452
YLR080W,YLR103C,0,-3.53737,0.12310491502285004,0.9975429773330688,0.7124907374382019
YPR026W,YOR138C,0,-3.5379875,0.12306759506464005,0.9975429773330688,0.7127371430397034
YKL053C-A,YJL149W,0,-3.5380383,0.12303030490875244,0.9975429773330688,0.7129834890365601
YDR026C,YJL005W,0,-3.5418682,0.12299302965402603,0.9975429773330688,0.7132298350334167
YPR011C,YBR020W,0,-3.5423803,0.12295578420162201,0.9975429773330688,0.7134762406349182
YPL119C,YOR008C,0,-3.5425942,0.12291856110095978,0.9975429773330688,0.7137225866317749
YDR026C,YKR102W,0,-3.5466614,0.12288135290145874,0.9975429773330688,0.7139689326286316
YOL165C,YDL078C,0,-3.5473814,0.12284417450428009,0.9975429773330688,0.7142153382301331
YFR031C,YLR160C,0,-3.5499065,0.12280701845884323,0.9975429773330688,0.7144616842269897
YKL117W,YFL045C,0,-3.552317,0.12276988476514816,0.9975429773330688,0.7147080302238464
YPR162C,YKL210W,0,-3.5551796,0.12273276597261429,0.9975429773330688,0.7149544358253479
YLR401C,YLR300W,0,-3.5622337,0.1226956769824028,0.9975429773330688,0.7152007818222046
YLR305C,YDR492W,0,-3.56261,0.1226586103439331,0.9975429773330688,0.7154471278190613
YML058W-A,YKL144C,0,-3.5660923,0.1226215660572052,0.9975429773330688,0.7156935334205627
YOL082W,YGL256W,0,-3.5664933,0.12258454412221909,0.9975429773330688,0.7159398794174194
YOR054C,YML028W,0,-3.5676234,0.12254753708839417,0.9975429773330688,0.7161862254142761
YJL214W,YPL244C,0,-3.5682771,0.12251055985689163,0.9975429773330688,0.7164326310157776
YIR039C,YNL078W,0,-3.5698903,0.12247360497713089,0.9975429773330688,0.7166789770126343
YMR117C,YML006C,0,-3.5703359,0.12243667244911194,0.9975429773330688,0.716925323009491
YOR212W,YBR281C,0,-3.571503,0.12239976227283478,0.9975429773330688,0.7171717286109924
YCL018W,YDL059C,0,-3.574718,0.12236286699771881,0.9975429773330688,0.7174180746078491
YOR393W,YLR026C,0,-3.5781238,0.12232600152492523,0.9975429773330688,0.7176644206047058
YIL006W,YPR198W,0,-3.5789142,0.12228915840387344,0.9975429773330688,0.7179108262062073
YJR078W,YNL163C,0,-3.579285,0.12225233018398285,0.9975429773330688,0.718157172203064
YOL043C,YNL078W,0,-3.582626,0.12221553176641464,0.9975429773330688,0.7184035181999207
YOR377W,YCL034W,0,-3.58467,0.12217875570058823,0.9975429773330688,0.7186499238014221
YOR378W,YOR313C,0,-3.5852647,0.122141994535923,0.9975429773330688,0.7188962697982788
YBR006W,YDL039C,0,-3.5871956,0.12210526317358017,0.9975429773330688,0.7191426753997803
YBR095C,YPR159W,0,-3.5884001,0.12206855416297913,0.9975429773330688,0.719389021396637
YML112W,YDR451C,0,-3.5926979,0.12203186005353928,0.9975429773330688,0.7196353673934937
YDR064W,YBL112C,0,-3.5940592,0.12199519574642181,0.9975429773330688,0.7198817729949951
YER138C,YGR177C,0,-3.595075,0.12195854634046555,0.9975429773330688,0.7201281189918518
YGL083W,YNL314W,0,-3.5957482,0.12192191928625107,0.9975429773330688,0.7203744649887085
YKL090W,YOL158C,0,-3.5961106,0.12188532203435898,0.9975429773330688,0.72062087059021
YJL053W,YMR213W,0,-3.5985184,0.12184873968362808,0.9975429773330688,0.7208672165870667
YHR029C,YLR213C,0,-3.601157,0.12181217968463898,0.9975429773330688,0.7211135625839233
YER008C,YPL078C,0,-3.6013997,0.12177564203739166,0.9975429773330688,0.7213599681854248
YGR144W,YKR035W-A,0,-3.602611,0.12173912674188614,0.9975429773330688,0.7216063141822815
YHR082C,YBR037C,0,-3.6026542,0.121702641248703,0.9975429773330688,0.7218526601791382
YPL150W,YHR209W,0,-3.6040776,0.12166617065668106,0.9975429773330688,0.7220990657806396
YLR401C,YBL113C,0,-3.606043,0.12162971496582031,0.9975429773330688,0.7223454117774963
YNL127W,YBR202W,0,-3.6068366,0.12159328907728195,0.9975429773330688,0.722591757774353
YMR168C,YDR369C,0,-3.608474,0.12155688554048538,0.9975429773330688,0.7228381633758545
YNL297C,YKL061W,0,-3.6085625,0.1215205043554306,0.9975429773330688,0.7230845093727112
YCL074W,YDL202W,0,-3.6089907,0.12148413807153702,0.9975429773330688,0.7233308553695679
YLL041C,YER052C,0,-3.612181,0.12144780158996582,0.9975429773330688,0.7235772609710693
YGL094C,YNL080C,0,-3.6131094,0.12141148000955582,0.9975429773330688,0.723823606967926
YML058W-A,YPR198W,0,-3.6131127,0.1213751882314682,0.9975429773330688,0.7240699529647827
YGR070W,YNL080C,0,-3.6135938,0.12133891135454178,0.9975429773330688,0.7243163585662842
YDR494W,YBR067C,0,-3.614441,0.12130265682935715,0.9975429773330688,0.7245627045631409
YGR281W,YEL043W,0,-3.6146624,0.1212664246559143,0.9975429773330688,0.7248090505599976
YGL183C,YOL158C,0,-3.6170118,0.12123021483421326,0.9975429773330688,0.725055456161499
YDR076W,YER190W,0,-3.6174612,0.121194027364254,0.9975429773330688,0.7253018021583557
YBR196C,YPR171W,0,-3.618419,0.12115786224603653,0.9975429773330688,0.7255481481552124
YNL314W,YNL281W,0,-3.6206856,0.12112171947956085,0.9975429773330688,0.7257945537567139
YML073C,YPR133W-A,0,-3.621133,0.12108559161424637,0.9975429773330688,0.7260408997535706
YDR034C,YGR077C,0,-3.622299,0.12104949355125427,0.9975429773330688,0.7262872457504272
YJL071W,YPR133W-A,0,-3.6225317,0.12101341038942337,0.9975429773330688,0.7265336513519287
YDL179W,YBR129C,0,-3.6232724,0.12097735702991486,0.9975429773330688,0.7267799973487854
YHL012W,YEL041W,0,-3.6257274,0.12094131857156754,0.9975429773330688,0.7270263433456421
YOL093W,YMR272C,0,-3.6293752,0.120905302464962,0.9975429773330688,0.7272727489471436
YKL189W,YOL151W,0,-3.6301944,0.12086930871009827,0.9975429773330688,0.7275190949440002
YLR113W,YMR228W,0,-3.6320255,0.12083332985639572,0.9975429773330688,0.7277654409408569
YER014C-A,YOR311C,0,-3.6326747,0.12079738080501556,0.9975429773330688,0.7280118465423584
YJL112W,YML056C,0,-3.6332147,0.1207614541053772,0.9975429773330688,0.7282581925392151
YPL134C,YOR324C,0,-3.6347268,0.12072554230690002,0.9975429773330688,0.7285045385360718
YIL046W,YOR025W,0,-3.6360106,0.12068965286016464,0.9975429773330688,0.7287509441375732
YER185W,YIR039C,0,-3.639109,0.12065378576517105,0.9975429773330688,0.7289972901344299
YEL012W,YIL143C,0,-3.6394517,0.12061794102191925,0.9975429773330688,0.7292436361312866
YJL155C,YEL029C,0,-3.6403525,0.12058211863040924,0.9975429773330688,0.7294900417327881
YBR066C,YKL067W,0,-3.64058,0.12054631859064102,0.9975429773330688,0.7297363877296448
YGR143W,YPR159W,0,-3.6410146,0.1205105409026146,0.9975429773330688,0.7299827337265015
YLR404W,YBR187W,0,-3.641148,0.12047477811574936,0.9975429773330688,0.7302291393280029
YPR011C,YDR364C,0,-3.6422944,0.12043903768062592,0.9975429773330688,0.7304754853248596
YFR031C,YNL044W,0,-3.644044,0.12040331959724426,0.9975429773330688,0.7307218313217163
YFR033C,YDR081C,0,-3.6444385,0.1203676238656044,0.9975429773330688,0.7309682369232178
YPL188W,YJL214W,0,-3.6477716,0.12033195048570633,0.9975429773330688,0.7312145829200745
YIL134W,YPR194C,0,-3.6490316,0.12029629945755005,0.9975429773330688,0.7314609289169312
YOR301W,YKR035W-A,0,-3.651173,0.12026066333055496,0.9975429773330688,0.7317073345184326
YBL041W,YHR005C-A,0,-3.6513414,0.12022504955530167,0.9975429773330688,0.7319536805152893
YPR043W,YOR085W,0,-3.6522717,0.12018945813179016,0.9975429773330688,0.732200026512146
YPL110C,YBR282W,0,-3.6530612,0.12015388906002045,0.9975429773330688,0.7324464321136475
YKR006C,YJL213W,0,-3.6538503,0.12011834233999252,0.9975429773330688,0.7326927781105042
YOR138C,YOL028C,0,-3.6540134,0.12008281797170639,0.9975429773330688,0.7329391241073608
YDL206W,YLR182W,0,-3.6547997,0.12004730850458145,0.9975429773330688,0.7331855297088623
YDR351W,YGL174W,0,-3.654941,0.1200118213891983,0.9975429773330688,0.733431875705719
YDR383C,YNL044W,0,-3.655522,0.11997635662555695,0.9975429773330688,0.7336782217025757
YNL281W,YHR082C,0,-3.6565058,0.11994091421365738,0.9975429773330688,0.7339246273040771
YGR271W,YJL128C,0,-3.6637442,0.1199054941534996,0.9975429773330688,0.7341709733009338
YKL013C,YPL208W,0,-3.6638188,0.11987008899450302,0.9975429773330688,0.7344173192977905
YMR049C,YPL167C,0,-3.664107,0.11983471363782883,0.9975429773330688,0.734663724899292
YBR223C,YBL005W-B,0,-3.6647677,0.11979935318231583,0.9975429773330688,0.7349100708961487
YJR021C,YGL244W,0,-3.6684554,0.11976401507854462,0.9975429773330688,0.7351564168930054
YEL043W,YBR037C,0,-3.6709464,0.1197286918759346,0.9975429773330688,0.7354028224945068
YDR410C,YOR393W,0,-3.671345,0.11969339847564697,0.9975429773330688,0.7356491684913635
YLR182W,YML132W,0,-3.671868,0.11965811997652054,0.9975429773330688,0.7358955144882202
YJL178C,YPR119W,0,-3.6728928,0.1196228638291359,0.9975429773330688,0.7361419200897217
YPR196W,YOL101C,0,-3.6732814,0.11958763003349304,0.9975429773330688,0.7363882660865784
YNL073W,YJL214W,0,-3.6752727,0.11955241113901138,0.9975429773330688,0.7366346120834351
YKL217W,YDR304C,0,-3.6797757,0.11951722204685211,0.9975429773330688,0.7368810176849365
YGR264C,YNR057C,0,-3.6803749,0.11948204785585403,0.9975429773330688,0.7371273636817932
YFL054C,YML056C,0,-3.6808116,0.11944689601659775,0.9975429773330688,0.7373737096786499
YKL007W,YJL012C-A,0,-3.681247,0.11941176652908325,0.9975429773330688,0.7376201152801514
YOL066C,YFR033C,0,-3.682276,0.11937665194272995,0.9975429773330688,0.7378664612770081
YDL171C,YKR006C,0,-3.6824024,0.11934156715869904,0.9975429773330688,0.7381128072738647
YHL034C,YOL062C,0,-3.6825285,0.11930649727582932,0.9975429773330688,0.7383592128753662
YOR147W,YKL117W,0,-3.683466,0.11927144229412079,0.9975429773330688,0.7386055588722229
YFL057C,YMR078C,0,-3.6838176,0.11923641711473465,0.9975429773330688,0.7388519048690796
YIL079C,YDR497C,0,-3.6852791,0.1192014068365097,0.9975429773330688,0.739098310470581
YBR020W,YMR295C,0,-3.6869156,0.11916641891002655,0.9975429773330688,0.7393446564674377
YOL057W,YPR001W,0,-3.6890848,0.11913145333528519,0.9975429773330688,0.7395910620689392
YCL036W,YLR088W,0,-3.6922295,0.11909651011228561,0.9975429773330688,0.7398374080657959
YIL128W,YEL070W,0,-3.6942308,0.11906158179044724,0.9975429773330688,0.7400837540626526
YMR008C,YBR222C,0,-3.694927,0.11902667582035065,0.9975429773330688,0.740330159664154
YDL198C,YLR073C,0,-3.6949627,0.11899179220199585,0.9975429773330688,0.7405765056610107
YER175C,YDR072C,0,-3.6954105,0.11895693093538284,0.9975429773330688,0.7408228516578674
YLR105C,YLR395C,0,-3.6964867,0.11892208456993103,0.9975429773330688,0.7410692572593689
YNR006W,YNL309W,0,-3.6971,0.11888726055622101,0.9975429773330688,0.7413156032562256
YMR013C,YGR268C,0,-3.6975853,0.11885245889425278,0.9975429773330688,0.7415619492530823
YDR499W,YER104W,0,-3.7048185,0.11881767958402634,0.9975429773330688,0.7418083548545837
YEL052W,YJR036C,0,-3.705098,0.11878291517496109,0.9975429773330688,0.7420547008514404
YLR191W,YBR037C,0,-3.7056186,0.11874817311763763,0.9975429773330688,0.7423010468482971
YPR189W,YKL095W,0,-3.7066166,0.11871345341205597,0.9975429773330688,0.7425474524497986
YHR211W,YFR001W,0,-3.7078495,0.1186787486076355,0.9975429773330688,0.7427937984466553
YHR005C-A,YMR186W,0,-3.7095025,0.11864406615495682,0.9975429773330688,0.743040144443512
YOR126C,YDL140C,0,-3.7123892,0.11860940605401993,0.9975429773330688,0.7432865500450134
YMR046C,YFL054C,0,-3.7144215,0.11857476830482483,0.9975429773330688,0.7435328960418701
YJL130C,YGL174W,0,-3.714774,0.11854014545679092,0.9975429773330688,0.7437792420387268
YDR383C,YHR156C,0,-3.7153509,0.11850554496049881,0.9975429773330688,0.7440256476402283
YJL128C,YMR239C,0,-3.7164958,0.11847096681594849,0.9975429773330688,0.744271993637085
YER138C,YNL092W,0,-3.718941,0.11843640357255936,0.9975429773330688,0.7445183396339417
YEL031W,YAL040C,0,-3.7197,0.11840187013149261,0.9975429773330688,0.7447647452354431
YDL077C,YMR143W,0,-3.7205427,0.11836734414100647,0.9975429773330688,0.7450110912322998
YHR077C,YGR070W,0,-3.7211173,0.11833284795284271,0.9975429773330688,0.7452574372291565
YPL259C,YDR140W,0,-3.7230685,0.11829836666584015,0.9975429773330688,0.745503842830658
YEL069C,YER185W,0,-3.7240279,0.11826390773057938,0.9975429773330688,0.7457501888275146
YLR394W,YKL166C,0,-3.7295864,0.1182294711470604,0.9975429773330688,0.7459965348243713
YEL030W,YJR053W,0,-3.7313073,0.1181950494647026,0.9975429773330688,0.7462429404258728
YNR067C,YDR245W,0,-3.7334173,0.11816065013408661,0.9975429773330688,0.7464892864227295
YKL020C,YCR087C-A,0,-3.7363784,0.1181262731552124,0.9975429773330688,0.7467356324195862
YPL002C,YOR142W,0,-3.7385564,0.11809191107749939,0.9975429773330688,0.7469820380210876
YGR225W,YDR240C,0,-3.740077,0.11805757135152817,0.9975429773330688,0.7472283840179443
YKR101W,YGL163C,0,-3.7404664,0.11802325397729874,0.9975429773330688,0.747474730014801
YDR351W,YER115C,0,-3.7442234,0.1179889589548111,0.9975429773330688,0.7477211356163025
YKL200C,YLR350W,0,-3.7504692,0.11795467883348465,0.9975429773330688,0.7479674816131592
YGL026C,YPL011C,0,-3.7517598,0.1179204210639,0.9975429773330688,0.7482138276100159
YCL014W,YOR209C,0,-3.7527869,0.11788617819547653,0.9975429773330688,0.7484602332115173
YMR033W,YLR389C,0,-3.7552242,0.11785195767879486,0.9975429773330688,0.748706579208374
YLL029W,YDL028C,0,-3.755347,0.11781775951385498,0.9975429773330688,0.7489529252052307
YGR225W,YMR099C,0,-3.755874,0.1177835762500763,0.9975429773330688,0.7491993308067322
YLR264W,YLR350W,0,-3.757457,0.11774942278862,0.9975429773330688,0.7494456768035889
YDR079W,YKL038W,0,-3.7598233,0.1177152767777443,0.9975429773330688,0.7496920228004456
YPR060C,YNR072W,0,-3.760814,0.11768116056919098,0.9975429773330688,0.749938428401947
YGL256W,YMR240C,0,-3.763684,0.11764705926179886,0.9975429773330688,0.7501847743988037
YPL200W,YPL002C,0,-3.765279,0.11761298030614853,0.9975429773330688,0.7504311203956604
YGL068W,YGR020C,0,-3.7653396,0.1175789162516594,0.9975429773330688,0.7506775259971619
YMR168C,YDR423C,0,-3.7664225,0.11754487454891205,0.9975429773330688,0.7509238719940186
YDR499W,YKL064W,0,-3.7685053,0.1175108551979065,0.9975429773330688,0.7511702179908752
YDL133C-A,YPR171W,0,-3.769644,0.11747685074806213,0.9975429773330688,0.7514166235923767
YKL171W,YDL078C,0,-3.769924,0.11744286864995956,0.9975429773330688,0.7516629695892334
YJR149W,YOR313C,0,-3.7707927,0.11740890890359879,0.9975429773330688,0.7519093155860901
YAL054C,YBR187W,0,-3.7743256,0.1173749640583992,0.9975429773330688,0.7521557211875916
YJL060W,YDR498C,0,-3.7743404,0.1173410415649414,0.9975429773330688,0.7524020671844482
YLR209C,YDR138W,0,-3.7757783,0.1173071339726448,0.9975429773330688,0.7526484131813049
YBL041W,YDL197C,0,-3.7761805,0.11727324873209,0.9975429773330688,0.7528948187828064
YDL245C,YDR476C,0,-3.7765372,0.11723938584327698,0.9975429773330688,0.7531411647796631
YGR112W,YJL213W,0,-3.7768247,0.11720554530620575,0.9975429773330688,0.7533875107765198
YOR106W,YJR107W,0,-3.780256,0.11717171967029572,0.9975429773330688,0.7536339163780212
YPL064C,YDR137W,0,-3.784096,0.11713790893554688,0.9975429773330688,0.7538802623748779
YPR196W,YHR066W,0,-3.7846076,0.11710412800312042,0.9975429773330688,0.7541266083717346
YLR020C,YBL091C-A,0,-3.7863176,0.11707035452127457,0.9975429773330688,0.7543730139732361
YCL018W,YPL078C,0,-3.7864037,0.1170366108417511,0.9975429773330688,0.7546193599700928
YOR317W,YJR133W,0,-3.7866347,0.11700288206338882,0.9975429773330688,0.7548657059669495
YBR081C,YBR196C,0,-3.787748,0.11696917563676834,0.9975429773330688,0.7551121115684509
YNL172W,YFR052W,0,-3.7905133,0.11693548411130905,0.9975429773330688,0.7553584575653076
YOL111C,YPR159W,0,-3.7913475,0.11690181493759155,0.9975429773330688,0.7556048035621643
YKL007W,YNR072W,0,-3.792557,0.11686816066503525,0.9975429773330688,0.7558512091636658
YER087W,YDL070W,0,-3.793811,0.11683452874422073,0.9975429773330688,0.7560975551605225
YOR327C,YIL047C,0,-3.7946165,0.11680091917514801,0.9975429773330688,0.7563439011573792
YOR351C,YER137C,0,-3.795235,0.11676732450723648,0.9975429773330688,0.7565903067588806
YKL126W,YER046W,0,-3.7962556,0.11673375219106674,0.9975429773330688,0.7568366527557373
YLR390W,YLL043W,0,-3.799916,0.1167002022266388,0.9975429773330688,0.757082998752594
YBR278W,YKL067W,0,-3.8037913,0.11666666716337204,0.9975429773330688,0.7573294043540955
YLR390W,YMR046C,0,-3.8047626,0.11663315445184708,0.9975429773330688,0.7575757503509521
YDL245C,YIL140W,0,-3.805827,0.1165996566414833,0.9975429773330688,0.7578220963478088
YPL042C,YCL043C,0,-3.8060744,0.11656618118286133,0.9975429773330688,0.7580685019493103
YHR056C,YCL043C,0,-3.808263,0.11653272062540054,0.9975429773330688,0.758314847946167
YPR035W,YHR174W,0,-3.8087783,0.11649928241968155,0.9975429773330688,0.7585611939430237
YMR160W,YIL035C,0,-3.8111174,0.11646586656570435,0.9975429773330688,0.7588075995445251
YJR057W,YLR359W,0,-3.8128262,0.11643246561288834,0.9975429773330688,0.7590539455413818
YMR210W,YHR051W,0,-3.8136408,0.11639907956123352,0.9975429773330688,0.7593002915382385
YKR036C,YAL040C,0,-3.814494,0.11636572331190109,0.9975429773330688,0.75954669713974
YPL150W,YMR176W,0,-3.8149707,0.11633237451314926,0.9975429773330688,0.7597930431365967
YGR144W,YER115C,0,-3.8152182,0.11629905551671982,0.9975429773330688,0.7600393891334534
YCL074W,YLR164W,0,-3.81646,0.11626575142145157,0.9975429773330688,0.7602857947349548
YGL062W,YAR031W,0,-3.8165152,0.11623246222734451,0.9975429773330688,0.7605321407318115
YDR030C,YNL052W,0,-3.816744,0.11619919538497925,0.9975429773330688,0.760778546333313
YDR296W,YKL130C,0,-3.8200376,0.11616595089435577,0.9975429773330688,0.7610248923301697
YNL281W,YLR301W,0,-3.8228066,0.1161327213048935,0.9975429773330688,0.7612712383270264
YBR177C,YKL020C,0,-3.8246994,0.116099514067173,0.9975429773330688,0.7615176439285278
YJR006W,YAR031W,0,-3.8255024,0.11606632173061371,0.9975429773330688,0.7617639899253845
YDL084W,YLL041C,0,-3.8256419,0.1160331517457962,0.9975429773330688,0.7620103359222412
YGR288W,YMR246W,0,-3.8261645,0.11599999666213989,0.9975429773330688,0.7622567415237427
YDL206W,YBR170C,0,-3.8262827,0.11596686393022537,0.9975429773330688,0.7625030875205994
YIL095W,YER002W,0,-3.8263535,0.11593375355005264,0.9975429773330688,0.762749433517456
YLL051C,YLR028C,0,-3.8268545,0.11590065807104111,0.9975429773330688,0.7629958391189575
YGR012W,YNL298W,0,-3.8274539,0.11586757749319077,0.9975429773330688,0.7632421851158142
YDR473C,YJL103C,0,-3.8280075,0.11583451926708221,0.9975429773330688,0.7634885311126709
YIL134W,YDL227C,0,-3.8292997,0.11580148339271545,0.9975429773330688,0.7637349367141724
YBL101W-B,YBR257W,0,-3.83098,0.11576846241950989,0.9975429773330688,0.763981282711029
YOR378W,YFL048C,0,-3.831113,0.11573546379804611,0.9975429773330688,0.7642276287078857
YML099C,YLR350W,0,-3.8328621,0.11570248007774353,0.9975429773330688,0.7644740343093872
YMR321C,YJL079C,0,-3.8333127,0.11566951870918274,0.9975429773330688,0.7647203803062439
YOL082W,YDR218C,0,-3.833563,0.11563657224178314,0.9975429773330688,0.7649667263031006
YGR036C,YNL110C,0,-3.8343434,0.11560364812612534,0.9975429773330688,0.765213131904602
YOR274W,YPR162C,0,-3.8354375,0.11557073891162872,0.9975429773330688,0.7654594779014587
YEL052W,YKL210W,0,-3.8359888,0.1155378520488739,0.9975429773330688,0.7657058238983154
YBR294W,YDR470C,0,-3.8361676,0.11550498008728027,0.9975429773330688,0.7659522294998169
YGR271W,YGL019W,0,-3.8378406,0.11547213047742844,0.9975429773330688,0.7661985754966736
YDR423C,YNL006W,0,-3.838907,0.11543929576873779,0.9975429773330688,0.7664449214935303
YAL040C,YFL021W,0,-3.840268,0.11540648341178894,0.9975429773330688,0.7666913270950317
YCL043C,YOR355W,0,-3.8418477,0.11537368595600128,0.9975429773330688,0.7669376730918884
YPR200C,YDR240C,0,-3.8445466,0.11534091085195541,0.9975429773330688,0.7671840190887451
YJL034W,YPR190C,0,-3.846453,0.11530815064907074,0.9975429773330688,0.7674304246902466
YER103W,YLL041C,0,-3.8505664,0.11527541279792786,0.9975429773330688,0.7676767706871033
YOR388C,YMR049C,0,-3.8514407,0.11524268984794617,0.9975429773330688,0.76792311668396
YPL223C,YOL151W,0,-3.8519757,0.11520998924970627,0.9975429773330688,0.7681695222854614
YLR105C,YLR042C,0,-3.852613,0.11517730355262756,0.9975429773330688,0.7684158682823181
YAR002C-A,YOR355W,0,-3.8552737,0.11514464020729065,0.9975429773330688,0.7686622142791748
YLR206W,YJL134W,0,-3.855965,0.11511199176311493,0.9975429773330688,0.7689086198806763
YIL135C,YGL236C,0,-3.8570745,0.115079365670681,0.9975429773330688,0.769154965877533
YKL200C,YMR180C,0,-3.8571148,0.11504675447940826,0.9975429773330688,0.7694013118743896
YOL129W,YJL082W,0,-3.8571947,0.11501416563987732,0.9975429773330688,0.7696477174758911
YOL082W,YNR035C,0,-3.8608594,0.11498159170150757,0.9975429773330688,0.7698940634727478
YOL082W,YGL200C,0,-3.8626056,0.11494904011487961,0.9975429773330688,0.7701404094696045
YBR059C,YOR292C,0,-3.8626232,0.11491650342941284,0.9975429773330688,0.770386815071106
YOR388C,YPR001W,0,-3.8634465,0.11488398164510727,0.9975429773330688,0.7706331610679626
YFR031C,YPR001W,0,-3.8650157,0.11485148221254349,0.9975429773330688,0.7708795070648193
YOR159C,YBR276C,0,-3.86894,0.1148190051317215,0.9975429773330688,0.7711259126663208
YIR005W,YIL048W,0,-3.8742926,0.1147865429520607,0.9975429773330688,0.7713722586631775
YCL024W,YER074W,0,-3.8743007,0.1147540956735611,0.9975429773330688,0.7716186046600342
YGL062W,YOR089C,0,-3.875077,0.11472167074680328,0.9975429773330688,0.7718650102615356
YEL031W,YPL083C,0,-3.8752282,0.11468926817178726,0.9975429773330688,0.7721113562583923
YLR163C,YLR209C,0,-3.8786895,0.11465687304735184,0.9975429773330688,0.772357702255249
YDR263C,YDR062W,0,-3.881163,0.1146245077252388,0.9975429773330688,0.7726041078567505
YHR211W,YBR042C,0,-3.8815854,0.11459214985370636,0.9975429773330688,0.7728504538536072
YPL252C,YPR091C,0,-3.8876746,0.11455982178449631,0.9975429773330688,0.7730967998504639
YBR155W,YOR187W,0,-3.8916008,0.11452750116586685,0.9975429773330688,0.7733432054519653
YGR216C,YIL140W,0,-3.8943493,0.11449520289897919,0.9975429773330688,0.773589551448822
YCL036W,YMR300C,0,-3.8964293,0.11446292698383331,0.9975429773330688,0.7738358974456787
YIL135C,YOL124C,0,-3.8991027,0.11443066596984863,0.9975429773330688,0.7740823030471802
YDR174W,YCR012W,0,-3.9018998,0.11439841985702515,0.9975429773330688,0.7743286490440369
YDR414C,YLR228C,0,-3.902228,0.11436619609594345,0.9975429773330688,0.7745749950408936
YIL135C,YOL108C,0,-3.903316,0.11433398723602295,0.9975429773330688,0.774821400642395
YJL214W,YCL003W,0,-3.9058013,0.11430180072784424,0.9975429773330688,0.7750677466392517
YDR373W,YBR192W,0,-3.9058664,0.11426962912082672,0.9975429773330688,0.7753140926361084
YPL065W,YGL060W,0,-3.9063563,0.114237479865551,0.9975429773330688,0.7755604982376099
YLR187W,YOR294W,0,-3.9067476,0.11420534551143646,0.9975429773330688,0.7758068442344666
YIR025W,YMR033W,0,-3.910508,0.11417322605848312,0.9975429773330688,0.7760531902313232
YEL040W,YDR470C,0,-3.9121134,0.11414112895727158,0.9975429773330688,0.7762995958328247
YMR077C,YNL304W,0,-3.9152248,0.11410904675722122,0.9975429773330688,0.7765459418296814
YDL078C,YKL210W,0,-3.9159691,0.11407698690891266,0.9975429773330688,0.7767922878265381
YBR128C,YCR002C,0,-3.9165595,0.11404494196176529,0.9975429773330688,0.7770386934280396
YPR196W,YJL085W,0,-3.9202874,0.11401291936635971,0.9975429773330688,0.7772850394248962
YOR317W,YCR080W,0,-3.9211793,0.11398091167211533,0.9975429773330688,0.7775313854217529
YBR170C,YNL304W,0,-3.9225872,0.11394891887903214,0.9975429773330688,0.7777777910232544
YNL178W,YJR053W,0,-3.930528,0.11391694843769073,0.9975429773330688,0.7780241370201111
YER117W,YPL200W,0,-3.9338877,0.11388499289751053,0.9975429773330688,0.7782704830169678
YLR165C,YML080W,0,-3.9342492,0.11385305970907211,0.9975429773330688,0.7785168886184692
YER008C,YMR173W,0,-3.9356673,0.11382114142179489,0.9975429773330688,0.7787632346153259
YMR284W,YFL048C,0,-3.939782,0.11378923803567886,0.9975429773330688,0.7790095806121826
YLR305C,YGR020C,0,-3.9419396,0.11375735700130463,0.9975429773330688,0.7792559862136841
YGR081C,YKL190W,0,-3.9425347,0.11372549086809158,0.9975429773330688,0.7795023322105408
YER150W,YPL050C,0,-3.942944,0.11369363963603973,0.9975429773330688,0.7797486782073975
YJR010W,YKL001C,0,-3.9459605,0.11366181075572968,0.9975429773330688,0.7799950838088989
YPR182W,YDL206W,0,-3.948736,0.11363000422716141,0.9975429773330688,0.7802414298057556
YGL158W,YGR175C,0,-3.950133,0.11359821259975433,0.9975429773330688,0.7804877758026123
YER175C,YBR222C,0,-3.9532382,0.11356643587350845,0.9975429773330688,0.7807341814041138
YPL007C,YDL170W,0,-3.9606478,0.11353467404842377,0.9975429773330688,0.7809805274009705
YJR036C,YLR251W,0,-3.9614973,0.11350293457508087,0.9975429773330688,0.7812268733978271
YOR388C,YOR038C,0,-3.9629276,0.11347121000289917,0.9975429773330688,0.7814732789993286
YLR312W-A,YMR046C,0,-3.9667294,0.11343950778245926,0.9975429773330688,0.7817196249961853
YLR314C,YDR527W,0,-3.967317,0.11340782046318054,0.9975429773330688,0.7819660305976868
YLR305C,YJR006W,0,-3.9709747,0.11337615549564362,0.9975429773330688,0.7822123765945435
YOL057W,YNL117W,0,-3.9718227,0.11334449797868729,0.9975429773330688,0.7824587225914001
YGR169C,YNL163C,0,-3.9733717,0.11331286281347275,0.9975429773330688,0.7827051281929016
YGR221C,YKR035W-A,0,-3.9739401,0.11328125,0.9975429773330688,0.7829514741897583
YOR176W,YOR008C,0,-3.9741366,0.11324965208768845,0.9975429773330688,0.783197820186615
YER185W,YLR440C,0,-3.9752648,0.11321806907653809,0.9975429773330688,0.7834442257881165
YLR228C,YER115C,0,-3.976498,0.11318650841712952,0.9975429773330688,0.7836905717849731
YDR518W,YHR168W,0,-3.9783757,0.11315496265888214,0.9975429773330688,0.7839369177818298
YIL083C,YCL052C,0,-3.9790156,0.11312343180179596,0.9975429773330688,0.7841833233833313
YJR101W,YDR508C,0,-3.9808218,0.11309192329645157,0.9975429773330688,0.784429669380188
YDR144C,YMR019W,0,-3.982453,0.11306042969226837,0.9975429773330688,0.7846760153770447
YJR028W,YGR089W,0,-3.9831393,0.11302895098924637,0.9975429773330688,0.7849224209785461
YIL088C,YDR151C,0,-3.9869606,0.11299749463796616,0.9975429773330688,0.7851687669754028
YIL063C,YGL172W,1,-3.9872026,0.11324429512023926,1.0,0.7851687669754028
YFR021W,YMR300C,0,-3.987933,0.11321279406547546,1.0,0.7854151129722595
YNL309W,YDR497C,0,-3.988225,0.11318131536245346,1.0,0.785661518573761
YMR315W,YDR285W,0,-3.9884899,0.11314984411001205,1.0,0.7859078645706177
YHR012W,YDR167W,0,-3.9886596,0.11311840265989304,1.0,0.7861542105674744
YJL060W,YER130C,0,-3.9900572,0.11308696866035461,1.0,0.7864006161689758
YLR395C,YBL041W,0,-3.990462,0.11305555701255798,1.0,0.7866469621658325
YBR260C,YGL174W,0,-3.9942474,0.11302416026592255,1.0,0.7868933081626892
YGL170C,YHR057C,0,-3.9962606,0.1129927784204483,1.0,0.7871397137641907
YGL212W,YDL015C,0,-3.999941,0.11296141892671585,1.0,0.7873860597610474
YHR004C,YGL169W,0,-4.0014067,0.11293007433414459,1.0,0.787632405757904
YNR017W,YKL094W,0,-4.001709,0.11289875209331512,1.0,0.7878788113594055
YDL036C,YJL213W,0,-4.003142,0.11286744475364685,1.0,0.7881251573562622
YDL054C,YMR296C,0,-4.004574,0.11283615231513977,1.0,0.7883715033531189
YNL122C,YBR093C,0,-4.0046234,0.11280487477779388,1.0,0.7886179089546204
YDR449C,YBR276C,0,-4.0052023,0.11277361959218979,1.0,0.788864254951477
YCR087C-A,YJL206C,0,-4.0055523,0.11274237930774689,1.0,0.7891106009483337
YKL170W,YBR042C,0,-4.007176,0.11271116137504578,1.0,0.7893570065498352
YPL163C,YOR353C,0,-4.007629,0.11267995834350586,1.0,0.7896033525466919
YLR395C,YMR229C,0,-4.009549,0.11264877021312714,1.0,0.7898496985435486
YDR423C,YBR067C,0,-4.01091,0.1126175969839096,1.0,0.79009610414505
YCR030C,YIL002C,0,-4.0114183,0.11258644610643387,1.0,0.7903424501419067
YDR205W,YDR146C,0,-4.014489,0.11255531013011932,1.0,0.7905887961387634
YPR167C,YBR261C,0,-4.014702,0.11252418905496597,1.0,0.7908352017402649
YOR291W,YML080W,0,-4.015617,0.11249309033155441,1.0,0.7910815477371216
YER050C,YDR404C,0,-4.019814,0.11246200650930405,1.0,0.7913278937339783
YOR054C,YIL095W,0,-4.0214024,0.11243093758821487,1.0,0.7915742993354797
YGL259W,YGL190C,0,-4.02142,0.11239989101886749,1.0,0.7918206453323364
YGL010W,YLR380W,0,-4.023562,0.1123688593506813,1.0,0.7920669913291931
YBR059C,YKL038W,0,-4.02668,0.11233784258365631,1.0,0.7923133969306946
YNR006W,YJL213W,0,-4.0270405,0.11230684071779251,1.0,0.7925597429275513
YBR155W,YBR026C,0,-4.027197,0.1122758612036705,1.0,0.792806088924408
YML028W,YHR077C,0,-4.0274253,0.11224489659070969,1.0,0.7930524945259094
YJR083C,YDR416W,0,-4.029774,0.11221395432949066,1.0,0.7932988405227661
YMR284W,YBR257W,0,-4.031063,0.11218301951885223,1.0,0.7935451865196228
YHR164C,YLR219W,0,-4.0318313,0.1121521070599556,1.0,0.7937915921211243
YER101C,YPL113C,0,-4.03249,0.11212120950222015,1.0,0.794037938117981
YDL217C,YDR453C,0,-4.0336285,0.1120903342962265,1.0,0.7942842841148376
YPL087W,YEL029C,0,-4.03441,0.11205947399139404,1.0,0.7945306897163391
YOR176W,YKL085W,0,-4.0355196,0.11202862858772278,1.0,0.7947770357131958
YIL002C,YGR089W,0,-4.037099,0.11199779808521271,1.0,0.7950233817100525
YKL085W,YOR180C,0,-4.0394464,0.11196698993444443,1.0,0.795269787311554
YEL012W,YFL045C,0,-4.0423565,0.11193619668483734,1.0,0.7955161333084106
YJR101W,YER074W,0,-4.04333,0.11190541833639145,1.0,0.7957624793052673
YHR059W,YIL017W,0,-4.0434875,0.11187465488910675,1.0,0.7960088849067688
YGL026C,YGR276C,0,-4.043673,0.11184391379356384,1.0,0.7962552309036255
YOR142W,YPL167C,0,-4.045968,0.11181318759918213,1.0,0.7965015769004822
YNR006W,YLR224W,0,-4.0472445,0.11178247630596161,1.0,0.7967479825019836
YNL274C,YLR213C,0,-4.048512,0.11175178736448288,1.0,0.7969943284988403
YOR099W,YGR118W,0,-4.049775,0.11172110587358475,1.0,0.797240674495697
YER154W,YNL016W,0,-4.053064,0.1116904467344284,1.0,0.7974870800971985
YMR168C,YGR251W,0,-4.056675,0.11165980994701385,1.0,0.7977334260940552
YPL200W,YJR040W,0,-4.058523,0.1116291806101799,1.0,0.7979797720909119
YDR411C,YOR378W,0,-4.060846,0.11159857362508774,1.0,0.7982261776924133
YMR276W,YOR098C,0,-4.0624175,0.11156798154115677,1.0,0.79847252368927
YDL045W-A,YJR040W,0,-4.0626316,0.111537404358387,1.0,0.7987188696861267
YGR251W,YKL117W,0,-4.0653644,0.11150684952735901,1.0,0.7989652752876282
YDL039C,YMR159C,0,-4.0670795,0.11147630959749222,1.0,0.7992116212844849
YPL119C,YBR172C,0,-4.06799,0.11144578456878662,1.0,0.7994579672813416
YOR126C,YOR187W,0,-4.068323,0.11141527444124222,1.0,0.799704372882843
YOR237W,YKR035W-A,0,-4.0690937,0.1113847866654396,1.0,0.7999507188796997
YDL246C,YJL166W,0,-4.069275,0.11135430634021759,1.0,0.8001970648765564
YBR294W,YLR209C,0,-4.073925,0.11132384836673737,1.0,0.8004434704780579
YJR055W,YOR285W,0,-4.0756955,0.11129341274499893,1.0,0.8006898164749146
YEL052W,YOL057W,0,-4.077449,0.1112629845738411,1.0,0.8009361624717712
YEL052W,YDR499W,0,-4.080008,0.11123257875442505,1.0,0.8011825680732727
YDL045W-A,YJR149W,0,-4.0811706,0.1112021878361702,1.0,0.8014289140701294
YLR029C,YPL096W,0,-4.082377,0.11117181181907654,1.0,0.8016752600669861
YHR132C,YKR055W,0,-4.083294,0.11114145070314407,1.0,0.8019216656684875
YHR060W,YGR285C,0,-4.0843062,0.1111111119389534,1.0,0.8021680116653442
YLR285W,YLL027W,0,-4.0848203,0.11108078807592392,1.0,0.8024144172668457
YML028W,YNR044W,0,-4.0947094,0.11105047911405563,1.0,0.8026607632637024
YMR200W,YPR152C,0,-4.0948834,0.11102018505334854,1.0,0.8029071092605591
YLR191W,YHL027W,0,-4.0990634,0.11098991334438324,1.0,0.8031535148620605
YBR260C,YGL190C,0,-4.0993533,0.11095964908599854,1.0,0.8033998608589172
YHR004C,YER137C,0,-4.1024566,0.11092940717935562,1.0,0.8036462068557739
YKL013C,YKR019C,0,-4.1038747,0.1108991801738739,1.0,0.8038926124572754
YPR196W,YIR018W,0,-4.104268,0.11086897552013397,1.0,0.8041389584541321
YDR414C,YDR310C,0,-4.109777,0.11083877831697464,1.0,0.8043853044509888
YAL024C,YMR308C,0,-4.120032,0.1108086034655571,1.0,0.8046317100524902
YPR113W,YDR337W,0,-4.123478,0.11077844351530075,1.0,0.8048780560493469
YBL058W,YGR036C,0,-4.125088,0.1107482984662056,1.0,0.8051244020462036
YBR125C,YMR246W,0,-4.1253,0.11071816831827164,1.0,0.8053708076477051
YPR035W,YMR087W,0,-4.1256127,0.11068806052207947,1.0,0.8056171536445618
YBR120C,YLR141W,0,-4.1256285,0.11065796762704849,1.0,0.8058634996414185
YPR171W,YOR355W,0,-4.1257105,0.11062788963317871,1.0,0.8061099052429199
YMR005W,YHR059W,0,-4.127429,0.11059782654047012,1.0,0.8063562512397766
YOR301W,YOL057W,0,-4.1299524,0.11056777834892273,1.0,0.8066025972366333
YNL267W,YLR073C,0,-4.1351595,0.11053775250911713,1.0,0.8068490028381348
YIL035C,YDR373W,0,-4.135775,0.11050774157047272,1.0,0.8070953488349915
YML036W,YKL144C,0,-4.13701,0.1104777380824089,1.0,0.8073416948318481
YNL127W,YJR147W,0,-4.1371737,0.11044776439666748,1.0,0.8075881004333496
YAL039C,YOR351C,0,-4.1436915,0.11041779816150665,1.0,0.8078344464302063
YPL050C,YOR162C,0,-4.144479,0.11038784682750702,1.0,0.808080792427063
YNL172W,YDL083C,0,-4.1456394,0.11035791784524918,1.0,0.8083271980285645
YOL155C,YGR089W,0,-4.1458187,0.11032800376415253,1.0,0.8085735440254211
YHR058C,YNL078W,0,-4.147982,0.11029810458421707,1.0,0.8088198900222778
YDR285W,YJR040W,0,-4.1490417,0.11026822030544281,1.0,0.8090662956237793
YKL041W,YBR223C,0,-4.1496716,0.11023835092782974,1.0,0.809312641620636
YGR118W,YJL085W,0,-4.149675,0.11020850390195847,1.0,0.8095589876174927
YLL019C,YKL203C,0,-4.1527495,0.11017867177724838,1.0,0.8098053932189941
YJL192C,YOL054W,0,-4.153708,0.1101488471031189,1.0,0.8100517392158508
YBL098W,YJL082W,0,-4.158377,0.1101190447807312,1.0,0.8102980852127075
YGL026C,YJL117W,0,-4.1592546,0.1100892648100853,1.0,0.810544490814209
YML097C,YBL089W,0,-4.1593013,0.11005949229001999,1.0,0.8107908368110657
YAL063C,YNL138W,0,-4.1641297,0.11002973467111588,1.0,0.8110371828079224
YGR036C,YPR200C,0,-4.165102,0.10999999940395355,1.0,0.8112835884094238
YJL005W,YAL038W,0,-4.1656137,0.10997027903795242,1.0,0.8115299344062805
YJR010W,YER052C,0,-4.1672297,0.10994057357311249,1.0,0.8117762804031372
YHR056C,YPL151C,0,-4.172546,0.10991088300943375,1.0,0.8120226860046387
YPR080W,YER130C,0,-4.1746354,0.1098812073469162,1.0,0.8122690320014954
YOR317W,YLR390W,0,-4.176508,0.10985155403614044,1.0,0.812515377998352
YKL013C,YOL028C,0,-4.1765914,0.10982190817594528,1.0,0.8127617835998535
YOL038W,YNL107W,0,-4.177469,0.10979228466749191,1.0,0.8130081295967102
YLR440C,YBR037C,0,-4.177792,0.10976267606019974,1.0,0.8132544755935669
YNL127W,YFL013C,0,-4.1794953,0.10973308235406876,1.0,0.8135008811950684
YER017C,YKL053C-A,0,-4.180703,0.10970350354909897,1.0,0.813747227191925
YDR196C,YER137C,0,-4.180741,0.10967393964529037,1.0,0.8139935731887817
YKL020C,YGL226C-A,0,-4.1854677,0.10964439809322357,1.0,0.8142399787902832
YLR401C,YER046W,0,-4.1866307,0.10961486399173737,1.0,0.8144863247871399
YLR312W-A,YLR187W,0,-4.188379,0.10958535224199295,1.0,0.8147326707839966
YJL060W,YGL212W,0,-4.189252,0.10955585539340973,1.0,0.814979076385498
YJR101W,YBR074W,0,-4.1896977,0.1095263734459877,1.0,0.8152254223823547
YNL172W,YDL133C-A,0,-4.1906085,0.10949690639972687,1.0,0.8154717683792114
YPR196W,YHR059W,0,-4.192052,0.10946745425462723,1.0,0.8157181739807129
YLL003W,YDR457W,0,-4.1926484,0.10943802446126938,1.0,0.8159645199775696
YCR060W,YEL031W,0,-4.193393,0.10940860211849213,1.0,0.8162108659744263
YPR035W,YDL216C,0,-4.1993,0.10937920212745667,1.0,0.8164572715759277
YIL080W,YLR390W,0,-4.2048697,0.1093498095870018,1.0,0.8167036175727844
YMR321C,YJL004C,0,-4.2050047,0.10932043939828873,1.0,0.8169499635696411
YPL078C,YGL190C,0,-4.206451,0.10929108411073685,1.0,0.8171963691711426
YOR377W,YOR222W,0,-4.20784,0.10926174372434616,1.0,0.8174427151679993
YMR019W,YLR390W,0,-4.211534,0.10923241823911667,1.0,0.817689061164856
YJL134W,YKR028W,0,-4.2125726,0.10920311510562897,1.0,0.8179354667663574
YDR378C,YJR078W,0,-4.2130246,0.10917381942272186,1.0,0.8181818127632141
YDL179W,YBR155W,0,-4.2139974,0.10914454609155655,1.0,0.8184281587600708
YKR020W,YCL034W,0,-4.214151,0.10911528021097183,1.0,0.8186745643615723
YOR159C,YNL231C,0,-4.2142,0.1090860366821289,1.0,0.818920910358429
YDR090C,YDR109C,0,-4.214435,0.10905680805444717,1.0,0.8191672563552856
YLR395C,YCL008C,0,-4.2158666,0.10902759432792664,1.0,0.8194136619567871
YMR117C,YDR131C,0,-4.218922,0.10899839550256729,1.0,0.8196600079536438
YOL155C,YEL053C,0,-4.218982,0.10896921157836914,1.0,0.8199063539505005
YCL024W,YDR207C,0,-4.2191753,0.10894004255533218,1.0,0.820152759552002
YOR291W,YKL203C,0,-4.219908,0.10891088843345642,1.0,0.8203991055488586
YMR218C,YCL052C,0,-4.2203107,0.10888175666332245,1.0,0.8206454515457153
YPR191W,YBR230C,0,-4.221788,0.10885263234376907,1.0,0.8208918571472168
YJL155C,YMR272C,0,-4.2243505,0.10882353037595749,1.0,0.8211382031440735
YNL085W,YJL060W,0,-4.2261147,0.1087944433093071,1.0,0.8213845491409302
YHR175W,YJR005W,0,-4.2271085,0.1087653636932373,1.0,0.8216309547424316
YLR353W,YHR085W,0,-4.2282195,0.1087363064289093,1.0,0.8218773007392883
YPL218W,YDR109C,0,-4.230104,0.10870726406574249,1.0,0.822123646736145
YFR045W,YEL043W,0,-4.232555,0.10867823660373688,1.0,0.8223700523376465
YCR014C,YDR392W,0,-4.236335,0.10864922404289246,1.0,0.8226163983345032
YJR138W,YHR029C,0,-4.236953,0.10862022638320923,1.0,0.8228627443313599
YOR291W,YHR209W,0,-4.2372227,0.10859125107526779,1.0,0.8231091499328613
YPR196W,YER165W,0,-4.240474,0.10856228321790695,1.0,0.823355495929718
YGR251W,YGL186C,0,-4.2409663,0.1085333302617073,1.0,0.8236019015312195
YHR209W,YMR065W,0,-4.2445445,0.10850439965724945,1.0,0.8238482475280762
YOL045W,YLR314C,0,-4.244679,0.10847547650337219,1.0,0.8240945935249329
YDL245C,YIL047C,0,-4.2457147,0.10844657570123672,1.0,0.8243409991264343
YJR051W,YMR270C,0,-4.247207,0.10841768980026245,1.0,0.824587345123291
YCR030C,YCR026C,0,-4.24886,0.10838881134986877,1.0,0.8248336911201477
YOR349W,YLR316C,0,-4.2507973,0.10835995525121689,1.0,0.8250800967216492
YPL139C,YKL074C,0,-4.251415,0.1083311140537262,1.0,0.8253264427185059
YLR353W,YIL020C,0,-4.2526236,0.1083022877573967,1.0,0.8255727887153625
YKR036C,YAL024C,0,-4.2530913,0.1082734763622284,1.0,0.825819194316864
YDR164C,YJL082W,0,-4.255125,0.10824467986822128,1.0,0.8260655403137207
YJL004C,YKL094W,0,-4.2562766,0.10821589827537537,1.0,0.8263118863105774
YDR254W,YOL107W,0,-4.2570057,0.10818713158369064,1.0,0.8265582919120789
YHR012W,YGL241W,0,-4.258448,0.10815838724374771,1.0,0.8268046379089355
YNL107W,YKL022C,0,-4.258661,0.10812965035438538,1.0,0.8270509839057922
YLR447C,YBR074W,0,-4.261946,0.10810092836618423,1.0,0.8272973895072937
YGL162W,YPR160W,0,-4.262034,0.10807222872972488,1.0,0.8275437355041504
YJL172W,YJR026W,0,-4.2631116,0.10804353654384613,1.0,0.8277900815010071
YDR306C,YNL307C,0,-4.2641435,0.10801485925912857,1.0,0.8280364871025085
YPL188W,YPL244C,0,-4.265242,0.1079862043261528,1.0,0.8282828330993652
YKL013C,YOL158C,0,-4.2655873,0.10795755684375763,1.0,0.8285291790962219
YAR002C-A,YKL161C,0,-4.2719283,0.10792893171310425,1.0,0.8287755846977234
YGL170C,YJR149W,0,-4.2757573,0.10790032148361206,1.0,0.8290219306945801
YLR404W,YJL024C,0,-4.2768593,0.10787171870470047,1.0,0.8292682766914368
YJL005W,YMR078C,0,-4.277305,0.10784313827753067,1.0,0.8295146822929382
YAL060W,YMR296C,0,-4.281093,0.10781457275152206,1.0,0.8297610282897949
YGR118W,YJL206C,0,-4.282656,0.10778601467609406,1.0,0.8300073742866516
YLR314C,YER154W,0,-4.2831054,0.10775747895240784,1.0,0.8302537798881531
YOR377W,YDR472W,0,-4.283115,0.10772895812988281,1.0,0.8305001258850098
YNL314W,YJR082C,0,-4.2855287,0.10770045220851898,1.0,0.8307464718818665
YPL223C,YOL136C,0,-4.2878523,0.10767196118831635,1.0,0.8309928774833679
YGL237C,YGL226C-A,0,-4.2882614,0.1076434776186943,1.0,0.8312392234802246
YPR198W,YJR053W,0,-4.2926717,0.10761501640081406,1.0,0.8314855694770813
YLR295C,YCL025C,0,-4.295692,0.107586570084095,1.0,0.8317319750785828
YNL307C,YIL042C,0,-4.298037,0.10755813866853714,1.0,0.8319783210754395
YDR144C,YKR019C,0,-4.300628,0.10752972215414047,1.0,0.8322246670722961
YDL045W-A,YHR005C-A,0,-4.3007646,0.107501320540905,1.0,0.8324710726737976
YKL020C,YOR279C,0,-4.3041897,0.10747293382883072,1.0,0.8327174186706543
YKL090W,YER162C,0,-4.3062963,0.10744456201791763,1.0,0.832963764667511
YOR147W,YKR055W,0,-4.310299,0.10741620510816574,1.0,0.8332101702690125
YMR238W,YNL138W,0,-4.3120236,0.10738786309957504,1.0,0.8334565162658691
YKL161C,YJL082W,0,-4.312944,0.10735953599214554,1.0,0.8337028622627258
YKL090W,YFR029W,0,-4.3164573,0.10733122378587723,1.0,0.8339492678642273
YHR211W,YJR147W,0,-4.3164983,0.10730292648077011,1.0,0.834195613861084
YPR113W,YPL122C,0,-4.316536,0.10727464407682419,1.0,0.8344419598579407
YEL031W,YFL013C,0,-4.3197613,0.10724637657403946,1.0,0.8346883654594421
YER150W,YPL147W,0,-4.3206224,0.10721812397241592,1.0,0.8349347114562988
YJL071W,YER087W,0,-4.326561,0.10718988627195358,1.0,0.8351810574531555
YLR043C,YGR239C,0,-4.3340087,0.10716166347265244,1.0,0.835427463054657
YBR260C,YER087W,0,-4.3357277,0.10713345557451248,1.0,0.8356738090515137
YDR196C,YNR013C,0,-4.337026,0.10710526257753372,1.0,0.8359201550483704
YKL090W,YBR080C,0,-4.337496,0.10707708448171616,1.0,0.8361665606498718
YPR171W,YNL230C,0,-4.3397317,0.10704892128705978,1.0,0.8364129066467285
YJL079C,YML052W,0,-4.342968,0.1070207729935646,1.0,0.8366592526435852
YBR120C,YPL112C,0,-4.3461657,0.10699263960123062,1.0,0.8369056582450867
YLR191W,YPL218W,0,-4.3507967,0.10696452111005783,1.0,0.8371520042419434
YBR275C,YPL240C,0,-4.3515544,0.10693641752004623,1.0,0.8373983502388
YBR183W,YMR273C,0,-4.353585,0.10690832883119583,1.0,0.8376447558403015
YDR233C,YJL191W,0,-4.357496,0.10688025504350662,1.0,0.8378911018371582
YLR380W,YPL273W,0,-4.358951,0.10685218870639801,1.0,0.8381374478340149
YJR055W,YDL202W,0,-4.361562,0.10682414472103119,1.0,0.8383838534355164
YPL113C,YBR238C,0,-4.366536,0.10679611563682556,1.0,0.838630199432373
YPR111W,YOR099W,0,-4.368171,0.10676810145378113,1.0,0.8388765454292297
YCL034W,YHR051W,0,-4.369102,0.10674010217189789,1.0,0.8391229510307312
YBR177C,YOR216C,0,-4.3743644,0.10671211034059525,1.0,0.8393692970275879
YNL084C,YJL124C,0,-4.3747764,0.1066841408610344,1.0,0.8396156430244446
YBL005W-B,YBR222C,0,-4.3762803,0.10665618628263474,1.0,0.839862048625946
YLR219W,YKL168C,0,-4.3834543,0.10662823915481567,1.0,0.8401083946228027
YJL053W,YJL214W,0,-4.384793,0.1066003143787384,1.0,0.8403547406196594
YOL082W,YPL098C,0,-4.385223,0.10657240450382233,1.0,0.8406011462211609
YNL117W,YPL208W,0,-4.389192,0.10654450207948685,1.0,0.8408474922180176
YNL314W,YDR226W,0,-4.389522,0.10651662200689316,1.0,0.8410938382148743
YNL335W,YHR079C,0,-4.3952155,0.10648874938488007,1.0,0.8413402438163757
YFL054C,YPR043W,0,-4.396599,0.10646089166402817,1.0,0.8415865898132324
YNL127W,YMR180C,0,-4.397989,0.10643305629491806,1.0,0.8418329358100891
YLR429W,YLR224W,0,-4.399617,0.10640522837638855,1.0,0.8420793414115906
YMR238W,YLL027W,0,-4.399824,0.10637741535902023,1.0,0.8423256874084473
YOL066C,YGL062W,0,-4.4005103,0.10634962469339371,1.0,0.842572033405304
YPR160W,YPR159W,0,-4.4006987,0.10632184147834778,1.0,0.8428184390068054
YBR066C,YCR026C,0,-4.4012027,0.10629407316446304,1.0,0.8430647850036621
YER098W,YLL055W,0,-4.4038677,0.1062663197517395,1.0,0.8433111310005188
YOL101C,YGL148W,0,-4.4045286,0.10623858124017715,1.0,0.8435575366020203
YLR042C,YBR192W,0,-4.4086885,0.106210857629776,1.0,0.843803882598877
YNL314W,YMR194W,0,-4.4095254,0.10618314892053604,1.0,0.8440502882003784
YMR146C,YMR176W,0,-4.4100847,0.10615544766187668,1.0,0.8442966341972351
YKL007W,YJL172W,0,-4.411285,0.1061277687549591,1.0,0.8445429801940918
YDR530C,YHR079C,0,-4.411335,0.10610010474920273,1.0,0.8447893857955933
YDR164C,YGL046W,0,-4.4126363,0.10607245564460754,1.0,0.84503573179245
YKL078W,YOL026C,0,-4.414368,0.10604481399059296,1.0,0.8452820777893066
YJL144W,YBR173C,0,-4.4154363,0.10601719468832016,1.0,0.8455284833908081
YKL200C,YOR275C,0,-4.415735,0.10598958283662796,1.0,0.8457748293876648
YBL098W,YMR239C,0,-4.417381,0.10596198588609695,1.0,0.8460211753845215
YPR171W,YFL045C,0,-4.418304,0.10593441128730774,1.0,0.846267580986023
YJL166W,YJR026W,0,-4.4201846,0.10590684413909912,1.0,0.8465139269828796
YBR125C,YPL244C,0,-4.4233823,0.1058792918920517,1.0,0.8467602729797363
YIL170W,YPL208W,0,-4.4243608,0.10585175454616547,1.0,0.8470066785812378
YIL094C,YNL110C,0,-4.4253535,0.10582423210144043,1.0,0.8472530245780945
YKR036C,YIR018W,0,-4.4272237,0.10579672455787659,1.0,0.8474993705749512
YJR107W,YMR246W,0,-4.428364,0.10576923191547394,1.0,0.8477457761764526
YLL055W,YIL140W,0,-4.439057,0.10574175417423248,1.0,0.8479921221733093
YKR019C,YMR038C,0,-4.440083,0.10571428388357162,1.0,0.848238468170166
YAL063C,YJR021C,0,-4.440257,0.10568683594465256,1.0,0.8484848737716675
YKL171W,YOR025W,0,-4.4409976,0.10565939545631409,1.0,0.8487312197685242
YJL034W,YKR006C,0,-4.441031,0.10563197731971741,1.0,0.8489775657653809
YBR260C,YNL121C,0,-4.4433026,0.10560456663370132,1.0,0.8492239713668823
YGL256W,YOR226C,0,-4.4437995,0.10557717084884644,1.0,0.849470317363739
YKL190W,YDR508C,0,-4.4444265,0.10554978996515274,1.0,0.8497166633605957
YGL236C,YNL239W,0,-4.4463162,0.10552242398262024,1.0,0.8499630689620972
YKL161C,YPL078C,0,-4.4476056,0.10549507290124893,1.0,0.8502094149589539
YOR378W,YPL244C,0,-4.44964,0.10546773672103882,1.0,0.8504557609558105
YNL117W,YPR138C,0,-4.449724,0.1054404154419899,1.0,0.850702166557312
YDR131C,YLR024C,0,-4.452646,0.10541310906410217,1.0,0.8509485125541687
YJL114W,YKL090W,0,-4.4532356,0.10538581013679504,1.0,0.8511948585510254
YIL128W,YGR143W,0,-4.4535546,0.10535852611064911,1.0,0.8514412641525269
YOR038C,YLR268W,0,-4.4539433,0.10533126443624496,1.0,0.8516876101493835
YDR174W,YHR008C,0,-4.454252,0.10530401021242142,1.0,0.8519339561462402
YHR211W,YGR118W,0,-4.4602265,0.10527677088975906,1.0,0.8521803617477417
YDR034C,YDL140C,0,-4.4605384,0.1052495464682579,1.0,0.8524267077445984
YJL085W,YLR316C,0,-4.461959,0.10522233694791794,1.0,0.8526730537414551
YMR013C,YOR085W,0,-4.463263,0.10519514232873917,1.0,0.8529194593429565
YNL147W,YDR081C,0,-4.463352,0.10516795516014099,1.0,0.8531658053398132
YPL002C,YER087C-B,0,-4.4677415,0.1051407903432846,1.0,0.8534121513366699
YNR017W,YGR179C,0,-4.4714766,0.10511363297700882,1.0,0.8536585569381714
YDR229W,YDL047W,0,-4.472116,0.10508649796247482,1.0,0.8539049029350281
YGL186C,YPR001W,0,-4.472402,0.10505937039852142,1.0,0.8541512489318848
YJL141C,YOL151W,0,-4.4726467,0.10503225773572922,1.0,0.8543976545333862
YPR182W,YJL192C,0,-4.479013,0.1050051599740982,1.0,0.8546440005302429
YJL012C-A,YIL132C,0,-4.4814715,0.10497807711362839,1.0,0.8548903465270996
YJL012C-A,YGL046W,0,-4.4814715,0.10495100915431976,1.0,0.8551367521286011
YJL012C-A,YLR050C,0,-4.4814715,0.10492394864559174,1.0,0.8553830981254578
YJL012C-A,YMR186W,0,-4.4814715,0.1048969104886055,1.0,0.8556294441223145
YNL127W,YCR046C,0,-4.48844,0.10486987978219986,1.0,0.8558758497238159
YER087C-B,YEL056W,0,-4.490046,0.10484286397695541,1.0,0.8561221957206726
YEL043W,YDR151C,0,-4.494025,0.10481586307287216,1.0,0.8563685417175293
YIL143C,YPR006C,0,-4.500546,0.1047888770699501,1.0,0.8566149473190308
YDL078C,YER130C,0,-4.502567,0.10476190596818924,1.0,0.8568612933158875
YHR047C,YJL225C,0,-4.5074687,0.10473494231700897,1.0,0.8571076393127441
YNL084C,YKL082C,0,-4.5115886,0.1047080010175705,1.0,0.8573540449142456
YPL147W,YDR497C,0,-4.5118437,0.10468106716871262,1.0,0.8576003909111023
YKR066C,YLR088W,0,-4.512604,0.10465415567159653,1.0,0.857846736907959
YOR291W,YLR028C,0,-4.513472,0.10462725162506104,1.0,0.8580931425094604
YDL246C,YPR127W,0,-4.513537,0.10460036247968674,1.0,0.8583394885063171
YFL038C,YPR030W,0,-4.5151024,0.10457348078489304,1.0,0.8585858345031738
YDR351W,YGL186C,0,-4.515192,0.10454662144184113,1.0,0.8588322401046753
YJL166W,YGR070W,0,-4.51977,0.10451977699995041,1.0,0.859078586101532
YER008C,YPL098C,0,-4.5199237,0.10449294000864029,1.0,0.8593249320983887
YOR085W,YMR034C,0,-4.5232644,0.10446611791849136,1.0,0.8595713376998901
YKL174C,YJL155C,0,-4.5254416,0.10443931072950363,1.0,0.8598176836967468
YOR377W,YKR068C,0,-4.526462,0.1044125184416771,1.0,0.8600640296936035
YPR196W,YKL093W,0,-4.526735,0.10438574105501175,1.0,0.860310435295105
YKR036C,YHR164C,0,-4.5282826,0.104358971118927,1.0,0.8605567812919617
YGR113W,YGL071W,0,-4.52834,0.10433222353458405,1.0,0.8608031272888184
YBR125C,YFR052W,0,-4.529392,0.10430548340082169,1.0,0.8610495328903198
YPR149W,YGR155W,0,-4.5318046,0.10427875816822052,1.0,0.8612958788871765
YHR060W,YKL180W,0,-4.532603,0.10425204783678055,1.0,0.8615422248840332
YKR066C,YMR240C,0,-4.5342827,0.10422535240650177,1.0,0.8617886304855347
YBR118W,YDR059C,0,-4.5350876,0.10419867187738419,1.0,0.8620349764823914
YDR411C,YMR117C,0,-4.538787,0.1041719987988472,1.0,0.862281322479248
YPR125W,YLR073C,0,-4.543221,0.1041453406214714,1.0,0.8625277280807495
YDL121C,YGL226C-A,0,-4.548201,0.1041186973452568,1.0,0.8627740740776062
YHR012W,YKR066C,0,-4.5502477,0.1040920689702034,1.0,0.8630204200744629
YOR283W,YNL080C,0,-4.5509076,0.10406545549631119,1.0,0.8632668256759644
YBR195C,YLR312W-A,0,-4.554582,0.10403885692358017,1.0,0.863513171672821
YDR196C,YIL132C,0,-4.560304,0.10401226580142975,1.0,0.8637595176696777
YJR055W,YGL094C,0,-4.5607595,0.10398568958044052,1.0,0.8640059232711792
YBL041W,YOR232W,0,-4.5616784,0.10395912826061249,1.0,0.8642522692680359
YOR304C-A,YAR027W,0,-4.5636077,0.10393258184194565,1.0,0.8644986152648926
YCL043C,YDR461W,0,-4.5713553,0.10390605032444,1.0,0.864745020866394
YPR171W,YJR083C,0,-4.573484,0.10387953370809555,1.0,0.8649913668632507
YKL175W,YDL097C,0,-4.576224,0.1038530245423317,1.0,0.8652377724647522
YPR091C,YLL040C,0,-4.5791693,0.10382653027772903,1.0,0.8654841184616089
YCL036W,YPR030W,0,-4.581176,0.10380005091428757,1.0,0.8657304644584656
YDR131C,YOR377W,0,-4.585859,0.1037735864520073,1.0,0.865976870059967
YLR380W,YOR099W,0,-4.5885725,0.10374712944030762,1.0,0.8662232160568237
YER150W,YLR130C,0,-4.5903506,0.10372069478034973,1.0,0.8664695620536804
YAR002C-A,YOR377W,0,-4.5919714,0.10369426757097244,1.0,0.8667159676551819
YDR245W,YLR024C,0,-4.5953946,0.10366785526275635,1.0,0.8669623136520386
YHR012W,YGL026C,0,-4.5964365,0.10364145785570145,1.0,0.8672086596488953
YNL095C,YNL335W,0,-4.597817,0.10361506789922714,1.0,0.8674550652503967
YDL029W,YBL011W,0,-4.5993023,0.10358870029449463,1.0,0.8677014112472534
YJR149W,YMR039C,0,-4.5995927,0.10356234014034271,1.0,0.8679477572441101
YMR182C,YLR314C,0,-4.6009374,0.10353599488735199,1.0,0.8681941628456116
YGR020C,YBR287W,0,-4.6015506,0.10350966453552246,1.0,0.8684405088424683
YLR390W,YPL087W,0,-4.601818,0.10348334908485413,1.0,0.868686854839325
YHR109W,YPL208W,0,-4.603536,0.10345704108476639,1.0,0.8689332604408264
YIR025W,YOL101C,0,-4.6051908,0.10343074798583984,1.0,0.8691796064376831
YER103W,YJR147W,0,-4.6086273,0.1034044697880745,1.0,0.8694259524345398
YDL206W,YFL038C,0,-4.609451,0.10337820649147034,1.0,0.8696723580360413
YPL259C,YML132W,0,-4.61092,0.10335195809602737,1.0,0.869918704032898
YJR138W,YKL061W,0,-4.614289,0.10332571715116501,1.0,0.8701650500297546
YDL035C,YNL239W,0,-4.614408,0.10329949110746384,1.0,0.8704114556312561
YBR260C,YML058W-A,0,-4.615361,0.10327327996492386,1.0,0.8706578016281128
YPL150W,YDR254W,0,-4.618593,0.10324708372354507,1.0,0.8709041476249695
YOR237W,YNR010W,0,-4.622417,0.10322089493274689,1.0,0.871150553226471
YML058W-A,YOR299W,0,-4.625589,0.10319472849369049,1.0,0.8713968992233276
YPR171W,YPL218W,0,-4.626285,0.10316856950521469,1.0,0.8716432452201843
YPR194C,YDL111C,0,-4.6265974,0.10314242541790009,1.0,0.8718896508216858
YLR380W,YJR133W,0,-4.630155,0.10311628878116608,1.0,0.8721359968185425
YDR260C,YDL045C,0,-4.6310034,0.10309017449617386,1.0,0.8723823428153992
YBR172C,YOR382W,0,-4.633356,0.10306406766176224,1.0,0.8726287484169006
YJL166W,YOR215C,0,-4.640728,0.10303797572851181,1.0,0.8728750944137573
YMR194W,YJR034W,0,-4.6410966,0.10301189869642258,1.0,0.873121440410614
YNR067C,YEL029C,0,-4.6441903,0.10298582911491394,1.0,0.8733678460121155
YOR194C,YOR353C,0,-4.6457734,0.1029597744345665,1.0,0.8736141920089722
YNL261W,YEL037C,0,-4.649341,0.10293373465538025,1.0,0.8738605380058289
YOR291W,YKR006C,0,-4.652157,0.1029077097773552,1.0,0.8741069436073303
YDR026C,YNL259C,0,-4.6622653,0.10288169980049133,1.0,0.874353289604187
YBL085W,YDR404C,0,-4.664549,0.10285569727420807,1.0,0.8745996356010437
YMR295C,YMR099C,0,-4.670277,0.102829709649086,1.0,0.8748460412025452
YAL022C,YGR171C,0,-4.674682,0.10280373692512512,1.0,0.8750923871994019
YMR097C,YKR102W,0,-4.6793203,0.10277777910232544,1.0,0.8753387331962585
YOL155C,YLR386W,0,-4.681003,0.10275182873010635,1.0,0.87558513879776
YJL034W,YHR077C,0,-4.685965,0.10272589325904846,1.0,0.8758314847946167
YGR288W,YNR067C,0,-4.6860204,0.10269997268915176,1.0,0.8760778307914734
YMR090W,YJR026W,0,-4.696224,0.10267406702041626,1.0,0.8763242363929749
YBR260C,YPR006C,0,-4.6976576,0.10264816880226135,1.0,0.8765705823898315
YPL252C,YBR129C,0,-4.704043,0.10262229293584824,1.0,0.8768169283866882
YNL050C,YEL041W,0,-4.7049603,0.10259641706943512,1.0,0.8770633339881897
YNL095C,YMR065W,0,-4.7055416,0.1025705635547638,1.0,0.8773096799850464
YDR304C,YOR393W,0,-4.7057986,0.10254472494125366,1.0,0.8775560259819031
YJR138W,YLR219W,0,-4.7069774,0.10251889377832413,1.0,0.8778024315834045
YJR151C,YMR218C,0,-4.7070827,0.10249307751655579,1.0,0.8780487775802612
YGL180W,YBL098W,0,-4.707705,0.10246726870536804,1.0,0.8782951235771179
YNL208W,YLR042C,0,-4.7077656,0.10244148224592209,1.0,0.8785415291786194
YGL200C,YGR077C,0,-4.708675,0.10241570323705673,1.0,0.8787878751754761
YJL066C,YBR274W,0,-4.714893,0.10238993912935257,1.0,0.8790342211723328
YOL112W,YGL200C,0,-4.7194257,0.102364182472229,1.0,0.8792806267738342
YJL005W,YER115C,0,-4.719657,0.10233844816684723,1.0,0.8795269727706909
YNL127W,YBR177C,0,-4.7207127,0.10231272131204605,1.0,0.8797733187675476
YKR056W,YGL200C,0,-4.7256165,0.10228700935840607,1.0,0.8800197243690491
YPR080W,YNL078W,0,-4.728548,0.10226130485534668,1.0,0.8802660703659058
YDR205W,YOL111C,0,-4.7287297,0.10223562270402908,1.0,0.8805124163627625
YDR205W,YOR261C,0,-4.7313504,0.10220994800329208,1.0,0.8807588219642639
YNL231C,YPL188W,0,-4.734236,0.10218428075313568,1.0,0.8810051679611206
YGL236C,YBR170C,0,-4.734304,0.10215863585472107,1.0,0.8812515139579773
YNR017W,YNL238W,0,-4.7350183,0.10213299840688705,1.0,0.8814979195594788
YER050C,YGR072W,0,-4.7426934,0.10210737586021423,1.0,0.8817442655563354
YLR270W,YOL004W,0,-4.7447486,0.1020817682147026,1.0,0.8819906115531921
YPR171W,YLR386W,0,-4.7473264,0.10205616801977158,1.0,0.8822370171546936
YMR136W,YIL035C,0,-4.7476215,0.10203058272600174,1.0,0.8824833631515503
YOL086C,YCL025C,0,-4.7501225,0.1020050123333931,1.0,0.882729709148407
YLR009W,YLR348C,0,-4.752155,0.10197945684194565,1.0,0.8829761147499084
YGL062W,YHR008C,0,-4.7532253,0.1019539088010788,1.0,0.8832224607467651
YMR123W,YPL002C,0,-4.7543025,0.10192837566137314,1.0,0.8834688067436218
YDL202W,YOR148C,0,-4.7552943,0.10190285742282867,1.0,0.8837152123451233
YEL031W,YOR299W,0,-4.7598453,0.10187734663486481,1.0,0.88396155834198
YOR204W,YKL189W,0,-4.763311,0.10185185074806213,1.0,0.8842079043388367
YDR451C,YHR109W,0,-4.7651076,0.10182636976242065,1.0,0.8844543099403381
YLR390W,YPL065W,0,-4.7776494,0.10180090367794037,1.0,0.8847006559371948
YBR052C,YGR077C,0,-4.778792,0.10177544504404068,1.0,0.8849470019340515
YJL103C,YDR410C,0,-4.7810297,0.10175000131130219,1.0,0.885193407535553
YBR150C,YMR065W,0,-4.7833023,0.10172457247972488,1.0,0.8854397535324097
YBR260C,YPR001W,0,-4.7862515,0.10169915109872818,1.0,0.8856861591339111
YLR206W,YML099C,0,-4.7878227,0.10167374461889267,1.0,0.8859325051307678
YBL058W,YDR196C,0,-4.7932773,0.10164835304021835,1.0,0.8861788511276245
YMR194W,YLR390W,0,-4.7938685,0.10162296891212463,1.0,0.886425256729126
YNL163C,YCL025C,0,-4.7950664,0.1015976071357727,1.0,0.8866716027259827
YHR175W,YBL026W,0,-4.7966986,0.10157224535942078,1.0,0.8869179487228394
YDL024C,YMR065W,0,-4.8005834,0.10154690593481064,1.0,0.8871643543243408
YDR196C,YDR451C,0,-4.8013945,0.1015215739607811,1.0,0.8874107003211975
YPR191W,YDR109C,0,-4.8027987,0.10149625688791275,1.0,0.8876570463180542
YIL088C,YOR340C,0,-4.8028245,0.1014709547162056,1.0,0.8879034519195557
YBR074W,YLR088W,0,-4.805542,0.10144565999507904,1.0,0.8881497979164124
YMR169C,YOR025W,0,-4.8095403,0.10142038017511368,1.0,0.888396143913269
YMR250W,YLR348C,0,-4.8112893,0.10139511525630951,1.0,0.8886425495147705
YDR233C,YJL053W,0,-4.813828,0.10136986523866653,1.0,0.8888888955116272
YGL200C,YGR271W,0,-4.818477,0.10134462267160416,1.0,0.8891352415084839
YLR447C,YER145C,0,-4.8198714,0.10131939500570297,1.0,0.8893816471099854
YKL090W,YIL128W,0,-4.8212123,0.10129417479038239,1.0,0.889627993106842
YOL101C,YCL026C-B,0,-4.826059,0.10126896947622299,1.0,0.8898743391036987
YER050C,YGR034W,0,-4.8276763,0.10124377906322479,1.0,0.8901207447052002
YDL197C,YKL074C,0,-4.8304286,0.10121860355138779,1.0,0.8903670907020569
YMR269W,YLL055W,0,-4.8337507,0.10119343549013138,1.0,0.8906134366989136
YJL034W,YGR012W,0,-4.834166,0.10116828233003616,1.0,0.890859842300415
YIL046W,YOR251C,0,-4.835453,0.10114314407110214,1.0,0.8911061882972717
YIL080W,YIL159W,0,-4.8443775,0.10111801326274872,1.0,0.8913525342941284
YLR073C,YKR028W,0,-4.8453345,0.10109289735555649,1.0,0.8915989398956299
YIL088C,YHR008C,0,-4.8457246,0.10106778889894485,1.0,0.8918452858924866
YNR067C,YOL158C,0,-4.8478446,0.10104270279407501,1.0,0.8920916318893433
YBR150C,YLR404W,0,-4.8480268,0.10101762413978577,1.0,0.8923380374908447
YOR237W,YJL053W,0,-4.848214,0.10099255293607712,1.0,0.8925843834877014
YNR021W,YJR083C,0,-4.849319,0.10096750408411026,1.0,0.8928307294845581
YDL121C,YGL050W,0,-4.853249,0.100942462682724,1.0,0.8930771350860596
YER019C-A,YLR050C,0,-4.853539,0.10091742873191833,1.0,0.8933234810829163
YEL052W,YBR196C,0,-4.857013,0.10089241713285446,1.0,0.893569827079773
YLR105C,YPR060C,0,-4.8615637,0.10086741298437119,1.0,0.8938162326812744
YBR260C,YOR142W,0,-4.8638434,0.1008424162864685,1.0,0.8940625786781311
YLR285W,YOR382W,0,-4.864306,0.10081744194030762,1.0,0.8943089246749878
YIL002C,YOL158C,0,-4.8694563,0.10079247504472733,1.0,0.8945553302764893
YER138C,YPR080W,0,-4.874781,0.10076751559972763,1.0,0.894801676273346
YPL099C,YKR006C,0,-4.876368,0.10074257105588913,1.0,0.8950480222702026
YMR146C,YJL134W,0,-4.8780293,0.10071764141321182,1.0,0.8952944278717041
YNL131W,YDR260C,0,-4.8789845,0.10069272667169571,1.0,0.8955407738685608
YMR077C,YER165W,0,-4.8862576,0.10066781938076019,1.0,0.8957871198654175
YNL238W,YMR213W,0,-4.886493,0.10064292699098587,1.0,0.896033525466919
YPR198W,YGL233W,0,-4.8870254,0.10061804950237274,1.0,0.8962798714637756
YNL131W,YOR126C,0,-4.8917336,0.10059317946434021,1.0,0.8965262174606323
YHL012W,YNL092W,0,-4.908089,0.10056832432746887,1.0,0.8967726230621338
YOL086C,YPR001W,0,-4.9083304,0.10054347664117813,1.0,0.8970189690589905
YPR189W,YDR137W,0,-4.9094996,0.10051864385604858,1.0,0.8972653150558472
YNL117W,YBR096W,0,-4.9101057,0.10049382597208023,1.0,0.8975117206573486
YKL175W,YMR136W,0,-4.9141006,0.10046902298927307,1.0,0.8977580666542053
YPL112C,YNL092W,0,-4.9149046,0.10044422745704651,1.0,0.898004412651062
YDR026C,YPR149W,0,-4.917201,0.10041943937540054,1.0,0.8982508182525635
YOR304C-A,YPL011C,0,-4.9193554,0.10039467364549637,1.0,0.8984971642494202
YDR233C,YMR137C,0,-4.922286,0.10036991536617279,1.0,0.8987435102462769
YPL200W,YML028W,0,-4.9292045,0.10034516453742981,1.0,0.8989899158477783
YNR017W,YKL064W,0,-4.9305634,0.10032043606042862,1.0,0.899236261844635
YHR029C,YLR028C,0,-4.9376197,0.10029571503400803,1.0,0.8994826078414917
YGR012W,YDR260C,0,-4.940435,0.10027100145816803,1.0,0.8997290134429932
YIL095W,YHR057C,0,-4.9406476,0.10024630278348923,1.0,0.8999753594398499
YDR254W,YPL096W,0,-4.9413857,0.10022161900997162,1.0,0.9002217054367065
YER138C,YPL099C,0,-4.9427133,0.1001969501376152,1.0,0.900468111038208
YJL005W,YLR301W,0,-4.9487033,0.10017228871583939,1.0,0.9007144570350647
YOL038W,YOR209C,0,-4.9519143,0.10014763474464417,1.0,0.9009608030319214
YLR209C,YLR278C,0,-4.957746,0.10012300312519073,1.0,0.9012072086334229
YOR226C,YLR145W,0,-4.967238,0.1000983789563179,1.0,0.9014535546302795
YDR109C,YJR133W,0,-4.9687943,0.10007376223802567,1.0,0.9016999006271362
YMR046C,YLR348C,0,-4.9746985,0.10004916787147522,1.0,0.9019463062286377
YKR036C,YCR026C,0,-4.9759026,0.10002457350492477,1.0,0.9021926522254944
YLR447C,YFL010W-A,0,-4.977812,0.10000000149011612,1.0,0.9024389982223511
YDL128W,YDR392W,0,-4.9808803,0.09997543692588806,1.0,0.9026854038238525
YKR066C,YPL180W,0,-4.9841,0.0999508872628212,1.0,0.9029317498207092
YLR353W,YLR028C,0,-4.9847207,0.09992634505033493,1.0,0.9031780958175659
YAL024C,YBR230C,0,-4.986249,0.09990181773900986,1.0,0.9034245014190674
YJL171C,YLL033W,0,-4.9885926,0.09987729787826538,1.0,0.9036708474159241
YDR076W,YBR155W,0,-4.9903455,0.0998528003692627,1.0,0.9039171934127808
YFR029W,YBR187W,0,-4.9929767,0.09982830286026001,1.0,0.9041635990142822
YNR006W,YOL004W,0,-4.9948244,0.09980382770299911,1.0,0.9044099450111389
YGL236C,YBR115C,0,-4.996128,0.09977935999631882,1.0,0.9046562910079956
YDR090C,YML030W,0,-4.997377,0.09975489974021912,1.0,0.9049026966094971
YKL119C,YIR018W,0,-5.003602,0.0997304618358612,1.0,0.9051490426063538
YLR440C,YKL064W,0,-5.005124,0.0997060239315033,1.0,0.9053953886032104
YER101C,YDR449C,0,-5.0055127,0.09968160837888718,1.0,0.9056417942047119
YDR082W,YBL005W-B,0,-5.0078797,0.09965720027685165,1.0,0.9058881402015686
YIR039C,YCL032W,0,-5.0105596,0.09963279962539673,1.0,0.9061344861984253
YJL071W,YPR198W,0,-5.011584,0.0996084213256836,1.0,0.9063808917999268
YHR175W,YCR052W,0,-5.0118675,0.09958405047655106,1.0,0.9066272377967834
YDR081C,YAL039C,0,-5.0159774,0.09955968707799911,1.0,0.9068736433982849
YLR219W,YNL070W,0,-5.017113,0.09953533858060837,1.0,0.9071199893951416
YJR070C,YMR054W,0,-5.0208282,0.09951100498437881,1.0,0.9073663353919983
YDR373W,YKR044W,0,-5.022989,0.09948667883872986,1.0,0.9076127409934998
YGL083W,YLL043W,0,-5.0243793,0.0994623675942421,1.0,0.9078590869903564
YDR454C,YKR069W,0,-5.0258126,0.09943806380033493,1.0,0.9081054329872131
YLR165C,YLR187W,0,-5.0300384,0.09941377490758896,1.0,0.9083518385887146
YOR215C,YER046W,0,-5.0353503,0.09938950091600418,1.0,0.9085981845855713
YNL314W,YNL006W,0,-5.037777,0.099365234375,1.0,0.908844530582428
YMR019W,YOR226C,0,-5.0400233,0.09934098273515701,1.0,0.9090909361839294
YNL084C,YMR136W,0,-5.0419765,0.09931673854589462,1.0,0.9093372821807861
YBR002C,YLL045C,0,-5.0419993,0.09929250925779343,1.0,0.9095836281776428
YMR054W,YIL079C,0,-5.046922,0.09926829487085342,1.0,0.9098300337791443
YNL079C,YKL144C,0,-5.051968,0.09924408793449402,1.0,0.910076379776001
YMR179W,YLR016C,0,-5.052816,0.0992198958992958,1.0,0.9103227257728577
YLR390W,YBR037C,0,-5.056031,0.09919571131467819,1.0,0.9105691313743591
YIR038C,YIL076W,0,-5.0612116,0.09917154163122177,1.0,0.9108154773712158
YCL018W,YPL163C,0,-5.0691733,0.09914737939834595,1.0,0.9110618233680725
YKL041W,YGR271W,0,-5.069597,0.09912323206663132,1.0,0.911308228969574
YKL161C,YPL065W,0,-5.0817556,0.09909909963607788,1.0,0.9115545749664307
YGL103W,YMR099C,0,-5.082383,0.09907497465610504,1.0,0.9118009209632874
YNR006W,YPR002W,0,-5.082859,0.0990508645772934,1.0,0.9120473265647888
YMR013C,YJR078W,0,-5.0874934,0.09902676194906235,1.0,0.9122936725616455
YNL304W,YLR350W,0,-5.087498,0.09900267422199249,1.0,0.9125400185585022
YNL297C,YMR296C,0,-5.0888352,0.09897860139608383,1.0,0.9127864241600037
YJL225C,YMR203W,0,-5.098755,0.09895453602075577,1.0,0.9130327701568604
YOR187W,YNL052W,0,-5.1020103,0.0989304780960083,1.0,0.913279116153717
YLR163C,YBR238C,0,-5.107916,0.09890644252300262,1.0,0.9135255217552185
YLR107W,YOR138C,0,-5.1081324,0.09888240694999695,1.0,0.9137718677520752
YNR017W,YML052W,0,-5.113743,0.09885839372873306,1.0,0.9140182137489319
YIL088C,YPL163C,0,-5.1146536,0.09883438795804977,1.0,0.9142646193504333
YHR060W,YMR025W,0,-5.1177487,0.09881038963794708,1.0,0.91451096534729
YNL084C,YNR002C,0,-5.118729,0.09878640621900558,1.0,0.9147573113441467
YOR194C,YKL015W,0,-5.119197,0.09876243770122528,1.0,0.9150037169456482
YGL010W,YNR002C,0,-5.120669,0.09873847663402557,1.0,0.9152500629425049
YDL029W,YOR084W,0,-5.1268163,0.09871453046798706,1.0,0.9154964089393616
YNL172W,YPR159W,0,-5.1294246,0.09869059175252914,1.0,0.915742814540863
YJR127C,YCL008C,0,-5.147798,0.09866666793823242,1.0,0.9159891605377197
YJR005W,YDR151C,0,-5.159663,0.0986427515745163,1.0,0.9162355065345764
YLR291C,YNR002C,0,-5.162025,0.09861885011196136,1.0,0.9164819121360779
YIR038C,YPL065W,0,-5.1620765,0.09859496355056763,1.0,0.9167282581329346
YLR295C,YBL091C-A,0,-5.1748033,0.09857108443975449,1.0,0.9169746041297913
YBR223C,YMR246W,0,-5.1795945,0.09854721277952194,1.0,0.9172210097312927
YMR267W,YNR035C,0,-5.180248,0.09852336347103119,1.0,0.9174673557281494
YDR164C,YPR138C,0,-5.180557,0.09849951416254044,1.0,0.9177137017250061
YLR440C,YPL244C,0,-5.181052,0.09847568720579147,1.0,0.9179601073265076
YGL083W,YJR040W,0,-5.1823773,0.09845186024904251,1.0,0.9182064533233643
YCR052W,YOR338W,0,-5.182561,0.09842805564403534,1.0,0.918452799320221
YKR066C,YMR295C,0,-5.185126,0.09840425848960876,1.0,0.9186992049217224
YLR187W,YKL094W,0,-5.1862717,0.09838046878576279,1.0,0.9189455509185791
YPR182W,YPL196W,0,-5.191921,0.098356693983078,1.0,0.9191918969154358
YMR087W,YLR209C,0,-5.1924605,0.09833293408155441,1.0,0.9194383025169373
YOL136C,YCR046C,0,-5.193377,0.09830918163061142,1.0,0.919684648513794
YMR065W,YBL098W,0,-5.1978583,0.09828543663024902,1.0,0.9199309945106506
YGR229C,YPR160W,0,-5.1994696,0.09826170653104782,1.0,0.9201774001121521
YOR324C,YOL090W,0,-5.2002845,0.09823799133300781,1.0,0.9204237461090088
YBR230C,YCR012W,0,-5.202891,0.0982142835855484,1.0,0.9206700921058655
YOR239W,YMR176W,0,-5.203377,0.09819059073925018,1.0,0.9209164977073669
YGR238C,YIL094C,0,-5.206825,0.09816690534353256,1.0,0.9211628437042236
YPR196W,YKL001C,0,-5.2123084,0.09814323484897614,1.0,0.9214091897010803
YDR476C,YNL238W,0,-5.22885,0.0981195792555809,1.0,0.9216555953025818
YGR167W,YOR378W,0,-5.229051,0.09809592366218567,1.0,0.9219019412994385
YOL010W,YJL206C,0,-5.229198,0.09807229042053223,1.0,0.9221482872962952
YDL246C,YGL190C,0,-5.230704,0.09804866462945938,1.0,0.9223946928977966
YOL082W,YML112W,0,-5.234265,0.09802504628896713,1.0,0.9226410388946533
YHR060W,YGL103W,0,-5.238551,0.09800144284963608,1.0,0.92288738489151
YOL112W,YLR344W,0,-5.249914,0.09797785431146622,1.0,0.9231337904930115
YJR021C,YFR036W,0,-5.266692,0.09795427322387695,1.0,0.9233801364898682
YHR175W,YNL016W,0,-5.27918,0.09793069958686829,1.0,0.9236264824867249
YKL119C,YPL099C,0,-5.279207,0.09790714085102081,1.0,0.9238728880882263
YEL037C,YJL128C,0,-5.2802167,0.09788359701633453,1.0,0.924119234085083
YAL024C,YPL078C,0,-5.2899747,0.09786006063222885,1.0,0.9243655800819397
YCR030C,YHR082C,0,-5.2906823,0.09783653914928436,1.0,0.9246119856834412
YOL086C,YJR053W,0,-5.2926955,0.09781302511692047,1.0,0.9248583316802979
YFR033C,YOR340C,0,-5.2966204,0.09778952598571777,1.0,0.9251046776771545
YHR175W,YOL155C,0,-5.2967005,0.09776603430509567,1.0,0.925351083278656
YGL212W,YBL026W,0,-5.2987704,0.09774255752563477,1.0,0.9255974292755127
YOL038W,YJR149W,0,-5.3007092,0.09771908819675446,1.0,0.9258437752723694
YJR138W,YGL174W,0,-5.304412,0.09769563376903534,1.0,0.9260901808738708
YDR170C,YOR355W,0,-5.3192925,0.09767218679189682,1.0,0.9263365268707275
YJL079C,YPR060C,0,-5.3308144,0.0976487547159195,1.0,0.9265828728675842
YMR272C,YGR276C,0,-5.3339505,0.09762533009052277,1.0,0.9268292784690857
YLR206W,YGR246C,0,-5.3344774,0.09760192036628723,1.0,0.9270756244659424
YHR179W,YMR099C,0,-5.3367968,0.0975785180926323,1.0,0.9273220300674438
YDR059C,YBR276C,0,-5.344662,0.09755513072013855,1.0,0.9275683760643005
YDR472W,YHR051W,0,-5.346338,0.0975317507982254,1.0,0.9278147220611572
YDR296W,YBR037C,0,-5.3530746,0.09750838577747345,1.0,0.9280611276626587
YOR212W,YKR069W,0,-5.361264,0.0974850282073021,1.0,0.9283074736595154
YLR300W,YPL113C,0,-5.3621964,0.09746168553829193,1.0,0.9285538196563721
YOL038W,YBR243C,0,-5.365236,0.09743835031986237,1.0,0.9288002252578735
YLR270W,YOR226C,0,-5.366967,0.097415030002594,1.0,0.9290465712547302
YPL150W,YOR304W,0,-5.3693295,0.09739171713590622,1.0,0.9292929172515869
YEL036C,YLR429W,0,-5.3702617,0.09736841917037964,1.0,0.9295393228530884
YLR047C,YLR145W,0,-5.374618,0.09734513610601425,1.0,0.9297856688499451
YBR006W,YMR273C,0,-5.3771434,0.09732185304164886,1.0,0.9300320148468018
YPL002C,YPL274W,0,-5.3776913,0.09729859232902527,1.0,0.9302784204483032
YMR123W,YPL127C,0,-5.3819146,0.09727533161640167,1.0,0.9305247664451599
YDL015C,YHR119W,0,-5.382409,0.09725209325551987,1.0,0.9307711124420166
YOL129W,YOR098C,0,-5.386873,0.09722885489463806,1.0,0.9310175180435181
YPL094C,YKR028W,0,-5.3904767,0.09720563888549805,1.0,0.9312638640403748
YDL121C,YPL240C,0,-5.401545,0.09718242287635803,1.0,0.9315102100372314
YML036W,YMR159C,0,-5.4048696,0.09715922921895981,1.0,0.9317566156387329
YJL034W,YJR140C,0,-5.410382,0.09713603556156158,1.0,0.9320029616355896
YLR028C,YMR046C,0,-5.4121256,0.09711286425590515,1.0,0.9322493076324463
YDR164C,YOR222W,0,-5.4216084,0.09708969295024872,1.0,0.9324957132339478
YGL068W,YGL060W,0,-5.4261127,0.09706653654575348,1.0,0.9327420592308044
YER151C,YIL135C,0,-5.438935,0.09704339504241943,1.0,0.9329884052276611
YBL005W-B,YKL210W,0,-5.4427,0.09702026098966599,1.0,0.9332348108291626
YLL051C,YMR267W,0,-5.443171,0.09699714183807373,1.0,0.9334811568260193
YBL058W,YCR026C,0,-5.4466834,0.09697403013706207,1.0,0.933727502822876
YMR238W,YMR136W,0,-5.4512553,0.09695092588663101,1.0,0.9339739084243774
YNR002C,YLR164W,0,-5.452286,0.09692783653736115,1.0,0.9342202544212341
YDR164C,YJR031C,0,-5.454789,0.09690476208925247,1.0,0.9344666004180908
YDR196C,YNL095C,0,-5.4565425,0.0968816950917244,1.0,0.9347130060195923
YKL119C,YDR461W,0,-5.457578,0.09685863554477692,1.0,0.934959352016449
YPL134C,YOR025W,0,-5.45826,0.09683559089899063,1.0,0.9352056980133057
YDR429C,YLR042C,0,-5.470829,0.09681256115436554,1.0,0.9354521036148071
YGR177C,YGR143W,0,-5.478616,0.09678953886032104,1.0,0.9356984496116638
YBR287W,YIR038C,0,-5.479056,0.09676652401685715,1.0,0.9359447956085205
YPR026W,YDR131C,0,-5.4811063,0.09674352407455444,1.0,0.936191201210022
YOR287C,YNL084C,0,-5.482888,0.09672053158283234,1.0,0.9364375472068787
YJR036C,YPL113C,0,-5.487787,0.09669755399227142,1.0,0.9366838932037354
YDR144C,YMR295C,0,-5.488906,0.09667458385229111,1.0,0.9369302988052368
YDL142C,YBL089W,0,-5.495792,0.09665162861347198,1.0,0.9371766448020935
YBR177C,YOR324C,0,-5.499766,0.09662868082523346,1.0,0.9374229907989502
YDR497C,YOR162C,0,-5.5004306,0.09660574048757553,1.0,0.9376693964004517
YOL112W,YDR518W,0,-5.502167,0.0965828225016594,1.0,0.9379157423973083
YLR209C,YGR222W,0,-5.50341,0.09655990451574326,1.0,0.938162088394165
YIL046W,YMR246W,0,-5.504968,0.09653700143098831,1.0,0.9384084939956665
YJR057W,YBR282W,0,-5.5066767,0.09651411324739456,1.0,0.9386548399925232
YJR119C,YJL079C,0,-5.510445,0.09649122506380081,1.0,0.9389011859893799
YMR276W,YDR453C,0,-5.5125,0.09646835923194885,1.0,0.9391475915908813
YJR107W,YIL080W,0,-5.512694,0.09644550085067749,1.0,0.939393937587738
YMR097C,YPR080W,0,-5.5320497,0.09642264991998672,1.0,0.9396402835845947
YBR282W,YFL013C,0,-5.532774,0.09639981389045715,1.0,0.9398866891860962
YKL119C,YOR393W,0,-5.537518,0.09637698531150818,1.0,0.9401330351829529
YDL021W,YBR222C,0,-5.5438504,0.0963541641831398,1.0,0.9403793811798096
YGR145W,YFL054C,0,-5.5504355,0.09633135795593262,1.0,0.940625786781311
YDR304C,YPL098C,0,-5.551723,0.09630856662988663,1.0,0.9408721327781677
YOR291W,YOL028C,0,-5.559529,0.09628578275442123,1.0,0.9411184787750244
YDR196C,YLR224W,0,-5.5615296,0.09626300632953644,1.0,0.9413648843765259
YJL034W,YBR002C,0,-5.568771,0.09624024480581284,1.0,0.9416112303733826
YLR353W,YIL177C,0,-5.5731792,0.09621749073266983,1.0,0.9418575763702393
YGL209W,YPR149W,0,-5.573569,0.09619475156068802,1.0,0.9421039819717407
YML099C,YDR260C,0,-5.5781884,0.0961720198392868,1.0,0.9423503279685974
YCL008C,YLR151C,0,-5.5842032,0.09614930301904678,1.0,0.9425966739654541
YGR089W,YER052C,0,-5.5858083,0.09612659364938736,1.0,0.9428430795669556
YDL246C,YML071C,0,-5.586016,0.09610389918088913,1.0,0.9430894255638123
YJL172W,YIL094C,0,-5.5861382,0.0960812121629715,1.0,0.943335771560669
YKL217W,YNR002C,0,-5.5915675,0.09605853259563446,1.0,0.9435821771621704
YIL095W,YOR338W,0,-5.591884,0.09603586792945862,1.0,0.9438285231590271
YEL043W,YLR141W,0,-5.5937457,0.09601321071386337,1.0,0.9440748691558838
YIL095W,YNR072W,0,-5.6246424,0.09599056839942932,1.0,0.9443212747573853
YMR168C,YDR405W,0,-5.6249423,0.09596793353557587,1.0,0.9445676207542419
YDR498C,YGR222W,0,-5.626006,0.09594530612230301,1.0,0.9448139667510986
YBR247C,YJR127C,0,-5.6323495,0.09592269361019135,1.0,0.9450603723526001
YDR411C,YHR211W,0,-5.6353087,0.09590009599924088,1.0,0.9453067183494568
YLR206W,YDR207C,0,-5.635864,0.095877505838871,1.0,0.9455530643463135
YGR282C,YCR052W,0,-5.6403923,0.09585492312908173,1.0,0.9457994699478149
YOR378W,YGL174W,0,-5.6463456,0.09583235532045364,1.0,0.9460458159446716
YMR077C,YER052C,0,-5.651525,0.09580979496240616,1.0,0.9462921619415283
YMR077C,YKR044W,0,-5.6516867,0.09578724205493927,1.0,0.9465385675430298
YGR036C,YJR005W,0,-5.658954,0.09576470404863358,1.0,0.9467849135398865
YJR026W,YKL096W-A,0,-5.659638,0.09574218094348907,1.0,0.9470312595367432
YLR447C,YKL022C,0,-5.662351,0.09571965783834457,1.0,0.9472776651382446
YDR229W,YBL089W,0,-5.6639915,0.09569715708494186,1.0,0.9475240111351013
YBL011W,YBR141C,0,-5.675286,0.09567465633153915,1.0,0.947770357131958
YFR033C,YGL148W,0,-5.6784825,0.09565217047929764,1.0,0.9480167627334595
YMR089C,YOR338W,0,-5.685228,0.09562969952821732,1.0,0.9482631087303162
YGL200C,YBR074W,0,-5.685674,0.09560723602771759,1.0,0.9485095143318176
YKL007W,YOR123C,0,-5.6974835,0.09558477997779846,1.0,0.9487558603286743
YBR002C,YDR081C,0,-5.7008452,0.09556233882904053,1.0,0.949002206325531
YBR052C,YDR392W,0,-5.7085347,0.09553990513086319,1.0,0.9492486119270325
YJL178C,YAL017W,0,-5.724932,0.09551748633384705,1.0,0.9494949579238892
YCR030C,YDL028C,0,-5.732261,0.0954950749874115,1.0,0.9497413039207458
YIL094C,YHR060W,0,-5.7331877,0.09547267109155655,1.0,0.9499877095222473
YBR081C,YPL200W,0,-5.7383366,0.09545028209686279,1.0,0.950234055519104
YNL314W,YNL178W,0,-5.741228,0.09542790055274963,1.0,0.9504804015159607
YDL054C,YLR300W,0,-5.744459,0.09540553390979767,1.0,0.9507268071174622
YOR291W,YBR223C,0,-5.745421,0.0953831747174263,1.0,0.9509731531143188
YPR182W,YHR079C,0,-5.749657,0.09536082297563553,1.0,0.9512194991111755
YPR083W,YOR261C,0,-5.7627788,0.09533848613500595,1.0,0.951465904712677
YGR255C,YOR089C,0,-5.765357,0.09531615674495697,1.0,0.9517122507095337
YPR198W,YGL220W,0,-5.7673287,0.09529384225606918,1.0,0.9519585967063904
YLR103C,YOR261C,0,-5.7720723,0.095271535217762,1.0,0.9522050023078918
YOR317W,YAL040C,0,-5.772475,0.095249243080616,1.0,0.9524513483047485
YHR175W,YNR028W,0,-5.775046,0.09522695094347,1.0,0.9526976943016052
YPL252C,YJL029C,0,-5.775109,0.0952046811580658,1.0,0.9529440999031067
YPR187W,YEL030W,0,-5.7771564,0.09518241137266159,1.0,0.9531904458999634
YIL061C,YLL043W,0,-5.779713,0.09516015648841858,1.0,0.9534367918968201
YER050C,YLR350W,0,-5.78537,0.09513791650533676,1.0,0.9536831974983215
YGR113W,YIL079C,0,-5.795454,0.09511568397283554,1.0,0.9539295434951782
YPL150W,YBR172C,0,-5.7974715,0.09509345889091492,1.0,0.9541758894920349
YFL014W,YJL004C,0,-5.8137674,0.09507124871015549,1.0,0.9544222950935364
YOR126C,YCR052W,0,-5.82577,0.09504904597997665,1.0,0.9546686410903931
YNL117W,YKR057W,0,-5.833648,0.09502685070037842,1.0,0.9549149870872498
YPL223C,YDR496C,0,-5.8368716,0.09500467032194138,1.0,0.9551613926887512
YJR055W,YDR196C,0,-5.8448896,0.09498249739408493,1.0,0.9554077386856079
YDR497C,YER115C,0,-5.849958,0.09496033936738968,1.0,0.9556540846824646
YLL051C,YML052W,0,-5.853728,0.09493818879127502,1.0,0.9559004902839661
YNL070W,YBR173C,0,-5.8669596,0.09491604566574097,1.0,0.9561468362808228
YDL077C,YBR257W,0,-5.87005,0.0948939174413681,1.0,0.9563931822776794
YAL038W,YPL252C,0,-5.8788753,0.09487179666757584,1.0,0.9566395878791809
YOL086C,YER138C,0,-5.8794446,0.09484968334436417,1.0,0.9568859338760376
YKL119C,YER137C,0,-5.883442,0.09482758492231369,1.0,0.9571322798728943
YGR238C,YDR170C,0,-5.8914504,0.09480549395084381,1.0,0.9573786854743958
YNL153C,YNL231C,0,-5.8917327,0.09478341788053513,1.0,0.9576250314712524
YGR238C,YGL203C,0,-5.8971868,0.09476134926080704,1.0,0.9578713774681091
YBR125C,YPR113W,0,-5.897701,0.09473929554224014,1.0,0.9581177830696106
YKR071C,YIL095W,0,-5.903086,0.09471724182367325,1.0,0.9583641290664673
YCL025C,YGR155W,0,-5.903973,0.09469521045684814,1.0,0.958610475063324
YJL166W,YJL071W,0,-5.909271,0.09467317909002304,1.0,0.9588568806648254
YLL041C,YBR120C,0,-5.913728,0.09465116262435913,1.0,0.9591032266616821
YBL011W,YML006C,0,-5.918138,0.09462915360927582,1.0,0.9593495726585388
YDR492W,YNL073W,0,-5.91949,0.0946071594953537,1.0,0.9595959782600403
YNR021W,YOR251C,0,-5.920277,0.09458517283201218,1.0,0.959842324256897
YOR237W,YOR123C,0,-5.920888,0.09456319361925125,1.0,0.9600886702537537
YPL134C,YPR187W,0,-5.9267883,0.09454122930765152,1.0,0.9603350758552551
YIL080W,YGL037C,0,-5.9342976,0.09451927244663239,1.0,0.9605814218521118
YER154W,YCL034W,0,-5.9366183,0.09449733048677444,1.0,0.9608277678489685
YCL018W,YMR054W,0,-5.9532804,0.0944753959774971,1.0,0.96107417345047
YOR212W,YNL117W,0,-5.957197,0.09445346891880035,1.0,0.9613205194473267
YGR175C,YJR053W,0,-5.9610925,0.0944315567612648,1.0,0.9615668654441833
YMR123W,YMR272C,0,-5.961925,0.09440965205430984,1.0,0.9618132710456848
YGL010W,YOR085W,0,-5.9684076,0.09438775479793549,1.0,0.9620596170425415
YJL034W,YBR230C,0,-5.969085,0.09436587244272232,1.0,0.9623059630393982
YGL256W,YJR053W,0,-5.9777665,0.09434399753808975,1.0,0.9625523686408997
YBR096W,YDR392W,0,-5.9778132,0.09432213008403778,1.0,0.9627987146377563
YKR055W,YPR083W,0,-5.9833846,0.094300277531147,1.0,0.963045060634613
YDL121C,YLL040C,0,-6.0002003,0.09427843242883682,1.0,0.9632914662361145
YLR380W,YOR162C,0,-6.0027337,0.09425660222768784,1.0,0.9635378122329712
YHR060W,YKR102W,0,-6.0090966,0.09423477947711945,1.0,0.9637841582298279
YDR164C,YDR240C,0,-6.025887,0.09421296417713165,1.0,0.9640305638313293
YDR196C,YPL259C,0,-6.035723,0.09419115632772446,1.0,0.964276909828186
YPR182W,YHR082C,0,-6.036205,0.09416936337947845,1.0,0.9645232558250427
YLR447C,YKR026C,0,-6.0409217,0.09414758533239365,1.0,0.9647696614265442
YDR205W,YDR211W,0,-6.0412107,0.09412580728530884,1.0,0.9650160074234009
YNL147W,YML036W,0,-6.0443373,0.09410404413938522,1.0,0.9652623534202576
YDR405W,YBR037C,0,-6.044493,0.0940822958946228,1.0,0.965508759021759
YLR353W,YMR304W,0,-6.0456243,0.09406054764986038,1.0,0.9657551050186157
YGR167W,YOR123C,0,-6.059708,0.09403881430625916,1.0,0.9660014510154724
YPR001W,YLL040C,0,-6.0603004,0.09401709586381912,1.0,0.9662478566169739
YMR218C,YBR274W,0,-6.0687623,0.09399537742137909,1.0,0.9664942026138306
YDR492W,YNL219C,0,-6.0743756,0.09397368133068085,1.0,0.9667405486106873
YPR111W,YHR175W,0,-6.090329,0.0939519852399826,1.0,0.9669869542121887
YKR069W,YJR034W,0,-6.101083,0.09393030405044556,1.0,0.9672333002090454
YLR264W,YJR026W,0,-6.105159,0.0939086303114891,1.0,0.9674796462059021
YOR084W,YNL281W,0,-6.1172433,0.09388696402311325,1.0,0.9677260518074036
YOR291W,YDR444W,0,-6.122101,0.09386531263589859,1.0,0.9679723978042603
YPL099C,YNL122C,0,-6.1284537,0.09384366869926453,1.0,0.9682187438011169
YHR012W,YBR223C,0,-6.134805,0.09382203966379166,1.0,0.9684651494026184
YLR025W,YGR034W,0,-6.15439,0.09380041807889938,1.0,0.9687114953994751
YLR329W,YKL168C,0,-6.172688,0.09377880394458771,1.0,0.9689579010009766
YJL066C,YBR282W,0,-6.1776567,0.09375719726085663,1.0,0.9692042469978333
YNL131W,YDR229W,0,-6.1864796,0.09373560547828674,1.0,0.9694505929946899
YDR196C,YDR146C,0,-6.205496,0.09371402114629745,1.0,0.9696969985961914
YLR380W,YLR153C,0,-6.2135463,0.09369245171546936,1.0,0.9699433445930481
YMR218C,YHR004C,0,-6.2138314,0.09367088973522186,1.0,0.9701896905899048
YPL259C,YKL001C,0,-6.2147145,0.09364933520555496,1.0,0.9704360961914062
YMR267W,YKR044W,0,-6.2330985,0.09362778812646866,1.0,0.9706824421882629
YDR411C,YML128C,0,-6.2349725,0.09360625594854355,1.0,0.9709287881851196
YJR138W,YOR212W,0,-6.2607427,0.09358473122119904,1.0,0.9711751937866211
YKR071C,YBR257W,0,-6.2708383,0.09356322139501572,1.0,0.9714215397834778
YMR046C,YNL006W,0,-6.2969966,0.0935417115688324,1.0,0.9716678857803345
YDR079W,YGR034W,0,-6.2979903,0.09352022409439087,1.0,0.9719142913818359
YMR046C,YIR039C,0,-6.3144336,0.09349873661994934,1.0,0.9721606373786926
YPR167C,YBR196C,0,-6.3218527,0.093477264046669,1.0,0.9724069833755493
YBR067C,YDL022W,0,-6.3236084,0.09345579892396927,1.0,0.9726533889770508
YBR294W,YLR301W,0,-6.336122,0.09343434125185013,1.0,0.9728997349739075
YLR113W,YOR162C,0,-6.337216,0.09341289848089218,1.0,0.9731460809707642
YEL040W,YOR226C,0,-6.3378205,0.09339146316051483,1.0,0.9733924865722656
YPR113W,YPL200W,0,-6.3418546,0.09337003529071808,1.0,0.9736388325691223
YGL083W,YHR058C,0,-6.3480887,0.09334862232208252,1.0,0.973885178565979
YMR136W,YGL004C,0,-6.3491626,0.09332721680402756,1.0,0.9741315841674805
YBR125C,YMR227C,0,-6.352371,0.09330582618713379,1.0,0.9743779301643372
YNR021W,YLR016C,0,-6.357571,0.09328443557024002,1.0,0.9746242761611938
YBR002C,YJL029C,0,-6.361012,0.09326305985450745,1.0,0.9748706817626953
YNL219C,YOR008C,0,-6.3666162,0.09324169158935547,1.0,0.975117027759552
YLL051C,YOR297C,0,-6.3726683,0.09322033822536469,1.0,0.9753633737564087
YLL055W,YGR089W,0,-6.394654,0.0931989923119545,1.0,0.9756097793579102
YFR019W,YBR026C,0,-6.396503,0.09317765384912491,1.0,0.9758561253547668
YPL002C,YDL015C,0,-6.3980784,0.09315633028745651,1.0,0.9761024713516235
YDR233C,YOR393W,0,-6.4002757,0.09313501417636871,1.0,0.976348876953125
YLR187W,YLL017W,0,-6.401138,0.09311370551586151,1.0,0.9765952229499817
YLL055W,YJR112W,0,-6.41546,0.0930924043059349,1.0,0.9768415689468384
YLR300W,YLR088W,0,-6.423141,0.0930711179971695,1.0,0.9770879745483398
YOR084W,YIL177C,0,-6.4353995,0.09304983913898468,1.0,0.9773343205451965
YDL084W,YML030W,0,-6.4532447,0.09302856773138046,1.0,0.9775806665420532
YJR138W,YOL052C,0,-6.4572663,0.09300731122493744,1.0,0.9778270721435547
YGR238C,YBL092W,0,-6.4682384,0.09298606216907501,1.0,0.9780734181404114
YDL142C,YMR145C,0,-6.49318,0.09296482056379318,1.0,0.9783197641372681
YBL058W,YLR028C,0,-6.5100675,0.09294359385967255,1.0,0.9785661697387695
YJL066C,YGL068W,0,-6.571047,0.09292237460613251,1.0,0.9788125157356262
YBR282W,YLR213C,0,-6.5815396,0.09290116280317307,1.0,0.9790588617324829
YJL005W,YOL101C,0,-6.5866055,0.09287996590137482,1.0,0.9793052673339844
YNL172W,YFL048C,0,-6.5882897,0.09285876899957657,1.0,0.9795516133308411
YOL151W,YFR052W,0,-6.589543,0.09283759444952011,1.0,0.9797979593276978
YOL112W,YNL070W,0,-6.6052613,0.09281641989946365,1.0,0.9800443649291992
YDR476C,YBL085W,0,-6.6115837,0.09279526025056839,1.0,0.9802907109260559
YHR175W,YPR198W,0,-6.61862,0.09277410805225372,1.0,0.9805370569229126
YLR300W,YKL144C,0,-6.623982,0.09275296330451965,1.0,0.9807834625244141
YDR498C,YDR364C,0,-6.6290135,0.09273182600736618,1.0,0.9810298085212708
YOR020C,YIL042C,0,-6.6375327,0.0927107036113739,1.0,0.9812761545181274
YGL010W,YDR461W,0,-6.6409473,0.09268958866596222,1.0,0.9815225601196289
YDR296W,YPL098C,0,-6.642862,0.09266848862171173,1.0,0.9817689061164856
YIL142W,YKR102W,0,-6.643829,0.09264739602804184,1.0,0.9820152521133423
YKL161C,YDR353W,0,-6.6449075,0.09262631088495255,1.0,0.9822616577148438
YJL103C,YMR136W,0,-6.6804824,0.09260523319244385,1.0,0.9825080037117004
YIL042C,YLR151C,0,-6.6946616,0.09258417040109634,1.0,0.9827543497085571
YNR021W,YPR198W,0,-6.704987,0.09256310760974884,1.0,0.9830007553100586
YLR130C,YMR267W,0,-6.7301154,0.09254206717014313,1.0,0.9832471013069153
YPL094C,YER019C-A,0,-6.7333617,0.09252102673053741,1.0,0.983493447303772
YPR198W,YLR330W,0,-6.7337403,0.0925000011920929,1.0,0.9837398529052734
YDR205W,YBL041W,0,-6.749825,0.09247898310422897,1.0,0.9839861989021301
YPL094C,YGR145W,0,-6.7522836,0.09245797246694565,1.0,0.9842325448989868
YNL127W,YBR115C,0,-6.7527986,0.09243697673082352,1.0,0.9844789505004883
YGL186C,YOR099W,0,-6.758414,0.09241598844528198,1.0,0.984725296497345
YKL119C,YER150W,0,-6.7670035,0.09239500761032104,1.0,0.9849716424942017
YPR149W,YFR033C,0,-6.770804,0.0923740342259407,1.0,0.9852180480957031
YNL131W,YNL281W,0,-6.779652,0.09235307574272156,1.0,0.9854643940925598
YNL010W,YPL273W,0,-6.7861447,0.09233212471008301,1.0,0.9857107400894165
YMR272C,YBL085W,0,-6.8135476,0.09231118112802505,1.0,0.985957145690918
YDR410C,YKL015W,0,-6.815194,0.0922902524471283,1.0,0.9862034916877747
YDL198C,YGR027C,0,-6.822004,0.09226932376623154,1.0,0.9864498376846313
YOL082W,YDL097C,0,-6.8342967,0.09224840998649597,1.0,0.9866962432861328
YLR289W,YOR261C,0,-6.8529387,0.0922275111079216,1.0,0.9869425892829895
YDR059C,YML028W,0,-6.8533845,0.09220661222934723,1.0,0.9871889352798462
YOR147W,YFL014W,0,-6.889955,0.09218572825193405,1.0,0.9874353408813477
YKL090W,YDR172W,0,-6.8941884,0.09216485172510147,1.0,0.9876816868782043
YOR084W,YMR034C,0,-6.902466,0.09214399009943008,1.0,0.987928032875061
YPR011C,YKL130C,0,-6.907784,0.0921231359243393,1.0,0.9881744384765625
YER050C,YFR052W,0,-6.910931,0.0921022891998291,1.0,0.9884207844734192
YNL138W,YNL284C,0,-6.9327865,0.0920814499258995,1.0,0.9886671304702759
YJL117W,YIR005W,0,-7.010157,0.0920606181025505,1.0,0.9889135360717773
YDR492W,YOL090W,0,-7.010732,0.0920398011803627,1.0,0.989159882068634
YNL208W,YHR057C,0,-7.0204434,0.0920189917087555,1.0,0.9894062280654907
YGR238C,YFL057C,0,-7.033626,0.09199818968772888,1.0,0.9896526336669922
YGL203C,YML109W,0,-7.044804,0.09197740256786346,1.0,0.9898989796638489
YOL112W,YPL083C,0,-7.0881457,0.09195662289857864,1.0,0.9901453852653503
YEL043W,YGR143W,0,-7.091127,0.09193585067987442,1.0,0.990391731262207
YMR089C,YML028W,0,-7.0960903,0.0919150859117508,1.0,0.9906380772590637
YBR260C,YKL210W,0,-7.127503,0.09189433604478836,1.0,0.9908844828605652
YKL119C,YEL070W,0,-7.1511235,0.09187358617782593,1.0,0.9911308288574219
YOL129W,YHR156C,0,-7.1613803,0.09185285121202469,1.0,0.9913771748542786
YGR238C,YCR011C,0,-7.165155,0.09183213114738464,1.0,0.99162358045578
YOR324C,YAR031W,0,-7.197496,0.0918114110827446,1.0,0.9918699264526367
YGL180W,YDR410C,0,-7.211365,0.09179070591926575,1.0,0.9921162724494934
YDR518W,YBR074W,0,-7.2584605,0.09177000820636749,1.0,0.9923626780509949
YOL112W,YNL284C,0,-7.278229,0.09174932539463043,1.0,0.9926090240478516
YNR013C,YHL027W,0,-7.3424797,0.09172864258289337,1.0,0.9928553700447083
YMR200W,YLL040C,0,-7.3427377,0.0917079746723175,1.0,0.9931017756462097
YPR113W,YJR133W,0,-7.4075475,0.09168731421232224,1.0,0.9933481216430664
YGR036C,YFL057C,0,-7.4078436,0.09166666865348816,1.0,0.9935944676399231
YCR011C,YDR410C,0,-7.4176416,0.09164602309465408,1.0,0.9938408732414246
YDL128W,YLR160C,0,-7.4412208,0.0916253924369812,1.0,0.9940872192382812
YOR304C-A,YDR470C,0,-7.458035,0.09160476922988892,1.0,0.9943335652351379
YEL043W,YLR394W,0,-7.470001,0.09158416092395782,1.0,0.9945799708366394
YMR238W,YAR035W,0,-7.521168,0.09156355261802673,1.0,0.9948263168334961
YKL041W,YLR151C,0,-7.6472144,0.09154295921325684,1.0,0.9950726628303528
YDR492W,YBR281C,0,-7.655005,0.09152237325906754,1.0,0.9953190684318542
YDR411C,YMR179W,0,-7.7040486,0.09150180220603943,1.0,0.9955654144287109
YBR177C,YML030W,0,-7.7383575,0.09148123115301132,1.0,0.9958117604255676
YNL138W,YJR103W,0,-7.768281,0.09146067500114441,1.0,0.9960581660270691
YOR377W,YBL034C,0,-7.828612,0.0914401262998581,1.0,0.9963045120239258
YPR026W,YBR196C,0,-7.881476,0.09141958504915237,1.0,0.9965508580207825
YBR287W,YLR160C,0,-7.921668,0.09139905869960785,1.0,0.9967972636222839
YGR179C,YEL041W,0,-7.9467964,0.09137853980064392,1.0,0.9970436096191406
YAR002C-A,YBR294W,0,-8.077792,0.09135802835226059,1.0,0.9972899556159973
YDL015C,YNR002C,0,-8.11524,0.09133752435445786,1.0,0.9975363612174988
YPL196W,YOL151W,0,-8.287645,0.09131702780723572,1.0,0.9977827072143555
YOL112W,YDL077C,0,-8.301294,0.09129654616117477,1.0,0.9980290532112122
YPR113W,YLL017W,0,-8.358718,0.09127607196569443,1.0,0.9982754588127136
YDR411C,YBR257W,0,-8.455955,0.09125560522079468,1.0,0.9985218048095703
YGR282C,YOR020C,0,-8.480327,0.09123514592647552,1.0,0.998768150806427
YBR067C,YKL168C,0,-8.729446,0.09121470153331757,1.0,0.9990145564079285
YMR169C,YBL058W,0,-8.784965,0.0911942645907402,1.0,0.9992609024047852
YFL048C,YGL203C,0,-8.924521,0.09117383509874344,1.0,0.9995072484016418
YPL119C,YBR243C,0,-9.163019,0.09115341305732727,1.0,0.9997536540031433
YDR476C,YMR136W,0,-9.26658,0.0911330059170723,1.0,1.0
