Gene A,Gene B,Label,Score,Precision,Recall,False Positive Rate
YLR068W,YLR196W,1,7.1689467,1.0,0.0010000000474974513,0.0
YMR229C,YKL009W,1,6.7019324,1.0,0.0020000000949949026,0.0
YKL009W,YDR365C,1,6.675181,1.0,0.003000000026077032,0.0
YOL080C,YLL035W,1,6.528172,1.0,0.004000000189989805,0.0
YGR128C,YLL008W,1,6.386714,1.0,0.004999999888241291,0.0
YOR078W,YKL009W,1,6.351873,1.0,0.006000000052154064,0.0
YJL050W,YDR083W,1,6.2871323,1.0,0.007000000216066837,0.0
YJL050W,YLR276C,1,6.286288,1.0,0.00800000037997961,0.0
YFL002C,YLR197W,1,6.272078,1.0,0.008999999612569809,0.0
YGL078C,YDR365C,1,6.249499,1.0,0.009999999776482582,0.0
YFL002C,YHR089C,1,6.1740727,1.0,0.010999999940395355,0.0
YMR239C,YDL213C,1,6.170189,1.0,0.012000000104308128,0.0
YGR081C,YER006W,1,6.0586333,1.0,0.013000000268220901,0.0
YJL050W,YER006W,1,6.033548,1.0,0.014000000432133675,0.0
YMR239C,YPR112C,1,6.0295606,1.0,0.014999999664723873,0.0
YMR229C,YIL019W,1,5.95231,1.0,0.01600000075995922,0.0
YGR128C,YDL213C,1,5.892056,1.0,0.017000000923871994,0.0
YKL009W,YER127W,1,5.8676047,1.0,0.017999999225139618,0.0
YGR081C,YGL120C,1,5.8589497,1.0,0.01899999938905239,0.0
YGR081C,YPL146C,1,5.8525157,1.0,0.019999999552965164,0.0
YDR412W,YLR196W,1,5.8499684,1.0,0.020999999716877937,0.0
YDR083W,YML093W,1,5.841337,1.0,0.02199999988079071,0.0
YJL033W,YML093W,1,5.8401947,1.0,0.023000000044703484,0.0
YHR169W,YLR409C,1,5.7652116,1.0,0.024000000208616257,0.0
YHR197W,YCL059C,1,5.7301707,1.0,0.02500000037252903,0.0
YML093W,YLR409C,1,5.7104707,1.0,0.026000000536441803,0.0
YHR197W,YMR229C,1,5.7075458,1.0,0.027000000700354576,0.0
YOL080C,YKL009W,1,5.7064705,1.0,0.02800000086426735,0.0
YDL213C,YPR143W,1,5.676064,1.0,0.028999999165534973,0.0
YKR060W,YER006W,1,5.669831,1.0,0.029999999329447746,0.0
YMR229C,YOR294W,1,5.6644416,1.0,0.03099999949336052,0.0
YDR087C,YDR021W,1,5.6448226,1.0,0.03200000151991844,0.0
YKR060W,YPL043W,1,5.568933,1.0,0.032999999821186066,0.0
YHR089C,YHR062C,1,5.5599837,1.0,0.03400000184774399,0.0
YDL148C,YER126C,1,5.5117903,1.0,0.03500000014901161,0.0
YGR128C,YIL019W,1,5.4833784,1.0,0.035999998450279236,0.0
YMR229C,YOR145C,1,5.4746017,1.0,0.03700000047683716,0.0
YGR081C,YPR112C,1,5.4668784,1.0,0.03799999877810478,0.0
YJL050W,YDL213C,1,5.43179,1.0,0.039000000804662704,0.0
YLR068W,YKR024C,1,5.4176054,1.0,0.03999999910593033,0.0
YJL050W,YHR088W,1,5.3627377,1.0,0.04100000113248825,0.0
YOR078W,YDR339C,1,5.3600183,1.0,0.041999999433755875,0.0
YMR229C,YDL153C,1,5.3585186,1.0,0.0430000014603138,0.0
YLR068W,YMR049C,1,5.3326406,1.0,0.04399999976158142,0.0
YKL009W,YDR021W,1,5.331844,1.0,0.04500000178813934,0.0
YDR087C,YER126C,1,5.314557,1.0,0.04600000008940697,0.0
YCL031C,YER127W,1,5.2868385,1.0,0.04699999839067459,0.0
YDL153C,YJL033W,1,5.244078,1.0,0.04800000041723251,0.0
YJL050W,YGL171W,1,5.2311454,1.0,0.04899999871850014,0.0
YLL008W,YCR057C,1,5.214244,1.0,0.05000000074505806,0.0
YGR145W,YDL153C,1,5.2100587,1.0,0.050999999046325684,0.0
YDR087C,YLL035W,1,5.1962953,1.0,0.052000001072883606,0.0
YOL010W,YPL093W,1,5.1883235,1.0,0.05299999937415123,0.0
YOR078W,YLL008W,1,5.18635,1.0,0.05400000140070915,0.0
YLR068W,YNL061W,1,5.18502,1.0,0.054999999701976776,0.0
YPL146C,YHR089C,1,5.1758275,1.0,0.0560000017285347,0.0
YDL153C,YFL002C,1,5.141978,1.0,0.05700000002980232,0.0
YLR276C,YLR409C,1,5.139425,1.0,0.057999998331069946,0.0
YDR412W,YER006W,1,5.099886,1.0,0.05900000035762787,0.0
YJL050W,YOL142W,1,5.0988026,1.0,0.05999999865889549,0.0
YLL011W,YHR065C,1,5.0968356,1.0,0.061000000685453415,0.0
YKR060W,YDL213C,1,5.0552125,1.0,0.06199999898672104,0.0
YOR078W,YGR280C,1,5.0497,1.0,0.06300000101327896,0.0
YDR021W,YOR145C,1,5.048987,1.0,0.06400000303983688,0.0
YLR002C,YDR083W,1,5.0389915,1.0,0.06499999761581421,0.0
YLL008W,YGL078C,1,5.038944,1.0,0.06599999964237213,0.0
YLR196W,YPR112C,1,5.022743,1.0,0.06700000166893005,0.0
YPR137W,YKR024C,1,5.0176744,1.0,0.06800000369548798,0.0
YLR222C,YPR112C,1,5.01671,1.0,0.0689999982714653,0.0
YNR038W,YKR081C,1,4.98043,1.0,0.07000000029802322,0.0
YOL080C,YKR060W,1,4.9754195,1.0,0.07100000232458115,0.0
YMR229C,YLR197W,1,4.951509,1.0,0.07199999690055847,0.0
YKR060W,YDL153C,1,4.9473276,1.0,0.0729999989271164,0.0
YLR068W,YGL171W,1,4.943083,1.0,0.07400000095367432,0.0
YGR145W,YHR089C,1,4.8999524,1.0,0.07500000298023224,0.0
YOR078W,YDR398W,1,4.8980465,1.0,0.07599999755620956,0.0
YCR035C,YPL012W,1,4.8953214,1.0,0.07699999958276749,0.0
YMR229C,YLR002C,1,4.887215,1.0,0.07800000160932541,0.0
YDR087C,YLR068W,1,4.875278,1.0,0.07900000363588333,0.0
YBR247C,YLL035W,1,4.839308,1.0,0.07999999821186066,0.0
YLL008W,YER127W,1,4.835706,1.0,0.08100000023841858,0.0
YER006W,YLR276C,1,4.8349333,1.0,0.0820000022649765,0.0
YGR128C,YHR081W,1,4.804304,1.0,0.08299999684095383,0.0
YLR196W,YCR057C,1,4.798659,1.0,0.08399999886751175,0.0
YGR128C,YGR081C,1,4.788552,1.0,0.08500000089406967,0.0
YGR128C,YDR021W,1,4.77198,1.0,0.0860000029206276,0.0
YOL144W,YLR196W,1,4.7714763,1.0,0.08699999749660492,0.0
YOL080C,YPL043W,1,4.7697473,1.0,0.08799999952316284,0.0
YLL011W,YNR054C,1,4.7671237,1.0,0.08900000154972076,0.0
YFL002C,YOR004W,1,4.7607484,1.0,0.09000000357627869,0.0
YMR229C,YPL012W,1,4.7292447,1.0,0.09099999815225601,0.0
YMR128W,YGL120C,1,4.725081,1.0,0.09200000017881393,0.0
YKR060W,YBR247C,1,4.7226567,1.0,0.09300000220537186,0.0
YGR280C,YER127W,1,4.721024,1.0,0.09399999678134918,0.0
YER126C,YDL153C,1,4.720471,1.0,0.0949999988079071,0.0
YDR087C,YCR057C,1,4.7176104,1.0,0.09600000083446503,0.0
YDR087C,YGL246C,1,4.7059608,1.0,0.09700000286102295,0.0
YMR131C,YNL308C,0,4.701103,0.9897959232330322,0.09700000286102295,9.999999747378752e-05
YDR398W,YLR051C,1,4.692499,0.9898989796638489,0.09799999743700027,9.999999747378752e-05
YER006W,YOR294W,1,4.6866317,0.9900000095367432,0.0989999994635582,9.999999747378752e-05
YLL011W,YER127W,1,4.6827765,0.9900990128517151,0.10000000149011612,9.999999747378752e-05
YLL011W,YLL008W,1,4.6769114,0.9901960492134094,0.10100000351667404,9.999999747378752e-05
YGR081C,YNL061W,1,4.6725535,0.9902912378311157,0.10199999809265137,9.999999747378752e-05
YDL213C,YDL031W,1,4.65335,0.9903846383094788,0.10300000011920929,9.999999747378752e-05
YLR409C,YPL093W,1,4.646113,0.9904761910438538,0.10400000214576721,9.999999747378752e-05
YDL153C,YKR081C,1,4.6427608,0.9905660152435303,0.10499999672174454,9.999999747378752e-05
YGR195W,YML093W,1,4.640053,0.9906542301177979,0.10599999874830246,9.999999747378752e-05
YPL043W,YDR280W,1,4.63941,0.9907407164573669,0.10700000077486038,9.999999747378752e-05
YKR060W,YDR398W,1,4.636534,0.9908257126808167,0.1080000028014183,9.999999747378752e-05
YOL010W,YDL031W,1,4.612557,0.9909090995788574,0.10899999737739563,9.999999747378752e-05
YNL061W,YHR081W,1,4.609024,0.9909909963607788,0.10999999940395355,9.999999747378752e-05
YGL029W,YDR365C,1,4.5990396,0.9910714030265808,0.11100000143051147,9.999999747378752e-05
YMR128W,YDR365C,1,4.5727334,0.991150438785553,0.1120000034570694,9.999999747378752e-05
YPR143W,YLL035W,1,4.5526214,0.9912280440330505,0.11299999803304672,9.999999747378752e-05
YGR195W,YJL109C,1,4.5434117,0.991304337978363,0.11400000005960464,9.999999747378752e-05
YKR060W,YLL008W,1,4.532499,0.9913793206214905,0.11500000208616257,9.999999747378752e-05
YNL061W,YIL019W,1,4.5316157,0.9914529919624329,0.11599999666213989,9.999999747378752e-05
YGL120C,YEL026W,1,4.522848,0.991525411605835,0.11699999868869781,9.999999747378752e-05
YGR280C,YNL232W,1,4.4931755,0.9915966391563416,0.11800000071525574,9.999999747378752e-05
YOL010W,YKR081C,1,4.4868493,0.9916666746139526,0.11900000274181366,9.999999747378752e-05
YOR078W,YDR280W,1,4.4675956,0.9917355179786682,0.11999999731779099,9.999999747378752e-05
YGR081C,YLL011W,1,4.465808,0.9918032884597778,0.12099999934434891,9.999999747378752e-05
YGR081C,YDL031W,1,4.4308877,0.9918699264526367,0.12200000137090683,9.999999747378752e-05
YLL008W,YPR143W,1,4.4252353,0.9919354915618896,0.12300000339746475,9.999999747378752e-05
YLR175W,YMR128W,1,4.4188886,0.9919999837875366,0.12399999797344208,9.999999747378752e-05
YGR159C,YOL142W,1,4.4103312,0.9920634627342224,0.125,9.999999747378752e-05
YHR089C,YEL026W,1,4.4093423,0.9921259880065918,0.12600000202655792,9.999999747378752e-05
YMR229C,YLR192C,1,4.404972,0.9921875,0.12700000405311584,9.999999747378752e-05
YGR159C,YJL050W,1,4.392654,0.9922480583190918,0.12800000607967377,9.999999747378752e-05
YCL059C,YDR083W,1,4.385939,0.9923076629638672,0.1289999932050705,9.999999747378752e-05
YOL144W,YNL282W,1,4.372294,0.9923664331436157,0.12999999523162842,9.999999747378752e-05
YMR229C,YNL061W,1,4.367257,0.9924242496490479,0.13099999725818634,9.999999747378752e-05
YHR065C,YML093W,1,4.363651,0.9924812316894531,0.13199999928474426,9.999999747378752e-05
YMR229C,YHR088W,1,4.3540545,0.9925373196601868,0.13300000131130219,9.999999747378752e-05
YJL109C,YLL035W,1,4.3528404,0.9925925731658936,0.1340000033378601,9.999999747378752e-05
YNL061W,YCR035C,1,4.34448,0.9926470518112183,0.13500000536441803,9.999999747378752e-05
YGR145W,YMR229C,1,4.3407693,0.9927007555961609,0.13600000739097595,9.999999747378752e-05
YDL213C,YNL282W,1,4.3383317,0.9927536249160767,0.13699999451637268,9.999999747378752e-05
YDL213C,YML093W,1,4.32708,0.9928057789802551,0.1379999965429306,9.999999747378752e-05
YGR159C,YOR145C,1,4.3173103,0.9928571581840515,0.13899999856948853,9.999999747378752e-05
YPR143W,YLR409C,1,4.3070655,0.9929078221321106,0.14000000059604645,9.999999747378752e-05
YDL031W,YOR004W,1,4.3058944,0.9929577708244324,0.14100000262260437,9.999999747378752e-05
YHR197W,YDR365C,1,4.3035817,0.9930070042610168,0.1420000046491623,9.999999747378752e-05
YJL033W,YER127W,1,4.299297,0.9930555820465088,0.14300000667572021,9.999999747378752e-05
YGL120C,YHR081W,1,4.298907,0.9931034445762634,0.14399999380111694,9.999999747378752e-05
YGR128C,YDR083W,1,4.292719,0.9931507110595703,0.14499999582767487,9.999999747378752e-05
YLR196W,YOR145C,1,4.262294,0.9931972622871399,0.1459999978542328,9.999999747378752e-05
YMR229C,YPR143W,1,4.257167,0.9932432174682617,0.1469999998807907,9.999999747378752e-05
YPL146C,YGL120C,1,4.256941,0.9932885766029358,0.14800000190734863,9.999999747378752e-05
YNR038W,YER006W,1,4.255115,0.9933333396911621,0.14900000393390656,9.999999747378752e-05
YOR310C,YHR081W,1,4.244217,0.9933775067329407,0.15000000596046448,9.999999747378752e-05
YGL120C,YNL282W,1,4.2419095,0.9934210777282715,0.1509999930858612,9.999999747378752e-05
YDR087C,YDR083W,1,4.2285748,0.9934640526771545,0.15199999511241913,9.999999747378752e-05
YOR078W,YPR137W,1,4.20765,0.9935064911842346,0.15299999713897705,9.999999747378752e-05
YDL213C,YGL120C,1,4.206255,0.9935483932495117,0.15399999916553497,9.999999747378752e-05
YMR093W,YOL144W,1,4.1997976,0.9935897588729858,0.1550000011920929,9.999999747378752e-05
YNR038W,YBL004W,1,4.168834,0.993630588054657,0.15600000321865082,9.999999747378752e-05
YNR038W,YHR088W,1,4.168018,0.9936708807945251,0.15700000524520874,9.999999747378752e-05
YLR068W,YPR137W,1,4.16178,0.9937106966972351,0.15800000727176666,9.999999747378752e-05
YLR196W,YLL008W,1,4.159727,0.9937499761581421,0.1589999943971634,9.999999747378752e-05
YFL002C,YGR103W,1,4.1591887,0.9937888383865356,0.1599999964237213,9.999999747378752e-05
YMR093W,YPL126W,1,4.1480155,0.9938271641731262,0.16099999845027924,9.999999747378752e-05
YGR103W,YHR088W,1,4.138736,0.9938650131225586,0.16200000047683716,9.999999747378752e-05
YLR068W,YLR051C,1,4.132031,0.9939024448394775,0.16300000250339508,9.999999747378752e-05
YLR222C,YPL043W,1,4.1301165,0.9939393997192383,0.164000004529953,9.999999747378752e-05
YDL153C,YER127W,1,4.1218762,0.9939758777618408,0.16500000655651093,9.999999747378752e-05
YDR398W,YLL035W,1,4.120114,0.9940119981765747,0.16599999368190765,9.999999747378752e-05
YDR087C,YOL121C,1,4.1143694,0.9940476417541504,0.16699999570846558,9.999999747378752e-05
YLR276C,YML093W,1,4.0971913,0.9940828680992126,0.1679999977350235,9.999999747378752e-05
YLR175W,YNL282W,1,4.096072,0.9941176176071167,0.16899999976158142,9.999999747378752e-05
YOL080C,YBR247C,1,4.0932612,0.9941520690917969,0.17000000178813934,9.999999747378752e-05
YOL080C,YPL012W,1,4.0930943,0.9941860437393188,0.17100000381469727,9.999999747378752e-05
YGR128C,YMR239C,1,4.0892634,0.9942196607589722,0.1720000058412552,9.999999747378752e-05
YGR280C,YMR229C,1,4.0813527,0.9942528605461121,0.17299999296665192,9.999999747378752e-05
YDR412W,YEL026W,1,4.059665,0.9942857027053833,0.17399999499320984,9.999999747378752e-05
YMR229C,YBR247C,1,4.012647,0.9943181872367859,0.17499999701976776,9.999999747378752e-05
YOR310C,YDR412W,1,3.9953341,0.994350254535675,0.17599999904632568,9.999999747378752e-05
YDL148C,YPR112C,1,3.9939961,0.9943820238113403,0.1770000010728836,9.999999747378752e-05
YER006W,YBL004W,1,3.9938416,0.994413435459137,0.17800000309944153,9.999999747378752e-05
YGR103W,YHR062C,1,3.9877615,0.9944444298744202,0.17900000512599945,9.999999747378752e-05
YPR112C,YPL043W,1,3.9872303,0.9944751262664795,0.18000000715255737,9.999999747378752e-05
YGR081C,YLR175W,1,3.9870458,0.9945054650306702,0.1809999942779541,9.999999747378752e-05
YKR024C,YDR365C,1,3.9735885,0.994535505771637,0.18199999630451202,9.999999747378752e-05
YMR093W,YGR081C,1,3.9424262,0.9945651888847351,0.18299999833106995,9.999999747378752e-05
YOL010W,YLR051C,1,3.9333682,0.9945945739746094,0.18400000035762787,9.999999747378752e-05
YNL061W,YJL033W,1,3.927968,0.9946236610412598,0.1850000023841858,9.999999747378752e-05
YOR078W,YKR060W,1,3.9231982,0.9946523904800415,0.1860000044107437,9.999999747378752e-05
YNL061W,YNL282W,1,3.898272,0.9946808218955994,0.18700000643730164,9.999999747378752e-05
YCR035C,YCR057C,1,3.8974648,0.9947090148925781,0.18799999356269836,9.999999747378752e-05
YDL148C,YLL008W,1,3.8945918,0.9947368502616882,0.1889999955892563,9.999999747378752e-05
YJL109C,YKR081C,1,3.892603,0.9947643876075745,0.1899999976158142,9.999999747378752e-05
YGR159C,YGR128C,1,3.8914952,0.9947916865348816,0.19099999964237213,9.999999747378752e-05
YGL246C,YLR197W,1,3.8736606,0.9948186278343201,0.19200000166893005,9.999999747378752e-05
YMR239C,YEL026W,1,3.8693852,0.9948453903198242,0.19300000369548798,9.999999747378752e-05
YLR051C,YKR024C,1,3.835544,0.9948717951774597,0.1940000057220459,9.999999747378752e-05
YPL126W,YNL221C,1,3.8347182,0.9948979616165161,0.19499999284744263,9.999999747378752e-05
YOR004W,YLL035W,1,3.8210363,0.9949238300323486,0.19599999487400055,9.999999747378752e-05
YLR222C,YPL146C,1,3.80968,0.9949495196342468,0.19699999690055847,9.999999747378752e-05
YOL010W,YLR197W,1,3.7972898,0.9949748516082764,0.1979999989271164,9.999999747378752e-05
YFL002C,YJR002W,1,3.7947354,0.9950000047683716,0.19900000095367432,9.999999747378752e-05
YJL050W,YBR257W,1,3.7767692,0.9950248599052429,0.20000000298023224,9.999999747378752e-05
YGR159C,YDL148C,1,3.766499,0.9950494766235352,0.20100000500679016,9.999999747378752e-05
YLR276C,YDR365C,1,3.76448,0.9950739145278931,0.20200000703334808,9.999999747378752e-05
YKL009W,YPR143W,1,3.7627974,0.9950980544090271,0.2029999941587448,9.999999747378752e-05
YGR280C,YDR021W,1,3.7609792,0.995121955871582,0.20399999618530273,9.999999747378752e-05
YHR169W,YEL026W,1,3.7577624,0.9951456189155579,0.20499999821186066,9.999999747378752e-05
YLR051C,YJL109C,1,3.7497287,0.9951691031455994,0.20600000023841858,9.999999747378752e-05
YDR083W,YJL033W,1,3.742125,0.995192289352417,0.2070000022649765,9.999999747378752e-05
YOR294W,YGL171W,1,3.7368846,0.9952152967453003,0.20800000429153442,9.999999747378752e-05
YPR137W,YFL002C,1,3.735866,0.9952380657196045,0.20900000631809235,9.999999747378752e-05
YDR398W,YNL282W,1,3.7334166,0.9952606558799744,0.20999999344348907,9.999999747378752e-05
YGR159C,YGR095C,1,3.7296035,0.9952830076217651,0.210999995470047,9.999999747378752e-05
YNR038W,YPR112C,1,3.7261214,0.9953051805496216,0.21199999749660492,9.999999747378752e-05
YER126C,YLR409C,1,3.7237144,0.9953271150588989,0.21299999952316284,9.999999747378752e-05
YOL144W,YOL010W,1,3.7115479,0.9953488111495972,0.21400000154972076,9.999999747378752e-05
YCL031C,YDR365C,1,3.7092075,0.9953703880310059,0.2150000035762787,9.999999747378752e-05
YGR159C,YBR257W,1,3.6870375,0.9953917264938354,0.2160000056028366,9.999999747378752e-05
YBR247C,YNL282W,1,3.683358,0.9954128265380859,0.21699999272823334,9.999999747378752e-05
YKL172W,YPL211W,1,3.680164,0.9954338073730469,0.21799999475479126,9.999999747378752e-05
YGR145W,YAL025C,1,3.679257,0.9954545497894287,0.21899999678134918,9.999999747378752e-05
YML093W,YNR054C,1,3.6582398,0.9954751133918762,0.2199999988079071,9.999999747378752e-05
YPR143W,YGL171W,1,3.6563005,0.9954954981803894,0.22100000083446503,9.999999747378752e-05
YDR412W,YGR081C,1,3.653684,0.9955157041549683,0.22200000286102295,9.999999747378752e-05
YHR169W,YOR078W,1,3.6493895,0.9955357313156128,0.22300000488758087,9.999999747378752e-05
YER006W,YEL026W,1,3.6485133,0.995555579662323,0.2240000069141388,9.999999747378752e-05
YGR103W,YLR409C,1,3.6163535,0.9955752491950989,0.22499999403953552,9.999999747378752e-05
YLL008W,YHR088W,1,3.6106856,0.9955947399139404,0.22599999606609344,9.999999747378752e-05
YJL191W,YDR083W,1,3.6012049,0.9956140518188477,0.22699999809265137,9.999999747378752e-05
YPL146C,YMR229C,1,3.5918653,0.9956331849098206,0.2280000001192093,9.999999747378752e-05
YGL246C,YDL213C,1,3.581963,0.9956521987915039,0.2290000021457672,9.999999747378752e-05
YOL080C,YGL171W,1,3.5734076,0.9956709742546082,0.23000000417232513,9.999999747378752e-05
YLR175W,YBL004W,1,3.5723581,0.9956896305084229,0.23100000619888306,9.999999747378752e-05
YLL008W,YNL232W,1,3.5713472,0.995708167552948,0.23199999332427979,9.999999747378752e-05
YLR196W,YLR197W,1,3.5680647,0.995726466178894,0.2329999953508377,9.999999747378752e-05
YDL213C,YHR088W,1,3.5666451,0.9957447052001953,0.23399999737739563,9.999999747378752e-05
YOR078W,YLR197W,1,3.5610101,0.9957627058029175,0.23499999940395355,9.999999747378752e-05
YER127W,YGR095C,1,3.5586052,0.9957805871963501,0.23600000143051147,9.999999747378752e-05
YMR093W,YHR088W,1,3.544382,0.9957982897758484,0.2370000034570694,9.999999747378752e-05
YGL029W,YPL043W,1,3.5328577,0.9958158731460571,0.23800000548362732,9.999999747378752e-05
YBR257W,YLR276C,1,3.5206378,0.9958333373069763,0.23899999260902405,9.999999747378752e-05
YDR021W,YPL012W,1,3.508049,0.9958506226539612,0.23999999463558197,9.999999747378752e-05
YHR169W,YPR112C,1,3.4947076,0.9958677887916565,0.2409999966621399,9.999999747378752e-05
YOR048C,YER126C,1,3.493299,0.9958847761154175,0.24199999868869781,9.999999747378752e-05
YCL031C,YLR196W,1,3.4925675,0.9959016442298889,0.24300000071525574,9.999999747378752e-05
YBR247C,YLR192C,1,3.4881804,0.9959183931350708,0.24400000274181366,9.999999747378752e-05
YDL148C,YOR294W,1,3.4800413,0.9959349632263184,0.24500000476837158,9.999999747378752e-05
YDR412W,YPL146C,1,3.4787917,0.9959514141082764,0.2460000067949295,9.999999747378752e-05
YJL191W,YKR081C,1,3.46357,0.9959677457809448,0.24699999392032623,9.999999747378752e-05
YLR222C,YCR057C,1,3.4281595,0.9959839582443237,0.24799999594688416,9.999999747378752e-05
YHL034C,YEL026W,1,3.4277291,0.9959999918937683,0.24899999797344208,9.999999747378752e-05
YDR083W,YKR024C,1,3.4275656,0.9960159659385681,0.25,9.999999747378752e-05
YGL246C,YLL011W,1,3.421682,0.9960317611694336,0.25099998712539673,9.999999747378752e-05
YGR280C,YLR276C,1,3.4043128,0.9960474371910095,0.25200000405311584,9.999999747378752e-05
YBR257W,YMR049C,1,3.3928456,0.9960629940032959,0.2529999911785126,9.999999747378752e-05
YLR175W,YPL211W,1,3.3906338,0.9960784316062927,0.2540000081062317,9.999999747378752e-05
YDR398W,YPR137W,1,3.387383,0.99609375,0.2549999952316284,9.999999747378752e-05
YGL246C,YLR196W,1,3.3827043,0.9961089491844177,0.25600001215934753,9.999999747378752e-05
YOL144W,YDR365C,1,3.3728957,0.9961240291595459,0.25699999928474426,9.999999747378752e-05
YMR229C,YLR430W,1,3.362555,0.9961389899253845,0.257999986410141,9.999999747378752e-05
YHR088W,YIL019W,1,3.3619294,0.9961538314819336,0.2590000033378601,9.999999747378752e-05
YHL034C,YER006W,1,3.3617845,0.9961685538291931,0.25999999046325684,9.999999747378752e-05
YLR222C,YPL126W,1,3.3616197,0.9961832165718079,0.26100000739097595,9.999999747378752e-05
YLR068W,YPL217C,1,3.3453398,0.9961977005004883,0.2619999945163727,9.999999747378752e-05
YDL153C,YPR137W,1,3.3430126,0.9962121248245239,0.2630000114440918,9.999999747378752e-05
YGR090W,YBR247C,1,3.3407445,0.99622642993927,0.2639999985694885,9.999999747378752e-05
YGL029W,YGR103W,1,3.3381124,0.9962406158447266,0.26499998569488525,9.999999747378752e-05
YMR128W,YLR192C,1,3.33696,0.9962546825408936,0.26600000262260437,9.999999747378752e-05
YMR093W,YER006W,1,3.3284209,0.996268630027771,0.2669999897480011,9.999999747378752e-05
YGL120C,YPL211W,1,3.3054905,0.9962825179100037,0.2680000066757202,9.999999747378752e-05
YKR024C,YNL282W,1,3.3018043,0.9962962865829468,0.26899999380111694,9.999999747378752e-05
YOR004W,YLR276C,1,3.2994876,0.9963099360466003,0.27000001072883606,9.999999747378752e-05
YPR016C,YDR365C,1,3.288461,0.9963235259056091,0.2709999978542328,9.999999747378752e-05
YDR087C,YLR196W,1,3.2833924,0.9963369965553284,0.2720000147819519,9.999999747378752e-05
YPR016C,YCL059C,1,3.2768168,0.9963503479957581,0.27300000190734863,9.999999747378752e-05
YHR169W,YGR195W,1,3.2709684,0.996363639831543,0.27399998903274536,9.999999747378752e-05
YPL093W,YCR057C,1,3.2587492,0.9963768124580383,0.2750000059604645,9.999999747378752e-05
YGR280C,YLR197W,1,3.2564409,0.9963898658752441,0.2759999930858612,9.999999747378752e-05
YLR002C,YDR365C,1,3.234549,0.9964028596878052,0.2770000100135803,9.999999747378752e-05
YMR229C,YNL221C,1,3.2253783,0.9964157938957214,0.27799999713897705,9.999999747378752e-05
YPL146C,YLR068W,1,3.2189112,0.9964285492897034,0.27900001406669617,9.999999747378752e-05
YOR310C,YMR239C,1,3.2101328,0.9964413046836853,0.2800000011920929,9.999999747378752e-05
YGL246C,YPL146C,1,3.2011168,0.9964538812637329,0.2809999883174896,9.999999747378752e-05
YOR294W,YIL019W,1,3.1933002,0.9964664578437805,0.28200000524520874,9.999999747378752e-05
YGR090W,YLR196W,1,3.1909666,0.9964788556098938,0.28299999237060547,9.999999747378752e-05
YPL217C,YLL008W,1,3.1870658,0.9964912533760071,0.2840000092983246,9.999999747378752e-05
YNL232W,YEL026W,1,3.1833038,0.996503472328186,0.2849999964237213,9.999999747378752e-05
YPL126W,YDR021W,1,3.1815042,0.996515691280365,0.28600001335144043,9.999999747378752e-05
YJL050W,YPR016C,1,3.1624343,0.9965277910232544,0.28700000047683716,9.999999747378752e-05
YLR002C,YLL008W,1,3.1509304,0.9965397715568542,0.2879999876022339,9.999999747378752e-05
YML093W,YDR280W,1,3.1504896,0.9965517520904541,0.289000004529953,9.999999747378752e-05
YKL021C,YJL191W,1,3.1496758,0.9965635538101196,0.28999999165534973,9.999999747378752e-05
YLR222C,YJL033W,1,3.1495934,0.9965753555297852,0.29100000858306885,9.999999747378752e-05
YOL010W,YNL221C,1,3.1447706,0.9965870380401611,0.2919999957084656,9.999999747378752e-05
YGL246C,YOR294W,1,3.140665,0.9965986609458923,0.2930000126361847,9.999999747378752e-05
YOR078W,YJL109C,1,3.1395652,0.996610164642334,0.2939999997615814,9.999999747378752e-05
YGR159C,YBL004W,1,3.1390138,0.9966216087341309,0.29499998688697815,9.999999747378752e-05
YMR229C,YJR002W,1,3.1309748,0.996632993221283,0.29600000381469727,9.999999747378752e-05
YHL034C,YGR103W,1,3.10506,0.9966443181037903,0.296999990940094,9.999999747378752e-05
YMR128W,YCR057C,1,3.1050544,0.9966555237770081,0.2980000078678131,9.999999747378752e-05
YNR038W,YLR002C,1,3.104562,0.996666669845581,0.29899999499320984,9.999999747378752e-05
YDL148C,YAL025C,1,3.099396,0.9966777563095093,0.30000001192092896,9.999999747378752e-05
YJL033W,YNL221C,1,3.0978343,0.996688723564148,0.3009999990463257,9.999999747378752e-05
YLL011W,YNL232W,1,3.0924208,0.9966996908187866,0.3019999861717224,9.999999747378752e-05
YAL025C,YNR054C,1,3.0910065,0.9967105388641357,0.30300000309944153,9.999999747378752e-05
YBR247C,YOL142W,1,3.0890646,0.9967213273048401,0.30399999022483826,9.999999747378752e-05
YDR398W,YER127W,1,3.082019,0.9967319965362549,0.3050000071525574,9.999999747378752e-05
YHR169W,YKR081C,1,3.0803437,0.9967426657676697,0.3059999942779541,9.999999747378752e-05
YGL029W,YFL002C,1,3.068613,0.9967532753944397,0.3070000112056732,9.999999747378752e-05
YOL144W,YNR038W,1,3.061744,0.9967637658119202,0.30799999833106995,9.999999747378752e-05
YDL153C,YIL019W,1,3.0590372,0.9967741966247559,0.3089999854564667,9.999999747378752e-05
YMR239C,YJL033W,1,3.0446799,0.9967845678329468,0.3100000023841858,9.999999747378752e-05
YHR065C,YDR280W,1,3.0421746,0.9967948794364929,0.3109999895095825,9.999999747378752e-05
YGR159C,YHR089C,1,3.0298889,0.9968051314353943,0.31200000643730164,9.999999747378752e-05
YGR081C,YNL282W,1,3.0249095,0.9968152642250061,0.31299999356269836,9.999999747378752e-05
YLR276C,YJL033W,1,3.0167487,0.9968253970146179,0.3140000104904175,9.999999747378752e-05
YGL246C,YGL078C,1,3.0147414,0.996835470199585,0.3149999976158142,9.999999747378752e-05
YBR257W,YNL061W,1,3.0133727,0.9968454241752625,0.3160000145435333,9.999999747378752e-05
YKL009W,YLR192C,1,2.9989955,0.9968553185462952,0.31700000166893005,9.999999747378752e-05
YLR051C,YGR103W,1,2.9922693,0.9968652129173279,0.3179999887943268,9.999999747378752e-05
YAL025C,YBR247C,1,2.9849873,0.996874988079071,0.3190000057220459,9.999999747378752e-05
YGL171W,YKR081C,1,2.9662771,0.9968847632408142,0.3199999928474426,9.999999747378752e-05
YOL144W,YOL080C,1,2.9649472,0.9968944191932678,0.32100000977516174,9.999999747378752e-05
YMR093W,YLR430W,1,2.9603808,0.9969040155410767,0.32199999690055847,9.999999747378752e-05
YGR159C,YGR090W,1,2.9595513,0.9969135522842407,0.3230000138282776,9.999999747378752e-05
YPL126W,YGL171W,1,2.9558973,0.9969230890274048,0.3240000009536743,9.999999747378752e-05
YHR089C,YNL282W,1,2.955577,0.9969325065612793,0.32499998807907104,9.999999747378752e-05
YLR222C,YLR051C,1,2.9514947,0.9969419240951538,0.32600000500679016,9.999999747378752e-05
YLR222C,YAL025C,1,2.9463806,0.9969512224197388,0.3269999921321869,9.999999747378752e-05
YOR310C,YOR145C,1,2.936722,0.996960461139679,0.328000009059906,9.999999747378752e-05
YPL146C,YDL213C,1,2.934862,0.9969696998596191,0.32899999618530273,9.999999747378752e-05
YGL029W,YPR112C,1,2.9267335,0.9969788789749146,0.33000001311302185,9.999999747378752e-05
YDR412W,YPL126W,1,2.9245558,0.9969879388809204,0.3310000002384186,9.999999747378752e-05
YGL029W,YPR137W,1,2.9244103,0.9969969987869263,0.3319999873638153,9.999999747378752e-05
YOL010W,YJL033W,1,2.9133563,0.9970059990882874,0.3330000042915344,9.999999747378752e-05
YPL126W,YCR018C,1,2.910615,0.9970149397850037,0.33399999141693115,9.999999747378752e-05
YKR060W,YOR145C,1,2.9061937,0.9970238208770752,0.33500000834465027,9.999999747378752e-05
YGL078C,YJL033W,1,2.901864,0.997032642364502,0.335999995470047,9.999999747378752e-05
YLR222C,YMR128W,1,2.8947816,0.9970414042472839,0.3370000123977661,9.999999747378752e-05
YOR004W,YER127W,1,2.8894644,0.9970501661300659,0.33799999952316284,9.999999747378752e-05
YCL031C,YKR060W,1,2.883877,0.9970588088035583,0.33899998664855957,9.999999747378752e-05
YPR016C,YFL002C,1,2.876891,0.9970674514770508,0.3400000035762787,9.999999747378752e-05
YMR049C,YPL211W,1,2.8706026,0.9970760345458984,0.3409999907016754,9.999999747378752e-05
YGL029W,YMR239C,1,2.8661966,0.9970845580101013,0.34200000762939453,9.999999747378752e-05
YGR195W,YIL019W,1,2.8608272,0.9970930218696594,0.34299999475479126,9.999999747378752e-05
YOL144W,YLR175W,1,2.8573065,0.9971014261245728,0.3440000116825104,9.999999747378752e-05
YOR294W,YOR004W,1,2.849876,0.9971098303794861,0.3449999988079071,9.999999747378752e-05
YPL217C,YLR409C,1,2.841814,0.9971181750297546,0.34599998593330383,9.999999747378752e-05
YOR310C,YJR002W,1,2.8390017,0.9971264600753784,0.34700000286102295,9.999999747378752e-05
YLR002C,YEL026W,1,2.8340297,0.9971346855163574,0.3479999899864197,9.999999747378752e-05
YNL061W,YJL109C,1,2.833618,0.9971428513526917,0.3490000069141388,9.999999747378752e-05
YHR169W,YNL282W,1,2.8319159,0.9971510171890259,0.3499999940395355,9.999999747378752e-05
YNR038W,YGL120C,1,2.7949002,0.9971590638160706,0.35100001096725464,9.999999747378752e-05
YLR222C,YDR398W,1,2.794691,0.9971671104431152,0.35199999809265137,9.999999747378752e-05
YDL213C,YNL232W,1,2.7885451,0.9971751570701599,0.3529999852180481,9.999999747378752e-05
YCL031C,YNR038W,1,2.784771,0.997183084487915,0.3540000021457672,9.999999747378752e-05
YDR412W,YOL010W,1,2.7833734,0.9971910119056702,0.35499998927116394,9.999999747378752e-05
YCL031C,YLR175W,1,2.7780843,0.9971988797187805,0.35600000619888306,9.999999747378752e-05
YOR294W,YDR021W,1,2.7642696,0.9972066879272461,0.3569999933242798,9.999999747378752e-05
YGL120C,YML093W,1,2.762411,0.9972144961357117,0.3580000102519989,9.999999747378752e-05
YKL172W,YOL121C,1,2.7539563,0.9972222447395325,0.35899999737739563,9.999999747378752e-05
YHR169W,YMR049C,1,2.7521918,0.9972299337387085,0.36000001430511475,9.999999747378752e-05
YOR294W,YLL008W,1,2.7438037,0.9972375631332397,0.3610000014305115,9.999999747378752e-05
YDR398W,YHR062C,1,2.7424893,0.997245192527771,0.3619999885559082,9.999999747378752e-05
YKR024C,YGR095C,1,2.7411458,0.9972527623176575,0.3630000054836273,9.999999747378752e-05
YMR229C,YDR280W,1,2.7377434,0.9972602725028992,0.36399999260902405,9.999999747378752e-05
YKL172W,YER126C,1,2.7368298,0.9972677826881409,0.36500000953674316,9.999999747378752e-05
YGL120C,YOR145C,1,2.7336264,0.9972752332687378,0.3659999966621399,9.999999747378752e-05
YPR143W,YBL004W,1,2.7293715,0.9972826242446899,0.367000013589859,9.999999747378752e-05
YMR093W,YGR195W,1,2.7219098,0.9972899556159973,0.36800000071525574,9.999999747378752e-05
YLL011W,YFL002C,1,2.7218764,0.9972972869873047,0.36899998784065247,9.999999747378752e-05
YLR051C,YOL121C,1,2.7091026,0.9973045587539673,0.3700000047683716,9.999999747378752e-05
YMR239C,YPL217C,1,2.707981,0.9973118305206299,0.3709999918937683,9.999999747378752e-05
YOR078W,YER006W,1,2.7065837,0.9973190426826477,0.3720000088214874,9.999999747378752e-05
YJL033W,YHR081W,1,2.7058501,0.9973261952400208,0.37299999594688416,9.999999747378752e-05
YJL109C,YNL221C,1,2.7025974,0.9973333477973938,0.37400001287460327,9.999999747378752e-05
YPL146C,YOL010W,1,2.7017534,0.9973404407501221,0.375,9.999999747378752e-05
YDR398W,YMR128W,1,2.7003562,0.9973474740982056,0.37599998712539673,9.999999747378752e-05
YDL153C,YDR021W,1,2.6932673,0.9973545074462891,0.37700000405311584,9.999999747378752e-05
YHR089C,YCR035C,1,2.6744866,0.9973614811897278,0.3779999911785126,9.999999747378752e-05
YMR093W,YOR048C,1,2.6744132,0.9973683953285217,0.3790000081062317,9.999999747378752e-05
YOR048C,YJL033W,1,2.6657095,0.9973753094673157,0.3799999952316284,9.999999747378752e-05
YGR195W,YNR054C,1,2.6600087,0.9973822236061096,0.38100001215934753,9.999999747378752e-05
YDL153C,YLR002C,1,2.6594136,0.997389018535614,0.38199999928474426,9.999999747378752e-05
YOR004W,YLR197W,1,2.654247,0.9973958134651184,0.382999986410141,9.999999747378752e-05
YAL025C,YPL126W,1,2.6503973,0.9974026083946228,0.3840000033378601,9.999999747378752e-05
YAL025C,YGR095C,1,2.6411905,0.9974093437194824,0.38499999046325684,9.999999747378752e-05
YCL059C,YPR112C,1,2.6397645,0.9974160194396973,0.38600000739097595,9.999999747378752e-05
YKL021C,YKL009W,1,2.6335015,0.9974226951599121,0.3869999945163727,9.999999747378752e-05
YGR280C,YDR280W,1,2.628541,0.9974293112754822,0.3880000114440918,9.999999747378752e-05
YDR412W,YDL213C,1,2.6259925,0.9974358677864075,0.3889999985694885,9.999999747378752e-05
YDR021W,YLL035W,1,2.617659,0.9974424839019775,0.38999998569488525,9.999999747378752e-05
YNR054C,YHR081W,1,2.6161604,0.9974489808082581,0.39100000262260437,9.999999747378752e-05
YPL211W,YNL282W,1,2.6160958,0.9974554777145386,0.3919999897480011,9.999999747378752e-05
YOL080C,YNR038W,1,2.612145,0.9974619150161743,0.3930000066757202,9.999999747378752e-05
YGL078C,YNL282W,1,2.6113636,0.9974683523178101,0.39399999380111694,9.999999747378752e-05
YBR257W,YMR239C,1,2.611098,0.997474730014801,0.39500001072883606,9.999999747378752e-05
YLR222C,YPL217C,1,2.595221,0.997481107711792,0.3959999978542328,9.999999747378752e-05
YLR222C,YNR038W,1,2.5915842,0.9974874258041382,0.3970000147819519,9.999999747378752e-05
YDL031W,YHR088W,1,2.5799837,0.9974937438964844,0.39800000190734863,9.999999747378752e-05
YBR257W,YLL011W,1,2.5717432,0.9975000023841858,0.39899998903274536,9.999999747378752e-05
YCL059C,YJL191W,1,2.571421,0.9975062608718872,0.4000000059604645,9.999999747378752e-05
YOL010W,YJR002W,1,2.5699253,0.9975124597549438,0.4009999930858612,9.999999747378752e-05
YDR398W,YEL026W,1,2.5657516,0.9975185990333557,0.4020000100135803,9.999999747378752e-05
YPL126W,YMR128W,1,2.5533442,0.9975247383117676,0.40299999713897705,9.999999747378752e-05
YMR128W,YKR081C,1,2.5430403,0.9975308775901794,0.40400001406669617,9.999999747378752e-05
YDR087C,YPL211W,1,2.5430174,0.9975369572639465,0.4050000011920929,9.999999747378752e-05
YOR078W,YPR016C,1,2.5372038,0.9975429773330688,0.4059999883174896,9.999999747378752e-05
YPL211W,YDR280W,1,2.5339904,0.9975489974021912,0.40700000524520874,9.999999747378752e-05
YHR197W,YPL093W,1,2.5306978,0.9975550174713135,0.40799999237060547,9.999999747378752e-05
YPR112C,YLR197W,1,2.5298154,0.997560977935791,0.4090000092983246,9.999999747378752e-05
YHR062C,YCR057C,1,2.5288482,0.9975669384002686,0.4099999964237213,9.999999747378752e-05
YDL153C,YMR128W,1,2.5188727,0.9975728392601013,0.41100001335144043,9.999999747378752e-05
YDL148C,YLR197W,1,2.5142298,0.9975786805152893,0.41200000047683716,9.999999747378752e-05
YHR169W,YPL146C,1,2.5085106,0.9975845217704773,0.4129999876022339,9.999999747378752e-05
YGR103W,YLR276C,1,2.5075858,0.9975903630256653,0.414000004529953,9.999999747378752e-05
YPR112C,YCR035C,1,2.4953046,0.9975961446762085,0.41499999165534973,9.999999747378752e-05
YHR197W,YOL142W,1,2.4924374,0.9976019263267517,0.41600000858306885,9.999999747378752e-05
YPL146C,YOR294W,1,2.4817035,0.9976076483726501,0.4169999957084656,9.999999747378752e-05
YDR087C,YPL093W,1,2.4732332,0.9976133704185486,0.4180000126361847,9.999999747378752e-05
YLR051C,YOR294W,1,2.463513,0.9976190328598022,0.4189999997615814,9.999999747378752e-05
YHR169W,YHR088W,1,2.4620245,0.9976246953010559,0.41999998688697815,9.999999747378752e-05
YGR145W,YPL211W,1,2.4618998,0.9976303577423096,0.42100000381469727,9.999999747378752e-05
YGR128C,YDR339C,1,2.4539819,0.9976359605789185,0.421999990940094,9.999999747378752e-05
YHR169W,YOR287C,1,2.445964,0.9976415038108826,0.4230000078678131,9.999999747378752e-05
YER127W,YHR062C,1,2.4432616,0.9976470470428467,0.42399999499320984,9.999999747378752e-05
YMR049C,YBR167C,1,2.4347992,0.9976525902748108,0.42500001192092896,9.999999747378752e-05
YMR093W,YJL109C,1,2.4332504,0.9976580739021301,0.4259999990463257,9.999999747378752e-05
YKL021C,YDL031W,1,2.430921,0.9976635575294495,0.4269999861717224,9.999999747378752e-05
YOR078W,YOR287C,1,2.4276578,0.997668981552124,0.42800000309944153,9.999999747378752e-05
YOL080C,YMR128W,1,2.426816,0.9976744055747986,0.42899999022483826,9.999999747378752e-05
YLR175W,YNR054C,1,2.4245756,0.9976798295974731,0.4300000071525574,9.999999747378752e-05
YKL172W,YLR197W,1,2.420597,0.9976851940155029,0.4309999942779541,9.999999747378752e-05
YNR038W,YPL082C,1,2.4184017,0.9976905584335327,0.4320000112056732,9.999999747378752e-05
YNR038W,YJL033W,1,2.411651,0.9976958632469177,0.43299999833106995,9.999999747378752e-05
YPR016C,YHR089C,1,2.4051967,0.9977011680603027,0.4339999854564667,9.999999747378752e-05
YNL207W,YPL126W,1,2.4030905,0.997706413269043,0.4350000023841858,9.999999747378752e-05
YHR065C,YCR057C,1,2.3963158,0.9977116584777832,0.4359999895095825,9.999999747378752e-05
YJL050W,YDL111C,1,2.3939674,0.9977169036865234,0.43700000643730164,9.999999747378752e-05
YPL126W,YHR062C,1,2.3898385,0.9977220892906189,0.43799999356269836,9.999999747378752e-05
YPL217C,YLR175W,1,2.388977,0.9977272748947144,0.4390000104904175,9.999999747378752e-05
YPR016C,YPR143W,1,2.388947,0.997732400894165,0.4399999976158142,9.999999747378752e-05
YPR112C,YNR054C,1,2.3866098,0.9977375268936157,0.4410000145435333,9.999999747378752e-05
YBR247C,YDL031W,1,2.3861933,0.9977426528930664,0.44200000166893005,9.999999747378752e-05
YNL061W,YCR058C,1,2.383806,0.9977477192878723,0.4429999887943268,9.999999747378752e-05
YGR280C,YHR081W,1,2.3769438,0.9977527856826782,0.4440000057220459,9.999999747378752e-05
YGR090W,YLR175W,1,2.3679316,0.9977578520774841,0.4449999928474426,9.999999747378752e-05
YER126C,YLR197W,1,2.367657,0.9977628588676453,0.44600000977516174,9.999999747378752e-05
YDL213C,YDR280W,1,2.3662481,0.9977678656578064,0.44699999690055847,9.999999747378752e-05
YGR128C,YBL004W,1,2.349276,0.9977728128433228,0.4480000138282776,9.999999747378752e-05
YLR002C,YNL221C,1,2.3456006,0.9977777600288391,0.4490000009536743,9.999999747378752e-05
YBR247C,YOL121C,1,2.338559,0.9977827072143555,0.44999998807907104,9.999999747378752e-05
YDR398W,YLR196W,1,2.3240426,0.997787594795227,0.45100000500679016,9.999999747378752e-05
YGL078C,YHR088W,1,2.321534,0.9977924823760986,0.4519999921321869,9.999999747378752e-05
YGR090W,YKL021C,1,2.315314,0.9977973699569702,0.453000009059906,9.999999747378752e-05
YOR048C,YGL246C,1,2.3142781,0.997802197933197,0.45399999618530273,9.999999747378752e-05
YJL109C,YOL142W,1,2.3140714,0.9978070259094238,0.45500001311302185,9.999999747378752e-05
YNL132W,YML024W,0,2.3103046,0.9956236481666565,0.45500001311302185,0.00019999999494757503
YMR093W,YLR175W,1,2.3037565,0.9956331849098206,0.4560000002384186,0.00019999999494757503
YGL171W,YER127W,1,2.2997084,0.9956427216529846,0.4569999873638153,0.00019999999494757503
YER126C,YPR112C,1,2.2985926,0.9956521987915039,0.4580000042915344,0.00019999999494757503
YHR066W,YBL028C,0,2.2936933,0.9934924244880676,0.4580000042915344,0.0003000000142492354
YOR310C,YDR398W,1,2.2905176,0.9935064911842346,0.45899999141693115,0.0003000000142492354
YOR078W,YKL021C,1,2.2880197,0.9935204982757568,0.46000000834465027,0.0003000000142492354
YGR090W,YNL221C,1,2.2864022,0.993534505367279,0.460999995470047,0.0003000000142492354
YOL080C,YJL191W,1,2.282732,0.9935483932495117,0.4620000123977661,0.0003000000142492354
YOR078W,YPL012W,1,2.2810092,0.9935622215270996,0.46299999952316284,0.0003000000142492354
YOR294W,YPR143W,1,2.2657037,0.9935759902000427,0.46399998664855957,0.0003000000142492354
YGL029W,YML093W,1,2.2642903,0.9935897588729858,0.4650000035762787,0.0003000000142492354
YGR159C,YOR048C,1,2.2536454,0.9936034083366394,0.4659999907016754,0.0003000000142492354
YHR065C,YPL043W,1,2.2453618,0.9936169981956482,0.46700000762939453,0.0003000000142492354
YKL172W,YER127W,1,2.2396894,0.993630588054657,0.46799999475479126,0.0003000000142492354
YGR159C,YLR196W,1,2.2365775,0.9936440587043762,0.4690000116825104,0.0003000000142492354
YGR081C,YKL021C,1,2.2334056,0.9936575293540955,0.4699999988079071,0.0003000000142492354
YDL014W,YGL246C,1,2.2297657,0.9936708807945251,0.47099998593330383,0.0003000000142492354
YPR016C,YLR409C,1,2.227665,0.9936842322349548,0.47200000286102295,0.0003000000142492354
YCR055C,YPR112C,1,2.223475,0.993697464466095,0.4729999899864197,0.0003000000142492354
YLR293C,YCR057C,1,2.2098129,0.9937106966972351,0.4740000069141388,0.0003000000142492354
YJR002W,YLR409C,1,2.1917055,0.9937238693237305,0.4749999940395355,0.0003000000142492354
YER006W,YHR088W,1,2.1867826,0.9937369227409363,0.47600001096725464,0.0003000000142492354
YNL302C,YLR276C,1,2.1855073,0.9937499761581421,0.47699999809265137,0.0003000000142492354
YKL009W,YBL018C,1,2.1832175,0.9937629699707031,0.4779999852180481,0.0003000000142492354
YKL009W,YMR302C,1,2.1786847,0.9937759041786194,0.4790000021457672,0.0003000000142492354
YGR145W,YGL029W,1,2.177796,0.9937888383865356,0.47999998927116394,0.0003000000142492354
YGL029W,YDR021W,1,2.1734314,0.9938016533851624,0.48100000619888306,0.0003000000142492354
YGR145W,YDR339C,1,2.1722894,0.9938144087791443,0.4819999933242798,0.0003000000142492354
YKL172W,YNR054C,1,2.1712823,0.9938271641731262,0.4830000102519989,0.0003000000142492354
YKL172W,YLR192C,1,2.16992,0.9938398599624634,0.48399999737739563,0.0003000000142492354
YCR058C,YJL033W,1,2.1642375,0.993852436542511,0.48500001430511475,0.0003000000142492354
YGL078C,YGR095C,1,2.1617885,0.9938650131225586,0.4860000014305115,0.0003000000142492354
YLR051C,YOL142W,1,2.1501684,0.9938775300979614,0.4869999885559082,0.0003000000142492354
YMR229C,YHL034C,1,2.148201,0.9938900470733643,0.4880000054836273,0.0003000000142492354
YKR060W,YJL109C,1,2.1480331,0.9939024448394775,0.48899999260902405,0.0003000000142492354
YGR195W,YJL191W,1,2.142865,0.993914783000946,0.49000000953674316,0.0003000000142492354
YBR247C,YLR051C,1,2.1404824,0.9939271211624146,0.4909999966621399,0.0003000000142492354
YAL025C,YGL078C,1,2.1383395,0.9939393997192383,0.492000013589859,0.0003000000142492354
YPR016C,YOR294W,1,2.1357598,0.9939516186714172,0.49300000071525574,0.0003000000142492354
YGL029W,YLR175W,1,2.1341205,0.9939637780189514,0.49399998784065247,0.0003000000142492354
YNL207W,YOL144W,1,2.1273234,0.9939758777618408,0.4950000047683716,0.0003000000142492354
YOR294W,YEL026W,1,2.120858,0.9939879775047302,0.4959999918937683,0.0003000000142492354
YGL078C,YML093W,1,2.1127415,0.9940000176429749,0.4970000088214874,0.0003000000142492354
YLR293C,YDL031W,1,2.1071336,0.9940119981765747,0.49799999594688416,0.0003000000142492354
YJL191W,YNL232W,1,2.1040764,0.9940239191055298,0.49900001287460327,0.0003000000142492354
YGR128C,YHL034C,1,2.1015992,0.9940357804298401,0.5,0.0003000000142492354
YHR089C,YDR339C,1,2.100091,0.9940476417541504,0.5009999871253967,0.0003000000142492354
YGR280C,YCR018C,1,2.0993657,0.9940593838691711,0.5019999742507935,0.0003000000142492354
YJL109C,YEL026W,1,2.0909524,0.9940711259841919,0.503000020980835,0.0003000000142492354
YPL146C,YLL008W,1,2.0901375,0.9940828680992126,0.5040000081062317,0.0003000000142492354
YHR197W,YOR310C,1,2.0864058,0.9940944910049438,0.5049999952316284,0.0003000000142492354
YDL060W,YKL009W,1,2.0786169,0.994106113910675,0.5059999823570251,0.0003000000142492354
YLR222C,YHR062C,1,2.077244,0.9941176176071167,0.5070000290870667,0.0003000000142492354
YCR055C,YPL211W,1,2.0767524,0.9941291809082031,0.5080000162124634,0.0003000000142492354
YJR063W,YGR198W,0,2.0635023,0.9921875,0.5080000162124634,0.00039999998989515007
YJL109C,YBL004W,1,2.0614038,0.9922027587890625,0.5090000033378601,0.00039999998989515007
YCR058C,YKR081C,1,2.0542784,0.9922178983688354,0.5099999904632568,0.00039999998989515007
YGR090W,YDR087C,1,2.0503664,0.9922330379486084,0.5109999775886536,0.00039999998989515007
YDL060W,YGL246C,1,2.04895,0.9922480583190918,0.5120000243186951,0.00039999998989515007
YNL207W,YPL093W,1,2.0456717,0.9922630786895752,0.5130000114440918,0.00039999998989515007
YBR257W,YOR310C,1,2.044011,0.992277979850769,0.5139999985694885,0.00039999998989515007
YOR078W,YNL061W,1,2.0356073,0.9922928810119629,0.5149999856948853,0.00039999998989515007
YCL031C,YKR024C,1,2.0249786,0.9923076629638672,0.515999972820282,0.00039999998989515007
YFL002C,YPL211W,1,2.0193558,0.9923224449157715,0.5170000195503235,0.00039999998989515007
YNL207W,YKR060W,1,2.0092466,0.992337167263031,0.5180000066757202,0.00039999998989515007
YLR336C,YNL154C,0,2.0002146,0.990439772605896,0.5180000066757202,0.0005000000237487257
YHR197W,YDR412W,1,1.9940188,0.9904580116271973,0.5189999938011169,0.0005000000237487257
YGR145W,YHR034C,1,1.9869514,0.9904761910438538,0.5199999809265137,0.0005000000237487257
YGR280C,YGR095C,1,1.9787707,0.9904943108558655,0.5210000276565552,0.0005000000237487257
YER126C,YLR430W,1,1.9758334,0.9905123114585876,0.5220000147819519,0.0005000000237487257
YNL061W,YLR175W,1,1.9747887,0.9905303120613098,0.5230000019073486,0.0005000000237487257
YAL025C,YER006W,1,1.9741611,0.9905481934547424,0.5239999890327454,0.0005000000237487257
YPR016C,YPR112C,1,1.970953,0.9905660152435303,0.5249999761581421,0.0005000000237487257
YOR078W,YCR018C,1,1.9257715,0.9905837774276733,0.5260000228881836,0.0005000000237487257
YLR430W,YDR398W,1,1.9207013,0.9906014800071716,0.5270000100135803,0.0005000000237487257
YHR197W,YOL121C,1,1.9199684,0.9906191229820251,0.527999997138977,0.0005000000237487257
YNL175C,YGR078C,0,1.9158082,0.9887640476226807,0.527999997138977,0.0006000000284984708
YHR169W,YMR128W,1,1.9090133,0.9887850284576416,0.5289999842643738,0.0006000000284984708
YNR038W,YCR018C,1,1.9082389,0.9888059496879578,0.5299999713897705,0.0006000000284984708
YGL246C,YJR002W,1,1.9046204,0.9888268113136292,0.531000018119812,0.0006000000284984708
YLR293C,YLL008W,1,1.9039009,0.9888476133346558,0.5320000052452087,0.0006000000284984708
YGR090W,YNR054C,1,1.8937895,0.9888682961463928,0.5329999923706055,0.0006000000284984708
YLR002C,YDR339C,1,1.8779912,0.9888888597488403,0.5339999794960022,0.0006000000284984708
YMR093W,YOR287C,1,1.8762796,0.9889094233512878,0.5350000262260437,0.0006000000284984708
YCR058C,YKR024C,1,1.8743389,0.9889298677444458,0.5360000133514404,0.0006000000284984708
YOL080C,YPL235W,1,1.8733702,0.988950252532959,0.5370000004768372,0.0006000000284984708
YBR257W,YOL080C,1,1.8712037,0.9889705777168274,0.5379999876022339,0.0006000000284984708
YKL172W,YOL010W,1,1.8690403,0.988990843296051,0.5389999747276306,0.0006000000284984708
YLL011W,YLR197W,1,1.865916,0.9890109896659851,0.5400000214576721,0.0006000000284984708
YCL059C,YOR145C,1,1.8652275,0.9890310764312744,0.5410000085830688,0.0006000000284984708
YGR159C,YOR287C,1,1.8602304,0.989051103591919,0.5419999957084656,0.0006000000284984708
YDL060W,YDR083W,1,1.8579307,0.9890710115432739,0.5429999828338623,0.0006000000284984708
YBL004W,YER127W,1,1.8482773,0.9890909194946289,0.5440000295639038,0.0006000000284984708
YPR112C,YHR081W,1,1.8476398,0.9891107082366943,0.5450000166893005,0.0006000000284984708
YNL302C,YOL142W,1,1.8390594,0.989130437374115,0.5460000038146973,0.0006000000284984708
YOL144W,YPR016C,1,1.8381495,0.9891501069068909,0.546999990940094,0.0006000000284984708
YHR065C,YPL211W,1,1.8376513,0.9891696572303772,0.5479999780654907,0.0006000000284984708
YOR048C,YDL153C,1,1.8338146,0.9891892075538635,0.5490000247955322,0.0006000000284984708
YGL246C,YPR112C,1,1.8333237,0.9892086386680603,0.550000011920929,0.0006000000284984708
YLR175W,YPR143W,1,1.8307145,0.9892280101776123,0.5509999990463257,0.0006000000284984708
YPR016C,YJL191W,1,1.8295836,0.9892473220825195,0.5519999861717224,0.0006000000284984708
YML093W,YGR095C,1,1.828085,0.989266574382782,0.5529999732971191,0.0006000000284984708
YGR280C,YJR002W,1,1.8199055,0.9892857074737549,0.5540000200271606,0.0006000000284984708
YNL132W,YMR233W,0,1.8196304,0.987522304058075,0.5540000200271606,0.000699999975040555
YER126C,YDL213C,1,1.8196299,0.9875444769859314,0.5550000071525574,0.000699999975040555
YKL172W,YLR276C,1,1.8139741,0.9875665903091431,0.5559999942779541,0.000699999975040555
YGL029W,YHR081W,1,1.8058577,0.98758864402771,0.5569999814033508,0.000699999975040555
YGR128C,YJL191W,1,1.803112,0.9876106381416321,0.5580000281333923,0.000699999975040555
YDL031W,YEL026W,1,1.7807212,0.9876325130462646,0.5590000152587891,0.000699999975040555
YGR090W,YIL019W,1,1.7730291,0.9876543283462524,0.5600000023841858,0.000699999975040555
YPL012W,YIL019W,1,1.7515454,0.9876760840415955,0.5609999895095825,0.000699999975040555
YDL031W,YCR057C,1,1.7493787,0.9876977205276489,0.5619999766349792,0.000699999975040555
YAL025C,YHR088W,1,1.7445812,0.9877192974090576,0.5630000233650208,0.000699999975040555
YDL111C,YGL078C,1,1.7431865,0.9877408146858215,0.5640000104904175,0.000699999975040555
YDL148C,YOR310C,1,1.741987,0.9877622127532959,0.5649999976158142,0.000699999975040555
YPR137W,YEL026W,1,1.7359605,0.9877836108207703,0.5659999847412109,0.000699999975040555
YLR222C,YNL061W,1,1.7355137,0.9878048896789551,0.5669999718666077,0.000699999975040555
YGR145W,YGR195W,1,1.7342873,0.9878261089324951,0.5680000185966492,0.000699999975040555
YOR310C,YGL078C,1,1.7330337,0.9878472089767456,0.5690000057220459,0.000699999975040555
YBR247C,YER127W,1,1.7299306,0.9878683090209961,0.5699999928474426,0.000699999975040555
YOR048C,YCR057C,1,1.7292116,0.987889289855957,0.5709999799728394,0.000699999975040555
YLL035W,YHR062C,1,1.7244666,0.9879102110862732,0.5720000267028809,0.000699999975040555
YDL060W,YCR055C,1,1.7204297,0.9879310131072998,0.5730000138282776,0.000699999975040555
YDL111C,YNL282W,1,1.7107048,0.9879518151283264,0.5740000009536743,0.000699999975040555
YDR398W,YMR302C,1,1.7079487,0.9879724979400635,0.574999988079071,0.000699999975040555
YLR175W,YNL221C,1,1.6996129,0.9879931211471558,0.5759999752044678,0.000699999975040555
YGL029W,YOL121C,1,1.6976328,0.9880136847496033,0.5770000219345093,0.000699999975040555
YMR093W,YHR034C,1,1.6934044,0.988034188747406,0.578000009059906,0.000699999975040555
YGR280C,YOL142W,1,1.6862965,0.988054633140564,0.5789999961853027,0.000699999975040555
YJL066C,YGR194C,0,1.6845529,0.9863713979721069,0.5789999961853027,0.0007999999797903001
YOL010W,YCR058C,1,1.6840909,0.9863945841789246,0.5799999833106995,0.0007999999797903001
YGR103W,YCR031C,1,1.6836879,0.9864176511764526,0.5809999704360962,0.0007999999797903001
YGR159C,YBR167C,1,1.6794827,0.9864406585693359,0.5820000171661377,0.0007999999797903001
YLR196W,YLR145W,1,1.6769478,0.9864636063575745,0.5830000042915344,0.0007999999797903001
YOR048C,YLR409C,1,1.6759243,0.9864864945411682,0.5839999914169312,0.0007999999797903001
YKL009W,YPR016C,1,1.6729479,0.9865092635154724,0.5849999785423279,0.0007999999797903001
YOR272W,YDL167C,0,1.6694686,0.9848484992980957,0.5849999785423279,0.0008999999845400453
YOL144W,YJR002W,1,1.6667616,0.9848739504814148,0.5860000252723694,0.0008999999845400453
YMR093W,YGR272C,1,1.6560221,0.9848993420600891,0.5870000123977661,0.0008999999845400453
YLR293C,YHR197W,1,1.655303,0.9849246144294739,0.5879999995231628,0.0008999999845400453
YDL014W,YKR081C,1,1.6398063,0.9849498271942139,0.5889999866485596,0.0008999999845400453
YDR087C,YGR095C,1,1.6392167,0.9849749803543091,0.5899999737739563,0.0008999999845400453
YLR175W,YPL126W,1,1.6352806,0.9850000143051147,0.5910000205039978,0.0008999999845400453
YNL207W,YMR093W,1,1.6320839,0.9850249290466309,0.5920000076293945,0.0008999999845400453
YBR247C,YOR145C,1,1.6320386,0.985049843788147,0.5929999947547913,0.0008999999845400453
YPR137W,YGR272C,1,1.6216819,0.9850746393203735,0.593999981880188,0.0008999999845400453
YLR276C,YCR055C,1,1.6057608,0.9850993156433105,0.5950000286102295,0.0008999999845400453
YPL217C,YOR145C,1,1.5913334,0.9851239919662476,0.5960000157356262,0.0008999999845400453
YLR196W,YPL126W,1,1.5769265,0.9851484894752502,0.597000002861023,0.0008999999845400453
YPL126W,YBL004W,1,1.5716541,0.9851729869842529,0.5979999899864197,0.0008999999845400453
YOR048C,YEL026W,1,1.5658629,0.9851973652839661,0.5989999771118164,0.0008999999845400453
YGR090W,YDL153C,1,1.5628936,0.9852216839790344,0.6000000238418579,0.0008999999845400453
YLR175W,YGL078C,1,1.5582442,0.9852458834648132,0.6010000109672546,0.0008999999845400453
YOR048C,YOR310C,1,1.5484047,0.9852700233459473,0.6019999980926514,0.0008999999845400453
YGR103W,YDR280W,1,1.5396128,0.9852941036224365,0.6029999852180481,0.0008999999845400453
YDL014W,YOR078W,1,1.5383244,0.985318124294281,0.6039999723434448,0.0008999999845400453
YKL172W,YNR038W,1,1.5320241,0.9853420257568359,0.6050000190734863,0.0008999999845400453
YCR035C,YNL221C,1,1.5312858,0.9853658676147461,0.6060000061988831,0.0008999999845400453
YDR339C,YGL120C,1,1.5307431,0.9853895902633667,0.6069999933242798,0.0008999999845400453
YNR054C,YLR197W,1,1.5269032,0.9854133129119873,0.6079999804496765,0.0008999999845400453
YGR103W,YNL221C,1,1.5092237,0.9854369163513184,0.609000027179718,0.0008999999845400453
YLL011W,YGR095C,1,1.5001101,0.9854604005813599,0.6100000143051147,0.0008999999845400453
YOR048C,YGR081C,1,1.4953003,0.9854838848114014,0.6110000014305115,0.0008999999845400453
YKL021C,YLR276C,1,1.4952693,0.9855072498321533,0.6119999885559082,0.0008999999845400453
YOL080C,YJR002W,1,1.4866691,0.9855305552482605,0.6129999756813049,0.0008999999845400453
YLL035W,YHR088W,1,1.4664545,0.9855538010597229,0.6140000224113464,0.0008999999845400453
YCL031C,YDL060W,1,1.4645259,0.9855769276618958,0.6150000095367432,0.0008999999845400453
YLR430W,YDR365C,1,1.4564226,0.9855999946594238,0.6159999966621399,0.0008999999845400453
YOR004W,YGL171W,1,1.4558494,0.9856230020523071,0.6169999837875366,0.0008999999845400453
YJL191W,YPL126W,1,1.4557679,0.9856459498405457,0.6179999709129333,0.0008999999845400453
YDR398W,YDR083W,1,1.4466848,0.9856687784194946,0.6190000176429749,0.0008999999845400453
YHR089C,YNL232W,1,1.4453695,0.9856915473937988,0.6200000047683716,0.0008999999845400453
YPL012W,YNL282W,1,1.4348373,0.9857142567634583,0.6209999918937683,0.0008999999845400453
YBR247C,YMR049C,1,1.4296346,0.9857369065284729,0.621999979019165,0.0008999999845400453
YHR088W,YHR062C,1,1.4279187,0.9857594966888428,0.6230000257492065,0.0008999999845400453
YLR430W,YIL019W,1,1.4168458,0.9857819676399231,0.6240000128746033,0.0008999999845400453
YOL080C,YKR024C,1,1.4140673,0.9858044385910034,0.625,0.0008999999845400453
YDL060W,YPR137W,1,1.4117298,0.9858267903327942,0.6259999871253967,0.0008999999845400453
YLR175W,YJL109C,1,1.4097099,0.9858490824699402,0.6269999742507935,0.0008999999845400453
YOR287C,YKR081C,1,1.4044709,0.9858712553977966,0.628000020980835,0.0008999999845400453
YMR229C,YHR034C,1,1.4038322,0.9858934283256531,0.6290000081062317,0.0008999999845400453
YCR031C,YPL012W,1,1.3960927,0.98591548204422,0.6299999952316284,0.0008999999845400453
YOR145C,YPL093W,1,1.381985,0.9859374761581421,0.6309999823570251,0.0008999999845400453
YHR197W,YCR057C,1,1.376215,0.9859594106674194,0.6320000290870667,0.0008999999845400453
YAL025C,YDR398W,1,1.3732076,0.985981285572052,0.6330000162124634,0.0008999999845400453
YHR197W,YEL026W,1,1.3714862,0.9860031008720398,0.6340000033378601,0.0008999999845400453
YLR068W,YCR031C,1,1.3598764,0.9860248565673828,0.6349999904632568,0.0008999999845400453
YGR090W,YDL213C,1,1.3551254,0.9860464930534363,0.6359999775886536,0.0008999999845400453
YLR068W,YPL082C,1,1.3520672,0.9860681295394897,0.6370000243186951,0.0008999999845400453
YMR128W,YDR339C,1,1.34917,0.9860896468162537,0.6380000114440918,0.0008999999845400453
YOR310C,YPR143W,1,1.3436029,0.9861111044883728,0.6389999985694885,0.0008999999845400453
YDL014W,YCR058C,1,1.3356023,0.9861325025558472,0.6399999856948853,0.0008999999845400453
YER126C,YGL078C,1,1.3354018,0.9861538410186768,0.640999972820282,0.0008999999845400453
YDL031W,YNR054C,1,1.3283732,0.9861751198768616,0.6420000195503235,0.0008999999845400453
YGL029W,YKR060W,1,1.3251967,0.9861963391304016,0.6430000066757202,0.0008999999845400453
YDR471W,YOL041C,0,1.3232424,0.9846860766410828,0.6430000066757202,0.0010000000474974513
YHR065C,YCR031C,1,1.3220758,0.9847095012664795,0.6439999938011169,0.0010000000474974513
YGL246C,YDR398W,1,1.3123965,0.9847328066825867,0.6449999809265137,0.0010000000474974513
YDR087C,YBL018C,1,1.310679,0.9847561120986938,0.6460000276565552,0.0010000000474974513
YOR048C,YER006W,1,1.2971232,0.9847792983055115,0.6470000147819519,0.0010000000474974513
YLR293C,YPL217C,1,1.2925498,0.9848024249076843,0.6480000019073486,0.0010000000474974513
YDL060W,YPR143W,1,1.2916136,0.9848254919052124,0.6489999890327454,0.0010000000474974513
YHR034C,YHR065C,1,1.2901676,0.9848484992980957,0.6499999761581421,0.0010000000474974513
YJR002W,YLR197W,1,1.2742815,0.9848713874816895,0.6510000228881836,0.0010000000474974513
YLR051C,YCR035C,1,1.267024,0.9848942756652832,0.6520000100135803,0.0010000000474974513
YKL172W,YMR093W,1,1.2641995,0.9849170446395874,0.652999997138977,0.0010000000474974513
YDL031W,YJL109C,1,1.2630408,0.9849397540092468,0.6539999842643738,0.0010000000474974513
YPL217C,YFL002C,1,1.26156,0.9849624037742615,0.6549999713897705,0.0010000000474974513
YHR169W,YBR167C,1,1.2548225,0.9849849939346313,0.656000018119812,0.0010000000474974513
YJL148W,YOL145C,0,1.234041,0.9835082292556763,0.656000018119812,0.0010999999940395355
YLR293C,YBL004W,1,1.2298942,0.9835329055786133,0.6570000052452087,0.0010999999940395355
YNL061W,YBR167C,1,1.2259979,0.9835575222969055,0.6579999923706055,0.0010999999940395355
YPL082C,YOR145C,1,1.2197495,0.983582079410553,0.6589999794960022,0.0010999999940395355
YGR195W,YHR081W,1,1.2151723,0.9836065769195557,0.6600000262260437,0.0010999999940395355
YLR068W,YJL191W,1,1.2136619,0.9836309552192688,0.6610000133514404,0.0010999999940395355
YDR398W,YJL033W,1,1.2108061,0.9836552739143372,0.6620000004768372,0.0010999999940395355
YDR339C,YML093W,1,1.2089677,0.9836795330047607,0.6629999876022339,0.0010999999940395355
YGR128C,YCR031C,1,1.2089262,0.9837037324905396,0.6639999747276306,0.0010999999940395355
YLR051C,YJR002W,1,1.2053728,0.9837278127670288,0.6650000214576721,0.0010999999940395355
YOR294W,YDR339C,1,1.203836,0.9837518334388733,0.6660000085830688,0.0010999999940395355
YPL217C,YNL061W,1,1.202291,0.983775794506073,0.6669999957084656,0.0010999999940395355
YDL148C,YKL021C,1,1.194577,0.9837996959686279,0.6679999828338623,0.0010999999940395355
YGR090W,YGL171W,1,1.1804264,0.9838235378265381,0.6690000295639038,0.0010999999940395355
YHL034C,YMR239C,1,1.1794584,0.9838472604751587,0.6700000166893005,0.0010999999940395355
YMR302C,YHR062C,1,1.1749132,0.9838709831237793,0.6710000038146973,0.0010999999940395355
YNL207W,YLL035W,1,1.1712611,0.9838945865631104,0.671999990940094,0.0010999999940395355
YHR197W,YHR034C,1,1.168385,0.9839181303977966,0.6729999780654907,0.0010999999940395355
YHR197W,YJL109C,1,1.1678936,0.9839416146278381,0.6740000247955322,0.0010999999940395355
YPR143W,YPL093W,1,1.156707,0.9839650392532349,0.675000011920929,0.0010999999940395355
YGL029W,YLR068W,1,1.153955,0.983988344669342,0.6759999990463257,0.0010999999940395355
YDR398W,YLR175W,1,1.149915,0.9840116500854492,0.6769999861717224,0.0010999999940395355
YCR035C,YGR095C,1,1.1410999,0.9840348362922668,0.6779999732971191,0.0010999999940395355
YMR302C,YDR083W,1,1.1371381,0.9840579628944397,0.6790000200271606,0.0010999999940395355
YNL209W,YNR012W,0,1.1363182,0.9826338887214661,0.6790000200271606,0.0012000000569969416
YHR197W,YNR054C,1,1.1300263,0.9826589822769165,0.6800000071525574,0.0012000000569969416
YMR239C,YGR272C,1,1.1276276,0.9826839566230774,0.6809999942779541,0.0012000000569969416
YPR112C,YOL142W,1,1.1187861,0.9827089309692383,0.6819999814033508,0.0012000000569969416
YDL148C,YLL011W,1,1.1144443,0.9827337861061096,0.6830000281333923,0.0012000000569969416
YOL144W,YPL146C,1,1.1115336,0.982758641242981,0.6840000152587891,0.0012000000569969416
YAL025C,YOL121C,1,1.1047504,0.9827833771705627,0.6850000023841858,0.0012000000569969416
YFL002C,YNL221C,1,1.0792019,0.982807993888855,0.6859999895095825,0.0012000000569969416
YLR430W,YLR276C,1,1.0692992,0.9828326106071472,0.6869999766349792,0.0012000000569969416
YOR287C,YER127W,1,1.0650928,0.9828571677207947,0.6880000233650208,0.0012000000569969416
YNL132W,YKR020W,0,1.0648971,0.9814550876617432,0.6880000233650208,0.0013000000035390258
YGR145W,YGL171W,1,1.0645628,0.9814814925193787,0.6890000104904175,0.0013000000035390258
YNL207W,YEL026W,1,1.063664,0.9815078377723694,0.6899999976158142,0.0013000000035390258
YCR058C,YOR145C,1,1.0535111,0.9815340638160706,0.6909999847412109,0.0013000000035390258
YGR128C,YGR272C,1,1.053401,0.9815602898597717,0.6919999718666077,0.0013000000035390258
YLR293C,YDL014W,1,1.0485237,0.9815863966941833,0.6930000185966492,0.0013000000035390258
YDL148C,YNR038W,1,1.0446844,0.9816124439239502,0.6940000057220459,0.0013000000035390258
YDL148C,YHR081W,1,1.0408583,0.9816384315490723,0.6949999928474426,0.0013000000035390258
YDL153C,YEL026W,1,1.0385075,0.9816642999649048,0.6959999799728394,0.0013000000035390258
YDR339C,YLR409C,1,1.0325706,0.9816901683807373,0.6970000267028809,0.0013000000035390258
YGR187C,YBR084W,0,1.0322318,0.9803094267845154,0.6970000267028809,0.00139999995008111
YDL060W,YJL109C,1,1.0300338,0.9803370833396912,0.6980000138282776,0.00139999995008111
YGL029W,YGL078C,1,1.0214524,0.9803646802902222,0.6990000009536743,0.00139999995008111
YDL014W,YFL002C,1,1.0183046,0.9803921580314636,0.699999988079071,0.00139999995008111
YGR081C,YBL018C,1,1.016247,0.9804195761680603,0.7009999752044678,0.00139999995008111
YPL126W,YMR049C,1,1.0106921,0.9804469347000122,0.7020000219345093,0.00139999995008111
YHR034C,YLR409C,1,1.0106704,0.9804741740226746,0.703000009059906,0.00139999995008111
YKR060W,YKR024C,1,1.0065956,0.9805014133453369,0.7039999961853027,0.00139999995008111
YOL121C,YCR057C,1,1.0012887,0.9805285334587097,0.7049999833106995,0.00139999995008111
YDL060W,YPL235W,1,0.99517673,0.980555534362793,0.7059999704360962,0.00139999995008111
YCR031C,YPR112C,1,0.9812351,0.9805825352668762,0.7070000171661377,0.00139999995008111
YHR034C,YMR239C,1,0.9769042,0.9806094169616699,0.7080000042915344,0.00139999995008111
YPR143W,YLR192C,1,0.96528596,0.9806362390518188,0.7089999914169312,0.00139999995008111
YFL001W,YJL177W,0,0.96080583,0.9792817831039429,0.7089999914169312,0.001500000013038516
YHR169W,YFL002C,1,0.9567415,0.9793103337287903,0.7099999785423279,0.001500000013038516
YDL060W,YOL010W,1,0.94257873,0.9793388247489929,0.7110000252723694,0.001500000013038516
YOL121C,YGR103W,1,0.9422104,0.9793672561645508,0.7120000123977661,0.001500000013038516
YOL121C,YPL126W,1,0.93025917,0.9793956279754639,0.7129999995231628,0.001500000013038516
YOL010W,YMR302C,1,0.92666024,0.9794238805770874,0.7139999866485596,0.001500000013038516
YHL034C,YLR409C,1,0.9218622,0.9794520735740662,0.7149999737739563,0.001500000013038516
YHR034C,YOR145C,1,0.901331,0.9794801473617554,0.7160000205039978,0.001500000013038516
YGL029W,YHR034C,1,0.8987424,0.9795082211494446,0.7170000076293945,0.001500000013038516
YCL059C,YGR095C,1,0.8984348,0.9795361757278442,0.7179999947547913,0.001500000013038516
YDL148C,YPR143W,1,0.8943071,0.9795640110969543,0.718999981880188,0.001500000013038516
YDL148C,YHR062C,1,0.8913016,0.9795918464660645,0.7200000286102295,0.001500000013038516
YOL010W,YBL018C,1,0.89025944,0.979619562625885,0.7210000157356262,0.001500000013038516
YCL031C,YOL121C,1,0.8823646,0.9796472191810608,0.722000002861023,0.001500000013038516
YLL008W,YLR192C,1,0.8809561,0.9796748161315918,0.7229999899864197,0.001500000013038516
YKR060W,YGR272C,1,0.87663597,0.9797022938728333,0.7239999771118164,0.001500000013038516
YGR145W,YNR038W,1,0.84841365,0.9797297120094299,0.7250000238418579,0.001500000013038516
YOR310C,YHR088W,1,0.8441033,0.9797570705413818,0.7260000109672546,0.001500000013038516
YER131W,YBL035C,0,0.83081454,0.9784366488456726,0.7260000109672546,0.0015999999595806003
YDL111C,YKR060W,1,0.82673115,0.9784656763076782,0.7269999980926514,0.0015999999595806003
YGL029W,YCR055C,1,0.82093376,0.9784946441650391,0.7279999852180481,0.0015999999595806003
YPL082C,YPL043W,1,0.81930393,0.9785234928131104,0.7289999723434448,0.0015999999595806003
YMR049C,YLR197W,1,0.8184561,0.9785522818565369,0.7300000190734863,0.0015999999595806003
YPL217C,YNL221C,1,0.8183035,0.9785810112953186,0.7310000061988831,0.0015999999595806003
YOL010W,YCR018C,1,0.8150534,0.9786096215248108,0.7319999933242798,0.0015999999595806003
YDL060W,YGR280C,1,0.8119771,0.9786381721496582,0.7329999804496765,0.0015999999595806003
YOR078W,YPL082C,1,0.8094869,0.9786666631698608,0.734000027179718,0.0015999999595806003
YDL153C,YCR035C,1,0.8090274,0.9786950945854187,0.7350000143051147,0.0015999999595806003
YPL235W,YER127W,1,0.8016967,0.978723406791687,0.7360000014305115,0.0015999999595806003
YCL059C,YCR035C,1,0.79604596,0.9787516593933105,0.7369999885559082,0.0015999999595806003
YMR268W-A,YNL175C,0,0.7925119,0.9774535894393921,0.7369999885559082,0.0017000000225380063
YHR062C,YNL221C,1,0.79095024,0.9774834513664246,0.7379999756813049,0.0017000000225380063
YBR247C,YCR057C,1,0.7826261,0.9775132536888123,0.7390000224113464,0.0017000000225380063
YDL153C,YLR192C,1,0.7764029,0.9775429368019104,0.7400000095367432,0.0017000000225380063
YOR145C,YEL026W,1,0.7755739,0.9775725603103638,0.7409999966621399,0.0017000000225380063
YHL034C,YCR057C,1,0.7651208,0.9776021242141724,0.7419999837875366,0.0017000000225380063
YLR222C,YJR002W,1,0.75135845,0.9776315689086914,0.7429999709129333,0.0017000000225380063
YGL171W,YOR145C,1,0.7416441,0.9776609539985657,0.7440000176429749,0.0017000000225380063
YGR280C,YCR031C,1,0.7395392,0.9776902794837952,0.7450000047683716,0.0017000000225380063
YCL031C,YPL012W,1,0.728018,0.9777195453643799,0.7459999918937683,0.0017000000225380063
YLR002C,YJR002W,1,0.7219605,0.977748692035675,0.746999979019165,0.0017000000225380063
YNL302C,YFL002C,1,0.72179097,0.9777777791023254,0.7480000257492065,0.0017000000225380063
YOL121C,YFL002C,1,0.72020084,0.977806806564331,0.7490000128746033,0.0017000000225380063
YAL025C,YCR035C,1,0.70642847,0.9778357148170471,0.75,0.0017000000225380063
YNL207W,YGR090W,1,0.70175403,0.9778645634651184,0.7509999871253967,0.0017000000225380063
YBR247C,YBL004W,1,0.6993944,0.9778933525085449,0.7519999742507935,0.0017000000225380063
YKL172W,YIL019W,1,0.6870827,0.9779220819473267,0.753000020980835,0.0017000000225380063
YGR090W,YPL082C,1,0.6853613,0.9779506921768188,0.7540000081062317,0.0017000000225380063
YGR090W,YLL011W,1,0.68417066,0.977979302406311,0.7549999952316284,0.0017000000225380063
YHL034C,YDL031W,1,0.6818868,0.9780077338218689,0.7559999823570251,0.0017000000225380063
YCL031C,YBL004W,1,0.66284746,0.9780361652374268,0.7570000290870667,0.0017000000225380063
YBR247C,YMR302C,1,0.6598477,0.9780645370483398,0.7580000162124634,0.0017000000225380063
YDL031W,YOL142W,1,0.65508217,0.9780927896499634,0.7590000033378601,0.0017000000225380063
YNL302C,YLR409C,1,0.65029067,0.9781209826469421,0.7599999904632568,0.0017000000225380063
YNR038W,YBL018C,1,0.6500359,0.9781491160392761,0.7609999775886536,0.0017000000225380063
YDL014W,YOR294W,1,0.6063165,0.9781771302223206,0.7620000243186951,0.0017000000225380063
YHL034C,YJL109C,1,0.6013011,0.978205144405365,0.7630000114440918,0.0017000000225380063
YLR293C,YNL207W,1,0.6009001,0.9782330393791199,0.7639999985694885,0.0017000000225380063
YMR128W,YNL232W,1,0.59222716,0.97826087474823,0.7649999856948853,0.0017000000225380063
YBR257W,YMR128W,1,0.5903161,0.9782886505126953,0.765999972820282,0.0017000000225380063
YDL148C,YJL109C,1,0.58479804,0.9783163070678711,0.7670000195503235,0.0017000000225380063
YDR339C,YKR024C,1,0.5714449,0.9783439636230469,0.7680000066757202,0.0017000000225380063
YGR103W,YPL093W,1,0.55431765,0.9783715009689331,0.7689999938011169,0.0017000000225380063
YDL014W,YKL021C,1,0.54183644,0.9783989787101746,0.7699999809265137,0.0017000000225380063
YDR060W,YEL040W,0,0.5414519,0.9771573543548584,0.7699999809265137,0.0017999999690800905
YNL207W,YLR002C,1,0.5395579,0.9771863222122192,0.7710000276565552,0.0017999999690800905
YDL060W,YGL171W,1,0.5348224,0.9772151708602905,0.7720000147819519,0.0017999999690800905
YLR145W,YLR276C,1,0.5282993,0.9772440195083618,0.7730000019073486,0.0017999999690800905
YNL302C,YHR089C,1,0.5193638,0.9772727489471436,0.7739999890327454,0.0017999999690800905
YLR293C,YEL026W,1,0.51877993,0.9773013591766357,0.7749999761581421,0.0017999999690800905
YLR222C,YBR167C,1,0.5170191,0.9773299694061279,0.7760000228881836,0.0017999999690800905
YHR066W,YDR177W,0,0.51570743,0.9761006236076355,0.7760000228881836,0.0019000000320374966
YOR078W,YCR058C,1,0.5117318,0.9761306643486023,0.7770000100135803,0.0019000000320374966
YOR294W,YJL191W,1,0.5085947,0.9761605858802795,0.777999997138977,0.0019000000320374966
YJR063W,YDL223C,0,0.49871445,0.9749373197555542,0.777999997138977,0.0020000000949949026
YCR031C,YNL232W,1,0.49606627,0.9749687314033508,0.7789999842643738,0.0020000000949949026
YOR048C,YNL061W,1,0.48907226,0.9750000238418579,0.7799999713897705,0.0020000000949949026
YOR048C,YGL120C,1,0.48123306,0.9750311970710754,0.781000018119812,0.0020000000949949026
YKL172W,YDL060W,1,0.4803552,0.975062370300293,0.7820000052452087,0.0020000000949949026
YHR197W,YPR016C,1,0.46848434,0.975093424320221,0.7829999923706055,0.0020000000949949026
YNR038W,YBR167C,1,0.46161026,0.9751243591308594,0.7839999794960022,0.0020000000949949026
YDL014W,YMR239C,1,0.44836587,0.9751552939414978,0.7850000262260437,0.0020000000949949026
YJR002W,YPL043W,1,0.43128604,0.9751861095428467,0.7860000133514404,0.0020000000949949026
YLR430W,YKR024C,1,0.42963952,0.9752168655395508,0.7870000004768372,0.0020000000949949026
YPR184W,YGR264C,0,0.4276703,0.9740098714828491,0.7870000004768372,0.002099999925121665
YGL171W,YHR062C,1,0.42574853,0.9740419983863831,0.7879999876022339,0.002099999925121665
YOR287C,YPR112C,1,0.42534304,0.9740740656852722,0.7889999747276306,0.002099999925121665
YEL026W,YLR197W,1,0.42047018,0.9741060137748718,0.7900000214576721,0.002099999925121665
YLR293C,YIL019W,1,0.40660173,0.9741379022598267,0.7910000085830688,0.002099999925121665
YPL146C,YJL191W,1,0.39277023,0.9741697311401367,0.7919999957084656,0.002099999925121665
YDL111C,YGL029W,1,0.3857078,0.974201500415802,0.7929999828338623,0.002099999925121665
YDL148C,YIL019W,1,0.3846802,0.9742331504821777,0.7940000295639038,0.002099999925121665
YHL034C,YPL126W,1,0.34151483,0.9742646813392639,0.7950000166893005,0.002099999925121665
YKL172W,YOR310C,1,0.33830446,0.9742962121963501,0.7960000038146973,0.002099999925121665
YJR002W,YHR088W,1,0.3354506,0.9743276238441467,0.796999990940094,0.002099999925121665
YDL060W,YKR024C,1,0.32915062,0.9743589758872986,0.7979999780654907,0.002099999925121665
YPL012W,YHR081W,1,0.32825273,0.9743902683258057,0.7990000247955322,0.002099999925121665
YDL148C,YOL142W,1,0.32526606,0.9744214415550232,0.800000011920929,0.002099999925121665
YAL025C,YLR002C,1,0.3222775,0.974452555179596,0.8009999990463257,0.002099999925121665
YPR112C,YNL282W,1,0.29704708,0.9744836091995239,0.8019999861717224,0.002099999925121665
YCR047C,YGL103W,0,0.29672414,0.9733009934425354,0.8019999861717224,0.002199999988079071
YDR412W,YLR430W,1,0.2910723,0.9733333587646484,0.8029999732971191,0.002199999988079071
YOL080C,YCR018C,1,0.2888031,0.9733656048774719,0.8040000200271606,0.002199999988079071
YPL217C,YLR051C,1,0.27254432,0.9733978509902954,0.8050000071525574,0.002199999988079071
YOR287C,YDL031W,1,0.2668504,0.9734299778938293,0.8059999942779541,0.002199999988079071
YDL014W,YBL004W,1,0.2660324,0.9734619855880737,0.8069999814033508,0.002199999988079071
YBL004W,YDR280W,1,0.2591352,0.9734939932823181,0.8080000281333923,0.002199999988079071
YLR276C,YPL093W,1,0.25177902,0.973525881767273,0.8090000152587891,0.002199999988079071
YKL172W,YCR031C,1,0.22834891,0.973557710647583,0.8100000023841858,0.002199999988079071
YBR247C,YBR167C,1,0.22176868,0.9735894203186035,0.8109999895095825,0.002199999988079071
YNL302C,YJL033W,1,0.21125811,0.973621129989624,0.8119999766349792,0.002199999988079071
YLR430W,YLR175W,1,0.20387048,0.973652720451355,0.8130000233650208,0.002199999988079071
YLR192C,YHR088W,1,0.17868322,0.9736841917037964,0.8140000104904175,0.002199999988079071
YPL146C,YBR167C,1,0.17540878,0.9737156629562378,0.8149999976158142,0.002199999988079071
YDL213C,YCR058C,1,0.17492336,0.9737470149993896,0.8159999847412109,0.002199999988079071
YNL302C,YPL211W,1,0.16915578,0.9737783074378967,0.8169999718666077,0.002199999988079071
YBR257W,YPL012W,1,0.1650846,0.973809540271759,0.8180000185966492,0.002199999988079071
YPL082C,YNL061W,1,0.16203076,0.9738406538963318,0.8190000057220459,0.002199999988079071
YDL060W,YPL082C,1,0.16172606,0.9738717079162598,0.8199999928474426,0.002199999988079071
YNL302C,YLR197W,1,0.15887946,0.973902702331543,0.8209999799728394,0.002199999988079071
YOR243C,YPR163C,0,0.15241522,0.9727488160133362,0.8209999799728394,0.002300000051036477
YLR196W,YCR031C,1,0.15163213,0.9727810621261597,0.8220000267028809,0.002300000051036477
YLR192C,YER127W,1,0.1495356,0.9728132486343384,0.8230000138282776,0.002300000051036477
YER126C,YLR175W,1,0.1479215,0.9728453159332275,0.8240000009536743,0.002300000051036477
YDR339C,YNR054C,1,0.14020771,0.9728773832321167,0.824999988079071,0.002300000051036477
YDR110W,YHL001W,0,0.12835425,0.971731424331665,0.824999988079071,0.002400000113993883
YCL031C,YDL014W,1,0.1264574,0.9717646837234497,0.8259999752044678,0.002400000113993883
YHR169W,YGR103W,1,0.12515825,0.9717978835105896,0.8270000219345093,0.002400000113993883
YLR051C,YBR167C,1,0.12471694,0.9718309640884399,0.828000009059906,0.002400000113993883
YDL111C,YLR430W,1,0.11431724,0.9718639850616455,0.8289999961853027,0.002400000113993883
YOR287C,YGL171W,1,0.10558885,0.9718969464302063,0.8299999833106995,0.002400000113993883
YGR090W,YDR339C,1,0.10421413,0.9719298481941223,0.8309999704360962,0.002400000113993883
YDR339C,YDR021W,1,0.10295099,0.9719626307487488,0.8320000171661377,0.002400000113993883
YBR247C,YLL011W,1,0.09979576,0.9719953536987305,0.8330000042915344,0.002400000113993883
YLR430W,YPR016C,1,0.094020426,0.9720279574394226,0.8339999914169312,0.002400000113993883
YOR048C,YDR398W,1,0.07936114,0.9720605611801147,0.8349999785423279,0.002400000113993883
YNL207W,YLR192C,1,0.071741164,0.9720930457115173,0.8360000252723694,0.002400000113993883
YOR078W,YCR031C,1,0.064344585,0.9721254110336304,0.8370000123977661,0.002400000113993883
YNL110C,YIL004C,0,0.058255613,0.97099769115448,0.8370000123977661,0.0024999999441206455
YDR398W,YGL078C,1,0.054840982,0.9710313081741333,0.8379999995231628,0.0024999999441206455
YHR197W,YDR398W,1,0.030501306,0.9710648059844971,0.8389999866485596,0.0024999999441206455
YDL014W,YHR065C,1,0.0259282,0.9710982441902161,0.8399999737739563,0.0024999999441206455
YLL026W,YNL274C,0,0.018846393,0.9699769020080566,0.8399999737739563,0.0026000000070780516
YGL037C,YJL163C,0,0.013658047,0.9688581228256226,0.8399999737739563,0.0027000000700354576
YPL012W,YNL232W,1,0.012637317,0.9688940048217773,0.8410000205039978,0.0027000000700354576
YLR145W,YDL213C,1,-0.005547583,0.9689298272132874,0.8420000076293945,0.0027000000700354576
YNL207W,YNR054C,1,-0.0056584477,0.9689655303955078,0.8429999947547913,0.0027000000700354576
YNL248C,YDR435C,0,-0.0067673326,0.9678530693054199,0.8429999947547913,0.00279999990016222
YAL025C,YPL235W,1,-0.011482298,0.9678899049758911,0.843999981880188,0.00279999990016222
YGL029W,YCR018C,1,-0.020876586,0.9679266810417175,0.8450000286102295,0.00279999990016222
YLR336C,YLR020C,0,-0.022540867,0.9668192267417908,0.8450000286102295,0.002899999963119626
YLR293C,YLR175W,1,-0.045527756,0.9668571352958679,0.8460000157356262,0.002899999963119626
YNL302C,YDR021W,1,-0.046068728,0.9668949842453003,0.847000002861023,0.002899999963119626
YNL232W,YNL221C,1,-0.055107653,0.9669327139854431,0.8479999899864197,0.002899999963119626
YDL148C,YNR054C,1,-0.09666735,0.9669703841209412,0.8489999771118164,0.002899999963119626
YHR169W,YJR002W,1,-0.1045714,0.9670079350471497,0.8500000238418579,0.002899999963119626
YDL014W,YJR002W,1,-0.10905677,0.9670454263687134,0.8510000109672546,0.002899999963119626
YDL014W,YPR137W,1,-0.11462718,0.9670828580856323,0.8519999980926514,0.002899999963119626
YDL014W,YJL033W,1,-0.1241377,0.9671201705932617,0.8529999852180481,0.002899999963119626
YNL302C,YMR128W,1,-0.14387935,0.9671574234962463,0.8539999723434448,0.002899999963119626
YNL207W,YHR034C,1,-0.14939362,0.9671945571899414,0.8550000190734863,0.002899999963119626
YGR145W,YPL235W,1,-0.15398008,0.9672316312789917,0.8560000061988831,0.002899999963119626
YOL142W,YBR167C,1,-0.16622442,0.9672686457633972,0.8569999933242798,0.002899999963119626
YGL029W,YNL232W,1,-0.18448311,0.9673055410385132,0.8579999804496765,0.002899999963119626
YDL148C,YDL111C,1,-0.18968588,0.9673423171043396,0.859000027179718,0.002899999963119626
YHR034C,YHR062C,1,-0.19356352,0.967379093170166,0.8600000143051147,0.002899999963119626
YDR299W,YDR036C,0,-0.19500828,0.966292142868042,0.8600000143051147,0.003000000026077032
YLR293C,YGR090W,1,-0.2027672,0.9663299918174744,0.8610000014305115,0.003000000026077032
YLR276C,YKR024C,1,-0.20853573,0.9663677215576172,0.8619999885559082,0.003000000026077032
YLR293C,YDR412W,1,-0.21319371,0.9664053916931152,0.8629999756813049,0.003000000026077032
YKL172W,YLR051C,1,-0.22428137,0.9664429426193237,0.8640000224113464,0.003000000026077032
YHR034C,YGL120C,1,-0.23051137,0.9664804339408875,0.8650000095367432,0.003000000026077032
YCL059C,YCR058C,1,-0.23473895,0.9665178656578064,0.8659999966621399,0.003000000026077032
YOR287C,YPL211W,1,-0.24696898,0.9665551781654358,0.8669999837875366,0.003000000026077032
YCR031C,YOR145C,1,-0.2488966,0.9665924310684204,0.8679999709129333,0.003000000026077032
YPL235W,YDR083W,1,-0.2628947,0.9666295647621155,0.8690000176429749,0.003000000026077032
YHL034C,YJL033W,1,-0.271819,0.9666666388511658,0.8700000047683716,0.003000000026077032
YPR010C,YDR523C,0,-0.2720725,0.9655937552452087,0.8700000047683716,0.003100000089034438
YOL137W,YIR034C,0,-0.28113952,0.9645232558250427,0.8700000047683716,0.0031999999191612005
YHR170W,YMR071C,0,-0.2852617,0.9634551405906677,0.8700000047683716,0.0032999999821186066
YLR430W,YMR128W,1,-0.28848785,0.9634955525398254,0.8709999918937683,0.0032999999821186066
YGR145W,YNL221C,1,-0.2915805,0.9635359048843384,0.871999979019165,0.0032999999821186066
YNL302C,YHR197W,1,-0.29420406,0.9635761380195618,0.8730000257492065,0.0032999999821186066
YMR302C,YMR049C,1,-0.31144553,0.9636163115501404,0.8740000128746033,0.0032999999821186066
YNL153C,YML113W,0,-0.31864244,0.9625550508499146,0.8740000128746033,0.0034000000450760126
YGL246C,YPL235W,1,-0.31864315,0.9625962376594543,0.875,0.0034000000450760126
YGL171W,YBL004W,1,-0.32489258,0.9626373648643494,0.8759999871253967,0.0034000000450760126
YOR287C,YPL093W,1,-0.33082524,0.9626783728599548,0.8769999742507935,0.0034000000450760126
YCL037C,YML094W,0,-0.33762974,0.9616228342056274,0.8769999742507935,0.0035000001080334187
YDR091C,YMR123W,0,-0.33919615,0.9605695605278015,0.8769999742507935,0.003599999938160181
YDL060W,YCR031C,1,-0.3446085,0.9606127142906189,0.878000020980835,0.003599999938160181
YPL212C,YBR060C,0,-0.35246283,0.9595628380775452,0.878000020980835,0.003700000001117587
YHR081W,YDR280W,1,-0.35975558,0.9596070051193237,0.8790000081062317,0.003700000001117587
YDL014W,YJL109C,1,-0.36332184,0.9596510529518127,0.8799999952316284,0.003700000001117587
YCR035C,YCR058C,1,-0.3633706,0.9596949815750122,0.8809999823570251,0.003700000001117587
YGR272C,YJL033W,1,-0.36794525,0.9597388505935669,0.8820000290870667,0.003700000001117587
YJL180C,YNL132W,0,-0.3766672,0.958695650100708,0.8820000290870667,0.003800000064074993
YPL082C,YER006W,1,-0.38084823,0.9587404727935791,0.8830000162124634,0.003800000064074993
YHR197W,YCR031C,1,-0.3810671,0.9587852358818054,0.8840000033378601,0.003800000064074993
YLR430W,YDL213C,1,-0.40432864,0.9588298797607422,0.8849999904632568,0.003800000064074993
YPL012W,YKR024C,1,-0.40721112,0.9588744640350342,0.8859999775886536,0.003800000064074993
YOL121C,YGR095C,1,-0.4303171,0.9589189291000366,0.8870000243186951,0.003800000064074993
YCR058C,YDR365C,1,-0.43040258,0.9589632749557495,0.8880000114440918,0.003800000064074993
YJR002W,YJL033W,1,-0.45643383,0.9590075612068176,0.8889999985694885,0.003800000064074993
YNL302C,YDL213C,1,-0.45782167,0.9590517282485962,0.8899999856948853,0.003800000064074993
YLR276C,YGR272C,1,-0.45914727,0.9590957760810852,0.890999972820282,0.003800000064074993
YNL110C,YOR069W,0,-0.4730857,0.9580644965171814,0.890999972820282,0.0038999998942017555
YCR031C,YGL078C,1,-0.48496395,0.9581095576286316,0.8920000195503235,0.0038999998942017555
YGL169W,YDR025W,0,-0.50091296,0.9570815563201904,0.8920000195503235,0.004000000189989805
YPL235W,YKR024C,1,-0.5064202,0.957127571105957,0.8930000066757202,0.004000000189989805
YHR040W,YBL042C,0,-0.5353859,0.9561027884483337,0.8930000066757202,0.004100000020116568
YDL174C,YNL110C,0,-0.5589598,0.9550802111625671,0.8930000066757202,0.00419999985024333
YPL157W,YLR419W,0,-0.5607117,0.9540598392486572,0.8930000066757202,0.00430000014603138
YOR048C,YDR412W,1,-0.5650019,0.9541088342666626,0.8939999938011169,0.00430000014603138
YOL121C,YJL109C,1,-0.57721883,0.9541577696800232,0.8949999809265137,0.00430000014603138
YMR131C,YPL047W,0,-0.6107754,0.9531416296958923,0.8949999809265137,0.004399999976158142
YDR091C,YDR165W,0,-0.629401,0.9521276354789734,0.8949999809265137,0.0044999998062849045
YOR293W,YHR043C,0,-0.66327524,0.9511158466339111,0.8949999809265137,0.004600000102072954
YPL082C,YGR095C,1,-0.6633324,0.9511677026748657,0.8960000276565552,0.004600000102072954
YNL302C,YPL126W,1,-0.6710717,0.9512194991111755,0.8970000147819519,0.004600000102072954
YGL068W,YCR071C,0,-0.69287556,0.9502118825912476,0.8970000147819519,0.004699999932199717
YJR002W,YKR024C,1,-0.69613534,0.950264573097229,0.8980000019073486,0.004699999932199717
YJR063W,YNR006W,0,-0.7240639,0.9492600560188293,0.8980000019073486,0.004800000227987766
YDR339C,YBR167C,1,-0.74881417,0.9493136405944824,0.8989999890327454,0.004800000227987766
YNL302C,YGL078C,1,-0.7523554,0.949367105960846,0.8999999761581421,0.004800000227987766
YCL031C,YOR048C,1,-0.7601947,0.9494204521179199,0.9010000228881836,0.004800000227987766
YLR293C,YBR257W,1,-0.7673042,0.9494736790657043,0.9020000100135803,0.004800000227987766
YER117W,YBL079W,0,-0.7717162,0.9484753012657166,0.9020000100135803,0.004900000058114529
YDL060W,YDL111C,1,-0.78685576,0.9485294222831726,0.902999997138977,0.004900000058114529
YLR293C,YPR137W,1,-0.7978341,0.9485834240913391,0.9039999842643738,0.004900000058114529
YBR119W,YHR170W,0,-0.8231473,0.947589099407196,0.9039999842643738,0.004999999888241291
YDL031W,YMR302C,1,-0.8249802,0.9476439952850342,0.9049999713897705,0.004999999888241291
YER171W,YDL055C,0,-0.8269113,0.9466527104377747,0.9049999713897705,0.005100000184029341
YLR293C,YNL232W,1,-0.8307853,0.9467084407806396,0.906000018119812,0.005100000184029341
YLR145W,YER006W,1,-0.8438123,0.9467641115188599,0.9070000052452087,0.005100000184029341
YNL302C,YKR024C,1,-0.8662968,0.9468196034431458,0.9079999923706055,0.005100000184029341
YDR472W,YLR340W,0,-0.8695042,0.9458333253860474,0.9079999923706055,0.005200000014156103
YAL002W,YGR245C,0,-0.8999693,0.9448491334915161,0.9079999923706055,0.0052999998442828655
YBL018C,YHR089C,1,-0.91608185,0.94490647315979,0.9089999794960022,0.0052999998442828655
YDL060W,YJR002W,1,-0.94041544,0.9449636340141296,0.9100000262260437,0.0052999998442828655
YDR465C,YNR046W,0,-0.94873863,0.9439833760261536,0.9100000262260437,0.005400000140070915
YBR034C,YBL041W,0,-0.9498631,0.9430052042007446,0.9100000262260437,0.005499999970197678
YJR063W,YDR201W,0,-0.9534326,0.9420289993286133,0.9100000262260437,0.00559999980032444
YOL121C,YLR192C,1,-0.95423573,0.9420889616012573,0.9110000133514404,0.00559999980032444
YOR294W,YNL232W,1,-0.96674925,0.942148745059967,0.9120000004768372,0.00559999980032444
YKL033W,YFR031C-A,0,-0.9726184,0.9411764740943909,0.9120000004768372,0.00570000009611249
YNL302C,YOR078W,1,-0.9875702,0.9412370920181274,0.9129999876022339,0.00570000009611249
YMR128W,YBR167C,1,-1.0080676,0.9412976503372192,0.9139999747276306,0.00570000009611249
YHR143W-A,YOR260W,0,-1.0249841,0.9403291940689087,0.9139999747276306,0.005799999926239252
YHR034C,YLR002C,1,-1.0258791,0.9403905272483826,0.9150000214576721,0.005799999926239252
YBR257W,YCR058C,1,-1.0324621,0.9404517412185669,0.9160000085830688,0.005799999926239252
YOR063W,YKL054C,0,-1.0558317,0.9394871592521667,0.9160000085830688,0.005900000222027302
YOR287C,YDR365C,1,-1.0590017,0.9395492076873779,0.9169999957084656,0.005900000222027302
YDL060W,YPL012W,1,-1.0604491,0.9396110773086548,0.9179999828338623,0.005900000222027302
YJR041C,YBR074W,0,-1.0639653,0.9386503100395203,0.9179999828338623,0.006000000052154064
YBR257W,YNL207W,1,-1.0716047,0.9387129545211792,0.9190000295639038,0.006000000052154064
YDL014W,YKL172W,1,-1.0903106,0.9387755393981934,0.9200000166893005,0.006000000052154064
YGR159C,YCR031C,1,-1.0935674,0.9388379454612732,0.9210000038146973,0.006000000052154064
YLR367W,YJL102W,0,-1.0962304,0.9378818869590759,0.9210000038146973,0.006099999882280827
YOL137W,YKL056C,0,-1.1206942,0.9369277954101562,0.9210000038146973,0.006200000178068876
YCR031C,YJL033W,1,-1.1214223,0.9369918704032898,0.921999990940094,0.006200000178068876
YLR343W,YBL022C,0,-1.1379879,0.9360405802726746,0.921999990940094,0.006300000008195639
YDR156W,YER165W,0,-1.1449041,0.9350912570953369,0.921999990940094,0.006399999838322401
YNR003C,YIL127C,0,-1.1474242,0.9341438412666321,0.921999990940094,0.006500000134110451
YLL026W,YOL071W,0,-1.1523149,0.9331983923912048,0.921999990940094,0.006599999964237213
YPR101W,YKL002W,0,-1.152402,0.9322547912597656,0.921999990940094,0.0066999997943639755
YPR010C,YPL090C,0,-1.1561036,0.931313157081604,0.921999990940094,0.006800000090152025
YGR090W,YGR272C,1,-1.1591649,0.931382417678833,0.9229999780654907,0.006800000090152025
YNL119W,YLR048W,0,-1.1637869,0.930443525314331,0.9229999780654907,0.006899999920278788
YPL235W,YFL002C,1,-1.1674435,0.9305136203765869,0.9240000247955322,0.006899999920278788
YCL038C,YML026C,0,-1.169656,0.9295774698257446,0.9240000247955322,0.007000000216066837
YLR356W,YNL134C,0,-1.1850165,0.9286432266235352,0.9240000247955322,0.0071000000461936
YHR136C,YHR042W,0,-1.1861658,0.9277108311653137,0.9240000247955322,0.007199999876320362
YKR056W,YDL055C,0,-1.1874532,0.9267803430557251,0.9240000247955322,0.007300000172108412
YOR048C,YLR002C,1,-1.2085967,0.9268537163734436,0.925000011920929,0.007300000172108412
YBR167C,YLR197W,1,-1.2343941,0.9269269108772278,0.9259999990463257,0.007300000172108412
YLR293C,YLR051C,1,-1.2370796,0.9269999861717224,0.9269999861717224,0.007300000172108412
YFL035C-B,YDR119W,0,-1.2503376,0.9260739088058472,0.9269999861717224,0.007400000002235174
YML054C,YBR302C,0,-1.2833526,0.92514967918396,0.9269999861717224,0.007499999832361937
YHR081W,YNL221C,1,-1.2848697,0.9252243041992188,0.9279999732971191,0.007499999832361937
YBR291C,YNR046W,0,-1.2875087,0.9243028163909912,0.9279999732971191,0.007600000128149986
YMR014W,YGR245C,0,-1.297147,0.9233830571174622,0.9279999732971191,0.007699999958276749
YBR156C,YOL143C,0,-1.3023453,0.9224652051925659,0.9279999732971191,0.007799999788403511
YDL184C,YIL110W,0,-1.3127296,0.9215491414070129,0.9279999732971191,0.007899999618530273
YGL014W,YFR009W,0,-1.3153317,0.920634925365448,0.9279999732971191,0.00800000037997961
YCR034W,YEL042W,0,-1.3201199,0.9197224974632263,0.9279999732971191,0.008100000210106373
YLR293C,YJL191W,1,-1.3434315,0.9198019504547119,0.9290000200271606,0.008100000210106373
YJL148W,YJR034W,0,-1.354672,0.9188922047615051,0.9290000200271606,0.008200000040233135
YPR010C,YIL003W,0,-1.3559175,0.9179841876029968,0.9290000200271606,0.008299999870359898
YBL018C,YJL033W,1,-1.3576896,0.9180651307106018,0.9300000071525574,0.008299999870359898
YLR293C,YHL034C,1,-1.3697703,0.9181459546089172,0.9309999942779541,0.008299999870359898
YGL166W,YJL148W,0,-1.3703508,0.9172413945198059,0.9309999942779541,0.00839999970048666
YOL077C,YER007W,0,-1.373312,0.9163385629653931,0.9309999942779541,0.008500000461935997
YBR061C,YMR143W,0,-1.3803964,0.9154375791549683,0.9309999942779541,0.00860000029206276
YNL152W,YLL034C,0,-1.386482,0.9145383238792419,0.9309999942779541,0.008700000122189522
YNL207W,YNL221C,1,-1.3988593,0.9146221876144409,0.9319999814033508,0.008700000122189522
YOR272W,YHR094C,0,-1.4170356,0.9137254953384399,0.9319999814033508,0.008799999952316284
YPR112C,YCR018C,1,-1.4391158,0.9138100147247314,0.9330000281333923,0.008799999952316284
YDR052C,YKL029C,0,-1.4417846,0.912915825843811,0.9330000281333923,0.008899999782443047
YPR155C,YOR341W,0,-1.4607182,0.9120234847068787,0.9330000281333923,0.008999999612569809
YDL081C,YDL167C,0,-1.4636662,0.9111328125,0.9330000281333923,0.009100000374019146
YGL127C,YIL053W,0,-1.4839351,0.9102439284324646,0.9330000281333923,0.009200000204145908
YMR131C,YDR047W,0,-1.4866965,0.9093567132949829,0.9330000281333923,0.00930000003427267
YJL191W,YBR167C,1,-1.5104892,0.9094449877738953,0.9340000152587891,0.00930000003427267
YMR308C,YLR405W,0,-1.5116916,0.9085603356361389,0.9340000152587891,0.009399999864399433
YCL038C,YDL112W,0,-1.5242326,0.9076773524284363,0.9340000152587891,0.009499999694526196
YBL018C,YKR024C,1,-1.5250742,0.9077669978141785,0.9350000023841858,0.009499999694526196
YCL063W,YFR015C,0,-1.5279915,0.9068865180015564,0.9350000023841858,0.009600000455975533
YML086C,YPR114W,0,-1.5285926,0.9060077667236328,0.9350000023841858,0.009700000286102295
YDL083C,YGR233C,0,-1.5337744,0.9051306843757629,0.9350000023841858,0.009800000116229057
YHR209W,YOR185C,0,-1.5568092,0.9042553305625916,0.9350000023841858,0.00989999994635582
YGL201C,YDR190C,0,-1.5661554,0.9033816456794739,0.9350000023841858,0.009999999776482582
YHR203C,YJL098W,0,-1.5720358,0.9025096297264099,0.9350000023841858,0.010099999606609344
YDL153C,YMR302C,1,-1.5756087,0.9026036858558655,0.9359999895095825,0.010099999606609344
YNL207W,YNL232W,1,-1.5765426,0.9026975035667419,0.9369999766349792,0.010099999606609344
YOR182C,YPL220W,0,-1.5882726,0.9018287062644958,0.9369999766349792,0.010200000368058681
YLR344W,YCL011C,0,-1.5918818,0.9009615182876587,0.9369999766349792,0.010300000198185444
YBR153W,YOR272W,0,-1.5942452,0.90009605884552,0.9369999766349792,0.010400000028312206
YGR231C,YDR296W,0,-1.5961812,0.8992322683334351,0.9369999766349792,0.010499999858438969
YDR060W,YNL079C,0,-1.6119101,0.898370087146759,0.9369999766349792,0.010599999688565731
YDR312W,YPL065W,0,-1.6134288,0.8975095748901367,0.9369999766349792,0.010700000450015068
YER055C,YHR175W,0,-1.6165719,0.8966507315635681,0.9369999766349792,0.01080000028014183
YPR031W,YJL130C,0,-1.6199601,0.8957934975624084,0.9369999766349792,0.010900000110268593
YGR156W,YJL097W,0,-1.6261818,0.8949379324913025,0.9369999766349792,0.010999999940395355
YKR003W,YBL015W,0,-1.6454957,0.8940839767456055,0.9369999766349792,0.011099999770522118
YMR269W,YOL087C,0,-1.645978,0.8932316303253174,0.9369999766349792,0.01119999960064888
YLR272C,YNL090W,0,-1.6561329,0.892380952835083,0.9369999766349792,0.011300000362098217
YMR014W,YBL072C,0,-1.6575811,0.8915318846702576,0.9369999766349792,0.01140000019222498
YJR063W,YGR150C,0,-1.667419,0.8906844258308411,0.9369999766349792,0.011500000022351742
YDR144C,YPL030W,0,-1.6759858,0.8898385763168335,0.9369999766349792,0.011599999852478504
YMR189W,YJR094W-A,0,-1.678124,0.8889943361282349,0.9369999766349792,0.011699999682605267
YOR287C,YHR062C,1,-1.6818337,0.8890995383262634,0.9380000233650208,0.011699999682605267
YEL050C,YIL070C,0,-1.7095778,0.8882575631141663,0.9380000233650208,0.011800000444054604
YOR048C,YDR280W,1,-1.7188809,0.8883633017539978,0.9390000104904175,0.011800000444054604
YJR063W,YBR179C,0,-1.7199075,0.8875236511230469,0.9390000104904175,0.011900000274181366
YLR430W,YBL004W,1,-1.7372684,0.8876298666000366,0.9399999976158142,0.011900000274181366
YNL302C,YCR035C,1,-1.7649252,0.8877358436584473,0.9409999847412109,0.011900000274181366
YGL189C,YJL177W,0,-1.765883,0.8868991732597351,0.9409999847412109,0.012000000104308128
YBR257W,YGR272C,1,-1.7998743,0.887005627155304,0.9419999718666077,0.012000000104308128
YPL157W,YDR281C,0,-1.8042152,0.8861712217330933,0.9419999718666077,0.01209999993443489
YOL077C,YGL005C,0,-1.8114552,0.8853383660316467,0.9419999718666077,0.012199999764561653
YJR064W,YJL098W,0,-1.8198516,0.8845070600509644,0.9419999718666077,0.012299999594688416
YDR312W,YDL103C,0,-1.8253744,0.8836773037910461,0.9419999718666077,0.012400000356137753
YMR121C,YPL009C,0,-1.8349705,0.8828490972518921,0.9419999718666077,0.012500000186264515
YDL014W,YGR272C,1,-1.8412015,0.8829588294029236,0.9430000185966492,0.012500000186264515
YPL235W,YPL211W,1,-1.8413336,0.8830682635307312,0.9440000057220459,0.012500000186264515
YNL207W,YMR302C,1,-1.8440073,0.8831775784492493,0.9449999928474426,0.012500000186264515
YLR164W,YOL082W,0,-1.860477,0.8823529481887817,0.9449999928474426,0.012600000016391277
YGR108W,YHR198C,0,-1.8710093,0.8815298676490784,0.9449999928474426,0.01269999984651804
YDR171W,YHR016C,0,-1.880363,0.8807082772254944,0.9449999928474426,0.012799999676644802
YPL235W,YGR272C,1,-1.8993831,0.8808193802833557,0.9459999799728394,0.012799999676644802
YLL041C,YPL086C,0,-1.9021409,0.8799999952316284,0.9459999799728394,0.012900000438094139
YHR066W,YER063W,0,-1.9046788,0.8791821599006653,0.9459999799728394,0.013000000268220901
YJR002W,YNL221C,1,-1.9070351,0.8792943358421326,0.9470000267028809,0.013000000268220901
YGR118W,YBL035C,0,-1.9215212,0.8784786462783813,0.9470000267028809,0.013100000098347664
YJL153C,YLR367W,0,-1.929615,0.8776645064353943,0.9470000267028809,0.013199999928474426
YLR272C,YGR112W,0,-1.9338355,0.8768518567085266,0.9470000267028809,0.013299999758601189
YOL058W,YFL049W,0,-1.9486175,0.8760406970977783,0.9470000267028809,0.013399999588727951
YDR037W,YPL237W,0,-1.9772666,0.8752310276031494,0.9470000267028809,0.013500000350177288
YLR221C,YGR016W,0,-1.9776144,0.8744229078292847,0.9470000267028809,0.01360000018030405
YGL226W,YLR058C,0,-1.9780581,0.8736162185668945,0.9470000267028809,0.013700000010430813
YPL082C,YPL217C,1,-1.9785242,0.8737327456474304,0.9480000138282776,0.013700000010430813
YLR441C,YLR448W,0,-1.9819098,0.8729282021522522,0.9480000138282776,0.013799999840557575
YDL060W,YLR145W,1,-1.9824383,0.8730450868606567,0.9490000009536743,0.013799999840557575
YGR094W,YNL240C,0,-1.9866109,0.8722426295280457,0.9490000009536743,0.013899999670684338
YMR014W,YPR010C,0,-1.9924386,0.871441662311554,0.9490000009536743,0.014000000432133675
YMR260C,YBR230C,0,-1.9938695,0.8706421852111816,0.9490000009536743,0.014100000262260437
YMR270C,YBL087C,0,-1.9989536,0.8698441982269287,0.9490000009536743,0.0142000000923872
YPL082C,YCR035C,1,-2.0053062,0.8699633479118347,0.949999988079071,0.0142000000923872
YDR174W,YLR449W,0,-2.0098891,0.8691674470901489,0.949999988079071,0.014299999922513962
YHR028C,YLR397C,0,-2.011538,0.868372917175293,0.949999988079071,0.014399999752640724
YDR091C,YKL129C,0,-2.0115902,0.8675799369812012,0.949999988079071,0.014499999582767487
YPL235W,YNL221C,1,-2.0137258,0.8677007555961609,0.9509999752044678,0.014499999582767487
YGR048W,YPR163C,0,-2.0188642,0.8669097423553467,0.9509999752044678,0.014600000344216824
YLR069C,YDR322W,0,-2.0220628,0.8661202192306519,0.9509999752044678,0.014700000174343586
YMR014W,YOR202W,0,-2.0337257,0.8653321266174316,0.9509999752044678,0.014800000004470348
YJR063W,YGR004W,0,-2.045707,0.864545464515686,0.9509999752044678,0.01489999983459711
YBL018C,YBL004W,1,-2.0480242,0.8646684885025024,0.9520000219345093,0.01489999983459711
YJR070C,YBR296C,0,-2.050223,0.8638838529586792,0.9520000219345093,0.014999999664723873
YOL061W,YOR224C,0,-2.062562,0.8631006479263306,0.9520000219345093,0.01510000042617321
YLR432W,YML065W,0,-2.066382,0.8623188138008118,0.9520000219345093,0.015200000256299973
YLR367W,YNL010W,0,-2.0716555,0.8615384697914124,0.9520000219345093,0.015300000086426735
YGR185C,YBR106W,0,-2.0798423,0.8607594966888428,0.9520000219345093,0.015399999916553497
YCR029C-A,YKL140W,0,-2.085995,0.8599819540977478,0.9520000219345093,0.01549999974668026
YGR256W,YNR002C,0,-2.0886366,0.8592057824134827,0.9520000219345093,0.015599999576807022
YNL248C,YER153C,0,-2.0914013,0.8584310412406921,0.9520000219345093,0.015699999406933784
YMR142C,YML043C,0,-2.095806,0.8576576709747314,0.9520000219345093,0.015799999237060547
YJL106W,YOR018W,0,-2.0994706,0.8568856716156006,0.9520000219345093,0.01590000092983246
YNL302C,YBL018C,1,-2.1008792,0.8570144176483154,0.953000009059906,0.01590000092983246
YNR004W,YOR017W,0,-2.1233494,0.8562443852424622,0.953000009059906,0.01600000075995922
YDR453C,YLR432W,0,-2.1403198,0.8554757833480835,0.953000009059906,0.016100000590085983
YPL181W,YGR078C,0,-2.1415515,0.8547084927558899,0.953000009059906,0.016200000420212746
YHR090C,YHR052W,0,-2.1457617,0.8539426326751709,0.953000009059906,0.016300000250339508
YIL149C,YLR058C,0,-2.1462913,0.8531781435012817,0.953000009059906,0.01640000008046627
YDR312W,YKL006C-A,0,-2.1489801,0.8524150252342224,0.953000009059906,0.016499999910593033
YDL024C,YLR258W,0,-2.1539457,0.8516532778739929,0.953000009059906,0.016599999740719795
YDR226W,YBR017C,0,-2.167983,0.8508928418159485,0.953000009059906,0.016699999570846558
YDR110W,YKL037W,0,-2.1802208,0.8501338362693787,0.953000009059906,0.01679999940097332
YPR132W,YDL074C,0,-2.181808,0.8493761420249939,0.953000009059906,0.016899999231100082
YDR312W,YBR166C,0,-2.1854417,0.8486197590827942,0.953000009059906,0.017000000923871994
YDL083C,YLR388W,0,-2.1865277,0.8478647470474243,0.953000009059906,0.017100000753998756
YIL165C,YER175C,0,-2.194364,0.8471111059188843,0.953000009059906,0.01720000058412552
YER102W,YLR405W,0,-2.2017796,0.8463587760925293,0.953000009059906,0.01730000041425228
YLR141W,YBL091C-A,0,-2.2039366,0.8456078171730042,0.953000009059906,0.017400000244379044
YGR187C,YLR147C,0,-2.2042923,0.8448581695556641,0.953000009059906,0.017500000074505806
YOR287C,YCR031C,1,-2.2176495,0.8449955582618713,0.9539999961853027,0.017500000074505806
YER001W,YJL095W,0,-2.2341354,0.8442477583885193,0.9539999961853027,0.01759999990463257
YHR064C,YEL029C,0,-2.2361407,0.8435013294219971,0.9539999961853027,0.01769999973475933
YMR302C,YHR088W,1,-2.236439,0.8436395525932312,0.9549999833106995,0.01769999973475933
YNL064C,YJL200C,0,-2.2403555,0.842894971370697,0.9549999833106995,0.017799999564886093
YOR014W,YFL026W,0,-2.2470522,0.8421517014503479,0.9549999833106995,0.017899999395012856
YJL148W,YIL162W,0,-2.2537558,0.8414096832275391,0.9549999833106995,0.017999999225139618
YJR136C,YDR201W,0,-2.2578678,0.8406690359115601,0.9549999833106995,0.01810000091791153
YBL090W,YLL034C,0,-2.2581072,0.8399296402931213,0.9549999833106995,0.018200000748038292
YGL209W,YOL062C,0,-2.2620442,0.8391915559768677,0.9549999833106995,0.018300000578165054
YGR127W,YEL011W,0,-2.268465,0.8384547829627991,0.9549999833106995,0.018400000408291817
YKL007W,YLL023C,0,-2.2767167,0.8377193212509155,0.9549999833106995,0.01850000023841858
YMR269W,YCL061C,0,-2.2805696,0.8369851112365723,0.9549999833106995,0.01860000006854534
YBR083W,YLR109W,0,-2.2923057,0.8362522125244141,0.9549999833106995,0.018699999898672104
YKR084C,YNL339C,0,-2.2924922,0.8355205655097961,0.9549999833106995,0.018799999728798866
YDR312W,YDR079C-A,0,-2.299315,0.8347902297973633,0.9549999833106995,0.01889999955892563
YNL246W,YMR123W,0,-2.2993927,0.8340611457824707,0.9549999833106995,0.01899999938905239
YMR040W,YDR055W,0,-2.3069572,0.8333333134651184,0.9549999833106995,0.019099999219179153
YKR006C,YJR141W,0,-2.3170953,0.8326067924499512,0.9549999833106995,0.019200000911951065
YGR272C,YLR409C,1,-2.3284287,0.8327525854110718,0.9559999704360962,0.019200000911951065
YMR270C,YNL308C,0,-2.3300338,0.8320278525352478,0.9559999704360962,0.019300000742077827
YNL185C,YNL217W,0,-2.3431523,0.8313043713569641,0.9559999704360962,0.01940000057220459
YDL083C,YDL133C-A,0,-2.3508286,0.8305820822715759,0.9559999704360962,0.019500000402331352
YCR018C,YDR280W,1,-2.3531299,0.8307291865348816,0.9570000171661377,0.019500000402331352
YDR192C,YFL011W-A,0,-2.3543189,0.8300086855888367,0.9570000171661377,0.019600000232458115
YCR031C,YLL035W,1,-2.3546605,0.8301559686660767,0.9580000042915344,0.019600000232458115
YGR061C,YDL167C,0,-2.3556664,0.829437255859375,0.9580000042915344,0.019700000062584877
YKL133C,YDR435C,0,-2.3682113,0.8287197351455688,0.9580000042915344,0.01979999989271164
YOR287C,YPL235W,1,-2.3689508,0.8288677334785461,0.9589999914169312,0.01979999989271164
YDL201W,YJL035C,0,-2.3689883,0.8281520009040833,0.9589999914169312,0.019899999722838402
YJR138W,YPL058C,0,-2.3766282,0.8274374604225159,0.9589999914169312,0.019999999552965164
YDR148C,YPR151C,0,-2.3768368,0.826724112033844,0.9589999914169312,0.020099999383091927
YNR004W,YIL131C,0,-2.3861663,0.8260120749473572,0.9589999914169312,0.02019999921321869
YMR258C,YGR143W,0,-2.3958774,0.8253012299537659,0.9589999914169312,0.0203000009059906
YKL062W,YDR380W,0,-2.396756,0.8245915770530701,0.9589999914169312,0.020400000736117363
YPR016C,YGR272C,1,-2.4008226,0.8247422575950623,0.9599999785423279,0.020400000736117363
YLR227C,YBR007C,0,-2.4068398,0.8240343332290649,0.9599999785423279,0.020500000566244125
YMR053C,YIL131C,0,-2.410332,0.8233276009559631,0.9599999785423279,0.020600000396370888
YDL082W,YBL042C,0,-2.410713,0.8226221203804016,0.9599999785423279,0.02070000022649765
YNR004W,YHL004W,0,-2.4129763,0.8219178318977356,0.9599999785423279,0.020800000056624413
YLR258W,YBL064C,0,-2.416911,0.8212147355079651,0.9599999785423279,0.020899999886751175
YGR062C,YML063W,0,-2.430625,0.8205128312110901,0.9599999785423279,0.020999999716877937
YPL198W,YHR110W,0,-2.435576,0.8198121190071106,0.9599999785423279,0.0210999995470047
YDR167W,YML063W,0,-2.4368553,0.8191125988960266,0.9599999785423279,0.021199999377131462
YNR004W,YIL053W,0,-2.438741,0.8184143304824829,0.9599999785423279,0.021299999207258224
YFL024C,YLR401C,0,-2.4388945,0.8177171945571899,0.9599999785423279,0.021400000900030136
YMR268C,YLR401C,0,-2.442397,0.8170212507247925,0.9599999785423279,0.0215000007301569
YER110C,YLL033W,0,-2.446955,0.8163265585899353,0.9599999785423279,0.02160000056028366
YJR063W,YJL072C,0,-2.4498487,0.8156329393386841,0.9599999785423279,0.021700000390410423
YBR169C,YDR119W,0,-2.4514437,0.8149405717849731,0.9599999785423279,0.021800000220537186
YGR292W,YDR381W,0,-2.4701643,0.8142493367195129,0.9599999785423279,0.021900000050663948
YNR004W,YOR005C,0,-2.4740782,0.8135592937469482,0.9599999785423279,0.02199999988079071
YGL203C,YHR064C,0,-2.4802828,0.812870442867279,0.9599999785423279,0.022099999710917473
YML114C,YHR040W,0,-2.4843674,0.8121827244758606,0.9599999785423279,0.022199999541044235
YHR153C,YOR271C,0,-2.494384,0.8114961981773376,0.9599999785423279,0.022299999371170998
YJR097W,YER164W,0,-2.4963791,0.8108108043670654,0.9599999785423279,0.02239999920129776
YCR072C,YPR002W,0,-2.5004401,0.8101266026496887,0.9599999785423279,0.02250000089406967
YLR251W,YOR155C,0,-2.5108073,0.8094435334205627,0.9599999785423279,0.022600000724196434
YHR046C,YBR245C,0,-2.5116706,0.8087615966796875,0.9599999785423279,0.022700000554323196
YOL040C,YJL221C,0,-2.5151725,0.808080792427063,0.9599999785423279,0.02280000038444996
YDR262W,YOR173W,0,-2.5267906,0.807401180267334,0.9599999785423279,0.02290000021457672
YPL217C,YPL235W,1,-2.527604,0.8075630068778992,0.9610000252723694,0.02290000021457672
YNL209W,YOL122C,0,-2.5287623,0.8068849444389343,0.9610000252723694,0.023000000044703484
YPL051W,YGR180C,0,-2.5534306,0.806208074092865,0.9610000252723694,0.023099999874830246
YLR249W,YLR355C,0,-2.5598707,0.8055322766304016,0.9610000252723694,0.02319999970495701
YJL179W,YPL220W,0,-2.563467,0.804857611656189,0.9610000252723694,0.02329999953508377
YCL057W,YHR052W,0,-2.564687,0.804184079170227,0.9610000252723694,0.023399999365210533
YJR060W,YHR052W,0,-2.566771,0.8035116791725159,0.9610000252723694,0.023499999195337296
YNR004W,YOR304C-A,0,-2.571047,0.8028404116630554,0.9610000252723694,0.023600000888109207
YGR061C,YKL011C,0,-2.5777192,0.8021702766418457,0.9610000252723694,0.02370000071823597
YMR250W,YNL098C,0,-2.5849922,0.8015012741088867,0.9610000252723694,0.023800000548362732
YKR060W,YMR302C,1,-2.5922375,0.8016666769981384,0.9620000123977661,0.023800000548362732
YHR141C,YBR091C,0,-2.6026728,0.8009991645812988,0.9620000123977661,0.023900000378489494
YER131W,YDL226C,0,-2.6042566,0.80033278465271,0.9620000123977661,0.024000000208616257
YPL198W,YJL049W,0,-2.6091115,0.799667477607727,0.9620000123977661,0.02410000003874302
YJR161C,YDL204W,0,-2.6107373,0.7990033030509949,0.9620000123977661,0.02419999986886978
YCL039W,YDL055C,0,-2.6122813,0.7983402609825134,0.9620000123977661,0.024299999698996544
YJL025W,YDR033W,0,-2.616524,0.7976782917976379,0.9620000123977661,0.024399999529123306
YGL157W,YGL227W,0,-2.6171741,0.7970173954963684,0.9620000123977661,0.02449999935925007
YDL145C,YOL152W,0,-2.6176565,0.7963576316833496,0.9620000123977661,0.02459999918937683
YHR153C,YGR118W,0,-2.6186833,0.7956989407539368,0.9620000123977661,0.024700000882148743
YHR116W,YGR214W,0,-2.6206975,0.7950413227081299,0.9620000123977661,0.024800000712275505
YBR085W,YOL039W,0,-2.6269174,0.794384777545929,0.9620000123977661,0.024900000542402267
YIR022W,YER037W,0,-2.6283534,0.7937293648719788,0.9620000123977661,0.02500000037252903
YDL192W,YJR123W,0,-2.6363664,0.7930750250816345,0.9620000123977661,0.025100000202655792
YHR123W,YFR011C,0,-2.6439896,0.7924217581748962,0.9620000123977661,0.025200000032782555
YLR185W,YOR207C,0,-2.6497998,0.7917695641517639,0.9620000123977661,0.025299999862909317
YKR061W,YKR093W,0,-2.655461,0.7911184430122375,0.9620000123977661,0.02539999969303608
YLR158C,YPL002C,0,-2.65688,0.7904683351516724,0.9620000123977661,0.025499999523162842
YPR120C,YLR183C,0,-2.659328,0.7898193597793579,0.9620000123977661,0.025599999353289604
YHR023W,YHR052W,0,-2.6660628,0.7891714572906494,0.9620000123977661,0.025699999183416367
YJL179W,YOR272W,0,-2.6687672,0.7885245680809021,0.9620000123977661,0.025800000876188278
YKL081W,YNR021W,0,-2.671666,0.7878788113594055,0.9620000123977661,0.02590000070631504
YCR034W,YLR183C,0,-2.6820154,0.7872340679168701,0.9620000123977661,0.026000000536441803
YLR120C,YJL157C,0,-2.685341,0.7865903377532959,0.9620000123977661,0.026100000366568565
YLR133W,YLR241W,0,-2.6913629,0.7859477400779724,0.9620000123977661,0.026200000196695328
YDR256C,YGR208W,0,-2.7063403,0.7853060960769653,0.9620000123977661,0.02630000002682209
YDR346C,YJL177W,0,-2.7118058,0.784665584564209,0.9620000123977661,0.026399999856948853
YOR267C,YEL039C,0,-2.7125783,0.7840260863304138,0.9620000123977661,0.026499999687075615
YCL038C,YGR066C,0,-2.7133927,0.7833876013755798,0.9620000123977661,0.026599999517202377
YBR219C,YGR082W,0,-2.7212093,0.7827501893043518,0.9620000123977661,0.02669999934732914
YKR093W,YPL026C,0,-2.731649,0.7821138501167297,0.9620000123977661,0.026799999177455902
YGR090W,YCR018C,1,-2.7429717,0.7822908163070679,0.9629999995231628,0.026799999177455902
YJR041C,YBL039W-B,0,-2.761381,0.7816558480262756,0.9629999995231628,0.026900000870227814
YDR122W,YML024W,0,-2.7624815,0.7810218930244446,0.9629999995231628,0.027000000700354576
YPL183C,YER100W,0,-2.7790833,0.7803889513015747,0.9629999995231628,0.02710000053048134
YDL033C,YJR043C,0,-2.7798557,0.7797570824623108,0.9629999995231628,0.0272000003606081
YJR161C,YDL089W,0,-2.780366,0.7791262269020081,0.9629999995231628,0.027300000190734863
YDR060W,YGL064C,0,-2.7833848,0.7784963846206665,0.9629999995231628,0.027400000020861626
YOL008W,YGL209W,0,-2.787344,0.7778675556182861,0.9629999995231628,0.027499999850988388
YML071C,YHR188C,0,-2.7926192,0.7772396802902222,0.9629999995231628,0.02759999968111515
YPL052W-A,YIR004W,0,-2.8008428,0.7766128778457642,0.9629999995231628,0.027699999511241913
YPL283C,YJR097W,0,-2.803586,0.7759870886802673,0.9629999995231628,0.027799999341368675
YPL203W,YAL001C,0,-2.8039963,0.7753623127937317,0.9629999995231628,0.027899999171495438
YDL081C,YGR106C,0,-2.8086514,0.7747385501861572,0.9629999995231628,0.02800000086426735
YPL012W,YGR272C,1,-2.811988,0.7749196290969849,0.9639999866485596,0.02800000086426735
YGL009C,YBL085W,0,-2.8164315,0.7742971777915955,0.9639999866485596,0.02810000069439411
YFL053W,YLR355C,0,-2.8173275,0.7736757397651672,0.9639999866485596,0.028200000524520874
YLR244C,YPL079W,0,-2.8187866,0.7730553150177002,0.9639999866485596,0.028300000354647636
YOR101W,YJR074W,0,-2.8250542,0.7724359035491943,0.9639999866485596,0.0284000001847744
YHR010W,YBR246W,0,-2.8280158,0.7718174457550049,0.9639999866485596,0.02850000001490116
YBL016W,YHL035C,0,-2.8473914,0.7712000012397766,0.9639999866485596,0.028599999845027924
YJL025W,YGL114W,0,-2.849042,0.7705835103988647,0.9639999866485596,0.028699999675154686
YOR271C,YDR379W,0,-2.8563132,0.7699680328369141,0.9639999866485596,0.02879999950528145
YOR272W,YJL097W,0,-2.8635972,0.7693535685539246,0.9639999866485596,0.02889999933540821
YHL017W,YBR192W,0,-2.8691647,0.7687400579452515,0.9639999866485596,0.028999999165534973
YOR242C,YML094W,0,-2.8788736,0.7681275010108948,0.9639999866485596,0.029100000858306885
YDR155C,YLR384C,0,-2.8804789,0.7675158977508545,0.9639999866485596,0.029200000688433647
YGL259W,YPL224C,0,-2.8832784,0.7669053077697754,0.9639999866485596,0.02930000051856041
YJL191W,YLR192C,1,-2.8967428,0.7670906186103821,0.9649999737739563,0.02930000051856041
YPL165C,YER160C,0,-2.8988605,0.766481339931488,0.9649999737739563,0.029400000348687172
YDL081C,YML046W,0,-2.898861,0.7658730149269104,0.9649999737739563,0.029500000178813934
YER179W,YDR385W,0,-2.901041,0.7652656435966492,0.9649999737739563,0.029600000008940697
YGR061C,YHL001W,0,-2.9043775,0.7646592855453491,0.9649999737739563,0.02969999983906746
YKL081W,YMR153W,0,-2.9075065,0.7640538215637207,0.9649999737739563,0.02979999966919422
YLR336C,YIL022W,0,-2.9155955,0.7634493708610535,0.9649999737739563,0.029899999499320984
YDR299W,YBR131W,0,-2.9176822,0.7628458738327026,0.9649999737739563,0.029999999329447746
YBL018C,YOL142W,1,-2.921211,0.7630331516265869,0.9660000205039978,0.029999999329447746
YDL075W,YLR183C,0,-2.9220314,0.7624309659004211,0.9660000205039978,0.03009999915957451
YER179W,YKL004W,0,-2.9248884,0.761829674243927,0.9660000205039978,0.03020000085234642
YMR121C,YER073W,0,-2.9446964,0.7612293362617493,0.9660000205039978,0.030300000682473183
YCR047C,YDR285W,0,-2.9455044,0.7606298923492432,0.9660000205039978,0.030400000512599945
YMR116C,YKL011C,0,-2.9483433,0.7600314617156982,0.9660000205039978,0.030500000342726707
YOL047C,YLR356W,0,-2.952475,0.7594339847564697,0.9660000205039978,0.03060000017285347
YGR215W,YHR042W,0,-2.9592924,0.7588374018669128,0.9660000205039978,0.030700000002980232
YNL162W,YLR425W,0,-2.9617,0.7582417726516724,0.9660000205039978,0.030799999833106995
YLR145W,YLL035W,1,-2.9682148,0.7584313750267029,0.9670000076293945,0.030799999833106995
YKL067W,YGR094W,0,-2.9689345,0.7578369975090027,0.9670000076293945,0.030899999663233757
YLR359W,YBR160W,0,-2.9740467,0.7572435140609741,0.9670000076293945,0.03099999949336052
YKL010C,YNL209W,0,-2.9768803,0.7566510438919067,0.9670000076293945,0.031099999323487282
YBR238C,YER164W,0,-2.9788451,0.7560594081878662,0.9670000076293945,0.031199999153614044
YGR108W,YBR191W,0,-2.9794288,0.7554687261581421,0.9670000076293945,0.031300000846385956
YNL162W,YMR301C,0,-2.981072,0.7548789978027344,0.9670000076293945,0.03139999881386757
YDR539W,YLR345W,0,-2.9838333,0.7542901635169983,0.9670000076293945,0.03150000050663948
YGL210W-A,YNL065W,0,-2.9843478,0.7537022829055786,0.9670000076293945,0.031599998474121094
YBR199W,YAR020C,0,-2.9883142,0.7531152367591858,0.9670000076293945,0.031700000166893005
YMR270C,YLL016W,0,-2.9883661,0.7525292038917542,0.9670000076293945,0.03180000185966492
YNL124W,YER090W,0,-2.9884362,0.7519440054893494,0.9670000076293945,0.03189999982714653
YER108C,YGL112C,0,-2.9915388,0.751359760761261,0.9670000076293945,0.03200000151991844
YDR503C,YLL001W,0,-2.992934,0.7507764101028442,0.9670000076293945,0.032099999487400055
YDL027C,YDR122W,0,-2.994866,0.7501939535140991,0.9670000076293945,0.03220000118017197
YFR037C,YOR274W,0,-2.9976492,0.7496123909950256,0.9670000076293945,0.03229999914765358
YIR031C,YAR071W,0,-2.9992678,0.7490317821502686,0.9670000076293945,0.03240000084042549
YOL096C,YJL130C,0,-3.002017,0.7484520077705383,0.9670000076293945,0.032499998807907104
YJL133W,YKL154W,0,-3.00453,0.7478731870651245,0.9670000076293945,0.032600000500679016
YBR243C,YGR189C,0,-3.009911,0.7472952008247375,0.9670000076293945,0.03269999846816063
YGR110W,YGL091C,0,-3.01177,0.746718168258667,0.9670000076293945,0.03280000016093254
YBR059C,YHL015W,0,-3.017128,0.7461419701576233,0.9670000076293945,0.03290000185370445
YOL082W,YKL107W,0,-3.0171835,0.7455666661262512,0.9670000076293945,0.032999999821186066
YNL115C,YHR202W,0,-3.020072,0.7449923157691956,0.9670000076293945,0.03310000151395798
YBR257W,YLR145W,1,-3.0231156,0.7451885938644409,0.9679999947547913,0.03310000151395798
YPR186C,YBR261C,0,-3.0247726,0.744615375995636,0.9679999947547913,0.03319999948143959
YFR052W,YCL027C-A,0,-3.0255587,0.7440430521965027,0.9679999947547913,0.0333000011742115
YMR040W,YPL090C,0,-3.0278754,0.7434715628623962,0.9679999947547913,0.033399999141693115
YBR048W,YPR063C,0,-3.0281456,0.7429010272026062,0.9679999947547913,0.03350000083446503
YBR187W,YGL170C,0,-3.0303006,0.7423312664031982,0.9679999947547913,0.03359999880194664
YKL067W,YOR292C,0,-3.0321047,0.7417624592781067,0.9679999947547913,0.03370000049471855
YHR136C,YDR500C,0,-3.0353403,0.741194486618042,0.9679999947547913,0.033799998462200165
YBR244W,YFL053W,0,-3.0359404,0.7406274080276489,0.9679999947547913,0.033900000154972076
YAL026C,YDR527W,0,-3.0419633,0.7400611639022827,0.9679999947547913,0.03400000184774399
YMR086W,YER103W,0,-3.0453682,0.7394958138465881,0.9679999947547913,0.0340999998152256
YJR112W,YML048W,0,-3.0501833,0.7389312982559204,0.9679999947547913,0.03420000150799751
YGR204W,YOR393W,0,-3.0509794,0.7383676767349243,0.9679999947547913,0.034299999475479126
YDL063C,YKR052C,0,-3.0538197,0.7378048896789551,0.9679999947547913,0.03440000116825104
YIL023C,YIR039C,0,-3.058347,0.7372429370880127,0.9679999947547913,0.03449999913573265
YOR070C,YMR256C,0,-3.05895,0.7366818785667419,0.9679999947547913,0.03460000082850456
YAL039C,YLR287C-A,0,-3.0596774,0.736121654510498,0.9679999947547913,0.034699998795986176
YCR087C-A,YFL004W,0,-3.0632105,0.7355623245239258,0.9679999947547913,0.03480000048875809
YPL198W,YHR035W,0,-3.063225,0.7350037693977356,0.9679999947547913,0.0348999984562397
YKL166C,YBL068W,0,-3.0642884,0.734446108341217,0.9679999947547913,0.03500000014901161
YNL339C,YOR104W,0,-3.0661607,0.7338892817497253,0.9679999947547913,0.035100001841783524
YJR063W,YDL190C,0,-3.0679922,0.7333333492279053,0.9679999947547913,0.03519999980926514
YML008C,YJL193W,0,-3.0701249,0.7327781915664673,0.9679999947547913,0.03530000150203705
YKR094C,YHR142W,0,-3.0768197,0.7322239279747009,0.9679999947547913,0.03539999946951866
YNL339C,YIL053W,0,-3.0774312,0.7316704392433167,0.9679999947547913,0.03550000116229057
YJL207C,YGR157W,0,-3.08034,0.731117844581604,0.9679999947547913,0.035599999129772186
YHR171W,YKL004W,0,-3.0835533,0.7305660247802734,0.9679999947547913,0.0357000008225441
YKL191W,YNL301C,0,-3.084422,0.7300150990486145,0.9679999947547913,0.03579999879002571
YDR432W,YJL197W,0,-3.089671,0.7294649481773376,0.9679999947547913,0.03590000048279762
YJR070C,YER012W,0,-3.0933003,0.7289156913757324,0.9679999947547913,0.035999998450279236
YNL292W,YOR168W,0,-3.09488,0.7283672094345093,0.9679999947547913,0.03610000014305115
YBL076C,YGR245C,0,-3.10052,0.727819561958313,0.9679999947547913,0.03620000183582306
YBR042C,YLR223C,0,-3.103649,0.7272727489471436,0.9679999947547913,0.03629999980330467
YPL212C,YIL107C,0,-3.107719,0.7267267107963562,0.9679999947547913,0.036400001496076584
YJL148W,YJL128C,0,-3.10873,0.7261815667152405,0.9679999947547913,0.0364999994635582
YOR101W,YDR487C,0,-3.1138656,0.7256371974945068,0.9679999947547913,0.03660000115633011
YOL006C,YBL007C,0,-3.1160789,0.7250936627388,0.9679999947547913,0.03669999912381172
YCR031C,YCR055C,1,-3.1187024,0.7252994179725647,0.968999981880188,0.03669999912381172
YCR031C,YCR058C,1,-3.1187024,0.7255048751831055,0.9700000286102295,0.03669999912381172
YLR367W,YBL008W,0,-3.1217833,0.7249626517295837,0.9700000286102295,0.03680000081658363
YGL227W,YDL126C,0,-3.1266084,0.7244212031364441,0.9700000286102295,0.03689999878406525
YDR376W,YKL037W,0,-3.1266227,0.7238805890083313,0.9700000286102295,0.03700000047683716
YPL193W,YDR418W,0,-3.1269305,0.7233408093452454,0.9700000286102295,0.03709999844431877
YDR064W,YBL072C,0,-3.130923,0.7228018045425415,0.9700000286102295,0.03720000013709068
YNL119W,YBR283C,0,-3.13417,0.7222635746002197,0.9700000286102295,0.037300001829862595
YOR348C,YOR350C,0,-3.1348562,0.7217261791229248,0.9700000286102295,0.03739999979734421
YKL158W,YDR432W,0,-3.1378496,0.7211896181106567,0.9700000286102295,0.03750000149011612
YMR142C,YHR175W,0,-3.1416042,0.720653772354126,0.9700000286102295,0.03759999945759773
YFR032C-A,YDL019C,0,-3.1440012,0.7201187610626221,0.9700000286102295,0.037700001150369644
YGL062W,YMR292W,0,-3.1440115,0.719584584236145,0.9700000286102295,0.03779999911785126
YPL128C,YCR083W,0,-3.1477952,0.7190511226654053,0.9700000286102295,0.03790000081062317
YER111C,YDR450W,0,-3.1488962,0.7185184955596924,0.9700000286102295,0.03799999877810478
YKR099C-A,YKR095W-A,0,-3.1570568,0.7179867029190063,0.9700000286102295,0.038100000470876694
YHR203C,YHR206W,0,-3.157493,0.7174556255340576,0.9700000286102295,0.03819999843835831
YNL030W,YCR086W,0,-3.1637502,0.716925323009491,0.9700000286102295,0.03830000013113022
YML097C,YER007C-A,0,-3.165884,0.7163958549499512,0.9700000286102295,0.03840000182390213
YGR184C,YML027W,0,-3.167716,0.7158671617507935,0.9700000286102295,0.03849999979138374
YCL019W,YKL101W,0,-3.173829,0.7153392434120178,0.9700000286102295,0.038600001484155655
YKL141W,YLR158C,0,-3.1749215,0.7148120999336243,0.9700000286102295,0.03869999945163727
YOR317W,YEL049W,0,-3.1803145,0.7142857313156128,0.9700000286102295,0.03880000114440918
YHR087W,YML094W,0,-3.1844058,0.7137601375579834,0.9700000286102295,0.03889999911189079
YMR270C,YCR075C,0,-3.1857543,0.7132353186607361,0.9700000286102295,0.039000000804662704
YMR121C,YGR026W,0,-3.186799,0.7127112150192261,0.9700000286102295,0.03909999877214432
YOR143C,YHR193C,0,-3.1892185,0.7121879458427429,0.9700000286102295,0.03920000046491623
YPL183W-A,YGR041W,0,-3.189662,0.7116654515266418,0.9700000286102295,0.03929999843239784
YBL071W-A,YGL226C-A,0,-3.1925914,0.7111436724662781,0.9700000286102295,0.039400000125169754
YML087C,YBR147W,0,-3.1990857,0.7106227278709412,0.9700000286102295,0.039500001817941666
YBR044C,YML100W,0,-3.2008982,0.7101024985313416,0.9700000286102295,0.03959999978542328
YHR214C-B,YFL004W,0,-3.2038596,0.709583044052124,0.9700000286102295,0.03970000147819519
YCR047C,YGR260W,0,-3.204653,0.7090643048286438,0.9700000286102295,0.039799999445676804
YGL234W,YFL029C,0,-3.2049553,0.7085464000701904,0.9700000286102295,0.039900001138448715
YOR246C,YPL090C,0,-3.2137945,0.7080292105674744,0.9700000286102295,0.03999999910593033
YBR302C,YMR262W,0,-3.2155993,0.7075127363204956,0.9700000286102295,0.04010000079870224
YMR051C,YJR108W,0,-3.2202158,0.7069970965385437,0.9700000286102295,0.04019999876618385
YDL078C,YNL056W,0,-3.2204595,0.7064821720123291,0.9700000286102295,0.040300000458955765
YKL029C,YMR233W,0,-3.2233388,0.7059679627418518,0.9700000286102295,0.04039999842643738
YDL184C,YLR405W,0,-3.2265744,0.7054545283317566,0.9700000286102295,0.04050000011920929
YHL039W,YMR233W,0,-3.23454,0.7049418687820435,0.9700000286102295,0.0406000018119812
YNL066W,YHR029C,0,-3.2495353,0.7044299244880676,0.9700000286102295,0.040699999779462814
YHR112C,YJR005W,0,-3.2513676,0.7039186954498291,0.9700000286102295,0.040800001472234726
YDR167W,YGR254W,0,-3.2535598,0.7034082412719727,0.9700000286102295,0.04089999943971634
YBR084W,YJL045W,0,-3.25369,0.7028985619544983,0.9700000286102295,0.04100000113248825
YGL256W,YJL101C,0,-3.2542276,0.7023895978927612,0.9700000286102295,0.041099999099969864
YCL031C,YNL221C,1,-3.2543566,0.7026049494743347,0.9710000157356262,0.041099999099969864
YNL157W,YJL101C,0,-3.255526,0.7020968794822693,0.9710000157356262,0.041200000792741776
YDL134C,YLR432W,0,-3.2558365,0.7015895843505859,0.9710000157356262,0.04129999876022339
YKR079C,YDL122W,0,-3.2606559,0.7010830044746399,0.9710000157356262,0.0414000004529953
YJL114W,YKL130C,0,-3.2610238,0.7005771994590759,0.9710000157356262,0.04149999842047691
YER008C,YGL140C,0,-3.2634037,0.7000721096992493,0.9710000157356262,0.041600000113248825
YDR312W,YBL025W,0,-3.2674785,0.6995677351951599,0.9710000157356262,0.04170000180602074
YER055C,YML072C,0,-3.2679477,0.6990640759468079,0.9710000157356262,0.04179999977350235
YDL175C,YIL053W,0,-3.2693713,0.6985611319541931,0.9710000157356262,0.04190000146627426
YKR010C,YGR140W,0,-3.2706118,0.6980589628219604,0.9710000157356262,0.041999999433755875
YPL098C,YLR084C,0,-3.2710342,0.6975574493408203,0.9710000157356262,0.042100001126527786
YLR153C,YOR313C,0,-3.2715454,0.6970567107200623,0.9710000157356262,0.0421999990940094
YHR001W-A,YGR166W,0,-3.27185,0.6965566873550415,0.9710000157356262,0.04230000078678131
YDR316W,YGL068W,0,-3.2770245,0.6960573196411133,0.9710000157356262,0.042399998754262924
YAL068C,YDL230W,0,-3.2774396,0.6955587267875671,0.9710000157356262,0.042500000447034836
YNR057C,YDL133W,0,-3.2791502,0.6950608491897583,0.9710000157356262,0.04259999841451645
YJR070C,YMR314W,0,-3.2815976,0.6945636868476868,0.9710000157356262,0.04270000010728836
YDL113C,YBR162C,0,-3.2821054,0.6940671801567078,0.9710000157356262,0.04280000180006027
YPL212C,YDL204W,0,-3.2830734,0.6935714483261108,0.9710000157356262,0.042899999767541885
YDR293C,YOR272W,0,-3.283743,0.6930763721466064,0.9710000157356262,0.0430000014603138
YGL040C,YFR018C,0,-3.2840235,0.6925820112228394,0.9710000157356262,0.04309999942779541
YDL112W,YFR028C,0,-3.2846227,0.6920883655548096,0.9710000157356262,0.04320000112056732
YDR315C,YPL090C,0,-3.29164,0.6915954351425171,0.9710000157356262,0.043299999088048935
YKR010C,YPR151C,0,-3.292779,0.6911032199859619,0.9710000157356262,0.04340000078082085
YBR024W,YPL220W,0,-3.3072278,0.6906116604804993,0.9710000157356262,0.04349999874830246
YMR297W,YKR079C,0,-3.3081589,0.6901208162307739,0.9710000157356262,0.04360000044107437
YHR003C,YDR025W,0,-3.3083425,0.6896306872367859,0.9710000157356262,0.043699998408555984
YMR146C,YML026C,0,-3.30891,0.6891412138938904,0.9710000157356262,0.043800000101327896
YER172C,YKL156W,0,-3.3125536,0.6886524558067322,0.9710000157356262,0.04390000179409981
YFR031C-A,YBR186W,0,-3.3138304,0.6881644129753113,0.9710000157356262,0.04399999976158142
YOR348C,YGL205W,0,-3.3149438,0.6876770257949829,0.9710000157356262,0.04410000145435333
YGL014W,YKR094C,0,-3.3185391,0.6871903538703918,0.9710000157356262,0.044199999421834946
YPL113C,YHR143W,0,-3.320448,0.6867043972015381,0.9710000157356262,0.04430000111460686
YHR053C,YOR177C,0,-3.323705,0.6862190961837769,0.9710000157356262,0.04439999908208847
YMR220W,YDR451C,0,-3.32755,0.6857344508171082,0.9710000157356262,0.04450000077486038
YOR386W,YKR025W,0,-3.3282332,0.6852505207061768,0.9710000157356262,0.044599998742341995
YHR143W-A,YOL145C,0,-3.33204,0.6847673058509827,0.9710000157356262,0.04470000043511391
YNL092W,YPR103W,0,-3.332322,0.6842846870422363,0.9710000157356262,0.04479999840259552
YLR344W,YDR190C,0,-3.332668,0.6838028430938721,0.9710000157356262,0.04490000009536743
YMR182C,YFR031C-A,0,-3.3371296,0.6833215951919556,0.9710000157356262,0.04500000178813934
YMR165C,YIR026C,0,-3.3403466,0.6828410625457764,0.9710000157356262,0.045099999755620956
YGR287C,YJR095W,0,-3.3466399,0.6823611855506897,0.9710000157356262,0.04520000144839287
YMR050C,YER021W,0,-3.3487082,0.6818820238113403,0.9710000157356262,0.04529999941587448
YOR085W,YBR105C,0,-3.3521795,0.6814035177230835,0.9710000157356262,0.04540000110864639
YHR005C-A,YGR096W,0,-3.3539896,0.6809256672859192,0.9710000157356262,0.045499999076128006
YOR272W,YBR212W,0,-3.3594108,0.6804484724998474,0.9710000157356262,0.04560000076889992
YMR270C,YML046W,0,-3.360694,0.6799719929695129,0.9710000157356262,0.04569999873638153
YCR055C,YNL282W,1,-3.3710532,0.6801959276199341,0.972000002861023,0.04569999873638153
YHR203C,YHL009C,0,-3.3755646,0.6797202825546265,0.972000002861023,0.04580000042915344
YBR104W,YDR450W,0,-3.378034,0.6792452931404114,0.972000002861023,0.045899998396635056
YJL185C,YIR018W,0,-3.3806584,0.6787709593772888,0.972000002861023,0.04600000008940697
YPL128C,YLL034C,0,-3.3840487,0.6782972812652588,0.972000002861023,0.04610000178217888
YLR264W,YPL156C,0,-3.3875322,0.6778242588043213,0.972000002861023,0.04619999974966049
YNL067W,YPL262W,0,-3.3877888,0.6773518919944763,0.972000002861023,0.046300001442432404
YBR104W,YDR348C,0,-3.3954415,0.6768802404403687,0.972000002861023,0.04639999940991402
YPL139C,YHL015W,0,-3.3957434,0.6764091849327087,0.972000002861023,0.04650000110268593
YHR089C,YCR058C,1,-3.39613,0.6766341924667358,0.9729999899864197,0.04650000110268593
YGR156W,YHR202W,0,-3.3961985,0.6761640310287476,0.9729999899864197,0.04659999907016754
YJR112W,YNR012W,0,-3.3968132,0.675694465637207,0.9729999899864197,0.04670000076293945
YMR311C,YAR020C,0,-3.3970494,0.675225555896759,0.9729999899864197,0.046799998730421066
YLR145W,YCR031C,1,-3.4024699,0.6754507422447205,0.9739999771118164,0.046799998730421066
YNR003C,YOR136W,0,-3.405307,0.6749826669692993,0.9739999771118164,0.04690000042319298
YMR227C,YFL034W,0,-3.4070616,0.6745152473449707,0.9739999771118164,0.04699999839067459
YKR027W,YMR243C,0,-3.410137,0.6740484237670898,0.9739999771118164,0.0471000000834465
YKL110C,YGL257C,0,-3.413264,0.6735823154449463,0.9739999771118164,0.047200001776218414
YPL240C,YDR364C,0,-3.4144316,0.6731168031692505,0.9739999771118164,0.04729999974370003
YMR142C,YAL043C,0,-3.4197006,0.6726519465446472,0.9739999771118164,0.04740000143647194
YNL206C,YER056C-A,0,-3.4235127,0.6721876859664917,0.9739999771118164,0.04749999940395355
YGL224C,YBR021W,0,-3.4235547,0.6717241406440735,0.9739999771118164,0.047600001096725464
YPL226W,YLR057W,0,-3.4300852,0.671261191368103,0.9739999771118164,0.04769999906420708
YFL035C-B,YPL253C,0,-3.434452,0.6707988977432251,0.9739999771118164,0.04780000075697899
YDR380W,YDR129C,0,-3.4345856,0.6703372597694397,0.9739999771118164,0.0478999987244606
YIL165C,YER066W,0,-3.4434497,0.669876217842102,0.9739999771118164,0.04800000041723251
YKL129C,YDL112W,0,-3.4449742,0.6694158315658569,0.9739999771118164,0.04809999838471413
YDR465C,YGR166W,0,-3.4456532,0.6689560413360596,0.9739999771118164,0.04820000007748604
YKL024C,YKL117W,0,-3.4467957,0.6684969067573547,0.9739999771118164,0.04830000177025795
YAL039C,YPL063W,0,-3.4474123,0.6680384278297424,0.9739999771118164,0.04839999973773956
YPL258C,YGR066C,0,-3.4487085,0.6675805449485779,0.9739999771118164,0.048500001430511475
YER007C-A,YLR372W,0,-3.4516609,0.6671232581138611,0.9739999771118164,0.04859999939799309
YKL138C-A,YAL055W,0,-3.4529614,0.6666666865348816,0.9739999771118164,0.048700001090765
YKL081W,YGR260W,0,-3.4546437,0.6662106513977051,0.9739999771118164,0.04879999905824661
YDR030C,YBR012W-B,0,-3.4568095,0.6657552719116211,0.9739999771118164,0.048900000751018524
YDL127W,YKL104C,0,-3.4585552,0.6653005480766296,0.9739999771118164,0.04899999871850014
YER052C,YGL148W,0,-3.4607346,0.6648464202880859,0.9739999771118164,0.04910000041127205
YHR129C,YIL027C,0,-3.4647384,0.66439288854599,0.9739999771118164,0.04919999837875366
YML040W,YFL054C,0,-3.4677315,0.6639400124549866,0.9739999771118164,0.049300000071525574
YHR037W,YPL076W,0,-3.4696553,0.6634877324104309,0.9739999771118164,0.049400001764297485
YNL262W,YFR031C-A,0,-3.473187,0.6630361080169678,0.9739999771118164,0.0494999997317791
YBR192W,YKL165C,0,-3.4797194,0.6625850200653076,0.9739999771118164,0.04960000142455101
YDR358W,YKL091C,0,-3.4817333,0.66213458776474,0.9739999771118164,0.04969999939203262
YGL097W,YPL101W,0,-3.4820096,0.6616848111152649,0.9739999771118164,0.049800001084804535
YGR054W,YJL193W,0,-3.4838154,0.6612355709075928,0.9739999771118164,0.04989999905228615
YJR120W,YJL173C,0,-3.4844031,0.6607869863510132,0.9739999771118164,0.05000000074505806
YNR003C,YKL013C,0,-3.4885283,0.6603389978408813,0.9739999771118164,0.05009999871253967
YNR004W,YGR016W,0,-3.4894571,0.6598916053771973,0.9739999771118164,0.050200000405311584
YPL160W,YBR126C,0,-3.4911659,0.6594448089599609,0.9739999771118164,0.0502999983727932
YNR003C,YOR298C-A,0,-3.4934783,0.6589986681938171,0.9739999771118164,0.05040000006556511
YDR322W,YBR043C,0,-3.4939735,0.6585530638694763,0.9739999771118164,0.05050000175833702
YCL040W,YLR216C,0,-3.4971137,0.658108115196228,0.9739999771118164,0.050599999725818634
YGR195W,YCR058C,1,-3.497572,0.6583389639854431,0.9750000238418579,0.050599999725818634
YGR195W,YCR055C,1,-3.497572,0.6585695147514343,0.9760000109672546,0.050599999725818634
YDR178W,YOR067C,0,-3.4986758,0.6581254005432129,0.9760000109672546,0.050700001418590546
YPL097W,YPL176C,0,-3.4989657,0.657681941986084,0.9760000109672546,0.05079999938607216
YMR046C,YNL239W,0,-3.5021882,0.6572390794754028,0.9760000109672546,0.05090000107884407
YPR109W,YPL271W,0,-3.5041113,0.6567967534065247,0.9760000109672546,0.050999999046325684
YDR113C,YOR133W,0,-3.5067697,0.656355082988739,0.9760000109672546,0.051100000739097595
YIR012W,YDL081C,0,-3.5073311,0.6559139490127563,0.9760000109672546,0.05119999870657921
YCL074W,YML004C,0,-3.5089455,0.6554734706878662,0.9760000109672546,0.05130000039935112
YMR045C,YAL058W,0,-3.5114045,0.655033528804779,0.9760000109672546,0.05139999836683273
YPR134W,YLR297W,0,-3.5118823,0.6545942425727844,0.9760000109672546,0.051500000059604645
YOR178C,YGL123W,0,-3.5125468,0.6541554927825928,0.9760000109672546,0.051600001752376556
YMR268C,YML045W,0,-3.513506,0.6537173390388489,0.9760000109672546,0.05169999971985817
YMR193W,YMR099C,0,-3.5157533,0.6532797813415527,0.9760000109672546,0.05180000141263008
YML026C,YHL032C,0,-3.5163922,0.6528428196907043,0.9760000109672546,0.051899999380111694
YLR441C,YMR268W-A,0,-3.5181851,0.6524063944816589,0.9760000109672546,0.052000001072883606
YBL069W,YDR435C,0,-3.5186896,0.651970624923706,0.9760000109672546,0.05209999904036522
YGR233C,YJR016C,0,-3.5203106,0.6515353918075562,0.9760000109672546,0.05220000073313713
YPL240C,YML060W,0,-3.5213473,0.651100754737854,0.9760000109672546,0.052299998700618744
YIL166C,YPR164W,0,-3.522109,0.6506666541099548,0.9760000109672546,0.052400000393390656
YDR312W,YOR130C,0,-3.5228791,0.6502331495285034,0.9760000109672546,0.05249999836087227
YDR091C,YFR019W,0,-3.5251317,0.6498002409934998,0.9760000109672546,0.05260000005364418
YBR155W,YLR093C,0,-3.526226,0.6493679285049438,0.9760000109672546,0.05270000174641609
YHR141C,YGL089C,0,-3.529923,0.6489361524581909,0.9760000109672546,0.052799999713897705
YGL124C,YMR087W,0,-3.5311482,0.6485049724578857,0.9760000109672546,0.05290000140666962
YNL119W,YOR021C,0,-3.5328317,0.6480743885040283,0.9760000109672546,0.05299999937415123
YFR053C,YJR123W,0,-3.5329027,0.6476443409919739,0.9760000109672546,0.05310000106692314
YKL023W,YDR142C,0,-3.535863,0.6472148299217224,0.9760000109672546,0.053199999034404755
YLR283W,YNL180C,0,-3.5389166,0.6467859745025635,0.9760000109672546,0.053300000727176666
YHR113W,YGL148W,0,-3.5409298,0.6463575959205627,0.9760000109672546,0.05339999869465828
YPR193C,YMR006C,0,-3.5413632,0.6459298729896545,0.9760000109672546,0.05350000038743019
YLR227C,YNL164C,0,-3.5428615,0.6455026268959045,0.9760000109672546,0.053599998354911804
YLR145W,YNR054C,1,-3.5438316,0.6457369327545166,0.9769999980926514,0.053599998354911804
YBR149W,YDR284C,0,-3.546705,0.6453104615211487,0.9769999980926514,0.053700000047683716
YIL139C,YKL113C,0,-3.551058,0.644884467124939,0.9769999980926514,0.05380000174045563
YNL293W,YMR262W,0,-3.551733,0.6444591283798218,0.9769999980926514,0.05389999970793724
YLR075W,YMR274C,0,-3.554644,0.6440342664718628,0.9769999980926514,0.05400000140070915
YCR055C,YPL093W,1,-3.5618339,0.6442687511444092,0.9779999852180481,0.05400000140070915
YGL027C,YEL058W,0,-3.561987,0.6438446640968323,0.9779999852180481,0.054099999368190765
YLR242C,YMR143W,0,-3.5641804,0.6434210538864136,0.9779999852180481,0.05420000106096268
YGR200C,YKL154W,0,-3.5658498,0.6429980397224426,0.9779999852180481,0.05429999902844429
YGL237C,YOR298C-A,0,-3.5675468,0.6425755620002747,0.9779999852180481,0.0544000007212162
YHL034C,YBL018C,1,-3.5675697,0.6428102254867554,0.9789999723434448,0.0544000007212162
YGR168C,YHR160C,0,-3.5729935,0.6423884630203247,0.9789999723434448,0.054499998688697815
YKL165C,YNL053W,0,-3.5764184,0.641967236995697,0.9789999723434448,0.05460000038146973
YJR034W,YBR177C,0,-3.5778956,0.6415465474128723,0.9789999723434448,0.05469999834895134
YMR217W,YDL103C,0,-3.5841188,0.6411263942718506,0.9789999723434448,0.05480000004172325
YBR154C,YOR274W,0,-3.5855503,0.6407067775726318,0.9789999723434448,0.05490000173449516
YMR270C,YML048W,0,-3.6008406,0.6402877569198608,0.9789999723434448,0.054999999701976776
YOR322C,YGL258W,0,-3.604247,0.6398692727088928,0.9789999723434448,0.05510000139474869
YNL162W,YHL004W,0,-3.6046894,0.6394513249397278,0.9789999723434448,0.0551999993622303
YNL261W,YMR018W,0,-3.6111526,0.6390339136123657,0.9789999723434448,0.05530000105500221
YGR094W,YBL098W,0,-3.6144528,0.6386170983314514,0.9789999723434448,0.055399999022483826
YKR061W,YER011W,0,-3.616555,0.6382007598876953,0.9789999723434448,0.05550000071525574
YJL157C,YLR066W,0,-3.6180806,0.637785017490387,0.9789999723434448,0.05559999868273735
YBR208C,YHR142W,0,-3.6190674,0.6373698115348816,0.9789999723434448,0.05570000037550926
YBR250W,YHR064C,0,-3.6241221,0.6369550824165344,0.9789999723434448,0.055799998342990875
YJR080C,YPR048W,0,-3.6247804,0.636540949344635,0.9789999723434448,0.05590000003576279
YMR046C,YOR381W,0,-3.6264756,0.6361273527145386,0.9789999723434448,0.0560000017285347
YHR209W,YOL039W,0,-3.635614,0.6357142925262451,0.9789999723434448,0.05609999969601631
YOR019W,YMR045C,0,-3.6375918,0.6353017687797546,0.9789999723434448,0.05620000138878822
YML037C,YLR277C,0,-3.638304,0.6348897814750671,0.9789999723434448,0.056299999356269836
YBR291C,YMR054W,0,-3.6412292,0.6344782710075378,0.9789999723434448,0.05640000104904175
YGL098W,YFR004W,0,-3.6422641,0.6340673565864563,0.9789999723434448,0.05649999901652336
YBL038W,YMR120C,0,-3.642932,0.6336569786071777,0.9789999723434448,0.05660000070929527
YNL097C,YDR352W,0,-3.6444554,0.6332470774650574,0.9789999723434448,0.056699998676776886
YJL114W,YGR198W,0,-3.645593,0.6328377723693848,0.9789999723434448,0.0568000003695488
YDL084W,YHL028W,0,-3.6465561,0.6324289441108704,0.9789999723434448,0.05689999833703041
YNL292W,YBR021W,0,-3.6478508,0.6320206522941589,0.9789999723434448,0.05700000002980232
YEL021W,YPL248C,0,-3.6493633,0.6316128969192505,0.9789999723434448,0.057100001722574234
YLR406C,YMR232W,0,-3.6499639,0.631205677986145,0.9789999723434448,0.05719999969005585
YBR042C,YIL040W,0,-3.650049,0.6307989954948425,0.9789999723434448,0.05730000138282776
YLR141W,YAL068C,0,-3.6501203,0.6303927898406982,0.9789999723434448,0.05739999935030937
YNR050C,YML060W,0,-3.6503747,0.6299871206283569,0.9789999723434448,0.057500001043081284
YNR065C,YLR172C,0,-3.6508303,0.6295819878578186,0.9789999723434448,0.0575999990105629
YDR055W,YBR230C,0,-3.6512356,0.6291773915290833,0.9789999723434448,0.05770000070333481
YNL148C,YIL158W,0,-3.6537044,0.6287732720375061,0.9789999723434448,0.05779999867081642
YGL225W,YLR286C,0,-3.654498,0.6283696889877319,0.9789999723434448,0.05790000036358833
YOR028C,YJL158C,0,-3.6552043,0.6279666423797607,0.9789999723434448,0.057999998331069946
YGR071C,YOR168W,0,-3.6554556,0.6275641322135925,0.9789999723434448,0.05810000002384186
YER090W,YGR263C,0,-3.6559107,0.6271620988845825,0.9789999723434448,0.05820000171661377
YMR152W,YLR337W,0,-3.6574466,0.6267605423927307,0.9789999723434448,0.05829999968409538
YDL174C,YEL031W,0,-3.658449,0.6263595819473267,0.9789999723434448,0.058400001376867294
YJR026W,YKL049C,0,-3.6631083,0.6259590983390808,0.9789999723434448,0.05849999934434891
YDL201W,YDL046W,0,-3.665013,0.6255590915679932,0.9789999723434448,0.05860000103712082
YBL082C,YML073C,0,-3.6663225,0.6251596212387085,0.9789999723434448,0.05869999900460243
YKL027W,YLR405W,0,-3.6665092,0.6247606873512268,0.9789999723434448,0.058800000697374344
YAR071W,YDR487C,0,-3.6668317,0.6243622303009033,0.9789999723434448,0.05889999866485596
YGR209C,YBR149W,0,-3.6681347,0.6239643096923828,0.9789999723434448,0.05900000035762787
YDR161W,YDR156W,0,-3.6692076,0.6235668659210205,0.9789999723434448,0.05909999832510948
YBL035C,YDR308C,0,-3.6702027,0.6231699585914612,0.9789999723434448,0.05920000001788139
YBR154C,YGR028W,0,-3.6721988,0.6227735280990601,0.9789999723434448,0.059300001710653305
YOR293W,YFL021W,0,-3.6757867,0.6223776340484619,0.9789999723434448,0.05939999967813492
YLR069C,YHL013C,0,-3.6781168,0.621982216835022,0.9789999723434448,0.05950000137090683
YKR056W,YNR007C,0,-3.6831598,0.6215872764587402,0.9789999723434448,0.05959999933838844
YMR046C,YKL033W,0,-3.68698,0.6211928725242615,0.9789999723434448,0.059700001031160355
YJL132W,YNL134C,0,-3.6892214,0.6207990050315857,0.9789999723434448,0.05979999899864197
YPL235W,YLL035W,1,-3.6896582,0.6210392713546753,0.9800000190734863,0.05979999899864197
YPL088W,YPR091C,0,-3.690672,0.6206459999084473,0.9800000190734863,0.05990000069141388
YOR159C,YER144C,0,-3.6909127,0.6202531456947327,0.9800000190734863,0.05999999865889549
YBR104W,YBL091C-A,0,-3.6909351,0.619860827922821,0.9800000190734863,0.060100000351667404
YJR094W-A,YGL020C,0,-3.6923265,0.6194690465927124,0.9800000190734863,0.06019999831914902
YLR155C,YGR106C,0,-3.6926956,0.6190776824951172,0.9800000190734863,0.06030000001192093
YJL186W,YHR199C-A,0,-3.7014792,0.618686854839325,0.9800000190734863,0.06040000170469284
YGL062W,YLR075W,0,-3.7016697,0.6182965040206909,0.9800000190734863,0.060499999672174454
YPR101W,YMR201C,0,-3.709734,0.6179066896438599,0.9800000190734863,0.060600001364946365
YMR148W,YFR011C,0,-3.7106457,0.617517352104187,0.9800000190734863,0.06069999933242798
YLR201C,YPL264C,0,-3.7121847,0.6171284914016724,0.9800000190734863,0.06080000102519989
YMR105C,YFL011W,0,-3.7129471,0.6167401075363159,0.9800000190734863,0.0608999989926815
YBR183W,YER074W-A,0,-3.7165508,0.6163522005081177,0.9800000190734863,0.061000000685453415
YIR013C,YGL105W,0,-3.7171392,0.6159648299217224,0.9800000190734863,0.06109999865293503
YER117W,YML097C,0,-3.7173376,0.6155778765678406,0.9800000190734863,0.06120000034570694
YBL007C,YGL099W,0,-3.7181938,0.6151914596557617,0.9800000190734863,0.06129999831318855
YOR022C,YJL148W,0,-3.7215114,0.6148055195808411,0.9800000190734863,0.061400000005960464
YDR471W,YIL068C,0,-3.724219,0.6144200563430786,0.9800000190734863,0.061500001698732376
YBR238C,YOR168W,0,-3.724298,0.6140350699424744,0.9800000190734863,0.06159999966621399
YPL157W,YNL100W,0,-3.7244344,0.6136506199836731,0.9800000190734863,0.0617000013589859
YJL210W,YGR189C,0,-3.725297,0.6132665872573853,0.9800000190734863,0.061799999326467514
YMR010W,YPL112C,0,-3.7253084,0.6128830313682556,0.9800000190734863,0.061900001019239426
YHR199C-A,YOR189W,0,-3.7309563,0.612500011920929,0.9800000190734863,0.06199999898672104
YJL163C,YDR041W,0,-3.731929,0.6121174097061157,0.9800000190734863,0.06210000067949295
YJL114W,YJL189W,0,-3.7341986,0.6117353439331055,0.9800000190734863,0.062199998646974564
YCL030C,YER093C,0,-3.7362356,0.6113536953926086,0.9800000190734863,0.062300000339746475
YEL048C,YOL040C,0,-3.738361,0.6109725832939148,0.9800000190734863,0.06239999830722809
YDR469W,YGL198W,0,-3.738441,0.6105918884277344,0.9800000190734863,0.0625
YIL052C,YNL010W,0,-3.7408357,0.6102117300033569,0.9800000190734863,0.06260000169277191
YOR064C,YMR143W,0,-3.7413971,0.6098319888114929,0.9800000190734863,0.06270000338554382
YDR322W,YDR375C,0,-3.7421737,0.6094527244567871,0.9800000190734863,0.06279999762773514
YDR385W,YPR151C,0,-3.7427225,0.6090739369392395,0.9800000190734863,0.06289999932050705
YMR260C,YLR433C,0,-3.7465541,0.6086956262588501,0.9800000190734863,0.06300000101327896
YNL023C,YDL081C,0,-3.7487304,0.6083177924156189,0.9800000190734863,0.06310000270605087
YML030W,YLR070C,0,-3.748979,0.6079404354095459,0.9800000190734863,0.06319999694824219
YDR116C,YCL047C,0,-3.7495604,0.6075635552406311,0.9800000190734863,0.0632999986410141
YLL021W,YER160C,0,-3.7515545,0.6071870923042297,0.9800000190734863,0.06340000033378601
YMR306W,YML045W,0,-3.751945,0.6068111658096313,0.9800000190734863,0.06350000202655792
YAL039C,YOR168W,0,-3.7528365,0.6064356565475464,0.9800000190734863,0.06360000371932983
YPL270W,YKL047W,0,-3.755345,0.6060606241226196,0.9800000190734863,0.06369999796152115
YNL175C,YDR051C,0,-3.7556305,0.6056860089302063,0.9800000190734863,0.06379999965429306
YBR156C,YGR083C,0,-3.7569954,0.605311930179596,0.9800000190734863,0.06390000134706497
YJR141W,YOR265W,0,-3.758021,0.604938268661499,0.9800000190734863,0.06400000303983688
YFR052W,YDL206W,0,-3.7581625,0.6045650839805603,0.9800000190734863,0.0640999972820282
YLL023C,YBL047C,0,-3.7591863,0.6041923761367798,0.9800000190734863,0.06419999897480011
YML006C,YPL237W,0,-3.760394,0.6038200855255127,0.9800000190734863,0.06430000066757202
YDL109C,YAL048C,0,-3.7625892,0.6034482717514038,0.9800000190734863,0.06440000236034393
YPL037C,YNL256W,0,-3.764666,0.6030769348144531,0.9800000190734863,0.06449999660253525
YHR128W,YHR147C,0,-3.7673314,0.6027060151100159,0.9800000190734863,0.06459999829530716
YJL136C,YGL071W,0,-3.7675576,0.6023355722427368,0.9800000190734863,0.06469999998807907
YFR018C,YPR046W,0,-3.768156,0.601965606212616,0.9800000190734863,0.06480000168085098
YML036W,YDR139C,0,-3.7682002,0.6015960574150085,0.9800000190734863,0.0649000033736229
YNL270C,YER073W,0,-3.7694645,0.6012269854545593,0.9800000190734863,0.06499999761581421
YKL081W,YKR095W-A,0,-3.7729154,0.6008583903312683,0.9800000190734863,0.06509999930858612
YOR161C,YML118W,0,-3.7780192,0.6004902124404907,0.9800000190734863,0.06520000100135803
YMR145C,YOL077C,0,-3.7785041,0.6001224517822266,0.9800000190734863,0.06530000269412994
YMR059W,YPR028W,0,-3.779144,0.5997552275657654,0.9800000190734863,0.06539999693632126
YMR322C,YLR449W,0,-3.780779,0.5993883609771729,0.9800000190734863,0.06549999862909317
YDR064W,YKL085W,0,-3.7841377,0.5990220308303833,0.9800000190734863,0.06560000032186508
YJL148W,YFL031W,0,-3.784814,0.5986560583114624,0.9800000190734863,0.065700002014637
YJR055W,YER007C-A,0,-3.7857616,0.5982906222343445,0.9800000190734863,0.0658000037074089
YOR011W,YBR291C,0,-3.7875211,0.5979255437850952,0.9800000190734863,0.06589999794960022
YMR017W,YML045W,0,-3.7884912,0.5975610017776489,0.9800000190734863,0.06599999964237213
YLR200W,YDL248W,0,-3.7888913,0.5971968173980713,0.9800000190734863,0.06610000133514404
YPL147W,YDR469W,0,-3.7893755,0.5968331098556519,0.9800000190734863,0.06620000302791595
YBR034C,YGR184C,0,-3.7900915,0.5964698791503906,0.9800000190734863,0.06629999727010727
YBR158W,YKR052C,0,-3.7901924,0.5961070656776428,0.9800000190734863,0.06639999896287918
YOR369C,YMR072W,0,-3.7910604,0.5957446694374084,0.9800000190734863,0.06650000065565109
YKR103W,YNR030W,0,-3.7968159,0.5953827500343323,0.9800000190734863,0.066600002348423
YDL078C,YJR151C,0,-3.7975812,0.5950212478637695,0.9800000190734863,0.06669999659061432
YHR202W,YKR034W,0,-3.798142,0.594660222530365,0.9800000190734863,0.06679999828338623
YLR010C,YIL085C,0,-3.7983594,0.5942995548248291,0.9800000190734863,0.06689999997615814
YKR009C,YLR414C,0,-3.7985234,0.5939394235610962,0.9800000190734863,0.06700000166893005
YMR045C,YCR107W,0,-3.8062272,0.5935796499252319,0.9800000190734863,0.06710000336170197
YGR108W,YJL101C,0,-3.8067975,0.5932203531265259,0.9800000190734863,0.06719999760389328
YMR244C-A,YMR051C,0,-3.8067987,0.5928614735603333,0.9800000190734863,0.06729999929666519
YOL052C-A,YLR363C,0,-3.8085608,0.592503011226654,0.9800000190734863,0.0674000009894371
YHR171W,YLR367W,0,-3.8117862,0.5921450257301331,0.9800000190734863,0.06750000268220901
YJR097W,YLR312C-B,0,-3.8121748,0.5917874574661255,0.9800000190734863,0.06759999692440033
YBR048W,YDR429C,0,-3.8131166,0.5914303064346313,0.9800000190734863,0.06769999861717224
YKL195W,YHR009C,0,-3.8132477,0.5910735726356506,0.9800000190734863,0.06780000030994415
YJL076W,YML087C,0,-3.8153126,0.5907173156738281,0.9800000190734863,0.06790000200271606
YDL027C,YBR013C,0,-3.8154774,0.5903614163398743,0.9800000190734863,0.06800000369548798
YPL198W,YGL205W,0,-3.818513,0.5900059938430786,0.9800000190734863,0.06809999793767929
YJR091C,YNL194C,0,-3.8193362,0.5896510481834412,0.9800000190734863,0.0681999996304512
YMR059W,YML008C,0,-3.8233626,0.5892964601516724,0.9800000190734863,0.06830000132322311
YOL042W,YNL157W,0,-3.824221,0.588942289352417,0.9800000190734863,0.06840000301599503
YMR309C,YLR075W,0,-3.8280869,0.5885885953903198,0.9800000190734863,0.06849999725818634
YML016C,YGL001C,0,-3.8282638,0.5882353186607361,0.9800000190734863,0.06859999895095825
YMR256C,YDR090C,0,-3.8287802,0.587882399559021,0.9800000190734863,0.06870000064373016
YLR059C,YCL074W,0,-3.8292794,0.5875299572944641,0.9800000190734863,0.06880000233650208
YGR222W,YGR148C,0,-3.8296175,0.5871779322624207,0.9800000190734863,0.06889999657869339
YAL022C,YKL038W,0,-3.8309693,0.5868263244628906,0.9800000190734863,0.0689999982714653
YLR038C,YER185W,0,-3.8319602,0.5864751935005188,0.9800000190734863,0.06909999996423721
YCR055C,YEL026W,1,-3.8323913,0.5867224931716919,0.9810000061988831,0.06909999996423721
YOR120W,YOR315W,0,-3.8356276,0.5863717794418335,0.9810000061988831,0.06920000165700912
YDR065W,YLR071C,0,-3.839166,0.5860214829444885,0.9810000061988831,0.06930000334978104
YJR043C,YNL029C,0,-3.839697,0.5856716632843018,0.9810000061988831,0.06939999759197235
YMR175W,YDR387C,0,-3.8415117,0.5853222012519836,0.9810000061988831,0.06949999928474426
YGL234W,YBR188C,0,-3.8432708,0.584973156452179,0.9810000061988831,0.06960000097751617
YJR041C,YLR166C,0,-3.8433187,0.5846245288848877,0.9810000061988831,0.06970000267028809
YDR148C,YDL063C,0,-3.846829,0.5842763781547546,0.9810000061988831,0.0697999969124794
YIL014W,YDR165W,0,-3.848013,0.5839285850524902,0.9810000061988831,0.06989999860525131
YGR166W,YER026C,0,-3.848213,0.5835812091827393,0.9810000061988831,0.07000000029802322
YGR169C-A,YML116W,0,-3.848742,0.5832342505455017,0.9810000061988831,0.07010000199079514
YPL075W,YGR112W,0,-3.849006,0.5828877091407776,0.9810000061988831,0.07020000368356705
YEL046C,YGL211W,0,-3.8493738,0.5825415849685669,0.9810000061988831,0.07029999792575836
YLL028W,YKL082C,0,-3.8567307,0.5821958184242249,0.9810000061988831,0.07039999961853027
YPL086C,YJL102W,0,-3.85678,0.581850528717041,0.9810000061988831,0.07050000131130219
YPR061C,YEL039C,0,-3.85705,0.5815056562423706,0.9810000061988831,0.0706000030040741
YPR004C,YKL003C,0,-3.8576946,0.5811611413955688,0.9810000061988831,0.07069999724626541
YNL216W,YOR168W,0,-3.8582866,0.5808170437812805,0.9810000061988831,0.07079999893903732
YOR094W,YDR139C,0,-3.859254,0.5804733633995056,0.9810000061988831,0.07090000063180923
YHR117W,YGR208W,0,-3.8607202,0.5801301002502441,0.9810000061988831,0.07100000232458115
YML077W,YJL144W,0,-3.8621778,0.5797872543334961,0.9810000061988831,0.07109999656677246
YKL156W,YHR199C-A,0,-3.8641882,0.5794447660446167,0.9810000061988831,0.07119999825954437
YAL002W,YDR012W,0,-3.8644,0.5791026949882507,0.9810000061988831,0.07129999995231628
YMR142C,YFR031C-A,0,-3.8652313,0.5787610411643982,0.9810000061988831,0.0714000016450882
YDL002C,YJL113W,0,-3.8653274,0.5784198045730591,0.9810000061988831,0.07150000333786011
YLR391W-A,YHR052W,0,-3.868209,0.5780789852142334,0.9810000061988831,0.07159999758005142
YLR289W,YCL019W,0,-3.8682644,0.5777385234832764,0.9810000061988831,0.07169999927282333
YKL157W,YDR268W,0,-3.8685224,0.5773984789848328,0.9810000061988831,0.07180000096559525
YJR078W,YOR168W,0,-3.868749,0.5770588517189026,0.9810000061988831,0.07190000265836716
YCR004C,YNL110C,0,-3.8688736,0.5767195820808411,0.9810000061988831,0.07199999690055847
YDR471W,YFR008W,0,-3.8709064,0.576380729675293,0.9810000061988831,0.07209999859333038
YKL193C,YLR342W,0,-3.8713038,0.5760422945022583,0.9810000061988831,0.0722000002861023
YGR125W,YKR061W,0,-3.8713825,0.5757042169570923,0.9810000061988831,0.0723000019788742
YIL070C,YNL339C,0,-3.8729892,0.5753665566444397,0.9810000061988831,0.07240000367164612
YCL038C,YNL130C,0,-3.8755593,0.5750293135643005,0.9810000061988831,0.07249999791383743
YCL074W,YBL107C,0,-3.875795,0.57469242811203,0.9810000061988831,0.07259999960660934
YFL039C,YLR027C,0,-3.8759449,0.574355959892273,0.9810000061988831,0.07270000129938126
YNL256W,YML024W,0,-3.876124,0.5740199089050293,0.9810000061988831,0.07280000299215317
YCR084C,YGL045W,0,-3.8779798,0.5736842155456543,0.9810000061988831,0.07289999723434448
YNR047W,YBR058C-A,0,-3.8783493,0.5733489394187927,0.9810000061988831,0.0729999989271164
YML001W,YML061C,0,-3.8786569,0.5730140209197998,0.9810000061988831,0.0731000006198883
YJR100C,YLL006W,0,-3.8816686,0.5726795196533203,0.9810000061988831,0.07320000231266022
YER144C,YBL092W,0,-3.8829603,0.5723453760147095,0.9810000061988831,0.07329999655485153
YNR032C-A,YKR061W,0,-3.8834438,0.5720116496086121,0.9810000061988831,0.07339999824762344
YHR037W,YLR300W,0,-3.8841395,0.5716783404350281,0.9810000061988831,0.07349999994039536
YBR204C,YOL033W,0,-3.8843102,0.5713453888893127,0.9810000061988831,0.07360000163316727
YDR299W,YMR118C,0,-3.8843157,0.5710127949714661,0.9810000061988831,0.07370000332593918
YBL098W,YJR111C,0,-3.8893306,0.5706806182861328,0.9810000061988831,0.0737999975681305
YNL199C,YOL093W,0,-3.893754,0.570348858833313,0.9810000061988831,0.0738999992609024
YLR035C-A,YMR050C,0,-3.8987231,0.5700174570083618,0.9810000061988831,0.07400000095367432
YPR003C,YJL099W,0,-3.8987865,0.5696864128112793,0.9810000061988831,0.07410000264644623
YBR108W,YHR150W,0,-3.8988924,0.5693557858467102,0.9810000061988831,0.07419999688863754
YFR052W,YMR099C,0,-3.9004223,0.5690255165100098,0.9810000061988831,0.07429999858140945
YDL201W,YLR093C,0,-3.9006057,0.5686956644058228,0.9810000061988831,0.07440000027418137
YGR109W-B,YJR123W,0,-3.9009466,0.5683661699295044,0.9810000061988831,0.07450000196695328
YDR085C,YGR274C,0,-3.9036527,0.5680370330810547,0.9810000061988831,0.07460000365972519
YKR006C,YNL024C,0,-3.905967,0.5677083134651184,0.9810000061988831,0.0746999979019165
YMR053C,YDL081C,0,-3.9066336,0.5673800110816956,0.9810000061988831,0.07479999959468842
YBL093C,YOR074C,0,-3.9132543,0.5670520067214966,0.9810000061988831,0.07490000128746033
YDR279W,YDR190C,0,-3.9133012,0.566724419593811,0.9810000061988831,0.07500000298023224
YPL189C-A,YDL065C,0,-3.91332,0.5663972496986389,0.9810000061988831,0.07509999722242355
YOR288C,YMR152W,0,-3.9165177,0.5660703778266907,0.9810000061988831,0.07519999891519547
YLR278C,YDR308C,0,-3.9214191,0.5657439231872559,0.9810000061988831,0.07530000060796738
YCR079W,YKL179C,0,-3.9238508,0.5654178857803345,0.9810000061988831,0.07540000230073929
YDL202W,YKL006C-A,0,-3.9245439,0.565092146396637,0.9810000061988831,0.0754999965429306
YMR051C,YDR036C,0,-3.9249134,0.5647668242454529,0.9810000061988831,0.07559999823570251
YBR119W,YDL036C,0,-3.9254012,0.5644418597221375,0.9810000061988831,0.07569999992847443
YLR039C,YOL141W,0,-3.925512,0.5641173124313354,0.9810000061988831,0.07580000162124634
YLR038C,YKL027W,0,-3.9260206,0.5637931227684021,0.9810000061988831,0.07590000331401825
YHR087W,YGL059W,0,-3.927311,0.5634692907333374,0.9810000061988831,0.07599999755620956
YER052C,YDR444W,0,-3.9276347,0.5631458163261414,0.9810000061988831,0.07609999924898148
YPR140W,YDR158W,0,-3.928308,0.562822699546814,0.9810000061988831,0.07620000094175339
YNL087W,YDR488C,0,-3.930626,0.5625,0.9810000061988831,0.0763000026345253
YPL037C,YBR070C,0,-3.9309473,0.5621776580810547,0.9810000061988831,0.07639999687671661
YNL206C,YFL037W,0,-3.930962,0.561855673789978,0.9810000061988831,0.07649999856948853
YGR200C,YOL004W,0,-3.931882,0.56153404712677,0.9810000061988831,0.07660000026226044
YKR056W,YDR138W,0,-3.9322734,0.5612128376960754,0.9810000061988831,0.07670000195503235
YDR382W,YBR173C,0,-3.9360747,0.5608919262886047,0.9810000061988831,0.07680000364780426
YNL173C,YHR047C,0,-3.9361644,0.5605714321136475,0.9810000061988831,0.07689999788999557
YPR057W,YER182W,0,-3.9373448,0.5602512955665588,0.9810000061988831,0.07699999958276749
YMR050C,YPL013C,0,-3.938499,0.5599315166473389,0.9810000061988831,0.0771000012755394
YHR071W,YGR124W,0,-3.9402204,0.5596120953559875,0.9810000061988831,0.07720000296831131
YPL031C,YGR245C,0,-3.9436407,0.5592930316925049,0.9810000061988831,0.07729999721050262
YBR155W,YMR236W,0,-3.9451165,0.5589743852615356,0.9810000061988831,0.07739999890327454
YPR101W,YOL145C,0,-3.9453578,0.5586560368537903,0.9810000061988831,0.07750000059604645
YGL139W,YDR443C,0,-3.9455214,0.5583381056785583,0.9810000061988831,0.07760000228881836
YGL100W,YFL011W-A,0,-3.945678,0.5580204725265503,0.9810000061988831,0.07769999653100967
YHR034C,YBL018C,1,-3.946579,0.5582717657089233,0.9819999933242798,0.07769999653100967
YPL171C,YFR039C,0,-3.9477124,0.5579545497894287,0.9819999933242798,0.07779999822378159
YPL189C-A,YBR007C,0,-3.951932,0.5576376914978027,0.9819999933242798,0.0778999999165535
YOL159C,YHR102W,0,-3.9546428,0.5573212504386902,0.9819999933242798,0.07800000160932541
YDR246W,YDL055C,0,-3.9573689,0.5570051074028015,0.9819999933242798,0.07810000330209732
YDR156W,YIR037W,0,-3.9609027,0.5566893219947815,0.9819999933242798,0.07819999754428864
YOR242C,YDR469W,0,-3.9625032,0.5563739538192749,0.9819999933242798,0.07829999923706055
YCR024C,YPL087W,0,-3.9663725,0.5560588836669922,0.9819999933242798,0.07840000092983246
YPL256C,YKL054C,0,-3.9681802,0.5557441711425781,0.9819999933242798,0.07850000262260437
YLR453C,YLR337W,0,-3.9707756,0.5554298758506775,0.9819999933242798,0.07859999686479568
YMR089C,YGR231C,0,-3.9712543,0.5551158785820007,0.9819999933242798,0.0786999985575676
YGL001C,YBL037W,0,-3.9721105,0.5548022389411926,0.9819999933242798,0.07880000025033951
YOR262W,YBL024W,0,-3.9728432,0.554489016532898,0.9819999933242798,0.07890000194311142
YHR179W,YKL170W,0,-3.9761634,0.5541760921478271,0.9819999933242798,0.07900000363588333
YLR225C,YMR105C,0,-3.9772072,0.553863525390625,0.9819999933242798,0.07909999787807465
YDL206W,YGR238C,0,-3.9772105,0.5535513162612915,0.9819999933242798,0.07919999957084656
YLR391W,YLR449W,0,-3.9774156,0.5532394647598267,0.9819999933242798,0.07930000126361847
YNL292W,YGL122C,0,-3.9784157,0.5529279112815857,0.9819999933242798,0.07940000295639038
YBL039W-B,YOR189W,0,-3.9787147,0.5526167750358582,0.9819999933242798,0.0794999971985817
YNL134C,YOL087C,0,-3.980248,0.5523059368133545,0.9819999933242798,0.07959999889135361
YOR011W,YMR018W,0,-3.984182,0.5519955158233643,0.9819999933242798,0.07970000058412552
YJL076W,YPR157W,0,-3.9887211,0.5516853928565979,0.9819999933242798,0.07980000227689743
YKL062W,YHR044C,0,-3.9902687,0.5513756275177002,0.9819999933242798,0.07989999651908875
YNL100W,YDR234W,0,-3.9910445,0.5510662198066711,0.9819999933242798,0.07999999821186066
YNL101W,YNL049C,0,-3.9913583,0.5507571697235107,0.9819999933242798,0.08009999990463257
YHR128W,YJR099W,0,-3.9916391,0.5504484176635742,0.9819999933242798,0.08020000159740448
YGL255W,YPL202C,0,-3.9929433,0.5501400828361511,0.9819999933242798,0.08030000329017639
YML040W,YDL085W,0,-3.9937832,0.5498320460319519,0.9819999933242798,0.0803999975323677
YHR202W,YJL048C,0,-3.9949396,0.5495243668556213,0.9819999933242798,0.08049999922513962
YGR023W,YIL165C,0,-3.9969358,0.5492169857025146,0.9819999933242798,0.08060000091791153
YPL184C,YBR120C,0,-3.9977164,0.5489100217819214,0.9819999933242798,0.08070000261068344
YBR286W,YBL064C,0,-3.9978473,0.548603355884552,0.9819999933242798,0.08079999685287476
YJL100W,YKL071W,0,-4.0000105,0.5482970476150513,0.9819999933242798,0.08089999854564667
YAL024C,YCL047C,0,-4.002299,0.5479910969734192,0.9819999933242798,0.08100000023841858
YDR457W,YGR052W,0,-4.0041885,0.547685444355011,0.9819999933242798,0.08110000193119049
YBR084W,YBR186W,0,-4.007065,0.5473801493644714,0.9819999933242798,0.0812000036239624
YIL159W,YFL006W,0,-4.0072436,0.5470752120018005,0.9819999933242798,0.08129999786615372
YCL037C,YEL029C,0,-4.008924,0.5467705726623535,0.9819999933242798,0.08139999955892563
YGR165W,YJR097W,0,-4.0097246,0.5464663505554199,0.9819999933242798,0.08150000125169754
YFR034C,YGR289C,0,-4.0120983,0.5461624264717102,0.9819999933242798,0.08160000294446945
YKL207W,YMR120C,0,-4.0141473,0.5458588004112244,0.9819999933242798,0.08169999718666077
YHL034C,YCR058C,1,-4.017348,0.5461111068725586,0.9829999804496765,0.08169999718666077
YKL029C,YIL056W,0,-4.0203404,0.5458078980445862,0.9829999804496765,0.08179999887943268
YOR250C,YPR119W,0,-4.021423,0.5455049872398376,0.9829999804496765,0.08190000057220459
YML022W,YML068W,0,-4.0215926,0.5452024340629578,0.9829999804496765,0.0820000022649765
YAL026C,YPL264C,0,-4.021696,0.5449002385139465,0.9829999804496765,0.08209999650716782
YGL065C,YGR032W,0,-4.0233583,0.5445983409881592,0.9829999804496765,0.08219999819993973
YGL059W,YPL113C,0,-4.026648,0.5442968010902405,0.9829999804496765,0.08229999989271164
YCL020W,YBR038W,0,-4.0267777,0.5439955592155457,0.9829999804496765,0.08240000158548355
YLR386W,YPR022C,0,-4.027096,0.5436946749687195,0.9829999804496765,0.08250000327825546
YHR010W,YIL119C,0,-4.027218,0.543394148349762,0.9829999804496765,0.08259999752044678
YOL023W,YFL035C-B,0,-4.027661,0.5430939197540283,0.9829999804496765,0.08269999921321869
YPR004C,YMR184W,0,-4.028143,0.5427940487861633,0.9829999804496765,0.0828000009059906
YKL107W,YCR107W,0,-4.033167,0.5424944758415222,0.9829999804496765,0.08290000259876251
YGL179C,YER066W,0,-4.0344853,0.5421952605247498,0.9829999804496765,0.08299999684095383
YPL051W,YGR230W,0,-4.035173,0.5418963432312012,0.9829999804496765,0.08309999853372574
YCR028C-A,YOR027W,0,-4.035548,0.5415977835655212,0.9829999804496765,0.08320000022649765
YPR026W,YML003W,0,-4.037259,0.54129958152771,0.9829999804496765,0.08330000191926956
YJR029W,YNL309W,0,-4.039221,0.5410016775131226,0.9829999804496765,0.08340000361204147
YKL086W,YNL220W,0,-4.0407615,0.540704071521759,0.9829999804496765,0.08349999785423279
YBR199W,YPL003W,0,-4.0411496,0.5404068231582642,0.9829999804496765,0.0835999995470047
YPL082C,YOL121C,1,-4.041914,0.5406593680381775,0.984000027179718,0.0835999995470047
YNL003C,YLR237W,0,-4.0434155,0.5403624176979065,0.984000027179718,0.08370000123977661
YLR185W,YAL032C,0,-4.046849,0.5400658845901489,0.984000027179718,0.08380000293254852
YOR096W,YOR163W,0,-4.0496297,0.5397695899009705,0.984000027179718,0.08389999717473984
YGR006W,YCL060C,0,-4.049704,0.5394737124443054,0.984000027179718,0.08399999886751175
YLL034C,YJR040W,0,-4.057017,0.5391780734062195,0.984000027179718,0.08410000056028366
YDR382W,YPR021C,0,-4.0574126,0.5388827919960022,0.984000027179718,0.08420000225305557
YLR060W,YLR057W,0,-4.058662,0.5385878682136536,0.984000027179718,0.08429999649524689
YDR488C,YMR209C,0,-4.0593295,0.5382932424545288,0.984000027179718,0.0843999981880188
YLR395C,YBR235W,0,-4.0612235,0.5379989147186279,0.984000027179718,0.08449999988079071
YPL216W,YIR002C,0,-4.0626645,0.5377049446105957,0.984000027179718,0.08460000157356262
YKL023W,YIL136W,0,-4.066709,0.5374112725257874,0.984000027179718,0.08470000326633453
YLR251W,YGL021W,0,-4.0673933,0.5371178984642029,0.984000027179718,0.08479999750852585
YGR165W,YDR033W,0,-4.068301,0.5368248820304871,0.984000027179718,0.08489999920129776
YDL006W,YMR027W,0,-4.069277,0.5365321636199951,0.984000027179718,0.08500000089406967
YGR010W,YDR146C,0,-4.0696554,0.5362398028373718,0.984000027179718,0.08510000258684158
YJL106W,YOR273C,0,-4.0704155,0.5359477400779724,0.984000027179718,0.0851999968290329
YMR059W,YGR123C,0,-4.071569,0.5356559753417969,0.984000027179718,0.08529999852180481
YKL157W,YIL053W,0,-4.072802,0.5353645086288452,0.984000027179718,0.08540000021457672
YDR049W,YMR308C,0,-4.079091,0.5350733995437622,0.984000027179718,0.08550000190734863
YMR319C,YJL138C,0,-4.0793624,0.5347825884819031,0.984000027179718,0.08560000360012054
YCR028C-A,YLL014W,0,-4.0829988,0.5344921350479126,0.984000027179718,0.08569999784231186
YCL074W,YBR189W,0,-4.0830083,0.534201979637146,0.984000027179718,0.08579999953508377
YIL165C,YDL085W,0,-4.0839424,0.5339121222496033,0.984000027179718,0.08590000122785568
YLR051C,YCR058C,1,-4.08415,0.5341648459434509,0.9850000143051147,0.08590000122785568
YDR210W,YER163C,0,-4.084269,0.5338753461837769,0.9850000143051147,0.0860000029206276
YOL111C,YHR214C-B,0,-4.0859566,0.5335861444473267,0.9850000143051147,0.08609999716281891
YDR362C,YEL042W,0,-4.0868955,0.5332972407341003,0.9850000143051147,0.08619999885559082
YLR157C-B,YER144C,0,-4.0899134,0.5330086350440979,0.9850000143051147,0.08630000054836273
YOR209C,YLR172C,0,-4.0900583,0.5327203869819641,0.9850000143051147,0.08640000224113464
YLR052W,YNR063W,0,-4.090451,0.5324324369430542,0.9850000143051147,0.08649999648332596
YFL034C-A,YML078W,0,-4.0912433,0.5321447849273682,0.9850000143051147,0.08659999817609787
YLR055C,YGR032W,0,-4.0958157,0.531857430934906,0.9850000143051147,0.08669999986886978
YHL028W,YBL075C,0,-4.0973873,0.5315704345703125,0.9850000143051147,0.0868000015616417
YML043C,YLR130C,0,-4.099502,0.5312837362289429,0.9850000143051147,0.0869000032544136
YKL158W,YGL098W,0,-4.1014013,0.5309972763061523,0.9850000143051147,0.08699999749660492
YNL029C,YPR200C,0,-4.10178,0.5307112336158752,0.9850000143051147,0.08709999918937683
YLL054C,YDR146C,0,-4.104068,0.5304254293441772,0.9850000143051147,0.08720000088214874
YDL184C,YDR139C,0,-4.104361,0.5301399230957031,0.9850000143051147,0.08730000257492065
YLR141W,YFR031C-A,0,-4.1044374,0.5298547744750977,0.9850000143051147,0.08739999681711197
YML097C,YJR124C,0,-4.1048026,0.5295698642730713,0.9850000143051147,0.08749999850988388
YPL097W,YKL001C,0,-4.1070147,0.5292853116989136,0.9850000143051147,0.08760000020265579
YBL100W-A,YJR041C,0,-4.107115,0.5290010571479797,0.9850000143051147,0.0877000018954277
YPL270W,YJR015W,0,-4.107393,0.5287171006202698,0.9850000143051147,0.08780000358819962
YOR369C,YPL129W,0,-4.1077094,0.5284335017204285,0.9850000143051147,0.08789999783039093
YBR085W,YDL223C,0,-4.108343,0.5281501412391663,0.9850000143051147,0.08799999952316284
YBL050W,YBL091C-A,0,-4.110098,0.5278670787811279,0.9850000143051147,0.08810000121593475
YGR271W,YHR023W,0,-4.110638,0.5275843739509583,0.9850000143051147,0.08820000290870667
YMR310C,YLR237W,0,-4.1108866,0.5273019075393677,0.9850000143051147,0.08829999715089798
YML099C,YPR041W,0,-4.1110997,0.5270197987556458,0.9850000143051147,0.08839999884366989
YOR161C,YOR311C,0,-4.1149044,0.5267379879951477,0.9850000143051147,0.0885000005364418
YJR041C,YNL323W,0,-4.1174226,0.5264564156532288,0.9850000143051147,0.08860000222921371
YPL049C,YCR065W,0,-4.117745,0.5261752009391785,0.9850000143051147,0.08869999647140503
YBR166C,YDL085W,0,-4.1179905,0.525894284248352,0.9850000143051147,0.08879999816417694
YLR055C,YGL047W,0,-4.118488,0.5256136655807495,0.9850000143051147,0.08889999985694885
YGR062C,YLR337W,0,-4.125139,0.5253333449363708,0.9850000143051147,0.08900000154972076
YOR081C,YPR193C,0,-4.1278515,0.5250533223152161,0.9850000143051147,0.08910000324249268
YOR388C,YHR119W,0,-4.128187,0.5247735977172852,0.9850000143051147,0.08919999748468399
YGL101W,YNL022C,0,-4.1283045,0.5244941711425781,0.9850000143051147,0.0892999991774559
YLL026W,YDR041W,0,-4.1286945,0.5242149829864502,0.9850000143051147,0.08940000087022781
YEL030W,YCR007C,0,-4.1295996,0.5239361524581909,0.9850000143051147,0.08950000256299973
YOR142W,YNR036C,0,-4.1303306,0.5236576199531555,0.9850000143051147,0.08959999680519104
YBR283C,YPL101W,0,-4.13101,0.523379385471344,0.9850000143051147,0.08969999849796295
YMR243C,YNL164C,0,-4.131702,0.5231014490127563,0.9850000143051147,0.08980000019073486
YDR465C,YLR027C,0,-4.1333847,0.5228237509727478,0.9850000143051147,0.08990000188350677
YHR117W,YIL082W-A,0,-4.1340384,0.5225464105606079,0.9850000143051147,0.09000000357627869
YKL114C,YBR017C,0,-4.134091,0.5222693681716919,0.9850000143051147,0.09009999781847
YJL144W,YML076C,0,-4.1351285,0.521992564201355,0.9850000143051147,0.09019999951124191
YML100W,YCR075C,0,-4.1359034,0.5217161178588867,0.9850000143051147,0.09030000120401382
YGR169C-A,YDL170W,0,-4.13683,0.5214399099349976,0.9850000143051147,0.09040000289678574
YHR143W,YMR026C,0,-4.1382713,0.5211640000343323,0.9850000143051147,0.09049999713897705
YJL136C,YGL033W,0,-4.138911,0.5208884477615356,0.9850000143051147,0.09059999883174896
YLR137W,YOR085W,0,-4.140066,0.5206131339073181,0.9850000143051147,0.09070000052452087
YGL133W,YOR206W,0,-4.1415806,0.5203380584716797,0.9850000143051147,0.09080000221729279
YLR155C,YDL133C-A,0,-4.1432924,0.5200633406639099,0.9850000143051147,0.0908999964594841
YLR080W,YMR143W,0,-4.1432962,0.519788920879364,0.9850000143051147,0.09099999815225601
YDR210W,YDR189W,0,-4.14587,0.5195147395133972,0.9850000143051147,0.09109999984502792
YGR292W,YKR095W,0,-4.145931,0.5192409157752991,0.9850000143051147,0.09120000153779984
YBR153W,YGL257C,0,-4.146403,0.51896733045578,0.9850000143051147,0.09130000323057175
YKL082C,YIR038C,0,-4.1466074,0.5186940431594849,0.9850000143051147,0.09139999747276306
YGR010W,YIL082W-A,0,-4.1473145,0.5184210538864136,0.9850000143051147,0.09149999916553497
YNL176C,YMR092C,0,-4.149118,0.5181483626365662,0.9850000143051147,0.09160000085830688
YDL192W,YKL004W,0,-4.14984,0.5178759098052979,0.9850000143051147,0.0917000025510788
YLR362W,YOL053W,0,-4.1510634,0.5176037549972534,0.9850000143051147,0.09179999679327011
YBR158W,YJL148W,0,-4.151477,0.5173319578170776,0.9850000143051147,0.09189999848604202
YCL020W,YPR111W,0,-4.15155,0.5170603394508362,0.9850000143051147,0.09200000017881393
YLR013W,YHL035C,0,-4.152294,0.5167890787124634,0.9850000143051147,0.09210000187158585
YLR344W,YLR391W,0,-4.153971,0.5165181159973145,0.9850000143051147,0.09220000356435776
YFR005C,YBR111W-A,0,-4.1570187,0.5162473917007446,0.9850000143051147,0.09229999780654907
YDL117W,YFR011C,0,-4.157127,0.5159769654273987,0.9850000143051147,0.09239999949932098
YGR076C,YPR041W,0,-4.157931,0.5157067775726318,0.9850000143051147,0.0925000011920929
YNL027W,YLR449W,0,-4.1588626,0.5154369473457336,0.9850000143051147,0.09260000288486481
YDR420W,YMR243C,0,-4.1608157,0.5151673555374146,0.9850000143051147,0.09269999712705612
YLR250W,YOL114C,0,-4.1609125,0.5148980617523193,0.9850000143051147,0.09279999881982803
YIL070C,YER073W,0,-4.1644297,0.514629065990448,0.9850000143051147,0.09290000051259995
YIL069C,YIL053W,0,-4.1680164,0.5143603086471558,0.9850000143051147,0.09300000220537186
YCR034W,YPR129W,0,-4.1684566,0.5140918493270874,0.9850000143051147,0.09309999644756317
YLR391W,YNL088W,0,-4.1688128,0.5138236880302429,0.9850000143051147,0.09319999814033508
YOR132W,YDL122W,0,-4.169689,0.5135557651519775,0.9850000143051147,0.093299999833107
YPL226W,YCL066W,0,-4.1708517,0.5132881999015808,0.9850000143051147,0.0934000015258789
YCL074W,YOR093C,0,-4.1714063,0.5130208134651184,0.9850000143051147,0.09350000321865082
YJL029C,YDR539W,0,-4.1732597,0.5127537846565247,0.9850000143051147,0.09359999746084213
YCL020W,YBR057C,0,-4.1737313,0.51248699426651,0.9850000143051147,0.09369999915361404
YGL085W,YML045W,0,-4.174299,0.5122205018997192,0.9850000143051147,0.09380000084638596
YLL066C,YFL002W-A,0,-4.175138,0.5119542479515076,0.9850000143051147,0.09390000253915787
YNL056W,YNL308C,0,-4.175266,0.5116882920265198,0.9850000143051147,0.09399999678134918
YNR010W,YLR134W,0,-4.1760325,0.5114226341247559,0.9850000143051147,0.0940999984741211
YML025C,YNL110C,0,-4.179427,0.511157214641571,0.9850000143051147,0.094200000166893
YDR359C,YKL024C,0,-4.180275,0.5108920931816101,0.9850000143051147,0.09430000185966492
YGR285C,YJL037W,0,-4.1809163,0.510627269744873,0.9850000143051147,0.09440000355243683
YPL152W,YOL141W,0,-4.1817555,0.5103626847267151,0.9850000143051147,0.09449999779462814
YML042W,YHR009C,0,-4.184713,0.510098397731781,0.9850000143051147,0.09459999948740005
YPR145W,YBR246W,0,-4.1883655,0.509834349155426,0.9850000143051147,0.09470000118017197
YGR109C,YCR095C,0,-4.1885433,0.5095705986022949,0.9850000143051147,0.09480000287294388
YOR257W,YLR271W,0,-4.189244,0.5093071460723877,0.9850000143051147,0.09489999711513519
YIL172C,YIR038C,0,-4.1892896,0.5090439319610596,0.9850000143051147,0.0949999988079071
YFL036W,YDR088C,0,-4.192456,0.5087810158729553,0.9850000143051147,0.09510000050067902
YNL070W,YDR039C,0,-4.1932626,0.5085183382034302,0.9850000143051147,0.09520000219345093
YDR382W,YKL114C,0,-4.1934643,0.5082559585571289,0.9850000143051147,0.09529999643564224
YER131W,YMR257C,0,-4.194064,0.5079938173294067,0.9850000143051147,0.09539999812841415
YCL074W,YLR137W,0,-4.194278,0.5077319741249084,0.9850000143051147,0.09549999982118607
YPL164C,YNR063W,0,-4.1952844,0.5074703693389893,0.9850000143051147,0.09560000151395798
YGR125W,YDR397C,0,-4.196984,0.507209062576294,0.9850000143051147,0.09570000320672989
YMR273C,YBL003C,0,-4.1984997,0.5069479942321777,0.9850000143051147,0.0957999974489212
YLR224W,YER093C,0,-4.198515,0.5066872239112854,0.9850000143051147,0.09589999914169312
YDR116C,YMR288W,0,-4.2004504,0.5064267516136169,0.9850000143051147,0.09600000083446503
YKL135C,YPL156C,0,-4.200741,0.5061665177345276,0.9850000143051147,0.09610000252723694
YGL082W,YJL158C,0,-4.200881,0.5059065222740173,0.9850000143051147,0.09619999676942825
YDR064W,YAL008W,0,-4.2011395,0.505646824836731,0.9850000143051147,0.09629999846220016
YBR048W,YHR010W,0,-4.2020617,0.5053873658180237,0.9850000143051147,0.09640000015497208
YML123C,YCL019W,0,-4.203195,0.5051282048225403,0.9850000143051147,0.09650000184774399
YGR083C,YER074W-A,0,-4.2048087,0.504869282245636,0.9850000143051147,0.0966000035405159
YBR243C,YNL080C,0,-4.2064857,0.5046106576919556,0.9850000143051147,0.09669999778270721
YDR245W,YDL183C,0,-4.2068305,0.5043522715568542,0.9850000143051147,0.09679999947547913
YJL054W,YER160C,0,-4.207547,0.5040941834449768,0.9850000143051147,0.09690000116825104
YPL273W,YGR275W,0,-4.209042,0.5038363337516785,0.9850000143051147,0.09700000286102295
YBL100W-B,YDL190C,0,-4.2092924,0.5035787224769592,0.9850000143051147,0.09709999710321426
YDL044C,YHR193C,0,-4.209896,0.5033214092254639,0.9850000143051147,0.09719999879598618
YLR213C,YLL018C-A,0,-4.2103634,0.5030643343925476,0.9850000143051147,0.09730000048875809
YMR086W,YPR156C,0,-4.210764,0.5028075575828552,0.9850000143051147,0.09740000218153
YMR288W,YDL248W,0,-4.210971,0.5025510191917419,0.9850000143051147,0.09749999642372131
YBR084W,YHR150W,0,-4.2120614,0.5022947192192078,0.9850000143051147,0.09759999811649323
YIL006W,YER163C,0,-4.212134,0.5020387172698975,0.9850000143051147,0.09769999980926514
YDR123C,YML073C,0,-4.2123446,0.501783013343811,0.9850000143051147,0.09780000150203705
YJL130C,YIL162W,0,-4.2133117,0.5015274882316589,0.9850000143051147,0.09790000319480896
YLR203C,YKL207W,0,-4.217381,0.5012722611427307,0.9850000143051147,0.09799999743700027
YPR041W,YKL068W,0,-4.2190814,0.5010172724723816,0.9850000143051147,0.09809999912977219
YER160C,YPR061C,0,-4.2211876,0.5007625818252563,0.9850000143051147,0.0982000008225441
YKL155C,YLR340W,0,-4.224612,0.5005081295967102,0.9850000143051147,0.09830000251531601
YGR275W,YCR070W,0,-4.2247887,0.5002539157867432,0.9850000143051147,0.09839999675750732
YOR375C,YKR026C,0,-4.224897,0.5,0.9850000143051147,0.09849999845027924
YBL100W-A,YDL004W,0,-4.2263427,0.49974632263183594,0.9850000143051147,0.09860000014305115
YDL134C-A,YGR059W,0,-4.226627,0.49949291348457336,0.9850000143051147,0.09870000183582306
YBR132C,YNR044W,0,-4.227033,0.4992397427558899,0.9850000143051147,0.09880000352859497
YPR158C-D,YOR173W,0,-4.229439,0.4989868402481079,0.9850000143051147,0.09889999777078629
YKL081W,YFL046W,0,-4.2308254,0.49873417615890503,0.9850000143051147,0.0989999994635582
YOL093W,YER144C,0,-4.2312093,0.49848178029060364,0.9850000143051147,0.09910000115633011
YKL012W,YGR042W,0,-4.231334,0.49822965264320374,0.9850000143051147,0.09920000284910202
YNL247W,YCL074W,0,-4.2320833,0.49797776341438293,0.9850000143051147,0.09929999709129333
YJR063W,YHR186C,0,-4.2335615,0.49772611260414124,0.9850000143051147,0.09939999878406525
YBR127C,YLL034C,0,-4.233759,0.4974747598171234,0.9850000143051147,0.09950000047683716
YER056C-A,YDR057W,0,-4.2342463,0.4972236156463623,0.9850000143051147,0.09960000216960907
YBR105C,YLR376C,0,-4.2366714,0.4969727694988251,0.9850000143051147,0.09969999641180038
YNL331C,YDL072C,0,-4.237644,0.49672213196754456,0.9850000143051147,0.0997999981045723
YDR073W,YFR028C,0,-4.237873,0.4964717626571655,0.9850000143051147,0.09989999979734421
YJR136C,YCR046C,0,-4.239272,0.496221661567688,0.9850000143051147,0.10000000149011612
YMR195W,YLR070C,0,-4.2399473,0.49597179889678955,0.9850000143051147,0.10010000318288803
YLR395C,YLR283W,0,-4.2407527,0.4957222044467926,0.9850000143051147,0.10019999742507935
YEL068C,YHR143W,0,-4.2418776,0.49547284841537476,0.9850000143051147,0.10029999911785126
YJL142C,YGR194C,0,-4.243516,0.495223730802536,0.9850000143051147,0.10040000081062317
YBL079W,YCL060C,0,-4.2448564,0.49497488141059875,0.9850000143051147,0.10050000250339508
YHR214C-B,YHR082C,0,-4.2463727,0.4947262704372406,0.9850000143051147,0.1005999967455864
YLR174W,YGR059W,0,-4.24646,0.49447789788246155,0.9850000143051147,0.1006999984383583
YBL095W,YCL033C,0,-4.2492375,0.494229793548584,0.9850000143051147,0.10080000013113022
YPL279C,YOR047C,0,-4.2503605,0.4939819574356079,0.9850000143051147,0.10090000182390213
YCL020W,YJR014W,0,-4.2508564,0.49373432993888855,0.9850000143051147,0.10100000351667404
YIL132C,YHR010W,0,-4.252063,0.4934869706630707,0.9850000143051147,0.10109999775886536
YNR011C,YOR298W,0,-4.25361,0.4932398498058319,0.9850000143051147,0.10119999945163727
YLR395C,YJL162C,0,-4.253777,0.49299299716949463,0.9850000143051147,0.10130000114440918
YDL121C,YHR214C-C,0,-4.2543507,0.49274638295173645,0.9850000143051147,0.10140000283718109
YFL036W,YDL122W,0,-4.2546043,0.4925000071525574,0.9850000143051147,0.1014999970793724
YDL199C,YPL202C,0,-4.2563577,0.4922538697719574,0.9850000143051147,0.10159999877214432
YKL079W,YGL015C,0,-4.256574,0.4920080006122589,0.9850000143051147,0.10170000046491623
YLR105C,YPR163C,0,-4.2570806,0.4917623698711395,0.9850000143051147,0.10180000215768814
YLR155C,YBL008W,0,-4.258524,0.49151697754859924,0.9850000143051147,0.10189999639987946
YBR220C,YML106W,0,-4.2588224,0.49127182364463806,0.9850000143051147,0.10199999809265137
YDR160W,YDR299W,0,-4.259672,0.491026908159256,0.9850000143051147,0.10209999978542328
YGL205W,YFL006W,0,-4.259984,0.4907822608947754,0.9850000143051147,0.10220000147819519
YLR253W,YPL046C,0,-4.260897,0.4905378520488739,0.9850000143051147,0.1023000031709671
YNL317W,YLR244C,0,-4.2614775,0.4902936816215515,0.9850000143051147,0.10239999741315842
YLR069C,YGR027W-A,0,-4.2623773,0.4900497496128082,0.9850000143051147,0.10249999910593033
YPL191C,YMR034C,0,-4.263085,0.48980605602264404,0.9850000143051147,0.10260000079870224
YBR283C,YJL148W,0,-4.263155,0.48956263065338135,0.9850000143051147,0.10270000249147415
YIL168W,YCR023C,0,-4.2633696,0.48931941390037537,0.9850000143051147,0.10279999673366547
YDL174C,YBR191W,0,-4.2644157,0.4890764653682709,0.9850000143051147,0.10289999842643738
YKL027W,YLR271W,0,-4.264611,0.4888337552547455,0.9850000143051147,0.10300000011920929
YGR006W,YJL222W,0,-4.264958,0.4885912835597992,0.9850000143051147,0.1031000018119812
YLR268W,YLR337W,0,-4.265309,0.4883490204811096,0.9850000143051147,0.10320000350475311
YBR042C,YNL323W,0,-4.2656503,0.48810702562332153,0.9850000143051147,0.10329999774694443
YOR176W,YBR126C,0,-4.2660356,0.48786526918411255,0.9850000143051147,0.10339999943971634
YBR199W,YGR245C,0,-4.2688384,0.48762375116348267,0.9850000143051147,0.10350000113248825
YHL011C,YHL025W,0,-4.2688966,0.4873824715614319,0.9850000143051147,0.10360000282526016
YDR034C-D,YPL203W,0,-4.269308,0.4871414303779602,0.9850000143051147,0.10369999706745148
YLR191W,YGL001C,0,-4.269972,0.48690065741539,0.9850000143051147,0.10379999876022339
YLL050C,YCL024W,0,-4.2721343,0.48666009306907654,0.9850000143051147,0.1039000004529953
YCL037C,YIL114C,0,-4.273813,0.48641976714134216,0.9850000143051147,0.10400000214576721
YGR296W,YLR410W-B,0,-4.27551,0.4861796498298645,0.9850000143051147,0.10409999638795853
YKR009C,YGR014W,0,-4.275664,0.48593980073928833,0.9850000143051147,0.10419999808073044
YJR029W,YLR048W,0,-4.2773223,0.48570019006729126,0.9850000143051147,0.10429999977350235
YFL035C-A,YDR126W,0,-4.278769,0.4854608178138733,0.9850000143051147,0.10440000146627426
YMR256C,YPR137C-B,0,-4.278793,0.4852216839790344,0.9850000143051147,0.10450000315904617
YKL088W,YER093C,0,-4.2794137,0.48498275876045227,0.9850000143051147,0.10459999740123749
YDR492W,YFR010W,0,-4.2801666,0.4847441017627716,0.9850000143051147,0.1046999990940094
YKL081W,YML032C,0,-4.280229,0.48450565338134766,0.9850000143051147,0.10480000078678131
YBR101C,YMR025W,0,-4.2810397,0.4842674434185028,0.9850000143051147,0.10490000247955322
YPL052W,YDR444W,0,-4.2813888,0.48402947187423706,0.9850000143051147,0.10499999672174454
YBR220C,YGR295C,0,-4.2821493,0.4837917387485504,0.9850000143051147,0.10509999841451645
YMR195W,YIL044C,0,-4.2823763,0.48355424404144287,0.9850000143051147,0.10520000010728836
YBR244W,YER095W,0,-4.283975,0.48331698775291443,0.9850000143051147,0.10530000180006027
YGL258W,YFL034W,0,-4.2852654,0.4830799400806427,0.9850000143051147,0.10540000349283218
YKL096W,YML070W,0,-4.2872486,0.4828431308269501,0.9850000143051147,0.1054999977350235
YMR321C,YDR385W,0,-4.2873616,0.48260655999183655,0.9850000143051147,0.10559999942779541
YDR487C,YBR166C,0,-4.2904086,0.4823702275753021,0.9850000143051147,0.10570000112056732
YDR218C,YDL195W,0,-4.291235,0.4821341037750244,0.9850000143051147,0.10580000281333923
YNL058C,YHR126C,0,-4.2914143,0.4818982481956482,0.9850000143051147,0.10589999705553055
YGL086W,YMR242C,0,-4.291967,0.4816626012325287,0.9850000143051147,0.10599999874830246
YFL003C,YDR387C,0,-4.2924905,0.4814271628856659,0.9850000143051147,0.10610000044107437
YER073W,YBL028C,0,-4.2926316,0.4811919927597046,0.9850000143051147,0.10620000213384628
YLL040C,YER039C,0,-4.292683,0.48095703125,0.9850000143051147,0.1062999963760376
YIL049W,YKL104C,0,-4.2933507,0.4807223081588745,0.9850000143051147,0.10639999806880951
YOR086C,YGL085W,0,-4.2957177,0.48048779368400574,0.9850000143051147,0.10649999976158142
YIL176C,YOL055C,0,-4.2964873,0.48025354743003845,0.9850000143051147,0.10660000145435333
YHR177W,YOR348C,0,-4.2965713,0.4800194799900055,0.9850000143051147,0.10670000314712524
YPR160W,YER150W,0,-4.296648,0.479785680770874,0.9850000143051147,0.10679999738931656
YKL049C,YIL082W-A,0,-4.29855,0.47955209016799927,0.9850000143051147,0.10689999908208847
YNL100W,YOR363C,0,-4.2994213,0.4793187379837036,0.9850000143051147,0.10700000077486038
YPR101W,YLR391W,0,-4.301066,0.4790855944156647,0.9850000143051147,0.1071000024676323
YLR442C,YMR243C,0,-4.3026757,0.47885268926620483,0.9850000143051147,0.10719999670982361
YHL050C,YML126C,0,-4.3026814,0.4786200225353241,0.9850000143051147,0.10729999840259552
YIL070C,YNL308C,0,-4.3040543,0.4783875644207001,0.9850000143051147,0.10740000009536743
YAL027W,YOR123C,0,-4.3043203,0.47815534472465515,0.9850000143051147,0.10750000178813934
YML029W,YOR343W-B,0,-4.3050647,0.47792333364486694,0.9850000143051147,0.10760000348091125
YKL033W,YKR039W,0,-4.30553,0.47769156098365784,0.9850000143051147,0.10769999772310257
YNL024C,YML060W,0,-4.306336,0.47745999693870544,0.9850000143051147,0.10779999941587448
YHR003C,YKL179C,0,-4.307186,0.47722867131233215,0.9850000143051147,0.10790000110864639
YJR100C,YGL197W,0,-4.309504,0.47699758410453796,0.9850000143051147,0.1080000028014183
YNL270C,YOL041C,0,-4.311524,0.4767667055130005,0.9850000143051147,0.10809999704360962
YEL029C,YER026C,0,-4.312284,0.4765360355377197,0.9850000143051147,0.10819999873638153
YER160C,YGR003W,0,-4.3157477,0.47630560398101807,0.9850000143051147,0.10830000042915344
YJL131C,YLR251W,0,-4.316005,0.4760754108428955,0.9850000143051147,0.10840000212192535
YLR154W-C,YOL115W,0,-4.3161206,0.4758453965187073,0.9850000143051147,0.10849999636411667
YKL138C-A,YHR051W,0,-4.319873,0.47561565041542053,0.9850000143051147,0.10859999805688858
YDR073W,YGL210W-A,0,-4.320958,0.4753861129283905,0.9850000143051147,0.10869999974966049
YJR151C,YCL005W-A,0,-4.3210387,0.4751567840576172,0.9850000143051147,0.1088000014424324
YPR011C,YPR085C,0,-4.321627,0.4749276638031006,0.9850000143051147,0.10890000313520432
YGL028C,YDR019C,0,-4.323868,0.4746987819671631,0.9850000143051147,0.10899999737739563
YPR004C,YDR343C,0,-4.324729,0.4744701385498047,0.9850000143051147,0.10909999907016754
YDL033C,YOL022C,0,-4.32515,0.474241703748703,0.9850000143051147,0.10920000076293945
YNR018W,YGL021W,0,-4.3256626,0.47401347756385803,0.9850000143051147,0.10930000245571136
YPR158C-D,YHL047C,0,-4.3263226,0.4737854599952698,0.9850000143051147,0.10939999669790268
YLR117C,YOR192C-B,0,-4.327453,0.4735576808452606,0.9850000143051147,0.10949999839067459
YAL041W,YCL012W,0,-4.3274903,0.47333014011383057,0.9850000143051147,0.1096000000834465
YER104W,YDL022W,0,-4.3292556,0.47310277819633484,0.9850000143051147,0.10970000177621841
YPL097W,YBR246W,0,-4.33109,0.4728756546974182,0.9850000143051147,0.10980000346899033
YER137C-A,YJL145W,0,-4.3323545,0.4726487398147583,0.9850000143051147,0.10989999771118164
YJR121W,YBR220C,0,-4.334636,0.4724220633506775,0.9850000143051147,0.10999999940395355
YGL261C,YKL116C,0,-4.335492,0.4721955955028534,0.9850000143051147,0.11010000109672546
YBL059W,YPL172C,0,-4.336011,0.471969336271286,0.9850000143051147,0.11020000278949738
YMR322C,YJR107W,0,-4.336118,0.47174328565597534,0.9850000143051147,0.11029999703168869
YOR384W,YOR243C,0,-4.3362923,0.4715174734592438,0.9850000143051147,0.1103999987244606
YGL261C,YER025W,0,-4.336681,0.4712918698787689,0.9850000143051147,0.11050000041723251
YDR261C-D,YHR160C,0,-4.337821,0.4710664749145508,0.9850000143051147,0.11060000211000443
YHR171W,YPL076W,0,-4.338867,0.47084128856658936,0.9850000143051147,0.11069999635219574
YDR435C,YDR512C,0,-4.339882,0.47061634063720703,0.9850000143051147,0.11079999804496765
YDR316W-B,YGR043C,0,-4.34046,0.4703916013240814,0.9850000143051147,0.11089999973773956
YLR451W,YPL128C,0,-4.341105,0.4701670706272125,0.9850000143051147,0.11100000143051147
YLR203C,YKL157W,0,-4.3427396,0.46994274854660034,0.9850000143051147,0.11110000312328339
YNL065W,YDL216C,0,-4.343246,0.4697186350822449,0.9850000143051147,0.1111999973654747
YEL054C,YOL103W-A,0,-4.343664,0.4694947600364685,0.9850000143051147,0.11129999905824661
YMR259C,YNL151C,0,-4.3440766,0.46927109360694885,0.9850000143051147,0.11140000075101852
YML002W,YPR021C,0,-4.344305,0.4690476059913635,0.9850000143051147,0.11150000244379044
YOR141C,YGR161W-B,0,-4.3447948,0.4688243567943573,0.9850000143051147,0.11159999668598175
YDL046W,YMR210W,0,-4.3463683,0.4686013460159302,0.9850000143051147,0.11169999837875366
YJR035W,YNR050C,0,-4.347593,0.4683785140514374,0.9850000143051147,0.11180000007152557
YJL210W,YGL104C,0,-4.3489103,0.4681558907032013,0.9850000143051147,0.11190000176429749
YLR301W,YJL164C,0,-4.3499227,0.4679335057735443,0.9850000143051147,0.1120000034570694
YAL056W,YFL066C,0,-4.3499904,0.46771129965782166,0.9850000143051147,0.11209999769926071
YDL232W,YHR199C-A,0,-4.350475,0.4674893319606781,0.9850000143051147,0.11219999939203262
YJR052W,YCR043C,0,-4.3514085,0.46726754307746887,0.9850000143051147,0.11230000108480453
YDL134C-A,YLR398C,0,-4.351585,0.46704599261283875,0.9850000143051147,0.11240000277757645
YNL202W,YKL064W,0,-4.351997,0.46682465076446533,0.9850000143051147,0.11249999701976776
YKL097W-A,YNL243W,0,-4.3521695,0.46660351753234863,0.9850000143051147,0.11259999871253967
YGR087C,YGR091W,0,-4.3529887,0.46638256311416626,0.9850000143051147,0.11270000040531158
YML071C,YBL104C,0,-4.3537793,0.466161847114563,0.9850000143051147,0.1128000020980835
YLR450W,YBR015C,0,-4.353874,0.46594133973121643,0.9850000143051147,0.11289999634027481
YIR031C,YHR009C,0,-4.35477,0.4657210409641266,0.9850000143051147,0.11299999803304672
YCR106W,YOR343W-B,0,-4.356105,0.46550095081329346,0.9850000143051147,0.11309999972581863
YNL100W,YLR194C,0,-4.3562217,0.46528106927871704,0.9850000143051147,0.11320000141859055
YGR172C,YGR071C,0,-4.3565416,0.46506136655807495,0.9850000143051147,0.11330000311136246
YOL116W,YDR262W,0,-4.3576307,0.46484190225601196,0.9850000143051147,0.11339999735355377
YDR472W,YDR036C,0,-4.357823,0.4646226465702057,0.9850000143051147,0.11349999904632568
YPL038W,YLR215C,0,-4.357885,0.46440356969833374,0.9850000143051147,0.1136000007390976
YNL087W,YJR029W,0,-4.359589,0.4641847312450409,0.9850000143051147,0.1137000024318695
YPL175W,YGL210W-A,0,-4.359775,0.4639660716056824,0.9850000143051147,0.11379999667406082
YDR034C-D,YMR176W,0,-4.3598747,0.46374765038490295,0.9850000143051147,0.11389999836683273
YDR222W,YJL102W,0,-4.3609905,0.46352940797805786,0.9850000143051147,0.11400000005960464
YDL223C,YBR191W,0,-4.361317,0.4633113741874695,0.9850000143051147,0.11410000175237656
YLR410W-A,YOR194C,0,-4.362513,0.4630935490131378,0.9850000143051147,0.11420000344514847
YMR118C,YDL119C,0,-4.3629518,0.46287593245506287,0.9850000143051147,0.11429999768733978
YBL039W-B,YGR212W,0,-4.3631263,0.46265852451324463,0.9850000143051147,0.1143999993801117
YJR029W,YJL072C,0,-4.363135,0.4624413251876831,0.9850000143051147,0.1145000010728836
YDL004W,YHR052W,0,-4.36364,0.4622243046760559,0.9850000143051147,0.11460000276565552
YJL206C,YDL087C,0,-4.363801,0.4620074927806854,0.9850000143051147,0.11469999700784683
YHL031C,YPL207W,0,-4.3648915,0.46179091930389404,0.9850000143051147,0.11479999870061874
YNL119W,YGL033W,0,-4.365731,0.4615744948387146,0.9850000143051147,0.11490000039339066
YBL103C-A,YKL018W,0,-4.366073,0.46135830879211426,0.9850000143051147,0.11500000208616257
YDR444W,YBL008W,0,-4.36785,0.46114233136177063,0.9850000143051147,0.11509999632835388
YLR387C,YKL084W,0,-4.3693843,0.46092653274536133,0.9850000143051147,0.1151999980211258
YDL212W,YPL159C,0,-4.373571,0.46071094274520874,0.9850000143051147,0.1152999997138977
YML013W,YCR072C,0,-4.3753295,0.46049556136131287,0.9850000143051147,0.11540000140666962
YFR008W,YMR262W,0,-4.377536,0.4602803885936737,0.9850000143051147,0.11550000309944153
YML061C,YGR038C-A,0,-4.377593,0.46006539463996887,0.9850000143051147,0.11559999734163284
YOR255W,YLR176C,0,-4.378256,0.45985060930252075,0.9850000143051147,0.11569999903440475
YLR419W,YBL027W,0,-4.378966,0.45963603258132935,0.9850000143051147,0.11580000072717667
YML037C,YMR040W,0,-4.3797364,0.45942163467407227,0.9850000143051147,0.11590000241994858
YPL130W,YDR452W,0,-4.379756,0.4592074453830719,0.9850000143051147,0.11599999666213989
YGR038C-B,YHR096C,0,-4.3798547,0.45899346470832825,0.9850000143051147,0.1160999983549118
YLR263W,YJR095W,0,-4.380715,0.4587796926498413,0.9850000143051147,0.11620000004768372
YPL283C,YAL020C,0,-4.3807683,0.4585660994052887,0.9850000143051147,0.11630000174045563
YGR292W,YNL192W,0,-4.3814535,0.4583527147769928,0.9850000143051147,0.11640000343322754
YLR143W,YPL049C,0,-4.382385,0.4581395387649536,0.9850000143051147,0.11649999767541885
YKL023W,YPL002C,0,-4.382652,0.45792654156684875,0.9850000143051147,0.11659999936819077
YOL097C,YLR310C,0,-4.3827477,0.4577137529850006,0.9850000143051147,0.11670000106096268
YDR492W,YOL034W,0,-4.38596,0.4575011730194092,0.9850000143051147,0.11680000275373459
YLR243W,YNL091W,0,-4.3877463,0.4572887718677521,0.9850000143051147,0.1168999969959259
YHR003C,YLR292C,0,-4.387899,0.4570765793323517,0.9850000143051147,0.11699999868869781
YGR009C,YHL012W,0,-4.388555,0.4568645656108856,0.9850000143051147,0.11710000038146973
YML073C,YKL016C,0,-4.3885794,0.45665276050567627,0.9850000143051147,0.11720000207424164
YHL012W,YLR189C,0,-4.388821,0.45644116401672363,0.9850000143051147,0.11729999631643295
YPR158C-D,YBL007C,0,-4.3904104,0.4562297463417053,0.9850000143051147,0.11739999800920486
YNL329C,YCR076C,0,-4.391242,0.45601850748062134,0.9850000143051147,0.11749999970197678
YKL191W,YPR114W,0,-4.3913894,0.45580750703811646,0.9850000143051147,0.11760000139474869
YDL030W,YNL130C,0,-4.392429,0.4555966556072235,0.9850000143051147,0.1177000030875206
YOL159C,YOR008C,0,-4.393615,0.45538604259490967,0.9850000143051147,0.11779999732971191
YOL049W,YKR039W,0,-4.3938336,0.45517560839653015,0.9850000143051147,0.11789999902248383
YOR148C,YJR141W,0,-4.394028,0.45496535301208496,0.9850000143051147,0.11800000071525574
YNL055C,YLR292C,0,-4.395251,0.4547553062438965,0.9850000143051147,0.11810000240802765
YOR293W,YDR113C,0,-4.395312,0.4545454680919647,0.9850000143051147,0.11819999665021896
YKR095W-A,YHR057C,0,-4.3957906,0.4543357789516449,0.9850000143051147,0.11829999834299088
YHR205W,YMR051C,0,-4.39783,0.4541263282299042,0.9850000143051147,0.11840000003576279
YPL171C,YGR260W,0,-4.399001,0.4539170563220978,0.9850000143051147,0.1185000017285347
YDR365W-A,YBR082C,0,-4.399835,0.4537079632282257,0.9850000143051147,0.11860000342130661
YLR441C,YGR038C-A,0,-4.4015317,0.45349907875061035,0.9850000143051147,0.11869999766349792
YJR058C,YLR104W,0,-4.402992,0.4532903730869293,0.9850000143051147,0.11879999935626984
YML109W,YFL034W,0,-4.4029927,0.453081876039505,0.9850000143051147,0.11890000104904175
YHR003C,YKL018W,0,-4.403729,0.452873557806015,0.9850000143051147,0.11900000274181366
YIL155C,YJL157C,0,-4.404328,0.45266544818878174,0.9850000143051147,0.11909999698400497
YGR125W,YPL178W,0,-4.409354,0.4524575173854828,0.9850000143051147,0.11919999867677689
YAL051W,YMR111C,0,-4.410809,0.45224976539611816,0.9850000143051147,0.1193000003695488
YER117W,YOL103W-A,0,-4.410953,0.45204222202301025,0.9850000143051147,0.11940000206232071
YGL224C,YLR390W,0,-4.412774,0.45183485746383667,0.9850000143051147,0.11949999630451202
YCR046C,YDL064W,0,-4.4130936,0.4516277015209198,0.9850000143051147,0.11959999799728394
YFL013C,YGR161W-B,0,-4.413591,0.45142072439193726,0.9850000143051147,0.11969999969005585
YHR136C,YGR087C,0,-4.416711,0.45121392607688904,0.9850000143051147,0.11980000138282776
YLR017W,YCL019W,0,-4.417319,0.45100733637809753,0.9850000143051147,0.11990000307559967
YKL005C,YML008C,0,-4.417434,0.45080092549324036,0.9850000143051147,0.11999999731779099
YJL144W,YFL049W,0,-4.418241,0.4505946934223175,0.9850000143051147,0.1200999990105629
YER057C,YDR158W,0,-4.4220243,0.45038866996765137,0.9850000143051147,0.12020000070333481
YMR250W,YLR410W-A,0,-4.4228,0.45018282532691956,0.9850000143051147,0.12030000239610672
YGR168C,YLR410W-B,0,-4.4233403,0.44997715950012207,0.9850000143051147,0.12039999663829803
YGR156W,YJL225C,0,-4.423906,0.4497717022895813,0.9850000143051147,0.12049999833106995
YIL101C,YNL284C-B,0,-4.424963,0.44956639409065247,0.9850000143051147,0.12060000002384186
YGR109W-B,YBL091C,0,-4.428208,0.44936132431030273,0.9850000143051147,0.12070000171661377
YPL184C,YFR010W,0,-4.4299407,0.44915640354156494,0.9850000143051147,0.12080000340938568
YGL076C,YFL035C-A,0,-4.4311433,0.44895169138908386,0.9850000143051147,0.120899997651577
YLR378C,YPL226W,0,-4.4314737,0.4487471580505371,0.9850000143051147,0.12099999934434891
YJL131C,YDR377W,0,-4.4323654,0.4485428035259247,0.9850000143051147,0.12110000103712082
YBR133C,YOR142W-A,0,-4.4325337,0.44833865761756897,0.9850000143051147,0.12120000272989273
YLR017W,YPL038W,0,-4.4325376,0.4481346607208252,0.9850000143051147,0.12129999697208405
YGL148W,YNR022C,0,-4.432696,0.44793087244033813,0.9850000143051147,0.12139999866485596
YDR316W-A,YKL062W,0,-4.432894,0.4477272629737854,0.9850000143051147,0.12150000035762787
YDL075W,YOL151W,0,-4.4350367,0.4475238621234894,0.9850000143051147,0.12160000205039978
YGR027W-A,YKL130C,0,-4.435057,0.4473206102848053,0.9850000143051147,0.1216999962925911
YJR027W,YNL186W,0,-4.4361577,0.44711756706237793,0.9850000143051147,0.121799997985363
YKR071C,YFL011W,0,-4.437825,0.4469147026538849,0.9850000143051147,0.12189999967813492
YDL215C,YNL032W,0,-4.437897,0.44671201705932617,0.9850000143051147,0.12200000137090683
YLR010C,YMR054W,0,-4.438577,0.4465095102787018,0.9850000143051147,0.12210000306367874
YPL121C,YPL243W,0,-4.445418,0.4463072121143341,0.9850000143051147,0.12219999730587006
YOR094W,YJL049W,0,-4.4457064,0.44610506296157837,0.9850000143051147,0.12229999899864197
YHL021C,YFL011W,0,-4.447311,0.44590312242507935,0.9850000143051147,0.12240000069141388
YDR316W-B,YLR093C,0,-4.448036,0.44570136070251465,0.9850000143051147,0.12250000238418579
YOL103W-B,YCR014C,0,-4.449478,0.4454997777938843,0.9850000143051147,0.1225999966263771
YGR075C,YBR219C,0,-4.45042,0.44529837369918823,0.9850000143051147,0.12269999831914902
YJL100W,YDR316W-B,0,-4.4507403,0.4450971484184265,0.9850000143051147,0.12280000001192093
YGR183C,YLR312C,0,-4.4512343,0.4448961019515991,0.9850000143051147,0.12290000170469284
YGR054W,YDL141W,0,-4.4519525,0.44469526410102844,0.9850000143051147,0.12300000339746475
YMR305C,YDR117C,0,-4.452886,0.4444945752620697,0.9850000143051147,0.12309999763965607
YLR137W,YMR018W,0,-4.453104,0.4442940950393677,0.9850000143051147,0.12319999933242798
YDR065W,YPR055W,0,-4.453544,0.4440937638282776,0.9850000143051147,0.12330000102519989
YKL035W,YDR122W,0,-4.453754,0.4438936412334442,0.9850000143051147,0.1234000027179718
YBR072W,YER020W,0,-4.4544754,0.44369369745254517,0.9850000143051147,0.12349999696016312
YJL114W,YMR203W,0,-4.454888,0.44349393248558044,0.9850000143051147,0.12359999865293503
YGR169C-A,YDR480W,0,-4.4553714,0.44329431653022766,0.9850000143051147,0.12370000034570694
YKL042W,YGR161W-A,0,-4.4559674,0.4430949091911316,0.9850000143051147,0.12380000203847885
YJR136C,YLL014W,0,-4.4572005,0.44289568066596985,0.9850000143051147,0.12389999628067017
YAR010C,YMR105C,0,-4.458594,0.44269663095474243,0.9850000143051147,0.12399999797344208
YPR145W,YDR160W,0,-4.4585986,0.44249776005744934,0.9850000143051147,0.12409999966621399
YPL283C,YPR158C-C,0,-4.4597526,0.4422990679740906,0.9850000143051147,0.1242000013589859
YJR134C,YOR192C-B,0,-4.4615555,0.44210052490234375,0.9850000143051147,0.12430000305175781
YML114C,YGR161W-A,0,-4.4617357,0.44190219044685364,0.9850000143051147,0.12439999729394913
YER117W,YJR107W,0,-4.46256,0.44170403480529785,0.9850000143051147,0.12449999898672104
YJL085W,YDR316W-A,0,-4.4626446,0.4415060579776764,0.9850000143051147,0.12460000067949295
YLR256W-A,YBR265W,0,-4.4626446,0.44130823016166687,0.9850000143051147,0.12470000237226486
YLR224W,YHR036W,0,-4.4628224,0.44111061096191406,0.9850000143051147,0.12479999661445618
YLR220W,YAL061W,0,-4.463071,0.4409131705760956,0.9850000143051147,0.12489999830722809
YER131W,YBR136W,0,-4.4636292,0.44071587920188904,0.9850000143051147,0.125
YGL207W,YDR146C,0,-4.463905,0.4405187964439392,0.9850000143051147,0.1251000016927719
YDL134C-A,YML126C,0,-4.466067,0.4403218626976013,0.9850000143051147,0.12520000338554382
YPL118W,YPR013C,0,-4.466242,0.44012510776519775,0.9850000143051147,0.12530000507831573
YJL066C,YHR083W,0,-4.4666023,0.4399285316467285,0.9850000143051147,0.12540000677108765
YJR096W,YDL146W,0,-4.4682736,0.4397321343421936,0.9850000143051147,0.12549999356269836
YLR155C,YDL065C,0,-4.468409,0.439535915851593,0.9850000143051147,0.12559999525547028
YLR143W,YNL110C,0,-4.4684253,0.43933987617492676,0.9850000143051147,0.1256999969482422
YPR137C-B,YKR034W,0,-4.4685144,0.4391440153121948,0.9850000143051147,0.1257999986410141
YIL044C,YGL009C,0,-4.469765,0.43894830346107483,0.9850000143051147,0.125900000333786
YGR110W,YMR237W,0,-4.4707036,0.43875277042388916,0.9850000143051147,0.12600000202655792
YNR024W,YKL027W,0,-4.4712768,0.4385574460029602,0.9850000143051147,0.12610000371932983
YDR064W,YPR018W,0,-4.472342,0.4383622705936432,0.9850000143051147,0.12620000541210175
YIR023W,YPR137C-B,0,-4.475118,0.4381672739982605,0.9850000143051147,0.12630000710487366
YOR206W,YLR396C,0,-4.475222,0.43797242641448975,0.9850000143051147,0.12639999389648438
YBR279W,YBL107C,0,-4.475985,0.4377777874469757,0.9850000143051147,0.1264999955892563
YDR034C-D,YNL079C,0,-4.4760356,0.4375832974910736,0.9850000143051147,0.1265999972820282
YOR049C,YIL020C,0,-4.476133,0.43738898634910583,0.9850000143051147,0.1266999989748001
YJL057C,YLR227W-B,0,-4.4764023,0.4371948540210724,0.9850000143051147,0.12680000066757202
YOR131C,YJL057C,0,-4.4771075,0.43700090050697327,0.9850000143051147,0.12690000236034393
YDR365W-A,YMR114C,0,-4.4795213,0.4368070960044861,0.9850000143051147,0.12700000405311584
YCL073C,YNL240C,0,-4.479551,0.4366134703159332,0.9850000143051147,0.12710000574588776
YLR225C,YOR275C,0,-4.4798284,0.4364200234413147,0.9850000143051147,0.12720000743865967
YBR084C-A,YDR121W,0,-4.479977,0.4362267553806305,0.9850000143051147,0.12729999423027039
YBR188C,YLR157C,0,-4.4801197,0.4360336363315582,0.9850000143051147,0.1273999959230423
YOL053W,YPR032W,0,-4.48055,0.4358406960964203,0.9850000143051147,0.1274999976158142
YDL123W,YGR161W-B,0,-4.481906,0.4356479346752167,0.9850000143051147,0.12759999930858612
YJL099W,YGR187C,0,-4.4822783,0.4354553520679474,0.9850000143051147,0.12770000100135803
YBR126W-A,YGR206W,0,-4.4850154,0.43526291847229004,0.9850000143051147,0.12780000269412994
YKR099W,YDR349C,0,-4.4854617,0.435070663690567,0.9850000143051147,0.12790000438690186
YDR525W-A,YNL103W,0,-4.4883714,0.4348785877227783,0.9850000143051147,0.12800000607967377
YPR010C,YCL040W,0,-4.488379,0.43468666076660156,0.9850000143051147,0.12809999287128448
YIL089W,YNR066C,0,-4.4886117,0.43449491262435913,0.9850000143051147,0.1281999945640564
YLR033W,YHR037W,0,-4.488618,0.434303343296051,0.9850000143051147,0.1282999962568283
YNR075W,YJL113W,0,-4.491075,0.43411195278167725,0.9850000143051147,0.12839999794960022
YBL041W,YOR044W,0,-4.4911246,0.4339207112789154,0.9850000143051147,0.12849999964237213
YAL001C,YOR175C,0,-4.491551,0.4337296485900879,0.9850000143051147,0.12860000133514404
YBR111W-A,YCL058C,0,-4.4920974,0.4335387349128723,0.9850000143051147,0.12870000302791595
YHR186C,YDL229W,0,-4.493521,0.43334800004959106,0.9850000143051147,0.12880000472068787
YMR092C,YLR337W,0,-4.4935856,0.43315744400024414,0.9850000143051147,0.12890000641345978
YBR279W,YDR432W,0,-4.4942603,0.43296703696250916,0.9850000143051147,0.1289999932050705
YNL068C,YMR039C,0,-4.494741,0.4327768087387085,0.9850000143051147,0.1290999948978424
YNL103W,YMR316C-A,0,-4.494887,0.4325867295265198,0.9850000143051147,0.12919999659061432
YLR228C,YHL009W-B,0,-4.49493,0.4323968291282654,0.9850000143051147,0.12929999828338623
YIL088C,YDL222C,0,-4.4971104,0.4322071075439453,0.9850000143051147,0.12939999997615814
YJL048C,YOR192C-B,0,-4.497681,0.4320175349712372,0.9850000143051147,0.12950000166893005
YBR016W,YDR309C,0,-4.4979663,0.4318281412124634,0.9850000143051147,0.12960000336170197
YBR183W,YLR050C,0,-4.498375,0.4316389262676239,0.9850000143051147,0.12970000505447388
YKL163W,YPR137C-B,0,-4.500525,0.43144986033439636,0.9850000143051147,0.1298000067472458
YIL066C,YPR158C-C,0,-4.500708,0.43126094341278076,0.9850000143051147,0.1298999935388565
YJL114W,YOR060C,0,-4.50183,0.4310722053050995,0.9850000143051147,0.12999999523162842
YPL220W,YLR337C,0,-4.5024066,0.43088364601135254,0.9850000143051147,0.13009999692440033
YBL006C,YBL027W,0,-4.505597,0.43069523572921753,0.9850000143051147,0.13019999861717224
YGR061C,YBL005W,0,-4.508212,0.43050700426101685,0.9850000143051147,0.13030000030994415
YJL179W,YCL060C,0,-4.50868,0.4303189218044281,0.9850000143051147,0.13040000200271606
YGL077C,YHR040W,0,-4.5087156,0.4301310181617737,0.9850000143051147,0.13050000369548798
YOR168W,YER030W,0,-4.509933,0.4299432635307312,0.9850000143051147,0.1306000053882599
YOR063W,YOR291W,0,-4.510251,0.42975565791130066,0.9850000143051147,0.1307000070810318
YOL047C,YLR176C,0,-4.5104713,0.42956826090812683,0.9850000143051147,0.13079999387264252
YLR427W,YOR343W-A,0,-4.5106606,0.42938098311424255,0.9850000143051147,0.13089999556541443
YMR070W,YOL157C,0,-4.510738,0.429193913936615,0.9850000143051147,0.13099999725818634
YJR150C,YHR042W,0,-4.5119424,0.429006963968277,0.9850000143051147,0.13109999895095825
YPR058W,YPL236C,0,-4.513169,0.4288201928138733,0.9850000143051147,0.13120000064373016
YBR004C,YMR210W,0,-4.516566,0.42863360047340393,0.9850000143051147,0.13130000233650208
YPL178W,YFL011W-A,0,-4.518301,0.4284471571445465,0.9850000143051147,0.131400004029274
YMR059W,YMR069W,0,-4.5184436,0.428260862827301,0.9850000143051147,0.1315000057220459
YKL193C,YLR157C,0,-4.520468,0.42807474732398987,0.9850000143051147,0.1316000074148178
YFL002W-A,YOR202W,0,-4.520516,0.42788878083229065,0.9850000143051147,0.13169999420642853
YLR442C,YOR027W,0,-4.5215993,0.42770299315452576,0.9850000143051147,0.13179999589920044
YMR196W,YGR066C,0,-4.5221744,0.4275173544883728,0.9850000143051147,0.13189999759197235
YBR057C,YGR001C,0,-4.522466,0.4273318946361542,0.9850000143051147,0.13199999928474426
YOR095C,YDR457W,0,-4.5234747,0.4271465837955475,0.9850000143051147,0.13210000097751617
YCR046C,YIR026C,0,-4.523618,0.42696142196655273,0.9850000143051147,0.13220000267028809
YDR382W,YDL231C,0,-4.524357,0.4267764389514923,0.9850000143051147,0.13230000436306
YHR202W,YDR425W,0,-4.5245314,0.4265916049480438,0.9850000143051147,0.1324000060558319
YNL245C,YIL027C,0,-4.525145,0.4264069199562073,0.9850000143051147,0.13249999284744263
YMR269W,YHL009W-B,0,-4.5255294,0.42622241377830505,0.9850000143051147,0.13259999454021454
YLR391W,YGR047C,0,-4.5258155,0.42603805661201477,0.9850000143051147,0.13269999623298645
YGR038C-A,YJR047C,0,-4.5261087,0.4258538782596588,0.9850000143051147,0.13279999792575836
YGR093W,YPL151C,0,-4.527448,0.4256698489189148,0.9850000143051147,0.13289999961853027
YLR038C,YPL170W,0,-4.5274568,0.4254859685897827,0.9850000143051147,0.13300000131130219
YPR193C,YIL082W-A,0,-4.5290856,0.4253022372722626,0.9850000143051147,0.1331000030040741
YHR035W,YDL035C,0,-4.5304027,0.42511868476867676,0.9850000143051147,0.133200004696846
YML073C,YJR119C,0,-4.530417,0.4249352812767029,0.9850000143051147,0.13330000638961792
YDR240C,YLR241W,0,-4.5313478,0.42475205659866333,0.9850000143051147,0.13339999318122864
YFR046C,YGR161W-A,0,-4.532288,0.42456895112991333,0.9850000143051147,0.13349999487400055
YOL153C,YDR009W,0,-4.532327,0.42438605427742004,0.9850000143051147,0.13359999656677246
YPL060C-A,YAR028W,0,-4.532867,0.4242032766342163,0.9850000143051147,0.13369999825954437
YHL006C,YMR045C,0,-4.5330863,0.4240206778049469,0.9850000143051147,0.13379999995231628
YCL074W,YBR299W,0,-4.533373,0.42383819818496704,0.9850000143051147,0.1339000016450882
YLR253W,YER105C,0,-4.533447,0.4236559271812439,0.9850000143051147,0.1340000033378601
YPR158C-D,YLR270W,0,-4.5336394,0.4234737753868103,0.9850000143051147,0.13410000503063202
YOL153C,YIR010W,0,-4.533985,0.42329180240631104,0.9850000143051147,0.13420000672340393
YIL107C,YBR012W-A,0,-4.534393,0.4231099784374237,0.9850000143051147,0.13429999351501465
YNL307C,YCR021C,0,-4.534488,0.4229283034801483,0.9850000143051147,0.13439999520778656
YOR192C-A,YLR303W,0,-4.535088,0.42274677753448486,0.9850000143051147,0.13449999690055847
YCR075C,YKL004W,0,-4.535122,0.42256543040275574,0.9850000143051147,0.13459999859333038
YBR126W-A,YGL049C,0,-4.53756,0.42238423228263855,0.9850000143051147,0.1347000002861023
YDR034W-B,YDR009W,0,-4.5378566,0.4222031831741333,0.9850000143051147,0.1348000019788742
YJL173C,YNL088W,0,-4.5386415,0.42202228307724,0.9850000143051147,0.13490000367164612
YNL029C,YPL079W,0,-4.539185,0.4218415319919586,0.9850000143051147,0.13500000536441803
YER110C,YIL088C,0,-4.5405154,0.4216609597206116,0.9850000143051147,0.13510000705718994
YML099C,YBR171W,0,-4.542249,0.42148053646087646,0.9850000143051147,0.13519999384880066
YLR157C,YHR103W,0,-4.543141,0.4213002622127533,0.9850000143051147,0.13529999554157257
YDR316W-A,YER083C,0,-4.5439434,0.42112013697624207,0.9850000143051147,0.13539999723434448
YPL058C,YDR387C,0,-4.544251,0.4209401607513428,0.9850000143051147,0.1354999989271164
YPR178W,YDR210W-A,0,-4.5449796,0.4207603633403778,0.9850000143051147,0.1356000006198883
YOL078W,YOL053W,0,-4.5452485,0.4205807149410248,0.9850000143051147,0.13570000231266022
YCR041W,YKL008C,0,-4.545872,0.4204011857509613,0.9850000143051147,0.13580000400543213
YEL030W,YNR012W,0,-4.546863,0.42022183537483215,0.9850000143051147,0.13590000569820404
YNL056W,YER073W,0,-4.5473266,0.42004263401031494,0.9850000143051147,0.13600000739097595
YDL183C,YLR113W,0,-4.5473533,0.41986361145973206,0.9850000143051147,0.13609999418258667
YLR194C,YKL178C,0,-4.547398,0.4196847081184387,0.9850000143051147,0.13619999587535858
YOL117W,YLR342W,0,-4.548016,0.4195059537887573,0.9850000143051147,0.1362999975681305
YBR180W,YBR242W,0,-4.548555,0.41932737827301025,0.9850000143051147,0.1363999992609024
YOR246C,YMR310C,0,-4.5492935,0.41914892196655273,0.9850000143051147,0.13650000095367432
YHR193C,YGR161W-A,0,-4.553475,0.41897064447402954,0.9850000143051147,0.13660000264644623
YOR211C,YDR119W,0,-4.553616,0.4187925159931183,0.9850000143051147,0.13670000433921814
YPL052W-A,YIL133C,0,-4.553852,0.41861453652381897,0.9850000143051147,0.13680000603199005
YKR009C,YJR107W,0,-4.553975,0.4184367060661316,0.9850000143051147,0.13689999282360077
YAL030W,YJL131C,0,-4.5544376,0.41825902462005615,0.9850000143051147,0.13699999451637268
YLR173W,YOL094C,0,-4.5545535,0.41808149218559265,0.9850000143051147,0.1370999962091446
YNL068C,YLR064W,0,-4.5552316,0.4179041087627411,0.9850000143051147,0.1371999979019165
YDR159W,YGR070W,0,-4.555777,0.41772687435150146,0.9850000143051147,0.13729999959468842
YGR170W,YDL156W,0,-4.556337,0.41754981875419617,0.9850000143051147,0.13740000128746033
YOL033W,YDL133C-A,0,-4.5565534,0.4173728823661804,0.9850000143051147,0.13750000298023224
YPL226W,YKL167C,0,-4.558357,0.4171960949897766,0.9850000143051147,0.13760000467300415
YGL157W,YDL114W,0,-4.558738,0.41701948642730713,0.9850000143051147,0.13770000636577606
YLR020C,YBR238C,0,-4.559934,0.4168429970741272,0.9850000143051147,0.13779999315738678
YDR194C,YHR060W,0,-4.5614066,0.4166666567325592,0.9850000143051147,0.1378999948501587
YPL015C,YFL035C,0,-4.563045,0.41649049520492554,0.9850000143051147,0.1379999965429306
YNR024W,YGR113W,0,-4.563711,0.4163144528865814,0.9850000143051147,0.13809999823570251
YML133C,YIR028W,0,-4.563771,0.41613855957984924,0.9850000143051147,0.13819999992847443
YNL069C,YBL038W,0,-4.564975,0.4159628450870514,0.9850000143051147,0.13830000162124634
YOR096W,YGL224C,0,-4.564982,0.4157872498035431,0.9850000143051147,0.13840000331401825
YOR178C,YDR159W,0,-4.5653276,0.41561180353164673,0.9850000143051147,0.13850000500679016
YGR109W-A,YMR292W,0,-4.5654664,0.4154365360736847,0.9850000143051147,0.13860000669956207
YKL034W,YJL185C,0,-4.5657206,0.4152613878250122,0.9850000143051147,0.1386999934911728
YAR050W,YMR232W,0,-4.5657597,0.41508638858795166,0.9850000143051147,0.1387999951839447
YGL085W,YHR079C,0,-4.5665607,0.41491153836250305,0.9850000143051147,0.1388999968767166
YLR270W,YIR007W,0,-4.567579,0.4147368371486664,0.9850000143051147,0.13899999856948853
YML032C,YLR244C,0,-4.5678144,0.41456228494644165,0.9850000143051147,0.13910000026226044
YHR071W,YDR210W-B,0,-4.5682893,0.41438788175582886,0.9850000143051147,0.13920000195503235
YCR095C,YNL054W-B,0,-4.5684123,0.414213627576828,0.9850000143051147,0.13930000364780426
YBR149W,YNR072W,0,-4.5687165,0.4140395224094391,0.9850000143051147,0.13940000534057617
YMR234W,YDL177C,0,-4.5688043,0.4138655364513397,0.9850000143051147,0.13950000703334808
YCR031C,YCR018C,1,-4.5692773,0.4141117036342621,0.9860000014305115,0.13950000703334808
YCL024W,YGR161W-A,0,-4.570376,0.41393786668777466,0.9860000014305115,0.1395999938249588
YCR047C,YHL012W,0,-4.5706415,0.4137641489505768,0.9860000014305115,0.1396999955177307
YDR539W,YDR329C,0,-4.570741,0.41359061002731323,0.9860000014305115,0.13979999721050262
YPL157W,YIL114C,0,-4.571426,0.41341719031333923,0.9860000014305115,0.13989999890327454
YDR244W,YDR064W,0,-4.5719666,0.4132439196109772,0.9860000014305115,0.14000000059604645
YMR186W,YOL097C,0,-4.5726776,0.41307079792022705,0.9860000014305115,0.14010000228881836
YDL134C-A,YGR038W,0,-4.5732093,0.41289782524108887,0.9860000014305115,0.14020000398159027
YBR018C,YDR034C-D,0,-4.5733213,0.4127250015735626,0.9860000014305115,0.14030000567436218
YKL155C,YGR161W-B,0,-4.5736895,0.4125522971153259,0.9860000014305115,0.1404000073671341
YDL074C,YNL321W,0,-4.574615,0.41237977147102356,0.9860000014305115,0.1404999941587448
YDR393W,YOL058W,0,-4.5751834,0.41220736503601074,0.9860000014305115,0.14059999585151672
YGR042W,YDR202C,0,-4.5771947,0.41203510761260986,0.9860000014305115,0.14069999754428864
YOR117W,YNL188W,0,-4.57752,0.4118629992008209,0.9860000014305115,0.14079999923706055
YHR214C-B,YHR110W,0,-4.58133,0.41169100999832153,0.9860000014305115,0.14090000092983246
YMR295C,YLR021W,0,-4.5818353,0.41151919960975647,0.9860000014305115,0.14100000262260437
YJR029W,YKL055C,0,-4.5820613,0.41134750843048096,0.9860000014305115,0.14110000431537628
YPR158C-D,YLR460C,0,-4.582894,0.4111759662628174,0.9860000014305115,0.1412000060081482
YIL149C,YBR091C,0,-4.583949,0.41100457310676575,0.9860000014305115,0.1412999927997589
YCL020W,YNL175C,0,-4.5845766,0.41083332896232605,0.9860000014305115,0.14139999449253082
YHR034C,YLR192C,1,-4.585314,0.41107872128486633,0.9869999885559082,0.14139999449253082
YDR013W,YBR177C,0,-4.586764,0.4109075665473938,0.9869999885559082,0.14149999618530273
YBL100W-B,YLR332W,0,-4.5904183,0.4107365906238556,0.9869999885559082,0.14159999787807465
YGR221C,YOL103W-A,0,-4.5918536,0.41056573390960693,0.9869999885559082,0.14169999957084656
YNL058C,YLR189C,0,-4.5925584,0.4103949964046478,0.9869999885559082,0.14180000126361847
YMR016C,YPR083W,0,-4.5925946,0.41022443771362305,0.9869999885559082,0.14190000295639038
YIL076W,YNL236W,0,-4.593676,0.4100539982318878,0.9869999885559082,0.1420000046491623
YLR426W,YOR372C,0,-4.595715,0.4098837077617645,0.9869999885559082,0.1421000063419342
YCL061C,YIR026C,0,-4.595847,0.4097135663032532,0.9869999885559082,0.14219999313354492
YLR244C,YJL061W,0,-4.5958705,0.40954357385635376,0.9869999885559082,0.14229999482631683
YDL223C,YOL095C,0,-4.5961027,0.4093737006187439,0.9869999885559082,0.14239999651908875
YOR086C,YOL153C,0,-4.596277,0.40920397639274597,0.9869999885559082,0.14249999821186066
YHL012W,YJL031C,0,-4.597161,0.40903440117836,0.9869999885559082,0.14259999990463257
YNL176C,YOR343W-B,0,-4.5983586,0.40886494517326355,0.9869999885559082,0.14270000159740448
YDL082W,YEL062W,0,-4.5989413,0.40869563817977905,0.9869999885559082,0.1428000032901764
YHL035C,YER076C,0,-4.5996947,0.4085264801979065,0.9869999885559082,0.1429000049829483
YDR073W,YJL061W,0,-4.6023283,0.4083574712276459,0.9869999885559082,0.14300000667572021
YBR088C,YKL042W,0,-4.602742,0.4081885814666748,0.9869999885559082,0.14309999346733093
YFL035C-A,YOL034W,0,-4.603128,0.4080198407173157,0.9869999885559082,0.14319999516010284
YBL003C,YJL193W,0,-4.6035724,0.4078512489795685,0.9869999885559082,0.14329999685287476
YHR071W,YLR098C,0,-4.60422,0.40768277645111084,0.9869999885559082,0.14339999854564667
YCL018W,YHR042W,0,-4.6044755,0.40751445293426514,0.9869999885559082,0.14350000023841858
YLR391W-A,YPR075C,0,-4.60727,0.40734627842903137,0.9869999885559082,0.1436000019311905
YNR035C,YLR189C,0,-4.607474,0.40717822313308716,0.9869999885559082,0.1437000036239624
YOR226C,YMR316C-A,0,-4.609467,0.4070103168487549,0.9869999885559082,0.14380000531673431
YDR258C,YCL011C,0,-4.609674,0.40684252977371216,0.9869999885559082,0.14390000700950623
YER137C-A,YBR164C,0,-4.6097355,0.40667492151260376,0.9869999885559082,0.14399999380111694
YBR026C,YKL091C,0,-4.6115227,0.4065074026584625,0.9869999885559082,0.14409999549388885
YNL284C-B,YBR193C,0,-4.6134734,0.4063400626182556,0.9869999885559082,0.14419999718666077
YOR192C-A,YPL011C,0,-4.6136622,0.40617284178733826,0.9869999885559082,0.14429999887943268
YGL112C,YDR190C,0,-4.614233,0.40600576996803284,0.9869999885559082,0.1444000005722046
YMR070W,YHR072W,0,-4.6161203,0.40583881735801697,0.9869999885559082,0.1445000022649765
YOR208W,YLR227W-B,0,-4.616367,0.40567201375961304,0.9869999885559082,0.1446000039577484
YDR098C-A,YJR103W,0,-4.61838,0.40550532937049866,0.9869999885559082,0.14470000565052032
YOR246C,YKR093W,0,-4.6188445,0.4053388237953186,0.9869999885559082,0.14480000734329224
YMR322C,YDL030W,0,-4.6188498,0.4051724076271057,0.9869999885559082,0.14489999413490295
YGR123C,YLR147C,0,-4.6202536,0.40500614047050476,0.9869999885559082,0.14499999582767487
YHR143W-A,YGL113W,0,-4.6209173,0.40484002232551575,0.9869999885559082,0.14509999752044678
YGR066C,YCR107W,0,-4.6216397,0.40467405319213867,0.9869999885559082,0.1451999992132187
YBR219C,YIL165C,0,-4.621922,0.40450820326805115,0.9869999885559082,0.1453000009059906
YKL082C,YLR058C,0,-4.622192,0.4043424725532532,0.9869999885559082,0.1454000025987625
YBR127C,YMR080C,0,-4.6233935,0.40417689085006714,0.9869999885559082,0.14550000429153442
YDL051W,YDR237W,0,-4.6238484,0.40401145815849304,0.9869999885559082,0.14560000598430634
YDR407C,YLR142W,0,-4.624623,0.4038461446762085,0.9869999885559082,0.14569999277591705
YCR009C,YCL048W,0,-4.625398,0.4036809802055359,0.9869999885559082,0.14579999446868896
YGL170C,YML086C,0,-4.626303,0.40351593494415283,0.9869999885559082,0.14589999616146088
YJR151C,YMR209C,0,-4.6266475,0.4033510386943817,0.9869999885559082,0.1459999978542328
YLR410W-A,YMR117C,0,-4.628256,0.40318626165390015,0.9869999885559082,0.1460999995470047
YGL237C,YER066W,0,-4.6286335,0.4030216336250305,0.9869999885559082,0.1462000012397766
YGL108C,YOR273C,0,-4.6307697,0.4028571546077728,0.9869999885559082,0.14630000293254852
YHR129C,YHR214C-C,0,-4.631338,0.4026927649974823,0.9869999885559082,0.14640000462532043
YBR158W,YGR099W,0,-4.631741,0.4025285542011261,0.9869999885559082,0.14650000631809235
YLR410W-B,YKR034W,0,-4.633099,0.40236446261405945,0.9869999885559082,0.14659999310970306
YMR170C,YIR026C,0,-4.6333113,0.40220049023628235,0.9869999885559082,0.14669999480247498
YDL084W,YIL049W,0,-4.634093,0.4020366668701172,0.9869999885559082,0.1467999964952469
YER137C-A,YAL048C,0,-4.634609,0.4018729627132416,0.9869999885559082,0.1468999981880188
YMR302C,YHR081W,1,-4.634646,0.4021163880825043,0.9879999756813049,0.1468999981880188
YPL047W,YJL192C,0,-4.6351104,0.4019528031349182,0.9879999756813049,0.1469999998807907
YMR071C,YDR452W,0,-4.6351123,0.4017893373966217,0.9879999756813049,0.14710000157356262
YLR072W,YJL041W,0,-4.6352024,0.40162602066993713,0.9879999756813049,0.14720000326633453
YDR222W,YPL027W,0,-4.635326,0.4014628231525421,0.9879999756813049,0.14730000495910645
YMR304W,YPR085C,0,-4.636662,0.40129974484443665,0.9879999756813049,0.14740000665187836
YJL216C,YKL068W,0,-4.637728,0.4011368155479431,0.9879999756813049,0.14749999344348907
YNL052W,YLR173W,0,-4.6386604,0.4009740352630615,0.9879999756813049,0.147599995136261
YLR344W,YOL033W,0,-4.63897,0.4008113443851471,0.9879999756813049,0.1476999968290329
YGL175C,YMR039C,0,-4.639271,0.400648832321167,0.9879999756813049,0.1477999985218048
YIL171W,YGR161W-A,0,-4.6394525,0.40048640966415405,0.9879999756813049,0.14790000021457672
YLR058C,YOR335C,0,-4.6395245,0.40032413601875305,0.9879999756813049,0.14800000190734863
YOR142W-A,YBR230C,0,-4.6399555,0.400162011384964,0.9879999756813049,0.14810000360012054
YER156C,YDR110W,0,-4.640046,0.4000000059604645,0.9879999756813049,0.14820000529289246
YMR175W,YNL054W-A,0,-4.6402073,0.3998381197452545,0.9879999756813049,0.14830000698566437
YGR169C,YGL148W,0,-4.6414256,0.3996763825416565,0.9879999756813049,0.14839999377727509
YMR263W,YDR012W,0,-4.641913,0.399514764547348,0.9879999756813049,0.148499995470047
YJL209W,YIL011W,0,-4.6422915,0.3993532657623291,0.9879999756813049,0.1485999971628189
YOR094W,YDR098C-A,0,-4.6427236,0.3991919159889221,0.9879999756813049,0.14869999885559082
YFL035C-A,YOR060C,0,-4.6428084,0.3990306854248047,0.9879999756813049,0.14880000054836273
YPR106W,YEL039C,0,-4.6429286,0.3988696038722992,0.9879999756813049,0.14890000224113464
YMR148W,YJL024C,0,-4.644997,0.39870864152908325,0.9879999756813049,0.14900000393390656
YML073C,YMR078C,0,-4.645129,0.39854779839515686,0.9879999756813049,0.14910000562667847
YJL170C,YLR179C,0,-4.6466975,0.3983871042728424,0.9879999756813049,0.14920000731945038
YKR064W,YNR008W,0,-4.647312,0.3982265293598175,0.9879999756813049,0.1492999941110611
YBR228W,YNL289W,0,-4.647389,0.39806607365608215,0.9879999756813049,0.149399995803833
YKR080W,YDR036C,0,-4.6484685,0.39790576696395874,0.9879999756813049,0.14949999749660492
YJL127C-B,YBL006C,0,-4.6487365,0.3977455794811249,0.9879999756813049,0.14959999918937683
YBR220C,YLR455W,0,-4.649347,0.39758551120758057,0.9879999756813049,0.14970000088214874
YCL037C,YLR138W,0,-4.649486,0.3974255919456482,0.9879999756813049,0.14980000257492065
YOL013C,YPR137C-B,0,-4.6508384,0.39726579189300537,0.9879999756813049,0.14990000426769257
YKR058W,YGR042W,0,-4.651076,0.3971061110496521,0.9879999756813049,0.15000000596046448
YPL257W-A,YOL004W,0,-4.6517816,0.39694657921791077,0.9879999756813049,0.1500999927520752
YML087C,YKL107W,0,-4.653831,0.3967871367931366,0.9879999756813049,0.1501999944448471
YCL030C,YOR298C-A,0,-4.655587,0.39662787318229675,0.9879999756813049,0.15029999613761902
YGL153W,YGR161W-B,0,-4.659581,0.3964686989784241,0.9879999756813049,0.15039999783039093
YPL184C,YLR092W,0,-4.6629634,0.39630967378616333,0.9879999756813049,0.15049999952316284
YHR041C,YKR101W,0,-4.66447,0.39615076780319214,0.9879999756813049,0.15060000121593475
YDR388W,YHR210C,0,-4.664534,0.3959919810295105,0.9879999756813049,0.15070000290870667
YPL051W,YML081C-A,0,-4.6654015,0.3958333432674408,0.9879999756813049,0.15080000460147858
YJL156C,YHR039C-B,0,-4.6658053,0.39567479491233826,0.9879999756813049,0.1509000062942505
YJL114W,YMR297W,0,-4.6658244,0.39551642537117004,0.9879999756813049,0.1509999930858612
YGR027W-A,YMR083W,0,-4.6659427,0.395358145236969,0.9879999756813049,0.15109999477863312
YOR243C,YGR006W,0,-4.6659474,0.3952000141143799,0.9879999756813049,0.15119999647140503
YBL107C,YHR064C,0,-4.6684175,0.39504197239875793,0.9879999756813049,0.15129999816417694
YMR046C,YDR527W,0,-4.6695657,0.3948840796947479,0.9879999756813049,0.15139999985694885
YMR268W-A,YKL129C,0,-4.6708636,0.39472633600234985,0.9879999756813049,0.15150000154972076
YNL188W,YJR111C,0,-4.6711354,0.39456868171691895,0.9879999756813049,0.15160000324249268
YGR124W,YEL042W,0,-4.671897,0.3944111764431,0.9879999756813049,0.1517000049352646
YGR109W-B,YLR134W,0,-4.6729836,0.39425379037857056,0.9879999756813049,0.1518000066280365
YFL001W,YML045W,0,-4.676305,0.3940965235233307,0.9879999756813049,0.15189999341964722
YIL109C,YFR032C-A,0,-4.6779594,0.39393940567970276,0.9879999756813049,0.15199999511241913
YIL171W,YLR446W,0,-4.678731,0.393782377243042,0.9879999756813049,0.15209999680519104
YGR125W,YPR001W,0,-4.679296,0.39362549781799316,0.9879999756813049,0.15219999849796295
YLR160C,YOR157C,0,-4.6798677,0.3934687376022339,0.9879999756813049,0.15230000019073486
YJR097W,YLR461W,0,-4.680368,0.39331209659576416,0.9879999756813049,0.15240000188350677
YBR163W,YBL030C,0,-4.6807704,0.39315560460090637,0.9879999756813049,0.1525000035762787
YJR029W,YJL066C,0,-4.682686,0.39299920201301575,0.9879999756813049,0.1526000052690506
YPR004C,YJL219W,0,-4.682703,0.39284294843673706,0.9879999756813049,0.1527000069618225
YKL217W,YNR066C,0,-4.6839776,0.3926868140697479,0.9879999756813049,0.15279999375343323
YJL092W,YIL069C,0,-4.6841874,0.39253079891204834,0.9879999756813049,0.15289999544620514
YDR277C,YKL018W,0,-4.6851354,0.3923749029636383,0.9879999756813049,0.15299999713897705
YOR341W,YGR066C,0,-4.686116,0.3922191262245178,0.9879999756813049,0.15309999883174896
YHR214C-C,YPR026W,0,-4.6861553,0.3920634984970093,0.9879999756813049,0.15320000052452087
YBL023C,YKR039W,0,-4.6883287,0.3919079601764679,0.9879999756813049,0.15330000221729279
YFL053W,YER092W,0,-4.6885533,0.39175257086753845,0.9879999756813049,0.1534000039100647
YOR243C,YDR098C-A,0,-4.689413,0.39159730076789856,0.9879999756813049,0.1535000056028366
YNR063W,YOR034C,0,-4.6904116,0.3914421498775482,0.9879999756813049,0.15360000729560852
YOR204W,YJR091C,0,-4.6915526,0.3912871181964874,0.9879999756813049,0.15369999408721924
YPR048W,YHR214C-C,0,-4.692391,0.3911322355270386,0.9879999756813049,0.15379999577999115
YIR034C,YGL055W,0,-4.692989,0.3909774422645569,0.9879999756813049,0.15389999747276306
YLR413W,YOL115W,0,-4.6936665,0.39082279801368713,0.9879999756813049,0.15399999916553497
YMR050C,YPR038W,0,-4.69391,0.39066824316978455,0.9879999756813049,0.15410000085830688
YLR355C,YMR027W,0,-4.693998,0.3905138373374939,0.9879999756813049,0.1542000025510788
YOR021C,YBR012W-A,0,-4.694277,0.3903595507144928,0.9879999756813049,0.1543000042438507
YOR131C,YLR353W,0,-4.694434,0.39020538330078125,0.9879999756813049,0.15440000593662262
YDR210W-A,YJL113W,0,-4.6947026,0.39005133509635925,0.9879999756813049,0.15449999272823334
YLL038C,YNL339C,0,-4.6956105,0.3898974061012268,0.9879999756813049,0.15459999442100525
YGL157W,YKR095W-A,0,-4.6959834,0.3897435963153839,0.9879999756813049,0.15469999611377716
YOR373W,YDR234W,0,-4.697843,0.38958990573883057,0.9879999756813049,0.15479999780654907
YML086C,YHR199C-A,0,-4.6988797,0.3894363343715668,0.9879999756813049,0.15489999949932098
YLR160C,YCR028C,0,-4.699203,0.3892829120159149,0.9879999756813049,0.1550000011920929
YPL256C,YCL012W,0,-4.6992993,0.3891295790672302,0.9879999756813049,0.1551000028848648
YNL009W,YCR041W,0,-4.700144,0.3889763653278351,0.9879999756813049,0.15520000457763672
YLR164W,YNL300W,0,-4.700523,0.3888233006000519,0.9879999756813049,0.15530000627040863
YGR109W-A,YOL053W,0,-4.700588,0.38867032527923584,0.9879999756813049,0.15539999306201935
YGR161C-D,YPR129W,0,-4.7009034,0.38851749897003174,0.9879999756813049,0.15549999475479126
YBR084C-A,YIL020C,0,-4.701408,0.3883647918701172,0.9879999756813049,0.15559999644756317
YJL100W,YPR114W,0,-4.7015643,0.3882121741771698,0.9879999756813049,0.15569999814033508
YKL060C,YNL161W,0,-4.7017455,0.38805970549583435,0.9879999756813049,0.155799999833107
YDR098C-B,YOR192C-A,0,-4.7025847,0.38790735602378845,0.9879999756813049,0.1559000015258789
YLR426W,YDR003W,0,-4.70328,0.3877550959587097,0.9879999756813049,0.15600000321865082
YDR457W,YJL091C,0,-4.7038198,0.3876029849052429,0.9879999756813049,0.15610000491142273
YHR214C-C,YMR236W,0,-4.703916,0.3874509930610657,0.9879999756813049,0.15620000660419464
YDL075W,YJL012C-A,0,-4.7058625,0.3872990906238556,0.9879999756813049,0.15629999339580536
YJL207C,YDR213W,0,-4.707068,0.38714733719825745,0.9879999756813049,0.15639999508857727
YNL058C,YJL139C,0,-4.707522,0.38699570298194885,0.9879999756813049,0.15649999678134918
YCL020W,YNL299W,0,-4.7080436,0.3868441581726074,0.9879999756813049,0.1565999984741211
YER174C,YBR246W,0,-4.708223,0.38669276237487793,0.9879999756813049,0.156700000166893
YPL257W-A,YOR080W,0,-4.70833,0.386541485786438,0.9879999756813049,0.15680000185966492
YLL016W,YKR055W,0,-4.7085137,0.3863902986049652,0.9879999756813049,0.15690000355243683
YDR139C,YNL099C,0,-4.7085285,0.38623926043510437,0.9879999756813049,0.15700000524520874
YGR077C,YOL103W-A,0,-4.708972,0.3860883116722107,0.9879999756813049,0.15710000693798065
YKR076W,YMR058W,0,-4.710011,0.38593751192092896,0.9879999756813049,0.15719999372959137
YOR278W,YOL114C,0,-4.7103267,0.3857868015766144,0.9879999756813049,0.15729999542236328
YOR322C,YLR154W-A,0,-4.7109885,0.38563621044158936,0.9879999756813049,0.1573999971151352
YOR303W,YLL016W,0,-4.7112446,0.38548576831817627,0.9879999756813049,0.1574999988079071
YOR212W,YLR134W,0,-4.7120347,0.38533541560173035,0.9879999756813049,0.15760000050067902
YOR070C,YMR050C,0,-4.712091,0.385185182094574,0.9879999756813049,0.15770000219345093
YMR118C,YLR099C,0,-4.7148643,0.38503506779670715,0.9879999756813049,0.15780000388622284
YPL103C,YGL059W,0,-4.715118,0.3848850727081299,0.9879999756813049,0.15790000557899475
YDR135C,YML002W,0,-4.715186,0.38473519682884216,0.9879999756813049,0.15800000727176666
YOR322C,YGR109W-B,0,-4.715187,0.384585440158844,0.9879999756813049,0.15809999406337738
YPL165C,YGL015C,0,-4.715201,0.3844358026981354,0.9879999756813049,0.1581999957561493
YGR031C-A,YOR180C,0,-4.715936,0.3842862844467163,0.9879999756813049,0.1582999974489212
YIL110W,YNL227C,0,-4.7164507,0.3841368556022644,0.9879999756813049,0.15839999914169312
YGR002C,YKL096W,0,-4.7173085,0.38398757576942444,0.9879999756813049,0.15850000083446503
YJL012C,YOR192C-B,0,-4.7183022,0.38383838534355164,0.9879999756813049,0.15860000252723694
YGR046W,YFL011W-A,0,-4.718523,0.3836893141269684,0.9879999756813049,0.15870000422000885
YDR073W,YPL106C,0,-4.718815,0.3835403621196747,0.9879999756813049,0.15880000591278076
YPL281C,YHR046C,0,-4.7195954,0.38339152932167053,0.9879999756813049,0.15889999270439148
YBR023C,YCR023C,0,-4.720263,0.38324281573295593,0.9879999756813049,0.1589999943971634
YJL057C,YJL148W,0,-4.7203097,0.3830942213535309,0.9879999756813049,0.1590999960899353
YBR112C,YOR343W-B,0,-4.7217565,0.3829457461833954,0.9879999756813049,0.15919999778270721
YJL108C,YAR071W,0,-4.7222843,0.38279736042022705,0.9879999756813049,0.15929999947547913
YNL132W,YJL093C,0,-4.7237325,0.38264912366867065,0.9879999756813049,0.15940000116825104
YDR261W-A,YHR150W,0,-4.725654,0.3825009763240814,0.9879999756813049,0.15950000286102295
YKR088C,YDR034W-B,0,-4.725885,0.38235294818878174,0.9879999756813049,0.15960000455379486
YOL093W,YOR192C-B,0,-4.727123,0.3822050392627716,0.9879999756813049,0.15970000624656677
YOL045W,YPL113C,0,-4.728911,0.38205721974372864,0.9879999756813049,0.1597999930381775
YLR221C,YDR484W,0,-4.7293205,0.3819095492362976,0.9879999756813049,0.1598999947309494
YLR442C,YFL002W-A,0,-4.7295055,0.38176196813583374,0.9879999756813049,0.1599999964237213
YCL020W,YLL036C,0,-4.730219,0.3816145360469818,0.9879999756813049,0.16009999811649323
YNL284C-B,YNR066C,0,-4.7319055,0.38146719336509705,0.9879999756813049,0.16019999980926514
YER114C,YDR370C,0,-4.732531,0.38131994009017944,0.9879999756813049,0.16030000150203705
YLR115W,YHL015W,0,-4.732789,0.3811728358268738,0.9879999756813049,0.16040000319480896
YLR173W,YDR469W,0,-4.732899,0.38102585077285767,0.9879999756813049,0.16050000488758087
YDR531W,YDL241W,0,-4.732922,0.3808789551258087,0.9879999756813049,0.16060000658035278
YHL050C,YOR323C,0,-4.733044,0.3807321786880493,0.9879999756813049,0.1606999933719635
YER056C-A,YNL054W-A,0,-4.7330484,0.38058552145957947,0.9879999756813049,0.1607999950647354
YGR178C,YML040W,0,-4.7339516,0.3804389536380768,0.9879999756813049,0.16089999675750732
YOL103W-B,YML088W,0,-4.7346296,0.38029253482818604,0.9879999756813049,0.16099999845027924
YDR210W-A,YOL055C,0,-4.7351694,0.38014620542526245,0.9879999756813049,0.16110000014305115
YLR256W-A,YNL284C-B,0,-4.7352805,0.3799999952316284,0.9879999756813049,0.16120000183582306
YJL131C,YLR189C,0,-4.735837,0.37985390424728394,0.9879999756813049,0.16130000352859497
YGL086W,YOR032W-A,0,-4.735983,0.3797079026699066,0.9879999756813049,0.16140000522136688
YDR541C,YGL194C-A,0,-4.735983,0.37956205010414124,0.9879999756813049,0.1615000069141388
YML045W-A,YLR117C,0,-4.735983,0.379416286945343,0.9879999756813049,0.1615999937057495
YML045W-A,YMR094W,0,-4.735983,0.37927064299583435,0.9879999756813049,0.16169999539852142
YBR019C,YJL127C-A,0,-4.735983,0.37912508845329285,0.9879999756813049,0.16179999709129333
YPR170W-B,YBR021W,0,-4.735983,0.3789796829223633,0.9879999756813049,0.16189999878406525
YHR212W-A,YFL031W,0,-4.735983,0.3788343667984009,0.9879999756813049,0.16200000047683716
YDR210W-C,YDR057W,0,-4.735983,0.37868914008140564,0.9879999756813049,0.16210000216960907
YOL119C,YJL133C-A,0,-4.735983,0.37854406237602234,0.9879999756813049,0.16220000386238098
YDR119W-A,YOR066W,0,-4.735983,0.3783990740776062,0.9879999756813049,0.1623000055551529
YNL024C-A,YOR216C,0,-4.735983,0.3782542049884796,0.9879999756813049,0.1624000072479248
YPR170W-B,YAL001C,0,-4.735983,0.3781094551086426,0.9879999756813049,0.16249999403953552
YHR011W,YBL008W-A,0,-4.735983,0.3779647946357727,0.9879999756813049,0.16259999573230743
YBL022C,YNL024C-A,0,-4.735983,0.3778202533721924,0.9879999756813049,0.16269999742507935
YMR194C-B,YIR035C,0,-4.735983,0.3776758313179016,0.9879999756813049,0.16279999911785126
YBL008W-A,YCL005W,0,-4.735983,0.3775315284729004,0.9879999756813049,0.16290000081062317
YCL048W-A,YKR001C,0,-4.735983,0.37738731503486633,0.9879999756813049,0.16300000250339508
YPL189C-A,YOL157C,0,-4.735983,0.3772432208061218,0.9879999756813049,0.163100004196167
YPL256C,YGL194C-A,0,-4.735983,0.37709924578666687,0.9879999756813049,0.1632000058889389
YGR165W,YGL194C-A,0,-4.735983,0.3769553601741791,0.9879999756813049,0.16329999268054962
YBR196C-A,YIL047C,0,-4.735983,0.37681159377098083,0.9879999756813049,0.16339999437332153
YOR032W-A,YNR019W,0,-4.735983,0.37666794657707214,0.9879999756813049,0.16349999606609344
YJR112W-A,YNR066C,0,-4.735983,0.3765243887901306,0.9879999756813049,0.16359999775886536
YJR104C,YDR381C-A,0,-4.735983,0.37638095021247864,0.9879999756813049,0.16369999945163727
YMR194C-B,YDL220C,0,-4.735983,0.3762376308441162,0.9879999756813049,0.16380000114440918
YDL156W,YOR032W-A,0,-4.735983,0.37609440088272095,0.9879999756813049,0.1639000028371811
YNL204C,YBL101W-A,0,-4.735983,0.37595129013061523,0.9879999756813049,0.164000004529953
YGR109W-A,YDR346C,0,-4.735983,0.3758082985877991,0.9879999756813049,0.16410000622272491
YMR172W,YCR075W-A,0,-4.735983,0.3756653964519501,0.9879999756813049,0.16419999301433563
YKR099C-A,YPR097W,0,-4.735983,0.3755226135253906,0.9879999756813049,0.16429999470710754
YPR118W,YHL009W-A,0,-4.735983,0.3753799498081207,0.9879999756813049,0.16439999639987946
YPR170W-B,YOR191W,0,-4.735983,0.375237375497818,0.9879999756813049,0.16449999809265137
YJR141W,YLR337W,0,-4.735983,0.3750949203968048,0.9879999756813049,0.16459999978542328
YPL094C,YGL194C-A,0,-4.735983,0.3749525547027588,0.9879999756813049,0.1647000014781952
YCL048W-A,YKL138C-A,0,-4.735983,0.3748103082180023,0.9879999756813049,0.1648000031709671
YDR524C,YJL133C-A,0,-4.735983,0.3746681809425354,0.9879999756813049,0.164900004863739
YDR210W-C,YCL005W-A,0,-4.735983,0.37452614307403564,0.9879999756813049,0.16500000655651093
YGL223C,YJR107C-A,0,-4.735983,0.37438422441482544,0.9879999756813049,0.16509999334812164
YHR212W-A,YMR212C,0,-4.735983,0.3742424249649048,0.9879999756813049,0.16519999504089355
YBL101W-A,YNL055C,0,-4.735983,0.3741007149219513,0.9879999756813049,0.16529999673366547
YCR029C-A,YDR210W-A,0,-4.735983,0.37395912408828735,0.9879999756813049,0.16539999842643738
YGR169C-A,YJR096W,0,-4.735983,0.3738176226615906,0.9879999756813049,0.1655000001192093
YDR348C,YOR192C-B,0,-4.735983,0.37367624044418335,0.9879999756813049,0.1656000018119812
YDR034C-D,YDR127W,0,-4.735983,0.3735349774360657,0.9879999756813049,0.1657000035047531
YJR006W,YOR020W-A,0,-4.735983,0.37339380383491516,0.9879999756813049,0.16580000519752502
YHR214W-G,YDR534C,0,-4.735983,0.3732527494430542,0.9879999756813049,0.16590000689029694
YCR028C-A,YJR112W-A,0,-4.735983,0.3731117844581604,0.9879999756813049,0.16599999368190765
YDR524C-B,YBR019C,0,-4.735983,0.37297093868255615,0.9879999756813049,0.16609999537467957
YKR075C,YBR111W-A,0,-4.735983,0.37283018231391907,0.9879999756813049,0.16619999706745148
YBL039W-A,YKR056W,0,-4.735983,0.37268954515457153,0.9879999756813049,0.1662999987602234
YKL183W,YDR381C-A,0,-4.735983,0.37254902720451355,0.9879999756813049,0.1664000004529953
YGR169C-C,YOR363C,0,-4.735983,0.37240859866142273,0.9879999756813049,0.1665000021457672
YBL103C-A,YBL055C,0,-4.735983,0.3722682595252991,0.9879999756813049,0.16660000383853912
YOR019W,YLR154W-A,0,-4.735983,0.37212806940078735,0.9879999756813049,0.16670000553131104
YHR212W-A,YJR113C,0,-4.735983,0.3719879388809204,0.9879999756813049,0.16680000722408295
YAR028W,YMR194C-B,0,-4.735983,0.3718479573726654,0.9879999756813049,0.16689999401569366
YBL024W,YOR020W-A,0,-4.735983,0.37170806527137756,0.9879999756813049,0.16699999570846558
YCL048W-A,YKL222C,0,-4.735983,0.3715682625770569,0.9879999756813049,0.1670999974012375
YFR025C,YJR107C-A,0,-4.735983,0.37142857909202576,0.9879999756813049,0.1671999990940094
YMR121C,YBL101W-A,0,-4.735983,0.3712889850139618,0.9879999756813049,0.1673000007867813
YPL088W,YPR170W-B,0,-4.735983,0.3711495101451874,0.9879999756813049,0.16740000247955322
YPR056W,YGR169C-C,0,-4.735983,0.3710101246833801,0.9879999756813049,0.16750000417232513
YDR150W,YGR169C-C,0,-4.735983,0.3708708584308624,0.9879999756813049,0.16760000586509705
YMR272W-B,YIL094C,0,-4.735983,0.3707317113876343,0.9879999756813049,0.16769999265670776
YMR158W,YCR075W-A,0,-4.735983,0.3705926537513733,0.9879999756813049,0.16779999434947968
YPR019W,YNL024C-A,0,-4.735983,0.37045368552207947,0.9879999756813049,0.1678999960422516
YER179W,YDR381C-A,0,-4.735983,0.3703148365020752,0.9879999756813049,0.1679999977350235
YLR406C-A,YGR059W,0,-4.735983,0.3701761066913605,0.9879999756813049,0.1680999994277954
YML082W,YAR070W-A,0,-4.735983,0.3700374662876129,0.9879999756813049,0.16820000112056732
YMR133W,YML045W-A,0,-4.735983,0.3698989152908325,0.9879999756813049,0.16830000281333923
YLR381W,YGL194C-A,0,-4.735983,0.3697604835033417,0.9879999756813049,0.16840000450611115
YBL039W-A,YGL064C,0,-4.735983,0.369622141122818,0.9879999756813049,0.16850000619888306
YDR524C-B,YBR200W-A,0,-4.735983,0.36948391795158386,0.9879999756813049,0.16859999299049377
YAL041W,YGR169C-C,0,-4.735983,0.3693457841873169,0.9879999756813049,0.16869999468326569
YDL139C,YGL194C-A,0,-4.735983,0.3692077696323395,0.9879999756813049,0.1687999963760376
YLL007C,YKR095W-A,0,-4.735983,0.3690698444843292,0.9879999756813049,0.1688999980688095
YLR013W,YGR161W-B,0,-4.735983,0.3689320385456085,0.9879999756813049,0.16899999976158142
YPR170W-B,YPL116W,0,-4.735983,0.368794322013855,0.9879999756813049,0.16910000145435333
YPR103W,YJR107C-A,0,-4.735983,0.368656724691391,0.9879999756813049,0.16920000314712524
YDR524C-B,YKR065C,0,-4.735983,0.36851921677589417,0.9879999756813049,0.16930000483989716
YML045W-A,YIL093C,0,-4.735983,0.3683817982673645,0.9879999756813049,0.16940000653266907
YML040W,YBL039W-B,0,-4.735983,0.3682444989681244,0.9879999756813049,0.16949999332427979
YGL259W,YHL009W-B,0,-4.735983,0.36810728907585144,0.9879999756813049,0.1695999950170517
YFL013C,YBR196C-A,0,-4.735983,0.36797019839286804,0.9879999756813049,0.1696999967098236
YIL158W,YBL101W-A,0,-4.735983,0.3678331971168518,0.9879999756813049,0.16979999840259552
YDL007W,YNL024C-A,0,-4.735983,0.3676963150501251,0.9879999756813049,0.16990000009536743
YOL047C,YLR312C-B,0,-4.735983,0.3675595223903656,0.9879999756813049,0.17000000178813934
YBL008W-A,YHR079C-A,0,-4.735983,0.36742281913757324,0.9879999756813049,0.17010000348091125
YDR524C-B,YOR264W,0,-4.735983,0.36728623509407043,0.9879999756813049,0.17020000517368317
YKR099C-A,YNL054W-A,0,-4.735983,0.3671497702598572,0.9879999756813049,0.17030000686645508
YER108C,YGL101W,0,-4.735983,0.3670133650302887,0.9879999756813049,0.1703999936580658
YPR036W-A,YGR058W,0,-4.735983,0.36687707901000977,0.9879999756813049,0.1704999953508377
YGL194C-A,YER073W,0,-4.735983,0.3667409121990204,0.9879999756813049,0.17059999704360962
YOL086W-A,YGL194C-A,0,-4.735983,0.36660483479499817,0.9879999756813049,0.17069999873638153
YLR403W,YDR119W-A,0,-4.735983,0.3664688467979431,0.9879999756813049,0.17080000042915344
YBR111W-A,YIR035C,0,-4.735983,0.3663329482078552,0.9879999756813049,0.17090000212192535
YNL284C-A,YBL027W,0,-4.735983,0.3661971688270569,0.9879999756813049,0.17100000381469727
YHR214W-G,YOR032C,0,-4.735983,0.3660615086555481,0.9879999756813049,0.17110000550746918
YPR153W,YAR070W-A,0,-4.735983,0.36592593789100647,0.9879999756813049,0.1712000072002411
YGL130W,YHL009W-A,0,-4.735983,0.365790456533432,0.9879999756813049,0.1712999939918518
YHR214C-C,YKL158W,0,-4.735983,0.3656550645828247,0.9879999756813049,0.17139999568462372
YIL089W,YFL035C-A,0,-4.735983,0.36551979184150696,0.9879999756813049,0.17149999737739563
YBR020W,YMR194C-B,0,-4.735983,0.36538460850715637,0.9879999756813049,0.17159999907016754
YLR448W,YNL024C-A,0,-4.735983,0.36524954438209534,0.9879999756813049,0.17170000076293945
YLR356W,YAR070W-A,0,-4.735983,0.36511456966400146,0.9879999756813049,0.17180000245571136
YOR088W,YER160C,0,-4.735983,0.36497968435287476,0.9879999756813049,0.17190000414848328
YCL060C,YJL133C-A,0,-4.735983,0.3648449182510376,0.9879999756813049,0.1720000058412552
YLR187W,YDR210W-D,0,-4.735983,0.3647102117538452,0.9879999756813049,0.1720999926328659
YOR088W,YIL102C-A,0,-4.735983,0.36457565426826477,0.9879999756813049,0.17219999432563782
YPR170W-B,YLR072W,0,-4.735983,0.3644411563873291,0.9879999756813049,0.17229999601840973
YGR169C-C,YFL031W,0,-4.735983,0.364306777715683,0.9879999756813049,0.17239999771118164
YBL039W-A,YBR039W,0,-4.735983,0.36417248845100403,0.9879999756813049,0.17249999940395355
YDR098C-A,YER074W-A,0,-4.735983,0.3640383183956146,0.9879999756813049,0.17260000109672546
YHR212W-A,YDR059C,0,-4.735983,0.3639042377471924,0.9879999756813049,0.17270000278949738
YBR119W,YGL194C-A,0,-4.735983,0.3637702465057373,0.9879999756813049,0.1728000044822693
YLR406C-A,YJR094W-A,0,-4.735983,0.3636363744735718,0.9879999756813049,0.1729000061750412
YKL158W,YGL108C,0,-4.735983,0.363502562046051,0.9879999756813049,0.17299999296665192
YCR075W-A,YAL032C,0,-4.735983,0.3633688986301422,0.9879999756813049,0.17309999465942383
YPR105C,YMR247W-A,0,-4.735983,0.3632352948188782,0.9879999756813049,0.17319999635219574
YCL048W-A,YER176W,0,-4.735983,0.3631018102169037,0.9879999756813049,0.17329999804496765
YBR233W-A,YMR051C,0,-4.735983,0.36296841502189636,0.9879999756813049,0.17339999973773956
YNL024C-A,YHR103W,0,-4.735983,0.3628351092338562,0.9879999756813049,0.17350000143051147
YOR343C-A,YDL161W,0,-4.735983,0.3627019226551056,0.9879999756813049,0.1736000031232834
YMR294W,YBR200W-A,0,-4.735983,0.36256879568099976,0.9879999756813049,0.1737000048160553
YHR053C,YMR247W-A,0,-4.735983,0.36243581771850586,0.9879999756813049,0.1738000065088272
YBL039W-A,YBL041W,0,-4.735983,0.36230289936065674,0.9879999756813049,0.17389999330043793
YOL136C,YDR524C-B,0,-4.735983,0.36217010021209717,0.9879999756813049,0.17399999499320984
YMR272W-B,YGR023W,0,-4.735983,0.36203739047050476,0.9879999756813049,0.17409999668598175
YDR210W-C,YDL002C,0,-4.735983,0.3619047701358795,0.9879999756813049,0.17419999837875366
YGL026C,YPR036W-A,0,-4.735983,0.36177223920822144,0.9879999756813049,0.17430000007152557
YKL008C,YMR194C-B,0,-4.735983,0.3616398274898529,0.9879999756813049,0.17440000176429749
YOR343C-A,YDR353W,0,-4.735983,0.36150750517845154,0.9879999756813049,0.1745000034570694
YDR119W-A,YBR202W,0,-4.735983,0.36137527227401733,0.9879999756813049,0.1746000051498413
YEL030W,YHL009W-A,0,-4.735983,0.3612431585788727,0.9879999756813049,0.17470000684261322
YDR261W-A,YDR349C,0,-4.735983,0.3611111044883728,0.9879999756813049,0.17479999363422394
YHR214W-G,YCR073C,0,-4.735983,0.3609791696071625,0.9879999756813049,0.17489999532699585
YBR196C-A,YER169W,0,-4.735983,0.3608473241329193,0.9879999756813049,0.17499999701976776
YAR070W-A,YJL101C,0,-4.735983,0.3607155978679657,0.9879999756813049,0.17509999871253967
YFL005W,YHL009W-A,0,-4.735983,0.36058393120765686,0.9879999756813049,0.17520000040531158
YKL013C,YBR200W-A,0,-4.735983,0.3604523837566376,0.9879999756813049,0.1753000020980835
YBR279W,YOR020W-A,0,-4.735983,0.36032092571258545,0.9879999756813049,0.1754000037908554
YPR036W-A,YKL012W,0,-4.735983,0.3601895868778229,0.9879999756813049,0.17550000548362732
YOR057W,YIL102C-A,0,-4.735983,0.3600583076477051,0.9879999756813049,0.17560000717639923
YHR212W-A,YER165W,0,-4.735983,0.35992714762687683,0.9879999756813049,0.17569999396800995
YDR210W-C,YDR128W,0,-4.735983,0.35979607701301575,0.9879999756813049,0.17579999566078186
YNL079C,YIL102C-A,0,-4.735983,0.3596650958061218,0.9879999756813049,0.17589999735355377
YLR386W,YLR406C-A,0,-4.735983,0.35953420400619507,0.9879999756813049,0.17599999904632568
YGR027W-A,YBR200W-A,0,-4.735983,0.35940343141555786,0.9879999756813049,0.1761000007390976
YAR070W-A,YDR522C,0,-4.735983,0.35927271842956543,0.9879999756813049,0.1762000024318695
YER074W-A,YLL066C,0,-4.735983,0.35914212465286255,0.9879999756813049,0.17630000412464142
YDR378C,YOR020W-A,0,-4.735983,0.35901162028312683,0.9879999756813049,0.17640000581741333
YGR031C-A,YOR142W-A,0,-4.735983,0.35888123512268066,0.9879999756813049,0.17649999260902405
YBR196C-A,YDR399W,0,-4.735983,0.3587509095668793,0.9879999756813049,0.17659999430179596
YBL008W-A,YGL063W,0,-4.735983,0.35862070322036743,0.9879999756813049,0.17669999599456787
YOR262W,YNL024C-A,0,-4.735983,0.35849055647850037,0.9879999756813049,0.17679999768733978
YGR169C-A,YJR111C,0,-4.735983,0.35836052894592285,0.9879999756813049,0.1768999993801117
YLR406C-A,YOL058W,0,-4.735983,0.3582305908203125,0.9879999756813049,0.1770000010728836
YOR343C-A,YBR084C-A,0,-4.735983,0.3581007719039917,0.9879999756813049,0.17710000276565552
YDR090C,YGL194C-A,0,-4.735983,0.3579710125923157,0.9879999756813049,0.17720000445842743
YCR069W,YOR032W-A,0,-4.735983,0.3578413724899292,0.9879999756813049,0.17730000615119934
YBL101W-A,YGL025C,0,-4.735983,0.3577117919921875,0.9879999756813049,0.17739999294281006
YCL048W-A,YOL153C,0,-4.735983,0.35758233070373535,0.9879999756813049,0.17749999463558197
YDL141W,YBR200W-A,0,-4.735983,0.35745295882225037,0.9879999756813049,0.17759999632835388
YPL236C,YBR200W-A,0,-4.735983,0.35732367634773254,0.9879999756813049,0.1776999980211258
YNL335W,YOR020W-A,0,-4.735983,0.3571945130825043,0.9879999756813049,0.1777999997138977
YDR320C-A,YBL008W-A,0,-4.735983,0.3570654094219208,0.9879999756813049,0.17790000140666962
YBR012W-B,YMR247W-A,0,-4.735983,0.35693642497062683,0.9879999756813049,0.17800000309944153
YML045W-A,YGL216W,0,-4.735983,0.35680750012397766,0.9879999756813049,0.17810000479221344
YOR330C,YDR210W-C,0,-4.735983,0.35667869448661804,0.9879999756813049,0.17820000648498535
YOR343C-A,YGR004W,0,-4.735983,0.3565499782562256,0.9879999756813049,0.17829999327659607
YCL048W-A,YPR027C,0,-4.735983,0.3564213514328003,0.9879999756813049,0.17839999496936798
YNL134C,YJL127C-A,0,-4.735983,0.35629281401634216,0.9879999756813049,0.1784999966621399
YNL284C-A,YIL047C,0,-4.735983,0.3561643958091736,0.9879999756813049,0.1785999983549118
YKL073W,YDR210W-C,0,-4.735983,0.3560360372066498,0.9879999756813049,0.17870000004768372
YLR406C-A,YER053C-A,0,-4.735983,0.35590776801109314,0.9879999756813049,0.17880000174045563
YJR026W,YGL210W-A,0,-4.735983,0.35577961802482605,0.9879999756813049,0.17890000343322754
YBL008W-A,YLR363C,0,-4.735983,0.3556515574455261,0.9879999756813049,0.17900000512599945
YER074W-A,YLR446W,0,-4.735983,0.35552355647087097,0.9879999756813049,0.17910000681877136
YHR212W-A,YDR522C,0,-4.735983,0.35539567470550537,0.9879999756813049,0.17919999361038208
YLR406C-A,YDR292C,0,-4.735983,0.35526788234710693,0.9879999756813049,0.179299995303154
YBL008W-A,YAL003W,0,-4.735983,0.35514017939567566,0.9879999756813049,0.1793999969959259
YDR119W-A,YGL098W,0,-4.735983,0.35501256585121155,0.9879999756813049,0.17949999868869781
YCR075W-A,YPL220W,0,-4.735983,0.354885071516037,0.9879999756813049,0.17960000038146973
YER163C,YJR107C-A,0,-4.735983,0.3547576367855072,0.9879999756813049,0.17970000207424164
YFL035C-A,YHL012W,0,-4.735983,0.3546302914619446,0.9879999756813049,0.17980000376701355
YLR157C-A,YBR127C,0,-4.735983,0.3545030355453491,0.9879999756813049,0.17990000545978546
YHR039C-B,YHL009W-A,0,-4.735983,0.3543758988380432,0.9879999756813049,0.18000000715255737
YDR381C-A,YER105C,0,-4.735983,0.3542488217353821,0.9879999756813049,0.1800999939441681
YLR337W,YHR173C,0,-4.735983,0.3541218638420105,0.9879999756813049,0.18019999563694
YGR144W,YGL194C-A,0,-4.735983,0.3539949953556061,0.9879999756813049,0.18029999732971191
YBR196C-A,YIL172C,0,-4.735983,0.35386818647384644,0.9879999756813049,0.18039999902248383
YOR021C,YFL011W-A,0,-4.735983,0.35374149680137634,0.9879999756813049,0.18050000071525574
YML045W-A,YGL032C,0,-4.735983,0.3536148965358734,0.9879999756813049,0.18060000240802765
YDR210W-D,YLR011W,0,-4.735983,0.35348838567733765,0.9879999756813049,0.18070000410079956
YOR343C-A,YDR347W,0,-4.735983,0.35336193442344666,0.9879999756813049,0.18080000579357147
YOR128C,YBR200W-A,0,-4.735983,0.3532356023788452,0.9879999756813049,0.1808999925851822
YCL048W-A,YLR027C,0,-4.735983,0.35310935974121094,0.9879999756813049,0.1809999942779541
YIL102C-A,YLR090W,0,-4.735983,0.3529832065105438,0.9879999756813049,0.181099995970726
YJL114W,YJL133C-A,0,-4.735983,0.35285714268684387,0.9879999756813049,0.18119999766349792
YNR056C,YCR075W-A,0,-4.735983,0.3527311682701111,0.9879999756813049,0.18129999935626984
YDR210W-C,YCL056C,0,-4.735983,0.35260528326034546,0.9879999756813049,0.18140000104904175
YLR297W,YMR247W-A,0,-4.735983,0.352479487657547,0.9879999756813049,0.18150000274181366
YNR007C,YGL194C-A,0,-4.735983,0.3523537814617157,0.9879999756813049,0.18160000443458557
YPR170W-B,YOR278W,0,-4.735983,0.35222816467285156,0.9879999756813049,0.18170000612735748
YCL048W-A,YER063W,0,-4.735983,0.3521026372909546,0.9879999756813049,0.1817999929189682
YCL048W-A,YPL032C,0,-4.735983,0.3519771993160248,0.9879999756813049,0.1818999946117401
YMR194C-B,YIL127C,0,-4.735983,0.35185185074806213,0.9879999756813049,0.18199999630451202
YPL171C,YBR196C-A,0,-4.735983,0.35172659158706665,0.9879999756813049,0.18209999799728394
YDR210W-C,YML060W,0,-4.735983,0.35160142183303833,0.9879999756813049,0.18219999969005585
YBL008W-A,YDR403W,0,-4.735983,0.3514763414859772,0.9879999756813049,0.18230000138282776
YER108C,YLL054C,0,-4.735983,0.3513513505458832,0.9879999756813049,0.18240000307559967
YBR241C,YDR210W-C,0,-4.735983,0.35122644901275635,0.9879999756813049,0.18250000476837158
YPR170W-B,YNL180C,0,-4.735983,0.3511016368865967,0.9879999756813049,0.1826000064611435
YIL102C-A,YKL145W,0,-4.735983,0.3509769141674042,0.9879999756813049,0.1826999932527542
YOR020W-A,YGL107C,0,-4.735983,0.35085228085517883,0.9879999756813049,0.18279999494552612
YBR156C,YGR169C-C,0,-4.735983,0.35072773694992065,0.9879999756813049,0.18289999663829803
YLR312C-B,YDL073W,0,-4.735983,0.35060325264930725,0.9879999756813049,0.18299999833106995
YKL007W,YOR343C-A,0,-4.735983,0.3504788875579834,0.9879999756813049,0.18310000002384186
YKR037C,YDR210W-D,0,-4.735983,0.3503546118736267,0.9879999756813049,0.18320000171661377
YPR170W-B,YEL005C,0,-4.735983,0.3502304255962372,0.9879999756813049,0.18330000340938568
YLR406C-A,YDR174W,0,-4.735983,0.35010629892349243,0.9879999756813049,0.1834000051021576
YMR067C,YGR031C-A,0,-4.7361436,0.34998229146003723,0.9879999756813049,0.1835000067949295
YBL059W,YML050W,0,-4.738527,0.3498583436012268,0.9879999756813049,0.18359999358654022
YJL221C,YNR046W,0,-4.738835,0.34973451495170593,0.9879999756813049,0.18369999527931213
YPR094W,YGR161C-D,0,-4.7394433,0.34961074590682983,0.9879999756813049,0.18379999697208405
YEL050C,YGR038C-A,0,-4.7403007,0.3494870960712433,0.9879999756813049,0.18389999866485596
YGR082W,YGL020C,0,-4.7403436,0.3493635058403015,0.9879999756813049,0.18400000035762787
YGR112W,YOR343W-B,0,-4.740701,0.3492400050163269,0.9879999756813049,0.18410000205039978
YLR063W,YDR022C,0,-4.7412,0.34911659359931946,0.9879999756813049,0.1842000037431717
YDL091C,YDL156W,0,-4.741427,0.34899330139160156,0.9879999756813049,0.1843000054359436
YKL218C,YBR083W,0,-4.742164,0.34887006878852844,0.9879999756813049,0.18440000712871552
YBR220C,YOR260W,0,-4.7424197,0.3487469255924225,0.9879999756813049,0.18449999392032623
YBR086C,YLR286C,0,-4.7425914,0.3486238420009613,0.9879999756813049,0.18459999561309814
YOR176W,YCR024C,0,-4.742671,0.3485008776187897,0.9879999756813049,0.18469999730587006
YBR149W,YLR337C,0,-4.743372,0.3483780026435852,0.9879999756813049,0.18479999899864197
YNL067W,YDR313C,0,-4.7437215,0.3482551872730255,0.9879999756813049,0.18490000069141388
YIL133C,YCL032W,0,-4.744577,0.34813249111175537,0.9879999756813049,0.1850000023841858
YFR053C,YDR093W,0,-4.744734,0.34800985455513,0.9879999756813049,0.1851000040769577
YHR128W,YHR191C,0,-4.74495,0.3478873372077942,0.9879999756813049,0.18520000576972961
YPL117C,YOR142W-A,0,-4.7455716,0.34776487946510315,0.9879999756813049,0.18529999256134033
YDL107W,YDR316W-B,0,-4.7455916,0.3476425111293793,0.9879999756813049,0.18539999425411224
YBR269C,YOR192C-B,0,-4.7463317,0.34752023220062256,0.9879999756813049,0.18549999594688416
YPL151C,YHR039C-B,0,-4.74653,0.347398042678833,0.9879999756813049,0.18559999763965607
YBR108W,YIL150C,0,-4.748421,0.34727591276168823,0.9879999756813049,0.18569999933242798
YJL160C,YPL111W,0,-4.7488766,0.347153902053833,0.9879999756813049,0.1858000010251999
YKL110C,YML012W,0,-4.750941,0.34703195095062256,0.9879999756813049,0.1859000027179718
YNL054W-A,YML118W,0,-4.751908,0.34691011905670166,0.9879999756813049,0.1860000044107437
YBL090W,YLR154W-A,0,-4.751967,0.34678834676742554,0.9879999756813049,0.18610000610351562
YCL056C,YOL102C,0,-4.7527413,0.3466666638851166,0.9879999756813049,0.18619999289512634
YML029W,YGR264C,0,-4.753197,0.3465450704097748,0.9879999756813049,0.18629999458789825
YHR141C,YOR278W,0,-4.7533603,0.34642356634140015,0.9879999756813049,0.18639999628067017
YGR054W,YAL034W-A,0,-4.753738,0.3463021516799927,0.9879999756813049,0.18649999797344208
YBL020W,YDR139C,0,-4.753814,0.34618079662323,0.9879999756813049,0.186599999666214
YML106W,YLR138W,0,-4.7543125,0.34605953097343445,0.9879999756813049,0.1867000013589859
YPL183W-A,YIL027C,0,-4.75534,0.34593838453292847,0.9879999756813049,0.1868000030517578
YDR316W-A,YJR153W,0,-4.758083,0.34581729769706726,0.9879999756813049,0.18690000474452972
YMR015C,YML040W,0,-4.758122,0.3456963002681732,0.9879999756813049,0.18700000643730164
YER086W,YFL011W-A,0,-4.7585726,0.34557536244392395,0.9879999756813049,0.18709999322891235
YPL204W,YPR158C-C,0,-4.759469,0.34545454382896423,0.9879999756813049,0.18719999492168427
YLR080W,YLR284C,0,-4.7604127,0.3453337848186493,0.9879999756813049,0.18729999661445618
YDR034C-D,YDL110C,0,-4.760993,0.3452131450176239,0.9879999756813049,0.1873999983072281
YBR288C,YJR159W,0,-4.7615805,0.3450925648212433,0.9879999756813049,0.1875
YNR067C,YIL066C,0,-4.7623067,0.34497207403182983,0.9879999756813049,0.1876000016927719
YAL026C,YFR029W,0,-4.7641215,0.34485167264938354,0.9879999756813049,0.18770000338554382
YCR084C,YBR104W,0,-4.764563,0.34473133087158203,0.9879999756813049,0.18780000507831573
YPR169W,YIL121W,0,-4.7645907,0.3446110785007477,0.9879999756813049,0.18790000677108765
YPR108W,YGR093W,0,-4.7648983,0.3444909453392029,0.9879999756813049,0.18799999356269836
YOR096W,YAL003W,0,-4.7651916,0.34437087178230286,0.9879999756813049,0.18809999525547028
YER155C,YLR283W,0,-4.76622,0.3442508578300476,0.9879999756813049,0.1881999969482422
YAL030W,YDL021W,0,-4.766496,0.3441309630870819,0.9879999756813049,0.1882999986410141
YKL081W,YOR117W,0,-4.766642,0.344011127948761,0.9879999756813049,0.188400000333786
YOL075C,YGR264C,0,-4.767442,0.3438914120197296,0.9879999756813049,0.18850000202655792
YLR183C,YML040W,0,-4.7678947,0.343771755695343,0.9879999756813049,0.18860000371932983
YPR057W,YHL004W,0,-4.7685604,0.3436521887779236,0.9879999756813049,0.18870000541210175
YDR258C,YHL011C,0,-4.7697425,0.3435326814651489,0.9879999756813049,0.18880000710487366
YKL057C,YBR235W,0,-4.7705045,0.34341326355934143,0.9879999756813049,0.18889999389648438
YDL237W,YMR006C,0,-4.7710433,0.3432939648628235,0.9879999756813049,0.1889999955892563
YLR144C,YPL163C,0,-4.7722826,0.3431747257709503,0.9879999756813049,0.1890999972820282
YOL159C,YLR410W-B,0,-4.7728114,0.3430555462837219,0.9879999756813049,0.1891999989748001
YMR070W,YGR244C,0,-4.773673,0.3429364860057831,0.9879999756813049,0.18930000066757202
YDR210W-B,YKL179C,0,-4.774406,0.342817485332489,0.9879999756813049,0.18940000236034393
YML097C,YPR082C,0,-4.7768445,0.3426985740661621,0.9879999756813049,0.18950000405311584
YMR305C,YNL289W,0,-4.7774014,0.34257975220680237,0.9879999756813049,0.18960000574588776
YIL176C,YCR095C,0,-4.779118,0.3424610197544098,0.9879999756813049,0.18970000743865967
YLR256W-A,YGL197W,0,-4.7791877,0.342342346906662,0.9879999756813049,0.18979999423027039
YLR010C,YGR189C,0,-4.779571,0.34222376346588135,0.9879999756813049,0.1898999959230423
YLR405W,YJR099W,0,-4.779716,0.34210526943206787,0.9879999756813049,0.1899999976158142
YDR079W,YHR199C-A,0,-4.781236,0.34198683500289917,0.9879999756813049,0.19009999930858612
YGR031C-A,YJR005W,0,-4.7813907,0.34186851978302,0.9879999756813049,0.19020000100135803
YDL134C,YPR068C,0,-4.781855,0.34175026416778564,0.9879999756813049,0.19030000269412994
YDR210W-A,YIR038C,0,-4.7823215,0.34163209795951843,0.9879999756813049,0.19040000438690186
YDR487C,YOL103W-A,0,-4.7823486,0.341513991355896,0.9879999756813049,0.19050000607967377
YML106W,YGL063W,0,-4.7824044,0.3413960039615631,0.9879999756813049,0.19059999287128448
YDL042C,YLR183C,0,-4.783363,0.341278076171875,0.9879999756813049,0.1906999945640564
YPL028W,YKL174C,0,-4.783719,0.34116020798683167,0.9879999756813049,0.1907999962568283
YKL071W,YGR027W-A,0,-4.784658,0.3410424590110779,0.9879999756813049,0.19089999794960022
YJR120W,YNL080C,0,-4.7848134,0.34092476963996887,0.9879999756813049,0.19099999964237213
YBR294W,YNR066C,0,-4.7850795,0.340807169675827,0.9879999756813049,0.19110000133514404
YHL024W,YDR281C,0,-4.7860913,0.34068965911865234,0.9879999756813049,0.19120000302791595
YDR510W,YDR056C,0,-4.7862697,0.34057220816612244,0.9879999756813049,0.19130000472068787
YBR028C,YLR221C,0,-4.7870927,0.3404548466205597,0.9879999756813049,0.19140000641345978
YOR192C-A,YLR213C,0,-4.7876,0.3403375744819641,0.9879999756813049,0.1914999932050705
YPR029C,YBR068C,0,-4.7890525,0.3402203917503357,0.9879999756813049,0.1915999948978424
YKL163W,YFL054C,0,-4.7899337,0.34010326862335205,0.9879999756813049,0.19169999659061432
YBR254C,YIL082W-A,0,-4.7899795,0.33998623490333557,0.9879999756813049,0.19179999828338623
YMR306W,YDL112W,0,-4.790318,0.33986929059028625,0.9879999756813049,0.19189999997615814
YMR268W-A,YNL258C,0,-4.7903438,0.3397524058818817,0.9879999756813049,0.19200000166893005
YBR291C,YGL039W,0,-4.790753,0.33963561058044434,0.9879999756813049,0.19210000336170197
YMR297W,YFL002W-A,0,-4.7910647,0.3395189046859741,0.9879999756813049,0.19220000505447388
YMR011W,YPR158C-D,0,-4.791643,0.3394022583961487,0.9879999756813049,0.1923000067472458
YJL164C,YEL042W,0,-4.7918444,0.3392857015132904,0.9879999756813049,0.1923999935388565
YHR157W,YNL099C,0,-4.7921977,0.3391692340373993,0.9879999756813049,0.19249999523162842
YMR086W,YDL020C,0,-4.7928867,0.33905285596847534,0.9879999756813049,0.19259999692440033
YCR055C,YMR302C,1,-4.7932744,0.3392795920372009,0.9890000224113464,0.19259999692440033
YDL082W,YGL223C,0,-4.7943983,0.33916324377059937,0.9890000224113464,0.19269999861717224
YKR076W,YGL057C,0,-4.794459,0.3390469551086426,0.9890000224113464,0.19280000030994415
YGL247W,YGL009C,0,-4.79486,0.33893078565597534,0.9890000224113464,0.19290000200271606
YJL216C,YKR089C,0,-4.795064,0.3388146758079529,0.9890000224113464,0.19300000369548798
YDR012W,YOL095C,0,-4.795072,0.3386986255645752,0.9890000224113464,0.1931000053882599
YAL048C,YDR040C,0,-4.796444,0.3385826647281647,0.9890000224113464,0.1932000070810318
YIL052C,YPR173C,0,-4.7964826,0.3384667932987213,0.9890000224113464,0.19329999387264252
YPR057W,YNL328C,0,-4.7966094,0.3383510112762451,0.9890000224113464,0.19339999556541443
YDR073W,YIL085C,0,-4.797051,0.3382352888584137,0.9890000224113464,0.19349999725818634
YDR039C,YPL057C,0,-4.7973075,0.33811965584754944,0.9890000224113464,0.19359999895095825
YBL100W-A,YPL078C,0,-4.798131,0.33800411224365234,0.9890000224113464,0.19370000064373016
YOR019W,YGL243W,0,-4.800284,0.3378886282444,0.9890000224113464,0.19380000233650208
YNL284C-B,YLR323C,0,-4.8019295,0.33777323365211487,0.9890000224113464,0.193900004029274
YOL011W,YPR098C,0,-4.8019776,0.3376578986644745,0.9890000224113464,0.1940000057220459
YDR365W-A,YIL114C,0,-4.8022046,0.33754265308380127,0.9890000224113464,0.1941000074148178
YBL100W-B,YFL028C,0,-4.802604,0.3374274969100952,0.9890000224113464,0.19419999420642853
YLR256W-A,YOR167C,0,-4.80281,0.33731240034103394,0.9890000224113464,0.19429999589920044
YEL068C,YKL060C,0,-4.8037887,0.3371974229812622,0.9890000224113464,0.19439999759197235
YNL284C-B,YBR202W,0,-4.803966,0.33708247542381287,0.9890000224113464,0.19449999928474426
YJL207C,YFL035C,0,-4.804216,0.3369676172733307,0.9890000224113464,0.19460000097751617
YOL047C,YCL052C,0,-4.8049445,0.3368528485298157,0.9890000224113464,0.19470000267028809
YLR394W,YCR101C,0,-4.806378,0.3367381691932678,0.9890000224113464,0.19480000436306
YLR164W,YJL037W,0,-4.806706,0.33662354946136475,0.9890000224113464,0.1949000060558319
YER053C,YLL004W,0,-4.8068147,0.33650901913642883,0.9890000224113464,0.19499999284744263
YGR003W,YIL162W,0,-4.806952,0.3363945484161377,0.9890000224113464,0.19509999454021454
YHL006C,YER074W-A,0,-4.8071046,0.3362801671028137,0.9890000224113464,0.19519999623298645
YEL034W,YMR316C-A,0,-4.807669,0.3361658751964569,0.9890000224113464,0.19529999792575836
YNL230C,YOR192C-A,0,-4.807708,0.3360516428947449,0.9890000224113464,0.19539999961853027
YJL186W,YOR304W,0,-4.8078876,0.3359375,0.9890000224113464,0.19550000131130219
YHR002W,YAL061W,0,-4.8083386,0.3358234167098999,0.9890000224113464,0.1956000030040741
YKL138C-A,YOR219C,0,-4.808744,0.33570942282676697,0.9890000224113464,0.195700004696846
YDR261C-D,YDR322W,0,-4.8089185,0.3355955183506012,0.9890000224113464,0.19580000638961792
YLR205C,YJR082C,0,-4.809793,0.3354816734790802,0.9890000224113464,0.19589999318122864
YCL038C,YBL003C,0,-4.8100085,0.33536791801452637,0.9890000224113464,0.19599999487400055
YCL012W,YNL161W,0,-4.8109064,0.3352542519569397,0.9890000224113464,0.19609999656677246
YER052C,YAL022C,0,-4.8128276,0.3351406157016754,0.9890000224113464,0.19619999825954437
YHL009W-B,YLR284C,0,-4.813376,0.3350270986557007,0.9890000224113464,0.19629999995231628
YKL224C,YLR424W,0,-4.8133893,0.3349136412143707,0.9890000224113464,0.1964000016450882
YNL323W,YLR154W-A,0,-4.813463,0.33480027318000793,0.9890000224113464,0.1965000033378601
YDL091C,YGR038C-A,0,-4.813706,0.3346869647502899,0.9890000224113464,0.19660000503063202
YHR018C,YFL017C,0,-4.815193,0.33457374572753906,0.9890000224113464,0.19670000672340393
YLR312C-B,YLR064W,0,-4.815271,0.33446061611175537,0.9890000224113464,0.19679999351501465
YLR249W,YOR368W,0,-4.8155704,0.33434754610061646,0.9890000224113464,0.19689999520778656
YMR270C,YFR052W,0,-4.8157477,0.3342345356941223,0.9890000224113464,0.19699999690055847
YLL034C,YLR363C,0,-4.8160577,0.33412161469459534,0.9890000224113464,0.19709999859333038
YJL079C,YKR101W,0,-4.816228,0.3340087831020355,0.9890000224113464,0.1972000002861023
YMR045C,YNR031C,0,-4.8167086,0.3338960111141205,0.9890000224113464,0.1973000019788742
YBL072C,YGL196W,0,-4.8168187,0.3337833285331726,0.9890000224113464,0.19740000367164612
YDL241W,YMR230W,0,-4.819474,0.3336707055568695,0.9890000224113464,0.19750000536441803
YHR188C,YLR154W-A,0,-4.819747,0.33355817198753357,0.9890000224113464,0.19760000705718994
YGR233C,YDR245W,0,-4.820073,0.3334457278251648,0.9890000224113464,0.19769999384880066
YML056C,YPR200C,0,-4.8214736,0.3333333432674408,0.9890000224113464,0.19779999554157257
YHR035W,YNL289W,0,-4.8221,0.3332210183143616,0.9890000224113464,0.19789999723434448
YDR365W-A,YIL112W,0,-4.822126,0.3331087827682495,0.9890000224113464,0.1979999989271164
YKL088W,YOR089C,0,-4.823384,0.3329966366291046,0.9890000224113464,0.1981000006198883
YJL163C,YGR161C-D,0,-4.824107,0.3328845500946045,0.9890000224113464,0.19820000231266022
YLR158C,YIL162W,0,-4.826799,0.33277255296707153,0.9890000224113464,0.19830000400543213
YDR472W,YDL230W,0,-4.8271112,0.33266061544418335,0.9890000224113464,0.19840000569820404
YGR038C-B,YFR005C,0,-4.8274093,0.33254876732826233,0.9890000224113464,0.19850000739097595
YDR173C,YDR210W-B,0,-4.8285646,0.3324369788169861,0.9890000224113464,0.19859999418258667
YIL148W,YKL222C,0,-4.8297825,0.332325279712677,0.9890000224113464,0.19869999587535858
YDR005C,YML040W,0,-4.8299017,0.3322136402130127,0.9890000224113464,0.1987999975681305
YJL025W,YDR207C,0,-4.830006,0.33210209012031555,0.9890000224113464,0.1988999992609024
YLR155C,YPR157W,0,-4.830358,0.3319905996322632,0.9890000224113464,0.19900000095367432
YHR043C,YLR069C,0,-4.8304095,0.331879198551178,0.9890000224113464,0.19910000264644623
YBR024W,YEL022W,0,-4.831733,0.33176785707473755,0.9890000224113464,0.19920000433921814
YML037C,YGL097W,0,-4.833945,0.3316566050052643,0.9890000224113464,0.19930000603199005
YHL040C,YGR161C-D,0,-4.8340125,0.3315454125404358,0.9890000224113464,0.19939999282360077
YOR192C-A,YDL178W,0,-4.834288,0.33143430948257446,0.9890000224113464,0.19949999451637268
YDR073W,YDR091C,0,-4.834967,0.3313232958316803,0.9890000224113464,0.1995999962091446
YER160C,YLR448W,0,-4.835643,0.3312123119831085,0.9890000224113464,0.1996999979019165
YKL156W,YML061C,0,-4.835644,0.3311014473438263,0.9890000224113464,0.19979999959468842
YGL194C,YMR034C,0,-4.835852,0.33099064230918884,0.9890000224113464,0.19990000128746033
YOR348C,YER114C,0,-4.8360257,0.33087989687919617,0.9890000224113464,0.20000000298023224
YLR410W-A,YLL018C,0,-4.836379,0.33076924085617065,0.9890000224113464,0.20010000467300415
YIL089W,YNL058C,0,-4.837224,0.3306586444377899,0.9890000224113464,0.20020000636577606
YKL108W,YFL006W,0,-4.837235,0.33054813742637634,0.9890000224113464,0.20029999315738678
YBR039W,YDL142C,0,-4.837374,0.33043769001960754,0.9890000224113464,0.2003999948501587
YDR261W-A,YDR202C,0,-4.8375897,0.3303273320198059,0.9890000224113464,0.2004999965429306
YDR261W-A,YAL016W,0,-4.837975,0.33021703362464905,0.9890000224113464,0.20059999823570251
YMR036C,YLR157C,0,-4.8382645,0.33010679483413696,0.9890000224113464,0.20069999992847443
YDR210W-A,YHR083W,0,-4.8387456,0.32999667525291443,0.9890000224113464,0.20080000162124634
YOR028C,YBR227C,0,-4.8404183,0.3298865854740143,0.9890000224113464,0.20090000331401825
YCL020W,YGL015C,0,-4.8416743,0.3297765851020813,0.9890000224113464,0.20100000500679016
YOR209C,YPR158C-D,0,-4.8425975,0.3296666741371155,0.9890000224113464,0.20110000669956207
YDR140W,YOR343W-A,0,-4.8427076,0.32955682277679443,0.9890000224113464,0.2011999934911728
YOL058W,YJR094W-A,0,-4.843286,0.32944703102111816,0.9890000224113464,0.2012999951839447
YNL329C,YOR228C,0,-4.844057,0.32933732867240906,0.9890000224113464,0.2013999968767166
YKL133C,YML095C,0,-4.8442445,0.3292276859283447,0.9890000224113464,0.20149999856948853
YGL219C,YBR189W,0,-4.8455563,0.32911813259124756,0.9890000224113464,0.20160000026226044
YMR305C,YER083C,0,-4.846581,0.32900863885879517,0.9890000224113464,0.20170000195503235
YER156C,YKL002W,0,-4.8466573,0.32889923453330994,0.9890000224113464,0.20180000364780426
YKL063C,YDR284C,0,-4.847751,0.3287898898124695,0.9890000224113464,0.20190000534057617
YMR227C,YPL063W,0,-4.847824,0.3286806344985962,0.9890000224113464,0.20200000703334808
YIL122W,YMR073C,0,-4.8478823,0.3285714387893677,0.9890000224113464,0.2020999938249588
YJL025W,YBR198C,0,-4.8481536,0.32846230268478394,0.9890000224113464,0.2021999955177307
YNR045W,YHR214C-C,0,-4.848211,0.32835325598716736,0.9890000224113464,0.20229999721050262
YNL074C,YFR039C,0,-4.848219,0.32824426889419556,0.9890000224113464,0.20239999890327454
YML058W,YDR012W,0,-4.848642,0.3281353712081909,0.9890000224113464,0.20250000059604645
YBR013C,YLR388W,0,-4.848706,0.32802653312683105,0.9890000224113464,0.20260000228881836
YGR169C,YGR184C,0,-4.850471,0.32791778445243835,0.9890000224113464,0.20270000398159027
YMR295C,YLR305C,0,-4.850552,0.32780909538269043,0.9890000224113464,0.20280000567436218
YGL047W,YGR161W-B,0,-4.850632,0.3277004659175873,0.9890000224113464,0.2029000073671341
YGR204W,YJL157C,0,-4.8524733,0.3275919258594513,0.9890000224113464,0.2029999941587448
YNL092W,YPL176C,0,-4.8531165,0.3274834454059601,0.9890000224113464,0.20309999585151672
YKL084W,YDR009W,0,-4.8532615,0.32737505435943604,0.9890000224113464,0.20319999754428864
YDR261C-D,YLR118C,0,-4.8533835,0.32726672291755676,0.9890000224113464,0.20329999923706055
YJL113W,YGR181W,0,-4.853462,0.32715845108032227,0.9890000224113464,0.20340000092983246
YOR380W,YNL086W,0,-4.853588,0.32705026865005493,0.9890000224113464,0.20350000262260437
YCR036W,YLR001C,0,-4.8540354,0.3269421458244324,0.9890000224113464,0.20360000431537628
YKL057C,YBR188C,0,-4.85469,0.326834112405777,0.9890000224113464,0.2037000060081482
YGL056C,YLR312C-B,0,-4.8550797,0.32672613859176636,0.9890000224113464,0.2037999927997589
YOL157C,YGR088W,0,-4.855536,0.3266182243824005,0.9890000224113464,0.20389999449253082
YBR008C,YLR227W-B,0,-4.8566856,0.32651039958000183,0.9890000224113464,0.20399999618530273
YDR179W-A,YGR038C-A,0,-4.8567953,0.3264026343822479,0.9890000224113464,0.20409999787807465
YOL022C,YMR127C,0,-4.857472,0.3262949585914612,0.9890000224113464,0.20419999957084656
YIL139C,YER129W,0,-4.857493,0.3261873424053192,0.9890000224113464,0.20430000126361847
YKR070W,YOL045W,0,-4.8578143,0.326079785823822,0.9890000224113464,0.20440000295639038
YHR164C,YLR020C,0,-4.859243,0.325972318649292,0.9890000224113464,0.2045000046491623
YDR365W-A,YCR008W,0,-4.860758,0.32586491107940674,0.9890000224113464,0.2046000063419342
YFL005W,YLR050C,0,-4.86144,0.32575756311416626,0.9890000224113464,0.20469999313354492
YJL112W,YLR154W-A,0,-4.861527,0.32565030455589294,0.9890000224113464,0.20479999482631683
YJL054W,YLR410W-A,0,-4.8618584,0.3255431056022644,0.9890000224113464,0.20489999651908875
YDR179W-A,YDL177C,0,-4.861924,0.325435996055603,0.9890000224113464,0.20499999821186066
YCL030C,YOR216C,0,-4.862348,0.3253289461135864,0.9890000224113464,0.20509999990463257
YMR283C,YGR245C,0,-4.8624434,0.3252219557762146,0.9890000224113464,0.20520000159740448
YGR077C,YLR466W,0,-4.86301,0.32511505484580994,0.9890000224113464,0.2053000032901764
YLR244C,YHR083W,0,-4.8630986,0.32500821352005005,0.9890000224113464,0.2054000049829483
YHL019C,YDR210W-A,0,-4.8638396,0.32490143179893494,0.9890000224113464,0.20550000667572021
YML132W,YHR029C,0,-4.8645597,0.324794739484787,0.9890000224113464,0.20559999346733093
YOR137C,YDR040C,0,-4.8652625,0.3246881067752838,0.9890000224113464,0.20569999516010284
YOR071C,YGL103W,0,-4.865646,0.3245815634727478,0.9890000224113464,0.20579999685287476
YNR062C,YLR098C,0,-4.867575,0.32447507977485657,0.9890000224113464,0.20589999854564667
YJL087C,YGL189C,0,-4.8683085,0.3243686556816101,0.9890000224113464,0.20600000023841858
YBR187W,YPL023C,0,-4.868424,0.3242622911930084,0.9890000224113464,0.2061000019311905
YGL083W,YOR343W-B,0,-4.8686604,0.3241560161113739,0.9890000224113464,0.2062000036239624
YOR243C,YKR020W,0,-4.868776,0.32404980063438416,0.9890000224113464,0.20630000531673431
YFR011C,YDR484W,0,-4.8692822,0.3239436745643616,0.9890000224113464,0.20640000700950623
YLR131C,YDR040C,0,-4.8696494,0.3238375782966614,0.9890000224113464,0.20649999380111694
YLL017W,YKL157W,0,-4.869718,0.32373160123825073,0.9890000224113464,0.20659999549388885
YPR196W,YOR008C,0,-4.869806,0.3236256539821625,0.9890000224113464,0.20669999718666077
YLR330W,YDL248W,0,-4.8698792,0.3235197961330414,0.9890000224113464,0.20679999887943268
YKR070W,YGR053C,0,-4.8701005,0.32341399788856506,0.9890000224113464,0.2069000005722046
YLR431C,YCR076C,0,-4.8701053,0.3233082592487335,0.9890000224113464,0.2070000022649765
YPL175W,YML024W,0,-4.8719726,0.32320261001586914,0.9890000224113464,0.2071000039577484
YLR164W,YMR114C,0,-4.872277,0.32309702038764954,0.9890000224113464,0.20720000565052032
YGR272C,YNR054C,1,-4.873998,0.32331809401512146,0.9900000095367432,0.20720000565052032
YPR071W,YIL085C,0,-4.8756895,0.32321253418922424,0.9900000095367432,0.20730000734329224
YER017C,YLR179C,0,-4.8761506,0.3231070637702942,0.9900000095367432,0.20739999413490295
YJR017C,YER102W,0,-4.876546,0.3230016231536865,0.9900000095367432,0.20749999582767487
YBL095W,YMR273C,0,-4.8765707,0.322896271944046,0.9900000095367432,0.20759999752044678
YKR076W,YNL049C,0,-4.8767,0.3227910101413727,0.9900000095367432,0.2076999992132187
YKL126W,YGR122W,0,-4.876799,0.32268577814102173,0.9900000095367432,0.2078000009059906
YDR316W-B,YNL054W,0,-4.8775234,0.32258063554763794,0.9900000095367432,0.2079000025987625
YGR240C,YIR003W,0,-4.8782153,0.3224755823612213,0.9900000095367432,0.20800000429153442
YHL031C,YLR205C,0,-4.8786845,0.3223705589771271,0.9900000095367432,0.20810000598430634
YKL126W,YJL157C,0,-4.8799987,0.322265625,0.9900000095367432,0.20819999277591705
YHL028W,YJL037W,0,-4.8807616,0.3221607506275177,0.9900000095367432,0.20829999446868896
YLR227W-B,YPR169W,0,-4.881154,0.32205596566200256,0.9900000095367432,0.20839999616146088
YKL138C-A,YDR281C,0,-4.881206,0.3219512104988098,0.9900000095367432,0.2084999978542328
YGR110W,YDR430C,0,-4.883412,0.32184654474258423,0.9900000095367432,0.2085999995470047
YLR063W,YPL257W-A,0,-4.883824,0.3217419683933258,0.9900000095367432,0.2087000012397766
YPL058C,YKR039W,0,-4.8842273,0.32163742184638977,0.9900000095367432,0.20880000293254852
YDR210W-B,YIL110W,0,-4.884678,0.3215329647064209,0.9900000095367432,0.20890000462532043
YDR169C,YMR087W,0,-4.8851666,0.3214285671710968,0.9900000095367432,0.20900000631809235
YLR135W,YLR391W-A,0,-4.8862076,0.32132425904273987,0.9900000095367432,0.20909999310970306
YOR204W,YPL255W,0,-4.886451,0.3212199807167053,0.9900000095367432,0.20919999480247498
YLR304C,YGR161W-A,0,-4.886493,0.32111579179763794,0.9900000095367432,0.2092999964952469
YBR282W,YLR278C,0,-4.886687,0.32101166248321533,0.9900000095367432,0.2093999981880188
YNL087W,YCL056C,0,-4.8872905,0.3209076225757599,0.9900000095367432,0.2094999998807907
YDR498C,YGR161W-B,0,-4.8880944,0.3208036422729492,0.9900000095367432,0.20960000157356262
YBR169C,YPL255W,0,-4.8885427,0.3206997215747833,0.9900000095367432,0.20970000326633453
YPL128C,YJL066C,0,-4.8889303,0.3205958604812622,0.9900000095367432,0.20980000495910645
YHL050C,YDR363W-A,0,-4.8889527,0.32049205899238586,0.9900000095367432,0.20990000665187836
YOR192C-A,YDR090C,0,-4.889376,0.3203883469104767,0.9900000095367432,0.20999999344348907
YHR188C,YFL011W-A,0,-4.8897347,0.3202846944332123,0.9900000095367432,0.210099995136261
YFR021W,YKL107W,0,-4.8916926,0.32018110156059265,0.9900000095367432,0.2101999968290329
YBR204C,YBL107C,0,-4.8918366,0.3200775980949402,0.9900000095367432,0.2102999985218048
YDL091C,YDR374C,0,-4.891846,0.3199741542339325,0.9900000095367432,0.21040000021457672
YOL023W,YJR150C,0,-4.892551,0.3198707699775696,0.9900000095367432,0.21050000190734863
YBL100W-B,YOL077W-A,0,-4.8925796,0.31976744532585144,0.9900000095367432,0.21060000360012054
YER131W,YCL060C,0,-4.8927464,0.3196641802787781,0.9900000095367432,0.21070000529289246
YOL116W,YNL054W-A,0,-4.8929,0.3195610046386719,0.9900000095367432,0.21080000698566437
YGL133W,YOL069W,0,-4.892932,0.31945788860321045,0.9900000095367432,0.21089999377727509
YJR015W,YOR192C-B,0,-4.893007,0.3193548321723938,0.9900000095367432,0.210999995470047
YJR121W,YGR161C-D,0,-4.89322,0.3192518651485443,0.9900000095367432,0.2110999971628189
YDL134C-A,YGL054C,0,-4.893304,0.3191489279270172,0.9900000095367432,0.21119999885559082
YEL037C,YMR301C,0,-4.8935323,0.3190460801124573,0.9900000095367432,0.21130000054836273
YNL092W,YDR403W,0,-4.893728,0.3189432919025421,0.9900000095367432,0.21140000224113464
YDR316W-A,YLR353W,0,-4.8938603,0.3188405930995941,0.9900000095367432,0.21150000393390656
YCR084C,YPR063C,0,-4.8939724,0.3187379240989685,0.9900000095367432,0.21160000562667847
YEL039C,YGL105W,0,-4.8946786,0.31863534450531006,0.9900000095367432,0.21170000731945038
YKL011C,YDR221W,0,-4.895832,0.3185328245162964,0.9900000095367432,0.2117999941110611
YKR106W,YNL080C,0,-4.896789,0.3184303641319275,0.9900000095367432,0.211899995803833
YNL033W,YIL170W,0,-4.8977294,0.31832796335220337,0.9900000095367432,0.21199999749660492
YOR319W,YLR390W,0,-4.8978996,0.3182256519794464,0.9900000095367432,0.21209999918937683
YMR118C,YGL107C,0,-4.8980517,0.31812340021133423,0.9900000095367432,0.21220000088214874
YDR506C,YLL016W,0,-4.898828,0.3180212080478668,0.9900000095367432,0.21230000257492065
YDL078C,YER036C,0,-4.899405,0.3179190754890442,0.9900000095367432,0.21240000426769257
YLR055C,YIL083C,0,-4.899481,0.31781700253486633,0.9900000095367432,0.21250000596046448
YMR109W,YFL035C,0,-4.899759,0.31771501898765564,0.9900000095367432,0.2125999927520752
YDR034C-D,YBR084C-A,0,-4.8998404,0.3176130950450897,0.9900000095367432,0.2126999944448471
YER064C,YNL243W,0,-4.9006686,0.3175112307071686,0.9900000095367432,0.21279999613761902
YHR109W,YHR210C,0,-4.9007807,0.3174094259738922,0.9900000095367432,0.21289999783039093
YMR145C,YJL099W,0,-4.901561,0.3173076808452606,0.9900000095367432,0.21299999952316284
YBR242W,YCL047C,0,-4.9034696,0.3172060251235962,0.9900000095367432,0.21310000121593475
YPL060C-A,YOL032W,0,-4.904218,0.31710442900657654,0.9900000095367432,0.21320000290870667
YDL033C,YCR017C,0,-4.904432,0.31700289249420166,0.9900000095367432,0.21330000460147858
YDR090C,YDR081C,0,-4.9052997,0.31690141558647156,0.9900000095367432,0.2134000062942505
YPL265W,YFR031C-A,0,-4.90579,0.31679999828338623,0.9900000095367432,0.2134999930858612
YOR349W,YLR410W-B,0,-4.905927,0.31669867038726807,0.9900000095367432,0.21359999477863312
YBR020W,YML091C,0,-4.906532,0.3165973722934723,0.9900000095367432,0.21369999647140503
YGR233C,YDL082W,0,-4.909434,0.3164961636066437,0.9900000095367432,0.21379999816417694
YJR096W,YCL004W,0,-4.9098134,0.31639501452445984,0.9900000095367432,0.21389999985694885
YDR365W-A,YGL228W,0,-4.9098773,0.3162939250469208,0.9900000095367432,0.21400000154972076
YHR009C,YOR018W,0,-4.9101415,0.3161928951740265,0.9900000095367432,0.21410000324249268
YGR027W-A,YMR035W,0,-4.9116926,0.31609195470809937,0.9900000095367432,0.2142000049352646
YCR070W,YLR020C,0,-4.9120755,0.315991073846817,0.9900000095367432,0.2143000066280365
YMR047C,YLR147C,0,-4.9134035,0.31589022278785706,0.9900000095367432,0.21439999341964722
YLL021W,YHR214C-C,0,-4.9136147,0.31578946113586426,0.9900000095367432,0.21449999511241913
YMR116C,YHR134W,0,-4.9136376,0.3156887888908386,0.9900000095367432,0.21459999680519104
YMR241W,YPL079W,0,-4.9139676,0.3155881464481354,0.9900000095367432,0.21469999849796295
YMR283C,YOR343W-B,0,-4.914149,0.3154875636100769,0.9900000095367432,0.21480000019073486
YNL271C,YFL066C,0,-4.9145856,0.3153870701789856,0.9900000095367432,0.21490000188350677
YMR002W,YHR157W,0,-4.915531,0.31528663635253906,0.9900000095367432,0.2150000035762787
YKL207W,YKL027W,0,-4.9159694,0.3151862323284149,0.9900000095367432,0.2151000052690506
YPR094W,YLR237W,0,-4.916491,0.31508591771125793,0.9900000095367432,0.2152000069618225
YLR063W,YNL216W,0,-4.916619,0.3149856925010681,0.9900000095367432,0.21529999375343323
YFL002W-A,YER170W,0,-4.917017,0.3148854970932007,0.9900000095367432,0.21539999544620514
YBL069W,YDL002C,0,-4.918033,0.314785361289978,0.9900000095367432,0.21549999713897705
YLR173W,YLR166C,0,-4.9192467,0.31468531489372253,0.9900000095367432,0.21559999883174896
YER060W-A,YGR109W-A,0,-4.922798,0.3145853281021118,0.9900000095367432,0.21570000052452087
YOR279C,YHR216W,0,-4.924974,0.3144854009151459,0.9900000095367432,0.21580000221729279
YOR192C-A,YDL127W,0,-4.9250417,0.3143855333328247,0.9900000095367432,0.2159000039100647
YHR090C,YJL097W,0,-4.925664,0.3142857253551483,0.9900000095367432,0.2160000056028366
YJR047C,YOR110W,0,-4.9270353,0.3141859769821167,0.9900000095367432,0.21610000729560852
YOR209C,YDR121W,0,-4.9272056,0.31408628821372986,0.9900000095367432,0.21619999408721924
YBR108W,YDR088C,0,-4.927252,0.3139866888523102,0.9900000095367432,0.21629999577999115
YBL100W-B,YLR043C,0,-4.928336,0.3138871192932129,0.9900000095367432,0.21639999747276306
YKL015W,YIL083C,0,-4.928839,0.31378763914108276,0.9900000095367432,0.21649999916553497
YPL191C,YNR002C,0,-4.9288645,0.3136882185935974,0.9900000095367432,0.21660000085830688
YBR282W,YAR009C,0,-4.9292274,0.31358885765075684,0.9900000095367432,0.2167000025510788
YDR512C,YLR425W,0,-4.9292874,0.31348955631256104,0.9900000095367432,0.2168000042438507
YDR025W,YPR183W,0,-4.930003,0.31339031457901,0.9900000095367432,0.21690000593662262
YML075C,YBR198C,0,-4.9308267,0.31329113245010376,0.9900000095367432,0.21699999272823334
YOL097C,YAL055W,0,-4.930964,0.3131920397281647,0.9900000095367432,0.21709999442100525
YGL063W,YER130C,0,-4.93164,0.313092976808548,0.9900000095367432,0.21719999611377716
YDR052C,YLR158C,0,-4.9317937,0.31299400329589844,0.9900000095367432,0.21729999780654907
YDL241W,YEL003W,0,-4.9318013,0.3128950595855713,0.9900000095367432,0.21739999949932098
YHL009W-B,YHR209W,0,-4.931956,0.3127962052822113,0.9900000095367432,0.2175000011920929
YBR111W-A,YEL044W,0,-4.932058,0.3126974105834961,0.9900000095367432,0.2176000028848648
YLR191W,YDL212W,0,-4.9333253,0.31259867548942566,0.9900000095367432,0.21770000457763672
YKR099W,YJR009C,0,-4.933956,0.3125,0.9900000095367432,0.21780000627040863
YMR118C,YDR142C,0,-4.9341044,0.3124013841152191,0.9900000095367432,0.21789999306201935
YGL210W-A,YDL246C,0,-4.934116,0.312302827835083,0.9900000095367432,0.21799999475479126
YCL019W,YJR065C,0,-4.9350247,0.31220436096191406,0.9900000095367432,0.21809999644756317
YKR070W,YBR160W,0,-4.936177,0.3121059238910675,0.9900000095367432,0.21819999814033508
YKL033W-A,YPR140W,0,-4.9366508,0.3120075762271881,0.9900000095367432,0.218299999833107
YLL066C,YBL003C,0,-4.936689,0.3119092583656311,0.9900000095367432,0.2184000015258789
YDL073W,YGR181W,0,-4.936817,0.31181102991104126,0.9900000095367432,0.21850000321865082
YDR161W,YGL249W,0,-4.9371004,0.3117128610610962,0.9900000095367432,0.21860000491142273
YAL013W,YPL062W,0,-4.9373865,0.3116147220134735,0.9900000095367432,0.21870000660419464
YOR354C,YHR170W,0,-4.9375567,0.311516672372818,0.9900000095367432,0.21879999339580536
YLR227W-B,YFR039C,0,-4.9406576,0.31141868233680725,0.9900000095367432,0.21889999508857727
YAR028W,YJR085C,0,-4.940947,0.3113207519054413,0.9900000095367432,0.21899999678134918
YLR256W-A,YKL113C,0,-4.9413915,0.3112228810787201,0.9900000095367432,0.2190999984741211
YPL279C,YOR219C,0,-4.9416184,0.3111250698566437,0.9900000095367432,0.219200000166893
YJR080C,YPR115W,0,-4.9416604,0.31102731823921204,0.9900000095367432,0.21930000185966492
YBR170C,YLR227W-B,0,-4.9417057,0.31092965602874756,0.9900000095367432,0.21940000355243683
YDL184C,YGL136C,0,-4.942431,0.31083202362060547,0.9900000095367432,0.21950000524520874
YDR308C,YFR016C,0,-4.9427404,0.31073445081710815,0.9900000095367432,0.21960000693798065
YGR093W,YOL112W,0,-4.9437833,0.310636967420578,0.9900000095367432,0.21969999372959137
YNL202W,YJL003W,0,-4.943954,0.31053951382637024,0.9900000095367432,0.21979999542236328
YLR011W,YDR387C,0,-4.944761,0.31044214963912964,0.9900000095367432,0.2198999971151352
YLR013W,YPL062W,0,-4.944964,0.3103448152542114,0.9900000095367432,0.2199999988079071
YDR155C,YLL066C,0,-4.945365,0.3102475702762604,0.9900000095367432,0.22010000050067902
YDR393W,YDR489W,0,-4.9455466,0.3101503849029541,0.9900000095367432,0.22020000219345093
YMR014W,YKL116C,0,-4.9456143,0.3100532293319702,0.9900000095367432,0.22030000388622284
YGL157W,YGR057C,0,-4.9458747,0.3099561631679535,0.9900000095367432,0.22040000557899475
YJR112W,YDR210W-B,0,-4.9469457,0.30985915660858154,0.9900000095367432,0.22050000727176666
YLR443W,YML003W,0,-4.9472384,0.30976220965385437,0.9900000095367432,0.22059999406337738
YLR391W-A,YPR164W,0,-4.9479504,0.309665322303772,0.9900000095367432,0.2206999957561493
YJL127C-B,YCR044C,0,-4.9480867,0.30956849455833435,0.9900000095367432,0.2207999974489212
YBR169C,YLR355C,0,-4.9481645,0.3094716966152191,0.9900000095367432,0.22089999914169312
YGR038C-B,YLR007W,0,-4.948203,0.30937498807907104,0.9900000095367432,0.22100000083446503
YGR001C,YCL011C,0,-4.948479,0.30927833914756775,0.9900000095367432,0.22110000252723694
YBR299W,YOR274W,0,-4.949836,0.30918174982070923,0.9900000095367432,0.22120000422000885
YPL200W,YJR029W,0,-4.9499717,0.3090852200984955,0.9900000095367432,0.22130000591278076
YPR108W,YDR261W-A,0,-4.9508233,0.3089887499809265,0.9900000095367432,0.22139999270439148
YNR067C,YMR055C,0,-4.9511275,0.3088923692703247,0.9900000095367432,0.2214999943971634
YKL137W,YFR029W,0,-4.951427,0.3087960183620453,0.9900000095367432,0.2215999960899353
YAL043C,YMR209C,0,-4.9523187,0.30869972705841064,0.9900000095367432,0.22169999778270721
YDR115W,YOR026W,0,-4.9525466,0.3086034953594208,0.9900000095367432,0.22179999947547913
YDL033C,YOR396W,0,-4.9525867,0.3085073232650757,0.9900000095367432,0.22190000116825104
YJR051W,YDR487C,0,-4.953139,0.30841121077537537,0.9900000095367432,0.22200000286102295
YLR058C,YHR143W,0,-4.9537005,0.3083151578903198,0.9900000095367432,0.22210000455379486
YFL040W,YOR356W,0,-4.9540753,0.30821916460990906,0.9900000095367432,0.22220000624656677
YDL020C,YIL165C,0,-4.9541554,0.30812326073646545,0.9900000095367432,0.2222999930381775
YPR105C,YPL058C,0,-4.954299,0.30802738666534424,0.9900000095367432,0.2223999947309494
YOR088W,YPL248C,0,-4.954486,0.3079315721988678,0.9900000095367432,0.2224999964237213
YML123C,YPR158C-D,0,-4.955958,0.30783581733703613,0.9900000095367432,0.22259999811649323
YGR294W,YOL001W,0,-4.956433,0.30774012207984924,0.9900000095367432,0.22269999980926514
YKR046C,YGR122W,0,-4.957607,0.30764448642730713,0.9900000095367432,0.22280000150203705
YHR033W,YDR151C,0,-4.9576573,0.3075489401817322,0.9900000095367432,0.22290000319480896
YOL009C,YJR026W,0,-4.9590297,0.3074534237384796,0.9900000095367432,0.22300000488758087
YBL037W,YGR161W-B,0,-4.9596267,0.3073579668998718,0.9900000095367432,0.22310000658035278
YAL068C,YDR480W,0,-4.9606442,0.3072625696659088,0.9900000095367432,0.2231999933719635
YKL182W,YOR265W,0,-4.961095,0.3071672320365906,0.9900000095367432,0.2232999950647354
YDL134C-A,YML109W,0,-4.9617877,0.3070719540119171,0.9900000095367432,0.22339999675750732
YER131W,YAL013W,0,-4.9623003,0.3069767355918884,0.9900000095367432,0.22349999845027924
YPL002C,YDR034W-B,0,-4.9624696,0.3068815767765045,0.9900000095367432,0.22360000014305115
YDR195W,YEL006W,0,-4.9628825,0.3067864775657654,0.9900000095367432,0.22370000183582306
YHR030C,YNL054W-A,0,-4.9629803,0.306691437959671,0.9900000095367432,0.22380000352859497
YOR262W,YFR004W,0,-4.963303,0.30659645795822144,0.9900000095367432,0.22390000522136688
YOL087C,YOL103W-A,0,-4.963609,0.3065015375614166,0.9900000095367432,0.2240000069141388
YNL070W,YIL027C,0,-4.9637833,0.3064066767692566,0.9900000095367432,0.2240999937057495
YDR348C,YFL007W,0,-4.9652143,0.30631187558174133,0.9900000095367432,0.22419999539852142
YFL006W,YER037W,0,-4.965695,0.30621713399887085,0.9900000095367432,0.22429999709129333
YGR067C,YLR213C,0,-4.967321,0.30612245202064514,0.9900000095367432,0.22439999878406525
YDR382W,YJR015W,0,-4.968426,0.3060278296470642,0.9900000095367432,0.22450000047683716
YDR524C,YJL003W,0,-4.970087,0.30593323707580566,0.9900000095367432,0.22460000216960907
YGR217W,YNL054W,0,-4.97043,0.3058387339115143,0.9900000095367432,0.22470000386238098
YIL165C,YDR462W,0,-4.9708533,0.3057442903518677,0.9900000095367432,0.2248000055551529
YJR061W,YNR046W,0,-4.9720225,0.30564990639686584,0.9900000095367432,0.2249000072479248
YKL026C,YPR158C-C,0,-4.9726214,0.3055555522441864,0.9900000095367432,0.22499999403953552
YBL075C,YER174C,0,-4.9729905,0.3054612874984741,0.9900000095367432,0.22509999573230743
YBR003W,YBR251W,0,-4.973099,0.30536705255508423,0.9900000095367432,0.22519999742507935
YKL198C,YBL091C-A,0,-4.973113,0.3052729070186615,0.9900000095367432,0.22529999911785126
YJR120W,YJR066W,0,-4.973502,0.30517879128456116,0.9900000095367432,0.22540000081062317
YJL127C-B,YMR274C,0,-4.9737725,0.3050847351551056,0.9900000095367432,0.22550000250339508
YDL201W,YNL215W,0,-4.973782,0.3049907684326172,0.9900000095367432,0.225600004196167
YMR225C,YDR091C,0,-4.973881,0.30489683151245117,0.9900000095367432,0.2257000058889389
YHL047C,YGR122W,0,-4.9750395,0.30480295419692993,0.9900000095367432,0.22579999268054962
YLR043C,YLR154W-C,0,-4.975736,0.30470913648605347,0.9900000095367432,0.22589999437332153
YNL024C,YHL001W,0,-4.9759088,0.3046153783798218,0.9900000095367432,0.22599999606609344
YEL021W,YGL184C,0,-4.9762917,0.30452167987823486,0.9900000095367432,0.22609999775886536
YPL216W,YKL188C,0,-4.97793,0.3044280409812927,0.9900000095367432,0.22619999945163727
YJR027W,YCR105W,0,-4.977944,0.30433446168899536,0.9900000095367432,0.22630000114440918
YBL091C-A,YNL025C,0,-4.977988,0.3042409420013428,0.9900000095367432,0.2264000028371811
YOR063W,YPL271W,0,-4.9780087,0.3041474521160126,0.9900000095367432,0.226500004529953
YHR028C,YFR020W,0,-4.978578,0.30405405163764954,0.9900000095367432,0.22660000622272491
YMR142C,YBL034C,0,-4.979131,0.3039607107639313,0.9900000095367432,0.22669999301433563
YBR108W,YLR080W,0,-4.980538,0.3038673996925354,0.9900000095367432,0.22679999470710754
YDR322C-A,YGR027W-A,0,-4.9833117,0.3037741780281067,0.9900000095367432,0.22689999639987946
YDL212W,YJR123W,0,-4.983433,0.30368098616600037,0.9900000095367432,0.22699999809265137
YDR210W-A,YGL198W,0,-4.9837313,0.3035878539085388,0.9900000095367432,0.22709999978542328
YJR140C,YJR016C,0,-4.9840913,0.30349478125572205,0.9900000095367432,0.2272000014781952
YER053C,YPL264C,0,-4.984261,0.30340176820755005,0.9900000095367432,0.2273000031709671
YKL150W,YER113C,0,-4.9865475,0.3033088147640228,0.9900000095367432,0.227400004863739
YCL020W,YPR022C,0,-4.987809,0.3032159209251404,0.9900000095367432,0.22750000655651093
YKR043C,YKL002W,0,-4.987906,0.3031230866909027,0.9900000095367432,0.22759999334812164
YER111C,YKL137W,0,-4.988152,0.3030303120613098,0.9900000095367432,0.22769999504089355
YPL246C,YHR132W-A,0,-4.9890056,0.3029375672340393,0.9900000095367432,0.22779999673366547
YHR113W,YJL012C,0,-4.989821,0.30284491181373596,0.9900000095367432,0.22789999842643738
YGR001C,YFR014C,0,-4.9901595,0.302752286195755,0.9900000095367432,0.2280000001192093
YDR005C,YKL064W,0,-4.992528,0.3026597499847412,0.9900000095367432,0.2281000018119812
YBR111W-A,YDR385W,0,-4.9931283,0.3025672435760498,0.9900000095367432,0.2282000035047531
YOR081C,YDR418W,0,-4.9937124,0.3024747967720032,0.9900000095367432,0.22830000519752502
YLR283W,YER064C,0,-4.9941096,0.3023824095726013,0.9900000095367432,0.22840000689029694
YJR064W,YOR088W,0,-4.996604,0.30229008197784424,0.9900000095367432,0.22849999368190765
YMR319C,YDR531W,0,-4.9975452,0.30219781398773193,0.9900000095367432,0.22859999537467957
YIL149C,YOR343W-B,0,-4.997565,0.302105575799942,0.9900000095367432,0.22869999706745148
YJL076W,YDR354W,0,-4.9977465,0.30201342701911926,0.9900000095367432,0.2287999987602234
YHR139C,YGL097W,0,-4.997845,0.3019213080406189,0.9900000095367432,0.2289000004529953
YKL138C-A,YBR278W,0,-4.997956,0.3018292784690857,0.9900000095367432,0.2290000021457672
YKL056C,YAL062W,0,-4.998199,0.3017372786998749,0.9900000095367432,0.22910000383853912
YLR224W,YGR244C,0,-5.00028,0.30164533853530884,0.9900000095367432,0.22920000553131104
YKL020C,YOR264W,0,-5.000403,0.3015534579753876,0.9900000095367432,0.22930000722408295
YDR261W-A,YKR064W,0,-5.0004992,0.3014616370201111,0.9900000095367432,0.22939999401569366
YDR316W-A,YNL185C,0,-5.000709,0.30136987566947937,0.9900000095367432,0.22949999570846558
YML034W,YNL024C,0,-5.0012546,0.30127814412117004,0.9900000095367432,0.2295999974012375
YKL088W,YHR109W,0,-5.0016026,0.3011865019798279,0.9900000095367432,0.2296999990940094
YCR073C,YBR111W-A,0,-5.001941,0.3010948896408081,0.9900000095367432,0.2298000007867813
YPL052W-A,YBL058W,0,-5.0023165,0.3010033369064331,0.9900000095367432,0.22990000247955322
YOL103W-B,YPR155C,0,-5.0036435,0.3009118437767029,0.9900000095367432,0.23000000417232513
YBR004C,YMR175W,0,-5.0037465,0.30082041025161743,0.9900000095367432,0.23010000586509705
YBR088C,YIL155C,0,-5.0040927,0.30072903633117676,0.9900000095367432,0.23019999265670776
YNL238W,YBR013C,0,-5.0041585,0.30063772201538086,0.9900000095367432,0.23029999434947968
YNL178W,YJL139C,0,-5.004746,0.30054643750190735,0.9900000095367432,0.2303999960422516
YIL047C,YKL188C,0,-5.004833,0.300455242395401,0.9900000095367432,0.2304999977350235
YOL003C,YPL066W,0,-5.0063214,0.30036407709121704,0.9900000095367432,0.2305999994277954
YLL018C,YCR053W,0,-5.0064826,0.30027297139167786,0.9900000095367432,0.23070000112056732
YMR046C,YJL129C,0,-5.007018,0.30018192529678345,0.9900000095367432,0.23080000281333923
YIL119C,YNL086W,0,-5.008801,0.3000909388065338,0.9900000095367432,0.23090000450611115
YGL077C,YFL035C-A,0,-5.008976,0.30000001192092896,0.9900000095367432,0.23100000619888306
YBR026C,YCL003W,0,-5.0094967,0.2999091148376465,0.9900000095367432,0.23109999299049377
YJL189W,YLR154W-C,0,-5.009728,0.2998182773590088,0.9900000095367432,0.23119999468326569
YNL286W,YBR189W,0,-5.0098557,0.29972752928733826,0.9900000095367432,0.2312999963760376
YIL148W,YKL150W,0,-5.0103817,0.2996368110179901,0.9900000095367432,0.2313999980688095
YPL052W-A,YKL002W,0,-5.0107026,0.29954615235328674,0.9900000095367432,0.23149999976158142
YMR070W,YLR312C,0,-5.01181,0.29945552349090576,0.9900000095367432,0.23160000145435333
YPL224C,YOR226C,0,-5.011878,0.29936498403549194,0.9900000095367432,0.23170000314712524
YIL052C,YOR158W,0,-5.013785,0.2992744743824005,0.9900000095367432,0.23180000483989716
YBL091C-A,YGR230W,0,-5.0145335,0.29918405413627625,0.9900000095367432,0.23190000653266907
YGL046W,YDR407C,0,-5.0167756,0.29909366369247437,0.9900000095367432,0.23199999332427979
YNL187W,YML091C,0,-5.01768,0.29900333285331726,0.9900000095367432,0.2320999950170517
YKL171W,YGR053C,0,-5.0182514,0.29891303181648254,0.9900000095367432,0.2321999967098236
YOR346W,YDR443C,0,-5.0188255,0.298822820186615,0.9900000095367432,0.23229999840259552
YOR287C,YBR167C,1,-5.019302,0.29903438687324524,0.9909999966621399,0.23229999840259552
YHR019C,YGR184C,0,-5.0199704,0.2989442050457001,0.9909999966621399,0.23240000009536743
YGR027W-A,YBR169C,0,-5.0204396,0.2988540530204773,0.9909999966621399,0.23250000178813934
YJL048C,YGR161W-A,0,-5.020906,0.2987639307975769,0.9909999966621399,0.23260000348091125
YPL070W,YFL035C,0,-5.0221395,0.2986738979816437,0.9909999966621399,0.23270000517368317
YOR088W,YLR043C,0,-5.022164,0.2985839247703552,0.9909999966621399,0.23280000686645508
YOR068C,YKL063C,0,-5.022569,0.29849398136138916,0.9909999966621399,0.2328999936580658
YHR041C,YER035W,0,-5.0227838,0.29840409755706787,0.9909999966621399,0.2329999953508377
YJL179W,YJL127C-B,0,-5.0228624,0.29831427335739136,0.9909999966621399,0.23309999704360962
YGL185C,YDR399W,0,-5.0233293,0.2982245087623596,0.9909999966621399,0.23319999873638153
YBR146W,YLR274W,0,-5.0239635,0.29813477396965027,0.9909999966621399,0.23330000042915344
YNL124W,YJL045W,0,-5.025395,0.2980450987815857,0.9909999966621399,0.23340000212192535
YCL018W,YDR034C-D,0,-5.026506,0.2979555130004883,0.9909999966621399,0.23350000381469727
YML061C,YER165W,0,-5.026692,0.29786595702171326,0.9909999966621399,0.23360000550746918
YPL279C,YNR072W,0,-5.026873,0.2977764308452606,0.9909999966621399,0.2337000072002411
YDR040C,YPL184C,0,-5.027836,0.29768699407577515,0.9909999966621399,0.2337999939918518
YJL087C,YHR045W,0,-5.028114,0.29759758710861206,0.9909999966621399,0.23389999568462372
YBL035C,YLR147C,0,-5.0282116,0.29750826954841614,0.9909999966621399,0.23399999737739563
YDR098C-B,YMR033W,0,-5.0283723,0.2974189817905426,0.9909999966621399,0.23409999907016754
YKL192C,YKL110C,0,-5.028567,0.29732972383499146,0.9909999966621399,0.23420000076293945
YOR019W,YLR363C,0,-5.029114,0.29724055528640747,0.9909999966621399,0.23430000245571136
YBL069W,YML026C,0,-5.029989,0.2971514165401459,0.9909999966621399,0.23440000414848328
YOR101W,YDR044W,0,-5.0304723,0.29706233739852905,0.9909999966621399,0.2345000058412552
YJL092W,YAL068C,0,-5.032472,0.296973317861557,0.9909999966621399,0.2345999926328659
YJR105W,YBL022C,0,-5.0333395,0.29688435792922974,0.9909999966621399,0.23469999432563782
YBL016W,YKL105C,0,-5.0338864,0.29679545760154724,0.9909999966621399,0.23479999601840973
YCR012W,YML123C,0,-5.0347443,0.29670658707618713,0.9909999966621399,0.23489999771118164
YBL038W,YMR088C,0,-5.035272,0.2966177761554718,0.9909999966621399,0.23499999940395355
YGR169C-A,YMR052W,0,-5.0354905,0.29652902483940125,0.9909999966621399,0.23510000109672546
YBR219C,YDR527W,0,-5.035593,0.29644033312797546,0.9909999966621399,0.23520000278949738
YMR321C,YDL133C-A,0,-5.0357275,0.29635167121887207,0.9909999966621399,0.2353000044822693
YCL038C,YPL279C,0,-5.0361743,0.29626306891441345,0.9909999966621399,0.2354000061750412
YJL210W,YBR126C,0,-5.0362654,0.2961745262145996,0.9909999966621399,0.23549999296665192
YHL038C,YML003W,0,-5.03748,0.29608604311943054,0.9909999966621399,0.23559999465942383
YMR016C,YHR185C,0,-5.0376487,0.29599761962890625,0.9909999966621399,0.23569999635219574
YBR034C,YLL018C,0,-5.0377274,0.29590922594070435,0.9909999966621399,0.23579999804496765
YLR154W-C,YDL051W,0,-5.037848,0.2958208918571472,0.9909999966621399,0.23589999973773956
YJL018W,YNR075W,0,-5.037924,0.29573261737823486,0.9909999966621399,0.23600000143051147
YMR189W,YDR444W,0,-5.03842,0.2956444025039673,0.9909999966621399,0.2361000031232834
YML056C,YER061C,0,-5.039655,0.2955562174320221,0.9909999966621399,0.2362000048160553
YAL064W-B,YDR510W,0,-5.0413933,0.2954680919647217,0.9909999966621399,0.2363000065088272
YJL112W,YDR210W-A,0,-5.0421386,0.29538002610206604,0.9909999966621399,0.23639999330043793
YEL054C,YPR154W,0,-5.0423036,0.2952920198440552,0.9909999966621399,0.23649999499320984
YER028C,YDL177C,0,-5.042761,0.2952040433883667,0.9909999966621399,0.23659999668598175
YPL250C,YMR006C,0,-5.0436015,0.295116126537323,0.9909999966621399,0.23669999837875366
YPL264C,YHR082C,0,-5.0441265,0.2950282692909241,0.9909999966621399,0.23680000007152557
YLR286C,YNL315C,0,-5.045024,0.2949404716491699,0.9909999966621399,0.23690000176429749
YNL019C,YFL029C,0,-5.0456567,0.29485273361206055,0.9909999966621399,0.2370000034570694
YNL070W,YEL046C,0,-5.046681,0.29476502537727356,0.9909999966621399,0.2371000051498413
YKL204W,YKL047W,0,-5.0474067,0.29467737674713135,0.9909999966621399,0.23720000684261322
YNL209W,YBR169C,0,-5.049684,0.2945897877216339,0.9909999966621399,0.23729999363422394
YPR153W,YNL192W,0,-5.0498977,0.29450222849845886,0.9909999966621399,0.23739999532699585
YMR003W,YKR104W,0,-5.0526075,0.2944147288799286,0.9909999966621399,0.23749999701976776
YCL038C,YNL008C,0,-5.053577,0.2943272888660431,0.9909999966621399,0.23759999871253967
YHR176W,YNL336W,0,-5.053949,0.29423990845680237,0.9909999966621399,0.23770000040531158
YHR177W,YDR377W,0,-5.054614,0.29415255784988403,0.9909999966621399,0.2378000020980835
YER142C,YJL144W,0,-5.0549693,0.29406529664993286,0.9909999966621399,0.2379000037908554
YHL022C,YLR432W,0,-5.054997,0.2939780354499817,0.9909999966621399,0.23800000548362732
YLR020C,YOL098C,0,-5.0551996,0.2938908636569977,0.9909999966621399,0.23810000717639923
YLR449W,YOR192C-B,0,-5.055438,0.29380372166633606,0.9909999966621399,0.23819999396800995
YNL244C,YFR020W,0,-5.0555177,0.2937166690826416,0.9909999966621399,0.23829999566078186
YPR157W,YGL033W,0,-5.055796,0.29362961649894714,0.9909999966621399,0.23839999735355377
YMR145C,YJR024C,0,-5.0565414,0.29354265332221985,0.9909999966621399,0.23849999904632568
YLR356W,YFR039C,0,-5.0569634,0.29345571994781494,0.9909999966621399,0.2386000007390976
YGR294W,YNR032C-A,0,-5.0572476,0.2933688461780548,0.9909999966621399,0.2387000024318695
YGR294W,YCR020W-B,0,-5.0575223,0.29328203201293945,0.9909999966621399,0.23880000412464142
YKR103W,YBL076C,0,-5.0579753,0.29319527745246887,0.9909999966621399,0.23890000581741333
YGL122C,YHR067W,0,-5.0582337,0.2931085526943207,0.9909999966621399,0.23899999260902405
YGR109W-B,YML101C,0,-5.0582376,0.29302188754081726,0.9909999966621399,0.23909999430179596
YLR345W,YMR025W,0,-5.0605597,0.29293525218963623,0.9909999966621399,0.23919999599456787
YLL054C,YNR058W,0,-5.060731,0.29284870624542236,0.9909999966621399,0.23929999768733978
YFL034C-A,YGR204W,0,-5.061641,0.2927621901035309,0.9909999966621399,0.2393999993801117
YJL155C,YGR166W,0,-5.0623646,0.2926757335662842,0.9909999966621399,0.2395000010728836
YKL181W,YDR309C,0,-5.063817,0.29258930683135986,0.9909999966621399,0.23960000276565552
YOR321W,YPL021W,0,-5.066048,0.2925029397010803,0.9909999966621399,0.23970000445842743
YDR471W,YER101C,0,-5.066538,0.29241663217544556,0.9909999966621399,0.23980000615119934
YER012W,YML018C,0,-5.0672784,0.29233038425445557,0.9909999966621399,0.23989999294281006
YBR108W,YHL025W,0,-5.0676136,0.29224416613578796,0.9909999966621399,0.23999999463558197
YPL063W,YMR263W,0,-5.0684485,0.29215800762176514,0.9909999966621399,0.24009999632835388
YLR243W,YGR192C,0,-5.068632,0.2920719087123871,0.9909999966621399,0.2401999980211258
YKL218C,YKL174C,0,-5.0693946,0.2919858694076538,0.9909999966621399,0.2402999997138977
YGR150C,YPR194C,0,-5.069646,0.2918998599052429,0.9909999966621399,0.24040000140666962
YAL051W,YNL220W,0,-5.070421,0.2918139100074768,0.9909999966621399,0.24050000309944153
YOR260W,YPL237W,0,-5.0705624,0.2917279899120331,0.9909999966621399,0.24060000479221344
YFL035C-B,YCR072C,0,-5.0720124,0.29164212942123413,0.9909999966621399,0.24070000648498535
YHL050C,YOR085W,0,-5.072346,0.29155632853507996,0.9909999966621399,0.24079999327659607
YBR028C,YOR185C,0,-5.072415,0.29147058725357056,0.9909999966621399,0.24089999496936798
YAR071W,YMR089C,0,-5.0737557,0.29138487577438354,0.9909999966621399,0.2409999966621399
YKR070W,YIL168W,0,-5.073763,0.2912992238998413,0.9909999966621399,0.2410999983549118
YDR294C,YOL040C,0,-5.075322,0.29121363162994385,0.9909999966621399,0.24120000004768372
YNL103W,YGL055W,0,-5.075834,0.29112809896469116,0.9909999966621399,0.24130000174045563
YJR026W,YHL009W-B,0,-5.0781255,0.29104259610176086,0.9909999966621399,0.24140000343322754
YGR186W,YBR154C,0,-5.078654,0.29095712304115295,0.9909999966621399,0.24150000512599945
YNL059C,YCL037C,0,-5.078752,0.2908717393875122,0.9909999966621399,0.24160000681877136
YOR048C,YHL034C,1,-5.079794,0.2910798192024231,0.9919999837875366,0.24160000681877136
YGL204C,YIR039C,0,-5.08019,0.29099443554878235,0.9919999837875366,0.24169999361038208
YNL247W,YMR182C,0,-5.0822883,0.290909081697464,0.9919999837875366,0.241799995303154
YML022W,YBL020W,0,-5.082538,0.2908238172531128,0.9919999837875366,0.2418999969959259
YOR267C,YGL057C,0,-5.08269,0.290738582611084,0.9919999837875366,0.24199999868869781
YOL068C,YGR140W,0,-5.083981,0.29065337777137756,0.9919999837875366,0.24210000038146973
YNR071C,YIL043C,0,-5.0840883,0.2905682623386383,0.9919999837875366,0.24220000207424164
YGL197W,YIL052C,0,-5.0844827,0.29048317670822144,0.9919999837875366,0.24230000376701355
YNR065C,YPL184C,0,-5.0848985,0.29039812088012695,0.9919999837875366,0.24240000545978546
YNR012W,YDR365W-A,0,-5.0850067,0.29031315445899963,0.9919999837875366,0.24250000715255737
YFL041W,YLR312C-B,0,-5.0858006,0.2902282178401947,0.9919999837875366,0.2425999939441681
YBR278W,YPL106C,0,-5.0860057,0.29014331102371216,0.9919999837875366,0.24269999563694
YBL100W-B,YPR006C,0,-5.0866985,0.2900584936141968,0.9919999837875366,0.24279999732971191
YKL107W,YJL133W,0,-5.086966,0.2899737060070038,0.9919999837875366,0.24289999902248383
YNL064C,YJR061W,0,-5.0872474,0.2898889482021332,0.9919999837875366,0.24300000071525574
YLR143W,YDL156W,0,-5.0874667,0.28980427980422974,0.9919999837875366,0.24310000240802765
YPR140W,YOR323C,0,-5.0878286,0.2897196114063263,0.9919999837875366,0.24320000410079956
YNL330C,YJR034W,0,-5.087851,0.28963503241539,0.9919999837875366,0.24330000579357147
YJR120W,YHR103W,0,-5.087944,0.2895504832267761,0.9919999837875366,0.2433999925851822
YMR050C,YLR246W,0,-5.088137,0.289465993642807,0.9919999837875366,0.2434999942779541
YDR471W,YLL026W,0,-5.0882454,0.28938156366348267,0.9919999837875366,0.243599995970726
YHR194W,YER074W-A,0,-5.089069,0.2892971634864807,0.9919999837875366,0.24369999766349792
YLR179C,YHR173C,0,-5.091597,0.28921282291412354,0.9919999837875366,0.24379999935626984
YOR172W,YDL114W,0,-5.0924015,0.28912854194641113,0.9919999837875366,0.24390000104904175
YDL091C,YJL216C,0,-5.092973,0.2890442907810211,0.9919999837875366,0.24400000274181366
YIR007W,YMR124W,0,-5.0937657,0.2889600992202759,0.9919999837875366,0.24410000443458557
YOR354C,YGL082W,0,-5.0938773,0.288875937461853,0.9919999837875366,0.24420000612735748
YER001W,YDR294C,0,-5.09569,0.28879183530807495,0.9919999837875366,0.2442999929189682
YOR390W,YGR076C,0,-5.097094,0.28870779275894165,0.9919999837875366,0.2443999946117401
YER190W,YKR089C,0,-5.0975246,0.2886238098144531,0.9919999837875366,0.24449999630451202
YLR430W,YLR192C,1,-5.0978556,0.2888307273387909,0.9929999709129333,0.24449999630451202
YOR101W,YHR214C-B,0,-5.0996757,0.28874671459198,0.9929999709129333,0.24459999799728394
YIL069C,YNL091W,0,-5.101397,0.28866279125213623,0.9929999709129333,0.24469999969005585
YGR002C,YKL011C,0,-5.1015697,0.28857889771461487,0.9929999709129333,0.24480000138282776
YGL247W,YJL008C,0,-5.102132,0.2884950637817383,0.9929999709129333,0.24490000307559967
YOR260W,YJL160C,0,-5.102841,0.2884112596511841,0.9929999709129333,0.24500000476837158
YIR010W,YDR399W,0,-5.1033273,0.28832751512527466,0.9929999709129333,0.2451000064611435
YPR108W,YLR312C-B,0,-5.103446,0.28824383020401,0.9929999709129333,0.2451999932527542
YLR084C,YPR027C,0,-5.103785,0.28816017508506775,0.9929999709129333,0.24529999494552612
YDR243C,YGL175C,0,-5.104655,0.28807657957077026,0.9929999709129333,0.24539999663829803
YMR319C,YNL023C,0,-5.105132,0.28799304366111755,0.9929999709129333,0.24549999833106995
YGR098C,YMR035W,0,-5.105991,0.28790953755378723,0.9929999709129333,0.24560000002384186
YDR472W,YJL144W,0,-5.107726,0.2878260910511017,0.9929999709129333,0.24570000171661377
YPR196W,YFR019W,0,-5.109009,0.2877426743507385,0.9929999709129333,0.24580000340938568
YPL026C,YML066C,0,-5.109163,0.28765931725502014,0.9929999709129333,0.2459000051021576
YJR072C,YJL144W,0,-5.1094756,0.28757601976394653,0.9929999709129333,0.2460000067949295
YML050W,YIR002C,0,-5.1095805,0.2874927520751953,0.9929999709129333,0.24609999358654022
YDR065W,YPL113C,0,-5.1097803,0.28740954399108887,0.9929999709129333,0.24619999527931213
YGL204C,YNL274C,0,-5.1111484,0.2873263955116272,0.9929999709129333,0.24629999697208405
YJL186W,YCR023C,0,-5.1119857,0.2872432768344879,0.9929999709129333,0.24639999866485596
YPR011C,YGR295C,0,-5.112255,0.2871602177619934,0.9929999709129333,0.24650000035762787
YGR244C,YGR144W,0,-5.1126394,0.2870771884918213,0.9929999709129333,0.24660000205039978
YJR105W,YKL063C,0,-5.1142716,0.28699421882629395,0.9929999709129333,0.2467000037431717
YDR506C,YML112W,0,-5.115291,0.2869113087654114,0.9929999709129333,0.2468000054359436
YOR030W,YGR149W,0,-5.115607,0.2868284285068512,0.9929999709129333,0.24690000712871552
YNL204C,YHL030W,0,-5.116574,0.2867456078529358,0.9929999709129333,0.24699999392032623
YGR056W,YDL055C,0,-5.1166916,0.2866628170013428,0.9929999709129333,0.24709999561309814
YPR134W,YGL101W,0,-5.1171412,0.28658008575439453,0.9929999709129333,0.24719999730587006
YLL002W,YPL117C,0,-5.117777,0.28649741411209106,0.9929999709129333,0.24729999899864197
YBR120C,YGR149W,0,-5.1185718,0.28641477227211,0.9929999709129333,0.24740000069141388
YPL088W,YKL152C,0,-5.11911,0.2863321900367737,0.9929999709129333,0.2475000023841858
YOR313C,YLR284C,0,-5.1196485,0.28624963760375977,0.9929999709129333,0.2476000040769577
YBR219C,YMR220W,0,-5.120165,0.2861671447753906,0.9929999709129333,0.24770000576972961
YLR335W,YOL065C,0,-5.1204777,0.28608471155166626,0.9929999709129333,0.24779999256134033
YOR144C,YER070W,0,-5.1210303,0.2860023081302643,0.9929999709129333,0.24789999425411224
YMR016C,YIL047C,0,-5.122901,0.2859199643135071,0.9929999709129333,0.24799999594688416
YBR012W-B,YDL127W,0,-5.1232247,0.28583765029907227,0.9929999709129333,0.24809999763965607
YGR294W,YGR016W,0,-5.1238437,0.2857553958892822,0.9929999709129333,0.24819999933242798
YPR158C-D,YEL048C,0,-5.1247673,0.28567320108413696,0.9929999709129333,0.2483000010251999
YDR435C,YKL114C,0,-5.1269374,0.2855910360813141,0.9929999709129333,0.2484000027179718
YHR042W,YML133C,0,-5.127133,0.2855089008808136,0.9929999709129333,0.2485000044107437
YNL216W,YHR045W,0,-5.1284924,0.2854268550872803,0.9929999709129333,0.24860000610351562
YOL076W,YHR185C,0,-5.1287227,0.28534483909606934,0.9929999709129333,0.24869999289512634
YOR381W,YGL185C,0,-5.1298566,0.2852628529071808,0.9929999709129333,0.24879999458789825
YDL063C,YDR359C,0,-5.1307483,0.285180926322937,0.9929999709129333,0.24889999628067017
YGL160W,YOR259C,0,-5.131325,0.285099059343338,0.9929999709129333,0.24899999797344208
YDR457W,YLR447C,0,-5.1316895,0.2850172221660614,0.9929999709129333,0.249099999666214
YPL220W,YGL107C,0,-5.132079,0.28493544459342957,0.9929999709129333,0.2492000013589859
YJL076W,YDR532C,0,-5.1322722,0.2848536968231201,0.9929999709129333,0.2493000030517578
YIR026C,YNL288W,0,-5.1329937,0.28477200865745544,0.9929999709129333,0.24940000474452972
YPL147W,YMR019W,0,-5.1337485,0.28469038009643555,0.9929999709129333,0.24950000643730164
YCR043C,YDL010W,0,-5.133822,0.28460878133773804,0.9929999709129333,0.24959999322891235
YDL064W,YFL002W-B,0,-5.1339426,0.2845272123813629,0.9929999709129333,0.24969999492168427
YOR255W,YLR019W,0,-5.134043,0.28444570302963257,0.9929999709129333,0.24979999661445618
YDL120W,YML024W,0,-5.136105,0.284364253282547,0.9929999709129333,0.2498999983072281
YNL316C,YKL107W,0,-5.1363015,0.2842828631401062,0.9929999709129333,0.25
YJR091C,YDR268W,0,-5.1363654,0.2842015027999878,0.9929999709129333,0.2500999867916107
YPL118W,YBR118W,0,-5.138206,0.2841201722621918,0.9929999709129333,0.2502000033855438
YOL157C,YOR038C,0,-5.1397934,0.2840389013290405,0.9929999709129333,0.25029999017715454
YBL055C,YPR116W,0,-5.141457,0.28395769000053406,0.9929999709129333,0.25040000677108765
YPR158W,YFL054C,0,-5.1416306,0.28387650847435,0.9929999709129333,0.25049999356269836
YDR210W,YBL033C,0,-5.1421633,0.2837953567504883,0.9929999709129333,0.25060001015663147
YDR316W-A,YGR264C,0,-5.1421947,0.28371429443359375,0.9929999709129333,0.2506999969482422
YLR359W,YKR049C,0,-5.142529,0.2836332619190216,0.9929999709129333,0.2508000135421753
YDR379C-A,YOL049W,0,-5.1428585,0.28355225920677185,0.9929999709129333,0.250900000333786
YNL081C,YBL108C-A,0,-5.1428585,0.28347131609916687,0.9929999709129333,0.25099998712539673
YOR205C,YBL029C-A,0,-5.1428585,0.2833904027938843,0.9929999709129333,0.25110000371932983
YDR379C-A,YOL143C,0,-5.1428585,0.28330954909324646,0.9929999709129333,0.25119999051094055
YDR379C-A,YLR390W,0,-5.1428585,0.2832287549972534,0.9929999709129333,0.25130000710487366
YDR379C-A,YDR117C,0,-5.1428585,0.28314799070358276,0.9929999709129333,0.2513999938964844
YDR379C-A,YGR037C,0,-5.1428585,0.2830672860145569,0.9929999709129333,0.2515000104904175
YDR379C-A,YFL013C,0,-5.1428585,0.2829866111278534,0.9929999709129333,0.2515999972820282
YDR379C-A,YJR085C,0,-5.1428585,0.2829059958457947,0.9929999709129333,0.2517000138759613
YHR203C,YKL217W,0,-5.14337,0.28282541036605835,0.9929999709129333,0.251800000667572
YNR062C,YPL065W,0,-5.144504,0.2827448844909668,0.9929999709129333,0.25189998745918274
YDL134C-A,YLL034C,0,-5.1454473,0.28266438841819763,0.9929999709129333,0.25200000405311584
YGR209C,YNL025C,0,-5.1454787,0.28258395195007324,0.9929999709129333,0.25209999084472656
YDL033C,YGL008C,0,-5.1458344,0.28250354528427124,0.9929999709129333,0.25220000743865967
YOR363C,YLR367W,0,-5.1473546,0.282423198223114,0.9929999709129333,0.2522999942302704
YOR207C,YOR269W,0,-5.147464,0.28234291076660156,0.9929999709129333,0.2524000108242035
YOR142W,YDL150W,0,-5.147544,0.2822626531124115,0.9929999709129333,0.2524999976158142
YGR171C,YML031W,0,-5.1479626,0.2821824252605438,0.9929999709129333,0.2526000142097473
YMR032W,YNL098C,0,-5.148253,0.2821022868156433,0.9929999709129333,0.25270000100135803
YMR051C,YLR397C,0,-5.1486855,0.2820221483707428,0.9929999709129333,0.25279998779296875
YDR516C,YPL184C,0,-5.1500535,0.28194206953048706,0.9929999709129333,0.25290000438690186
YNL019C,YJL112W,0,-5.1504207,0.2818620502948761,0.9929999709129333,0.2529999911785126
YER116C,YNL206C,0,-5.1507845,0.2817820608615875,0.9929999709129333,0.2531000077724457
YHL024W,YDR165W,0,-5.151099,0.2817021310329437,0.9929999709129333,0.2531999945640564
YLR419W,YML095C,0,-5.1513753,0.2816222310066223,0.9929999709129333,0.2533000111579895
YJR061W,YLR320W,0,-5.1514754,0.2815423905849457,0.9929999709129333,0.2533999979496002
YIL132C,YKR106W,0,-5.1517463,0.28146257996559143,0.9929999709129333,0.2535000145435333
YDR150W,YGR217W,0,-5.152025,0.28138282895088196,0.9929999709129333,0.25360000133514404
YGL160W,YBL023C,0,-5.1529307,0.2813031077384949,0.9929999709129333,0.25369998812675476
YBR251W,YPL175W,0,-5.153195,0.28122344613075256,0.9929999709129333,0.25380000472068787
YHR128W,YOL141W,0,-5.1545763,0.28114381432533264,0.9929999709129333,0.2538999915122986
YLR289W,YOR246C,0,-5.1556077,0.2810642421245575,0.9929999709129333,0.2540000081062317
YKR076W,YDR014W,0,-5.15663,0.2809847295284271,0.9929999709129333,0.2540999948978424
YFR034C,YOR117W,0,-5.1587434,0.28090524673461914,0.9929999709129333,0.2542000114917755
YLR410W-A,YHL001W,0,-5.1596045,0.28082579374313354,0.9929999709129333,0.25429999828338623
YEL059C-A,YHR129C,0,-5.160147,0.2807464003562927,0.9929999709129333,0.25440001487731934
YPR158C-D,YBL028C,0,-5.1604843,0.2806670367717743,0.9929999709129333,0.25450000166893005
YDR122W,YJL113W,0,-5.1609797,0.28058773279190063,0.9929999709129333,0.25459998846054077
YGL076C,YBR278W,0,-5.161718,0.28050848841667175,0.9929999709129333,0.2547000050544739
YJL062W-A,YHR072W,0,-5.1620326,0.28042924404144287,0.9929999709129333,0.2547999918460846
YCR028C-A,YDL222C,0,-5.1623096,0.28035008907318115,0.9929999709129333,0.2549000084400177
YLR176C,YGR245C,0,-5.1623096,0.2802709639072418,0.9929999709129333,0.2549999952316284
YDL109C,YNL233W,0,-5.1625113,0.2801918685436249,0.9929999709129333,0.2551000118255615
YGR252W,YDR170W-A,0,-5.162852,0.2801128327846527,0.9929999709129333,0.25519999861717224
YCR041W,YDR425W,0,-5.163255,0.28003382682800293,0.9929999709129333,0.25529998540878296
YJL049W,YBR046C,0,-5.1638284,0.2799548804759979,0.9929999709129333,0.25540000200271606
YML123C,YML132W,0,-5.163862,0.2798759937286377,0.9929999709129333,0.2554999887943268
YDR304C,YGR169C-A,0,-5.1654773,0.27979713678359985,0.9929999709129333,0.2556000053882599
YJL131C,YGL163C,0,-5.165975,0.2797183096408844,0.9929999709129333,0.2556999921798706
YIL089W,YHR167W,0,-5.1663766,0.2796395421028137,0.9929999709129333,0.2558000087738037
YHL017W,YGL089C,0,-5.1667285,0.27956080436706543,0.9929999709129333,0.25589999556541443
YIR023W,YOR292C,0,-5.1667933,0.2794821262359619,0.9929999709129333,0.25600001215934753
YPL133C,YER130C,0,-5.1673703,0.2794034779071808,0.9929999709129333,0.25609999895095825
YIL110W,YKR021W,0,-5.1680665,0.27932488918304443,0.9929999709129333,0.25619998574256897
YJL133W,YDR364C,0,-5.16935,0.27924633026123047,0.9929999709129333,0.2563000023365021
YBR230C,YOR229W,0,-5.1700544,0.2791678309440613,0.9929999709129333,0.2563999891281128
YDL226C,YNL260C,0,-5.1705737,0.2790893614292145,0.9929999709129333,0.2565000057220459
YLR229C,YEL018W,0,-5.1711497,0.27901095151901245,0.9929999709129333,0.2565999925136566
YER087W,YGR067C,0,-5.1724124,0.2789325714111328,0.9929999709129333,0.2567000091075897
YMR165C,YFL066C,0,-5.173223,0.27885425090789795,0.9929999709129333,0.25679999589920044
YNL245C,YDR354W,0,-5.1740255,0.2787759602069855,0.9929999709129333,0.25690001249313354
YHR128W,YGR166W,0,-5.175198,0.2786977291107178,0.9929999709129333,0.25699999928474426
YJR134C,YCR023C,0,-5.176432,0.27861952781677246,0.9929999709129333,0.257099986076355
YNR003C,YGL261C,0,-5.177365,0.2785413861274719,0.9929999709129333,0.2572000026702881
YPR157W,YIL056W,0,-5.180592,0.2784632742404938,0.9929999709129333,0.2572999894618988
YJL160C,YPL106C,0,-5.18072,0.278385192155838,0.9929999709129333,0.2574000060558319
YMR017W,YPL113C,0,-5.181697,0.278307169675827,0.9929999709129333,0.2574999928474426
YLR206W,YDL217C,0,-5.182376,0.2782292068004608,0.9929999709129333,0.25760000944137573
YIL145C,YPR137C-B,0,-5.183364,0.278151273727417,0.9929999709129333,0.25769999623298645
YJR112W,YLL061W,0,-5.183962,0.27807337045669556,0.9929999709129333,0.25780001282691956
YOR362C,YOR298W,0,-5.184623,0.2779955267906189,0.9929999709129333,0.2578999996185303
YDL232W,YBR105C,0,-5.184861,0.2779177129268646,0.9929999709129333,0.257999986410141
YPL063W,YGL021W,0,-5.1852555,0.2778399586677551,0.9929999709129333,0.2581000030040741
YGR096W,YDR385W,0,-5.185349,0.277762234210968,0.9929999709129333,0.2581999897956848
YDR049W,YDL085W,0,-5.1862845,0.2776845693588257,0.9929999709129333,0.2583000063896179
YGL039W,YKL055C,0,-5.1863756,0.27760693430900574,0.9929999709129333,0.25839999318122864
YLR251W,YOL114C,0,-5.186752,0.27752935886383057,0.9929999709129333,0.25850000977516174
YDL135C,YNL092W,0,-5.186997,0.2774518132209778,0.9929999709129333,0.25859999656677246
YJR105W,YDL030W,0,-5.1871552,0.2773742973804474,0.9929999709129333,0.25870001316070557
YER108C,YFR047C,0,-5.1876693,0.27729684114456177,0.9929999709129333,0.2587999999523163
YMR250W,YJR108W,0,-5.1899104,0.2772194445133209,0.9929999709129333,0.258899986743927
YNL262W,YPR114W,0,-5.190418,0.2771420478820801,0.9929999709129333,0.2590000033378601
YBL074C,YKL042W,0,-5.190436,0.2770647406578064,0.9929999709129333,0.2590999901294708
YEL052W,YER182W,0,-5.1905246,0.2769874334335327,0.9929999709129333,0.25920000672340393
YGR296W,YKL116C,0,-5.192305,0.2769102156162262,0.9929999709129333,0.25929999351501465
YIL143C,YOR223W,0,-5.193741,0.2768329977989197,0.9929999709129333,0.25940001010894775
YDR316W-A,YGL103W,0,-5.194276,0.27675583958625793,0.9929999709129333,0.25949999690055847
YDR210W-A,YFL001W,0,-5.195684,0.27667874097824097,0.9929999709129333,0.2596000134944916
YOR212W,YPL052W,0,-5.196718,0.2766016721725464,0.9929999709129333,0.2597000002861023
YHR019C,YJL020C,0,-5.196751,0.2765246331691742,0.9929999709129333,0.259799987077713
YDR316W-A,YHL039W,0,-5.1970916,0.2764476537704468,0.9929999709129333,0.2599000036716461
YJL114W,YMR201C,0,-5.19874,0.27637073397636414,0.9929999709129333,0.25999999046325684
YHR003C,YFL017W-A,0,-5.199081,0.2762938141822815,0.9929999709129333,0.26010000705718994
YIL005W,YGR235C,0,-5.1993384,0.27621695399284363,0.9929999709129333,0.26019999384880066
YGR127W,YJL045W,0,-5.2001367,0.27614015340805054,0.9929999709129333,0.26030001044273376
YFR027W,YOR396W,0,-5.2004647,0.27606338262557983,0.9929999709129333,0.2603999972343445
YGL256W,YDL021W,0,-5.2006927,0.2759866714477539,0.9929999709129333,0.2605000138282776
YPL062W,YNL180C,0,-5.200748,0.275909960269928,0.9929999709129333,0.2606000006198883
YKL063C,YGL059W,0,-5.2007756,0.2758333384990692,0.9929999709129333,0.260699987411499
YBR164C,YMR257C,0,-5.201116,0.27575674653053284,0.9929999709129333,0.26080000400543213
YBR164C,YJL117W,0,-5.201324,0.27568018436431885,0.9929999709129333,0.26089999079704285
YGL195W,YHL038C,0,-5.204017,0.27560365200042725,0.9929999709129333,0.26100000739097595
YOR349W,YMR131C,0,-5.204062,0.2755271792411804,0.9929999709129333,0.26109999418258667
YDR246W,YKR026C,0,-5.204086,0.27545076608657837,0.9929999709129333,0.2612000107765198
YER035W,YNL055C,0,-5.2044683,0.2753743827342987,0.9929999709129333,0.2612999975681305
YIR010W,YKL166C,0,-5.204592,0.27529802918434143,0.9929999709129333,0.2614000141620636
YBR087W,YDL248W,0,-5.204743,0.27522173523902893,0.9929999709129333,0.2615000009536743
YEL022W,YOR074C,0,-5.2047677,0.2751454710960388,0.9929999709129333,0.26159998774528503
YGL134W,YLR160C,0,-5.2052035,0.2750692665576935,0.9929999709129333,0.26170000433921814
YMR050C,YHR186C,0,-5.205841,0.27499306201934814,0.9929999709129333,0.26179999113082886
YOR167C,YOL003C,0,-5.2060256,0.27491694688796997,0.9929999709129333,0.26190000772476196
YBR016W,YBR112C,0,-5.2060857,0.2748408615589142,0.9929999709129333,0.2619999945163727
YPL224C,YHR073W,0,-5.206631,0.2747648060321808,0.9929999709129333,0.2621000111103058
YJL062W-A,YNL223W,0,-5.2074237,0.27468881011009216,0.9929999709129333,0.2621999979019165
YJR093C,YBR242W,0,-5.207435,0.2746128439903259,0.9929999709129333,0.2623000144958496
YHR043C,YDR261C-D,0,-5.2090597,0.2745369076728821,0.9929999709129333,0.2624000012874603
YMR242C,YNL097C,0,-5.209233,0.274461030960083,0.9929999709129333,0.26249998807907104
YOL045W,YMR210W,0,-5.209293,0.2743851840496063,0.9929999709129333,0.26260000467300415
YLR419W,YLR268W,0,-5.2105374,0.2743093967437744,0.9929999709129333,0.26269999146461487
YFR011C,YDL190C,0,-5.210712,0.2742336392402649,0.9929999709129333,0.262800008058548
YGR287C,YBR163W,0,-5.2108335,0.27415791153907776,0.9929999709129333,0.2628999948501587
YDR261W-A,YJR025C,0,-5.2111716,0.2740822434425354,0.9929999709129333,0.2630000114440918
YDR064W,YPR027C,0,-5.2116446,0.2740066349506378,0.9929999709129333,0.2630999982357025
YML051W,YDR473C,0,-5.2121096,0.27393102645874023,0.9929999709129333,0.2632000148296356
YNL151C,YML114C,0,-5.2125893,0.2738554775714874,0.9929999709129333,0.26330000162124634
YBR219C,YLR067C,0,-5.212709,0.2737799882888794,0.9929999709129333,0.26339998841285706
YLR320W,YNL268W,0,-5.213238,0.27370452880859375,0.9929999709129333,0.26350000500679016
YPL041C,YNL020C,0,-5.2136683,0.2736290991306305,0.9929999709129333,0.2635999917984009
YGL101W,YFR025C,0,-5.2144256,0.273553729057312,0.9929999709129333,0.263700008392334
YIL112W,YKL037W,0,-5.215577,0.2734783887863159,0.9929999709129333,0.2637999951839447
YMR202W,YJR041C,0,-5.2159066,0.2734030783176422,0.9929999709129333,0.2639000117778778
YDR233C,YPL030W,0,-5.2163467,0.2733278274536133,0.9929999709129333,0.2639999985694885
YDL033C,YDR034C-D,0,-5.2164516,0.27325260639190674,0.9929999709129333,0.26409998536109924
YER029C,YDL108W,0,-5.217456,0.27317744493484497,0.9929999709129333,0.26420000195503235
YIL043C,YOR343W-A,0,-5.2178597,0.2731023132801056,0.9929999709129333,0.26429998874664307
YML097C,YPL046C,0,-5.2188973,0.2730272114276886,0.9929999709129333,0.26440000534057617
YLR173W,YOL151W,0,-5.218958,0.2729521691799164,0.9929999709129333,0.2644999921321869
YOR081C,YKR099W,0,-5.2196264,0.27287715673446655,0.9929999709129333,0.26460000872612
YIR023W,YFL035C,0,-5.22004,0.2728022038936615,0.9929999709129333,0.2646999955177307
YBL100W-A,YER028C,0,-5.220096,0.27272728085517883,0.9929999709129333,0.2648000121116638
YLR158C,YDR055W,0,-5.2202754,0.27265238761901855,0.9929999709129333,0.26489999890327454
YML092C,YIL067C,0,-5.2203217,0.27257755398750305,0.9929999709129333,0.26499998569488525
YNL056W,YPL046C,0,-5.2207723,0.27250275015830994,0.9929999709129333,0.26510000228881836
YLR323C,YOR298W,0,-5.2210927,0.2724279761314392,0.9929999709129333,0.2651999890804291
YML100W,YBL020W,0,-5.221321,0.27235326170921326,0.9929999709129333,0.2653000056743622
YHR003C,YLR274W,0,-5.2213473,0.2722785770893097,0.9929999709129333,0.2653999924659729
YKR070W,YGL047W,0,-5.222256,0.2722039520740509,0.9929999709129333,0.265500009059906
YGR077C,YBR280C,0,-5.2223682,0.2721293568611145,0.9929999709129333,0.2655999958515167
YGR168C,YML003W,0,-5.2226677,0.2720547914505005,0.9929999709129333,0.26570001244544983
YGR172C,YKR095W,0,-5.224143,0.27198028564453125,0.9929999709129333,0.26579999923706055
YER179W,YKL214C,0,-5.2250547,0.2719058096408844,0.9929999709129333,0.26589998602867126
YHR033W,YFR025C,0,-5.225736,0.27183136343955994,0.9929999709129333,0.26600000262260437
YLR426W,YCL018W,0,-5.225908,0.27175697684288025,0.9929999709129333,0.2660999894142151
YAL018C,YOR241W,0,-5.227161,0.27168262004852295,0.9929999709129333,0.2662000060081482
YPR165W,YJR026W,0,-5.2280593,0.2716083228588104,0.9929999709129333,0.2662999927997589
YDR069C,YGR110W,0,-5.22813,0.2715340554714203,0.9929999709129333,0.266400009393692
YLR370C,YLL016W,0,-5.2286243,0.27145981788635254,0.9929999709129333,0.26649999618530273
YMR199W,YHL012W,0,-5.228976,0.2713856101036072,0.9929999709129333,0.26660001277923584
YBR219C,YPL023C,0,-5.2289968,0.2713114619255066,0.9929999709129333,0.26669999957084656
YOR354C,YER036C,0,-5.230243,0.2712373733520508,0.9929999709129333,0.2667999863624573
YBR026C,YDR122W,0,-5.2303414,0.27116328477859497,0.9929999709129333,0.2669000029563904
YIL148W,YLL055W,0,-5.231171,0.2710892856121063,0.9929999709129333,0.2669999897480011
YGR253C,YIL139C,0,-5.23127,0.2710152864456177,0.9929999709129333,0.2671000063419342
YGR093W,YPL220W,0,-5.231333,0.2709413468837738,0.9929999709129333,0.2671999931335449
YIL062C,YDL112W,0,-5.2317476,0.2708674371242523,0.9929999709129333,0.267300009727478
YGL051W,YDR063W,0,-5.2324233,0.2707935571670532,0.9929999709129333,0.26739999651908875
YOL051W,YPR116W,0,-5.233028,0.2707197368144989,0.9929999709129333,0.26750001311302185
YIL094C,YDR545W,0,-5.2336717,0.27064594626426697,0.9929999709129333,0.26759999990463257
YNL230C,YPL172C,0,-5.2337627,0.2705722153186798,0.9929999709129333,0.2676999866962433
YNL220W,YPL176C,0,-5.2338743,0.27049851417541504,0.9929999709129333,0.2678000032901764
YFR018C,YDL133W,0,-5.234052,0.27042484283447266,0.9929999709129333,0.2678999900817871
YPR204W,YOL102C,0,-5.234305,0.27035120129585266,0.9929999709129333,0.2680000066757202
YGL210W-A,YHR143W,0,-5.234707,0.27027761936187744,0.9929999709129333,0.26809999346733093
YER185W,YBR189W,0,-5.2347093,0.2702040672302246,0.9929999709129333,0.26820001006126404
YBR031W,YIL119C,0,-5.2348943,0.27013057470321655,0.9929999709129333,0.26829999685287476
YLR287C-A,YAL061W,0,-5.235659,0.2700571119785309,0.9929999709129333,0.26840001344680786
YDL074C,YDR225W,0,-5.2366548,0.2699836790561676,0.9929999709129333,0.2685000002384186
YNR006W,YFL011W-A,0,-5.237496,0.2699103057384491,0.9929999709129333,0.2685999870300293
YDR531W,YLR025W,0,-5.237618,0.269836962223053,0.9929999709129333,0.2687000036239624
YAR050W,YMR113W,0,-5.2378116,0.26976364850997925,0.9929999709129333,0.2687999904155731
YNL284C-B,YOL039W,0,-5.2381353,0.2696903944015503,0.9929999709129333,0.2689000070095062
YOL077W-A,YKL107W,0,-5.2381635,0.2696171700954437,0.9929999709129333,0.26899999380111694
YGR054W,YGR038C-B,0,-5.238901,0.26954397559165955,0.9929999709129333,0.26910001039505005
YJL189W,YEL027W,0,-5.240783,0.26947084069252014,0.9929999709129333,0.26919999718666077
YER029C,YML074C,0,-5.2411575,0.2693977355957031,0.9929999709129333,0.26930001378059387
YDR504C,YPR001W,0,-5.242087,0.2693246603012085,0.9929999709129333,0.2694000005722046
YOL054W,YLR283W,0,-5.242784,0.26925161480903625,0.9929999709129333,0.2694999873638153
YHL028W,YLL026W,0,-5.2429175,0.2691786289215088,0.9929999709129333,0.2696000039577484
YGR183C,YFR028C,0,-5.2431784,0.2691057026386261,0.9929999709129333,0.26969999074935913
YGL139W,YBR198C,0,-5.243901,0.2690327763557434,0.9929999709129333,0.26980000734329224
YGR125W,YPL190C,0,-5.2442775,0.2689599096775055,0.9929999709129333,0.26989999413490295
YJL145W,YOR232W,0,-5.244436,0.26888707280158997,0.9929999709129333,0.27000001072883606
YDL063C,YKL064W,0,-5.24515,0.2688142955303192,0.9929999709129333,0.2700999975204468
YLR427W,YEL003W,0,-5.2452044,0.26874154806137085,0.9929999709129333,0.2702000141143799
YOR246C,YNL271C,0,-5.245358,0.2686688303947449,0.9929999709129333,0.2703000009059906
YGL057C,YNL049C,0,-5.246377,0.26859617233276367,0.9929999709129333,0.2703999876976013
YDL051W,YLL054C,0,-5.2464895,0.26852351427078247,0.9929999709129333,0.2705000042915344
YNL294C,YBR105C,0,-5.2465634,0.26845094561576843,0.9929999709129333,0.27059999108314514
YGR185C,YJL037W,0,-5.2473855,0.2683783769607544,0.9929999709129333,0.27070000767707825
YPL163C,YGR192C,0,-5.2486796,0.26830586791038513,0.9929999709129333,0.27079999446868896
YLR303W,YLL054C,0,-5.249498,0.26823338866233826,0.9929999709129333,0.27090001106262207
YAL003W,YPL202C,0,-5.249518,0.26816093921661377,0.9929999709129333,0.2709999978542328
YLR356W,YGL058W,0,-5.249761,0.26808854937553406,0.9929999709129333,0.2711000144481659
YPR178W,YIL176C,0,-5.2516704,0.26801618933677673,0.9929999709129333,0.2712000012397766
YFR032C-A,YER129W,0,-5.2517657,0.2679438889026642,0.9929999709129333,0.27129998803138733
YDL134C-A,YDR081C,0,-5.252686,0.26787158846855164,0.9929999709129333,0.27140000462532043
YIL049W,YKR104W,0,-5.253081,0.26779934763908386,0.9929999709129333,0.27149999141693115
YPR133C,YGL140C,0,-5.2532315,0.2677271366119385,0.9929999709129333,0.27160000801086426
YML073C,YDL226C,0,-5.2534018,0.26765498518943787,0.9929999709129333,0.271699994802475
YGR125W,YKL053C-A,0,-5.254272,0.26758286356925964,0.9929999709129333,0.2718000113964081
YPL200W,YGR191W,0,-5.257954,0.2675107717514038,0.9929999709129333,0.2718999981880188
YER021W,YML002W,0,-5.258112,0.26743873953819275,0.9929999709129333,0.2720000147819519
YGL092W,YFL010W-A,0,-5.258802,0.2673667073249817,0.9929999709129333,0.2721000015735626
YOR172W,YLR211C,0,-5.2589483,0.2672947645187378,0.9929999709129333,0.27219998836517334
YPL279C,YHR072W,0,-5.2589817,0.2672228217124939,0.9929999709129333,0.27230000495910645
YPR204W,YJR055W,0,-5.2592893,0.2671509385108948,0.9929999709129333,0.27239999175071716
YJR106W,YPR006C,0,-5.259292,0.26707908511161804,0.9929999709129333,0.27250000834465027
YBR294W,YDR370C,0,-5.2595034,0.2670072615146637,0.9929999709129333,0.272599995136261
YDR097C,YCR043C,0,-5.259525,0.2669354975223541,0.9929999709129333,0.2727000117301941
YLL036C,YER169W,0,-5.2599177,0.26686373353004456,0.9929999709129333,0.2727999985218048
YFR016C,YOR362C,0,-5.260198,0.26679205894470215,0.9929999709129333,0.2728999853134155
YPR157W,YCR053W,0,-5.26109,0.26672038435935974,0.9929999709129333,0.27300000190734863
YLL062C,YKL043W,0,-5.2617717,0.2666487693786621,0.9929999709129333,0.27309998869895935
YDR170W-A,YBR123C,0,-5.262711,0.26657718420028687,0.9929999709129333,0.27320000529289246
YNR024W,YJR104C,0,-5.263109,0.266505628824234,0.9929999709129333,0.2732999920845032
YNL024C,YDR469W,0,-5.263187,0.2664341330528259,0.9929999709129333,0.2734000086784363
YOR057W,YDL206W,0,-5.264734,0.26636266708374023,0.9929999709129333,0.273499995470047
YBR195C,YGR076C,0,-5.2664046,0.26629123091697693,0.9929999709129333,0.2736000120639801
YLR461W,YDL087C,0,-5.2668653,0.266219824552536,0.9929999709129333,0.2736999988555908
YJR001W,YLR072W,0,-5.2673593,0.26614847779273987,0.9929999709129333,0.27379998564720154
YOR322C,YDR348C,0,-5.26743,0.2660771608352661,0.9929999709129333,0.27390000224113464
YPR109W,YOR393W,0,-5.267717,0.26600590348243713,0.9929999709129333,0.27399998903274536
YML095C,YJL222W,0,-5.267837,0.26593464612960815,0.9929999709129333,0.27410000562667847
YGR010W,YDL178W,0,-5.268737,0.26586344838142395,0.9929999709129333,0.2741999924182892
YNL312W,YOR021C,0,-5.2701426,0.26579228043556213,0.9929999709129333,0.2743000090122223
YMR096W,YLR221C,0,-5.270156,0.2657211720943451,0.9929999709129333,0.274399995803833
YPR196W,YBR163W,0,-5.2710047,0.26565009355545044,0.9929999709129333,0.2745000123977661
YJR072C,YBR283C,0,-5.2711535,0.2655790448188782,0.9929999709129333,0.27459999918937683
YJL173C,YOR232W,0,-5.271683,0.2655080258846283,0.9929999709129333,0.27469998598098755
YPR108W,YBR070C,0,-5.2723494,0.2654370367527008,0.9929999709129333,0.27480000257492065
YKL171W,YGL163C,0,-5.2731295,0.2653661072254181,0.9929999709129333,0.27489998936653137
YKL133C,YJR095W,0,-5.2732887,0.26529520750045776,0.9929999709129333,0.2750000059604645
YGL259W,YJR109C,0,-5.2737937,0.2652243673801422,0.9929999709129333,0.2750999927520752
YBR155W,YFL006W,0,-5.273904,0.26515352725982666,0.9929999709129333,0.2752000093460083
YDL134C-A,YDR037W,0,-5.2748713,0.2650827467441559,0.9929999709129333,0.275299996137619
YPR025C,YNL157W,0,-5.275156,0.2650119960308075,0.9929999709129333,0.2754000127315521
YOL072W,YOR383C,0,-5.27597,0.2649413049221039,0.9929999709129333,0.27549999952316284
YDL134C,YGR283C,0,-5.27607,0.26487064361572266,0.9929999709129333,0.27559998631477356
YCL039W,YML043C,0,-5.277055,0.2648000121116638,0.9929999709129333,0.27570000290870667
YOR246C,YNL227C,0,-5.277367,0.26472941040992737,0.9929999709129333,0.2757999897003174
YDL210W,YCR101C,0,-5.2780623,0.2646588385105133,0.9929999709129333,0.2759000062942505
YAL002W,YDL155W,0,-5.2781253,0.264588326215744,0.9929999709129333,0.2759999930858612
YKL165C,YHL025W,0,-5.278536,0.2645178437232971,0.9929999709129333,0.2761000096797943
YDR170W-A,YMR289W,0,-5.2791066,0.2644473910331726,0.9929999709129333,0.27619999647140503
YMR003W,YCR095C,0,-5.2796307,0.26437699794769287,0.9929999709129333,0.27630001306533813
YDL107W,YGR266W,0,-5.2808137,0.2643066346645355,0.9929999709129333,0.27639999985694885
YHR034C,YOL121C,1,-5.280921,0.2645024061203003,0.9940000176429749,0.27639999985694885
YKL198C,YOR298C-A,0,-5.2811494,0.26443204283714294,0.9940000176429749,0.27649998664855957
YOL052C-A,YER177W,0,-5.2815313,0.264361709356308,0.9940000176429749,0.2766000032424927
YGR254W,YFL054C,0,-5.2816753,0.2642914056777954,0.9940000176429749,0.2766999900341034
YOR308C,YIL047C,0,-5.2820153,0.2642211616039276,0.9940000176429749,0.2768000066280365
YIL072W,YKL105C,0,-5.282939,0.2641509473323822,0.9940000176429749,0.2768999934196472
YDR170W-A,YKL150W,0,-5.2831683,0.2640807628631592,0.9940000176429749,0.2770000100135803
YIL176C,YPL242C,0,-5.2835364,0.26401063799858093,0.9940000176429749,0.27709999680519104
YHR033W,YIL114C,0,-5.28362,0.2639405131340027,0.9940000176429749,0.27720001339912415
YDR173C,YHL012W,0,-5.284675,0.2638704478740692,0.9940000176429749,0.27730000019073486
YKR099W,YFR006W,0,-5.2853055,0.26380041241645813,0.9940000176429749,0.2773999869823456
YHR033W,YOR339C,0,-5.2863183,0.2637304365634918,0.9940000176429749,0.2775000035762787
YGR292W,YJL113W,0,-5.2869697,0.2636604905128479,0.9940000176429749,0.2775999903678894
YNL194C,YPR155C,0,-5.287079,0.26359057426452637,0.9940000176429749,0.2777000069618225
YOR347C,YLR266C,0,-5.2876506,0.2635206878185272,0.9940000176429749,0.2777999937534332
YFL034C-A,YCL066W,0,-5.288655,0.26345083117485046,0.9940000176429749,0.27790001034736633
YDR316W-B,YDL055C,0,-5.2886834,0.2633810341358185,0.9940000176429749,0.27799999713897705
YNL286W,YIL077C,0,-5.28945,0.2633112668991089,0.9940000176429749,0.27810001373291016
YGL168W,YPL243W,0,-5.2895827,0.2632415294647217,0.9940000176429749,0.2782000005245209
YPL187W,YPL062W,0,-5.2897,0.26317182183265686,0.9940000176429749,0.2782999873161316
YOL031C,YDL248W,0,-5.2903833,0.2631021738052368,0.9940000176429749,0.2784000039100647
YER172C,YDR141C,0,-5.2907286,0.26303255558013916,0.9940000176429749,0.2784999907016754
YKL107W,YGR206W,0,-5.2911735,0.2629629671573639,0.9940000176429749,0.2786000072956085
YLR355C,YGR161W-B,0,-5.2913632,0.262893408536911,0.9940000176429749,0.27869999408721924
YGR077C,YDR506C,0,-5.2927995,0.2628239095211029,0.9940000176429749,0.27880001068115234
YJR001W,YOR339C,0,-5.2937527,0.2627544403076172,0.9940000176429749,0.27889999747276306
YJR151C,YDR385W,0,-5.294602,0.26268500089645386,0.9940000176429749,0.27900001406669617
YER028C,YJR113C,0,-5.2962117,0.2626155912876129,0.9940000176429749,0.2791000008583069
YML125C,YJR112W,0,-5.29785,0.26254621148109436,0.9940000176429749,0.2791999876499176
YKL163W,YGR171C,0,-5.2983456,0.2624768912792206,0.9940000176429749,0.2793000042438507
YBL020W,YIL082W-A,0,-5.2993636,0.2624076008796692,0.9940000176429749,0.2793999910354614
YLR413W,YGR260W,0,-5.300542,0.2623383402824402,0.9940000176429749,0.27950000762939453
YNR062C,YOR077W,0,-5.3009133,0.26226913928985596,0.9940000176429749,0.27959999442100525
YLR157C,YML002W,0,-5.300982,0.26219993829727173,0.9940000176429749,0.27970001101493835
YMR311C,YDL103C,0,-5.3013735,0.2621307969093323,0.9940000176429749,0.2797999978065491
YLR193C,YPL240C,0,-5.301413,0.2620616853237152,0.9940000176429749,0.2799000144004822
YEL059C-A,YGL160W,0,-5.3014545,0.2619926333427429,0.9940000176429749,0.2800000011920929
YPL200W,YCR007C,0,-5.301912,0.26192358136177063,0.9940000176429749,0.2800999879837036
YIR038C,YOR067C,0,-5.3024354,0.2618545889854431,0.9940000176429749,0.2802000045776367
YBR246W,YJL157C,0,-5.3028226,0.261785626411438,0.9940000176429749,0.28029999136924744
YBR238C,YDR370C,0,-5.3029585,0.26171669363975525,0.9940000176429749,0.28040000796318054
YOR132W,YFR039C,0,-5.303024,0.2616477906703949,0.9940000176429749,0.28049999475479126
YMR116C,YDR273W,0,-5.30307,0.2615789473056793,0.9940000176429749,0.28060001134872437
YLR104W,YPL130W,0,-5.3043656,0.26151013374328613,0.9940000176429749,0.2806999981403351
YKL056C,YKL085W,0,-5.304663,0.26144134998321533,0.9940000176429749,0.2808000147342682
YMR159C,YHR138C,0,-5.305143,0.2613725960254669,0.9940000176429749,0.2809000015258789
YNR032C-A,YKR095W-A,0,-5.3063684,0.2613039016723633,0.9940000176429749,0.2809999883174896
YPL121C,YLR179C,0,-5.307525,0.26123520731925964,0.9940000176429749,0.28110000491142273
YHR170W,YJL216C,0,-5.307609,0.2611665725708008,0.9940000176429749,0.28119999170303345
YLR243W,YOR125C,0,-5.308035,0.2610979676246643,0.9940000176429749,0.28130000829696655
YCL020W,YGR123C,0,-5.3081803,0.2610294222831726,0.9940000176429749,0.28139999508857727
YBR158W,YDR378C,0,-5.3082714,0.2609608769416809,0.9940000176429749,0.2815000116825104
YMR175W,YER072W,0,-5.3084216,0.260892391204834,0.9940000176429749,0.2815999984741211
YNR073C,YGL168W,0,-5.309088,0.26082393527030945,0.9940000176429749,0.2816999852657318
YDR346C,YOR313C,0,-5.309605,0.2607555091381073,0.9940000176429749,0.2818000018596649
YER102W,YJL001W,0,-5.3110604,0.26068711280822754,0.9940000176429749,0.28189998865127563
YPL189C-A,YFR008W,0,-5.3115225,0.26061877608299255,0.9940000176429749,0.28200000524520874
YMR075W,YHR039C,0,-5.3124747,0.26055046916007996,0.9940000176429749,0.28209999203681946
YLR328W,YFL006W,0,-5.313316,0.26048219203948975,0.9940000176429749,0.28220000863075256
YJL179W,YPR119W,0,-5.3133626,0.2604139447212219,0.9940000176429749,0.2822999954223633
YBR164C,YBR188C,0,-5.3133883,0.2603457272052765,0.9940000176429749,0.2824000120162964
YGL092W,YFR040W,0,-5.313825,0.26027756929397583,0.9940000176429749,0.2824999988079071
YCL061C,YFL034W,0,-5.3142195,0.26020941138267517,0.9940000176429749,0.2825999855995178
YJL206C,YIL104C,0,-5.3142643,0.2601413130760193,0.9940000176429749,0.2827000021934509
YNL119W,YMR099C,0,-5.3143163,0.2600732743740082,0.9940000176429749,0.28279998898506165
YOR158W,YPL129W,0,-5.314469,0.26000523567199707,0.9940000176429749,0.28290000557899475
YBR228W,YMR241W,0,-5.3152294,0.25993722677230835,0.9940000176429749,0.28299999237060547
YJL084C,YAL059W,0,-5.3153276,0.2598692774772644,0.9940000176429749,0.2831000089645386
YML123C,YDR063W,0,-5.3161016,0.25980135798454285,0.9940000176429749,0.2831999957561493
YIL033C,YKL088W,0,-5.3163295,0.2597334682941437,0.9940000176429749,0.2833000123500824
YBR105C,YFL054C,0,-5.3170667,0.2596656084060669,0.9940000176429749,0.2833999991416931
YHR061C,YGL048C,0,-5.3182087,0.2595978081226349,0.9940000176429749,0.28349998593330383
YAL058W,YDL229W,0,-5.319358,0.25953003764152527,0.9940000176429749,0.28360000252723694
YAL018C,YAR020C,0,-5.32005,0.25946226716041565,0.9940000176429749,0.28369998931884766
YHR087W,YDR434W,0,-5.320187,0.2593945860862732,0.9940000176429749,0.28380000591278076
YGR278W,YGL010W,0,-5.3210254,0.25932690501213074,0.9940000176429749,0.2838999927043915
YGR032W,YML002W,0,-5.3224206,0.25925925374031067,0.9940000176429749,0.2840000092983246
YMR070W,YOR356W,0,-5.323246,0.2591916620731354,0.9940000176429749,0.2840999960899353
YNL001W,YHR064C,0,-5.323545,0.25912410020828247,0.9940000176429749,0.2842000126838684
YGR200C,YOL145C,0,-5.3244247,0.25905656814575195,0.9940000176429749,0.2842999994754791
YFL018C,YMR099C,0,-5.324581,0.2589890658855438,0.9940000176429749,0.28439998626708984
YDR374C,YMR258C,0,-5.3267145,0.2589215934276581,0.9940000176429749,0.28450000286102295
YLR225C,YHR066W,0,-5.3271804,0.2588541805744171,0.9940000176429749,0.28459998965263367
YJL171C,YKL107W,0,-5.329218,0.25878676772117615,0.9940000176429749,0.2847000062465668
YOR229W,YJL012C,0,-5.3292212,0.25871941447257996,0.9940000176429749,0.2847999930381775
YHR117W,YKL037W,0,-5.3296847,0.25865209102630615,0.9940000176429749,0.2849000096321106
YGL037C,YPR022C,0,-5.3300443,0.25858479738235474,0.9940000176429749,0.2849999964237213
YNL270C,YDR090C,0,-5.3306384,0.2585175633430481,0.9940000176429749,0.2851000130176544
YOR018W,YPR103W,0,-5.3306627,0.25845032930374146,0.9940000176429749,0.28519999980926514
YNL019C,YMR016C,0,-5.330688,0.2583831548690796,0.9940000176429749,0.28529998660087585
YML030W,YMR251W-A,0,-5.3310847,0.2583160102367401,0.9940000176429749,0.28540000319480896
YOR356W,YMR210W,0,-5.331671,0.258248895406723,0.9940000176429749,0.2854999899864197
YKL140W,YDR121W,0,-5.332065,0.2581818103790283,0.9940000176429749,0.2856000065803528
YPL062W,YML060W,0,-5.3324685,0.2581147849559784,0.9940000176429749,0.2856999933719635
YKL033W-A,YAL029C,0,-5.3332047,0.25804775953292847,0.9940000176429749,0.2858000099658966
YMR111C,YDR443C,0,-5.3332376,0.2579807937145233,0.9940000176429749,0.2858999967575073
YOR390W,YMR010W,0,-5.3338203,0.25791385769844055,0.9940000176429749,0.28600001335144043
YBL017C,YLL066C,0,-5.333965,0.2578469514846802,0.9940000176429749,0.28610000014305115
YLR241W,YOL039W,0,-5.3341517,0.2577800750732422,0.9940000176429749,0.28619998693466187
YFR052W,YLL007C,0,-5.3343444,0.257713258266449,0.9940000176429749,0.28630000352859497
YNL178W,YIL105C,0,-5.335798,0.25764644145965576,0.9940000176429749,0.2863999903202057
YDR313C,YFR020W,0,-5.3362927,0.2575796842575073,0.9940000176429749,0.2865000069141388
YOR176W,YLR372W,0,-5.337136,0.2575129568576813,0.9940000176429749,0.2865999937057495
YIL167W,YPL256C,0,-5.337222,0.2574462592601776,0.9940000176429749,0.2867000102996826
YBR034C,YNL267W,0,-5.337951,0.25737959146499634,0.9940000176429749,0.28679999709129333
YGR296W,YJR144W,0,-5.3388557,0.25731298327445984,0.9940000176429749,0.28690001368522644
YCR008W,YGR235C,0,-5.3392787,0.25724637508392334,0.9940000176429749,0.28700000047683716
YBR164C,YOR104W,0,-5.3393316,0.2571798264980316,0.9940000176429749,0.2870999872684479
YHR127W,YLR237W,0,-5.340137,0.2571133077144623,0.9940000176429749,0.287200003862381
YER018C,YPL062W,0,-5.340322,0.25704681873321533,0.9940000176429749,0.2872999906539917
YLR072W,YGR074W,0,-5.34053,0.25698035955429077,0.9940000176429749,0.2874000072479248
YGR093W,YKL171W,0,-5.341373,0.2569139301776886,0.9940000176429749,0.2874999940395355
YJL099W,YKR075C,0,-5.3416505,0.2568475306034088,0.9940000176429749,0.28760001063346863
YBL090W,YHR153C,0,-5.3426585,0.2567811906337738,0.9940000176429749,0.28769999742507935
YDR470C,YLR446W,0,-5.3431945,0.2567148804664612,0.9940000176429749,0.28780001401901245
YGR203W,YDL222C,0,-5.3433957,0.25664860010147095,0.9940000176429749,0.28790000081062317
YGL247W,YDR542W,0,-5.3435903,0.2565823495388031,0.9940000176429749,0.2879999876022339
YDL083C,YDL197C,0,-5.34565,0.25651612877845764,0.9940000176429749,0.288100004196167
YGR006W,YMR027W,0,-5.3459964,0.25644993782043457,0.9940000176429749,0.2881999909877777
YJL156C,YGL240W,0,-5.346516,0.2563838064670563,0.9940000176429749,0.2883000075817108
YMR145C,YDL073W,0,-5.3466625,0.256317675113678,0.9940000176429749,0.28839999437332153
YLR455W,YEL058W,0,-5.346896,0.25625160336494446,0.9940000176429749,0.28850001096725464
YOL153C,YHL032C,0,-5.3475146,0.2561855614185333,0.9940000176429749,0.28859999775886536
YPR083W,YML002W,0,-5.3475604,0.2561195492744446,0.9940000176429749,0.28870001435279846
YBL066C,YJL222W,0,-5.3476686,0.2560535669326782,0.9940000176429749,0.2888000011444092
YKL081W,YPR038W,0,-5.3478856,0.25598764419555664,0.9940000176429749,0.2888999879360199
YIL064W,YAL043C,0,-5.3479285,0.25592172145843506,0.9940000176429749,0.289000004529953
YCR026C,YOR226C,0,-5.3492894,0.25585585832595825,0.9940000176429749,0.2890999913215637
YGR110W,YKL203C,0,-5.3495965,0.25579002499580383,0.9940000176429749,0.2892000079154968
YOR207C,YGR266W,0,-5.3496027,0.2557242214679718,0.9940000176429749,0.28929999470710754
YLR035C-A,YLL050C,0,-5.3503246,0.25565844774246216,0.9940000176429749,0.28940001130104065
YGL057C,YLR309C,0,-5.3507547,0.2555927038192749,0.9940000176429749,0.28949999809265137
YFR025C,YDL198C,0,-5.3515396,0.25552698969841003,0.9940000176429749,0.2896000146865845
YDL120W,YDR387C,0,-5.351645,0.25546133518218994,0.9940000176429749,0.2897000014781952
YKL133C,YGR122W,0,-5.3519807,0.25539568066596985,0.9940000176429749,0.2897999882698059
YHR050W,YMR086W,0,-5.3554387,0.25533008575439453,0.9940000176429749,0.289900004863739
YPL139C,YJL177W,0,-5.3558335,0.2552645206451416,0.9940000176429749,0.28999999165534973
YJL148W,YDR076W,0,-5.357207,0.25519898533821106,0.9940000176429749,0.29010000824928284
YKR106W,YJL222W,0,-5.3591514,0.2551334798336029,0.9940000176429749,0.29019999504089355
YDR487C,YPR085C,0,-5.359822,0.25506800413131714,0.9940000176429749,0.29030001163482666
YPL242C,YJR149W,0,-5.360185,0.25500255823135376,0.9940000176429749,0.2903999984264374
YNL066W,YDR531W,0,-5.362982,0.25493717193603516,0.9940000176429749,0.2904999852180481
YMR018W,YPL258C,0,-5.363556,0.25487178564071655,0.9940000176429749,0.2906000018119812
YLR209C,YHR185C,0,-5.364892,0.2548064589500427,0.9940000176429749,0.2906999886035919
YBL089W,YBR056W,0,-5.3649325,0.2547411620616913,0.9940000176429749,0.290800005197525
YJL138C,YDL043C,0,-5.365524,0.25467589497566223,0.9940000176429749,0.29089999198913574
YER023W,YLR213C,0,-5.3655405,0.25461065769195557,0.9940000176429749,0.29100000858306885
YBR187W,YDR146C,0,-5.3656077,0.2545454502105713,0.9940000176429749,0.29109999537467957
YBR108W,YMR041C,0,-5.3656383,0.2544802725315094,0.9940000176429749,0.29120001196861267
YLR098C,YBL105C,0,-5.3660855,0.2544151544570923,0.9940000176429749,0.2912999987602234
YPL062W,YJR082C,0,-5.366306,0.25435003638267517,0.9940000176429749,0.2913999855518341
YOR167C,YFR007W,0,-5.3664064,0.25428497791290283,0.9940000176429749,0.2915000021457672
YGL160W,YHR010W,0,-5.366407,0.2542199492454529,0.9940000176429749,0.29159998893737793
YJL105W,YIL078W,0,-5.3669763,0.2541549503803253,0.9940000176429749,0.29170000553131104
YML073C,YBR173C,0,-5.367355,0.25408998131752014,0.9940000176429749,0.29179999232292175
YLR388W,YDR337W,0,-5.3676867,0.25402504205703735,0.9940000176429749,0.29190000891685486
YOR132W,YNL086W,0,-5.3684487,0.25396013259887695,0.9940000176429749,0.2919999957084656
YDR312W,YGR161C-D,0,-5.369865,0.25389528274536133,0.9940000176429749,0.2921000123023987
YOL159C,YML017W,0,-5.370707,0.2538304328918457,0.9940000176429749,0.2921999990940094
YER148W,YBR112C,0,-5.3715935,0.25376564264297485,0.9940000176429749,0.2922999858856201
YLR229C,YHR107C,0,-5.372084,0.2537008821964264,0.9940000176429749,0.2924000024795532
YGR191W,YGL054C,0,-5.373167,0.25363612174987793,0.9940000176429749,0.29249998927116394
YHR204W,YGR001C,0,-5.374525,0.25357142090797424,0.9940000176429749,0.29260000586509705
YHL050C,YLR019W,0,-5.3758326,0.25350674986839294,0.9940000176429749,0.29269999265670776
YLR006C,YBL105C,0,-5.3758416,0.25344210863113403,0.9940000176429749,0.29280000925064087
YBL100W-B,YMR123W,0,-5.3761754,0.2533775269985199,0.9940000176429749,0.2928999960422516
YBR163W,YPL030W,0,-5.3768764,0.25331294536590576,0.9940000176429749,0.2930000126361847
YPL231W,YLR218C,0,-5.376969,0.253248393535614,0.9940000176429749,0.2930999994277954
YIL110W,YLR092W,0,-5.3771834,0.25318390130996704,0.9940000176429749,0.29319998621940613
YBR037C,YLR413W,0,-5.377375,0.25311943888664246,0.9940000176429749,0.29330000281333923
YPL021W,YOL087C,0,-5.377523,0.25305497646331787,0.9940000176429749,0.29339998960494995
YMR156C,YHR199C-A,0,-5.3789563,0.25299057364463806,0.9940000176429749,0.29350000619888306
YOL061W,YNR061C,0,-5.3793626,0.25292620062828064,0.9940000176429749,0.2935999929904938
YNL157W,YJL041W,0,-5.3794007,0.2528618574142456,0.9940000176429749,0.2937000095844269
YHR037W,YKL104C,0,-5.379642,0.25279754400253296,0.9940000176429749,0.2937999963760376
YDL138W,YML081C-A,0,-5.3809266,0.2527332901954651,0.9940000176429749,0.2939000129699707
YOR205C,YPL058C,0,-5.3830423,0.2526690363883972,0.9940000176429749,0.2939999997615814
YLR075W,YFR008W,0,-5.383329,0.2526048421859741,0.9940000176429749,0.29409998655319214
YCR015C,YNR012W,0,-5.3851943,0.252540647983551,0.9940000176429749,0.29420000314712524
YMR011W,YJR057W,0,-5.385966,0.2524765133857727,0.9940000176429749,0.29429998993873596
YER119C,YIL047C,0,-5.3860717,0.2524123787879944,0.9940000176429749,0.29440000653266907
YGR043C,YBL033C,0,-5.3868513,0.25234830379486084,0.9940000176429749,0.2944999933242798
YOL098C,YHR008C,0,-5.388782,0.2522842586040497,0.9940000176429749,0.2946000099182129
YDR049W,YCR081W,0,-5.39028,0.2522202432155609,0.9940000176429749,0.2946999967098236
YOR148C,YLR268W,0,-5.390589,0.25215625762939453,0.9940000176429749,0.2948000133037567
YNL247W,YLR272C,0,-5.391328,0.25209230184555054,0.9940000176429749,0.29490000009536743
YHR147C,YMR265C,0,-5.3918037,0.2520284056663513,0.9940000176429749,0.29499998688697815
YGR262C,YDR511W,0,-5.391958,0.2519645094871521,0.9940000176429749,0.29510000348091125
YGR229C,YOR291W,0,-5.3922224,0.25190067291259766,0.9940000176429749,0.295199990272522
YOR328W,YNL132W,0,-5.3932514,0.2518368363380432,0.9940000176429749,0.2953000068664551
YJL216C,YNL175C,0,-5.395246,0.25177305936813354,0.9940000176429749,0.2953999936580658
YLR388W,YPL202C,0,-5.3953066,0.2517092823982239,0.9940000176429749,0.2955000102519989
YLR143W,YPL072W,0,-5.396062,0.251645565032959,0.9940000176429749,0.2955999970436096
YJR129C,YLR292C,0,-5.3966737,0.2515818774700165,0.9940000176429749,0.2957000136375427
YER176W,YGL192W,0,-5.397001,0.25151821970939636,0.9940000176429749,0.29580000042915344
YOR130C,YCR107W,0,-5.397022,0.25145459175109863,0.9940000176429749,0.29589998722076416
YEL059C-A,YPL066W,0,-5.3978944,0.2513909935951233,0.9940000176429749,0.29600000381469727
YCL020W,YFR044C,0,-5.3999257,0.25132742524147034,0.9940000176429749,0.296099990606308
YNL202W,YEL077C,0,-5.400046,0.25126391649246216,0.9940000176429749,0.2962000072002411
YPR068C,YLR304C,0,-5.4016643,0.251200407743454,0.9940000176429749,0.2962999939918518
YLR035C-A,YMR240C,0,-5.4017587,0.2511369287967682,0.9940000176429749,0.2964000105857849
YLR270W,YDR331W,0,-5.402187,0.2510735094547272,0.9940000176429749,0.29649999737739563
YER119C,YGR016W,0,-5.4022875,0.25101009011268616,0.9940000176429749,0.29660001397132874
YNR057C,YHR155W,0,-5.40288,0.2509467303752899,0.9940000176429749,0.29670000076293945
YKR075C,YJR139C,0,-5.4039183,0.25088340044021606,0.9940000176429749,0.29679998755455017
YOL157C,YOL123W,0,-5.4039803,0.2508201003074646,0.9940000176429749,0.2969000041484833
YGR110W,YKL129C,0,-5.404321,0.25075680017471313,0.9940000176429749,0.296999990940094
YFL017W-A,YMR241W,0,-5.4052196,0.25069355964660645,0.9940000176429749,0.2971000075340271
YGR061C,YLL006W,0,-5.40577,0.25063034892082214,0.9940000176429749,0.2971999943256378
YMR315W,YER026C,0,-5.4064374,0.25056716799736023,0.9940000176429749,0.2973000109195709
YNL047C,YBL100W-B,0,-5.4067593,0.2505040466785431,0.9940000176429749,0.29739999771118164
YLR013W,YOL155C,0,-5.407885,0.25044092535972595,0.9940000176429749,0.29750001430511475
YCR072C,YLR426W,0,-5.407994,0.2503778338432312,0.9940000176429749,0.29760000109672546
YJR027W,YMR087W,0,-5.408513,0.25031477212905884,0.9940000176429749,0.2976999878883362
YBR156C,YGR121C,0,-5.4086413,0.25025177001953125,0.9940000176429749,0.2978000044822693
YGR252W,YLR414C,0,-5.408807,0.25018876791000366,0.9940000176429749,0.29789999127388
YLR295C,YIL166C,0,-5.4090943,0.25012582540512085,0.9940000176429749,0.2980000078678131
YHR002W,YER087W,0,-5.4099045,0.25006288290023804,0.9940000176429749,0.29809999465942383
YLL004W,YJL225C,0,-5.4102106,0.25,0.9940000176429749,0.29820001125335693
YPR070W,YCL001W-B,0,-5.4112124,0.24993713200092316,0.9940000176429749,0.29829999804496765
YDR463W,YLR099W-A,0,-5.4112124,0.2498743087053299,0.9940000176429749,0.29840001463890076
YLR116W,YLR099W-A,0,-5.4112124,0.24981151521205902,0.9940000176429749,0.2985000014305115
YDR298C,YJL225C,0,-5.411546,0.24974873661994934,0.9940000176429749,0.2985999882221222
YIL110W,YMR004W,0,-5.4140387,0.24968600273132324,0.9940000176429749,0.2987000048160553
YPR133C,YOR096W,0,-5.4164147,0.24962329864501953,0.9940000176429749,0.298799991607666
YOL155C,YOR274W,0,-5.416562,0.2495606392621994,0.9940000176429749,0.2989000082015991
YER069W,YDR165W,0,-5.4166636,0.24949799478054047,0.9940000176429749,0.29899999499320984
YPL264C,YGL148W,0,-5.417417,0.24943538010120392,0.9940000176429749,0.29910001158714294
YFR013W,YJL062W-A,0,-5.4185457,0.24937281012535095,0.9940000176429749,0.29919999837875366
YBR048W,YHR035W,0,-5.419716,0.24931025505065918,0.9940000176429749,0.2992999851703644
YDL027C,YBR192W,0,-5.4201703,0.249247744679451,0.9940000176429749,0.2994000017642975
YMR053C,YPR021C,0,-5.42024,0.24918526411056519,0.9940000176429749,0.2994999885559082
YLR362W,YHR173C,0,-5.422787,0.24912281334400177,0.9940000176429749,0.2996000051498413
YHR184W,YMR316C-A,0,-5.4234147,0.24906039237976074,0.9940000176429749,0.299699991941452
YPL089C,YPL111W,0,-5.423842,0.2489980012178421,0.9940000176429749,0.29980000853538513
YNR039C,YPR151C,0,-5.4240746,0.24893563985824585,0.9940000176429749,0.29989999532699585
YKR013W,YGR016W,0,-5.4242673,0.24887330830097198,0.9940000176429749,0.30000001192092896
YKR075C,YML061C,0,-5.4244604,0.2488110065460205,0.9940000176429749,0.3000999987125397
YOR125C,YGR254W,0,-5.4247766,0.2487487494945526,0.9940000176429749,0.3001999855041504
YNR071C,YGL144C,0,-5.4258265,0.2486865222454071,0.9940000176429749,0.3003000020980835
YNL036W,YLR266C,0,-5.4261117,0.2486243098974228,0.9940000176429749,0.3003999888896942
YDL223C,YML066C,0,-5.4263983,0.24856214225292206,0.9940000176429749,0.3005000054836273
YHR033W,YDR402C,0,-5.427523,0.2485000044107437,0.9940000176429749,0.30059999227523804
YPL060W,YJR111C,0,-5.42863,0.24843789637088776,0.9940000176429749,0.30070000886917114
YKL140W,YKR106W,0,-5.4288626,0.2483758181333542,0.9940000176429749,0.30079999566078186
YBR089C-A,YKL071W,0,-5.429618,0.248313769698143,0.9940000176429749,0.30090001225471497
YLR021W,YLL006W,0,-5.4302006,0.2482517510652542,0.9940000176429749,0.3009999990463257
YPR157W,YHR008C,0,-5.430373,0.2481897622346878,0.9940000176429749,0.3010999858379364
YPR134W,YEL017C-A,0,-5.430838,0.2481278032064438,0.9940000176429749,0.3012000024318695
YNL119W,YPL099C,0,-5.431463,0.24806588888168335,0.9940000176429749,0.3012999892234802
YGR071C,YDR079C-A,0,-5.431925,0.2480039894580841,0.9940000176429749,0.30140000581741333
YHR143W-A,YJR140C,0,-5.4322214,0.24794213473796844,0.9940000176429749,0.30149999260902405
YBR289W,YMR027W,0,-5.4326262,0.24788029491901398,0.9940000176429749,0.30160000920295715
YOR067C,YBL072C,0,-5.43319,0.2478184998035431,0.9940000176429749,0.30169999599456787
YMR310C,YJL020C,0,-5.4332566,0.2477567344903946,0.9940000176429749,0.301800012588501
YER108C,YNR020C,0,-5.433556,0.2476949840784073,0.9940000176429749,0.3018999993801117
YLR384C,YFR040W,0,-5.4356027,0.24763327836990356,0.9940000176429749,0.3019999861717224
YDL049C,YJL049W,0,-5.4359703,0.24757160246372223,0.9940000176429749,0.3021000027656555
YMR046C,YPR013C,0,-5.4366136,0.24750995635986328,0.9940000176429749,0.30219998955726624
YKR070W,YPL179W,0,-5.4367,0.24744834005832672,0.9940000176429749,0.30230000615119934
YCL003W,YER025W,0,-5.4372225,0.24738675355911255,0.9940000176429749,0.30239999294281006
YHL021C,YLR092W,0,-5.438012,0.24732521176338196,0.9940000176429749,0.30250000953674316
YLR204W,YMR193W,0,-5.438222,0.24726368486881256,0.9940000176429749,0.3025999963283539
YPL141C,YLR215C,0,-5.440402,0.24720218777656555,0.9940000176429749,0.302700012922287
YPL062W,YGR099W,0,-5.4406095,0.24714072048664093,0.9940000176429749,0.3027999997138977
YLR286C,YER163C,0,-5.4406652,0.2470792979001999,0.9940000176429749,0.3028999865055084
YNL230C,YLR460C,0,-5.441422,0.24701789021492004,0.9940000176429749,0.30300000309944153
YOR023C,YHR035W,0,-5.4418073,0.24695652723312378,0.9940000176429749,0.30309998989105225
YJR150C,YOR022C,0,-5.4421782,0.2468951791524887,0.9940000176429749,0.30320000648498535
YOR084W,YDR128W,0,-5.442793,0.24683387577533722,0.9940000176429749,0.30329999327659607
YGL062W,YGR007W,0,-5.443587,0.24677258729934692,0.9940000176429749,0.3034000098705292
YNL157W,YPR140W,0,-5.4440446,0.2467113435268402,0.9940000176429749,0.3034999966621399
YPL157W,YGR038W,0,-5.4445405,0.24665012955665588,0.9940000176429749,0.303600013256073
YCL001W-A,YEL006W,0,-5.444792,0.24658893048763275,0.9940000176429749,0.3037000000476837
YLR224W,YMR297W,0,-5.4449735,0.2465277761220932,0.9940000176429749,0.30379998683929443
YPR107C,YNL333W,0,-5.4457936,0.24646665155887604,0.9940000176429749,0.30390000343322754
YDL204W,YML056C,0,-5.4458604,0.24640555679798126,0.9940000176429749,0.30399999022483826
YOL001W,YDR529C,0,-5.446052,0.24634449183940887,0.9940000176429749,0.30410000681877136
YMR047C,YHR046C,0,-5.446677,0.24628344178199768,0.9940000176429749,0.3041999936103821
YCL019W,YKL096W,0,-5.4468026,0.24622243642807007,0.9940000176429749,0.3043000102043152
YCL040W,YLR372W,0,-5.4477363,0.24616146087646484,0.9940000176429749,0.3043999969959259
YOR090C,YMR114C,0,-5.448159,0.246100515127182,0.9940000176429749,0.304500013589859
YDR399W,YPR164W,0,-5.448891,0.24603959918022156,0.9940000176429749,0.3046000003814697
YOR131C,YOL038W,0,-5.4489264,0.2459787130355835,0.9940000176429749,0.30469998717308044
YGR292W,YMR039C,0,-5.449916,0.24591785669326782,0.9940000176429749,0.30480000376701355
YLR173W,YCR107W,0,-5.450426,0.24585703015327454,0.9940000176429749,0.30489999055862427
YIL117C,YJL049W,0,-5.451507,0.24579624831676483,0.9940000176429749,0.3050000071525574
YDR065W,YLR460C,0,-5.452054,0.24573548138141632,0.9940000176429749,0.3050999939441681
YML110C,YPL150W,0,-5.4526234,0.2456747442483902,0.9940000176429749,0.3052000105381012
YLR052W,YMR087W,0,-5.454613,0.24561403691768646,0.9940000176429749,0.3052999973297119
YPL228W,YER037W,0,-5.455286,0.24555335938930511,0.9940000176429749,0.305400013923645
YPL138C,YDL183C,0,-5.456831,0.24549271166324615,0.9940000176429749,0.30550000071525574
YFL066C,YDR379W,0,-5.459417,0.24543209373950958,0.9940000176429749,0.30559998750686646
YPR004C,YOR231W,0,-5.4595985,0.2453715205192566,0.9940000176429749,0.30570000410079956
YNL169C,YJR098C,0,-5.460534,0.2453109622001648,0.9940000176429749,0.3057999908924103
YKL187C,YKR007W,0,-5.4610424,0.24525043368339539,0.9940000176429749,0.3059000074863434
YCR088W,YMR316C-A,0,-5.4611335,0.24518993496894836,0.9940000176429749,0.3059999942779541
YDL201W,YLL002W,0,-5.46124,0.24512946605682373,0.9940000176429749,0.3061000108718872
YML030W,YDR440W,0,-5.4614134,0.24506902694702148,0.9940000176429749,0.3061999976634979
YDR156W,YPL180W,0,-5.4619412,0.24500863254070282,0.9940000176429749,0.30630001425743103
YJL058C,YGR016W,0,-5.4655743,0.24494825303554535,0.9940000176429749,0.30640000104904175
YKR031C,YML024W,0,-5.466291,0.24488790333271027,0.9940000176429749,0.30649998784065247
YPR106W,YHR051W,0,-5.467071,0.24482758343219757,0.9940000176429749,0.30660000443458557
YKL097W-A,YCR024C,0,-5.467462,0.24476729333400726,0.9940000176429749,0.3066999912261963
YBR181C,YKL096W,0,-5.4678264,0.24470704793930054,0.9940000176429749,0.3068000078201294
YNR067C,YGR140W,0,-5.468466,0.244646817445755,0.9940000176429749,0.3068999946117401
YHR087W,YDL183C,0,-5.4692826,0.24458661675453186,0.9940000176429749,0.3070000112056732
YHR059W,YDR497C,0,-5.4694486,0.2445264458656311,0.9940000176429749,0.30709999799728394
YGR287C,YML081C-A,0,-5.4700522,0.24446630477905273,0.9940000176429749,0.30720001459121704
YOL047C,YGR053C,0,-5.470387,0.24440619349479675,0.9940000176429749,0.30730000138282776
YLR048W,YHR039C,0,-5.4704146,0.24434611201286316,0.9940000176429749,0.3073999881744385
YOR116C,YNR074C,0,-5.4706874,0.24428606033325195,0.9940000176429749,0.3075000047683716
YIL067C,YOL117W,0,-5.470962,0.24422603845596313,0.9940000176429749,0.3075999915599823
YOR058C,YBR187W,0,-5.471292,0.2441660463809967,0.9940000176429749,0.3077000081539154
YHR029C,YHR045W,0,-5.4718738,0.24410608410835266,0.9940000176429749,0.3077999949455261
YIL005W,YDL122W,0,-5.4722924,0.244046151638031,0.9940000176429749,0.30790001153945923
YGL009C,YIL157C,0,-5.4725633,0.24398624897003174,0.9940000176429749,0.30799999833106995
YKL041W,YJR149W,0,-5.47422,0.24392637610435486,0.9940000176429749,0.30809998512268066
YGL263W,YFL006W,0,-5.4744625,0.24386653304100037,0.9940000176429749,0.30820000171661377
YGL038C,YAR009C,0,-5.474816,0.24380671977996826,0.9940000176429749,0.3082999885082245
YDR159W,YLR247C,0,-5.475138,0.24374693632125854,0.9940000176429749,0.3084000051021576
YOR328W,YGL256W,0,-5.475233,0.24368718266487122,0.9940000176429749,0.3084999918937683
YPL264C,YGL178W,0,-5.475531,0.24362744390964508,0.9940000176429749,0.3086000084877014
YJL132W,YDL127W,0,-5.4765496,0.24356774985790253,0.9940000176429749,0.30869999527931213
YDR444W,YER101C,0,-5.47669,0.24350808560848236,0.9940000176429749,0.30880001187324524
YML031W,YMR258C,0,-5.476731,0.24344845116138458,0.9940000176429749,0.30889999866485596
YPL027W,YJR149W,0,-5.4779935,0.243388831615448,0.9940000176429749,0.3089999854564667
YDR258C,YEL029C,0,-5.4781914,0.243329256772995,0.9940000176429749,0.3091000020503998
YGR054W,YKL148C,0,-5.478434,0.24326969683170319,0.9940000176429749,0.3091999888420105
YDR135C,YDR469W,0,-5.478437,0.24321018159389496,0.9940000176429749,0.3093000054359436
YGL261C,YLR355C,0,-5.478476,0.24315068125724792,0.9940000176429749,0.3093999922275543
YKR050W,YOR010C,0,-5.478688,0.24309122562408447,0.9940000176429749,0.3095000088214874
YJL140W,YFL066C,0,-5.4789753,0.24303178489208221,0.9940000176429749,0.30959999561309814
YKL164C,YER074W-A,0,-5.4794164,0.24297237396240234,0.9940000176429749,0.30970001220703125
YDR167W,YAL042W,0,-5.4800305,0.24291300773620605,0.9940000176429749,0.30979999899864197
YJL057C,YKL088W,0,-5.480292,0.24285365641117096,0.9940000176429749,0.3098999857902527
YIL157C,YJR111C,0,-5.48132,0.24279433488845825,0.9940000176429749,0.3100000023841858
YPL154C,YPL062W,0,-5.4819694,0.24273504316806793,0.9940000176429749,0.3100999891757965
YLR291C,YKR075C,0,-5.482722,0.24267578125,0.9940000176429749,0.3102000057697296
YNL047C,YKR106W,0,-5.483272,0.24261654913425446,0.9940000176429749,0.31029999256134033
YAL059W,YOR304W,0,-5.4834476,0.2425573468208313,0.9940000176429749,0.31040000915527344
YJR140C,YPR041W,0,-5.4836583,0.24249817430973053,0.9940000176429749,0.31049999594688416
YMR311C,YDR387C,0,-5.483739,0.24243903160095215,0.9940000176429749,0.31060001254081726
YJL174W,YOL026C,0,-5.484147,0.24237990379333496,0.9940000176429749,0.310699999332428
YGR260W,YMR032W,0,-5.484903,0.24232082068920135,0.9940000176429749,0.3107999861240387
YIL176C,YDR183W,0,-5.4850683,0.24226175248622894,0.9940000176429749,0.3109000027179718
YML081W,YDL178W,0,-5.4856343,0.2422027289867401,0.9940000176429749,0.3109999895095825
YIL067C,YPL271W,0,-5.4856715,0.24214372038841248,0.9940000176429749,0.3111000061035156
YPL089C,YFL054C,0,-5.485844,0.24208475649356842,0.9940000176429749,0.31119999289512634
YNL202W,YGL192W,0,-5.4858727,0.24202580749988556,0.9940000176429749,0.31130000948905945
YLR225C,YJL012C,0,-5.4865437,0.24196688830852509,0.9940000176429749,0.31139999628067017
YOR275C,YFR015C,0,-5.486754,0.2419080138206482,0.9940000176429749,0.31150001287460327
YOR363C,YMR113W,0,-5.4872913,0.2418491542339325,0.9940000176429749,0.311599999666214
YGR171C,YHR045W,0,-5.487637,0.24179032444953918,0.9940000176429749,0.3116999864578247
YKR039W,YDL236W,0,-5.48786,0.24173152446746826,0.9940000176429749,0.3118000030517578
YLL036C,YDR144C,0,-5.488554,0.24167273938655853,0.9940000176429749,0.31189998984336853
YIL064W,YPL106C,0,-5.488634,0.24161399900913239,0.9940000176429749,0.31200000643730164
YOR272W,YJL153C,0,-5.488852,0.24155528843402863,0.9940000176429749,0.31209999322891235
YKL090W,YHR132W-A,0,-5.4902143,0.24149659276008606,0.9940000176429749,0.31220000982284546
YGL255W,YER031C,0,-5.4907856,0.24143794178962708,0.9940000176429749,0.3122999966144562
YOR032C,YCL032W,0,-5.491013,0.24137930572032928,0.9940000176429749,0.3124000132083893
YNL128W,YBR195C,0,-5.4911094,0.24132071435451508,0.9940000176429749,0.3125
YGR127W,YKL004W,0,-5.4930105,0.24126213788986206,0.9940000176429749,0.3125999867916107
YER033C,YCR101C,0,-5.4930844,0.24120359122753143,0.9940000176429749,0.3127000033855438
YGL189C,YER031C,0,-5.4953074,0.2411450743675232,0.9940000176429749,0.31279999017715454
YJL046W,YLR285W,0,-5.495376,0.24108658730983734,0.9940000176429749,0.31290000677108765
YMR314W,YFR016C,0,-5.495411,0.24102813005447388,0.9940000176429749,0.31299999356269836
YDR115W,YPR049C,0,-5.4960113,0.2409697026014328,0.9940000176429749,0.31310001015663147
YML113W,YMR092C,0,-5.4964767,0.24091129004955292,0.9940000176429749,0.3131999969482422
YJR096W,YHR064C,0,-5.4968476,0.24085292220115662,0.9940000176429749,0.3133000135421753
YKR070W,YLR025W,0,-5.497281,0.2407945692539215,0.9940000176429749,0.313400000333786
YBL090W,YNL086W,0,-5.4973025,0.24073626101016998,0.9940000176429749,0.31349998712539673
YGL255W,YER154W,0,-5.49756,0.24067796766757965,0.9940000176429749,0.31360000371932983
YOR027W,YDR440W,0,-5.4983163,0.2406197041273117,0.9940000176429749,0.31369999051094055
YOR209C,YKL154W,0,-5.4990954,0.24056147038936615,0.9940000176429749,0.31380000710487366
YOR239W,YLR211C,0,-5.4993052,0.24050326645374298,0.9940000176429749,0.3138999938964844
YLR141W,YBL007C,0,-5.4994993,0.2404450923204422,0.9940000176429749,0.3140000104904175
YNL103W,YOR034C,0,-5.5003223,0.2403869479894638,0.9940000176429749,0.3140999972820282
YNL038W,YDL195W,0,-5.50066,0.2403288185596466,0.9940000176429749,0.3142000138759613
YGR010W,YML113W,0,-5.5007925,0.240270733833313,0.9940000176429749,0.314300000667572
YMR111C,YLR309C,0,-5.5013113,0.24021266400814056,0.9940000176429749,0.31439998745918274
YMR116C,YAR042W,0,-5.501407,0.24015462398529053,0.9940000176429749,0.31450000405311584
YLR077W,YLR388W,0,-5.5022964,0.24009661376476288,0.9940000176429749,0.31459999084472656
YDR037W,YJR126C,0,-5.5046377,0.24003863334655762,0.9940000176429749,0.31470000743865967
YKR025W,YKL189W,0,-5.5058146,0.23998068273067474,0.9940000176429749,0.3147999942302704
YEL030W,YER118C,0,-5.5074873,0.23992276191711426,0.9940000176429749,0.3149000108242035
YKL171W,YPR018W,0,-5.5083313,0.23986487090587616,0.9940000176429749,0.3149999976158142
YBR161W,YFL036W,0,-5.5087085,0.23980699479579926,0.9940000176429749,0.3151000142097473
YKR089C,YLR134W,0,-5.5088096,0.23974914848804474,0.9940000176429749,0.31520000100135803
YKL178C,YJR040W,0,-5.509193,0.2396913468837738,0.9940000176429749,0.31529998779296875
YOR303W,YCR098C,0,-5.509518,0.23963356018066406,0.9940000176429749,0.31540000438690186
YHR090C,YHR154W,0,-5.509986,0.2395758032798767,0.9940000176429749,0.3154999911785126
YGR052W,YHR126C,0,-5.5101237,0.23951807618141174,0.9940000176429749,0.3156000077724457
YDR104C,YMR322C,0,-5.511276,0.23946036398410797,0.9940000176429749,0.3156999945640564
YKL006C-A,YIL078W,0,-5.5118737,0.23940269649028778,0.9940000176429749,0.3158000111579895
YAR009C,YMR163C,0,-5.5119233,0.23934505879878998,0.9940000176429749,0.3158999979496002
YBR012W-A,YLR130C,0,-5.51235,0.23928743600845337,0.9940000176429749,0.3160000145435333
YJR150C,YJL004C,0,-5.513026,0.23922984302043915,0.9940000176429749,0.31610000133514404
YJL057C,YPL062W,0,-5.513083,0.23917227983474731,0.9940000176429749,0.31619998812675476
YNL130C,YLR099W-A,0,-5.5131755,0.23911474645137787,0.9940000176429749,0.31630000472068787
YDL119C,YJL193W,0,-5.513849,0.2390572428703308,0.9940000176429749,0.3163999915122986
YKL141W,YBR028C,0,-5.5141435,0.23899975419044495,0.9940000176429749,0.3165000081062317
YLR147C,YKL189W,0,-5.5157285,0.23894231021404266,0.9940000176429749,0.3165999948978424
YOR070C,YER190W,0,-5.5164747,0.23888488113880157,0.9940000176429749,0.3167000114917755
YPR119W,YAL018C,0,-5.5186,0.23882748186588287,0.9940000176429749,0.31679999828338623
YGR118W,YKL116C,0,-5.5186563,0.23877011239528656,0.9940000176429749,0.31690001487731934
YER013W,YGR283C,0,-5.5190806,0.23871277272701263,0.9940000176429749,0.31700000166893005
YDR444W,YIL038C,0,-5.5202484,0.2386554628610611,0.9940000176429749,0.31709998846054077
YLR424W,YOR356W,0,-5.520592,0.23859818279743195,0.9940000176429749,0.3172000050544739
YOR070C,YLR221C,0,-5.521854,0.238540917634964,0.9940000176429749,0.3172999918460846
YNL066W,YIL027C,0,-5.5219555,0.23848368227481842,0.9940000176429749,0.3174000084400177
YEL018W,YJR111C,0,-5.5226855,0.23842647671699524,0.9940000176429749,0.3174999952316284
YLL023C,YNL240C,0,-5.5229506,0.23836930096149445,0.9940000176429749,0.3176000118255615
YJR107W,YJR084W,0,-5.52317,0.23831215500831604,0.9940000176429749,0.31769999861717224
YKL192C,YEL050C,0,-5.523215,0.23825503885746002,0.9940000176429749,0.31779998540878296
YKL012W,YBR013C,0,-5.523451,0.2381979376077652,0.9940000176429749,0.31790000200271606
YOL159C,YKR084C,0,-5.524386,0.23814086616039276,0.9940000176429749,0.3179999887943268
YMR241W,YBR072W,0,-5.5247636,0.2380838394165039,0.9940000176429749,0.3181000053882599
YLR209C,YNR036C,0,-5.5248294,0.23802681267261505,0.9940000176429749,0.3181999921798706
YIL176C,YFL039C,0,-5.5249214,0.23796983063220978,0.9940000176429749,0.3183000087738037
YDR148C,YHR160C,0,-5.524961,0.2379128783941269,0.9940000176429749,0.31839999556541443
YBR187W,YDR081C,0,-5.5252733,0.2378559410572052,0.9940000176429749,0.31850001215934753
YDR450W,YMR095C,0,-5.525801,0.2377990484237671,0.9940000176429749,0.31859999895095825
YDR110W,YKR007W,0,-5.52723,0.23774217069149017,0.9940000176429749,0.31869998574256897
YBR020W,YJL062W-A,0,-5.528047,0.23768532276153564,0.9940000176429749,0.3188000023365021
YHR204W,YLR006C,0,-5.528318,0.2376284897327423,0.9940000176429749,0.3188999891281128
YPR025C,YGR235C,0,-5.528394,0.23757170140743256,0.9940000176429749,0.3190000057220459
YLR225C,YNL312W,0,-5.528954,0.237514927983284,0.9940000176429749,0.3190999925136566
YFL043C,YAL041W,0,-5.529157,0.23745819926261902,0.9940000176429749,0.3192000091075897
YNR071C,YIL162W,0,-5.5303836,0.23740148544311523,0.9940000176429749,0.31929999589920044
YHL050C,YPL113C,0,-5.531279,0.23734480142593384,0.9940000176429749,0.31940001249313354
YOR381W,YHL008C,0,-5.5317583,0.23728813230991364,0.9940000176429749,0.31949999928474426
YGL245W,YGR118W,0,-5.531849,0.23723150789737701,0.9940000176429749,0.319599986076355
YOR178C,YOR176W,0,-5.5321035,0.2371748983860016,0.9940000176429749,0.3197000026702881
YDR227W,YJL216C,0,-5.5324564,0.23711831867694855,0.9940000176429749,0.3197999894618988
YDL199C,YLR268W,0,-5.5332174,0.2370617687702179,0.9940000176429749,0.3199000060558319
YNR062C,YHR118C,0,-5.5342727,0.23700524866580963,0.9940000176429749,0.3199999928474426
YPR105C,YHR046C,0,-5.5344076,0.23694874346256256,0.9940000176429749,0.32010000944137573
YAL068C,YHL025W,0,-5.5349402,0.23689228296279907,0.9940000176429749,0.32019999623298645
YLR203C,YJL066C,0,-5.5354238,0.23683583736419678,0.9940000176429749,0.32030001282691956
YPL283C,YNL131W,0,-5.5354266,0.23677942156791687,0.9940000176429749,0.3203999996185303
YMR274C,YML091C,0,-5.5361643,0.23672303557395935,0.9940000176429749,0.320499986410141
YJR100C,YLR064W,0,-5.537237,0.23666666448116302,0.9940000176429749,0.3206000030040741
YGL255W,YOL062C,0,-5.5373373,0.23661033809185028,0.9940000176429749,0.3206999897956848
YBL068W,YDR041W,0,-5.5383763,0.23655402660369873,0.9940000176429749,0.3208000063896179
YOL086W-A,YPL178W,0,-5.538537,0.23649774491786957,0.9940000176429749,0.32089999318122864
YCL021W-A,YDR090C,0,-5.5386577,0.2364414781332016,0.9940000176429749,0.32100000977516174
YFL043C,YNR071C,0,-5.5386577,0.2363852560520172,0.9940000176429749,0.32109999656677246
YPR198W,YER053C-A,0,-5.5386577,0.23632904887199402,0.9940000176429749,0.32120001316070557
YJR155W,YBL029C-A,0,-5.5386577,0.2362728714942932,0.9940000176429749,0.3212999999523163
YLR099W-A,YOR216C,0,-5.5386577,0.2362167239189148,0.9940000176429749,0.321399986743927
YCL021W-A,YBL057C,0,-5.5386577,0.23616060614585876,0.9940000176429749,0.3215000033378601
YHL031C,YLR099W-A,0,-5.5386577,0.23610451817512512,0.9940000176429749,0.3215999901294708
YCL001W-B,YML129C,0,-5.5386577,0.23604844510555267,0.9940000176429749,0.32170000672340393
YBL108C-A,YDL119C,0,-5.5386577,0.2359924018383026,0.9940000176429749,0.32179999351501465
YCL001W-B,YCR067C,0,-5.5386577,0.23593638837337494,0.9940000176429749,0.32190001010894775
YCL021W-A,YGL163C,0,-5.5386577,0.23588040471076965,0.9940000176429749,0.32199999690055847
YCL021W-A,YLR182W,0,-5.5386577,0.23582443594932556,0.9940000176429749,0.3221000134944916
YGL258W-A,YFL060C,0,-5.5386577,0.23576849699020386,0.9940000176429749,0.3222000002861023
YBL089W,YBL029C-A,0,-5.5386577,0.23571258783340454,0.9940000176429749,0.322299987077713
YGR032W,YLR099W-A,0,-5.5386577,0.2356567084789276,0.9940000176429749,0.3224000036716461
YER119C,YCL001W-B,0,-5.5386577,0.23560085892677307,0.9940000176429749,0.32249999046325684
YKL161C,YER053C-A,0,-5.5386577,0.23554502427577972,0.9940000176429749,0.32260000705718994
YFL043C,YOR043W,0,-5.5387044,0.23548921942710876,0.9940000176429749,0.32269999384880066
YPL273W,YBR160W,0,-5.5400424,0.2354334443807602,0.9940000176429749,0.32280001044273376
YLR312C-B,YPL258C,0,-5.5403237,0.235377699136734,0.9940000176429749,0.3228999972343445
YFL043C,YCR107W,0,-5.540464,0.23532196879386902,0.9940000176429749,0.3230000138282776
YHR141C,YNL242W,0,-5.540603,0.23526626825332642,0.9940000176429749,0.3231000006198883
YER142C,YPR109W,0,-5.5410733,0.2352105975151062,0.9940000176429749,0.323199987411499
YKL105C,YLR320W,0,-5.541104,0.23515495657920837,0.9940000176429749,0.32330000400543213
YDR138W,YER051W,0,-5.541639,0.23509933054447174,0.9940000176429749,0.32339999079704285
YLR193C,YGR122W,0,-5.5423408,0.2350437492132187,0.9940000176429749,0.32350000739097595
YGR101W,YLR066W,0,-5.5431786,0.23498818278312683,0.9940000176429749,0.32359999418258667
YMR159C,YER163C,0,-5.543183,0.23493264615535736,0.9940000176429749,0.3237000107765198
YOR127W,YIR034C,0,-5.5452166,0.23487712442874908,0.9940000176429749,0.3237999975681305
YDL007W,YAR042W,0,-5.5453076,0.2348216325044632,0.9940000176429749,0.3239000141620636
YMR142C,YKL017C,0,-5.5453115,0.2347661852836609,0.9940000176429749,0.3240000009536743
YDR059C,YML027W,0,-5.5458245,0.23471073806285858,0.9940000176429749,0.32409998774528503
YGL113W,YDR190C,0,-5.547616,0.23465533554553986,0.9940000176429749,0.32420000433921814
YLR241W,YMR301C,0,-5.5487194,0.23459994792938232,0.9940000176429749,0.32429999113082886
YLR229C,YAL059W,0,-5.5492063,0.23454459011554718,0.9940000176429749,0.32440000772476196
YOL086W-A,YBL020W,0,-5.54933,0.23448926210403442,0.9940000176429749,0.3244999945163727
YGR254W,YKR050W,0,-5.55385,0.23443396389484406,0.9940000176429749,0.3246000111103058
YMR121C,YER056C-A,0,-5.5540266,0.23437868058681488,0.9940000176429749,0.3246999979019165
YIL023C,YLL017W,0,-5.554499,0.2343234270811081,0.9940000176429749,0.3248000144958496
YHL024W,YBL040C,0,-5.5556126,0.2342682033777237,0.9940000176429749,0.3249000012874603
YPL051W,YHR076W,0,-5.556378,0.23421300947666168,0.9940000176429749,0.32499998807907104
YIL171W,YOR017W,0,-5.557,0.23415783047676086,0.9940000176429749,0.32510000467300415
YNL055C,YPR097W,0,-5.5572743,0.23410268127918243,0.9940000176429749,0.32519999146461487
YHR011W,YHR210C,0,-5.5573974,0.2340475618839264,0.9940000176429749,0.325300008058548
YNL234W,YDL183C,0,-5.5597305,0.23399247229099274,0.9940000176429749,0.3253999948501587
YNL312W,YDL236W,0,-5.560139,0.23393739759922028,0.9940000176429749,0.3255000114440918
YMR217W,YJR048W,0,-5.560284,0.2338823527097702,0.9940000176429749,0.3255999982357025
YIL122W,YMR038C,0,-5.562902,0.23382733762264252,0.9940000176429749,0.3257000148296356
YPL264C,YGL112C,0,-5.563207,0.23377233743667603,0.9940000176429749,0.32580000162124634
YOL143C,YHR083W,0,-5.5636706,0.23371738195419312,0.9940000176429749,0.32589998841285706
YLL036C,YKL037W,0,-5.56429,0.2336624413728714,0.9940000176429749,0.32600000500679016
YOR321W,YJR131W,0,-5.5643897,0.23360751569271088,0.9940000176429749,0.3260999917984009
YLR368W,YJL173C,0,-5.564434,0.23355263471603394,0.9940000176429749,0.326200008392334
YHR154W,YIL145C,0,-5.564983,0.2334977686405182,0.9940000176429749,0.3262999951839447
YNL010W,YLR130C,0,-5.565962,0.23344293236732483,0.9940000176429749,0.3264000117778778
YGL103W,YBR073W,0,-5.5661936,0.23338812589645386,0.9940000176429749,0.3264999985694885
YNL131W,YJL158C,0,-5.567492,0.23333333432674408,0.9940000176429749,0.32659998536109924
YOL086W-A,YMR267W,0,-5.56755,0.2332785725593567,0.9940000176429749,0.32670000195503235
YPR118W,YBR083W,0,-5.5676556,0.2332238405942917,0.9940000176429749,0.32679998874664307
YIL172C,YLR157C,0,-5.568599,0.23316912353038788,0.9940000176429749,0.32690000534057617
YMR319C,YFL004W,0,-5.568955,0.23311445116996765,0.9940000176429749,0.3269999921321869
YDR363W-A,YMR058W,0,-5.5695653,0.23305979371070862,0.9940000176429749,0.32710000872612
YCL066W,YLR287C-A,0,-5.569797,0.23300515115261078,0.9940000176429749,0.3271999955177307
YDL080C,YER177W,0,-5.5716305,0.23295055329799652,0.9940000176429749,0.3273000121116638
YDR097C,YJL214W,0,-5.572139,0.23289597034454346,0.9940000176429749,0.32739999890327454
YFL043C,YGL157W,0,-5.5724664,0.23284141719341278,0.9940000176429749,0.32749998569488525
YOR167C,YDL225W,0,-5.5728636,0.2327868789434433,0.9940000176429749,0.32760000228881836
YJR017C,YLL014W,0,-5.5736375,0.2327323853969574,0.9940000176429749,0.3276999890804291
YLR446W,YOR189W,0,-5.573979,0.2326779067516327,0.9940000176429749,0.3278000056743622
YML001W,YNL309W,0,-5.574065,0.23262344300746918,0.9940000176429749,0.3278999924659729
YOL086W-A,YML016C,0,-5.575734,0.23256902396678925,0.9940000176429749,0.328000009059906
YPR075C,YHL039W,0,-5.5757937,0.2325146198272705,0.9940000176429749,0.3280999958515167
YGL233W,YGR235C,0,-5.576487,0.23246024549007416,0.9940000176429749,0.32820001244544983
YML014W,YBR112C,0,-5.5768304,0.232405886054039,0.9940000176429749,0.32829999923706055
YLR086W,YMR196W,0,-5.5774565,0.23235157132148743,0.9940000176429749,0.32839998602867126
YGL204C,YEL006W,0,-5.579158,0.23229727149009705,0.9940000176429749,0.32850000262260437
YBR033W,YDL237W,0,-5.5793347,0.23224298655986786,0.9940000176429749,0.3285999894142151
YBR048W,YDR069C,0,-5.5807815,0.23218874633312225,0.9940000176429749,0.3287000060081482
YGR067C,YFL037W,0,-5.581203,0.23213452100753784,0.9940000176429749,0.3287999927997589
YKL082C,YDL190C,0,-5.581265,0.23208031058311462,0.9940000176429749,0.328900009393692
YKL141W,YOL114C,0,-5.5813346,0.232026144862175,0.9940000176429749,0.32899999618530273
YKR016W,YGR283C,0,-5.582208,0.23197199404239655,0.9940000176429749,0.32910001277923584
YOR057W,YDL176W,0,-5.583018,0.2319178730249405,0.9940000176429749,0.32919999957084656
YLR069C,YKL061W,0,-5.5835214,0.23186376690864563,0.9940000176429749,0.3292999863624573
YER103W,YPR091C,0,-5.5847297,0.23180970549583435,0.9940000176429749,0.3294000029563904
YCL047C,YOL039W,0,-5.585778,0.23175565898418427,0.9940000176429749,0.3294999897480011
YDR397C,YLR363C,0,-5.585796,0.23170162737369537,0.9940000176429749,0.3296000063419342
YCR015C,YNR006W,0,-5.586721,0.23164764046669006,0.9940000176429749,0.3296999931335449
YNR073C,YFL033C,0,-5.587089,0.23159366846084595,0.9940000176429749,0.329800009727478
YPL271W,YPL179W,0,-5.587492,0.23153971135616302,0.9940000176429749,0.32989999651908875
YLR307W,YMR020W,0,-5.589794,0.23148579895496368,0.9940000176429749,0.33000001311302185
YMR273C,YCL001W-A,0,-5.592373,0.23143190145492554,0.9940000176429749,0.33009999990463257
YER100W,YLR223C,0,-5.592426,0.23137801885604858,0.9940000176429749,0.3301999866962433
YLR246W,YLR006C,0,-5.5926485,0.2313241809606552,0.9940000176429749,0.3303000032901764
YLR283W,YCR107W,0,-5.592687,0.23127035796642303,0.9940000176429749,0.3303999900817871
YKL073W,YMR303C,0,-5.593241,0.23121656477451324,0.9940000176429749,0.3305000066757202
YEL005C,YOR110W,0,-5.5937123,0.23116278648376465,0.9940000176429749,0.33059999346733093
YDR364C,YDR349C,0,-5.5938153,0.23110903799533844,0.9940000176429749,0.33070001006126404
YJL083W,YER053C,0,-5.595222,0.23105531930923462,0.9940000176429749,0.33079999685287476
YDR179W-A,YMR017W,0,-5.595336,0.23100163042545319,0.9940000176429749,0.33090001344680786
YJR129C,YOR194C,0,-5.596183,0.23094795644283295,0.9940000176429749,0.3310000002384186
YIR038C,YGL008C,0,-5.596773,0.2308943122625351,0.9940000176429749,0.3310999870300293
YPR109W,YHR168W,0,-5.5970817,0.23084068298339844,0.9940000176429749,0.3312000036239624
YDR304C,YLL007C,0,-5.598374,0.23078708350658417,0.9940000176429749,0.3312999904155731
YBR158W,YJR133W,0,-5.5987086,0.23073351383209229,0.9940000176429749,0.3314000070095062
YGR133W,YNL049C,0,-5.599596,0.2306799739599228,0.9940000176429749,0.33149999380111694
YDL211C,YJR078W,0,-5.6009483,0.2306264489889145,0.9940000176429749,0.33160001039505005
YNL247W,YER072W,0,-5.6010184,0.23057295382022858,0.9940000176429749,0.33169999718666077
YDL241W,YDR284C,0,-5.6020465,0.23051947355270386,0.9940000176429749,0.33180001378059387
YNR059W,YEL049W,0,-5.6024966,0.23046603798866272,0.9940000176429749,0.3319000005722046
YLL002W,YKL105C,0,-5.602875,0.23041261732578278,0.9940000176429749,0.3319999873638153
YBR123C,YFL051C,0,-5.6031957,0.23035921156406403,0.9940000176429749,0.3321000039577484
YLR137W,YGL178W,0,-5.604034,0.23030583560466766,0.9940000176429749,0.33219999074935913
YBL099W,YJR082C,0,-5.6050916,0.2302524894475937,0.9940000176429749,0.33230000734329224
YDR140W,YOL098C,0,-5.605356,0.2301991730928421,0.9940000176429749,0.33239999413490295
YOL047C,YPL189W,0,-5.6069093,0.2301458716392517,0.9940000176429749,0.33250001072883606
YOL115W,YMR166C,0,-5.607973,0.2300925999879837,0.9940000176429749,0.3325999975204468
YIL026C,YJR067C,0,-5.6087437,0.2300393432378769,0.9940000176429749,0.3327000141143799
YER111C,YDR292C,0,-5.60903,0.22998611629009247,0.9940000176429749,0.3328000009059906
YNL320W,YBR192W,0,-5.6093698,0.22993291914463043,0.9940000176429749,0.3328999876976013
YOL026C,YJR129C,0,-5.609448,0.2298797369003296,0.9940000176429749,0.3330000042915344
YPL240C,YPL147W,0,-5.609506,0.22982658445835114,0.9940000176429749,0.33309999108314514
YDL020C,YPL237W,0,-5.6104975,0.22977346181869507,0.9940000176429749,0.33320000767707825
YHR058C,YMR196W,0,-5.6106386,0.2297203540802002,0.9940000176429749,0.33329999446868896
YDL235C,YIL176C,0,-5.6111894,0.2296672761440277,0.9940000176429749,0.33340001106262207
YOR142W,YFL062W,0,-5.612067,0.2296142280101776,0.9940000176429749,0.3334999978542328
YPL253C,YCL073C,0,-5.612205,0.2295611947774887,0.9940000176429749,0.3336000144481659
YCL018W,YML026C,0,-5.6132345,0.2295081913471222,0.9940000176429749,0.3337000012397766
YGL255W,YPL233W,0,-5.614702,0.22945521771907806,0.9940000176429749,0.33379998803138733
YDR359C,YJL144W,0,-5.614925,0.22940225899219513,0.9940000176429749,0.33390000462532043
YBR058C-A,YDR371W,0,-5.614941,0.22934933006763458,0.9940000176429749,0.33399999141693115
YJL084C,YPL047W,0,-5.6154075,0.22929643094539642,0.9940000176429749,0.33410000801086426
YIL123W,YKL150W,0,-5.615453,0.22924354672431946,0.9940000176429749,0.334199994802475
YOL061W,YLR035C-A,0,-5.6157823,0.2291906774044037,0.9940000176429749,0.3343000113964081
YDR293C,YOR026W,0,-5.616345,0.2291378527879715,0.9940000176429749,0.3343999981880188
YKL110C,YPR029C,0,-5.6165385,0.2290850430727005,0.9940000176429749,0.3345000147819519
YBL104C,YPL271W,0,-5.616739,0.2290322631597519,0.9940000176429749,0.3346000015735626
YGL092W,YGL026C,0,-5.6181607,0.22897949814796448,0.9940000176429749,0.33469998836517334
YCR065W,YDR436W,0,-5.6190495,0.22892676293849945,0.9940000176429749,0.33480000495910645
YLR035C-A,YDR022C,0,-5.6198583,0.2288740575313568,0.9940000176429749,0.33489999175071716
YLR285W,YKL105C,0,-5.621198,0.22882136702537537,0.9940000176429749,0.33500000834465027
YMR111C,YHR060W,0,-5.621676,0.2287687063217163,0.9940000176429749,0.335099995136261
YDL043C,YGR109C,0,-5.6222386,0.22871606051921844,0.9940000176429749,0.3352000117301941
YDL093W,YOL075C,0,-5.622301,0.22866344451904297,0.9940000176429749,0.3352999985218048
YOL031C,YDR343C,0,-5.622459,0.22861085832118988,0.9940000176429749,0.3353999853134155
YLR039C,YHL004W,0,-5.622843,0.22855828702449799,0.9940000176429749,0.33550000190734863
YGL112C,YCR037C,0,-5.62318,0.22850574553012848,0.9940000176429749,0.33559998869895935
YBR278W,YER025W,0,-5.6233,0.22845323383808136,0.9940000176429749,0.33570000529289246
YOL136C,YKL196C,0,-5.623302,0.22840073704719543,0.9940000176429749,0.3357999920845032
YBR278W,YDL136W,0,-5.623908,0.2283482700586319,0.9940000176429749,0.3359000086784363
YNL199C,YDR128W,0,-5.624216,0.22829581797122955,0.9940000176429749,0.335999995470047
YGL060W,YER053C-A,0,-5.6246915,0.2282433956861496,0.9940000176429749,0.3361000120639801
YFL034C-A,YCL021W-A,0,-5.6246915,0.22819100320339203,0.9940000176429749,0.3361999988555908
YFR006W,YFL006W,0,-5.6246915,0.22813862562179565,0.9940000176429749,0.33629998564720154
YIL002C,YBL029C-A,0,-5.6246915,0.22808627784252167,0.9940000176429749,0.33640000224113464
YJR135W-A,YDL241W,0,-5.624951,0.22803395986557007,0.9940000176429749,0.33649998903274536
YNR052C,YFR039C,0,-5.6250935,0.22798165678977966,0.9940000176429749,0.33660000562667847
YNL185C,YNL162W,0,-5.6267805,0.22792936861515045,0.9940000176429749,0.3366999924182892
YJL216C,YGL170C,0,-5.627028,0.22787712514400482,0.9940000176429749,0.3368000090122223
YOR049C,YHR132W-A,0,-5.6275,0.22782489657402039,0.9940000176429749,0.336899995803833
YGL124C,YGR063C,0,-5.6279635,0.22777268290519714,0.9940000176429749,0.3370000123977661
YLR455W,YMR163C,0,-5.6281037,0.2277204990386963,0.9940000176429749,0.33709999918937683
YPL001W,YMR011W,0,-5.62838,0.22766834497451782,0.9940000176429749,0.33719998598098755
YKL061W,YLL006W,0,-5.628694,0.22761620581150055,0.9940000176429749,0.33730000257492065
YBR054W,YML065W,0,-5.628715,0.22756409645080566,0.9940000176429749,0.33739998936653137
YGL083W,YOL077W-A,0,-5.6288443,0.22751201689243317,0.9940000176429749,0.3375000059604645
YNL318C,YFR020W,0,-5.6300874,0.22745995223522186,0.9940000176429749,0.3375999927520752
YEL021W,YPL224C,0,-5.630631,0.22740791738033295,0.9940000176429749,0.3377000093460083
YER041W,YOR292C,0,-5.6315637,0.22735589742660522,0.9940000176429749,0.337799996137619
YDL027C,YOL123W,0,-5.631747,0.2273039072751999,0.9940000176429749,0.3379000127315521
YOL019W,YBR204C,0,-5.631815,0.22725194692611694,0.9940000176429749,0.33799999952316284
YJL132W,YKR056W,0,-5.632153,0.2272000014781952,0.9940000176429749,0.33809998631477356
YLR016C,YIL130W,0,-5.632334,0.22714808583259583,0.9940000176429749,0.33820000290870667
YNL230C,YLR337C,0,-5.633196,0.22709618508815765,0.9940000176429749,0.3382999897003174
YBR251W,YLR092W,0,-5.6348357,0.22704431414604187,0.9940000176429749,0.3384000062942505
YOR239W,YHR132W-A,0,-5.635198,0.22699245810508728,0.9940000176429749,0.3384999930858612
YBR042C,YML133C,0,-5.6355567,0.22694063186645508,0.9940000176429749,0.3386000096797943
YOR303W,YGL212W,0,-5.635576,0.22688883543014526,0.9940000176429749,0.33869999647140503
YNR071C,YLR263W,0,-5.6357503,0.22683705389499664,0.9940000176429749,0.33880001306533813
YGL245W,YJL062W-A,0,-5.6361604,0.2267853021621704,0.9940000176429749,0.33889999985694885
YMR198W,YDR507C,0,-5.636846,0.22673358023166656,0.9940000176429749,0.33899998664855957
YML062C,YJL206C,0,-5.637008,0.2266818732023239,0.9940000176429749,0.3391000032424927
YJL100W,YGR061C,0,-5.637361,0.22663018107414246,0.9940000176429749,0.3391999900341034
YGL195W,YHR132W-A,0,-5.6374164,0.22657853364944458,0.9940000176429749,0.3393000066280365
YJL073W,YEL048C,0,-5.638238,0.2265268862247467,0.9940000176429749,0.3393999934196472
YDL084W,YDR022C,0,-5.6385474,0.2264752835035324,0.9940000176429749,0.3395000100135803
YDR090C,YPR079W,0,-5.639748,0.2264236956834793,0.9940000176429749,0.33959999680519104
YNR035C,YOL032W,0,-5.6404157,0.2263721227645874,0.9940000176429749,0.33970001339912415
YGL133W,YLR368W,0,-5.6407986,0.22632057964801788,0.9940000176429749,0.33980000019073486
YPL220W,YKL002W,0,-5.6411023,0.22626906633377075,0.9940000176429749,0.3398999869823456
YLR120C,YGR077C,0,-5.6421986,0.22621756792068481,0.9940000176429749,0.3400000035762787
YOR373W,YNR018W,0,-5.6422534,0.22616609930992126,0.9940000176429749,0.3400999903678894
YPR027C,YLR102C,0,-5.6423087,0.2261146456003189,0.9940000176429749,0.3402000069618225
YDR106W,YJL001W,0,-5.6425166,0.22606322169303894,0.9940000176429749,0.3402999937534332
YGL092W,YER119C,0,-5.642615,0.22601182758808136,0.9940000176429749,0.34040001034736633
YAL030W,YGR032W,0,-5.642861,0.22596044838428497,0.9940000176429749,0.34049999713897705
YBR108W,YAL042W,0,-5.6430154,0.22590908408164978,0.9940000176429749,0.34060001373291016
YFL001W,YHR009C,0,-5.643992,0.22585776448249817,0.9940000176429749,0.3407000005245209
YPR063C,YPL220W,0,-5.6447945,0.22580644488334656,0.9940000176429749,0.3407999873161316
YBR219C,YDR430C,0,-5.644855,0.22575516998767853,0.9940000176429749,0.3409000039100647
YIL005W,YER037W,0,-5.6454372,0.2257039099931717,0.9940000176429749,0.3409999907016754
YHR204W,YLR069C,0,-5.6461334,0.22565266489982605,0.9940000176429749,0.3411000072956085
YGR056W,YGR209C,0,-5.647734,0.2256014496088028,0.9940000176429749,0.34119999408721924
YDR073W,YBR192W,0,-5.647815,0.22555026412010193,0.9940000176429749,0.34130001068115234
YLR143W,YBR016W,0,-5.6482253,0.22549909353256226,0.9940000176429749,0.34139999747276306
YPR057W,YER046W,0,-5.6484237,0.22544795274734497,0.9940000176429749,0.34150001406669617
YDL126C,YLR172C,0,-5.6488914,0.22539682686328888,0.9940000176429749,0.3416000008583069
YJL072C,YLR179C,0,-5.6494308,0.22534573078155518,0.9940000176429749,0.3416999876499176
YER119C,YGL240W,0,-5.6494994,0.22529464960098267,0.9940000176429749,0.3418000042438507
YDR346C,YJR108W,0,-5.649695,0.22524359822273254,0.9940000176429749,0.3418999910354614
YBR243C,YER092W,0,-5.6497226,0.22519256174564362,0.9940000176429749,0.34200000762939453
YNL100W,YIL020C,0,-5.6520147,0.22514156997203827,0.9940000176429749,0.34209999442100525
YGL101W,YPL089C,0,-5.6520576,0.22509057819843292,0.9940000176429749,0.34220001101493835
YGR221C,YOL119C,0,-5.6523666,0.22503961622714996,0.9940000176429749,0.3422999978065491
YKL001C,YNL020C,0,-5.6524067,0.2249886840581894,0.9940000176429749,0.3424000144004822
YGR189C,YOL114C,0,-5.652492,0.22493776679039001,0.9940000176429749,0.3425000011920929
YKR070W,YKL207W,0,-5.6527524,0.22488687932491302,0.9940000176429749,0.3425999879837036
YBL088C,YDL064W,0,-5.6529984,0.22483600676059723,0.9940000176429749,0.3427000045776367
YLL028W,YJL174W,0,-5.653827,0.22478516399860382,0.9940000176429749,0.34279999136924744
YNL329C,YDR135C,0,-5.654013,0.2247343361377716,0.9940000176429749,0.34290000796318054
YOL008W,YIL172C,0,-5.654282,0.22468353807926178,0.9940000176429749,0.34299999475479126
YHR035W,YLL052C,0,-5.65435,0.22463276982307434,0.9940000176429749,0.34310001134872437
YNL152W,YCR069W,0,-5.654516,0.2245820164680481,0.9940000176429749,0.3431999981403351
YCL061C,YHR141C,0,-5.65591,0.22453127801418304,0.9940000176429749,0.3433000147342682
YGL077C,YCR034W,0,-5.6563516,0.22448058426380157,0.9940000176429749,0.3434000015258789
YBR183W,YIL111W,0,-5.6564064,0.2244298905134201,0.9940000176429749,0.3434999883174896
YHL028W,YPL113C,0,-5.65741,0.22437922656536102,0.9940000176429749,0.34360000491142273
YBR085W,YPL216W,0,-5.6584744,0.22432859241962433,0.9940000176429749,0.34369999170303345
YNL249C,YPR116W,0,-5.6602464,0.22427797317504883,0.9940000176429749,0.34380000829696655
YBL006C,YJL222W,0,-5.6615777,0.22422738373279572,0.9940000176429749,0.34389999508857727
YIL064W,YPR164W,0,-5.6620755,0.2241768091917038,0.9940000176429749,0.3440000116825104
YGL086W,YKL037W,0,-5.663283,0.22412626445293427,0.9940000176429749,0.3440999984741211
YGL172W,YBR235W,0,-5.6639695,0.22407574951648712,0.9940000176429749,0.3441999852657318
YDR472W,YDR448W,0,-5.6644235,0.22402524948120117,0.9940000176429749,0.3443000018596649
YLR253W,YNL027W,0,-5.6644583,0.22397476434707642,0.9940000176429749,0.34439998865127563
YFR015C,YER048C,0,-5.6649494,0.22392430901527405,0.9940000176429749,0.34450000524520874
YDR457W,YHR102W,0,-5.666832,0.22387386858463287,0.9940000176429749,0.34459999203681946
YHR087W,YGL237C,0,-5.6675096,0.2238234579563141,0.9940000176429749,0.34470000863075256
YOR228C,YBR007C,0,-5.6678777,0.2237730771303177,0.9940000176429749,0.3447999954223633
YGL237C,YLR211C,0,-5.669382,0.22372271120548248,0.9940000176429749,0.3449000120162964
YDR030C,YMR251W-A,0,-5.6695704,0.22367236018180847,0.9940000176429749,0.3449999988079071
YJR101W,YGL195W,0,-5.6696773,0.22362205386161804,0.9940000176429749,0.3450999855995178
YGL201C,YIL093C,0,-5.6697097,0.2235717475414276,0.9940000176429749,0.3452000021934509
YFL055W,YHL008C,0,-5.6704764,0.22352147102355957,0.9940000176429749,0.34529998898506165
YNL238W,YGR222W,0,-5.670647,0.22347122430801392,0.9940000176429749,0.34540000557899475
YOR243C,YPL180W,0,-5.671527,0.22342099249362946,0.9940000176429749,0.34549999237060547
YJL079C,YNL020C,0,-5.6721044,0.22337079048156738,0.9940000176429749,0.3456000089645386
YGL233W,YMR105C,0,-5.672525,0.2233206033706665,0.9940000176429749,0.3456999957561493
YBL082C,YPR094W,0,-5.6725936,0.223270446062088,0.9940000176429749,0.3458000123500824
YNR045W,YOL087C,0,-5.672811,0.22322030365467072,0.9940000176429749,0.3458999991416931
YOR071C,YJR107W,0,-5.673947,0.2231701910495758,0.9940000176429749,0.34599998593330383
YGR028W,YDL149W,0,-5.674201,0.2231200933456421,0.9940000176429749,0.34610000252723694
YHR035W,YDR277C,0,-5.67433,0.22307001054286957,0.9940000176429749,0.34619998931884766
YHR082C,YIR010W,0,-5.674407,0.22301997244358063,0.9940000176429749,0.34630000591278076
YPL183W-A,YPL058C,0,-5.6747866,0.2229699343442917,0.9940000176429749,0.3463999927043915
YHR179W,YGL148W,0,-5.6755137,0.22291994094848633,0.9940000176429749,0.3465000092983246
YER153C,YNR075W,0,-5.675589,0.22286996245384216,0.9940000176429749,0.3465999960899353
YDR262W,YHR166C,0,-5.675751,0.2228199988603592,0.9940000176429749,0.3467000126838684
YBL009W,YML075C,0,-5.6761184,0.2227700650691986,0.9940000176429749,0.3467999994754791
YGL222C,YGL231C,0,-5.67722,0.22272014617919922,0.9940000176429749,0.34689998626708984
YMR215W,YDL070W,0,-5.6774335,0.22267025709152222,0.9940000176429749,0.34700000286102295
YMR257C,YLR057W,0,-5.678009,0.2226203829050064,0.9940000176429749,0.34709998965263367
YJR044C,YJL055W,0,-5.6783743,0.222570538520813,0.9940000176429749,0.3472000062465668
YFL051C,YDL120W,0,-5.6792855,0.22252070903778076,0.9940000176429749,0.3472999930381775
YPR022C,YKL046C,0,-5.6801677,0.22247090935707092,0.9940000176429749,0.3474000096321106
YLR069C,YDR308C,0,-5.680717,0.22242112457752228,0.9940000176429749,0.3474999964237213
YNR035C,YNR067C,0,-5.681653,0.22237136960029602,0.9940000176429749,0.3476000130176544
YKL182W,YLR172C,0,-5.681873,0.22232162952423096,0.9940000176429749,0.34769999980926514
YPL166W,YDR545W,0,-5.683142,0.22227191925048828,0.9940000176429749,0.34779998660087585
YBR163W,YBL068W,0,-5.6836233,0.2222222238779068,0.9940000176429749,0.34790000319480896
YLR387C,YMR295C,0,-5.6840215,0.2221725583076477,0.9940000176429749,0.3479999899864197
YPR027C,YPR105C,0,-5.6860194,0.2221229076385498,0.9940000176429749,0.3481000065803528
YIL167W,YNR043W,0,-5.6879864,0.2220732867717743,0.9940000176429749,0.3481999933719635
YNL220W,YGL215W,0,-5.6889386,0.22202368080615997,0.9940000176429749,0.3483000099658966
YGR183C,YGL108C,0,-5.6894617,0.22197408974170685,0.9940000176429749,0.3483999967575073
YIL052C,YJL197W,0,-5.6905184,0.2219245433807373,0.9940000176429749,0.34850001335144043
YKL182W,YPL184C,0,-5.690841,0.22187499701976776,0.9940000176429749,0.34860000014305115
YJR129C,YOR383C,0,-5.690964,0.2218254804611206,0.9940000176429749,0.34869998693466187
YER070W,YOR381W,0,-5.6916757,0.22177599370479584,0.9940000176429749,0.34880000352859497
YPL253C,YKL088W,0,-5.6945357,0.22172652184963226,0.9940000176429749,0.3488999903202057
YNL074C,YPR030W,0,-5.6962423,0.22167707979679108,0.9940000176429749,0.3490000069141388
YGL163C,YDR331W,0,-5.696834,0.22162765264511108,0.9940000176429749,0.3490999937057495
YOR239W,YBR187W,0,-5.697269,0.22157824039459229,0.9940000176429749,0.3492000102996826
YLR155C,YER118C,0,-5.697291,0.22152885794639587,0.9940000176429749,0.34929999709129333
YJL037W,YPL030W,0,-5.697597,0.22147950530052185,0.9940000176429749,0.34940001368522644
YFL017W-A,YLR011W,0,-5.698525,0.22143016755580902,0.9940000176429749,0.34950000047683716
YGR271W,YMR209C,0,-5.7002826,0.22138084471225739,0.9940000176429749,0.3495999872684479
YLR069C,YGR212W,0,-5.7027583,0.22133155167102814,0.9940000176429749,0.349700003862381
YJL136C,YOR081C,0,-5.7035685,0.22128227353096008,0.9940000176429749,0.3497999906539917
YOR011W,YGL201C,0,-5.7039723,0.22123302519321442,0.9940000176429749,0.3499000072479248
YAL039C,YNL317W,0,-5.7044806,0.22118380665779114,0.9940000176429749,0.3499999940395355
YAL068C,YDL076C,0,-5.7052674,0.22113458812236786,0.9940000176429749,0.35010001063346863
YNL244C,YMR209C,0,-5.7060337,0.22108541429042816,0.9940000176429749,0.35019999742507935
YAL068C,YJL061W,0,-5.706619,0.22103624045848846,0.9940000176429749,0.35030001401901245
YDR444W,YBR180W,0,-5.7071023,0.22098711133003235,0.9940000176429749,0.35040000081062317
YCL005W-A,YNL049C,0,-5.707748,0.22093798220157623,0.9940000176429749,0.3504999876022339
YKL006C-A,YDL104C,0,-5.7077713,0.2208888828754425,0.9940000176429749,0.350600004196167
YOL098C,YIL020C,0,-5.707912,0.22083981335163116,0.9940000176429749,0.3506999909877777
YLL007C,YOR362C,0,-5.7094707,0.22079075872898102,0.9940000176429749,0.3508000075817108
YIL129C,YHR079C-A,0,-5.709542,0.22074173390865326,0.9940000176429749,0.35089999437332153
YNL187W,YPL064C,0,-5.711283,0.2206927239894867,0.9940000176429749,0.35100001096725464
YJR136C,YLR390W,0,-5.7113414,0.22064372897148132,0.9940000176429749,0.35109999775886536
YPL060W,YDR115W,0,-5.711691,0.22059476375579834,0.9940000176429749,0.35120001435279846
YLR431C,YJL045W,0,-5.71281,0.22054581344127655,0.9940000176429749,0.3513000011444092
YNR055C,YFL011W-A,0,-5.71327,0.22049689292907715,0.9940000176429749,0.3513999879360199
YIL148W,YHR134W,0,-5.7137995,0.22044798731803894,0.9940000176429749,0.351500004529953
YPR153W,YDR545W,0,-5.713848,0.22039911150932312,0.9940000176429749,0.3515999913215637
YGR287C,YDL201W,0,-5.7139125,0.2203502506017685,0.9940000176429749,0.3517000079154968
YHR179W,YPL150W,0,-5.71462,0.22030141949653625,0.9940000176429749,0.35179999470710754
YER185W,YPR083W,0,-5.714804,0.2202526032924652,0.9940000176429749,0.35190001130104065
YLL017W,YIL107C,0,-5.7148337,0.22020381689071655,0.9940000176429749,0.35199999809265137
YLR453C,YPL062W,0,-5.7149453,0.2201550453901291,0.9940000176429749,0.3521000146865845
YDR248C,YJL020C,0,-5.7150874,0.22010628879070282,0.9940000176429749,0.3522000014781952
YMR086W,YDR322C-A,0,-5.715104,0.22005756199359894,0.9940000176429749,0.3522999882698059
YGR084C,YNL299W,0,-5.7162447,0.22000885009765625,0.9940000176429749,0.352400004863739
YDL133W,YDR043C,0,-5.7168946,0.21996016800403595,0.9940000176429749,0.35249999165534973
YPR186C,YEL038W,0,-5.7175,0.21991150081157684,0.9940000176429749,0.35260000824928284
YBR104W,YPL026C,0,-5.717841,0.21986286342144012,0.9940000176429749,0.35269999504089355
YER074W-A,YDL104C,0,-5.7187037,0.2198142409324646,0.9940000176429749,0.35280001163482666
YPL187W,YNL309W,0,-5.7195954,0.21976564824581146,0.9940000176429749,0.3528999984264374
YJR100C,YBR237W,0,-5.72147,0.21971707046031952,0.9940000176429749,0.3529999852180481
YPL262W,YER145C,0,-5.7214985,0.21966850757598877,0.9940000176429749,0.3531000018119812
YLR229C,YDR261C,0,-5.7222114,0.2196199744939804,0.9940000176429749,0.3531999886035919
YGL068W,YOR066W,0,-5.722776,0.21957145631313324,0.9940000176429749,0.353300005197525
YNL262W,YDR122W,0,-5.7231097,0.21952296793460846,0.9940000176429749,0.35339999198913574
YML042W,YJR094W-A,0,-5.7236934,0.21947449445724487,0.9940000176429749,0.35350000858306885
YKL023W,YGL257C,0,-5.724012,0.21942605078220367,0.9940000176429749,0.35359999537467957
YLR314C,YDR370C,0,-5.724423,0.21937762200832367,0.9940000176429749,0.35370001196861267
YML100W,YJL018W,0,-5.725062,0.21932920813560486,0.9940000176429749,0.3537999987602234
YLR127C,YLR432W,0,-5.725134,0.21928082406520844,0.9940000176429749,0.3538999855518341
YGR202C,YGR108W,0,-5.726355,0.2192324697971344,0.9940000176429749,0.3540000021457672
YLR182W,YBR189W,0,-5.7270865,0.21918413043022156,0.9940000176429749,0.35409998893737793
YKR027W,YIL170W,0,-5.727571,0.2191358059644699,0.9940000176429749,0.35420000553131104
YHR023W,YNL215W,0,-5.728699,0.21908749639987946,0.9940000176429749,0.35429999232292175
YBL017C,YPR080W,0,-5.7287116,0.21903923153877258,0.9940000176429749,0.35440000891685486
YKL124W,YMR018W,0,-5.728829,0.2189909666776657,0.9940000176429749,0.3544999957084656
YHR168W,YBR105C,0,-5.7290177,0.21894273161888123,0.9940000176429749,0.3546000123023987
YPL212C,YMR315W,0,-5.7292123,0.21889451146125793,0.9940000176429749,0.3546999990940094
YOL073C,YNL214W,0,-5.729263,0.21884632110595703,0.9940000176429749,0.3547999858856201
YDL134C,YGL219C,0,-5.73034,0.21879814565181732,0.9940000176429749,0.3549000024795532
YNL242W,YJR149W,0,-5.7305264,0.21875,0.9940000176429749,0.35499998927116394
YPL004C,YPR071W,0,-5.7312903,0.21870186924934387,0.9940000176429749,0.35510000586509705
YIL033C,YJR097W,0,-5.732406,0.21865376830101013,0.9940000176429749,0.35519999265670776
YJL163C,YNL260C,0,-5.733028,0.2186056673526764,0.9940000176429749,0.35530000925064087
YPR163C,YIR002C,0,-5.7333994,0.21855761110782623,0.9940000176429749,0.3553999960422516
YBR103W,YDR222W,0,-5.7337995,0.21850956976413727,0.9940000176429749,0.3555000126361847
YNL328C,YJR009C,0,-5.734252,0.2184615433216095,0.9940000176429749,0.3555999994277954
YDR500C,YOR133W,0,-5.7346673,0.21841353178024292,0.9940000176429749,0.35569998621940613
YNL158W,YMR072W,0,-5.7353573,0.21836555004119873,0.9940000176429749,0.35580000281333923
YHR071W,YDL178W,0,-5.735516,0.21831759810447693,0.9940000176429749,0.35589998960494995
YCL001W-A,YAL068C,0,-5.735931,0.21826964616775513,0.9940000176429749,0.35600000619888306
YDL077C,YDR049W,0,-5.7366223,0.2182217389345169,0.9940000176429749,0.3560999929904938
YKR043C,YPR169W,0,-5.7366366,0.2181738317012787,0.9940000176429749,0.3562000095844269
YPL212C,YER020W,0,-5.737126,0.21812595427036285,0.9940000176429749,0.3562999963760376
YKR030W,YBR054W,0,-5.73775,0.2180781066417694,0.9940000176429749,0.3564000129699707
YLR173W,YBL079W,0,-5.7390857,0.21803027391433716,0.9940000176429749,0.3564999997615814
YJR123W,YGR074W,0,-5.740428,0.2179824560880661,0.9940000176429749,0.35659998655319214
YDR175C,YFL049W,0,-5.7405705,0.21793466806411743,0.9940000176429749,0.35670000314712524
YLR035C-A,YKL048C,0,-5.740703,0.21788689494132996,0.9940000176429749,0.35679998993873596
YPL099C,YKR075C,0,-5.740762,0.21783913671970367,0.9940000176429749,0.35690000653266907
YPR156C,YLR337C,0,-5.7411046,0.21779140830039978,0.9940000176429749,0.3569999933242798
YDL042C,YNL100W,0,-5.741853,0.21774369478225708,0.9940000176429749,0.3571000099182129
YKL053C-A,YCR023C,0,-5.7426105,0.21769601106643677,0.9940000176429749,0.3571999967098236
YLR173W,YOR158W,0,-5.742704,0.21764834225177765,0.9940000176429749,0.3573000133037567
YBL029C-A,YGR149W,0,-5.7429156,0.21760070323944092,0.9940000176429749,0.35740000009536743
YBL029C-A,YPL026C,0,-5.7429156,0.21755307912826538,0.9940000176429749,0.35749998688697815
YJR048W,YNL155W,0,-5.742951,0.21750546991825104,0.9940000176429749,0.35760000348091125
YLL019C,YBR126C,0,-5.743095,0.21745789051055908,0.9940000176429749,0.357699990272522
YJL209W,YNR063W,0,-5.743448,0.21741032600402832,0.9940000176429749,0.3578000068664551
YER100W,YNR017W,0,-5.7440853,0.21736277639865875,0.9940000176429749,0.3578999936580658
YGR222W,YML065W,0,-5.744331,0.21731525659561157,0.9940000176429749,0.3580000102519989
YCL005W-A,YIL125W,0,-5.7444787,0.21726776659488678,0.9940000176429749,0.3580999970436096
YMR079W,YPL130W,0,-5.7454324,0.217220276594162,0.9940000176429749,0.3582000136375427
YAL002W,YPR133W-A,0,-5.7456365,0.21717281639575958,0.9940000176429749,0.35830000042915344
YOR299W,YNL180C,0,-5.746264,0.21712538599967957,0.9940000176429749,0.35839998722076416
YNL249C,YMR274C,0,-5.7463446,0.21707797050476074,0.9940000176429749,0.35850000381469727
YNL119W,YLR380W,0,-5.7471895,0.2170305699110031,0.9940000176429749,0.358599990606308
YLR225C,YPL172C,0,-5.7486324,0.21698318421840668,0.9940000176429749,0.3587000072002411
YBR003W,YDR493W,0,-5.7486377,0.21693584322929382,0.9940000176429749,0.3587999939918518
YPR094W,YJR082C,0,-5.7499375,0.21688850224018097,0.9940000176429749,0.3589000105857849
YDR346C,YHL030W,0,-5.7504864,0.2168411910533905,0.9940000176429749,0.35899999737739563
YAL018C,YCR098C,0,-5.751309,0.21679389476776123,0.9940000176429749,0.35910001397132874
YLR095C,YGR127W,0,-5.75182,0.21674661338329315,0.9940000176429749,0.35920000076293945
YMR268W-A,YLR024C,0,-5.752624,0.21669936180114746,0.9940000176429749,0.35929998755455017
YMR182C,YDL119C,0,-5.753713,0.21665214002132416,0.9940000176429749,0.3594000041484833
YLR060W,YDR034W-B,0,-5.753904,0.21660491824150085,0.9940000176429749,0.359499990940094
YLR268W,YOR060C,0,-5.754172,0.21655774116516113,0.9940000176429749,0.3596000075340271
YOR095C,YLR277C,0,-5.754482,0.2165105640888214,0.9940000176429749,0.3596999943256378
YDR516C,YKL046C,0,-5.754934,0.21646341681480408,0.9940000176429749,0.3598000109195709
YBL045C,YKL189W,0,-5.7566333,0.21641628444194794,0.9940000176429749,0.35989999771118164
YPL206C,YOL077C,0,-5.757123,0.21636918187141418,0.9940000176429749,0.36000001430511475
YDR248C,YLR209C,0,-5.75777,0.21632209420204163,0.9940000176429749,0.36010000109672546
YIL094C,YGR124W,0,-5.758199,0.21627502143383026,0.9940000176429749,0.3601999878883362
YJL074C,YGL008C,0,-5.75857,0.21622797846794128,0.9940000176429749,0.3603000044822693
YLR432W,YOL114C,0,-5.7593307,0.2161809504032135,0.9940000176429749,0.36039999127388
YDR243C,YER167W,0,-5.760549,0.2161339372396469,0.9940000176429749,0.3605000078678131
YHL001W,YDR329C,0,-5.761623,0.2160869538784027,0.9940000176429749,0.36059999465942383
YGL101W,YPR029C,0,-5.76238,0.2160399854183197,0.9940000176429749,0.36070001125335693
YDR477W,YLR092W,0,-5.762571,0.21599304676055908,0.9940000176429749,0.36079999804496765
YHR177W,YAR028W,0,-5.76306,0.21594612300395966,0.9940000176429749,0.36090001463890076
YLR451W,YDR510W,0,-5.7630606,0.21589921414852142,0.9940000176429749,0.3610000014305115
YHR051W,YDR349C,0,-5.763324,0.21585233509540558,0.9940000176429749,0.3610999882221222
YPL070W,YDR348C,0,-5.7639394,0.21580547094345093,0.9940000176429749,0.3612000048160553
YAR010C,YFR005C,0,-5.763969,0.21575862169265747,0.9940000176429749,0.361299991607666
YDL085W,YLR292C,0,-5.764472,0.2157118022441864,0.9940000176429749,0.3614000082015991
YGL059W,YNL217W,0,-5.765535,0.21566499769687653,0.9940000176429749,0.36149999499320984
YGR123C,YDR034W-B,0,-5.7660584,0.21561822295188904,0.9940000176429749,0.36160001158714294
YLL050C,YLR390W,0,-5.7663097,0.21557146310806274,0.9940000176429749,0.36169999837875366
YGL258W,YGL048C,0,-5.766599,0.21552471816539764,0.9940000176429749,0.3617999851703644
YJR097W,YLR096W,0,-5.7666645,0.21547800302505493,0.9940000176429749,0.3619000017642975
YKL161C,YHR205W,0,-5.767844,0.2154313027858734,0.9940000176429749,0.3619999885559082
YOR182C,YKR083C,0,-5.7681847,0.2153846174478531,0.9940000176429749,0.3621000051498413
YNR071C,YDR363W-A,0,-5.7683606,0.21533796191215515,0.9940000176429749,0.362199991941452
YOR141C,YJR054W,0,-5.7687516,0.2152913212776184,0.9940000176429749,0.36230000853538513
YDL232W,YKL006C-A,0,-5.7689843,0.21524469554424286,0.9940000176429749,0.36239999532699585
YHR168W,YBL084C,0,-5.770322,0.2151980996131897,0.9940000176429749,0.36250001192092896
YDL043C,YMR169C,0,-5.7715616,0.21515151858329773,0.9940000176429749,0.3625999987125397
YKL057C,YOR372C,0,-5.7716136,0.21510495245456696,0.9940000176429749,0.3626999855041504
YKR062W,YGL068W,0,-5.7727904,0.21505841612815857,0.9940000176429749,0.3628000020980835
YNL192W,YDL177C,0,-5.77293,0.21501189470291138,0.9940000176429749,0.3628999888896942
YAL008W,YFL066C,0,-5.7730384,0.21496540307998657,0.9940000176429749,0.3630000054836273
YDL210W,YKL154W,0,-5.7732663,0.21491892635822296,0.9940000176429749,0.36309999227523804
YHR214C-B,YGR091W,0,-5.773521,0.21487246453762054,0.9940000176429749,0.36320000886917114
YPR160W,YJL129C,0,-5.773744,0.21482601761817932,0.9940000176429749,0.36329999566078186
YLR211C,YNR031C,0,-5.7738204,0.21477960050106049,0.9940000176429749,0.36340001225471497
YLR063W,YLR067C,0,-5.7738395,0.21473319828510284,0.9940000176429749,0.3634999990463257
YLR035C-A,YFL050C,0,-5.773931,0.2146868258714676,0.9940000176429749,0.3635999858379364
YBR108W,YJR054W,0,-5.774112,0.21464046835899353,0.9940000176429749,0.3637000024318695
YMR256C,YOL145C,0,-5.774998,0.21459412574768066,0.9940000176429749,0.3637999892234802
YOR059C,YCR043C,0,-5.775695,0.21454781293869019,0.9940000176429749,0.36390000581741333
YPL256C,YKR002W,0,-5.776149,0.2145015150308609,0.9940000176429749,0.36399999260902405
YNL045W,YLR425W,0,-5.776616,0.2144552320241928,0.9940000176429749,0.36410000920295715
YOR242C,YLR455W,0,-5.778235,0.2144089788198471,0.9940000176429749,0.36419999599456787
YIL089W,YDR397C,0,-5.778459,0.2143627405166626,0.9940000176429749,0.364300012588501
YKL079W,YPR097W,0,-5.7787747,0.21431651711463928,0.9940000176429749,0.3643999993801117
YHR030C,YOR242C,0,-5.7790203,0.21427032351493835,0.9940000176429749,0.3644999861717224
YOL067C,YGL082W,0,-5.7801185,0.21422414481639862,0.9940000176429749,0.3646000027656555
YGL210W-A,YLR353W,0,-5.7805724,0.21417798101902008,0.9940000176429749,0.36469998955726624
YMR003W,YLR362W,0,-5.7806745,0.21413184702396393,0.9940000176429749,0.36480000615119934
YPL271W,YJL117W,0,-5.7814703,0.21408571302890778,0.9940000176429749,0.36489999294281006
YNR018W,YJL004C,0,-5.7821155,0.2140396237373352,0.9940000176429749,0.36500000953674316
YFL027C,YMR041C,0,-5.782555,0.21399353444576263,0.9940000176429749,0.3650999963283539
YMR133W,YLR244C,0,-5.7827506,0.21394747495651245,0.9940000176429749,0.365200012922287
YMR262W,YLR038C,0,-5.7836413,0.21390144526958466,0.9940000176429749,0.3652999997138977
YPL052W,YNL122C,0,-5.783834,0.21385541558265686,0.9940000176429749,0.3653999865055084
YNL102W,YKL096W-A,0,-5.7843547,0.21380941569805145,0.9940000176429749,0.36550000309944153
YNL281W,YIL127C,0,-5.784511,0.21376344561576843,0.9940000176429749,0.36559998989105225
YDL075W,YPR036W,0,-5.7848697,0.2137174755334854,0.9940000176429749,0.36570000648498535
YGR054W,YPR068C,0,-5.7849154,0.21367153525352478,0.9940000176429749,0.36579999327659607
YGR204W,YGR032W,0,-5.7850223,0.21362562477588654,0.9940000176429749,0.3659000098705292
YOL159C,YOR010C,0,-5.785702,0.2135797142982483,0.9940000176429749,0.3659999966621399
YNR065C,YNL083W,0,-5.785995,0.21353383362293243,0.9940000176429749,0.366100013256073
YOR249C,YDL176W,0,-5.7861624,0.21348796784877777,0.9940000176429749,0.3662000000476837
YHL017W,YGR247W,0,-5.7862525,0.2134421318769455,0.9940000176429749,0.36629998683929443
YMR075W,YFR044C,0,-5.786338,0.21339631080627441,0.9940000176429749,0.36640000343322754
YLR164W,YNL194C,0,-5.7868795,0.21335050463676453,0.9940000176429749,0.36649999022483826
YHR116W,YFR020W,0,-5.7880607,0.21330472826957703,0.9940000176429749,0.36660000681877136
YFL008W,YDR234W,0,-5.7895947,0.21325895190238953,0.9940000176429749,0.3666999936103821
YLR442C,YGR042W,0,-5.7897315,0.2132132202386856,0.9940000176429749,0.3668000102043152
YHL012W,YDR541C,0,-5.789809,0.2131674885749817,0.9940000176429749,0.3668999969959259
YDR518W,YDL184C,0,-5.7898316,0.21312178671360016,0.9940000176429749,0.367000013589859
YDR210W,YDR160W,0,-5.789844,0.21307609975337982,0.9940000176429749,0.3671000003814697
YNL148C,YGR235C,0,-5.7903976,0.21303042769432068,0.9940000176429749,0.36719998717308044
YNL124W,YLR271W,0,-5.790533,0.21298478543758392,0.9940000176429749,0.36730000376701355
YLR225C,YMR014W,0,-5.7907624,0.21293915808200836,0.9940000176429749,0.36739999055862427
YBR168W,YBR031W,0,-5.7915454,0.2128935605287552,0.9940000176429749,0.3675000071525574
YCL030C,YDR292C,0,-5.792449,0.21284796297550201,0.9940000176429749,0.3675999939441681
YPL086C,YNL239W,0,-5.792642,0.21280239522457123,0.9940000176429749,0.3677000105381012
YGL018C,YJR107W,0,-5.7926936,0.21275684237480164,0.9940000176429749,0.3677999973297119
YJR060W,YOL019W,0,-5.7931924,0.21271131932735443,0.9940000176429749,0.367900013923645
YMR192W,YGR094W,0,-5.7937493,0.21266581118106842,0.9940000176429749,0.36800000071525574
YNL023C,YDL077C,0,-5.7938533,0.2126203179359436,0.9940000176429749,0.36809998750686646
YOR156C,YPL224C,0,-5.795915,0.21257485449314117,0.9940000176429749,0.36820000410079956
YDR258C,YPL184C,0,-5.7964063,0.21252940595149994,0.9940000176429749,0.3682999908924103
YGL228W,YDR243C,0,-5.796867,0.2124839723110199,0.9940000176429749,0.3684000074863434
YLR050C,YIL125W,0,-5.7979903,0.21243855357170105,0.9940000176429749,0.3684999942779541
YPL265W,YDL108W,0,-5.7981915,0.2123931646347046,0.9940000176429749,0.3686000108718872
YIL123W,YCL021W-A,0,-5.7989373,0.21234779059886932,0.9940000176429749,0.3686999976634979
YMR166C,YBL024W,0,-5.8006864,0.21230243146419525,0.9940000176429749,0.36880001425743103
YMR217W,YKL026C,0,-5.8007264,0.21225710213184357,0.9940000176429749,0.36890000104904175
YLR253W,YCR020W-B,0,-5.8010955,0.21221178770065308,0.9940000176429749,0.36899998784065247
YPR204W,YHR134W,0,-5.8023334,0.21216648817062378,0.9940000176429749,0.36910000443458557
YMR116C,YMR280C,0,-5.803246,0.21212121844291687,0.9940000176429749,0.3691999912261963
YOL077W-A,YPL076W,0,-5.8032584,0.21207594871520996,0.9940000176429749,0.3693000078201294
YJL087C,YER177W,0,-5.8035483,0.21203072369098663,0.9940000176429749,0.3693999946117401
YIL173W,YKL033W-A,0,-5.8036222,0.2119854986667633,0.9940000176429749,0.3695000112056732
YCL001W-A,YPR114W,0,-5.805616,0.21194030344486237,0.9940000176429749,0.36959999799728394
YPR052C,YAR042W,0,-5.805796,0.21189512312412262,0.9940000176429749,0.36970001459121704
YHR177W,YGR010W,0,-5.806241,0.21184995770454407,0.9940000176429749,0.36980000138282776
YOR234C,YPR030W,0,-5.8066816,0.2118048220872879,0.9940000176429749,0.3698999881744385
YEL046C,YLR218C,0,-5.807024,0.21175968647003174,0.9940000176429749,0.3700000047683716
YGL247W,YPR013C,0,-5.8076587,0.21171459555625916,0.9940000176429749,0.3700999915599823
YNR071C,YKL148C,0,-5.80817,0.21166950464248657,0.9940000176429749,0.3702000081539154
YCR004C,YPL118W,0,-5.8083835,0.21162444353103638,0.9940000176429749,0.3702999949455261
YHR011W,YOR151C,0,-5.808479,0.21157939732074738,0.9940000176429749,0.37040001153945923
YOL082W,YPR116W,0,-5.808882,0.21153436601161957,0.9940000176429749,0.37049999833106995
YDR523C,YMR088C,0,-5.809753,0.21148936450481415,0.9940000176429749,0.37059998512268066
YIL056W,YMR020W,0,-5.8111596,0.21144437789916992,0.9940000176429749,0.37070000171661377
YJL023C,YNL045W,0,-5.811591,0.2113994061946869,0.9940000176429749,0.3707999885082245
YDR170W-A,YOR198C,0,-5.8126235,0.21135444939136505,0.9940000176429749,0.3709000051021576
YHR030C,YHR142W,0,-5.8127294,0.2113095223903656,0.9940000176429749,0.3709999918937683
YDL241W,YDR458C,0,-5.8132668,0.21126461029052734,0.9940000176429749,0.3711000084877014
YOR351C,YPR175W,0,-5.8147297,0.21121971309185028,0.9940000176429749,0.37119999527931213
YDR446W,YIL066C,0,-5.8160787,0.2111748456954956,0.9940000176429749,0.37130001187324524
YFL010W-A,YLR187W,0,-5.8162403,0.21112999320030212,0.9940000176429749,0.37139999866485596
YPL184C,YMR258C,0,-5.816465,0.21108515560626984,0.9940000176429749,0.3714999854564667
YDR388W,YNL083W,0,-5.8168144,0.21104033291339874,0.9940000176429749,0.3716000020503998
YIL172C,YNR048W,0,-5.816882,0.21099554002285004,0.9940000176429749,0.3716999888420105
YNR072W,YOL039W,0,-5.817741,0.21095076203346252,0.9940000176429749,0.3718000054359436
YLR253W,YER057C,0,-5.817832,0.2109059989452362,0.9940000176429749,0.3718999922275543
YOL022C,YIR037W,0,-5.8181233,0.21086126565933228,0.9940000176429749,0.3720000088214874
YMR014W,YER013W,0,-5.818546,0.21081654727458954,0.9940000176429749,0.37209999561309814
YGR007W,YDL236W,0,-5.818979,0.210771843791008,0.9940000176429749,0.37220001220703125
YML127W,YOR229W,0,-5.819017,0.21072715520858765,0.9940000176429749,0.37229999899864197
YLR118C,YNL199C,0,-5.819128,0.21068249642848969,0.9940000176429749,0.3723999857902527
YER151C,YLR138W,0,-5.819245,0.21063785254955292,0.9940000176429749,0.3725000023841858
YJR001W,YBR155W,0,-5.819914,0.21059322357177734,0.9940000176429749,0.3725999891757965
YCR015C,YMR056C,0,-5.821964,0.21054860949516296,0.9940000176429749,0.3727000057697296
YKR096W,YPR114W,0,-5.822188,0.21050402522087097,0.9940000176429749,0.37279999256134033
YJL092W,YNL236W,0,-5.822681,0.21045945584774017,0.9940000176429749,0.37290000915527344
YGL122C,YMR039C,0,-5.8231416,0.21041490137577057,0.9940000176429749,0.37299999594688416
YDR460W,YGL160W,0,-5.823192,0.21037037670612335,0.9940000176429749,0.37310001254081726
YPL121C,YGR169C-A,0,-5.8232713,0.21032585203647614,0.9940000176429749,0.373199999332428
YPR178W,YDR033W,0,-5.823322,0.2102813571691513,0.9940000176429749,0.3732999861240387
YMR300C,YKL002W,0,-5.823652,0.21023689210414886,0.9940000176429749,0.3734000027179718
YOL090W,YJL193W,0,-5.8239083,0.21019242703914642,0.9940000176429749,0.3734999895095825
YIR026C,YKL043W,0,-5.824081,0.21014799177646637,0.9940000176429749,0.3736000061035156
YCL069W,YNL283C,0,-5.8243356,0.2101035714149475,0.9940000176429749,0.37369999289512634
YPL281C,YOL115W,0,-5.825358,0.21005916595458984,0.9940000176429749,0.37380000948905945
YML049C,YGR012W,0,-5.827325,0.21001479029655457,0.9940000176429749,0.37389999628067017
YPL265W,YDR138W,0,-5.827664,0.20997042953968048,0.9940000176429749,0.37400001287460327
YJL185C,YHR184W,0,-5.828832,0.2099260836839676,0.9940000176429749,0.374099999666214
YPL052W-A,YDR014W,0,-5.8297954,0.2098817527294159,0.9940000176429749,0.3741999864578247
YJL136C,YOR128C,0,-5.8300147,0.20983745157718658,0.9940000176429749,0.3743000030517578
YJR080C,YPL236C,0,-5.830073,0.20979316532611847,0.9940000176429749,0.37439998984336853
YIL166C,YJL222W,0,-5.8303146,0.20974889397621155,0.9940000176429749,0.37450000643730164
YOL047C,YML095C,0,-5.8306336,0.20970463752746582,0.9940000176429749,0.37459999322891235
YML080W,YKL203C,0,-5.8312345,0.20966041088104248,0.9940000176429749,0.37470000982284546
YIL143C,YLR283W,0,-5.832003,0.20961619913578033,0.9940000176429749,0.3747999966144562
YOR137C,YKL006W,0,-5.832459,0.20957200229167938,0.9940000176429749,0.3749000132083893
YOL073C,YLL055W,0,-5.83267,0.20952782034873962,0.9940000176429749,0.375
YPR153W,YLR380W,0,-5.8328676,0.20948366820812225,0.9940000176429749,0.3750999867916107
YHL020C,YLR134W,0,-5.83297,0.20943953096866608,0.9940000176429749,0.3752000033855438
YJR074W,YJL130C,0,-5.833365,0.2093954086303711,0.9940000176429749,0.37529999017715454
YJL085W,YLR460C,0,-5.833381,0.2093513011932373,0.9940000176429749,0.37540000677108765
YFR005C,YER064C,0,-5.834603,0.2093072235584259,0.9940000176429749,0.37549999356269836
YGR015C,YBL104C,0,-5.834843,0.2092631608247757,0.9940000176429749,0.37560001015663147
YGR256W,YOL077C,0,-5.8357205,0.20921911299228668,0.9940000176429749,0.3756999969482422
YIL065C,YHR076W,0,-5.835747,0.20917508006095886,0.9940000176429749,0.3758000135421753
YDL201W,YMR124W,0,-5.8363323,0.20913107693195343,0.9940000176429749,0.375900000333786
YLR295C,YHR044C,0,-5.83703,0.2090870887041092,0.9940000176429749,0.37599998712539673
YML116W,YGL085W,0,-5.837237,0.20904311537742615,0.9940000176429749,0.37610000371932983
YKR080W,YBR186W,0,-5.8373775,0.2089991569519043,0.9940000176429749,0.37619999051094055
YHR177W,YAR009C,0,-5.837396,0.20895522832870483,0.9940000176429749,0.37630000710487366
YJL098W,YFR020W,0,-5.837626,0.20891131460666656,0.9940000176429749,0.3763999938964844
YMR312W,YMR017W,0,-5.8378577,0.2088674157857895,0.9940000176429749,0.3765000104904175
YHR063C,YER109C,0,-5.8382974,0.2088235318660736,0.9940000176429749,0.3765999972820282
YLR001C,YOL083W,0,-5.8383794,0.20877966284751892,0.9940000176429749,0.3767000138759613
YKR050W,YHR079C-A,0,-5.8384395,0.20873582363128662,0.9940000176429749,0.376800000667572
YLR201C,YGL084C,0,-5.8384905,0.20869199931621552,0.9940000176429749,0.37689998745918274
YBR133C,YER163C,0,-5.839565,0.2086481899023056,0.9940000176429749,0.37700000405311584
YDR458C,YLR179C,0,-5.839746,0.20860441029071808,0.9940000176429749,0.37709999084472656
YHR136C,YLR447C,0,-5.8409343,0.20856063067913055,0.9940000176429749,0.37720000743865967
YLR010C,YGR113W,0,-5.841022,0.20851688086986542,0.9940000176429749,0.3772999942302704
YNL294C,YDR529C,0,-5.8414316,0.20847316086292267,0.9940000176429749,0.3774000108242035
YNL040W,YHL001W,0,-5.841542,0.20842944085597992,0.9940000176429749,0.3774999976158142
YNL176C,YLR466W,0,-5.84241,0.20838575065135956,0.9940000176429749,0.3776000142097473
YOL116W,YMR240C,0,-5.842749,0.2083420604467392,0.9940000176429749,0.37770000100135803
YHL036W,YOR291W,0,-5.843639,0.20829840004444122,0.9940000176429749,0.37779998779296875
YNR035C,YBL064C,0,-5.8440075,0.20825476944446564,0.9940000176429749,0.37790000438690186
YLL017W,YDR470C,0,-5.844126,0.20821113884449005,0.9940000176429749,0.3779999911785126
YGR294W,YMR163C,0,-5.8455043,0.20816753804683685,0.9940000176429749,0.3781000077724457
YJR106W,YKL082C,0,-5.845781,0.20812395215034485,0.9940000176429749,0.3781999945640564
YBR219C,YCR076C,0,-5.846129,0.20808038115501404,0.9940000176429749,0.3783000111579895
YLR223C,YAL017W,0,-5.847026,0.20803683996200562,0.9940000176429749,0.3783999979496002
YLR343W,YNL086W,0,-5.84728,0.2079932987689972,0.9940000176429749,0.3785000145435333
YPR186C,YGL243W,0,-5.847569,0.20794978737831116,0.9940000176429749,0.37860000133514404
YAR010C,YGL054C,0,-5.847622,0.20790629088878632,0.9940000176429749,0.37869998812675476
YOR159C,YGL190C,0,-5.8478465,0.20786282420158386,0.9940000176429749,0.37880000472068787
YMR089C,YOR233W,0,-5.847916,0.2078193575143814,0.9940000176429749,0.3788999915122986
YLR460C,YML076C,0,-5.8493075,0.20777592062950134,0.9940000176429749,0.3790000081062317
YNL180C,YML031W,0,-5.8496895,0.20773249864578247,0.9940000176429749,0.3790999948978424
YLR258W,YHL027W,0,-5.849914,0.2076890915632248,0.9940000176429749,0.3792000114917755
YJR126C,YNL260C,0,-5.8500257,0.2076457142829895,0.9940000176429749,0.37929999828338623
YGR171C,YGR289C,0,-5.850033,0.2076023370027542,0.9940000176429749,0.37940001487731934
YMR195W,YNL068C,0,-5.85022,0.2075589895248413,0.9940000176429749,0.37950000166893005
YGL224C,YLR312C,0,-5.8502717,0.2075156569480896,0.9940000176429749,0.37959998846054077
YKL114C,YOL096C,0,-5.8506093,0.20747233927249908,0.9940000176429749,0.3797000050544739
YER086W,YNL223W,0,-5.851142,0.20742905139923096,0.9940000176429749,0.3797999918460846
YPR134W,YDL241W,0,-5.851571,0.20738576352596283,0.9940000176429749,0.3799000084400177
YGR230W,YCR053W,0,-5.851665,0.2073425054550171,0.9940000176429749,0.3799999952316284
YBR103W,YPR094W,0,-5.8521867,0.20729927718639374,0.9940000176429749,0.3801000118255615
YNL207W,YLR145W,1,-5.852472,0.2074645608663559,0.9950000047683716,0.3801000118255615
YOR204W,YIL038C,0,-5.852568,0.20742130279541016,0.9950000047683716,0.38019999861717224
YLL017W,YKR093W,0,-5.8527493,0.2073780745267868,0.9950000047683716,0.38029998540878296
YHR042W,YDR081C,0,-5.8536973,0.20733486115932465,0.9950000047683716,0.38040000200271606
YOR019W,YDR296W,0,-5.8541236,0.20729166269302368,0.9950000047683716,0.3804999887943268
YKL013C,YOR274W,0,-5.855689,0.2072484940290451,0.9950000047683716,0.3806000053882599
YIR024C,YGR012W,0,-5.856266,0.20720532536506653,0.9950000047683716,0.3806999921798706
YEL068C,YGL142C,0,-5.856753,0.20716218650341034,0.9950000047683716,0.3808000087738037
YNL335W,YNL243W,0,-5.856852,0.20711906254291534,0.9950000047683716,0.38089999556541443
YFR037C,YDL198C,0,-5.857257,0.20707596838474274,0.9950000047683716,0.38100001215934753
YOR217W,YMR017W,0,-5.857557,0.20703287422657013,0.9950000047683716,0.38109999895095825
YGR076C,YMR244W,0,-5.858194,0.2069898098707199,0.9950000047683716,0.38119998574256897
YJL095W,YML005W,0,-5.8583665,0.20694676041603088,0.9950000047683716,0.3813000023365021
YMR232W,YKL068W,0,-5.859119,0.20690372586250305,0.9950000047683716,0.3813999891281128
YBR149W,YOR278W,0,-5.8595424,0.2068607062101364,0.9950000047683716,0.3815000057220459
YKL181W,YLR324W,0,-5.860286,0.20681771636009216,0.9950000047683716,0.3815999925136566
YER098W,YGR108W,0,-5.860438,0.2067747265100479,0.9950000047683716,0.3817000091075897
YLL038C,YHR216W,0,-5.8637104,0.20673176646232605,0.9950000047683716,0.38179999589920044
YLR033W,YNL162W,0,-5.863893,0.20668882131576538,0.9950000047683716,0.38190001249313354
YIR014W,YCR023C,0,-5.8642936,0.2066458910703659,0.9950000047683716,0.38199999928474426
YDR194C,YOL039W,0,-5.864617,0.20660299062728882,0.9950000047683716,0.382099986076355
YER063W,YJR107W,0,-5.864742,0.20656010508537292,0.9950000047683716,0.3822000026702881
YOR156C,YOR338W,0,-5.8651433,0.20651723444461823,0.9950000047683716,0.3822999894618988
YKL067W,YBL099W,0,-5.865342,0.20647437870502472,0.9950000047683716,0.3824000060558319
YBL009W,YIL026C,0,-5.8664374,0.2064315378665924,0.9950000047683716,0.3824999928474426
YNL307C,YCL021W-A,0,-5.866856,0.2063887119293213,0.9950000047683716,0.38260000944137573
YBL071W-A,YGR016W,0,-5.866856,0.20634591579437256,0.9950000047683716,0.38269999623298645
YLR183C,YCL001W-B,0,-5.866856,0.20630313456058502,0.9950000047683716,0.38280001282691956
YDL063C,YCL021W-A,0,-5.866856,0.20626036822795868,0.9950000047683716,0.3828999996185303
YDL063C,YBL108C-A,0,-5.866856,0.20621761679649353,0.9950000047683716,0.382999986410141
YKL038W,YER053C-A,0,-5.866856,0.20617488026618958,0.9950000047683716,0.3831000030040741
YFL040W,YBR160W,0,-5.868165,0.206132173538208,0.9950000047683716,0.3831999897956848
YNL085W,YLR310C,0,-5.868692,0.20608948171138763,0.9950000047683716,0.3833000063896179
YMR169C,YLR256W,0,-5.868809,0.20604680478572845,0.9950000047683716,0.38339999318122864
YKR099W,YOR196C,0,-5.869854,0.20600414276123047,0.9950000047683716,0.38350000977516174
YMR186W,YHR142W,0,-5.870275,0.20596149563789368,0.9950000047683716,0.38359999656677246
YNL019C,YCR107W,0,-5.871425,0.20591887831687927,0.9950000047683716,0.38370001316070557
YDL156W,YDL089W,0,-5.8715377,0.20587626099586487,0.9950000047683716,0.3837999999523163
YIL074C,YJR085C,0,-5.871552,0.20583367347717285,0.9950000047683716,0.383899986743927
YBR158W,YAL029C,0,-5.87166,0.20579110085964203,0.9950000047683716,0.3840000033378601
YDR116C,YML025C,0,-5.871896,0.2057485580444336,0.9950000047683716,0.3840999901294708
YLR072W,YNL258C,0,-5.8721223,0.20570601522922516,0.9950000047683716,0.38420000672340393
YOR369C,YCL005W-A,0,-5.8729515,0.2056635022163391,0.9950000047683716,0.38429999351501465
YDR516C,YDR369C,0,-5.8733497,0.20562098920345306,0.9950000047683716,0.38440001010894775
YIL070C,YHR029C,0,-5.873765,0.2055785059928894,0.9950000047683716,0.38449999690055847
YER110C,YJR107W,0,-5.874216,0.20553605258464813,0.9950000047683716,0.3846000134944916
YIR026C,YIR035C,0,-5.8744745,0.20549359917640686,0.9950000047683716,0.3847000002861023
YLR044C,YGL046W,0,-5.8745704,0.20545116066932678,0.9950000047683716,0.384799987077713
YOR336W,YLR312C,0,-5.8745713,0.2054087519645691,0.9950000047683716,0.3849000036716461
YMR175W,YGL039W,0,-5.874845,0.2053663581609726,0.9950000047683716,0.38499999046325684
YNL247W,YNL238W,0,-5.8749022,0.2053239792585373,0.9950000047683716,0.38510000705718994
YJL216C,YGR133W,0,-5.875266,0.20528161525726318,0.9950000047683716,0.38519999384880066
YAL056W,YGR077C,0,-5.875449,0.20523928105831146,0.9950000047683716,0.38530001044273376
YGL100W,YIL123W,0,-5.8758883,0.20519694685935974,0.9950000047683716,0.3853999972343445
YGR169C-A,YOR066W,0,-5.8763404,0.2051546424627304,0.9950000047683716,0.3855000138282776
YMR114C,YKL149C,0,-5.877691,0.20511235296726227,0.9950000047683716,0.3856000006198883
YDL211C,YOR133W,0,-5.879358,0.20507007837295532,0.9950000047683716,0.385699987411499
YKL016C,YGR067C,0,-5.879952,0.20502781867980957,0.9950000047683716,0.38580000400543213
YFR050C,YOL073C,0,-5.880475,0.204985573887825,0.9950000047683716,0.38589999079704285
YNL292W,YGR074W,0,-5.8808064,0.20494335889816284,0.9950000047683716,0.38600000739097595
YAL024C,YPR071W,0,-5.881551,0.20490115880966187,0.9950000047683716,0.38609999418258667
YOL156W,YNR049C,0,-5.8835673,0.20485897362232208,0.9950000047683716,0.3862000107765198
YOL044W,YDL183C,0,-5.885066,0.2048168033361435,0.9950000047683716,0.3862999975681305
YGR083C,YFL017C,0,-5.8870983,0.2047746479511261,0.9950000047683716,0.3864000141620636
YBR235W,YJR126C,0,-5.8886085,0.2047325074672699,0.9950000047683716,0.3865000009536743
YER052C,YJL049W,0,-5.888991,0.20469039678573608,0.9950000047683716,0.38659998774528503
YKL141W,YOR283W,0,-5.8892455,0.20464828610420227,0.9950000047683716,0.38670000433921814
YGR002C,YPL097W,0,-5.8910303,0.20460620522499084,0.9950000047683716,0.38679999113082886
YFR021W,YPL220W,0,-5.891436,0.2045641392469406,0.9950000047683716,0.38690000772476196
YPL094C,YEL027W,0,-5.8916173,0.20452210307121277,0.9950000047683716,0.3869999945163727
YKL033W-A,YBR246W,0,-5.893082,0.20448006689548492,0.9950000047683716,0.3871000111103058
YMR047C,YEL068C,0,-5.893268,0.20443804562091827,0.9950000047683716,0.3871999979019165
YLR439W,YIR014W,0,-5.893325,0.204396054148674,0.9950000047683716,0.3873000144958496
YLR143W,YML022W,0,-5.8933945,0.20435407757759094,0.9950000047683716,0.3874000012874603
YNL162W,YLL066C,0,-5.893694,0.20431211590766907,0.9950000047683716,0.38749998807907104
YPL183C,YKL222C,0,-5.894479,0.2042701691389084,0.9950000047683716,0.38760000467300415
YHR134W,YHR175W,0,-5.894796,0.2042282372713089,0.9950000047683716,0.38769999146461487
YGR113W,YGR282C,0,-5.895432,0.2041863352060318,0.9950000047683716,0.387800008058548
YOR172W,YIL078W,0,-5.8959255,0.2041444331407547,0.9950000047683716,0.3878999948501587
YBL095W,YJR015W,0,-5.8969145,0.2041025608778,0.9950000047683716,0.3880000114440918
YOR213C,YJL049W,0,-5.897017,0.20406070351600647,0.9950000047683716,0.3880999982357025
YGL076C,YPR133C,0,-5.8976293,0.20401886105537415,0.9950000047683716,0.3882000148296356
YOR157C,YCL056C,0,-5.8989167,0.20397703349590302,0.9950000047683716,0.38830000162124634
YPR106W,YDR077W,0,-5.899422,0.20393523573875427,0.9950000047683716,0.38839998841285706
YOR278W,YPL194W,0,-5.900209,0.20389343798160553,0.9950000047683716,0.38850000500679016
YMR321C,YNR067C,0,-5.9015613,0.20385167002677917,0.9950000047683716,0.3885999917984009
YOR372C,YFR039C,0,-5.9017444,0.203809916973114,0.9950000047683716,0.388700008392334
YKL081W,YCL003W,0,-5.9025645,0.20376817882061005,0.9950000047683716,0.3887999951839447
YEL030W,YHL001W,0,-5.902595,0.20372645556926727,0.9950000047683716,0.3889000117778778
YLR095C,YHR184W,0,-5.9032826,0.2036847472190857,0.9950000047683716,0.3889999985694885
YGR075C,YJR126C,0,-5.9034433,0.2036430686712265,0.9950000047683716,0.38909998536109924
YER117W,YKL043W,0,-5.9037547,0.2036013901233673,0.9950000047683716,0.38920000195503235
YER116C,YDR085C,0,-5.9045453,0.2035597413778305,0.9950000047683716,0.38929998874664307
YMR268W-A,YKR089C,0,-5.904826,0.2035181075334549,0.9950000047683716,0.38940000534057617
YJL048C,YBR017C,0,-5.906601,0.20347648859024048,0.9950000047683716,0.3894999921321869
YLR233C,YBL098W,0,-5.906858,0.20343488454818726,0.9950000047683716,0.38960000872612
YLR406C,YDR382W,0,-5.9083877,0.20339329540729523,0.9950000047683716,0.3896999955177307
YPL016W,YML004C,0,-5.9086137,0.2033517211675644,0.9950000047683716,0.3898000121116638
YDR234W,YKR055W,0,-5.9088416,0.20331017673015594,0.9950000047683716,0.38989999890327454
YHR009C,YER020W,0,-5.909661,0.2032686471939087,0.9950000047683716,0.38999998569488525
YBR156C,YHL009C,0,-5.9098277,0.20322711765766144,0.9950000047683716,0.39010000228881836
YER153C,YGL198W,0,-5.910868,0.20318561792373657,0.9950000047683716,0.3901999890804291
YAL040C,YDR522C,0,-5.912996,0.2031441330909729,0.9950000047683716,0.3903000056743622
YOR130C,YGL021W,0,-5.913998,0.20310267806053162,0.9950000047683716,0.3903999924659729
YLR227C,YLR411W,0,-5.9160285,0.20306122303009033,0.9950000047683716,0.390500009059906
YML100W,YJR098C,0,-5.916453,0.20301979780197144,0.9950000047683716,0.3905999958515167
YIL149C,YDL082W,0,-5.916473,0.20297837257385254,0.9950000047683716,0.39070001244544983
YBL042C,YJR065C,0,-5.916699,0.20293697714805603,0.9950000047683716,0.39079999923706055
YLR035C-A,YDR444W,0,-5.9172196,0.20289559662342072,0.9950000047683716,0.39089998602867126
YHR033W,YHR140W,0,-5.917264,0.2028542309999466,0.9950000047683716,0.39100000262260437
YPR022C,YNL268W,0,-5.9190063,0.20281288027763367,0.9950000047683716,0.3910999894142151
YFR016C,YKL068W,0,-5.9193234,0.20277154445648193,0.9950000047683716,0.3912000060081482
YBR059C,YDL177C,0,-5.919341,0.2027302384376526,0.9950000047683716,0.3912999927997589
YEL077C,YNL131W,0,-5.91944,0.20268893241882324,0.9950000047683716,0.391400009393692
YDR064W,YJR061W,0,-5.919936,0.20264765620231628,0.9950000047683716,0.39149999618530273
YJL180C,YJR017C,0,-5.920522,0.20260639488697052,0.9950000047683716,0.39160001277923584
YGL049C,YDL126C,0,-5.921224,0.20256514847278595,0.9950000047683716,0.39169999957084656
YBR272C,YLR205C,0,-5.921717,0.20252391695976257,0.9950000047683716,0.3917999863624573
YOR128C,YOL033W,0,-5.923568,0.2024827003479004,0.9950000047683716,0.3919000029563904
YGR043C,YCL027C-A,0,-5.9241433,0.2024414986371994,0.9950000047683716,0.3919999897480011
YHL037C,YPR129W,0,-5.924366,0.2024003267288208,0.9950000047683716,0.3921000063419342
YPR022C,YLR270W,0,-5.925593,0.2023591548204422,0.9950000047683716,0.3921999931335449
YDR147W,YDR371W,0,-5.9260826,0.202318012714386,0.9950000047683716,0.392300009727478
YBL022C,YLR216C,0,-5.9266434,0.20227688550949097,0.9950000047683716,0.39239999651908875
YDR524C,YGL044C,0,-5.927304,0.20223577320575714,0.9950000047683716,0.39250001311302185
YKL207W,YOR272W,0,-5.92758,0.2021946758031845,0.9950000047683716,0.39259999990463257
YLR150W,YGR122W,0,-5.92985,0.20215359330177307,0.9950000047683716,0.3926999866962433
YML073C,YLR064W,0,-5.9302106,0.20211252570152283,0.9950000047683716,0.3928000032901764
YMR023C,YPR010C,0,-5.930547,0.20207148790359497,0.9950000047683716,0.3928999900817871
YOL165C,YDR121W,0,-5.9305587,0.20203045010566711,0.9950000047683716,0.3930000066757202
YMR315W,YER148W,0,-5.93177,0.20198944211006165,0.9950000047683716,0.39309999346733093
YOR330C,YIR031C,0,-5.9320865,0.20194844901561737,0.9950000047683716,0.39320001006126404
YKL053C-A,YNL086W,0,-5.9326725,0.2019074708223343,0.9950000047683716,0.39329999685287476
YPL049C,YLR315W,0,-5.9329944,0.2018665075302124,0.9950000047683716,0.39340001344680786
YJR006W,YMR014W,0,-5.9330616,0.2018255591392517,0.9950000047683716,0.3935000002384186
YDR301W,YMR095C,0,-5.9331803,0.2017846256494522,0.9950000047683716,0.3935999870300293
YOR127W,YHR009C,0,-5.9332733,0.2017437219619751,0.9950000047683716,0.3937000036239624
YOL075C,YCL011C,0,-5.9332814,0.20170281827449799,0.9950000047683716,0.3937999904155731
YPR004C,YGR275W,0,-5.9338202,0.20166194438934326,0.9950000047683716,0.3939000070095062
YOR021C,YFL049W,0,-5.9352736,0.20162107050418854,0.9950000047683716,0.39399999380111694
YMR086W,YMR033W,0,-5.9353404,0.2015802264213562,0.9950000047683716,0.39410001039505005
YBR038W,YLR345W,0,-5.9369655,0.20153939723968506,0.9950000047683716,0.39419999718666077
YJL174W,YML130C,0,-5.936993,0.2014985829591751,0.9950000047683716,0.39430001378059387
YHL006C,YKL187C,0,-5.9377675,0.20145778357982635,0.9950000047683716,0.3944000005722046
YDR435C,YFL028C,0,-5.939056,0.2014169991016388,0.9950000047683716,0.3944999873638153
YPR036W,YLR446W,0,-5.9402966,0.20137624442577362,0.9950000047683716,0.3946000039577484
YMR278W,YNR007C,0,-5.940763,0.20133548974990845,0.9950000047683716,0.39469999074935913
YOL157C,YPR095C,0,-5.940887,0.20129476487636566,0.9950000047683716,0.39480000734329224
YPL027W,YIL162W,0,-5.942574,0.20125404000282288,0.9950000047683716,0.39489999413490295
YPL052W,YMR143W,0,-5.943077,0.20121334493160248,0.9950000047683716,0.39500001072883606
YNL138W,YNL242W,0,-5.943301,0.20117266476154327,0.9950000047683716,0.3950999975204468
YHR050W,YER044C,0,-5.9433084,0.20113199949264526,0.9950000047683716,0.3952000141143799
YGL046W,YKR036C,0,-5.943497,0.20109134912490845,0.9950000047683716,0.3953000009059906
YOL003C,YCL027C-A,0,-5.9443326,0.20105071365833282,0.9950000047683716,0.3953999876976013
YOR336W,YBL074C,0,-5.944431,0.2010101079940796,0.9950000047683716,0.3955000042915344
YPR192W,YER174C,0,-5.9449105,0.20096950232982635,0.9950000047683716,0.39559999108314514
YHR058C,YDR379W,0,-5.945953,0.20092891156673431,0.9950000047683716,0.39570000767707825
YCR020C-A,YOR032C,0,-5.9463363,0.20088835060596466,0.9950000047683716,0.39579999446868896
YLL017W,YNR046W,0,-5.946407,0.2008478045463562,0.9950000047683716,0.39590001106262207
YDR489W,YGL082W,0,-5.946874,0.20080725848674774,0.9950000047683716,0.3959999978542328
YLR058C,YKR083C,0,-5.9472127,0.20076674222946167,0.9950000047683716,0.3961000144481659
YIL069C,YOL114C,0,-5.9474483,0.2007262408733368,0.9950000047683716,0.3962000012397766
YDR451C,YER051W,0,-5.947915,0.2006857544183731,0.9950000047683716,0.39629998803138733
YBL082C,YNL246W,0,-5.947933,0.2006452977657318,0.9950000047683716,0.39640000462532043
YGR122W,YDR071C,0,-5.9480977,0.20060484111309052,0.9950000047683716,0.39649999141693115
YOL165C,YDL030W,0,-5.9486346,0.2005643993616104,0.9950000047683716,0.39660000801086426
YDL121C,YIL145C,0,-5.9496045,0.2005239874124527,0.9950000047683716,0.396699994802475
YCR033W,YLR213C,0,-5.950237,0.20048357546329498,0.9950000047683716,0.3968000113964081
YNL033W,YDR059C,0,-5.9520965,0.20044319331645966,0.9950000047683716,0.3968999981880188
YNR047W,YOR156C,0,-5.952668,0.20040282607078552,0.9950000047683716,0.3970000147819519
YER001W,YNL329C,0,-5.9532275,0.2003624588251114,0.9950000047683716,0.3971000015735626
YNL059C,YOL047C,0,-5.9532514,0.20032212138175964,0.9950000047683716,0.39719998836517334
YCR015C,YDR174W,0,-5.953365,0.2002817988395691,0.9950000047683716,0.39730000495910645
YGR183C,YJL225C,0,-5.9542503,0.20024149119853973,0.9950000047683716,0.39739999175071716
YDR320C-A,YNL308C,0,-5.9544377,0.20020121335983276,0.9950000047683716,0.39750000834465027
YER026C,YPL061W,0,-5.9544606,0.2001609355211258,0.9950000047683716,0.397599995136261
YOR117W,YER102W,0,-5.9544983,0.20012067258358002,0.9950000047683716,0.3977000117301941
YPL016W,YMR094W,0,-5.954522,0.20008043944835663,0.9950000047683716,0.3977999985218048
YAL018C,YNL118C,0,-5.9553227,0.20004020631313324,0.9950000047683716,0.3978999853134155
YPL016W,YOR338W,0,-5.955437,0.20000000298023224,0.9950000047683716,0.39800000190734863
YCL003W,YDR451C,0,-5.956631,0.19995979964733124,0.9950000047683716,0.39809998869895935
YML013W,YJL046W,0,-5.9567,0.19991962611675262,0.9950000047683716,0.39820000529289246
YDR519W,YEL029C,0,-5.956844,0.1998794674873352,0.9950000047683716,0.3982999920845032
YBL007C,YBR191W,0,-5.957205,0.19983932375907898,0.9950000047683716,0.3984000086784363
YMR019W,YPR032W,0,-5.9584575,0.19979919493198395,0.9950000047683716,0.398499995470047
YPL128C,YOL033W,0,-5.9585476,0.1997590810060501,0.9950000047683716,0.3986000120639801
YKL035W,YDR099W,0,-5.958827,0.19971898198127747,0.9950000047683716,0.3986999988555908
YOR062C,YFL034W,0,-5.9590034,0.1996789127588272,0.9950000047683716,0.39879998564720154
YMR280C,YNL167C,0,-5.9591007,0.19963884353637695,0.9950000047683716,0.39890000224113464
YHR129C,YDR194C,0,-5.9591794,0.1995987892150879,0.9950000047683716,0.39899998903274536
YBR164C,YDR295C,0,-5.959687,0.19955876469612122,0.9950000047683716,0.39910000562667847
YLR228C,YKR043C,0,-5.96014,0.19951875507831573,0.9950000047683716,0.3991999924182892
YER143W,YJR015W,0,-5.9618616,0.19947874546051025,0.9950000047683716,0.3993000090122223
YOR084W,YMR315W,0,-5.9620805,0.19943876564502716,0.9950000047683716,0.399399995803833
YML008C,YHR001W-A,0,-5.962091,0.19939880073070526,0.9950000047683716,0.3995000123977661
YGR216C,YGL134W,0,-5.962166,0.19935885071754456,0.9950000047683716,0.39959999918937683
YDR071C,YPL079W,0,-5.9625263,0.19931891560554504,0.9950000047683716,0.39969998598098755
YNR071C,YOR209C,0,-5.9632287,0.19927899539470673,0.9950000047683716,0.39980000257492065
YBR238C,YKL104C,0,-5.9635034,0.1992390900850296,0.9950000047683716,0.39989998936653137
YNL005C,YML116W,0,-5.9636006,0.19919919967651367,0.9950000047683716,0.4000000059604645
YFR024C,YGR127W,0,-5.9639506,0.19915932416915894,0.9950000047683716,0.4000999927520752
YBL091C-A,YDL133W,0,-5.9642844,0.1991194784641266,0.9950000047683716,0.4002000093460083
YER007W,YMR099C,0,-5.964906,0.19907963275909424,0.9950000047683716,0.400299996137619
YCR106W,YFR006W,0,-5.9655504,0.19903980195522308,0.9950000047683716,0.4004000127315521
YKL164C,YKL195W,0,-5.965557,0.19900000095367432,0.9950000047683716,0.40049999952316284
YBR028C,YNL288W,0,-5.966287,0.19896021485328674,0.9950000047683716,0.40059998631477356
YGR170W,YOR010C,0,-5.9666076,0.19892042875289917,0.9950000047683716,0.40070000290870667
YNL335W,YBR272C,0,-5.9674053,0.19888067245483398,0.9950000047683716,0.4007999897003174
YBR235W,YBR162C,0,-5.9687934,0.19884093105793,0.9950000047683716,0.4009000062942505
YOL003C,YMR118C,0,-5.9692235,0.1988012045621872,0.9950000047683716,0.4009999930858612
YBR254C,YER020W,0,-5.9692445,0.1987614929676056,0.9950000047683716,0.4011000096797943
YLR447C,YEL006W,0,-5.970306,0.19872179627418518,0.9950000047683716,0.40119999647140503
YHR179W,YOL153C,0,-5.9704022,0.19868211448192596,0.9950000047683716,0.40130001306533813
YKR050W,YOR396W,0,-5.970949,0.19864244759082794,0.9950000047683716,0.40139999985694885
YDR025W,YPL216W,0,-5.9710145,0.1986027956008911,0.9950000047683716,0.40149998664855957
YFL040W,YLR160C,0,-5.9714274,0.19856315851211548,0.9950000047683716,0.4016000032424927
YBR004C,YNL267W,0,-5.9715867,0.19852353632450104,0.9950000047683716,0.4016999900341034
YDL199C,YGR157W,0,-5.971971,0.19848394393920898,0.9950000047683716,0.4018000066280365
YGR180C,YDL064W,0,-5.972017,0.19844435155391693,0.9950000047683716,0.4018999934196472
YBR003W,YMR019W,0,-5.9720335,0.19840478897094727,0.9950000047683716,0.4020000100135803
YGR096W,YDR174W,0,-5.9726744,0.1983652263879776,0.9950000047683716,0.40209999680519104
YNL066W,YLR390W-A,0,-5.9730997,0.19832569360733032,0.9950000047683716,0.40220001339912415
YLR019W,YFR018C,0,-5.9732003,0.19828617572784424,0.9950000047683716,0.40230000019073486
YKR013W,YBR235W,0,-5.9732265,0.19824665784835815,0.9950000047683716,0.4023999869823456
YFR018C,YML043C,0,-5.973453,0.19820716977119446,0.9950000047683716,0.4025000035762787
YMR270C,YDR081C,0,-5.9735723,0.19816769659519196,0.9950000047683716,0.4025999903678894
YGL233W,YPL191C,0,-5.974038,0.19812823832035065,0.9950000047683716,0.4027000069618225
YGR155W,YNL281W,0,-5.974548,0.19808879494667053,0.9950000047683716,0.4027999937534332
YLR211C,YBR013C,0,-5.9754763,0.1980493664741516,0.9950000047683716,0.40290001034736633
YKR006C,YLR312C,0,-5.975735,0.19800995290279388,0.9950000047683716,0.40299999713897705
YGR108W,YPR157W,0,-5.976231,0.19797055423259735,0.9950000047683716,0.40310001373291016
YER167W,YML060W,0,-5.9771366,0.197931170463562,0.9950000047683716,0.4032000005245209
YBR264C,YNL090W,0,-5.9777837,0.19789180159568787,0.9950000047683716,0.4032999873161316
YPL271W,YGL195W,0,-5.9783792,0.1978524625301361,0.9950000047683716,0.4034000039100647
YML094W,YDL085W,0,-5.978534,0.19781312346458435,0.9950000047683716,0.4034999907016754
YKL052C,YDL136W,0,-5.9791827,0.1977737993001938,0.9950000047683716,0.4036000072956085
YDR258C,YPR111W,0,-5.9795527,0.1977345049381256,0.9950000047683716,0.40369999408721924
YGR077C,YDR380W,0,-5.98121,0.19769521057605743,0.9950000047683716,0.40380001068115234
YPL265W,YHR132W-A,0,-5.9819055,0.19765594601631165,0.9950000047683716,0.40389999747276306
YJR001W,YDR034W-B,0,-5.9832006,0.19761668145656586,0.9950000047683716,0.40400001406669617
YPL240C,YLL055W,0,-5.9840684,0.19757744669914246,0.9950000047683716,0.4041000008583069
YKR076W,YAR050W,0,-5.984608,0.19753821194171906,0.9950000047683716,0.4041999876499176
YPR068C,YBL015W,0,-5.9848523,0.19749900698661804,0.9950000047683716,0.4043000042438507
YKL192C,YPR055W,0,-5.984884,0.19745981693267822,0.9950000047683716,0.4043999910354614
YJL127C,YDL156W,0,-5.9851522,0.1974206417798996,0.9950000047683716,0.40450000762939453
YJL138C,YMR135C,0,-5.9855905,0.19738146662712097,0.9950000047683716,0.40459999442100525
YLR441C,YJR113C,0,-5.985925,0.19734232127666473,0.9950000047683716,0.40470001101493835
YDR281C,YNL154C,0,-5.9862757,0.1973031908273697,0.9950000047683716,0.4047999978065491
YGR060W,YOR216C,0,-5.98674,0.19726407527923584,0.9950000047683716,0.4049000144004822
YNL318C,YDL036C,0,-5.9870005,0.19722497463226318,0.9950000047683716,0.4050000011920929
YPL253C,YOL063C,0,-5.9872823,0.19718588888645172,0.9950000047683716,0.4050999879837036
YJR161C,YGL020C,0,-5.98735,0.19714681804180145,0.9950000047683716,0.4052000045776367
YHR082C,YML061C,0,-5.9877477,0.19710776209831238,0.9950000047683716,0.40529999136924744
YKR070W,YCR047C,0,-5.9880166,0.1970687210559845,0.9950000047683716,0.40540000796318054
YNL115C,YPR058W,0,-5.988258,0.197029709815979,0.9950000047683716,0.40549999475479126
YJR120W,YPL047W,0,-5.9897385,0.1969906985759735,0.9950000047683716,0.40560001134872437
YLL017W,YER033C,0,-5.9901967,0.1969517022371292,0.9950000047683716,0.4056999981403351
YER012W,YKL189W,0,-5.990557,0.1969127207994461,0.9950000047683716,0.4058000147342682
YJR048W,YJR040W,0,-5.9934096,0.1968737691640854,0.9950000047683716,0.4059000015258789
YGL059W,YDL105W,0,-5.9947906,0.19683481752872467,0.9950000047683716,0.4059999883174896
YGR294W,YOR229W,0,-5.9949355,0.19679588079452515,0.9950000047683716,0.40610000491142273
YLR406C,YDL248W,0,-5.995204,0.196756973862648,0.9950000047683716,0.40619999170303345
YJL112W,YJL163C,0,-5.995374,0.19671806693077087,0.9950000047683716,0.40630000829696655
YPL156C,YOL064C,0,-5.9957147,0.19667918980121613,0.9950000047683716,0.40639999508857727
YFL034C-A,YBL005W,0,-5.9963803,0.19664031267166138,0.9950000047683716,0.4065000116825104
YDR460W,YKL096W,0,-5.9976373,0.19660146534442902,0.9950000047683716,0.4065999984741211
YMR011W,YDR331W,0,-5.9976683,0.19656261801719666,0.9950000047683716,0.4066999852657318
YDR539W,YDR092W,0,-5.998067,0.19652380049228668,0.9950000047683716,0.4068000018596649
YDR179W-A,YKL219W,0,-5.9986324,0.1964849978685379,0.9950000047683716,0.40689998865127563
YPR196W,YGL047W,0,-5.998634,0.19644619524478912,0.9950000047683716,0.40700000524520874
YMR159C,YLR297W,0,-5.9993567,0.19640742242336273,0.9950000047683716,0.40709999203681946
YMR021C,YNR066C,0,-5.9996977,0.19636866450309753,0.9950000047683716,0.40720000863075256
YER161C,YHR140W,0,-5.9999256,0.19632990658283234,0.9950000047683716,0.4072999954223633
YML128C,YOL087C,0,-6.0002027,0.19629117846488953,0.9950000047683716,0.4074000120162964
YML125C,YMR058W,0,-6.0005536,0.1962524652481079,0.9950000047683716,0.4074999988079071
YKR071C,YDR222W,0,-6.00138,0.1962137669324875,0.9950000047683716,0.4075999855995178
YCR015C,YER061C,0,-6.001527,0.19617508351802826,0.9950000047683716,0.4077000021934509
YDR383C,YKR008W,0,-6.002641,0.19613641500473022,0.9950000047683716,0.40779998898506165
YOR173W,YDR452W,0,-6.004209,0.1960977464914322,0.9950000047683716,0.40790000557899475
YLR291C,YLR219W,0,-6.00431,0.19605910778045654,0.9950000047683716,0.40799999237060547
YPL036W,YHR202W,0,-6.004602,0.1960204839706421,0.9950000047683716,0.4081000089645386
YCR104W,YOR202W,0,-6.0048795,0.19598187506198883,0.9950000047683716,0.4081999957561493
YHL024W,YJR058C,0,-6.004913,0.19594328105449677,0.9950000047683716,0.4083000123500824
YLR253W,YOR362C,0,-6.005116,0.1959047019481659,0.9950000047683716,0.4083999991416931
YDR072C,YOR022C,0,-6.0051637,0.19586613774299622,0.9950000047683716,0.40849998593330383
YOR095C,YML118W,0,-6.008784,0.19582758843898773,0.9950000047683716,0.40860000252723694
YPL174C,YCR023C,0,-6.009391,0.19578905403614044,0.9950000047683716,0.40869998931884766
YKL056C,YDR377W,0,-6.0094934,0.19575053453445435,0.9950000047683716,0.40880000591278076
YKL023W,YKR022C,0,-6.0103745,0.19571204483509064,0.9950000047683716,0.4088999927043915
YKL207W,YPR158W,0,-6.010776,0.19567355513572693,0.9950000047683716,0.4090000092983246
YPL171C,YNL233W,0,-6.0107846,0.19563508033752441,0.9950000047683716,0.4090999960899353
YEL022W,YML081C-A,0,-6.0114875,0.1955966204404831,0.9950000047683716,0.4092000126838684
YPL199C,YFR006W,0,-6.0132737,0.19555817544460297,0.9950000047683716,0.4092999994754791
YNL052W,YJL095W,0,-6.014174,0.19551974534988403,0.9950000047683716,0.40939998626708984
YPL027W,YDL154W,0,-6.0143757,0.1954813301563263,0.9950000047683716,0.40950000286102295
YGR012W,YLR023C,0,-6.0149655,0.19544294476509094,0.9950000047683716,0.40959998965263367
YDR109C,YBR192W,0,-6.015738,0.1954045593738556,0.9950000047683716,0.4097000062465668
YBR170C,YIL155C,0,-6.0191665,0.19536618888378143,0.9950000047683716,0.4097999930381775
YGL047W,YOL052C-A,0,-6.019771,0.19532783329486847,0.9950000047683716,0.4099000096321106
YHR204W,YPL063W,0,-6.019833,0.1952894926071167,0.9950000047683716,0.4099999964237213
YBR028C,YOL032W,0,-6.0203633,0.19525118172168732,0.9950000047683716,0.4101000130176544
YMR056C,YDR407C,0,-6.020468,0.19521287083625793,0.9950000047683716,0.41019999980926514
YPL164C,YLR320W,0,-6.02105,0.19517457485198975,0.9950000047683716,0.41029998660087585
YOR192C,YDR038C,0,-6.0222716,0.19513630867004395,0.9950000047683716,0.41040000319480896
YML114C,YHL042W,0,-6.0233035,0.19509804248809814,0.9950000047683716,0.4104999899864197
YER076C,YHR193C,0,-6.024237,0.19505979120731354,0.9950000047683716,0.4106000065803528
YJL133W,YLR390W,0,-6.0247035,0.19502155482769012,0.9950000047683716,0.4106999933719635
YOL094C,YGR043C,0,-6.0247054,0.1949833482503891,0.9950000047683716,0.4108000099658966
YLR330W,YER044C,0,-6.024961,0.19494514167308807,0.9950000047683716,0.4108999967575073
YEL034W,YKR020W,0,-6.0251517,0.19490694999694824,0.9950000047683716,0.41100001335144043
YPR198W,YBR262C,0,-6.0259976,0.1948687881231308,0.9950000047683716,0.41110000014305115
YJL046W,YJL160C,0,-6.0262017,0.19483062624931335,0.9950000047683716,0.41119998693466187
YNL169C,YGR143W,0,-6.0266204,0.1947924792766571,0.9950000047683716,0.41130000352859497
YJL156C,YJL170C,0,-6.0266476,0.19475436210632324,0.9950000047683716,0.4113999903202057
YML121W,YEL051W,0,-6.027261,0.19471624493598938,0.9950000047683716,0.4115000069141388
YJR035W,YOR285W,0,-6.028417,0.1946781426668167,0.9950000047683716,0.4115999937057495
YER167W,YGR263C,0,-6.0285163,0.19464005529880524,0.9950000047683716,0.4117000102996826
YGR005C,YCL011C,0,-6.029101,0.19460199773311615,0.9950000047683716,0.41179999709129333
YNL019C,YOR106W,0,-6.0300097,0.19456394016742706,0.9950000047683716,0.41190001368522644
YKL063C,YPR182W,0,-6.031427,0.19452589750289917,0.9950000047683716,0.41200000047683716
YGL040C,YIL166C,0,-6.032848,0.19448788464069366,0.9950000047683716,0.4120999872684479
YGR253C,YLR060W,0,-6.0330944,0.19444987177848816,0.9950000047683716,0.412200003862381
YDR512C,YCL027C-A,0,-6.03447,0.19441187381744385,0.9950000047683716,0.4122999906539917
YLR297W,YCR038C,0,-6.0344906,0.19437390565872192,0.9950000047683716,0.4124000072479248
YBR087W,YFR025C,0,-6.0347285,0.1943359375,0.9950000047683716,0.4124999940395355
YBR147W,YDR374C,0,-6.03527,0.19429798424243927,0.9950000047683716,0.41260001063346863
YLR406C,YFR046C,0,-6.0353875,0.19426006078720093,0.9950000047683716,0.41269999742507935
YPR091C,YNL286W,0,-6.035704,0.19422213733196259,0.9950000047683716,0.41280001401901245
YOL152W,YIR018W,0,-6.0367618,0.19418422877788544,0.9950000047683716,0.41290000081062317
YLR056W,YJR085C,0,-6.0375743,0.19414633512496948,0.9950000047683716,0.4129999876022339
YBR146W,YGL195W,0,-6.038187,0.19410847127437592,0.9950000047683716,0.413100004196167
YNL138W,YEL029C,0,-6.038475,0.19407060742378235,0.9950000047683716,0.4131999909877777
YHL050C,YBR060C,0,-6.039,0.19403275847434998,0.9950000047683716,0.4133000075817108
YBR104W,YPR024W,0,-6.0390644,0.1939949244260788,0.9950000047683716,0.41339999437332153
YIL044C,YBR296C,0,-6.0391097,0.19395712018013,0.9950000047683716,0.41350001096725464
YGR186W,YDR296W,0,-6.039966,0.1939193159341812,0.9950000047683716,0.41359999775886536
YPL133C,YJR124C,0,-6.0402904,0.19388152658939362,0.9950000047683716,0.41370001435279846
YGL224C,YJR151C,0,-6.0403886,0.1938437521457672,0.9950000047683716,0.4138000011444092
YJL197W,YPL130W,0,-6.041083,0.193805992603302,0.9950000047683716,0.4138999879360199
YGR125W,YMR020W,0,-6.0412498,0.19376826286315918,0.9950000047683716,0.414000004529953
YIL129C,YHL044W,0,-6.0421886,0.19373053312301636,0.9950000047683716,0.4140999913215637
YMR260C,YMR052W,0,-6.0429196,0.19369281828403473,0.9950000047683716,0.4142000079154968
YHR128W,YNL092W,0,-6.0433936,0.1936551183462143,0.9950000047683716,0.41429999470710754
YNL134C,YPR006C,0,-6.043862,0.19361743330955505,0.9950000047683716,0.41440001130104065
YKL192C,YGL224C,0,-6.0440564,0.193579763174057,0.9950000047683716,0.41449999809265137
YOR278W,YKR095W-A,0,-6.0445924,0.19354210793972015,0.9950000047683716,0.4146000146865845
YBR235W,YMR232W,0,-6.0446563,0.1935044676065445,0.9950000047683716,0.4147000014781952
YPL064C,YKR096W,0,-6.045467,0.19346684217453003,0.9950000047683716,0.4147999882698059
YJR135W-A,YCR023C,0,-6.0459766,0.19342923164367676,0.9950000047683716,0.414900004863739
YDR174W,YOR197W,0,-6.046104,0.19339163601398468,0.9950000047683716,0.41499999165534973
YHR026W,YER011W,0,-6.0481706,0.1933540552854538,0.9950000047683716,0.41510000824928284
YJL045W,YDL211C,0,-6.0483956,0.1933164894580841,0.9950000047683716,0.41519999504089355
YOR368W,YGL211W,0,-6.048436,0.1932789385318756,0.9950000047683716,0.41530001163482666
YPL250C,YKR104W,0,-6.0486073,0.1932414025068283,0.9950000047683716,0.4153999984264374
YPL206C,YDL134C,0,-6.0487533,0.1932038813829422,0.9950000047683716,0.4154999852180481
YLR258W,YDR454C,0,-6.0491014,0.19316637516021729,0.9950000047683716,0.4156000018119812
YHR004C,YBL092W,0,-6.049152,0.19312888383865356,0.9950000047683716,0.4156999886035919
YBR243C,YJL223C,0,-6.0498605,0.19309140741825104,0.9950000047683716,0.415800005197525
YIL033C,YHR084W,0,-6.049934,0.1930539458990097,0.9950000047683716,0.41589999198913574
YOL061W,YPL190C,0,-6.05065,0.19301648437976837,0.9950000047683716,0.41600000858306885
YOL103W,YIR013C,0,-6.050773,0.19297905266284943,0.9950000047683716,0.41609999537467957
YBR159W,YML076C,0,-6.050872,0.19294163584709167,0.9950000047683716,0.41620001196861267
YOL060C,YPR097W,0,-6.051744,0.19290421903133392,0.9950000047683716,0.4162999987602234
YLR242C,YGR112W,0,-6.0518966,0.19286683201789856,0.9950000047683716,0.4163999855518341
YHL025W,YDL217C,0,-6.051924,0.1928294599056244,0.9950000047683716,0.4165000021457672
YDL080C,YBR262C,0,-6.053327,0.19279208779335022,0.9950000047683716,0.41659998893737793
YNL131W,YMR244W,0,-6.054428,0.19275474548339844,0.9950000047683716,0.41670000553131104
YPR107C,YER044C,0,-6.0546474,0.19271741807460785,0.9950000047683716,0.41679999232292175
YKR071C,YNL020C,0,-6.054932,0.19268009066581726,0.9950000047683716,0.41690000891685486
YLR356W,YPR089W,0,-6.0553584,0.19264279305934906,0.9950000047683716,0.4169999957084656
YML054C,YOR217W,0,-6.05576,0.19260549545288086,0.9950000047683716,0.4171000123023987
YLR448W,YOR005C,0,-6.057447,0.19256822764873505,0.9950000047683716,0.4171999990940094
YHR047C,YKL110C,0,-6.0577645,0.19253095984458923,0.9950000047683716,0.4172999858856201
YPL183C,YDR034W-B,0,-6.0585084,0.19249370694160461,0.9950000047683716,0.4174000024795532
YDR195W,YOL013C,0,-6.0586495,0.19245648384094238,0.9950000047683716,0.41749998927116394
YER016W,YGR004W,0,-6.058802,0.19241926074028015,0.9950000047683716,0.41760000586509705
YBL058W,YMR087W,0,-6.0589137,0.1923820525407791,0.9950000047683716,0.41769999265670776
YPR028W,YBR054W,0,-6.059955,0.19234487414360046,0.9950000047683716,0.41780000925064087
YML125C,YKL157W,0,-6.06008,0.19230769574642181,0.9950000047683716,0.4178999960422516
YOR267C,YJL153C,0,-6.060824,0.19227053225040436,0.9950000047683716,0.4180000126361847
YLR271W,YGR223C,0,-6.0609555,0.1922333836555481,0.9950000047683716,0.4180999994277954
YKR035W-A,YNR075W,0,-6.0614634,0.19219624996185303,0.9950000047683716,0.41819998621940613
YNL160W,YLR182W,0,-6.0632224,0.19215913116931915,0.9950000047683716,0.41830000281333923
YGR171C,YLR205C,0,-6.063406,0.19212202727794647,0.9950000047683716,0.41839998960494995
YER142C,YBL107C,0,-6.063953,0.19208493828773499,0.9950000047683716,0.41850000619888306
YNL038W,YLR099C,0,-6.063994,0.1920478641986847,0.9950000047683716,0.4185999929904938
YBL045C,YBR237W,0,-6.064778,0.1920108050107956,0.9950000047683716,0.4187000095844269
YPL070W,YJL058C,0,-6.0648494,0.1919737607240677,0.9950000047683716,0.4187999963760376
YCR105W,YDR194C,0,-6.0650167,0.19193673133850098,0.9950000047683716,0.4189000129699707
YHR114W,YHL001W,0,-6.0656757,0.19189971685409546,0.9950000047683716,0.4189999997615814
YLR360W,YNL146W,0,-6.0657277,0.19186270236968994,0.9950000047683716,0.41909998655319214
YPL004C,YML018C,0,-6.0664506,0.1918257176876068,0.9950000047683716,0.41920000314712524
YBR018C,YIR039C,0,-6.0666113,0.19178874790668488,0.9950000047683716,0.41929998993873596
YJL055W,YMR073C,0,-6.067015,0.19175177812576294,0.9950000047683716,0.41940000653266907
YOL019W,YGR052W,0,-6.067056,0.1917148381471634,0.9950000047683716,0.4194999933242798
YKR080W,YHR061C,0,-6.068057,0.19167789816856384,0.9950000047683716,0.4196000099182129
YHR168W,YCR007C,0,-6.068089,0.19164098799228668,0.9950000047683716,0.4196999967098236
YPL208W,YOR033C,0,-6.0690413,0.19160407781600952,0.9950000047683716,0.4198000133037567
YKL161C,YLR233C,0,-6.070046,0.19156719744205475,0.9950000047683716,0.41990000009536743
YHR134W,YNL154C,0,-6.070211,0.19153031706809998,0.9950000047683716,0.41999998688697815
YBR094W,YPR109W,0,-6.0702443,0.1914934515953064,0.9950000047683716,0.42010000348091125
YOR281C,YHR025W,0,-6.0704074,0.1914566159248352,0.9950000047683716,0.420199990272522
YMR111C,YJL153C,0,-6.070619,0.191419780254364,0.9950000047683716,0.4203000068664551
YDR077W,YEL029C,0,-6.0709553,0.19138295948505402,0.9950000047683716,0.4203999936580658
YOR152C,YPL057C,0,-6.0710626,0.1913461536169052,0.9950000047683716,0.4205000102519989
YDR050C,YPL090C,0,-6.072102,0.1913093626499176,0.9950000047683716,0.4205999970436096
YPL265W,YNR074C,0,-6.072203,0.1912725865840912,0.9950000047683716,0.4207000136375427
YGR240C,YPL041C,0,-6.072414,0.19123582541942596,0.9950000047683716,0.42080000042915344
YBL095W,YBR179C,0,-6.0728917,0.19119907915592194,0.9950000047683716,0.42089998722076416
YMR086W,YNL087W,0,-6.0738096,0.1911623477935791,0.9950000047683716,0.42100000381469727
YBR235W,YKR101W,0,-6.0787215,0.19112563133239746,0.9950000047683716,0.421099990606308
YBR254C,YOL062C,0,-6.0788436,0.19108891487121582,0.9950000047683716,0.4212000072002411
YGR121C,YDR309C,0,-6.079758,0.19105222821235657,0.9950000047683716,0.4212999939918518
YLR359W,YLR172C,0,-6.080007,0.1910155564546585,0.9950000047683716,0.4214000105857849
YMR040W,YDR037W,0,-6.0807033,0.19097888469696045,0.9950000047683716,0.42149999737739563
YJL222W,YDR337W,0,-6.080818,0.19094224274158478,0.9950000047683716,0.42160001397132874
YLR135W,YGL170C,0,-6.0809827,0.1909056007862091,0.9950000047683716,0.42170000076293945
YAL068C,YLR027C,0,-6.081181,0.19086898863315582,0.9950000047683716,0.42179998755455017
YGL129C,YGR133W,0,-6.0817375,0.19083237648010254,0.9950000047683716,0.4219000041484833
YGL086W,YKL157W,0,-6.082916,0.19079577922821045,0.9950000047683716,0.421999990940094
YPL250C,YER178W,0,-6.0835643,0.19075919687747955,0.9950000047683716,0.4221000075340271
YIL095W,YLR304C,0,-6.083722,0.19072264432907104,0.9950000047683716,0.4221999943256378
YMR003W,YGR289C,0,-6.0839243,0.19068609178066254,0.9950000047683716,0.4223000109195709
YNL192W,YHR173C,0,-6.0846734,0.19064955413341522,0.9950000047683716,0.42239999771118164
YCR072C,YHL050C,0,-6.084716,0.1906130313873291,0.9950000047683716,0.42250001430511475
YKL164C,YER051W,0,-6.0853486,0.19057652354240417,0.9950000047683716,0.42260000109672546
YER116C,YPR094W,0,-6.0855293,0.19054001569747925,0.9950000047683716,0.4226999878883362
YDR155C,YPL001W,0,-6.085854,0.1905035376548767,0.9950000047683716,0.4228000044822693
YLR040C,YGL172W,0,-6.0878177,0.19046707451343536,0.9950000047683716,0.42289999127388
YMR111C,YPR063C,0,-6.088301,0.1904306262731552,0.9950000047683716,0.4230000078678131
YDL168W,YPR061C,0,-6.0893273,0.19039417803287506,0.9950000047683716,0.42309999465942383
YML130C,YIL056W,0,-6.0900083,0.1903577595949173,0.9950000047683716,0.42320001125335693
YBR112C,YDR082W,0,-6.0909805,0.19032134115695953,0.9950000047683716,0.42329999804496765
YOR131C,YGL065C,0,-6.091457,0.19028495252132416,0.9950000047683716,0.42340001463890076
YLR414C,YLR324W,0,-6.0916514,0.19024856388568878,0.9950000047683716,0.4235000014305115
YOL075C,YKR093W,0,-6.091931,0.1902121901512146,0.9950000047683716,0.4235999882221222
YJL138C,YBR191W,0,-6.092273,0.1901758462190628,0.9950000047683716,0.4237000048160553
YLR410W,YGR109C,0,-6.0934663,0.190139502286911,0.9950000047683716,0.423799991607666
YHR112C,YKL043W,0,-6.0946097,0.1901031732559204,0.9950000047683716,0.4239000082015991
YOR369C,YJL132W,0,-6.0948863,0.190066859126091,0.9950000047683716,0.42399999499320984
YMR016C,YJL130C,0,-6.095012,0.1900305598974228,0.9950000047683716,0.42410001158714294
YGR014W,YDR378C,0,-6.0951033,0.18999427556991577,0.9950000047683716,0.42419999837875366
YGL151W,YOL019W,0,-6.0953784,0.18995800614356995,0.9950000047683716,0.4242999851703644
YJL219W,YMR224C,0,-6.096281,0.18992173671722412,0.9950000047683716,0.4244000017642975
YDR115W,YHR072W,0,-6.0976195,0.18988549709320068,0.9950000047683716,0.4244999885559082
YKL140W,YPL106C,0,-6.097972,0.18984927237033844,0.9950000047683716,0.4246000051498413
YBR233W-A,YLL006W,0,-6.098593,0.1898130476474762,0.9950000047683716,0.424699991941452
YGR108W,YAR007C,0,-6.10084,0.18977685272693634,0.9950000047683716,0.42480000853538513
YLR289W,YBR017C,0,-6.101002,0.18974065780639648,0.9950000047683716,0.42489999532699585
YFL056C,YNL077W,0,-6.102546,0.18970447778701782,0.9950000047683716,0.42500001192092896
YKL214C,YGR066C,0,-6.1032662,0.18966831266880035,0.9950000047683716,0.4250999987125397
YOR213C,YGL140C,0,-6.1033025,0.18963217735290527,0.9950000047683716,0.4251999855041504
YDL102W,YOL109W,0,-6.103641,0.1895960420370102,0.9950000047683716,0.4253000020980835
YDR503C,YER160C,0,-6.103914,0.1895599216222763,0.9950000047683716,0.4253999888896942
YGR123C,YHR111W,0,-6.1043983,0.1895238161087036,0.9950000047683716,0.4255000054836273
YFR006W,YPR163C,0,-6.1044345,0.18948771059513092,0.9950000047683716,0.42559999227523804
YNL036W,YER151C,0,-6.104609,0.18945163488388062,0.9950000047683716,0.42570000886917114
YER190W,YBL091C-A,0,-6.1048265,0.1894155740737915,0.9950000047683716,0.42579999566078186
YCR020W-B,YJR108W,0,-6.1052604,0.1893795132637024,0.9950000047683716,0.42590001225471497
YCR015C,YPR154W,0,-6.106156,0.18934348225593567,0.9950000047683716,0.4259999990463257
YHR140W,YGR078C,0,-6.1071787,0.18930745124816895,0.9950000047683716,0.4260999858379364
YOR063W,YHR150W,0,-6.1078467,0.1892714500427246,0.9950000047683716,0.4262000024318695
YDR081C,YNR074C,0,-6.1079764,0.18923544883728027,0.9950000047683716,0.4262999892234802
YFL056C,YLR205C,0,-6.1085463,0.18919946253299713,0.9950000047683716,0.42640000581741333
YGL166W,YNL022C,0,-6.1092467,0.18916349112987518,0.9950000047683716,0.42649999260902405
YOL122C,YIR035C,0,-6.1097436,0.18912754952907562,0.9950000047683716,0.42660000920295715
YDR313C,YDR138W,0,-6.1098056,0.18909159302711487,0.9950000047683716,0.42669999599456787
YOR131C,YLR060W,0,-6.1100397,0.1890556663274765,0.9950000047683716,0.426800012588501
YNL185C,YOL153C,0,-6.111122,0.18901975452899933,0.9950000047683716,0.4268999993801117
YDL109C,YPL097W,0,-6.111262,0.18898385763168335,0.9950000047683716,0.4269999861717224
YCL018W,YML104C,0,-6.1116567,0.18894796073436737,0.9950000047683716,0.4271000027656555
YML037C,YLR092W,0,-6.112098,0.18891209363937378,0.9950000047683716,0.42719998955726624
YNL320W,YOR021C,0,-6.112369,0.1888762265443802,0.9950000047683716,0.42730000615119934
YDR140W,YGL033W,0,-6.112475,0.18884038925170898,0.9950000047683716,0.42739999294281006
YGR192C,YPL231W,0,-6.112844,0.18880455195903778,0.9950000047683716,0.42750000953674316
YJL058C,YFL006W,0,-6.1128764,0.18876872956752777,0.9950000047683716,0.4275999963283539
YKL139W,YBR021W,0,-6.1133103,0.18873292207717896,0.9950000047683716,0.427700012922287
YBR060C,YDL088C,0,-6.113393,0.18869712948799133,0.9950000047683716,0.4277999997138977
YOR291W,YMR105C,0,-6.1153216,0.1886613517999649,0.9950000047683716,0.4278999865055084
YGR186W,YIL038C,0,-6.117124,0.18862558901309967,0.9950000047683716,0.42800000309944153
YKL170W,YIR035C,0,-6.117144,0.18858984112739563,0.9950000047683716,0.42809998989105225
YCR091W,YLR071C,0,-6.1175447,0.18855410814285278,0.9950000047683716,0.42820000648498535
YEL015W,YJR085C,0,-6.117912,0.18851837515830994,0.9950000047683716,0.42829999327659607
YLR224W,YKL085W,0,-6.1182494,0.18848267197608948,0.9950000047683716,0.4284000098705292
YHL001W,YDR108W,0,-6.120396,0.18844696879386902,0.9950000047683716,0.4284999966621399
YBL055C,YPL188W,0,-6.1224017,0.18841128051280975,0.9950000047683716,0.428600013256073
YDR268W,YMR099C,0,-6.12274,0.18837562203407288,0.9950000047683716,0.4287000000476837
YIL074C,YLR426W,0,-6.1227884,0.188339963555336,0.9950000047683716,0.42879998683929443
YPR105C,YIL165C,0,-6.123896,0.18830431997776031,0.9950000047683716,0.42890000343322754
YLR160C,YJL037W,0,-6.1249714,0.18826869130134583,0.9950000047683716,0.42899999022483826
YLR027C,YGL108C,0,-6.125549,0.18823306262493134,0.9950000047683716,0.42910000681877136
YGR123C,YGR057C,0,-6.1256046,0.18819746375083923,0.9950000047683716,0.4291999936103821
YHR029C,YPL227C,0,-6.1260076,0.18816187977790833,0.9950000047683716,0.4293000102043152
YNL206C,YMR016C,0,-6.126841,0.18812629580497742,0.9950000047683716,0.4293999969959259
YNL176C,YDR138W,0,-6.128073,0.1880907416343689,0.9950000047683716,0.429500013589859
YBR126C,YHR184W,0,-6.130226,0.18805518746376038,0.9950000047683716,0.4296000003814697
YGL187C,YLL018C,0,-6.1305633,0.18801964819431305,0.9950000047683716,0.42969998717308044
YDR454C,YCL018W,0,-6.1310487,0.18798412382602692,0.9950000047683716,0.42980000376701355
YKL097W-A,YNL307C,0,-6.131413,0.18794861435890198,0.9950000047683716,0.42989999055862427
YKL056C,YER074W-A,0,-6.1321054,0.18791311979293823,0.9950000047683716,0.4300000071525574
YLR413W,YGR122W,0,-6.132359,0.18787764012813568,0.9950000047683716,0.4300999939441681
YBR018C,YLR066W,0,-6.132543,0.18784217536449432,0.9950000047683716,0.4302000105381012
YOL047C,YHR035W,0,-6.1331606,0.18780672550201416,0.9950000047683716,0.4302999973297119
YBL068W,YOR140W,0,-6.134209,0.187771275639534,0.9950000047683716,0.430400013923645
YMR145C,YNL316C,0,-6.1346197,0.18773585557937622,0.9950000047683716,0.43050000071525574
YDR472W,YER092W,0,-6.1350255,0.18770043551921844,0.9950000047683716,0.43059998750686646
YDR503C,YGL215W,0,-6.135265,0.18766503036022186,0.9950000047683716,0.43070000410079956
YLR301W,YHR045W,0,-6.1354713,0.18762964010238647,0.9950000047683716,0.4307999908924103
YMR268W-A,YJR025C,0,-6.135501,0.18759426474571228,0.9950000047683716,0.4309000074863434
YOL030W,YDR284C,0,-6.136437,0.18755890429019928,0.9950000047683716,0.4309999942779541
YJL143W,YIL130W,0,-6.136716,0.18752355873584747,0.9950000047683716,0.4311000108718872
YPL006W,YER064C,0,-6.1367965,0.18748822808265686,0.9950000047683716,0.4311999976634979
YHR123W,YML056C,0,-6.136817,0.18745289742946625,0.9950000047683716,0.43130001425743103
YNL030W,YIL056W,0,-6.136848,0.18741759657859802,0.9950000047683716,0.43140000104904175
YIL109C,YPR002W,0,-6.1379952,0.1873822957277298,0.9950000047683716,0.43149998784065247
YLR384C,YBR217W,0,-6.138614,0.18734700977802277,0.9950000047683716,0.43160000443458557
YPL103C,YPL184C,0,-6.138822,0.18731175363063812,0.9950000047683716,0.4316999912261963
YNL262W,YLR305C,0,-6.1391735,0.18727649748325348,0.9950000047683716,0.4318000078201294
YNR032C-A,YOR125C,0,-6.139721,0.18724125623703003,0.9950000047683716,0.4318999946117401
YMR004W,YHR210C,0,-6.14079,0.18720601499080658,0.9950000047683716,0.4320000112056732
YHR030C,YHR094C,0,-6.141088,0.18717080354690552,0.9950000047683716,0.43209999799728394
YDL067C,YEL037C,0,-6.141154,0.18713560700416565,0.9950000047683716,0.43220001459121704
YOL047C,YLR130C,0,-6.141613,0.18710041046142578,0.9950000047683716,0.43230000138282776
YAR007C,YBR212W,0,-6.141973,0.1870652437210083,0.9950000047683716,0.4323999881744385
YOR249C,YBR186W,0,-6.1441274,0.18703007698059082,0.9950000047683716,0.4325000047683716
YNL052W,YGL203C,0,-6.144415,0.18699492514133453,0.9950000047683716,0.4325999915599823
YGL085W,YKL038W,0,-6.1455693,0.18695978820323944,0.9950000047683716,0.4327000081539154
YDL079C,YJL049W,0,-6.145638,0.18692466616630554,0.9950000047683716,0.4327999949455261
YKR080W,YHR175W,0,-6.1471667,0.18688955903053284,0.9950000047683716,0.43290001153945923
YLR063W,YLL010C,0,-6.147527,0.18685446679592133,0.9950000047683716,0.43299999833106995
YER011W,YNL217W,0,-6.147629,0.18681937456130981,0.9950000047683716,0.43309998512268066
YIL109C,YPR157W,0,-6.148026,0.1867843121290207,0.9950000047683716,0.43320000171661377
YKL015W,YMR124W,0,-6.1487274,0.18674924969673157,0.9950000047683716,0.4332999885082245
YMR018W,YLL034C,0,-6.149058,0.18671420216560364,0.9950000047683716,0.4334000051021576
YGR121C,YJL130C,0,-6.1491585,0.1866791695356369,0.9950000047683716,0.4334999918937683
YIL035C,YBL047C,0,-6.149167,0.18664415180683136,0.9950000047683716,0.4336000084877014
YNL046W,YOL143C,0,-6.1492105,0.186609148979187,0.9950000047683716,0.43369999527931213
YOR032C,YMR099C,0,-6.149472,0.18657416105270386,0.9950000047683716,0.43380001187324524
YLR224W,YPR180W,0,-6.149574,0.1865391880273819,0.9950000047683716,0.43389999866485596
YNL244C,YPR103W,0,-6.1510997,0.18650421500205994,0.9950000047683716,0.4339999854564667
YBR133C,YPL138C,0,-6.151727,0.18646927177906036,0.9950000047683716,0.4341000020503998
YML050W,YBR107C,0,-6.152394,0.1864343285560608,0.9950000047683716,0.4341999888420105
YJL160C,YNL339C,0,-6.1537795,0.1863994002342224,0.9950000047683716,0.4343000054359436
YOR368W,YBR015C,0,-6.1543927,0.18636448681354523,0.9950000047683716,0.4343999922275543
YDR291W,YML104C,0,-6.155319,0.18632958829402924,0.9950000047683716,0.4345000088214874
YFL005W,YDR447C,0,-6.1554036,0.18629470467567444,0.9950000047683716,0.43459999561309814
YNL230C,YNL220W,0,-6.155477,0.18625982105731964,0.9950000047683716,0.43470001220703125
YLR264W,YPL255W,0,-6.155916,0.18622496724128723,0.9950000047683716,0.43479999899864197
YBR261C,YPL027W,0,-6.156337,0.18619011342525482,0.9950000047683716,0.4348999857902527
YDR525W-A,YLR251W,0,-6.156751,0.1861552894115448,0.9950000047683716,0.4350000023841858
YML101C,YOR396W,0,-6.1580944,0.18612046539783478,0.9950000047683716,0.4350999891757965
YER018C,YGR122W,0,-6.1583786,0.18608565628528595,0.9950000047683716,0.4352000057697296
YOR336W,YBL027W,0,-6.15887,0.18605086207389832,0.9950000047683716,0.43529999256134033
YGR241C,YGR266W,0,-6.1589885,0.18601608276367188,0.9950000047683716,0.43540000915527344
YPL023C,YGR053C,0,-6.1593556,0.18598130345344543,0.9950000047683716,0.43549999594688416
YHL009C,YHR018C,0,-6.159415,0.18594655394554138,0.9950000047683716,0.43560001254081726
YPL236C,YGR230W,0,-6.1597753,0.18591180443763733,0.9950000047683716,0.435699999332428
YGL247W,YPL010W,0,-6.1598,0.18587708473205566,0.9950000047683716,0.4357999861240387
YKR066C,YAL034C,0,-6.159955,0.185842365026474,0.9950000047683716,0.4359000027179718
YOR330C,YLR038C,0,-6.160299,0.18580766022205353,0.9950000047683716,0.4359999895095825
YMR310C,YOL132W,0,-6.161088,0.18577297031879425,0.9950000047683716,0.4361000061035156
YGL206C,YJR060W,0,-6.1614146,0.18573828041553497,0.9950000047683716,0.43619999289512634
YML008C,YDR409W,0,-6.161454,0.18570362031459808,0.9950000047683716,0.43630000948905945
YGR296W,YJL206C,0,-6.1622386,0.1856689751148224,0.9950000047683716,0.43639999628067017
YLL029W,YMR165C,0,-6.16431,0.1856343299150467,0.9950000047683716,0.43650001287460327
YCR004C,YDR085C,0,-6.164471,0.1855996996164322,0.9950000047683716,0.436599999666214
YOR088W,YKL002W,0,-6.1649156,0.18556508421897888,0.9950000047683716,0.4366999864578247
YNL238W,YLR395C,0,-6.166475,0.18553048372268677,0.9950000047683716,0.4368000030517578
YHR009C,YMR099C,0,-6.167375,0.18549589812755585,0.9950000047683716,0.43689998984336853
YGR113W,YDL174C,0,-6.1677823,0.18546132743358612,0.9950000047683716,0.43700000643730164
YMR319C,YGR184C,0,-6.168198,0.1854267567396164,0.9950000047683716,0.43709999322891235
YBL090W,YMR069W,0,-6.1688514,0.18539221584796906,0.9950000047683716,0.43720000982284546
YGL228W,YKR104W,0,-6.1689754,0.18535767495632172,0.9950000047683716,0.4372999966144562
YPL230W,YDR349C,0,-6.169973,0.18532314896583557,0.9950000047683716,0.4374000132083893
YAL060W,YPR103W,0,-6.171031,0.18528863787651062,0.9950000047683716,0.4375
YER022W,YGR289C,0,-6.1720343,0.18525414168834686,0.9950000047683716,0.4375999867916107
YML054C,YMR156C,0,-6.1725936,0.1852196604013443,0.9950000047683716,0.4377000033855438
YJR001W,YBR017C,0,-6.1728225,0.18518517911434174,0.9950000047683716,0.43779999017715454
YFL008W,YGR016W,0,-6.172834,0.18515072762966156,0.9950000047683716,0.43790000677108765
YLR173W,YCR087C-A,0,-6.17313,0.18511627614498138,0.9950000047683716,0.43799999356269836
YBL093C,YOR123C,0,-6.1739464,0.1850818395614624,0.9950000047683716,0.43810001015663147
YKR093W,YOR003W,0,-6.175175,0.18504741787910461,0.9950000047683716,0.4381999969482422
YDR354W,YKL191W,0,-6.175292,0.18501301109790802,0.9950000047683716,0.4383000135421753
YNL169C,YLR157C,0,-6.1755652,0.18497861921787262,0.9950000047683716,0.438400000333786
YCL038C,YNL169C,0,-6.1756,0.1849442422389984,0.9950000047683716,0.43849998712539673
YCR020C-A,YLR107W,0,-6.1758113,0.1849098652601242,0.9950000047683716,0.43860000371932983
YDR388W,YCL001W-A,0,-6.1759224,0.1848755180835724,0.9950000047683716,0.43869999051094055
YMR145C,YNL219C,0,-6.176084,0.18484117090702057,0.9950000047683716,0.43880000710487366
YKR043C,YML052W,0,-6.176566,0.18480683863162994,0.9950000047683716,0.4388999938964844
YJL001W,YKL189W,0,-6.176799,0.1847725212574005,0.9950000047683716,0.4390000104904175
YOL002C,YJR098C,0,-6.1781144,0.18473820388317108,0.9950000047683716,0.4390999972820282
YPR114W,YLR023C,0,-6.1789007,0.18470391631126404,0.9950000047683716,0.4392000138759613
YGL009C,YOR018W,0,-6.1789355,0.1846696436405182,0.9950000047683716,0.439300000667572
YMR215W,YNR058W,0,-6.1792283,0.18463537096977234,0.9950000047683716,0.43939998745918274
YLR077W,YOR232W,0,-6.17996,0.18460111320018768,0.9950000047683716,0.43950000405311584
YER132C,YAL042W,0,-6.180013,0.18456687033176422,0.9950000047683716,0.43959999084472656
YMR065W,YGR206W,0,-6.180535,0.18453264236450195,0.9950000047683716,0.43970000743865967
YML005W,YNL271C,0,-6.1807203,0.18449842929840088,0.9950000047683716,0.4397999942302704
YJL127C-B,YHR012W,0,-6.1819654,0.1844642162322998,0.9950000047683716,0.4399000108242035
YKL086W,YDR407C,0,-6.181989,0.18443003296852112,0.9950000047683716,0.4399999976158142
YGR148C,YML101C,0,-6.1821346,0.18439584970474243,0.9950000047683716,0.4401000142097473
YDR525W-A,YKL164C,0,-6.1830897,0.18436168134212494,0.9950000047683716,0.44020000100135803
YHR101C,YLL054C,0,-6.18391,0.18432752788066864,0.9950000047683716,0.44029998779296875
YKL093W,YDR171W,0,-6.1850667,0.18429338932037354,0.9950000047683716,0.44040000438690186
YLR038C,YJR009C,0,-6.1851473,0.18425926566123962,0.9950000047683716,0.4404999911785126
YDR487C,YAL061W,0,-6.1857076,0.1842251420021057,0.9950000047683716,0.4406000077724457
YGL027C,YBL015W,0,-6.186002,0.184191033244133,0.9950000047683716,0.4406999945640564
YOL143C,YNL201C,0,-6.1870856,0.18415695428848267,0.9950000047683716,0.4408000111579895
YKL105C,YGR141W,0,-6.1874576,0.18412287533283234,0.9950000047683716,0.4408999979496002
YLR297W,YOL115W,0,-6.1885037,0.1840888112783432,0.9950000047683716,0.4410000145435333
YNL058C,YOL034W,0,-6.189565,0.18405474722385406,0.9950000047683716,0.44110000133514404
YNL083W,YIL160C,0,-6.190247,0.18402071297168732,0.9950000047683716,0.44119998812675476
YKL126W,YJR135W-A,0,-6.1905303,0.18398669362068176,0.9950000047683716,0.44130000472068787
YCR010C,YDL102W,0,-6.1917105,0.1839526742696762,0.9950000047683716,0.4413999915122986
YJL052W,YOR089C,0,-6.191866,0.18391866981983185,0.9950000047683716,0.4415000081062317
YIL035C,YLR301W,0,-6.1931424,0.18388468027114868,0.9950000047683716,0.4415999948978424
YHR110W,YFR031C-A,0,-6.193437,0.1838507056236267,0.9950000047683716,0.4417000114917755
YML114C,YOL062C,0,-6.19344,0.18381673097610474,0.9950000047683716,0.44179999828338623
YNL138W,YLR098C,0,-6.194637,0.18378278613090515,0.9950000047683716,0.44190001487731934
YDR224C,YOL083W,0,-6.195085,0.18374884128570557,0.9950000047683716,0.44200000166893005
YIL173W,YPL066W,0,-6.1953354,0.18371491134166718,0.9950000047683716,0.44209998846054077
YPL218W,YOR046C,0,-6.1954055,0.18368101119995117,0.9950000047683716,0.4422000050544739
YKL105C,YMR220W,0,-6.1958785,0.18364709615707397,0.9950000047683716,0.4422999918460846
YBR196C,YNR062C,0,-6.1963744,0.18361321091651917,0.9950000047683716,0.4424000084400177
YGR023W,YLL054C,0,-6.196508,0.18357934057712555,0.9950000047683716,0.4424999952316284
YFL001W,YPL254W,0,-6.196879,0.18354547023773193,0.9950000047683716,0.4426000118255615
YGR062C,YFL024C,0,-6.1976647,0.1835116147994995,0.9950000047683716,0.44269999861717224
YEL013W,YMR114C,0,-6.198153,0.18347777426242828,0.9950000047683716,0.44279998540878296
YLR048W,YOL119C,0,-6.1985245,0.18344394862651825,0.9950000047683716,0.44290000200271606
YNR015W,YKR039W,0,-6.2010713,0.1834101378917694,0.9950000047683716,0.4429999887943268
YNL129W,YBL107C,0,-6.201639,0.18337634205818176,0.9950000047683716,0.4431000053882599
YGL207W,YBR146W,0,-6.2016497,0.18334254622459412,0.9950000047683716,0.4431999921798706
YPL037C,YMR172W,0,-6.2017913,0.18330876529216766,0.9950000047683716,0.4433000087738037
YAR042W,YNR044W,0,-6.202209,0.1832749992609024,0.9950000047683716,0.44339999556541443
YLR291C,YFL046W,0,-6.202574,0.18324124813079834,0.9950000047683716,0.44350001215934753
YLR121C,YLR447C,0,-6.203726,0.18320751190185547,0.9950000047683716,0.44359999895095825
YDR088C,YEL034W,0,-6.2043605,0.1831737905740738,0.9950000047683716,0.44369998574256897
YDL012C,YJR066W,0,-6.20507,0.18314006924629211,0.9950000047683716,0.4438000023365021
YBR077C,YNR066C,0,-6.205368,0.18310636281967163,0.9950000047683716,0.4438999891281128
YIR034C,YNL010W,0,-6.2056403,0.18307267129421234,0.9950000047683716,0.4440000057220459
YNL131W,YFR006W,0,-6.2058415,0.18303899466991425,0.9950000047683716,0.4440999925136566
YML001W,YGR244C,0,-6.2058544,0.18300533294677734,0.9950000047683716,0.4442000091075897
YPL264C,YML031W,0,-6.2073092,0.18297168612480164,0.9950000047683716,0.44429999589920044
YPL273W,YIL121W,0,-6.207692,0.18293803930282593,0.9950000047683716,0.44440001249313354
YNL185C,YNL101W,0,-6.209612,0.1829044073820114,0.9950000047683716,0.44449999928474426
YHR071W,YBL006C,0,-6.209842,0.1828707903623581,0.9950000047683716,0.444599986076355
YBR258C,YGR016W,0,-6.2108245,0.18283718824386597,0.9950000047683716,0.4447000026702881
YOR034C,YCR107W,0,-6.2116227,0.18280360102653503,0.9950000047683716,0.4447999894618988
YHR128W,YNL005C,0,-6.212508,0.1827700287103653,0.9950000047683716,0.4449000060558319
YLR297W,YJL225C,0,-6.2127,0.18273645639419556,0.9950000047683716,0.4449999928474426
YMR015C,YNL022C,0,-6.2129707,0.182702898979187,0.9950000047683716,0.44510000944137573
YER177W,YDL055C,0,-6.213286,0.18266935646533966,0.9950000047683716,0.44519999623298645
YCR020C-A,YMR212C,0,-6.2153697,0.1826358288526535,0.9950000047683716,0.44530001282691956
YDR279W,YDR079C-A,0,-6.2154436,0.18260231614112854,0.9950000047683716,0.4453999996185303
YPR119W,YML012W,0,-6.2160983,0.18256880342960358,0.9950000047683716,0.445499986410141
YBR243C,YML040W,0,-6.2163053,0.182535320520401,0.9950000047683716,0.4456000030040741
YKL038W,YLR166C,0,-6.217461,0.18250183761119843,0.9950000047683716,0.4456999897956848
YMR165C,YIL106W,0,-6.2177777,0.18246836960315704,0.9950000047683716,0.4458000063896179
YLR145W,YPL235W,1,-6.218031,0.18261826038360596,0.9959999918937683,0.4458000063896179
YGL091C,YDR134C,0,-6.218219,0.18258477747440338,0.9959999918937683,0.44589999318122864
YJR097W,YDL104C,0,-6.2186446,0.1825513243675232,0.9959999918937683,0.44600000977516174
YIR014W,YGL198W,0,-6.218902,0.182517871260643,0.9959999918937683,0.44609999656677246
YKR058W,YHL015W,0,-6.219004,0.182484433054924,0.9959999918937683,0.44620001316070557
YKL124W,YGR150C,0,-6.2194304,0.18245099484920502,0.9959999918937683,0.4462999999523163
YLR378C,YNL126W,0,-6.2200212,0.1824175864458084,0.9959999918937683,0.446399986743927
YDR091C,YLR182W,0,-6.220438,0.1823841780424118,0.9959999918937683,0.4465000033378601
YMR296C,YOR357C,0,-6.2208095,0.1823507845401764,0.9959999918937683,0.4465999901294708
YLR438C-A,YBR056W,0,-6.2209477,0.18231740593910217,0.9959999918937683,0.44670000672340393
YBR219C,YBL047C,0,-6.2212787,0.18228404223918915,0.9959999918937683,0.44679999351501465
YNR073C,YMR267W,0,-6.2213326,0.18225069344043732,0.9959999918937683,0.44690001010894775
YMR138W,YML075C,0,-6.221435,0.18221734464168549,0.9959999918937683,0.44699999690055847
YKR088C,YML104C,0,-6.223734,0.18218401074409485,0.9959999918937683,0.4471000134944916
YML094W,YGR143W,0,-6.224172,0.1821506917476654,0.9959999918937683,0.4472000002861023
YDR052C,YDL095W,0,-6.224694,0.18211738765239716,0.9959999918937683,0.447299987077713
YGR155W,YOR315W,0,-6.22572,0.1820840984582901,0.9959999918937683,0.4474000036716461
YKL135C,YOR110W,0,-6.2258506,0.18205080926418304,0.9959999918937683,0.44749999046325684
YKR096W,YPL130W,0,-6.2268414,0.18201754987239838,0.9959999918937683,0.44760000705718994
YAL064W-B,YOL027C,0,-6.2277846,0.1819842904806137,0.9959999918937683,0.44769999384880066
YAR018C,YOR180C,0,-6.2284293,0.18195104598999023,0.9959999918937683,0.44780001044273376
YJL091C,YGL148W,0,-6.2284455,0.18191780149936676,0.9959999918937683,0.4478999972343445
YAR031W,YPR032W,0,-6.229362,0.18188458681106567,0.9959999918937683,0.4480000138282776
YDL241W,YGL178W,0,-6.229712,0.1818513721227646,0.9959999918937683,0.4481000006198883
YMR262W,YBR202W,0,-6.2297792,0.1818181872367859,0.9959999918937683,0.448199987411499
YIR012W,YML025C,0,-6.230613,0.1817850023508072,0.9959999918937683,0.44830000400543213
YOL073C,YDR019C,0,-6.2314835,0.1817518174648285,0.9959999918937683,0.44839999079704285
YDL156W,YAL043C,0,-6.232514,0.18171866238117218,0.9959999918937683,0.44850000739097595
YER145C,YPL191C,0,-6.2326045,0.18168552219867706,0.9959999918937683,0.44859999418258667
YJL057C,YAL018C,0,-6.233175,0.18165238201618195,0.9959999918937683,0.4487000107765198
YER110C,YDL248W,0,-6.233204,0.18161925673484802,0.9959999918937683,0.4487999975681305
YKL217W,YBR005W,0,-6.2338824,0.1815861463546753,0.9959999918937683,0.4489000141620636
YGL226W,YLR312C,0,-6.2342644,0.18155305087566376,0.9959999918937683,0.4490000009536743
YGL026C,YKL119C,0,-6.2344236,0.18151995539665222,0.9959999918937683,0.44909998774528503
YPL103C,YOR319W,0,-6.235829,0.18148687481880188,0.9959999918937683,0.44920000433921814
YDL055C,YGL192W,0,-6.236586,0.18145382404327393,0.9959999918937683,0.44929999113082886
YHR133C,YAL053W,0,-6.236694,0.18142075836658478,0.9959999918937683,0.44940000772476196
YBL009W,YHR157W,0,-6.23688,0.18138772249221802,0.9959999918937683,0.4494999945163727
YLR160C,YDR044W,0,-6.2377467,0.18135470151901245,0.9959999918937683,0.4496000111103058
YHR132C,YCR104W,0,-6.238138,0.18132168054580688,0.9959999918937683,0.4496999979019165
YOR330C,YFR018C,0,-6.239199,0.1812886744737625,0.9959999918937683,0.4498000144958496
YEL077C,YFL029C,0,-6.239782,0.18125568330287933,0.9959999918937683,0.4499000012874603
YKR075C,YJL145W,0,-6.2404366,0.18122270703315735,0.9959999918937683,0.44999998807907104
YGR231C,YKL214C,0,-6.240586,0.18118974566459656,0.9959999918937683,0.45010000467300415
YGL079W,YPL137C,0,-6.241554,0.18115678429603577,0.9959999918937683,0.45019999146461487
YDR320C,YFL066C,0,-6.242311,0.18112383782863617,0.9959999918937683,0.450300008058548
YNL312W,YDL179W,0,-6.242369,0.18109090626239777,0.9959999918937683,0.4503999948501587
YPL210C,YGR001C,0,-6.242426,0.18105798959732056,0.9959999918937683,0.4505000114440918
YER118C,YJR149W,0,-6.2430797,0.18102508783340454,0.9959999918937683,0.4505999982357025
YLR460C,YGL187C,0,-6.243199,0.18099218606948853,0.9959999918937683,0.4507000148296356
YGR253C,YDR263C,0,-6.2441597,0.1809592992067337,0.9959999918937683,0.45080000162124634
YER087C-B,YDL043C,0,-6.2446404,0.18092642724514008,0.9959999918937683,0.45089998841285706
YNL087W,YPL244C,0,-6.2452345,0.18089357018470764,0.9959999918937683,0.45100000500679016
YHL047C,YPL256C,0,-6.2458944,0.1808607280254364,0.9959999918937683,0.4510999917984009
YPR157W,YIL121W,0,-6.2463675,0.18082788586616516,0.9959999918937683,0.451200008392334
YGR172C,YPR141C,0,-6.246592,0.18079505860805511,0.9959999918937683,0.4512999951839447
YIL085C,YOL041C,0,-6.2478814,0.18076224625110626,0.9959999918937683,0.4514000117778778
YBR004C,YCR091W,0,-6.25159,0.1807294487953186,0.9959999918937683,0.4514999985694885
YOL075C,YOR026W,0,-6.2543216,0.18069666624069214,0.9959999918937683,0.45159998536109924
YBR168W,YNL180C,0,-6.2555547,0.18066388368606567,0.9959999918937683,0.45170000195503235
YKR079C,YLR104W,0,-6.2567086,0.1806311160326004,0.9959999918937683,0.45179998874664307
YJR057W,YLR057W,0,-6.2567463,0.18059836328029633,0.9959999918937683,0.45190000534057617
YGL064C,YLR208W,0,-6.257075,0.18056562542915344,0.9959999918937683,0.4519999921321869
YMR288W,YOR292C,0,-6.2572923,0.18053290247917175,0.9959999918937683,0.45210000872612
YJR034W,YDR213W,0,-6.258419,0.18050017952919006,0.9959999918937683,0.4521999955177307
YMR177W,YDR466W,0,-6.2587304,0.18046747148036957,0.9959999918937683,0.4523000121116638
YEL050C,YLR001C,0,-6.259003,0.18043477833271027,0.9959999918937683,0.45239999890327454
YML113W,YPL231W,0,-6.259069,0.18040210008621216,0.9959999918937683,0.45249998569488525
YMR133W,YDR207C,0,-6.259625,0.18036943674087524,0.9959999918937683,0.45260000228881836
YNL024C,YBL099W,0,-6.260392,0.18033677339553833,0.9959999918937683,0.4526999890804291
YKL053C-A,YMR097C,0,-6.2607694,0.1803041249513626,0.9959999918937683,0.4528000056743622
YMR013C,YKL178C,0,-6.261168,0.18027149140834808,0.9959999918937683,0.4528999924659729
YPL051W,YPR041W,0,-6.2614017,0.18023887276649475,0.9959999918937683,0.453000009059906
YBR108W,YHR045W,0,-6.261425,0.18020625412464142,0.9959999918937683,0.4530999958515167
YJL073W,YBL069W,0,-6.261966,0.18017366528511047,0.9959999918937683,0.45320001244544983
YMR010W,YBR136W,0,-6.262592,0.18014107644557953,0.9959999918937683,0.45329999923706055
YNL176C,YOR026W,0,-6.263388,0.18010850250720978,0.9959999918937683,0.45339998602867126
YKL073W,YJR123W,0,-6.2636943,0.18007592856884003,0.9959999918937683,0.45350000262260437
YGR169C-A,YMR236W,0,-6.2649026,0.18004338443279266,0.9959999918937683,0.4535999894142151
YOR350C,YOL039W,0,-6.2653694,0.1800108402967453,0.9959999918937683,0.4537000060081482
YIL090W,YAL044C,0,-6.26625,0.17997831106185913,0.9959999918937683,0.4537999927997589
YDL004W,YGR088W,0,-6.2663665,0.17994579672813416,0.9959999918937683,0.453900009393692
YGL012W,YOL082W,0,-6.266738,0.17991329729557037,0.9959999918937683,0.45399999618530273
YMR202W,YDR446W,0,-6.2667975,0.1798807978630066,0.9959999918937683,0.45410001277923584
YGR295C,YGL009C,0,-6.2695,0.179848313331604,0.9959999918937683,0.45419999957084656
YGL163C,YDR370C,0,-6.270002,0.1798158586025238,0.9959999918937683,0.4542999863624573
YDL056W,YER090W,0,-6.2703543,0.1797833889722824,0.9959999918937683,0.4544000029563904
YML054C,YMR041C,0,-6.2704177,0.1797509491443634,0.9959999918937683,0.4544999897480011
YHL019C,YNL331C,0,-6.2705417,0.1797185093164444,0.9959999918937683,0.4546000063419342
YCR079W,YLR205C,0,-6.2705617,0.17968608438968658,0.9959999918937683,0.4546999931335449
YNL317W,YOR232W,0,-6.2715206,0.17965367436408997,0.9959999918937683,0.454800009727478
YAL064W-B,YBL023C,0,-6.271565,0.17962127923965454,0.9959999918937683,0.45489999651908875
YDR295C,YOR383C,0,-6.271874,0.1795888990163803,0.9959999918937683,0.45500001311302185
YDR310C,YMR301C,0,-6.272965,0.17955651879310608,0.9959999918937683,0.45509999990463257
YNR021W,YIL083C,0,-6.2751412,0.17952415347099304,0.9959999918937683,0.4551999866962433
YBR235W,YPR103W,0,-6.277303,0.1794918030500412,0.9959999918937683,0.4553000032901764
YHR005C-A,YFR016C,0,-6.2780924,0.17945945262908936,0.9959999918937683,0.4553999900817871
YJR101W,YOL051W,0,-6.2784085,0.1794271320104599,0.9959999918937683,0.4555000066757202
YJL045W,YLR157C,0,-6.27886,0.17939481139183044,0.9959999918937683,0.45559999346733093
YBR172C,YDL108W,0,-6.28025,0.17936250567436218,0.9959999918937683,0.45570001006126404
YIL090W,YFL051C,0,-6.280271,0.17933021485805511,0.9959999918937683,0.45579999685287476
YLR224W,YGR163W,0,-6.2813673,0.17929792404174805,0.9959999918937683,0.45590001344680786
YOL154W,YPR151C,0,-6.2815394,0.17926566302776337,0.9959999918937683,0.4560000002384186
YGL083W,YIL112W,0,-6.2821436,0.1792334020137787,0.9959999918937683,0.4560999870300293
YOL082W,YIR034C,0,-6.282612,0.1792011559009552,0.9959999918937683,0.4562000036239624
YDR377W,YKL189W,0,-6.2829504,0.1791689097881317,0.9959999918937683,0.4562999904155731
YFR030W,YOL075C,0,-6.2850776,0.17913669347763062,0.9959999918937683,0.4564000070095062
YBL061C,YOR232W,0,-6.2854342,0.17910447716712952,0.9959999918937683,0.45649999380111694
YJR100C,YDR150W,0,-6.285539,0.1790722757577896,0.9959999918937683,0.45660001039505005
YDL212W,YDR037W,0,-6.2870593,0.1790400892496109,0.9959999918937683,0.45669999718666077
YPL094C,YLR304C,0,-6.287345,0.1790079027414322,0.9959999918937683,0.45680001378059387
YER060W-A,YNL265C,0,-6.2873807,0.17897574603557587,0.9959999918937683,0.4569000005722046
YOR090C,YNR067C,0,-6.287421,0.17894358932971954,0.9959999918937683,0.4569999873638153
YER151C,YPR157W,0,-6.287968,0.17891144752502441,0.9959999918937683,0.4571000039577484
YNL202W,YBL091C,0,-6.288008,0.17887930572032928,0.9959999918937683,0.45719999074935913
YGR187C,YJR120W,0,-6.2882075,0.17884719371795654,0.9959999918937683,0.45730000734329224
YCR033W,YLR368W,0,-6.2887287,0.1788150817155838,0.9959999918937683,0.45739999413490295
YAL018C,YDR495C,0,-6.2891107,0.17878298461437225,0.9959999918937683,0.45750001072883606
YMR070W,YOR339C,0,-6.2893367,0.1787509024143219,0.9959999918937683,0.4575999975204468
YNR061C,YPL164C,0,-6.2898335,0.17871882021427155,0.9959999918937683,0.4577000141143799
YHR035W,YCR067C,0,-6.290841,0.17868675291538239,0.9959999918937683,0.4578000009059906
YMR193W,YDR318W,0,-6.2910495,0.1786547154188156,0.9959999918937683,0.4578999876976013
YGR155W,YKL167C,0,-6.291903,0.17862266302108765,0.9959999918937683,0.4580000042915344
YOL098C,YDR142C,0,-6.292137,0.17859064042568207,0.9959999918937683,0.45809999108314514
YHL036W,YBL089W,0,-6.2924633,0.1785586178302765,0.9959999918937683,0.45820000767707825
YBR159W,YHR103W,0,-6.292649,0.1785266250371933,0.9959999918937683,0.45829999446868896
YGR013W,YDL241W,0,-6.292697,0.1784946173429489,0.9959999918937683,0.45840001106262207
YPL166W,YKL069W,0,-6.293212,0.17846263945102692,0.9959999918937683,0.4584999978542328
YGL205W,YGR157W,0,-6.293874,0.1784306764602661,0.9959999918937683,0.4586000144481659
YHR005C-A,YMR026C,0,-6.29458,0.1783987134695053,0.9959999918937683,0.4587000012397766
YLR264W,YLR422W,0,-6.2947373,0.1783667653799057,0.9959999918937683,0.45879998803138733
YDR407C,YJL055W,0,-6.2948337,0.17833483219146729,0.9959999918937683,0.45890000462532043
YJL012C-A,YPL087W,0,-6.2954917,0.17830289900302887,0.9959999918937683,0.45899999141693115
YHL015W,YDR251W,0,-6.295505,0.17827098071575165,0.9959999918937683,0.45910000801086426
YBL091C-A,YHL004W,0,-6.2968073,0.17823907732963562,0.9959999918937683,0.459199994802475
YBR085W,YOR007C,0,-6.2970815,0.1782071888446808,0.9959999918937683,0.4593000113964081
YML027W,YBL060W,0,-6.297155,0.17817531526088715,0.9959999918937683,0.4593999981880188
YKR010C,YLR284C,0,-6.2974725,0.1781434416770935,0.9959999918937683,0.4595000147819519
YDL078C,YER013W,0,-6.2984605,0.17811158299446106,0.9959999918937683,0.4596000015735626
YPR022C,YNL260C,0,-6.2997246,0.1780797392129898,0.9959999918937683,0.45969998836517334
YLL041C,YJL048C,0,-6.2998776,0.17804791033267975,0.9959999918937683,0.45980000495910645
YNL196C,YMR038C,0,-6.2999287,0.1780160814523697,0.9959999918937683,0.45989999175071716
YOR283W,YER169W,0,-6.300118,0.17798426747322083,0.9959999918937683,0.46000000834465027
YFR048W,YDL146W,0,-6.300133,0.17795246839523315,0.9959999918937683,0.460099995136261
YJL219W,YGL192W,0,-6.3007436,0.17792068421840668,0.9959999918937683,0.4602000117301941
YDL121C,YHR037W,0,-6.300752,0.1778889149427414,0.9959999918937683,0.4602999985218048
YPR027C,YLR064W,0,-6.30099,0.1778571456670761,0.9959999918937683,0.4603999853134155
YIL132C,YOR208W,0,-6.302616,0.17782539129257202,0.9959999918937683,0.46050000190734863
YOR125C,YHR173C,0,-6.302792,0.17779365181922913,0.9959999918937683,0.46059998869895935
YPR149W,YML065W,0,-6.3030086,0.17776191234588623,0.9959999918937683,0.46070000529289246
YLR386W,YER093C,0,-6.303633,0.17773018777370453,0.9959999918937683,0.4607999920845032
YLR178C,YPR154W,0,-6.304133,0.17769847810268402,0.9959999918937683,0.4609000086784363
YNL119W,YPL156C,0,-6.3054686,0.1776667833328247,0.9959999918937683,0.460999995470047
YLR211C,YIL115C,0,-6.305902,0.1776351034641266,0.9959999918937683,0.4611000120639801
YPR024W,YDR349C,0,-6.305961,0.17760342359542847,0.9959999918937683,0.4611999988555908
YLR224W,YIL142W,0,-6.307578,0.17757175862789154,0.9959999918937683,0.46129998564720154
YIL132C,YGR266W,0,-6.3080306,0.1775401085615158,0.9959999918937683,0.46140000224113464
YOR167C,YOR060C,0,-6.3088126,0.17750845849514008,0.9959999918937683,0.46149998903274536
YHR133C,YNR076W,0,-6.3090367,0.17747683823108673,0.9959999918937683,0.46160000562667847
YDR298C,YHR194W,0,-6.312098,0.1774452179670334,0.9959999918937683,0.4616999924182892
YDR374C,YGL048C,0,-6.3121667,0.17741361260414124,0.9959999918937683,0.4618000090122223
YOR090C,YNL122C,0,-6.31296,0.17738200724124908,0.9959999918937683,0.461899995803833
YIL033C,YOR043W,0,-6.313202,0.17735043168067932,0.9959999918937683,0.4620000123977661
YGR092W,YER078C,0,-6.3134933,0.17731885612010956,0.9959999918937683,0.46209999918937683
YDR226W,YDR523C,0,-6.314098,0.177287295460701,0.9959999918937683,0.46219998598098755
YNL033W,YDR091C,0,-6.315844,0.17725573480129242,0.9959999918937683,0.46230000257492065
YNL066W,YFL040W,0,-6.316227,0.17722420394420624,0.9959999918937683,0.46239998936653137
YDR368W,YGR285C,0,-6.316789,0.17719267308712006,0.9959999918937683,0.4625000059604645
YIL097W,YDL022W,0,-6.3168235,0.17716115713119507,0.9959999918937683,0.4625999927520752
YIR024C,YOL002C,0,-6.3177714,0.17712964117527008,0.9959999918937683,0.4627000093460083
YML081W,YIL052C,0,-6.3178515,0.17709815502166748,0.9959999918937683,0.462799996137619
YGL153W,YNL049C,0,-6.318421,0.17706666886806488,0.9959999918937683,0.4629000127315521
YPR155C,YMR127C,0,-6.3195586,0.17703519761562347,0.9959999918937683,0.46299999952316284
YOR060C,YGR235C,0,-6.32165,0.17700372636318207,0.9959999918937683,0.46309998631477356
YGL249W,YDR251W,0,-6.3225627,0.17697228491306305,0.9959999918937683,0.46320000290870667
YJR100C,YKL165C,0,-6.324334,0.17694084346294403,0.9959999918937683,0.4632999897003174
YOL002C,YDR246W,0,-6.324925,0.1769094169139862,0.9959999918937683,0.4634000062942505
YHR005C-A,YPR121W,0,-6.324963,0.17687799036502838,0.9959999918937683,0.4634999930858612
YHR143W-A,YHR150W,0,-6.327393,0.17684659361839294,0.9959999918937683,0.4636000096797943
YDR314C,YML072C,0,-6.327839,0.1768151968717575,0.9959999918937683,0.46369999647140503
YJR112W,YLL015W,0,-6.329735,0.17678381502628326,0.9959999918937683,0.46380001306533813
YMR016C,YKL103C,0,-6.330916,0.17675243318080902,0.9959999918937683,0.46389999985694885
YNR017W,YML046W,0,-6.331176,0.17672108113765717,0.9959999918937683,0.46399998664855957
YPL171C,YNL155W,0,-6.331614,0.1766897290945053,0.9959999918937683,0.4641000032424927
YGL089C,YNR030W,0,-6.3318815,0.17665839195251465,0.9959999918937683,0.4641999900341034
YMR089C,YPL074W,0,-6.3321323,0.176627054810524,0.9959999918937683,0.4643000066280365
YLR394W,YML027W,0,-6.3329096,0.1765957474708557,0.9959999918937683,0.4643999934196472
YJL087C,YDR034W-B,0,-6.33317,0.17656444013118744,0.9959999918937683,0.4645000100135803
YLR047C,YGR060W,0,-6.3335376,0.17653314769268036,0.9959999918937683,0.46459999680519104
YDL063C,YML104C,0,-6.3342915,0.17650185525417328,0.9959999918937683,0.46470001339912415
YLR063W,YPR001W,0,-6.3361373,0.1764705926179886,0.9959999918937683,0.46480000019073486
YKL096W,YLR450W,0,-6.3363047,0.1764393299818039,0.9959999918937683,0.4648999869823456
YJL037W,YLR066W,0,-6.3363104,0.1764080822467804,0.9959999918937683,0.4650000035762787
YGL049C,YML051W,0,-6.3367834,0.1763768345117569,0.9959999918937683,0.4650999903678894
YPL198W,YGR186W,0,-6.3371987,0.1763456016778946,0.9959999918937683,0.4652000069618225
YDR155C,YKL001C,0,-6.337252,0.17631439864635468,0.9959999918937683,0.4652999937534332
YBR018C,YDR425W,0,-6.33746,0.17628318071365356,0.9959999918937683,0.46540001034736633
YMR215W,YDR512C,0,-6.337564,0.17625199258327484,0.9959999918937683,0.46549999713897705
YDL085W,YOR042W,0,-6.338433,0.17622080445289612,0.9959999918937683,0.46560001373291016
YNL335W,YKL060C,0,-6.339827,0.1761896312236786,0.9959999918937683,0.4657000005245209
YJL133W,YDR251W,0,-6.3410993,0.17615847289562225,0.9959999918937683,0.4657999873161316
YBL047C,YHL008C,0,-6.3415294,0.17612731456756592,0.9959999918937683,0.4659000039100647
YPL265W,YIL035C,0,-6.3418136,0.17609618604183197,0.9959999918937683,0.4659999907016754
YHR188C,YKL048C,0,-6.3423014,0.17606505751609802,0.9959999918937683,0.4661000072956085
YDR123C,YPL193W,0,-6.342878,0.17603392899036407,0.9959999918937683,0.46619999408721924
YAL055W,YFL054C,0,-6.3463717,0.17600283026695251,0.9959999918937683,0.46630001068115234
YNL318C,YIL085C,0,-6.3467393,0.17597173154354095,0.9959999918937683,0.46639999747276306
YLR455W,YDR303C,0,-6.348706,0.1759406477212906,0.9959999918937683,0.46650001406669617
YIL167W,YCR084C,0,-6.34976,0.17590957880020142,0.9959999918937683,0.4666000008583069
YKL086W,YOR259C,0,-6.3524237,0.17587850987911224,0.9959999918937683,0.4666999876499176
YMR244W,YDL248W,0,-6.3525686,0.17584745585918427,0.9959999918937683,0.4668000042438507
YDR189W,YGR038W,0,-6.3529377,0.17581641674041748,0.9959999918937683,0.4668999910354614
YDR139C,YMR061W,0,-6.35296,0.1757853925228119,0.9959999918937683,0.46700000762939453
YDR194C,YDL119C,0,-6.353293,0.1757543683052063,0.9959999918937683,0.46709999442100525
YIL053W,YKL037W,0,-6.3537383,0.1757233589887619,0.9959999918937683,0.46720001101493835
YKR035W-A,YOR311C,0,-6.3539844,0.1756923645734787,0.9959999918937683,0.4672999978065491
YBR294W,YER118C,0,-6.357178,0.1756613701581955,0.9959999918937683,0.4674000144004822
YDL168W,YFR018C,0,-6.358421,0.17563040554523468,0.9959999918937683,0.4675000011920929
YCL066W,YJL061W,0,-6.359312,0.17559944093227386,0.9959999918937683,0.4675999879837036
YDL113C,YNL024C,0,-6.3599377,0.17556847631931305,0.9959999918937683,0.4677000045776367
YLR185W,YBR068C,0,-6.3626347,0.17553754150867462,0.9959999918937683,0.46779999136924744
YJL136C,YGR127W,0,-6.3627343,0.1755066066980362,0.9959999918937683,0.46790000796318054
YOR144C,YKR043C,0,-6.3628244,0.17547568678855896,0.9959999918937683,0.46799999475479126
YNR021W,YMR061W,0,-6.3647933,0.17544478178024292,0.9959999918937683,0.46810001134872437
YJR054W,YOR279C,0,-6.3648496,0.17541387677192688,0.9959999918937683,0.4681999981403351
YNL019C,YML078W,0,-6.3651023,0.17538298666477203,0.9959999918937683,0.4683000147342682
YPR028W,YEL006W,0,-6.3708863,0.17535211145877838,0.9959999918937683,0.4684000015258789
YNL126W,YGR013W,0,-6.3719425,0.17532125115394592,0.9959999918937683,0.4684999883174896
YLR455W,YGL121C,0,-6.372098,0.17529039084911346,0.9959999918937683,0.46860000491142273
YAR020C,YAL034C,0,-6.3721156,0.1752595454454422,0.9959999918937683,0.46869999170303345
YLR201C,YFL040W,0,-6.3729663,0.17522871494293213,0.9959999918937683,0.46880000829696655
YCL039W,YBR227C,0,-6.3730736,0.17519788444042206,0.9959999918937683,0.46889999508857727
YDL082W,YAR042W,0,-6.373201,0.17516708374023438,0.9959999918937683,0.4690000116825104
YER055C,YML095C,0,-6.3740726,0.1751362830400467,0.9959999918937683,0.4690999984741211
YDR033W,YGL010W,0,-6.378775,0.175105482339859,0.9959999918937683,0.4691999852657318
YNL187W,YLR460C,0,-6.3805165,0.1750747114419937,0.9959999918937683,0.4693000018596649
YKL081W,YDR404C,0,-6.38081,0.17504394054412842,0.9959999918937683,0.46939998865127563
YFR047C,YJL058C,0,-6.382061,0.17501318454742432,0.9959999918937683,0.46950000524520874
YML049C,YGR082W,0,-6.3824873,0.17498242855072021,0.9959999918937683,0.46959999203681946
YGR144W,YOR341W,0,-6.3828435,0.1749517023563385,0.9959999918937683,0.46970000863075256
YNL217W,YGR274C,0,-6.382892,0.1749209761619568,0.9959999918937683,0.4697999954223633
YKL140W,YDR084C,0,-6.3835826,0.17489024996757507,0.9959999918937683,0.4699000120162964
YER149C,YGL249W,0,-6.3835864,0.17485955357551575,0.9959999918937683,0.4699999988079071
YOR250C,YKL027W,0,-6.385849,0.17482885718345642,0.9959999918937683,0.4700999855995178
YGR054W,YNL321W,0,-6.38588,0.1747981756925583,0.9959999918937683,0.4702000021934509
YER172C,YKL150W,0,-6.3865657,0.17476750910282135,0.9959999918937683,0.47029998898506165
YKL135C,YGR169C,0,-6.387444,0.1747368425130844,0.9959999918937683,0.47040000557899475
YDR542W,YHL011C,0,-6.388849,0.17470619082450867,0.9959999918937683,0.47049999237060547
YKR031C,YHR135C,0,-6.3894978,0.17467555403709412,0.9959999918937683,0.4706000089645386
YLR271W,YNL031C,0,-6.3913517,0.17464491724967957,0.9959999918937683,0.4706999957561493
YJL108C,YHR167W,0,-6.3913755,0.1746143102645874,0.9959999918937683,0.4708000123500824
YGL226C-A,YOL077C,0,-6.392032,0.17458370327949524,0.9959999918937683,0.4708999991416931
YNL066W,YOR207C,0,-6.392407,0.17455309629440308,0.9959999918937683,0.47099998593330383
YPL200W,YPL061W,0,-6.392424,0.1745225191116333,0.9959999918937683,0.47110000252723694
YIL171W,YMR200W,0,-6.392445,0.17449194192886353,0.9959999918937683,0.47119998931884766
YJR161C,YER129W,0,-6.3924465,0.17446137964725494,0.9959999918937683,0.47130000591278076
YDL067C,YPR121W,0,-6.3926363,0.17443081736564636,0.9959999918937683,0.4713999927043915
YNL320W,YGL060W,0,-6.3928695,0.17440028488636017,0.9959999918937683,0.4715000092983246
YMR312W,YHR111W,0,-6.393665,0.17436975240707397,0.9959999918937683,0.4715999960899353
YOR161C,YDR541C,0,-6.3940396,0.17433921992778778,0.9959999918937683,0.4717000126838684
YGR127W,YEL046C,0,-6.394075,0.17430871725082397,0.9959999918937683,0.4717999994754791
YPL049C,YDR009W,0,-6.3947053,0.17427821457386017,0.9959999918937683,0.47189998626708984
YHR090C,YDR454C,0,-6.3951693,0.17424772679805756,0.9959999918937683,0.47200000286102295
YOR303W,YGR192C,0,-6.3951755,0.17421725392341614,0.9959999918937683,0.47209998965263367
YGR169C,YOR020C,0,-6.3954268,0.17418678104877472,0.9959999918937683,0.4722000062465668
YDR359C,YBL072C,0,-6.3956275,0.1741563230752945,0.9959999918937683,0.4722999930381775
YOR349W,YEL029C,0,-6.3960724,0.17412588000297546,0.9959999918937683,0.4724000096321106
YFL005W,YHR005C-A,0,-6.3976836,0.17409543693065643,0.9959999918937683,0.4724999964237213
YDL138W,YPL115C,0,-6.398556,0.1740650087594986,0.9959999918937683,0.4726000130176544
YFL003C,YPL076W,0,-6.399397,0.17403459548950195,0.9959999918937683,0.47269999980926514
YGL234W,YDR473C,0,-6.39948,0.1740041971206665,0.9959999918937683,0.47279998660087585
YKL171W,YDR381W,0,-6.401892,0.17397379875183105,0.9959999918937683,0.47290000319480896
YMR244C-A,YDR140W,0,-6.403958,0.1739434152841568,0.9959999918937683,0.4729999899864197
YDR069C,YNL040W,0,-6.4047103,0.17391304671764374,0.9959999918937683,0.4731000065803528
YIR010W,YDR385W,0,-6.405091,0.17388267815113068,0.9959999918937683,0.4731999933719635
YBR139W,YJL117W,0,-6.4051566,0.1738523244857788,0.9959999918937683,0.4733000099658966
YDR504C,YPL152W,0,-6.40531,0.17382198572158813,0.9959999918937683,0.4733999967575073
YGL126W,YDR456W,0,-6.407103,0.17379166185855865,0.9959999918937683,0.47350001335144043
YOL097C,YDL114W,0,-6.407111,0.17376133799552917,0.9959999918937683,0.47360000014305115
YPR145W,YGR165W,0,-6.4072137,0.1737310290336609,0.9959999918937683,0.47369998693466187
YPL237W,YFR039C,0,-6.407714,0.1737007349729538,0.9959999918937683,0.47380000352859497
YNL087W,YAL001C,0,-6.408674,0.1736704409122467,0.9959999918937683,0.4738999903202057
YNL159C,YGL210W-A,0,-6.411489,0.1736401617527008,0.9959999918937683,0.4740000069141388
YLR386W,YER179W,0,-6.413217,0.1736098974943161,0.9959999918937683,0.4740999937057495
YNL026W,YLR001C,0,-6.4141555,0.1735796481370926,0.9959999918937683,0.4742000102996826
YPL074W,YHR103W,0,-6.4143367,0.17354939877986908,0.9959999918937683,0.47429999709129333
YDR343C,YDL155W,0,-6.414984,0.17351916432380676,0.9959999918937683,0.47440001368522644
YMR303C,YBR068C,0,-6.41539,0.17348894476890564,0.9959999918937683,0.47450000047683716
YBR146W,YKL074C,0,-6.4156404,0.17345872521400452,0.9959999918937683,0.4745999872684479
YOR275C,YNL215W,0,-6.416197,0.1734285205602646,0.9959999918937683,0.474700003862381
YGL080W,YMR011W,0,-6.4171033,0.17339833080768585,0.9959999918937683,0.4747999906539917
YOR074C,YDR121W,0,-6.417418,0.17336814105510712,0.9959999918937683,0.4749000072479248
YHR108W,YLL051C,0,-6.4195876,0.17333798110485077,0.9959999918937683,0.4749999940395355
YKL088W,YOR241W,0,-6.4203897,0.17330780625343323,0.9959999918937683,0.47510001063346863
YBL015W,YLR099C,0,-6.4226527,0.17327766120433807,0.9959999918937683,0.47519999742507935
YPL065W,YJR147W,0,-6.42274,0.17324751615524292,0.9959999918937683,0.47530001401901245
YHR082C,YNL286W,0,-6.422871,0.17321738600730896,0.9959999918937683,0.47540000081062317
YGL151W,YLR004C,0,-6.4231668,0.1731872707605362,0.9959999918937683,0.4754999876022339
YLR155C,YOL122C,0,-6.4233203,0.17315715551376343,0.9959999918937683,0.475600004196167
YPL117C,YLR314C,0,-6.423433,0.17312707006931305,0.9959999918937683,0.4756999909877777
YGR285C,YLR142W,0,-6.423553,0.17309696972370148,0.9959999918937683,0.4758000075817108
YGR183C,YJL216C,0,-6.4238276,0.1730668991804123,0.9959999918937683,0.47589999437332153
YER007C-A,YIR035C,0,-6.4245524,0.1730368286371231,0.9959999918937683,0.47600001096725464
YPL156C,YFR004W,0,-6.425723,0.17300677299499512,0.9959999918937683,0.47609999775886536
YGL045W,YJL111W,0,-6.425867,0.17297673225402832,0.9959999918937683,0.47620001435279846
YJL008C,YBR282W,0,-6.426993,0.17294669151306152,0.9959999918937683,0.4763000011444092
YOR347C,YMR010W,0,-6.4272847,0.17291666567325592,0.9959999918937683,0.4763999879360199
YGR096W,YDL192W,0,-6.427424,0.1728866547346115,0.9959999918937683,0.476500004529953
YPL244C,YKR044W,0,-6.4278975,0.1728566437959671,0.9959999918937683,0.4765999913215637
YHR139C,YER166W,0,-6.428806,0.1728266477584839,0.9959999918937683,0.4767000079154968
YMR312W,YPL262W,0,-6.429383,0.17279666662216187,0.9959999918937683,0.47679999470710754
YDL223C,YHL021C,0,-6.4293995,0.17276670038700104,0.9959999918937683,0.47690001130104065
YOL032W,YDR246W,0,-6.4294066,0.1727367341518402,0.9959999918937683,0.47699999809265137
YER132C,YKL198C,0,-6.4295883,0.17270678281784058,0.9959999918937683,0.4771000146865845
YOL009C,YKR076W,0,-6.4296365,0.17267683148384094,0.9959999918937683,0.4772000014781952
YHR188C,YCR077C,0,-6.429893,0.1726469099521637,0.9959999918937683,0.4772999882698059
YPR038W,YIR014W,0,-6.430397,0.17261698842048645,0.9959999918937683,0.477400004863739
YDR493W,YGL198W,0,-6.4316235,0.1725870668888092,0.9959999918937683,0.47749999165534973
YCR028C-A,YLL023C,0,-6.4331913,0.17255717515945435,0.9959999918937683,0.47760000824928284
YDR177W,YER007W,0,-6.4332376,0.1725272834300995,0.9959999918937683,0.47769999504089355
YKL104C,YMR231W,0,-6.433534,0.17249740660190582,0.9959999918937683,0.47780001163482666
YNL314W,YJL018W,0,-6.434227,0.17246752977371216,0.9959999918937683,0.4778999984264374
YOR120W,YER069W,0,-6.4346085,0.1724376678466797,0.9959999918937683,0.4779999852180481
YOL082W,YMR188C,0,-6.436791,0.1724078208208084,0.9959999918937683,0.4781000018119812
YDR368W,YDR540C,0,-6.4371924,0.17237798869609833,0.9959999918937683,0.4781999886035919
YGR048W,YNR018W,0,-6.438289,0.17234815657138824,0.9959999918937683,0.478300005197525
YNL051W,YFR010W,0,-6.439781,0.17231833934783936,0.9959999918937683,0.47839999198913574
YOR178C,YDR370C,0,-6.4402394,0.17228853702545166,0.9959999918937683,0.47850000858306885
YKR070W,YLR288C,0,-6.440367,0.17225873470306396,0.9959999918937683,0.47859999537467957
YLR253W,YEL049W,0,-6.441175,0.17222894728183746,0.9959999918937683,0.47870001196861267
YLL028W,YMR116C,0,-6.4418197,0.17219917476177216,0.9959999918937683,0.4787999987602234
YLR086W,YNL333W,0,-6.4418883,0.17216940224170685,0.9959999918937683,0.4788999855518341
YPR132W,YMR070W,0,-6.441975,0.17213964462280273,0.9959999918937683,0.4790000021457672
YOR317W,YMR133W,0,-6.443397,0.17210990190505981,0.9959999918937683,0.47909998893737793
YOR190W,YBR110W,0,-6.4447603,0.1720801591873169,0.9959999918937683,0.47920000553131104
YHR204W,YMR120C,0,-6.4449725,0.17205044627189636,0.9959999918937683,0.47929999232292175
YDR217C,YIL166C,0,-6.445127,0.17202071845531464,0.9959999918937683,0.47940000891685486
YER182W,YPR114W,0,-6.446507,0.1719910204410553,0.9959999918937683,0.4794999957084656
YFR030W,YFL034C-B,0,-6.44791,0.17196132242679596,0.9959999918937683,0.4796000123023987
YPR196W,YJL148W,0,-6.4489546,0.17193163931369781,0.9959999918937683,0.4796999990940094
YLR086W,YBR241C,0,-6.449001,0.17190197110176086,0.9959999918937683,0.4797999858856201
YGL226W,YPR103W,0,-6.4500365,0.1718723028898239,0.9959999918937683,0.4799000024795532
YOR211C,YNR020C,0,-6.450332,0.17184264957904816,0.9959999918937683,0.47999998927116394
YML029W,YLR150W,0,-6.451034,0.1718130111694336,0.9959999918937683,0.48010000586509705
YMR039C,YLR446W,0,-6.4528522,0.17178337275981903,0.9959999918937683,0.48019999265670776
YCL020W,YJL062W,0,-6.4528866,0.17175374925136566,0.9959999918937683,0.48030000925064087
YDR066C,YDR288W,0,-6.453125,0.1717241406440735,0.9959999918937683,0.4803999960422516
YLR451W,YHR029C,0,-6.453775,0.1716945320367813,0.9959999918937683,0.4805000126361847
YIL062C,YIR004W,0,-6.4540167,0.17166493833065033,0.9959999918937683,0.4805999994277954
YDR447C,YGR175C,0,-6.4554296,0.17163535952568054,0.9959999918937683,0.48069998621940613
YBR228W,YDR138W,0,-6.4556966,0.17160579562187195,0.9959999918937683,0.48080000281333923
YFL039C,YLR292C,0,-6.455994,0.17157623171806335,0.9959999918937683,0.48089998960494995
YGR168C,YOR140W,0,-6.457817,0.17154668271541595,0.9959999918937683,0.48100000619888306
YBR108W,YGL054C,0,-6.458013,0.17151713371276855,0.9959999918937683,0.4810999929904938
YNL301C,YLR370C,0,-6.458297,0.17148759961128235,0.9959999918937683,0.4812000095844269
YKL130C,YEL037C,0,-6.45872,0.17145808041095734,0.9959999918937683,0.4812999963760376
YML042W,YGR191W,0,-6.459821,0.17142857611179352,0.9959999918937683,0.4814000129699707
YGR202C,YLR109W,0,-6.4607906,0.1713990718126297,0.9959999918937683,0.4814999997615814
YMR133W,YBR179C,0,-6.4608936,0.17136958241462708,0.9959999918937683,0.48159998655319214
YML099C,YIL062C,0,-6.4622207,0.17134009301662445,0.9959999918937683,0.48170000314712524
YBR253W,YJR065C,0,-6.4627557,0.1713106334209442,0.9959999918937683,0.48179998993873596
YEL054C,YER066W,0,-6.463054,0.17128117382526398,0.9959999918937683,0.48190000653266907
YJR125C,YNR075W,0,-6.4637094,0.17125171422958374,0.9959999918937683,0.4819999933242798
YOR144C,YOR152C,0,-6.4646926,0.1712222844362259,0.9959999918937683,0.4821000099182129
YKR043C,YNR045W,0,-6.465152,0.17119285464286804,0.9959999918937683,0.4821999967098236
YOR211C,YPL141C,0,-6.465553,0.1711634248495102,0.9959999918937683,0.4823000133037567
YNR003C,YMR111C,0,-6.4657226,0.17113402485847473,0.9959999918937683,0.48240000009536743
YPR094W,YPL011C,0,-6.4663215,0.17110462486743927,0.9959999918937683,0.48249998688697815
YFL008W,YJL012C-A,0,-6.4664774,0.1710752248764038,0.9959999918937683,0.48260000348091125
YGR169C,YDL114W,0,-6.466764,0.17104585468769073,0.9959999918937683,0.482699990272522
YPL150W,YKL155C,0,-6.4674764,0.17101648449897766,0.9959999918937683,0.4828000068664551
YJL012C-A,YJL197W,0,-6.467959,0.17098712921142578,0.9959999918937683,0.4828999936580658
YJR104C,YJR124C,0,-6.469032,0.1709577739238739,0.9959999918937683,0.4830000102519989
YHR160C,YBL107C,0,-6.4693236,0.17092843353748322,0.9959999918937683,0.4830999970436096
YNL139C,YJL158C,0,-6.469427,0.17089910805225372,0.9959999918937683,0.4832000136375427
YPL058C,YDL236W,0,-6.469752,0.17086978256702423,0.9959999918937683,0.48330000042915344
YGR187C,YCR094W,0,-6.4700713,0.17084048688411713,0.9959999918937683,0.48339998722076416
YOR026W,YBR246W,0,-6.4710455,0.17081117630004883,0.9959999918937683,0.48350000381469727
YOR131C,YGR061C,0,-6.471313,0.17078189551830292,0.9959999918937683,0.483599990606308
YOR254C,YAL017W,0,-6.4731154,0.170752614736557,0.9959999918937683,0.4837000072002411
YNL275W,YLR426W,0,-6.473244,0.1707233488559723,0.9959999918937683,0.4837999939918518
YMR325W,YJR043C,0,-6.4745736,0.17069408297538757,0.9959999918937683,0.4839000105857849
YOR071C,YIL159W,0,-6.475408,0.17066483199596405,0.9959999918937683,0.48399999737739563
YMR292W,YML131W,0,-6.4760537,0.17063559591770172,0.9959999918937683,0.48410001397132874
YJL131C,YPL248C,0,-6.4761367,0.17060637474060059,0.9959999918937683,0.48420000076293945
YKR077W,YGL039W,0,-6.476586,0.17057715356349945,0.9959999918937683,0.48429998755455017
YPL178W,YKR008W,0,-6.47811,0.1705479472875595,0.9959999918937683,0.4844000041484833
YAR050W,YGR175C,0,-6.4790726,0.17051874101161957,0.9959999918937683,0.484499990940094
YNL271C,YMR124W,0,-6.479092,0.17048956453800201,0.9959999918937683,0.4846000075340271
YMR292W,YER057C,0,-6.4796834,0.17046037316322327,0.9959999918937683,0.4846999943256378
YJL200C,YER061C,0,-6.480337,0.1704312115907669,0.9959999918937683,0.4848000109195709
YGR062C,YBR060C,0,-6.481176,0.17040205001831055,0.9959999918937683,0.48489999771118164
YOL045W,YJL061W,0,-6.482165,0.17037290334701538,0.9959999918937683,0.48500001430511475
YPR094W,YBR212W,0,-6.482304,0.1703437715768814,0.9959999918937683,0.48510000109672546
YOR380W,YAL003W,0,-6.4831414,0.17031463980674744,0.9959999918937683,0.4851999878883362
YJR096W,YOR038C,0,-6.483383,0.17028552293777466,0.9959999918937683,0.4853000044822693
YDR489W,YGR053C,0,-6.4834604,0.17025640606880188,0.9959999918937683,0.48539999127388
YAL064W-B,YDR493W,0,-6.483944,0.1702273190021515,0.9959999918937683,0.4855000078678131
YHR047C,YAL047C,0,-6.4845295,0.1701982170343399,0.9959999918937683,0.48559999465942383
YBR019C,YLR394W,0,-6.4852576,0.1701691448688507,0.9959999918937683,0.48570001125335693
YLR077W,YLR103C,0,-6.4852643,0.1701400727033615,0.9959999918937683,0.48579999804496765
YOL027C,YDR447C,0,-6.486226,0.1701110154390335,0.9959999918937683,0.48590001463890076
YER153C,YLL052C,0,-6.486444,0.1700819730758667,0.9959999918937683,0.4860000014305115
YOR011W,YMR196W,0,-6.4866543,0.1700529307126999,0.9959999918937683,0.4860999882221222
YKL006C-A,YLR383W,0,-6.4870615,0.17002390325069427,0.9959999918937683,0.4862000048160553
YER016W,YKR044W,0,-6.4872575,0.16999487578868866,0.9959999918937683,0.486299991607666
YBR083W,YOR003W,0,-6.4878488,0.16996586322784424,0.9959999918937683,0.4864000082015991
YOR131C,YGR074W,0,-6.489001,0.169936865568161,0.9959999918937683,0.48649999499320984
YIR003W,YCR007C,0,-6.4892507,0.16990788280963898,0.9959999918937683,0.48660001158714294
YBL061C,YKL127W,0,-6.4896455,0.16987890005111694,0.9959999918937683,0.48669999837875366
YKR016W,YBR130C,0,-6.489871,0.1698499321937561,0.9959999918937683,0.4867999851703644
YBR289W,YGL170C,0,-6.4902825,0.16982097923755646,0.9959999918937683,0.4869000017642975
YJL173C,YDR296W,0,-6.4903426,0.1697920262813568,0.9959999918937683,0.4869999885559082
YEL070W,YDL212W,0,-6.490463,0.16976308822631836,0.9959999918937683,0.4871000051498413
YJL049W,YJL133W,0,-6.490486,0.1697341501712799,0.9959999918937683,0.487199991941452
YLR359W,YJR053W,0,-6.4915385,0.16970522701740265,0.9959999918937683,0.48730000853538513
YJR155W,YEL048C,0,-6.4917936,0.16967631876468658,0.9959999918937683,0.48739999532699585
YPL041C,YGR278W,0,-6.492887,0.1696474254131317,0.9959999918937683,0.48750001192092896
YGL040C,YDL112W,0,-6.4929614,0.16961853206157684,0.9959999918937683,0.4875999987125397
YNL307C,YNL318C,0,-6.49373,0.16958965361118317,0.9959999918937683,0.4876999855041504
YER103W,YGL148W,0,-6.493914,0.1695607751607895,0.9959999918937683,0.4878000020980835
YGR109C,YIR018W,0,-6.49406,0.169531911611557,0.9959999918937683,0.4878999888896942
YDL229W,YMR006C,0,-6.4947925,0.16950306296348572,0.9959999918937683,0.4880000054836273
YLR413W,YML078W,0,-6.495896,0.16947421431541443,0.9959999918937683,0.48809999227523804
YOL151W,YNL010W,0,-6.496612,0.16944539546966553,0.9959999918937683,0.48820000886917114
YGR071C,YLR330W,0,-6.496816,0.16941656172275543,0.9959999918937683,0.48829999566078186
YCR015C,YIR038C,0,-6.496941,0.16938775777816772,0.9959999918937683,0.48840001225471497
YPL159C,YML024W,0,-6.497931,0.16935895383358002,0.9959999918937683,0.4884999990463257
YIR034C,YDR197W,0,-6.4988494,0.1693301647901535,0.9959999918937683,0.4885999858379364
YEL030W,YOR043W,0,-6.4991155,0.169301375746727,0.9959999918937683,0.4887000024318695
YHR204W,YIL170W,0,-6.4991984,0.16927260160446167,0.9959999918937683,0.4887999892234802
YBR264C,YER190W,0,-6.499372,0.16924384236335754,0.9959999918937683,0.48890000581741333
YML036W,YHR198C,0,-6.5013556,0.16921508312225342,0.9959999918937683,0.48899999260902405
YKL171W,YBR180W,0,-6.501721,0.16918633878231049,0.9959999918937683,0.48910000920295715
YDR240C,YFR013W,0,-6.503781,0.16915760934352875,0.9959999918937683,0.48919999599456787
YKL224C,YOR298C-A,0,-6.5055084,0.169128879904747,0.9959999918937683,0.489300012588501
YNR061C,YOR039W,0,-6.5060787,0.16910016536712646,0.9959999918937683,0.4893999993801117
YLR120C,YOL013C,0,-6.508161,0.16907146573066711,0.9959999918937683,0.4894999861717224
YKR075C,YIR023W,0,-6.5086446,0.16904276609420776,0.9959999918937683,0.4896000027656555
YGL092W,YCL047C,0,-6.508945,0.1690140813589096,0.9959999918937683,0.48969998955726624
YJL041W,YMR006C,0,-6.5110917,0.16898541152477264,0.9959999918937683,0.48980000615119934
YLR291C,YDR115W,0,-6.511227,0.16895674169063568,0.9959999918937683,0.48989999294281006
YJL130C,YDR130C,0,-6.511667,0.1689280867576599,0.9959999918937683,0.49000000953674316
YOR285W,YDR116C,0,-6.512503,0.16889944672584534,0.9959999918937683,0.4900999963283539
YJL171C,YML068W,0,-6.5127897,0.16887080669403076,0.9959999918937683,0.490200012922287
YLR466W,YMR061W,0,-6.514911,0.16884218156337738,0.9959999918937683,0.4902999997138977
YKL073W,YLR278C,0,-6.5150137,0.168813556432724,0.9959999918937683,0.4903999865055084
YGL001C,YBL092W,0,-6.5152,0.1687849462032318,0.9959999918937683,0.49050000309944153
YLR059C,YLR247C,0,-6.517079,0.16875635087490082,0.9959999918937683,0.49059998989105225
YLR114C,YCL005W-A,0,-6.517387,0.16872777044773102,0.9959999918937683,0.49070000648498535
YLL054C,YOL123W,0,-6.517466,0.16869919002056122,0.9959999918937683,0.49079999327659607
YDR194C,YLR107W,0,-6.518856,0.1686706244945526,0.9959999918937683,0.4909000098705292
YER151C,YPR001W,0,-6.518866,0.168642058968544,0.9959999918937683,0.4909999966621399
YJL138C,YPL234C,0,-6.5198417,0.1686135083436966,0.9959999918937683,0.491100013256073
YGL169W,YER035W,0,-6.5200667,0.16858497262001038,0.9959999918937683,0.4912000000476837
YLR201C,YER013W,0,-6.5203853,0.16855643689632416,0.9959999918937683,0.49129998683929443
YPL128C,YDR076W,0,-6.52039,0.16852791607379913,0.9959999918937683,0.49140000343322754
YGR264C,YNL217W,0,-6.5224605,0.1684994101524353,0.9959999918937683,0.49149999022483826
YFL041W,YKR075C,0,-6.5226254,0.16847090423107147,0.9959999918937683,0.49160000681877136
YDR374C,YML131W,0,-6.5227017,0.16844241321086884,0.9959999918937683,0.4916999936103821
YCL037C,YGR006W,0,-6.523407,0.1684139370918274,0.9959999918937683,0.4918000102043152
YOR388C,YPL074W,0,-6.5241227,0.16838546097278595,0.9959999918937683,0.4918999969959259
YNL176C,YOL041C,0,-6.524982,0.1683569997549057,0.9959999918937683,0.492000013589859
YOR267C,YER007C-A,0,-6.5251336,0.16832853853702545,0.9959999918937683,0.4921000003814697
YHR204W,YBL056W,0,-6.525186,0.1683001071214676,0.9959999918937683,0.49219998717308044
YLR044C,YOR274W,0,-6.5260997,0.16827166080474854,0.9959999918937683,0.49230000376701355
YDR477W,YKL192C,0,-6.5266814,0.16824324429035187,0.9959999918937683,0.49239999055862427
YBR018C,YPL194W,0,-6.5267587,0.1682148277759552,0.9959999918937683,0.4925000071525574
YOR026W,YMR104C,0,-6.526972,0.16818642616271973,0.9959999918937683,0.4925999939441681
YLR114C,YBR017C,0,-6.528927,0.16815802454948425,0.9959999918937683,0.4927000105381012
YGL255W,YNR049C,0,-6.5301085,0.16812963783740997,0.9959999918937683,0.4927999973297119
YHR041C,YDL098C,0,-6.5311694,0.1681012660264969,0.9959999918937683,0.492900013923645
YAR028W,YOR157C,0,-6.531448,0.1680728942155838,0.9959999918937683,0.49300000071525574
YHR116W,YOR362C,0,-6.532389,0.1680445373058319,0.9959999918937683,0.49309998750686646
YHR023W,YGL064C,0,-6.5334854,0.1680161952972412,0.9959999918937683,0.49320000410079956
YLR336C,YIL119C,0,-6.5342445,0.1679878532886505,0.9959999918937683,0.4932999908924103
YLR118C,YHR205W,0,-6.5343947,0.167959526181221,0.9959999918937683,0.4934000074863434
YLR040C,YIL104C,0,-6.5355697,0.1679312139749527,0.9959999918937683,0.4934999942779541
YGL014W,YJR126C,0,-6.5362306,0.1679029017686844,0.9959999918937683,0.4936000108718872
YGL047W,YOR049C,0,-6.536628,0.16787460446357727,0.9959999918937683,0.4936999976634979
YML046W,YCR086W,0,-6.5367475,0.16784630715847015,0.9959999918937683,0.49380001425743103
YLL021W,YIL107C,0,-6.537116,0.16781802475452423,0.9959999918937683,0.49390000104904175
YHL022C,YLL013C,0,-6.538026,0.1677897572517395,0.9959999918937683,0.49399998784065247
YDL139C,YDR487C,0,-6.539664,0.16776148974895477,0.9959999918937683,0.49410000443458557
YPL154C,YJL222W,0,-6.539805,0.16773323714733124,0.9959999918937683,0.4941999912261963
YNL046W,YHR136C,0,-6.540176,0.1677049994468689,0.9959999918937683,0.4943000078201294
YLR387C,YLR092W,0,-6.5414724,0.16767676174640656,0.9959999918937683,0.4943999946117401
YOR361C,YDR213W,0,-6.5416536,0.1676485389471054,0.9959999918937683,0.4945000112056732
YPL150W,YOL039W,0,-6.5424933,0.16762033104896545,0.9959999918937683,0.49459999799728394
YNL274C,YOL033W,0,-6.542704,0.1675921231508255,0.9959999918937683,0.49470001459121704
YEL013W,YML116W,0,-6.5432897,0.16756393015384674,0.9959999918937683,0.49480000138282776
YGR113W,YHR175W,0,-6.543698,0.16753573715686798,0.9959999918937683,0.4948999881744385
YDR382W,YMR203W,0,-6.5445776,0.1675075739622116,0.9959999918937683,0.4950000047683716
YIR004W,YER110C,0,-6.545176,0.16747939586639404,0.9959999918937683,0.4950999915599823
YBR235W,YOL132W,0,-6.54635,0.16745124757289886,0.9959999918937683,0.4952000081539154
YOR332W,YDR222W,0,-6.546552,0.1674230992794037,0.9959999918937683,0.4952999949455261
YMR003W,YHL047C,0,-6.5465627,0.1673949509859085,0.9959999918937683,0.49540001153945923
YGR015C,YMR308C,0,-6.546864,0.16736683249473572,0.9959999918937683,0.49549999833106995
YPL115C,YJR009C,0,-6.546923,0.16733871400356293,0.9959999918937683,0.49559998512268066
YIL095W,YGL196W,0,-6.547127,0.16731059551239014,0.9959999918937683,0.49570000171661377
YER040W,YPR027C,0,-6.5480413,0.16728249192237854,0.9959999918937683,0.4957999885082245
YPR132W,YOR356W,0,-6.5484953,0.16725440323352814,0.9959999918937683,0.4959000051021576
YJL099W,YLR425W,0,-6.5487385,0.16722632944583893,0.9959999918937683,0.4959999918937683
YDR216W,YBR180W,0,-6.549026,0.16719825565814972,0.9959999918937683,0.4961000084877014
YDR279W,YGR059W,0,-6.549042,0.1671701967716217,0.9959999918937683,0.49619999527931213
YNL069C,YKR071C,0,-6.549303,0.1671421378850937,0.9959999918937683,0.49630001187324524
YLR021W,YER007C-A,0,-6.55016,0.16711409389972687,0.9959999918937683,0.49639999866485596
YKL056C,YKL088W,0,-6.550204,0.16708606481552124,0.9959999918937683,0.4964999854564667
YGR108W,YPL066W,0,-6.5513263,0.1670580357313156,0.9959999918937683,0.4966000020503998
YBR023C,YPR083W,0,-6.5516257,0.16703002154827118,0.9959999918937683,0.4966999888420105
YBR254C,YEL050C,0,-6.5517335,0.16700200736522675,0.9959999918937683,0.4968000054359436
YGL097W,YFL047W,0,-6.5521703,0.1669740080833435,0.9959999918937683,0.4968999922275543
YER086W,YIL165C,0,-6.5523996,0.16694602370262146,0.9959999918937683,0.4970000088214874
YDR077W,YFR006W,0,-6.552697,0.1669180542230606,0.9959999918937683,0.49709999561309814
YMR114C,YLL018C,0,-6.5533423,0.16689008474349976,0.9959999918937683,0.49720001220703125
YFR037C,YNL031C,0,-6.553354,0.1668621152639389,0.9959999918937683,0.49729999899864197
YNL271C,YMR258C,0,-6.5557075,0.16683417558670044,0.9959999918937683,0.4973999857902527
YPL171C,YOR130C,0,-6.5562415,0.16680623590946198,0.9959999918937683,0.4975000023841858
YPL159C,YOR230W,0,-6.557239,0.1667782962322235,0.9959999918937683,0.4975999891757965
YHL008C,YMR029C,0,-6.5584884,0.16675037145614624,0.9959999918937683,0.4977000057697296
YLR058C,YDL087C,0,-6.559413,0.16672246158123016,0.9959999918937683,0.49779999256134033
YJL029C,YCR065W,0,-6.5614595,0.16669456660747528,0.9959999918937683,0.49790000915527344
YOR271C,YMR005W,0,-6.563066,0.1666666716337204,0.9959999918937683,0.49799999594688416
YNL307C,YJL105W,0,-6.5639873,0.16663877665996552,0.9959999918937683,0.49810001254081726
YHR170W,YNL180C,0,-6.564242,0.16661091148853302,0.9959999918937683,0.498199999332428
YHL024W,YML025C,0,-6.5642543,0.16658304631710052,0.9959999918937683,0.4982999861240387
YBR164C,YLR105C,0,-6.5662,0.16655518114566803,0.9959999918937683,0.4984000027179718
YGL160W,YNL260C,0,-6.566726,0.16652733087539673,0.9959999918937683,0.4984999895095825
YCR015C,YJL065C,0,-6.566857,0.16649949550628662,0.9959999918937683,0.4986000061035156
YGL179C,YDL246C,0,-6.5669565,0.1664716750383377,0.9959999918937683,0.49869999289512634
YMR315W,YMR033W,0,-6.569996,0.1664438545703888,0.9959999918937683,0.49880000948905945
YER161C,YDR169C,0,-6.5705447,0.16641603410243988,0.9959999918937683,0.49889999628067017
YOR322C,YPL259C,0,-6.572248,0.16638824343681335,0.9959999918937683,0.49900001287460327
YKR061W,YLR335W,0,-6.573116,0.16636045277118683,0.9959999918937683,0.499099999666214
YNL138W,YKR020W,0,-6.5734286,0.1663326621055603,0.9959999918937683,0.4991999864578247
YDR178W,YOL069W,0,-6.5738983,0.16630488634109497,0.9959999918937683,0.4993000030517578
YOL008W,YPL137C,0,-6.5742784,0.16627712547779083,0.9959999918937683,0.49939998984336853
YOR330C,YKL065C,0,-6.574762,0.1662493795156479,0.9959999918937683,0.49950000643730164
YKL194C,YOR298C-A,0,-6.5765896,0.16622163355350494,0.9959999918937683,0.49959999322891235
YML051W,YOR237W,0,-6.577825,0.166193887591362,0.9959999918937683,0.49970000982284546
YOR212W,YKL126W,0,-6.5786924,0.16616617143154144,0.9959999918937683,0.4997999966144562
YHR176W,YML082W,0,-6.5794773,0.1661384552717209,0.9959999918937683,0.4999000132083893
YDR072C,YBL029C-A,0,-6.5805697,0.16611073911190033,0.9959999918937683,0.5
YNL064C,YCL045C,0,-6.5805798,0.16608303785324097,0.9959999918937683,0.5001000165939331
YJL085W,YDL237W,0,-6.581301,0.1660553514957428,0.9959999918937683,0.5001999735832214
YGR185C,YKL137W,0,-6.5816474,0.16602766513824463,0.9959999918937683,0.5002999901771545
YPR004C,YMR284W,0,-6.581967,0.16599999368190765,0.9959999918937683,0.5004000067710876
YLR117C,YOR237W,0,-6.5820575,0.16597233712673187,0.9959999918937683,0.5005000233650208
YHR019C,YPR166C,0,-6.583114,0.1659446805715561,0.9959999918937683,0.5005999803543091
YER102W,YMR105C,0,-6.585335,0.1659170389175415,0.9959999918937683,0.5006999969482422
YMR056C,YER151C,0,-6.5859056,0.1658894121646881,0.9959999918937683,0.5008000135421753
YOL152W,YIR023W,0,-6.586559,0.16586178541183472,0.9959999918937683,0.5008999705314636
YHR204W,YBR283C,0,-6.586723,0.16583415865898132,0.9959999918937683,0.5009999871253967
YBR179C,YBL035C,0,-6.586763,0.16580656170845032,0.9959999918937683,0.5011000037193298
YLR058C,YJL129C,0,-6.587181,0.1657789647579193,0.9959999918937683,0.5012000203132629
YJR135W-A,YKL013C,0,-6.587216,0.1657513678073883,0.9959999918937683,0.5012999773025513
YOL023W,YJL206C,0,-6.5875707,0.1657238006591797,0.9959999918937683,0.5013999938964844
YGR183C,YDR381W,0,-6.5878243,0.16569621860980988,0.9959999918937683,0.5015000104904175
YGL224C,YCL058C,0,-6.5885425,0.16566866636276245,0.9959999918937683,0.5016000270843506
YIL079C,YJR006W,0,-6.589655,0.16564111411571503,0.9959999918937683,0.5016999840736389
YLR297W,YER011W,0,-6.5901685,0.1656135618686676,0.9959999918937683,0.501800000667572
YBR158W,YJR119C,0,-6.590302,0.16558603942394257,0.9959999918937683,0.5019000172615051
YLL028W,YOR341W,0,-6.5911226,0.16555851697921753,0.9959999918937683,0.5019999742507935
YBR059C,YLR137W,0,-6.591208,0.1655309945344925,0.9959999918937683,0.5020999908447266
YMR079W,YGR043C,0,-6.5923133,0.16550348699092865,0.9959999918937683,0.5022000074386597
YNL024C,YDR009W,0,-6.592689,0.165475994348526,0.9959999918937683,0.5023000240325928
YGL226C-A,YFR018C,0,-6.593285,0.16544850170612335,0.9959999918937683,0.5023999810218811
YOR303W,YGL261C,0,-6.5933685,0.1654210239648819,0.9959999918937683,0.5024999976158142
YGL186C,YKR095W,0,-6.5933733,0.16539356112480164,0.9959999918937683,0.5026000142097473
YKL187C,YEL048C,0,-6.593677,0.16536609828472137,0.9959999918937683,0.5026999711990356
YBR038W,YPL150W,0,-6.5937605,0.1653386503458023,0.9959999918937683,0.5027999877929688
YKL164C,YPL017C,0,-6.593817,0.16531120240688324,0.9959999918937683,0.5029000043869019
YPL062W,YMR230W,0,-6.594052,0.16528376936912537,0.9959999918937683,0.503000020980835
YGL139W,YDL019C,0,-6.594898,0.1652563512325287,0.9959999918937683,0.5030999779701233
YNR067C,YER177W,0,-6.596458,0.165228933095932,0.9959999918937683,0.5031999945640564
YIL064W,YDR436W,0,-6.59672,0.16520152986049652,0.9959999918937683,0.5033000111579895
YGR188C,YGR266W,0,-6.597155,0.16517412662506104,0.9959999918937683,0.5034000277519226
YNL216W,YNL040W,0,-6.5974565,0.16514673829078674,0.9959999918937683,0.5034999847412109
YLR133W,YDR016C,0,-6.597468,0.16511936485767365,0.9959999918937683,0.503600001335144
YNL331C,YKL027W,0,-6.5976977,0.16509199142456055,0.9959999918937683,0.5037000179290771
YNR003C,YNL328C,0,-6.5992575,0.16506463289260864,0.9959999918937683,0.5037999749183655
YER035W,YBR068C,0,-6.599352,0.16503728926181793,0.9959999918937683,0.5038999915122986
YMR023C,YHR185C,0,-6.5995317,0.16500994563102722,0.9959999918937683,0.5040000081062317
YLR356W,YDR370C,0,-6.5997996,0.1649826020002365,0.9959999918937683,0.5041000247001648
YGR217W,YPL089C,0,-6.600059,0.1649552881717682,0.9959999918937683,0.5041999816894531
YCR047C,YAL061W,0,-6.6001635,0.16492797434329987,0.9959999918937683,0.5042999982833862
YHL021C,YOL133W,0,-6.6003776,0.16490066051483154,0.9959999918937683,0.5044000148773193
YIL044C,YIR026C,0,-6.6005874,0.16487336158752441,0.9959999918937683,0.5044999718666077
YEL068C,YOR228C,0,-6.600858,0.16484607756137848,0.9959999918937683,0.5045999884605408
YMR086W,YGL189C,0,-6.6010094,0.16481879353523254,0.9959999918937683,0.5047000050544739
YOL165C,YMR127C,0,-6.6021523,0.1647915244102478,0.9959999918937683,0.504800021648407
YIL095W,YMR284W,0,-6.6025844,0.16476427018642426,0.9959999918937683,0.5048999786376953
YOR207C,YGL113W,0,-6.6027517,0.1647370159626007,0.9959999918937683,0.5049999952316284
YKR080W,YGL256W,0,-6.602852,0.16470977663993835,0.9959999918937683,0.5051000118255615
YBR143C,YGL167C,0,-6.6045585,0.164682537317276,0.9959999918937683,0.5052000284194946
YBR279W,YEL049W,0,-6.6049457,0.16465531289577484,0.9959999918937683,0.505299985408783
YAL008W,YDL117W,0,-6.605412,0.16462810337543488,0.9959999918937683,0.5054000020027161
YLR178C,YPR162C,0,-6.605999,0.1646008938550949,0.9959999918937683,0.5055000185966492
YLR194C,YDR351W,0,-6.60605,0.16457369923591614,0.9959999918937683,0.5055999755859375
YOL065C,YML043C,0,-6.6061864,0.16454650461673737,0.9959999918937683,0.5056999921798706
YML092C,YDR126W,0,-6.606777,0.1645193248987198,0.9959999918937683,0.5058000087738037
YLL002W,YDR383C,0,-6.6069617,0.1644921600818634,0.9959999918937683,0.5059000253677368
YCL057W,YNL102W,0,-6.607001,0.16446499526500702,0.9959999918937683,0.5059999823570251
YNL153C,YGL185C,0,-6.607557,0.16443784534931183,0.9959999918937683,0.5060999989509583
YMR321C,YGL063W,0,-6.607825,0.16441069543361664,0.9959999918937683,0.5062000155448914
YBL082C,YPL259C,0,-6.608703,0.16438356041908264,0.9959999918937683,0.5062999725341797
YNL272C,YBR088C,0,-6.6087456,0.16435644030570984,0.9959999918937683,0.5063999891281128
YFR050C,YIL133C,0,-6.6090655,0.16432932019233704,0.9959999918937683,0.5065000057220459
YPR132W,YOR171C,0,-6.609368,0.16430221498012543,0.9959999918937683,0.506600022315979
YLR360W,YDR343C,0,-6.6107783,0.16427510976791382,0.9959999918937683,0.5066999793052673
YLL057C,YDR138W,0,-6.612558,0.1642480194568634,0.9959999918937683,0.5067999958992004
YBR009C,YLR011W,0,-6.612603,0.16422094404697418,0.9959999918937683,0.5069000124931335
YKL198C,YJR067C,0,-6.613381,0.16419386863708496,0.9959999918937683,0.5070000290870667
YLR114C,YML110C,0,-6.6135154,0.16416680812835693,0.9959999918937683,0.507099986076355
YJL057C,YHR052W,0,-6.6147757,0.1641397476196289,0.9959999918937683,0.5072000026702881
YOR271C,YBR282W,0,-6.6169076,0.16411270201206207,0.9959999918937683,0.5073000192642212
YGL203C,YDR349C,0,-6.6188436,0.16408567130565643,0.9959999918937683,0.5073999762535095
YLR301W,YGL190C,0,-6.620331,0.1640586405992508,0.9959999918937683,0.5074999928474426
YER078C,YNL054W,0,-6.6203313,0.16403162479400635,0.9959999918937683,0.5076000094413757
YMR193W,YGL195W,0,-6.6204195,0.1640046089887619,0.9959999918937683,0.5077000260353088
YGL026C,YJR091C,0,-6.6204247,0.16397760808467865,0.9959999918937683,0.5077999830245972
YKR052C,YNR046W,0,-6.620599,0.1639506220817566,0.9959999918937683,0.5078999996185303
YHR216W,YMR258C,0,-6.621469,0.16392363607883453,0.9959999918937683,0.5080000162124634
YGR274C,YJL177W,0,-6.621772,0.16389666497707367,0.9959999918937683,0.5080999732017517
YMR017W,YFL001W,0,-6.622367,0.1638696938753128,0.9959999918937683,0.5081999897956848
YJL085W,YJR016C,0,-6.6230264,0.16384273767471313,0.9959999918937683,0.5083000063896179
YNR031C,YLL052C,0,-6.6233354,0.16381579637527466,0.9959999918937683,0.508400022983551
YOL103W,YPL116W,0,-6.6241302,0.16378885507583618,0.9959999918937683,0.5084999799728394
YNL052W,YLL050C,0,-6.6242843,0.1637619137763977,0.9959999918937683,0.5085999965667725
YDL150W,YIR002C,0,-6.624612,0.16373500227928162,0.9959999918937683,0.5087000131607056
YDR194C,YOR060C,0,-6.625075,0.16370809078216553,0.9959999918937683,0.5088000297546387
YIL158W,YDR377W,0,-6.626517,0.16368117928504944,0.9959999918937683,0.508899986743927
YBR228W,YDR354W,0,-6.627648,0.16365428268909454,0.9959999918937683,0.5090000033378601
YGL104C,YML081C-A,0,-6.6292043,0.16362740099430084,0.9959999918937683,0.5091000199317932
YBR004C,YPR109W,0,-6.629694,0.16360051929950714,0.9959999918937683,0.5091999769210815
YBR235W,YGL255W,0,-6.6302533,0.16357365250587463,0.9959999918937683,0.5092999935150146
YOR196C,YDR425W,0,-6.630291,0.16354680061340332,0.9959999918937683,0.5094000101089478
YBR098W,YMR198W,0,-6.6305537,0.163519948720932,0.9959999918937683,0.5095000267028809
YPL066W,YMR080C,0,-6.631253,0.1634931117296219,0.9959999918937683,0.5095999836921692
YOR330C,YGL058W,0,-6.632072,0.16346627473831177,0.9959999918937683,0.5097000002861023
YDL113C,YKL125W,0,-6.632774,0.16343945264816284,0.9959999918937683,0.5098000168800354
YPL128C,YOL008W,0,-6.6333113,0.16341263055801392,0.9959999918937683,0.5098999738693237
YHR135C,YKL178C,0,-6.63355,0.16338582336902618,0.9959999918937683,0.5099999904632568
YNL335W,YGR135W,0,-6.6338067,0.16335903108119965,0.9959999918937683,0.5101000070571899
YJR112W,YDL241W,0,-6.6341786,0.1633322387933731,0.9959999918937683,0.510200023651123
YJR150C,YDL055C,0,-6.6346207,0.16330546140670776,0.9959999918937683,0.5102999806404114
YOR094W,YCL055W,0,-6.634726,0.16327868402004242,0.9959999918937683,0.5103999972343445
YDR418W,YCR017C,0,-6.6348467,0.16325192153453827,0.9959999918937683,0.5105000138282776
YML113W,YLR368W,0,-6.635631,0.1632251739501953,0.9959999918937683,0.5105999708175659
YJR060W,YDR076W,0,-6.635637,0.16319842636585236,0.9959999918937683,0.510699987411499
YKL161C,YDR030C,0,-6.6356473,0.1631716936826706,0.9959999918937683,0.5108000040054321
YKL164C,YPR157W,0,-6.635735,0.16314496099948883,0.9959999918937683,0.5109000205993652
YER001W,YPR180W,0,-6.636131,0.16311824321746826,0.9959999918937683,0.5109999775886536
YJL048C,YGL223C,0,-6.6368594,0.1630915403366089,0.9959999918937683,0.5110999941825867
YAL056W,YLR137W,0,-6.6377115,0.1630648374557495,0.9959999918937683,0.5112000107765198
YFL004W,YNR056C,0,-6.6380563,0.16303813457489014,0.9959999918937683,0.5113000273704529
YAR018C,YLR461W,0,-6.638185,0.16301146149635315,0.9959999918937683,0.5113999843597412
YHR177W,YGR063C,0,-6.638607,0.16298478841781616,0.9959999918937683,0.5115000009536743
YKR039W,YER064C,0,-6.63872,0.16295811533927917,0.9959999918937683,0.5116000175476074
YLL031C,YMR124W,0,-6.640992,0.16293145716190338,0.9959999918937683,0.5116999745368958
YMR277W,YBR212W,0,-6.64101,0.16290481388568878,0.9959999918937683,0.5117999911308289
YNL030W,YBL038W,0,-6.6411085,0.16287817060947418,0.9959999918937683,0.511900007724762
YPL166W,YOR341W,0,-6.6414647,0.16285154223442078,0.9959999918937683,0.5120000243186951
YDL091C,YOR018W,0,-6.6417117,0.16282491385936737,0.9959999918937683,0.5120999813079834
YNL200C,YBL084C,0,-6.6431193,0.16279830038547516,0.9959999918937683,0.5121999979019165
YML058W,YGR166W,0,-6.643252,0.16277170181274414,0.9959999918937683,0.5123000144958496
YOR244W,YJR047C,0,-6.644276,0.16274510324001312,0.9959999918937683,0.5123999714851379
YBR159W,YGR208W,0,-6.644726,0.1627185046672821,0.9959999918937683,0.512499988079071
YHR050W,YGL179C,0,-6.6452537,0.16269193589687347,0.9959999918937683,0.5126000046730042
YGL001C,YDR034W-B,0,-6.6456504,0.16266536712646484,0.9959999918937683,0.5127000212669373
YIL062C,YCR004C,0,-6.647443,0.1626387983560562,0.9959999918937683,0.5127999782562256
YKL133C,YNL288W,0,-6.647965,0.16261224448680878,0.9959999918937683,0.5128999948501587
YAL056W,YER131W,0,-6.648119,0.16258570551872253,0.9959999918937683,0.5130000114440918
YHR211W,YKL157W,0,-6.648497,0.1625591665506363,0.9959999918937683,0.5131000280380249
YPR198W,YDR049W,0,-6.6486535,0.16253264248371124,0.9959999918937683,0.5131999850273132
YGL157W,YKR093W,0,-6.6492906,0.1625061184167862,0.9959999918937683,0.5133000016212463
YGL210W-A,YHR028C,0,-6.6497135,0.16247960925102234,0.9959999918937683,0.5134000182151794
YFR052W,YOR159C,0,-6.650848,0.16245310008525848,0.9959999918937683,0.5134999752044678
YPL051W,YCR071C,0,-6.6508923,0.16242662072181702,0.9959999918937683,0.5135999917984009
YLR120C,YFL028C,0,-6.6515913,0.16240012645721436,0.9959999918937683,0.513700008392334
YJL153C,YFL026W,0,-6.6523986,0.16237366199493408,0.9959999918937683,0.5138000249862671
YPL283C,YDR178W,0,-6.6526117,0.16234718263149261,0.9959999918937683,0.5138999819755554
YFL048C,YDR444W,0,-6.654696,0.16232073307037354,0.9959999918937683,0.5139999985694885
YNL070W,YPR032W,0,-6.654803,0.16229428350925446,0.9959999918937683,0.5141000151634216
YFL035C-B,YJL203W,0,-6.655761,0.16226783394813538,0.9959999918937683,0.51419997215271
YLR004C,YMR116C,0,-6.6564345,0.16224141418933868,0.9959999918937683,0.5142999887466431
YGR233C,YKR044W,0,-6.6574187,0.1622149795293808,0.9959999918937683,0.5144000053405762
YGR092W,YDR165W,0,-6.6583285,0.1621885746717453,0.9959999918937683,0.5145000219345093
YDR352W,YOR085W,0,-6.6585135,0.1621621549129486,0.9959999918937683,0.5145999789237976
YJL212C,YBR299W,0,-6.658516,0.1621357649564743,0.9959999918937683,0.5146999955177307
YOR011W,YLR189C,0,-6.659871,0.162109375,0.9959999918937683,0.5148000121116638
YOR163W,YDR121W,0,-6.6600127,0.1620829999446869,0.9959999918937683,0.5149000287055969
YLR441C,YNR041C,0,-6.661084,0.16205662488937378,0.9959999918937683,0.5149999856948853
YGR277C,YDR477W,0,-6.661163,0.16203026473522186,0.9959999918937683,0.5151000022888184
YDR378C,YLR370C,0,-6.661363,0.16200390458106995,0.9959999918937683,0.5152000188827515
YMR224C,YHR143W,0,-6.6616025,0.16197755932807922,0.9959999918937683,0.5152999758720398
YBR245C,YBL003C,0,-6.6617413,0.1619512140750885,0.9959999918937683,0.5153999924659729
YJL140W,YDL226C,0,-6.662438,0.16192488372325897,0.9959999918937683,0.515500009059906
YLR410W,YBR089C-A,0,-6.663051,0.16189856827259064,0.9959999918937683,0.5156000256538391
YPR145W,YNR013C,0,-6.664557,0.1618722528219223,0.9959999918937683,0.5156999826431274
YJL046W,YDL056W,0,-6.6646423,0.16184595227241516,0.9959999918937683,0.5157999992370605
YJR124C,YMR026C,0,-6.664834,0.16181965172290802,0.9959999918937683,0.5159000158309937
YJR061W,YOR380W,0,-6.6650066,0.16179336607456207,0.9959999918937683,0.515999972820282
YNL317W,YGL021W,0,-6.6656375,0.16176709532737732,0.9959999918937683,0.5160999894142151
YML132W,YOR396W,0,-6.6657643,0.16174082458019257,0.9959999918937683,0.5162000060081482
YDR119W,YLR425W,0,-6.6658363,0.161714568734169,0.9959999918937683,0.5163000226020813
YPL016W,YJR118C,0,-6.6667113,0.16168831288814545,0.9959999918937683,0.5163999795913696
YGR166W,YJL158C,0,-6.6679645,0.16166207194328308,0.9959999918937683,0.5164999961853027
YLR142W,YMR251W-A,0,-6.667985,0.16163583099842072,0.9959999918937683,0.5166000127792358
YKR095W,YJR107W,0,-6.6682105,0.16160960495471954,0.9959999918937683,0.516700029373169
YGL228W,YMR232W,0,-6.66831,0.16158339381217957,0.9959999918937683,0.5167999863624573
YGR123C,YDR082W,0,-6.668922,0.1615571826696396,0.9959999918937683,0.5169000029563904
YOR223W,YLR367W,0,-6.6695538,0.1615309715270996,0.9959999918937683,0.5170000195503235
YCL067C,YLR314C,0,-6.669688,0.16150479018688202,0.9959999918937683,0.5170999765396118
YBL104C,YOL141W,0,-6.669804,0.16147859394550323,0.9959999918937683,0.5171999931335449
YER103W,YLL013C,0,-6.673017,0.16145242750644684,0.9959999918937683,0.517300009727478
YPR019W,YJR103W,0,-6.6732802,0.16142626106739044,0.9959999918937683,0.5174000263214111
YKL196C,YDL036C,0,-6.6735244,0.16140009462833405,0.9959999918937683,0.5174999833106995
YGL205W,YGL099W,0,-6.6738777,0.16137394309043884,0.9959999918937683,0.5175999999046326
YNL069C,YIL162W,0,-6.6739554,0.16134780645370483,0.9959999918937683,0.5177000164985657
YIL149C,YLR064W,0,-6.674231,0.16132166981697083,0.9959999918937683,0.517799973487854
YDR033W,YDR141C,0,-6.674352,0.161295548081398,0.9959999918937683,0.5178999900817871
YPL064C,YEL018W,0,-6.6746707,0.1612694263458252,0.9959999918937683,0.5180000066757202
YJR138W,YDR049W,0,-6.676377,0.16124331951141357,0.9959999918937683,0.5181000232696533
YIL053W,YHR202W,0,-6.676928,0.16121722757816315,0.9959999918937683,0.5181999802589417
YPL253C,YGR016W,0,-6.677774,0.16119113564491272,0.9959999918937683,0.5182999968528748
YGR233C,YNR036C,0,-6.677897,0.1611650437116623,0.9959999918937683,0.5184000134468079
YLR268W,YMR201C,0,-6.677897,0.16113898158073425,0.9959999918937683,0.5184999704360962
YFL059W,YMR120C,0,-6.679341,0.16111290454864502,0.9959999918937683,0.5185999870300293
YDL049C,YPL242C,0,-6.679821,0.16108685731887817,0.9959999918937683,0.5187000036239624
YIL047C,YDR329C,0,-6.680079,0.16106079518795013,0.9959999918937683,0.5188000202178955
YHR005C-A,YJL225C,0,-6.680713,0.16103476285934448,0.9959999918937683,0.5188999772071838
YKL096W,YPL063W,0,-6.682015,0.16100873053073883,0.9959999918937683,0.5189999938011169
YHR082C,YEL068C,0,-6.6823897,0.16098271310329437,0.9959999918937683,0.51910001039505
YLR080W,YNL257C,0,-6.683495,0.16095669567584991,0.9959999918937683,0.5192000269889832
YCR098C,YFR028C,0,-6.68469,0.16093067824840546,0.9959999918937683,0.5192999839782715
YLR442C,YOR264W,0,-6.686939,0.1609046906232834,0.9959999918937683,0.5194000005722046
YOR198C,YGL057C,0,-6.6872973,0.16087868809700012,0.9959999918937683,0.5195000171661377
YBL101C,YIR002C,0,-6.6876645,0.16085271537303925,0.9959999918937683,0.519599974155426
YBR159W,YLR179C,0,-6.6900105,0.16082674264907837,0.9959999918937683,0.5196999907493591
YPL194W,YOR171C,0,-6.6904182,0.1608007699251175,0.9959999918937683,0.5198000073432922
YHR172W,YHL024W,0,-6.690937,0.1607748121023178,0.9959999918937683,0.5199000239372253
YGL105W,YKL045W,0,-6.691069,0.16074886918067932,0.9959999918937683,0.5199999809265137
YGL064C,YBR258C,0,-6.691669,0.16072292625904083,0.9959999918937683,0.5200999975204468
YLL066C,YCR007C,0,-6.692308,0.16069699823856354,0.9959999918937683,0.5202000141143799
YGL255W,YKL091C,0,-6.6932483,0.16067107021808624,0.9959999918937683,0.5202999711036682
YOR313C,YOL112W,0,-6.693365,0.16064515709877014,0.9959999918937683,0.5203999876976013
YKL183W,YML004C,0,-6.694225,0.16061925888061523,0.9959999918937683,0.5205000042915344
YGL026C,YIL149C,0,-6.695413,0.16059336066246033,0.9959999918937683,0.5206000208854675
YLR386W,YAR050W,0,-6.6967864,0.16056746244430542,0.9959999918937683,0.5206999778747559
YNL327W,YOL153C,0,-6.6972275,0.1605415791273117,0.9959999918937683,0.520799994468689
YML110C,YPR058W,0,-6.697359,0.1605157107114792,0.9959999918937683,0.5209000110626221
YMR065W,YHR124W,0,-6.6976314,0.16048984229564667,0.9959999918937683,0.5210000276565552
YDR352W,YLR043C,0,-6.69784,0.16046398878097534,0.9959999918937683,0.5210999846458435
YBR044C,YFL017W-A,0,-6.698178,0.1604381501674652,0.9959999918937683,0.5212000012397766
YDL073W,YDR084C,0,-6.698669,0.16041231155395508,0.9959999918937683,0.5213000178337097
YCR015C,YBL005W,0,-6.6987596,0.16038647294044495,0.9959999918937683,0.521399974822998
YNR071C,YDR397C,0,-6.6988235,0.160360649228096,0.9959999918937683,0.5214999914169312
YBR291C,YPL195W,0,-6.699431,0.16033484041690826,0.9959999918937683,0.5216000080108643
YER104W,YMR014W,0,-6.7001705,0.16030903160572052,0.9959999918937683,0.5217000246047974
YKL047W,YNL099C,0,-6.7013726,0.16028323769569397,0.9959999918937683,0.5217999815940857
YLR410W,YJL012C-A,0,-6.701528,0.16025744378566742,0.9959999918937683,0.5218999981880188
YBR146W,YDR119W,0,-6.70297,0.16023166477680206,0.9959999918937683,0.5220000147819519
YMR293C,YKR100C,0,-6.7031193,0.1602058857679367,0.9959999918937683,0.5220999717712402
YPL037C,YPR156C,0,-6.7043214,0.16018012166023254,0.9959999918937683,0.5221999883651733
YBR274W,YHL035C,0,-6.704821,0.16015437245368958,0.9959999918937683,0.5223000049591064
YOR178C,YOR123C,0,-6.7051454,0.1601286232471466,0.9959999918937683,0.5224000215530396
YMR086W,YHR108W,0,-6.7053976,0.16010287404060364,0.9959999918937683,0.5224999785423279
YIL053W,YHL042W,0,-6.705729,0.16007713973522186,0.9959999918937683,0.522599995136261
YMR065W,YBL024W,0,-6.706058,0.16005142033100128,0.9959999918937683,0.5227000117301941
YMR300C,YBL100W-A,0,-6.706085,0.1600257009267807,0.9959999918937683,0.5228000283241272
YLR307W,YPR024W,0,-6.7072864,0.1599999964237213,0.9959999918937683,0.5228999853134155
YBR195C,YPL117C,0,-6.7073436,0.15997430682182312,0.9959999918937683,0.5230000019073486
YIL140W,YNL233W,0,-6.7080455,0.15994861721992493,0.9959999918937683,0.5231000185012817
YBR192W,YGR133W,0,-6.7085686,0.15992292761802673,0.9959999918937683,0.5231999754905701
YDL089W,YDL198C,0,-6.7097554,0.15989725291728973,0.9959999918937683,0.5232999920845032
YKL181W,YLR313C,0,-6.710544,0.15987159311771393,0.9959999918937683,0.5234000086784363
YER154W,YMR220W,0,-6.7106285,0.15984593331813812,0.9959999918937683,0.5235000252723694
YGR185C,YLR309C,0,-6.712067,0.1598202884197235,0.9959999918937683,0.5235999822616577
YER131W,YGL250W,0,-6.712725,0.1597946435213089,0.9959999918937683,0.5236999988555908
YMR142C,YER012W,0,-6.71316,0.15976901352405548,0.9959999918937683,0.5238000154495239
YPL076W,YOL004W,0,-6.7138405,0.15974338352680206,0.9959999918937683,0.5238999724388123
YOR136W,YDL056W,0,-6.714682,0.15971776843070984,0.9959999918937683,0.5239999890327454
YLR394W,YOR173W,0,-6.716273,0.15969215333461761,0.9959999918937683,0.5241000056266785
YCL047C,YGR283C,0,-6.716768,0.15966655313968658,0.9959999918937683,0.5242000222206116
YBR088C,YBL098W,0,-6.7167926,0.15964096784591675,0.9959999918937683,0.5242999792098999
YMR268C,YMR233W,0,-6.7169986,0.1596153825521469,0.9959999918937683,0.524399995803833
YOR158W,YGL055W,0,-6.717152,0.15958981215953827,0.9959999918937683,0.5245000123977661
YLR413W,YDR352W,0,-6.7176366,0.15956424176692963,0.9959999918937683,0.5246000289916992
YGR252W,YGR014W,0,-6.717653,0.15953868627548218,0.9959999918937683,0.5246999859809875
YIL129C,YDR507C,0,-6.7178464,0.15951313078403473,0.9959999918937683,0.5248000025749207
YLR042C,YLR211C,0,-6.7184577,0.15948759019374847,0.9959999918937683,0.5249000191688538
YPR145W,YKR055W,0,-6.721988,0.15946204960346222,0.9959999918937683,0.5249999761581421
YGR209C,YJL225C,0,-6.722296,0.15943652391433716,0.9959999918937683,0.5250999927520752
YHR209W,YNL196C,0,-6.7236133,0.1594110131263733,0.9959999918937683,0.5252000093460083
YBR133C,YLR237W,0,-6.72369,0.15938550233840942,0.9959999918937683,0.5253000259399414
YJL140W,YER030W,0,-6.7244043,0.15936000645160675,0.9959999918937683,0.5253999829292297
YDL107W,YDL231C,0,-6.724671,0.15933451056480408,0.9959999918937683,0.5254999995231628
YCR002C,YGL057C,0,-6.7257485,0.1593090146780014,0.9959999918937683,0.525600016117096
YMR036C,YPL184C,0,-6.7264977,0.15928354859352112,0.9959999918937683,0.5256999731063843
YBR085W,YML091C,0,-6.7265496,0.15925806760787964,0.9959999918937683,0.5257999897003174
YJL079C,YBR261C,0,-6.726827,0.15923261642456055,0.9959999918937683,0.5259000062942505
YMR016C,YIL158W,0,-6.7268453,0.15920716524124146,0.9959999918937683,0.5260000228881836
YDR322C-A,YBR177C,0,-6.7288084,0.15918171405792236,0.9959999918937683,0.5260999798774719
YPR186C,YNL268W,0,-6.728869,0.15915627777576447,0.9959999918937683,0.526199996471405
YER143W,YKL145W,0,-6.729536,0.15913085639476776,0.9959999918937683,0.5263000130653381
YBL050W,YDL149W,0,-6.731482,0.15910543501377106,0.9959999918937683,0.5264000296592712
YPL226W,YER041W,0,-6.7315536,0.15908001363277435,0.9959999918937683,0.5264999866485596
YMR193W,YDR436W,0,-6.7318306,0.15905462205410004,0.9959999918937683,0.5266000032424927
YHR002W,YPL128C,0,-6.7322326,0.15902921557426453,0.9959999918937683,0.5267000198364258
YBR008C,YGR266W,0,-6.7345095,0.1590038239955902,0.9959999918937683,0.5267999768257141
YMR015C,YGR217W,0,-6.736215,0.1589784473180771,0.9959999918937683,0.5268999934196472
YGR202C,YBR123C,0,-6.736589,0.15895308554172516,0.9959999918937683,0.5270000100135803
YBR119W,YBR180W,0,-6.7367086,0.15892772376537323,0.9959999918937683,0.5271000266075134
YDL113C,YDL211C,0,-6.7367578,0.1589023619890213,0.9959999918937683,0.5271999835968018
YJR085C,YGL130W,0,-6.736779,0.15887701511383057,0.9959999918937683,0.5273000001907349
YPR109W,YJR009C,0,-6.7370887,0.15885166823863983,0.9959999918937683,0.527400016784668
YBR244W,YJL139C,0,-6.7377267,0.1588263362646103,0.9959999918937683,0.5274999737739563
YLR204W,YPR116W,0,-6.7382245,0.15880101919174194,0.9959999918937683,0.5275999903678894
YNL239W,YOR075W,0,-6.7394643,0.1587757021188736,0.9959999918937683,0.5277000069618225
YPL118W,YBR046C,0,-6.7396355,0.15875039994716644,0.9959999918937683,0.5278000235557556
YJL185C,YBR291C,0,-6.739908,0.1587250977754593,0.9959999918937683,0.527899980545044
YPL187W,YJL222W,0,-6.7402773,0.15869981050491333,0.9959999918937683,0.527999997138977
YDR147W,YPR160W,0,-6.7413616,0.15867452323436737,0.9959999918937683,0.5281000137329102
YLR386W,YGL077C,0,-6.741936,0.1586492508649826,0.9959999918937683,0.5281999707221985
YMR297W,YGL256W,0,-6.744779,0.15862397849559784,0.9959999918937683,0.5282999873161316
YMR256C,YOR010C,0,-6.7449417,0.15859872102737427,0.9959999918937683,0.5284000039100647
YGL092W,YFR005C,0,-6.7457194,0.1585734784603119,0.9959999918937683,0.5285000205039978
YDL113C,YKL164C,0,-6.745836,0.1585482358932495,0.9959999918937683,0.5285999774932861
YCR096C,YDR263C,0,-6.7487497,0.15852299332618713,0.9959999918937683,0.5286999940872192
YLR228C,YDR134C,0,-6.7490354,0.15849776566028595,0.9959999918937683,0.5288000106811523
YBR008C,YOL006C,0,-6.7495427,0.15847255289554596,0.9959999918937683,0.5289000272750854
YLR442C,YLR450W,0,-6.7508893,0.15844734013080597,0.9959999918937683,0.5289999842643738
YDR404C,YDR202C,0,-6.7511888,0.15842214226722717,0.9959999918937683,0.5291000008583069
YBR155W,YNL249C,0,-6.7512727,0.15839694440364838,0.9959999918937683,0.52920001745224
YJR068W,YMR212C,0,-6.7512765,0.15837176144123077,0.9959999918937683,0.5292999744415283
YPL281C,YLR105C,0,-6.7526503,0.15834657847881317,0.9959999918937683,0.5293999910354614
YKL198C,YOR046C,0,-6.7531233,0.15832141041755676,0.9959999918937683,0.5295000076293945
YPR133C,YGR266W,0,-6.753435,0.15829624235630035,0.9959999918937683,0.5296000242233276
YMR013C,YJL138C,0,-6.7543216,0.15827108919620514,0.9959999918937683,0.529699981212616
YMR142C,YER103W,0,-6.755138,0.15824595093727112,0.9959999918937683,0.5297999978065491
YFR021W,YGL021W,0,-6.7552543,0.1582208126783371,0.9959999918937683,0.5299000144004822
YHR140W,YBR043C,0,-6.755318,0.15819567441940308,0.9959999918937683,0.5299999713897705
YDL150W,YDL087C,0,-6.756732,0.15817055106163025,0.9959999918937683,0.5300999879837036
YBR243C,YJL155C,0,-6.756811,0.15814544260501862,0.9959999918937683,0.5302000045776367
YLR419W,YAL014C,0,-6.7572117,0.15812033414840698,0.9959999918937683,0.5303000211715698
YBR163W,YPL237W,0,-6.757728,0.15809524059295654,0.9959999918937683,0.5303999781608582
YDR144C,YGL167C,0,-6.7579427,0.1580701470375061,0.9959999918937683,0.5304999947547913
YML132W,YMR212C,0,-6.759143,0.15804506838321686,0.9959999918937683,0.5306000113487244
YGL172W,YBR046C,0,-6.7601824,0.1580199897289276,0.9959999918937683,0.5307000279426575
YBR162C,YBL074C,0,-6.7605944,0.15799492597579956,0.9959999918937683,0.5307999849319458
YIL098C,YLR064W,0,-6.7611337,0.1579698622226715,0.9959999918937683,0.5309000015258789
YGL227W,YMR303C,0,-6.7620044,0.15794481337070465,0.9959999918937683,0.531000018119812
YAL016W,YPL027W,0,-6.762018,0.1579197645187378,0.9959999918937683,0.5310999751091003
YBR289W,YDR016C,0,-6.7630363,0.15789473056793213,0.9959999918937683,0.5311999917030334
YLL002W,YML101C,0,-6.7635465,0.15786971151828766,0.9959999918937683,0.5313000082969666
YMR114C,YBR266C,0,-6.764814,0.1578446924686432,0.9959999918937683,0.5314000248908997
YDR106W,YAL029C,0,-6.764834,0.15781967341899872,0.9959999918937683,0.531499981880188
YDR039C,YER033C,0,-6.7650256,0.15779468417167664,0.9959999918937683,0.5315999984741211
YLR297W,YCR053W,0,-6.7655473,0.15776968002319336,0.9959999918937683,0.5317000150680542
YPR001W,YGR263C,0,-6.7657127,0.15774469077587128,0.9959999918937683,0.5317999720573425
YIL149C,YJR085C,0,-6.7672896,0.1577197164297104,0.9959999918937683,0.5318999886512756
YGR046W,YOR155C,0,-6.7673216,0.1576947420835495,0.9959999918937683,0.5320000052452087
YGL169W,YDR016C,0,-6.76766,0.1576697826385498,0.9959999918937683,0.5321000218391418
YML026C,YLL015W,0,-6.7694335,0.1576448231935501,0.9959999918937683,0.5321999788284302
YLR194C,YOR274W,0,-6.770933,0.1576198786497116,0.9959999918937683,0.5322999954223633
YER124C,YFL011W-A,0,-6.771104,0.1575949341058731,0.9959999918937683,0.5324000120162964
YBR291C,YNL251C,0,-6.7713375,0.1575700044631958,0.9959999918937683,0.5325000286102295
YDL063C,YIL083C,0,-6.7715755,0.1575450748205185,0.9959999918937683,0.5325999855995178
YPL094C,YOL026C,0,-6.772335,0.15752016007900238,0.9959999918937683,0.5327000021934509
YOR136W,YDR258C,0,-6.773005,0.15749526023864746,0.9959999918937683,0.532800018787384
YHL006C,YCR076C,0,-6.773826,0.15747036039829254,0.9959999918937683,0.5328999757766724
YLR014C,YPR155C,0,-6.7738447,0.15744546055793762,0.9959999918937683,0.5329999923706055
YJL104W,YPR175W,0,-6.7739387,0.1574205756187439,0.9959999918937683,0.5331000089645386
YGR287C,YGR233C,0,-6.7741165,0.15739570558071136,0.9959999918937683,0.5332000255584717
YNL293W,YDL117W,0,-6.7756577,0.15737083554267883,0.9959999918937683,0.53329998254776
YNL301C,YHR063C,0,-6.775793,0.1573459655046463,0.9959999918937683,0.5333999991416931
YBL089W,YGR057C,0,-6.7762103,0.15732112526893616,0.9959999918937683,0.5335000157356262
YLL054C,YGL025C,0,-6.777549,0.15729627013206482,0.9959999918937683,0.5335999727249146
YNL146W,YMR104C,0,-6.7790313,0.15727142989635468,0.9959999918937683,0.5336999893188477
YNL272C,YDL206W,0,-6.7791286,0.15724660456180573,0.9959999918937683,0.5338000059127808
YGR264C,YGR066C,0,-6.7815127,0.15722177922725677,0.9959999918937683,0.5339000225067139
YMR274C,YJR107W,0,-6.7822514,0.15719696879386902,0.9959999918937683,0.5339999794960022
YGR133W,YGR098C,0,-6.782744,0.15717215836048126,0.9959999918937683,0.5340999960899353
YDR473C,YML126C,0,-6.7842345,0.1571473628282547,0.9959999918937683,0.5342000126838684
YGL222C,YLR250W,0,-6.7850933,0.15712256729602814,0.9959999918937683,0.5343000292778015
YHR050W,YCL048W,0,-6.7856383,0.15709778666496277,0.9959999918937683,0.5343999862670898
YKL224C,YCR021C,0,-6.7863364,0.1570730209350586,0.9959999918937683,0.534500002861023
YDR160W,YCR021C,0,-6.788813,0.15704825520515442,0.9959999918937683,0.534600019454956
YPR120C,YNL192W,0,-6.788859,0.15702348947525024,0.9959999918937683,0.5346999764442444
YLR340W,YOR216C,0,-6.78908,0.15699873864650726,0.9959999918937683,0.5347999930381775
YGL060W,YGR003W,0,-6.789582,0.15697400271892548,0.9959999918937683,0.5349000096321106
YNL095C,YPL226W,0,-6.7906127,0.1569492667913437,0.9959999918937683,0.5350000262260437
YGL049C,YIL022W,0,-6.7909837,0.1569245308637619,0.9959999918937683,0.535099983215332
YNL032W,YKL096W-A,0,-6.7925935,0.1568998098373413,0.9959999918937683,0.5351999998092651
YOR242C,YPR071W,0,-6.7938437,0.1568751037120819,0.9959999918937683,0.5353000164031982
YPR192W,YMR256C,0,-6.7939377,0.1568503975868225,0.9959999918937683,0.5353999733924866
YJR072C,YHR135C,0,-6.794185,0.1568256914615631,0.9959999918937683,0.5354999899864197
YOR125C,YBL040C,0,-6.794673,0.1568010002374649,0.9959999918937683,0.5356000065803528
YLR194C,YOL105C,0,-6.7953434,0.1567763239145279,0.9959999918937683,0.5357000231742859
YPR101W,YPR079W,0,-6.795589,0.15675164759159088,0.9959999918937683,0.5357999801635742
YNR018W,YCR023C,0,-6.7957606,0.15672698616981506,0.9959999918937683,0.5358999967575073
YGR262C,YDR100W,0,-6.79649,0.15670232474803925,0.9959999918937683,0.5360000133514404
YOL052C,YPR107C,0,-6.7966976,0.15667767822742462,0.9959999918937683,0.5360999703407288
YDR179C,YML070W,0,-6.79773,0.15665303170681,0.9959999918937683,0.5361999869346619
YOL042W,YDR139C,0,-6.7977552,0.15662840008735657,0.9959999918937683,0.536300003528595
YNL046W,YOL105C,0,-6.7978573,0.15660376846790314,0.9959999918937683,0.5364000201225281
YNL200C,YBL063W,0,-6.7983327,0.1565791517496109,0.9959999918937683,0.5364999771118164
YLR442C,YER124C,0,-6.7984347,0.15655454993247986,0.9959999918937683,0.5365999937057495
YBR019C,YOR265W,0,-6.799008,0.15652993321418762,0.9959999918937683,0.5367000102996826
YJL029C,YBR187W,0,-6.7993436,0.15650534629821777,0.9959999918937683,0.5368000268936157
YMR280C,YLR330W,0,-6.7997932,0.15648075938224792,0.9959999918937683,0.536899983882904
YNL069C,YDL176W,0,-6.8020725,0.15645617246627808,0.9959999918937683,0.5370000004768372
YLR309C,YOR158W,0,-6.803144,0.15643160045146942,0.9959999918937683,0.5371000170707703
YJL023C,YGR118W,0,-6.8036294,0.15640702843666077,0.9959999918937683,0.5371999740600586
YIL171W,YPR057W,0,-6.80418,0.1563824713230133,0.9959999918937683,0.5372999906539917
YFR005C,YHR076W,0,-6.804585,0.15635792911052704,0.9959999918937683,0.5374000072479248
YDR077W,YBL085W,0,-6.8068433,0.15633338689804077,0.9959999918937683,0.5375000238418579
YNR076W,YPL181W,0,-6.8072677,0.1563088446855545,0.9959999918937683,0.5375999808311462
YOR354C,YJR019C,0,-6.8086267,0.15628431737422943,0.9959999918937683,0.5376999974250793
YBR145W,YMR268W-A,0,-6.8090053,0.15625980496406555,0.9959999918937683,0.5378000140190125
YMR121C,YHL027W,0,-6.809091,0.15623529255390167,0.9959999918937683,0.5378999710083008
YGL126W,YDL119C,0,-6.8124723,0.156210795044899,0.9959999918937683,0.5379999876022339
YBL066C,YLR367W,0,-6.8134685,0.1561862975358963,0.9959999918937683,0.538100004196167
YLR040C,YDL019C,0,-6.814426,0.15616180002689362,0.9959999918937683,0.5382000207901001
YGR188C,YPL137C,0,-6.8145757,0.15613733232021332,0.9959999918937683,0.5382999777793884
YOR204W,YKL155C,0,-6.814905,0.15611284971237183,0.9959999918937683,0.5383999943733215
YPL041C,YDL020C,0,-6.816709,0.15608838200569153,0.9959999918937683,0.5385000109672546
YGR214W,YDR484W,0,-6.817558,0.15606392920017242,0.9959999918937683,0.5386000275611877
YGR238C,YOR230W,0,-6.8177056,0.15603947639465332,0.9959999918937683,0.5386999845504761
YPL161C,YBR260C,0,-6.8177485,0.1560150384902954,0.9959999918937683,0.5388000011444092
YMR161W,YOL114C,0,-6.818545,0.1559906005859375,0.9959999918937683,0.5389000177383423
YNL176C,YPR183W,0,-6.8185744,0.15596617758274078,0.9959999918937683,0.5389999747276306
YKL063C,YDL022W,0,-6.8188224,0.15594175457954407,0.9959999918937683,0.5390999913215637
YOR076C,YCL047C,0,-6.819493,0.15591734647750854,0.9959999918937683,0.5392000079154968
YKL194C,YNL201C,0,-6.8203874,0.15589293837547302,0.9959999918937683,0.5393000245094299
YJL164C,YJL193W,0,-6.8210235,0.1558685451745987,0.9959999918937683,0.5393999814987183
YJL132W,YNR075W,0,-6.821648,0.15584415197372437,0.9959999918937683,0.5394999980926514
YDR005C,YNR037C,0,-6.8217063,0.15581977367401123,0.9959999918937683,0.5396000146865845
YDL141W,YER017C,0,-6.8221736,0.1557953953742981,0.9959999918937683,0.5396999716758728
YIL052C,YLR352W,0,-6.8235393,0.15577103197574615,0.9959999918937683,0.5397999882698059
YKR068C,YML081C-A,0,-6.8262515,0.1557466834783554,0.9959999918937683,0.539900004863739
YNL262W,YDR233C,0,-6.8267474,0.15572232007980347,0.9959999918937683,0.5400000214576721
YDR127W,YGR135W,0,-6.827133,0.1556979864835739,0.9959999918937683,0.5400999784469604
YLR038C,YGR122W,0,-6.827566,0.15567365288734436,0.9959999918937683,0.5401999950408936
YLL040C,YDL078C,0,-6.8292804,0.1556493192911148,0.9959999918937683,0.5403000116348267
YNL185C,YHL028W,0,-6.829473,0.15562500059604645,0.9959999918937683,0.5404000282287598
YNL126W,YPL066W,0,-6.829882,0.1556006819009781,0.9959999918937683,0.5404999852180481
YLR056W,YHR134W,0,-6.830069,0.15557637810707092,0.9959999918937683,0.5406000018119812
YOR308C,YJL003W,0,-6.8309894,0.15555208921432495,0.9959999918937683,0.5407000184059143
YBL024W,YMR020W,0,-6.831468,0.15552780032157898,0.9959999918937683,0.5407999753952026
YDL049C,YNL317W,0,-6.8325973,0.155503511428833,0.9959999918937683,0.5408999919891357
YKR068C,YCR095C,0,-6.8329115,0.15547923743724823,0.9959999918937683,0.5410000085830688
YDL004W,YOR211C,0,-6.833064,0.15545497834682465,0.9959999918937683,0.541100025177002
YIL035C,YNL108C,0,-6.8337255,0.15543070435523987,0.9959999918937683,0.5411999821662903
YOR011W,YML058W,0,-6.833759,0.15540646016597748,0.9959999918937683,0.5412999987602234
YLR010C,YGR135W,0,-6.8341174,0.1553822159767151,0.9959999918937683,0.5414000153541565
YLR127C,YBR005W,0,-6.83691,0.1553579717874527,0.9959999918937683,0.5414999723434448
YKR009C,YER156C,0,-6.837009,0.1553337424993515,0.9959999918937683,0.5415999889373779
YLR410W,YBR179C,0,-6.83705,0.1553095281124115,0.9959999918937683,0.541700005531311
YPR163C,YKR089C,0,-6.839206,0.1552853137254715,0.9959999918937683,0.5418000221252441
YDR279W,YOR393W,0,-6.8400435,0.1552610993385315,0.9959999918937683,0.5418999791145325
YNL046W,YCL011C,0,-6.84074,0.15523691475391388,0.9959999918937683,0.5419999957084656
YFL001W,YJL164C,0,-6.8422017,0.15521271526813507,0.9959999918937683,0.5421000123023987
YHR120W,YJR051W,0,-6.8426447,0.15518853068351746,0.9959999918937683,0.5422000288963318
YMR300C,YLR396C,0,-6.8430967,0.15516436100006104,0.9959999918937683,0.5422999858856201
YPL236C,YCR048W,0,-6.8440385,0.15514019131660461,0.9959999918937683,0.5424000024795532
YBR054W,YGR096W,0,-6.845329,0.1551160216331482,0.9959999918937683,0.5425000190734863
YNL181W,YJR103W,0,-6.8459287,0.15509186685085297,0.9959999918937683,0.5425999760627747
YNR021W,YKL117W,0,-6.846939,0.15506772696971893,0.9959999918937683,0.5426999926567078
YNL097C,YML061C,0,-6.8470187,0.1550435870885849,0.9959999918937683,0.5428000092506409
YGL040C,YLR461W,0,-6.849548,0.15501946210861206,0.9959999918937683,0.542900025844574
YKR043C,YER007W,0,-6.8497834,0.15499533712863922,0.9959999918937683,0.5429999828338623
YPR108W,YDR079W,0,-6.850199,0.15497121214866638,0.9959999918937683,0.5430999994277954
YNL224C,YOR341W,0,-6.8503203,0.15494710206985474,0.9959999918937683,0.5432000160217285
YKL064W,YLL034C,0,-6.850393,0.15492300689220428,0.9959999918937683,0.5432999730110168
YBR205W,YDL120W,0,-6.8509502,0.15489891171455383,0.9959999918937683,0.54339998960495
YPL204W,YPL062W,0,-6.85184,0.15487483143806458,0.9959999918937683,0.5435000061988831
YLR038C,YOL034W,0,-6.8522296,0.15485075116157532,0.9959999918937683,0.5436000227928162
YNL069C,YMR052W,0,-6.8524795,0.15482667088508606,0.9959999918937683,0.5436999797821045
YAL064W-B,YPL094C,0,-6.852637,0.154802605509758,0.9959999918937683,0.5437999963760376
YGR281W,YLR344W,0,-6.8532925,0.15477855503559113,0.9959999918937683,0.5439000129699707
YHR035W,YLL048C,0,-6.8544383,0.15475450456142426,0.9959999918937683,0.5440000295639038
YDR207C,YGL225W,0,-6.856062,0.15473046898841858,0.9959999918937683,0.5440999865531921
YNL243W,YOR196C,0,-6.856335,0.1547064334154129,0.9959999918937683,0.5442000031471252
YOR361C,YHR160C,0,-6.8566175,0.15468239784240723,0.9959999918937683,0.5443000197410583
YHL021C,YIL053W,0,-6.857298,0.15465839207172394,0.9959999918937683,0.5443999767303467
YLR460C,YDR120C,0,-6.8577065,0.15463437139987946,0.9959999918937683,0.5444999933242798
YKL025C,YOR136W,0,-6.8581243,0.15461036562919617,0.9959999918937683,0.5446000099182129
YDL056W,YKL048C,0,-6.858395,0.15458637475967407,0.9959999918937683,0.544700026512146
YKL164C,YLR130C,0,-6.859654,0.15456238389015198,0.9959999918937683,0.5447999835014343
YHR128W,YKL088W,0,-6.8604264,0.15453840792179108,0.9959999918937683,0.5449000000953674
YMR122W-A,YLL013C,0,-6.8608375,0.15451443195343018,0.9959999918937683,0.5450000166893005
YOR178C,YMR138W,0,-6.860955,0.15449045598506927,0.9959999918937683,0.5450999736785889
YLR439W,YIR002C,0,-6.861639,0.15446649491786957,0.9959999918937683,0.545199990272522
YCR020W-B,YJR040W,0,-6.861837,0.15444254875183105,0.9959999918937683,0.5453000068664551
YMR146C,YBR110W,0,-6.8618736,0.15441860258579254,0.9959999918937683,0.5454000234603882
YJR014W,YMR267W,0,-6.8624053,0.15439467132091522,0.9959999918937683,0.5454999804496765
YGR109C,YGR004W,0,-6.862776,0.1543707400560379,0.9959999918937683,0.5455999970436096
YCL038C,YGL184C,0,-6.8641553,0.15434680879116058,0.9959999918937683,0.5457000136375427
YHR034C,YHL034C,1,-6.864954,0.15447784960269928,0.996999979019165,0.5457000136375427
YHR178W,YLR099C,0,-6.8656077,0.15445391833782196,0.996999979019165,0.545799970626831
YGR282C,YPR055W,0,-6.8662367,0.15442998707294464,0.996999979019165,0.5458999872207642
YOR317W,YAR042W,0,-6.866957,0.15440607070922852,0.996999979019165,0.5460000038146973
YOR060C,YML028W,0,-6.8677087,0.1543821543455124,0.996999979019165,0.5461000204086304
YBR033W,YDR524C,0,-6.8679028,0.15435825288295746,0.996999979019165,0.5461999773979187
YBR286W,YCR007C,0,-6.867999,0.15433436632156372,0.996999979019165,0.5462999939918518
YER123W,YDL029W,0,-6.868297,0.15431047976016998,0.996999979019165,0.5464000105857849
YDR504C,YBR130C,0,-6.869275,0.15428659319877625,0.996999979019165,0.546500027179718
YIL172C,YOR226C,0,-6.869716,0.1542627215385437,0.996999979019165,0.5465999841690063
YLR105C,YGL001C,0,-6.869828,0.15423886477947235,0.996999979019165,0.5467000007629395
YJL138C,YPR030W,0,-6.869987,0.154215008020401,0.996999979019165,0.5468000173568726
YKL156W,YOL058W,0,-6.8700776,0.15419115126132965,0.996999979019165,0.5468999743461609
YPL052W,YDR378C,0,-6.870148,0.1541673094034195,0.996999979019165,0.546999990940094
YPR160W,YPR168W,0,-6.870167,0.15414348244667053,0.996999979019165,0.5471000075340271
YEL040W,YIL072W,0,-6.8705316,0.15411964058876038,0.996999979019165,0.5472000241279602
YDR110W,YMR224C,0,-6.8710184,0.1540958285331726,0.996999979019165,0.5472999811172485
YDL042C,YPR186C,0,-6.871371,0.15407201647758484,0.996999979019165,0.5473999977111816
YBR286W,YHR067W,0,-6.8713875,0.15404820442199707,0.996999979019165,0.5475000143051147
YNL032W,YFL024C,0,-6.8717575,0.1540244072675705,0.996999979019165,0.5475999712944031
YOR264W,YMR094W,0,-6.8719172,0.15400062501430511,0.996999979019165,0.5476999878883362
YOR346W,YPL065W,0,-6.8719964,0.15397682785987854,0.996999979019165,0.5478000044822693
YMR054W,YKL043W,0,-6.872211,0.15395306050777435,0.996999979019165,0.5479000210762024
YFR053C,YER185W,0,-6.872727,0.15392929315567017,0.996999979019165,0.5479999780654907
YNL320W,YBR106W,0,-6.87334,0.15390552580356598,0.996999979019165,0.5480999946594238
YHR118C,YOL071W,0,-6.8740115,0.15388177335262299,0.996999979019165,0.5482000112533569
YPR153W,YBR143C,0,-6.874023,0.15385802090168,0.996999979019165,0.54830002784729
YLL023C,YPL269W,0,-6.874189,0.1538342833518982,0.996999979019165,0.5483999848365784
YOR330C,YFL031W,0,-6.874835,0.1538105458021164,0.996999979019165,0.5485000014305115
YOR179C,YGL207W,0,-6.8755755,0.1537868231534958,0.996999979019165,0.5486000180244446
YER060W-A,YCL052C,0,-6.877046,0.15376311540603638,0.996999979019165,0.5486999750137329
YDR014W,YDR234W,0,-6.87779,0.15373939275741577,0.996999979019165,0.548799991607666
YMR122W-A,YPL010W,0,-6.8802414,0.15371569991111755,0.996999979019165,0.5489000082015991
YPL075W,YDR218C,0,-6.880705,0.15369199216365814,0.996999979019165,0.5490000247955322
YGR172C,YDR043C,0,-6.8808503,0.15366831421852112,0.996999979019165,0.5490999817848206
YKR036C,YGR078C,0,-6.881226,0.1536446362733841,0.996999979019165,0.5491999983787537
YEL040W,YLR166C,0,-6.8817835,0.15362095832824707,0.996999979019165,0.5493000149726868
YOR212W,YMR170C,0,-6.8829875,0.15359729528427124,0.996999979019165,0.5493999719619751
YOR150W,YNL312W,0,-6.8832994,0.1535736322402954,0.996999979019165,0.5494999885559082
YOR349W,YGR203W,0,-6.885616,0.15354998409748077,0.996999979019165,0.5496000051498413
YNL139C,YHL015W,0,-6.8856196,0.15352633595466614,0.996999979019165,0.5497000217437744
YHR187W,YML060W,0,-6.8861036,0.1535026878118515,0.996999979019165,0.5497999787330627
YCL063W,YMR301C,0,-6.886967,0.15347906947135925,0.996999979019165,0.5498999953269958
YPL141C,YLR352W,0,-6.887202,0.1534554362297058,0.996999979019165,0.550000011920929
YGL021W,YCL035C,0,-6.8884435,0.15343181788921356,0.996999979019165,0.5501000285148621
YGR295C,YJL098W,0,-6.8886485,0.1534082144498825,0.996999979019165,0.5501999855041504
YNL151C,YNL204C,0,-6.888863,0.15338461101055145,0.996999979019165,0.5503000020980835
YER066W,YLR401C,0,-6.889115,0.1533610224723816,0.996999979019165,0.5504000186920166
YHL040C,YCR066W,0,-6.8902326,0.15333743393421173,0.996999979019165,0.5504999756813049
YGL234W,YGR098C,0,-6.890482,0.15331386029720306,0.996999979019165,0.550599992275238
YBR058C-A,YDL161W,0,-6.8912053,0.1532902866601944,0.996999979019165,0.5507000088691711
YHR059W,YML131W,0,-6.8918834,0.15326671302318573,0.996999979019165,0.5508000254631042
YML022W,YHR073W,0,-6.8920426,0.15324315428733826,0.996999979019165,0.5508999824523926
YBR266C,YCR053W,0,-6.894074,0.15321961045265198,0.996999979019165,0.5509999990463257
YKR016W,YDR268W,0,-6.8946953,0.1531960666179657,0.996999979019165,0.5511000156402588
YMR135C,YBR060C,0,-6.895202,0.1531725376844406,0.996999979019165,0.5511999726295471
YPL147W,YKR100C,0,-6.8954053,0.15314900875091553,0.996999979019165,0.5512999892234802
YLR096W,YDL241W,0,-6.895475,0.15312547981739044,0.996999979019165,0.5514000058174133
YIL117C,YCL048W,0,-6.896082,0.15310196578502655,0.996999979019165,0.5515000224113464
YMR148W,YLR115W,0,-6.8964567,0.15307845175266266,0.996999979019165,0.5515999794006348
YCR010C,YHR142W,0,-6.897149,0.15305495262145996,0.996999979019165,0.5516999959945679
YNR061C,YOR173W,0,-6.898315,0.15303146839141846,0.996999979019165,0.551800012588501
YCL044C,YMR244C-A,0,-6.898435,0.15300798416137695,0.996999979019165,0.5519000291824341
YDR292C,YLR446W,0,-6.899065,0.15298449993133545,0.996999979019165,0.5519999861717224
YMR306W,YHR135C,0,-6.8997283,0.15296103060245514,0.996999979019165,0.5521000027656555
YKL067W,YPL242C,0,-6.9002857,0.15293756127357483,0.996999979019165,0.5522000193595886
YDL089W,YHR173C,0,-6.902806,0.1529141068458557,0.996999979019165,0.552299976348877
YDL107W,YDR128W,0,-6.902926,0.1528906673192978,0.996999979019165,0.5523999929428101
YJR103W,YGR028W,0,-6.9033856,0.15286721289157867,0.996999979019165,0.5525000095367432
YDR320C-A,YHR010W,0,-6.903415,0.15284378826618195,0.996999979019165,0.5526000261306763
YGR240C,YDR073W,0,-6.9047794,0.15282034873962402,0.996999979019165,0.5526999831199646
YNL293W,YKL013C,0,-6.9050555,0.1527969390153885,0.996999979019165,0.5527999997138977
YLR056W,YDL097C,0,-6.905115,0.15277351438999176,0.996999979019165,0.5529000163078308
YHR072W,YNL268W,0,-6.9051623,0.15275011956691742,0.996999979019165,0.5529999732971191
YOR180C,YLR172C,0,-6.9064693,0.15272670984268188,0.996999979019165,0.5530999898910522
YJL180C,YLL039C,0,-6.906567,0.15270332992076874,0.996999979019165,0.5532000064849854
YLL026W,YNL316C,0,-6.906657,0.1526799350976944,0.996999979019165,0.5533000230789185
YOL055C,YHR185C,0,-6.90793,0.15265655517578125,0.996999979019165,0.5533999800682068
YCR096C,YAR042W,0,-6.909783,0.1526331901550293,0.996999979019165,0.5534999966621399
YNL070W,YMR095C,0,-6.909866,0.15260982513427734,0.996999979019165,0.553600013256073
YIL117C,YLR323C,0,-6.9121633,0.15258647501468658,0.996999979019165,0.5536999702453613
YNL064C,YFR053C,0,-6.9121804,0.15256312489509583,0.996999979019165,0.5537999868392944
YDR315C,YLR405W,0,-6.9121976,0.15253977477550507,0.996999979019165,0.5539000034332275
YKL096W,YMR322C,0,-6.9127054,0.1525164395570755,0.996999979019165,0.5540000200271606
YML106W,YLR064W,0,-6.9132285,0.15249311923980713,0.996999979019165,0.554099977016449
YHR199C,YBL035C,0,-6.9134183,0.15246979892253876,0.996999979019165,0.5541999936103821
YGL062W,YBL028C,0,-6.914107,0.15244647860527039,0.996999979019165,0.5543000102043152
YNL046W,YMR315W,0,-6.9141164,0.1524231731891632,0.996999979019165,0.5544000267982483
YPL171C,YCR075C,0,-6.9150295,0.15239988267421722,0.996999979019165,0.5544999837875366
YPR179C,YOR123C,0,-6.9154687,0.15237659215927124,0.996999979019165,0.5546000003814697
YOR213C,YDR038C,0,-6.916227,0.15235330164432526,0.996999979019165,0.5547000169754028
YNL059C,YCR020W-B,0,-6.9171424,0.15233002603054047,0.996999979019165,0.5547999739646912
YER033C,YOL055C,0,-6.9186583,0.15230675041675568,0.996999979019165,0.5548999905586243
YDR504C,YDR523C,0,-6.918724,0.15228348970413208,0.996999979019165,0.5550000071525574
YDR276C,YMR284W,0,-6.920286,0.15226022899150848,0.996999979019165,0.5551000237464905
YCR046C,YPL130W,0,-6.9209747,0.15223698318004608,0.996999979019165,0.5551999807357788
YPL249C,YDR506C,0,-6.9215064,0.15221373736858368,0.996999979019165,0.5552999973297119
YPR132W,YHR205W,0,-6.92152,0.15219050645828247,0.996999979019165,0.555400013923645
YGL226C-A,YIL027C,0,-6.9218173,0.15216727554798126,0.996999979019165,0.5554999709129333
YLR135W,YMR325W,0,-6.9218903,0.15214405953884125,0.996999979019165,0.5555999875068665
YPR085C,YLL006W,0,-6.9222627,0.15212084352970123,0.996999979019165,0.5557000041007996
YER129W,YBR154C,0,-6.922326,0.1520976424217224,0.996999979019165,0.5558000206947327
YCR079W,YKR101W,0,-6.9232097,0.1520744413137436,0.996999979019165,0.555899977684021
YOR362C,YFL017C,0,-6.9232373,0.15205124020576477,0.996999979019165,0.5559999942779541
YKR071C,YFL037W,0,-6.925172,0.15202805399894714,0.996999979019165,0.5561000108718872
YDR314C,YKL041W,0,-6.925223,0.1520048826932907,0.996999979019165,0.5562000274658203
YGR113W,YJR094W-A,0,-6.9253163,0.15198171138763428,0.996999979019165,0.5562999844551086
YFL016C,YGR203W,0,-6.9253335,0.15195854008197784,0.996999979019165,0.5564000010490417
YPL074W,YDR418W,0,-6.925859,0.1519353836774826,0.996999979019165,0.5565000176429749
YIL069C,YPL202C,0,-6.926362,0.15191224217414856,0.996999979019165,0.5565999746322632
YBR260C,YIL043C,0,-6.927217,0.15188908576965332,0.996999979019165,0.5566999912261963
YJL072C,YGR236C,0,-6.9276824,0.15186595916748047,0.996999979019165,0.5568000078201294
YKR027W,YOR165W,0,-6.9279957,0.15184283256530762,0.996999979019165,0.5569000244140625
YKR029C,YPL063W,0,-6.9279966,0.15181970596313477,0.996999979019165,0.5569999814033508
YKL007W,YEL068C,0,-6.928022,0.1517965942621231,0.996999979019165,0.5570999979972839
YER168C,YCR029C-A,0,-6.928598,0.15177348256111145,0.996999979019165,0.557200014591217
YPL218W,YMR124W,0,-6.9287286,0.151750385761261,0.996999979019165,0.5572999715805054
YPR063C,YNL122C,0,-6.9291353,0.15172728896141052,0.996999979019165,0.5573999881744385
YDR019C,YNL309W,0,-6.9293895,0.15170420706272125,0.996999979019165,0.5575000047683716
YDR435C,YJL058C,0,-6.9323926,0.15168112516403198,0.996999979019165,0.5576000213623047
YPR157W,YDR004W,0,-6.932816,0.1516580432653427,0.996999979019165,0.557699978351593
YHR171W,YDR038C,0,-6.9331474,0.15163497626781464,0.996999979019165,0.5577999949455261
YNL262W,YDL051W,0,-6.933883,0.15161192417144775,0.996999979019165,0.5579000115394592
YJL082W,YOR054C,0,-6.9339066,0.15158887207508087,0.996999979019165,0.5580000281333923
YNR036C,YJR019C,0,-6.934232,0.151565819978714,0.996999979019165,0.5580999851226807
YGR180C,YIL133C,0,-6.9347186,0.1515427827835083,0.996999979019165,0.5582000017166138
YML013W,YHL011C,0,-6.934779,0.1515197604894638,0.996999979019165,0.5583000183105469
YOR096W,YGR133W,0,-6.9347944,0.1514967381954193,0.996999979019165,0.5583999752998352
YKL004W,YNL278W,0,-6.9365535,0.15147371590137482,0.996999979019165,0.5584999918937683
YER123W,YER181C,0,-6.9375486,0.15145070850849152,0.996999979019165,0.5586000084877014
YKR079C,YOR076C,0,-6.9375987,0.15142770111560822,0.996999979019165,0.5587000250816345
YFR047C,YBR101C,0,-6.9377713,0.1514047086238861,0.996999979019165,0.5587999820709229
YNL238W,YJR112W,0,-6.9379196,0.151381716132164,0.996999979019165,0.558899998664856
YDR179W-A,YFR028C,0,-6.938269,0.1513587385416031,0.996999979019165,0.5590000152587891
YPL059W,YJL093C,0,-6.9385037,0.15133576095104218,0.996999979019165,0.5590999722480774
YPL199C,YDR484W,0,-6.9393888,0.15131279826164246,0.996999979019165,0.5591999888420105
YGL083W,YAL035W,0,-6.9396443,0.15128983557224274,0.996999979019165,0.5593000054359436
YAR028W,YLR396C,0,-6.9400024,0.15126687288284302,0.996999979019165,0.5594000220298767
YHR120W,YCR002C,0,-6.940019,0.1512439250946045,0.996999979019165,0.559499979019165
YNR057C,YLR047C,0,-6.9400363,0.15122099220752716,0.996999979019165,0.5595999956130981
YAL048C,YDL216C,0,-6.940486,0.15119805932044983,0.996999979019165,0.5597000122070312
YHR211W,YLR099C,0,-6.942544,0.1511751264333725,0.996999979019165,0.5598000288009644
YBR278W,YNR030W,0,-6.9426413,0.15115220844745636,0.996999979019165,0.5598999857902527
YGL157W,YOL072W,0,-6.9430947,0.15112930536270142,0.996999979019165,0.5600000023841858
YBR181C,YBL031W,0,-6.9439764,0.15110640227794647,0.996999979019165,0.5601000189781189
YNL223W,YIL154C,0,-6.9445186,0.15108349919319153,0.996999979019165,0.5601999759674072
YIL150C,YFR041C,0,-6.945727,0.15106061100959778,0.996999979019165,0.5602999925613403
YLR042C,YDR281C,0,-6.94586,0.15103772282600403,0.996999979019165,0.5604000091552734
YPR200C,YKR066C,0,-6.9459176,0.15101484954357147,0.996999979019165,0.5605000257492065
YJR135C,YLR277C,0,-6.9460683,0.15099197626113892,0.996999979019165,0.5605999827384949
YNR001C,YDL229W,0,-6.94752,0.15096910297870636,0.996999979019165,0.560699999332428
YGR042W,YPL027W,0,-6.9490876,0.1509462594985962,0.996999979019165,0.5608000159263611
YBR265W,YLR287C-A,0,-6.949386,0.15092340111732483,0.996999979019165,0.5608999729156494
YJL085W,YCL018W,0,-6.951286,0.15090055763721466,0.996999979019165,0.5609999895095825
YER102W,YHR198C,0,-6.9518533,0.15087772905826569,0.996999979019165,0.5611000061035156
YAL026C,YDR487C,0,-6.9519854,0.1508549004793167,0.996999979019165,0.5612000226974487
YGR252W,YMR047C,0,-6.9522114,0.15083207190036774,0.996999979019165,0.5612999796867371
YNL181W,YHR109W,0,-6.952303,0.15080925822257996,0.996999979019165,0.5613999962806702
YOL027C,YDR303C,0,-6.9529595,0.15078644454479218,0.996999979019165,0.5615000128746033
YBR278W,YDL195W,0,-6.953487,0.1507636457681656,0.996999979019165,0.5616000294685364
YPL273W,YDR014W,0,-6.9540744,0.150740846991539,0.996999979019165,0.5616999864578247
YGR189C,YJL193W,0,-6.9548125,0.1507180631160736,0.996999979019165,0.5618000030517578
YPL250C,YMR055C,0,-6.955634,0.15069527924060822,0.996999979019165,0.5619000196456909
YER016W,YBR112C,0,-6.956822,0.15067251026630402,0.996999979019165,0.5619999766349792
YPR163C,YOR315W,0,-6.957278,0.15064974129199982,0.996999979019165,0.5620999932289124
YGL126W,YPL151C,0,-6.9574943,0.1506269872188568,0.996999979019165,0.5622000098228455
YPR134W,YMR038C,0,-6.957585,0.1506042331457138,0.996999979019165,0.5623000264167786
YPR160W,YDL190C,0,-6.9576178,0.1505814790725708,0.996999979019165,0.5623999834060669
YGR010W,YBL066C,0,-6.957664,0.150558739900589,0.996999979019165,0.5625
YBL098W,YDR032C,0,-6.957696,0.15053601562976837,0.996999979019165,0.5626000165939331
YCR096C,YLR394W,0,-6.9579167,0.15051329135894775,0.996999979019165,0.5626999735832214
YJL127C,YDL146W,0,-6.9585,0.15049056708812714,0.996999979019165,0.5627999901771545
YIL168W,YLR283W,0,-6.958725,0.1504678577184677,0.996999979019165,0.5629000067710876
YGR169C,YFR026C,0,-6.958731,0.1504451483488083,0.996999979019165,0.5630000233650208
YML099C,YGL192W,0,-6.9587464,0.15042245388031006,0.996999979019165,0.5630999803543091
YDR443C,YLR090W,0,-6.9590445,0.15039975941181183,0.996999979019165,0.5631999969482422
YOR143C,YLR103C,0,-6.95977,0.1503770798444748,0.996999979019165,0.5633000135421753
YDL241W,YER066W,0,-6.9599833,0.15035440027713776,0.996999979019165,0.5633999705314636
YHR151C,YGR037C,0,-6.9607067,0.15033172070980072,0.996999979019165,0.5634999871253967
YKR068C,YCL058C,0,-6.960895,0.15030905604362488,0.996999979019165,0.5636000037193298
YJL140W,YPL010W,0,-6.9613857,0.15028640627861023,0.996999979019165,0.5637000203132629
YGR167W,YDR371W,0,-6.9616303,0.15026375651359558,0.996999979019165,0.5637999773025513
YDR091C,YIL083C,0,-6.9620686,0.15024110674858093,0.996999979019165,0.5638999938964844
YIR018W,YHR094C,0,-6.9624953,0.15021847188472748,0.996999979019165,0.5640000104904175
YGL055W,YHR165C,0,-6.963899,0.15019583702087402,0.996999979019165,0.5641000270843506
YKL224C,YPR163C,0,-6.9647565,0.15017321705818176,0.996999979019165,0.5641999840736389
YDR030C,YNL318C,0,-6.9658375,0.1501505970954895,0.996999979019165,0.564300000667572
YGR222W,YER061C,0,-6.966183,0.15012799203395844,0.996999979019165,0.5644000172615051
YCR036W,YDL211C,0,-6.9673185,0.15010538697242737,0.996999979019165,0.5644999742507935
YML099C,YGR191W,0,-6.968228,0.1500827968120575,0.996999979019165,0.5645999908447266
YDR402C,YHR185C,0,-6.9693236,0.15006020665168762,0.996999979019165,0.5647000074386597
YJR035W,YHL038C,0,-6.9695563,0.15003761649131775,0.996999979019165,0.5648000240325928
YIL056W,YMR143W,0,-6.9697165,0.15001504123210907,0.996999979019165,0.5648999810218811
YNL196C,YIL160C,0,-6.9707503,0.14999248087406158,0.996999979019165,0.5649999976158142
YDR471W,YBR078W,0,-6.9712243,0.1499699205160141,0.996999979019165,0.5651000142097473
YPL187W,YER139C,0,-6.971237,0.1499473601579666,0.996999979019165,0.5651999711990356
YBR146W,YLR461W,0,-6.9712424,0.14992481470108032,0.996999979019165,0.5652999877929688
YLR229C,YNL318C,0,-6.9713054,0.14990226924419403,0.996999979019165,0.5654000043869019
YHR129C,YNL321W,0,-6.9720597,0.14987973868846893,0.996999979019165,0.565500020980835
YDR429C,YML012W,0,-6.972506,0.14985720813274384,0.996999979019165,0.5655999779701233
YJL223C,YHR036W,0,-6.97261,0.14983469247817993,0.996999979019165,0.5656999945640564
YNL158W,YNL151C,0,-6.9726124,0.14981217682361603,0.996999979019165,0.5658000111579895
YLR137W,YGL261C,0,-6.9737086,0.14978966116905212,0.996999979019165,0.5659000277519226
YPL118W,YOL030W,0,-6.9740252,0.14976716041564941,0.996999979019165,0.5659999847412109
YKL096W,YDR469W,0,-6.9753695,0.1497446745634079,0.996999979019165,0.566100001335144
YDR122W,YIL132C,0,-6.9756227,0.1497221738100052,0.996999979019165,0.5662000179290771
YOR373W,YMR196W,0,-6.9757957,0.14969970285892487,0.996999979019165,0.5662999749183655
YLR021W,YNR041C,0,-6.9765415,0.14967723190784454,0.996999979019165,0.5663999915122986
YBR286W,YJL158C,0,-6.9767003,0.14965476095676422,0.996999979019165,0.5665000081062317
YER052C,YHR202W,0,-6.977112,0.1496323049068451,0.996999979019165,0.5666000247001648
YPR153W,YOR133W,0,-6.9776974,0.14960984885692596,0.996999979019165,0.5666999816894531
YDR065W,YCL008C,0,-6.978809,0.14958739280700684,0.996999979019165,0.5667999982833862
YNL245C,YLR404W,0,-6.979132,0.1495649516582489,0.996999979019165,0.5669000148773193
YCR047C,YKL188C,0,-6.979635,0.14954252541065216,0.996999979019165,0.5669999718666077
YDR263C,YEL062W,0,-6.9820466,0.14952009916305542,0.996999979019165,0.5670999884605408
YAL015C,YIR013C,0,-6.983995,0.14949767291545868,0.996999979019165,0.5672000050544739
YOR131C,YPL047W,0,-6.984198,0.14947526156902313,0.996999979019165,0.567300021648407
YOR243C,YLR387C,0,-6.9846263,0.14945285022258759,0.996999979019165,0.5673999786376953
YJR070C,YOR092W,0,-6.984803,0.14943045377731323,0.996999979019165,0.5674999952316284
YOR354C,YLR337C,0,-6.9850388,0.14940805733203888,0.996999979019165,0.5676000118255615
YGR183C,YGL064C,0,-6.985362,0.14938567578792572,0.996999979019165,0.5677000284194946
YDR043C,YOR362C,0,-6.9864454,0.14936329424381256,0.996999979019165,0.567799985408783
YJL073W,YOL141W,0,-6.987154,0.1493409276008606,0.996999979019165,0.5679000020027161
YLL055W,YOL157C,0,-6.9898725,0.14931856095790863,0.996999979019165,0.5680000185966492
YDR497C,YPL170W,0,-6.9899693,0.14929619431495667,0.996999979019165,0.5680999755859375
YJL164C,YOL038W,0,-6.991303,0.1492738425731659,0.996999979019165,0.5681999921798706
YOL009C,YBR002C,0,-6.9924045,0.14925149083137512,0.996999979019165,0.5683000087738037
YGR170W,YGR255C,0,-6.99311,0.14922915399074554,0.996999979019165,0.5684000253677368
YCR084C,YKR036C,0,-6.9932284,0.14920681715011597,0.996999979019165,0.5684999823570251
YBR243C,YGL070C,0,-6.9946103,0.14918449521064758,0.996999979019165,0.5685999989509583
YHR194W,YOR133W,0,-6.9949183,0.1491621732711792,0.996999979019165,0.5687000155448914
YGR094W,YGL192W,0,-6.9958186,0.149139866232872,0.996999979019165,0.5687999725341797
YDR038C,YGL196W,0,-6.995894,0.14911755919456482,0.996999979019165,0.5688999891281128
YMR131C,YBR214W,0,-6.997067,0.14909525215625763,0.996999979019165,0.5690000057220459
YDL199C,YMR188C,0,-6.9984555,0.14907296001911163,0.996999979019165,0.569100022315979
YAL026C,YMR257C,0,-6.998546,0.14905068278312683,0.996999979019165,0.5691999793052673
YBR166C,YNL086W,0,-6.998771,0.14902840554714203,0.996999979019165,0.5692999958992004
YBR181C,YHR129C,0,-7.000276,0.14900612831115723,0.996999979019165,0.5694000124931335
YGL249W,YGL175C,0,-7.001179,0.14898386597633362,0.996999979019165,0.5695000290870667
YPL076W,YBR275C,0,-7.0013237,0.14896160364151,0.996999979019165,0.569599986076355
YLR443W,YPR028W,0,-7.0014935,0.1489393413066864,0.996999979019165,0.5697000026702881
YBR039W,YFL029C,0,-7.0053506,0.14891710877418518,0.996999979019165,0.5698000192642212
YKL003C,YDR446W,0,-7.0069594,0.14889486134052277,0.996999979019165,0.5698999762535095
YPR025C,YDL122W,0,-7.0075383,0.14887262880802155,0.996999979019165,0.5699999928474426
YPL064C,YNL251C,0,-7.0077767,0.14885039627552032,0.996999979019165,0.5701000094413757
YHR047C,YLL038C,0,-7.007875,0.1488281786441803,0.996999979019165,0.5702000260353088
YKL116C,YLR449W,0,-7.009179,0.14880597591400146,0.996999979019165,0.5702999830245972
YDR503C,YBR202W,0,-7.009316,0.14878375828266144,0.996999979019165,0.5703999996185303
YFL017W-A,YGL163C,0,-7.009817,0.1487615704536438,0.996999979019165,0.5705000162124634
YBR065C,YCR017C,0,-7.0109153,0.14873936772346497,0.996999979019165,0.5705999732017517
YBR073W,YHR216W,0,-7.0111785,0.14871717989444733,0.996999979019165,0.5706999897956848
YPR038W,YOR062C,0,-7.0114923,0.14869500696659088,0.996999979019165,0.5708000063896179
YBR026C,YAL015C,0,-7.0135665,0.14867283403873444,0.996999979019165,0.570900022983551
YPR029C,YPL242C,0,-7.0143113,0.148650661110878,0.996999979019165,0.5709999799728394
YLR359W,YMR244C-A,0,-7.0151486,0.14862850308418274,0.996999979019165,0.5710999965667725
YCR026C,YDR380W,0,-7.0153346,0.1486063450574875,0.996999979019165,0.5712000131607056
YJR155W,YPL270W,0,-7.0156684,0.14858420193195343,0.996999979019165,0.5713000297546387
YBL069W,YGR144W,0,-7.017095,0.14856205880641937,0.996999979019165,0.571399986743927
YNL156C,YER118C,0,-7.017258,0.1485399305820465,0.996999979019165,0.5715000033378601
YLR258W,YBR143C,0,-7.0174527,0.14851780235767365,0.996999979019165,0.5716000199317932
YOL119C,YIL136W,0,-7.0178,0.14849567413330078,0.996999979019165,0.5716999769210815
YIL168W,YPR162C,0,-7.0180006,0.1484735608100891,0.996999979019165,0.5717999935150146
YGL026C,YDR214W,0,-7.0181613,0.14845146238803864,0.996999979019165,0.5719000101089478
YPL184C,YGL196W,0,-7.018986,0.14842936396598816,0.996999979019165,0.5720000267028809
YMR142C,YDR213W,0,-7.019833,0.14840726554393768,0.996999979019165,0.5720999836921692
YKL008C,YAL001C,0,-7.0200853,0.1483851820230484,0.996999979019165,0.5722000002861023
YBR161W,YGR222W,0,-7.0212164,0.14836309850215912,0.996999979019165,0.5723000168800354
YLR441C,YIL120W,0,-7.0212545,0.14834101498126984,0.996999979019165,0.5723999738693237
YPR019W,YHR202W,0,-7.0217843,0.14831894636154175,0.996999979019165,0.5724999904632568
YPL218W,YBL076C,0,-7.0220194,0.14829689264297485,0.996999979019165,0.5726000070571899
YDR005C,YLR368W,0,-7.024669,0.14827483892440796,0.996999979019165,0.572700023651123
YKL093W,YDR088C,0,-7.0247946,0.14825278520584106,0.996999979019165,0.5727999806404114
YJL045W,YOR003W,0,-7.0250306,0.14823074638843536,0.996999979019165,0.5728999972343445
YOR354C,YNR020C,0,-7.0251803,0.14820870757102966,0.996999979019165,0.5730000138282776
YFR024C,YDR523C,0,-7.025293,0.14818668365478516,0.996999979019165,0.5730999708175659
YNL102W,YBL098W,0,-7.0255523,0.14816465973854065,0.996999979019165,0.573199987411499
YDR100W,YKL004W,0,-7.026535,0.14814265072345734,0.996999979019165,0.5733000040054321
YDL126C,YGL001C,0,-7.026882,0.14812064170837402,0.996999979019165,0.5734000205993652
YLR389C,YGL256W,0,-7.027886,0.1480986326932907,0.996999979019165,0.5734999775886536
YPL271W,YDL035C,0,-7.028642,0.1480766385793686,0.996999979019165,0.5735999941825867
YDR190C,YBL099W,0,-7.03044,0.14805464446544647,0.996999979019165,0.5737000107765198
YOL008W,YGR078C,0,-7.0306726,0.14803266525268555,0.996999979019165,0.5738000273704529
YHR011W,YDL043C,0,-7.0307097,0.14801068603992462,0.996999979019165,0.5738999843597412
YBL064C,YLR166C,0,-7.0309954,0.1479887217283249,0.996999979019165,0.5740000009536743
YGL151W,YEL042W,0,-7.03206,0.14796675741672516,0.996999979019165,0.5741000175476074
YGL196W,YDR466W,0,-7.032066,0.14794479310512543,0.996999979019165,0.5741999745368958
YLR001C,YGL108C,0,-7.03212,0.1479228436946869,0.996999979019165,0.5742999911308289
YPL147W,YNL339C,0,-7.033661,0.14790090918540955,0.996999979019165,0.574400007724762
YKL005C,YJL170C,0,-7.034125,0.1478789746761322,0.996999979019165,0.5745000243186951
YDR079W,YHR073W,0,-7.0367503,0.14785704016685486,0.996999979019165,0.5745999813079834
YKL061W,YDL120W,0,-7.0401025,0.14783510565757751,0.996999979019165,0.5746999979019165
YJL127C-B,YBR001C,0,-7.040181,0.14781320095062256,0.996999979019165,0.5748000144958496
YBR039W,YMR296C,0,-7.040188,0.1477912813425064,0.996999979019165,0.5748999714851379
YMR244C-A,YNR072W,0,-7.040845,0.14776937663555145,0.996999979019165,0.574999988079071
YBL055C,YDR399W,0,-7.0421643,0.1477474868297577,0.996999979019165,0.5751000046730042
YGL137W,YGR036C,0,-7.042332,0.14772558212280273,0.996999979019165,0.5752000212669373
YDR320C-A,YKR075C,0,-7.0424166,0.14770370721817017,0.996999979019165,0.5752999782562256
YLR381W,YLR099W-A,0,-7.0424166,0.1476818323135376,0.996999979019165,0.5753999948501587
YJR127C,YFL011W-A,0,-7.0424294,0.14765995740890503,0.996999979019165,0.5755000114440918
YFL034C-A,YOL133W,0,-7.043077,0.14763808250427246,0.996999979019165,0.5756000280380249
YKL157W,YJR084W,0,-7.04466,0.1476162225008011,0.996999979019165,0.5756999850273132
YKL222C,YDL156W,0,-7.0447145,0.1475943773984909,0.996999979019165,0.5758000016212463
YBR127C,YJL177W,0,-7.045298,0.14757253229618073,0.996999979019165,0.5759000182151794
YNL085W,YJL162C,0,-7.0458326,0.14755068719387054,0.996999979019165,0.5759999752044678
YPL183C,YKL178C,0,-7.0479646,0.14752885699272156,0.996999979019165,0.5760999917984009
YER124C,YOR142W,0,-7.0483227,0.14750702679157257,0.996999979019165,0.576200008392334
YDL235C,YER124C,0,-7.048594,0.14748521149158478,0.996999979019165,0.5763000249862671
YGL148W,YMR019W,0,-7.0486856,0.14746339619159698,0.996999979019165,0.5763999819755554
YGL207W,YDL098C,0,-7.048693,0.1474415808916092,0.996999979019165,0.5764999985694885
YAR028W,YHL022C,0,-7.0490413,0.1474197804927826,0.996999979019165,0.5766000151634216
YJL171C,YER078C,0,-7.0495896,0.1473979949951172,0.996999979019165,0.57669997215271
YIL098C,YBR110W,0,-7.050092,0.1473761945962906,0.996999979019165,0.5767999887466431
YGL156W,YNL156C,0,-7.050129,0.14735442399978638,0.996999979019165,0.5769000053405762
YBR168W,YPR180W,0,-7.05022,0.14733263850212097,0.996999979019165,0.5770000219345093
YMR083W,YML101C,0,-7.0509667,0.14731086790561676,0.996999979019165,0.5770999789237976
YER040W,YKL105C,0,-7.051249,0.14728911221027374,0.996999979019165,0.5771999955177307
YJL029C,YNL153C,0,-7.0512614,0.14726735651493073,0.996999979019165,0.5773000121116638
YOL031C,YAL068C,0,-7.051824,0.1472456008195877,0.996999979019165,0.5774000287055969
YKR089C,YHL032C,0,-7.0525107,0.14722386002540588,0.996999979019165,0.5774999856948853
YJL138C,YGR263C,0,-7.0530343,0.14720211923122406,0.996999979019165,0.5776000022888184
YDR050C,YGR053C,0,-7.0532584,0.14718039333820343,0.996999979019165,0.5777000188827515
YER171W,YLL061W,0,-7.0539927,0.1471586674451828,0.996999979019165,0.5777999758720398
YGR032W,YMR024W,0,-7.055534,0.14713695645332336,0.996999979019165,0.5778999924659729
YCR096C,YDL179W,0,-7.0556445,0.14711524546146393,0.996999979019165,0.578000009059906
YKL133C,YFR031C-A,0,-7.056129,0.1470935344696045,0.996999979019165,0.5781000256538391
YDR500C,YGL250W,0,-7.0563617,0.14707183837890625,0.996999979019165,0.5781999826431274
YNL335W,YOR298W,0,-7.0572696,0.147050142288208,0.996999979019165,0.5782999992370605
YOL090W,YFL029C,0,-7.0593266,0.14702846109867096,0.996999979019165,0.5784000158309937
YLR250W,YML066C,0,-7.059725,0.1470067799091339,0.996999979019165,0.578499972820282
YLR066W,YFL034C-B,0,-7.0598903,0.14698511362075806,0.996999979019165,0.5785999894142151
YMR199W,YLR292C,0,-7.0609713,0.1469634473323822,0.996999979019165,0.5787000060081482
YDR076W,YLR314C,0,-7.061933,0.14694178104400635,0.996999979019165,0.5788000226020813
YIL126W,YML081C-A,0,-7.06261,0.1469201296567917,0.996999979019165,0.5788999795913696
YNL298W,YDL237W,0,-7.0629287,0.14689847826957703,0.996999979019165,0.5789999961853027
YGL056C,YIL111W,0,-7.063007,0.14687684178352356,0.996999979019165,0.5791000127792358
YLR414C,YPL023C,0,-7.0630374,0.1468552052974701,0.996999979019165,0.579200029373169
YDR228C,YPR054W,0,-7.0633864,0.14683358371257782,0.996999979019165,0.5792999863624573
YLR187W,YJR054W,0,-7.0642323,0.14681196212768555,0.996999979019165,0.5794000029563904
YOR073W,YPL233W,0,-7.065579,0.14679034054279327,0.996999979019165,0.5795000195503235
YOL137W,YNL329C,0,-7.0661445,0.1467687338590622,0.996999979019165,0.5795999765396118
YDL078C,YGR060W,0,-7.0667357,0.14674712717533112,0.996999979019165,0.5796999931335449
YFR013W,YBR233W-A,0,-7.0675483,0.14672553539276123,0.996999979019165,0.579800009727478
YBL091C-A,YKL155C,0,-7.0676246,0.14670394361019135,0.996999979019165,0.5799000263214111
YLR203C,YAL062W,0,-7.067682,0.14668236672878265,0.996999979019165,0.5799999833106995
YNL315C,YGL044C,0,-7.069646,0.14666078984737396,0.996999979019165,0.5800999999046326
YNL292W,YGR244C,0,-7.0711203,0.14663921296596527,0.996999979019165,0.5802000164985657
YDL107W,YIL043C,0,-7.071406,0.14661765098571777,0.996999979019165,0.580299973487854
YGL245W,YNL148C,0,-7.0717826,0.14659608900547028,0.996999979019165,0.5803999900817871
YOR033C,YMR120C,0,-7.072999,0.14657454192638397,0.996999979019165,0.5805000066757202
YCL045C,YOR372C,0,-7.0730686,0.14655299484729767,0.996999979019165,0.5806000232696533
YNR012W,YNL288W,0,-7.073674,0.14653144776821136,0.996999979019165,0.5806999802589417
YDR352W,YJR140C,0,-7.0737147,0.14650991559028625,0.996999979019165,0.5807999968528748
YCR010C,YBR059C,0,-7.074494,0.14648839831352234,0.996999979019165,0.5809000134468079
YLR233C,YBL076C,0,-7.075191,0.14646686613559723,0.996999979019165,0.5809999704360962
YFR050C,YJL159W,0,-7.075831,0.1464453637599945,0.996999979019165,0.5810999870300293
YJL173C,YMR043W,0,-7.0763974,0.1464238464832306,0.996999979019165,0.5812000036239624
YJR059W,YJR150C,0,-7.076949,0.14640234410762787,0.996999979019165,0.5813000202178955
YHR153C,YGR216C,0,-7.077276,0.14638085663318634,0.996999979019165,0.5813999772071838
YML015C,YCR071C,0,-7.0773206,0.1463593691587448,0.996999979019165,0.5814999938011169
YJL111W,YDR337W,0,-7.078119,0.14633788168430328,0.996999979019165,0.58160001039505
YJR138W,YLR390W-A,0,-7.0783625,0.14631640911102295,0.996999979019165,0.5817000269889832
YMR114C,YNL233W,0,-7.0789914,0.14629493653774261,0.996999979019165,0.5817999839782715
YLR283W,YJL225C,0,-7.0792875,0.14627347886562347,0.996999979019165,0.5819000005722046
YDR069C,YOR088W,0,-7.07943,0.14625202119350433,0.996999979019165,0.5820000171661377
YDL156W,YPR157W,0,-7.08167,0.1462305635213852,0.996999979019165,0.582099974155426
YBR159W,YGR283C,0,-7.0820384,0.14620912075042725,0.996999979019165,0.5821999907493591
YNL146W,YNL097C,0,-7.083403,0.1461876779794693,0.996999979019165,0.5823000073432922
YPR025C,YLR037C,0,-7.0835547,0.14616625010967255,0.996999979019165,0.5824000239372253
YPL246C,YJL012C,0,-7.0839553,0.1461448222398758,0.996999979019165,0.5824999809265137
YHR043C,YPR089W,0,-7.0839696,0.14612340927124023,0.996999979019165,0.5825999975204468
YMR041C,YOR042W,0,-7.0851192,0.14610199630260468,0.996999979019165,0.5827000141143799
YNL146W,YOR216C,0,-7.0856266,0.14608058333396912,0.996999979019165,0.5827999711036682
YKR046C,YLR368W,0,-7.086375,0.14605918526649475,0.996999979019165,0.5828999876976013
YER145C,YOR128C,0,-7.0878267,0.14603778719902039,0.996999979019165,0.5830000042915344
YHR113W,YLR154C,0,-7.0905766,0.14601640403270721,0.996999979019165,0.5831000208854675
YOL047C,YFL026W,0,-7.093928,0.14599502086639404,0.996999979019165,0.5831999778747559
YPL160W,YPR046W,0,-7.094465,0.14597365260124207,0.996999979019165,0.583299994468689
YOL019W,YOL102C,0,-7.096183,0.1459522694349289,0.996999979019165,0.5834000110626221
YNL009W,YKL214C,0,-7.0963283,0.1459309160709381,0.996999979019165,0.5835000276565552
YNL152W,YNL175C,0,-7.0976214,0.14590956270694733,0.996999979019165,0.5835999846458435
YBR254C,YPL178W,0,-7.098108,0.14588820934295654,0.996999979019165,0.5837000012397766
YFR027W,YLR006C,0,-7.098478,0.14586685597896576,0.996999979019165,0.5838000178337097
YLR335W,YMR034C,0,-7.098869,0.14584551751613617,0.996999979019165,0.583899974822998
YKR052C,YMR268W-A,0,-7.0990963,0.14582419395446777,0.996999979019165,0.5839999914169312
YKR071C,YNL252C,0,-7.1006894,0.14580287039279938,0.996999979019165,0.5841000080108643
YOR233W,YLR320W,0,-7.101566,0.14578154683113098,0.996999979019165,0.5842000246047974
YDR126W,YPL194W,0,-7.102019,0.14576023817062378,0.996999979019165,0.5842999815940857
YDR038C,YPL015C,0,-7.103159,0.14573892951011658,0.996999979019165,0.5843999981880188
YHR176W,YPL015C,0,-7.1035047,0.14571762084960938,0.996999979019165,0.5845000147819519
YPL154C,YDR522C,0,-7.1038346,0.14569632709026337,0.996999979019165,0.5845999717712402
YGL062W,YBR198C,0,-7.10402,0.14567504823207855,0.996999979019165,0.5846999883651733
YHR002W,YGL054C,0,-7.1066813,0.14565375447273254,0.996999979019165,0.5848000049591064
YJR133W,YML027W,0,-7.1076083,0.14563249051570892,0.996999979019165,0.5849000215530396
YGR294W,YNL246W,0,-7.1080375,0.1456112116575241,0.996999979019165,0.5849999785423279
YBL071W-A,YMR089C,0,-7.1106706,0.1455899477005005,0.996999979019165,0.585099995136261
YBL082C,YML008C,0,-7.1109295,0.14556869864463806,0.996999979019165,0.5852000117301941
YLR021W,YLR300W,0,-7.111385,0.14554744958877563,0.996999979019165,0.5853000283241272
YGL179C,YCL057W,0,-7.111421,0.1455262005329132,0.996999979019165,0.5853999853134155
YML062C,YBR301W,0,-7.1116743,0.14550496637821198,0.996999979019165,0.5855000019073486
YER068W,YML014W,0,-7.1124115,0.14548373222351074,0.996999979019165,0.5856000185012817
YHL015W,YML036W,0,-7.1125026,0.1454624980688095,0.996999979019165,0.5856999754905701
YML121W,YKL149C,0,-7.112661,0.14544127881526947,0.996999979019165,0.5857999920845032
YMR077C,YMR209C,0,-7.112861,0.14542007446289062,0.996999979019165,0.5859000086784363
YBL090W,YNL192W,0,-7.112923,0.14539885520935059,0.996999979019165,0.5860000252723694
YKL218C,YGR266W,0,-7.113129,0.14537766575813293,0.996999979019165,0.5860999822616577
YOL023W,YOR204W,0,-7.1141114,0.1453564614057541,0.996999979019165,0.5861999988555908
YPR085C,YGL115W,0,-7.1155815,0.14533527195453644,0.996999979019165,0.5863000154495239
YFL008W,YPR154W,0,-7.116326,0.14531409740447998,0.996999979019165,0.5863999724388123
YGL127C,YDL103C,0,-7.11662,0.14529292285442352,0.996999979019165,0.5864999890327454
YGL071W,YCL005W,0,-7.1166825,0.14527174830436707,0.996999979019165,0.5866000056266785
YJR043C,YNL091W,0,-7.1168823,0.1452505886554718,0.996999979019165,0.5867000222206116
YGR215W,YNL300W,0,-7.118016,0.14522942900657654,0.996999979019165,0.5867999792098999
YMR227C,YER046W,0,-7.1213107,0.14520826935768127,0.996999979019165,0.586899995803833
YCR096C,YPL171C,0,-7.121609,0.1451871246099472,0.996999979019165,0.5870000123977661
YNR074C,YCR094W,0,-7.1218667,0.14516597986221313,0.996999979019165,0.5871000289916992
YGR059W,YHL015W,0,-7.122433,0.14514485001564026,0.996999979019165,0.5871999859809875
YKR014C,YDL198C,0,-7.122645,0.14512372016906738,0.996999979019165,0.5873000025749207
YLL014W,YIR010W,0,-7.1240597,0.1451026052236557,0.996999979019165,0.5874000191688538
YNL241C,YFR027W,0,-7.1257787,0.14508149027824402,0.996999979019165,0.5874999761581421
YOR136W,YNR043W,0,-7.126138,0.14506037533283234,0.996999979019165,0.5875999927520752
YLR201C,YBR147W,0,-7.128551,0.14503927528858185,0.996999979019165,0.5877000093460083
YIL140W,YDR539W,0,-7.1294084,0.14501817524433136,0.996999979019165,0.5878000259399414
YCR096C,YOL004W,0,-7.1296616,0.14499709010124207,0.996999979019165,0.5878999829292297
YOL023W,YDR527W,0,-7.1301556,0.14497600495815277,0.996999979019165,0.5879999995231628
YEL070W,YGL249W,0,-7.131211,0.14495493471622467,0.996999979019165,0.588100016117096
YJL223C,YDR523C,0,-7.1321845,0.14493384957313538,0.996999979019165,0.5881999731063843
YKL195W,YGR098C,0,-7.133189,0.14491279423236847,0.996999979019165,0.5882999897003174
YBR087W,YDR430C,0,-7.1336627,0.14489172399044037,0.996999979019165,0.5884000062942505
YDR434W,YFL006W,0,-7.133696,0.14487068355083466,0.996999979019165,0.5885000228881836
YJL091C,YJL097W,0,-7.1359005,0.14484962821006775,0.996999979019165,0.5885999798774719
YFL056C,YMR296C,0,-7.135916,0.14482858777046204,0.996999979019165,0.588699996471405
YGR165W,YNL044W,0,-7.1381392,0.14480754733085632,0.996999979019165,0.5888000130653381
YOL052C,YPL070W,0,-7.1386695,0.1447865217924118,0.996999979019165,0.5889000296592712
YPR028W,YOR095C,0,-7.139098,0.14476549625396729,0.996999979019165,0.5889999866485596
YOL155C,YPR180W,0,-7.139463,0.14474448561668396,0.996999979019165,0.5891000032424927
YGR155W,YLR242C,0,-7.1395683,0.14472347497940063,0.996999979019165,0.5892000198364258
YJR091C,YMR256C,0,-7.1401725,0.1447024643421173,0.996999979019165,0.5892999768257141
YJR067C,YAR020C,0,-7.140285,0.14468146860599518,0.996999979019165,0.5893999934196472
YHR029C,YAL062W,0,-7.1412883,0.14466047286987305,0.996999979019165,0.5895000100135803
YKL041W,YOR042W,0,-7.141578,0.1446394920349121,0.996999979019165,0.5896000266075134
YMR149W,YBR220C,0,-7.142477,0.14461851119995117,0.996999979019165,0.5896999835968018
YJL012C-A,YGR012W,0,-7.1430006,0.14459753036499023,0.996999979019165,0.5898000001907349
YER053C-A,YDR387C,0,-7.1430006,0.1445765644311905,0.996999979019165,0.589900016784668
YOR291W,YBL029C-A,0,-7.1430006,0.14455559849739075,0.996999979019165,0.5899999737739563
YGR036C,YLR099W-A,0,-7.1430006,0.1445346474647522,0.996999979019165,0.5900999903678894
YNL181W,YDL184C,0,-7.1443963,0.14451369643211365,0.996999979019165,0.5902000069618225
YCR037C,YIL127C,0,-7.1444044,0.1444927603006363,0.996999979019165,0.5903000235557556
YGL126W,YGR296W,0,-7.1451483,0.14447180926799774,0.996999979019165,0.590399980545044
YKL141W,YGR292W,0,-7.1456504,0.14445088803768158,0.996999979019165,0.590499997138977
YER119C,YFL018C,0,-7.147034,0.14442995190620422,0.996999979019165,0.5906000137329102
YJL018W,YBR126C,0,-7.148697,0.14440904557704926,0.996999979019165,0.5906999707221985
YFL050C,YIR032C,0,-7.148806,0.1443881243467331,0.996999979019165,0.5907999873161316
YCR079W,YOR229W,0,-7.1489406,0.14436721801757812,0.996999979019165,0.5909000039100647
YPL088W,YKL081W,0,-7.148996,0.14434631168842316,0.996999979019165,0.5910000205039978
YBR048W,YAL016W,0,-7.149155,0.14432542026042938,0.996999979019165,0.5910999774932861
YLR404W,YMR201C,0,-7.1498303,0.1443045288324356,0.996999979019165,0.5911999940872192
YEL052W,YGL020C,0,-7.15,0.14428365230560303,0.996999979019165,0.5913000106811523
YDR332W,YLR120C,0,-7.1518035,0.14426277577877045,0.996999979019165,0.5914000272750854
YGR041W,YDR497C,0,-7.152388,0.14424189925193787,0.996999979019165,0.5914999842643738
YOL097C,YDR222W,0,-7.1526613,0.14422103762626648,0.996999979019165,0.5916000008583069
YLR443W,YOL062C,0,-7.153828,0.1442001760005951,0.996999979019165,0.59170001745224
YAR050W,YBR118W,0,-7.154575,0.1441793143749237,0.996999979019165,0.5917999744415283
YOR278W,YBL047C,0,-7.1552925,0.1441584676504135,0.996999979019165,0.5918999910354614
YBL030C,YMR283C,0,-7.155339,0.14413763582706451,0.996999979019165,0.5920000076293945
YOL165C,YBR005W,0,-7.155469,0.14411680400371552,0.996999979019165,0.5921000242233276
YGR084C,YGL215W,0,-7.155561,0.14409597218036652,0.996999979019165,0.592199981212616
YAL056W,YLR100W,0,-7.1558146,0.14407514035701752,0.996999979019165,0.5922999978065491
YLR150W,YOR356W,0,-7.156673,0.1440543234348297,0.996999979019165,0.5924000144004822
YOR020C,YHR073W,0,-7.1572566,0.1440335214138031,0.996999979019165,0.5924999713897705
YMR259C,YMR096W,0,-7.1585684,0.1440127044916153,0.996999979019165,0.5925999879837036
YGR125W,YDL197C,0,-7.159269,0.14399191737174988,0.996999979019165,0.5927000045776367
YHR117W,YKL163W,0,-7.159291,0.14397111535072327,0.996999979019165,0.5928000211715698
YPR200C,YOR372C,0,-7.159705,0.14395032823085785,0.996999979019165,0.5928999781608582
YOR161C,YPL032C,0,-7.1603584,0.14392955601215363,0.996999979019165,0.5929999947547913
YDL243C,YOR066W,0,-7.1614127,0.1439087688922882,0.996999979019165,0.5931000113487244
YLR384C,YPL271W,0,-7.162008,0.14388801157474518,0.996999979019165,0.5932000279426575
YCR065W,YBR299W,0,-7.1623306,0.14386723935604095,0.996999979019165,0.5932999849319458
YKR002W,YIR010W,0,-7.1627326,0.14384648203849792,0.996999979019165,0.5934000015258789
YNL020C,YBR275C,0,-7.1639533,0.1438257396221161,0.996999979019165,0.593500018119812
YPR132W,YOR175C,0,-7.1645694,0.14380499720573425,0.996999979019165,0.5935999751091003
YER177W,YOL102C,0,-7.165086,0.14378425478935242,0.996999979019165,0.5936999917030334
YBL082C,YHR061C,0,-7.1656,0.14376351237297058,0.996999979019165,0.5938000082969666
YHR041C,YGL063W,0,-7.166357,0.14374278485774994,0.996999979019165,0.5939000248908997
YHR129C,YLL050C,0,-7.1671786,0.1437220722436905,0.996999979019165,0.593999981880188
YHR043C,YMR197C,0,-7.167669,0.14370135962963104,0.996999979019165,0.5940999984741211
YLR014C,YPR083W,0,-7.168157,0.1436806470155716,0.996999979019165,0.5942000150680542
YMR278W,YMR072W,0,-7.16833,0.14365994930267334,0.996999979019165,0.5942999720573425
YHL035C,YGR043C,0,-7.1688385,0.14363925158977509,0.996999979019165,0.5943999886512756
YPL128C,YBL035C,0,-7.1691413,0.14361855387687683,0.996999979019165,0.5945000052452087
YKL020C,YGR070W,0,-7.171482,0.14359787106513977,0.996999979019165,0.5946000218391418
YMR021C,YPR097W,0,-7.171489,0.1435771882534027,0.996999979019165,0.5946999788284302
YDR050C,YJR053W,0,-7.1720185,0.14355652034282684,0.996999979019165,0.5947999954223633
YDL145C,YPL165C,0,-7.172896,0.14353585243225098,0.996999979019165,0.5949000120162964
YLR059C,YJL008C,0,-7.173702,0.1435151845216751,0.996999979019165,0.5950000286102295
YNR020C,YML028W,0,-7.1739907,0.14349453151226044,0.996999979019165,0.5950999855995178
YPR002W,YDR088C,0,-7.1761622,0.14347387850284576,0.996999979019165,0.5952000021934509
YML034W,YIL145C,0,-7.1766543,0.14345324039459229,0.996999979019165,0.595300018787384
YGR287C,YEL038W,0,-7.1766915,0.1434326022863388,0.996999979019165,0.5953999757766724
YLR466W,YFL062W,0,-7.17718,0.14341196417808533,0.996999979019165,0.5954999923706055
YLR109W,YIL130W,0,-7.177324,0.14339134097099304,0.996999979019165,0.5956000089645386
YML034W,YGL070C,0,-7.1778364,0.14337071776390076,0.996999979019165,0.5957000255584717
YBR163W,YML095C,0,-7.178181,0.14335010945796967,0.996999979019165,0.59579998254776
YPR125W,YLR027C,0,-7.180999,0.14332950115203857,0.996999979019165,0.5958999991416931
YOL116W,YOR043W,0,-7.181481,0.14330889284610748,0.996999979019165,0.5960000157356262
YGL049C,YDR529C,0,-7.1817083,0.14328829944133759,0.996999979019165,0.5960999727249146
YGR271W,YNL100W,0,-7.183377,0.1432677060365677,0.996999979019165,0.5961999893188477
YAR018C,YOR148C,0,-7.1837316,0.14324712753295898,0.996999979019165,0.5963000059127808
YGR271W,YOR384W,0,-7.1842017,0.14322654902935028,0.996999979019165,0.5964000225067139
YPL098C,YMR094W,0,-7.186019,0.14320597052574158,0.996999979019165,0.5964999794960022
YBR162W-A,YNL336W,0,-7.186705,0.14318540692329407,0.996999979019165,0.5965999960899353
YOL027C,YPL074W,0,-7.187232,0.14316484332084656,0.996999979019165,0.5967000126838684
YBR187W,YHR178W,0,-7.187603,0.14314429461956024,0.996999979019165,0.5968000292778015
YMR203W,YJL012C,0,-7.188287,0.14312374591827393,0.996999979019165,0.5968999862670898
YGL168W,YGR194C,0,-7.1894,0.1431031972169876,0.996999979019165,0.597000002861023
YNL058C,YNL137C,0,-7.189572,0.1430826634168625,0.996999979019165,0.597100019454956
YGL114W,YKL027W,0,-7.1908383,0.14306212961673737,0.996999979019165,0.5971999764442444
YKL224C,YDL216C,0,-7.190841,0.14304161071777344,0.996999979019165,0.5972999930381775
YGR113W,YMR110C,0,-7.19428,0.1430210918188095,0.996999979019165,0.5974000096321106
YPL066W,YHR175W,0,-7.1945834,0.14300057291984558,0.996999979019165,0.5975000262260437
YML059C,YLL018C-A,0,-7.1946845,0.14298006892204285,0.996999979019165,0.597599983215332
YBR169C,YMR143W,0,-7.1968455,0.1429595649242401,0.996999979019165,0.5976999998092651
YML062C,YAL032C,0,-7.197018,0.14293906092643738,0.996999979019165,0.5978000164031982
YMR065W,YNL098C,0,-7.1976347,0.14291857182979584,0.996999979019165,0.5978999733924866
YLL002W,YPL106C,0,-7.1977086,0.1428980976343155,0.996999979019165,0.5979999899864197
YDR027C,YBR017C,0,-7.1979012,0.14287760853767395,0.996999979019165,0.5981000065803528
YOR021C,YEL062W,0,-7.1979365,0.1428571492433548,0.996999979019165,0.5982000231742859
YDR056C,YNL180C,0,-7.1998096,0.14283667504787445,0.996999979019165,0.5982999801635742
YLR069C,YPR180W,0,-7.201045,0.1428162157535553,0.996999979019165,0.5983999967575073
YHR119W,YHR076W,0,-7.2017207,0.14279575645923615,0.996999979019165,0.5985000133514404
YJL111W,YKL179C,0,-7.2021413,0.14277531206607819,0.996999979019165,0.5985999703407288
YOR071C,YJR044C,0,-7.204284,0.14275486767292023,0.996999979019165,0.5986999869346619
YNL275W,YNL339C,0,-7.204399,0.14273443818092346,0.996999979019165,0.598800003528595
YDR107C,YMR077C,0,-7.206012,0.1427139937877655,0.996999979019165,0.5989000201225281
YDR534C,YGL144C,0,-7.20614,0.14269357919692993,0.996999979019165,0.5989999771118164
YLL041C,YPL072W,0,-7.2067733,0.14267314970493317,0.996999979019165,0.5990999937057495
YPR036W,YDR056C,0,-7.207152,0.1426527351140976,0.996999979019165,0.5992000102996826
YGR165W,YER017C,0,-7.2073855,0.14263233542442322,0.996999979019165,0.5993000268936157
YPL128C,YBR136W,0,-7.2095194,0.14261193573474884,0.996999979019165,0.599399983882904
YDL212W,YPR133W-A,0,-7.2104754,0.14259153604507446,0.996999979019165,0.5995000004768372
YOL156W,YOR278W,0,-7.2110143,0.14257113635540009,0.996999979019165,0.5996000170707703
YGR296W,YDR377W,0,-7.2120256,0.1425507515668869,0.996999979019165,0.5996999740600586
YOR269W,YHR165C,0,-7.2121825,0.1425303816795349,0.996999979019165,0.5997999906539917
YAL011W,YFL005W,0,-7.212649,0.14251001179218292,0.996999979019165,0.5999000072479248
YDR359C,YGL105W,0,-7.2127633,0.14248964190483093,0.996999979019165,0.6000000238418579
YMR292W,YIL165C,0,-7.218682,0.14246927201747894,0.996999979019165,0.6000999808311462
YPL154C,YKR055W,0,-7.220136,0.14244891703128815,0.996999979019165,0.6001999974250793
YPL004C,YBR250W,0,-7.220743,0.14242857694625854,0.996999979019165,0.6003000140190125
YDR144C,YBR147W,0,-7.2220845,0.14240822196006775,0.996999979019165,0.6003999710083008
YMR081C,YIL119C,0,-7.2235456,0.14238788187503815,0.996999979019165,0.6004999876022339
YGR092W,YPL258C,0,-7.225915,0.14236755669116974,0.996999979019165,0.600600004196167
YHR034C,YCR018C,1,-7.22709,0.14248999953269958,0.9980000257492065,0.600600004196167
YDR173C,YOR189W,0,-7.227799,0.14246965944766998,0.9980000257492065,0.6007000207901001
YNL070W,YOR079C,0,-7.2283583,0.14244933426380157,0.9980000257492065,0.6007999777793884
YMR296C,YML050W,0,-7.228397,0.14242899417877197,0.9980000257492065,0.6008999943733215
YMR304W,YEL068C,0,-7.2286663,0.14240866899490356,0.9980000257492065,0.6010000109672546
YJL223C,YDL102W,0,-7.2288804,0.14238835871219635,0.9980000257492065,0.6011000275611877
YDR106W,YEL058W,0,-7.229056,0.14236804842948914,0.9980000257492065,0.6011999845504761
YPR153W,YJL074C,0,-7.2294264,0.14234773814678192,0.9980000257492065,0.6013000011444092
YLR095C,YBR188C,0,-7.229875,0.1423274427652359,0.9980000257492065,0.6014000177383423
YCL014W,YGR099W,0,-7.230031,0.14230714738368988,0.9980000257492065,0.6014999747276306
YLR042C,YLR360W,0,-7.2314343,0.14228685200214386,0.9980000257492065,0.6015999913215637
YDL045C,YOR003W,0,-7.231712,0.14226657152175903,0.9980000257492065,0.6017000079154968
YGR180C,YCL005W,0,-7.233396,0.1422462910413742,0.9980000257492065,0.6018000245094299
YBL035C,YJL162C,0,-7.233705,0.14222602546215057,0.9980000257492065,0.6018999814987183
YMR318C,YCR076C,0,-7.234197,0.14220575988292694,0.9980000257492065,0.6019999980926514
YJR109C,YBR021W,0,-7.2344785,0.1421854943037033,0.9980000257492065,0.6021000146865845
YBL090W,YOR192C,0,-7.236082,0.14216524362564087,0.9980000257492065,0.6021999716758728
YKL080W,YNL020C,0,-7.2366996,0.14214499294757843,0.9980000257492065,0.6022999882698059
YLR362W,YGL195W,0,-7.237229,0.14212475717067719,0.9980000257492065,0.602400004863739
YPL281C,YDL195W,0,-7.238023,0.14210450649261475,0.9980000257492065,0.6025000214576721
YFL010W-A,YNL243W,0,-7.2401557,0.1420842856168747,0.9980000257492065,0.6025999784469604
YHL028W,YNL016W,0,-7.241528,0.14206404983997345,0.9980000257492065,0.6026999950408936
YML029W,YBR199W,0,-7.242106,0.1420438438653946,0.9980000257492065,0.6028000116348267
YKR077W,YER174C,0,-7.242972,0.14202362298965454,0.9980000257492065,0.6029000282287598
YKL023W,YLL052C,0,-7.243443,0.14200341701507568,0.9980000257492065,0.6029999852180481
YJR068W,YNL176C,0,-7.2434583,0.14198321104049683,0.9980000257492065,0.6031000018119812
YJR017C,YOR232W,0,-7.244431,0.14196301996707916,0.9980000257492065,0.6032000184059143
YER098W,YPL141C,0,-7.2447567,0.1419428288936615,0.9980000257492065,0.6032999753952026
YNL033W,YOL069W,0,-7.2458816,0.14192263782024384,0.9980000257492065,0.6033999919891357
YBR070C,YJR082C,0,-7.2464194,0.14190246164798737,0.9980000257492065,0.6035000085830688
YLR095C,YJR068W,0,-7.248074,0.1418822854757309,0.9980000257492065,0.603600025177002
YDR331W,YMR072W,0,-7.2485557,0.14186212420463562,0.9980000257492065,0.6036999821662903
YCR083W,YJR015W,0,-7.249463,0.14184196293354034,0.9980000257492065,0.6037999987602234
YGR169C,YIL145C,0,-7.2507825,0.14182180166244507,0.9980000257492065,0.6039000153541565
YOR285W,YEL037C,0,-7.2515044,0.141801655292511,0.9980000257492065,0.6039999723434448
YMR312W,YBR022W,0,-7.251796,0.1417815089225769,0.9980000257492065,0.6040999889373779
YGR215W,YNL023C,0,-7.252222,0.14176136255264282,0.9980000257492065,0.604200005531311
YLR020C,YBR302C,0,-7.253123,0.14174123108386993,0.9980000257492065,0.6043000221252441
YPR046W,YPR079W,0,-7.25328,0.14172109961509705,0.9980000257492065,0.6043999791145325
YDR066C,YMR026C,0,-7.2543736,0.14170098304748535,0.9980000257492065,0.6044999957084656
YIL139C,YPR154W,0,-7.2557383,0.14168086647987366,0.9980000257492065,0.6046000123023987
YER153C,YBL025W,0,-7.258204,0.14166074991226196,0.9980000257492065,0.6047000288963318
YBL061C,YHL022C,0,-7.2585645,0.14164064824581146,0.9980000257492065,0.6047999858856201
YBR199W,YDR277C,0,-7.2595186,0.14162054657936096,0.9980000257492065,0.6049000024795532
YCL052C,YMR260C,0,-7.259633,0.14160045981407166,0.9980000257492065,0.6050000190734863
YMR137C,YCR021C,0,-7.2625203,0.14158037304878235,0.9980000257492065,0.6050999760627747
YAL055W,YNL180C,0,-7.2630577,0.14156028628349304,0.9980000257492065,0.6051999926567078
YOR172W,YDR534C,0,-7.263858,0.14154021441936493,0.9980000257492065,0.6053000092506409
YDR052C,YIR015W,0,-7.26471,0.14152014255523682,0.9980000257492065,0.605400025844574
YBR212W,YDR084C,0,-7.2651157,0.1415000706911087,0.9980000257492065,0.6054999828338623
YNL046W,YPL010W,0,-7.2661347,0.14148001372814178,0.9980000257492065,0.6055999994277954
YOR044W,YKR003W,0,-7.2662406,0.14145995676517487,0.9980000257492065,0.6057000160217285
YPL036W,YOR350C,0,-7.2668147,0.14143991470336914,0.9980000257492065,0.6057999730110168
YHR039C-A,YDL246C,0,-7.2673607,0.14141987264156342,0.9980000257492065,0.60589998960495
YGL064C,YJL111W,0,-7.2677064,0.1413998305797577,0.9980000257492065,0.6060000061988831
YGL046W,YPR119W,0,-7.267756,0.14137980341911316,0.9980000257492065,0.6061000227928162
YKL224C,YDL142C,0,-7.270325,0.14135977625846863,0.9980000257492065,0.6061999797821045
YML123C,YGL104C,0,-7.2713284,0.1413397490978241,0.9980000257492065,0.6062999963760376
YBR154C,YJR076C,0,-7.271493,0.14131973683834076,0.9980000257492065,0.6064000129699707
YDR500C,YDR368W,0,-7.272621,0.14129972457885742,0.9980000257492065,0.6065000295639038
YMR122W-A,YPR153W,0,-7.2744126,0.14127972722053528,0.9980000257492065,0.6065999865531921
YDL043C,YNL081C,0,-7.2744317,0.14125972986221313,0.9980000257492065,0.6067000031471252
YPL066W,YHR026W,0,-7.2762218,0.141239732503891,0.9980000257492065,0.6068000197410583
YCL040W,YOL112W,0,-7.277576,0.14121975004673004,0.9980000257492065,0.6068999767303467
YKL062W,YPL141C,0,-7.278202,0.1411997675895691,0.9980000257492065,0.6069999933242798
YPR024W,YNL289W,0,-7.2789497,0.14117980003356934,0.9980000257492065,0.6071000099182129
YBL045C,YCL048W,0,-7.2795577,0.14115983247756958,0.9980000257492065,0.607200026512146
YEL051W,YKL055C,0,-7.2799153,0.14113986492156982,0.9980000257492065,0.6072999835014343
YGR221C,YGL001C,0,-7.280171,0.14111991226673126,0.9980000257492065,0.6074000000953674
YBR089C-A,YKR064W,0,-7.2826467,0.1410999596118927,0.9980000257492065,0.6075000166893005
YNL218W,YDL150W,0,-7.282966,0.14108000695705414,0.9980000257492065,0.6075999736785889
YLR042C,YBL007C,0,-7.2836857,0.14106006920337677,0.9980000257492065,0.607699990272522
YCR075C,YKR008W,0,-7.284116,0.1410401314496994,0.9980000257492065,0.6078000068664551
YLL019C,YNL257C,0,-7.2846446,0.14102020859718323,0.9980000257492065,0.6079000234603882
YAL011W,YKR084C,0,-7.2848306,0.14100028574466705,0.9980000257492065,0.6079999804496765
YBR001C,YLR405W,0,-7.285704,0.14098036289215088,0.9980000257492065,0.6080999970436096
YOL023W,YMR203W,0,-7.285967,0.1409604549407959,0.9980000257492065,0.6082000136375427
YDR079W,YNL131W,0,-7.2866063,0.14094054698944092,0.9980000257492065,0.608299970626831
YGL077C,YLR024C,0,-7.287048,0.14092063903808594,0.9980000257492065,0.6083999872207642
YNL001W,YMR035W,0,-7.2871585,0.14090074598789215,0.9980000257492065,0.6085000038146973
YNR013C,YKL222C,0,-7.2875805,0.14088085293769836,0.9980000257492065,0.6086000204086304
YNL134C,YCR086W,0,-7.2878175,0.14086097478866577,0.9980000257492065,0.6086999773979187
YPL065W,YGL136C,0,-7.287933,0.14084109663963318,0.9980000257492065,0.6087999939918518
YPL218W,YHR025W,0,-7.2890277,0.14082121849060059,0.9980000257492065,0.6089000105857849
YLR039C,YDL220C,0,-7.2903857,0.1408013552427292,0.9980000257492065,0.609000027179718
YNL098C,YGR144W,0,-7.2908716,0.1407814919948578,0.9980000257492065,0.6090999841690063
YKL005C,YBR017C,0,-7.2909155,0.1407616287469864,0.9980000257492065,0.6092000007629395
YDR298C,YOR128C,0,-7.2910295,0.14074178040027618,0.9980000257492065,0.6093000173568726
YIL009C-A,YPR066W,0,-7.2927914,0.14072194695472717,0.9980000257492065,0.6093999743461609
YML051W,YPL227C,0,-7.2932854,0.14070209860801697,0.9980000257492065,0.609499990940094
YOR386W,YIL121W,0,-7.293532,0.14068226516246796,0.9980000257492065,0.6096000075340271
YJR109C,YPR175W,0,-7.2940106,0.14066243171691895,0.9980000257492065,0.6097000241279602
YFR009W,YNR020C,0,-7.294721,0.14064261317253113,0.9980000257492065,0.6097999811172485
YDR050C,YGL090W,0,-7.2949667,0.1406227946281433,0.9980000257492065,0.6098999977111816
YHR116W,YGL018C,0,-7.2953463,0.1406029909849167,0.9980000257492065,0.6100000143051147
YJR097W,YMR232W,0,-7.2954965,0.14058318734169006,0.9980000257492065,0.6100999712944031
YGR189C,YBR110W,0,-7.2959857,0.14056338369846344,0.9980000257492065,0.6101999878883362
YBR067C,YCR020W-B,0,-7.296018,0.14054358005523682,0.9980000257492065,0.6103000044822693
YOL030W,YKR008W,0,-7.2976074,0.1405237913131714,0.9980000257492065,0.6104000210762024
YNL059C,YBR208C,0,-7.2977376,0.14050401747226715,0.9980000257492065,0.6104999780654907
YHL047C,YMR233W,0,-7.2999682,0.14048422873020172,0.9980000257492065,0.6105999946594238
YAR008W,YDL022W,0,-7.3001065,0.14046445488929749,0.9980000257492065,0.6107000112533569
YJL170C,YPR021C,0,-7.301005,0.14044469594955444,0.9980000257492065,0.61080002784729
YLR387C,YKL104C,0,-7.302243,0.1404249370098114,0.9980000257492065,0.6108999848365784
YJR017C,YGL140C,0,-7.3023567,0.14040517807006836,0.9980000257492065,0.6110000014305115
YNL187W,YLR121C,0,-7.3033853,0.1403854340314865,0.9980000257492065,0.6111000180244446
YOL002C,YML036W,0,-7.3036814,0.14036567509174347,0.9980000257492065,0.6111999750137329
YGL129C,YGR184C,0,-7.304045,0.14034594595432281,0.9980000257492065,0.611299991607666
YNL247W,YML131W,0,-7.304416,0.14032620191574097,0.9980000257492065,0.6114000082015991
YNL327W,YPL100W,0,-7.3048487,0.1403064876794815,0.9980000257492065,0.6115000247955322
YOR363C,YLR405W,0,-7.3048987,0.14028675854206085,0.9980000257492065,0.6115999817848206
YDL246C,YKR066C,0,-7.3049855,0.1402670443058014,0.9980000257492065,0.6116999983787537
YNL245C,YNL288W,0,-7.3055725,0.14024733006954193,0.9980000257492065,0.6118000149726868
YLR118C,YOL034W,0,-7.306072,0.14022763073444366,0.9980000257492065,0.6118999719619751
YDR019C,YML104C,0,-7.3071265,0.1402079164981842,0.9980000257492065,0.6119999885559082
YGL233W,YMR233W,0,-7.307795,0.14018823206424713,0.9980000257492065,0.6121000051498413
YDL165W,YER139C,0,-7.3087974,0.14016853272914886,0.9980000257492065,0.6122000217437744
YGL134W,YPR046W,0,-7.3091373,0.1401488482952118,0.9980000257492065,0.6122999787330627
YNL090W,YBR050C,0,-7.3101854,0.1401291787624359,0.9980000257492065,0.6123999953269958
YJL055W,YDR456W,0,-7.3104205,0.14010950922966003,0.9980000257492065,0.612500011920929
YOR259C,YDR397C,0,-7.31074,0.14008983969688416,0.9980000257492065,0.6126000285148621
YOR288C,YKR016W,0,-7.3112755,0.14007017016410828,0.9980000257492065,0.6126999855041504
YOL111C,YDL122W,0,-7.312324,0.1400505155324936,0.9980000257492065,0.6128000020980835
YJR104C,YML006C,0,-7.312354,0.1400308758020401,0.9980000257492065,0.6129000186920166
YHR102W,YIL085C,0,-7.313047,0.14001122117042542,0.9980000257492065,0.6129999756813049
YMR318C,YGR078C,0,-7.3140483,0.13999158143997192,0.9980000257492065,0.613099992275238
YKL108W,YER056C-A,0,-7.31467,0.13997195661067963,0.9980000257492065,0.6132000088691711
YER041W,YJL143W,0,-7.3152027,0.13995231688022614,0.9980000257492065,0.6133000254631042
YNL289W,YER150W,0,-7.3152843,0.13993269205093384,0.9980000257492065,0.6133999824523926
YLL019C,YDL217C,0,-7.315991,0.13991308212280273,0.9980000257492065,0.6134999990463257
YJR118C,YAL061W,0,-7.3162384,0.13989347219467163,0.9980000257492065,0.6136000156402588
YLR200W,YDL159W,0,-7.318995,0.13987386226654053,0.9980000257492065,0.6136999726295471
YOR211C,YDR328C,0,-7.319078,0.13985426723957062,0.9980000257492065,0.6137999892234802
YNL204C,YNL062C,0,-7.3208647,0.13983465731143951,0.9980000257492065,0.6139000058174133
YGR071C,YAL010C,0,-7.3213377,0.1398150771856308,0.9980000257492065,0.6140000224113464
YNL070W,YGR165W,0,-7.3244653,0.1397954821586609,0.9980000257492065,0.6140999794006348
YLR403W,YLR023C,0,-7.325294,0.13977591693401337,0.9980000257492065,0.6141999959945679
YPL183W-A,YOR216C,0,-7.3263817,0.13975633680820465,0.9980000257492065,0.614300012588501
YER141W,YJR126C,0,-7.3268495,0.13973677158355713,0.9980000257492065,0.6144000291824341
YGR167W,YGL055W,0,-7.3280005,0.1397172063589096,0.9980000257492065,0.6144999861717224
YDL127W,YMR127C,0,-7.3286223,0.13969764113426208,0.9980000257492065,0.6146000027656555
YJR155W,YLR209C,0,-7.329008,0.13967809081077576,0.9980000257492065,0.6147000193595886
YGL100W,YDR418W,0,-7.3295565,0.13965855538845062,0.9980000257492065,0.614799976348877
YGL133W,YBL087C,0,-7.3298984,0.1396390050649643,0.9980000257492065,0.6148999929428101
YPL072W,YBR046C,0,-7.329915,0.13961946964263916,0.9980000257492065,0.6150000095367432
YGR077C,YHR119W,0,-7.33151,0.13959994912147522,0.9980000257492065,0.6151000261306763
YGR092W,YMR056C,0,-7.3320007,0.13958041369915009,0.9980000257492065,0.6151999831199646
YGL027C,YOL064C,0,-7.3321557,0.13956089317798615,0.9980000257492065,0.6152999997138977
YCL029C,YDR040C,0,-7.3328977,0.1395413875579834,0.9980000257492065,0.6154000163078308
YPL063W,YNL194C,0,-7.3329167,0.13952188193798065,0.9980000257492065,0.6154999732971191
YCL034W,YJR053W,0,-7.333431,0.1395023763179779,0.9980000257492065,0.6155999898910522
YFR032C-A,YDR362C,0,-7.3340883,0.13948288559913635,0.9980000257492065,0.6157000064849854
YGL011C,YDR418W,0,-7.335465,0.1394633799791336,0.9980000257492065,0.6158000230789185
YDR532C,YOR228C,0,-7.335481,0.13944390416145325,0.9980000257492065,0.6158999800682068
YBR048W,YHR132C,0,-7.3356814,0.1394244134426117,0.9980000257492065,0.6159999966621399
YDR510W,YLR075W,0,-7.3371854,0.13940493762493134,0.9980000257492065,0.616100013256073
YLR105C,YIL155C,0,-7.3373237,0.13938547670841217,0.9980000257492065,0.6161999702453613
YMR284W,YML133C,0,-7.3383904,0.139366015791893,0.9980000257492065,0.6162999868392944
YHR043C,YKR066C,0,-7.339084,0.13934655487537384,0.9980000257492065,0.6164000034332275
YER172C,YCL027W,0,-7.3397937,0.13932709395885468,0.9980000257492065,0.6165000200271606
YJR106W,YBR125C,0,-7.3427405,0.1393076479434967,0.9980000257492065,0.616599977016449
YNL204C,YNL331C,0,-7.3431582,0.13928820192813873,0.9980000257492065,0.6166999936103821
YPL086C,YFL059W,0,-7.3456693,0.13926877081394196,0.9980000257492065,0.6168000102043152
YGL049C,YML076C,0,-7.345839,0.13924933969974518,0.9980000257492065,0.6169000267982483
YGL179C,YML049C,0,-7.3459067,0.1392299085855484,0.9980000257492065,0.6169999837875366
YPL037C,YOR285W,0,-7.3459096,0.13921049237251282,0.9980000257492065,0.6171000003814697
YDR447C,YCL048W,0,-7.347684,0.13919107615947723,0.9980000257492065,0.6172000169754028
YPR071W,YDR484W,0,-7.3492937,0.13917165994644165,0.9980000257492065,0.6172999739646912
YER040W,YLR401C,0,-7.350526,0.13915225863456726,0.9980000257492065,0.6173999905586243
YFL050C,YIL148W,0,-7.3509464,0.13913285732269287,0.9980000257492065,0.6175000071525574
YOR152C,YGR113W,0,-7.351152,0.13911347091197968,0.9980000257492065,0.6176000237464905
YKR039W,YDL142C,0,-7.3518734,0.13909406960010529,0.9980000257492065,0.6176999807357788
YNL152W,YOR275C,0,-7.3524785,0.13907469809055328,0.9980000257492065,0.6177999973297119
YAL067C,YDL122W,0,-7.3530674,0.1390553116798401,0.9980000257492065,0.617900013923645
YKR001C,YNL236W,0,-7.353593,0.13903594017028809,0.9980000257492065,0.6179999709129333
YOL090W,YGR013W,0,-7.354475,0.13901658356189728,0.9980000257492065,0.6180999875068665
YBL066C,YBL047C,0,-7.355182,0.13899721205234528,0.9980000257492065,0.6182000041007996
YMR283C,YPR129W,0,-7.3559446,0.13897785544395447,0.9980000257492065,0.6183000206947327
YOR209C,YBR153W,0,-7.3574233,0.13895851373672485,0.9980000257492065,0.618399977684021
YLR399C,YNL192W,0,-7.357725,0.13893915712833405,0.9980000257492065,0.6184999942779541
YPR057W,YMR026C,0,-7.3595924,0.13891981542110443,0.9980000257492065,0.6186000108718872
YKL114C,YDR032C,0,-7.3607087,0.138900488615036,0.9980000257492065,0.6187000274658203
YDR435C,YHR039C-A,0,-7.3617053,0.1388811618089676,0.9980000257492065,0.6187999844551086
YJL087C,YOR158W,0,-7.3625455,0.13886183500289917,0.9980000257492065,0.6189000010490417
YNL030W,YBR180W,0,-7.3637676,0.13884250819683075,0.9980000257492065,0.6190000176429749
YOR264W,YAL017W,0,-7.3639197,0.13882319629192352,0.9980000257492065,0.6190999746322632
YNL196C,YDR225W,0,-7.3640018,0.1388038992881775,0.9980000257492065,0.6191999912261963
YNR024W,YKL165C,0,-7.3642654,0.13878458738327026,0.9980000257492065,0.6193000078201294
YJL185C,YLR191W,0,-7.3653264,0.13876529037952423,0.9980000257492065,0.6194000244140625
YBL050W,YJL020C,0,-7.3657784,0.1387460082769394,0.9980000257492065,0.6194999814033508
YJL018W,YJR082C,0,-7.365852,0.13872671127319336,0.9980000257492065,0.6195999979972839
YMR054W,YBR280C,0,-7.3683896,0.13870742917060852,0.9980000257492065,0.619700014591217
YLR013W,YLR121C,0,-7.368711,0.13868816196918488,0.9980000257492065,0.6197999715805054
YGL201C,YDR379W,0,-7.3707047,0.13866889476776123,0.9980000257492065,0.6198999881744385
YGL263W,YDR454C,0,-7.371424,0.13864962756633759,0.9980000257492065,0.6200000047683716
YOR349W,YER052C,0,-7.3727517,0.13863036036491394,0.9980000257492065,0.6201000213623047
YKL182W,YPL258C,0,-7.373957,0.1386111080646515,0.9980000257492065,0.620199978351593
YNL026W,YDR179C,0,-7.375613,0.13859185576438904,0.9980000257492065,0.6202999949455261
YOR120W,YDR434W,0,-7.3757772,0.13857261836528778,0.9980000257492065,0.6204000115394592
YDL235C,YPL194W,0,-7.377888,0.13855338096618652,0.9980000257492065,0.6205000281333923
YOR201C,YNL316C,0,-7.377908,0.13853414356708527,0.9980000257492065,0.6205999851226807
YML049C,YNL259C,0,-7.3786235,0.1385149210691452,0.9980000257492065,0.6207000017166138
YOL090W,YIL132C,0,-7.3788753,0.13849569857120514,0.9980000257492065,0.6208000183105469
YPR026W,YDL076C,0,-7.378891,0.13847647607326508,0.9980000257492065,0.6208999752998352
YLR010C,YJL087C,0,-7.378913,0.1384572684764862,0.9980000257492065,0.6209999918937683
YPR133C,YGL205W,0,-7.3794384,0.13843806087970734,0.9980000257492065,0.6211000084877014
YPR188C,YNR022C,0,-7.379497,0.13841886818408966,0.9980000257492065,0.6212000250816345
YKL024C,YGR043C,0,-7.379997,0.1383996605873108,0.9980000257492065,0.6212999820709229
YKR021W,YJR009C,0,-7.3815894,0.1383804827928543,0.9980000257492065,0.621399998664856
YNL281W,YDR380W,0,-7.3819714,0.13836129009723663,0.9980000257492065,0.6215000152587891
YJR151C,YCR038C,0,-7.3823314,0.13834211230278015,0.9980000257492065,0.6215999722480774
YGL186C,YGR203W,0,-7.3824563,0.13832293450832367,0.9980000257492065,0.6216999888420105
YBL089W,YOR192C,0,-7.3830676,0.13830377161502838,0.9980000257492065,0.6218000054359436
YJL185C,YNL278W,0,-7.3840923,0.1382846087217331,0.9980000257492065,0.6219000220298767
YBR187W,YJL144W,0,-7.3841233,0.1382654458284378,0.9980000257492065,0.621999979019165
YGL010W,YNL006W,0,-7.384583,0.1382462978363037,0.9980000257492065,0.6220999956130981
YDR388W,YDR288W,0,-7.3849444,0.13822714984416962,0.9980000257492065,0.6222000122070312
YER111C,YNR036C,0,-7.3851395,0.13820800185203552,0.9980000257492065,0.6223000288009644
YNL157W,YML036W,0,-7.385204,0.13818886876106262,0.9980000257492065,0.6223999857902527
YCL038C,YPR095C,0,-7.3859577,0.13816973567008972,0.9980000257492065,0.6225000023841858
YPR038W,YFR046C,0,-7.386719,0.13815060257911682,0.9980000257492065,0.6226000189781189
YJL072C,YPL151C,0,-7.387258,0.13813148438930511,0.9980000257492065,0.6226999759674072
YJR017C,YKL194C,0,-7.38831,0.1381123661994934,0.9980000257492065,0.6227999925613403
YOR148C,YMR268W-A,0,-7.3889136,0.1380932629108429,0.9980000257492065,0.6229000091552734
YER070W,YPL106C,0,-7.3895454,0.13807415962219238,0.9980000257492065,0.6230000257492065
YJL023C,YGR166W,0,-7.3899007,0.13805505633354187,0.9980000257492065,0.6230999827384949
YDL091C,YBL056W,0,-7.3899283,0.13803596794605255,0.9980000257492065,0.623199999332428
YKL152C,YER076C,0,-7.3913655,0.13801686465740204,0.9980000257492065,0.6233000159263611
YGL162W,YIL011W,0,-7.3916755,0.1379977911710739,0.9980000257492065,0.6233999729156494
YCR012W,YPL204W,0,-7.392922,0.1379787027835846,0.9980000257492065,0.6234999895095825
YKR090W,YMR303C,0,-7.393048,0.13795962929725647,0.9980000257492065,0.6236000061035156
YGR180C,YLR314C,0,-7.39325,0.13794057071208954,0.9980000257492065,0.6237000226974487
YPL065W,YOR189W,0,-7.3961687,0.1379214972257614,0.9980000257492065,0.6237999796867371
YGR060W,YAL013W,0,-7.397391,0.13790243864059448,0.9980000257492065,0.6238999962806702
YMR227C,YJL106W,0,-7.398348,0.13788339495658875,0.9980000257492065,0.6240000128746033
YBR168W,YNR021W,0,-7.3983817,0.137864351272583,0.9980000257492065,0.6241000294685364
YNR067C,YBR031W,0,-7.3991933,0.13784530758857727,0.9980000257492065,0.6241999864578247
YDR473C,YNL291C,0,-7.399559,0.13782626390457153,0.9980000257492065,0.6243000030517578
YJL083W,YDL230W,0,-7.39969,0.137807235121727,0.9980000257492065,0.6244000196456909
YDL216C,YGL205W,0,-7.400061,0.13778820633888245,0.9980000257492065,0.6244999766349792
YJL170C,YEL037C,0,-7.4004235,0.1377691924571991,0.9980000257492065,0.6245999932289124
YNL095C,YDR409W,0,-7.402389,0.13775017857551575,0.9980000257492065,0.6247000098228455
YHL022C,YLR343W,0,-7.4025626,0.1377311646938324,0.9980000257492065,0.6248000264167786
YNL241C,YDR473C,0,-7.4035277,0.13771215081214905,0.9980000257492065,0.6248999834060669
YNL156C,YIL097W,0,-7.4047513,0.1376931518316269,0.9980000257492065,0.625
YJL012C-A,YGR206W,0,-7.404933,0.13767416775226593,0.9980000257492065,0.6251000165939331
YGR075C,YKL152C,0,-7.4054985,0.13765516877174377,0.9980000257492065,0.6251999735832214
YKL148C,YNR030W,0,-7.4068775,0.1376361846923828,0.9980000257492065,0.6252999901771545
YPL032C,YNR022C,0,-7.4073644,0.13761721551418304,0.9980000257492065,0.6254000067710876
YPL271W,YML076C,0,-7.4091926,0.13759823143482208,0.9980000257492065,0.6255000233650208
YDR347W,YDR079C-A,0,-7.4094033,0.13757926225662231,0.9980000257492065,0.6255999803543091
YMR257C,YMR251W-A,0,-7.4105344,0.13756030797958374,0.9980000257492065,0.6256999969482422
YMR078C,YIL136W,0,-7.4110537,0.13754133880138397,0.9980000257492065,0.6258000135421753
YPR061C,YOR372C,0,-7.4127517,0.1375223994255066,0.9980000257492065,0.6258999705314636
YOL078W,YDR258C,0,-7.4130344,0.13750344514846802,0.9980000257492065,0.6259999871253967
YER053C,YBR242W,0,-7.4144573,0.13748450577259064,0.9980000257492065,0.6261000037193298
YLR258W,YPL220W,0,-7.4144745,0.13746556639671326,0.9980000257492065,0.6262000203132629
YML034W,YPR188C,0,-7.4144826,0.13744662702083588,0.9980000257492065,0.6262999773025513
YOR172W,YBL103C,0,-7.4147058,0.1374277025461197,0.9980000257492065,0.6263999938964844
YNL267W,YOR007C,0,-7.4148474,0.1374087780714035,0.9980000257492065,0.6265000104904175
YDR100W,YOL096C,0,-7.4156575,0.1373898684978485,0.9980000257492065,0.6266000270843506
YNL280C,YGR285C,0,-7.417238,0.13737095892429352,0.9980000257492065,0.6266999840736389
YER086W,YHR072W,0,-7.4173703,0.13735204935073853,0.9980000257492065,0.626800000667572
YOR175C,YLR104W,0,-7.418052,0.13733315467834473,0.9980000257492065,0.6269000172615051
YDR296W,YNL333W,0,-7.41814,0.13731426000595093,0.9980000257492065,0.6269999742507935
YDR258C,YNL268W,0,-7.4183383,0.13729536533355713,0.9980000257492065,0.6270999908447266
YPL165C,YKL080W,0,-7.4188747,0.13727648556232452,0.9980000257492065,0.6272000074386597
YLR017W,YIL168W,0,-7.4189377,0.13725760579109192,0.9980000257492065,0.6273000240325928
YDL156W,YDR377W,0,-7.4200935,0.13723872601985931,0.9980000257492065,0.6273999810218811
YPL166W,YGR178C,0,-7.4205375,0.1372198611497879,0.9980000257492065,0.6274999976158142
YMR250W,YGL187C,0,-7.4241996,0.1372009962797165,0.9980000257492065,0.6276000142097473
YBR195C,YKR044W,0,-7.425108,0.13718213140964508,0.9980000257492065,0.6276999711990356
YCR029C-A,YDR465C,0,-7.42738,0.13716328144073486,0.9980000257492065,0.6277999877929688
YPL057C,YBR202W,0,-7.4277167,0.13714443147182465,0.9980000257492065,0.6279000043869019
YDR310C,YDR221W,0,-7.428717,0.13712558150291443,0.9980000257492065,0.628000020980835
YJL053W,YFL011W,0,-7.428903,0.1371067464351654,0.9980000257492065,0.6280999779701233
YGR184C,YBL063W,0,-7.4295716,0.13708791136741638,0.9980000257492065,0.6281999945640564
YOL023W,YNL154C,0,-7.429918,0.13706909120082855,0.9980000257492065,0.6283000111579895
YJL185C,YOR095C,0,-7.4299607,0.13705025613307953,0.9980000257492065,0.6284000277519226
YKL191W,YMR265C,0,-7.430484,0.1370314359664917,0.9980000257492065,0.6284999847412109
YDR435C,YDR422C,0,-7.4306555,0.13701263070106506,0.9980000257492065,0.628600001335144
YDL145C,YJR068W,0,-7.4308076,0.13699382543563843,0.9980000257492065,0.6287000179290771
YER068W,YIL003W,0,-7.430959,0.1369750201702118,0.9980000257492065,0.6287999749183655
YIL126W,YOR096W,0,-7.431516,0.13695622980594635,0.9980000257492065,0.6288999915122986
YMR013C,YPL210C,0,-7.431601,0.13693742454051971,0.9980000257492065,0.6290000081062317
YMR015C,YJR095W,0,-7.432798,0.13691864907741547,0.9980000257492065,0.6291000247001648
YGR175C,YPR079W,0,-7.4331546,0.13689985871315002,0.9980000257492065,0.6291999816894531
YHR171W,YBR082C,0,-7.433552,0.13688108325004578,0.9980000257492065,0.6292999982833862
YBR078W,YLR271W,0,-7.434179,0.13686230778694153,0.9980000257492065,0.6294000148773193
YDL075W,YKR016W,0,-7.434443,0.13684354722499847,0.9980000257492065,0.6294999718666077
YDR228C,YDR259C,0,-7.435106,0.13682478666305542,0.9980000257492065,0.6295999884605408
YPR156C,YJL041W,0,-7.4352508,0.13680602610111237,0.9980000257492065,0.6297000050544739
YOL156W,YGR170W,0,-7.435304,0.1367872804403305,0.9980000257492065,0.629800021648407
YGR140W,YGR067C,0,-7.4358525,0.13676853477954865,0.9980000257492065,0.6298999786376953
YOL052C-A,YBL057C,0,-7.4361567,0.13674978911876678,0.9980000257492065,0.6299999952316284
YPL164C,YJL012C,0,-7.439344,0.13673105835914612,0.9980000257492065,0.6301000118255615
YER114C,YNR072W,0,-7.439911,0.13671232759952545,0.9980000257492065,0.6302000284194946
YJL036W,YHR096C,0,-7.440783,0.13669359683990479,0.9980000257492065,0.630299985408783
YBR058C-A,YBL084C,0,-7.4411774,0.1366748809814453,0.9980000257492065,0.6304000020027161
YMR083W,YDL178W,0,-7.4421725,0.13665616512298584,0.9980000257492065,0.6305000185966492
YIL022W,YBL104C,0,-7.442377,0.13663746416568756,0.9980000257492065,0.6305999755859375
YDR025W,YCR076C,0,-7.442472,0.1366187483072281,0.9980000257492065,0.6306999921798706
YBR067C,YLR244C,0,-7.4427595,0.1366000473499298,0.9980000257492065,0.6308000087738037
YHR082C,YGR013W,0,-7.443534,0.13658136129379272,0.9980000257492065,0.6309000253677368
YOR075W,YKR034W,0,-7.4445457,0.13656267523765564,0.9980000257492065,0.6309999823570251
YPR180W,YIL004C,0,-7.445083,0.13654398918151855,0.9980000257492065,0.6310999989509583
YDR322C-A,YGR098C,0,-7.4453597,0.13652530312538147,0.9980000257492065,0.6312000155448914
YNR022C,YGR082W,0,-7.445636,0.13650663197040558,0.9980000257492065,0.6312999725341797
YER008C,YER124C,0,-7.4462843,0.1364879608154297,0.9980000257492065,0.6313999891281128
YDR407C,YDL236W,0,-7.4469275,0.136469304561615,0.9980000257492065,0.6315000057220459
YNL186W,YOR208W,0,-7.4469814,0.1364506483078003,0.9980000257492065,0.631600022315979
YML024W,YGR274C,0,-7.4472833,0.1364319920539856,0.9980000257492065,0.6316999793052673
YNL152W,YML027W,0,-7.447361,0.1364133358001709,0.9980000257492065,0.6317999958992004
YER007C-A,YML046W,0,-7.4473777,0.1363946944475174,0.9980000257492065,0.6319000124931335
YDR457W,YDR529C,0,-7.4475093,0.1363760530948639,0.9980000257492065,0.6320000290870667
YMR119W,YML028W,0,-7.447599,0.13635742664337158,0.9980000257492065,0.632099986076355
YMR025W,YEL029C,0,-7.448116,0.13633880019187927,0.9980000257492065,0.6322000026702881
YLL010C,YHR165C,0,-7.4505725,0.13632017374038696,0.9980000257492065,0.6323000192642212
YBR228W,YDR014W,0,-7.450673,0.13630156219005585,0.9980000257492065,0.6323999762535095
YPL281C,YDL231C,0,-7.4550858,0.13628295063972473,0.9980000257492065,0.6324999928474426
YBR019C,YNL091W,0,-7.4554353,0.13626433908939362,0.9980000257492065,0.6326000094413757
YLR187W,YBR200W,0,-7.4554367,0.1362457275390625,0.9980000257492065,0.6327000260353088
YML055W,YDR337W,0,-7.4567766,0.13622713088989258,0.9980000257492065,0.6327999830245972
YOR349W,YCR048W,0,-7.457152,0.13620854914188385,0.9980000257492065,0.6328999996185303
YPL228W,YCL004W,0,-7.458026,0.13618995249271393,0.9980000257492065,0.6330000162124634
YIL014W,YJL145W,0,-7.458241,0.1361713707447052,0.9980000257492065,0.6330999732017517
YPR101W,YBR074W,0,-7.458554,0.13615280389785767,0.9980000257492065,0.6331999897956848
YMR298W,YFL006W,0,-7.4586244,0.13613422214984894,0.9980000257492065,0.6333000063896179
YGL140C,YCR046C,0,-7.4590087,0.1361156553030014,0.9980000257492065,0.633400022983551
YDR463W,YBR010W,0,-7.4596972,0.13609708845615387,0.9980000257492065,0.6334999799728394
YNR015W,YBR250W,0,-7.4615364,0.13607853651046753,0.9980000257492065,0.6335999965667725
YJR052W,YER020W,0,-7.461748,0.1360599845647812,0.9980000257492065,0.6337000131607056
YML029W,YOR246C,0,-7.4631076,0.13604143261909485,0.9980000257492065,0.6338000297546387
YPR002W,YBR237W,0,-7.463124,0.1360228955745697,0.9980000257492065,0.633899986743927
YML094W,YLR309C,0,-7.4635897,0.13600435853004456,0.9980000257492065,0.6340000033378601
YDR096W,YNL316C,0,-7.4638004,0.1359858363866806,0.9980000257492065,0.6341000199317932
YDL212W,YPL139C,0,-7.464332,0.13596729934215546,0.9980000257492065,0.6341999769210815
YMR159C,YLR264W,0,-7.4644055,0.1359487771987915,0.9980000257492065,0.6342999935150146
YKL093W,YKR056W,0,-7.4661436,0.13593026995658875,0.9980000257492065,0.6344000101089478
YPL180W,YJL177W,0,-7.466753,0.1359117478132248,0.9980000257492065,0.6345000267028809
YER048W-A,YLR127C,0,-7.466839,0.13589324057102203,0.9980000257492065,0.6345999836921692
YIL133C,YOR104W,0,-7.468812,0.13587474822998047,0.9980000257492065,0.6347000002861023
YGR084C,YKL103C,0,-7.469398,0.1358562409877777,0.9980000257492065,0.6348000168800354
YOL045W,YAR002W,0,-7.469856,0.13583776354789734,0.9980000257492065,0.6348999738693237
YGL101W,YOR030W,0,-7.4702454,0.13581927120685577,0.9980000257492065,0.6349999904632568
YKL218C,YNL249C,0,-7.4705267,0.1358007937669754,0.9980000257492065,0.6351000070571899
YMR278W,YDL117W,0,-7.4726896,0.13578231632709503,0.9980000257492065,0.635200023651123
YBR286W,YHR039C,0,-7.472749,0.13576383888721466,0.9980000257492065,0.6352999806404114
YMR215W,YGL082W,0,-7.473036,0.13574537634849548,0.9980000257492065,0.6353999972343445
YBR287W,YJL105W,0,-7.4735427,0.1357269138097763,0.9980000257492065,0.6355000138282776
YOR347C,YOR208W,0,-7.473594,0.13570845127105713,0.9980000257492065,0.6355999708175659
YNR043W,YJR147W,0,-7.4747977,0.13569000363349915,0.9980000257492065,0.635699987411499
YNL051W,YPR173C,0,-7.475073,0.13567155599594116,0.9980000257492065,0.6358000040054321
YKL148C,YIL119C,0,-7.4759936,0.13565312325954437,0.9980000257492065,0.6359000205993652
YKR079C,YOL065C,0,-7.476281,0.13563469052314758,0.9980000257492065,0.6359999775886536
YER104W,YHL030W,0,-7.477592,0.1356162577867508,0.9980000257492065,0.6360999941825867
YNR035C,YBR261C,0,-7.4780746,0.135597825050354,0.9980000257492065,0.6362000107765198
YOR363C,YIL134W,0,-7.4785357,0.1355794072151184,0.9980000257492065,0.6363000273704529
YHR119W,YOR192C,0,-7.478848,0.1355609893798828,0.9980000257492065,0.6363999843597412
YKL061W,YDR129C,0,-7.4804854,0.13554257154464722,0.9980000257492065,0.6365000009536743
YNL192W,YMR092C,0,-7.4808736,0.13552416861057281,0.9980000257492065,0.6366000175476074
YML132W,YDR159W,0,-7.48097,0.1355057656764984,0.9980000257492065,0.6366999745368958
YEL015W,YKL189W,0,-7.482802,0.1354873776435852,0.9980000257492065,0.6367999911308289
YLR443W,YNR017W,0,-7.484044,0.135468989610672,0.9980000257492065,0.636900007724762
YLR001C,YHR154W,0,-7.4841475,0.1354506015777588,0.9980000257492065,0.6370000243186951
YDL210W,YGR101W,0,-7.4842362,0.13543221354484558,0.9980000257492065,0.6370999813079834
YHR009C,YNL145W,0,-7.486799,0.13541384041309357,0.9980000257492065,0.6371999979019165
YBR221C,YJL024C,0,-7.48696,0.13539546728134155,0.9980000257492065,0.6373000144958496
YLR142W,YMR055C,0,-7.4875646,0.13537710905075073,0.9980000257492065,0.6373999714851379
YIL044C,YOR226C,0,-7.4886622,0.13535873591899872,0.9980000257492065,0.637499988079071
YGL234W,YLR312C,0,-7.489409,0.1353403776884079,0.9980000257492065,0.6376000046730042
YML011C,YJL093C,0,-7.4897532,0.13532203435897827,0.9980000257492065,0.6377000212669373
YAL026C,YLR447C,0,-7.4907894,0.13530369102954865,0.9980000257492065,0.6377999782562256
YKL191W,YOR069W,0,-7.4908037,0.13528534770011902,0.9980000257492065,0.6378999948501587
YDR093W,YHR157W,0,-7.4915624,0.1352670043706894,0.9980000257492065,0.6380000114440918
YMR195W,YKL189W,0,-7.4944186,0.13524867594242096,0.9980000257492065,0.6381000280380249
YJL170C,YDL146W,0,-7.4950395,0.13523034751415253,0.9980000257492065,0.6381999850273132
YHR101C,YML070W,0,-7.497769,0.1352120339870453,0.9980000257492065,0.6383000016212463
YHR064C,YML017W,0,-7.497797,0.13519372045993805,0.9980000257492065,0.6384000182151794
YMR303C,YNR010W,0,-7.4985995,0.1351754069328308,0.9980000257492065,0.6384999752044678
YDR310C,YJL157C,0,-7.4988165,0.13515709340572357,0.9980000257492065,0.6385999917984009
YPL065W,YDL197C,0,-7.500451,0.13513879477977753,0.9980000257492065,0.638700008392334
YPL195W,YJL158C,0,-7.5007324,0.13512049615383148,0.9980000257492065,0.6388000249862671
YGR278W,YER007C-A,0,-7.5008025,0.13510221242904663,0.9980000257492065,0.6388999819755554
YNL159C,YOR234C,0,-7.501016,0.13508391380310059,0.9980000257492065,0.6389999985694885
YNL241C,YJR131W,0,-7.501523,0.13506564497947693,0.9980000257492065,0.6391000151634216
YJR044C,YLR466W,0,-7.501751,0.13504736125469208,0.9980000257492065,0.63919997215271
YJL073W,YFL039C,0,-7.502998,0.13502909243106842,0.9980000257492065,0.6392999887466431
YKL094W,YCL033C,0,-7.504702,0.13501082360744476,0.9980000257492065,0.6394000053405762
YER117W,YBR107C,0,-7.5060763,0.1349925547838211,0.9980000257492065,0.6395000219345093
YNR035C,YGL240W,0,-7.506221,0.13497430086135864,0.9980000257492065,0.6395999789237976
YCR047C,YIR002C,0,-7.5062594,0.13495604693889618,0.9980000257492065,0.6396999955177307
YIL146C,YFR004W,0,-7.5076776,0.1349378079175949,0.9980000257492065,0.6398000121116638
YDR148C,YPL052W,0,-7.5121274,0.13491956889629364,0.9980000257492065,0.6399000287055969
YML048W,YHR167W,0,-7.512724,0.13490132987499237,0.9980000257492065,0.6399999856948853
YDL135C,YGR222W,0,-7.514075,0.1348830908536911,0.9980000257492065,0.6401000022888184
YHL002W,YJR159W,0,-7.5146117,0.13486486673355103,0.9980000257492065,0.6402000188827515
YPR004C,YBR008C,0,-7.5190682,0.13484664261341095,0.9980000257492065,0.6402999758720398
YOR285W,YGR241C,0,-7.519986,0.13482841849327087,0.9980000257492065,0.6403999924659729
YBR039W,YMR214W,0,-7.521561,0.134810209274292,0.9980000257492065,0.640500009059906
YNL045W,YML006C,0,-7.5217304,0.1347920000553131,0.9980000257492065,0.6406000256538391
YJR010C-A,YLR372W,0,-7.5221705,0.13477380573749542,0.9980000257492065,0.6406999826431274
YLR118C,YDR529C,0,-7.523583,0.13475559651851654,0.9980000257492065,0.6407999992370605
YKL088W,YDR523C,0,-7.523762,0.13473741710186005,0.9980000257492065,0.6409000158309937
YPL002C,YMR281W,0,-7.524651,0.13471922278404236,0.9980000257492065,0.640999972820282
YNL259C,YGR098C,0,-7.525172,0.13470104336738586,0.9980000257492065,0.6410999894142151
YDR147W,YLR353W,0,-7.525518,0.13468286395072937,0.9980000257492065,0.6412000060081482
YHR050W,YIL150C,0,-7.5267043,0.13466468453407288,0.9980000257492065,0.6413000226020813
YKL110C,YPL122C,0,-7.527637,0.13464652001857758,0.9980000257492065,0.6413999795913696
YNL216W,YMR169C,0,-7.529395,0.13462835550308228,0.9980000257492065,0.6414999961853027
YLR427W,YJR009C,0,-7.5307517,0.13461019098758698,0.9980000257492065,0.6416000127792358
YMR272C,YHR087W,0,-7.5308614,0.13459204137325287,0.9980000257492065,0.641700029373169
YDR379W,YJR107W,0,-7.5315185,0.13457389175891876,0.9980000257492065,0.6417999863624573
YLR422W,YLR314C,0,-7.5315876,0.13455575704574585,0.9980000257492065,0.6419000029563904
YML060W,YJR108W,0,-7.5323052,0.13453760743141174,0.9980000257492065,0.6420000195503235
YGR275W,YNL161W,0,-7.5324335,0.13451947271823883,0.9980000257492065,0.6420999765396118
YBR274W,YNR031C,0,-7.533781,0.1345013529062271,0.9980000257492065,0.6421999931335449
YBR243C,YKR095W,0,-7.5338798,0.1344832181930542,0.9980000257492065,0.642300009727478
YBR021W,YGR223C,0,-7.535158,0.13446509838104248,0.9980000257492065,0.6424000263214111
YER171W,YDR422C,0,-7.5354314,0.13444699347019196,0.9980000257492065,0.6424999833106995
YLR453C,YOL049W,0,-7.536533,0.13442887365818024,0.9980000257492065,0.6425999999046326
YBL101C,YNL236W,0,-7.537738,0.1344107687473297,0.9980000257492065,0.6427000164985657
YDL155W,YAL062W,0,-7.538269,0.13439267873764038,0.9980000257492065,0.642799973487854
YMR197C,YNR017W,0,-7.5394177,0.13437457382678986,0.9980000257492065,0.6428999900817871
YPL265W,YDR226W,0,-7.5397415,0.13435648381710052,0.9980000257492065,0.6430000066757202
YIL168W,YGR171C,0,-7.540312,0.1343384087085724,0.9980000257492065,0.6431000232696533
YEL013W,YGR171C,0,-7.541165,0.13432031869888306,0.9980000257492065,0.6431999802589417
YPR019W,YLR345W,0,-7.5417438,0.13430224359035492,0.9980000257492065,0.6432999968528748
YLR289W,YER116C,0,-7.5419803,0.13428418338298798,0.9980000257492065,0.6434000134468079
YDR069C,YJL108C,0,-7.5424595,0.13426610827445984,0.9980000257492065,0.6434999704360962
YGR277C,YMR110C,0,-7.545494,0.1342480480670929,0.9980000257492065,0.6435999870300293
YFR007W,YPR066W,0,-7.545831,0.13422998785972595,0.9980000257492065,0.6437000036239624
YPL064C,YDL170W,0,-7.545889,0.1342119425535202,0.9980000257492065,0.6438000202178955
YHR039C,YGR245C,0,-7.5484924,0.13419389724731445,0.9980000257492065,0.6438999772071838
YIL157C,YPL271W,0,-7.55052,0.1341758519411087,0.9980000257492065,0.6439999938011169
YFL008W,YLR187W,0,-7.5507374,0.13415782153606415,0.9980000257492065,0.64410001039505
YDL065C,YDL103C,0,-7.5514703,0.1341397911310196,0.9980000257492065,0.6442000269889832
YGR231C,YNR017W,0,-7.5516024,0.13412176072597504,0.9980000257492065,0.6442999839782715
YDR454C,YKL219W,0,-7.5524883,0.13410373032093048,0.9980000257492065,0.6444000005722046
YOR030W,YML028W,0,-7.5542235,0.13408571481704712,0.9980000257492065,0.6445000171661377
YPL038W,YPL057C,0,-7.5556498,0.13406769931316376,0.9980000257492065,0.644599974155426
YLL004W,YDR525W-A,0,-7.555972,0.1340496987104416,0.9980000257492065,0.6446999907493591
YLR019W,YCL055W,0,-7.556908,0.13403169810771942,0.9980000257492065,0.6448000073432922
YBR018C,YDL077C,0,-7.5575414,0.13401369750499725,0.9980000257492065,0.6449000239372253
YCR037C,YHR064C,0,-7.558554,0.13399569690227509,0.9980000257492065,0.6449999809265137
YGL060W,YMR199W,0,-7.561312,0.1339777112007141,0.9980000257492065,0.6450999975204468
YML097C,YDR004W,0,-7.561568,0.13395972549915314,0.9980000257492065,0.6452000141143799
YER022W,YMR138W,0,-7.561901,0.13394175469875336,0.9980000257492065,0.6452999711036682
YLR208W,YGL212W,0,-7.5620904,0.13392378389835358,0.9980000257492065,0.6453999876976013
YIL170W,YDR497C,0,-7.562197,0.1339058130979538,0.9980000257492065,0.6455000042915344
YDR394W,YNR075W,0,-7.562636,0.13388784229755402,0.9980000257492065,0.6456000208854675
YPL001W,YLR313C,0,-7.5626483,0.13386988639831543,0.9980000257492065,0.6456999778747559
YOL023W,YHR023W,0,-7.562856,0.13385193049907684,0.9980000257492065,0.645799994468689
YMR163C,YGR283C,0,-7.5633173,0.13383397459983826,0.9980000257492065,0.6459000110626221
YPR198W,YPL226W,0,-7.564034,0.13381603360176086,0.9980000257492065,0.6460000276565552
YER094C,YOR380W,0,-7.5657115,0.13379809260368347,0.9980000257492065,0.6460999846458435
YNL164C,YBR010W,0,-7.5661926,0.13378016650676727,0.9980000257492065,0.6462000012397766
YOL051W,YPR193C,0,-7.566814,0.13376222550868988,0.9980000257492065,0.6463000178337097
YGL045W,YPR194C,0,-7.5672727,0.13374429941177368,0.9980000257492065,0.646399974822998
YGR052W,YDL070W,0,-7.5677257,0.13372638821601868,0.9980000257492065,0.6464999914169312
YDR448W,YDR454C,0,-7.5693974,0.13370846211910248,0.9980000257492065,0.6466000080108643
YML029W,YHR066W,0,-7.5709376,0.13369055092334747,0.9980000257492065,0.6467000246047974
YDR227W,YFR034C,0,-7.573244,0.13367265462875366,0.9980000257492065,0.6467999815940857
YNR007C,YBR261C,0,-7.573314,0.13365474343299866,0.9980000257492065,0.6468999981880188
YER102W,YNL241C,0,-7.5737195,0.13363684713840485,0.9980000257492065,0.6470000147819519
YMR070W,YHR167W,0,-7.57494,0.13361896574497223,0.9980000257492065,0.6470999717712402
YMR300C,YKL018W,0,-7.575009,0.13360106945037842,0.9980000257492065,0.6471999883651733
YKL166C,YNR010W,0,-7.579385,0.1335831880569458,0.9980000257492065,0.6473000049591064
YKL006W,YJL186W,0,-7.5795836,0.13356530666351318,0.9980000257492065,0.6474000215530396
YOR330C,YOR189W,0,-7.579632,0.13354744017124176,0.9980000257492065,0.6474999785423279
YNL301C,YDR418W,0,-7.579768,0.13352957367897034,0.9980000257492065,0.647599995136261
YBR054W,YAL048C,0,-7.579864,0.1335117071866989,0.9980000257492065,0.6477000117301941
YCR020C-A,YJL052W,0,-7.5798764,0.1334938406944275,0.9980000257492065,0.6478000283241272
YGR247W,YGR078C,0,-7.5800576,0.13347598910331726,0.9980000257492065,0.6478999853134155
YGR140W,YER031C,0,-7.580465,0.13345813751220703,0.9980000257492065,0.6480000019073486
YML125C,YJR054W,0,-7.5824366,0.133440300822258,0.9980000257492065,0.6481000185012817
YLR187W,YJL003W,0,-7.582619,0.13342246413230896,0.9980000257492065,0.6481999754905701
YKL152C,YMR113W,0,-7.5827603,0.13340462744235992,0.9980000257492065,0.6482999920845032
YGR097W,YIL104C,0,-7.5827813,0.1333867907524109,0.9980000257492065,0.6484000086784363
YFL039C,YFR009W,0,-7.5828266,0.13336896896362305,0.9980000257492065,0.6485000252723694
YOR217W,YGR186W,0,-7.5835137,0.1333511471748352,0.9980000257492065,0.6485999822616577
YHR138C,YOR154W,0,-7.58394,0.13333334028720856,0.9980000257492065,0.6486999988555908
YFL050C,YKR022C,0,-7.5865846,0.13331551849842072,0.9980000257492065,0.6488000154495239
YDR120C,YMR265C,0,-7.5868073,0.13329771161079407,0.9980000257492065,0.6488999724388123
YGL172W,YBR291C,0,-7.5871434,0.1332799196243286,0.9980000257492065,0.6489999890327454
YKL057C,YNL153C,0,-7.5872407,0.13326211273670197,0.9980000257492065,0.6491000056266785
YML001W,YPR125W,0,-7.5874887,0.1332443207502365,0.9980000257492065,0.6492000222206116
YKL064W,YOR032C,0,-7.5916505,0.13322654366493225,0.9980000257492065,0.6492999792098999
YLL019C,YDL073W,0,-7.591659,0.1332087516784668,0.9980000257492065,0.649399995803833
YJR059W,YJL008C,0,-7.592867,0.13319097459316254,0.9980000257492065,0.6495000123977661
YNL261W,YIR037W,0,-7.594066,0.13317321240901947,0.9980000257492065,0.6496000289916992
YHR199C,YKL053C-A,0,-7.595142,0.1331554353237152,0.9980000257492065,0.6496999859809875
YIL033C,YMR313C,0,-7.595464,0.13313767313957214,0.9980000257492065,0.6498000025749207
YLR368W,YJR134C,0,-7.5954747,0.13311991095542908,0.9980000257492065,0.6499000191688538
YHR193C,YBR253W,0,-7.5955296,0.1331021636724472,0.9980000257492065,0.6499999761581421
YKL175W,YFR027W,0,-7.5970416,0.13308441638946533,0.9980000257492065,0.6500999927520752
YBL034C,YMR232W,0,-7.5971394,0.13306666910648346,0.9980000257492065,0.6502000093460083
YOR014W,YOR168W,0,-7.597566,0.1330489218235016,0.9980000257492065,0.6503000259399414
YJR048W,YGR212W,0,-7.5983996,0.1330311894416809,0.9980000257492065,0.6503999829292297
YLL029W,YHR154W,0,-7.598656,0.13301345705986023,0.9980000257492065,0.6504999995231628
YDL095W,YIL077C,0,-7.598944,0.13299573957920074,0.9980000257492065,0.650600016117096
YCL045C,YHR077C,0,-7.600617,0.13297802209854126,0.9980000257492065,0.6506999731063843
YDL077C,YDR497C,0,-7.6021814,0.13296030461788177,0.9980000257492065,0.6507999897003174
YLR227C,YGR192C,0,-7.6023026,0.1329425871372223,0.9980000257492065,0.6509000062942505
YMR011W,YMR199W,0,-7.602905,0.132924884557724,0.9980000257492065,0.6510000228881836
YNL298W,YCR020C-A,0,-7.604242,0.1329071819782257,0.9980000257492065,0.6510999798774719
YHR047C,YHR204W,0,-7.6050835,0.13288947939872742,0.9980000257492065,0.651199996471405
YML113W,YKL084W,0,-7.6053963,0.13287179172039032,0.9980000257492065,0.6513000130653381
YEL052W,YMR113W,0,-7.6058106,0.13285410404205322,0.9980000257492065,0.6514000296592712
YDL235C,YML051W,0,-7.6074452,0.13283641636371613,0.9980000257492065,0.6514999866485596
YHL036W,YOR057W,0,-7.607446,0.13281874358654022,0.9980000257492065,0.6516000032424927
YDR454C,YDR470C,0,-7.608679,0.13280107080936432,0.9980000257492065,0.6517000198364258
YMR021C,YGL153W,0,-7.608952,0.13278339803218842,0.9980000257492065,0.6517999768257141
YLL005C,YBR082C,0,-7.609204,0.1327657252550125,0.9980000257492065,0.6518999934196472
YJL133W,YLR246W,0,-7.610104,0.1327480673789978,0.9980000257492065,0.6520000100135803
YDR273W,YBR171W,0,-7.6116366,0.1327304095029831,0.9980000257492065,0.6521000266075134
YIR024C,YKL038W,0,-7.6116576,0.13271276652812958,0.9980000257492065,0.6521999835968018
YGL206C,YOR117W,0,-7.612642,0.13269512355327606,0.9980000257492065,0.6523000001907349
YML129C,YCL011C,0,-7.614641,0.13267748057842255,0.9980000257492065,0.652400016784668
YNR076W,YDR130C,0,-7.61701,0.13265983760356903,0.9980000257492065,0.6524999737739563
YDR004W,YPR200C,0,-7.618221,0.1326422095298767,0.9980000257492065,0.6525999903678894
YLR380W,YDR370C,0,-7.6189156,0.1326245814561844,0.9980000257492065,0.6527000069618225
YBL051C,YML042W,0,-7.619345,0.13260696828365326,0.9980000257492065,0.6528000235557556
YJR097W,YKL139W,0,-7.624813,0.13258934020996094,0.9980000257492065,0.652899980545044
YBR171W,YKL047W,0,-7.6250043,0.1325717270374298,0.9980000257492065,0.652999997138977
YIL074C,YNL019C,0,-7.6253033,0.13255412876605988,0.9980000257492065,0.6531000137329102
YPR200C,YML017W,0,-7.625437,0.13253651559352875,0.9980000257492065,0.6531999707221985
YEL002C,YNL339C,0,-7.626757,0.1325189173221588,0.9980000257492065,0.6532999873161316
YBR106W,YDL230W,0,-7.627323,0.13250133395195007,0.9980000257492065,0.6534000039100647
YDR466W,YOR383C,0,-7.6277227,0.13248373568058014,0.9980000257492065,0.6535000205039978
YAR050W,YJL012C,0,-7.6291714,0.1324661523103714,0.9980000257492065,0.6535999774932861
YER179W,YIL158W,0,-7.629233,0.13244856894016266,0.9980000257492065,0.6536999940872192
YER048C,YJR032W,0,-7.629811,0.1324310004711151,0.9980000257492065,0.6538000106811523
YOL052C,YOR035C,0,-7.6301937,0.13241343200206757,0.9980000257492065,0.6539000272750854
YLR228C,YJR094W-A,0,-7.630383,0.13239586353302002,0.9980000257492065,0.6539999842643738
YKL191W,YHR016C,0,-7.633613,0.13237829506397247,0.9980000257492065,0.6541000008583069
YNL280C,YDR303C,0,-7.6361833,0.13236074149608612,0.9980000257492065,0.65420001745224
YGL035C,YHR082C,0,-7.6365747,0.13234318792819977,0.9980000257492065,0.6542999744415283
YCL066W,YEL003W,0,-7.6370473,0.1323256492614746,0.9980000257492065,0.6543999910354614
YKL086W,YGL211W,0,-7.6377025,0.13230809569358826,0.9980000257492065,0.6545000076293945
YNL202W,YMR313C,0,-7.6401925,0.1322905570268631,0.9980000257492065,0.6546000242233276
YMR188C,YML017W,0,-7.6404676,0.13227303326129913,0.9980000257492065,0.654699981212616
YDL243C,YPL074W,0,-7.6404815,0.13225549459457397,0.9980000257492065,0.6547999978065491
YIL014W,YBR056W,0,-7.640862,0.13223797082901,0.9980000257492065,0.6549000144004822
YER087C-B,YNL286W,0,-7.6416793,0.13222046196460724,0.9980000257492065,0.6549999713897705
YDR331W,YFL007W,0,-7.64173,0.13220293819904327,0.9980000257492065,0.6550999879837036
YPL210C,YGR170W,0,-7.6424327,0.1321854293346405,0.9980000257492065,0.6552000045776367
YKR049C,YMR311C,0,-7.643138,0.13216792047023773,0.9980000257492065,0.6553000211715698
YJR151C,YLR394W,0,-7.64329,0.13215042650699615,0.9980000257492065,0.6553999781608582
YMR113W,YAL053W,0,-7.6432924,0.13213293254375458,0.9980000257492065,0.6554999947547913
YGR156W,YOL026C,0,-7.6434674,0.132115438580513,0.9980000257492065,0.6556000113487244
YNL215W,YJL192C,0,-7.643473,0.13209794461727142,0.9980000257492065,0.6557000279426575
YDR310C,YOL038W,0,-7.6439404,0.13208046555519104,0.9980000257492065,0.6557999849319458
YCR033W,YGL127C,0,-7.6450267,0.13206298649311066,0.9980000257492065,0.6559000015258789
YGL122C,YNL286W,0,-7.645208,0.13204550743103027,0.9980000257492065,0.656000018119812
YLR263W,YHR157W,0,-7.6463485,0.13202804327011108,0.9980000257492065,0.6560999751091003
YNL126W,YER090W,0,-7.6468253,0.1320105791091919,0.9980000257492065,0.6561999917030334
YPL003W,YAL034C,0,-7.648653,0.1319931298494339,0.9980000257492065,0.6563000082969666
YGL203C,YOL117W,0,-7.650211,0.1319756656885147,0.9980000257492065,0.6564000248908997
YIL062C,YFL021W,0,-7.6510925,0.1319582164287567,0.9980000257492065,0.656499981880188
YMR120C,YGL167C,0,-7.6532164,0.13194076716899872,0.9980000257492065,0.6565999984741211
YDR436W,YDR349C,0,-7.6539884,0.13192333281040192,0.9980000257492065,0.6567000150680542
YNL331C,YGR264C,0,-7.6546664,0.13190589845180511,0.9980000257492065,0.6567999720573425
YOR033C,YGL187C,0,-7.65529,0.1318884640932083,0.9980000257492065,0.6568999886512756
YFR014C,YPL130W,0,-7.6574264,0.1318710297346115,0.9980000257492065,0.6570000052452087
YDR279W,YCL008C,0,-7.6582975,0.1318536102771759,0.9980000257492065,0.6571000218391418
YBR008C,YMR038C,0,-7.6594834,0.1318361908197403,0.9980000257492065,0.6571999788284302
YLR291C,YGL222C,0,-7.6600356,0.13181878626346588,0.9980000257492065,0.6572999954223633
YDL033C,YDL103C,0,-7.6604223,0.13180136680603027,0.9980000257492065,0.6574000120162964
YHR059W,YDR410C,0,-7.6609154,0.13178396224975586,0.9980000257492065,0.6575000286102295
YNL267W,YKL060C,0,-7.6619835,0.13176657259464264,0.9980000257492065,0.6575999855995178
YBR127C,YBR291C,0,-7.6621356,0.13174916803836823,0.9980000257492065,0.6577000021934509
YEL050C,YGL107C,0,-7.6627355,0.131731778383255,0.9980000257492065,0.657800018787384
YPR132W,YLR324W,0,-7.6633677,0.13171440362930298,0.9980000257492065,0.6578999757766724
YJR105W,YMR256C,0,-7.6635594,0.13169701397418976,0.9980000257492065,0.6579999923706055
YPL099C,YMR094W,0,-7.664151,0.13167963922023773,0.9980000257492065,0.6581000089645386
YKR014C,YKL042W,0,-7.66419,0.1316622644662857,0.9980000257492065,0.6582000255584717
YBR058C-A,YEL038W,0,-7.6658907,0.13164490461349487,0.9980000257492065,0.65829998254776
YOR021C,YLR220W,0,-7.6661916,0.13162754476070404,0.9980000257492065,0.6583999991416931
YJR138W,YDR093W,0,-7.6674037,0.1316101849079132,0.9980000257492065,0.6585000157356262
YMR314W,YBL058W,0,-7.6677,0.13159282505512238,0.9980000257492065,0.6585999727249146
YMR005W,YLR014C,0,-7.667855,0.13157548010349274,0.9980000257492065,0.6586999893188477
YLR228C,YMR004W,0,-7.669866,0.1315581351518631,0.9980000257492065,0.6588000059127808
YKR080W,YMR311C,0,-7.670091,0.13154079020023346,0.9980000257492065,0.6589000225067139
YBR018C,YEL029C,0,-7.671576,0.13152346014976501,0.9980000257492065,0.6589999794960022
YDL184C,YGL212W,0,-7.671801,0.13150613009929657,0.9980000257492065,0.6590999960899353
YLR441C,YOR336W,0,-7.6723633,0.13148880004882812,0.9980000257492065,0.6592000126838684
YGL009C,YNL053W,0,-7.6725154,0.13147148489952087,0.9980000257492065,0.6593000292778015
YJR068W,YBR301W,0,-7.6725607,0.13145415484905243,0.9980000257492065,0.6593999862670898
YPR133C,YHL003C,0,-7.673276,0.13143685460090637,0.9980000257492065,0.659500002861023
YGL035C,YBR173C,0,-7.6741047,0.13141953945159912,0.9980000257492065,0.659600019454956
YLR360W,YMR120C,0,-7.6743073,0.13140223920345306,0.9980000257492065,0.6596999764442444
YHR199C,YDL234C,0,-7.675671,0.131384938955307,0.9980000257492065,0.6597999930381775
YML097C,YDR213W,0,-7.6790004,0.13136763870716095,0.9980000257492065,0.6599000096321106
YML058W,YMR024W,0,-7.6820536,0.1313503533601761,0.9980000257492065,0.6600000262260437
YNR057C,YOL133W,0,-7.682203,0.13133306801319122,0.9980000257492065,0.660099983215332
YIL132C,YBR162W-A,0,-7.682264,0.13131578266620636,0.9980000257492065,0.6601999998092651
YDR421W,YFR030W,0,-7.683481,0.1312985122203827,0.9980000257492065,0.6603000164031982
YDR227W,YHR134W,0,-7.6846347,0.13128124177455902,0.9980000257492065,0.6603999733924866
YAL058W,YJL106W,0,-7.686876,0.13126397132873535,0.9980000257492065,0.6604999899864197
YEL021W,YIL132C,0,-7.68732,0.13124671578407288,0.9980000257492065,0.6606000065803528
YOL003C,YOR080W,0,-7.6877017,0.1312294602394104,0.9980000257492065,0.6607000231742859
YOR094W,YOL122C,0,-7.6887665,0.13121220469474792,0.9980000257492065,0.6607999801635742
YDR347W,YLR006C,0,-7.688825,0.13119494915008545,0.9980000257492065,0.6608999967575073
YGL206C,YER035W,0,-7.6889815,0.13117770850658417,0.9980000257492065,0.6610000133514404
YGR007W,YMR035W,0,-7.6894736,0.13116046786308289,0.9980000257492065,0.6610999703407288
YMR137C,YML116W,0,-7.689854,0.1311432272195816,0.9980000257492065,0.6611999869346619
YBL006C,YLL010C,0,-7.6900134,0.13112600147724152,0.9980000257492065,0.661300003528595
YOR073W,YGR060W,0,-7.6906796,0.13110877573490143,0.9980000257492065,0.6614000201225281
YER001W,YDL233W,0,-7.6911974,0.13109154999256134,0.9980000257492065,0.6614999771118164
YLR203C,YHR188C,0,-7.691444,0.13107433915138245,0.9980000257492065,0.6615999937057495
YPL200W,YNR048W,0,-7.691587,0.13105712831020355,0.9980000257492065,0.6617000102996826
YBR042C,YPR156C,0,-7.6919947,0.13103991746902466,0.9980000257492065,0.6618000268936157
YPR028W,YHR173C,0,-7.694139,0.13102270662784576,0.9980000257492065,0.661899983882904
YNR015W,YBR136W,0,-7.6946335,0.13100551068782806,0.9980000257492065,0.6620000004768372
YPR058W,YDL021W,0,-7.694637,0.13098831474781036,0.9980000257492065,0.6621000170707703
YER072W,YGL047W,0,-7.6949763,0.13097113370895386,0.9980000257492065,0.6621999740600586
YLL036C,YLR116W,0,-7.6951957,0.13095393776893616,0.9980000257492065,0.6622999906539917
YFR040W,YOR230W,0,-7.6969094,0.13093675673007965,0.9980000257492065,0.6624000072479248
YGR122W,YAL044C,0,-7.6980276,0.13091959059238434,0.9980000257492065,0.6625000238418579
YMR198W,YAL003W,0,-7.698507,0.13090240955352783,0.9980000257492065,0.6625999808311462
YBL061C,YPL183W-A,0,-7.6989684,0.13088524341583252,0.9980000257492065,0.6626999974250793
YPL218W,YDL117W,0,-7.7002635,0.1308680772781372,0.9980000257492065,0.6628000140190125
YIL065C,YPR007C,0,-7.7025876,0.1308509260416031,0.9980000257492065,0.6628999710083008
YDR519W,YPL200W,0,-7.7042494,0.13083377480506897,0.9980000257492065,0.6629999876022339
YPL160W,YDL220C,0,-7.705712,0.13081662356853485,0.9980000257492065,0.663100004196167
YOL145C,YPL269W,0,-7.706054,0.13079947233200073,0.9980000257492065,0.6632000207901001
YOR254C,YMR124W,0,-7.708893,0.1307823359966278,0.9980000257492065,0.6632999777793884
YGR222W,YGL077C,0,-7.7103944,0.13076519966125488,0.9980000257492065,0.6633999943733215
YLR228C,YLL029W,0,-7.7108274,0.13074806332588196,0.9980000257492065,0.6635000109672546
YDL116W,YGL114W,0,-7.711411,0.13073094189167023,0.9980000257492065,0.6636000275611877
YBR054W,YHR040W,0,-7.7115765,0.1307138204574585,0.9980000257492065,0.6636999845504761
YBL051C,YPL178W,0,-7.7116942,0.13069669902324677,0.9980000257492065,0.6638000011444092
YMR002W,YDL246C,0,-7.7126527,0.13067959249019623,0.9980000257492065,0.6639000177383423
YKR014C,YIL003W,0,-7.7126665,0.1306624710559845,0.9980000257492065,0.6639999747276306
YOL148C,YKR056W,0,-7.712678,0.13064537942409515,0.9980000257492065,0.6640999913215637
YKL110C,YBR258C,0,-7.7147107,0.13062827289104462,0.9980000257492065,0.6642000079154968
YPL065W,YDL105W,0,-7.7163863,0.13061118125915527,0.9980000257492065,0.6643000245094299
YER185W,YGR099W,0,-7.716514,0.13059408962726593,0.9980000257492065,0.6643999814987183
YBR039W,YPL070W,0,-7.7166467,0.1305769979953766,0.9980000257492065,0.6644999980926514
YDR054C,YNL180C,0,-7.7168355,0.13055992126464844,0.9980000257492065,0.6646000146865845
YBL101C,YLR023C,0,-7.716938,0.1305428445339203,0.9980000257492065,0.6646999716758728
YOR269W,YCR086W,0,-7.7177124,0.13052576780319214,0.9980000257492065,0.6647999882698059
YNL005C,YGR188C,0,-7.718075,0.130508691072464,0.9980000257492065,0.664900004863739
YDL168W,YGL139W,0,-7.721662,0.13049162924289703,0.9980000257492065,0.6650000214576721
YHR158C,YGL197W,0,-7.722113,0.13047456741333008,0.9980000257492065,0.6650999784469604
YLR138W,YJL158C,0,-7.7241025,0.13045752048492432,0.9980000257492065,0.6651999950408936
YGL083W,YDR504C,0,-7.7243266,0.13044045865535736,0.9980000257492065,0.6653000116348267
YBR181C,YLR424W,0,-7.724563,0.1304234117269516,0.9980000257492065,0.6654000282287598
YKL165C,YPL087W,0,-7.7246065,0.13040637969970703,0.9980000257492065,0.6654999852180481
YMR133W,YBL051C,0,-7.7246113,0.13038933277130127,0.9980000257492065,0.6656000018119812
YGL250W,YBL068W,0,-7.725511,0.1303723007440567,0.9980000257492065,0.6657000184059143
YKL222C,YOR005C,0,-7.7293496,0.13035528361797333,0.9980000257492065,0.6657999753952026
YER142C,YOR299W,0,-7.7296796,0.13033825159072876,0.9980000257492065,0.6658999919891357
YLR251W,YMR028W,0,-7.729943,0.13032123446464539,0.9980000257492065,0.6660000085830688
YOR347C,YPR083W,0,-7.7304673,0.130304217338562,0.9980000257492065,0.666100025177002
YDL247W,YDL155W,0,-7.731335,0.13028720021247864,0.9980000257492065,0.6661999821662903
YPL208W,YMR014W,0,-7.7318654,0.13027019798755646,0.9980000257492065,0.6662999987602234
YNL261W,YDR522C,0,-7.7324157,0.13025319576263428,0.9980000257492065,0.6664000153541565
YLR194C,YPL184C,0,-7.7325873,0.1302361935377121,0.9980000257492065,0.6664999723434448
YMR100W,YDR268W,0,-7.733475,0.1302192062139511,0.9980000257492065,0.6665999889373779
YKL080W,YHR173C,0,-7.7340417,0.13020221889019012,0.9980000257492065,0.666700005531311
YIL139C,YOL044W,0,-7.7366543,0.13018523156642914,0.9980000257492065,0.6668000221252441
YNL298W,YER149C,0,-7.737061,0.13016825914382935,0.9980000257492065,0.6668999791145325
YOL016C,YJL222W,0,-7.7375226,0.13015127182006836,0.9980000257492065,0.6669999957084656
YHR127W,YMR263W,0,-7.737577,0.13013431429862976,0.9980000257492065,0.6671000123023987
YEL015W,YNL037C,0,-7.737637,0.13011734187602997,0.9980000257492065,0.6672000288963318
YGL207W,YHL030W,0,-7.737825,0.13010038435459137,0.9980000257492065,0.6672999858856201
YCL052C,YGR026W,0,-7.739048,0.13008342683315277,0.9980000257492065,0.6674000024795532
YJL174W,YLR387C,0,-7.7390666,0.13006646931171417,0.9980000257492065,0.6675000190734863
YOR156C,YGR171C,0,-7.741179,0.13004951179027557,0.9980000257492065,0.6675999760627747
YEL069C,YPL234C,0,-7.743242,0.13003256916999817,0.9980000257492065,0.6676999926567078
YOL013C,YOR241W,0,-7.7437296,0.13001562654972076,0.9980000257492065,0.6678000092506409
YNL246W,YDR458C,0,-7.7438397,0.12999869883060455,0.9980000257492065,0.667900025844574
YER148W,YOR066W,0,-7.7478404,0.12998177111148834,0.9980000257492065,0.6679999828338623
YPL200W,YKL127W,0,-7.7507,0.12996484339237213,0.9980000257492065,0.6680999994277954
YHR209W,YMR190C,0,-7.7513614,0.12994791567325592,0.9980000257492065,0.6682000160217285
YPR034W,YKL069W,0,-7.7521462,0.1299310028553009,0.9980000257492065,0.6682999730110168
YGR236C,YLR405W,0,-7.753024,0.1299140900373459,0.9980000257492065,0.66839998960495
YIL009C-A,YKL157W,0,-7.7534027,0.12989717721939087,0.9980000257492065,0.6685000061988831
YPR133C,YLR274W,0,-7.754111,0.12988026440143585,0.9980000257492065,0.6686000227928162
YFL001W,YNL091W,0,-7.7548857,0.12986336648464203,0.9980000257492065,0.6686999797821045
YIL167W,YIL076W,0,-7.7555747,0.1298464685678482,0.9980000257492065,0.6687999963760376
YKL006C-A,YOR311C,0,-7.7557464,0.12982958555221558,0.9980000257492065,0.6689000129699707
YNL138W,YMR318C,0,-7.758104,0.12981270253658295,0.9980000257492065,0.6690000295639038
YPL154C,YOL034W,0,-7.7606463,0.12979581952095032,0.9980000257492065,0.6690999865531921
YER169W,YPL243W,0,-7.7610974,0.1297789365053177,0.9980000257492065,0.6692000031471252
YJL210W,YBL009W,0,-7.76115,0.12976205348968506,0.9980000257492065,0.6693000197410583
YKL207W,YFR013W,0,-7.761538,0.12974518537521362,0.9980000257492065,0.6693999767303467
YFR037C,YNR048W,0,-7.7616944,0.1297283172607422,0.9980000257492065,0.6694999933242798
YLR133W,YJL219W,0,-7.7641625,0.12971146404743195,0.9980000257492065,0.6696000099182129
YJR044C,YDL043C,0,-7.764235,0.1296946108341217,0.9980000257492065,0.669700026512146
YOR178C,YDR362C,0,-7.7643027,0.12967775762081146,0.9980000257492065,0.6697999835014343
YML001W,YML070W,0,-7.764693,0.12966090440750122,0.9980000257492065,0.6699000000953674
YBR233W-A,YGR285C,0,-7.7653947,0.12964406609535217,0.9980000257492065,0.6700000166893005
YER089C,YAL028W,0,-7.7656703,0.12962722778320312,0.9980000257492065,0.6700999736785889
YJL018W,YDL146W,0,-7.7664533,0.12961038947105408,0.9980000257492065,0.670199990272522
YER141W,YBR237W,0,-7.766914,0.12959356606006622,0.9980000257492065,0.6703000068664551
YKL192C,YGL025C,0,-7.767734,0.12957672774791718,0.9980000257492065,0.6704000234603882
YPL210C,YDR225W,0,-7.769036,0.12955990433692932,0.9980000257492065,0.6704999804496765
YPL141C,YJL061W,0,-7.7694125,0.12954309582710266,0.9980000257492065,0.6705999970436096
YBL068W,YOR308C,0,-7.770076,0.129526287317276,0.9980000257492065,0.6707000136375427
YBR195C,YBR061C,0,-7.771662,0.12950947880744934,0.9980000257492065,0.670799970626831
YDR200C,YPR180W,0,-7.7717557,0.12949267029762268,0.9980000257492065,0.6708999872207642
YER068W,YER007W,0,-7.7736945,0.12947586178779602,0.9980000257492065,0.6710000038146973
YOR255W,YDR364C,0,-7.7737923,0.12945906817913055,0.9980000257492065,0.6711000204086304
YPR085C,YPR095C,0,-7.774239,0.12944228947162628,0.9980000257492065,0.6711999773979187
YDR127W,YOR074C,0,-7.775418,0.12942549586296082,0.9980000257492065,0.6712999939918518
YIL129C,YHR193C,0,-7.777897,0.12940871715545654,0.9980000257492065,0.6714000105857849
YIR023W,YDR353W,0,-7.7785506,0.12939193844795227,0.9980000257492065,0.671500027179718
YER129W,YPR168W,0,-7.778959,0.129375159740448,0.9980000257492065,0.6715999841690063
YIR022W,YDR127W,0,-7.780042,0.12935839593410492,0.9980000257492065,0.6717000007629395
YOR219C,YDR251W,0,-7.781197,0.12934163212776184,0.9980000257492065,0.6718000173568726
YLR194C,YLL018C,0,-7.7828326,0.12932486832141876,0.9980000257492065,0.6718999743461609
YDR531W,YJR139C,0,-7.784665,0.12930810451507568,0.9980000257492065,0.671999990940094
YMR124W,YBL008W,0,-7.7847257,0.1292913556098938,0.9980000257492065,0.6721000075340271
YGL203C,YML065W,0,-7.785457,0.12927460670471191,0.9980000257492065,0.6722000241279602
YNL230C,YLL006W,0,-7.7854757,0.12925787270069122,0.9980000257492065,0.6722999811172485
YMR065W,YIL122W,0,-7.7865586,0.12924112379550934,0.9980000257492065,0.6723999977111816
YGL065C,YKL063C,0,-7.7868214,0.12922438979148865,0.9980000257492065,0.6725000143051147
YKL217W,YEL011W,0,-7.787724,0.12920767068862915,0.9980000257492065,0.6725999712944031
YDR218C,YPR055W,0,-7.787996,0.12919093668460846,0.9980000257492065,0.6726999878883362
YAL015C,YOL002C,0,-7.790606,0.12917421758174896,0.9980000257492065,0.6728000044822693
YGL123W,YDR044W,0,-7.7916937,0.12915749847888947,0.9980000257492065,0.6729000210762024
YDR475C,YIL159W,0,-7.792212,0.12914077937602997,0.9980000257492065,0.6729999780654907
YNL187W,YDR454C,0,-7.7927556,0.12912407517433167,0.9980000257492065,0.6730999946594238
YDL099W,YPR024W,0,-7.7931,0.12910737097263336,0.9980000257492065,0.6732000112533569
YJL012C-A,YOR219C,0,-7.7941036,0.12909066677093506,0.9980000257492065,0.67330002784729
YLR018C,YKR065C,0,-7.794782,0.12907397747039795,0.9980000257492065,0.6733999848365784
YIL056W,YER073W,0,-7.794884,0.12905728816986084,0.9980000257492065,0.6735000014305115
YLR063W,YMR055C,0,-7.7950044,0.12904059886932373,0.9980000257492065,0.6736000180244446
YBR196C,YDL150W,0,-7.795075,0.12902392446994781,0.9980000257492065,0.6736999750137329
YOR255W,YBR266C,0,-7.7951536,0.1290072351694107,0.9980000257492065,0.673799991607666
YDR304C,YER033C,0,-7.795445,0.1289905607700348,0.9980000257492065,0.6739000082015991
YBR125C,YGR124W,0,-7.796225,0.12897390127182007,0.9980000257492065,0.6740000247955322
YGL178W,YNL027W,0,-7.7965817,0.12895722687244415,0.9980000257492065,0.6740999817848206
YIL149C,YML118W,0,-7.799195,0.12894056737422943,0.9980000257492065,0.6741999983787537
YNL318C,YGL163C,0,-7.7994657,0.1289239078760147,0.9980000257492065,0.6743000149726868
YJR104C,YIL146C,0,-7.801618,0.12890726327896118,0.9980000257492065,0.6743999719619751
YAL047C,YLR411W,0,-7.802275,0.12889060378074646,0.9980000257492065,0.6744999885559082
YAL015C,YKR050W,0,-7.8023973,0.12887397408485413,0.9980000257492065,0.6746000051498413
YML013W,YKL125W,0,-7.8034954,0.1288573294878006,0.9980000257492065,0.6747000217437744
YJR022W,YMR095C,0,-7.804573,0.12884068489074707,0.9980000257492065,0.6747999787330627
YHR177W,YGR282C,0,-7.8054748,0.12882405519485474,0.9980000257492065,0.6748999953269958
YHL006C,YDR322C-A,0,-7.8057566,0.1288074404001236,0.9980000257492065,0.675000011920929
YLR145W,YNL221C,1,-7.807302,0.12891985476016998,0.9990000128746033,0.675000011920929
YCR010C,YMR186W,0,-7.807324,0.12890322506427765,0.9990000128746033,0.6751000285148621
YPR178W,YMR117C,0,-7.8080297,0.12888659536838531,0.9990000128746033,0.6751999855041504
YLR422W,YJL074C,0,-7.8080907,0.12886996567249298,0.9990000128746033,0.6753000020980835
YFR048W,YIL070C,0,-7.8081217,0.12885335087776184,0.9990000128746033,0.6754000186920166
YBR158W,YMR043W,0,-7.80828,0.1288367360830307,0.9990000128746033,0.6754999756813049
YDR085C,YPL202C,0,-7.8084865,0.12882012128829956,0.9990000128746033,0.675599992275238
YDL102W,YDR071C,0,-7.809981,0.12880350649356842,0.9990000128746033,0.6757000088691711
YHR186C,YIR032C,0,-7.8108563,0.12878690659999847,0.9990000128746033,0.6758000254631042
YGR282C,YFR041C,0,-7.8109164,0.12877030670642853,0.9990000128746033,0.6758999824523926
YJR048W,YML133C,0,-7.81187,0.12875370681285858,0.9990000128746033,0.6759999990463257
YDL056W,YML067C,0,-7.8120255,0.12873710691928864,0.9990000128746033,0.6761000156402588
YDL113C,YIR037W,0,-7.8124356,0.12872052192687988,0.9990000128746033,0.6761999726295471
YDR393W,YMR237W,0,-7.8139763,0.12870393693447113,0.9990000128746033,0.6762999892234802
YDR320C-A,YNR012W,0,-7.814319,0.12868736684322357,0.9990000128746033,0.6764000058174133
YJL163C,YDR165W,0,-7.8145895,0.12867078185081482,0.9990000128746033,0.6765000224113464
YOR144C,YKR049C,0,-7.815063,0.12865421175956726,0.9990000128746033,0.6765999794006348
YGR253C,YAL034W-A,0,-7.8164916,0.1286376565694809,0.9990000128746033,0.6766999959945679
YER048W-A,YDR281C,0,-7.8168926,0.12862108647823334,0.9990000128746033,0.676800012588501
YKR052C,YOL112W,0,-7.8181777,0.12860453128814697,0.9990000128746033,0.6769000291824341
YDR226W,YAL003W,0,-7.8206296,0.1285879760980606,0.9990000128746033,0.6769999861717224
YLR187W,YDR190C,0,-7.8223596,0.12857143580913544,0.9990000128746033,0.6771000027656555
YBR048W,YDL088C,0,-7.8223767,0.12855488061904907,0.9990000128746033,0.6772000193595886
YOR007C,YLR266C,0,-7.823318,0.1285383403301239,0.9990000128746033,0.677299976348877
YDR174W,YKL045W,0,-7.823569,0.12852180004119873,0.9990000128746033,0.6773999929428101
YBR196C,YGL189C,0,-7.8261695,0.12850527465343475,0.9990000128746033,0.6775000095367432
YHR199C,YDR179C,0,-7.828937,0.12848874926567078,0.9990000128746033,0.6776000261306763
YKL181W,YKL096W-A,0,-7.828988,0.1284722238779068,0.9990000128746033,0.6776999831199646
YLL057C,YCR020C-A,0,-7.8292723,0.12845569849014282,0.9990000128746033,0.6777999997138977
YDL089W,YDL133C-A,0,-7.8295655,0.12843918800354004,0.9990000128746033,0.6779000163078308
YHR204W,YAL058W,0,-7.8299274,0.12842267751693726,0.9990000128746033,0.6779999732971191
YCR008W,YKL002W,0,-7.8299446,0.12840616703033447,0.9990000128746033,0.6780999898910522
YDR171W,YOL112W,0,-7.8324027,0.12838967144489288,0.9990000128746033,0.6782000064849854
YLR441C,YBR078W,0,-7.8326464,0.1283731758594513,0.9990000128746033,0.6783000230789185
YLL028W,YNL175C,0,-7.8351154,0.1283566802740097,0.9990000128746033,0.6783999800682068
YER016W,YDR003W,0,-7.8352838,0.12834018468856812,0.9990000128746033,0.6784999966621399
YBR153W,YGR004W,0,-7.835703,0.12832370400428772,0.9990000128746033,0.678600013256073
YGR241C,YDR207C,0,-7.8360977,0.12830722332000732,0.9990000128746033,0.6786999702453613
YNR039C,YER069W,0,-7.836836,0.12829074263572693,0.9990000128746033,0.6787999868392944
YDR005C,YPR101W,0,-7.8409123,0.12827426195144653,0.9990000128746033,0.6789000034332275
YER103W,YML110C,0,-7.8416305,0.12825779616832733,0.9990000128746033,0.6790000200271606
YPR029C,YIL038C,0,-7.843926,0.12824133038520813,0.9990000128746033,0.679099977016449
YHL013C,YLR153C,0,-7.844088,0.12822487950325012,0.9990000128746033,0.6791999936103821
YKL020C,YHR079C-A,0,-7.8477826,0.12820841372013092,0.9990000128746033,0.6793000102043152
YPL009C,YPR166C,0,-7.8481717,0.1281919628381729,0.9990000128746033,0.6794000267982483
YML029W,YMR095C,0,-7.849059,0.1281755268573761,0.9990000128746033,0.6794999837875366
YNL032W,YNL259C,0,-7.849936,0.1281590759754181,0.9990000128746033,0.6796000003814697
YOR140W,YOL141W,0,-7.8510666,0.12814263999462128,0.9990000128746033,0.6797000169754028
YGL201C,YDR263C,0,-7.8511577,0.12812620401382446,0.9990000128746033,0.6797999739646912
YIL095W,YHR211W,0,-7.8513494,0.12810976803302765,0.9990000128746033,0.6798999905586243
YBR158W,YNL064C,0,-7.8518653,0.12809334695339203,0.9990000128746033,0.6800000071525574
YPL187W,YKL203C,0,-7.853049,0.1280769258737564,0.9990000128746033,0.6801000237464905
YDR383C,YOR007C,0,-7.8532486,0.1280605047941208,0.9990000128746033,0.6801999807357788
YPL020C,YBR193C,0,-7.853501,0.12804409861564636,0.9990000128746033,0.6802999973297119
YGR172C,YKL192C,0,-7.8561883,0.12802767753601074,0.9990000128746033,0.680400013923645
YOL072W,YBL072C,0,-7.8585043,0.12801127135753632,0.9990000128746033,0.6804999709129333
YDL084W,YMR081C,0,-7.8598294,0.12799488008022308,0.9990000128746033,0.6805999875068665
YGL071W,YNL137C,0,-7.860308,0.12797847390174866,0.9990000128746033,0.6807000041007996
YPL171C,YKL194C,0,-7.8606014,0.12796208262443542,0.9990000128746033,0.6808000206947327
YMR026C,YGL198W,0,-7.861877,0.1279456913471222,0.9990000128746033,0.680899977684021
YDL044C,YLR268W,0,-7.862389,0.12792931497097015,0.9990000128746033,0.6809999942779541
YJL209W,YCL033C,0,-7.862837,0.12791293859481812,0.9990000128746033,0.6811000108718872
YGL226C-A,YLR250W,0,-7.8632445,0.12789656221866608,0.9990000128746033,0.6812000274658203
YKL192C,YDR261C,0,-7.864382,0.12788018584251404,0.9990000128746033,0.6812999844551086
YDL070W,YEL058W,0,-7.865108,0.127863809466362,0.9990000128746033,0.6814000010490417
YBR101C,YNL138W,0,-7.865695,0.12784744799137115,0.9990000128746033,0.6815000176429749
YMR053C,YBL040C,0,-7.8666987,0.1278311014175415,0.9990000128746033,0.6815999746322632
YPL016W,YNR020C,0,-7.8677316,0.12781473994255066,0.9990000128746033,0.6816999912261963
YBR288C,YMR203W,0,-7.8683558,0.127798393368721,0.9990000128746033,0.6818000078201294
YBR057C,YML067C,0,-7.870464,0.12778204679489136,0.9990000128746033,0.6819000244140625
YMR298W,YER045C,0,-7.8720117,0.1277657002210617,0.9990000128746033,0.6819999814033508
YPR134W,YJL001W,0,-7.8754106,0.12774935364723206,0.9990000128746033,0.6820999979972839
YBR192W,YBR068C,0,-7.875858,0.1277330219745636,0.9990000128746033,0.682200014591217
YOR249C,YMR069W,0,-7.877802,0.12771669030189514,0.9990000128746033,0.6822999715805054
YHR135C,YNL242W,0,-7.8785048,0.12770037353038788,0.9990000128746033,0.6823999881744385
YAL002W,YKL085W,0,-7.878671,0.12768404185771942,0.9990000128746033,0.6825000047683716
YCR038C,YDL117W,0,-7.879245,0.12766772508621216,0.9990000128746033,0.6826000213623047
YKL154W,YGR274C,0,-7.879939,0.1276514232158661,0.9990000128746033,0.682699978351593
YOR233W,YNL125C,0,-7.880089,0.12763510644435883,0.9990000128746033,0.6827999949455261
YJL083W,YML097C,0,-7.880184,0.12761880457401276,0.9990000128746033,0.6829000115394592
YLL028W,YJR105W,0,-7.8810077,0.1276025027036667,0.9990000128746033,0.6830000281333923
YER190W,YNR020C,0,-7.8828015,0.12758620083332062,0.9990000128746033,0.6830999851226807
YER035W,YPL017C,0,-7.882834,0.12756991386413574,0.9990000128746033,0.6832000017166138
YOL061W,YKL167C,0,-7.8837447,0.12755362689495087,0.9990000128746033,0.6833000183105469
YPL281C,YGR163W,0,-7.885321,0.127537339925766,0.9990000128746033,0.6833999752998352
YJL079C,YEL051W,0,-7.885527,0.1275210678577423,0.9990000128746033,0.6834999918937683
YFL010W-A,YHR147C,0,-7.8860373,0.12750478088855743,0.9990000128746033,0.6836000084877014
YIL049W,YGL205W,0,-7.8867373,0.12748850882053375,0.9990000128746033,0.6837000250816345
YDR294C,YJL177W,0,-7.8870983,0.12747225165367126,0.9990000128746033,0.6837999820709229
YDR169C,YGR236C,0,-7.887263,0.12745597958564758,0.9990000128746033,0.683899998664856
YHR186C,YGL144C,0,-7.887597,0.1274397224187851,0.9990000128746033,0.6840000152587891
YBR243C,YER030W,0,-7.8881774,0.1274234652519226,0.9990000128746033,0.6840999722480774
YPL141C,YHR206W,0,-7.8885894,0.1274072229862213,0.9990000128746033,0.6841999888420105
YLR042C,YCL033C,0,-7.889651,0.12739096581935883,0.9990000128746033,0.6843000054359436
YOR058C,YDL021W,0,-7.891398,0.12737472355365753,0.9990000128746033,0.6844000220298767
YDL113C,YGR198W,0,-7.892946,0.12735849618911743,0.9990000128746033,0.684499979019165
YHR061C,YJL066C,0,-7.893275,0.12734225392341614,0.9990000128746033,0.6845999956130981
YBL066C,YIL131C,0,-7.894055,0.12732602655887604,0.9990000128746033,0.6847000122070312
YLR344W,YMR025W,0,-7.8953404,0.12730979919433594,0.9990000128746033,0.6848000288009644
YGL140C,YOR038C,0,-7.895472,0.12729357182979584,0.9990000128746033,0.6848999857902527
YKL073W,YFR027W,0,-7.895622,0.12727735936641693,0.9990000128746033,0.6850000023841858
YDR362C,YGR112W,0,-7.8968287,0.12726114690303802,0.9990000128746033,0.6851000189781189
YPR091C,YNL288W,0,-7.89757,0.12724493443965912,0.9990000128746033,0.6851999759674072
YDR192C,YKL110C,0,-7.89821,0.1272287368774414,0.9990000128746033,0.6852999925613403
YLR382C,YKL018W,0,-7.8990307,0.1272125244140625,0.9990000128746033,0.6854000091552734
YLR201C,YJR052W,0,-7.901151,0.1271963268518448,0.9990000128746033,0.6855000257492065
YPL224C,YMR083W,0,-7.901235,0.12718014419078827,0.9990000128746033,0.6855999827384949
YEL027W,YPL202C,0,-7.9021263,0.12716394662857056,0.9990000128746033,0.685699999332428
YOL119C,YPL089C,0,-7.902661,0.12714776396751404,0.9990000128746033,0.6858000159263611
YJR034W,YJL176C,0,-7.9032426,0.12713158130645752,0.9990000128746033,0.6858999729156494
YDR429C,YLR422W,0,-7.903443,0.1271154135465622,0.9990000128746033,0.6859999895095825
YNL030W,YLR048W,0,-7.9040966,0.12709923088550568,0.9990000128746033,0.6861000061035156
YGL245W,YOR233W,0,-7.9045014,0.12708306312561035,0.9990000128746033,0.6862000226974487
YML075C,YGR121C,0,-7.90459,0.12706691026687622,0.9990000128746033,0.6862999796867371
YGL194C,YKL178C,0,-7.9048057,0.1270507425069809,0.9990000128746033,0.6863999962806702
YBR119W,YFR030W,0,-7.9049697,0.12703458964824677,0.9990000128746033,0.6865000128746033
YBR156C,YPL138C,0,-7.905435,0.12701843678951263,0.9990000128746033,0.6866000294685364
YDR238C,YLR438C-A,0,-7.9055467,0.1270022839307785,0.9990000128746033,0.6866999864578247
YOL165C,YMR097C,0,-7.906688,0.12698614597320557,0.9990000128746033,0.6868000030517578
YLR228C,YKL219W,0,-7.9070487,0.12697000801563263,0.9990000128746033,0.6869000196456909
YOR136W,YCL024W,0,-7.90893,0.1269538700580597,0.9990000128746033,0.6869999766349792
YGR013W,YNL220W,0,-7.909173,0.12693773210048676,0.9990000128746033,0.6870999932289124
YMR250W,YDR139C,0,-7.9092493,0.126921609044075,0.9990000128746033,0.6872000098228455
YLL038C,YGR036C,0,-7.911325,0.12690548598766327,0.9990000128746033,0.6873000264167786
YFR019W,YJL012C,0,-7.911606,0.12688936293125153,0.9990000128746033,0.6873999834060669
YOL165C,YGL124C,0,-7.911689,0.12687325477600098,0.9990000128746033,0.6875
YOR386W,YGR060W,0,-7.9129276,0.12685714662075043,0.9990000128746033,0.6876000165939331
YGL247W,YKR027W,0,-7.914011,0.12684103846549988,0.9990000128746033,0.6876999735832214
YKL013C,YBL093C,0,-7.914207,0.12682493031024933,0.9990000128746033,0.6877999901771545
YJR112W,YPR006C,0,-7.91517,0.12680883705615997,0.9990000128746033,0.6879000067710876
YOR070C,YOR271C,0,-7.9153614,0.12679274380207062,0.9990000128746033,0.6880000233650208
YDL084W,YDR226W,0,-7.91584,0.12677665054798126,0.9990000128746033,0.6880999803543091
YER060W-A,YLR080W,0,-7.9164414,0.1267605572938919,0.9990000128746033,0.6881999969482422
YMR284W,YDL133C-A,0,-7.916585,0.12674447894096375,0.9990000128746033,0.6883000135421753
YGR169C,YHR209W,0,-7.9170117,0.12672840058803558,0.9990000128746033,0.6883999705314636
YNL215W,YOR315W,0,-7.9181266,0.12671232223510742,0.9990000128746033,0.6884999871253967
YGL012W,YER026C,0,-7.918865,0.12669625878334045,0.9990000128746033,0.6886000037193298
YGR217W,YOL094C,0,-7.919158,0.1266801953315735,0.9990000128746033,0.6887000203132629
YDR380W,YOR026W,0,-7.919332,0.12666413187980652,0.9990000128746033,0.6887999773025513
YGL203C,YDR036C,0,-7.9201055,0.12664806842803955,0.9990000128746033,0.6888999938964844
YBL066C,YMR069W,0,-7.922403,0.12663201987743378,0.9990000128746033,0.6890000104904175
YDL121C,YGR067C,0,-7.922484,0.126615971326828,0.9990000128746033,0.6891000270843506
YOR094W,YFR010W,0,-7.9228535,0.12659992277622223,0.9990000128746033,0.6891999840736389
YNL215W,YDR440W,0,-7.92343,0.12658388912677765,0.9990000128746033,0.689300000667572
YOR317W,YKL175W,0,-7.924171,0.12656784057617188,0.9990000128746033,0.6894000172615051
YOL027C,YMR033W,0,-7.9253154,0.1265518069267273,0.9990000128746033,0.6894999742507935
YGR185C,YML129C,0,-7.925464,0.1265357881784439,0.9990000128746033,0.6895999908447266
YNL272C,YER150W,0,-7.925943,0.12651975452899933,0.9990000128746033,0.6897000074386597
YBR026C,YPR156C,0,-7.926147,0.12650373578071594,0.9990000128746033,0.6898000240325928
YDR498C,YDR234W,0,-7.9264274,0.12648771703243256,0.9990000128746033,0.6898999810218811
YNL031C,YMR061W,0,-7.927038,0.12647169828414917,0.9990000128746033,0.6899999976158142
YGL126W,YML070W,0,-7.9275737,0.12645569443702698,0.9990000128746033,0.6901000142097473
YDR389W,YNL016W,0,-7.927755,0.12643969058990479,0.9990000128746033,0.6901999711990356
YDR144C,YHR157W,0,-7.927923,0.1264236867427826,0.9990000128746033,0.6902999877929688
YGL237C,YKR080W,0,-7.928091,0.1264076977968216,0.9990000128746033,0.6904000043869019
YHR073W,YDL072C,0,-7.9286714,0.1263916939496994,0.9990000128746033,0.690500020980835
YML029W,YIR023W,0,-7.930123,0.1263757050037384,0.9990000128746033,0.6905999779701233
YGL002W,YDL101C,0,-7.930779,0.1263597309589386,0.9990000128746033,0.6906999945640564
YMR179W,YGR006W,0,-7.93117,0.1263437420129776,0.9990000128746033,0.6908000111579895
YPL273W,YLR297W,0,-7.93137,0.1263277679681778,0.9990000128746033,0.6909000277519226
YIL149C,YDR400W,0,-7.931908,0.126311793923378,0.9990000128746033,0.6909999847412109
YMR016C,YDR511W,0,-7.9319367,0.12629583477973938,0.9990000128746033,0.691100001335144
YOL111C,YMR104C,0,-7.9346023,0.12627986073493958,0.9990000128746033,0.6912000179290771
YPR156C,YDL178W,0,-7.9354644,0.12626390159130096,0.9990000128746033,0.6912999749183655
YJR043C,YBR253W,0,-7.9356723,0.12624794244766235,0.9990000128746033,0.6913999915122986
YHR019C,YNL315C,0,-7.9364257,0.12623199820518494,0.9990000128746033,0.6915000081062317
YHR153C,YJR025C,0,-7.937425,0.12621603906154633,0.9990000128746033,0.6916000247001648
YGR087C,YOR157C,0,-7.937927,0.1262000948190689,0.9990000128746033,0.6916999816894531
YOR231W,YKL096W-A,0,-7.938265,0.12618416547775269,0.9990000128746033,0.6917999982833862
YMR280C,YCR017C,0,-7.940044,0.12616822123527527,0.9990000128746033,0.6919000148773193
YDR129C,YKL096W-A,0,-7.9410987,0.12615229189395905,0.9990000128746033,0.6919999718666077
YHR120W,YPL002C,0,-7.941588,0.12613636255264282,0.9990000128746033,0.6920999884605408
YPR061C,YER031C,0,-7.9417005,0.1261204332113266,0.9990000128746033,0.6922000050544739
YCR079W,YMR117C,0,-7.9419694,0.12610451877117157,0.9990000128746033,0.692300021648407
YPL046C,YIL011W,0,-7.9421053,0.12608860433101654,0.9990000128746033,0.6923999786376953
YDR135C,YBR250W,0,-7.9423537,0.1260726898908615,0.9990000128746033,0.6924999952316284
YKR058W,YNR008W,0,-7.9432864,0.12605677545070648,0.9990000128746033,0.6926000118255615
YLR185W,YOR151C,0,-7.9443254,0.12604087591171265,0.9990000128746033,0.6927000284194946
YPL210C,YOR351C,0,-7.9460807,0.1260249763727188,0.9990000128746033,0.692799985408783
YDR227W,YBR217W,0,-7.9471607,0.12600907683372498,0.9990000128746033,0.6929000020027161
YBR143C,YLR352W,0,-7.9471664,0.12599319219589233,0.9990000128746033,0.6930000185966492
YGR295C,YPR168W,0,-7.947987,0.1259773075580597,0.9990000128746033,0.6930999755859375
YHR150W,YGL008C,0,-7.948278,0.12596142292022705,0.9990000128746033,0.6931999921798706
YOR157C,YBL027W,0,-7.9488463,0.1259455382823944,0.9990000128746033,0.6933000087738037
YJL082W,YGR236C,0,-7.949759,0.12592965364456177,0.9990000128746033,0.6934000253677368
YGR124W,YGL198W,0,-7.9503465,0.12591378390789032,0.9990000128746033,0.6934999823570251
YML118W,YBL033C,0,-7.9514384,0.12589791417121887,0.9990000128746033,0.6935999989509583
YLL005C,YBL037W,0,-7.952879,0.12588205933570862,0.9990000128746033,0.6937000155448914
YFR021W,YDR402C,0,-7.9530764,0.12586618959903717,0.9990000128746033,0.6937999725341797
YLR064W,YPR097W,0,-7.9542823,0.12585033476352692,0.9990000128746033,0.6938999891281128
YMR193W,YCR066W,0,-7.9547477,0.12583449482917786,0.9990000128746033,0.6940000057220459
YPL037C,YMR322C,0,-7.9553275,0.1258186399936676,0.9990000128746033,0.694100022315979
YGL137W,YBL033C,0,-7.955574,0.12580280005931854,0.9990000128746033,0.6941999793052673
YKR062W,YMR237W,0,-7.9556823,0.12578696012496948,0.9990000128746033,0.6942999958992004
YGL243W,YDR016C,0,-7.957458,0.12577112019062042,0.9990000128746033,0.6944000124931335
YCR011C,YBR088C,0,-7.957668,0.12575528025627136,0.9990000128746033,0.6945000290870667
YEL070W,YIL148W,0,-7.9577165,0.1257394552230835,0.9990000128746033,0.694599986076355
YDL246C,YGL219C,0,-7.958655,0.12572363018989563,0.9990000128746033,0.6947000026702881
YBR195C,YDR301W,0,-7.959145,0.12570782005786896,0.9990000128746033,0.6948000192642212
YOR322C,YOR233W,0,-7.96066,0.1256919950246811,0.9990000128746033,0.6948999762535095
YNL119W,YOR313C,0,-7.9614863,0.12567618489265442,0.9990000128746033,0.6949999928474426
YFL050C,YAL008W,0,-7.963057,0.12566037476062775,0.9990000128746033,0.6951000094413757
YAR018C,YPR021C,0,-7.963247,0.12564457952976227,0.9990000128746033,0.6952000260353088
YMR105C,YCR086W,0,-7.964281,0.1256287693977356,0.9990000128746033,0.6952999830245972
YDR156W,YJL139C,0,-7.964558,0.12561297416687012,0.9990000128746033,0.6953999996185303
YJL035C,YGL203C,0,-7.9650807,0.12559717893600464,0.9990000128746033,0.6955000162124634
YJR101W,YBR036C,0,-7.9655533,0.12558139860630035,0.9990000128746033,0.6955999732017517
YPL265W,YGR165W,0,-7.965881,0.12556561827659607,0.9990000128746033,0.6956999897956848
YKL145W,YOR123C,0,-7.9661813,0.1255498230457306,0.9990000128746033,0.6958000063896179
YEL070W,YEL030W,0,-7.9676843,0.1255340576171875,0.9990000128746033,0.695900022983551
YER023W,YPR166C,0,-7.968866,0.12551827728748322,0.9990000128746033,0.6959999799728394
YNL128W,YPL262W,0,-7.9694815,0.12550251185894012,0.9990000128746033,0.6960999965667725
YKL082C,YJR066W,0,-7.970782,0.12548674643039703,0.9990000128746033,0.6962000131607056
YNL151C,YDL226C,0,-7.9709573,0.12547098100185394,0.9990000128746033,0.6963000297546387
YMR044W,YLR131C,0,-7.97177,0.12545523047447205,0.9990000128746033,0.696399986743927
YMR311C,YDL010W,0,-7.9725575,0.12543947994709015,0.9990000128746033,0.6965000033378601
YOR087W,YPR194C,0,-7.973643,0.12542372941970825,0.9990000128746033,0.6966000199317932
YDL135C,YBL005W,0,-7.9742684,0.12540797889232635,0.9990000128746033,0.6966999769210815
YPL051W,YDR331W,0,-7.9742985,0.12539224326610565,0.9990000128746033,0.6967999935150146
YIL101C,YNR021W,0,-7.9747386,0.12537650763988495,0.9990000128746033,0.6969000101089478
YMR133W,YAL008W,0,-7.974936,0.12536077201366425,0.9990000128746033,0.6970000267028809
YOR073W,YBR189W,0,-7.977887,0.12534505128860474,0.9990000128746033,0.6970999836921692
YBR257W,YBL018C,1,-7.980338,0.12545476853847504,1.0,0.6970999836921692
YBR129C,YLR147C,0,-7.9813666,0.12543903291225433,1.0,0.6972000002861023
YPR058W,YBR036C,0,-7.9815254,0.12542329728603363,1.0,0.6973000168800354
YOR357C,YJL012C,0,-7.9816504,0.12540757656097412,1.0,0.6973999738693237
YDR460W,YMR081C,0,-7.9816985,0.1253918558359146,1.0,0.6974999904632568
YAL067C,YGR113W,0,-7.9849124,0.1253761351108551,1.0,0.6976000070571899
YDR498C,YLR020C,0,-7.9863095,0.1253604143857956,1.0,0.697700023651123
YGL179C,YEL002C,0,-7.9864554,0.12534469366073608,1.0,0.6977999806404114
YLR272C,YPR129W,0,-7.986556,0.12532898783683777,1.0,0.6978999972343445
YPL128C,YBR074W,0,-7.98657,0.12531328201293945,1.0,0.6980000138282776
YKL214C,YDL155W,0,-7.9867177,0.12529757618904114,1.0,0.6980999708175659
YKL182W,YDR055W,0,-7.9872503,0.12528188526630402,1.0,0.698199987411499
YLR246W,YGR194C,0,-7.988315,0.1252661943435669,1.0,0.6983000040054321
YNL169C,YLR220W,0,-7.989017,0.12525050342082977,1.0,0.6984000205993652
YPR097W,YCR071C,0,-7.9897475,0.12523481249809265,1.0,0.6984999775886536
YGL192W,YAL061W,0,-7.990071,0.12521913647651672,1.0,0.6985999941825867
YLR424W,YJL031C,0,-7.9903297,0.1252034604549408,1.0,0.6987000107765198
YHR041C,YCR038C,0,-7.9910293,0.12518778443336487,1.0,0.6988000273704529
YBR058C-A,YJL212C,0,-7.9913983,0.12517210841178894,1.0,0.6988999843597412
YMR059W,YGR063C,0,-7.9916244,0.1251564472913742,1.0,0.6990000009536743
YLR084C,YGR208W,0,-7.992825,0.12514078617095947,1.0,0.6991000175476074
YBR244W,YOL095C,0,-7.9932866,0.12512512505054474,1.0,0.6991999745368958
YDL128W,YNL126W,0,-7.9933686,0.12510946393013,1.0,0.6992999911308289
YPR108W,YGL013C,0,-7.994257,0.12509381771087646,1.0,0.699400007724762
YJR155W,YDR126W,0,-7.9951005,0.12507817149162292,1.0,0.6995000243186951
YOL052C-A,YOR351C,0,-7.9953465,0.12506252527236938,1.0,0.6995999813079834
YNL318C,YLR284C,0,-7.9954433,0.12504689395427704,1.0,0.6996999979019165
YGR240C,YLR433C,0,-7.995969,0.1250312626361847,1.0,0.6998000144958496
YMR038C,YHR083W,0,-7.9961896,0.12501563131809235,1.0,0.6998999714851379
YDR322W,YER020W,0,-7.996845,0.125,1.0,0.699999988079071
YOL136C,YGL047W,0,-7.997188,0.12498437613248825,1.0,0.7001000046730042
YLR048W,YDR200C,0,-7.9983416,0.1249687597155571,1.0,0.7002000212669373
YBR148W,YDR314C,0,-7.9987445,0.12495314329862595,1.0,0.7002999782562256
YFL018C,YLR144C,0,-7.999764,0.12493753433227539,1.0,0.7003999948501587
YIL049W,YJL170C,0,-8.004192,0.12492192536592484,1.0,0.7005000114440918
YNL300W,YGL222C,0,-8.004677,0.12490632385015488,1.0,0.7006000280380249
YER093C,YPR188C,0,-8.005166,0.12489072233438492,1.0,0.7006999850273132
YNR006W,YKL033W,0,-8.0053005,0.12487512826919556,1.0,0.7008000016212463
YJR009C,YBR082C,0,-8.005599,0.1248595342040062,1.0,0.7009000182151794
YDR448W,YDR328C,0,-8.005691,0.12484394758939743,1.0,0.7009999752044678
YGL224C,YOR143C,0,-8.005898,0.12482836097478867,1.0,0.7010999917984009
YGL151W,YOR026W,0,-8.006413,0.1248127818107605,1.0,0.701200008392334
YOL094C,YHR178W,0,-8.006678,0.12479720264673233,1.0,0.7013000249862671
YJR051W,YDR486C,0,-8.006984,0.12478163093328476,1.0,0.7013999819755554
YIL155C,YDL123W,0,-8.008516,0.12476606667041779,1.0,0.7014999985694885
YLL042C,YCR020W-B,0,-8.008601,0.12475050240755081,1.0,0.7016000151634216
YNR011C,YKL165C,0,-8.009003,0.12473493814468384,1.0,0.70169997215271
YMR044W,YOR204W,0,-8.0105095,0.12471938133239746,1.0,0.7017999887466431
YGR261C,YDR009W,0,-8.010647,0.12470383197069168,1.0,0.7019000053405762
YGR084C,YKR036C,0,-8.010833,0.1246882826089859,1.0,0.7020000219345093
YGR006W,YOR049C,0,-8.011316,0.12467273324728012,1.0,0.7020999789237976
YDR422C,YBL105C,0,-8.012976,0.12465719133615494,1.0,0.7021999955177307
YKL038W,YOR079C,0,-8.013469,0.12464165687561035,1.0,0.7023000121116638
YLR410W,YPL179W,0,-8.014289,0.12462612241506577,1.0,0.7024000287055969
YHR042W,YPR115W,0,-8.016153,0.12461059540510178,1.0,0.7024999856948853
YKL152C,YKL163W,0,-8.018585,0.12459506839513779,1.0,0.7026000022888184
YGR231C,YGL244W,0,-8.018816,0.1245795413851738,1.0,0.7027000188827515
YER012W,YOR192C,0,-8.01918,0.124564029276371,1.0,0.7027999758720398
YKR093W,YOR244W,0,-8.019707,0.12454850971698761,1.0,0.7028999924659729
YNR039C,YDL029W,0,-8.020597,0.12453299760818481,1.0,0.703000009059906
YOR275C,YDL077C,0,-8.026033,0.12451749294996262,1.0,0.7031000256538391
YAL016W,YDL045W-A,0,-8.0292635,0.12450199574232101,1.0,0.7031999826431274
YHR023W,YOL006C,0,-8.029778,0.12448649108409882,1.0,0.7032999992370605
YMR263W,YGL192W,0,-8.03015,0.12447100132703781,1.0,0.7034000158309937
YBR288C,YML109W,0,-8.031711,0.12445550411939621,1.0,0.703499972820282
YGL216W,YMR322C,0,-8.032421,0.1244400218129158,1.0,0.7035999894142151
YPL273W,YNL003C,0,-8.033502,0.1244245395064354,1.0,0.7037000060081482
YNL090W,YMR231W,0,-8.037239,0.12440905719995499,1.0,0.7038000226020813
YBL022C,YKL002W,0,-8.039813,0.12439358234405518,1.0,0.7038999795913696
YKL032C,YDR451C,0,-8.039895,0.12437810748815536,1.0,0.7039999961853027
YOR087W,YBR139W,0,-8.040096,0.12436264008283615,1.0,0.7041000127792358
YJL174W,YNL251C,0,-8.040511,0.12434718012809753,1.0,0.704200029373169
YLR086W,YGR236C,0,-8.040866,0.12433172017335892,1.0,0.7042999863624573
YKR064W,YBL037W,0,-8.041099,0.1243162602186203,1.0,0.7044000029563904
YDR147W,YGR254W,0,-8.042958,0.12430080771446228,1.0,0.7045000195503235
YPL006W,YDR116C,0,-8.04383,0.12428536266088486,1.0,0.7045999765396118
YHR087W,YER039C,0,-8.04457,0.12426991760730743,1.0,0.7046999931335449
YML046W,YPL255W,0,-8.045494,0.12425447255373001,1.0,0.704800009727478
YBR037C,YMR236W,0,-8.045724,0.12423903495073318,1.0,0.7049000263214111
YFL050C,YNL151C,0,-8.046513,0.12422360479831696,1.0,0.7049999833106995
YCR105W,YOR038C,0,-8.047372,0.12420817464590073,1.0,0.7050999999046326
YOR049C,YML004C,0,-8.047627,0.1241927444934845,1.0,0.7052000164985657
YMR135C,YLL033W,0,-8.048009,0.12417732179164886,1.0,0.705299973487854
YDR540C,YJL170C,0,-8.04802,0.12416190654039383,1.0,0.7053999900817871
YEL058W,YML066C,0,-8.048334,0.1241464912891388,1.0,0.7055000066757202
YKL006C-A,YOL062C,0,-8.049167,0.12413108348846436,1.0,0.7056000232696533
YIL157C,YPL115C,0,-8.049826,0.12411567568778992,1.0,0.7056999802589417
YMR280C,YPL017C,0,-8.050069,0.12410027533769608,1.0,0.7057999968528748
YER183C,YPR119W,0,-8.0506735,0.12408487498760223,1.0,0.7059000134468079
YGL157W,YGL151W,0,-8.051851,0.12406948208808899,1.0,0.7059999704360962
YOR317W,YDR213W,0,-8.054554,0.12405408918857574,1.0,0.7060999870300293
YOL103W,YDR447C,0,-8.055568,0.1240387037396431,1.0,0.7062000036239624
YGR092W,YOR192C,0,-8.056431,0.12402331829071045,1.0,0.7063000202178955
YCL029C,YPL228W,0,-8.057047,0.1240079328417778,1.0,0.7063999772071838
YFR052W,YPR168W,0,-8.057106,0.12399256229400635,1.0,0.7064999938011169
YPR108W,YOR094W,0,-8.05809,0.1239771917462349,1.0,0.70660001039505
YOR106W,YKL174C,0,-8.058155,0.12396182119846344,1.0,0.7067000269889832
YBR302C,YDR092W,0,-8.058962,0.12394645810127258,1.0,0.7067999839782715
YER011W,YOR228C,0,-8.060052,0.12393109500408173,1.0,0.7069000005722046
YML049C,YKL060C,0,-8.06446,0.12391573935747147,1.0,0.7070000171661377
YLR058C,YBR127C,0,-8.064606,0.1239003837108612,1.0,0.707099974155426
YBR286W,YPL057C,0,-8.0656805,0.12388503551483154,1.0,0.7071999907493591
YER036C,YLR154C,0,-8.066284,0.12386968731880188,1.0,0.7073000073432922
YNL233W,YDR371W,0,-8.066436,0.12385434657335281,1.0,0.7074000239372253
YER053C,YER048W-A,0,-8.067302,0.12383900582790375,1.0,0.7074999809265137
YKL032C,YNL083W,0,-8.067641,0.12382367253303528,1.0,0.7075999975204468
YDR194C,YNL062C,0,-8.068247,0.1238083466887474,1.0,0.7077000141143799
YJL035C,YBR046C,0,-8.068336,0.12379302084445953,1.0,0.7077999711036682
YBR118W,YML028W,0,-8.069994,0.12377769500017166,1.0,0.7078999876976013
YHL025W,YKR065C,0,-8.070417,0.12376237660646439,1.0,0.7080000042915344
YJL173C,YOR323C,0,-8.070754,0.12374705821275711,1.0,0.7081000208854675
YER050C,YML027W,0,-8.070806,0.12373174726963043,1.0,0.7081999778747559
YLR187W,YBR302C,0,-8.072677,0.12371644377708435,1.0,0.708299994468689
YBL020W,YKL091C,0,-8.072915,0.12370114028453827,1.0,0.7084000110626221
YOR393W,YIL111W,0,-8.073083,0.12368583679199219,1.0,0.7085000276565552
YMR193W,YGR141W,0,-8.074226,0.1236705407500267,1.0,0.7085999846458435
YOL032W,YLR038C,0,-8.074974,0.12365525215864182,1.0,0.7087000012397766
YOR298C-A,YDR081C,0,-8.0752,0.12363996356725693,1.0,0.7088000178337097
YML126C,YAL042W,0,-8.0752535,0.12362467497587204,1.0,0.708899974822998
YOL067C,YAL061W,0,-8.075793,0.12360939383506775,1.0,0.7089999914169312
YPR114W,YPR032W,0,-8.076063,0.12359412014484406,1.0,0.7091000080108643
YOL116W,YEL044W,0,-8.077198,0.12357884645462036,1.0,0.7092000246047974
YDL212W,YGL142C,0,-8.078239,0.12356357276439667,1.0,0.7092999815940857
YNL126W,YGL136C,0,-8.078917,0.12354830652475357,1.0,0.7093999981880188
YDR288W,YML018C,0,-8.080006,0.12353304773569107,1.0,0.7095000147819519
YER148W,YOR038C,0,-8.080092,0.12351778894662857,1.0,0.7095999717712402
YLR328W,YIL136W,0,-8.080121,0.12350253015756607,1.0,0.7096999883651733
YML014W,YFR010W,0,-8.080373,0.12348727881908417,1.0,0.7098000049591064
YNL293W,YNL209W,0,-8.080729,0.12347203493118286,1.0,0.7099000215530396
YLR086W,YPR178W,0,-8.08094,0.12345679104328156,1.0,0.7099999785423279
YER004W,YLR283W,0,-8.080994,0.12344154715538025,1.0,0.710099995136261
YDL232W,YML133C,0,-8.081146,0.12342631816864014,1.0,0.7102000117301941
YOR101W,YNL196C,0,-8.081469,0.12341108173131943,1.0,0.7103000283241272
YKL056C,YPL159C,0,-8.081565,0.12339585274457932,1.0,0.7103999853134155
YGR209C,YLR220W,0,-8.082351,0.1233806312084198,1.0,0.7105000019073486
YAL030W,YOR033C,0,-8.083502,0.12336540967226028,1.0,0.7106000185012817
YIR022W,YNR050C,0,-8.084919,0.12335018813610077,1.0,0.7106999754905701
YNL270C,YAR071W,0,-8.08568,0.12333498150110245,1.0,0.7107999920845032
YNL146W,YDL190C,0,-8.085888,0.12331976741552353,1.0,0.7109000086784363
YCR012W,YNL025C,0,-8.087091,0.12330456078052521,1.0,0.7110000252723694
YPL038W,YDL127W,0,-8.087391,0.12328936159610748,1.0,0.7110999822616577
YIL109C,YFR014C,0,-8.088461,0.12327416241168976,1.0,0.7111999988555908
YBR200W,YLR271W,0,-8.088778,0.12325897067785263,1.0,0.7113000154495239
YIL035C,YDR512C,0,-8.090164,0.1232437789440155,1.0,0.7113999724388123
YNL044W,YPL172C,0,-8.091776,0.12322858721017838,1.0,0.7114999890327454
YOR172W,YOR275C,0,-8.092189,0.12321340292692184,1.0,0.7116000056266785
YLR360W,YDR421W,0,-8.09263,0.12319822609424591,1.0,0.7117000222206116
YBL056W,YER090W,0,-8.092972,0.12318304926156998,1.0,0.7117999792098999
YKL011C,YPR079W,0,-8.092983,0.12316787987947464,1.0,0.711899995803833
YPR018W,YGR043C,0,-8.093432,0.1231527104973793,1.0,0.7120000123977661
YBL025W,YMR232W,0,-8.095932,0.12313754111528397,1.0,0.7121000289916992
YGR077C,YJL020C,0,-8.096613,0.12312238663434982,1.0,0.7121999859809875
YCR046C,YKL046C,0,-8.09946,0.12310722470283508,1.0,0.7123000025749207
YOR249C,YMR073C,0,-8.100623,0.12309207022190094,1.0,0.7124000191688538
YDL176W,YMR308C,0,-8.101161,0.1230769231915474,1.0,0.7124999761581421
YOR132W,YKL150W,0,-8.1031,0.12306177616119385,1.0,0.7125999927520752
YGR230W,YOR266W,0,-8.103104,0.1230466365814209,1.0,0.7127000093460083
YNR001C,YDR036C,0,-8.103238,0.12303149700164795,1.0,0.7128000259399414
YDL105W,YNR002C,0,-8.103447,0.1230163648724556,1.0,0.7128999829292297
YIL098C,YBL099W,0,-8.103796,0.12300123274326324,1.0,0.7129999995231628
YHR181W,YDL136W,0,-8.104651,0.12298610061407089,1.0,0.713100016117096
YLL026W,YAR042W,0,-8.109126,0.12297097593545914,1.0,0.7131999731063843
YNL317W,YHR103W,0,-8.1094475,0.12295585870742798,1.0,0.7132999897003174
YOR246C,YCR021C,0,-8.112068,0.12294074147939682,1.0,0.7134000062942505
YOR339C,YNL180C,0,-8.112546,0.12292563170194626,1.0,0.7135000228881836
YBR212W,YJL061W,0,-8.1135645,0.1229105219244957,1.0,0.7135999798774719
YDR524C,YDR473C,0,-8.114934,0.12289541959762573,1.0,0.713699996471405
YHR138C,YAR002W,0,-8.115269,0.12288031727075577,1.0,0.7138000130653381
YNL152W,YEL003W,0,-8.115703,0.1228652149438858,1.0,0.7139000296592712
YDR463W,YHR042W,0,-8.118899,0.12285012006759644,1.0,0.7139999866485596
YJR109C,YFL034C-B,0,-8.119334,0.12283503264188766,1.0,0.7141000032424927
YLR047C,YLR295C,0,-8.119915,0.1228199452161789,1.0,0.7142000198364258
YMR242C,YDR510W,0,-8.121061,0.12280486524105072,1.0,0.7142999768257141
YKR029C,YGL194C,0,-8.121691,0.12278978526592255,1.0,0.7143999934196472
YHR053C,YHR167W,0,-8.122103,0.12277470529079437,1.0,0.7145000100135803
YPL121C,YGL192W,0,-8.122622,0.12275964021682739,1.0,0.7146000266075134
YOR303W,YHR179W,0,-8.123094,0.12274456769227982,1.0,0.7146999835968018
YNL098C,YBR160W,0,-8.124636,0.12272950261831284,1.0,0.7148000001907349
YDL243C,YER063W,0,-8.124823,0.12271444499492645,1.0,0.714900016784668
YOR243C,YMR070W,0,-8.12519,0.12269938737154007,1.0,0.7149999737739563
YER183C,YHR109W,0,-8.125362,0.12268432974815369,1.0,0.7150999903678894
YOL018C,YER139C,0,-8.125537,0.1226692870259285,1.0,0.7152000069618225
YBL056W,YML081C-A,0,-8.125713,0.12265423685312271,1.0,0.7153000235557556
YOR144C,YMR056C,0,-8.125792,0.12263919413089752,1.0,0.715399980545044
YGR167W,YER183C,0,-8.127311,0.12262415885925293,1.0,0.715499997138977
YBR181C,YMR179W,0,-8.128065,0.12260912358760834,1.0,0.7156000137329102
YGR004W,YBL005W,0,-8.130407,0.12259408831596375,1.0,0.7156999707221985
YOR217W,YLR335W,0,-8.130739,0.12257906049489975,1.0,0.7157999873161316
YDR085C,YPL129W,0,-8.130781,0.12256404012441635,1.0,0.7159000039100647
YJR113C,YMR273C,0,-8.131243,0.12254901975393295,1.0,0.7160000205039978
YOL068C,YER169W,0,-8.132906,0.12253400683403015,1.0,0.7160999774932861
YDR217C,YKR088C,0,-8.133136,0.12251899391412735,1.0,0.7161999940872192
YGL207W,YML076C,0,-8.134107,0.12250398099422455,1.0,0.7163000106811523
YCL034W,YPL159C,0,-8.136374,0.12248897552490234,1.0,0.7164000272750854
YJR101W,YDL159W,0,-8.136733,0.12247397750616074,1.0,0.7164999842643738
YKR009C,YKR065C,0,-8.13757,0.12245897948741913,1.0,0.7166000008583069
YDL134C,YGR189C,0,-8.139597,0.12244398146867752,1.0,0.71670001745224
YDL103C,YDL072C,0,-8.140602,0.12242899090051651,1.0,0.7167999744415283
YML116W,YPR029C,0,-8.140925,0.1224140077829361,1.0,0.7168999910354614
YFL036W,YGL223C,0,-8.141617,0.12239901721477509,1.0,0.7170000076293945
YNL194C,YER011W,0,-8.141859,0.12238404154777527,1.0,0.7171000242233276
YNL288W,YPL170W,0,-8.142043,0.12236906588077545,1.0,0.717199981212616
YOR152C,YDL112W,0,-8.143503,0.12235409021377563,1.0,0.7172999978065491
YJL127C,YIL026C,0,-8.144293,0.12233912199735641,1.0,0.7174000144004822
YIL072W,YER013W,0,-8.144613,0.12232416123151779,1.0,0.7174999713897705
YGR060W,YBR001C,0,-8.144751,0.12230920046567917,1.0,0.7175999879837036
YML081C-A,YLL018C-A,0,-8.1451025,0.12229423969984055,1.0,0.7177000045776367
YEL054C,YHR135C,0,-8.149148,0.12227928638458252,1.0,0.7178000211715698
YCL045C,YJR066W,0,-8.150634,0.1222643330693245,1.0,0.7178999781608582
YIR024C,YGR113W,0,-8.151262,0.12224938720464706,1.0,0.7179999947547913
YGL254W,YBR007C,0,-8.15173,0.12223444879055023,1.0,0.7181000113487244
YNR035C,YLR185W,0,-8.15316,0.1222195029258728,1.0,0.7182000279426575
YKR030W,YOR049C,0,-8.153272,0.12220457196235657,1.0,0.7182999849319458
YDL150W,YKR055W,0,-8.153814,0.12218964099884033,1.0,0.7184000015258789
YGR118W,YIL094C,0,-8.156076,0.1221747100353241,1.0,0.718500018119812
YLR431C,YDL088C,0,-8.156116,0.12215978652238846,1.0,0.7185999751091003
YMR175W,YDR047W,0,-8.156752,0.12214486300945282,1.0,0.7186999917030334
YBR241C,YLR200W,0,-8.156961,0.12212994694709778,1.0,0.7188000082969666
YIL109C,YMR088C,0,-8.157957,0.12211503088474274,1.0,0.7189000248908997
YER008C,YLR438C-A,0,-8.158651,0.12210012227296829,1.0,0.718999981880188
YER051W,YIR039C,0,-8.160152,0.12208521366119385,1.0,0.7190999984741211
YGL092W,YOR351C,0,-8.161679,0.1220703125,1.0,0.7192000150680542
YBR029C,YPR032W,0,-8.161785,0.12205541133880615,1.0,0.7192999720573425
YNR032C-A,YDR146C,0,-8.162162,0.1220405176281929,1.0,0.7193999886512756
YHR175W,YER030W,0,-8.162864,0.12202562391757965,1.0,0.7195000052452087
YER116C,YDL195W,0,-8.163218,0.122010737657547,1.0,0.7196000218391418
YGL040C,YHR008C,0,-8.163271,0.12199585139751434,1.0,0.7196999788284302
YGR202C,YCL005W,0,-8.163645,0.12198097258806229,1.0,0.7197999954223633
YNL173C,YDR202C,0,-8.165961,0.12196609377861023,1.0,0.7199000120162964
YBR133C,YPR175W,0,-8.166856,0.12195122241973877,1.0,0.7200000286102295
YHR070W,YNR074C,0,-8.167573,0.12193635106086731,1.0,0.7200999855995178
YHR176W,YHR181W,0,-8.168305,0.12192147970199585,1.0,0.7202000021934509
YBR019C,YGL211W,0,-8.168668,0.12190662324428558,1.0,0.720300018787384
YLR258W,YER016W,0,-8.174536,0.12189175933599472,1.0,0.7203999757766724
YLR451W,YNR049C,0,-8.174585,0.12187690287828445,1.0,0.7204999923706055
YBR023C,YHR059W,0,-8.174626,0.12186205387115479,1.0,0.7206000089645386
YGR262C,YDL020C,0,-8.175492,0.12184720486402512,1.0,0.7207000255584717
YPL005W,YOR073W,0,-8.178999,0.12183235585689545,1.0,0.72079998254776
YPL117C,YHR109W,0,-8.17953,0.12181751430034637,1.0,0.7208999991416931
YBR077C,YCR088W,0,-8.180435,0.1218026801943779,1.0,0.7210000157356262
YKR006C,YPR006C,0,-8.181067,0.12178784608840942,1.0,0.7210999727249146
YJL058C,YLR092W,0,-8.1819315,0.12177301198244095,1.0,0.7211999893188477
YPL193W,YIL047C,0,-8.182329,0.12175818532705307,1.0,0.7213000059127808
YJL219W,YGL044C,0,-8.183022,0.12174336612224579,1.0,0.7214000225067139
YAL008W,YBL030C,0,-8.185135,0.12172854691743851,1.0,0.7214999794960022
YKL141W,YKL092C,0,-8.185731,0.12171372771263123,1.0,0.7215999960899353
YOR209C,YNL315C,0,-8.187146,0.12169891595840454,1.0,0.7217000126838684
YOR176W,YHR041C,0,-8.189494,0.12168411165475845,1.0,0.7218000292778015
YGR155W,YFR029W,0,-8.189658,0.12166929990053177,1.0,0.7218999862670898
YOL001W,YLR107W,0,-8.189715,0.12165450304746628,1.0,0.722000002861023
YPL240C,YDL006W,0,-8.191438,0.12163970619440079,1.0,0.722100019454956
YLR187W,YCR065W,0,-8.193036,0.1216249093413353,1.0,0.7221999764442444
YDL123W,YLR093C,0,-8.194339,0.1216101199388504,1.0,0.7222999930381775
YDR448W,YNR008W,0,-8.1947775,0.12159533053636551,1.0,0.7224000096321106
YGR076C,YCR105W,0,-8.194831,0.12158054858446121,1.0,0.7225000262260437
YGR238C,YLR103C,0,-8.195454,0.12156576663255692,1.0,0.722599983215332
YOR161C,YOL045W,0,-8.196294,0.12155099213123322,1.0,0.7226999998092651
YMR067C,YER109C,0,-8.196326,0.12153621762990952,1.0,0.7228000164031982
YIR022W,YLR109W,0,-8.19692,0.12152145057916641,1.0,0.7228999733924866
YLR001C,YNL027W,0,-8.198015,0.12150668352842331,1.0,0.7229999899864197
YPR133C,YAL055W,0,-8.198773,0.1214919239282608,1.0,0.7231000065803528
YKL054C,YML097C,0,-8.202457,0.1214771643280983,1.0,0.7232000231742859
YMR256C,YOR233W,0,-8.202636,0.12146240472793579,1.0,0.7232999801635742
YGR056W,YDR421W,0,-8.205101,0.12144765257835388,1.0,0.7233999967575073
YGR092W,YDR457W,0,-8.208125,0.12143290787935257,1.0,0.7235000133514404
YCL044C,YJL102W,0,-8.208525,0.12141816318035126,1.0,0.7235999703407288
YGR118W,YIR037W,0,-8.210535,0.12140342593193054,1.0,0.7236999869346619
YDR409W,YFR007W,0,-8.210916,0.12138868868350983,1.0,0.723800003528595
YFL036W,YIL173W,0,-8.214142,0.12137395143508911,1.0,0.7239000201225281
YDR019C,YAL034W-A,0,-8.215578,0.12135922163724899,1.0,0.7239999771118164
YOR034C,YCR020W-B,0,-8.215904,0.12134449928998947,1.0,0.7240999937057495
YNL301C,YLR006C,0,-8.216517,0.12132977694272995,1.0,0.7242000102996826
YOL068C,YDL101C,0,-8.218516,0.12131505459547043,1.0,0.7243000268936157
YKR013W,YDR027C,0,-8.218627,0.1213003396987915,1.0,0.724399983882904
YGL179C,YNL316C,0,-8.219186,0.12128562480211258,1.0,0.7245000004768372
YER176W,YNR017W,0,-8.219363,0.12127091735601425,1.0,0.7246000170707703
YDR055W,YJL219W,0,-8.219945,0.12125621736049652,1.0,0.7246999740600586
YKR084C,YDR364C,0,-8.220158,0.1212415099143982,1.0,0.7247999906539917
YLR014C,YBL084C,0,-8.220222,0.12122681736946106,1.0,0.7249000072479248
YBR205W,YOR081C,0,-8.223235,0.12121212482452393,1.0,0.7250000238418579
YMR305C,YFR030W,0,-8.224314,0.12119743227958679,1.0,0.7250999808311462
YER089C,YPL020C,0,-8.224627,0.12118274718523026,1.0,0.7251999974250793
YKL124W,YDR110W,0,-8.224927,0.12116806209087372,1.0,0.7253000140190125
YER048W-A,YDR463W,0,-8.2250595,0.12115337699651718,1.0,0.7253999710083008
YLL057C,YDR188W,0,-8.225317,0.12113870680332184,1.0,0.7254999876022339
YGR191W,YIL165C,0,-8.226281,0.1211240291595459,1.0,0.725600004196167
YGR172C,YDR314C,0,-8.226625,0.12110935896635056,1.0,0.7257000207901001
YKL093W,YDR385W,0,-8.227169,0.12109469622373581,1.0,0.7257999777793884
YPL219W,YOR369C,0,-8.228195,0.12108003348112106,1.0,0.7258999943733215
YDR410C,YJR096W,0,-8.229453,0.12106537818908691,1.0,0.7260000109672546
YER165W,YMR283C,0,-8.229619,0.12105072289705276,1.0,0.7261000275611877
YMR322C,YJL117W,0,-8.230406,0.12103606760501862,1.0,0.7261999845504761
YFL056C,YKL130C,0,-8.230513,0.12102141976356506,1.0,0.7263000011444092
YMR081C,YOR185C,0,-8.231672,0.12100677937269211,1.0,0.7264000177383423
YNL001W,YPL112C,0,-8.232521,0.12099213898181915,1.0,0.7264999747276306
YIR034C,YLR286C,0,-8.232791,0.1209774985909462,1.0,0.7265999913215637
YOR339C,YGR166W,0,-8.232872,0.12096286565065384,1.0,0.7267000079154968
YOL061W,YOR313C,0,-8.2341175,0.12094823271036148,1.0,0.7268000245094299
YEL017C-A,YLR001C,0,-8.234532,0.12093360722064972,1.0,0.7268999814987183
YLL019C,YIR026C,0,-8.235467,0.12091898173093796,1.0,0.7269999980926514
YLR404W,YCR094W,0,-8.237224,0.1209043636918068,1.0,0.7271000146865845
YPR066W,YPL130W,0,-8.237404,0.12088974565267563,1.0,0.7271999716758728
YDR343C,YAL017W,0,-8.237663,0.12087513506412506,1.0,0.7272999882698059
YPL010W,YBR189W,0,-8.238425,0.1208605244755745,1.0,0.727400004863739
YGR048W,YDR446W,0,-8.238641,0.12084592133760452,1.0,0.7275000214576721
YHL011C,YPL258C,0,-8.238653,0.12083131819963455,1.0,0.7275999784469604
YMR237W,YMR243C,0,-8.240746,0.12081672251224518,1.0,0.7276999950408936
YMR021C,YDL102W,0,-8.240903,0.1208021268248558,1.0,0.7278000116348267
YLL005C,YGR206W,0,-8.241679,0.12078753113746643,1.0,0.7279000282287598
YPR168W,YGR078C,0,-8.242007,0.12077295035123825,1.0,0.7279999852180481
YOR128C,YDR452W,0,-8.242482,0.12075836211442947,1.0,0.7281000018119812
YIL173W,YOR142W,0,-8.243586,0.1207437813282013,1.0,0.7282000184059143
YNL044W,YMR152W,0,-8.244597,0.12072920799255371,1.0,0.7282999753952026
YLR399C,YNL169C,0,-8.246446,0.12071462720632553,1.0,0.7283999919891357
YIL043C,YKL188C,0,-8.246735,0.12070006132125854,1.0,0.7285000085830688
YDR304C,YAL059W,0,-8.247621,0.12068549543619156,1.0,0.728600025177002
YOL061W,YOR368W,0,-8.24799,0.12067092955112457,1.0,0.7286999821662903
YPL152W,YPL061W,0,-8.2492485,0.12065637111663818,1.0,0.7287999987602234
YBR037C,YNL206C,0,-8.251164,0.1206418126821518,1.0,0.7289000153541565
YDL022W,YDR047W,0,-8.251363,0.120627261698246,1.0,0.7289999723434448
YAL030W,YLR394W,0,-8.2518635,0.12061271071434021,1.0,0.7290999889373779
YDR480W,YJR135C,0,-8.252805,0.12059816718101501,1.0,0.729200005531311
YOL008W,YNL336W,0,-8.253626,0.12058362364768982,1.0,0.7293000221252441
YOR299W,YDL167C,0,-8.254767,0.12056908756494522,1.0,0.7293999791145325
YIL074C,YMR305C,0,-8.255253,0.12055455148220062,1.0,0.7294999957084656
YER145C,YLL052C,0,-8.257717,0.12054002285003662,1.0,0.7296000123023987
YOR260W,YOR060C,0,-8.25817,0.12052549421787262,1.0,0.7297000288963318
YBL095W,YJL148W,0,-8.258808,0.12051096558570862,1.0,0.7297999858856201
YKL007W,YFR050C,0,-8.258892,0.12049644440412521,1.0,0.7299000024795532
YDL091C,YNL067W,0,-8.260253,0.1204819306731224,1.0,0.7300000190734863
YCR044C,YIL158W,0,-8.261429,0.1204674169421196,1.0,0.7300999760627747
YNL289W,YOL095C,0,-8.262677,0.12045290321111679,1.0,0.7301999926567078
YIL027C,YKL071W,0,-8.262839,0.12043839693069458,1.0,0.7303000092506409
YOR128C,YGR214W,0,-8.263501,0.12042389065027237,1.0,0.730400025844574
YLR013W,YGR063C,0,-8.265887,0.12040939182043076,1.0,0.7304999828338623
YGL076C,YDR096W,0,-8.266452,0.12039489299058914,1.0,0.7305999994277954
YDR358W,YBR091C,0,-8.267165,0.12038040161132812,1.0,0.7307000160217285
YPR066W,YPL111W,0,-8.268868,0.12036591023206711,1.0,0.7307999730110168
YER123W,YDR376W,0,-8.26974,0.12035142630338669,1.0,0.73089998960495
YMR227C,YBR136W,0,-8.271136,0.12033694237470627,1.0,0.7310000061988831
YCL044C,YBR302C,0,-8.271395,0.12032246589660645,1.0,0.7311000227928162
YBR033W,YDL029W,0,-8.271944,0.12030798941850662,1.0,0.7311999797821045
YHL022C,YNL261W,0,-8.273314,0.1202935129404068,1.0,0.7312999963760376
YJL156C,YDR142C,0,-8.273844,0.12027904391288757,1.0,0.7314000129699707
YIL033C,YOL156W,0,-8.274211,0.12026458233594894,1.0,0.7315000295639038
YHR204W,YDL154W,0,-8.274329,0.12025012075901031,1.0,0.7315999865531921
YNL108C,YPL179W,0,-8.274433,0.12023565918207169,1.0,0.7317000031471252
YNL188W,YDL146W,0,-8.27477,0.12022120505571365,1.0,0.7318000197410583
YPL005W,YPR038W,0,-8.277053,0.12020675837993622,1.0,0.7318999767303467
YDR389W,YPL070W,0,-8.277547,0.12019230425357819,1.0,0.7319999933242798
YLR120C,YBR022W,0,-8.277654,0.12017786502838135,1.0,0.7321000099182129
YFR015C,YDL226C,0,-8.278183,0.12016342580318451,1.0,0.732200026512146
YDL150W,YOL034W,0,-8.278456,0.12014898657798767,1.0,0.7322999835014343
YGR038W,YGL033W,0,-8.27853,0.12013454735279083,1.0,0.7324000000953674
YJR103W,YLR330W,0,-8.278658,0.12012012302875519,1.0,0.7325000166893005
YDR076W,YJL128C,0,-8.278815,0.12010569125413895,1.0,0.7325999736785889
YNL219C,YCR077C,0,-8.280669,0.1200912669301033,1.0,0.732699990272522
YIR018W,YNL219C,0,-8.281167,0.12007685005664825,1.0,0.7328000068664551
YLR095C,YKL090W,0,-8.281317,0.1200624331831932,1.0,0.7329000234603882
YGR088W,YBR301W,0,-8.281599,0.12004801630973816,1.0,0.7329999804496765
YBL023C,YJL093C,0,-8.281774,0.12003360688686371,1.0,0.7330999970436096
YLR080W,YDR159W,0,-8.282039,0.12001920491456985,1.0,0.7332000136375427
YDR197W,YML066C,0,-8.282199,0.120004802942276,1.0,0.733299970626831
YNL243W,YLR006C,0,-8.2830515,0.11999040096998215,1.0,0.7333999872207642
YDR052C,YER051W,0,-8.283427,0.11997600644826889,1.0,0.7335000038146973
YGL076C,YDR033W,0,-8.28371,0.11996161192655563,1.0,0.7336000204086304
YOR163W,YHR079C-A,0,-8.284269,0.11994722485542297,1.0,0.7336999773979187
YMR124W,YEL042W,0,-8.285445,0.11993283778429031,1.0,0.7337999939918518
YOR192C,YPL106C,0,-8.28548,0.11991845816373825,1.0,0.7339000105857849
YJR016C,YDR452W,0,-8.285972,0.11990407854318619,1.0,0.734000027179718
YJL141C,YGR214W,0,-8.287154,0.11988969892263412,1.0,0.7340999841690063
YLR344W,YDR363W-A,0,-8.287908,0.11987532675266266,1.0,0.7342000007629395
YOR191W,YIL125W,0,-8.288129,0.11986096203327179,1.0,0.7343000173568726
YBL045C,YPR155C,0,-8.288653,0.11984659731388092,1.0,0.7343999743461609
YKL007W,YPR030W,0,-8.288764,0.11983223259449005,1.0,0.734499990940094
YMR065W,YML112W,0,-8.290427,0.11981787532567978,1.0,0.7346000075340271
YPR133C,YFL027C,0,-8.290444,0.1198035255074501,1.0,0.7347000241279602
YDR421W,YOR211C,0,-8.291148,0.11978916823863983,1.0,0.7347999811172485
YHL024W,YDR228C,0,-8.291351,0.11977482587099075,1.0,0.7348999977111816
YDR489W,YNL258C,0,-8.292299,0.11976047605276108,1.0,0.7350000143051147
YDL043C,YBR009C,0,-8.292912,0.1197461411356926,1.0,0.7350999712944031
YAL039C,YOR080W,0,-8.29439,0.11973179876804352,1.0,0.7351999878883362
YOL156W,YIL107C,0,-8.295209,0.11971746385097504,1.0,0.7353000044822693
YHR199C,YBL068W,0,-8.295842,0.11970313638448715,1.0,0.7354000210762024
YGL259W,YNR075W,0,-8.296031,0.11968880891799927,1.0,0.7354999780654907
YML001W,YIL109C,0,-8.296053,0.11967448890209198,1.0,0.7355999946594238
YHR011W,YDR096W,0,-8.296578,0.1196601614356041,1.0,0.7357000112533569
YBR077C,YNR030W,0,-8.298257,0.1196458488702774,1.0,0.73580002784729
YHR127W,YGR078C,0,-8.299463,0.11963153630495071,1.0,0.7358999848365784
YPR111W,YNR074C,0,-8.301053,0.11961722373962402,1.0,0.7360000014305115
YGR038W,YHL015W,0,-8.303061,0.11960291862487793,1.0,0.7361000180244446
YML121W,YMR052W,0,-8.303794,0.11958861351013184,1.0,0.7361999750137329
YIL009C-A,YNL001W,0,-8.306288,0.11957431584596634,1.0,0.736299991607666
YDR263C,YEL037C,0,-8.307332,0.11956001818180084,1.0,0.7364000082015991
YER114C,YKL038W,0,-8.307934,0.11954572796821594,1.0,0.7365000247955322
YPR002W,YKR021W,0,-8.308166,0.11953143775463104,1.0,0.7365999817848206
YER048W-A,YJL066C,0,-8.308314,0.11951714754104614,1.0,0.7366999983787537
YDL128W,YMR110C,0,-8.309032,0.11950286477804184,1.0,0.7368000149726868
YDL035C,YNR044W,0,-8.310419,0.11948858946561813,1.0,0.7368999719619751
YDR240C,YDR047W,0,-8.3105,0.11947431415319443,1.0,0.7369999885559082
YDR147W,YPR129W,0,-8.310681,0.11946003884077072,1.0,0.7371000051498413
YJL174W,YLR100W,0,-8.311307,0.11944577097892761,1.0,0.7372000217437744
YOR167C,YGL175C,0,-8.314443,0.1194315031170845,1.0,0.7372999787330627
YMR133W,YNR072W,0,-8.315022,0.11941724270582199,1.0,0.7373999953269958
YGR252W,YPL094C,0,-8.315546,0.11940298229455948,1.0,0.737500011920929
YGL186C,YBR193C,0,-8.317104,0.11938872933387756,1.0,0.7376000285148621
YOL116W,YOL102C,0,-8.317458,0.11937447637319565,1.0,0.7376999855041504
YKR037C,YDL247W,0,-8.318439,0.11936023086309433,1.0,0.7378000020980835
YBR120C,YNL008C,0,-8.319144,0.11934598535299301,1.0,0.7379000186920166
YMR312W,YOL038W,0,-8.319936,0.1193317398428917,1.0,0.7379999756813049
YMR165C,YDR400W,0,-8.320781,0.11931750178337097,1.0,0.738099992275238
YDL174C,YLR147C,0,-8.322909,0.11930327117443085,1.0,0.7382000088691711
YHR119W,YGL190C,0,-8.32294,0.11928904056549072,1.0,0.7383000254631042
YER098W,YLR382C,0,-8.323354,0.1192748099565506,1.0,0.7383999824523926
YGL255W,YPL115C,0,-8.323445,0.11926058679819107,1.0,0.7384999990463257
YEL027W,YGR255C,0,-8.32495,0.11924636363983154,1.0,0.7386000156402588
YGL129C,YPR054W,0,-8.325191,0.11923214793205261,1.0,0.7386999726295471
YLR105C,YAL058W,0,-8.326074,0.11921793222427368,1.0,0.7387999892234802
YBR133C,YLR141W,0,-8.3271265,0.11920371651649475,1.0,0.7389000058174133
YER072W,YER145C,0,-8.327586,0.11918950825929642,1.0,0.7390000224113464
YOR204W,YPL111W,0,-8.327832,0.11917530745267868,1.0,0.7390999794006348
YLL038C,YOR128C,0,-8.328662,0.11916110664606094,1.0,0.7391999959945679
YNL271C,YDL230W,0,-8.329524,0.1191469058394432,1.0,0.739300012588501
YNR039C,YIL129C,0,-8.329706,0.11913271248340607,1.0,0.7394000291824341
YNL129W,YIL115C,0,-8.33019,0.11911852657794952,1.0,0.7394999861717224
YKR049C,YDR038C,0,-8.332238,0.11910433322191238,1.0,0.7396000027656555
YDR438W,YOR035C,0,-8.334109,0.11909015476703644,1.0,0.7397000193595886
YKR036C,YNL154C,0,-8.3350115,0.1190759688615799,1.0,0.739799976348877
YKR052C,YMR073C,0,-8.3387985,0.11906179040670395,1.0,0.7398999929428101
YIR013C,YGR289C,0,-8.341471,0.1190476194024086,1.0,0.7400000095367432
YOR117W,YKL132C,0,-8.342394,0.11903344839811325,1.0,0.7401000261306763
YMR297W,YKL016C,0,-8.345697,0.1190192848443985,1.0,0.7401999831199646
YGR056W,YNL049C,0,-8.346874,0.11900511384010315,1.0,0.7402999997138977
YEL059C-A,YHR016C,0,-8.347907,0.118990957736969,1.0,0.7404000163078308
YJL105W,YJL157C,0,-8.348605,0.11897680163383484,1.0,0.7404999732971191
YDR039C,YDL045W-A,0,-8.349745,0.11896264553070068,1.0,0.7405999898910522
YBR024W,YDL030W,0,-8.350689,0.11894849687814713,1.0,0.7407000064849854
YJL174W,YLR367W,0,-8.351082,0.11893434822559357,1.0,0.7408000230789185
YDR421W,YDR353W,0,-8.351366,0.1189202070236206,1.0,0.7408999800682068
YHL031C,YLR116W,0,-8.352557,0.11890606582164764,1.0,0.7409999966621399
YLL009C,YOR393W,0,-8.353336,0.11889192461967468,1.0,0.741100013256073
YPL052W,YDR456W,0,-8.354598,0.11887779086828232,1.0,0.7411999702453613
YLR453C,YPL159C,0,-8.355611,0.11886366456747055,1.0,0.7412999868392944
YHR151C,YOR171C,0,-8.355901,0.11884953826665878,1.0,0.7414000034332275
YBR149W,YGR184C,0,-8.356734,0.11883541196584702,1.0,0.7415000200271606
YDR122W,YGL240W,0,-8.357678,0.11882129311561584,1.0,0.741599977016449
YDR440W,YLR425W,0,-8.35867,0.11880717426538467,1.0,0.7416999936103821
YKL174C,YHR064C,0,-8.361379,0.1187930628657341,1.0,0.7418000102043152
YHR012W,YBR296C,0,-8.363924,0.11877895146608353,1.0,0.7419000267982483
YBR026C,YDL095W,0,-8.365514,0.11876484751701355,1.0,0.7419999837875366
YOL072W,YBR118W,0,-8.365777,0.11875074356794357,1.0,0.7421000003814697
YLR086W,YAL014C,0,-8.366604,0.1187366396188736,1.0,0.7422000169754028
YDR188W,YDR259C,0,-8.367591,0.11872254312038422,1.0,0.7422999739646912
YBR287W,YDR302W,0,-8.368493,0.11870845407247543,1.0,0.7423999905586243
YLR390W-A,YER109C,0,-8.369258,0.11869436502456665,1.0,0.7425000071525574
YDR030C,YDR422C,0,-8.369485,0.11868027597665787,1.0,0.7426000237464905
YLL041C,YBR269C,0,-8.3706455,0.11866619437932968,1.0,0.7426999807357788
YJR053W,YDR532C,0,-8.374103,0.1186521127820015,1.0,0.7427999973297119
YGR113W,YCR088W,0,-8.374321,0.1186380386352539,1.0,0.742900013923645
YDR064W,YLR363C,0,-8.37474,0.11862396448850632,1.0,0.7429999709129333
YDL074C,YOR038C,0,-8.379363,0.11860989034175873,1.0,0.7430999875068665
YDR014W,YDR285W,0,-8.380727,0.11859582364559174,1.0,0.7432000041007996
YIL043C,YHL030W,0,-8.38234,0.11858176440000534,1.0,0.7433000206947327
YDL142C,YOR197W,0,-8.382541,0.11856770515441895,1.0,0.743399977684021
YIL002C,YDL103C,0,-8.383649,0.11855364590883255,1.0,0.7434999942779541
YFR052W,YLR367W,0,-8.383812,0.11853959411382675,1.0,0.7436000108718872
YML032C,YDR495C,0,-8.386371,0.11852554231882095,1.0,0.7437000274658203
YHL009C,YDL190C,0,-8.387294,0.11851149797439575,1.0,0.7437999844551086
YGL205W,YDL087C,0,-8.387451,0.11849745362997055,1.0,0.7439000010490417
YIL035C,YGR004W,0,-8.387951,0.11848340928554535,1.0,0.7440000176429749
YGL013C,YDR450W,0,-8.38927,0.11846937239170074,1.0,0.7440999746322632
YHR129C,YLR295C,0,-8.390205,0.11845534294843674,1.0,0.7441999912261963
YIL136W,YDR381W,0,-8.390943,0.11844131350517273,1.0,0.7443000078201294
YKL029C,YBR110W,0,-8.391578,0.11842728406190872,1.0,0.7444000244140625
YOL103W,YIL040W,0,-8.392739,0.11841326206922531,1.0,0.7444999814033508
YPL051W,YDL224C,0,-8.394875,0.1183992400765419,1.0,0.7445999979972839
YPL086C,YNL159C,0,-8.394938,0.11838522553443909,1.0,0.744700014591217
YGL129C,YLR355C,0,-8.395066,0.11837121099233627,1.0,0.7447999715805054
YHR082C,YOR265W,0,-8.395207,0.11835720390081406,1.0,0.7448999881744385
YJL087C,YLR268W,0,-8.395322,0.11834319680929184,1.0,0.7450000047683716
YGL166W,YOL105C,0,-8.397971,0.11832918971776962,1.0,0.7451000213623047
YML086C,YKL114C,0,-8.398253,0.118315190076828,1.0,0.745199978351593
YML057W,YOR192C,0,-8.399117,0.11830119788646698,1.0,0.7452999949455261
YBR228W,YFR041C,0,-8.399227,0.11828719824552536,1.0,0.7454000115394592
YJL179W,YDL030W,0,-8.400542,0.11827321350574493,1.0,0.7455000281333923
YBR029C,YKR083C,0,-8.400691,0.11825922131538391,1.0,0.7455999851226807
YML095C,YDR014W,0,-8.402456,0.11824524402618408,1.0,0.7457000017166138
YKL163W,YER046W,0,-8.4029,0.11823125928640366,1.0,0.7458000183105469
YLR315W,YJR147W,0,-8.404293,0.11821728199720383,1.0,0.7458999752998352
YBR039W,YPL046C,0,-8.405229,0.1182033121585846,1.0,0.7459999918937683
YPL190C,YOR106W,0,-8.406323,0.11818934231996536,1.0,0.7461000084877014
YGR006W,YMR127C,0,-8.4078455,0.11817537248134613,1.0,0.7462000250816345
YPR165W,YIL148W,0,-8.408616,0.1181614100933075,1.0,0.7462999820709229
YGR200C,YML067C,0,-8.409551,0.11814744770526886,1.0,0.746399998664856
YDR347W,YBL042C,0,-8.409586,0.11813349276781082,1.0,0.7465000152587891
YGL100W,YJL167W,0,-8.410045,0.11811953783035278,1.0,0.7465999722480774
YAL040C,YMR021C,0,-8.411921,0.11810558289289474,1.0,0.7466999888420105
YCR088W,YJL074C,0,-8.412907,0.1180916354060173,1.0,0.7468000054359436
YER089C,YDR246W,0,-8.414176,0.11807769536972046,1.0,0.7469000220298767
YNL289W,YNL268W,0,-8.414819,0.11806375533342361,1.0,0.746999979019165
YOL019W,YHR029C,0,-8.416875,0.11804981529712677,1.0,0.7470999956130981
YOL054W,YCR081W,0,-8.418111,0.11803588271141052,1.0,0.7472000122070312
YDR244W,YPR048W,0,-8.419251,0.11802195012569427,1.0,0.7473000288009644
YCR096C,YKL196C,0,-8.419357,0.11800802499055862,1.0,0.7473999857902527
YLR056W,YDL237W,0,-8.420321,0.11799409985542297,1.0,0.7475000023841858
YML057W,YOR095C,0,-8.42103,0.11798018217086792,1.0,0.7476000189781189
YBR110W,YER110C,0,-8.421131,0.11796626448631287,1.0,0.7476999759674072
YGR204W,YGR036C,0,-8.421283,0.11795234680175781,1.0,0.7477999925613403
YCR036W,YNL001W,0,-8.421754,0.11793843656778336,1.0,0.7479000091552734
YOR177C,YBR073W,0,-8.421769,0.1179245263338089,1.0,0.7480000257492065
YLR268W,YNL223W,0,-8.421977,0.11791062355041504,1.0,0.7480999827384949
YBR153W,YNL204C,0,-8.422054,0.11789672076702118,1.0,0.748199999332428
YDR383C,YLR023C,0,-8.422233,0.11788282543420792,1.0,0.7483000159263611
YMR296C,YPR109W,0,-8.423131,0.11786893010139465,1.0,0.7483999729156494
YDR189W,YBR008C,0,-8.423561,0.11785503476858139,1.0,0.7484999895095825
YER001W,YCR020W-B,0,-8.423634,0.11784114688634872,1.0,0.7486000061035156
YLR135W,YHR051W,0,-8.424527,0.11782726645469666,1.0,0.7487000226974487
YPL003W,YLR103C,0,-8.425035,0.11781338602304459,1.0,0.7487999796867371
YKL012W,YER185W,0,-8.4259405,0.11779950559139252,1.0,0.7488999962806702
YGR092W,YOR142W,0,-8.426829,0.11778563261032104,1.0,0.7490000128746033
YIR004W,YDL030W,0,-8.427586,0.11777175962924957,1.0,0.7491000294685364
YPR048W,YAL027W,0,-8.427643,0.1177578866481781,1.0,0.7491999864578247
YDR519W,YGL249W,0,-8.427695,0.11774402111768723,1.0,0.7493000030517578
YAL056W,YDR194C,0,-8.428181,0.11773016303777695,1.0,0.7494000196456909
YLR023C,YJL130C,0,-8.4282255,0.11771630495786667,1.0,0.7494999766349792
YDR237W,YMR231W,0,-8.429162,0.11770244687795639,1.0,0.7495999932289124
YPL022W,YPR055W,0,-8.429738,0.11768859624862671,1.0,0.7497000098228455
YJR064W,YLR067C,0,-8.4303875,0.11767474561929703,1.0,0.7498000264167786
YAL001C,YOR259C,0,-8.432077,0.11766090244054794,1.0,0.7498999834060669
YDL210W,YGR046W,0,-8.433399,0.11764705926179886,1.0,0.75
YER057C,YOR202W,0,-8.433612,0.11763321608304977,1.0,0.7501000165939331
YDL033C,YNR074C,0,-8.434746,0.11761938035488129,1.0,0.7501999735832214
YGL201C,YHR160C,0,-8.435534,0.1176055520772934,1.0,0.7502999901771545
YDL024C,YDL065C,0,-8.436856,0.1175917237997055,1.0,0.7504000067710876
YCR026C,YBR172C,0,-8.436898,0.11757789552211761,1.0,0.7505000233650208
YMR182C,YML011C,0,-8.437023,0.11756407469511032,1.0,0.7505999803543091
YDR486C,YOL027C,0,-8.438653,0.11755025386810303,1.0,0.7506999969482422
YDL088C,YJR005W,0,-8.439436,0.11753643304109573,1.0,0.7508000135421753
YPL271W,YLR154C,0,-8.4403305,0.11752261966466904,1.0,0.7508999705314636
YJL093C,YGL090W,0,-8.440532,0.11750881373882294,1.0,0.7509999871253967
YBR072W,YPR121W,0,-8.443969,0.11749500781297684,1.0,0.7511000037193298
YMR237W,YJR067C,0,-8.44487,0.11748120188713074,1.0,0.7512000203132629
YOR332W,YIL171W,0,-8.445033,0.11746740341186523,1.0,0.7512999773025513
YGL227W,YBR029C,0,-8.445641,0.11745360493659973,1.0,0.7513999938964844
YDL179W,YDR303C,0,-8.4464445,0.11743981391191483,1.0,0.7515000104904175
YCR028C,YNL139C,0,-8.447352,0.11742602288722992,1.0,0.7516000270843506
YPR057W,YHR010W,0,-8.448195,0.11741223186254501,1.0,0.7516999840736389
YER041W,YOR035C,0,-8.448292,0.1173984482884407,1.0,0.751800000667572
YBR003W,YDL070W,0,-8.454022,0.11738467216491699,1.0,0.7519000172615051
YOR154W,YML028W,0,-8.455007,0.11737088859081268,1.0,0.7519999742507935
YOL016C,YPL026C,0,-8.455313,0.11735711991786957,1.0,0.7520999908447266
YFL016C,YIL156W,0,-8.456141,0.11734334379434586,1.0,0.7522000074386597
YNL331C,YOR003W,0,-8.457106,0.11732957512140274,1.0,0.7523000240325928
YMR017W,YJL207C,0,-8.457786,0.11731581389904022,1.0,0.7523999810218811
YNR035C,YAL029C,0,-8.458076,0.1173020526766777,1.0,0.7524999976158142
YNL289W,YHR039C,0,-8.459514,0.11728829145431519,1.0,0.7526000142097473
YKL193C,YHR109W,0,-8.461159,0.11727453768253326,1.0,0.7526999711990356
YBR018C,YPL145C,0,-8.461381,0.11726079136133194,1.0,0.7527999877929688
YPR141C,YHR119W,0,-8.461522,0.11724703758955002,1.0,0.7529000043869019
YBR003W,YOR377W,0,-8.46814,0.1172332912683487,1.0,0.753000020980835
YKR061W,YKL167C,0,-8.4700985,0.11721955239772797,1.0,0.7530999779701233
YOR185C,YGR263C,0,-8.472465,0.11720581352710724,1.0,0.7531999945640564
YLR148W,YOR304W,0,-8.473252,0.11719207465648651,1.0,0.7533000111579895
YMR242C,YJL101C,0,-8.473992,0.11717834323644638,1.0,0.7534000277519226
YER141W,YHL030W,0,-8.474702,0.11716461926698685,1.0,0.7534999847412109
YMR304W,YLR116W,0,-8.475171,0.11715088784694672,1.0,0.753600001335144
YBR043C,YFL037W,0,-8.477563,0.11713717132806778,1.0,0.7537000179290771
YLR013W,YDR140W,0,-8.479374,0.11712344735860825,1.0,0.7537999749183655
YAL016W,YKL056C,0,-8.479571,0.11710973083972931,1.0,0.7538999915122986
YGL216W,YDR268W,0,-8.482389,0.11709602177143097,1.0,0.7540000081062317
YDR304C,YGL047W,0,-8.483036,0.11708230525255203,1.0,0.7541000247001648
YLR084C,YNL317W,0,-8.48416,0.11706860363483429,1.0,0.7541999816894531
YKL002W,YAL061W,0,-8.484899,0.11705490201711655,1.0,0.7542999982833862
YDL120W,YHR057C,0,-8.487086,0.1170412003993988,1.0,0.7544000148773193
YMR021C,YJL158C,0,-8.487214,0.11702749878168106,1.0,0.7544999718666077
YOR057W,YDR430C,0,-8.48763,0.11701380461454391,1.0,0.7545999884605408
YOL063C,YMR088C,0,-8.488858,0.11700011789798737,1.0,0.7547000050544739
YDL042C,YGL115W,0,-8.489331,0.11698643118143082,1.0,0.754800021648407
YHR076W,YJL048C,0,-8.490468,0.11697274446487427,1.0,0.7548999786376953
YER012W,YOR054C,0,-8.490918,0.11695906519889832,1.0,0.7549999952316284
YKL124W,YIL093C,0,-8.49116,0.11694538593292236,1.0,0.7551000118255615
YMR272C,YOR260W,0,-8.493133,0.11693171411752701,1.0,0.7552000284194946
YOL116W,YJL004C,0,-8.4954405,0.11691804230213165,1.0,0.755299985408783
YOR073W,YLR113W,0,-8.495783,0.1169043704867363,1.0,0.7554000020027161
YHR043C,YLR098C,0,-8.497035,0.11689070612192154,1.0,0.7555000185966492
YGL124C,YDL149W,0,-8.497774,0.11687704175710678,1.0,0.7555999755859375
YBR283C,YCR098C,0,-8.497959,0.11686338484287262,1.0,0.7556999921798706
YDR217C,YLR447C,0,-8.498691,0.11684972792863846,1.0,0.7558000087738037
YGL119W,YER001W,0,-8.498887,0.1168360784649849,1.0,0.7559000253677368
YOR288C,YDR429C,0,-8.500241,0.11682242900133133,1.0,0.7559999823570251
YCL045C,YMR318C,0,-8.501211,0.11680878698825836,1.0,0.7560999989509583
YHR158C,YPR071W,0,-8.502543,0.1167951449751854,1.0,0.7562000155448914
YDR495C,YPL255W,0,-8.502692,0.11678150296211243,1.0,0.7562999725341797
YOR165W,YBR082C,0,-8.503688,0.11676786839962006,1.0,0.7563999891281128
YPL003W,YML114C,0,-8.504136,0.11675423383712769,1.0,0.7565000057220459
YMR075W,YHL009C,0,-8.504248,0.11674059927463531,1.0,0.756600022315979
YHR058C,YGL167C,0,-8.504278,0.11672697216272354,1.0,0.7566999793052673
YDL146W,YPR021C,0,-8.508084,0.11671335250139236,1.0,0.7567999958992004
YDR155C,YDR130C,0,-8.508797,0.11669973284006119,1.0,0.7569000124931335
YOR299W,YNL175C,0,-8.509236,0.11668611317873001,1.0,0.7570000290870667
YGL026C,YGL254W,0,-8.509509,0.11667250096797943,1.0,0.757099986076355
YML057W,YOL049W,0,-8.510064,0.11665888875722885,1.0,0.7572000026702881
YPL072W,YMR069W,0,-8.512897,0.11664528399705887,1.0,0.7573000192642212
YGR062C,YCR008W,0,-8.515435,0.11663167923688889,1.0,0.7573999762535095
YJL099W,YFR009W,0,-8.515508,0.1166180744767189,1.0,0.7574999928474426
YMR195W,YAL013W,0,-8.515538,0.11660447716712952,1.0,0.7576000094413757
YHL032C,YBR107C,0,-8.51632,0.11659087985754013,1.0,0.7577000260353088
YKL039W,YNR030W,0,-8.516615,0.11657728999853134,1.0,0.7577999830245972
YAL067C,YIL098C,0,-8.517056,0.11656370013952255,1.0,0.7578999996185303
YIL062C,YKL174C,0,-8.517724,0.11655011773109436,1.0,0.7580000162124634
YJL047C,YOL052C-A,0,-8.517789,0.11653653532266617,1.0,0.7580999732017517
YNL133C,YDR473C,0,-8.517974,0.11652295291423798,1.0,0.7581999897956848
YDR486C,YHR157W,0,-8.518138,0.11650937795639038,1.0,0.7583000063896179
YMR186W,YBL105C,0,-8.520064,0.11649580299854279,1.0,0.758400022983551
YCR105W,YOR085W,0,-8.520679,0.11648223549127579,1.0,0.7584999799728394
YHR028C,YPL145C,0,-8.521646,0.11646866798400879,1.0,0.7585999965667725
YGL056C,YLR193C,0,-8.523017,0.11645510792732239,1.0,0.7587000131607056
YGL122C,YMR088C,0,-8.524191,0.11644154787063599,1.0,0.7588000297546387
YLR256W,YMR072W,0,-8.525216,0.11642798781394958,1.0,0.758899986743927
YOR084W,YJR103W,0,-8.527261,0.11641443520784378,1.0,0.7590000033378601
YJL174W,YDR409W,0,-8.529276,0.11640088260173798,1.0,0.7591000199317932
YMR109W,YDL103C,0,-8.529973,0.11638733744621277,1.0,0.7591999769210815
YJL212C,YBR091C,0,-8.530047,0.11637379229068756,1.0,0.7592999935150146
YJR059W,YNL129W,0,-8.531464,0.11636025458574295,1.0,0.7594000101089478
YPR188C,YOR026W,0,-8.531775,0.11634671688079834,1.0,0.7595000267028809
YHR129C,YML115C,0,-8.534012,0.11633317917585373,1.0,0.7595999836921692
YDR175C,YGL187C,0,-8.534396,0.11631964892148972,1.0,0.7597000002861023
YLR299W,YCL052C,0,-8.535583,0.1163061186671257,1.0,0.7598000168800354
YLR353W,YIL129C,0,-8.535642,0.11629259586334229,1.0,0.7598999738693237
YIL072W,YGR112W,0,-8.540782,0.11627907305955887,1.0,0.7599999904632568
YBR269C,YOR020C,0,-8.542069,0.11626555025577545,1.0,0.7601000070571899
YPR057W,YIL003W,0,-8.546284,0.11625203490257263,1.0,0.760200023651123
YGL227W,YMR052W,0,-8.5467005,0.11623851954936981,1.0,0.7602999806404114
YLR399C,YDL102W,0,-8.547099,0.11622501164674759,1.0,0.7603999972343445
YGR271W,YGR113W,0,-8.548856,0.11621150374412537,1.0,0.7605000138282776
YOR209C,YJL164C,0,-8.548905,0.11619800329208374,1.0,0.7605999708175659
YNR047W,YNR030W,0,-8.549404,0.11618450284004211,1.0,0.760699987411499
YDR227W,YCL055W,0,-8.550154,0.11617100238800049,1.0,0.7608000040054321
YHR058C,YBR217W,0,-8.550286,0.11615750938653946,1.0,0.7609000205993652
YPL189W,YNL020C,0,-8.551946,0.11614401638507843,1.0,0.7609999775886536
YNL079C,YFR040W,0,-8.5524845,0.116130530834198,1.0,0.7610999941825867
YDR489W,YPR038W,0,-8.554605,0.11611704528331757,1.0,0.7612000107765198
YDL204W,YPL101W,0,-8.555993,0.11610356718301773,1.0,0.7613000273704529
YNL265C,YKR095W,0,-8.557158,0.1160900890827179,1.0,0.7613999843597412
YNL286W,YGR055W,0,-8.55739,0.11607661098241806,1.0,0.7615000009536743
YER161C,YMR028W,0,-8.558433,0.11606314033269882,1.0,0.7616000175476074
YFR026C,YBR186W,0,-8.5606985,0.11604966968297958,1.0,0.7616999745368958
YMR219W,YBL080C,0,-8.56239,0.11603620648384094,1.0,0.7617999911308289
YIL173W,YDR047W,0,-8.563567,0.1160227432847023,1.0,0.761900007724762
YER167W,YNR008W,0,-8.563832,0.11600928008556366,1.0,0.7620000243186951
YNL009W,YCL011C,0,-8.565729,0.11599582433700562,1.0,0.7620999813079834
YDR378C,YCR017C,0,-8.566076,0.11598236858844757,1.0,0.7621999979019165
YOR008C,YFR025C,0,-8.56705,0.11596892029047012,1.0,0.7623000144958496
YPL204W,YDL230W,0,-8.567256,0.11595547199249268,1.0,0.7623999714851379
YPL265W,YDL223C,0,-8.567326,0.11594203114509583,1.0,0.762499988079071
YBR033W,YFL004W,0,-8.567775,0.11592859029769897,1.0,0.7626000046730042
YBR089C-A,YMR133W,0,-8.567943,0.11591514945030212,1.0,0.7627000212669373
YIL074C,YFL010W-A,0,-8.568203,0.11590171605348587,1.0,0.7627999782562256
YOR198C,YMR012W,0,-8.569296,0.11588828265666962,1.0,0.7628999948501587
YPR179C,YIR008C,0,-8.569415,0.11587485671043396,1.0,0.7630000114440918
YAR071W,YDR422C,0,-8.569521,0.1158614307641983,1.0,0.7631000280380249
YOR209C,YDR358W,0,-8.571861,0.11584800481796265,1.0,0.7631999850273132
YOR178C,YER154W,0,-8.5730505,0.11583458632230759,1.0,0.7633000016212463
YAL001C,YCR106W,0,-8.574134,0.11582117527723312,1.0,0.7634000182151794
YNL069C,YHR135C,0,-8.575513,0.11580775678157806,1.0,0.7634999752044678
YDR386W,YDR473C,0,-8.575654,0.1157943457365036,1.0,0.7635999917984009
YGR010W,YMR026C,0,-8.575969,0.11578094214200974,1.0,0.763700008392334
YMR161W,YMR273C,0,-8.57598,0.11576753854751587,1.0,0.7638000249862671
YML081C-A,YHR198C,0,-8.576781,0.115754134953022,1.0,0.7638999819755554
YDL022W,YDL070W,0,-8.576868,0.11574073880910873,1.0,0.7639999985694885
YKL191W,YOR324C,0,-8.577596,0.11572734266519547,1.0,0.7641000151634216
YIL117C,YBR073W,0,-8.578167,0.11571395397186279,1.0,0.76419997215271
YAL060W,YER169W,0,-8.579259,0.11570056527853012,1.0,0.7642999887466431
YCL063W,YKL045W,0,-8.580228,0.11568718403577805,1.0,0.7644000053405762
YKL034W,YJR101W,0,-8.580587,0.11567380279302597,1.0,0.7645000219345093
YDR379W,YOR042W,0,-8.5814495,0.1156604215502739,1.0,0.7645999789237976
YLR268W,YML094W,0,-8.581619,0.11564704775810242,1.0,0.7646999955177307
YLR201C,YHL019C,0,-8.582592,0.11563367396593094,1.0,0.7648000121116638
YDL223C,YPL170W,0,-8.58302,0.11562030017375946,1.0,0.7649000287055969
YBR086C,YJR040W,0,-8.583165,0.11560693383216858,1.0,0.7649999856948853
YOR230W,YDR082W,0,-8.583474,0.1155935749411583,1.0,0.7651000022888184
YBR008C,YPR055W,0,-8.583537,0.11558021605014801,1.0,0.7652000188827515
YAL067C,YOR237W,0,-8.584926,0.11556685715913773,1.0,0.7652999758720398
YKR009C,YBL084C,0,-8.585715,0.11555349826812744,1.0,0.7653999924659729
YAL003W,YDR130C,0,-8.585971,0.11554014682769775,1.0,0.765500009059906
YGL047W,YNL291C,0,-8.5862465,0.11552680283784866,1.0,0.7656000256538391
YDR389W,YPL057C,0,-8.58731,0.11551345884799957,1.0,0.7656999826431274
YAL058W,YMR127C,0,-8.5902405,0.11550011485815048,1.0,0.7657999992370605
YKL160W,YER063W,0,-8.590356,0.11548677831888199,1.0,0.7659000158309937
YDR328C,YOL064C,0,-8.592715,0.1154734417796135,1.0,0.765999972820282
YIL143C,YCL038C,0,-8.596293,0.115460105240345,1.0,0.7660999894142151
YOR179C,YIL106W,0,-8.596465,0.1154467761516571,1.0,0.7662000060081482
YPL254W,YLL048C,0,-8.596789,0.1154334545135498,1.0,0.7663000226020813
YMR153W,YGL223C,0,-8.599284,0.1154201328754425,1.0,0.7663999795913696
YLL028W,YMR058W,0,-8.600347,0.1154068112373352,1.0,0.7664999961853027
YLR193C,YBR258C,0,-8.602592,0.1153934895992279,1.0,0.7666000127792358
YMR300C,YGL112C,0,-8.602622,0.1153801754117012,1.0,0.766700029373169
YDR288W,YIL003W,0,-8.60389,0.1153668686747551,1.0,0.7667999863624573
YBR251W,YBR260C,0,-8.604946,0.11535356193780899,1.0,0.7669000029563904
YKL103C,YNL102W,0,-8.605153,0.11534025520086288,1.0,0.7670000195503235
YMR138W,YNL102W,0,-8.605376,0.11532694846391678,1.0,0.7670999765396118
YGL247W,YAL020C,0,-8.6072645,0.11531365662813187,1.0,0.7671999931335449
YIL040W,YIL131C,0,-8.608409,0.11530035734176636,1.0,0.767300009727478
YPR038W,YAL034W-A,0,-8.608561,0.11528706550598145,1.0,0.7674000263214111
YKL119C,YLR039C,0,-8.608774,0.11527377367019653,1.0,0.7674999833106995
YML054C,YNR058W,0,-8.609164,0.11526048928499222,1.0,0.7675999999046326
YML099C,YGR254W,0,-8.609841,0.1152472048997879,1.0,0.7677000164985657
YPR070W,YOR351C,0,-8.610478,0.11523392796516418,1.0,0.767799973487854
YGR096W,YBR186W,0,-8.610575,0.11522065103054047,1.0,0.7678999900817871
YGL105W,YNL172W,0,-8.611058,0.11520737409591675,1.0,0.7680000066757202
YDL093W,YGR274C,0,-8.612422,0.11519410461187363,1.0,0.7681000232696533
YDL036C,YBR250W,0,-8.613929,0.1151808351278305,1.0,0.7681999802589417
YOR154W,YNR037C,0,-8.614059,0.11516756564378738,1.0,0.7682999968528748
YBR148W,YIL145C,0,-8.614101,0.11515430361032486,1.0,0.7684000134468079
YPL244C,YIL022W,0,-8.614198,0.11514104902744293,1.0,0.7684999704360962
YHL020C,YBR250W,0,-8.6161585,0.115127794444561,1.0,0.7685999870300293
YOL148C,YOL117W,0,-8.621554,0.11511453986167908,1.0,0.7687000036239624
YMR044W,YLR323C,0,-8.62523,0.11510129272937775,1.0,0.7688000202178955
YCR083W,YIR032C,0,-8.625482,0.11508804559707642,1.0,0.7688999772071838
YLR142W,YOR038C,0,-8.627413,0.11507479846477509,1.0,0.7689999938011169
YEL030W,YFR014C,0,-8.628261,0.11506155878305435,1.0,0.76910001039505
YDR088C,YCR083W,0,-8.629824,0.11504831910133362,1.0,0.7692000269889832
YPL045W,YLR064W,0,-8.629939,0.11503508687019348,1.0,0.7692999839782715
YML095C,YMR020W,0,-8.630599,0.11502185463905334,1.0,0.7694000005722046
YKL166C,YLR250W,0,-8.630704,0.11500862240791321,1.0,0.7695000171661377
YHR071W,YOR190W,0,-8.632516,0.11499539762735367,1.0,0.769599974155426
YBR127C,YML036W,0,-8.632608,0.11498218029737473,1.0,0.7696999907493591
YLR153C,YDL108W,0,-8.633637,0.11496895551681519,1.0,0.7698000073432922
YPL087W,YDR364C,0,-8.63416,0.11495574563741684,1.0,0.7699000239372253
YLR064W,YGL244W,0,-8.634472,0.1149425283074379,1.0,0.7699999809265137
YNL281W,YIL013C,0,-8.636202,0.11492931842803955,1.0,0.7700999975204468
YDL099W,YDR085C,0,-8.637342,0.1149161085486412,1.0,0.7702000141143799
YOR058C,YPL147W,0,-8.638128,0.11490290611982346,1.0,0.7702999711036682
YDR465C,YJR153W,0,-8.638846,0.1148897036910057,1.0,0.7703999876976013
YMR189W,YJR159W,0,-8.6397295,0.11487650871276855,1.0,0.7705000042915344
YNL259C,YGL192W,0,-8.640161,0.1148633137345314,1.0,0.7706000208854675
YMR180C,YHR064C,0,-8.640288,0.11485011875629425,1.0,0.7706999778747559
YLR244C,YLR023C,0,-8.640592,0.1148369312286377,1.0,0.770799994468689
YMR297W,YNL145W,0,-8.641658,0.11482374370098114,1.0,0.7709000110626221
YJL214W,YLR284C,0,-8.641796,0.11481056362390518,1.0,0.7710000276565552
YLR285W,YKL137W,0,-8.642037,0.11479738354682922,1.0,0.7710999846458435
YPR132W,YBL003C,0,-8.646918,0.11478420346975327,1.0,0.7712000012397766
YPR186C,YAL002W,0,-8.647264,0.1147710308432579,1.0,0.7713000178337097
YDL192W,YDR497C,0,-8.647376,0.11475785821676254,1.0,0.771399974822998
YBR195C,YML060W,0,-8.647476,0.11474469304084778,1.0,0.7714999914169312
YLR295C,YMR105C,0,-8.648089,0.11473152786493301,1.0,0.7716000080108643
YNR047W,YJL222W,0,-8.649388,0.11471836268901825,1.0,0.7717000246047974
YEL003W,YFR029W,0,-8.64946,0.11470520496368408,1.0,0.7717999815940857
YPL244C,YIL085C,0,-8.649534,0.11469205468893051,1.0,0.7718999981880188
YMR039C,YFL034C-B,0,-8.651404,0.11467889696359634,1.0,0.7720000147819519
YMR002W,YCL014W,0,-8.652842,0.11466574668884277,1.0,0.7720999717712402
YCL038C,YDR288W,0,-8.656051,0.1146526038646698,1.0,0.7721999883651733
YLR114C,YLR141W,0,-8.656314,0.11463946104049683,1.0,0.7723000049591064
YER123W,YNL026W,0,-8.65699,0.11462631821632385,1.0,0.7724000215530396
YJL180C,YGL216W,0,-8.659023,0.11461318284273148,1.0,0.7724999785423279
YDR240C,YGR101W,0,-8.65911,0.1146000474691391,1.0,0.772599995136261
YDR293C,YGL151W,0,-8.659403,0.11458691209554672,1.0,0.7727000117301941
YMR184W,YPR129W,0,-8.662675,0.11457378417253494,1.0,0.7728000283241272
YGR278W,YLR329W,0,-8.662723,0.11456065624952316,1.0,0.7728999853134155
YBR029C,YDR150W,0,-8.662937,0.11454753577709198,1.0,0.7730000019073486
YDL067C,YHL004W,0,-8.663205,0.1145344153046608,1.0,0.7731000185012817
YNR035C,YKL060C,0,-8.664246,0.11452130228281021,1.0,0.7731999754905701
YJR121W,YPL010W,0,-8.664304,0.11450818926095963,1.0,0.7732999920845032
YFR047C,YNL076W,0,-8.671193,0.11449507623910904,1.0,0.7734000086784363
YLR364W,YCR008W,0,-8.672034,0.11448197066783905,1.0,0.7735000252723694
YFR046C,YMR176W,0,-8.673421,0.11446886509656906,1.0,0.7735999822616577
YLR174W,YJL214W,0,-8.6752405,0.11445575952529907,1.0,0.7736999988555908
YER012W,YNR058W,0,-8.675323,0.11444266140460968,1.0,0.7738000154495239
YJR140C,YMR240C,0,-8.676262,0.11442957073450089,1.0,0.7738999724388123
YJR125C,YNL098C,0,-8.677333,0.11441647261381149,1.0,0.7739999890327454
YKR103W,YLL051C,0,-8.677426,0.1144033893942833,1.0,0.7741000056266785
YKR003W,YDL178W,0,-8.678543,0.1143902987241745,1.0,0.7742000222206116
YLR381W,YKL170W,0,-8.678686,0.1143772155046463,1.0,0.7742999792098999
YLR285W,YJL031C,0,-8.679399,0.1143641322851181,1.0,0.774399995803833
YNL056W,YLR305C,0,-8.679851,0.1143510565161705,1.0,0.7745000123977661
YPL100W,YJR103W,0,-8.679854,0.1143379807472229,1.0,0.7746000289916992
YBR199W,YMR251W-A,0,-8.679941,0.1143249124288559,1.0,0.7746999859809875
YDL210W,YCR083W,0,-8.684697,0.11431184411048889,1.0,0.7748000025749207
YBR010W,YKL018W,0,-8.68526,0.11429877579212189,1.0,0.7749000191688538
YKR036C,YML027W,0,-8.685315,0.11428571492433548,1.0,0.7749999761581421
YOR330C,YGR208W,0,-8.685414,0.11427265405654907,1.0,0.7750999927520752
YJL083W,YHR005C-A,0,-8.688712,0.11425960063934326,1.0,0.7752000093460083
YLR113W,YAL012W,0,-8.689198,0.11424654722213745,1.0,0.7753000259399414
YJL222W,YMR313C,0,-8.689391,0.11423349380493164,1.0,0.7753999829292297
YPL006W,YMR273C,0,-8.689651,0.11422044783830643,1.0,0.7754999995231628
YJL091C,YIL104C,0,-8.689663,0.11420740187168121,1.0,0.775600016117096
YCL027W,YPL031C,0,-8.689891,0.114194355905056,1.0,0.7756999731063843
YDL077C,YDR225W,0,-8.690063,0.11418131738901138,1.0,0.7757999897003174
YLR453C,YKL045W,0,-8.690448,0.11416828632354736,1.0,0.7759000062942505
YDR320C,YHR012W,0,-8.690784,0.11415524780750275,1.0,0.7760000228881836
YKR062W,YGL035C,0,-8.690894,0.11414222419261932,1.0,0.7760999798774719
YPR145W,YLR238W,0,-8.69189,0.1141291931271553,1.0,0.776199996471405
YAR071W,YDL146W,0,-8.693241,0.11411616951227188,1.0,0.7763000130653381
YKL007W,YDR076W,0,-8.694816,0.11410314589738846,1.0,0.7764000296592712
YGL226C-A,YPL013C,0,-8.695088,0.11409012973308563,1.0,0.7764999866485596
YLR389C,YOR014W,0,-8.696088,0.1140771135687828,1.0,0.7766000032424927
YDR519W,YIL006W,0,-8.696112,0.11406410485506058,1.0,0.7767000198364258
YER150W,YAL034C,0,-8.696467,0.11405109614133835,1.0,0.7767999768257141
YPL130W,YGL178W,0,-8.6966505,0.11403808742761612,1.0,0.7768999934196472
YHR023W,YNL167C,0,-8.698399,0.11402508616447449,1.0,0.7770000100135803
YCL069W,YBR146W,0,-8.698447,0.11401208490133286,1.0,0.7771000266075134
YEL027W,YML078W,0,-8.698508,0.11399909108877182,1.0,0.7771999835968018
YAL041W,YDR349C,0,-8.700213,0.11398609727621078,1.0,0.7773000001907349
YBR199W,YKL018W,0,-8.700294,0.11397310346364975,1.0,0.777400016784668
YOR137C,YJR040W,0,-8.70258,0.11396011710166931,1.0,0.7774999737739563
YOL062C,YDL220C,0,-8.704013,0.11394713073968887,1.0,0.7775999903678894
YER144C,YBR107C,0,-8.705748,0.11393414437770844,1.0,0.7777000069618225
YBR279W,YDR453C,0,-8.706267,0.1139211654663086,1.0,0.7778000235557556
YMR311C,YKR003W,0,-8.706842,0.11390818655490875,1.0,0.777899980545044
YOR205C,YNL123W,0,-8.708224,0.11389521509408951,1.0,0.777999997138977
YBL037W,YGR212W,0,-8.709205,0.11388224363327026,1.0,0.7781000137329102
YML042W,YDR047W,0,-8.710447,0.11386927962303162,1.0,0.7781999707221985
YDR388W,YOR075W,0,-8.712569,0.11385631561279297,1.0,0.7782999873161316
YGL066W,YOL109W,0,-8.712625,0.11384335160255432,1.0,0.7784000039100647
YML049C,YHR167W,0,-8.713037,0.11383039504289627,1.0,0.7785000205039978
YEL069C,YML070W,0,-8.71397,0.11381743848323822,1.0,0.7785999774932861
YLR442C,YMR133W,0,-8.71594,0.11380448192358017,1.0,0.7786999940872192
YPL099C,YPR018W,0,-8.716015,0.11379153281450272,1.0,0.7788000106811523
YMR199W,YKL125W,0,-8.718415,0.11377858370542526,1.0,0.7789000272750854
YFL013C,YIL160C,0,-8.7206335,0.1137656420469284,1.0,0.7789999842643738
YDL045W-A,YDR380W,0,-8.72071,0.11375270038843155,1.0,0.7791000008583069
YOL054W,YLL013C,0,-8.721143,0.11373976618051529,1.0,0.77920001745224
YJL112W,YBL031W,0,-8.721703,0.11372682452201843,1.0,0.7792999744415283
YNL265C,YEL044W,0,-8.725471,0.11371389776468277,1.0,0.7793999910354614
YLR033W,YMR077C,0,-8.726144,0.11370096355676651,1.0,0.7795000076293945
YPL250C,YGR075C,0,-8.726846,0.11368803679943085,1.0,0.7796000242233276
YNR013C,YLR013W,0,-8.72708,0.11367511749267578,1.0,0.779699981212616
YBL030C,YJL221C,0,-8.728051,0.11366219818592072,1.0,0.7797999978065491
YJL156C,YLL019C,0,-8.728845,0.11364927887916565,1.0,0.7799000144004822
YLL036C,YDL135C,0,-8.730492,0.11363636702299118,1.0,0.7799999713897705
YLR004C,YOR357C,0,-8.730851,0.11362345516681671,1.0,0.7800999879837036
YPL086C,YEL015W,0,-8.731752,0.11361054331064224,1.0,0.7802000045776367
YCL069W,YDL246C,0,-8.73283,0.11359763890504837,1.0,0.7803000211715698
YBR077C,YJR025C,0,-8.734801,0.1135847344994545,1.0,0.7803999781608582
YMR119W,YLL019C,0,-8.738321,0.11357183754444122,1.0,0.7804999947547913
YOR071C,YOR254C,0,-8.7405,0.11355894058942795,1.0,0.7806000113487244
YMR033W,YKL113C,0,-8.740598,0.11354604363441467,1.0,0.7807000279426575
YBR156C,YKL039W,0,-8.74155,0.113533154129982,1.0,0.7807999849319458
YOL018C,YLR100W,0,-8.741978,0.11352026462554932,1.0,0.7809000015258789
YIR024C,YHR184W,0,-8.742673,0.11350737512111664,1.0,0.781000018119812
YBL069W,YBL025W,0,-8.743204,0.11349449306726456,1.0,0.7810999751091003
YMR200W,YDL167C,0,-8.743562,0.11348161846399307,1.0,0.7811999917030334
YNL032W,YPL055C,0,-8.745349,0.11346873641014099,1.0,0.7813000082969666
YEL017C-A,YNL172W,0,-8.745812,0.1134558692574501,1.0,0.7814000248908997
YML071C,YOL112W,0,-8.746023,0.11344299465417862,1.0,0.781499981880188
YBR130C,YHR185C,0,-8.747043,0.11343012750148773,1.0,0.7815999984741211
YDR123C,YBL038W,0,-8.747352,0.11341726034879684,1.0,0.7817000150680542
YDL021W,YKL189W,0,-8.749123,0.11340440064668655,1.0,0.7817999720573425
YIR015W,YBL008W,0,-8.7507925,0.11339154094457626,1.0,0.7818999886512756
YOR008C,YOR229W,0,-8.750863,0.11337868124246597,1.0,0.7820000052452087
YML008C,YNL076W,0,-8.751727,0.11336582899093628,1.0,0.7821000218391418
YDR227W,YDR315C,0,-8.752021,0.11335298418998718,1.0,0.7821999788284302
YDR322C-A,YLR172C,0,-8.753995,0.11334013193845749,1.0,0.7822999954223633
YNL196C,YDL216C,0,-8.754362,0.11332728713750839,1.0,0.7824000120162964
YHR019C,YPR111W,0,-8.754907,0.11331444978713989,1.0,0.7825000286102295
YHR012W,YCR009C,0,-8.755723,0.11330161243677139,1.0,0.7825999855995178
YOL001W,YDR363W-A,0,-8.758009,0.1132887750864029,1.0,0.7827000021934509
YNL233W,YGL066W,0,-8.759763,0.1132759377360344,1.0,0.782800018787384
YDL168W,YHR028C,0,-8.760413,0.11326310783624649,1.0,0.7828999757766724
YJR091C,YCL004W,0,-8.760738,0.11325028538703918,1.0,0.7829999923706055
YLR007W,YKL113C,0,-8.7653265,0.11323745548725128,1.0,0.7831000089645386
YBR243C,YLR176C,0,-8.769171,0.11322464048862457,1.0,0.7832000255584717
YNR015W,YDL089W,0,-8.770076,0.11321181803941727,1.0,0.78329998254776
YGL195W,YPR121W,0,-8.772042,0.11319900304079056,1.0,0.7833999991416931
YPR141C,YOR129C,0,-8.772713,0.11318618804216385,1.0,0.7835000157356262
YKL053C-A,YGR005C,0,-8.773173,0.11317338049411774,1.0,0.7835999727249146
YLL057C,YIL040W,0,-8.776001,0.11316057294607162,1.0,0.7836999893188477
YOR020C,YMR039C,0,-8.776797,0.11314777284860611,1.0,0.7838000059127808
YKR077W,YHR124W,0,-8.777495,0.1131349727511406,1.0,0.7839000225067139
YDR471W,YLR121C,0,-8.777711,0.11312217265367508,1.0,0.7839999794960022
YOL011W,YLR144C,0,-8.7780905,0.11310938000679016,1.0,0.7840999960899353
YGR231C,YKL026C,0,-8.7797985,0.11309658735990524,1.0,0.7842000126838684
YIL044C,YER089C,0,-8.780219,0.11308379471302032,1.0,0.7843000292778015
YML048W,YDR284C,0,-8.780709,0.113071009516716,1.0,0.7843999862670898
YIL129C,YER050C,0,-8.781476,0.11305822432041168,1.0,0.784500002861023
YHR211W,YGR144W,0,-8.783978,0.11304544657468796,1.0,0.784600019454956
YLL009C,YNL294C,0,-8.78488,0.11303266882896423,1.0,0.7846999764442444
YHR041C,YLL018C,0,-8.78518,0.11301989108324051,1.0,0.7847999930381775
YDR529C,YCL035C,0,-8.785819,0.11300712078809738,1.0,0.7849000096321106
YDR350C,YOR299W,0,-8.788694,0.11299435049295425,1.0,0.7850000262260437
YMR015C,YBR213W,0,-8.788957,0.11298158764839172,1.0,0.785099983215332
YMR075W,YIL056W,0,-8.78954,0.1129688173532486,1.0,0.7851999998092651
YOR163W,YDR379W,0,-8.79135,0.11295606195926666,1.0,0.7853000164031982
YDR050C,YBR136W,0,-8.793309,0.11294329911470413,1.0,0.7853999733924866
YOR179C,YPL111W,0,-8.794359,0.1129305511713028,1.0,0.7854999899864197
YGL153W,YDL030W,0,-8.794484,0.11291779577732086,1.0,0.7856000065803528
YGL201C,YAL010C,0,-8.796298,0.11290504783391953,1.0,0.7857000231742859
YDL024C,YLR043C,0,-8.796676,0.11289229989051819,1.0,0.7857999801635742
YBR274W,YJR066W,0,-8.797198,0.11287955939769745,1.0,0.7858999967575073
YLR249W,YDR510W,0,-8.797753,0.11286681890487671,1.0,0.7860000133514404
YNL199C,YCR071C,0,-8.79918,0.11285407841205597,1.0,0.7860999703407288
YLR457C,YKR065C,0,-8.800383,0.11284134536981583,1.0,0.7861999869346619
YOR027W,YDR194C,0,-8.800477,0.11282861232757568,1.0,0.786300003528595
YPR048W,YJL170C,0,-8.801137,0.11281588673591614,1.0,0.7864000201225281
YOR217W,YGR181W,0,-8.802059,0.11280316114425659,1.0,0.7864999771118164
YIL009C-A,YPR125W,0,-8.802652,0.11279043555259705,1.0,0.7865999937057495
YJR095W,YAL044C,0,-8.80631,0.1127777174115181,1.0,0.7867000102996826
YCR004C,YJR058C,0,-8.806313,0.11276499927043915,1.0,0.7868000268936157
YPR002W,YDR197W,0,-8.807429,0.1127522811293602,1.0,0.786899983882904
YCL061C,YAL013W,0,-8.808063,0.11273957043886185,1.0,0.7870000004768372
YOL045W,YDL216C,0,-8.808345,0.1127268597483635,1.0,0.7871000170707703
YLR020C,YCR048W,0,-8.808432,0.11271415650844574,1.0,0.7871999740600586
YOL094C,YKL002W,0,-8.810617,0.11270145326852798,1.0,0.7872999906539917
YDR498C,YGR087C,0,-8.810938,0.11268875002861023,1.0,0.7874000072479248
YDR448W,YHR067W,0,-8.811186,0.11267605423927307,1.0,0.7875000238418579
YDL078C,YHR178W,0,-8.811267,0.11266335844993591,1.0,0.7875999808311462
YIL095W,YOR064C,0,-8.811679,0.11265067011117935,1.0,0.7876999974250793
YPL234C,YOR383C,0,-8.811973,0.11263798177242279,1.0,0.7878000140190125
YDR155C,YKL140W,0,-8.812178,0.11262529343366623,1.0,0.7878999710083008
YIL043C,YDL089W,0,-8.812521,0.11261261254549026,1.0,0.7879999876022339
YLL013C,YPR183W,0,-8.813089,0.1125999316573143,1.0,0.788100004196167
YOR127W,YDL127W,0,-8.813672,0.11258725821971893,1.0,0.7882000207901001
YDR525W-A,YDR246W,0,-8.816327,0.11257457733154297,1.0,0.7882999777793884
YNL064C,YMR095C,0,-8.817563,0.1125619113445282,1.0,0.7883999943733215
YGL124C,YLR105C,0,-8.818927,0.11254923790693283,1.0,0.7885000109672546
YBR098W,YGL243W,0,-8.819363,0.11253657191991806,1.0,0.7886000275611877
YOR347C,YNL154C,0,-8.819991,0.11252391338348389,1.0,0.7886999845504761
YHR150W,YOL093W,0,-8.820485,0.11251125484704971,1.0,0.7888000011444092
YOR330C,YKR049C,0,-8.820727,0.11249859631061554,1.0,0.7889000177383423
YPL049C,YLR394W,0,-8.82166,0.11248593777418137,1.0,0.7889999747276306
YIR031C,YPL046C,0,-8.823161,0.11247328668832779,1.0,0.7890999913215637
YBR274W,YNR047W,0,-8.823709,0.11246063560247421,1.0,0.7892000079154968
YAL022C,YDR120C,0,-8.82458,0.11244799196720123,1.0,0.7893000245094299
YJR091C,YKL060C,0,-8.824739,0.11243534833192825,1.0,0.7893999814987183
YEL015W,YGL163C,0,-8.825238,0.11242271214723587,1.0,0.7894999980926514
YDR156W,YKL092C,0,-8.825976,0.11241006851196289,1.0,0.7896000146865845
YNL009W,YKL091C,0,-8.826283,0.1123974397778511,1.0,0.7896999716758728
YHR149C,YER057C,0,-8.826918,0.11238480359315872,1.0,0.7897999882698059
YER021W,YDL087C,0,-8.828857,0.11237217485904694,1.0,0.789900004863739
YMR195W,YFR026C,0,-8.829112,0.11235955357551575,1.0,0.7900000214576721
YLL039C,YDR341C,0,-8.82925,0.11234692484140396,1.0,0.7900999784469604
YHL030W,YDR379W,0,-8.829866,0.11233430355787277,1.0,0.7901999950408936
YHR134W,YNR031C,0,-8.830908,0.11232168972492218,1.0,0.7903000116348267
YKL032C,YPR038W,0,-8.831668,0.11230907589197159,1.0,0.7904000282287598
YCR028C,YHR175W,0,-8.833331,0.112296462059021,1.0,0.7904999852180481
YDR525W-A,YGL142C,0,-8.834023,0.112283855676651,1.0,0.7906000018119812
YMR021C,YKR090W,0,-8.8344,0.112271249294281,1.0,0.7907000184059143
YGL226W,YBL050W,0,-8.835275,0.11225864291191101,1.0,0.7907999753952026
YGL002W,YFR040W,0,-8.836017,0.11224604398012161,1.0,0.7908999919891357
YPL250C,YOR151C,0,-8.836368,0.11223344504833221,1.0,0.7910000085830688
YNL244C,YNL161W,0,-8.83651,0.11222085356712341,1.0,0.791100025177002
YKR062W,YOR393W,0,-8.836541,0.11220826208591461,1.0,0.7911999821662903
YIL122W,YPL074W,0,-8.836722,0.11219567060470581,1.0,0.7912999987602234
YCR044C,YJL101C,0,-8.837796,0.11218307912349701,1.0,0.7914000153541565
YFL055W,YDR169C,0,-8.838121,0.1121705025434494,1.0,0.7914999723434448
YIL068C,YNL062C,0,-8.838408,0.1121579185128212,1.0,0.7915999889373779
YNL280C,YMR071C,0,-8.8396225,0.11214534193277359,1.0,0.791700005531311
YDR405W,YGL127C,0,-8.839681,0.11213276535272598,1.0,0.7918000221252441
YPR025C,YMR143W,0,-8.839941,0.11212019622325897,1.0,0.7918999791145325
YER013W,YLR370C,0,-8.840684,0.11210761964321136,1.0,0.7919999957084656
YMR199W,YBR143C,0,-8.840884,0.11209505796432495,1.0,0.7921000123023987
YOR332W,YJL048C,0,-8.841165,0.11208249628543854,1.0,0.7922000288963318
YGR010W,YDR457W,0,-8.842603,0.11206993460655212,1.0,0.7922999858856201
YJL052W,YOR250C,0,-8.846031,0.11205737292766571,1.0,0.7924000024795532
YGL228W,YLR375W,0,-8.846608,0.1120448186993599,1.0,0.7925000190734863
YKL217W,YDR294C,0,-8.8493395,0.11203226447105408,1.0,0.7925999760627747
YGR113W,YBL023C,0,-8.85161,0.11201971769332886,1.0,0.7926999926567078
YPL049C,YLR098C,0,-8.852077,0.11200717091560364,1.0,0.7928000092506409
YMR138W,YML061C,0,-8.853564,0.11199462413787842,1.0,0.792900025844574
YLR105C,YOR151C,0,-8.855308,0.1119820848107338,1.0,0.7929999828338623
YGL186C,YHR046C,0,-8.857249,0.11196954548358917,1.0,0.7930999994277954
YKR035W-A,YIL129C,0,-8.860698,0.11195700615644455,1.0,0.7932000160217285
YNL052W,YLR291C,0,-8.860776,0.11194447427988052,1.0,0.7932999730110168
YFR032C-A,YKR034W,0,-8.861003,0.1119319424033165,1.0,0.79339998960495
YNL158W,YML031W,0,-8.861043,0.11191941797733307,1.0,0.7935000061988831
YKL005C,YGL020C,0,-8.861094,0.11190689355134964,1.0,0.7936000227928162
YOR217W,YPL128C,0,-8.861238,0.11189436912536621,1.0,0.7936999797821045
YPL210C,YER093C,0,-8.861527,0.11188185214996338,1.0,0.7937999963760376
YNL245C,YOR064C,0,-8.861657,0.11186933517456055,1.0,0.7939000129699707
YDL247W,YCL005W,0,-8.863499,0.11185682564973831,1.0,0.7940000295639038
YOR156C,YKL094W,0,-8.864913,0.11184431612491608,1.0,0.7940999865531921
YHR060W,YDR466W,0,-8.865452,0.11183180660009384,1.0,0.7942000031471252
YMR105C,YPL055C,0,-8.866282,0.1118192970752716,1.0,0.7943000197410583
YPL057C,YML088W,0,-8.866855,0.11180679500102997,1.0,0.7943999767303467
YBR243C,YKL127W,0,-8.868453,0.11179430037736893,1.0,0.7944999933242798
YGR189C,YPL244C,0,-8.8688,0.11178179830312729,1.0,0.7946000099182129
YML029W,YER007W,0,-8.869199,0.11176931113004684,1.0,0.794700026512146
YOL148C,YDL006W,0,-8.8694315,0.1117568165063858,1.0,0.7947999835014343
YIR038C,YOR202W,0,-8.869474,0.11174432933330536,1.0,0.7949000000953674
YAL002W,YPL074W,0,-8.871829,0.11173184216022491,1.0,0.7950000166893005
YOR084W,YFR007W,0,-8.872277,0.11171936243772507,1.0,0.7950999736785889
YDL007W,YBR130C,0,-8.872594,0.11170688271522522,1.0,0.795199990272522
YDR460W,YHR116W,0,-8.873853,0.11169440299272537,1.0,0.7953000068664551
YML132W,YDL070W,0,-8.874412,0.11168193072080612,1.0,0.7954000234603882
YOR204W,YDR529C,0,-8.875275,0.11166945844888687,1.0,0.7954999804496765
YOR336W,YDL120W,0,-8.877507,0.11165698617696762,1.0,0.7955999970436096
YLR153C,YBL063W,0,-8.877534,0.11164452135562897,1.0,0.7957000136375427
YKL054C,YLL050C,0,-8.8776045,0.11163206398487091,1.0,0.795799970626831
YKL048C,YMR281W,0,-8.877902,0.11161959916353226,1.0,0.7958999872207642
YBR122C,YMR220W,0,-8.878797,0.1116071417927742,1.0,0.7960000038146973
YPR052C,YML078W,0,-8.879439,0.11159468442201614,1.0,0.7961000204086304
YDR477W,YEL030W,0,-8.879569,0.11158223450183868,1.0,0.7961999773979187
YBL038W,YML066C,0,-8.879886,0.11156978458166122,1.0,0.7962999939918518
YLR060W,YOL105C,0,-8.880997,0.11155734211206436,1.0,0.7964000105857849
YGR172C,YNL245C,0,-8.881087,0.1115448996424675,1.0,0.796500027179718
YLR013W,YDR014W,0,-8.881894,0.11153245717287064,1.0,0.7965999841690063
YBR020W,YDR328C,0,-8.882522,0.11152001470327377,1.0,0.7967000007629395
YOL001W,YOR242C,0,-8.882587,0.11150757968425751,1.0,0.7968000173568726
YDL193W,YER149C,0,-8.883125,0.11149515211582184,1.0,0.7968999743461609
YAL016W,YML070W,0,-8.885587,0.11148271709680557,1.0,0.796999990940094
YLR386W,YDL225W,0,-8.886964,0.1114702895283699,1.0,0.7971000075340271
YGR180C,YOR259C,0,-8.886992,0.11145786941051483,1.0,0.7972000241279602
YIL145C,YMR233W,0,-8.888682,0.11144544929265976,1.0,0.7972999811172485
YHR036W,YPL112C,0,-8.888798,0.11143302917480469,1.0,0.7973999977111816
YCL039W,YOL013C,0,-8.891045,0.11142061650753021,1.0,0.7975000143051147
YKR100C,YER177W,0,-8.893132,0.11140819638967514,1.0,0.7975999712944031
YMR029C,YGR078C,0,-8.894281,0.11139579117298126,1.0,0.7976999878883362
YPL118W,YMR092C,0,-8.895648,0.11138337850570679,1.0,0.7978000044822693
YNL102W,YPL156C,0,-8.898251,0.11137097328901291,1.0,0.7979000210762024
YBL034C,YPR094W,0,-8.898604,0.11135857552289963,1.0,0.7979999780654907
YGL226C-A,YDR470C,0,-8.899069,0.11134617775678635,1.0,0.7980999946594238
YGL040C,YDR004W,0,-8.899085,0.11133377999067307,1.0,0.7982000112533569
YGR216C,YKL196C,0,-8.901061,0.11132138222455978,1.0,0.79830002784729
YLR390W,YNL167C,0,-8.902421,0.1113089919090271,1.0,0.7983999848365784
YDR438W,YPR082C,0,-8.903025,0.11129660904407501,1.0,0.7985000014305115
YHR147C,YJL162C,0,-8.903188,0.11128421872854233,1.0,0.7986000180244446
YDL007W,YNR019W,0,-8.903451,0.11127183586359024,1.0,0.7986999750137329
YGL119W,YHL027W,0,-8.906093,0.11125946044921875,1.0,0.798799991607666
YNL315C,YLR099C,0,-8.909099,0.11124707758426666,1.0,0.7989000082015991
YGR046W,YGL244W,0,-8.909493,0.11123470216989517,1.0,0.7990000247955322
YMR311C,YCR048W,0,-8.910453,0.11122233420610428,1.0,0.7990999817848206
YFL045C,YNL008C,0,-8.910456,0.11120996624231339,1.0,0.7991999983787537
YDR389W,YOR171C,0,-8.911691,0.11119759827852249,1.0,0.7993000149726868
YNL216W,YGL157W,0,-8.9142885,0.1111852377653122,1.0,0.7993999719619751
YHR147C,YER046W,0,-8.915704,0.1111728772521019,1.0,0.7994999885559082
YDL128W,YPL064C,0,-8.916634,0.1111605167388916,1.0,0.7996000051498413
YNL288W,YER046W,0,-8.917296,0.1111481636762619,1.0,0.7997000217437744
YKL127W,YGR274C,0,-8.917325,0.1111358106136322,1.0,0.7997999787330627
YDR192C,YOR028C,0,-8.920737,0.1111234575510025,1.0,0.7998999953269958
YCL069W,YLR268W,0,-8.921922,0.1111111119389534,1.0,0.800000011920929
YBR195C,YNL079C,0,-8.922211,0.1110987663269043,1.0,0.8001000285148621
YNR030W,YJL004C,0,-8.92272,0.11108642816543579,1.0,0.8001999855041504
YML121W,YKL170W,0,-8.923102,0.11107409000396729,1.0,0.8003000020980835
YPL188W,YPR021C,0,-8.923621,0.11106175184249878,1.0,0.8004000186920166
YJR139C,YDR041W,0,-8.9242115,0.11104941368103027,1.0,0.8004999756813049
YBR228W,YLR090W,0,-8.924301,0.11103708297014236,1.0,0.800599992275238
YLR457C,YKL165C,0,-8.925289,0.11102475970983505,1.0,0.8007000088691711
YPR165W,YGL076C,0,-8.9257765,0.11101243644952774,1.0,0.8008000254631042
YHR181W,YPL063W,0,-8.926427,0.11100011318922043,1.0,0.8008999824523926
YGR007W,YKL101W,0,-8.927371,0.11098778992891312,1.0,0.8009999990463257
YCR096C,YJR106W,0,-8.929571,0.1109754741191864,1.0,0.8011000156402588
YDL077C,YLR100W,0,-8.930055,0.11096315830945969,1.0,0.8011999726295471
YOR175C,YDR213W,0,-8.9301405,0.11095084995031357,1.0,0.8012999892234802
YER004W,YAL026C,0,-8.930911,0.11093854159116745,1.0,0.8014000058174133
YGL035C,YHL006C,0,-8.933424,0.11092623323202133,1.0,0.8015000224113464
YJL045W,YOR043W,0,-8.934641,0.11091393232345581,1.0,0.8015999794006348
YGL168W,YJL020C,0,-8.935315,0.11090163141489029,1.0,0.8016999959945679
YDR077W,YNL027W,0,-8.935947,0.11088933050632477,1.0,0.801800012588501
YGL178W,YML031W,0,-8.935953,0.11087703704833984,1.0,0.8019000291824341
YKR090W,YMR056C,0,-8.938937,0.11086474359035492,1.0,0.8019999861717224
YDL246C,YNL223W,0,-8.939359,0.11085245758295059,1.0,0.8021000027656555
YPL183W-A,YJL139C,0,-8.939723,0.11084017157554626,1.0,0.8022000193595886
YPR048W,YJL139C,0,-8.940653,0.11082788556814194,1.0,0.802299976348877
YKL149C,YDR044W,0,-8.94135,0.11081559956073761,1.0,0.8023999929428101
YNL201C,YOL071W,0,-8.941924,0.11080332100391388,1.0,0.8025000095367432
YER087C-B,YCL027W,0,-8.942526,0.11079104989767075,1.0,0.8026000261306763
YML094W,YMR274C,0,-8.946025,0.11077877134084702,1.0,0.8026999831199646
YGL066W,YOR066W,0,-8.946139,0.11076650768518448,1.0,0.8027999997138977
YDR458C,YDL150W,0,-8.947216,0.11075423657894135,1.0,0.8029000163078308
YPR057W,YGR082W,0,-8.949902,0.11074197292327881,1.0,0.8029999732971191
YDL216C,YDR458C,0,-8.951303,0.11072970926761627,1.0,0.8030999898910522
YHR001W-A,YDR322W,0,-8.952374,0.11071744561195374,1.0,0.8032000064849854
YJL092W,YGL196W,0,-8.954967,0.1107051894068718,1.0,0.8033000230789185
YOR070C,YGR256W,0,-8.956281,0.11069294065237045,1.0,0.8033999800682068
YER028C,YIL065C,0,-8.959338,0.11068068444728851,1.0,0.8034999966621399
YOR357C,YKR008W,0,-8.960149,0.11066843569278717,1.0,0.803600013256073
YFR037C,YHR102W,0,-8.960259,0.11065619438886642,1.0,0.8036999702453613
YJL066C,YKR083C,0,-8.962012,0.11064394563436508,1.0,0.8037999868392944
YNL274C,YDR088C,0,-8.963294,0.11063170433044434,1.0,0.8039000034332275
YCR020C-A,YGR236C,0,-8.96396,0.11061947047710419,1.0,0.8040000200271606
YMR117C,YNL003C,0,-8.964454,0.11060723662376404,1.0,0.804099977016449
YPL052W,YDR079C-A,0,-8.964686,0.11059500277042389,1.0,0.8041999936103821
YHR171W,YPL281C,0,-8.966143,0.11058276891708374,1.0,0.8043000102043152
YNL289W,YPL259C,0,-8.968801,0.11057054251432419,1.0,0.8044000267982483
YER070W,YPL160W,0,-8.969346,0.11055831611156464,1.0,0.8044999837875366
YGL186C,YBL023C,0,-8.970454,0.11054609715938568,1.0,0.8046000003814697
YNL265C,YOL155C,0,-8.97223,0.11053387820720673,1.0,0.8047000169754028
YPL036W,YCR017C,0,-8.972379,0.11052165925502777,1.0,0.8047999739646912
YBR133C,YMR041C,0,-8.973444,0.11050944775342941,1.0,0.8048999905586243
YLR362W,YJL167W,0,-8.975046,0.11049723625183105,1.0,0.8050000071525574
YBR192W,YBL006C,0,-8.975155,0.1104850322008133,1.0,0.8051000237464905
YOL030W,YAL060W,0,-8.975801,0.11047282069921494,1.0,0.8051999807357788
YHR039C-A,YHR147C,0,-8.975917,0.11046062409877777,1.0,0.8052999973297119
YAL002W,YMR092C,0,-8.978,0.11044842004776001,1.0,0.805400013923645
YKL054C,YNL236W,0,-8.978679,0.11043622344732285,1.0,0.8054999709129333
YGR076C,YIL121W,0,-8.978742,0.11042402684688568,1.0,0.8055999875068665
YBR067C,YBL015W,0,-8.978951,0.11041183769702911,1.0,0.8057000041007996
YKR068C,YMR233W,0,-8.978953,0.11039964854717255,1.0,0.8058000206947327
YOR192C,YDR179C,0,-8.979167,0.11038745939731598,1.0,0.805899977684021
YOR368W,YDR443C,0,-8.980201,0.11037527769804001,1.0,0.8059999942779541
YLR121C,YGL013C,0,-8.980243,0.11036309599876404,1.0,0.8061000108718872
YMR075W,YKR083C,0,-8.98047,0.11035091429948807,1.0,0.8062000274658203
YLR133W,YKR055W,0,-8.980852,0.1103387400507927,1.0,0.8062999844551086
YKL062W,YDR377W,0,-8.981211,0.11032656580209732,1.0,0.8064000010490417
YER183C,YNL268W,0,-8.98201,0.11031439900398254,1.0,0.8065000176429749
YIL033C,YMR200W,0,-8.9821615,0.11030222475528717,1.0,0.8065999746322632
YGL012W,YIR028W,0,-8.982713,0.11029006540775299,1.0,0.8066999912261963
YER068W,YLR216C,0,-8.984087,0.11027789860963821,1.0,0.8068000078201294
YKL149C,YPR068C,0,-8.991443,0.11026573926210403,1.0,0.8069000244140625
YEL059C-A,YOR189W,0,-8.991864,0.11025357991456985,1.0,0.8069999814033508
YMR036C,YLR383W,0,-8.992201,0.11024142801761627,1.0,0.8070999979972839
YDR463W,YMR267W,0,-8.994637,0.11022927612066269,1.0,0.807200014591217
YPL052W,YPL097W,0,-8.9958315,0.1102171242237091,1.0,0.8072999715805054
YOR023C,YHR179W,0,-8.995957,0.11020497977733612,1.0,0.8073999881744385
YMR212C,YOL038W,0,-8.996919,0.11019283533096313,1.0,0.8075000047683716
YBR005W,YPL181W,0,-8.99933,0.11018069833517075,1.0,0.8076000213623047
YKL191W,YDL035C,0,-9.000087,0.11016856133937836,1.0,0.807699978351593
YMR293C,YPL189W,0,-9.000525,0.11015642434358597,1.0,0.8077999949455261
YKL046C,YKL004W,0,-9.001132,0.11014428734779358,1.0,0.8079000115394592
YER035W,YNL288W,0,-9.002656,0.11013215780258179,1.0,0.8080000281333923
YDR135C,YIL157C,0,-9.003976,0.11012002825737,1.0,0.8080999851226807
YPL269W,YBR189W,0,-9.004105,0.1101079061627388,1.0,0.8082000017166138
YBR262C,YLR328W,0,-9.004139,0.1100957840681076,1.0,0.8083000183105469
YNL244C,YOL034W,0,-9.004352,0.11008366197347641,1.0,0.8083999752998352
YDR348C,YOL095C,0,-9.00457,0.11007154732942581,1.0,0.8084999918937683
YPL150W,YBL030C,0,-9.006186,0.11005943268537521,1.0,0.8086000084877014
YDR160W,YNL031C,0,-9.006685,0.11004731804132462,1.0,0.8087000250816345
YDR524C,YCL052C,0,-9.00742,0.11003521084785461,1.0,0.8087999820709229
YGL203C,YLR189C,0,-9.008652,0.11002310365438461,1.0,0.808899998664856
YDL097C,YOR017W,0,-9.012498,0.11001100391149521,1.0,0.8090000152587891
YHR114W,YGR274C,0,-9.012584,0.10999889671802521,1.0,0.8090999722480774
YLR182W,YDR003W,0,-9.013854,0.1099868044257164,1.0,0.8091999888420105
YLR220W,YLR390W,0,-9.013993,0.109974704682827,1.0,0.8093000054359436
YOR332W,YAL032C,0,-9.01432,0.10996261239051819,1.0,0.8094000220298767
YJR017C,YDL045W-A,0,-9.014612,0.10995052009820938,1.0,0.809499979019165
YDR362C,YMR198W,0,-9.014838,0.10993843525648117,1.0,0.8095999956130981
YLR135W,YFL046W,0,-9.015574,0.10992635041475296,1.0,0.8097000122070312
YMR149W,YOR233W,0,-9.016486,0.10991426557302475,1.0,0.8098000288009644
YGL049C,YNR045W,0,-9.01747,0.10990218818187714,1.0,0.8098999857902527
YGL083W,YCR038C,0,-9.017505,0.10989011079072952,1.0,0.8100000023841858
YIL097W,YLR172C,0,-9.019211,0.10987803339958191,1.0,0.8101000189781189
YDR052C,YKR031C,0,-9.020101,0.10986596345901489,1.0,0.8101999759674072
YJL092W,YKR027W,0,-9.020152,0.10985389351844788,1.0,0.8102999925613403
YBL075C,YNL118C,0,-9.020271,0.10984183102846146,1.0,0.8104000091552734
YFL056C,YGL195W,0,-9.022906,0.10982976108789444,1.0,0.8105000257492065
YCL061C,YBR087W,0,-9.023729,0.10981770604848862,1.0,0.8105999827384949
YBL056W,YKL113C,0,-9.025164,0.1098056435585022,1.0,0.810699999332428
YNL166C,YLR117C,0,-9.025868,0.10979358851909637,1.0,0.8108000159263611
YGR094W,YOR197W,0,-9.02634,0.10978153347969055,1.0,0.8108999729156494
YIL027C,YDR400W,0,-9.026678,0.10976948589086533,1.0,0.8109999895095825
YPL224C,YIL104C,0,-9.0267,0.1097574383020401,1.0,0.8111000061035156
YGL083W,YOR350C,0,-9.027023,0.10974539071321487,1.0,0.8112000226974487
YPL065W,YNL309W,0,-9.027298,0.10973335057497025,1.0,0.8112999796867371
YBR227C,YHR083W,0,-9.0279665,0.10972131043672562,1.0,0.8113999962806702
YGL203C,YJL041W,0,-9.028243,0.10970927029848099,1.0,0.8115000128746033
YIL039W,YJL054W,0,-9.028506,0.10969723761081696,1.0,0.8116000294685364
YBR106W,YBR193C,0,-9.028718,0.10968520492315292,1.0,0.8116999864578247
YNR012W,YGL192W,0,-9.028901,0.10967317223548889,1.0,0.8118000030517578
YDL138W,YOR266W,0,-9.029683,0.10966114699840546,1.0,0.8119000196456909
YOL018C,YGR032W,0,-9.02971,0.10964912176132202,1.0,0.8119999766349792
YOR243C,YIL005W,0,-9.029853,0.10963710397481918,1.0,0.8120999932289124
YPL138C,YEL049W,0,-9.030067,0.10962507873773575,1.0,0.8122000098228455
YJL041W,YLR376C,0,-9.030271,0.10961306840181351,1.0,0.8123000264167786
YIL123W,YOR244W,0,-9.030816,0.10960105061531067,1.0,0.8123999834060669
YMR015C,YOR096W,0,-9.032565,0.10958904027938843,1.0,0.8125
YGL092W,YKL117W,0,-9.034251,0.10957702994346619,1.0,0.8126000165939331
YOL023W,YPL070W,0,-9.03617,0.10956502705812454,1.0,0.8126999735832214
YNL181W,YBR147W,0,-9.03744,0.1095530241727829,1.0,0.8127999901771545
YOR393W,YBR084C-A,0,-9.0377,0.10954102128744125,1.0,0.8129000067710876
YJL087C,YNL072W,0,-9.041213,0.1095290258526802,1.0,0.8130000233650208
YLR238W,YMR260C,0,-9.042136,0.10951703041791916,1.0,0.8130999803543091
YLR390W-A,YKR099W,0,-9.04298,0.10950503498315811,1.0,0.8131999969482422
YPL046C,YBR114W,0,-9.043039,0.10949304699897766,1.0,0.8133000135421753
YHR107C,YML126C,0,-9.044177,0.10948105901479721,1.0,0.8133999705314636
YFL016C,YLR024C,0,-9.044355,0.10946907848119736,1.0,0.8134999871253967
YGL203C,YCL055W,0,-9.044908,0.1094570904970169,1.0,0.8136000037193298
YHR071W,YHR109W,0,-9.045777,0.10944510996341705,1.0,0.8137000203132629
YBR101C,YDR301W,0,-9.046741,0.1094331368803978,1.0,0.8137999773025513
YBR168W,YDL089W,0,-9.048389,0.10942116379737854,1.0,0.8138999938964844
YKR007W,YJL004C,0,-9.048589,0.10940919071435928,1.0,0.8140000104904175
YDR142C,YLR099C,0,-9.049533,0.10939721763134003,1.0,0.8141000270843506
YKL039W,YJL129C,0,-9.049887,0.10938525199890137,1.0,0.8141999840736389
YOL136C,YER109C,0,-9.049949,0.1093732938170433,1.0,0.814300000667572
YLL031C,YHR010W,0,-9.05027,0.10936132818460464,1.0,0.8144000172615051
YJL210W,YHR150W,0,-9.050499,0.10934937000274658,1.0,0.8144999742507935
YDR304C,YBR172C,0,-9.050797,0.10933741182088852,1.0,0.8145999908447266
YOR073W,YGR166W,0,-9.053722,0.10932546108961105,1.0,0.8147000074386597
YNL103W,YNL316C,0,-9.054553,0.10931351035833359,1.0,0.8148000240325928
YGL169W,YBR057C,0,-9.054896,0.10930155962705612,1.0,0.8148999810218811
YIL109C,YLR332W,0,-9.056939,0.10928961634635925,1.0,0.8149999976158142
YIL119C,YOR080W,0,-9.058696,0.10927767306566238,1.0,0.8151000142097473
YDR135C,YJL170C,0,-9.059911,0.10926573723554611,1.0,0.8151999711990356
YHR188C,YML064C,0,-9.060853,0.10925379395484924,1.0,0.8152999877929688
YDR435C,YGL090W,0,-9.0611725,0.10924185812473297,1.0,0.8154000043869019
YPR108W,YLR256W,0,-9.061569,0.1092299297451973,1.0,0.815500020980835
YPR061C,YKL001C,0,-9.062518,0.10921800136566162,1.0,0.8155999779701233
YBL069W,YLR320W,0,-9.062522,0.10920607298612595,1.0,0.8156999945640564
YGR014W,YBR036C,0,-9.066599,0.10919414460659027,1.0,0.8158000111579895
YBL016W,YBR098W,0,-9.067424,0.10918222367763519,1.0,0.8159000277519226
YGL134W,YDR174W,0,-9.068019,0.10917030274868011,1.0,0.8159999847412109
YOR161C,YOR216C,0,-9.069017,0.10915838927030563,1.0,0.816100001335144
YGL226W,YBL104C,0,-9.070361,0.10914647579193115,1.0,0.8162000179290771
YNL126W,YGR096W,0,-9.070564,0.10913456231355667,1.0,0.8162999749183655
YCL045C,YBL033C,0,-9.071485,0.10912265628576279,1.0,0.8163999915122986
YER018C,YEL003W,0,-9.074735,0.1091107502579689,1.0,0.8165000081062317
YPL030W,YOR066W,0,-9.074949,0.10909884423017502,1.0,0.8166000247001648
YLR004C,YGL175C,0,-9.075458,0.10908694565296173,1.0,0.8166999816894531
YOR090C,YGL055W,0,-9.078439,0.10907504707574844,1.0,0.8167999982833862
YDL010W,YOR066W,0,-9.078796,0.10906314849853516,1.0,0.8169000148773193
YMR197C,YHL038C,0,-9.078865,0.10905125737190247,1.0,0.8169999718666077
YKL010C,YAL043C,0,-9.080865,0.10903936624526978,1.0,0.8170999884605408
YDR142C,YMR233W,0,-9.081018,0.10902747511863708,1.0,0.8172000050544739
YCR032W,YDR377W,0,-9.081464,0.10901559144258499,1.0,0.817300021648407
YKR050W,YOR043W,0,-9.081578,0.1090037077665329,1.0,0.8173999786376953
YJL019W,YER072W,0,-9.082847,0.1089918240904808,1.0,0.8174999952316284
YIL128W,YJL041W,0,-9.083446,0.10897994786500931,1.0,0.8176000118255615
YGR097W,YOR143C,0,-9.085493,0.10896807163953781,1.0,0.8177000284194946
YOR329C,YKL055C,0,-9.086104,0.10895620286464691,1.0,0.817799985408783
YPR075C,YAL034W-A,0,-9.086342,0.10894432663917542,1.0,0.8179000020027161
YLL004W,YDR460W,0,-9.087457,0.10893246531486511,1.0,0.8180000185966492
YLR396C,YHR008C,0,-9.087821,0.10892059653997421,1.0,0.8180999755859375
YLR375W,YPR083W,0,-9.088426,0.10890873521566391,1.0,0.8181999921798706
YML100W,YGR121C,0,-9.0887165,0.10889687389135361,1.0,0.8183000087738037
YKL160W,YGR088W,0,-9.094809,0.1088850200176239,1.0,0.8184000253677368
YMR203W,YMR079W,0,-9.09663,0.1088731661438942,1.0,0.8184999823570251
YJR052W,YIL085C,0,-9.097776,0.10886131227016449,1.0,0.8185999989509583
YBR106W,YNL016W,0,-9.098908,0.10884945839643478,1.0,0.8187000155448914
YOL054W,YLR023C,0,-9.099055,0.10883761197328568,1.0,0.8187999725341797
YHR133C,YGL142C,0,-9.101297,0.10882577300071716,1.0,0.8188999891281128
YHR108W,YGL091C,0,-9.101957,0.10881392657756805,1.0,0.8190000057220459
YOR383C,YGL136C,0,-9.102105,0.10880208760499954,1.0,0.819100022315979
YBR039W,YHR111W,0,-9.102582,0.10879025608301163,1.0,0.8191999793052673
YGR084C,YCL040W,0,-9.103414,0.10877841711044312,1.0,0.8192999958992004
YKR088C,YHR168W,0,-9.106468,0.1087665855884552,1.0,0.8194000124931335
YJL156C,YDL056W,0,-9.106523,0.10875476151704788,1.0,0.8195000290870667
YAL002W,YGR163W,0,-9.108144,0.10874292999505997,1.0,0.819599986076355
YLR191W,YBL038W,0,-9.10934,0.10873110592365265,1.0,0.8197000026702881
YDR420W,YGR028W,0,-9.113021,0.10871928930282593,1.0,0.8198000192642212
YAR050W,YBL063W,0,-9.113192,0.10870746523141861,1.0,0.8198999762535095
YAL051W,YCL048W,0,-9.1134,0.10869564861059189,1.0,0.8199999928474426
YIL122W,YNL301C,0,-9.113951,0.10868383944034576,1.0,0.8201000094413757
YOR020C,YPL110C,0,-9.1142845,0.10867203027009964,1.0,0.8202000260353088
YGR141W,YNL257C,0,-9.114986,0.10866022109985352,1.0,0.8202999830245972
YDR279W,YDL229W,0,-9.118254,0.10864841192960739,1.0,0.8203999996185303
YPL175W,YKR101W,0,-9.119092,0.10863661020994186,1.0,0.8205000162124634
YNL161W,YJL142C,0,-9.119281,0.10862480849027634,1.0,0.8205999732017517
YPL219W,YAL042W,0,-9.120301,0.1086130142211914,1.0,0.8206999897956848
YGR170W,YNL029C,0,-9.12065,0.10860121995210648,1.0,0.8208000063896179
YOR151C,YKL043W,0,-9.12072,0.10858942568302155,1.0,0.820900022983551
YDL024C,YGR247W,0,-9.1214485,0.10857763141393661,1.0,0.8209999799728394
YLR398C,YNL103W,0,-9.125502,0.10856584459543228,1.0,0.8210999965667725
YLR206W,YGR274C,0,-9.125596,0.10855405777692795,1.0,0.8212000131607056
YHR030C,YNR067C,0,-9.12717,0.10854227840900421,1.0,0.8213000297546387
YKL217W,YIL013C,0,-9.127801,0.10853049904108047,1.0,0.821399986743927
YNL107W,YDR072C,0,-9.129462,0.10851871967315674,1.0,0.8215000033378601
YGL178W,YDR462W,0,-9.129484,0.1085069477558136,1.0,0.8216000199317932
YDR117C,YGR121C,0,-9.130248,0.10849516838788986,1.0,0.8216999769210815
YKL175W,YLR200W,0,-9.133383,0.10848340392112732,1.0,0.8217999935150146
YNL265C,YPL065W,0,-9.133405,0.10847163200378418,1.0,0.8219000101089478
YLR086W,YNL169C,0,-9.133842,0.10845986753702164,1.0,0.8220000267028809
YJR072C,YGR194C,0,-9.13608,0.10844811052083969,1.0,0.8220999836921692
YER114C,YMR212C,0,-9.137248,0.10843634605407715,1.0,0.8222000002861023
YOR141C,YDL010W,0,-9.137427,0.1084245890378952,1.0,0.8223000168800354
YBR089C-A,YBR282W,0,-9.144038,0.10841283947229385,1.0,0.8223999738693237
YJR064W,YDR320C-A,0,-9.144101,0.10840108245611191,1.0,0.8224999904632568
YDL029W,YHR111W,0,-9.144284,0.10838933289051056,1.0,0.8226000070571899
YKL054C,YDR386W,0,-9.1456995,0.10837759077548981,1.0,0.822700023651123
YDL168W,YLR328W,0,-9.145778,0.10836584120988846,1.0,0.8227999806404114
YFR050C,YAL034W-A,0,-9.146043,0.1083540990948677,1.0,0.8228999972343445
YDR113C,YNL065W,0,-9.151006,0.10834236443042755,1.0,0.8230000138282776
YHR058C,YNL072W,0,-9.151141,0.1083306223154068,1.0,0.8230999708175659
YDR383C,YDL104C,0,-9.153043,0.10831888765096664,1.0,0.823199987411499
YKL198C,YJL048C,0,-9.1567955,0.10830716043710709,1.0,0.8233000040054321
YJR126C,YMR025W,0,-9.15833,0.10829543322324753,1.0,0.8234000205993652
YLL002W,YMR029C,0,-9.158891,0.10828370600938797,1.0,0.8234999775886536
YMR179W,YDL020C,0,-9.159093,0.10827197879552841,1.0,0.8235999941825867
YOL009C,YLR427W,0,-9.161229,0.10826025903224945,1.0,0.8237000107765198
YLR387C,YGR200C,0,-9.162986,0.10824853926897049,1.0,0.8238000273704529
YPL224C,YFR027W,0,-9.163205,0.10823681950569153,1.0,0.8238999843597412
YBR272C,YBR301W,0,-9.164567,0.10822510719299316,1.0,0.8240000009536743
YDR460W,YGR241C,0,-9.165027,0.1082133948802948,1.0,0.8241000175476074
YAR007C,YDR142C,0,-9.165553,0.10820169001817703,1.0,0.8241999745368958
YKL174C,YER063W,0,-9.166878,0.10818998515605927,1.0,0.8242999911308289
YML001W,YBR127C,0,-9.167983,0.1081782802939415,1.0,0.824400007724762
YHR176W,YGR238C,0,-9.168319,0.10816657543182373,1.0,0.8245000243186951
YBR120C,YJR135C,0,-9.170388,0.10815487802028656,1.0,0.8245999813079834
YDR495C,YAL029C,0,-9.171905,0.10814318060874939,1.0,0.8246999979019165
YBR269C,YDR466W,0,-9.172229,0.10813149064779282,1.0,0.8248000144958496
YOL018C,YNL158W,0,-9.172815,0.10811979323625565,1.0,0.8248999714851379
YPL003W,YCR047C,0,-9.174079,0.10810811072587967,1.0,0.824999988079071
YPL219W,YMR186W,0,-9.174405,0.1080964207649231,1.0,0.8251000046730042
YDL145C,YLR176C,0,-9.175639,0.10808473825454712,1.0,0.8252000212669373
YOR384W,YNL316C,0,-9.178151,0.10807305574417114,1.0,0.8252999782562256
YDR030C,YBL007C,0,-9.178639,0.10806138068437576,1.0,0.8253999948501587
YBR058C-A,YJL214W,0,-9.178733,0.10804970562458038,1.0,0.8255000114440918
YML127W,YJL162C,0,-9.179334,0.108038030564785,1.0,0.8256000280380249
YJR048W,YPR026W,0,-9.179632,0.10802635550498962,1.0,0.8256999850273132
YJL141C,YOR027W,0,-9.180191,0.10801468789577484,1.0,0.8258000016212463
YMR250W,YPR038W,0,-9.180857,0.10800302773714066,1.0,0.8259000182151794
YMR200W,YKL079W,0,-9.180859,0.10799136012792587,1.0,0.8259999752044678
YMR021C,YPL079W,0,-9.182344,0.10797969996929169,1.0,0.8260999917984009
YCR047C,YBL015W,0,-9.187794,0.1079680398106575,1.0,0.826200008392334
YKL008C,YOR123C,0,-9.189161,0.10795638710260391,1.0,0.8263000249862671
YGL186C,YPR018W,0,-9.189325,0.10794473439455032,1.0,0.8263999819755554
YAL010C,YDR285W,0,-9.1900625,0.10793308168649673,1.0,0.8264999985694885
YOR321W,YML064C,0,-9.190315,0.10792143642902374,1.0,0.8266000151634216
YPL190C,YMR014W,0,-9.192479,0.10790978372097015,1.0,0.82669997215271
YIL044C,YFL003C,0,-9.193409,0.10789814591407776,1.0,0.8267999887466431
YAR008W,YBR019C,0,-9.194753,0.10788650065660477,1.0,0.8269000053405762
YPL183W-A,YMR172W,0,-9.196328,0.10787486284971237,1.0,0.8270000219345093
YDR100W,YBR050C,0,-9.197148,0.10786323249340057,1.0,0.8270999789237976
YGR183C,YDR322W,0,-9.197486,0.10785159468650818,1.0,0.8271999955177307
YBL063W,YFR004W,0,-9.202607,0.10783996433019638,1.0,0.8273000121116638
YMR188C,YAR002W,0,-9.20309,0.10782833397388458,1.0,0.8274000287055969
YGR007W,YGR098C,0,-9.204581,0.10781671106815338,1.0,0.8274999856948853
YER100W,YDR129C,0,-9.205031,0.10780508816242218,1.0,0.8276000022888184
YNL064C,YDR378C,0,-9.205625,0.10779346525669098,1.0,0.8277000188827515
YLR305C,YGL178W,0,-9.206203,0.10778184980154037,1.0,0.8277999758720398
YML005W,YER174C,0,-9.207385,0.10777023434638977,1.0,0.8278999924659729
YML094W,YLR220W,0,-9.207424,0.10775861889123917,1.0,0.828000009059906
YKL017C,YOR274W,0,-9.210615,0.10774701088666916,1.0,0.8281000256538391
YER033C,YGR028W,0,-9.211337,0.10773540288209915,1.0,0.8281999826431274
YOR386W,YER018C,0,-9.21148,0.10772379487752914,1.0,0.8282999992370605
YHR102W,YDL021W,0,-9.216805,0.10771219432353973,1.0,0.8284000158309937
YJR051W,YLR363C,0,-9.218165,0.10770059376955032,1.0,0.828499972820282
YBL016W,YER001W,0,-9.218656,0.10768899321556091,1.0,0.8285999894142151
YDL192W,YGL142C,0,-9.223792,0.1076774001121521,1.0,0.8287000060081482
YML114C,YOL064C,0,-9.22457,0.10766580700874329,1.0,0.8288000226020813
YGL134W,YCR091W,0,-9.224584,0.10765421390533447,1.0,0.8288999795913696
YNL107W,YHR101C,0,-9.224931,0.10764262825250626,1.0,0.8289999961853027
YBR123C,YDR292C,0,-9.225236,0.10763104259967804,1.0,0.8291000127792358
YBR123C,YNL180C,0,-9.225351,0.10761945694684982,1.0,0.829200029373169
YHR147C,YDL065C,0,-9.228373,0.1076078787446022,1.0,0.8292999863624573
YPL099C,YIL146C,0,-9.228557,0.10759630054235458,1.0,0.8294000029563904
YPL161C,YDR295C,0,-9.231322,0.10758472234010696,1.0,0.8295000195503235
YKL008C,YPR155C,0,-9.232354,0.10757315158843994,1.0,0.8295999765396118
YHR172W,YLL062C,0,-9.234662,0.10756158083677292,1.0,0.8296999931335449
YHR117W,YNL025C,0,-9.236811,0.1075500100851059,1.0,0.829800009727478
YOL116W,YML095C,0,-9.236836,0.10753844678401947,1.0,0.8299000263214111
YHR036W,YKL149C,0,-9.237102,0.10752688348293304,1.0,0.8299999833106995
YJL207C,YDR308C,0,-9.237994,0.10751532018184662,1.0,0.8300999999046326
YLL013C,YDL248W,0,-9.238951,0.10750376433134079,1.0,0.8302000164985657
YGR155W,YFR041C,0,-9.241496,0.10749220848083496,1.0,0.830299973487854
YBR179C,YDR322W,0,-9.244229,0.10748065263032913,1.0,0.8303999900817871
YMR278W,YOR159C,0,-9.244737,0.1074691042304039,1.0,0.8305000066757202
YPR108W,YBR019C,0,-9.244943,0.10745755583047867,1.0,0.8306000232696533
YLR360W,YLR153C,0,-9.245461,0.10744600743055344,1.0,0.8306999802589417
YBR065C,YLR147C,0,-9.245857,0.1074344664812088,1.0,0.8307999968528748
YPR028W,YPL064C,0,-9.24657,0.10742292553186417,1.0,0.8309000134468079
YER103W,YOR007C,0,-9.247581,0.10741138458251953,1.0,0.8309999704360962
YJL102W,YMR284W,0,-9.247663,0.1073998510837555,1.0,0.8310999870300293
YHR039C-A,YLR020C,0,-9.24772,0.10738831758499146,1.0,0.8312000036239624
YML034W,YCR067C,0,-9.2479,0.10737678408622742,1.0,0.8313000202178955
YLR453C,YMR079W,0,-9.248246,0.10736525803804398,1.0,0.8313999772071838
YHL019C,YPR057W,0,-9.248528,0.10735373198986053,1.0,0.8314999938011169
YHL003C,YCL055W,0,-9.249077,0.1073422059416771,1.0,0.83160001039505
YLR131C,YBL068W,0,-9.249182,0.10733068734407425,1.0,0.8317000269889832
YJL111W,YBR050C,0,-9.249203,0.1073191687464714,1.0,0.8317999839782715
YPL180W,YDR261C,0,-9.249221,0.10730765014886856,1.0,0.8319000005722046
YKR035W-A,YIL056W,0,-9.251855,0.10729613900184631,1.0,0.8320000171661377
YDL215C,YKL094W,0,-9.252184,0.10728462785482407,1.0,0.832099974155426
YNL238W,YNR041C,0,-9.252573,0.10727311670780182,1.0,0.8321999907493591
YPR133W-A,YKR003W,0,-9.252691,0.10726161301136017,1.0,0.8323000073432922
YOR095C,YCL040W,0,-9.252998,0.10725010931491852,1.0,0.8324000239372253
YPL115C,YPR046W,0,-9.252999,0.10723860561847687,1.0,0.8324999809265137
YJR140C,YIL131C,0,-9.254026,0.10722710937261581,1.0,0.8325999975204468
YOL097C,YGL151W,0,-9.254258,0.10721561312675476,1.0,0.8327000141143799
YGL056C,YDL019C,0,-9.254584,0.10720411688089371,1.0,0.8327999711036682
YDR376W,YCL035C,0,-9.255424,0.10719262808561325,1.0,0.8328999876976013
YKL007W,YER144C,0,-9.255441,0.1071811392903328,1.0,0.8330000042915344
YNL103W,YDR233C,0,-9.256363,0.10716965049505234,1.0,0.8331000208854675
YPL230W,YJR005W,0,-9.257933,0.10715816915035248,1.0,0.8331999778747559
YDR214W,YGR171C,0,-9.260584,0.10714668035507202,1.0,0.833299994468689
YFR046C,YNL214W,0,-9.26229,0.10713520646095276,1.0,0.8334000110626221
YBR265W,YFL030W,0,-9.263522,0.1071237251162529,1.0,0.8335000276565552
YDL033C,YDR498C,0,-9.267579,0.10711225122213364,1.0,0.8335999846458435
YOR084W,YJL221C,0,-9.267918,0.10710078477859497,1.0,0.8337000012397766
YOR322C,YNL047C,0,-9.268417,0.10708931088447571,1.0,0.8338000178337097
YAL028W,YLR461W,0,-9.270468,0.10707784444093704,1.0,0.833899974822998
YBR243C,YNL099C,0,-9.270661,0.10706637799739838,1.0,0.8339999914169312
YGR222W,YPL180W,0,-9.270832,0.10705491900444031,1.0,0.8341000080108643
YLR038C,YDR484W,0,-9.270874,0.10704346001148224,1.0,0.8342000246047974
YDR350C,YGR165W,0,-9.27282,0.10703200101852417,1.0,0.8342999815940857
YLR018C,YFR007W,0,-9.273097,0.1070205494761467,1.0,0.8343999981880188
YHR191C,YMR072W,0,-9.273217,0.10700909793376923,1.0,0.8345000147819519
YDR443C,YPL156C,0,-9.273491,0.10699764639139175,1.0,0.8345999717712402
YGL083W,YMR179W,0,-9.2748995,0.10698620229959488,1.0,0.8346999883651733
YML011C,YGL195W,0,-9.276113,0.10697475075721741,1.0,0.8348000049591064
YGL216W,YER057C,0,-9.277743,0.10696331411600113,1.0,0.8349000215530396
YNL262W,YDL120W,0,-9.277848,0.10695187002420425,1.0,0.8349999785423279
YDR314C,YBR265W,0,-9.280287,0.10694043338298798,1.0,0.835099995136261
YJR105W,YOR259C,0,-9.281495,0.1069289967417717,1.0,0.8352000117301941
YJL035C,YDR292C,0,-9.282729,0.10691756755113602,1.0,0.8353000283241272
YOR125C,YGR188C,0,-9.282958,0.10690613836050034,1.0,0.8353999853134155
YDR072C,YIL076W,0,-9.28444,0.10689470916986465,1.0,0.8355000019073486
YOR096W,YNR055C,0,-9.284856,0.10688327997922897,1.0,0.8356000185012817
YOR207C,YBL060W,0,-9.285223,0.10687185823917389,1.0,0.8356999754905701
YOL032W,YBL066C,0,-9.28527,0.1068604439496994,1.0,0.8357999920845032
YPL049C,YGL091C,0,-9.285983,0.10684902220964432,1.0,0.8359000086784363
YLR006C,YLR397C,0,-9.286309,0.10683760792016983,1.0,0.8360000252723694
YIL039W,YJL214W,0,-9.286855,0.10682619363069534,1.0,0.8360999822616577
YFL028C,YBR082C,0,-9.28741,0.10681478679180145,1.0,0.8361999988555908
YER068W,YNL054W,0,-9.2874365,0.10680337250232697,1.0,0.8363000154495239
YFR048W,YDL004W,0,-9.287438,0.10679196566343307,1.0,0.8363999724388123
YER050C,YDR236C,0,-9.287748,0.10678056627511978,1.0,0.8364999890327454
YPR193C,YBR073W,0,-9.2918825,0.10676916688680649,1.0,0.8366000056266785
YAL022C,YLR147C,0,-9.292143,0.1067577674984932,1.0,0.8367000222206116
YBR156C,YNL129W,0,-9.292225,0.1067463681101799,1.0,0.8367999792098999
YKL181W,YGR098C,0,-9.292304,0.1067349761724472,1.0,0.836899995803833
YKR101W,YGR192C,0,-9.29533,0.10672358423471451,1.0,0.8370000123977661
YJR080C,YDR097C,0,-9.295361,0.10671219974756241,1.0,0.8371000289916992
YDR368W,YBL005W,0,-9.295618,0.10670080780982971,1.0,0.8371999859809875
YMR224C,YNL027W,0,-9.295632,0.10668943077325821,1.0,0.8373000025749207
YDR221W,YPL259C,0,-9.296336,0.10667804628610611,1.0,0.8374000191688538
YJR091C,YPL271W,0,-9.296868,0.1066666692495346,1.0,0.8374999761581421
YDR389W,YNR048W,0,-9.297038,0.1066552922129631,1.0,0.8375999927520752
YKL110C,YKR068C,0,-9.297396,0.1066439151763916,1.0,0.8377000093460083
YDR047W,YOL063C,0,-9.2995405,0.1066325455904007,1.0,0.8378000259399414
YOR075W,YLR397C,0,-9.301953,0.10662117600440979,1.0,0.8378999829292297
YER104W,YEL062W,0,-9.3026,0.10660980641841888,1.0,0.8379999995231628
YOR058C,YML086C,0,-9.305124,0.10659844428300858,1.0,0.838100016117096
YMR169C,YFL017C,0,-9.306773,0.10658708214759827,1.0,0.8381999731063843
YGR062C,YEL017C-A,0,-9.308263,0.10657572001218796,1.0,0.8382999897003174
YPL244C,YAL024C,0,-9.308826,0.10656436532735825,1.0,0.8384000062942505
YAL041W,YER020W,0,-9.309334,0.10655301064252853,1.0,0.8385000228881836
YPR134W,YPL253C,0,-9.310685,0.10654165595769882,1.0,0.8385999798774719
YMR138W,YCR028C,0,-9.310706,0.10653030872344971,1.0,0.838699996471405
YOR165W,YDR169C,0,-9.312732,0.10651896148920059,1.0,0.8388000130653381
YPR082C,YMR038C,0,-9.313053,0.10650761425495148,1.0,0.8389000296592712
YBR289W,YGL107C,0,-9.316529,0.10649627447128296,1.0,0.8389999866485596
YMR073C,YMR054W,0,-9.316565,0.10648493468761444,1.0,0.8391000032424927
YOR127W,YBR192W,0,-9.317524,0.10647359490394592,1.0,0.8392000198364258
YKL156W,YPR164W,0,-9.320974,0.106462262570858,1.0,0.8392999768257141
YMR145C,YKL092C,0,-9.321264,0.10645092278718948,1.0,0.8393999934196472
YLR457C,YBR009C,0,-9.321403,0.10643959790468216,1.0,0.8395000100135803
YHR136C,YHR171W,0,-9.322392,0.10642826557159424,1.0,0.8396000266075134
YBL016W,YMR100W,0,-9.322697,0.10641694068908691,1.0,0.8396999835968018
YJR090C,YMR172W,0,-9.322713,0.10640561580657959,1.0,0.8398000001907349
YFR048W,YPR120C,0,-9.323456,0.10639429837465286,1.0,0.839900016784668
YMR192W,YOL148C,0,-9.323927,0.10638298094272614,1.0,0.8399999737739563
YLR272C,YKL012W,0,-9.324248,0.10637166351079941,1.0,0.8400999903678894
YML034W,YPR038W,0,-9.3254385,0.10636034607887268,1.0,0.8402000069618225
YNL265C,YDL056W,0,-9.326915,0.10634903609752655,1.0,0.8403000235557556
YER103W,YKR061W,0,-9.327485,0.10633772611618042,1.0,0.840399980545044
YPR068C,YLR220W,0,-9.328109,0.10632642358541489,1.0,0.840499997138977
YOR332W,YLR105C,0,-9.328358,0.10631512105464935,1.0,0.8406000137329102
YAL014C,YJR040W,0,-9.329345,0.10630381852388382,1.0,0.8406999707221985
YDR113C,YPL234C,0,-9.331675,0.10629251599311829,1.0,0.8407999873161316
YKL119C,YDR082W,0,-9.33474,0.10628122091293335,1.0,0.8409000039100647
YDR221W,YFR031C-A,0,-9.33561,0.10626992583274841,1.0,0.8410000205039978
YKR061W,YKL139W,0,-9.336568,0.10625863075256348,1.0,0.8410999774932861
YJR051W,YCR028C,0,-9.33855,0.10624734312295914,1.0,0.8411999940872192
YLR396C,YHR157W,0,-9.342247,0.1062360554933548,1.0,0.8413000106811523
YDR284C,YOL132W,0,-9.342565,0.10622477531433105,1.0,0.8414000272750854
YKR062W,YDR540C,0,-9.344266,0.10621348768472672,1.0,0.8414999842643738
YOR030W,YNR019W,0,-9.34548,0.10620220750570297,1.0,0.8416000008583069
YPR156C,YLR103C,0,-9.346032,0.10619093477725983,1.0,0.84170001745224
YMR137C,YLR174W,0,-9.346909,0.10617965459823608,1.0,0.8417999744415283
YPL175W,YLR102C,0,-9.350051,0.10616838186979294,1.0,0.8418999910354614
YJR052W,YIL109C,0,-9.350488,0.10615710914134979,1.0,0.8420000076293945
YML099C,YIL105C,0,-9.351009,0.10614584386348724,1.0,0.8421000242233276
YFL024C,YDR337W,0,-9.354358,0.1061345785856247,1.0,0.842199981212616
YIL140W,YOR034C,0,-9.354564,0.10612331330776215,1.0,0.8422999978065491
YGR141W,YJR082C,0,-9.356462,0.1061120554804802,1.0,0.8424000144004822
YGR013W,YJR065C,0,-9.356477,0.10610079765319824,1.0,0.8424999713897705
YPL006W,YNL329C,0,-9.364271,0.10608953982591629,1.0,0.8425999879837036
YCR004C,YOR216C,0,-9.366271,0.10607828944921494,1.0,0.8427000045776367
YFL046W,YGL196W,0,-9.367097,0.10606703162193298,1.0,0.8428000211715698
YHR026W,YJR076C,0,-9.367696,0.10605578869581223,1.0,0.8428999781608582
YER094C,YGL179C,0,-9.368375,0.10604453831911087,1.0,0.8429999947547913
YDR460W,YPL115C,0,-9.369425,0.10603329539299011,1.0,0.8431000113487244
YLR309C,YGR037C,0,-9.370141,0.10602205246686935,1.0,0.8432000279426575
YLR289W,YMR188C,0,-9.375024,0.1060108095407486,1.0,0.8432999849319458
YJL134W,YOR067C,0,-9.375239,0.10599957406520844,1.0,0.8434000015258789
YDR504C,YHR187W,0,-9.376811,0.10598833858966827,1.0,0.843500018119812
YPL055C,YPL159C,0,-9.378194,0.10597711056470871,1.0,0.8435999751091003
YOR388C,YOL042W,0,-9.378616,0.10596588253974915,1.0,0.8436999917030334
YDR354W,YDR054C,0,-9.380025,0.10595465451478958,1.0,0.8438000082969666
YJL084C,YNL130C,0,-9.380089,0.10594342648983002,1.0,0.8439000248908997
YGL035C,YOR005C,0,-9.381322,0.10593220591545105,1.0,0.843999981880188
YAL022C,YGL099W,0,-9.382017,0.10592098534107208,1.0,0.8440999984741211
YJL072C,YBR297W,0,-9.382201,0.10590976476669312,1.0,0.8442000150680542
YNL069C,YMR041C,0,-9.383639,0.10589855164289474,1.0,0.8442999720573425
YDR085C,YNL123W,0,-9.383682,0.10588733851909637,1.0,0.8443999886512756
YJR155W,YDR341C,0,-9.391364,0.105876125395298,1.0,0.8445000052452087
YBR018C,YDL120W,0,-9.391925,0.10586491972208023,1.0,0.8446000218391418
YDL168W,YPL087W,0,-9.394274,0.10585370659828186,1.0,0.8446999788284302
YFR026C,YNL025C,0,-9.394996,0.10584250837564468,1.0,0.8447999954223633
YGL240W,YDR482C,0,-9.395001,0.10583130270242691,1.0,0.8449000120162964
YLR291C,YJR076C,0,-9.397106,0.10582010447978973,1.0,0.8450000286102295
YGR060W,YNL239W,0,-9.399647,0.10580890625715256,1.0,0.8450999855995178
YJL019W,YAL032C,0,-9.403033,0.10579771548509598,1.0,0.8452000021934509
YPL005W,YLL013C,0,-9.404344,0.1057865247130394,1.0,0.845300018787384
YOR231W,YEL054C,0,-9.405362,0.10577533394098282,1.0,0.8453999757766724
YFL021W,YBL060W,0,-9.407807,0.10576414316892624,1.0,0.8454999923706055
YPL032C,YNL172W,0,-9.410789,0.10575295984745026,1.0,0.8456000089645386
YMR006C,YBL060W,0,-9.416352,0.10574177652597427,1.0,0.8457000255584717
YPR132W,YKR008W,0,-9.417325,0.10573060065507889,1.0,0.84579998254776
YKR052C,YPL188W,0,-9.420613,0.1057194173336029,1.0,0.8458999991416931
YOL138C,YEL051W,0,-9.4210205,0.10570824891328812,1.0,0.8460000157356262
YBR212W,YER144C,0,-9.4213295,0.10569707304239273,1.0,0.8460999727249146
YLR014C,YOR123C,0,-9.421708,0.10568590462207794,1.0,0.8461999893188477
YDL064W,YLR182W,0,-9.423713,0.10567473620176315,1.0,0.8463000059127808
YDR386W,YFR029W,0,-9.4240265,0.10566356778144836,1.0,0.8464000225067139
YOL130W,YCR008W,0,-9.426549,0.10565240681171417,1.0,0.8464999794960022
YFL036W,YDL120W,0,-9.432372,0.10564124584197998,1.0,0.8465999960899353
YOL138C,YOR383C,0,-9.433624,0.10563008487224579,1.0,0.8467000126838684
YAL048C,YHR010W,0,-9.433733,0.1056189239025116,1.0,0.8468000292778015
YPL233W,YBR160W,0,-9.434552,0.105607770383358,1.0,0.8468999862670898
YNR035C,YMR230W,0,-9.435667,0.105596624314785,1.0,0.847000002861023
YIL095W,YLR007W,0,-9.438149,0.10558547079563141,1.0,0.847100019454956
YNL159C,YBL033C,0,-9.438872,0.10557432472705841,1.0,0.8471999764442444
YMR250W,YDR381W,0,-9.4401455,0.10556317865848541,1.0,0.8472999930381775
YGR209C,YAL017W,0,-9.44101,0.10555204004049301,1.0,0.8474000096321106
YPL250C,YDR188W,0,-9.44239,0.10554089397192001,1.0,0.8475000262260437
YPL049C,YLL010C,0,-9.44332,0.10552976280450821,1.0,0.847599983215332
YJL029C,YHR101C,0,-9.444035,0.10551862418651581,1.0,0.8476999998092651
YDL141W,YNL274C,0,-9.447583,0.105507493019104,1.0,0.8478000164031982
YPR058W,YJR032W,0,-9.44773,0.1054963618516922,1.0,0.8478999733924866
YJL053W,YBR120C,0,-9.448319,0.1054852306842804,1.0,0.8479999899864197
YGL142C,YOR087W,0,-9.448522,0.10547410696744919,1.0,0.8481000065803528
YMR075W,YDR139C,0,-9.44868,0.10546298325061798,1.0,0.8482000231742859
YGL237C,YCR105W,0,-9.449279,0.10545185953378677,1.0,0.8482999801635742
YGR178C,YJL012C,0,-9.450358,0.10544074326753616,1.0,0.8483999967575073
YBL055C,YER164W,0,-9.450425,0.10542962700128555,1.0,0.8485000133514404
YLR127C,YDR316W,0,-9.451615,0.10541851073503494,1.0,0.8485999703407288
YER144C,YDR303C,0,-9.452201,0.10540740191936493,1.0,0.8486999869346619
YDR320C-A,YIL066C,0,-9.453151,0.10539629310369492,1.0,0.848800003528595
YLR258W,YOR269W,0,-9.454503,0.1053851842880249,1.0,0.8489000201225281
YPL057C,YER024W,0,-9.456464,0.10537407547235489,1.0,0.8489999771118164
YER102W,YBL085W,0,-9.457768,0.10536297410726547,1.0,0.8490999937057495
YLR181C,YLR277C,0,-9.457866,0.10535187274217606,1.0,0.8492000102996826
YIL026C,YHR123W,0,-9.45892,0.10534077882766724,1.0,0.8493000268936157
YER119C,YKL117W,0,-9.46073,0.10532968491315842,1.0,0.849399983882904
YOR285W,YML026C,0,-9.461089,0.1053185909986496,1.0,0.8495000004768372
YNL224C,YEL005C,0,-9.463486,0.10530749708414078,1.0,0.8496000170707703
YKL192C,YDL101C,0,-9.464192,0.10529641062021255,1.0,0.8496999740600586
YDR403W,YBR043C,0,-9.464632,0.10528532415628433,1.0,0.8497999906539917
YNL293W,YMR306W,0,-9.46491,0.10527423769235611,1.0,0.8499000072479248
YGR256W,YHR094C,0,-9.465034,0.10526315867900848,1.0,0.8500000238418579
YDR334W,YBL101C,0,-9.466155,0.10525207966566086,1.0,0.8500999808311462
YCL057W,YML027W,0,-9.468601,0.10524100065231323,1.0,0.8501999974250793
YCL033C,YDR484W,0,-9.470692,0.1052299290895462,1.0,0.8503000140190125
YOR086C,YGL219C,0,-9.472123,0.10521885752677917,1.0,0.8503999710083008
YCR026C,YLL039C,0,-9.473236,0.10520778596401215,1.0,0.8504999876022339
YLR378C,YOR117W,0,-9.474111,0.10519671440124512,1.0,0.850600004196167
YOR058C,YFR052W,0,-9.477012,0.10518565028905869,1.0,0.8507000207901001
YDL231C,YDL117W,0,-9.47747,0.10517458617687225,1.0,0.8507999777793884
YBR195C,YML109W,0,-9.477777,0.10516352951526642,1.0,0.8508999943733215
YOR328W,YCL005W,0,-9.478326,0.10515247285366058,1.0,0.8510000109672546
YDR320C-A,YDR493W,0,-9.480567,0.10514141619205475,1.0,0.8511000275611877
YLR069C,YNL036W,0,-9.480689,0.10513035953044891,1.0,0.8511999845504761
YHR042W,YLR011W,0,-9.482692,0.10511931031942368,1.0,0.8513000011444092
YPL103C,YJL128C,0,-9.484053,0.10510826110839844,1.0,0.8514000177383423
YLR020C,YNL172W,0,-9.485969,0.1050972118973732,1.0,0.8514999747276306
YOL026C,YOR066W,0,-9.486478,0.10508617013692856,1.0,0.8515999913215637
YBR166C,YMR283C,0,-9.486588,0.10507512837648392,1.0,0.8517000079154968
YML106W,YOL044W,0,-9.487609,0.10506408661603928,1.0,0.8518000245094299
YCR046C,YOR069W,0,-9.487799,0.10505305230617523,1.0,0.8518999814987183
YGR092W,YPL160W,0,-9.487893,0.10504201799631119,1.0,0.8519999980926514
YPR075C,YLR370C,0,-9.488118,0.10503098368644714,1.0,0.8521000146865845
YNL082W,YDR084C,0,-9.488589,0.1050199568271637,1.0,0.8521999716758728
YER178W,YOR154W,0,-9.488773,0.10500892251729965,1.0,0.8522999882698059
YGL012W,YGL115W,0,-9.48902,0.1049979031085968,1.0,0.852400004863739
YMR225C,YDR503C,0,-9.489998,0.10498687624931335,1.0,0.8525000214576721
YPL265W,YNL037C,0,-9.490016,0.1049758568406105,1.0,0.8525999784469604
YAL016W,YMR182C,0,-9.490277,0.10496483743190765,1.0,0.8526999950408936
YNR001C,YIL005W,0,-9.490321,0.1049538180232048,1.0,0.8528000116348267
YOR373W,YPR024W,0,-9.491272,0.10494280606508255,1.0,0.8529000282287598
YJL100W,YMR263W,0,-9.492515,0.1049317941069603,1.0,0.8529999852180481
YPR133C,YER012W,0,-9.494685,0.10492078214883804,1.0,0.8531000018119812
YNL298W,YNL227C,0,-9.495049,0.10490977764129639,1.0,0.8532000184059143
YER124C,YIL159W,0,-9.495116,0.10489877313375473,1.0,0.8532999753952026
YNL103W,YML110C,0,-9.4954195,0.10488776862621307,1.0,0.8533999919891357
YHR039C-A,YLL048C,0,-9.495524,0.10487677156925201,1.0,0.8535000085830688
YGL002W,YML006C,0,-9.49569,0.10486577451229095,1.0,0.853600025177002
YJL073W,YBL082C,0,-9.495999,0.1048547774553299,1.0,0.8536999821662903
YIL105C,YER028C,0,-9.497673,0.10484378039836884,1.0,0.8537999987602234
YDR334W,YBR230C,0,-9.499253,0.10483279079198837,1.0,0.8539000153541565
YNR006W,YNL139C,0,-9.500977,0.10482180118560791,1.0,0.8539999723434448
YKR080W,YNL041C,0,-9.503295,0.10481081902980804,1.0,0.8540999889373779
YCL039W,YBR038W,0,-9.504242,0.10479982942342758,1.0,0.854200005531311
YNL275W,YML022W,0,-9.505952,0.10478884726762772,1.0,0.8543000221252441
YAL001C,YGR247W,0,-9.506631,0.10477787256240845,1.0,0.8543999791145325
YIL150C,YNR019W,0,-9.507147,0.10476689040660858,1.0,0.8544999957084656
YML078W,YKL203C,0,-9.51133,0.10475591570138931,1.0,0.8546000123023987
YNL152W,YGR223C,0,-9.512591,0.10474494844675064,1.0,0.8547000288963318
YFL036W,YGL166W,0,-9.51509,0.10473397374153137,1.0,0.8547999858856201
YDR167W,YHR079C-A,0,-9.516572,0.1047230064868927,1.0,0.8549000024795532
YOR127W,YGR092W,0,-9.517198,0.10471203923225403,1.0,0.8550000190734863
YJL223C,YCR098C,0,-9.518334,0.10470107942819595,1.0,0.8550999760627747
YKL103C,YOR265W,0,-9.520612,0.10469011962413788,1.0,0.8551999926567078
YDL193W,YIL035C,0,-9.521073,0.1046791598200798,1.0,0.8553000092506409
YBR131W,YBL008W,0,-9.521613,0.10466820001602173,1.0,0.855400025844574
YJL209W,YER103W,0,-9.524194,0.10465724766254425,1.0,0.8554999828338623
YGL011C,YMR092C,0,-9.5296335,0.10464629530906677,1.0,0.8555999994277954
YKL067W,YAL055W,0,-9.5318365,0.1046353429555893,1.0,0.8557000160217285
YPL189W,YHR083W,0,-9.532563,0.10462439805269241,1.0,0.8557999730110168
YEL051W,YGL044C,0,-9.534026,0.10461345314979553,1.0,0.85589998960495
YDR151C,YLR066W,0,-9.534228,0.10460250824689865,1.0,0.8560000061988831
YHR107C,YPR079W,0,-9.536725,0.10459157079458237,1.0,0.8561000227928162
YDR435C,YDR347W,0,-9.537223,0.10458063334226608,1.0,0.8561999797821045
YKR084C,YGR070W,0,-9.539014,0.1045696958899498,1.0,0.8562999963760376
YAL039C,YLR453C,0,-9.540141,0.10455875843763351,1.0,0.8564000129699707
YHL022C,YNL167C,0,-9.542014,0.10454782843589783,1.0,0.8565000295639038
YGL051W,YBR296C,0,-9.543067,0.10453689843416214,1.0,0.8565999865531921
YBL082C,YCR008W,0,-9.545293,0.10452597588300705,1.0,0.8567000031471252
YBR037C,YNL169C,0,-9.545402,0.10451505333185196,1.0,0.8568000197410583
YPR075C,YMR273C,0,-9.54656,0.10450413078069687,1.0,0.8568999767303467
YNR030W,YNL229C,0,-9.54679,0.10449320822954178,1.0,0.8569999933242798
YLL004W,YOR140W,0,-9.550347,0.10448229312896729,1.0,0.8571000099182129
YOR329C,YPR006C,0,-9.550904,0.10447137802839279,1.0,0.857200026512146
YJR019C,YNL309W,0,-9.555437,0.1044604629278183,1.0,0.8572999835014343
YER113C,YIR028W,0,-9.555669,0.1044495478272438,1.0,0.8574000000953674
YNL145W,YLR116W,0,-9.557092,0.10443864017724991,1.0,0.8575000166893005
YOL016C,YPL227C,0,-9.558618,0.10442773252725601,1.0,0.8575999736785889
YIL101C,YOR067C,0,-9.558761,0.10441683232784271,1.0,0.857699990272522
YLR353W,YNR002C,0,-9.560944,0.10440593212842941,1.0,0.8578000068664551
YER087C-B,YKL114C,0,-9.56145,0.10439503192901611,1.0,0.8579000234603882
YJR101W,YFL005W,0,-9.561719,0.10438413172960281,1.0,0.8579999804496765
YGL002W,YPL098C,0,-9.563565,0.10437323898077011,1.0,0.8580999970436096
YOR260W,YPR141C,0,-9.563577,0.10436234623193741,1.0,0.8582000136375427
YGR261C,YGL121C,0,-9.56606,0.1043514534831047,1.0,0.858299970626831
YHR063C,YDL178W,0,-9.566209,0.1043405681848526,1.0,0.8583999872207642
YJL091C,YNL333W,0,-9.567288,0.1043296828866005,1.0,0.8585000038146973
YKL025C,YMR089C,0,-9.569043,0.10431879758834839,1.0,0.8586000204086304
YJR016C,YLR332W,0,-9.571085,0.10430791974067688,1.0,0.8586999773979187
YNL239W,YMR257C,0,-9.571466,0.10429703444242477,1.0,0.8587999939918518
YKL129C,YOR250C,0,-9.571507,0.10428616404533386,1.0,0.8589000105857849
YGL062W,YDL116W,0,-9.571591,0.10427528619766235,1.0,0.859000027179718
YDL006W,YBR043C,0,-9.574354,0.10426441580057144,1.0,0.8590999841690063
YCR044C,YNR043W,0,-9.574552,0.10425354540348053,1.0,0.8592000007629395
YDR030C,YCR020W-B,0,-9.579076,0.10424267500638962,1.0,0.8593000173568726
YJR099W,YDR137W,0,-9.583371,0.1042318120598793,1.0,0.8593999743461609
YOL095C,YJL093C,0,-9.5846195,0.10422094911336899,1.0,0.859499990940094
YOR018W,YHR077C,0,-9.585271,0.10421008616685867,1.0,0.8596000075340271
YGL166W,YDR004W,0,-9.586892,0.10419923067092896,1.0,0.8597000241279602
YLR305C,YDL165W,0,-9.589172,0.10418837517499924,1.0,0.8597999811172485
YJR055W,YNL188W,0,-9.589286,0.10417751967906952,1.0,0.8598999977111816
YBL090W,YOR125C,0,-9.589772,0.1041666641831398,1.0,0.8600000143051147
YPL072W,YCR017C,0,-9.590172,0.10415581613779068,1.0,0.8600999712944031
YOR142W,YLR172C,0,-9.592636,0.10414496809244156,1.0,0.8601999878883362
YIL033C,YKR061W,0,-9.592637,0.10413412749767303,1.0,0.8603000044822693
YJL053W,YHR175W,0,-9.595119,0.10412327945232391,1.0,0.8604000210762024
YNL160W,YGL044C,0,-9.595151,0.10411243885755539,1.0,0.8604999780654907
YMR268C,YDR004W,0,-9.596688,0.10410160571336746,1.0,0.8605999946594238
YER093C,YGL212W,0,-9.598313,0.10409076511859894,1.0,0.8607000112533569
YOR059C,YDL122W,0,-9.59864,0.10407993197441101,1.0,0.86080002784729
YGR141W,YDR529C,0,-9.601389,0.10406909883022308,1.0,0.8608999848365784
YJL143W,YLR388W,0,-9.601473,0.10405827313661575,1.0,0.8610000014305115
YNL219C,YPL174C,0,-9.606473,0.10404744744300842,1.0,0.8611000180244446
YLR016C,YJR153W,0,-9.606752,0.10403662174940109,1.0,0.8611999750137329
YGR278W,YLR364W,0,-9.608252,0.10402579605579376,1.0,0.861299991607666
YJL024C,YDR044W,0,-9.611371,0.10401497781276703,1.0,0.8614000082015991
YMR105C,YLR309C,0,-9.6115465,0.1040041595697403,1.0,0.8615000247955322
YDR527W,YPL176C,0,-9.613151,0.10399334132671356,1.0,0.8615999817848206
YGR084C,YNL243W,0,-9.615196,0.10398253053426743,1.0,0.8616999983787537
YNL196C,YBL037W,0,-9.615865,0.10397171974182129,1.0,0.8618000149726868
YJL074C,YNR008W,0,-9.616746,0.10396090894937515,1.0,0.8618999719619751
YJL141C,YDR027C,0,-9.6186495,0.10395010560750961,1.0,0.8619999885559082
YKL192C,YHR114W,0,-9.619667,0.10393930226564407,1.0,0.8621000051498413
YIL040W,YLR433C,0,-9.6201315,0.10392849892377853,1.0,0.8622000217437744
YDR512C,YPL233W,0,-9.620612,0.103917695581913,1.0,0.8622999787330627
YKR014C,YJR005W,0,-9.623444,0.10390689969062805,1.0,0.8623999953269958
YBR119W,YLR310C,0,-9.624156,0.10389610379934311,1.0,0.862500011920929
YMR120C,YKL113C,0,-9.625915,0.10388530790805817,1.0,0.8626000285148621
YGR014W,YOR299W,0,-9.627986,0.10387451946735382,1.0,0.8626999855041504
YDL193W,YGR036C,0,-9.629283,0.10386373102664948,1.0,0.8628000020980835
YPR198W,YHR191C,0,-9.63073,0.10385294258594513,1.0,0.8629000186920166
YKR080W,YPL259C,0,-9.631789,0.10384216159582138,1.0,0.8629999756813049
YLL002W,YJL192C,0,-9.63258,0.10383138060569763,1.0,0.863099992275238
YCR026C,YOR042W,0,-9.632718,0.10382059961557388,1.0,0.8632000088691711
YLR187W,YPR106W,0,-9.6332655,0.10380981862545013,1.0,0.8633000254631042
YGR260W,YOR158W,0,-9.63396,0.10379904508590698,1.0,0.8633999824523926
YER155C,YJR118C,0,-9.637313,0.10378827154636383,1.0,0.8634999990463257
YML062C,YDL044C,0,-9.642118,0.10377749800682068,1.0,0.8636000156402588
YGR198W,YDR329C,0,-9.643683,0.10376673191785812,1.0,0.8636999726295471
YDR155C,YHL047C,0,-9.644919,0.10375596582889557,1.0,0.8637999892234802
YOL027C,YNL123W,0,-9.646237,0.10374519973993301,1.0,0.8639000058174133
YGL066W,YDR328C,0,-9.646371,0.10373444110155106,1.0,0.8640000224113464
YJL155C,YHR076W,0,-9.646932,0.1037236824631691,1.0,0.8640999794006348
YGR212W,YMR088C,0,-9.649248,0.10371292382478714,1.0,0.8641999959945679
YLR013W,YCR009C,0,-9.650743,0.10370216518640518,1.0,0.864300012588501
YFL060C,YOR157C,0,-9.650998,0.10369141399860382,1.0,0.8644000291824341
YKR052C,YDR400W,0,-9.653921,0.10368066281080246,1.0,0.8644999861717224
YNL280C,YBL063W,0,-9.6539755,0.1036699116230011,1.0,0.8646000027656555
YLR256W,YGL044C,0,-9.653999,0.10365916788578033,1.0,0.8647000193595886
YLR007W,YDL087C,0,-9.654492,0.10364842414855957,1.0,0.864799976348877
YAL062W,YOR202W,0,-9.65461,0.1036376804113388,1.0,0.8648999929428101
YKR090W,YJL031C,0,-9.655937,0.10362694412469864,1.0,0.8650000095367432
YKR061W,YGL055W,0,-9.65728,0.10361620783805847,1.0,0.8651000261306763
YBR005W,YIL003W,0,-9.662778,0.1036054715514183,1.0,0.8651999831199646
YAL055W,YAL029C,0,-9.66422,0.10359473526477814,1.0,0.8652999997138977
YJL095W,YOR185C,0,-9.664276,0.10358400642871857,1.0,0.8654000163078308
YLL041C,YDR200C,0,-9.6644125,0.103573277592659,1.0,0.8654999732971191
YHR002W,YOR197W,0,-9.666061,0.10356254875659943,1.0,0.8655999898910522
YOL103W,YIL105C,0,-9.668383,0.10355182737112045,1.0,0.8657000064849854
YER103W,YER129W,0,-9.670815,0.10354110598564148,1.0,0.8658000230789185
YOR077W,YGL008C,0,-9.6711645,0.1035303846001625,1.0,0.8658999800682068
YJL155C,YBR193C,0,-9.671336,0.10351967066526413,1.0,0.8659999966621399
YDL193W,YGR244C,0,-9.672714,0.10350895673036575,1.0,0.866100013256073
YDL044C,YNL008C,0,-9.673548,0.10349824279546738,1.0,0.8661999702453613
YOL154W,YBR169C,0,-9.675086,0.103487528860569,1.0,0.8662999868392944
YPL121C,YIL033C,0,-9.681306,0.10347682237625122,1.0,0.8664000034332275
YBR067C,YHR166C,0,-9.681789,0.10346611589193344,1.0,0.8665000200271606
YLR080W,YOL119C,0,-9.683473,0.10345540940761566,1.0,0.866599977016449
YBR205W,YJR066W,0,-9.688986,0.10344471037387848,1.0,0.8666999936103821
YER172C,YOR014W,0,-9.690172,0.1034340113401413,1.0,0.8668000102043152
YMR311C,YNL129W,0,-9.690667,0.10342331230640411,1.0,0.8669000267982483
YKL020C,YIR015W,0,-9.690891,0.10341261327266693,1.0,0.8669999837875366
YOR332W,YIL027C,0,-9.692815,0.10340192168951035,1.0,0.8671000003814697
YJR064W,YDR304C,0,-9.693784,0.10339123010635376,1.0,0.8672000169754028
YDR320C-A,YGL084C,0,-9.694083,0.10338054597377777,1.0,0.8672999739646912
YEL052W,YJL140W,0,-9.69472,0.10336985439062119,1.0,0.8673999905586243
YBR260C,YPL243W,0,-9.695172,0.1033591702580452,1.0,0.8675000071525574
YNR052C,YLR383W,0,-9.695926,0.1033484935760498,1.0,0.8676000237464905
YBR054W,YER029C,0,-9.697011,0.10333780944347382,1.0,0.8676999807357788
YPL258C,YAR019C,0,-9.697375,0.10332713276147842,1.0,0.8677999973297119
YLL026W,YAL042W,0,-9.698731,0.10331645607948303,1.0,0.867900013923645
YKR090W,YBR038W,0,-9.70116,0.10330578684806824,1.0,0.8679999709129333
YOL133W,YNL227C,0,-9.701182,0.10329511761665344,1.0,0.8680999875068665
YKL175W,YGL112C,0,-9.701431,0.10328444838523865,1.0,0.8682000041007996
YLR013W,YJL035C,0,-9.703335,0.10327377915382385,1.0,0.8683000206947327
YPL258C,YOR372C,0,-9.705425,0.10326311737298965,1.0,0.868399977684021
YGL245W,YCR044C,0,-9.706589,0.10325245559215546,1.0,0.8684999942779541
YLR183C,YNL239W,0,-9.708648,0.10324179381132126,1.0,0.8686000108718872
YBL022C,YKL016C,0,-9.711318,0.10323113203048706,1.0,0.8687000274658203
YAL051W,YLL004W,0,-9.711578,0.10322047770023346,1.0,0.8687999844551086
YKL090W,YLR176C,0,-9.712006,0.10320982336997986,1.0,0.8689000010490417
YOR144C,YBR148W,0,-9.7121,0.10319917649030685,1.0,0.8690000176429749
YKL013C,YPR162C,0,-9.713218,0.10318852216005325,1.0,0.8690999746322632
YPL010W,YDR003W,0,-9.71336,0.10317787528038025,1.0,0.8691999912261963
YMR067C,YML091C,0,-9.7137785,0.10316723585128784,1.0,0.8693000078201294
YML013W,YBL055C,0,-9.714366,0.10315658897161484,1.0,0.8694000244140625
YKL214C,YML032C,0,-9.715442,0.10314594954252243,1.0,0.8694999814033508
YJL029C,YNL160W,0,-9.715821,0.10313531011343002,1.0,0.8695999979972839
YKL129C,YPR089W,0,-9.720986,0.10312467813491821,1.0,0.869700014591217
YDL127W,YDR082W,0,-9.721959,0.1031140461564064,1.0,0.8697999715805054
YNL294C,YNL227C,0,-9.722156,0.10310341417789459,1.0,0.8698999881744385
YPR089W,YML036W,0,-9.7228365,0.10309278219938278,1.0,0.8700000047683716
YGR041W,YNL300W,0,-9.724847,0.10308215767145157,1.0,0.8701000213623047
YLR360W,YBR129C,0,-9.725372,0.10307153314352036,1.0,0.870199978351593
YIL039W,YER035W,0,-9.725568,0.10306090861558914,1.0,0.8702999949455261
YDL204W,YGR118W,0,-9.7259035,0.10305029153823853,1.0,0.8704000115394592
YNR049C,YEL044W,0,-9.72786,0.10303966701030731,1.0,0.8705000281333923
YGR006W,YPL269W,0,-9.729793,0.10302905738353729,1.0,0.8705999851226807
YOR027W,YGL190C,0,-9.731732,0.10301844030618668,1.0,0.8707000017166138
YNR045W,YLR103C,0,-9.732299,0.10300783067941666,1.0,0.8708000183105469
YGR006W,YCR098C,0,-9.734912,0.10299722105264664,1.0,0.8708999752998352
YOR070C,YGL245W,0,-9.735385,0.10298661142587662,1.0,0.8709999918937683
YJL102W,YOR372C,0,-9.735673,0.1029760092496872,1.0,0.8711000084877014
YBR123C,YKR066C,0,-9.735736,0.10296540707349777,1.0,0.8712000250816345
YMR219W,YML094W,0,-9.737771,0.10295480489730835,1.0,0.8712999820709229
YER083C,YFR004W,0,-9.740308,0.10294420272111893,1.0,0.871399998664856
YBR037C,YER155C,0,-9.741409,0.1029336079955101,1.0,0.8715000152587891
YAL051W,YDL174C,0,-9.742063,0.10292301326990128,1.0,0.8715999722480774
YDL247W,YDR529C,0,-9.742981,0.10291241854429245,1.0,0.8716999888420105
YER048W-A,YCL035C,0,-9.748393,0.10290183126926422,1.0,0.8718000054359436
YGL212W,YHR187W,0,-9.74841,0.10289124399423599,1.0,0.8719000220298767
YIL072W,YCL014W,0,-9.750197,0.10288065671920776,1.0,0.871999979019165
YNL196C,YML060W,0,-9.750418,0.10287007689476013,1.0,0.8720999956130981
YGR096W,YPR007C,0,-9.750452,0.1028594970703125,1.0,0.8722000122070312
YGR253C,YPL262W,0,-9.752211,0.10284891724586487,1.0,0.8723000288009644
YJL084C,YGL151W,0,-9.753026,0.10283833742141724,1.0,0.8723999857902527
YJL087C,YFL060C,0,-9.754927,0.1028277650475502,1.0,0.8725000023841858
YIR022W,YMR232W,0,-9.758186,0.10281719267368317,1.0,0.8726000189781189
YKL010C,YER051W,0,-9.758779,0.10280662029981613,1.0,0.8726999759674072
YDR498C,YCR084C,0,-9.759263,0.1027960553765297,1.0,0.8727999925613403
YHL035C,YDR202C,0,-9.759699,0.10278548300266266,1.0,0.8729000091552734
YIL122W,YKL045W,0,-9.762094,0.10277492552995682,1.0,0.8730000257492065
YJL179W,YPR106W,0,-9.762176,0.10276436060667038,1.0,0.8730999827384949
YDR389W,YER017C,0,-9.763591,0.10275380313396454,1.0,0.873199999332428
YNR055C,YDR082W,0,-9.76377,0.1027432456612587,1.0,0.8733000159263611
YDR328C,YMR061W,0,-9.770234,0.10273268818855286,1.0,0.8733999729156494
YJR080C,YDL077C,0,-9.770702,0.10272213816642761,1.0,0.8734999895095825
YBR122C,YKR020W,0,-9.772187,0.10271158814430237,1.0,0.8736000061035156
YNL166C,YOR313C,0,-9.774329,0.10270103812217712,1.0,0.8737000226974487
YNR059W,YNL215W,0,-9.7756815,0.10269048810005188,1.0,0.8737999796867371
YER094C,YMR267W,0,-9.776216,0.10267994552850723,1.0,0.8738999962806702
YJL095W,YDR351W,0,-9.776848,0.10266940295696259,1.0,0.8740000128746033
YKL007W,YOR232W,0,-9.777064,0.10265886783599854,1.0,0.8741000294685364
YKL113C,YOL033W,0,-9.777272,0.10264832526445389,1.0,0.8741999864578247
YGR285C,YGL167C,0,-9.7789755,0.10263779014348984,1.0,0.8743000030517578
YIR004W,YIL006W,0,-9.780969,0.10262725502252579,1.0,0.8744000196456909
YDL043C,YHR167W,0,-9.78123,0.10261672735214233,1.0,0.8744999766349792
YMR257C,YJL065C,0,-9.78361,0.10260619968175888,1.0,0.8745999932289124
YBR039W,YJL129C,0,-9.784765,0.10259567201137543,1.0,0.8747000098228455
YHR107C,YOL112W,0,-9.789794,0.10258514434099197,1.0,0.8748000264167786
YNL280C,YNL233W,0,-9.79065,0.10257462412118912,1.0,0.8748999834060669
YDR320C,YPL130W,0,-9.792327,0.10256410390138626,1.0,0.875
YNL280C,YLR147C,0,-9.792502,0.1025535836815834,1.0,0.8751000165939331
YPL151C,YNL309W,0,-9.794559,0.10254307091236115,1.0,0.8751999735832214
YLR204W,YPR180W,0,-9.795018,0.10253255069255829,1.0,0.8752999901771545
YGR013W,YOR081C,0,-9.795123,0.10252204537391663,1.0,0.8754000067710876
YNL107W,YML034W,0,-9.797111,0.10251153260469437,1.0,0.8755000233650208
YDR453C,YDL004W,0,-9.799383,0.1025010272860527,1.0,0.8755999803543091
YGL130W,YEL042W,0,-9.8006525,0.10249052196741104,1.0,0.8756999969482422
YDR453C,YML061C,0,-9.802677,0.10248001664876938,1.0,0.8758000135421753
YBL007C,YOR039W,0,-9.806769,0.10246951878070831,1.0,0.8758999705314636
YLR077W,YOR244W,0,-9.807034,0.10245901346206665,1.0,0.8759999871253967
YFR019W,YDL002C,0,-9.807216,0.10244852304458618,1.0,0.8761000037193298
YML014W,YGL215W,0,-9.809621,0.10243802517652512,1.0,0.8762000203132629
YJL210W,YJR058C,0,-9.810573,0.10242753475904465,1.0,0.8762999773025513
YLL040C,YEL039C,0,-9.810818,0.10241704434156418,1.0,0.8763999938964844
YKL035W,YMR234W,0,-9.811061,0.10240655392408371,1.0,0.8765000104904175
YKR090W,YMR265C,0,-9.814506,0.10239607095718384,1.0,0.8766000270843506
YIR036C,YBR198C,0,-9.819669,0.10238558053970337,1.0,0.8766999840736389
YGR075C,YPR038W,0,-9.819812,0.1023751050233841,1.0,0.876800000667572
YKL127W,YLR372W,0,-9.820587,0.10236462205648422,1.0,0.8769000172615051
YOR349W,YNL188W,0,-9.820698,0.10235414654016495,1.0,0.8769999742507935
YPL060W,YKL074C,0,-9.821842,0.10234367102384567,1.0,0.8770999908447266
YOR148C,YGR052W,0,-9.822945,0.1023331955075264,1.0,0.8772000074386597
YMR280C,YAR020C,0,-9.827141,0.10232272744178772,1.0,0.8773000240325928
YNR024W,YDR403W,0,-9.827476,0.10231225937604904,1.0,0.8773999810218811
YIL023C,YLR221C,0,-9.8281145,0.10230179131031036,1.0,0.8774999976158142
YPL224C,YDR418W,0,-9.8302965,0.10229132324457169,1.0,0.8776000142097473
YNR045W,YBL064C,0,-9.83057,0.1022808626294136,1.0,0.8776999711990356
YOL103W,YCR014C,0,-9.832082,0.10227040201425552,1.0,0.8777999877929688
YLR059C,YGL091C,0,-9.83344,0.10225994139909744,1.0,0.8779000043869019
YDL175C,YMR073C,0,-9.83548,0.10224948823451996,1.0,0.878000020980835
YGR175C,YLL015W,0,-9.838967,0.10223903506994247,1.0,0.8780999779701233
YNL102W,YJR099W,0,-9.840695,0.10222858190536499,1.0,0.8781999945640564
YNL026W,YML049C,0,-9.8410425,0.1022181361913681,1.0,0.8783000111579895
YNL300W,YLL006W,0,-9.842755,0.10220768302679062,1.0,0.8784000277519226
YOR259C,YGR263C,0,-9.842988,0.10219723731279373,1.0,0.8784999847412109
YMR284W,YJL128C,0,-9.84367,0.10218679904937744,1.0,0.878600001335144
YDR350C,YLR295C,0,-9.843799,0.10217635333538055,1.0,0.8787000179290771
YLR187W,YEL018W,0,-9.846175,0.10216591507196426,1.0,0.8787999749183655
YPL065W,YMR004W,0,-9.8489895,0.10215548425912857,1.0,0.8788999915122986
YOR381W,YJL140W,0,-9.850647,0.10214504599571228,1.0,0.8790000081062317
YDR014W,YDR397C,0,-9.850655,0.10213461518287659,1.0,0.8791000247001648
YJR090C,YOR357C,0,-9.850662,0.1021241843700409,1.0,0.8791999816894531
YGR046W,YBR065C,0,-9.851339,0.1021137535572052,1.0,0.8792999982833862
YEL069C,YLR342W,0,-9.851596,0.1021033301949501,1.0,0.8794000148773193
YDR510W,YKR016W,0,-9.8516865,0.10209290683269501,1.0,0.8794999718666077
YDL128W,YGL228W,0,-9.85181,0.10208248347043991,1.0,0.8795999884605408
YLR272C,YBR001C,0,-9.852565,0.10207206010818481,1.0,0.8797000050544739
YLR404W,YMR257C,0,-9.853259,0.10206164419651031,1.0,0.879800021648407
YGR003W,YNL137C,0,-9.853612,0.10205122828483582,1.0,0.8798999786376953
YJL156C,YDL190C,0,-9.853703,0.10204081982374191,1.0,0.8799999952316284
YOR249C,YHR067W,0,-9.853847,0.10203040391206741,1.0,0.8801000118255615
YPR133C,YML061C,0,-9.857811,0.10201999545097351,1.0,0.8802000284194946
YKL119C,YGL216W,0,-9.858735,0.10200958698987961,1.0,0.880299985408783
YOL054W,YLR216C,0,-9.858828,0.1019991859793663,1.0,0.8804000020027161
YCR036W,YOL123W,0,-9.859509,0.1019887775182724,1.0,0.8805000185966492
YBR143C,YER051W,0,-9.860904,0.10197838395833969,1.0,0.8805999755859375
YIL036W,YNL201C,0,-9.862815,0.10196798294782639,1.0,0.8806999921798706
YPL165C,YGR076C,0,-9.86385,0.10195758193731308,1.0,0.8808000087738037
YML051W,YML072C,0,-9.8735695,0.10194718837738037,1.0,0.8809000253677368
YMR225C,YBL007C,0,-9.874751,0.10193680226802826,1.0,0.8809999823570251
YDR405W,YPL031C,0,-9.8759,0.10192640870809555,1.0,0.8810999989509583
YNL129W,YLR277C,0,-9.87749,0.10191602259874344,1.0,0.8812000155448914
YGR256W,YBL025W,0,-9.88231,0.10190563648939133,1.0,0.8812999725341797
YPL051W,YIR023W,0,-9.88284,0.10189525038003922,1.0,0.8813999891281128
YDR251W,YCR071C,0,-9.883572,0.1018848717212677,1.0,0.8815000057220459
YML064C,YBL040C,0,-9.884257,0.10187449306249619,1.0,0.881600022315979
YKL079W,YJL117W,0,-9.886623,0.10186411440372467,1.0,0.8816999793052673
YOR060C,YPL270W,0,-9.890838,0.10185373574495316,1.0,0.8817999958992004
YGR075C,YNL056W,0,-9.8919,0.10184336453676224,1.0,0.8819000124931335
YGL213C,YLR389C,0,-9.892454,0.10183299332857132,1.0,0.8820000290870667
YKL085W,YDR381W,0,-9.89304,0.1018226221203804,1.0,0.882099986076355
YPR162C,YNL055C,0,-9.895767,0.10181225836277008,1.0,0.8822000026702881
YBR024W,YML104C,0,-9.89605,0.10180189460515976,1.0,0.8823000192642212
YPL152W,YFR010W,0,-9.897439,0.10179153084754944,1.0,0.8823999762535095
YKR022C,YBL041W,0,-9.899459,0.10178116708993912,1.0,0.8824999928474426
YBR077C,YDR477W,0,-9.899754,0.1017708107829094,1.0,0.8826000094413757
YER111C,YBL089W,0,-9.900283,0.10176045447587967,1.0,0.8827000260353088
YDR458C,YER013W,0,-9.901089,0.10175009816884995,1.0,0.8827999830245972
YMR277W,YLR219W,0,-9.902972,0.10173974931240082,1.0,0.8828999996185303
YOL031C,YBR046C,0,-9.904735,0.10172940045595169,1.0,0.8830000162124634
YDR453C,YGL137W,0,-9.905673,0.10171905159950256,1.0,0.8830999732017517
YHR079C,YOR315W,0,-9.905751,0.10170870274305344,1.0,0.8831999897956848
YKR052C,YEL058W,0,-9.909339,0.1016983613371849,1.0,0.8833000063896179
YJL127C,YCL005W,0,-9.910154,0.10168801993131638,1.0,0.883400022983551
YGR075C,YER016W,0,-9.91067,0.10167767852544785,1.0,0.8834999799728394
YNL129W,YDR493W,0,-9.910925,0.10166734457015991,1.0,0.8835999965667725
YMR092C,YPR180W,0,-9.912205,0.10165701061487198,1.0,0.8837000131607056
YBL101C,YGL136C,0,-9.913483,0.10164667665958405,1.0,0.8838000297546387
YKL196C,YNL123W,0,-9.916136,0.10163634270429611,1.0,0.883899986743927
YPR175W,YGR163W,0,-9.917196,0.10162601619958878,1.0,0.8840000033378601
YJL204C,YNL271C,0,-9.917321,0.10161568969488144,1.0,0.8841000199317932
YBR283C,YGL178W,0,-9.9176035,0.1016053631901741,1.0,0.8841999769210815
YGL250W,YOR074C,0,-9.920064,0.10159504413604736,1.0,0.8842999935150146
YLR380W,YMR298W,0,-9.921042,0.10158472508192062,1.0,0.8844000101089478
YDR368W,YNR048W,0,-9.922589,0.10157440602779388,1.0,0.8845000267028809
YJL062W,YMR113W,0,-9.925029,0.10156408697366714,1.0,0.8845999836921692
YDR033W,YHL001W,0,-9.92549,0.101553775370121,1.0,0.8847000002861023
YDR298C,YDL146W,0,-9.925518,0.10154346376657486,1.0,0.8848000168800354
YHR153C,YLR228C,0,-9.928,0.10153315216302872,1.0,0.8848999738693237
YDL033C,YKL124W,0,-9.929231,0.10152284055948257,1.0,0.8849999904632568
YKL064W,YGL048C,0,-9.929391,0.10151253640651703,1.0,0.8851000070571899
YBR258C,YMR105C,0,-9.9313,0.10150223225355148,1.0,0.885200023651123
YLR268W,YIL106W,0,-9.932203,0.10149192810058594,1.0,0.8852999806404114
YLR234W,YML046W,0,-9.935645,0.10148163139820099,1.0,0.8853999972343445
YOR208W,YKL117W,0,-9.936656,0.10147133469581604,1.0,0.8855000138282776
YDR096W,YDL104C,0,-9.937411,0.10146103799343109,1.0,0.8855999708175659
YDL232W,YDR050C,0,-9.938542,0.10145074874162674,1.0,0.885699987411499
YIL047C,YPR164W,0,-9.939677,0.10144045203924179,1.0,0.8858000040054321
YLR120C,YGR194C,0,-9.940066,0.10143016278743744,1.0,0.8859000205993652
YOR175C,YBL105C,0,-9.940725,0.10141988098621368,1.0,0.8859999775886536
YJL153C,YDR402C,0,-9.941381,0.10140959173440933,1.0,0.8860999941825867
YMR175W,YDR403W,0,-9.94168,0.10139930993318558,1.0,0.8862000107765198
YML125C,YDR072C,0,-9.941871,0.10138902813196182,1.0,0.8863000273704529
YNL048W,YGL025C,0,-9.941949,0.10137875378131866,1.0,0.8863999843597412
YOR346W,YDL217C,0,-9.945827,0.10136847198009491,1.0,0.8865000009536743
YGL040C,YKL149C,0,-9.949748,0.10135819762945175,1.0,0.8866000175476074
YLR155C,YMR137C,0,-9.949819,0.10134793072938919,1.0,0.8866999745368958
YBR283C,YDL154W,0,-9.950158,0.10133765637874603,1.0,0.8867999911308289
YDR088C,YDL190C,0,-9.951898,0.10132738947868347,1.0,0.886900007724762
YIL150C,YJL162C,0,-9.952569,0.10131712257862091,1.0,0.8870000243186951
YGL091C,YPL013C,0,-9.953588,0.10130685567855835,1.0,0.8870999813079834
YHR119W,YJL117W,0,-9.953824,0.10129659622907639,1.0,0.8871999979019165
YIL002C,YJR135C,0,-9.95389,0.10128633677959442,1.0,0.8873000144958496
YJR066W,YIR035C,0,-9.955821,0.10127607733011246,1.0,0.8873999714851379
YOR330C,YPR019W,0,-9.95625,0.10126582533121109,1.0,0.887499988079071
YAL060W,YLR433C,0,-9.958276,0.10125556588172913,1.0,0.8876000046730042
YNL274C,YLR025W,0,-9.959646,0.10124531388282776,1.0,0.8877000212669373
YNL051W,YGL105W,0,-9.9600725,0.10123506933450699,1.0,0.8877999782562256
YCL008C,YEL058W,0,-9.960139,0.10122481733560562,1.0,0.8878999948501587
YLR335W,YNL214W,0,-9.961549,0.10121457278728485,1.0,0.8880000114440918
YDR228C,YIL134W,0,-9.961612,0.10120432823896408,1.0,0.8881000280380249
YMR297W,YLR328W,0,-9.961642,0.10119409114122391,1.0,0.8881999850273132
YBR274W,YMR237W,0,-9.966271,0.10118385404348373,1.0,0.8883000016212463
YOL003C,YAR008W,0,-9.966554,0.10117361694574356,1.0,0.8884000182151794
YPR055W,YBR245C,0,-9.968459,0.10116337984800339,1.0,0.8884999752044678
YDR301W,YEL031W,0,-9.972753,0.10115314275026321,1.0,0.8885999917984009
YDL145C,YFR014C,0,-9.973416,0.10114291310310364,1.0,0.888700008392334
YDL024C,YDR322C-A,0,-9.977115,0.10113268345594406,1.0,0.8888000249862671
YML071C,YER028C,0,-9.980553,0.10112246125936508,1.0,0.8888999819755554
YDR253C,YDR422C,0,-9.982577,0.1011122316122055,1.0,0.8889999985694885
YJL072C,YMR314W,0,-9.982959,0.10110200941562653,1.0,0.8891000151634216
YDR259C,YLL052C,0,-9.98409,0.10109179466962814,1.0,0.88919997215271
YCL038C,YDR246W,0,-9.9842005,0.10108157247304916,1.0,0.8892999887466431
YHL040C,YLR066W,0,-9.9845,0.10107135772705078,1.0,0.8894000053405762
YBR279W,YNL131W,0,-9.985373,0.1010611429810524,1.0,0.8895000219345093
YLR135W,YNL201C,0,-9.988926,0.10105092823505402,1.0,0.8895999789237976
YGR243W,YDR397C,0,-9.989209,0.10104072093963623,1.0,0.8896999955177307
YDL093W,YOL045W,0,-9.990119,0.10103051364421844,1.0,0.8898000121116638
YCR020C-A,YMR156C,0,-9.990493,0.10102030634880066,1.0,0.8899000287055969
YBL088C,YKL150W,0,-9.99067,0.10101009905338287,1.0,0.8899999856948853
YDR460W,YDR320C,0,-9.992311,0.10099989920854568,1.0,0.8901000022888184
YOL090W,YEL037C,0,-9.992431,0.1009896993637085,1.0,0.8902000188827515
YER020W,YGL025C,0,-9.99484,0.10097949951887131,1.0,0.8902999758720398
YKL003C,YKL065C,0,-9.997001,0.10096930712461472,1.0,0.8903999924659729
YHR037W,YPL055C,0,-9.9973135,0.10095911473035812,1.0,0.890500009059906
YBR154C,YJR040W,0,-9.999062,0.10094892233610153,1.0,0.8906000256538391
YNL032W,YPR085C,0,-10.000533,0.10093872994184494,1.0,0.8906999826431274
YOR137C,YPR118W,0,-10.001395,0.10092854499816895,1.0,0.8907999992370605
YLR234W,YHR135C,0,-10.003081,0.10091836005449295,1.0,0.8909000158309937
YAR002W,YPL031C,0,-10.003083,0.10090817511081696,1.0,0.890999972820282
YMR023C,YDR004W,0,-10.004539,0.10089799016714096,1.0,0.8910999894142151
YGR083C,YPL164C,0,-10.0050535,0.10088781267404556,1.0,0.8912000060081482
YHR002W,YNL139C,0,-10.006599,0.10087763518095016,1.0,0.8913000226020813
YKL108W,YMR092C,0,-10.00679,0.10086745768785477,1.0,0.8913999795913696
YPR034W,YLR242C,0,-10.009405,0.10085728764533997,1.0,0.8914999961853027
YKR029C,YNR037C,0,-10.011897,0.10084711760282516,1.0,0.8916000127792358
YGL134W,YOR062C,0,-10.013726,0.10083694756031036,1.0,0.891700029373169
YGL247W,YER057C,0,-10.015492,0.10082677751779556,1.0,0.8917999863624573
YDL067C,YJL037W,0,-10.015783,0.10081661492586136,1.0,0.8919000029563904
YBR037C,YPR054W,0,-10.018832,0.10080645233392715,1.0,0.8920000195503235
YDR358W,YBL006C,0,-10.026111,0.10079628974199295,1.0,0.8920999765396118
YCR067C,YOR104W,0,-10.028193,0.10078613460063934,1.0,0.8921999931335449
YGL213C,YJL003W,0,-10.029904,0.10077597200870514,1.0,0.892300009727478
YLR228C,YMR283C,0,-10.030417,0.10076581686735153,1.0,0.8924000263214111
YOR059C,YDR088C,0,-10.031959,0.10075566917657852,1.0,0.8924999833106995
YNL076W,YDR137W,0,-10.033414,0.10074551403522491,1.0,0.8925999999046326
YOR154W,YNL099C,0,-10.033828,0.1007353663444519,1.0,0.8927000164985657
YLR264W,YMR115W,0,-10.033972,0.1007252186536789,1.0,0.892799973487854
YDR486C,YMR227C,0,-10.034274,0.10071507841348648,1.0,0.8928999900817871
YOR132W,YFL062W,0,-10.034382,0.10070493817329407,1.0,0.8930000066757202
YNL082W,YNL172W,0,-10.034612,0.10069479048252106,1.0,0.8931000232696533
YDR409W,YKR065C,0,-10.037515,0.10068465769290924,1.0,0.8931999802589417
YKL160W,YIR032C,0,-10.044155,0.10067451745271683,1.0,0.8932999968528748
YDR456W,YCR095C,0,-10.045395,0.10066438466310501,1.0,0.8934000134468079
YPL206C,YGR212W,0,-10.047093,0.1006542518734932,1.0,0.8934999704360962
YIL126W,YCL027W,0,-10.048491,0.10064411908388138,1.0,0.8935999870300293
YDR096W,YLR011W,0,-10.049332,0.10063399374485016,1.0,0.8937000036239624
YCR106W,YLR233C,0,-10.051049,0.10062386840581894,1.0,0.8938000202178955
YDR310C,YPL011C,0,-10.051089,0.10061374306678772,1.0,0.8938999772071838
YOR179C,YBL060W,0,-10.053678,0.1006036251783371,1.0,0.8939999938011169
YOL030W,YOL006C,0,-10.056499,0.10059349983930588,1.0,0.89410001039505
YKL167C,YNL079C,0,-10.059348,0.10058338195085526,1.0,0.8942000269889832
YMR201C,YDL222C,0,-10.060027,0.10057326406240463,1.0,0.8942999839782715
YDL079C,YDR456W,0,-10.060124,0.1005631536245346,1.0,0.8944000005722046
YMR201C,YGR230W,0,-10.063779,0.10055304318666458,1.0,0.8945000171661377
YLR052W,YHR016C,0,-10.063885,0.10054293274879456,1.0,0.894599974155426
YBL047C,YLR363C,0,-10.064807,0.10053282231092453,1.0,0.8946999907493591
YDR351W,YLL051C,0,-10.066299,0.1005227193236351,1.0,0.8948000073432922
YER103W,YML109W,0,-10.068549,0.10051261633634567,1.0,0.8949000239372253
YPR024W,YNR043W,0,-10.068734,0.10050251334905624,1.0,0.8949999809265137
YDL149W,YBR043C,0,-10.069265,0.10049241036176682,1.0,0.8950999975204468
YOR209C,YOL068C,0,-10.06929,0.10048231482505798,1.0,0.8952000141143799
YKL126W,YDR493W,0,-10.072049,0.10047221928834915,1.0,0.8952999711036682
YMR284W,YNL291C,0,-10.07274,0.10046212375164032,1.0,0.8953999876976013
YDR435C,YLR024C,0,-10.073579,0.10045203566551208,1.0,0.8955000042915344
YBR073W,YMR301C,0,-10.074024,0.10044194757938385,1.0,0.8956000208854675
YAL058W,YDR403W,0,-10.078469,0.10043185949325562,1.0,0.8956999778747559
YMR135C,YNL041C,0,-10.078946,0.10042177140712738,1.0,0.895799994468689
YOL026C,YMR314W,0,-10.080352,0.10041169077157974,1.0,0.8959000110626221
YKL129C,YPL139C,0,-10.083287,0.1004016101360321,1.0,0.8960000276565552
YNL084C,YCR075C,0,-10.0833845,0.10039152950048447,1.0,0.8960999846458435
YBR279W,YDL190C,0,-10.084063,0.10038144886493683,1.0,0.8962000012397766
YGL195W,YOR079C,0,-10.084949,0.10037137567996979,1.0,0.8963000178337097
YPL256C,YMR263W,0,-10.085254,0.10036130249500275,1.0,0.896399974822998
YPL138C,YCL034W,0,-10.087907,0.1003512293100357,1.0,0.8964999914169312
YOL016C,YBR008C,0,-10.088996,0.10034116357564926,1.0,0.8966000080108643
YAR050W,YHR111W,0,-10.096826,0.10033109039068222,1.0,0.8967000246047974
YNL016W,YGR098C,0,-10.097491,0.10032102465629578,1.0,0.8967999815940857
YDL006W,YJL048C,0,-10.097647,0.10031096637248993,1.0,0.8968999981880188
YJL073W,YNL077W,0,-10.098071,0.10030090063810349,1.0,0.8970000147819519
YIL013C,YBR261C,0,-10.100765,0.10029084235429764,1.0,0.8970999717712402
YGR010W,YOL054W,0,-10.100899,0.10028078407049179,1.0,0.8971999883651733
YPL204W,YFL047W,0,-10.101306,0.10027073323726654,1.0,0.8973000049591064
YLR181C,YDR473C,0,-10.101792,0.1002606749534607,1.0,0.8974000215530396
YBL085W,YLR313C,0,-10.103751,0.10025062412023544,1.0,0.8974999785423279
YBR170C,YPL110C,0,-10.105236,0.10024058073759079,1.0,0.897599995136261
YKL007W,YOR089C,0,-10.10547,0.10023052990436554,1.0,0.8977000117301941
YDR460W,YMR120C,0,-10.1082,0.10022048652172089,1.0,0.8978000283241272
YJR001W,YDR148C,0,-10.10893,0.10021044313907623,1.0,0.8978999853134155
YDL135C,YDR486C,0,-10.109111,0.10020039975643158,1.0,0.8980000019073486
YLR247C,YGL250W,0,-10.110665,0.10019036382436752,1.0,0.8981000185012817
YDR244W,YNL167C,0,-10.113397,0.10018032789230347,1.0,0.8981999754905701
YOR076C,YGR192C,0,-10.114622,0.10017029196023941,1.0,0.8982999920845032
YOR064C,YKL196C,0,-10.115197,0.10016025602817535,1.0,0.8984000086784363
YBL023C,YEL018W,0,-10.116868,0.1001502275466919,1.0,0.8985000252723694
YCR014C,YER041W,0,-10.120534,0.10014019906520844,1.0,0.8985999822616577
YMR289W,YER150W,0,-10.12091,0.10013017058372498,1.0,0.8986999988555908
YKL104C,YBL085W,0,-10.12304,0.10012014210224152,1.0,0.8988000154495239
YDR126W,YPR121W,0,-10.124519,0.10011012107133865,1.0,0.8988999724388123
YHR103W,YDR108W,0,-10.125495,0.10010010004043579,1.0,0.8989999890327454
YLR144C,YAL047C,0,-10.125645,0.10009007900953293,1.0,0.8991000056266785
YDR151C,YMR232W,0,-10.125712,0.10008006542921066,1.0,0.8992000222206116
YDL078C,YHR191C,0,-10.127948,0.1000700518488884,1.0,0.8992999792098999
YOR057W,YOL049W,0,-10.128269,0.10006003826856613,1.0,0.899399995803833
YHR050W,YOR039W,0,-10.131053,0.10005002468824387,1.0,0.8995000123977661
YKR002W,YNR055C,0,-10.132348,0.1000400185585022,1.0,0.8996000289916992
YKL113C,YPR111W,0,-10.135244,0.10003001242876053,1.0,0.8996999859809875
YLL031C,YBL104C,0,-10.135885,0.10002000629901886,1.0,0.8998000025749207
YGR275W,YNL159C,0,-10.138423,0.10001000016927719,1.0,0.8999000191688538
YOR386W,YOR039W,0,-10.138493,0.10000000149011612,1.0,0.8999999761581421
YGL244W,YKL018W,0,-10.141135,0.09999000281095505,1.0,0.9000999927520752
YLR120C,YMR190C,0,-10.141914,0.09998000413179398,1.0,0.9002000093460083
YGR262C,YJL091C,0,-10.144461,0.0999700054526329,1.0,0.9003000259399414
YAR050W,YOL031C,0,-10.146866,0.09996001422405243,1.0,0.9003999829292297
YGR240C,YHR204W,0,-10.148387,0.09995002299547195,1.0,0.9004999995231628
YNL079C,YDL002C,0,-10.149938,0.09994003921747208,1.0,0.900600016117096
YBR269C,YBR065C,0,-10.152011,0.0999300479888916,1.0,0.9006999731063843
YOL155C,YBL033C,0,-10.154061,0.09992006421089172,1.0,0.9007999897003174
YHR030C,YLL031C,0,-10.154136,0.09991008043289185,1.0,0.9009000062942505
YGR222W,YDL190C,0,-10.16011,0.09990009665489197,1.0,0.9010000228881836
YDL004W,YHL025W,0,-10.165256,0.09989012032747269,1.0,0.9010999798774719
YPR029C,YML061C,0,-10.1674795,0.0998801440000534,1.0,0.901199996471405
YDL084W,YDL128W,0,-10.168063,0.09987016767263412,1.0,0.9013000130653381
YJL137C,YLL001W,0,-10.168941,0.09986019879579544,1.0,0.9014000296592712
YJL061W,YDR329C,0,-10.169012,0.09985022246837616,1.0,0.9014999866485596
YDL190C,YDR082W,0,-10.170791,0.09984025359153748,1.0,0.9016000032424927
YGR156W,YDL035C,0,-10.170953,0.09983029216527939,1.0,0.9017000198364258
YLL031C,YJL145W,0,-10.171933,0.0998203232884407,1.0,0.9017999768257141
YML071C,YDR183W,0,-10.173018,0.09981036186218262,1.0,0.9018999934196472
YDL104C,YDL224C,0,-10.1736555,0.09980040043592453,1.0,0.9020000100135803
YIL160C,YAL062W,0,-10.173819,0.09979043900966644,1.0,0.9021000266075134
YOR054C,YGL044C,0,-10.174542,0.09978048503398895,1.0,0.9021999835968018
YML106W,YPR094W,0,-10.175081,0.09977053105831146,1.0,0.9023000001907349
YMR260C,YPL137C,0,-10.180358,0.09976057708263397,1.0,0.902400016784668
YKR052C,YMR257C,0,-10.181079,0.09975062310695648,1.0,0.9024999737739563
YPR028W,YMR314W,0,-10.181306,0.09974067658185959,1.0,0.9025999903678894
YJL036W,YMR117C,0,-10.183513,0.0997307300567627,1.0,0.9027000069618225
YNL128W,YIL093C,0,-10.184604,0.0997207835316658,1.0,0.9028000235557556
YGR056W,YGL066W,0,-10.185581,0.09971083700656891,1.0,0.902899980545044
YOL082W,YMR289W,0,-10.185588,0.09970089793205261,1.0,0.902999997138977
YKR104W,YNR019W,0,-10.187406,0.09969095885753632,1.0,0.9031000137329102
YGR009C,YCL032W,0,-10.188815,0.09968101978302002,1.0,0.9031999707221985
YIR023W,YDR375C,0,-10.196035,0.09967108815908432,1.0,0.9032999873161316
YGL038C,YAL062W,0,-10.196475,0.09966114908456802,1.0,0.9034000039100647
YPL204W,YLR328W,0,-10.196863,0.09965121746063232,1.0,0.9035000205039978
YPL036W,YOL123W,0,-10.198638,0.09964129328727722,1.0,0.9035999774932861
YNL268W,YLR342W,0,-10.199279,0.09963136166334152,1.0,0.9036999940872192
YEL017C-A,YDR522C,0,-10.201297,0.09962143748998642,1.0,0.9038000106811523
YLR114C,YLR367W,0,-10.204305,0.09961151331663132,1.0,0.9039000272750854
YBR106W,YOR057W,0,-10.204333,0.09960159659385681,1.0,0.9039999842643738
YMR172W,YDR532C,0,-10.205329,0.09959167242050171,1.0,0.9041000008583069
YNL261W,YHR073W,0,-10.206197,0.0995817556977272,1.0,0.90420001745224
YGL126W,YDR328C,0,-10.208791,0.0995718389749527,1.0,0.9042999744415283
YKL017C,YBR180W,0,-10.210287,0.09956192970275879,1.0,0.9043999910354614
YOL103W,YMR013C,0,-10.21216,0.09955201297998428,1.0,0.9045000076293945
YPR028W,YDR443C,0,-10.217203,0.09954210370779037,1.0,0.9046000242233276
YFL033C,YBR160W,0,-10.217434,0.09953220188617706,1.0,0.904699981212616
YMR094W,YPR079W,0,-10.217689,0.09952229261398315,1.0,0.9047999978065491
YIL105C,YDR295C,0,-10.221856,0.09951239079236984,1.0,0.9049000144004822
YMR024W,YCL024W,0,-10.22229,0.09950248897075653,1.0,0.9049999713897705
YPL100W,YFL021W,0,-10.225093,0.09949258714914322,1.0,0.9050999879837036
YDR294C,YLR320W,0,-10.226663,0.0994826927781105,1.0,0.9052000045776367
YOR381W,YHL038C,0,-10.229066,0.09947279095649719,1.0,0.9053000211715698
YHR181W,YNL126W,0,-10.230812,0.09946290403604507,1.0,0.9053999781608582
YDR320C-A,YPL233W,0,-10.232858,0.09945300966501236,1.0,0.9054999947547913
YGL059W,YMR203W,0,-10.233114,0.09944311529397964,1.0,0.9056000113487244
YDR258C,YDL198C,0,-10.237481,0.09943322837352753,1.0,0.9057000279426575
YKL124W,YML015C,0,-10.240534,0.09942334145307541,1.0,0.9057999849319458
YER124C,YDR174W,0,-10.243262,0.09941346198320389,1.0,0.9059000015258789
YBR170C,YBR043C,0,-10.2442,0.09940357506275177,1.0,0.906000018119812
YGR075C,YOL095C,0,-10.245849,0.09939369559288025,1.0,0.9060999751091003
YDL089W,YPL089C,0,-10.24606,0.09938382357358932,1.0,0.9061999917030334
YML106W,YDR473C,0,-10.246261,0.0993739441037178,1.0,0.9063000082969666
YDL193W,YKL003C,0,-10.246479,0.09936407208442688,1.0,0.9064000248908997
YMR052W,YHR147C,0,-10.247535,0.09935420006513596,1.0,0.906499981880188
YBR234C,YOR351C,0,-10.250626,0.09934432804584503,1.0,0.9065999984741211
YER179W,YKR006C,0,-10.252511,0.09933445602655411,1.0,0.9067000150680542
YMR152W,YCL004W,0,-10.252818,0.09932459145784378,1.0,0.9067999720573425
YPL138C,YML086C,0,-10.258977,0.09931472688913345,1.0,0.9068999886512756
YLL002W,YJL001W,0,-10.261963,0.09930486232042313,1.0,0.9070000052452087
YGR263C,YBR010W,0,-10.262793,0.0992950052022934,1.0,0.9071000218391418
YFR021W,YKL039W,0,-10.262908,0.09928514808416367,1.0,0.9071999788284302
YBR019C,YDR532C,0,-10.264679,0.09927529096603394,1.0,0.9072999954223633
YPL064C,YML078W,0,-10.26515,0.0992654338479042,1.0,0.9074000120162964
YGR144W,YIL159W,0,-10.2683,0.09925558418035507,1.0,0.9075000286102295
YCL034W,YOL096C,0,-10.271892,0.09924573451280594,1.0,0.9075999855995178
YPR198W,YMR201C,0,-10.273026,0.0992358848452568,1.0,0.9077000021934509
YJR013W,YHR147C,0,-10.274786,0.09922603517770767,1.0,0.907800018787384
YOR142W,YPL259C,0,-10.279238,0.09921619296073914,1.0,0.9078999757766724
YKL126W,YJR014W,0,-10.279997,0.0992063507437706,1.0,0.9079999923706055
YOR057W,YML014W,0,-10.281434,0.09919650852680206,1.0,0.9081000089645386
YEL022W,YNL288W,0,-10.282025,0.09918666630983353,1.0,0.9082000255584717
YPL207W,YLR037C,0,-10.282634,0.09917683154344559,1.0,0.90829998254776
YDR079W,YDR422C,0,-10.283139,0.09916699677705765,1.0,0.9083999991416931
YGR216C,YER028C,0,-10.285195,0.09915716201066971,1.0,0.9085000157356262
YJL019W,YFL017W-A,0,-10.286656,0.09914733469486237,1.0,0.9085999727249146
YMR015C,YPL031C,0,-10.287605,0.09913750737905502,1.0,0.9086999893188477
YOR014W,YPR129W,0,-10.289648,0.09912768006324768,1.0,0.9088000059127808
YBR131W,YMR163C,0,-10.290489,0.09911785274744034,1.0,0.9089000225067139
YIR006C,YML112W,0,-10.291275,0.099108025431633,1.0,0.9089999794960022
YHR004C,YLL042C,0,-10.294965,0.09909820556640625,1.0,0.9090999960899353
YGL172W,YNL098C,0,-10.298896,0.0990883857011795,1.0,0.9092000126838684
YIR024C,YPL246C,0,-10.299457,0.09907856583595276,1.0,0.9093000292778015
YNL059C,YBL079W,0,-10.299543,0.09906875342130661,1.0,0.9093999862670898
YGL169W,YPL122C,0,-10.299943,0.09905894100666046,1.0,0.909500002861023
YKL052C,YLR107W,0,-10.300041,0.09904912859201431,1.0,0.909600019454956
YPL208W,YNL172W,0,-10.303774,0.09903931617736816,1.0,0.9096999764442444
YIL023C,YOR250C,0,-10.304011,0.09902951121330261,1.0,0.9097999930381775
YGL047W,YBL030C,0,-10.304026,0.09901970624923706,1.0,0.9099000096321106
YKL214C,YML078W,0,-10.30433,0.09900990128517151,1.0,0.9100000262260437
YDL007W,YJR134C,0,-10.308893,0.09900009632110596,1.0,0.910099983215332
YKR077W,YIL040W,0,-10.310798,0.098990298807621,1.0,0.9101999998092651
YBR294W,YIR013C,0,-10.311875,0.09898050129413605,1.0,0.9103000164031982
YIL016W,YOR161C,0,-10.313505,0.09897070378065109,1.0,0.9103999733924866
YBL035C,YDL234C,0,-10.314162,0.09896091371774673,1.0,0.9104999899864197
YOL103W,YNL124W,0,-10.318277,0.09895111620426178,1.0,0.9106000065803528
YKL217W,YDR117C,0,-10.322317,0.09894132614135742,1.0,0.9107000231742859
YNL275W,YIR018W,0,-10.322837,0.09893153607845306,1.0,0.9107999801635742
YKL025C,YDL087C,0,-10.326009,0.0989217534661293,1.0,0.9108999967575073
YLL018C,YOR232W,0,-10.3260145,0.09891197085380554,1.0,0.9110000133514404
YGR172C,YDR477W,0,-10.329629,0.09890218824148178,1.0,0.9110999703407288
YJR140C,YBR015C,0,-10.330411,0.09889240562915802,1.0,0.9111999869346619
YDL020C,YEL003W,0,-10.331429,0.09888262301683426,1.0,0.911300003528595
YML011C,YBR193C,0,-10.336883,0.0988728478550911,1.0,0.9114000201225281
YGL056C,YDL134C,0,-10.337228,0.09886307269334793,1.0,0.9114999771118164
YLL031C,YOR372C,0,-10.339332,0.09885330498218536,1.0,0.9115999937057495
YJR052W,YPL064C,0,-10.344523,0.0988435298204422,1.0,0.9117000102996826
YML013W,YGL167C,0,-10.345329,0.09883376210927963,1.0,0.9118000268936157
YPL094C,YBR153W,0,-10.345817,0.09882399439811707,1.0,0.911899983882904
YDR183W,YLR174W,0,-10.347827,0.0988142266869545,1.0,0.9120000004768372
YNL243W,YDR246W,0,-10.348867,0.09880446642637253,1.0,0.9121000170707703
YER094C,YGL086W,0,-10.349425,0.09879470616579056,1.0,0.9121999740600586
YOL149W,YOL122C,0,-10.352189,0.09878494590520859,1.0,0.9122999906539917
YOR368W,YMR251W-A,0,-10.3584385,0.09877518564462662,1.0,0.9124000072479248
YKL149C,YLR043C,0,-10.35936,0.09876543283462524,1.0,0.9125000238418579
YMR184W,YPL204W,0,-10.360628,0.09875568002462387,1.0,0.9125999808311462
YNL187W,YDR301W,0,-10.361274,0.0987459272146225,1.0,0.9126999974250793
YHR176W,YER149C,0,-10.362371,0.09873617440462112,1.0,0.9128000140190125
YOR288C,YFL060C,0,-10.365748,0.09872642904520035,1.0,0.9128999710083008
YML012W,YML088W,0,-10.36927,0.09871668368577957,1.0,0.9129999876022339
YLR220W,YOL039W,0,-10.369618,0.0987069383263588,1.0,0.913100004196167
YNL265C,YDR495C,0,-10.370149,0.09869720041751862,1.0,0.9132000207901001
YNL158W,YBR008C,0,-10.376679,0.09868745505809784,1.0,0.9132999777793884
YPR025C,YER100W,0,-10.381354,0.09867771714925766,1.0,0.9133999943733215
YDR486C,YIR018W,0,-10.381905,0.09866797924041748,1.0,0.9135000109672546
YDR511W,YBL033C,0,-10.38528,0.0986582487821579,1.0,0.9136000275611877
YBR291C,YLR375W,0,-10.385674,0.09864851832389832,1.0,0.9136999845504761
YNR057C,YPR179C,0,-10.385751,0.09863878786563873,1.0,0.9138000011444092
YKL079W,YER148W,0,-10.3872385,0.09862905740737915,1.0,0.9139000177383423
YJL019W,YBR287W,0,-10.388528,0.09861932694911957,1.0,0.9139999747276306
YBR123C,YLR370C,0,-10.388736,0.09860960394144058,1.0,0.9140999913215637
YHR134W,YDR059C,0,-10.3921995,0.0985998809337616,1.0,0.9142000079154968
YGR184C,YOL038W,0,-10.393889,0.09859015792608261,1.0,0.9143000245094299
YDL045W-A,YMR281W,0,-10.395796,0.09858044236898422,1.0,0.9143999814987183
YHL035C,YDL139C,0,-10.400058,0.09857072681188583,1.0,0.9144999980926514
YBR272C,YAL014C,0,-10.403,0.09856101125478745,1.0,0.9146000146865845
YLL028W,YNL289W,0,-10.404641,0.09855129569768906,1.0,0.9146999716758728
YLR410W,YER024W,0,-10.404875,0.09854158759117126,1.0,0.9147999882698059
YNL031C,YNR019W,0,-10.408553,0.09853187203407288,1.0,0.914900004863739
YDR389W,YIR038C,0,-10.409106,0.09852216392755508,1.0,0.9150000214576721
YOR329C,YBL105C,0,-10.412104,0.09851246327161789,1.0,0.9150999784469604
YFR013W,YML031W,0,-10.412671,0.0985027551651001,1.0,0.9151999950408936
YJR113C,YHL027W,0,-10.41673,0.0984930545091629,1.0,0.9153000116348267
YMR110C,YKR065C,0,-10.418366,0.09848335385322571,1.0,0.9154000282287598
YOR154W,YKL045W,0,-10.4203615,0.09847366064786911,1.0,0.9154999852180481
YKL119C,YOL071W,0,-10.423856,0.09846395999193192,1.0,0.9156000018119812
YNR045W,YOL067C,0,-10.424005,0.09845426678657532,1.0,0.9157000184059143
YBR287W,YOR157C,0,-10.424698,0.09844457358121872,1.0,0.9157999753952026
YPR155C,YML067C,0,-10.426257,0.09843488782644272,1.0,0.9158999919891357
YDL046W,YKL185W,0,-10.426344,0.09842519462108612,1.0,0.9160000085830688
YNR039C,YJL020C,0,-10.427628,0.09841550886631012,1.0,0.916100025177002
YOR219C,YGR082W,0,-10.431018,0.09840582311153412,1.0,0.9161999821662903
YMR201C,YNR056C,0,-10.433049,0.09839614480733871,1.0,0.9162999987602234
YJR144W,YJL142C,0,-10.43377,0.09838645905256271,1.0,0.9164000153541565
YKL062W,YLL049W,0,-10.435895,0.09837678074836731,1.0,0.9164999723434448
YDR189W,YMR212C,0,-10.435983,0.0983671024441719,1.0,0.9165999889373779
YKL193C,YOR383C,0,-10.436182,0.0983574315905571,1.0,0.916700005531311
YNL119W,YMR159C,0,-10.439275,0.09834776073694229,1.0,0.9168000221252441
YDR487C,YKR055W,0,-10.439893,0.09833808988332748,1.0,0.9168999791145325
YFL028C,YKL155C,0,-10.440047,0.09832841902971268,1.0,0.9169999957084656
YDL247W,YPR166C,0,-10.441047,0.09831874817609787,1.0,0.9171000123023987
YER023W,YMR021C,0,-10.441402,0.09830908477306366,1.0,0.9172000288963318
YHR176W,YLR086W,0,-10.441788,0.09829942137002945,1.0,0.9172999858856201
YOL042W,YML076C,0,-10.442346,0.09828975796699524,1.0,0.9174000024795532
YGL122C,YBR043C,0,-10.445566,0.09828009456396103,1.0,0.9175000190734863
YNL128W,YDR358W,0,-10.448737,0.09827043861150742,1.0,0.9175999760627747
YBR241C,YLR367W,0,-10.450615,0.0982607826590538,1.0,0.9176999926567078
YDR429C,YGR175C,0,-10.452136,0.09825112670660019,1.0,0.9178000092506409
YML062C,YFR047C,0,-10.452718,0.09824147820472717,1.0,0.917900025844574
YLR209C,YML086C,0,-10.453298,0.09823182970285416,1.0,0.9179999828338623
YHR120W,YPL001W,0,-10.453717,0.09822218120098114,1.0,0.9180999994277954
YJR064W,YPL118W,0,-10.455283,0.09821253269910812,1.0,0.9182000160217285
YHR001W-A,YNL088W,0,-10.45604,0.09820288419723511,1.0,0.9182999730110168
YML125C,YDR480W,0,-10.4565115,0.09819324314594269,1.0,0.91839998960495
YPR057W,YPL246C,0,-10.45927,0.09818360209465027,1.0,0.9185000061988831
YBR019C,YIR028W,0,-10.46398,0.09817396104335785,1.0,0.9186000227928162
YBR059C,YOR143C,0,-10.467039,0.09816432744264603,1.0,0.9186999797821045
YLR166C,YFL034C-B,0,-10.467778,0.0981546938419342,1.0,0.9187999963760376
YCR024C,YNL249C,0,-10.469263,0.09814506024122238,1.0,0.9189000129699707
YPR095C,YLR363C,0,-10.471088,0.09813542664051056,1.0,0.9190000295639038
YKL198C,YML068W,0,-10.474763,0.09812580049037933,1.0,0.9190999865531921
YJR058C,YGL090W,0,-10.475045,0.09811616688966751,1.0,0.9192000031471252
YGL134W,YDL127W,0,-10.475147,0.09810654073953629,1.0,0.9193000197410583
YMR056C,YPR002W,0,-10.476666,0.09809692203998566,1.0,0.9193999767303467
YBR188C,YJL139C,0,-10.47667,0.09808729588985443,1.0,0.9194999933242798
YDL201W,YPL256C,0,-10.4772415,0.0980776771903038,1.0,0.9196000099182129
YOL051W,YJL020C,0,-10.478219,0.09806805849075317,1.0,0.919700026512146
YBR148W,YLR323C,0,-10.479391,0.09805843979120255,1.0,0.9197999835014343
YKR090W,YKR101W,0,-10.480411,0.09804882854223251,1.0,0.9199000000953674
YJR001W,YCL061C,0,-10.480491,0.09803921729326248,1.0,0.9200000166893005
YLR427W,YGL167C,0,-10.4824915,0.09802960604429245,1.0,0.9200999736785889
YJR074W,YJL065C,0,-10.486287,0.09801999479532242,1.0,0.920199990272522
YBR262C,YPL055C,0,-10.488233,0.09801039099693298,1.0,0.9203000068664551
YNL187W,YPL026C,0,-10.489627,0.09800078719854355,1.0,0.9204000234603882
YLR285W,YHR155W,0,-10.491517,0.09799118340015411,1.0,0.9204999804496765
YNL219C,YBR050C,0,-10.492466,0.09798157960176468,1.0,0.9205999970436096
YHR023W,YNL309W,0,-10.505999,0.09797198325395584,1.0,0.9207000136375427
YNL286W,YGL142C,0,-10.508676,0.0979623794555664,1.0,0.920799970626831
YDR291W,YER050C,0,-10.50945,0.09795278310775757,1.0,0.9208999872207642
YLL049W,YML064C,0,-10.512148,0.09794319421052933,1.0,0.9210000038146973
YGL142C,YNL301C,0,-10.517004,0.09793359786272049,1.0,0.9211000204086304
YMR296C,YJR082C,0,-10.517674,0.09792400896549225,1.0,0.9211999773979187
YGL197W,YPR082C,0,-10.519986,0.09791442006826401,1.0,0.9212999939918518
YAR008W,YDR016C,0,-10.520864,0.09790483862161636,1.0,0.9214000105857849
YPR125W,YJL041W,0,-10.523302,0.09789524972438812,1.0,0.921500027179718
YGR078C,YJL128C,0,-10.526324,0.09788566827774048,1.0,0.9215999841690063
YDL235C,YJL139C,0,-10.528742,0.09787608683109283,1.0,0.9217000007629395
YCL061C,YDR200C,0,-10.53291,0.09786651283502579,1.0,0.9218000173568726
YMR135C,YOR299W,0,-10.5331745,0.09785693138837814,1.0,0.9218999743461609
YNR055C,YER007C-A,0,-10.5347185,0.0978473573923111,1.0,0.921999990940094
YAL048C,YCL014W,0,-10.535842,0.09783778339624405,1.0,0.9221000075340271
YOL030W,YOR075W,0,-10.536429,0.0978282168507576,1.0,0.9222000241279602
YDL220C,YJL128C,0,-10.537546,0.09781864285469055,1.0,0.9222999811172485
YOL090W,YMR038C,0,-10.537562,0.0978090763092041,1.0,0.9223999977111816
YKR101W,YPL030W,0,-10.538581,0.09779950976371765,1.0,0.9225000143051147
YBR106W,YOR003W,0,-10.539462,0.0977899506688118,1.0,0.9225999712944031
YOR150W,YDR243C,0,-10.540267,0.09778038412332535,1.0,0.9226999878883362
YNL081C,YFL003C,0,-10.54206,0.0977708250284195,1.0,0.9228000044822693
YKR090W,YKL041W,0,-10.542735,0.09776126593351364,1.0,0.9229000210762024
YNR015W,YML027W,0,-10.550668,0.09775171428918839,1.0,0.9229999780654907
YMR136W,YER129W,0,-10.551092,0.09774215519428253,1.0,0.9230999946594238
YGL216W,YOR087W,0,-10.552959,0.09773260354995728,1.0,0.9232000112533569
YPR134W,YDR077W,0,-10.55417,0.09772305190563202,1.0,0.92330002784729
YDL105W,YBR050C,0,-10.5556,0.09771350771188736,1.0,0.9233999848365784
YCR096C,YDR175C,0,-10.569352,0.0977039560675621,1.0,0.9235000014305115
YLR251W,YDL101C,0,-10.571295,0.09769441187381744,1.0,0.9236000180244446
YBL061C,YMR094W,0,-10.573321,0.09768486768007278,1.0,0.9236999750137329
YBR009C,YJL041W,0,-10.57534,0.09767533093690872,1.0,0.923799991607666
YNR013C,YKL091C,0,-10.575873,0.09766578674316406,1.0,0.9239000082015991
YDR334W,YIL003W,0,-10.578565,0.09765625,1.0,0.9240000247955322
YDR003W,YPL061W,0,-10.582658,0.09764671325683594,1.0,0.9240999817848206
YNR047W,YNL118C,0,-10.583683,0.09763717651367188,1.0,0.9241999983787537
YLR174W,YKR064W,0,-10.590314,0.09762764722108841,1.0,0.9243000149726868
YPR108W,YHL027W,0,-10.592218,0.09761811792850494,1.0,0.9243999719619751
YAR050W,YNL085W,0,-10.5922365,0.09760858863592148,1.0,0.9244999885559082
YML049C,YLL039C,0,-10.595214,0.09759905934333801,1.0,0.9246000051498413
YPL087W,YFR019W,0,-10.595406,0.09758953750133514,1.0,0.9247000217437744
YMR138W,YLR102C,0,-10.603156,0.09758001565933228,1.0,0.9247999787330627
YDR188W,YDR329C,0,-10.603629,0.0975704938173294,1.0,0.9248999953269958
YER149C,YGR013W,0,-10.604506,0.09756097197532654,1.0,0.925000011920929
YCR038C,YNL188W,0,-10.6069,0.09755145758390427,1.0,0.9251000285148621
YKR103W,YBL005W,0,-10.609492,0.097541943192482,1.0,0.9251999855041504
YLR431C,YIR002C,0,-10.616259,0.09753242880105972,1.0,0.9253000020980835
YHR028C,YGL066W,0,-10.616689,0.09752291440963745,1.0,0.9254000186920166
YLR004C,YOR266W,0,-10.619889,0.09751340746879578,1.0,0.9254999756813049
YDR447C,YHR135C,0,-10.620139,0.0975039005279541,1.0,0.925599992275238
YBR173C,YHR165C,0,-10.620149,0.09749439358711243,1.0,0.9257000088691711
YEL040W,YAL010C,0,-10.622212,0.09748488664627075,1.0,0.9258000254631042
YPL161C,YDL067C,0,-10.622691,0.09747538715600967,1.0,0.9258999824523926
YGR200C,YDR458C,0,-10.625288,0.0974658876657486,1.0,0.9259999990463257
YMR028W,YGR106C,0,-10.626154,0.09745638817548752,1.0,0.9261000156402588
YCR069W,YNL270C,0,-10.630872,0.09744688868522644,1.0,0.9261999726295471
YCR096C,YLL009C,0,-10.630877,0.09743739664554596,1.0,0.9262999892234802
YLR115W,YAL062W,0,-10.631835,0.09742790460586548,1.0,0.9264000058174133
YLR052W,YAL043C,0,-10.63371,0.097418412566185,1.0,0.9265000224113464
YNL048W,YGL044C,0,-10.635479,0.09740892052650452,1.0,0.9265999794006348
YDL091C,YPL075W,0,-10.637402,0.09739943593740463,1.0,0.9266999959945679
YDR383C,YDL190C,0,-10.638612,0.09738995134830475,1.0,0.926800012588501
YNL107W,YOL045W,0,-10.640481,0.09738046675920486,1.0,0.9269000291824341
YDL002C,YMR231W,0,-10.641055,0.09737098217010498,1.0,0.9269999861717224
YMR179W,YMR298W,0,-10.641322,0.0973615050315857,1.0,0.9271000027656555
YPR041W,YNR058W,0,-10.64721,0.0973520278930664,1.0,0.9272000193595886
YJR064W,YOR350C,0,-10.648103,0.09734255075454712,1.0,0.927299976348877
YHR133C,YIL112W,0,-10.648379,0.09733307361602783,1.0,0.9273999929428101
YAL048C,YDR027C,0,-10.650337,0.09732360392808914,1.0,0.9275000095367432
YHR129C,YHR209W,0,-10.6506605,0.09731412678956985,1.0,0.9276000261306763
YBR107C,YMR095C,0,-10.651405,0.09730466455221176,1.0,0.9276999831199646
YPR166C,YMR322C,0,-10.653628,0.09729519486427307,1.0,0.9277999997138977
YLR191W,YOR350C,0,-10.653962,0.09728572517633438,1.0,0.9279000163078308
YPR178W,YHR186C,0,-10.654321,0.09727626293897629,1.0,0.9279999732971191
YLR023C,YHR060W,0,-10.6558695,0.0972668007016182,1.0,0.9280999898910522
YNR059W,YNL085W,0,-10.660604,0.0972573459148407,1.0,0.9282000064849854
YCL008C,YFR027W,0,-10.661975,0.0972478836774826,1.0,0.9283000230789185
YDR349C,YPL234C,0,-10.664812,0.09723842889070511,1.0,0.9283999800682068
YDL089W,YOR274W,0,-10.665519,0.09722897410392761,1.0,0.9284999966621399
YJL141C,YDR104C,0,-10.666514,0.09721951931715012,1.0,0.928600013256073
YJL164C,YAL042W,0,-10.667058,0.09721007198095322,1.0,0.9286999702453613
YGL213C,YOR299W,0,-10.667268,0.09720062464475632,1.0,0.9287999868392944
YDR486C,YNL172W,0,-10.667581,0.09719117730855942,1.0,0.9289000034332275
YLR144C,YIL145C,0,-10.671779,0.09718172997236252,1.0,0.9290000200271606
YCL061C,YIL140W,0,-10.673555,0.09717229008674622,1.0,0.929099977016449
YMR192W,YAL062W,0,-10.67637,0.09716284275054932,1.0,0.9291999936103821
YHR050W,YGL137W,0,-10.678163,0.09715340286493301,1.0,0.9293000102043152
YPR156C,YNL199C,0,-10.682046,0.09714397042989731,1.0,0.9294000267982483
YMR188C,YMR163C,0,-10.684258,0.097134530544281,1.0,0.9294999837875366
YDR127W,YKL080W,0,-10.685649,0.0971250981092453,1.0,0.9296000003814697
YML125C,YBR123C,0,-10.688815,0.0971156656742096,1.0,0.9297000169754028
YDR318W,YIR004W,0,-10.69379,0.09710623323917389,1.0,0.9297999739646912
YLL061W,YNL029C,0,-10.699729,0.09709680825471878,1.0,0.9298999905586243
YJR080C,YLR067C,0,-10.700628,0.09708737581968307,1.0,0.9300000071525574
YHL002W,YML104C,0,-10.702077,0.09707795083522797,1.0,0.9301000237464905
YDR358W,YDL225W,0,-10.704521,0.09706853330135345,1.0,0.9301999807357788
YPL094C,YGL065C,0,-10.706157,0.09705910831689835,1.0,0.9302999973297119
YDR079W,YKL150W,0,-10.707472,0.09704969078302383,1.0,0.930400013923645
YKR037C,YML031W,0,-10.710425,0.09704027324914932,1.0,0.9304999709129333
YGR092W,YBR073W,0,-10.715159,0.09703085571527481,1.0,0.9305999875068665
YJL053W,YMR281W,0,-10.715442,0.0970214381814003,1.0,0.9307000041007996
YJL179W,YJR090C,0,-10.7157755,0.09701202809810638,1.0,0.9308000206947327
YER072W,YDL146W,0,-10.716177,0.09700261801481247,1.0,0.930899977684021
YPL147W,YMR036C,0,-10.716289,0.09699320793151855,1.0,0.9309999942779541
YJL136C,YGR223C,0,-10.723005,0.09698380529880524,1.0,0.9311000108718872
YML048W,YKL041W,0,-10.724377,0.09697439521551132,1.0,0.9312000274658203
YKL093W,YJR150C,0,-10.726143,0.096964992582798,1.0,0.9312999844551086
YLR386W,YOL094C,0,-10.72776,0.09695559740066528,1.0,0.9314000010490417
YOR330C,YPR162C,0,-10.728869,0.09694619476795197,1.0,0.9315000176429749
YDR238C,YPL195W,0,-10.731816,0.09693679958581924,1.0,0.9315999746322632
YJR014W,YDR036C,0,-10.734294,0.09692740440368652,1.0,0.9316999912261963
YOL072W,YKR083C,0,-10.736755,0.0969180092215538,1.0,0.9318000078201294
YLR086W,YDR349C,0,-10.737224,0.09690861403942108,1.0,0.9319000244140625
YNR059W,YGL058W,0,-10.738263,0.09689922630786896,1.0,0.9319999814033508
YPL246C,YDR071C,0,-10.7393,0.09688983857631683,1.0,0.9320999979972839
YAL024C,YGL142C,0,-10.740576,0.09688045084476471,1.0,0.932200014591217
YLR386W,YLR016C,0,-10.745185,0.09687106311321259,1.0,0.9322999715805054
YBL034C,YIL143C,0,-10.749019,0.09686168283224106,1.0,0.9323999881744385
YPL065W,YPL255W,0,-10.751315,0.09685230255126953,1.0,0.9325000047683716
YNL151C,YPL163C,0,-10.753007,0.096842922270298,1.0,0.9326000213623047
YDR368W,YMR156C,0,-10.753895,0.09683354198932648,1.0,0.932699978351593
YOR106W,YKL150W,0,-10.75612,0.09682416915893555,1.0,0.9327999949455261
YJL134W,YER109C,0,-10.765397,0.09681479632854462,1.0,0.9329000115394592
YGL134W,YER041W,0,-10.767691,0.09680542349815369,1.0,0.9330000281333923
YNL224C,YGL172W,0,-10.768941,0.09679605066776276,1.0,0.9330999851226807
YOR106W,YDR379W,0,-10.76957,0.09678668528795242,1.0,0.9332000017166138
YLR381W,YPR066W,0,-10.769679,0.09677731245756149,1.0,0.9333000183105469
YKL034W,YPR158W,0,-10.770506,0.09676794707775116,1.0,0.9333999752998352
YBR039W,YDR518W,0,-10.772567,0.09675858914852142,1.0,0.9334999918937683
YGL092W,YNL138W,0,-10.775329,0.09674922376871109,1.0,0.9336000084877014
YOR332W,YGR141W,0,-10.776519,0.09673986583948135,1.0,0.9337000250816345
YLR268W,YNR019W,0,-10.778243,0.09673050791025162,1.0,0.9337999820709229
YLR381W,YDR036C,0,-10.782298,0.09672114998102188,1.0,0.933899998664856
YGR231C,YNL032W,0,-10.788336,0.09671179950237274,1.0,0.9340000152587891
YGL130W,YBL005W,0,-10.788574,0.0967024490237236,1.0,0.9340999722480774
YLR353W,YHR147C,0,-10.791055,0.09669309854507446,1.0,0.9341999888420105
YJL154C,YHR166C,0,-10.798776,0.09668374806642532,1.0,0.9343000054359436
YDR189W,YCL034W,0,-10.800376,0.09667439758777618,1.0,0.9344000220298767
YNR043W,YDR436W,0,-10.801603,0.09666505455970764,1.0,0.934499979019165
YLR004C,YBR172C,0,-10.807016,0.0966557115316391,1.0,0.9345999956130981
YNL032W,YDR318W,0,-10.811258,0.09664636850357056,1.0,0.9347000122070312
YMR314W,YJR076C,0,-10.811315,0.09663703292608261,1.0,0.9348000288009644
YNR001C,YER083C,0,-10.817015,0.09662768989801407,1.0,0.9348999857902527
YAL047C,YFL030W,0,-10.817341,0.09661835432052612,1.0,0.9350000023841858
YOR008C,YJL012C,0,-10.822086,0.09660902619361877,1.0,0.9351000189781189
YAL058W,YJR099W,0,-10.823497,0.09659969061613083,1.0,0.9351999759674072
YLL033W,YJR025C,0,-10.824748,0.09659036248922348,1.0,0.9352999925613403
YGR233C,YGR028W,0,-10.824993,0.09658103436231613,1.0,0.9354000091552734
YDR016C,YNL315C,0,-10.825289,0.09657170623540878,1.0,0.9355000257492065
YJR147W,YGL032C,0,-10.827404,0.09656237810850143,1.0,0.9355999827384949
YNR035C,YGL105W,0,-10.827605,0.09655305743217468,1.0,0.935699999332428
YIL088C,YOL122C,0,-10.828492,0.09654373675584793,1.0,0.9358000159263611
YNL330C,YGR238C,0,-10.828853,0.09653441607952118,1.0,0.9358999729156494
YGL224C,YJL145W,0,-10.82978,0.09652509540319443,1.0,0.9359999895095825
YKR088C,YNL082W,0,-10.831145,0.09651578217744827,1.0,0.9361000061035156
YCR011C,YDR322C-A,0,-10.832956,0.09650646895170212,1.0,0.9362000226974487
YML094W,YML109W,0,-10.834746,0.09649715572595596,1.0,0.9362999796867371
YGR028W,YAL034W-A,0,-10.836362,0.09648784250020981,1.0,0.9363999962806702
YHR058C,YHR151C,0,-10.8371725,0.09647853672504425,1.0,0.9365000128746033
YGR178C,YOL138C,0,-10.83898,0.0964692234992981,1.0,0.9366000294685364
YKR100C,YPL008W,0,-10.840449,0.09645991772413254,1.0,0.9366999864578247
YML034W,YLR142W,0,-10.841311,0.09645061939954758,1.0,0.9368000030517578
YPR168W,YML088W,0,-10.842355,0.09644131362438202,1.0,0.9369000196456909
YMR133W,YKL189W,0,-10.845639,0.09643201529979706,1.0,0.9369999766349792
YFR050C,YJR048W,0,-10.8506365,0.0964227169752121,1.0,0.9370999932289124
YOR269W,YGL098W,0,-10.8508215,0.09641341865062714,1.0,0.9372000098228455
YFL041W,YCL038C,0,-10.8565645,0.09640412777662277,1.0,0.9373000264167786
YMR311C,YNR037C,0,-10.857402,0.09639483690261841,1.0,0.9373999834060669
YDR376W,YKL092C,0,-10.859193,0.09638553857803345,1.0,0.9375
YMR145C,YPL171C,0,-10.862501,0.09637625515460968,1.0,0.9376000165939331
YOR028C,YER183C,0,-10.86336,0.09636696428060532,1.0,0.9376999735832214
YLR004C,YOR275C,0,-10.87316,0.09635768085718155,1.0,0.9377999901771545
YIL033C,YLR233C,0,-10.87399,0.09634839743375778,1.0,0.9379000067710876
YHR166C,YDL036C,0,-10.874558,0.09633911401033401,1.0,0.9380000233650208
YOR030W,YJL214W,0,-10.879243,0.09632983058691025,1.0,0.9380999803543091
YML029W,YCL008C,0,-10.879485,0.09632055461406708,1.0,0.9381999969482422
YDR440W,YDR108W,0,-10.88001,0.09631127864122391,1.0,0.9383000135421753
YDR354W,YDR435C,0,-10.887875,0.09630200266838074,1.0,0.9383999705314636
YPL178W,YLR266C,0,-10.890021,0.09629272669553757,1.0,0.9384999871253967
YML121W,YER113C,0,-10.892377,0.096283458173275,1.0,0.9386000037193298
YCR008W,YFL028C,0,-10.895621,0.09627418965101242,1.0,0.9387000203132629
YOR073W,YLR288C,0,-10.898038,0.09626492112874985,1.0,0.9387999773025513
YOR165W,YDL154W,0,-10.898854,0.09625565260648727,1.0,0.9388999938964844
YAL051W,YKL132C,0,-10.899776,0.0962463915348053,1.0,0.9390000104904175
YHR153C,YPL200W,0,-10.9001465,0.09623713046312332,1.0,0.9391000270843506
YPR028W,YOL032W,0,-10.900562,0.09622786939144135,1.0,0.9391999840736389
YBL085W,YMR035W,0,-10.904448,0.09621860831975937,1.0,0.939300000667572
YEL052W,YDR353W,0,-10.908352,0.09620935469865799,1.0,0.9394000172615051
YHR158C,YMR289W,0,-10.908488,0.09620009362697601,1.0,0.9394999742507935
YMR304W,YLR247C,0,-10.90932,0.09619084000587463,1.0,0.9395999908447266
YLR450W,YJL020C,0,-10.909839,0.09618159383535385,1.0,0.9397000074386597
YDR261C,YOR216C,0,-10.911092,0.09617234021425247,1.0,0.9398000240325928
YOL136C,YKR101W,0,-10.91357,0.09616309404373169,1.0,0.9398999810218811
YOL078W,YOR085W,0,-10.915557,0.09615384787321091,1.0,0.9399999976158142
YJL084C,YLR433C,0,-10.915883,0.09614460170269012,1.0,0.9401000142097473
YCR106W,YOR299W,0,-10.9160185,0.09613535553216934,1.0,0.9401999711990356
YDR453C,YNR048W,0,-10.918002,0.09612611681222916,1.0,0.9402999877929688
YIL023C,YJL057C,0,-10.919667,0.09611687809228897,1.0,0.9404000043869019
YOR175C,YDR378C,0,-10.9216795,0.09610763937234879,1.0,0.940500020980835
YHL002W,YPL111W,0,-10.921764,0.0960984081029892,1.0,0.9405999779701233
YCL029C,YNL167C,0,-10.923514,0.09608916938304901,1.0,0.9406999945640564
YBR199W,YLR389C,0,-10.928567,0.09607993811368942,1.0,0.9408000111579895
YJL008C,YOR005C,0,-10.930101,0.09607070684432983,1.0,0.9409000277519226
YDR486C,YOR171C,0,-10.931897,0.09606148302555084,1.0,0.9409999847412109
YNL224C,YDR054C,0,-10.933782,0.09605225175619125,1.0,0.941100001335144
YER029C,YOR042W,0,-10.934054,0.09604302793741226,1.0,0.9412000179290771
YOR148C,YOL145C,0,-10.937791,0.09603380411863327,1.0,0.9412999749183655
YML128C,YDL247W,0,-10.942727,0.09602458029985428,1.0,0.9413999915122986
YAL020C,YHR102W,0,-10.946826,0.09601536393165588,1.0,0.9415000081062317
YJL047C,YBR301W,0,-10.948047,0.09600614756345749,1.0,0.9416000247001648
YML130C,YKR077W,0,-10.950307,0.0959969311952591,1.0,0.9416999816894531
YER104W,YCR037C,0,-10.950446,0.0959877148270607,1.0,0.9417999982833862
YJL062W,YDR192C,0,-10.954651,0.0959784984588623,1.0,0.9419000148773193
YBR199W,YDL116W,0,-10.961498,0.0959692895412445,1.0,0.9419999718666077
YFR037C,YNR031C,0,-10.965348,0.09596008062362671,1.0,0.9420999884605408
YPL020C,YER057C,0,-10.966424,0.09595087170600891,1.0,0.9422000050544739
YHR181W,YAL002W,0,-10.970364,0.09594167023897171,1.0,0.942300021648407
YDR470C,YBL085W,0,-10.971587,0.09593246132135391,1.0,0.9423999786376953
YKR061W,YBR280C,0,-10.973009,0.09592325985431671,1.0,0.9424999952316284
YER155C,YBL005W,0,-10.973268,0.09591405838727951,1.0,0.9426000118255615
YKR014C,YPR030W,0,-10.975015,0.0959048643708229,1.0,0.9427000284194946
YOR032C,YIR028W,0,-10.975696,0.0958956629037857,1.0,0.942799985408783
YOR257W,YOL068C,0,-10.978728,0.0958864688873291,1.0,0.9429000020027161
YGL002W,YDR294C,0,-10.979854,0.0958772748708725,1.0,0.9430000185966492
YPL270W,YOR007C,0,-10.984464,0.09586808830499649,1.0,0.9430999755859375
YCR053W,YHR103W,0,-10.985656,0.09585889428853989,1.0,0.9431999921798706
YMR135C,YML068W,0,-10.987946,0.09584970772266388,1.0,0.9433000087738037
YOR059C,YMR094W,0,-10.988346,0.09584052115678787,1.0,0.9434000253677368
YOR213C,YNL280C,0,-10.989911,0.09583133459091187,1.0,0.9434999823570251
YMR273C,YML070W,0,-10.992808,0.09582215547561646,1.0,0.9435999989509583
YER111C,YLR117C,0,-10.994012,0.09581297636032104,1.0,0.9437000155448914
YNL265C,YBR297W,0,-10.995777,0.09580379724502563,1.0,0.9437999725341797
YJL085W,YGL098W,0,-10.997628,0.09579461812973022,1.0,0.9438999891281128
YDR233C,YPL151C,0,-10.998165,0.09578543901443481,1.0,0.9440000057220459
YGL250W,YHR166C,0,-11.00358,0.09577626734972,1.0,0.944100022315979
YOR329C,YDR540C,0,-11.00631,0.09576709568500519,1.0,0.9441999793052673
YNL047C,YJL105W,0,-11.011549,0.09575792402029037,1.0,0.9442999958992004
YIL026C,YLR250W,0,-11.014697,0.09574875235557556,1.0,0.9444000124931335
YJL102W,YOR308C,0,-11.016731,0.09573958814144135,1.0,0.9445000290870667
YAL024C,YGR003W,0,-11.023532,0.09573042392730713,1.0,0.944599986076355
YGL064C,YGL250W,0,-11.026938,0.09572125971317291,1.0,0.9447000026702881
YDR276C,YML074C,0,-11.02971,0.0957120954990387,1.0,0.9448000192642212
YFR041C,YPR083W,0,-11.030787,0.09570293873548508,1.0,0.9448999762535095
YKL074C,YER175C,0,-11.031003,0.09569378197193146,1.0,0.9449999928474426
YHL038C,YBL015W,0,-11.032786,0.09568462520837784,1.0,0.9451000094413757
YMR135C,YKR068C,0,-11.035733,0.09567546844482422,1.0,0.9452000260353088
YNL079C,YML068W,0,-11.037099,0.0956663191318512,1.0,0.9452999830245972
YMR213W,YDL044C,0,-11.037553,0.09565716236829758,1.0,0.9453999996185303
YGR238C,YMR095C,0,-11.038265,0.09564801305532455,1.0,0.9455000162124634
YOR075W,YOR069W,0,-11.039511,0.09563887119293213,1.0,0.9455999732017517
YDL095W,YKL101W,0,-11.040357,0.0956297218799591,1.0,0.9456999897956848
YDR463W,YJL111W,0,-11.041066,0.09562058001756668,1.0,0.9458000063896179
YDR435C,YER070W,0,-11.042085,0.09561143815517426,1.0,0.945900022983551
YIR024C,YER150W,0,-11.049096,0.09560229629278183,1.0,0.9459999799728394
YLR127C,YCR048W,0,-11.054694,0.0955931544303894,1.0,0.9460999965667725
YOR288C,YDR451C,0,-11.055354,0.09558402001857758,1.0,0.9462000131607056
YKL132C,YJR006W,0,-11.055402,0.09557488560676575,1.0,0.9463000297546387
YMR314W,YLR292C,0,-11.056293,0.09556575119495392,1.0,0.946399986743927
YEL027W,YLR166C,0,-11.063512,0.09555661678314209,1.0,0.9465000033378601
YDL033C,YDR351W,0,-11.063901,0.09554748982191086,1.0,0.9466000199317932
YJL186W,YML017W,0,-11.064034,0.09553835541009903,1.0,0.9466999769210815
YGL203C,YBR102C,0,-11.0649805,0.0955292284488678,1.0,0.9467999935150146
YKL149C,YGL194C,0,-11.065693,0.09552010893821716,1.0,0.9469000101089478
YHR120W,YJL073W,0,-11.067407,0.09551098197698593,1.0,0.9470000267028809
YDL161W,YOR005C,0,-11.0693865,0.0955018624663353,1.0,0.9470999836921692
YMR314W,YGR181W,0,-11.073269,0.09549274295568466,1.0,0.9472000002861023
YKR021W,YML004C,0,-11.073777,0.09548362344503403,1.0,0.9473000168800354
YDR227W,YFL055W,0,-11.077806,0.09547451138496399,1.0,0.9473999738693237
YLR295C,YOR191W,0,-11.082475,0.09546539187431335,1.0,0.9474999904632568
YJR055W,YKL174C,0,-11.084624,0.09545627981424332,1.0,0.9476000070571899
YPL003W,YJR014W,0,-11.0913315,0.09544716775417328,1.0,0.947700023651123
YIL146C,YDL216C,0,-11.094937,0.09543806314468384,1.0,0.9477999806404114
YLR394W,YNR058W,0,-11.094996,0.0954289510846138,1.0,0.9478999972343445
YCR066W,YJR135C,0,-11.096063,0.09541984647512436,1.0,0.9480000138282776
YFR005C,YMR100W,0,-11.100192,0.09541074186563492,1.0,0.9480999708175659
YBL075C,YMR024W,0,-11.10303,0.09540163725614548,1.0,0.948199987411499
YDL046W,YER100W,0,-11.10608,0.09539254009723663,1.0,0.9483000040054321
YBR094W,YKL055C,0,-11.107691,0.09538344293832779,1.0,0.9484000205993652
YMR292W,YGR206W,0,-11.111667,0.09537434577941895,1.0,0.9484999775886536
YNL265C,YIR024C,0,-11.112929,0.0953652486205101,1.0,0.9485999941825867
YIL097W,YAL035W,0,-11.114472,0.09535615891218185,1.0,0.9487000107765198
YOL103W,YLR147C,0,-11.117883,0.09534706175327301,1.0,0.9488000273704529
YEL002C,YER057C,0,-11.118437,0.09533797204494476,1.0,0.9488999843597412
YDL099W,YDR225W,0,-11.118515,0.09532888233661652,1.0,0.9490000009536743
YOL143C,YKR002W,0,-11.120721,0.09531980007886887,1.0,0.9491000175476074
YKL148C,YDR036C,0,-11.1252985,0.09531071037054062,1.0,0.9491999745368958
YNL059C,YLR427W,0,-11.125585,0.09530162811279297,1.0,0.9492999911308289
YOR175C,YLR176C,0,-11.126121,0.09529254585504532,1.0,0.949400007724762
YDL113C,YLL029W,0,-11.128374,0.09528347104787827,1.0,0.9495000243186951
YDR027C,YMR236W,0,-11.130441,0.09527438879013062,1.0,0.9495999813079834
YHR041C,YLR114C,0,-11.141914,0.09526531398296356,1.0,0.9496999979019165
YER072W,YGL244W,0,-11.142413,0.09525623917579651,1.0,0.9498000144958496
YCR024C,YGL163C,0,-11.144082,0.09524716436862946,1.0,0.9498999714851379
YCR002C,YAR019C,0,-11.144351,0.095238097012043,1.0,0.949999988079071
YGL012W,YBR004C,0,-11.144698,0.09522902220487595,1.0,0.9501000046730042
YGL216W,YAL012W,0,-11.144701,0.09521995484828949,1.0,0.9502000212669373
YGR285C,YDL076C,0,-11.144826,0.09521089494228363,1.0,0.9502999782562256
YPL258C,YPR095C,0,-11.145648,0.09520182758569717,1.0,0.9503999948501587
YGR047C,YBL015W,0,-11.146432,0.09519276767969131,1.0,0.9505000114440918
YPR158W,YKL096W-A,0,-11.151652,0.09518370777368546,1.0,0.9506000280380249
YDL212W,YNL091W,0,-11.152892,0.0951746478676796,1.0,0.9506999850273132
YLR067C,YDR386W,0,-11.160115,0.09516558796167374,1.0,0.9508000016212463
YER004W,YPR121W,0,-11.163335,0.09515653550624847,1.0,0.9509000182151794
YOR257W,YBL025W,0,-11.168515,0.09514747560024261,1.0,0.9509999752044678
YKL126W,YPL181W,0,-11.172204,0.09513842314481735,1.0,0.9510999917984009
YER114C,YGL175C,0,-11.17595,0.09512937813997269,1.0,0.951200008392334
YNL330C,YJL101C,0,-11.177276,0.09512032568454742,1.0,0.9513000249862671
YDR227W,YMR289W,0,-11.182061,0.09511128067970276,1.0,0.9513999819755554
YIL052C,YPR083W,0,-11.187071,0.0951022356748581,1.0,0.9514999985694885
YNL265C,YPR083W,0,-11.188075,0.09509319067001343,1.0,0.9516000151634216
YJL158C,YJL128C,0,-11.18851,0.09508415311574936,1.0,0.95169997215271
YDR403W,YMR115W,0,-11.189788,0.0950751081109047,1.0,0.9517999887466431
YLR453C,YHR166C,0,-11.195613,0.09506607055664062,1.0,0.9519000053405762
YLR238W,YMR071C,0,-11.207534,0.09505703300237656,1.0,0.9520000219345093
YOR023C,YMR274C,0,-11.211623,0.09504800289869308,1.0,0.9520999789237976
YNL036W,YJL140W,0,-11.213049,0.09503896534442902,1.0,0.9521999955177307
YBR103W,YDR463W,0,-11.215153,0.09502993524074554,1.0,0.9523000121116638
YDR503C,YLR039C,0,-11.216754,0.09502090513706207,1.0,0.9524000287055969
YDR377W,YKL203C,0,-11.217391,0.0950118750333786,1.0,0.9524999856948853
YJR144W,YDR169C,0,-11.218659,0.09500285238027573,1.0,0.9526000022888184
YGR097W,YGR247W,0,-11.220412,0.09499382227659225,1.0,0.9527000188827515
YKL052C,YDR099W,0,-11.221518,0.09498479962348938,1.0,0.9527999758720398
YPL161C,YDR388W,0,-11.226998,0.0949757844209671,1.0,0.9528999924659729
YLR353W,YLR246W,0,-11.227008,0.09496676176786423,1.0,0.953000009059906
YER086W,YDR482C,0,-11.228385,0.09495774656534195,1.0,0.9531000256538391
YDR320C-A,YOR173W,0,-11.228473,0.09494873136281967,1.0,0.9531999826431274
YBR129C,YPL259C,0,-11.228805,0.0949397161602974,1.0,0.9532999992370605
YMR041C,YKL041W,0,-11.230894,0.09493070095777512,1.0,0.9534000158309937
YKL067W,YBR043C,0,-11.23486,0.09492169320583344,1.0,0.953499972820282
YOR058C,YOR020C,0,-11.23661,0.09491267800331116,1.0,0.9535999894142151
YDR296W,YBR043C,0,-11.238606,0.09490367025136948,1.0,0.9537000060081482
YOL156W,YML101C,0,-11.240531,0.09489466995000839,1.0,0.9538000226020813
YDL033C,YDL085W,0,-11.244838,0.09488566219806671,1.0,0.9538999795913696
YML076C,YGR057C,0,-11.24497,0.09487666189670563,1.0,0.9539999961853027
YBR163W,YIL036W,0,-11.253278,0.09486766159534454,1.0,0.9541000127792358
YKL007W,YER013W,0,-11.255992,0.09485866129398346,1.0,0.954200029373169
YOR155C,YKL042W,0,-11.257614,0.09484966099262238,1.0,0.9542999863624573
YLR318W,YOR250C,0,-11.258111,0.09484066814184189,1.0,0.9544000029563904
YMR243C,YCL004W,0,-11.258416,0.0948316752910614,1.0,0.9545000195503235
YJR118C,YBR114W,0,-11.258585,0.09482268244028091,1.0,0.9545999765396118
YPL098C,YBL101C,0,-11.259708,0.09481368958950043,1.0,0.9546999931335449
YOR071C,YIL109C,0,-11.262313,0.09480470418930054,1.0,0.954800009727478
YER166W,YKL065C,0,-11.271312,0.09479571878910065,1.0,0.9549000263214111
YPL074W,YOR076C,0,-11.271911,0.09478673338890076,1.0,0.9549999833106995
YIL136W,YGL167C,0,-11.272269,0.09477774798870087,1.0,0.9550999999046326
YBL066C,YJR084W,0,-11.272645,0.09476876258850098,1.0,0.9552000164985657
YIL106W,YDL076C,0,-11.276986,0.09475978463888168,1.0,0.955299973487854
YDR519W,YMR054W,0,-11.277116,0.09475080668926239,1.0,0.9553999900817871
YML130C,YJR109C,0,-11.280084,0.0947418287396431,1.0,0.9555000066757202
YIL129C,YGR133W,0,-11.283254,0.0947328507900238,1.0,0.9556000232696533
YMR165C,YDR236C,0,-11.284562,0.09472388029098511,1.0,0.9556999802589417
YKR046C,YDR497C,0,-11.287292,0.09471490979194641,1.0,0.9557999968528748
YFR009W,YKL145W,0,-11.289846,0.09470593929290771,1.0,0.9559000134468079
YNL271C,YKL204W,0,-11.294241,0.09469696879386902,1.0,0.9559999704360962
YER104W,YAL011W,0,-11.303458,0.09468800574541092,1.0,0.9560999870300293
YFR048W,YMR182C,0,-11.304397,0.09467903524637222,1.0,0.9562000036239624
YLR410W,YJL161W,0,-11.307294,0.09467007219791412,1.0,0.9563000202178955
YGL212W,YNL229C,0,-11.309136,0.09466111660003662,1.0,0.9563999772071838
YCR069W,YIR028W,0,-11.310141,0.09465215355157852,1.0,0.9564999938011169
YDR358W,YKL046C,0,-11.310752,0.09464319795370102,1.0,0.95660001039505
YNR006W,YBR136W,0,-11.310777,0.09463424235582352,1.0,0.9567000269889832
YLR360W,YML049C,0,-11.312146,0.09462528675794601,1.0,0.9567999839782715
YMR145C,YGR057C,0,-11.318094,0.09461633116006851,1.0,0.9569000005722046
YKL132C,YJR005W,0,-11.31914,0.0946073830127716,1.0,0.9570000171661377
YKL217W,YCL069W,0,-11.320887,0.0945984274148941,1.0,0.957099974155426
YJR052W,YLR288C,0,-11.3271265,0.0945894792675972,1.0,0.9571999907493591
YDR160W,YER150W,0,-11.328831,0.09458053857088089,1.0,0.9573000073432922
YBR026C,YBR172C,0,-11.329002,0.09457159042358398,1.0,0.9574000239372253
YLR427W,YGL205W,0,-11.333119,0.09456264972686768,1.0,0.9574999809265137
YJL041W,YBL015W,0,-11.333859,0.09455370903015137,1.0,0.9575999975204468
YLR332W,YMR233W,0,-11.341184,0.09454476833343506,1.0,0.9577000141143799
YLR080W,YGL168W,0,-11.342302,0.09453582763671875,1.0,0.9577999711036682
YHR012W,YGL190C,0,-11.342466,0.09452689439058304,1.0,0.9578999876976013
YNL245C,YPL269W,0,-11.342975,0.09451796114444733,1.0,0.9580000042915344
YAL020C,YOL148C,0,-11.343904,0.09450902789831161,1.0,0.9581000208854675
YLL019C,YJL145W,0,-11.344751,0.0945000946521759,1.0,0.9581999778747559
YMR035W,YDR251W,0,-11.351702,0.09449116140604019,1.0,0.958299994468689
YPL269W,YBR275C,0,-11.352205,0.09448223561048508,1.0,0.9584000110626221
YPR054W,YNL099C,0,-11.35881,0.09447330981492996,1.0,0.9585000276565552
YKL073W,YNL243W,0,-11.364371,0.09446438401937485,1.0,0.9585999846458435
YHR037W,YNL133C,0,-11.36519,0.09445546567440033,1.0,0.9587000012397766
YDR216W,YIL160C,0,-11.366359,0.09444653987884521,1.0,0.9588000178337097
YIL039W,YNL072W,0,-11.369943,0.0944376215338707,1.0,0.958899974822998
YPR166C,YBR072W,0,-11.373821,0.09442870318889618,1.0,0.9589999914169312
YIL068C,YGR263C,0,-11.376854,0.09441979229450226,1.0,0.9591000080108643
YDR192C,YMR020W,0,-11.378802,0.09441087394952774,1.0,0.9592000246047974
YKL011C,YOL094C,0,-11.378939,0.09440196305513382,1.0,0.9592999815940857
YDR171W,YER024W,0,-11.379439,0.0943930521607399,1.0,0.9593999981880188
YDR315C,YDR009W,0,-11.383358,0.09438414126634598,1.0,0.9595000147819519
YMR297W,YDR207C,0,-11.383506,0.09437523782253265,1.0,0.9595999717712402
YIL173W,YOR250C,0,-11.3872795,0.09436632692813873,1.0,0.9596999883651733
YIL107C,YBR289W,0,-11.396153,0.09435742348432541,1.0,0.9598000049591064
YBR044C,YNR007C,0,-11.3971405,0.09434852004051208,1.0,0.9599000215530396
YOR255W,YLR013W,0,-11.403142,0.09433962404727936,1.0,0.9599999785423279
YBR205W,YER024W,0,-11.403198,0.09433072060346603,1.0,0.960099995136261
YNL298W,YER022W,0,-11.403661,0.0943218246102333,1.0,0.9602000117301941
YER141W,YDL190C,0,-11.410338,0.09431292861700058,1.0,0.9603000283241272
YPR066W,YML109W,0,-11.411721,0.09430403262376785,1.0,0.9603999853134155
YNL316C,YML109W,0,-11.419738,0.09429514408111572,1.0,0.9605000019073486
YDR350C,YFL021W,0,-11.422997,0.09428625553846359,1.0,0.9606000185012817
YLR431C,YML112W,0,-11.424924,0.09427736699581146,1.0,0.9606999754905701
YGL216W,YOL034W,0,-11.430388,0.09426847845315933,1.0,0.9607999920845032
YMR278W,YOR229W,0,-11.430673,0.0942595899105072,1.0,0.9609000086784363
YDL175C,YFR046C,0,-11.430718,0.09425070881843567,1.0,0.9610000252723694
YKR014C,YHR178W,0,-11.432586,0.09424182772636414,1.0,0.9610999822616577
YKL007W,YDL195W,0,-11.435713,0.0942329466342926,1.0,0.9611999988555908
YBR036C,YDL087C,0,-11.438151,0.09422406554222107,1.0,0.9613000154495239
YER183C,YJL176C,0,-11.448791,0.09421518445014954,1.0,0.9613999724388123
YKR084C,YKR036C,0,-11.455615,0.0942063108086586,1.0,0.9614999890327454
YDL165W,YGL153W,0,-11.456151,0.09419743716716766,1.0,0.9616000056266785
YER048C,YNL180C,0,-11.456263,0.09418856352567673,1.0,0.9617000222206116
YCL005W,YNR031C,0,-11.459698,0.09417969733476639,1.0,0.9617999792098999
YER018C,YAL013W,0,-11.462848,0.09417082369327545,1.0,0.961899995803833
YNL131W,YPL117C,0,-11.467013,0.09416195750236511,1.0,0.9620000123977661
YPL137C,YGL063W,0,-11.471261,0.09415309131145477,1.0,0.9621000289916992
YDR350C,YPL248C,0,-11.475554,0.09414423257112503,1.0,0.9621999859809875
YGL047W,YLR396C,0,-11.477207,0.09413536638021469,1.0,0.9623000025749207
YNR007C,YNL025C,0,-11.479295,0.09412650763988495,1.0,0.9624000191688538
YBR102C,YGR028W,0,-11.484351,0.0941176488995552,1.0,0.9624999761581421
YDR288W,YKR050W,0,-11.484935,0.09410879015922546,1.0,0.9625999927520752
YMR213W,YNL084C,0,-11.48529,0.09409993141889572,1.0,0.9627000093460083
YOL111C,YLR362W,0,-11.485979,0.09409108012914658,1.0,0.9628000259399414
YPR125W,YGR023W,0,-11.486835,0.09408222883939743,1.0,0.9628999829292297
YDL174C,YMR053C,0,-11.4880495,0.09407337754964828,1.0,0.9629999995231628
YNL169C,YJL065C,0,-11.488343,0.09406452625989914,1.0,0.963100016117096
YBR129C,YBR272C,0,-11.489736,0.09405568242073059,1.0,0.9631999731063843
YDR276C,YGL216W,0,-11.489827,0.09404683858156204,1.0,0.9632999897003174
YMR152W,YDL154W,0,-11.491881,0.0940379947423935,1.0,0.9634000062942505
YNR006W,YAL028W,0,-11.493065,0.09402915090322495,1.0,0.9635000228881836
YIR023W,YPL176C,0,-11.493546,0.0940203070640564,1.0,0.9635999798774719
YOR257W,YOR071C,0,-11.503148,0.09401147067546844,1.0,0.963699996471405
YKR013W,YMR081C,0,-11.523649,0.0940026342868805,1.0,0.9638000130653381
YOL054W,YER095W,0,-11.530556,0.09399379789829254,1.0,0.9639000296592712
YNL052W,YNL125C,0,-11.531299,0.09398496150970459,1.0,0.9639999866485596
YIL146C,YDR043C,0,-11.5314865,0.09397613257169724,1.0,0.9641000032424927
YPL075W,YOL154W,0,-11.534095,0.09396729618310928,1.0,0.9642000198364258
YHR188C,YER144C,0,-11.538932,0.09395846724510193,1.0,0.9642999768257141
YNL298W,YOR038C,0,-11.540463,0.09394964575767517,1.0,0.9643999934196472
YIR024C,YLL010C,0,-11.549045,0.09394081681966782,1.0,0.9645000100135803
YER012W,YPL023C,0,-11.556174,0.09393199533224106,1.0,0.9646000266075134
YFR034C,YGR002C,0,-11.557878,0.0939231738448143,1.0,0.9646999835968018
YOR117W,YLR166C,0,-11.562884,0.09391435235738754,1.0,0.9648000001907349
YOR137C,YMR006C,0,-11.569106,0.09390553086996078,1.0,0.964900016784668
YMR202W,YBR214W,0,-11.569478,0.09389671683311462,1.0,0.9649999737739563
YDR128W,YKL039W,0,-11.570129,0.09388789534568787,1.0,0.9650999903678894
YIL143C,YMR234W,0,-11.570138,0.0938790813088417,1.0,0.9652000069618225
YOL072W,YML059C,0,-11.574433,0.09387027472257614,1.0,0.9653000235557556
YIR023W,YDR099W,0,-11.574633,0.09386146068572998,1.0,0.965399980545044
YLR102C,YDL010W,0,-11.579931,0.09385265409946442,1.0,0.965499997138977
YDR225W,YDR308C,0,-11.583194,0.09384384751319885,1.0,0.9656000137329102
YMR077C,YPR021C,0,-11.58845,0.09383504092693329,1.0,0.9656999707221985
YOR281C,YGR088W,0,-11.594113,0.09382623434066772,1.0,0.9657999873161316
YJR138W,YNL036W,0,-11.595214,0.09381742775440216,1.0,0.9659000039100647
YOR328W,YNL265C,0,-11.604388,0.0938086286187172,1.0,0.9660000205039978
YER116C,YDL010W,0,-11.609284,0.09379982948303223,1.0,0.9660999774932861
YIL026C,YDR376W,0,-11.6255245,0.09379103034734726,1.0,0.9661999940872192
YPL161C,YOL143C,0,-11.625751,0.09378223866224289,1.0,0.9663000106811523
YDR104C,YCL058C,0,-11.626195,0.09377344697713852,1.0,0.9664000272750854
YKL094W,YDR462W,0,-11.629045,0.09376464784145355,1.0,0.9664999842643738
YNL064C,YOL001W,0,-11.630294,0.09375585615634918,1.0,0.9666000008583069
YJL023C,YER030W,0,-11.641782,0.09374707192182541,1.0,0.96670001745224
YOR141C,YBL033C,0,-11.650606,0.09373828023672104,1.0,0.9667999744415283
YOL003C,YJR055W,0,-11.656537,0.09372949600219727,1.0,0.9668999910354614
YJL186W,YDL020C,0,-11.658058,0.09372071176767349,1.0,0.9670000076293945
YHR149C,YPR156C,0,-11.6603155,0.09371192753314972,1.0,0.9671000242233276
YEL070W,YPR068C,0,-11.666001,0.09370315074920654,1.0,0.967199981212616
YPL227C,YPL087W,0,-11.667328,0.09369436651468277,1.0,0.9672999978065491
YNL316C,YNL006W,0,-11.682277,0.0936855897307396,1.0,0.9674000144004822
YGL127C,YER017C,0,-11.685302,0.09367681294679642,1.0,0.9674999713897705
YAL041W,YPL118W,0,-11.687888,0.09366804361343384,1.0,0.9675999879837036
YGL025C,YNL167C,0,-11.689633,0.09365926682949066,1.0,0.9677000045776367
YPL133C,YDR251W,0,-11.69336,0.09365049749612808,1.0,0.9678000211715698
YJL085W,YDR104C,0,-11.696809,0.0936417281627655,1.0,0.9678999781608582
YBR102C,YPL230W,0,-11.698188,0.09363295882940292,1.0,0.9679999947547913
YKR037C,YHR123W,0,-11.698326,0.09362418949604034,1.0,0.9681000113487244
YNL103W,YLR380W,0,-11.69962,0.09361542761325836,1.0,0.9682000279426575
YGL068W,YCL035C,0,-11.70722,0.09360666573047638,1.0,0.9682999849319458
YNR052C,YKL166C,0,-11.707295,0.0935979038476944,1.0,0.9684000015258789
YBR019C,YDR224C,0,-11.712226,0.09358914196491241,1.0,0.968500018119812
YHR199C,YGR223C,0,-11.714023,0.09358038753271103,1.0,0.9685999751091003
YGL243W,YMR115W,0,-11.71699,0.09357162564992905,1.0,0.9686999917030334
YNL097C,YJR019C,0,-11.720525,0.09356287121772766,1.0,0.9688000082969666
YNR048W,YPR168W,0,-11.722875,0.09355412423610687,1.0,0.9689000248908997
YMR120C,YDR410C,0,-11.72656,0.09354536980390549,1.0,0.968999981880188
YNL317W,YNR007C,0,-11.727963,0.0935366228222847,1.0,0.9690999984741211
YOR330C,YNR010W,0,-11.730647,0.09352786839008331,1.0,0.9692000150680542
YBR200W,YKL150W,0,-11.735854,0.09351912140846252,1.0,0.9692999720573425
YCR036W,YOR381W,0,-11.738108,0.09351038187742233,1.0,0.9693999886512756
YMR056C,YHR150W,0,-11.747758,0.09350163489580154,1.0,0.9695000052452087
YPR036W,YDL110C,0,-11.749221,0.09349289536476135,1.0,0.9696000218391418
YJL053W,YKL042W,0,-11.75105,0.09348415583372116,1.0,0.9696999788284302
YIL014W,YLR250W,0,-11.759777,0.09347541630268097,1.0,0.9697999954223633
YNL215W,YDR313C,0,-11.76327,0.09346667677164078,1.0,0.9699000120162964
YOR017W,YHR206W,0,-11.766522,0.09345794469118118,1.0,0.9700000286102295
YNL185C,YDR202C,0,-11.769389,0.09344921261072159,1.0,0.9700999855995178
YGL112C,YER143W,0,-11.7700205,0.093440480530262,1.0,0.9702000021934509
YOR038C,YPL055C,0,-11.775481,0.0934317484498024,1.0,0.970300018787384
YPR163C,YLR098C,0,-11.776965,0.0934230163693428,1.0,0.9703999757766724
YMR213W,YFR027W,0,-11.78476,0.0934142917394638,1.0,0.9704999923706055
YKR076W,YCR071C,0,-11.7864485,0.09340556710958481,1.0,0.9706000089645386
YGR002C,YLR288C,0,-11.793391,0.09339684247970581,1.0,0.9707000255584717
YPL161C,YMR123W,0,-11.79408,0.09338811784982681,1.0,0.97079998254776
YHR039C-A,YKR021W,0,-11.794169,0.09337940067052841,1.0,0.9708999991416931
YNL006W,YBL060W,0,-11.796257,0.09337068349123001,1.0,0.9710000157356262
YDR394W,YBR073W,0,-11.799026,0.09336196631193161,1.0,0.9710999727249146
YML057W,YER030W,0,-11.799109,0.09335324913263321,1.0,0.9711999893188477
YFL003C,YAL044C,0,-11.802967,0.09334453195333481,1.0,0.9713000059127808
YPL100W,YDR303C,0,-11.803353,0.093335822224617,1.0,0.9714000225067139
YMR263W,YKL013C,0,-11.80841,0.0933271124958992,1.0,0.9714999794960022
YER098W,YKL135C,0,-11.814013,0.0933184027671814,1.0,0.9715999960899353
YPL094C,YNL243W,0,-11.830382,0.09330969303846359,1.0,0.9717000126838684
YER154W,YPR180W,0,-11.8319235,0.09330099076032639,1.0,0.9718000292778015
YNL041C,YDR044W,0,-11.834296,0.09329228103160858,1.0,0.9718999862670898
YKL198C,YOR076C,0,-11.837619,0.09328357875347137,1.0,0.972000002861023
YPR149W,YKL196C,0,-11.838403,0.09327488392591476,1.0,0.972100019454956
YNR006W,YBR146W,0,-11.844,0.09326618164777756,1.0,0.9721999764442444
YLR394W,YKL012W,0,-11.844784,0.09325748682022095,1.0,0.9722999930381775
YAL039C,YDR169C,0,-11.85028,0.09324878454208374,1.0,0.9724000096321106
YIL107C,YPL063W,0,-11.852232,0.09324008971452713,1.0,0.9725000262260437
YPR083W,YNR046W,0,-11.856193,0.09323140233755112,1.0,0.972599983215332
YOL148C,YOR030W,0,-11.86388,0.0932227075099945,1.0,0.9726999998092651
YOR265W,YPR049C,0,-11.867576,0.0932140201330185,1.0,0.9728000164031982
YPL028W,YBR001C,0,-11.869882,0.09320533275604248,1.0,0.9728999733924866
YGL139W,YCR106W,0,-11.880171,0.09319664537906647,1.0,0.9729999899864197
YKR014C,YNR030W,0,-11.88079,0.09318795800209045,1.0,0.9731000065803528
YBR192W,YKR089C,0,-11.8812,0.09317927807569504,1.0,0.9732000231742859
YHR109W,YJR099W,0,-11.881933,0.09317059814929962,1.0,0.9732999801635742
YKL079W,YDL112W,0,-11.882001,0.0931619182229042,1.0,0.9733999967575073
YKL041W,YBR114W,0,-11.883582,0.09315323829650879,1.0,0.9735000133514404
YNL077W,YBR017C,0,-11.89022,0.09314455837011337,1.0,0.9735999703407288
YDR151C,YFR010W,0,-11.890648,0.09313588589429855,1.0,0.9736999869346619
YNL293W,YHR067W,0,-11.891789,0.09312721341848373,1.0,0.973800003528595
YNR006W,YML051W,0,-11.89227,0.09311854094266891,1.0,0.9739000201225281
YKL139W,YHR029C,0,-11.894434,0.0931098684668541,1.0,0.9739999771118164
YLR187W,YLR461W,0,-11.901988,0.09310120344161987,1.0,0.9740999937057495
YLL004W,YNL159C,0,-11.904969,0.09309253096580505,1.0,0.9742000102996826
YDR453C,YOR216C,0,-11.911558,0.09308386594057083,1.0,0.9743000268936157
YKL119C,YAL028W,0,-11.915394,0.0930752083659172,1.0,0.974399983882904
YNL076W,YDL076C,0,-11.915819,0.09306654334068298,1.0,0.9745000004768372
YLR019W,YBR214W,0,-11.920835,0.09305787831544876,1.0,0.9746000170707703
YBR168W,YIL142W,0,-11.924743,0.09304922074079514,1.0,0.9746999740600586
YLR117C,YPL059W,0,-11.933516,0.09304056316614151,1.0,0.9747999906539917
YDR532C,YPR021C,0,-11.940471,0.09303191304206848,1.0,0.9749000072479248
YER093C,YGL178W,0,-11.946143,0.09302325546741486,1.0,0.9750000238418579
YGL163C,YPR032W,0,-11.952741,0.09301460534334183,1.0,0.9750999808311462
YML099C,YKR089C,0,-11.954948,0.0930059552192688,1.0,0.9751999974250793
YDL204W,YKL203C,0,-11.958055,0.09299730509519577,1.0,0.9753000140190125
YMR041C,YKL012W,0,-11.958831,0.09298865497112274,1.0,0.9753999710083008
YPR019W,YJL153C,0,-11.960759,0.09298001229763031,1.0,0.9754999876022339
YDR369C,YDR121W,0,-11.96255,0.09297136217355728,1.0,0.975600004196167
YNL156C,YNL329C,0,-11.96257,0.09296271950006485,1.0,0.9757000207901001
YBR123C,YBR001C,0,-11.968598,0.09295408427715302,1.0,0.9757999777793884
YMR161W,YDR139C,0,-11.975781,0.09294544160366058,1.0,0.9758999943733215
YDR113C,YNR019W,0,-11.985072,0.09293680638074875,1.0,0.9760000109672546
YDR498C,YOR197W,0,-12.001806,0.09292816370725632,1.0,0.9761000275611877
YDR359C,YIL105C,0,-12.008438,0.09291952848434448,1.0,0.9761999845504761
YHR114W,YNR010W,0,-12.010284,0.09291090071201324,1.0,0.9763000011444092
YKL046C,YBR250W,0,-12.013347,0.09290226548910141,1.0,0.9764000177383423
YDR518W,YML031W,0,-12.013941,0.09289363771677017,1.0,0.9764999747276306
YDR322C-A,YDR137W,0,-12.014095,0.09288500994443893,1.0,0.9765999913215637
YBL006C,YDR004W,0,-12.020463,0.0928763821721077,1.0,0.9767000079154968
YLR288C,YKL189W,0,-12.027766,0.09286775439977646,1.0,0.9768000245094299
YMR213W,YDR104C,0,-12.033361,0.09285913407802582,1.0,0.9768999814987183
YMR077C,YLL010C,0,-12.037634,0.09285051375627518,1.0,0.9769999980926514
YOL078W,YNL029C,0,-12.03977,0.09284189343452454,1.0,0.9771000146865845
YDR116C,YDR163W,0,-12.042154,0.0928332731127739,1.0,0.9771999716758728
YKL079W,YDL198C,0,-12.042241,0.09282465279102325,1.0,0.9772999882698059
YBR102C,YBR205W,0,-12.043657,0.09281603991985321,1.0,0.977400004863739
YIL098C,YEL005C,0,-12.047187,0.09280742704868317,1.0,0.9775000214576721
YOR057W,YGL127C,0,-12.049075,0.09279881417751312,1.0,0.9775999784469604
YGR256W,YLR024C,0,-12.050693,0.09279020130634308,1.0,0.9776999950408936
YOL109W,YJL143W,0,-12.06387,0.09278158843517303,1.0,0.9778000116348267
YIR010W,YAL029C,0,-12.071717,0.09277298301458359,1.0,0.9779000282287598
YBR102C,YMR267W,0,-12.0736,0.09276437759399414,1.0,0.9779999852180481
YLR362W,YNL251C,0,-12.079562,0.0927557721734047,1.0,0.9781000018119812
YGR175C,YNL268W,0,-12.080269,0.09274717420339584,1.0,0.9782000184059143
YDR460W,YJL153C,0,-12.083914,0.0927385687828064,1.0,0.9782999753952026
YOR257W,YDL178W,0,-12.089617,0.09272997081279755,1.0,0.9783999919891357
YLR387C,YNL169C,0,-12.099214,0.0927213728427887,1.0,0.9785000085830688
YPL052W,YGR038W,0,-12.101609,0.09271277487277985,1.0,0.978600025177002
YDL232W,YDL095W,0,-12.107028,0.09270418435335159,1.0,0.9786999821662903
YMR292W,YDR292C,0,-12.1104965,0.09269558638334274,1.0,0.9787999987602234
YJL091C,YPL042C,0,-12.110503,0.09268699586391449,1.0,0.9789000153541565
YNL137C,YDR009W,0,-12.119182,0.09267840534448624,1.0,0.9789999723434448
YJL153C,YER017C,0,-12.126852,0.09266981482505798,1.0,0.9790999889373779
YOR023C,YGL151W,0,-12.135718,0.09266123175621033,1.0,0.979200005531311
YNL048W,YKL117W,0,-12.146678,0.09265264868736267,1.0,0.9793000221252441
YBL088C,YLR324W,0,-12.14755,0.09264405816793442,1.0,0.9793999791145325
YGR006W,YML066C,0,-12.147715,0.09263548254966736,1.0,0.9794999957084656
YDL095W,YDR261C,0,-12.151633,0.0926268994808197,1.0,0.9796000123023987
YPL103C,YNL251C,0,-12.153106,0.09261831641197205,1.0,0.9797000288963318
YOR288C,YHL027W,0,-12.16853,0.09260974079370499,1.0,0.9797999858856201
YLR105C,YDR288W,0,-12.170769,0.09260116517543793,1.0,0.9799000024795532
YLL031C,YHR184W,0,-12.193946,0.09259258955717087,1.0,0.9800000190734863
YOR368W,YOL119C,0,-12.194833,0.0925840213894844,1.0,0.9800999760627747
YGR261C,YPL020C,0,-12.202666,0.09257544577121735,1.0,0.9801999926567078
YDR292C,YDL072C,0,-12.211546,0.09256687760353088,1.0,0.9803000092506409
YKL052C,YGR091W,0,-12.218524,0.09255830943584442,1.0,0.980400025844574
YDR200C,YMR180C,0,-12.230216,0.09254974871873856,1.0,0.9804999828338623
YOR157C,YBR114W,0,-12.2421465,0.0925411805510521,1.0,0.9805999994277954
YPL049C,YNL215W,0,-12.248226,0.09253261983394623,1.0,0.9807000160217285
YLR181C,YPL011C,0,-12.250434,0.09252405911684036,1.0,0.9807999730110168
YGL227W,YML058W,0,-12.251022,0.0925154983997345,1.0,0.98089998960495
YJL153C,YNR007C,0,-12.267868,0.09250693768262863,1.0,0.9810000061988831
YER168C,YNL317W,0,-12.270515,0.09249838441610336,1.0,0.9811000227928162
YHR028C,YLR250W,0,-12.275279,0.0924898236989975,1.0,0.9811999797821045
YBR123C,YML068W,0,-12.280271,0.09248127043247223,1.0,0.9812999963760376
YGR278W,YML052W,0,-12.283772,0.09247271716594696,1.0,0.9814000129699707
YJL082W,YDR294C,0,-12.286792,0.09246417135000229,1.0,0.9815000295639038
YMR137C,YOR304W,0,-12.290917,0.09245561808347702,1.0,0.9815999865531921
YLL029W,YGL223C,0,-12.291033,0.09244707226753235,1.0,0.9817000031471252
YER094C,YOR194C,0,-12.297941,0.09243852645158768,1.0,0.9818000197410583
YJR017C,YBR103W,0,-12.300573,0.092429980635643,1.0,0.9818999767303467
YPR018W,YNL229C,0,-12.301097,0.09242144227027893,1.0,0.9819999933242798
YKL137W,YBR005W,0,-12.303502,0.09241290390491486,1.0,0.9821000099182129
YJR150C,YIL120W,0,-12.3110075,0.09240435808897018,1.0,0.982200026512146
YJR155W,YIR037W,0,-12.321891,0.0923958271741867,1.0,0.9822999835014343
YOR384W,YMR133W,0,-12.323388,0.09238728880882263,1.0,0.9824000000953674
YLR007W,YDL159W,0,-12.323472,0.09237875044345856,1.0,0.9825000166893005
YML025C,YIL111W,0,-12.328838,0.09237021952867508,1.0,0.9825999736785889
YLR154C,YOR003W,0,-12.339276,0.0923616886138916,1.0,0.982699990272522
YBR234C,YLR328W,0,-12.35901,0.09235315769910812,1.0,0.9828000068664551
YDR167W,YOR059C,0,-12.369632,0.09234462678432465,1.0,0.9829000234603882
YHR151C,YKR062W,0,-12.370822,0.09233610332012177,1.0,0.9829999804496765
YOL068C,YCR009C,0,-12.39374,0.09232757985591888,1.0,0.9830999970436096
YKL108W,YOR288C,0,-12.396021,0.092319056391716,1.0,0.9832000136375427
YJR051W,YDR369C,0,-12.401938,0.09231053292751312,1.0,0.983299970626831
YOR324C,YJR113C,0,-12.402648,0.09230200946331024,1.0,0.9833999872207642
YGR261C,YPR133C,0,-12.4045315,0.09229349344968796,1.0,0.9835000038146973
YGR215W,YNR002C,0,-12.406508,0.09228497743606567,1.0,0.9836000204086304
YNL097C,YDR315C,0,-12.41224,0.09227646142244339,1.0,0.9836999773979187
YNL006W,YLR405W,0,-12.414135,0.0922679454088211,1.0,0.9837999939918518
YGR077C,YKL012W,0,-12.417499,0.09225943684577942,1.0,0.9839000105857849
YOL072W,YJR119C,0,-12.42418,0.09225092083215714,1.0,0.984000027179718
YLL031C,YER170W,0,-12.427838,0.09224241226911545,1.0,0.9840999841690063
YML042W,YPL193W,0,-12.446948,0.09223390370607376,1.0,0.9842000007629395
YDR318W,YDR314C,0,-12.453446,0.09222540259361267,1.0,0.9843000173568726
YPL227C,YGR144W,0,-12.459859,0.09221689403057098,1.0,0.9843999743461609
YKL034W,YIL026C,0,-12.461294,0.0922083929181099,1.0,0.984499990940094
YGL045W,YBR114W,0,-12.464485,0.0921998918056488,1.0,0.9846000075340271
YFL008W,YPL154C,0,-12.483205,0.09219139069318771,1.0,0.9847000241279602
YBR282W,YNL091W,0,-12.485566,0.09218288958072662,1.0,0.9847999811172485
YIL062C,YBR164C,0,-12.500977,0.09217439591884613,1.0,0.9848999977111816
YIL122W,YEL011W,0,-12.502405,0.09216590225696564,1.0,0.9850000143051147
YCR044C,YDR082W,0,-12.513656,0.09215740114450455,1.0,0.9850999712944031
YDR309C,YDR349C,0,-12.522334,0.09214891493320465,1.0,0.9851999878883362
YJR091C,YKL155C,0,-12.533297,0.09214042127132416,1.0,0.9853000044822693
YMR021C,YOL033W,0,-12.547229,0.09213193506002426,1.0,0.9854000210762024
YER176W,YOL112W,0,-12.54835,0.09212344884872437,1.0,0.9854999780654907
YNL218W,YKR003W,0,-12.557454,0.09211496263742447,1.0,0.9855999946594238
YLR215C,YMR156C,0,-12.5608425,0.09210647642612457,1.0,0.9857000112533569
YLR442C,YLR025W,0,-12.57635,0.09209799021482468,1.0,0.98580002784729
YPL094C,YML126C,0,-12.582252,0.09208951145410538,1.0,0.9858999848365784
YKL034W,YNL032W,0,-12.584124,0.09208103269338608,1.0,0.9860000014305115
YJR068W,YDR288W,0,-12.585412,0.09207255393266678,1.0,0.9861000180244446
YOR066W,YNL315C,0,-12.587674,0.09206407517194748,1.0,0.9861999750137329
YDR350C,YLR425W,0,-12.590396,0.09205560386180878,1.0,0.986299991607666
YHL027W,YDR347W,0,-12.591346,0.09204712510108948,1.0,0.9864000082015991
YBR171W,YNR019W,0,-12.598756,0.09203865379095078,1.0,0.9865000247955322
YLR362W,YML076C,0,-12.608926,0.09203018248081207,1.0,0.9865999817848206
YER008C,YOR259C,0,-12.629098,0.09202171862125397,1.0,0.9866999983787537
YDR183W,YBR237W,0,-12.62946,0.09201324731111526,1.0,0.9868000149726868
YDR460W,YOR350C,0,-12.643243,0.09200478345155716,1.0,0.9868999719619751
YIL143C,YBR094W,0,-12.648925,0.09199631959199905,1.0,0.9869999885559082
YDR458C,YFL007W,0,-12.65918,0.09198785573244095,1.0,0.9871000051498413
YLR270W,YPR049C,0,-12.659877,0.09197939932346344,1.0,0.9872000217437744
YDL174C,YJR095W,0,-12.669532,0.09197093546390533,1.0,0.9872999787330627
YBL090W,YJL137C,0,-12.673383,0.09196247905492783,1.0,0.9873999953269958
YDR369C,YLR027C,0,-12.67706,0.09195402264595032,1.0,0.987500011920929
YBR243C,YMR236W,0,-12.680954,0.09194556623697281,1.0,0.9876000285148621
YOR257W,YNL330C,0,-12.684558,0.0919371172785759,1.0,0.9876999855041504
YMR137C,YHL023C,0,-12.69468,0.09192866086959839,1.0,0.9878000020980835
YBL064C,YLR304C,0,-12.706724,0.09192021191120148,1.0,0.9879000186920166
YDR178W,YNR037C,0,-12.714783,0.09191176295280457,1.0,0.9879999756813049
YMR192W,YDR462W,0,-12.724557,0.09190331399440765,1.0,0.988099992275238
YLR193C,YDL247W,0,-12.729781,0.09189487248659134,1.0,0.9882000088691711
YLR133W,YNL288W,0,-12.73408,0.09188643097877502,1.0,0.9883000254631042
YGL060W,YPL017C,0,-12.734662,0.09187798947095871,1.0,0.9883999824523926
YNL331C,YOR281C,0,-12.735555,0.0918695479631424,1.0,0.9884999990463257
YKL017C,YDR003W,0,-12.755502,0.09186110645532608,1.0,0.9886000156402588
YNL169C,YNL088W,0,-12.759702,0.09185266494750977,1.0,0.9886999726295471
YMR159C,YER092W,0,-12.765662,0.09184423089027405,1.0,0.9887999892234802
YHR114W,YPL011C,0,-12.767226,0.09183579683303833,1.0,0.9889000058174133
YPL183W-A,YOR279C,0,-12.782626,0.09182736277580261,1.0,0.9890000224113464
YGR278W,YOR259C,0,-12.790378,0.09181893616914749,1.0,0.9890999794006348
YMR197C,YBR205W,0,-12.798084,0.09181050211191177,1.0,0.9891999959945679
YOR322C,YPL022W,0,-12.799588,0.09180207550525665,1.0,0.989300012588501
YOR329C,YOL133W,0,-12.805347,0.09179364889860153,1.0,0.9894000291824341
YDR440W,YMR026C,0,-12.830577,0.09178522229194641,1.0,0.9894999861717224
YDL044C,YER095W,0,-12.851585,0.09177679568529129,1.0,0.9896000027656555
YOR038C,YKL189W,0,-12.864988,0.09176837652921677,1.0,0.9897000193595886
YLR387C,YMR043W,0,-12.866045,0.09175995737314224,1.0,0.989799976348877
YOL055C,YNL227C,0,-12.870048,0.09175153821706772,1.0,0.9898999929428101
YLR117C,YGR135W,0,-12.900123,0.0917431190609932,1.0,0.9900000095367432
YLR052W,YKR021W,0,-12.910674,0.09173469990491867,1.0,0.9901000261306763
YLR380W,YER051W,0,-12.920591,0.09172628819942474,1.0,0.9901999831199646
YDR410C,YML112W,0,-12.926394,0.09171787649393082,1.0,0.9902999997138977
YLR395C,YDR359C,0,-12.933909,0.09170946478843689,1.0,0.9904000163078308
YNL275W,YFR009W,0,-12.947082,0.09170105308294296,1.0,0.9904999732971191
YLR025W,YLR363C,0,-12.953307,0.09169264882802963,1.0,0.9905999898910522
YJR010C-A,YPL270W,0,-12.9848385,0.0916842371225357,1.0,0.9907000064849854
YMR021C,YAL043C,0,-12.996058,0.09167583286762238,1.0,0.9908000230789185
YKL049C,YDR284C,0,-13.001065,0.09166742861270905,1.0,0.9908999800682068
YPL181W,YBR036C,0,-13.002261,0.09165903180837631,1.0,0.9909999966621399
YDR487C,YDR380W,0,-13.017104,0.09165062755346298,1.0,0.991100013256073
YNL270C,YHR057C,0,-13.036205,0.09164223074913025,1.0,0.9911999702453613
YMR081C,YBR297W,0,-13.041707,0.09163383394479752,1.0,0.9912999868392944
YDR540C,YER028C,0,-13.076168,0.09162543714046478,1.0,0.9914000034332275
YOL072W,YPR026W,0,-13.078698,0.09161704033613205,1.0,0.9915000200271606
YOR106W,YIR023W,0,-13.084947,0.09160865098237991,1.0,0.991599977016449
YIL157C,YGR223C,0,-13.085767,0.09160025417804718,1.0,0.9916999936103821
YML013W,YNL289W,0,-13.098479,0.09159186482429504,1.0,0.9918000102043152
YOL068C,YIL156W,0,-13.099177,0.09158347547054291,1.0,0.9919000267982483
YKR084C,YNL102W,0,-13.123166,0.09157509356737137,1.0,0.9919999837875366
YKR037C,YNL076W,0,-13.125131,0.09156670421361923,1.0,0.9921000003814697
YFL029C,YKR007W,0,-13.138916,0.09155832231044769,1.0,0.9922000169754028
YKR090W,YGR166W,0,-13.23784,0.09154994040727615,1.0,0.9922999739646912
YBL103C,YDR268W,0,-13.261968,0.09154155850410461,1.0,0.9923999905586243
YAL051W,YDR301W,0,-13.282048,0.09153318405151367,1.0,0.9925000071525574
YOR332W,YDR484W,0,-13.289968,0.09152480214834213,1.0,0.9926000237464905
YJL153C,YHR109W,0,-13.290507,0.09151642769575119,1.0,0.9926999807357788
YER004W,YDR160W,0,-13.293492,0.09150805324316025,1.0,0.9927999973297119
YOR244W,YFL007W,0,-13.317943,0.0914996787905693,1.0,0.992900013923645
YAL014C,YPL045W,0,-13.327138,0.09149131178855896,1.0,0.9929999709129333
YMR197C,YOL122C,0,-13.336817,0.09148293733596802,1.0,0.9930999875068665
YKR071C,YLR304C,0,-13.340773,0.09147457033395767,1.0,0.9932000041007996
YCL034W,YPL023C,0,-13.341033,0.09146620333194733,1.0,0.9933000206947327
YDR498C,YBR050C,0,-13.350839,0.09145783632993698,1.0,0.993399977684021
YKL090W,YJL143W,0,-13.353195,0.09144947677850723,1.0,0.9934999942779541
YLR004C,YOL149W,0,-13.366069,0.09144110977649689,1.0,0.9936000108718872
YMR005W,YMR004W,0,-13.375849,0.09143275022506714,1.0,0.9937000274658203
YBL041W,YNR059W,0,-13.394871,0.09142439067363739,1.0,0.9937999844551086
YNR006W,YER142C,0,-13.395423,0.09141603112220764,1.0,0.9939000010490417
YIR018W,YPL181W,0,-13.403729,0.09140767902135849,1.0,0.9940000176429749
YDL089W,YGL144C,0,-13.445437,0.09139932692050934,1.0,0.9940999746322632
YLR387C,YOR198C,0,-13.456395,0.09139096736907959,1.0,0.9941999912261963
YLR114C,YLL049W,0,-13.470644,0.09138262271881104,1.0,0.9943000078201294
YPR149W,YAL039C,0,-13.47969,0.09137427061796188,1.0,0.9944000244140625
YOL003C,YPL133C,0,-13.480514,0.09136591851711273,1.0,0.9944999814033508
YJL087C,YKR068C,0,-13.483047,0.09135757386684418,1.0,0.9945999979972839
YNR011C,YLR025W,0,-13.495824,0.09134922921657562,1.0,0.994700014591217
YOR190W,YDL089W,0,-13.50712,0.09134088456630707,1.0,0.9947999715805054
YNR007C,YMR055C,0,-13.524418,0.09133253991603851,1.0,0.9948999881744385
YNL280C,YNR055C,0,-13.532709,0.09132420271635056,1.0,0.9950000047683716
YDR163W,YDR503C,0,-13.557719,0.091315858066082,1.0,0.9951000213623047
YCL052C,YLR447C,0,-13.579577,0.09130752086639404,1.0,0.995199978351593
YNL074C,YER093C,0,-13.584044,0.09129919111728668,1.0,0.9952999949455261
YOR269W,YKL094W,0,-13.590437,0.09129085391759872,1.0,0.9954000115394592
YOR332W,YER178W,0,-13.59378,0.09128251671791077,1.0,0.9955000281333923
YGR038W,YOR189W,0,-13.603285,0.0912741869688034,1.0,0.9955999851226807
YOL027C,YLL039C,0,-13.608241,0.09126585721969604,1.0,0.9957000017166138
YML095C,YPL120W,0,-13.609389,0.09125752747058868,1.0,0.9958000183105469
YDL093W,YJR084W,0,-13.639772,0.09124920517206192,1.0,0.9958999752998352
YDL099W,YDR226W,0,-13.64057,0.09124087542295456,1.0,0.9959999918937683
YDR202C,YIR008C,0,-13.641957,0.0912325531244278,1.0,0.9961000084877014
YNL298W,YPL100W,0,-13.707739,0.09122423082590103,1.0,0.9962000250816345
YJL074C,YER139C,0,-13.754725,0.09121590852737427,1.0,0.9962999820709229
YMR146C,YKR066C,0,-13.788927,0.0912075862288475,1.0,0.996399998664856
YML029W,YMR298W,0,-13.8377495,0.09119927138090134,1.0,0.9965000152587891
YGL254W,YKR055W,0,-13.8567095,0.09119095653295517,1.0,0.9965999722480774
YLR404W,YBR050C,0,-13.864451,0.091182641685009,1.0,0.9966999888420105
YNL317W,YDR104C,0,-13.878141,0.09117432683706284,1.0,0.9968000054359436
YPL133C,YNL219C,0,-14.054078,0.09116601198911667,1.0,0.9969000220298767
YBR169C,YBR105C,0,-14.070719,0.0911577045917511,1.0,0.996999979019165
YOR336W,YMR201C,0,-14.0821085,0.09114939719438553,1.0,0.9970999956130981
YPL270W,YDR328C,0,-14.253142,0.09114108979701996,1.0,0.9972000122070312
YFR050C,YBR289W,0,-14.259288,0.09113278239965439,1.0,0.9973000288009644
YBR214W,YDL159W,0,-14.316868,0.09112447500228882,1.0,0.9973999857902527
YAL016W,YOR157C,0,-14.387542,0.09111617505550385,1.0,0.9975000023841858
YDR093W,YOR231W,0,-14.391089,0.09110787510871887,1.0,0.9976000189781189
YJR057W,YOR219C,0,-14.395407,0.0910995751619339,1.0,0.9976999759674072
YDR147W,YDR532C,0,-14.409698,0.09109127521514893,1.0,0.9977999925613403
YMR036C,YGL175C,0,-14.443802,0.09108297526836395,1.0,0.9979000091552734
YDR216W,YJL153C,0,-14.444371,0.09107468277215958,1.0,0.9980000257492065
YJL095W,YJR093C,0,-14.483462,0.0910663902759552,1.0,0.9980999827384949
YKL064W,YIL070C,0,-14.631137,0.09105809777975082,1.0,0.998199999332428
YDL046W,YOR132W,0,-14.6722355,0.09104980528354645,1.0,0.9983000159263611
YJR055W,YOR092W,0,-14.68114,0.09104151278734207,1.0,0.9983999729156494
YBR173C,YDR051C,0,-14.800495,0.09103322774171829,1.0,0.9984999895095825
YDR217C,YDR295C,0,-14.967602,0.09102494269609451,1.0,0.9986000061035156
YDR320C,YLL031C,0,-14.986024,0.09101665765047073,1.0,0.9987000226974487
YHR109W,YMR115W,0,-15.016071,0.09100837260484695,1.0,0.9987999796867371
YMR041C,YEL058W,0,-15.024808,0.09100008755922318,1.0,0.9988999962806702
YBR170C,YDR320C,0,-15.102063,0.09099180996417999,1.0,0.9990000128746033
YPL152W,YOR039W,0,-15.110578,0.09098353236913681,1.0,0.9991000294685364
YOL054W,YOL052C-A,0,-15.308921,0.09097525477409363,1.0,0.9991999864578247
YGR233C,YOL032W,0,-15.360848,0.09096697717905045,1.0,0.9993000030517578
YGL035C,YDR141C,0,-15.379958,0.09095870703458786,1.0,0.9994000196456909
YAR019C,YBR160W,0,-15.417836,0.09095042943954468,1.0,0.9994999766349792
YNL272C,YMR197C,0,-15.47497,0.09094215929508209,1.0,0.9995999932289124
YPL120W,YGL098W,0,-15.735285,0.0909338891506195,1.0,0.9997000098228455
YPL258C,YPL120W,0,-15.920744,0.09092562645673752,1.0,0.9998000264167786
YKR037C,YLR117C,0,-16.187777,0.09091735631227493,1.0,0.9998999834060669
YLR181C,YNL037C,0,-17.235188,0.09090909361839294,1.0,1.0
