Gene A,Gene B,Label,Score,Precision,Recall,False Positive Rate
YLR079W,YML034W,0,-5.558879,0.0,0.0,0.0008333333535119891
YGL153W,YML098W,0,-5.7188606,0.0,0.0,0.0016666667070239782
YGL180W,YDL159W,0,-5.917193,0.0,0.0,0.0024999999441206455
YDL031W,YKL014C,0,-5.9725704,0.0,0.0,0.0033333334140479565
YDL007W,YIL068C,0,-6.0265045,0.0,0.0,0.004166666883975267
YEL015W,YDL064W,0,-6.070775,0.0,0.0,0.004999999888241291
YLR106C,YKL186C,0,-6.0716085,0.0,0.0,0.005833333358168602
YOL013C,YOR035C,0,-6.1066155,0.0,0.0,0.006666666828095913
YLR201C,YPL138C,0,-6.1329165,0.0,0.0,0.007499999832361937
YGL071W,YDL111C,0,-6.135739,0.0,0.0,0.008333333767950535
YPL100W,YOL001W,0,-6.158895,0.0,0.0,0.009166666306555271
YKL025C,YOR008C,0,-6.168577,0.0,0.0,0.009999999776482582
YNL317W,YMR125W,0,-6.175787,0.0,0.0,0.010833333246409893
YNL272C,YDR477W,1,-6.1757946,0.0714285746216774,0.008333333767950535,0.010833333246409893
YJR064W,YAL012W,0,-6.180676,0.06666667014360428,0.008333333767950535,0.011666666716337204
YNL001W,YLR033W,0,-6.216202,0.0625,0.008333333767950535,0.012500000186264515
YDL113C,YAL031C,0,-6.242005,0.05882352963089943,0.008333333767950535,0.013333333656191826
YOR250C,YGL151W,0,-6.266417,0.0555555559694767,0.008333333767950535,0.014166667126119137
YDL007W,YFR031C,0,-6.272959,0.05263157933950424,0.008333333767950535,0.014999999664723873
YNL118C,YML049C,0,-6.3025937,0.05000000074505806,0.008333333767950535,0.015833333134651184
YGR041W,YOR099W,0,-6.3059115,0.0476190485060215,0.008333333767950535,0.01666666753590107
YPR081C,YIL048W,0,-6.3079085,0.04545454680919647,0.008333333767950535,0.017500000074505806
YOR260W,YDR472W,1,-6.316569,0.08695652335882187,0.01666666753590107,0.017500000074505806
YOR284W,YDR378C,0,-6.3416605,0.0833333358168602,0.01666666753590107,0.018333332613110542
YFR028C,YGL048C,0,-6.3594885,0.07999999821186066,0.01666666753590107,0.019166667014360428
YGR009C,YPL138C,0,-6.3744,0.07692307978868484,0.01666666753590107,0.019999999552965164
YNR008W,YPR181C,0,-6.377157,0.07407407462596893,0.01666666753590107,0.02083333395421505
YNL102W,YOL005C,0,-6.3877883,0.0714285746216774,0.01666666753590107,0.021666666492819786
YCR002C,YCL033C,0,-6.3969207,0.06896551698446274,0.01666666753590107,0.02250000089406967
YKL018W,YML064C,0,-6.39924,0.06666667014360428,0.01666666753590107,0.023333333432674408
YJL173C,YIL076W,0,-6.4040136,0.06451612710952759,0.01666666753590107,0.024166665971279144
YNL272C,YLR425W,1,-6.4066443,0.09375,0.02500000037252903,0.024166665971279144
YNL008C,YER168C,0,-6.4111576,0.09090909361839294,0.02500000037252903,0.02500000037252903
YLR033W,YKL154W,0,-6.4361663,0.0882352963089943,0.02500000037252903,0.025833332911133766
YGR119C,YNL326C,0,-6.440737,0.08571428805589676,0.02500000037252903,0.02666666731238365
YKR026C,YLR347C,1,-6.4442697,0.1111111119389534,0.03333333507180214,0.02666666731238365
YDL095W,YPR032W,0,-6.44981,0.10810811072587967,0.03333333507180214,0.027499999850988388
YER122C,YKL042W,0,-6.4551387,0.10526315867900848,0.03333333507180214,0.028333334252238274
YJR068W,YML093W,0,-6.4552584,0.10256410390138626,0.03333333507180214,0.02916666679084301
YPL048W,YNL272C,1,-6.4558344,0.125,0.0416666679084301,0.02916666679084301
YKR028W,YKR001C,0,-6.45769,0.12195122241973877,0.0416666679084301,0.029999999329447746
YOR037W,YOR054C,0,-6.464527,0.1190476194024086,0.0416666679084301,0.030833333730697632
YJR042W,YIL147C,0,-6.4684935,0.11627907305955887,0.0416666679084301,0.03166666626930237
YIL159W,YPR104C,0,-6.470205,0.11363636702299118,0.0416666679084301,0.032499998807907104
YDR524C,YDL153C,0,-6.4732556,0.1111111119389534,0.0416666679084301,0.03333333507180214
YNL023C,YOR151C,0,-6.478275,0.10869564861059189,0.0416666679084301,0.034166667610406876
YOR026W,YGR014W,0,-6.4804077,0.10638298094272614,0.0416666679084301,0.03500000014901161
YJL006C,YBR244W,0,-6.4820905,0.1041666641831398,0.0416666679084301,0.03583333268761635
YPR081C,YGL104C,0,-6.486188,0.10204081982374191,0.0416666679084301,0.036666665226221085
YIL109C,YPL122C,0,-6.488845,0.10000000149011612,0.0416666679084301,0.03750000149011612
YKL045W,YLR079W,0,-6.4913683,0.09803921729326248,0.0416666679084301,0.038333334028720856
YGR264C,YOR151C,0,-6.49145,0.09615384787321091,0.0416666679084301,0.03916666656732559
YOR341W,YNL032W,0,-6.4932127,0.09433962404727936,0.0416666679084301,0.03999999910593033
YPL221W,YPL125W,0,-6.4942484,0.09259258955717087,0.0416666679084301,0.040833331644535065
YER146W,YPR032W,0,-6.4953065,0.09090909361839294,0.0416666679084301,0.0416666679084301
YOR014W,YNL236W,0,-6.4970617,0.0892857164144516,0.0416666679084301,0.042500000447034836
YGL119W,YIL048W,0,-6.497141,0.08771929889917374,0.0416666679084301,0.04333333298563957
YDR198C,YGL210W,0,-6.510525,0.08620689809322357,0.0416666679084301,0.04416666552424431
YNR052C,YNL236W,0,-6.513132,0.08474576473236084,0.0416666679084301,0.04500000178813934
YGL013C,YGL011C,0,-6.5222955,0.0833333358168602,0.0416666679084301,0.04583333432674408
YLR314C,YDR192C,0,-6.5253043,0.08196721225976944,0.0416666679084301,0.046666666865348816
YPL048W,YPR095C,1,-6.527909,0.09677419066429138,0.05000000074505806,0.046666666865348816
YCR002C,YOR250C,0,-6.5308423,0.095238097012043,0.05000000074505806,0.04749999940395355
YPR019W,YPL101W,0,-6.535487,0.09375,0.05000000074505806,0.04833333194255829
YMR184W,YOR014W,0,-6.5397563,0.0923076942563057,0.05000000074505806,0.04916666820645332
YOL033W,YOR209C,0,-6.5438538,0.09090909361839294,0.05000000074505806,0.05000000074505806
YBR060C,YCR072C,0,-6.552339,0.08955223858356476,0.05000000074505806,0.050833333283662796
YPL181W,YDL115C,0,-6.556287,0.0882352963089943,0.05000000074505806,0.05166666582226753
YLR347C,YGL097W,1,-6.571489,0.10144927352666855,0.05833333358168602,0.05166666582226753
YGL071W,YBR289W,0,-6.5839357,0.10000000149011612,0.05833333358168602,0.05249999836087227
YHR034C,YBL105C,0,-6.589022,0.09859155118465424,0.05833333358168602,0.0533333346247673
YPR072W,YGR020C,0,-6.5908027,0.0972222238779068,0.05833333358168602,0.05416666716337204
YLR033W,YJL129C,0,-6.5984144,0.09589041024446487,0.05833333358168602,0.054999999701976776
YCR060W,YIL063C,0,-6.5994725,0.09459459781646729,0.05833333358168602,0.05583333224058151
YPL048W,YER087C-B,1,-6.602314,0.1066666692495346,0.06666667014360428,0.05583333224058151
YJL073W,YGL216W,0,-6.6066594,0.10526315867900848,0.06666667014360428,0.05666666850447655
YDR004W,YDR328C,0,-6.60897,0.10389610379934311,0.06666667014360428,0.057500001043081284
YIL040W,YGR014W,0,-6.617263,0.10256410390138626,0.06666667014360428,0.05833333358168602
YPL048W,YKR026C,1,-6.621334,0.1139240488409996,0.07500000298023224,0.05833333358168602
YAL024C,YGL097W,1,-6.6279635,0.125,0.0833333358168602,0.05833333358168602
YOL088C,YNL154C,0,-6.638847,0.12345679104328156,0.0833333358168602,0.059166666120290756
YGL238W,YJR110W,0,-6.6395736,0.12195122241973877,0.0833333358168602,0.05999999865889549
YNL029C,YNL283C,0,-6.6401877,0.1204819306731224,0.0833333358168602,0.06083333492279053
YOR250C,YNL027W,0,-6.6408777,0.1190476194024086,0.0833333358168602,0.061666667461395264
YLR314C,YGL175C,0,-6.644674,0.11764705926179886,0.0833333358168602,0.0625
YDR524C,YNR023W,0,-6.6465163,0.11627907305955887,0.0833333358168602,0.06333333253860474
YML077W,YLR347C,1,-6.6485744,0.12643678486347198,0.09166666865348816,0.06333333253860474
YGR041W,YBR162C,0,-6.648968,0.125,0.09166666865348816,0.06416666507720947
YJR097W,YER009W,0,-6.6498775,0.12359550595283508,0.09166666865348816,0.06499999761581421
YNL008C,YDR527W,0,-6.6507344,0.12222222238779068,0.09166666865348816,0.06583333015441895
YDR477W,YPR095C,1,-6.6540246,0.1318681389093399,0.10000000149011612,0.06583333015441895
YDR331W,YDR325W,0,-6.656447,0.1304347813129425,0.10000000149011612,0.06666667014360428
YGL016W,YDL005C,0,-6.657052,0.12903225421905518,0.10000000149011612,0.06750000268220901
YNL291C,YLR320W,0,-6.6592517,0.12765957415103912,0.10000000149011612,0.06833333522081375
YCR038C,YLR425W,1,-6.6710024,0.13684210181236267,0.10833333432674408,0.06833333522081375
YGR167W,YLR381W,0,-6.6712046,0.1354166716337204,0.10833333432674408,0.06916666775941849
YDR021W,YJL073W,0,-6.6725826,0.1340206116437912,0.10833333432674408,0.07000000029802322
YML077W,YDR472W,1,-6.676192,0.1428571492433548,0.11666666716337204,0.07000000029802322
YKL008C,YKR001C,0,-6.677197,0.14141413569450378,0.11666666716337204,0.07083333283662796
YDR477W,YLR425W,1,-6.679789,0.15000000596046448,0.125,0.07083333283662796
YKL220C,YLR079W,0,-6.679997,0.14851485192775726,0.125,0.0716666653752327
YAL012W,YHR120W,0,-6.681275,0.14705882966518402,0.125,0.07249999791383743
YJR035W,YDR484W,0,-6.686645,0.1456310749053955,0.125,0.07333333045244217
YOR250C,YLR383W,0,-6.691527,0.14423076808452606,0.125,0.0741666629910469
YDR195W,YKL041W,0,-6.694471,0.1428571492433548,0.125,0.07500000298023224
YMR129W,YOR127W,0,-6.694753,0.14150942862033844,0.125,0.07583333551883698
YML077W,YER087C-B,1,-6.6958203,0.14953270554542542,0.13333334028720856,0.07583333551883698
YNL281W,YDL065C,0,-6.695913,0.14814814925193787,0.13333334028720856,0.07666666805744171
YNL317W,YJL098W,0,-6.6968203,0.14678898453712463,0.13333334028720856,0.07750000059604645
YJR119C,YOR213C,0,-6.6998134,0.145454540848732,0.13333334028720856,0.07833333313465118
YPR113W,YPL203W,0,-6.707694,0.14414414763450623,0.13333334028720856,0.07916666567325592
YBR167C,YGR095C,0,-6.710998,0.1428571492433548,0.13333334028720856,0.07999999821186066
YML077W,YOR260W,1,-6.7157516,0.1504424810409546,0.14166666567325592,0.07999999821186066
YNR067C,YNL326C,0,-6.718084,0.14912280440330505,0.14166666567325592,0.0808333307504654
YHR066W,YPL122C,0,-6.719549,0.14782609045505524,0.14166666567325592,0.08166666328907013
YOR260W,YLR347C,1,-6.723122,0.1551724076271057,0.15000000596046448,0.08166666328907013
YIL124W,YER042W,0,-6.7232995,0.1538461595773697,0.15000000596046448,0.08250000327825546
YJL201W,YLR383W,0,-6.7239704,0.1525423675775528,0.15000000596046448,0.0833333358168602
YNR023W,YMR125W,0,-6.728425,0.15126051008701324,0.15000000596046448,0.08416666835546494
YOR260W,YNL272C,1,-6.7317696,0.15833333134651184,0.15833333134651184,0.08416666835546494
YGL032C,YDL090C,0,-6.7341943,0.1570248007774353,0.15833333134651184,0.08500000089406967
YGL153W,YJR110W,0,-6.736736,0.15573769807815552,0.15833333134651184,0.08583333343267441
YGR175C,YER056C,0,-6.7458954,0.15447154641151428,0.15833333134651184,0.08666666597127914
YFL036W,YFR031C,0,-6.745901,0.15322580933570862,0.15833333134651184,0.08749999850988388
YOR316C,YLR285W,0,-6.7461505,0.15199999511241913,0.15833333134651184,0.08833333104848862
YOL013C,YKR001C,0,-6.746577,0.15079365670681,0.15833333134651184,0.08916666358709335
YMR042W,YDR011W,0,-6.7481794,0.14960630238056183,0.15833333134651184,0.09000000357627869
YGR229C,YDR484W,0,-6.7512517,0.1484375,0.15833333134651184,0.09083333611488342
YNL291C,YLR148W,0,-6.752217,0.1472868174314499,0.15833333134651184,0.09166666865348816
YMR021C,YER162C,0,-6.752909,0.14615385234355927,0.15833333134651184,0.0925000011920929
YOR267C,YDR208W,0,-6.7532654,0.1450381726026535,0.15833333134651184,0.09333333373069763
YHR118C,YOR151C,0,-6.75409,0.14393939077854156,0.15833333134651184,0.09416666626930237
YJR090C,YDR176W,0,-6.756743,0.1428571492433548,0.15833333134651184,0.0949999988079071
YOR260W,YDR477W,1,-6.7631507,0.1492537260055542,0.1666666716337204,0.0949999988079071
YKL016C,YLR246W,0,-6.7660646,0.14814814925193787,0.1666666716337204,0.09583333134651184
YPL048W,YLR425W,1,-6.766875,0.15441176295280457,0.17499999701976776,0.09583333134651184
YNR052C,YFL005W,0,-6.767055,0.15328466892242432,0.17499999701976776,0.09666666388511658
YGL180W,YLR033W,0,-6.7670884,0.15217390656471252,0.17499999701976776,0.09749999642372131
YFR027W,YJL073W,0,-6.7696958,0.15107913315296173,0.17499999701976776,0.09833333641290665
YJL073W,YHR120W,0,-6.769977,0.15000000596046448,0.17499999701976776,0.09916666895151138
YPL006W,YOR380W,0,-6.7749305,0.1489361673593521,0.17499999701976776,0.10000000149011612
YDL008W,YLL060C,0,-6.7805834,0.14788731932640076,0.17499999701976776,0.10083333402872086
YML058W,YKL079W,0,-6.7847085,0.14685314893722534,0.17499999701976776,0.10166666656732559
YDL113C,YDR238C,0,-6.7891064,0.1458333283662796,0.17499999701976776,0.10249999910593033
YIL048W,YDL140C,0,-6.791152,0.14482758939266205,0.17499999701976776,0.10333333164453506
YJL186W,YPL188W,0,-6.792682,0.1438356190919876,0.17499999701976776,0.1041666641831398
YOR023C,YJR119C,0,-6.793277,0.1428571492433548,0.17499999701976776,0.10499999672174454
YCR020W-B,YJL140W,0,-6.798862,0.14189189672470093,0.17499999701976776,0.10583333671092987
YPR072W,YOR127W,0,-6.799985,0.1409395933151245,0.17499999701976776,0.1066666692495346
YMR060C,YPR056W,0,-6.8022313,0.14000000059604645,0.17499999701976776,0.10750000178813934
YML067C,YMR021C,0,-6.802715,0.13907285034656525,0.17499999701976776,0.10833333432674408
YAL024C,YNL272C,1,-6.806605,0.14473684132099152,0.18333333730697632,0.10833333432674408
YOR099W,YHR058C,0,-6.8090987,0.1437908560037613,0.18333333730697632,0.10916666686534882
YLR328W,YDR142C,0,-6.809186,0.1428571492433548,0.18333333730697632,0.10999999940395355
YLR106C,YCR042C,0,-6.8109574,0.14193548262119293,0.18333333730697632,0.11083333194255829
YJR060W,YPL122C,0,-6.8157563,0.14102564752101898,0.18333333730697632,0.11166666448116302
YLR381W,YJL140W,0,-6.8171525,0.14012739062309265,0.18333333730697632,0.11249999701976776
YDR062W,YHL036W,0,-6.8172894,0.13924050331115723,0.18333333730697632,0.1133333370089531
YNL219C,YPR070W,0,-6.81764,0.138364776968956,0.18333333730697632,0.11416666954755783
YLR314C,YIL109C,0,-6.8198075,0.13750000298023224,0.18333333730697632,0.11500000208616257
YER036C,YGL011C,0,-6.8207474,0.13664595782756805,0.18333333730697632,0.1158333346247673
YGL054C,YDR325W,0,-6.8243737,0.1358024626970291,0.18333333730697632,0.11666666716337204
YCL055W,YEL065W,0,-6.825051,0.1349693238735199,0.18333333730697632,0.11749999970197678
YML060W,YJL035C,0,-6.8301835,0.13414634764194489,0.18333333730697632,0.11833333224058151
YHR059W,YMR270C,0,-6.8318286,0.13333334028720856,0.18333333730697632,0.11916666477918625
YMR048W,YCR042C,0,-6.831877,0.1325301229953766,0.18333333730697632,0.11999999731779099
YGL119W,YPL100W,0,-6.832336,0.13173653185367584,0.18333333730697632,0.12083332985639572
YDR142C,YPL138C,0,-6.8340926,0.130952388048172,0.18333333730697632,0.12166666984558105
YGR003W,YOR236W,0,-6.8361373,0.13017751276493073,0.18333333730697632,0.12250000238418579
YCR098C,YGL073W,0,-6.8364105,0.12941177189350128,0.18333333730697632,0.12333333492279053
YKL186C,YGR229C,0,-6.8372474,0.12865497171878815,0.18333333730697632,0.12416666746139526
YMR042W,YJR097W,0,-6.839838,0.12790697813034058,0.18333333730697632,0.125
YOL009C,YMR125W,0,-6.840386,0.12716762721538544,0.18333333730697632,0.12583333253860474
YLR347C,YNL272C,1,-6.841931,0.13218390941619873,0.19166666269302368,0.12583333253860474
YPL112C,YBR167C,0,-6.8420086,0.1314285695552826,0.19166666269302368,0.12666666507720947
YBR155W,YPR008W,0,-6.8476233,0.1306818127632141,0.19166666269302368,0.1274999976158142
YBR129C,YJL098W,0,-6.848631,0.12994350492954254,0.19166666269302368,0.12833333015441895
YGL119W,YDL098C,0,-6.852001,0.12921348214149475,0.19166666269302368,0.12916666269302368
YGL073W,YIL115C,0,-6.8525805,0.1284916251897812,0.19166666269302368,0.12999999523162842
YGL013C,YDR429C,0,-6.8581853,0.12777778506278992,0.19166666269302368,0.13083332777023315
YHR119W,YPL138C,0,-6.8598113,0.1270718276500702,0.19166666269302368,0.1316666603088379
YLR148W,YDR429C,0,-6.859888,0.12637363374233246,0.19166666269302368,0.13249999284744263
YNR067C,YBR043C,0,-6.861511,0.12568305432796478,0.19166666269302368,0.13333334028720856
YGL061C,YDL207W,0,-6.861698,0.125,0.19166666269302368,0.1341666728258133
YKR026C,YAL024C,1,-6.863941,0.1297297328710556,0.20000000298023224,0.1341666728258133
YOL051W,YKL129C,0,-6.869275,0.12903225421905518,0.20000000298023224,0.13500000536441803
YFR033C,YJL035C,0,-6.87622,0.12834224104881287,0.20000000298023224,0.13583333790302277
YGL027C,YLR207W,0,-6.877811,0.12765957415103912,0.20000000298023224,0.1366666704416275
YNL118C,YMR287C,0,-6.8779545,0.1269841343164444,0.20000000298023224,0.13750000298023224
YFR028C,YLR328W,0,-6.8789005,0.12631578743457794,0.20000000298023224,0.13833333551883698
YPR019W,YBR037C,0,-6.8793983,0.1256544440984726,0.20000000298023224,0.1391666680574417
YLR347C,YAL024C,1,-6.88405,0.1302083283662796,0.2083333283662796,0.1391666680574417
YDR039C,YNL293W,0,-6.8841577,0.12953367829322815,0.2083333283662796,0.14000000059604645
YKL045W,YLR033W,0,-6.8895583,0.12886597216129303,0.2083333283662796,0.14083333313465118
YCL001W,YFL005W,0,-6.8906074,0.12820513546466827,0.2083333283662796,0.14166666567325592
YER109C,YPL155C,0,-6.8933153,0.12755101919174194,0.2083333283662796,0.14249999821186066
YGL183C,YMR133W,0,-6.895454,0.12690354883670807,0.2083333283662796,0.1433333307504654
YDR516C,YOR153W,0,-6.895718,0.1262626200914383,0.2083333283662796,0.14416666328907013
YNL272C,YDR472W,1,-6.8978424,0.1306532621383667,0.21666666865348816,0.14416666328907013
YOR260W,YKR026C,1,-6.898332,0.13500000536441803,0.22499999403953552,0.14416666328907013
YPL036W,YDR369C,0,-6.9003015,0.13432836532592773,0.22499999403953552,0.14499999582767487
YCR038C,YDR472W,1,-6.902175,0.13861386477947235,0.23333333432674408,0.14499999582767487
YLR347C,YLR425W,1,-6.9085283,0.1428571492433548,0.24166665971279144,0.14499999582767487
YER087C-A,YER087C-B,1,-6.9104075,0.14705882966518402,0.25,0.14499999582767487
YOR035C,YDL224C,0,-6.911163,0.1463414579629898,0.25,0.1458333283662796
YLR166C,YKR062W,0,-6.9131417,0.1456310749053955,0.25,0.14666666090488434
YKL040C,YPR189W,0,-6.91509,0.14492753148078918,0.25,0.14749999344348907
YGL097W,YLR425W,1,-6.915462,0.14903846383094788,0.25833332538604736,0.14749999344348907
YGL032C,YLR100W,0,-6.915574,0.1483253538608551,0.25833332538604736,0.1483333259820938
YJR135C,YCR072C,0,-6.918541,0.14761905372142792,0.25833332538604736,0.14916667342185974
YML080W,YGR119C,0,-6.9233217,0.14691942930221558,0.25833332538604736,0.15000000596046448
YOR113W,YDR011W,0,-6.9236455,0.1462264209985733,0.25833332538604736,0.1508333384990692
YPL181W,YMR060C,0,-6.923794,0.14553990960121155,0.25833332538604736,0.15166667103767395
YNR067C,YCL034W,0,-6.926002,0.14485980570316315,0.25833332538604736,0.1525000035762787
YOR180C,YGL153W,0,-6.9261703,0.14418604969978333,0.25833332538604736,0.15333333611488342
YBR092C,YDL095W,0,-6.9293766,0.14351852238178253,0.25833332538604736,0.15416666865348816
YCL016C,YDR192C,0,-6.9295144,0.1428571492433548,0.25833332538604736,0.1550000011920929
YAL024C,YLR425W,1,-6.930991,0.14678898453712463,0.2666666805744171,0.1550000011920929
YIL115C,YML034W,0,-6.9318233,0.14611871540546417,0.2666666805744171,0.15583333373069763
YDR479C,YFR031C,0,-6.933569,0.145454540848732,0.2666666805744171,0.15666666626930237
YDR145W,YGR020C,0,-6.936782,0.14479638636112213,0.2666666805744171,0.1574999988079071
YGR284C,YLR285W,0,-6.9399247,0.14414414763450623,0.2666666805744171,0.15833333134651184
YJR119C,YBL079W,0,-6.9416037,0.1434977650642395,0.2666666805744171,0.15916666388511658
YOR241W,YOL124C,0,-6.9417353,0.1428571492433548,0.2666666805744171,0.1599999964237213
YEL003W,YDR092W,0,-6.9421387,0.14222222566604614,0.2666666805744171,0.16083332896232605
YER168C,YJR118C,0,-6.943459,0.14159291982650757,0.2666666805744171,0.1616666615009308
YCR042C,YKL095W,0,-6.9438643,0.1409691572189331,0.2666666805744171,0.16249999403953552
YKL004W,YKL119C,0,-6.946263,0.14035087823867798,0.2666666805744171,0.16333332657814026
YFL034C-B,YIL048W,0,-6.9468017,0.13973799347877502,0.2666666805744171,0.1641666740179062
YOR284W,YER009W,0,-6.9470763,0.13913042843341827,0.2666666805744171,0.16500000655651093
YKR026C,YDR472W,1,-6.950477,0.1428571492433548,0.2750000059604645,0.16500000655651093
YNR044W,YNL239W,0,-6.9568152,0.14224137365818024,0.2750000059604645,0.16583333909511566
YGL142C,YDL230W,0,-6.9568686,0.14163090288639069,0.2750000059604645,0.1666666716337204
YER056C,YOR209C,0,-6.9571195,0.14102564752101898,0.2750000059604645,0.16750000417232513
YER109C,YJL183W,0,-6.958354,0.14042553305625916,0.2750000059604645,0.16833333671092987
YJR089W,YNL029C,0,-6.9585567,0.13983051478862762,0.2750000059604645,0.1691666692495346
YPL255W,YGL238W,0,-6.9619894,0.13924050331115723,0.2750000059604645,0.17000000178813934
YGL153W,YML069W,0,-6.9636216,0.13865546882152557,0.2750000059604645,0.17083333432674408
YPL100W,YJL006C,0,-6.965669,0.1380753070116043,0.2750000059604645,0.17166666686534882
YKL007W,YJR110W,0,-6.967433,0.13750000298023224,0.2750000059604645,0.17249999940395355
YNL236W,YKL079W,0,-6.968518,0.1369294673204422,0.2750000059604645,0.1733333319425583
YGR175C,YMR192W,0,-6.971663,0.13636364042758942,0.2750000059604645,0.17416666448116302
YBR159W,YCR060W,0,-6.9763927,0.1358024626970291,0.2750000059604645,0.17499999701976776
YGL054C,YOR341W,0,-6.977932,0.1352459043264389,0.2750000059604645,0.1758333295583725
YLL035W,YBR002C,0,-6.9820604,0.13469387590885162,0.2750000059604645,0.17666666209697723
YBR129C,YDR449C,0,-6.986037,0.13414634764194489,0.2750000059604645,0.17749999463558197
YDR512C,YKR028W,0,-6.989422,0.13360324501991272,0.2750000059604645,0.1783333271741867
YBL079W,YKR055W,0,-6.991487,0.13306452333927155,0.2750000059604645,0.17916665971279144
YOL002C,YNL139C,0,-6.9935727,0.1325301229953766,0.2750000059604645,0.18000000715255737
YNR027W,YOR171C,0,-6.9935927,0.13199999928474426,0.2750000059604645,0.1808333396911621
YOR026W,YKL085W,0,-6.994143,0.131474107503891,0.2750000059604645,0.18166667222976685
YML077W,YPL048W,1,-6.994194,0.1349206417798996,0.28333333134651184,0.18166667222976685
YBR060C,YFL036W,0,-6.9993834,0.13438735902309418,0.28333333134651184,0.18250000476837158
YNL118C,YNL061W,0,-6.9995875,0.13385826349258423,0.28333333134651184,0.18333333730697632
YDR060W,YDL064W,0,-6.9996247,0.13333334028720856,0.28333333134651184,0.18416666984558105
YBR155W,YHR058C,0,-7.000232,0.1328125,0.28333333134651184,0.1850000023841858
YCL011C,YGR094W,0,-7.0004473,0.13229571282863617,0.28333333134651184,0.18583333492279053
YDR331W,YPR113W,0,-7.0005145,0.13178294897079468,0.28333333134651184,0.18666666746139526
YKL113C,YMR305C,0,-7.002489,0.13127413392066956,0.28333333134651184,0.1875
YLR095C,YPR056W,0,-7.002697,0.13076923787593842,0.28333333134651184,0.18833333253860474
YER061C,YDR517W,0,-7.0040393,0.13026820123195648,0.28333333134651184,0.18916666507720947
YOR209C,YOL143C,0,-7.005489,0.12977099418640137,0.28333333134651184,0.1899999976158142
YKR026C,YNL272C,1,-7.00557,0.13307984173297882,0.2916666567325592,0.1899999976158142
YKR063C,YMR129W,0,-7.0064178,0.13257575035095215,0.2916666567325592,0.19083333015441895
YKL021C,YIL063C,0,-7.0082936,0.1320754736661911,0.2916666567325592,0.19166666269302368
YLR138W,YHR027C,0,-7.010673,0.1315789520740509,0.2916666567325592,0.19249999523162842
YPL048W,YLR347C,1,-7.010728,0.13483145833015442,0.30000001192092896,0.19249999523162842
YAL024C,YDR477W,1,-7.0109215,0.13805970549583435,0.3083333373069763,0.19249999523162842
YDL226C,YKR062W,0,-7.011002,0.13754646480083466,0.3083333373069763,0.19333332777023315
YOR260W,YER087C-B,1,-7.011273,0.14074073731899261,0.3166666626930237,0.19333332777023315
YNR044W,YPR001W,0,-7.0126047,0.14022140204906464,0.3166666626930237,0.1941666603088379
YPL221W,YBR165W,0,-7.01514,0.13970588147640228,0.3166666626930237,0.19499999284744263
YKR026C,YER087C-B,1,-7.0159645,0.1428571492433548,0.32499998807907104,0.19499999284744263
YGR252W,YGL219C,0,-7.0162573,0.14233577251434326,0.32499998807907104,0.19583334028720856
YER087C-B,YDR472W,1,-7.0165515,0.145454540848732,0.3333333432674408,0.19583334028720856
YPL069C,YPR016C,0,-7.0248833,0.14492753148078918,0.3333333432674408,0.1966666728258133
YGR003W,YJL124C,0,-7.033699,0.144404336810112,0.3333333432674408,0.19750000536441803
YCR058C,YHR197W,0,-7.0341525,0.14388489723205566,0.3333333432674408,0.19833333790302277
YHR129C,YLR328W,0,-7.037934,0.1433691829442978,0.3333333432674408,0.1991666704416275
YDL008W,YNL099C,0,-7.0389295,0.1428571492433548,0.3333333432674408,0.20000000298023224
YNL172W,YNR008W,0,-7.0394425,0.1423487514257431,0.3333333432674408,0.20083333551883698
YGL027C,YLR096W,0,-7.045059,0.1418439745903015,0.3333333432674408,0.2016666680574417
YJR135C,YML019W,0,-7.0453715,0.14134275913238525,0.3333333432674408,0.20250000059604645
YKR028W,YNL273W,0,-7.0459385,0.14084507524967194,0.3333333432674408,0.20333333313465118
YER056C,YNL153C,0,-7.0496144,0.14035087823867798,0.3333333432674408,0.20416666567325592
YMR311C,YFR033C,0,-7.0521693,0.139860138297081,0.3333333432674408,0.20499999821186066
YDR145W,YLR130C,0,-7.0522604,0.1393728256225586,0.3333333432674408,0.2058333307504654
YLR148W,YOR340C,0,-7.0525403,0.1388888955116272,0.3333333432674408,0.20666666328907013
YPL093W,YAL051W,0,-7.053802,0.13840830326080322,0.3333333432674408,0.20749999582767487
YHR171W,YIL109C,0,-7.0544276,0.13793103396892548,0.3333333432674408,0.2083333283662796
YHL019C,YAL029C,0,-7.058496,0.13745704293251038,0.3333333432674408,0.20916666090488434
YOR340C,YNL032W,0,-7.0597615,0.13698630034923553,0.3333333432674408,0.20999999344348907
YAL031C,YJL165C,0,-7.0611777,0.13651877641677856,0.3333333432674408,0.2108333259820938
YGR041W,YDR142C,0,-7.063264,0.13605442643165588,0.3333333432674408,0.21166667342185974
YGR014W,YNL099C,0,-7.064633,0.1355932205915451,0.3333333432674408,0.21250000596046448
YJR089W,YBR002C,0,-7.066897,0.13513512909412384,0.3333333432674408,0.2133333384990692
YML116W,YML058W,0,-7.068147,0.1346801370382309,0.3333333432674408,0.21416667103767395
YOL088C,YGR183C,0,-7.0695477,0.1342281848192215,0.3333333432674408,0.2150000035762787
YNL118C,YDL060W,0,-7.069779,0.13377925753593445,0.3333333432674408,0.21583333611488342
YJR057W,YGL011C,0,-7.07017,0.13333334028720856,0.3333333432674408,0.21666666865348816
YKL007W,YHL038C,0,-7.0709033,0.13289035856723785,0.3333333432674408,0.2175000011920929
YLR347C,YPR095C,1,-7.07546,0.1357615888118744,0.34166666865348816,0.2175000011920929
YFR019W,YML064C,0,-7.0759487,0.13531352579593658,0.34166666865348816,0.21833333373069763
YKL085W,YDL140C,0,-7.0773606,0.13486842811107635,0.34166666865348816,0.21916666626930237
YOR260W,YAL024C,1,-7.0791173,0.13770492374897003,0.3499999940395355,0.21916666626930237
YCR020W-B,YGL016W,0,-7.0804524,0.13725490868091583,0.3499999940395355,0.2199999988079071
YNL082W,YDR011W,0,-7.0833945,0.13680781424045563,0.3499999940395355,0.22083333134651184
YGL045W,YBR097W,0,-7.086159,0.13636364042758942,0.3499999940395355,0.22166666388511658
YER119C,YDR258C,0,-7.091927,0.13592232763767242,0.3499999940395355,0.2224999964237213
YOL088C,YJL039C,0,-7.093062,0.13548387587070465,0.3499999940395355,0.22333332896232605
YKL093W,YDL138W,0,-7.095016,0.13504822552204132,0.3499999940395355,0.2241666615009308
YEL003W,YML060W,0,-7.10224,0.13461539149284363,0.3499999940395355,0.22499999403953552
YCR075C,YKL025C,0,-7.102342,0.1341852992773056,0.3499999940395355,0.22583332657814026
YDR208W,YML093W,0,-7.104751,0.13375796377658844,0.3499999940395355,0.2266666740179062
YIL070C,YHR024C,0,-7.1051345,0.13333334028720856,0.3499999940395355,0.22750000655651093
YDL140C,YML058W,0,-7.105598,0.13291139900684357,0.3499999940395355,0.22833333909511566
YLL060C,YOR127W,0,-7.105877,0.13249211013317108,0.3499999940395355,0.2291666716337204
YJR035W,YHR119W,0,-7.1089416,0.1320754736661911,0.3499999940395355,0.23000000417232513
YKL040C,YML034W,0,-7.1089463,0.13166144490242004,0.3499999940395355,0.23083333671092987
YOR316C,YDR503C,0,-7.109224,0.13124999403953552,0.3499999940395355,0.2316666692495346
YER052C,YCL001W,0,-7.110072,0.13084112107753754,0.3499999940395355,0.23250000178813934
YHR150W,YML007W,0,-7.1107535,0.1304347813129425,0.3499999940395355,0.23333333432674408
YGL180W,YGL183C,0,-7.1113105,0.13003095984458923,0.3499999940395355,0.23416666686534882
YER045C,YAR033W,0,-7.1122518,0.12962962687015533,0.3499999940395355,0.23499999940395355
YJL203W,YGR229C,0,-7.112338,0.12923076748847961,0.3499999940395355,0.2358333319425583
YMR184W,YDR140W,0,-7.112703,0.12883435189723969,0.3499999940395355,0.23666666448116302
YAR033W,YCL005W-A,0,-7.113276,0.12844036519527435,0.3499999940395355,0.23749999701976776
YPL125W,YCL001W,0,-7.1135154,0.12804877758026123,0.3499999940395355,0.2383333295583725
YML077W,YKR026C,1,-7.114262,0.13069908320903778,0.3583333194255829,0.2383333295583725
YCR048W,YBR097W,0,-7.1142917,0.1303030252456665,0.3583333194255829,0.23916666209697723
YPL048W,YDR477W,1,-7.114925,0.13293051719665527,0.36666667461395264,0.23916666209697723
YNL027W,YLR166C,0,-7.116479,0.1325301229953766,0.36666667461395264,0.23999999463558197
YNR044W,YGL025C,0,-7.1167674,0.1321321278810501,0.36666667461395264,0.2408333271741867
YPL048W,YGL097W,1,-7.1199603,0.1347305327653885,0.375,0.2408333271741867
YGR047C,YPL144W,0,-7.1215887,0.13432836532592773,0.375,0.24166665971279144
YAL024C,YDR472W,1,-7.121983,0.1369047611951828,0.38333332538604736,0.24166665971279144
YPL046C,YGL048C,0,-7.1241937,0.13649851083755493,0.38333332538604736,0.24250000715255737
YPL110C,YML121W,0,-7.130971,0.13609467446804047,0.38333332538604736,0.2433333396911621
YGL027C,YKL059C,0,-7.1333017,0.13569322228431702,0.38333332538604736,0.24416667222976685
YER122C,YEL050C,0,-7.133306,0.1352941244840622,0.38333332538604736,0.24500000476837158
YPL174C,YLR383W,0,-7.1358876,0.1348973661661148,0.38333332538604736,0.24583333730697632
YLR320W,YPR181C,0,-7.1391864,0.13450291752815247,0.38333332538604736,0.24666666984558105
YML077W,YDR477W,1,-7.1395364,0.13702623546123505,0.3916666805744171,0.24666666984558105
YCR038C,YER087C-B,1,-7.1399875,0.13953489065170288,0.4000000059604645,0.24666666984558105
YDR214W,YJR042W,0,-7.140565,0.13913042843341827,0.4000000059604645,0.2475000023841858
YDL115C,YMR165C,0,-7.142462,0.1387283205986023,0.4000000059604645,0.24833333492279053
YLR347C,YDR477W,1,-7.1430764,0.1412103772163391,0.40833333134651184,0.24833333492279053
YJR135C,YFR033C,0,-7.143485,0.14080460369586945,0.40833333134651184,0.24916666746139526
YDL226C,YJL124C,0,-7.145224,0.14040113985538483,0.40833333134651184,0.25
YGL014W,YAL011W,0,-7.1462626,0.14000000059604645,0.40833333134651184,0.25083333253860474
YDR512C,YNL332W,0,-7.146852,0.13960114121437073,0.40833333134651184,0.2516666650772095
YML077W,YAL024C,1,-7.1474724,0.14204545319080353,0.4166666567325592,0.2516666650772095
YMR056C,YNR002C,0,-7.148787,0.14164306223392487,0.4166666567325592,0.2524999976158142
YOR028C,YGL045W,0,-7.1503763,0.14124293625354767,0.4166666567325592,0.25333333015441895
YKL048C,YDL128W,0,-7.1507955,0.14084507524967194,0.4166666567325592,0.2541666626930237
YDR062W,YER146W,0,-7.152755,0.1404494345188141,0.4166666567325592,0.2549999952316284
YGL175C,YDR297W,0,-7.153561,0.14005602896213531,0.4166666567325592,0.25583332777023315
YIL040W,YLR212C,0,-7.157374,0.13966479897499084,0.4166666567325592,0.2566666603088379
YER168C,YJL128C,0,-7.160379,0.13927575945854187,0.4166666567325592,0.2574999928474426
YHR019C,YPL110C,0,-7.1646323,0.1388888955116272,0.4166666567325592,0.25833332538604736
YER009W,YDR429C,0,-7.1647415,0.13850416243076324,0.4166666567325592,0.2591666579246521
YGR175C,YGL246C,0,-7.164976,0.13812154531478882,0.4166666567325592,0.25999999046325684
YNL027W,YGR094W,0,-7.1654816,0.13774104416370392,0.4166666567325592,0.2608333230018616
YML019W,YDR527W,0,-7.166144,0.13736264407634735,0.4166666567325592,0.2616666555404663
YDL039C,YNL283C,0,-7.166966,0.13698630034923553,0.4166666567325592,0.26249998807907104
YPL181W,YDR039C,0,-7.167039,0.13661202788352966,0.4166666567325592,0.2633333206176758
YNL102W,YGR251W,0,-7.168761,0.13623978197574615,0.4166666567325592,0.2641666531562805
YML058W,YAR003W,0,-7.168976,0.135869562625885,0.4166666567325592,0.26499998569488525
YJL184W,YFR033C,0,-7.170226,0.13550135493278503,0.4166666567325592,0.2658333480358124
YNL236W,YDR545W,0,-7.1703153,0.13513512909412384,0.4166666567325592,0.2666666805744171
YGL113W,YDR515W,0,-7.1709256,0.13477088510990143,0.4166666567325592,0.26750001311302185
YOL094C,YGL175C,0,-7.171819,0.1344086080789566,0.4166666567325592,0.2683333456516266
YAL056W,YJL203W,0,-7.173075,0.1340482532978058,0.4166666567325592,0.2691666781902313
YER087C-B,YNL272C,1,-7.173615,0.13636364042758942,0.42500001192092896,0.2691666781902313
YGL119W,YFL041W,0,-7.1740804,0.13600000739097595,0.42500001192092896,0.27000001072883606
YDR142C,YPR016C,0,-7.1747956,0.1356382966041565,0.42500001192092896,0.2708333432674408
YGL020C,YPL124W,0,-7.177709,0.13527850806713104,0.42500001192092896,0.27166667580604553
YCL055W,YIL115C,0,-7.178324,0.1349206417798996,0.42500001192092896,0.27250000834465027
YML077W,YNL272C,1,-7.1803346,0.1372031718492508,0.4333333373069763,0.27250000834465027
YER042W,YGR183C,0,-7.184356,0.13684210181236267,0.4333333373069763,0.273333340883255
YPL129W,YIR026C,0,-7.1854606,0.13648293912410736,0.4333333373069763,0.27416667342185974
YDR276C,YFR040W,0,-7.1891026,0.13612565398216248,0.4333333373069763,0.2750000059604645
YNL256W,YOR129C,0,-7.1891427,0.13577023148536682,0.4333333373069763,0.2758333384990692
YFL013C,YBR167C,0,-7.1893373,0.1354166716337204,0.4333333373069763,0.27666667103767395
YPL002C,YER005W,0,-7.191297,0.13506492972373962,0.4333333373069763,0.2775000035762787
YPR046W,YDR293C,0,-7.192535,0.1347150206565857,0.4333333373069763,0.2783333361148834
YLL060C,YNL129W,0,-7.193702,0.1343669295310974,0.4333333373069763,0.27916666865348816
YNR074C,YBR155W,0,-7.1941266,0.1340206116437912,0.4333333373069763,0.2800000011920929
YIL159W,YPR008W,0,-7.195623,0.13367609679698944,0.4333333373069763,0.28083333373069763
YKR083C,YML124C,0,-7.1978,0.13333334028720856,0.4333333373069763,0.28166666626930237
YER053C,YOR081C,0,-7.1991324,0.13299232721328735,0.4333333373069763,0.2824999988079071
YNR044W,YBR213W,0,-7.2017074,0.13265305757522583,0.4333333373069763,0.28333333134651184
YPL192C,YML007W,0,-7.2054496,0.1323155164718628,0.4333333373069763,0.2841666638851166
YHR094C,YMR125W,0,-7.20633,0.13197968900203705,0.4333333373069763,0.2849999964237213
YOR260W,YLR425W,1,-7.2082925,0.13417720794677734,0.4416666626930237,0.2849999964237213
YER045C,YML015C,0,-7.208945,0.13383838534355164,0.4416666626930237,0.28583332896232605
YIL076W,YBR097W,0,-7.2095103,0.13350126147270203,0.4416666626930237,0.2866666615009308
YEL032W,YML098W,0,-7.2134547,0.13316583633422852,0.4416666626930237,0.2874999940395355
YCR038C,YNL272C,1,-7.214988,0.13533835113048553,0.44999998807907104,0.2874999940395355
YDR004W,YML007W,0,-7.2174015,0.13500000536441803,0.44999998807907104,0.28833332657814026
YPR021C,YDR325W,0,-7.218171,0.13466334342956543,0.44999998807907104,0.289166659116745
YPL096C-A,YDR436W,0,-7.2182994,0.13432836532592773,0.44999998807907104,0.28999999165534973
YPR138C,YNR052C,0,-7.218813,0.13399504125118256,0.44999998807907104,0.29083332419395447
YOR142W,YGR241C,0,-7.2194796,0.1336633712053299,0.44999998807907104,0.2916666567325592
YGL135W,YGL210W,0,-7.2198267,0.13333334028720856,0.44999998807907104,0.29249998927116394
YER162C,YCL001W,0,-7.2217283,0.13300491869449615,0.44999998807907104,0.2933333218097687
YGR004W,YNL102W,0,-7.2218394,0.13267813622951508,0.44999998807907104,0.2941666543483734
YER146W,YNL250W,0,-7.223698,0.13235294818878174,0.44999998807907104,0.29499998688697815
YPL049C,YNL231C,0,-7.2252736,0.13202933967113495,0.44999998807907104,0.2958333194255829
YML077W,YLR425W,1,-7.225898,0.13414634764194489,0.4583333432674408,0.2958333194255829
YKL114C,YMR021C,0,-7.2267,0.13381995260715485,0.4583333432674408,0.2966666519641876
YOR340C,YGL028C,0,-7.2268395,0.13349515199661255,0.4583333432674408,0.29750001430511475
YAL012W,YDL188C,0,-7.2281613,0.1331719160079956,0.4583333432674408,0.2983333468437195
YNL172W,YML049C,0,-7.230835,0.13285024464130402,0.4583333432674408,0.2991666793823242
YMR184W,YKL040C,0,-7.231134,0.1325301229953766,0.4583333432674408,0.30000001192092896
YJR060W,YJR059W,0,-7.2312922,0.13221153616905212,0.4583333432674408,0.3008333444595337
YOR241W,YJL186W,0,-7.2338533,0.13189448416233063,0.4583333432674408,0.3016666769981384
YIL053W,YLR034C,0,-7.234971,0.1315789520740509,0.4583333432674408,0.30250000953674316
YOR171C,YCR060W,0,-7.236238,0.13126491010189056,0.4583333432674408,0.3033333420753479
YDR477W,YDR472W,1,-7.2375307,0.13333334028720856,0.46666666865348816,0.3033333420753479
YAR033W,YIL048W,0,-7.237575,0.13301663100719452,0.46666666865348816,0.30416667461395264
YPR021C,YAR003W,0,-7.2376785,0.13270142674446106,0.46666666865348816,0.3050000071525574
YNL272C,YGL097W,1,-7.2378287,0.13475176692008972,0.4749999940395355,0.3050000071525574
YLR381W,YEL015W,0,-7.2379184,0.13443395495414734,0.4749999940395355,0.3058333396911621
YJR155W,YDL090C,0,-7.238149,0.13411764800548553,0.4749999940395355,0.30666667222976685
YOL051W,YGL246C,0,-7.238919,0.13380281627178192,0.4749999940395355,0.3075000047683716
YHR079C,YBR162C,0,-7.2392316,0.1334894597530365,0.4749999940395355,0.3083333373069763
YIL115C,YNL231C,0,-7.239947,0.13317756354808807,0.4749999940395355,0.30916666984558105
YGR010W,YDR527W,0,-7.241067,0.13286712765693665,0.4749999940395355,0.3100000023841858
YOR260W,YPR095C,1,-7.241925,0.13488371670246124,0.4833333194255829,0.3100000023841858
YDL138W,YPL128C,0,-7.242757,0.13457076251506805,0.4833333194255829,0.3108333349227905
YDR328C,YDR325W,0,-7.2449217,0.13425925374031067,0.4833333194255829,0.31166666746139526
YGL013C,YBR294W,0,-7.246561,0.1339491903781891,0.4833333194255829,0.3125
YKL114C,YGL011C,0,-7.247816,0.13364055752754211,0.4833333194255829,0.31333333253860474
YDR294C,YKL120W,0,-7.2501416,0.13333334028720856,0.4833333194255829,0.3141666650772095
YDR060W,YHL025W,0,-7.2509885,0.13302752375602722,0.4833333194255829,0.3149999976158142
YCR058C,YJL098W,0,-7.2566752,0.1327231079339981,0.4833333194255829,0.31583333015441895
YDR337W,YPR189W,0,-7.25715,0.13242009282112122,0.4833333194255829,0.3166666626930237
YIL142W,YML124C,0,-7.2576346,0.13211844861507416,0.4833333194255829,0.3174999952316284
YPL048W,YAL024C,1,-7.258107,0.13409091532230377,0.49166667461395264,0.3174999952316284
YFR019W,YPL208W,0,-7.2595773,0.13378684222698212,0.49166667461395264,0.31833332777023315
YDR516C,YDL140C,0,-7.2624717,0.13348416984081268,0.49166667461395264,0.3191666603088379
YDL117W,YHR024C,0,-7.262592,0.1331828385591507,0.49166667461395264,0.3199999928474426
YMR048W,YGL241W,0,-7.262604,0.13288287818431854,0.49166667461395264,0.32083332538604736
YDR021W,YPL042C,0,-7.264444,0.13258427381515503,0.49166667461395264,0.3216666579246521
YML077W,YPR095C,1,-7.266563,0.13452914357185364,0.5,0.3216666579246521
YLR450W,YDR198C,0,-7.26946,0.1342281848192215,0.5,0.32249999046325684
YPL200W,YGL033W,0,-7.2705026,0.1339285671710968,0.5,0.3233333230018616
YOR026W,YER028C,0,-7.2715745,0.13363029062747955,0.5,0.3241666555404663
YLR350W,YDL224C,0,-7.2718563,0.13333334028720856,0.5,0.32499998807907104
YDR279W,YOL020W,0,-7.2749534,0.13303770124912262,0.5,0.3258333206176758
YBR088C,YGL135W,0,-7.2760863,0.13274335861206055,0.5,0.3266666531562805
YGL032C,YNL118C,0,-7.276826,0.13245032727718353,0.5,0.32749998569488525
YFR019W,YGR014W,0,-7.277008,0.13215859234333038,0.5,0.3283333480358124
YPR104C,YKR037C,0,-7.278276,0.1318681389093399,0.5,0.3291666805744171
YMR229C,YNL044W,0,-7.2795625,0.1315789520740509,0.5,0.33000001311302185
YAL024C,YPR095C,1,-7.28168,0.13347920775413513,0.5083333253860474,0.33000001311302185
YBR002C,YDL128W,0,-7.282621,0.13318777084350586,0.5083333253860474,0.3308333456516266
YGL003C,YAL029C,0,-7.2826753,0.13289760053157806,0.5083333253860474,0.3316666781902313
YLR314C,YGL090W,0,-7.2833133,0.13260869681835175,0.5083333253860474,0.33250001072883606
YLR242C,YGR175C,0,-7.284314,0.1323210448026657,0.5083333253860474,0.3333333432674408
YOR023C,YPL012W,0,-7.2848754,0.13203462958335876,0.5083333253860474,0.33416667580604553
YER087C-B,YPR095C,1,-7.285021,0.13390928506851196,0.5166666507720947,0.33416667580604553
YDR512C,YLR350W,0,-7.2850537,0.13362069427967072,0.5166666507720947,0.33500000834465027
YIL040W,YOR266W,0,-7.286012,0.13333334028720856,0.5166666507720947,0.335833340883255
YJR090C,YAL025C,0,-7.2877865,0.1330472081899643,0.5166666507720947,0.33666667342185974
YLR347C,YER087C-B,1,-7.288551,0.13490363955497742,0.5249999761581421,0.33666667342185974
YAL024C,YER087C-B,1,-7.28875,0.1367521435022354,0.5333333611488342,0.33666667342185974
YFL031W,YAR033W,0,-7.290526,0.1364605575799942,0.5333333611488342,0.3375000059604645
YMR048W,YLR106C,0,-7.2911344,0.13617020845413208,0.5333333611488342,0.3383333384990692
YLR390W-A,YBL105C,0,-7.2913413,0.13588111102581024,0.5333333611488342,0.33916667103767395
YOR380W,YPL175W,0,-7.2931476,0.1355932205915451,0.5333333611488342,0.3400000035762787
YMR168C,YCR106W,0,-7.293968,0.13530655205249786,0.5333333611488342,0.3408333361148834
YNL236W,YDR297W,0,-7.2958655,0.13502109050750732,0.5333333611488342,0.34166666865348816
YNL061W,YDR092W,0,-7.2963014,0.1347368359565735,0.5333333611488342,0.3425000011920929
YLR246W,YML069W,0,-7.2968273,0.13445378839969635,0.5333333611488342,0.34333333373069763
YKL008C,YGR009C,0,-7.297316,0.13417190313339233,0.5333333611488342,0.34416666626930237
YCR048W,YDL138W,0,-7.2991824,0.13389120995998383,0.5333333611488342,0.3449999988079071
YIL033C,YJL219W,0,-7.2996964,0.13361169397830963,0.5333333611488342,0.34583333134651184
YDL008W,YMR048W,0,-7.30117,0.13333334028720856,0.5333333611488342,0.3466666638851166
YJL184W,YGR004W,0,-7.305002,0.1330561339855194,0.5333333611488342,0.3474999964237213
YGL191W,YDR503C,0,-7.307193,0.13278008997440338,0.5333333611488342,0.34833332896232605
YDR297W,YML029W,0,-7.308115,0.13250517845153809,0.5333333611488342,0.3491666615009308
YLR096W,YPL156C,0,-7.312092,0.13223139941692352,0.5333333611488342,0.3499999940395355
YLR276C,YBR167C,0,-7.3134522,0.1319587677717209,0.5333333611488342,0.35083332657814026
YJR064W,YFR031C,0,-7.314115,0.1316872388124466,0.5333333611488342,0.351666659116745
YOL143C,YKL079W,0,-7.314318,0.13141684234142303,0.5333333611488342,0.35249999165534973
YKL220C,YJL030W,0,-7.3145423,0.13114753365516663,0.5333333611488342,0.35333332419395447
YMR303C,YJL012C,0,-7.315766,0.13087934255599976,0.5333333611488342,0.3541666567325592
YNL326C,YDR436W,0,-7.315866,0.13061223924160004,0.5333333611488342,0.35499998927116394
YHR170W,YML015C,0,-7.3186955,0.13034623861312866,0.5333333611488342,0.3558333218097687
YER045C,YBR073W,0,-7.318887,0.13008129596710205,0.5333333611488342,0.3566666543483734
YGL025C,YOR266W,0,-7.3215146,0.1298174411058426,0.5333333611488342,0.35749998688697815
YER042W,YGR095C,0,-7.3219233,0.1295546591281891,0.5333333611488342,0.3583333194255829
YER045C,YKL129C,0,-7.3221745,0.12929293513298035,0.5333333611488342,0.3591666519641876
YOR267C,YDL085W,0,-7.3222895,0.12903225421905518,0.5333333611488342,0.36000001430511475
YOR033C,YDR140W,0,-7.3225255,0.12877263128757477,0.5333333611488342,0.3608333468437195
YFR027W,YDR004W,0,-7.322609,0.12851405143737793,0.5333333611488342,0.3616666793823242
YIL026C,YPL133C,0,-7.323419,0.12825651466846466,0.5333333611488342,0.36250001192092896
YCR020W-B,YDL135C,0,-7.3259006,0.12800000607967377,0.5333333611488342,0.3633333444595337
YML077W,YCR038C,1,-7.3272834,0.12974052131175995,0.5416666865348816,0.3633333444595337
YGL194C,YHR027C,0,-7.329628,0.12948207557201385,0.5416666865348816,0.3641666769981384
YLR095C,YER005W,0,-7.331088,0.12922465801239014,0.5416666865348816,0.36500000953674316
YMR292W,YKL025C,0,-7.3318048,0.1289682537317276,0.5416666865348816,0.3658333420753479
YDL065C,YCL005W-A,0,-7.332457,0.12871287763118744,0.5416666865348816,0.36666667461395264
YHR072W,YPL174C,0,-7.3330426,0.12845849990844727,0.5416666865348816,0.3675000071525574
YBL026W,YJL076W,0,-7.3355784,0.12820513546466827,0.5416666865348816,0.3683333396911621
YDR477W,YGL097W,1,-7.3358665,0.12992125749588013,0.550000011920929,0.3683333396911621
YKL172W,YKL166C,0,-7.336632,0.1296660155057907,0.550000011920929,0.36916667222976685
YKL220C,YGL095C,0,-7.339164,0.12941177189350128,0.550000011920929,0.3700000047683716
YLR320W,YDR146C,0,-7.3397064,0.12915851175785065,0.550000011920929,0.3708333373069763
YOR328W,YPL206C,0,-7.342503,0.12890625,0.550000011920929,0.37166666984558105
YBL099W,YHR016C,0,-7.3439956,0.12865497171878815,0.550000011920929,0.3725000023841858
YDL003W,YDR198C,0,-7.347098,0.1284046620130539,0.550000011920929,0.3733333349227905
YGL222C,YJL128C,0,-7.347173,0.12815533578395844,0.550000011920929,0.37416666746139526
YJL179W,YHR034C,0,-7.3475947,0.12790697813034058,0.550000011920929,0.375
YGL084C,YLR145W,0,-7.349265,0.12765957415103912,0.550000011920929,0.37583333253860474
YOR113W,YML007W,0,-7.3494473,0.12741312384605408,0.550000011920929,0.3766666650772095
YER168C,YBR294W,0,-7.350415,0.12716762721538544,0.550000011920929,0.3774999976158142
YGL003C,YPL096C-A,0,-7.351522,0.1269230842590332,0.550000011920929,0.37833333015441895
YOR209C,YPL128C,0,-7.352219,0.126679465174675,0.550000011920929,0.3791666626930237
YPL270W,YLL061W,0,-7.356115,0.12643678486347198,0.550000011920929,0.3799999952316284
YDL008W,YGR200C,0,-7.3569503,0.126195028424263,0.550000011920929,0.38083332777023315
YPR081C,YAL011W,0,-7.357301,0.12595419585704803,0.550000011920929,0.3816666603088379
YER126C,YOR069W,0,-7.3575506,0.1257142871618271,0.550000011920929,0.3824999928474426
YOR074C,YLR233C,0,-7.3594704,0.12547528743743896,0.550000011920929,0.38333332538604736
YPR081C,YPL036W,0,-7.3604455,0.12523719668388367,0.550000011920929,0.3841666579246521
YLL035W,YDL065C,0,-7.3605595,0.125,0.550000011920929,0.38499999046325684
YGL241W,YEL050C,0,-7.3606567,0.12476370483636856,0.550000011920929,0.3858333230018616
YCR038C,YPL048W,1,-7.3625617,0.12641508877277374,0.5583333373069763,0.3858333230018616
YMR021C,YOL143C,0,-7.362883,0.12617702782154083,0.5583333373069763,0.3866666555404663
YDL065C,YDR436W,0,-7.3645663,0.12593984603881836,0.5583333373069763,0.38749998807907104
YPL271W,YDR030C,0,-7.366246,0.12570355832576752,0.5583333373069763,0.3883333206176758
YJR064W,YKL048C,0,-7.3689504,0.1254681646823883,0.5583333373069763,0.3891666531562805
YMR081C,YNL332W,0,-7.3698373,0.12523365020751953,0.5583333373069763,0.38999998569488525
YLR320W,YPL112C,0,-7.372254,0.125,0.5583333373069763,0.3908333480358124
YBR210W,YIL118W,0,-7.3760505,0.1247672289609909,0.5583333373069763,0.3916666805744171
YMR129W,YBR162C,0,-7.377263,0.12453531473875046,0.5583333373069763,0.39250001311302185
YAR019C,YKL048C,0,-7.3783345,0.12430426478385925,0.5583333373069763,0.3933333456516266
YNR067C,YDR011W,0,-7.379849,0.1240740716457367,0.5583333373069763,0.3941666781902313
YMR129W,YOR027W,0,-7.3802514,0.12384473532438278,0.5583333373069763,0.39500001072883606
YKR097W,YNL236W,0,-7.3811803,0.12361623346805573,0.5583333373069763,0.3958333432674408
YPL046C,YNL082W,0,-7.3840694,0.12338858097791672,0.5583333373069763,0.39666667580604553
YNL231C,YDR293C,0,-7.390659,0.12316176295280457,0.5583333373069763,0.39750000834465027
YHL038C,YFR031C,0,-7.392279,0.12293577939271927,0.5583333373069763,0.398333340883255
YNL153C,YNL283C,0,-7.393348,0.12271062284708023,0.5583333373069763,0.39916667342185974
YPL221W,YNL231C,0,-7.3935485,0.12248628586530685,0.5583333373069763,0.4000000059604645
YDR281C,YCR084C,0,-7.396171,0.12226277589797974,0.5583333373069763,0.4008333384990692
YJL165C,YHR160C,0,-7.397877,0.12204007059335709,0.5583333373069763,0.40166667103767395
YER019W,YGL014W,0,-7.3987126,0.1218181848526001,0.5583333373069763,0.4025000035762787
YDR062W,YER042W,0,-7.3990836,0.12159709632396698,0.5583333373069763,0.4033333361148834
YGL180W,YOR316C,0,-7.400066,0.12137681245803833,0.5583333373069763,0.40416666865348816
YMR229C,YCR084C,0,-7.4023337,0.12115732580423355,0.5583333373069763,0.4050000011920929
YKR087C,YLR224W,0,-7.404139,0.12093862891197205,0.5583333373069763,0.40583333373069763
YGR284C,YLR145W,0,-7.405887,0.12072072178125381,0.5583333373069763,0.40666666626930237
YJL030W,YPR032W,0,-7.4085665,0.12050359696149826,0.5583333373069763,0.4074999988079071
YNR027W,YNL231C,0,-7.409751,0.12028725445270538,0.5583333373069763,0.40833333134651184
YPR057W,YPL270W,0,-7.4100204,0.12007168680429459,0.5583333373069763,0.4091666638851166
YPR095C,YLR425W,1,-7.41027,0.12164579331874847,0.5666666626930237,0.4091666638851166
YLR233C,YBR228W,0,-7.411201,0.12142857164144516,0.5666666626930237,0.4099999964237213
YLR138W,YCR060W,0,-7.4121075,0.12121212482452393,0.5666666626930237,0.41083332896232605
YKL043W,YBL100W-A,0,-7.4125557,0.12099643796682358,0.5666666626930237,0.4116666615009308
YKL016C,YKL014C,0,-7.412889,0.12078152596950531,0.5666666626930237,0.4124999940395355
YPR046W,YDL111C,0,-7.414528,0.12056737393140793,0.5666666626930237,0.41333332657814026
YBR195C,YOR054C,0,-7.414791,0.12035398185253143,0.5666666626930237,0.414166659116745
YNL129W,YBR165W,0,-7.4151287,0.12014134228229523,0.5666666626930237,0.41499999165534973
YMR081C,YGR020C,0,-7.4168196,0.11992945522069931,0.5666666626930237,0.41583332419395447
YDL188C,YGR046W,0,-7.41771,0.11971831321716309,0.5666666626930237,0.4166666567325592
YLL042C,YJL059W,0,-7.418642,0.11950790882110596,0.5666666626930237,0.41749998927116394
YLR401C,YFL034C-B,0,-7.4189434,0.11929824203252792,0.5666666626930237,0.4183333218097687
YGL061C,YML059C,0,-7.426381,0.11908932030200958,0.5666666626930237,0.4191666543483734
YPR100W,YCR042C,0,-7.4267144,0.11888112127780914,0.5666666626930237,0.41999998688697815
YJR089W,YGR178C,0,-7.431442,0.1186736449599266,0.5666666626930237,0.4208333194255829
YGL033W,YIL068C,0,-7.4315224,0.11846689879894257,0.5666666626930237,0.4216666519641876
YML077W,YGL097W,1,-7.4325347,0.11999999731779099,0.574999988079071,0.4216666519641876
YBR022W,YOR003W,0,-7.4331217,0.1197916641831398,0.574999988079071,0.42250001430511475
YPR100W,YPR113W,0,-7.4331317,0.11958405375480652,0.574999988079071,0.4233333468437195
YNL219C,YDR516C,0,-7.4332385,0.11937716603279114,0.574999988079071,0.4241666793823242
YKL060C,YDR437W,0,-7.4338984,0.11917098611593246,0.574999988079071,0.42500001192092896
YNL148C,YDL005C,0,-7.435002,0.1189655140042305,0.574999988079071,0.4258333444595337
YJR118C,YDL188C,0,-7.4350915,0.11876075714826584,0.574999988079071,0.4266666769981384
YLR129W,YBL102W,0,-7.4352517,0.11855670064687729,0.574999988079071,0.42750000953674316
YLR314C,YLR126C,0,-7.436006,0.11835334450006485,0.574999988079071,0.4283333420753479
YPL181W,YGL027C,0,-7.4363055,0.11815068125724792,0.574999988079071,0.42916667461395264
YIR028W,YGR020C,0,-7.4363728,0.11794871836900711,0.574999988079071,0.4300000071525574
YML120C,YNL236W,0,-7.436719,0.11774744093418121,0.574999988079071,0.4308333396911621
YHR123W,YNL102W,0,-7.4376903,0.11754684895277023,0.574999988079071,0.43166667222976685
YEL065W,YAR003W,0,-7.440045,0.11734694242477417,0.574999988079071,0.4325000047683716
YDL024C,YIL048W,0,-7.440544,0.11714770644903183,0.574999988079071,0.4333333373069763
YDR021W,YPL188W,0,-7.444375,0.1169491559267044,0.574999988079071,0.43416666984558105
YIL109C,YKL086W,0,-7.4449615,0.11675126850605011,0.574999988079071,0.4350000023841858
YNR027W,YMR186W,0,-7.4465766,0.11655405163764954,0.574999988079071,0.4358333349227905
YIL026C,YER126C,0,-7.4471927,0.11635750532150269,0.574999988079071,0.43666666746139526
YDL069C,YGR183C,0,-7.447884,0.11616161465644836,0.574999988079071,0.4375
YMR192W,YGR159C,0,-7.449034,0.11596638709306717,0.574999988079071,0.43833333253860474
YGR145W,YER146W,0,-7.45203,0.1157718151807785,0.574999988079071,0.4391666650772095
YJL179W,YOR341W,0,-7.452501,0.11557789146900177,0.574999988079071,0.4399999976158142
YNR008W,YOL143C,0,-7.4530635,0.11538461595773697,0.574999988079071,0.44083333015441895
YOL003C,YLR034C,0,-7.45311,0.1151919886469841,0.574999988079071,0.4416666626930237
YPL138C,YPL203W,0,-7.4539013,0.11500000208616257,0.574999988079071,0.4424999952316284
YOR185C,YDR174W,0,-7.454661,0.11480864882469177,0.574999988079071,0.44333332777023315
YPL093W,YER005W,0,-7.4579067,0.11461794376373291,0.574999988079071,0.4441666603088379
YNL219C,YGL174W,0,-7.4684157,0.11442785710096359,0.574999988079071,0.4449999928474426
YPL112C,YCL005W-A,0,-7.468714,0.11423841118812561,0.574999988079071,0.44583332538604736
YMR168C,YBR002C,0,-7.472892,0.11404958367347717,0.574999988079071,0.4466666579246521
YML080W,YMR202W,0,-7.474255,0.11386138945817947,0.574999988079071,0.44749999046325684
YMR133W,YGR251W,0,-7.4743876,0.11367380619049072,0.574999988079071,0.4483333230018616
YDR503C,YNL244C,0,-7.4752507,0.11348684132099152,0.574999988079071,0.4491666555404663
YJL128C,YGR094W,0,-7.475641,0.11330049484968185,0.574999988079071,0.44999998807907104
YLR186W,YCR058C,0,-7.4758983,0.11311475187540054,0.574999988079071,0.4508333206176758
YLR242C,YJL076W,0,-7.4774156,0.11292961984872818,0.574999988079071,0.4516666531562805
YJR059W,YHR119W,0,-7.479051,0.11274509876966476,0.574999988079071,0.45249998569488525
YOL009C,YGL051W,0,-7.479112,0.1125611737370491,0.574999988079071,0.4533333480358124
YKL008C,YLR337W,0,-7.480603,0.11237785220146179,0.574999988079071,0.4541666805744171
YCR048W,YBR037C,0,-7.480728,0.11219511926174164,0.574999988079071,0.45500001311302185
YBL097W,YPL181W,0,-7.480907,0.11201298981904984,0.574999988079071,0.4558333456516266
YMR168C,YGL175C,0,-7.481397,0.11183144152164459,0.574999988079071,0.4566666781902313
YJL140W,YCL005W-A,0,-7.482096,0.1116504818201065,0.574999988079071,0.45750001072883606
YOR236W,YLR034C,0,-7.4835086,0.11147011071443558,0.574999988079071,0.4583333432674408
YOR099W,YNL117W,0,-7.4847946,0.11129032075405121,0.574999988079071,0.45916667580604553
YNL099C,YDL081C,0,-7.485087,0.1111111119389534,0.574999988079071,0.46000000834465027
YNR067C,YDR176W,0,-7.4853525,0.11093247681856155,0.574999988079071,0.460833340883255
YJR013W,YPR138C,0,-7.486241,0.11075441539287567,0.574999988079071,0.46166667342185974
YNR074C,YPL100W,0,-7.489116,0.11057692021131516,0.574999988079071,0.4625000059604645
YOL126C,YKL186C,0,-7.4913383,0.1103999987244606,0.574999988079071,0.4633333384990692
YAR019C,YNL110C,0,-7.49311,0.11022364348173141,0.574999988079071,0.46416667103767395
YEL015W,YKR037C,0,-7.4933224,0.110047847032547,0.574999988079071,0.4650000035762787
YDR276C,YDL030W,0,-7.493905,0.10987260937690735,0.574999988079071,0.4658333361148834
YJR042W,YGR143W,0,-7.494684,0.10969793051481247,0.574999988079071,0.46666666865348816
YPL048W,YER087C-A,1,-7.4956594,0.1111111119389534,0.5833333134651184,0.46666666865348816
YMR081C,YDL188C,0,-7.498533,0.1109350249171257,0.5833333134651184,0.4675000011920929
YNL272C,YPR095C,1,-7.5009065,0.11234176903963089,0.5916666388511658,0.4675000011920929
YKR097W,YLR166C,0,-7.5029297,0.11216429620981216,0.5916666388511658,0.46833333373069763
YER009W,YCL033C,0,-7.5032287,0.11198738217353821,0.5916666388511658,0.46916666626930237
YBR228W,YDL224C,0,-7.5049214,0.11181102693080902,0.5916666388511658,0.4699999988079071
YBR210W,YOL002C,0,-7.505067,0.111635223031044,0.5916666388511658,0.47083333134651184
YER087C-B,YGL097W,1,-7.5052743,0.1130298301577568,0.6000000238418579,0.47083333134651184
YER019W,YPR133W-A,0,-7.505361,0.11285266280174255,0.6000000238418579,0.4716666638851166
YLR381W,YCR020W-B,0,-7.5056596,0.11267605423927307,0.6000000238418579,0.4724999964237213
YDR208W,YER126C,0,-7.5071807,0.11249999701976776,0.6000000238418579,0.47333332896232605
YOR341W,YJL187C,0,-7.508104,0.11232449114322662,0.6000000238418579,0.4741666615009308
YMR186W,YKR055W,0,-7.510991,0.11214952915906906,0.6000000238418579,0.4749999940395355
YPL048W,YOR260W,1,-7.5132627,0.11353032290935516,0.6083333492279053,0.4749999940395355
YDL230W,YCL033C,0,-7.516479,0.11335403472185135,0.6083333492279053,0.47583332657814026
YMR060C,YIR026C,0,-7.517546,0.1131782978773117,0.6083333492279053,0.476666659116745
YGR003W,YAL042W,0,-7.517847,0.11300309747457504,0.6083333492279053,0.47749999165534973
YNR044W,YBL058W,0,-7.5180626,0.11282844096422195,0.6083333492279053,0.47833332419395447
YER126C,YDR325W,0,-7.522571,0.11265432089567184,0.6083333492279053,0.4791666567325592
YMR290C,YJL076W,0,-7.52268,0.11248073726892471,0.6083333492279053,0.47999998927116394
YPL048W,YDR472W,1,-7.5236654,0.11384615302085876,0.6166666746139526,0.47999998927116394
YJR147W,YDL098C,0,-7.524099,0.11367127299308777,0.6166666746139526,0.4808333218097687
YJL124C,YNL250W,0,-7.525185,0.11349692940711975,0.6166666746139526,0.4816666543483734
YPL265W,YPR113W,0,-7.526669,0.11332312226295471,0.6166666746139526,0.48249998688697815
YGR060W,YPL175W,0,-7.5300183,0.11314984411001205,0.6166666746139526,0.4833333194255829
YPL221W,YCL034W,0,-7.5302086,0.11297710239887238,0.6166666746139526,0.4841666519641876
YKR026C,YER087C-A,1,-7.5352025,0.1143292710185051,0.625,0.4841666519641876
YOR260W,YGL097W,1,-7.5356464,0.11567731946706772,0.6333333253860474,0.4841666519641876
YLR097C,YIL105C,0,-7.535796,0.1155015230178833,0.6333333253860474,0.48500001430511475
YMR319C,YJL035C,0,-7.536117,0.11532625555992126,0.6333333253860474,0.4858333468437195
YLR207W,YER028C,0,-7.5401096,0.11515151709318161,0.6333333253860474,0.4866666793823242
YDR436W,YEL060C,0,-7.540878,0.11497730761766434,0.6333333253860474,0.48750001192092896
YOR014W,YDR240C,0,-7.5410953,0.11480362713336945,0.6333333253860474,0.4883333444595337
YPL100W,YKL120W,0,-7.5416913,0.11463046818971634,0.6333333253860474,0.4891666769981384
YBR237W,YKR062W,0,-7.5422707,0.11445783078670502,0.6333333253860474,0.49000000953674316
YGL032C,YKL048C,0,-7.5425186,0.11428571492433548,0.6333333253860474,0.4908333420753479
YGL097W,YDR472W,1,-7.543572,0.115615613758564,0.6416666507720947,0.4908333420753479
YDL207W,YGR059W,0,-7.5444684,0.11544227600097656,0.6416666507720947,0.49166667461395264
YCR038C,YPR095C,1,-7.5448737,0.11676646769046783,0.6499999761581421,0.49166667461395264
YNL023C,YDR238C,0,-7.5463686,0.1165919303894043,0.6499999761581421,0.4925000071525574
YGL063W,YLR034C,0,-7.5469913,0.11641790717840195,0.6499999761581421,0.4933333396911621
YLR238W,YOR208W,0,-7.547859,0.11624441295862198,0.6499999761581421,0.49416667222976685
YBR247C,YGL241W,0,-7.548268,0.1160714253783226,0.6499999761581421,0.4950000047683716
YJL186W,YKL120W,0,-7.548386,0.11589895933866501,0.6499999761581421,0.4958333373069763
YPL046C,YLR135W,0,-7.5492687,0.115726999938488,0.6499999761581421,0.49666666984558105
YOR316C,YLR095C,0,-7.549728,0.11555555462837219,0.6499999761581421,0.4975000023841858
YKL093W,YDL095W,0,-7.5509925,0.11538461595773697,0.6499999761581421,0.4983333349227905
YBL099W,YHR030C,0,-7.555,0.11521418392658234,0.6499999761581421,0.49916666746139526
YPL265W,YMR287C,0,-7.5579267,0.1150442510843277,0.6499999761581421,0.5
YHR118C,YJL129C,0,-7.558096,0.11487481743097305,0.6499999761581421,0.5008333325386047
YBR037C,YNL244C,0,-7.5582805,0.1147058829665184,0.6499999761581421,0.5016666650772095
YER036C,YLR285W,0,-7.564517,0.11453744769096375,0.6499999761581421,0.5024999976158142
YER087C-B,YDR477W,1,-7.5657444,0.1158357784152031,0.6583333611488342,0.5024999976158142
YPR138C,YGL014W,0,-7.5676875,0.11566618084907532,0.6583333611488342,0.503333330154419
YPR137W,YBL061C,0,-7.5683017,0.11549707502126694,0.6583333611488342,0.5041666626930237
YGL061C,YGR009C,0,-7.5711703,0.11532846838235855,0.6583333611488342,0.5049999952316284
YGL021W,YCR060W,0,-7.571301,0.11516035348176956,0.6583333611488342,0.5058333277702332
YER095W,YAR044W,0,-7.5725746,0.11499272286891937,0.6583333611488342,0.5066666603088379
YLR158C,YOR208W,0,-7.574411,0.11482558399438858,0.6583333611488342,0.5074999928474426
YGL097W,YPR095C,1,-7.575246,0.11611030250787735,0.6666666865348816,0.5074999928474426
YJL165C,YKL186C,0,-7.5761914,0.11594203114509583,0.6666666865348816,0.5083333253860474
YER019W,YBR195C,0,-7.5761952,0.1157742366194725,0.6666666865348816,0.5091666579246521
YPL145C,YDR004W,0,-7.576592,0.11560693383216858,0.6666666865348816,0.5099999904632568
YML077W,YER087C-A,1,-7.578664,0.11688311398029327,0.675000011920929,0.5099999904632568
YER014C-A,YKL095W,0,-7.5809875,0.11671470105648041,0.675000011920929,0.5108333230018616
YDR309C,YCR058C,0,-7.58448,0.11654676496982574,0.675000011920929,0.5116666555404663
YPR200C,YDL099W,0,-7.5848584,0.11637931317090988,0.675000011920929,0.512499988079071
YIL159W,YIR028W,0,-7.5852237,0.11621233820915222,0.675000011920929,0.5133333206176758
YGR060W,YHR058C,0,-7.5858145,0.11604584753513336,0.675000011920929,0.5141666531562805
YLR242C,YOR014W,0,-7.5867753,0.11587982624769211,0.675000011920929,0.5149999856948853
YOR240W,YNL029C,0,-7.587945,0.11571428924798965,0.675000011920929,0.51583331823349
YLR390W-A,YFR028C,0,-7.5882893,0.11554921418428421,0.675000011920929,0.5166666507720947
YBR210W,YPL110C,0,-7.5884814,0.11538461595773697,0.675000011920929,0.5174999833106995
YBL097W,YLR138W,0,-7.589133,0.11522048711776733,0.675000011920929,0.5183333158493042
YGL216W,YLR337W,0,-7.589653,0.11505682021379471,0.675000011920929,0.5191666483879089
YHR129C,YFR019W,0,-7.5903544,0.11489361524581909,0.675000011920929,0.5199999809265137
YGR095C,YKL154W,0,-7.5919776,0.11473087966442108,0.675000011920929,0.5208333134651184
YNL112W,YGL094C,0,-7.592459,0.11456859856843948,0.675000011920929,0.5216666460037231
YML077W,YLL017W,1,-7.592602,0.11581920832395554,0.6833333373069763,0.5216666460037231
YBR085W,YLR166C,0,-7.5926495,0.11565585434436798,0.6833333373069763,0.5224999785423279
YCR020W-B,YDR176W,0,-7.5930185,0.11549295485019684,0.6833333373069763,0.5233333110809326
YAR003W,YOR230W,0,-7.5940857,0.1153305172920227,0.6833333373069763,0.5241666436195374
YHR004C,YCL001W,0,-7.5959134,0.11516854166984558,0.6833333373069763,0.5249999761581421
YKR026C,YLL017W,1,-7.596016,0.1164095401763916,0.6916666626930237,0.5249999761581421
YER009W,YPL128C,0,-7.596357,0.11624649912118912,0.6916666626930237,0.5258333086967468
YER087C-B,YLR425W,1,-7.5970726,0.11748252063989639,0.699999988079071,0.5258333086967468
YIL124W,YNL099C,0,-7.599192,0.11731843650341034,0.699999988079071,0.5266666412353516
YJR145C,YOR008C,0,-7.599343,0.1171548143029213,0.699999988079071,0.5274999737739563
YDL188C,YJR141W,0,-7.5994825,0.11699164658784866,0.699999988079071,0.528333306312561
YGL116W,YIL053W,0,-7.5996847,0.11682892590761185,0.699999988079071,0.5291666388511658
YKR083C,YGL135W,0,-7.5997596,0.11666666716337204,0.699999988079071,0.5299999713897705
YDR258C,YGR010W,0,-7.599833,0.11650485545396805,0.699999988079071,0.5308333039283752
YPL146C,YFL005W,0,-7.6000557,0.11634349077939987,0.699999988079071,0.5316666960716248
YKR026C,YPR095C,1,-7.601525,0.11756569892168045,0.7083333134651184,0.5316666960716248
YMR081C,YBL079W,0,-7.601895,0.1174033135175705,0.7083333134651184,0.5325000286102295
YLR347C,YDR472W,1,-7.6022925,0.11862068623304367,0.7166666388511658,0.5325000286102295
YIL124W,YAR044W,0,-7.6035476,0.11845730245113373,0.7166666388511658,0.5333333611488342
YDL230W,YLR337W,0,-7.6037045,0.118294358253479,0.7166666388511658,0.534166693687439
YDL095W,YCL033C,0,-7.6041226,0.11813186854124069,0.7166666388511658,0.5350000262260437
YDL207W,YKL043W,0,-7.606524,0.1179698184132576,0.7166666388511658,0.5358333587646484
YBL097W,YNR067C,0,-7.607159,0.11780822277069092,0.7166666388511658,0.5366666913032532
YFL041W,YDR208W,0,-7.6112795,0.11764705926179886,0.7166666388511658,0.5375000238418579
YBR068C,YIL147C,0,-7.611926,0.11748633533716202,0.7166666388511658,0.5383333563804626
YGR145W,YOL103W-B,0,-7.6121154,0.11732605844736099,0.7166666388511658,0.5391666889190674
YDL007W,YLR337W,0,-7.6148887,0.11716621369123459,0.7166666388511658,0.5400000214576721
YPL155C,YJR068W,0,-7.6157327,0.1170068010687828,0.7166666388511658,0.5408333539962769
YKL172W,YHR072W,0,-7.6158776,0.11684782803058624,0.7166666388511658,0.5416666865348816
YGL033W,YNR043W,0,-7.6161323,0.1166892796754837,0.7166666388511658,0.5425000190734863
YGR059W,YML085C,0,-7.6170907,0.11653116345405579,0.7166666388511658,0.5433333516120911
YNL231C,YOL001W,0,-7.6174917,0.11637347936630249,0.7166666388511658,0.5441666841506958
YLR201C,YBL061C,0,-7.618427,0.11621621251106262,0.7166666388511658,0.5450000166893005
YIL053W,YOR081C,0,-7.6223836,0.11605937778949738,0.7166666388511658,0.5458333492279053
YML081C-A,YAL059W,0,-7.6227584,0.11590296775102615,0.7166666388511658,0.54666668176651
YJR002W,YIL056W,0,-7.624229,0.11574697494506836,0.7166666388511658,0.5475000143051147
YGL241W,YPR007C,0,-7.6257644,0.11559139937162399,0.7166666388511658,0.5483333468437195
YPR138C,YJL148W,0,-7.6272645,0.11543624103069305,0.7166666388511658,0.5491666793823242
YER020W,YDR244W,0,-7.6298842,0.11528149992227554,0.7166666388511658,0.550000011920929
YNL142W,YIL109C,0,-7.6299996,0.11512717604637146,0.7166666388511658,0.5508333444595337
YPL095C,YDR532C,0,-7.63003,0.11497326195240021,0.7166666388511658,0.5516666769981384
YJL201W,YDR030C,0,-7.6301923,0.11481975764036179,0.7166666388511658,0.5525000095367432
YML069W,YLR130C,0,-7.6303525,0.1146666631102562,0.7166666388511658,0.5533333420753479
YCR010C,YJL179W,0,-7.6304574,0.11451397836208344,0.7166666388511658,0.5541666746139526
YOR240W,YPR112C,0,-7.6309543,0.1143617033958435,0.7166666388511658,0.5550000071525574
YHR114W,YLR233C,0,-7.632205,0.11420983076095581,0.7166666388511658,0.5558333396911621
YOL156W,YDR028C,0,-7.633626,0.11405835300683975,0.7166666388511658,0.5566666722297668
YCR060W,YPR016C,0,-7.6347036,0.11390728503465652,0.7166666388511658,0.5575000047683716
YIL124W,YBR183W,0,-7.6358666,0.11375661194324493,0.7166666388511658,0.5583333373069763
YMR025W,YOR153W,0,-7.6372657,0.11360634118318558,0.7166666388511658,0.559166669845581
YPL275W,YPL124W,0,-7.6379204,0.11345646530389786,0.7166666388511658,0.5600000023841858
YCR048W,YLR381W,0,-7.6379657,0.11330698430538177,0.7166666388511658,0.5608333349227905
YDL031W,YDR028C,0,-7.638428,0.11315789818763733,0.7166666388511658,0.5616666674613953
YJR002W,YLR448W,0,-7.640434,0.11300919950008392,0.7166666388511658,0.5625
YDR277C,YDR018C,0,-7.641212,0.11286089569330215,0.7166666388511658,0.5633333325386047
YER087C-A,YGL097W,1,-7.6415286,0.1140235885977745,0.7250000238418579,0.5633333325386047
YNL148C,YHL047C,0,-7.6418767,0.11387434601783752,0.7250000238418579,0.5641666650772095
YDL005C,YMR008C,0,-7.6419063,0.11372549086809158,0.7250000238418579,0.5649999976158142
YMR199W,YER117W,0,-7.642094,0.11357702314853668,0.7250000238418579,0.565833330154419
YBL102W,YNL044W,0,-7.642819,0.11342894285917282,0.7250000238418579,0.5666666626930237
YDR436W,YLR466W,0,-7.64325,0.11328125,0.7250000238418579,0.5674999952316284
YJR025C,YPL129W,0,-7.6435447,0.11313393712043762,0.7250000238418579,0.5683333277702332
YLR347C,YER087C-A,1,-7.645072,0.11428571492433548,0.7333333492279053,0.5683333277702332
YBR073W,YMR051C,0,-7.6451716,0.11413748562335968,0.7333333492279053,0.5691666603088379
YCR048W,YJR068W,0,-7.6458244,0.11398963630199432,0.7333333492279053,0.5699999928474426
YJR002W,YPR016C,0,-7.6459117,0.11384217441082001,0.7333333492279053,0.5708333253860474
YPL036W,YBR165W,0,-7.645944,0.11369509249925613,0.7333333492279053,0.5716666579246521
YDL188C,YBR183W,0,-7.6465735,0.1135483905673027,0.7333333492279053,0.5724999904632568
YJR160C,YKR097W,0,-7.6469374,0.11340206116437912,0.7333333492279053,0.5733333230018616
YAL024C,YLL017W,1,-7.6472397,0.114543117582798,0.7416666746139526,0.5733333230018616
YPR056W,YBR165W,0,-7.647906,0.11439588665962219,0.7416666746139526,0.5741666555404663
YGR239C,YDR325W,0,-7.653361,0.11424903571605682,0.7416666746139526,0.574999988079071
YMR173W,YCR106W,0,-7.653729,0.1141025647521019,0.7416666746139526,0.5758333206176758
YIL036W,YPL049C,0,-7.654798,0.11395646631717682,0.7416666746139526,0.5766666531562805
YBR159W,YLL061W,0,-7.655343,0.11381074041128159,0.7416666746139526,0.5774999856948853
YKR052C,YNL294C,0,-7.655608,0.1136653870344162,0.7416666746139526,0.57833331823349
YBR210W,YOR003W,0,-7.6567445,0.11352040618658066,0.7416666746139526,0.5791666507720947
YKR026C,YLR425W,1,-7.656808,0.1146496832370758,0.75,0.5791666507720947
YOR316C,YAR003W,0,-7.6572714,0.11450381577014923,0.75,0.5799999833106995
YDL055C,YMR125W,0,-7.6574483,0.1143583208322525,0.75,0.5808333158493042
YPL265W,YGL014W,0,-7.657802,0.11421319842338562,0.75,0.5816666483879089
YML067C,YDR092W,0,-7.658671,0.11406844109296799,0.75,0.5824999809265137
YBR059C,YOR142W-B,0,-7.6588764,0.1139240488409996,0.75,0.5833333134651184
YFL005W,YFL002W-B,0,-7.6591773,0.11378002166748047,0.75,0.5841666460037231
YKL059C,YBR168W,0,-7.6594434,0.11363636702299118,0.75,0.5849999785423279
YLR342W,YGL246C,0,-7.6594834,0.11349306255578995,0.75,0.5858333110809326
YCR040W,YML085C,0,-7.659774,0.11335012316703796,0.75,0.5866666436195374
YER020W,YHR079C,0,-7.6598864,0.11320754885673523,0.75,0.5874999761581421
YDL039C,YNL294C,0,-7.660617,0.11306532472372055,0.75,0.5883333086967468
YOR037W,YKR052C,0,-7.660909,0.11292346566915512,0.75,0.5891666412353516
YLR246W,YKL045W,0,-7.66094,0.11278195679187775,0.75,0.5899999737739563
YHR120W,YMR051C,0,-7.66114,0.11264079809188843,0.75,0.590833306312561
YMR011W,YOR081C,0,-7.6622424,0.11249999701976776,0.75,0.5916666388511658
YOR267C,YPR181C,0,-7.6629596,0.11235955357551575,0.75,0.5924999713897705
YGL097W,YLL017W,1,-7.6662793,0.11346633732318878,0.7583333253860474,0.5924999713897705
YLL060C,YPR133C,0,-7.666547,0.11332502961158752,0.7583333253860474,0.5933333039283752
YAR003W,YLR410W-B,0,-7.6671968,0.11318407952785492,0.7583333253860474,0.5941666960716248
YDL115C,YOR159C,0,-7.6683793,0.11304347962141037,0.7583333253860474,0.5950000286102295
YOR209C,YDL019C,0,-7.671262,0.11290322244167328,0.7583333253860474,0.5958333611488342
YOL020W,YKL095W,0,-7.671541,0.11276332288980484,0.7583333253860474,0.596666693687439
YPR083W,YGR280C,0,-7.6716003,0.11262376606464386,0.7583333253860474,0.5975000262260437
YGL151W,YNL294C,0,-7.672803,0.11248455196619034,0.7583333253860474,0.5983333587646484
YDR527W,YOL103W-B,0,-7.675616,0.11234568059444427,0.7583333253860474,0.5991666913032532
YLR347C,YLL017W,1,-7.6771493,0.11344020068645477,0.7666666507720947,0.5991666913032532
YCR038C,YAL024C,1,-7.678198,0.11453201621770859,0.7749999761581421,0.5991666913032532
YHR129C,YGL001C,0,-7.6807084,0.11439114063978195,0.7749999761581421,0.6000000238418579
YCL060C,YOL124C,0,-7.680781,0.11425061523914337,0.7749999761581421,0.6008333563804626
YGL153W,YPL156C,0,-7.6825075,0.11411043256521225,0.7749999761581421,0.6016666889190674
YLR186W,YOL103W-B,0,-7.68413,0.11397058516740799,0.7749999761581421,0.6025000214576721
YDL064W,YOL129W,0,-7.686833,0.11383108794689178,0.7749999761581421,0.6033333539962769
YAL024C,YER087C-A,1,-7.6892095,0.1149144247174263,0.7833333611488342,0.6033333539962769
YGL119W,YGL063W,0,-7.689254,0.11477411538362503,0.7833333611488342,0.6041666865348816
YMR246W,YDR369C,0,-7.689316,0.11463414877653122,0.7833333611488342,0.6050000190734863
YOR171C,YBL100W-A,0,-7.6908264,0.11449451744556427,0.7833333611488342,0.6058333516120911
YOR310C,YPL133C,0,-7.6908383,0.11435522884130478,0.7833333611488342,0.6066666841506958
YKR037C,YDR306C,0,-7.6919866,0.11421628296375275,0.7833333611488342,0.6075000166893005
YOR180C,YHR072W,0,-7.6919875,0.11407767236232758,0.7833333611488342,0.6083333492279053
YLR096W,YHR111W,0,-7.6941133,0.11393939703702927,0.7833333611488342,0.60916668176651
YMR056C,YMR051C,0,-7.694642,0.11380144953727722,0.7833333611488342,0.6100000143051147
YFL031W,YGR027W-A,0,-7.6953626,0.11366384476423264,0.7833333611488342,0.6108333468437195
YNL112W,YNR023W,0,-7.696338,0.11352656781673431,0.7833333611488342,0.6116666793823242
YBR161W,YDL039C,0,-7.6966224,0.11338962614536285,0.7833333611488342,0.612500011920929
YKL150W,YLR227W-B,0,-7.696953,0.11325301229953766,0.7833333611488342,0.6133333444595337
YCR038C,YER087C-A,1,-7.6973886,0.11432009935379028,0.7916666865348816,0.6133333444595337
YHR058C,YDR523C,0,-7.697685,0.11418269574642181,0.7916666865348816,0.6141666769981384
YJR135C,YJL012C-A,0,-7.6978383,0.11404561996459961,0.7916666865348816,0.6150000095367432
YGL037C,YLR033W,0,-7.6980863,0.11390887200832367,0.7916666865348816,0.6158333420753479
YCL060C,YMR270C,0,-7.6991014,0.113772451877594,0.7916666865348816,0.6166666746139526
YLR238W,YIL048W,0,-7.6991925,0.11363636702299118,0.7916666865348816,0.6175000071525574
YMR060C,YGR059W,0,-7.699401,0.11350059509277344,0.7916666865348816,0.6183333396911621
YJR090C,YLR227W-B,0,-7.7003455,0.11336515843868256,0.7916666865348816,0.6191666722297668
YDR512C,YDR255C,0,-7.700617,0.11323003470897675,0.7916666865348816,0.6200000047683716
YCR038C,YLR347C,1,-7.702156,0.11428571492433548,0.800000011920929,0.6200000047683716
YPL115C,YDR365W-B,0,-7.702312,0.11414982378482819,0.800000011920929,0.6208333373069763
YBR237W,YHR111W,0,-7.702577,0.11401425302028656,0.800000011920929,0.621666669845581
YCR075C,YDR195W,0,-7.703903,0.1138790026307106,0.800000011920929,0.6225000023841858
YNL272C,YLL017W,1,-7.7059083,0.11492890864610672,0.8083333373069763,0.6225000023841858
YMR056C,YGL238W,0,-7.7060995,0.11479289829730988,0.8083333373069763,0.6233333349227905
YJR002W,YGL045W,0,-7.706795,0.1146572083234787,0.8083333373069763,0.6241666674613953
YLR391W,YER005W,0,-7.707648,0.11452183872461319,0.8083333373069763,0.625
YOR260W,YER087C-A,1,-7.7100244,0.11556603759527206,0.8166666626930237,0.625
YHL036W,YPL036W,0,-7.710823,0.11542991548776627,0.8166666626930237,0.6258333325386047
YLR231C,YBL057C,0,-7.71089,0.11529412120580673,0.8166666626930237,0.6266666650772095
YKL001C,YGR027W-A,0,-7.711303,0.11515863984823227,0.8166666626930237,0.6274999976158142
YER052C,YGR027W-A,0,-7.712106,0.11502347141504288,0.8166666626930237,0.628333330154419
YDR437W,YMR270C,0,-7.712284,0.11488863080739975,0.8166666626930237,0.6291666626930237
YGL021W,YDR192C,0,-7.7126412,0.1147540956735611,0.8166666626930237,0.6299999952316284
YBR210W,YPL270W,0,-7.7138915,0.11461988091468811,0.8166666626930237,0.6308333277702332
YJR155W,YAR033W,0,-7.714303,0.1144859790802002,0.8166666626930237,0.6316666603088379
YDL154W,YDR276C,0,-7.7149453,0.11435239017009735,0.8166666626930237,0.6324999928474426
YPR001W,YML131W,0,-7.7175584,0.11421911418437958,0.8166666626930237,0.6333333253860474
YHR094C,YKL059C,0,-7.7179074,0.11408614367246628,0.8166666626930237,0.6341666579246521
YPL006W,YFL002W-B,0,-7.71889,0.11395348608493805,0.8166666626930237,0.6349999904632568
YAR044W,YBL100W-A,0,-7.7198205,0.11382114142179489,0.8166666626930237,0.6358333230018616
YKL185W,YNL284C-A,0,-7.7198205,0.11368909478187561,0.8166666626930237,0.6366666555404663
YKL016C,YNL284C-A,0,-7.7198205,0.1135573610663414,0.8166666626930237,0.637499988079071
YBL106C,YNL284C-A,0,-7.7198205,0.11342592537403107,0.8166666626930237,0.6383333206176758
YKL025C,YDR365W-B,0,-7.7198205,0.11329479515552521,0.8166666626930237,0.6391666531562805
YPL125W,YGL008C,0,-7.721282,0.11316397041082382,0.8166666626930237,0.6399999856948853
YML121W,YCL060C,0,-7.721563,0.11303345113992691,0.8166666626930237,0.64083331823349
YNL023C,YLR227W-B,0,-7.721907,0.11290322244167328,0.8166666626930237,0.6416666507720947
YKL085W,YLR227W-B,0,-7.722178,0.11277329921722412,0.8166666626930237,0.6424999833106995
YBR002C,YJL173C,0,-7.7225623,0.11264368146657944,0.8166666626930237,0.6433333158493042
YMR219W,YMR246W,0,-7.723446,0.11251435428857803,0.8166666626930237,0.6441666483879089
YBR161W,YGR027W-A,0,-7.7246013,0.11238531768321991,0.8166666626930237,0.6449999809265137
YBR289W,YJL012C-A,0,-7.724608,0.11225658655166626,0.8166666626930237,0.6458333134651184
YHL025W,YKL035W,0,-7.72519,0.11212814599275589,0.8166666626930237,0.6466666460037231
YDL099W,YOL156W,0,-7.725434,0.1120000034570694,0.8166666626930237,0.6474999785423279
YKR026C,YDR477W,1,-7.7279162,0.11301369965076447,0.824999988079071,0.6474999785423279
YPL095C,YGR027W-A,0,-7.72893,0.11288483440876007,0.824999988079071,0.6483333110809326
YOR180C,YLR084C,0,-7.7289357,0.11275626718997955,0.824999988079071,0.6491666436195374
YPR198W,YBR097W,0,-7.7305784,0.11262798309326172,0.824999988079071,0.6499999761581421
YJL198W,YAR003W,0,-7.730804,0.11249999701976776,0.824999988079071,0.6508333086967468
YLR390W-A,YOR192C-B,0,-7.7327003,0.11237230151891708,0.824999988079071,0.6516666412353516
YMR303C,YPR021C,0,-7.733378,0.11224489659070969,0.824999988079071,0.6524999737739563
YML019W,YDL060W,0,-7.733432,0.11211778223514557,0.824999988079071,0.653333306312561
YER087C-A,YNL272C,1,-7.7343526,0.11312217265367508,0.8333333134651184,0.653333306312561
YDL029W,YBR073W,0,-7.7347956,0.11299435049295425,0.8333333134651184,0.6541666388511658
YNL099C,YFR033C,0,-7.735081,0.11286681890487671,0.8333333134651184,0.6549999713897705
YPR112C,YOR192C-B,0,-7.7366896,0.11273957043886185,0.8333333134651184,0.6558333039283752
YOR209C,YOL103W-B,0,-7.737432,0.11261261254549026,0.8333333134651184,0.6566666960716248
YCL027W,YAR044W,0,-7.7390056,0.11248593777418137,0.8333333134651184,0.6575000286102295
YMR056C,YGR003W,0,-7.7390103,0.11235955357551575,0.8333333134651184,0.6583333611488342
YER087C-B,YLL017W,1,-7.7408614,0.11335577815771103,0.8416666388511658,0.6583333611488342
YGL016W,YGR009C,0,-7.7411447,0.1132287010550499,0.8416666388511658,0.659166693687439
YFR019W,YHR079C,0,-7.741284,0.11310190707445145,0.8416666388511658,0.6600000262260437
YLR138W,YKL035W,0,-7.7415733,0.11297538876533508,0.8416666388511658,0.6608333587646484
YPR083W,YIL105C,0,-7.7447963,0.112849161028862,0.8416666388511658,0.6616666913032532
YEL015W,YPR198W,0,-7.744826,0.1127232164144516,0.8416666388511658,0.6625000238418579
YER087C-A,YDR477W,1,-7.7455,0.113712377846241,0.8500000238418579,0.6625000238418579
YBR245C,YHR170W,0,-7.748255,0.11358574777841568,0.8500000238418579,0.6633333563804626
YPL006W,YJL121C,0,-7.748407,0.11345940083265305,0.8500000238418579,0.6641666889190674
YLR138W,YER095W,0,-7.749453,0.1133333370089531,0.8500000238418579,0.6650000214576721
YJR013W,YDR261C-D,0,-7.7495284,0.11320754885673523,0.8500000238418579,0.6658333539962769
YNL112W,YDR208W,0,-7.7496924,0.11308203637599945,0.8500000238418579,0.6666666865348816
YJR013W,YFL036W,0,-7.7511497,0.11295680701732635,0.8500000238418579,0.6675000190734863
YNL110C,YDR498C,0,-7.751489,0.11283186078071594,0.8500000238418579,0.6683333516120911
YDL115C,YHR170W,0,-7.7516046,0.11270718276500702,0.8500000238418579,0.6691666841506958
YMR042W,YKL035W,0,-7.7522492,0.11258278042078018,0.8500000238418579,0.6700000166893005
YLR231C,YER014C-A,0,-7.7528486,0.11245865374803543,0.8500000238418579,0.6708333492279053
YER087C-A,YDR472W,1,-7.754558,0.11343612521886826,0.8583333492279053,0.6708333492279053
YLR145W,YPR158C-C,0,-7.7553883,0.11331132799386978,0.8583333492279053,0.67166668176651
YGL246C,YBL007C,0,-7.7553964,0.11318681389093399,0.8583333492279053,0.6725000143051147
YDR130C,YNR008W,0,-7.757897,0.11306256800889969,0.8583333492279053,0.6733333468437195
YBL057C,YLR410W-B,0,-7.7581277,0.11293859779834747,0.8583333492279053,0.6741666793823242
YDR472W,YLL017W,1,-7.758775,0.11391018331050873,0.8666666746139526,0.6741666793823242
YGL014W,YAR009C,0,-7.758919,0.11378555744886398,0.8666666746139526,0.675000011920929
YBR167C,YOR192C-B,0,-7.761444,0.11366119980812073,0.8666666746139526,0.6758333444595337
YCR005C,YNL029C,0,-7.7677593,0.11353711783885956,0.8666666746139526,0.6766666769981384
YMR229C,YHR039C-B,0,-7.768124,0.11341330409049988,0.8666666746139526,0.6775000095367432
YGR175C,YPR144C,0,-7.769565,0.11328975856304169,0.8666666746139526,0.6783333420753479
YGL219C,YPL006W,0,-7.7697725,0.11316648870706558,0.8666666746139526,0.6791666746139526
YGL061C,YJL012C-A,0,-7.7700877,0.11304347962141037,0.8666666746139526,0.6800000071525574
YPL096C-A,YJR156C,0,-7.773022,0.11292073875665665,0.8666666746139526,0.6808333396911621
YKL093W,YNL332W,0,-7.773352,0.11279826611280441,0.8666666746139526,0.6816666722297668
YGR167W,YGL246C,0,-7.7782283,0.11267605423927307,0.8666666746139526,0.6825000047683716
YOR008C,YLR337W,0,-7.7800226,0.11255411058664322,0.8666666746139526,0.6833333373069763
YKL004W,YHR039C-B,0,-7.7814293,0.11243243515491486,0.8666666746139526,0.684166669845581
YPR095C,YDR472W,1,-7.7815013,0.11339092999696732,0.875,0.684166669845581
YFR053C,YOL156W,0,-7.7829213,0.11326860636472702,0.875,0.6850000023841858
YGL192W,YPR133C,0,-7.783332,0.11314655095338821,0.875,0.6858333349227905
YOL104C,YDR092W,0,-7.783617,0.1130247563123703,0.875,0.6866666674613953
YDR030C,YPR181C,0,-7.7840376,0.11290322244167328,0.875,0.6875
YPR081C,YIL118W,0,-7.785105,0.11278195679187775,0.875,0.6883333325386047
YHR120W,YOL104C,0,-7.7868967,0.11266094446182251,0.875,0.6891666650772095
YHR171W,YHR139C,0,-7.790007,0.11254019290208817,0.875,0.6899999976158142
YMR305C,YJL012C-A,0,-7.790552,0.11241970211267471,0.875,0.690833330154419
YDR503C,YOR192C-B,0,-7.7913494,0.11229946464300156,0.875,0.6916666626930237
YJL060W,YGL151W,0,-7.7922206,0.11217948794364929,0.875,0.6924999952316284
YOR236W,YML029W,0,-7.79311,0.11205976456403732,0.875,0.6933333277702332
YKL004W,YGL039W,0,-7.793449,0.11194030195474625,0.875,0.6941666603088379
YMR192W,YOR003W,0,-7.7941527,0.11182108521461487,0.875,0.6949999928474426
YDL174C,YER162C,0,-7.7945056,0.11170212924480438,0.875,0.6958333253860474
YOL002C,YBR183W,0,-7.794916,0.1115834191441536,0.875,0.6966666579246521
YJL071W,YEL026W,0,-7.796108,0.1114649698138237,0.875,0.6974999904632568
YFR033C,YMR051C,0,-7.796596,0.1113467663526535,0.875,0.6983333230018616
YNL328C,YDL140C,0,-7.798532,0.1112288162112236,0.875,0.6991666555404663
YNL153C,YDR456W,0,-7.7993827,0.1111111119389534,0.875,0.699999988079071
YCL060C,YJL203W,0,-7.7997856,0.11099366098642349,0.875,0.7008333206176758
YGR280C,YDL195W,0,-7.8005204,0.11087644845247269,0.875,0.7016666531562805
YHR079C,YAR009C,0,-7.800936,0.11075949668884277,0.875,0.7024999856948853
YPL125W,YDR018C,0,-7.8027844,0.11064278334379196,0.875,0.70333331823349
YEL032W,YCR072C,0,-7.803828,0.11052631586790085,0.875,0.7041666507720947
YBR043C,YDL081C,0,-7.8058343,0.11041009426116943,0.875,0.7049999833106995
YIR028W,YPR104C,0,-7.8063264,0.11029411852359772,0.875,0.7058333158493042
YPR008W,YOR027W,0,-7.807584,0.1101783812046051,0.875,0.7066666483879089
YKR052C,YML058W,0,-7.810655,0.11006288975477219,0.875,0.7074999809265137
YDL226C,YOR192C-B,0,-7.8107877,0.10994764417409897,0.875,0.7083333134651184
YLR350W,YGL169W,0,-7.8125772,0.10983263701200485,0.875,0.7091666460037231
YHR019C,YMR192W,0,-7.813025,0.10971786826848984,0.875,0.7099999785423279
YNL008C,YAL012W,0,-7.8141685,0.10960333794355392,0.875,0.7108333110809326
YOR341W,YML124C,0,-7.8144298,0.10948905348777771,0.875,0.7116666436195374
YLR381W,YJL179W,0,-7.815554,0.109375,0.875,0.7124999761581421
YGL249W,YOR129C,0,-7.8162527,0.10926118493080139,0.875,0.7133333086967468
YDR039C,YLR126C,0,-7.816421,0.10914760828018188,0.875,0.7141666412353516
YOL033W,YML131W,0,-7.816599,0.10903427004814148,0.875,0.7149999737739563
YNL239W,YKL035W,0,-7.817041,0.10892116278409958,0.875,0.715833306312561
YKR097W,YOL001W,0,-7.817495,0.10880828648805618,0.875,0.7166666388511658
YLR201C,YML049C,0,-7.8217926,0.10869564861059189,0.875,0.7174999713897705
YKL002W,YAL025C,0,-7.8232255,0.1085832491517067,0.875,0.7183333039283752
YCR040W,YBL100W-A,0,-7.828343,0.10847107321023941,0.875,0.7191666960716248
YGL016W,YMR305C,0,-7.830066,0.10835913568735123,0.875,0.7200000286102295
YAL051W,YER117W,0,-7.8301454,0.10824742168188095,0.875,0.7208333611488342
YER117W,YMR210W,0,-7.830254,0.10813593864440918,0.875,0.721666693687439
YHL047C,YLR376C,0,-7.8321805,0.10802469402551651,0.875,0.7225000262260437
YER014C-A,YPL181W,0,-7.8326387,0.10791366547346115,0.875,0.7233333587646484
YOL063C,YPR016C,0,-7.8330097,0.1078028753399849,0.875,0.7241666913032532
YNL082W,YJL138C,0,-7.8348727,0.10769230872392654,0.875,0.7250000238418579
YGR095C,YBR037C,0,-7.835732,0.1075819656252861,0.875,0.7258333563804626
YOL124C,YFL002W-B,0,-7.83575,0.10747185349464417,0.875,0.7266666889190674
YGR088W,YAL016W,0,-7.836063,0.10736196488142014,0.875,0.7275000214576721
YFL041W,YJL012C-A,0,-7.8375745,0.10725229978561401,0.875,0.7283333539962769
YAL042W,YBR244W,0,-7.839292,0.1071428582072258,0.875,0.7291666865348816
YBL061C,YGR027W-A,0,-7.839567,0.1070336401462555,0.875,0.7300000190734863
YBL099W,YOL156W,0,-7.8413987,0.1069246456027031,0.875,0.7308333516120911
YER087C-A,YLL017W,1,-7.8420243,0.10783316195011139,0.8833333253860474,0.7308333516120911
YGR175C,YHR039C-B,0,-7.84228,0.10772357881069183,0.8833333253860474,0.7316666841506958
YDL008W,YER052C,0,-7.843665,0.10761421173810959,0.8833333253860474,0.7325000166893005
YKR026C,YGL097W,1,-7.846562,0.10851927101612091,0.8916666507720947,0.7325000166893005
YMR303C,YBR159W,0,-7.846886,0.1084093227982521,0.8916666507720947,0.7333333492279053
YBR247C,YEL050C,0,-7.846912,0.10829959809780121,0.8916666507720947,0.73416668176651
YCR075C,YPL110C,0,-7.847381,0.10819008946418762,0.8916666507720947,0.7350000143051147
YDL060W,YDR261C-D,0,-7.8494105,0.10808081179857254,0.8916666507720947,0.7358333468437195
YLR106C,YLR376C,0,-7.8498135,0.10797174274921417,0.8916666507720947,0.7366666793823242
YHR148W,YGR199W,0,-7.850918,0.10786290466785431,0.8916666507720947,0.737500011920929
YNL326C,YCL033C,0,-7.851692,0.10775428265333176,0.8916666507720947,0.7383333444595337
YBR059C,YDL024C,0,-7.851993,0.10764587670564651,0.8916666507720947,0.7391666769981384
YDR331W,YDL135C,0,-7.8526196,0.10753768682479858,0.8916666507720947,0.7400000095367432
YPL100W,YOR112W,0,-7.8550563,0.10742972046136856,0.8916666507720947,0.7408333420753479
YBR100W,YDL135C,0,-7.8551445,0.10732196271419525,0.8916666507720947,0.7416666746139526
YEL009C,YGL063W,0,-7.857412,0.10721442848443985,0.8916666507720947,0.7425000071525574
YCR038C,YDR477W,1,-7.858656,0.10810811072587967,0.8999999761581421,0.7425000071525574
YDR472W,YLR425W,1,-7.859385,0.10899999737739563,0.9083333611488342,0.7425000071525574
YPL155C,YPL206C,0,-7.859465,0.10889110714197159,0.9083333611488342,0.7433333396911621
YLR390W-A,YDR456W,0,-7.8597436,0.10878243297338486,0.9083333611488342,0.7441666722297668
YIL036W,YNL029C,0,-7.8602824,0.10867397487163544,0.9083333611488342,0.7450000047683716
YLR135W,YLL012W,0,-7.8615856,0.10856574028730392,0.9083333611488342,0.7458333373069763
YLR350W,YML034W,0,-7.8625336,0.10845771431922913,0.9083333611488342,0.746666669845581
YPR019W,YLR043C,0,-7.8636823,0.10834989696741104,0.9083333611488342,0.7475000023841858
YDR477W,YLL017W,1,-7.8642516,0.10923535376787186,0.9166666865348816,0.7475000023841858
YKL060C,YGL073W,0,-7.864627,0.1091269850730896,0.9166666865348816,0.7483333349227905
YPL006W,YMR129W,0,-7.864858,0.10901883244514465,0.9166666865348816,0.7491666674613953
YML013W,YOR327C,0,-7.8656535,0.10891088843345642,0.9166666865348816,0.75
YLR138W,YOR145C,0,-7.866031,0.1088031679391861,0.9166666865348816,0.7508333325386047
YKL186C,YCL033C,0,-7.8665347,0.10869564861059189,0.9166666865348816,0.7516666650772095
YOR151C,YLR448W,0,-7.866797,0.10858835279941559,0.9166666865348816,0.7524999976158142
YPR200C,YLR314C,0,-7.867253,0.108481265604496,0.9166666865348816,0.753333330154419
YER020W,YKR063C,0,-7.8674064,0.10837438702583313,0.9166666865348816,0.7541666626930237
YPL270W,YML069W,0,-7.867736,0.10826771706342697,0.9166666865348816,0.7549999952316284
YHR039C-B,YGR020C,0,-7.8687263,0.10816125571727753,0.9166666865348816,0.7558333277702332
YJL030W,YPL036W,0,-7.869509,0.1080550104379654,0.9166666865348816,0.7566666603088379
YHL036W,YNL326C,0,-7.86988,0.10794896632432938,0.9166666865348816,0.7574999928474426
YJL035C,YJR156C,0,-7.8716187,0.10784313827753067,0.9166666865348816,0.7583333253860474
YJL081C,YML013W,0,-7.872028,0.10773751139640808,0.9166666865348816,0.7591666579246521
YMR056C,YDL019C,0,-7.8754597,0.1076320931315422,0.9166666865348816,0.7599999904632568
YER162C,YGL039W,0,-7.8757057,0.10752688348293304,0.9166666865348816,0.7608333230018616
YJL039C,YDL090C,0,-7.877581,0.107421875,0.9166666865348816,0.7616666555404663
YER087C-A,YLR425W,1,-7.878057,0.10829268395900726,0.925000011920929,0.7616666555404663
YER087C-A,YPR095C,1,-7.879035,0.10916179418563843,0.9333333373069763,0.7616666555404663
YEL026W,YML064C,0,-7.88022,0.10905550420284271,0.9333333373069763,0.762499988079071
YGL008C,YBL061C,0,-7.883517,0.10894941538572311,0.9333333373069763,0.7633333206176758
YDR331W,YPL093W,0,-7.884717,0.10884353518486023,0.9333333373069763,0.7641666531562805
YMR292W,YOL156W,0,-7.8865943,0.10873786360025406,0.9333333373069763,0.7649999856948853
YDR277C,YLR166C,0,-7.888308,0.108632393181324,0.9333333373069763,0.76583331823349
YHR114W,YML093W,0,-7.8918858,0.10852713137865067,0.9333333373069763,0.7666666507720947
YJL183W,YGR144W,0,-7.893255,0.10842207074165344,0.9333333373069763,0.7674999833106995
YGL027C,YMR011W,0,-7.8939943,0.10831721127033234,0.9333333373069763,0.7683333158493042
YMR011W,YGL008C,0,-7.8969026,0.10821256041526794,0.9333333373069763,0.7691666483879089
YMR184W,YML069W,0,-7.897323,0.10810811072587967,0.9333333373069763,0.7699999809265137
YDL055C,YML015C,0,-7.897864,0.10800385475158691,0.9333333373069763,0.7708333134651184
YOR027W,YMR210W,0,-7.899305,0.10789980739355087,0.9333333373069763,0.7716666460037231
YLR425W,YLL017W,1,-7.900245,0.10875841975212097,0.9416666626930237,0.7716666460037231
YOR266W,YDR523C,0,-7.9009624,0.10865384340286255,0.9416666626930237,0.7724999785423279
YDL065C,YDR276C,0,-7.903407,0.10854946821928024,0.9416666626930237,0.7733333110809326
YOL077W-A,YGL003C,0,-7.905133,0.10844529420137405,0.9416666626930237,0.7741666436195374
YBR085W,YLR238W,0,-7.9052444,0.10834132134914398,0.9416666626930237,0.7749999761581421
YPR144C,YDL014W,0,-7.907573,0.10823754966259003,0.9416666626930237,0.7758333086967468
YCR005C,YML019W,0,-7.9090343,0.10813397169113159,0.9416666626930237,0.7766666412353516
YER028C,YHR039C-B,0,-7.909329,0.10803059488534927,0.9416666626930237,0.7774999737739563
YMR056C,YKR083C,0,-7.9118285,0.10792741179466248,0.9416666626930237,0.778333306312561
YDL174C,YOR127W,0,-7.914712,0.1078244298696518,0.9416666626930237,0.7791666388511658
YBR009C,YHR160C,0,-7.915534,0.10772164165973663,0.9416666626930237,0.7799999713897705
YHR066W,YGR082W,0,-7.916839,0.10761904716491699,0.9416666626930237,0.7808333039283752
YGR101W,YLR079W,0,-7.9196916,0.10751665383577347,0.9416666626930237,0.7816666960716248
YJR145C,YBL100W-A,0,-7.92672,0.10741444677114487,0.9416666626930237,0.7825000286102295
YCR038C,YLL017W,1,-7.9282227,0.10826210677623749,0.949999988079071,0.7825000286102295
YLR207W,YPR010C,0,-7.93018,0.1081593930721283,0.949999988079071,0.7833333611488342
YNR027W,YLR074C,0,-7.930963,0.10805687308311462,0.949999988079071,0.784166693687439
YDR461W,YKR097W,0,-7.9310102,0.10795454680919647,0.949999988079071,0.7850000262260437
YHR118C,YDL159W,0,-7.935547,0.10785241425037384,0.949999988079071,0.7858333587646484
YOL063C,YOR145C,0,-7.937549,0.10775047540664673,0.949999988079071,0.7866666913032532
YGR200C,YAR033W,0,-7.938065,0.10764872282743454,0.949999988079071,0.7875000238418579
YLR223C,YOL003C,0,-7.943149,0.10754717141389847,0.949999988079071,0.7883333563804626
YJR145C,YGR047C,0,-7.943449,0.10744580626487732,0.949999988079071,0.7891666889190674
YHL047C,YCR072C,0,-7.9451823,0.10734463483095169,0.949999988079071,0.7900000214576721
YPR095C,YLL017W,1,-7.9464602,0.10818438231945038,0.9583333134651184,0.7900000214576721
YLR233C,YHR004C,0,-7.9480233,0.10808270424604416,0.9583333134651184,0.7908333539962769
YCR005C,YDL081C,0,-7.9489307,0.10798121988773346,0.9583333134651184,0.7916666865348816
YOL001W,YLL012W,0,-7.9533353,0.10787992179393768,0.9583333134651184,0.7925000190734863
YHR034C,YPL163C,0,-7.9533815,0.10777881741523743,0.9583333134651184,0.7933333516120911
YPL048W,YLL017W,1,-7.956641,0.1086142286658287,0.9666666388511658,0.7933333516120911
YNR002C,YKL041W,0,-7.95861,0.10851262509822845,0.9666666388511658,0.7941666841506958
YPL042C,YPL163C,0,-7.9594007,0.10841121524572372,0.9666666388511658,0.7950000166893005
YDL135C,YJR068W,0,-7.9600587,0.10830999165773392,0.9666666388511658,0.7958333492279053
YJR042W,YCR106W,0,-7.960776,0.10820895433425903,0.9666666388511658,0.79666668176651
YCR038C,YOR260W,1,-7.961891,0.10904007405042648,0.9750000238418579,0.79666668176651
YHR079C,YBR195C,0,-7.96272,0.1089385449886322,0.9750000238418579,0.7975000143051147
YJR155W,YGL071W,0,-7.964893,0.10883720964193344,0.9750000238418579,0.7983333468437195
YPR093C,YLR043C,0,-7.9668355,0.1087360605597496,0.9750000238418579,0.7991666793823242
YOR243C,YOR014W,0,-7.970803,0.10863509774208069,0.9750000238418579,0.800000011920929
YOL164W,YDR311W,0,-7.9730015,0.1085343211889267,0.9750000238418579,0.8008333444595337
YLR242C,YDR285W,0,-7.973928,0.10843373835086823,0.9750000238418579,0.8016666769981384
YER045C,YIL040W,0,-7.974874,0.10833333432674408,0.9750000238418579,0.8025000095367432
YDR039C,YNL036W,0,-7.9785094,0.10823311656713486,0.9750000238418579,0.8033333420753479
YDL085W,YGR229C,0,-7.9791837,0.10813308507204056,0.9750000238418579,0.8041666746139526
YMR133W,YOL143C,0,-7.980482,0.10803323984146118,0.9750000238418579,0.8050000071525574
YMR186W,YJR156C,0,-7.9817424,0.10793358087539673,0.9750000238418579,0.8058333396911621
YLL009C,YEL009C,0,-7.982182,0.1078341007232666,0.9750000238418579,0.8066666722297668
YBL085W,YDR092W,0,-7.9821825,0.1077348068356514,0.9750000238418579,0.8075000047683716
YDR309C,YKL008C,0,-7.9844985,0.10763569176197052,0.9750000238418579,0.8083333373069763
YKL185W,YBR155W,0,-7.9852834,0.10753676295280457,0.9750000238418579,0.809166669845581
YDL039C,YLR079W,0,-7.985603,0.10743801295757294,0.9750000238418579,0.8100000023841858
YLL018C-A,YAL011W,0,-7.9857717,0.10733944922685623,0.9750000238418579,0.8108333349227905
YGL222C,YPR112C,0,-7.9892907,0.10724106431007385,0.9750000238418579,0.8116666674613953
YLR242C,YDR297W,0,-7.9915285,0.1071428582072258,0.9750000238418579,0.8125
YCR075C,YDR306C,0,-7.992345,0.10704483091831207,0.9750000238418579,0.8133333325386047
YEL003W,YDR285W,0,-7.994302,0.10694698244333267,0.9750000238418579,0.8141666650772095
YOR260W,YLL017W,1,-7.996005,0.10776256024837494,0.9833333492279053,0.8141666650772095
YNL148C,YNR013C,0,-7.9966717,0.10766423493623734,0.9833333492279053,0.8149999976158142
YER042W,YOL104C,0,-7.997083,0.10756608843803406,0.9833333492279053,0.815833330154419
YGR167W,YLR166C,0,-8.002178,0.1074681207537651,0.9833333492279053,0.8166666626930237
YPR113W,YPL188W,0,-8.003091,0.10737033933401108,0.9833333492279053,0.8174999952316284
YGL219C,YOL143C,0,-8.003316,0.10727272927761078,0.9833333492279053,0.8183333277702332
YDL236W,YGL039W,0,-8.00645,0.1071752980351448,0.9833333492279053,0.8191666603088379
YDR214W,YDR436W,0,-8.009418,0.10707803815603256,0.9833333492279053,0.8199999928474426
YPL275W,YML093W,0,-8.011755,0.10698096454143524,0.9833333492279053,0.8208333253860474
YDL095W,YGR081C,0,-8.014601,0.10688405483961105,0.9833333492279053,0.8216666579246521
YDR281C,YOR008C,0,-8.015588,0.10678733140230179,0.9833333492279053,0.8224999904632568
YDL174C,YBR195C,0,-8.019749,0.10669077932834625,0.9833333492279053,0.8233333230018616
YBR043C,YBR037C,0,-8.020449,0.10659439861774445,0.9833333492279053,0.8241666555404663
YKL113C,YBL058W,0,-8.021507,0.10649819672107697,0.9833333492279053,0.824999988079071
YOR185C,YPL124W,0,-8.024513,0.10640216618776321,0.9833333492279053,0.8258333206176758
YPL271W,YIL053W,0,-8.025357,0.10630630701780319,0.9833333492279053,0.8266666531562805
YNL008C,YGL008C,0,-8.028154,0.1062106192111969,0.9833333492279053,0.8274999856948853
YFL031W,YML120C,0,-8.030047,0.10611511021852493,0.9833333492279053,0.82833331823349
YER117W,YPL012W,0,-8.035935,0.1060197651386261,0.9833333492279053,0.8291666507720947
YGL021W,YPL012W,0,-8.036372,0.10592459887266159,0.9833333492279053,0.8299999833106995
YNL127W,YGL033W,0,-8.037864,0.10582959651947021,0.9833333492279053,0.8308333158493042
YAL059W,YKL093W,0,-8.039792,0.10573476552963257,0.9833333492279053,0.8316666483879089
YPL036W,YMR229C,0,-8.041021,0.10564010590314865,0.9833333492279053,0.8324999809265137
YJL187C,YKL095W,0,-8.041547,0.10554561764001846,0.9833333492279053,0.8333333134651184
YBL079W,YEL065W,0,-8.044937,0.10545129328966141,0.9833333492279053,0.8341666460037231
YNL110C,YOL010W,0,-8.046985,0.10535714030265808,0.9833333492279053,0.8349999785423279
YOL002C,YOR027W,0,-8.0510025,0.10526315867900848,0.9833333492279053,0.8358333110809326
YGL013C,YNL231C,0,-8.053167,0.10516934096813202,0.9833333492279053,0.8366666436195374
YHR019C,YFL036W,0,-8.054066,0.10507568717002869,0.9833333492279053,0.8374999761581421
YJR160C,YKL018W,0,-8.058808,0.10498220473527908,0.9833333492279053,0.8383333086967468
YMR319C,YGL073W,0,-8.059938,0.10488888621330261,0.9833333492279053,0.8391666412353516
YKL185W,YOR173W,0,-8.064585,0.10479573905467987,0.9833333492279053,0.8399999737739563
YDR517W,YER053C,0,-8.0656185,0.10470274835824966,0.9833333492279053,0.840833306312561
YML081C-A,YBR195C,0,-8.070467,0.10460992902517319,0.9833333492279053,0.8416666388511658
YBR244W,YJL219W,0,-8.073275,0.10451727360486984,0.9833333492279053,0.8424999713897705
YML049C,YGR144W,0,-8.074709,0.10442478209733963,0.9833333492279053,0.8433333039283752
YCR010C,YDR030C,0,-8.080663,0.10433244705200195,0.9833333492279053,0.8441666960716248
YDR214W,YNL117W,0,-8.081205,0.104240283370018,0.9833333492279053,0.8450000286102295
YPL133C,YOL020W,0,-8.083982,0.10414827615022659,0.9833333492279053,0.8458333611488342
YGR144W,YHR099W,0,-8.087455,0.10405644029378891,0.9833333492279053,0.846666693687439
YPL145C,YBR088C,0,-8.095665,0.10396476089954376,0.9833333492279053,0.8475000262260437
YCR038C,YKR026C,1,-8.099279,0.1047535240650177,0.9916666746139526,0.8475000262260437
YGR101W,YDL055C,0,-8.101191,0.10466139018535614,0.9916666746139526,0.8483333587646484
YMR246W,YCR012W,0,-8.101491,0.10456942021846771,0.9916666746139526,0.8491666913032532
YPL224C,YNL082W,0,-8.106591,0.10447761416435242,0.9916666746139526,0.8500000238418579
YMR319C,YJL138C,0,-8.108123,0.10438596457242966,0.9916666746139526,0.8508333563804626
YNR074C,YKR037C,0,-8.110208,0.10429447889328003,0.9916666746139526,0.8516666889190674
YMR202W,YPL203W,0,-8.116502,0.10420314967632294,0.9916666746139526,0.8525000214576721
YDL005C,YEL060C,0,-8.118283,0.10411198437213898,0.9916666746139526,0.8533333539962769
YLR238W,YGR010W,0,-8.124128,0.10402097553014755,0.9916666746139526,0.8541666865348816
YMR042W,YPL255W,0,-8.124328,0.10393013060092926,0.9916666746139526,0.8550000190734863
YLL009C,YEL032W,0,-8.126653,0.1038394421339035,0.9916666746139526,0.8558333516120911
YPL155C,YMR133W,0,-8.1285,0.10374891012907028,0.9916666746139526,0.8566666841506958
YCL027W,YJL183W,0,-8.131117,0.1036585345864296,0.9916666746139526,0.8575000166893005
YBR161W,YER068W,0,-8.13147,0.10356832295656204,0.9916666746139526,0.8583333492279053
YPL156C,YBL102W,0,-8.133614,0.10347826033830643,0.9916666746139526,0.85916668176651
YMR184W,YOR145C,0,-8.133881,0.10338836163282394,0.9916666746139526,0.8600000143051147
YER009W,YJR110W,0,-8.134863,0.1032986119389534,0.9916666746139526,0.8608333468437195
YBL099W,YBR155W,0,-8.1394415,0.10320901870727539,0.9916666746139526,0.8616666793823242
YDL174C,YDR030C,0,-8.142727,0.10311958193778992,0.9916666746139526,0.862500011920929
YKL021C,YBR092C,0,-8.145158,0.10303030163049698,0.9916666746139526,0.8633333444595337
YKL093W,YML098W,0,-8.145692,0.10294117778539658,0.9916666746139526,0.8641666769981384
YGL194C,YDR060W,0,-8.148632,0.10285220295190811,0.9916666746139526,0.8650000095367432
YPL271W,YOR036W,0,-8.149883,0.10276338458061218,0.9916666746139526,0.8658333420753479
YMR311C,YBL004W,0,-8.150289,0.10267472267150879,0.9916666746139526,0.8666666746139526
YDR028C,YFL036W,0,-8.150502,0.10258620977401733,0.9916666746139526,0.8675000071525574
YDR277C,YDR065W,0,-8.15131,0.10249784588813782,0.9916666746139526,0.8683333396911621
YHR170W,YNL246W,0,-8.157235,0.10240963846445084,0.9916666746139526,0.8691666722297668
YOR112W,YDR484W,0,-8.161521,0.1023215800523758,0.9916666746139526,0.8700000047683716
YBR022W,YDL039C,0,-8.164085,0.10223367810249329,0.9916666746139526,0.8708333373069763
YHR129C,YOL002C,0,-8.164182,0.10214592516422272,0.9916666746139526,0.871666669845581
YOL009C,YER072W,0,-8.179838,0.10205832123756409,0.9916666746139526,0.8725000023841858
YGL151W,YDR058C,0,-8.182502,0.1019708663225174,0.9916666746139526,0.8733333349227905
YML092C,YNL273W,0,-8.183216,0.10188356041908264,0.9916666746139526,0.8741666674613953
YDR028C,YNL332W,0,-8.190431,0.10179640352725983,0.9916666746139526,0.875
YKL150W,YDR297W,0,-8.191828,0.10170940309762955,0.9916666746139526,0.8758333325386047
YPR007C,YJL148W,0,-8.192261,0.10162254422903061,0.9916666746139526,0.8766666650772095
YER168C,YDR255C,0,-8.194093,0.10153583437204361,0.9916666746139526,0.8774999976158142
YLR390W-A,YFL036W,0,-8.199209,0.10144927352666855,0.9916666746139526,0.878333330154419
YCR038C,YGL097W,1,-8.200443,0.10221464931964874,1.0,0.878333330154419
YHL047C,YBR165W,0,-8.202029,0.10212765634059906,1.0,0.8791666626930237
YPR193C,YKL120W,0,-8.20283,0.10204081982374191,1.0,0.8799999952316284
YMR319C,YNL273W,0,-8.203836,0.10195411741733551,1.0,0.8808333277702332
YIL070C,YOR341W,0,-8.211754,0.10186757147312164,1.0,0.8816666603088379
YMR056C,YPL163C,0,-8.214767,0.10178116708993912,1.0,0.8824999928474426
YGL216W,YPL012W,0,-8.2157955,0.10169491171836853,1.0,0.8833333253860474
YDR195W,YPL163C,0,-8.222409,0.10160880535840988,1.0,0.8841666579246521
YJL006C,YER009W,0,-8.230363,0.10152284055948257,1.0,0.8849999904632568
YHL031C,YKL041W,0,-8.233564,0.1014370247721672,1.0,0.8858333230018616
YBR073W,YGL011C,0,-8.234725,0.10135135054588318,1.0,0.8866666555404663
YLR074C,YOR284W,0,-8.2350445,0.10126582533121109,1.0,0.887499988079071
YPL265W,YLR350W,0,-8.237714,0.10118044167757034,1.0,0.8883333206176758
YGR264C,YNL129W,0,-8.239854,0.10109519958496094,1.0,0.8891666531562805
YHR148W,YDR281C,0,-8.244919,0.10101009905338287,1.0,0.8899999856948853
YGL246C,YGR185C,0,-8.24552,0.10092514753341675,1.0,0.89083331823349
YMR319C,YPL270W,0,-8.246241,0.10084033757448196,1.0,0.8916666507720947
YBR244W,YLL061W,0,-8.246722,0.10075566917657852,1.0,0.8924999833106995
YAL012W,YDR297W,0,-8.249769,0.10067114233970642,1.0,0.8933333158493042
YOR340C,YDR398W,0,-8.253195,0.10058675706386566,1.0,0.8941666483879089
YCL001W,YBL058W,0,-8.260769,0.10050251334905624,1.0,0.8949999809265137
YIL066C,YOL020W,0,-8.26294,0.10041841119527817,1.0,0.8958333134651184
YLR079W,YAL016W,0,-8.267862,0.10033445060253143,1.0,0.8966666460037231
YGL061C,YLR130C,0,-8.275088,0.10025062412023544,1.0,0.8974999785423279
YHR019C,YDL138W,0,-8.277287,0.10016694664955139,1.0,0.8983333110809326
YPR144C,YER009W,0,-8.281023,0.10008340328931808,1.0,0.8991666436195374
YBR092C,YLR452C,0,-8.2813835,0.10000000149011612,1.0,0.8999999761581421
YMR081C,YDL111C,0,-8.292919,0.0999167338013649,1.0,0.9008333086967468
YHR011W,YGL104C,0,-8.293843,0.09983360767364502,1.0,0.9016666412353516
YNL027W,YER095W,0,-8.294569,0.09975062310695648,1.0,0.9024999737739563
YBR247C,YKL154W,0,-8.29911,0.09966777265071869,1.0,0.903333306312561
YIL142W,YPR001W,0,-8.300991,0.09958506375551224,1.0,0.9041666388511658
YDR498C,YOR313C,0,-8.303518,0.09950248897075653,1.0,0.9049999713897705
YDL003W,YPR007C,0,-8.305937,0.09942004829645157,1.0,0.9058333039283752
YMR287C,YPL095C,0,-8.310942,0.09933774918317795,1.0,0.9066666960716248
YIL036W,YBR129C,0,-8.313464,0.09925558418035507,1.0,0.9075000286102295
YLR450W,YJL173C,0,-8.314164,0.09917355328798294,1.0,0.9083333611488342
YDL008W,YFL014W,0,-8.318035,0.09909165650606155,1.0,0.909166693687439
YHR019C,YPL012W,0,-8.328706,0.09900990128517151,1.0,0.9100000262260437
YEL009C,YML034W,0,-8.336376,0.09892828017473221,1.0,0.9108333587646484
YNL023C,YOL126C,0,-8.344014,0.09884678572416306,1.0,0.9116666913032532
YBL098W,YKL203C,0,-8.34671,0.09876543283462524,1.0,0.9125000238418579
YOL013C,YLR106C,0,-8.35075,0.09868421405553818,1.0,0.9133333563804626
YOL104C,YEL065W,0,-8.354891,0.09860312193632126,1.0,0.9141666889190674
YDR517W,YDR398W,0,-8.366795,0.09852216392755508,1.0,0.9150000214576721
YNR044W,YLR060W,0,-8.376748,0.09844134747982025,1.0,0.9158333539962769
YMR081C,YGR144W,0,-8.378621,0.09836065769195557,1.0,0.9166666865348816
YIR028W,YKR055W,0,-8.38743,0.09828009456396103,1.0,0.9175000190734863
YPL133C,YER072W,0,-8.401951,0.09819967299699783,1.0,0.9183333516120911
YNR002C,YKL045W,0,-8.403488,0.09811937808990479,1.0,0.9191666841506958
YGL008C,YJR145C,0,-8.405115,0.09803921729326248,1.0,0.9200000166893005
YOR113W,YHR139C,0,-8.409669,0.09795918315649033,1.0,0.9208333492279053
YOL164W,YDR240C,0,-8.413896,0.09787928313016891,1.0,0.92166668176651
YJL219W,YLR212C,0,-8.414198,0.09779950976371765,1.0,0.9225000143051147
YLR148W,YBL050W,0,-8.425688,0.09771987050771713,1.0,0.9233333468437195
YGL054C,YDR335W,0,-8.425855,0.09764035791158676,1.0,0.9241666793823242
YDL024C,YOL126C,0,-8.433189,0.09756097197532654,1.0,0.925000011920929
YPL163C,YIL056W,0,-8.4355,0.09748172014951706,1.0,0.9258333444595337
YNL270C,YHR170W,0,-8.436151,0.09740259498357773,1.0,0.9266666769981384
YDR516C,YOR171C,0,-8.4404545,0.09732360392808914,1.0,0.9275000095367432
YCR005C,YGL142C,0,-8.440611,0.0972447320818901,1.0,0.9283333420753479
YMR303C,YML019W,0,-8.442525,0.09716599434614182,1.0,0.9291666746139526
YHR058C,YHR016C,0,-8.442564,0.09708737581968307,1.0,0.9300000071525574
YDL029W,YMR015C,0,-8.445953,0.09700889140367508,1.0,0.9308333396911621
YNR067C,YLR448W,0,-8.448931,0.09693053364753723,1.0,0.9316666722297668
YOR173W,YGL011C,0,-8.450003,0.09685230255126953,1.0,0.9325000047683716
YMR199W,YKL093W,0,-8.457438,0.09677419066429138,1.0,0.9333333373069763
YHR058C,YDR277C,0,-8.47328,0.09669621288776398,1.0,0.934166669845581
YDL014W,YER162C,0,-8.473904,0.09661835432052612,1.0,0.9350000023841858
YFR053C,YOR213C,0,-8.475647,0.09654062986373901,1.0,0.9358333349227905
YOR113W,YMR292W,0,-8.486467,0.09646302461624146,1.0,0.9366666674613953
YHR148W,YBL050W,0,-8.486572,0.09638553857803345,1.0,0.9375
YGL142C,YBL075C,0,-8.494473,0.09630818665027618,1.0,0.9383333325386047
YMR199W,YOL124C,0,-8.49921,0.09623095393180847,1.0,0.9391666650772095
YOR112W,YJL053W,0,-8.499643,0.09615384787321091,1.0,0.9399999976158142
YJR155W,YPL208W,0,-8.501659,0.0960768610239029,1.0,0.940833330154419
YBR294W,YER072W,0,-8.503437,0.09600000083446503,1.0,0.9416666626930237
YLR158C,YDL007W,0,-8.508987,0.09592325985431671,1.0,0.9424999952316284
YDR309C,YML093W,0,-8.51612,0.09584664553403854,1.0,0.9433333277702332
YNL270C,YAL025C,0,-8.5189705,0.09577015042304993,1.0,0.9441666603088379
YMR303C,YAR003W,0,-8.527506,0.09569378197193146,1.0,0.9449999928474426
YPR200C,YFR053C,0,-8.532392,0.09561753273010254,1.0,0.9458333253860474
YGR088W,YIL063C,0,-8.545347,0.09554140269756317,1.0,0.9466666579246521
YOR173W,YDR113C,0,-8.553774,0.09546539187431335,1.0,0.9474999904632568
YCR010C,YPL156C,0,-8.559576,0.09538950771093369,1.0,0.9483333230018616
YOR023C,YLR135W,0,-8.56084,0.09531374275684357,1.0,0.9491666555404663
YMR048W,YMR011W,0,-8.575885,0.095238097012043,1.0,0.949999988079071
YLR129W,YGL008C,0,-8.582911,0.09516257047653198,1.0,0.9508333206176758
YIR028W,YDR398W,0,-8.59021,0.09508716315031052,1.0,0.9516666531562805
YEL060C,YDL230W,0,-8.60248,0.0950118750333786,1.0,0.9524999856948853
YLL035W,YMR081C,0,-8.609826,0.09493670612573624,1.0,0.95333331823349
YDL024C,YBR244W,0,-8.614525,0.09486165642738342,1.0,0.9541666507720947
YNL006W,YAL025C,0,-8.615732,0.09478673338890076,1.0,0.9549999833106995
YOR340C,YKL086W,0,-8.618793,0.09471191465854645,1.0,0.9558333158493042
YLR129W,YBL050W,0,-8.622222,0.09463722258806229,1.0,0.9566666483879089
YHL047C,YGL135W,0,-8.62225,0.09456264972686768,1.0,0.9574999809265137
YPR001W,YJR145C,0,-8.627321,0.09448818862438202,1.0,0.9583333134651184
YNL148C,YJL184W,0,-8.653425,0.09441384673118591,1.0,0.9591666460037231
YLR158C,YOR313C,0,-8.671692,0.09433962404727936,1.0,0.9599999785423279
YGL183C,YKR081C,0,-8.677422,0.09426551312208176,1.0,0.9608333110809326
YMR056C,YOL143C,0,-8.685609,0.0941915214061737,1.0,0.9616666436195374
YOR153W,YLL012W,0,-8.689222,0.0941176488995552,1.0,0.9624999761581421
YNL006W,YHR016C,0,-8.690956,0.09404388815164566,1.0,0.9633333086967468
YNL270C,YHR016C,0,-8.704856,0.09397023916244507,1.0,0.9641666412353516
YER061C,YDR191W,0,-8.708181,0.09389671683311462,1.0,0.9649999737739563
YDR277C,YER117W,0,-8.732734,0.09382329881191254,1.0,0.965833306312561
YLR074C,YIR028W,0,-8.740257,0.09375,1.0,0.9666666388511658
YGR094W,YCL033C,0,-8.742587,0.09367681294679642,1.0,0.9674999713897705
YGR220C,YJR059W,0,-8.769201,0.09360374510288239,1.0,0.9683333039283752
YDR516C,YMR311C,0,-8.77147,0.09353078901767731,1.0,0.9691666960716248
YPR112C,YOR003W,0,-8.775393,0.09345794469118118,1.0,0.9700000286102295
YGR010W,YJL148W,0,-8.7901125,0.09338521212339401,1.0,0.9708333611488342
YJL060W,YML065W,0,-8.806135,0.09331259876489639,1.0,0.971666693687439
YMR311C,YOR099W,0,-8.812746,0.09324008971452713,1.0,0.9725000262260437
YJR145C,YPL002C,0,-8.823595,0.09316769987344742,1.0,0.9733333587646484
YDR337W,YGR143W,0,-8.8255415,0.09309542179107666,1.0,0.9741666913032532
YHR012W,YBR183W,0,-8.826933,0.09302325546741486,1.0,0.9750000238418579
YLR158C,YML060W,0,-8.831565,0.092951200902462,1.0,0.9758333563804626
YER053C,YDL135C,0,-8.842195,0.09287925809621811,1.0,0.9766666889190674
YBR085W,YPL224C,0,-8.854217,0.09280742704868317,1.0,0.9775000214576721
YHR019C,YJR145C,0,-8.867943,0.09273570030927658,1.0,0.9783333539962769
YNL127W,YKR097W,0,-8.86845,0.09266409277915955,1.0,0.9791666865348816
YDL031W,YCR083W,0,-8.8800335,0.09259258955717087,1.0,0.9800000190734863
YOR127W,YBR183W,0,-8.880486,0.09252120554447174,1.0,0.9808333516120911
YGR159C,YKL154W,0,-8.886002,0.09244992583990097,1.0,0.9816666841506958
YHR086W,YGR144W,0,-8.886531,0.09237875044345856,1.0,0.9825000166893005
YDL138W,YLR448W,0,-8.9459095,0.0923076942563057,1.0,0.9833333492279053
YOL143C,YGL095C,0,-8.958479,0.09223674237728119,1.0,0.98416668176651
YGR280C,YOR003W,0,-8.96137,0.09216590225696564,1.0,0.9850000143051147
YDR484W,YOR230W,0,-8.983787,0.09209516644477844,1.0,0.9858333468437195
YOR112W,YFL014W,0,-9.006697,0.0920245423913002,1.0,0.9866666793823242
YEL060C,YOR243C,0,-9.027769,0.09195402264595032,1.0,0.987500011920929
YGL180W,YFR053C,0,-9.036883,0.09188361465930939,1.0,0.9883333444595337
YGL183C,YPL093W,0,-9.039249,0.09181331098079681,1.0,0.9891666769981384
YHR160C,YDR165W,0,-9.102186,0.0917431190609932,1.0,0.9900000095367432
YOR173W,YML049C,0,-9.112542,0.09167303144931793,1.0,0.9908333420753479
YBR085W,YHR016C,0,-9.11561,0.09160305559635162,1.0,0.9916666746139526
YGR088W,YBR129C,0,-9.129,0.09153318405151367,1.0,0.9925000071525574
YJL053W,YIR026C,0,-9.162567,0.09146341681480408,1.0,0.9933333396911621
YFR053C,YHR027C,0,-9.206462,0.09139375388622284,1.0,0.9941666722297668
YHR019C,YHR157W,0,-9.322943,0.09132420271635056,1.0,0.9950000047683716
YPR112C,YGR159C,0,-9.38724,0.09125475585460663,1.0,0.9958333373069763
YOR036W,YDL081C,0,-9.547692,0.09118541330099106,1.0,0.996666669845581
YOR023C,YPL156C,0,-9.777975,0.09111617505550385,1.0,0.9975000023841858
YBR162C,YBR183W,0,-9.838779,0.09104704111814499,1.0,0.9983333349227905
YKL172W,YBR183W,0,-10.501832,0.09097801148891449,1.0,0.9991666674613953
YMR011W,YCL033C,0,-10.81072,0.09090909361839294,1.0,1.0
