Gene A,Gene B,Label,Score,Precision,Recall,False Positive Rate
YMR309C,YER025W,1,1.2511933,1.0,0.001422475092113018,0.0
YER025W,YOR361C,1,1.2378969,1.0,0.002844950184226036,0.0
YMR309C,YOR361C,1,1.2067132,1.0,0.004267425276339054,0.0
YDR091C,YOR361C,1,1.1220422,1.0,0.005689900368452072,0.0
YMR309C,YBR079C,1,1.1135635,1.0,0.00711237546056509,0.0
YGL147C,YPL211W,0,1.0976595,0.8333333134651184,0.00711237546056509,0.00014224751794245094
YLR150W,YGR162W,1,1.0894728,0.8571428656578064,0.008534850552678108,0.00014224751794245094
YCL059C,YLR448W,0,1.0720459,0.75,0.008534850552678108,0.0002844950358849019
YOL077C,YBR189W,0,1.0652977,0.6666666865348816,0.008534850552678108,0.0004267425392754376
YGR162W,YOR361C,1,1.0102725,0.699999988079071,0.009957325644791126,0.0004267425392754376
YKL143W,YHR019C,0,0.9942363,0.6363636255264282,0.009957325644791126,0.0005689900717698038
YFL002C,YAL059W,0,0.99059075,0.5833333134651184,0.009957325644791126,0.000711237546056509
YMR309C,YGR162W,1,0.9820183,0.6153846383094788,0.011379800736904144,0.000711237546056509
YCL054W,YHR089C,0,0.9640011,0.5714285969734192,0.011379800736904144,0.0008534850785508752
YBR079C,YOR361C,1,0.9162002,0.6000000238418579,0.012802275829017162,0.0008534850785508752
YML093W,YIL078W,0,0.9150438,0.5625,0.012802275829017162,0.0009957326110452414
YER025W,YGR162W,1,0.8967219,0.5882353186607361,0.01422475092113018,0.0009957326110452414
YGR162W,YJR007W,1,0.89187235,0.6111111044883728,0.015647226944565773,0.0009957326110452414
YGR162W,YMR260C,1,0.8873274,0.6315789222717285,0.017069701105356216,0.0009957326110452414
YER025W,YDR091C,1,0.8805744,0.6499999761581421,0.01849217712879181,0.0009957326110452414
YMR309C,YPL237W,1,0.87590307,0.6666666865348816,0.019914651289582253,0.0009957326110452414
YMR309C,YDR091C,1,0.86864895,0.6818181872367859,0.021337127313017845,0.0009957326110452414
YBR079C,YGR162W,1,0.83484334,0.695652186870575,0.02275960147380829,0.0009957326110452414
YLR150W,YMR309C,1,0.8046915,0.7083333134651184,0.02418207749724388,0.0009957326110452414
YGL171W,YHR203C,0,0.8039293,0.6800000071525574,0.02418207749724388,0.0011379801435396075
YKR059W,YJL138C,1,0.7963106,0.692307710647583,0.025604551658034325,0.0011379801435396075
YAL035W,YMR260C,1,0.79421073,0.7037037014961243,0.027027027681469917,0.0011379801435396075
YLR150W,YNL062C,1,0.7622173,0.7142857313156128,0.02844950184226036,0.0011379801435396075
YDR091C,YNL062C,1,0.76064163,0.7241379022598267,0.029871977865695953,0.0011379801435396075
YMR309C,YAL035W,1,0.7520757,0.7333333492279053,0.031294453889131546,0.0011379801435396075
YGR162W,YPL237W,1,0.74699444,0.7419354915618896,0.03271692618727684,0.0011379801435396075
YOR361C,YAL035W,1,0.74608976,0.75,0.03413940221071243,0.0011379801435396075
YMR309C,YMR260C,1,0.7450815,0.7575757503509521,0.035561878234148026,0.0011379801435396075
YGR162W,YPR041W,1,0.74343234,0.7647058963775635,0.03698435425758362,0.0011379801435396075
YJR123W,YLR336C,0,0.7421352,0.7428571581840515,0.03698435425758362,0.0012802275596186519
YCR072C,YGR103W,0,0.7416867,0.7222222089767456,0.03698435425758362,0.001422475092113018
YER025W,YNL062C,1,0.7346427,0.7297297120094299,0.03840682655572891,0.001422475092113018
YAL035W,YPR041W,1,0.7343443,0.7368420958518982,0.039829302579164505,0.001422475092113018
YGR162W,YDR091C,1,0.73348695,0.7435897588729858,0.0412517786026001,0.001422475092113018
YJR007W,YPR041W,1,0.7319907,0.75,0.04267425462603569,0.001422475092113018
YMR309C,YNL062C,1,0.7208677,0.7560975551605225,0.044096726924180984,0.001422475092113018
YNR053C,YJL080C,0,0.70826954,0.738095223903656,0.044096726924180984,0.0015647226246073842
YGR162W,YAL035W,1,0.70555425,0.7441860437393188,0.04551920294761658,0.0015647226246073842
YGR083C,YAL035W,1,0.6951696,0.75,0.04694167897105217,0.0015647226246073842
YER025W,YGR083C,1,0.692131,0.7555555701255798,0.04836415499448776,0.0015647226246073842
YGR083C,YJR007W,1,0.67097336,0.760869562625885,0.04978662729263306,0.0015647226246073842
YMR309C,YJR007W,1,0.66309386,0.7659574747085571,0.05120910331606865,0.0015647226246073842
YDR091C,YPR041W,1,0.66003263,0.7708333134651184,0.05263157933950424,0.0015647226246073842
YER025W,YAL035W,1,0.6549455,0.7755101919174194,0.054054055362939835,0.0015647226246073842
YGL147C,YIL016W,0,0.6525725,0.7599999904632568,0.054054055362939835,0.0017069701571017504
YMR309C,YPR041W,1,0.6416306,0.7647058963775635,0.05547652766108513,0.0017069701571017504
YGR083C,YOR361C,1,0.6396044,0.7692307829856873,0.05689900368452072,0.0017069701571017504
YLR150W,YJR014W,1,0.6306265,0.7735849022865295,0.058321479707956314,0.0017069701571017504
YGL147C,YOR254C,0,0.6198291,0.7592592835426331,0.058321479707956314,0.0018492176895961165
YMR309C,YOL139C,1,0.6189545,0.7636363506317139,0.05974395573139191,0.0018492176895961165
YLR150W,YAL035W,1,0.61486167,0.7678571343421936,0.0611664280295372,0.0018492176895961165
YPL237W,YJR014W,1,0.6108254,0.7719298005104065,0.06258890777826309,0.0018492176895961165
YLR150W,YGR083C,1,0.60528755,0.7758620977401733,0.06401138007640839,0.0018492176895961165
YDR091C,YPL237W,1,0.6029924,0.7796609997749329,0.06543385237455368,0.0018492176895961165
YMR309C,YMR012W,1,0.60293716,0.7833333611488342,0.06685633212327957,0.0018492176895961165
YPL237W,YOR361C,1,0.60291797,0.7868852615356445,0.06827880442142487,0.0018492176895961165
YDR091C,YAL035W,1,0.5884004,0.7903226017951965,0.06970127671957016,0.0018492176895961165
YGR245C,YOR271C,0,0.57231593,0.7777777910232544,0.06970127671957016,0.0019914652220904827
YPL237W,YGR083C,1,0.5696521,0.78125,0.07112375646829605,0.0019914652220904827
YML014W,YHR010W,0,0.5695216,0.7692307829856873,0.07112375646829605,0.002133712638169527
YNL256W,YLR196W,0,0.5680884,0.7575757503509521,0.07112375646829605,0.002275960287079215
YOR361C,YNL062C,1,0.5648647,0.7611940503120422,0.07254622876644135,0.002275960287079215
YPL237W,YPR041W,1,0.55438685,0.7647058963775635,0.07396870851516724,0.002275960287079215
YPL237W,YAL035W,1,0.552597,0.7681159377098083,0.07539118081331253,0.002275960287079215
YHR089C,YIL148W,0,0.55239195,0.7571428418159485,0.07539118081331253,0.0024182077031582594
YER025W,YPR041W,1,0.5438372,0.7605633735656738,0.07681365311145782,0.0024182077031582594
YGR162W,YMR012W,1,0.5406431,0.7638888955116272,0.07823613286018372,0.0024182077031582594
YBR079C,YGR083C,1,0.53274345,0.767123281955719,0.07965860515832901,0.0024182077031582594
YGR083C,YMR260C,1,0.53227586,0.7702702879905701,0.0810810774564743,0.0024182077031582594
YDR091C,YJR007W,1,0.5291501,0.7733333110809326,0.0825035572052002,0.0024182077031582594
YER025W,YOR260W,1,0.5270749,0.7763158082962036,0.08392602950334549,0.0024182077031582594
YGR162W,YJL138C,1,0.5158727,0.7792207598686218,0.08534850925207138,0.0024182077031582594
YER025W,YMR260C,1,0.5080288,0.7820512652397156,0.08677098155021667,0.0024182077031582594
YLR150W,YMR260C,1,0.5052234,0.7848101258277893,0.08819345384836197,0.0024182077031582594
YOR001W,YMR116C,0,0.50461876,0.7749999761581421,0.08819345384836197,0.0025604551192373037
YBR079C,YNL062C,1,0.50255364,0.7777777910232544,0.08961593359708786,0.0025604551192373037
YGR162W,YOL139C,1,0.49786192,0.7804877758026123,0.09103840589523315,0.0025604551192373037
YMR309C,YGR083C,1,0.4916095,0.7831325531005859,0.09246088564395905,0.0025604551192373037
YPL237W,YJR007W,1,0.49052167,0.7857142686843872,0.09388335794210434,0.0025604551192373037
YBR079C,YPR041W,1,0.48701054,0.7882353067398071,0.09530583024024963,0.0025604551192373037
YER025W,YJR007W,1,0.4784115,0.7906976938247681,0.09672830998897552,0.0025604551192373037
YPL237W,YNL062C,1,0.47722358,0.7931034564971924,0.09815078228712082,0.0025604551192373037
YOL139C,YAL035W,1,0.47537386,0.7954545617103577,0.09957325458526611,0.0025604551192373037
YKL056C,YOR252W,0,0.47518826,0.7865168452262878,0.09957325458526611,0.0027027027681469917
YBR079C,YDR091C,1,0.46754265,0.7888888716697693,0.100995734333992,0.0027027027681469917
YLR150W,YDR091C,1,0.4589557,0.791208803653717,0.1024182066321373,0.0027027027681469917
YLR200W,YLR061W,0,0.45485413,0.782608687877655,0.1024182066321373,0.002844950184226036
YLR074C,YNL112W,0,0.4471115,0.774193525314331,0.1024182066321373,0.002987197833135724
YOR361C,YPR041W,1,0.44348562,0.7765957713127136,0.10384068638086319,0.002987197833135724
YCR072C,YER036C,0,0.4433679,0.7684210538864136,0.10384068638086319,0.0031294452492147684
YNL062C,YMR260C,1,0.43145156,0.7708333134651184,0.10526315867900848,0.0031294452492147684
YNL067W,YDL153C,0,0.43095332,0.7628865838050842,0.10526315867900848,0.0032716926652938128
YJR007W,YAL035W,1,0.42996693,0.7653061151504517,0.10668563097715378,0.0032716926652938128
YER025W,YPL237W,1,0.4231044,0.7676767706871033,0.10810811072587967,0.0032716926652938128
YGL123W,YHR088W,0,0.42092758,0.7599999904632568,0.10810811072587967,0.0034139403142035007
YGR162W,YGR083C,1,0.42015445,0.7623762488365173,0.10953058302402496,0.0034139403142035007
YOR361C,YMR260C,1,0.41985697,0.7647058963775635,0.11095305532217026,0.0034139403142035007
YGL099W,YOR061W,0,0.41861022,0.7572815418243408,0.11095305532217026,0.003556187730282545
YDR091C,YGR083C,1,0.41580427,0.7596153616905212,0.11237553507089615,0.003556187730282545
YMR309C,YJL138C,1,0.40819466,0.761904776096344,0.11379800736904144,0.003556187730282545
YDR091C,YMR260C,1,0.40066546,0.7641509175300598,0.11522048711776733,0.003556187730282545
YMR230W,YJL136C,0,0.39621484,0.7570093274116516,0.11522048711776733,0.003698435379192233
YBR079C,YAL035W,1,0.39605474,0.7592592835426331,0.11664295941591263,0.003698435379192233
YLR150W,YPR041W,1,0.39150196,0.7614678740501404,0.11806543171405792,0.003698435379192233
YGR090W,YDR212W,0,0.39141524,0.7545454502105713,0.11806543171405792,0.0038406827952712774
YBR142W,YHL013C,0,0.3877505,0.7477477192878723,0.11806543171405792,0.003982930444180965
YMR012W,YOR361C,1,0.37703216,0.75,0.11948791146278381,0.003982930444180965
YOR260W,YOR361C,1,0.37667298,0.752212405204773,0.12091038376092911,0.003982930444180965
YGR162W,YNL062C,1,0.37276828,0.7543859481811523,0.1223328560590744,0.003982930444180965
YNL123W,YLR435W,0,0.37269914,0.747826099395752,0.1223328560590744,0.00412517786026001
YDL082W,YPL227C,0,0.37098902,0.7413793206214905,0.1223328560590744,0.004267425276339054
YLR150W,YOR361C,1,0.3687418,0.7435897588729858,0.12375533580780029,0.004267425276339054
YHR170W,YHL013C,0,0.36540794,0.7372881174087524,0.12375533580780029,0.0044096726924180984
YBR181C,YOR046C,0,0.36059272,0.7310924530029297,0.12375533580780029,0.00455192057415843
YOR260W,YMR012W,1,0.3597659,0.7333333492279053,0.12517781555652618,0.00455192057415843
YOR369C,YPL254W,0,0.35793024,0.7272727489471436,0.12517781555652618,0.0046941679902374744
YMR012W,YPR041W,1,0.35599613,0.7295082211494446,0.12660028040409088,0.0046941679902374744
YML026C,YNL149C,0,0.35372823,0.7235772609710693,0.12660028040409088,0.004836415406316519
YER126C,YDL229W,0,0.3493796,0.7177419066429138,0.12660028040409088,0.004978662822395563
YGR162W,YJR014W,1,0.34602338,0.7200000286102295,0.12802276015281677,0.004978662822395563
YDR091C,YMR012W,1,0.34570277,0.7222222089767456,0.12944523990154266,0.004978662822395563
YOL139C,YOR361C,1,0.3405642,0.7244094610214233,0.13086770474910736,0.004978662822395563
YJL122W,YPL030W,0,0.34053934,0.71875,0.13086770474910736,0.0051209102384746075
YBR079C,YJR014W,1,0.33389497,0.7209302186965942,0.13229018449783325,0.0051209102384746075
YJR007W,YOR361C,1,0.33250344,0.7230769395828247,0.13371266424655914,0.0051209102384746075
YLR372W,YEL026W,0,0.32753068,0.7175572514533997,0.13371266424655914,0.005263158120214939
YJL145W,YHR081W,0,0.32607812,0.7121211886405945,0.13371266424655914,0.0054054055362939835
YGL078C,YOR252W,0,0.32414865,0.7067669034004211,0.13371266424655914,0.005547652952373028
YPL237W,YOL139C,1,0.319389,0.7089552283287048,0.13513512909412384,0.005547652952373028
YBR034C,YNL075W,0,0.3192473,0.7037037014961243,0.13513512909412384,0.005689900368452072
YMR309C,YNL244C,1,0.3151508,0.7058823704719543,0.13655760884284973,0.005689900368452072
YJR014W,YAL035W,1,0.31118405,0.7080292105674744,0.13798008859157562,0.005689900368452072
YJR007W,YMR260C,1,0.3088838,0.7101449370384216,0.13940255343914032,0.005689900368452072
YCR031C,YFL034C-B,0,0.30742812,0.7050359845161438,0.13940255343914032,0.0058321477845311165
YOR260W,YDR091C,1,0.30679142,0.7071428298950195,0.1408250331878662,0.0058321477845311165
YJL138C,YMR260C,1,0.30655205,0.7092198729515076,0.1422475129365921,0.0058321477845311165
YLR196W,YBR265W,0,0.30603385,0.7042253613471985,0.1422475129365921,0.005974395666271448
YPL237W,YMR260C,1,0.30596924,0.7062937021255493,0.143669992685318,0.005974395666271448
YGR083C,YNL244C,1,0.30104858,0.7083333134651184,0.1450924575328827,0.005974395666271448
YBL004W,YBR048W,0,0.30045813,0.7034482955932617,0.1450924575328827,0.0061166430823504925
YDR091C,YOL139C,1,0.2977695,0.7054794430732727,0.14651493728160858,0.0061166430823504925
YJR007W,YMR012W,1,0.29454517,0.7074829936027527,0.14793741703033447,0.0061166430823504925
YPR102C,YBR162W-A,0,0.29312295,0.7027027010917664,0.14793741703033447,0.006258890498429537
YOR167C,YLR448W,0,0.2923565,0.6979866027832031,0.14793741703033447,0.006401137914508581
YLR150W,YJR007W,1,0.29124546,0.699999988079071,0.14935988187789917,0.006401137914508581
YBR079C,YMR260C,1,0.2907436,0.7019867300987244,0.15078236162662506,0.006401137914508581
YMR242C,YOR369C,0,0.2831881,0.6973684430122375,0.15078236162662506,0.0065433853305876255
YGL189C,YDR021W,0,0.2770816,0.6928104758262634,0.15078236162662506,0.006685633212327957
YBR079C,YOL139C,1,0.27406335,0.6948052048683167,0.15220484137535095,0.006685633212327957
YOL097C,YNL123W,0,0.2736172,0.6903225779533386,0.15220484137535095,0.0068278806284070015
YER025W,YMR012W,1,0.26643145,0.692307710647583,0.15362730622291565,0.0068278806284070015
YNL062C,YJL138C,1,0.26205534,0.6942675113677979,0.15504978597164154,0.0068278806284070015
YGL189C,YHR019C,0,0.25524485,0.6898733973503113,0.15504978597164154,0.006970128044486046
YBR121C,YBL035C,0,0.2502969,0.6855345964431763,0.15504978597164154,0.00711237546056509
YOR260W,YAL035W,1,0.24950854,0.6875,0.15647226572036743,0.00711237546056509
YJL138C,YAL035W,1,0.24746142,0.6894409656524658,0.15789473056793213,0.00711237546056509
YOR361C,YJL138C,1,0.24377964,0.6913580298423767,0.15931721031665802,0.00711237546056509
YDR091C,YJR014W,1,0.23550583,0.6932515501976013,0.1607396900653839,0.00711237546056509
YER025W,YOL139C,1,0.23446085,0.6951219439506531,0.1621621549129486,0.00711237546056509
YHL001W,YOR188W,0,0.23268323,0.6909090876579285,0.1621621549129486,0.0072546228766441345
YNL308C,YBR106W,0,0.23110645,0.6867470145225525,0.1621621549129486,0.007396870758384466
YER126C,YGL043W,0,0.22599666,0.682634711265564,0.1621621549129486,0.0075391181744635105
YAR008W,YOL120C,0,0.21504818,0.6785714030265808,0.1621621549129486,0.007681365590542555
YOR260W,YPL237W,1,0.21158494,0.6804733872413635,0.1635846346616745,0.007681365590542555
YJR014W,YJL138C,1,0.20655392,0.6823529601097107,0.1650071144104004,0.007681365590542555
YLR150W,YER025W,1,0.20631234,0.6842105388641357,0.16642959415912628,0.007681365590542555
YNL111C,YGR108W,0,0.19952904,0.680232584476471,0.16642959415912628,0.007823613472282887
YHR065C,YAL023C,0,0.19684066,0.676300585269928,0.16642959415912628,0.00796586088836193
YLR150W,YOL139C,1,0.19554885,0.6781609058380127,0.16785205900669098,0.00796586088836193
YMR309C,YKR059W,1,0.19404088,0.6800000071525574,0.16927453875541687,0.00796586088836193
YBR079C,YMR012W,1,0.19269939,0.6818181872367859,0.17069701850414276,0.00796586088836193
YJL098W,YPL220W,0,0.1899469,0.6779661178588867,0.17069701850414276,0.008108108304440975
YOR096W,YHR120W,0,0.18768035,0.6741573214530945,0.17069701850414276,0.00825035572052002
YJR041C,YER086W,0,0.18424605,0.6703910827636719,0.17069701850414276,0.008392603136599064
YOR260W,YMR260C,1,0.18040656,0.6722221970558167,0.17211948335170746,0.008392603136599064
YOL139C,YPR041W,1,0.17846303,0.6740331649780273,0.17354196310043335,0.008392603136599064
YMR309C,YJR014W,1,0.17560469,0.6758241653442383,0.17496444284915924,0.008392603136599064
YDR198C,YAL003W,0,0.16939057,0.6721311211585999,0.17496444284915924,0.008534850552678108
YNL062C,YAL035W,1,0.1688727,0.6739130616188049,0.17638690769672394,0.008534850552678108
YJR041C,YDR194C,0,0.16663148,0.6702702641487122,0.17638690769672394,0.008677097968757153
YOR361C,YKR059W,1,0.1661657,0.6720430254936218,0.17780938744544983,0.008677097968757153
YJR014W,YMR260C,1,0.16599743,0.6737967729568481,0.17923186719417572,0.008677097968757153
YER025W,YJR014W,1,0.16588603,0.6755319237709045,0.18065433204174042,0.008677097968757153
YLR150W,YOR260W,1,0.16421364,0.6772486567497253,0.1820768117904663,0.008677097968757153
YKR059W,YMR260C,1,0.1630867,0.678947389125824,0.1834992915391922,0.008677097968757153
YLR060W,YDL143W,0,0.16004594,0.6753926873207092,0.1834992915391922,0.008819345384836197
YJR007W,YJR014W,1,0.15697248,0.6770833134651184,0.1849217712879181,0.008819345384836197
YDR198C,YKR081C,0,0.15223868,0.6735751032829285,0.1849217712879181,0.008961592800915241
YDL082W,YMR211W,0,0.15199845,0.6701030731201172,0.1849217712879181,0.00910384114831686
YDL091C,YLR258W,0,0.15132274,0.6666666865348816,0.1849217712879181,0.009246088564395905
YMR012W,YAL035W,1,0.14827536,0.668367326259613,0.1863442361354828,0.009246088564395905
YJL111W,YDR346C,0,0.14655696,0.6649746298789978,0.1863442361354828,0.009388335980474949
YGR083C,YJL138C,1,0.14563228,0.6666666865348816,0.18776671588420868,0.009388335980474949
YPR041W,YMR260C,1,0.14207254,0.6683416962623596,0.18918919563293457,0.009388335980474949
YBR079C,YER025W,1,0.1382372,0.6700000166893005,0.19061166048049927,0.009388335980474949
YDL081C,YNL316C,0,0.13288419,0.6666666865348816,0.19061166048049927,0.009530583396553993
YOL139C,YMR260C,1,0.12821548,0.6683168411254883,0.19203414022922516,0.009530583396553993
YDR194C,YGL031C,0,0.12124367,0.6650246381759644,0.19203414022922516,0.009672830812633038
YJR014W,YPR041W,1,0.11725114,0.6666666865348816,0.19345661997795105,0.009672830812633038
YJR007W,YNL062C,1,0.11619942,0.6682927012443542,0.19487908482551575,0.009672830812633038
YBR079C,YOR260W,1,0.113493994,0.6699029207229614,0.19630156457424164,0.009672830812633038
YER110C,YGL238W,0,0.11131641,0.6666666865348816,0.19630156457424164,0.009815078228712082
YDR500C,YLR215C,0,0.11126639,0.6634615659713745,0.19630156457424164,0.009957325644791126
YGR083C,YMR012W,1,0.11122979,0.6650717854499817,0.19772404432296753,0.009957325644791126
YOR361C,YJR014W,1,0.10948871,0.6666666865348816,0.19914650917053223,0.009957325644791126
YKR059W,YNL062C,1,0.10735823,0.6682464480400085,0.20056898891925812,0.009957325644791126
YDR091C,YKR059W,1,0.107073545,0.6698113083839417,0.201991468667984,0.009957325644791126
YNL186W,YHR065C,0,0.103594646,0.6666666865348816,0.201991468667984,0.01009957306087017
YPL081W,YOL125W,0,0.102453634,0.663551390171051,0.201991468667984,0.010241820476949215
YDR091C,YNL244C,1,0.10051413,0.6651162505149841,0.2034139335155487,0.010241820476949215
YAL035W,YNL244C,1,0.0953082,0.6666666865348816,0.2048364132642746,0.010241820476949215
YIL145C,YER131W,0,0.09407498,0.6635944843292236,0.2048364132642746,0.01038406789302826
YPR132W,YDL209C,0,0.08971539,0.6605504751205444,0.2048364132642746,0.010526316240429878
YGL078C,YER056C,0,0.08661686,0.6575342416763306,0.2048364132642746,0.010668563656508923
YPL079W,YLR059C,0,0.08474906,0.6545454263687134,0.2048364132642746,0.010810811072587967
YBR079C,YJR007W,1,0.07675581,0.6561086177825928,0.2062588930130005,0.010810811072587967
YGR162W,YKR059W,1,0.07485743,0.6576576828956604,0.20768137276172638,0.010810811072587967
YNL308C,YDL064W,0,0.070672736,0.6547085046768188,0.20768137276172638,0.010953058488667011
YLR449W,YER060W,0,0.06744142,0.6517857313156128,0.20768137276172638,0.011095305904746056
YPL237W,YMR012W,1,0.06732218,0.653333306312561,0.20910383760929108,0.011095305904746056
YDR091C,YJL138C,1,0.06698364,0.6548672318458557,0.21052631735801697,0.011095305904746056
YEL001C,YFR031C-A,0,0.06481649,0.6519823670387268,0.21052631735801697,0.0112375533208251
YJR007W,YOL139C,1,0.061465755,0.6535087823867798,0.21194879710674286,0.0112375533208251
YDL082W,YLR274W,0,0.059141204,0.6506550312042236,0.21194879710674286,0.011379800736904144
YMR012W,YNL062C,1,0.05509326,0.6521739363670349,0.21337126195430756,0.011379800736904144
YJL133W,YFL022C,0,0.054897025,0.649350643157959,0.21337126195430756,0.011522048152983189
YOL077C,YOL020W,0,0.054054186,0.6465517282485962,0.21337126195430756,0.011664295569062233
YER127W,YOR188W,0,0.052406773,0.6437768340110779,0.21337126195430756,0.011806542985141277
YMR309C,YOR260W,1,0.051736653,0.6452991366386414,0.21479374170303345,0.011806542985141277
YGL049C,YGR083C,1,0.04877056,0.6468085050582886,0.21621622145175934,0.011806542985141277
YHR072W-A,YLR186W,0,0.044902742,0.6440678238868713,0.21621622145175934,0.011948791332542896
YJL138C,YGL107C,1,0.042161256,0.6455696225166321,0.21763868629932404,0.011948791332542896
YPR110C,YER112W,0,0.041216567,0.6428571343421936,0.21763868629932404,0.01209103874862194
YDR091C,YGL107C,1,0.039903343,0.6443514823913574,0.21906116604804993,0.01209103874862194
YNL062C,YPR041W,1,0.039080307,0.6458333134651184,0.22048364579677582,0.01209103874862194
YHR193C,YNL206C,0,0.039014503,0.6431535482406616,0.22048364579677582,0.012233286164700985
YOL139C,YNL062C,1,0.034743533,0.64462810754776,0.22190611064434052,0.012233286164700985
YKL101W,YNL301C,0,0.033924848,0.6419752836227417,0.22190611064434052,0.01237553358078003
YKL006W,YHR191C,0,0.032071188,0.6393442749977112,0.22190611064434052,0.012517780996859074
YDR023W,YOR133W,0,0.03133668,0.636734664440155,0.22190611064434052,0.012660028412938118
YKL120W,YJL109C,0,0.030335411,0.6341463327407837,0.22190611064434052,0.012802275829017162
YBL087C,YHR005C,0,0.026237383,0.6315789222717285,0.22190611064434052,0.012944523245096207
YMR290C,YML019W,0,0.025730893,0.6290322542190552,0.22190611064434052,0.013086770661175251
YCR072C,YMR006C,0,0.024190053,0.6265060305595398,0.22190611064434052,0.013229018077254295
YBR164C,YGR159C,0,0.02344592,0.6240000128746033,0.22190611064434052,0.013371266424655914
YOR260W,YOL139C,1,0.023351744,0.6254979968070984,0.2233285903930664,0.013371266424655914
YER091C,YGR157W,0,0.021871388,0.6230158805847168,0.2233285903930664,0.013513513840734959
YLR189C,YDR099W,0,0.021323606,0.6205533742904663,0.2233285903930664,0.013655761256814003
YMR309C,YJR047C,1,0.021249577,0.6220472455024719,0.2247510701417923,0.013655761256814003
YGR162W,YNL244C,1,0.012689397,0.6235294342041016,0.226173534989357,0.013655761256814003
YGR083C,YPR041W,1,0.010248646,0.625,0.22759601473808289,0.013655761256814003
YOR151C,YOR133W,0,0.008449942,0.6225680708885193,0.22759601473808289,0.013798008672893047
YLR448W,YIL085C,0,0.0078011006,0.6201550364494324,0.22759601473808289,0.013940256088972092
YER025W,YNL244C,1,0.0061259717,0.6216216087341309,0.22901849448680878,0.013940256088972092
YDR430C,YGL040C,0,0.0052276105,0.6192307472229004,0.22901849448680878,0.014082503505051136
YHR118C,YHL001W,0,-0.0018492192,0.6168582439422607,0.22901849448680878,0.01422475092113018
YFR031C-A,YBR069C,0,-0.003777638,0.614503800868988,0.22901849448680878,0.014366998337209225
YER025W,YGL107C,1,-0.0043013245,0.6159695982933044,0.23044097423553467,0.014366998337209225
YLR150W,YPL237W,1,-0.0062996894,0.6174242496490479,0.23186343908309937,0.014366998337209225
YLR150W,YBL090W,1,-0.012818992,0.6188679337501526,0.23328591883182526,0.014366998337209225
YML063W,YLR262C,0,-0.021822587,0.61654132604599,0.23328591883182526,0.014509245753288269
YKR059W,YNL244C,1,-0.02824603,0.617977499961853,0.23470839858055115,0.014509245753288269
YJR014W,YNL062C,1,-0.02842991,0.6194030046463013,0.23613086342811584,0.014509245753288269
YLR150W,YBR079C,1,-0.028857544,0.6208178400993347,0.23755334317684174,0.014509245753288269
YHR062C,YGL029W,0,-0.03079535,0.6185185313224792,0.23755334317684174,0.014651493169367313
YOL115W,YGL246C,0,-0.032905832,0.61623615026474,0.23755334317684174,0.014793741516768932
YBR088C,YHR010W,0,-0.039564148,0.6139705777168274,0.23755334317684174,0.014935988932847977
YMR305C,YAR014C,0,-0.039746657,0.6117216348648071,0.23755334317684174,0.015078236348927021
YNL062C,YJR047C,1,-0.044123396,0.6131386756896973,0.23897582292556763,0.015078236348927021
YOR211C,YOR158W,0,-0.04560952,0.610909104347229,0.23897582292556763,0.015220483765006065
YPR018W,YMR290C,0,-0.048201576,0.6086956262588501,0.23897582292556763,0.01536273118108511
YDR074W,YPL203W,0,-0.050629094,0.6064981818199158,0.23897582292556763,0.015504978597164154
YPL178W,YNR054C,0,-0.051890716,0.6043165326118469,0.23897582292556763,0.015647226944565773
YGL077C,YGL234W,0,-0.053331226,0.602150559425354,0.23897582292556763,0.015789473429322243
YLR008C,YNL151C,0,-0.054665282,0.6000000238418579,0.23897582292556763,0.01593172177672386
YGR162W,YGL107C,1,-0.056111954,0.6014235019683838,0.24039828777313232,0.01593172177672386
YDR510W,YHR062C,0,-0.056619123,0.5992907881736755,0.24039828777313232,0.01607396826148033
YGL147C,YDL212W,0,-0.059361383,0.5971731543540955,0.24039828777313232,0.01621621660888195
YLR120C,YIL017C,0,-0.06022893,0.5950704216957092,0.24039828777313232,0.01635846309363842
YLL021W,YJR094W-A,0,-0.060377523,0.5929824709892273,0.24039828777313232,0.01650071144104004
YPL237W,YEL034W,1,-0.06329639,0.5944055914878845,0.24182076752185822,0.01650071144104004
YGL257C,YGR103W,0,-0.065917656,0.592334508895874,0.24182076752185822,0.01664295792579651
YHR142W,YIL023C,0,-0.066061094,0.5902777910232544,0.24182076752185822,0.016785206273198128
YGL189C,YNL068C,0,-0.06704782,0.5882353186607361,0.24182076752185822,0.016927454620599747
YHR107C,YGL029W,0,-0.06777941,0.5862069129943848,0.24182076752185822,0.017069701105356216
YDR297W,YMR292W,0,-0.068991736,0.5841924548149109,0.24182076752185822,0.017211949452757835
YBR029C,YNL087W,0,-0.071401455,0.5821917653083801,0.24182076752185822,0.017354195937514305
YJR007W,YJL138C,1,-0.07229437,0.5836177468299866,0.2432432472705841,0.017354195937514305
YEL060C,YOL110W,0,-0.073327996,0.581632673740387,0.2432432472705841,0.017496444284915924
YOL077C,YIL027C,0,-0.07439457,0.5796610116958618,0.2432432472705841,0.017638690769672394
YLL062C,YPR118W,0,-0.075486176,0.5777027010917664,0.2432432472705841,0.017780939117074013
YJL138C,YPR041W,1,-0.076030284,0.5791245698928833,0.2446657121181488,0.017780939117074013
YGL009C,YKR039W,0,-0.07701965,0.5771812200546265,0.2446657121181488,0.017923185601830482
YNL244C,YPR041W,1,-0.07951312,0.5785953402519226,0.2460881918668747,0.017923185601830482
YPL239W,YGR082W,0,-0.08142765,0.5766666531562805,0.2460881918668747,0.0180654339492321
YJL138C,YMR282C,1,-0.0819044,0.5780730843544006,0.24751067161560059,0.0180654339492321
YJR047C,YPR041W,1,-0.08280264,0.5794702172279358,0.24893313646316528,0.0180654339492321
YHR206W,YJR016C,0,-0.083003566,0.5775577425956726,0.24893313646316528,0.01820768229663372
YGL213C,YOL041C,0,-0.08417268,0.5756579041481018,0.24893313646316528,0.01834992878139019
YDR101C,YNL221C,0,-0.085278824,0.5737704634666443,0.24893313646316528,0.01849217712879181
YGL135W,YGR191W,0,-0.08781357,0.5718954205513,0.24893313646316528,0.01863442361354828
YMR309C,YGL107C,1,-0.08835907,0.5732899308204651,0.25035563111305237,0.01863442361354828
YJL189W,YNL029C,0,-0.0914412,0.5714285969734192,0.25035563111305237,0.018776671960949898
YLR196W,YMR285C,0,-0.098177046,0.5695793032646179,0.25035563111305237,0.018918918445706367
YGL257C,YOR369C,0,-0.09821768,0.5677419304847717,0.25035563111305237,0.019061166793107986
YHR013C,YFR028C,0,-0.09840973,0.5659164190292358,0.25035563111305237,0.019203413277864456
YDR023W,YPR169W,0,-0.099456,0.5641025900840759,0.25035563111305237,0.019345661625266075
YKR059W,YGL107C,1,-0.100004315,0.5654951930046082,0.25177809596061707,0.019345661625266075
YOR046C,YDL229W,0,-0.10108097,0.5636942386627197,0.25177809596061707,0.019487908110022545
YPL081W,YER073W,0,-0.101156965,0.561904788017273,0.25177809596061707,0.019630156457424164
YEL026W,YHR152W,0,-0.102951065,0.5601266026496887,0.25177809596061707,0.019772404804825783
YLR378C,YJL050W,0,-0.104059264,0.5583596229553223,0.25177809596061707,0.019914651289582253
YOR260W,YJR007W,1,-0.10583173,0.5597484111785889,0.25320056080818176,0.019914651289582253
YML012W,YDR324C,0,-0.10676886,0.5579937100410461,0.25320056080818176,0.02005689963698387
YMR309C,YEL034W,1,-0.1071385,0.559374988079071,0.25462305545806885,0.02005689963698387
YBL035C,YJR002W,0,-0.107591346,0.5576323866844177,0.25462305545806885,0.02019914612174034
YPL237W,YKR059W,1,-0.10846998,0.5590062141418457,0.25604552030563354,0.02019914612174034
YJL145W,YGR063C,0,-0.11208047,0.5572755336761475,0.25604552030563354,0.02034139446914196
YNL001W,YHR141C,0,-0.11402269,0.5555555820465088,0.25604552030563354,0.02048364095389843
YOR361C,YJR047C,1,-0.11487357,0.5569230914115906,0.25746798515319824,0.02048364095389843
YGR083C,YEL034W,1,-0.11515726,0.558282196521759,0.2588904798030853,0.02048364095389843
YOL139C,YKR059W,1,-0.11554457,0.5596330165863037,0.26031294465065,0.02048364095389843
YPL237W,YGL107C,1,-0.117571965,0.5609756112098694,0.2617354094982147,0.02048364095389843
YGR128C,YKL116C,0,-0.11798359,0.5592705011367798,0.2617354094982147,0.02062588930130005
YEL058W,YNL339C,0,-0.11826439,0.5575757622718811,0.2617354094982147,0.02076813578605652
YIL019W,YER122C,0,-0.119804576,0.555891215801239,0.2617354094982147,0.020910384133458138
YER025W,YKR059W,1,-0.120363645,0.5572289228439331,0.2631579041481018,0.020910384133458138
YBR104W,YDR012W,0,-0.12212719,0.5555555820465088,0.2631579041481018,0.021052632480859756
YPL230W,YPL003W,0,-0.123129085,0.553892195224762,0.2631579041481018,0.021194878965616226
YEL001C,YJL109C,0,-0.12427418,0.5522388219833374,0.2631579041481018,0.021337127313017845
YBR021W,YMR217W,0,-0.1254567,0.550595223903656,0.2631579041481018,0.021479373797774315
YOR267C,YOR110W,0,-0.12818892,0.5489614009857178,0.2631579041481018,0.021621622145175934
YPL123C,YPL186C,0,-0.12825398,0.5473372936248779,0.2631579041481018,0.021763868629932404
YBR079C,YPL237W,1,-0.1286905,0.5486725568771362,0.2645803689956665,0.021763868629932404
YOL139C,YJR014W,1,-0.13034834,0.550000011920929,0.2660028338432312,0.021763868629932404
YGR094W,YDR021W,0,-0.13034938,0.5483871102333069,0.2660028338432312,0.021906116977334023
YBL055C,YHR052W,0,-0.13039567,0.5467836260795593,0.2660028338432312,0.022048363462090492
YJR007W,YKR059W,1,-0.13237871,0.5481049418449402,0.2674253284931183,0.022048363462090492
YOR260W,YGR162W,1,-0.1328894,0.5494186282157898,0.268847793340683,0.022048363462090492
YML077W,YBL042C,0,-0.13291048,0.5478261113166809,0.268847793340683,0.02219061180949211
YLR067C,YER056C-A,0,-0.1380408,0.5462427735328674,0.268847793340683,0.02233285829424858
YLR150W,YGL107C,1,-0.1403679,0.5475504398345947,0.2702702581882477,0.02233285829424858
YDL082W,YER072W,0,-0.14096479,0.545976996421814,0.2702702581882477,0.0224751066416502
YGR245C,YNL229C,0,-0.1427874,0.5444126129150391,0.2702702581882477,0.02261735498905182
YLR438C-A,YDR361C,0,-0.14337589,0.5428571701049805,0.2702702581882477,0.02275960147380829
YJR007W,YNL244C,1,-0.14404248,0.5441595315933228,0.27169275283813477,0.02275960147380829
YBL090W,YPL237W,1,-0.14648814,0.5454545617103577,0.27311521768569946,0.02275960147380829
YJL069C,YIL085C,0,-0.14761089,0.5439093708992004,0.27311521768569946,0.022901849821209908
YGL049C,YPR041W,1,-0.14829372,0.5451977252960205,0.27453768253326416,0.022901849821209908
YKR059W,YAL035W,1,-0.14898102,0.5464788675308228,0.27596017718315125,0.022901849821209908
YLR120C,YGL125W,0,-0.1500007,0.5449438095092773,0.27596017718315125,0.023044096305966377
YLR384C,YMR080C,0,-0.15122153,0.5434173941612244,0.27596017718315125,0.023186344653367996
YJL125C,YBL071W-A,0,-0.15219253,0.5418994426727295,0.27596017718315125,0.023328591138124466
YBR106W,YDL235C,0,-0.15516911,0.5403899550437927,0.27596017718315125,0.023470839485526085
YIL040W,YKR060W,0,-0.1553639,0.5388888716697693,0.27596017718315125,0.023613085970282555
YML012W,YOR233W,0,-0.15596575,0.5373961329460144,0.27596017718315125,0.023755334317684174
YLL021W,YHR133C,0,-0.16040964,0.5359116196632385,0.27596017718315125,0.023897582665085793
YOR260W,YPR041W,1,-0.16092013,0.5371900796890259,0.27738264203071594,0.023897582665085793
YPL237W,YJL138C,1,-0.16328661,0.5384615659713745,0.27880510687828064,0.023897582665085793
YOL139C,YMR012W,1,-0.16354282,0.5397260189056396,0.2802276015281677,0.023897582665085793
YLR292C,YDL191W,0,-0.16459323,0.5382513403892517,0.2802276015281677,0.024039829149842262
YGR083C,YOL139C,1,-0.16505076,0.5395095348358154,0.2816500663757324,0.024039829149842262
YCL038C,YNL015W,0,-0.16848405,0.5380434989929199,0.2816500663757324,0.02418207749724388
YPL237W,YNL244C,1,-0.17000414,0.5392953753471375,0.2830725610256195,0.02418207749724388
YER033C,YLR258W,0,-0.17110626,0.5378378629684448,0.2830725610256195,0.02432432398200035
YBL090W,YMR260C,1,-0.17513984,0.5390835404396057,0.2844950258731842,0.02432432398200035
YBR079C,YJL138C,1,-0.18003596,0.5403226017951965,0.2859174907207489,0.02432432398200035
YML016C,YLR023C,0,-0.18005286,0.5388739705085754,0.2859174907207489,0.02446657232940197
YOL005C,YDR382W,0,-0.18084876,0.5374331474304199,0.2859174907207489,0.02460881881415844
YOL125W,YDR165W,0,-0.18160076,0.5360000133514404,0.2859174907207489,0.02475106716156006
YGR211W,YNR038W,0,-0.18165402,0.5345744490623474,0.2859174907207489,0.02489331364631653
YLR292C,YPL198W,0,-0.18223025,0.5331565141677856,0.2859174907207489,0.025035561993718147
YKL125W,YDR399W,0,-0.18261458,0.5317460298538208,0.2859174907207489,0.025177808478474617
YDL230W,YCR036W,0,-0.1830698,0.5303429961204529,0.2859174907207489,0.025320056825876236
YER036C,YOR048C,0,-0.18408205,0.5289473533630371,0.2859174907207489,0.025462305173277855
YDR013W,YOR369C,0,-0.1872661,0.5275590419769287,0.2859174907207489,0.025604551658034325
YBR191W,YDR441C,0,-0.18909279,0.5261780023574829,0.2859174907207489,0.025746800005435944
YDL082W,YGR191W,0,-0.18921167,0.5248041749000549,0.2859174907207489,0.025889046490192413
YLR150W,YMR012W,1,-0.19017981,0.5260416865348816,0.287339985370636,0.025889046490192413
YOR079C,YPL160W,0,-0.19335438,0.5246753096580505,0.287339985370636,0.026031294837594032
YAL011W,YPL090C,0,-0.19366442,0.5233160853385925,0.287339985370636,0.026173541322350502
YJR094W-A,YIR004W,0,-0.19605444,0.5219638347625732,0.287339985370636,0.02631578966975212
YOR260W,YJL138C,1,-0.19625165,0.5231958627700806,0.2887624502182007,0.02631578966975212
YOL041C,YER072W,0,-0.19799681,0.5218508839607239,0.2887624502182007,0.02645803615450859
YGL049C,YOR361C,1,-0.20247383,0.5230769515037537,0.2901849150657654,0.02645803615450859
YCR077C,YJR047C,1,-0.20279318,0.5242967009544373,0.29160740971565247,0.02645803615450859
YER086W,YPL037C,0,-0.20359741,0.5229591727256775,0.29160740971565247,0.02660028450191021
YOR361C,YGL107C,1,-0.20394972,0.5241730213165283,0.29302987456321716,0.02660028450191021
YGR161C,YDL230W,0,-0.20401913,0.5228426456451416,0.29302987456321716,0.02674253284931183
YGR083C,YKR059W,1,-0.20472352,0.5240506529808044,0.29445233941078186,0.02674253284931183
YDL082W,YMR225C,0,-0.20695393,0.5227272510528564,0.29445233941078186,0.0268847793340683
YGR063C,YGL031C,0,-0.20708735,0.5214105844497681,0.29445233941078186,0.027027027681469917
YJR014W,YNL244C,1,-0.20764135,0.5226130485534668,0.29587483406066895,0.027027027681469917
YDL130W-A,YNL015W,0,-0.20987588,0.5213032364845276,0.29587483406066895,0.027169274166226387
YML009C,YLR287C-A,0,-0.21104866,0.5199999809265137,0.29587483406066895,0.027311522513628006
YFR015C,YDR490C,0,-0.21194592,0.5187032222747803,0.29587483406066895,0.027453768998384476
YIL118W,YML074C,0,-0.21208747,0.5174129605293274,0.29587483406066895,0.027596017345786095
YPL237W,YPR086W,1,-0.21298112,0.518610417842865,0.29729729890823364,0.027596017345786095
YDR198C,YGR124W,0,-0.21381246,0.5173267126083374,0.29729729890823364,0.027738263830542564
YBR079C,YEL034W,1,-0.21396805,0.5185185074806213,0.29871976375579834,0.027738263830542564
YMR012W,YJL138C,1,-0.21458745,0.5197044610977173,0.3001422584056854,0.027738263830542564
YNL062C,YNL244C,1,-0.2150198,0.5208845138549805,0.3015647232532501,0.027738263830542564
YPL146C,YKL112W,0,-0.21524972,0.5196078419685364,0.3015647232532501,0.027880512177944183
YFR015C,YMR135C,0,-0.21752961,0.5183374285697937,0.3015647232532501,0.028022760525345802
YMR128W,YGR106C,0,-0.2196273,0.5170731544494629,0.3015647232532501,0.028165007010102272
YJR094W-A,YCR054C,0,-0.22003514,0.5158150792121887,0.3015647232532501,0.02830725535750389
YGR083C,YJR014W,1,-0.22004528,0.5169903039932251,0.3029871881008148,0.02830725535750389
YJR076C,YER056C-A,0,-0.22006837,0.5157384872436523,0.3029871881008148,0.02844950184226036
YHR154W,YDL229W,0,-0.22039925,0.5144927501678467,0.3029871881008148,0.02859175018966198
YPL241C,YDR037W,0,-0.22241692,0.5132530331611633,0.3029871881008148,0.02873399667441845
YOL139C,YNL244C,1,-0.22374485,0.5144230723381042,0.3044096827507019,0.02873399667441845
YCL010C,YHR170W,0,-0.22376956,0.513189435005188,0.3044096827507019,0.02887624502182007
YGR086C,YIL050W,0,-0.22641096,0.5119616985321045,0.3044096827507019,0.029018491506576538
YKL081W,YCR027C,0,-0.22759001,0.5107398629188538,0.3044096827507019,0.029160739853978157
YBR254C,YOR091W,0,-0.22768636,0.5095238089561462,0.3044096827507019,0.029302986338734627
YAL058W,YPR143W,0,-0.22770987,0.5083135366439819,0.3044096827507019,0.029445234686136246
YJL109C,YGL016W,0,-0.22843225,0.5071089863777161,0.3044096827507019,0.029587483033537865
YKL080W,YJL148W,0,-0.22922178,0.5059101581573486,0.3044096827507019,0.029729729518294334
YHR043C,YLR370C,0,-0.22954445,0.5047169923782349,0.3044096827507019,0.029871977865695953
YMR012W,YMR260C,1,-0.22971706,0.5058823823928833,0.3058321475982666,0.029871977865695953
YGL107C,YMR260C,1,-0.23045307,0.5070422291755676,0.3072546124458313,0.029871977865695953
YEL050C,YJL136C,0,-0.2305815,0.5058547854423523,0.3072546124458313,0.030014224350452423
YMR202W,YBR034C,0,-0.23246421,0.5046728849411011,0.3072546124458313,0.030156472697854042
YBL090W,YPR041W,1,-0.23387158,0.5058274865150452,0.3086771070957184,0.030156472697854042
YIR026C,YLR223C,0,-0.23617457,0.5046511888504028,0.3086771070957184,0.030298719182610512
YJR047C,YEL034W,1,-0.23843278,0.5058004856109619,0.3100995719432831,0.030298719182610512
YGR123C,YNL149C,0,-0.23852725,0.5046296119689941,0.3100995719432831,0.03044096753001213
YML055W,YGL246C,0,-0.23922239,0.5034642219543457,0.3100995719432831,0.0305832140147686
YHR172W,YDR188W,0,-0.23939489,0.5023041367530823,0.3100995719432831,0.03072546236217022
YER003C,YNL286W,0,-0.24467894,0.5011494159698486,0.3100995719432831,0.03086771070957184
YHR128W,YMR288W,0,-0.24604675,0.5,0.3100995719432831,0.031009957194328308
YIL103W,YJL157C,0,-0.24779753,0.4988558292388916,0.3100995719432831,0.031152205541729927
YBL090W,YJL138C,1,-0.25026375,0.5,0.3115220367908478,0.031152205541729927
YHL033C,YHR072W,0,-0.25102276,0.49886104464530945,0.3115220367908478,0.031294453889131546
YOR182C,YPR186C,0,-0.25237238,0.49772727489471436,0.3115220367908478,0.031436700373888016
YDR073W,YJL076W,0,-0.25310618,0.49659863114356995,0.3115220367908478,0.031578946858644485
YLR015W,YGR254W,0,-0.25449306,0.4954751133918762,0.3115220367908478,0.031721193343400955
YER003C,YNL316C,0,-0.26322752,0.4943566620349884,0.3115220367908478,0.03186344355344772
YBR023C,YJL069C,0,-0.26512575,0.4932432472705841,0.3115220367908478,0.03200569003820419
YGL246C,YBR171W,0,-0.26576602,0.49213483929634094,0.3115220367908478,0.03214793652296066
YML008C,YDR395W,0,-0.26664293,0.49103137850761414,0.3115220367908478,0.03229018673300743
YPL178W,YOR247W,0,-0.26704293,0.4899328947067261,0.3115220367908478,0.0324324332177639
YKR059W,YMR282C,1,-0.27227658,0.4910714328289032,0.31294453144073486,0.0324324332177639
YDR361C,YNR016C,0,-0.2723856,0.48997771739959717,0.31294453144073486,0.03257467970252037
YGL189C,YBR162W-A,0,-0.2743215,0.4888888895511627,0.31294453144073486,0.03271692618727684
YOR056C,YGR120C,0,-0.27719328,0.4878048896789551,0.31294453144073486,0.03285917639732361
YDR190C,YJL158C,0,-0.27769297,0.48672565817832947,0.31294453144073486,0.03300142288208008
YOL139C,YEL034W,1,-0.2800159,0.48785871267318726,0.31436699628829956,0.03300142288208008
YBL090W,YDR091C,1,-0.28019378,0.4889867901802063,0.31578946113586426,0.03300142288208008
YLR355C,YIL090W,0,-0.28022897,0.4879120886325836,0.31578946113586426,0.03314366936683655
YLR328W,YHR065C,0,-0.2828279,0.4868420958518982,0.31578946113586426,0.03328591585159302
YKL065C,YDR043C,0,-0.28283122,0.48577681183815,0.31578946113586426,0.033428166061639786
YDR308C,YDR184C,0,-0.2847966,0.48471614718437195,0.31578946113586426,0.033570412546396255
YBR079C,YCR077C,1,-0.2858566,0.48583877086639404,0.31721195578575134,0.033570412546396255
YOR260W,YJR014W,1,-0.2869177,0.48695650696754456,0.31863442063331604,0.033570412546396255
YJL122W,YNL323W,0,-0.28921163,0.48590022325515747,0.31863442063331604,0.033712659031152725
YOR144C,YDL136W,0,-0.28960815,0.4848484992980957,0.31863442063331604,0.03385490924119949
YOR260W,YGR083C,1,-0.29066196,0.48596110939979553,0.32005688548088074,0.03385490924119949
YCR086W,YOR133W,0,-0.29075694,0.48491379618644714,0.32005688548088074,0.03399715572595596
YOL139C,YJL138C,1,-0.29103327,0.4860215187072754,0.3214793801307678,0.03399715572595596
YIL148W,YBR205W,0,-0.29180384,0.4849785268306732,0.3214793801307678,0.03413940221071243
YOR245C,YIL111W,0,-0.29181623,0.4839400351047516,0.3214793801307678,0.0342816486954689
YDL049C,YLR075W,0,-0.2932044,0.4829059839248657,0.3214793801307678,0.03442389890551567
YJR094W-A,YGR140W,0,-0.2939716,0.48187634348869324,0.3214793801307678,0.03456614539027214
YCL059C,YDL155W,0,-0.29712105,0.48085105419158936,0.3214793801307678,0.03470839187502861
YLR192C,YOR133W,0,-0.29810935,0.47983014583587646,0.3214793801307678,0.03485063835978508
YDL136W,YOR233W,0,-0.30028135,0.4788135588169098,0.3214793801307678,0.03499288856983185
YJL054W,YDR060W,0,-0.3018908,0.47780126333236694,0.3214793801307678,0.03513513505458832
YMR260C,YPR086W,1,-0.30485967,0.4789029657840729,0.3229018449783325,0.03513513505458832
YGR090W,YOL135C,0,-0.3049808,0.47789472341537476,0.3229018449783325,0.03527738153934479
YLR150W,YKR059W,1,-0.3058449,0.4789915978908539,0.3243243098258972,0.03527738153934479
YOL034W,YER131W,0,-0.30632758,0.4779874086380005,0.3243243098258972,0.035419631749391556
YBL055C,YPL143W,0,-0.3069346,0.47698745131492615,0.3243243098258972,0.035561878234148026
YPR188C,YPL081W,0,-0.3070448,0.4759916365146637,0.3243243098258972,0.035704124718904495
YOR260W,YNL244C,1,-0.30770555,0.47708332538604736,0.3257468044757843,0.035704124718904495
YOL115W,YGR195W,0,-0.30790383,0.4760914742946625,0.3257468044757843,0.035846371203660965
YHR148W,YMR043W,0,-0.3096543,0.4751037359237671,0.3257468044757843,0.03598862141370773
YHR142W,YHR193C,0,-0.30978864,0.4741200804710388,0.3257468044757843,0.0361308678984642
YOR312C,YLR229C,0,-0.31278014,0.47314050793647766,0.3257468044757843,0.03627311438322067
YOR167C,YDL164C,0,-0.31560552,0.47216495871543884,0.3257468044757843,0.03641536459326744
YAL035W,YJR047C,1,-0.3165102,0.47325101494789124,0.327169269323349,0.03641536459326744
YDR341C,YLR214W,0,-0.31726524,0.47227925062179565,0.327169269323349,0.03655761107802391
YLR022C,YDR020C,0,-0.3177312,0.4713114798069,0.327169269323349,0.03669985756278038
YMR183C,YIL027C,0,-0.3200583,0.47034764289855957,0.327169269323349,0.03684210404753685
YLR276C,YLR100W,0,-0.32177478,0.4693877696990967,0.327169269323349,0.03698435425758362
YIL078W,YOR233W,0,-0.32711118,0.4684317708015442,0.327169269323349,0.03712660074234009
YBL087C,YML124C,0,-0.3272236,0.4674796760082245,0.327169269323349,0.03726884722709656
YAL023C,YFL025C,0,-0.32863167,0.4665314257144928,0.327169269323349,0.03741109371185303
YGL092W,YJR132W,0,-0.32931626,0.4655870497226715,0.327169269323349,0.037553343921899796
YKR059W,YJR014W,1,-0.32972938,0.46666666865348816,0.3285917639732361,0.037553343921899796
YBR079C,YDR117C,1,-0.3326235,0.4677419364452362,0.3300142288208008,0.037553343921899796
YGR090W,YDR093W,0,-0.33286238,0.4668008089065552,0.3300142288208008,0.037695590406656265
YHL011C,YBR296C,0,-0.33346033,0.4658634662628174,0.3300142288208008,0.037837836891412735
YGR083C,YJR047C,1,-0.33635992,0.46693387627601624,0.3314366936683655,0.037837836891412735
YER025W,YJL138C,1,-0.33670408,0.46799999475479126,0.33285918831825256,0.037837836891412735
YKL058W,YML101C,0,-0.33702958,0.46706587076187134,0.33285918831825256,0.0379800871014595
YKL006W,YDR189W,0,-0.337576,0.4661354720592499,0.33285918831825256,0.03812233358621597
YDR331W,YNL038W,0,-0.34006345,0.4652087390422821,0.33285918831825256,0.03826458007097244
YLR342W,YJL148W,0,-0.34041056,0.4642857015132904,0.33285918831825256,0.03840682655572891
YDR023W,YBR127C,0,-0.34222603,0.4633663296699524,0.33285918831825256,0.03854907676577568
YOR361C,YNL244C,1,-0.34388053,0.4644268751144409,0.33428165316581726,0.03854907676577568
YNL186W,YHR067W,0,-0.34390128,0.4635108411312103,0.33428165316581726,0.03869132325053215
YPR102C,YOR064C,0,-0.3445875,0.46259841322898865,0.33428165316581726,0.03883356973528862
YOR272W,YDR228C,0,-0.34596962,0.4616895914077759,0.33428165316581726,0.03897581622004509
YMR011W,YKL181W,0,-0.34599692,0.46078431606292725,0.33428165316581726,0.03911806643009186
YGL238W,YGL078C,0,-0.34602857,0.45988258719444275,0.33428165316581726,0.03926031291484833
YDL130W,YBL087C,0,-0.34810287,0.458984375,0.33428165316581726,0.0394025593996048
YOR307C,YGL097W,0,-0.34825593,0.458089679479599,0.33428165316581726,0.039544809609651566
YER016W,YOL144W,0,-0.34970492,0.45719844102859497,0.33428165316581726,0.039687056094408035
YDR312W,YMR236W,0,-0.35023475,0.4563106894493103,0.33428165316581726,0.039829302579164505
YDR469W,YDR393W,0,-0.35070166,0.4554263651371002,0.33428165316581726,0.039971549063920975
YML093W,YDR320C-A,0,-0.35255492,0.4545454680919647,0.33428165316581726,0.04011379927396774
YGR129W,YDR365C,0,-0.35416687,0.4536679685115814,0.33428165316581726,0.04025604575872421
YJL108C,YEL046C,0,-0.35438275,0.45279383659362793,0.33428165316581726,0.04039829224348068
YLR150W,YGL049C,1,-0.35537076,0.45384615659713745,0.33570411801338196,0.04039829224348068
YLR355C,YMR242C,0,-0.35665542,0.4529750347137451,0.33570411801338196,0.04054053872823715
YNR032W,YFR047C,0,-0.35837907,0.4521072804927826,0.33570411801338196,0.04068278893828392
YPL237W,YJR047C,1,-0.3584068,0.45315486192703247,0.33712661266326904,0.04068278893828392
YHR089C,YBR088C,0,-0.35969812,0.4522900879383087,0.33712661266326904,0.04082503542304039
YKR059W,YJR047C,1,-0.36243916,0.4533333480358124,0.33854907751083374,0.04082503542304039
YMR309C,YGL049C,1,-0.3624571,0.4543726146221161,0.33997154235839844,0.04082503542304039
YFL034C-A,YLR347C,0,-0.3645733,0.45351043343544006,0.33997154235839844,0.04096728190779686
YCR034W,YLR022C,0,-0.36535436,0.4526515007019043,0.33997154235839844,0.04110953211784363
YOR359W,YMR235C,0,-0.36540484,0.4517958462238312,0.33997154235839844,0.0412517786026001
YOR234C,YLR262C,0,-0.36541247,0.4509434103965759,0.33997154235839844,0.04139402508735657
YBL090W,YOR361C,1,-0.36675644,0.451977401971817,0.3413940370082855,0.04139402508735657
YLL024C,YCR071C,0,-0.36695424,0.451127827167511,0.3413940370082855,0.04153627157211304
YIL017C,YLR102C,0,-0.3670686,0.45028141140937805,0.3413940370082855,0.041678521782159805
YPL230W,YOL032W,0,-0.36811656,0.449438214302063,0.3413940370082855,0.041820768266916275
YEL051W,YOR133W,0,-0.37036973,0.44859811663627625,0.3413940370082855,0.041963014751672745
YGR172C,YNL065W,0,-0.3703739,0.447761207818985,0.3413940370082855,0.04210526496171951
YPL029W,YDR237W,0,-0.37192637,0.44692736864089966,0.3413940370082855,0.04224751144647598
YDL044C,YNL162W,0,-0.37238944,0.44609665870666504,0.3413940370082855,0.04238975793123245
YDR471W,YGR227W,0,-0.37313962,0.44526901841163635,0.3413940370082855,0.04253200441598892
YPL256C,YGL123W,0,-0.37323725,0.4444444477558136,0.3413940370082855,0.04267425462603569
YBR079C,YJR047C,1,-0.37403756,0.4454713463783264,0.3428165018558502,0.04267425462603569
YOR178C,YJL020C,0,-0.37441313,0.44464945793151855,0.3428165018558502,0.04281650111079216
YHR064C,YNL254C,0,-0.37470824,0.44383057951927185,0.3428165018558502,0.04295874759554863
YLL023C,YAL053W,0,-0.37514752,0.4430147111415863,0.3428165018558502,0.0431009940803051
YOR260W,YJR047C,1,-0.37536055,0.44403669238090515,0.3442389667034149,0.0431009940803051
YGR063C,YDL092W,0,-0.37624407,0.4432234466075897,0.3442389667034149,0.04324324429035187
YNL162W,YER122C,0,-0.37752044,0.4424131512641907,0.3442389667034149,0.04338549077510834
YBR058C-A,YOL125W,0,-0.3777799,0.4416058361530304,0.3442389667034149,0.04352773725986481
YGR083C,YNL062C,1,-0.37794,0.44262295961380005,0.345661461353302,0.04352773725986481
YGL198W,YJL164C,0,-0.38116312,0.4418181777000427,0.345661461353302,0.043669987469911575
YBL087C,YLR318W,0,-0.3831079,0.4410163462162018,0.345661461353302,0.043812233954668045
YDR365C,YPR183W,0,-0.38334942,0.44021740555763245,0.345661461353302,0.043954480439424515
YNR024W,YKL029C,0,-0.38347065,0.43942132592201233,0.345661461353302,0.044096726924180984
YBR162C,YAL041W,0,-0.38492084,0.4386281669139862,0.345661461353302,0.04423897713422775
YGR162W,YGR054W,1,-0.3853404,0.4396396279335022,0.3470839262008667,0.04423897713422775
YLR405W,YMR303C,0,-0.3854162,0.43884891271591187,0.3470839262008667,0.04438122361898422
YLR175W,YMR303C,0,-0.38694936,0.43806102871894836,0.3470839262008667,0.04452347010374069
YDL240W,YIL148W,0,-0.38805115,0.4372759759426117,0.3470839262008667,0.04466571658849716
YDR312W,YJL041W,0,-0.38841486,0.43649372458457947,0.3470839262008667,0.04480796679854393
YBL103C,YJL159W,0,-0.38864416,0.4357142746448517,0.3470839262008667,0.0449502132833004
YBR079C,YGL107C,1,-0.38998246,0.4367201328277588,0.3485063910484314,0.0449502132833004
YML005W,YER019W,0,-0.39076477,0.435943067073822,0.3485063910484314,0.04509245976805687
YDL226C,YFL034C-B,0,-0.3916806,0.4351687431335449,0.3485063910484314,0.04523470997810364
YLR067C,YPL160W,0,-0.39203894,0.4343971610069275,0.3485063910484314,0.04537695646286011
YKR034W,YNL336W,0,-0.39308596,0.4336283206939697,0.3485063910484314,0.04551920294761658
YOR101W,YER120W,0,-0.39427602,0.43286219239234924,0.3485063910484314,0.04566144943237305
YBR132C,YDL204W,0,-0.39446706,0.43209877610206604,0.3485063910484314,0.045803699642419815
YJL048C,YOR018W,0,-0.39459634,0.43133804202079773,0.3485063910484314,0.045945946127176285
YDR091C,YJR047C,1,-0.3951208,0.4323374330997467,0.3499288856983185,0.045945946127176285
YDL081C,YNL038W,0,-0.39577335,0.43157893419265747,0.3499288856983185,0.046088192611932755
YLR438C-A,YDL060W,0,-0.39591956,0.43082311749458313,0.3499288856983185,0.04623044282197952
YGR162W,YJR047C,1,-0.39622724,0.4318181872367859,0.3513513505458832,0.04623044282197952
YGL028C,YDR237W,0,-0.39765644,0.43106457591056824,0.3513513505458832,0.04637268930673599
YGL009C,YOL078W,0,-0.39819777,0.4303135871887207,0.3513513505458832,0.04651493579149246
YER102W,YNR026C,0,-0.39830625,0.4295652210712433,0.3513513505458832,0.04665718227624893
YHR167W,YER086W,0,-0.39933413,0.4288194477558136,0.3513513505458832,0.0467994324862957
YOR063W,YNL005C,0,-0.40180284,0.42807626724243164,0.3513513505458832,0.04694167897105217
YKL060C,YJL183W,0,-0.402135,0.427335649728775,0.3513513505458832,0.04708392545580864
YER048C,YJR015W,0,-0.40303016,0.42659759521484375,0.3513513505458832,0.04722617194056511
YER091C,YOR130C,0,-0.4045751,0.42586207389831543,0.3513513505458832,0.04736842215061188
YOR173W,YDR350C,0,-0.40513444,0.42512908577919006,0.3513513505458832,0.04751066863536835
YML043C,YIL069C,0,-0.40530747,0.42439863085746765,0.3513513505458832,0.04765291512012482
YPR103W,YFL016C,0,-0.4058118,0.4236706793308258,0.3513513505458832,0.047795165330171585
YPR042C,YER119C,0,-0.40659672,0.42294520139694214,0.3513513505458832,0.047937411814928055
YER149C,YIL019W,0,-0.40702903,0.42222222685813904,0.3513513505458832,0.048079658299684525
YER164W,YOL144W,0,-0.40729505,0.42150169610977173,0.3513513505458832,0.048221904784440994
YBR204C,YDR516C,0,-0.4076907,0.4207836389541626,0.3513513505458832,0.04836415499448776
YER153C,YJR047C,1,-0.40853173,0.4217686951160431,0.3527738153934479,0.04836415499448776
YJR137C,YPL156C,0,-0.40876818,0.42105263471603394,0.3527738153934479,0.04850640147924423
YJL012C,YDL122W,0,-0.4090938,0.4203389883041382,0.3527738153934479,0.0486486479640007
YGR280C,YNL199C,0,-0.40920538,0.41962775588035583,0.3527738153934479,0.04879089444875717
YJR007W,YJR047C,1,-0.40971768,0.4206081032752991,0.35419631004333496,0.04879089444875717
YGL135W,YEL046C,0,-0.41083837,0.4198988080024719,0.35419631004333496,0.04893314465880394
YGR191W,YOR252W,0,-0.411368,0.4191919267177582,0.35419631004333496,0.04907539114356041
YBR034C,YLR342W,0,-0.41252106,0.41848739981651306,0.35419631004333496,0.04921763762831688
YLL011W,YNL221C,0,-0.4127018,0.4177852272987366,0.35419631004333496,0.04935988783836365
YOR043W,YMR217W,0,-0.41297758,0.4170854389667511,0.35419631004333496,0.04950213432312012
YNL112W,YNL227C,0,-0.41305465,0.4163879454135895,0.35419631004333496,0.04964438080787659
YNL091W,YMR131C,0,-0.41355956,0.41569283604621887,0.35419631004333496,0.04978662729263306
YHR190W,YJR059W,0,-0.4137038,0.41499999165534973,0.35419631004333496,0.049928877502679825
YDL052C,YGR038W,0,-0.41415042,0.41430947184562683,0.35419631004333496,0.050071123987436295
YGR189C,YIL111W,0,-0.4159997,0.41362127661705017,0.35419631004333496,0.050213370472192764
YPL280W,YIL136W,0,-0.41690522,0.4129353165626526,0.35419631004333496,0.050355616956949234
YKL139W,YLR066W,0,-0.4172094,0.41225165128707886,0.35419631004333496,0.050497867166996
YPL160W,YPL013C,0,-0.41921395,0.4115702509880066,0.35419631004333496,0.05064011365175247
YOL139C,YJR047C,1,-0.41987842,0.4125412404537201,0.35561877489089966,0.05064011365175247
YPL137C,YEL071W,0,-0.41988003,0.4118616282939911,0.35561877489089966,0.05078236013650894
YDR091C,YEL034W,1,-0.42132354,0.4128289520740509,0.35704123973846436,0.05078236013650894
YGL107C,YPR041W,1,-0.42246443,0.4137931168079376,0.35846373438835144,0.05078236013650894
YDL058W,YOR175C,0,-0.4232347,0.4131147563457489,0.35846373438835144,0.05092461034655571
YDR117C,YKR059W,1,-0.42685348,0.4140752851963043,0.35988619923591614,0.05092461034655571
YBR251W,YHL015W,0,-0.42826205,0.4133986830711365,0.35988619923591614,0.05106685683131218
YDR251W,YHL021C,0,-0.42829454,0.4127243161201477,0.35988619923591614,0.05120910331606865
YOR151C,YOR207C,0,-0.42835128,0.41205212473869324,0.35988619923591614,0.05135134980082512
YHL001W,YDR501W,0,-0.42907757,0.41138210892677307,0.35988619923591614,0.05149360001087189
YPR010C,YGL040C,0,-0.4305581,0.4107142984867096,0.35988619923591614,0.05163584649562836
YHR021C,YDL104C,0,-0.43079054,0.41004863381385803,0.35988619923591614,0.05177809298038483
YEL034W,YGR054W,1,-0.43081468,0.4110032320022583,0.36130866408348083,0.05177809298038483
YBR154C,YDR510W,0,-0.43102854,0.41033926606178284,0.36130866408348083,0.051920343190431595
YNL030W,YNL206C,0,-0.43170232,0.4096774160861969,0.36130866408348083,0.052062589675188065
YLR158C,YER083C,0,-0.43270153,0.4090177118778229,0.36130866408348083,0.052204836159944534
YCR040W,YEL054C,0,-0.43319416,0.4083601236343384,0.36130866408348083,0.052347082644701004
YLR430W,YDR184C,0,-0.43370318,0.4077046513557434,0.36130866408348083,0.05248933285474777
YBL090W,YGR083C,1,-0.4337905,0.4086538553237915,0.3627311587333679,0.05248933285474777
YPR041W,YEL034W,1,-0.43414235,0.40959998965263367,0.3641536235809326,0.05248933285474777
YGL049C,YMR260C,1,-0.43460488,0.41054314374923706,0.3655760884284973,0.05248933285474777
YAL019W,YDR384C,0,-0.43584687,0.409888356924057,0.3655760884284973,0.05263157933950424
YGR037C,YHL015W,0,-0.43587434,0.4092356562614441,0.3655760884284973,0.05277382582426071
YDR117C,YER025W,1,-0.4359705,0.4101748764514923,0.3669985830783844,0.05277382582426071
YHR148W,YDL226C,0,-0.4373299,0.4095238149166107,0.3669985830783844,0.05291607230901718
YJL190C,YER060W,0,-0.4379273,0.4088748097419739,0.3669985830783844,0.05305832251906395
YJL197W,YOR252W,0,-0.43839824,0.4082278609275818,0.3669985830783844,0.05320056900382042
YJR007W,YGL107C,1,-0.4393462,0.4091627299785614,0.3684210479259491,0.05320056900382042
YOR260W,YKR059W,1,-0.43935752,0.41009464859962463,0.3698435425758362,0.05320056900382042
YBR079C,YKR059W,1,-0.4399084,0.4110236167907715,0.3712660074234009,0.05320056900382042
YMR230W,YBR135W,0,-0.44024813,0.4103773534297943,0.3712660074234009,0.05334281548857689
YDR190C,YIL027C,0,-0.44026685,0.4097331166267395,0.3712660074234009,0.05348506569862366
YDR312W,YHR046C,0,-0.44074315,0.40909090638160706,0.3712660074234009,0.05362731218338013
YNL293W,YML070W,0,-0.44111097,0.4084506928920746,0.3712660074234009,0.0537695586681366
YBR079C,YGL049C,1,-0.4411415,0.40937501192092896,0.3726884722709656,0.0537695586681366
YDR227W,YKR042W,0,-0.4416526,0.40873634815216064,0.3726884722709656,0.053911805152893066
YHR181W,YBL039C,0,-0.4418583,0.4080996811389923,0.3726884722709656,0.054054055362939835
YML093W,YBR167C,0,-0.4420364,0.40746501088142395,0.3726884722709656,0.054196301847696304
YJL138C,YJR047C,1,-0.44218308,0.40838509798049927,0.37411096692085266,0.054196301847696304
YDR071C,YPL183C,0,-0.44508708,0.4077519476413727,0.37411096692085266,0.054338548332452774
YPR110C,YJL097W,0,-0.4467637,0.4071207344532013,0.37411096692085266,0.054480794817209244
YGL049C,YJR007W,1,-0.44684815,0.40803709626197815,0.37553343176841736,0.054480794817209244
YGR218W,YKL173W,0,-0.4482237,0.40740740299224854,0.37553343176841736,0.05462304502725601
YMR149W,YML023C,0,-0.44865274,0.4067796468734741,0.37553343176841736,0.05476529151201248
YJL136C,YDR407C,0,-0.4488228,0.4061538577079773,0.37553343176841736,0.05490753799676895
YBL090W,YGR162W,1,-0.44886464,0.4070660471916199,0.37695589661598206,0.05490753799676895
YPL214C,YKL062W,0,-0.44905227,0.40644171833992004,0.37695589661598206,0.05504978820681572
YJR019C,YPL152W,0,-0.449562,0.405819296836853,0.37695589661598206,0.05519203469157219
YNL137C,YMR058W,0,-0.44958097,0.4051987826824188,0.37695589661598206,0.05533428117632866
YMR128W,YGL232W,0,-0.4500522,0.40458014607429504,0.37695589661598206,0.05547652766108513
YER036C,YOL031C,0,-0.45027506,0.4039634168148041,0.37695589661598206,0.0556187778711319
YJR075W,YDR037W,0,-0.45051855,0.40334856510162354,0.37695589661598206,0.05576102435588837
YOL139C,YGL107C,1,-0.45087647,0.40425533056259155,0.37837839126586914,0.05576102435588837
YDR420W,YDL160C,0,-0.45099312,0.40364187955856323,0.37837839126586914,0.055903270840644836
YKL099C,YER029C,0,-0.45233428,0.40303030610084534,0.37837839126586914,0.056045521050691605
YOR035C,YBL078C,0,-0.45294952,0.4024205803871155,0.37837839126586914,0.056187767535448074
YDR117C,YJL138C,1,-0.45485103,0.4033232629299164,0.37980085611343384,0.056187767535448074
YGL049C,YKR059W,1,-0.45575404,0.40422323346138,0.38122332096099854,0.056187767535448074
YNL137C,YIL098C,0,-0.45916384,0.40361446142196655,0.38122332096099854,0.056330014020204544
YOR224C,YKL116C,0,-0.45998538,0.40300750732421875,0.38122332096099854,0.056472260504961014
YFL034C-A,YKL108W,0,-0.46086973,0.402402400970459,0.38122332096099854,0.05661451071500778
YFR051C,YDR236C,0,-0.46111715,0.40179911255836487,0.38122332096099854,0.05675675719976425
YHR215W,YLR347C,0,-0.46282881,0.401197612285614,0.38122332096099854,0.05689900368452072
YLR037C,YLR345W,0,-0.4643154,0.4005979001522064,0.38122332096099854,0.05704125016927719
YMR309C,YCR077C,1,-0.46458495,0.40149253606796265,0.3826458156108856,0.05704125016927719
YDR178W,YMR088C,0,-0.46515518,0.4008941948413849,0.3826458156108856,0.05718350037932396
YER025W,YBL090W,1,-0.46525377,0.4017857015132904,0.3840682804584503,0.05718350037932396
YJR094W-A,YNL222W,0,-0.4676134,0.4011887013912201,0.3840682804584503,0.05732574686408043
YHR007C,YOR252W,0,-0.46764153,0.40059345960617065,0.3840682804584503,0.0574679933488369
YMR260C,YMR282C,1,-0.46867543,0.4014814794063568,0.385490745306015,0.0574679933488369
YHR196W,YDL175C,0,-0.46868354,0.4008875787258148,0.385490745306015,0.05761024355888367
YGL100W,YIL078W,0,-0.4695742,0.4002954065799713,0.385490745306015,0.05775249004364014
YEL050C,YAL005C,0,-0.4705792,0.39970502257347107,0.385490745306015,0.057894736528396606
YEL017C-A,YBL054W,0,-0.4713964,0.3991163372993469,0.385490745306015,0.058036983013153076
YGR178C,YPR047W,0,-0.47163177,0.39852941036224365,0.385490745306015,0.058179233223199844
YLR340W,YDR382W,0,-0.47173625,0.39794421195983887,0.385490745306015,0.058321479707956314
YDR487C,YER089C,0,-0.4717968,0.3973607122898102,0.385490745306015,0.058463726192712784
YCR034W,YOR048C,0,-0.47271037,0.3967789113521576,0.385490745306015,0.058605972677469254
YDR345C,YLR023C,0,-0.47439373,0.3961988389492035,0.385490745306015,0.05874822288751602
YDR051C,YDR465C,0,-0.4756527,0.3956204354763031,0.385490745306015,0.05889046937227249
YBR079C,YER153C,1,-0.4765479,0.39650145173072815,0.3869132399559021,0.05889046937227249
YMR303C,YPL141C,0,-0.4774171,0.39592429995536804,0.3869132399559021,0.05903271585702896
YML123C,YNL197C,0,-0.4777,0.39534884691238403,0.3869132399559021,0.05917496606707573
YCL038C,YKR058W,0,-0.48011822,0.39477503299713135,0.3869132399559021,0.0593172125518322
YDL100C,YGR108W,0,-0.48042852,0.3942028880119324,0.3869132399559021,0.05945945903658867
YBR264C,YHL011C,0,-0.48082697,0.3936324119567871,0.3869132399559021,0.05960170552134514
YGL049C,YJR014W,1,-0.48292434,0.3945086598396301,0.3883357048034668,0.05960170552134514
YGR295C,YLR258W,0,-0.48324263,0.39393940567970276,0.3883357048034668,0.05974395573139191
YER025W,YEL034W,1,-0.48474675,0.394812673330307,0.3897581696510315,0.05974395573139191
YHR105W,YLL039C,0,-0.4853835,0.39424461126327515,0.3897581696510315,0.059886202216148376
YDR117C,YOR361C,1,-0.48691368,0.395114928483963,0.3911806643009186,0.059886202216148376
YKR018C,YLL006W,0,-0.4885943,0.39454805850982666,0.3911806643009186,0.060028448700904846
YKL218C,YBL101C,0,-0.48967457,0.39398279786109924,0.3911806643009186,0.060170695185661316
YLR364W,YIL009W,0,-0.49018365,0.39341917634010315,0.3911806643009186,0.060312945395708084
YGL049C,YGR162W,1,-0.4905997,0.3942857086658478,0.3926031291484833,0.060312945395708084
YDR471W,YER005W,0,-0.49090117,0.3937232494354248,0.3926031291484833,0.060455191880464554
YGL227W,YKR034W,0,-0.4912284,0.39316239953041077,0.3926031291484833,0.060597438365221024
YBR079C,YBL013W,1,-0.49192142,0.394025593996048,0.394025593996048,0.060597438365221024
YPL265W,YNL083W,0,-0.492041,0.39346590638160706,0.394025593996048,0.06073968857526779
YIL017C,YGR060W,0,-0.49212575,0.3929077982902527,0.394025593996048,0.06088193506002426
YNL135C,YNL088W,0,-0.49316627,0.39235126972198486,0.394025593996048,0.06102418154478073
YGR162W,YMR282C,1,-0.49390876,0.3932107388973236,0.39544808864593506,0.06102418154478073
YML026C,YOL031C,0,-0.49472183,0.3926553726196289,0.39544808864593506,0.0611664280295372
YBR293W,YJR086W,0,-0.4955715,0.39210155606269836,0.39544808864593506,0.06130867823958397
YNL023C,YGL123W,0,-0.496063,0.391549289226532,0.39544808864593506,0.06145092472434044
YLR085C,YLR441C,0,-0.49610746,0.39099860191345215,0.39544808864593506,0.06159317120909691
YGL049C,YNL062C,1,-0.49620932,0.391853928565979,0.39687055349349976,0.06159317120909691
YMR309C,YBL090W,1,-0.4963686,0.39270687103271484,0.39829301834106445,0.06159317120909691
YDR023W,YDL156W,0,-0.49645066,0.3921568691730499,0.39829301834106445,0.06173542141914368
YDL030W,YNR053C,0,-0.49706775,0.3916083872318268,0.39829301834106445,0.061877667903900146
YGL043W,YIL044C,0,-0.49771488,0.3910614550113678,0.39829301834106445,0.062019914388656616
YKR059W,YPR041W,1,-0.49843907,0.39191073179244995,0.39971551299095154,0.062019914388656616
YLR150W,YJR047C,1,-0.4991625,0.3927576541900635,0.40113797783851624,0.062019914388656616
YMR230W,YPR070W,0,-0.49936455,0.3922114074230194,0.40113797783851624,0.062162160873413086
YKR059W,YER153C,1,-0.4994039,0.3930555582046509,0.40256044268608093,0.062162160873413086
YHR105W,YJR096W,0,-0.49989355,0.39251041412353516,0.40256044268608093,0.062304411083459854
YOR344C,YDR356W,0,-0.50111926,0.3919667601585388,0.40256044268608093,0.062446657568216324
YPL118W,YJL138C,1,-0.50153106,0.3928077518939972,0.403982937335968,0.062446657568216324
YOL023W,YJL138C,1,-0.5015675,0.3936464190483093,0.4054054021835327,0.062446657568216324
YKL033W,YPL086C,0,-0.5022046,0.3931034505367279,0.4054054021835327,0.06258890777826309
YBR036C,YJR096W,0,-0.50328743,0.39256197214126587,0.4054054021835327,0.06273115426301956
YBR126C,YGL141W,0,-0.5038138,0.3920220136642456,0.4054054021835327,0.06287340074777603
YMR012W,YJR014W,1,-0.5039087,0.3928571343421936,0.4068278670310974,0.06287340074777603
YGL049C,YDR091C,1,-0.50395256,0.39368999004364014,0.4082503616809845,0.06287340074777603
YDR297W,YML075C,0,-0.5046805,0.3931506872177124,0.4082503616809845,0.0630156472325325
YDR399W,YER045C,0,-0.50565565,0.39261284470558167,0.4082503616809845,0.06315789371728897
YBL090W,YPL118W,1,-0.5066029,0.39344263076782227,0.4096728265285492,0.06315789371728897
YCL048W,YBR149W,0,-0.50696474,0.3929058611392975,0.4096728265285492,0.06330014020204544
YGL135W,YDR020C,0,-0.507879,0.3923705816268921,0.4096728265285492,0.06344238668680191
YLR194C,YPR107C,0,-0.5084665,0.3918367326259613,0.4096728265285492,0.06358464062213898
YOR122C,YLR467W,0,-0.5084771,0.3913043439388275,0.4096728265285492,0.06372688710689545
YNL029C,YDL095W,0,-0.5086371,0.3907734155654907,0.4096728265285492,0.06386913359165192
YDR466W,YGL008C,0,-0.5096945,0.39024388790130615,0.4096728265285492,0.06401138007640839
YKR059W,YPR086W,1,-0.50992435,0.3910690248012543,0.4110952913761139,0.06401138007640839
YDR117C,YMR260C,1,-0.51034003,0.3918918967247009,0.412517786026001,0.06401138007640839
YML038C,YEL055C,0,-0.510646,0.3913630247116089,0.412517786026001,0.06415362656116486
YLL001W,YLR178C,0,-0.510671,0.39083558320999146,0.412517786026001,0.06429587304592133
YNL229C,YOR207C,0,-0.5110341,0.39030954241752625,0.412517786026001,0.0644381195306778
YDR156W,YJL072C,0,-0.5110571,0.38978493213653564,0.412517786026001,0.06458037346601486
YJL033W,YPR181C,0,-0.51124364,0.38926175236701965,0.412517786026001,0.06472261995077133
YAL059W,YAL011W,0,-0.51246375,0.3887399435043335,0.412517786026001,0.0648648664355278
YPR010C,YGR004W,0,-0.5126593,0.38821953535079956,0.412517786026001,0.06500711292028427
YGL009C,YJL065C,0,-0.5132253,0.38770052790641785,0.412517786026001,0.06514935940504074
YJR047C,YGR054W,1,-0.5132461,0.3885180354118347,0.4139402508735657,0.06514935940504074
YLR430W,YNL221C,0,-0.51397425,0.3880000114440918,0.4139402508735657,0.06529160588979721
YJL012C,YMR217W,0,-0.5142539,0.3874833583831787,0.4139402508735657,0.06543385237455368
YJR109C,YER053C,0,-0.5142756,0.38696807622909546,0.4139402508735657,0.06557609885931015
YLR432W,YER180C,0,-0.5143775,0.38645419478416443,0.4139402508735657,0.06571835279464722
YER141W,YBR126C,0,-0.5144126,0.38594165444374084,0.4139402508735657,0.06586059927940369
YLR378C,YFL009W,0,-0.51631016,0.3854304552078247,0.4139402508735657,0.06600284576416016
YKR080W,YDR158W,0,-0.51675344,0.3849206268787384,0.4139402508735657,0.06614509224891663
YBL090W,YKR059W,1,-0.5168363,0.38573315739631653,0.41536274552345276,0.06614509224891663
YHR092C,YML029W,0,-0.517046,0.38522428274154663,0.41536274552345276,0.0662873387336731
YJL136C,YBR098W,0,-0.5173805,0.3847167193889618,0.41536274552345276,0.06642958521842957
YOR315W,YJL180C,0,-0.5176685,0.3842105269432068,0.41536274552345276,0.06657183170318604
YLR175W,YBR022W,0,-0.51839876,0.38370564579963684,0.41536274552345276,0.0667140856385231
YEL003W,YKL155C,0,-0.5186917,0.38320210576057434,0.41536274552345276,0.06685633212327957
YCR069W,YPL221W,0,-0.5187272,0.3826998770236969,0.41536274552345276,0.06699857860803604
YOR132W,YDR432W,0,-0.51983136,0.3821989595890045,0.41536274552345276,0.06714082509279251
YNL287W,YDR002W,0,-0.5207141,0.3816993534564972,0.41536274552345276,0.06728307157754898
YGR162W,YPL118W,1,-0.5208081,0.38250651955604553,0.41678521037101746,0.06728307157754898
YDL031W,YBL088C,0,-0.52115935,0.3820078372955322,0.41678521037101746,0.06742531806230545
YOR003W,YPL203W,0,-0.5216353,0.3815104067325592,0.41678521037101746,0.06756756454706192
YIL158W,YGL070C,0,-0.52352893,0.38101431727409363,0.41678521037101746,0.06770981848239899
YLR233C,YOR369C,0,-0.523543,0.38051947951316833,0.41678521037101746,0.06785206496715546
YDR117C,YDR091C,1,-0.52437973,0.3813229501247406,0.41820767521858215,0.06785206496715546
YDR418W,YMR016C,0,-0.52563995,0.38082900643348694,0.41820767521858215,0.06799431145191193
YBR213W,YOR293W,0,-0.5269669,0.38033634424209595,0.41820767521858215,0.0681365579366684
YDR338C,YML120C,0,-0.52701753,0.3798449635505676,0.41820767521858215,0.06827880442142487
YOL127W,YLL014W,0,-0.5273865,0.3793548345565796,0.41820767521858215,0.06842105090618134
YGL253W,YPR047W,0,-0.52744627,0.3788659870624542,0.41820767521858215,0.0685632973909378
YAL059W,YDR013W,0,-0.5274963,0.37837839126586914,0.41820767521858215,0.06870555132627487
YER014W,YIL154C,0,-0.5278767,0.37789201736450195,0.41820767521858215,0.06884779781103134
YPR140W,YLR327C,0,-0.52856094,0.37740692496299744,0.41820767521858215,0.06899004429578781
YML085C,YMR142C,0,-0.5288331,0.3769230842590332,0.41820767521858215,0.06913229078054428
YHR169W,YNL099C,0,-0.5298906,0.37644046545028687,0.41820767521858215,0.06927453726530075
YGL049C,YER025W,1,-0.5303324,0.37723785638809204,0.41963016986846924,0.06927453726530075
YEL044W,YDR267C,0,-0.53066367,0.37675607204437256,0.41963016986846924,0.06941678375005722
YDR098C,YNR027W,0,-0.53098977,0.37627550959587097,0.41963016986846924,0.06955903023481369
YMR042W,YOL077C,0,-0.53113383,0.3757961690425873,0.41963016986846924,0.06970127671957016
YLR074C,YBR021W,0,-0.5319513,0.37531808018684387,0.41963016986846924,0.06984353065490723
YNL002C,YLR341W,0,-0.53231937,0.37484118342399597,0.41963016986846924,0.0699857771396637
YBL090W,YEL034W,1,-0.5323249,0.3756345212459564,0.42105263471603394,0.0699857771396637
YDL150W,YJL050W,0,-0.5328179,0.375158429145813,0.42105263471603394,0.07012802362442017
YDR177W,YJL033W,0,-0.53393096,0.37468355894088745,0.42105263471603394,0.07027027010917664
YLR406C,YDR243C,0,-0.53458905,0.37420985102653503,0.42105263471603394,0.0704125165939331
YKL216W,YBL018C,0,-0.5349634,0.3737373650074005,0.42105263471603394,0.07055476307868958
YIL022W,YKR042W,0,-0.53519785,0.3732660710811615,0.42105263471603394,0.07069700956344604
YIR035C,YDR402C,0,-0.5354604,0.372795969247818,0.42105263471603394,0.07083926349878311
YGR123C,YJL181W,0,-0.5359196,0.3723270297050476,0.42105263471603394,0.07098150998353958
YKL029C,YKR095W,0,-0.5366751,0.37185928225517273,0.42105263471603394,0.07112375646829605
YDR283C,YDR091C,1,-0.53670067,0.3726474344730377,0.42247509956359863,0.07112375646829605
YKL194C,YDR033W,0,-0.53671587,0.3721804618835449,0.42247509956359863,0.07126600295305252
YER161C,YOR356W,0,-0.5371021,0.37171465158462524,0.42247509956359863,0.07140824943780899
YDR038C,YJL035C,0,-0.53722906,0.3712500035762787,0.42247509956359863,0.07155049592256546
YOR096W,YKR086W,0,-0.537378,0.37078651785850525,0.42247509956359863,0.07169274240732193
YBR094W,YER007C-A,0,-0.5377656,0.37032419443130493,0.42247509956359863,0.071834996342659
YJL138C,YGR054W,1,-0.5378535,0.37110835313796997,0.4238975942134857,0.071834996342659
YBR040W,YMR152W,0,-0.5382276,0.37064677476882935,0.4238975942134857,0.07197724282741547
YNL244C,YPR086W,1,-0.53852874,0.37142857909202576,0.4253200590610504,0.07197724282741547
YOR096W,YPR031W,0,-0.53870064,0.3709677457809448,0.4253200590610504,0.07211948931217194
YPL158C,YHL015W,0,-0.5387583,0.3705080449581146,0.4253200590610504,0.0722617357969284
YMR305C,YER122C,0,-0.5390603,0.37004950642585754,0.4253200590610504,0.07240398228168488
YGL155W,YAL042W,0,-0.5398404,0.3695921003818512,0.4253200590610504,0.07254622876644135
YPR114W,YLR229C,0,-0.5398642,0.3691357970237732,0.4253200590610504,0.07268847525119781
YGL084C,YEL002C,0,-0.54109466,0.3686806559562683,0.4253200590610504,0.07283072918653488
YER025W,YGR054W,1,-0.5428737,0.3694581389427185,0.4267425239086151,0.07283072918653488
YOR271C,YPR104C,0,-0.54344255,0.36900368332862854,0.4267425239086151,0.07297297567129135
YNL244C,YEL034W,1,-0.54392934,0.3697788715362549,0.4281650185585022,0.07297297567129135
YLR262C,YER159C,0,-0.5439531,0.3693251609802246,0.4281650185585022,0.07311522215604782
YCR077C,YMR260C,1,-0.5441451,0.3700980246067047,0.4295874834060669,0.07311522215604782
YMR153W,YER086W,0,-0.54588807,0.36964502930641174,0.4295874834060669,0.07325746864080429
YAR071W,YDR382W,0,-0.5463621,0.3691931664943695,0.4295874834060669,0.07339971512556076
YDR121W,YDR465C,0,-0.5465637,0.3687423765659332,0.4295874834060669,0.07354196161031723
YGR286C,YHR063C,0,-0.54684424,0.3682926893234253,0.4295874834060669,0.0736842080950737
YMR230W,YLR095C,0,-0.54804575,0.3678441047668457,0.4295874834060669,0.07382645457983017
YHR111W,YKL081W,0,-0.5480908,0.36739659309387207,0.4295874834060669,0.07396870851516724
YHL020C,YGL120C,0,-0.54852796,0.3669501841068268,0.4295874834060669,0.0741109549999237
YGL049C,YGR054W,1,-0.54874045,0.3677184581756592,0.4310099482536316,0.0741109549999237
YNL322C,YER062C,0,-0.5491102,0.3672727346420288,0.4310099482536316,0.07425320148468018
YPL118W,YKR059W,1,-0.5494538,0.36803874373435974,0.4324324429035187,0.07425320148468018
YDR443C,YHR092C,0,-0.5494733,0.3675937056541443,0.4324324429035187,0.07439544796943665
YOR396W,YER111C,0,-0.5498947,0.3671497702598572,0.4324324429035187,0.07453769445419312
YGR097W,YHR018C,0,-0.55001897,0.36670687794685364,0.4324324429035187,0.07467994093894958
YBR231C,YNL061W,0,-0.5507789,0.36626505851745605,0.4324324429035187,0.07482218742370605
YLR150W,YDR117C,1,-0.5508173,0.3670276701450348,0.4338549077510834,0.07482218742370605
YKL043W,YLR008C,0,-0.55128235,0.3665865361690521,0.4338549077510834,0.07496444135904312
YBR035C,YNL093W,0,-0.55165005,0.366146445274353,0.4338549077510834,0.07510668784379959
YJR007W,YEL034W,1,-0.5517058,0.36690646409988403,0.43527737259864807,0.07510668784379959
YGR191W,YIL008W,0,-0.5526158,0.36646705865859985,0.43527737259864807,0.07524893432855606
YOR260W,YGR054W,1,-0.55280954,0.36722487211227417,0.43669986724853516,0.07524893432855606
YOL005C,YPL137C,0,-0.55310893,0.3667861521244049,0.43669986724853516,0.07539118081331253
YBR132C,YER124C,0,-0.55311286,0.3663484454154968,0.43669986724853516,0.075533427298069
YGL018C,YCR088W,0,-0.55476236,0.3659118115901947,0.43669986724853516,0.07567567378282547
YLR276C,YER161C,0,-0.55535465,0.36547619104385376,0.43669986724853516,0.07581792026758194
YCR028C-A,YML111W,0,-0.5555563,0.3650416135787964,0.43669986724853516,0.075960174202919
YOR260W,YNL062C,1,-0.5559818,0.36579573154449463,0.43812233209609985,0.075960174202919
YLR249W,YCL064C,0,-0.55644596,0.3653618097305298,0.43812233209609985,0.07610242068767548
YKL216W,YKL114C,0,-0.5571741,0.3649289011955261,0.43812233209609985,0.07624466717243195
YBL074C,YLR283W,0,-0.5579849,0.36449703574180603,0.43812233209609985,0.07638691365718842
YCR058C,YBL024W,0,-0.5590725,0.3640661835670471,0.43812233209609985,0.07652916014194489
YJL151C,YDR368W,0,-0.55952495,0.3636363744735718,0.43812233209609985,0.07667140662670135
YLR037C,YOR306C,0,-0.5612287,0.36320754885673523,0.43812233209609985,0.07681365311145782
YGL027C,YHR143W,0,-0.5613882,0.36277973651885986,0.43812233209609985,0.0769558995962143
YAL012W,YIR013C,0,-0.5620661,0.3623529374599457,0.43812233209609985,0.07709815353155136
YPL066W,YCR021C,0,-0.5621531,0.3619271516799927,0.43812233209609985,0.07724040001630783
YER091C,YGR257C,0,-0.5633377,0.36150234937667847,0.43812233209609985,0.0773826465010643
YMR081C,YDR003W,0,-0.56354165,0.36107856035232544,0.43812233209609985,0.07752489298582077
YDR234W,YHR021C,0,-0.56408215,0.3606557250022888,0.43812233209609985,0.07766713947057724
YDL136W,YDR020C,0,-0.5645507,0.36023393273353577,0.43812233209609985,0.07780938595533371
YGL179C,YCR033W,0,-0.56460756,0.3598130941390991,0.43812233209609985,0.07795163244009018
YGR240C,YIL111W,0,-0.5653032,0.35939323902130127,0.43812233209609985,0.07809388637542725
YBR055C,YEL042W,0,-0.5653115,0.3589743673801422,0.43812233209609985,0.07823613286018372
YBL027W,YKL222C,0,-0.5657706,0.35855644941329956,0.43812233209609985,0.07837837934494019
YLL005C,YDR380W,0,-0.56614834,0.3581395447254181,0.43812233209609985,0.07852062582969666
YDR398W,YLR413W,0,-0.5670047,0.35772356390953064,0.43812233209609985,0.07866287231445312
YBR079C,YNL244C,1,-0.56844544,0.3584686815738678,0.43954479694366455,0.07866287231445312
YCL069W,YBL087C,0,-0.57188934,0.3580532968044281,0.43954479694366455,0.0788051187992096
YMR291W,YIL044C,0,-0.5723474,0.3576388955116272,0.43954479694366455,0.07894736528396606
YDR079C-A,YMR256C,0,-0.5724199,0.3572254478931427,0.43954479694366455,0.07908961921930313
YPL088W,YCL067C,0,-0.5725728,0.3568129241466522,0.43954479694366455,0.0792318657040596
YOL121C,YLL050C,0,-0.5733064,0.35640138387680054,0.43954479694366455,0.07937411218881607
YNL062C,YEL034W,1,-0.57363194,0.3571428656578064,0.44096729159355164,0.07937411218881607
YHR215W,YFL031W,0,-0.57369554,0.3567318618297577,0.44096729159355164,0.07951635867357254
YNR049C,YBR211C,0,-0.5748538,0.3563218414783478,0.44096729159355164,0.07965860515832901
YNR069C,YKL146W,0,-0.5762037,0.3559127449989319,0.44096729159355164,0.07980085164308548
YBR079C,YMR282C,1,-0.57635903,0.3566513657569885,0.44238975644111633,0.07980085164308548
YER094C,YGL226W,0,-0.5770708,0.356242835521698,0.44238975644111633,0.07994309812784195
YHR035W,YLR075W,0,-0.5776847,0.3558352291584015,0.44238975644111633,0.08008535206317902
YBL016W,YBR114W,0,-0.5776931,0.3554285764694214,0.44238975644111633,0.08022759854793549
YHL003C,YFL047W,0,-0.5780883,0.3550228178501129,0.44238975644111633,0.08036984503269196
YCR031C,YHR110W,0,-0.5787341,0.35461801290512085,0.44238975644111633,0.08051209151744843
YOR011W,YHR088W,0,-0.5787747,0.3542141318321228,0.44238975644111633,0.0806543380022049
YJL052W,YML072C,0,-0.57899696,0.3538111448287964,0.44238975644111633,0.08079658448696136
YCL030C,YBR302C,0,-0.5791656,0.353409081697464,0.44238975644111633,0.08093883097171783
YMR302C,YKL148C,0,-0.5800638,0.3530079424381256,0.44238975644111633,0.0810810774564743
YDR363W-A,YGL232W,0,-0.58012086,0.35260769724845886,0.44238975644111633,0.08122333139181137
YOL139C,YGR054W,1,-0.58029383,0.35334089398384094,0.44381222128868103,0.08122333139181137
YER126C,YBR122C,0,-0.5805426,0.3529411852359772,0.44381222128868103,0.08136557787656784
YOR096W,YCR037C,0,-0.581728,0.35254237055778503,0.44381222128868103,0.08150782436132431
YPR016C,YML091C,0,-0.58187085,0.3521444797515869,0.44381222128868103,0.08165007084608078
YNL209W,YMR070W,0,-0.5823265,0.35174745321273804,0.44381222128868103,0.08179231733083725
YCR068W,YBL064C,0,-0.5829141,0.3513513505458832,0.44381222128868103,0.08193456381559372
YBR132C,YPR199C,0,-0.5835971,0.35095614194869995,0.44381222128868103,0.08207681030035019
YHR013C,YKR025W,0,-0.58366084,0.35056179761886597,0.44381222128868103,0.08221906423568726
YFL008W,YKR094C,0,-0.5840983,0.3501683473587036,0.44381222128868103,0.08236131072044373
YCL064C,YPL075W,0,-0.5845766,0.3497757911682129,0.44381222128868103,0.0825035572052002
YOR361C,YMR282C,1,-0.58505154,0.35050392150878906,0.4452347159385681,0.0825035572052002
YDL049C,YER091C,0,-0.5853396,0.35011184215545654,0.4452347159385681,0.08264580368995667
YKL088W,YBL075C,0,-0.58539,0.34972065687179565,0.4452347159385681,0.08278805017471313
YOL128C,YPR128C,0,-0.58628213,0.3493303656578064,0.4452347159385681,0.0829302966594696
YBR122C,YKR081C,0,-0.5869641,0.348940908908844,0.4452347159385681,0.08307254314422607
YER129W,YHR193C,0,-0.5877374,0.3485523462295532,0.4452347159385681,0.08321479707956314
YDL236W,YNR054C,0,-0.5880485,0.3481646180152893,0.4452347159385681,0.08335704356431961
YDR252W,YER122C,0,-0.5882268,0.347777783870697,0.4452347159385681,0.08349929004907608
YGR162W,YEL034W,1,-0.5883941,0.34850165247917175,0.4466571807861328,0.08349929004907608
YFL002C,YBL016W,0,-0.5884398,0.34811529517173767,0.4466571807861328,0.08364153653383255
YPL130W,YLR048W,0,-0.5887522,0.34772980213165283,0.4466571807861328,0.08378378301858902
YER025W,YMR282C,1,-0.58895415,0.34845131635665894,0.4480796456336975,0.08378378301858902
YHL033C,YGL047W,0,-0.589762,0.3480663001537323,0.4480796456336975,0.08392602950334549
YDR176W,YMR242C,0,-0.59004503,0.3476821184158325,0.4480796456336975,0.08406827598810196
YLR178C,YPL280W,0,-0.5900965,0.347298800945282,0.4480796456336975,0.08421052992343903
YAL012W,YGL047W,0,-0.5913577,0.3469162881374359,0.4480796456336975,0.0843527764081955
YOR224C,YGR206W,0,-0.5913776,0.3465346395969391,0.4480796456336975,0.08449502289295197
YFL039C,YNL329C,0,-0.5917972,0.3461538553237915,0.4480796456336975,0.08463726937770844
YBR035C,YHR045W,0,-0.5918614,0.3457738757133484,0.4480796456336975,0.0847795158624649
YKR059W,YGR054W,1,-0.5923998,0.3464912176132202,0.4495021402835846,0.0847795158624649
YCR003W,YDL153C,0,-0.5924957,0.3461117148399353,0.4495021402835846,0.08492176234722137
YDR025W,YML027W,0,-0.59266853,0.34573304653167725,0.4495021402835846,0.08506400883197784
YOL023W,YOR361C,1,-0.59308994,0.3464480936527252,0.4509246051311493,0.08506400883197784
YGR129W,YDR153C,0,-0.5932925,0.346069872379303,0.4509246051311493,0.08520625531673431
YCR077C,YNL007C,1,-0.5942566,0.34678298234939575,0.452347069978714,0.08520625531673431
YHL001W,YOL140W,0,-0.5945125,0.3464052379131317,0.452347069978714,0.08534850925207138
YGL224C,YGR061C,0,-0.5946241,0.34602829813957214,0.452347069978714,0.08549075573682785
YLR240W,YHR112C,0,-0.5951693,0.34565216302871704,0.452347069978714,0.08563300222158432
YNR037C,YDR165W,0,-0.5952516,0.3452768623828888,0.452347069978714,0.08577524870634079
YLR147C,YKL211C,0,-0.5959418,0.3449023962020874,0.452347069978714,0.08591749519109726
YBL090W,YMR012W,1,-0.59594274,0.34561213850975037,0.4537695646286011,0.08591749519109726
YHR094C,YBR229C,0,-0.5961204,0.3452380895614624,0.4537695646286011,0.08605974167585373
YAL035W,YEL034W,1,-0.59633905,0.34594595432281494,0.45519202947616577,0.08605974167585373
YOL123W,YBR208C,0,-0.5972012,0.3455723524093628,0.45519202947616577,0.0862019881606102
YKR099W,YPL019C,0,-0.5975986,0.3451995551586151,0.45519202947616577,0.08634424209594727
YOR361C,YEL034W,1,-0.5978816,0.3459051847457886,0.45661452412605286,0.08634424209594727
YKR059W,YEL034W,1,-0.59793764,0.3466092646121979,0.45803698897361755,0.08634424209594727
YCL064C,YPR068C,0,-0.59845716,0.34623655676841736,0.45803698897361755,0.08648648858070374
YDR297W,YGL255W,0,-0.59955615,0.3458646535873413,0.45803698897361755,0.0866287350654602
YMR266W,YOR144C,0,-0.60034215,0.3454935550689697,0.45803698897361755,0.08677098155021667
YGL021W,YPR101W,0,-0.6008282,0.3451232612133026,0.45803698897361755,0.08691322803497314
YGR082W,YGR220C,0,-0.60141665,0.3447537422180176,0.45803698897361755,0.08705547451972961
YDR234W,YMR149W,0,-0.6021005,0.344385027885437,0.45803698897361755,0.08719772100448608
YLR056W,YDL122W,0,-0.60238314,0.3440170884132385,0.45803698897361755,0.08733997493982315
YDR117C,YNL062C,1,-0.6027391,0.3447171747684479,0.45945945382118225,0.08733997493982315
YMR165C,YIL087C,0,-0.6037008,0.3443496823310852,0.45945945382118225,0.08748222142457962
YMR266W,YKR081C,0,-0.60414153,0.3439829647541046,0.45945945382118225,0.08762446790933609
YBR131W,YPR065W,0,-0.60437113,0.3436170220375061,0.45945945382118225,0.08776671439409256
YIL145C,YGR184C,0,-0.60450023,0.3432518541812897,0.45945945382118225,0.08790896087884903
YGL124C,YGR244C,0,-0.6048171,0.3428874611854553,0.45945945382118225,0.0880512073636055
YKL056C,YLR158C,0,-0.6049091,0.34252387285232544,0.45945945382118225,0.08819345384836197
YBR286W,YGR289C,0,-0.60496604,0.34216102957725525,0.45945945382118225,0.08833570778369904
YOR361C,YGR054W,1,-0.60509056,0.34285715222358704,0.46088194847106934,0.08833570778369904
YCR017C,YCL059C,0,-0.60526466,0.3424947261810303,0.46088194847106934,0.0884779542684555
YOR217W,YCL064C,0,-0.605461,0.3421330451965332,0.46088194847106934,0.08862020075321198
YGR162W,YCR077C,1,-0.6072286,0.3428269922733307,0.46230441331863403,0.08862020075321198
YDR531W,YIL122W,0,-0.6082112,0.34246575832366943,0.46230441331863403,0.08876244723796844
YLL031C,YLR390W-A,0,-0.6084301,0.34210526943206787,0.46230441331863403,0.08890469372272491
YNL188W,YCR035C,0,-0.6094175,0.341745525598526,0.46230441331863403,0.08904694020748138
YHL001W,YLR079W,0,-0.6094321,0.3413865566253662,0.46230441331863403,0.08918918669223785
YPL215W,YLR467W,0,-0.60946226,0.3410283327102661,0.46230441331863403,0.08933143317699432
YDR481C,YJL093C,0,-0.6095835,0.3406708538532257,0.46230441331863403,0.08947368711233139
YNL305C,YFL041W,0,-0.61005306,0.3403141498565674,0.46230441331863403,0.08961593359708786
YKL129C,YHR104W,0,-0.6100759,0.33995816111564636,0.46230441331863403,0.08975818008184433
YKR024C,YDR050C,0,-0.6105777,0.33960291743278503,0.46230441331863403,0.0899004265666008
YPL237W,YMR282C,1,-0.6111703,0.3402922749519348,0.46372687816619873,0.0899004265666008
YLR355C,YEL044W,0,-0.6112173,0.3399374485015869,0.46372687816619873,0.09004267305135727
YGR161C,YNL066W,0,-0.6113347,0.3395833373069763,0.46372687816619873,0.09018491953611374
YDR372C,YMR316W,0,-0.6114719,0.3392299711704254,0.46372687816619873,0.09032716602087021
YLR074C,YNL024C,0,-0.6115307,0.3388773500919342,0.46372687816619873,0.09046941995620728
YBR060C,YHR183W,0,-0.61174375,0.3385254442691803,0.46372687816619873,0.09061166644096375
YPR033C,YHR152W,0,-0.6118536,0.3381742835044861,0.46372687816619873,0.09075391292572021
YGL107C,YNL244C,1,-0.61273503,0.33886009454727173,0.4651493728160858,0.09075391292572021
YMR202W,YKL209C,0,-0.6141751,0.33850932121276855,0.4651493728160858,0.09089615941047668
YPR184W,YCR102C,0,-0.61434954,0.3381592631340027,0.4651493728160858,0.09103840589523315
YBL106C,YCR047C,0,-0.614414,0.3378099203109741,0.4651493728160858,0.09118065237998962
YGL055W,YPL226W,0,-0.61459726,0.33746129274368286,0.4651493728160858,0.0913228988647461
YPL079W,YJL118W,0,-0.6150728,0.3371134102344513,0.4651493728160858,0.09146515280008316
YLR357W,YDR225W,0,-0.6161457,0.33676621317863464,0.4651493728160858,0.09160739928483963
YOL120C,YEL059C-A,0,-0.6164002,0.3364197611808777,0.4651493728160858,0.0917496457695961
YBR018C,YHL024W,0,-0.6167583,0.33607399463653564,0.4651493728160858,0.09189189225435257
YJR097W,YBR265W,0,-0.61683553,0.3357289433479309,0.4651493728160858,0.09203413873910904
YBL030C,YNL101W,0,-0.61746705,0.3353846073150635,0.4651493728160858,0.09217638522386551
YPL032C,YPL174C,0,-0.6176798,0.33504098653793335,0.4651493728160858,0.09231863170862198
YMR309C,YGR054W,1,-0.618111,0.33572158217430115,0.4665718376636505,0.09231863170862198
YLR378C,YNL065W,0,-0.61863905,0.3353783190250397,0.4665718376636505,0.09246088564395905
YER056C-A,YJR013W,0,-0.6189711,0.3350357413291931,0.4665718376636505,0.09260313212871552
YKL216W,YHR129C,0,-0.61939055,0.33469387888908386,0.4665718376636505,0.09274537861347198
YLR150W,YER153C,1,-0.6198351,0.33537206053733826,0.4679943025112152,0.09274537861347198
YER153C,YMR260C,1,-0.6203044,0.3360488712787628,0.4694167971611023,0.09274537861347198
YML093W,YLR223C,0,-0.62307626,0.33570700883865356,0.4694167971611023,0.09288762509822845
YEL039C,YIL172C,0,-0.6234001,0.3353658616542816,0.4694167971611023,0.09302987158298492
YPL124W,YHL001W,0,-0.62364966,0.3350253701210022,0.4694167971611023,0.0931721180677414
YLR196W,YJR022W,0,-0.6241182,0.3346855938434601,0.4694167971611023,0.09331436455249786
YOL023W,YGR162W,1,-0.6243002,0.335359662771225,0.470839262008667,0.09331436455249786
YOR290C,YKL043W,0,-0.6245408,0.3350202441215515,0.470839262008667,0.09345661103725433
YLR150W,YPL118W,1,-0.6248066,0.3356926143169403,0.4722617268562317,0.09345661103725433
YOR077W,YDR328C,0,-0.6254682,0.3353535234928131,0.4722617268562317,0.0935988649725914
YCR075C,YAL023C,0,-0.6260326,0.3350151479244232,0.4722617268562317,0.09374111145734787
YFR005C,YGL009C,0,-0.6268462,0.33467742800712585,0.4722617268562317,0.09388335794210434
YJR016C,YGR120C,0,-0.6268756,0.3343403935432434,0.4722617268562317,0.09402560442686081
YJR098C,YGL011C,0,-0.62699866,0.3340040147304535,0.4722617268562317,0.09416785091161728
YNL071W,YOR061W,0,-0.6270581,0.3336683511734009,0.4722617268562317,0.09431009739637375
YDR054C,YFL026W,0,-0.6272861,0.3333333432674408,0.4722617268562317,0.09445234388113022
YDL205C,YLR333C,0,-0.627568,0.33299899101257324,0.4722617268562317,0.09459459781646729
YIL125W,YDR406W,0,-0.6281552,0.3326653242111206,0.4722617268562317,0.09473684430122375
YOL017W,YGR271C-A,0,-0.62906104,0.3323323428630829,0.4722617268562317,0.09487909078598022
YBR079C,YPL118W,1,-0.629119,0.3330000042915344,0.4736842215061188,0.09487909078598022
YKR039W,YDR188W,0,-0.6294499,0.3326673209667206,0.4736842215061188,0.0950213372707367
YLR194C,YAL014C,0,-0.6295051,0.33233532309532166,0.4736842215061188,0.09516358375549316
YJL123C,YPL220W,0,-0.6296852,0.33200398087501526,0.4736842215061188,0.09530583024024963
YMR217W,YJL204C,0,-0.6297539,0.3316732943058014,0.4736842215061188,0.0954480767250061
YBL027W,YJR093C,0,-0.6302167,0.33134329319000244,0.4736842215061188,0.09559033066034317
YHR215W,YMR060C,0,-0.6303486,0.33101391792297363,0.4736842215061188,0.09573257714509964
YKL150W,YHR188C,0,-0.63043934,0.33068519830703735,0.4736842215061188,0.09587482362985611
YOL002C,YPL175W,0,-0.63058,0.3303571343421936,0.4736842215061188,0.09601707011461258
YHR104W,YMR197C,0,-0.63096863,0.3300297260284424,0.4736842215061188,0.09615931659936905
YOL023W,YMR260C,1,-0.6309784,0.3306930661201477,0.47510668635368347,0.09615931659936905
YPL210C,YCR016W,0,-0.6310317,0.33036598563194275,0.47510668635368347,0.09630156308412552
YGL049C,YNL007C,1,-0.63120115,0.33102765679359436,0.47652915120124817,0.09630156308412552
YDR338C,YER094C,0,-0.6314134,0.3307008743286133,0.47652915120124817,0.09644380956888199
YBR041W,YLL024C,0,-0.63161653,0.33037474751472473,0.47652915120124817,0.09658605605363846
YBR135W,YOR197W,0,-0.6316914,0.3300492465496063,0.47652915120124817,0.09672830998897552
YER164W,YBR049C,0,-0.6323454,0.32972440123558044,0.47652915120124817,0.096870556473732
YIL125W,YGL187C,0,-0.6331486,0.3294001817703247,0.47652915120124817,0.09701280295848846
YJL002C,YFL052W,0,-0.6332024,0.3290766179561615,0.47652915120124817,0.09715504944324493
YPR022C,YNR075W,0,-0.6333742,0.32875367999076843,0.47652915120124817,0.0972972959280014
YDR147W,YDR007W,0,-0.6341583,0.3284313678741455,0.47652915120124817,0.09743954241275787
YDR117C,YNL007C,1,-0.63421315,0.32908913493156433,0.47795164585113525,0.09743954241275787
YDR117C,YEL034W,1,-0.6345618,0.3297455906867981,0.47937411069869995,0.09743954241275787
YCR028C-A,YIL023C,0,-0.634589,0.32942327857017517,0.47937411069869995,0.09758178889751434
YOR045W,YNL188W,0,-0.63528043,0.3291015625,0.47937411069869995,0.09772404283285141
YCR105W,YJL164C,0,-0.6367944,0.32878050208091736,0.47937411069869995,0.09786628931760788
YNL164C,YBR291C,0,-0.6368461,0.32846003770828247,0.47937411069869995,0.09800853580236435
YPL118W,YMR260C,1,-0.63694984,0.3291139304637909,0.48079657554626465,0.09800853580236435
YBR191W,YGR094W,0,-0.6369904,0.3287937641143799,0.48079657554626465,0.09815078228712082
YGR178C,YCL010C,0,-0.6373002,0.3284742534160614,0.48079657554626465,0.09829302877187729
YIL096C,YIL074C,0,-0.63730603,0.3281553387641907,0.48079657554626465,0.09843527525663376
YNL048W,YJL111W,0,-0.6377423,0.3278370499610901,0.48079657554626465,0.09857752174139023
YML060W,YER122C,0,-0.6379407,0.32751938700675964,0.48079657554626465,0.0987197756767273
YJL012C,YDL155W,0,-0.6382536,0.32720232009887695,0.48079657554626465,0.09886202216148376
YJL138C,YER153C,1,-0.63834804,0.3278529942035675,0.48221907019615173,0.09886202216148376
YGR074W,YDR519W,0,-0.6390024,0.3275362253189087,0.48221907019615173,0.09900426864624023
YCR063W,YKL054C,0,-0.63941145,0.32722008228302,0.48221907019615173,0.0991465151309967
YDR529C,YJL160C,0,-0.6396865,0.3269045352935791,0.48221907019615173,0.09928876161575317
YCR034W,YOR334W,0,-0.6397429,0.32658958435058594,0.48221907019615173,0.09943100810050964
YOR065W,YLR439W,0,-0.6397606,0.3262752592563629,0.48221907019615173,0.09957325458526611
YKL048C,YIL051C,0,-0.6397764,0.32596153020858765,0.48221907019615173,0.09971550852060318
YNL308C,YGR296W,0,-0.63982743,0.3256484270095825,0.48221907019615173,0.09985775500535965
YDR447C,YPL153C,0,-0.640173,0.32533589005470276,0.48221907019615173,0.10000000149011612
YNL062C,YGL107C,1,-0.64022297,0.3259827494621277,0.48364153504371643,0.10000000149011612
YLR150W,YMR282C,1,-0.6404476,0.32662835717201233,0.48506399989128113,0.10000000149011612
YDR372C,YLR342W,0,-0.640765,0.3263157904148102,0.48506399989128113,0.10014224797487259
YJL122W,YLL018C,0,-0.6408826,0.3260038197040558,0.48506399989128113,0.10028449445962906
YER155C,YLR441C,0,-0.6414085,0.32569244503974915,0.48506399989128113,0.10042674094438553
YDR197W,YOL122C,0,-0.64151853,0.32538166642189026,0.48506399989128113,0.100568987429142
YNL217W,YML064C,0,-0.64180964,0.3250714838504791,0.48506399989128113,0.10071123391389847
YGR092W,YPL123C,0,-0.64185035,0.32476189732551575,0.48506399989128113,0.10085348784923553
YML078W,YDR116C,0,-0.64217687,0.3244529068470001,0.48506399989128113,0.100995734333992
YIL101C,YBL099W,0,-0.64305484,0.32414448261260986,0.48506399989128113,0.10113798081874847
YLR284C,YLR054C,0,-0.64340997,0.32383665442466736,0.48506399989128113,0.10128022730350494
YGL031C,YML069W,0,-0.64374244,0.3235294222831726,0.48506399989128113,0.10142247378826141
YCR043C,YER102W,0,-0.64379245,0.3232227563858032,0.48506399989128113,0.10156472027301788
YGL184C,YDL212W,0,-0.6438554,0.3229166567325592,0.48506399989128113,0.10170696675777435
YJR088C,YMR122W-A,0,-0.64461637,0.32261115312576294,0.48506399989128113,0.10184922069311142
YFL026W,YPR023C,0,-0.6451454,0.32230624556541443,0.48506399989128113,0.10199146717786789
YLR017W,YNL323W,0,-0.6454686,0.3220018744468689,0.48506399989128113,0.10213371366262436
YPL158C,YLR075W,0,-0.6457932,0.3216980993747711,0.48506399989128113,0.10227596014738083
YHR063C,YIR008C,0,-0.6462329,0.3213949203491211,0.48506399989128113,0.1024182066321373
YNL279W,YNR016C,0,-0.6466529,0.32109227776527405,0.48506399989128113,0.10256045311689377
YAL035W,YGR054W,1,-0.64742893,0.32173094153404236,0.4864864945411682,0.10256045311689377
YOR234C,YKR027W,0,-0.6475091,0.3214285671710968,0.4864864945411682,0.10270269960165024
YJR041C,YIL130W,0,-0.64754605,0.3211267590522766,0.4864864945411682,0.1028449535369873
YOL023W,YKR059W,1,-0.64791185,0.3217636048793793,0.4879089593887329,0.1028449535369873
YGR287C,YBL084C,0,-0.64820254,0.3214620351791382,0.4879089593887329,0.10298720002174377
YBR297W,YLR023C,0,-0.64833385,0.32116106152534485,0.4879089593887329,0.10312944650650024
YIL016W,YIR021W,0,-0.6484544,0.3208606243133545,0.4879089593887329,0.10327169299125671
YIL171W,YOR228C,0,-0.6484725,0.3205607533454895,0.4879089593887329,0.10341393947601318
YGL021W,YBR156C,0,-0.64943504,0.3202614486217499,0.4879089593887329,0.10355618596076965
YBL038W,YGR181W,0,-0.64963025,0.31996268033981323,0.4879089593887329,0.10369843244552612
YPR079W,YPL019C,0,-0.6497123,0.31966447830200195,0.4879089593887329,0.10384068638086319
YGR088W,YHR086W,0,-0.650461,0.31936684250831604,0.4879089593887329,0.10398293286561966
YER071C,YOR080W,0,-0.65072376,0.3190697729587555,0.4879089593887329,0.10412517935037613
YNL244C,YJR047C,1,-0.6518109,0.3197025954723358,0.4893314242362976,0.10412517935037613
YCR077C,YOR361C,1,-0.65187377,0.320334255695343,0.4907539188861847,0.10412517935037613
YAL068C,YBR231C,0,-0.65189356,0.3200370967388153,0.4907539188861847,0.1042674258351326
YMR208W,YPR174C,0,-0.6521606,0.31974050402641296,0.4907539188861847,0.10440967231988907
YNL311C,YIL117C,0,-0.6525514,0.3194444477558136,0.4907539188861847,0.10455191880464554
YDR005C,YNL015W,0,-0.65292823,0.3191489279270172,0.4907539188861847,0.10469416528940201
YCL011C,YER122C,0,-0.6541626,0.3188539743423462,0.4907539188861847,0.10483641177415848
YER038C,YBR083W,0,-0.65421677,0.31855955719947815,0.4907539188861847,0.10497866570949554
YDL204W,YLR356W,0,-0.6543362,0.3182656764984131,0.4907539188861847,0.10512091219425201
YHR021C,YDL093W,0,-0.6546524,0.3179723620414734,0.4907539188861847,0.10526315867900848
YJL046W,YMR122W-A,0,-0.65470743,0.3176795542240143,0.4907539188861847,0.10540540516376495
YMR247C,YBL042C,0,-0.6548662,0.31738731265068054,0.4907539188861847,0.10554765164852142
YIL105C,YIL111W,0,-0.6551437,0.3170955777168274,0.4907539188861847,0.1056898981332779
YHR018C,YMR104C,0,-0.6571361,0.3168044090270996,0.4907539188861847,0.10583214461803436
YBL087C,YGR165W,0,-0.65760714,0.3165137469768524,0.4907539188861847,0.10597439855337143
YHR045W,YLR038C,0,-0.65810174,0.3162236511707306,0.4907539188861847,0.1061166450381279
YHR076W,YNL066W,0,-0.6583746,0.31593406200408936,0.4907539188861847,0.10625889152288437
YKL114C,YGL085W,0,-0.65857893,0.3156450092792511,0.4907539188861847,0.10640113800764084
YNL326C,YPR016C,0,-0.65860826,0.3153564929962158,0.4907539188861847,0.10654338449239731
YBR268W,YER082C,0,-0.6597069,0.31506848335266113,0.4907539188861847,0.10668563097715378
YMR297W,YKL109W,0,-0.6607301,0.3147810101509094,0.4907539188861847,0.10682787746191025
YBL090W,YAL035W,1,-0.66156864,0.31540563702583313,0.4921763837337494,0.10682787746191025
YFL062W,YDL025C,0,-0.661571,0.3151184022426605,0.4921763837337494,0.10697013139724731
YEL011W,YDL210W,0,-0.6617165,0.3148316740989685,0.4921763837337494,0.10711237788200378
YBR253W,YGR124W,0,-0.66239256,0.3145454525947571,0.4921763837337494,0.10725462436676025
YBR068C,YGL065C,0,-0.6629381,0.31425976753234863,0.4921763837337494,0.10739687085151672
YHR107C,YPR100W,0,-0.663451,0.3139745891094208,0.4921763837337494,0.1075391173362732
YDR091C,YCR077C,1,-0.6635224,0.314596563577652,0.4935988485813141,0.1075391173362732
YPL118W,YOR361C,1,-0.6639873,0.31521740555763245,0.49502134323120117,0.1075391173362732
YHR020W,YKL155C,0,-0.66406596,0.3149321377277374,0.49502134323120117,0.10768136382102966
YOL012C,YDR441C,0,-0.6643963,0.314647376537323,0.49502134323120117,0.10782361030578613
YLR343W,YER167W,0,-0.66488945,0.31436315178871155,0.49502134323120117,0.1079658642411232
YFR006W,YOR267C,0,-0.66490966,0.3140794336795807,0.49502134323120117,0.10810811072587967
YEL001C,YER108C,0,-0.66527516,0.3137962222099304,0.49502134323120117,0.10825035721063614
YCR077C,YJL138C,1,-0.66527647,0.3144144117832184,0.49644380807876587,0.10825035721063614
YER180C,YNL199C,0,-0.6655537,0.31413140892982483,0.49644380807876587,0.10839260369539261
YCL017C,YDL213C,0,-0.66594136,0.31384891271591187,0.49644380807876587,0.10853485018014908
YHR001W-A,YBR092C,0,-0.6660334,0.3135669231414795,0.49644380807876587,0.10867709666490555
YOL071W,YGL038C,0,-0.6665306,0.3132854700088501,0.49644380807876587,0.10881934314966202
YER025W,YJR047C,1,-0.6669035,0.3139013350009918,0.49786627292633057,0.10881934314966202
YJR109C,YKL060C,0,-0.6669109,0.31362006068229675,0.49786627292633057,0.10896158963441849
YNR073C,YPL059W,0,-0.6670291,0.3133392930030823,0.49786627292633057,0.10910384356975555
YDR325W,YCL059C,0,-0.6672745,0.3130590319633484,0.49786627292633057,0.10924609005451202
YOR389W,YBR135W,0,-0.6673801,0.3127792775630951,0.49786627292633057,0.1093883365392685
YML055W,YMR244C-A,0,-0.66753316,0.3125,0.49786627292633057,0.10953058302402496
YJL203W,YEL051W,0,-0.6678738,0.3122212290763855,0.49786627292633057,0.10967282950878143
YIR017C,YBL005W,0,-0.66804,0.3119429647922516,0.49786627292633057,0.1098150759935379
YPR201W,YPL048W,0,-0.6681811,0.3116651773452759,0.49786627292633057,0.10995732247829437
YBR078W,YGL201C,0,-0.66889095,0.31138789653778076,0.49786627292633057,0.11009957641363144
YGL167C,YOR224C,0,-0.6693676,0.31111112236976624,0.49786627292633057,0.11024182289838791
YHR128W,YKR042W,0,-0.6696835,0.3108348250389099,0.49786627292633057,0.11038406938314438
YNL244C,YGR054W,1,-0.6697125,0.31144630908966064,0.49928876757621765,0.11038406938314438
YFL037W,YKL054C,0,-0.6697858,0.31117022037506104,0.49928876757621765,0.11052631586790085
YER126C,YPL248C,0,-0.6701371,0.31089460849761963,0.49928876757621765,0.11066856235265732
YER065C,YGL157W,0,-0.671105,0.3106194734573364,0.49928876757621765,0.11081080883741379
YGR192C,YJR094W-A,0,-0.67115885,0.3103448152542114,0.49928876757621765,0.11095305532217026
YML031W,YDR188W,0,-0.6711921,0.310070663690567,0.49928876757621765,0.11109530925750732
YBR034C,YIL044C,0,-0.6712274,0.3097969889640808,0.49928876757621765,0.1112375557422638
YGR189C,YHR171W,0,-0.6712506,0.3095238208770752,0.49928876757621765,0.11137980222702026
YPR132W,YLR385C,0,-0.6714609,0.3092510998249054,0.49928876757621765,0.11152204871177673
YMR281W,YIL114C,0,-0.6721299,0.3089788854122162,0.49928876757621765,0.1116642951965332
YLR337C,YKL060C,0,-0.67235285,0.3087071180343628,0.49928876757621765,0.11180654168128967
YOR361C,YBL013W,1,-0.6740516,0.3093145787715912,0.5007112622261047,0.11180654168128967
YMR232W,YKL163W,0,-0.6741136,0.3090430200099945,0.5007112622261047,0.11194878816604614
YML046W,YIL044C,0,-0.6749788,0.30877193808555603,0.5007112622261047,0.11209104210138321
YHR045W,YHR201C,0,-0.6751714,0.30850130319595337,0.5007112622261047,0.11223328858613968
YDL010W,YMR122W-A,0,-0.6753471,0.3082311749458313,0.5007112622261047,0.11237553507089615
YDL207W,YGR279C,0,-0.67639846,0.30796149373054504,0.5007112622261047,0.11251778155565262
YHR021C,YPL202C,0,-0.6769592,0.3076923191547394,0.5007112622261047,0.11266002804040909
YMR161W,YDL017W,0,-0.677388,0.30742359161376953,0.5007112622261047,0.11280227452516556
YNL031C,YLR418C,0,-0.6774737,0.3071553111076355,0.5007112622261047,0.11294452100992203
YNL188W,YOR048C,0,-0.6775112,0.30688753724098206,0.5007112622261047,0.1130867674946785
YPL032C,YJL002C,0,-0.67773026,0.30662021040916443,0.5007112622261047,0.11322902143001556
YKR013W,YNL336W,0,-0.677784,0.306353360414505,0.5007112622261047,0.11337126791477203
YLR249W,YIL114C,0,-0.6782854,0.3060869574546814,0.5007112622261047,0.1135135143995285
YEL016C,YDR363W-A,0,-0.6784554,0.305821031332016,0.5007112622261047,0.11365576088428497
YPL023C,YDL014W,0,-0.67858756,0.3055555522441864,0.5007112622261047,0.11379800736904144
YKL029C,YPR007C,0,-0.67875063,0.305290549993515,0.5007112622261047,0.11394025385379791
YMR012W,YBL013W,1,-0.67953837,0.30589255690574646,0.5021337270736694,0.11394025385379791
YBL027W,YML025C,0,-0.6795732,0.305627703666687,0.5021337270736694,0.11408250033855438
YDL093W,YGR123C,0,-0.6799113,0.30536332726478577,0.5021337270736694,0.11422475427389145
YPR145W,YCR036W,0,-0.68029994,0.30509939789772034,0.5021337270736694,0.11436700075864792
YBR191W,YPR057W,0,-0.6804854,0.3048359155654907,0.5021337270736694,0.11450924724340439
YPL088W,YBR210W,0,-0.6815098,0.3045729100704193,0.5021337270736694,0.11465149372816086
YPR058W,YPR048W,0,-0.6816146,0.3043103516101837,0.5021337270736694,0.11479374021291733
YLR259C,YDR338C,0,-0.68190175,0.30404824018478394,0.5021337270736694,0.1149359866976738
YNL217W,YBR188C,0,-0.68212086,0.30378657579421997,0.5021337270736694,0.11507823318243027
YDR046C,YAL005C,0,-0.6829012,0.3035253584384918,0.5021337270736694,0.11522048711776733
YGL189C,YLR013W,0,-0.68345356,0.3032646179199219,0.5021337270736694,0.1153627336025238
YGL173C,YGL205W,0,-0.6836487,0.30300429463386536,0.5021337270736694,0.11550498008728027
YCR021C,YPR021C,0,-0.68404424,0.30274441838264465,0.5021337270736694,0.11564722657203674
YDR387C,YLR450W,0,-0.684998,0.30248501896858215,0.5021337270736694,0.11578947305679321
YHR096C,YFL018C,0,-0.6852685,0.3022260367870331,0.5021337270736694,0.11593171954154968
YOL023W,YGL107C,1,-0.6861368,0.30282291769981384,0.5035561919212341,0.11593171954154968
YDR225W,YML015C,0,-0.68639004,0.3025641143321991,0.5035561919212341,0.11607396602630615
YER038C,YJR098C,0,-0.68690795,0.3023057281970978,0.5035561919212341,0.11621621251106262
YMR243C,YBR268W,0,-0.6870079,0.3020477890968323,0.5035561919212341,0.11635846644639969
YOL127W,YPL046C,0,-0.6876766,0.3017902672290802,0.5035561919212341,0.11650071293115616
YGL049C,YMR012W,1,-0.6878877,0.30238500237464905,0.5049786567687988,0.11650071293115616
YAL002W,YKL134C,0,-0.6888807,0.3021276593208313,0.5049786567687988,0.11664295941591263
YKL185W,YGL029W,0,-0.6891634,0.301870733499527,0.5049786567687988,0.1167852059006691
YHR083W,YNL327W,0,-0.6894965,0.30161428451538086,0.5049786567687988,0.11692745238542557
YPL118W,YGL107C,1,-0.68988544,0.3022071421146393,0.5064011216163635,0.11692745238542557
YFR015C,YJR016C,0,-0.6898922,0.3019508123397827,0.5064011216163635,0.11706969887018204
YJL143W,YGL012W,0,-0.6899188,0.30169492959976196,0.5064011216163635,0.11721194535493851
YMR237W,YDL204W,0,-0.68996,0.30143946409225464,0.5064011216163635,0.11735419929027557
YHR142W,YIR002C,0,-0.69005173,0.30118444561958313,0.5064011216163635,0.11749644577503204
YLR205C,YNL220W,0,-0.69066125,0.30092984437942505,0.5064011216163635,0.11763869225978851
YDL243C,YDR313C,0,-0.69115096,0.3006756901741028,0.5064011216163635,0.11778093874454498
YPL138C,YMR017W,0,-0.69119805,0.30042195320129395,0.5064011216163635,0.11792318522930145
YBR233W-A,YLR167W,0,-0.69142514,0.30016863346099854,0.5064011216163635,0.11806543171405792
YJR014W,YPR086W,1,-0.69165164,0.3007582128047943,0.5078235864639282,0.11806543171405792
YKL045W,YDL095W,0,-0.69177705,0.30050504207611084,0.5078235864639282,0.11820767819881439
YCR031C,YDR073W,0,-0.6922031,0.3002523183822632,0.5078235864639282,0.11834993213415146
YPR025C,YNL007C,1,-0.69222516,0.3008403480052948,0.5092461109161377,0.11834993213415146
YMR110C,YHR114W,0,-0.6928267,0.3005877435207367,0.5092461109161377,0.11849217861890793
YBR212W,YDR456W,0,-0.6928752,0.300335556268692,0.5092461109161377,0.1186344251036644
YJL137C,YER099C,0,-0.69348145,0.30008381605148315,0.5092461109161377,0.11877667158842087
YPL176C,YPL265W,0,-0.69420725,0.2998324930667877,0.5092461109161377,0.11891891807317734
YKL056C,YGR001C,0,-0.69432276,0.2995815873146057,0.5092461109161377,0.11906116455793381
YHR099W,YBR039W,0,-0.69457865,0.29933109879493713,0.5092461109161377,0.11920341104269028
YDR381W,YDL113C,0,-0.6949173,0.299081027507782,0.5092461109161377,0.11934566497802734
YML031W,YJL148W,0,-0.6952418,0.29883137345314026,0.5092461109161377,0.11948791146278381
YGL107C,YAL035W,1,-0.6952508,0.299416184425354,0.5106685757637024,0.11948791146278381
YPR041W,YGR054W,1,-0.6954784,0.30000001192092896,0.5120910406112671,0.11948791146278381
YFL002C,YOL002C,0,-0.69558734,0.2997502088546753,0.5120910406112671,0.11963015794754028
YOR201C,YGR017W,0,-0.69567597,0.29950082302093506,0.5120910406112671,0.11977240443229675
YNL137C,YLR002C,0,-0.69576764,0.29925188422203064,0.5120910406112671,0.11991465091705322
YMR170C,YBR127C,0,-0.6959619,0.29900333285331726,0.5120910406112671,0.12005689740180969
YMR012W,YGR054W,1,-0.6959881,0.2995850741863251,0.5135135054588318,0.12005689740180969
YBR089C-A,YPL234C,0,-0.6960529,0.29933664202690125,0.5135135054588318,0.12019914388656616
YPR097W,YNL188W,0,-0.69625473,0.29908865690231323,0.5135135054588318,0.12034139037132263
YDL066W,YML031W,0,-0.6964717,0.29884105920791626,0.5135135054588318,0.1204836443066597
YDL067C,YGR158C,0,-0.6965252,0.2985938787460327,0.5135135054588318,0.12062589079141617
YHR204W,YDL145C,0,-0.6968303,0.2983471155166626,0.5135135054588318,0.12076813727617264
YGL055W,YMR268C,0,-0.6968573,0.2981007397174835,0.5135135054588318,0.12091038376092911
YCR086W,YNL002C,0,-0.6969261,0.29785478115081787,0.5135135054588318,0.12105263024568558
YJL145W,YLR410W,0,-0.6969927,0.29760923981666565,0.5135135054588318,0.12119487673044205
YLR002C,YGL039W,0,-0.69704634,0.29736408591270447,0.5135135054588318,0.12133712321519852
YDR465C,YDR367W,0,-0.69709283,0.2971193492412567,0.5135135054588318,0.12147937715053558
YCR098C,YGR205W,0,-0.69717866,0.296875,0.5135135054588318,0.12162162363529205
YNL039W,YPR148C,0,-0.6975438,0.2966310679912567,0.5135135054588318,0.12176387012004852
YIL113W,YKL107W,0,-0.69756293,0.29638752341270447,0.5135135054588318,0.12190611660480499
YDR297W,YDL060W,0,-0.69782156,0.29614436626434326,0.5135135054588318,0.12204836308956146
YGL130W,YPR183W,0,-0.69826823,0.2959016263484955,0.5135135054588318,0.12219060957431793
YER005W,YGL123W,0,-0.6983756,0.29565930366516113,0.5135135054588318,0.1223328560590744
YPL012W,YJL091C,0,-0.6986948,0.29541733860969543,0.5135135054588318,0.12247510999441147
YJR047C,YMR260C,1,-0.6988464,0.295993447303772,0.5149359703063965,0.12247510999441147
YMR277W,YPR175W,0,-0.69886136,0.2957516312599182,0.5149359703063965,0.12261735647916794
YML123C,YJL203W,0,-0.6989793,0.2955102026462555,0.5149359703063965,0.12275960296392441
YDL108W,YML019W,0,-0.6990605,0.2952691614627838,0.5149359703063965,0.12290184944868088
YDR500C,YFL025C,0,-0.6991844,0.29502853751182556,0.5149359703063965,0.12304409593343735
YLR022C,YGL173C,0,-0.69997686,0.29478827118873596,0.5149359703063965,0.12318634241819382
YLR147C,YIL038C,0,-0.7004359,0.2945484220981598,0.5149359703063965,0.12332858890295029
YPL118W,YDR091C,1,-0.7005964,0.2951219379901886,0.5163584351539612,0.12332858890295029
YJL174W,YIL122W,0,-0.70096916,0.294882208108902,0.5163584351539612,0.12347084283828735
YDL082W,YOL113W,0,-0.7014604,0.2946428656578064,0.5163584351539612,0.12361308932304382
YOR359W,YDR079C-A,0,-0.70171064,0.29440388083457947,0.5163584351539612,0.12375533580780029
YKL081W,YGL224C,0,-0.7020091,0.29416531324386597,0.5163584351539612,0.12389758229255676
YOR262W,YDL191W,0,-0.70218855,0.2939271330833435,0.5163584351539612,0.12403982877731323
YER069W,YAL061W,0,-0.7023639,0.2936893105506897,0.5163584351539612,0.1241820752620697
YLR446W,YDR155C,0,-0.70238703,0.2934519052505493,0.5163584351539612,0.12432432174682617
YPL068C,YDR023W,0,-0.702401,0.2932148575782776,0.5163584351539612,0.12446656823158264
YGL229C,YPR122W,0,-0.7028281,0.2929781973361969,0.5163584351539612,0.12460882216691971
YNL098C,YNL066W,0,-0.7028448,0.29274192452430725,0.5163584351539612,0.12475106865167618
YPL189C-A,YPL170W,0,-0.7031569,0.29250603914260864,0.5163584351539612,0.12489331513643265
YLR355C,YEL059C-A,0,-0.70350564,0.2922705411911011,0.5163584351539612,0.12503556907176971
YLR178C,YML087C,0,-0.70355153,0.29203540086746216,0.5163584351539612,0.12517781555652618
YGL076C,YOR150W,0,-0.7036534,0.2918006479740143,0.5163584351539612,0.12532006204128265
YER012W,YNL067W,0,-0.70372087,0.29156625270843506,0.5163584351539612,0.12546230852603912
YLR035C-A,YKL034W,0,-0.70400006,0.29133227467536926,0.5163584351539612,0.1256045550107956
YBR186W,YLR002C,0,-0.70420486,0.29109862446784973,0.5163584351539612,0.12574680149555206
YBL002W,YDL010W,0,-0.7043737,0.29086539149284363,0.5163584351539612,0.12588904798030853
YBR142W,YPL215W,0,-0.70479053,0.2906325161457062,0.5163584351539612,0.126031294465065
YDR446W,YLR056W,0,-0.705078,0.2903999984264374,0.5163584351539612,0.12617354094982147
YKL029C,YML026C,0,-0.7051576,0.2901678681373596,0.5163584351539612,0.12631578743457794
YHR118C,YPR036W,0,-0.70590264,0.2899360954761505,0.5163584351539612,0.1264580339193344
YLL022C,YDL052C,0,-0.70610994,0.28970471024513245,0.5163584351539612,0.12660028040409088
YML058W,YGR209C,0,-0.7062443,0.28947368264198303,0.5163584351539612,0.12674252688884735
YDR349C,YDR013W,0,-0.70666814,0.28924304246902466,0.5163584351539612,0.12688477337360382
YAL001C,YMR152W,0,-0.70733947,0.28901273012161255,0.5163584351539612,0.1270270198583603
YDR210W,YJL137C,0,-0.70764947,0.2887828052043915,0.5163584351539612,0.12716928124427795
YPL283C,YDR485C,0,-0.7077817,0.28855326771736145,0.5163584351539612,0.12731152772903442
YOR361C,YER153C,1,-0.7084295,0.28911834955215454,0.5177809596061707,0.12731152772903442
YBR193C,YBR068C,0,-0.70869124,0.2888889014720917,0.5177809596061707,0.1274537742137909
YGL107C,YJR047C,1,-0.70887107,0.28945282101631165,0.5192034244537354,0.1274537742137909
YHR009C,YBR289W,0,-0.70921314,0.28922346234321594,0.5192034244537354,0.12759602069854736
YJL136C,YPL021W,0,-0.7092539,0.2889944612979889,0.5192034244537354,0.12773826718330383
YNR036C,YPL280W,0,-0.7095207,0.2887658178806305,0.5192034244537354,0.1278805136680603
YHR187W,YIL130W,0,-0.70955694,0.28853756189346313,0.5192034244537354,0.12802276015281677
YHR210C,YMR035W,0,-0.7097362,0.28830963373184204,0.5192034244537354,0.12816500663757324
YPR132W,YHL040C,0,-0.71006256,0.288082093000412,0.5192034244537354,0.1283072531223297
YBL013W,YMR260C,1,-0.71043885,0.2886435389518738,0.5206258893013,0.1283072531223297
YBR135W,YOR103C,0,-0.7112549,0.2884160876274109,0.5206258893013,0.12844949960708618
YJL056C,YOR329C,0,-0.7114017,0.28818896412849426,0.5206258893013,0.12859174609184265
YMR015C,YBR211C,0,-0.7118202,0.2879622280597687,0.5206258893013,0.12873399257659912
YOR367W,YNR073C,0,-0.7119938,0.28773584961891174,0.5206258893013,0.1288762390613556
YOR253W,YBR009C,0,-0.71219367,0.28750982880592346,0.5206258893013,0.12901848554611206
YIR026C,YAL041W,0,-0.71233225,0.28728413581848145,0.5206258893013,0.12916074693202972
YDR103W,YBR054W,0,-0.71246856,0.28705883026123047,0.5206258893013,0.1293029934167862
YIL129C,YER131W,0,-0.7126384,0.28683385252952576,0.5206258893013,0.12944523990154266
YNR063W,YEL006W,0,-0.71267945,0.2866092324256897,0.5206258893013,0.12958748638629913
YML016C,YAL023C,0,-0.71298087,0.2863849699497223,0.5206258893013,0.1297297328710556
YPL275W,YDR041W,0,-0.71307105,0.28616106510162354,0.5206258893013,0.12987197935581207
YBL023C,YBR083W,0,-0.71347564,0.28593748807907104,0.5206258893013,0.13001422584056854
YPL221W,YDR170W-A,0,-0.7134763,0.2857142984867096,0.5206258893013,0.130156472325325
YML101C,YJR042W,0,-0.71392876,0.285491406917572,0.5206258893013,0.13029871881008148
YAL008W,YPL141C,0,-0.71396935,0.2852689027786255,0.5206258893013,0.13044096529483795
YFR053C,YLR287C-A,0,-0.71409863,0.2850467264652252,0.5206258893013,0.13058321177959442
YML118W,YDR452W,0,-0.7143413,0.2848249077796936,0.5206258893013,0.1307254582643509
YDR326C,YPL211W,0,-0.71460694,0.28460341691970825,0.5206258893013,0.13086770474910736
YMR122W-A,YOL065C,0,-0.7148789,0.28438228368759155,0.5206258893013,0.13100995123386383
YDR091C,YMR282C,1,-0.7149784,0.28493788838386536,0.5220483541488647,0.13100995123386383
YHR121W,YHL026C,0,-0.71498,0.2847168445587158,0.5220483541488647,0.1311521977186203
YGR287C,YKR029C,0,-0.71514124,0.28449612855911255,0.5220483541488647,0.13129445910453796
YGL147C,YFL029C,0,-0.7155278,0.28427574038505554,0.5220483541488647,0.13143670558929443
YDR430C,YOR270C,0,-0.715722,0.2840557396411896,0.5220483541488647,0.1315789520740509
YLR150W,YGR054W,1,-0.71596885,0.28460943698883057,0.5234708189964294,0.1315789520740509
YGL189C,YGL119W,0,-0.71680385,0.2843894958496094,0.5234708189964294,0.13172119855880737
YDR038C,YPL195W,0,-0.7168336,0.28416988253593445,0.5234708189964294,0.13186344504356384
YIL148W,YML131W,0,-0.7169229,0.2839506268501282,0.5234708189964294,0.1320056915283203
YOL097C,YAR018C,0,-0.71700096,0.28373169898986816,0.5234708189964294,0.13214793801307678
YGR035C,YOL113W,0,-0.7170647,0.2835130989551544,0.5234708189964294,0.13229018449783325
YDL124W,YIL098C,0,-0.7171637,0.2832948565483093,0.5234708189964294,0.13243243098258972
YPL157W,YDL235C,0,-0.7172511,0.2830769121646881,0.5234708189964294,0.1325746774673462
YPR178W,YFL026W,0,-0.7173695,0.28285932540893555,0.5234708189964294,0.13271692395210266
YDL066W,YDR339C,0,-0.7178338,0.28264209628105164,0.5234708189964294,0.13285917043685913
YGL055W,YJL167W,0,-0.7179249,0.2824251651763916,0.5234708189964294,0.1330014169216156
YBR079C,YBL090W,1,-0.71801466,0.2829754650592804,0.5248933434486389,0.1330014169216156
YPL227C,YMR080C,0,-0.71870357,0.2827586233615875,0.5248933434486389,0.13314366340637207
YGR254W,YFR049W,0,-0.7190663,0.2825421094894409,0.5248933434486389,0.13328592479228973
YCR021C,YER021W,0,-0.7192182,0.2823259234428406,0.5248933434486389,0.1334281712770462
YBL013W,YGR054W,1,-0.7192851,0.28287461400032043,0.5263158082962036,0.1334281712770462
YDR134C,YBL072C,0,-0.71953,0.28265851736068726,0.5263158082962036,0.13357041776180267
YMR291W,YGL129C,0,-0.7195515,0.28244274854660034,0.5263158082962036,0.13371266424655914
YNR036C,YNL339C,0,-0.71958107,0.2822273075580597,0.5263158082962036,0.1338549107313156
YBL013W,YJL138C,1,-0.7197301,0.2827743887901306,0.5277382731437683,0.1338549107313156
YPR052C,YLL062C,0,-0.7202222,0.28255903720855713,0.5277382731437683,0.13399715721607208
YMR037C,YMR262W,0,-0.7205794,0.2823439836502075,0.5277382731437683,0.13413940370082855
YCR077C,YAL035W,1,-0.72060245,0.282889723777771,0.529160737991333,0.13413940370082855
YBL025W,YNL031C,0,-0.7209332,0.28267475962638855,0.529160737991333,0.13428165018558502
YBR012W-B,YLR038C,0,-0.7212784,0.28246012330055237,0.529160737991333,0.1344238966703415
YLR414C,YJR095W,0,-0.7213058,0.28224581480026245,0.529160737991333,0.13456614315509796
YLR405W,YER100W,0,-0.7214269,0.2820318341255188,0.529160737991333,0.13470838963985443
YLR048W,YGR206W,0,-0.7215306,0.2818181812763214,0.529160737991333,0.1348506361246109
YPL187W,YNL291C,0,-0.721801,0.2816048562526703,0.529160737991333,0.13499288260936737
YPL118W,YOL139C,1,-0.72214377,0.2821482717990875,0.5305832028388977,0.13499288260936737
YPR073C,YAL019W,0,-0.72238517,0.2819350063800812,0.5305832028388977,0.13513512909412384
YGL077C,YLR287C-A,0,-0.7226277,0.2817220687866211,0.5305832028388977,0.1352773755788803
YDL130W,YPL029W,0,-0.72297347,0.2815094292163849,0.5305832028388977,0.13541963696479797
YIR035C,YOR056C,0,-0.72319883,0.28129714727401733,0.5305832028388977,0.13556188344955444
YDR117C,YMR012W,1,-0.72386026,0.2818387448787689,0.5320056676864624,0.13556188344955444
YML081C-A,YBR159W,0,-0.7239027,0.28162649273872375,0.5320056676864624,0.1357041299343109
YNL134C,YML025C,0,-0.7240545,0.28141459822654724,0.5320056676864624,0.13584637641906738
YLR406C,YKL091C,0,-0.7242485,0.2812030017375946,0.5320056676864624,0.13598862290382385
YER056C-A,YFL041W,0,-0.7245342,0.28099173307418823,0.5320056676864624,0.13613086938858032
YGR063C,YGR040W,0,-0.72457546,0.2807807922363281,0.5320056676864624,0.1362731158733368
YER025W,YCR077C,1,-0.72460824,0.28132033348083496,0.5334281921386719,0.1362731158733368
YDR450W,YPL088W,0,-0.724809,0.28110945224761963,0.5334281921386719,0.13641536235809326
YDR252W,YNL086W,0,-0.72552085,0.2808988690376282,0.5334281921386719,0.13655760884284973
YNL007C,YJL138C,1,-0.7262408,0.28143712878227234,0.5348506569862366,0.13655760884284973
YJR015W,YDL191W,0,-0.72694975,0.28122663497924805,0.5348506569862366,0.1366998553276062
YPL227C,YGL119W,0,-0.7272951,0.28101643919944763,0.5348506569862366,0.13684210181236267
YLR272C,YJR068W,0,-0.7274298,0.2808065712451935,0.5348506569862366,0.13698434829711914
YGR098C,YIL078W,0,-0.72750425,0.2805970013141632,0.5348506569862366,0.1371265947818756
YGL016W,YER146W,0,-0.72768176,0.2803877592086792,0.5348506569862366,0.13726884126663208
YER110C,YPL168W,0,-0.7280753,0.28017884492874146,0.5348506569862366,0.13741110265254974
YCL054W,YOR330C,0,-0.72849405,0.2799702286720276,0.5348506569862366,0.1375533491373062
YOR131C,YDR039C,0,-0.7285825,0.2797619104385376,0.5348506569862366,0.13769559562206268
YDR078C,YOR262W,0,-0.7292874,0.2795538902282715,0.5348506569862366,0.13783784210681915
YDR519W,YNR026C,0,-0.72964436,0.27934619784355164,0.5348506569862366,0.13798008859157562
YNL132W,YPR019W,0,-0.72966,0.27913883328437805,0.5348506569862366,0.1381223350763321
YNL164C,YJL028W,0,-0.7296945,0.27893173694610596,0.5348506569862366,0.13826458156108856
YLR150W,YJL138C,1,-0.7301486,0.27946627140045166,0.5362731218338013,0.13826458156108856
YJL116C,YLR064W,0,-0.73097825,0.27925926446914673,0.5362731218338013,0.13840682804584503
YGR122W,YBR019C,0,-0.7311765,0.2790525555610657,0.5362731218338013,0.1385490745306015
YIL078W,YOR356W,0,-0.7312194,0.2788461446762085,0.5362731218338013,0.13869132101535797
YLR150W,YNL244C,1,-0.7312837,0.2793791592121124,0.537695586681366,0.13869132101535797
YHR139C,YPL159C,0,-0.7314105,0.2791728079319,0.537695586681366,0.13883356750011444
YCL075W,YFL037W,0,-0.7319999,0.2789667844772339,0.537695586681366,0.1389758139848709
YGL105W,YOR017W,0,-0.7322167,0.2787610590457916,0.537695586681366,0.13911806046962738
YLR293C,YNL218W,0,-0.7324294,0.27855563163757324,0.537695586681366,0.13926030695438385
YER094C,YNL002C,0,-0.7324307,0.27835050225257874,0.537695586681366,0.13940255343914032
YPR010C,YDR320C-A,0,-0.73250884,0.2781457006931305,0.537695586681366,0.13954481482505798
YKL021C,YKR078W,0,-0.7329162,0.27794116735458374,0.537695586681366,0.13968706130981445
YBL006C,YJL183W,0,-0.7329377,0.27773696184158325,0.537695586681366,0.13982930779457092
YER102W,YDR291W,0,-0.7331062,0.27753305435180664,0.537695586681366,0.1399715542793274
YJL101C,YGL147C,0,-0.73329586,0.2773294150829315,0.537695586681366,0.14011380076408386
YBL050W,YNL241C,0,-0.73339355,0.27712610363960266,0.537695586681366,0.14025604724884033
YJL196C,YML054C,0,-0.73344046,0.2769230902194977,0.537695586681366,0.1403982937335968
YKR096W,YIR012W,0,-0.7337739,0.2767203450202942,0.537695586681366,0.14054054021835327
YLR364W,YHR170W,0,-0.73393244,0.27651792764663696,0.537695586681366,0.14068278670310974
YDR117C,YJR047C,1,-0.734032,0.2770467698574066,0.5391180515289307,0.14068278670310974
YNL194C,YER133W,0,-0.7340339,0.27684441208839417,0.5391180515289307,0.1408250331878662
YDL127W,YLR448W,0,-0.73429555,0.2766423225402832,0.5391180515289307,0.14096727967262268
YBL035C,YNL149C,0,-0.7345544,0.2764405608177185,0.5391180515289307,0.14110952615737915
YPL237W,YBL013W,1,-0.7346219,0.27696794271469116,0.5405405163764954,0.14110952615737915
YBL106C,YDR384C,0,-0.73472005,0.27676621079444885,0.5405405163764954,0.14125177264213562
YDL164C,YOR356W,0,-0.7348381,0.2765647768974304,0.5405405163764954,0.1413940191268921
YDL137W,YPL081W,0,-0.7349224,0.27636364102363586,0.5405405163764954,0.14153628051280975
YMR192W,YIL018W,0,-0.7349695,0.2761628031730652,0.5405405163764954,0.14167852699756622
YGR272C,YBR265W,0,-0.7356192,0.275962233543396,0.5405405163764954,0.1418207734823227
YOR293W,YPR065W,0,-0.7357372,0.2757619619369507,0.5405405163764954,0.14196301996707916
YOR312C,YGR207C,0,-0.7357764,0.27556198835372925,0.5405405163764954,0.14210526645183563
YLR158C,YCR009C,0,-0.7358254,0.2753623127937317,0.5405405163764954,0.1422475129365921
YCR070W,YDR289C,0,-0.736202,0.275162935256958,0.5405405163764954,0.14238975942134857
YDR117C,YJR007W,1,-0.7364898,0.27568739652633667,0.5419630408287048,0.14238975942134857
YLR158C,YCR091W,0,-0.7367893,0.27548807859420776,0.5419630408287048,0.14253200590610504
YNL115C,YMR037C,0,-0.73800606,0.27528902888298035,0.5419630408287048,0.1426742523908615
YGR245C,YOR197W,0,-0.73811454,0.2750902473926544,0.5419630408287048,0.14281649887561798
YMR134W,YOL156W,0,-0.73825073,0.27489176392555237,0.5419630408287048,0.14295874536037445
YGR275W,YDL235C,0,-0.7384952,0.2746935784816742,0.5419630408287048,0.14310099184513092
YOL094C,YHR121W,0,-0.73868257,0.2744956910610199,0.5419630408287048,0.1432432383298874
YDR541C,YER048W-A,0,-0.73882765,0.2742980420589447,0.5419630408287048,0.14338548481464386
YLL024C,YJR137C,0,-0.73887736,0.27410072088241577,0.5419630408287048,0.14352773129940033
YMR026C,YPL280W,0,-0.7391664,0.27390366792678833,0.5419630408287048,0.143669992685318
YPR145W,YPL152W,0,-0.7392518,0.2737068831920624,0.5419630408287048,0.14381223917007446
YJL097W,YOL122C,0,-0.73929644,0.2735103964805603,0.5419630408287048,0.14395448565483093
YMR236W,YGL097W,0,-0.7402101,0.2733142077922821,0.5419630408287048,0.1440967321395874
YCR077C,YKR059W,1,-0.740395,0.27383512258529663,0.5433855056762695,0.1440967321395874
YNL240C,YLL062C,0,-0.74076724,0.2736389636993408,0.5433855056762695,0.14423897862434387
YOL016C,YHL036W,0,-0.74134296,0.2734431028366089,0.5433855056762695,0.14438122510910034
YNL162W,YLR118C,0,-0.74190617,0.27324751019477844,0.5433855056762695,0.1445234715938568
YDR113C,YML037C,0,-0.742164,0.2730521857738495,0.5433855056762695,0.14466571807861328
YDL211C,YMR314W,0,-0.74260545,0.272857129573822,0.5433855056762695,0.14480796456336975
YOL029C,YML101C,0,-0.74276334,0.27266237139701843,0.5433855056762695,0.14495021104812622
YGR086C,YIL093C,0,-0.7433469,0.2724679112434387,0.5433855056762695,0.1450924575328827
YKL008C,YGL157W,0,-0.7437495,0.2722736895084381,0.5433855056762695,0.14523470401763916
YML005W,YER035W,0,-0.7439057,0.2720797657966614,0.5433855056762695,0.14537695050239563
YMR260C,YGR054W,1,-0.74403584,0.27259787917137146,0.5448079705238342,0.14537695050239563
YDL067C,YFL002W-A,0,-0.74453187,0.2724039852619171,0.5448079705238342,0.1455191969871521
YER178W,YJR067C,0,-0.7450754,0.27221038937568665,0.5448079705238342,0.14566145837306976
YGR008C,YNL257C,0,-0.7451179,0.2720170319080353,0.5448079705238342,0.14580370485782623
YDR312W,YLR134W,0,-0.745132,0.2718240022659302,0.5448079705238342,0.1459459513425827
YDR039C,YPL224C,0,-0.7452458,0.2716312110424042,0.5448079705238342,0.14608819782733917
YER153C,YNL244C,1,-0.7454455,0.27214741706848145,0.5462304353713989,0.14608819782733917
YPR133C,YOL080C,0,-0.74550605,0.2719546854496002,0.5462304353713989,0.14623044431209564
YAL009W,YKL178C,0,-0.74583405,0.2717622220516205,0.5462304353713989,0.1463726907968521
YHR128W,YLR084C,0,-0.7461327,0.27157002687454224,0.5462304353713989,0.14651493728160858
YHR023W,YBR254C,0,-0.7463503,0.2713780999183655,0.5462304353713989,0.14665718376636505
YMR009W,YMR261C,0,-0.7468757,0.2711864411830902,0.5462304353713989,0.14679943025112152
YOL140W,YKL179C,0,-0.7470502,0.27099505066871643,0.5462304353713989,0.146941676735878
YJR009C,YJL127C,0,-0.747536,0.27080395817756653,0.5462304353713989,0.14708392322063446
YKR105C,YHR170W,0,-0.7475426,0.2706131041049957,0.5462304353713989,0.14722616970539093
YOR095C,YHR044C,0,-0.7476329,0.2704225480556488,0.5462304353713989,0.1473684161901474
YOL152W,YHR010W,0,-0.7483453,0.270232230424881,0.5462304353713989,0.14751066267490387
YGR135W,YIL110W,0,-0.74848235,0.27004218101501465,0.5462304353713989,0.14765290915966034
YLR040C,YFR047C,0,-0.7495551,0.2698524296283722,0.5462304353713989,0.147795170545578
YNL031C,YML033W,0,-0.7496101,0.26966291666030884,0.5462304353713989,0.14793741703033447
YBL090W,YJR007W,1,-0.750145,0.27017542719841003,0.5476529002189636,0.14793741703033447
YDR208W,YBR090C-A,0,-0.75025135,0.26998597383499146,0.5476529002189636,0.14807966351509094
YFL026W,YKR003W,0,-0.75111467,0.26979678869247437,0.5476529002189636,0.1482219099998474
YLR363C,YMR303C,0,-0.75120527,0.2696078419685364,0.5476529002189636,0.14836415648460388
YOR260W,YEL034W,1,-0.7513838,0.27011895179748535,0.5490753650665283,0.14836415648460388
YHR194W,YOL075C,0,-0.7514037,0.26993006467819214,0.5490753650665283,0.14850640296936035
YLR403W,YOR273C,0,-0.7514539,0.2697414457798004,0.5490753650665283,0.14864864945411682
YHR098C,YFL035C-A,0,-0.7514981,0.2695530652999878,0.5490753650665283,0.1487908959388733
YDR117C,YPR041W,1,-0.7515206,0.27006280422210693,0.5504978895187378,0.1487908959388733
YJR041C,YPR120C,0,-0.7522221,0.2698744833469391,0.5504978895187378,0.14893314242362976
YIL015W,YNL014W,0,-0.7533043,0.26968640089035034,0.5504978895187378,0.14907538890838623
YBR146W,YLR229C,0,-0.7533742,0.2694986164569855,0.5504978895187378,0.1492176353931427
YML104C,YOR247W,0,-0.75356287,0.2693110704421997,0.5504978895187378,0.14935988187789917
YOR246C,YDL191W,0,-0.75365096,0.26912379264831543,0.5504978895187378,0.14950212836265564
YHR033W,YML012W,0,-0.7546059,0.26893675327301025,0.5504978895187378,0.1496443748474121
YBR110W,YKR100C,0,-0.75508136,0.26875001192092896,0.5504978895187378,0.14978662133216858
YGL001C,YDR367W,0,-0.7552765,0.26856350898742676,0.5504978895187378,0.14992888271808624
YHR136C,YOR007C,0,-0.75539607,0.26837724447250366,0.5504978895187378,0.1500711292028427
YAR042W,YDR490C,0,-0.75569946,0.26819127798080444,0.5504978895187378,0.15021337568759918
YKL010C,YLR194C,0,-0.7558951,0.2680055499076843,0.5504978895187378,0.15035562217235565
YLL028W,YPL047W,0,-0.7560135,0.2678200602531433,0.5504978895187378,0.15049786865711212
YGR054W,YMR282C,1,-0.75610584,0.26832643151283264,0.5519203543663025,0.15049786865711212
YOR262W,YDR213W,0,-0.7564441,0.268140971660614,0.5519203543663025,0.1506401151418686
YCR028C-A,YGL134W,0,-0.75656664,0.26795580983161926,0.5519203543663025,0.15078236162662506
YHR064C,YHL001W,0,-0.7566204,0.2677708864212036,0.5519203543663025,0.15092460811138153
YMR309C,YMR282C,1,-0.75718385,0.2682758569717407,0.5533428192138672,0.15092460811138153
YOL005C,YMR266W,0,-0.75724465,0.26809096336364746,0.5533428192138672,0.151066854596138
YGR083C,YNL007C,1,-0.75730807,0.26859503984451294,0.5547652840614319,0.151066854596138
YOL109W,YKL091C,0,-0.75879115,0.26841017603874207,0.5547652840614319,0.15120910108089447
YGL039W,YBR114W,0,-0.75897276,0.2682255804538727,0.5547652840614319,0.15135134756565094
YFL034C-A,YCR029C-A,0,-0.7592583,0.2680412232875824,0.5547652840614319,0.1514935940504074
YCR018C,YML075C,0,-0.7593724,0.2678571343421936,0.5547652840614319,0.15163584053516388
YLR150W,YBL013W,1,-0.76001257,0.26835963129997253,0.5561877489089966,0.15163584053516388
YBL036C,YCL075W,0,-0.7600787,0.26817557215690613,0.5561877489089966,0.15177808701992035
YEL071W,YPR081C,0,-0.76013726,0.2679917812347412,0.5561877489089966,0.151920348405838
YAL003W,YHR042W,0,-0.76025784,0.2678082287311554,0.5561877489089966,0.15206259489059448
YMR012W,YKR059W,1,-0.760346,0.2683093845844269,0.5576102137565613,0.15206259489059448
YKR048C,YGL120C,0,-0.76035434,0.26812586188316345,0.5576102137565613,0.15220484137535095
YBR048W,YDL098C,0,-0.7604931,0.2679425776004791,0.5576102137565613,0.15234708786010742
YGL249W,YBR241C,0,-0.76054317,0.2677595615386963,0.5576102137565613,0.1524893343448639
YHR201C,YDR243C,0,-0.76061136,0.26757678389549255,0.5576102137565613,0.15263158082962036
YOR128C,YPL128C,0,-0.76084507,0.2673942744731903,0.5576102137565613,0.15277382731437683
YAL068C,YLR306W,0,-0.76085246,0.26721200346946716,0.5576102137565613,0.1529160737991333
YPR183W,YJL063C,0,-0.7613109,0.2670299708843231,0.5576102137565613,0.15305832028388977
YLR466W,YOL001W,0,-0.7613852,0.26684820652008057,0.5576102137565613,0.15320056676864624
YLR449W,YLR417W,0,-0.7618324,0.2666666805744171,0.5576102137565613,0.1533428132534027
YKR013W,YKR105C,0,-0.7619808,0.26648539304733276,0.5576102137565613,0.15348505973815918
YMR251W-A,YNL327W,0,-0.76230997,0.2663043439388275,0.5576102137565613,0.15362730622291565
YOR224C,YJL204C,0,-0.7623703,0.26612356305122375,0.5576102137565613,0.15376955270767212
YDR117C,YGR054W,1,-0.762392,0.2666214406490326,0.5590327382087708,0.15376955270767212
YDR283C,YOR361C,1,-0.76250196,0.2671186327934265,0.5604552030563354,0.15376955270767212
YML024W,YDR297W,0,-0.7625976,0.2669376730918884,0.5604552030563354,0.1539117991924286
YLR083C,YPR063C,0,-0.76318634,0.26675695180892944,0.5604552030563354,0.15405406057834625
YBL090W,YNL062C,1,-0.7636356,0.267253041267395,0.5618776679039001,0.15405406057834625
YOL154W,YKR094C,0,-0.76365364,0.2670723497867584,0.5618776679039001,0.15419630706310272
YIR019C,YLR343W,0,-0.7638065,0.2668918967247009,0.5618776679039001,0.1543385535478592
YER025W,YER153C,1,-0.7638971,0.26738691329956055,0.5633001327514648,0.1543385535478592
YFL034C-A,YMR297W,0,-0.76464236,0.26720649003982544,0.5633001327514648,0.15448080003261566
YGR067C,YLR201C,0,-0.76514405,0.26702630519866943,0.5633001327514648,0.15462304651737213
YIL022W,YPL029W,0,-0.7655385,0.26684635877609253,0.5633001327514648,0.1547652930021286
YDR117C,YGR162W,1,-0.76557267,0.2673400640487671,0.5647225975990295,0.1547652930021286
YBR286W,YHR094C,0,-0.76557624,0.2671601474285126,0.5647225975990295,0.15490753948688507
YGR076C,YLR059C,0,-0.76568264,0.26698049902915955,0.5647225975990295,0.15504978597164154
YBR279W,YDL201W,0,-0.7657113,0.2668010890483856,0.5647225975990295,0.155192032456398
YJL208C,YDL185W,0,-0.7657545,0.2666218876838684,0.5647225975990295,0.15533427894115448
YJL057C,YFL002W-A,0,-0.7665059,0.2664429545402527,0.5647225975990295,0.15547652542591095
YDR044W,YBL024W,0,-0.7666979,0.26626425981521606,0.5647225975990295,0.15561877191066742
YJR073C,YJL028W,0,-0.76690286,0.26608580350875854,0.5647225975990295,0.1557610183954239
YDR019C,YLR385C,0,-0.76691055,0.26590755581855774,0.5647225975990295,0.15590326488018036
YJL156C,YML040W,0,-0.7671178,0.2657295763492584,0.5647225975990295,0.15604552626609802
YDR397C,YGR274C,0,-0.767219,0.2655518352985382,0.5647225975990295,0.1561877727508545
YER042W,YLR186W,0,-0.7673346,0.2653743326663971,0.5647225975990295,0.15633001923561096
YCL062W,YNL227C,0,-0.767341,0.2651970684528351,0.5647225975990295,0.15647226572036743
YAR066W,YOR362C,0,-0.7673687,0.2650200128555298,0.5647225975990295,0.1566145122051239
YLL052C,YHR025W,0,-0.7681077,0.264843225479126,0.5647225975990295,0.15675675868988037
YMR202W,YPL192C,0,-0.7686328,0.26466667652130127,0.5647225975990295,0.15689900517463684
YGR028W,YGL253W,0,-0.7690793,0.2644903361797333,0.5647225975990295,0.1570412516593933
YHR207C,YHR143W,0,-0.77019674,0.2643142342567444,0.5647225975990295,0.15718349814414978
YNL007C,YPR086W,1,-0.7707764,0.2648037374019623,0.566145122051239,0.15718349814414978
YBR105C,YGR099W,0,-0.7708077,0.2646276652812958,0.566145122051239,0.15732574462890625
YMR199W,YCR089W,0,-0.77090865,0.2644518315792084,0.566145122051239,0.15746799111366272
YDL127W,YDL235C,0,-0.7709258,0.2642762362957001,0.566145122051239,0.1576102375984192
YMR309C,YPL118W,1,-0.7710436,0.2647644281387329,0.5675675868988037,0.1576102375984192
YOR158W,YIL009W,0,-0.7718134,0.264588862657547,0.5675675868988037,0.15775248408317566
YKL056C,YGL157W,0,-0.7718584,0.2644135057926178,0.5675675868988037,0.15789473056793213
YPL023C,YOR034C,0,-0.7719887,0.2642384171485901,0.5675675868988037,0.1580369770526886
YOL031C,YLR100W,0,-0.77251506,0.2640635371208191,0.5675675868988037,0.15817923843860626
YOL094C,YOL092W,0,-0.7726078,0.2638888955116272,0.5675675868988037,0.15832148492336273
YOR081C,YOR019W,0,-0.7728166,0.263714462518692,0.5675675868988037,0.1584637314081192
YHL011C,YGR001C,0,-0.7729129,0.2635402977466583,0.5675675868988037,0.15860597789287567
YOR260W,YGL107C,1,-0.77373,0.264026403427124,0.5689900517463684,0.15860597789287567
YHR146W,YBR241C,0,-0.77378935,0.26385223865509033,0.5689900517463684,0.15874822437763214
YMR055C,YOL039W,0,-0.77497065,0.26367831230163574,0.5689900517463684,0.1588904708623886
YER068W,YNL300W,0,-0.7755913,0.26350462436676025,0.5689900517463684,0.15903271734714508
YMR283C,YGL210W-A,0,-0.7757073,0.2633311450481415,0.5689900517463684,0.15917496383190155
YFL018W-A,YJL143W,0,-0.7757826,0.2631579041481018,0.5689900517463684,0.15931721031665802
YBL090W,YGL107C,1,-0.776245,0.2636423408985138,0.5704125165939331,0.15931721031665802
YJR014W,YJR047C,1,-0.7766314,0.26412615180015564,0.5718349814414978,0.15931721031665802
YML037C,YLR240W,0,-0.7767434,0.26395273208618164,0.5718349814414978,0.1594594568014145
YNL322C,YDR238C,0,-0.77694446,0.26377952098846436,0.5718349814414978,0.15960170328617096
YLR068W,YGR120C,0,-0.7770283,0.26360654830932617,0.5718349814414978,0.15974394977092743
YOR096W,YLR373C,0,-0.77707654,0.2634338140487671,0.5718349814414978,0.1598861962556839
YOR336W,YLR110C,0,-0.77712613,0.2632612884044647,0.5718349814414978,0.16002844274044037
YNL318C,YJL189W,0,-0.777454,0.26308900117874146,0.5718349814414978,0.16017070412635803
YER141W,YAL068C,0,-0.7774684,0.2629169523715973,0.5718349814414978,0.1603129506111145
YOR320C,YCL045C,0,-0.77747476,0.26274511218070984,0.5718349814414978,0.16045519709587097
YDR326C,YDL060W,0,-0.7775431,0.2625734806060791,0.5718349814414978,0.16059744358062744
YIL172C,YGR033C,0,-0.7776317,0.26240208745002747,0.5718349814414978,0.1607396900653839
YDL132W,YIL093C,0,-0.7776751,0.26223093271255493,0.5718349814414978,0.16088193655014038
YLR058C,YMR280C,0,-0.7779264,0.2620599865913391,0.5718349814414978,0.16102418303489685
YCR034W,YBL006C,0,-0.7779492,0.26188924908638,0.5718349814414978,0.16116642951965332
YPL230W,YDR238C,0,-0.7780751,0.26171875,0.5718349814414978,0.1613086760044098
YHR079C-B,YMR135C,0,-0.77830094,0.2615484595298767,0.5718349814414978,0.16145092248916626
YAR007C,YPR108W,0,-0.77864194,0.2613784074783325,0.5718349814414978,0.16159316897392273
YOL138C,YOR369C,0,-0.77867436,0.26120856404304504,0.5718349814414978,0.1617354154586792
YKR085C,YCL031C,0,-0.7788084,0.26103895902633667,0.5718349814414978,0.16187766194343567
YIR023W,YML133C,0,-0.77891874,0.260869562625885,0.5718349814414978,0.16201990842819214
YMR012W,YMR282C,1,-0.7794176,0.2613489031791687,0.5732574462890625,0.16201990842819214
YIL109C,YDR302W,0,-0.7800949,0.26117950677871704,0.5732574462890625,0.1621621549129486
YML018C,YOR136W,0,-0.7802649,0.2610103487968445,0.5732574462890625,0.16230441629886627
YIL120W,YPL003W,0,-0.7803498,0.260841429233551,0.5732574462890625,0.16244666278362274
YMR242C,YOR197W,0,-0.7803758,0.2606727182865143,0.5732574462890625,0.1625889092683792
YLR418C,YLR223C,0,-0.78051037,0.26050421595573425,0.5732574462890625,0.16273115575313568
YMR091C,YMR149W,0,-0.78065443,0.26033592224121094,0.5732574462890625,0.16287340223789215
YCL019W,YLR242C,0,-0.78100914,0.26016783714294434,0.5732574462890625,0.16301564872264862
YGL141W,YOR019W,0,-0.78113335,0.25999999046325684,0.5732574462890625,0.1631578952074051
YGR162W,YER153C,1,-0.78128487,0.26047712564468384,0.574679970741272,0.1631578952074051
YLR446W,YBL102W,0,-0.7817032,0.26030927896499634,0.574679970741272,0.16330014169216156
YIL034C,YJL012C,0,-0.7818635,0.26014167070388794,0.574679970741272,0.16344238817691803
YNL007C,YKR059W,1,-0.7826093,0.26061776280403137,0.5761024355888367,0.16344238817691803
YPL118W,YPL237W,1,-0.78272766,0.26109325885772705,0.5775249004364014,0.16344238817691803
YGL255W,YJR089W,0,-0.78297347,0.26092544198036194,0.5775249004364014,0.1635846346616745
YKR075C,YJL036W,0,-0.78301406,0.2607578635215759,0.5775249004364014,0.16372688114643097
YJL012C,YLR119W,0,-0.78357047,0.26059049367904663,0.5775249004364014,0.16386912763118744
YGR063C,YHR206W,0,-0.78386754,0.26042336225509644,0.5775249004364014,0.1640113741159439
YNL048W,YMR127C,0,-0.7841774,0.26025640964508057,0.5775249004364014,0.16415362060070038
YKL120W,YDR258C,0,-0.784744,0.2600896954536438,0.5775249004364014,0.16429588198661804
YNL339C,YOR254C,0,-0.78474826,0.25992318987846375,0.5775249004364014,0.1644381284713745
YCR020W-B,YKL212W,0,-0.7847886,0.259756863117218,0.5775249004364014,0.16458037495613098
YJL203W,YFL005W,0,-0.7848835,0.2595908045768738,0.5775249004364014,0.16472262144088745
YBL022C,YMR122W-A,0,-0.7854282,0.25942492485046387,0.5775249004364014,0.16486486792564392
YAR019C,YJR027W,0,-0.7854325,0.25925925374031067,0.5775249004364014,0.1650071144104004
YOL009C,YGL147C,0,-0.7857166,0.2590938210487366,0.5775249004364014,0.16514936089515686
YCR077C,YNL062C,1,-0.78600246,0.2595663368701935,0.5789473652839661,0.16514936089515686
YGR083C,YGR054W,1,-0.7860653,0.26003822684288025,0.5803698301315308,0.16514936089515686
YAR015W,YKR037C,0,-0.7862924,0.2598726153373718,0.5803698301315308,0.16529160737991333
YCR071C,YFR047C,0,-0.7865284,0.25970718264579773,0.5803698301315308,0.1654338538646698
YDL014W,YDR486C,0,-0.7867926,0.25954198837280273,0.5803698301315308,0.16557610034942627
YMR165C,YFR044C,0,-0.78700805,0.25937697291374207,0.5803698301315308,0.16571834683418274
YBR079C,YPR086W,1,-0.78702265,0.2598475217819214,0.5817922949790955,0.16571834683418274
YGL107C,YEL034W,1,-0.78703445,0.26031747460365295,0.5832148194313049,0.16571834683418274
YER184C,YLR133W,0,-0.7870882,0.26015228033065796,0.5832148194313049,0.1658605933189392
YPL156C,YHR080C,0,-0.78732663,0.25998732447624207,0.5832148194313049,0.16600283980369568
YLR256W,YIL101C,0,-0.787396,0.2598225474357605,0.5832148194313049,0.16614508628845215
YJL174W,YPL013C,0,-0.7874128,0.25965800881385803,0.5832148194313049,0.16628733277320862
YOR049C,YKL167C,0,-0.7875256,0.2594936788082123,0.5832148194313049,0.16642959415912628
YPL241C,YPR188C,0,-0.7883462,0.25932952761650085,0.5832148194313049,0.16657184064388275
YLR260W,YLR327C,0,-0.78848237,0.25916561484336853,0.5832148194313049,0.16671408712863922
YEL026W,YKR037C,0,-0.7886096,0.25900188088417053,0.5832148194313049,0.1668563336133957
YCR043C,YKL087C,0,-0.78863716,0.25883838534355164,0.5832148194313049,0.16699858009815216
YJL133W,YLR446W,0,-0.78870267,0.25867506861686707,0.5832148194313049,0.16714082658290863
YGL049C,YAL035W,1,-0.7889635,0.2591424882411957,0.5846372842788696,0.16714082658290863
YER015W,YHR104W,0,-0.78914565,0.2589792013168335,0.5846372842788696,0.1672830730676651
YPR102C,YDR175C,0,-0.78947,0.258816123008728,0.5846372842788696,0.16742531955242157
YDR320C-A,YOR044W,0,-0.7895728,0.2586532533168793,0.5846372842788696,0.16756756603717804
YGR096W,YJL113W,0,-0.78962797,0.25849056243896484,0.5846372842788696,0.1677098125219345
YGR090W,YOR158W,0,-0.78974414,0.2583281099796295,0.5846372842788696,0.16785205900669098
YDR377W,YDL130W-A,0,-0.78979236,0.2581658363342285,0.5846372842788696,0.16799430549144745
YBL084C,YPR114W,0,-0.78987455,0.25800377130508423,0.5846372842788696,0.16813655197620392
YOL110W,YMR122W-A,0,-0.79010206,0.25784191489219666,0.5846372842788696,0.1682787984609604
YJR045C,YMR076C,0,-0.7904812,0.2576802372932434,0.5846372842788696,0.16842105984687805
YFR055W,YIL090W,0,-0.7910035,0.25751879811286926,0.5846372842788696,0.16856330633163452
YDR093W,YER119C,0,-0.79138285,0.25735753774642944,0.5846372842788696,0.168705552816391
YIL168W,YPL160W,0,-0.7916976,0.25719648599624634,0.5846372842788696,0.16884779930114746
YOR079C,YGR101W,0,-0.79212916,0.25703564286231995,0.5846372842788696,0.16899004578590393
YLR081W,YCR033W,0,-0.792672,0.25687500834465027,0.5846372842788696,0.1691322922706604
YHL017W,YOR201C,0,-0.79282486,0.2567145526409149,0.5846372842788696,0.16927453875541687
YDL240W,YCL064C,0,-0.7929167,0.2565543055534363,0.5846372842788696,0.16941678524017334
YDR009W,YEL048C,0,-0.7930716,0.25639426708221436,0.5846372842788696,0.1695590317249298
YGR260W,YPL158C,0,-0.7930872,0.25623440742492676,0.5846372842788696,0.16970127820968628
YGR054W,YPR086W,1,-0.793124,0.2566978335380554,0.5860597491264343,0.16970127820968628
YDR041W,YCR045C,0,-0.7935515,0.2565379738807678,0.5860597491264343,0.16984352469444275
YGL049C,YBL090W,1,-0.793629,0.2570006251335144,0.587482213973999,0.16984352469444275
YDR117C,YGR083C,1,-0.79395866,0.25746268033981323,0.5889046788215637,0.16984352469444275
YKL008C,YNL301C,0,-0.7941259,0.2573026716709137,0.5889046788215637,0.16998577117919922
YOR240W,YNL218W,0,-0.79484534,0.2571428716182709,0.5889046788215637,0.1701280176639557
YLR449W,YJL108C,0,-0.79498184,0.2569832503795624,0.5889046788215637,0.17027026414871216
YMR162C,YLR134W,0,-0.79514927,0.2568238079547882,0.5889046788215637,0.17041251063346863
YPR140W,YIR014W,0,-0.79516613,0.25666460394859314,0.5889046788215637,0.1705547720193863
YBR079C,YGR054W,1,-0.79519486,0.2571251690387726,0.5903271436691284,0.1705547720193863
YGR245C,YER123W,0,-0.79529506,0.2569659352302551,0.5903271436691284,0.17069701850414276
YMR230W,YJL056C,0,-0.7954944,0.2568069398403168,0.5903271436691284,0.17083926498889923
YER042W,YGL008C,0,-0.7955976,0.25664812326431274,0.5903271436691284,0.1709815114736557
YNL190W,YFL055W,0,-0.796001,0.25648948550224304,0.5903271436691284,0.17112375795841217
YOL059W,YFR051C,0,-0.7967554,0.25633105635643005,0.5903271436691284,0.17126600444316864
YNL339C,YOR224C,0,-0.79682463,0.2561728358268738,0.5903271436691284,0.1714082509279251
YDR434W,YHL008C,0,-0.7968694,0.25601479411125183,0.5903271436691284,0.17155049741268158
YER142C,YGL192W,0,-0.79706556,0.2558569610118866,0.5903271436691284,0.17169274389743805
YOL123W,YHR187W,0,-0.7971158,0.2556993365287781,0.5903271436691284,0.17183499038219452
YNL294C,YNL045W,0,-0.79720557,0.2555418610572815,0.5903271436691284,0.171977236866951
YLR357W,YDR177W,0,-0.7978832,0.255384624004364,0.5903271436691284,0.17211948335170746
YFL049W,YOR182C,0,-0.7979798,0.25522756576538086,0.5903271436691284,0.17226172983646393
YDL230W,YNL045W,0,-0.7980667,0.25507068634033203,0.5903271436691284,0.1724039763212204
YGL253W,YFL029C,0,-0.7985333,0.2549140155315399,0.5903271436691284,0.17254623770713806
YIL131C,YJL018W,0,-0.79853344,0.25475752353668213,0.5903271436691284,0.17268848419189453
YMR323W,YER094C,0,-0.7985434,0.25460124015808105,0.5903271436691284,0.172830730676651
YOR010C,YPR148C,0,-0.7986464,0.2544451355934143,0.5903271436691284,0.17297297716140747
YLR249W,YLR090W,0,-0.7986804,0.2542892098426819,0.5903271436691284,0.17311522364616394
YJR088C,YKL059C,0,-0.79894066,0.2541334927082062,0.5903271436691284,0.1732574701309204
YER044C,YGL187C,0,-0.79907364,0.2539779543876648,0.5903271436691284,0.17339971661567688
YGL043W,YJL098W,0,-0.79932225,0.2538226246833801,0.5903271436691284,0.17354196310043335
YLR238W,YKR078W,0,-0.79959756,0.2536674737930298,0.5903271436691284,0.17368420958518982
YOR332W,YLR450W,0,-0.7996013,0.25351253151893616,0.5903271436691284,0.1738264560699463
YML022W,YOR022C,0,-0.79983515,0.25335776805877686,0.5903271436691284,0.17396870255470276
YER033C,YPR156C,0,-0.7998969,0.2532031834125519,0.5903271436691284,0.17411094903945923
YNL181W,YDR056C,0,-0.8001116,0.25304877758026123,0.5903271436691284,0.1742531955242157
YLL067C,YGL120C,0,-0.80022436,0.2528945803642273,0.5903271436691284,0.17439544200897217
YDR057W,YOR344C,0,-0.8006237,0.2527405619621277,0.5903271436691284,0.17453768849372864
YLR307W,YDR367W,0,-0.8007848,0.2525867223739624,0.5903271436691284,0.1746799498796463
YKL006W,YDR347W,0,-0.8010879,0.25243309140205383,0.5903271436691284,0.17482219636440277
YOL125W,YMR318C,0,-0.8016864,0.2522796392440796,0.5903271436691284,0.17496444284915924
YBL024W,YNR075W,0,-0.801931,0.2521263659000397,0.5903271436691284,0.1751066893339157
YNL339C,YGR220C,0,-0.80231035,0.2519732713699341,0.5903271436691284,0.17524893581867218
YDR450W,YNR063W,0,-0.8024346,0.2518203854560852,0.5903271436691284,0.17539118230342865
YLR222C,YPL189C-A,0,-0.80250233,0.25166767835617065,0.5903271436691284,0.17553342878818512
YGR231C,YIL082W-A,0,-0.8026393,0.25151515007019043,0.5903271436691284,0.1756756752729416
YKL077W,YIR022W,0,-0.8027015,0.25136280059814453,0.5903271436691284,0.17581792175769806
YDR224C,YPL048W,0,-0.80270535,0.25121065974235535,0.5903271436691284,0.17596016824245453
YCR077C,YPL237W,1,-0.80304325,0.2516636550426483,0.5917496681213379,0.17596016824245453
YDL205C,YHR080C,0,-0.8032892,0.25151148438453674,0.5917496681213379,0.176102414727211
YJR105W,YNR016C,0,-0.80329365,0.2513595223426819,0.5917496681213379,0.17624466121196747
YJL033W,YER174C,0,-0.80350757,0.25120773911476135,0.5917496681213379,0.17638690769672394
YDR394W,YLL006W,0,-0.8036623,0.25105613470077515,0.5917496681213379,0.1765291541814804
YGR280C,YBL036C,0,-0.8036635,0.25090470910072327,0.5917496681213379,0.17667141556739807
YER180C,YDL114W,0,-0.80370474,0.2507534623146057,0.5917496681213379,0.17681366205215454
YKL211C,YNR073C,0,-0.80415314,0.2506024241447449,0.5917496681213379,0.176955908536911
YML047C,YKL196C,0,-0.8044645,0.25045153498649597,0.5917496681213379,0.17709815502166748
YKL195W,YJR056C,0,-0.8045158,0.2503008544445038,0.5917496681213379,0.17724040150642395
YER087C-A,YML069W,0,-0.80474764,0.25015032291412354,0.5917496681213379,0.17738264799118042
YMR104C,YNL063W,0,-0.80476487,0.25,0.5917496681213379,0.1775248944759369
YNL045W,YOL148C,0,-0.80505705,0.2498498558998108,0.5917496681213379,0.17766714096069336
YGR037C,YBR227C,0,-0.8051556,0.24969987571239471,0.5917496681213379,0.17780938744544983
YMR260C,YEL034W,1,-0.8054503,0.2501499652862549,0.5931721329689026,0.17780938744544983
YJL048C,YLR158C,0,-0.80594575,0.25,0.5931721329689026,0.1779516339302063
YML078W,YPR036W,0,-0.80635554,0.24985021352767944,0.5931721329689026,0.17809388041496277
YDL079C,YKL077W,0,-0.80651814,0.2497006058692932,0.5931721329689026,0.17823612689971924
YOR133W,YJL028W,0,-0.80675143,0.24955116212368011,0.5931721329689026,0.1783783733844757
YJL046W,YPR118W,0,-0.8070618,0.24940191209316254,0.5931721329689026,0.17852061986923218
YDR091C,YGR054W,1,-0.80718154,0.2498505711555481,0.5945945978164673,0.17852061986923218
YHR196W,YML075C,0,-0.80741,0.24970132112503052,0.5945945978164673,0.17866286635398865
YHR116W,YIL098C,0,-0.80759853,0.24955223500728607,0.5945945978164673,0.1788051277399063
YNL312W,YKL096W,0,-0.80768716,0.24940334260463715,0.5945945978164673,0.17894737422466278
YBR154C,YDR375C,0,-0.8077808,0.24925461411476135,0.5945945978164673,0.17908962070941925
YGR128C,YLR077W,0,-0.807822,0.24910607933998108,0.5945945978164673,0.17923186719417572
YFR024C-A,YGL008C,0,-0.80799514,0.24895770847797394,0.5945945978164673,0.1793741136789322
YGR286C,YNL306W,0,-0.8085137,0.24880951642990112,0.5945945978164673,0.17951636016368866
YDR489W,YBL061C,0,-0.8086158,0.24866151809692383,0.5945945978164673,0.17965860664844513
YKL086W,YFR003C,0,-0.8086208,0.24851366877555847,0.5945945978164673,0.1798008531332016
YFR014C,YDR148C,0,-0.80863464,0.24836601316928864,0.5945945978164673,0.17994309961795807
YKL218C,YKL141W,0,-0.8086959,0.24821852147579193,0.5945945978164673,0.18008534610271454
YML031W,YLR057W,0,-0.8088977,0.24807122349739075,0.5945945978164673,0.180227592587471
YER032W,YDR037W,0,-0.80904806,0.2479240745306015,0.5945945978164673,0.18036983907222748
YEL064C,YER087C-A,0,-0.80914277,0.24777711927890778,0.5945945978164673,0.18051208555698395
YDR155C,YJL089W,0,-0.8092944,0.24763032793998718,0.5945945978164673,0.18065433204174042
YDR224C,YCR005C,0,-0.8094662,0.24748371541500092,0.5945945978164673,0.18079659342765808
YGL130W,YJR019C,0,-0.80958635,0.24733728170394897,0.5945945978164673,0.18093883991241455
YMR012W,YGL107C,1,-0.8095892,0.2477823793888092,0.596017062664032,0.18093883991241455
YDL129W,YER031C,0,-0.8097264,0.24763593077659607,0.596017062664032,0.18108108639717102
YDR210W,YJR052W,0,-0.8097445,0.24748966097831726,0.596017062664032,0.1812233328819275
YOR348C,YFR010W,0,-0.80987483,0.24734356999397278,0.596017062664032,0.18136557936668396
YER086W,YDL076C,0,-0.8100298,0.24719764292240143,0.596017062664032,0.18150782585144043
YKL052C,YOR027W,0,-0.81024045,0.2470518797636032,0.596017062664032,0.1816500723361969
YJR015W,YER148W,0,-0.811303,0.2469063103199005,0.596017062664032,0.18179231882095337
YCR081W,YEL021W,0,-0.8114385,0.24676088988780975,0.596017062664032,0.18193456530570984
YNL007C,YEL034W,1,-0.81147057,0.2472042441368103,0.5974395275115967,0.18193456530570984
YJR045C,YPR071W,0,-0.8114858,0.24705882370471954,0.5974395275115967,0.1820768117904663
YIL010W,YPL081W,0,-0.8115123,0.2469135820865631,0.5974395275115967,0.18221905827522278
YLR413W,YDR379W,0,-0.81169575,0.2467685043811798,0.5974395275115967,0.18236130475997925
YKL108W,YCR045C,0,-0.8118828,0.24662360548973083,0.5974395275115967,0.18250355124473572
YGL049C,YPL237W,1,-0.81229764,0.2470657229423523,0.5988619923591614,0.18250355124473572
YDR169C,YMR101C,0,-0.8125359,0.24692082405090332,0.5988619923591614,0.1826457977294922
YDR091C,YPR086W,1,-0.81264883,0.24736225605010986,0.6002845168113708,0.1826457977294922
YDL038C,YBR240C,0,-0.8127958,0.2472173422574997,0.6002845168113708,0.18278804421424866
YFR024C,YJR123W,0,-0.81321305,0.24707259237766266,0.6002845168113708,0.18293030560016632
YGR245C,YOL103W,0,-0.8133349,0.24692802131175995,0.6002845168113708,0.1830725520849228
YOL096C,YLR048W,0,-0.81342524,0.24678362905979156,0.6002845168113708,0.18321479856967926
YCL069W,YBR056W,0,-0.81374544,0.24663938581943512,0.6002845168113708,0.18335704505443573
YHR200W,YGR158C,0,-0.8137807,0.246495321393013,0.6002845168113708,0.1834992915391922
YDR200C,YOL041C,0,-0.8140946,0.2463514357805252,0.6002845168113708,0.18364153802394867
YPL239W,YNL206C,0,-0.8141467,0.24620769917964935,0.6002845168113708,0.18378378450870514
YOL023W,YGR054W,1,-0.8141479,0.24664722383022308,0.6017069816589355,0.18378378450870514
YOR231W,YNR061C,0,-0.81438494,0.24650350213050842,0.6017069816589355,0.1839260309934616
YNL252C,YLR312C-B,0,-0.81457347,0.2463599294424057,0.6017069816589355,0.18406827747821808
YBR069C,YJR131W,0,-0.8146454,0.2462165355682373,0.6017069816589355,0.18421052396297455
YLL028W,YBR179C,0,-0.8147077,0.24607330560684204,0.6017069816589355,0.18435277044773102
YEL026W,YML075C,0,-0.8153929,0.2459302395582199,0.6017069816589355,0.1844950169324875
YGR096W,YGL253W,0,-0.8154139,0.2457873374223709,0.6017069816589355,0.18463726341724396
YPL088W,YER176W,0,-0.8154459,0.24564459919929504,0.6017069816589355,0.18477950990200043
YDL240W,YBR016W,0,-0.8154958,0.2455020248889923,0.6017069816589355,0.1849217712879181
YOL055C,YMR074C,0,-0.8159385,0.2453596293926239,0.6017069816589355,0.18506401777267456
YNL318C,YGL121C,0,-0.81611794,0.24521739780902863,0.6017069816589355,0.18520626425743103
YLR027C,YJR064W,0,-0.81620395,0.2450753152370453,0.6017069816589355,0.1853485107421875
YDR361C,YEL002C,0,-0.8162918,0.24493341147899628,0.6017069816589355,0.18549075722694397
YMR268C,YJL012C,0,-0.8164262,0.2447916716337204,0.6017069816589355,0.18563300371170044
YBL090W,YJR014W,1,-0.8165135,0.24522845447063446,0.6031294465065002,0.18563300371170044
YKL193C,YIL099W,0,-0.81719714,0.2450866997241974,0.6031294465065002,0.1857752501964569
YER025W,YPL118W,1,-0.81721526,0.24552281200885773,0.6045519113540649,0.1857752501964569
YMR086W,YJL012C,0,-0.8173163,0.24538105726242065,0.6045519113540649,0.18591749668121338
YEL016C,YER108C,0,-0.8173786,0.2452394664287567,0.6045519113540649,0.18605974316596985
YHL025W,YNL063W,0,-0.817671,0.2450980395078659,0.6045519113540649,0.18620198965072632
YGL135W,YPL265W,0,-0.8182034,0.24495677649974823,0.6045519113540649,0.1863442361354828
YBR154C,YDL165W,0,-0.81825113,0.2448156625032425,0.6045519113540649,0.18648648262023926
YDL124W,YKL185W,0,-0.8190128,0.24467472732067108,0.6045519113540649,0.18662872910499573
YMR263W,YCR088W,0,-0.8190188,0.2445339411497116,0.6045519113540649,0.1867709755897522
YGL009C,YDL075W,0,-0.8191219,0.24439333379268646,0.6045519113540649,0.18691322207450867
YAL019W,YPL172C,0,-0.8193585,0.24425287544727325,0.6045519113540649,0.18705548346042633
YPL118W,YPR041W,1,-0.8194942,0.24468696117401123,0.6059743762016296,0.18705548346042633
YML025C,YBL004W,0,-0.81977904,0.24454650282859802,0.6059743762016296,0.1871977299451828
YDR270W,YER087C-A,0,-0.81980634,0.24440619349479675,0.6059743762016296,0.18733997642993927
YER081W,YKR058W,0,-0.8202496,0.24426604807376862,0.6059743762016296,0.18748222291469574
YML013W,YHL044W,0,-0.8204754,0.2441260814666748,0.6059743762016296,0.1876244693994522
YKL138C-A,YOL041C,0,-0.8205717,0.24398624897003174,0.6059743762016296,0.18776671588420868
YOL096C,YGL231C,0,-0.8209388,0.243846595287323,0.6059743762016296,0.18790896236896515
YMR171C,YPR021C,0,-0.8210538,0.2437070906162262,0.6059743762016296,0.18805120885372162
YNL173C,YGR204W,0,-0.82135695,0.24356774985790253,0.6059743762016296,0.1881934553384781
YFR016C,YML074C,0,-0.821367,0.243428573012352,0.6059743762016296,0.18833570182323456
YEL060C,YJR025C,0,-0.82177365,0.2432895451784134,0.6059743762016296,0.18847794830799103
YLR150W,YOL023W,1,-0.8219226,0.24372145533561707,0.6073968410491943,0.18847794830799103
YER108C,YBR038W,0,-0.8219782,0.24358242750167847,0.6073968410491943,0.1886201947927475
YBR132C,YFR042W,0,-0.8223284,0.243443563580513,0.6073968410491943,0.18876244127750397
YGR122W,YJR102C,0,-0.8224994,0.24330484867095947,0.6073968410491943,0.18890468776226044
YER060W,YDR384C,0,-0.8227774,0.24316628277301788,0.6073968410491943,0.1890469342470169
YJR120W,YDR488C,0,-0.82306355,0.24302789568901062,0.6073968410491943,0.18918919563293457
YCR024C-A,YNL067W,0,-0.82319427,0.2428896427154541,0.6073968410491943,0.18933144211769104
YDR331W,YBL067C,0,-0.8235138,0.2427515685558319,0.6073968410491943,0.1894736886024475
YIL112W,YPR003C,0,-0.82352805,0.24261364340782166,0.6073968410491943,0.18961593508720398
YBL090W,YNL244C,1,-0.82352835,0.2430437207221985,0.6088193655014038,0.18961593508720398
YHR202W,YBR160W,0,-0.8237417,0.24290579557418823,0.6088193655014038,0.18975818157196045
YBL013W,YKR059W,1,-0.82394594,0.24333521723747253,0.6102418303489685,0.18975818157196045
YBR041W,YLR194C,0,-0.82423776,0.2431972771883011,0.6102418303489685,0.18990042805671692
YLR132C,YPL172C,0,-0.82426673,0.24305948615074158,0.6102418303489685,0.1900426745414734
YDL229W,YCL051W,0,-0.8242935,0.2429218590259552,0.6102418303489685,0.19018492102622986
YLR408C,YPL130W,0,-0.8243134,0.24278438091278076,0.6102418303489685,0.19032716751098633
YHR079C-B,YOR250C,0,-0.82501113,0.24264705181121826,0.6102418303489685,0.1904694139957428
YAL048C,YDR239C,0,-0.8250117,0.2425098866224289,0.6102418303489685,0.19061166048049927
YLR448W,YCL067C,0,-0.82504565,0.24237288534641266,0.6102418303489685,0.19075390696525574
YEL011W,YJL160C,0,-0.82526344,0.24223601818084717,0.6102418303489685,0.1908961534500122
YMR322C,YIR007W,0,-0.8254563,0.242099329829216,0.6102418303489685,0.19103839993476868
YER183C,YNL246W,0,-0.82601863,0.24196277558803558,0.6102418303489685,0.19118066132068634
YMR224C,YFL024C,0,-0.8260611,0.2418263852596283,0.6102418303489685,0.1913229078054428
YCL062W,YER102W,0,-0.8261189,0.24169014394283295,0.6102418303489685,0.19146515429019928
YNR071C,YGL147C,0,-0.82613677,0.24155405163764954,0.6102418303489685,0.19160740077495575
YKL100C,YIL072W,0,-0.8261821,0.24141812324523926,0.6102418303489685,0.19174964725971222
YPL048W,YBR201W,0,-0.826227,0.24128234386444092,0.6102418303489685,0.1918918937444687
YLR363C,YML033W,0,-0.8262701,0.24114671349525452,0.6102418303489685,0.19203414022922516
YDR300C,YBR090C-A,0,-0.82669854,0.24101123213768005,0.6102418303489685,0.19217638671398163
YGR205W,YMR175W,0,-0.82670677,0.24087591469287872,0.6102418303489685,0.1923186331987381
YIL010W,YBL010C,0,-0.8268548,0.24074074625968933,0.6102418303489685,0.19246087968349457
YIL155C,YGL023C,0,-0.82834464,0.24060572683811188,0.6102418303489685,0.19260312616825104
YKL152C,YDR255C,0,-0.82872975,0.24047085642814636,0.6102418303489685,0.1927453726530075
YIR023W,YOR293W,0,-0.8287993,0.24033613502979279,0.6102418303489685,0.19288761913776398
YIL011W,YBR169C,0,-0.829284,0.24020156264305115,0.6102418303489685,0.19302986562252045
YAR010C,YPR128C,0,-0.8293544,0.24006715416908264,0.6102418303489685,0.19317211210727692
YDR422C,YKL077W,0,-0.82939225,0.23993287980556488,0.6102418303489685,0.19331437349319458
YJR046W,YPL085W,0,-0.8294372,0.23979876935482025,0.6102418303489685,0.19345661997795105
YDR122W,YGL206C,0,-0.82968396,0.23966480791568756,0.6102418303489685,0.19359886646270752
YER078C,YNL291C,0,-0.8297751,0.2395309954881668,0.6102418303489685,0.193741112947464
YER184C,YER023W,0,-0.83008885,0.2393973171710968,0.6102418303489685,0.19388335943222046
YPR003C,YHR178W,0,-0.8301004,0.23926380276679993,0.6102418303489685,0.19402560591697693
YEL004W,YNR071C,0,-0.8301941,0.239130437374115,0.6102418303489685,0.1941678524017334
YBR186W,YHL001W,0,-0.83036196,0.238997220993042,0.6102418303489685,0.19431009888648987
YCL011C,YDR385W,0,-0.8304381,0.23886413872241974,0.6102418303489685,0.19445234537124634
YBR088C,YJR104C,0,-0.8304829,0.23873122036457062,0.6102418303489685,0.1945945918560028
YKR075C,YBR296C,0,-0.83082104,0.23859843611717224,0.6102418303489685,0.19473683834075928
YNL225C,YIL148W,0,-0.8308473,0.238465815782547,0.6102418303489685,0.19487908482551575
YOR151C,YDR347W,0,-0.8310708,0.2383333295583725,0.6102418303489685,0.19502133131027222
YKL158W,YOR125C,0,-0.8312244,0.23820099234580994,0.6102418303489685,0.1951635777950287
YGR245C,YER081W,0,-0.83136696,0.2380688190460205,0.6102418303489685,0.19530583918094635
YGL049C,YPL118W,1,-0.8314658,0.23849140107631683,0.6116642951965332,0.19530583918094635
YDR034C-D,YDR358W,0,-0.8318948,0.23835919797420502,0.6116642951965332,0.19544808566570282
YPR004C,YOL056W,0,-0.8319916,0.23822714388370514,0.6116642951965332,0.1955903321504593
YNL046W,YIL015W,0,-0.8320697,0.2380952388048172,0.6116642951965332,0.19573257863521576
YCR077C,YOL139C,1,-0.8321048,0.2385168820619583,0.6130867600440979,0.19573257863521576
YDR268W,YOR233W,0,-0.8326718,0.23838496208190918,0.6130867600440979,0.19587482511997223
YKR094C,YIL063C,0,-0.83273774,0.2382531762123108,0.6130867600440979,0.1960170716047287
YML033W,YOR293W,0,-0.8328305,0.23812155425548553,0.6130867600440979,0.19615931808948517
YBL090W,YJR047C,1,-0.8328369,0.23854224383831024,0.6145092248916626,0.19615931808948517
YGL205W,YNL336W,0,-0.83284026,0.2384105920791626,0.6145092248916626,0.19630156457424164
YNR012W,YHR020W,0,-0.8328506,0.2382790893316269,0.6145092248916626,0.1964438110589981
YBR055C,YDR365W-A,0,-0.8332516,0.23814773559570312,0.6145092248916626,0.19658605754375458
YKR095W-A,YKR039W,0,-0.83368576,0.2380165308713913,0.6145092248916626,0.19672830402851105
YGR287C,YML033W,0,-0.8338376,0.2378854602575302,0.6145092248916626,0.19687055051326752
YLR092W,YFR047C,0,-0.8342831,0.23775453865528107,0.6145092248916626,0.197012796998024
YBR035C,YNL176C,0,-0.8343542,0.23762376606464386,0.6145092248916626,0.19715504348278046
YGL205W,YHR113W,0,-0.83438575,0.2374931275844574,0.6145092248916626,0.19729728996753693
YHR039C-B,YDR482C,0,-0.8344574,0.23736263811588287,0.6145092248916626,0.1974395513534546
YOR326W,YPR048W,0,-0.83471143,0.2372322827577591,0.6145092248916626,0.19758179783821106
YDR345C,YOR027W,0,-0.8349697,0.23710209131240845,0.6145092248916626,0.19772404432296753
YMR130W,YGL012W,0,-0.83501416,0.23697201907634735,0.6145092248916626,0.197866290807724
YML010W,YNL224C,0,-0.8351014,0.2368421107530594,0.6145092248916626,0.19800853729248047
YNL145W,YJR064W,0,-0.8351934,0.23671232163906097,0.6145092248916626,0.19815078377723694
YNL062C,YGR054W,1,-0.83583313,0.23713034391403198,0.6159317493438721,0.19815078377723694
YER140W,YLR298C,0,-0.8359529,0.23700053989887238,0.6159317493438721,0.1982930302619934
YJR014W,YGL107C,1,-0.8360271,0.23741793632507324,0.6173542141914368,0.1982930302619934
YOR260W,YBL090W,1,-0.83615804,0.2378348857164383,0.6187766790390015,0.1982930302619934
YJL109C,YJR013W,0,-0.8361777,0.23770491778850555,0.6187766790390015,0.19843527674674988
YKL101W,YKL138C-A,0,-0.83633465,0.23757509887218475,0.6187766790390015,0.19857752323150635
YEL001C,YER072W,0,-0.83643395,0.2374454140663147,0.6187766790390015,0.19871976971626282
YNL007C,YER153C,1,-0.8367105,0.23786142468452454,0.6201991438865662,0.19871976971626282
YMR134W,YNL169C,0,-0.83682966,0.23773173987865448,0.6201991438865662,0.1988620162010193
YPR121W,YDL214C,0,-0.83684695,0.23760217428207397,0.6201991438865662,0.19900426268577576
YHL018W,YLL050C,0,-0.8370941,0.2374727725982666,0.6201991438865662,0.19914650917053223
YOL140W,YDL025C,0,-0.8371865,0.23734349012374878,0.6201991438865662,0.1992887556552887
YOR096W,YGR286C,0,-0.83719504,0.2372143566608429,0.6201991438865662,0.19943101704120636
YDR412W,YBR021W,0,-0.8373504,0.23708537220954895,0.6201991438865662,0.19957326352596283
YCR024C-A,YLR409C,0,-0.8373603,0.23695652186870575,0.6201991438865662,0.1997155100107193
YBL106C,YDL141W,0,-0.8374547,0.2368278056383133,0.6201991438865662,0.19985775649547577
YGL018C,YDR170W-A,0,-0.83749646,0.23669923841953278,0.6201991438865662,0.20000000298023224
YHR104W,YGR038C-B,0,-0.8376604,0.236570805311203,0.6201991438865662,0.2001422494649887
YDR213W,YIL111W,0,-0.83791894,0.23644252121448517,0.6201991438865662,0.20028449594974518
YDR316W-B,YLR368W,0,-0.8379323,0.23631435632705688,0.6201991438865662,0.20042674243450165
YCR072C,YBR086C,0,-0.8379529,0.23618635535240173,0.6201991438865662,0.20056898891925812
YKL212W,YPR068C,0,-0.83800626,0.23605847358703613,0.6201991438865662,0.2007112354040146
YGL116W,YOL029C,0,-0.83802557,0.23593074083328247,0.6201991438865662,0.20085348188877106
YNR032W,YDR134C,0,-0.8382104,0.23580314218997955,0.6201991438865662,0.20099572837352753
YPL217C,YDR316W-A,0,-0.8384203,0.23567567765712738,0.6201991438865662,0.201137974858284
YOL052C-A,YPR158C-D,0,-0.8384508,0.23554834723472595,0.6201991438865662,0.20128022134304047
YFL035C-B,YLL011W,0,-0.83861953,0.23542116582393646,0.6201991438865662,0.20142246782779694
YBL078C,YJR108W,0,-0.8390135,0.23529411852359772,0.6201991438865662,0.2015647292137146
YDR034C-D,YDR338C,0,-0.83910644,0.23516720533370972,0.6201991438865662,0.20170697569847107
YGR060W,YGL120C,0,-0.8392267,0.23504042625427246,0.6201991438865662,0.20184922218322754
YNL062C,YMR282C,1,-0.8394088,0.2354525923728943,0.6216216087341309,0.20184922218322754
YER071C,YKL084W,0,-0.8394329,0.23532579839229584,0.6216216087341309,0.201991468667984
YOL033W,YJL033W,0,-0.8394835,0.23519913852214813,0.6216216087341309,0.20213371515274048
YER069W,YDL222C,0,-0.8395138,0.23507261276245117,0.6216216087341309,0.20227596163749695
YCR077C,YGL107C,1,-0.839765,0.23548386991024017,0.6230440735816956,0.20227596163749695
YLR067C,YDR210W,0,-0.8398767,0.23535732924938202,0.6230440735816956,0.20241820812225342
YOR298C-A,YIL136W,0,-0.8398823,0.2352309376001358,0.6230440735816956,0.2025604546070099
YDR450W,YNR075W,0,-0.8398834,0.23510466516017914,0.6230440735816956,0.20270270109176636
YNL134C,YJL160C,0,-0.83994013,0.2349785417318344,0.6230440735816956,0.20284494757652283
YBR014C,YPR199C,0,-0.840254,0.23485255241394043,0.6230440735816956,0.2029871940612793
YMR291W,YEL061C,0,-0.84028095,0.234726682305336,0.6230440735816956,0.20312944054603577
YER074W-A,YHR129C,0,-0.8403771,0.2346009612083435,0.6230440735816956,0.20327168703079224
YCR029C-A,YBR258C,0,-0.84056675,0.23447537422180176,0.6230440735816956,0.2034139335155487
YML047C,YGR275W,0,-0.8408848,0.23434992134571075,0.6230440735816956,0.20355619490146637
YDR069C,YOR270C,0,-0.84089315,0.2342246025800705,0.6230440735816956,0.20369844138622284
YJL102W,YOL103W,0,-0.84108084,0.23409941792488098,0.6230440735816956,0.2038406878709793
YER056C,YJR098C,0,-0.84111714,0.23397435247898102,0.6230440735816956,0.20398293435573578
YOL138C,YOR192C-B,0,-0.841242,0.233849436044693,0.6230440735816956,0.20412518084049225
YLR136C,YMR215W,0,-0.84142905,0.2337246537208557,0.6230440735816956,0.20426742732524872
YER094C,YJR120W,0,-0.8416657,0.23360000550746918,0.6230440735816956,0.2044096738100052
YLR237W,YPL145C,0,-0.8418277,0.2334754765033722,0.6230440735816956,0.20455192029476166
YGR148C,YML116W,0,-0.84194946,0.23335109651088715,0.6230440735816956,0.20469416677951813
YDR170W-A,YOR247W,0,-0.84197015,0.23322683572769165,0.6230440735816956,0.2048364132642746
YER159C-A,YGR158C,0,-0.8420587,0.2331027090549469,0.6230440735816956,0.20497865974903107
YLR178C,YGL125W,0,-0.8424902,0.2329787164926529,0.6230440735816956,0.20512090623378754
YOR315W,YHR191C,0,-0.8425092,0.23285485804080963,0.6230440735816956,0.205263152718544
YLL038C,YBR156C,0,-0.84257793,0.23273113369941711,0.6230440735816956,0.20540539920330048
YDR117C,YPL237W,1,-0.8429178,0.23313860595226288,0.624466598033905,0.20540539920330048
YLR226W,YAL005C,0,-0.84301853,0.23301486670970917,0.624466598033905,0.20554764568805695
YNR071C,YLR064W,0,-0.8431015,0.232891246676445,0.624466598033905,0.2056899070739746
YJR054W,YML034W,0,-0.8433339,0.2327677607536316,0.624466598033905,0.20583215355873108
YGL243W,YKR078W,0,-0.8433401,0.23264440894126892,0.624466598033905,0.20597440004348755
YJL062W-A,YBR046C,0,-0.8433725,0.232521191239357,0.624466598033905,0.20611664652824402
YIR017C,YOL152W,0,-0.8439632,0.23239809274673462,0.624466598033905,0.2062588930130005
YML081C-A,YDR365W-A,0,-0.844005,0.232275128364563,0.624466598033905,0.20640113949775696
YJL190C,YIR002C,0,-0.84417516,0.2321522980928421,0.624466598033905,0.20654338598251343
YGR037C,YKR092C,0,-0.84418976,0.23202960193157196,0.624466598033905,0.2066856324672699
YHR140W,YHR138C,0,-0.844195,0.23190702497959137,0.624466598033905,0.20682787895202637
YJL052W,YNL030W,0,-0.8442571,0.23178458213806152,0.624466598033905,0.20697012543678284
YGR279C,YCL045C,0,-0.8443571,0.23166227340698242,0.624466598033905,0.2071123719215393
YMR170C,YER005W,0,-0.8443621,0.23154008388519287,0.624466598033905,0.20725461840629578
YML008C,YGR122W,0,-0.84476554,0.23141802847385406,0.624466598033905,0.20739686489105225
YDR034C-C,YAL051W,0,-0.84476966,0.231296107172966,0.624466598033905,0.20753911137580872
YLR008C,YLR227W-A,0,-0.8449434,0.2311743050813675,0.624466598033905,0.20768137276172638
YDR259C,YDR483W,0,-0.8450629,0.23105263710021973,0.624466598033905,0.20782361924648285
YBL020W,YFR032C-A,0,-0.8451892,0.2309310883283615,0.624466598033905,0.20796586573123932
YDR009W,YGR159C,0,-0.84540945,0.23080967366695404,0.624466598033905,0.2081081122159958
YHR136C,YGL089C,0,-0.8454648,0.23068839311599731,0.624466598033905,0.20825035870075226
YCR077C,YMR012W,1,-0.84549123,0.2310924381017685,0.6258890628814697,0.20825035870075226
YCL057C-A,YNL099C,0,-0.84591043,0.23097112774848938,0.6258890628814697,0.20839260518550873
YOL039W,YNL146W,0,-0.84598476,0.230849951505661,0.6258890628814697,0.2085348516702652
YCL062W,YKL194C,0,-0.84605974,0.2307288944721222,0.6258890628814697,0.20867709815502167
YCR040W,YIL087C,0,-0.84616745,0.23060797154903412,0.6258890628814697,0.20881934463977814
YLR040C,YKL049C,0,-0.8461927,0.2304871678352356,0.6258890628814697,0.2089615911245346
YBR105C,YJL062W-A,0,-0.84623265,0.23036649823188782,0.6258890628814697,0.20910383760929108
YKL077W,YGR128C,0,-0.8462413,0.2302459478378296,0.6258890628814697,0.20924608409404755
YDR266C,YEL004W,0,-0.84704566,0.2301255166530609,0.6258890628814697,0.20938833057880402
YER127W,YBR103W,0,-0.8470627,0.23000523447990417,0.6258890628814697,0.20953057706356049
YDR170W-A,YHR113W,0,-0.84706604,0.2298850566148758,0.6258890628814697,0.20967282354831696
YDR273W,YFR024C,0,-0.84712297,0.22976501286029816,0.6258890628814697,0.20981508493423462
YKL027W,YIL110W,0,-0.84737635,0.22964508831501007,0.6258890628814697,0.2099573314189911
YIL112W,YNL327W,0,-0.8474243,0.22952529788017273,0.6258890628814697,0.21009957790374756
YHR105W,YDR256C,0,-0.84759766,0.22940562665462494,0.6258890628814697,0.21024182438850403
YMR047C,YLR039C,0,-0.8476031,0.2292860895395279,0.6258890628814697,0.2103840708732605
YGR161W-A,YDR501W,0,-0.8476731,0.2291666716337204,0.6258890628814697,0.21052631735801697
YLR238W,YHR089C,0,-0.8477677,0.22904737293720245,0.6258890628814697,0.21066856384277344
YOR231W,YHR076W,0,-0.8478901,0.22892819344997406,0.6258890628814697,0.2108108103275299
YAL047C,YHR203C,0,-0.847985,0.2288091480731964,0.6258890628814697,0.21095305681228638
YDR210W-B,YOL084W,0,-0.8479907,0.2286902219057083,0.6258890628814697,0.21109530329704285
YOR151C,YPR065W,0,-0.84814477,0.22857142984867096,0.6258890628814697,0.21123754978179932
YGL178W,YAR019C,0,-0.84820265,0.22845275700092316,0.6258890628814697,0.2113797962665558
YOL157C,YLR154C,0,-0.84820753,0.2283342033624649,0.6258890628814697,0.21152204275131226
YLR064W,YEL071W,0,-0.8483371,0.2282157689332962,0.6258890628814697,0.21166428923606873
YCR010C,YDR316W-B,0,-0.8483845,0.22809745371341705,0.6258890628814697,0.2118065506219864
YDR047W,YDR395W,0,-0.8485976,0.22797927260398865,0.6258890628814697,0.21194879710674286
YER140W,YGL063W,0,-0.8491257,0.2278612107038498,0.6258890628814697,0.21209104359149933
YJL035C,YKL096W,0,-0.84913164,0.2277432680130005,0.6258890628814697,0.2122332900762558
YOR022C,YIL023C,0,-0.8493328,0.22762545943260193,0.6258890628814697,0.21237553656101227
YCR077C,YJR007W,1,-0.8493869,0.22802482545375824,0.6273115277290344,0.21237553656101227
YLR157C-B,YLR356W,0,-0.84942615,0.2279069721698761,0.6273115277290344,0.21251778304576874
YLR259C,YDR261W-B,0,-0.8495913,0.2277892529964447,0.6273115277290344,0.2126600295305252
YAR066W,YGR203W,0,-0.84977114,0.22767165303230286,0.6273115277290344,0.21280227601528168
YHR215W,YAL008W,0,-0.8499664,0.22755417227745056,0.6273115277290344,0.21294452250003815
YOL115W,YML043C,0,-0.8499787,0.227436825633049,0.6273115277290344,0.21308676898479462
YCL019W,YDR430C,0,-0.8502035,0.22731958329677582,0.6273115277290344,0.2132290154695511
YMR291W,YBR133C,0,-0.85023504,0.22720247507095337,0.6273115277290344,0.21337126195430756
YKL199C,YGR165W,0,-0.8503453,0.22708548605442047,0.6273115277290344,0.21351350843906403
YCR107W,YDR098C-B,0,-0.8503662,0.22696860134601593,0.6273115277290344,0.2136557549238205
YNL054W-A,YDL160C,0,-0.8507219,0.22685185074806213,0.6273115277290344,0.21379800140857697
YOR192C-B,YDL247W,0,-0.8508362,0.2267352193593979,0.6273115277290344,0.21394026279449463
YLR345W,YLL014W,0,-0.8509338,0.2266187071800232,0.6273115277290344,0.2140825092792511
YDR481C,YNR016C,0,-0.8510226,0.22650231420993805,0.6273115277290344,0.21422475576400757
YDR517W,YIR008C,0,-0.85109043,0.22638604044914246,0.6273115277290344,0.21436700224876404
YLR056W,YOR246C,0,-0.8511125,0.2262698858976364,0.6273115277290344,0.2145092487335205
YOL076W,YHL009W-B,0,-0.85123,0.22615385055541992,0.6273115277290344,0.21465149521827698
YDL004W,YDR471W,0,-0.85125464,0.22603793442249298,0.6273115277290344,0.21479374170303345
YML054C,YNL139C,0,-0.8512681,0.2259221374988556,0.6273115277290344,0.21493598818778992
YGR207C,YPL253C,0,-0.8515243,0.22580644488334656,0.6273115277290344,0.2150782346725464
YOR234C,YGL253W,0,-0.85181916,0.22569088637828827,0.6273115277290344,0.21522048115730286
YDR343C,YDR170W-A,0,-0.85192037,0.22557544708251953,0.6273115277290344,0.21536272764205933
YCR098C,YLR075W,0,-0.8520545,0.22546012699604034,0.6273115277290344,0.2155049741268158
YPR137C-B,YPL270W,0,-0.8520811,0.22534491121768951,0.6273115277290344,0.21564722061157227
YFL035C-B,YMR015C,0,-0.8521534,0.22522982954978943,0.6273115277290344,0.21578946709632874
YER141W,YOR177C,0,-0.85223275,0.2251148521900177,0.6273115277290344,0.2159317284822464
YJR139C,YPL072W,0,-0.85224223,0.22499999403953552,0.6273115277290344,0.21607397496700287
YBL007C,YEL047C,0,-0.85228986,0.2248852699995041,0.6273115277290344,0.21621622145175934
YBL002W,YAL055W,0,-0.85246783,0.22477063536643982,0.6273115277290344,0.2163584679365158
YNL270C,YLL018C,0,-0.8525004,0.2246561348438263,0.6273115277290344,0.21650071442127228
YOR240W,YHR169W,0,-0.85251665,0.22454175353050232,0.6273115277290344,0.21664296090602875
YKL032C,YML074C,0,-0.85255396,0.2244274765253067,0.6273115277290344,0.21678520739078522
YJL102W,YOR343W-A,0,-0.85277975,0.22431333363056183,0.6273115277290344,0.2169274538755417
YJL062W-A,YML070W,0,-0.8528346,0.2241992950439453,0.6273115277290344,0.21706970036029816
YGL245W,YOR381W,0,-0.85290146,0.22408536076545715,0.6273115277290344,0.21721194684505463
YDR316W-B,YMR042W,0,-0.85314816,0.22397156059741974,0.6273115277290344,0.2173541933298111
YEL060C,YOR245C,0,-0.85325307,0.22385786473751068,0.6273115277290344,0.21749643981456757
YOR348C,YDL064W,0,-0.8534233,0.22374428808689117,0.6273115277290344,0.21763868629932404
YEL059C-A,YJL050W,0,-0.8535553,0.22363083064556122,0.6273115277290344,0.2177809327840805
YHL036W,YNL287W,0,-0.8536555,0.2235174924135208,0.6273115277290344,0.21792317926883698
YCR070W,YHR215W,0,-0.8536748,0.22340425848960876,0.6273115277290344,0.21806544065475464
YBR112C,YIL168W,0,-0.85375714,0.22329114377498627,0.6273115277290344,0.2182076871395111
YDR037W,YML131W,0,-0.8538703,0.22317813336849213,0.6273115277290344,0.21834993362426758
YOL138C,YOR001W,0,-0.85392433,0.22306525707244873,0.6273115277290344,0.21849218010902405
YPR158W-A,YDR016C,0,-0.8539357,0.2229524701833725,0.6273115277290344,0.21863442659378052
YMR261C,YGL126W,0,-0.8539774,0.222839817404747,0.6273115277290344,0.218776673078537
YGR026W,YMR221C,0,-0.85402423,0.22272726893424988,0.6273115277290344,0.21891891956329346
YBR264C,YHR133C,0,-0.8543463,0.2226148396730423,0.6273115277290344,0.21906116604804993
YOR231W,YFL035C-A,0,-0.8543739,0.22250252962112427,0.6273115277290344,0.2192034125328064
YOR115C,YDR365W-A,0,-0.85443753,0.2223903238773346,0.6273115277290344,0.21934565901756287
YDL012C,YML029W,0,-0.8544569,0.22227822244167328,0.6273115277290344,0.21948790550231934
YFR024C,YOR197W,0,-0.8544833,0.2221662402153015,0.6273115277290344,0.2196301519870758
YLR433C,YGR038C-A,0,-0.8544947,0.2220543771982193,0.6273115277290344,0.21977239847183228
YNL318C,YNR073C,0,-0.8551416,0.22194263339042664,0.6273115277290344,0.21991464495658875
YDL209C,YDR257C,0,-0.8551472,0.22183097898960114,0.6273115277290344,0.2200569063425064
YPL118W,YGR083C,1,-0.8551995,0.2222222238779068,0.6287339925765991,0.2200569063425064
YNL321W,YLR154W-C,0,-0.85527366,0.2221105545759201,0.6287339925765991,0.22019915282726288
YKL060C,YPL198W,0,-0.8554308,0.22199898958206177,0.6287339925765991,0.22034139931201935
YLR069C,YNL292W,0,-0.8554573,0.22188754379749298,0.6287339925765991,0.22048364579677582
YPL237W,YER153C,1,-0.85553473,0.22227796912193298,0.6301564574241638,0.22048364579677582
YJL062W-A,YOR208W,0,-0.8558694,0.2221664935350418,0.6301564574241638,0.2206258922815323
YHR167W,YLR419W,0,-0.85588366,0.22205513715744019,0.6301564574241638,0.22076813876628876
YFL024C,YKR042W,0,-0.8561334,0.22194388508796692,0.6301564574241638,0.22091038525104523
YDR510W,YHL008C,0,-0.85631365,0.2218327522277832,0.6301564574241638,0.2210526317358017
YDR096W,YPR158C-D,0,-0.856559,0.22172172367572784,0.6301564574241638,0.22119487822055817
YOL059W,YBL037W,0,-0.85666674,0.22161079943180084,0.6301564574241638,0.22133712470531464
YOR141C,YGL245W,0,-0.856699,0.2214999943971634,0.6301564574241638,0.2214793711900711
YLR307W,YOL052C-A,0,-0.85670346,0.2213893085718155,0.6301564574241638,0.22162161767482758
YGL053W,YDR022C,0,-0.8569186,0.22127872705459595,0.6301564574241638,0.22176386415958405
YKL156W,YLR337W,0,-0.8570694,0.22116824984550476,0.6301564574241638,0.22190611064434052
YDR179C,YDL025C,0,-0.85710996,0.22105787694454193,0.6301564574241638,0.22204835712909698
YFL036W,YGL210W-A,0,-0.8572891,0.22094763815402985,0.6301564574241638,0.22219061851501465
YMR264W,YOR088W,0,-0.8573442,0.22083748877048492,0.6301564574241638,0.22233286499977112
YDR034C-C,YGR005C,0,-0.8573846,0.22072745859622955,0.6301564574241638,0.2224751114845276
YOR192C-B,YLR284C,0,-0.85740364,0.22061753273010254,0.6301564574241638,0.22261735796928406
YNR012W,YKL199C,0,-0.85759115,0.22050771117210388,0.6301564574241638,0.22275960445404053
YPL081W,YMR166C,0,-0.85772717,0.22039800882339478,0.6301564574241638,0.222901850938797
YGL049C,YJL138C,1,-0.85796875,0.22078567743301392,0.6315789222717285,0.222901850938797
YBR028C,YPL060C-A,0,-0.85797524,0.22067594528198242,0.6315789222717285,0.22304409742355347
YBL093C,YDR345C,0,-0.8581725,0.22056631743907928,0.6315789222717285,0.22318634390830994
YDL161W,YOL086W-A,0,-0.858246,0.2204568088054657,0.6315789222717285,0.2233285903930664
YGR074W,YGR027W-A,0,-0.8584009,0.22034738957881927,0.6315789222717285,0.22347083687782288
YDL178W,YOL103W-A,0,-0.858458,0.2202380895614624,0.6315789222717285,0.22361308336257935
YJL101C,YPL149W,0,-0.8584655,0.22012890875339508,0.6315789222717285,0.22375532984733582
YER060W,YFL035C-A,0,-0.8585192,0.22001981735229492,0.6315789222717285,0.22389757633209229
YER141W,YOR343W-A,0,-0.85859144,0.21991084516048431,0.6315789222717285,0.22403982281684875
YDR098C-A,YMR098C,0,-0.85859776,0.21980197727680206,0.6315789222717285,0.22418208420276642
YHR142W,YBR055C,0,-0.85859793,0.21969322860240936,0.6315789222717285,0.2243243306875229
YDR316W-B,YCL075W,0,-0.85875654,0.21958456933498383,0.6315789222717285,0.22446657717227936
YKL158W,YIR021W,0,-0.8587684,0.21947602927684784,0.6315789222717285,0.22460882365703583
YCR077C,YJR014W,1,-0.85889125,0.21986165642738342,0.633001446723938,0.22460882365703583
YPR003C,YLR090W,0,-0.85892946,0.21975308656692505,0.633001446723938,0.2247510701417923
YGR088W,YNR071C,0,-0.85895896,0.21964462101459503,0.633001446723938,0.22489331662654877
YER159C-A,YJL181W,0,-0.8589725,0.21953625977039337,0.633001446723938,0.22503556311130524
YML005W,YPL236C,0,-0.85937047,0.21942800283432007,0.633001446723938,0.2251778095960617
YPL194W,YPR102C,0,-0.8594044,0.21931986510753632,0.633001446723938,0.22532005608081818
YGL142C,YMR051C,0,-0.85952175,0.21921181678771973,0.633001446723938,0.22546230256557465
YLR134W,YIR036C,0,-0.8596243,0.2191038876771927,0.633001446723938,0.22560454905033112
YNL284C-B,YNL103W,0,-0.8597566,0.218996062874794,0.633001446723938,0.22574679553508759
YDR034C-D,YHR150W,0,-0.8598901,0.21888834238052368,0.633001446723938,0.22588904201984406
YDR469W,YML106W,0,-0.85992223,0.2187807261943817,0.633001446723938,0.22603128850460052
YJL129C,YGR038C-B,0,-0.8599993,0.2186732143163681,0.633001446723938,0.226173534989357
YER025W,YPR086W,1,-0.8601301,0.21905697882175446,0.6344239115715027,0.226173534989357
YNL284C-B,YMR016C,0,-0.8602177,0.21894943714141846,0.6344239115715027,0.22631579637527466
YOR374W,YIL069C,0,-0.86022574,0.21884199976921082,0.6344239115715027,0.22645804286003113
YDL109C,YLR413W,0,-0.860375,0.21873466670513153,0.6344239115715027,0.2266002893447876
YML014W,YML072C,0,-0.8603806,0.2186274528503418,0.6344239115715027,0.22674253582954407
YKL184W,YBR100W,0,-0.86062443,0.21852032840251923,0.6344239115715027,0.22688478231430054
YKL218C,YHL025W,0,-0.8606339,0.2184133231639862,0.6344239115715027,0.227027028799057
YKR027W,YLR227W-A,0,-0.86079276,0.21830640733242035,0.6344239115715027,0.22716927528381348
YLR426W,YNL054W-B,0,-0.8608255,0.21819961071014404,0.6344239115715027,0.22731152176856995
YBR016W,YIL043C,0,-0.8608274,0.2180929034948349,0.6344239115715027,0.22745376825332642
YNL217W,YGL033W,0,-0.8610685,0.2179863154888153,0.6344239115715027,0.22759601473808289
YPL060C-A,YIL109C,0,-0.8611348,0.21787981688976288,0.6344239115715027,0.22773826122283936
YDR456W,YPR158C-D,0,-0.861153,0.2177734375,0.6344239115715027,0.22788050770759583
YLR158C,YPL257W-A,0,-0.86121124,0.21766714751720428,0.6344239115715027,0.2280227541923523
YER091C,YCL012W,0,-0.8613417,0.21756097674369812,0.6344239115715027,0.22816500067710876
YBR237W,YDL067C,0,-0.8613817,0.21745489537715912,0.6344239115715027,0.22830726206302643
YEL026W,YNL054W-B,0,-0.86142594,0.21734893321990967,0.6344239115715027,0.2284495085477829
YNR043W,YLR068W,0,-0.86146194,0.21724306046962738,0.6344239115715027,0.22859175503253937
YER172C,YOL128C,0,-0.8615244,0.21713729202747345,0.6344239115715027,0.22873400151729584
YCR091W,YBR159W,0,-0.86159694,0.21703162789344788,0.6344239115715027,0.2288762480020523
YPL145C,YPR114W,0,-0.8616795,0.21692606806755066,0.6344239115715027,0.22901849448680878
YOR196C,YDR316W-B,0,-0.8617608,0.2168206125497818,0.6344239115715027,0.22916074097156525
YDR261C-C,YMR281W,0,-0.86182266,0.2167152613401413,0.6344239115715027,0.22930298745632172
YMR274C,YMR166C,0,-0.86207503,0.21660999953746796,0.6344239115715027,0.22944523394107819
YDL056W,YDR365W-A,0,-0.86208475,0.21650485694408417,0.6344239115715027,0.22958748042583466
YPL009C,YNR024W,0,-0.86211926,0.21639980375766754,0.6344239115715027,0.22972972691059113
YGR038C-B,YGL079W,0,-0.86217576,0.21629485487937927,0.6344239115715027,0.2298719733953476
YML022W,YKR052C,0,-0.8622641,0.21619001030921936,0.6344239115715027,0.23001421988010406
YNL145W,YFL037W,0,-0.86227655,0.2160852700471878,0.6344239115715027,0.23015646636486053
YPR140W,YGR283C,0,-0.86244863,0.2159806340932846,0.6344239115715027,0.230298712849617
YDR014W,YHR096C,0,-0.8626558,0.21587608754634857,0.6344239115715027,0.23044097423553467
YNL128W,YLR356W,0,-0.8627793,0.2157716453075409,0.6344239115715027,0.23058322072029114
YMR261C,YHR086W,0,-0.862874,0.21566730737686157,0.6344239115715027,0.2307254672050476
YBR267W,YLR010C,0,-0.86290395,0.2155630737543106,0.6344239115715027,0.23086771368980408
YDR316W-A,YOR192C-A,0,-0.8629618,0.215458944439888,0.6344239115715027,0.23100996017456055
YDR261C-C,YNL167C,0,-0.86301637,0.21535490453243256,0.6344239115715027,0.23115220665931702
YDR365W-A,YLR396C,0,-0.8630965,0.21525096893310547,0.6344239115715027,0.2312944531440735
YER159C-A,YCR066W,0,-0.8631219,0.21514712274074554,0.6344239115715027,0.23143669962882996
YAR008W,YPL060C-A,0,-0.8631584,0.21504339575767517,0.6344239115715027,0.23157894611358643
YGR038C-A,YHL020C,0,-0.86320204,0.21493975818157196,0.6344239115715027,0.2317211925983429
YFL039C,YOR113W,0,-0.8633005,0.2148362249135971,0.6344239115715027,0.23186343908309937
YML047C,YDR210W-A,0,-0.86368614,0.21473278105258942,0.6344239115715027,0.23200568556785583
YDR322W,YLR077W,0,-0.86370397,0.21462945640087128,0.6344239115715027,0.2321479320526123
YOL139C,YBL013W,1,-0.8637986,0.2150072157382965,0.6358463764190674,0.2321479320526123
YGR161C-C,YBR114W,0,-0.86380255,0.2149038463830948,0.6358463764190674,0.23229017853736877
YGL073W,YNR073C,0,-0.8638561,0.21480058133602142,0.6358463764190674,0.23243242502212524
YDR320C,YNL069C,0,-0.86389357,0.21469740569591522,0.6358463764190674,0.2325746864080429
YEL024W,YCR069W,0,-0.86401963,0.21459433436393738,0.6358463764190674,0.23271693289279938
YHR214C-C,YLR229C,0,-0.8640245,0.2144913673400879,0.6358463764190674,0.23285917937755585
YDR098C-A,YGL142C,0,-0.86403006,0.21438848972320557,0.6358463764190674,0.23300142586231232
YGR161C-D,YLR138W,0,-0.8640937,0.2142857164144516,0.6358463764190674,0.2331436723470688
YBR044C,YPL257W-A,0,-0.8641064,0.2141830325126648,0.6358463764190674,0.23328591883182526
YJL208C,YLR227W-A,0,-0.86414826,0.21408045291900635,0.6358463764190674,0.23342816531658173
YPL257W-A,YCL051W,0,-0.86427015,0.21397797763347626,0.6358463764190674,0.2335704118013382
YOR231W,YJR075W,0,-0.8645044,0.21387559175491333,0.6358463764190674,0.23371265828609467
YPR174C,YBR057C,0,-0.86457187,0.21377331018447876,0.6358463764190674,0.23385490477085114
YGR083C,YGL107C,1,-0.86474633,0.2141491323709488,0.6372688412666321,0.23385490477085114
YNL284C-B,YGR096W,0,-0.8650418,0.21404682099819183,0.6372688412666321,0.2339971512556076
YPL106C,YHR106W,0,-0.8650871,0.21394459903240204,0.6372688412666321,0.23413939774036407
YBR056W,YDR186C,0,-0.86515856,0.2138424813747406,0.6372688412666321,0.23428164422512054
YFL009W,YPL012W,0,-0.86523795,0.21374045312404633,0.6372688412666321,0.23442389070987701
YNL330C,YGR024C,0,-0.8653752,0.2136385291814804,0.6372688412666321,0.23456615209579468
YDR316W-A,YAL015C,0,-0.8654348,0.21353669464588165,0.6372688412666321,0.23470839858055115
YNR055C,YNR001C,0,-0.8654612,0.21343496441841125,0.6372688412666321,0.23485064506530762
YPL060C-A,YDR545W,0,-0.8655441,0.2133333384990692,0.6372688412666321,0.2349928915500641
YER061C,YDR303C,0,-0.8656388,0.21323178708553314,0.6372688412666321,0.23513513803482056
YGR193C,YDR210W,0,-0.8657391,0.21313035488128662,0.6372688412666321,0.23527738451957703
YCR038C,YGR109W-A,0,-0.8657942,0.21302901208400726,0.6372688412666321,0.2354196310043335
YDR261W-B,YOR150W,0,-0.86591345,0.21292775869369507,0.6372688412666321,0.23556187748908997
YDR117C,YOL139C,1,-0.866256,0.2133016586303711,0.6386913061141968,0.23556187748908997
YHR136C,YJL062W-A,0,-0.86662996,0.2132003754377365,0.6386913061141968,0.23570412397384644
YOR192C-B,YKL150W,0,-0.86716527,0.21309919655323029,0.6386913061141968,0.2358463704586029
YKL199C,YMR236W,0,-0.86720335,0.21299810707569122,0.6386913061141968,0.23598861694335938
YLR225C,YOR208W,0,-0.8672455,0.21289710700511932,0.6386913061141968,0.23613086342811584
YDR316W-A,YKL060C,0,-0.8672716,0.21279621124267578,0.6386913061141968,0.23627310991287231
YBL008W-A,YJL045W,0,-0.86734015,0.2126954048871994,0.6386913061141968,0.23641535639762878
YOR343C-B,YDR318W,0,-0.86734015,0.21259470283985138,0.6386913061141968,0.23655760288238525
YDR210W-C,YHR076W,0,-0.86734015,0.21249409019947052,0.6386913061141968,0.23669986426830292
YNL024C-A,YLR051C,0,-0.86734015,0.21239356696605682,0.6386913061141968,0.2368421107530594
YNL294C,YOR343C-A,0,-0.86734015,0.21229314804077148,0.6386913061141968,0.23698435723781586
YOL029C,YPL189C-A,0,-0.86734015,0.2121928185224533,0.6386913061141968,0.23712660372257233
YBR233W-A,YBR139W,0,-0.86734015,0.2120925784111023,0.6386913061141968,0.2372688502073288
YDR352W,YPL060C-A,0,-0.86734015,0.21199244260787964,0.6386913061141968,0.23741109669208527
YLR319C,YLR157C-A,0,-0.86734015,0.21189239621162415,0.6386913061141968,0.23755334317684174
YDR210W-B,YAR044W,0,-0.86734015,0.211792454123497,0.6386913061141968,0.2376955896615982
YGL006W,YBL008W-A,0,-0.86734015,0.21169260144233704,0.6386913061141968,0.23783783614635468
YHR035W,YBR100W,0,-0.86734015,0.21159283816814423,0.6386913061141968,0.23798008263111115
YOR240W,YKR105C,0,-0.86734015,0.21149316430091858,0.6386913061141968,0.23812232911586761
YDR210W-C,YMR166C,0,-0.86734015,0.2113935947418213,0.6386913061141968,0.23826457560062408
YOR096W,YBL008W-A,0,-0.86734015,0.21129411458969116,0.6386913061141968,0.23840682208538055
YDR524C-B,YKR099W,0,-0.86734015,0.2111947387456894,0.6386913061141968,0.23854906857013702
YDR210W-D,YPR151C,0,-0.86734015,0.2110954374074936,0.6386913061141968,0.2386913299560547
YDL003W,YOR343C-B,0,-0.86734015,0.21099624037742615,0.6386913061141968,0.23883357644081116
YHR035W,YCL005W-A,0,-0.86734015,0.21089713275432587,0.6386913061141968,0.23897582292556763
YHR143W-A,YCL048W-A,0,-0.86734015,0.21079812943935394,0.6386913061141968,0.2391180694103241
YKL138C-A,YDL144C,0,-0.86734015,0.210699200630188,0.6386913061141968,0.23926031589508057
YHR098C,YHR214W-G,0,-0.86734015,0.2106003761291504,0.6386913061141968,0.23940256237983704
YBL008W-A,YDR345C,0,-0.86734015,0.21050164103507996,0.6386913061141968,0.2395448088645935
YNR073C,YAR070W-A,0,-0.86734015,0.21040299534797668,0.6386913061141968,0.23968705534934998
YBR273C,YHL009W-A,0,-0.86734015,0.21030445396900177,0.6386913061141968,0.23982930183410645
YOR396W,YDL144C,0,-0.86734015,0.21020598709583282,0.6386913061141968,0.23997154831886292
YCR096C,YJL133C-A,0,-0.86734015,0.21010762453079224,0.6386913061141968,0.24011379480361938
YDR513W,YJL133C-A,0,-0.86734015,0.2100093513727188,0.6386913061141968,0.24025604128837585
YHR046C,YAR070W-A,0,-0.86734015,0.20991116762161255,0.6386913061141968,0.24039828777313232
YOR266W,YHR214W-G,0,-0.86734015,0.20981308817863464,0.6386913061141968,0.2405405342578888
YBL101W-A,YHL033C,0,-0.86734015,0.2097150832414627,0.6386913061141968,0.24068278074264526
YOL091W,YAR070W-A,0,-0.86734015,0.20961718261241913,0.6386913061141968,0.24082504212856293
YOL097C,YLR157C-A,0,-0.86734015,0.2095193713903427,0.6386913061141968,0.2409672886133194
YKL139W,YER053C-A,0,-0.86734015,0.20942163467407227,0.6386913061141968,0.24110953509807587
YGR152C,YCL048W-A,0,-0.86734015,0.20932400226593018,0.6386913061141968,0.24125178158283234
YJL062W-A,YNL035C,0,-0.86734015,0.20922647416591644,0.6386913061141968,0.2413940280675888
YDR219C,YGL258W-A,0,-0.86734015,0.20912902057170868,0.6386913061141968,0.24153627455234528
YGL145W,YAR070W-A,0,-0.86734015,0.20903165638446808,0.6386913061141968,0.24167852103710175
YDL164C,YHR214W-G,0,-0.86734015,0.20893438160419464,0.6386913061141968,0.24182076752185822
YNL024C-A,YOR246C,0,-0.86734015,0.20883721113204956,0.6386913061141968,0.24196301400661469
YPR097W,YDR320C-A,0,-0.86734015,0.20874011516571045,0.6386913061141968,0.24210526049137115
YDR365W-B,YDR350C,0,-0.86734015,0.2086431235074997,0.6386913061141968,0.24224750697612762
YBR233W-A,YLL066C,0,-0.86734015,0.2085462212562561,0.6386913061141968,0.2423897534608841
YER108C,YER160C,0,-0.86734015,0.20844939351081848,0.6386913061141968,0.24253199994564056
YOR343C-A,YIL137C,0,-0.86734015,0.20835267007350922,0.6386913061141968,0.24267424643039703
YLR058C,YDR524C-B,0,-0.86734015,0.20825603604316711,0.6386913061141968,0.2428165078163147
YGR027W-B,YLR095C,0,-0.86734015,0.20815947651863098,0.6386913061141968,0.24295875430107117
YOR396W,YPR158W-B,0,-0.86734015,0.2080630213022232,0.6386913061141968,0.24310100078582764
YJR135W-A,YAR070W-A,0,-0.86734015,0.2079666554927826,0.6386913061141968,0.2432432472705841
YMR098C,YLR157C-A,0,-0.86734015,0.20787036418914795,0.6386913061141968,0.24338549375534058
YCL048W-A,YLR045C,0,-0.86734015,0.20777417719364166,0.6386913061141968,0.24352774024009705
YNL024C-A,YAL030W,0,-0.86734015,0.20767807960510254,0.6386913061141968,0.24366998672485352
YHR133C,YER053C-A,0,-0.86734015,0.20758205652236938,0.6386913061141968,0.24381223320960999
YLR345W,YOR343C-B,0,-0.86734015,0.2074861377477646,0.6386913061141968,0.24395447969436646
YHR039C-B,YBR056W,0,-0.86734015,0.20739029347896576,0.6386913061141968,0.24409672617912292
YDL180W,YCR058C,0,-0.86734015,0.2072945535182953,0.6386913061141968,0.2442389726638794
YJL133C-A,YOR188W,0,-0.86734015,0.2071988880634308,0.6386913061141968,0.24438121914863586
YCL048W-A,YLR117C,0,-0.86734015,0.20710332691669464,0.6386913061141968,0.24452346563339233
YBR200W-A,YOR073W,0,-0.86734015,0.20700784027576447,0.6386913061141968,0.2446657121181488
YBL008W-A,YJL179W,0,-0.86734015,0.20691244304180145,0.6386913061141968,0.24480795860290527
YHL009W-A,YJL052W,0,-0.86734015,0.2068171352148056,0.6386913061141968,0.24495021998882294
YJL133C-A,YHR141C,0,-0.86734015,0.20672191679477692,0.6386913061141968,0.2450924664735794
YHR027C,YOR343C-B,0,-0.86734015,0.2066267877817154,0.6386913061141968,0.24523471295833588
YOR240W,YKL091C,0,-0.86734015,0.20653173327445984,0.6386913061141968,0.24537695944309235
YBR200W-A,YMR130W,0,-0.86734015,0.20643678307533264,0.6386913061141968,0.24551920592784882
YOR343C-B,YGR148C,0,-0.86734015,0.2063419073820114,0.6386913061141968,0.24566145241260529
YAR050W,YGL258W-A,0,-0.86734015,0.20624713599681854,0.6386913061141968,0.24580369889736176
YPL079W,YDR210W-D,0,-0.86734015,0.20615243911743164,0.6386913061141968,0.24594594538211823
YLR157C-A,YOR320C,0,-0.86734015,0.2060578316450119,0.6386913061141968,0.2460881918668747
YBR200W-A,YJL003W,0,-0.86734015,0.20596329867839813,0.6386913061141968,0.24623043835163116
YAR070W-A,YDR007W,0,-0.86734015,0.20586887001991272,0.6386913061141968,0.24637268483638763
YJL133C-A,YLR342W,0,-0.86734015,0.20577451586723328,0.6386913061141968,0.2465149313211441
YBL008W-A,YOL008W,0,-0.86734015,0.205680251121521,0.6386913061141968,0.24665717780590057
YKR088C,YBL101W-A,0,-0.86734015,0.20558607578277588,0.6386913061141968,0.24679942429065704
YER054C,YLR157C-B,0,-0.86734015,0.20549198985099792,0.6386913061141968,0.2469416856765747
YJL133C-A,YPL253C,0,-0.86734015,0.20539799332618713,0.6386913061141968,0.24708393216133118
YCL048W-A,YJR113C,0,-0.86734015,0.2053040713071823,0.6386913061141968,0.24722617864608765
YDR210W-C,YKL222C,0,-0.86734015,0.20521023869514465,0.6386913061141968,0.24736842513084412
YOR343C-A,YLR132C,0,-0.86734015,0.20511649549007416,0.6386913061141968,0.24751067161560059
YDR210W-D,YEL018W,0,-0.86734015,0.20502282679080963,0.6386913061141968,0.24765291810035706
YJL179W,YAR070W-A,0,-0.86734015,0.20492926239967346,0.6386913061141968,0.24779516458511353
YAR070W-A,YBL039C,0,-0.86734015,0.20483577251434326,0.6386913061141968,0.24793741106987
YML087C,YPL189C-A,0,-0.86734015,0.20474235713481903,0.6386913061141968,0.24807965755462646
YDR210W-D,YBL075C,0,-0.86734015,0.20464904606342316,0.6386913061141968,0.24822190403938293
YER016W,YOR343C-B,0,-0.86734015,0.20455580949783325,0.6386913061141968,0.2483641505241394
YGL184C,YHL009W-A,0,-0.86734015,0.2044626623392105,0.6386913061141968,0.24850639700889587
YBL008W-A,YGL073W,0,-0.86734015,0.20436958968639374,0.6386913061141968,0.24864864349365234
YDR524C-B,YFR050C,0,-0.86734015,0.20427662134170532,0.6386913061141968,0.2487908899784088
YGL171W,YDR210W-D,0,-0.86734015,0.20418371260166168,0.6386913061141968,0.24893313646316528
YDR018C,YDR320C-A,0,-0.86734015,0.2040909081697464,0.6386913061141968,0.24907539784908295
YCL048W-A,YDL092W,0,-0.86734015,0.20399817824363708,0.6386913061141968,0.24921764433383942
YCL048W-A,YDL168W,0,-0.86734015,0.20390553772449493,0.6386913061141968,0.2493598908185959
YOL103W-A,YJR001W,0,-0.8673499,0.20381298661231995,0.6386913061141968,0.24950213730335236
YGR027W-B,YHR023W,0,-0.8675288,0.20372051000595093,0.6386913061141968,0.24964438378810883
YCR058C,YFL055W,0,-0.8676718,0.20362812280654907,0.6386913061141968,0.2497866302728653
YIL158W,YHR067W,0,-0.86767715,0.20353581011295319,0.6386913061141968,0.24992887675762177
YDR098C-A,YIL052C,0,-0.8676897,0.20344358682632446,0.6386913061141968,0.25007113814353943
YDR266C,YMR014W,0,-0.8679338,0.2033514529466629,0.6386913061141968,0.2502133846282959
YDR236C,YPR158C-D,0,-0.8679356,0.2032593935728073,0.6386913061141968,0.25035563111305237
YKL150W,YNR001C,0,-0.8680325,0.20316742360591888,0.6386913061141968,0.25049787759780884
YOL094C,YBL018C,0,-0.86814827,0.20307552814483643,0.6386913061141968,0.2506401240825653
YML095C,YOR128C,0,-0.86816597,0.20298372209072113,0.6386913061141968,0.2507823705673218
YOL029C,YDR365W-A,0,-0.868265,0.202892005443573,0.6386913061141968,0.25092461705207825
YOL157C,YDR022C,0,-0.86827594,0.20280036330223083,0.6386913061141968,0.2510668635368347
YFR024C,YHL015W,0,-0.86834174,0.20270881056785583,0.6386913061141968,0.2512091100215912
YCL050C,YPL060C-A,0,-0.86840826,0.2026173323392868,0.6386913061141968,0.25135135650634766
YPL047W,YLR054C,0,-0.8685158,0.20252592861652374,0.6386913061141968,0.2514936029911041
YFR003C,YDR367W,0,-0.8685469,0.20243462920188904,0.6386913061141968,0.2516358494758606
YBL040C,YBR100W,0,-0.8686604,0.2023434042930603,0.6386913061141968,0.25177809596061707
YER159C-A,YIL105C,0,-0.8686612,0.20225225389003754,0.6386913061141968,0.25192034244537354
YDR261C-C,YCR063W,0,-0.8688496,0.20216119289398193,0.6386913061141968,0.25206258893013
YNL278W,YOL103W-A,0,-0.8688996,0.2020702064037323,0.6386913061141968,0.2522048354148865
YDL207W,YLR342W,0,-0.8689674,0.20197930932044983,0.6386913061141968,0.25234708189964294
YDR033W,YLR277C,0,-0.8689986,0.20188848674297333,0.6386913061141968,0.2524893283843994
YDR261C-C,YOL149W,0,-0.8690252,0.201797753572464,0.6386913061141968,0.2526315748691559
YDR034C-D,YDR256C,0,-0.86943823,0.20170709490776062,0.6386913061141968,0.25277382135391235
YPL095C,YLR337W,0,-0.86947995,0.20161652565002441,0.6386913061141968,0.2529160678386688
YPL061W,YDL065C,0,-0.8695106,0.20152603089809418,0.6386913061141968,0.2530583143234253
YMR244C-A,YOL008W,0,-0.8695877,0.2014356255531311,0.6386913061141968,0.25320056080818176
YFR049W,YGL008C,0,-0.8698483,0.201345294713974,0.6386913061141968,0.25334280729293823
YBL016W,YKL148C,0,-0.8700123,0.20125503838062286,0.6386913061141968,0.2534850537776947
YLR352W,YBR199W,0,-0.8700411,0.2011648714542389,0.6386913061141968,0.25362730026245117
YJR086W,YPR158C-D,0,-0.8701115,0.20107479393482208,0.6386913061141968,0.25376954674720764
YHR183W,YMR281W,0,-0.87017244,0.20098477602005005,0.6386913061141968,0.2539117932319641
YLR293C,YEL032W,0,-0.87044036,0.20089484751224518,0.6386913061141968,0.2540540397167206
YDR418W,YGL133W,0,-0.8705081,0.20080500841140747,0.6386913061141968,0.25419631600379944
YNL284C-B,YPL210C,0,-0.8705901,0.20071524381637573,0.6386913061141968,0.2543385624885559
YBL090W,YOL139C,1,-0.87064844,0.20107237994670868,0.6401137709617615,0.2543385624885559
YGL171W,YDR478W,0,-0.8710969,0.20098258554935455,0.6401137709617615,0.2544808089733124
YDR312W,YGR135W,0,-0.87118584,0.2008928507566452,0.6401137709617615,0.25462305545806885
YEL016C,YLR194C,0,-0.8712445,0.2008032202720642,0.6401137709617615,0.2547653019428253
YDR261C-C,YHR133C,0,-0.8714417,0.200713649392128,0.6401137709617615,0.2549075484275818
YJL111W,YBR068C,0,-0.8717988,0.20062416791915894,0.6401137709617615,0.25504979491233826
YPR025C,YKR059W,1,-0.8719012,0.20098039507865906,0.641536295413971,0.25504979491233826
YGR109W-A,YMR235C,0,-0.8721515,0.20089086890220642,0.641536295413971,0.2551920413970947
YBR041W,YGL179C,0,-0.87269694,0.20080143213272095,0.641536295413971,0.2553342878818512
YGL039W,YFR003C,0,-0.8727269,0.20071205496788025,0.641536295413971,0.25547653436660767
YOR192C-B,YOR100C,0,-0.87292665,0.2006227821111679,0.641536295413971,0.25561878085136414
YPL012W,YLR077W,0,-0.87293977,0.20053356885910034,0.641536295413971,0.2557610273361206
YMR234W,YJL212C,0,-0.872942,0.20044444501399994,0.641536295413971,0.2559032738208771
YLR200W,YOR233W,0,-0.87303025,0.2003553956747055,0.641536295413971,0.25604552030563354
YDR216W,YCR029C-A,0,-0.8733048,0.20026643574237823,0.641536295413971,0.25618776679039
YDR018C,YIL043C,0,-0.8733213,0.20017753541469574,0.641536295413971,0.2563300132751465
YOL023W,YPR041W,1,-0.87335926,0.20053239166736603,0.6429587602615356,0.2563300132751465
YNL054W-A,YGR234W,0,-0.8734544,0.20044346153736115,0.6429587602615356,0.25647225975990295
YKL173W,YKL164C,0,-0.87348056,0.20035460591316223,0.6429587602615356,0.2566145062446594
YPL101W,YPR070W,0,-0.8737437,0.20026583969593048,0.6429587602615356,0.2567567527294159
YGR161W-A,YDR037W,0,-0.8737819,0.2001771479845047,0.6429587602615356,0.25689899921417236
YGR038C-A,YKL107W,0,-0.87385106,0.2000885307788849,0.6429587602615356,0.25704124569892883
YGR161C-C,YGR014W,0,-0.87385833,0.20000000298023224,0.6429587602615356,0.2571834921836853
YNL242W,YDR316W-A,0,-0.87402576,0.19991154968738556,0.6429587602615356,0.2573257386684418
YNL054W-A,YDR365C,0,-0.8741823,0.19982317090034485,0.6429587602615356,0.25746798515319824
YKL195W,YPR124W,0,-0.87425226,0.1997348666191101,0.6429587602615356,0.2576102316379547
YIR010W,YGR158C,0,-0.87439847,0.19964663684368134,0.6429587602615356,0.2577524781227112
YFL053W,YGR027W-A,0,-0.8744698,0.19955849647521973,0.6429587602615356,0.25789472460746765
YNR032C-A,YOR208W,0,-0.8744979,0.1994704306125641,0.6429587602615356,0.2580369710922241
YFR053C,YNL068C,0,-0.8745646,0.19938243925571442,0.6429587602615356,0.2581792175769806
YDR261C-C,YOR234C,0,-0.8746117,0.1992945373058319,0.6429587602615356,0.25832149386405945
YNL287W,YJL174W,0,-0.87463224,0.19920669496059418,0.6429587602615356,0.2584637403488159
YIL103W,YLR446W,0,-0.874633,0.1991189420223236,0.6429587602615356,0.2586059868335724
YDR481C,YDL189W,0,-0.87464577,0.199031263589859,0.6429587602615356,0.25874823331832886
YLR222C,YKL077W,0,-0.8747986,0.19894365966320038,0.6429587602615356,0.2588904798030853
YDR365W-B,YLR373C,0,-0.8748155,0.19885613024234772,0.6429587602615356,0.2590327262878418
YHR016C,YJR066W,0,-0.87488705,0.19876869022846222,0.6429587602615356,0.25917497277259827
YNR045W,YGL031C,0,-0.87493145,0.1986813247203827,0.6429587602615356,0.25931721925735474
YGR027W-A,YHR160C,0,-0.87512857,0.19859401881694794,0.6429587602615356,0.2594594657421112
YCL047C,YOR244W,0,-0.8751707,0.19850680232048035,0.6429587602615356,0.2596017122268677
YGL049C,YJR047C,1,-0.8752911,0.19885864853858948,0.6443812251091003,0.2596017122268677
YER028C,YNR061C,0,-0.8754853,0.1987713873386383,0.6443812251091003,0.25974395871162415
YLL050C,YGL029W,0,-0.8754876,0.1986842155456543,0.6443812251091003,0.2598862051963806
YMR055C,YOR343W-A,0,-0.8755943,0.19859710335731506,0.6443812251091003,0.2600284516811371
YOL139C,YER153C,1,-0.8756004,0.19894829392433167,0.645803689956665,0.2600284516811371
YOR131C,YOR321W,0,-0.87561494,0.19886115193367004,0.645803689956665,0.26017069816589355
YNL331C,YNR063W,0,-0.875624,0.1987740844488144,0.645803689956665,0.26031294465065
YLR355C,YPL248C,0,-0.8756252,0.1986870914697647,0.645803689956665,0.2604551911354065
YGR163W,YDR517W,0,-0.8756316,0.198600172996521,0.645803689956665,0.26059743762016296
YGR035C,YOR158W,0,-0.8756321,0.19851332902908325,0.645803689956665,0.26073968410491943
YKL114C,YKL054C,0,-0.87576544,0.19842657446861267,0.645803689956665,0.2608819305896759
YDR309C,YLR446W,0,-0.8757893,0.19833987951278687,0.645803689956665,0.2610241770744324
YER062C,YLR460C,0,-0.8757895,0.19825327396392822,0.645803689956665,0.26116642355918884
YOR192C-B,YPL271W,0,-0.87592196,0.19816674292087555,0.645803689956665,0.2613086700439453
YDL038C,YCL005W-A,0,-0.87593096,0.19808028638362885,0.645803689956665,0.2614509165287018
YDR434W,YPR158C-D,0,-0.8760748,0.19799388945102692,0.645803689956665,0.26159316301345825
YPR158W-A,YKL035W,0,-0.8761694,0.19790758192539215,0.645803689956665,0.2617354094982147
YDR380W,YPL003W,0,-0.87635666,0.19782134890556335,0.645803689956665,0.2618776559829712
YDR261W-B,YKL091C,0,-0.8765333,0.19773519039154053,0.645803689956665,0.26201990246772766
YOR192C-B,YJL210W,0,-0.8765624,0.19764910638332367,0.645803689956665,0.26216214895248413
YNL054W-A,YLR275W,0,-0.8765698,0.19756309688091278,0.645803689956665,0.2623043954372406
YDR117C,YCR077C,1,-0.87671006,0.19791214168071747,0.6472261548042297,0.2623043954372406
YLR312C-B,YOR017W,0,-0.87706614,0.197826087474823,0.6472261548042297,0.26244667172431946
YDR365W-B,YBR131W,0,-0.877072,0.1977401077747345,0.6472261548042297,0.2625889182090759
YDL085W,YGR038C-A,0,-0.877072,0.19765421748161316,0.6472261548042297,0.2627311646938324
YPR079W,YPL060C-A,0,-0.87774163,0.1975683867931366,0.6472261548042297,0.26287341117858887
YDR261C-C,YGR202C,0,-0.87790906,0.1974826455116272,0.6472261548042297,0.26301565766334534
YGR203W,YNL325C,0,-0.8779971,0.19739696383476257,0.6472261548042297,0.2631579041481018
YNL181W,YFR015C,0,-0.8781114,0.19731135666370392,0.6472261548042297,0.2633001506328583
YFR024C,YLR075W,0,-0.87816536,0.19722583889961243,0.6472261548042297,0.26344239711761475
YHR139C,YIL087C,0,-0.8782064,0.1971403807401657,0.6472261548042297,0.2635846436023712
YIL067C,YJR135W-A,0,-0.87822497,0.19705499708652496,0.6472261548042297,0.2637268900871277
YLR467W,YLR045C,0,-0.8782736,0.19696970283985138,0.6472261548042297,0.26386913657188416
YGR161C-C,YOR125C,0,-0.8783313,0.19688446819782257,0.6472261548042297,0.2640113830566406
YOR101W,YFL035C-B,0,-0.87837243,0.19679930806159973,0.6472261548042297,0.2641536295413971
YJR056C,YOR004W,0,-0.8788057,0.19671422243118286,0.6472261548042297,0.26429587602615356
YMR023C,YER159C-A,0,-0.8788917,0.19662921130657196,0.6472261548042297,0.26443812251091003
YDR075W,YML094W,0,-0.878894,0.19654427468776703,0.6472261548042297,0.2645803689956665
YPR131C,YCR035C,0,-0.8790879,0.19645941257476807,0.6472261548042297,0.264722615480423
YPL236C,YOR192C-A,0,-0.87913924,0.19637462496757507,0.6472261548042297,0.26486486196517944
YNL190W,YNL116W,0,-0.87916476,0.19628991186618805,0.6472261548042297,0.2650071084499359
YER071C,YLR227W-A,0,-0.8792338,0.1962052583694458,0.6472261548042297,0.2651493549346924
YJR056C,YFR047C,0,-0.8792466,0.19612069427967072,0.6472261548042297,0.26529160141944885
YDR012W,YLR077W,0,-0.8793573,0.1960361897945404,0.6472261548042297,0.2654338479042053
YNL134C,YGL168W,0,-0.8793641,0.19595175981521606,0.6472261548042297,0.2655760943889618
YKL059C,YJL097W,0,-0.8794617,0.1958674192428589,0.6472261548042297,0.26571834087371826
YGR038C-B,YNL045W,0,-0.87958324,0.19578313827514648,0.6472261548042297,0.26586058735847473
YCR063W,YOR016C,0,-0.8796464,0.19569893181324005,0.6472261548042297,0.2660028338432312
YGR195W,YDR407C,0,-0.87969863,0.1956147849559784,0.6472261548042297,0.26614508032798767
YIL064W,YLR337W,0,-0.87974155,0.1955307275056839,0.6472261548042297,0.26628732681274414
YBR034C,YJR120W,0,-0.8797579,0.19544672966003418,0.6472261548042297,0.2664295732975006
YLR328W,YGL065C,0,-0.87979054,0.19536282122135162,0.6472261548042297,0.26657184958457947
YOL103W-A,YIL136W,0,-0.8799617,0.19527897238731384,0.6472261548042297,0.26671409606933594
YOR018W,YHR171W,0,-0.8799866,0.19519519805908203,0.6472261548042297,0.2668563425540924
YFL035C-B,YAL053W,0,-0.88005173,0.1951114982366562,0.6472261548042297,0.2669985890388489
YCL059C,YPL047W,0,-0.88030684,0.19502785801887512,0.6472261548042297,0.26714083552360535
YPL009C,YOR343W-A,0,-0.88045675,0.19494430720806122,0.6472261548042297,0.2672830820083618
YLR142W,YER143W,0,-0.8805792,0.1948608160018921,0.6472261548042297,0.2674253284931183
YDR210W-B,YOR354C,0,-0.8806969,0.19477739930152893,0.6472261548042297,0.26756757497787476
YOR132W,YBL005W-A,0,-0.8808282,0.19469405710697174,0.6472261548042297,0.2677098214626312
YOR132W,YDR317W,0,-0.8810995,0.19461077451705933,0.6472261548042297,0.2678520679473877
YGR027W-B,YIL129C,0,-0.88115543,0.19452758133411407,0.6472261548042297,0.26799431443214417
YML081C-A,YDL038C,0,-0.8812859,0.1944444477558136,0.6472261548042297,0.26813656091690063
YDL042C,YLR419W,0,-0.8813393,0.1943613886833191,0.6472261548042297,0.2682788074016571
YGR067C,YDL226C,0,-0.8814018,0.19427838921546936,0.6472261548042297,0.2684210538864136
YGR287C,YJR042W,0,-0.8815201,0.1941954791545868,0.6472261548042297,0.26856330037117004
YNL115C,YPL145C,0,-0.8815365,0.194112628698349,0.6472261548042297,0.2687055468559265
YNL244C,YMR260C,1,-0.8815724,0.1944562941789627,0.6486486196517944,0.2687055468559265
YDL113C,YGR109W-A,0,-0.88163596,0.19437339901924133,0.6486486196517944,0.268847793340683
YOL023W,YER025W,1,-0.8817728,0.1947166621685028,0.6500711441040039,0.268847793340683
YPL026C,YNL054W-B,0,-0.88178873,0.19463373720645905,0.6500711441040039,0.26899003982543945
YKL034W,YMR311C,0,-0.881792,0.19455087184906006,0.6500711441040039,0.2691322863101959
YLL023C,YHL009W-B,0,-0.8818324,0.19446808099746704,0.6500711441040039,0.2692745327949524
YJL106W,YDL085W,0,-0.88184524,0.19438536465168,0.6500711441040039,0.26941677927970886
YGR161C-C,YIL153W,0,-0.8818615,0.1943027228116989,0.6500711441040039,0.26955902576446533
YLR205C,YJR027W,0,-0.88207793,0.1942201405763626,0.6500711441040039,0.2697012722492218
YER142C,YOR193W,0,-0.8822696,0.19413763284683228,0.6500711441040039,0.26984351873397827
YJR041C,YOL003C,0,-0.88238186,0.1940551996231079,0.6500711441040039,0.26998576521873474
YBR283C,YPL233W,0,-0.88277024,0.19397284090518951,0.6500711441040039,0.2701280117034912
YKR048C,YGR027W-A,0,-0.88281506,0.1938905417919159,0.6500711441040039,0.2702702581882477
YGL106W,YDR210C-D,0,-0.88306254,0.19380831718444824,0.6500711441040039,0.27041250467300415
YPL118W,YAL035W,1,-0.8833199,0.19415006041526794,0.6514936089515686,0.27041250467300415
YIR037W,YCR036W,0,-0.88338643,0.1940677911043167,0.6514936089515686,0.2705547511577606
YDR134C,YLR266C,0,-0.8834186,0.19398559629917145,0.6514936089515686,0.2706970274448395
YPL068C,YDR099W,0,-0.8835921,0.19390347599983215,0.6514936089515686,0.27083927392959595
YML022W,YDL230W,0,-0.8836883,0.19382141530513763,0.6514936089515686,0.2709815204143524
YMR113W,YEL071W,0,-0.88370824,0.19373942911624908,0.6514936089515686,0.2711237668991089
YDR216W,YLR175W,0,-0.883803,0.1936575025320053,0.6514936089515686,0.27126601338386536
YLR308W,YGL231C,0,-0.8838187,0.1935756504535675,0.6514936089515686,0.2714082598686218
YML101C,YHR112C,0,-0.8838915,0.19349387288093567,0.6514936089515686,0.2715505063533783
YOR079C,YPR022C,0,-0.8839197,0.1934121549129486,0.6514936089515686,0.27169275283813477
YEL024W,YOR312C,0,-0.884073,0.1933305263519287,0.6514936089515686,0.27183499932289124
YDR248C,YNL103W,0,-0.8842415,0.1932489424943924,0.6514936089515686,0.2719772458076477
YKL027W,YER056C,0,-0.88424677,0.19316743314266205,0.6514936089515686,0.2721194922924042
YKR048C,YJR010C-A,0,-0.88461083,0.19308599829673767,0.6514936089515686,0.27226173877716064
YDR219C,YJL021C,0,-0.8848277,0.19300463795661926,0.6514936089515686,0.2724039852619171
YKR009C,YPL056C,0,-0.8848569,0.19292333722114563,0.6514936089515686,0.2725462317466736
YML043C,YBR100W,0,-0.8849671,0.19284211099147797,0.6514936089515686,0.27268847823143005
YER038C,YIR003W,0,-0.88501674,0.19276094436645508,0.6514936089515686,0.2728307247161865
YHR025W,YEL006W,0,-0.8852816,0.19267985224723816,0.6514936089515686,0.272972971200943
YGR161W-A,YBL075C,0,-0.8854209,0.19259881973266602,0.6514936089515686,0.27311521768569946
YEL034W,YMR282C,1,-0.88555664,0.1929382085800171,0.6529160737991333,0.27311521768569946
YIL127C,YPL257W-A,0,-0.8855811,0.19285714626312256,0.6529160737991333,0.27325746417045593
YLR233C,YEL027W,0,-0.88593423,0.1927761435508728,0.6529160737991333,0.2733997106552124
YDR266C,YKR085C,0,-0.8859443,0.19269521534442902,0.6529160737991333,0.27354195713996887
YER153C,YEL034W,1,-0.8860175,0.19303399324417114,0.654338538646698,0.27354195713996887
YHL009W-B,YMR015C,0,-0.8866211,0.19295302033424377,0.654338538646698,0.27368420362472534
YDR092W,YCL057C-A,0,-0.8866347,0.19287212193012238,0.654338538646698,0.2738264501094818
YJL151C,YNR071C,0,-0.8868546,0.19279128313064575,0.654338538646698,0.2739686965942383
YGR172C,YPL207W,0,-0.886911,0.1927105188369751,0.654338538646698,0.27411094307899475
YNL126W,YKL069W,0,-0.88696104,0.19262981414794922,0.654338538646698,0.2742531895637512
YGR029W,YLR154W-C,0,-0.8870389,0.1925491839647293,0.654338538646698,0.2743954360485077
YGR103W,YGL115W,0,-0.8871626,0.19246861338615417,0.654338538646698,0.27453768253326416
YBR273C,YPR184W,0,-0.8874141,0.192388117313385,0.654338538646698,0.27467992901802063
YHR046C,YOR247W,0,-0.88748014,0.19230769574642181,0.654338538646698,0.2748222053050995
YMR247C,YKL014C,0,-0.8875926,0.1922273337841034,0.654338538646698,0.27496445178985596
YER159C-A,YDL101C,0,-0.88760984,0.19214703142642975,0.654338538646698,0.2751066982746124
YLR143W,YOL065C,0,-0.887663,0.19206680357456207,0.654338538646698,0.2752489447593689
YGR094W,YIL112W,0,-0.8876642,0.19198665022850037,0.654338538646698,0.27539119124412537
YER183C,YPR188C,0,-0.88766915,0.19190655648708344,0.654338538646698,0.27553343772888184
YCR003W,YLR157C-B,0,-0.8878164,0.19182652235031128,0.654338538646698,0.2756756842136383
YOR359W,YJL019W,0,-0.88791794,0.1917465627193451,0.654338538646698,0.2758179306983948
YML076C,YGL120C,0,-0.8879821,0.19166666269302368,0.654338538646698,0.27596017718315125
YNL062C,YER153C,1,-0.8880545,0.19200332462787628,0.6557610034942627,0.27596017718315125
YNR001C,YKL209C,0,-0.888082,0.19192339479923248,0.6557610034942627,0.2761024236679077
YPL221W,YPR028W,0,-0.88820165,0.19184352457523346,0.6557610034942627,0.2762446701526642
YFR010W,YJL167W,0,-0.8885111,0.1917637288570404,0.6557610034942627,0.27638691663742065
YOL149W,YJL062W-A,0,-0.8885471,0.19168399274349213,0.6557610034942627,0.2765291631221771
YGR161W-A,YIL062C,0,-0.8886133,0.19160431623458862,0.6557610034942627,0.2766714096069336
YLR150W,YPR086W,1,-0.8887372,0.19194017350673676,0.6571835279464722,0.2766714096069336
YNL058C,YOR017W,0,-0.8887672,0.19186046719551086,0.6571835279464722,0.27681365609169006
YDL155W,YPL177C,0,-0.8888526,0.19178082048892975,0.6571835279464722,0.27695590257644653
YOR066W,YLR126C,0,-0.88894653,0.1917012482881546,0.6571835279464722,0.277098149061203
YAR042W,YNL066W,0,-0.88958627,0.19162173569202423,0.6571835279464722,0.2772403955459595
YLR074C,YPL148C,0,-0.8897707,0.19154228270053864,0.6571835279464722,0.27738264203071594
YPL206C,YGL161C,0,-0.88997805,0.191462904214859,0.6571835279464722,0.2775248885154724
YER001W,YGR181W,0,-0.8900594,0.19138360023498535,0.6571835279464722,0.2776671350002289
YOR229W,YLR297W,0,-0.89055055,0.19130434095859528,0.6571835279464722,0.27780938148498535
YGR261C,YKL029C,0,-0.8906873,0.19122517108917236,0.6571835279464722,0.2779516279697418
YPL189C-A,YBR039W,0,-0.8907514,0.19114604592323303,0.6571835279464722,0.2780938744544983
YHR006W,YIL113W,0,-0.89083254,0.19106699526309967,0.6571835279464722,0.27823612093925476
YOR288C,YOR306C,0,-0.89084285,0.19098800420761108,0.6571835279464722,0.27837836742401123
YPL121C,YML026C,0,-0.89093107,0.19090908765792847,0.6571835279464722,0.2785206139087677
YDL119C,YLL062C,0,-0.89107585,0.19083023071289062,0.6571835279464722,0.27866286039352417
YOR078W,YOL008W,0,-0.89128923,0.19075144827365875,0.6571835279464722,0.27880510687828064
YDR316W-B,YLL009C,0,-0.8917857,0.19067272543907166,0.6571835279464722,0.2789473831653595
YIL011W,YMR070W,0,-0.8924024,0.19059406220912933,0.6571835279464722,0.27908962965011597
YCR024C-A,YKL213C,0,-0.89243376,0.1905154585838318,0.6571835279464722,0.27923187613487244
YER073W,YBR100W,0,-0.8926332,0.1904369294643402,0.6571835279464722,0.2793741226196289
YFL044C,YFL035C-A,0,-0.89266324,0.1903584599494934,0.6571835279464722,0.2795163691043854
YJL059W,YBR016W,0,-0.8927244,0.19028006494045258,0.6571835279464722,0.27965861558914185
YLR427W,YLR196W,0,-0.89274794,0.19020172953605652,0.6571835279464722,0.2798008620738983
YER048C,YMR188C,0,-0.89277023,0.19012345373630524,0.6571835279464722,0.2799431085586548
YOR262W,YDR034C-C,0,-0.89327604,0.19004525244235992,0.6571835279464722,0.28008535504341125
YDR055W,YJR016C,0,-0.893298,0.1899671107530594,0.6571835279464722,0.2802276015281677
YOR260W,YNL007C,1,-0.8935973,0.19030004739761353,0.6586059927940369,0.2802276015281677
YDR283C,YER025W,1,-0.8936004,0.19063270092010498,0.6600284576416016,0.2802276015281677
YDR519W,YML130C,0,-0.893784,0.1905544102191925,0.6600284576416016,0.2803698480129242
YGR044C,YGL027C,0,-0.894099,0.190476194024086,0.6600284576416016,0.28051209449768066
YLR432W,YPR049C,0,-0.89422363,0.19039803743362427,0.6600284576416016,0.28065434098243713
YGR161W-A,YPL164C,0,-0.8943237,0.1903199404478073,0.6600284576416016,0.2807965874671936
YOR193W,YBR090C-A,0,-0.8944572,0.19024190306663513,0.6600284576416016,0.2809388339519501
YPR174C,YDR113C,0,-0.89475083,0.19016394019126892,0.6600284576416016,0.28108108043670654
YJR007W,YBL013W,1,-0.8947541,0.19049569964408875,0.6614509224891663,0.28108108043670654
YML092C,YKR078W,0,-0.89480865,0.19041769206523895,0.6614509224891663,0.281223326921463
YNL162W,YPL049C,0,-0.89493996,0.19033974409103394,0.6614509224891663,0.2813655734062195
YLR150W,YCR077C,1,-0.8950274,0.19067102670669556,0.662873387336731,0.2813655734062195
YFL035C-B,YCR066W,0,-0.89504987,0.19059304893016815,0.662873387336731,0.28150781989097595
YDL156W,YOR109W,0,-0.8951529,0.19051513075828552,0.662873387336731,0.2816500663757324
YBL013W,YAL035W,1,-0.8952374,0.19084593653678894,0.6642958521842957,0.2816500663757324
YIL036W,YLR390W-A,0,-0.89548486,0.19076797366142273,0.6642958521842957,0.2817923128604889
YDR009W,YHR009C,0,-0.8955304,0.1906900703907013,0.6642958521842957,0.28193455934524536
YNL330C,YOR078W,0,-0.8958122,0.19061224162578583,0.6642958521842957,0.28207680583000183
YBL045C,YGL125W,0,-0.89584655,0.19053447246551514,0.6642958521842957,0.2822190523147583
YOR045W,YIL172C,0,-0.89607435,0.19045676290988922,0.6642958521842957,0.28236129879951477
YKL158W,YLR226W,0,-0.8962968,0.19037912786006927,0.6642958521842957,0.28250354528427124
YGL206C,YOL110W,0,-0.8965735,0.1903015524148941,0.6642958521842957,0.2826457917690277
YHR018C,YDL156W,0,-0.89695656,0.1902240365743637,0.6642958521842957,0.2827880382537842
YKR039W,YPL177C,0,-0.8971812,0.1901465803384781,0.6642958521842957,0.28293028473854065
YKL221W,YJL221C,0,-0.89750797,0.19006918370723724,0.6642958521842957,0.2830725610256195
YCR070W,YOR117W,0,-0.8975741,0.18999186158180237,0.6642958521842957,0.283214807510376
YFL035C-B,YEL017C-A,0,-0.8977178,0.18991459906101227,0.6642958521842957,0.28335705399513245
YDR316W-A,YPL143W,0,-0.8977766,0.18983739614486694,0.6642958521842957,0.2834993004798889
YBR034C,YLR286C,0,-0.89782584,0.1897602528333664,0.6642958521842957,0.2836415469646454
YDL194W,YBL056W,0,-0.89800054,0.18968318402767181,0.6642958521842957,0.28378379344940186
YOR153W,YOR330C,0,-0.8980757,0.189606174826622,0.6642958521842957,0.2839260399341583
YNL305C,YLR288C,0,-0.89817524,0.18952922523021698,0.6642958521842957,0.2840682864189148
YKL158W,YHR067W,0,-0.898391,0.18945233523845673,0.6642958521842957,0.28421053290367126
YBR012W-B,YGR098C,0,-0.8984037,0.18937550485134125,0.6642958521842957,0.28435277938842773
YGR047C,YOR343W-A,0,-0.8984848,0.18929874897003174,0.6642958521842957,0.2844950258731842
YPR101W,YOL156W,0,-0.89850414,0.1892220377922058,0.6642958521842957,0.2846372723579407
YPL118W,YJR007W,1,-0.89865875,0.18955042958259583,0.6657183766365051,0.2846372723579407
YCR071C,YCL057C-A,0,-0.89867634,0.1894736886024475,0.6657183766365051,0.28477951884269714
YDR227W,YJR120W,0,-0.89875954,0.18939700722694397,0.6657183766365051,0.2849217653274536
YHR103W,YLL016W,0,-0.8988653,0.1893203854560852,0.6657183766365051,0.2850640118122101
YER159C-A,YLR356W,0,-0.898898,0.1892438381910324,0.6657183766365051,0.28520625829696655
YBR012W-B,YGR087C,0,-0.89894557,0.1891673356294632,0.6657183766365051,0.285348504781723
YER167W,YOR339C,0,-0.8989461,0.18909090757369995,0.6657183766365051,0.2854907512664795
YMR264W,YJL113W,0,-0.89920497,0.18901453912258148,0.6657183766365051,0.28563299775123596
YLR372W,YDR210C-D,0,-0.89937025,0.1889382302761078,0.6657183766365051,0.28577524423599243
YDR158W,YIL136W,0,-0.89943135,0.18886198103427887,0.6657183766365051,0.2859174907207489
YGR062C,YDR231C,0,-0.89947027,0.18878580629825592,0.6657183766365051,0.28605973720550537
YER014W,YLR324W,0,-0.8995647,0.18870967626571655,0.6657183766365051,0.28620198369026184
YLR312C-B,YER026C,0,-0.899666,0.18863362073898315,0.6657183766365051,0.2863442301750183
YJL216C,YHR081W,0,-0.8998261,0.18855760991573334,0.6657183766365051,0.2864864766597748
YDR038C,YKR104W,0,-0.89999837,0.1884816735982895,0.6657183766365051,0.28662872314453125
YGR038C-B,YPL081W,0,-0.90013754,0.18840579688549042,0.6657183766365051,0.2867709696292877
YOL103W,YLR337W,0,-0.9002915,0.18832997977733612,0.6657183766365051,0.2869132161140442
YKL216W,YDR034C-C,0,-0.90066874,0.1882542222738266,0.6657183766365051,0.28705546259880066
YBL005W,YER071C,0,-0.9007394,0.18817852437496185,0.6657183766365051,0.2871977388858795
YJL138C,YNL244C,1,-0.9009089,0.18850483000278473,0.6671408414840698,0.2871977388858795
YGL055W,YNL003C,0,-0.90098715,0.1884290874004364,0.6671408414840698,0.287339985370636
YPR120C,YOR091W,0,-0.90116984,0.18835341930389404,0.6671408414840698,0.28748223185539246
YHL050C,YNR027W,0,-0.90122634,0.18827779591083527,0.6671408414840698,0.2876244783401489
YFR008W,YKL062W,0,-0.9014684,0.18820224702358246,0.6671408414840698,0.2877667248249054
YBR003W,YNR037C,0,-0.90173924,0.18812675774097443,0.6671408414840698,0.28790897130966187
YKR045C,YPL022W,0,-0.90175277,0.18805132806301117,0.6671408414840698,0.28805121779441833
YER102W,YKR052C,0,-0.901755,0.1879759579896927,0.6671408414840698,0.2881934642791748
YLR037C,YML078W,0,-0.90209997,0.18790064752101898,0.6671408414840698,0.2883357107639313
YER184C,YNR016C,0,-0.90224755,0.18782539665699005,0.6671408414840698,0.28847795724868774
YOR262W,YFR049W,0,-0.9022863,0.1877502053976059,0.6671408414840698,0.2886202037334442
YOR396W,YLR132C,0,-0.9024533,0.18767507374286652,0.6671408414840698,0.2887624502182007
YBR079C,YOL023W,1,-0.902556,0.18799999356269836,0.6685633063316345,0.2887624502182007
YPR052C,YBL100W-A,0,-0.9025616,0.1879248321056366,0.6685633063316345,0.28890469670295715
YPL023C,YIL127C,0,-0.9026471,0.1878497153520584,0.6685633063316345,0.2890469431877136
YIR009W,YHR122W,0,-0.90270543,0.1877746731042862,0.6685633063316345,0.2891891896724701
YGR094W,YJL129C,0,-0.9027274,0.18769967555999756,0.6685633063316345,0.28933143615722656
YBL002W,YLR119W,0,-0.9030984,0.1876247525215149,0.6685633063316345,0.28947368264198303
YNL090W,YBR205W,0,-0.90327466,0.1875498741865158,0.6685633063316345,0.2896159291267395
YGR162W,YBL013W,1,-0.90331316,0.1878739595413208,0.6699857711791992,0.2896159291267395
YOR056C,YHR153C,0,-0.9033537,0.18779903650283813,0.6699857711791992,0.28975817561149597
YLR343W,YGR195W,0,-0.90344363,0.18772418797016144,0.6699857711791992,0.28990042209625244
YDL156W,YER149C,0,-0.90348345,0.18764939904212952,0.6699857711791992,0.2900426685810089
YGR286C,YMR074C,0,-0.9037416,0.18757466971874237,0.6699857711791992,0.2901849150657654
YOR022C,YOR113W,0,-0.90395814,0.1875,0.6699857711791992,0.29032716155052185
YOR367W,YOR356W,0,-0.9039711,0.1874253898859024,0.6699857711791992,0.2904694080352783
YER056C-A,YIR014W,0,-0.90398264,0.18735083937644958,0.6699857711791992,0.2906116545200348
YPL168W,YKL018W,0,-0.9039933,0.18727634847164154,0.6699857711791992,0.29075390100479126
YDR087C,YNL311C,0,-0.9040937,0.18720190227031708,0.6699857711791992,0.29089614748954773
YLR157C-B,YOL031C,0,-0.9041216,0.18712753057479858,0.6699857711791992,0.2910383939743042
YFR031C-A,YJL154C,0,-0.9045125,0.18705321848392487,0.6699857711791992,0.29118064045906067
YKL125W,YDR170W-A,0,-0.90460545,0.18697896599769592,0.6699857711791992,0.2913229167461395
YEL077C,YOR113W,0,-0.9048378,0.18690475821495056,0.6699857711791992,0.291465163230896
YHR210C,YDR501W,0,-0.904875,0.18683062493801117,0.6699857711791992,0.29160740971565247
YLR234W,YNL176C,0,-0.9053276,0.18675653636455536,0.6699857711791992,0.29174965620040894
YNL046W,YPL154C,0,-0.90551525,0.18668252229690552,0.6699857711791992,0.2918919026851654
YBR056W,YIL097W,0,-0.90571374,0.18660855293273926,0.6699857711791992,0.2920341491699219
YLL021W,YKL096W,0,-0.9057992,0.18653465807437897,0.6699857711791992,0.29217639565467834
YLR102C,YNR071C,0,-0.9058334,0.18646080791950226,0.6699857711791992,0.2923186421394348
YPL038W,YKL027W,0,-0.90583724,0.18638701736927032,0.6699857711791992,0.2924608886241913
YNR022C,YLR126C,0,-0.90588117,0.18631328642368317,0.6699857711791992,0.29260313510894775
YJR014W,YGR054W,1,-0.90613425,0.18663503229618073,0.6714082360267639,0.29260313510894775
YGR278W,YML081W,0,-0.90616304,0.18656127154827118,0.6714082360267639,0.2927453815937042
YGL229C,YPR185W,0,-0.906317,0.18648755550384521,0.6714082360267639,0.2928876280784607
YJL165C,YER071C,0,-0.90641874,0.18641389906406403,0.6714082360267639,0.29302987456321716
YDL081C,YPL258C,0,-0.90656984,0.1863403022289276,0.6714082360267639,0.29317212104797363
YGR109C,YDL201W,0,-0.9066735,0.18626676499843597,0.6714082360267639,0.2933143675327301
YIR028W,YJL177W,0,-0.90681475,0.1861932873725891,0.6714082360267639,0.2934566140174866
YLR155C,YKR088C,0,-0.90687746,0.18611986935138702,0.6714082360267639,0.29359886050224304
YDR009W,YHR193C,0,-0.90693647,0.1860465109348297,0.6714082360267639,0.2937411069869995
YEL004W,YBL036C,0,-0.90693814,0.18597321212291718,0.6714082360267639,0.293883353471756
YGL006W,YHL018W,0,-0.90694076,0.18589995801448822,0.6714082360267639,0.29402559995651245
YDR032C,YMR302C,0,-0.9070786,0.18582677841186523,0.6714082360267639,0.2941678464412689
YDR435C,YBL017C,0,-0.90716356,0.18575364351272583,0.6714082360267639,0.2943100929260254
YDL105W,YHR035W,0,-0.90717506,0.1856805682182312,0.6714082360267639,0.29445233941078186
YDR343C,YDL060W,0,-0.90746564,0.18560755252838135,0.6714082360267639,0.29459458589553833
YOR356W,YMR235C,0,-0.90747285,0.18553459644317627,0.6714082360267639,0.2947368323802948
YER048C,YCL030C,0,-0.9074798,0.18546168506145477,0.6714082360267639,0.29487907886505127
YPR003C,YER099C,0,-0.9076504,0.18538884818553925,0.6714082360267639,0.29502132534980774
YPL060W,YJL003W,0,-0.90766484,0.1853160560131073,0.6714082360267639,0.2951635718345642
YDR091C,YBL013W,1,-0.9077576,0.1856357902288437,0.6728307008743286,0.2951635718345642
YER140W,YPR131C,0,-0.9077918,0.18556296825408936,0.6728307008743286,0.2953058183193207
YJL028W,YBL067C,0,-0.90780765,0.1854901909828186,0.6728307008743286,0.29544806480407715
YBR207W,YDL204W,0,-0.90781844,0.18541748821735382,0.6728307008743286,0.295590341091156
YDR055W,YLR312C-B,0,-0.9078904,0.18534483015537262,0.6728307008743286,0.2957325875759125
YIL018W,YJL139C,0,-0.9079252,0.1852722316980362,0.6728307008743286,0.29587483406066895
YBL090W,YCR077C,1,-0.90794,0.18559123575687408,0.6742532253265381,0.29587483406066895
YDR408C,YLR143W,0,-0.90796256,0.18551859259605408,0.6742532253265381,0.2960170805454254
YNL111C,YIR033W,0,-0.9080253,0.18544600903987885,0.6742532253265381,0.2961593270301819
YAR050W,YGR235C,0,-0.9082737,0.1853734850883484,0.6742532253265381,0.29630157351493835
YMR121C,YJL094C,0,-0.9083103,0.1853010207414627,0.6742532253265381,0.2964438199996948
YGR071C,YER039C,0,-0.90836436,0.1852286010980606,0.6742532253265381,0.2965860664844513
YDR097C,YKR099C-A,0,-0.90849096,0.18515625596046448,0.6742532253265381,0.29672831296920776
YFR024C-A,YER078C,0,-0.90854955,0.18508395552635193,0.6742532253265381,0.29687055945396423
YOR070C,YPL236C,0,-0.9085696,0.18501171469688416,0.6742532253265381,0.2970128059387207
YDR352W,YNL038W,0,-0.90859765,0.18493951857089996,0.6742532253265381,0.2971550524234772
YDL109C,YDR448W,0,-0.9088395,0.18486739695072174,0.6742532253265381,0.29729729890823364
YDL191W,YDR256C,0,-0.90909696,0.1847953200340271,0.6742532253265381,0.2974395453929901
YPL283C,YIL136W,0,-0.90913516,0.18472330272197723,0.6742532253265381,0.2975817918777466
YDR513W,YNL310C,0,-0.90921164,0.18465134501457214,0.6742532253265381,0.29772403836250305
YKL158W,YOL030W,0,-0.9093329,0.18457943201065063,0.6742532253265381,0.2978662848472595
YER096W,YKL109W,0,-0.9095127,0.1845075935125351,0.6742532253265381,0.298008531332016
YNL217W,YKL195W,0,-0.9096847,0.18443579971790314,0.6742532253265381,0.29815077781677246
YHR007C,YEL038W,0,-0.9096982,0.18436406552791595,0.6742532253265381,0.29829302430152893
YDR261C,YOR088W,0,-0.9100968,0.18429237604141235,0.6742532253265381,0.2984352707862854
YDR435C,YLR266C,0,-0.9102146,0.18422076106071472,0.6742532253265381,0.29857751727104187
YLR192C,YML115C,0,-0.9103043,0.18414919078350067,0.6742532253265381,0.29871976375579834
YOL008W,YOL021C,0,-0.9105335,0.1840776652097702,0.6742532253265381,0.2988620102405548
YPL023C,YLR060W,0,-0.9107384,0.1840062141418457,0.6742532253265381,0.2990042567253113
YJR014W,YMR282C,1,-0.9107979,0.18432284891605377,0.6756756901741028,0.2990042567253113
YDL130W,YER081W,0,-0.91080445,0.1842513531446457,0.6756756901741028,0.29914650321006775
YIR003W,YDL214C,0,-0.9109176,0.18417991697788239,0.6756756901741028,0.2992887496948242
YIL011W,YDL127W,0,-0.91119903,0.18410852551460266,0.6756756901741028,0.2994309961795807
YOR252W,YBR070C,0,-0.9113093,0.1840371936559677,0.6756756901741028,0.29957324266433716
YOR066W,YOR344C,0,-0.9113529,0.18396592140197754,0.6756756901741028,0.299715518951416
YNL003C,YJL212C,0,-0.911372,0.18389469385147095,0.6756756901741028,0.2998577654361725
YPR188C,YOR334W,0,-0.91137236,0.18382352590560913,0.6756756901741028,0.30000001192092896
YBR280C,YCL047C,0,-0.9114312,0.1837524175643921,0.6756756901741028,0.3001422584056854
YHR146W,YDR134C,0,-0.91155416,0.18368135392665863,0.6756756901741028,0.3002845048904419
YGL040C,YDL043C,0,-0.9118193,0.18361036479473114,0.6756756901741028,0.30042675137519836
YAL001C,YMR076C,0,-0.9118433,0.18353940546512604,0.6756756901741028,0.30056899785995483
YCR077C,YGR054W,1,-0.91197425,0.18385477364063263,0.6770981550216675,0.30056899785995483
YGR067C,YNL243W,0,-0.9121155,0.18378378450870514,0.6770981550216675,0.3007112443447113
YML096W,YPL204W,0,-0.91223246,0.18371285498142242,0.6770981550216675,0.3008534908294678
YPL157W,YCR029C-A,0,-0.91265225,0.1836419701576233,0.6770981550216675,0.30099573731422424
YDR345C,YJL045W,0,-0.9127032,0.18357115983963013,0.6770981550216675,0.3011379837989807
YER038C,YOL029C,0,-0.9130047,0.18350037932395935,0.6770981550216675,0.3012802302837372
YNL123W,YMR214W,0,-0.913219,0.18342967331409454,0.6770981550216675,0.30142247676849365
YMR195W,YOL027C,0,-0.91329986,0.18335901200771332,0.6770981550216675,0.3015647232532501
YGL171W,YKR096W,0,-0.91379815,0.18328841030597687,0.6770981550216675,0.3017069697380066
YKL158W,YAR007C,0,-0.91388404,0.183217853307724,0.6770981550216675,0.30184921622276306
YGR280C,YGR247W,0,-0.9140453,0.1831473708152771,0.6770981550216675,0.30199146270751953
YNL135C,YDR147W,0,-0.91406494,0.1830769181251526,0.6770981550216675,0.302133709192276
YGL142C,YLR304C,0,-0.91421586,0.18300653994083405,0.6770981550216675,0.30227595567703247
YIL015W,YNL243W,0,-0.91422665,0.18293620645999908,0.6770981550216675,0.30241820216178894
YOL146W,YHR204W,0,-0.91457766,0.1828659176826477,0.6770981550216675,0.3025604486465454
YML025C,YGL210W-A,0,-0.91460395,0.1827957034111023,0.6770981550216675,0.3027026951313019
YFR028C,YGR017W,0,-0.91467434,0.18272553384304047,0.6770981550216675,0.30284494161605835
YJL190C,YNL086W,0,-0.9146902,0.18265540897846222,0.6770981550216675,0.3029871881008148
YLR078C,YFR030W,0,-0.9148769,0.18258534371852875,0.6770981550216675,0.3031294345855713
YHR111W,YGL231C,0,-0.9149823,0.18251533806324005,0.6770981550216675,0.30327168107032776
YNL007C,YPR041W,1,-0.91543275,0.18282866477966309,0.6785206198692322,0.30327168107032776
YBL091C,YDR441C,0,-0.9155738,0.1827586144208908,0.6785206198692322,0.30341392755508423
YBR101C,YEL021W,0,-0.9160192,0.1826886236667633,0.6785206198692322,0.3035561740398407
YFL026W,YPL021W,0,-0.91622347,0.18261867761611938,0.6785206198692322,0.30369842052459717
YOR116C,YPL168W,0,-0.91656715,0.18254879117012024,0.6785206198692322,0.303840696811676
YHR117W,YHL033C,0,-0.91676384,0.18247896432876587,0.6785206198692322,0.3039829432964325
YCR009C,YDL149W,0,-0.91678375,0.18240918219089508,0.6785206198692322,0.30412518978118896
YHR039C-B,YDR483W,0,-0.9168399,0.18233944475650787,0.6785206198692322,0.30426743626594543
YDR489W,YJR056C,0,-0.9173132,0.18226978182792664,0.6785206198692322,0.3044096827507019
YGR253C,YPR028W,0,-0.91734725,0.18220014870166779,0.6785206198692322,0.3045519292354584
YLR319C,YDL213C,0,-0.91756546,0.1821305900812149,0.6785206198692322,0.30469417572021484
YPL051W,YNL058C,0,-0.91756773,0.1820610612630844,0.6785206198692322,0.3048364222049713
YPR032W,YBR100W,0,-0.9176543,0.1819916069507599,0.6785206198692322,0.3049786686897278
YDL122W,YIL097W,0,-0.91773355,0.18192219734191895,0.6785206198692322,0.30512091517448425
YGR121C,YDL060W,0,-0.9177789,0.18185284733772278,0.6785206198692322,0.3052631616592407
YIR035C,YBR167C,0,-0.9178549,0.1817835420370102,0.6785206198692322,0.3054054081439972
YMR083W,YMR166C,0,-0.91794187,0.1817142814397812,0.6785206198692322,0.30554765462875366
YOR341W,YMR232W,0,-0.9180113,0.18164508044719696,0.6785206198692322,0.30568990111351013
YHR138C,YOR367W,0,-0.91804147,0.1815759390592575,0.6785206198692322,0.3058321475982666
YOL092W,YGL254W,0,-0.9182795,0.18150684237480164,0.6785206198692322,0.30597439408302307
YOR128C,YGL040C,0,-0.91829616,0.18143780529499054,0.6785206198692322,0.30611664056777954
YOL077W-A,YML033W,0,-0.91857946,0.18136882781982422,0.6785206198692322,0.306258887052536
YFR031C-A,YPR071W,0,-0.9186588,0.18129988014698029,0.6785206198692322,0.3064011335372925
YKR042W,YMR092C,0,-0.91871244,0.18123100697994232,0.6785206198692322,0.30654338002204895
YDL136W,YBR127C,0,-0.9188667,0.18116217851638794,0.6785206198692322,0.3066856265068054
YPL179W,YML070W,0,-0.9189449,0.18109339475631714,0.6785206198692322,0.3068278729915619
YKR092C,YKR096W,0,-0.9191885,0.1810246706008911,0.6785206198692322,0.30697011947631836
YHR184W,YLR435W,0,-0.91922945,0.18095599114894867,0.6785206198692322,0.30711236596107483
YDL064W,YOL086W-A,0,-0.9195744,0.180887371301651,0.6785206198692322,0.3072546124458313
YER089C,YLR342W,0,-0.9198021,0.18081879615783691,0.6785206198692322,0.30739685893058777
YOR272W,YLR095C,0,-0.92001677,0.1807502806186676,0.6785206198692322,0.30753910541534424
YMR006C,YOL156W,0,-0.92003304,0.18068182468414307,0.6785206198692322,0.3076813519001007
YDR328C,YDR367W,0,-0.9201781,0.18061339855194092,0.6785206198692322,0.3078235983848572
YHR117W,YFL052W,0,-0.920243,0.18054504692554474,0.6785206198692322,0.30796587467193604
YIL074C,YCR045C,0,-0.92073506,0.18047672510147095,0.6785206198692322,0.3081081211566925
YMR119W,YJR129C,0,-0.92079854,0.18040847778320312,0.6785206198692322,0.308250367641449
YJL145W,YER123W,0,-0.92080724,0.1803402602672577,0.6785206198692322,0.30839261412620544
YPL028W,YHL017W,0,-0.9215228,0.18027210235595703,0.6785206198692322,0.3085348606109619
YDR079C-A,YER087C-A,0,-0.92161894,0.18020400404930115,0.6785206198692322,0.3086771070957184
YGR083C,YMR282C,1,-0.9216588,0.18051359057426453,0.6799430847167969,0.3086771070957184
YCR031C,YGL013C,0,-0.9219092,0.18044544756412506,0.6799430847167969,0.30881935358047485
YGR283C,YGR223C,0,-0.921965,0.18037736415863037,0.6799430847167969,0.3089616000652313
YEL054C,YPL049C,0,-0.9219758,0.18030931055545807,0.6799430847167969,0.3091038465499878
YPL004C,YPL005W,0,-0.92231566,0.18024133145809174,0.6799430847167969,0.30924609303474426
YCL054W,YDR191W,0,-0.92247343,0.1801733821630478,0.6799430847167969,0.30938833951950073
YDR376W,YOR306C,0,-0.92286325,0.18010550737380981,0.6799430847167969,0.3095305860042572
YER122C,YGR227W,0,-0.9229754,0.18003766238689423,0.6799430847167969,0.30967283248901367
YOL138C,YIR007W,0,-0.9230563,0.1799698770046234,0.6799430847167969,0.30981507897377014
YPL225W,YGL011C,0,-0.9231534,0.17990215122699738,0.6799430847167969,0.3099573254585266
YPL237W,YGR054W,1,-0.9231976,0.180210679769516,0.6813655495643616,0.3099573254585266
YER071C,YFL025C,0,-0.9233528,0.18014290928840637,0.6813655495643616,0.3100995719432831
YOL132W,YMR074C,0,-0.9234585,0.18007518351078033,0.6813655495643616,0.31024181842803955
YPL230W,YDL159W,0,-0.9235423,0.18000751733779907,0.6813655495643616,0.310384064912796
YER160C,YNL081C,0,-0.9241853,0.1799398958683014,0.6813655495643616,0.3105263113975525
YKL046C,YOR247W,0,-0.924217,0.1798723191022873,0.6813655495643616,0.31066855788230896
YDR462W,YDR019C,0,-0.9243583,0.17980480194091797,0.6813655495643616,0.31081080436706543
YBR193C,YLR134W,0,-0.92442757,0.17973732948303223,0.6813655495643616,0.3109530508518219
YHR005C,YMR226C,0,-0.9245154,0.17966991662979126,0.6813655495643616,0.31109529733657837
YML088W,YDL143W,0,-0.924711,0.17960254848003387,0.6813655495643616,0.31123754382133484
YOR046C,YOR150W,0,-0.9249005,0.17953522503376007,0.6813655495643616,0.3113797903060913
YFL062W,YBL037W,0,-0.92505145,0.17946796119213104,0.6813655495643616,0.3115220367908478
YEL006W,YNL316C,0,-0.9250777,0.1794007420539856,0.6813655495643616,0.31166428327560425
YDR143C,YDR398W,0,-0.9251699,0.17933358252048492,0.6813655495643616,0.3118065297603607
YLR417W,YDL160C,0,-0.925206,0.17926646769046783,0.6813655495643616,0.3119487762451172
YAL047C,YOR131C,0,-0.9252828,0.17919939756393433,0.6813655495643616,0.31209105253219604
YMR053C,YDR251W,0,-0.92528754,0.1791323870420456,0.6813655495643616,0.3122332990169525
YOR178C,YLR373C,0,-0.92529535,0.17906542122364044,0.6813655495643616,0.312375545501709
YMR211W,YKR064W,0,-0.9253427,0.17899850010871887,0.6813655495643616,0.31251779198646545
YKL026C,YLR352W,0,-0.92569774,0.17893163859844208,0.6813655495643616,0.3126600384712219
YHR043C,YFL018W-A,0,-0.92570895,0.17886482179164886,0.6813655495643616,0.3128022849559784
YLR143W,YMR297W,0,-0.9259825,0.17879806458950043,0.6813655495643616,0.31294453144073486
YGR017W,YDR189W,0,-0.9262436,0.17873133718967438,0.6813655495643616,0.31308677792549133
YNL007C,YJR047C,1,-0.9263412,0.1790376752614975,0.682788074016571,0.31308677792549133
YML033W,YOL121C,0,-0.92635083,0.17897091805934906,0.682788074016571,0.3132290244102478
YKL024C,YJL054W,0,-0.926536,0.1789042055606842,0.682788074016571,0.3133712708950043
YIL034C,YLR410W,0,-0.9269547,0.17883755266666412,0.682788074016571,0.31351351737976074
YMR205C,YOR136W,0,-0.92704576,0.17877094447612762,0.682788074016571,0.3136557638645172
YJR007W,YPR086W,1,-0.927189,0.17907670140266418,0.6842105388641357,0.3136557638645172
YOR240W,YLR341W,0,-0.92719495,0.1790100485086441,0.6842105388641357,0.3137980103492737
YDR381W,YPL021W,0,-0.9275193,0.1789434552192688,0.6842105388641357,0.31394025683403015
YJL197W,YFR006W,0,-0.9277259,0.17887690663337708,0.6842105388641357,0.3140825033187866
YPL171C,YDR317W,0,-0.9278808,0.17881040275096893,0.6842105388641357,0.3142247498035431
YMR067C,YML133C,0,-0.92788345,0.17874395847320557,0.6842105388641357,0.31436699628829956
YNL118C,YOR133W,0,-0.92801946,0.17867755889892578,0.6842105388641357,0.31450924277305603
YHL017W,YBL020W,0,-0.9280641,0.17861121892929077,0.6842105388641357,0.3146514892578125
YFL031W,YGR154C,0,-0.9281635,0.17854490876197815,0.6842105388641357,0.31479373574256897
YJL198W,YML011C,0,-0.92819804,0.1784786581993103,0.6842105388641357,0.31493598222732544
YNL194C,YIL137C,0,-0.9282831,0.17841246724128723,0.6842105388641357,0.3150782287120819
YNR071C,YOR156C,0,-0.92860526,0.17834630608558655,0.6842105388641357,0.3152204751968384
YPR178W,YMR045C,0,-0.9290375,0.17828020453453064,0.6842105388641357,0.31536272168159485
YKL194C,YLR194C,0,-0.9291075,0.1782141476869583,0.6842105388641357,0.3155049681663513
YDL226C,YIL098C,0,-0.9296098,0.17814815044403076,0.6842105388641357,0.3156472146511078
YML047C,YKL143W,0,-0.9296378,0.1780821979045868,0.6842105388641357,0.31578946113586426
YDR018C,YHR025W,0,-0.92987067,0.1780162900686264,0.6842105388641357,0.3159317076206207
YDL165W,YGL043W,0,-0.9299243,0.1779504269361496,0.6842105388641357,0.3160739541053772
YPL033C,YHL001W,0,-0.9299699,0.17788460850715637,0.6842105388641357,0.31621623039245605
YOR094W,YGR140W,0,-0.93009657,0.17781884968280792,0.6842105388641357,0.3163584768772125
YBR235W,YDL145C,0,-0.93033975,0.17775313556194305,0.6842105388641357,0.316500723361969
YPL123C,YNL020C,0,-0.9304032,0.17768748104572296,0.6842105388641357,0.31664296984672546
YKR080W,YFL025C,0,-0.9306167,0.17762185633182526,0.6842105388641357,0.31678521633148193
YLR283W,YDR145W,0,-0.93093604,0.17755629122257233,0.6842105388641357,0.3169274628162384
YPL230W,YJR088C,0,-0.93129647,0.17749077081680298,0.6842105388641357,0.3170697093009949
YNL306W,YDL143W,0,-0.9313115,0.1774253100156784,0.6842105388641357,0.31721195578575134
YLL023C,YOR193W,0,-0.9313875,0.17735987901687622,0.6842105388641357,0.3173542022705078
YMR110C,YCR036W,0,-0.9323333,0.1772945076227188,0.6842105388641357,0.3174964487552643
YJL001W,YER056C,0,-0.93268245,0.17722918093204498,0.6842105388641357,0.31763869524002075
YOR182C,YDL147W,0,-0.9327956,0.17716389894485474,0.6842105388641357,0.3177809417247772
YDR283C,YJR007W,1,-0.933112,0.17746686935424805,0.6856330037117004,0.3177809417247772
YER102W,YBR237W,0,-0.9332767,0.17740154266357422,0.6856330037117004,0.3179231882095337
YOR344C,YNR040W,0,-0.9333273,0.17733627557754517,0.6856330037117004,0.31806543469429016
YGR162W,YNL007C,1,-0.9334862,0.17763884365558624,0.6870554685592651,0.31806543469429016
YBL003C,YOL125W,0,-0.93353516,0.1775735318660736,0.6870554685592651,0.31820768117904663
YPL256C,YIL027C,0,-0.93372655,0.17750826478004456,0.6870554685592651,0.3183499276638031
YPL118W,YMR282C,1,-0.9337699,0.1778104305267334,0.6884779334068298,0.3183499276638031
YPR025C,YEL034W,1,-0.9339222,0.17811237275600433,0.6899003982543945,0.3183499276638031
YKL071W,YIL039W,0,-0.9340056,0.17804698646068573,0.6899003982543945,0.31849217414855957
YPL268W,YOR356W,0,-0.93416655,0.1779816448688507,0.6899003982543945,0.31863442063331604
YHR021C,YAR018C,0,-0.9342287,0.17791636288166046,0.6899003982543945,0.3187766671180725
YBR045C,YMR142C,0,-0.93425924,0.1778511255979538,0.6899003982543945,0.318918913602829
YDR303C,YDR134C,0,-0.93446136,0.17778591811656952,0.6899003982543945,0.31906116008758545
YNL023C,YKL046C,0,-0.93459934,0.17772077023983002,0.6899003982543945,0.3192034065723419
YCR043C,YKL017C,0,-0.9349039,0.1776556819677353,0.6899003982543945,0.3193456530570984
YBR127C,YDR043C,0,-0.935626,0.17759062349796295,0.6899003982543945,0.31948789954185486
YOL023W,YOL139C,1,-0.93572193,0.17789165675640106,0.691322922706604,0.31948789954185486
YBR160W,YCR023C,0,-0.9357692,0.17782656848430634,0.691322922706604,0.31963014602661133
YOL109W,YPR009W,0,-0.93582654,0.1777615249156952,0.691322922706604,0.3197723925113678
YPR025C,YJR047C,1,-0.9359594,0.17806215584278107,0.6927453875541687,0.3197723925113678
YHR044C,YBR114W,0,-0.9360201,0.17799708247184753,0.6927453875541687,0.31991463899612427
YEL051W,YCL057C-A,0,-0.9360825,0.1779320389032364,0.6927453875541687,0.32005688548088074
YKL006W,YCR008W,0,-0.9368283,0.17786705493927002,0.6927453875541687,0.3201991319656372
YBR089C-A,YGL232W,0,-0.93690413,0.17780211567878723,0.6927453875541687,0.32034140825271606
YCR016W,YHR214W,0,-0.9369319,0.17773722112178802,0.6927453875541687,0.32048365473747253
YBR016W,YDL060W,0,-0.9369908,0.1776723861694336,0.6927453875541687,0.320625901222229
YMR026C,YNL030W,0,-0.93699163,0.17760758101940155,0.6927453875541687,0.3207681477069855
YCR077C,YEL034W,1,-0.93702227,0.17790740728378296,0.6941678524017334,0.3207681477069855
YDR130C,YHR010W,0,-0.93713605,0.17784257233142853,0.6941678524017334,0.32091039419174194
YPL228W,YDL124W,0,-0.9372172,0.17777778208255768,0.6941678524017334,0.3210526406764984
YGR220C,YMR285C,0,-0.9372315,0.1777130365371704,0.6941678524017334,0.3211948871612549
YPR041W,YMR282C,1,-0.9372478,0.17801237106323242,0.6955903172492981,0.3211948871612549
YPR151C,YPL056C,0,-0.9374463,0.17794759571552277,0.6955903172492981,0.32133713364601135
YDL220C,YLL054C,0,-0.9376243,0.1778828650712967,0.6955903172492981,0.3214793801307678
YNL322C,YJL219W,0,-0.93767935,0.1778181791305542,0.6955903172492981,0.3216216266155243
YJR019C,YGL133W,0,-0.93779916,0.1777535378932953,0.6955903172492981,0.32176387310028076
YDR055W,YPL026C,0,-0.93820983,0.17768895626068115,0.6955903172492981,0.32190611958503723
YHL050C,YBL018C,0,-0.9382764,0.1776244044303894,0.6955903172492981,0.3220483660697937
YIR035C,YML012W,0,-0.9384346,0.17755991220474243,0.6955903172492981,0.32219061255455017
YLR382C,YBR100W,0,-0.9384417,0.17749546468257904,0.6955903172492981,0.32233285903930664
YGL185C,YDR235W,0,-0.93851906,0.17743106186389923,0.6955903172492981,0.3224751055240631
YGR067C,YCL010C,0,-0.93855673,0.177366703748703,0.6955903172492981,0.3226173520088196
YDL184C,YDL144C,0,-0.9388883,0.17730239033699036,0.6955903172492981,0.32275959849357605
YML008C,YAL034W-A,0,-0.9388912,0.17723813652992249,0.6955903172492981,0.3229018449783325
YML018C,YKR090W,0,-0.9388935,0.177173912525177,0.6955903172492981,0.323044091463089
YDL137W,YER144C,0,-0.93897784,0.1771097481250763,0.6955903172492981,0.32318633794784546
YBR233W-A,YBL091C,0,-0.93900543,0.17704561352729797,0.6955903172492981,0.32332858443260193
YCR016W,YGR207C,0,-0.93908006,0.17698153853416443,0.6955903172492981,0.3234708309173584
YEL046C,YGR087C,0,-0.939293,0.17691750824451447,0.6955903172492981,0.32361307740211487
YDR283C,YNL244C,1,-0.93929785,0.17721518874168396,0.6970127820968628,0.32361307740211487
YPR065W,YDR242W,0,-0.93934345,0.17715111374855042,0.6970127820968628,0.32375532388687134
YKL073W,YLR215C,0,-0.9394857,0.17708709836006165,0.6970127820968628,0.3238975703716278
YJR113C,YNR046W,0,-0.9395185,0.17702312767505646,0.6970127820968628,0.3240398168563843
YPR132W,YPL133C,0,-0.9397193,0.17695918679237366,0.6970127820968628,0.32418206334114075
YJR058C,YIL052C,0,-0.93998057,0.17689530551433563,0.6970127820968628,0.3243243098258972
YKL101W,YOL147C,0,-0.94000745,0.1768314689397812,0.6970127820968628,0.3244665861129761
YDR418W,YLR128W,0,-0.9401283,0.17676767706871033,0.6970127820968628,0.32460883259773254
YPR025C,YPL237W,1,-0.9403643,0.17706455290317535,0.6984353065490723,0.32460883259773254
YPR124W,YBR245C,0,-0.9404024,0.1770007163286209,0.6984353065490723,0.324751079082489
YIL125W,YGL065C,0,-0.9404265,0.17693693935871124,0.6984353065490723,0.3248933255672455
YMR224C,YPL198W,0,-0.94053525,0.17687319219112396,0.6984353065490723,0.32503557205200195
YLL021W,YGL255W,0,-0.94084716,0.17680950462818146,0.6984353065490723,0.3251778185367584
YER071C,YMR251W-A,0,-0.94092137,0.17674586176872253,0.6984353065490723,0.3253200650215149
YDR479C,YLR098C,0,-0.94097084,0.1766822636127472,0.6984353065490723,0.32546231150627136
YMR041C,YLR093C,0,-0.94126815,0.17661871016025543,0.6984353065490723,0.32560455799102783
YLR196W,YLR376C,0,-0.9416997,0.17655520141124725,0.6984353065490723,0.3257468044757843
YBR181C,YBR091C,0,-0.94195026,0.17649173736572266,0.6984353065490723,0.32588905096054077
YER036C,YIR007W,0,-0.94210505,0.17642831802368164,0.6984353065490723,0.32603129744529724
YEL063C,YGL150C,0,-0.94222456,0.1763649433851242,0.6984353065490723,0.3261735439300537
YBR265W,YKL110C,0,-0.94256395,0.17630161345005035,0.6984353065490723,0.3263157904148102
YML096W,YNL291C,0,-0.9429175,0.17623832821846008,0.6984353065490723,0.32645803689956665
YNL293W,YOL075C,0,-0.94310856,0.1761751025915146,0.6984353065490723,0.3266002833843231
YBL078C,YGL253W,0,-0.9431437,0.17611190676689148,0.6984353065490723,0.3267425298690796
YER025W,YBL013W,1,-0.94325876,0.17640730738639832,0.699857771396637,0.3267425298690796
YOL016C,YKR078W,0,-0.94329417,0.17634408175945282,0.699857771396637,0.32688477635383606
YKL114C,YCR029C-A,0,-0.94342226,0.1762809008359909,0.699857771396637,0.32702702283859253
YOR335C,YGR207C,0,-0.94346863,0.17621776461601257,0.699857771396637,0.327169269323349
YGR174C,YLR155C,0,-0.94353193,0.17615467309951782,0.699857771396637,0.32731151580810547
YNL225C,YPL275W,0,-0.94358695,0.17609162628650665,0.699857771396637,0.32745376229286194
YDR117C,YAL035W,1,-0.94402015,0.17638640105724335,0.7012802362442017,0.32745376229286194
YER069W,YML019W,0,-0.944133,0.1763233244419098,0.7012802362442017,0.3275960087776184
YJR007W,YER153C,1,-0.9441941,0.1766178011894226,0.7027027010917664,0.3275960087776184
YNL071W,YFR042W,0,-0.94428396,0.17655467987060547,0.7027027010917664,0.3277382552623749
YFR006W,YML047C,0,-0.9444009,0.1764916032552719,0.7027027010917664,0.32788050174713135
YMR170C,YBL061C,0,-0.94468963,0.17642857134342194,0.7027027010917664,0.3280227482318878
YJR113C,YDR393W,0,-0.9447849,0.17636558413505554,0.7027027010917664,0.3281649947166443
YGR283C,YIL114C,0,-0.94482577,0.17630264163017273,0.7027027010917664,0.32830724120140076
YLR092W,YMR256C,0,-0.945065,0.1762397438287735,0.7027027010917664,0.3284494876861572
YHR202W,YBR092C,0,-0.94527227,0.17617689073085785,0.7027027010917664,0.3285917639732361
YHR039C,YGR041W,0,-0.94568604,0.17611408233642578,0.7027027010917664,0.32873401045799255
YNR036C,YOR125C,0,-0.94569385,0.1760513186454773,0.7027027010917664,0.328876256942749
YIL145C,YLR258W,0,-0.94621813,0.1759885996580124,0.7027027010917664,0.3290185034275055
YHR107C,YOR077W,0,-0.9465444,0.17592592537403107,0.7027027010917664,0.32916074991226196
YGL018C,YDR367W,0,-0.9468159,0.17586329579353333,0.7027027010917664,0.32930299639701843
YKL154W,YKR042W,0,-0.9475356,0.17580071091651917,0.7027027010917664,0.3294452428817749
YAR015W,YGR038W,0,-0.9476909,0.1757381707429886,0.7027027010917664,0.32958748936653137
YKL089W,YBL099W,0,-0.9477897,0.1756756752729416,0.7027027010917664,0.32972973585128784
YBR090C-A,YPL212C,0,-0.94801545,0.17561322450637817,0.7027027010917664,0.3298719823360443
YOL115W,YOR306C,0,-0.94811994,0.17555081844329834,0.7027027010917664,0.3300142288208008
YDR162C,YKL040C,0,-0.94830567,0.1754884570837021,0.7027027010917664,0.33015647530555725
YHR140W,YLR393W,0,-0.9486108,0.17542614042758942,0.7027027010917664,0.3302987217903137
YLR001C,YKL087C,0,-0.9486629,0.17536386847496033,0.7027027010917664,0.3304409682750702
YOL100W,YER011W,0,-0.9487609,0.17530162632465363,0.7027027010917664,0.33058321475982666
YGR097W,YNL162W,0,-0.9487672,0.1752394437789917,0.7027027010917664,0.33072546124458313
YER056C-A,YOL109W,0,-0.9488707,0.17517730593681335,0.7027027010917664,0.3308677077293396
YHR115C,YOL019W,0,-0.94893324,0.1751152127981186,0.7027027010917664,0.33100995421409607
YMR313C,YLR023C,0,-0.9489593,0.17505314946174622,0.7027027010917664,0.33115220069885254
YBR132C,YGR202C,0,-0.9491847,0.17499114573001862,0.7027027010917664,0.331294447183609
YCR024C,YBL030C,0,-0.9494831,0.1749291718006134,0.7027027010917664,0.3314366936683655
YJR118C,YJR046W,0,-0.9497224,0.17486725747585297,0.7027027010917664,0.33157894015312195
YDR322C-A,YML091C,0,-0.9497673,0.17480537295341492,0.7027027010917664,0.3317211866378784
YGR132C,YLR312C-B,0,-0.94985425,0.17474354803562164,0.7027027010917664,0.3318634331226349
YER127W,YDR145W,0,-0.9499845,0.17468175292015076,0.7027027010917664,0.33200567960739136
YHR215W,YBR018C,0,-0.9500456,0.17462000250816345,0.7027027010917664,0.3321479260921478
YBR105C,YJR059W,0,-0.9502312,0.17455829679965973,0.7027027010917664,0.3322901725769043
YPL058C,YMR040W,0,-0.9503215,0.17449665069580078,0.7027027010917664,0.33243241906166077
YCL044C,YAL008W,0,-0.95057863,0.17443503439426422,0.7027027010917664,0.33257466554641724
YOL039W,YLR414C,0,-0.95059943,0.17437346279621124,0.7027027010917664,0.3327169418334961
YNL240C,YNL288W,0,-0.9506498,0.17431192100048065,0.7027027010917664,0.33285918831825256
YDR255C,YBR127C,0,-0.9506615,0.17425043880939484,0.7027027010917664,0.33300143480300903
YBR227C,YKL018W,0,-0.9506685,0.1741890013217926,0.7027027010917664,0.3331436812877655
YNL046W,YDR447C,0,-0.9509049,0.17412759363651276,0.7027027010917664,0.333285927772522
YER069W,YBR045C,0,-0.9509405,0.17406624555587769,0.7027027010917664,0.33342817425727844
YGL173C,YDR363W-A,0,-0.9511506,0.174004927277565,0.7027027010917664,0.3335704207420349
YIL067C,YOR091W,0,-0.9511843,0.1739436686038971,0.7027027010917664,0.3337126672267914
YIL034C,YBR041W,0,-0.9514359,0.17388243973255157,0.7027027010917664,0.33385491371154785
YGR067C,YNL242W,0,-0.9514392,0.17382125556468964,0.7027027010917664,0.3339971601963043
YKR018C,YOL051W,0,-0.9515307,0.17376011610031128,0.7027027010917664,0.3341394066810608
YCR077C,YBL013W,1,-0.95168394,0.17405062913894653,0.704125165939331,0.3341394066810608
YER096W,YLR284C,0,-0.95199436,0.1739894598722458,0.704125165939331,0.33428165316581726
YNL305C,YGL043W,0,-0.95202917,0.17392832040786743,0.704125165939331,0.33442389965057373
YDR197W,YDR507C,0,-0.95214844,0.17386722564697266,0.704125165939331,0.3345661461353302
YER056C,YOR244W,0,-0.952342,0.17380617558956146,0.704125165939331,0.33470839262008667
YOL152W,YLR312C-B,0,-0.9525869,0.17374517023563385,0.704125165939331,0.33485063910484314
YOR389W,YJL092W,0,-0.9526122,0.17368420958518982,0.704125165939331,0.3349928855895996
YIL014W,YDR545W,0,-0.9526897,0.17362329363822937,0.704125165939331,0.3351351320743561
YEL011W,YDL018C,0,-0.9527711,0.1735624074935913,0.704125165939331,0.33527737855911255
YML126C,YDR294C,0,-0.952777,0.17350158095359802,0.704125165939331,0.335419625043869
YDR510W,YDR447C,0,-0.95281386,0.17344078421592712,0.704125165939331,0.3355618715286255
YIL171W,YDR208W,0,-0.95299083,0.1733800321817398,0.704125165939331,0.33570411801338196
YCL039W,YPR114W,0,-0.95307726,0.17331932485103607,0.704125165939331,0.3358463644981384
YOR130C,YNL030W,0,-0.9530982,0.17325866222381592,0.704125165939331,0.3359886109828949
YLR352W,YMR142C,0,-0.95325536,0.17319804430007935,0.704125165939331,0.33613085746765137
YDR380W,YBR019C,0,-0.9536519,0.17313745617866516,0.704125165939331,0.33627310395240784
YER011W,YHR148W,0,-0.95378083,0.17307692766189575,0.704125165939331,0.3364153504371643
YOL002C,YPL101W,0,-0.9537946,0.17301642894744873,0.704125165939331,0.3365575969219208
YGL017W,YBL017C,0,-0.9538852,0.1729559749364853,0.704125165939331,0.33669984340667725
YMR059W,YNL316C,0,-0.9541472,0.17289556562900543,0.704125165939331,0.3368421196937561
YPL068C,YER183C,0,-0.954169,0.17283520102500916,0.704125165939331,0.3369843661785126
YDR216W,YPL026C,0,-0.9541946,0.17277486622333527,0.704125165939331,0.33712661266326904
YDR538W,YJR065C,0,-0.9544384,0.17271459102630615,0.704125165939331,0.3372688591480255
YML113W,YKL138C-A,0,-0.9546755,0.17265434563159943,0.704125165939331,0.337411105632782
YMR150C,YKR018C,0,-0.95472157,0.17259414494037628,0.704125165939331,0.33755335211753845
YDR485C,YML131W,0,-0.9548051,0.17253398895263672,0.704125165939331,0.3376955986022949
YJR054W,YNL139C,0,-0.95493734,0.17247386276721954,0.704125165939331,0.3378378450870514
YGR125W,YLR039C,0,-0.95500493,0.17241379618644714,0.704125165939331,0.33798009157180786
YDR297W,YGR279C,0,-0.95502216,0.17235375940799713,0.704125165939331,0.33812233805656433
YJL138C,YPR086W,1,-0.9554799,0.1726418435573578,0.7055476307868958,0.33812233805656433
YCR070W,YMR026C,0,-0.9559379,0.1725817620754242,0.7055476307868958,0.3382645845413208
YER074W-A,YOR067C,0,-0.9560131,0.17252174019813538,0.7055476307868958,0.33840683102607727
YLR185W,YBR199W,0,-0.95623773,0.17246174812316895,0.7055476307868958,0.33854907751083374
YBR028C,YGR065C,0,-0.9563239,0.1724018007516861,0.7055476307868958,0.3386913239955902
YLL018C-A,YGR068C,0,-0.95644325,0.17234189808368683,0.7055476307868958,0.3388335704803467
YDR500C,YDR516C,0,-0.9564577,0.17228204011917114,0.7055476307868958,0.33897581696510315
YLL028W,YJR129C,0,-0.9566975,0.17222222685813904,0.7055476307868958,0.3391180634498596
YCR024C-A,YLR408C,0,-0.9568012,0.17216244339942932,0.7055476307868958,0.3392603099346161
YJR007W,YGR054W,1,-0.95698607,0.17244969308376312,0.7069701552391052,0.3392603099346161
YML070W,YKL134C,0,-0.95700395,0.17238986492156982,0.7069701552391052,0.33940255641937256
YNL225C,YBL061C,0,-0.95704985,0.1723300963640213,0.7069701552391052,0.33954480290412903
YJR118C,YDL235C,0,-0.95712,0.17227035760879517,0.7069701552391052,0.3396870493888855
YLR426W,YHR107C,0,-0.95719373,0.1722106784582138,0.7069701552391052,0.33982929587364197
YKL086W,YPR067W,0,-0.95724064,0.17215102910995483,0.7069701552391052,0.33997154235839844
YGL153W,YGR087C,0,-0.9572786,0.17209140956401825,0.7069701552391052,0.3401137888431549
YPR105C,YLR134W,0,-0.95730597,0.17203184962272644,0.7069701552391052,0.3402560353279114
YIL040W,YML015C,0,-0.95739716,0.17197231948375702,0.7069701552391052,0.34039828181266785
YLR128W,YDL014W,0,-0.9575512,0.17191283404827118,0.7069701552391052,0.3405405282974243
YOL034W,YKR092C,0,-0.95772856,0.17185339331626892,0.7069701552391052,0.3406827747821808
YOR002W,YMR226C,0,-0.95807666,0.17179398238658905,0.7069701552391052,0.34082502126693726
YDR338C,YJL093C,0,-0.95820457,0.17173461616039276,0.7069701552391052,0.3409672975540161
YDR056C,YOL148C,0,-0.9582141,0.17167530953884125,0.7069701552391052,0.3411095440387726
YOL016C,YCL067C,0,-0.9583314,0.17161601781845093,0.7069701552391052,0.34125179052352905
YJL116C,YGL139W,0,-0.9583659,0.17155678570270538,0.7069701552391052,0.3413940370082855
YCL045C,YNR040W,0,-0.9585287,0.17149758338928223,0.7069701552391052,0.341536283493042
YNL058C,YNL176C,0,-0.958561,0.17143842577934265,0.7069701552391052,0.34167852997779846
YHR009C,YAL011W,0,-0.958625,0.17137931287288666,0.7069701552391052,0.34182077646255493
YBR286W,YIL168W,0,-0.9587034,0.17132022976875305,0.7069701552391052,0.3419630229473114
YHR072W-A,YMR170C,0,-0.9588918,0.17126120626926422,0.7069701552391052,0.34210526943206787
YNL036W,YLR176C,0,-0.9589047,0.17120219767093658,0.7069701552391052,0.34224751591682434
YOR214C,YDR397C,0,-0.95898616,0.17114324867725372,0.7069701552391052,0.3423897624015808
YMR266W,YGR284C,0,-0.95901555,0.17108434438705444,0.7069701552391052,0.3425320088863373
YLR096W,YLR075W,0,-0.95912355,0.17102546989917755,0.7069701552391052,0.34267425537109375
YNR007C,YIL041W,0,-0.9593701,0.17096662521362305,0.7069701552391052,0.3428165018558502
YHR020W,YLR390W-A,0,-0.959372,0.17090784013271332,0.7069701552391052,0.3429587483406067
YML022W,YGL185C,0,-0.95944315,0.17084908485412598,0.7069701552391052,0.34310099482536316
YDL112W,YNR019W,0,-0.9595017,0.17079037427902222,0.7069701552391052,0.34324324131011963
YMR309C,YOL023W,1,-0.9595296,0.1710752248764038,0.7083926200866699,0.34324324131011963
YDL119C,YDR027C,0,-0.9595574,0.17101648449897766,0.7083926200866699,0.3433854877948761
YGL085W,YER148W,0,-0.9596812,0.1709577739238739,0.7083926200866699,0.34352773427963257
YKR062W,YPL026C,0,-0.95968646,0.17089910805225372,0.7083926200866699,0.34366998076438904
YDR268W,YLR441C,0,-0.95970124,0.17084048688411713,0.7083926200866699,0.3438122272491455
YPR008W,YPR114W,0,-0.9599716,0.17078189551830292,0.7083926200866699,0.343954473733902
YDR117C,YGL107C,1,-0.96005243,0.17106616497039795,0.7098150849342346,0.343954473733902
YBL013W,YJR014W,1,-0.96071833,0.17135024070739746,0.7112375497817993,0.343954473733902
YER041W,YJR098C,0,-0.96093446,0.1712915450334549,0.7112375497817993,0.34409672021865845
YOR026W,YLR414C,0,-0.9613107,0.17123287916183472,0.7112375497817993,0.3442389667034149
YBR231C,YMR006C,0,-0.96175784,0.17117425799369812,0.7112375497817993,0.3443812131881714
YDR276C,YOR004W,0,-0.9618768,0.1711156815290451,0.7112375497817993,0.34452345967292786
YNL071W,YMR134W,0,-0.9619456,0.17105713486671448,0.7112375497817993,0.3446657061576843
YDR363W-A,YHR134W,0,-0.9623551,0.17099863290786743,0.7112375497817993,0.3448079526424408
YGL100W,YLR023C,0,-0.9624693,0.17094017565250397,0.7112375497817993,0.34495019912719727
YHR035W,YGL250W,0,-0.96249574,0.1708817481994629,0.7112375497817993,0.3450924754142761
YLR189C,YBR039W,0,-0.96250755,0.1708233654499054,0.7112375497817993,0.3452347218990326
YJL184W,YER111C,0,-0.9625903,0.17076502740383148,0.7112375497817993,0.34537696838378906
YMR029C,YIL051C,0,-0.9627584,0.17070671916007996,0.7112375497817993,0.34551921486854553
YER142C,YDL223C,0,-0.96285945,0.1706484705209732,0.7112375497817993,0.345661461353302
YIL031W,YMR263W,0,-0.96293265,0.17059023678302765,0.7112375497817993,0.34580370783805847
YGR234W,YJL019W,0,-0.9630453,0.17053206264972687,0.7112375497817993,0.34594595432281494
YBR142W,YOL098C,0,-0.96305263,0.17047391831874847,0.7112375497817993,0.3460882008075714
YEL046C,YDR397C,0,-0.96322566,0.17041581869125366,0.7112375497817993,0.3462304472923279
YDR422C,YOR122C,0,-0.9633196,0.17035774886608124,0.7112375497817993,0.34637269377708435
YDR507C,YDR170W-A,0,-0.96373445,0.1702997237443924,0.7112375497817993,0.3465149402618408
YDR079C-A,YCR053W,0,-0.9637367,0.17024174332618713,0.7112375497817993,0.3466571867465973
YGR109C,YNR073C,0,-0.9638238,0.17018379271030426,0.7112375497817993,0.34679943323135376
YPL181W,YER073W,0,-0.9638419,0.17012588679790497,0.7112375497817993,0.34694167971611023
YPL066W,YOR047C,0,-0.9640278,0.17006802558898926,0.7112375497817993,0.3470839262008667
YGR122W,YDL072C,0,-0.9640318,0.17001019418239594,0.7112375497817993,0.34722617268562317
YBL013W,YJR047C,1,-0.9642338,0.17029231786727905,0.712660014629364,0.34722617268562317
YPL118W,YGR054W,1,-0.96430546,0.17057424783706665,0.7140824794769287,0.34722617268562317
YMR192W,YPR028W,0,-0.96457654,0.17051629722118378,0.7140824794769287,0.34736841917037964
YOR067C,YDR363W-A,0,-0.96458185,0.17045840620994568,0.7140824794769287,0.3475106656551361
YIL148W,YOL122C,0,-0.9646191,0.17040054500102997,0.7140824794769287,0.3476529121398926
YBL013W,YPR041W,1,-0.96468645,0.17068204283714294,0.7155050039291382,0.3476529121398926
YBR235W,YER007C-A,0,-0.96544266,0.17062415182590485,0.7155050039291382,0.34779515862464905
YER164W,YMR223W,0,-0.9657435,0.17056629061698914,0.7155050039291382,0.3479374051094055
YEL054C,YBR217W,0,-0.9659238,0.170508474111557,0.7155050039291382,0.348079651594162
YML064C,YKL211C,0,-0.9660148,0.17045068740844727,0.7155050039291382,0.34822189807891846
YPL281C,YHR178W,0,-0.9660474,0.1703929603099823,0.7155050039291382,0.3483641445636749
YNL299W,YHR034C,0,-0.9660874,0.17033524811267853,0.7155050039291382,0.3485063910484314
YPL026C,YDR022C,0,-0.96626467,0.17027759552001953,0.7155050039291382,0.34864863753318787
YIL015W,YMR118C,0,-0.96636564,0.17021997272968292,0.7155050039291382,0.34879088401794434
YDR299W,YDR495C,0,-0.96638876,0.1701623797416687,0.7155050039291382,0.3489331305027008
YER170W,YJL008C,0,-0.96639425,0.17010483145713806,0.7155050039291382,0.3490753769874573
YDR434W,YKL042W,0,-0.9664972,0.170047327876091,0.7155050039291382,0.34921765327453613
YHR001W-A,YGL092W,0,-0.9665285,0.16998985409736633,0.7155050039291382,0.3493598997592926
YIL027C,YLR356W,0,-0.96657795,0.16993242502212524,0.7155050039291382,0.3495021462440491
YAR042W,YGR286C,0,-0.9668763,0.16987504065036774,0.7155050039291382,0.34964439272880554
YER169W,YDR343C,0,-0.9669142,0.16981768608093262,0.7155050039291382,0.349786639213562
YDR283C,YJL138C,1,-0.96735626,0.17009787261486053,0.7169274687767029,0.349786639213562
YMR113W,YOR044W,0,-0.96761537,0.17004048824310303,0.7169274687767029,0.3499288856983185
YCL069W,YJR025C,0,-0.96781474,0.1699831336736679,0.7169274687767029,0.35007113218307495
YKR080W,YHR158C,0,-0.9679574,0.16992582380771637,0.7169274687767029,0.3502133786678314
YOR214C,YBR083W,0,-0.9680075,0.1698685586452484,0.7169274687767029,0.3503556251525879
YGR080W,YHR128W,0,-0.968058,0.16981132328510284,0.7169274687767029,0.35049787163734436
YER164W,YGR125W,0,-0.9683658,0.16975413262844086,0.7169274687767029,0.35064011812210083
YPR151C,YCL027C-A,0,-0.9683712,0.16969697177410126,0.7169274687767029,0.3507823646068573
YGR263C,YDL136W,0,-0.96842873,0.16963985562324524,0.7169274687767029,0.35092461109161377
YGL127C,YMR015C,0,-0.96842885,0.1695827692747116,0.7169274687767029,0.35106685757637024
YBR012W-B,YJL153C,0,-0.96853024,0.16952572762966156,0.7169274687767029,0.3512091040611267
YMR012W,YNL244C,1,-0.9686245,0.16980497539043427,0.7183499336242676,0.3512091040611267
YGR156W,YAL042W,0,-0.96864676,0.16974790394306183,0.7183499336242676,0.3513513505458832
YPR173C,YBL008W,0,-0.96886814,0.16969086229801178,0.7183499336242676,0.35149359703063965
YCR028C-A,YFL008W,0,-0.9690795,0.1696338653564453,0.7183499336242676,0.3516358435153961
YER184C,YML026C,0,-0.9691729,0.16957689821720123,0.7183499336242676,0.3517780900001526
YCR077C,YGR083C,1,-0.9692983,0.16985565423965454,0.7197723984718323,0.3517780900001526
YAR066W,YJR117W,0,-0.96948355,0.16979865729808807,0.7197723984718323,0.35192033648490906
YIR004W,YNL323W,0,-0.96962774,0.169741690158844,0.7197723984718323,0.3520625829696655
YJR161C,YLR448W,0,-0.9697346,0.1696847826242447,0.7197723984718323,0.352204829454422
YPL012W,YML047C,0,-0.9697668,0.16962788999080658,0.7197723984718323,0.35234707593917847
YMR195W,YJL179W,0,-0.9698035,0.16957104206085205,0.7197723984718323,0.35248932242393494
YOR010C,YLL026W,0,-0.96997184,0.1695142388343811,0.7197723984718323,0.3526315689086914
YIR015W,YGL150C,0,-0.9702362,0.16945746541023254,0.7197723984718323,0.3527738153934479
YKL198C,YGL096W,0,-0.9702397,0.16940073668956757,0.7197723984718323,0.35291606187820435
YGR035C,YOR036W,0,-0.9702502,0.16934403777122498,0.7197723984718323,0.3530583083629608
YAR015W,YNL240C,0,-0.9702946,0.16928738355636597,0.7197723984718323,0.3532005548477173
YDR115W,YGL100W,0,-0.97087115,0.16923077404499054,0.7197723984718323,0.35334283113479614
YAL019W,YBR100W,0,-0.970998,0.1691741943359375,0.7197723984718323,0.3534850776195526
YNL300W,YIR008C,0,-0.9711855,0.16911764442920685,0.7197723984718323,0.3536273241043091
YJL129C,YJL021C,0,-0.971348,0.16906113922595978,0.7197723984718323,0.35376957058906555
YCL033C,YDR393W,0,-0.97141933,0.1690046787261963,0.7197723984718323,0.353911817073822
YCR003W,YPL022W,0,-0.97163016,0.1689482480287552,0.7197723984718323,0.3540540635585785
YAR044W,YOL012C,0,-0.9720743,0.16889186203479767,0.7197723984718323,0.35419631004333496
YKR099C-A,YOR090C,0,-0.97211117,0.16883550584316254,0.7197723984718323,0.35433855652809143
YKL071W,YDR110W,0,-0.9728276,0.1687791794538498,0.7197723984718323,0.3544808030128479
YJR009C,YOR079C,0,-0.97294503,0.16872291266918182,0.7197723984718323,0.35462304949760437
YKL005C,YOL020W,0,-0.9729599,0.16866666078567505,0.7197723984718323,0.35476529598236084
YAR009C,YMR118C,0,-0.97318906,0.16861046850681305,0.7197723984718323,0.3549075424671173
YOL068C,YGR262C,0,-0.973278,0.16855429112911224,0.7197723984718323,0.3550497889518738
YLR260W,YPR108W,0,-0.97332376,0.1684981733560562,0.7197723984718323,0.35519203543663025
YHR172W,YDL114W,0,-0.97367555,0.16844207048416138,0.7197723984718323,0.3553342819213867
YHR157W,YNL005C,0,-0.97427315,0.16838602721691132,0.7197723984718323,0.3554765284061432
YOR010C,YPL146C,0,-0.97447723,0.16833001375198364,0.7197723984718323,0.35561877489089966
YOR032C,YBL072C,0,-0.97457,0.16827403008937836,0.7197723984718323,0.35576102137565613
YNL301C,YBL102W,0,-0.97459847,0.16821809113025665,0.7197723984718323,0.3559032678604126
YCL066W,YIL107C,0,-0.9749829,0.16816218197345734,0.7197723984718323,0.35604551434516907
YGR071C,YJR086W,0,-0.975152,0.1681063175201416,0.7197723984718323,0.35618776082992554
YIL127C,YGR033C,0,-0.9751723,0.16805048286914825,0.7197723984718323,0.356330007314682
YDR115W,YCL033C,0,-0.97530884,0.1679946929216385,0.7197723984718323,0.3564722537994385
YHL024W,YBR048W,0,-0.9753349,0.1679389327764511,0.7197723984718323,0.35661450028419495
YHR019C,YCR088W,0,-0.97539175,0.16788321733474731,0.7197723984718323,0.3567567467689514
YNL135C,YDL098C,0,-0.9754658,0.1678275316953659,0.7197723984718323,0.3568989932537079
YNL059C,YCL020W,0,-0.9757141,0.16777187585830688,0.7197723984718323,0.35704123973846436
YGR046W,YCL068C,0,-0.97575897,0.16771627962589264,0.7197723984718323,0.3571834862232208
YIL053W,YBR146W,0,-0.9760137,0.1676606982946396,0.7197723984718323,0.3573257327079773
YNL134C,YDR495C,0,-0.9760837,0.16760516166687012,0.7197723984718323,0.35746800899505615
YLL067C,YAL003W,0,-0.9762887,0.16754966974258423,0.7197723984718323,0.3576102554798126
YGL006W,YBL100W-A,0,-0.9763137,0.16749420762062073,0.7197723984718323,0.3577525019645691
YHL002W,YKR098C,0,-0.97632617,0.16743877530097961,0.7197723984718323,0.35789474844932556
YCR040W,YGL131C,0,-0.97635967,0.16738338768482208,0.7197723984718323,0.35803699493408203
YPR102C,YGR186W,0,-0.97643536,0.16732804477214813,0.7197723984718323,0.3581792414188385
YOR022C,YFR042W,0,-0.97659445,0.16727273166179657,0.7197723984718323,0.35832148790359497
YKR096W,YIL137C,0,-0.9767147,0.1672174483537674,0.7197723984718323,0.35846373438835144
YNR059W,YFL062W,0,-0.9768003,0.1671622097492218,0.7197723984718323,0.3586059808731079
YER153C,YGR054W,1,-0.9768658,0.16743725538253784,0.721194863319397,0.3586059808731079
YBL031W,YOR153W,0,-0.97690165,0.16738197207450867,0.721194863319397,0.3587482273578644
YLR175W,YKL109W,0,-0.97691995,0.16732673346996307,0.721194863319397,0.35889047384262085
YGR083C,YPR086W,1,-0.9769617,0.16760145127773285,0.7226173281669617,0.35889047384262085
YJL183W,YLR223C,0,-0.977009,0.16754616796970367,0.7226173281669617,0.3590327203273773
YNL252C,YDR511W,0,-0.9771979,0.16749092936515808,0.7226173281669617,0.3591749668121338
YKR018C,YEL071W,0,-0.97736204,0.16743573546409607,0.7226173281669617,0.35931721329689026
YDL109C,YLL011W,0,-0.9774793,0.16738055646419525,0.7226173281669617,0.35945945978164673
YCR043C,YPL192C,0,-0.9774863,0.16732542216777802,0.7226173281669617,0.3596017062664032
YPL118W,YNL244C,1,-0.9776032,0.1675996035337448,0.7240398526191711,0.3596017062664032
YMR042W,YHL026C,0,-0.9776419,0.1675444394350052,0.7240398526191711,0.35974395275115967
YJR056C,YNR041C,0,-0.97769815,0.16748930513858795,0.7240398526191711,0.35988619923591614
YCR048W,YGR272C,0,-0.9778119,0.1674342155456543,0.7240398526191711,0.3600284457206726
YFL004W,YGL022W,0,-0.9779127,0.16737915575504303,0.7240398526191711,0.3601706922054291
YBR239C,YEL071W,0,-0.97802705,0.16732412576675415,0.7240398526191711,0.36031293869018555
YDL038C,YBL063W,0,-0.9781404,0.16726914048194885,0.7240398526191711,0.360455185174942
YJL129C,YPL172C,0,-0.9782726,0.16721418499946594,0.7240398526191711,0.3605974316596985
YMR119W,YPL081W,0,-0.97831506,0.1671592742204666,0.7240398526191711,0.36073967814445496
YPL118W,YMR012W,1,-0.97847897,0.16743269562721252,0.7254623174667358,0.36073967814445496
YNR007C,YGR017W,0,-0.97859997,0.1673777550458908,0.7254623174667358,0.3608819246292114
YLR078C,YLL054C,0,-0.978725,0.16732282936573029,0.7254623174667358,0.3610241711139679
YKR081C,YPR055W,0,-0.9788295,0.16726796329021454,0.7254623174667358,0.36116641759872437
YGL032C,YLR066W,0,-0.97891504,0.16721311211585999,0.7254623174667358,0.36130866408348083
YLR287C-A,YDR486C,0,-0.97897977,0.167158305644989,0.7254623174667358,0.3614509105682373
YBR248C,YJL065C,0,-0.9799786,0.16710354387760162,0.7254623174667358,0.36159318685531616
YLR189C,YBR162W-A,0,-0.9800061,0.16704879701137543,0.7254623174667358,0.36173543334007263
YGL153W,YER177W,0,-0.9800281,0.166994109749794,0.7254623174667358,0.3618776798248291
YDR127W,YPR107C,0,-0.9800606,0.16693943738937378,0.7254623174667358,0.36201992630958557
YPL028W,YNL243W,0,-0.9804861,0.16688480973243713,0.7254623174667358,0.36216217279434204
YGL039W,YLR424W,0,-0.9805635,0.16683022677898407,0.7254623174667358,0.3623044192790985
YOL064C,YKR099C-A,0,-0.9807255,0.1667756736278534,0.7254623174667358,0.362446665763855
YKL071W,YDR046C,0,-0.98072785,0.1667211502790451,0.7254623174667358,0.36258891224861145
YPL081W,YBR019C,0,-0.98082703,0.1666666716337204,0.7254623174667358,0.3627311587333679
YER114C,YLR312C-B,0,-0.98103565,0.16661222279071808,0.7254623174667358,0.3628734052181244
YPR098C,YGR142W,0,-0.98110515,0.16655780375003815,0.7254623174667358,0.36301565170288086
YOL133W,YOL077C,0,-0.9812717,0.1665034294128418,0.7254623174667358,0.36315789818763733
YHL019C,YDL143W,0,-0.98129517,0.16644908487796783,0.7254623174667358,0.3633001446723938
YJR015W,YHL009C,0,-0.9813425,0.16639478504657745,0.7254623174667358,0.36344239115715027
YNR052C,YNL291C,0,-0.9814466,0.16634051501750946,0.7254623174667358,0.36358463764190674
YKL049C,YMR221C,0,-0.981459,0.16628627479076385,0.7254623174667358,0.3637268841266632
YER007C-A,YGL084C,0,-0.9817216,0.16623207926750183,0.7254623174667358,0.3638691306114197
YML113W,YBR210W,0,-0.98222667,0.1661779135465622,0.7254623174667358,0.36401137709617615
YML114C,YER160C,0,-0.98230404,0.16612377762794495,0.7254623174667358,0.3641536235809326
YLR097C,YHR005C,0,-0.98231584,0.16606968641281128,0.7254623174667358,0.3642958700656891
YKL100C,YPL126W,0,-0.9823855,0.166015625,0.7254623174667358,0.36443811655044556
YBR191W,YDL134C-A,0,-0.9824841,0.1659616082906723,0.7254623174667358,0.364580363035202
YIL118W,YJL096W,0,-0.98254746,0.1659076064825058,0.7254623174667358,0.3647226095199585
YIL127C,YBL021C,0,-0.9826949,0.16585366427898407,0.7254623174667358,0.36486485600471497
YOR057W,YGL120C,0,-0.98281246,0.16579973697662354,0.7254623174667358,0.36500710248947144
YNR063W,YNL061W,0,-0.98282814,0.16574585437774658,0.7254623174667358,0.3651493489742279
YAL002W,YGR194C,0,-0.98309124,0.16569200158119202,0.7254623174667358,0.3652915954589844
YNL181W,YDR110W,0,-0.9830968,0.16563819348812103,0.7254623174667358,0.36543384194374084
YGL049C,YDR117C,1,-0.98350185,0.16590909659862518,0.7268847823143005,0.36543384194374084
YOL137W,YJR158W,0,-0.9838304,0.16585524380207062,0.7268847823143005,0.3655760884284973
YCR029C-A,YNL316C,0,-0.9838379,0.16580142080783844,0.7268847823143005,0.36571836471557617
YIL014W,YBR169C,0,-0.9839697,0.16574764251708984,0.7268847823143005,0.36586061120033264
YHR143W-A,YLR332W,0,-0.98402303,0.16569390892982483,0.7268847823143005,0.3660028576850891
YGR096W,YDR388W,0,-0.98403335,0.165640190243721,0.7268847823143005,0.3661451041698456
YHL022C,YDR188W,0,-0.98427004,0.16558651626110077,0.7268847823143005,0.36628735065460205
YOL029C,YIL016W,0,-0.98429686,0.1655328869819641,0.7268847823143005,0.3664295971393585
YER095W,YOR027W,0,-0.9848378,0.16547927260398865,0.7268847823143005,0.366571843624115
YNL007C,YBL013W,1,-0.985083,0.1657494306564331,0.7283072471618652,0.366571843624115
YDR283C,YGR162W,1,-0.985177,0.16601942479610443,0.7297297120094299,0.366571843624115
YER153C,YPR041W,1,-0.98526675,0.16628922522068024,0.7311521768569946,0.366571843624115
YPL076W,YDR440W,0,-0.9852728,0.16623544692993164,0.7311521768569946,0.36671409010887146
YKL073W,YGR296W,0,-0.9854403,0.16618169844150543,0.7311521768569946,0.36685633659362793
YOR214C,YNR041C,0,-0.98548794,0.1661279946565628,0.7311521768569946,0.3669985830783844
YPL088W,YDR279W,0,-0.9857803,0.16607432067394257,0.7311521768569946,0.36714082956314087
YDR372C,YCR005C,0,-0.9859116,0.16602067649364471,0.7311521768569946,0.36728307604789734
YLR430W,YOR060C,0,-0.9859386,0.16596706211566925,0.7311521768569946,0.3674253225326538
YDR001C,YNL220W,0,-0.9862177,0.16591349244117737,0.7311521768569946,0.3675675690174103
YER003C,YIL022W,0,-0.98629737,0.16585995256900787,0.7311521768569946,0.36770981550216675
YBR079C,YPR025C,1,-0.9864481,0.16612903773784637,0.7325747013092041,0.36770981550216675
YPL155C,YMR105C,0,-0.9868706,0.1660754531621933,0.7325747013092041,0.3678520619869232
YJL122W,YBR208C,0,-0.98690325,0.166021928191185,0.7325747013092041,0.3679943084716797
YDR158W,YNL055C,0,-0.98702216,0.1659684181213379,0.7325747013092041,0.36813655495643616
YNR071C,YNL316C,0,-0.9872378,0.16591495275497437,0.7325747013092041,0.3682788014411926
YOR078W,YPL170W,0,-0.9876081,0.16586151719093323,0.7325747013092041,0.3684210479259491
YFR006W,YML091C,0,-0.9876799,0.16580811142921448,0.7325747013092041,0.36856329441070557
YML018C,YDR533C,0,-0.9876962,0.1657547503709793,0.7325747013092041,0.36870554089546204
YMR226C,YNL142W,0,-0.98797196,0.16570141911506653,0.7325747013092041,0.3688477873802185
YPL037C,YIR002C,0,-0.9881874,0.16564811766147614,0.7325747013092041,0.368990033864975
YER095W,YKL063C,0,-0.9884604,0.16559486091136932,0.7325747013092041,0.36913228034973145
YLR178C,YNL146W,0,-0.98862576,0.1655416190624237,0.7325747013092041,0.3692745268344879
YMR298W,YAL025C,0,-0.9887019,0.16548843681812286,0.7325747013092041,0.3694167733192444
YDR127W,YGL206C,0,-0.988759,0.16543526947498322,0.7325747013092041,0.36955901980400085
YPL012W,YAL062W,0,-0.9887985,0.16538214683532715,0.7325747013092041,0.3697012662887573
YLR466W,YBL103C,0,-0.98899144,0.16532905399799347,0.7325747013092041,0.3698435425758362
YIL033C,YER045C,0,-0.98899764,0.16527599096298218,0.7325747013092041,0.36998578906059265
YJR056C,YML021C,0,-0.98900026,0.16522297263145447,0.7325747013092041,0.3701280355453491
YCR021C,YNL289W,0,-0.9890945,0.16516998410224915,0.7325747013092041,0.3702702820301056
YER054C,YLL052C,0,-0.989245,0.1651170253753662,0.7325747013092041,0.37041252851486206
YOL016C,YOR131C,0,-0.9894226,0.16506409645080566,0.7325747013092041,0.37055477499961853
YKL032C,YIL119C,0,-0.9894605,0.1650112122297287,0.7325747013092041,0.370697021484375
YHL026C,YDL190C,0,-0.9895175,0.16495835781097412,0.7325747013092041,0.37083926796913147
YOR189W,YOR157C,0,-0.9895363,0.16490553319454193,0.7325747013092041,0.37098151445388794
YNL247W,YKR037C,0,-0.9895372,0.16485275328159332,0.7325747013092041,0.3711237609386444
YLR040C,YBR055C,0,-0.9895947,0.1648000031709671,0.7325747013092041,0.3712660074234009
YJL058C,YHR062C,0,-0.98989457,0.16474728286266327,0.7325747013092041,0.37140825390815735
YHR133C,YDR040C,0,-0.98991126,0.16469459235668182,0.7325747013092041,0.3715505003929138
YJR056C,YLR229C,0,-0.98996097,0.16464194655418396,0.7325747013092041,0.3716927468776703
YBR078W,YGR017W,0,-0.9900032,0.16458933055400848,0.7325747013092041,0.37183499336242676
YBL005W,YPL092W,0,-0.99050736,0.1645367443561554,0.7325747013092041,0.3719772398471832
YLL039C,YKR072C,0,-0.99095833,0.1644841879606247,0.7325747013092041,0.3721194863319397
YML114C,YIL022W,0,-0.9910352,0.16443167626857758,0.7325747013092041,0.37226173281669617
YIR035C,YKR050W,0,-0.991139,0.16437919437885284,0.7325747013092041,0.37240397930145264
YNR061C,YKL167C,0,-0.9911889,0.1643267422914505,0.7325747013092041,0.3725462257862091
YDR117C,YJR014W,1,-0.9912486,0.16459329426288605,0.7339971661567688,0.3725462257862091
YPR003C,YGR135W,0,-0.9912776,0.16454081237316132,0.7339971661567688,0.3726884722709656
YOR022C,YDL226C,0,-0.9914392,0.16448836028575897,0.7339971661567688,0.37283071875572205
YIL074C,YHR046C,0,-0.9915207,0.1644359529018402,0.7339971661567688,0.3729729652404785
YDL108W,YAL023C,0,-0.99191034,0.16438356041908264,0.7339971661567688,0.373115211725235
YCR105W,YHR103W,0,-0.99195963,0.16433121263980865,0.7339971661567688,0.37325745820999146
YOR047C,YDR480W,0,-0.9920267,0.16427889466285706,0.7339971661567688,0.3733997046947479
YHR003C,YBL024W,0,-0.99213594,0.16422660648822784,0.7339971661567688,0.3735419511795044
YJR161C,YDR065W,0,-0.9922179,0.16417436301708221,0.7339971661567688,0.37368419766426086
YBR069C,YDR043C,0,-0.99227625,0.16412213444709778,0.7339971661567688,0.37382644414901733
YDR448W,YDL235C,0,-0.9923508,0.16406995058059692,0.7339971661567688,0.3739687204360962
YLR466W,YPL158C,0,-0.9925296,0.16401779651641846,0.7339971661567688,0.37411096692085266
YEL077C,YMR226C,0,-0.99276453,0.16396568715572357,0.7339971661567688,0.37425321340560913
YDR283C,YBR079C,1,-0.99279284,0.16423125565052032,0.7354196310043335,0.37425321340560913
YPL217C,YDR074W,0,-0.9928034,0.16417910158634186,0.7354196310043335,0.3743954598903656
YDR238C,YNR073C,0,-0.9928423,0.16412697732448578,0.7354196310043335,0.37453770637512207
YGR122W,YOR073W,0,-0.9931365,0.16407489776611328,0.7354196310043335,0.37467995285987854
YDR119W,YDL064W,0,-0.9931573,0.16402284801006317,0.7354196310043335,0.374822199344635
YPR164W,YBR229C,0,-0.99345374,0.16397082805633545,0.7354196310043335,0.3749644458293915
YPL235W,YAR010C,0,-0.99368453,0.16391883790493011,0.7354196310043335,0.37510669231414795
YNL301C,YHR027C,0,-0.9937178,0.16386687755584717,0.7354196310043335,0.3752489387989044
YDR330W,YEL020W-A,0,-0.9938794,0.1638149619102478,0.7354196310043335,0.3753911852836609
YNL221C,YLR356W,0,-0.9940564,0.16376306116580963,0.7354196310043335,0.37553343176841736
YDR394W,YDR214W,0,-0.9941654,0.16371120512485504,0.7354196310043335,0.37567567825317383
YOL030W,YCL005W-A,0,-0.9943946,0.16365937888622284,0.7354196310043335,0.3758179247379303
YDL188C,YBL005W-A,0,-0.9944295,0.16360759735107422,0.7354196310043335,0.37596017122268677
YPL138C,YJL181W,0,-0.9945211,0.1635558307170868,0.7354196310043335,0.37610241770744324
YLL057C,YHR020W,0,-0.9947025,0.16350410878658295,0.7354196310043335,0.3762446641921997
YER040W,YPL026C,0,-0.99512285,0.1634524166584015,0.7354196310043335,0.3763869106769562
YOL023W,YGR083C,1,-0.9951326,0.16371680796146393,0.7368420958518982,0.3763869106769562
YDR283C,YJR047C,1,-0.9952177,0.16398103535175323,0.7382645606994629,0.3763869106769562
YPL249C-A,YDR255C,0,-0.9953978,0.16392925381660461,0.7382645606994629,0.37652915716171265
YKL065C,YAR019C,0,-0.9954165,0.1638774871826172,0.7382645606994629,0.3766714036464691
YBR056W,YGR035C,0,-0.9955984,0.16382575035095215,0.7382645606994629,0.3768136501312256
YGR218W,YDR412W,0,-0.99571097,0.1637740582227707,0.7382645606994629,0.37695589661598206
YBL005W,YKR061W,0,-0.99572575,0.16372239589691162,0.7382645606994629,0.3770981431007385
YHR104W,YCL010C,0,-0.9957445,0.16367076337337494,0.7382645606994629,0.377240389585495
YBL027W,YDR130C,0,-0.9957928,0.16361916065216064,0.7382645606994629,0.37738263607025146
YDL145C,YDL132W,0,-0.99661094,0.16356760263442993,0.7382645606994629,0.37752488255500793
YNR071C,YPR131C,0,-0.99661154,0.1635160744190216,0.7382645606994629,0.3776671290397644
YJL054W,YPR122W,0,-0.99664253,0.16346456110477448,0.7382645606994629,0.3778093755245209
YER170W,YIL093C,0,-0.9967196,0.16341309249401093,0.7382645606994629,0.37795162200927734
YDL100C,YMR188C,0,-0.9968204,0.16336166858673096,0.7382645606994629,0.3780938684940338
YPR004C,YOR252W,0,-0.99691933,0.16331025958061218,0.7382645606994629,0.37823614478111267
YLR150W,YEL034W,1,-0.99710953,0.16357344388961792,0.7396870851516724,0.37823614478111267
YGR159C,YHL040C,0,-0.9972212,0.16352201998233795,0.7396870851516724,0.37837839126586914
YER114C,YLR174W,0,-0.9973825,0.16347061097621918,0.7396870851516724,0.3785206377506256
YJL116C,YNL113W,0,-0.99752825,0.1634192317724228,0.7396870851516724,0.3786628842353821
YMR083W,YEL046C,0,-0.9976091,0.16336789727210999,0.7396870851516724,0.37880513072013855
YOL006C,YPR036W,0,-0.9977749,0.16331657767295837,0.7396870851516724,0.378947377204895
YHR167W,YIL051C,0,-0.99778557,0.16326530277729034,0.7396870851516724,0.3790896236896515
YBR296C,YBR189W,0,-0.99782056,0.1632140576839447,0.7396870851516724,0.37923187017440796
YDR363W-A,YOR228C,0,-0.99797887,0.16316284239292145,0.7396870851516724,0.37937411665916443
YML064C,YPL141C,0,-0.9980715,0.16311167180538177,0.7396870851516724,0.3795163631439209
YGL027C,YER112W,0,-0.998135,0.1630605161190033,0.7396870851516724,0.37965860962867737
YNL096C,YCL030C,0,-0.9982211,0.1630094051361084,0.7396870851516724,0.37980085611343384
YBR268W,YLR109W,0,-0.99834514,0.1629583239555359,0.7396870851516724,0.3799431025981903
YFR044C,YBL054W,0,-0.9985283,0.16290727257728577,0.7396870851516724,0.3800853490829468
YDR127W,YIL085C,0,-0.9988567,0.16285625100135803,0.7396870851516724,0.38022759556770325
YOR068C,YLR283W,0,-0.9988711,0.16280525922775269,0.7396870851516724,0.3803698420524597
YNL015W,YCL033C,0,-0.9989598,0.16275429725646973,0.7396870851516724,0.3805120885372162
YCR029C-A,YDL235C,0,-0.9989675,0.16270337998867035,0.7396870851516724,0.38065433502197266
YER127W,YBR240C,0,-0.9989727,0.16265249252319336,0.7396870851516724,0.3807965815067291
YMR012W,YER153C,1,-0.9990886,0.16291432082653046,0.7411095499992371,0.3807965815067291
YDL194W,YJL089W,0,-0.9991521,0.16286338865756989,0.7411095499992371,0.3809388279914856
YBL078C,YBR009C,0,-0.9992696,0.1628125011920929,0.7411095499992371,0.38108107447624207
YFL034C-A,YOL105C,0,-0.99940693,0.1627616435289383,0.7411095499992371,0.38122332096099854
YAR050W,YIL118W,0,-0.99941206,0.16271080076694489,0.7411095499992371,0.381365567445755
YFL022C,YLR242C,0,-0.9997357,0.16266000270843506,0.7411095499992371,0.3815078139305115
YML123C,YDR145W,0,-0.99975044,0.16260923445224762,0.7411095499992371,0.38165006041526794
YNL246W,YHR112C,0,-0.9997925,0.16255849599838257,0.7411095499992371,0.3817923069000244
YER108C,YIL136W,0,-0.9998633,0.1625078022480011,0.7411095499992371,0.3819345533847809
YDR147W,YHR050W,0,-0.9999322,0.16245712339878082,0.7411095499992371,0.38207679986953735
YGL210W-A,YHR096C,0,-1.0001993,0.16240648925304413,0.7411095499992371,0.3822190463542938
YBR004C,YDL189W,0,-1.0003401,0.16235587000846863,0.7411095499992371,0.3823613226413727
YHR147C,YLL066C,0,-1.0005919,0.1623052954673767,0.7411095499992371,0.38250356912612915
YPL225W,YHL028W,0,-1.0006008,0.16225475072860718,0.7411095499992371,0.3826458156108856
YLR298C,YKL150W,0,-1.0007097,0.16220423579216003,0.7411095499992371,0.3827880620956421
YGR287C,YFR053C,0,-1.0007981,0.16215375065803528,0.7411095499992371,0.38293030858039856
YDL165W,YFL062W,0,-1.0008954,0.1621032953262329,0.7411095499992371,0.38307255506515503
YJL160C,YLR215C,0,-1.0010272,0.16205286979675293,0.7411095499992371,0.3832148015499115
YAR044W,YNL054W,0,-1.0010349,0.16200248897075653,0.7411095499992371,0.38335704803466797
YIL129C,YLL016W,0,-1.0011183,0.16195212304592133,0.7411095499992371,0.38349929451942444
YLR312C-B,YER073W,0,-1.0011691,0.1619018018245697,0.7411095499992371,0.3836415410041809
YNL173C,YOR046C,0,-1.0019735,0.16185151040554047,0.7411095499992371,0.3837837874889374
YBL055C,YMR059W,0,-1.0020894,0.16180124878883362,0.7411095499992371,0.38392603397369385
YOR319W,YMR001C,0,-1.0021603,0.16175100207328796,0.7411095499992371,0.3840682804584503
YNL185C,YJR129C,0,-1.0021907,0.1617008000612259,0.7411095499992371,0.3842105269432068
YLR419W,YPR148C,0,-1.002249,0.1616506427526474,0.7411095499992371,0.38435277342796326
YML078W,YPR151C,0,-1.0023143,0.1616005003452301,0.7411095499992371,0.3844950199127197
YML040W,YLR127C,0,-1.0023187,0.1615503877401352,0.7411095499992371,0.3846372663974762
YGL039W,YNL030W,0,-1.0024389,0.16150030493736267,0.7411095499992371,0.38477951288223267
YDL124W,YML038C,0,-1.0027976,0.16145026683807373,0.7411095499992371,0.38492175936698914
YGL179C,YMR149W,0,-1.0028638,0.16140024363994598,0.7411095499992371,0.3850640058517456
YPL118W,YJR047C,1,-1.0028781,0.16165995597839355,0.7425320148468018,0.3850640058517456
YBR110W,YNL112W,0,-1.0030222,0.16160990297794342,0.7425320148468018,0.3852062523365021
YDL100C,YEL006W,0,-1.0030466,0.16155989468097687,0.7425320148468018,0.38534849882125854
YER170W,YOR347C,0,-1.0030526,0.1615099012851715,0.7425320148468018,0.385490745306015
YKR065C,YIL093C,0,-1.0031018,0.16145993769168854,0.7425320148468018,0.3856329917907715
YLR426W,YPL057C,0,-1.0031658,0.16141001880168915,0.7425320148468018,0.38577523827552795
YPL241C,YMR232W,0,-1.0032716,0.16136012971401215,0.7425320148468018,0.3859174847602844
YML018C,YML067C,0,-1.0033741,0.16131025552749634,0.7425320148468018,0.3860597312450409
YKR049C,YDR400W,0,-1.0034997,0.1612604260444641,0.7425320148468018,0.38620197772979736
YPL281C,YDR085C,0,-1.0036058,0.16121062636375427,0.7425320148468018,0.38634422421455383
YMR037C,YDR041W,0,-1.0036755,0.16116085648536682,0.7425320148468018,0.3864865005016327
YMR230W,YPR096C,0,-1.0036995,0.16111111640930176,0.7425320148468018,0.38662874698638916
YKL034W,YDR313C,0,-1.0037748,0.16106140613555908,0.7425320148468018,0.38677099347114563
YDR033W,YMR134W,0,-1.0039892,0.1610117256641388,0.7425320148468018,0.3869132399559021
YIL064W,YER119C,0,-1.0040649,0.1609620749950409,0.7425320148468018,0.38705548644065857
YKL146W,YLR056W,0,-1.0040741,0.16091245412826538,0.7425320148468018,0.38719773292541504
YOL039W,YBR175W,0,-1.0044065,0.16086286306381226,0.7425320148468018,0.3873399794101715
YBR185C,YNL263C,0,-1.0049012,0.16081330180168152,0.7425320148468018,0.387482225894928
YMR130W,YJR126C,0,-1.0051285,0.16076378524303436,0.7425320148468018,0.38762447237968445
YIL017C,YDR534C,0,-1.0053873,0.1607142835855484,0.7425320148468018,0.3877667188644409
YGR055W,YJR126C,0,-1.005448,0.16066482663154602,0.7425320148468018,0.3879089653491974
YBL082C,YHR183W,0,-1.0054826,0.16061538457870483,0.7425320148468018,0.38805121183395386
YFR055W,YOR363C,0,-1.0066936,0.16056597232818604,0.7425320148468018,0.3881934583187103
YJL083W,YDR385W,0,-1.0067333,0.16051660478115082,0.7425320148468018,0.3883357048034668
YKL071W,YDR388W,0,-1.0073252,0.160467267036438,0.7425320148468018,0.38847795128822327
YPR096C,YGL234W,0,-1.0073508,0.16041794419288635,0.7425320148468018,0.38862019777297974
YJL028W,YML130C,0,-1.0078202,0.1603686660528183,0.7425320148468018,0.3887624442577362
YER004W,YMR292W,0,-1.0078783,0.16031941771507263,0.7425320148468018,0.3889046907424927
YBL060W,YOR009W,0,-1.0078844,0.16027018427848816,0.7425320148468018,0.38904693722724915
YML081W,YIL125W,0,-1.0078974,0.16022099554538727,0.7425320148468018,0.3891891837120056
YGL147C,YDL087C,0,-1.0079664,0.16017183661460876,0.7425320148468018,0.3893314301967621
YNL046W,YOR117W,0,-1.0084676,0.16012269258499146,0.7425320148468018,0.38947367668151855
YHR079C-B,YJL167W,0,-1.0085791,0.16007359325885773,0.7425320148468018,0.389615923166275
YOR322C,YOR356W,0,-1.0085914,0.1600245237350464,0.7425320148468018,0.3897581696510315
YKL213C,YLL054C,0,-1.0086093,0.15997548401355743,0.7425320148468018,0.38990041613578796
YPL258C,YBR139W,0,-1.0087497,0.15992647409439087,0.7425320148468018,0.39004266262054443
YGR257C,YHR027C,0,-1.0088022,0.1598774939775467,0.7425320148468018,0.3901849091053009
YEL048C,YDR524C,0,-1.008821,0.1598285436630249,0.7425320148468018,0.3903271555900574
YMR035W,YPL275W,0,-1.008993,0.1597796082496643,0.7425320148468018,0.39046940207481384
YBR029C,YOL138C,0,-1.0091223,0.1597307175397873,0.7425320148468018,0.3906116783618927
YIL084C,YMR131C,0,-1.009219,0.15968185663223267,0.7425320148468018,0.39075392484664917
YPL275W,YER174C,0,-1.009653,0.15963302552700043,0.7425320148468018,0.39089617133140564
YDR342C,YOL110W,0,-1.0097052,0.15958422422409058,0.7425320148468018,0.3910384178161621
YER141W,YLR372W,0,-1.0097532,0.1595354527235031,0.7425320148468018,0.3911806643009186
YPL130W,YLL014W,0,-1.0099441,0.15948671102523804,0.7425320148468018,0.39132291078567505
YEL013W,YGL031C,0,-1.0100036,0.15943799912929535,0.7425320148468018,0.3914651572704315
YDR235W,YDR239C,0,-1.0100081,0.15938931703567505,0.7425320148468018,0.391607403755188
YDR334W,YBR086C,0,-1.0102447,0.15934066474437714,0.7425320148468018,0.39174965023994446
YNL115C,YLL052C,0,-1.0104271,0.1592920422554016,0.7425320148468018,0.3918918967247009
YOL012C,YPL145C,0,-1.0105064,0.15924343466758728,0.7425320148468018,0.3920341432094574
YPL085W,YMR177W,0,-1.0105382,0.15919487178325653,0.7425320148468018,0.39217638969421387
YOR173W,YDR239C,0,-1.010792,0.15914633870124817,0.7425320148468018,0.39231863617897034
YMR199W,YPR148C,0,-1.0109663,0.1590978354215622,0.7425320148468018,0.3924608826637268
YCL040W,YLR039C,0,-1.0109991,0.1590493619441986,0.7425320148468018,0.3926031291484833
YNR007C,YMR130W,0,-1.0110787,0.1590009182691574,0.7425320148468018,0.39274537563323975
YER004W,YNR053C,0,-1.0110899,0.1589525043964386,0.7425320148468018,0.3928876221179962
YML092C,YER081W,0,-1.0111731,0.15890410542488098,0.7425320148468018,0.3930298686027527
YJL113W,YPL015C,0,-1.0112184,0.15885575115680695,0.7425320148468018,0.39317211508750916
YNL046W,YNL197C,0,-1.0112318,0.1588074266910553,0.7425320148468018,0.3933143615722656
YOR143C,YLR007W,0,-1.011407,0.15875911712646484,0.7425320148468018,0.3934566080570221
YAR008W,YDL144C,0,-1.0120142,0.15871085226535797,0.7425320148468018,0.39359885454177856
YJR091C,YOR116C,0,-1.012412,0.1586626172065735,0.7425320148468018,0.39374110102653503
YGL144C,YLR352W,0,-1.0127964,0.1586143970489502,0.7425320148468018,0.3938833475112915
YER032W,YML023C,0,-1.0128465,0.15856622159481049,0.7425320148468018,0.394025593996048
YML010W,YER096W,0,-1.0128968,0.15851807594299316,0.7425320148468018,0.39416784048080444
YNL256W,YHL035C,0,-1.0130132,0.15846994519233704,0.7425320148468018,0.3943100869655609
YOR065W,YIR010W,0,-1.0130138,0.1584218442440033,0.7425320148468018,0.3944523334503174
YDR506C,YOL029C,0,-1.0131016,0.15837378799915314,0.7425320148468018,0.39459457993507385
YOR128C,YGL160W,0,-1.0134102,0.15832574665546417,0.7425320148468018,0.3947368562221527
YDR202C,YJL160C,0,-1.0134584,0.1582777500152588,0.7425320148468018,0.3948791027069092
YNL268W,YCR004C,0,-1.01392,0.1582297682762146,0.7425320148468018,0.39502134919166565
YJR139C,YPL174C,0,-1.0140291,0.1581818163394928,0.7425320148468018,0.3951635956764221
YDR510W,YNR019W,0,-1.0141671,0.15813389420509338,0.7425320148468018,0.3953058421611786
YLR384C,YMR092C,0,-1.0141822,0.15808600187301636,0.7425320148468018,0.39544808864593506
YIL125W,YNL265C,0,-1.0142391,0.1580381542444229,0.7425320148468018,0.39559033513069153
YBR186W,YBR084W,0,-1.0142957,0.15799032151699066,0.7425320148468018,0.395732581615448
YER056C-A,YHR034C,0,-1.014494,0.1579425185918808,0.7425320148468018,0.39587482810020447
YDR523C,YPL211W,0,-1.014517,0.15789473056793213,0.7425320148468018,0.39601707458496094
YOR011W,YIL040W,0,-1.0145406,0.15784698724746704,0.7425320148468018,0.3961593210697174
YML054C,YGR184C,0,-1.0145609,0.15779927372932434,0.7425320148468018,0.3963015675544739
YDL095W,YBR146W,0,-1.0145631,0.15775159001350403,0.7425320148468018,0.39644381403923035
YBR181C,YBR041W,0,-1.0147623,0.1577039211988449,0.7425320148468018,0.3965860605239868
YOR002W,YHR183W,0,-1.0147657,0.15765629708766937,0.7425320148468018,0.3967283070087433
YKL209C,YLR064W,0,-1.014826,0.15760870277881622,0.7425320148468018,0.39687055349349976
YLR133W,YGR017W,0,-1.0149131,0.15756112337112427,0.7425320148468018,0.3970127999782562
YJL059W,YMR214W,0,-1.0149548,0.1575135737657547,0.7425320148468018,0.3971550464630127
YDR510W,YHR113W,0,-1.015106,0.1574660688638687,0.7425320148468018,0.39729729294776917
YLR216C,YCR088W,0,-1.0154321,0.15741857886314392,0.7425320148468018,0.39743953943252563
YMR042W,YJL026W,0,-1.0158919,0.15737111866474152,0.7425320148468018,0.3975817859172821
YDR011W,YDL076C,0,-1.0159158,0.1573236882686615,0.7425320148468018,0.3977240324020386
YDL178W,YBR054W,0,-1.0160435,0.15727628767490387,0.7425320148468018,0.39786627888679504
YIL167W,YOR117W,0,-1.0160717,0.15722891688346863,0.7425320148468018,0.3980085253715515
YBL013W,YEL034W,1,-1.0160775,0.15748268365859985,0.7439544796943665,0.3980085253715515
YMR305C,YKL107W,0,-1.0161109,0.15743528306484222,0.7439544796943665,0.398150771856308
YNR030W,YDR280W,0,-1.0162402,0.1573878973722458,0.7439544796943665,0.39829301834106445
YNR033W,YPR036W,0,-1.0162754,0.15734055638313293,0.7439544796943665,0.3984352648258209
YML093W,YJL003W,0,-1.0163965,0.15729323029518127,0.7439544796943665,0.3985775113105774
YML016C,YGR279C,0,-1.0169172,0.157245934009552,0.7439544796943665,0.39871975779533386
YMR130W,YNL086W,0,-1.0169871,0.1571986824274063,0.7439544796943665,0.3988620340824127
YNL053W,YJR094W-A,0,-1.0173368,0.15715144574642181,0.7439544796943665,0.3990042805671692
YER081W,YFL025C,0,-1.0173703,0.1571042388677597,0.7439544796943665,0.39914652705192566
YNR016C,YLR229C,0,-1.0176487,0.15705706179141998,0.7439544796943665,0.39928877353668213
YPR022C,YBL050W,0,-1.0176537,0.15700989961624146,0.7439544796943665,0.3994310200214386
YGR083C,YBL013W,1,-1.0181066,0.1572629064321518,0.7453769445419312,0.3994310200214386
YKL086W,YCR073C,0,-1.0181699,0.15721571445465088,0.7453769445419312,0.39957326650619507
YDR513W,YPL177C,0,-1.0188469,0.15716856718063354,0.7453769445419312,0.39971551299095154
YNL217W,YMR059W,0,-1.0191902,0.1571214348077774,0.7453769445419312,0.399857759475708
YJL021C,YPL132W,0,-1.0192999,0.15707434713840485,0.7453769445419312,0.4000000059604645
YER069W,YDR022C,0,-1.0193101,0.15702727437019348,0.7453769445419312,0.40014225244522095
YGR002C,YNL069C,0,-1.0193771,0.1569802314043045,0.7453769445419312,0.4002844989299774
YCR102C,YER072W,0,-1.0194383,0.15693321824073792,0.7453769445419312,0.4004267454147339
YIL018W,YFR042W,0,-1.0195501,0.1568862348794937,0.7453769445419312,0.40056899189949036
YFL022C,YHR026W,0,-1.0196546,0.1568392664194107,0.7453769445419312,0.4007112383842468
YDR283C,YPR041W,1,-1.0196782,0.15709155797958374,0.7467994093894958,0.4007112383842468
YDL159W,YLR175W,0,-1.0197284,0.15704457461833954,0.7467994093894958,0.4008534848690033
YGL171W,YFL018C,0,-1.019753,0.15699760615825653,0.7467994093894958,0.40099573135375977
YCR069W,YKR078W,0,-1.0198889,0.1569506675004959,0.7467994093894958,0.40113797783851624
YMR165C,YER044C,0,-1.0199273,0.15690375864505768,0.7467994093894958,0.4012802243232727
YPR103W,YLR467W,0,-1.0199617,0.15685687959194183,0.7467994093894958,0.4014224708080292
YAL047C,YDR450W,0,-1.02007,0.15681003034114838,0.7467994093894958,0.40156471729278564
YLL066C,YLR284C,0,-1.0200828,0.1567632108926773,0.7467994093894958,0.4017069637775421
YFR003C,YPL084W,0,-1.0211059,0.15671642124652863,0.7467994093894958,0.4018492102622986
YOL056W,YPR033C,0,-1.021167,0.15666964650154114,0.7467994093894958,0.40199145674705505
YPL009C,YBR119W,0,-1.0213543,0.15662291646003723,0.7467994093894958,0.4021337032318115
YML078W,YGL129C,0,-1.0213945,0.15657620131969452,0.7467994093894958,0.402275949716568
YFL008W,YLR064W,0,-1.0216371,0.1565295159816742,0.7467994093894958,0.40241819620132446
YOR372C,YKL127W,0,-1.0216811,0.15648286044597626,0.7467994093894958,0.40256044268608093
YPL019C,YOR273C,0,-1.021809,0.1564362347126007,0.7467994093894958,0.4027026891708374
YGR109C,YHL050C,0,-1.0218686,0.15638963878154755,0.7467994093894958,0.40284493565559387
YJR046W,YMR001C,0,-1.0221075,0.15634305775165558,0.7467994093894958,0.40298721194267273
YPL204W,YDL099W,0,-1.0224577,0.1562965214252472,0.7467994093894958,0.4031294584274292
YDR387C,YML076C,0,-1.022552,0.15625,0.7467994093894958,0.40327170491218567
YKR045C,YPL155C,0,-1.0225736,0.1562035083770752,0.7467994093894958,0.40341395139694214
YGR283C,YNR001C,0,-1.0230033,0.15615704655647278,0.7467994093894958,0.4035561978816986
YNL134C,YBR162W-A,0,-1.0231146,0.15611061453819275,0.7467994093894958,0.4036984443664551
YLR092W,YDR100W,0,-1.0231231,0.1560642123222351,0.7467994093894958,0.40384069085121155
YPR025C,YGR054W,1,-1.0231391,0.15631501376628876,0.7482219338417053,0.40384069085121155
YHL040C,YBL075C,0,-1.0231591,0.15626856684684753,0.7482219338417053,0.403982937335968
YCL010C,YNR016C,0,-1.0232433,0.1562221497297287,0.7482219338417053,0.4041251838207245
YDR323C,YKL035W,0,-1.023507,0.15617577731609344,0.7482219338417053,0.40426743030548096
YHR147C,YLR059C,0,-1.0236237,0.15612941980361938,0.7482219338417053,0.4044096767902374
YBL013W,YGL107C,1,-1.0236251,0.1563798189163208,0.74964439868927,0.4044096767902374
YIL064W,YML034W,0,-1.0237215,0.15633343160152435,0.74964439868927,0.4045519232749939
YGR189C,YKL143W,0,-1.0241073,0.1562870740890503,0.74964439868927,0.40469416975975037
YML043C,YKL209C,0,-1.0241354,0.15624073147773743,0.74964439868927,0.40483641624450684
YGL055W,YKL035W,0,-1.0243789,0.15619443356990814,0.74964439868927,0.4049786627292633
YEL024W,YKL185W,0,-1.024409,0.15614815056324005,0.74964439868927,0.4051209092140198
YGR253C,YMR189W,0,-1.0246123,0.15610189735889435,0.74964439868927,0.40526315569877625
YDR126W,YNL030W,0,-1.0247085,0.15605567395687103,0.74964439868927,0.4054054021835327
YPL029W,YPR148C,0,-1.0249261,0.1560094803571701,0.74964439868927,0.4055476486682892
YOL128C,YGL231C,0,-1.0249556,0.15596330165863037,0.74964439868927,0.40568989515304565
YGR041W,YAL026C,0,-1.0251895,0.15591715276241302,0.74964439868927,0.4058321416378021
YPL030W,YHR005C,0,-1.0252122,0.15587104856967926,0.74964439868927,0.4059743881225586
YEL024W,YKR046C,0,-1.0252379,0.1558249592781067,0.74964439868927,0.40611663460731506
YKR087C,YER088C,0,-1.02549,0.1557788997888565,0.74964439868927,0.40625888109207153
YLR136C,YER178W,0,-1.0255842,0.15573285520076752,0.74964439868927,0.406401127576828
YOR389W,YEL032W,0,-1.0260173,0.1556868553161621,0.74964439868927,0.4065433740615845
YEL039C,YLR061W,0,-1.0261219,0.1556408703327179,0.74964439868927,0.40668562054634094
YOL023W,YDR091C,1,-1.026372,0.15589016675949097,0.7510668635368347,0.40668562054634094
YDR462W,YKL077W,0,-1.0263944,0.15584415197372437,0.7510668635368347,0.4068278670310974
YNR012W,YCR029C-A,0,-1.0267643,0.15579816699028015,0.7510668635368347,0.4069701135158539
YDL135C,YPL170W,0,-1.0267845,0.15575221180915833,0.7510668635368347,0.40711238980293274
YKL079W,YDR171W,0,-1.0269289,0.1557062864303589,0.7510668635368347,0.4072546362876892
YGR121C,YBR012W-A,0,-1.0271586,0.15566037595272064,0.7510668635368347,0.4073968827724457
YGL137W,YGR096W,0,-1.0275761,0.15561449527740479,0.7510668635368347,0.40753912925720215
YJL056C,YPL203W,0,-1.0277562,0.15556864440441132,0.7510668635368347,0.4076813757419586
YER005W,YDR384C,0,-1.02776,0.15552282333374023,0.7510668635368347,0.4078236222267151
YLR430W,YBR291C,0,-1.0278308,0.15547703206539154,0.7510668635368347,0.40796586871147156
YIL033C,YDL100C,0,-1.0279511,0.15543125569820404,0.7510668635368347,0.408108115196228
YCR077C,YNL244C,1,-1.0281533,0.15567980706691742,0.7524893283843994,0.408108115196228
YDR343C,YAL014C,0,-1.0281901,0.15563401579856873,0.7524893283843994,0.4082503616809845
YHR043C,YLR096W,0,-1.0282794,0.15558823943138123,0.7524893283843994,0.40839260816574097
YLR044C,YGL086W,0,-1.0282826,0.1555424928665161,0.7524893283843994,0.40853485465049744
YML110C,YDR002W,0,-1.0282838,0.1554967612028122,0.7524893283843994,0.4086771011352539
YML041C,YOR078W,0,-1.0283635,0.15545107424259186,0.7524893283843994,0.4088193476200104
YGR121C,YMR318C,0,-1.0286556,0.15540540218353271,0.7524893283843994,0.40896159410476685
YMR165C,YLR312C-B,0,-1.0287187,0.15535975992679596,0.7524893283843994,0.4091038405895233
YNL185C,YNL037C,0,-1.0287887,0.1553141474723816,0.7524893283843994,0.4092460870742798
YKL027W,YER133W,0,-1.0287949,0.1552685648202896,0.7524893283843994,0.40938833355903625
YHL047C,YDR221W,0,-1.0288094,0.15522301197052002,0.7524893283843994,0.4095305800437927
YGR286C,YDR483W,0,-1.0288349,0.15517747402191162,0.7524893283843994,0.4096728265285492
YNL024C,YDR258C,0,-1.0289772,0.1551319658756256,0.7524893283843994,0.40981507301330566
YML076C,YMR226C,0,-1.0290115,0.155086487531662,0.7524893283843994,0.40995731949806213
YDR268W,YAL030W,0,-1.0291495,0.15504103899002075,0.7524893283843994,0.4100995659828186
YGL049C,YNL244C,1,-1.0291709,0.15528860688209534,0.7539117932319641,0.4100995659828186
YPL051W,YBR005W,0,-1.029233,0.15524311363697052,0.7539117932319641,0.4102418124675751
YDR283C,YGR054W,1,-1.0297313,0.15549048781394958,0.7553342580795288,0.4102418124675751
YDL211C,YML019W,0,-1.0298144,0.15544496476650238,0.7553342580795288,0.41038405895233154
YOR337W,YIL044C,0,-1.0299557,0.15539947152137756,0.7553342580795288,0.410526305437088
YGL039W,YDR522C,0,-1.0302311,0.15535400807857513,0.7553342580795288,0.4106685519218445
YOR359W,YDL210W,0,-1.0302446,0.1553085744380951,0.7553342580795288,0.41081079840660095
YML101C,YPL168W,0,-1.0305222,0.15526315569877625,0.7553342580795288,0.4109530448913574
YPL024W,YDR060W,0,-1.0306216,0.15521776676177979,0.7553342580795288,0.4110952913761139
YPL088W,YGL136C,0,-1.0309255,0.1551724076271057,0.7553342580795288,0.41123756766319275
YMR217W,YCL067C,0,-1.0310223,0.15512707829475403,0.7553342580795288,0.4113798141479492
YOR367W,YMR166C,0,-1.0310472,0.15508177876472473,0.7553342580795288,0.4115220606327057
YLL014W,YER143W,0,-1.0310501,0.15503649413585663,0.7553342580795288,0.41166430711746216
YGL006W,YGR049W,0,-1.0310901,0.1549912393093109,0.7553342580795288,0.41180655360221863
YLR136C,YMR040W,0,-1.0311425,0.15494601428508759,0.7553342580795288,0.4119488000869751
YMR015C,YPL203W,0,-1.0311447,0.15490081906318665,0.7553342580795288,0.41209104657173157
YDR300C,YOR086C,0,-1.0314517,0.1548556387424469,0.7553342580795288,0.41223329305648804
YJL216C,YDR267C,0,-1.0315846,0.15481048822402954,0.7553342580795288,0.4123755395412445
YFL016C,YLL054C,0,-1.031616,0.15476536750793457,0.7553342580795288,0.412517786026001
YGR097W,YGR203W,0,-1.0316449,0.154720276594162,0.7553342580795288,0.41266003251075745
YBR078W,YCR045C,0,-1.0316626,0.1546752154827118,0.7553342580795288,0.4128022789955139
YOL061W,YKR098C,0,-1.0317105,0.1546301692724228,0.7553342580795288,0.4129445254802704
YPL149W,YNL045W,0,-1.0318973,0.15458515286445618,0.7553342580795288,0.41308677196502686
YDR334W,YJR002W,0,-1.0319941,0.15454016625881195,0.7553342580795288,0.4132290184497833
YHR204W,YFL062W,0,-1.0320113,0.15449519455432892,0.7553342580795288,0.4133712649345398
YMR211W,YBL106C,0,-1.032258,0.15445026755332947,0.7553342580795288,0.41351351141929626
YPL130W,YIL097W,0,-1.0323684,0.1544053554534912,0.7553342580795288,0.41365575790405273
YGR035C,YBL069W,0,-1.0325876,0.15436045825481415,0.7553342580795288,0.4137980043888092
YIL011W,YOL016C,0,-1.0325899,0.15431560575962067,0.7553342580795288,0.4139402508735657
YER102W,YOR018W,0,-1.03261,0.15427076816558838,0.7553342580795288,0.41408249735832214
YLR342W,YMR175W,0,-1.0326295,0.15422596037387848,0.7553342580795288,0.4142247438430786
YHL031C,YLL066C,0,-1.0326438,0.15418118238449097,0.7553342580795288,0.4143669903278351
YGL232W,YGR254W,0,-1.0327078,0.15413643419742584,0.7553342580795288,0.41450923681259155
YKL010C,YDR338C,0,-1.0329275,0.1540917009115219,0.7553342580795288,0.414651483297348
YKL088W,YFR007W,0,-1.0330803,0.15404699742794037,0.7553342580795288,0.4147937297821045
YNR026C,YKR078W,0,-1.0332053,0.1540023237466812,0.7553342580795288,0.41493597626686096
YPL016W,YCR053W,0,-1.0333326,0.15395766496658325,0.7553342580795288,0.41507822275161743
YMR023C,YNR037C,0,-1.0333536,0.15391305088996887,0.7553342580795288,0.4152204692363739
YER005W,YDL154W,0,-1.0334551,0.1538684368133545,0.7553342580795288,0.41536274552345276
YNL287W,YLR240W,0,-1.0335671,0.1538238674402237,0.7553342580795288,0.41550499200820923
YBR012W-B,YIL126W,0,-1.0336084,0.15377932786941528,0.7553342580795288,0.4156472384929657
YAL023C,YLR174W,0,-1.0336239,0.15373480319976807,0.7553342580795288,0.41578948497772217
YFR015C,YGR275W,0,-1.03396,0.15369030833244324,0.7553342580795288,0.41593173146247864
YNR071C,YBR208C,0,-1.0339655,0.1536458283662796,0.7553342580795288,0.4160739779472351
YOR149C,YNL176C,0,-1.0341033,0.15360139310359955,0.7553342580795288,0.4162162244319916
YOR010C,YNL210W,0,-1.0342889,0.1535569727420807,0.7553342580795288,0.41635847091674805
YCR020C,YDR239C,0,-1.0343665,0.15351258218288422,0.7553342580795288,0.4165007174015045
YDL129W,YPL148C,0,-1.0345484,0.15346820652484894,0.7553342580795288,0.416642963886261
YAL002W,YOR383C,0,-1.0345621,0.15342386066913605,0.7553342580795288,0.41678521037101746
YNL036W,YBR114W,0,-1.0345787,0.15337954461574554,0.7553342580795288,0.4169274568557739
YNL081C,YER036C,0,-1.0349673,0.15333525836467743,0.7553342580795288,0.4170697033405304
YML012W,YOR060C,0,-1.0350244,0.1532909870147705,0.7553342580795288,0.41721194982528687
YCR054C,YJL118W,0,-1.0352283,0.15324676036834717,0.7553342580795288,0.41735419631004333
YGL077C,YDL165W,0,-1.0352902,0.15320253372192383,0.7553342580795288,0.4174964427947998
YJR117W,YGR203W,0,-1.0353624,0.15315835177898407,0.7553342580795288,0.4176386892795563
YML100W,YGL222C,0,-1.0354669,0.1531141847372055,0.7553342580795288,0.41778093576431274
YNR056C,YJR096W,0,-1.0355458,0.15307004749774933,0.7553342580795288,0.4179231822490692
YDR117C,YNL244C,1,-1.0356038,0.15331411361694336,0.7567567825317383,0.4179231822490692
YPL176C,YDR253C,0,-1.0357978,0.1532699465751648,0.7567567825317383,0.4180654287338257
YCR028C-A,YOR011W,0,-1.035829,0.15322580933570862,0.7567567825317383,0.41820767521858215
YBR293W,YKL051W,0,-1.0358682,0.15318168699741364,0.7567567825317383,0.4183499217033386
YPL056C,YGL231C,0,-1.0360347,0.15313759446144104,0.7567567825317383,0.4184921681880951
YMR012W,YJR047C,1,-1.0361568,0.15338128805160522,0.758179247379303,0.4184921681880951
YBR055C,YGL125W,0,-1.0362347,0.15333716571331024,0.758179247379303,0.41863441467285156
YJR088C,YJR054W,0,-1.0367887,0.15329307317733765,0.758179247379303,0.41877666115760803
YIL013C,YGL031C,0,-1.0370562,0.15324899554252625,0.758179247379303,0.4189189076423645
YDR471W,YJR044C,0,-1.037074,0.15320494771003723,0.758179247379303,0.41906115412712097
YPR025C,YJR014W,1,-1.0372843,0.15344826877117157,0.7596017122268677,0.41906115412712097
YDR078C,YOR341W,0,-1.0373495,0.15340419113636017,0.7596017122268677,0.41920340061187744
YPL121C,YDR345C,0,-1.0374612,0.15336014330387115,0.7596017122268677,0.4193456470966339
YHR147C,YOR224C,0,-1.0384506,0.15331611037254333,0.7596017122268677,0.41948792338371277
YDR287W,YER005W,0,-1.0385823,0.1532721072435379,0.7596017122268677,0.41963016986846924
YHL008C,YGR181W,0,-1.0388585,0.15322811901569366,0.7596017122268677,0.4197724163532257
YDR367W,YMR175W,0,-1.038965,0.15318416059017181,0.7596017122268677,0.4199146628379822
YDL136W,YGR142W,0,-1.038987,0.15314023196697235,0.7596017122268677,0.42005690932273865
YDR178W,YBL005W-A,0,-1.0390712,0.15309633314609528,0.7596017122268677,0.4201991558074951
YDR500C,YHR006W,0,-1.0391531,0.1530524492263794,0.7596017122268677,0.4203414022922516
YOL061W,YGL194C,0,-1.0392429,0.1530085951089859,0.7596017122268677,0.42048364877700806
YMR202W,YKL100C,0,-1.0393187,0.1529647707939148,0.7596017122268677,0.4206258952617645
YML095C,YNL132W,0,-1.0397142,0.15292096138000488,0.7596017122268677,0.420768141746521
YDR283C,YNL062C,1,-1.0397319,0.15316346287727356,0.7610241770744324,0.420768141746521
YDL114W,YML027W,0,-1.0397682,0.15311963856220245,0.7610241770744324,0.42091038823127747
YBL090W,YGR054W,1,-1.0398,0.1533619463443756,0.7624466419219971,0.42091038823127747
YJL151C,YOR009W,0,-1.039914,0.15331807732582092,0.7624466419219971,0.42105263471603394
YIL112W,YMR105C,0,-1.0399295,0.15327423810958862,0.7624466419219971,0.4211948812007904
YDR400W,YIL063C,0,-1.0399355,0.15323041379451752,0.7624466419219971,0.4213371276855469
YJL056C,YIL103W,0,-1.0400974,0.1531866192817688,0.7624466419219971,0.42147937417030334
YDL110C,YOR330C,0,-1.0407577,0.15314285457134247,0.7624466419219971,0.4216216206550598
YOR086C,YCL064C,0,-1.0409544,0.15309911966323853,0.7624466419219971,0.4217638671398163
YMR207C,YNL247W,0,-1.040993,0.15305539965629578,0.7624466419219971,0.42190611362457275
YGR194C,YNR055C,0,-1.0411222,0.15301170945167542,0.7624466419219971,0.4220483601093292
YDL113C,YGR295C,0,-1.0412972,0.15296803414821625,0.7624466419219971,0.4221906065940857
YIR003W,YJR086W,0,-1.0413247,0.15292438864707947,0.7624466419219971,0.42233285307884216
YBR254C,YFR025C,0,-1.0413632,0.15288077294826508,0.7624466419219971,0.42247509956359863
YLR323C,YPL086C,0,-1.0414201,0.15283718705177307,0.7624466419219971,0.4226173460483551
YEL050C,YDR231C,0,-1.0414274,0.15279361605644226,0.7624466419219971,0.4227595925331116
YML123C,YPR018W,0,-1.0416962,0.15275007486343384,0.7624466419219971,0.42290183901786804
YNL217W,YER169W,0,-1.0417438,0.1527065485715866,0.7624466419219971,0.4230440855026245
YLR288C,YOR356W,0,-1.0418885,0.15266305208206177,0.7624466419219971,0.423186331987381
YJR150C,YLR372W,0,-1.0419024,0.15261958539485931,0.7624466419219971,0.42332857847213745
YHR138C,YER016W,0,-1.0419544,0.15257614850997925,0.7624466419219971,0.4234708249568939
YKL029C,YOR027W,0,-1.0419668,0.15253272652626038,0.7624466419219971,0.4236131012439728
YFR053C,YLR175W,0,-1.0423284,0.1524893343448639,0.7624466419219971,0.42375534772872925
YGR174C,YOL021C,0,-1.0427958,0.1524459570646286,0.7624466419219971,0.4238975942134857
YOR214C,YNL162W,0,-1.0429103,0.1524026095867157,0.7624466419219971,0.4240398406982422
YMR047C,YHR106W,0,-1.0429516,0.15235929191112518,0.7624466419219971,0.42418208718299866
YER129W,YDR268W,0,-1.0429927,0.15231600403785706,0.7624466419219971,0.4243243336677551
YIR019C,YER177W,0,-1.0431446,0.15227273106575012,0.7624466419219971,0.4244665801525116
YHR064C,YBL078C,0,-1.0431852,0.15222947299480438,0.7624466419219971,0.42460882663726807
YML098W,YPL019C,0,-1.0431929,0.15218625962734222,0.7624466419219971,0.42475107312202454
YFR006W,YBR171W,0,-1.0431966,0.15214306116104126,0.7624466419219971,0.424893319606781
YDR420W,YJL010C,0,-1.0433381,0.15209989249706268,0.7624466419219971,0.4250355660915375
YDL136W,YML075C,0,-1.0433602,0.1520567387342453,0.7624466419219971,0.42517781257629395
YFL056C,YDR330W,0,-1.0434332,0.1520136147737503,0.7624466419219971,0.4253200590610504
YJR161C,YIL068C,0,-1.0434507,0.1519705206155777,0.7624466419219971,0.4254623055458069
YML048W,YGR038W,0,-1.0435169,0.15192744135856628,0.7624466419219971,0.42560455203056335
YDR016C,YLR106C,0,-1.0435398,0.15188439190387726,0.7624466419219971,0.4257467985153198
YLR035C,YOL130W,0,-1.0436696,0.15184135735034943,0.7624466419219971,0.4258890450000763
YAR015W,YLR193C,0,-1.0436772,0.15179835259914398,0.7624466419219971,0.42603129148483276
YGL095C,YIR004W,0,-1.0439386,0.15175537765026093,0.7624466419219971,0.42617353796958923
YOL023W,YEL034W,1,-1.0440232,0.1519954651594162,0.7638691067695618,0.42617353796958923
YIL067C,YER146W,0,-1.0441539,0.15195246040821075,0.7638691067695618,0.4263157844543457
YBR068C,YDR358W,0,-1.0441563,0.1519094705581665,0.7638691067695618,0.4264580309391022
YHR146W,YHR042W,0,-1.0442594,0.15186651051044464,0.7638691067695618,0.42660027742385864
YKL163W,YML064C,0,-1.0444558,0.15182358026504517,0.7638691067695618,0.4267425239086151
YDR299W,YHR006W,0,-1.0445492,0.15178066492080688,0.7638691067695618,0.4268847703933716
YCL005W-A,YOL113W,0,-1.0446361,0.151737779378891,0.7638691067695618,0.42702701687812805
YGR037C,YJL028W,0,-1.0447499,0.1516949087381363,0.7638691067695618,0.4271692633628845
YNL233W,YNR016C,0,-1.0447845,0.15165208280086517,0.7638691067695618,0.427311509847641
YPL148C,YIL023C,0,-1.0448049,0.15160925686359406,0.7638691067695618,0.42745375633239746
YDR536W,YPL249C-A,0,-1.0451055,0.15156647562980652,0.7638691067695618,0.42759600281715393
YER126C,YLL053C,0,-1.0452353,0.15152370929718018,0.7638691067695618,0.4277382791042328
YLR170C,YPL226W,0,-1.0454847,0.15148095786571503,0.7638691067695618,0.42788052558898926
YDR481C,YBR241C,0,-1.0456195,0.15143823623657227,0.7638691067695618,0.4280227720737457
YKL073W,YOR022C,0,-1.0457114,0.1513955444097519,0.7638691067695618,0.4281650185585022
YMR072W,YGR161C,0,-1.0457834,0.1513528674840927,0.7638691067695618,0.42830726504325867
YGR262C,YML065W,0,-1.0458084,0.15131023526191711,0.7638691067695618,0.42844951152801514
YNL023C,YKL079W,0,-1.0458745,0.15126760303974152,0.7638691067695618,0.4285917580127716
YPL138C,YBR101C,0,-1.045984,0.1512250006198883,0.7638691067695618,0.4287340044975281
YJR009C,YCL040W,0,-1.0461291,0.15118242800235748,0.7638691067695618,0.42887625098228455
YDR479C,YCL075W,0,-1.0465089,0.15113988518714905,0.7638691067695618,0.429018497467041
YML004C,YJL167W,0,-1.0465486,0.1510973572731018,0.7638691067695618,0.4291607439517975
YOR129C,YGL079W,0,-1.0465767,0.15105485916137695,0.7638691067695618,0.42930299043655396
YGR094W,YPL076W,0,-1.0466754,0.1510123759508133,0.7638691067695618,0.4294452369213104
YBR060C,YOR303W,0,-1.046953,0.15096992254257202,0.7638691067695618,0.4295874834060669
YDR074W,YGR257C,0,-1.0471406,0.15092748403549194,0.7638691067695618,0.42972972989082336
YIL011W,YKR095W-A,0,-1.0471532,0.15088507533073425,0.7638691067695618,0.42987197637557983
YOL013C,YGL126W,0,-1.0477146,0.15084269642829895,0.7638691067695618,0.4300142228603363
YPL160W,YBL066C,0,-1.0477879,0.15080033242702484,0.7638691067695618,0.4301564693450928
YAL035W,YPR086W,1,-1.0477912,0.1510387361049652,0.7652916312217712,0.4301564693450928
YKL051W,YCL045C,0,-1.0481889,0.1509963572025299,0.7652916312217712,0.43029871582984924
YNL005C,YDL076C,0,-1.0482075,0.1509539783000946,0.7652916312217712,0.4304409623146057
YJR153W,YDR434W,0,-1.0482094,0.15091164410114288,0.7652916312217712,0.4305832087993622
YEL048C,YOR321W,0,-1.0482744,0.15086932480335236,0.7652916312217712,0.43072545528411865
YPR096C,YCR009C,0,-1.0482988,0.15082702040672302,0.7652916312217712,0.4308677017688751
YNR048W,YEL048C,0,-1.048572,0.15078476071357727,0.7652916312217712,0.4310099482536316
YGR224W,YLR304C,0,-1.0486752,0.15074250102043152,0.7652916312217712,0.43115219473838806
YNR037C,YIL082W-A,0,-1.0487125,0.15070028603076935,0.7652916312217712,0.43129444122314453
YER041W,YIL160C,0,-1.0487704,0.15065808594226837,0.7652916312217712,0.431436687707901
YPR166C,YBR041W,0,-1.0489666,0.1506159007549286,0.7652916312217712,0.43157893419265747
YHR073W,YMR290C,0,-1.049031,0.1505737453699112,0.7652916312217712,0.43172118067741394
YCR094W,YJR129C,0,-1.0491611,0.1505316197872162,0.7652916312217712,0.4318634569644928
YBR207W,YKL178C,0,-1.0492097,0.15048950910568237,0.7652916312217712,0.43200570344924927
YPL004C,YDR330W,0,-1.0494878,0.15044742822647095,0.7652916312217712,0.43214794993400574
YBL023C,YFL035C-B,0,-1.0495806,0.15040536224842072,0.7652916312217712,0.4322901964187622
YDR005C,YKL029C,0,-1.0496886,0.15036332607269287,0.7652916312217712,0.4324324429035187
YOR316C,YNL086W,0,-1.050154,0.15032131969928741,0.7652916312217712,0.43257468938827515
YKR048C,YGL006W,0,-1.0502046,0.15027932822704315,0.7652916312217712,0.4327169358730316
YNL134C,YNL248C,0,-1.0502719,0.15023736655712128,0.7652916312217712,0.4328591823577881
YDL166C,YMR071C,0,-1.0503105,0.1501954197883606,0.7652916312217712,0.43300142884254456
YML077W,YDR375C,0,-1.0505843,0.1501535028219223,0.7652916312217712,0.433143675327301
YML029W,YOR153W,0,-1.050999,0.1501116007566452,0.7652916312217712,0.4332859218120575
YML087C,YNR016C,0,-1.051256,0.1500697284936905,0.7652916312217712,0.43342816829681396
YPL089C,YDR171W,0,-1.051516,0.15002788603305817,0.7652916312217712,0.43357041478157043
YER110C,YML059C,0,-1.051527,0.14998605847358704,0.7652916312217712,0.4337126612663269
YMR091C,YER083C,0,-1.0515642,0.1499442607164383,0.7652916312217712,0.4338549077510834
YJR135W-A,YDR363W-A,0,-1.051607,0.14990247786045074,0.7652916312217712,0.43399715423583984
YNL023C,YDR065W,0,-1.0516524,0.14986072480678558,0.7652916312217712,0.4341394007205963
YGL044C,YIL172C,0,-1.051873,0.14981898665428162,0.7652916312217712,0.4342816472053528
YPL118W,YEL034W,1,-1.0521616,0.1500556766986847,0.7667140960693359,0.4342816472053528
YNL015W,YMR205C,0,-1.052189,0.15001390874385834,0.7667140960693359,0.43442389369010925
YJL014W,YGL047W,0,-1.0523254,0.14997217059135437,0.7667140960693359,0.4345661401748657
YNL007C,YGR054W,1,-1.0523623,0.15020862221717834,0.7681365609169006,0.4345661401748657
YCR005C,YIL066C,0,-1.0526091,0.150166854262352,0.7681365609169006,0.4347083866596222
YPL089C,YHR207C,0,-1.0526743,0.15012510120868683,0.7681365609169006,0.43485063314437866
YLR193C,YGR158C,0,-1.0527669,0.15008337795734406,0.7681365609169006,0.43499287962913513
YDL130W,YMR314W,0,-1.0527772,0.15004168450832367,0.7681365609169006,0.4351351261138916
YPL189C-A,YHR091C,0,-1.0528154,0.15000000596046448,0.7681365609169006,0.43527737259864807
YDL165W,YOL041C,0,-1.0530087,0.14995834231376648,0.7681365609169006,0.43541961908340454
YBR038W,YML101C,0,-1.0530388,0.14991670846939087,0.7681365609169006,0.435561865568161
YGL240W,YGL065C,0,-1.0533391,0.14987510442733765,0.7681365609169006,0.4357041120529175
YHL017W,YKR031C,0,-1.053607,0.14983351528644562,0.7681365609169006,0.43584635853767395
YHR200W,YGR128C,0,-1.0540605,0.14979195594787598,0.7681365609169006,0.4359886348247528
YDR115W,YPL075W,0,-1.0541263,0.14975041151046753,0.7681365609169006,0.4361308813095093
YPL209C,YIL114C,0,-1.0542853,0.14970889687538147,0.7681365609169006,0.43627312779426575
YCR077C,YMR282C,1,-1.0544417,0.14994457364082336,0.7695590257644653,0.43627312779426575
YOR369C,YFR034C,0,-1.0546601,0.14990301430225372,0.7695590257644653,0.4364153742790222
YCR077C,YPR041W,1,-1.0546824,0.1501384973526001,0.77098149061203,0.4364153742790222
YBR245C,YNL194C,0,-1.0547259,0.15009692311286926,0.77098149061203,0.4365576207637787
YBL090W,YBL013W,1,-1.0547792,0.1503322273492813,0.7724039554595947,0.4365576207637787
YDL067C,YDL069C,0,-1.0550231,0.1502906233072281,0.7724039554595947,0.43669986724853516
YEL059C-A,YLR304C,0,-1.0550302,0.15024903416633606,0.7724039554595947,0.4368421137332916
YOR335C,YPL204W,0,-1.0550357,0.15020747482776642,0.7724039554595947,0.4369843602180481
YAR050W,YCL019W,0,-1.0551668,0.15016593039035797,0.7724039554595947,0.43712660670280457
YLR004C,YMR131C,0,-1.0556242,0.1501244157552719,0.7724039554595947,0.43726885318756104
YNL305C,YLR293C,0,-1.0560521,0.15008291602134705,0.7724039554595947,0.4374110996723175
YML046W,YBR221C,0,-1.0563034,0.15004144608974457,0.7724039554595947,0.437553346157074
YKL039W,YKL164C,0,-1.0563972,0.15000000596046448,0.7724039554595947,0.43769559264183044
YBR112C,YMR094W,0,-1.0564791,0.14995858073234558,0.7724039554595947,0.4378378391265869
YPL130W,YBL004W,0,-1.0566319,0.14991717040538788,0.7724039554595947,0.4379800856113434
YKL002W,YMR043W,0,-1.0566974,0.14987578988075256,0.7724039554595947,0.43812233209609985
YLL023C,YDL164C,0,-1.0569158,0.14983443915843964,0.7724039554595947,0.4382645785808563
YPR201W,YNL036W,0,-1.0569988,0.1497931033372879,0.7724039554595947,0.4384068250656128
YDR420W,YGL022W,0,-1.0570198,0.14975179731845856,0.7724039554595947,0.43854907155036926
YDR045C,YIR010W,0,-1.0571465,0.1497105062007904,0.7724039554595947,0.43869131803512573
YJL209W,YLR390W-A,0,-1.0572383,0.14966924488544464,0.7724039554595947,0.4388335645198822
YJR047C,YMR282C,1,-1.0574148,0.1499035507440567,0.7738264799118042,0.4388335645198822
YPR097W,YGL187C,0,-1.0580002,0.14986225962638855,0.7738264799118042,0.43897581100463867
YLR307W,YKR038C,0,-1.0580167,0.1498209834098816,0.7738264799118042,0.43911805748939514
YDR153C,YIL023C,0,-1.0584859,0.14977973699569702,0.7738264799118042,0.4392603039741516
YHR193C,YEL005C,0,-1.0585757,0.14973850548267365,0.7738264799118042,0.4394025504589081
YDR168W,YBL072C,0,-1.0588001,0.14969730377197266,0.7738264799118042,0.43954479694366455
YDR363W,YKL100C,0,-1.0588621,0.14965611696243286,0.7738264799118042,0.439687043428421
YNL072W,YGL184C,0,-1.0590028,0.14961495995521545,0.7738264799118042,0.4398292899131775
YOL023W,YJR007W,1,-1.0591425,0.14984877407550812,0.7752489447593689,0.4398292899131775
YLR405W,YLR237W,0,-1.0595794,0.14980758726596832,0.7752489447593689,0.43997153639793396
YDR511W,YER081W,0,-1.0598276,0.14976641535758972,0.7752489447593689,0.4401138126850128
YLL038C,YJL116C,0,-1.0599227,0.1497252732515335,0.7752489447593689,0.4402560591697693
YLR190W,YJL212C,0,-1.060417,0.1496841460466385,0.7752489447593689,0.44039830565452576
YOL023W,YMR012W,1,-1.0606765,0.1499176323413849,0.7766714096069336,0.44039830565452576
YNL194C,YER072W,0,-1.0607401,0.14987647533416748,0.7766714096069336,0.4405405521392822
YDR326C,YBR008C,0,-1.0607576,0.14983534812927246,0.7766714096069336,0.4406827986240387
YJR076C,YOL157C,0,-1.0608166,0.14979423582553864,0.7766714096069336,0.44082504510879517
YPL202C,YOR007C,0,-1.0609773,0.1497531533241272,0.7766714096069336,0.44096729159355164
YKL152C,YBL004W,0,-1.0613041,0.14971208572387695,0.7766714096069336,0.4411095380783081
YDR248C,YOR048C,0,-1.0614568,0.1496710479259491,0.7766714096069336,0.4412517845630646
YPL275W,YKL034W,0,-1.0616324,0.14963003993034363,0.7766714096069336,0.44139403104782104
YGR148C,YLR225C,0,-1.0619544,0.14958904683589935,0.7766714096069336,0.4415362775325775
YDR283C,YPL237W,1,-1.0620464,0.14982196688652039,0.7780938744544983,0.4415362775325775
YPL106C,YJL001W,0,-1.0629439,0.14978094398975372,0.7780938744544983,0.441678524017334
YBR139W,YFL025C,0,-1.0630554,0.14973993599414825,0.7780938744544983,0.44182077050209045
YPR016C,YER032W,0,-1.0631391,0.14969895780086517,0.7780938744544983,0.4419630169868469
YGR097W,YIR004W,0,-1.0632237,0.14965800940990448,0.7780938744544983,0.4421052634716034
YLL057C,YJL080C,0,-1.0633856,0.1496170610189438,0.7780938744544983,0.44224750995635986
YJR125C,YGL151W,0,-1.0635666,0.14957615733146667,0.7780938744544983,0.44238975644111633
YOL149W,YIR003W,0,-1.0637044,0.14953526854515076,0.7780938744544983,0.4425320029258728
YIL022W,YCL010C,0,-1.0638089,0.14949439465999603,0.7780938744544983,0.4426742494106293
YBL023C,YDR434W,0,-1.0638796,0.1494535505771637,0.7780938744544983,0.44281649589538574
YCR023C,YLR263W,0,-1.0639584,0.14941272139549255,0.7780938744544983,0.4429587423801422
YDR443C,YDL143W,0,-1.0639867,0.1493719220161438,0.7780938744544983,0.4431009888648987
YGR041W,YLR054C,0,-1.0642428,0.14933115243911743,0.7780938744544983,0.44324323534965515
YAL009W,YDR385W,0,-1.064278,0.14929039776325226,0.7780938744544983,0.4433854818344116
YKL071W,YOR064C,0,-1.0642825,0.14924965798854828,0.7780938744544983,0.4435277283191681
YGR223C,YPR148C,0,-1.0647265,0.1492089480161667,0.7780938744544983,0.44366997480392456
YDR519W,YGR049W,0,-1.0648646,0.1491682529449463,0.7780938744544983,0.44381222128868103
YPR102C,YGL219C,0,-1.064889,0.14912758767604828,0.7780938744544983,0.4439544677734375
YOR260W,YBL013W,1,-1.0649176,0.14935949444770813,0.779516339302063,0.4439544677734375
YPL183C,YDR040C,0,-1.0650282,0.14931879937648773,0.779516339302063,0.44409671425819397
YNL097C,YNL176C,0,-1.0653471,0.14927811920642853,0.779516339302063,0.4442389905452728
YDR387C,YBR254C,0,-1.0654054,0.1492374688386917,0.779516339302063,0.4443812370300293
YJR058C,YJR125C,0,-1.0656011,0.14919684827327728,0.779516339302063,0.44452348351478577
YBR185C,YKL014C,0,-1.0657532,0.14915622770786285,0.779516339302063,0.44466572999954224
YHR117W,YDR139C,0,-1.0657907,0.149115651845932,0.779516339302063,0.4448079764842987
YDR006C,YLR077W,0,-1.0658588,0.14907507598400116,0.779516339302063,0.4449502229690552
YHL025W,YLR048W,0,-1.0658973,0.1490345448255539,0.779516339302063,0.44509246945381165
YML059C,YMR016C,0,-1.0659046,0.14899401366710663,0.779516339302063,0.4452347159385681
YDL185W,YMR311C,0,-1.0659719,0.14895352721214294,0.779516339302063,0.4453769624233246
YMR106C,YLL053C,0,-1.0660026,0.14891304075717926,0.779516339302063,0.44551920890808105
YFR038W,YGR157W,0,-1.0663732,0.14887258410453796,0.779516339302063,0.4456614553928375
YPL068C,YPL009C,0,-1.0664736,0.14883215725421906,0.779516339302063,0.445803701877594
YDR019C,YKL089W,0,-1.0666267,0.14879174530506134,0.779516339302063,0.44594594836235046
YNL305C,YDL150W,0,-1.0666656,0.148751363158226,0.779516339302063,0.44608819484710693
YGL107C,YMR282C,1,-1.0670086,0.14898236095905304,0.7809388041496277,0.44608819484710693
YDL046W,YER048W-A,0,-1.0673085,0.14894194900989532,0.7809388041496277,0.4462304413318634
YOR100C,YHR005C,0,-1.0673301,0.1489015519618988,0.7809388041496277,0.4463726878166199
YOR262W,YOR068C,0,-1.0674376,0.14886116981506348,0.7809388041496277,0.44651493430137634
YDR148C,YIL098C,0,-1.0675887,0.14882081747055054,0.7809388041496277,0.4466571807861328
YJR161C,YBL082C,0,-1.0676324,0.14878049492835999,0.7809388041496277,0.4467994272708893
YLR121C,YMR017W,0,-1.0677652,0.14874017238616943,0.7809388041496277,0.44694167375564575
YPL106C,YHR036W,0,-1.0678549,0.14869989454746246,0.7809388041496277,0.4470839202404022
YAL041W,YMR262W,0,-1.0678762,0.1486596316099167,0.7809388041496277,0.4472261667251587
YDR346C,YBR204C,0,-1.0680121,0.1486193835735321,0.7809388041496277,0.44736841320991516
YPL209C,YDL066W,0,-1.0680205,0.1485791653394699,0.7809388041496277,0.44751065969467163
YDL207W,YKL132C,0,-1.0680512,0.1485389620065689,0.7809388041496277,0.4476529061794281
YMR291W,YMR289W,0,-1.0683556,0.1484987884759903,0.7809388041496277,0.44779515266418457
YIR035C,YMR116C,0,-1.0685781,0.14845862984657288,0.7809388041496277,0.44793739914894104
YCR043C,YOL157C,0,-1.0686086,0.14841848611831665,0.7809388041496277,0.4480796456336975
YBR045C,YKL222C,0,-1.0687943,0.1483783721923828,0.7809388041496277,0.448221892118454
YHR128W,YMR216C,0,-1.0689424,0.14833828806877136,0.7809388041496277,0.44836416840553284
YJL041W,YJR073C,0,-1.0689867,0.1482982188463211,0.7809388041496277,0.4485064148902893
YGL107C,YGR054W,1,-1.0690739,0.14852821826934814,0.7823613286018372,0.4485064148902893
YNL186W,YHL016C,0,-1.0694146,0.1484881192445755,0.7823613286018372,0.4486486613750458
YDR349C,YKL149C,0,-1.0694783,0.14844805002212524,0.7823613286018372,0.44879090785980225
YJL013C,YHR035W,0,-1.0695765,0.148407980799675,0.7823613286018372,0.4489331543445587
YDL136W,YPL056C,0,-1.0695926,0.1483679562807083,0.7823613286018372,0.4490754008293152
YPR140W,YJL109C,0,-1.0697147,0.14832794666290283,0.7823613286018372,0.44921764731407166
YLR363C,YER061C,0,-1.0698912,0.14828795194625854,0.7823613286018372,0.4493598937988281
YFL031W,YNL099C,0,-1.0701275,0.14824797213077545,0.7823613286018372,0.4495021402835846
YOR143C,YBL051C,0,-1.0702151,0.14820803701877594,0.7823613286018372,0.44964438676834106
YIL030C,YBL005W-A,0,-1.0702351,0.14816810190677643,0.7823613286018372,0.44978663325309753
YGL001C,YHR088W,0,-1.0702751,0.1481281965970993,0.7823613286018372,0.449928879737854
YBR105C,YOR009W,0,-1.0707049,0.14808832108974457,0.7823613286018372,0.4500711262226105
YNL086W,YDR231C,0,-1.0707827,0.14804844558238983,0.7823613286018372,0.45021337270736694
YCR077C,YER153C,1,-1.0710527,0.14827771484851837,0.7837837934494019,0.45021337270736694
YLL021W,YFR037C,0,-1.0711073,0.14823782444000244,0.7837837934494019,0.4503556191921234
YPL048W,YDL115C,0,-1.0715774,0.1481979489326477,0.7837837934494019,0.4504978656768799
YOR328W,YHR103W,0,-1.0715816,0.14815810322761536,0.7837837934494019,0.45064011216163635
YJR014W,YEL034W,1,-1.0716708,0.1483870893716812,0.7852062582969666,0.45064011216163635
YLR205C,YMR125W,0,-1.0717592,0.14834721386432648,0.7852062582969666,0.4507823586463928
YDR284C,YLR048W,0,-1.0719947,0.14830736815929413,0.7852062582969666,0.4509246051311493
YOL089C,YER078C,0,-1.0720397,0.14826752245426178,0.7852062582969666,0.45106685161590576
YOR083W,YDR231C,0,-1.0720402,0.14822770655155182,0.7852062582969666,0.45120909810066223
YBR302C,YPL249C,0,-1.0720977,0.14818792045116425,0.7852062582969666,0.4513513445854187
YNL124W,YPL061W,0,-1.0723791,0.14814814925193787,0.7852062582969666,0.45149359107017517
YDL155W,YGL229C,0,-1.0724168,0.14810839295387268,0.7852062582969666,0.45163583755493164
YGR211W,YCR102C,0,-1.072484,0.14806866645812988,0.7852062582969666,0.4517780840396881
YKL125W,YPL066W,0,-1.0725183,0.14802895486354828,0.7852062582969666,0.4519203305244446
YLR460C,YDL064W,0,-1.0725899,0.14798927307128906,0.7852062582969666,0.45206257700920105
YOL023W,YJR047C,1,-1.0726187,0.14821763336658478,0.7866287231445312,0.45206257700920105
YBL010C,YGL210W,0,-1.0726932,0.14817792177200317,0.7866287231445312,0.4522048234939575
YMR290C,YKL107W,0,-1.0728661,0.14813822507858276,0.7866287231445312,0.452347069978714
YFL062W,YKL017C,0,-1.0729997,0.14809855818748474,0.7866287231445312,0.45248934626579285
YBL040C,YIR013C,0,-1.0732073,0.1480589061975479,0.7866287231445312,0.4526315927505493
YGL085W,YMR006C,0,-1.0734409,0.14801926910877228,0.7866287231445312,0.4527738392353058
YJR077C,YER094C,0,-1.073466,0.14797966182231903,0.7866287231445312,0.45291608572006226
YBL067C,YOL156W,0,-1.0737185,0.14794006943702698,0.7866287231445312,0.4530583322048187
YOL001W,YIR036C,0,-1.0737547,0.1479005068540573,0.7866287231445312,0.4532005786895752
YGR218W,YDL192W,0,-1.073817,0.14786095917224884,0.7866287231445312,0.45334282517433167
YOL098C,YMR197C,0,-1.0739491,0.14782144129276276,0.7866287231445312,0.45348507165908813
YHR172W,YGL016W,0,-1.0740954,0.14778193831443787,0.7866287231445312,0.4536273181438446
YIR037W,YPL172C,0,-1.0741054,0.14774245023727417,0.7866287231445312,0.4537695646286011
YHR167W,YPL275W,0,-1.0743481,0.14770299196243286,0.7866287231445312,0.45391181111335754
YKR067W,YCL064C,0,-1.0745502,0.14766354858875275,0.7866287231445312,0.454054057598114
YPR140W,YCL030C,0,-1.0745564,0.14762413501739502,0.7866287231445312,0.4541963040828705
YDR276C,YLR204W,0,-1.0749056,0.1475847363471985,0.7866287231445312,0.45433855056762695
YGR071C,YMR198W,0,-1.0749902,0.14754535257816315,0.7866287231445312,0.4544807970523834
YOR174W,YGL079W,0,-1.0750713,0.1475059986114502,0.7866287231445312,0.4546230435371399
YGR287C,YPL038W,0,-1.0753666,0.14746665954589844,0.7866287231445312,0.45476529002189636
YJR105W,YBR039W,0,-1.0753789,0.14742735028266907,0.7866287231445312,0.45490753650665283
YLR432W,YDR028C,0,-1.0753881,0.1473880559206009,0.7866287231445312,0.4550497829914093
YDR297W,YOR383C,0,-1.0755184,0.1473487913608551,0.7866287231445312,0.45519202947616577
YOL146W,YDR018C,0,-1.0755852,0.1473095417022705,0.7866287231445312,0.45533427596092224
YKL069W,YGR104C,0,-1.075673,0.1472703069448471,0.7866287231445312,0.4554765224456787
YIR003W,YDR228C,0,-1.0758011,0.1472311019897461,0.7866287231445312,0.4556187689304352
YPL079W,YIR007W,0,-1.0761284,0.14719191193580627,0.7866287231445312,0.45576101541519165
YPR096C,YNL038W,0,-1.0763197,0.14715273678302765,0.7866287231445312,0.4559032618999481
YNL061W,YMR070W,0,-1.0767121,0.1471135914325714,0.7866287231445312,0.4560455083847046
YPL168W,YIR010W,0,-1.0769727,0.14707446098327637,0.7866287231445312,0.45618775486946106
YGR129W,YCR023C,0,-1.0770247,0.1470353603363037,0.7866287231445312,0.45633000135421753
YIL124W,YDR529C,0,-1.0770521,0.14699627459049225,0.7866287231445312,0.456472247838974
YPL275W,YBR022W,0,-1.0770823,0.14695721864700317,0.7866287231445312,0.45661452412605286
YDL138W,YDR299W,0,-1.0771668,0.1469181776046753,0.7866287231445312,0.4567567706108093
YGL124C,YLR343W,0,-1.0772755,0.1468791514635086,0.7866287231445312,0.4568990170955658
YOR158W,YER123W,0,-1.0773904,0.1468401551246643,0.7866287231445312,0.45704126358032227
YOR069W,YGR266W,0,-1.0776421,0.1468011736869812,0.7866287231445312,0.45718351006507874
YPL038W,YPR151C,0,-1.0777017,0.1467622071504593,0.7866287231445312,0.4573257565498352
YDR006C,YBL002W,0,-1.0779651,0.14672327041625977,0.7866287231445312,0.4574680030345917
YDL137W,YHR065C,0,-1.0781792,0.14668434858322144,0.7866287231445312,0.45761024951934814
YDL188C,YHR152W,0,-1.0782257,0.1466454565525055,0.7866287231445312,0.4577524960041046
YOR039W,YOL156W,0,-1.0784025,0.14660657942295074,0.7866287231445312,0.4578947424888611
YLR207W,YMR121C,0,-1.078679,0.1465677171945572,0.7866287231445312,0.45803698897361755
YLR256W,YBL067C,0,-1.0787146,0.14652888476848602,0.7866287231445312,0.458179235458374
YIL011W,YFL029C,0,-1.0791489,0.14649006724357605,0.7866287231445312,0.4583214819431305
YPL190C,YKR095W-A,0,-1.0791785,0.14645126461982727,0.7866287231445312,0.45846372842788696
YGL175C,YGR200C,0,-1.0791916,0.14641249179840088,0.7866287231445312,0.45860597491264343
YMR100W,YDL126C,0,-1.0792261,0.14637374877929688,0.7866287231445312,0.4587482213973999
YDR362C,YBR105C,0,-1.0794257,0.14633500576019287,0.7866287231445312,0.45889046788215637
YHL050C,YOR127W,0,-1.0798783,0.14629629254341125,0.7866287231445312,0.45903271436691284
YDL145C,YKL107W,0,-1.0806538,0.14625760912895203,0.7866287231445312,0.4591749608516693
YFR016C,YMR243C,0,-1.0807892,0.1462189257144928,0.7866287231445312,0.4593172073364258
YML130C,YDL141W,0,-1.0809488,0.14618028700351715,0.7866287231445312,0.45945945382118225
YOR004W,YJR001W,0,-1.0810727,0.1461416482925415,0.7866287231445312,0.4596017003059387
YPR010C,YMR280C,0,-1.0813795,0.14610303938388824,0.7866287231445312,0.4597439467906952
YKL034W,YLR332W,0,-1.0813857,0.14606444537639618,0.7866287231445312,0.45988619327545166
YBR153W,YDR397C,0,-1.081752,0.1460258811712265,0.7866287231445312,0.46002843976020813
YEL077C,YDR180W,0,-1.0818461,0.14598733186721802,0.7866287231445312,0.4601706862449646
YDR113C,YDR239C,0,-1.0819408,0.14594879746437073,0.7866287231445312,0.46031293272972107
YJR105W,YMR234W,0,-1.0822284,0.14591029286384583,0.7866287231445312,0.46045517921447754
YKR048C,YGL157W,0,-1.082356,0.14587180316448212,0.7866287231445312,0.460597425699234
YBR227C,YIL093C,0,-1.082488,0.1458333283662796,0.7866287231445312,0.4607396721839905
YOL076W,YIL147C,0,-1.0826885,0.14579488337039948,0.7866287231445312,0.46088194847106934
YOR389W,YBR229C,0,-1.0827026,0.14575645327568054,0.7866287231445312,0.4610241949558258
YFL008W,YML130C,0,-1.0827627,0.145718052983284,0.7866287231445312,0.4611664414405823
YHL024W,YER133W,0,-1.0827879,0.14567966759204865,0.7866287231445312,0.46130868792533875
YJR135C,YNL286W,0,-1.082867,0.1456412971019745,0.7866287231445312,0.4614509344100952
YDR331W,YNL063W,0,-1.0829146,0.14560294151306152,0.7866287231445312,0.4615931808948517
YGR174C,YOR208W,0,-1.0830816,0.14556461572647095,0.7866287231445312,0.46173542737960815
YEL032W,YBL017C,0,-1.083088,0.14552631974220276,0.7866287231445312,0.4618776738643646
YHL026C,YIL097W,0,-1.0831766,0.14548802375793457,0.7866287231445312,0.4620199203491211
YOR348C,YLR143W,0,-1.0831803,0.14544975757598877,0.7866287231445312,0.46216216683387756
YBR264C,YNL063W,0,-1.0834016,0.14541152119636536,0.7866287231445312,0.46230441331863403
YJR161C,YGR166W,0,-1.0835984,0.14537328481674194,0.7866287231445312,0.4624466598033905
YIL101C,YER026C,0,-1.0837516,0.14533507823944092,0.7866287231445312,0.462588906288147
YDR298C,YMR105C,0,-1.0839126,0.14529690146446228,0.7866287231445312,0.46273115277290344
YBR204C,YGR247W,0,-1.0842028,0.14525873959064484,0.7866287231445312,0.4628733992576599
YKL028W,YMR314W,0,-1.0842092,0.1452205926179886,0.7866287231445312,0.4630156457424164
YOR259C,YIL090W,0,-1.0843052,0.14518246054649353,0.7866287231445312,0.46315789222717285
YGR094W,YPL154C,0,-1.0843958,0.14514435827732086,0.7866287231445312,0.4633001387119293
YGR044C,YNL191W,0,-1.0845246,0.1451062709093094,0.7866287231445312,0.4634423851966858
YMR056C,YDR084C,0,-1.0845741,0.1450681984424591,0.7866287231445312,0.46358463168144226
YBL013W,YNL244C,1,-1.0846367,0.14529241621494293,0.788051187992096,0.46358463168144226
YJL097W,YBR199W,0,-1.0849442,0.14525432884693146,0.788051187992096,0.46372687816619873
YDL008W,YGR195W,0,-1.0851346,0.14521625638008118,0.788051187992096,0.4638691246509552
YBL024W,YER133W,0,-1.0853318,0.1451781988143921,0.788051187992096,0.46401137113571167
YMR274C,YER123W,0,-1.0853491,0.1451401561498642,0.788051187992096,0.46415361762046814
YAL048C,YMR043W,0,-1.085744,0.1451021432876587,0.788051187992096,0.4642958641052246
YOR307C,YOR060C,0,-1.0857686,0.14506416022777557,0.788051187992096,0.4644381105899811
YGL049C,YEL034W,1,-1.0857766,0.14528796076774597,0.7894737124443054,0.4644381105899811
YMR192W,YPL135W,0,-1.0857849,0.14524993300437927,0.7894737124443054,0.46458035707473755
YER031C,YOR339C,0,-1.0857905,0.14521193504333496,0.7894737124443054,0.464722603559494
YNL001W,YBR264C,0,-1.0858634,0.14517395198345184,0.7894737124443054,0.4648648500442505
YDR500C,YDL093W,0,-1.0860497,0.14513598382472992,0.7894737124443054,0.46500712633132935
YEL024W,YDL174C,0,-1.0861516,0.14509804546833038,0.7894737124443054,0.4651493728160858
YDL144C,YIL063C,0,-1.086388,0.14506012201309204,0.7894737124443054,0.4652916193008423
YLR007W,YHL028W,0,-1.0863974,0.1450222134590149,0.7894737124443054,0.46543386578559875
YLR246W,YCR033W,0,-1.0865064,0.14498431980609894,0.7894737124443054,0.4655761122703552
YJL151C,YDL156W,0,-1.086574,0.14494645595550537,0.7894737124443054,0.4657183587551117
YJL033W,YER106W,0,-1.0866723,0.1449086219072342,0.7894737124443054,0.46586060523986816
YNR032C-A,YGL005C,0,-1.0866759,0.144870787858963,0.7894737124443054,0.46600285172462463
YCR020C,YFR027W,0,-1.0870161,0.14483298361301422,0.7894737124443054,0.4661450982093811
YGR208W,YKL046C,0,-1.0871625,0.14479519426822662,0.7894737124443054,0.4662873446941376
YGR178C,YDR180W,0,-1.0871894,0.1447574347257614,0.7894737124443054,0.46642959117889404
YGR071C,YDR268W,0,-1.087219,0.1447196900844574,0.7894737124443054,0.4665718376636505
YNL134C,YBL039C,0,-1.0872775,0.14468196034431458,0.7894737124443054,0.466714084148407
YGR035C,YPL060W,0,-1.0874132,0.14464426040649414,0.7894737124443054,0.46685633063316345
YOR056C,YIL070C,0,-1.0877452,0.1446065604686737,0.7894737124443054,0.4669985771179199
YER161C,YMR058W,0,-1.0878685,0.14456890523433685,0.7894737124443054,0.4671408236026764
YEL046C,YML070W,0,-1.0882148,0.14453125,0.7894737124443054,0.46728307008743286
YDR093W,YNL035C,0,-1.0883691,0.14449362456798553,0.7894737124443054,0.46742531657218933
YPL033C,YIL097W,0,-1.088591,0.14445601403713226,0.7894737124443054,0.4675675630569458
YGL141W,YML074C,0,-1.0891104,0.14441841840744019,0.7894737124443054,0.46770980954170227
YJL138C,YEL034W,1,-1.0892452,0.1446409970521927,0.7908961772918701,0.46770980954170227
YPL233W,YBL010C,0,-1.0893724,0.14460338652133942,0.7908961772918701,0.46785205602645874
YOR174W,YLR001C,0,-1.0896657,0.14456577599048615,0.7908961772918701,0.4679943025112152
YOL094C,YHL044W,0,-1.089798,0.14452821016311646,0.7908961772918701,0.4681365489959717
YER036C,YLL016W,0,-1.0899289,0.14449064433574677,0.7908961772918701,0.46827879548072815
YER179W,YML025C,0,-1.0899328,0.14445310831069946,0.7908961772918701,0.4684210419654846
YJR014W,YER153C,1,-1.0901887,0.1446753293275833,0.7923186421394348,0.4684210419654846
YPR021C,YOR242C,0,-1.0902627,0.14463776350021362,0.7923186421394348,0.4685632884502411
YPL212C,YLR277C,0,-1.0902964,0.14460021257400513,0.7923186421394348,0.46870553493499756
YDR490C,YDL145C,0,-1.0904479,0.14456267654895782,0.7923186421394348,0.46884778141975403
YER003C,YER073W,0,-1.0904908,0.1445251703262329,0.7923186421394348,0.4689900279045105
YFR055W,YPL026C,0,-1.0908431,0.1444876790046692,0.7923186421394348,0.46913230419158936
YER025W,YNL007C,1,-1.091039,0.1447095423936844,0.7937411069869995,0.46913230419158936
YDL119C,YNL299W,0,-1.0912106,0.14467202126979828,0.7937411069869995,0.4692745506763458
YDR326C,YDR096W,0,-1.0912356,0.14463452994823456,0.7937411069869995,0.4694167971611023
YER142C,YBR149W,0,-1.0916959,0.14459703862667084,0.7937411069869995,0.46955904364585876
YPL085W,YGL008C,0,-1.091771,0.1445595920085907,0.7937411069869995,0.46970129013061523
YDR178W,YHR146W,0,-1.0918381,0.14452214539051056,0.7937411069869995,0.4698435366153717
YDR088C,YAL008W,0,-1.0919449,0.1444847285747528,0.7937411069869995,0.4699857831001282
YDL129W,YPR143W,0,-1.0920217,0.14444732666015625,0.7937411069869995,0.47012802958488464
YER183C,YLR223C,0,-1.0920967,0.1444099396467209,0.7937411069869995,0.4702702760696411
YEL027W,YDL220C,0,-1.0922132,0.14437256753444672,0.7937411069869995,0.4704125225543976
YHR171W,YDR188W,0,-1.0924518,0.14433522522449493,0.7937411069869995,0.47055476903915405
YGR104C,YHR112C,0,-1.092604,0.14429791271686554,0.7937411069869995,0.4706970155239105
YER020W,YPL108W,0,-1.0927016,0.14426060020923615,0.7937411069869995,0.470839262008667
YDL004W,YPR148C,0,-1.0927296,0.14422331750392914,0.7937411069869995,0.47098150849342346
YGR205W,YDR225W,0,-1.0927379,0.14418604969978333,0.7937411069869995,0.47112375497817993
YDR110W,YNR071C,0,-1.0930614,0.1441487967967987,0.7937411069869995,0.4712660014629364
YMR197C,YGR017W,0,-1.0931929,0.14411157369613647,0.7937411069869995,0.47140824794769287
YPR021C,YKR030W,0,-1.0932522,0.14407436549663544,0.7937411069869995,0.47155049443244934
YOR178C,YMR130W,0,-1.0933114,0.1440371721982956,0.7937411069869995,0.4716927409172058
YHR206W,YDR098C,0,-1.093404,0.14399999380111694,0.7937411069869995,0.4718349874019623
YPR133C,YOR202W,0,-1.0934552,0.14396284520626068,0.7937411069869995,0.47197723388671875
YNL145W,YIR034C,0,-1.093539,0.1439257115125656,0.7937411069869995,0.4721194803714752
YDR283C,YOL139C,1,-1.0935515,0.14414647221565247,0.7951635718345642,0.4721194803714752
YIL017C,YOL029C,0,-1.0936311,0.144109308719635,0.7951635718345642,0.4722617268562317
YPL234C,YLR424W,0,-1.093717,0.14407216012477875,0.7951635718345642,0.47240397334098816
YDR516C,YHL015W,0,-1.0939115,0.14403504133224487,0.7951635718345642,0.47254621982574463
YLR274W,YJL052W,0,-1.094029,0.1439979374408722,0.7951635718345642,0.4726884663105011
YBR044C,YDL180W,0,-1.0940859,0.1439608484506607,0.7951635718345642,0.47283071279525757
YOL029C,YDR052C,0,-1.0941168,0.1439237892627716,0.7951635718345642,0.47297295928001404
YFR044C,YDR007W,0,-1.0945508,0.1438867449760437,0.7951635718345642,0.4731152057647705
YOR115C,YLR459W,0,-1.0946484,0.143849715590477,0.7951635718345642,0.47325748205184937
YDR103W,YKL043W,0,-1.0947977,0.14381271600723267,0.7951635718345642,0.47339972853660583
YJL122W,YKL086W,0,-1.0948553,0.14377571642398834,0.7951635718345642,0.4735419750213623
YMR012W,YEL034W,1,-1.0948848,0.14399588108062744,0.7965860366821289,0.4735419750213623
YOR262W,YLR320W,0,-1.0949556,0.14395886659622192,0.7965860366821289,0.4736842215061188
YLR015W,YPL195W,0,-1.0949681,0.1439218670129776,0.7965860366821289,0.47382646799087524
YLR409C,YBR289W,0,-1.0949882,0.14388489723205566,0.7965860366821289,0.4739687144756317
YNL330C,YOR344C,0,-1.0949882,0.14384792745113373,0.7965860366821289,0.4741109609603882
YNL247W,YHR207C,0,-1.0958381,0.14381098747253418,0.7965860366821289,0.47425320744514465
YDL119C,YMR109W,0,-1.0959417,0.14377406239509583,0.7965860366821289,0.4743954539299011
YLR460C,YGL016W,0,-1.0960208,0.14373716711997986,0.7965860366821289,0.4745377004146576
YPR075C,YBL027W,0,-1.0960492,0.14370028674602509,0.7965860366821289,0.47467994689941406
YIL062C,YPL047W,0,-1.096151,0.1436634212732315,0.7965860366821289,0.47482219338417053
YJR089W,YDR043C,0,-1.0962492,0.14362657070159912,0.7965860366821289,0.474964439868927
YIL160C,YJR093C,0,-1.0963054,0.14358974993228912,0.7965860366821289,0.47510668635368347
YOR117W,YGL120C,0,-1.0965234,0.14355292916297913,0.7965860366821289,0.47524893283843994
YLR355C,YFL016C,0,-1.0965543,0.14351613819599152,0.7965860366821289,0.4753911793231964
YOR198C,YPL152W,0,-1.0966436,0.1434793770313263,0.7965860366821289,0.4755334258079529
YHL002W,YER102W,0,-1.0967237,0.14344261586666107,0.7965860366821289,0.47567567229270935
YDL200C,YDL231C,0,-1.0967523,0.14340588450431824,0.7965860366821289,0.4758179187774658
YHR107C,YDR253C,0,-1.0969058,0.1433691829442978,0.7965860366821289,0.4759601652622223
YDL130W,YMR216C,0,-1.0969727,0.14333248138427734,0.7965860366821289,0.47610241174697876
YJL056C,YGL023C,0,-1.0971088,0.14329580962657928,0.7965860366821289,0.47624465823173523
YDR330W,YLR056W,0,-1.0971125,0.14325915277004242,0.7965860366821289,0.4763869047164917
YOR129C,YDL153C,0,-1.0972344,0.14322251081466675,0.7965860366821289,0.47652915120124817
YPL215W,YBR241C,0,-1.0972453,0.14318588376045227,0.7965860366821289,0.47667139768600464
YJL162C,YDR045C,0,-1.097335,0.14314928650856018,0.7965860366821289,0.4768136441707611
YLR086W,YNR032C-A,0,-1.0973356,0.14311270415782928,0.7965860366821289,0.4769558906555176
YDL010W,YCR035C,0,-1.0975503,0.14307613670825958,0.7965860366821289,0.47709813714027405
YHR215W,YOL113W,0,-1.0975643,0.14303958415985107,0.7965860366821289,0.4772403836250305
YDR283C,YEL034W,1,-1.0975982,0.14325842261314392,0.7980085611343384,0.4772403836250305
YMR153W,YJR084W,0,-1.0976199,0.14322185516357422,0.7980085611343384,0.4773826599121094
YCL050C,YER051W,0,-1.0977784,0.1431853026151657,0.7980085611343384,0.47752490639686584
YIL121W,YML118W,0,-1.0977844,0.1431487649679184,0.7980085611343384,0.4776671528816223
YCL019W,YAL059W,0,-1.0978012,0.14311224222183228,0.7980085611343384,0.4778093993663788
YLR001C,YOR019W,0,-1.0978947,0.14307574927806854,0.7980085611343384,0.47795164585113525
YLR446W,YNL212W,0,-1.0983477,0.143039271235466,0.7980085611343384,0.4780938923358917
YNL007C,YAL035W,1,-1.0987331,0.14325770735740662,0.7994310259819031,0.4780938923358917
YMR309C,YBL013W,1,-1.0988569,0.14347603917121887,0.8008534908294678,0.4780938923358917
YGR247W,YPR081C,0,-1.0990548,0.14343948662281036,0.8008534908294678,0.4782361388206482
YPL012W,YHR037W,0,-1.0992715,0.14340294897556305,0.8008534908294678,0.47837838530540466
YDR482C,YBR105C,0,-1.0993377,0.14336644113063812,0.8008534908294678,0.47852063179016113
YNL213C,YDR466W,0,-1.100268,0.1433299332857132,0.8008534908294678,0.4786628782749176
YKL160W,YDL099W,0,-1.1006249,0.14329345524311066,0.8008534908294678,0.4788051247596741
YGR292W,YBL084C,0,-1.1009798,0.1432569921016693,0.8008534908294678,0.47894737124443054
YGL020C,YKL155C,0,-1.1011653,0.14322055876255035,0.8008534908294678,0.479089617729187
YOR307C,YPL203W,0,-1.1011735,0.1431841254234314,0.8008534908294678,0.4792318642139435
YBR104W,YDL058W,0,-1.1015047,0.14314772188663483,0.8008534908294678,0.47937411069869995
YNL045W,YPL192C,0,-1.1016291,0.14311133325099945,0.8008534908294678,0.4795163571834564
YBR186W,YKR096W,0,-1.1017629,0.14307497441768646,0.8008534908294678,0.4796586036682129
YLR274W,YGR122W,0,-1.1019464,0.14303861558437347,0.8008534908294678,0.47980085015296936
YLR299W,YDL175C,0,-1.1019751,0.14300228655338287,0.8008534908294678,0.47994309663772583
YML081C-A,YKR100C,0,-1.102167,0.14296597242355347,0.8008534908294678,0.4800853431224823
YLL013C,YKR003W,0,-1.1022393,0.14292967319488525,0.8008534908294678,0.48022758960723877
YDL156W,YGL226W,0,-1.102309,0.14289340376853943,0.8008534908294678,0.48036983609199524
YDR331W,YHR096C,0,-1.1023906,0.1428571492433548,0.8008534908294678,0.4805120825767517
YPL121C,YHL020C,0,-1.1024795,0.14282090961933136,0.8008534908294678,0.4806543290615082
YLR004C,YDL067C,0,-1.1026108,0.14278468489646912,0.8008534908294678,0.48079657554626465
YNL139C,YGL125W,0,-1.1029254,0.14274847507476807,0.8008534908294678,0.4809388220310211
YPL171C,YLR006C,0,-1.1029326,0.1427122950553894,0.8008534908294678,0.4810810685157776
YBR101C,YNL137C,0,-1.1031703,0.14267612993717194,0.8008534908294678,0.48122331500053406
YOR359W,YLR014C,0,-1.103336,0.14263997972011566,0.8008534908294678,0.4813655614852905
YMR127C,YNL066W,0,-1.1037122,0.14260384440422058,0.8008534908294678,0.4815078377723694
YDL209C,YDR523C,0,-1.1041108,0.1425677388906479,0.8008534908294678,0.48165008425712585
YDR511W,YEL055C,0,-1.1043533,0.1425316482782364,0.8008534908294678,0.4817923307418823
YDR506C,YJL209W,0,-1.1045082,0.14249557256698608,0.8008534908294678,0.4819345772266388
YKL101W,YHL035C,0,-1.1045976,0.14245951175689697,0.8008534908294678,0.48207682371139526
YKL073W,YMR220W,0,-1.1049808,0.14242348074913025,0.8008534908294678,0.48221907019615173
YIL018W,YJL123C,0,-1.1052611,0.14238744974136353,0.8008534908294678,0.4823613166809082
YBR231C,YDL064W,0,-1.1053919,0.1423514485359192,0.8008534908294678,0.4825035631656647
YIL056W,YER026C,0,-1.1054894,0.14231547713279724,0.8008534908294678,0.48264580965042114
YPR025C,YJL138C,1,-1.1056513,0.14253221452236176,0.8022759556770325,0.48264580965042114
YCL019W,YGR116W,0,-1.1056738,0.14249621331691742,0.8022759556770325,0.4827880561351776
YPL049C,YHR207C,0,-1.1058822,0.14246021211147308,0.8022759556770325,0.4829303026199341
YGR035C,YCR048W,0,-1.1060051,0.14242424070835114,0.8022759556770325,0.48307254910469055
YPR097W,YDR252W,0,-1.1062163,0.14238828420639038,0.8022759556770325,0.483214795589447
YFR032C-A,YPR180W,0,-1.1062658,0.14235234260559082,0.8022759556770325,0.4833570420742035
YGL234W,YCL048W,0,-1.1064959,0.14231643080711365,0.8022759556770325,0.48349928855895996
YDR044W,YCR073C,0,-1.1065443,0.14228051900863647,0.8022759556770325,0.48364153504371643
YOL041C,YML116W,0,-1.1070964,0.1422446370124817,0.8022759556770325,0.4837837815284729
YJR125C,YGR065C,0,-1.1071029,0.1422087699174881,0.8022759556770325,0.48392602801322937
YLR034C,YDR352W,0,-1.1071554,0.1421729326248169,0.8022759556770325,0.48406827449798584
YNL125C,YJR048W,0,-1.1072099,0.1421370953321457,0.8022759556770325,0.4842105209827423
YIL064W,YMR278W,0,-1.1073749,0.14210128784179688,0.8022759556770325,0.4843527674674988
YGL178W,YDR315C,0,-1.1077484,0.14206549525260925,0.8022759556770325,0.48449501395225525
YBR152W,YCL005W-A,0,-1.1078395,0.14202971756458282,0.8022759556770325,0.4846372604370117
YBR029C,YKL025C,0,-1.1080072,0.1419939547777176,0.8022759556770325,0.4847795069217682
YKR045C,YMR302C,0,-1.108013,0.14195822179317474,0.8022759556770325,0.48492175340652466
YDR123C,YIL130W,0,-1.1081164,0.1419224888086319,0.8022759556770325,0.48506399989128113
YLR360W,YFL044C,0,-1.1083274,0.14188678562641144,0.8022759556770325,0.4852062463760376
YHL011C,YMR262W,0,-1.1084558,0.14185111224651337,0.8022759556770325,0.48534849286079407
YML060W,YOR306C,0,-1.1084687,0.1418154388666153,0.8022759556770325,0.48549073934555054
YOR047C,YLR266C,0,-1.1087646,0.1417797952890396,0.8022759556770325,0.4856330156326294
YML037C,YKR096W,0,-1.1088398,0.14174415171146393,0.8022759556770325,0.48577526211738586
YPR097W,YHR186C,0,-1.1089952,0.14170853793621063,0.8022759556770325,0.48591750860214233
YNL217W,YNL133C,0,-1.1090354,0.14167293906211853,0.8022759556770325,0.4860597550868988
YLR393W,YPR184W,0,-1.1095539,0.14163736999034882,0.8022759556770325,0.4862020015716553
YOR307C,YDR307W,0,-1.1095862,0.1416018009185791,0.8022759556770325,0.48634424805641174
YBL105C,YNL216W,0,-1.109762,0.14156626164913177,0.8022759556770325,0.4864864945411682
YOL023W,YPL118W,1,-1.1100023,0.14178168773651123,0.8036984205245972,0.4864864945411682
YPL059W,YDL020C,0,-1.1101207,0.14174611866474152,0.8036984205245972,0.4866287410259247
YOR010C,YOL008W,0,-1.1102117,0.141710564494133,0.8036984205245972,0.48677098751068115
YGL226W,YBL051C,0,-1.1109142,0.14167502522468567,0.8036984205245972,0.4869132339954376
YCR024C-A,YLL048C,0,-1.1117257,0.14163951575756073,0.8036984205245972,0.4870554804801941
YLR083C,YDL004W,0,-1.111855,0.1416040062904358,0.8036984205245972,0.48719772696495056
YNL071W,YDR032C,0,-1.1121256,0.14156852662563324,0.8036984205245972,0.48733997344970703
YAL019W,YDR145W,0,-1.1122823,0.14153306186199188,0.8036984205245972,0.4874822199344635
YIL127C,YBR114W,0,-1.112402,0.1414976269006729,0.8036984205245972,0.48762446641921997
YOR315W,YKL222C,0,-1.1125044,0.14146219193935394,0.8036984205245972,0.48776671290397644
YDL056W,YAL058W,0,-1.1126049,0.14142678678035736,0.8036984205245972,0.4879089593887329
YDR368W,YLR347C,0,-1.1128091,0.14139139652252197,0.8036984205245972,0.4880512058734894
YNL329C,YNL286W,0,-1.1129521,0.14135602116584778,0.8036984205245972,0.48819345235824585
YMR086W,YDR265W,0,-1.1133869,0.14132066071033478,0.8036984205245972,0.4883356988430023
YOL023W,YJR014W,1,-1.1134101,0.14153538644313812,0.8051208853721619,0.4883356988430023
YGL184C,YPL192C,0,-1.1136655,0.14149999618530273,0.8051208853721619,0.4884779453277588
YOR078W,YDR485C,0,-1.1136751,0.14146463572978973,0.8051208853721619,0.48862019181251526
YER157W,YPR165W,0,-1.113796,0.14142929017543793,0.8051208853721619,0.48876243829727173
YDR141C,YJL153C,0,-1.1138194,0.14139395952224731,0.8051208853721619,0.4889046847820282
YKL088W,YDR352W,0,-1.1138852,0.1413586437702179,0.8051208853721619,0.48904693126678467
YPR048W,YGL157W,0,-1.1141316,0.14132334291934967,0.8051208853721619,0.48918917775154114
YER069W,YDR329C,0,-1.1141847,0.14128807187080383,0.8051208853721619,0.4893314242362976
YNL158W,YDR225W,0,-1.1143137,0.141252800822258,0.8051208853721619,0.4894736707210541
YHR007C,YOR178C,0,-1.1146233,0.14121755957603455,0.8051208853721619,0.48961591720581055
YDR529C,YLR310C,0,-1.1147037,0.1411823332309723,0.8051208853721619,0.4897581934928894
YMR243C,YGL133W,0,-1.1149758,0.14114713668823242,0.8051208853721619,0.4899004399776459
YNL126W,YML093W,0,-1.114988,0.14111194014549255,0.8051208853721619,0.49004268646240234
YIL064W,YNL317W,0,-1.1150564,0.14107677340507507,0.8051208853721619,0.4901849329471588
YPR004C,YHR161C,0,-1.1151192,0.1410416215658188,0.8051208853721619,0.4903271794319153
YNL311C,YKL155C,0,-1.1153356,0.1410064846277237,0.8051208853721619,0.49046942591667175
YML082W,YNR026C,0,-1.1155162,0.1409713625907898,0.8051208853721619,0.4906116724014282
YNL247W,YKR099W,0,-1.115542,0.1409362554550171,0.8051208853721619,0.4907539188861847
YPL116W,YMR024W,0,-1.1156583,0.14090116322040558,0.8051208853721619,0.49089616537094116
YDR184C,YMR171C,0,-1.1159729,0.14086610078811646,0.8051208853721619,0.49103841185569763
YJR049C,YOL039W,0,-1.1163491,0.14083105325698853,0.8051208853721619,0.4911806583404541
YNL015W,YNR038W,0,-1.1163512,0.1407960206270218,0.8051208853721619,0.49132290482521057
YKL135C,YJL089W,0,-1.1165812,0.14076100289821625,0.8051208853721619,0.49146515130996704
YJR056C,YER062C,0,-1.1168439,0.1407260000705719,0.8051208853721619,0.4916073977947235
YPL210C,YNL035C,0,-1.1169387,0.14069102704524994,0.8051208853721619,0.49174964427948
YJL111W,YPL056C,0,-1.117097,0.14065606892108917,0.8051208853721619,0.49189189076423645
YML123C,YHR037W,0,-1.1172613,0.1406211107969284,0.8051208853721619,0.4920341372489929
YLL013C,YIL016W,0,-1.117485,0.14058618247509003,0.8051208853721619,0.4921763837337494
YNL083W,YDL201W,0,-1.1176411,0.14055128395557404,0.8051208853721619,0.49231863021850586
YBR212W,YGR247W,0,-1.1179279,0.14051638543605804,0.8051208853721619,0.49246087670326233
YBR035C,YAL025C,0,-1.117977,0.14048150181770325,0.8051208853721619,0.4926031231880188
YGL021W,YLR418C,0,-1.1179894,0.14044664800167084,0.8051208853721619,0.49274536967277527
YHR065C,YBR139W,0,-1.1183072,0.14041180908679962,0.8051208853721619,0.49288761615753174
YJL125C,YDL005C,0,-1.1184747,0.1403769850730896,0.8051208853721619,0.4930298626422882
YDL223C,YDR045C,0,-1.1187097,0.14034217596054077,0.8051208853721619,0.4931721091270447
YGR048W,YMR071C,0,-1.118893,0.14030738174915314,0.8051208853721619,0.49331435561180115
YOR007C,YPL224C,0,-1.1190524,0.1402726173400879,0.8051208853721619,0.4934566020965576
YMR242C,YHL009C,0,-1.1190614,0.14023785293102264,0.8051208853721619,0.4935988485813141
YHR023W,YPR183W,0,-1.1192242,0.14020311832427979,0.8051208853721619,0.49374109506607056
YNL326C,YAR015W,0,-1.1192963,0.14016839861869812,0.8051208853721619,0.4938833713531494
YOL138C,YDR055W,0,-1.1196226,0.14013369381427765,0.8051208853721619,0.4940256178379059
YNL065W,YLL006W,0,-1.1196477,0.14009900391101837,0.8051208853721619,0.49416786432266235
YKL135C,YOR341W,0,-1.1197536,0.14006434381008148,0.8051208853721619,0.4943101108074188
YLR421C,YDL025C,0,-1.1197575,0.1400296837091446,0.8051208853721619,0.4944523572921753
YOR267C,YNL154C,0,-1.1198092,0.1399950534105301,0.8051208853721619,0.49459460377693176
YJL184W,YPL141C,0,-1.1201378,0.13996043801307678,0.8051208853721619,0.49473685026168823
YLR121C,YOR234C,0,-1.1202148,0.13992583751678467,0.8051208853721619,0.4948790967464447
YMR131C,YIL066C,0,-1.1202519,0.13989125192165375,0.8051208853721619,0.49502134323120117
YDR283C,YKR059W,1,-1.120505,0.1401037871837616,0.8065434098243713,0.49502134323120117
YOR210W,YBL017C,0,-1.120605,0.1400691717863083,0.8065434098243713,0.49516358971595764
YHR107C,YLR259C,0,-1.1206872,0.14003457129001617,0.8065434098243713,0.4953058362007141
YHR167W,YDR377W,0,-1.1207628,0.14000000059604645,0.8065434098243713,0.4954480826854706
YHR045W,YNL069C,0,-1.1207687,0.13996544480323792,0.8065434098243713,0.49559032917022705
YML123C,YOR136W,0,-1.1207976,0.13993090391159058,0.8065434098243713,0.4957325756549835
YOL077W-A,YDR252W,0,-1.1208782,0.13989637792110443,0.8065434098243713,0.49587482213974
YKR042W,YDR231C,0,-1.1209887,0.13986186683177948,0.8065434098243713,0.49601706862449646
YPR008W,YLL011W,0,-1.12122,0.13982737064361572,0.8065434098243713,0.49615931510925293
YBR028C,YDR001C,0,-1.1213443,0.13979290425777435,0.8065434098243713,0.4963015615940094
YHR036W,YDR189W,0,-1.1214437,0.13975843787193298,0.8065434098243713,0.49644380807876587
YCR017C,YJR113C,0,-1.121493,0.139724001288414,0.8065434098243713,0.49658605456352234
YJL181W,YOR372C,0,-1.1215117,0.1396895796060562,0.8065434098243713,0.4967283010482788
YOR332W,YDR099W,0,-1.1217693,0.13965517282485962,0.8065434098243713,0.4968705475330353
YOR192C,YEL047C,0,-1.121931,0.13962078094482422,0.8065434098243713,0.49701279401779175
YMR244C-A,YGL219C,0,-1.121987,0.13958640396595,0.8065434098243713,0.4971550405025482
YOR254C,YIL111W,0,-1.122028,0.1395520567893982,0.8065434098243713,0.4972972869873047
YGR057C,YPR143W,0,-1.1220291,0.13951770961284637,0.8065434098243713,0.49743953347206116
YAR042W,YER026C,0,-1.1220547,0.13948339223861694,0.8065434098243713,0.4975817799568176
YER127W,YHR114W,0,-1.1222507,0.1394490897655487,0.8065434098243713,0.4977240264415741
YNR032C-A,YPL186C,0,-1.122489,0.13941480219364166,0.8065434098243713,0.49786627292633057
YPR181C,YPL177C,0,-1.1229329,0.1393805295228958,0.8065434098243713,0.4980085492134094
YNL181W,YPR070W,0,-1.1230946,0.13934627175331116,0.8065434098243713,0.4981507956981659
YNL288W,YJL180C,0,-1.1231623,0.1393120437860489,0.8065434098243713,0.49829304218292236
YLR074C,YDR252W,0,-1.1235204,0.13927781581878662,0.8065434098243713,0.49843528866767883
YCR073C,YMR221C,0,-1.1235728,0.13924361765384674,0.8065434098243713,0.4985775351524353
YPR106W,YLR333C,0,-1.1238792,0.13920943439006805,0.8065434098243713,0.4987197816371918
YPL118W,YJR014W,1,-1.1239209,0.13942071795463562,0.807965874671936,0.4987197816371918
YKL183W,YDR507C,0,-1.1239268,0.13938650488853455,0.807965874671936,0.49886202812194824
YGR234W,YLR399C,0,-1.1239522,0.13935230672359467,0.807965874671936,0.4990042746067047
YPL181W,YNR054C,0,-1.1239874,0.13931812345981598,0.807965874671936,0.4991465210914612
YDR127W,YML001W,0,-1.1240041,0.13928396999835968,0.807965874671936,0.49928876757621765
YOL092W,YDR130C,0,-1.1241616,0.13924981653690338,0.807965874671936,0.4994310140609741
YHR143W-A,YPR068C,0,-1.1242318,0.13921569287776947,0.807965874671936,0.4995732605457306
YOL001W,YGR279C,0,-1.1242329,0.13918156921863556,0.807965874671936,0.49971550703048706
YFR016C,YNR047W,0,-1.124254,0.13914747536182404,0.807965874671936,0.49985775351524353
YLR015W,YIR006C,0,-1.1243293,0.1391133964061737,0.807965874671936,0.5
YLR388W,YHR079C-A,0,-1.1244386,0.13907933235168457,0.807965874671936,0.5001422762870789
YHR165C,YOL019W,0,-1.1245087,0.13904528319835663,0.807965874671936,0.5002844929695129
YOL139C,YMR282C,1,-1.1245492,0.13925600051879883,0.8093883395195007,0.5002844929695129
YGL078C,YHR103W,0,-1.1249452,0.1392219215631485,0.8093883395195007,0.5004267692565918
YKR018C,YOL113W,0,-1.1250163,0.13918787240982056,0.8093883395195007,0.5005689859390259
YIR031C,YJL189W,0,-1.1251752,0.13915382325649261,0.8093883395195007,0.5007112622261047
YHL002W,YGL124C,0,-1.1252462,0.13911980390548706,0.8093883395195007,0.5008534789085388
YLR467W,YJL010C,0,-1.1252656,0.1390857994556427,0.8093883395195007,0.5009957551956177
YIL037C,YBR009C,0,-1.1252842,0.13905180990695953,0.8093883395195007,0.5011379718780518
YKL073W,YKL010C,0,-1.1253562,0.13901783525943756,0.8093883395195007,0.5012802481651306
YGR097W,YER142C,0,-1.1254613,0.13898387551307678,0.8093883395195007,0.5014224648475647
YDR540C,YOL120C,0,-1.1254885,0.1389499455690384,0.8093883395195007,0.5015647411346436
YOL094C,YJR161C,0,-1.12553,0.138916015625,0.8093883395195007,0.5017069578170776
YDL079C,YER124C,0,-1.1259723,0.138882115483284,0.8093883395195007,0.5018492341041565
YMR026C,YER176W,0,-1.1265684,0.138848215341568,0.8093883395195007,0.5019914507865906
YBR268W,YER081W,0,-1.1266514,0.13881434500217438,0.8093883395195007,0.5021337270736694
YGL173C,YDL043C,0,-1.126999,0.13878048956394196,0.8093883395195007,0.5022759437561035
YOL030W,YDR239C,0,-1.1271168,0.13874664902687073,0.8093883395195007,0.5024182200431824
YOR254C,YNL289W,0,-1.1272062,0.1387128233909607,0.8093883395195007,0.5025604367256165
YML081W,YGL093W,0,-1.1274375,0.13867901265621185,0.8093883395195007,0.5027027130126953
YCR077C,YPR086W,1,-1.1276118,0.1388888955116272,0.8108108043670654,0.5027027130126953
YDR065W,YKR077W,0,-1.1278117,0.13885505497455597,0.8108108043670654,0.5028449296951294
YDL180W,YNL051W,0,-1.1278689,0.13882124423980713,0.8108108043670654,0.5029872059822083
YML048W,YLR272C,0,-1.1279595,0.1387874335050583,0.8108108043670654,0.5031294226646423
YMR309C,YNL007C,1,-1.127969,0.13899707794189453,0.8122332692146301,0.5031294226646423
YPL118W,YER153C,1,-1.1279719,0.13920661807060242,0.8136557340621948,0.5031294226646423
YDL031W,YGR006W,0,-1.1280779,0.1391727477312088,0.8136557340621948,0.5032716989517212
YJR118C,YDR506C,0,-1.1284107,0.13913889229297638,0.8136557340621948,0.5034139156341553
YOL030W,YMR302C,0,-1.1284617,0.13910505175590515,0.8136557340621948,0.5035561919212341
YML041C,YNL063W,0,-1.1285129,0.1390712410211563,0.8136557340621948,0.5036984086036682
YJR017C,YDR331W,0,-1.1285524,0.13903743028640747,0.8136557340621948,0.5038406848907471
YDR300C,YEL063C,0,-1.128671,0.13900364935398102,0.8136557340621948,0.5039829015731812
YOL021C,YIR002C,0,-1.1288214,0.13896986842155457,0.8136557340621948,0.50412517786026
YNL007C,YOR361C,1,-1.1289397,0.1391790211200714,0.8150782585144043,0.50412517786026
YNR036C,YNL321W,0,-1.1290214,0.13914521038532257,0.8150782585144043,0.5042674541473389
YCL048W,YDR320C-A,0,-1.1292945,0.13911142945289612,0.8150782585144043,0.504409670829773
YDR180W,YBR030W,0,-1.1294045,0.13907766342163086,0.8150782585144043,0.5045519471168518
YKL035W,YJR068W,0,-1.1294662,0.139043927192688,0.8150782585144043,0.5046941637992859
YBL064C,YAL013W,0,-1.1296533,0.13901019096374512,0.8150782585144043,0.5048364400863647
YER093C,YIL136W,0,-1.1298076,0.13897646963596344,0.8150782585144043,0.5049786567687988
YBR288C,YBL057C,0,-1.1301228,0.13894277811050415,0.8150782585144043,0.5051209330558777
YPR181C,YKL198C,0,-1.1301411,0.13890908658504486,0.8150782585144043,0.5052631497383118
YHL026C,YNL061W,0,-1.1301845,0.13887542486190796,0.8150782585144043,0.5054054260253906
YDR420W,YCL075W,0,-1.1302792,0.13884177803993225,0.8150782585144043,0.5055476427078247
YBL082C,YBR175W,0,-1.1304481,0.13880814611911774,0.8150782585144043,0.5056899189949036
YBR302C,YJL050W,0,-1.1305406,0.13877452909946442,0.8150782585144043,0.5058321356773376
YJR056C,YNL090W,0,-1.1306657,0.1387409269809723,0.8150782585144043,0.5059744119644165
YNL023C,YPL101W,0,-1.1310078,0.13870733976364136,0.8150782585144043,0.5061166286468506
YDR516C,YEL019C,0,-1.1310583,0.13867376744747162,0.8150782585144043,0.5062589049339294
YGR183C,YDR348C,0,-1.1310825,0.13864021003246307,0.8150782585144043,0.5064011216163635
YBR121C,YHL016C,0,-1.1312429,0.13860668241977692,0.8150782585144043,0.5065433979034424
YOL023W,YNL062C,1,-1.1313908,0.1388150006532669,0.816500723361969,0.5065433979034424
YEL002C,YDL122W,0,-1.1315039,0.13878142833709717,0.816500723361969,0.5066856145858765
YDR036C,YLR068W,0,-1.1315384,0.13874788582324982,0.816500723361969,0.5068278908729553
YBR131W,YGL079W,0,-1.1315523,0.13871435821056366,0.816500723361969,0.5069701075553894
YOR205C,YNR020C,0,-1.1316801,0.1386808454990387,0.816500723361969,0.5071123838424683
YIL044C,YER044C-A,0,-1.1318272,0.13864734768867493,0.816500723361969,0.5072546005249023
YGR261C,YMR092C,0,-1.131916,0.13861386477947235,0.816500723361969,0.5073968768119812
YOR360C,YNL020C,0,-1.1320502,0.13858039677143097,0.816500723361969,0.5075390934944153
YGL049C,YOL139C,1,-1.1324201,0.13878831267356873,0.8179231882095337,0.5075390934944153
YNL245C,YGR061C,0,-1.1328505,0.13875482976436615,0.8179231882095337,0.5076813697814941
YJR058C,YOR290C,0,-1.132879,0.13872134685516357,0.8179231882095337,0.5078235864639282
YOL105C,YPL177C,0,-1.1329347,0.1386878937482834,0.8179231882095337,0.5079658627510071
YBR227C,YHL020C,0,-1.1329505,0.1386544555425644,0.8179231882095337,0.5081080794334412
YIL160C,YGL126W,0,-1.1329618,0.1386210173368454,0.8179231882095337,0.50825035572052
YDR323C,YOL092W,0,-1.1330436,0.1385876089334488,0.8179231882095337,0.5083926320075989
YDR443C,YLR096W,0,-1.1332121,0.13855421543121338,0.8179231882095337,0.508534848690033
YGR030C,YNR040W,0,-1.1333264,0.13852083683013916,0.8179231882095337,0.5086771249771118
YOR336W,YLL053C,0,-1.133364,0.13848747313022614,0.8179231882095337,0.5088193416595459
YDR056C,YGR007W,0,-1.1335838,0.1384541243314743,0.8179231882095337,0.5089616179466248
YGL049C,YGL107C,1,-1.1343348,0.13866153359413147,0.8193456530570984,0.5089616179466248
YGR104C,YDR016C,0,-1.1343855,0.13862815499305725,0.8193456530570984,0.5091038346290588
YKR079C,YBL006C,0,-1.1345077,0.13859480619430542,0.8193456530570984,0.5092461109161377
YPL116W,YPL141C,0,-1.1346449,0.1385614573955536,0.8193456530570984,0.5093883275985718
YOL061W,YDR100W,0,-1.1347053,0.13852813839912415,0.8193456530570984,0.5095306038856506
YFR006W,YER011W,0,-1.134815,0.1384948343038559,0.8193456530570984,0.5096728205680847
YGR217W,YJL044C,0,-1.1348373,0.13846154510974884,0.8193456530570984,0.5098150968551636
YOR179C,YIR012W,0,-1.1350315,0.13842825591564178,0.8193456530570984,0.5099573135375977
YDR326C,YOR290C,0,-1.1350464,0.13839499652385712,0.8193456530570984,0.5100995898246765
YJR076C,YDR298C,0,-1.1350672,0.13836175203323364,0.8193456530570984,0.5102418065071106
YMR242C,YLR260W,0,-1.1351151,0.13832853734493256,0.8193456530570984,0.5103840827941895
YNL217W,YLR045C,0,-1.1356021,0.13829532265663147,0.8193456530570984,0.5105262994766235
YGL049C,YPR086W,1,-1.1357158,0.13850216567516327,0.8207681179046631,0.5105262994766235
YNR051C,YJL139C,0,-1.1358101,0.1384689211845398,0.8207681179046631,0.5106685757637024
YOR391C,YNL169C,0,-1.1359409,0.1384357064962387,0.8207681179046631,0.5108107924461365
YIR031C,YJL102W,0,-1.1360393,0.13840249180793762,0.8207681179046631,0.5109530687332153
YGR030C,YPR131C,0,-1.1361755,0.13836930692195892,0.8207681179046631,0.5110952854156494
YHR005C,YML111W,0,-1.1362832,0.13833613693714142,0.8207681179046631,0.5112375617027283
YAL009W,YOL084W,0,-1.1363018,0.1383029669523239,0.8207681179046631,0.5113797783851624
YNL106C,YGR208W,0,-1.1366545,0.1382698267698288,0.8207681179046631,0.5115220546722412
YHR036W,YHR154W,0,-1.1368461,0.13823670148849487,0.8207681179046631,0.5116642713546753
YMR163C,YML106W,0,-1.1368699,0.13820359110832214,0.8207681179046631,0.5118065476417542
YIL038C,YJL186W,0,-1.1371865,0.1381704956293106,0.8207681179046631,0.5119487643241882
YMR009W,YOR075W,0,-1.1371877,0.13813741505146027,0.8207681179046631,0.5120910406112671
YKL033W,YML131W,0,-1.1371974,0.13810434937477112,0.8207681179046631,0.5122332572937012
YBR131W,YML127W,0,-1.1372259,0.13807131350040436,0.8207681179046631,0.51237553358078
YOL098C,YJR068W,0,-1.1376592,0.1380382776260376,0.8207681179046631,0.5125178098678589
YHR167W,YML045W,0,-1.1377113,0.13800525665283203,0.8207681179046631,0.512660026550293
YPR131C,YIL087C,0,-1.137872,0.13797226548194885,0.8207681179046631,0.5128023028373718
YGR132C,YBL087C,0,-1.1380911,0.13793927431106567,0.8207681179046631,0.5129445195198059
YDR350C,YMR275C,0,-1.1386607,0.13790631294250488,0.8207681179046631,0.5130867958068848
YHR035W,YPL175W,0,-1.1389849,0.1378733515739441,0.8207681179046631,0.5132290124893188
YNR045W,YBR298C,0,-1.1390815,0.1378404200077057,0.8207681179046631,0.5133712887763977
YOL023W,YPL237W,1,-1.13956,0.13804633915424347,0.8221905827522278,0.5133712887763977
YLR233C,YNL339C,0,-1.140171,0.13801337778568268,0.8221905827522278,0.5135135054588318
YOL002C,YBR039W,0,-1.14028,0.13798043131828308,0.8221905827522278,0.5136557817459106
YGR090W,YHR104W,0,-1.1403437,0.13794749975204468,0.8221905827522278,0.5137979984283447
YDL178W,YGL029W,0,-1.1403657,0.13791458308696747,0.8221905827522278,0.5139402747154236
YKL221W,YOL075C,0,-1.1404946,0.13788168132305145,0.8221905827522278,0.5140824913978577
YDR127W,YCR010C,0,-1.1406679,0.13784879446029663,0.8221905827522278,0.5142247676849365
YBR156C,YPL141C,0,-1.141048,0.137815922498703,0.8221905827522278,0.5143669843673706
YPR140W,YNL066W,0,-1.1410624,0.13778308033943176,0.8221905827522278,0.5145092606544495
YLR060W,YDR402C,0,-1.1418114,0.13775023818016052,0.8221905827522278,0.5146514773368835
YBL008W,YLR225C,0,-1.1418422,0.13771741092205048,0.8221905827522278,0.5147937536239624
YDR041W,YIL119C,0,-1.141999,0.13768461346626282,0.8221905827522278,0.5149359703063965
YGR059W,YIL078W,0,-1.1420696,0.13765181601047516,0.8221905827522278,0.5150782465934753
YLL013C,YPL198W,0,-1.1420774,0.1376190483570099,0.8221905827522278,0.5152204632759094
YDR065W,YKL099C,0,-1.1422293,0.1375862956047058,0.8221905827522278,0.5153627395629883
YOR383C,YCL030C,0,-1.1422405,0.13755354285240173,0.8221905827522278,0.5155049562454224
YPR058W,YJL181W,0,-1.1422985,0.13752081990242004,0.8221905827522278,0.5156472325325012
YGR195W,YOL157C,0,-1.1423669,0.13748811185359955,0.8221905827522278,0.5157894492149353
YDR212W,YGR005C,0,-1.1423693,0.13745540380477905,0.8221905827522278,0.5159317255020142
YDR143C,YGR207C,0,-1.1424772,0.13742272555828094,0.8221905827522278,0.5160739421844482
YLR220W,YDR239C,0,-1.1425054,0.13739006221294403,0.8221905827522278,0.5162162184715271
YMR204C,YLR388W,0,-1.1427486,0.1373574137687683,0.8221905827522278,0.5163584351539612
YJL094C,YNL220W,0,-1.1429725,0.13732478022575378,0.8221905827522278,0.51650071144104
YCL066W,YHL016C,0,-1.1432223,0.13729216158390045,0.8221905827522278,0.5166429877281189
YBL006C,YHR181W,0,-1.1433216,0.1372595578432083,0.8221905827522278,0.516785204410553
YCL064C,YMR225C,0,-1.1433797,0.13722696900367737,0.8221905827522278,0.5169274806976318
YDR341C,YKL145W,0,-1.1438556,0.13719439506530762,0.8221905827522278,0.5170696973800659
YDR468C,YLR304C,0,-1.1439693,0.13716183602809906,0.8221905827522278,0.5172119736671448
YGR129W,YMR070W,0,-1.144072,0.1371293067932129,0.8221905827522278,0.5173541903495789
YOR348C,YLL011W,0,-1.1441876,0.13709677755832672,0.8221905827522278,0.5174964666366577
YLR239C,YHR076W,0,-1.1444407,0.13706426322460175,0.8221905827522278,0.5176386833190918
YER014W,YER056C-A,0,-1.1446148,0.13703176379203796,0.8221905827522278,0.5177809596061707
YHR018C,YNL310C,0,-1.1449445,0.13699929416179657,0.8221905827522278,0.5179231762886047
YBR231C,YDL033C,0,-1.1455015,0.13696682453155518,0.8221905827522278,0.5180654525756836
YDR139C,YKL116C,0,-1.1455548,0.13693436980247498,0.8221905827522278,0.5182076692581177
YBR160W,YOL052C-A,0,-1.1457045,0.13690194487571716,0.8221905827522278,0.5183499455451965
YJL157C,YLR304C,0,-1.145736,0.13686951994895935,0.8221905827522278,0.5184921622276306
YML055W,YOL084W,0,-1.1459875,0.13683712482452393,0.8221905827522278,0.5186344385147095
YAL061W,YDL076C,0,-1.1461707,0.1368047297000885,0.8221905827522278,0.5187766551971436
YER174C,YPL015C,0,-1.1463323,0.13677236437797546,0.8221905827522278,0.5189189314842224
YOL067C,YDL075W,0,-1.1463752,0.13673999905586243,0.8221905827522278,0.5190611481666565
YCR069W,YDL031W,0,-1.1464067,0.13670766353607178,0.8221905827522278,0.5192034244537354
YOR198C,YMR257C,0,-1.1464515,0.13667534291744232,0.8221905827522278,0.5193456411361694
YLR453C,YCL075W,0,-1.1464815,0.13664302229881287,0.8221905827522278,0.5194879174232483
YHR204W,YOR267C,0,-1.1465392,0.1366107314825058,0.8221905827522278,0.5196301341056824
YER166W,YHR139C,0,-1.1465582,0.13657845556735992,0.8221905827522278,0.5197724103927612
YOR383C,YJR075W,0,-1.1467319,0.13654617965221405,0.8221905827522278,0.5199146270751953
YGR067C,YPL101W,0,-1.1470385,0.13651393353939056,0.8221905827522278,0.5200569033622742
YBL013W,YNL062C,1,-1.1473193,0.13671782612800598,0.8236131072044373,0.5200569033622742
YJR091C,YGR040W,0,-1.147645,0.1366855502128601,0.8236131072044373,0.5201991200447083
YML014W,YHR146W,0,-1.1477726,0.13665328919887543,0.8236131072044373,0.5203413963317871
YDR097C,YBR166C,0,-1.1483384,0.13662104308605194,0.8236131072044373,0.5204836130142212
YDR079C-A,YLL036C,0,-1.1484467,0.13658881187438965,0.8236131072044373,0.5206258893013
YBR186W,YOR064C,0,-1.1486615,0.13655661046504974,0.8236131072044373,0.5207681655883789
YOR049C,YMR022W,0,-1.1488266,0.13652440905570984,0.8236131072044373,0.520910382270813
YJL156C,YHR141C,0,-1.1490272,0.13649222254753113,0.8236131072044373,0.5210526585578918
YPR025C,YPR041W,1,-1.1491799,0.1366957277059555,0.825035572052002,0.5210526585578918
YDR400W,YHL007C,0,-1.1492834,0.1366635262966156,0.825035572052002,0.5211948752403259
YJL125C,YNL194C,0,-1.1493073,0.1366313248872757,0.825035572052002,0.5213371515274048
YML081C-A,YCR063W,0,-1.1493227,0.13659915328025818,0.825035572052002,0.5214793682098389
YPL118W,YBL013W,1,-1.1494019,0.13680244982242584,0.8264580368995667,0.5214793682098389
YGL175C,YPL086C,0,-1.1494997,0.13677024841308594,0.8264580368995667,0.5216216444969177
YKR098C,YDL211C,0,-1.1497018,0.13673806190490723,0.8264580368995667,0.5217638611793518
YOR039W,YCL026C-A,0,-1.1497092,0.13670587539672852,0.8264580368995667,0.5219061374664307
YKL012W,YBL071W-A,0,-1.1498039,0.1366737186908722,0.8264580368995667,0.5220483541488647
YJR155W,YHR124W,0,-1.1500347,0.13664157688617706,0.8264580368995667,0.5221906304359436
YHR128W,YPL076W,0,-1.1501795,0.13660944998264313,0.8264580368995667,0.5223328471183777
YPL101W,YBR241C,0,-1.150638,0.13657733798027039,0.8264580368995667,0.5224751234054565
YOR270C,YNL061W,0,-1.1509607,0.13654524087905884,0.8264580368995667,0.5226173400878906
YPL210C,YML102W,0,-1.1510777,0.13651315867900848,0.8264580368995667,0.5227596163749695
YOR221C,YPL090C,0,-1.1513175,0.13648109138011932,0.8264580368995667,0.5229018330574036
YOR224C,YBR139W,0,-1.151619,0.13644903898239136,0.8264580368995667,0.5230441093444824
YJR086W,YBL004W,0,-1.1520238,0.13641700148582458,0.8264580368995667,0.5231863260269165
YGR068C,YCL017C,0,-1.1523448,0.136384978890419,0.8264580368995667,0.5233286023139954
YKL048C,YDR348C,0,-1.1524663,0.13635297119617462,0.8264580368995667,0.5234708189964294
YDR079C-A,YLR214W,0,-1.153306,0.13632097840309143,0.8264580368995667,0.5236130952835083
YLR064W,YKR089C,0,-1.1535468,0.13628900051116943,0.8264580368995667,0.5237553119659424
YML058W,YKL198C,0,-1.153554,0.13625703752040863,0.8264580368995667,0.5238975882530212
YMR183C,YFR025C,0,-1.1536307,0.13622508943080902,0.8264580368995667,0.5240398049354553
YHR210C,YNL112W,0,-1.1538466,0.1361931562423706,0.8264580368995667,0.5241820812225342
YDR113C,YKR096W,0,-1.154044,0.13616123795509338,0.8264580368995667,0.5243242979049683
YEL021W,YBR289W,0,-1.1540723,0.13612933456897736,0.8264580368995667,0.5244665741920471
YLR340W,YGR138C,0,-1.1541507,0.13609744608402252,0.8264580368995667,0.5246087908744812
YHR102W,YOR247W,0,-1.154411,0.13606557250022888,0.8264580368995667,0.5247510671615601
YPL249C-A,YFL044C,0,-1.1544935,0.13603371381759644,0.8264580368995667,0.5248933434486389
YJR033C,YDR147W,0,-1.1549017,0.13600187003612518,0.8264580368995667,0.525035560131073
YNR037C,YDR135C,0,-1.154916,0.13597004115581512,0.8264580368995667,0.5251778364181519
YGR174C,YBR046C,0,-1.1552614,0.13593822717666626,0.8264580368995667,0.5253200531005859
YKL163W,YLR413W,0,-1.1553433,0.1359064280986786,0.8264580368995667,0.5254623293876648
YHR089C,YPL204W,0,-1.1555676,0.1358746439218521,0.8264580368995667,0.5256045460700989
YML113W,YGR014W,0,-1.155674,0.13584287464618683,0.8264580368995667,0.5257468223571777
YLR403W,YIL078W,0,-1.1557215,0.13581112027168274,0.8264580368995667,0.5258890390396118
YLR256W,YDL145C,0,-1.155836,0.13577938079833984,0.8264580368995667,0.5260313153266907
YOR329C,YIR034C,0,-1.1560361,0.13574765622615814,0.8264580368995667,0.5261735320091248
YFL018C,YNL142W,0,-1.1561338,0.13571596145629883,0.8264580368995667,0.5263158082962036
YER131W,YPL020C,0,-1.1565368,0.13568426668643951,0.8264580368995667,0.5264580249786377
YCL039W,YML001W,0,-1.1568067,0.1356525868177414,0.8264580368995667,0.5266003012657166
YDR471W,YBR295W,0,-1.1570222,0.13562092185020447,0.8264580368995667,0.5267425179481506
YJL143W,YPL224C,0,-1.1570449,0.13558927178382874,0.8264580368995667,0.5268847942352295
YPR199C,YHL007C,0,-1.1570463,0.1355576366186142,0.8264580368995667,0.5270270109176636
YGR132C,YHR088W,0,-1.1577104,0.13552600145339966,0.8264580368995667,0.5271692872047424
YAL047C,YGR279C,0,-1.1579833,0.1354943960905075,0.8264580368995667,0.5273115038871765
YLR007W,YIL030C,0,-1.1584482,0.13546280562877655,0.8264580368995667,0.5274537801742554
YBR188C,YOL030W,0,-1.1586072,0.1354312300682068,0.8264580368995667,0.5275959968566895
YDR320C,YLR283W,0,-1.1587279,0.13539966940879822,0.8264580368995667,0.5277382731437683
YNL293W,YLR265C,0,-1.1587499,0.13536812365055084,0.8264580368995667,0.5278804898262024
YPR103W,YER142C,0,-1.1588125,0.13533659279346466,0.8264580368995667,0.5280227661132812
YJL145W,YPR057W,0,-1.158832,0.13530507683753967,0.8264580368995667,0.5281649827957153
YHR003C,YNL051W,0,-1.1588488,0.13527357578277588,0.8264580368995667,0.5283072590827942
YER184C,YKR095W,0,-1.1589124,0.13524208962917328,0.8264580368995667,0.5284494757652283
YIR017C,YJL102W,0,-1.1595008,0.13521061837673187,0.8264580368995667,0.5285917520523071
YBL003C,YNL051W,0,-1.1595147,0.13517914712429047,0.8264580368995667,0.5287339687347412
YBL040C,YOL084W,0,-1.159556,0.13514770567417145,0.8264580368995667,0.5288762450218201
YNR008W,YNL286W,0,-1.159677,0.13511627912521362,0.8264580368995667,0.5290185213088989
YLL021W,YLR032W,0,-1.1598411,0.135084867477417,0.8264580368995667,0.529160737991333
YDR368W,YOR245C,0,-1.1599755,0.13505347073078156,0.8264580368995667,0.5293030142784119
YLR196W,YCL026C-A,0,-1.1601057,0.13502207398414612,0.8264580368995667,0.529445230960846
YBR152W,YER088C,0,-1.1602663,0.13499070703983307,0.8264580368995667,0.5295875072479248
YHR005C,YMR152W,0,-1.160455,0.1349593549966812,0.8264580368995667,0.5297297239303589
YOR234C,YAL062W,0,-1.1604664,0.13492800295352936,0.8264580368995667,0.5298720002174377
YPR025C,YCR077C,1,-1.1606824,0.13512885570526123,0.8278805017471313,0.5298720002174377
YNR050C,YKL192C,0,-1.1607726,0.13509748876094818,0.8278805017471313,0.5300142168998718
YCR102C,YCL061C,0,-1.1609309,0.13506613671779633,0.8278805017471313,0.5301564931869507
YBR043C,YLR265C,0,-1.1611015,0.13503479957580566,0.8278805017471313,0.5302987098693848
YLR246W,YGR170W,0,-1.1615635,0.1350034773349762,0.8278805017471313,0.5304409861564636
YDR532C,YLR237W,0,-1.1617903,0.13497216999530792,0.8278805017471313,0.5305832028388977
YDR091C,YER153C,1,-1.1619453,0.1351727396249771,0.829302966594696,0.5305832028388977
YDR297W,YJL063C,0,-1.1619982,0.13514140248298645,0.829302966594696,0.5307254791259766
YLR318W,YJL097W,0,-1.1622187,0.13511008024215698,0.829302966594696,0.5308676958084106
YGR133W,YFR034C,0,-1.162773,0.1350787729024887,0.829302966594696,0.5310099720954895
YDL002C,YFR047C,0,-1.1627891,0.13504748046398163,0.829302966594696,0.5311521887779236
YML131W,YIR036C,0,-1.1628747,0.13501621782779694,0.829302966594696,0.5312944650650024
YPR025C,YNL244C,1,-1.1629806,0.13521648943424225,0.8307254910469055,0.5312944650650024
YMR195W,YHR024C,0,-1.1629888,0.13518518209457397,0.8307254910469055,0.5314366817474365
YDL117W,YNL291C,0,-1.1630211,0.1351539045572281,0.8307254910469055,0.5315789580345154
YIL103W,YMR037C,0,-1.1633115,0.1351226270198822,0.8307254910469055,0.5317211747169495
YJR022W,YOR247W,0,-1.1633778,0.1350913643836975,0.8307254910469055,0.5318634510040283
YGR241C,YOL126C,0,-1.1634026,0.1350601315498352,0.8307254910469055,0.5320056676864624
YDR162C,YGL047W,0,-1.1634235,0.1350288987159729,0.8307254910469055,0.5321479439735413
YBR229C,YOR092W,0,-1.1634588,0.13499769568443298,0.8307254910469055,0.5322901606559753
YGR135W,YDR213W,0,-1.1635928,0.13496649265289307,0.8307254910469055,0.5324324369430542
YAR071W,YCR033W,0,-1.1636608,0.13493530452251434,0.8307254910469055,0.5325746536254883
YIR003W,YPL146C,0,-1.1637053,0.13490413129329681,0.8307254910469055,0.5327169299125671
YLR188W,YCR067C,0,-1.1638653,0.13487297296524048,0.8307254910469055,0.5328591465950012
YER139C,YBR214W,0,-1.1639379,0.13484184443950653,0.8307254910469055,0.5330014228820801
YFR055W,YBL014C,0,-1.1641386,0.13481071591377258,0.8307254910469055,0.5331436991691589
YEL020C,YLR385C,0,-1.1641716,0.13477960228919983,0.8307254910469055,0.533285915851593
YDR346C,YDR111C,0,-1.164183,0.13474850356578827,0.8307254910469055,0.5334281921386719
YLR287C-A,YJL076W,0,-1.1643898,0.1347174197435379,0.8307254910469055,0.533570408821106
YNR050C,YMR104C,0,-1.1645186,0.13468635082244873,0.8307254910469055,0.5337126851081848
YGR037C,YFR042W,0,-1.1646197,0.13465529680252075,0.8307254910469055,0.5338549017906189
YJL156C,YPL012W,0,-1.1648903,0.13462425768375397,0.8307254910469055,0.5339971780776978
YJL078C,YGL045W,0,-1.1650167,0.13459321856498718,0.8307254910469055,0.5341393947601318
YGL245W,YBR127C,0,-1.1654634,0.13456220924854279,0.8307254910469055,0.5342816710472107
YKL193C,YHR046C,0,-1.1656955,0.13453121483325958,0.8307254910469055,0.5344238877296448
YMR004W,YHR010W,0,-1.1657801,0.13450023531913757,0.8307254910469055,0.5345661640167236
YHR018C,YCR069W,0,-1.1659708,0.13446925580501556,0.8307254910469055,0.5347083806991577
YHL017W,YHR207C,0,-1.1661441,0.13443830609321594,0.8307254910469055,0.5348506569862366
YMR055C,YGL008C,0,-1.1661493,0.13440737128257751,0.8307254910469055,0.5349928736686707
YOR337W,YJR054W,0,-1.1662465,0.1343764364719391,0.8307254910469055,0.5351351499557495
YMR309C,YDR117C,1,-1.1662493,0.13457557559013367,0.8321479558944702,0.5351351499557495
YGL001C,YCR066W,0,-1.1664296,0.13454461097717285,0.8321479558944702,0.5352773666381836
YMR072W,YGL021W,0,-1.1666028,0.13451367616653442,0.8321479558944702,0.5354196429252625
YJL102W,YDL126C,0,-1.1666116,0.1344827562570572,0.8321479558944702,0.5355618596076965
YNL212W,YLR221C,0,-1.1669538,0.13445185124874115,0.8321479558944702,0.5357041358947754
YDR320C-A,YPL008W,0,-1.1671414,0.1344209611415863,0.8321479558944702,0.5358463525772095
YDR452W,YDR242W,0,-1.1671681,0.13439007103443146,0.8321479558944702,0.5359886288642883
YFR041C,YHR025W,0,-1.167248,0.134359210729599,0.8321479558944702,0.5361308455467224
YHR202W,YCL045C,0,-1.1673005,0.13432836532592773,0.8321479558944702,0.5362731218338013
YDL042C,YLL053C,0,-1.167579,0.13429751992225647,0.8321479558944702,0.5364153385162354
YKL216W,YIL010W,0,-1.1677718,0.1342667043209076,0.8321479558944702,0.5365576148033142
YOR124C,YHL009C,0,-1.1678604,0.13423588871955872,0.8321479558944702,0.5366998314857483
YDR184C,YLR381W,0,-1.1682767,0.13420508801937103,0.8321479558944702,0.5368421077728271
YLR106C,YGR227W,0,-1.168535,0.13417431712150574,0.8321479558944702,0.5369843244552612
YAL068C,YAR008W,0,-1.1686985,0.13414354622364044,0.8321479558944702,0.5371266007423401
YGL053W,YPR055W,0,-1.1688341,0.13411279022693634,0.8321479558944702,0.537268877029419
YDR273W,YGR080W,0,-1.1688815,0.13408204913139343,0.8321479558944702,0.537411093711853
YJR048W,YDL072C,0,-1.1689167,0.13405132293701172,0.8321479558944702,0.5375533699989319
YEL061C,YMR262W,0,-1.1691823,0.1340206116437912,0.8321479558944702,0.537695586681366
YLR019W,YJL180C,0,-1.1693556,0.13398991525173187,0.8321479558944702,0.5378378629684448
YFR040W,YGL045W,0,-1.1694416,0.13395923376083374,0.8321479558944702,0.5379800796508789
YDR283C,YMR260C,1,-1.1696403,0.13415750861167908,0.8335704207420349,0.5379800796508789
YMR041C,YPL111W,0,-1.1699907,0.13412679731845856,0.8335704207420349,0.5381223559379578
YNL299W,YKL028W,0,-1.1700094,0.13409611582756042,0.8335704207420349,0.5382645726203918
YDL103C,YOR295W,0,-1.1702455,0.1340654343366623,0.8335704207420349,0.5384068489074707
YMR042W,YJR044C,0,-1.1705588,0.13403476774692535,0.8335704207420349,0.5385490655899048
YCR003W,YKL139W,0,-1.170582,0.1340041160583496,0.8335704207420349,0.5386913418769836
YOL154W,YML054C,0,-1.1707506,0.13397347927093506,0.8335704207420349,0.5388335585594177
YKL017C,YLR356W,0,-1.1707792,0.1339428573846817,0.8335704207420349,0.5389758348464966
YHR166C,YOL044W,0,-1.1709588,0.13391225039958954,0.8335704207420349,0.5391180515289307
YMR281W,YHL038C,0,-1.1711483,0.13388165831565857,0.8335704207420349,0.5392603278160095
YIL010W,YDR142C,0,-1.1711702,0.1338510662317276,0.8335704207420349,0.5394025444984436
YJR077C,YGL253W,0,-1.1714399,0.13382050395011902,0.8335704207420349,0.5395448207855225
YPR199C,YMR323W,0,-1.1716714,0.13378995656967163,0.8335704207420349,0.5396870374679565
YAL035W,YMR282C,1,-1.1724075,0.1339876800775528,0.8349928855895996,0.5396870374679565
YPR025C,YMR260C,1,-1.1727326,0.1341852992773056,0.8364153504371643,0.5396870374679565
YCL017C,YIL010W,0,-1.1727507,0.13415469229221344,0.8364153504371643,0.5398293137550354
YKL043W,YOR308C,0,-1.1728145,0.13412408530712128,0.8364153504371643,0.5399715304374695
YJR161C,YGR099W,0,-1.1728251,0.1340934932231903,0.8364153504371643,0.5401138067245483
YLR015W,YGL058W,0,-1.172847,0.13406293094158173,0.8364153504371643,0.5402560234069824
YER015W,YIL113W,0,-1.1729152,0.13403236865997314,0.8364153504371643,0.5403982996940613
YMR134W,YER122C,0,-1.1731067,0.13400182127952576,0.8364153504371643,0.5405405163764954
YGL245W,YLL026W,0,-1.1731818,0.13397128880023956,0.8364153504371643,0.5406827926635742
YDL018C,YLR225C,0,-1.1732689,0.13394077122211456,0.8364153504371643,0.5408250093460083
YGR029W,YNL315C,0,-1.1734273,0.13391026854515076,0.8364153504371643,0.5409672856330872
YJL133W,YMR288W,0,-1.1736944,0.13387978076934814,0.8364153504371643,0.5411095023155212
YDR069C,YDR529C,0,-1.1740084,0.13384930789470673,0.8364153504371643,0.5412517786026001
YIL065C,YHR157W,0,-1.1740484,0.1338188499212265,0.8364153504371643,0.541394054889679
YGL049C,YOR260W,1,-1.174062,0.13401593267917633,0.837837815284729,0.541394054889679
YPL225W,YGR099W,0,-1.1742749,0.13398544490337372,0.837837815284729,0.541536271572113
YOR254C,YIL041W,0,-1.1746144,0.1339549720287323,0.837837815284729,0.5416785478591919
YOR375C,YDL020C,0,-1.1748638,0.13392451405525208,0.837837815284729,0.541820764541626
YKL141W,YCR009C,0,-1.1751187,0.13389407098293304,0.837837815284729,0.5419630408287048
YML013W,YDR320C-A,0,-1.175385,0.1338636428117752,0.837837815284729,0.5421052575111389
YPR032W,YLR035C,0,-1.1754766,0.13383321464061737,0.837837815284729,0.5422475337982178
YMR021C,YER056C,0,-1.1755683,0.13380281627178192,0.837837815284729,0.5423897504806519
YDR182W,YGL029W,0,-1.1757712,0.13377243280410767,0.837837815284729,0.5425320267677307
YCR092C,YBL036C,0,-1.175834,0.1337420493364334,0.837837815284729,0.5426742434501648
YLR307W,YLR221C,0,-1.1760311,0.13371169567108154,0.837837815284729,0.5428165197372437
YER001W,YOL067C,0,-1.1763577,0.13368134200572968,0.837837815284729,0.5429587364196777
YGL160W,YGL047W,0,-1.1764017,0.133651003241539,0.837837815284729,0.5431010127067566
YPR133C,YNL300W,0,-1.1765267,0.13362069427967072,0.837837815284729,0.5432432293891907
YNL118C,YKL043W,0,-1.1767993,0.13359038531780243,0.837837815284729,0.5433855056762695
YBR091C,YGL139W,0,-1.176837,0.13356009125709534,0.837837815284729,0.5435277223587036
YER096W,YOR259C,0,-1.1769226,0.13352981209754944,0.837837815284729,0.5436699986457825
YML064C,YDR077W,0,-1.1774786,0.13349954783916473,0.837837815284729,0.5438122153282166
YGL049C,YCR077C,1,-1.1775869,0.13369590044021606,0.8392603397369385,0.5438122153282166
YDR224C,YPL135W,0,-1.1776679,0.13366560637950897,0.8392603397369385,0.5439544916152954
YNL062C,YPR086W,1,-1.1776774,0.13386183977127075,0.8406828045845032,0.5439544916152954
YGL257C,YOR265W,0,-1.1776975,0.13383151590824127,0.8406828045845032,0.5440967082977295
YHR110W,YNL233W,0,-1.1777399,0.13380122184753418,0.8406828045845032,0.5442389845848083
YOL056W,YDR002W,0,-1.1778748,0.13377094268798828,0.8406828045845032,0.5443812012672424
YIL064W,YOR172W,0,-1.1781352,0.13374066352844238,0.8406828045845032,0.5445234775543213
YJL186W,YIL107C,0,-1.1782448,0.13371041417121887,0.8406828045845032,0.5446656942367554
YIR019C,YDL149W,0,-1.1784154,0.13368016481399536,0.8406828045845032,0.5448079705238342
YLR037C,YDR261C,0,-1.1788024,0.13364993035793304,0.8406828045845032,0.5449501872062683
YGR135W,YGR125W,0,-1.1788932,0.13361971080303192,0.8406828045845032,0.5450924634933472
YOR295W,YDL025C,0,-1.1789889,0.133589506149292,0.8406828045845032,0.5452346801757812
YAL044C,YPL169C,0,-1.1790447,0.13355931639671326,0.8406828045845032,0.5453769564628601
YCR105W,YEL038W,0,-1.1794529,0.13352914154529572,0.8406828045845032,0.545519232749939
YEL065W,YOR320C,0,-1.1795111,0.13349898159503937,0.8406828045845032,0.545661449432373
YBR001C,YLR174W,0,-1.1796627,0.1334688365459442,0.8406828045845032,0.5458037257194519
YGL001C,YDR293C,0,-1.1799566,0.13343870639801025,0.8406828045845032,0.545945942401886
YDR107C,YOR330C,0,-1.1800268,0.1334085762500763,0.8406828045845032,0.5460882186889648
YGL129C,YIL090W,0,-1.1800748,0.13337847590446472,0.8406828045845032,0.5462304353713989
YDR056C,YMR189W,0,-1.1800883,0.13334837555885315,0.8406828045845032,0.5463727116584778
YBR253W,YDR212W,0,-1.1801296,0.13331829011440277,0.8406828045845032,0.5465149283409119
YNR047W,YCL031C,0,-1.1803999,0.13328823447227478,0.8406828045845032,0.5466572046279907
YML018C,YDR129C,0,-1.1806375,0.1332581788301468,0.8406828045845032,0.5467994213104248
YPL255W,YLR139C,0,-1.1807063,0.13322813808918,0.8406828045845032,0.5469416975975037
YNL330C,YKR024C,0,-1.1808069,0.1331981122493744,0.8406828045845032,0.5470839142799377
YMR041C,YCL045C,0,-1.180831,0.1331680864095688,0.8406828045845032,0.5472261905670166
YPL148C,YNL148C,0,-1.1809281,0.13313809037208557,0.8406828045845032,0.5473684072494507
YOR151C,YHR178W,0,-1.1809427,0.13310810923576355,0.8406828045845032,0.5475106835365295
YNR032W,YPL231W,0,-1.1811262,0.13307814300060272,0.8406828045845032,0.5476529002189636
YDL164C,YLR341W,0,-1.1811593,0.1330481767654419,0.8406828045845032,0.5477951765060425
YNL126W,YGR257C,0,-1.1812818,0.13301822543144226,0.8406828045845032,0.5479373931884766
YGR189C,YDR219C,0,-1.1814457,0.13298830389976501,0.8406828045845032,0.5480796694755554
YPL183C,YCL020W,0,-1.1814955,0.13295838236808777,0.8406828045845032,0.5482218861579895
YGR158C,YPL075W,0,-1.1815867,0.13292847573757172,0.8406828045845032,0.5483641624450684
YMR074C,YHR079C-A,0,-1.1816552,0.13289858400821686,0.8406828045845032,0.5485063791275024
YOR045W,YNL265C,0,-1.1818775,0.1328687071800232,0.8406828045845032,0.5486486554145813
YBR041W,YPL128C,0,-1.1824136,0.13283884525299072,0.8406828045845032,0.5487908720970154
YHR140W,YDL069C,0,-1.1824455,0.13280898332595825,0.8406828045845032,0.5489331483840942
YGR178C,YPL203W,0,-1.1828047,0.13277915120124817,0.8406828045845032,0.5490753650665283
YHR196W,YMR164C,0,-1.182906,0.13274931907653809,0.8406828045845032,0.5492176413536072
YDL136W,YKR003W,0,-1.183083,0.1327195167541504,0.8406828045845032,0.5493598580360413
YGR292W,YDL247W,0,-1.183571,0.1326897144317627,0.8406828045845032,0.5495021343231201
YOR026W,YNL142W,0,-1.183608,0.1326599270105362,0.8406828045845032,0.549644410610199
YDL127W,YFR028C,0,-1.1837189,0.1326301544904709,0.8406828045845032,0.5497866272926331
YBR085W,YPR081C,0,-1.1839681,0.13260039687156677,0.8406828045845032,0.5499289035797119
YOR003W,YHR080C,0,-1.1840461,0.13257065415382385,0.8406828045845032,0.550071120262146
YHR043C,YDL117W,0,-1.1842217,0.13254092633724213,0.8406828045845032,0.5502133965492249
YGL211W,YGL115W,0,-1.1842287,0.1325112134218216,0.8406828045845032,0.5503556132316589
YML064C,YPR047W,0,-1.1843656,0.13248150050640106,0.8406828045845032,0.5504978895187378
YDR244W,YGR108W,0,-1.1845663,0.13245181739330292,0.8406828045845032,0.5506401062011719
YGL123W,YGL250W,0,-1.1845806,0.13242213428020477,0.8406828045845032,0.5507823824882507
YCL075W,YOL032W,0,-1.1847522,0.13239246606826782,0.8406828045845032,0.5509245991706848
YJL116C,YIL039W,0,-1.185211,0.13236282765865326,0.8406828045845032,0.5510668754577637
YML087C,YDL051W,0,-1.1853015,0.1323331892490387,0.8406828045845032,0.5512090921401978
YOR389W,YJR015W,0,-1.1857395,0.13230356574058533,0.8406828045845032,0.5513513684272766
YGR030C,YGL005C,0,-1.1857829,0.13227394223213196,0.8406828045845032,0.5514935851097107
YDR283C,YOR260W,1,-1.1858804,0.132468119263649,0.8421052694320679,0.5514935851097107
YPR166C,YIL051C,0,-1.1860402,0.13243848085403442,0.8421052694320679,0.5516358613967896
YIR028W,YKL164C,0,-1.1865342,0.13240885734558105,0.8421052694320679,0.5517780780792236
YEL064C,YEL038W,0,-1.1865672,0.13237924873828888,0.8421052694320679,0.5519203543663025
YPR022C,YLL032C,0,-1.1868604,0.1323496550321579,0.8421052694320679,0.5520625710487366
YDR349C,YOR065W,0,-1.1870981,0.1323200762271881,0.8421052694320679,0.5522048473358154
YPL118W,YCR077C,1,-1.1874764,0.13251397013664246,0.8435277342796326,0.5522048473358154
YPL009C,YGR244C,0,-1.1876718,0.13248436152935028,0.8435277342796326,0.5523470640182495
YBR077C,YDL204W,0,-1.1877687,0.1324547678232193,0.8435277342796326,0.5524893403053284
YOL139C,YPR086W,1,-1.1879303,0.1326484978199005,0.8449501991271973,0.5524893403053284
YNL217W,YIL051C,0,-1.187964,0.13261888921260834,0.8449501991271973,0.5526315569877625
YMR080C,YOR073W,0,-1.1880792,0.13258928060531616,0.8449501991271973,0.5527738332748413
YGL224C,YAL030W,0,-1.18812,0.13255970180034637,0.8449501991271973,0.5529160499572754
YFL022C,YIL037C,0,-1.1883743,0.1325301229953766,0.8449501991271973,0.5530583262443542
YDR055W,YAR018C,0,-1.1885488,0.132500559091568,0.8449501991271973,0.5532005429267883
YGL134W,YDR045C,0,-1.1887577,0.1324710100889206,0.8449501991271973,0.5533428192138672
YLR056W,YDR052C,0,-1.188896,0.1324414759874344,0.8449501991271973,0.5534850358963013
YAL005C,YKL014C,0,-1.1891962,0.13241194188594818,0.8449501991271973,0.5536273121833801
YDL127W,YKL014C,0,-1.1895672,0.13238243758678436,0.8449501991271973,0.553769588470459
YML067C,YBR110W,0,-1.1897333,0.13235294818878174,0.8449501991271973,0.5539118051528931
YPR042C,YAL021C,0,-1.1903298,0.1323234587907791,0.8449501991271973,0.5540540814399719
YKR095W-A,YDR346C,0,-1.1903317,0.13229398429393768,0.8449501991271973,0.554196298122406
YLR306W,YPL154C,0,-1.1903415,0.13226452469825745,0.8449501991271973,0.5543385744094849
YMR190C,YKL091C,0,-1.1906382,0.1322350800037384,0.8449501991271973,0.554480791091919
YBR068C,YGR140W,0,-1.1907383,0.13220565021038055,0.8449501991271973,0.5546230673789978
YLL005C,YPL026C,0,-1.1907591,0.1321762353181839,0.8449501991271973,0.5547652840614319
YGL141W,YBL082C,0,-1.1911736,0.13214683532714844,0.8449501991271973,0.5549075603485107
YLR022C,YDL132W,0,-1.1913842,0.13211743533611298,0.8449501991271973,0.5550497770309448
YGR184C,YML001W,0,-1.1914907,0.1320880651473999,0.8449501991271973,0.5551920533180237
YOR175C,YNL323W,0,-1.1915755,0.13205869495868683,0.8449501991271973,0.5553342700004578
YOR095C,YMR221C,0,-1.1916717,0.13202933967113495,0.8449501991271973,0.5554765462875366
YHR123W,YDL161W,0,-1.1916926,0.13199999928474426,0.8449501991271973,0.5556187629699707
YDR200C,YDR011W,0,-1.1917517,0.13197067379951477,0.8449501991271973,0.5557610392570496
YMR012W,YPR086W,1,-1.1917882,0.13216347992420197,0.846372663974762,0.5557610392570496
YFR038W,YPL193W,0,-1.1917921,0.13213413953781128,0.846372663974762,0.5559032559394836
YPL085W,YER161C,0,-1.1921979,0.1321047991514206,0.846372663974762,0.5560455322265625
YMR094W,YLR118C,0,-1.1922381,0.1320754736661911,0.846372663974762,0.5561877489089966
YGR271C-A,YML011C,0,-1.1922596,0.1320461630821228,0.846372663974762,0.5563300251960754
YDR422C,YIL111W,0,-1.1922724,0.1320168673992157,0.846372663974762,0.5564722418785095
YMR298W,YDL155W,0,-1.1923109,0.1319875717163086,0.846372663974762,0.5566145181655884
YCR073C,YDR545W,0,-1.1923163,0.13195830583572388,0.846372663974762,0.5567567348480225
YNL076W,YKL035W,0,-1.1924664,0.13192903995513916,0.846372663974762,0.5568990111351013
YOR320C,YNL286W,0,-1.1925974,0.13189980387687683,0.846372663974762,0.5570412278175354
YEL051W,YGL150C,0,-1.1926458,0.1318705677986145,0.846372663974762,0.5571835041046143
YDR156W,YHR106W,0,-1.1935548,0.13184134662151337,0.846372663974762,0.5573257207870483
YPL241C,YDR388W,0,-1.1938074,0.13181214034557343,0.846372663974762,0.5574679970741272
YAR042W,YNL265C,0,-1.1939045,0.13178294897079468,0.846372663974762,0.5576102137565613
YER031C,YGL194C,0,-1.1941122,0.13175375759601593,0.846372663974762,0.5577524900436401
YJR153W,YDR023W,0,-1.1941843,0.13172459602355957,0.846372663974762,0.557894766330719
YLL048C,YOR016C,0,-1.1942207,0.1316954344511032,0.846372663974762,0.5580369830131531
YHR185C,YNL077W,0,-1.1943281,0.13166630268096924,0.846372663974762,0.5581792593002319
YLR367W,YGL196W,0,-1.1945708,0.13163717091083527,0.846372663974762,0.558321475982666
YGL173C,YAL015C,0,-1.1947243,0.1316080540418625,0.846372663974762,0.5584637522697449
YLR210W,YKR061W,0,-1.1948527,0.1315789520740509,0.846372663974762,0.558605968952179
YFL056C,YJL127C,0,-1.1948843,0.13154985010623932,0.846372663974762,0.5587482452392578
YKR007W,YHR092C,0,-1.1948845,0.13152077794075012,0.846372663974762,0.5588904619216919
YAR007C,YGL185C,0,-1.1955984,0.13149170577526093,0.846372663974762,0.5590327382087708
YKL079W,YHR063C,0,-1.1959126,0.13146266341209412,0.846372663974762,0.5591749548912048
YMR195W,YOR217W,0,-1.1959834,0.1314336210489273,0.846372663974762,0.5593172311782837
YLR256W,YDR322W,0,-1.1960115,0.1314045935869217,0.846372663974762,0.5594594478607178
YPL101W,YJL048C,0,-1.1960986,0.13137558102607727,0.846372663974762,0.5596017241477966
YPR025C,YOL139C,1,-1.1961187,0.1315673291683197,0.8477951884269714,0.5596017241477966
YLR283W,YGR241C,0,-1.196249,0.1315382868051529,0.8477951884269714,0.5597439408302307
YPL123C,YER179W,0,-1.1963904,0.13150927424430847,0.8477951884269714,0.5598862171173096
YER159C,YDR298C,0,-1.1964768,0.13148026168346405,0.8477951884269714,0.5600284337997437
YDL058W,YHL011C,0,-1.1965894,0.13145126402378082,0.8477951884269714,0.5601707100868225
YDR320C,YPR110C,0,-1.1967318,0.1314222663640976,0.8477951884269714,0.5603129267692566
YGR204W,YPL178W,0,-1.1967462,0.13139329850673676,0.8477951884269714,0.5604552030563354
YLR449W,YPL140C,0,-1.19688,0.13136433064937592,0.8477951884269714,0.5605974197387695
YGR271C-A,YOL051W,0,-1.196978,0.13133539259433746,0.8477951884269714,0.5607396960258484
YDR523C,YAL023C,0,-1.1970272,0.131306454539299,0.8477951884269714,0.5608819127082825
YAL001C,YKR037C,0,-1.1970949,0.13127753138542175,0.8477951884269714,0.5610241889953613
YCR017C,YJL093C,0,-1.1974367,0.1312486231327057,0.8477951884269714,0.5611664056777954
YMR163C,YNL336W,0,-1.1976335,0.13121972978115082,0.8477951884269714,0.5613086819648743
YPL228W,YGR049W,0,-1.1981388,0.13119083642959595,0.8477951884269714,0.5614508986473083
YML121W,YER112W,0,-1.1985681,0.13116197288036346,0.8477951884269714,0.5615931749343872
YCL044C,YGL033W,0,-1.1985918,0.13113310933113098,0.8477951884269714,0.5617353916168213
YPL085W,YDR363W-A,0,-1.1986473,0.1311042606830597,0.8477951884269714,0.5618776679039001
YEL060C,YDL052C,0,-1.1987189,0.1310754269361496,0.8477951884269714,0.562019944190979
YLR450W,YPL081W,0,-1.1989156,0.1310466080904007,0.8477951884269714,0.5621621608734131
YLR467W,YDR221W,0,-1.1990526,0.131017804145813,0.8477951884269714,0.5623044371604919
YGL095C,YMR092C,0,-1.199264,0.13098901510238647,0.8477951884269714,0.562446653842926
YKR048C,YJL100W,0,-1.1992939,0.13096022605895996,0.8477951884269714,0.5625889301300049
YLL031C,YJR056C,0,-1.1994569,0.13093145191669464,0.8477951884269714,0.562731146812439
YIL034C,YOR224C,0,-1.1998389,0.1309027075767517,0.8477951884269714,0.5628734230995178
YLR272C,YML040W,0,-1.1999922,0.13087396323680878,0.8477951884269714,0.5630156397819519
YDL213C,YDL106C,0,-1.1999995,0.13084521889686584,0.8477951884269714,0.5631579160690308
YCR017C,YBL018C,0,-1.200062,0.1308165043592453,0.8477951884269714,0.5633001327514648
YKL008C,YDL115C,0,-1.2001432,0.13078780472278595,0.8477951884269714,0.5634424090385437
YNL207W,YKL017C,0,-1.2001566,0.1307591050863266,0.8477951884269714,0.5635846257209778
YPR132W,YPL015C,0,-1.2003462,0.13073042035102844,0.8477951884269714,0.5637269020080566
YDR077W,YOL116W,0,-1.2006656,0.13070175051689148,0.8477951884269714,0.5638691186904907
YOR315W,YGR212W,0,-1.2006876,0.1306730955839157,0.8477951884269714,0.5640113949775696
YMR251W-A,YGL115W,0,-1.2006898,0.13064445555210114,0.8477951884269714,0.5641536116600037
YER153C,YAL035W,1,-1.200707,0.13083498179912567,0.8492176532745361,0.5641536116600037
YDR117C,YPL118W,1,-1.2007377,0.13102541863918304,0.8506401181221008,0.5641536116600037
YOL072W,YBR110W,0,-1.2008457,0.1309967190027237,0.8506401181221008,0.5642958879470825
YDR409W,YFR049W,0,-1.2012197,0.13096801936626434,0.8506401181221008,0.5644381046295166
YDR510W,YAL041W,0,-1.2013183,0.13093934953212738,0.8506401181221008,0.5645803809165955
YBR024W,YPR185W,0,-1.2014207,0.13091067969799042,0.8506401181221008,0.5647225975990295
YER164W,YGL194C,0,-1.2016418,0.13088202476501465,0.8506401181221008,0.5648648738861084
YIL138C,YNR020C,0,-1.2017845,0.13085338473320007,0.8506401181221008,0.5650070905685425
YFR027W,YPR100W,0,-1.2018996,0.1308247596025467,0.8506401181221008,0.5651493668556213
YOR273C,YKR060W,0,-1.2020137,0.1307961493730545,0.8506401181221008,0.5652915835380554
YGL160W,YOR357C,0,-1.2020216,0.1307675540447235,0.8506401181221008,0.5654338598251343
YFL009W,YNL331C,0,-1.2021761,0.13073895871639252,0.8506401181221008,0.5655760765075684
YGL224C,YPL137C,0,-1.2023615,0.13071037828922272,0.8506401181221008,0.5657183527946472
YHR196W,YEL006W,0,-1.2024808,0.1306818127632141,0.8506401181221008,0.5658605694770813
YPR022C,YOR201C,0,-1.2032071,0.1306532621383667,0.8506401181221008,0.5660028457641602
YLR284C,YBR265W,0,-1.2033964,0.13062472641468048,0.8506401181221008,0.566145122051239
YAL044C,YGR004W,0,-1.2039893,0.13059620559215546,0.8506401181221008,0.5662873387336731
YJR076C,YIL039W,0,-1.2041414,0.13056768476963043,0.8506401181221008,0.566429615020752
YLR242C,YBR030W,0,-1.2042415,0.1305391788482666,0.8506401181221008,0.566571831703186
YHL006C,YML019W,0,-1.204275,0.13051068782806396,0.8506401181221008,0.5667141079902649
YNL023C,YBR210W,0,-1.2043558,0.13048221170902252,0.8506401181221008,0.566856324672699
YKL069W,YKR077W,0,-1.2045233,0.13045375049114227,0.8506401181221008,0.5669986009597778
YMR162C,YJL221C,0,-1.2045474,0.13042530417442322,0.8506401181221008,0.5671408176422119
YER166W,YPL133C,0,-1.204788,0.13039685785770416,0.8506401181221008,0.5672830939292908
YOL154W,YDR342C,0,-1.2048494,0.1303684264421463,0.8506401181221008,0.5674253106117249
YPL031C,YDR116C,0,-1.205275,0.13034002482891083,0.8506401181221008,0.5675675868988037
YGL175C,YML087C,0,-1.2057048,0.13031160831451416,0.8506401181221008,0.5677098035812378
YOL023W,YOR260W,1,-1.2057103,0.13050109148025513,0.8520625829696655,0.5677098035812378
YGL171W,YDR235W,0,-1.2057328,0.13047266006469727,0.8520625829696655,0.5678520798683167
YDR424C,YNL136W,0,-1.2057711,0.1304442435503006,0.8520625829696655,0.5679942965507507
YDR308C,YBL022C,0,-1.2057966,0.13041585683822632,0.8520625829696655,0.5681365728378296
YBR019C,YGR017W,0,-1.2063838,0.13038745522499084,0.8520625829696655,0.5682787895202637
YDR510W,YDR258C,0,-1.2064117,0.13035908341407776,0.8520625829696655,0.5684210658073425
YPL118W,YNL062C,1,-1.2067935,0.13054829835891724,0.8534850478172302,0.5684210658073425
YEL047C,YCR004C,0,-1.2068546,0.13051991164684296,0.8534850478172302,0.5685632824897766
YKL034W,YCR067C,0,-1.2070183,0.13049152493476868,0.8534850478172302,0.5687055587768555
YDR111C,YIR036C,0,-1.2072737,0.1304631382226944,0.8534850478172302,0.5688477754592896
YLR299W,YPR095C,0,-1.2074378,0.1304347813129425,0.8534850478172302,0.5689900517463684
YOL133W,YPL204W,0,-1.2075739,0.1304064393043518,0.8534850478172302,0.5691322684288025
YDR513W,YOR369C,0,-1.2077856,0.1303780972957611,0.8534850478172302,0.5692745447158813
YHR013C,YFL018C,0,-1.2078469,0.1303497701883316,0.8534850478172302,0.5694167613983154
YKL141W,YHR005C,0,-1.2078663,0.1303214579820633,0.8534850478172302,0.5695590376853943
YBR097W,YLR019W,0,-1.2078892,0.13029316067695618,0.8534850478172302,0.5697012543678284
YOL009C,YJR121W,0,-1.2082281,0.13026487827301025,0.8534850478172302,0.5698435306549072
YBR233W-A,YPL049C,0,-1.2082418,0.13023659586906433,0.8534850478172302,0.5699857473373413
YMR192W,YFL004W,0,-1.2083315,0.1302083283662796,0.8534850478172302,0.5701280236244202
YOR078W,YHR166C,0,-1.2084067,0.13018007576465607,0.8534850478172302,0.570270299911499
YJR123W,YFL055W,0,-1.2084379,0.13015183806419373,0.8534850478172302,0.5704125165939331
YBR021W,YPL026C,0,-1.208494,0.13012361526489258,0.8534850478172302,0.570554792881012
YJR125C,YKL154W,0,-1.2085,0.13009540736675262,0.8534850478172302,0.570697009563446
YBR185C,YDR361C,0,-1.2085707,0.13006719946861267,0.8534850478172302,0.5708392858505249
YDR224C,YOR087W,0,-1.2088084,0.1300390064716339,0.8534850478172302,0.570981502532959
YBL082C,YGR188C,0,-1.2089072,0.13001082837581635,0.8534850478172302,0.5711237788200378
YMR104C,YGL078C,0,-1.209241,0.12998266518115997,0.8534850478172302,0.5712659955024719
YJL167W,YNL159C,0,-1.2095861,0.1299545168876648,0.8534850478172302,0.5714082717895508
YFR005C,YOL130W,0,-1.2097194,0.12992636859416962,0.8534850478172302,0.5715504884719849
YKL086W,YJL047C,0,-1.2097237,0.12989825010299683,0.8534850478172302,0.5716927647590637
YCL050C,YPR054W,0,-1.2098618,0.12987013161182404,0.8534850478172302,0.5718349814414978
YJL123C,YOL116W,0,-1.2102326,0.12984202802181244,0.8534850478172302,0.5719772577285767
YGR220C,YGR004W,0,-1.2105148,0.12981393933296204,0.8534850478172302,0.5721194744110107
YDR178W,YER087C-A,0,-1.2106136,0.12978585064411163,0.8534850478172302,0.5722617506980896
YBR015C,YDL138W,0,-1.2107763,0.12975779175758362,0.8534850478172302,0.5724039673805237
YOR253W,YIR033W,0,-1.2109543,0.1297297328710556,0.8534850478172302,0.5725462436676025
YGL257C,YOR002W,0,-1.210964,0.12970168888568878,0.8534850478172302,0.5726884603500366
YPL268W,YJL143W,0,-1.2110416,0.12967365980148315,0.8534850478172302,0.5728307366371155
YPL281C,YPR073C,0,-1.2111486,0.12964563071727753,0.8534850478172302,0.5729729533195496
YLR238W,YFR040W,0,-1.2116058,0.1296176314353943,0.8534850478172302,0.5731152296066284
YGR055W,YDL025C,0,-1.2118261,0.12958963215351105,0.8534850478172302,0.5732574462890625
YML055W,YBL030C,0,-1.212028,0.129561647772789,0.8534850478172302,0.5733997225761414
YNR036C,YDL095W,0,-1.2120463,0.12953367829322815,0.8534850478172302,0.5735419392585754
YOL089C,YBL056W,0,-1.2123845,0.1295057237148285,0.8534850478172302,0.5736842155456543
YIL009C-A,YOL019W,0,-1.2124808,0.12947776913642883,0.8534850478172302,0.5738264322280884
YKR100C,YER083C,0,-1.2124858,0.12944984436035156,0.8534850478172302,0.5739687085151672
YGR071C,YBL102W,0,-1.2125112,0.1294219195842743,0.8534850478172302,0.5741109251976013
YDR346C,YCL044C,0,-1.2126535,0.12939400970935822,0.8534850478172302,0.5742532014846802
YKL154W,YDR180W,0,-1.2126969,0.12936609983444214,0.8534850478172302,0.574395477771759
YNL326C,YPR180W,0,-1.2128297,0.12933821976184845,0.8534850478172302,0.5745376944541931
YHR001W-A,YCR079W,0,-1.2128865,0.12931033968925476,0.8534850478172302,0.574679970741272
YLR315W,YPL048W,0,-1.2130508,0.12928248941898346,0.8534850478172302,0.574822187423706
YJR007W,YNL007C,1,-1.2132965,0.12947005033493042,0.8549075126647949,0.574822187423706
YNL293W,YML081W,0,-1.2133209,0.12944217026233673,0.8549075126647949,0.5749644637107849
YCL035C,YGR116W,0,-1.213654,0.12941430509090424,0.8549075126647949,0.575106680393219
YDL112W,YDR409W,0,-1.2136915,0.12938643991947174,0.8549075126647949,0.5752489566802979
YPR041W,YPR086W,1,-1.2143155,0.12957382202148438,0.8563300371170044,0.5752489566802979
YGR129W,YDR202C,0,-1.2145104,0.12954594194889069,0.8563300371170044,0.5753911733627319
YDR001C,YLR100W,0,-1.2145116,0.1295180767774582,0.8563300371170044,0.5755334496498108
YIL011W,YIR008C,0,-1.2149212,0.1294902116060257,0.8563300371170044,0.5756756663322449
YDR246W,YPR118W,0,-1.2151107,0.1294623613357544,0.8563300371170044,0.5758179426193237
YPL226W,YDR301W,0,-1.2153473,0.1294345259666443,0.8563300371170044,0.5759601593017578
YPR103W,YNL055C,0,-1.2154406,0.12940670549869537,0.8563300371170044,0.5761024355888367
YLR288C,YJL052W,0,-1.2161471,0.12937889993190765,0.8563300371170044,0.5762446522712708
YNL336W,YNL291C,0,-1.2162356,0.12935109436511993,0.8563300371170044,0.5763869285583496
YDL099W,YBL045C,0,-1.216294,0.1293233036994934,0.8563300371170044,0.5765291452407837
YHR190W,YBR104W,0,-1.2163293,0.12929552793502808,0.8563300371170044,0.5766714215278625
YOL146W,YCR045C,0,-1.2163891,0.12926776707172394,0.8563300371170044,0.5768136382102966
YDL093W,YMR171C,0,-1.2164235,0.129240021109581,0.8563300371170044,0.5769559144973755
YMR281W,YGL181W,0,-1.2166096,0.12921227514743805,0.8563300371170044,0.5770981311798096
YLR382C,YDR237W,0,-1.2168264,0.1291845440864563,0.8563300371170044,0.5772404074668884
YCR054C,YDL189W,0,-1.2168503,0.12915682792663574,0.8563300371170044,0.5773826241493225
YEL027W,YMR022W,0,-1.2169523,0.12912912666797638,0.8563300371170044,0.5775249004364014
YDL194W,YCR033W,0,-1.2170359,0.1291014403104782,0.8563300371170044,0.5776671171188354
YOL095C,YFR004W,0,-1.2171302,0.12907375395298004,0.8563300371170044,0.5778093934059143
YOL008W,YDL204W,0,-1.217178,0.12904608249664307,0.8563300371170044,0.5779516100883484
YOL154W,YDL123W,0,-1.2178509,0.12901842594146729,0.8563300371170044,0.5780938863754272
YML129C,YOL051W,0,-1.2180607,0.1289907842874527,0.8563300371170044,0.5782361030578613
YDR028C,YNL093W,0,-1.2181869,0.1289631575345993,0.8563300371170044,0.5783783793449402
YKR085C,YPL187W,0,-1.2186229,0.1289355307817459,0.8563300371170044,0.578520655632019
YIR035C,YHR050W,0,-1.2188913,0.1289079189300537,0.8563300371170044,0.5786628723144531
YJR007W,YMR282C,1,-1.2189372,0.12909440696239471,0.8577525019645691,0.5786628723144531
YDR381W,YPL174C,0,-1.2191198,0.12906678020954132,0.8577525019645691,0.578805148601532
YJR058C,YHR001W,0,-1.2191947,0.12903916835784912,0.8577525019645691,0.5789473652839661
YJR042W,YNL336W,0,-1.2193924,0.12901155650615692,0.8577525019645691,0.5790896415710449
YBR041W,YJL046W,0,-1.2195417,0.12898395955562592,0.8577525019645691,0.579231858253479
YJR161C,YIL085C,0,-1.2197776,0.1289563775062561,0.8577525019645691,0.5793741345405579
YBR003W,YLR196W,0,-1.2197998,0.1289287954568863,0.8577525019645691,0.5795163512229919
YLL013C,YBR296C,0,-1.2201784,0.12890124320983887,0.8577525019645691,0.5796586275100708
YDR311W,YBR132C,0,-1.2201974,0.12887369096279144,0.8577525019645691,0.5798008441925049
YPL056C,YMR197C,0,-1.2202908,0.1288461536169052,0.8577525019645691,0.5799431204795837
YHR013C,YKL127W,0,-1.2203809,0.12881863117218018,0.8577525019645691,0.5800853371620178
YNL224C,YDR188W,0,-1.2207006,0.12879110872745514,0.8577525019645691,0.5802276134490967
YFL003C,YPL203W,0,-1.2208617,0.1287636160850525,0.8577525019645691,0.5803698301315308
YPL121C,YGR192C,0,-1.2209294,0.12873612344264984,0.8577525019645691,0.5805121064186096
YBR123C,YJL204C,0,-1.2211266,0.1287086457014084,0.8577525019645691,0.5806543231010437
YFL044C,YOL120C,0,-1.2212334,0.12868118286132812,0.8577525019645691,0.5807965993881226
YNL293W,YER083C,0,-1.2213931,0.12865372002124786,0.8577525019645691,0.5809388160705566
YOR319W,YMR105C,0,-1.221826,0.12862628698349,0.8577525019645691,0.5810810923576355
YKL063C,YJL072C,0,-1.221884,0.12859885394573212,0.8577525019645691,0.5812233090400696
YPR003C,YEL061C,0,-1.2218945,0.12857143580913544,0.8577525019645691,0.5813655853271484
YLR007W,YDL043C,0,-1.2219348,0.12854401767253876,0.8577525019645691,0.5815078020095825
YBR060C,YJL041W,0,-1.2219776,0.12851662933826447,0.8577525019645691,0.5816500782966614
YPL206C,YER007W,0,-1.2223588,0.12848924100399017,0.8577525019645691,0.5817922949790955
YOL056W,YNL220W,0,-1.222703,0.12846186757087708,0.8577525019645691,0.5819345712661743
YOL013C,YBL097W,0,-1.2227249,0.12843450903892517,0.8577525019645691,0.5820767879486084
YAL068C,YNR037C,0,-1.2227367,0.12840715050697327,0.8577525019645691,0.5822190642356873
YKR079C,YER111C,0,-1.2227833,0.12837982177734375,0.8577525019645691,0.5823612809181213
YPR056W,YPL141C,0,-1.2229582,0.12835249304771423,0.8577525019645691,0.5825035572052002
YGL124C,YDR156W,0,-1.2230678,0.1283251792192459,0.8577525019645691,0.582645833492279
YNL151C,YKR104W,0,-1.2232518,0.1282978653907776,0.8577525019645691,0.5827880501747131
YNL135C,YMR068W,0,-1.2233348,0.12827058136463165,0.8577525019645691,0.582930326461792
YOL094C,YBR089C-A,0,-1.2235762,0.12824329733848572,0.8577525019645691,0.5830725431442261
YCL039W,YER133W,0,-1.2242593,0.12821602821350098,0.8577525019645691,0.5832148194313049
YEL017C-A,YNL199C,0,-1.2243102,0.12818877398967743,0.8577525019645691,0.583357036113739
YBR297W,YKL127W,0,-1.2243723,0.12816153466701508,0.8577525019645691,0.5834993124008179
YPL190C,YCL030C,0,-1.224433,0.12813429534435272,0.8577525019645691,0.583641529083252
YLR032W,YCR020W-B,0,-1.2245979,0.12810707092285156,0.8577525019645691,0.5837838053703308
YLR102C,YJL174W,0,-1.2252626,0.1280798614025116,0.8577525019645691,0.5839260220527649
YMR314W,YOL126C,0,-1.2254014,0.12805266678333282,0.8577525019645691,0.5840682983398438
YDR244W,YLL050C,0,-1.2256376,0.12802547216415405,0.8577525019645691,0.5842105150222778
YDR179C,YIR033W,0,-1.2257011,0.12799830734729767,0.8577525019645691,0.5843527913093567
YKL069W,YLR148W,0,-1.2257096,0.12797114253044128,0.8577525019645691,0.5844950079917908
YJR093C,YDR231C,0,-1.2257879,0.1279439777135849,0.8577525019645691,0.5846372842788696
YPL271W,YDR256C,0,-1.2261608,0.1279168426990509,0.8577525019645691,0.5847795009613037
YLR369W,YPL239W,0,-1.2262906,0.1278897076845169,0.8577525019645691,0.5849217772483826
YDR065W,YAL013W,0,-1.2263913,0.1278626024723053,0.8577525019645691,0.5850639939308167
YPL068C,YGR274C,0,-1.226418,0.1278354823589325,0.8577525019645691,0.5852062702178955
YOR011W,YER053C,0,-1.2268492,0.12780839204788208,0.8577525019645691,0.5853484869003296
YKL026C,YDL149W,0,-1.2268553,0.12778131663799286,0.8577525019645691,0.5854907631874084
YBR056W,YOR073W,0,-1.2268882,0.12775424122810364,0.8577525019645691,0.5856329798698425
YER127W,YER106W,0,-1.2273502,0.1277271807193756,0.8577525019645691,0.5857752561569214
YGR048W,YER089C,0,-1.2276562,0.12770012021064758,0.8577525019645691,0.5859174728393555
YCR038C,YBR034C,0,-1.2283239,0.12767308950424194,0.8577525019645691,0.5860597491264343
YDL130W-A,YPR034W,0,-1.2283784,0.1276460587978363,0.8577525019645691,0.5862019658088684
YHL001W,YPR081C,0,-1.2283947,0.12761904299259186,0.8577525019645691,0.5863442420959473
YDR105C,YGR101W,0,-1.2290938,0.1275920420885086,0.8577525019645691,0.5864864587783813
YKR003W,YOR171C,0,-1.2295096,0.12756505608558655,0.8577525019645691,0.5866287350654602
YDR073W,YML057W,0,-1.2297723,0.1275380700826645,0.8577525019645691,0.5867709517478943
YGL195W,YMR316W,0,-1.2298548,0.12751109898090363,0.8577525019645691,0.5869132280349731
YNL252C,YER094C,0,-1.2299403,0.12748414278030396,0.8577525019645691,0.587055504322052
YGL189C,YGL121C,0,-1.2299871,0.12745720148086548,0.8577525019645691,0.5871977210044861
YGL151W,YPR105C,0,-1.2299902,0.127430260181427,0.8577525019645691,0.5873399972915649
YGL185C,YPL153C,0,-1.2301525,0.12740333378314972,0.8577525019645691,0.587482213973999
YLR355C,YFR041C,0,-1.2303892,0.12737642228603363,0.8577525019645691,0.5876244902610779
YPL118W,YNL007C,1,-1.2304977,0.12756071984767914,0.8591749668121338,0.5876244902610779
YGL185C,YBR055C,0,-1.2307194,0.12753377854824066,0.8591749668121338,0.587766706943512
YHR202W,YGL111W,0,-1.2310274,0.12750686705112457,0.8591749668121338,0.5879089832305908
YOR173W,YKR089C,0,-1.2310425,0.12747995555400848,0.8591749668121338,0.5880511999130249
YBR296C,YDR043C,0,-1.2311219,0.1274530440568924,0.8591749668121338,0.5881934762001038
YMR100W,YLR390W-A,0,-1.2311593,0.1274261623620987,0.8591749668121338,0.5883356928825378
YPL156C,YLR277C,0,-1.231359,0.127399280667305,0.8591749668121338,0.5884779691696167
YPR166C,YPR181C,0,-1.2313923,0.12737241387367249,0.8591749668121338,0.5886201858520508
YDR127W,YNL185C,0,-1.231561,0.12734556198120117,0.8591749668121338,0.5887624621391296
YBL019W,YKL014C,0,-1.2317532,0.12731872498989105,0.8591749668121338,0.5889046788215637
YFR040W,YOR259C,0,-1.2321551,0.12729188799858093,0.8591749668121338,0.5890469551086426
YIL033C,YPL138C,0,-1.232311,0.127265065908432,0.8591749668121338,0.5891891717910767
YOR260W,YPL118W,1,-1.232323,0.1274489164352417,0.8605974316596985,0.5891891717910767
YDR534C,YNL286W,0,-1.2323773,0.12742207944393158,0.8605974316596985,0.5893314480781555
YPR025C,YJR007W,1,-1.2323778,0.12760581076145172,0.8620198965072632,0.5893314480781555
YML125C,YMR022W,0,-1.2325445,0.1275789439678192,0.8620198965072632,0.5894736647605896
YDR088C,YGL187C,0,-1.232657,0.1275520920753479,0.8620198965072632,0.5896159410476685
YDR216W,YGL048C,0,-1.2327826,0.12752525508403778,0.8620198965072632,0.5897581577301025
YDR238C,YER146W,0,-1.2327889,0.12749841809272766,0.8620198965072632,0.5899004340171814
YAL020C,YDR377W,0,-1.2330394,0.12747159600257874,0.8620198965072632,0.5900426506996155
YML113W,YKL045W,0,-1.2333456,0.127444788813591,0.8620198965072632,0.5901849269866943
YLR360W,YDL136W,0,-1.2335775,0.12741799652576447,0.8620198965072632,0.5903271436691284
YCR042C,YGL196W,0,-1.2336628,0.12739121913909912,0.8620198965072632,0.5904694199562073
YOR083W,YOR246C,0,-1.233845,0.12736444175243378,0.8620198965072632,0.5906116366386414
YIL022W,YBR040W,0,-1.233921,0.12733767926692963,0.8620198965072632,0.5907539129257202
YOR198C,YHL028W,0,-1.2340095,0.12731093168258667,0.8620198965072632,0.5908961296081543
YDR297W,YIR009W,0,-1.2343051,0.1272841840982437,0.8620198965072632,0.5910384058952332
YPL138C,YGL097W,0,-1.2343144,0.12725745141506195,0.8620198965072632,0.591180682182312
YGL073W,YIL148W,0,-1.2343718,0.12723073363304138,0.8620198965072632,0.5913228988647461
YER157W,YHR191C,0,-1.2349732,0.127204030752182,0.8620198965072632,0.591465175151825
YBR089C-A,YDL243C,0,-1.2351538,0.12717732787132263,0.8620198965072632,0.591607391834259
YDR387C,YMR274C,0,-1.2353125,0.12715065479278564,0.8620198965072632,0.5917496681213379
YFL055W,YBR009C,0,-1.2356437,0.12712398171424866,0.8620198965072632,0.591891884803772
YNL007C,YJR014W,1,-1.2356887,0.12730704247951508,0.8634423613548279,0.591891884803772
YAR003W,YNL055C,0,-1.2358744,0.1272803544998169,0.8634423613548279,0.5920341610908508
YPR131C,YOL030W,0,-1.2359377,0.1272536665201187,0.8634423613548279,0.5921763777732849
YLR138W,YMR001C,0,-1.2359761,0.12722699344158173,0.8634423613548279,0.5923186540603638
YIR019C,YGR271C-A,0,-1.2359928,0.12720033526420593,0.8634423613548279,0.5924608707427979
YDL181W,YBL061C,0,-1.2360008,0.12717369198799133,0.8634423613548279,0.5926031470298767
YPL217C,YDR284C,0,-1.23608,0.12714704871177673,0.8634423613548279,0.5927453637123108
YGL021W,YMR271C,0,-1.2362949,0.12712042033672333,0.8634423613548279,0.5928876399993896
YLR034C,YLR061W,0,-1.236391,0.12709380686283112,0.8634423613548279,0.5930298566818237
YOR330C,YLR174W,0,-1.236579,0.1270671933889389,0.8634423613548279,0.5931721329689026
YHR167W,YPL141C,0,-1.2369831,0.12704060971736908,0.8634423613548279,0.5933143496513367
YJL056C,YOR001W,0,-1.2376201,0.12701402604579926,0.8634423613548279,0.5934566259384155
YKL208W,YGR189C,0,-1.2376344,0.12698744237422943,0.8634423613548279,0.5935988426208496
YGR037C,YDR421W,0,-1.2376897,0.126960888504982,0.8634423613548279,0.5937411189079285
YLR201C,YDR367W,0,-1.2377101,0.12693433463573456,0.8634423613548279,0.5938833355903625
YLR170C,YDR361C,0,-1.2380638,0.12690779566764832,0.8634423613548279,0.5940256118774414
YOR156C,YJR048W,0,-1.2381469,0.12688127160072327,0.8634423613548279,0.5941678285598755
YLR060W,YKR029C,0,-1.2382487,0.12685474753379822,0.8634423613548279,0.5943101048469543
YIL103W,YDR446W,0,-1.2382623,0.12682825326919556,0.8634423613548279,0.5944523215293884
YGL178W,YBR070C,0,-1.2382658,0.1268017590045929,0.8634423613548279,0.5945945978164673
YDR091C,YNL007C,1,-1.2382876,0.1269841343164444,0.8648648858070374,0.5945945978164673
YHR206W,YGL020C,0,-1.2383286,0.12695761024951935,0.8648648858070374,0.5947368144989014
YER110C,YLR323C,0,-1.2390602,0.1269311010837555,0.8648648858070374,0.5948790907859802
YMR100W,YDR242W,0,-1.2391416,0.12690460681915283,0.8648648858070374,0.5950213074684143
YKL060C,YOR322C,0,-1.2393948,0.12687812745571136,0.8648648858070374,0.5951635837554932
YGR128C,YIL117C,0,-1.2395612,0.1268516629934311,0.8648648858070374,0.595305860042572
YDR280W,YML087C,0,-1.2399665,0.12682519853115082,0.8648648858070374,0.5954480767250061
YGR158C,YLR084C,0,-1.240313,0.12679874897003174,0.8648648858070374,0.595590353012085
YPL028W,YPL152W,0,-1.2403415,0.12677231431007385,0.8648648858070374,0.595732569694519
YIL075C,YMR197C,0,-1.2403523,0.12674587965011597,0.8648648858070374,0.5958748459815979
YNL007C,YNL244C,1,-1.2411997,0.12692788243293762,0.866287350654602,0.5958748459815979
YAL020C,YDR279W,0,-1.2413654,0.12690143287181854,0.866287350654602,0.596017062664032
YOR009W,YDL117W,0,-1.24148,0.12687499821186066,0.866287350654602,0.5961593389511108
YKR095W-A,YLR193C,0,-1.2419361,0.12684857845306396,0.866287350654602,0.5963015556335449
YNL130C,YNL158W,0,-1.2419665,0.12682215869426727,0.866287350654602,0.5964438319206238
YGR074W,YBR221C,0,-1.242022,0.12679575383663177,0.866287350654602,0.5965860486030579
YOL011W,YKR088C,0,-1.242096,0.12676936388015747,0.866287350654602,0.5967283248901367
YOR079C,YJL129C,0,-1.2421212,0.12674297392368317,0.866287350654602,0.5968705415725708
YDR450W,YHR139C,0,-1.242466,0.12671659886837006,0.866287350654602,0.5970128178596497
YPR065W,YPL246C,0,-1.2425984,0.12669023871421814,0.866287350654602,0.5971550345420837
YKL135C,YCR018C,0,-1.2434983,0.12666389346122742,0.866287350654602,0.5972973108291626
YEL065W,YNL159C,0,-1.2435591,0.1266375482082367,0.866287350654602,0.5974395275115967
YOR018W,YGR184C,0,-1.2435805,0.12661123275756836,0.866287350654602,0.5975818037986755
YHR107C,YBL078C,0,-1.2441685,0.12658490240573883,0.866287350654602,0.5977240204811096
YDR200C,YNL139C,0,-1.2442298,0.1265586018562317,0.866287350654602,0.5978662967681885
YDR368W,YFR037C,0,-1.24437,0.12653230130672455,0.866287350654602,0.5980085134506226
YER096W,YMR068W,0,-1.2444706,0.1265060305595398,0.866287350654602,0.5981507897377014
YBR060C,YMR291W,0,-1.2445543,0.12647974491119385,0.866287350654602,0.5982930064201355
YBR162C,YIL018W,0,-1.244675,0.1264534890651703,0.866287350654602,0.5984352827072144
YPL117C,YEL032W,0,-1.2448888,0.12642723321914673,0.866287350654602,0.5985774993896484
YKL152C,YIL123W,0,-1.2450293,0.12640099227428436,0.866287350654602,0.5987197756767273
YIR003W,YDR021W,0,-1.2451198,0.1263747662305832,0.866287350654602,0.5988619923591614
YMR044W,YJR095W,0,-1.2452209,0.1263485550880432,0.866287350654602,0.5990042686462402
YHR186C,YDL175C,0,-1.2452844,0.12632234394550323,0.866287350654602,0.5991464853286743
YHR136C,YPL177C,0,-1.2457489,0.12629614770412445,0.866287350654602,0.5992887616157532
YJR064W,YGR135W,0,-1.2457591,0.12626995146274567,0.866287350654602,0.599431037902832
YDR495C,YLR038C,0,-1.2458706,0.12624378502368927,0.866287350654602,0.5995732545852661
YOL001W,YPL013C,0,-1.2460973,0.12621761858463287,0.866287350654602,0.599715530872345
YCL005W-A,YMR275C,0,-1.2464325,0.12619146704673767,0.866287350654602,0.599857747554779
YLR081W,YNL124W,0,-1.2465494,0.12616531550884247,0.866287350654602,0.6000000238418579
YKR039W,YJR090C,0,-1.2468357,0.12613919377326965,0.866287350654602,0.600142240524292
YMR081C,YIL078W,0,-1.2470137,0.12611307203769684,0.866287350654602,0.6002845168113708
YNL097C,YDL144C,0,-1.2471256,0.12608695030212402,0.866287350654602,0.6004267334938049
YKL024C,YLR234W,0,-1.2474327,0.1260608583688736,0.866287350654602,0.6005690097808838
YMR207C,YCL045C,0,-1.2474554,0.12603476643562317,0.866287350654602,0.6007112264633179
YPL152W,YOL044W,0,-1.2475219,0.12600868940353394,0.866287350654602,0.6008535027503967
YEL015W,YHR191C,0,-1.2479188,0.1259826272726059,0.866287350654602,0.6009957194328308
YBR217W,YDR293C,0,-1.2479272,0.12595656514167786,0.866287350654602,0.6011379957199097
YDR103W,YGR014W,0,-1.2479638,0.125930517911911,0.866287350654602,0.6012802124023438
YGL155W,YNL099C,0,-1.2479662,0.12590448558330536,0.866287350654602,0.6014224886894226
YBR133C,YIL137C,0,-1.2480012,0.1258784681558609,0.866287350654602,0.6015647053718567
YMR264W,YMR002W,0,-1.2481666,0.12585245072841644,0.866287350654602,0.6017069816589355
YDR320C,YPL178W,0,-1.2483994,0.12582644820213318,0.866287350654602,0.6018491983413696
YNL278W,YDR055W,0,-1.2484461,0.1258004605770111,0.866287350654602,0.6019914746284485
YLR150W,YDR283C,1,-1.2485939,0.12598100304603577,0.8677098155021667,0.6019914746284485
YNL164C,YEL059C-A,0,-1.2486507,0.1259549856185913,0.8677098155021667,0.6021336913108826
YMR309C,YER153C,1,-1.2488942,0.1261354237794876,0.8691322803497314,0.6021336913108826
YOL023W,YNL007C,1,-1.2489686,0.12631578743457794,0.8705547451972961,0.6021336913108826
YGL106W,YJL164C,0,-1.2492677,0.1262897253036499,0.8705547451972961,0.6022759675979614
YCR005C,YMR261C,0,-1.2493923,0.12626366317272186,0.8705547451972961,0.6024181842803955
YLR071C,YJR010C-A,0,-1.2496607,0.1262376308441162,0.8705547451972961,0.6025604605674744
YPR025C,YDR091C,1,-1.2497087,0.12641781568527222,0.8719772696495056,0.6025604605674744
YAR014C,YHR143W,0,-1.2498548,0.12639175355434418,0.8719772696495056,0.6027026772499084
YBL035C,YBL055C,0,-1.2501785,0.12636569142341614,0.8719772696495056,0.6028449535369873
YOL091W,YGR234W,0,-1.2502252,0.12633965909481049,0.8719772696495056,0.6029871702194214
YIL120W,YKL048C,0,-1.2505094,0.12631362676620483,0.8719772696495056,0.6031294465065002
YAL053W,YIL130W,0,-1.2505643,0.12628759443759918,0.8719772696495056,0.6032716631889343
YAL009W,YLR034C,0,-1.250792,0.12626159191131592,0.8719772696495056,0.6034139394760132
YKR104W,YGR284C,0,-1.2509997,0.12623558938503265,0.8719772696495056,0.603556215763092
YER141W,YDR485C,0,-1.2511436,0.12620960175991058,0.8719772696495056,0.6036984324455261
YEL034W,YPR086W,1,-1.2511464,0.12638945877552032,0.8733997344970703,0.6036984324455261
YOR100C,YNL242W,0,-1.2511802,0.12636345624923706,0.8733997344970703,0.603840708732605
YLR121C,YNL166C,0,-1.2513049,0.1263374537229538,0.8733997344970703,0.6039829254150391
YHR099W,YPL096C-A,0,-1.2513145,0.12631145119667053,0.8733997344970703,0.6041252017021179
YHR165C,YJL073W,0,-1.2516092,0.12628547847270966,0.8733997344970703,0.604267418384552
YDL213C,YHL009C,0,-1.2517045,0.12625950574874878,0.8733997344970703,0.6044096946716309
YIR037W,YJR134C,0,-1.2517729,0.1262335479259491,0.8733997344970703,0.6045519113540649
YIL127C,YOR036W,0,-1.2521155,0.1262076050043106,0.8733997344970703,0.6046941876411438
YPL209C,YOR019W,0,-1.2523094,0.12618166208267212,0.8733997344970703,0.6048364043235779
YLR233C,YDR314C,0,-1.252687,0.12615574896335602,0.8733997344970703,0.6049786806106567
YGL058W,YGR186W,0,-1.2527592,0.12612982094287872,0.8733997344970703,0.6051208972930908
YIR017C,YKL043W,0,-1.2528024,0.12610392272472382,0.8733997344970703,0.6052631735801697
YPL256C,YER054C,0,-1.2530842,0.1260780245065689,0.8733997344970703,0.6054053902626038
YOR110W,YGL012W,0,-1.2532032,0.1260521411895752,0.8733997344970703,0.6055476665496826
YLR066W,YML075C,0,-1.2533965,0.12602627277374268,0.8733997344970703,0.6056898832321167
YHR021C,YJL051W,0,-1.2538222,0.12600040435791016,0.8733997344970703,0.6058321595191956
YNL270C,YBR244W,0,-1.2540524,0.12597456574440002,0.8733997344970703,0.6059743762016296
YDR382W,YGL131C,0,-1.2550449,0.1259487122297287,0.8733997344970703,0.6061166524887085
YHR001W-A,YKR007W,0,-1.2550684,0.12592288851737976,0.8733997344970703,0.6062588691711426
YOR007C,YKR072C,0,-1.2550846,0.12589706480503082,0.8733997344970703,0.6064011454582214
YKR014C,YBL056W,0,-1.2551138,0.12587125599384308,0.8733997344970703,0.6065433621406555
YHR154W,YDR480W,0,-1.2552226,0.12584546208381653,0.8733997344970703,0.6066856384277344
YLR200W,YLR275W,0,-1.2553139,0.12581966817378998,0.8733997344970703,0.6068278551101685
YFR053C,YGL131C,0,-1.2555387,0.12579388916492462,0.8733997344970703,0.6069701313972473
YHR202W,YOL005C,0,-1.2556388,0.12576812505722046,0.8733997344970703,0.6071123480796814
YCR075C,YMR017W,0,-1.2559052,0.1257423758506775,0.8733997344970703,0.6072546243667603
YDR033W,YDR208W,0,-1.2559143,0.12571662664413452,0.8733997344970703,0.6073968410491943
YDL085W,YLR310C,0,-1.2562524,0.12569089233875275,0.8733997344970703,0.6075391173362732
YHR016C,YKL208W,0,-1.2567765,0.12566517293453217,0.8733997344970703,0.607681393623352
YHR003C,YER155C,0,-1.257204,0.12563945353031158,0.8733997344970703,0.6078236103057861
YOL071W,YGR103W,0,-1.2573104,0.1256137490272522,0.8733997344970703,0.607965886592865
YGL141W,YLR017W,0,-1.257338,0.125588059425354,0.8733997344970703,0.6081081032752991
YOR246C,YBR159W,0,-1.2575761,0.1255623698234558,0.8733997344970703,0.6082503795623779
YBL084C,YDR322W,0,-1.2577338,0.1255366951227188,0.8733997344970703,0.608392596244812
YOR010C,YLR176C,0,-1.2577608,0.125511035323143,0.8733997344970703,0.6085348725318909
YEL050C,YLR433C,0,-1.2581738,0.1254853904247284,0.8733997344970703,0.608677089214325
YCR107W,YDR228C,0,-1.2581948,0.12545974552631378,0.8733997344970703,0.6088193655014038
YLR372W,YNL103W,0,-1.2582159,0.12543411552906036,0.8733997344970703,0.6089615821838379
YOR083W,YMR170C,0,-1.258533,0.12540850043296814,0.8733997344970703,0.6091038584709167
YBR004C,YDL190C,0,-1.2585558,0.12538288533687592,0.8733997344970703,0.6092460751533508
YJL014W,YGL106W,0,-1.2586219,0.12535728514194489,0.8733997344970703,0.6093883514404297
YLR079W,YGL097W,0,-1.2586617,0.12533169984817505,0.8733997344970703,0.6095305681228638
YOR113W,YLR299W,0,-1.2587366,0.1253061294555664,0.8733997344970703,0.6096728444099426
YKL071W,YNL123W,0,-1.2593162,0.12528055906295776,0.8733997344970703,0.6098150610923767
YMR161W,YDR237W,0,-1.2593361,0.12525500357151031,0.8733997344970703,0.6099573373794556
YLR052W,YHR044C,0,-1.2594738,0.12522944808006287,0.8733997344970703,0.6100995540618896
YDR283C,YER153C,1,-1.2597119,0.12540782988071442,0.874822199344635,0.6100995540618896
YGR162W,YPR086W,1,-1.2597442,0.12558613717556,0.8762446641921997,0.6100995540618896
YFL009W,YKL110C,0,-1.2598608,0.12556053698062897,0.8762446641921997,0.6102418303489685
YJL102W,YOL031C,0,-1.2599431,0.12553495168685913,0.8762446641921997,0.6103840470314026
YCR017C,YBR046C,0,-1.2600317,0.1255093663930893,0.8762446641921997,0.6105263233184814
YLR134W,YBR159W,0,-1.2601143,0.12548381090164185,0.8762446641921997,0.6106685400009155
YJR108W,YHL035C,0,-1.2602155,0.1254582554101944,0.8762446641921997,0.6108108162879944
YDR322W,YKR077W,0,-1.260558,0.12543269991874695,0.8762446641921997,0.6109530329704285
YJR025C,YDL058W,0,-1.2606993,0.1254071593284607,0.8762446641921997,0.6110953092575073
YDR078C,YOL110W,0,-1.2607512,0.12538163363933563,0.8762446641921997,0.6112375259399414
YJR056C,YPR199C,0,-1.2607999,0.12535612285137177,0.8762446641921997,0.6113798022270203
YHL036W,YLR039C,0,-1.2608804,0.1253306269645691,0.8762446641921997,0.6115220189094543
YEL032W,YBL010C,0,-1.2609179,0.12530513107776642,0.8762446641921997,0.6116642951965332
YBL106C,YJR065C,0,-1.2612921,0.12527963519096375,0.8762446641921997,0.6118065714836121
YPL120W,YMR323W,0,-1.262305,0.12525416910648346,0.8762446641921997,0.6119487881660461
YKL139W,YEL042W,0,-1.2624243,0.12522870302200317,0.8762446641921997,0.612091064453125
YDR036C,YLR017W,0,-1.2626173,0.12520325183868408,0.8762446641921997,0.6122332811355591
YNL119W,YGR205W,0,-1.2626636,0.12517781555652618,0.8762446641921997,0.6123755574226379
YGR080W,YPL116W,0,-1.2629236,0.1251523792743683,0.8762446641921997,0.612517774105072
YIL168W,YDR147W,0,-1.2630785,0.12512695789337158,0.8762446641921997,0.6126600503921509
YKL150W,YDL060W,0,-1.2632979,0.12510153651237488,0.8762446641921997,0.612802267074585
YGR121C,YDL141W,0,-1.2633998,0.12507614493370056,0.8762446641921997,0.6129445433616638
YOR367W,YLR283W,0,-1.2634488,0.12505075335502625,0.8762446641921997,0.6130867600440979
YML077W,YLR019W,0,-1.263514,0.12502537667751312,0.8762446641921997,0.6132290363311768
YGR174C,YDL155W,0,-1.2636611,0.125,0.8762446641921997,0.6133712530136108
YDL207W,YDR406W,0,-1.2638758,0.12497463822364807,0.8762446641921997,0.6135135293006897
YKR049C,YPL235W,0,-1.2640153,0.12494929134845734,0.8762446641921997,0.6136557459831238
YPL210C,YML016C,0,-1.2641944,0.1249239519238472,0.8762446641921997,0.6137980222702026
YOL094C,YML065W,0,-1.264355,0.12489861994981766,0.8762446641921997,0.6139402389526367
YOR373W,YGR030C,0,-1.264735,0.12487330287694931,0.8762446641921997,0.6140825152397156
YOR086C,YER161C,0,-1.2649105,0.12484799325466156,0.8762446641921997,0.6142247319221497
YKL062W,YPR112C,0,-1.2650294,0.124822698533535,0.8762446641921997,0.6143670082092285
YNL126W,YHR046C,0,-1.2652941,0.12479740381240845,0.8762446641921997,0.6145092248916626
YML062C,YMR204C,0,-1.2657261,0.12477213144302368,0.8762446641921997,0.6146515011787415
YPL031C,YBL039C,0,-1.2659814,0.12474685907363892,0.8762446641921997,0.6147937178611755
YJL106W,YER159C,0,-1.2660365,0.12472160160541534,0.8762446641921997,0.6149359941482544
YHR101C,YER073W,0,-1.2663484,0.12469635903835297,0.8762446641921997,0.6150782108306885
YCR079W,YGL011C,0,-1.2666359,0.12467111647129059,0.8762446641921997,0.6152204871177673
YOR065W,YGL145W,0,-1.2666899,0.1246458888053894,0.8762446641921997,0.6153627038002014
YDL220C,YNL241C,0,-1.2671255,0.12462067604064941,0.8762446641921997,0.6155049800872803
YGR158C,YOR306C,0,-1.2672901,0.12459547072649002,0.8762446641921997,0.6156471967697144
YBR057C,YOR244W,0,-1.2676566,0.12457027286291122,0.8762446641921997,0.6157894730567932
YER147C,YLL005C,0,-1.267777,0.12454508990049362,0.8762446641921997,0.6159317493438721
YMR237W,YJL008C,0,-1.2678282,0.12451991438865662,0.8762446641921997,0.6160739660263062
YNL256W,YJR134C,0,-1.2681549,0.12449474632740021,0.8762446641921997,0.616216242313385
YPL116W,YPR034W,0,-1.2681578,0.12446959316730499,0.8762446641921997,0.6163584589958191
YGR277C,YER073W,0,-1.268296,0.12444444745779037,0.8762446641921997,0.616500735282898
YER157W,YMR088C,0,-1.2684443,0.12441930919885635,0.8762446641921997,0.616642951965332
YGL207W,YIL119C,0,-1.2687768,0.12439418584108353,0.8762446641921997,0.6167852282524109
YPL158C,YJL094C,0,-1.2692139,0.1243690699338913,0.8762446641921997,0.616927444934845
YOL138C,YOR081C,0,-1.2695289,0.12434396147727966,0.8762446641921997,0.6170697212219238
YOR173W,YLR448W,0,-1.2695459,0.12431886792182922,0.8762446641921997,0.6172119379043579
YDL145C,YLR188W,0,-1.269693,0.12429378181695938,0.8762446641921997,0.6173542141914368
YPL026C,YGR200C,0,-1.2697351,0.12426871061325073,0.8762446641921997,0.6174964308738708
YPL203W,YLR174W,0,-1.2697372,0.12424364686012268,0.8762446641921997,0.6176387071609497
YLR054C,YER133W,0,-1.26986,0.12421859055757523,0.8762446641921997,0.6177809238433838
YNL156C,YNL020C,0,-1.2699296,0.12419354915618896,0.8762446641921997,0.6179232001304626
YPL003W,YDR057W,0,-1.2699482,0.1241685152053833,0.8762446641921997,0.6180654168128967
YMR083W,YJR001W,0,-1.2706101,0.12414348870515823,0.8762446641921997,0.6182076930999756
YLL052C,YLR190W,0,-1.2706728,0.12411847710609436,0.8762446641921997,0.6183499097824097
YGR083C,YER153C,1,-1.270747,0.12429492175579071,0.8776671290397644,0.6183499097824097
YCR042C,YNL025C,0,-1.2707736,0.12426988780498505,0.8776671290397644,0.6184921860694885
YER170W,YDR289C,0,-1.2709111,0.12424486875534058,0.8776671290397644,0.6186344027519226
YJL151C,YBR091C,0,-1.270993,0.1242198497056961,0.8776671290397644,0.6187766790390015
YNL130C,YBR295W,0,-1.2710938,0.12419484555721283,0.8776671290397644,0.6189188957214355
YLR216C,YAL062W,0,-1.2712411,0.12416985630989075,0.8776671290397644,0.6190611720085144
YDL178W,YOR196C,0,-1.2715355,0.12414486706256866,0.8776671290397644,0.6192033886909485
YPL012W,YJR050W,0,-1.2718873,0.12411989271640778,0.8776671290397644,0.6193456649780273
YPL237W,YNL007C,1,-1.2723799,0.12429605424404144,0.8790895938873291,0.6193456649780273
YOL068C,YPR005C,0,-1.2726909,0.12427106499671936,0.8790895938873291,0.6194878816604614
YML091C,YHR160C,0,-1.2727647,0.12424608319997787,0.8790895938873291,0.6196301579475403
YOR003W,YPR082C,0,-1.2729512,0.12422110885381699,0.8790895938873291,0.6197723746299744
YMR257C,YER044C,0,-1.2729706,0.1241961419582367,0.8790895938873291,0.6199146509170532
YIL173W,YBL074C,0,-1.2729994,0.1241711899638176,0.8790895938873291,0.6200569272041321
YPR067W,YHR081W,0,-1.2730838,0.1241462454199791,0.8790895938873291,0.6201991438865662
YMR208W,YDL222C,0,-1.2730998,0.12412130832672119,0.8790895938873291,0.620341420173645
YAR014C,YPR100W,0,-1.2732655,0.12409638613462448,0.8790895938873291,0.6204836368560791
YCL038C,YLR388W,0,-1.2732801,0.12407147139310837,0.8790895938873291,0.620625913143158
YJR161C,YEL004W,0,-1.2733489,0.12404656410217285,0.8790895938873291,0.620768129825592
YDR283C,YJR014W,1,-1.2733825,0.12422235310077667,0.8805121183395386,0.620768129825592
YLR150W,YPR025C,1,-1.2734568,0.12439807504415512,0.8819345831871033,0.620768129825592
YOL049W,YPL174C,0,-1.273556,0.12437312304973602,0.8819345831871033,0.6209104061126709
YLL039C,YPR046W,0,-1.2738874,0.12434817850589752,0.8819345831871033,0.621052622795105
YEL058W,YPL155C,0,-1.2738891,0.12432324141263962,0.8819345831871033,0.6211948990821838
YGR245C,YHL022C,0,-1.2740346,0.12429831922054291,0.8819345831871033,0.6213371157646179
YDR270W,YOR254C,0,-1.2740912,0.1242734044790268,0.8819345831871033,0.6214793920516968
YLR292C,YDL105W,0,-1.274189,0.12424849718809128,0.8819345831871033,0.6216216087341309
YDR071C,YKR095W,0,-1.2741997,0.12422360479831696,0.8819345831871033,0.6217638850212097
YDR182W,YDR528W,0,-1.2742012,0.12419871985912323,0.8819345831871033,0.6219061017036438
YLR417W,YMR256C,0,-1.2743269,0.1241738423705101,0.8819345831871033,0.6220483779907227
YLL010C,YMR190C,0,-1.2746699,0.12414897978305817,0.8819345831871033,0.6221905946731567
YLR451W,YGL086W,0,-1.2748325,0.12412412464618683,0.8819345831871033,0.6223328709602356
YDR328C,YLR313C,0,-1.2749043,0.12409927695989609,0.8819345831871033,0.6224750876426697
YHR185C,YLR298C,0,-1.2752892,0.12407444417476654,0.8819345831871033,0.6226173639297485
YBR086C,YCL031C,0,-1.275301,0.12404961884021759,0.8819345831871033,0.6227595806121826
YPL005W,YLR117C,0,-1.2753757,0.12402480840682983,0.8819345831871033,0.6229018568992615
YLR367W,YFR040W,0,-1.2754394,0.12399999797344208,0.8819345831871033,0.6230440735816956
YNL041C,YML116W,0,-1.2755642,0.12397520244121552,0.8819345831871033,0.6231863498687744
YLR260W,YNL142W,0,-1.2759706,0.12395042181015015,0.8819345831871033,0.6233285665512085
YBR191W,YPL140C,0,-1.2759941,0.12392564117908478,0.8819345831871033,0.6234708428382874
YAL002W,YDL178W,0,-1.2759957,0.1239008828997612,0.8819345831871033,0.6236130595207214
YDR398W,YCL016C,0,-1.276135,0.12387612462043762,0.8819345831871033,0.6237553358078003
YJL102W,YPL126W,0,-1.2762202,0.12385138124227524,0.8819345831871033,0.6238975524902344
YDR434W,YBL031W,0,-1.2762471,0.12382664531469345,0.8819345831871033,0.6240398287773132
YPR094W,YDR225W,0,-1.2763458,0.12380191683769226,0.8819345831871033,0.6241821050643921
YHR204W,YHR157W,0,-1.2764282,0.12377720326185226,0.8819345831871033,0.6243243217468262
YGR099W,YNL220W,0,-1.2768221,0.12375249713659286,0.8819345831871033,0.624466598033905
YJR153W,YLL018C-A,0,-1.2768701,0.12372779846191406,0.8819345831871033,0.6246088147163391
YJR086W,YIL099W,0,-1.276953,0.12370311468839645,0.8819345831871033,0.624751091003418
YGL017W,YML043C,0,-1.2770214,0.12367843836545944,0.8819345831871033,0.624893307685852
YKL018W,YIL063C,0,-1.2773557,0.12365376949310303,0.8819345831871033,0.6250355839729309
YHL002W,YDR339C,0,-1.277442,0.1236291155219078,0.8819345831871033,0.625177800655365
YOL115W,YDL137W,0,-1.2778673,0.12360446900129318,0.8819345831871033,0.6253200769424438
YNL278W,YCR048W,0,-1.2779993,0.12357982993125916,0.8819345831871033,0.6254622936248779
YGR234W,YGL011C,0,-1.2781091,0.12355519831180573,0.8819345831871033,0.6256045699119568
YMR292W,YOR039W,0,-1.2781684,0.12353058159351349,0.8819345831871033,0.6257467865943909
YIL162W,YNL233W,0,-1.2783326,0.12350597977638245,0.8819345831871033,0.6258890628814697
YPL230W,YNL149C,0,-1.278867,0.1234813779592514,0.8819345831871033,0.6260312795639038
YLL028W,YIL051C,0,-1.2788775,0.12345679104328156,0.8819345831871033,0.6261735558509827
YLR237W,YOR076C,0,-1.2789881,0.1234322115778923,0.8819345831871033,0.6263157725334167
YNL072W,YNL106C,0,-1.2789974,0.12340764701366425,0.8819345831871033,0.6264580488204956
YMR313C,YHR017W,0,-1.2790904,0.12338308244943619,0.8819345831871033,0.6266002655029297
YLR102C,YHR215W,0,-1.2791896,0.12335853278636932,0.8819345831871033,0.6267425417900085
YNL007C,YMR260C,1,-1.2792625,0.12353292107582092,0.883357048034668,0.6267425417900085
YOR315W,YDR291W,0,-1.2795651,0.12350835651159286,0.883357048034668,0.6268847584724426
YNL077W,YKR003W,0,-1.2796354,0.12348379194736481,0.883357048034668,0.6270270347595215
YOL023W,YAL035W,1,-1.2797751,0.12365805357694626,0.8847795128822327,0.6270270347595215
YJR118C,YNL300W,0,-1.2798958,0.123633474111557,0.8847795128822327,0.6271692514419556
YDR079C-A,YMR171C,0,-1.2800723,0.12360890209674835,0.8847795128822327,0.6273115277290344
YLR037C,YKL208W,0,-1.2802863,0.12358434498310089,0.8847795128822327,0.6274537444114685
YOR386W,YBR057C,0,-1.2803502,0.12355979532003403,0.8847795128822327,0.6275960206985474
YOR032C,YBL082C,0,-1.2804799,0.12353525310754776,0.8847795128822327,0.6277382373809814
YPL230W,YBR268W,0,-1.2809638,0.12351072579622269,0.8847795128822327,0.6278805136680603
YHR099W,YOL003C,0,-1.2811308,0.12348619848489761,0.8847795128822327,0.6280227303504944
YCR094W,YCR067C,0,-1.2811494,0.12346169352531433,0.8847795128822327,0.6281650066375732
YLR421C,YAL061W,0,-1.2813227,0.12343718856573105,0.8847795128822327,0.6283072829246521
YDR212W,YIL051C,0,-1.2815131,0.12341269850730896,0.8847795128822327,0.6284494996070862
YIL007C,YKR098C,0,-1.2817397,0.12338821589946747,0.8847795128822327,0.628591775894165
YCR008W,YML086C,0,-1.2820373,0.12336374819278717,0.8847795128822327,0.6287339925765991
YDR073W,YGL126W,0,-1.282152,0.12333928048610687,0.8847795128822327,0.628876268863678
YDR182W,YLR276C,0,-1.2823308,0.12331482768058777,0.8847795128822327,0.6290184855461121
YPL140C,YGR004W,0,-1.2824708,0.12329038977622986,0.8847795128822327,0.6291607618331909
YPL049C,YDR483W,0,-1.2826185,0.12326595187187195,0.8847795128822327,0.629302978515625
YMR208W,YMR094W,0,-1.2831576,0.12324152886867523,0.8847795128822327,0.6294452548027039
YOL100W,YML012W,0,-1.2833982,0.12321711331605911,0.8847795128822327,0.6295874714851379
YLR371W,YMR156C,0,-1.2834281,0.12319271266460419,0.8847795128822327,0.6297297477722168
YLR427W,YJL099W,0,-1.2839949,0.12316831946372986,0.8847795128822327,0.6298719644546509
YDL056W,YHL032C,0,-1.2841101,0.12314393371343613,0.8847795128822327,0.6300142407417297
YLR189C,YHR010W,0,-1.284323,0.12311955541372299,0.8847795128822327,0.6301564574241638
YOL147C,YLR116W,0,-1.2845438,0.12309519201517105,0.8847795128822327,0.6302987337112427
YLR239C,YBL018C,0,-1.2845707,0.12307083606719971,0.8847795128822327,0.6304409503936768
YCR039C,YMR059W,0,-1.2846216,0.12304648756980896,0.8847795128822327,0.6305832266807556
YGR071C,YMR225C,0,-1.2846454,0.1230221539735794,0.8847795128822327,0.6307254433631897
YAL019W,YLR013W,0,-1.2848614,0.12299782782793045,0.8847795128822327,0.6308677196502686
YKL101W,YNR019W,0,-1.2849272,0.12297350913286209,0.8847795128822327,0.6310099363327026
YMR237W,YPL177C,0,-1.2851844,0.12294919788837433,0.8847795128822327,0.6311522126197815
YKR067W,YER123W,0,-1.2852228,0.12292490154504776,0.8847795128822327,0.6312944293022156
YGR059W,YOR087W,0,-1.285433,0.12290061265230179,0.8847795128822327,0.6314367055892944
YBR126C,YJR075W,0,-1.2855313,0.12287633121013641,0.8847795128822327,0.6315789222717285
YPL053C,YER060W,0,-1.2855463,0.12285206466913223,0.8847795128822327,0.6317211985588074
YBL090W,YMR282C,1,-1.2855725,0.12302527576684952,0.8862019777297974,0.6317211985588074
YNL330C,YLR067C,0,-1.2856128,0.12300098687410355,0.8862019777297974,0.6318634152412415
YJL165C,YOL138C,0,-1.2856487,0.12297670543193817,0.8862019777297974,0.6320056915283203
YIL160C,YBR237W,0,-1.2857462,0.12295243889093399,0.8862019777297974,0.6321479082107544
YML042W,YOR335C,0,-1.2858077,0.1229281798005104,0.8862019777297974,0.6322901844978333
YPL048W,YDL106C,0,-1.2859498,0.12290392816066742,0.8862019777297974,0.6324324607849121
YER164W,YGL185C,0,-1.2862487,0.12287968397140503,0.8862019777297974,0.6325746774673462
YER025W,YPR025C,1,-1.2868664,0.12305264919996262,0.8876244425773621,0.6325746774673462
YPL190C,YJL069C,0,-1.2872055,0.12302839010953903,0.8876244425773621,0.632716953754425
YPL106C,YDL081C,0,-1.2872925,0.12300413846969604,0.8876244425773621,0.6328591704368591
YGL044C,YER007W,0,-1.2873368,0.12297989428043365,0.8876244425773621,0.633001446723938
YNR053C,YGR209C,0,-1.2875149,0.12295566499233246,0.8876244425773621,0.6331436634063721
YLR068W,YIL005W,0,-1.2876266,0.12293144315481186,0.8876244425773621,0.6332859396934509
YGL136C,YDL087C,0,-1.2879418,0.12290722876787186,0.8876244425773621,0.633428156375885
YPL076W,YNL061W,0,-1.2880071,0.12288302183151245,0.8876244425773621,0.6335704326629639
YDR328C,YOR073W,0,-1.2881255,0.12285882979631424,0.8876244425773621,0.633712649345398
YEL051W,YDR041W,0,-1.2882009,0.12283464521169662,0.8876244425773621,0.6338549256324768
YBR112C,YNR032W,0,-1.2882125,0.1228104680776596,0.8876244425773621,0.6339971423149109
YHR120W,YIL009W,0,-1.2882175,0.12278630584478378,0.8876244425773621,0.6341394186019897
YOL023W,YNL244C,1,-1.2883282,0.12295888364315033,0.8890469670295715,0.6341394186019897
YGR292W,YML067C,0,-1.2884183,0.12293469905853271,0.8890469670295715,0.6342816352844238
YOR181W,YOR157C,0,-1.2885865,0.1229105219244957,0.8890469670295715,0.6344239115715027
YOR391C,YGL029W,0,-1.2888955,0.12288635224103928,0.8890469670295715,0.6345661282539368
YJL056C,YLR017W,0,-1.2889038,0.12286219745874405,0.8890469670295715,0.6347084045410156
YMR195W,YBR258C,0,-1.2891119,0.12283805012702942,0.8890469670295715,0.6348506212234497
YHR034C,YDR099W,0,-1.2897027,0.12281391024589539,0.8890469670295715,0.6349928975105286
YLR453C,YJR048W,0,-1.2897825,0.12278978526592255,0.8890469670295715,0.6351351141929626
YDR363W,YJR017C,0,-1.2898452,0.1227656677365303,0.8890469670295715,0.6352773904800415
YDR162C,YEL042W,0,-1.2899325,0.12274155765771866,0.8890469670295715,0.6354196071624756
YDR141C,YDR038C,0,-1.2904938,0.12271745502948761,0.8890469670295715,0.6355618834495544
YCR039C,YIL147C,0,-1.2905657,0.12269336730241776,0.8890469670295715,0.6357041001319885
YJL001W,YOR234C,0,-1.2906721,0.1226692870259285,0.8890469670295715,0.6358463764190674
YOR373W,YGR206W,0,-1.2912754,0.12264521420001984,0.8890469670295715,0.6359885931015015
YDL243C,YAR014C,0,-1.2913017,0.12262114882469177,0.8890469670295715,0.6361308693885803
YKL132C,YLR336C,0,-1.2915642,0.1225970983505249,0.8890469670295715,0.6362730860710144
YPR052C,YIL065C,0,-1.2916313,0.12257305532693863,0.8890469670295715,0.6364153623580933
YGL156W,YNL130C,0,-1.2918352,0.12254901975393295,0.8890469670295715,0.6365576386451721
YOR010C,YPR031W,0,-1.2919433,0.12252499163150787,0.8890469670295715,0.6366998553276062
YBL097W,YBR199W,0,-1.2921036,0.12250097841024399,0.8890469670295715,0.6368421316146851
YNL156C,YHR196W,0,-1.2923428,0.1224769726395607,0.8890469670295715,0.6369843482971191
YFR027W,YDR085C,0,-1.2925266,0.1224529817700386,0.8890469670295715,0.637126624584198
YGL178W,YFR008W,0,-1.2927525,0.12242899090051651,0.8890469670295715,0.6372688412666321
YPR094W,YJL133W,0,-1.2931186,0.12240501493215561,0.8890469670295715,0.6374111175537109
YBR119W,YER133W,0,-1.2931271,0.1223810464143753,0.8890469670295715,0.637553334236145
YCL066W,YER075C,0,-1.2935646,0.1223570853471756,0.8890469670295715,0.6376956105232239
YLR116W,YKL110C,0,-1.293617,0.12233313918113708,0.8890469670295715,0.637837827205658
YHL002W,YNL189W,0,-1.293997,0.12230920046567917,0.8890469670295715,0.6379801034927368
YFL018C,YLR423C,0,-1.2941885,0.12228526920080185,0.8890469670295715,0.6381223201751709
YDL110C,YGL047W,0,-1.2942584,0.12226134538650513,0.8890469670295715,0.6382645964622498
YOR202W,YJR159W,0,-1.2943071,0.1222374364733696,0.8890469670295715,0.6384068131446838
YML018C,YJL154C,0,-1.2944609,0.12221353501081467,0.8890469670295715,0.6385490894317627
YOR043W,YDL205C,0,-1.2946016,0.12218964099884033,0.8890469670295715,0.6386913061141968
YMR236W,YER058W,0,-1.2947384,0.1221657544374466,0.8890469670295715,0.6388335824012756
YFR055W,YPL269W,0,-1.2947817,0.12214188277721405,0.8890469670295715,0.6389757990837097
YMR237W,YJL111W,0,-1.2951128,0.1221180185675621,0.8890469670295715,0.6391180753707886
YML081W,YIL107C,0,-1.2951194,0.12209416180849075,0.8890469670295715,0.6392602920532227
YMR266W,YKR065C,0,-1.2951524,0.1220703125,0.8890469670295715,0.6394025683403015
YNL164C,YAL014C,0,-1.2952445,0.12204647809267044,0.8890469670295715,0.6395447850227356
YDR247W,YJL063C,0,-1.2952725,0.12202264368534088,0.8890469670295715,0.6396870613098145
YOR156C,YLR038C,0,-1.2953017,0.12199883162975311,0.8890469670295715,0.6398292779922485
YOL137W,YML038C,0,-1.2953112,0.12197501957416534,0.8890469670295715,0.6399715542793274
YLR201C,YLR055C,0,-1.2955129,0.12195122241973877,0.8890469670295715,0.6401137709617615
YHR101C,YPL059W,0,-1.2961355,0.1219274252653122,0.8890469670295715,0.6402560472488403
YOR130C,YKL021C,0,-1.29616,0.12190365046262741,0.8890469670295715,0.6403982639312744
YGR097W,YLR364W,0,-1.2963326,0.12187987565994263,0.8890469670295715,0.6405405402183533
YGR088W,YOR320C,0,-1.2964365,0.12185611575841904,0.8890469670295715,0.6406828165054321
YOR118W,YMR285C,0,-1.2968243,0.12183235585689545,0.8890469670295715,0.6408250331878662
YPL092W,YKL110C,0,-1.2969009,0.12180861085653305,0.8890469670295715,0.6409673094749451
YCR040W,YBR216C,0,-1.2970773,0.12178488075733185,0.8890469670295715,0.6411095261573792
YBR301W,YDL149W,0,-1.297238,0.12176115065813065,0.8890469670295715,0.641251802444458
YOR132W,YLR337C,0,-1.2977476,0.12173743546009064,0.8890469670295715,0.6413940191268921
YNL315C,YPR071W,0,-1.2978747,0.12171372771263123,0.8890469670295715,0.641536295413971
YDR002W,YHR188C,0,-1.2981535,0.12169003486633301,0.8890469670295715,0.641678512096405
YHR102W,YLR327C,0,-1.2981806,0.12166634202003479,0.8890469670295715,0.6418207883834839
YMR098C,YKR052C,0,-1.2985109,0.12164266407489777,0.8890469670295715,0.641963005065918
YOR132W,YDL166C,0,-1.2987232,0.12161899358034134,0.8890469670295715,0.6421052813529968
YIL039W,YGR165W,0,-1.2989298,0.12159533053636551,0.8890469670295715,0.6422474980354309
YDR141C,YOR001W,0,-1.2991436,0.12157167494297028,0.8890469670295715,0.6423897743225098
YDR324C,YEL006W,0,-1.2991483,0.12154803425073624,0.8890469670295715,0.6425319910049438
YDR289C,YJR159W,0,-1.2993603,0.1215244010090828,0.8890469670295715,0.6426742672920227
YDR495C,YDR347W,0,-1.299418,0.12150077521800995,0.8890469670295715,0.6428164839744568
YHR112C,YPL153C,0,-1.2997649,0.1214771643280983,0.8890469670295715,0.6429587602615356
YNL071W,YDR027C,0,-1.3003621,0.12145355343818665,0.8890469670295715,0.6431009769439697
YDR153C,YJL186W,0,-1.3013455,0.12142995744943619,0.8890469670295715,0.6432432532310486
YLR371W,YHR042W,0,-1.3019068,0.12140636891126633,0.8890469670295715,0.6433854699134827
YLR086W,YIL119C,0,-1.3020332,0.12138279527425766,0.8890469670295715,0.6435277462005615
YLL005C,YNL061W,0,-1.3021183,0.12135922163724899,0.8890469670295715,0.6436699628829956
YOR069W,YOR175C,0,-1.3022838,0.12133566290140152,0.8890469670295715,0.6438122391700745
YLR204W,YKL196C,0,-1.3026185,0.12131211161613464,0.8890469670295715,0.6439544558525085
YML014W,YFR015C,0,-1.302829,0.12128856778144836,0.8890469670295715,0.6440967321395874
YHR027C,YOR306C,0,-1.3029481,0.12126503884792328,0.8890469670295715,0.6442389488220215
YBR107C,YNL207W,0,-1.3030598,0.1212415099143982,0.8890469670295715,0.6443812251091003
YNR023W,YGL257C,0,-1.3031949,0.1212179958820343,0.8890469670295715,0.6445234417915344
YDR464W,YLR096W,0,-1.3032236,0.12119448930025101,0.8890469670295715,0.6446657180786133
YDR283C,YCR077C,1,-1.3033109,0.12136486917734146,0.8904694318771362,0.6446657180786133
YGR292W,YGR121C,0,-1.3036169,0.12134134769439697,0.8904694318771362,0.6448079943656921
YPL019C,YBR008C,0,-1.3036636,0.12131782621145248,0.8904694318771362,0.6449502110481262
YKR048C,YOL156W,0,-1.3037279,0.12129431962966919,0.8904694318771362,0.6450924873352051
YCR081W,YNR048W,0,-1.3040271,0.12127082794904709,0.8904694318771362,0.6452347040176392
YBR049C,YML127W,0,-1.3043832,0.12124733626842499,0.8904694318771362,0.645376980304718
YHR121W,YDR110W,0,-1.3047426,0.12122385948896408,0.8904694318771362,0.6455191969871521
YOR081C,YML061C,0,-1.3048347,0.12120039016008377,0.8904694318771362,0.645661473274231
YBR136W,YMR142C,0,-1.30486,0.12117692828178406,0.8904694318771362,0.645803689956665
YLR071C,YLR239C,0,-1.304898,0.12115347385406494,0.8904694318771362,0.6459459662437439
YLR095C,YER083C,0,-1.3051028,0.12113003432750702,0.8904694318771362,0.646088182926178
YMR139W,YNL061W,0,-1.3051385,0.1211065948009491,0.8904694318771362,0.6462304592132568
YGR086C,YFR003C,0,-1.3055434,0.12108317017555237,0.8904694318771362,0.6463726758956909
YJL156C,YPL089C,0,-1.3056355,0.12105975300073624,0.8904694318771362,0.6465149521827698
YOR132W,YPL026C,0,-1.3057604,0.1210363507270813,0.8904694318771362,0.6466571688652039
YHL047C,YLR116W,0,-1.3057826,0.12101294845342636,0.8904694318771362,0.6467994451522827
YKL125W,YOR359W,0,-1.3058866,0.12098956108093262,0.8904694318771362,0.6469416618347168
YNL218W,YDR228C,0,-1.3061258,0.12096618115901947,0.8904694318771362,0.6470839381217957
YKL176C,YOR069W,0,-1.3062727,0.12094281613826752,0.8904694318771362,0.6472261548042297
YOL069W,YBR280C,0,-1.3074397,0.12091945111751556,0.8904694318771362,0.6473684310913086
YLR275W,YPL026C,0,-1.3076758,0.1208961009979248,0.8904694318771362,0.6475106477737427
YNL090W,YBR208C,0,-1.3077291,0.12087275832891464,0.8904694318771362,0.6476529240608215
YJR010C-A,YDR354W,0,-1.3077543,0.12084942311048508,0.8904694318771362,0.6477951407432556
YDL240W,YDR128W,0,-1.3080516,0.12082609534263611,0.8904694318771362,0.6479374170303345
YMR106C,YFR025C,0,-1.3084288,0.12080278247594833,0.8904694318771362,0.6480796337127686
YNL023C,YDR307W,0,-1.3085312,0.12077946960926056,0.8904694318771362,0.6482219099998474
YDR080W,YJL054W,0,-1.3085455,0.12075617164373398,0.8904694318771362,0.6483641266822815
YOR086C,YJR049C,0,-1.3089759,0.120732881128788,0.8904694318771362,0.6485064029693604
YGL043W,YJL101C,0,-1.3090564,0.1207096055150032,0.8904694318771362,0.6486486196517944
YIL167W,YMR067C,0,-1.3090975,0.12068632990121841,0.8904694318771362,0.6487908959388733
YOR066W,YER139C,0,-1.3094503,0.12066306918859482,0.8904694318771362,0.6489331722259521
YIL103W,YNL115C,0,-1.3096555,0.12063981592655182,0.8904694318771362,0.6490753889083862
YML118W,YJL204C,0,-1.3097378,0.12061657011508942,0.8904694318771362,0.6492176651954651
YGR194C,YML121W,0,-1.3104762,0.12059333175420761,0.8904694318771362,0.6493598818778992
YLR276C,YJL127C,0,-1.3105131,0.120570108294487,0.8904694318771362,0.649502158164978
YKR038C,YDL161W,0,-1.3112525,0.12054689228534698,0.8904694318771362,0.6496443748474121
YDR356W,YHL035C,0,-1.311635,0.12052368372678757,0.8904694318771362,0.649786651134491
YIL009C-A,YGL219C,0,-1.312122,0.12050048261880875,0.8904694318771362,0.649928867816925
YBR018C,YML127W,0,-1.3123716,0.12047728896141052,0.8904694318771362,0.6500711441040039
YDL099W,YDR488C,0,-1.3128747,0.12045411020517349,0.8904694318771362,0.650213360786438
YGR080W,YGR033C,0,-1.3130647,0.12043093144893646,0.8904694318771362,0.6503556370735168
YGR202C,YIR036C,0,-1.3130689,0.12040776759386063,0.8904694318771362,0.6504978537559509
YML076C,YER029C,0,-1.3133668,0.12038461863994598,0.8904694318771362,0.6506401300430298
YNR055C,YDL006W,0,-1.3138294,0.12036146968603134,0.8904694318771362,0.6507823467254639
YDR409W,YOR057W,0,-1.3140308,0.1203383281826973,0.8904694318771362,0.6509246230125427
YKL029C,YLR275W,0,-1.3142612,0.12031520158052444,0.8904694318771362,0.6510668396949768
YJL003W,YDR465C,0,-1.314597,0.12029208242893219,0.8904694318771362,0.6512091159820557
YPR025C,YOR361C,1,-1.3147342,0.12046109139919281,0.8918918967247009,0.6512091159820557
YKR014C,YGL189C,0,-1.3152721,0.12043795734643936,0.8918918967247009,0.6513513326644897
YMR207C,YBL071W-A,0,-1.3156971,0.12041482329368591,0.8918918967247009,0.6514936089515686
YOR260W,YMR282C,1,-1.3159028,0.12058372050523758,0.8933143615722656,0.6514936089515686
YAL048C,YHL001W,0,-1.3160028,0.12056057155132294,0.8933143615722656,0.6516358256340027
YOL059W,YHL007C,0,-1.3163342,0.12053743004798889,0.8933143615722656,0.6517781019210815
YOL027C,YDR350C,0,-1.3163493,0.12051429599523544,0.8933143615722656,0.6519203186035156
YHR107C,YDR028C,0,-1.3164505,0.12049117684364319,0.8933143615722656,0.6520625948905945
YBL024W,YNL037C,0,-1.3168011,0.12046805769205093,0.8933143615722656,0.6522048115730286
YIL062C,YOL006C,0,-1.3169036,0.12044495344161987,0.8933143615722656,0.6523470878601074
YNL326C,YPL004C,0,-1.3171058,0.12042185664176941,0.8933143615722656,0.6524893045425415
YOR014W,YHL007C,0,-1.3174464,0.12039877474308014,0.8933143615722656,0.6526315808296204
YBR079C,YNL007C,1,-1.3174856,0.12056737393140793,0.8947368264198303,0.6526315808296204
YNR032C-A,YNL256W,0,-1.3176752,0.12054426968097687,0.8947368264198303,0.6527737975120544
YDL085W,YMR079W,0,-1.3177868,0.1205211728811264,0.8947368264198303,0.6529160737991333
YMR125W,YDL147W,0,-1.3178611,0.12049808353185654,0.8947368264198303,0.6530583500862122
YGL130W,YIL063C,0,-1.3179998,0.12047500163316727,0.8947368264198303,0.6532005667686462
YBR003W,YNL185C,0,-1.3181578,0.12045193463563919,0.8947368264198303,0.6533428430557251
YDR528W,YOR320C,0,-1.3182652,0.12042887508869171,0.8947368264198303,0.6534850597381592
YDR121W,YHL020C,0,-1.3185825,0.12040582299232483,0.8947368264198303,0.653627336025238
YDR299W,YDR522C,0,-1.3186481,0.12038277834653854,0.8947368264198303,0.6537695527076721
YCR096C,YHR050W,0,-1.3187002,0.12035974115133286,0.8947368264198303,0.653911828994751
YKL195W,YER044C-A,0,-1.3189076,0.12033671140670776,0.8947368264198303,0.6540540456771851
YNL292W,YGR170W,0,-1.3189118,0.12031369656324387,0.8947368264198303,0.6541963219642639
YPL171C,YMR083W,0,-1.3191094,0.12029068917036057,0.8947368264198303,0.654338538646698
YCR017C,YIL101C,0,-1.3193009,0.12026768922805786,0.8947368264198303,0.6544808149337769
YKL155C,YLR055C,0,-1.3193055,0.12024469673633575,0.8947368264198303,0.6546230316162109
YML115C,YLR190W,0,-1.3193766,0.12022171169519424,0.8947368264198303,0.6547653079032898
YOR061W,YNR041C,0,-1.319689,0.12019874155521393,0.8947368264198303,0.6549075245857239
YJL013C,YML075C,0,-1.3197227,0.12017577141523361,0.8947368264198303,0.6550498008728027
YOR118W,YBR018C,0,-1.319943,0.12015281617641449,0.8947368264198303,0.6551920175552368
YKL154W,YOL008W,0,-1.3201035,0.12012986838817596,0.8947368264198303,0.6553342938423157
YMR312W,YJR066W,0,-1.3201632,0.12010692805051804,0.8947368264198303,0.6554765105247498
YOL023W,YGL049C,1,-1.3205547,0.12027491629123688,0.896159291267395,0.6554765105247498
YJL057C,YOR316C,0,-1.320951,0.12025195360183716,0.896159291267395,0.6556187868118286
YEL065W,YMR302C,0,-1.3212734,0.12022900581359863,0.896159291267395,0.6557610034942627
YOL041C,YNL041C,0,-1.3216643,0.1202060654759407,0.896159291267395,0.6559032797813416
YAL009W,YGL253W,0,-1.3219166,0.12018313258886337,0.896159291267395,0.6560454964637756
YDR073W,YOR094W,0,-1.321939,0.12016021460294724,0.896159291267395,0.6561877727508545
YDR118W,YMR271C,0,-1.3222558,0.1201372966170311,0.896159291267395,0.6563299894332886
YML042W,YBR291C,0,-1.3223863,0.12011439353227615,0.896159291267395,0.6564722657203674
YPL209C,YNL243W,0,-1.3227568,0.1200914978981018,0.896159291267395,0.6566144824028015
YOR336W,YER155C,0,-1.3229322,0.12006860971450806,0.896159291267395,0.6567567586898804
YKL101W,YLR373C,0,-1.3229414,0.1200457289814949,0.896159291267395,0.6568989753723145
YLR362W,YNL224C,0,-1.3229564,0.12002286314964294,0.896159291267395,0.6570412516593933
YMR314W,YNR019W,0,-1.323299,0.11999999731779099,0.896159291267395,0.6571835279464722
YJL013C,YPL266W,0,-1.3234789,0.11997714638710022,0.896159291267395,0.6573257446289062
YHR172W,YLR352W,0,-1.3235648,0.11995430290699005,0.896159291267395,0.6574680209159851
YPL203W,YML075C,0,-1.3235922,0.11993146687746048,0.896159291267395,0.6576102375984192
YPR134W,YGL021W,0,-1.3240334,0.1199086382985115,0.896159291267395,0.657752513885498
YKL138C,YCR094W,0,-1.3240367,0.11988582462072372,0.896159291267395,0.6578947305679321
YGL032C,YMR318C,0,-1.3242415,0.11986301094293594,0.896159291267395,0.658037006855011
YLR256W,YNL124W,0,-1.3247161,0.11984021216630936,0.896159291267395,0.6581792235374451
YAR015W,YDR345C,0,-1.3249536,0.11981742084026337,0.896159291267395,0.6583214998245239
YJL045W,YJL164C,0,-1.3250122,0.11979463696479797,0.896159291267395,0.658463716506958
YJL062W,YPL158C,0,-1.3251483,0.11977186053991318,0.896159291267395,0.6586059927940369
YGL076C,YJR052W,0,-1.3252432,0.11974909901618958,0.896159291267395,0.658748209476471
YLR307W,YCR036W,0,-1.3253716,0.11972633749246597,0.896159291267395,0.6588904857635498
YHR185C,YGR023W,0,-1.3254071,0.11970359086990356,0.896159291267395,0.6590327024459839
YCR008W,YBR008C,0,-1.3254371,0.11968085169792175,0.896159291267395,0.6591749787330627
YMR177W,YPL140C,0,-1.3256919,0.11965811997652054,0.896159291267395,0.6593171954154968
YNL039W,YMR076C,0,-1.3257086,0.11963539570569992,0.896159291267395,0.6594594717025757
YLR378C,YOR384W,0,-1.3257341,0.1196126863360405,0.896159291267395,0.6596016883850098
YDL194W,YCL035C,0,-1.3260319,0.11958997696638107,0.896159291267395,0.6597439646720886
YDL204W,YNL088W,0,-1.3260648,0.11956728249788284,0.896159291267395,0.6598861813545227
YDL243C,YBL071W-A,0,-1.32638,0.11954459547996521,0.896159291267395,0.6600284576416016
YLR369W,YFR040W,0,-1.326452,0.11952191591262817,0.896159291267395,0.6601706743240356
YBR168W,YNL159C,0,-1.3264686,0.11949924379587173,0.896159291267395,0.6603129506111145
YJL083W,YLL050C,0,-1.326534,0.11947657912969589,0.896159291267395,0.6604551672935486
YLR427W,YOL019W,0,-1.3265755,0.11945392191410065,0.896159291267395,0.6605974435806274
YMR190C,YBR289W,0,-1.3267813,0.1194312795996666,0.896159291267395,0.6607396602630615
YOR010C,YPL126W,0,-1.3268758,0.11940864473581314,0.896159291267395,0.6608819365501404
YJR064W,YPL115C,0,-1.3268905,0.11938601732254028,0.896159291267395,0.6610241532325745
YDL008W,YNL221C,0,-1.3270619,0.11936339735984802,0.896159291267395,0.6611664295196533
YPL202C,YML070W,0,-1.3274077,0.11934078484773636,0.896159291267395,0.6613087058067322
YOR064C,YNL280C,0,-1.3274497,0.11931817978620529,0.896159291267395,0.6614509224891663
YPL156C,YJR108W,0,-1.3275079,0.11929558962583542,0.896159291267395,0.6615931987762451
YGR266W,YLR128W,0,-1.3278043,0.11927299946546555,0.896159291267395,0.6617354154586792
YGR224W,YBR156C,0,-1.3280112,0.11925042420625687,0.896159291267395,0.6618776917457581
YLL010C,YOR003W,0,-1.3280964,0.11922785639762878,0.896159291267395,0.6620199084281921
YKR050W,YJL116C,0,-1.3288107,0.1192052960395813,0.896159291267395,0.662162184715271
YPR154W,YOR174W,0,-1.3293686,0.11918275058269501,0.896159291267395,0.6623044013977051
YEL024W,YPR008W,0,-1.3294072,0.11916020512580872,0.896159291267395,0.6624466776847839
YGR271C-A,YOR191W,0,-1.3296816,0.11913766711950302,0.896159291267395,0.662588894367218
YER127W,YDR058C,0,-1.3298295,0.11911514401435852,0.896159291267395,0.6627311706542969
YIL138C,YGR247W,0,-1.3299199,0.11909262835979462,0.896159291267395,0.662873387336731
YCR034W,YER018C,0,-1.3300896,0.11907012015581131,0.896159291267395,0.6630156636238098
YIR019C,YOR253W,0,-1.3300915,0.1190476194024086,0.896159291267395,0.6631578803062439
YER069W,YOR257W,0,-1.3301787,0.11902512609958649,0.896159291267395,0.6633001565933228
YDL112W,YPL181W,0,-1.330596,0.11900264769792557,0.896159291267395,0.6634423732757568
YOR360C,YJR102C,0,-1.3308822,0.11898016929626465,0.896159291267395,0.6635846495628357
YDR283C,YBL013W,1,-1.3309609,0.11914652585983276,0.8975818157196045,0.6635846495628357
YGR162W,YPR025C,1,-1.3311486,0.1193128153681755,0.8990042805671692,0.6635846495628357
YAL053W,YEL038W,0,-1.3319442,0.1192902997136116,0.8990042805671692,0.6637268662452698
YFR046C,YJR002W,0,-1.3320799,0.1192677840590477,0.8990042805671692,0.6638691425323486
YAL041W,YHL035C,0,-1.3322796,0.11924528330564499,0.8990042805671692,0.6640113592147827
YML013W,YBR198C,0,-1.3330293,0.11922279000282288,0.8990042805671692,0.6641536355018616
YOR192C,YDR323C,0,-1.3333129,0.11920030415058136,0.8990042805671692,0.6642958521842957
YDL145C,YLR077W,0,-1.3333133,0.11917782574892044,0.8990042805671692,0.6644381284713745
YJR108W,YMR216C,0,-1.3333282,0.11915535479784012,0.8990042805671692,0.6645803451538086
YOR122C,YBL067C,0,-1.3333383,0.1191328912973404,0.8990042805671692,0.6647226214408875
YJR086W,YGL128C,0,-1.3334078,0.11911044269800186,0.8990042805671692,0.6648648381233215
YBR181C,YLR381W,0,-1.33361,0.11908799409866333,0.8990042805671692,0.6650071144104004
YCL035C,YML069W,0,-1.333751,0.11906556040048599,0.8990042805671692,0.6651493310928345
YIR009W,YDL132W,0,-1.3338218,0.11904313415288925,0.8990042805671692,0.6652916073799133
YMR042W,YJR134C,0,-1.3339828,0.11902071535587311,0.8990042805671692,0.6654338836669922
YOR190W,YHR098C,0,-1.3340021,0.11899830400943756,0.8990042805671692,0.6655761003494263
YKL218C,YML015C,0,-1.3340166,0.11897590011358261,0.8990042805671692,0.6657183766365051
YHR147C,YOR132W,0,-1.3340666,0.11895351111888885,0.8990042805671692,0.6658605933189392
YMR242C,YBR241C,0,-1.3344253,0.1189311221241951,0.8990042805671692,0.6660028696060181
YPL076W,YHL007C,0,-1.3346031,0.11890874803066254,0.8990042805671692,0.6661450862884521
YEL011W,YKL108W,0,-1.3347634,0.11888638138771057,0.8990042805671692,0.666287362575531
YBR054W,YBR153W,0,-1.3347788,0.1188640221953392,0.8990042805671692,0.6664295792579651
YGL219C,YKL039W,0,-1.3353465,0.11884167045354843,0.8990042805671692,0.666571855545044
YMR139W,YGR156W,0,-1.3353858,0.11881932616233826,0.8990042805671692,0.666714072227478
YLR178C,YGL127C,0,-1.3354492,0.11879698932170868,0.8990042805671692,0.6668563485145569
YNL094W,YKR089C,0,-1.3354616,0.1187746673822403,0.8990042805671692,0.666998565196991
YGR163W,YNL257C,0,-1.3357878,0.11875234544277191,0.8990042805671692,0.6671408414840698
YBL074C,YHR019C,0,-1.3358166,0.11873003840446472,0.8990042805671692,0.6672830581665039
YLR234W,YKL127W,0,-1.3359848,0.11870773881673813,0.8990042805671692,0.6674253344535828
YBR156C,YDR239C,0,-1.3360039,0.11868544667959213,0.8990042805671692,0.6675675511360168
YMR081C,YLR448W,0,-1.3361626,0.11866316199302673,0.8990042805671692,0.6677098274230957
YJL001W,YFL029C,0,-1.3363751,0.11864088475704193,0.8990042805671692,0.6678520441055298
YKL056C,YHR079C-A,0,-1.3364763,0.11861861497163773,0.8990042805671692,0.6679943203926086
YDR103W,YLR310C,0,-1.3365141,0.11859636008739471,0.8990042805671692,0.6681365370750427
YKL058W,YCL033C,0,-1.336575,0.1185741052031517,0.8990042805671692,0.6682788133621216
YDR118W,YER060W-A,0,-1.3366898,0.11855186522006989,0.8990042805671692,0.6684210300445557
YNL090W,YGL023C,0,-1.336988,0.11852963268756866,0.8990042805671692,0.6685633063316345
YIR037W,YML015C,0,-1.3371892,0.11850740760564804,0.8990042805671692,0.6687055230140686
YPR009W,YHR152W,0,-1.3375531,0.11848518997430801,0.8990042805671692,0.6688477993011475
YCR092C,YNL145W,0,-1.3380178,0.11846297979354858,0.8990042805671692,0.6689900159835815
YGR068C,YLR328W,0,-1.3380637,0.11844077706336975,0.8990042805671692,0.6691322922706604
YPL179W,YDR084C,0,-1.3382258,0.11841858923435211,0.8990042805671692,0.6692745089530945
YGR049W,YBR068C,0,-1.338321,0.11839640140533447,0.8990042805671692,0.6694167852401733
YOR151C,YOR270C,0,-1.3384378,0.11837422847747803,0.8990042805671692,0.6695590615272522
YNL090W,YAL014C,0,-1.3386977,0.11835206300020218,0.8990042805671692,0.6697012782096863
YLL038C,YLR039C,0,-1.3398508,0.11832989752292633,0.8990042805671692,0.6698435544967651
YJR094W-A,YFL055W,0,-1.3401058,0.11830774694681168,0.8990042805671692,0.6699857711791992
YPR065W,YOL018C,0,-1.3403083,0.11828560382127762,0.8990042805671692,0.6701280474662781
YNL123W,YOR303W,0,-1.3404934,0.11826347559690475,0.8990042805671692,0.6702702641487122
YDL056W,YOL094C,0,-1.3408561,0.11824134737253189,0.8990042805671692,0.670412540435791
YNL123W,YIL066C,0,-1.3409972,0.11821922659873962,0.8990042805671692,0.6705547571182251
YOR217W,YIR006C,0,-1.3411918,0.11819712072610855,0.8990042805671692,0.670697033405304
YJR160C,YLL009C,0,-1.3416438,0.11817502230405807,0.8990042805671692,0.670839250087738
YPL242C,YOL119C,0,-1.3418603,0.1181529238820076,0.8990042805671692,0.6709815263748169
YLR155C,YLR011W,0,-1.3418621,0.11813084036111832,0.8990042805671692,0.671123743057251
YOR260W,YCR077C,1,-1.3418833,0.11829564720392227,0.9004267454147339,0.671123743057251
YNL270C,YJR066W,0,-1.3420787,0.1182735413312912,0.9004267454147339,0.6712660193443298
YIL033C,YGL211W,0,-1.342284,0.11825145035982132,0.9004267454147339,0.6714082360267639
YDL247W,YOR197W,0,-1.342341,0.11822935938835144,0.9004267454147339,0.6715505123138428
YDR536W,YDR448W,0,-1.3425604,0.11820728331804276,0.9004267454147339,0.6716927289962769
YNR038W,YMR287C,0,-1.3428155,0.11818521469831467,0.9004267454147339,0.6718350052833557
YER167W,YDL110C,0,-1.343043,0.11816315352916718,0.9004267454147339,0.6719772219657898
YDR126W,YLR361C,0,-1.3431538,0.11814109981060028,0.9004267454147339,0.6721194982528687
YDR252W,YBR176W,0,-1.3431706,0.11811905354261398,0.9004267454147339,0.6722617149353027
YLR061W,YDR242W,0,-1.3433827,0.11809701472520828,0.9004267454147339,0.6724039912223816
YGL136C,YLR417W,0,-1.3434001,0.11807498335838318,0.9004267454147339,0.6725462079048157
YDR123C,YLR133W,0,-1.3434845,0.11805296689271927,0.9004267454147339,0.6726884841918945
YGL098W,YFR009W,0,-1.3437223,0.11803095042705536,0.9004267454147339,0.6728307008743286
YOL065C,YPR066W,0,-1.3437872,0.11800894886255264,0.9004267454147339,0.6729729771614075
YDR280W,YNL289W,0,-1.3440347,0.11798695474863052,0.9004267454147339,0.6731151938438416
YPR143W,YGL003C,0,-1.3440917,0.117964968085289,0.9004267454147339,0.6732574701309204
YLR421C,YOR295W,0,-1.3442478,0.11794298142194748,0.9004267454147339,0.6733996868133545
YDR443C,YNL154C,0,-1.3442819,0.11792101711034775,0.9004267454147339,0.6735419631004333
YMR268C,YLR341W,0,-1.3443495,0.11789905279874802,0.9004267454147339,0.6736842393875122
YAL019W,YIR036C,0,-1.3446906,0.11787709593772888,0.9004267454147339,0.6738264560699463
YKR090W,YER075C,0,-1.3448133,0.11785514652729034,0.9004267454147339,0.6739687323570251
YBR264C,YMR106C,0,-1.3450996,0.117833212018013,0.9004267454147339,0.6741109490394592
YER041W,YIL036W,0,-1.3460336,0.11781127750873566,0.9004267454147339,0.6742532253265381
YNL310C,YDR384C,0,-1.3472627,0.1177893579006195,0.9004267454147339,0.6743954420089722
YNL207W,YDR214W,0,-1.3473816,0.11776743829250336,0.9004267454147339,0.674537718296051
YKL125W,YNL025C,0,-1.3475173,0.1177455335855484,0.9004267454147339,0.6746799349784851
YPL095C,YCR005C,0,-1.3477155,0.11772363632917404,0.9004267454147339,0.674822211265564
YLR276C,YDR148C,0,-1.3477459,0.11770174652338028,0.9004267454147339,0.674964427947998
YLL011W,YIR006C,0,-1.3478031,0.11767986416816711,0.9004267454147339,0.6751067042350769
YLR135W,YCL044C,0,-1.3478518,0.11765798926353455,0.9004267454147339,0.675248920917511
YOR361C,YPR086W,1,-1.3478689,0.11782196909189224,0.9018492102622986,0.675248920917511
YER184C,YNL207W,0,-1.3480318,0.11780007183551788,0.9018492102622986,0.6753911972045898
YER096W,YLR139C,0,-1.3480512,0.11777818948030472,0.9018492102622986,0.6755334138870239
YHR111W,YDR227W,0,-1.348367,0.11775631457567215,0.9018492102622986,0.6756756901741028
YIL062C,YHR116W,0,-1.348372,0.11773444712162018,0.9018492102622986,0.6758179068565369
YDR126W,YKL054C,0,-1.3488269,0.1177125871181488,0.9018492102622986,0.6759601831436157
YPL053C,YNR056C,0,-1.3489558,0.11769073456525803,0.9018492102622986,0.6761023998260498
YOR196C,YIL030C,0,-1.3490198,0.11766889691352844,0.9018492102622986,0.6762446761131287
YGL205W,YCL067C,0,-1.3491124,0.11764705926179886,0.9018492102622986,0.6763868927955627
YMR281W,YPL084W,0,-1.3495653,0.11762522906064987,0.9018492102622986,0.6765291690826416
YMR312W,YER051W,0,-1.3497124,0.11760341376066208,0.9018492102622986,0.6766713857650757
YKL185W,YGL011C,0,-1.3498473,0.11758160591125488,0.9018492102622986,0.6768136620521545
YCR063W,YOL084W,0,-1.3498514,0.11755979806184769,0.9018492102622986,0.6769558787345886
YIL065C,YAL048C,0,-1.3498627,0.11753800511360168,0.9018492102622986,0.6770981550216675
YGR008C,YLL036C,0,-1.3503389,0.11751621961593628,0.9018492102622986,0.6772403717041016
YPR023C,YOR244W,0,-1.3504565,0.11749444156885147,0.9018492102622986,0.6773826479911804
YDL030W,YOL049W,0,-1.3504808,0.11747267097234726,0.9018492102622986,0.6775248646736145
YGL192W,YBR127C,0,-1.3511853,0.11745090782642365,0.9018492102622986,0.6776671409606934
YMR167W,YHR086W,0,-1.351506,0.11742915213108063,0.9018492102622986,0.6778094172477722
YBR267W,YIR006C,0,-1.3515851,0.1174074038863182,0.9018492102622986,0.6779516339302063
YMR026C,YGR037C,0,-1.3515999,0.11738567054271698,0.9018492102622986,0.6780939102172852
YPL022W,YJL080C,0,-1.351938,0.11736393719911575,0.9018492102622986,0.6782361268997192
YMR011W,YDR162C,0,-1.3522031,0.11734221875667572,0.9018492102622986,0.6783784031867981
YHR032W,YER113C,0,-1.3522927,0.11732050031423569,0.9018492102622986,0.6785206198692322
YKL194C,YGL156W,0,-1.3523229,0.11729879677295685,0.9018492102622986,0.678662896156311
YCL044C,YLR139C,0,-1.3525348,0.1172771006822586,0.9018492102622986,0.6788051128387451
YML114C,YLR096W,0,-1.3528075,0.11725541204214096,0.9018492102622986,0.678947389125824
YOL146W,YMR105C,0,-1.3530866,0.11723373085260391,0.9018492102622986,0.6790896058082581
YML014W,YJL159W,0,-1.3532267,0.11721205711364746,0.9018492102622986,0.6792318820953369
YGR245C,YER048W-A,0,-1.3533075,0.1171903908252716,0.9018492102622986,0.679374098777771
YML046W,YDR294C,0,-1.3534902,0.11716873198747635,0.9018492102622986,0.6795163750648499
YMR042W,YLR006C,0,-1.3536196,0.11714708060026169,0.9018492102622986,0.6796585917472839
YNR075W,YDL010W,0,-1.3538541,0.11712543666362762,0.9018492102622986,0.6798008680343628
YDR283C,YBL090W,1,-1.3538862,0.1172885149717331,0.9032716751098633,0.6798008680343628
YMR161W,YKL114C,0,-1.3540637,0.11726684868335724,0.9032716751098633,0.6799430847167969
YPL103C,YOR044W,0,-1.3541958,0.11724519729614258,0.9032716751098633,0.6800853610038757
YHR107C,YPL177C,0,-1.3547074,0.11722355335950851,0.9032716751098633,0.6802275776863098
YOR005C,YMR101C,0,-1.3548462,0.11720191687345505,0.9032716751098633,0.6803698539733887
YNL257C,YMR275C,0,-1.3554816,0.11718029528856277,0.9032716751098633,0.6805120706558228
YOR172W,YDR120C,0,-1.3556174,0.1171586737036705,0.9032716751098633,0.6806543469429016
YLR121C,YNL055C,0,-1.3558272,0.11713705956935883,0.9032716751098633,0.6807965636253357
YGR133W,YKR046C,0,-1.3558487,0.11711545288562775,0.9032716751098633,0.6809388399124146
YDR434W,YIL157C,0,-1.3561404,0.11709386110305786,0.9032716751098633,0.6810810565948486
YLR138W,YIL085C,0,-1.3562577,0.11707226932048798,0.9032716751098633,0.6812233328819275
YHR191C,YGL063W,0,-1.3562732,0.11705069243907928,0.9032716751098633,0.6813655495643616
YNL173C,YNL093W,0,-1.3568221,0.1170291155576706,0.9032716751098633,0.6815078258514404
YKL176C,YJR090C,0,-1.357414,0.1170075535774231,0.9032716751098633,0.6816500425338745
YLL021W,YEL058W,0,-1.3574511,0.1169859990477562,0.9032716751098633,0.6817923188209534
YDR329C,YHR171W,0,-1.357732,0.11696445196866989,0.9032716751098633,0.6819345951080322
YNR050C,YPR181C,0,-1.3577508,0.11694291234016418,0.9032716751098633,0.6820768117904663
YOL055C,YKL222C,0,-1.3579091,0.11692138016223907,0.9032716751098633,0.6822190880775452
YGR096W,YMR006C,0,-1.3584447,0.11689985543489456,0.9032716751098633,0.6823613047599792
YJL129C,YLR014C,0,-1.3585687,0.11687833815813065,0.9032716751098633,0.6825035810470581
YLR144C,YHR011W,0,-1.3585715,0.11685682833194733,0.9032716751098633,0.6826457977294922
YDR141C,YDR179C,0,-1.3586019,0.1168353259563446,0.9032716751098633,0.682788074016571
YGR125W,YML065W,0,-1.3586519,0.11681383103132248,0.9032716751098633,0.6829302906990051
YLL057C,YBR073W,0,-1.3588082,0.11679235100746155,0.9032716751098633,0.683072566986084
YNL118C,YDR422C,0,-1.3588659,0.11677087098360062,0.9032716751098633,0.6832147836685181
YNL023C,YDR489W,0,-1.3588992,0.11674940586090088,0.9032716751098633,0.6833570599555969
YDR143C,YBR035C,0,-1.3589407,0.11672794073820114,0.9032716751098633,0.683499276638031
YGR078C,YNL321W,0,-1.3595412,0.1167064905166626,0.9032716751098633,0.6836415529251099
YIR034C,YBR084C-A,0,-1.3595558,0.11668504029512405,0.9032716751098633,0.683783769607544
YDR264C,YMR060C,0,-1.359611,0.1166636049747467,0.9032716751098633,0.6839260458946228
YHR165C,YIL107C,0,-1.3599955,0.11664217710494995,0.9032716751098633,0.6840682625770569
YBR039W,YNR019W,0,-1.3600537,0.1166207566857338,0.9032716751098633,0.6842105388641357
YNL049C,YBR057C,0,-1.3600706,0.11659933626651764,0.9032716751098633,0.6843527555465698
YNL145W,YLR433C,0,-1.36064,0.11657793074846268,0.9032716751098633,0.6844950318336487
YGR129W,YDR041W,0,-1.3606904,0.11655653268098831,0.9032716751098633,0.6846372485160828
YLR099C,YOR136W,0,-1.3613093,0.11653514206409454,0.9032716751098633,0.6847795248031616
YPL214C,YPL075W,0,-1.3613836,0.11651375889778137,0.9032716751098633,0.6849217414855957
YBR078W,YNL189W,0,-1.3615482,0.1164923831820488,0.9032716751098633,0.6850640177726746
YBL006C,YHR160C,0,-1.3615665,0.11647102236747742,0.9032716751098633,0.6852062344551086
YDL147W,YMR149W,0,-1.3617179,0.11644966155290604,0.9032716751098633,0.6853485107421875
YDR420W,YNR051C,0,-1.3617787,0.11642830818891525,0.9032716751098633,0.6854907274246216
YBR162W-A,YER021W,0,-1.3618995,0.11640696972608566,0.9032716751098633,0.6856330037117004
YOR056C,YPL189W,0,-1.3619432,0.11638563126325607,0.9032716751098633,0.6857752203941345
YFL011W,YLL015W,0,-1.3619787,0.11636430025100708,0.9032716751098633,0.6859174966812134
YHR017W,YLR226W,0,-1.362063,0.11634298413991928,0.9032716751098633,0.6860597729682922
YAL013W,YPR049C,0,-1.3622861,0.11632166802883148,0.9032716751098633,0.6862019896507263
YPL220W,YDR386W,0,-1.3623713,0.11630036681890488,0.9032716751098633,0.6863442659378052
YNL247W,YOR250C,0,-1.3624246,0.11627907305955887,0.9032716751098633,0.6864864826202393
YBR272C,YJR143C,0,-1.3629214,0.11625777930021286,0.9032716751098633,0.6866287589073181
YDR368W,YOR157C,0,-1.3634285,0.11623650044202805,0.9032716751098633,0.6867709755897522
YNL007C,YNL062C,1,-1.3640982,0.11639824509620667,0.904694139957428,0.6867709755897522
YGR029W,YOR076C,0,-1.364189,0.11637694388628006,0.904694139957428,0.686913251876831
YMR041C,YDR298C,0,-1.364367,0.11635565012693405,0.904694139957428,0.6870554685592651
YLR150W,YNL007C,1,-1.3644713,0.11651728302240372,0.9061166644096375,0.6870554685592651
YDR191W,YGR106C,0,-1.3648868,0.11649597436189651,0.9061166644096375,0.687197744846344
YOL027C,YHR158C,0,-1.3652159,0.11647467315196991,0.9061166644096375,0.6873399615287781
YLR052W,YGL011C,0,-1.3652483,0.1164533793926239,0.9061166644096375,0.6874822378158569
YJR118C,YER021W,0,-1.3656719,0.11643209308385849,0.9061166644096375,0.687624454498291
YOR332W,YHR150W,0,-1.3656836,0.11641082167625427,0.9061166644096375,0.6877667307853699
YBR186W,YHR110W,0,-1.3669434,0.11638955026865005,0.9061166644096375,0.687908947467804
YIL145C,YJL094C,0,-1.3673661,0.11636828631162643,0.9061166644096375,0.6880512237548828
YML010W,YOR109W,0,-1.367491,0.11634702980518341,0.9061166644096375,0.6881934404373169
YDR040C,YGR209C,0,-1.367523,0.11632578819990158,0.9061166644096375,0.6883357167243958
YNL009W,YBR089C-A,0,-1.3675666,0.11630454659461975,0.9061166644096375,0.6884779334068298
YER045C,YER070W,0,-1.3676263,0.11628331243991852,0.9061166644096375,0.6886202096939087
YLR207W,YBL003C,0,-1.3676478,0.11626209318637848,0.9061166644096375,0.6887624263763428
YNR049C,YHL019C,0,-1.368132,0.11624087393283844,0.9061166644096375,0.6889047026634216
YDR276C,YOR328W,0,-1.3681872,0.1162196695804596,0.9061166644096375,0.6890469193458557
YOL127W,YOR221C,0,-1.368231,0.11619846522808075,0.9061166644096375,0.6891891956329346
YIL138C,YOR158W,0,-1.3682576,0.1161772757768631,0.9061166644096375,0.6893314123153687
YGL195W,YNL329C,0,-1.3684354,0.11615609377622604,0.9061166644096375,0.6894736886024475
YMR316W,YKL196C,0,-1.3686066,0.11613491177558899,0.9061166644096375,0.6896159052848816
YDR120C,YHR161C,0,-1.369117,0.11611374467611313,0.9061166644096375,0.6897581815719604
YER048C,YMR113W,0,-1.3693702,0.11609258502721786,0.9061166644096375,0.6899003982543945
YMR230W,YOR100C,0,-1.3698196,0.1160714253783226,0.9061166644096375,0.6900426745414734
YMR105C,YER029C,0,-1.3699028,0.11605028063058853,0.9061166644096375,0.6901849508285522
YGR286C,YGR009C,0,-1.3699119,0.11602914333343506,0.9061166644096375,0.6903271675109863
YER056C-A,YMR171C,0,-1.3701535,0.11600801348686218,0.9061166644096375,0.6904694437980652
YDL049C,YMR305C,0,-1.370414,0.1159868910908699,0.9061166644096375,0.6906116604804993
YPL085W,YMR101C,0,-1.370667,0.11596577614545822,0.9061166644096375,0.6907539367675781
YHR136C,YMR109W,0,-1.3707889,0.11594466865062714,0.9061166644096375,0.6908961534500122
YBL005W,YKL150W,0,-1.3708189,0.11592356860637665,0.9061166644096375,0.6910384297370911
YBL090W,YNL007C,1,-1.3710217,0.11608442664146423,0.9075391292572021,0.6910384297370911
YLR293C,YFL050C,0,-1.3712332,0.11606330424547195,0.9075391292572021,0.6911806464195251
YGL133W,YJR104C,0,-1.3712921,0.11604219675064087,0.9075391292572021,0.691322922706604
YDR312W,YGL251C,0,-1.371345,0.11602109670639038,0.9075391292572021,0.6914651393890381
YKL197C,YIL014W,0,-1.371423,0.11599999666213989,0.9075391292572021,0.6916074156761169
YDR466W,YDR225W,0,-1.371548,0.1159789115190506,0.9075391292572021,0.691749632358551
YPR106W,YCL011C,0,-1.3718137,0.1159578338265419,0.9075391292572021,0.6918919086456299
YBR297W,YFL050C,0,-1.3721273,0.1159367635846138,0.9075391292572021,0.692034125328064
YOR332W,YHR102W,0,-1.3721606,0.1159157007932663,0.9075391292572021,0.6921764016151428
YMR048W,YDR465C,0,-1.3725193,0.11589463800191879,0.9075391292572021,0.6923186182975769
YPR082C,YDL095W,0,-1.3725996,0.11587359011173248,0.9075391292572021,0.6924608945846558
YMR036C,YHR014W,0,-1.3727318,0.11585254967212677,0.9075391292572021,0.6926031112670898
YOL002C,YDR219C,0,-1.3730849,0.11583151668310165,0.9075391292572021,0.6927453875541687
YEL020W-A,YAL062W,0,-1.3733172,0.11581049114465714,0.9075391292572021,0.6928876042366028
YMR056C,YPL172C,0,-1.373364,0.11578947305679321,0.9075391292572021,0.6930298805236816
YML010W,YIL050W,0,-1.3735635,0.11576846241950989,0.9075391292572021,0.6931720972061157
YDR168W,YOR247W,0,-1.3735652,0.11574745923280716,0.9075391292572021,0.6933143734931946
YGL185C,YJL033W,0,-1.3744576,0.11572646349668503,0.9075391292572021,0.6934565901756287
YJL048C,YOR156C,0,-1.3746514,0.1157054752111435,0.9075391292572021,0.6935988664627075
YML094W,YGR075C,0,-1.3746742,0.11568449437618256,0.9075391292572021,0.6937410831451416
YOL051W,YOR124C,0,-1.374784,0.11566352099180222,0.9075391292572021,0.6938833594322205
YGL175C,YDR100W,0,-1.3748611,0.11564256250858307,0.9075391292572021,0.6940255761146545
YER012W,YML066C,0,-1.3749101,0.11562160402536392,0.9075391292572021,0.6941678524017334
YLR083C,YJR110W,0,-1.3751508,0.11560065299272537,0.9075391292572021,0.6943101286888123
YDR202C,YNL316C,0,-1.3752979,0.11557970941066742,0.9075391292572021,0.6944523453712463
YBL023C,YOR290C,0,-1.3755546,0.11555877327919006,0.9075391292572021,0.6945946216583252
YCR003W,YGL145W,0,-1.3756505,0.1155378520488739,0.9075391292572021,0.6947368383407593
YLR242C,YLR204W,0,-1.3756964,0.11551693081855774,0.9075391292572021,0.6948791146278381
YER003C,YML075C,0,-1.3757172,0.11549601703882217,0.9075391292572021,0.6950213313102722
YER161C,YNL321W,0,-1.3757417,0.1154751107096672,0.9075391292572021,0.6951636075973511
YOL051W,YIL066C,0,-1.3757898,0.11545421928167343,0.9075391292572021,0.6953058242797852
YLR368W,YCR036W,0,-1.3758165,0.11543332785367966,0.9075391292572021,0.695448100566864
YGL061C,YDR388W,0,-1.3762851,0.11541244387626648,0.9075391292572021,0.6955903172492981
YPR140W,YFR010W,0,-1.3764311,0.1153915748000145,0.9075391292572021,0.695732593536377
YHR117W,YDR113C,0,-1.3765955,0.11537070572376251,0.9075391292572021,0.695874810218811
YOR242C,YOR036W,0,-1.3767542,0.11534984409809113,0.9075391292572021,0.6960170865058899
YMR309C,YPR086W,1,-1.3767759,0.1155097633600235,0.9089615941047668,0.6960170865058899
YDR500C,YIL160C,0,-1.3770361,0.11548888683319092,0.9089615941047668,0.696159303188324
YGR152C,YOR090C,0,-1.3770949,0.11546801775693893,0.9089615941047668,0.6963015794754028
YLR364W,YCL033C,0,-1.3772949,0.11544715613126755,0.9089615941047668,0.6964437961578369
YHR086W,YBR265W,0,-1.3774165,0.11542630195617676,0.9089615941047668,0.6965860724449158
YER068W,YLR098C,0,-1.3775107,0.11540545523166656,0.9089615941047668,0.6967282891273499
YDL010W,YOL110W,0,-1.3775539,0.11538461595773697,0.9089615941047668,0.6968705654144287
YMR192W,YPR019W,0,-1.3780359,0.11536378413438797,0.9089615941047668,0.6970127820968628
YPL157W,YER021W,0,-1.3781781,0.11534295976161957,0.9089615941047668,0.6971550583839417
YPL124W,YNL037C,0,-1.3783435,0.11532214283943176,0.9089615941047668,0.6972972750663757
YMR161W,YNL197C,0,-1.3783779,0.11530133336782455,0.9089615941047668,0.6974395513534546
YCR028C,YMR042W,0,-1.378933,0.11528053134679794,0.9089615941047668,0.6975817680358887
YPR164W,YBR094W,0,-1.379438,0.11525973677635193,0.9089615941047668,0.6977240443229675
YHR194W,YIL109C,0,-1.3795993,0.11523895710706711,0.9089615941047668,0.6978662610054016
YIL015W,YDL127W,0,-1.3796785,0.11521817743778229,0.9089615941047668,0.6980085372924805
YGL043W,YGL016W,0,-1.3798797,0.11519740521907806,0.9089615941047668,0.6981507539749146
YDR261C,YCL039W,0,-1.3800955,0.11517664045095444,0.9089615941047668,0.6982930302619934
YDR536W,YOR061W,0,-1.3802829,0.11515588313341141,0.9089615941047668,0.6984353065490723
YIL171W,YJR086W,0,-1.3803427,0.11513513326644897,0.9089615941047668,0.6985775232315063
YKR100C,YGL210W,0,-1.3810606,0.11511439085006714,0.9089615941047668,0.6987197995185852
YMR004W,YER051W,0,-1.3810871,0.1150936633348465,0.9089615941047668,0.6988620162010193
YKL194C,YDR397C,0,-1.3812119,0.11507293581962585,0.9089615941047668,0.6990042924880981
YMR277W,YMR071C,0,-1.3814085,0.11505221575498581,0.9089615941047668,0.6991465091705322
YMR150C,YAL008W,0,-1.382358,0.11503150314092636,0.9089615941047668,0.6992887854576111
YIL113W,YKL002W,0,-1.3824129,0.11501079797744751,0.9089615941047668,0.6994310021400452
YJR076C,YMR208W,0,-1.3825066,0.11499010026454926,0.9089615941047668,0.699573278427124
YPL239W,YPR095C,0,-1.3825706,0.1149694100022316,0.9089615941047668,0.6997154951095581
YGR067C,YPL169C,0,-1.3828768,0.11494873464107513,0.9089615941047668,0.699857771396637
YBR043C,YKR095W,0,-1.3829015,0.11492805927991867,0.9089615941047668,0.699999988079071
YMR106C,YOR252W,0,-1.3834015,0.1149073913693428,0.9089615941047668,0.7001422643661499
YOL139C,YNL007C,1,-1.3834054,0.1150665208697319,0.9103840589523315,0.7001422643661499
YLR201C,YMR225C,0,-1.3836107,0.11504583805799484,0.9103840589523315,0.700284481048584
YHR200W,YJR068W,0,-1.3836154,0.11502516269683838,0.9103840589523315,0.7004267573356628
YMR289W,YER021W,0,-1.3838501,0.11500449478626251,0.9103840589523315,0.7005689740180969
YIL162W,YDL207W,0,-1.3843073,0.11498382687568665,0.9103840589523315,0.7007112503051758
YCR083W,YJL096W,0,-1.3848288,0.11496317386627197,0.9103840589523315,0.7008534669876099
YIL091C,YDR001C,0,-1.3849583,0.1149425283074379,0.9103840589523315,0.7009957432746887
YBR092C,YOL018C,0,-1.3852031,0.11492189019918442,0.9103840589523315,0.7011379599571228
YOR049C,YCR065W,0,-1.3852134,0.11490125954151154,0.9103840589523315,0.7012802362442017
YOR113W,YPR082C,0,-1.3854487,0.11488062888383865,0.9103840589523315,0.7014224529266357
YDR002W,YGL008C,0,-1.3854508,0.11486001312732697,0.9103840589523315,0.7015647292137146
YHR178W,YMR256C,0,-1.385996,0.11483940482139587,0.9103840589523315,0.7017069458961487
YJL093C,YOL148C,0,-1.3861029,0.11481880396604538,0.9103840589523315,0.7018492221832275
YGR133W,YJL143W,0,-1.3861926,0.11479820311069489,0.9103840589523315,0.7019914388656616
YLR092W,YPL103C,0,-1.3869015,0.11477761715650558,0.9103840589523315,0.7021337151527405
YMR139W,YGL161C,0,-1.3869116,0.11475703865289688,0.9103840589523315,0.7022759318351746
YIL129C,YBR180W,0,-1.3870826,0.11473646759986877,0.9103840589523315,0.7024182081222534
YLR381W,YDR206W,0,-1.3873348,0.11471589654684067,0.9103840589523315,0.7025604844093323
YMR223W,YHR143W,0,-1.3876477,0.11469534039497375,0.9103840589523315,0.7027027010917664
YBL025W,YLR336C,0,-1.3877356,0.11467479169368744,0.9103840589523315,0.7028449773788452
YOR265W,YPR037C,0,-1.3877466,0.11465424299240112,0.9103840589523315,0.7029871940612793
YGR220C,YMR205C,0,-1.3878813,0.114633709192276,0.9103840589523315,0.7031294703483582
YPL115C,YAL008W,0,-1.3880188,0.11461318284273148,0.9103840589523315,0.7032716870307922
YJR134C,YDL185W,0,-1.3880627,0.11459265649318695,0.9103840589523315,0.7034139633178711
YGR003W,YIL123W,0,-1.3881053,0.11457214504480362,0.9103840589523315,0.7035561800003052
YER027C,YBR188C,0,-1.3882581,0.11455164104700089,0.9103840589523315,0.703698456287384
YDR481C,YPR185W,0,-1.3883512,0.11453113704919815,0.9103840589523315,0.7038406729698181
YDR408C,YML127W,0,-1.3885028,0.11451064795255661,0.9103840589523315,0.703982949256897
YPR199C,YLR023C,0,-1.3886554,0.11449015885591507,0.9103840589523315,0.704125165939331
YOR069W,YOR374W,0,-1.3886691,0.11446968466043472,0.9103840589523315,0.7042674422264099
YOR124C,YOR208W,0,-1.3889766,0.11444921046495438,0.9103840589523315,0.704409658908844
YDR528W,YDR251W,0,-1.3892579,0.11442875117063522,0.9103840589523315,0.7045519351959229
YGR076C,YHL021C,0,-1.389366,0.11440829187631607,0.9103840589523315,0.7046941518783569
YDR182W,YHL038C,0,-1.3894427,0.11438784748315811,0.9103840589523315,0.7048364281654358
YOR100C,YGR257C,0,-1.3896089,0.11436740309000015,0.9103840589523315,0.7049786448478699
YMR014W,YOR076C,0,-1.3898387,0.11434697359800339,0.9103840589523315,0.7051209211349487
YAL026C,YGL086W,0,-1.3908733,0.11432654410600662,0.9103840589523315,0.7052631378173828
YIL068C,YNL221C,0,-1.3909645,0.11430612951517105,0.9103840589523315,0.7054054141044617
YPL060W,YNL191W,0,-1.3909864,0.11428571492433548,0.9103840589523315,0.7055476307868958
YMR150C,YOR017W,0,-1.391155,0.1142653077840805,0.9103840589523315,0.7056899070739746
YNL183C,YGR076C,0,-1.3912528,0.11424491554498672,0.9103840589523315,0.7058321237564087
YLR310C,YHR171W,0,-1.3914802,0.11422452330589294,0.9103840589523315,0.7059744000434875
YDR448W,YEL063C,0,-1.3915297,0.11420413851737976,0.9103840589523315,0.7061166167259216
YJR033C,YPL092W,0,-1.3918447,0.11418376117944717,0.9103840589523315,0.7062588930130005
YGR062C,YMR278W,0,-1.3918928,0.11416339874267578,0.9103840589523315,0.7064011096954346
YLR323C,YGR082W,0,-1.3930658,0.11414303630590439,0.9103840589523315,0.7065433859825134
YPR020W,YBR229C,0,-1.3931527,0.11412268131971359,0.9103840589523315,0.7066856622695923
YNR030W,YKL218C,0,-1.3931749,0.1141023337841034,0.9103840589523315,0.7068278789520264
YOR177C,YKL191W,0,-1.3932829,0.11408199369907379,0.9103840589523315,0.7069701552391052
YFR027W,YGL045W,0,-1.3932972,0.11406166106462479,0.9103840589523315,0.7071123719215393
YGL173C,YMR288W,0,-1.3934544,0.11404134333133698,0.9103840589523315,0.7072546482086182
YPL032C,YJL123C,0,-1.3936123,0.11402102559804916,0.9103840589523315,0.7073968648910522
YML004C,YDR227W,0,-1.3937721,0.11400071531534195,0.9103840589523315,0.7075391411781311
YGL023C,YGL047W,0,-1.3938081,0.11398041248321533,0.9103840589523315,0.7076813578605652
YOL133W,YPL246C,0,-1.3939624,0.11396011710166931,0.9103840589523315,0.707823634147644
YPL239W,YKL137W,0,-1.3941785,0.11393982917070389,0.9103840589523315,0.7079658508300781
YPR131C,YDL052C,0,-1.3941818,0.11391954123973846,0.9103840589523315,0.708108127117157
YGL032C,YPL128C,0,-1.3942769,0.11389926820993423,0.9103840589523315,0.7082503437995911
YER007W,YDR477W,0,-1.3945892,0.1138790026307106,0.9103840589523315,0.7083926200866699
YDL004W,YER005W,0,-1.3947105,0.11385874450206757,0.9103840589523315,0.708534836769104
YIL034C,YMR158W,0,-1.3948162,0.11383849382400513,0.9103840589523315,0.7086771130561829
YHR037W,YHL035C,0,-1.3948271,0.11381824314594269,0.9103840589523315,0.7088193297386169
YLR074C,YKL002W,0,-1.3948288,0.11379800736904144,0.9103840589523315,0.7089616060256958
YOR061W,YFL034C-B,0,-1.394902,0.1137777790427208,0.9103840589523315,0.7091038227081299
YOR156C,YER051W,0,-1.395113,0.11375755071640015,0.9103840589523315,0.7092460989952087
YOR011W,YBL022C,0,-1.3953453,0.11373733729124069,0.9103840589523315,0.7093883156776428
YDR485C,YMR215W,0,-1.3953904,0.11371713131666183,0.9103840589523315,0.7095305919647217
YLR367W,YGL227W,0,-1.3972088,0.11369692534208298,0.9103840589523315,0.7096728086471558
YKL150W,YKR099W,0,-1.3973559,0.11367673426866531,0.9103840589523315,0.7098150849342346
YEL058W,YOL032W,0,-1.3976355,0.11365654319524765,0.9103840589523315,0.7099573016166687
YHR026W,YHR027C,0,-1.3977531,0.11363636702299118,0.9103840589523315,0.7100995779037476
YOR242C,YNL197C,0,-1.3977535,0.11361619085073471,0.9103840589523315,0.7102417945861816
YMR177W,YKL033W,0,-1.3978653,0.11359602212905884,0.9103840589523315,0.7103840708732605
YNL278W,YEL024W,0,-1.3979648,0.11357586830854416,0.9103840589523315,0.7105262875556946
YJR041C,YDR329C,0,-1.3980498,0.11355571448802948,0.9103840589523315,0.7106685638427734
YPR028W,YLR011W,0,-1.3981073,0.1135355681180954,0.9103840589523315,0.7108108401298523
YDR363W,YBR030W,0,-1.3984766,0.11351542919874191,0.9103840589523315,0.7109530568122864
YJL133W,YBR221C,0,-1.3984913,0.11349529772996902,0.9103840589523315,0.7110953330993652
YNL250W,YGR123C,0,-1.3985145,0.11347517371177673,0.9103840589523315,0.7112375497817993
YPR075C,YBR213W,0,-1.3985491,0.11345506459474564,0.9103840589523315,0.7113798260688782
YDR153C,YPR037C,0,-1.3985711,0.11343495547771454,0.9103840589523315,0.7115220427513123
YGR287C,YGR090W,0,-1.3991632,0.11341485381126404,0.9103840589523315,0.7116643190383911
YLR095C,YCR089W,0,-1.3993127,0.11339475214481354,0.9103840589523315,0.7118065357208252
YNL191W,YBR161W,0,-1.399364,0.11337466537952423,0.9103840589523315,0.711948812007904
YDR051C,YOR124C,0,-1.3994744,0.11335458606481552,0.9103840589523315,0.7120910286903381
YLR034C,YDR407C,0,-1.4000843,0.11333451420068741,0.9103840589523315,0.712233304977417
YBR245C,YDL144C,0,-1.4004284,0.11331444978713989,0.9103840589523315,0.7123755216598511
YDR283C,YPL118W,1,-1.4009393,0.11347141116857529,0.9118065237998962,0.7123755216598511
YPR155C,YNL142W,0,-1.4011394,0.11345132440328598,0.9118065237998962,0.7125177979469299
YGL136C,YLR246W,0,-1.4013625,0.11343125253915787,0.9118065237998962,0.712660014629364
YIL064W,YOR120W,0,-1.4017038,0.11341118067502975,0.9118065237998962,0.7128022909164429
YDR387C,YBR084W,0,-1.401891,0.11339111626148224,0.9118065237998962,0.712944507598877
YCL038C,YOR026W,0,-1.4019129,0.11337106674909592,0.9118065237998962,0.7130867838859558
YDL049C,YGR154C,0,-1.402088,0.1133510172367096,0.9118065237998962,0.7132290005683899
YNR069C,YDR120C,0,-1.4022365,0.11333097517490387,0.9118065237998962,0.7133712768554688
YNL214W,YGL096W,0,-1.4022768,0.11331094056367874,0.9118065237998962,0.7135134935379028
YCL044C,YKL185W,0,-1.4029678,0.11329091340303421,0.9118065237998962,0.7136557698249817
YOR090C,YDL020C,0,-1.4030234,0.11327089369297028,0.9118065237998962,0.7137979865074158
YDR479C,YNR032C-A,0,-1.4031076,0.11325088143348694,0.9118065237998962,0.7139402627944946
YPR025C,YGR083C,1,-1.4031249,0.11340752243995667,0.9132290482521057,0.7139402627944946
YDR314C,YBR084C-A,0,-1.4037571,0.11338749527931213,0.9132290482521057,0.7140824794769287
YBR130C,YDR014W,0,-1.4038433,0.1133674755692482,0.9132290482521057,0.7142247557640076
YFR047C,YCR106W,0,-1.40388,0.11334745585918427,0.9132290482521057,0.7143669724464417
YOR001W,YDR213W,0,-1.4039371,0.11332745105028152,0.9132290482521057,0.7145092487335205
YDR466W,YJR099W,0,-1.4046668,0.11330744624137878,0.9132290482521057,0.7146514654159546
YDR198C,YGL124C,0,-1.4052466,0.11328745633363724,0.9132290482521057,0.7147937417030334
YCL063W,YFR010W,0,-1.4055403,0.11326746642589569,0.9132290482521057,0.7149360179901123
YMR106C,YMR080C,0,-1.4056066,0.11324748396873474,0.9132290482521057,0.7150782346725464
YGR217W,YDL072C,0,-1.4056895,0.11322751641273499,0.9132290482521057,0.7152205109596252
YGL166W,YEL032W,0,-1.4058286,0.11320754885673523,0.9132290482521057,0.7153627276420593
YER173W,YDR330W,0,-1.406452,0.11318758875131607,0.9132290482521057,0.7155050039291382
YDL239C,YDR448W,0,-1.4065784,0.11316763609647751,0.9132290482521057,0.7156472206115723
YER102W,YHR106W,0,-1.4069635,0.11314769089221954,0.9132290482521057,0.7157894968986511
YJL008C,YGL157W,0,-1.4069735,0.11312775313854218,0.9132290482521057,0.7159317135810852
YDL205C,YKR080W,0,-1.4069828,0.1131078228354454,0.9132290482521057,0.7160739898681641
YHR143W-A,YHR092C,0,-1.4070591,0.11308789998292923,0.9132290482521057,0.7162162065505981
YMR009W,YER124C,0,-1.4072716,0.11306798458099365,0.9132290482521057,0.716358482837677
YLR337C,YNR019W,0,-1.4072764,0.11304806917905807,0.9132290482521057,0.7165006995201111
YDL030W,YMR165C,0,-1.4077365,0.11302816867828369,0.9132290482521057,0.7166429758071899
YKR097W,YDL080C,0,-1.4077482,0.1130082756280899,0.9132290482521057,0.716785192489624
YMR153W,YLR377C,0,-1.4079096,0.11298838257789612,0.9132290482521057,0.7169274687767029
YGL246C,YMR171C,0,-1.4079696,0.11296850442886353,0.9132290482521057,0.717069685459137
YBL090W,YPR086W,1,-1.4080279,0.1131245568394661,0.9146515130996704,0.717069685459137
YNL306W,YJR065C,0,-1.4082322,0.11310466378927231,0.9146515130996704,0.7172119617462158
YOR056C,YPL192C,0,-1.4082592,0.11308477073907852,0.9146515130996704,0.7173541784286499
YDL046W,YPL121C,0,-1.4083264,0.11306488513946533,0.9146515130996704,0.7174964547157288
YFR004W,YGR140W,0,-1.4089452,0.11304500699043274,0.9146515130996704,0.7176386713981628
YBR130C,YCR106W,0,-1.4093779,0.11302513629198074,0.9146515130996704,0.7177809476852417
YLR022C,YKR062W,0,-1.409528,0.11300527304410934,0.9146515130996704,0.7179231643676758
YMR150C,YHL013C,0,-1.4096262,0.11298541724681854,0.9146515130996704,0.7180654406547546
YLR071C,YOR032C,0,-1.4100012,0.11296556890010834,0.9146515130996704,0.7182076573371887
YCR091W,YJL139C,0,-1.4107451,0.11294572055339813,0.9146515130996704,0.7183499336242676
YGR256W,YFR041C,0,-1.4111593,0.11292588710784912,0.9146515130996704,0.7184921503067017
YML110C,YIL110W,0,-1.4112179,0.1129060611128807,0.9146515130996704,0.7186344265937805
YIL105C,YMR037C,0,-1.412466,0.11288623511791229,0.9146515130996704,0.7187766432762146
YLR421C,YBR208C,0,-1.4124913,0.11286642402410507,0.9146515130996704,0.7189189195632935
YGL044C,YLR272C,0,-1.412875,0.11284661293029785,0.9146515130996704,0.7190611958503723
YKR009C,YGR211W,0,-1.4128797,0.11282680928707123,0.9146515130996704,0.7192034125328064
YGR063C,YPL130W,0,-1.4132574,0.1128070205450058,0.9146515130996704,0.7193456888198853
YDL079C,YBR296C,0,-1.4134291,0.11278723180294037,0.9146515130996704,0.7194879055023193
YIL167W,YCL067C,0,-1.4136517,0.11276745051145554,0.9146515130996704,0.7196301817893982
YLR371W,YPL076W,0,-1.4137425,0.1127476766705513,0.9146515130996704,0.7197723984718323
YNL177C,YDR013W,0,-1.4139848,0.11272791028022766,0.9146515130996704,0.7199146747589111
YJL090C,YOR079C,0,-1.4140024,0.11270815134048462,0.9146515130996704,0.7200568914413452
YLR188W,YOR157C,0,-1.4140214,0.11268839985132217,0.9146515130996704,0.7201991677284241
YOR132W,YBR136W,0,-1.4140385,0.11266865581274033,0.9146515130996704,0.7203413844108582
YLL048C,YDR011W,0,-1.4140553,0.11264891177415848,0.9146515130996704,0.720483660697937
YJL151C,YHR086W,0,-1.4141209,0.11262918263673782,0.9146515130996704,0.7206258773803711
YGL005C,YHL032C,0,-1.4145768,0.11260945349931717,0.9146515130996704,0.72076815366745
YBR213W,YER119C,0,-1.4152026,0.11258973926305771,0.9146515130996704,0.720910370349884
YKL143W,YHL006C,0,-1.4158754,0.11257002502679825,0.9146515130996704,0.7210526466369629
YDL132W,YOL130W,0,-1.4159143,0.11255032569169998,0.9146515130996704,0.721194863319397
YBR295W,YHL020C,0,-1.4159318,0.11253062635660172,0.9146515130996704,0.7213371396064758
YJL137C,YDL175C,0,-1.4160106,0.11251093447208405,0.9146515130996704,0.7214793562889099
YLR432W,YER033C,0,-1.4160589,0.11249125003814697,0.9146515130996704,0.7216216325759888
YDL066W,YNL053W,0,-1.4161375,0.1124715730547905,0.9146515130996704,0.7217638492584229
YER176W,YKL058W,0,-1.4166648,0.11245190352201462,0.9146515130996704,0.7219061255455017
YER178W,YMR142C,0,-1.4168941,0.11243224143981934,0.9146515130996704,0.7220483422279358
YHR013C,YDR534C,0,-1.4172859,0.11241258680820465,0.9146515130996704,0.7221906185150146
YDR394W,YPR161C,0,-1.4172972,0.11239293962717056,0.9146515130996704,0.7223328351974487
YBL063W,YPL132W,0,-1.4174153,0.11237329244613647,0.9146515130996704,0.7224751114845276
YLR259C,YDR242W,0,-1.4175686,0.11235366016626358,0.9146515130996704,0.7226173281669617
YJL197W,YKR065C,0,-1.4176197,0.11233403533697128,0.9146515130996704,0.7227596044540405
YFL024C,YDR006C,0,-1.4177575,0.11231441050767899,0.9146515130996704,0.7229018211364746
YGR076C,YNL191W,0,-1.418256,0.11229479312896729,0.9146515130996704,0.7230440974235535
YFL024C,YGL047W,0,-1.4183811,0.11227519065141678,0.9146515130996704,0.7231863737106323
YER148W,YBR203W,0,-1.4185213,0.11225558817386627,0.9146515130996704,0.7233285903930664
YLR298C,YFL050C,0,-1.4185543,0.11223599314689636,0.9146515130996704,0.7234708666801453
YDL192W,YML072C,0,-1.4190373,0.11221640557050705,0.9146515130996704,0.7236130833625793
YHL047C,YKL040C,0,-1.4191618,0.11219682544469833,0.9146515130996704,0.7237553596496582
YDL046W,YGL021W,0,-1.4193435,0.11217725276947021,0.9146515130996704,0.7238975763320923
YJL054W,YGR007W,0,-1.4194,0.1121576800942421,0.9146515130996704,0.7240398526191711
YAR050W,YKL058W,0,-1.4195062,0.11213812232017517,0.9146515130996704,0.7241820693016052
YKR094C,YDL126C,0,-1.4197477,0.11211857199668884,0.9146515130996704,0.7243243455886841
YDR111C,YMR071C,0,-1.4197936,0.11209902167320251,0.9146515130996704,0.7244665622711182
YCR081W,YCR068W,0,-1.4198112,0.11207948625087738,0.9146515130996704,0.724608838558197
YAL007C,YLR045C,0,-1.4199615,0.11205995082855225,0.9146515130996704,0.7247510552406311
YNL188W,YPL195W,0,-1.4206376,0.11204042285680771,0.9146515130996704,0.72489333152771
YLR071C,YBL017C,0,-1.4207327,0.11202090233564377,0.9146515130996704,0.725035548210144
YMR170C,YLR377C,0,-1.4208186,0.11200139671564102,0.9146515130996704,0.7251778244972229
YNR024W,YDR484W,0,-1.4208205,0.11198189109563828,0.9146515130996704,0.725320041179657
YFR005C,YPR081C,0,-1.4209071,0.11196238547563553,0.9146515130996704,0.7254623174667358
YHR204W,YDR390C,0,-1.4209083,0.11194289475679398,0.9146515130996704,0.7256045341491699
YDR276C,YBL063W,0,-1.4210817,0.11192341148853302,0.9146515130996704,0.7257468104362488
YOR048C,YBR159W,0,-1.4211223,0.11190393567085266,0.9146515130996704,0.7258890271186829
YKR010C,YOR201C,0,-1.4211767,0.1118844598531723,0.9146515130996704,0.7260313034057617
YKL034W,YIL078W,0,-1.4214386,0.11186499893665314,0.9146515130996704,0.7261735200881958
YER173W,YLR442C,0,-1.4214747,0.11184553802013397,0.9146515130996704,0.7263157963752747
YER014W,YBL056W,0,-1.4216127,0.1118260845541954,0.9146515130996704,0.7264580130577087
YHR172W,YGL063W,0,-1.4217696,0.11180664598941803,0.9146515130996704,0.7266002893447876
YNL315C,YKR061W,0,-1.422309,0.11178720742464066,0.9146515130996704,0.7267425060272217
YKL052C,YML061C,0,-1.422364,0.11176777631044388,0.9146515130996704,0.7268847823143005
YNL225C,YDR367W,0,-1.4223971,0.1117483526468277,0.9146515130996704,0.7270269989967346
YGR152C,YGR263C,0,-1.42242,0.11172892898321152,0.9146515130996704,0.7271692752838135
YNR008W,YPL193W,0,-1.4224561,0.11170952022075653,0.9146515130996704,0.7273115515708923
YOL008W,YNL241C,0,-1.4226083,0.11169011890888214,0.9146515130996704,0.7274537682533264
YIL072W,YJR002W,0,-1.423009,0.11167071759700775,0.9146515130996704,0.7275960445404053
YKR079C,YER018C,0,-1.4231677,0.11165133118629456,0.9146515130996704,0.7277382612228394
YJR045C,YDR051C,0,-1.4236175,0.11163194477558136,0.9146515130996704,0.7278805375099182
YNL280C,YPR121W,0,-1.4238756,0.11161256581544876,0.9146515130996704,0.7280227541923523
YJL137C,YML001W,0,-1.4238852,0.11159319430589676,0.9146515130996704,0.7281650304794312
YML086C,YLR174W,0,-1.4242857,0.11157383024692535,0.9146515130996704,0.7283072471618652
YHR204W,YGR263C,0,-1.4246697,0.11155447363853455,0.9146515130996704,0.7284495234489441
YBR153W,YLR263W,0,-1.4247466,0.11153512448072433,0.9146515130996704,0.7285917401313782
YPL111W,YPL038W,0,-1.4248892,0.11151578277349472,0.9146515130996704,0.728734016418457
YOR260W,YER153C,1,-1.4250402,0.11166984587907791,0.9160739779472351,0.728734016418457
YOR308C,YAL043C,0,-1.4257197,0.1116504818201065,0.9160739779472351,0.7288762331008911
YBL082C,YGR212W,0,-1.4258517,0.1116311326622963,0.9160739779472351,0.72901850938797
YLL010C,YBR286W,0,-1.4258784,0.11161178350448608,0.9160739779472351,0.729160726070404
YOL068C,YNL077W,0,-1.4261302,0.11159244179725647,0.9160739779472351,0.7293030023574829
YAL011W,YNL180C,0,-1.4266948,0.11157311499118805,0.9160739779472351,0.729445219039917
YKR099W,YJR152W,0,-1.4267834,0.11155378818511963,0.9160739779472351,0.7295874953269958
YGL144C,YDR534C,0,-1.4270637,0.11153446137905121,0.9160739779472351,0.7297297120094299
YDR464W,YDR270W,0,-1.42708,0.11151514947414398,0.9160739779472351,0.7298719882965088
YBR050C,YML004C,0,-1.427531,0.11149584501981735,0.9160739779472351,0.7300142049789429
YNL059C,YBR102C,0,-1.4276114,0.11147654801607132,0.9160739779472351,0.7301564812660217
YHR200W,YGL245W,0,-1.4277018,0.11145725101232529,0.9160739779472351,0.7302986979484558
YDR334W,YIR008C,0,-1.427788,0.11143796145915985,0.9160739779472351,0.7304409742355347
YFL039C,YPL157W,0,-1.4282465,0.11141868680715561,0.9160739779472351,0.7305831909179688
YDR312W,YKR061W,0,-1.4282784,0.11139941215515137,0.9160739779472351,0.7307254672050476
YDR365C,YGL251C,0,-1.4287088,0.11138014495372772,0.9160739779472351,0.7308676838874817
YPL031C,YDR021W,0,-1.4287686,0.11136088520288467,0.9160739779472351,0.7310099601745605
YJR019C,YJL010C,0,-1.4287947,0.11134163290262222,0.9160739779472351,0.7311521768569946
YLR368W,YGL001C,0,-1.428813,0.11132238805294037,0.9160739779472351,0.7312944531440735
YGL213C,YGR028W,0,-1.4290395,0.11130314320325851,0.9160739779472351,0.7314367294311523
YNL328C,YDL020C,0,-1.4291956,0.11128391325473785,0.9160739779472351,0.7315789461135864
YKR009C,YLR034C,0,-1.4294524,0.1112646833062172,0.9160739779472351,0.7317212224006653
YDL064W,YIR002C,0,-1.4296299,0.11124546825885773,0.9160739779472351,0.7318634390830994
YPR025C,YNL062C,1,-1.4298595,0.11139896512031555,0.9174964427947998,0.7318634390830994
YAR015W,YOR032C,0,-1.4301307,0.1113797277212143,0.9174964427947998,0.7320057153701782
YLR002C,YMR052W,0,-1.4303256,0.11136049777269363,0.9174964427947998,0.7321479320526123
YLR431C,YKR081C,0,-1.4306827,0.11134127527475357,0.9174964427947998,0.7322902083396912
YOR101W,YNL116W,0,-1.4307271,0.1113220602273941,0.9174964427947998,0.7324324250221252
YDR469W,YDR108W,0,-1.431221,0.11130284518003464,0.9174964427947998,0.7325747013092041
YPL271W,YER133W,0,-1.431415,0.11128364503383636,0.9174964427947998,0.7327169179916382
YKR067W,YDR267C,0,-1.4314884,0.11126444488763809,0.9174964427947998,0.732859194278717
YKL028W,YGR154C,0,-1.4317541,0.11124525964260101,0.9174964427947998,0.7330014109611511
YKL176C,YPL159C,0,-1.4319762,0.11122607439756393,0.9174964427947998,0.73314368724823
YAL007C,YJR093C,0,-1.4320757,0.11120689660310745,0.9174964427947998,0.7332859039306641
YNL183C,YBR106W,0,-1.4323436,0.11118772625923157,0.9174964427947998,0.7334281802177429
YDL008W,YBR005W,0,-1.4323919,0.11116856336593628,0.9174964427947998,0.733570396900177
YHR001W,YLR186W,0,-1.4325625,0.11114940792322159,0.9174964427947998,0.7337126731872559
YMR286W,YBR086C,0,-1.4329267,0.1111302524805069,0.9174964427947998,0.7338548898696899
YPL091W,YDL160C,0,-1.4330318,0.1111111119389534,0.9174964427947998,0.7339971661567688
YNL278W,YJL104W,0,-1.4332999,0.1110919713973999,0.9174964427947998,0.7341393828392029
YLR336C,YPR184W,0,-1.4334139,0.1110728457570076,0.9174964427947998,0.7342816591262817
YOR328W,YCL017C,0,-1.43351,0.1110537201166153,0.9174964427947998,0.7344238758087158
YEL019C,YPL246C,0,-1.433651,0.11103460192680359,0.9174964427947998,0.7345661520957947
YDR208W,YPL248C,0,-1.4337032,0.11101549118757248,0.9174964427947998,0.7347083687782288
YAL011W,YBR110W,0,-1.4337769,0.11099638789892197,0.9174964427947998,0.7348506450653076
YCR017C,YJL183W,0,-1.4344882,0.11097729206085205,0.9174964427947998,0.7349928617477417
YDR486C,YJL210W,0,-1.4345331,0.11095819622278214,0.9174964427947998,0.7351351380348206
YLR136C,YDR408C,0,-1.4345615,0.11093911528587341,0.9174964427947998,0.7352773547172546
YDR141C,YDL141W,0,-1.43471,0.11092003434896469,0.9174964427947998,0.7354196310043335
YDL058W,YMR158W,0,-1.4351919,0.11090096086263657,0.9174964427947998,0.7355619072914124
YDR270W,YBR201W,0,-1.4352938,0.11088189482688904,0.9174964427947998,0.7357041239738464
YCR079W,YCR033W,0,-1.4353063,0.1108628362417221,0.9174964427947998,0.7358464002609253
YDL178W,YER054C,0,-1.435343,0.11084378510713577,0.9174964427947998,0.7359886169433594
YFR008W,YFL025C,0,-1.4355544,0.11082474142313004,0.9174964427947998,0.7361308932304382
YLR411W,YCL016C,0,-1.4360536,0.1108057051897049,0.9174964427947998,0.7362731099128723
YKL024C,YER169W,0,-1.4361273,0.11078666895627975,0.9174964427947998,0.7364153861999512
YDR452W,YDR227W,0,-1.4362438,0.11076764762401581,0.9174964427947998,0.7365576028823853
YOL023W,YCR077C,1,-1.4363301,0.11092033237218857,0.9189189076423645,0.7365576028823853
YER007C-A,YOL065C,0,-1.436353,0.11090128868818283,0.9189189076423645,0.7366998791694641
YIL017C,YKL056C,0,-1.4364903,0.11088225245475769,0.9189189076423645,0.7368420958518982
YHL031C,YGL121C,0,-1.4365113,0.11086322367191315,0.9189189076423645,0.736984372138977
YBR280C,YOR191W,0,-1.4366882,0.1108442023396492,0.9189189076423645,0.7371265888214111
YOR094W,YLR039C,0,-1.4367179,0.11082518100738525,0.9189189076423645,0.73726886510849
YKL073W,YDL154W,0,-1.4367417,0.1108061745762825,0.9189189076423645,0.7374110817909241
YBR186W,YDR150W,0,-1.4368758,0.11078717559576035,0.9189189076423645,0.7375533580780029
YIL125W,YOR056C,0,-1.4368898,0.11076817661523819,0.9189189076423645,0.737695574760437
YGL049C,YMR282C,1,-1.4371185,0.11092062294483185,0.9203413724899292,0.737695574760437
YJL184W,YKL054C,0,-1.437137,0.1109016090631485,0.9203413724899292,0.7378378510475159
YIL136W,YPL246C,0,-1.4371445,0.11088260263204575,0.9203413724899292,0.73798006772995
YJR013W,YMR101C,0,-1.4373035,0.11086360365152359,0.9203413724899292,0.7381223440170288
YNL007C,YGL107C,1,-1.4376281,0.1110159307718277,0.9217638969421387,0.7381223440170288
YLL039C,YKR081C,0,-1.4377294,0.11099691689014435,0.9217638969421387,0.7382645606994629
YMR207C,YDR118W,0,-1.4378438,0.1109779104590416,0.9217638969421387,0.7384068369865417
YFR053C,YBR167C,0,-1.4379959,0.11095890402793884,0.9217638969421387,0.7385490536689758
YHL040C,YIL113W,0,-1.4383199,0.11093990504741669,0.9217638969421387,0.7386913299560547
YNL156C,YOR288C,0,-1.4383731,0.11092092096805573,0.9217638969421387,0.7388335466384888
YDR051C,YNL142W,0,-1.4385693,0.11090193688869476,0.9217638969421387,0.7389758229255676
YIR015W,YDL220C,0,-1.4390182,0.1108829602599144,0.9217638969421387,0.7391180396080017
YKL156W,YDL130W-A,0,-1.4391034,0.11086398363113403,0.9217638969421387,0.7392603158950806
YLR221C,YDR058C,0,-1.4391468,0.11084502190351486,0.9217638969421387,0.7394025325775146
YGL127C,YFR025C,0,-1.4393585,0.11082606762647629,0.9217638969421387,0.7395448088645935
YKL183W,YJL083W,0,-1.4398258,0.11080711334943771,0.9217638969421387,0.7396870851516724
YGL020C,YOR244W,0,-1.440001,0.11078816652297974,0.9217638969421387,0.7398293018341064
YDR283C,YDR117C,1,-1.440016,0.11094017326831818,0.9231863617897034,0.7398293018341064
YDR334W,YJL045W,0,-1.4400266,0.110921211540699,0.9231863617897034,0.7399715781211853
YDR347W,YCR033W,0,-1.4402418,0.11090225726366043,0.9231863617897034,0.7401137948036194
YDR293C,YML127W,0,-1.4404687,0.11088331043720245,0.9231863617897034,0.7402560710906982
YNL045W,YML111W,0,-1.4405181,0.11086436361074448,0.9231863617897034,0.7403982877731323
YNR069C,YLR385C,0,-1.4405409,0.11084543168544769,0.9231863617897034,0.7405405640602112
YKL086W,YOL125W,0,-1.4406126,0.11082649976015091,0.9231863617897034,0.7406827807426453
YKL035W,YGL070C,0,-1.4407573,0.11080758273601532,0.9231863617897034,0.7408250570297241
YJR017C,YBR065C,0,-1.4409473,0.11078866571187973,0.9231863617897034,0.7409672737121582
YPR161C,YPL015C,0,-1.4412291,0.11076975613832474,0.9231863617897034,0.7411095499992371
YJL162C,YGL194C,0,-1.4414295,0.11075085401535034,0.9231863617897034,0.7412517666816711
YIL072W,YDL126C,0,-1.441967,0.11073195934295654,0.9231863617897034,0.74139404296875
YPR003C,YPR068C,0,-1.4422349,0.11071306467056274,0.9231863617897034,0.7415362596511841
YFL002C,YGR014W,0,-1.4423466,0.11069418489933014,0.9231863617897034,0.7416785359382629
YMR277W,YGL141W,0,-1.4423509,0.11067530512809753,0.9231863617897034,0.741820752620697
YDR227W,YDR488C,0,-1.4424486,0.11065643280744553,0.9231863617897034,0.7419630289077759
YOR374W,YBL080C,0,-1.4426457,0.11063757538795471,0.9231863617897034,0.74210524559021
YBR050C,YDR408C,0,-1.4432375,0.1106187179684639,0.9231863617897034,0.7422475218772888
YPL249C,YBR240C,0,-1.4433908,0.11059986054897308,0.9231863617897034,0.7423897385597229
YPL171C,YBR291C,0,-1.443477,0.11058101803064346,0.9231863617897034,0.7425320148468018
YPR025C,YMR012W,1,-1.4436529,0.1107325404882431,0.9246088266372681,0.7425320148468018
YJL047C,YDL104C,0,-1.4438033,0.11071367561817169,0.9246088266372681,0.7426742315292358
YDR462W,YBL046W,0,-1.4439689,0.11069482564926147,0.9246088266372681,0.7428165078163147
YPL228W,YGL005C,0,-1.4440857,0.11067597568035126,0.9246088266372681,0.7429587244987488
YLR138W,YPL181W,0,-1.444175,0.11065713316202164,0.9246088266372681,0.7431010007858276
YNL214W,YKL024C,0,-1.4442824,0.11063829809427261,0.9246088266372681,0.7432432174682617
YDR484W,YCL011C,0,-1.4444721,0.11061947047710419,0.9246088266372681,0.7433854937553406
YGL139W,YPR055W,0,-1.4452794,0.11060065031051636,0.9246088266372681,0.7435277104377747
YNL222W,YNL241C,0,-1.4454122,0.11058183014392853,0.9246088266372681,0.7436699867248535
YMR055C,YML092C,0,-1.4458649,0.1105630174279213,0.9246088266372681,0.7438122630119324
YBR094W,YER143W,0,-1.4460917,0.11054421961307526,0.9246088266372681,0.7439544796943665
YPL030W,YOR036W,0,-1.446145,0.11052542179822922,0.9246088266372681,0.7440967559814453
YKL059C,YNR038W,0,-1.4461504,0.11050663143396378,0.9246088266372681,0.7442389726638794
YOR141C,YDR202C,0,-1.4462202,0.11048784852027893,0.9246088266372681,0.7443812489509583
YPL085W,YNL323W,0,-1.4462706,0.11046906560659409,0.9246088266372681,0.7445234656333923
YMR040W,YIL090W,0,-1.4465756,0.11045029759407043,0.9246088266372681,0.7446657419204712
YCR066W,YLL005C,0,-1.4466207,0.11043152958154678,0.9246088266372681,0.7448079586029053
YKR013W,YIL085C,0,-1.4466774,0.11041277647018433,0.9246088266372681,0.7449502348899841
YGR046W,YJL099W,0,-1.4470823,0.11039402335882187,0.9246088266372681,0.7450924515724182
YPR110C,YLR054C,0,-1.4471409,0.11037527769804001,0.9246088266372681,0.7452347278594971
YPL118W,YPR086W,1,-1.4473114,0.11052631586790085,0.9260312914848328,0.7452347278594971
YBR283C,YER014W,0,-1.4473176,0.1105075553059578,0.9260312914848328,0.7453769445419312
YMR183C,YHR001W,0,-1.4474136,0.11048879474401474,0.9260312914848328,0.74551922082901
YMR207C,YPL135W,0,-1.4481554,0.11047004908323288,0.9260312914848328,0.7456614375114441
YDR317W,YDR345C,0,-1.4484295,0.11045130342245102,0.9260312914848328,0.745803713798523
YDL006W,YLR190W,0,-1.448534,0.11043257266283035,0.9260312914848328,0.745945930480957
YIL033C,YNL275W,0,-1.4486846,0.11041384190320969,0.9260312914848328,0.7460882067680359
YDL030W,YOL123W,0,-1.4489186,0.11039511859416962,0.9260312914848328,0.74623042345047
YML025C,YFR041C,0,-1.4491022,0.11037639528512955,0.9260312914848328,0.7463726997375488
YKL137W,YMR016C,0,-1.4495914,0.11035768687725067,0.9260312914848328,0.7465149164199829
YMR207C,YDR168W,0,-1.4496684,0.11033898591995239,0.9260312914848328,0.7466571927070618
YLR242C,YNL047C,0,-1.4501109,0.11032028496265411,0.9260312914848328,0.7467994093894958
YDR289C,YGR007W,0,-1.4505371,0.11030159145593643,0.9260312914848328,0.7469416856765747
YKR061W,YOR259C,0,-1.4506074,0.11028290539979935,0.9260312914848328,0.7470839023590088
YPL121C,YBR175W,0,-1.4506379,0.11026422679424286,0.9260312914848328,0.7472261786460876
YLR377C,YBR179C,0,-1.4507155,0.11024555563926697,0.9260312914848328,0.7473683953285217
YJR044C,YNL124W,0,-1.4507481,0.11022688448429108,0.9260312914848328,0.7475106716156006
YBR018C,YJR060W,0,-1.4507712,0.11020822823047638,0.9260312914848328,0.7476528882980347
YBR044C,YAL026C,0,-1.451044,0.11018957197666168,0.9260312914848328,0.7477951645851135
YIL124W,YMR156C,0,-1.4516656,0.11017092317342758,0.9260312914848328,0.7479374408721924
YPL116W,YNL169C,0,-1.452175,0.11015228182077408,0.9260312914848328,0.7480796575546265
YML101C,YKL157W,0,-1.4525597,0.11013364791870117,0.9260312914848328,0.7482219338417053
YLR248W,YHR201C,0,-1.4525757,0.11011502146720886,0.9260312914848328,0.7483641505241394
YLR133W,YPR186C,0,-1.4526802,0.11009639501571655,0.9260312914848328,0.7485064268112183
YML007W,YGR234W,0,-1.4527206,0.11007778346538544,0.9260312914848328,0.7486486434936523
YLL013C,YGL017W,0,-1.4527453,0.11005917191505432,0.9260312914848328,0.7487909197807312
YNL051W,YMR220W,0,-1.4528394,0.1100405678153038,0.9260312914848328,0.7489331364631653
YLR248W,YDR237W,0,-1.4531631,0.11002197116613388,0.9260312914848328,0.7490754127502441
YGR074W,YLR403W,0,-1.453371,0.11000338196754456,0.9260312914848328,0.7492176294326782
YDR122W,YMR161W,0,-1.4548206,0.10998479276895523,0.9260312914848328,0.7493599057197571
YPL173W,YGR040W,0,-1.4550381,0.1099662184715271,0.9260312914848328,0.7495021224021912
YHR123W,YBR236C,0,-1.4550834,0.10994764417409897,0.9260312914848328,0.74964439868927
YCL051W,YDL095W,0,-1.4552143,0.10992907732725143,0.9260312914848328,0.7497866153717041
YDR510W,YOR250C,0,-1.4557942,0.1099105179309845,0.9260312914848328,0.749928891658783
YER048C,YER124C,0,-1.4560775,0.10989196598529816,0.9260312914848328,0.750071108341217
YDL181W,YPR055W,0,-1.4565077,0.10987341403961182,0.9260312914848328,0.7502133846282959
YOR127W,YJR060W,0,-1.4565657,0.10985487699508667,0.9260312914848328,0.75035560131073
YIL015W,YCL029C,0,-1.4569039,0.10983633995056152,0.9260312914848328,0.7504978775978088
YOL115W,YDR213W,0,-1.4569099,0.10981781035661697,0.9260312914848328,0.7506400942802429
YCL017C,YJR022W,0,-1.4571108,0.10979928821325302,0.9260312914848328,0.7507823705673218
YJL106W,YMR071C,0,-1.4571394,0.10978077352046967,0.9260312914848328,0.7509245872497559
YJL076W,YKL140W,0,-1.4573009,0.1097622662782669,0.9260312914848328,0.7510668635368347
YEL001C,YBR212W,0,-1.4575248,0.10974375903606415,0.9260312914848328,0.7512090802192688
YNL063W,YDR031W,0,-1.457571,0.10972526669502258,0.9260312914848328,0.7513513565063477
YJR155W,YNL191W,0,-1.4577136,0.10970677435398102,0.9260312914848328,0.7514935731887817
YMR100W,YJL089W,0,-1.4580591,0.10968828946352005,0.9260312914848328,0.7516358494758606
YIL014W,YBR109C,0,-1.4589065,0.10966981202363968,0.9260312914848328,0.7517780661582947
YKR013W,YJR052W,0,-1.459388,0.1096513420343399,0.9260312914848328,0.7519203424453735
YIL022W,YER035W,0,-1.4594657,0.10963287204504013,0.9260312914848328,0.7520625591278076
YKR089C,YJL063C,0,-1.4598489,0.10961440950632095,0.9260312914848328,0.7522048354148865
YOR066W,YCR067C,0,-1.4600309,0.10959596186876297,0.9260312914848328,0.7523471117019653
YDR253C,YPL135W,0,-1.460278,0.10957751423120499,0.9260312914848328,0.7524893283843994
YHR181W,YDR228C,0,-1.4605389,0.1095590740442276,0.9260312914848328,0.7526316046714783
YAL001C,YDR116C,0,-1.4607623,0.10954063385725021,0.9260312914848328,0.7527738213539124
YPL111W,YKL002W,0,-1.4611535,0.10952220857143402,0.9260312914848328,0.7529160976409912
YGR208W,YPL084W,0,-1.4612924,0.10950378328561783,0.9260312914848328,0.7530583143234253
YJL057C,YGL105W,0,-1.4613972,0.10948536545038223,0.9260312914848328,0.7532005906105042
YLR398C,YER169W,0,-1.4616214,0.10946695506572723,0.9260312914848328,0.7533428072929382
YNL233W,YFR027W,0,-1.4618323,0.10944855213165283,0.9260312914848328,0.7534850835800171
YOL097C,YPL017C,0,-1.4619929,0.10943015664815903,0.9260312914848328,0.7536273002624512
YDR021W,YGL003C,0,-1.4620045,0.10941176116466522,0.9260312914848328,0.75376957654953
YPL120W,YML124C,0,-1.4620382,0.10939338058233261,0.9260312914848328,0.7539117932319641
YCL033C,YPR054W,0,-1.4622271,0.109375,0.9260312914848328,0.754054069519043
YGR193C,YFR042W,0,-1.4623797,0.10935662686824799,0.9260312914848328,0.754196286201477
YDR515W,YMR001C,0,-1.4624846,0.10933826118707657,0.9260312914848328,0.7543385624885559
YNR050C,YDR376W,0,-1.462914,0.10931990295648575,0.9260312914848328,0.75448077917099
YHR001W,YJR095W,0,-1.462923,0.10930154472589493,0.9260312914848328,0.7546230554580688
YJR158W,YGL119W,0,-1.4635017,0.1092831939458847,0.9260312914848328,0.7547652721405029
YLL013C,YHR203C,0,-1.4637201,0.10926485061645508,0.9260312914848328,0.7549075484275818
YEL024W,YBL038W,0,-1.4643121,0.10924651473760605,0.9260312914848328,0.7550497651100159
YOL096C,YNL154C,0,-1.4643271,0.10922818630933762,0.9260312914848328,0.7551920413970947
YDR096W,YNL083W,0,-1.4645605,0.10920986533164978,0.9260312914848328,0.7553342580795288
YLR409C,YPR066W,0,-1.4646492,0.10919154435396194,0.9260312914848328,0.7554765343666077
YMR070W,YLR059C,0,-1.4648474,0.1091732382774353,0.9260312914848328,0.7556187510490417
YGR256W,YPL233W,0,-1.4652603,0.10915493220090866,0.9260312914848328,0.7557610273361206
YBR092C,YHR143W,0,-1.4654044,0.10913663357496262,0.9260312914848328,0.7559032440185547
YDR372C,YPR168W,0,-1.4655901,0.10911833494901657,0.9260312914848328,0.7560455203056335
YGR166W,YAL043C,0,-1.4655927,0.10910005122423172,0.9260312914848328,0.7561877369880676
YMR309C,YDR283C,1,-1.46578,0.10924933105707169,0.9274537563323975,0.7561877369880676
YCL031C,YIR006C,0,-1.465806,0.10923102498054504,0.9274537563323975,0.7563300132751465
YOL042W,YLR127C,0,-1.4664854,0.1092127338051796,0.9274537563323975,0.7564722895622253
YOL055C,YHR161C,0,-1.4668658,0.10919444262981415,0.9274537563323975,0.7566145062446594
YLL010C,YNL125C,0,-1.466876,0.1091761589050293,0.9274537563323975,0.7567567825317383
YDR420W,YOR320C,0,-1.467512,0.10915787518024445,0.9274537563323975,0.7568989992141724
YDL115C,YGL125W,0,-1.4684122,0.10913960635662079,0.9274537563323975,0.7570412755012512
YLR074C,YMR297W,0,-1.4690616,0.10912133753299713,0.9274537563323975,0.7571834921836853
YOR381W,YHR006W,0,-1.4693708,0.10910307615995407,0.9274537563323975,0.7573257684707642
YJR046W,YGL251C,0,-1.4694958,0.10908482223749161,0.9274537563323975,0.7574679851531982
YLR336C,YER019W,0,-1.4695709,0.10906657576560974,0.9274537563323975,0.7576102614402771
YOL013C,YLR116W,0,-1.4696159,0.10904833674430847,0.9274537563323975,0.7577524781227112
YLR238W,YGL223C,0,-1.4697161,0.1090300977230072,0.9274537563323975,0.75789475440979
YMR192W,YOR060C,0,-1.4697781,0.10901187360286713,0.9274537563323975,0.7580369710922241
YLR381W,YFR042W,0,-1.4697784,0.10899364948272705,0.9274537563323975,0.758179247379303
YCR066W,YBR268W,0,-1.4698918,0.10897543281316757,0.9274537563323975,0.7583214640617371
YLR421C,YPR061C,0,-1.4701264,0.1089572161436081,0.9274537563323975,0.7584637403488159
YFL036W,YKL099C,0,-1.470645,0.10893901437520981,0.9274537563323975,0.75860595703125
YDR430C,YIL072W,0,-1.471158,0.10892081260681152,0.9274537563323975,0.7587482333183289
YJR144W,YNL315C,0,-1.47122,0.10890262573957443,0.9274537563323975,0.7588904500007629
YDR191W,YIL111W,0,-1.4712569,0.10888443887233734,0.9274537563323975,0.7590327262878418
YFR014C,YGR158C,0,-1.4712744,0.10886625200510025,0.9274537563323975,0.7591749429702759
YOR158W,YPL003W,0,-1.4714509,0.10884808003902435,0.9274537563323975,0.7593172192573547
YNR011C,YDR292C,0,-1.471594,0.10882990807294846,0.9274537563323975,0.7594594359397888
YJL090C,YDL017W,0,-1.4716301,0.10881175100803375,0.9274537563323975,0.7596017122268677
YMR119W,YBL106C,0,-1.4718755,0.10879359394311905,0.9274537563323975,0.7597439289093018
YMR161W,YLR328W,0,-1.4720917,0.10877544432878494,0.9274537563323975,0.7598862051963806
YOR109W,YDR503C,0,-1.4722311,0.10875729471445084,0.9274537563323975,0.7600284218788147
YNL137C,YLR084C,0,-1.4722426,0.10873916000127792,0.9274537563323975,0.7601706981658936
YLL001W,YNL098C,0,-1.4723908,0.10872102528810501,0.9274537563323975,0.7603129148483276
YMR119W,YNL246W,0,-1.4724779,0.1087028980255127,0.9274537563323975,0.7604551911354065
YDR283C,YGR083C,1,-1.4729488,0.10885147750377655,0.9288762211799622,0.7604551911354065
YLR378C,YHR184W,0,-1.4736195,0.10883333534002304,0.9288762211799622,0.7605974674224854
YMR224C,YNL103W,0,-1.4749079,0.10881520062685013,0.9288762211799622,0.7607396841049194
YCR083W,YOR129C,0,-1.4749739,0.10879706591367722,0.9288762211799622,0.7608819603919983
YPL021W,YER123W,0,-1.4759898,0.1087789461016655,0.9288762211799622,0.7610241770744324
YBL013W,YER153C,1,-1.4760287,0.10892738401889801,0.9302987456321716,0.7610241770744324
YJL048C,YGL133W,0,-1.4763308,0.1089092418551445,0.9302987456321716,0.7611664533615112
YLR442C,YJL129C,0,-1.4778411,0.10889110714197159,0.9302987456321716,0.7613086700439453
YFL039C,YLL036C,0,-1.4785819,0.10887297987937927,0.9302987456321716,0.7614509463310242
YER073W,YHR176W,0,-1.4787416,0.10885486006736755,0.9302987456321716,0.7615931630134583
YOR371C,YOL116W,0,-1.4789747,0.10883674770593643,0.9302987456321716,0.7617354393005371
YGL142C,YPL132W,0,-1.4790404,0.10881863534450531,0.9302987456321716,0.7618776559829712
YLR222C,YIL087C,0,-1.4792497,0.10880053043365479,0.9302987456321716,0.76201993227005
YIL031W,YBR043C,0,-1.4793262,0.10878243297338486,0.9302987456321716,0.7621621489524841
YER153C,YGL107C,1,-1.479552,0.10893064737319946,0.9317212104797363,0.7621621489524841
YDR349C,YKL220C,0,-1.4796259,0.10891253501176834,0.9317212104797363,0.762304425239563
YEL038W,YBR290W,0,-1.4798118,0.10889443010091782,0.9317212104797363,0.7624466419219971
YGR200C,YKL178C,0,-1.4808917,0.10887633264064789,0.9317212104797363,0.7625889182090759
YIL023C,YMR275C,0,-1.4810472,0.10885823518037796,0.9317212104797363,0.76273113489151
YBL004W,YPR184W,0,-1.4816933,0.10884014517068863,0.9317212104797363,0.7628734111785889
YDR510W,YHR194W,0,-1.4818456,0.1088220626115799,0.9317212104797363,0.763015627861023
YKR085C,YHL020C,0,-1.4819602,0.10880398750305176,0.9317212104797363,0.7631579041481018
YKR050W,YOR048C,0,-1.4820918,0.10878591239452362,0.9317212104797363,0.7633001208305359
YGL232W,YGR279C,0,-1.4821144,0.10876785218715668,0.9317212104797363,0.7634423971176147
YMR035W,YDL085W,0,-1.482191,0.10874979197978973,0.9317212104797363,0.7635846138000488
YKL101W,YPL149W,0,-1.4821998,0.10873173922300339,0.9317212104797363,0.7637268900871277
YKR050W,YBR024W,0,-1.4822935,0.10871369391679764,0.9317212104797363,0.7638691067695618
YCR008W,YMR235C,0,-1.4824333,0.10869564861059189,0.9317212104797363,0.7640113830566406
YGR076C,YMR302C,0,-1.482492,0.10867761820554733,0.9317212104797363,0.7641535997390747
YIL040W,YOL113W,0,-1.4828539,0.10865958780050278,0.9317212104797363,0.7642958760261536
YML115C,YKL154W,0,-1.4828678,0.10864156484603882,0.9317212104797363,0.7644380927085876
YOL094C,YOR109W,0,-1.4829068,0.10862354934215546,0.9317212104797363,0.7645803689956665
YJL133W,YDR103W,0,-1.4831595,0.10860554128885269,0.9317212104797363,0.7647226452827454
YOR270C,YHR176W,0,-1.483814,0.10858753323554993,0.9317212104797363,0.7648648619651794
YDL102W,YGL127C,0,-1.4839339,0.10856953263282776,0.9317212104797363,0.7650071382522583
YBL105C,YPR100W,0,-1.4840198,0.10855153948068619,0.9317212104797363,0.7651493549346924
YLR008C,YHL036W,0,-1.4841385,0.10853355377912521,0.9317212104797363,0.7652916312217712
YNL014W,YER146W,0,-1.4845064,0.10851557552814484,0.9317212104797363,0.7654338479042053
YBL093C,YJL047C,0,-1.48467,0.10849759727716446,0.9317212104797363,0.7655761241912842
YMR081C,YKR029C,0,-1.4847414,0.10847962647676468,0.9317212104797363,0.7657183408737183
YKR014C,YPL084W,0,-1.484978,0.1084616631269455,0.9317212104797363,0.7658606171607971
YHR044C,YKL167C,0,-1.4850011,0.10844370722770691,0.9317212104797363,0.7660028338432312
YNL286W,YHR050W,0,-1.485179,0.10842575877904892,0.9317212104797363,0.7661451101303101
YBR112C,YJL045W,0,-1.485225,0.10840781033039093,0.9317212104797363,0.7662873268127441
YDR300C,YCR068W,0,-1.4854491,0.10838986933231354,0.9317212104797363,0.766429603099823
YDL067C,YBL030C,0,-1.4859918,0.10837193578481674,0.9317212104797363,0.7665718197822571
YPL003W,YCR035C,0,-1.4860454,0.10835400968790054,0.9317212104797363,0.7667140960693359
YKR105C,YBR087W,0,-1.4860505,0.10833609104156494,0.9317212104797363,0.76685631275177
YLL042C,YFL018C,0,-1.4860841,0.10831817239522934,0.9317212104797363,0.7669985890388489
YGL095C,YPL156C,0,-1.4863124,0.10830026119947433,0.9317212104797363,0.767140805721283
YOR233W,YDL106C,0,-1.486368,0.10828235745429993,0.9317212104797363,0.7672830820083618
YKL191W,YBR073W,0,-1.4863952,0.10826446115970612,0.9317212104797363,0.7674252986907959
YDR206W,YGL011C,0,-1.4868046,0.1082465723156929,0.9317212104797363,0.7675675749778748
YDR283C,YMR012W,1,-1.487005,0.10839392244815826,0.933143675327301,0.7675675749778748
YAR007C,YDL141W,0,-1.4875009,0.10837601125240326,0.933143675327301,0.7677097916603088
YPL171C,YFR041C,0,-1.4876567,0.10835810750722885,0.933143675327301,0.7678520679473877
YNL037C,YLL006W,0,-1.4876839,0.10834021121263504,0.933143675327301,0.7679942846298218
YJR073C,YPL097W,0,-1.4880499,0.10832232236862183,0.933143675327301,0.7681365609169006
YIL036W,YLR223C,0,-1.4881659,0.10830444097518921,0.933143675327301,0.7682787775993347
YDL018C,YGL131C,0,-1.4883728,0.10828655958175659,0.933143675327301,0.7684210538864136
YGR098C,YJR084W,0,-1.4888988,0.10826869308948517,0.933143675327301,0.7685632705688477
YLR121C,YPR183W,0,-1.4891186,0.10825082659721375,0.933143675327301,0.7687055468559265
YFR009W,YCR020C,0,-1.4894502,0.10823296755552292,0.933143675327301,0.7688478231430054
YDR377W,YNR027W,0,-1.4896389,0.10821510851383209,0.933143675327301,0.7689900398254395
YCR003W,YNL265C,0,-1.4896626,0.10819726437330246,0.933143675327301,0.7691323161125183
YGL229C,YDR356W,0,-1.4899904,0.10817942023277283,0.933143675327301,0.7692745327949524
YDR180W,YPL152W,0,-1.4901626,0.10816158354282379,0.933143675327301,0.7694168090820312
YGR125W,YGR005C,0,-1.4902505,0.10814375430345535,0.933143675327301,0.7695590257644653
YEL046C,YJL104W,0,-1.4902726,0.10812592506408691,0.933143675327301,0.7697013020515442
YGL001C,YIL068C,0,-1.4906378,0.10810811072587967,0.933143675327301,0.7698435187339783
YER056C,YER035W,0,-1.4907278,0.10809029638767242,0.933143675327301,0.7699857950210571
YDR283C,YNL007C,1,-1.4907887,0.10823722928762436,0.9345661401748657,0.7699857950210571
YLR315W,YGR132C,0,-1.4908412,0.10821940004825592,0.9345661401748657,0.7701280117034912
YCR018C,YIL123W,0,-1.4909557,0.10820157825946808,0.9345661401748657,0.7702702879905701
YOR334W,YJL091C,0,-1.4911968,0.10818376392126083,0.9345661401748657,0.7704125046730042
YJL048C,YIR010W,0,-1.4913032,0.10816594958305359,0.9345661401748657,0.770554780960083
YLR307W,YIL130W,0,-1.4914049,0.10814815014600754,0.9345661401748657,0.7706969976425171
YNR032W,YPR101W,0,-1.4914672,0.10813035070896149,0.9345661401748657,0.770839273929596
YML009C,YBL007C,0,-1.491569,0.10811255872249603,0.9345661401748657,0.77098149061203
YNL072W,YAL020C,0,-1.4915884,0.10809476673603058,0.9345661401748657,0.7711237668991089
YLR069C,YOL008W,0,-1.4916738,0.10807698965072632,0.9345661401748657,0.771265983581543
YDL108W,YOL156W,0,-1.4934899,0.10805921256542206,0.9345661401748657,0.7714082598686218
YJR159W,YBR258C,0,-1.4934905,0.1080414429306984,0.9345661401748657,0.7715504765510559
YJL203W,YML091C,0,-1.4935242,0.10802367329597473,0.9345661401748657,0.7716927528381348
YDL044C,YIL039W,0,-1.4936833,0.10800591856241226,0.9345661401748657,0.7718349695205688
YOR257W,YMR214W,0,-1.4938229,0.10798816382884979,0.9345661401748657,0.7719772458076477
YER113C,YGL167C,0,-1.4938278,0.10797041654586792,0.9345661401748657,0.7721194624900818
YOL023W,YMR282C,1,-1.4947166,0.1081169918179512,0.9359886050224304,0.7721194624900818
YLR299W,YJL063C,0,-1.4948981,0.10809922963380814,0.9359886050224304,0.7722617387771606
YMR037C,YNL233W,0,-1.4949455,0.10808147490024567,0.9359886050224304,0.7724039554595947
YOR330C,YAL042W,0,-1.4950757,0.1080637201666832,0.9359886050224304,0.7725462317466736
YDL146W,YLR260W,0,-1.495484,0.10804598033428192,0.9359886050224304,0.7726884484291077
YER011W,YGR148C,0,-1.4955139,0.10802824050188065,0.9359886050224304,0.7728307247161865
YLR233C,YDR440W,0,-1.4959583,0.10801050812005997,0.9359886050224304,0.7729730010032654
YKL021C,YGR247W,0,-1.4961252,0.10799277573823929,0.9359886050224304,0.7731152176856995
YCR067C,YBL061C,0,-1.4961312,0.1079750582575798,0.9359886050224304,0.7732574939727783
YLR369W,YDL003W,0,-1.4963655,0.10795734077692032,0.9359886050224304,0.7733997106552124
YKL138C,YCR020W-B,0,-1.4964302,0.10793963074684143,0.9359886050224304,0.7735419869422913
YOR250C,YMR156C,0,-1.4966431,0.10792192816734314,0.9359886050224304,0.7736842036247253
YER093C,YDL010W,0,-1.4968683,0.10790423303842545,0.9359886050224304,0.7738264799118042
YLR342W,YDR188W,0,-1.4968812,0.10788653790950775,0.9359886050224304,0.7739686965942383
YDR108W,YFR047C,0,-1.4969867,0.10786885023117065,0.9359886050224304,0.7741109728813171
YMR224C,YIL062C,0,-1.4970242,0.10785117000341415,0.9359886050224304,0.7742531895637512
YPL036W,YPR020W,0,-1.4971969,0.10783349722623825,0.9359886050224304,0.7743954658508301
YCR024C,YHR023W,0,-1.4972143,0.10781583189964294,0.9359886050224304,0.7745376825332642
YOR033C,YHR006W,0,-1.4973205,0.10779816657304764,0.9359886050224304,0.774679958820343
YDR119W,YKR029C,0,-1.4973356,0.10778050869703293,0.9359886050224304,0.7748221755027771
YGL048C,YMR214W,0,-1.4976678,0.10776285827159882,0.9359886050224304,0.774964451789856
YNR001C,YJL036W,0,-1.4981278,0.1077452078461647,0.9359886050224304,0.77510666847229
YLR067C,YBR003W,0,-1.4991851,0.10772757232189178,0.9359886050224304,0.7752489447593689
YGL001C,YDR329C,0,-1.4991975,0.10770993679761887,0.9359886050224304,0.775391161441803
YJL076W,YER083C,0,-1.499287,0.10769230872392654,0.9359886050224304,0.7755334377288818
YOR174W,YKL086W,0,-1.4993383,0.10767468810081482,0.9359886050224304,0.7756756544113159
YGL017W,YIL126W,0,-1.4993504,0.1076570674777031,0.9359886050224304,0.7758179306983948
YDL236W,YDR111C,0,-1.499893,0.10763945430517197,0.9359886050224304,0.7759601473808289
YHR123W,YNL152W,0,-1.4999436,0.10762184858322144,0.9359886050224304,0.7761024236679077
YGR240C,YPL195W,0,-1.5006266,0.1076042503118515,0.9359886050224304,0.7762446403503418
YGR059W,YCR048W,0,-1.5006604,0.10758665949106216,0.9359886050224304,0.7763869166374207
YER038C,YKL039W,0,-1.5006983,0.10756906867027283,0.9359886050224304,0.7765291333198547
YML113W,YKL198C,0,-1.5008771,0.10755148530006409,0.9359886050224304,0.7766714096069336
YIL013C,YMR060C,0,-1.5011065,0.10753390938043594,0.9359886050224304,0.7768136262893677
YHR200W,YLR097C,0,-1.501131,0.1075163409113884,0.9359886050224304,0.7769559025764465
YPL206C,YIL044C,0,-1.5012088,0.10749877244234085,0.9359886050224304,0.7770981788635254
YGR030C,YGL153W,0,-1.5012475,0.1074812188744545,0.9359886050224304,0.7772403955459595
YOR132W,YDR093W,0,-1.5015131,0.10746366530656815,0.9359886050224304,0.7773826718330383
YMR055C,YBL097W,0,-1.5015731,0.1074461117386818,0.9359886050224304,0.7775248885154724
YBR212W,YDL065C,0,-1.5015924,0.10742857307195663,0.9359886050224304,0.7776671648025513
YGR029W,YDR075W,0,-1.5017027,0.10741103440523148,0.9359886050224304,0.7778093814849854
YDL159W,YFR014C,0,-1.5018728,0.10739350318908691,0.9359886050224304,0.7779516577720642
YDR421W,YGL145W,0,-1.5021307,0.10737597942352295,0.9359886050224304,0.7780938744544983
YML127W,YPL084W,0,-1.5021708,0.10735846310853958,0.9359886050224304,0.7782361507415771
YHR014W,YJL091C,0,-1.5022248,0.10734094679355621,0.9359886050224304,0.7783783674240112
YKR022C,YLR096W,0,-1.5023884,0.10732343792915344,0.9359886050224304,0.7785206437110901
YMR207C,YDL065C,0,-1.5025463,0.10730593651533127,0.9359886050224304,0.7786628603935242
YCR105W,YOL018C,0,-1.5027214,0.10728844255208969,0.9359886050224304,0.778805136680603
YNL051W,YDL058W,0,-1.5032429,0.10727094858884811,0.9359886050224304,0.7789473533630371
YPR165W,YDL200C,0,-1.5032842,0.10725346207618713,0.9359886050224304,0.779089629650116
YMR313C,YEL021W,0,-1.5033776,0.10723598301410675,0.9359886050224304,0.77923184633255
YLR148W,YGR231C,0,-1.5034589,0.10721851140260696,0.9359886050224304,0.7793741226196289
YDR235W,YDL143W,0,-1.5035708,0.10720103979110718,0.9359886050224304,0.779516339302063
YGR074W,YGL187C,0,-1.5038731,0.10718358308076859,0.9359886050224304,0.7796586155891418
YLR115W,YFL050C,0,-1.5040565,0.10716612637042999,0.9359886050224304,0.7798008322715759
YPR178W,YGL131C,0,-1.5041296,0.1071486696600914,0.9359886050224304,0.7799431085586548
YJR099W,YPR055W,0,-1.5042472,0.107131227850914,0.9359886050224304,0.7800853252410889
YNL059C,YNL189W,0,-1.5042996,0.1071137860417366,0.9359886050224304,0.7802276015281677
YDR180W,YDR255C,0,-1.5045629,0.1070963516831398,0.9359886050224304,0.7803698182106018
YKR022C,YGR289C,0,-1.5047688,0.1070789247751236,0.9359886050224304,0.7805120944976807
YJL164C,YER063W,0,-1.504823,0.10706150531768799,0.9359886050224304,0.7806543111801147
YNL012W,YJL151C,0,-1.5048711,0.10704408586025238,0.9359886050224304,0.7807965874671936
YIL091C,YOL052C-A,0,-1.5050437,0.10702667385339737,0.9359886050224304,0.7809388041496277
YEL004W,YPL174C,0,-1.5051694,0.10700926929712296,0.9359886050224304,0.7810810804367065
YPR143W,YFR040W,0,-1.5053415,0.10699187219142914,0.9359886050224304,0.7812233567237854
YBR045C,YBR024W,0,-1.5054027,0.10697447508573532,0.9359886050224304,0.7813655734062195
YOR130C,YHR115C,0,-1.5056552,0.1069570854306221,0.9359886050224304,0.7815078496932983
YML038C,YDR003W,0,-1.5061119,0.10693970322608948,0.9359886050224304,0.7816500663757324
YIR019C,YLL018C,0,-1.5069838,0.10692232847213745,0.9359886050224304,0.7817923426628113
YDR162C,YJR152W,0,-1.5070297,0.10690495371818542,0.9359886050224304,0.7819345593452454
YJR160C,YGR007W,0,-1.5073434,0.106887586414814,0.9359886050224304,0.7820768356323242
YOR002W,YFR041C,0,-1.5074329,0.10687022656202316,0.9359886050224304,0.7822190523147583
YGR080W,YPR188C,0,-1.5074492,0.10685287415981293,0.9359886050224304,0.7823613286018372
YLR293C,YIL036W,0,-1.5077084,0.10683552175760269,0.9359886050224304,0.7825035452842712
YPR052C,YLR115W,0,-1.5081365,0.10681818425655365,0.9359886050224304,0.7826458215713501
YJL203W,YOR179C,0,-1.5081382,0.10680084675550461,0.9359886050224304,0.7827880382537842
YMR274C,YHR161C,0,-1.5086777,0.10678350925445557,0.9359886050224304,0.782930314540863
YDL138W,YKL034W,0,-1.5090768,0.10676618665456772,0.9359886050224304,0.7830725312232971
YIL039W,YDR485C,0,-1.5093145,0.10674886405467987,0.9359886050224304,0.783214807510376
YOR360C,YGR183C,0,-1.5095365,0.10673154890537262,0.9359886050224304,0.7833570241928101
YPL239W,YLR320W,0,-1.509553,0.10671424120664597,0.9359886050224304,0.7834993004798889
YFL004W,YMR236W,0,-1.5098373,0.10669693350791931,0.9359886050224304,0.783641517162323
YOR173W,YPR082C,0,-1.510412,0.10667963325977325,0.9359886050224304,0.7837837934494019
YGR198W,YDR085C,0,-1.5104748,0.1066623404622078,0.9359886050224304,0.7839260101318359
YGR030C,YPR007C,0,-1.5106282,0.10664505511522293,0.9359886050224304,0.7840682864189148
YAR007C,YJR152W,0,-1.5110434,0.10662777721881866,0.9359886050224304,0.7842105031013489
YIL038C,YLR362W,0,-1.5111244,0.1066104993224144,0.9359886050224304,0.7843527793884277
YMR309C,YPR025C,1,-1.5111963,0.10675522685050964,0.9374110698699951,0.7843527793884277
YMR009W,YDR503C,0,-1.5112742,0.10673793405294418,0.9374110698699951,0.7844949960708618
YBR214W,YGR065C,0,-1.5113611,0.10672064870595932,0.9374110698699951,0.7846372723579407
YPL045W,YPL262W,0,-1.5113828,0.10670337080955505,0.9374110698699951,0.7847794890403748
YGL123W,YOL065C,0,-1.5119809,0.10668609291315079,0.9374110698699951,0.7849217653274536
YOR290C,YDL076C,0,-1.5121651,0.10666882246732712,0.9374110698699951,0.7850639820098877
YMR192W,YDR441C,0,-1.5121949,0.10665155947208405,0.9374110698699951,0.7852062582969666
YJR086W,YKL059C,0,-1.5122094,0.10663430392742157,0.9374110698699951,0.7853485345840454
YOL023W,YBL090W,1,-1.5133543,0.1067788377404213,0.9388335943222046,0.7853485345840454
YPL215W,YBL097W,0,-1.5135119,0.10676156729459763,0.9388335943222046,0.7854907512664795
YDR397C,YDR298C,0,-1.5138266,0.10674429684877396,0.9388335943222046,0.7856330275535583
YJR033C,YDR480W,0,-1.5138367,0.10672703385353088,0.9388335943222046,0.7857752442359924
YPR178W,YML074C,0,-1.514054,0.10670977830886841,0.9388335943222046,0.7859175205230713
YBL106C,YJL164C,0,-1.5143313,0.10669253021478653,0.9388335943222046,0.7860597372055054
YIL015W,YOR384W,0,-1.5144578,0.10667528957128525,0.9388335943222046,0.7862020134925842
YBR039W,YNL246W,0,-1.5145494,0.10665804892778397,0.9388335943222046,0.7863442301750183
YER153C,YPR086W,1,-1.5155021,0.10680238902568817,0.9402560591697693,0.7863442301750183
YJR144W,YAL043C,0,-1.5155239,0.10678514093160629,0.9402560591697693,0.7864865064620972
YGL048C,YIL019W,0,-1.5160682,0.10676788538694382,0.9402560591697693,0.7866287231445312
YOL123W,YHR014W,0,-1.5165626,0.10675064474344254,0.9402560591697693,0.7867709994316101
YML081C-A,YER068W,0,-1.5168056,0.10673341155052185,0.9402560591697693,0.7869132161140442
YLR085C,YOR306C,0,-1.5172827,0.10671617835760117,0.9402560591697693,0.787055492401123
YDR052C,YKL148C,0,-1.5173228,0.10669895261526108,0.9402560591697693,0.7871977090835571
YOR335C,YOL060C,0,-1.5178111,0.10668172687292099,0.9402560591697693,0.787339985370636
YOR266W,YER048W-A,0,-1.5179595,0.1066645160317421,0.9402560591697693,0.7874822020530701
YIR023W,YOL016C,0,-1.5179963,0.1066473051905632,0.9402560591697693,0.7876244783401489
YGR006W,YER159C,0,-1.5182514,0.1066301017999649,0.9402560591697693,0.787766695022583
YPL175W,YNL199C,0,-1.5185077,0.1066129058599472,0.9402560591697693,0.7879089713096619
YOR329C,YLR439W,0,-1.5185455,0.1065957099199295,0.9402560591697693,0.788051187992096
YMR029C,YNR048W,0,-1.5188148,0.1065785214304924,0.9402560591697693,0.7881934642791748
YGR048W,YMR058W,0,-1.518939,0.1065613403916359,0.9402560591697693,0.7883356809616089
YGR163W,YKR065C,0,-1.5189703,0.10654416680335999,0.9402560591697693,0.7884779572486877
YNL322C,YDR122W,0,-1.519124,0.10652699321508408,0.9402560591697693,0.7886201739311218
YDL113C,YJR097W,0,-1.5192652,0.10650982707738876,0.9402560591697693,0.7887624502182007
YKL010C,YML072C,0,-1.5195723,0.10649266839027405,0.9402560591697693,0.7889046669006348
YCL035C,YGR271C-A,0,-1.5196762,0.10647551715373993,0.9402560591697693,0.7890469431877136
YKL087C,YOL113W,0,-1.5197023,0.10645836591720581,0.9402560591697693,0.7891891598701477
YOL064C,YOR174W,0,-1.5199258,0.10644122213125229,0.9402560591697693,0.7893314361572266
YKR053C,YKR095W,0,-1.5201253,0.10642408579587936,0.9402560591697693,0.7894737124443054
YDR032C,YHR206W,0,-1.5205328,0.10640695691108704,0.9402560591697693,0.7896159291267395
YKL156W,YDR031W,0,-1.520992,0.10638982802629471,0.9402560591697693,0.7897582054138184
YLR052W,YPL186C,0,-1.5210465,0.10637270659208298,0.9402560591697693,0.7899004220962524
YDR276C,YJR160C,0,-1.5210714,0.10635559260845184,0.9402560591697693,0.7900426983833313
YBR112C,YPR031W,0,-1.5215666,0.10633847862482071,0.9402560591697693,0.7901849150657654
YFR027W,YAR014C,0,-1.5221324,0.10632137954235077,0.9402560591697693,0.7903271913528442
YGR109C,YEL015W,0,-1.5221672,0.10630428045988083,0.9402560591697693,0.7904694080352783
YOR348C,YDL168W,0,-1.5222988,0.10628718137741089,0.9402560591697693,0.7906116843223572
YGL257C,YDL195W,0,-1.522635,0.10627009719610214,0.9402560591697693,0.7907539010047913
YDL092W,YOL132W,0,-1.5226471,0.1062530130147934,0.9402560591697693,0.7908961772918701
YBR288C,YDR244W,0,-1.522768,0.10623593628406525,0.9402560591697693,0.7910383939743042
YJL106W,YKR105C,0,-1.5228285,0.1062188670039177,0.9402560591697693,0.7911806702613831
YKL208W,YOR032C,0,-1.5229477,0.10620179772377014,0.9402560591697693,0.7913228869438171
YBR003W,YDR363W-A,0,-1.5236208,0.10618473589420319,0.9402560591697693,0.791465163230896
YER060W-A,YIL137C,0,-1.5236915,0.10616768151521683,0.9402560591697693,0.7916073799133301
YIL075C,YGL061C,0,-1.5237658,0.10615063458681107,0.9402560591697693,0.7917496562004089
YIL155C,YCR071C,0,-1.5243467,0.1061335876584053,0.9402560591697693,0.791891872882843
YGR256W,YPL189W,0,-1.5243646,0.10611654818058014,0.9402560591697693,0.7920341491699219
YCR063W,YPR049C,0,-1.5243757,0.10609951615333557,0.9402560591697693,0.792176365852356
YKL218C,YNL310C,0,-1.5246899,0.1060824915766716,0.9402560591697693,0.7923186421394348
YOL089C,YMR006C,0,-1.5250566,0.10606546700000763,0.9402560591697693,0.7924608588218689
YLR363C,YHR129C,0,-1.5250717,0.10604844987392426,0.9402560591697693,0.7926031351089478
YBR021W,YCR091W,0,-1.5253698,0.10603144019842148,0.9402560591697693,0.7927453517913818
YOL148C,YLR277C,0,-1.5254085,0.1060144379734993,0.9402560591697693,0.7928876280784607
YDR074W,YDR221W,0,-1.5257087,0.10599743574857712,0.9402560591697693,0.7930298447608948
YLR363C,YLR373C,0,-1.5266796,0.10598044097423553,0.9402560591697693,0.7931721210479736
YDR118W,YDR060W,0,-1.5267355,0.10596344619989395,0.9402560591697693,0.7933143377304077
YBR207W,YBR153W,0,-1.5269094,0.10594646632671356,0.9402560591697693,0.7934566140174866
YGL181W,YOR357C,0,-1.5269971,0.10592948645353317,0.9402560591697693,0.7935988903045654
YDR009W,YFR047C,0,-1.5272546,0.10591251403093338,0.9402560591697693,0.7937411069869995
YGR028W,YKR072C,0,-1.5276805,0.10589554905891418,0.9402560591697693,0.7938833832740784
YNL250W,YOR156C,0,-1.527765,0.10587858408689499,0.9402560591697693,0.7940255999565125
YML102W,YMR293C,0,-1.5278193,0.10586162656545639,0.9402560591697693,0.7941678762435913
YDL141W,YOR208W,0,-1.5284228,0.10584467649459839,0.9402560591697693,0.7943100929260254
YNL278W,YGL064C,0,-1.5289413,0.10582772642374039,0.9402560591697693,0.7944523692131042
YOL067C,YJR160C,0,-1.5289729,0.10581079125404358,0.9402560591697693,0.7945945858955383
YOR190W,YOR254C,0,-1.5289788,0.10579385608434677,0.9402560591697693,0.7947368621826172
YER015W,YHR062C,0,-1.5292405,0.10577692091464996,0.9402560591697693,0.7948790788650513
YGL141W,YPL181W,0,-1.5292815,0.10576000064611435,0.9402560591697693,0.7950213551521301
YIL120W,YOR061W,0,-1.5294669,0.10574308037757874,0.9402560591697693,0.7951635718345642
YOR371C,YGL106W,0,-1.5297824,0.10572616755962372,0.9402560591697693,0.7953058481216431
YLR023C,YIR036C,0,-1.5303909,0.1057092621922493,0.9402560591697693,0.7954480648040771
YJL127C,YHR181W,0,-1.5304499,0.10569235682487488,0.9402560591697693,0.795590341091156
YDR540C,YPR118W,0,-1.5306523,0.10567545890808105,0.9402560591697693,0.7957325577735901
YNL059C,YOL088C,0,-1.5307187,0.10565856844186783,0.9402560591697693,0.795874834060669
YNL012W,YBR068C,0,-1.5307542,0.1056416779756546,0.9402560591697693,0.796017050743103
YNR008W,YJR117W,0,-1.5308753,0.10562480241060257,0.9402560591697693,0.7961593270301819
YKR022C,YPL269W,0,-1.5308962,0.10560792684555054,0.9402560591697693,0.796301543712616
YPL049C,YBL037W,0,-1.531362,0.1055910512804985,0.9402560591697693,0.7964438199996948
YGL095C,YBR038W,0,-1.5317614,0.10557419061660767,0.9402560591697693,0.7965860366821289
YDR276C,YKL146W,0,-1.5318534,0.10555732995271683,0.9402560591697693,0.7967283129692078
YNL119W,YBR040W,0,-1.5321292,0.10554047673940659,0.9402560591697693,0.7968705296516418
YFR014C,YNL088W,0,-1.5321735,0.10552362352609634,0.9402560591697693,0.7970128059387207
YDR270W,YOL018C,0,-1.5322033,0.1055067852139473,0.9402560591697693,0.7971550226211548
YML118W,YIL085C,0,-1.5322208,0.10548994690179825,0.9402560591697693,0.7972972989082336
YMR278W,YDR191W,0,-1.5322924,0.1054731160402298,0.9402560591697693,0.7974395155906677
YOL095C,YPR131C,0,-1.5323684,0.10545628517866135,0.9402560591697693,0.7975817918777466
YKL167C,YML061C,0,-1.532448,0.10543946176767349,0.9402560591697693,0.7977240681648254
YLR306W,YGL181W,0,-1.5325825,0.10542264580726624,0.9402560591697693,0.7978662848472595
YNL185C,YNL321W,0,-1.5336066,0.10540583729743958,0.9402560591697693,0.7980085611343384
YDR482C,YOR383C,0,-1.5337061,0.10538902878761292,0.9402560591697693,0.7981507778167725
YDR014W,YLR044C,0,-1.5338405,0.10537222772836685,0.9402560591697693,0.7982930541038513
YAL011W,YPR061C,0,-1.534172,0.10535543411970139,0.9402560591697693,0.7984352707862854
YKR086W,YOR118W,0,-1.534777,0.10533864796161652,0.9402560591697693,0.7985775470733643
YGR092W,YLR313C,0,-1.5349319,0.10532186180353165,0.9402560591697693,0.7987197637557983
YOL059W,YCR106W,0,-1.5353608,0.10530508309602737,0.9402560591697693,0.7988620400428772
YDR096W,YDL043C,0,-1.5354342,0.1052883118391037,0.9402560591697693,0.7990042567253113
YGR278W,YBL004W,0,-1.5354543,0.10527154058218002,0.9402560591697693,0.7991465330123901
YKL002W,YKR099W,0,-1.5358659,0.10525477677583694,0.9402560591697693,0.7992887496948242
YHR062C,YDR077W,0,-1.5361011,0.10523802042007446,0.9402560591697693,0.7994310259819031
YER114C,YCL048W,0,-1.536284,0.10522126406431198,0.9402560591697693,0.7995732426643372
YEL060C,YGR128C,0,-1.5363729,0.1052045226097107,0.9402560591697693,0.799715518951416
YCR063W,YDR376W,0,-1.5367916,0.1051877811551094,0.9402560591697693,0.7998577356338501
YKR022C,YER143W,0,-1.5369914,0.10517103970050812,0.9402560591697693,0.800000011920929
YDL019C,YBR082C,0,-1.5373578,0.10515431314706802,0.9402560591697693,0.800142228603363
YJL047C,YGL254W,0,-1.5378088,0.10513758659362793,0.9402560591697693,0.8002845048904419
YOL016C,YBL080C,0,-1.5378392,0.10512086749076843,0.9402560591697693,0.800426721572876
YPR201W,YIR034C,0,-1.5382457,0.10510414838790894,0.9402560591697693,0.8005689978599548
YDL166C,YGL194C,0,-1.5387409,0.10508743673563004,0.9402560591697693,0.8007112145423889
YAR003W,YNL091W,0,-1.5388327,0.10507073253393173,0.9402560591697693,0.8008534908294678
YOL105C,YNL113W,0,-1.5388439,0.10505403578281403,0.9402560591697693,0.8009957075119019
YHR105W,YER126C,0,-1.538983,0.10503734648227692,0.9402560591697693,0.8011379837989807
YOR119C,YER106W,0,-1.5394868,0.10502065718173981,0.9402560591697693,0.8012802004814148
YJR134C,YBL080C,0,-1.5406743,0.1050039678812027,0.9402560591697693,0.8014224767684937
YGR013W,YLR262C,0,-1.5409833,0.10498729348182678,0.9402560591697693,0.8015646934509277
YNL156C,YDR168W,0,-1.5411043,0.10497061908245087,0.9402560591697693,0.8017069697380066
YGR008C,YNL075W,0,-1.5411863,0.10495395213365555,0.9402560591697693,0.8018492460250854
YJL044C,YOL006C,0,-1.5415925,0.10493729263544083,0.9402560591697693,0.8019914627075195
YEL004W,YJR126C,0,-1.5420806,0.1049206331372261,0.9402560591697693,0.8021337389945984
YLR022C,YIL097W,0,-1.5422368,0.10490398108959198,0.9402560591697693,0.8022759556770325
YDL243C,YLR061W,0,-1.5423392,0.10488733649253845,0.9402560591697693,0.8024182319641113
YNL244C,YMR282C,1,-1.5425019,0.10502935200929642,0.941678524017334,0.8024182319641113
YHR185C,YOL067C,0,-1.5426393,0.1050126925110817,0.941678524017334,0.8025604486465454
YOR202W,YIL110W,0,-1.5426772,0.10499603301286697,0.941678524017334,0.8027027249336243
YDR443C,YDR201W,0,-1.5428036,0.10497938841581345,0.941678524017334,0.8028449416160583
YDR363W,YPL280W,0,-1.5430186,0.10496273636817932,0.941678524017334,0.8029872179031372
YOR341W,YHL021C,0,-1.5435157,0.10494609922170639,0.941678524017334,0.8031294345855713
YAL053W,YJL209W,0,-1.5442362,0.10492946952581406,0.941678524017334,0.8032717108726501
YPL045W,YLR022C,0,-1.5444849,0.10491283982992172,0.941678524017334,0.8034139275550842
YLR090W,YPL145C,0,-1.54454,0.10489621013402939,0.941678524017334,0.8035562038421631
YDR247W,YLL042C,0,-1.5455875,0.10487959533929825,0.941678524017334,0.8036984205245972
YNL023C,YJR065C,0,-1.5456759,0.10486298054456711,0.941678524017334,0.803840696811676
YJR046W,YBR035C,0,-1.5459679,0.10484637320041656,0.941678524017334,0.8039829134941101
YMR305C,YDL200C,0,-1.5465318,0.10482977330684662,0.941678524017334,0.804125189781189
YPR025C,YAL035W,1,-1.5467619,0.1049714982509613,0.9431009888648987,0.804125189781189
YLL001W,YDR289C,0,-1.5475562,0.10495488345623016,0.9431009888648987,0.804267406463623
YNL299W,YNR070W,0,-1.5479344,0.10493826866149902,0.9431009888648987,0.8044096827507019
YPR164W,YER032W,0,-1.5480694,0.10492166131734848,0.9431009888648987,0.804551899433136
YGL116W,YPR017C,0,-1.5480864,0.10490506142377853,0.9431009888648987,0.8046941757202148
YBR135W,YJL044C,0,-1.548165,0.10488846898078918,0.9431009888648987,0.8048363924026489
YMR026C,YDR058C,0,-1.5484785,0.10487187653779984,0.9431009888648987,0.8049786686897278
YJL203W,YJR158W,0,-1.5486314,0.10485529154539108,0.9431009888648987,0.8051208853721619
YLR131C,YBL014C,0,-1.5488441,0.10483870655298233,0.9431009888648987,0.8052631616592407
YBR126C,YLR277C,0,-1.5489833,0.10482213646173477,0.9431009888648987,0.8054053783416748
YKR050W,YAL051W,0,-1.5493937,0.10480556637048721,0.9431009888648987,0.8055476546287537
YML005W,YLR453C,0,-1.549501,0.10478899627923965,0.9431009888648987,0.8056898713111877
YLR006C,YLR459W,0,-1.5495458,0.10477244108915329,0.9431009888648987,0.8058321475982666
YLR292C,YDR169C,0,-1.5501788,0.10475588589906693,0.9431009888648987,0.8059744238853455
YMR184W,YLR128W,0,-1.5510877,0.10473933815956116,0.9431009888648987,0.8061166405677795
YOL071W,YBR227C,0,-1.5512594,0.10472279042005539,0.9431009888648987,0.8062589168548584
YNL161W,YMR225C,0,-1.5514642,0.10470625758171082,0.9431009888648987,0.8064011335372925
YDL113C,YJL019W,0,-1.5515918,0.10468971729278564,0.9431009888648987,0.8065434098243713
YGL018C,YPL232W,0,-1.5516329,0.10467319190502167,0.9431009888648987,0.8066856265068054
YOR091W,YLR324W,0,-1.5516952,0.10465666651725769,0.9431009888648987,0.8068279027938843
YJL197W,YLR337C,0,-1.5521462,0.10464014858007431,0.9431009888648987,0.8069701194763184
YDL005C,YDL149W,0,-1.552262,0.10462363809347153,0.9431009888648987,0.8071123957633972
YDR412W,YBL064C,0,-1.5524449,0.10460713505744934,0.9431009888648987,0.8072546124458313
YGL130W,YOR076C,0,-1.5526223,0.10459063202142715,0.9431009888648987,0.8073968887329102
YKL141W,YOR129C,0,-1.5526891,0.10457412898540497,0.9431009888648987,0.8075391054153442
YPL018W,YDR267C,0,-1.552744,0.10455764085054398,0.9431009888648987,0.8076813817024231
YHR165C,YJR060W,0,-1.5527829,0.10454115271568298,0.9431009888648987,0.8078235983848572
YLR067C,YDR204W,0,-1.5534586,0.10452467203140259,0.9431009888648987,0.807965874671936
YJL058C,YLR133W,0,-1.5537435,0.10450819879770279,0.9431009888648987,0.8081080913543701
YER179W,YHL038C,0,-1.5539602,0.10449172556400299,0.9431009888648987,0.808250367641449
YBL090W,YER153C,1,-1.5540552,0.10463283956050873,0.9445234537124634,0.808250367641449
YMR237W,YHR205W,0,-1.5543137,0.10461635142564774,0.9445234537124634,0.8083925843238831
YIL030C,YBL014C,0,-1.5546273,0.10459987074136734,0.9445234537124634,0.8085348606109619
YGR091W,YNL003C,0,-1.5546601,0.10458339750766754,0.9445234537124634,0.808677077293396
YER099C,YMR071C,0,-1.5548099,0.10456693172454834,0.9445234537124634,0.8088193535804749
YOL003C,YGL181W,0,-1.5551208,0.10455046594142914,0.9445234537124634,0.8089615702629089
YML077W,YLR396C,0,-1.5551436,0.10453400760889053,0.9445234537124634,0.8091038465499878
YDR198C,YDR435C,0,-1.5554383,0.10451754927635193,0.9445234537124634,0.8092460632324219
YEL016C,YMR156C,0,-1.5554717,0.10450109839439392,0.9445234537124634,0.8093883395195007
YMR048W,YPL270W,0,-1.5556387,0.10448465496301651,0.9445234537124634,0.8095305562019348
YHR065C,YJR059W,0,-1.5556971,0.1044682189822197,0.9445234537124634,0.8096728324890137
YJR033C,YML088W,0,-1.5558358,0.10445178300142288,0.9445234537124634,0.8098150491714478
YJR010C-A,YHR034C,0,-1.5560801,0.10443535447120667,0.9445234537124634,0.8099573254585266
YFL003C,YDR017C,0,-1.5564275,0.10441893339157104,0.9445234537124634,0.8100996017456055
YOR290C,YEL016C,0,-1.5575805,0.10440251231193542,0.9445234537124634,0.8102418184280396
YDL060W,YGL038C,0,-1.5580868,0.104386106133461,0.9445234537124634,0.8103840947151184
YER012W,YER118C,0,-1.5586134,0.10436969250440598,0.9445234537124634,0.8105263113975525
YHR110W,YPR168W,0,-1.5588169,0.10435329377651215,0.9445234537124634,0.8106685876846313
YDR289C,YNR019W,0,-1.559211,0.10433689504861832,0.9445234537124634,0.8108108043670654
YLR438C-A,YOR058C,0,-1.5592395,0.10432050377130508,0.9445234537124634,0.8109530806541443
YER178W,YOR068C,0,-1.5596673,0.10430411249399185,0.9445234537124634,0.8110952973365784
YDR438W,YGR046W,0,-1.5600009,0.10428773611783981,0.9445234537124634,0.8112375736236572
YHR187W,YBR114W,0,-1.5602689,0.10427135974168777,0.9445234537124634,0.8113797903060913
YNR026C,YHR158C,0,-1.5604752,0.10425498336553574,0.9445234537124634,0.8115220665931702
YGR188C,YLR266C,0,-1.5605953,0.10423862189054489,0.9445234537124634,0.8116642832756042
YBR015C,YGL153W,0,-1.5606134,0.10422226041555405,0.9445234537124634,0.8118065595626831
YER139C,YOL115W,0,-1.5606898,0.1042058989405632,0.9445234537124634,0.8119487762451172
YDR359C,YJR060W,0,-1.5617023,0.10418955236673355,0.9445234537124634,0.812091052532196
YJL041W,YOR076C,0,-1.5617965,0.1041732057929039,0.9445234537124634,0.8122332692146301
YBR086C,YGR082W,0,-1.5620382,0.10415685921907425,0.9445234537124634,0.812375545501709
YDL080C,YJL097W,0,-1.562218,0.10414052754640579,0.9445234537124634,0.8125177621841431
YPR094W,YMR119W,0,-1.562331,0.10412419587373734,0.9445234537124634,0.8126600384712219
YJL153C,YBL105C,0,-1.5628681,0.10410787165164948,0.9445234537124634,0.812802255153656
YOR151C,YDR208W,0,-1.562909,0.10409154742956161,0.9445234537124634,0.8129445314407349
YML125C,YLL052C,0,-1.5634226,0.10407523810863495,0.9445234537124634,0.813086748123169
YNL330C,YLR188W,0,-1.5634277,0.10405892133712769,0.9445234537124634,0.8132290244102478
YAL068C,YER131W,0,-1.5635247,0.10404261946678162,0.9445234537124634,0.8133712410926819
YIL129C,YLL052C,0,-1.5637827,0.10402631759643555,0.9445234537124634,0.8135135173797607
YGL153W,YFL050C,0,-1.5638204,0.10401002317667007,0.9445234537124634,0.8136557340621948
YJL156C,YLR393W,0,-1.5638934,0.1039937362074852,0.9445234537124634,0.8137980103492737
YGR263C,YHR034C,0,-1.5648777,0.10397744923830032,0.9445234537124634,0.8139402270317078
YCL016C,YDL064W,0,-1.5653007,0.10396116971969604,0.9445234537124634,0.8140825033187866
YBR060C,YKR105C,0,-1.5654943,0.10394489765167236,0.9445234537124634,0.8142247796058655
YMR312W,YHR114W,0,-1.5656147,0.10392862558364868,0.9445234537124634,0.8143669962882996
YLR081W,YCR071C,0,-1.565623,0.1039123609662056,0.9445234537124634,0.8145092725753784
YLR078C,YER021W,0,-1.5663252,0.10389610379934311,0.9445234537124634,0.8146514892578125
YER180C,YDR221W,0,-1.5663325,0.10387984663248062,0.9445234537124634,0.8147937655448914
YGL222C,YOR202W,0,-1.5665424,0.10386360436677933,0.9445234537124634,0.8149359822273254
YGL129C,YIL072W,0,-1.5667539,0.10384735465049744,0.9445234537124634,0.8150782585144043
YKL143W,YKL039W,0,-1.5670103,0.10383111983537674,0.9445234537124634,0.8152204751968384
YGR092W,YIR008C,0,-1.5672104,0.10381488502025604,0.9445234537124634,0.8153627514839172
YDL220C,YPL140C,0,-1.5675795,0.10379865765571594,0.9445234537124634,0.8155049681663513
YNR050C,YPR104C,0,-1.568038,0.10378243029117584,0.9445234537124634,0.8156472444534302
YHR037W,YPR141C,0,-1.5681529,0.10376621037721634,0.9445234537124634,0.8157894611358643
YER179W,YBR167C,0,-1.5685248,0.10374999791383743,0.9445234537124634,0.8159317374229431
YKL032C,YFL029C,0,-1.5685388,0.10373379290103912,0.9445234537124634,0.8160739541053772
YML021C,YPL224C,0,-1.5687165,0.10371758788824081,0.9445234537124634,0.816216230392456
YBL055C,YBR176W,0,-1.5690567,0.1037013903260231,0.9445234537124634,0.8163584470748901
YER161C,YLR154C,0,-1.5694938,0.10368520021438599,0.9445234537124634,0.816500723361969
YGL175C,YHR136C,0,-1.5695138,0.10366901010274887,0.9445234537124634,0.8166429400444031
YGL049C,YPR025C,1,-1.5696739,0.1038089320063591,0.9459459185600281,0.8166429400444031
YBR160W,YPR067W,0,-1.5703757,0.10379272699356079,0.9459459185600281,0.8167852163314819
YLR136C,YDR021W,0,-1.5713627,0.10377652943134308,0.9459459185600281,0.816927433013916
YLL052C,YDR293C,0,-1.5719565,0.10376033931970596,0.9459459185600281,0.8170697093009949
YDL209C,YMR293C,0,-1.5720786,0.10374414920806885,0.9459459185600281,0.817211925983429
YHR154W,YFR008W,0,-1.5721186,0.10372796654701233,0.9459459185600281,0.8173542022705078
YOL011W,YML102W,0,-1.5725292,0.10371179133653641,0.9459459185600281,0.8174964189529419
YBR180W,YBR097W,0,-1.5725467,0.10369561612606049,0.9459459185600281,0.8176386952400208
YPR120C,YGL032C,0,-1.5726833,0.10367944836616516,0.9459459185600281,0.8177809119224548
YML038C,YFL034C-B,0,-1.572705,0.10366328805685043,0.9459459185600281,0.8179231882095337
YMR316W,YAL011W,0,-1.5728233,0.1036471351981163,0.9459459185600281,0.8180654048919678
YDR289C,YPL016W,0,-1.5728582,0.10363098233938217,0.9459459185600281,0.8182076811790466
YJR068W,YPR054W,0,-1.5729165,0.10361483693122864,0.9459459185600281,0.8183499574661255
YJL074C,YER167W,0,-1.5729187,0.1035986915230751,0.9459459185600281,0.8184921741485596
YBR114W,YLR308W,0,-1.5739069,0.10358255356550217,0.9459459185600281,0.8186344504356384
YKR003W,YBR302C,0,-1.5743263,0.10356642305850983,0.9459459185600281,0.8187766671180725
YGR044C,YLR409C,0,-1.5744524,0.10355029255151749,0.9459459185600281,0.8189189434051514
YOR328W,YAL012W,0,-1.5744572,0.10353417694568634,0.9459459185600281,0.8190611600875854
YDL056W,YER051W,0,-1.5745887,0.1035180538892746,0.9459459185600281,0.8192034363746643
YNL059C,YPL115C,0,-1.5749114,0.10350194573402405,0.9459459185600281,0.8193456530570984
YDR044W,YMR164C,0,-1.5751503,0.1034858375787735,0.9459459185600281,0.8194879293441772
YEL050C,YLL006W,0,-1.5756314,0.10346973687410355,0.9459459185600281,0.8196301460266113
YOL076W,YPL003W,0,-1.5759486,0.10345364362001419,0.9459459185600281,0.8197724223136902
YHR185C,YOR094W,0,-1.5760922,0.10343755036592484,0.9459459185600281,0.8199146389961243
YGL027C,YAL030W,0,-1.5762743,0.10342146456241608,0.9459459185600281,0.8200569152832031
YLL052C,YDL189W,0,-1.576339,0.10340537875890732,0.9459459185600281,0.8201991319656372
YPR134W,YDR540C,0,-1.5763508,0.10338930040597916,0.9459459185600281,0.8203414082527161
YDL189W,YGR028W,0,-1.5766623,0.10337322950363159,0.9459459185600281,0.8204836249351501
YML091C,YNL133C,0,-1.5767814,0.10335716605186462,0.9459459185600281,0.820625901222229
YKL129C,YNL124W,0,-1.5768921,0.10334110260009766,0.9459459185600281,0.8207681179046631
YPL209C,YGL205W,0,-1.5771006,0.10332504659891129,0.9459459185600281,0.8209103941917419
YDL166C,YGR249W,0,-1.5773056,0.10330899804830551,0.9459459185600281,0.821052610874176
YDR322C-A,YDL098C,0,-1.577602,0.10329294949769974,0.9459459185600281,0.8211948871612549
YPL053C,YCR088W,0,-1.5779316,0.10327690839767456,0.9459459185600281,0.821337103843689
YGR256W,YHR128W,0,-1.5781527,0.10326086729764938,0.9459459185600281,0.8214793801307678
YBR041W,YJL083W,0,-1.5782869,0.1032448410987854,0.9459459185600281,0.8216215968132019
YDR074W,YOR150W,0,-1.5782956,0.10322880744934082,0.9459459185600281,0.8217638731002808
YDR122W,YBR272C,0,-1.5783203,0.10321278870105743,0.9459459185600281,0.8219060897827148
YLR276C,YPR054W,0,-1.5783876,0.10319676995277405,0.9459459185600281,0.8220483660697937
YMR067C,YDL065C,0,-1.5786934,0.10318075865507126,0.9459459185600281,0.8221905827522278
YGR044C,YGR037C,0,-1.5787177,0.10316475480794907,0.9459459185600281,0.8223328590393066
YDR439W,YDR400W,0,-1.5791004,0.10314875096082687,0.9459459185600281,0.8224751353263855
YIL121W,YJL122W,0,-1.5793073,0.10313275456428528,0.9459459185600281,0.8226173520088196
YOR046C,YBR244W,0,-1.5795038,0.10311676561832428,0.9459459185600281,0.8227596282958984
YCR081W,YOR196C,0,-1.5797919,0.10310077667236328,0.9459459185600281,0.8229018449783325
YMR021C,YER146W,0,-1.5799196,0.10308479517698288,0.9459459185600281,0.8230441212654114
YPL262W,YKR072C,0,-1.5799837,0.10306881368160248,0.9459459185600281,0.8231863379478455
YDL174C,YDL064W,0,-1.5804965,0.10305284708738327,0.9459459185600281,0.8233286142349243
YPL095C,YBR130C,0,-1.5806127,0.10303687304258347,0.9459459185600281,0.8234708309173584
YGL257C,YDL080C,0,-1.5808465,0.10302091389894485,0.9459459185600281,0.8236131072044373
YNR012W,YBL064C,0,-1.5808814,0.10300495475530624,0.9459459185600281,0.8237553238868713
YLR070C,YDR236C,0,-1.5811467,0.10298900306224823,0.9459459185600281,0.8238976001739502
YNL012W,YDL188C,0,-1.581285,0.10297305881977081,0.9459459185600281,0.8240398168563843
YLR382C,YGR078C,0,-1.5814388,0.1029571145772934,0.9459459185600281,0.8241820931434631
YGL006W,YLR357W,0,-1.5817535,0.10294117778539658,0.9459459185600281,0.8243243098258972
YOR254C,YGR075C,0,-1.5820544,0.10292524099349976,0.9459459185600281,0.8244665861129761
YBR036C,YLL042C,0,-1.5825912,0.10290931910276413,0.9459459185600281,0.8246088027954102
YDR122W,YEL054C,0,-1.5827148,0.1028933897614479,0.9459459185600281,0.824751079082489
YMR035W,YGR087C,0,-1.582751,0.10287747532129288,0.9459459185600281,0.8248932957649231
YDR235W,YAR019C,0,-1.5827825,0.10286156088113785,0.9459459185600281,0.825035572052002
YIL041W,YBL022C,0,-1.582919,0.10284565389156342,0.9459459185600281,0.825177788734436
YGL134W,YOR346W,0,-1.5830386,0.10282975435256958,0.9459459185600281,0.8253200650215149
YJL059W,YLR373C,0,-1.5830593,0.10281385481357574,0.9459459185600281,0.825462281703949
YLR172C,YLR327C,0,-1.5833874,0.1027979627251625,0.9459459185600281,0.8256045579910278
YDR011W,YJR090C,0,-1.5834901,0.10278207063674927,0.9459459185600281,0.8257467746734619
YJL044C,YER143W,0,-1.5849319,0.10276618599891663,0.9459459185600281,0.8258890509605408
YMR322C,YER146W,0,-1.5850675,0.10275030881166458,0.9459459185600281,0.8260312676429749
YKL055C,YPR008W,0,-1.5858305,0.10273443162441254,0.9459459185600281,0.8261735439300537
YKL112W,YHL009C,0,-1.5859215,0.10271856933832169,0.9459459185600281,0.8263157606124878
YDR462W,YPR133C,0,-1.5861923,0.10270269960165024,0.9459459185600281,0.8264580368995667
YAL001C,YPL266W,0,-1.5862743,0.10268684476613998,0.9459459185600281,0.8266003131866455
YDR464W,YJL091C,0,-1.5864978,0.10267098993062973,0.9459459185600281,0.8267425298690796
YGL093W,YOR244W,0,-1.5866566,0.10265514254570007,0.9459459185600281,0.8268848061561584
YNR041C,YPL128C,0,-1.5873814,0.10263929516077042,0.9459459185600281,0.8270270228385925
YPL195W,YOR036W,0,-1.5874456,0.10262345522642136,0.9459459185600281,0.8271692991256714
YBR094W,YER111C,0,-1.5879449,0.1026076227426529,0.9459459185600281,0.8273115158081055
YOL138C,YJL129C,0,-1.5879658,0.10259179025888443,0.9459459185600281,0.8274537920951843
YLR287C-A,YOL069W,0,-1.5880246,0.10257596522569656,0.9459459185600281,0.8275960087776184
YPR032W,YJL001W,0,-1.5889387,0.1025601476430893,0.9459459185600281,0.8277382850646973
YJL173C,YOL034W,0,-1.5889583,0.10254433006048203,0.9459459185600281,0.8278805017471313
YJR093C,YIL043C,0,-1.589199,0.10252851992845535,0.9459459185600281,0.8280227780342102
YLR074C,YOR036W,0,-1.5892696,0.10251271724700928,0.9459459185600281,0.8281649947166443
YNR045W,YAR007C,0,-1.5892775,0.1024969145655632,0.9459459185600281,0.8283072710037231
YJR135W-A,YJR152W,0,-1.5895004,0.10248111933469772,0.9459459185600281,0.8284494876861572
YDR412W,YDR166C,0,-1.5896373,0.10246533155441284,0.9459459185600281,0.8285917639732361
YBR288C,YDL018C,0,-1.5897944,0.10244954377412796,0.9459459185600281,0.8287339806556702
YNL039W,YLR459W,0,-1.5900025,0.10243376344442368,0.9459459185600281,0.828876256942749
YJL014W,YDR130C,0,-1.590229,0.10241799056529999,0.9459459185600281,0.8290184736251831
YPR155C,YOR119C,0,-1.5906484,0.1024022176861763,0.9459459185600281,0.829160749912262
YBL031W,YER048W-A,0,-1.5909863,0.10238645225763321,0.9459459185600281,0.829302966594696
YJR118C,YGR163W,0,-1.5911928,0.10237068682909012,0.9459459185600281,0.8294452428817749
YDR118W,YHR186C,0,-1.5913074,0.10235493630170822,0.9459459185600281,0.829587459564209
YOL055C,YML107C,0,-1.5917592,0.10233917832374573,0.9459459185600281,0.8297297358512878
YLR102C,YNL021W,0,-1.5919018,0.10232343524694443,0.9459459185600281,0.8298719525337219
YOR337W,YPL155C,0,-1.5920475,0.10230769217014313,0.9459459185600281,0.8300142288208008
YLR248W,YHR146W,0,-1.5921967,0.10229195654392242,0.9459459185600281,0.8301564455032349
YDR479C,YNL323W,0,-1.5928245,0.10227622091770172,0.9459459185600281,0.8302987217903137
YER126C,YHR176W,0,-1.5932198,0.10226049274206161,0.9459459185600281,0.8304409384727478
YLR210W,YDR135C,0,-1.5934136,0.1022447720170021,0.9459459185600281,0.8305832147598267
YOR049C,YOR192C,0,-1.5935769,0.1022290512919426,0.9459459185600281,0.8307254910469055
YNL111C,YDL204W,0,-1.5937481,0.10221333801746368,0.9459459185600281,0.8308677077293396
YOR188W,YML057W,0,-1.5941617,0.10219763219356537,0.9459459185600281,0.8310099840164185
YCR075C,YDR191W,0,-1.5943351,0.10218192636966705,0.9459459185600281,0.8311522006988525
YIL007C,YOL144W,0,-1.5947682,0.10216622799634933,0.9459459185600281,0.8312944769859314
YPR121W,YNL207W,0,-1.5951378,0.10215053707361221,0.9459459185600281,0.8314366936683655
YDR044W,YDL232W,0,-1.5951465,0.10213484615087509,0.9459459185600281,0.8315789699554443
YEL047C,YDR031W,0,-1.5956771,0.10211916267871857,0.9459459185600281,0.8317211866378784
YPL085W,YPL175W,0,-1.5958852,0.10210348665714264,0.9459459185600281,0.8318634629249573
YOR070C,YBR164C,0,-1.5962741,0.10208781063556671,0.9459459185600281,0.8320056796073914
YDR422C,YGL065C,0,-1.5963801,0.10207214206457138,0.9459459185600281,0.8321479558944702
YBR023C,YLR370C,0,-1.5965723,0.10205647349357605,0.9459459185600281,0.8322901725769043
YFL003C,YGL097W,0,-1.5966253,0.10204081982374191,0.9459459185600281,0.8324324488639832
YGL095C,YHR188C,0,-1.5970011,0.10202515870332718,0.9459459185600281,0.8325746655464172
YNL306W,YIL044C,0,-1.5970975,0.10200951248407364,0.9459459185600281,0.8327169418334961
YOR177C,YOR373W,0,-1.5971093,0.1019938662648201,0.9459459185600281,0.8328591585159302
YCR048W,YBL072C,0,-1.5973487,0.10197822749614716,0.9459459185600281,0.833001434803009
YDL007W,YFL062W,0,-1.5974367,0.10196258872747421,0.9459459185600281,0.8331436514854431
YGR076C,YGR209C,0,-1.5976601,0.10194695740938187,0.9459459185600281,0.833285927772522
YKL138C,YNR026C,0,-1.5976989,0.10193133354187012,0.9459459185600281,0.833428144454956
YCR107W,YFR027W,0,-1.5977935,0.10191570967435837,0.9459459185600281,0.8335704207420349
YNL264C,YOR036W,0,-1.5978343,0.10190009325742722,0.9459459185600281,0.833712637424469
YDL008W,YLR308W,0,-1.5980629,0.10188447684049606,0.9459459185600281,0.8338549137115479
YJL129C,YGL210W,0,-1.5981443,0.1018688753247261,0.9459459185600281,0.8339971303939819
YMR004W,YHR096C,0,-1.5983894,0.10185326635837555,0.9459459185600281,0.8341394066810608
YJL210W,YHR070W,0,-1.5983992,0.10183767229318619,0.9459459185600281,0.8342816233634949
YBR293W,YNL049C,0,-1.5986389,0.10182207822799683,0.9459459185600281,0.8344238996505737
YGL061C,YML070W,0,-1.5991561,0.10180649161338806,0.9459459185600281,0.8345661163330078
YKL045W,YCL061C,0,-1.5992785,0.1017909049987793,0.9459459185600281,0.8347083926200867
YML125C,YER088C,0,-1.5996691,0.10177532583475113,0.9459459185600281,0.8348506689071655
YDR510W,YJL019W,0,-1.5997071,0.10175975412130356,0.9459459185600281,0.8349928855895996
YPR025C,YGL107C,1,-1.5998452,0.10189718753099442,0.9473684430122375,0.8349928855895996
YDR201W,YPR185W,0,-1.5999162,0.10188159346580505,0.9473684430122375,0.8351351618766785
YDR092W,YJR153W,0,-1.6002891,0.10186601430177689,0.9473684430122375,0.8352773785591125
YIR019C,YER109C,0,-1.6008111,0.10185043513774872,0.9473684430122375,0.8354196548461914
YML104C,YPR054W,0,-1.6010365,0.10183486342430115,0.9473684430122375,0.8355618715286255
YPR058W,YHL020C,0,-1.6017785,0.10181929171085358,0.9473684430122375,0.8357041478157043
YDR412W,YHL021C,0,-1.6023898,0.1018037274479866,0.9473684430122375,0.8358463644981384
YNR007C,YIL114C,0,-1.602431,0.10178817063570023,0.9473684430122375,0.8359886407852173
YDL046W,YJL013C,0,-1.6025357,0.10177261382341385,0.9473684430122375,0.8361308574676514
YPL202C,YMR220W,0,-1.6026201,0.10175706446170807,0.9473684430122375,0.8362731337547302
YPL059W,YML107C,0,-1.6028714,0.10174152255058289,0.9473684430122375,0.8364153504371643
YCR063W,YPL172C,0,-1.6030273,0.1017259806394577,0.9473684430122375,0.8365576267242432
YOR115C,YGL194C,0,-1.6030757,0.10171044617891312,0.9473684430122375,0.8366998434066772
YLR361C,YBR058C,0,-1.6035374,0.10169491171836853,0.9473684430122375,0.8368421196937561
YBR001C,YNL242W,0,-1.6035707,0.10167939215898514,0.9473684430122375,0.8369843363761902
YNL330C,YGL032C,0,-1.6039265,0.10166386514902115,0.9473684430122375,0.837126612663269
YPL173W,YPL170W,0,-1.6040056,0.10164835304021835,0.9473684430122375,0.8372688293457031
YGL141W,YNL075W,0,-1.6042103,0.10163284093141556,0.9473684430122375,0.837411105632782
YDR402C,YGL087C,0,-1.6043497,0.10161733627319336,0.9473684430122375,0.8375533223152161
YKR105C,YBL046W,0,-1.6044686,0.10160183161497116,0.9473684430122375,0.8376955986022949
YJR160C,YJL096W,0,-1.6053118,0.10158633440732956,0.9473684430122375,0.837837815284729
YJR047C,YPR086W,1,-1.6054155,0.10172335058450699,0.9487909078598022,0.837837815284729
YPL120W,YGR108W,0,-1.6055814,0.1017078384757042,0.9487909078598022,0.8379800915718079
YPL268W,YGL033W,0,-1.6056054,0.101692333817482,0.9487909078598022,0.8381223082542419
YIR015W,YNL329C,0,-1.6056832,0.1016768291592598,0.9487909078598022,0.8382645845413208
YLR405W,YDL020C,0,-1.605928,0.1016613319516182,0.9487909078598022,0.8384068012237549
YLR086W,YBR268W,0,-1.6061604,0.10164584219455719,0.9487909078598022,0.8385490775108337
YPL115C,YGR003W,0,-1.6070226,0.10163035243749619,0.9487909078598022,0.8386912941932678
YDR320C,YIL101C,0,-1.6076019,0.10161487013101578,0.9487909078598022,0.8388335704803467
YMR135C,YNL189W,0,-1.6076528,0.10159938782453537,0.9487909078598022,0.8389758467674255
YOL067C,YOL039W,0,-1.6076639,0.10158392041921616,0.9487909078598022,0.8391180634498596
YLR039C,YKR064W,0,-1.6077154,0.10156844556331635,0.9487909078598022,0.8392603397369385
YLR266C,YEL005C,0,-1.6082056,0.10155298560857773,0.9487909078598022,0.8394025564193726
YJR033C,YMR281W,0,-1.6082151,0.10153752565383911,0.9487909078598022,0.8395448327064514
YBL097W,YHR181W,0,-1.6092091,0.10152207314968109,0.9487909078598022,0.8396870493888855
YIL111W,YIR013C,0,-1.6094872,0.10150662064552307,0.9487909078598022,0.8398293256759644
YDR439W,YOR359W,0,-1.6097598,0.10149117559194565,0.9487909078598022,0.8399715423583984
YFL041W,YER100W,0,-1.6098099,0.10147573053836823,0.9487909078598022,0.8401138186454773
YJR161C,YNL090W,0,-1.6099796,0.101460300385952,0.9487909078598022,0.8402560353279114
YKL056C,YDR386W,0,-1.6100836,0.10144487023353577,0.9487909078598022,0.8403983116149902
YKL196C,YDR386W,0,-1.6104268,0.10142944008111954,0.9487909078598022,0.8405405282974243
YGR152C,YMR094W,0,-1.6104637,0.1014140173792839,0.9487909078598022,0.8406828045845032
YMR184W,YPL206C,0,-1.6105027,0.10139860212802887,0.9487909078598022,0.8408250212669373
YDR096W,YBL088C,0,-1.61081,0.10138318687677383,0.9487909078598022,0.8409672975540161
YOR119C,YGL005C,0,-1.6108904,0.1013677790760994,0.9487909078598022,0.8411095142364502
YGL049C,YBL013W,1,-1.6111114,0.10150433331727982,0.9502133727073669,0.8411095142364502
YJL173C,YBR180W,0,-1.6114874,0.10148891061544418,0.9502133727073669,0.841251790523529
YIR015W,YNL049C,0,-1.6115773,0.10147349536418915,0.9502133727073669,0.8413940072059631
YOL055C,YNR054C,0,-1.6125259,0.10145808011293411,0.9502133727073669,0.841536283493042
YOL001W,YBR176W,0,-1.6130552,0.10144267231225967,0.9502133727073669,0.8416785001754761
YKL016C,YJL139C,0,-1.6130685,0.10142727196216583,0.9502133727073669,0.8418207764625549
YBR290W,YML019W,0,-1.6130831,0.10141187161207199,0.9502133727073669,0.841962993144989
YMR023C,YML121W,0,-1.6133075,0.10139647871255875,0.9502133727073669,0.8421052694320679
YDR264C,YMR052W,0,-1.6135426,0.1013810932636261,0.9502133727073669,0.842247486114502
YMR167W,YMR271C,0,-1.6136031,0.10136570781469345,0.9502133727073669,0.8423897624015808
YGR104C,YDL018C,0,-1.6140845,0.1013503298163414,0.9502133727073669,0.8425319790840149
YDR507C,YPR023C,0,-1.614244,0.10133495181798935,0.9502133727073669,0.8426742553710938
YPR073C,YGR165W,0,-1.6144916,0.1013195812702179,0.9502133727073669,0.8428164720535278
YPL178W,YPL003W,0,-1.6147777,0.10130421817302704,0.9502133727073669,0.8429587483406067
YBR014C,YNL014W,0,-1.6148205,0.10128885507583618,0.9502133727073669,0.8431010246276855
YPL156C,YPL135W,0,-1.614945,0.10127349942922592,0.9502133727073669,0.8432432413101196
YBR295W,YGR058W,0,-1.6152501,0.10125815123319626,0.9502133727073669,0.8433855175971985
YNL245C,YHR044C,0,-1.6161559,0.1012428030371666,0.9502133727073669,0.8435277342796326
YER176W,YNL218W,0,-1.6164019,0.10122746229171753,0.9502133727073669,0.8436700105667114
YOL078W,YPR122W,0,-1.6166193,0.10121212154626846,0.9502133727073669,0.8438122272491455
YER033C,YNR016C,0,-1.6167221,0.1011967882514,0.9502133727073669,0.8439545035362244
YDL042C,YOR090C,0,-1.6169726,0.10118146240711212,0.9502133727073669,0.8440967202186584
YFR027W,YDR003W,0,-1.6172788,0.10116613656282425,0.9502133727073669,0.8442389965057373
YNL229C,YDL120W,0,-1.6173017,0.10115081816911697,0.9502133727073669,0.8443812131881714
YMR199W,YLR014C,0,-1.6175628,0.1011354997754097,0.9502133727073669,0.8445234894752502
YDL165W,YDL042C,0,-1.6175967,0.10112019628286362,0.9502133727073669,0.8446657061576843
YKL025C,YDR522C,0,-1.6181927,0.10110488533973694,0.9502133727073669,0.8448079824447632
YDR121W,YBR055C,0,-1.6184771,0.10108958929777145,0.9502133727073669,0.8449501991271973
YDR051C,YPL133C,0,-1.6187882,0.10107429325580597,0.9502133727073669,0.8450924754142761
YLR372W,YPL269W,0,-1.6194139,0.10105900466442108,0.9502133727073669,0.8452346920967102
YDR055W,YDR515W,0,-1.619488,0.1010437160730362,0.9502133727073669,0.8453769683837891
YJR075W,YLR117C,0,-1.6199046,0.1010284349322319,0.9502133727073669,0.8455191850662231
YDR213W,YJR022W,0,-1.6201221,0.10101315379142761,0.9502133727073669,0.845661461353302
YIL101C,YNL257C,0,-1.6203282,0.10099788010120392,0.9502133727073669,0.8458036780357361
YDR283C,YPR086W,1,-1.6204768,0.1011337861418724,0.9516358375549316,0.8458036780357361
YER142C,YJR090C,0,-1.6206977,0.10111849755048752,0.9516358375549316,0.8459459543228149
YDR080W,YLR054C,0,-1.6211083,0.10110321640968323,0.9516358375549316,0.846088171005249
YPR075C,YDR141C,0,-1.6212434,0.10108794271945953,0.9516358375549316,0.8462304472923279
YKL034W,YLR441C,0,-1.621802,0.10107266902923584,0.9516358375549316,0.846372663974762
YDR117C,YBL090W,1,-1.6218721,0.10120845586061478,0.9530583024024963,0.846372663974762
YOL023W,YPR086W,1,-1.622444,0.10134420543909073,0.954480767250061,0.846372663974762
YGR217W,YGL040C,0,-1.622447,0.10132890194654465,0.954480767250061,0.8465149402618408
YDR212W,YOL088C,0,-1.6233869,0.10131360590457916,0.954480767250061,0.8466571569442749
YDR362C,YLR131C,0,-1.6236485,0.10129830986261368,0.954480767250061,0.8467994332313538
YML014W,YLR176C,0,-1.6236663,0.10128302127122879,0.954480767250061,0.8469416499137878
YGL127C,YNL245C,0,-1.6239166,0.1012677326798439,0.954480767250061,0.8470839262008667
YBR188C,YGL251C,0,-1.6241817,0.10125245153903961,0.954480767250061,0.8472262024879456
YJL168C,YGR065C,0,-1.6243236,0.10123717784881592,0.954480767250061,0.8473684191703796
YPR008W,YFL050C,0,-1.6244712,0.10122190415859222,0.954480767250061,0.8475106954574585
YJR153W,YPL030W,0,-1.6245878,0.10120663791894913,0.954480767250061,0.8476529121398926
YML058W,YJR126C,0,-1.6246657,0.10119137167930603,0.954480767250061,0.8477951884269714
YJL153C,YEL032W,0,-1.6246986,0.10117611289024353,0.954480767250061,0.8479374051094055
YBL013W,YMR282C,1,-1.624876,0.10131162405014038,0.9559032917022705,0.8479374051094055
YHR110W,YBL017C,0,-1.6249588,0.10129635035991669,0.9559032917022705,0.8480796813964844
YDR362C,YHR158C,0,-1.6250381,0.10128108412027359,0.9559032917022705,0.8482218980789185
YGR006W,YJL180C,0,-1.6250459,0.10126582533121109,0.9559032917022705,0.8483641743659973
YJL074C,YFL018C,0,-1.6250594,0.10125056654214859,0.9559032917022705,0.8485063910484314
YGR098C,YDR436W,0,-1.6251616,0.10123531520366669,0.9559032917022705,0.8486486673355103
YDL159W,YOR270C,0,-1.6254932,0.10122006386518478,0.9559032917022705,0.8487908840179443
YNR036C,YFL050C,0,-1.6254988,0.10120481997728348,0.9559032917022705,0.8489331603050232
YDL008W,YGR099W,0,-1.6261595,0.10118958353996277,0.9559032917022705,0.8490753769874573
YKL129C,YHR118C,0,-1.6271688,0.10117434710264206,0.9559032917022705,0.8492176532745361
YMR233W,YPL254W,0,-1.6272986,0.10115911811590195,0.9559032917022705,0.8493598699569702
YBR207W,YOL031C,0,-1.6273768,0.10114388912916183,0.9559032917022705,0.8495021462440491
YHL002W,YPR034W,0,-1.6274364,0.10112866759300232,0.9559032917022705,0.8496443629264832
YHR107C,YHR194W,0,-1.627671,0.1011134535074234,0.9559032917022705,0.849786639213562
YDR390C,YPL153C,0,-1.6278776,0.10109823942184448,0.9559032917022705,0.8499288558959961
YGL171W,YLR135W,0,-1.6280397,0.10108303278684616,0.9559032917022705,0.850071132183075
YKL108W,YHR091C,0,-1.6283088,0.10106782615184784,0.9559032917022705,0.850213348865509
YGL153W,YKL141W,0,-1.6284399,0.10105263441801071,0.9559032917022705,0.8503556251525879
YDR153C,YPL177C,0,-1.6284595,0.10103743523359299,0.9559032917022705,0.850497841835022
YDL103C,YPL270W,0,-1.6287133,0.10102225095033646,0.9559032917022705,0.8506401181221008
YOR192C,YMR171C,0,-1.6288446,0.10100706666707993,0.9559032917022705,0.8507823348045349
YHR128W,YCL033C,0,-1.6288911,0.1009918823838234,0.9559032917022705,0.8509246110916138
YNL265C,YNL075W,0,-1.6291194,0.10097670555114746,0.9559032917022705,0.8510668277740479
YBL103C,YDR264C,0,-1.6298158,0.10096153616905212,0.9559032917022705,0.8512091040611267
YML129C,YLR011W,0,-1.6302181,0.10094637423753738,0.9559032917022705,0.8513513803482056
YDL052C,YMR167W,0,-1.6306387,0.10093121230602264,0.9559032917022705,0.8514935970306396
YOR288C,YBR024W,0,-1.6307483,0.1009160503745079,0.9559032917022705,0.8516358733177185
YNR059W,YKL079W,0,-1.6315894,0.10090090334415436,0.9559032917022705,0.8517780900001526
YFL008W,YIL040W,0,-1.6318817,0.10088575631380081,0.9559032917022705,0.8519203662872314
YPL045W,YHL040C,0,-1.6322106,0.10087060928344727,0.9559032917022705,0.8520625829696655
YGR183C,YOR080W,0,-1.6324071,0.10085546970367432,0.9559032917022705,0.8522048592567444
YFR046C,YOL008W,0,-1.6329916,0.10084033757448196,0.9559032917022705,0.8523470759391785
YLL038C,YNL328C,0,-1.6331193,0.10082520544528961,0.9559032917022705,0.8524893522262573
YKL034W,YMR293C,0,-1.634089,0.10081008076667786,0.9559032917022705,0.8526315689086914
YKR049C,YPL178W,0,-1.6350164,0.1007949635386467,0.9559032917022705,0.8527738451957703
YBL047C,YFR040W,0,-1.6354169,0.10077984631061554,0.9559032917022705,0.8529160618782043
YJR019C,YER086W,0,-1.635888,0.10076472908258438,0.9559032917022705,0.8530583381652832
YLR377C,YER169W,0,-1.6366324,0.10074962675571442,0.9559032917022705,0.8532005548477173
YGL168W,YJL184W,0,-1.6368775,0.10073452442884445,0.9559032917022705,0.8533428311347961
YJR086W,YLR417W,0,-1.6384578,0.10071942210197449,0.9559032917022705,0.8534850478172302
YMR036C,YNL331C,0,-1.63857,0.10070432722568512,0.9559032917022705,0.8536273241043091
YJL048C,YOR308C,0,-1.6387082,0.10068923979997635,0.9559032917022705,0.8537695407867432
YMR088C,YPL254W,0,-1.6389506,0.10067415982484818,0.9559032917022705,0.853911817073822
YER139C,YGR271C-A,0,-1.6391702,0.10065907984972,0.9559032917022705,0.8540540337562561
YNL328C,YOR270C,0,-1.6396624,0.10064399987459183,0.9559032917022705,0.854196310043335
YER032W,YMR037C,0,-1.6397474,0.10062892735004425,0.9559032917022705,0.854338526725769
YBR004C,YNL036W,0,-1.6399832,0.10061386227607727,0.9559032917022705,0.8544808030128479
YEL013W,YLR099C,0,-1.6400654,0.10059880465269089,0.9559032917022705,0.854623019695282
YLL042C,YDR291W,0,-1.640108,0.1005837470293045,0.9559032917022705,0.8547652959823608
YDL178W,YMR055C,0,-1.6410884,0.10056868940591812,0.9559032917022705,0.8549075126647949
YLL048C,YER029C,0,-1.6411266,0.10055364668369293,0.9559032917022705,0.8550497889518738
YNL322C,YOL148C,0,-1.6411431,0.10053859651088715,0.9559032917022705,0.8551920056343079
YOR192C,YDR331W,0,-1.6414517,0.10052356123924255,0.9559032917022705,0.8553342819213867
YPL157W,YMR030W,0,-1.6415731,0.10050852596759796,0.9559032917022705,0.8554765582084656
YLL013C,YBR123C,0,-1.6416625,0.10049349814653397,0.9559032917022705,0.8556187748908997
YBL025W,YLL035W,0,-1.642802,0.10047847032546997,0.9559032917022705,0.8557610511779785
YOL023W,YER153C,1,-1.6428258,0.10061294585466385,0.9573257565498352,0.8557610511779785
YPL117C,YPR005C,0,-1.6428885,0.10059791058301926,0.9573257565498352,0.8559032678604126
YCR042C,YLR093C,0,-1.6432195,0.10058287531137466,0.9573257565498352,0.8560455441474915
YML007W,YLR424W,0,-1.6442548,0.10056784003973007,0.9573257565498352,0.8561877608299255
YCR092C,YOR044W,0,-1.6444944,0.10055281966924667,0.9573257565498352,0.8563300371170044
YDR143C,YDL205C,0,-1.6446853,0.10053779184818268,0.9573257565498352,0.8564722537994385
YDL103C,YLR373C,0,-1.6454881,0.10052277892827988,0.9573257565498352,0.8566145300865173
YOR066W,YPR019W,0,-1.6457893,0.10050776600837708,0.9573257565498352,0.8567567467689514
YPL120W,YML023C,0,-1.6458944,0.10049276053905487,0.9573257565498352,0.8568990230560303
YHR036W,YGR227W,0,-1.6464272,0.10047775506973267,0.9573257565498352,0.8570412397384644
YKL155C,YPR055W,0,-1.6469735,0.10046275705099106,0.9573257565498352,0.8571835160255432
YKL114C,YKL092C,0,-1.6473613,0.10044775903224945,0.9573257565498352,0.8573257327079773
YNL007C,YMR012W,1,-1.6482131,0.10058200359344482,0.9587482213973999,0.8573257327079773
YLR307W,YDL101C,0,-1.6483488,0.10056699812412262,0.9587482213973999,0.8574680089950562
YGR108W,YAR019C,0,-1.648379,0.10055199265480042,0.9587482213973999,0.8576102256774902
YDR085C,YAL055W,0,-1.6486396,0.10053699463605881,0.9587482213973999,0.8577525019645691
YPR141C,YFL050C,0,-1.6486489,0.1005219966173172,0.9587482213973999,0.8578947186470032
YJL072C,YBL046W,0,-1.6489989,0.10050700604915619,0.9587482213973999,0.858036994934082
YPR075C,YMR063W,0,-1.6491432,0.10049202293157578,0.9587482213973999,0.8581792116165161
YGL049C,YER153C,1,-1.6491463,0.10062611848115921,0.9601706862449646,0.8581792116165161
YLL001W,YGR108W,0,-1.6493891,0.1006111204624176,0.9601706862449646,0.858321487903595
YBL023C,YML120C,0,-1.6496254,0.100596122443676,0.9601706862449646,0.858463704586029
YJL173C,YNL206C,0,-1.6496373,0.10058113187551498,0.9601706862449646,0.8586059808731079
YHR043C,YJL106W,0,-1.6496979,0.10056614875793457,0.9601706862449646,0.858748197555542
YLR014C,YJL099W,0,-1.650326,0.10055117309093475,0.9601706862449646,0.8588904738426208
YHR165C,YOL044W,0,-1.6504718,0.10053618997335434,0.9601706862449646,0.8590326905250549
YLR377C,YIL122W,0,-1.6508429,0.10052122175693512,0.9601706862449646,0.8591749668121338
YDR421W,YKR010C,0,-1.6509998,0.1005062535405159,0.9601706862449646,0.8593171834945679
YGR224W,YJL062W,0,-1.6511947,0.10049129277467728,0.9601706862449646,0.8594594597816467
YNL222W,YLR154C,0,-1.6512296,0.10047633200883865,0.9601706862449646,0.8596017360687256
YNL322C,YKL197C,0,-1.6519477,0.10046137869358063,0.9601706862449646,0.8597439527511597
YBR152W,YJR001W,0,-1.652167,0.1004464253783226,0.9601706862449646,0.8598862290382385
YNL014W,YMR220W,0,-1.6522195,0.10043148696422577,0.9601706862449646,0.8600284457206726
YOR035C,YKR104W,0,-1.652273,0.10041654109954834,0.9601706862449646,0.8601707220077515
YPR192W,YDR375C,0,-1.6530282,0.1004016101360321,0.9601706862449646,0.8603129386901855
YMR192W,YGL063W,0,-1.6534002,0.10038667172193527,0.9601706862449646,0.8604552149772644
YDR468C,YEL044W,0,-1.6534733,0.10037174820899963,0.9601706862449646,0.8605974316596985
YKR052C,YDL161W,0,-1.6536613,0.100356824696064,0.9601706862449646,0.8607397079467773
YBL105C,YLR059C,0,-1.6537126,0.10034190863370895,0.9601706862449646,0.8608819246292114
YLR298C,YOR264W,0,-1.6545379,0.10032699257135391,0.9601706862449646,0.8610242009162903
YKL012W,YPL232W,0,-1.6545771,0.10031208395957947,0.9601706862449646,0.8611664175987244
YBR060C,YPR049C,0,-1.6546298,0.10029717534780502,0.9601706862449646,0.8613086938858032
YBR251W,YPL020C,0,-1.6552268,0.10028227418661118,0.9601706862449646,0.8614509105682373
YBR198C,YMR094W,0,-1.6554928,0.10026738047599792,0.9601706862449646,0.8615931868553162
YCR028C,YMR059W,0,-1.655851,0.10025248676538467,0.9601706862449646,0.8617354035377502
YMR298W,YLR320W,0,-1.6563351,0.10023760050535202,0.9601706862449646,0.8618776798248291
YCL033C,YPR128C,0,-1.6563759,0.10022271424531937,0.9601706862449646,0.8620198965072632
YOR193W,YPL246C,0,-1.6564715,0.10020783543586731,0.9601706862449646,0.862162172794342
YPL061W,YGR028W,0,-1.6565654,0.10019296407699585,0.9601706862449646,0.8623043894767761
YDR117C,YBL013W,1,-1.6567715,0.10032650828361511,0.9615931510925293,0.8623043894767761
YKR024C,YLR332W,0,-1.657682,0.10031162202358246,0.9615931510925293,0.862446665763855
YBR208C,YJR060W,0,-1.6580441,0.1002967357635498,0.9615931510925293,0.8625888824462891
YNL072W,YPL156C,0,-1.6582699,0.10028185695409775,0.9615931510925293,0.8627311587333679
YLR360W,YGR170W,0,-1.6584148,0.10026698559522629,0.9615931510925293,0.862873375415802
YDR402C,YFL034C-B,0,-1.6588596,0.10025211423635483,0.9615931510925293,0.8630156517028809
YAL058W,YGR099W,0,-1.6588788,0.10023725032806396,0.9615931510925293,0.8631578683853149
YDR283C,YMR282C,1,-1.6598613,0.10037064552307129,0.9630156755447388,0.8631578683853149
YDR354W,YDL044C,0,-1.659944,0.10035576671361923,0.9630156755447388,0.8633001446723938
YIR009W,YGL096W,0,-1.6604948,0.10034089535474777,0.9630156755447388,0.8634423613548279
YNL126W,YIL112W,0,-1.6608042,0.10032602399587631,0.9630156755447388,0.8635846376419067
YDR325W,YHR044C,0,-1.661078,0.10031116008758545,0.9630156755447388,0.8637269139289856
YPR052C,YLR341W,0,-1.6612086,0.10029629617929459,0.9630156755447388,0.8638691306114197
YPR056W,YJR001W,0,-1.6613445,0.10028143972158432,0.9630156755447388,0.8640114068984985
YKR014C,YMR149W,0,-1.6613984,0.10026659071445465,0.9630156755447388,0.8641536235809326
YDR283C,YGL049C,1,-1.6619608,0.10039982199668884,0.9644381403923035,0.8641536235809326
YDR283C,YOL023W,1,-1.6620482,0.10053301602602005,0.9658606052398682,0.8641536235809326
YGL048C,YBR114W,0,-1.6630459,0.100518137216568,0.9658606052398682,0.8642958998680115
YML008C,YBR201W,0,-1.6631444,0.10050325840711594,0.9658606052398682,0.8644381165504456
YNR030W,YMR021C,0,-1.6632059,0.10048837959766388,0.9658606052398682,0.8645803928375244
YLR451W,YMR113W,0,-1.6636575,0.10047351568937302,0.9658606052398682,0.8647226095199585
YML007W,YJL020C,0,-1.664026,0.10045864433050156,0.9658606052398682,0.8648648858070374
YCR042C,YJR010C-A,0,-1.6644114,0.10044378787279129,0.9658606052398682,0.8650071024894714
YNL280C,YOR288C,0,-1.664902,0.10042893141508102,0.9658606052398682,0.8651493787765503
YPR178W,YLR260W,0,-1.6653571,0.10041407495737076,0.9658606052398682,0.8652915954589844
YJR010C-A,YBR207W,0,-1.6661091,0.10039923340082169,0.9658606052398682,0.8654338717460632
YCL063W,YGL090W,0,-1.6675698,0.10038438439369202,0.9658606052398682,0.8655760884284973
YDR123C,YMR070W,0,-1.6681292,0.10036955028772354,0.9658606052398682,0.8657183647155762
YOR059C,YFL018C,0,-1.6682305,0.10035471618175507,0.9658606052398682,0.8658605813980103
YGL208W,YKL116C,0,-1.6683711,0.10033988207578659,0.9658606052398682,0.8660028576850891
YLL022C,YLR093C,0,-1.6685727,0.10032505542039871,0.9658606052398682,0.8661450743675232
YDL194W,YJL065C,0,-1.6688083,0.10031023621559143,0.9658606052398682,0.866287350654602
YIL066C,YHR158C,0,-1.6696911,0.10029542446136475,0.9658606052398682,0.8664295673370361
YFR010W,YGL232W,0,-1.6697421,0.10028060525655746,0.9658606052398682,0.866571843624115
YCR017C,YOR330C,0,-1.6702553,0.10026580095291138,0.9658606052398682,0.8667140603065491
YOR151C,YMR201C,0,-1.6703742,0.10025099664926529,0.9658606052398682,0.8668563365936279
YPL173W,YEL059C-A,0,-1.6704576,0.1002361997961998,0.9658606052398682,0.866998553276062
YBR213W,YHR001W,0,-1.6705916,0.10022140294313431,0.9658606052398682,0.8671408295631409
YPR009W,YJR050W,0,-1.6706431,0.10020661354064941,0.9658606052398682,0.867283046245575
YGR224W,YOR252W,0,-1.6717949,0.10019182413816452,0.9658606052398682,0.8674253225326538
YFL022C,YDR255C,0,-1.6723336,0.10017704218626022,0.9658606052398682,0.8675675392150879
YDL042C,YGL033W,0,-1.6726149,0.10016226768493652,0.9658606052398682,0.8677098155021667
YOR156C,YOR363C,0,-1.6726876,0.10014749318361282,0.9658606052398682,0.8678520917892456
YMR264W,YEL019C,0,-1.672828,0.10013272613286972,0.9658606052398682,0.8679943084716797
YDL130W-A,YBR175W,0,-1.6730952,0.10011795908212662,0.9658606052398682,0.8681365847587585
YPR141C,YNL216W,0,-1.6743052,0.10010319948196411,0.9658606052398682,0.8682788014411926
YPR155C,YGR227W,0,-1.6746333,0.1000884398818016,0.9658606052398682,0.8684210777282715
YGR278W,YPL253C,0,-1.6750238,0.10007369518280029,0.9658606052398682,0.8685632944107056
YOR005C,YPL160W,0,-1.6751333,0.10005894303321838,0.9658606052398682,0.8687055706977844
YNL123W,YJL047C,0,-1.6751795,0.10004420578479767,0.9658606052398682,0.8688477873802185
YNR039C,YCR079W,0,-1.6752439,0.10002946108579636,0.9658606052398682,0.8689900636672974
YEL001C,YDR003W,0,-1.6757101,0.10001473128795624,0.9658606052398682,0.8691322803497314
YBR086C,YBR248C,0,-1.6760604,0.10000000149011612,0.9658606052398682,0.8692745566368103
YHL013C,YDR379W,0,-1.6762499,0.099985271692276,0.9658606052398682,0.8694167733192444
YNL059C,YHR149C,0,-1.676897,0.09997055679559708,0.9658606052398682,0.8695590496063232
YJR135C,YDR110W,0,-1.6769733,0.09995583444833755,0.9658606052398682,0.8697012662887573
YOR329C,YHR181W,0,-1.6773992,0.09994112700223923,0.9658606052398682,0.8698435425758362
YLR127C,YGR289C,0,-1.6774808,0.0999264195561409,0.9658606052398682,0.8699857592582703
YOL149W,YCR020C,0,-1.6776196,0.09991171211004257,0.9658606052398682,0.8701280355453491
YBR193C,YJL104W,0,-1.6779684,0.09989701211452484,0.9658606052398682,0.8702702522277832
YDR198C,YJL129C,0,-1.6786693,0.09988231956958771,0.9658606052398682,0.8704125285148621
YKL032C,YBR044C,0,-1.6790084,0.09986762702465057,0.9658606052398682,0.8705547451972961
YLL005C,YDR237W,0,-1.6790378,0.09985294193029404,0.9658606052398682,0.870697021484375
YGR047C,YDL101C,0,-1.6795672,0.0998382568359375,0.9658606052398682,0.8708392381668091
YML027W,YMR175W,0,-1.6807593,0.09982357919216156,0.9658606052398682,0.8709815144538879
YMR021C,YNL207W,0,-1.6814197,0.09980890899896622,0.9658606052398682,0.871123731136322
YGL013C,YJL121C,0,-1.6820679,0.09979423880577087,0.9658606052398682,0.8712660074234009
YKL034W,YOR234C,0,-1.6824698,0.09977957606315613,0.9658606052398682,0.871408224105835
YCR081W,YLR265C,0,-1.6828432,0.09976491332054138,0.9658606052398682,0.8715505003929138
YOL011W,YOR320C,0,-1.6831594,0.09975025802850723,0.9658606052398682,0.8716927170753479
YBR207W,YGL119W,0,-1.6835384,0.09973560273647308,0.9658606052398682,0.8718349933624268
YKR046C,YHR108W,0,-1.6837844,0.09972095489501953,0.9658606052398682,0.8719772696495056
YJL208C,YOR362C,0,-1.6844549,0.09970631450414658,0.9658606052398682,0.8721194863319397
YML104C,YGR091W,0,-1.6845901,0.09969167411327362,0.9658606052398682,0.8722617626190186
YGL027C,YER035W,0,-1.6847473,0.09967704117298126,0.9658606052398682,0.8724039793014526
YOR001W,YDL127W,0,-1.6850188,0.0996624082326889,0.9658606052398682,0.8725462555885315
YDL065C,YHR084W,0,-1.6853523,0.09964778274297714,0.9658606052398682,0.8726884722709656
YBR286W,YKL154W,0,-1.6854143,0.09963316470384598,0.9658606052398682,0.8728307485580444
YFL036W,YDR110W,0,-1.6856236,0.09961854666471481,0.9658606052398682,0.8729729652404785
YLL062C,YPR186C,0,-1.6867495,0.09960392862558365,0.9658606052398682,0.8731152415275574
YGR092W,YPR112C,0,-1.6871653,0.09958932548761368,0.9658606052398682,0.8732574582099915
YGL084C,YOR016C,0,-1.687509,0.09957471489906311,0.9658606052398682,0.8733997344970703
YMR202W,YDL161W,0,-1.6887133,0.09956011921167374,0.9658606052398682,0.8735419511795044
YJL179W,YGR231C,0,-1.688781,0.09954552352428436,0.9658606052398682,0.8736842274665833
YDR175C,YDR171W,0,-1.689019,0.09953092783689499,0.9658606052398682,0.8738264441490173
YHR207C,YJL100W,0,-1.6895504,0.09951633960008621,0.9658606052398682,0.8739687204360962
YDL085W,YML107C,0,-1.689566,0.09950175881385803,0.9658606052398682,0.8741109371185303
YMR154C,YER123W,0,-1.6895872,0.09948717802762985,0.9658606052398682,0.8742532134056091
YEL051W,YDR168W,0,-1.6902115,0.09947260469198227,0.9658606052398682,0.8743954300880432
YPR178W,YOR288C,0,-1.6908587,0.09945803135633469,0.9658606052398682,0.8745377063751221
YEL064C,YGR163W,0,-1.6914144,0.0994434654712677,0.9658606052398682,0.8746799230575562
YNL145W,YER044C-A,0,-1.6919181,0.09942890703678131,0.9658606052398682,0.874822199344635
YML041C,YNL275W,0,-1.6923369,0.09941434860229492,0.9658606052398682,0.8749644160270691
YER179W,YNL025C,0,-1.6923475,0.09939979761838913,0.9658606052398682,0.875106692314148
YCR010C,YNL123W,0,-1.6926326,0.09938524663448334,0.9658606052398682,0.875248908996582
YBR046C,YOR253W,0,-1.6927254,0.09937070310115814,0.9658606052398682,0.8753911852836609
YAL007C,YGL205W,0,-1.6930867,0.09935615956783295,0.9658606052398682,0.875533401966095
YDR117C,YOR260W,1,-1.6931245,0.09948793053627014,0.9672830700874329,0.875533401966095
YOR049C,YER060W-A,0,-1.6936607,0.09947337955236435,0.9672830700874329,0.8756756782531738
YML088W,YLR214W,0,-1.6938851,0.09945882856845856,0.9672830700874329,0.8758178949356079
YML042W,YOR115C,0,-1.694412,0.09944428503513336,0.9672830700874329,0.8759601712226868
YMR184W,YNL189W,0,-1.6944575,0.09942974150180817,0.9672830700874329,0.8761024475097656
YML055W,YDL123W,0,-1.6945072,0.09941520541906357,0.9672830700874329,0.8762446641921997
YMR207C,YOL096C,0,-1.6945208,0.09940066933631897,0.9672830700874329,0.8763869404792786
YLR097C,YPR104C,0,-1.6946619,0.09938614070415497,0.9672830700874329,0.8765291571617126
YDR362C,YNR070W,0,-1.6950505,0.09937161952257156,0.9672830700874329,0.8766714334487915
YMR237W,YHR153C,0,-1.6952348,0.09935709834098816,0.9672830700874329,0.8768136501312256
YFR049W,YPL169C,0,-1.6954798,0.09934258460998535,0.9672830700874329,0.8769559264183044
YKL055C,YIL039W,0,-1.6956593,0.09932807832956314,0.9672830700874329,0.8770981431007385
YPL204W,YGR215W,0,-1.6956679,0.09931356459856033,0.9672830700874329,0.8772404193878174
YOL148C,YLR127C,0,-1.6958975,0.09929906576871872,0.9672830700874329,0.8773826360702515
YCR024C,YDL005C,0,-1.6958978,0.0992845669388771,0.9672830700874329,0.8775249123573303
YBR001C,YDL010W,0,-1.6961176,0.09927007555961609,0.9672830700874329,0.8776671290397644
YJR113C,YBR279W,0,-1.6961935,0.09925558418035507,0.9672830700874329,0.8778094053268433
YDR480W,YMR220W,0,-1.6964902,0.09924110025167465,0.9672830700874329,0.8779516220092773
YOR260W,YPR086W,1,-1.696762,0.09937253594398499,0.9687055349349976,0.8779516220092773
YER042W,YDR456W,0,-1.6969807,0.09935803711414337,0.9687055349349976,0.8780938982963562
YBL103C,YGR037C,0,-1.6972808,0.09934354573488235,0.9687055349349976,0.8782361149787903
YGR097W,YNR022C,0,-1.6972857,0.09932905435562134,0.9687055349349976,0.8783783912658691
YMR312W,YPR095C,0,-1.697548,0.09931457042694092,0.9687055349349976,0.8785206079483032
YOR070C,YLR453C,0,-1.6983347,0.0993000864982605,0.9687055349349976,0.8786628842353821
YNL094W,YLR071C,0,-1.6987901,0.09928561002016068,0.9687055349349976,0.8788051009178162
YKL006W,YMR302C,0,-1.6988981,0.09927113354206085,0.9687055349349976,0.878947377204895
YER033C,YGL213C,0,-1.6994202,0.09925666451454163,0.9687055349349976,0.8790895938873291
YML031W,YGL142C,0,-1.6994829,0.099242202937603,0.9687055349349976,0.879231870174408
YNR030W,YMR224C,0,-1.7001548,0.09922774136066437,0.9687055349349976,0.879374086856842
YBR023C,YHL047C,0,-1.7004024,0.09921328723430634,0.9687055349349976,0.8795163631439209
YDR464W,YPR008W,0,-1.7008071,0.0991988331079483,0.9687055349349976,0.879658579826355
YPL227C,YDR244W,0,-1.7011375,0.09918438643217087,0.9687055349349976,0.8798008561134338
YKR104W,YNL159C,0,-1.7012643,0.09916993975639343,0.9687055349349976,0.8799430727958679
YDL123W,YBR065C,0,-1.7014319,0.0991555005311966,0.9687055349349976,0.8800853490829468
YDL159W,YNR046W,0,-1.7014325,0.09914106875658035,0.9687055349349976,0.8802276253700256
YDR117C,YPR086W,1,-1.702459,0.09927219897508621,0.9701279997825623,0.8802276253700256
YKL005C,YGL150C,0,-1.7024596,0.09925775229930878,0.9701279997825623,0.8803698420524597
YDR500C,YBR293W,0,-1.7026262,0.09924330562353134,0.9701279997825623,0.8805121183395386
YDR265W,YBR065C,0,-1.7027494,0.0992288663983345,0.9701279997825623,0.8806543350219727
YPL029W,YNL103W,0,-1.7028906,0.09921443462371826,0.9701279997825623,0.8807966113090515
YKL221W,YNL148C,0,-1.7030969,0.09920000284910202,0.9701279997825623,0.8809388279914856
YDR085C,YDL064W,0,-1.7034847,0.09918557107448578,0.9701279997825623,0.8810811042785645
YNL094W,YEL016C,0,-1.7037045,0.09917114675045013,0.9701279997825623,0.8812233209609985
YOL149W,YCR048W,0,-1.7039987,0.09915672987699509,0.9701279997825623,0.8813655972480774
YNL177C,YJL129C,0,-1.7041323,0.09914232045412064,0.9701279997825623,0.8815078139305115
YMR233W,YGR183C,0,-1.7041566,0.09912790358066559,0.9701279997825623,0.8816500902175903
YGR220C,YBR049C,0,-1.7043241,0.09911350160837173,0.9701279997825623,0.8817923069000244
YGL227W,YGR195W,0,-1.705726,0.09909909963607788,0.9701279997825623,0.8819345831871033
YKL156W,YBR228W,0,-1.7062209,0.09908470511436462,0.9701279997825623,0.8820767998695374
YHR105W,YGR217W,0,-1.7066058,0.09907031059265137,0.9701279997825623,0.8822190761566162
YPL246C,YBR228W,0,-1.7067007,0.09905591607093811,0.9701279997825623,0.8823612928390503
YNL072W,YLR459W,0,-1.7068208,0.09904153645038605,0.9701279997825623,0.8825035691261292
YGL208W,YKL139W,0,-1.7068298,0.09902714937925339,0.9701279997825623,0.8826457858085632
YOR172W,YJL094C,0,-1.7070217,0.09901277720928192,0.9701279997825623,0.8827880620956421
YLL026W,YGL070C,0,-1.7070985,0.09899840503931046,0.9701279997825623,0.8829302787780762
YMR312W,YKR077W,0,-1.7072885,0.09898403286933899,0.9701279997825623,0.883072555065155
YLR037C,YMR006C,0,-1.7073493,0.09896966814994812,0.9701279997825623,0.8832147717475891
YML014W,YMR225C,0,-1.7073956,0.09895531088113785,0.9701279997825623,0.883357048034668
YDR294C,YHL007C,0,-1.7078886,0.09894095361232758,0.9701279997825623,0.883499264717102
YHL022C,YBR070C,0,-1.7080164,0.0989266037940979,0.9701279997825623,0.8836415410041809
YEL019C,YMR071C,0,-1.7084391,0.09891225397586823,0.9701279997825623,0.883783757686615
YPL008W,YNR019W,0,-1.7086684,0.09889791160821915,0.9701279997825623,0.8839260339736938
YKL160W,YLL042C,0,-1.7094668,0.09888356924057007,0.9701279997825623,0.8840682506561279
YCR066W,YCR054C,0,-1.7095155,0.09886923432350159,0.9701279997825623,0.8842105269432068
YML129C,YFR025C,0,-1.7099056,0.0988549068570137,0.9701279997825623,0.8843528032302856
YBR136W,YNL291C,0,-1.7100971,0.09884057939052582,0.9701279997825623,0.8844950199127197
YFL008W,YDL006W,0,-1.7107137,0.09882625937461853,0.9701279997825623,0.8846372961997986
YHR001W-A,YBR098W,0,-1.7107806,0.09881193935871124,0.9701279997825623,0.8847795128822327
YBL050W,YPL086C,0,-1.7114468,0.09879762679338455,0.9701279997825623,0.8849217891693115
YBR193C,YBR264C,0,-1.7117342,0.09878331422805786,0.9701279997825623,0.8850640058517456
YNL047C,YCR067C,0,-1.7121878,0.09876900911331177,0.9701279997825623,0.8852062821388245
YGL131C,YOR057W,0,-1.7123743,0.09875470399856567,0.9701279997825623,0.8853484988212585
YLL013C,YHR073W,0,-1.7126781,0.09874040633440018,0.9701279997825623,0.8854907751083374
YDR179C,YJR066W,0,-1.7129366,0.09872611612081528,0.9701279997825623,0.8856329917907715
YBR213W,YJR158W,0,-1.712959,0.09871182590723038,0.9701279997825623,0.8857752680778503
YLR069C,YIL136W,0,-1.7130288,0.09869754314422607,0.9701279997825623,0.8859174847602844
YDR117C,YPR025C,1,-1.7130424,0.09882795810699463,0.9715505242347717,0.8859174847602844
YGL124C,YPR023C,0,-1.7133324,0.09881366044282913,0.9715505242347717,0.8860597610473633
YGR256W,YMR158W,0,-1.7136669,0.09879936277866364,0.9715505242347717,0.8862019777297974
YER027C,YDL190C,0,-1.7139289,0.09878507256507874,0.9715505242347717,0.8863442540168762
YJL197W,YMR261C,0,-1.7140846,0.09877078980207443,0.9715505242347717,0.8864864706993103
YBR044C,YGR099W,0,-1.7151752,0.09875650703907013,0.9715505242347717,0.8866287469863892
YPL138C,YDR224C,0,-1.7152056,0.09874223172664642,0.9715505242347717,0.8867709636688232
YKL017C,YIR021W,0,-1.715261,0.09872795641422272,0.9715505242347717,0.8869132399559021
YOR178C,YCL055W,0,-1.7156596,0.09871368855237961,0.9715505242347717,0.8870554566383362
YOL065C,YPR100W,0,-1.7157886,0.0986994206905365,0.9715505242347717,0.887197732925415
YER106W,YEL005C,0,-1.7157973,0.09868516027927399,0.9715505242347717,0.8873399496078491
YOR091W,YHR160C,0,-1.7158754,0.09867090731859207,0.9715505242347717,0.887482225894928
YMR047C,YLR442C,0,-1.7163067,0.09865665435791016,0.9715505242347717,0.8876244425773621
YOR172W,YGR006W,0,-1.7165018,0.09864240139722824,0.9715505242347717,0.8877667188644409
YML009C,YKL141W,0,-1.7167158,0.09862815588712692,0.9715505242347717,0.887908935546875
YDR507C,YOR380W,0,-1.7170548,0.0986139178276062,0.9715505242347717,0.8880512118339539
YPR007C,YLR119W,0,-1.7171555,0.09859967976808548,0.9715505242347717,0.8881934285163879
YPL069C,YMR201C,0,-1.7173548,0.09858544915914536,0.9715505242347717,0.8883357048034668
YKR034W,YDL076C,0,-1.717541,0.09857122600078583,0.9715505242347717,0.8884779810905457
YPR178W,YJL180C,0,-1.7176437,0.0985569953918457,0.9715505242347717,0.8886201977729797
YOL147C,YPR141C,0,-1.7177527,0.09854277968406677,0.9715505242347717,0.8887624740600586
YIL065C,YPL169C,0,-1.7178657,0.09852856397628784,0.9715505242347717,0.8889046907424927
YBL047C,YOR249C,0,-1.718192,0.09851434826850891,0.9715505242347717,0.8890469670295715
YOL012C,YHR176W,0,-1.7182689,0.09850014746189117,0.9715505242347717,0.8891891837120056
YNL177C,YKR037C,0,-1.7183602,0.09848593920469284,0.9715505242347717,0.8893314599990845
YIL120W,YDR511W,0,-1.7184455,0.0984717383980751,0.9715505242347717,0.8894736766815186
YLR147C,YLR174W,0,-1.7185457,0.09845754504203796,0.9715505242347717,0.8896159529685974
YGL098W,YDL067C,0,-1.7185789,0.09844335913658142,0.9715505242347717,0.8897581696510315
YDR107C,YDR253C,0,-1.7192323,0.09842916578054428,0.9715505242347717,0.8899004459381104
YLR070C,YOR057W,0,-1.7193233,0.09841498732566833,0.9715505242347717,0.8900426626205444
YDR422C,YHR178W,0,-1.7193907,0.09840080887079239,0.9715505242347717,0.8901849389076233
YAR050W,YHR014W,0,-1.7194482,0.09838663041591644,0.9715505242347717,0.8903271555900574
YPL262W,YKR029C,0,-1.719629,0.0983724594116211,0.9715505242347717,0.8904694318771362
YBR211C,YDR267C,0,-1.719676,0.09835829585790634,0.9715505242347717,0.8906116485595703
YBR185C,YER096W,0,-1.7200553,0.09834413230419159,0.9715505242347717,0.8907539248466492
YMR306W,YOL133W,0,-1.7201818,0.09832997620105743,0.9715505242347717,0.8908961415290833
YPL053C,YMR318C,0,-1.7202575,0.09831582009792328,0.9715505242347717,0.8910384178161621
YOR308C,YBR070C,0,-1.7203474,0.09830167144536972,0.9715505242347717,0.8911806344985962
YPR106W,YBR021W,0,-1.7204931,0.09828752279281616,0.9715505242347717,0.891322910785675
YIL106W,YLR014C,0,-1.7205373,0.0982733815908432,0.9715505242347717,0.8914651274681091
YAL047C,YHR016C,0,-1.720895,0.09825924038887024,0.9715505242347717,0.891607403755188
YDL079C,YML022W,0,-1.7209004,0.09824510663747787,0.9715505242347717,0.8917496204376221
YPL123C,YOR217W,0,-1.7209826,0.09823098033666611,0.9715505242347717,0.8918918967247009
YKL146W,YGR040W,0,-1.7211355,0.09821685403585434,0.9715505242347717,0.892034113407135
YLL052C,YOR208W,0,-1.7217469,0.09820273518562317,0.9715505242347717,0.8921763896942139
YOL069W,YER058W,0,-1.722621,0.098188616335392,0.9715505242347717,0.892318606376648
YNL076W,YBR207W,0,-1.7226624,0.09817449748516083,0.9715505242347717,0.8924608826637268
YJL074C,YGR009C,0,-1.723476,0.09816039353609085,0.9715505242347717,0.8926031589508057
YMR162C,YBL018C,0,-1.7239553,0.09814628213644028,0.9715505242347717,0.8927453756332397
YJL162C,YLR078C,0,-1.7245706,0.0981321856379509,0.9715505242347717,0.8928876519203186
YOL105C,YDR057W,0,-1.7254024,0.09811808913946152,0.9715505242347717,0.8930298686027527
YDL046W,YJL183W,0,-1.7260919,0.09810399264097214,0.9715505242347717,0.8931721448898315
YNL047C,YKR085C,0,-1.7262198,0.09808990359306335,0.9715505242347717,0.8933143615722656
YOR087W,YLR265C,0,-1.7264234,0.09807582199573517,0.9715505242347717,0.8934566378593445
YOR217W,YKL086W,0,-1.726707,0.09806174039840698,0.9715505242347717,0.8935988545417786
YDR435C,YDR265W,0,-1.7267753,0.0980476588010788,0.9715505242347717,0.8937411308288574
YOR141C,YJL001W,0,-1.7268764,0.09803358465433121,0.9715505242347717,0.8938833475112915
YPL010W,YPL084W,0,-1.726903,0.09801951795816422,0.9715505242347717,0.8940256237983704
YDR495C,YOR036W,0,-1.727052,0.09800545126199722,0.9715505242347717,0.8941678404808044
YMR204C,YML124C,0,-1.7276006,0.09799139201641083,0.9715505242347717,0.8943101167678833
YJL179W,YKR058W,0,-1.7279713,0.09797733277082443,0.9715505242347717,0.8944523334503174
YER118C,YHR106W,0,-1.7280929,0.09796328097581863,0.9715505242347717,0.8945946097373962
YCR044C,YIL122W,0,-1.7285585,0.09794922918081284,0.9715505242347717,0.8947368264198303
YLR226W,YNR019W,0,-1.7286079,0.09793518483638763,0.9715505242347717,0.8948791027069092
YMR058W,YML107C,0,-1.7292049,0.09792114794254303,0.9715505242347717,0.8950213193893433
YBR293W,YGL086W,0,-1.7300838,0.09790711104869843,0.9715505242347717,0.8951635956764221
YBL013W,YPR086W,1,-1.73036,0.09803640842437744,0.9729729890823364,0.8951635956764221
YML086C,YBL102W,0,-1.7304208,0.09802235662937164,0.9729729890823364,0.8953058123588562
YBR050C,YOR016C,0,-1.7309732,0.09800831228494644,0.9729729890823364,0.8954480886459351
YOR069W,YBR188C,0,-1.7313913,0.09799426794052124,0.9729729890823364,0.8955903053283691
YHR167W,YPL130W,0,-1.7314692,0.09798023104667664,0.9729729890823364,0.895732581615448
YDR316W,YHR139C,0,-1.7315019,0.09796620160341263,0.9729729890823364,0.8958747982978821
YCL069W,YDR279W,0,-1.7319498,0.09795217216014862,0.9729729890823364,0.8960170745849609
YHR190W,YDR495C,0,-1.7327795,0.09793814271688461,0.9729729890823364,0.896159291267395
YIR031C,YML021C,0,-1.7327857,0.0979241207242012,0.9729729890823364,0.8963015675544739
YHR150W,YPL046C,0,-1.7336705,0.09791010618209839,0.9729729890823364,0.896443784236908
YJR033C,YLR319C,0,-1.7337358,0.09789609163999557,0.9729729890823364,0.8965860605239868
YDL080C,YJL019W,0,-1.7348189,0.09788208454847336,0.9729729890823364,0.8967283368110657
YNL270C,YIL037C,0,-1.7350175,0.09786807745695114,0.9729729890823364,0.8968705534934998
YIR019C,YMR021C,0,-1.7350403,0.09785407781600952,0.9729729890823364,0.8970128297805786
YOR017W,YNL329C,0,-1.7351718,0.0978400781750679,0.9729729890823364,0.8971550464630127
YKL010C,YDL017W,0,-1.7352625,0.09782608598470688,0.9729729890823364,0.8972973227500916
YGR098C,YNL188W,0,-1.735729,0.09781210124492645,0.9729729890823364,0.8974395394325256
YJL057C,YPL248C,0,-1.7366414,0.09779810905456543,0.9729729890823364,0.8975818157196045
YKL010C,YPL074W,0,-1.7366784,0.0977841317653656,0.9729729890823364,0.8977240324020386
YIL101C,YOR061W,0,-1.7368199,0.09777015447616577,0.9729729890823364,0.8978663086891174
YMR257C,YIL010W,0,-1.7371134,0.09775618463754654,0.9729729890823364,0.8980085253715515
YPR105C,YOR129C,0,-1.7372289,0.09774221479892731,0.9729729890823364,0.8981508016586304
YOL067C,YDR398W,0,-1.7378223,0.09772824496030807,0.9729729890823364,0.8982930183410645
YDR412W,YIL036W,0,-1.7378625,0.09771428257226944,0.9729729890823364,0.8984352946281433
YJL090C,YMR231W,0,-1.7385602,0.0977003276348114,0.9729729890823364,0.8985775113105774
YOR064C,YPR079W,0,-1.7388148,0.09768637269735336,0.9729729890823364,0.8987197875976562
YDR520C,YKL021C,0,-1.7390621,0.09767242521047592,0.9729729890823364,0.8988620042800903
YGR224W,YKL195W,0,-1.7390708,0.09765847772359848,0.9729729890823364,0.8990042805671692
YLL038C,YDR314C,0,-1.7391766,0.09764453768730164,0.9729729890823364,0.8991464972496033
YKL033W,YDR242W,0,-1.7392908,0.09763060510158539,0.9729729890823364,0.8992887735366821
YBR044C,YDR284C,0,-1.7397059,0.09761667251586914,0.9729729890823364,0.8994309902191162
YJL036W,YKL198C,0,-1.7399933,0.0976027399301529,0.9729729890823364,0.8995732665061951
YPL021W,YIR021W,0,-1.7403352,0.09758881479501724,0.9729729890823364,0.8997154831886292
YOR265W,YGR004W,0,-1.7404144,0.09757488965988159,0.9729729890823364,0.899857759475708
YFL002C,YDR490C,0,-1.7404668,0.09756097197532654,0.9729729890823364,0.8999999761581421
YGR224W,YMR036C,0,-1.741108,0.09754706174135208,0.9729729890823364,0.900142252445221
YLL026W,YLR017W,0,-1.7414781,0.09753315150737762,0.9729729890823364,0.900284469127655
YDR372C,YJL051W,0,-1.7417524,0.09751924872398376,0.9729729890823364,0.9004267454147339
YAR003W,YLR190W,0,-1.7419128,0.0975053459405899,0.9729729890823364,0.900568962097168
YPL092W,YKL089W,0,-1.7435398,0.09749145060777664,0.9729729890823364,0.9007112383842468
YNL020C,YDR441C,0,-1.7444211,0.09747755527496338,0.9729729890823364,0.9008535146713257
YBR229C,YOR201C,0,-1.7447255,0.09746366739273071,0.9729729890823364,0.9009957313537598
YGL243W,YNL242W,0,-1.7450229,0.09744977951049805,0.9729729890823364,0.9011380076408386
YDR283C,YAL035W,1,-1.7455275,0.09757834672927856,0.9743954539299011,0.9011380076408386
YIR008C,YNL159C,0,-1.745557,0.0975644513964653,0.9743954539299011,0.9012802243232727
YLR451W,YLR176C,0,-1.7466629,0.09755055606365204,0.9743954539299011,0.9014225006103516
YDR191W,YMR106C,0,-1.74713,0.09753666818141937,0.9743954539299011,0.9015647172927856
YKL218C,YJL098W,0,-1.7472353,0.0975227802991867,0.9743954539299011,0.9017069935798645
YBR036C,YPL155C,0,-1.7476091,0.09750889986753464,0.9743954539299011,0.9018492102622986
YOR086C,YGR135W,0,-1.7483377,0.09749501943588257,0.9743954539299011,0.9019914865493774
YDR104C,YBL066C,0,-1.7485712,0.0974811464548111,0.9743954539299011,0.9021337032318115
YOL094C,YLR210W,0,-1.748612,0.09746727347373962,0.9743954539299011,0.9022759795188904
YOR058C,YIL022W,0,-1.749958,0.09745340794324875,0.9743954539299011,0.9024181962013245
YDR126W,YPL161C,0,-1.7501209,0.09743954241275787,0.9743954539299011,0.9025604724884033
YMR094W,YLL006W,0,-1.7507355,0.0974256843328476,0.9743954539299011,0.9027026891708374
YOR118W,YPR100W,0,-1.75143,0.09741183370351791,0.9743954539299011,0.9028449654579163
YOR149C,YBL008W,0,-1.7514654,0.09739798307418823,0.9743954539299011,0.9029871821403503
YHR143W-A,YPL060W,0,-1.7515018,0.09738413244485855,0.9743954539299011,0.9031294584274292
YHL002W,YLR181C,0,-1.7516786,0.09737028926610947,0.9743954539299011,0.9032716751098633
YDL127W,YHL032C,0,-1.7517941,0.09735645353794098,0.9743954539299011,0.9034139513969421
YER060W-A,YFR050C,0,-1.7522798,0.09734261780977249,0.9743954539299011,0.9035561680793762
YMR278W,YDR093W,0,-1.7535956,0.0973287895321846,0.9743954539299011,0.9036984443664551
YER109C,YNL288W,0,-1.7546881,0.09731496125459671,0.9743954539299011,0.9038406610488892
YML038C,YNL091W,0,-1.7548157,0.09730113297700882,0.9743954539299011,0.903982937335968
YLR411W,YGR206W,0,-1.7569777,0.09728731960058212,0.9743954539299011,0.9041251540184021
YGR218W,YLR247C,0,-1.7570229,0.09727349877357483,0.9743954539299011,0.904267430305481
YDR163W,YLR341W,0,-1.7575135,0.09725969284772873,0.9743954539299011,0.904409646987915
YDR036C,YLR459W,0,-1.7584326,0.09724587947130203,0.9743954539299011,0.9045519232749939
YLR381W,YLR188W,0,-1.7588971,0.09723208099603653,0.9743954539299011,0.904694139957428
YGL223C,YPL254W,0,-1.7591519,0.09721828252077103,0.9743954539299011,0.9048364162445068
YOR172W,YJL154C,0,-1.7601231,0.09720448404550552,0.9743954539299011,0.9049786925315857
YJR019C,YDL003W,0,-1.7601544,0.09719069302082062,0.9743954539299011,0.9051209092140198
YIL063C,YNL148C,0,-1.760368,0.09717690199613571,0.9743954539299011,0.9052631855010986
YCR079W,YDR145W,0,-1.7625406,0.0971631184220314,0.9743954539299011,0.9054054021835327
YER086W,YFR003C,0,-1.7631608,0.09714934229850769,0.9743954539299011,0.9055476784706116
YFL008W,YNL279W,0,-1.7636006,0.09713556617498398,0.9743954539299011,0.9056898951530457
YCR086W,YOR087W,0,-1.763801,0.09712179005146027,0.9743954539299011,0.9058321714401245
YGR224W,YOR069W,0,-1.7644361,0.09710802137851715,0.9743954539299011,0.9059743881225586
YPL103C,YAL055W,0,-1.764803,0.09709426015615463,0.9743954539299011,0.9061166644096375
YDR247W,YKL014C,0,-1.7649884,0.09708049893379211,0.9743954539299011,0.9062588810920715
YJL044C,YDR393W,0,-1.7656363,0.09706674516201019,0.9743954539299011,0.9064011573791504
YLR069C,YBR203W,0,-1.7657022,0.09705299139022827,0.9743954539299011,0.9065433740615845
YGL196W,YNL246W,0,-1.7657088,0.09703923761844635,0.9743954539299011,0.9066856503486633
YNL278W,YMR264W,0,-1.7662613,0.09702549874782562,0.9743954539299011,0.9068278670310974
YLR116W,YIL137C,0,-1.7670231,0.0970117524266243,0.9743954539299011,0.9069701433181763
YER018C,YBR030W,0,-1.7675637,0.09699802100658417,0.9743954539299011,0.9071123600006104
YDL030W,YNR011C,0,-1.7675678,0.09698428213596344,0.9743954539299011,0.9072546362876892
YLR431C,YJL186W,0,-1.7675681,0.0969705581665039,0.9743954539299011,0.9073968529701233
YKL196C,YBL022C,0,-1.7676456,0.09695682674646378,0.9743954539299011,0.9075391292572021
YPR056W,YOR037W,0,-1.7677968,0.09694311022758484,0.9743954539299011,0.9076813459396362
YLR368W,YBR290W,0,-1.7678223,0.0969293937087059,0.9743954539299011,0.9078236222267151
YLR110C,YMR052W,0,-1.7685013,0.09691567718982697,0.9743954539299011,0.9079658389091492
YJL092W,YBL054W,0,-1.7695069,0.09690196812152863,0.9743954539299011,0.908108115196228
YNL272C,YOL008W,0,-1.7697237,0.09688825905323029,0.9743954539299011,0.9082503318786621
YDL008W,YOL034W,0,-1.7698336,0.09687455743551254,0.9743954539299011,0.908392608165741
YIL122W,YER123W,0,-1.7708417,0.0968608632683754,0.9743954539299011,0.908534824848175
YIL005W,YLR396C,0,-1.771153,0.09684716165065765,0.9743954539299011,0.9086771011352539
YDR316W,YBL088C,0,-1.7712402,0.0968334749341011,0.9743954539299011,0.908819317817688
YLR223C,YIR002C,0,-1.7719934,0.09681978821754456,0.9743954539299011,0.9089615941047668
YGL044C,YOR068C,0,-1.7720454,0.096806101500988,0.9743954539299011,0.9091038703918457
YMR268C,YDL117W,0,-1.7721648,0.09679242968559265,0.9743954539299011,0.9092460870742798
YCR107W,YBR295W,0,-1.7730075,0.0967787504196167,0.9743954539299011,0.9093883633613586
YKR014C,YER065C,0,-1.7731574,0.09676507860422134,0.9743954539299011,0.9095305800437927
YNL106C,YPR068C,0,-1.7733004,0.09675141423940659,0.9743954539299011,0.9096728563308716
YNL048W,YLR337C,0,-1.7736435,0.09673774987459183,0.9743954539299011,0.9098150730133057
YGR109C,YNL049C,0,-1.7737031,0.09672409296035767,0.9743954539299011,0.9099573493003845
YML048W,YDL120W,0,-1.7738194,0.0967104360461235,0.9743954539299011,0.9100995659828186
YNL185C,YJR001W,0,-1.7738342,0.09669677913188934,0.9743954539299011,0.9102418422698975
YBR179C,YPL143W,0,-1.7739568,0.09668312966823578,0.9743954539299011,0.9103840589523315
YMR268C,YOL016C,0,-1.7741486,0.09666948765516281,0.9743954539299011,0.9105263352394104
YGL124C,YGR013W,0,-1.7745261,0.09665584564208984,0.9743954539299011,0.9106685519218445
YKR009C,YPR110C,0,-1.774798,0.09664221107959747,0.9743954539299011,0.9108108282089233
YBL017C,YML011C,0,-1.7749335,0.0966285765171051,0.9743954539299011,0.9109530448913574
YDR171W,YAR018C,0,-1.7749457,0.09661494940519333,0.9743954539299011,0.9110953211784363
YLR246W,YDR291W,0,-1.7753134,0.09660132229328156,0.9743954539299011,0.9112375378608704
YKL197C,YOR177C,0,-1.7755646,0.09658770263195038,0.9743954539299011,0.9113798141479492
YPL123C,YJL183W,0,-1.7759221,0.0965740904211998,0.9743954539299011,0.9115220308303833
YIL073C,YOL080C,0,-1.7767174,0.09656047075986862,0.9743954539299011,0.9116643071174622
YGL141W,YGR271C-A,0,-1.7768047,0.09654686599969864,0.9743954539299011,0.9118065237998962
YGL223C,YKR089C,0,-1.7781444,0.09653326123952866,0.9743954539299011,0.9119488000869751
YNL090W,YBR038W,0,-1.7782643,0.09651965647935867,0.9743954539299011,0.9120910167694092
YMR067C,YOL003C,0,-1.7784314,0.09650605916976929,0.9743954539299011,0.912233293056488
YML013W,YDR227W,0,-1.7786062,0.0964924618601799,0.9743954539299011,0.9123755097389221
YER153C,YMR282C,1,-1.7795469,0.09661971777677536,0.9758179187774658,0.9123755097389221
YER032W,YBR295W,0,-1.7796631,0.09660611301660538,0.9758179187774658,0.912517786026001
YNL310C,YGR170W,0,-1.779698,0.0965925082564354,0.9758179187774658,0.9126600027084351
YJL179W,YDR135C,0,-1.7801875,0.09657891094684601,0.9758179187774658,0.9128022789955139
YDR176W,YPL020C,0,-1.780573,0.09656531363725662,0.9758179187774658,0.912944495677948
YLR210W,YNL222W,0,-1.7805848,0.09655172377824783,0.9758179187774658,0.9130867719650269
YFR008W,YPL086C,0,-1.7809072,0.09653813391923904,0.9758179187774658,0.9132290482521057
YBR041W,YDR004W,0,-1.7810087,0.09652455151081085,0.9758179187774658,0.9133712649345398
YML055W,YOL060C,0,-1.7814999,0.09651097655296326,0.9758179187774658,0.9135135412216187
YDR021W,YER020W,0,-1.7822225,0.09649739414453506,0.9758179187774658,0.9136557579040527
YGR194C,YGL111W,0,-1.7827842,0.09648382663726807,0.9758179187774658,0.9137980341911316
YDR480W,YPR128C,0,-1.7829921,0.09647025913000107,0.9758179187774658,0.9139402508735657
YHR183W,YBR290W,0,-1.783065,0.09645669162273407,0.9758179187774658,0.9140825271606445
YJR095W,YDR501W,0,-1.7832279,0.09644313156604767,0.9758179187774658,0.9142247438430786
YLR007W,YJL139C,0,-1.7833352,0.09642957895994186,0.9758179187774658,0.9143670201301575
YDR325W,YNL218W,0,-1.7841659,0.09641601890325546,0.9758179187774658,0.9145092368125916
YGL171W,YPL214C,0,-1.7851589,0.09640247374773026,0.9758179187774658,0.9146515130996704
YOR358W,YPL246C,0,-1.7853878,0.09638892859220505,0.9758179187774658,0.9147937297821045
YGL175C,YDR235W,0,-1.7857227,0.09637538343667984,0.9758179187774658,0.9149360060691833
YOL023W,YBL013W,1,-1.7858083,0.09650231897830963,0.9772403836250305,0.9149360060691833
YDL093W,YDR235W,0,-1.7859049,0.09648876637220383,0.9772403836250305,0.9150782227516174
YIL136W,YHR169W,0,-1.7869204,0.09647521376609802,0.9772403836250305,0.9152204990386963
YBL088C,YEL018W,0,-1.7870594,0.09646166861057281,0.9772403836250305,0.9153627157211304
YMR198W,YLL009C,0,-1.7876068,0.09644812345504761,0.9772403836250305,0.9155049920082092
YDL159W,YAR014C,0,-1.7876579,0.096434585750103,0.9772403836250305,0.9156472086906433
YGL017W,YHR149C,0,-1.7880902,0.09642105549573898,0.9772403836250305,0.9157894849777222
YMR048W,YPL173W,0,-1.7883452,0.09640752524137497,0.9772403836250305,0.9159317016601562
YLL015W,YOR201C,0,-1.7883523,0.09639399498701096,0.9772403836250305,0.9160739779472351
YLR090W,YBR299W,0,-1.7895834,0.09638047218322754,0.9772403836250305,0.9162161946296692
YMR047C,YCL027W,0,-1.7897456,0.09636694937944412,0.9772403836250305,0.916358470916748
YLR371W,YDR093W,0,-1.7902673,0.0963534340262413,0.9772403836250305,0.9165006875991821
YER170W,YGL144C,0,-1.7906404,0.09633992612361908,0.9772403836250305,0.916642963886261
YPL140C,YGR140W,0,-1.7909153,0.09632641822099686,0.9772403836250305,0.9167851805686951
YDR246W,YKL017C,0,-1.7913165,0.09631291031837463,0.9772403836250305,0.9169274568557739
YCR017C,YPR128C,0,-1.792425,0.09629940986633301,0.9772403836250305,0.917069673538208
YIL065C,YGL093W,0,-1.7931228,0.09628591686487198,0.9772403836250305,0.9172119498252869
YEL061C,YGR212W,0,-1.7931979,0.09627242386341095,0.9772403836250305,0.917354166507721
YOL072W,YNL133C,0,-1.7938306,0.09625893086194992,0.9772403836250305,0.9174964427947998
YLR421C,YOL148C,0,-1.794488,0.09624544531106949,0.9772403836250305,0.9176387190818787
YLR403W,YLR181C,0,-1.7947803,0.09623196721076965,0.9772403836250305,0.9177809357643127
YOR347C,YKR053C,0,-1.7949245,0.09621848911046982,0.9772403836250305,0.9179232120513916
YBR152W,YPL135W,0,-1.7955755,0.09620501101016998,0.9772403836250305,0.9180654287338257
YBL040C,YPL100W,0,-1.7962925,0.09619154036045074,0.9772403836250305,0.9182077050209045
YIL114C,YLR038C,0,-1.7963139,0.0961780771613121,0.9772403836250305,0.9183499217033386
YGL137W,YLR315W,0,-1.7973108,0.09616461396217346,0.9772403836250305,0.9184921979904175
YJR022W,YDR150W,0,-1.7975004,0.09615115821361542,0.9772403836250305,0.9186344146728516
YCR075C,YHR114W,0,-1.7981532,0.09613770246505737,0.9772403836250305,0.9187766909599304
YER100W,YGR212W,0,-1.7987214,0.09612424671649933,0.9772403836250305,0.9189189076423645
YLL021W,YGL038C,0,-1.7991347,0.09611079841852188,0.9772403836250305,0.9190611839294434
YOL110W,YLR154C,0,-1.7992263,0.09609735757112503,0.9772403836250305,0.9192034006118774
YDR283C,YGL107C,1,-1.7992766,0.09622377902269363,0.9786628484725952,0.9192034006118774
YDR117C,YMR282C,1,-1.7994585,0.09635016322135925,0.9800853729248047,0.9192034006118774
YNL156C,YNL021W,0,-1.80007,0.09633669257164001,0.9800853729248047,0.9193456768989563
YDR054C,YGR038W,0,-1.8001976,0.09632322192192078,0.9800853729248047,0.9194878935813904
YDR096W,YKL143W,0,-1.8002784,0.09630975872278214,0.9800853729248047,0.9196301698684692
YGR241C,YDR011W,0,-1.800426,0.0962962955236435,0.9800853729248047,0.9197723865509033
YMR101C,YDR480W,0,-1.8006446,0.09628283977508545,0.9800853729248047,0.9199146628379822
YDL174C,YFR003C,0,-1.8010535,0.0962693840265274,0.9800853729248047,0.9200568795204163
YLR323C,YPR042C,0,-1.8014717,0.09625593572854996,0.9800853729248047,0.9201991558074951
YEL002C,YDR350C,0,-1.8015931,0.0962424948811531,0.9800853729248047,0.9203413724899292
YPR008W,YOR330C,0,-1.8018208,0.09622904658317566,0.9800853729248047,0.9204836487770081
YDR329C,YDL117W,0,-1.8018835,0.0962156131863594,0.9800853729248047,0.9206258654594421
YLR220W,YOR036W,0,-1.802423,0.09620217978954315,0.9800853729248047,0.920768141746521
YAL058W,YOR060C,0,-1.8024353,0.0961887463927269,0.9800853729248047,0.9209103584289551
YOL065C,YJL154C,0,-1.8026999,0.09617532044649124,0.9800853729248047,0.9210526347160339
YKR009C,YPR188C,0,-1.8027606,0.09616189450025558,0.9800853729248047,0.921194851398468
YKR014C,YJL203W,0,-1.8030438,0.09614847600460052,0.9800853729248047,0.9213371276855469
YBR043C,YDR339C,0,-1.8035129,0.09613506495952606,0.9800853729248047,0.921479344367981
YDL209C,YJR013W,0,-1.8035178,0.0961216539144516,0.9800853729248047,0.9216216206550598
YDR481C,YKL155C,0,-1.8036315,0.09610824286937714,0.9800853729248047,0.9217638969421387
YPR021C,YPL100W,0,-1.8036371,0.09609483927488327,0.9800853729248047,0.9219061136245728
YKR025W,YHR001W,0,-1.8040344,0.0960814356803894,0.9800853729248047,0.9220483899116516
YPR032W,YGR231C,0,-1.8055477,0.09606803953647614,0.9800853729248047,0.9221906065940857
YJL054W,YML118W,0,-1.8056227,0.09605465084314346,0.9800853729248047,0.9223328828811646
YKR053C,YFL037W,0,-1.8063592,0.09604126214981079,0.9800853729248047,0.9224750995635986
YGL192W,YNL116W,0,-1.8063681,0.09602787345647812,0.9800853729248047,0.9226173758506775
YNL077W,YPL178W,0,-1.8071154,0.09601449221372604,0.9800853729248047,0.9227595925331116
YDR329C,YLR139C,0,-1.8082566,0.09600111097097397,0.9800853729248047,0.9229018688201904
YBR152W,YFR051C,0,-1.8083816,0.09598773717880249,0.9800853729248047,0.9230440855026245
YJL083W,YOL125W,0,-1.8088335,0.09597437083721161,0.9800853729248047,0.9231863617897034
YKR061W,YOR354C,0,-1.8089601,0.09596100449562073,0.9800853729248047,0.9233285784721375
YML104C,YLR117C,0,-1.8093436,0.09594763815402985,0.9800853729248047,0.9234708547592163
YNR059W,YPL255W,0,-1.8096662,0.09593427926301956,0.9800853729248047,0.9236130714416504
YBL042C,YHR176W,0,-1.8101315,0.09592092782258987,0.9800853729248047,0.9237553477287292
YDR334W,YPL174C,0,-1.8103197,0.09590756893157959,0.9800853729248047,0.9238975644111633
YJR097W,YFR007W,0,-1.8105488,0.0958942249417305,0.9800853729248047,0.9240398406982422
YOR028C,YDR356W,0,-1.8106067,0.09588088095188141,0.9800853729248047,0.9241820573806763
YJR052W,YDR301W,0,-1.8108329,0.09586753696203232,0.9800853729248047,0.9243243336677551
YNL299W,YOR058C,0,-1.8116629,0.09585420042276382,0.9800853729248047,0.9244665503501892
YKL048C,YDR284C,0,-1.8120954,0.09584087133407593,0.9800853729248047,0.9246088266372681
YIL009C-A,YER072W,0,-1.8124682,0.09582753479480743,0.9800853729248047,0.9247510433197021
YPL210C,YGR087C,0,-1.8126047,0.09581421315670013,0.9800853729248047,0.924893319606781
YLR139C,YMR285C,0,-1.8128755,0.09580089151859283,0.9800853729248047,0.9250355362892151
YBR003W,YGR271C-A,0,-1.8129883,0.09578756988048553,0.9800853729248047,0.925177812576294
YNL251C,YDR267C,0,-1.8135573,0.09577425569295883,0.9800853729248047,0.925320029258728
YDR503C,YIL115C,0,-1.8137102,0.09576094150543213,0.9800853729248047,0.9254623055458069
YJL197W,YLR115W,0,-1.8137885,0.09574763476848602,0.9800853729248047,0.925604522228241
YPR164W,YBR050C,0,-1.8139117,0.09573433548212051,0.9800853729248047,0.9257467985153198
YPR019W,YDR436W,0,-1.8143394,0.095721036195755,0.9800853729248047,0.9258890748023987
YML014W,YJR131W,0,-1.8151301,0.0957077369093895,0.9800853729248047,0.9260312914848328
YLR032W,YIL072W,0,-1.8153167,0.09569444507360458,0.9800853729248047,0.9261735677719116
YDR200C,YJL179W,0,-1.8153613,0.09568115323781967,0.9800853729248047,0.9263157844543457
YDL117W,YPR079W,0,-1.8157537,0.09566786885261536,0.9800853729248047,0.9264580607414246
YDR006C,YGL119W,0,-1.8159571,0.09565459191799164,0.9800853729248047,0.9266002774238586
YOR242C,YMR101C,0,-1.8163818,0.09564130753278732,0.9800853729248047,0.9267425537109375
YOR192C,YOL156W,0,-1.8173919,0.0956280380487442,0.9800853729248047,0.9268847703933716
YDR482C,YOR256C,0,-1.8183105,0.09561476856470108,0.9800853729248047,0.9270270466804504
YGL023C,YHR176W,0,-1.8183441,0.09560149908065796,0.9800853729248047,0.9271692633628845
YBR217W,YBR030W,0,-1.8202009,0.09558823704719543,0.9800853729248047,0.9273115396499634
YEL050C,YDR323C,0,-1.8203666,0.09557497501373291,0.9800853729248047,0.9274537563323975
YHR143W-A,YJR033C,0,-1.8209546,0.09556172043085098,0.9800853729248047,0.9275960326194763
YKL160W,YOR363C,0,-1.8211403,0.09554846584796906,0.9800853729248047,0.9277382493019104
YMR022W,YAL055W,0,-1.8217841,0.09553521871566772,0.9800853729248047,0.9278805255889893
YBR213W,YDR017C,0,-1.822016,0.0955219715833664,0.9800853729248047,0.9280227422714233
YNR043W,YMR081C,0,-1.8221081,0.09550873190164566,0.9800853729248047,0.9281650185585022
YMR286W,YDR255C,0,-1.8222535,0.09549549221992493,0.9800853729248047,0.9283072352409363
YOR171C,YNL210W,0,-1.8225014,0.09548225998878479,0.9800853729248047,0.9284495115280151
YGR091W,YJL110C,0,-1.8229316,0.09546902775764465,0.9800853729248047,0.9285917282104492
YCR066W,YDR084C,0,-1.8233235,0.09545580297708511,0.9800853729248047,0.9287340044975281
YBR288C,YLR013W,0,-1.8233565,0.09544258564710617,0.9800853729248047,0.9288762211799622
YMR047C,YOR081C,0,-1.823869,0.09542936086654663,0.9800853729248047,0.929018497467041
YOR030W,YNL299W,0,-1.8241352,0.09541615098714828,0.9800853729248047,0.9291607141494751
YDL056W,YDR317W,0,-1.8244855,0.09540293365716934,0.9800853729248047,0.929302990436554
YAL009W,YLR081W,0,-1.824736,0.095389723777771,0.9800853729248047,0.929445207118988
YHR200W,YDL044C,0,-1.825742,0.09537652134895325,0.9800853729248047,0.9295874834060669
YBR152W,YNL210W,0,-1.8257704,0.0953633189201355,0.9800853729248047,0.929729700088501
YOL008W,YBR217W,0,-1.8262002,0.09535012394189835,0.9800853729248047,0.9298719763755798
YJL078C,YJL139C,0,-1.8262022,0.0953369289636612,0.9800853729248047,0.9300142526626587
YJL127C,YNL148C,0,-1.8267162,0.09532374143600464,0.9800853729248047,0.9301564693450928
YER041W,YPL234C,0,-1.8267356,0.09531055390834808,0.9800853729248047,0.9302987456321716
YGL107C,YPR086W,1,-1.8268547,0.09543568640947342,0.9815078377723694,0.9302987456321716
YLR097C,YER048W-A,0,-1.827007,0.09542248398065567,0.9815078377723694,0.9304409623146057
YMR286W,YMR156C,0,-1.827338,0.09540928900241852,0.9815078377723694,0.9305832386016846
YIL034C,YDR051C,0,-1.8274097,0.09539610147476196,0.9815078377723694,0.9307254552841187
YDL112W,YNL331C,0,-1.8274449,0.09538291394710541,0.9815078377723694,0.9308677315711975
YMR282C,YPR086W,1,-1.827581,0.09550794959068298,0.9829303026199341,0.9308677315711975
YJL168C,YBR073W,0,-1.8277203,0.09549474716186523,0.9829303026199341,0.9310099482536316
YPL018W,YBR268W,0,-1.8290622,0.09548155218362808,0.9829303026199341,0.9311522245407104
YJL019W,YBL066C,0,-1.8307093,0.09546836465597153,0.9829303026199341,0.9312944412231445
YOR358W,YIL126W,0,-1.8310084,0.09545516967773438,0.9829303026199341,0.9314367175102234
YER060W,YGL023C,0,-1.831756,0.09544198960065842,0.9829303026199341,0.9315789341926575
YPL173W,YDR386W,0,-1.8319492,0.09542880952358246,0.9829303026199341,0.9317212104797363
YMR036C,YMR035W,0,-1.8319912,0.0954156294465065,0.9829303026199341,0.9318634271621704
YPL085W,YNL233W,0,-1.832727,0.09540245682001114,0.9829303026199341,0.9320057034492493
YCL063W,YGL226W,0,-1.8327694,0.09538928419351578,0.9829303026199341,0.9321479201316833
YDR456W,YGL065C,0,-1.8338846,0.09537611901760101,0.9829303026199341,0.9322901964187622
YEL004W,YCR027C,0,-1.8341914,0.09536296129226685,0.9829303026199341,0.9324324131011963
YCL033C,YMR101C,0,-1.8343047,0.09534980356693268,0.9829303026199341,0.9325746893882751
YKL160W,YMR068W,0,-1.8350079,0.09533664584159851,0.9829303026199341,0.9327169060707092
YOR359W,YJL092W,0,-1.835232,0.09532349556684494,0.9829303026199341,0.9328591823577881
YLR176C,YJL154C,0,-1.8356171,0.09531034529209137,0.9829303026199341,0.9330013990402222
YDL127W,YLR014C,0,-1.8360952,0.0952972024679184,0.9829303026199341,0.933143675327301
YNL156C,YGL155W,0,-1.8361045,0.09528405964374542,0.9829303026199341,0.9332858920097351
YNL128W,YOR156C,0,-1.8362517,0.09527092427015305,0.9829303026199341,0.933428168296814
YOR358W,YMR004W,0,-1.8367338,0.09525778889656067,0.9829303026199341,0.933570384979248
YHL038C,YDR440W,0,-1.836765,0.09524466097354889,0.9829303026199341,0.9337126612663269
YCL069W,YHR207C,0,-1.8368282,0.09523153305053711,0.9829303026199341,0.933854877948761
YMR056C,YJR068W,0,-1.8370283,0.09521841257810593,0.9829303026199341,0.9339971542358398
YGL250W,YCR106W,0,-1.8370771,0.09520529210567474,0.9829303026199341,0.9341394305229187
YNL229C,YER012W,0,-1.8371097,0.09519217163324356,0.9829303026199341,0.9342816472053528
YKR067W,YOR205C,0,-1.8372624,0.09517906606197357,0.9829303026199341,0.9344239234924316
YNL188W,YBR019C,0,-1.83827,0.09516595304012299,0.9829303026199341,0.9345661401748657
YCL069W,YBR030W,0,-1.8385043,0.095152847468853,0.9829303026199341,0.9347084164619446
YJR035W,YLR341W,0,-1.8388582,0.0951397493481636,0.9829303026199341,0.9348506331443787
YIL026C,YLR079W,0,-1.8391455,0.09512665122747421,0.9829303026199341,0.9349929094314575
YIL004C,YKL011C,0,-1.839231,0.09511356055736542,0.9829303026199341,0.9351351261138916
YMR322C,YJR117W,0,-1.8395718,0.09510046988725662,0.9829303026199341,0.9352774024009705
YBR136W,YBR057C,0,-1.8403529,0.09508737921714783,0.9829303026199341,0.9354196190834045
YOR172W,YLR453C,0,-1.8414855,0.09507429599761963,0.9829303026199341,0.9355618953704834
YKL145W,YDR150W,0,-1.8421316,0.09506122022867203,0.9829303026199341,0.9357041120529175
YPL183C,YCR091W,0,-1.8425038,0.09504814445972443,0.9829303026199341,0.9358463883399963
YER007W,YMR199W,0,-1.8431863,0.09503506869077682,0.9829303026199341,0.9359886050224304
YPL155C,YBR058C,0,-1.8444782,0.09502200037240982,0.9829303026199341,0.9361308813095093
YLR453C,YBR131W,0,-1.8453407,0.09500893950462341,0.9829303026199341,0.9362730979919434
YER041W,YGR195W,0,-1.8462176,0.094995878636837,0.9829303026199341,0.9364153742790222
YDR284C,YOR144C,0,-1.8476696,0.0949828177690506,0.9829303026199341,0.9365575909614563
YIL131C,YKR046C,0,-1.8482656,0.09496976435184479,0.9829303026199341,0.9366998672485352
YMR063W,YEL019C,0,-1.8482757,0.09495671093463898,0.9829303026199341,0.9368420839309692
YGL223C,YOR005C,0,-1.8504727,0.09494366496801376,0.9829303026199341,0.9369843602180481
YOL144W,YDR085C,0,-1.8510938,0.09493061900138855,0.9829303026199341,0.9371265769004822
YOR070C,YFR027W,0,-1.8514742,0.09491758048534393,0.9829303026199341,0.937268853187561
YJL162C,YMR261C,0,-1.8537667,0.09490454941987991,0.9829303026199341,0.9374110698699951
YER173W,YNL245C,0,-1.8539243,0.0948915109038353,0.9829303026199341,0.937553346157074
YOR326W,YDR191W,0,-1.8544778,0.09487848728895187,0.9829303026199341,0.9376955628395081
YIL017C,YNL233W,0,-1.8545573,0.09486545622348785,0.9829303026199341,0.9378378391265869
YKL129C,YLR277C,0,-1.8546042,0.09485244005918503,0.9829303026199341,0.937980055809021
YNL128W,YLR131C,0,-1.8547999,0.0948394164443016,0.9829303026199341,0.9381223320960999
YER027C,YNL152W,0,-1.8556962,0.09482640027999878,0.9829303026199341,0.9382646083831787
YGL002W,YOL105C,0,-1.8559963,0.09481339156627655,0.9829303026199341,0.9384068250656128
YKR049C,YBR254C,0,-1.8562267,0.09480038285255432,0.9829303026199341,0.9385491013526917
YKR024C,YBR290W,0,-1.8569043,0.09478738158941269,0.9829303026199341,0.9386913180351257
YKL012W,YPL029W,0,-1.8569121,0.09477438032627106,0.9829303026199341,0.9388335943222046
YNL007C,YMR282C,1,-1.8571618,0.094898521900177,0.9843527674674988,0.9388335943222046
YOR189W,YCR004C,0,-1.8576971,0.09488550573587418,0.9843527674674988,0.9389758110046387
YOR260W,YPR025C,1,-1.8606086,0.09500959515571594,0.9857752323150635,0.9389758110046387
YAL047C,YDR536W,0,-1.8613648,0.09499657154083252,0.9857752323150635,0.9391180872917175
YNL252C,YDR162C,0,-1.8615549,0.0949835553765297,0.9857752323150635,0.9392603039741516
YDR334W,YJL167W,0,-1.8620245,0.09497053921222687,0.9857752323150635,0.9394025802612305
YNL245C,YEL009C,0,-1.8623618,0.09495752304792404,0.9857752323150635,0.9395447969436646
YJR117W,YLR054C,0,-1.8629894,0.09494451433420181,0.9857752323150635,0.9396870732307434
YOL115W,YMR060C,0,-1.8655246,0.09493150562047958,0.9857752323150635,0.9398292899131775
YDR119W,YMR156C,0,-1.8655627,0.09491850435733795,0.9857752323150635,0.9399715662002563
YPR199C,YKL155C,0,-1.8658532,0.09490550309419632,0.9857752323150635,0.9401137828826904
YOR177C,YGR065C,0,-1.8660733,0.09489250928163528,0.9857752323150635,0.9402560591697693
YJL051W,YLR119W,0,-1.8664386,0.09487951546907425,0.9857752323150635,0.9403982758522034
YDL079C,YPL040C,0,-1.8669412,0.09486652910709381,0.9857752323150635,0.9405405521392822
YDR495C,YCL010C,0,-1.8673317,0.09485354274511337,0.9857752323150635,0.9406827688217163
YLR362W,YPL137C,0,-1.8674605,0.09484056383371353,0.9857752323150635,0.9408250451087952
YFR038W,YDR014W,0,-1.8683472,0.09482758492231369,0.9857752323150635,0.9409672617912292
YBR237W,YPR031W,0,-1.8688941,0.09481461346149445,0.9857752323150635,0.9411095380783081
YDR009W,YDR402C,0,-1.8708649,0.0948016420006752,0.9857752323150635,0.9412517547607422
YJL047C,YPR175W,0,-1.8713794,0.09478867799043655,0.9857752323150635,0.941394031047821
YFR010W,YML077W,0,-1.8716645,0.0947757139801979,0.9857752323150635,0.9415362477302551
YMR170C,YCL061C,0,-1.8716927,0.09476274996995926,0.9857752323150635,0.941678524017334
YMR211W,YMR280C,0,-1.8719053,0.09474979341030121,0.9857752323150635,0.9418207406997681
YPR155C,YER038C,0,-1.8720518,0.09473684430122375,0.9857752323150635,0.9419630169868469
YKL002W,YJR131W,0,-1.8722291,0.0947238951921463,0.9857752323150635,0.942105233669281
YGR013W,YPL146C,0,-1.8723485,0.09471094608306885,0.9857752323150635,0.9422475099563599
YMR164C,YML011C,0,-1.8727074,0.09469800442457199,0.9857752323150635,0.9423897862434387
YOR017W,YLR077W,0,-1.8736348,0.09468506276607513,0.9857752323150635,0.9425320029258728
YOR034C,YKL220C,0,-1.8753332,0.09467212855815887,0.9857752323150635,0.9426742792129517
YLR318W,YOR380W,0,-1.8756205,0.09465920180082321,0.9857752323150635,0.9428164958953857
YDL239C,YPL030W,0,-1.8760018,0.09464627504348755,0.9857752323150635,0.9429587721824646
YDR110W,YNL329C,0,-1.8762264,0.09463334828615189,0.9857752323150635,0.9431009888648987
YGR030C,YMR261C,0,-1.8774142,0.09462042897939682,0.9857752323150635,0.9432432651519775
YLL052C,YPR047W,0,-1.8787862,0.09460750967264175,0.9857752323150635,0.9433854818344116
YMR023C,YPL023C,0,-1.8790591,0.09459459781646729,0.9857752323150635,0.9435277581214905
YDL188C,YFR034C,0,-1.8800889,0.09458168596029282,0.9857752323150635,0.9436699748039246
YJR035W,YGR224W,0,-1.8802272,0.09456877410411835,0.9857752323150635,0.9438122510910034
YHL036W,YJL209W,0,-1.8804781,0.09455587714910507,0.9857752323150635,0.9439544677734375
YCL048W,YGR215W,0,-1.8820928,0.0945429727435112,0.9857752323150635,0.9440967440605164
YGL100W,YDR436W,0,-1.8821385,0.09453007578849792,0.9857752323150635,0.9442389607429504
YKL135C,YJL014W,0,-1.8835995,0.09451718628406525,0.9857752323150635,0.9443812370300293
YKR086W,YLR433C,0,-1.8842232,0.09450429677963257,0.9857752323150635,0.9445234537124634
YBL090W,YPR025C,1,-1.8850359,0.0946277603507042,0.9871976971626282,0.9445234537124634
YLL031C,YDL044C,0,-1.8859923,0.09461486339569092,0.9871976971626282,0.9446657299995422
YHR124W,YDL207W,0,-1.8863448,0.09460196644067764,0.9871976971626282,0.9448079466819763
YKL055C,YPL015C,0,-1.8865105,0.09458906948566437,0.9871976971626282,0.9449502229690552
YJR110W,YOR357C,0,-1.886558,0.09457617998123169,0.9871976971626282,0.9450924396514893
YMR163C,YOR150W,0,-1.8870063,0.09456329047679901,0.9871976971626282,0.9452347159385681
YDR490C,YGL155W,0,-1.8871993,0.09455040842294693,0.9871976971626282,0.9453769326210022
YDL079C,YBR168W,0,-1.8876913,0.09453752636909485,0.9871976971626282,0.945519208908081
YGL127C,YGR005C,0,-1.8879261,0.09452465176582336,0.9871976971626282,0.9456614255905151
YOR367W,YLR240W,0,-1.8884181,0.09451177716255188,0.9871976971626282,0.945803701877594
YDR479C,YJL148W,0,-1.8892465,0.09449891000986099,0.9871976971626282,0.9459459185600281
YGR154C,YDL098C,0,-1.8902204,0.0944860428571701,0.9871976971626282,0.9460881948471069
YDL236W,YDR217C,0,-1.8904867,0.09447318315505981,0.9871976971626282,0.946230411529541
YDR520C,YML064C,0,-1.8905456,0.09446032345294952,0.9871976971626282,0.9463726878166199
YDR511W,YNL246W,0,-1.8905785,0.09444747120141983,0.9871976971626282,0.9465149641036987
YLR288C,YMR030W,0,-1.8905982,0.09443461894989014,0.9871976971626282,0.9466571807861328
YDR143C,YMR268C,0,-1.8919694,0.09442176669836044,0.9871976971626282,0.9467994570732117
YBR152W,YMR293C,0,-1.8921432,0.09440892189741135,0.9871976971626282,0.9469416737556458
YPR049C,YML069W,0,-1.8934295,0.09439608454704285,0.9871976971626282,0.9470839500427246
YFL022C,YDR219C,0,-1.894473,0.09438324719667435,0.9871976971626282,0.9472261667251587
YLR181C,YER058W,0,-1.8945796,0.09437040984630585,0.9871976971626282,0.9473684430122375
YBR200W,YHR171W,0,-1.8948551,0.09435757994651794,0.9871976971626282,0.9475106596946716
YER033C,YKL108W,0,-1.8952718,0.09434475004673004,0.9871976971626282,0.9476529359817505
YGL104C,YER082C,0,-1.8962312,0.09433192759752274,0.9871976971626282,0.9477951526641846
YLR207W,YLR364W,0,-1.8963304,0.09431910514831543,0.9871976971626282,0.9479374289512634
YML115C,YMR306W,0,-1.8964627,0.09430629014968872,0.9871976971626282,0.9480796456336975
YLL042C,YDR004W,0,-1.8971542,0.09429347515106201,0.9871976971626282,0.9482219219207764
YCR094W,YLR201C,0,-1.8976228,0.0942806676030159,0.9871976971626282,0.9483641386032104
YJL033W,YLR424W,0,-1.8995736,0.09426786005496979,0.9871976971626282,0.9485064148902893
YJR102C,YJL072C,0,-1.8998346,0.09425505995750427,0.9871976971626282,0.9486486315727234
YGL013C,YPL001W,0,-1.9001517,0.09424225986003876,0.9871976971626282,0.9487909078598022
YOR144C,YKL132C,0,-1.9007286,0.09422946721315384,0.9871976971626282,0.9489331245422363
YIL167W,YOR334W,0,-1.9013842,0.09421667456626892,0.9871976971626282,0.9490754008293152
YHR123W,YPL084W,0,-1.9017637,0.094203881919384,0.9871976971626282,0.9492176175117493
YGR057C,YMR306W,0,-1.9021087,0.09419109672307968,0.9871976971626282,0.9493598937988281
YLR431C,YJR060W,0,-1.9021829,0.09417831152677536,0.9871976971626282,0.9495021104812622
YNL082W,YER044C-A,0,-1.9030793,0.09416553378105164,0.9871976971626282,0.9496443867683411
YNL250W,YBL080C,0,-1.9036075,0.09415276348590851,0.9871976971626282,0.9497866034507751
YOL072W,YER139C,0,-1.9037879,0.09413998574018478,0.9871976971626282,0.949928879737854
YGR044C,YHR153C,0,-1.9045937,0.09412722289562225,0.9871976971626282,0.9500710964202881
YBR109C,YKR089C,0,-1.9047487,0.09411445260047913,0.9871976971626282,0.9502133727073669
YNL049C,YJL100W,0,-1.9064162,0.09410169720649719,0.9871976971626282,0.950355589389801
YDR359C,YKL220C,0,-1.9066063,0.09408893436193466,0.9871976971626282,0.9504978656768799
YHR150W,YIL023C,0,-1.907893,0.09407618641853333,0.9871976971626282,0.9506401419639587
YDR520C,YIL098C,0,-1.9079974,0.09406343102455139,0.9871976971626282,0.9507823586463928
YBR160W,YDL072C,0,-1.9090457,0.09405068308115005,0.9871976971626282,0.9509246349334717
YPR025C,YER153C,1,-1.9095023,0.09417343884706497,0.9886202216148376,0.9509246349334717
YGL145W,YMR201C,0,-1.9131529,0.09416068345308304,0.9886202216148376,0.9510668516159058
YLR431C,YDL122W,0,-1.9142808,0.0941479280591011,0.9886202216148376,0.9512091279029846
YPR025C,YBL013W,1,-1.9143593,0.09427062422037125,0.9900426864624023,0.9512091279029846
YNL331C,YBR201W,0,-1.9147961,0.09425785392522812,0.9900426864624023,0.9513513445854187
YFL011W,YPL059W,0,-1.9152086,0.09424509108066559,0.9900426864624023,0.9514936208724976
YLL031C,YDR289C,0,-1.9153143,0.09423232823610306,0.9900426864624023,0.9516358375549316
YBR279W,YOR036W,0,-1.9157424,0.09421957284212112,0.9900426864624023,0.9517781138420105
YER021W,YJR089W,0,-1.9160581,0.09420682489871979,0.9900426864624023,0.9519203305244446
YBR023C,YPL046C,0,-1.9162948,0.09419406950473785,0.9900426864624023,0.9520626068115234
YPL111W,YKL134C,0,-1.9171745,0.09418132901191711,0.9900426864624023,0.9522048234939575
YOL023W,YDR117C,1,-1.917296,0.09430388361215591,0.991465151309967,0.9522048234939575
YNL054W,YDL003W,0,-1.9184214,0.09429112821817398,0.991465151309967,0.9523470997810364
YKL049C,YCR089W,0,-1.9185945,0.09427837282419205,0.991465151309967,0.9524893164634705
YDR200C,YFL011W,0,-1.9186316,0.09426561743021011,0.991465151309967,0.9526315927505493
YGR041W,YPR079W,0,-1.919175,0.09425287693738937,0.991465151309967,0.9527738094329834
YPR134W,YPR019W,0,-1.9194797,0.09424012899398804,0.991465151309967,0.9529160857200623
YCR098C,YCR097W,0,-1.9195968,0.0942273885011673,0.991465151309967,0.9530583024024963
YKR105C,YNL188W,0,-1.9200106,0.09421465545892715,0.991465151309967,0.9532005786895752
YLR247C,YNL323W,0,-1.9213841,0.09420192241668701,0.991465151309967,0.9533427953720093
YIR036C,YDL175C,0,-1.9220278,0.09418918937444687,0.991465151309967,0.9534850716590881
YKL010C,YPL232W,0,-1.9222181,0.09417646378278732,0.991465151309967,0.9536272883415222
YLR069C,YLR396C,0,-1.9225415,0.09416373819112778,0.991465151309967,0.9537695646286011
YDR021W,YNL148C,0,-1.9235681,0.09415102005004883,0.991465151309967,0.9539117813110352
YFL002C,YMR165C,0,-1.9273039,0.09413830190896988,0.991465151309967,0.954054057598114
YCL048W,YHL025W,0,-1.9283824,0.09412559121847153,0.991465151309967,0.9541962742805481
YGR091W,YNL310C,0,-1.9287148,0.09411288052797318,0.991465151309967,0.954338550567627
YOR249C,YPR046W,0,-1.9291263,0.09410017728805542,0.991465151309967,0.954480767250061
YDR117C,YER153C,1,-1.9291375,0.09422246366739273,0.9928876161575317,0.954480767250061
YBR217W,YPL133C,0,-1.9292793,0.09420974552631378,0.9928876161575317,0.9546230435371399
YCR091W,YCL016C,0,-1.9296291,0.09419702738523483,0.9928876161575317,0.9547653198242188
YPL045W,YHR091C,0,-1.9305407,0.09418432414531708,0.9928876161575317,0.9549075365066528
YGL245W,YLR117C,0,-1.9307822,0.09417161345481873,0.9928876161575317,0.9550498127937317
YLR320W,YMR052W,0,-1.9316674,0.09415891021490097,0.9928876161575317,0.9551920294761658
YCL010C,YMR101C,0,-1.9317365,0.09414620697498322,0.9928876161575317,0.9553343057632446
YBR091C,YOR250C,0,-1.9318912,0.09413351118564606,0.9928876161575317,0.9554765224456787
YHR107C,YGL128C,0,-1.9322293,0.0941208228468895,0.9928876161575317,0.9556187987327576
YMR289W,YCL033C,0,-1.9328781,0.09410812705755234,0.9928876161575317,0.9557610154151917
YGL058W,YGL250W,0,-1.9332441,0.09409544616937637,0.9928876161575317,0.9559032917022705
YJL036W,YNL329C,0,-1.9347501,0.09408275783061981,0.9928876161575317,0.9560455083847046
YJR135C,YLR459W,0,-1.9348423,0.09407008439302444,0.9928876161575317,0.9561877846717834
YPR105C,YDR130C,0,-1.9361272,0.09405740350484848,0.9928876161575317,0.9563300013542175
YCR069W,YPL008W,0,-1.9365036,0.09404473006725311,0.9928876161575317,0.9564722776412964
YDL065C,YCR036W,0,-1.9368838,0.09403206408023834,0.9928876161575317,0.9566144943237305
YLR085C,YLR214W,0,-1.9371169,0.09401939809322357,0.9928876161575317,0.9567567706108093
YIL145C,YER065C,0,-1.9377543,0.0940067321062088,0.9928876161575317,0.9568989872932434
YMR036C,YBR055C,0,-1.9385564,0.09399407356977463,0.9928876161575317,0.9570412635803223
YLL048C,YPR180W,0,-1.9387367,0.09398142248392105,0.9928876161575317,0.9571834802627563
YGL116W,YNL077W,0,-1.9392469,0.09396876394748688,0.9928876161575317,0.9573257565498352
YNL125C,YGL100W,0,-1.9400225,0.0939561203122139,0.9928876161575317,0.9574679732322693
YER139C,YOR034C,0,-1.9415199,0.09394346922636032,0.9928876161575317,0.9576102495193481
YBL019W,YPR175W,0,-1.941842,0.09393083304166794,0.9928876161575317,0.9577524662017822
YDR283C,YPR025C,1,-1.9419041,0.0940527468919754,0.9943100810050964,0.9577524662017822
YIL026C,YDR235W,0,-1.9422141,0.09404008835554123,0.9943100810050964,0.9578947424888611
YLL015W,YGL087C,0,-1.943295,0.09402744472026825,0.9943100810050964,0.9580369591712952
YBR123C,YDR058C,0,-1.9435562,0.09401479363441467,0.9943100810050964,0.958179235458374
YPL015C,YLR424W,0,-1.9438828,0.0940021499991417,0.9943100810050964,0.9583214521408081
YMR231W,YMR154C,0,-1.9446514,0.09398951381444931,0.9943100810050964,0.958463728427887
YKL089W,YBR005W,0,-1.9447359,0.09397687762975693,0.9943100810050964,0.958605945110321
YBR077C,YBR043C,0,-1.947418,0.09396424144506454,0.9943100810050964,0.9587482213973999
YOR174W,YGL025C,0,-1.9493988,0.09395161271095276,0.9943100810050964,0.9588904976844788
YML086C,YPR054W,0,-1.9512112,0.09393898397684097,0.9943100810050964,0.9590327143669128
YKL108W,YIL040W,0,-1.9513336,0.09392636269330978,0.9943100810050964,0.9591749906539917
YMR060C,YGL025C,0,-1.9535306,0.0939137414097786,0.9943100810050964,0.9593172073364258
YGR002C,YGL065C,0,-1.9552946,0.093901127576828,0.9943100810050964,0.9594594836235046
YDR078C,YOR036W,0,-1.9554648,0.09388851374387741,0.9943100810050964,0.9596017003059387
YDR252W,YLR117C,0,-1.9564537,0.09387590736150742,0.9943100810050964,0.9597439765930176
YBR033W,YJR043C,0,-1.9572699,0.09386330097913742,0.9943100810050964,0.9598861932754517
YGR076C,YKL026C,0,-1.9581795,0.09385069459676743,0.9943100810050964,0.9600284695625305
YDL165W,YLR260W,0,-1.959849,0.09383809566497803,0.9943100810050964,0.9601706862449646
YER030W,YNL148C,0,-1.9601487,0.09382550418376923,0.9943100810050964,0.9603129625320435
YDR362C,YBL038W,0,-1.9601558,0.09381291270256042,0.9943100810050964,0.9604551792144775
YDR484W,YOR306C,0,-1.9608845,0.09380032122135162,0.9943100810050964,0.9605974555015564
YDR216W,YMR257C,0,-1.9610376,0.09378773719072342,0.9943100810050964,0.9607396721839905
YHR186C,YML011C,0,-1.9617634,0.09377515316009521,0.9943100810050964,0.9608819484710693
YDR334W,YOL044W,0,-1.9630331,0.09376257658004761,0.9943100810050964,0.9610241651535034
YDL058W,YBL101C,0,-1.9635079,0.09375,0.9943100810050964,0.9611664414405823
YHR024C,YDL141W,0,-1.9653813,0.09373743087053299,0.9943100810050964,0.9613086581230164
YGL144C,YLR011W,0,-1.9657739,0.09372486174106598,0.9943100810050964,0.9614509344100952
YPR131C,YKL089W,0,-1.9664984,0.09371229261159897,0.9943100810050964,0.9615931510925293
YBR164C,YPL270W,0,-1.9689038,0.09369973093271255,0.9943100810050964,0.9617354273796082
YJR150C,YNL218W,0,-1.9720411,0.09368717670440674,0.9943100810050964,0.9618776440620422
YJR102C,YLR205C,0,-1.9728093,0.09367461502552032,0.9943100810050964,0.9620199203491211
YIL011W,YDR317W,0,-1.9737463,0.0936620682477951,0.9943100810050964,0.9621621370315552
YGR133W,YOR075W,0,-1.9740195,0.09364951401948929,0.9943100810050964,0.962304413318634
YHR037W,YBL102W,0,-1.9751289,0.09363697469234467,0.9943100810050964,0.9624466300010681
YNL106C,YNL158W,0,-1.9754509,0.09362442791461945,0.9943100810050964,0.962588906288147
YLR090W,YNL316C,0,-1.9755824,0.09361189603805542,0.9943100810050964,0.962731122970581
YDL164C,YPL047W,0,-1.9762799,0.0935993567109108,0.9943100810050964,0.9628733992576599
YHR023W,YBR240C,0,-1.97809,0.09358682483434677,0.9943100810050964,0.9630156755447388
YGR120C,YER075C,0,-1.9781288,0.09357430040836334,0.9943100810050964,0.9631578922271729
YLR382C,YFL055W,0,-1.9785118,0.09356176853179932,0.9943100810050964,0.9633001685142517
YHR147C,YBL017C,0,-1.9792397,0.09354925155639648,0.9943100810050964,0.9634423851966858
YGL192W,YJL063C,0,-1.9794035,0.09353673458099365,0.9943100810050964,0.9635846614837646
YAR033W,YBL088C,0,-1.9816004,0.09352421760559082,0.9943100810050964,0.9637268781661987
YMR164C,YLR045C,0,-1.9818798,0.09351170808076859,0.9943100810050964,0.9638691544532776
YNL059C,YGL016W,0,-1.982678,0.09349919855594635,0.9943100810050964,0.9640113711357117
YDR437W,YFL055W,0,-1.984266,0.09348668903112411,0.9943100810050964,0.9641536474227905
YPR199C,YDR237W,0,-1.9852216,0.09347419440746307,0.9943100810050964,0.9642958641052246
YPR049C,YPL084W,0,-1.9861239,0.09346169233322144,0.9943100810050964,0.9644381403923035
YGL018C,YFL025C,0,-1.9878936,0.0934491977095604,0.9943100810050964,0.9645803570747375
YCR079W,YDR291W,0,-1.9887668,0.09343670308589935,0.9943100810050964,0.9647226333618164
YGL006W,YJR135C,0,-1.9911397,0.09342421591281891,0.9943100810050964,0.9648648500442505
YOR064C,YGR062C,0,-1.9911647,0.09341173619031906,0.9943100810050964,0.9650071263313293
YBR264C,YBR245C,0,-1.9917803,0.09339924901723862,0.9943100810050964,0.9651493430137634
YPR178W,YDR135C,0,-1.993089,0.09338677674531937,0.9943100810050964,0.9652916193008423
YIL013C,YDL154W,0,-1.9940175,0.09337429702281952,0.9943100810050964,0.9654338359832764
YMR128W,YOL132W,0,-1.9948821,0.09336182475090027,0.9943100810050964,0.9655761122703552
YLL048C,YJL036W,0,-1.9950274,0.09334935992956161,0.9943100810050964,0.9657183289527893
YHL022C,YPR009W,0,-1.9953519,0.09333689510822296,0.9943100810050964,0.9658606052398682
YPL124W,YBR040W,0,-1.9958887,0.09332443028688431,0.9943100810050964,0.9660028219223022
YGR096W,YDL087C,0,-1.9960473,0.09331197291612625,0.9943100810050964,0.9661450982093811
YLR210W,YOL060C,0,-1.9961398,0.09329952299594879,0.9943100810050964,0.9662873148918152
YLR067C,YIL153W,0,-1.9968469,0.09328706562519073,0.9943100810050964,0.966429591178894
YNL125C,YPR031W,0,-1.9971929,0.09327462315559387,0.9943100810050964,0.9665718078613281
YJL127C,YDL240W,0,-1.9971937,0.09326217323541641,0.9943100810050964,0.966714084148407
YPL164C,YNR026C,0,-1.9991689,0.09324973076581955,0.9943100810050964,0.9668563008308411
YLR306W,YML088W,0,-1.9992297,0.09323729574680328,0.9943100810050964,0.9669985771179199
YGL208W,YER127W,0,-1.999478,0.09322486072778702,0.9943100810050964,0.9671408534049988
YJL074C,YBR272C,0,-2.0005965,0.09321242570877075,0.9943100810050964,0.9672830700874329
YDL209C,YJR131W,0,-2.0006104,0.09319999814033508,0.9943100810050964,0.9674253463745117
YDL085W,YPL178W,0,-2.001129,0.09318757802248001,0.9943100810050964,0.9675675630569458
YER095W,YNR023W,0,-2.0012903,0.09317515045404434,0.9943100810050964,0.9677098393440247
YFL056C,YHR024C,0,-2.0029905,0.09316273778676987,0.9943100810050964,0.9678520560264587
YCR024C,YJL186W,0,-2.0058618,0.0931503176689148,0.9943100810050964,0.9679943323135376
YFR046C,YBR203W,0,-2.0062153,0.09313790500164032,0.9943100810050964,0.9681365489959717
YER146W,YDR003W,0,-2.0069332,0.09312549978494644,0.9943100810050964,0.9682788252830505
YBR152W,YCR044C,0,-2.007037,0.09311309456825256,0.9943100810050964,0.9684210419654846
YPL190C,YDL127W,0,-2.0071845,0.09310068935155869,0.9943100810050964,0.9685633182525635
YOL018C,YGL139W,0,-2.0072353,0.0930882915854454,0.9943100810050964,0.9687055349349976
YMR037C,YNR019W,0,-2.0112927,0.09307590126991272,0.9943100810050964,0.9688478112220764
YOL007C,YDR022C,0,-2.013887,0.09306350350379944,0.9943100810050964,0.9689900279045105
YDL223C,YGR215W,0,-2.015269,0.09305112063884735,0.9943100810050964,0.9691323041915894
YDR478W,YDL149W,0,-2.0163043,0.09303873032331467,0.9943100810050964,0.9692745208740234
YFL056C,YLR154C,0,-2.0165222,0.09302634745836258,0.9943100810050964,0.9694167971611023
YHR006W,YOR368W,0,-2.017868,0.09301397204399109,0.9943100810050964,0.9695590138435364
YNL119W,YLR144C,0,-2.018704,0.0930015966296196,0.9943100810050964,0.9697012901306152
YDR244W,YGL227W,0,-2.0207767,0.09298922121524811,0.9943100810050964,0.9698435068130493
YMR044W,YOL060C,0,-2.0213509,0.09297685325145721,0.9943100810050964,0.9699857831001282
YDR463W,YGL145W,0,-2.022204,0.09296449273824692,0.9943100810050964,0.9701279997825623
YOR070C,YNL088W,0,-2.0242057,0.09295212477445602,0.9943100810050964,0.9702702760696411
YOR030W,YNL119W,0,-2.02673,0.09293977171182632,0.9943100810050964,0.9704124927520752
YDL239C,YDR279W,0,-2.0271242,0.09292741119861603,0.9943100810050964,0.970554769039154
YMR023C,YMR183C,0,-2.0284016,0.09291505813598633,0.9943100810050964,0.9706969857215881
YLR246W,YPL046C,0,-2.0287788,0.09290271252393723,0.9943100810050964,0.970839262008667
YPR025C,YPL118W,1,-2.0290196,0.09302325546741486,0.9957325458526611,0.970839262008667
YDL189W,YPL046C,0,-2.0291643,0.09301089495420456,0.9957325458526611,0.9709814786911011
YLR039C,YER083C,0,-2.029461,0.09299854189157486,0.9957325458526611,0.9711237549781799
YOR368W,YML072C,0,-2.0296009,0.09298618137836456,0.9957325458526611,0.9712660312652588
YMR109W,YKR029C,0,-2.0296516,0.09297383576631546,0.9957325458526611,0.9714082479476929
YDR312W,YHR178W,0,-2.0306168,0.09296149015426636,0.9957325458526611,0.9715505242347717
YML064C,YDR084C,0,-2.0314932,0.09294914454221725,0.9957325458526611,0.9716927409172058
YKL125W,YGR278W,0,-2.0357122,0.09293680638074875,0.9957325458526611,0.9718350172042847
YNL254C,YHR115C,0,-2.035792,0.09292446821928024,0.9957325458526611,0.9719772338867188
YIR009W,YHL028W,0,-2.0367672,0.09291213005781174,0.9957325458526611,0.9721195101737976
YDR363W-A,YHR166C,0,-2.036864,0.09289979934692383,0.9957325458526611,0.9722617268562317
YLR453C,YMR127C,0,-2.0372672,0.09288747608661652,0.9957325458526611,0.9724040031433105
YGL124C,YBR207W,0,-2.0414715,0.0928751528263092,0.9957325458526611,0.9725462198257446
YGL006W,YLR362W,0,-2.041854,0.09286282956600189,0.9957325458526611,0.9726884961128235
YOR003W,YOR308C,0,-2.0423436,0.09285051375627518,0.9957325458526611,0.9728307127952576
YOR067C,YNL053W,0,-2.0426514,0.09283819794654846,0.9957325458526611,0.9729729890823364
YHR186C,YIL044C,0,-2.0436368,0.09282588213682175,0.9957325458526611,0.9731152057647705
YPR079W,YBR265W,0,-2.0446033,0.09281357377767563,0.9957325458526611,0.9732574820518494
YBR231C,YDL017W,0,-2.04648,0.09280127286911011,0.9957325458526611,0.9733996987342834
YNL275W,YPL203W,0,-2.0471091,0.09278897196054459,0.9957325458526611,0.9735419750213623
YGL098W,YAR042W,0,-2.047728,0.09277667105197906,0.9957325458526611,0.9736841917037964
YHR128W,YPL203W,0,-2.0486493,0.09276437759399414,0.9957325458526611,0.9738264679908752
YBR168W,YLR328W,0,-2.0493786,0.09275208413600922,0.9957325458526611,0.9739686846733093
YLR147C,YOR258W,0,-2.0494313,0.09273979812860489,0.9957325458526611,0.9741109609603882
YJR077C,YJL051W,0,-2.0497973,0.09272751212120056,0.9957325458526611,0.9742531776428223
YOR018W,YNR026C,0,-2.0504231,0.09271523356437683,0.9957325458526611,0.9743954539299011
YBR119W,YBR057C,0,-2.0540836,0.0927029550075531,0.9957325458526611,0.9745376706123352
YNL177C,YMR154C,0,-2.0545316,0.09269067645072937,0.9957325458526611,0.9746799468994141
YKL208W,YAL062W,0,-2.0547166,0.09267840534448624,0.9957325458526611,0.9748221635818481
YOL001W,YPR079W,0,-2.0563812,0.0926661342382431,0.9957325458526611,0.974964439868927
YBR133C,YOL060C,0,-2.0572495,0.09265387058258057,0.9957325458526611,0.9751066565513611
YCL010C,YNR022C,0,-2.0579777,0.09264160692691803,0.9957325458526611,0.9752489328384399
YMR283C,YDL149W,0,-2.0591428,0.09262935072183609,0.9957325458526611,0.9753912091255188
YOR058C,YEL015W,0,-2.0599248,0.09261709451675415,0.9957325458526611,0.9755334258079529
YKR062W,YDR301W,0,-2.0606525,0.09260483831167221,0.9957325458526611,0.9756757020950317
YER149C,YOL032W,0,-2.0627449,0.09259258955717087,0.9957325458526611,0.9758179187774658
YLL022C,YDR511W,0,-2.0639257,0.09258034825325012,0.9957325458526611,0.9759601950645447
YGR003W,YNL222W,0,-2.0645044,0.09256810694932938,0.9957325458526611,0.9761024117469788
YJL002C,YDR301W,0,-2.066442,0.09255586564540863,0.9957325458526611,0.9762446880340576
YPL181W,YKR090W,0,-2.067311,0.09254362434148788,0.9957325458526611,0.9763869047164917
YGL130W,YGL219C,0,-2.069377,0.09253139793872833,0.9957325458526611,0.9765291810035706
YLR035C,YBL046W,0,-2.0702734,0.09251916408538818,0.9957325458526611,0.9766713976860046
YOL033W,YGR099W,0,-2.0720367,0.09250693768262863,0.9957325458526611,0.9768136739730835
YBR060C,YDR031W,0,-2.0737658,0.09249471127986908,0.9957325458526611,0.9769558906555176
YOL088C,YBL009W,0,-2.0743787,0.09248249232769012,0.9957325458526611,0.9770981669425964
YGL175C,YDR315C,0,-2.0752935,0.09247028082609177,0.9957325458526611,0.9772403836250305
YOL094C,YGR202C,0,-2.0761955,0.09245806187391281,0.9957325458526611,0.9773826599121094
YLL021W,YBL047C,0,-2.0763123,0.09244585037231445,0.9957325458526611,0.9775248765945435
YKL108W,YPL159C,0,-2.0765474,0.09243364632129669,0.9957325458526611,0.9776671528816223
YNL272C,YIR013C,0,-2.0789475,0.09242144227027893,0.9957325458526611,0.9778093695640564
YNL082W,YDR022C,0,-2.0792658,0.09240923821926117,0.9957325458526611,0.9779516458511353
YJL047C,YLR263W,0,-2.079427,0.092397041618824,0.9957325458526611,0.9780938625335693
YAL010C,YBR123C,0,-2.079489,0.09238485246896744,0.9957325458526611,0.9782361388206482
YOR358W,YNL256W,0,-2.0808177,0.09237265586853027,0.9957325458526611,0.9783783555030823
YKR053C,YOR179C,0,-2.0815854,0.0923604667186737,0.9957325458526611,0.9785206317901611
YBR060C,YIL017C,0,-2.085538,0.09234828501939774,0.9957325458526611,0.9786628484725952
YJR010C-A,YDR323C,0,-2.086836,0.09233610332012177,0.9957325458526611,0.9788051247596741
YPR141C,YJR160C,0,-2.0882301,0.0923239216208458,0.9957325458526611,0.9789473414421082
YKR009C,YAL032C,0,-2.0885885,0.09231174737215042,0.9957325458526611,0.979089617729187
YBR253W,YLR011W,0,-2.08876,0.09229958057403564,0.9957325458526611,0.9792318344116211
YER100W,YPL133C,0,-2.0889657,0.09228740632534027,0.9957325458526611,0.9793741106987
YJL184W,YOL110W,0,-2.0915575,0.09227524697780609,0.9957325458526611,0.9795163869857788
YGL243W,YOR193W,0,-2.0918298,0.09226308017969131,0.9957325458526611,0.9796586036682129
YKL196C,YDL115C,0,-2.0948064,0.09225092083215714,0.9957325458526611,0.9798008799552917
YJL115W,YKR029C,0,-2.095343,0.09223876893520355,0.9957325458526611,0.9799430966377258
YNL077W,YPL246C,0,-2.0970542,0.09222661703824997,0.9957325458526611,0.9800853729248047
YJR135C,YGR007W,0,-2.097141,0.09221446514129639,0.9957325458526611,0.9802275896072388
YOL001W,YLL036C,0,-2.0976956,0.0922023206949234,0.9957325458526611,0.9803698658943176
YDR482C,YBR175W,0,-2.0987496,0.09219017624855042,0.9957325458526611,0.9805120825767517
YOL100W,YDL226C,0,-2.0988796,0.09217803180217743,0.9957325458526611,0.9806543588638306
YDR358W,YAL051W,0,-2.1004243,0.09216590225696564,0.9957325458526611,0.9807965755462646
YPL228W,YJL035C,0,-2.1016803,0.09215376526117325,0.9957325458526611,0.9809388518333435
YCL063W,YKR058W,0,-2.1036885,0.09214163571596146,0.9957325458526611,0.9810810685157776
YNL039W,YDR153C,0,-2.1049273,0.09212950617074966,0.9957325458526611,0.9812233448028564
YMR139W,YHR178W,0,-2.106314,0.09211738407611847,0.9957325458526611,0.9813655614852905
YBR290W,YLR385C,0,-2.1092236,0.09210526198148727,0.9957325458526611,0.9815078377723694
YGR109C,YBR203W,0,-2.1099534,0.09209314733743668,0.9957325458526611,0.9816500544548035
YLR377C,YFR042W,0,-2.1106637,0.09208103269338608,0.9957325458526611,0.9817923307418823
YGR261C,YLR423C,0,-2.1111104,0.09206891804933548,0.9957325458526611,0.9819345474243164
YGL243W,YNL142W,0,-2.1140487,0.09205681085586548,0.9957325458526611,0.9820768237113953
YPL181W,YJR150C,0,-2.1140552,0.09204471111297607,0.9957325458526611,0.9822190403938293
YKL089W,YOR363C,0,-2.1149142,0.09203260391950607,0.9957325458526611,0.9823613166809082
YMR268C,YKR046C,0,-2.1151638,0.09202050417661667,0.9957325458526611,0.9825035333633423
YPL033C,YLR081W,0,-2.1173084,0.09200841188430786,0.9957325458526611,0.9826458096504211
YDL049C,YDR163W,0,-2.122828,0.09199631959199905,0.9957325458526611,0.9827880263328552
YPL029W,YOL065C,0,-2.1259725,0.09198423475027084,0.9957325458526611,0.9829303026199341
YGR104C,YGL251C,0,-2.1267421,0.09197214245796204,0.9957325458526611,0.9830725193023682
YFR008W,YLR128W,0,-2.1284878,0.09196006506681442,0.9957325458526611,0.983214795589447
YDL030W,YNR032W,0,-2.129567,0.09194798022508621,0.9957325458526611,0.9833570122718811
YNL012W,YJL154C,0,-2.133001,0.0919359102845192,0.9957325458526611,0.98349928855896
YGR109C,YDL091C,0,-2.1330814,0.09192383289337158,0.9957325458526611,0.9836415648460388
YJR067C,YIR036C,0,-2.1334887,0.09191176295280457,0.9957325458526611,0.9837837815284729
YNL317W,YDR235W,0,-2.1386964,0.09189970046281815,0.9957325458526611,0.9839260578155518
YPL181W,YPR066W,0,-2.139277,0.09188763797283173,0.9957325458526611,0.9840682744979858
YMR313C,YJR050W,0,-2.1403537,0.0918755754828453,0.9957325458526611,0.9842105507850647
YPR032W,YER031C,0,-2.1403937,0.09186352044343948,0.9957325458526611,0.9843527674674988
YDR058C,YMR060C,0,-2.1417909,0.09185146540403366,0.9957325458526611,0.9844950437545776
YPR025C,YPR086W,1,-2.141914,0.09197061508893967,0.9971550703048706,0.9844950437545776
YNR008W,YCR066W,0,-2.142355,0.09195854514837265,0.9971550703048706,0.9846372604370117
YNL152W,YLR319C,0,-2.1441014,0.09194648265838623,0.9971550703048706,0.9847795367240906
YMR076C,YGL210W,0,-2.1451554,0.09193442761898041,0.9971550703048706,0.9849217534065247
YGR140W,YDR501W,0,-2.147694,0.09192237257957458,0.9971550703048706,0.9850640296936035
YML009C,YHR006W,0,-2.1485438,0.09191031754016876,0.9971550703048706,0.9852062463760376
YGL219C,YIR002C,0,-2.1507843,0.09189826995134354,0.9971550703048706,0.9853485226631165
YDL166C,YDL085W,0,-2.151867,0.09188622236251831,0.9971550703048706,0.9854907393455505
YKR090W,YKL149C,0,-2.1551738,0.09187418222427368,0.9971550703048706,0.9856330156326294
YMR164C,YLR212C,0,-2.1623335,0.09186214208602905,0.9971550703048706,0.9857752323150635
YOL072W,YLR013W,0,-2.1623406,0.09185010194778442,0.9971550703048706,0.9859175086021423
YKL055C,YHR011W,0,-2.1635096,0.09183806926012039,0.9971550703048706,0.9860597252845764
YKL113C,YIL101C,0,-2.1648982,0.09182604402303696,0.9971550703048706,0.9862020015716553
YKL087C,YBR295W,0,-2.1668108,0.09181401133537292,0.9971550703048706,0.9863442182540894
YKL005C,YHR160C,0,-2.1673005,0.09180199354887009,0.9971550703048706,0.9864864945411682
YJL137C,YKR029C,0,-2.1693873,0.09178996831178665,0.9971550703048706,0.9866287112236023
YLR205C,YOR278W,0,-2.169868,0.09177795052528381,0.9971550703048706,0.9867709875106812
YNR008W,YOR005C,0,-2.1724713,0.09176594018936157,0.9971550703048706,0.9869132041931152
YOR068C,YHR153C,0,-2.1732087,0.09175392985343933,0.9971550703048706,0.9870554804801941
YOR156C,YJR113C,0,-2.1734946,0.09174191951751709,0.9971550703048706,0.9871976971626282
YBL021C,YHR153C,0,-2.1743193,0.09172991663217545,0.9971550703048706,0.987339973449707
YOL148C,YGL226W,0,-2.1785464,0.0917179137468338,0.9971550703048706,0.9874821901321411
YLR431C,YBL103C,0,-2.1792073,0.09170591086149216,0.9971550703048706,0.98762446641922
YDL214C,YPL153C,0,-2.1842415,0.09169391542673111,0.9971550703048706,0.9877667427062988
YGL018C,YLR234W,0,-2.1857357,0.09168192744255066,0.9971550703048706,0.9879089593887329
YKL006C-A,YDR515W,0,-2.1882715,0.09166993945837021,0.9971550703048706,0.9880512356758118
YNL082W,YDL087C,0,-2.189384,0.09165795147418976,0.9971550703048706,0.9881934523582458
YOL094C,YKR029C,0,-2.1902819,0.09164596349000931,0.9971550703048706,0.9883357286453247
YDR482C,YDR323C,0,-2.1935728,0.09163399040699005,0.9971550703048706,0.9884779453277588
YDL159W,YLR336C,0,-2.1988235,0.0916220098733902,0.9971550703048706,0.9886202216148376
YNL012W,YNR048W,0,-2.1993022,0.09161003679037094,0.9971550703048706,0.9887624382972717
YBL023C,YCL048W,0,-2.1997004,0.09159806370735168,0.9971550703048706,0.9889047145843506
YKR062W,YML011C,0,-2.2004833,0.09158609807491302,0.9971550703048706,0.9890469312667847
YKL045W,YMR094W,0,-2.2025461,0.09157413244247437,0.9971550703048706,0.9891892075538635
YCR105W,YBR019C,0,-2.203177,0.0915621742606163,0.9971550703048706,0.9893314242362976
YDR316W,YIL153W,0,-2.2038143,0.09155021607875824,0.9971550703048706,0.9894737005233765
YER161C,YDR503C,0,-2.2047753,0.09153825789690018,0.9971550703048706,0.9896159172058105
YOL023W,YPR025C,1,-2.205082,0.0916568711400032,0.9985775351524353,0.9896159172058105
YJR033C,YHR149C,0,-2.2058253,0.09164490550756454,0.9985775351524353,0.9897581934928894
YKL188C,YCR065W,0,-2.2092097,0.09163294732570648,0.9985775351524353,0.9899004101753235
YAR018C,YGL086W,0,-2.2121978,0.09162098914384842,0.9985775351524353,0.9900426864624023
YER033C,YDR194C,0,-2.2128787,0.09160903096199036,0.9985775351524353,0.9901849031448364
YHR124W,YDR228C,0,-2.2137635,0.09159708023071289,0.9985775351524353,0.9903271794319153
YOR354C,YAL062W,0,-2.215762,0.09158512949943542,0.9985775351524353,0.9904693961143494
YBR136W,YIR008C,0,-2.2166688,0.09157317876815796,0.9985775351524353,0.9906116724014282
YOL011W,YLR418C,0,-2.2175057,0.09156123548746109,0.9985775351524353,0.9907538890838623
YMR014W,YMR017W,0,-2.2181666,0.09154929220676422,0.9985775351524353,0.9908961653709412
YNR023W,YDR255C,0,-2.2215705,0.09153735637664795,0.9985775351524353,0.9910383820533752
YOL148C,YOR017W,0,-2.2256978,0.09152542054653168,0.9985775351524353,0.9911806583404541
YAL034W-A,YPL155C,0,-2.225782,0.091513492166996,0.9985775351524353,0.9913228750228882
YLR246W,YGL064C,0,-2.2268555,0.09150156378746033,0.9985775351524353,0.991465151309967
YPL008W,YMR263W,0,-2.2281291,0.09148963540792465,0.9985775351524353,0.9916073679924011
YNL183C,YOR362C,0,-2.2385006,0.09147771447896957,0.9985775351524353,0.99174964427948
YER015W,YHR129C,0,-2.2486835,0.09146580100059509,0.9985775351524353,0.9918919205665588
YML076C,YBR057C,0,-2.249881,0.09145388007164001,0.9985775351524353,0.9920341372489929
YPR018W,YDL091C,0,-2.251018,0.09144196659326553,0.9985775351524353,0.9921764135360718
YKR077W,YMR154C,0,-2.2515347,0.09143006056547165,0.9985775351524353,0.9923186302185059
YLR411W,YBR050C,0,-2.2515523,0.09141815453767776,0.9985775351524353,0.9924609065055847
YKR007W,YDR314C,0,-2.254093,0.09140624850988388,0.9985775351524353,0.9926031231880188
YOR026W,YDR330W,0,-2.2549453,0.0913943499326706,0.9985775351524353,0.9927453994750977
YGL205W,YGL240W,0,-2.2563686,0.0913824513554573,0.9985775351524353,0.9928876161575317
YDL044C,YDL240W,0,-2.264306,0.09137056022882462,0.9985775351524353,0.9930298924446106
YGL064C,YMR154C,0,-2.2644048,0.09135866910219193,0.9985775351524353,0.9931721091270447
YDL085W,YPL072W,0,-2.2661657,0.09134677797555923,0.9985775351524353,0.9933143854141235
YIL030C,YDR386W,0,-2.27295,0.09133489429950714,0.9985775351524353,0.9934566020965576
YHR101C,YLR373C,0,-2.2754138,0.09132301062345505,0.9985775351524353,0.9935988783836365
YKR007W,YNL312W,0,-2.2838445,0.09131113439798355,0.9985775351524353,0.9937410950660706
YIL097W,YFR028C,0,-2.2900958,0.09129925817251205,0.9985775351524353,0.9938833713531494
YCL061C,YML072C,0,-2.2996004,0.09128738939762115,0.9985775351524353,0.9940255880355835
YDL209C,YDR085C,0,-2.3028483,0.09127551317214966,0.9985775351524353,0.9941678643226624
YOL009C,YNL041C,0,-2.3033104,0.09126365184783936,0.9985775351524353,0.9943100810050964
YNL093W,YBR265W,0,-2.307996,0.09125179052352905,0.9985775351524353,0.9944523572921753
YDR163W,YJR131W,0,-2.308831,0.09123992919921875,0.9985775351524353,0.9945945739746094
YBR213W,YHR166C,0,-2.3145356,0.09122806787490845,0.9985775351524353,0.9947368502616882
YDR463W,YNL216W,0,-2.3203921,0.09121621400117874,0.9985775351524353,0.9948790669441223
YGR041W,YKL089W,0,-2.3302636,0.09120436757802963,0.9985775351524353,0.9950213432312012
YGL213C,YNL250W,0,-2.3317552,0.09119252115488052,0.9985775351524353,0.9951635599136353
YDR362C,YOR077W,0,-2.3395169,0.09118067473173141,0.9985775351524353,0.9953058362007141
YOL044W,YKR077W,0,-2.3397217,0.0911688283085823,0.9985775351524353,0.9954480528831482
YOR059C,YBR070C,0,-2.340784,0.0911569893360138,0.9985775351524353,0.995590329170227
YOR358W,YLL031C,0,-2.3453484,0.09114515781402588,0.9985775351524353,0.9957325458526611
YLR115W,YOL042W,0,-2.346204,0.09113332629203796,0.9985775351524353,0.99587482213974
YPL227C,YDR022C,0,-2.3478675,0.09112149477005005,0.9985775351524353,0.9960170984268188
YMR313C,YHR167W,0,-2.3487701,0.09110967069864273,0.9985775351524353,0.9961593151092529
YAL010C,YPR120C,0,-2.351262,0.09109784662723541,0.9985775351524353,0.9963015913963318
YOL009C,YMR287C,0,-2.3569856,0.0910860225558281,0.9985775351524353,0.9964438080787659
YNL185C,YLR035C,0,-2.3573518,0.09107420593500137,0.9985775351524353,0.9965860843658447
YMR233W,YER169W,0,-2.3662121,0.09106239676475525,0.9985775351524353,0.9967283010482788
YNL076W,YKR089C,0,-2.3669496,0.09105058014392853,0.9985775351524353,0.9968705773353577
YPR025C,YMR282C,1,-2.368628,0.09116846323013306,1.0,0.9968705773353577
YDR478W,YMR037C,0,-2.3705654,0.09115663915872574,1.0,0.9970127940177917
YOL078W,YMR154C,0,-2.3749328,0.09114482253789902,1.0,0.9971550703048706
YMR014W,YKL034W,0,-2.376382,0.0911330059170723,1.0,0.9972972869873047
YDR501W,YGL025C,0,-2.3837,0.09112118929624557,1.0,0.9974395632743835
YBR055C,YBR290W,0,-2.3852923,0.09110938012599945,1.0,0.9975817799568176
YDR482C,YIR008C,0,-2.3901613,0.09109757840633392,1.0,0.9977240562438965
YKL012W,YDR264C,0,-2.3954875,0.0910857766866684,1.0,0.9978662729263306
YNL012W,YPR100W,0,-2.4365273,0.09107397496700287,1.0,0.9980085492134094
YOR255W,YDR437W,0,-2.4512758,0.09106217324733734,1.0,0.9981507658958435
YPL190C,YPR046W,0,-2.4922478,0.09105037897825241,1.0,0.9982930421829224
YDR123C,YMR197C,0,-2.5041726,0.09103859215974808,1.0,0.9984352588653564
YGL017W,YLR127C,0,-2.5129025,0.09102680534124374,1.0,0.9985775351524353
YGR057C,YLL015W,0,-2.5211177,0.09101501852273941,1.0,0.9987197518348694
YLR369W,YPL133C,0,-2.5216916,0.09100323915481567,1.0,0.9988620281219482
YKL012W,YKR090W,0,-2.5660121,0.09099145978689194,1.0,0.9990042448043823
YKL173W,YNL041C,0,-2.591551,0.0909796804189682,1.0,0.9991465210914612
YDR479C,YJL033W,0,-2.6167145,0.09096790850162506,1.0,0.9992887377738953
YLR369W,YKL005C,0,-2.6225638,0.09095613658428192,1.0,0.9994310140609741
YKL138C,YIL073C,0,-2.634432,0.09094437211751938,1.0,0.9995732307434082
YCR027C,YHR150W,0,-2.643299,0.09093260765075684,1.0,0.9997155070304871
YDL159W,YNL311C,0,-2.718868,0.09092085063457489,1.0,0.9998577237129211
YHR124W,YDR113C,0,-2.9113646,0.09090909361839294,1.0,1.0
