Gene A,Gene B,Label,Score,Precision,Recall,False Positive Rate
YMR186W,YBR169C,1,12.768862,1.0,0.0009970089886337519,0.0
YBR072W,YJR064W,1,11.937094,1.0,0.0019940179772675037,0.0
YOR027W,YML130C,1,11.9338455,1.0,0.0029910269659012556,0.0
YDL144C,YGR116W,0,11.714834,0.75,0.0029910269659012556,0.00010003001079894602
YLL026W,YJL111W,1,11.429085,0.800000011920929,0.0039880359545350075,0.00010003001079894602
YPL240C,YLR449W,1,11.265385,0.8333333134651184,0.004985044710338116,0.00010003001079894602
YNL209W,YDR214W,1,11.106704,0.8571428656578064,0.005982053931802511,0.00010003001079894602
YNL162W,YFL044C,0,11.068214,0.75,0.005982053931802511,0.00020006002159789205
YOR027W,YNL064C,1,11.018366,0.7777777910232544,0.006979062687605619,0.00020006002159789205
YMR186W,YDR214W,1,10.814955,0.800000011920929,0.007976071909070015,0.00020006002159789205
YBR001C,YDL184C,0,10.491671,0.7272727489471436,0.007976071909070015,0.00030009003239683807
YAL021C,YDR166C,0,10.471159,0.6666666865348816,0.007976071909070015,0.0004001200431957841
YOR027W,YER103W,1,10.439336,0.692307710647583,0.008973080664873123,0.0004001200431957841
YJL117W,YBR169C,1,10.397583,0.7142857313156128,0.009970089420676231,0.0004001200431957841
YER103W,YLL024C,1,10.3046875,0.7333333492279053,0.010967099107801914,0.0004001200431957841
YJR045C,YLL026W,1,10.28882,0.75,0.011964107863605022,0.0004001200431957841
YDR258C,YEL003W,1,10.254995,0.7647058963775635,0.01296111661940813,0.0004001200431957841
YLL026W,YLR259C,1,10.17795,0.7777777910232544,0.013958125375211239,0.0004001200431957841
YDR258C,YHR064C,1,10.039398,0.7894737124443054,0.014955134131014347,0.0004001200431957841
YOR027W,YGR285C,1,10.001342,0.800000011920929,0.01595214381814003,0.0004001200431957841
YHR193C,YLL026W,1,9.940407,0.8095238208770752,0.016949152573943138,0.0004001200431957841
YBR072W,YOR027W,1,9.893314,0.8181818127632141,0.017946161329746246,0.0004001200431957841
YER103W,YOR232W,1,9.7759495,0.8260869383811951,0.018943170085549355,0.0004001200431957841
YML130C,YBR169C,1,9.70054,0.8333333134651184,0.019940178841352463,0.0004001200431957841
YFL016C,YDR214W,1,9.588938,0.8399999737739563,0.02093718759715557,0.0004001200431957841
YLR216C,YHR193C,1,9.586507,0.8461538553237915,0.02193419821560383,0.0004001200431957841
YLR370C,YPR132W,0,9.576441,0.8148148059844971,0.02193419821560383,0.0005001500248908997
YOR232W,YPL240C,1,9.571937,0.8214285969734192,0.022931206971406937,0.0005001500248908997
YOR027W,YAL005C,1,9.508468,0.8275862336158752,0.023928215727210045,0.0005001500248908997
YMR139W,YPL143W,0,9.442823,0.800000011920929,0.023928215727210045,0.0006001800647936761
YOR027W,YJL111W,1,9.351713,0.8064516186714172,0.024925224483013153,0.0006001800647936761
YDR214W,YOR020C,1,9.344846,0.8125,0.02592223323881626,0.0006001800647936761
YLR259C,YOL088C,1,9.336468,0.8181818127632141,0.02691924199461937,0.0006001800647936761
YNL006W,YNL007C,1,9.3305435,0.8235294222831726,0.027916250750422478,0.0006001800647936761
YHR142W,YNL007C,1,9.286995,0.8285714387893677,0.028913259506225586,0.0006001800647936761
YDR258C,YNL064C,1,9.250507,0.8333333134651184,0.029910268262028694,0.0006001800647936761
YMR186W,YOR027W,1,9.198779,0.837837815284729,0.03090727888047695,0.0006001800647936761
YJR059W,YGL031C,0,9.168804,0.8157894611358643,0.03090727888047695,0.0007002100464887917
YER103W,YLR216C,1,9.150629,0.8205128312110901,0.03190428763628006,0.0007002100464887917
YBR155W,YER103W,1,9.128096,0.824999988079071,0.03290129452943802,0.0007002100464887917
YNR001C,YOL077C,0,9.119404,0.8048780560493469,0.03290129452943802,0.0008002400863915682
YNL209W,YBL075C,1,9.102962,0.8095238208770752,0.033898305147886276,0.0008002400863915682
YJL034W,YDR519W,1,9.087225,0.8139534592628479,0.034895315766334534,0.0008002400863915682
YLR449W,YBL075C,1,9.071964,0.8181818127632141,0.03589232265949249,0.0008002400863915682
YDR012W,YDL110C,0,9.056175,0.800000011920929,0.03589232265949249,0.0009002700680866838
YER103W,YJL117W,1,9.021904,0.804347813129425,0.03688933327794075,0.0009002700680866838
YFL016C,YAL005C,1,8.990614,0.8085106611251831,0.03788634017109871,0.0009002700680866838
YBR155W,YAL005C,1,8.97109,0.8125,0.03888335078954697,0.0009002700680866838
YPL220W,YPL154C,0,8.936108,0.795918345451355,0.03888335078954697,0.0010003000497817993
YHR142W,YPL240C,1,8.929355,0.800000011920929,0.039880357682704926,0.0010003000497817993
YJR064W,YBR169C,1,8.914627,0.8039215803146362,0.04087736830115318,0.0010003000497817993
YNL153C,YPL037C,1,8.893235,0.807692289352417,0.04187437519431114,0.0010003000497817993
YJL179W,YBR169C,1,8.884474,0.8113207817077637,0.0428713858127594,0.0010003000497817993
YMR297W,YER086W,0,8.862055,0.7962962985038757,0.0428713858127594,0.0011003301478922367
YIL016W,YDR214W,1,8.850941,0.800000011920929,0.04386839643120766,0.0011003301478922367
YOR027W,YML048W,1,8.810179,0.8035714030265808,0.044865403324365616,0.0011003301478922367
YFL016C,YNL064C,1,8.788765,0.8070175647735596,0.04586241394281387,0.0011003301478922367
YJR016C,YDR003W,0,8.738096,0.7931034564971924,0.04586241394281387,0.0012003601295873523
YMR139W,YNL096C,0,8.734291,0.7796609997749329,0.04586241394281387,0.0013003901112824678
YHR193C,YPL240C,1,8.732201,0.7833333611488342,0.04685942083597183,0.0013003901112824678
YGL120C,YAL008W,0,8.718439,0.7704917788505554,0.04685942083597183,0.0014004200929775834
YNR001C,YAL003W,0,8.714706,0.7580645084381104,0.04685942083597183,0.0015004501910880208
YDR511W,YGL147C,0,8.703108,0.7460317611694336,0.04685942083597183,0.0016004801727831364
YNL153C,YGR285C,1,8.690794,0.75,0.04785643145442009,0.0016004801727831364
YHR064C,YBR169C,1,8.648393,0.7538461685180664,0.04885343834757805,0.0016004801727831364
YIL016W,YLR216C,1,8.63076,0.7575757503509521,0.049850448966026306,0.0016004801727831364
YKL181W,YDR330W,0,8.603413,0.746268630027771,0.049850448966026306,0.001700510154478252
YDL130W,YOR228C,0,8.555908,0.7352941036224365,0.049850448966026306,0.0018005401361733675
YMR142C,YIL155C,0,8.547335,0.7246376872062683,0.049850448966026306,0.001900570117868483
YBL064C,YHR052W,0,8.530941,0.7142857313156128,0.049850448966026306,0.0020006000995635986
YDR258C,YMR186W,1,8.5206375,0.7183098793029785,0.050847455859184265,0.0020006000995635986
YBR072W,YOR232W,1,8.507014,0.7222222089767456,0.05184446647763252,0.0020006000995635986
YNL064C,YBL075C,1,8.496212,0.7260273694992065,0.05284147709608078,0.0020006000995635986
YBR169C,YMR214W,1,8.390785,0.7297297120094299,0.05383848398923874,0.0020006000995635986
YBR155W,YNL007C,1,8.35737,0.7333333492279053,0.054835494607686996,0.0020006000995635986
YJR032W,YDR214W,1,8.322979,0.7368420958518982,0.055832501500844955,0.0020006000995635986
YBR072W,YDR188W,1,8.292328,0.7402597665786743,0.05682951211929321,0.0020006000995635986
YBR084W,YMR152W,0,8.264346,0.7307692170143127,0.05682951211929321,0.002100630197674036
YGR124W,YDL110C,0,8.262781,0.7215189933776855,0.05682951211929321,0.0022006602957844734
YLL026W,YJR046W,1,8.210953,0.7250000238418579,0.05782651901245117,0.0022006602957844734
YDL143W,YLR216C,1,8.202402,0.7283950448036194,0.05882352963089943,0.0022006602957844734
YDL130W,YNL115C,0,8.201889,0.7195122241973877,0.05882352963089943,0.002300690161064267
YPR098C,YNL112W,0,8.198265,0.7108433842658997,0.05882352963089943,0.0024007202591747046
YDR012W,YJL164C,0,8.189631,0.7023809552192688,0.05882352963089943,0.0025007501244544983
YOR288C,YJL008C,1,8.186426,0.7058823704719543,0.05982053652405739,0.0025007501244544983
YHR142W,YLR259C,1,8.1537075,0.7093023061752319,0.060817547142505646,0.0025007501244544983
YCL043C,YNL064C,1,8.122778,0.7126436829566956,0.0618145577609539,0.0025007501244544983
YJR016C,YOR036W,0,8.084422,0.7045454382896423,0.0618145577609539,0.0026007802225649357
YER103W,YIL142W,1,8.067381,0.7078651785850525,0.06281156837940216,0.0026007802225649357
YJL034W,YNL064C,1,8.0659485,0.7111111283302307,0.06380857527256012,0.0026007802225649357
YDR258C,YML074C,1,8.065342,0.7142857313156128,0.06480558216571808,0.0026007802225649357
YDR358W,YLR448W,0,8.039628,0.70652174949646,0.06480558216571808,0.002700810320675373
YNL007C,YNL281W,1,8.037642,0.7096773982048035,0.06580258905887604,0.002700810320675373
YGR231C,YDR214W,1,7.994833,0.7127659320831299,0.0667996034026146,0.002700810320675373
YER131W,YBR241C,0,7.9745264,0.7052631378173828,0.0667996034026146,0.002800840185955167
YML091C,YPR016C,0,7.9685545,0.6979166865348816,0.0667996034026146,0.002900870284065604
YNL006W,YLR449W,1,7.9593897,0.7010309100151062,0.06779661029577255,0.002900870284065604
YHR142W,YCL043C,1,7.9499626,0.704081654548645,0.06879361718893051,0.002900870284065604
YJR045C,YBR169C,1,7.9234247,0.7070707082748413,0.06979063153266907,0.002900870284065604
YPL241C,YOR020C,1,7.915443,0.7099999785423279,0.07078763842582703,0.002900870284065604
YNL166C,YDR032C,0,7.9031696,0.7029703259468079,0.07078763842582703,0.0030009003821760416
YCL043C,YDR188W,1,7.882435,0.7058823704719543,0.07178464531898499,0.0030009003821760416
YLR221C,YGR194C,0,7.8545647,0.6990291476249695,0.07178464531898499,0.0031009302474558353
YPL241C,YLL026W,1,7.8539805,0.7019230723381042,0.07278165221214294,0.0031009302474558353
YGR285C,YER103W,1,7.8527255,0.7047619223594666,0.0737786665558815,0.0031009302474558353
YER103W,YML074C,1,7.849207,0.7075471878051758,0.07477567344903946,0.0031009302474558353
YPL037C,YPL240C,1,7.8423805,0.7102803587913513,0.07577268034219742,0.0031009302474558353
YGR285C,YPL037C,1,7.842149,0.7129629850387573,0.07676968723535538,0.0031009302474558353
YMR186W,YLR259C,1,7.8174763,0.7155963182449341,0.07776670157909393,0.0031009302474558353
YER103W,YLR259C,1,7.807208,0.7181817889213562,0.07876370847225189,0.0031009302474558353
YER131W,YJL164C,0,7.8057947,0.7117117047309875,0.07876370847225189,0.0032009603455662727
YBL064C,YOL123W,0,7.8017535,0.7053571343421936,0.07876370847225189,0.0033009902108460665
YJL034W,YBR169C,1,7.754772,0.7079645991325378,0.07976071536540985,0.0033009902108460665
YOL139C,YDR231C,0,7.74769,0.7017543911933899,0.07976071536540985,0.003401020308956504
YDR519W,YDL212W,1,7.7471848,0.7043478488922119,0.08075772970914841,0.003401020308956504
YCR053W,YDR313C,0,7.720516,0.6982758641242981,0.08075772970914841,0.0035010504070669413
YLR216C,YLR259C,1,7.697529,0.7008547186851501,0.08175473660230637,0.0035010504070669413
YHR193C,YGR132C,1,7.6848125,0.7033898234367371,0.08275174349546432,0.0035010504070669413
YJR145C,YNL077W,0,7.681161,0.6974790096282959,0.08275174349546432,0.003601080272346735
YHR193C,YDR519W,1,7.674224,0.699999988079071,0.08374875038862228,0.003601080272346735
YPL231W,YOL002C,0,7.6595707,0.6942148804664612,0.08374875038862228,0.0037011103704571724
YDR214W,YGR132C,1,7.649614,0.6967213153839111,0.08474576473236084,0.0037011103704571724
YML063W,YER012W,0,7.6485205,0.6910569071769714,0.08474576473236084,0.003801140235736966
YOR288C,YLR259C,1,7.6386747,0.6935483813285828,0.0857427716255188,0.003801140235736966
YOR288C,YLR449W,1,7.629628,0.6959999799728394,0.08673977851867676,0.003801140235736966
YPL106C,YGR029W,0,7.608654,0.6904761791229248,0.08673977851867676,0.0039011703338474035
YOR374W,YNL151C,0,7.6055775,0.6850393414497375,0.08673977851867676,0.004001200199127197
YJR032W,YOR020C,1,7.598886,0.6875,0.08773679286241531,0.004001200199127197
YHR025W,YNL007C,0,7.5944242,0.682170569896698,0.08773679286241531,0.004101230297237635
YOR120W,YKL056C,0,7.589336,0.6769230961799622,0.08773679286241531,0.004201260395348072
YNL292W,YIL136W,0,7.5863037,0.6717557311058044,0.08773679286241531,0.0043012904934585094
YNL248C,YDR032C,0,7.5603065,0.6666666865348816,0.08773679286241531,0.004401320591568947
YJR064W,YFL016C,1,7.556065,0.6691729426383972,0.08873379975557327,0.004401320591568947
YDR212W,YBR169C,1,7.5529766,0.6716417670249939,0.08973080664873123,0.004401320591568947
YCL043C,YLR259C,1,7.546507,0.6740740537643433,0.09072781354188919,0.004401320591568947
YIR004W,YAL005C,1,7.5435095,0.6764705777168274,0.09172482788562775,0.004401320591568947
YJR032W,YLL026W,1,7.5428143,0.6788321137428284,0.0927218347787857,0.004401320591568947
YMR142C,YGL161C,0,7.5417004,0.6739130616188049,0.0927218347787857,0.004501350224018097
YER103W,YLR200W,1,7.5391884,0.6762589812278748,0.09371884167194366,0.004501350224018097
YHR142W,YNL064C,1,7.5273476,0.6785714030265808,0.09471585601568222,0.004501350224018097
YJR104C,YDL143W,0,7.52194,0.673758864402771,0.09471585601568222,0.004601380322128534
YMR186W,YOR020C,1,7.4923124,0.6760563254356384,0.09571286290884018,0.004601380322128534
YFL029C,YDL144C,0,7.4904823,0.6713286638259888,0.09571286290884018,0.004701410420238972
YJL014W,YER103W,1,7.4903517,0.6736111044883728,0.09670986980199814,0.004701410420238972
YGR285C,YLR216C,1,7.4883566,0.6758620738983154,0.0977068766951561,0.004701410420238972
YDL075W,YJL164C,0,7.4710073,0.6712328791618347,0.0977068766951561,0.004801440518349409
YJL179W,YDR214W,1,7.462544,0.6734693646430969,0.09870389103889465,0.004801440518349409
YLR192C,YDR511W,0,7.461323,0.6689189076423645,0.09870389103889465,0.0049014706164598465
YDL075W,YJL102W,0,7.4476976,0.6644295454025269,0.09870389103889465,0.005001500248908997
YLL024C,YLR216C,1,7.441495,0.6666666865348816,0.09970089793205261,0.005001500248908997
YHL008C,YJR143C,0,7.438821,0.6622516512870789,0.09970089793205261,0.005101530347019434
YER103W,YDR519W,1,7.4301343,0.6644737124443054,0.10069790482521057,0.005101530347019434
YOR027W,YJL008C,1,7.4228926,0.6666666865348816,0.10169491171836853,0.005101530347019434
YGR135W,YML063W,0,7.4159946,0.6623376607894897,0.10169491171836853,0.005201560445129871
YDR304C,YJL111W,1,7.4045353,0.6645161509513855,0.10269192606210709,0.005201560445129871
YGL018C,YNL281W,1,7.3995366,0.6666666865348816,0.10368893295526505,0.005201560445129871
YCL043C,YJL034W,1,7.3968716,0.668789803981781,0.104685939848423,0.005201560445129871
YJL179W,YLR259C,1,7.393754,0.6708860993385315,0.10568295419216156,0.005201560445129871
YLR048W,YHR010W,0,7.3795414,0.6666666865348816,0.10568295419216156,0.005301590543240309
YDL143W,YOR027W,1,7.369032,0.668749988079071,0.10667996108531952,0.005301590543240309
YGR132C,YPL240C,1,7.365429,0.6708074808120728,0.10767696797847748,0.005301590543240309
YJR016C,YNR007C,0,7.3630733,0.6666666865348816,0.10767696797847748,0.005401620641350746
YDR518W,YMR214W,1,7.352406,0.6687116622924805,0.10867397487163544,0.005401620641350746
YNL007C,YJR046W,1,7.3496943,0.6707317233085632,0.10967098921537399,0.005401620641350746
YDR329C,YDL075W,0,7.3201065,0.6666666865348816,0.10967098921537399,0.005501650273799896
YER053C,YPR016C,0,7.316895,0.6626505851745605,0.10967098921537399,0.005601680371910334
YDR379W,YDL075W,0,7.313259,0.658682644367218,0.10967098921537399,0.005701710470020771
YLR216C,YJL008C,1,7.2912335,0.6607142686843872,0.11066799610853195,0.005701710470020771
YGR231C,YML074C,1,7.279248,0.6627218723297119,0.11166500300168991,0.005701710470020771
YNR027W,YLR327C,0,7.2786837,0.658823549747467,0.11166500300168991,0.005801740568131208
YDL143W,YNL006W,1,7.2706776,0.6608186960220337,0.11266201734542847,0.005801740568131208
YHR193C,YJL111W,1,7.2639527,0.6627907156944275,0.11365902423858643,0.005801740568131208
YGR124W,YJR059W,0,7.261547,0.6589595079421997,0.11365902423858643,0.005901770666241646
YOR027W,YLL024C,1,7.2542305,0.6609195470809937,0.11465603113174438,0.005901770666241646
YPL154C,YJL008C,0,7.2360144,0.6571428775787354,0.11465603113174438,0.006001800764352083
YGR088W,YMR012W,0,7.2288074,0.6534090638160706,0.11465603113174438,0.006101830396801233
YMR186W,YHR057C,1,7.2274866,0.6553672552108765,0.11565303802490234,0.006101830396801233
YER103W,YFL023W,1,7.2183466,0.6573033928871155,0.1166500523686409,0.006101830396801233
YGR285C,YJL111W,1,7.1850147,0.659217894077301,0.11764705926179886,0.006101830396801233
YOR039W,YDR032C,0,7.180363,0.6555555462837219,0.11764705926179886,0.006201860494911671
YCR069W,YNL209W,1,7.1766176,0.6574585437774658,0.11864406615495682,0.006201860494911671
YGR231C,YJL111W,1,7.175798,0.6593406796455383,0.11964107304811478,0.006201860494911671
YLR259C,YGR078C,1,7.1641765,0.6612021923065186,0.12063808739185333,0.006201860494911671
YGR200C,YOR374W,0,7.1545477,0.657608687877655,0.12063808739185333,0.006301890593022108
YPL037C,YBR101C,1,7.151808,0.6594594717025757,0.12163509428501129,0.006301890593022108
YDR086C,YPL186C,0,7.150503,0.6559139490127563,0.12163509428501129,0.0064019206911325455
YOR020C,YCR060W,1,7.1435776,0.6577540040016174,0.12263210117816925,0.0064019206911325455
YBR036C,YCL050C,0,7.1428943,0.6542553305625916,0.12263210117816925,0.006501950789242983
YIR004W,YJL034W,1,7.1391172,0.6560846567153931,0.1236291155219078,0.006501950789242983
YFL016C,YDR155C,1,7.115251,0.6578947305679321,0.12462612241506577,0.006501950789242983
YML130C,YJL034W,1,7.1019707,0.6596858501434326,0.12562313675880432,0.006501950789242983
YJL111W,YLR259C,1,7.0880775,0.6614583134651184,0.12662014365196228,0.006501950789242983
YJR032W,YBL075C,1,7.082863,0.6632124185562134,0.12761715054512024,0.006501950789242983
YDR258C,YMR214W,1,7.070945,0.6649484634399414,0.1286141574382782,0.006501950789242983
YPL271W,YDR418W,0,7.0698566,0.6615384817123413,0.1286141574382782,0.006601980421692133
YPL037C,YDR304C,1,7.0693293,0.6632652878761292,0.12961116433143616,0.006601980421692133
YPL037C,YGR132C,1,7.0587273,0.6649746298789978,0.13060817122459412,0.006601980421692133
YJL008C,YBR169C,1,7.0572696,0.6666666865348816,0.13160517811775208,0.006601980421692133
YHR142W,YOR232W,1,7.031822,0.6683416962623596,0.13260219991207123,0.006601980421692133
YDR258C,YDR188W,1,7.0239763,0.6700000166893005,0.1335992068052292,0.006601980421692133
YHR140W,YDL082W,0,7.009698,0.6666666865348816,0.1335992068052292,0.00670201051980257
YBR072W,YLR200W,1,7.0067935,0.6683168411254883,0.13459621369838715,0.00670201051980257
YMR142C,YOR070C,0,6.998852,0.6650246381759644,0.13459621369838715,0.006802040617913008
YNL209W,YGR132C,1,6.9968553,0.6666666865348816,0.1355932205915451,0.006802040617913008
YJL041W,YNL007C,0,6.994104,0.6634146571159363,0.1355932205915451,0.006902070716023445
YJL117W,YNL281W,1,6.987314,0.6650485396385193,0.13659022748470306,0.006902070716023445
YDL180W,YGL031C,0,6.9813833,0.6618357300758362,0.13659022748470306,0.0070021008141338825
YKL156W,YDR032C,0,6.968666,0.6586538553237915,0.13659022748470306,0.007102130446583033
YDR003W,YNL135C,0,6.965045,0.6555023789405823,0.13659022748470306,0.00720216054469347
YBR001C,YCL031C,0,6.960734,0.6523809432983398,0.13659022748470306,0.007302190642803907
YMR292W,YJL189W,0,6.9428644,0.649289071559906,0.13659022748470306,0.007402220740914345
YNL006W,YPL037C,1,6.9345274,0.650943398475647,0.13758723437786102,0.007402220740914345
YPL031C,YPL143W,0,6.9318795,0.6478873491287231,0.13758723437786102,0.007502250839024782
YIR004W,YNL064C,1,6.9190474,0.6495327353477478,0.13858424127101898,0.007502250839024782
YPL226W,YNR001C,0,6.911296,0.6465116143226624,0.13858424127101898,0.007602280471473932
YAL005C,YDL212W,1,6.9041405,0.6481481194496155,0.13958126306533813,0.007602280471473932
YNL006W,YJL034W,1,6.903228,0.6497696042060852,0.1405782699584961,0.007602280471473932
YLR216C,YBR101C,1,6.9028745,0.6513761281967163,0.14157527685165405,0.007602280471473932
YML078W,YHR193C,1,6.8922524,0.6529680490493774,0.142572283744812,0.007602280471473932
YDL051W,YCR004C,0,6.890354,0.6499999761581421,0.142572283744812,0.00770231056958437
YDR003W,YDR101C,0,6.8846445,0.6470588445663452,0.142572283744812,0.007802340667694807
YJR045C,YLR259C,1,6.8445544,0.6486486196517944,0.14356929063796997,0.007802340667694807
YER103W,YDR518W,1,6.8417997,0.6502242088317871,0.14456629753112793,0.007802340667694807
YDR214W,YDR519W,1,6.8395987,0.6517857313156128,0.1455633044242859,0.007802340667694807
YNL153C,YLL024C,1,6.8395014,0.653333306312561,0.14656032621860504,0.007802340667694807
YIL142W,YLR259C,1,6.835802,0.6548672318458557,0.147557333111763,0.007802340667694807
YOR063W,YDR368W,0,6.8331394,0.6519823670387268,0.147557333111763,0.007902370765805244
YBR101C,YJR046W,1,6.832964,0.6535087823867798,0.14855434000492096,0.007902370765805244
YFL016C,YCL043C,1,6.8306637,0.6550218462944031,0.14955134689807892,0.007902370765805244
YMR217W,YAL008W,0,6.8300366,0.6521739363670349,0.14955134689807892,0.008002400398254395
YDL143W,YFL016C,1,6.8086147,0.6536796689033508,0.15054835379123688,0.008002400398254395
YJR143C,YJR059W,0,6.804084,0.6508620977401733,0.15054835379123688,0.00810243096202612
YJL034W,YDR214W,1,6.803809,0.6523604989051819,0.15154536068439484,0.00810243096202612
YNL007C,YLR200W,1,6.803746,0.6538461446762085,0.1525423675775528,0.00810243096202612
YER087C-A,YOR151C,0,6.8010855,0.651063859462738,0.1525423675775528,0.00820246059447527
YLR192C,YDL204W,0,6.780893,0.6483050584793091,0.1525423675775528,0.008302491158246994
YLR216C,YMR214W,1,6.7806597,0.649789035320282,0.15353937447071075,0.008302491158246994
YNR001C,YGR162W,0,6.777472,0.6470588445663452,0.15353937447071075,0.008402520790696144
YBR155W,YPL240C,1,6.7690873,0.6485355496406555,0.1545363962650299,0.008402520790696144
YML054C,YML063W,0,6.7660236,0.6458333134651184,0.1545363962650299,0.008502550423145294
YNL153C,YNL281W,1,6.7573576,0.6473029255867004,0.15553340315818787,0.008502550423145294
YDR258C,YJL034W,1,6.728944,0.6487603187561035,0.15653041005134583,0.008502550423145294
YJL014W,YCL043C,1,6.7287617,0.6502057909965515,0.15752741694450378,0.008502550423145294
YGR231C,YJL008C,1,6.7231402,0.6516393423080444,0.15852442383766174,0.008502550423145294
YDR258C,YPL106C,1,6.7226577,0.6530612111091614,0.1595214307308197,0.008502550423145294
YNL162W,YEL058W,0,6.716367,0.6504064798355103,0.1595214307308197,0.008602580986917019
YOR020C,YHR057C,1,6.6894608,0.6518218517303467,0.16051843762397766,0.008602580986917019
YIR004W,YOR020C,1,6.689001,0.6532257795333862,0.16151545941829681,0.008602580986917019
YEL054C,YIR036C,0,6.6870384,0.650602400302887,0.16151545941829681,0.008702610619366169
YGL128C,YJL034W,1,6.682681,0.6520000100135803,0.16251246631145477,0.008702610619366169
YDL130W,YOR039W,0,6.673578,0.649402379989624,0.16251246631145477,0.008802641183137894
YIL101C,YLR048W,0,6.66356,0.64682537317276,0.16251246631145477,0.008902670815587044
YGR263C,YLR448W,0,6.6599746,0.6442687511444092,0.16251246631145477,0.009002700448036194
YDR074W,YHR089C,0,6.621806,0.6417322754859924,0.16251246631145477,0.009102731011807919
YKL212W,YEL002C,0,6.616989,0.6392157077789307,0.16251246631145477,0.009202760644257069
YER087C-A,YDR379W,0,6.614243,0.63671875,0.16251246631145477,0.009302791208028793
YFL016C,YPL106C,1,6.610057,0.6381322741508484,0.16350947320461273,0.009302791208028793
YJR032W,YDR155C,1,6.603092,0.6395348906517029,0.1645064800977707,0.009302791208028793
YDR519W,YMR200W,1,6.602546,0.6409266591072083,0.16550348699092865,0.009302791208028793
YKL117W,YHR064C,1,6.601671,0.642307698726654,0.1665004938840866,0.009302791208028793
YDR214W,YIL142W,1,6.5971465,0.6436781883239746,0.16749750077724457,0.009302791208028793
YLR414C,YLL011W,0,6.5962257,0.6412213444709778,0.16749750077724457,0.009402820840477943
YMR186W,YJR064W,1,6.5926995,0.6425855755805969,0.16849452257156372,0.009402820840477943
YJR064W,YLR259C,1,6.5714016,0.6439393758773804,0.16949152946472168,0.009402820840477943
YDR214W,YFL023W,1,6.565749,0.645283043384552,0.17048853635787964,0.009402820840477943
YDR231C,YPR016C,0,6.5610294,0.6428571343421936,0.17048853635787964,0.009502850472927094
YOR167C,YOR096W,0,6.554763,0.6404494643211365,0.17048853635787964,0.009602881036698818
YLR448W,YLR327C,0,6.5482492,0.638059675693512,0.17048853635787964,0.009702910669147968
YPL106C,YDR088C,0,6.5481462,0.6356877088546753,0.17048853635787964,0.009802941232919693
YPL221W,YDR519W,1,6.5313883,0.6370370388031006,0.1714855432510376,0.009802941232919693
YGL120C,YOR124C,0,6.523135,0.6346863508224487,0.1714855432510376,0.009902970865368843
YBL064C,YOR269W,0,6.506111,0.6323529481887817,0.1714855432510376,0.010003000497817993
YGR285C,YKL117W,1,6.503122,0.6336996555328369,0.17248255014419556,0.010003000497817993
YKL156W,YHL032C,0,6.4934053,0.6313868761062622,0.17248255014419556,0.010103031061589718
YGR285C,YGR132C,1,6.4911113,0.6327272653579712,0.17347955703735352,0.010103031061589718
YKL117W,YNL209W,1,6.4899173,0.6340579986572266,0.17447656393051147,0.010103031061589718
YKL154W,YGR008C,0,6.488433,0.6317689418792725,0.17447656393051147,0.010203060694038868
YBR036C,YMR217W,0,6.4719124,0.6294963955879211,0.17447656393051147,0.010303091257810593
YJR032W,YBR101C,1,6.469057,0.6308243870735168,0.17547358572483063,0.010303091257810593
YIR036C,YBR142W,0,6.4636116,0.6285714507102966,0.17547358572483063,0.010403120890259743
YLR370C,YLR048W,0,6.463051,0.626334547996521,0.17547358572483063,0.010503150522708893
YGL253W,YKR104W,0,6.4570236,0.6241135001182556,0.17547358572483063,0.010603181086480618
YKL117W,YDR214W,1,6.450856,0.6254416704177856,0.1764705926179886,0.010603181086480618
YNL162W,YGL059W,0,6.4339037,0.6232394576072693,0.1764705926179886,0.010703210718929768
YNL007C,YLR221C,0,6.4313784,0.621052622795105,0.1764705926179886,0.010803241282701492
YJL179W,YHR064C,1,6.426623,0.6223776340484619,0.17746759951114655,0.010803241282701492
YPR168W,YGL141W,0,6.418494,0.6202090382575989,0.17746759951114655,0.010903270915150642
YML074C,YPL240C,1,6.418151,0.6215277910232544,0.1784646064043045,0.010903270915150642
YIL070C,YJL052W,0,6.4164944,0.6193771362304688,0.1784646064043045,0.011003300547599792
YOR027W,YCL043C,1,6.410568,0.6206896305084229,0.17946161329746246,0.011003300547599792
YBR072W,YNL007C,1,6.4101562,0.6219931244850159,0.18045862019062042,0.011003300547599792
YJR145C,YGL191W,0,6.406274,0.6198630332946777,0.18045862019062042,0.011103331111371517
YJL014W,YOR020C,1,6.405958,0.6211603879928589,0.18145562708377838,0.011103331111371517
YLR200W,YHR057C,1,6.4046655,0.6224489808082581,0.18245264887809753,0.011103331111371517
YDR518W,YJR046W,1,6.4037256,0.6237288117408752,0.1834496557712555,0.011103331111371517
YAL035W,YOR120W,0,6.3996906,0.6216216087341309,0.1834496557712555,0.011203360743820667
YHR140W,YGR116W,0,6.38855,0.619528591632843,0.1834496557712555,0.011303391307592392
YJL179W,YNL007C,1,6.388261,0.6208053827285767,0.18444666266441345,0.011303391307592392
YOR182C,YIL111W,0,6.379862,0.6187291145324707,0.18444666266441345,0.011403420940041542
YJL048C,YJL080C,0,6.378026,0.6166666746139526,0.18444666266441345,0.011503450572490692
YPL037C,YNL077W,1,6.376377,0.6179401874542236,0.1854436695575714,0.011503450572490692
YPL106C,YGR223C,0,6.3708153,0.6158940196037292,0.1854436695575714,0.011603481136262417
YML078W,YIL142W,1,6.3686953,0.6171616911888123,0.18644067645072937,0.011603481136262417
YEL017C-A,YPL111W,0,6.3586607,0.6151315569877625,0.18644067645072937,0.011703510768711567
YBR036C,YNL308C,0,6.3518353,0.6131147742271423,0.18644067645072937,0.011803541332483292
YOR027W,YJR032W,1,6.3515687,0.6143791079521179,0.18743768334388733,0.011803541332483292
YER126C,YMR311C,0,6.341493,0.6123778223991394,0.18743768334388733,0.011903570964932442
YNL308C,YDR031W,0,6.3393583,0.6103895902633667,0.18743768334388733,0.012003601528704166
YOR027W,YCR060W,1,6.3383265,0.6116504669189453,0.1884346902370453,0.012003601528704166
YJR032W,YFL016C,1,6.3344245,0.6129032373428345,0.18943171203136444,0.012003601528704166
YMR217W,YMR152W,0,6.3203225,0.610932469367981,0.18943171203136444,0.012103631161153316
YNL162W,YMR184W,0,6.313706,0.6089743375778198,0.18943171203136444,0.012203660793602467
YMR186W,YOR288C,1,6.307801,0.610223650932312,0.1904287189245224,0.012203660793602467
YMR139W,YML043C,0,6.3055887,0.6082802414894104,0.1904287189245224,0.012303691357374191
YEL003W,YLL024C,1,6.293276,0.6095238327980042,0.19142572581768036,0.012303691357374191
YNL207W,YDR511W,0,6.2870016,0.607594907283783,0.19142572581768036,0.012403720989823341
YMR186W,YDL212W,1,6.2667108,0.608832836151123,0.19242273271083832,0.012403720989823341
YPL106C,YBL075C,1,6.2660894,0.6100628972053528,0.19341973960399628,0.012403720989823341
YDR046C,YPL111W,0,6.264761,0.6081504821777344,0.19341973960399628,0.012503751553595066
YJL158C,YNL101W,0,6.255639,0.606249988079071,0.19341973960399628,0.012603781186044216
YKR094C,YER044C,0,6.247813,0.604361355304718,0.19341973960399628,0.012703810818493366
YJL158C,YGR135W,0,6.2436666,0.6024844646453857,0.19341973960399628,0.012803841382265091
YBR205W,YDR283C,0,6.240803,0.6006191968917847,0.19341973960399628,0.012903871014714241
YGR231C,YGL018C,1,6.2384305,0.6018518805503845,0.19441674649715424,0.012903871014714241
YOR061W,YLR318W,0,6.2380075,0.6000000238418579,0.19441674649715424,0.013003901578485966
YMR098C,YOR182C,0,6.233854,0.5981594920158386,0.19441674649715424,0.013103931210935116
YER086W,YER126C,0,6.224828,0.5963302850723267,0.19441674649715424,0.013203960843384266
YLR216C,YJR046W,1,6.2212887,0.5975610017776489,0.1954137533903122,0.013203960843384266
YJL097W,YAL044C,0,6.221184,0.5957446694374084,0.1954137533903122,0.01330399140715599
YJL158C,YOR337W,0,6.2151585,0.5939394235610962,0.1954137533903122,0.01340402103960514
YJR064W,YOR349W,1,6.2068844,0.5951661467552185,0.19641076028347015,0.01340402103960514
YNR016C,YDR166C,0,6.200877,0.5933734774589539,0.19641076028347015,0.013504051603376865
YML074C,YBL075C,1,6.199442,0.5945945978164673,0.1974077820777893,0.013504051603376865
YIL113W,YPL160W,0,6.1981263,0.5928143858909607,0.1974077820777893,0.013604081235826015
YJR045C,YPL106C,1,6.1926336,0.5940298438072205,0.19840478897094727,0.013604081235826015
YMR186W,YLR090W,1,6.1898966,0.5952380895614624,0.19940179586410522,0.013604081235826015
YJL048C,YJL133W,0,6.177539,0.5934718251228333,0.19940179586410522,0.013704110868275166
YJR064W,YPL240C,1,6.177012,0.5946745276451111,0.20039880275726318,0.013704110868275166
YPL241C,YAL005C,1,6.172327,0.5958701968193054,0.20139580965042114,0.013704110868275166
YML125C,YGR086C,0,6.1657495,0.5941176414489746,0.20139580965042114,0.01380414143204689
YML070W,YER110C,0,6.1640244,0.5923753380775452,0.20139580965042114,0.01390417106449604
YER048C,YDR155C,1,6.162903,0.5935672521591187,0.2023928165435791,0.01390417106449604
YDR251W,YJL008C,0,6.1473103,0.5918367505073547,0.2023928165435791,0.014004201628267765
YOR143C,YJL102W,0,6.1439047,0.5901162624359131,0.2023928165435791,0.014104231260716915
YOR151C,YIL136W,0,6.141243,0.5884057879447937,0.2023928165435791,0.014204260893166065
YML094W,YGL178W,0,6.1237955,0.586705207824707,0.2023928165435791,0.01430429145693779
YDR258C,YDL229W,1,6.1213474,0.5878962278366089,0.20338982343673706,0.01430429145693779
YJL014W,YBL075C,1,6.120362,0.5890804529190063,0.2043868452310562,0.01430429145693779
YER087C-A,YPR132W,0,6.1168118,0.5873925685882568,0.2043868452310562,0.01440432108938694
YFL016C,YDR519W,1,6.111305,0.5885714292526245,0.20538385212421417,0.01440432108938694
YLR216C,YFL023W,1,6.11022,0.5897436141967773,0.20638085901737213,0.01440432108938694
YJL158C,YBR084W,0,6.105072,0.5880681872367859,0.20638085901737213,0.014504351653158665
YMR297W,YML106W,0,6.1006045,0.5864022374153137,0.20638085901737213,0.014604381285607815
YFR003C,YOR369C,0,6.090353,0.5847457647323608,0.20638085901737213,0.014704410918056965
YMR186W,YJL034W,1,6.081026,0.5859155058860779,0.2073778659105301,0.014704410918056965
YDL130W,YDL180W,0,6.0786986,0.584269642829895,0.2073778659105301,0.01480444148182869
YPL226W,YLL050C,0,6.0775957,0.5826330780982971,0.2073778659105301,0.01490447111427784
YDR212W,YNL006W,1,6.066166,0.583798885345459,0.20837487280368805,0.01490447111427784
YBL078C,YOR151C,0,6.057085,0.582172691822052,0.20837487280368805,0.015004501678049564
YNL159C,YER131W,0,6.052732,0.5805555582046509,0.20837487280368805,0.015104531310498714
YER083C,YER133W,0,6.0489864,0.5789473652839661,0.20837487280368805,0.015204560942947865
YGR231C,YLL026W,1,6.0484915,0.580110490322113,0.209371879696846,0.015204560942947865
YBR101C,YHR064C,1,6.0470295,0.581267237663269,0.21036888659000397,0.015204560942947865
YGR231C,YJL117W,1,6.042755,0.5824176073074341,0.21136590838432312,0.015204560942947865
YML078W,YNL153C,1,6.040377,0.5835616588592529,0.21236291527748108,0.015204560942947865
YPL037C,YJR046W,1,6.015498,0.5846994519233704,0.21335992217063904,0.015204560942947865
YER103W,YDR151C,1,6.00457,0.5858310461044312,0.214356929063797,0.015204560942947865
YHR142W,YLR090W,1,6.00288,0.5869565010070801,0.21535393595695496,0.015204560942947865
YJL179W,YJR045C,1,6.000155,0.5880758762359619,0.21635094285011292,0.015204560942947865
YDR236C,YAL003W,0,5.995324,0.5864864587783813,0.21635094285011292,0.01530459150671959
YMR297W,YDR400W,0,5.995016,0.5849056839942932,0.21635094285011292,0.01540462113916874
YDR258C,YJL008C,1,5.9871874,0.5860214829444885,0.21734794974327087,0.01540462113916874
YMR186W,YGR285C,1,5.974429,0.5871313810348511,0.21834497153759003,0.01540462113916874
YER103W,YJL034W,1,5.9664774,0.5882353186607361,0.21934197843074799,0.01540462113916874
YJR032W,YGR132C,1,5.9601603,0.5893333554267883,0.22033898532390594,0.01540462113916874
YPL240C,YPL064C,1,5.9577274,0.5904255509376526,0.2213359922170639,0.01540462113916874
YLR134W,YDR478W,0,5.955602,0.5888594388961792,0.2213359922170639,0.015504651702940464
YBR169C,YDL212W,1,5.953312,0.5899471044540405,0.22233299911022186,0.015504651702940464
YNL153C,YOL088C,1,5.9510136,0.5910290479660034,0.22333000600337982,0.015504651702940464
YER083C,YJL052W,0,5.9488606,0.5894736647605896,0.22333000600337982,0.015604681335389614
YLR008C,YNL007C,0,5.941781,0.5879265069961548,0.22333000600337982,0.01570471189916134
YOR201C,YNL115C,0,5.9340916,0.5863874554634094,0.22333000600337982,0.01580474153161049
YMR186W,YNL209W,1,5.9309406,0.58746737241745,0.22432701289653778,0.01580474153161049
YBR036C,YDL095W,0,5.929757,0.5859375,0.22432701289653778,0.01590477116405964
YOR027W,YLR090W,1,5.9135704,0.5870130062103271,0.22532403469085693,0.01590477116405964
YKL100C,YGL031C,0,5.912004,0.5854922533035278,0.22532403469085693,0.01600480079650879
YPL144W,YDR003W,0,5.911809,0.5839793086051941,0.22532403469085693,0.01610483229160309
YNL209W,YJR046W,1,5.89694,0.5850515365600586,0.2263210415840149,0.01610483229160309
YIR004W,YBL075C,1,5.8955708,0.5861182808876038,0.22731804847717285,0.01610483229160309
YNL007C,YMR214W,1,5.89301,0.5871794819831848,0.2283150553703308,0.01610483229160309
YPL106C,YAL005C,1,5.8926916,0.5882353186607361,0.22931206226348877,0.01610483229160309
YHR064C,YLR259C,1,5.882762,0.5892857313156128,0.23030906915664673,0.01610483229160309
YLR221C,YBR122C,0,5.880906,0.5877862572669983,0.23030906915664673,0.01620486192405224
YBR155W,YNL064C,1,5.879318,0.5888324975967407,0.2313060760498047,0.01620486192405224
YFL016C,YNL135C,1,5.8788137,0.5898734331130981,0.23230309784412384,0.01620486192405224
YOL088C,YGR078C,1,5.8784842,0.5909090638160706,0.2333001047372818,0.01620486192405224
YOR027W,YML074C,1,5.877655,0.5919395685195923,0.23429711163043976,0.01620486192405224
YER048C,YPL037C,1,5.8775244,0.5929648280143738,0.23529411852359772,0.01620486192405224
YOR027W,YOR288C,1,5.872178,0.5939849615097046,0.23629112541675568,0.01620486192405224
YBR072W,YFL023W,1,5.870893,0.5950000286102295,0.23728813230991364,0.01620486192405224
YOR167C,YGR223C,0,5.86625,0.5935162305831909,0.23728813230991364,0.01630489155650139
YER027C,YNL007C,0,5.8609295,0.5920398235321045,0.23728813230991364,0.01640492118895054
YBR214W,YJR143C,0,5.8542633,0.5905707478523254,0.23728813230991364,0.01650495082139969
YNL007C,YKL117W,1,5.850671,0.5915841460227966,0.2382851392030716,0.01650495082139969
YJL033W,YCL059C,0,5.849375,0.5901234745979309,0.2382851392030716,0.016604982316493988
YNL207W,YBR273C,0,5.8450313,0.5886699557304382,0.2382851392030716,0.016705011948943138
YLR090W,YLR259C,1,5.8446465,0.5896806120872498,0.23928214609622955,0.016705011948943138
YCL043C,YFR041C,1,5.8426924,0.5906862616539001,0.2402791678905487,0.016705011948943138
YHR193C,YJR046W,1,5.842087,0.591687023639679,0.24127617478370667,0.016705011948943138
YJL097W,YDL060W,0,5.8412447,0.5902438759803772,0.24127617478370667,0.016805041581392288
YNR061C,YHL047C,0,5.8272142,0.5888077616691589,0.24127617478370667,0.01690507121384144
YML078W,YML074C,1,5.823968,0.5898058414459229,0.24227318167686462,0.01690507121384144
YDR529C,YNL096C,0,5.8173714,0.5883777141571045,0.24227318167686462,0.01700510084629059
YPL221W,YJR064W,1,5.8163276,0.5893719792366028,0.24327018857002258,0.01700510084629059
YIL016W,YIL142W,1,5.815357,0.5903614163398743,0.24426719546318054,0.01700510084629059
YMR298W,YGL123W,0,5.8141503,0.588942289352417,0.24426719546318054,0.017105132341384888
YBR101C,YDR519W,1,5.812132,0.5899280309677124,0.2452642023563385,0.017105132341384888
YOR167C,YBR207W,0,5.8105526,0.5885167717933655,0.2452642023563385,0.017205161973834038
YGR263C,YDR012W,0,5.809346,0.5871121883392334,0.2452642023563385,0.017305191606283188
YER153C,YER089C,0,5.809325,0.5857142806053162,0.2452642023563385,0.017405221238732338
YPR184W,YDR158W,0,5.80781,0.5843230485916138,0.2452642023563385,0.017505250871181488
YOR288C,YDR400W,0,5.802618,0.5829383730888367,0.2452642023563385,0.017605282366275787
YBR012W-A,YDL115C,0,5.7969236,0.5815602540969849,0.2452642023563385,0.017705311998724937
YJL014W,YHR193C,1,5.7934246,0.5825471878051758,0.24626120924949646,0.017705311998724937
YNL248C,YJR045C,0,5.786651,0.5811764597892761,0.24626120924949646,0.017805341631174088
YDR212W,YLR216C,1,5.7863417,0.5821596384048462,0.2472582310438156,0.017805341631174088
YLR216C,YDR188W,1,5.784563,0.5831381678581238,0.24825523793697357,0.017805341631174088
YPL241C,YNL281W,1,5.784295,0.5841121673583984,0.24925224483013153,0.017805341631174088
YPR048W,YNL135C,0,5.7804127,0.5827505588531494,0.24925224483013153,0.017905371263623238
YJL034W,YPL064C,1,5.779522,0.5837209224700928,0.2502492666244507,0.017905371263623238
YGR231C,YJR046W,1,5.7725105,0.5846867561340332,0.25124627351760864,0.017905371263623238
YDR120C,YPL154C,0,5.768828,0.5833333134651184,0.25124627351760864,0.018005400896072388
YIL034C,YOL120C,0,5.76375,0.581986129283905,0.25124627351760864,0.018105432391166687
YOR096W,YNL115C,0,5.7574663,0.5806451439857483,0.25124627351760864,0.018205462023615837
YML074C,YFL016C,1,5.757291,0.5816091895103455,0.2522432804107666,0.018205462023615837
YDR018C,YIL078W,0,5.7487097,0.5802752375602722,0.2522432804107666,0.018305491656064987
YNL148C,YAL005C,1,5.747082,0.5812357068061829,0.25324028730392456,0.018305491656064987
YFL023W,YOL088C,1,5.7424545,0.5821917653083801,0.2542372941970825,0.018305491656064987
YDR465C,YDR096W,0,5.7351594,0.5808656215667725,0.2542372941970825,0.018405521288514137
YJL117W,YLL024C,1,5.732296,0.581818163394928,0.2552343010902405,0.018405521288514137
YLR142W,YLL011W,0,5.732154,0.5804988741874695,0.2552343010902405,0.018505550920963287
YHR215W,YGR008C,0,5.7284265,0.5791855454444885,0.2552343010902405,0.018605582416057587
YDR086C,YER020W,0,5.7218647,0.5778781175613403,0.2552343010902405,0.018705612048506737
YGL128C,YML074C,1,5.7192082,0.5788288116455078,0.25623130798339844,0.018705612048506737
YML130C,YMR214W,1,5.713071,0.5797752737998962,0.2572283148765564,0.018705612048506737
YDL130W,YLR246W,0,5.708529,0.5784753561019897,0.2572283148765564,0.018805641680955887
YGR231C,YAL005C,1,5.7069726,0.5794183611869812,0.25822532176971436,0.018805641680955887
YNL007C,YLR045C,0,5.702584,0.578125,0.25822532176971436,0.018905671313405037
YML130C,YBL075C,1,5.6960764,0.5790646076202393,0.2592223286628723,0.018905671313405037
YHL040C,YKL056C,0,5.6944675,0.5777778029441833,0.2592223286628723,0.019005700945854187
YJL034W,YMR200W,1,5.6904917,0.5787139534950256,0.2602193355560303,0.019005700945854187
YOR228C,YER126C,0,5.6875215,0.5774336457252502,0.2602193355560303,0.019105732440948486
YIL136W,YOR217W,0,5.682869,0.5761589407920837,0.2602193355560303,0.019205762073397636
YDR071C,YIR006C,0,5.680764,0.5748898386955261,0.2602193355560303,0.019305791705846786
YNL207W,YLR109W,0,5.680578,0.5736263990402222,0.2602193355560303,0.019405821338295937
YMR186W,YEL003W,1,5.679119,0.5745614171028137,0.26121634244918823,0.019405821338295937
YKL154W,YBR160W,0,5.6584272,0.5733041763305664,0.26121634244918823,0.019505850970745087
YOR288C,YPL240C,1,5.6545873,0.5742357969284058,0.2622133493423462,0.019505850970745087
YIR004W,YPL037C,1,5.649357,0.5751634240150452,0.26321035623550415,0.019505850970745087
YMR186W,YKL117W,1,5.6454544,0.5760869383811951,0.2642073631286621,0.019505850970745087
YCR069W,YML094W,1,5.643305,0.5770065188407898,0.26520439982414246,0.019505850970745087
YDR012W,YGL157W,0,5.6383047,0.5757575631141663,0.26520439982414246,0.019605882465839386
YNL064C,YBR101C,1,5.636633,0.5766738653182983,0.2662014067173004,0.019605882465839386
YJR145C,YJR059W,0,5.629966,0.5754310488700867,0.2662014067173004,0.019705912098288536
YBL057C,YML063W,0,5.627948,0.57419353723526,0.2662014067173004,0.019805941730737686
YGR123C,YML063W,0,5.6174774,0.5729613900184631,0.2662014067173004,0.019905971363186836
YNL306W,YJL190C,0,5.6169972,0.5717344880104065,0.2662014067173004,0.020006000995635986
YJR145C,YKL195W,0,5.613043,0.5705128312110901,0.2662014067173004,0.020106032490730286
YJR046W,YGR078C,1,5.6104665,0.5714285969734192,0.2671984136104584,0.020106032490730286
YBR087W,YBR214W,0,5.6081696,0.5702127814292908,0.2671984136104584,0.020206062123179436
YDR258C,YDR518W,1,5.603959,0.5711252689361572,0.26819542050361633,0.020206062123179436
YER087C-A,YCL050C,0,5.597236,0.569915235042572,0.26819542050361633,0.020306091755628586
YLL024C,YJL034W,1,5.5925827,0.5708245038986206,0.2691924273967743,0.020306091755628586
YBR048W,YEL065W,0,5.592571,0.5696202516555786,0.2691924273967743,0.020406121388077736
YNR001C,YER112W,0,5.590012,0.5684210658073425,0.2691924273967743,0.020506151020526886
YJR145C,YMR150C,0,5.579407,0.5672268867492676,0.2691924273967743,0.020606182515621185
YER120W,YKR030W,0,5.575579,0.5660377144813538,0.2691924273967743,0.020706212148070335
YDR032C,YDR390C,0,5.568462,0.5648535490036011,0.2691924273967743,0.020806241780519485
YIL142W,YBL075C,1,5.562208,0.5657619833946228,0.27018943428993225,0.020806241780519485
YDR214W,YOR265W,1,5.5621037,0.5666666626930237,0.2711864411830902,0.020806241780519485
YGR285C,YNL007C,1,5.5573707,0.5675675868988037,0.27218344807624817,0.020806241780519485
YKL156W,YIL111W,0,5.54249,0.5663900375366211,0.27218344807624817,0.020906271412968636
YBR286W,YPL091W,0,5.5371633,0.5652173757553101,0.27218344807624817,0.021006301045417786
YOL088C,YDR151C,1,5.533614,0.56611567735672,0.27318045496940613,0.021006301045417786
YOR182C,YNL098C,0,5.530106,0.5649484395980835,0.27318045496940613,0.021106332540512085
YBR155W,YLR449W,1,5.5291257,0.5658436417579651,0.2741774618625641,0.021106332540512085
YPL241C,YMR161W,1,5.527878,0.5667350888252258,0.27517446875572205,0.021106332540512085
YGR231C,YER103W,1,5.525731,0.5676229596138,0.27617147564888,0.021106332540512085
YNL153C,YNL006W,1,5.5240135,0.5685071349143982,0.27716848254203796,0.021106332540512085
YDR424C,YKR090W,0,5.5220814,0.5673469305038452,0.27716848254203796,0.021206362172961235
YAL023C,YER173W,0,5.5148115,0.5661914348602295,0.27716848254203796,0.021306391805410385
YPR048W,YGR088W,0,5.513708,0.565040647983551,0.27716848254203796,0.021406421437859535
YBR155W,YLR200W,1,5.511035,0.5659229159355164,0.2781654894351959,0.021406421437859535
YJL179W,YDR519W,1,5.504587,0.5668016076087952,0.27916252613067627,0.021406421437859535
YHR142W,YPL221W,1,5.5016036,0.5676767826080322,0.28015953302383423,0.021406421437859535
YML040W,YDR481C,0,5.4877925,0.5665322542190552,0.28015953302383423,0.021506451070308685
YNL077W,YAL012W,0,5.4849176,0.5653923749923706,0.28015953302383423,0.021606482565402985
YDR212W,YFL016C,1,5.481488,0.5662650465965271,0.2811565399169922,0.021606482565402985
YMR297W,YML012W,0,5.4754934,0.5651302337646484,0.2811565399169922,0.021706512197852135
YHR028C,YDL095W,0,5.47501,0.5640000104904175,0.2811565399169922,0.021806541830301285
YFL016C,YOL088C,1,5.4747944,0.5648702383041382,0.28215354681015015,0.021806541830301285
YDR212W,YMR214W,1,5.470377,0.5657370686531067,0.2831505537033081,0.021806541830301285
YJR104C,YHR027C,0,5.4598894,0.5646123290061951,0.2831505537033081,0.021906571462750435
YOL031C,YLR048W,0,5.459174,0.5634920597076416,0.2831505537033081,0.022006601095199585
YER087C-A,YHR010W,0,5.4571085,0.5623762607574463,0.2831505537033081,0.022106632590293884
YOR020C,YLR259C,1,5.4475203,0.5632411241531372,0.28414756059646606,0.022106632590293884
YLR286C,YIL136W,0,5.444214,0.5621301531791687,0.28414756059646606,0.022206662222743034
YAL005C,YJL111W,1,5.4400373,0.5629921555519104,0.285144567489624,0.022206662222743034
YCL043C,YPL241C,1,5.439082,0.5638507008552551,0.286141574382782,0.022206662222743034
YGR088W,YAL023C,0,5.431803,0.5627450942993164,0.286141574382782,0.022306691855192184
YIL016W,YOR020C,1,5.4314995,0.5636007785797119,0.28713858127593994,0.022306691855192184
YMR290C,YJL164C,0,5.4241,0.5625,0.28713858127593994,0.022406721487641335
YJL052W,YCR004C,0,5.4112577,0.5614035129547119,0.28713858127593994,0.022506751120090485
YKL117W,YBR101C,1,5.4052057,0.5622568130493164,0.2881355881690979,0.022506751120090485
YJL014W,YPL037C,1,5.404376,0.5631067752838135,0.28913259506225586,0.022506751120090485
YJL117W,YDR188W,1,5.397587,0.5639534592628479,0.2901296019554138,0.022506751120090485
YKL156W,YNL115C,0,5.3963904,0.5628626942634583,0.2901296019554138,0.022606782615184784
YBR036C,YGR116W,0,5.396368,0.5617760419845581,0.2901296019554138,0.022706812247633934
YDR011W,YOL120C,0,5.3923903,0.560693621635437,0.2901296019554138,0.022806841880083084
YDL033C,YML074C,0,5.380918,0.5596153736114502,0.2901296019554138,0.022906871512532234
YNR050C,YLR099C,0,5.3719187,0.5585412383079529,0.2901296019554138,0.023006901144981384
YML129C,YEL017C-A,0,5.3683424,0.5574712753295898,0.2901296019554138,0.023106932640075684
YNL209W,YAL005C,1,5.364806,0.5583174228668213,0.2911266088485718,0.023106932640075684
YMR142C,YDL115C,0,5.3525143,0.5572519302368164,0.2911266088485718,0.023206962272524834
YLR414C,YNL149C,0,5.3523455,0.5561904907226562,0.2911266088485718,0.023306991904973984
YNL306W,YOR182C,0,5.3520007,0.5551331043243408,0.2911266088485718,0.023407021537423134
YJR059W,YMR012W,0,5.3505087,0.5540797114372253,0.2911266088485718,0.023507053032517433
YGR231C,YDR212W,1,5.349437,0.5549242496490479,0.29212361574172974,0.023507053032517433
YDR197W,YKL056C,0,5.347956,0.553875207901001,0.29212361574172974,0.023607082664966583
YGR285C,YMR214W,1,5.3447876,0.5547170042991638,0.2931206524372101,0.023607082664966583
YDL067C,YNR016C,0,5.3358912,0.5536723136901855,0.2931206524372101,0.023707112297415733
YGR029W,YLR096W,0,5.335283,0.5526315569877625,0.2931206524372101,0.023807141929864883
YGR285C,YLR259C,1,5.334523,0.5534709095954895,0.29411765933036804,0.023807141929864883
YOR143C,YDR511W,0,5.317764,0.5524344444274902,0.29411765933036804,0.023907171562314034
YJL162C,YAL005C,1,5.316597,0.5532710552215576,0.295114666223526,0.023907171562314034
YNL301C,YNR045W,0,5.3155317,0.5522388219833374,0.295114666223526,0.024007203057408333
YJR064W,YHR176W,1,5.3135233,0.5530726313591003,0.29611167311668396,0.024007203057408333
YJL062W,YER112W,0,5.3111615,0.5520446300506592,0.29611167311668396,0.024107232689857483
YNL007C,YPL092W,0,5.3077173,0.5510203838348389,0.29611167311668396,0.024207262322306633
YER140W,YGR037C,0,5.302095,0.550000011920929,0.29611167311668396,0.024307291954755783
YGR231C,YNL153C,1,5.2997117,0.5508317947387695,0.2971086800098419,0.024307291954755783
YHR193C,YJL008C,1,5.299692,0.5516605377197266,0.2981056869029999,0.024307291954755783
YOL071W,YBR245C,0,5.2987423,0.55064457654953,0.2981056869029999,0.024407321587204933
YDR425W,YJL189W,0,5.2938776,0.5496323704719543,0.2981056869029999,0.024507353082299232
YDR188W,YHR193C,1,5.285801,0.5504587292671204,0.29910269379615784,0.024507353082299232
YGR285C,YPL064C,1,5.2831154,0.5512820482254028,0.3000997006893158,0.024507353082299232
YNL217W,YLR327C,0,5.279188,0.5502741932868958,0.3000997006893158,0.024607382714748383
YJL179W,YGR285C,1,5.2698793,0.5510948896408081,0.30109670758247375,0.024607382714748383
YKL156W,YHR010W,0,5.26906,0.5500910878181458,0.30109670758247375,0.024707412347197533
YBR101C,YCR060W,1,5.255678,0.5509091019630432,0.3020937144756317,0.024707412347197533
YPL241C,YOR232W,1,5.2554755,0.5517241358757019,0.3030907213687897,0.024707412347197533
YAL023C,YOL147C,0,5.251406,0.5507246255874634,0.3030907213687897,0.024807441979646683
YNL007C,YML048W,1,5.250557,0.5515370965003967,0.30408772826194763,0.024807441979646683
YJL117W,YOR265W,1,5.2451696,0.5523465871810913,0.3050847351551056,0.024807441979646683
YGL213C,YGL253W,0,5.2443867,0.5513513684272766,0.3050847351551056,0.024907471612095833
YCL043C,YOR349W,1,5.239808,0.5521582961082458,0.30608174204826355,0.024907471612095833
YMR281W,YDL130W,0,5.237714,0.5511669516563416,0.30608174204826355,0.025007503107190132
YDR258C,YHR057C,1,5.2343655,0.5519713163375854,0.3070787489414215,0.025007503107190132
YBL075C,YNL119W,0,5.230114,0.5509839057922363,0.3070787489414215,0.025107532739639282
YBR159W,YOL120C,0,5.227817,0.550000011920929,0.3070787489414215,0.025207562372088432
YML130C,YCR060W,1,5.2262406,0.5508021116256714,0.30807578563690186,0.025207562372088432
YML078W,YJL179W,1,5.2184243,0.5516014099121094,0.3090727925300598,0.025207562372088432
YML125C,YDR368W,0,5.216881,0.5506216883659363,0.3090727925300598,0.025307592004537582
YDR050C,YKR058W,0,5.2150135,0.5496453642845154,0.3090727925300598,0.025407621636986732
YBL054W,YOR374W,0,5.214936,0.5486725568771362,0.3090727925300598,0.025507653132081032
YJL102W,YNL151C,0,5.2125454,0.547703206539154,0.3090727925300598,0.025607682764530182
YNR028W,YPL106C,1,5.208665,0.5485008955001831,0.3100697994232178,0.025607682764530182
YBR160W,YHR010W,0,5.2082834,0.547535240650177,0.3100697994232178,0.025707712396979332
YDR258C,YGR231C,1,5.205127,0.5483304262161255,0.31106680631637573,0.025707712396979332
YPR132W,YHL047C,0,5.2042685,0.5473684072494507,0.31106680631637573,0.025807742029428482
YHR142W,YFR041C,1,5.2030773,0.5481611490249634,0.3120638132095337,0.025807742029428482
YLR207W,YKL056C,0,5.196154,0.5472028255462646,0.3120638132095337,0.025907771661877632
YDR212W,YOR232W,1,5.1942215,0.547993004322052,0.31306082010269165,0.025907771661877632
YHR101C,YGR001C,0,5.1939306,0.5470383167266846,0.31306082010269165,0.02600780315697193
YBR101C,YIL142W,1,5.1937857,0.5478261113166809,0.3140578269958496,0.02600780315697193
YNR028W,YLR449W,1,5.191783,0.5486111044883728,0.31505483388900757,0.02600780315697193
YML012W,YBR205W,0,5.189967,0.5476602911949158,0.31505483388900757,0.02610783278942108
YGR285C,YAL005C,1,5.1887946,0.5484429001808167,0.3160518407821655,0.02610783278942108
YIL016W,YGR285C,1,5.1866856,0.5492228269577026,0.3170488476753235,0.02610783278942108
YOR120W,YCR053W,0,5.1845927,0.548275887966156,0.3170488476753235,0.02620786242187023
YJL080C,YAL008W,0,5.1789227,0.5473321676254272,0.3170488476753235,0.02630789205431938
YPL154C,YCR037C,0,5.1782217,0.5463917255401611,0.3170488476753235,0.026407921686768532
YHR142W,YNL135C,1,5.1649523,0.5471698045730591,0.31804585456848145,0.026407921686768532
YDR231C,YGR116W,0,5.1499095,0.5462328791618347,0.31804585456848145,0.02650795318186283
YML125C,YDR376W,0,5.1495037,0.5452991724014282,0.31804585456848145,0.02660798281431198
YLL009C,YAL023C,0,5.1492405,0.5443686246871948,0.31804585456848145,0.02670801244676113
YOR326W,YBR122C,0,5.1487646,0.5434412360191345,0.31804585456848145,0.02680804207921028
YBR273C,YNL135C,0,5.147315,0.5425170063972473,0.31804585456848145,0.02690807171165943
YML094W,YAL005C,1,5.143918,0.5432937145233154,0.3190428614616394,0.02690807171165943
YDR077W,YML088W,0,5.1394343,0.5423728823661804,0.3190428614616394,0.02700810320675373
YHR142W,YNL148C,1,5.1308603,0.5431472063064575,0.32003986835479736,0.02700810320675373
YDR304C,YLL026W,1,5.1197934,0.5439189076423645,0.3210368752479553,0.02700810320675373
YMR152W,YDL184C,0,5.118756,0.5430017113685608,0.3210368752479553,0.02710813283920288
YJL014W,YGR132C,1,5.116733,0.5437710285186768,0.32203391194343567,0.02710813283920288
YLR192C,YBR035C,0,5.1061506,0.5428571701049805,0.32203391194343567,0.02720816247165203
YJL179W,YCL043C,1,5.105439,0.5436241626739502,0.32303091883659363,0.02720816247165203
YDL204W,YPR108W,0,5.1014686,0.5427135825157166,0.32303091883659363,0.02730819210410118
YML129C,YHR025W,0,5.0957227,0.5418060421943665,0.32303091883659363,0.02740822173655033
YPL017C,YPL090C,0,5.0931115,0.5409014821052551,0.32303091883659363,0.02750825323164463
YLR109W,YGR162W,0,5.090022,0.5400000214576721,0.32303091883659363,0.02760828286409378
YOR232W,YLR449W,1,5.0887184,0.5407654047012329,0.3240279257297516,0.02760828286409378
YEL030W,YLR449W,1,5.0862,0.5415282249450684,0.32502493262290955,0.02760828286409378
YOL071W,YOL019W,0,5.0847883,0.5406301617622375,0.32502493262290955,0.02770831249654293
YHR067W,YPL090C,0,5.08383,0.5397350788116455,0.32502493262290955,0.02780834212899208
YML078W,YML094W,1,5.083438,0.5404958724975586,0.3260219395160675,0.02780834212899208
YJR016C,YNL098C,0,5.083177,0.5396039485931396,0.3260219395160675,0.02790837176144123
YJL097W,YHL004W,0,5.078623,0.5387150049209595,0.3260219395160675,0.02800840325653553
YJR045C,YJR046W,1,5.0750017,0.5394737124443054,0.32701894640922546,0.02800840325653553
YLR109W,YOL092W,0,5.072258,0.5385878682136536,0.32701894640922546,0.02810843288898468
YKL004W,YJL048C,0,5.0649095,0.5377049446105957,0.32701894640922546,0.02820846252143383
YMR186W,YMR161W,1,5.0632315,0.5384615659713745,0.3280159533023834,0.02820846252143383
YNL006W,YDR151C,1,5.061979,0.5392156839370728,0.3290129601955414,0.02820846252143383
YPR132W,YHR028C,0,5.0585585,0.5383360385894775,0.3290129601955414,0.02830849215388298
YJR015W,YGR234W,0,5.0558834,0.5374592542648315,0.3290129601955414,0.02840852178633213
YML085C,YHR010W,0,5.0543337,0.5365853905677795,0.3290129601955414,0.02850855328142643
YDR011W,YKL056C,0,5.051593,0.5357142686843872,0.3290129601955414,0.02860858291387558
YHR034C,YDR519W,1,5.049122,0.5364667773246765,0.33000996708869934,0.02860858291387558
YBR072W,YJL162C,1,5.048253,0.53721684217453,0.3310069739818573,0.02860858291387558
YLR214W,YDR342C,0,5.046501,0.5363489389419556,0.3310069739818573,0.02870861254632473
YDR074W,YLL022C,0,5.0454044,0.5354838967323303,0.3310069739818573,0.02880864217877388
YLR200W,YLR449W,1,5.040017,0.5362318754196167,0.33200398087501526,0.02880864217877388
YKL011C,YJL136C,0,5.0395,0.5353697538375854,0.33200398087501526,0.02890867181122303
YHR021C,YLR446W,0,5.0374556,0.5345104336738586,0.33200398087501526,0.02900870330631733
YNL281W,YMR214W,1,5.0357113,0.5352563858032227,0.3330009877681732,0.02900870330631733
YML048W,YLR449W,1,5.034812,0.5360000133514404,0.3339979946613312,0.02900870330631733
YIR004W,YGR285C,1,5.0342817,0.5367411971092224,0.33499500155448914,0.02900870330631733
YIR014W,YDL112W,0,5.030553,0.5358851552009583,0.33499500155448914,0.02910873293876648
YBL075C,YKL212W,0,5.030209,0.5350318551063538,0.33499500155448914,0.02920876257121563
YMR139W,YCL059C,0,5.0279655,0.5341812372207642,0.33499500155448914,0.02930879220366478
YEL017C-A,YDR330W,0,5.024728,0.5333333611488342,0.33499500155448914,0.02940882183611393
YHR142W,YHR057C,1,5.02472,0.5340728759765625,0.3359920382499695,0.02940882183611393
YCR069W,YOR349W,1,5.022108,0.5348101258277893,0.33698904514312744,0.02940882183611393
YDR518W,YCL043C,1,5.021989,0.5355450510978699,0.3379860520362854,0.02940882183611393
YJL117W,YER048C,1,5.0179796,0.5362775921821594,0.33898305892944336,0.02940882183611393
YDR238C,YGL106W,0,5.015929,0.5354330539703369,0.33898305892944336,0.02950885333120823
YJL179W,YOR232W,1,5.0154824,0.5361635088920593,0.3399800658226013,0.02950885333120823
YPL231W,YLR356W,0,5.0135584,0.535321831703186,0.3399800658226013,0.02960888296365738
YER103W,YFL016C,1,5.0119495,0.5360501408576965,0.3409770727157593,0.02960888296365738
YMR257C,YOR063W,0,5.0094347,0.5352112650871277,0.3409770727157593,0.02970891259610653
YPR102C,YIL138C,0,5.008731,0.534375011920929,0.3409770727157593,0.02980894222855568
YBR001C,YEL015W,0,5.00663,0.5335413217544556,0.3409770727157593,0.02990897186100483
YPL226W,YMR150C,0,5.0047646,0.5327102541923523,0.3409770727157593,0.03000900335609913
YDR239C,YOR369C,0,5.0031614,0.5318818092346191,0.3409770727157593,0.03010903298854828
YER131W,YJL156C,0,4.9947796,0.5310559272766113,0.3409770727157593,0.03020906262099743
YLR096W,YPL214C,0,4.99276,0.5302325487136841,0.3409770727157593,0.03030909225344658
YCL043C,YDR252W,1,4.990447,0.5309597253799438,0.34197407960891724,0.03030909225344658
YIR037W,YOL080C,0,4.9875803,0.5301390886306763,0.34197407960891724,0.03040912188589573
YGR008C,YBL061C,0,4.9865823,0.529321014881134,0.34197407960891724,0.03050915338099003
YAL005C,YHR057C,1,4.982967,0.5300462245941162,0.3429710865020752,0.03050915338099003
YMR200W,YLR090W,1,4.9797525,0.5307692289352417,0.34396809339523315,0.03050915338099003
YMR307W,YML070W,0,4.9783807,0.5299538969993591,0.34396809339523315,0.03060918301343918
YBR155W,YBR101C,1,4.9772882,0.5306748747825623,0.3449651002883911,0.03060918301343918
YJL080C,YLR246W,0,4.9772053,0.5298621654510498,0.3449651002883911,0.03070921264588833
YML094W,YJL052W,0,4.9763784,0.5290519595146179,0.3449651002883911,0.03080924227833748
YDL204W,YOL123W,0,4.974536,0.5282442569732666,0.3449651002883911,0.03090927191078663
YGL018C,YLL026W,1,4.973324,0.5289633870124817,0.3459621071815491,0.03090927191078663
YBR036C,YIL051C,0,4.9730024,0.5281583070755005,0.3459621071815491,0.031009303405880928
YML104C,YGR037C,0,4.971593,0.5273556113243103,0.3459621071815491,0.031109333038330078
YCL059C,YDL112W,0,4.96913,0.5265553593635559,0.3459621071815491,0.031209362670779228
YDR219C,YDL130W,0,4.9681797,0.5257575511932373,0.3459621071815491,0.03130939230322838
YNL301C,YOR067C,0,4.9671965,0.5249621868133545,0.3459621071815491,0.03140942379832268
YGL018C,YGR078C,1,4.951394,0.5256797671318054,0.34695911407470703,0.03140942379832268
YDR069C,YOL149W,0,4.9506836,0.5248869061470032,0.34695911407470703,0.03150945156812668
YMR307W,YHL047C,0,4.9479895,0.5240963697433472,0.34695911407470703,0.03160948306322098
YLL009C,YBR160W,0,4.9379654,0.523308277130127,0.34695911407470703,0.03170951455831528
YJL073W,YLR216C,1,4.936262,0.5240240097045898,0.347956120967865,0.03170951455831528
YLL024C,YPL037C,1,4.9352374,0.5247376561164856,0.34895312786102295,0.03170951455831528
YLR048W,YNL191W,0,4.9327884,0.523952066898346,0.34895312786102295,0.03180954232811928
YDL115C,YPL220W,0,4.9279323,0.5231689214706421,0.34895312786102295,0.03190957382321358
YLR371W,YAL035W,0,4.9250183,0.5223880410194397,0.34895312786102295,0.03200960159301758
YNL153C,YNL310C,1,4.923931,0.5230998396873474,0.3499501347541809,0.03200960159301758
YPR028W,YKL143W,0,4.920412,0.5223214030265808,0.3499501347541809,0.03210963308811188
YJR098C,YKL056C,0,4.920269,0.5215452909469604,0.3499501347541809,0.03220966458320618
YLR286C,YER007W,0,4.9182806,0.5207715034484863,0.3499501347541809,0.03230969235301018
YLR216C,YDR155C,1,4.9181066,0.521481454372406,0.35094717144966125,0.03230969235301018
YBR273C,YDR077W,0,4.916456,0.5207100510597229,0.35094717144966125,0.03240972384810448
YKL004W,YDR224C,0,4.9144726,0.5199409127235413,0.35094717144966125,0.03250975161790848
YJL143W,YDR486C,0,4.912528,0.5191740393638611,0.35094717144966125,0.03260978311300278
YJL221C,YGR123C,0,4.908339,0.5184094309806824,0.35094717144966125,0.032709814608097076
YPL144W,YHL036W,0,4.9081783,0.5176470875740051,0.35094717144966125,0.03280984237790108
YIR017C,YGL031C,0,4.899753,0.5168869495391846,0.35094717144966125,0.03290987387299538
YPL144W,YGR194C,0,4.894546,0.5161290168762207,0.35094717144966125,0.03300990164279938
YML074C,YAL005C,1,4.893821,0.516837477684021,0.3519441783428192,0.03300990164279938
YDR341C,YCR096C,0,4.892768,0.5160818696022034,0.3519441783428192,0.03310993313789368
YEL003W,YOR265W,1,4.8918,0.5167883038520813,0.3529411852359772,0.03310993313789368
YEL058W,YEL002C,0,4.8915586,0.5160349607467651,0.3529411852359772,0.033209964632987976
YOR167C,YBL037W,0,4.8883696,0.5152838230133057,0.3529411852359772,0.03330999240279198
YBL064C,YOR221C,0,4.885493,0.5145348906517029,0.3529411852359772,0.033410023897886276
YPL226W,YBR185C,0,4.878406,0.513788104057312,0.3529411852359772,0.03351005166769028
YIL051C,YOL071W,0,4.870391,0.5130434632301331,0.3529411852359772,0.033610083162784576
YBR036C,YER088C,0,4.8665514,0.5123010277748108,0.3529411852359772,0.033710114657878876
YOR182C,YLR176C,0,4.865053,0.5115606784820557,0.3529411852359772,0.03381014242768288
YDR279W,YHR025W,0,4.8619957,0.5108225345611572,0.3529411852359772,0.033910173922777176
YNL001W,YDR032C,0,4.860765,0.5100864768028259,0.3529411852359772,0.03401020169258118
YER087C-A,YDL082W,0,4.8581405,0.5093525052070618,0.3529411852359772,0.034110233187675476
YNL129W,YLR099C,0,4.853201,0.5086206793785095,0.3529411852359772,0.034210264682769775
YBR155W,YDR188W,1,4.8528004,0.5093256831169128,0.35393819212913513,0.034210264682769775
YMR186W,YDR151C,1,4.845375,0.5100286602973938,0.3549351990222931,0.034210264682769775
YDR258C,YML048W,1,4.8447022,0.5107296109199524,0.35593220591545105,0.034210264682769775
YPL106C,YMR161W,1,4.843637,0.5114285945892334,0.356929212808609,0.034210264682769775
YNL209W,YHR057C,1,4.843605,0.512125551700592,0.35792621970176697,0.034210264682769775
YML078W,YJL034W,1,4.840461,0.5128205418586731,0.3589232265949249,0.034210264682769775
YAL012W,YDR103W,0,4.8360014,0.5120910406112671,0.3589232265949249,0.034310292452573776
YMR051C,YDR231C,0,4.835843,0.5113636255264282,0.3589232265949249,0.034410323947668076
YDR342C,YJL190C,0,4.835148,0.5106382966041565,0.3589232265949249,0.034510351717472076
YDR518W,YOR265W,1,4.83463,0.5113314390182495,0.3599202334880829,0.034510351717472076
YML130C,YOR288C,1,4.8332915,0.5120226144790649,0.36091724038124084,0.034510351717472076
YMR186W,YPL037C,1,4.8311696,0.5127118825912476,0.3619142472743988,0.034510351717472076
YNL322C,YDR283C,0,4.830735,0.5119886994361877,0.3619142472743988,0.034610383212566376
YNL135C,YOR349W,1,4.8240175,0.5126760601997375,0.36291125416755676,0.034610383212566376
YDR086C,YBL022C,0,4.8207994,0.5119549632072449,0.36291125416755676,0.034710414707660675
YML124C,YGR234W,0,4.808639,0.5112359523773193,0.36291125416755676,0.034810442477464676
YDR533C,YJL097W,0,4.8086357,0.5105189085006714,0.36291125416755676,0.034910473972558975
YBR159W,YLR109W,0,4.8062096,0.5098039507865906,0.36291125416755676,0.035010501742362976
YNR043W,YOR369C,0,4.804826,0.5090909004211426,0.36291125416755676,0.035110533237457275
YGL161C,YML085C,0,4.8038697,0.5083798766136169,0.36291125416755676,0.035210564732551575
YDR495C,YPL090C,0,4.802352,0.5076708793640137,0.36291125416755676,0.035310592502355576
YNL112W,YJR155W,0,4.8016148,0.5069637894630432,0.36291125416755676,0.035410623997449875
YHR193C,YGL018C,1,4.8011394,0.5076495409011841,0.3639082610607147,0.035410623997449875
YML116W,YOR374W,0,4.8005867,0.5069444179534912,0.3639082610607147,0.035510651767253876
YNL301C,YGR106C,0,4.8005285,0.5062413215637207,0.3639082610607147,0.035610683262348175
YPL106C,YFL023W,1,4.799672,0.5069252252578735,0.36490529775619507,0.035610683262348175
YLR221C,YKL181W,0,4.7984076,0.5062240958213806,0.36490529775619507,0.035710714757442474
YDR387C,YER126C,0,4.792485,0.5055248737335205,0.36490529775619507,0.035810742527246475
YJR016C,YLR176C,0,4.7921705,0.5048275589942932,0.36490529775619507,0.035910774022340775
YLL024C,YNL064C,1,4.79129,0.505509614944458,0.365902304649353,0.035910774022340775
YJR104C,YCR037C,0,4.7887993,0.5048143267631531,0.365902304649353,0.036010801792144775
YIL142W,YOR232W,1,4.7876945,0.5054945349693298,0.366899311542511,0.036010801792144775
YHR142W,YAL053W,1,4.7861786,0.5061728358268738,0.36789631843566895,0.036010801792144775
YML116W,YJL097W,0,4.7782764,0.5054794549942017,0.36789631843566895,0.036110833287239075
YBR072W,YGR132C,1,4.7635756,0.5061559677124023,0.3688933253288269,0.036110833287239075
YBR273C,YDL184C,0,4.7595615,0.505464494228363,0.3688933253288269,0.036210864782333374
YJL034W,YDR155C,1,4.758336,0.5061391592025757,0.36989033222198486,0.036210864782333374
YMR233W,YOR369C,0,4.7545185,0.5054495930671692,0.36989033222198486,0.036310892552137375
YPL037C,YPL064C,1,4.7535505,0.5061224699020386,0.3708873391151428,0.036310892552137375
YJL117W,YPL241C,1,4.7519226,0.5067934989929199,0.3718843460083008,0.036310892552137375
YLR201C,YMR188C,0,4.749363,0.5061058402061462,0.3718843460083008,0.036410924047231674
YIL109C,YLR010C,0,4.7450275,0.5054200291633606,0.3718843460083008,0.036510951817035675
YER087C-A,YEL059C-A,0,4.743849,0.5047361254692078,0.3718843460083008,0.036610983312129974
YBR286W,YLR418C,0,4.74256,0.504054069519043,0.3718843460083008,0.036711014807224274
YCR069W,YLR090W,1,4.7406034,0.5047233700752258,0.37288135290145874,0.036711014807224274
YMR142C,YGR002C,0,4.7402353,0.5040431022644043,0.37288135290145874,0.036811042577028275
YOR046C,YCL050C,0,4.7374086,0.5033647418022156,0.37288135290145874,0.036911074072122574
YDL136W,YPL154C,0,4.735584,0.5026881694793701,0.37288135290145874,0.037011101841926575
YOL077C,YNR047W,0,4.735263,0.5020134449005127,0.37288135290145874,0.037111133337020874
YNL322C,YNL096C,0,4.733292,0.5013405084609985,0.37288135290145874,0.03721116483211517
YCR069W,YOR232W,1,4.733232,0.5020080208778381,0.3738783597946167,0.03721116483211517
YLR109W,YPL153C,0,4.7243223,0.5013368725776672,0.3738783597946167,0.037311192601919174
YGL128C,YCR060W,1,4.721999,0.5020026564598083,0.37487536668777466,0.037311192601919174
YIL016W,YDR518W,1,4.7205048,0.5026666522026062,0.3758723735809326,0.037311192601919174
YML043C,YFL044C,0,4.711586,0.5019973516464233,0.3758723735809326,0.037411224097013474
YMR264W,YLR100W,0,4.7070923,0.501329779624939,0.3758723735809326,0.037511251866817474
YDR258C,YNL135C,1,4.705594,0.5019920468330383,0.3768693804740906,0.037511251866817474
YGR285C,YIL142W,1,4.705026,0.5026525259017944,0.37786638736724854,0.037511251866817474
YBR072W,YIL016W,1,4.70428,0.503311276435852,0.3788634240627289,0.037511251866817474
YAL005C,YFL023W,1,4.703004,0.5039682388305664,0.37986043095588684,0.037511251866817474
YDR425W,YKL164C,0,4.702595,0.5033025145530701,0.37986043095588684,0.037611283361911774
YDR088C,YPL154C,0,4.698059,0.5026385188102722,0.37986043095588684,0.03771131485700607
YER056C-A,YDR086C,0,4.698002,0.5019763112068176,0.37986043095588684,0.037811342626810074
YOR027W,YOR265W,1,4.6946807,0.5026316046714783,0.3808574378490448,0.037811342626810074
YER082C,YDR077W,0,4.693144,0.5019710659980774,0.3808574378490448,0.03791137412190437
YGL185C,YGL040C,0,4.6913695,0.5013123154640198,0.3808574378490448,0.038011401891708374
YKL117W,YDR304C,1,4.690078,0.5019659399986267,0.38185444474220276,0.038011401891708374
YMR314W,YMR311C,0,4.688277,0.5013089179992676,0.38185444474220276,0.03811143338680267
YJL158C,YOL125W,0,4.6870675,0.5006536245346069,0.38185444474220276,0.03821146488189697
YBR036C,YDL110C,0,4.6848664,0.5,0.38185444474220276,0.038311492651700974
YML040W,YLR158C,0,4.6789403,0.49934810400009155,0.38185444474220276,0.03841152414679527
YIL074C,YDR418W,0,4.6729617,0.4986979067325592,0.38185444474220276,0.038511551916599274
YDR011W,YEL054C,0,4.6672077,0.49804940819740295,0.38185444474220276,0.03861158341169357
YGL185C,YKL181W,0,4.6671944,0.4974026083946228,0.38185444474220276,0.03871161490678787
YDR158W,YPL154C,0,4.6668835,0.496757447719574,0.38185444474220276,0.03881164267659187
YPL123C,YAL025C,0,4.6465364,0.49611398577690125,0.38185444474220276,0.03891167417168617
YDR074W,YBL082C,0,4.6438913,0.4954721927642822,0.38185444474220276,0.03901170194149017
YMR307W,YML095C,0,4.643308,0.49483203887939453,0.38185444474220276,0.03911173343658447
YPR132W,YCR098C,0,4.6396055,0.49419355392456055,0.38185444474220276,0.03921176493167877
YNL153C,YDR151C,1,4.635108,0.49484536051750183,0.3828514516353607,0.03921176493167877
YOL139C,YNR047W,0,4.634813,0.4942084848880768,0.3828514516353607,0.03931179270148277
YML074C,YKL117W,1,4.6315184,0.49485862255096436,0.3838484585285187,0.03931179270148277
YDR188W,YPL106C,1,4.6311054,0.49550706148147583,0.38484546542167664,0.03931179270148277
YDR046C,YPR184W,0,4.630948,0.4948717951774597,0.38484546542167664,0.03941182419657707
YAL035W,YER153C,0,4.629694,0.4942381680011749,0.38484546542167664,0.03951185196638107
YNR028W,YNL077W,1,4.624462,0.4948849081993103,0.3858424723148346,0.03951185196638107
YDR400W,YIL124W,0,4.609016,0.49425286054611206,0.3858424723148346,0.03961188346147537
YML130C,YGL018C,1,4.606369,0.4948979616165161,0.38683947920799255,0.03961188346147537
YER140W,YKR094C,0,4.606119,0.4942675232887268,0.38683947920799255,0.03971191495656967
YNR061C,YNL098C,0,4.6049767,0.49363866448402405,0.38683947920799255,0.03981194272637367
YLR188W,YOL092W,0,4.60423,0.4930114448070526,0.38683947920799255,0.03991197422146797
YNL077W,YNL135C,1,4.6040564,0.4936548173427582,0.3878364861011505,0.03991197422146797
YLR304C,YJL136C,0,4.5990696,0.4930291473865509,0.3878364861011505,0.04001200199127197
YIR036C,YBR084W,0,4.5949125,0.4924050569534302,0.3878364861011505,0.04011203348636627
YBR101C,YOR288C,1,4.5929565,0.4930467903614044,0.38883349299430847,0.04011203348636627
YNL322C,YDL184C,0,4.590849,0.49242424964904785,0.38883349299430847,0.04021206498146057
YGR047C,YPL220W,0,4.5851326,0.49180328845977783,0.38883349299430847,0.04031209275126457
YDR425W,YNL129W,0,4.5850935,0.491183876991272,0.38883349299430847,0.04041212424635887
YER099C,YAL012W,0,4.5848536,0.49056604504585266,0.38883349299430847,0.04051215201616287
YCR053W,YPR081C,0,4.5837135,0.4899497628211975,0.38883349299430847,0.04061218351125717
YPR048W,YPR184W,0,4.5824842,0.48933500051498413,0.38883349299430847,0.04071221500635147
YJL034W,YGL018C,1,4.5824184,0.4899749457836151,0.38983049988746643,0.04071221500635147
YOL127W,YOL100W,0,4.5823345,0.4893617033958435,0.38983049988746643,0.04081224277615547
YPL090C,YGR037C,0,4.5819693,0.48875001072883606,0.38983049988746643,0.04091227427124977
YOR124C,YNL149C,0,4.5818844,0.4881398379802704,0.38983049988746643,0.04101230204105377
YPL144W,YPL074W,0,4.5814753,0.4875311851501465,0.38983049988746643,0.04111233353614807
YOR143C,YOR386W,0,4.5787687,0.48692402243614197,0.38983049988746643,0.04121236503124237
YJR016C,YER161C,0,4.576885,0.4863184094429016,0.38983049988746643,0.04131239280104637
YDR188W,YBR169C,1,4.5758133,0.48695650696754456,0.3908275067806244,0.04131239280104637
YNL129W,YDR231C,0,4.574854,0.4863523542881012,0.3908275067806244,0.04141242429614067
YGR123C,YDL180W,0,4.5733986,0.4857496917247772,0.3908275067806244,0.04151245206594467
YIR014W,YOL133W,0,4.570341,0.48514851927757263,0.3908275067806244,0.04161248356103897
YPL111W,YAL025C,0,4.569274,0.4845488369464874,0.3908275067806244,0.04171251505613327
YPR063C,YJL101C,0,4.5686893,0.4839506149291992,0.3908275067806244,0.04181254282593727
YDR519W,YOR265W,1,4.5674267,0.4845869243144989,0.39182451367378235,0.04181254282593727
YGL120C,YER056C-A,0,4.566563,0.4839901626110077,0.39182451367378235,0.04191257432103157
YER126C,YGR262C,0,4.5664067,0.4833948314189911,0.39182451367378235,0.04201260209083557
YCR004C,YDR447C,0,4.563456,0.48280099034309387,0.39182451367378235,0.04211263358592987
YJR032W,YDR304C,1,4.562483,0.48343557119369507,0.3928215205669403,0.04211263358592987
YER025W,YIL078W,0,4.561697,0.4828431308269501,0.3928215205669403,0.04221266508102417
YNL248C,YGL157W,0,4.5559754,0.4822521507740021,0.3928215205669403,0.04231269285082817
YPR132W,YPL123C,0,4.5547934,0.4816626012325287,0.3928215205669403,0.04241272434592247
YJL014W,YBR101C,1,4.5530705,0.4822954833507538,0.39381855726242065,0.04241272434592247
YNL007C,YOR288C,1,4.552129,0.4829268157482147,0.3948155641555786,0.04241272434592247
YEL065W,YER088C,0,4.547534,0.4823386073112488,0.3948155641555786,0.04251275211572647
YMR256C,YDL065C,0,4.5464272,0.48175182938575745,0.3948155641555786,0.04261278361082077
YNL322C,YPR073C,0,4.546138,0.48116645216941833,0.3948155641555786,0.04271281510591507
YNL159C,YDR050C,0,4.5441227,0.4805825352668762,0.3948155641555786,0.04281284287571907
YPL144W,YJL136C,0,4.5376463,0.47999998927116394,0.3948155641555786,0.04291287437081337
YHR193C,YCR060W,1,4.5347614,0.4806295335292816,0.3958125710487366,0.04291287437081337
YDR341C,YEL058W,0,4.5339603,0.48004835844039917,0.3958125710487366,0.04301290214061737
YBR001C,YGR075C,0,4.5306926,0.47946861386299133,0.3958125710487366,0.04311293363571167
YDR481C,YNL306W,0,4.530591,0.47889024019241333,0.3958125710487366,0.04321296513080597
YOR175C,YER025W,0,4.530431,0.47831326723098755,0.3958125710487366,0.04331299290060997
YBR291C,YLR286C,0,4.525959,0.4777376651763916,0.3958125710487366,0.04341302439570427
YIL051C,YEL015W,0,4.5223417,0.4771634638309479,0.3958125710487366,0.04351305216550827
YGL059W,YGR037C,0,4.521738,0.476590633392334,0.3958125710487366,0.04361308366060257
YMR142C,YGR154C,0,4.5187936,0.4760191738605499,0.3958125710487366,0.04371311515569687
YEL038W,YPR118W,0,4.517903,0.4754491150379181,0.3958125710487366,0.04381314292550087
YNL064C,YLR449W,1,4.5107903,0.47607654333114624,0.39680957794189453,0.04381314292550087
YHR181W,YDR088C,0,4.510326,0.4755077660083771,0.39680957794189453,0.04391317442059517
YGR262C,YJL189W,0,4.5094604,0.47494032979011536,0.39680957794189453,0.04401320219039917
YGR285C,YDL212W,1,4.5092607,0.47556614875793457,0.3978065848350525,0.04401320219039917
YMR289W,YJR045C,0,4.508853,0.4749999940395355,0.3978065848350525,0.04411323368549347
YEL054C,YAL062W,0,4.506666,0.4744352102279663,0.3978065848350525,0.04421326518058777
YJL117W,YGL018C,1,4.505578,0.4750593900680542,0.39880359172821045,0.04421326518058777
YMR004W,YLR441C,0,4.5034432,0.47449585795402527,0.39880359172821045,0.04431329295039177
YOL092W,YDR158W,0,4.503217,0.4739336371421814,0.39880359172821045,0.04441332444548607
YDR341C,YOR347C,0,4.5020175,0.47337278723716736,0.39880359172821045,0.04451335221529007
YOR288C,YNL077W,1,4.501129,0.47399526834487915,0.3998005986213684,0.04451335221529007
YLR096W,YNL007C,0,4.5005846,0.4734356701374054,0.3998005986213684,0.04461338371038437
YJL162C,YLR259C,1,4.499487,0.474056601524353,0.40079760551452637,0.04461338371038437
YJL117W,YJR032W,1,4.493641,0.47467610239982605,0.4017946124076843,0.04461338371038437
YER087C-A,YDL056W,0,4.4923973,0.474117636680603,0.4017946124076843,0.04471341520547867
YPL106C,YNL185C,0,4.4899154,0.47356051206588745,0.4017946124076843,0.04481344297528267
YKL011C,YLR441C,0,4.486834,0.47300469875335693,0.4017946124076843,0.04491347447037697
YIL101C,YAR010C,0,4.4860725,0.4724501669406891,0.4017946124076843,0.04501350224018097
YJR104C,YNL129W,0,4.482458,0.4718969464302063,0.4017946124076843,0.04511353373527527
YCR053W,YKR097W,0,4.4819746,0.47134503722190857,0.4017946124076843,0.04521356523036957
YEL065W,YML060W,0,4.4817667,0.4707943797111511,0.4017946124076843,0.04531359300017357
YLL062C,YPR042C,0,4.4806676,0.47024503350257874,0.4017946124076843,0.04541362449526787
YDR107C,YNL162W,0,4.479311,0.469696968793869,0.4017946124076843,0.04551365226507187
YGL206C,YPL220W,0,4.475429,0.469150185585022,0.4017946124076843,0.04561368376016617
YDL007W,YBR048W,0,4.4726353,0.4686046540737152,0.4017946124076843,0.04571371525526047
YPL037C,YIL142W,1,4.4698153,0.469221830368042,0.4027916193008423,0.04571371525526047
YCR004C,YAL035W,0,4.469628,0.46867749094963074,0.4027916193008423,0.04581374302506447
YML012W,YPR016C,0,4.468189,0.46813440322875977,0.4027916193008423,0.04591377452015877
YPR048W,YLR448W,0,4.4680753,0.46759259700775146,0.4027916193008423,0.04601380228996277
YBR205W,YDL146W,0,4.4674253,0.46705201268196106,0.4027916193008423,0.04611383378505707
YBR050C,YJL148W,0,4.4662337,0.4665127098560333,0.4027916193008423,0.04621386528015137
YMR256C,YNL248C,0,4.4626684,0.4659746289253235,0.4027916193008423,0.04631389304995537
YNL007C,YEL050C,0,4.4586153,0.46543779969215393,0.4027916193008423,0.04641392454504967
YML078W,YNL281W,1,4.4584155,0.46605291962623596,0.40378862619400024,0.04641392454504967
YER087C-A,YAL053W,0,4.4554114,0.4655172526836395,0.40378862619400024,0.04651395604014397
YOR232W,YGR078C,1,4.4506154,0.4661308825016022,0.4047856330871582,0.04651395604014397
YPL221W,YNL281W,1,4.4500446,0.4667431116104126,0.40578263998031616,0.04651395604014397
YNL006W,YMR200W,1,4.4497232,0.4673539400100708,0.4067796468734741,0.04651395604014397
YIL125W,YIL078W,0,4.448172,0.46681922674179077,0.4067796468734741,0.04661398380994797
YJL158C,YLR403W,0,4.445907,0.46628570556640625,0.4067796468734741,0.04671401530504227
YDR086C,YDR139C,0,4.4430056,0.465753436088562,0.4067796468734741,0.04681404307484627
YIL109C,YOR182C,0,4.440157,0.4652223587036133,0.4067796468734741,0.04691407456994057
YBR175W,YIL136W,0,4.437313,0.46469247341156006,0.4067796468734741,0.047014106065034866
YHR160C,YAR010C,0,4.4372783,0.46416381001472473,0.4067796468734741,0.04711413383483887
YMR080C,YBL075C,0,4.4345484,0.4636363685131073,0.4067796468734741,0.047214165329933167
YKL156W,YDR529C,0,4.4326987,0.463110089302063,0.4067796468734741,0.04731419309973717
YJL136C,YBL055C,0,4.432526,0.4625850319862366,0.4067796468734741,0.04741422459483147
YDL065C,YER112W,0,4.432125,0.46206116676330566,0.4067796468734741,0.047514256089925766
YER083C,YDL108W,0,4.4309216,0.4615384638309479,0.4067796468734741,0.04761428385972977
YJL179W,YPL037C,1,4.4289093,0.4621468782424927,0.40777668356895447,0.04761428385972977
YNL281W,YOR349W,1,4.428342,0.46275395154953003,0.4087736904621124,0.04761428385972977
YKL034W,YLR327C,0,4.42404,0.46223223209381104,0.4087736904621124,0.047714315354824066
YDR046C,YBR055C,0,4.4228964,0.46171170473098755,0.4087736904621124,0.04781434312462807
YNL185C,YKL181W,0,4.422847,0.4611923396587372,0.4087736904621124,0.047914374619722366
YNL301C,YML060W,0,4.422606,0.4606741666793823,0.4087736904621124,0.048014406114816666
YAL044C,YGR218W,0,4.421768,0.4601571261882782,0.4087736904621124,0.048114433884620667
YEL013W,YNL162W,0,4.4213147,0.4596412479877472,0.4087736904621124,0.048214465379714966
YFL036W,YBR048W,0,4.420846,0.4591265320777893,0.4087736904621124,0.04831449314951897
YGL136C,YPL143W,0,4.418949,0.45861297845840454,0.4087736904621124,0.048414524644613266
YBR101C,YMR161W,1,4.4189115,0.4592178761959076,0.4097706973552704,0.048414524644613266
YPL144W,YDR329C,0,4.416381,0.4587053656578064,0.4097706973552704,0.048514556139707565
YHR064C,YDR151C,1,4.416345,0.45930880308151245,0.41076770424842834,0.048514556139707565
YIL016W,YJR046W,1,4.415045,0.45991089940071106,0.4117647111415863,0.048514556139707565
YEL059C-A,YBL039C,0,4.4134154,0.45939934253692627,0.4117647111415863,0.048614583909511566
YBR155W,YDR519W,1,4.413354,0.46000000834465027,0.41276171803474426,0.048614583909511566
YPR132W,YOR150W,0,4.412233,0.45948946475982666,0.41276171803474426,0.048714615404605865
YDR212W,YNL153C,1,4.4113774,0.46008870005607605,0.4137587249279022,0.048714615404605865
YER095W,YAL023C,0,4.4069853,0.4595791697502136,0.4137587249279022,0.048814643174409866
YMR142C,YHL019C,0,4.4027944,0.4590708017349243,0.4137587249279022,0.048914674669504166
YOR143C,YOR120W,0,4.401618,0.45856353640556335,0.4137587249279022,0.049014706164598465
YML074C,YLR259C,1,4.396866,0.4591611623764038,0.4147557318210602,0.049014706164598465
YLR266C,YCL059C,0,4.3929806,0.45865491032600403,0.4147557318210602,0.049114733934402466
YDR231C,YLR186W,0,4.3920164,0.458149790763855,0.4147557318210602,0.049214765429496765
YLR142W,YNL301C,0,4.3918934,0.4576457738876343,0.4147557318210602,0.049314793199300766
YPL090C,YOL007C,0,4.3874655,0.4571428596973419,0.4147557318210602,0.049414824694395065
YMR186W,YNL077W,1,4.38523,0.4577387571334839,0.41575273871421814,0.049414824694395065
YGL253W,YGL059W,0,4.3834724,0.4572368562221527,0.41575273871421814,0.049514856189489365
YJR104C,YDR465C,0,4.381034,0.4567360281944275,0.41575273871421814,0.049614883959293365
YIL051C,YIL124W,0,4.380165,0.456236332654953,0.41575273871421814,0.049714915454387665
YLR099C,YML063W,0,4.3788376,0.4557377099990845,0.41575273871421814,0.049814943224191666
YJL179W,YJR017C,1,4.3787203,0.45633187890052795,0.4167497456073761,0.049814943224191666
YJL162C,YLL024C,1,4.3782916,0.45692476630210876,0.41774675250053406,0.049814943224191666
YPL220W,YDR487C,0,4.3773613,0.4564270079135895,0.41774675250053406,0.049914974719285965
YPL106C,YJR013W,0,4.374852,0.45593035221099854,0.41774675250053406,0.050015006214380264
YBR072W,YML048W,1,4.373557,0.45652174949645996,0.418743759393692,0.050015006214380264
YOL125W,YIL124W,0,4.371019,0.4560260474681854,0.418743759393692,0.050115033984184265
YPL106C,YKL034W,0,4.37066,0.45553144812583923,0.418743759393692,0.050215065479278564
YER112W,YOR374W,0,4.3616476,0.455037921667099,0.418743759393692,0.050315093249082565
YIL074C,YGR162W,0,4.359949,0.4545454680919647,0.418743759393692,0.050415124744176865
YAL035W,YOR244W,0,4.359523,0.454054057598114,0.418743759393692,0.050515156239271164
YLR142W,YIR009W,0,4.354317,0.45356371998786926,0.418743759393692,0.050615184009075165
YBR036C,YDR231C,0,4.3501015,0.4530744254589081,0.418743759393692,0.050715215504169464
YPL221W,YJR032W,1,4.349558,0.45366379618644714,0.41974076628685,0.050715215504169464
YPR063C,YLR127C,0,4.3492584,0.45317545533180237,0.41974076628685,0.050815243273973465
YML012W,YPL149W,0,4.3461046,0.45268815755844116,0.41974076628685,0.050915274769067764
YNL064C,YLR090W,1,4.344965,0.45327603816986084,0.42073777318000793,0.050915274769067764
YIR004W,YIL142W,1,4.3443546,0.45386266708374023,0.4217348098754883,0.050915274769067764
YBR273C,YGR075C,0,4.341464,0.4533762037754059,0.4217348098754883,0.051015306264162064
YGR231C,YBR169C,1,4.3386116,0.45396146178245544,0.42273181676864624,0.051015306264162064
YER061C,YGR116W,0,4.338397,0.4534759223461151,0.42273181676864624,0.051115334033966064
YOR232W,YCR060W,1,4.3356895,0.4540598392486572,0.4237288236618042,0.051115334033966064
YPL241C,YDR519W,1,4.3340583,0.45464247465133667,0.42472583055496216,0.051115334033966064
YDR046C,YFR015C,0,4.3338113,0.4541577696800232,0.42472583055496216,0.051215365529060364
YHL032C,YOR131C,0,4.333456,0.4536741077899933,0.42472583055496216,0.051315393298864365
YOR288C,YGR200C,0,4.3333883,0.45319148898124695,0.42472583055496216,0.051415424793958664
YBR072W,YPL064C,1,4.3328114,0.45377257466316223,0.4257228374481201,0.051415424793958664
YBR175W,YNL162W,0,4.332328,0.4532908797264099,0.4257228374481201,0.05151545628905296
YBL078C,YCR053W,0,4.3311753,0.4528101682662964,0.4257228374481201,0.051615484058856964
YNL166C,YDL130W-A,0,4.3311205,0.45233049988746643,0.4257228374481201,0.05171551555395126
YDL065C,YPL123C,0,4.3300714,0.45185184478759766,0.4257228374481201,0.051815543323755264
YHR046C,YLR327C,0,4.3250823,0.45137420296669006,0.4257228374481201,0.051915574818849564
YER113C,YBR185C,0,4.320315,0.45089757442474365,0.4257228374481201,0.05201560631394386
YDR518W,YDR214W,1,4.320295,0.4514767825603485,0.4267198443412781,0.05201560631394386
YPL111W,YER112W,0,4.318012,0.45100104808807373,0.4267198443412781,0.052115634083747864
YIL070C,YJL190C,0,4.31498,0.45052632689476013,0.4267198443412781,0.05221566557884216
YBR072W,YMR200W,1,4.3130627,0.4511041045188904,0.42771685123443604,0.05221566557884216
YHL008C,YLL050C,0,4.310569,0.450630247592926,0.42771685123443604,0.052315693348646164
YHR193C,YML048W,1,4.3043327,0.4512067139148712,0.428713858127594,0.052315693348646164
YDR151C,YGR078C,1,4.303941,0.4517819583415985,0.42971086502075195,0.052315693348646164
YKL195W,YJR059W,0,4.2960463,0.4513089060783386,0.42971086502075195,0.05241572484374046
YBR058C,YPL143W,0,4.2887535,0.45083680748939514,0.42971086502075195,0.05251575633883476
YDR212W,YDR518W,1,4.2887006,0.4514106512069702,0.4307078719139099,0.05251575633883476
YJL014W,YMR214W,1,4.28854,0.4519833028316498,0.43170487880706787,0.05251575633883476
YER126C,YER051W,0,4.2878346,0.4515119791030884,0.43170487880706787,0.05261578410863876
YIL051C,YMR127C,0,4.286845,0.45104166865348816,0.43170487880706787,0.05271581560373306
YGR106C,YDR330W,0,4.286757,0.45057231187820435,0.43170487880706787,0.052815843373537064
YAR015W,YJL221C,0,4.283875,0.4501039385795593,0.43170487880706787,0.05291587486863136
YER070W,YPR028W,0,4.2810555,0.4496365487575531,0.43170487880706787,0.05301590636372566
YNL112W,YGL157W,0,4.279967,0.4491701126098633,0.43170487880706787,0.05311593413352966
YPR063C,YGR116W,0,4.2740283,0.44870465993881226,0.43170487880706787,0.05321596562862396
YFL016C,YCR060W,1,4.272773,0.4492753744125366,0.43270188570022583,0.05321596562862396
YDR440W,YBL082C,0,4.2673063,0.44881075620651245,0.43270188570022583,0.05331599339842796
YHR193C,YDL212W,1,4.266735,0.44938015937805176,0.4336988925933838,0.05331599339842796
YLR439W,YJR022W,0,4.2650576,0.44891640543937683,0.4336988925933838,0.05341602489352226
YER120W,YGL084C,0,4.2596946,0.4484536051750183,0.4336988925933838,0.05351605638861656
YDR518W,YDR155C,1,4.2595057,0.4490216374397278,0.43469589948654175,0.05351605638861656
YOR349W,YDR155C,1,4.2568393,0.44958847761154175,0.4356929063796997,0.05351605638861656
YPR178W,YOR014W,0,4.25527,0.4491264224052429,0.4356929063796997,0.05361608415842056
YDR424C,YOR373W,0,4.25458,0.4486652910709381,0.4356929063796997,0.05371611565351486
YHR089C,YMR056C,0,4.250956,0.4482051134109497,0.4356929063796997,0.05381614342331886
YNL064C,YDR155C,1,4.2506332,0.4487704932689667,0.43668994307518005,0.05381614342331886
YPL220W,YHR070W,0,4.249901,0.4483111500740051,0.43668994307518005,0.05391617491841316
YPR063C,YMR302C,0,4.24738,0.44785276055336,0.43668994307518005,0.05401620641350746
YOL031C,YIR012W,0,4.24578,0.44739529490470886,0.43668994307518005,0.05411623418331146
YLR142W,YPL206C,0,4.2454014,0.44693878293037415,0.43668994307518005,0.05421626567840576
YDR012W,YJR045C,0,4.2396636,0.44648319482803345,0.43668994307518005,0.05431629344820976
YBR012W-A,YJR134C,0,4.236332,0.4460285007953644,0.43668994307518005,0.05441632494330406
YAL044C,YMR152W,0,4.2348466,0.4455747604370117,0.43668994307518005,0.05451635643839836
YEL065W,YCL050C,0,4.2342224,0.4451219439506531,0.43668994307518005,0.05461638420820236
YJR032W,YIL142W,1,4.2337046,0.4456852674484253,0.437686949968338,0.05461638420820236
YCR020C,YPR102C,0,4.2335796,0.4452332556247711,0.437686949968338,0.05471641570329666
YEL065W,YML125C,0,4.232158,0.44478216767311096,0.437686949968338,0.05481644347310066
YNL162W,YML009C,0,4.229904,0.44433197379112244,0.437686949968338,0.05491647496819496
YNL159C,YER056C-A,0,4.229314,0.44388270378112793,0.437686949968338,0.05501650646328926
YBR175W,YOR063W,0,4.2290726,0.44343435764312744,0.437686949968338,0.05511653423309326
YNL322C,YDR298C,0,4.227831,0.4429868757724762,0.437686949968338,0.05521656572818756
YKR094C,YBR084W,0,4.2278304,0.44254031777381897,0.437686949968338,0.05531659349799156
YML078W,YOR232W,1,4.2271414,0.443101704120636,0.43868395686149597,0.05531659349799156
YMR235C,YDL130W,0,4.225239,0.44265592098236084,0.43868395686149597,0.05541662499308586
YGL009C,YGR008C,0,4.2250834,0.4422110617160797,0.43868395686149597,0.05551665648818016
YHR171W,YHR052W,0,4.223504,0.4417670667171478,0.43868395686149597,0.05561668425798416
YDL056W,YNL217W,0,4.2226644,0.4413239657878876,0.43868395686149597,0.05571671575307846
YMR128W,YOR386W,0,4.2217336,0.44088175892829895,0.43868395686149597,0.05581674352288246
YOL133W,YNL007C,0,4.22093,0.44044044613838196,0.43868395686149597,0.05591677501797676
YFR041C,YOR369C,0,4.2188416,0.4399999976158142,0.43868395686149597,0.05601680651307106
YDR341C,YOR046C,0,4.217722,0.4395604431629181,0.43868395686149597,0.05611683428287506
YBR022W,YKL183W,0,4.2168374,0.4391217529773712,0.43868395686149597,0.05621686577796936
YNL207W,YNL162W,0,4.214576,0.43868395686149597,0.43868395686149597,0.05631689354777336
YNL162W,YML115C,0,4.2144136,0.43824702501296997,0.43868395686149597,0.05641692504286766
YDR312W,YOR046C,0,4.212558,0.4378109574317932,0.43868395686149597,0.05651695653796196
YDR046C,YNL310C,0,4.2123156,0.4373757541179657,0.43868395686149597,0.05661698430776596
YJL219W,YGR124W,0,4.2118893,0.4369414150714874,0.43868395686149597,0.05671701580286026
YPL037C,YFL023W,1,4.2113123,0.4375,0.43968096375465393,0.05671701580286026
YOR151C,YBR273C,0,4.2097,0.4370664060115814,0.43968096375465393,0.05681704357266426
YLR221C,YPL159C,0,4.207775,0.4366336762905121,0.43968096375465393,0.05691707506775856
YDR055W,YGR158C,0,4.2040796,0.4362017810344696,0.43968096375465393,0.05701710656285286
YOL127W,YGR295C,0,4.203843,0.43577075004577637,0.43968096375465393,0.05711713433265686
YCL059C,YGR037C,0,4.2025595,0.4353405833244324,0.43968096375465393,0.05721716582775116
YMR256C,YGR162W,0,4.2010612,0.43491125106811523,0.43968096375465393,0.05731719359755516
YML074C,YDR518W,1,4.196887,0.43546798825263977,0.4406779706478119,0.05731719359755516
YHR147C,YLR048W,0,4.195155,0.43503937125205994,0.4406779706478119,0.05741722509264946
YBR055C,YGR086C,0,4.194584,0.43461158871650696,0.4406779706478119,0.05751725658774376
YJL117W,YHR064C,1,4.1913567,0.43516698479652405,0.44167497754096985,0.05751725658774376
YLR142W,YDR231C,0,4.1912727,0.43473994731903076,0.44167497754096985,0.05761728435754776
YGL136C,YOR369C,0,4.186961,0.43431371450424194,0.44167497754096985,0.05771731585264206
YML094W,YPR042C,0,4.185072,0.43388834595680237,0.44167497754096985,0.05781734362244606
YML012W,YPR108W,0,4.1850386,0.43346378207206726,0.44167497754096985,0.05791737511754036
YLL009C,YKL135C,0,4.184599,0.4330400824546814,0.44167497754096985,0.05801740661263466
YDR212W,YJR032W,1,4.180924,0.43359375,0.4426719844341278,0.05801740661263466
YNL162W,YER161C,0,4.177866,0.43317073583602905,0.4426719844341278,0.05811743438243866
YHR215W,YER112W,0,4.173519,0.4327485263347626,0.4426719844341278,0.05821746587753296
YML012W,YHR010W,0,4.17255,0.43232718110084534,0.4426719844341278,0.05831749364733696
YDL067C,YML074C,0,4.170056,0.4319066107273102,0.4426719844341278,0.05841752514243126
YNL308C,YML077W,0,4.170013,0.4314868748188019,0.4426719844341278,0.05851755663752556
YML077W,YLR430W,0,4.165448,0.43106797337532043,0.4426719844341278,0.05861758440732956
YJL117W,YML130C,1,4.164963,0.431619793176651,0.44366899132728577,0.05861758440732956
YJR046W,YHR057C,1,4.1623693,0.4321705400943756,0.4446659982204437,0.05861758440732956
YOR063W,YGR241C,0,4.159963,0.43175217509269714,0.4446659982204437,0.05871761590242386
YDR304C,YNL077W,1,4.157037,0.43230172991752625,0.4456630051136017,0.05871761590242386
YNL301C,YBL090W,0,4.156373,0.4318840503692627,0.4456630051136017,0.05881764367222786
YNL077W,YJR017C,1,4.154175,0.4324324429035187,0.44666001200675964,0.05881764367222786
YBR036C,YAL034W-A,0,4.1541224,0.43201541900634766,0.44666001200675964,0.05891767516732216
YJR045C,YDR519W,1,4.153417,0.43256261944770813,0.4476570188999176,0.05891767516732216
YBR001C,YHL047C,0,4.1502295,0.432146281003952,0.4476570188999176,0.05901770666241646
YHL040C,YER044C,0,4.149709,0.4317307770252228,0.4476570188999176,0.05911773443222046
YPL241C,YNL135C,1,4.1481595,0.4322766661643982,0.44865402579307556,0.05911773443222046
YML040W,YDR283C,0,4.1474047,0.4318618178367615,0.44865402579307556,0.05921776592731476
YIR036C,YOL103W,0,4.1466255,0.43144774436950684,0.44865402579307556,0.05931779369711876
YNL209W,YMR161W,1,4.146492,0.4319923520088196,0.4496510326862335,0.05931779369711876
YML094W,YOR326W,0,4.14511,0.43157893419265747,0.4496510326862335,0.05941782519221306
YML078W,YDR151C,1,4.1431627,0.4321223795413971,0.45064806938171387,0.05941782519221306
YJL179W,YNL281W,1,4.136127,0.43266475200653076,0.4516450762748718,0.05941782519221306
YNL206C,YIR037W,0,4.135719,0.432251900434494,0.4516450762748718,0.05951785668730736
YDL051W,YDR380W,0,4.135087,0.43183985352516174,0.4516450762748718,0.05961788445711136
YHL040C,YJR075W,0,4.135006,0.43142858147621155,0.4516450762748718,0.05971791595220566
YNL162W,YOR221C,0,4.134023,0.43101808428764343,0.4516450762748718,0.05981794372200966
YDL143W,YHR034C,1,4.1307173,0.4315589368343353,0.4526420831680298,0.05981794372200966
YPR132W,YLR446W,0,4.1240005,0.43114909529685974,0.4526420831680298,0.05991797521710396
YDR188W,YLL026W,1,4.1233845,0.4316888153553009,0.45363909006118774,0.05991797521710396
YMR186W,YML094W,1,4.1229486,0.4322274923324585,0.4546360969543457,0.05991797521710396
YOR175C,YHR117W,0,4.1228466,0.4318181872367859,0.4546360969543457,0.06001800671219826
YOL117W,YOL123W,0,4.1208878,0.43140965700149536,0.4546360969543457,0.06011803448200226
YJR064W,YOR288C,1,4.1185694,0.43194708228111267,0.45563310384750366,0.06011803448200226
YGR234W,YER020W,0,4.1172104,0.4315391778945923,0.45563310384750366,0.06021806597709656
YEL013W,YPL090C,0,4.1168075,0.43113207817077637,0.45563310384750366,0.06031809374690056
YGR285C,YMR200W,1,4.115652,0.4316682517528534,0.4566301107406616,0.06031809374690056
YMR186W,YFL023W,1,4.1151967,0.43220338225364685,0.4576271176338196,0.06031809374690056
YMR264W,YHL032C,0,4.1144457,0.4317967891693115,0.4576271176338196,0.06041812524199486
YBR159W,YBR082C,0,4.11109,0.4313909709453583,0.4576271176338196,0.06051815673708916
YOL117W,YOL120C,0,4.1055965,0.4309859275817871,0.4576271176338196,0.06061818450689316
YDL143W,YMR256C,0,4.1043825,0.43058159947395325,0.4576271176338196,0.06071821600198746
YLR134W,YMR098C,0,4.1033125,0.43017807602882385,0.4576271176338196,0.06081824377179146
YDL110C,YNR007C,0,4.100062,0.42977526783943176,0.4576271176338196,0.06091827526688576
YML042W,YPL202C,0,4.095012,0.42937323451042175,0.4576271176338196,0.06101830676198006
YGL147C,YMR204C,0,4.0938654,0.4289719760417938,0.4576271176338196,0.06111833453178406
YDL130W,YCR028C,0,4.092702,0.4285714328289032,0.4576271176338196,0.06121836602687836
YHR136C,YIL136W,0,4.0914965,0.42817163467407227,0.4576271176338196,0.06131839379668236
YBR001C,YMR297W,0,4.090632,0.4277726113796234,0.4576271176338196,0.06141842529177666
YNL281W,YDR151C,1,4.089497,0.42830538749694824,0.45862412452697754,0.06141842529177666
YJL014W,YAL005C,1,4.086932,0.42883720993995667,0.4596211314201355,0.06141842529177666
YNR001C,YJR143C,0,4.086131,0.428438663482666,0.4596211314201355,0.061518456786870956
YIL124W,YGL084C,0,4.082382,0.42804086208343506,0.4596211314201355,0.06161848455667496
YDR248C,YJL052W,0,4.0810556,0.4276437759399414,0.4596211314201355,0.06171851605176926
YNL217W,YHR129C,0,4.081052,0.42724746465682983,0.4596211314201355,0.06181854382157326
YDL204W,YJL164C,0,4.0787916,0.4268518388271332,0.4596211314201355,0.06191857531666756
YDR304C,YBL075C,1,4.0787096,0.42738205194473267,0.46061813831329346,0.06191857531666756
YJR045C,YJL008C,1,4.0787,0.42791128158569336,0.4616151452064514,0.06191857531666756
YJL097W,YHR011W,0,4.07755,0.4275161623954773,0.4616151452064514,0.062018606811761856
YCR072C,YKR009C,0,4.0740905,0.42712175846099854,0.4616151452064514,0.06211863458156586
YOR369C,YCR094W,0,4.072315,0.42672809958457947,0.4616151452064514,0.062218666076660156
YLR221C,YHR181W,0,4.071453,0.4263351857662201,0.4616151452064514,0.06231869384646416
YML012W,YMR163C,0,4.0706882,0.42594295740127563,0.4616151452064514,0.062418725341558456
YHR064C,YJL008C,1,4.070217,0.4264705777168274,0.4626121520996094,0.062418725341558456
YJL190C,YDR483W,0,4.066894,0.4260789752006531,0.4626121520996094,0.06251875311136246
YDR481C,YJR143C,0,4.0627904,0.42568808794021606,0.4626121520996094,0.06261878460645676
YMR186W,YFR041C,1,4.060133,0.4262144863605499,0.46360915899276733,0.06261878460645676
YER086W,YOR389W,0,4.059839,0.4258241653442383,0.46360915899276733,0.06271881610155106
YLR192C,YGL227W,0,4.058298,0.42543458938598633,0.46360915899276733,0.06281884759664536
YDR425W,YNR020C,0,4.0570636,0.4250456988811493,0.46360915899276733,0.06291887909173965
YDR424C,YNL159C,0,4.0552998,0.42465752363204956,0.46360915899276733,0.06301890313625336
YDR151C,YMR214W,1,4.054599,0.4251824915409088,0.4646061956882477,0.06301890313625336
YER120W,YHR181W,0,4.054485,0.42479488253593445,0.4646061956882477,0.06311893463134766
YJL033W,YDR465C,0,4.054271,0.4244080185890198,0.4646061956882477,0.06321896612644196
YJL062W,YBL090W,0,4.052545,0.42402184009552,0.4646061956882477,0.06331899762153625
YMR142C,YDR529C,0,4.051484,0.42363637685775757,0.4646061956882477,0.06341902911663055
YCL050C,YGL084C,0,4.050889,0.42325159907341003,0.4646061956882477,0.06351905316114426
YBR205W,YLR446W,0,4.049678,0.4228675067424774,0.4646061956882477,0.06361908465623856
YGR088W,YBR264C,0,4.0475044,0.4224841296672821,0.4646061956882477,0.06371911615133286
YLR142W,YJR139C,0,4.0465746,0.4221014380455017,0.4646061956882477,0.06381914764642715
YMR307W,YPR122W,0,4.0461464,0.4217194616794586,0.4646061956882477,0.06391917914152145
YDR212W,YJL117W,1,4.042801,0.42224231362342834,0.46560320258140564,0.06391917914152145
YOR381W,YKR097W,0,4.042629,0.42186087369918823,0.46560320258140564,0.06401920318603516
YBR175W,YDL075W,0,4.0424027,0.4214801490306854,0.46560320258140564,0.06411923468112946
YGR154C,YDR088C,0,4.042351,0.42110008001327515,0.46560320258140564,0.06421926617622375
YDR440W,YAL023C,0,4.0409293,0.4207207262516022,0.46560320258140564,0.06431929767131805
YNL001W,YDR529C,0,4.0379815,0.42034202814102173,0.46560320258140564,0.06441932916641235
YML125C,YNL061W,0,4.0368376,0.4199640154838562,0.46560320258140564,0.06451935321092606
YCR069W,YDR304C,1,4.035716,0.42048516869544983,0.4666002094745636,0.06451935321092606
YLR098C,YDR071C,0,4.035037,0.42010772228240967,0.4666002094745636,0.06461938470602036
YDR169C,YCL050C,0,4.0340767,0.41973093152046204,0.4666002094745636,0.06471941620111465
YPL048W,YCL050C,0,4.0340514,0.4193548262119293,0.4666002094745636,0.06481944769620895
YEL017C-A,YDR003W,0,4.032606,0.4189794063568115,0.4666002094745636,0.06491947919130325
YHR052W,YIL113W,0,4.0301294,0.41860464215278625,0.4666002094745636,0.06501950323581696
YOL127W,YBR207W,0,4.030122,0.4182305634021759,0.4666002094745636,0.06511953473091125
YNL064C,YOR265W,1,4.0300307,0.41874998807907104,0.46759721636772156,0.06511953473091125
YLR201C,YOL149W,0,4.0290313,0.41837644577026367,0.46759721636772156,0.06521956622600555
YGR263C,YMR016C,0,4.0267572,0.41800355911254883,0.46759721636772156,0.06531959772109985
YMR016C,YGR295C,0,4.0247684,0.4176313579082489,0.46759721636772156,0.06541962921619415
YNL322C,YMR217W,0,4.02302,0.4172597825527191,0.46759721636772156,0.06551965326070786
YOR167C,YKL021C,0,4.0205283,0.41688889265060425,0.46759721636772156,0.06561968475580215
YPR132W,YLR126C,0,4.0196524,0.4165186583995819,0.46759721636772156,0.06571971625089645
YNL153C,YDR304C,1,4.0145273,0.41703638434410095,0.4685942232608795,0.06571971625089645
YML091C,YGR116W,0,4.0139523,0.4166666567325592,0.4685942232608795,0.06581974774599075
YNL207W,YMR314W,0,4.0134487,0.4162976145744324,0.4685942232608795,0.06591977924108505
YDR188W,YOR232W,1,4.0123086,0.4168141484260559,0.4695912301540375,0.06591977924108505
YNL007C,YNL098C,0,4.010959,0.41644561290740967,0.4695912301540375,0.06601980328559875
YNL007C,YDR158W,0,4.007902,0.41607773303985596,0.4695912301540375,0.06611983478069305
YNL006W,YML048W,1,4.0068173,0.41659310460090637,0.47058823704719543,0.06611983478069305
YPR098C,YBL023C,0,4.0056887,0.41622576117515564,0.47058823704719543,0.06621986627578735
YIL004C,YER012W,0,4.005252,0.41585904359817505,0.47058823704719543,0.06631989777088165
YPL221W,YLL024C,1,4.0044045,0.41637325286865234,0.4715852439403534,0.06631989777088165
YJL117W,YJR017C,1,4.00389,0.4168865382671356,0.47258225083351135,0.06631989777088165
YLR142W,YER087C-A,0,4.0028543,0.41652020812034607,0.47258225083351135,0.06641992926597595
YDR069C,YPL092W,0,4.001385,0.41615453362464905,0.47258225083351135,0.06651995331048965
YPL226W,YGR135W,0,4.0008187,0.41578948497772217,0.47258225083351135,0.06661998480558395
YEL002C,YML063W,0,3.9995277,0.41542506217956543,0.47258225083351135,0.06672001630067825
YDR003W,YOR337W,0,3.9994082,0.4150612950325012,0.47258225083351135,0.06682004779577255
YJL179W,YML074C,1,3.9990737,0.4155730605125427,0.4735792577266693,0.06682004779577255
YIL039W,YJL097W,0,3.9951832,0.4152098000049591,0.4735792577266693,0.06692007929086685
YNL281W,YJL008C,1,3.9947832,0.41572052240371704,0.47457626461982727,0.06692007929086685
YOR043W,YDL110C,0,3.9913325,0.415357768535614,0.47457626461982727,0.06702010333538055
YDR003W,YDR166C,0,3.9902487,0.41499564051628113,0.47457626461982727,0.06712013483047485
YNL061W,YBR185C,0,3.9889288,0.4146341383457184,0.47457626461982727,0.06722016632556915
YJL008C,YER053C,0,3.9873002,0.41427329182624817,0.47457626461982727,0.06732019782066345
YNL007C,YDR518W,1,3.9859066,0.4147826135158539,0.47557327151298523,0.06732019782066345
YJL117W,YLR449W,1,3.9856453,0.41529104113578796,0.4765702784061432,0.06732019782066345
YER087C-A,YJR065C,0,3.9815502,0.4149305522441864,0.4765702784061432,0.06742022931575775
YDR139C,YCR004C,0,3.9797096,0.414570689201355,0.4765702784061432,0.06752025336027145
YDR347W,YOR182C,0,3.9789739,0.4142114520072937,0.4765702784061432,0.06762028485536575
YLR099C,YDL082W,0,3.9767632,0.4138528108596802,0.4765702784061432,0.06772031635046005
YNL007C,YPL064C,1,3.976018,0.4143598675727844,0.47756728529930115,0.06772031635046005
YKL154W,YPL031C,0,3.9754522,0.4140017330646515,0.47756728529930115,0.06782034784555435
YHL040C,YML094W,0,3.9751554,0.4136442244052887,0.47756728529930115,0.06792037934064865
YNL006W,YER103W,1,3.974805,0.4141501188278198,0.4785642921924591,0.06792037934064865
YNR011C,YDR071C,0,3.9744773,0.4137931168079376,0.4785642921924591,0.06802040338516235
YER056C-A,YEL065W,0,3.9739437,0.4134366810321808,0.4785642921924591,0.06812043488025665
YHR010W,YML063W,0,3.9714472,0.4130809009075165,0.4785642921924591,0.06822046637535095
YOR346W,YBR185C,0,3.9659452,0.4127257168292999,0.4785642921924591,0.06832049787044525
YNL007C,YNL077W,1,3.9650106,0.4132302403450012,0.47956132888793945,0.06832049787044525
YOR288C,YJR017C,1,3.963533,0.41373389959335327,0.4805583357810974,0.06832049787044525
YNL112W,YBR122C,0,3.9618838,0.41337907314300537,0.4805583357810974,0.06842052936553955
YGL147C,YBR084W,0,3.9613128,0.4130248427391052,0.4805583357810974,0.06852055341005325
YCL043C,YDR304C,1,3.9610171,0.41352739930152893,0.48155534267425537,0.06852055341005325
YML048W,YMR161W,1,3.9592466,0.4140290915966034,0.48255234956741333,0.06852055341005325
YPL220W,YNL098C,0,3.9586039,0.4136752188205719,0.48255234956741333,0.06862058490514755
YML078W,YBR155W,1,3.9549632,0.41417592763900757,0.4835493564605713,0.06862058490514755
YNL129W,YJR076C,0,3.9528255,0.4138225317001343,0.4835493564605713,0.06872061640024185
YPL226W,YDR368W,0,3.9515648,0.41346973180770874,0.4835493564605713,0.06882064789533615
YMR233W,YDR096W,0,3.9510207,0.41311755776405334,0.4835493564605713,0.06892067939043045
YNR028W,YDR304C,1,3.9506426,0.41361701488494873,0.48454636335372925,0.06892067939043045
YEL030W,YLR259C,1,3.9486995,0.41411563754081726,0.4855433702468872,0.06892067939043045
YBR296C,YML018C,0,3.9447217,0.4137638211250305,0.4855433702468872,0.06902070343494415
YIL004C,YPL022W,0,3.94454,0.41341257095336914,0.4855433702468872,0.06912073493003845
YIR036C,YGR154C,0,3.9427326,0.4130619168281555,0.4855433702468872,0.06922076642513275
YOR349W,YLR449W,1,3.942508,0.41355931758880615,0.48654037714004517,0.06922076642513275
YBR036C,YPR070W,0,3.9398017,0.41320914030075073,0.48654037714004517,0.06932079792022705
YML040W,YDR478W,0,3.9341028,0.41285955905914307,0.48654037714004517,0.06942082941532135
YHR117W,YOL109W,0,3.9338555,0.41251057386398315,0.48654037714004517,0.06952085345983505
YJL179W,YOR349W,1,3.93377,0.4130067527294159,0.4875373840332031,0.06952085345983505
YIR004W,YNL135C,1,3.9319015,0.4135020971298218,0.4885343909263611,0.06952085345983505
YOR096W,YBL037W,0,3.931814,0.4131534695625305,0.4885343909263611,0.06962088495492935
YMR307W,YIR037W,0,3.9300265,0.41280537843704224,0.4885343909263611,0.06972091645002365
YIL138C,YJR045C,0,3.9288359,0.4124579131603241,0.4885343909263611,0.06982094794511795
YLR188W,YFL039C,0,3.92765,0.4121110141277313,0.4885343909263611,0.06992097944021225
YDR532C,YNL135C,0,3.9254565,0.4117647111415863,0.4885343909263611,0.07002100348472595
YDR418W,YOR174W,0,3.9249868,0.41141897439956665,0.4885343909263611,0.07012103497982025
YBR072W,YEL030W,1,3.9244928,0.411912739276886,0.48953139781951904,0.07012103497982025
YMR235C,YAL062W,0,3.9221177,0.41156747937202454,0.48953139781951904,0.07022106647491455
YNL162W,YDL017W,0,3.9213533,0.41122278571128845,0.48953139781951904,0.07032109797000885
YBR205W,YKL195W,0,3.9212317,0.41087865829467773,0.48953139781951904,0.07042112946510315
YGR231C,YML094W,1,3.917193,0.41137123107910156,0.490528404712677,0.07042112946510315
YDR313C,YFL037W,0,3.916936,0.41102758049964905,0.490528404712677,0.07052115350961685
YGL253W,YBL057C,0,3.916058,0.4106844663619995,0.490528404712677,0.07062118500471115
YJL097W,YLR286C,0,3.9135237,0.41034194827079773,0.490528404712677,0.07072121649980545
YOL127W,YDR251W,0,3.9110336,0.4099999964237213,0.490528404712677,0.07082124799489975
YKL154W,YNL248C,0,3.9096131,0.40965861082077026,0.490528404712677,0.07092127948999405
YDR495C,YNL301C,0,3.9067388,0.4093177914619446,0.490528404712677,0.07102130353450775
YOL127W,YHL024W,0,3.9044948,0.40897756814956665,0.490528404712677,0.07112133502960205
YER091C,YGR001C,0,3.9043226,0.4086378812789917,0.490528404712677,0.07122136652469635
YOR332W,YEL050C,0,3.9031224,0.4082987606525421,0.490528404712677,0.07132139801979065
YOR288C,YGL084C,0,3.902565,0.4079602062702179,0.490528404712677,0.07142142951488495
YLL024C,YHR034C,1,3.9022958,0.4084506928920746,0.49152541160583496,0.07142142951488495
YFL004W,YMR139W,0,3.8992987,0.4081125855445862,0.49152541160583496,0.07152145355939865
YOL127W,YML042W,0,3.897517,0.40777501463890076,0.49152541160583496,0.07162148505449295
YHR034C,YJR017C,1,3.895492,0.4082644581794739,0.4925224184989929,0.07162148505449295
YMR307W,YOR246C,0,3.8944178,0.40792733430862427,0.4925224184989929,0.07172151654958725
YER025W,YDR050C,0,3.893435,0.40759074687957764,0.4925224184989929,0.07182154804468155
YDR231C,YJL133W,0,3.893242,0.40725472569465637,0.4925224184989929,0.07192157953977585
YER029C,YCL057C-A,0,3.8913646,0.4069192707538605,0.4925224184989929,0.07202160358428955
YDR071C,YPR021C,0,3.8898923,0.40658435225486755,0.4925224184989929,0.07212163507938385
YOR288C,YCR060W,1,3.885922,0.40707236528396606,0.49351945519447327,0.07212163507938385
YAL003W,YDR483W,0,3.883298,0.40673789381980896,0.49351945519447327,0.07222166657447815
YKL017C,YML063W,0,3.8820004,0.40640392899513245,0.49351945519447327,0.07232169806957245
YAL044C,YMR311C,0,3.8818939,0.4060705602169037,0.49351945519447327,0.07242172956466675
YML129C,YGR061C,0,3.8799725,0.4057376980781555,0.49351945519447327,0.07252175360918045
YPL019C,YGR241C,0,3.8794343,0.4054054021835327,0.49351945519447327,0.07262178510427475
YER120W,YDR483W,0,3.8787308,0.4050736427307129,0.49351945519447327,0.07272181659936905
YGR285C,YDR518W,1,3.8779802,0.40556010603904724,0.4945164620876312,0.07272181659936905
YLL001W,YHR013C,0,3.8775988,0.40522876381874084,0.4945164620876312,0.07282184809446335
YJR143C,YNL191W,0,3.8760674,0.4048979580402374,0.4945164620876312,0.07292187958955765
YNL217W,YDR298C,0,3.8712468,0.404567688703537,0.4945164620876312,0.07302190363407135
YDL204W,YBR213W,0,3.8702323,0.4042379856109619,0.4945164620876312,0.07312193512916565
YBR241C,YDL112W,0,3.8686085,0.40390878915786743,0.4945164620876312,0.07322196662425995
YLR106C,YER053C,0,3.8674755,0.4035801589488983,0.4945164620876312,0.07332199811935425
YNL207W,YBR048W,0,3.8652124,0.4032520353794098,0.4945164620876312,0.07342202961444855
YGL040C,YJR155W,0,3.8632684,0.40292444825172424,0.4945164620876312,0.07352205365896225
YJR016C,YER173W,0,3.8615212,0.4025973975658417,0.4945164620876312,0.07362208515405655
YKR048C,YBR185C,0,3.858011,0.4022708833217621,0.4945164620876312,0.07372211664915085
YJR064W,YMR161W,1,3.8560863,0.4027552604675293,0.4955134689807892,0.07372211664915085
YHL008C,YMR188C,0,3.8538156,0.40242916345596313,0.4955134689807892,0.07382214814424515
YLL062C,YMR130W,0,3.852782,0.40210357308387756,0.4955134689807892,0.07392217963933945
YJL162C,YJR045C,1,3.84873,0.4025869071483612,0.49651047587394714,0.07392217963933945
YLL009C,YIL090W,0,3.8481436,0.4022617042064667,0.49651047587394714,0.07402220368385315
YML040W,YCR096C,0,3.848116,0.4019370377063751,0.49651047587394714,0.07412223517894745
YPR098C,YDR093W,0,3.8473,0.40161290764808655,0.49651047587394714,0.07422226667404175
YDR436W,YDR447C,0,3.8451467,0.40128928422927856,0.49651047587394714,0.07432229816913605
YPR102C,YBL055C,0,3.8439722,0.40096619725227356,0.49651047587394714,0.07442232966423035
YPR102C,YGR156W,0,3.8405404,0.40064361691474915,0.49651047587394714,0.07452235370874405
YDR046C,YDL007W,0,3.8404763,0.4003215432167053,0.49651047587394714,0.07462238520383835
YNL292W,YOL065C,0,3.837932,0.4000000059604645,0.49651047587394714,0.07472241669893265
YER061C,YML048W,0,3.8378224,0.3996789753437042,0.49651047587394714,0.07482244819402695
YJR104C,YDL006W,0,3.83438,0.39935845136642456,0.49651047587394714,0.07492247968912125
YMR166C,YBL055C,0,3.8337483,0.3990384638309479,0.49651047587394714,0.07502250373363495
YLL024C,YPL106C,1,3.8316014,0.3995196223258972,0.4975074827671051,0.07502250373363495
YMR036C,YAL035W,0,3.8309038,0.3991999924182892,0.4975074827671051,0.07512253522872925
YLR109W,YJL008C,0,3.8289495,0.39888089895248413,0.4975074827671051,0.07522256672382355
YJR121W,YKR062W,0,3.8281226,0.39856231212615967,0.4975074827671051,0.07532259821891785
YML106W,YLR357W,0,3.827721,0.3982442021369934,0.4975074827671051,0.07542262971401215
YLR134W,YPL095C,0,3.8267279,0.3979266285896301,0.4975074827671051,0.07552265375852585
YDR481C,YMR071C,0,3.8255086,0.39760956168174744,0.4975074827671051,0.07562268525362015
YDL069C,YDL082W,0,3.824595,0.39729300141334534,0.4975074827671051,0.07572271674871445
YBR205W,YCR047C,0,3.8240108,0.39697691798210144,0.4975074827671051,0.07582274824380875
YGR008C,YLL035W,0,3.8235512,0.3966613709926605,0.4975074827671051,0.07592277973890305
YPL144W,YJR065C,0,3.8209376,0.3963463008403778,0.4975074827671051,0.07602280378341675
YJL117W,YAL053W,1,3.8174443,0.3968254029750824,0.49850448966026306,0.07602280378341675
YIL016W,YPL106C,1,3.814107,0.3973037302494049,0.499501496553421,0.07602280378341675
YOR124C,YDR313C,0,3.8137727,0.3969888985157013,0.499501496553421,0.07612283527851105
YOL127W,YKL109W,0,3.8131857,0.39667457342147827,0.499501496553421,0.07622286677360535
YMR056C,YER110C,0,3.8129463,0.39636075496673584,0.499501496553421,0.07632289826869965
YDR188W,YMR200W,1,3.808601,0.3968379497528076,0.5004985332489014,0.07632289826869965
YKL212W,YNR047W,0,3.8073673,0.39652448892593384,0.5004985332489014,0.07642292976379395
YER112W,YPL092W,0,3.8065915,0.39621153473854065,0.5004985332489014,0.07652295380830765
YDR265W,YBR048W,0,3.8051739,0.39589905738830566,0.5004985332489014,0.07662298530340195
YGL211W,YDR368W,0,3.8035688,0.39558708667755127,0.5004985332489014,0.07672301679849625
YOR175C,YAL012W,0,3.801563,0.3952755928039551,0.5004985332489014,0.07682304829359055
YOL127W,YPL059W,0,3.8012557,0.3949646055698395,0.5004985332489014,0.07692307978868484
YGL253W,YBL022C,0,3.7993984,0.3946540951728821,0.5004985332489014,0.07702310383319855
YDR358W,YOL123W,0,3.7970362,0.3943440616130829,0.5004985332489014,0.07712313532829285
YER087C-A,YER091C,0,3.795446,0.3940345346927643,0.5004985332489014,0.07722316682338715
YJL221C,YNL061W,0,3.792933,0.3937254846096039,0.5004985332489014,0.07732319831848145
YDR425W,YPL092W,0,3.7904646,0.3934169411659241,0.5004985332489014,0.07742322981357574
YCL059C,YPL028W,0,3.7902288,0.3931088447570801,0.5004985332489014,0.07752325385808945
YJL158C,YLR221C,0,3.7880635,0.3928012549877167,0.5004985332489014,0.07762328535318375
YLR142W,YOL149W,0,3.7873082,0.3924941420555115,0.5004985332489014,0.07772331684827805
YDR012W,YPL172C,0,3.7861915,0.3921875059604645,0.5004985332489014,0.07782334834337234
YNL006W,YDR155C,1,3.7847767,0.392661988735199,0.5014955401420593,0.07782334834337234
YGR101W,YEL015W,0,3.7846973,0.39235568046569824,0.5014955401420593,0.07792337983846664
YNL064C,YFL023W,1,3.7827706,0.3928292989730835,0.5024925470352173,0.07792337983846664
YMR298W,YER110C,0,3.7812364,0.3925233781337738,0.5024925470352173,0.07802340388298035
YDL069C,YIR036C,0,3.7803235,0.3922179043292999,0.5024925470352173,0.07812343537807465
YLR142W,YPR132W,0,3.776742,0.39191290736198425,0.5024925470352173,0.07822346687316895
YLR212C,YNL129W,0,3.7754629,0.3916083872318268,0.5024925470352173,0.07832349836826324
YDR356W,YGR008C,0,3.7752848,0.3913043439388275,0.5024925470352173,0.07842352986335754
YGL206C,YGL123W,0,3.774303,0.39100077748298645,0.5024925470352173,0.07852355390787125
YOL030W,YCL061C,0,3.7720141,0.3906976878643036,0.5024925470352173,0.07862358540296555
YDL130W,YDR510W,0,3.7714872,0.39039504528045654,0.5024925470352173,0.07872361689805984
YJR121W,YDR032C,0,3.7711463,0.3900928795337677,0.5024925470352173,0.07882364839315414
YNL153C,YIL016W,1,3.7709901,0.39056459069252014,0.5034895539283752,0.07882364839315414
YML094W,YNL281W,1,3.770718,0.3910355567932129,0.5044865608215332,0.07882364839315414
YLR192C,YMR184W,0,3.769382,0.39073359966278076,0.5044865608215332,0.07892367988824844
YPL177C,YOR036W,0,3.768621,0.39043208956718445,0.5044865608215332,0.07902370393276215
YDR341C,YDR479C,0,3.765824,0.3901310861110687,0.5044865608215332,0.07912373542785645
YML129C,YER153C,0,3.7642672,0.38983049988746643,0.5044865608215332,0.07922376692295074
YML074C,YJL034W,1,3.7639246,0.3903002440929413,0.5054835677146912,0.07922376692295074
YML012W,YLR032W,0,3.7625995,0.38999998569488525,0.5054835677146912,0.07932379841804504
YFL004W,YPL143W,0,3.7612934,0.3897002339363098,0.5054835677146912,0.07942382991313934
YDR115W,YOL109W,0,3.7612338,0.3894009292125702,0.5054835677146912,0.07952385395765305
YKR090W,YDR012W,0,3.7608926,0.3891020715236664,0.5054835677146912,0.07962388545274734
YEL054C,YBL022C,0,3.760016,0.3888036906719208,0.5054835677146912,0.07972391694784164
YHR081W,YDL082W,0,3.7593007,0.388505756855011,0.5054835677146912,0.07982394844293594
YPR063C,YPL174C,0,3.758919,0.388208270072937,0.5054835677146912,0.07992397993803024
YLR134W,YCL031C,0,3.757814,0.38791126012802124,0.5054835677146912,0.08002400398254395
YIR014W,YJL073W,0,3.756695,0.3876146674156189,0.5054835677146912,0.08012403547763824
YEL003W,YJL014W,1,3.7540095,0.38808250427246094,0.5064805746078491,0.08012403547763824
YHR031C,YMR303C,0,3.7530446,0.38778626918792725,0.5064805746078491,0.08022406697273254
YDR347W,YOL120C,0,3.7522995,0.387490451335907,0.5064805746078491,0.08032409846782684
YJR045C,YNL209W,1,3.750899,0.38795730471611023,0.5074775815010071,0.08032409846782684
YDR304C,YNL135C,1,3.749793,0.38842344284057617,0.508474588394165,0.08032409846782684
YOR232W,YHR176W,1,3.7441025,0.3888888955116272,0.509471595287323,0.08032409846782684
YOR326W,YER045C,0,3.7433372,0.3885931670665741,0.509471595287323,0.08042412996292114
YER120W,YDL006W,0,3.7423522,0.3882978856563568,0.509471595287323,0.08052415400743484
YPL106C,YMR257C,0,3.7409205,0.38800305128097534,0.509471595287323,0.08062418550252914
YHR142W,YDL229W,1,3.737609,0.38846737146377563,0.510468602180481,0.08062418550252914
YJR045C,YBL010C,0,3.7374067,0.38817286491394043,0.510468602180481,0.08072421699762344
YGL253W,YPL174C,0,3.7358813,0.38787877559661865,0.510468602180481,0.08082424849271774
YOR288C,YMR200W,1,3.735768,0.3883421719074249,0.5114656090736389,0.08082424849271774
YDR518W,YJL111W,1,3.7347808,0.3888048529624939,0.5124626159667969,0.08082424849271774
YML085C,YNR050C,0,3.7339551,0.38851097226142883,0.5124626159667969,0.08092427998781204
YHR021C,YBR050C,0,3.7338765,0.3882175087928772,0.5124626159667969,0.08102430403232574
YJL102W,YPL149W,0,3.7327669,0.38792452216148376,0.5124626159667969,0.08112433552742004
YER048C,YPL240C,1,3.731768,0.3883861303329468,0.5134596228599548,0.08112433552742004
YPL144W,YDR298C,0,3.731599,0.3880934417247772,0.5134596228599548,0.08122436702251434
YMR297W,YEL061C,0,3.73109,0.3878012001514435,0.5134596228599548,0.08132439851760864
YML012W,YPR184W,0,3.729581,0.38750940561294556,0.5134596228599548,0.08142443001270294
YBR048W,YER153C,0,3.7283292,0.38721805810928345,0.5134596228599548,0.08152445405721664
YIL027C,YML009C,0,3.7274883,0.38692712783813477,0.5134596228599548,0.08162448555231094
YJR104C,YJL219W,0,3.726953,0.3866366446018219,0.5134596228599548,0.08172451704740524
YGL089C,YER087C-A,0,3.7257776,0.38634657859802246,0.5134596228599548,0.08182454854249954
YNR022C,YJR155W,0,3.725615,0.38605695962905884,0.5134596228599548,0.08192458003759384
YLL062C,YBR175W,0,3.7211137,0.38576778769493103,0.5134596228599548,0.08202460408210754
YJL014W,YJR017C,1,3.7207499,0.386227548122406,0.5144566297531128,0.08202460408210754
YNR007C,YOR221C,0,3.7183838,0.3859386742115021,0.5144566297531128,0.08212463557720184
YJR104C,YKR048C,0,3.717203,0.3856502175331116,0.5144566297531128,0.08222466707229614
YML074C,YJL190C,0,3.7164452,0.3853622078895569,0.5144566297531128,0.08232469856739044
YOR201C,YPL095C,0,3.713788,0.3850746154785156,0.5144566297531128,0.08242473006248474
YIL142W,YJR017C,1,3.712852,0.3855331838130951,0.5154536366462708,0.08242473006248474
YLR096W,YPR021C,0,3.710693,0.3852458894252777,0.5154536366462708,0.08252475410699844
YML048W,YJR017C,1,3.7106278,0.3857036530971527,0.5164506435394287,0.08252475410699844
YJR045C,YCR060W,1,3.7100859,0.3861607015132904,0.5174476504325867,0.08252475410699844
YIR004W,YJL014W,1,3.7098484,0.38661709427833557,0.5184446573257446,0.08252475410699844
YGR088W,YPL231W,0,3.709362,0.38632985949516296,0.5184446573257446,0.08262478560209274
YGR285C,YNL148C,1,3.7088022,0.38678544759750366,0.5194416642189026,0.08262478560209274
YBL057C,YBL082C,0,3.7079673,0.38649851083755493,0.5194416642189026,0.08272481709718704
YML130C,YLR449W,1,3.7043872,0.38695329427719116,0.5204386711120605,0.08272481709718704
YJL125C,YCL057C-A,0,3.7043824,0.3866666555404663,0.5204386711120605,0.08282484859228134
YNL308C,YLL011W,0,3.703969,0.38638046383857727,0.5204386711120605,0.08292488008737564
YJR013W,YGL253W,0,3.703218,0.38609468936920166,0.5204386711120605,0.08302490413188934
YIL016W,YBL075C,1,3.702694,0.38654839992523193,0.5214356780052185,0.08302490413188934
YOR075W,YER012W,0,3.701652,0.3862629234790802,0.5214356780052185,0.08312493562698364
YPL221W,YFL023W,1,3.6985958,0.3867158591747284,0.5224326848983765,0.08312493562698364
YHR021C,YGL227W,0,3.698496,0.38643068075180054,0.5224326848983765,0.08322496712207794
YLR192C,YOR270C,0,3.6984525,0.3861459195613861,0.5224326848983765,0.08332499861717224
YDR347W,YDR128W,0,3.6973147,0.3858615756034851,0.5224326848983765,0.08342503011226654
YGL249W,YML048W,0,3.6951625,0.38557761907577515,0.5224326848983765,0.08352505415678024
YPR063C,YIR009W,0,3.6946273,0.385294109582901,0.5224326848983765,0.08362508565187454
YGL147C,YDL115C,0,3.6940613,0.3850110173225403,0.5224326848983765,0.08372511714696884
YJL072C,YFR006W,0,3.6926603,0.384728342294693,0.5224326848983765,0.08382514864206314
YHL047C,YIR037W,0,3.691707,0.38444608449935913,0.5224326848983765,0.08392518013715744
YML048W,YJR045C,1,3.6908913,0.3848973512649536,0.5234296917915344,0.08392518013715744
YEL003W,YOR232W,1,3.690139,0.38534799218177795,0.5244266986846924,0.08392518013715744
YCR037C,YAL003W,0,3.6891189,0.38506588339805603,0.5244266986846924,0.08402520418167114
YHR167W,YAL044C,0,3.687088,0.38478419184684753,0.5244266986846924,0.08412523567676544
YNL077W,YER126C,0,3.6863797,0.38450291752815247,0.5244266986846924,0.08422526717185974
YHR025W,YER096W,0,3.6862862,0.3842220604419708,0.5244266986846924,0.08432529866695404
YJR145C,YDL051W,0,3.6849525,0.3839416205883026,0.5244266986846924,0.08442533016204834
YML085C,YAL044C,0,3.682393,0.38366156816482544,0.5244266986846924,0.08452535420656204
YGR191W,YKR030W,0,3.6816583,0.3833819329738617,0.5244266986846924,0.08462538570165634
YNL148C,YLR259C,1,3.6816478,0.3838310241699219,0.5254237055778503,0.08462538570165634
YLR283W,YOL133W,0,3.6811292,0.383551687002182,0.5254237055778503,0.08472541719675064
YIL027C,YJL164C,0,3.6787522,0.3832727372646332,0.5254237055778503,0.08482544869184494
YBR241C,YBR012W-B,0,3.677373,0.3829941749572754,0.5254237055778503,0.08492548018693924
YNL209W,YLR449W,1,3.6772504,0.3834422528743744,0.5264207124710083,0.08492548018693924
YLR216C,YHR176W,1,3.6766582,0.38388970494270325,0.5274177193641663,0.08492548018693924
YML048W,YHR057C,1,3.6743271,0.3843364715576172,0.5284147262573242,0.08492548018693924
YLR188W,YOR246C,0,3.6743119,0.3840579688549042,0.5284147262573242,0.08502550423145294
YJR064W,YIL142W,1,3.673837,0.3845039904117584,0.529411792755127,0.08502550423145294
YGL123W,YKR097W,0,3.6695037,0.3842257559299469,0.529411792755127,0.08512553572654724
YOR348C,YER036C,0,3.667575,0.3839479386806488,0.529411792755127,0.08522556722164154
YPL241C,YGL018C,1,3.666914,0.3843930661678314,0.5304087996482849,0.08522556722164154
YER120W,YLR097C,0,3.665201,0.3841155171394348,0.5304087996482849,0.08532559871673584
YMR188C,YAR010C,0,3.6636472,0.38383838534355164,0.5304087996482849,0.08542563021183014
YGR223C,YPL160W,0,3.6629386,0.3835616409778595,0.5304087996482849,0.08552565425634384
YJR121W,YPL206C,0,3.6627169,0.3832853138446808,0.5304087996482849,0.08562568575143814
YOR201C,YDL204W,0,3.6626024,0.3830093741416931,0.5304087996482849,0.08572571724653244
YGR101W,YIL124W,0,3.6619887,0.3827338218688965,0.5304087996482849,0.08582574874162674
YJR032W,YGR078C,1,3.6609,0.38317757844924927,0.5314058065414429,0.08582574874162674
YMR307W,YER048W-A,0,3.6598349,0.3829022943973541,0.5314058065414429,0.08592578023672104
YAR019C,YDR393W,0,3.6583948,0.3826274275779724,0.5314058065414429,0.08602580428123474
YEL054C,YLR126C,0,3.6578178,0.38235294818878174,0.5314058065414429,0.08612583577632904
YOR349W,YPL240C,1,3.6577258,0.38279569149017334,0.5324028134346008,0.08612583577632904
YHR034C,YPL240C,1,3.6574044,0.3832378089427948,0.5333998203277588,0.08612583577632904
YPR063C,YOR039W,0,3.655282,0.38296347856521606,0.5333998203277588,0.08622586727142334
YEL015W,YOL120C,0,3.654851,0.38268956542015076,0.5333998203277588,0.08632589876651764
YER088C,YOL139C,0,3.6539235,0.3824160099029541,0.5333998203277588,0.08642593026161194
YER027C,YNL098C,0,3.6537733,0.3821428716182709,0.5333998203277588,0.08652595430612564
YDR532C,YDR481C,0,3.6533237,0.3818700909614563,0.5333998203277588,0.08662598580121994
YNR028W,YDR151C,1,3.6520958,0.38231098651885986,0.5343968272209167,0.08662598580121994
YGR231C,YIL016W,1,3.6520872,0.3827512562274933,0.5353938341140747,0.08662598580121994
YOR288C,YKL164C,0,3.6517599,0.38247862458229065,0.5353938341140747,0.08672601729631424
YGL191W,YNL119W,0,3.6514826,0.38220641016960144,0.5353938341140747,0.08682604879140854
YDR326C,YNL096C,0,3.6497254,0.3819345533847809,0.5353938341140747,0.08692608028650284
YNL162W,YER111C,0,3.648878,0.38166311383247375,0.5353938341140747,0.08702610433101654
YJR009C,YJL108C,0,3.6485195,0.3813920319080353,0.5353938341140747,0.08712613582611084
YKL218C,YHR025W,0,3.6483693,0.38112136721611023,0.5353938341140747,0.08722616732120514
YDL137W,YLR127C,0,3.6472368,0.38085106015205383,0.5353938341140747,0.08732619881629944
YGR029W,YPR122W,0,3.6463313,0.3805811405181885,0.5353938341140747,0.08742623031139374
YDR342C,YLR433C,0,3.6454406,0.38031160831451416,0.5353938341140747,0.08752625435590744
YKL156W,YHR017W,0,3.6412117,0.3800424635410309,0.5353938341140747,0.08762628585100174
YOL139C,YNL189W,0,3.6383867,0.37977370619773865,0.5353938341140747,0.08772631734609604
YMR297W,YDR038C,0,3.6366086,0.37950530648231506,0.5353938341140747,0.08782634884119034
YPL090C,YDL008W,0,3.6361923,0.3792372941970825,0.5353938341140747,0.08792638033628464
YER133W,YOR374W,0,3.6329088,0.37896963953971863,0.5353938341140747,0.08802640438079834
YJL148W,YML063W,0,3.6296463,0.37870240211486816,0.5353938341140747,0.08812643587589264
YPL019C,YDR247W,0,3.6282558,0.37843552231788635,0.5353938341140747,0.08822646737098694
YLR459W,YPR166C,0,3.6281128,0.3781690001487732,0.5353938341140747,0.08832649886608124
YLR286C,YGR061C,0,3.6263876,0.37790289521217346,0.5353938341140747,0.08842653036117554
YIL155C,YBR164C,0,3.6245143,0.37763711810112,0.5353938341140747,0.08852655440568924
YOR063W,YNL217W,0,3.6228151,0.37737175822257996,0.5353938341140747,0.08862658590078354
YOR265W,YER153C,0,3.6227567,0.37710675597190857,0.5353938341140747,0.08872661739587784
YLR098C,YHR081W,0,3.6226306,0.37684211134910583,0.5353938341140747,0.08882664889097214
YJR104C,YER111C,0,3.6216168,0.37657785415649414,0.5353938341140747,0.08892668038606644
YIL027C,YNL149C,0,3.6191773,0.3763139545917511,0.5353938341140747,0.08902670443058014
YBR273C,YOR374W,0,3.6189797,0.3760504126548767,0.5353938341140747,0.08912673592567444
YIL016W,YER048C,1,3.6189032,0.37648704648017883,0.5363908410072327,0.08912673592567444
YGR029W,YEL017C-A,0,3.6187124,0.37622377276420593,0.5363908410072327,0.08922676742076874
YDL007W,YDL144C,0,3.6157904,0.3759608566761017,0.5363908410072327,0.08932679891586304
YML063W,YAL058W,0,3.614776,0.3756983280181885,0.5363908410072327,0.08942683041095734
YNL153C,YCR060W,1,3.6143663,0.3761339783668518,0.5373878479003906,0.08942683041095734
YHR021C,YML115C,0,3.614345,0.3758716881275177,0.5373878479003906,0.08952685445547104
YLR212C,YJL221C,0,3.612524,0.37560975551605225,0.5373878479003906,0.08962688595056534
YBR092C,YDL099W,0,3.6120634,0.37534818053245544,0.5373878479003906,0.08972691744565964
YNL281W,YHR176W,1,3.6095934,0.37578287720680237,0.5383848547935486,0.08972691744565964
YER133W,YAL003W,0,3.606966,0.37552157044410706,0.5383848547935486,0.08982694894075394
YGR002C,YAL044C,0,3.6066751,0.375260591506958,0.5383848547935486,0.08992698043584824
YDL166C,YLR008C,0,3.605401,0.375,0.5383848547935486,0.09002700448036194
YLR370C,YML012W,0,3.6052146,0.37473976612091064,0.5383848547935486,0.09012703597545624
YOR124C,YML088W,0,3.604361,0.37447988986968994,0.5383848547935486,0.09022706747055054
YDR188W,YMR214W,1,3.6029806,0.37491336464881897,0.5393818616867065,0.09022706747055054
YDR518W,YER048C,1,3.6018512,0.37534627318382263,0.5403788685798645,0.09022706747055054
YDL166C,YPL143W,0,3.6004124,0.3750865161418915,0.5403788685798645,0.09032709896564484
YJR143C,YGR001C,0,3.5984583,0.374827116727829,0.5403788685798645,0.09042713046073914
YOR131C,YNL149C,0,3.5971248,0.37456807494163513,0.5403788685798645,0.09052715450525284
YDR158W,YKL116C,0,3.5959268,0.37430939078330994,0.5403788685798645,0.09062718600034714
YOL071W,YLR237W,0,3.594756,0.3740510642528534,0.5403788685798645,0.09072721749544144
YGR076C,YPR019W,0,3.5945082,0.3737930953502655,0.5403788685798645,0.09082724899053574
YGR029W,YDL190C,0,3.5942388,0.37353548407554626,0.5403788685798645,0.09092728048563004
YJL179W,YNL310C,1,3.5932431,0.37396693229675293,0.5413758754730225,0.09092728048563004
YPR132W,YLR015W,0,3.592705,0.3737095594406128,0.5413758754730225,0.09102730453014374
YDL007W,YKR104W,0,3.5921483,0.3734525442123413,0.5413758754730225,0.09112733602523804
YGR037C,YDR298C,0,3.5920825,0.3731958866119385,0.5413758754730225,0.09122736752033234
YLR079W,YBL055C,0,3.588647,0.3729395568370819,0.5413758754730225,0.09132739901542664
YJL162C,YLR216C,1,3.5882866,0.3733699321746826,0.5423728823661804,0.09132739901542664
YGL161C,YMR128W,0,3.5864847,0.37311384081840515,0.5423728823661804,0.09142743051052094
YEL054C,YDL138W,0,3.5861778,0.3728581368923187,0.5423728823661804,0.09152745455503464
YPL051W,YBR251W,0,3.583406,0.3726027309894562,0.5423728823661804,0.09162748605012894
YOR124C,YDR297W,0,3.582994,0.37234771251678467,0.5423728823661804,0.09172751754522324
YMR298W,YOR217W,0,3.5824313,0.3720930218696594,0.5423728823661804,0.09182754904031754
YBR072W,YGL018C,1,3.5811791,0.3725222051143646,0.5433698892593384,0.09182754904031754
YML130C,YNL135C,1,3.5810626,0.37295082211494446,0.5443668961524963,0.09182754904031754
YJL117W,YPL037C,1,3.5785546,0.37337884306907654,0.5453639030456543,0.09182754904031754
YML094W,YGL040C,0,3.5756307,0.3731241524219513,0.5453639030456543,0.09192758053541183
YOR076C,YOR063W,0,3.5747406,0.3728697896003723,0.5453639030456543,0.09202760457992554
YOR096W,YLR086W,0,3.5743766,0.3726158142089844,0.5453639030456543,0.09212763607501984
YDR071C,YHL032C,0,3.5727925,0.3723621368408203,0.5453639030456543,0.09222766757011414
YBR048W,YGR162W,0,3.5718625,0.3721088469028473,0.5453639030456543,0.09232769906520844
YIL111W,YGR014W,0,3.5713382,0.37185588479042053,0.5453639030456543,0.09242773056030273
YMR122W-A,YOR127W,0,3.5706625,0.37160325050354004,0.5453639030456543,0.09252775460481644
YOL071W,YPL204W,0,3.570613,0.3713509738445282,0.5453639030456543,0.09262778609991074
YOR027W,YPL221W,1,3.570582,0.3717774748802185,0.5463609099388123,0.09262778609991074
YLR266C,YKL181W,0,3.5696294,0.37152543663978577,0.5463609099388123,0.09272781759500504
YIL070C,YMR051C,0,3.5695152,0.3712737262248993,0.5463609099388123,0.09282784909009933
YDR440W,YJR058C,0,3.5689864,0.3710223436355591,0.5463609099388123,0.09292788058519363
YCR096C,YER113C,0,3.5678585,0.3707713186740875,0.5463609099388123,0.09302791208028793
YAL008W,YGR220C,0,3.5667157,0.37052062153816223,0.5463609099388123,0.09312793612480164
YER133W,YLR430W,0,3.5646281,0.3702702820301056,0.5463609099388123,0.09322796761989594
YGR295C,YOL140W,0,3.5641384,0.3700202703475952,0.5463609099388123,0.09332799911499023
YER103W,YPL221W,1,3.562746,0.3704453408718109,0.5473579168319702,0.09332799911499023
YOL149W,YNL135C,0,3.5614042,0.37019553780555725,0.5473579168319702,0.09342803061008453
YIL004C,YNR007C,0,3.558538,0.36994609236717224,0.5473579168319702,0.09352806210517883
YBR058C,YOR369C,0,3.5585227,0.3696969747543335,0.5473579168319702,0.09362808614969254
YOR257W,YPL220W,0,3.5580757,0.369448184967041,0.5473579168319702,0.09372811764478683
YIL004C,YBL022C,0,3.5577178,0.3691997230052948,0.5473579168319702,0.09382814913988113
YJL034W,YDR252W,1,3.5576787,0.36962366104125977,0.5483549237251282,0.09382814913988113
YCL063W,YLR441C,0,3.5561204,0.36937540769577026,0.5483549237251282,0.09392818063497543
YDR418W,YKR050W,0,3.553259,0.3691275119781494,0.5483549237251282,0.09402821213006973
YLR450W,YKR050W,0,3.5525084,0.36887994408607483,0.5483549237251282,0.09412823617458344
YGR262C,YPR081C,0,3.5506616,0.3686327040195465,0.5483549237251282,0.09422826766967773
YNL148C,YOL088C,1,3.5478044,0.3690555989742279,0.5493519306182861,0.09422826766967773
YNL301C,YPL202C,0,3.5469456,0.3688085675239563,0.5493519306182861,0.09432829916477203
YGL147C,YEL058W,0,3.542791,0.36856186389923096,0.5493519306182861,0.09442833065986633
YLR204W,YIL090W,0,3.5402524,0.36831551790237427,0.5493519306182861,0.09452836215496063
YDL212W,YBL075C,1,3.537774,0.36873748898506165,0.5503489375114441,0.09452836215496063
YLL024C,YJL008C,1,3.5347195,0.36915886402130127,0.551345944404602,0.09452836215496063
YNR020C,YJL052W,0,3.5346727,0.36891260743141174,0.551345944404602,0.09462838619947433
YMR287C,YMR017W,0,3.5332255,0.3686666786670685,0.551345944404602,0.09472841769456863
YOR288C,YML124C,0,3.532871,0.3684210479259491,0.551345944404602,0.09482844918966293
YDR086C,YBL090W,0,3.5319452,0.36817577481269836,0.551345944404602,0.09492848068475723
YLR204W,YGR262C,0,3.531808,0.3679307997226715,0.551345944404602,0.09502851217985153
YJR045C,YOL088C,1,3.5272532,0.3683510720729828,0.55234295129776,0.09502851217985153
YPL037C,YOR288C,1,3.5243022,0.3687707781791687,0.553339958190918,0.09502851217985153
YDR388W,YLR015W,0,3.5241463,0.368525892496109,0.553339958190918,0.09512853622436523
YGL128C,YDR155C,1,3.5236754,0.36894491314888,0.5543369650840759,0.09512853622436523
YHR028C,YGL123W,0,3.5235088,0.3687002658843994,0.5543369650840759,0.09522856771945953
YMR056C,YHR070W,0,3.522113,0.3684559166431427,0.5543369650840759,0.09532859921455383
YCR098C,YHR010W,0,3.5217338,0.36821192502975464,0.5543369650840759,0.09542863070964813
YNR061C,YJL101C,0,3.5196624,0.36796823143959045,0.5543369650840759,0.09552866220474243
YNL330C,YOR369C,0,3.5168605,0.36772486567497253,0.5543369650840759,0.09562868624925613
YBR048W,YJL153C,0,3.5167623,0.3674818277359009,0.5543369650840759,0.09572871774435043
YNL331C,YMR051C,0,3.516739,0.3672390878200531,0.5543369650840759,0.09582874923944473
YOL100W,YAL035W,0,3.5148883,0.366996705532074,0.5543369650840759,0.09592878073453903
YIL004C,YDR486C,0,3.5137663,0.3667546212673187,0.5543369650840759,0.09602881222963333
YPL221W,YDR304C,1,3.5118263,0.3671720623970032,0.5553339719772339,0.09602881222963333
YGL039W,YMR208W,0,3.509447,0.36693015694618225,0.5553339719772339,0.09612883627414703
YHL040C,YBR289W,0,3.5090194,0.36668860912323,0.5553339719772339,0.09622886776924133
YDR495C,YGL031C,0,3.5071359,0.3664473593235016,0.5553339719772339,0.09632889926433563
YDR046C,YMR224C,0,3.505832,0.36620643734931946,0.5553339719772339,0.09642893075942993
YNR020C,YPR184W,0,3.5045936,0.3659658432006836,0.5553339719772339,0.09652896225452423
YOR080W,YBR012W-B,0,3.5043712,0.3657255470752716,0.5553339719772339,0.09662898629903793
YBR159W,YPL074W,0,3.5025957,0.3654855787754059,0.5553339719772339,0.09672901779413223
YDL130W,YFR007W,0,3.5021603,0.36524590849876404,0.5553339719772339,0.09682904928922653
YNL291C,YML074C,0,3.5012774,0.36500656604766846,0.5553339719772339,0.09692908078432083
YHR046C,YEL065W,0,3.500683,0.36476752161979675,0.5553339719772339,0.09702911227941513
YNL007C,YNL135C,1,3.4990728,0.3651832342147827,0.5563309788703918,0.09702911227941513
YJR046W,YOR265W,1,3.4980466,0.3655984401702881,0.5573280453681946,0.09702911227941513
YAL035W,YDR320C,0,3.4978933,0.36535948514938354,0.5573280453681946,0.09712913632392883
YDR440W,YBR273C,0,3.4974566,0.3651208281517029,0.5573280453681946,0.09722916781902313
YBR048W,YMR292W,0,3.4947896,0.3648824989795685,0.5573280453681946,0.09732919931411743
YML015C,YDR032C,0,3.492704,0.36464449763298035,0.5573280453681946,0.09742923080921173
YLR286C,YGR135W,0,3.4900985,0.3644067943096161,0.5573280453681946,0.09752926230430603
YOR151C,YDR231C,0,3.4894829,0.3641693890094757,0.5573280453681946,0.09762928634881973
YML018C,YFR015C,0,3.4890122,0.3639322817325592,0.5573280453681946,0.09772931784391403
YOR175C,YKL021C,0,3.4874005,0.36369550228118896,0.5573280453681946,0.09782934933900833
YER036C,YGR086C,0,3.4867392,0.363459050655365,0.5573280453681946,0.09792938083410263
YPR063C,YHR023W,0,3.4840522,0.3632228672504425,0.5573280453681946,0.09802941232919693
YCL055W,YAL012W,0,3.4821498,0.3629870116710663,0.5573280453681946,0.09812943637371063
YNR027W,YJR155W,0,3.4818125,0.36275145411491394,0.5573280453681946,0.09822946786880493
YBR092C,YDR503C,0,3.4804456,0.36251622438430786,0.5573280453681946,0.09832949936389923
YER131W,YDR228C,0,3.478014,0.36228126287460327,0.5573280453681946,0.09842953085899353
YBR024W,YJL065C,0,3.4774675,0.36204662919044495,0.5573280453681946,0.09852956235408783
YDR529C,YNL149C,0,3.476862,0.3618122935295105,0.5573280453681946,0.09862958639860153
YPR005C,YDR139C,0,3.4763038,0.3615782558917999,0.5573280453681946,0.09872961789369583
YBR072W,YAL058W,1,3.4758236,0.36199095845222473,0.5583250522613525,0.09872961789369583
YLR192C,YDR380W,0,3.4736028,0.3617570996284485,0.5583250522613525,0.09882964938879013
YML034W,YCL050C,0,3.4724886,0.3615235686302185,0.5583250522613525,0.09892968088388443
YGL018C,YCR060W,1,3.4721708,0.36193549633026123,0.5593220591545105,0.09892968088388443
YPR102C,YDR420W,0,3.471096,0.3617021143436432,0.5593220591545105,0.09902971237897873
YGL128C,YPL154C,0,3.470964,0.3614690601825714,0.5593220591545105,0.09912973642349243
YDR050C,YER020W,0,3.4706645,0.3612363040447235,0.5593220591545105,0.09922976791858673
YIR017C,YOR075W,0,3.4699187,0.3610038757324219,0.5593220591545105,0.09932979941368103
YDR251W,YBL069W,0,3.4678645,0.36077171564102173,0.5593220591545105,0.09942983090877533
YML116W,YOL152W,0,3.4676094,0.36053985357284546,0.5593220591545105,0.09952986240386963
YLR008C,YBR084W,0,3.4661934,0.36030828952789307,0.5593220591545105,0.09962988644838333
YBR048W,YPL160W,0,3.46536,0.36007702350616455,0.5593220591545105,0.09972991794347763
YOR175C,YAL025C,0,3.4650545,0.3598460555076599,0.5593220591545105,0.09982994943857193
YKR038C,YMR303C,0,3.4631495,0.35961538553237915,0.5593220591545105,0.09992998093366623
YJR029W,YDR523C,0,3.4631443,0.35938501358032227,0.5593220591545105,0.10003001242876053
YHR086W,YBR084W,0,3.4629576,0.35915493965148926,0.5593220591545105,0.10013003647327423
YIL051C,YOR332W,0,3.4612885,0.35892513394355774,0.5593220591545105,0.10023006796836853
YEL013W,YBL057C,0,3.4586484,0.3586956560611725,0.5593220591545105,0.10033009946346283
YNR011C,YMR017W,0,3.4558792,0.3584664463996887,0.5593220591545105,0.10043013095855713
YDL120W,YER133W,0,3.453857,0.35823753476142883,0.5593220591545105,0.10053016245365143
YDR214W,YPL064C,1,3.4527295,0.35864710807800293,0.5603190660476685,0.10053016245365143
YNL162W,YPR036W,0,3.4524932,0.35841837525367737,0.5603190660476685,0.10063018649816513
YDR121W,YER045C,0,3.4524007,0.3581899404525757,0.5603190660476685,0.10073021799325943
YJR016C,YGL031C,0,3.451994,0.3579617738723755,0.5603190660476685,0.10083024948835373
YOR288C,YDR524C,0,3.451895,0.35773393511772156,0.5603190660476685,0.10093028098344803
YMR298W,YKL004W,0,3.451786,0.3575063645839691,0.5603190660476685,0.10103031247854233
YKL212W,YDL146W,0,3.4497461,0.35727909207344055,0.5603190660476685,0.10113033652305603
YBL057C,YJR155W,0,3.449683,0.3570520877838135,0.5603190660476685,0.10123036801815033
YDR074W,YNL135C,0,3.447371,0.35682541131973267,0.5603190660476685,0.10133039951324463
YER091C,YJL108C,0,3.4470606,0.35659897327423096,0.5603190660476685,0.10143043100833893
YBR012W-A,YEL059C-A,0,3.4455104,0.3563728630542755,0.5603190660476685,0.10153046250343323
YBL075C,YMR312W,0,3.443963,0.35614702105522156,0.5603190660476685,0.10163048654794693
YDL051W,YML042W,0,3.443673,0.3559214770793915,0.5603190660476685,0.10173051804304123
YML012W,YOR061W,0,3.4423254,0.3556962013244629,0.5603190660476685,0.10183054953813553
YLR048W,YIL160C,0,3.440744,0.3554712235927582,0.5603190660476685,0.10193058103322983
YIL142W,YHR176W,1,3.4381363,0.355878621339798,0.5613160729408264,0.10193058103322983
YJR121W,YIL051C,0,3.4378319,0.3556538224220276,0.5613160729408264,0.10203061252832413
YJL052W,YBR084W,0,3.4367075,0.3554292917251587,0.5613160729408264,0.10213063657283783
YOR288C,YNL188W,0,3.4360175,0.35520505905151367,0.5613160729408264,0.10223066806793213
YJR009C,YMR289W,0,3.4330142,0.35498109459877014,0.5613160729408264,0.10233069956302643
YNL159C,YBR142W,0,3.431788,0.3547573983669281,0.5613160729408264,0.10243073105812073
YKL140W,YOL077C,0,3.4271264,0.35453400015830994,0.5613160729408264,0.10253076255321503
YLR204W,YPL090C,0,3.4263625,0.35431089997291565,0.5613160729408264,0.10263078659772873
YGR106C,YGL039W,0,3.424481,0.35408803820610046,0.5613160729408264,0.10273081809282303
YDR056C,YGL106W,0,3.4234827,0.35386550426483154,0.5613160729408264,0.10283084958791733
YDR533C,YGR063C,0,3.422186,0.3536432087421417,0.5613160729408264,0.10293088108301163
YMR122W-A,YEL058W,0,3.4216905,0.3534212112426758,0.5613160729408264,0.10303091257810593
YJL052W,YBL037W,0,3.4186382,0.3531995117664337,0.5613160729408264,0.10313093662261963
YOR096W,YER161C,0,3.4178128,0.35297805070877075,0.5613160729408264,0.10323096811771393
YER087C-A,YML095C,0,3.4169369,0.35275688767433167,0.5613160729408264,0.10333099961280823
YNL148C,YMR161W,1,3.4160943,0.35316216945648193,0.5623130798339844,0.10333099961280823
YGR184C,YOR322C,0,3.4154432,0.3529411852359772,0.5623130798339844,0.10343103110790253
YER161C,YDR313C,0,3.4145334,0.3527204394340515,0.5623130798339844,0.10353106260299683
YDL120W,YBL057C,0,3.4128962,0.35249999165534973,0.5623130798339844,0.10363108664751053
YDR503C,YLR286C,0,3.4126253,0.35227981209754944,0.5623130798339844,0.10373111814260483
YDR158W,YOR221C,0,3.4112706,0.352059930562973,0.5623130798339844,0.10383114963769913
YMR298W,YOL077C,0,3.4109178,0.3518402874469757,0.5623130798339844,0.10393118113279343
YLL038C,YHR186C,0,3.4094036,0.35162094235420227,0.5623130798339844,0.10403121262788773
YMR142C,YML106W,0,3.4089768,0.3514018654823303,0.5623130798339844,0.10413123667240143
YPR048W,YGR279C,0,3.4043736,0.35118305683135986,0.5623130798339844,0.10423126816749573
YLR283W,YDR086C,0,3.4035716,0.3509645164012909,0.5623130798339844,0.10433129966259003
YNL280C,YMR022W,0,3.4035425,0.3507462739944458,0.5623130798339844,0.10443133115768433
YJL111W,YMR200W,1,3.403283,0.3511497676372528,0.5633100867271423,0.10443133115768433
YPL177C,YOR075W,0,3.4025402,0.35093167424201965,0.5633100867271423,0.10453136265277863
YBL090W,YDL095W,0,3.4022288,0.350713849067688,0.5633100867271423,0.10463138669729233
YHL008C,YBL023C,0,3.4007945,0.3504962921142578,0.5633100867271423,0.10473141819238663
YOL133W,YER126C,0,3.4001765,0.35027897357940674,0.5633100867271423,0.10483144968748093
YJR160C,YBR012W-B,0,3.399332,0.35006195306777954,0.5633100867271423,0.10493148118257523
YHR021C,YIL004C,0,3.398581,0.34984520077705383,0.5633100867271423,0.10503151267766953
YFR037C,YLR327C,0,3.397561,0.3496287167072296,0.5633100867271423,0.10513153672218323
YHR021C,YJR089W,0,3.3969884,0.3494125008583069,0.5633100867271423,0.10523156821727753
YLR127C,YDR487C,0,3.396541,0.34919655323028564,0.5633100867271423,0.10533159971237183
YOR228C,YLR403W,0,3.396442,0.3489808440208435,0.5633100867271423,0.10543163120746613
YIR037W,YEL061C,0,3.3957534,0.34876543283462524,0.5633100867271423,0.10553166270256042
YKL218C,YJL080C,0,3.3954346,0.34855028986930847,0.5633100867271423,0.10563168674707413
YGL120C,YLR120C,0,3.3952332,0.3483353853225708,0.5633100867271423,0.10573171824216843
YOR369C,YBR122C,0,3.393763,0.348120778799057,0.5633100867271423,0.10583174973726273
YGL191W,YPL068C,0,3.3898263,0.3479064106941223,0.5633100867271423,0.10593178123235703
YKL156W,YPL157W,0,3.3897874,0.3476923108100891,0.5633100867271423,0.10603181272745132
YKR094C,YEL015W,0,3.3893423,0.3474784791469574,0.5633100867271423,0.10613183677196503
YOL138C,YPL231W,0,3.3890688,0.3472649157047272,0.5633100867271423,0.10623186826705933
YBR048W,YDR166C,0,3.3888528,0.34705159068107605,0.5633100867271423,0.10633189976215363
YML129C,YBL023C,0,3.3825526,0.3468385636806488,0.5633100867271423,0.10643193125724792
YOL103W,YGL178W,0,3.3813658,0.34662577509880066,0.5633100867271423,0.10653196275234222
YJL143W,YDL008W,0,3.3802314,0.346413254737854,0.5633100867271423,0.10663198679685593
YJR094W-A,YLR441C,0,3.3798413,0.34620097279548645,0.5633100867271423,0.10673201829195023
YML048W,YDR304C,1,3.3797736,0.34660133719444275,0.5643070936203003,0.10673201829195023
YER103W,YNL310C,1,3.3792832,0.34700122475624084,0.5653041005134583,0.10673201829195023
YDR071C,YCR053W,0,3.3782659,0.34678900241851807,0.5653041005134583,0.10683204978704453
YBR160W,YJL189W,0,3.376583,0.3465770184993744,0.5653041005134583,0.10693208128213882
YGR263C,YPL085W,0,3.3728647,0.3463653028011322,0.5653041005134583,0.10703211277723312
YLR371W,YJL158C,0,3.3726103,0.3461538553237915,0.5653041005134583,0.10713213682174683
YBR084W,YKR030W,0,3.371314,0.3459426462650299,0.5653041005134583,0.10723216831684113
YJR104C,YNL015W,0,3.3713083,0.3457317054271698,0.5653041005134583,0.10733219981193542
YLR287C-A,YGL251C,0,3.3711905,0.3455210328102112,0.5653041005134583,0.10743223130702972
YDR139C,YKL017C,0,3.3709517,0.34531059861183167,0.5653041005134583,0.10753226280212402
YGL253W,YIL101C,0,3.367444,0.34510043263435364,0.5653041005134583,0.10763228684663773
YLR237W,YJR058C,0,3.3668294,0.3448905050754547,0.5653041005134583,0.10773231834173203
YOR288C,YJL125C,0,3.3648734,0.3446808457374573,0.5653041005134583,0.10783234983682632
YGR076C,YDL180W,0,3.3647451,0.34447145462036133,0.5653041005134583,0.10793238133192062
YJR025C,YDR368W,0,3.363522,0.3442623019218445,0.5653041005134583,0.10803241282701492
YLR096W,YJL189W,0,3.362525,0.34405338764190674,0.5653041005134583,0.10813243687152863
YDR479C,YDR390C,0,3.3555837,0.3438447415828705,0.5653041005134583,0.10823246836662292
YFL016C,YAL053W,1,3.3545728,0.3442424237728119,0.5663011074066162,0.10823246836662292
YPR132W,YJL080C,0,3.3526483,0.3440339267253876,0.5663011074066162,0.10833249986171722
YHR021C,YCL059C,0,3.3497734,0.34382566809654236,0.5663011074066162,0.10843253135681152
YPL221W,YER048C,1,3.3485408,0.34422263503074646,0.5672981142997742,0.10843253135681152
YLR109W,YGR075C,0,3.3480458,0.3440144956111908,0.5672981142997742,0.10853256285190582
YDR479C,YJR155W,0,3.3465586,0.343806654214859,0.5672981142997742,0.10863258689641953
YDR212W,YDR188W,1,3.3455586,0.3442029058933258,0.5682951211929321,0.10863258689641953
YOR027W,YFR041C,1,3.344675,0.3445986807346344,0.5692921280860901,0.10863258689641953
YGR009C,YAL035W,0,3.343637,0.3443908393383026,0.5692921280860901,0.10873261839151382
YMR307W,YMR150C,0,3.3435469,0.3441832363605499,0.5692921280860901,0.10883264988660812
YLR459W,YLR441C,0,3.3433645,0.34397590160369873,0.5692921280860901,0.10893268138170242
YHL040C,YMR043W,0,3.341569,0.34376880526542664,0.5692921280860901,0.10903271287679672
YIR014W,YJR025C,0,3.3412933,0.34356197714805603,0.5692921280860901,0.10913273692131042
YML040W,YER012W,0,3.3405762,0.3433553874492645,0.5692921280860901,0.10923276841640472
YBR036C,YPL068C,0,3.3401637,0.3431490361690521,0.5692921280860901,0.10933279991149902
YPR063C,YOL123W,0,3.3401167,0.3429429531097412,0.5692921280860901,0.10943283140659332
YMR314W,YOL123W,0,3.3390234,0.3427371084690094,0.5692921280860901,0.10953286290168762
YBL064C,YOR127W,0,3.3387246,0.3425315022468567,0.5692921280860901,0.10963288694620132
YKL154W,YDR118W,0,3.335764,0.3423261344432831,0.5692921280860901,0.10973291844129562
YOR096W,YGL009C,0,3.3349998,0.34212103486061096,0.5692921280860901,0.10983294993638992
YLR192C,YKR048C,0,3.3341892,0.34191617369651794,0.5692921280860901,0.10993298143148422
YGR234W,YNL310C,0,3.3316617,0.34171155095100403,0.5692921280860901,0.11003301292657852
YBL060W,YMR045C,0,3.3301275,0.3415071666240692,0.5692921280860901,0.11013303697109222
YNR043W,YIL155C,0,3.3296514,0.3413030505180359,0.5692921280860901,0.11023306846618652
YGR029W,YGR218W,0,3.3280454,0.34109917283058167,0.5692921280860901,0.11033309996128082
YGL120C,YDR177W,0,3.3251739,0.34089553356170654,0.5692921280860901,0.11043313145637512
YDR158W,YDR362C,0,3.3247068,0.3406921327114105,0.5692921280860901,0.11053316295146942
YNL149C,YOR244W,0,3.3240685,0.3404889702796936,0.5692921280860901,0.11063318699598312
YML018C,YDR465C,0,3.323443,0.3402860462665558,0.5692921280860901,0.11073321849107742
YPL221W,YKL117W,1,3.3208208,0.34067898988723755,0.570289134979248,0.11073321849107742
YER056C-A,YDR252W,0,3.3201482,0.3404761850833893,0.570289134979248,0.11083324998617172
YHR193C,YLR449W,1,3.3190722,0.3408685326576233,0.571286141872406,0.11083324998617172
YDR050C,YGR262C,0,3.3186195,0.34066587686538696,0.571286141872406,0.11093328148126602
YML040W,YIL111W,0,3.3156056,0.34046345949172974,0.571286141872406,0.11103331297636032
YMR166C,YER133W,0,3.31528,0.3402612805366516,0.571286141872406,0.11113333702087402
YJR025C,YGR223C,0,3.3149474,0.3400593400001526,0.571286141872406,0.11123336851596832
YNL162W,YKL198C,0,3.3134289,0.33985763788223267,0.571286141872406,0.11133340001106262
YJR145C,YCL031C,0,3.3130102,0.33965620398521423,0.571286141872406,0.11143343150615692
YKR094C,YBR058C,0,3.3127146,0.3394549787044525,0.571286141872406,0.11153346300125122
YPR118W,YNL151C,0,3.312276,0.3392539918422699,0.571286141872406,0.11163348704576492
YOL065C,YPL048W,0,3.3099127,0.3390532433986664,0.571286141872406,0.11173351854085922
YPL091W,YER096W,0,3.309403,0.33885276317596436,0.571286141872406,0.11183355003595352
YLR448W,YDR478W,0,3.3082404,0.33865249156951904,0.571286141872406,0.11193358153104782
YOR036W,YIL115C,0,3.3080688,0.33845245838165283,0.571286141872406,0.11203361302614212
YGL211W,YLR448W,0,3.3076682,0.3382526636123657,0.571286141872406,0.11213363707065582
YDR239C,YKR097W,0,3.304428,0.3380531072616577,0.571286141872406,0.11223366856575012
YDR532C,YHL040C,0,3.3038259,0.3378537595272064,0.571286141872406,0.11233370006084442
YHR027C,YKL195W,0,3.3032923,0.3376546800136566,0.571286141872406,0.11243373155593872
YJL080C,YGR006W,0,3.302723,0.3374558389186859,0.571286141872406,0.11253376305103302
YBR072W,YNL148C,1,3.3014026,0.3378458023071289,0.572283148765564,0.11253376305103302
YLR096W,YPL220W,0,3.3010983,0.33764705061912537,0.572283148765564,0.11263378709554672
YOL031C,YNL191W,0,3.297533,0.3374485671520233,0.572283148765564,0.11273381859064102
YDR299W,YOR386W,0,3.2967517,0.337250292301178,0.572283148765564,0.11283385008573532
YKR038C,YLR441C,0,3.2962923,0.33705225586891174,0.572283148765564,0.11293388158082962
YLR109W,YGL185C,0,3.296045,0.3368544578552246,0.572283148765564,0.11303391307592392
YLR370C,YJR045C,0,3.2954009,0.3366568982601166,0.572283148765564,0.11313393712043762
YPL037C,YJR017C,1,3.2934132,0.33704572916030884,0.5732801556587219,0.11313393712043762
YFR008W,YOL077C,0,3.2922268,0.33684825897216797,0.5732801556587219,0.11323396861553192
YIR002C,YLR048W,0,3.291334,0.3366510570049286,0.5732801556587219,0.11333400011062622
YJL143W,YPL022W,0,3.289517,0.3364540636539459,0.5732801556587219,0.11343403160572052
YLL009C,YMR043W,0,3.2891943,0.33625730872154236,0.5732801556587219,0.11353406310081482
YEL059C-A,YOR067C,0,3.2890377,0.3360607922077179,0.5732801556587219,0.11363408714532852
YAL023C,YLR032W,0,3.2881117,0.33586448431015015,0.5732801556587219,0.11373411864042282
YDL110C,YIR009W,0,3.2868052,0.3356684148311615,0.5732801556587219,0.11383415013551712
YER025W,YBL088C,0,3.286243,0.33547258377075195,0.5732801556587219,0.11393418163061142
YGR285C,YJR017C,1,3.2858872,0.3358600437641144,0.5742771625518799,0.11393418163061142
YLL024C,YNL135C,1,3.2850466,0.3362470865249634,0.5752741694450378,0.11393418163061142
YJL179W,YBR155W,1,3.2839532,0.3366336524486542,0.5762711763381958,0.11393418163061142
YJL158C,YML095C,0,3.2830846,0.33643773198127747,0.5762711763381958,0.11403421312570572
YOR063W,YKL179C,0,3.281415,0.3362419903278351,0.5762711763381958,0.11413423717021942
YML094W,YHL024W,0,3.2814019,0.3360465168952942,0.5762711763381958,0.11423426866531372
YDL137W,YER147C,0,3.279181,0.33585125207901,0.5762711763381958,0.11433430016040802
YHR105W,YKR094C,0,3.2774224,0.33565622568130493,0.5762711763381958,0.11443433165550232
YDL095W,YPL204W,0,3.2757895,0.33546140789985657,0.5762711763381958,0.11453436315059662
YGL018C,YAL058W,1,3.275384,0.335846871137619,0.5772681832313538,0.11453436315059662
YLR100W,YDL110C,0,3.275255,0.3356521725654602,0.5772681832313538,0.11463438719511032
YJR016C,YAL062W,0,3.2747638,0.3354577124118805,0.5772681832313538,0.11473441869020462
YGR088W,YPR063C,0,3.2741733,0.3352634608745575,0.5772681832313538,0.11483445018529892
YJL165C,YML106W,0,3.2738585,0.3350694477558136,0.5772681832313538,0.11493448168039322
YFL039C,YLR403W,0,3.2730486,0.3348756432533264,0.5772681832313538,0.11503451317548752
YHR021C,YLR441C,0,3.2703302,0.33468207716941833,0.5772681832313538,0.11513453722000122
YEL015W,YJL190C,0,3.269896,0.33448874950408936,0.5772681832313538,0.11523456871509552
YNL077W,YPL074W,0,3.2697263,0.3342956006526947,0.5772681832313538,0.11533460021018982
YAR015W,YIL145C,0,3.2685208,0.33410272002220154,0.5772681832313538,0.11543463170528412
YAL008W,YJR126C,0,3.2670517,0.3339100480079651,0.5772681832313538,0.11553466320037842
YHL040C,YJR001W,0,3.26553,0.33371758460998535,0.5772681832313538,0.11563468724489212
YHR034C,YGR078C,1,3.2644129,0.3341013789176941,0.5782651901245117,0.11563468724489212
YPL059W,YLR186W,0,3.2615032,0.3339090347290039,0.5782651901245117,0.11573471873998642
YOL071W,YDR177W,0,3.2597237,0.3337169289588928,0.5782651901245117,0.11583475023508072
YNL322C,YBR030W,0,3.2596436,0.33352500200271606,0.5782651901245117,0.11593478173017502
YPL226W,YPL143W,0,3.259047,0.3333333432674408,0.5782651901245117,0.11603481322526932
YLR008C,YJL052W,0,3.258758,0.33314186334609985,0.5782651901245117,0.11613483726978302
YOR332W,YOL123W,0,3.254033,0.332950621843338,0.5782651901245117,0.11623486876487732
YJL101C,YOL109W,0,3.2531643,0.3327596187591553,0.5782651901245117,0.11633490025997162
YJR064W,YNL148C,1,3.2526388,0.3331421911716461,0.5792621970176697,0.11633490025997162
YPL051W,YPR021C,0,3.2524948,0.33295127749443054,0.5792621970176697,0.11643493175506592
YDR128W,YFL039C,0,3.2522779,0.33276060223579407,0.5792621970176697,0.11653496325016022
YMR264W,YGL147C,0,3.2521272,0.3325701057910919,0.5792621970176697,0.11663498729467392
YNR028W,YNL281W,1,3.249322,0.33295193314552307,0.5802592039108276,0.11663498729467392
YDR531W,YGR279C,0,3.2492177,0.33276158571243286,0.5802592039108276,0.11673501878976822
YKL212W,YPR021C,0,3.2490132,0.332571417093277,0.5802592039108276,0.11683505028486252
YNL153C,YMR161W,1,3.248052,0.3329525887966156,0.5812562108039856,0.11683505028486252
YNL061W,YOL125W,0,3.2475066,0.33276256918907166,0.5812562108039856,0.11693508177995682
YDR188W,YLR200W,1,3.2469504,0.3331431746482849,0.5822532176971436,0.11693508177995682
YML094W,YMR152W,0,3.2462974,0.33295324444770813,0.5822532176971436,0.11703511327505112
YDL180W,YPL026C,0,3.2453158,0.33276352286338806,0.5822532176971436,0.11713513731956482
YNL148C,YNL209W,1,3.2441401,0.3331435024738312,0.5832502245903015,0.11713513731956482
YIL026C,YDR032C,0,3.2426574,0.33295390009880066,0.5832502245903015,0.11723516881465912
YGL137W,YOR044W,0,3.2423682,0.33276450634002686,0.5832502245903015,0.11733520030975342
YHR013C,YGR135W,0,3.2422411,0.33257532119750977,0.5832502245903015,0.11743523180484772
YNL129W,YDR103W,0,3.2422123,0.3323863744735718,0.5832502245903015,0.11753526329994202
YLR126C,YNL015W,0,3.2416773,0.3321976065635681,0.5832502245903015,0.11763528734445572
YAL010C,YGR158C,0,3.241608,0.33200907707214355,0.5832502245903015,0.11773531883955002
YDL099W,YFL044C,0,3.2415924,0.3318207561969757,0.5832502245903015,0.11783535033464432
YMR281W,YNL248C,0,3.2408123,0.3316326439380646,0.5832502245903015,0.11793538182973862
YGL161C,YLR450W,0,3.2395744,0.33144477009773254,0.5832502245903015,0.11803541332483292
YGR231C,YOL088C,1,3.237735,0.33182331919670105,0.5842472314834595,0.11803541332483292
YDL143W,YHR064C,1,3.2377143,0.3322014808654785,0.5852442383766174,0.11803541332483292
YJL143W,YOR096W,0,3.2363272,0.3320135772228241,0.5852442383766174,0.11813543736934662
YDL180W,YDR047W,0,3.2320724,0.3318258821964264,0.5852442383766174,0.11823546886444092
YML048W,YGL018C,1,3.231413,0.33220338821411133,0.5862413048744202,0.11823546886444092
YFL041W,YER020W,0,3.2312212,0.3320158123970032,0.5862413048744202,0.11833550035953522
YEL038W,YLR176C,0,3.2308013,0.33182844519615173,0.5862413048744202,0.11843553185462952
YLR147C,YFL044C,0,3.2283874,0.331641286611557,0.5862413048744202,0.11853556334972382
YLR015W,YMR022W,0,3.2282486,0.331454336643219,0.5862413048744202,0.11863558739423752
YOR067C,YKR097W,0,3.2257667,0.3312675952911377,0.5862413048744202,0.11873561888933182
YBL075C,YDL127W,0,3.2254615,0.3310810923576355,0.5862413048744202,0.11883565038442612
YDR341C,YDR236C,0,3.2247186,0.3308947682380676,0.5862413048744202,0.11893568187952042
YDL130W,YMR012W,0,3.2225995,0.33070865273475647,0.5862413048744202,0.11903571337461472
YDR531W,YGR106C,0,3.2222998,0.3305227756500244,0.5862413048744202,0.11913573741912842
YAL003W,YML088W,0,3.2212296,0.3303370773792267,0.5862413048744202,0.11923576891422272
YDR155C,YOR265W,1,3.22066,0.33071309328079224,0.5872383117675781,0.11923576891422272
YGL120C,YPL149W,0,3.220522,0.33052748441696167,0.5872383117675781,0.11933580040931702
YEL013W,YGL106W,0,3.220446,0.3303421139717102,0.5872383117675781,0.11943583190441132
YML063W,YOR211C,0,3.219321,0.33015695214271545,0.5872383117675781,0.11953586339950562
YLL062C,YJL221C,0,3.2183518,0.3299719989299774,0.5872383117675781,0.11963588744401932
YNL185C,YHR186C,0,3.217572,0.3297872245311737,0.5872383117675781,0.11973591893911362
YJR013W,YER056C-A,0,3.2174878,0.3296026885509491,0.5872383117675781,0.11983595043420792
YDR011W,YNL096C,0,3.217215,0.3294183313846588,0.5872383117675781,0.11993598192930222
YJL221C,YGR200C,0,3.216413,0.32923421263694763,0.5872383117675781,0.12003601342439651
YJR121W,YER161C,0,3.2136905,0.3290502727031708,0.5872383117675781,0.12013603746891022
YPL221W,YML130C,1,3.213502,0.3294248878955841,0.5882353186607361,0.12013603746891022
YBR273C,YJL102W,0,3.2130773,0.3292410671710968,0.5882353186607361,0.12023606896400452
YMR166C,YGL147C,0,3.2128472,0.3290574550628662,0.5882353186607361,0.12033610045909882
YNL077W,YDL212W,1,3.211154,0.3294314444065094,0.589232325553894,0.12033610045909882
YBR036C,YNL115C,0,3.2111273,0.32924792170524597,0.589232325553894,0.12043613195419312
YDR283C,YBL061C,0,3.2109559,0.32906457781791687,0.589232325553894,0.12053616344928741
YGR234W,YER153C,0,3.2104366,0.32888147234916687,0.589232325553894,0.12063618749380112
YDL190C,YER030W,0,3.2101593,0.3286985456943512,0.589232325553894,0.12073621898889542
YGR076C,YOR014W,0,3.2095418,0.32851582765579224,0.589232325553894,0.12083625048398972
YJR017C,YDR151C,1,3.2086818,0.3288888931274414,0.590229332447052,0.12083625048398972
YDR518W,YLL024C,1,3.2079003,0.32926151156425476,0.59122633934021,0.12083625048398972
YHR081W,YPR021C,0,3.2073345,0.3290787935256958,0.59122633934021,0.12093628197908401
YJR143C,YGL155W,0,3.2058978,0.32889628410339355,0.59122633934021,0.12103631347417831
YDR425W,YOR201C,0,3.20576,0.328713983297348,0.59122633934021,0.12113633751869202
YOR288C,YDR251W,0,3.2051547,0.3285318613052368,0.59122633934021,0.12123636901378632
YJR110W,YNL217W,0,3.2015572,0.3283499479293823,0.59122633934021,0.12133640050888062
YER048C,YOR232W,1,3.1998415,0.32872164249420166,0.5922233462333679,0.12133640050888062
YNL188W,YNL135C,0,3.1996665,0.32853981852531433,0.5922233462333679,0.12143643200397491
YIL125W,YOL149W,0,3.1984913,0.3283582031726837,0.5922233462333679,0.12153646349906921
YDR036C,YML085C,0,3.1940477,0.3281767964363098,0.5922233462333679,0.12163648754358292
YOL125W,YCL057C-A,0,3.1920838,0.32799556851387024,0.5922233462333679,0.12173651903867722
YBR082C,YGR123C,0,3.1910672,0.32781457901000977,0.5922233462333679,0.12183655053377151
YKL011C,YIR037W,0,3.1906009,0.3276337683200836,0.5922233462333679,0.12193658202886581
YMR282C,YNL015W,0,3.1899724,0.3274531364440918,0.5922233462333679,0.12203661352396011
YER087C-A,YPL092W,0,3.1894588,0.3272727131843567,0.5922233462333679,0.12213663756847382
YIL090W,YGR054W,0,3.1854324,0.3270924985408783,0.5922233462333679,0.12223666906356812
YOR386W,YOL149W,0,3.1849933,0.3269124925136566,0.5922233462333679,0.12233670055866241
YML054C,YML074C,0,3.1844878,0.32673266530036926,0.5922233462333679,0.12243673205375671
YJR001W,YHR017W,0,3.1838708,0.3265530467033386,0.5922233462333679,0.12253676354885101
YGL185C,YJL008C,0,3.1836417,0.3263736367225647,0.5922233462333679,0.12263678759336472
YPR063C,YML005W,0,3.1831965,0.3261944055557251,0.5922233462333679,0.12273681908845901
YDR279W,YLR356W,0,3.182884,0.3260153532028198,0.5922233462333679,0.12283685058355331
YNR027W,YHR011W,0,3.1826978,0.32583653926849365,0.5922233462333679,0.12293688207864761
YER048C,YDR188W,1,3.1824765,0.32620614767074585,0.5932203531265259,0.12293688207864761
YHR067W,YEL050C,0,3.1816044,0.32602739334106445,0.5932203531265259,0.12303691357374191
YDL204W,YAL008W,0,3.1810017,0.32584884762763977,0.5932203531265259,0.12313693761825562
YDR424C,YBR033W,0,3.1793978,0.3256705105304718,0.5932203531265259,0.12323696911334991
YML116W,YAL044C,0,3.1781402,0.32549235224723816,0.5932203531265259,0.12333700060844421
YER161C,YCR004C,0,3.177887,0.32531437277793884,0.5932203531265259,0.12343703210353851
YGR285C,YJR032W,1,3.1750495,0.325683057308197,0.5942173600196838,0.12343703210353851
YMR188C,YCR094W,0,3.1746745,0.32550519704818726,0.5942173600196838,0.12353706359863281
YPR005C,YNL162W,0,3.1746225,0.3253275156021118,0.5942173600196838,0.12363708764314651
YOR265W,YBL039C,0,3.1731563,0.3251500129699707,0.5942173600196838,0.12373711913824081
YNL046W,YLR441C,0,3.1718311,0.3249727487564087,0.5942173600196838,0.12383715063333511
YOR386W,YDR421W,0,3.1677563,0.3247956335544586,0.5942173600196838,0.12393718212842941
YIL004C,YGL178W,0,3.166053,0.32461872696876526,0.5942173600196838,0.12403721362352371
YBR041W,YPL031C,0,3.1652517,0.3244420289993286,0.5942173600196838,0.12413723766803741
YDR128W,YGR234W,0,3.1642616,0.3242655098438263,0.5942173600196838,0.12423726916313171
YKR038C,YOR063W,0,3.1620717,0.3240891695022583,0.5942173600196838,0.12433730065822601
YLR096W,YCL057C-A,0,3.1610026,0.323913037776947,0.5942173600196838,0.12443733215332031
YMR221C,YKL212W,0,3.15971,0.32373708486557007,0.5942173600196838,0.12453736364841461
YNR043W,YML009C,0,3.1594539,0.32356134057044983,0.5942173600196838,0.12463738769292831
YLR096W,YPL089C,0,3.1593823,0.3233857750892639,0.5942173600196838,0.12473741918802261
YJR121W,YDL192W,0,3.1573796,0.3232104182243347,0.5942173600196838,0.12483745068311691
YNR027W,YML074C,0,3.1571765,0.32303524017333984,0.5942173600196838,0.12493748217821121
YNL207W,YGL123W,0,3.1564386,0.3228602409362793,0.5942173600196838,0.12503750622272491
YDR518W,YKL117W,1,3.1554484,0.3232268691062927,0.5952143669128418,0.12503750622272491
YJR145C,YJR134C,0,3.1550822,0.32305195927619934,0.5952143669128418,0.1251375377178192
YCR009C,YCL057C-A,0,3.1525593,0.3228772282600403,0.5952143669128418,0.1252375692129135
YBR082C,YDR318W,0,3.1500607,0.32270270586013794,0.5952143669128418,0.1253376007080078
YJR009C,YBL024W,0,3.1499276,0.3225283622741699,0.5952143669128418,0.1254376322031021
YDR440W,YJL019W,0,3.1473615,0.32235419750213623,0.5952143669128418,0.1255376636981964
YML040W,YDR077W,0,3.1470838,0.32218024134635925,0.5952143669128418,0.1256376951932907
YPR041W,YER112W,0,3.1467826,0.3220064640045166,0.5952143669128418,0.125737726688385
YPL221W,YGR078C,1,3.146729,0.3223719596862793,0.5962113738059998,0.125737726688385
YOR167C,YAL012W,0,3.1408558,0.3221982717514038,0.5962113738059998,0.1258377581834793
YOR027W,YAL053W,1,3.140726,0.3225632607936859,0.5972083806991577,0.1258377581834793
YLR371W,YLR186W,0,3.1396308,0.3223896622657776,0.5972083806991577,0.12593777477741241
YDR046C,YGR076C,0,3.1396263,0.3222162425518036,0.5972083806991577,0.1260378062725067
YDR531W,YHL040C,0,3.1383057,0.3220430016517639,0.5972083806991577,0.126137837767601
YNL159C,YNL015W,0,3.1370363,0.32186996936798096,0.5972083806991577,0.1262378692626953
YBR035C,YER030W,0,3.1367264,0.32169708609580994,0.5972083806991577,0.1263379007577896
YGL136C,YPL204W,0,3.1354837,0.32152441143989563,0.5972083806991577,0.1264379322528839
YHL019C,YAL044C,0,3.135314,0.32135194540023804,0.5972083806991577,0.1265379637479782
YOR369C,YDL008W,0,3.1352115,0.3211796283721924,0.5972083806991577,0.1266379952430725
YEL054C,YFR007W,0,3.134946,0.32100749015808105,0.5972083806991577,0.1267380267381668
YPR132W,YBR105C,0,3.1346545,0.32083556056022644,0.5972083806991577,0.1268380582332611
YMR004W,YML048W,0,3.1341488,0.32066380977630615,0.5972083806991577,0.1269380748271942
YNR043W,YGL059W,0,3.1329541,0.3204922378063202,0.5972083806991577,0.1270381063222885
YJL148W,YHR070W,0,3.1327548,0.32032084465026855,0.5972083806991577,0.1271381378173828
YDR312W,YMR056C,0,3.1314888,0.32014966011047363,0.5972083806991577,0.1272381693124771
YDL007W,YPR102C,0,3.1308703,0.31997862458229065,0.5972083806991577,0.1273382008075714
YER061C,YJL190C,0,3.130111,0.3198077976703644,0.5972083806991577,0.1274382323026657
YER048C,YHR176W,1,3.130061,0.3201707601547241,0.5982053875923157,0.1274382323026657
YOR389W,YMR285C,0,3.1298804,0.3199999928474426,0.5982053875923157,0.12753826379776
YNL151C,YOR092W,0,3.129126,0.31982943415641785,0.5982053875923157,0.1276382952928543
YFL039C,YJR089W,0,3.1290936,0.319659024477005,0.5982053875923157,0.1277383267879486
YBR205W,YER120W,0,3.1280441,0.3194888234138489,0.5982053875923157,0.1278383582830429
YHR021C,YMR224C,0,3.127685,0.3193188011646271,0.5982053875923157,0.127938374876976
YMR307W,YCL031C,0,3.126287,0.3191489279270172,0.5982053875923157,0.1280384063720703
YJL179W,YJL117W,1,3.1260755,0.31951090693473816,0.5992023944854736,0.1280384063720703
YOL092W,YLR287C-A,0,3.124998,0.31934112310409546,0.5992023944854736,0.1281384378671646
YBR213W,YER012W,0,3.1244566,0.3191715478897095,0.5992023944854736,0.1282384693622589
YBL103C,YDL137W,0,3.123807,0.3190021216869354,0.5992023944854736,0.1283385008573532
YNR050C,YAL012W,0,3.1220129,0.3188329041004181,0.5992023944854736,0.1284385323524475
YML094W,YKL117W,1,3.1205068,0.3191940486431122,0.6001994013786316,0.1284385323524475
YLL038C,YLR078C,0,3.119729,0.319024920463562,0.6001994013786316,0.1285385638475418
YGR191W,YKR050W,0,3.1181254,0.3188559412956238,0.6001994013786316,0.1286385953426361
YER173W,YJL189W,0,3.1169372,0.3186871409416199,0.6001994013786316,0.1287386268377304
YJR033C,YJL052W,0,3.116345,0.3185185194015503,0.6001994013786316,0.1288386583328247
YML129C,YDR448W,0,3.115788,0.31835007667541504,0.6001994013786316,0.1289386749267578
YPL221W,YNL310C,1,3.1153576,0.3187103569507599,0.6011964082717896,0.1289386749267578
YOR167C,YDR421W,0,3.1142092,0.3185420036315918,0.6011964082717896,0.1290387064218521
YPL154C,YDR166C,0,3.1134617,0.31837379932403564,0.6011964082717896,0.1291387379169464
YMR282C,YGR220C,0,3.111887,0.3182058036327362,0.6011964082717896,0.1292387694120407
YFL023W,YHR057C,1,3.1118588,0.31856539845466614,0.6021934151649475,0.1292387694120407
YDR251W,YDR231C,0,3.1109624,0.3183974623680115,0.6021934151649475,0.129338800907135
YDL115C,YHL004W,0,3.1098905,0.31822970509529114,0.6021934151649475,0.1294388324022293
YBR041W,YMR289W,0,3.1081424,0.3180621266365051,0.6021934151649475,0.1295388638973236
YNL098C,YPL111W,0,3.1079137,0.31789472699165344,0.6021934151649475,0.1296388953924179
YNL280C,YJR013W,0,3.1075916,0.3177275061607361,0.6021934151649475,0.1297389268875122
YDR329C,YOR288C,0,3.1074076,0.31756046414375305,0.6021934151649475,0.1298389583826065
YIL016W,YMR161W,1,3.1052372,0.3179190754890442,0.6031904220581055,0.1298389583826065
YER120W,YLR147C,0,3.1045136,0.31775209307670593,0.6031904220581055,0.1299389749765396
YBL078C,YLR433C,0,3.1043093,0.317585289478302,0.6031904220581055,0.1300390064716339
YML074C,YDR313C,0,3.103714,0.3174186646938324,0.6031904220581055,0.1301390379667282
YLR134W,YER112W,0,3.103198,0.3172522187232971,0.6031904220581055,0.1302390694618225
YKL109W,YNL135C,0,3.1028888,0.31708595156669617,0.6031904220581055,0.1303391009569168
YML074C,YLR449W,1,3.1009824,0.31744369864463806,0.6041874289512634,0.1303391009569168
YBL057C,YMR109W,0,3.0997262,0.3172774910926819,0.6041874289512634,0.1304391324520111
YER103W,YNL148C,1,3.0988355,0.3176347315311432,0.6051844358444214,0.1304391324520111
YNL207W,YDL180W,0,3.0978522,0.3174686133861542,0.6051844358444214,0.1305391639471054
YMR235C,YMR184W,0,3.0970173,0.3173026740550995,0.6051844358444214,0.1306391954421997
YKR038C,YGR008C,0,3.09579,0.31713688373565674,0.6051844358444214,0.130739226937294
YLR221C,YOR242C,0,3.094964,0.3169712722301483,0.6051844358444214,0.1308392584323883
YAR018C,YCL057C-A,0,3.0918794,0.3168058395385742,0.6051844358444214,0.1309392750263214
YOL031C,YPL226W,0,3.0917783,0.31664058566093445,0.6051844358444214,0.1310393065214157
YAL008W,YML070W,0,3.0906246,0.3164754807949066,0.6051844358444214,0.13113933801651
YDL229W,YJR009C,0,3.0903692,0.3163105845451355,0.6051844358444214,0.1312393695116043
YOR063W,YML060W,0,3.08904,0.3161458373069763,0.6051844358444214,0.1313394010066986
YDR050C,YDR320C,0,3.0871334,0.31598126888275146,0.6051844358444214,0.1314394325017929
YPL101W,YMR303C,0,3.0864406,0.31581684947013855,0.6051844358444214,0.1315394639968872
YLR364W,YOL018C,0,3.085849,0.31565263867378235,0.6051844358444214,0.1316394954919815
YHR129C,YAL058W,0,3.0849705,0.3154885768890381,0.6051844358444214,0.1317395269870758
YPL269W,YGL039W,0,3.0837657,0.31532466411590576,0.6051844358444214,0.1318395584821701
YIR036C,YIR002C,0,3.0829883,0.31516095995903015,0.6051844358444214,0.1319395750761032
YER025W,YGR054W,0,3.0815735,0.3149974048137665,0.6051844358444214,0.1320396065711975
YNL331C,YMR282C,0,3.081207,0.31483402848243713,0.6051844358444214,0.1321396380662918
YLR439W,YGR194C,0,3.0809536,0.3146708011627197,0.6051844358444214,0.1322396695613861
YER036C,YLR188W,0,3.0799894,0.31450778245925903,0.6051844358444214,0.1323397010564804
YPR118W,YCR053W,0,3.078611,0.3143449127674103,0.6051844358444214,0.1324397325515747
YML074C,YIL142W,1,3.0767946,0.31469979882240295,0.6061814427375793,0.1324397325515747
YDR212W,YLR200W,1,3.076449,0.315054327249527,0.6071784496307373,0.1324397325515747
YDL166C,YDR342C,0,3.0762908,0.31489142775535583,0.6071784496307373,0.132539764046669
YBR251W,YPR073C,0,3.0745287,0.31472867727279663,0.6071784496307373,0.1326397955417633
YJR017C,YBR169C,1,3.0726314,0.3150826394557953,0.6081754565238953,0.1326397955417633
YDR532C,YPL103C,0,3.0714972,0.31491997838020325,0.6081754565238953,0.1327398270368576
YBL017C,YER112W,0,3.0708127,0.31475749611854553,0.6081754565238953,0.1328398585319519
YML040W,YJL219W,0,3.0706978,0.31459516286849976,0.6081754565238953,0.132939875125885
YOR057W,YAL035W,0,3.0704534,0.3144329786300659,0.6081754565238953,0.1330399066209793
YDL067C,YJL109C,0,3.0699916,0.3142710030078888,0.6081754565238953,0.1331399381160736
YKL154W,YBR297W,0,3.068851,0.3141091763973236,0.6081754565238953,0.1332399696111679
YOR131C,YNL244C,0,3.0679648,0.31394749879837036,0.6081754565238953,0.1333400011062622
YGL185C,YIL124W,0,3.0675323,0.31378600001335144,0.6081754565238953,0.1334400326013565
YCR009C,YOL125W,0,3.0651007,0.31362468004226685,0.6081754565238953,0.1335400640964508
YDL229W,YER153C,0,3.0650737,0.3134635090827942,0.6081754565238953,0.1336400955915451
YBR155W,YJL073W,1,3.0650496,0.3138161301612854,0.6091724634170532,0.1336400955915451
YBR286W,YEL061C,0,3.064297,0.3136550188064575,0.6091724634170532,0.1337401270866394
YDR379W,YPL160W,0,3.0623097,0.31349408626556396,0.6091724634170532,0.1338401585817337
YDL144C,YOR131C,0,3.058916,0.31333333253860474,0.6091724634170532,0.1339401751756668
YJL101C,YCR075C,0,3.0580487,0.31317272782325745,0.6091724634170532,0.1340402066707611
YNL077W,YDR071C,0,3.0571175,0.3130123019218445,0.6091724634170532,0.1341402381658554
YDR440W,YOR228C,0,3.055885,0.31285202503204346,0.6091724634170532,0.1342402696609497
YBR035C,YIL115C,0,3.05357,0.31269192695617676,0.6091724634170532,0.134340301156044
YLR204W,YBL082C,0,3.0527234,0.312531977891922,0.6091724634170532,0.1344403326511383
YBR205W,YJL073W,0,3.0526624,0.3123721778392792,0.6091724634170532,0.1345403641462326
YPL085W,YKR097W,0,3.0524187,0.3122125566005707,0.6091724634170532,0.1346403956413269
YHR021C,YLR357W,0,3.0510774,0.3120531141757965,0.6091724634170532,0.1347404271364212
YKL100C,YDR069C,0,3.0508204,0.3118938207626343,0.6091724634170532,0.1348404586315155
YBL078C,YCL057C-A,0,3.0505476,0.31173470616340637,0.6091724634170532,0.1349404752254486
YPL241C,YJL111W,1,3.05007,0.31208565831184387,0.6101694703102112,0.1349404752254486
YGL213C,YPL019C,0,3.0491223,0.31192660331726074,0.6101694703102112,0.1350405067205429
YBR092C,YPR178W,0,3.0486617,0.31176769733428955,0.6101694703102112,0.1351405382156372
YIL051C,YJL190C,0,3.0431783,0.3116089701652527,0.6101694703102112,0.1352405697107315
YDR022C,YLR221C,0,3.0428076,0.31145039200782776,0.6101694703102112,0.1353406012058258
YDL067C,YCR037C,0,3.0410328,0.31129196286201477,0.6101694703102112,0.1354406327009201
YER048C,YFL023W,1,3.0407772,0.3116420805454254,0.6111664772033691,0.1354406327009201
YDL051W,YBR084W,0,3.038864,0.3114837408065796,0.6111664772033691,0.1355406641960144
YER126C,YMR208W,0,3.0377429,0.3113255500793457,0.6111664772033691,0.1356406956911087
YDR169C,YMR012W,0,3.0370216,0.31116750836372375,0.6111664772033691,0.135740727186203
YER087C-A,YDR166C,0,3.0355859,0.31100964546203613,0.6111664772033691,0.1358407586812973
YJL153C,YOL056W,0,3.0337312,0.31085193157196045,0.6111664772033691,0.1359407752752304
YFL023W,YOR349W,1,3.0334976,0.31120121479034424,0.6121634840965271,0.1359407752752304
YDL146W,YJL101C,0,3.0332532,0.31104356050491333,0.6121634840965271,0.1360408067703247
YKL156W,YGR037C,0,3.0315914,0.31088608503341675,0.6121634840965271,0.136140838265419
YDR258C,YJL162C,1,3.0306127,0.31123483180999756,0.6131604909896851,0.136140838265419
YDL033C,YLR186W,0,3.0294619,0.31107738614082336,0.6131604909896851,0.1362408697605133
YKL154W,YER056C-A,0,3.028641,0.3109201192855835,0.6131604909896851,0.1363409012556076
YDR013W,YHL047C,0,3.027112,0.31076300144195557,0.6131604909896851,0.1364409327507019
YOR175C,YPL101W,0,3.0270991,0.31060606241226196,0.6131604909896851,0.1365409642457962
YIL070C,YBR087W,0,3.0267906,0.3104492723941803,0.6131604909896851,0.1366409957408905
YER044C,YGR001C,0,3.0262866,0.31029263138771057,0.6131604909896851,0.1367410272359848
YOR046C,YGR156W,0,3.025834,0.31013616919517517,0.6131604909896851,0.1368410587310791
YFL016C,YDR151C,1,3.0246134,0.3104838728904724,0.614157497882843,0.1368410587310791
YHL044W,YDL095W,0,3.024554,0.3103274703025818,0.614157497882843,0.1369410753250122
YDR341C,YBR033W,0,3.023716,0.3101711869239807,0.614157497882843,0.1370411068201065
YBR036C,YOL092W,0,3.0223713,0.31001511216163635,0.614157497882843,0.1371411383152008
YDL095W,YJL121C,0,3.0212436,0.30985915660858154,0.614157497882843,0.1372411698102951
YMR281W,YIL124W,0,3.0190597,0.30970337986946106,0.614157497882843,0.1373412013053894
YML094W,YDR376W,0,3.0187662,0.3095477521419525,0.614157497882843,0.1374412328004837
YDR326C,YGR123C,0,3.0185204,0.3093922734260559,0.614157497882843,0.137541264295578
YJL153C,YOR228C,0,3.0178678,0.30923694372177124,0.614157497882843,0.1376412957906723
YLR414C,YPR186C,0,3.0176091,0.3090817928314209,0.614157497882843,0.1377413272857666
YGL137W,YHR167W,0,3.017455,0.3089267909526825,0.614157497882843,0.1378413587808609
YOR349W,YJR017C,1,3.014544,0.3092731833457947,0.6151545643806458,0.1378413587808609
YDR507C,YDR116C,0,3.013208,0.30911824107170105,0.6151545643806458,0.137941375374794
YNL185C,YOR217W,0,3.0120144,0.30896344780921936,0.6151545643806458,0.1380414068698883
YJR094W-A,YNL015W,0,3.0115688,0.3088088035583496,0.6151545643806458,0.1381414383649826
YLL062C,YNL098C,0,3.0111995,0.3086543381214142,0.6151545643806458,0.1382414698600769
YML074C,YGL185C,0,3.0110693,0.3084999918937683,0.6151545643806458,0.1383415013551712
YDR074W,YMR314W,0,3.0110252,0.30834582448005676,0.6151545643806458,0.1384415328502655
YNL308C,YJL153C,0,3.0098538,0.30819180607795715,0.6151545643806458,0.1385415643453598
YBR101C,YNL077W,1,3.0083613,0.30853718519210815,0.6161515712738037,0.1385415643453598
YLR200W,YJL008C,1,3.0072947,0.3088822364807129,0.6171485781669617,0.1385415643453598
YNL308C,YOR150W,0,3.007186,0.3087281882762909,0.6171485781669617,0.1386415958404541
YER048C,YNL135C,1,3.0061152,0.3090727925300598,0.6181455850601196,0.1386415958404541
YGL106W,YMR312W,0,3.0051584,0.3089187741279602,0.6181455850601196,0.1387416273355484
YOR288C,YHR064C,1,3.005087,0.3092629611492157,0.6191425919532776,0.1387416273355484
YLR008C,YNL015W,0,3.0048935,0.30910900235176086,0.6191425919532776,0.1388416588306427
YER174C,YLR441C,0,3.0042565,0.30895522236824036,0.6191425919532776,0.1389416754245758
YDR424C,YDR086C,0,3.003406,0.3088015913963318,0.6191425919532776,0.1390417069196701
YEL059C-A,YJR076C,0,3.0025554,0.30864810943603516,0.6191425919532776,0.1391417384147644
YOR201C,YGL206C,0,3.0019708,0.30849477648735046,0.6191425919532776,0.1392417699098587
YDR283C,YNL129W,0,3.0017052,0.3083416223526001,0.6191425919532776,0.139341801404953
YBR159W,YIL125W,0,3.0005178,0.3081885874271393,0.6191425919532776,0.1394418329000473
YLR188W,YHR161C,0,2.9995346,0.3080357015132904,0.6191425919532776,0.1395418643951416
YGL135W,YIL172C,0,2.9974103,0.30788299441337585,0.6191425919532776,0.1396418958902359
YNL129W,YDR400W,0,2.997343,0.30773043632507324,0.6191425919532776,0.1397419273853302
YER131W,YDR443C,0,2.994708,0.3075779974460602,0.6191425919532776,0.1398419588804245
YPR005C,YJL097W,0,2.9942842,0.30742573738098145,0.6191425919532776,0.1399419754743576
YFR003C,YMR314W,0,2.994022,0.30727362632751465,0.6191425919532776,0.1400420069694519
YPR098C,YOR269W,0,2.9917855,0.3071216642856598,0.6191425919532776,0.1401420384645462
YDR231C,YAL058W,0,2.99176,0.30696985125541687,0.6191425919532776,0.1402420699596405
YMR298W,YOR389W,0,2.9917333,0.3068181872367859,0.6191425919532776,0.1403421014547348
YLR188W,YOR332W,0,2.990957,0.30666667222976685,0.6191425919532776,0.1404421329498291
YOL064C,YKL195W,0,2.9899502,0.30651530623435974,0.6191425919532776,0.1405421644449234
YPR063C,YBL030C,0,2.9893804,0.3063640892505646,0.6191425919532776,0.1406421959400177
YER086W,YDR376W,0,2.9891396,0.30621302127838135,0.6191425919532776,0.140742227435112
YDL143W,YNR028W,1,2.9882898,0.3065549433231354,0.6201395988464355,0.140742227435112
YHL040C,YDL231C,0,2.9882653,0.3064039349555969,0.6201395988464355,0.1408422589302063
YJR094W-A,YDL204W,0,2.9870434,0.3062530755996704,0.6201395988464355,0.1409422755241394
YLR237W,YLR430W,0,2.9866314,0.30610236525535583,0.6201395988464355,0.1410423070192337
YMR235C,YDR065W,0,2.9862864,0.3059518039226532,0.6201395988464355,0.141142338514328
YOL003C,YER025W,0,2.9852996,0.3058013617992401,0.6201395988464355,0.1412423700094223
YHR161C,YMR012W,0,2.9840472,0.30565109848976135,0.6201395988464355,0.1413424015045166
YHR064C,YLR176C,0,2.9825416,0.30550098419189453,0.6201395988464355,0.1414424329996109
YDR518W,YAL053W,1,2.981904,0.30584192276000977,0.6211366057395935,0.1414424329996109
YBR024W,YDR117C,0,2.9817042,0.3056918680667877,0.6211366057395935,0.1415424644947052
YOR036W,YOL080C,0,2.9800253,0.3055419325828552,0.6211366057395935,0.1416424959897995
YNL212W,YAL003W,0,2.9799664,0.30539214611053467,0.6211366057395935,0.1417425274848938
YML115C,YDR483W,0,2.979212,0.30524253845214844,0.6211366057395935,0.1418425589799881
YLR343W,YBR160W,0,2.9785616,0.30509305000305176,0.6211366057395935,0.1419425755739212
YOR175C,YAL062W,0,2.9784374,0.304943710565567,0.6211366057395935,0.1420426070690155
YER036C,YDR121W,0,2.9782436,0.3047945201396942,0.6211366057395935,0.1421426385641098
YGR234W,YMR165C,0,2.9775124,0.30464547872543335,0.6211366057395935,0.1422426700592041
YMR302C,YJR068W,0,2.975669,0.3044965863227844,0.6211366057395935,0.1423427015542984
YGL120C,YDR510W,0,2.9748487,0.30434781312942505,0.6211366057395935,0.1424427330493927
YGR086C,YFL044C,0,2.9743762,0.30419921875,0.6211366057395935,0.142542764544487
YOR046C,YDL130W,0,2.973585,0.3040507435798645,0.6211366057395935,0.1426427960395813
YBR024W,YMR045C,0,2.9733722,0.30390244722366333,0.6211366057395935,0.1427428275346756
YBL021C,YPL214C,0,2.9731252,0.3037542700767517,0.6211366057395935,0.1428428590297699
YLR439W,YCL047C,0,2.973074,0.303606241941452,0.6211366057395935,0.142942875623703
YNL308C,YJL190C,0,2.972157,0.3034583628177643,0.6211366057395935,0.1430429071187973
YDR238C,YDL082W,0,2.971189,0.3033106029033661,0.6211366057395935,0.1431429386138916
YGL040C,YIL124W,0,2.9711847,0.3031630218029022,0.6211366057395935,0.1432429701089859
YLR048W,YGL040C,0,2.9711185,0.3030155599117279,0.6211366057395935,0.1433430016040802
YLR109W,YJL080C,0,2.970637,0.3028682470321655,0.6211366057395935,0.1434430330991745
YMR127C,YLR100W,0,2.9697657,0.3027210831642151,0.6211366057395935,0.1435430645942688
YHR215W,YDR390C,0,2.9697204,0.3025740683078766,0.6211366057395935,0.1436430960893631
YOR039W,YER053C,0,2.9692264,0.30242717266082764,0.6211366057395935,0.1437431275844574
YBR286W,YML015C,0,2.9684107,0.302280455827713,0.6211366057395935,0.1438431590795517
YGL173C,YDR424C,0,2.9679084,0.30213385820388794,0.6211366057395935,0.1439431756734848
YGR124W,YPL028W,0,2.967771,0.3019874095916748,0.6211366057395935,0.1440432071685791
YJR045C,YEL030W,1,2.967699,0.302325576543808,0.6221336126327515,0.1440432071685791
YER048C,YBL075C,1,2.9674907,0.3026634454727173,0.6231306195259094,0.1440432071685791
YFR041C,YPL037C,1,2.9674635,0.30300095677375793,0.6241276264190674,0.1440432071685791
YOL138C,YNL322C,0,2.9674025,0.30285438895225525,0.6241276264190674,0.1441432386636734
YLR045C,YIL124W,0,2.967308,0.3027079403400421,0.6241276264190674,0.1442432701587677
YGR231C,YOR349W,1,2.966956,0.3030449450016022,0.6251246333122253,0.1442432701587677
YDL204W,YDR093W,0,2.966704,0.3028985559940338,0.6251246333122253,0.144343301653862
YJR110W,YNL310C,0,2.9665103,0.302752286195755,0.6251246333122253,0.1444433331489563
YPR028W,YFL044C,0,2.9663596,0.30260616540908813,0.6251246333122253,0.1445433646440506
YDR036C,YOL139C,0,2.9659057,0.3024601936340332,0.6251246333122253,0.1446433961391449
YNL191W,YJL189W,0,2.9646683,0.3023143708705902,0.6251246333122253,0.1447434276342392
YDR050C,YBL037W,0,2.9642565,0.30216866731643677,0.6251246333122253,0.1448434591293335
YLR212C,YML042W,0,2.961051,0.30202311277389526,0.6251246333122253,0.1449434757232666
YGR101W,YIL145C,0,2.959755,0.3018777072429657,0.6251246333122253,0.1450435072183609
YNR061C,YBR040W,0,2.958919,0.3017324209213257,0.6251246333122253,0.1451435387134552
YAL021C,YBL090W,0,2.9585176,0.30158731341362,0.6251246333122253,0.1452435702085495
YIL145C,YLR139C,0,2.9576132,0.30144229531288147,0.6251246333122253,0.1453436017036438
YNR022C,YBR297W,0,2.9559903,0.30129745602607727,0.6251246333122253,0.1454436331987381
YDR380W,YHR064C,0,2.954257,0.3011527359485626,0.6251246333122253,0.1455436646938324
YLR192C,YML048W,0,2.9537544,0.3010081648826599,0.6251246333122253,0.1456436961889267
YMR264W,YNL115C,0,2.953648,0.30086371302604675,0.6251246333122253,0.145743727684021
YNL293W,YOR036W,0,2.9532163,0.30071941018104553,0.6251246333122253,0.1458437591791153
YGL009C,YDL130W-A,0,2.9531572,0.30057525634765625,0.6251246333122253,0.1459437757730484
YML074C,YJR032W,1,2.9530535,0.3009103834629059,0.6261216402053833,0.1459437757730484
YPL174C,YDR486C,0,2.9522038,0.3007662892341614,0.6261216402053833,0.1460438072681427
YNL322C,YPL022W,0,2.952148,0.3006223142147064,0.6261216402053833,0.146143838763237
YER131W,YGR063C,0,2.9518964,0.300478458404541,0.6261216402053833,0.1462438702583313
YBR286W,YFR006W,0,2.9518714,0.30033478140830994,0.6261216402053833,0.1463439017534256
YDR265W,YNL292W,0,2.951147,0.300191193819046,0.6261216402053833,0.1464439332485199
YDR481C,YFR041C,0,2.9509778,0.30004778504371643,0.6261216402053833,0.1465439647436142
YGL128C,YHR089C,0,2.9508867,0.2999044954776764,0.6261216402053833,0.1466439962387085
YER025W,YBR082C,0,2.9492388,0.2997613251209259,0.6261216402053833,0.1467440277338028
YLR096W,YHR025W,0,2.9487612,0.29961833357810974,0.6261216402053833,0.1468440592288971
YNL330C,YDL192W,0,2.9481876,0.29947543144226074,0.6261216402053833,0.1469440758228302
YPL019C,YMR208W,0,2.947303,0.29933270812034607,0.6261216402053833,0.1470441073179245
YER083C,YCR004C,0,2.944368,0.29919010400772095,0.6261216402053833,0.1471441388130188
YML018C,YDL085W,0,2.9439244,0.2990476191043854,0.6261216402053833,0.1472441703081131
YDR358W,YMR285C,0,2.9433053,0.29890528321266174,0.6261216402053833,0.1473442018032074
YGR124W,YPR031W,0,2.9426687,0.29876309633255005,0.6261216402053833,0.1474442332983017
YGR101W,YOR332W,0,2.9426677,0.2986210286617279,0.6261216402053833,0.147544264793396
YAL053W,YOR020C,1,2.9420042,0.2989543676376343,0.6271186470985413,0.147544264793396
YOR228C,YMR165C,0,2.9406846,0.2988123595714569,0.6271186470985413,0.1476442962884903
YNL148C,YDR519W,1,2.9401307,0.29914531111717224,0.6281156539916992,0.1476442962884903
YDR481C,YMR233W,0,2.9397354,0.29900333285331726,0.6281156539916992,0.1477443277835846
YIL016W,YAL053W,1,2.9395406,0.29933586716651917,0.6291126608848572,0.1477443277835846
YLR097C,YGR191W,0,2.939248,0.2991939187049866,0.6291126608848572,0.1478443592786789
YMR264W,YBR273C,0,2.9390597,0.2990521192550659,0.6291126608848572,0.147944375872612
YNL049C,YAL025C,0,2.938597,0.2989104688167572,0.6291126608848572,0.1480444073677063
YFL004W,YAL062W,0,2.9372797,0.29876893758773804,0.6291126608848572,0.1481444388628006
YGR088W,YDR501W,0,2.9360495,0.2986275553703308,0.6291126608848572,0.1482444703578949
YLR418C,YDR032C,0,2.9356174,0.29848629236221313,0.6291126608848572,0.1483445018529892
YNL268W,YHR070W,0,2.9342747,0.298345148563385,0.6291126608848572,0.1484445333480835
YGL210W,YAL003W,0,2.9339883,0.2982041537761688,0.6291126608848572,0.1485445648431778
YKL034W,YOL077C,0,2.932905,0.2980633080005646,0.6291126608848572,0.1486445963382721
YPL019C,YOL018C,0,2.932172,0.2979225814342499,0.6291126608848572,0.1487446278333664
YER070W,YEL002C,0,2.930789,0.29778197407722473,0.6291126608848572,0.1488446593284607
YLR433C,YER112W,0,2.930097,0.2976415157318115,0.6291126608848572,0.148944690823555
YLR045C,YER112W,0,2.9299438,0.29750117659568787,0.6291126608848572,0.1490447074174881
YFL004W,YOR043W,0,2.9296227,0.29736098647117615,0.6291126608848572,0.1491447389125824
YDR188W,YJR045C,1,2.928857,0.2976919412612915,0.6301096677780151,0.1491447389125824
YBL017C,YGR002C,0,2.9279804,0.2975517809391022,0.6301096677780151,0.1492447704076767
YCR069W,YJR045C,1,2.9275508,0.2978823482990265,0.6311066746711731,0.1492447704076767
YMR163C,YCL047C,0,2.9274707,0.29774224758148193,0.6311066746711731,0.149344801902771
YMR045C,YPL153C,0,2.9252443,0.29760226607322693,0.6311066746711731,0.1494448333978653
YGL232W,YPR184W,0,2.9246078,0.2974624037742615,0.6311066746711731,0.1495448648929596
YLR097C,YNR016C,0,2.9237823,0.29732269048690796,0.6311066746711731,0.1496448963880539
YDL067C,YLR221C,0,2.9231157,0.297183096408844,0.6311066746711731,0.1497449278831482
YBR155W,YDR252W,1,2.922502,0.2975129187107086,0.632103681564331,0.1497449278831482
YNL007C,YER020W,0,2.9214299,0.29737335443496704,0.632103681564331,0.1498449593782425
YIR014W,YGL059W,0,2.9192643,0.2972339391708374,0.632103681564331,0.1499449908733368
YNR061C,YAL058W,0,2.9191017,0.2970946431159973,0.632103681564331,0.1500450074672699
YJR104C,YBR158W,0,2.9178004,0.29695549607276917,0.632103681564331,0.1501450389623642
YNL209W,YAL058W,1,2.9171076,0.29728463292121887,0.633100688457489,0.1501450389623642
YGL135W,YGR263C,0,2.916317,0.2971455454826355,0.633100688457489,0.1502450704574585
YOL005C,YDR096W,0,2.9159532,0.2970065474510193,0.633100688457489,0.1503451019525528
YNL086W,YIL078W,0,2.9153905,0.296867698431015,0.633100688457489,0.1504451334476471
YLR032W,YPR184W,0,2.914475,0.2967289686203003,0.633100688457489,0.1505451649427414
YML074C,YHR142W,1,2.9124699,0.29705744981765747,0.634097695350647,0.1505451649427414
YOL139C,YDR380W,0,2.9112816,0.2969187796115875,0.634097695350647,0.1506451964378357
YJL014W,YOR349W,1,2.9111567,0.2972468435764313,0.6350947022438049,0.1506451964378357
YJL080C,YER153C,0,2.911008,0.2971082031726837,0.6350947022438049,0.15074522793293
YDR347W,YJL080C,0,2.9101088,0.2969697117805481,0.6350947022438049,0.1508452594280243
YNL280C,YGR116W,0,2.909958,0.29683130979537964,0.6350947022438049,0.1509452909231186
YHR215W,YMR056C,0,2.9099016,0.2966930568218231,0.6350947022438049,0.1510453075170517
YJR016C,YBR291C,0,2.9093938,0.29655492305755615,0.6350947022438049,0.151145339012146
YGR124W,YHL036W,0,2.9090252,0.2964169383049011,0.6350947022438049,0.1512453705072403
YNL061W,YNL096C,0,2.9085312,0.29627907276153564,0.6350947022438049,0.1513454020023346
YPL074W,YEL002C,0,2.9082587,0.2961413264274597,0.6350947022438049,0.1514454334974289
YLR439W,YAL034W-A,0,2.9077463,0.2960037291049957,0.6350947022438049,0.1515454649925232
YLR212C,YGL106W,0,2.9072943,0.2958662211894989,0.6350947022438049,0.1516454964876175
YGL229C,YKL042W,0,2.9064896,0.295728862285614,0.6350947022438049,0.1517455279827118
YHL040C,YML104C,0,2.9053867,0.29559165239334106,0.6350947022438049,0.1518455594778061
YJR145C,YBL030C,0,2.9023128,0.2954545319080353,0.6350947022438049,0.1519455909729004
YFR008W,YKL021C,0,2.900969,0.29531756043434143,0.6350947022438049,0.1520456075668335
YJL143W,YBR036C,0,2.900487,0.29518070816993713,0.6350947022438049,0.1521456390619278
YKR090W,YDR177W,0,2.8986635,0.2950440049171448,0.6350947022438049,0.1522456705570221
YGR058W,YDL075W,0,2.8970082,0.29490742087364197,0.6350947022438049,0.1523457020521164
YDR139C,YGL251C,0,2.89697,0.2947709262371063,0.6350947022438049,0.1524457335472107
YLR214W,YBR164C,0,2.896357,0.294634610414505,0.6350947022438049,0.152545765042305
YFL004W,YDR055W,0,2.8962336,0.29449838399887085,0.6350947022438049,0.1526457965373993
YAL021C,YDR115W,0,2.8959713,0.29436230659484863,0.6350947022438049,0.1527458280324936
YER095W,YOL071W,0,2.8951476,0.2942263185977936,0.6350947022438049,0.1528458595275879
YNL129W,YDR436W,0,2.8941565,0.29409047961235046,0.6350947022438049,0.1529458910226822
YNL148C,YPL064C,1,2.892931,0.29441624879837036,0.6360917091369629,0.1529458910226822
YOR020C,YNL135C,1,2.8877301,0.294741690158844,0.6370887160301208,0.1529458910226822
YDR265W,YML012W,0,2.8873384,0.2946058213710785,0.6370887160301208,0.1530459076166153
YAL020C,YNL306W,0,2.886368,0.29447004199028015,0.6370887160301208,0.1531459391117096
YAR010C,YPL085W,0,2.8862102,0.29433441162109375,0.6370887160301208,0.1532459706068039
YDR012W,YBR084W,0,2.8848934,0.2941989004611969,0.6370887160301208,0.1533460021018982
YGR101W,YDL184C,0,2.8845768,0.2940635085105896,0.6370887160301208,0.1534460335969925
YGR263C,YDR139C,0,2.8840995,0.29392823576927185,0.6370887160301208,0.1535460650920868
YDR238C,YCR094W,0,2.8813095,0.29379311203956604,0.6370887160301208,0.1536460965871811
YAL013W,YML125C,0,2.8793113,0.2936580777168274,0.6370887160301208,0.1537461280822754
YPL144W,YNL185C,0,2.8777514,0.2935231924057007,0.6370887160301208,0.1538461595773697
YOL071W,YIL101C,0,2.8777208,0.2933884263038635,0.6370887160301208,0.153946191072464
YGR062C,YGL157W,0,2.876745,0.2932537794113159,0.6370887160301208,0.1540462076663971
YIL145C,YGR194C,0,2.8764992,0.29311925172805786,0.6370887160301208,0.1541462391614914
YGL173C,YDL030W,0,2.8763652,0.29298487305641174,0.6370887160301208,0.1542462706565857
YHR067W,YJL125C,0,2.8763084,0.2928505837917328,0.6370887160301208,0.15434630215168
YFL029C,YKL021C,0,2.8754706,0.29271644353866577,0.6370887160301208,0.1544463336467743
YML094W,YDR071C,0,2.875071,0.2925824224948883,0.6370887160301208,0.1545463651418686
YIL070C,YMR256C,0,2.8745909,0.2924485206604004,0.6370887160301208,0.1546463966369629
YHR028C,YER113C,0,2.873497,0.292314738035202,0.6370887160301208,0.1547464281320572
YER184C,YPL160W,0,2.8724082,0.2921810746192932,0.6370887160301208,0.1548464596271515
YPL159C,YKR097W,0,2.8721366,0.29204753041267395,0.6370887160301208,0.1549464911222458
YLR201C,YAR007C,0,2.8719277,0.29191410541534424,0.6370887160301208,0.1550465077161789
YKR090W,YLR147C,0,2.8708358,0.29178082942962646,0.6370887160301208,0.1551465392112732
YDR425W,YML048W,0,2.8698769,0.29164764285087585,0.6370887160301208,0.1552465707063675
YOL067C,YNL162W,0,2.8696918,0.2915146052837372,0.6370887160301208,0.1553466022014618
YJL014W,YDL212W,1,2.8690782,0.2918376624584198,0.6380857229232788,0.1553466022014618
YBR024W,YDR088C,0,2.868898,0.2917046546936035,0.6380857229232788,0.1554466336965561
YAR010C,YCL047C,0,2.8678384,0.2915717661380768,0.6380857229232788,0.1555466651916504
YBR036C,YOL056W,0,2.8675437,0.2914389669895172,0.6380857229232788,0.1556466966867447
YOR389W,YAL003W,0,2.8668435,0.2913063168525696,0.6380857229232788,0.155746728181839
YER048C,YAL058W,1,2.8659005,0.29162874817848206,0.6390827298164368,0.155746728181839
YML091C,YHR186C,0,2.8655052,0.2914961278438568,0.6390827298164368,0.1558467596769333
YLR343W,YOL149W,0,2.8651218,0.2913636267185211,0.6390827298164368,0.1559467911720276
YBL060W,YDR088C,0,2.8651185,0.291231244802475,0.6390827298164368,0.1560468077659607
YKR058W,YMR051C,0,2.864873,0.29109901189804077,0.6390827298164368,0.156146839261055
YDR322W,YDR510W,0,2.8642497,0.29096686840057373,0.6390827298164368,0.1562468707561493
YJR139C,YPL095C,0,2.8620758,0.29083484411239624,0.6390827298164368,0.1563469022512436
YGR132C,YAL058W,1,2.860304,0.29115647077560425,0.6400797367095947,0.1563469022512436
YHR027C,YDR313C,0,2.8584137,0.29102447628974915,0.6400797367095947,0.1564469337463379
YNL330C,YNR001C,0,2.8582654,0.2908926010131836,0.6400797367095947,0.1565469652414322
YML106W,YER112W,0,2.8578248,0.29076087474823,0.6400797367095947,0.1566469967365265
YNL280C,YCR081W,0,2.857747,0.29062923789024353,0.6400797367095947,0.1567470282316208
YLR448W,YOR211C,0,2.8569593,0.290497750043869,0.6400797367095947,0.1568470597267151
YER103W,YAL053W,1,2.8566499,0.29081863164901733,0.6410767436027527,0.1568470597267151
YNL242W,YPL154C,0,2.8556776,0.2906871736049652,0.6410767436027527,0.1569470912218094
YLR188W,YER184C,0,2.8536344,0.29055580496788025,0.6410767436027527,0.1570471078157425
YGR220C,YPL220W,0,2.8506236,0.2904245853424072,0.6410767436027527,0.1571471393108368
YMR256C,YJL106W,0,2.8502357,0.29029345512390137,0.6410767436027527,0.1572471708059311
YDR376W,YLR078C,0,2.8457508,0.29016244411468506,0.6410767436027527,0.1573472023010254
YGR231C,YJR017C,1,2.8447158,0.29048264026641846,0.6420737504959106,0.1573472023010254
YGL018C,YNL077W,1,2.8437066,0.290802538394928,0.6430708169937134,0.1573472023010254
YFR015C,YER091C,0,2.8432143,0.2906714677810669,0.6430708169937134,0.1574472337961197
YNL149C,YAL012W,0,2.8428457,0.29054054617881775,0.6430708169937134,0.157547265291214
YHR167W,YCL047C,0,2.8414755,0.29040971398353577,0.6430708169937134,0.1576472967863083
YJL072C,YNL162W,0,2.840469,0.2902790307998657,0.6430708169937134,0.1577473282814026
YAL023C,YDR128W,0,2.8403628,0.29014843702316284,0.6430708169937134,0.1578473597764969
YDL130W,YNL129W,0,2.840321,0.2900179922580719,0.6430708169937134,0.1579473912715912
YDL075W,YDR507C,0,2.8392375,0.2898876368999481,0.6430708169937134,0.1580474078655243
YML074C,YPL220W,0,2.8386922,0.2897574007511139,0.6430708169937134,0.1581474393606186
YBR166C,YLR010C,0,2.8381028,0.2896273136138916,0.6430708169937134,0.1582474708557129
YCR009C,YLR287C-A,0,2.8375044,0.2894973158836365,0.6430708169937134,0.1583475023508072
YDR046C,YGL039W,0,2.837487,0.2893674373626709,0.6430708169937134,0.1584475338459015
YKR059W,YER012W,0,2.8367379,0.2892376780509949,0.6430708169937134,0.1585475653409958
YIR004W,YDL143W,1,2.8364148,0.28955626487731934,0.6440678238868713,0.1585475653409958
YDR425W,YLR381W,0,2.8364098,0.2894265353679657,0.6440678238868713,0.1586475968360901
YDL007W,YEL017C-A,0,2.8363607,0.2892968952655792,0.6440678238868713,0.1587476283311844
YOR037W,YJL101C,0,2.8359246,0.2891674041748047,0.6440678238868713,0.1588476598262787
YNR043W,YPR031W,0,2.8357053,0.2890380322933197,0.6440678238868713,0.15894769132137299
YBR001C,YMR292W,0,2.8348236,0.28890877962112427,0.6440678238868713,0.1590477079153061
YAL020C,YDL115C,0,2.8348022,0.288779616355896,0.6440678238868713,0.1591477394104004
YER061C,YML009C,0,2.8343072,0.2886505722999573,0.6440678238868713,0.1592477709054947
YKL156W,YEL058W,0,2.8341966,0.2885216474533081,0.6440678238868713,0.159347802400589
YOR167C,YNL289W,0,2.8340192,0.2883928716182709,0.6440678238868713,0.1594478338956833
YDR158W,YGL141W,0,2.8335993,0.2882641553878784,0.6440678238868713,0.1595478653907776
YJR045C,YHR064C,1,2.833222,0.28858160972595215,0.6450648307800293,0.1595478653907776
YML094W,YMR314W,0,2.8331041,0.28845295310020447,0.6450648307800293,0.1596478968858719
YJR009C,YHR161C,0,2.8310297,0.28832441568374634,0.6450648307800293,0.1597479283809662
YGL137W,YHR161C,0,2.830873,0.28819599747657776,0.6450648307800293,0.15984795987606049
YDR155C,YMR214W,1,2.829781,0.2885129153728485,0.6460618376731873,0.15984795987606049
YLR459W,YGR189C,0,2.8289473,0.2883845269680023,0.6460618376731873,0.15994799137115479
YAL010C,YEL054C,0,2.8273416,0.2882562279701233,0.6460618376731873,0.1600480079650879
YDR069C,YKL143W,0,2.8272839,0.2881280481815338,0.6460618376731873,0.1601480394601822
YNR061C,YBR245C,0,2.827248,0.2879999876022339,0.6460618376731873,0.1602480709552765
YPL241C,YAL053W,1,2.8232913,0.2883163094520569,0.6470588445663452,0.1602480709552765
YMR023C,YDR402C,0,2.8230577,0.28818827867507935,0.6470588445663452,0.1603481024503708
YPL019C,YFL037W,0,2.8227885,0.28806036710739136,0.6470588445663452,0.1604481339454651
YLR237W,YKL010C,0,2.8225565,0.2879325747489929,0.6470588445663452,0.1605481654405594
YDL008W,YCL057C-A,0,2.8213134,0.28780487179756165,0.6470588445663452,0.1606481969356537
YIR036C,YCR075C,0,2.8210485,0.2876773178577423,0.6470588445663452,0.16074822843074799
YOR096W,YMR037C,0,2.8180265,0.28754985332489014,0.6470588445663452,0.16084825992584229
YJL143W,YJR001W,0,2.8165884,0.2874225080013275,0.6470588445663452,0.16094829142093658
YJR064W,YEL030W,1,2.8148422,0.2877379357814789,0.6480558514595032,0.16094829142093658
YPL195W,YDR177W,0,2.8147337,0.28761062026023865,0.6480558514595032,0.1610483080148697
YFR003C,YAL008W,0,2.8145332,0.28748342394828796,0.6480558514595032,0.161148339509964
YER048C,YOR288C,1,2.8113537,0.2877984046936035,0.6490528583526611,0.161148339509964
YDR388W,YDR283C,0,2.8109798,0.2876712381839752,0.6490528583526611,0.1612483710050583
YNL281W,YCR060W,1,2.808951,0.2879858613014221,0.6500498652458191,0.1612483710050583
YER027C,YLR109W,0,2.8087285,0.2878587245941162,0.6500498652458191,0.1613484025001526
YNL213C,YDR390C,0,2.8084936,0.28773167729377747,0.6500498652458191,0.1614484339952469
YGL253W,YNL146W,0,2.8081293,0.28760474920272827,0.6500498652458191,0.1615484654903412
YDL137W,YPR036W,0,2.8063731,0.28747794032096863,0.6500498652458191,0.16164849698543549
YDR479C,YGR286C,0,2.8060794,0.28735125064849854,0.6500498652458191,0.16174852848052979
YML094W,YKR048C,0,2.805479,0.287224680185318,0.6500498652458191,0.16184855997562408
YDR253C,YNL301C,0,2.805119,0.2870981991291046,0.6500498652458191,0.16194859147071838
YOR315W,YNL248C,0,2.8050675,0.2869718372821808,0.6500498652458191,0.1620486080646515
YLR200W,YNL077W,1,2.8047109,0.28728553652763367,0.651046872138977,0.1620486080646515
YHL047C,YHR010W,0,2.8044858,0.2871592044830322,0.651046872138977,0.1621486395597458
YEL030W,YBR169C,1,2.8044665,0.28747251629829407,0.652043879032135,0.1621486395597458
YOL065C,YGR218W,0,2.804163,0.287346214056015,0.652043879032135,0.1622486710548401
YML116W,YIL111W,0,2.801263,0.2872200310230255,0.652043879032135,0.1623487025499344
YDR107C,YAL044C,0,2.8007345,0.2870939373970032,0.652043879032135,0.1624487340450287
YGR029W,YOR374W,0,2.798439,0.2869679629802704,0.652043879032135,0.16254876554012299
YLR127C,YPL220W,0,2.7976224,0.28684210777282715,0.652043879032135,0.16264879703521729
YHR021C,YNR016C,0,2.7976124,0.2867163419723511,0.652043879032135,0.16274882853031158
YIL070C,YOL125W,0,2.7958102,0.28659069538116455,0.652043879032135,0.16284886002540588
YDR440W,YDR510W,0,2.792121,0.2864651679992676,0.652043879032135,0.16294889152050018
YNL207W,YGL084C,0,2.7910075,0.28633975982666016,0.652043879032135,0.1630489081144333
YMR282C,YLR381W,0,2.7904081,0.2862144410610199,0.652043879032135,0.1631489396095276
YLR237W,YGR135W,0,2.790036,0.2860892415046692,0.652043879032135,0.1632489711046219
YOR036W,YOR347C,0,2.78963,0.28596413135528564,0.652043879032135,0.1633490025997162
YLR109W,YGR220C,0,2.7894855,0.28583917021751404,0.652043879032135,0.16344903409481049
YKR014C,YMR314W,0,2.7892365,0.2857142984867096,0.652043879032135,0.16354906558990479
YJR013W,YKL198C,0,2.7886584,0.2855895161628723,0.652043879032135,0.16364909708499908
YLR192C,YIL145C,0,2.7885015,0.2854648530483246,0.652043879032135,0.16374912858009338
YDL192W,YER131W,0,2.7875018,0.2853403091430664,0.652043879032135,0.16384916007518768
YJL179W,YJL008C,1,2.786715,0.2856519818305969,0.653040885925293,0.16384916007518768
YML094W,YIL115C,0,2.7852876,0.28552746772766113,0.653040885925293,0.16394919157028198
YJR045C,YNL077W,1,2.785286,0.285838782787323,0.6540378928184509,0.16394919157028198
YPR041W,YMR292W,0,2.7850995,0.2857142984867096,0.6540378928184509,0.1640492081642151
YAL023C,YAL003W,0,2.784121,0.28558990359306335,0.6540378928184509,0.1641492396593094
YML018C,YJR059W,0,2.7822113,0.28546562790870667,0.6540378928184509,0.1642492711544037
YDL007W,YOL117W,0,2.780998,0.28534144163131714,0.6540378928184509,0.16434930264949799
YGL137W,YGR116W,0,2.779477,0.28521740436553955,0.6540378928184509,0.16444933414459229
YER088C,YGR218W,0,2.779326,0.28509342670440674,0.6540378928184509,0.16454936563968658
YHR027C,YFL037W,0,2.779262,0.28496959805488586,0.6540378928184509,0.16464939713478088
YIL070C,YOR143C,0,2.7779913,0.28484585881233215,0.6540378928184509,0.16474942862987518
YBR267W,YLR287C-A,0,2.7754846,0.2847222089767456,0.6540378928184509,0.16484946012496948
YDR532C,YJL048C,0,2.7741413,0.284598708152771,0.6540378928184509,0.16494949162006378
YDR358W,YDR390C,0,2.7740917,0.28447529673576355,0.6540378928184509,0.1650495082139969
YIL034C,YGL040C,0,2.7735853,0.28435197472572327,0.6540378928184509,0.1651495397090912
YJL073W,YOR349W,1,2.7723885,0.28466203808784485,0.6550348997116089,0.1651495397090912
YDR533C,YLR120C,0,2.7715719,0.28453877568244934,0.6550348997116089,0.16524957120418549
YLR086W,YLR010C,0,2.7701912,0.2844155728816986,0.6550348997116089,0.16534960269927979
YML115C,YMR071C,0,2.7694497,0.2842925190925598,0.6550348997116089,0.16544963419437408
YMR307W,YPR192W,0,2.7686374,0.2841695547103882,0.6550348997116089,0.16554966568946838
YFL023W,YGR078C,1,2.7677069,0.284479022026062,0.6560319066047668,0.16554966568946838
YER095W,YOR039W,0,2.7668686,0.28435608744621277,0.6560319066047668,0.16564969718456268
YJL165C,YDL115C,0,2.7666569,0.2842332720756531,0.6560319066047668,0.16574972867965698
YPL214C,YNL096C,0,2.7660005,0.28411054611206055,0.6560319066047668,0.16584976017475128
YDR322W,YDR507C,0,2.765442,0.2839879095554352,0.6560319066047668,0.16594979166984558
YGL119W,YGR189C,0,2.765325,0.28386539220809937,0.6560319066047668,0.1660498082637787
YJR139C,YMR163C,0,2.7639008,0.2837429940700531,0.6560319066047668,0.16614983975887299
YJR110W,YGR076C,0,2.7635415,0.283620685338974,0.6560319066047668,0.16624987125396729
YLL062C,YGL147C,0,2.7632704,0.28349849581718445,0.6560319066047668,0.16634990274906158
YKR058W,YNL289W,0,2.7630427,0.28337639570236206,0.6560319066047668,0.16644993424415588
YDL120W,YBR033W,0,2.7625341,0.2832544147968292,0.6560319066047668,0.16654996573925018
YOR288C,YDR151C,1,2.7617972,0.2835628092288971,0.6570289134979248,0.16654996573925018
YPL154C,YOR270C,0,2.7616858,0.28344085812568665,0.6570289134979248,0.16664999723434448
YKL135C,YLR134W,0,2.760893,0.28331899642944336,0.6570289134979248,0.16675002872943878
YPL154C,YHL016C,0,2.760305,0.2831972539424896,0.6570289134979248,0.16685006022453308
YDR036C,YOR381W,0,2.7594748,0.28307560086250305,0.6570289134979248,0.16695009171962738
YOR037W,YIR036C,0,2.7587564,0.28295406699180603,0.6570289134979248,0.16705010831356049
YNL146W,YPL174C,0,2.7586806,0.28283262252807617,0.6570289134979248,0.16715013980865479
YJR094W-A,YNL096C,0,2.7563052,0.28271129727363586,0.6570289134979248,0.16725017130374908
YOL031C,YDR465C,0,2.7559683,0.2825900614261627,0.6570289134979248,0.16735020279884338
YML012W,YHR070W,0,2.7559295,0.28246891498565674,0.6570289134979248,0.16745023429393768
YGR106C,YBL061C,0,2.75379,0.2823478877544403,0.6570289134979248,0.16755026578903198
YDL192W,YEL016C,0,2.7521043,0.2822269797325134,0.6570289134979248,0.16765029728412628
YOL139C,YBR084W,0,2.7518291,0.2821061611175537,0.6570289134979248,0.16775032877922058
YFL016C,YEL030W,1,2.751576,0.2824133634567261,0.6580259203910828,0.16775032877922058
YIR017C,YAL044C,0,2.7511601,0.28229254484176636,0.6580259203910828,0.16785036027431488
YKL088W,YDL007W,0,2.7508278,0.2821718752384186,0.6580259203910828,0.16795039176940918
YNR028W,YPL064C,1,2.7501373,0.2824786305427551,0.6590229272842407,0.16795039176940918
YHL040C,YBL088C,0,2.7497191,0.28235796093940735,0.6590229272842407,0.16805040836334229
YBR122C,YOR270C,0,2.7495399,0.2822374105453491,0.6590229272842407,0.16815043985843658
YMR307W,YMR071C,0,2.7492876,0.28211694955825806,0.6590229272842407,0.16825047135353088
YHR025W,YOR151C,0,2.7483358,0.28199657797813416,0.6590229272842407,0.16835050284862518
YDL137W,YMR012W,0,2.7467346,0.2818763256072998,0.6590229272842407,0.16845053434371948
YGL089C,YPL048W,0,2.7458854,0.281756192445755,0.6590229272842407,0.16855056583881378
YPL090C,YDL017W,0,2.7457674,0.281636118888855,0.6590229272842407,0.16865059733390808
YLR286C,YLR010C,0,2.7449656,0.2815161943435669,0.6590229272842407,0.16875062882900238
YDR238C,YOR242C,0,2.744917,0.2813963294029236,0.6590229272842407,0.16885066032409668
YOR257W,YOR014W,0,2.7430818,0.2812765836715698,0.6590229272842407,0.16895069181919098
YLR450W,YAL013W,0,2.742506,0.2811569571495056,0.6590229272842407,0.16905070841312408
YML060W,YJL190C,0,2.7411056,0.28103742003440857,0.6590229272842407,0.16915073990821838
YDR503C,YNL248C,0,2.7410483,0.2809179723262787,0.6590229272842407,0.16925077140331268
YAL023C,YPL271W,0,2.7398672,0.28079864382743835,0.6590229272842407,0.16935080289840698
YLR142W,YLR419W,0,2.739244,0.2806794047355652,0.6590229272842407,0.16945083439350128
YGL135W,YDR239C,0,2.7390165,0.28056028485298157,0.6590229272842407,0.16955086588859558
YJL198W,YBR291C,0,2.738511,0.2804412245750427,0.6590229272842407,0.16965089738368988
YIL145C,YGR116W,0,2.7383733,0.2803223133087158,0.6590229272842407,0.16975092887878418
YOR124C,YOL147C,0,2.738314,0.2802034616470337,0.6590229272842407,0.16985096037387848
YPL231W,YBR142W,0,2.7374952,0.2800847589969635,0.6590229272842407,0.16995099186897278
YIL115C,YKL024C,0,2.7371244,0.2799661159515381,0.6590229272842407,0.17005100846290588
YHR207C,YGL031C,0,2.736806,0.2798475921154022,0.6590229272842407,0.17015103995800018
YML085C,YBL020W,0,2.7362442,0.2797291576862335,0.6590229272842407,0.17025107145309448
YML130C,YML048W,1,2.7360802,0.28003382682800293,0.6600199341773987,0.17025107145309448
YOR386W,YIL136W,0,2.736013,0.2799154222011566,0.6600199341773987,0.17035110294818878
YLR427W,YBR214W,0,2.7347035,0.27979713678359985,0.6600199341773987,0.17045113444328308
YKL154W,YDR283C,0,2.7338326,0.27967891097068787,0.6600199341773987,0.17055116593837738
YJL062W,YGL059W,0,2.7337866,0.27956080436706543,0.6600199341773987,0.17065119743347168
YOL120C,YMR045C,0,2.7330709,0.27944281697273254,0.6600199341773987,0.17075122892856598
YDR086C,YHR117W,0,2.7304702,0.27932488918304443,0.6600199341773987,0.17085126042366028
YFL036W,YJL052W,0,2.7303476,0.2792070806026459,0.6600199341773987,0.17095129191875458
YOL127W,YGL035C,0,2.7299218,0.2790893614292145,0.6600199341773987,0.17105130851268768
YJL170C,YKL056C,0,2.7288482,0.27897176146507263,0.6600199341773987,0.17115134000778198
YHL008C,YMR208W,0,2.7287755,0.27885425090789795,0.6600199341773987,0.17125137150287628
YJL048C,YCL031C,0,2.7286153,0.27873682975769043,0.6600199341773987,0.17135140299797058
YLR204W,YER140W,0,2.727887,0.27861952781677246,0.6600199341773987,0.17145143449306488
YDR424C,YOR151C,0,2.7278197,0.27850231528282166,0.6600199341773987,0.17155146598815918
YBL078C,YIL115C,0,2.727191,0.278385192155838,0.6600199341773987,0.17165149748325348
YGR026W,YDR071C,0,2.726324,0.2782681882381439,0.6600199341773987,0.17175152897834778
YOL127W,YHR092C,0,2.7255907,0.278151273727417,0.6600199341773987,0.17185156047344208
YBR001C,YAL013W,0,2.7243118,0.2780344486236572,0.6600199341773987,0.17195159196853638
YPR108W,YGR262C,0,2.7231374,0.2779177129268646,0.6600199341773987,0.17205160856246948
YER083C,YDR031W,0,2.7226973,0.2778010964393616,0.6600199341773987,0.17215164005756378
YGR009C,YJR016C,0,2.720018,0.2776845693588257,0.6600199341773987,0.17225167155265808
YDR047W,YMR311C,0,2.719727,0.27756813168525696,0.6600199341773987,0.17235170304775238
YDR188W,YJR017C,1,2.7184653,0.27787092328071594,0.6610169410705566,0.17235170304775238
YDR188W,YLR449W,1,2.7178128,0.27817344665527344,0.6620139479637146,0.17235170304775238
YLR287C-A,YKL056C,0,2.7175183,0.27805694937705994,0.6620139479637146,0.17245173454284668
YKR061W,YDL008W,0,2.7156131,0.277940571308136,0.6620139479637146,0.17255176603794098
YMR139W,YER113C,0,2.7150273,0.2778242826461792,0.6620139479637146,0.17265179753303528
YBL106C,YCR098C,0,2.7143257,0.2777080833911896,0.6620139479637146,0.17275182902812958
YJR143C,YNL325C,0,2.714275,0.2775919735431671,0.6620139479637146,0.17285186052322388
YPL059W,YGR286C,0,2.7129955,0.2774759829044342,0.6620139479637146,0.17295189201831818
YLR448W,YJL189W,0,2.7108746,0.27736008167266846,0.6620139479637146,0.17305190861225128
YGL147C,YOL120C,0,2.7104971,0.2772442698478699,0.6620139479637146,0.17315194010734558
YJR076C,YGR135W,0,2.70926,0.27712854743003845,0.6620139479637146,0.17325197160243988
YGR263C,YGR106C,0,2.7086825,0.2770129442214966,0.6620139479637146,0.17335200309753418
YOL138C,YLR099C,0,2.7081866,0.2768974006175995,0.6620139479637146,0.17345203459262848
YER131W,YEL065W,0,2.7078295,0.27678200602531433,0.6620139479637146,0.17355206608772278
YPL085W,YDR313C,0,2.7077577,0.27666667103767395,0.6620139479637146,0.17365209758281708
YLR418C,YPR028W,0,2.7069588,0.27655142545700073,0.6620139479637146,0.17375212907791138
YLL024C,YDR304C,1,2.706809,0.27685263752937317,0.6630109548568726,0.17375212907791138
YNL148C,YNL135C,1,2.7056584,0.27715355157852173,0.6640079617500305,0.17375212907791138
YDR120C,YPL123C,0,2.7052162,0.2770382761955261,0.6640079617500305,0.17385216057300568
YML125C,YJL041W,0,2.704967,0.2769230902194977,0.6640079617500305,0.17395219206809998
YPL103C,YDR101C,0,2.7037416,0.2768079936504364,0.6640079617500305,0.17405220866203308
YCR028C,YOR270C,0,2.7031503,0.2766929864883423,0.6640079617500305,0.17415224015712738
YNL077W,YAL013W,0,2.7026875,0.27657806873321533,0.6640079617500305,0.17425227165222168
YLR448W,YJL025W,0,2.7025342,0.27646327018737793,0.6640079617500305,0.17435230314731598
YMR297W,YBL017C,0,2.7018113,0.2763485610485077,0.6640079617500305,0.17445233464241028
YEL038W,YPR073C,0,2.7017117,0.2762339413166046,0.6640079617500305,0.17455236613750458
YGL040C,YGL106W,0,2.7013478,0.2761194109916687,0.6640079617500305,0.17465239763259888
YLR142W,YOR120W,0,2.7010288,0.27600497007369995,0.6640079617500305,0.17475242912769318
YOR265W,YJR033C,0,2.7008138,0.27589064836502075,0.6640079617500305,0.17485246062278748
YAL023C,YCR081W,0,2.69917,0.27577638626098633,0.6640079617500305,0.17495249211788177
YBR001C,YKR061W,0,2.698962,0.27566224336624146,0.6640079617500305,0.17505250871181488
YPR016C,YLR176C,0,2.697884,0.27554818987846375,0.6640079617500305,0.17515254020690918
YOR374W,YCR054C,0,2.6975193,0.2754342555999756,0.6640079617500305,0.17525257170200348
YOL067C,YIR017C,0,2.6974325,0.2753203809261322,0.6640079617500305,0.17535260319709778
YBR160W,YLR221C,0,2.6969943,0.27520662546157837,0.6640079617500305,0.17545263469219208
YMR201C,YOL071W,0,2.6955607,0.2750929296016693,0.6640079617500305,0.17555266618728638
YGL173C,YJL170C,0,2.6953864,0.2749793529510498,0.6640079617500305,0.17565269768238068
YLR414C,YPL026C,0,2.6933842,0.27486586570739746,0.6640079617500305,0.17575272917747498
YMR264W,YDL114W,0,2.6933694,0.2747524678707123,0.6640079617500305,0.17585276067256927
YOR046C,YHL019C,0,2.692615,0.27463918924331665,0.6640079617500305,0.17595279216766357
YGR088W,YJR075W,0,2.6924734,0.2745259702205658,0.6640079617500305,0.17605280876159668
YDR054C,YPL153C,0,2.6921916,0.2744128406047821,0.6640079617500305,0.17615284025669098
YMR307W,YDL146W,0,2.691877,0.27429983019828796,0.6640079617500305,0.17625287175178528
YPL144W,YDR421W,0,2.6909823,0.274186909198761,0.6640079617500305,0.17635290324687958
YNR028W,YOL088C,1,2.6901836,0.27448558807373047,0.6650049686431885,0.17635290324687958
YPL226W,YJL097W,0,2.6901655,0.2743726968765259,0.6650049686431885,0.17645293474197388
YCR077C,YPR036W,0,2.6859426,0.27425986528396606,0.6650049686431885,0.17655296623706818
YDR388W,YAR010C,0,2.6856236,0.2741471529006958,0.6650049686431885,0.17665299773216248
YML116W,YNR007C,0,2.6854396,0.2740345001220703,0.6650049686431885,0.17675302922725677
YNL006W,YJL162C,1,2.685401,0.2743326425552368,0.6660019755363464,0.17675302922725677
YMR130W,YOL149W,0,2.685123,0.2742200195789337,0.6660019755363464,0.17685306072235107
YPR041W,YBL022C,0,2.6841922,0.27410751581192017,0.6660019755363464,0.17695309221744537
YLR441C,YDL112W,0,2.6835227,0.2739950716495514,0.6660019755363464,0.17705310881137848
YDR258C,YNL077W,1,2.682641,0.2742927372455597,0.6669989824295044,0.17705310881137848
YNL006W,YNL310C,1,2.6820374,0.2745901644229889,0.6679959893226624,0.17705310881137848
YGL031C,YGR014W,0,2.6818311,0.27447766065597534,0.6679959893226624,0.17715314030647278
YKR037C,YOR217W,0,2.6812396,0.27436527609825134,0.6679959893226624,0.17725317180156708
YOR143C,YJL097W,0,2.6811328,0.2742529809474945,0.6679959893226624,0.17735320329666138
YOR373W,YJR143C,0,2.680809,0.27414074540138245,0.6679959893226624,0.17745323479175568
YDL075W,YGR001C,0,2.6793773,0.27402862906455994,0.6679959893226624,0.17755326628684998
YLL024C,YDR188W,1,2.6790156,0.274325430393219,0.6689929962158203,0.17755326628684998
YIL125W,YDR297W,0,2.6785164,0.2742133140563965,0.6689929962158203,0.17765329778194427
YDR265W,YPR016C,0,2.6778154,0.2741013169288635,0.6689929962158203,0.17775332927703857
YLR221C,YKR048C,0,2.676012,0.27398937940597534,0.6689929962158203,0.17785336077213287
YOR037W,YBR036C,0,2.6729846,0.2738775610923767,0.6689929962158203,0.17795339226722717
YML085C,YDR115W,0,2.6726575,0.27376580238342285,0.6689929962158203,0.17805340886116028
YLR370C,YDR486C,0,2.6710386,0.27365416288375854,0.6689929962158203,0.17815344035625458
YNL153C,YJR032W,1,2.671002,0.2739502787590027,0.6699900031089783,0.17815344035625458
YLR441C,YOL149W,0,2.6708336,0.2738386392593384,0.6699900031089783,0.17825347185134888
YGL128C,YJL008C,1,2.6686091,0.27413442730903625,0.6709870100021362,0.17825347185134888
YOR046C,YGR194C,0,2.6684957,0.27402278780937195,0.6709870100021362,0.17835350334644318
YIR014W,YML085C,0,2.6682801,0.2739112675189972,0.6709870100021362,0.17845353484153748
YLR214W,YDL101C,0,2.666894,0.2737998366355896,0.6709870100021362,0.17855356633663177
YKR030W,YCL050C,0,2.6661208,0.27368849515914917,0.6709870100021362,0.17865359783172607
YNL162W,YGR054W,0,2.6658835,0.2735772430896759,0.6709870100021362,0.17875362932682037
YNL281W,YJR017C,1,2.6658077,0.27387240529060364,0.671984076499939,0.17875362932682037
YJR104C,YDR096W,0,2.663972,0.27376118302345276,0.671984076499939,0.17885366082191467
YBR264C,YDR238C,0,2.6637483,0.27365002036094666,0.671984076499939,0.17895369231700897
YMR022W,YMR150C,0,2.6631045,0.2735389471054077,0.671984076499939,0.17905370891094208
YJR029W,YLR014C,0,2.6628249,0.2734279930591583,0.671984076499939,0.17915374040603638
YCR072C,YCR004C,0,2.6614077,0.2733170986175537,0.671984076499939,0.17925377190113068
YGR159C,YBR024W,0,2.6606412,0.27320632338523865,0.671984076499939,0.17935380339622498
YOR167C,YOR270C,0,2.6606407,0.27309563755989075,0.671984076499939,0.17945383489131927
YDR298C,YAL025C,0,2.6605558,0.2729850113391876,0.671984076499939,0.17955386638641357
YPL037C,YGL018C,1,2.6596305,0.2732793390750885,0.6729810833930969,0.17955386638641357
YEL058W,YPL048W,0,2.6582563,0.27316877245903015,0.6729810833930969,0.17965389788150787
YDR071C,YDL200C,0,2.6582417,0.2730582654476166,0.6729810833930969,0.17975392937660217
YNR016C,YER012W,0,2.6581748,0.27294784784317017,0.6729810833930969,0.17985396087169647
YCR077C,YDR055W,0,2.6573637,0.2728375196456909,0.6729810833930969,0.17995399236679077
YNL325C,YLR441C,0,2.657083,0.27272728085517883,0.6729810833930969,0.18005400896072388
YNL207W,YOL123W,0,2.656609,0.2726171314716339,0.6729810833930969,0.18015404045581818
YLR008C,YLR120C,0,2.6564794,0.27250707149505615,0.6729810833930969,0.18025407195091248
YNL292W,YMR204C,0,2.654649,0.27239710092544556,0.6729810833930969,0.18035410344600677
YNL015W,YBL055C,0,2.6538785,0.2722872197628021,0.6729810833930969,0.18045413494110107
YML104C,YGL106W,0,2.652324,0.27217742800712585,0.6729810833930969,0.18055416643619537
YHL040C,YDR320C,0,2.6516714,0.27206772565841675,0.6729810833930969,0.18065419793128967
YDR117C,YJR155W,0,2.6507478,0.2719581127166748,0.6729810833930969,0.18075422942638397
YER148W,YPL090C,0,2.6496687,0.27184855937957764,0.6729810833930969,0.18085426092147827
YER099C,YMR026C,0,2.648102,0.27173912525177,0.6729810833930969,0.18095429241657257
YAL021C,YER089C,0,2.646672,0.27162978053092957,0.6729810833930969,0.18105430901050568
YLR126C,YOL018C,0,2.6452143,0.2715205252170563,0.6729810833930969,0.18115434050559998
YHR101C,YKR097W,0,2.6451342,0.27141132950782776,0.6729810833930969,0.18125437200069427
YFR041C,YDR519W,1,2.644791,0.27170416712760925,0.6739780902862549,0.18125437200069427
YJL052W,YOL007C,0,2.6436238,0.2715950310230255,0.6739780902862549,0.18135440349578857
YDR507C,YNL289W,0,2.6430254,0.27148595452308655,0.6739780902862549,0.18145443499088287
YLR096W,YMR292W,0,2.6424532,0.27137696743011475,0.6739780902862549,0.18155446648597717
YNL001W,YJR155W,0,2.6418924,0.2712680697441101,0.6739780902862549,0.18165449798107147
YAR007C,YDR330W,0,2.641282,0.27115923166275024,0.6739780902862549,0.18175452947616577
YHR101C,YDR238C,0,2.6392024,0.27105051279067993,0.6739780902862549,0.18185456097126007
YNL077W,YKR097W,0,2.639155,0.2709418833255768,0.6739780902862549,0.18195459246635437
YNR016C,YNL112W,0,2.6373463,0.2708333432674408,0.6739780902862549,0.18205460906028748
YKL218C,YDR334W,0,2.6368384,0.2707248628139496,0.6739780902862549,0.18215464055538177
YLR201C,YKL010C,0,2.6362894,0.2706165015697479,0.6739780902862549,0.18225467205047607
YDR341C,YHR181W,0,2.6355793,0.27050819993019104,0.6739780902862549,0.18235470354557037
YJR045C,YML048W,1,2.635565,0.27079999446868896,0.6749750971794128,0.18235470354557037
YMR257C,YJR143C,0,2.634453,0.27069172263145447,0.6749750971794128,0.18245473504066467
YIL074C,YDR368W,0,2.6343613,0.27058354020118713,0.6749750971794128,0.18255476653575897
YML106W,YLR266C,0,2.632574,0.2704754173755646,0.6749750971794128,0.18265479803085327
YDL127W,YJL164C,0,2.6305718,0.27036741375923157,0.6749750971794128,0.18275482952594757
YJR121W,YJR058C,0,2.6305566,0.27025946974754333,0.6749750971794128,0.18285486102104187
YCR098C,YOR174W,0,2.6300616,0.27015164494514465,0.6749750971794128,0.18295489251613617
YPL220W,YMR165C,0,2.6298327,0.27004387974739075,0.6749750971794128,0.18305490911006927
YJL046W,YOR270C,0,2.6296687,0.269936203956604,0.6749750971794128,0.18315494060516357
YIL093C,YOR346W,0,2.6294222,0.2698286175727844,0.6749750971794128,0.18325497210025787
YOL031C,YKL183W,0,2.629346,0.269721120595932,0.6749750971794128,0.18335500359535217
YDR388W,YBL057C,0,2.629179,0.26961371302604675,0.6749750971794128,0.18345503509044647
YLR214W,YDR330W,0,2.6281967,0.2695063650608063,0.6749750971794128,0.18355506658554077
YEL003W,YDR252W,1,2.6281483,0.26979705691337585,0.6759721040725708,0.18355506658554077
YDR425W,YGR086C,0,2.6281042,0.26968973875045776,0.6759721040725708,0.18365509808063507
YNL077W,YLR259C,1,2.62754,0.26998013257980347,0.6769691109657288,0.18365509808063507
YER025W,YKL143W,0,2.6274734,0.2698728144168854,0.6769691109657288,0.18375512957572937
YLR192C,YER056C-A,0,2.626322,0.26976558566093445,0.6769691109657288,0.18385516107082367
YML015C,YIL138C,0,2.624771,0.2696584463119507,0.6769691109657288,0.18395519256591797
YPR132W,YAL034W-A,0,2.6245646,0.2695513963699341,0.6769691109657288,0.18405520915985107
YHR215W,YBR035C,0,2.621779,0.26944443583488464,0.6769691109657288,0.18415524065494537
YOR096W,YER088C,0,2.6210938,0.26933756470680237,0.6769691109657288,0.18425527215003967
YHR129C,YHR064C,0,2.6205645,0.26923078298568726,0.6769691109657288,0.18435530364513397
YJR015W,YMR163C,0,2.6203098,0.2691240608692169,0.6769691109657288,0.18445533514022827
YIL113W,YER089C,0,2.6198306,0.26901742815971375,0.6769691109657288,0.18455536663532257
YGR088W,YEL002C,0,2.6190867,0.26891088485717773,0.6769691109657288,0.18465539813041687
YDL166C,YGL161C,0,2.6186066,0.2688044309616089,0.6769691109657288,0.18475542962551117
YNL292W,YOR070C,0,2.61828,0.2686980664730072,0.6769691109657288,0.18485546112060547
YGR088W,YIR036C,0,2.618043,0.2685917615890503,0.6769691109657288,0.18495549261569977
YNL207W,YGL229C,0,2.6171005,0.26848557591438293,0.6769691109657288,0.18505550920963287
YML116W,YMR022W,0,2.616528,0.26837944984436035,0.6769691109657288,0.18515554070472717
YHR171W,YDR120C,0,2.61586,0.26827341318130493,0.6769691109657288,0.18525557219982147
YLR142W,YBR050C,0,2.6153502,0.2681674659252167,0.6769691109657288,0.18535560369491577
YKL088W,YER012W,0,2.614851,0.2680615782737732,0.6769691109657288,0.18545563519001007
YMR298W,YMR071C,0,2.614564,0.26795580983161926,0.6769691109657288,0.18555566668510437
YNL310C,YGL059W,0,2.6144786,0.2678501009941101,0.6769691109657288,0.18565569818019867
YHR181W,YER089C,0,2.6142926,0.2677444815635681,0.6769691109657288,0.18575572967529297
YJR009C,YPR005C,0,2.613536,0.2676389515399933,0.6769691109657288,0.18585576117038727
YOR061W,YMR163C,0,2.613443,0.26753348112106323,0.6769691109657288,0.18595579266548157
YBL103C,YMR056C,0,2.6125383,0.26742812991142273,0.6769691109657288,0.18605582416057587
YBR105C,YNL151C,0,2.6117566,0.267322838306427,0.6769691109657288,0.18615584075450897
YBR286W,YER147C,0,2.6117108,0.26721763610839844,0.6769691109657288,0.18625587224960327
YGR159C,YMR256C,0,2.6111999,0.26711252331733704,0.6769691109657288,0.18635590374469757
YBR036C,YDR510W,0,2.610151,0.2670074701309204,0.6769691109657288,0.18645593523979187
YNL153C,YOR288C,1,2.609892,0.26729559898376465,0.6779661178588867,0.18645593523979187
YLR276C,YDR380W,0,2.6097898,0.2671905755996704,0.6779661178588867,0.18655596673488617
YOL139C,YDR486C,0,2.609762,0.26708561182022095,0.6779661178588867,0.18665599822998047
YJR145C,YER086W,0,2.609136,0.26698076725006104,0.6779661178588867,0.18675602972507477
YDR212W,YPL241C,1,2.608574,0.26726844906806946,0.6789631247520447,0.18675602972507477
YPR049C,YFL037W,0,2.6085443,0.26716360449790955,0.6789631247520447,0.18685606122016907
YDR523C,YGR116W,0,2.6083543,0.2670588195323944,0.6789631247520447,0.18695609271526337
YPL106C,YDR126W,0,2.6078749,0.26695412397384644,0.6789631247520447,0.18705612421035767
YER056C-A,YGR062C,0,2.6072483,0.2668495178222656,0.6789631247520447,0.18715614080429077
YLR142W,YLR304C,0,2.6057124,0.266745001077652,0.6789631247520447,0.18725617229938507
YMR281W,YOR224C,0,2.605165,0.2666405737400055,0.6789631247520447,0.18735620379447937
YMR287C,YJL101C,0,2.6051035,0.2665362060070038,0.6789631247520447,0.18745623528957367
YDR503C,YHR044C,0,2.6010184,0.26643192768096924,0.6789631247520447,0.18755626678466797
YNL191W,YDR101C,0,2.600221,0.26632773876190186,0.6789631247520447,0.18765629827976227
YLR201C,YDL060W,0,2.5979366,0.26622360944747925,0.6789631247520447,0.18775632977485657
YDR425W,YDR322W,0,2.5974739,0.2661195695400238,0.6789631247520447,0.18785636126995087
YLR276C,YHR010W,0,2.5969026,0.2660156190395355,0.6789631247520447,0.18795639276504517
YKL143W,YAL044C,0,2.5949144,0.2659117579460144,0.6789631247520447,0.18805642426013947
YPL074W,YNL149C,0,2.5928395,0.26580795645713806,0.6789631247520447,0.18815644085407257
YIR012W,YKR097W,0,2.5926385,0.2657042443752289,0.6789631247520447,0.18825647234916687
YIL115C,YPL103C,0,2.591848,0.26560062170028687,0.6789631247520447,0.18835650384426117
YNL310C,YOL088C,1,2.5899324,0.26588693261146545,0.6799601316452026,0.18835650384426117
YHR116W,YJR065C,0,2.5898619,0.26578330993652344,0.6799601316452026,0.18845653533935547
YNR001C,YMR051C,0,2.5897994,0.2656797766685486,0.6799601316452026,0.18855656683444977
YER099C,YGR189C,0,2.5894613,0.2655763328075409,0.6799601316452026,0.18865659832954407
YJR110W,YCR047C,0,2.589335,0.265472948551178,0.6799601316452026,0.18875662982463837
YDL006W,YJR029W,0,2.5889075,0.2653696537017822,0.6799601316452026,0.18885666131973267
YML094W,YDL146W,0,2.5882077,0.26526641845703125,0.6799601316452026,0.18895669281482697
YMR289W,YLL022C,0,2.5874784,0.2651633024215698,0.6799601316452026,0.18905672430992126
YGL253W,YJL158C,0,2.58571,0.2650602459907532,0.6799601316452026,0.18915674090385437
YDR115W,YGR037C,0,2.5849972,0.2649572789669037,0.6799601316452026,0.18925677239894867
YMR166C,YGL213C,0,2.5844069,0.264854371547699,0.6799601316452026,0.18935680389404297
YJR065C,YIL026C,0,2.5838706,0.2647515535354614,0.6799601316452026,0.18945683538913727
YDR139C,YML095C,0,2.5825353,0.26464882493019104,0.6799601316452026,0.18955686688423157
YGR231C,YNR028W,1,2.5821743,0.26493406295776367,0.6809571385383606,0.18955686688423157
YOR175C,YAL034W-A,0,2.5819588,0.2648313343524933,0.6809571385383606,0.18965689837932587
YHR034C,YHR176W,1,2.5818844,0.26511627435684204,0.6819541454315186,0.18965689837932587
YJL143W,YBR159W,0,2.5811906,0.26501354575157166,0.6819541454315186,0.18975692987442017
YNL146W,YDR507C,0,2.5774803,0.2649109363555908,0.6819541454315186,0.18985696136951447
YMR127C,YJL080C,0,2.5767016,0.2648083567619324,0.6819541454315186,0.18995699286460876
YFL004W,YMR043W,0,2.5766115,0.2647058963775635,0.6819541454315186,0.19005702435970306
YDR424C,YML063W,0,2.5764477,0.26460349559783936,0.6819541454315186,0.19015704095363617
YLR418C,YFL044C,0,2.576242,0.26450115442276,0.6819541454315186,0.19025707244873047
YER099C,YNL091W,0,2.5760512,0.2643989324569702,0.6819541454315186,0.19035710394382477
YMR298W,YDR033W,0,2.5752528,0.2642967402935028,0.6819541454315186,0.19045713543891907
YDL185W,YMR026C,0,2.5741282,0.26419466733932495,0.6819541454315186,0.19055716693401337
YLL062C,YDR520C,0,2.5737157,0.26409265398979187,0.6819541454315186,0.19065719842910767
YMR184W,YOL109W,0,2.5737028,0.26399073004722595,0.6819541454315186,0.19075722992420197
YPR132W,YJR076C,0,2.573529,0.2638888955116272,0.6819541454315186,0.19085726141929626
YKL100C,YPL019C,0,2.5733345,0.2637871205806732,0.6819541454315186,0.19095729291439056
YDR503C,YDR390C,0,2.5733266,0.2636854350566864,0.6819541454315186,0.19105732440948486
YML043C,YAR018C,0,2.5728657,0.26358380913734436,0.6819541454315186,0.19115734100341797
YPR042C,YAL062W,0,2.5717177,0.2634822726249695,0.6819541454315186,0.19125737249851227
YMR080C,YDR440W,0,2.571138,0.26338082551956177,0.6819541454315186,0.19135740399360657
YEL030W,YGL018C,1,2.5698862,0.2636643648147583,0.6829511523246765,0.19135740399360657
YHL024W,YAL012W,0,2.5673857,0.2635629177093506,0.6829511523246765,0.19145743548870087
YIL113W,YPL123C,0,2.5667007,0.26346153020858765,0.6829511523246765,0.19155746698379517
YHR161C,YML042W,0,2.5638554,0.26336023211479187,0.6829511523246765,0.19165749847888947
YDL166C,YGR063C,0,2.563808,0.26325902342796326,0.6829511523246765,0.19175752997398376
YDR297W,YPL068C,0,2.5637314,0.2631579041481018,0.6829511523246765,0.19185756146907806
YHR067W,YOL064C,0,2.5633984,0.26305684447288513,0.6829511523246765,0.19195759296417236
YLR048W,YNL244C,0,2.5623238,0.26295584440231323,0.6829511523246765,0.19205762445926666
YBR082C,YHR044C,0,2.5615325,0.2628549635410309,0.6829511523246765,0.19215764105319977
YGL018C,YOR265W,1,2.5613928,0.26313769817352295,0.6839481592178345,0.19215764105319977
YDR022C,YHR186C,0,2.560933,0.2630368173122406,0.6839481592178345,0.19225767254829407
YPL231W,YAL008W,0,2.5596378,0.262935996055603,0.6839481592178345,0.19235770404338837
YDL033C,YGR154C,0,2.558371,0.26283523440361023,0.6839481592178345,0.19245773553848267
YDR479C,YOL019W,0,2.5567567,0.262734591960907,0.6839481592178345,0.19255776703357697
YLR099C,YDR486C,0,2.5565152,0.2626340091228485,0.6839481592178345,0.19265779852867126
YLR086W,YDL075W,0,2.556079,0.2625334858894348,0.6839481592178345,0.19275783002376556
YPL154C,YMR303C,0,2.5560372,0.2624330520629883,0.6839481592178345,0.19285786151885986
YMR233W,YNL242W,0,2.55593,0.2623327076435089,0.6839481592178345,0.19295789301395416
YBR084W,YGR123C,0,2.555634,0.2622324228286743,0.6839481592178345,0.19305792450904846
YPR048W,YDL060W,0,2.5538387,0.2621321976184845,0.6839481592178345,0.19315794110298157
YDR424C,YOR322C,0,2.5532687,0.26203209161758423,0.6839481592178345,0.19325797259807587
YML070W,YBL090W,0,2.5531397,0.26193204522132874,0.6839481592178345,0.19335800409317017
YDR242W,YBR082C,0,2.5530963,0.261832058429718,0.6839481592178345,0.19345803558826447
YJL129C,YOR389W,0,2.552221,0.26173216104507446,0.6839481592178345,0.19355806708335876
YDR518W,YLR200W,1,2.551663,0.2620137333869934,0.6849451661109924,0.19355806708335876
YJL198W,YDR387C,0,2.5512838,0.26191383600234985,0.6849451661109924,0.19365809857845306
YJL162C,YNL135C,1,2.5501437,0.2621951103210449,0.6859421730041504,0.19365809857845306
YOR179C,YDL146W,0,2.549994,0.26209524273872375,0.6859421730041504,0.19375813007354736
YFL039C,YJL189W,0,2.549891,0.26199543476104736,0.6859421730041504,0.19385816156864166
YPL206C,YAL044C,0,2.5494313,0.26189568638801575,0.6859421730041504,0.19395819306373596
YNL148C,YMR214W,1,2.54854,0.2621765732765198,0.6869391798973083,0.19395819306373596
YBR264C,YKR009C,0,2.5483599,0.26207682490348816,0.6869391798973083,0.19405822455883026
YHR028C,YGR184C,0,2.5483327,0.2619771957397461,0.6869391798973083,0.19415824115276337
YDR258C,YHR034C,1,2.5482838,0.2622576951980591,0.6879361867904663,0.19415824115276337
YLR371W,YMR026C,0,2.5477042,0.262158066034317,0.6879361867904663,0.19425827264785767
YDL204W,YDR297W,0,2.547267,0.2620584964752197,0.6879361867904663,0.19435830414295197
YDR533C,YLR427W,0,2.547237,0.2619589865207672,0.6879361867904663,0.19445833563804626
YDR533C,YOL019W,0,2.547045,0.26185959577560425,0.6879361867904663,0.19455836713314056
YNL166C,YDR520C,0,2.546938,0.26176023483276367,0.6879361867904663,0.19465839862823486
YNL007C,YGL018C,1,2.5459154,0.2620401978492737,0.6889331936836243,0.19465839862823486
YGR286C,YER164W,0,2.5456085,0.2619408667087555,0.6889331936836243,0.19475843012332916
YPL090C,YDR297W,0,2.5440712,0.2618415951728821,0.6889331936836243,0.19485846161842346
YJL046W,YJL189W,0,2.5440397,0.26174241304397583,0.6889331936836243,0.19495849311351776
YBR205W,YGR158C,0,2.543614,0.26164332032203674,0.6889331936836243,0.19505852460861206
YDL137W,YMR223W,0,2.5435655,0.26154428720474243,0.6889331936836243,0.19515854120254517
YOR288C,YBL075C,1,2.5422206,0.2618236839771271,0.6899302005767822,0.19515854120254517
YDR299W,YJR010C-A,0,2.5419936,0.26172465085983276,0.6899302005767822,0.19525857269763947
YHR161C,YDL130W-A,0,2.5380836,0.2616257071495056,0.6899302005767822,0.19535860419273376
YBR267W,YKR094C,0,2.5373561,0.26152682304382324,0.6899302005767822,0.19545863568782806
YHL019C,YMR017W,0,2.5373156,0.26142802834510803,0.6899302005767822,0.19555866718292236
YHR021C,YDR139C,0,2.5353577,0.2613292932510376,0.6899302005767822,0.19565869867801666
YNL129W,YML088W,0,2.534294,0.2612306475639343,0.6899302005767822,0.19575873017311096
YMR235C,YBR207W,0,2.5338407,0.26113206148147583,0.6899302005767822,0.19585876166820526
YGR101W,YKL116C,0,2.533815,0.2610335648059845,0.6899302005767822,0.19595879316329956
YDR479C,YPR036W,0,2.5321922,0.2609351575374603,0.6899302005767822,0.19605882465839386
YML074C,YMR184W,0,2.5318496,0.26083678007125854,0.6899302005767822,0.19615884125232697
YMR307W,YHR017W,0,2.5316448,0.2607385218143463,0.6899302005767822,0.19625887274742126
YDL099W,YDL056W,0,2.5310311,0.26064029335975647,0.6899302005767822,0.19635890424251556
YHR064C,YNL077W,1,2.5297709,0.26091867685317993,0.6909272074699402,0.19635890424251556
YDR418W,YPR192W,0,2.5296178,0.2608204782009125,0.6909272074699402,0.19645893573760986
YER087C-A,YPL177C,0,2.52919,0.2607223391532898,0.6909272074699402,0.19655896723270416
YJL221C,YLL022C,0,2.5289774,0.2606242895126343,0.6909272074699402,0.19665899872779846
YDL120W,YDL200C,0,2.5280104,0.2605263292789459,0.6909272074699402,0.19675903022289276
YDR188W,YNL064C,1,2.5276823,0.2608042061328888,0.6919242143630981,0.19675903022289276
YMR080C,YER095W,0,2.5259542,0.26070624589920044,0.6919242143630981,0.19685906171798706
YER087C-A,YDL006W,0,2.5250156,0.26060834527015686,0.6919242143630981,0.19695909321308136
YJL048C,YNL227C,0,2.5248725,0.26051050424575806,0.6919242143630981,0.19705912470817566
YLR109W,YPR036W,0,2.523838,0.2604127526283264,0.6919242143630981,0.19715914130210876
YLR074C,YDR342C,0,2.5237703,0.26031509041786194,0.6919242143630981,0.19725917279720306
YAL058W,YPL064C,1,2.5237625,0.26059243083000183,0.6929212212562561,0.19725917279720306
YDL143W,YML048W,1,2.523075,0.260869562625885,0.6939182281494141,0.19725917279720306
YAL044C,YGL031C,0,2.5229542,0.26077181100845337,0.6939182281494141,0.19735920429229736
YHR011W,YNL189W,0,2.5222967,0.2606741487979889,0.6939182281494141,0.19745923578739166
YJR013W,YEL059C-A,0,2.5220273,0.2605765759944916,0.6939182281494141,0.19755926728248596
YOR182C,YGL141W,0,2.5212264,0.26047903299331665,0.6939182281494141,0.19765929877758026
YLR364W,YCL061C,0,2.521019,0.2603815793991089,0.6939182281494141,0.19775933027267456
YBR084W,YPR047W,0,2.5202522,0.2602842152118683,0.6939182281494141,0.19785936176776886
YJR025C,YDL060W,0,2.5193827,0.26018691062927246,0.6939182281494141,0.19795939326286316
YAL035W,YMR017W,0,2.5176642,0.2600896954536438,0.6939182281494141,0.19805942475795746
YGL106W,YPL160W,0,2.516372,0.2599925398826599,0.6939182281494141,0.19815944135189056
YOR175C,YHR089C,0,2.5153008,0.2598954439163208,0.6939182281494141,0.19825947284698486
YGR285C,YDL229W,1,2.5147643,0.26017171144485474,0.694915235042572,0.19825947284698486
YIL004C,YDR387C,0,2.5147262,0.2600746154785156,0.694915235042572,0.19835950434207916
YDL033C,YGR123C,0,2.5133753,0.2599776089191437,0.694915235042572,0.19845953583717346
YJR009C,YMR290C,0,2.5132701,0.2598806917667389,0.694915235042572,0.19855956733226776
YMR281W,YNL306W,0,2.5129547,0.2597838342189789,0.694915235042572,0.19865959882736206
YDR532C,YOL067C,0,2.5092678,0.25968703627586365,0.694915235042572,0.19875963032245636
YLR396C,YGR234W,0,2.5092282,0.2595903277397156,0.694915235042572,0.19885966181755066
YNL242W,YLR427W,0,2.5079195,0.2594936788082123,0.694915235042572,0.19895969331264496
YGR062C,YGR200C,0,2.507483,0.25939708948135376,0.694915235042572,0.19905972480773926
YDL229W,YGR132C,1,2.5071464,0.259672611951828,0.69591224193573,0.19905972480773926
YPR048W,YBL103C,0,2.5058115,0.25957605242729187,0.69591224193573,0.19915974140167236
YHR064C,YPL064C,1,2.50563,0.2598513066768646,0.6969092488288879,0.19915974140167236
YDR046C,YPL172C,0,2.5043075,0.2597547471523285,0.6969092488288879,0.19925977289676666
YPL221W,YAL005C,1,2.5040874,0.26002970337867737,0.6979062557220459,0.19925977289676666
YGR223C,YBR297W,0,2.503966,0.2599331736564636,0.6979062557220459,0.19935980439186096
YIL016W,YJL008C,1,2.5022874,0.260207861661911,0.6989032626152039,0.19935980439186096
YHR034C,YBR101C,1,2.5010808,0.2604823708534241,0.6999002695083618,0.19935980439186096
YGL185C,YDR313C,0,2.5008795,0.26038575172424316,0.6999002695083618,0.19945983588695526
YDR012W,YHR052W,0,2.5003462,0.2602892220020294,0.6999002695083618,0.19955986738204956
YNL012W,YOL123W,0,2.5002084,0.26019272208213806,0.6999002695083618,0.19965989887714386
YFR032C-A,YLR221C,0,2.4988275,0.26009634137153625,0.6999002695083618,0.19975993037223816
YDR532C,YDR139C,0,2.4987407,0.25999999046325684,0.6999002695083618,0.19985996186733246
YEL054C,YOR067C,0,2.4970517,0.2599037289619446,0.6999002695083618,0.19995999336242676
YBR205W,YGR062C,0,2.4960098,0.2598075568675995,0.6999002695083618,0.20006002485752106
YDL130W-A,YDL095W,0,2.4938567,0.25971144437789917,0.6999002695083618,0.20016004145145416
YDR533C,YIL090W,0,2.4928155,0.25961539149284363,0.6999002695083618,0.20026007294654846
YDL136W,YMR256C,0,2.4923859,0.25951939821243286,0.6999002695083618,0.20036010444164276
YNR028W,YDR155C,1,2.4921892,0.2597930431365967,0.7008973360061646,0.20036010444164276
YLL038C,YAL012W,0,2.4918416,0.2596970796585083,0.7008973360061646,0.20046013593673706
YGL173C,YBL074C,0,2.4913077,0.2596011757850647,0.7008973360061646,0.20056016743183136
YAL020C,YER020W,0,2.4908464,0.25950536131858826,0.7008973360061646,0.20066019892692566
YER027C,YNL306W,0,2.4894679,0.2594096064567566,0.7008973360061646,0.20076023042201996
YMR051C,YDR247W,0,2.4893613,0.2593139111995697,0.7008973360061646,0.20086026191711426
YGL211W,YIL039W,0,2.4875956,0.2592182755470276,0.7008973360061646,0.20096029341220856
YGL120C,YJR025C,0,2.4868145,0.25912272930145264,0.7008973360061646,0.20106032490730286
YBR084W,YGR075C,0,2.4863513,0.25902727246284485,0.7008973360061646,0.20116034150123596
YMR122W-A,YJR045C,0,2.486259,0.25893184542655945,0.7008973360061646,0.20126037299633026
YIR036C,YJR060W,0,2.4853075,0.2588365375995636,0.7008973360061646,0.20136040449142456
YHR184W,YOR014W,0,2.485304,0.25874125957489014,0.7008973360061646,0.20146043598651886
YCR020C,YNL248C,0,2.4851727,0.25864607095718384,0.7008973360061646,0.20156046748161316
YGR231C,YBL075C,1,2.4851537,0.25891873240470886,0.7018943428993225,0.20156046748161316
YNL146W,YPR041W,0,2.4828382,0.25882354378700256,0.7018943428993225,0.20166049897670746
YEL038W,YDR329C,0,2.4823058,0.25872841477394104,0.7018943428993225,0.20176053047180176
YPL090C,YOL120C,0,2.481531,0.2586333453655243,0.7018943428993225,0.20186056196689606
YMR307W,YDL019C,0,2.4800794,0.2585383653640747,0.7018943428993225,0.20196059346199036
YIR004W,YLR200W,1,2.4799914,0.2588105797767639,0.7028913497924805,0.20196059346199036
YDR253C,YLR439W,0,2.4796119,0.25871559977531433,0.7028913497924805,0.20206062495708466
YKL088W,YOR174W,0,2.4784045,0.2586206793785095,0.7028913497924805,0.20216064155101776
YMR022W,YLR438C-A,0,2.477786,0.2585258483886719,0.7028913497924805,0.20226067304611206
YKL156W,YPL089C,0,2.477524,0.258431077003479,0.7028913497924805,0.20236070454120636
YGL229C,YER180C,0,2.477046,0.2583363950252533,0.7028913497924805,0.20246073603630066
YMR235C,YGR062C,0,2.4769046,0.25824177265167236,0.7028913497924805,0.20256076753139496
YPR063C,YDR103W,0,2.4757218,0.2581472098827362,0.7028913497924805,0.20266079902648926
YML015C,YMR221C,0,2.4757082,0.2580527067184448,0.7028913497924805,0.20276083052158356
YDL115C,YDL110C,0,2.4756706,0.2579582929611206,0.7028913497924805,0.20286086201667786
YMR235C,YFR008W,0,2.4737606,0.25786393880844116,0.7028913497924805,0.20296089351177216
YCR096C,YJR094W-A,0,2.472528,0.2577696442604065,0.7028913497924805,0.20306092500686646
YPL231W,YPR098C,0,2.472141,0.257675439119339,0.7028913497924805,0.20316094160079956
YPL019C,YBR009C,0,2.4696984,0.25758129358291626,0.7028913497924805,0.20326097309589386
YMR292W,YMR122W-A,0,2.469661,0.2574872076511383,0.7028913497924805,0.20336100459098816
YOL092W,YAL025C,0,2.4695961,0.2573932111263275,0.7028913497924805,0.20346103608608246
YDR022C,YLR448W,0,2.4692693,0.2572992742061615,0.7028913497924805,0.20356106758117676
YJR016C,YDR014W,0,2.4691076,0.25720539689064026,0.7028913497924805,0.20366109907627106
YGL161C,YDR044W,0,2.4685597,0.2571116089820862,0.7028913497924805,0.20376113057136536
YML040W,YNR061C,0,2.4679554,0.2570178508758545,0.7028913497924805,0.20386116206645966
YLR134W,YLR276C,0,2.4679487,0.25692421197891235,0.7028913497924805,0.20396119356155396
YML094W,YBR164C,0,2.4671698,0.2568306028842926,0.7028913497924805,0.20406122505664825
YPR102C,YIR006C,0,2.4668565,0.25673708319664,0.7028913497924805,0.20416124165058136
YPL019C,YOL030W,0,2.466513,0.2566436231136322,0.7028913497924805,0.20426127314567566
YIR012W,YGR106C,0,2.4656482,0.25655022263526917,0.7028913497924805,0.20436130464076996
YJL143W,YHR023W,0,2.4635746,0.2564568817615509,0.7028913497924805,0.20446133613586426
YIL145C,YGR200C,0,2.4635384,0.2563636302947998,0.7028913497924805,0.20456136763095856
YBL030C,YNR016C,0,2.4627857,0.2562704384326935,0.7028913497924805,0.20466139912605286
YER083C,YOR347C,0,2.4622898,0.2561773359775543,0.7028913497924805,0.20476143062114716
YLR139C,YDR055W,0,2.4615479,0.25608426332473755,0.7028913497924805,0.20486146211624146
YNL153C,YDR518W,1,2.4612842,0.2563543915748596,0.7038883566856384,0.20486146211624146
YDL143W,YEL030W,1,2.459175,0.256624311208725,0.7048853635787964,0.20486146211624146
YLR459W,YER020W,0,2.4585888,0.2565312087535858,0.7048853635787964,0.20496149361133575
YDL137W,YKR094C,0,2.457035,0.25643816590309143,0.7048853635787964,0.20506152510643005
YHL032C,YOR270C,0,2.4565456,0.2563451826572418,0.7048853635787964,0.20516154170036316
YFL004W,YJL108C,0,2.456218,0.256252259016037,0.7048853635787964,0.20526157319545746
YLR038C,YOR080W,0,2.4561524,0.2561594247817993,0.7048853635787964,0.20536160469055176
YLR100W,YHL032C,0,2.4554105,0.2560666501522064,0.7048853635787964,0.20546163618564606
YGL089C,YGL205W,0,2.4553876,0.2559739351272583,0.7048853635787964,0.20556166768074036
YMR139W,YIL160C,0,2.4549928,0.25588127970695496,0.7048853635787964,0.20566169917583466
YOR369C,YFL039C,0,2.4543796,0.2557887136936188,0.7048853635787964,0.20576173067092896
YIL125W,YGL185C,0,2.4535148,0.25569620728492737,0.7048853635787964,0.20586176216602325
YMR045C,YAL062W,0,2.4531803,0.25560376048088074,0.7048853635787964,0.20596179366111755
YPL028W,YER113C,0,2.452013,0.2555113732814789,0.7048853635787964,0.20606182515621185
YML040W,YDR158W,0,2.451644,0.2554190754890442,0.7048853635787964,0.20616184175014496
YMR051C,YBL061C,0,2.4514718,0.2553268373012543,0.7048853635787964,0.20626187324523926
YOR257W,YNL007C,0,2.450778,0.25523465871810913,0.7048853635787964,0.20636190474033356
YPR073C,YPL186C,0,2.449987,0.25514253973960876,0.7048853635787964,0.20646193623542786
YDL120W,YPR028W,0,2.4476247,0.25505051016807556,0.7048853635787964,0.20656196773052216
YER091C,YGL084C,0,2.446384,0.25495854020118713,0.7048853635787964,0.20666199922561646
YDL033C,YOR269W,0,2.4457407,0.2548666298389435,0.7048853635787964,0.20676203072071075
YJL143W,YDR330W,0,2.445568,0.2547747790813446,0.7048853635787964,0.20686206221580505
YLR204W,YHR052W,0,2.4441066,0.2546829879283905,0.7048853635787964,0.20696209371089935
YGR286C,YMR285C,0,2.443766,0.25459128618240356,0.7048853635787964,0.20706212520599365
YML040W,YHR153C,0,2.443447,0.2544996440410614,0.7048853635787964,0.20716214179992676
YBL078C,YGR162W,0,2.4427643,0.254408061504364,0.7048853635787964,0.20726217329502106
YDR524C,YJL148W,0,2.441104,0.2543165385723114,0.7048853635787964,0.20736220479011536
YLR139C,YBL090W,0,2.4409568,0.25422510504722595,0.7048853635787964,0.20746223628520966
YBR175W,YLR154C,0,2.4405923,0.2541337311267853,0.7048853635787964,0.20756226778030396
YNL280C,YDR013W,0,2.440165,0.254042387008667,0.7048853635787964,0.20766229927539825
YPL106C,YDR151C,1,2.4393926,0.25431033968925476,0.7058823704719543,0.20766229927539825
YNL064C,YDR151C,1,2.4379027,0.2545780837535858,0.7068793773651123,0.20766229927539825
YBR158W,YPL154C,0,2.4374518,0.25448670983314514,0.7068793773651123,0.20776233077049255
YER025W,YHR105W,0,2.4371295,0.25439539551734924,0.7068793773651123,0.20786236226558685
YLR188W,YBR058C,0,2.4368858,0.2543041706085205,0.7068793773651123,0.20796239376068115
YER131W,YDL056W,0,2.4367485,0.25421297550201416,0.7068793773651123,0.20806242525577545
YLR008C,YMR022W,0,2.4365392,0.254121869802475,0.7068793773651123,0.20816244184970856
YLR172C,YBR297W,0,2.43649,0.25403082370758057,0.7068793773651123,0.20826247334480286
YJL179W,YDR252W,1,2.435627,0.25429800152778625,0.7078763842582703,0.20826247334480286
YHR021C,YKR062W,0,2.4347973,0.25420695543289185,0.7078763842582703,0.20836250483989716
YGR029W,YLR109W,0,2.4340105,0.2541159689426422,0.7078763842582703,0.20846253633499146
YJL170C,YOR151C,0,2.4340026,0.25402504205703735,0.7078763842582703,0.20856256783008575
YDR456W,YGR037C,0,2.4339964,0.25393420457839966,0.7078763842582703,0.20866259932518005
YOL123W,YBR241C,0,2.4331565,0.25384339690208435,0.7078763842582703,0.20876263082027435
YOR182C,YOR211C,0,2.4323642,0.2537526786327362,0.7078763842582703,0.20886266231536865
YJR066W,YDR126W,0,2.4314735,0.25366201996803284,0.7078763842582703,0.20896269381046295
YNL153C,YNL148C,1,2.4313855,0.2539285719394684,0.7088733911514282,0.20896269381046295
YDR424C,YPR098C,0,2.430704,0.253837913274765,0.7088733911514282,0.20906272530555725
YFL016C,YNL148C,1,2.4294329,0.2541041970252991,0.7098703980445862,0.20906272530555725
YNR001C,YIL115C,0,2.4291952,0.2540135681629181,0.7098703980445862,0.20916274189949036
YPL206C,YPR184W,0,2.4283545,0.2539229691028595,0.7098703980445862,0.20926277339458466
YGL185C,YOR270C,0,2.4283004,0.2538324296474457,0.7098703980445862,0.20936280488967896
YNL112W,YPL095C,0,2.4281514,0.253741979598999,0.7098703980445862,0.20946283638477325
YHR215W,YFR007W,0,2.427569,0.25365158915519714,0.7098703980445862,0.20956286787986755
YLR364W,YLR385C,0,2.427031,0.25356125831604004,0.7098703980445862,0.20966289937496185
YOL127W,YMR290C,0,2.4257598,0.2534709870815277,0.7098703980445862,0.20976293087005615
YPL241C,YOR349W,1,2.4233897,0.2537366449832916,0.7108674049377441,0.20976293087005615
YOL031C,YNR022C,0,2.4224873,0.2536464035511017,0.7108674049377441,0.20986296236515045
YGR220C,YML048W,0,2.4214108,0.25355619192123413,0.7108674049377441,0.20996299386024475
YJL162C,YML130C,1,2.4208646,0.25382155179977417,0.7118644118309021,0.20996299386024475
YBR213W,YIR023W,0,2.4198928,0.2537313401699066,0.7118644118309021,0.21006302535533905
YIL051C,YMR208W,0,2.419786,0.2536412179470062,0.7118644118309021,0.21016304194927216
YDR376W,YJR089W,0,2.4188542,0.2535511255264282,0.7118644118309021,0.21026307344436646
YBR160W,YDR507C,0,2.418499,0.2534611225128174,0.7118644118309021,0.21036310493946075
YJR009C,YBR160W,0,2.4171236,0.2533711791038513,0.7118644118309021,0.21046313643455505
YBR033W,YMR285C,0,2.416751,0.25328129529953003,0.7118644118309021,0.21056316792964935
YER113C,YMR311C,0,2.416098,0.2531915009021759,0.7118644118309021,0.21066319942474365
YGR285C,YNL310C,1,2.4156702,0.2534562349319458,0.7128614187240601,0.21066319942474365
YDL130W-A,YDR169C,0,2.4146814,0.2533664107322693,0.7128614187240601,0.21076323091983795
YDR056C,YNL248C,0,2.414671,0.25327664613723755,0.7128614187240601,0.21086326241493225
YDR238C,YJL052W,0,2.413893,0.253186970949173,0.7128614187240601,0.21096329391002655
YDR465C,YFL029C,0,2.41329,0.2530973553657532,0.7128614187240601,0.21106332540512085
YDR107C,YDL192W,0,2.4128332,0.25300779938697815,0.7128614187240601,0.21116334199905396
YBR041W,YER112W,0,2.4126062,0.2529182732105255,0.7128614187240601,0.21126337349414825
YER061C,YLR100W,0,2.4124603,0.2528288662433624,0.7128614187240601,0.21136340498924255
YJL170C,YLR276C,0,2.4114866,0.25273948907852173,0.7128614187240601,0.21146343648433685
YER133W,YLR188W,0,2.4111342,0.2526501715183258,0.7128614187240601,0.21156346797943115
YGL120C,YCR098C,0,2.4109163,0.25256094336509705,0.7128614187240601,0.21166349947452545
YKL156W,YDR279W,0,2.410796,0.2524717450141907,0.7128614187240601,0.21176353096961975
YMR006C,YLR010C,0,2.4105809,0.25238263607025146,0.7128614187240601,0.21186356246471405
YBL021C,YJR155W,0,2.4090726,0.25229358673095703,0.7128614187240601,0.21196359395980835
YMR122W-A,YJL148W,0,2.4090714,0.2522045969963074,0.7128614187240601,0.21206362545490265
YDR456W,YNL166C,0,2.40882,0.2521156668663025,0.7128614187240601,0.21216364204883575
YDR533C,YKL183W,0,2.4070396,0.2520267963409424,0.7128614187240601,0.21226367354393005
YJL148W,YDL017W,0,2.4068856,0.25193798542022705,0.7128614187240601,0.21236370503902435
YDR265W,YBR164C,0,2.406574,0.2518492341041565,0.7128614187240601,0.21246373653411865
YJR010C-A,YAL062W,0,2.406318,0.2517605721950531,0.7128614187240601,0.21256376802921295
YIL125W,YDR368W,0,2.4035928,0.2516719400882721,0.7128614187240601,0.21266379952430725
YLR287C-A,YDR247W,0,2.4021623,0.25158339738845825,0.7128614187240601,0.21276383101940155
YLR142W,YDR402C,0,2.4004157,0.2514949142932892,0.7128614187240601,0.21286386251449585
YOL065C,YNL061W,0,2.4000404,0.2514064610004425,0.7128614187240601,0.21296389400959015
YLR170C,YGR101W,0,2.3998594,0.251318097114563,0.7128614187240601,0.21306392550468445
YGR262C,YER184C,0,2.3998477,0.25122979283332825,0.7128614187240601,0.21316394209861755
YFL023W,YDL212W,1,2.3998294,0.25149279832839966,0.713858425617218,0.21316394209861755
YDR251W,YLR099C,0,2.399743,0.2514044940471649,0.713858425617218,0.21326397359371185
YMR257C,YMR022W,0,2.3995357,0.25131624937057495,0.713858425617218,0.21336400508880615
YOR037W,YLL022C,0,2.3992972,0.25122806429862976,0.713858425617218,0.21346403658390045
YDR253C,YLR276C,0,2.3991842,0.25113993883132935,0.713858425617218,0.21356406807899475
YPL144W,YOR155C,0,2.399166,0.2510519027709961,0.713858425617218,0.21366409957408905
YPL143W,YOR075W,0,2.3991146,0.25096389651298523,0.713858425617218,0.21376413106918335
YDR239C,YER184C,0,2.3981223,0.25087594985961914,0.713858425617218,0.21386416256427765
YLR192C,YLR127C,0,2.3980916,0.2507880926132202,0.713858425617218,0.21396419405937195
YMR088C,YBR012W-B,0,2.397993,0.25070029497146606,0.713858425617218,0.21406422555446625
YNR050C,YAL034W-A,0,2.3977602,0.2506125271320343,0.713858425617218,0.21416424214839935
YBR024W,YLL050C,0,2.3967834,0.2505248486995697,0.713858425617218,0.21426427364349365
YPR098C,YJR075W,0,2.396021,0.2504372298717499,0.713858425617218,0.21436430513858795
YHL024W,YMR282C,0,2.3940213,0.25034964084625244,0.713858425617218,0.21446433663368225
YDR532C,YOR179C,0,2.3932545,0.25026214122772217,0.713858425617218,0.21456436812877655
YHL032C,YGL157W,0,2.3930936,0.25017470121383667,0.713858425617218,0.21466439962387085
YML125C,YNL012W,0,2.3928921,0.25008732080459595,0.713858425617218,0.21476443111896515
YKR058W,YPL092W,0,2.3916616,0.25,0.713858425617218,0.21486446261405945
YBR176W,YOR346W,0,2.3916006,0.24991273880004883,0.713858425617218,0.21496449410915375
YGL135W,YAL044C,0,2.3911982,0.24982553720474243,0.713858425617218,0.21506452560424805
YLR096W,YDR288W,0,2.3910947,0.2497383952140808,0.713858425617218,0.21516454219818115
YLL011W,YPR042C,0,2.3907619,0.24965132772922516,0.713858425617218,0.21526457369327545
YLR216C,YNL077W,1,2.389773,0.24991285800933838,0.714855432510376,0.21526457369327545
YDL195W,YML095C,0,2.3895464,0.24982579052448273,0.714855432510376,0.21536460518836975
YMR036C,YDR071C,0,2.3892922,0.24973876774311066,0.714855432510376,0.21546463668346405
YDR139C,YNL091W,0,2.3890533,0.24965180456638336,0.714855432510376,0.21556466817855835
YPL271W,YDR322W,0,2.3888245,0.24956491589546204,0.714855432510376,0.21566469967365265
YMR128W,YPR184W,0,2.3883824,0.2494780719280243,0.714855432510376,0.21576473116874695
YHR181W,YGR037C,0,2.3879476,0.24939130246639252,0.714855432510376,0.21586476266384125
YPL019C,YDL185W,0,2.3866012,0.24930459260940552,0.714855432510376,0.21596479415893555
YER048W-A,YNL166C,0,2.3856797,0.2492179423570633,0.714855432510376,0.21606482565402985
YOR224C,YIL101C,0,2.3853598,0.24913133680820465,0.714855432510376,0.21616484224796295
YGL185C,YNL244C,0,2.3837779,0.24904480576515198,0.714855432510376,0.21626487374305725
YNL098C,YNR041C,0,2.3828206,0.24895833432674408,0.714855432510376,0.21636490523815155
YIL070C,YER056C-A,0,2.3828118,0.24887192249298096,0.714855432510376,0.21646493673324585
YJR143C,YMR285C,0,2.3810062,0.2487855702638626,0.714855432510376,0.21656496822834015
YOR096W,YLL022C,0,2.3806524,0.24869927763938904,0.714855432510376,0.21666499972343445
YER099C,YBR084W,0,2.38063,0.24861304461956024,0.714855432510376,0.21676503121852875
YGR106C,YML048W,0,2.380617,0.24852685630321503,0.714855432510376,0.21686506271362305
YDR065W,YPR036W,0,2.3797224,0.24844074249267578,0.714855432510376,0.21696509420871735
YOL030W,YBR273C,0,2.3787234,0.2483546882867813,0.714855432510376,0.21706512570381165
YLR439W,YDR166C,0,2.3785582,0.24826869368553162,0.714855432510376,0.21716514229774475
YDR425W,YDR334W,0,2.3780093,0.2481827586889267,0.714855432510376,0.21726517379283905
YNL330C,YNL306W,0,2.3768427,0.24809688329696655,0.714855432510376,0.21736520528793335
YDR252W,YJR046W,1,2.376264,0.24835696816444397,0.7158524394035339,0.21736520528793335
YER088C,YGL084C,0,2.3755698,0.24827109277248383,0.7158524394035339,0.21746523678302765
YDR379W,YDR231C,0,2.3754435,0.24818527698516846,0.7158524394035339,0.21756526827812195
YER096W,YDR128W,0,2.3741908,0.24809952080249786,0.7158524394035339,0.21766529977321625
YKR048C,YMR152W,0,2.3703206,0.24801382422447205,0.7158524394035339,0.21776533126831055
YNL280C,YHR086W,0,2.369474,0.2479281723499298,0.7158524394035339,0.21786536276340485
YEL061C,YFL039C,0,2.369151,0.24784259498119354,0.7158524394035339,0.21796539425849915
YOR224C,YKL195W,0,2.3688784,0.24775707721710205,0.7158524394035339,0.21806542575359344
YDR379W,YOL149W,0,2.3684888,0.24767160415649414,0.7158524394035339,0.21816544234752655
YGL119W,YJR060W,0,2.3670635,0.2475862056016922,0.7158524394035339,0.21826547384262085
YNL153C,YLR090W,1,2.3659782,0.2478455752134323,0.7168494462966919,0.21826547384262085
YML054C,YCL063W,0,2.365704,0.24776016175746918,0.7168494462966919,0.21836550533771515
YDL204W,YMR023C,0,2.3640318,0.247674822807312,0.7168494462966919,0.21846553683280945
YLR266C,YOL139C,0,2.3628502,0.24758952856063843,0.7168494462966919,0.21856556832790375
YGR223C,YPL111W,0,2.362301,0.2475043088197708,0.7168494462966919,0.21866559982299805
YOR167C,YDL136W,0,2.362146,0.24741913378238678,0.7168494462966919,0.21876563131809235
YNL280C,YAL020C,0,2.3619552,0.24733401834964752,0.7168494462966919,0.21886566281318665
YNL306W,YDR524C,0,2.3584027,0.24724896252155304,0.7168494462966919,0.21896569430828094
YDR046C,YDR448W,0,2.3577058,0.24716398119926453,0.7168494462966919,0.21906572580337524
YHR027C,YOR120W,0,2.3557968,0.2470790445804596,0.7168494462966919,0.21916574239730835
YCR009C,YML124C,0,2.3546896,0.24699415266513824,0.7168494462966919,0.21926577389240265
YNL306W,YNL012W,0,2.3532388,0.24690933525562286,0.7168494462966919,0.21936580538749695
YHR116W,YKL183W,0,2.3494792,0.24682457745075226,0.7168494462966919,0.21946583688259125
YBL021C,YGL123W,0,2.3494682,0.24673987925052643,0.7168494462966919,0.21956586837768555
YEL013W,YCL057C-A,0,2.3489854,0.24665522575378418,0.7168494462966919,0.21966589987277985
YER111C,YEL058W,0,2.3472488,0.2465706467628479,0.7168494462966919,0.21976593136787415
YKR014C,YDR313C,0,2.3472025,0.2464861124753952,0.7168494462966919,0.21986596286296844
YDL069C,YGR158C,0,2.3470986,0.24640163779258728,0.7168494462966919,0.21996599435806274
YDR320C,YDR103W,0,2.3458745,0.24631723761558533,0.7168494462966919,0.22006602585315704
YDL017W,YAL025C,0,2.3457875,0.24623288214206696,0.7168494462966919,0.22016604244709015
YNR028W,YOR288C,1,2.3457513,0.24649092555046082,0.7178464531898499,0.22016604244709015
YOR069W,YAR010C,0,2.3452682,0.24640657007694244,0.7178464531898499,0.22026607394218445
YBL064C,YDR320C,0,2.3451204,0.24632227420806885,0.7178464531898499,0.22036610543727875
YEL065W,YDR096W,0,2.3450499,0.24623802304267883,0.7178464531898499,0.22046613693237305
YPL221W,YHR034C,1,2.3449578,0.24649572372436523,0.7188434600830078,0.22046613693237305
YER133W,YER089C,0,2.3448157,0.2464114874601364,0.7188434600830078,0.22056616842746735
YKL021C,YHR011W,0,2.3446848,0.24632729589939117,0.7188434600830078,0.22066619992256165
YKL109W,YOR246C,0,2.344377,0.2462431639432907,0.7188434600830078,0.22076623141765594
YLR201C,YNL185C,0,2.3439648,0.24615909159183502,0.7188434600830078,0.22086626291275024
YML040W,YDR134C,0,2.3436208,0.2460750788450241,0.7188434600830078,0.22096629440784454
YNL039W,YJR045C,0,2.3422735,0.24599112570285797,0.7188434600830078,0.22106632590293884
YML104C,YPR073C,0,2.3410277,0.2459072321653366,0.7188434600830078,0.22116634249687195
YGR123C,YKR050W,0,2.3410068,0.24582338333129883,0.7188434600830078,0.22126637399196625
YIR014W,YMR088C,0,2.3409624,0.24573960900306702,0.7188434600830078,0.22136640548706055
YDR379W,YNL119W,0,2.3381343,0.2456558793783188,0.7188434600830078,0.22146643698215485
YGR123C,YDL130W-A,0,2.3376954,0.24557220935821533,0.7188434600830078,0.22156646847724915
YDR046C,YPL033C,0,2.3373435,0.24548859894275665,0.7188434600830078,0.22166649997234344
YDL075W,YNL212W,0,2.3372438,0.24540503323078156,0.7188434600830078,0.22176653146743774
YOR155C,YJL072C,0,2.336369,0.24532154202461243,0.7188434600830078,0.22186656296253204
YNL292W,YFL036W,0,2.3360076,0.24523809552192688,0.7188434600830078,0.22196659445762634
YOL018C,YER020W,0,2.3358736,0.2451547086238861,0.7188434600830078,0.22206662595272064
YDR121W,YPL026C,0,2.3350592,0.2450713813304901,0.7188434600830078,0.22216664254665375
YPL231W,YHR147C,0,2.3345704,0.2449881136417389,0.7188434600830078,0.22226667404174805
YJR134C,YBR035C,0,2.3345513,0.24490489065647125,0.7188434600830078,0.22236670553684235
YML130C,YDL212W,1,2.3338854,0.2451612949371338,0.7198404669761658,0.22236670553684235
YNL293W,YIL009C-A,0,2.333814,0.24507807195186615,0.7198404669761658,0.22246673703193665
YLL011W,YOL071W,0,2.3336563,0.2449949085712433,0.7198404669761658,0.22256676852703094
YHR153C,YGL253W,0,2.3320425,0.2449118047952652,0.7198404669761658,0.22266680002212524
YML040W,YJR059W,0,2.3300602,0.24482876062393188,0.7198404669761658,0.22276683151721954
YBR205W,YJR135C,0,2.329976,0.24474576115608215,0.7198404669761658,0.22286686301231384
YDL143W,YOR270C,0,2.3279681,0.2446628212928772,0.7198404669761658,0.22296689450740814
YER048C,YGL018C,1,2.327798,0.24491870403289795,0.7208374738693237,0.22296689450740814
YPR156C,YKR097W,0,2.327573,0.244835764169693,0.7208374738693237,0.22306692600250244
YNL209W,YLR090W,1,2.3273835,0.24509140849113464,0.7218344807624817,0.22306692600250244
YER088C,YDL115C,0,2.3270202,0.2450084537267685,0.7218344807624817,0.22316695749759674
YFR015C,YHR167W,0,2.326651,0.2449255734682083,0.7218344807624817,0.22326697409152985
YGL173C,YLR204W,0,2.3263102,0.2448427528142929,0.7218344807624817,0.22336700558662415
YNL330C,YBL106C,0,2.3244686,0.24475997686386108,0.7218344807624817,0.22346703708171844
YKL089W,YGR088W,0,2.324129,0.24467726051807404,0.7218344807624817,0.22356706857681274
YDL129W,YLL050C,0,2.3238711,0.24459458887577057,0.7218344807624817,0.22366710007190704
YBR175W,YBR273C,0,2.3238351,0.24451199173927307,0.7218344807624817,0.22376713156700134
YIR017C,YMR012W,0,2.3224363,0.24442943930625916,0.7218344807624817,0.22386716306209564
YNL046W,YHR186C,0,2.3215537,0.24434694647789001,0.7218344807624817,0.22396719455718994
YCL055W,YGL157W,0,2.3214421,0.24426451325416565,0.7218344807624817,0.22406722605228424
YER025W,YER007W,0,2.3203554,0.24418212473392487,0.7218344807624817,0.22416725754737854
YBL064C,YJL062W,0,2.3200455,0.24409979581832886,0.7218344807624817,0.22426727414131165
YNL039W,YOL071W,0,2.31997,0.24401752650737762,0.7218344807624817,0.22436730563640594
YLR201C,YGR274C,0,2.3198166,0.24393531680107117,0.7218344807624817,0.22446733713150024
YKL088W,YBR289W,0,2.319342,0.2438531517982483,0.7218344807624817,0.22456736862659454
YGR234W,YDR115W,0,2.3190548,0.2437710464000702,0.7218344807624817,0.22466740012168884
YDR044W,YGR158C,0,2.3189132,0.24368900060653687,0.7218344807624817,0.22476743161678314
YBL057C,YOR306C,0,2.3185432,0.24360699951648712,0.7218344807624817,0.22486746311187744
YDL008W,YBL082C,0,2.318375,0.24352505803108215,0.7218344807624817,0.22496749460697174
YGR029W,YPR184W,0,2.3181694,0.24344317615032196,0.7218344807624817,0.22506752610206604
YLL011W,YDR197W,0,2.3180218,0.24336133897304535,0.7218344807624817,0.22516755759716034
YPL074W,YML063W,0,2.3180192,0.2432795763015747,0.7218344807624817,0.22526757419109344
YDL190C,YLR109W,0,2.3175488,0.24319784343242645,0.7218344807624817,0.22536760568618774
YPL091W,YIL155C,0,2.3153815,0.24311618506908417,0.7218344807624817,0.22546763718128204
YEL016C,YGR189C,0,2.3148289,0.24303457140922546,0.7218344807624817,0.22556766867637634
YPR041W,YCR094W,0,2.3147457,0.24295301735401154,0.7218344807624817,0.22566770017147064
YOR014W,YER012W,0,2.314571,0.24287152290344238,0.7218344807624817,0.22576773166656494
YFR041C,YNL322C,0,2.3137813,0.2427900731563568,0.7218344807624817,0.22586776316165924
YLR188W,YMR150C,0,2.3121767,0.24270868301391602,0.7218344807624817,0.22596779465675354
YHR215W,YMR094W,0,2.31197,0.24262735247612,0.7218344807624817,0.22606782615184784
YPL085W,YCL031C,0,2.311899,0.24254606664180756,0.7218344807624817,0.22616785764694214
YBR055C,YDR086C,0,2.311542,0.2424648404121399,0.7218344807624817,0.22626787424087524
YJR010C-A,YFR007W,0,2.3111567,0.2423836588859558,0.7218344807624817,0.22636790573596954
YBR041W,YDL110C,0,2.3074005,0.2423025369644165,0.7218344807624817,0.22646793723106384
YHL008C,YOL002C,0,2.3066907,0.24222147464752197,0.7218344807624817,0.22656796872615814
YGR184C,YAL012W,0,2.3066878,0.24214047193527222,0.7218344807624817,0.22666800022125244
YJR009C,YIL027C,0,2.306663,0.24205951392650604,0.7218344807624817,0.22676803171634674
YNL291C,YDR088C,0,2.3066316,0.24197861552238464,0.7218344807624817,0.22686806321144104
YJR032W,YDR151C,1,2.3057828,0.24223187565803528,0.7228314876556396,0.22686806321144104
YNL293W,YBR213W,0,2.304422,0.24215096235275269,0.7228314876556396,0.22696809470653534
YDL069C,YER088C,0,2.3039844,0.24207012355327606,0.7228314876556396,0.22706812620162964
YDR524C,YDR420W,0,2.303687,0.24198931455612183,0.7228314876556396,0.22716815769672394
YDR003W,YCR010C,0,2.3029938,0.24190858006477356,0.7228314876556396,0.22726817429065704
YOR120W,YOR221C,0,2.302969,0.24182789027690887,0.7228314876556396,0.22736820578575134
YOR369C,YDR054C,0,2.302126,0.24174724519252777,0.7228314876556396,0.22746823728084564
YOR143C,YOL123W,0,2.302027,0.24166665971279144,0.7228314876556396,0.22756826877593994
YMR122W-A,YJL133W,0,2.3013117,0.2415861338376999,0.7228314876556396,0.22766830027103424
YHR044C,YDR390C,0,2.3010778,0.2415056675672531,0.7228314876556396,0.22776833176612854
YJL106W,YPR168W,0,2.3005788,0.24142524600028992,0.7228314876556396,0.22786836326122284
YIL090W,YHR044C,0,2.3004875,0.2413448691368103,0.7228314876556396,0.22796839475631714
YAL021C,YAR018C,0,2.2993646,0.24126455187797546,0.7228314876556396,0.22806842625141144
YOL030W,YGL059W,0,2.297782,0.2411842942237854,0.7228314876556396,0.22816845774650574
YIL101C,YJL109C,0,2.2976093,0.2411040961742401,0.7228314876556396,0.22826847434043884
YLR188W,YMR204C,0,2.2974026,0.2410239428281784,0.7228314876556396,0.22836850583553314
YOR278W,YOL127W,0,2.2963972,0.24094383418560028,0.7228314876556396,0.22846853733062744
YGL018C,YLR090W,1,2.2956655,0.24119600653648376,0.7238284945487976,0.22846853733062744
YER120W,YNL098C,0,2.2954855,0.24111591279506683,0.7238284945487976,0.22856856882572174
YOL139C,YJR029W,0,2.2953577,0.24103586375713348,0.7238284945487976,0.22866860032081604
YDR219C,YIR036C,0,2.2952766,0.24095585942268372,0.7238284945487976,0.22876863181591034
YML094W,YDR418W,0,2.2950869,0.24087591469287872,0.7238284945487976,0.22886866331100464
YOL030W,YPL111W,0,2.2949457,0.2407960146665573,0.7238284945487976,0.22896869480609894
YDL229W,YDR214W,1,2.2948298,0.24104773998260498,0.7248255014419556,0.22896869480609894
YLR287C-A,YGL106W,0,2.2947428,0.24096785485744476,0.7248255014419556,0.22906872630119324
YDL210W,YBR166C,0,2.2946858,0.24088799953460693,0.7248255014419556,0.22916875779628754
YIL101C,YBL061C,0,2.2932935,0.24080821871757507,0.7248255014419556,0.22926877439022064
YNL209W,YML048W,1,2.2919228,0.24105960130691528,0.7258225083351135,0.22926877439022064
YJR143C,YLR121C,0,2.2909503,0.24097980558872223,0.7258225083351135,0.22936880588531494
YNL242W,YER088C,0,2.2901204,0.24090006947517395,0.7258225083351135,0.22946883738040924
YNL248C,YGL039W,0,2.288255,0.24082037806510925,0.7258225083351135,0.22956886887550354
YDR299W,YDR047W,0,2.2880104,0.24074074625968933,0.7258225083351135,0.22966890037059784
YGR088W,YDL231C,0,2.285915,0.240661159157753,0.7258225083351135,0.22976893186569214
YPR168W,YKR050W,0,2.2854905,0.24058163166046143,0.7258225083351135,0.22986896336078644
YMR235C,YNL039W,0,2.2838492,0.24050214886665344,0.7258225083351135,0.22996899485588074
YMR298W,YGR188C,0,2.2830243,0.24042272567749023,0.7258225083351135,0.23006902635097504
YER027C,YOR389W,0,2.2800794,0.2403433471918106,0.7258225083351135,0.23016905784606934
YML070W,YPL123C,0,2.2799656,0.24026402831077576,0.7258225083351135,0.23026907444000244
YDR253C,YJR029W,0,2.2784486,0.2401847541332245,0.7258225083351135,0.23036910593509674
YML125C,YDR065W,0,2.2781928,0.240105539560318,0.7258225083351135,0.23046913743019104
YLR096W,YDR279W,0,2.2760246,0.24002636969089508,0.7258225083351135,0.23056916892528534
YOL138C,YLR237W,0,2.2759469,0.23994725942611694,0.7258225083351135,0.23066920042037964
YJR015W,YLR207W,0,2.2758694,0.23986820876598358,0.7258225083351135,0.23076923191547394
YLR127C,YIL136W,0,2.2753654,0.2397892028093338,0.7258225083351135,0.23086926341056824
YNL001W,YOR096W,0,2.273507,0.2397102415561676,0.7258225083351135,0.23096929490566254
YIL027C,YLR357W,0,2.2721004,0.23963133990764618,0.7258225083351135,0.23106932640075684
YPL144W,YDR247W,0,2.2716708,0.23955248296260834,0.7258225083351135,0.23116935789585114
YPL106C,YER089C,0,2.2712107,0.23947368562221527,0.7258225083351135,0.23126937448978424
YGL178W,YMR303C,0,2.2678125,0.2393949329853058,0.7258225083351135,0.23136940598487854
YPL091W,YLR212C,0,2.2672038,0.23931623995304108,0.7258225083351135,0.23146943747997284
YOL003C,YBL039C,0,2.265227,0.23923759162425995,0.7258225083351135,0.23156946897506714
YLR032W,YER020W,0,2.2652142,0.2391590029001236,0.7258225083351135,0.23166950047016144
YDR101C,YHR064C,0,2.2649097,0.23908045887947083,0.7258225083351135,0.23176953196525574
YNR028W,YDR252W,1,2.2634842,0.2393302619457245,0.7268195152282715,0.23176953196525574
YJL052W,YGR001C,0,2.2633703,0.23925171792507172,0.7268195152282715,0.23186956346035004
YMR051C,YHR136C,0,2.2624714,0.23917323350906372,0.7268195152282715,0.23196959495544434
YHR025W,YLR126C,0,2.2621412,0.2390947788953781,0.7268195152282715,0.23206962645053864
YOR151C,YJL073W,0,2.2613692,0.23901639878749847,0.7268195152282715,0.23216965794563293
YIL004C,YNR061C,0,2.2612963,0.23893804848194122,0.7268195152282715,0.23226967453956604
YCL031C,YNL115C,0,2.26073,0.23885975778102875,0.7268195152282715,0.23236970603466034
YKR094C,YDR014W,0,2.2605581,0.23878152668476105,0.7268195152282715,0.23246973752975464
YJL179W,YNL148C,1,2.2604527,0.23903077840805054,0.7278165221214294,0.23246973752975464
YDR519W,YHR176W,1,2.2602725,0.2392798662185669,0.7288135886192322,0.23246973752975464
YLR170C,YBL078C,0,2.2599795,0.23920157551765442,0.7288135886192322,0.23256976902484894
YDL060W,YDR322W,0,2.2594023,0.23912332952022552,0.7288135886192322,0.23266980051994324
YOR150W,YDR393W,0,2.2582803,0.2390451282262802,0.7288135886192322,0.23276983201503754
YPL271W,YOL065C,0,2.2581303,0.23896698653697968,0.7288135886192322,0.23286986351013184
YDR120C,YKR009C,0,2.2580545,0.23888888955116272,0.7288135886192322,0.23296989500522614
YJL179W,YJL073W,1,2.2569358,0.23913753032684326,0.7298105955123901,0.23296989500522614
YNL217W,YNR041C,0,2.2565308,0.2390594333410263,0.7298105955123901,0.23306992650032043
YIL160C,YPL220W,0,2.25563,0.23898139595985413,0.7298105955123901,0.23316995799541473
YDL146W,YMR017W,0,2.2553432,0.23890338838100433,0.7298105955123901,0.23326997458934784
YDR069C,YHR070W,0,2.2552712,0.2388254553079605,0.7298105955123901,0.23337000608444214
YNR016C,YPL090C,0,2.2551448,0.23874755203723907,0.7298105955123901,0.23347003757953644
YDR388W,YJL080C,0,2.2547712,0.23866970837116241,0.7298105955123901,0.23357006907463074
YMR142C,YDR341C,0,2.2540374,0.23859190940856934,0.7298105955123901,0.23367010056972504
YPL177C,YDR088C,0,2.253954,0.23851417005062103,0.7298105955123901,0.23377013206481934
YDR052C,YKR094C,0,2.2539086,0.2384364753961563,0.7298105955123901,0.23387016355991364
YER126C,YER180C,0,2.253807,0.23835884034633636,0.7298105955123901,0.23397019505500793
YHR140W,YOR290C,0,2.253623,0.23828125,0.7298105955123901,0.23407022655010223
YHR215W,YJR075W,0,2.252361,0.23820370435714722,0.7298105955123901,0.23417025804519653
YDR139C,YHR070W,0,2.2513685,0.2381262183189392,0.7298105955123901,0.23427027463912964
YDR363W-A,YCL057C-A,0,2.250916,0.23804877698421478,0.7298105955123901,0.23437030613422394
YJL014W,YNL148C,1,2.2505646,0.2382964938879013,0.7308076024055481,0.23437030613422394
YJL198W,YPR166C,0,2.2504563,0.23821903765201569,0.7308076024055481,0.23447033762931824
YDR424C,YOL157C,0,2.2498071,0.23814165592193604,0.7308076024055481,0.23457036912441254
YAL058W,YGR078C,1,2.249238,0.23838908970355988,0.731804609298706,0.23457036912441254
YDR012W,YNR020C,0,2.2476456,0.23831169307231903,0.731804609298706,0.23467040061950684
YEL017C-A,YLR097C,0,2.2470038,0.23823434114456177,0.731804609298706,0.23477043211460114
YKR061W,YLL011W,0,2.2467709,0.23815703392028809,0.731804609298706,0.23487046360969543
YJL073W,YPL106C,1,2.246769,0.23840415477752686,0.732801616191864,0.23487046360969543
YDL210W,YMR297W,0,2.2467422,0.23832684755325317,0.732801616191864,0.23497049510478973
YBR283C,YNR022C,0,2.246668,0.23824959993362427,0.732801616191864,0.23507052659988403
YOR151C,YBR166C,0,2.24643,0.23817239701747894,0.732801616191864,0.23517055809497833
YOR066W,YHR181W,0,2.2463999,0.2380952388048172,0.732801616191864,0.23527057468891144
YPL220W,YKL198C,0,2.2462728,0.23801814019680023,0.732801616191864,0.23537060618400574
YDR456W,YNL096C,0,2.2460003,0.23794108629226685,0.732801616191864,0.23547063767910004
YCL063W,YGR194C,0,2.2452595,0.23786407709121704,0.732801616191864,0.23557066917419434
YPR102C,YPL269W,0,2.2449393,0.237787127494812,0.732801616191864,0.23567070066928864
YNL330C,YJL143W,0,2.2426355,0.23771022260189056,0.732801616191864,0.23577073216438293
YDR531W,YDR507C,0,2.240077,0.2376333624124527,0.732801616191864,0.23587076365947723
YML034W,YML095C,0,2.2400577,0.2375565618276596,0.732801616191864,0.23597079515457153
YIL016W,YLR200W,1,2.2389693,0.2378029078245163,0.733798623085022,0.23597079515457153
YDR342C,YML070W,0,2.2376604,0.237726092338562,0.733798623085022,0.23607082664966583
YGR062C,YPL160W,0,2.2363627,0.2376493364572525,0.733798623085022,0.23617085814476013
YBL030C,YMR022W,0,2.2361379,0.23757262527942657,0.733798623085022,0.23627087473869324
YGL213C,YER044C,0,2.234578,0.23749597370624542,0.733798623085022,0.23637090623378754
YBR176W,YDL008W,0,2.2333379,0.23741935193538666,0.733798623085022,0.23647093772888184
YBL030C,YNL149C,0,2.233077,0.23734278976917267,0.733798623085022,0.23657096922397614
YBR207W,YDL008W,0,2.2330203,0.23726628720760345,0.733798623085022,0.23667100071907043
YAR019C,YPL031C,0,2.2330167,0.23718981444835663,0.733798623085022,0.23677103221416473
YDL033C,YOL002C,0,2.2320328,0.23711340129375458,0.733798623085022,0.23687106370925903
YBR159W,YER096W,0,2.2319438,0.2370370328426361,0.733798623085022,0.23697109520435333
YDR448W,YOR389W,0,2.2307339,0.23696072399616241,0.733798623085022,0.23707112669944763
YFR032C-A,YBR175W,0,2.229927,0.2368844598531723,0.733798623085022,0.23717115819454193
YMR080C,YHR147C,0,2.2291062,0.23680824041366577,0.733798623085022,0.23727117478847504
YKL156W,YMR217W,0,2.2289915,0.23673206567764282,0.733798623085022,0.23737120628356934
YPL019C,YPL123C,0,2.228783,0.23665595054626465,0.733798623085022,0.23747123777866364
YNL086W,YLR121C,0,2.2282567,0.23657988011837006,0.733798623085022,0.23757126927375793
YLR204W,YBR166C,0,2.2275288,0.23650385439395905,0.733798623085022,0.23767130076885223
YFR041C,YNL148C,1,2.227075,0.23674911260604858,0.7347956299781799,0.23767130076885223
YBR001C,YMR139W,0,2.2262464,0.23667308688163757,0.7347956299781799,0.23777133226394653
YDR248C,YMR109W,0,2.2253275,0.23659710586071014,0.7347956299781799,0.23787136375904083
YLR287C-A,YAL044C,0,2.2251942,0.2365211844444275,0.7347956299781799,0.23797139525413513
YBR123C,YLR048W,0,2.2251687,0.23644529283046722,0.7347956299781799,0.23807142674922943
YHL044W,YJR089W,0,2.2247922,0.23636946082115173,0.7347956299781799,0.23817145824432373
YBL090W,YOL149W,0,2.224062,0.23629368841648102,0.7347956299781799,0.23827147483825684
YLR201C,YJR065C,0,2.2239048,0.2362179458141327,0.7347956299781799,0.23837150633335114
YMR292W,YLR078C,0,2.2226784,0.23614226281642914,0.7347956299781799,0.23847153782844543
YFR041C,YOR020C,1,2.2216673,0.23638692498207092,0.7357926368713379,0.23847153782844543
YER088C,YLR147C,0,2.2215958,0.23631124198436737,0.7357926368713379,0.23857156932353973
YLR216C,YFR041C,1,2.2211437,0.23655569553375244,0.7367896437644958,0.23857156932353973
YDL127W,YIL111W,0,2.2210307,0.2364799976348877,0.7367896437644958,0.23867160081863403
YDR322W,YDR320C,0,2.2203662,0.23640434443950653,0.7367896437644958,0.23877163231372833
YBR036C,YMR037C,0,2.2198133,0.23632875084877014,0.7367896437644958,0.23887166380882263
YPR132W,YGR075C,0,2.219538,0.23625320196151733,0.7367896437644958,0.23897169530391693
YBR084W,YOR221C,0,2.2187414,0.2361776977777481,0.7367896437644958,0.23907172679901123
YMR142C,YBL061C,0,2.2186794,0.23610223829746246,0.7367896437644958,0.23917175829410553
YBR012W-B,YOR211C,0,2.2185848,0.2360268235206604,0.7367896437644958,0.23927177488803864
YNL322C,YBR009C,0,2.2182574,0.2359514683485031,0.7367896437644958,0.23937180638313293
YBR122C,YGR158C,0,2.2174091,0.2358761578798294,0.7367896437644958,0.23947183787822723
YPL051W,YBR159W,0,2.2170546,0.23580089211463928,0.7367896437644958,0.23957186937332153
YJL008C,YJL111W,1,2.213815,0.23604466021060944,0.7377866506576538,0.23957186937332153
YLR449W,YAL058W,1,2.2134123,0.23628826439380646,0.7387836575508118,0.23957186937332153
YLR283W,YOR217W,0,2.2134118,0.23621293902397156,0.7387836575508118,0.23967190086841583
YLR214W,YPR081C,0,2.2132921,0.23613767325878143,0.7387836575508118,0.23977193236351013
YDR447C,YMR204C,0,2.2120278,0.2360624372959137,0.7387836575508118,0.23987196385860443
YBL074C,YOR346W,0,2.2115335,0.23598726093769073,0.7387836575508118,0.23997199535369873
YNL086W,YLR048W,0,2.211092,0.23591212928295135,0.7387836575508118,0.24007202684879303
YKL156W,YPL026C,0,2.2102313,0.23583704233169556,0.7387836575508118,0.24017205834388733
YDR532C,YLR126C,0,2.2100735,0.23576201498508453,0.7387836575508118,0.24027207493782043
YAL053W,YGR078C,1,2.2092803,0.23600508272647858,0.7397806644439697,0.24027207493782043
YPR048W,YBL090W,0,2.2091649,0.23593004047870636,0.7397806644439697,0.24037210643291473
YDR036C,YBR231C,0,2.2087462,0.23585505783557892,0.7397806644439697,0.24047213792800903
YJR143C,YDL130W-A,0,2.2080288,0.23578010499477386,0.7397806644439697,0.24057216942310333
YIL145C,YAL034W-A,0,2.20773,0.2357052117586136,0.7397806644439697,0.24067220091819763
YBR264C,YDL067C,0,2.2073846,0.2356303632259369,0.7397806644439697,0.24077223241329193
YDL060W,YEL002C,0,2.2069638,0.23555555939674377,0.7397806644439697,0.24087226390838623
YJL162C,YAL058W,1,2.2056487,0.2357981652021408,0.7407776713371277,0.24087226390838623
YPL172C,YGR162W,0,2.2051458,0.2357233464717865,0.7407776713371277,0.24097229540348053
YDR012W,YIL093C,0,2.2050958,0.23564858734607697,0.7407776713371277,0.24107232689857483
YMR109W,YBR185C,0,2.2028682,0.235573872923851,0.7407776713371277,0.24117235839366913
YGL213C,YJR065C,0,2.2025266,0.23549920320510864,0.7407776713371277,0.24127237498760223
YDL099W,YMR303C,0,2.2022758,0.23542459309101105,0.7407776713371277,0.24137240648269653
YML116W,YAL023C,0,2.202199,0.23535001277923584,0.7407776713371277,0.24147243797779083
YNL129W,YJR126C,0,2.2021232,0.2352754920721054,0.7407776713371277,0.24157246947288513
YIL051C,YPL269W,0,2.2019985,0.23520101606845856,0.7407776713371277,0.24167250096797943
YKR061W,YKL056C,0,2.2013884,0.2351265847682953,0.7407776713371277,0.24177253246307373
YLR096W,YAL034W-A,0,2.2008681,0.2350521981716156,0.7407776713371277,0.24187256395816803
YMR128W,YIL138C,0,2.2007627,0.2349778562784195,0.7407776713371277,0.24197259545326233
YNL227C,YOR346W,0,2.2007148,0.23490357398986816,0.7407776713371277,0.24207262694835663
YNL310C,YIL142W,1,2.200622,0.23514539003372192,0.7417746782302856,0.24207262694835663
YNR007C,YKR097W,0,2.1982903,0.2350710928440094,0.7417746782302856,0.24217265844345093
YLL050C,YOR269W,0,2.1972284,0.23499684035778046,0.7417746782302856,0.24227267503738403
YER120W,YFR006W,0,2.1963694,0.2349226325750351,0.7417746782302856,0.24237270653247833
YGL089C,YJR068W,0,2.1962123,0.2348484843969345,0.7417746782302856,0.24247273802757263
YOL138C,YAR010C,0,2.1932883,0.2347743809223175,0.7417746782302856,0.24257276952266693
YML125C,YOR332W,0,2.1931748,0.23470032215118408,0.7417746782302856,0.24267280101776123
YMR264W,YOR322C,0,2.1930315,0.23462630808353424,0.7417746782302856,0.24277283251285553
YDR074W,YCR094W,0,2.1919327,0.23455233871936798,0.7417746782302856,0.24287286400794983
YDL075W,YDR044W,0,2.1917243,0.2344784140586853,0.7417746782302856,0.24297289550304413
YPL269W,YDL109C,0,2.1915681,0.2344045341014862,0.7417746782302856,0.24307292699813843
YGL089C,YEL065W,0,2.1909127,0.23433071374893188,0.7417746782302856,0.24317295849323273
YDL067C,YJR076C,0,2.1906834,0.23425692319869995,0.7417746782302856,0.24327297508716583
YBL075C,YBR198C,0,2.1906295,0.2341831922531128,0.7417746782302856,0.24337300658226013
YFR041C,YJR046W,1,2.1903534,0.2344241589307785,0.7427716851234436,0.24337300658226013
YER131W,YPR019W,0,2.1901627,0.23435042798519135,0.7427716851234436,0.24347303807735443
YFL036W,YLR032W,0,2.189949,0.23427672684192657,0.7427716851234436,0.24357306957244873
YDR013W,YPL111W,0,2.1892958,0.23420308530330658,0.7427716851234436,0.24367310106754303
YML094W,YOR014W,0,2.1892562,0.23412947356700897,0.7427716851234436,0.24377313256263733
YJL125C,YMR051C,0,2.1884751,0.23405592143535614,0.7427716851234436,0.24387316405773163
YML085C,YKL109W,0,2.1881437,0.2339824140071869,0.7427716851234436,0.24397319555282593
YNL162W,YJR135C,0,2.186791,0.23390895128250122,0.7427716851234436,0.24407322704792023
YDR341C,YNL325C,0,2.1858792,0.23383553326129913,0.7427716851234436,0.24417325854301453
YBR176W,YIR036C,0,2.1858187,0.23376215994358063,0.7427716851234436,0.24427327513694763
YKR090W,YPR028W,0,2.1840787,0.2336888313293457,0.7427716851234436,0.24437330663204193
YBR092C,YEL021W,0,2.182743,0.23361554741859436,0.7427716851234436,0.24447333812713623
YNL268W,YPL202C,0,2.1825898,0.2335423231124878,0.7427716851234436,0.24457336962223053
YHR034C,YEL030W,1,2.1825562,0.23378251492977142,0.7437686920166016,0.24457336962223053
YOL031C,YGL119W,0,2.1822457,0.23370927572250366,0.7437686920166016,0.24467340111732483
YLR266C,YNR040W,0,2.182107,0.23363608121871948,0.7437686920166016,0.24477343261241913
YNR016C,YLR078C,0,2.1819668,0.23356293141841888,0.7437686920166016,0.24487346410751343
YDL141W,YGL147C,0,2.1813776,0.23348982632160187,0.7437686920166016,0.24497349560260773
YFL029C,YMR045C,0,2.181145,0.23341676592826843,0.7437686920166016,0.24507352709770203
YNL112W,YJL109C,0,2.179718,0.23334376513957977,0.7437686920166016,0.24517355859279633
YIL112W,YLL022C,0,2.17804,0.2332707941532135,0.7437686920166016,0.24527357518672943
YGR088W,YJR001W,0,2.1779451,0.2331978678703308,0.7437686920166016,0.24537360668182373
YML095C,YNL268W,0,2.1765752,0.2331250011920929,0.7437686920166016,0.24547363817691803
YDL136W,YDR166C,0,2.1760836,0.23305216431617737,0.7437686920166016,0.24557366967201233
YJL164C,YKL034W,0,2.1754453,0.23297938704490662,0.7437686920166016,0.24567370116710663
YIR004W,YHR034C,1,2.175075,0.23321886360645294,0.7447656989097595,0.24567370116710663
YOR061W,YDR529C,0,2.1737123,0.233146071434021,0.7447656989097595,0.24577373266220093
YJL198W,YHR070W,0,2.1736197,0.23307332396507263,0.7447656989097595,0.24587376415729523
YBR033W,YOR288C,0,2.1733377,0.23300062119960785,0.7447656989097595,0.24597379565238953
YBR036C,YIR023W,0,2.172651,0.23292796313762665,0.7447656989097595,0.24607382714748383
YCL059C,YJR029W,0,2.1724885,0.23285536468029022,0.7447656989097595,0.24617385864257812
YER184C,YER044C,0,2.1716862,0.23278279602527618,0.7447656989097595,0.24627387523651123
YFL037W,YLR265C,0,2.1710014,0.23271028697490692,0.7447656989097595,0.24637390673160553
YLR356W,YBR012W-B,0,2.170532,0.23263780772686005,0.7447656989097595,0.24647393822669983
YJL156C,YOL077C,0,2.1693625,0.23256537318229675,0.7447656989097595,0.24657396972179413
YJR015W,YDR503C,0,2.1681662,0.23249299824237823,0.7447656989097595,0.24667400121688843
YLR139C,YOR322C,0,2.167525,0.2324206531047821,0.7447656989097595,0.24677403271198273
YGL173C,YPL174C,0,2.1671593,0.23234836757183075,0.7447656989097595,0.24687406420707703
YNL077W,YML042W,0,2.166793,0.23227612674236298,0.7447656989097595,0.24697409570217133
YHR021C,YAR010C,0,2.1665823,0.2322039157152176,0.7447656989097595,0.24707412719726562
YFR015C,YER089C,0,2.165325,0.23213176429271698,0.7447656989097595,0.24717415869235992
YBR286W,YOR039W,0,2.1653128,0.23205964267253876,0.7447656989097595,0.24727417528629303
YMR166C,YOL092W,0,2.1650481,0.2319875806570053,0.7447656989097595,0.24737420678138733
YMR100W,YBR122C,0,2.1644447,0.23191554844379425,0.7447656989097595,0.24747423827648163
YNL292W,YFL041W,0,2.1643562,0.23184357583522797,0.7447656989097595,0.24757426977157593
YOL077C,YNL325C,0,2.1641827,0.23177164793014526,0.7447656989097595,0.24767430126667023
YFL004W,YNL188W,0,2.1635191,0.23169974982738495,0.7447656989097595,0.24777433276176453
YHL040C,YDR252W,0,2.1634336,0.2316279113292694,0.7447656989097595,0.24787436425685883
YML040W,YBR160W,0,2.163104,0.23155610263347626,0.7447656989097595,0.24797439575195312
YPL241C,YFL023W,1,2.162983,0.23179423809051514,0.7457627058029175,0.24797439575195312
YGL135W,YLR207W,0,2.1625645,0.23172242939472198,0.7457627058029175,0.24807442724704742
YLL062C,YOL064C,0,2.1624506,0.23165066540241241,0.7457627058029175,0.24817445874214172
YPL144W,YDR224C,0,2.1616158,0.23157894611358643,0.7457627058029175,0.24827447533607483
YBR273C,YGL039W,0,2.161427,0.23150727152824402,0.7457627058029175,0.24837450683116913
YGR058W,YLR100W,0,2.160949,0.2314356416463852,0.7457627058029175,0.24847453832626343
YOR039W,YLR265C,0,2.1607733,0.23136405646800995,0.7457627058029175,0.24857456982135773
YNL325C,YKL164C,0,2.15727,0.2312925159931183,0.7457627058029175,0.24867460131645203
YOL092W,YDR529C,0,2.1555479,0.2312210202217102,0.7457627058029175,0.24877463281154633
YER027C,YLR086W,0,2.1548665,0.2311495691537857,0.7457627058029175,0.24887466430664062
YJL073W,YDR155C,1,2.154592,0.23138709366321564,0.7467597126960754,0.24887466430664062
YMR297W,YER106W,0,2.1541305,0.23131562769412994,0.7467597126960754,0.24897469580173492
YER061C,YDR096W,0,2.1536624,0.23124420642852783,0.7467597126960754,0.24907472729682922
YOR075W,YGL106W,0,2.1531894,0.2311728447675705,0.7467597126960754,0.24917475879192352
YMR287C,YPL154C,0,2.153005,0.23110151290893555,0.7467597126960754,0.24927477538585663
YAR019C,YJL072C,0,2.1527028,0.23103022575378418,0.7467597126960754,0.24937480688095093
YKL212W,YOR127W,0,2.1526225,0.2309589833021164,0.7467597126960754,0.24947483837604523
YJL198W,YJR143C,0,2.1522624,0.2308877855539322,0.7467597126960754,0.24957486987113953
YNL006W,YML094W,1,2.151144,0.23112480342388153,0.7477567195892334,0.24957486987113953
YER099C,YMR150C,0,2.1508768,0.23105360567569733,0.7477567195892334,0.24967490136623383
YGR106C,YNL091W,0,2.1505318,0.2309824526309967,0.7477567195892334,0.24977493286132812
YNR022C,YGL039W,0,2.1493664,0.23091132938861847,0.7477567195892334,0.24987496435642242
YBR048W,YLR450W,0,2.1485388,0.230840265750885,0.7477567195892334,0.24997499585151672
YER120W,YGL251C,0,2.1484337,0.23076923191547394,0.7477567195892334,0.25007501244544983
YJL073W,YGR234W,0,2.1481454,0.23069824278354645,0.7477567195892334,0.2501750588417053
YLR287C-A,YKL116C,0,2.1479585,0.23062731325626373,0.7477567195892334,0.2502750754356384
YIL115C,YGR037C,0,2.1477737,0.2305564135313034,0.7477567195892334,0.2503751218318939
YJR094W-A,YNL218W,0,2.1474323,0.23048555850982666,0.7477567195892334,0.250475138425827
YCR092C,YGR135W,0,2.1464114,0.2304147481918335,0.7477567195892334,0.2505751848220825
YMR297W,YDR511W,0,2.1458492,0.2303439825773239,0.7477567195892334,0.2506752014160156
YPL148C,YKL028W,0,2.145404,0.2302732616662979,0.7477567195892334,0.25077521800994873
YML060W,YEL058W,0,2.1453443,0.2302025854587555,0.7477567195892334,0.2508752644062042
YKL100C,YGR063C,0,2.1453142,0.23013193905353546,0.7477567195892334,0.25097528100013733
YIL138C,YMR017W,0,2.144313,0.2300613522529602,0.7477567195892334,0.2510753273963928
YJL034W,YDL229W,1,2.1437364,0.23029746115207672,0.7487537264823914,0.2510753273963928
YER070W,YGR220C,0,2.142832,0.23022685945034027,0.7487537264823914,0.2511753439903259
YEL038W,YER174C,0,2.1425538,0.2301563024520874,0.7487537264823914,0.2512753903865814
YDR117C,YBL057C,0,2.142273,0.23008579015731812,0.7487537264823914,0.2513754069805145
YJL198W,YDL127W,0,2.142076,0.23001530766487122,0.7487537264823914,0.25147545337677
YLR074C,YGL227W,0,2.1416533,0.2299448847770691,0.7487537264823914,0.2515754699707031
YGL229C,YOR389W,0,2.141115,0.22987450659275055,0.7487537264823914,0.2516755163669586
YDR050C,YIL051C,0,2.1403513,0.2298041582107544,0.7487537264823914,0.2517755329608917
YNL077W,YEL050C,0,2.1395588,0.22973386943340302,0.7487537264823914,0.25187554955482483
YJR001W,YDR069C,0,2.1392512,0.22966361045837402,0.7487537264823914,0.2519755959510803
YBR159W,YBR035C,0,2.1384463,0.2295933961868286,0.7487537264823914,0.2520756125450134
YBR024W,YBL064C,0,2.1378932,0.22952322661876678,0.7487537264823914,0.2521756589412689
YPL026C,YDL184C,0,2.1377945,0.22945310175418854,0.7487537264823914,0.252275675535202
YGR054W,YDR115W,0,2.13735,0.22938302159309387,0.7487537264823914,0.2523757219314575
YDR481C,YHL019C,0,2.1371067,0.2293129712343216,0.7487537264823914,0.2524757385253906
YOR063W,YOR057W,0,2.136795,0.2292429804801941,0.7487537264823914,0.2525757849216461
YGL009C,YGL147C,0,2.1366143,0.22917301952838898,0.7487537264823914,0.2526758015155792
YKL154W,YHR129C,0,2.1358511,0.22910311818122864,0.7487537264823914,0.25277581810951233
YJR066W,YLR014C,0,2.1350002,0.22903324663639069,0.7487537264823914,0.2528758645057678
YOR096W,YGR116W,0,2.134793,0.22896341979503632,0.7487537264823914,0.2529758810997009
YNL280C,YJL106W,0,2.1336966,0.22889362275600433,0.7487537264823914,0.2530759274959564
YFR003C,YIL090W,0,2.1326137,0.22882388532161713,0.7487537264823914,0.2531759440898895
YKL212W,YHR186C,0,2.1321197,0.2287541925907135,0.7487537264823914,0.253275990486145
YJR121W,YPL074W,0,2.1320183,0.22868452966213226,0.7487537264823914,0.2533760070800781
YPR042C,YMR165C,0,2.1319041,0.2286149114370346,0.7487537264823914,0.2534760534763336
YPR063C,YLR414C,0,2.1318185,0.22854533791542053,0.7487537264823914,0.2535760700702667
YEL013W,YGR188C,0,2.1316838,0.22847580909729004,0.7487537264823914,0.2536761164665222
YDR342C,YJL062W,0,2.1312337,0.22840632498264313,0.7487537264823914,0.2537761330604553
YAR018C,YER153C,0,2.1309571,0.2283368855714798,0.7487537264823914,0.2538761496543884
YIL016W,YOR288C,1,2.1305113,0.22857142984867096,0.7497507333755493,0.2538761496543884
YBR267W,YOL139C,0,2.1299467,0.22850197553634644,0.7497507333755493,0.2539761960506439
YHR028C,YGR188C,0,2.1275067,0.2284325659275055,0.7497507333755493,0.254076212644577
YMR142C,YER120W,0,2.127458,0.22836320102214813,0.7497507333755493,0.2541762590408325
YHR153C,YPL143W,0,2.127184,0.22829386591911316,0.7497507333755493,0.2542762756347656
YPR186C,YDR251W,0,2.1269772,0.22822457551956177,0.7497507333755493,0.2543763220310211
YBL020W,YOL007C,0,2.1263375,0.22815534472465515,0.7497507333755493,0.2544763386249542
YNL086W,YBL057C,0,2.125814,0.22808614373207092,0.7497507333755493,0.2545763850212097
YER087C-A,YIL138C,0,2.125612,0.22801697254180908,0.7497507333755493,0.2546764016151428
YER025W,YDR320C,0,2.1252115,0.22794786095619202,0.7497507333755493,0.2547764182090759
YHR025W,YKR094C,0,2.1245167,0.22787879407405853,0.7497507333755493,0.2548764646053314
YOR037W,YLR327C,0,2.1236148,0.22780975699424744,0.7497507333755493,0.2549764811992645
YER153C,YDR483W,0,2.1233215,0.22774076461791992,0.7497507333755493,0.25507652759552
YNL306W,YHR136C,0,2.1233108,0.227671816945076,0.7497507333755493,0.2551765441894531
YGR231C,YHR176W,1,2.122046,0.22790557146072388,0.7507477402687073,0.2551765441894531
YNR008W,YER070W,0,2.1199336,0.22783660888671875,0.7507477402687073,0.2552765905857086
YIL016W,YHR057C,1,2.119445,0.22807016968727112,0.7517447471618652,0.2552765905857086
YLL009C,YPL017C,0,2.119432,0.228001207113266,0.7517447471618652,0.2553766071796417
YBR122C,YNL268W,0,2.1177788,0.22793228924274445,0.7517447471618652,0.2554766535758972
YPL106C,YAL058W,1,2.1174793,0.2281656116247177,0.7527417540550232,0.2554766535758972
YDR511W,YGR295C,0,2.1170497,0.22809667885303497,0.7527417540550232,0.2555766701698303
YIL051C,YMR256C,0,2.1160276,0.22802779078483582,0.7527417540550232,0.2556767165660858
YDR242W,YDR440W,0,2.1156802,0.22795893251895905,0.7527417540550232,0.2557767331600189
YFL004W,YGR076C,0,2.1156235,0.22789013385772705,0.7527417540550232,0.255876749753952
YNL293W,YDR177W,0,2.114896,0.22782136499881744,0.7527417540550232,0.2559767961502075
YML042W,YKL042W,0,2.1137495,0.22775264084339142,0.7527417540550232,0.2560768127441406
YOL092W,YDL095W,0,2.113709,0.22768396139144897,0.7527417540550232,0.2561768591403961
YIL145C,YLR237W,0,2.1125727,0.22761531174182892,0.7527417540550232,0.2562768757343292
YDR524C,YLR357W,0,2.112338,0.22754672169685364,0.7527417540550232,0.2563769221305847
YER048W-A,YDR486C,0,2.1121776,0.22747816145420074,0.7527417540550232,0.2564769387245178
YNR027W,YBL055C,0,2.1120696,0.22740964591503143,0.7527417540550232,0.2565769851207733
YDL006W,YDR376W,0,2.1116984,0.2273411601781845,0.7527417540550232,0.2566770017147064
YIL112W,YDL082W,0,2.111612,0.22727273404598236,0.7527417540550232,0.2567770183086395
YEL038W,YBR185C,0,2.1099708,0.2272043377161026,0.7527417540550232,0.256877064704895
YML085C,YDL030W,0,2.1095023,0.22713598608970642,0.7527417540550232,0.2569770812988281
YDL115C,YOR290C,0,2.1088014,0.22706766426563263,0.7527417540550232,0.2570771276950836
YCL061C,YIL136W,0,2.1087136,0.2269994020462036,0.7527417540550232,0.2571771442890167
YPL059W,YJR068W,0,2.1080222,0.22693116962909698,0.7527417540550232,0.2572771906852722
YFR008W,YDR507C,0,2.1078174,0.22686298191547394,0.7527417540550232,0.2573772072792053
YFR032C-A,YER027C,0,2.1070485,0.22679483890533447,0.7527417540550232,0.2574772536754608
YNL135C,YMR200W,1,2.1070347,0.227027028799057,0.7537387609481812,0.2574772536754608
YDR479C,YLR265C,0,2.1069083,0.22695887088775635,0.7537387609481812,0.2575772702693939
YKL183W,YJR058C,0,2.1068451,0.22689075767993927,0.7537387609481812,0.2576773166656494
YDL129W,YDR298C,0,2.1065695,0.22682268917560577,0.7537387609481812,0.2577773332595825
YJR064W,YPL064C,1,2.1057272,0.22705459594726562,0.7547357678413391,0.2577773332595825
YMR298W,YNL322C,0,2.1055558,0.22698651254177094,0.7547357678413391,0.2578773498535156
YOR155C,YOR143C,0,2.1051488,0.22691845893859863,0.7547357678413391,0.2579773962497711
YJR015W,YKR038C,0,2.1048682,0.2268504649400711,0.7547357678413391,0.2580774128437042
YDR056C,YGR218W,0,2.104312,0.22678250074386597,0.7547357678413391,0.2581774592399597
YPR028W,YGR062C,0,2.1022909,0.2267145812511444,0.7547357678413391,0.2582774758338928
YER061C,YGL227W,0,2.1017408,0.22664670646190643,0.7547357678413391,0.2583775222301483
YHL044W,YOR322C,0,2.1016808,0.22657886147499084,0.7547357678413391,0.2584775388240814
YJL090C,YBL023C,0,2.1005654,0.22651107609272003,0.7547357678413391,0.2585775852203369
YOR076C,YGR184C,0,2.0993028,0.2264433205127716,0.7547357678413391,0.25867760181427
YDR510W,YMR311C,0,2.099007,0.22637559473514557,0.7547357678413391,0.2587776184082031
YBR160W,YKL195W,0,2.0986521,0.2263079285621643,0.7547357678413391,0.2588776648044586
YEL003W,YDL212W,1,2.0981653,0.22653914988040924,0.7557327747344971,0.2588776648044586
YDR368W,YDR055W,0,2.096684,0.22647146880626678,0.7557327747344971,0.2589776813983917
YPL091W,YLR246W,0,2.0966048,0.22640381753444672,0.7557327747344971,0.2590777277946472
YEL054C,YIR006C,0,2.0953097,0.22633622586727142,0.7557327747344971,0.2591777443885803
YJL157C,YEL050C,0,2.095097,0.22626866400241852,0.7557327747344971,0.2592777907848358
YPR098C,YPL177C,0,2.094713,0.226201131939888,0.7557327747344971,0.2593778073787689
YIL124W,YER045C,0,2.094633,0.22613364458084106,0.7557327747344971,0.2594778537750244
YGR274C,YOR063W,0,2.0944512,0.2260662019252777,0.7557327747344971,0.2595778703689575
YKR009C,YNL151C,0,2.0931902,0.22599880397319794,0.7557327747344971,0.259677916765213
YJL014W,YPL241C,1,2.0929148,0.2262295037508011,0.756729781627655,0.259677916765213
YML085C,YDR510W,0,2.0918589,0.22616209089756012,0.756729781627655,0.2597779333591461
YER111C,YBR241C,0,2.0915852,0.22609472274780273,0.756729781627655,0.2598779499530792
YJL008C,YDL212W,1,2.0914452,0.22632519900798798,0.7577268481254578,0.2598779499530792
YGR234W,YDR436W,0,2.0898068,0.2262578159570694,0.7577268481254578,0.2599779963493347
YCR004C,YOR044W,0,2.0893126,0.2261904776096344,0.7577268481254578,0.2600780129432678
YGL232W,YMR071C,0,2.08919,0.22612318396568298,0.7577268481254578,0.2601780593395233
YNL136W,YCL050C,0,2.0891228,0.22605592012405396,0.7577268481254578,0.2602780759334564
YDR158W,YOL007C,0,2.0885634,0.2259887009859085,0.7577268481254578,0.2603781223297119
YDR018C,YMR051C,0,2.0878673,0.22592152655124664,0.7577268481254578,0.260478138923645
YFR032C-A,YML077W,0,2.0878062,0.22585438191890717,0.7577268481254578,0.2605781853199005
YCL055W,YGL009C,0,2.0877752,0.22578728199005127,0.7577268481254578,0.2606782019138336
YDL180W,YER089C,0,2.0877678,0.22572022676467896,0.7577268481254578,0.2607782483100891
YGR062C,YHR099W,0,2.0877397,0.22565320134162903,0.7577268481254578,0.2608782649040222
YBR041W,YLR186W,0,2.0875227,0.22558622062206268,0.7577268481254578,0.2609782814979553
YJL219W,YGR234W,0,2.0874422,0.22551928460597992,0.7577268481254578,0.2610783278942108
YLR188W,YJL101C,0,2.0868757,0.22545239329338074,0.7577268481254578,0.2611783444881439
YIL051C,YGR188C,0,2.0857677,0.22538553178310394,0.7577268481254578,0.2612783908843994
YML040W,YLR430W,0,2.085723,0.22531870007514954,0.7577268481254578,0.2613784074783325
YMR188C,YDR501W,0,2.0851645,0.2252519279718399,0.7577268481254578,0.261478453874588
YOR232W,YMR161W,1,2.0839286,0.22548148036003113,0.7587238550186157,0.261478453874588
YJR029W,YNR022C,0,2.083218,0.2254146933555603,0.7587238550186157,0.2615784704685211
YOL018C,YOR347C,0,2.0831003,0.22534793615341187,0.7587238550186157,0.2616785168647766
YOR069W,YLR032W,0,2.0829375,0.2252812385559082,0.7587238550186157,0.2617785334587097
YPL148C,YLL011W,0,2.082073,0.22521455585956573,0.7587238550186157,0.2618785500526428
YBR155W,YMR161W,1,2.0815535,0.2254437804222107,0.7597208619117737,0.2618785500526428
YBR264C,YBL023C,0,2.0812352,0.22537711262702942,0.7597208619117737,0.2619785964488983
YFR003C,YLR433C,0,2.0810266,0.22531045973300934,0.7597208619117737,0.2620786130428314
YBR055C,YKL021C,0,2.0799484,0.22524386644363403,0.7597208619117737,0.2621786594390869
YPR041W,YPR031W,0,2.0796623,0.22517730295658112,0.7597208619117737,0.26227867603302
YMR171C,YAL023C,0,2.0793502,0.22511078417301178,0.7597208619117737,0.2623787224292755
YHR215W,YIL138C,0,2.0787885,0.22504429519176483,0.7597208619117737,0.2624787390232086
YER174C,YGL141W,0,2.0787606,0.22497785091400146,0.7597208619117737,0.2625787854194641
YLR439W,YDR342C,0,2.078636,0.22491145133972168,0.7597208619117737,0.2626788020133972
YGR263C,YBL106C,0,2.0785162,0.22484508156776428,0.7597208619117737,0.2627788484096527
YML130C,YHR176W,1,2.0781944,0.22507373988628387,0.7607178688049316,0.2627788484096527
YDR481C,YBR001C,0,2.0781856,0.22500737011432648,0.7607178688049316,0.2628788650035858
YHR034C,YJL008C,1,2.0778546,0.22523584961891174,0.7617148756980896,0.2628788650035858
YIL034C,YIL145C,0,2.0776792,0.22516946494579315,0.7617148756980896,0.2629788815975189
YCL059C,YHR086W,0,2.0769856,0.22510312497615814,0.7617148756980896,0.2630789279937744
YJL143W,YGL095C,0,2.0767286,0.22503681480884552,0.7617148756980896,0.2631789445877075
YLL009C,YGR295C,0,2.0764506,0.22497054934501648,0.7617148756980896,0.263278990983963
YFR041C,YCR060W,1,2.0761666,0.22519870102405548,0.7627118825912476,0.263278990983963
YHR193C,YAL058W,1,2.0759752,0.22542671859264374,0.7637088894844055,0.263278990983963
YHL008C,YDR501W,0,2.075643,0.22536039352416992,0.7637088894844055,0.2633790075778961
YLR364W,YJR058C,0,2.075358,0.2252941131591797,0.7637088894844055,0.2634790539741516
YDR297W,YJL148W,0,2.0736353,0.22522787749767303,0.7637088894844055,0.2635790705680847
YLR433C,YJL148W,0,2.0731359,0.22516167163848877,0.7637088894844055,0.2636791169643402
YJR094W-A,YLR010C,0,2.0708396,0.22509551048278809,0.7637088894844055,0.2637791335582733
YLR370C,YOR270C,0,2.0664704,0.2250293791294098,0.7637088894844055,0.2638791501522064
YNL306W,YFR005C,0,2.0664616,0.22496329247951508,0.7637088894844055,0.2639791965484619
YDL080C,YDR086C,0,2.0661566,0.22489723563194275,0.7637088894844055,0.264079213142395
YEL058W,YBR122C,0,2.0657818,0.224831223487854,0.7637088894844055,0.2641792595386505
YMR184W,YGR279C,0,2.0648222,0.22476525604724884,0.7637088894844055,0.2642792761325836
YDL129W,YLR139C,0,2.0631928,0.22469931840896606,0.7637088894844055,0.2643793225288391
YDR424C,YDR479C,0,2.0624495,0.22463342547416687,0.7637088894844055,0.2644793391227722
YJL190C,YOR326W,0,2.0611184,0.22456757724285126,0.7637088894844055,0.2645793855190277
YDR478W,YMR051C,0,2.0606916,0.22450175881385803,0.7637088894844055,0.2646794021129608
YDL146W,YKL164C,0,2.0583062,0.2244359850883484,0.7637088894844055,0.2647794485092163
YPL037C,YNL064C,1,2.057942,0.2246631532907486,0.7647058963775635,0.2647794485092163
YIL084C,YLR186W,0,2.0577638,0.22459736466407776,0.7647058963775635,0.2648794651031494
YKR094C,YDR402C,0,2.0573626,0.2245316207408905,0.7647058963775635,0.2649794816970825
YLR074C,YDR288W,0,2.056971,0.22446590662002563,0.7647058963775635,0.265079528093338
YNL330C,YJR104C,0,2.0568182,0.22440023720264435,0.7647058963775635,0.2651795446872711
YDL060W,YDR326C,0,2.0568,0.22433459758758545,0.7647058963775635,0.2652795910835266
YDR086C,YOR075W,0,2.0567412,0.22426900267601013,0.7647058963775635,0.2653796076774597
YOL100W,YAL044C,0,2.0567,0.2242034524679184,0.7647058963775635,0.2654796540737152
YER099C,YPL031C,0,2.0559378,0.22413793206214905,0.7647058963775635,0.2655796706676483
YJR009C,YML009C,0,2.0558803,0.22407245635986328,0.7647058963775635,0.2656797170639038
YBR264C,YER120W,0,2.0555615,0.2240070104598999,0.7647058963775635,0.2657797336578369
YLR370C,YJL072C,0,2.0542285,0.2239416092634201,0.7647058963775635,0.26587975025177
YML015C,YMR022W,0,2.0526333,0.2238762378692627,0.7647058963775635,0.2659797966480255
YER148W,YGL253W,0,2.0516417,0.22381091117858887,0.7647058963775635,0.2660798132419586
YBR001C,YGR154C,0,2.050372,0.22374562919139862,0.7647058963775635,0.2661798596382141
YNL086W,YBR205W,0,2.0497744,0.22368037700653076,0.7647058963775635,0.2662798762321472
YGR062C,YCR037C,0,2.0489526,0.2236151546239853,0.7647058963775635,0.2663799226284027
YGL210W,YNL015W,0,2.0483236,0.2235499918460846,0.7647058963775635,0.2664799392223358
YGR008C,YKL179C,0,2.0480032,0.2234848439693451,0.7647058963775635,0.2665799856185913
YCR096C,YJL090C,0,2.0478024,0.22341975569725037,0.7647058963775635,0.2666800022125244
YNL280C,YOL019W,0,2.04526,0.22335468232631683,0.7647058963775635,0.2667800486087799
YHR101C,YBR214W,0,2.0447416,0.22328966856002808,0.7647058963775635,0.266880065202713
YLR448W,YDR093W,0,2.044615,0.2232246845960617,0.7647058963775635,0.2669800817966461
YPL195W,YER126C,0,2.0444722,0.22315973043441772,0.7647058963775635,0.2670801281929016
YDR486C,YGL123W,0,2.0441833,0.22309482097625732,0.7647058963775635,0.2671801447868347
YPR048W,YOR270C,0,2.0439854,0.2230299562215805,0.7647058963775635,0.2672801911830902
YDR219C,YDL007W,0,2.043771,0.22296512126922607,0.7647058963775635,0.2673802077770233
YPR102C,YNL188W,0,2.0434039,0.22290031611919403,0.7647058963775635,0.2674802541732788
YBR072W,YFR041C,1,2.0432236,0.22312608361244202,0.7657029032707214,0.2674802541732788
YOR047C,YDR074W,0,2.0431168,0.22306127846240997,0.7657029032707214,0.2675802707672119
YLR204W,YJR059W,0,2.0426443,0.2229965180158615,0.7657029032707214,0.2676803171634674
YNL301C,YLR154C,0,2.0425208,0.22293178737163544,0.7657029032707214,0.2677803337574005
YIL101C,YAL012W,0,2.0414288,0.22286708652973175,0.7657029032707214,0.2678803503513336
YMR130W,YNL135C,0,2.0411725,0.22280243039131165,0.7657029032707214,0.2679803967475891
YJL198W,YJR066W,0,2.0411232,0.22273781895637512,0.7657029032707214,0.2680804133415222
YKR014C,YLR459W,0,2.0409753,0.222673237323761,0.7657029032707214,0.2681804597377777
YHR153C,YIL111W,0,2.0408862,0.22260870039463043,0.7657029032707214,0.2682804763317108
YNL242W,YDR487C,0,2.040703,0.22254419326782227,0.7657029032707214,0.2683805227279663
YJL101C,YMR012W,0,2.0406108,0.2224797159433365,0.7657029032707214,0.2684805393218994
YIL051C,YOR244W,0,2.0402687,0.22241529822349548,0.7657029032707214,0.2685805857181549
YIL004C,YLR097C,0,2.0399818,0.22235089540481567,0.7657029032707214,0.268680602312088
YLR188W,YLR100W,0,2.039876,0.22228653728961945,0.7657029032707214,0.2687806487083435
YAL021C,YDR169C,0,2.0396976,0.2222222238779068,0.7657029032707214,0.2688806653022766
YLR192C,YDR390C,0,2.0382714,0.22215794026851654,0.7657029032707214,0.2689806818962097
YLL001W,YPL111W,0,2.0377202,0.22209370136260986,0.7657029032707214,0.2690807282924652
YML048W,YOR349W,1,2.0373769,0.2223185896873474,0.7666999101638794,0.2690807282924652
YLR414C,YNL135C,0,2.0372488,0.22225433588027954,0.7666999101638794,0.2691807448863983
YOL064C,YOL123W,0,2.0367403,0.22219011187553406,0.7666999101638794,0.2692807912826538
YER025W,YMR311C,0,2.0367112,0.22212593257427216,0.7666999101638794,0.2693808078765869
YIL074C,YIL051C,0,2.0358107,0.22206179797649384,0.7666999101638794,0.2694808542728424
YNR043W,YPR178W,0,2.0344858,0.2219976931810379,0.7666999101638794,0.2695808708667755
YGL223C,YKR097W,0,2.0344477,0.22193361818790436,0.7666999101638794,0.269680917263031
YJL143W,YBR122C,0,2.034382,0.2218695878982544,0.7666999101638794,0.2697809338569641
YLL009C,YPR016C,0,2.0336528,0.221805602312088,0.7666999101638794,0.2698809504508972
YDR388W,YBL069W,0,2.0320113,0.22174163162708282,0.7666999101638794,0.2699809968471527
YIL145C,YLL001W,0,2.0316718,0.2216777205467224,0.7666999101638794,0.2700810134410858
YDL204W,YGR101W,0,2.0310109,0.2216138392686844,0.7666999101638794,0.2701810598373413
YIL027C,YER184C,0,2.0307083,0.22154998779296875,0.7666999101638794,0.2702810764312744
YHL019C,YPR178W,0,2.0300682,0.2214861810207367,0.7666999101638794,0.2703811228275299
YML074C,YML094W,1,2.028933,0.22171033918857574,0.7676969170570374,0.2703811228275299
YHR089C,YPL258C,0,2.028543,0.2216465175151825,0.7676969170570374,0.270481139421463
YML129C,YBL103C,0,2.0283082,0.22158274054527283,0.7676969170570374,0.2705811858177185
YOR347C,YBR251W,0,2.027491,0.22151899337768555,0.7676969170570374,0.2706812024116516
YHR116W,YLR099C,0,2.0271652,0.22145527601242065,0.7676969170570374,0.2707812488079071
YER053C,YER089C,0,2.027082,0.22139160335063934,0.7676969170570374,0.2708812654018402
YHR067W,YGL009C,0,2.0259314,0.22132796049118042,0.7676969170570374,0.2709812819957733
YLR188W,YKR050W,0,2.0258064,0.22126436233520508,0.7676969170570374,0.2710813283920288
YPR048W,YDR054C,0,2.02558,0.22120080888271332,0.7676969170570374,0.2711813449859619
YER068W,YML063W,0,2.0254617,0.22113727033138275,0.7676969170570374,0.2712813913822174
YGL178W,YKR050W,0,2.0251937,0.22107379138469696,0.7676969170570374,0.2713814079761505
YDL130W-A,YLR430W,0,2.0240316,0.22101032733917236,0.7676969170570374,0.271481454372406
YML015C,YIL145C,0,2.0234954,0.22094690799713135,0.7676969170570374,0.2715814709663391
YEL003W,YFL023W,1,2.023148,0.22117039561271667,0.7686939239501953,0.2715814709663391
YCR020C,YHR052W,0,2.0220666,0.22110696136951447,0.7686939239501953,0.2716815173625946
YPL258C,YPL220W,0,2.0218859,0.22104357182979584,0.7686939239501953,0.2717815339565277
YBR033W,YMR314W,0,2.020791,0.2209802269935608,0.7686939239501953,0.2718815505504608
YOR175C,YPL089C,0,2.0207021,0.22091691195964813,0.7686939239501953,0.2719815969467163
YAL023C,YLR154C,0,2.0198922,0.22085362672805786,0.7686939239501953,0.2720816135406494
YHL019C,YNL227C,0,2.019575,0.22079037129878998,0.7686939239501953,0.2721816599369049
YBR158W,YOR391C,0,2.0193772,0.22072717547416687,0.7686939239501953,0.272281676530838
YDR231C,YDR421W,0,2.0185483,0.22066399455070496,0.7686939239501953,0.2723817229270935
YER095W,YOR211C,0,2.0173242,0.22060085833072662,0.7686939239501953,0.2724817395210266
YEL002C,YHR099W,0,2.0167747,0.22053775191307068,0.7686939239501953,0.2725817859172821
YGL106W,YOR080W,0,2.015456,0.22047469019889832,0.7686939239501953,0.2726818025112152
YDL130W-A,YML088W,0,2.0149543,0.22041165828704834,0.7686939239501953,0.2727818489074707
YDL166C,YKL017C,0,2.0138268,0.22034867107868195,0.7686939239501953,0.2728818655014038
YML085C,YPR102C,0,2.0137763,0.22028571367263794,0.7686939239501953,0.2729818820953369
YDR479C,YIL171W,0,2.0133748,0.22022278606891632,0.7686939239501953,0.2730819284915924
YER120W,YIL138C,0,2.0133674,0.22015990316867828,0.7686939239501953,0.2731819450855255
YHR027C,YCR075C,0,2.0124454,0.22009706497192383,0.7686939239501953,0.273281991481781
YLR414C,YJL052W,0,2.012219,0.22003424167633057,0.7686939239501953,0.2733820080757141
YBL055C,YNL135C,0,2.0120738,0.2199714630842209,0.7686939239501953,0.2734820544719696
YKL028W,YHR011W,0,2.0119364,0.2199087291955948,0.7686939239501953,0.2735820710659027
YDR096W,YGR189C,0,2.0115473,0.21984602510929108,0.7686939239501953,0.2736821174621582
YNL001W,YJR025C,0,2.0110264,0.21978335082530975,0.7686939239501953,0.2737821340560913
YLR074C,YEL058W,0,2.0106273,0.219720721244812,0.7686939239501953,0.2738821506500244
YLR414C,YLR430W,0,2.0103743,0.21965812146663666,0.7686939239501953,0.2739821970462799
YMR201C,YKR104W,0,2.010335,0.2195955514907837,0.7686939239501953,0.274082213640213
YJL165C,YJR001W,0,2.01032,0.2195330262184143,0.7686939239501953,0.2741822600364685
YOR386W,YKL042W,0,2.0088878,0.2194705307483673,0.7686939239501953,0.2742822766304016
YMR223W,YGL031C,0,2.0086274,0.2194080799818039,0.7686939239501953,0.2743823230266571
YDR270W,YLR120C,0,2.0085437,0.21934565901756287,0.7686939239501953,0.2744823396205902
YDR128W,YMR311C,0,2.008286,0.21928328275680542,0.7686939239501953,0.2745823860168457
YDR518W,YJR017C,1,2.0070472,0.21950526535511017,0.7696909308433533,0.2745823860168457
YMR166C,YAL025C,0,2.00626,0.21944285929203033,0.7696909308433533,0.2746824026107788
YDR440W,YCR094W,0,2.0045574,0.21938051283359528,0.7696909308433533,0.2747824490070343
YKR048C,YDR402C,0,2.004147,0.2193181812763214,0.7696909308433533,0.2748824656009674
YDR248C,YMR012W,0,2.004025,0.21925589442253113,0.7696909308433533,0.2749824821949005
YLR286C,YCR028C,0,2.0028226,0.21919363737106323,0.7696909308433533,0.275082528591156
YOL007C,YFR007W,0,2.0022545,0.21913142502307892,0.7696909308433533,0.2751825451850891
YDR518W,YNL148C,1,2.0018575,0.21935300529003143,0.7706879377365112,0.2751825451850891
YGL161C,YDR134C,0,2.0018337,0.21929077804088593,0.7706879377365112,0.2752825915813446
YOR265W,YBR273C,0,2.0012593,0.2192285805940628,0.7706879377365112,0.2753826081752777
YCR009C,YJL133W,0,2.000913,0.21916642785072327,0.7706879377365112,0.2754826545715332
YOR076C,YHR184W,0,2.000584,0.21910430490970612,0.7706879377365112,0.2755826711654663
YAL010C,YJL164C,0,2.0001454,0.21904222667217255,0.7706879377365112,0.2756827175617218
YNL306W,YDR118W,0,1.999194,0.21898016333580017,0.7706879377365112,0.2757827341556549
YMR016C,YPL231W,0,1.9986136,0.21891815960407257,0.7706879377365112,0.275882750749588
YAL021C,YMR224C,0,1.9982328,0.21885617077350616,0.7706879377365112,0.2759827971458435
YBR024W,YKL212W,0,1.9981291,0.21879422664642334,0.7706879377365112,0.2760828137397766
YGL018C,YMR161W,1,1.9969966,0.21901528537273407,0.7716849446296692,0.2760828137397766
YHR013C,YDR044W,0,1.9964976,0.21895332634449005,0.7716849446296692,0.2761828601360321
YER083C,YDL043C,0,1.9950387,0.21889139711856842,0.7716849446296692,0.2762828767299652
YOR096W,YOR116C,0,1.994874,0.21882951259613037,0.7716849446296692,0.2763829231262207
YDR481C,YPL068C,0,1.994698,0.2187676727771759,0.7716849446296692,0.2764829397201538
YNL061W,YER112W,0,1.9944043,0.21870584785938263,0.7716849446296692,0.2765829861164093
YIL027C,YBR033W,0,1.994244,0.21864406764507294,0.7716849446296692,0.2766830027103424
YGR076C,YNL135C,0,1.9942389,0.21858231723308563,0.7716849446296692,0.2767830491065979
YML125C,YML081C-A,0,1.9940314,0.2185206115245819,0.7716849446296692,0.276883065700531
YGR132C,YOR265W,1,1.9936014,0.21874117851257324,0.7726819515228271,0.276883065700531
YLL009C,YOR270C,0,1.9935918,0.21867945790290833,0.7726819515228271,0.2769830822944641
YOR224C,YMR071C,0,1.9930172,0.2186177670955658,0.7726819515228271,0.2770831286907196
YKL004W,YDR520C,0,1.9924769,0.21855612099170685,0.7726819515228271,0.2771831452846527
YOR069W,YNL096C,0,1.9921356,0.2184945046901703,0.7726819515228271,0.2772831916809082
YDR121W,YPL177C,0,1.9917877,0.21843291819095612,0.7726819515228271,0.2773832082748413
YPR063C,YDR520C,0,1.9914323,0.21837137639522552,0.7726819515228271,0.2774832546710968
YBR286W,YNL136W,0,1.9912423,0.21830986440181732,0.7726819515228271,0.2775832712650299
YDR448W,YDR298C,0,1.9899191,0.2182483822107315,0.7726819515228271,0.2776833176612854
YKL218C,YNL061W,0,1.9895693,0.21818692982196808,0.7726819515228271,0.2777833342552185
YML074C,YJL162C,1,1.9894018,0.21840697526931763,0.7736789584159851,0.2777833342552185
YIR002C,YJL008C,0,1.9890766,0.2183455228805542,0.7736789584159851,0.2778833508491516
YDR533C,YKR014C,0,1.9886808,0.21828410029411316,0.7736789584159851,0.2779833972454071
YDR440W,YMR045C,0,1.9875367,0.2182227224111557,0.7736789584159851,0.2780834138393402
YGL009C,YJR060W,0,1.9869193,0.21816137433052063,0.7736789584159851,0.2781834602355957
YML040W,YAL012W,0,1.9860891,0.21810005605220795,0.7736789584159851,0.2782834768295288
YER045C,YNL189W,0,1.9829972,0.21803876757621765,0.7736789584159851,0.2783835232257843
YDR326C,YER173W,0,1.9826399,0.21797752380371094,0.7736789584159851,0.2784835398197174
YFR041C,YAL005C,1,1.9814774,0.21819713711738586,0.7746759653091431,0.2784835398197174
YFR032C-A,YDL143W,0,1.9814706,0.21813587844371796,0.7746759653091431,0.2785835862159729
YBR213W,YOR332W,0,1.9803443,0.21807464957237244,0.7746759653091431,0.278683602809906
YBL057C,YCR092C,0,1.9790648,0.2180134654045105,0.7746759653091431,0.2787836492061615
YCR075C,YER112W,0,1.9788567,0.21795231103897095,0.7746759653091431,0.2788836658000946
YLL062C,YDL112W,0,1.9787531,0.21789120137691498,0.7746759653091431,0.2789836823940277
YOR061W,YPL095C,0,1.9786726,0.2178301066160202,0.7746759653091431,0.2790837287902832
YOL064C,YGL040C,0,1.9786389,0.217769056558609,0.7746759653091431,0.2791837453842163
YGR009C,YNL308C,0,1.9772744,0.2177080363035202,0.7746759653091431,0.2792837917804718
YDR418W,YIR006C,0,1.9764308,0.21764706075191498,0.7746759653091431,0.2793838083744049
YJL219W,YNR050C,0,1.9761926,0.21758611500263214,0.7746759653091431,0.2794838547706604
YDR479C,YNR043W,0,1.9760774,0.2175251990556717,0.7746759653091431,0.2795838713645935
YDL130W,YHR099W,0,1.975255,0.21746431291103363,0.7746759653091431,0.279683917760849
YIL072W,YDL144C,0,1.9746134,0.21740347146987915,0.7746759653091431,0.2797839343547821
YEL054C,YPL051W,0,1.9745065,0.21734265983104706,0.7746759653091431,0.2798839509487152
YDR117C,YDR320C,0,1.9739678,0.21728187799453735,0.7746759653091431,0.2799839973449707
YNL001W,YOR228C,0,1.9737815,0.21722114086151123,0.7746759653091431,0.2800840139389038
YER164W,YGL031C,0,1.9735625,0.2171604186296463,0.7746759653091431,0.2801840603351593
YFR041C,YBL057C,0,1.9733657,0.21709974110126495,0.7746759653091431,0.2802840769290924
YIL004C,YNL217W,0,1.9728625,0.2170391082763672,0.7746759653091431,0.2803841233253479
YKR030W,YFL037W,0,1.9725318,0.21697849035263062,0.7746759653091431,0.280484139919281
YGR132C,YBL075C,1,1.9725182,0.21719709038734436,0.775672972202301,0.280484139919281
YPL059W,YGR071C,0,1.9717757,0.2171364724636078,0.775672972202301,0.2805841863155365
YJR064W,YJR032W,1,1.970645,0.2173549085855484,0.776669979095459,0.2805841863155365
YPR048W,YCR047C,0,1.9706225,0.21729427576065063,0.776669979095459,0.2806842029094696
YDL137W,YOR046C,0,1.9698253,0.21723368763923645,0.776669979095459,0.2807842493057251
YDR495C,YBL023C,0,1.9691293,0.21717312932014465,0.776669979095459,0.2808842658996582
YNL212W,YER089C,0,1.9689305,0.21711260080337524,0.776669979095459,0.2809842824935913
YDR248C,YGR189C,0,1.968729,0.21705210208892822,0.776669979095459,0.2810843288898468
YIR036C,YLR419W,0,1.9685872,0.21699164807796478,0.776669979095459,0.2811843454837799
YBL039C,YNL012W,0,1.9678899,0.21693122386932373,0.776669979095459,0.2812843918800354
YDR239C,YKL017C,0,1.9675999,0.21687082946300507,0.776669979095459,0.2813844084739685
YML040W,YGR241C,0,1.9670339,0.2168104648590088,0.776669979095459,0.281484454870224
YKR048C,YOR346W,0,1.9666493,0.2167501449584961,0.776669979095459,0.2815844714641571
YDR341C,YPR047W,0,1.9660516,0.2166898399591446,0.776669979095459,0.2816845178604126
YDR046C,YER140W,0,1.9651132,0.21662959456443787,0.776669979095459,0.2817845344543457
YIL155C,YER030W,0,1.9643649,0.21656936407089233,0.776669979095459,0.2818845510482788
YNR045W,YOR120W,0,1.9636301,0.21650917828083038,0.776669979095459,0.2819845974445343
YMR043W,YDR313C,0,1.9630136,0.21644900739192963,0.776669979095459,0.2820846140384674
YNL006W,YEL003W,1,1.9622345,0.21666666865348816,0.7776669859886169,0.2820846140384674
YPL231W,YJL108C,0,1.9612838,0.2166064977645874,0.7776669859886169,0.2821846604347229
YAL008W,YJL121C,0,1.961093,0.21654635667800903,0.7776669859886169,0.282284677028656
YHR021C,YNL206C,0,1.960608,0.21648626029491425,0.7776669859886169,0.2823847234249115
YER133W,YNL077W,0,1.9599453,0.21642619371414185,0.7776669859886169,0.2824847400188446
YMR224C,YDR447C,0,1.9598205,0.21636615693569183,0.7776669859886169,0.2825847864151001
YAR019C,YNL077W,0,1.9590358,0.2163061499595642,0.7776669859886169,0.2826848030090332
YOR232W,YPL064C,1,1.957876,0.2165234237909317,0.7786639928817749,0.2826848030090332
YNR050C,YBR160W,0,1.9569733,0.21646341681480408,0.7786639928817749,0.2827848494052887
YKR050W,YCL050C,0,1.9565275,0.21640343964099884,0.7786639928817749,0.2828848659992218
YDR478W,YLR357W,0,1.9560533,0.216343492269516,0.7786639928817749,0.2829848825931549
YHR013C,YOR150W,0,1.9544013,0.21628357470035553,0.7786639928817749,0.2830849289894104
YGR101W,YDL099W,0,1.9533958,0.21622370183467865,0.7786639928817749,0.2831849455833435
YDR139C,YOR150W,0,1.9530506,0.21616385877132416,0.7786639928817749,0.283284991979599
YNR043W,YLR446W,0,1.9526031,0.21610404551029205,0.7786639928817749,0.2833850085735321
YOR124C,YNL185C,0,1.9525043,0.21604426205158234,0.7786639928817749,0.2834850549697876
YMR257C,YGL009C,0,1.9515402,0.215984508395195,0.7786639928817749,0.2835850715637207
YKR094C,YNL248C,0,1.9507713,0.21592479944229126,0.7786639928817749,0.2836851179599762
YLR127C,YGL059W,0,1.9507332,0.2158651202917099,0.7786639928817749,0.2837851345539093
YPL060W,YBL055C,0,1.9502035,0.21580547094345093,0.7786639928817749,0.2838851511478424
YDR440W,YNL310C,0,1.9489231,0.21574585139751434,0.7786639928817749,0.2839851975440979
YOL071W,YLR079W,0,1.9485898,0.21568627655506134,0.7786639928817749,0.284085214138031
YIL109C,YLR371W,0,1.9477979,0.21562673151493073,0.7786639928817749,0.2841852605342865
YDL130W,YPL048W,0,1.9473269,0.2155672162771225,0.7786639928817749,0.2842852771282196
YKL154W,YDR120C,0,1.9467344,0.21550773084163666,0.7786639928817749,0.2843853235244751
YOL031C,YER111C,0,1.9448637,0.2154482752084732,0.7786639928817749,0.2844853401184082
YJR017C,YLR259C,1,1.9440452,0.21566464006900787,0.7796609997749329,0.2844853401184082
YER027C,YJR010C-A,0,1.9419955,0.21560518443584442,0.7796609997749329,0.2845853865146637
YHR027C,YOR039W,0,1.9419892,0.21554575860500336,0.7796609997749329,0.2846854031085968
YNL242W,YOR242C,0,1.9408627,0.21548636257648468,0.7796609997749329,0.2847854495048523
YGL018C,YLR200W,1,1.9407904,0.21570247411727905,0.7806580066680908,0.2847854495048523
YER099C,YDL184C,0,1.9400886,0.21564307808876038,0.7806580066680908,0.2848854660987854
YPL271W,YPL028W,0,1.938783,0.2155836969614029,0.7806580066680908,0.2849854826927185
YJR075W,YMR224C,0,1.9375939,0.215524360537529,0.7806580066680908,0.285085529088974
YLR364W,YDR158W,0,1.9366168,0.21546505391597748,0.7806580066680908,0.2851855456829071
YML034W,YDR055W,0,1.9341297,0.21540577709674835,0.7806580066680908,0.2852855920791626
YDR032C,YLR120C,0,1.9332457,0.2153465300798416,0.7806580066680908,0.2853856086730957
YLL062C,YEL002C,0,1.9327867,0.21528732776641846,0.7806580066680908,0.2854856550693512
YIL016W,YJL111W,1,1.9318622,0.2155030220746994,0.7816550135612488,0.2854856550693512
YDL120W,YPL160W,0,1.9312828,0.21544380486011505,0.7816550135612488,0.2855856716632843
YDR418W,YPL048W,0,1.9312158,0.2153846174478531,0.7816550135612488,0.2856857180595398
YDL143W,YJL111W,1,1.9303713,0.21560010313987732,0.7826520204544067,0.2856857180595398
YML116W,YGR188C,0,1.9294889,0.21554091572761536,0.7826520204544067,0.2857857346534729
YDR270W,YPL092W,0,1.9294724,0.2154817432165146,0.7826520204544067,0.285885751247406
YLR343W,YFL044C,0,1.9278336,0.2154226154088974,0.7826520204544067,0.2859857976436615
YGR191W,YOR127W,0,1.9249902,0.2153635174036026,0.7826520204544067,0.2860858142375946
YDR212W,YML048W,1,1.9247513,0.21557871997356415,0.7836490273475647,0.2860858142375946
YCL059C,YNL289W,0,1.9246196,0.21551960706710815,0.7836490273475647,0.2861858606338501
YMR257C,YER044C,0,1.9240634,0.21546052396297455,0.7836490273475647,0.2862858772277832
YDR003W,YGL227W,0,1.9238701,0.21540148556232452,0.7836490273475647,0.2863859236240387
YFL004W,YGR075C,0,1.9238217,0.2153424620628357,0.7836490273475647,0.2864859402179718
YGR159C,YGR001C,0,1.9230462,0.21528348326683044,0.7836490273475647,0.2865859866142273
YNL135C,YBR169C,1,1.9213253,0.21549835801124573,0.7846460342407227,0.2865859866142273
YJL162C,YJR017C,1,1.9203508,0.21571311354637146,0.7856430411338806,0.2865859866142273
YPR118W,YDR177W,0,1.9200897,0.21565407514572144,0.7856430411338806,0.2866860032081604
YHR081W,YDR298C,0,1.9196105,0.215595081448555,0.7856430411338806,0.2867860496044159
YKL117W,YDR519W,1,1.9180045,0.215809628367424,0.7866401076316833,0.2867860496044159
YPR166C,YNL227C,0,1.9178088,0.21575061976909637,0.7866401076316833,0.286886066198349
YJL052W,YNL091W,0,1.9176087,0.21569164097309113,0.7866401076316833,0.2869860827922821
YMR201C,YGR002C,0,1.9161837,0.21563269197940826,0.7866401076316833,0.2870861291885376
YEL065W,YGR184C,0,1.9157608,0.2155737727880478,0.7866401076316833,0.2871861457824707
YGL191W,YCL057C-A,0,1.9156768,0.2155148833990097,0.7866401076316833,0.2872861921787262
YDR379W,YMR184W,0,1.9151602,0.2154560387134552,0.7866401076316833,0.2873862087726593
YBR296C,YNL162W,0,1.9144884,0.2153972089290619,0.7866401076316833,0.2874862551689148
YOL003C,YBR082C,0,1.9137368,0.21533842384815216,0.7866401076316833,0.2875862717628479
YIL034C,YOR269W,0,1.9131222,0.21527966856956482,0.7866401076316833,0.2876863181591034
YPL195W,YOR322C,0,1.9128993,0.21522094309329987,0.7866401076316833,0.2877863347530365
YJR015W,YPL206C,0,1.9123876,0.2151622623205185,0.7866401076316833,0.2878863513469696
YKL089W,YKL042W,0,1.9118545,0.21510359644889832,0.7866401076316833,0.2879863977432251
YIL160C,YLR318W,0,1.9116516,0.21504497528076172,0.7866401076316833,0.2880864143371582
YMR056C,YLL038C,0,1.9108998,0.21498636901378632,0.7866401076316833,0.2881864607334137
YKR030W,YPR031W,0,1.909872,0.2149278074502945,0.7866401076316833,0.2882864773273468
YDR479C,YDR376W,0,1.9098101,0.21486927568912506,0.7866401076316833,0.2883865237236023
YEL013W,YDR368W,0,1.909708,0.2148107886314392,0.7866401076316833,0.2884865403175354
YGR123C,YGR158C,0,1.9095929,0.21475231647491455,0.7866401076316833,0.2885865867137909
YLR364W,YBR058C,0,1.9090136,0.21469387412071228,0.7866401076316833,0.288686603307724
YOR175C,YPL017C,0,1.9089521,0.2146354764699936,0.7866401076316833,0.2887866497039795
YNL148C,YDL212W,1,1.9083817,0.214849054813385,0.7876371145248413,0.2887866497039795
YOR124C,YML043C,0,1.9075406,0.21479064226150513,0.7876371145248413,0.2888866662979126
YLR364W,YPL101W,0,1.9074277,0.21473225951194763,0.7876371145248413,0.2889866828918457
YIL084C,YDL060W,0,1.9073113,0.21467390656471252,0.7876371145248413,0.2890867292881012
YNL308C,YDL056W,0,1.9042535,0.214615598320961,0.7876371145248413,0.2891867458820343
YKL140W,YNR022C,0,1.9034603,0.21455730497837067,0.7876371145248413,0.2892867922782898
YML094W,YAR007C,0,1.9033624,0.21449905633926392,0.7876371145248413,0.2893868088722229
YJR094W-A,YOL018C,0,1.9017174,0.21444082260131836,0.7876371145248413,0.2894868552684784
YJR075W,YDR529C,0,1.9014256,0.21438263356685638,0.7876371145248413,0.2895868718624115
YGL040C,YLR433C,0,1.9002783,0.2143244743347168,0.7876371145248413,0.289686918258667
YDR086C,YHL004W,0,1.8997442,0.2142663449048996,0.7876371145248413,0.2897869348526001
YNR040W,YPL154C,0,1.8996632,0.21420824527740479,0.7876371145248413,0.2898869514465332
YJR059W,YGR189C,0,1.8988101,0.21415017545223236,0.7876371145248413,0.2899869978427887
YPL028W,YDR158W,0,1.897248,0.21409213542938232,0.7876371145248413,0.2900870144367218
YFL044C,YLR430W,0,1.8966419,0.21403414011001587,0.7876371145248413,0.2901870608329773
YNL207W,YBR297W,0,1.8964074,0.2139761596918106,0.7876371145248413,0.2902870774269104
YIL171W,YPL172C,0,1.8953226,0.21391822397708893,0.7876371145248413,0.2903871238231659
YDR003W,YGR194C,0,1.8951885,0.21386031806468964,0.7876371145248413,0.290487140417099
YDL033C,YKL021C,0,1.8946221,0.21380244195461273,0.7876371145248413,0.2905871868133545
YNL046W,YPL214C,0,1.8943896,0.21374459564685822,0.7876371145248413,0.2906872034072876
YKL034W,YIL155C,0,1.8942273,0.2136867791414261,0.7876371145248413,0.2907872498035431
YHR215W,YPL159C,0,1.8939451,0.21362899243831635,0.7876371145248413,0.2908872663974762
YMR098C,YML048W,0,1.8928053,0.213571235537529,0.7876371145248413,0.2909872829914093
YKL156W,YNL217W,0,1.8927274,0.21351350843906403,0.7876371145248413,0.2910873293876648
YBR176W,YJR155W,0,1.8922634,0.21345582604408264,0.7876371145248413,0.2911873459815979
YGL021W,YDR418W,0,1.8913407,0.21339815855026245,0.7876371145248413,0.2912873923778534
YKL140W,YLR327C,0,1.8902742,0.21334053575992584,0.7876371145248413,0.2913874089717865
YML078W,YNL148C,1,1.8897166,0.21355292201042175,0.7886341214179993,0.2913874089717865
YJR015W,YGL090W,0,1.8896767,0.21349526941776276,0.7886341214179993,0.291487455368042
YDR283C,YER045C,0,1.8894863,0.21343766152858734,0.7886341214179993,0.2915874719619751
YDL129W,YPR096C,0,1.8886335,0.2133800983428955,0.7886341214179993,0.2916875183582306
YLR266C,YMR188C,0,1.8871171,0.21332255005836487,0.7886341214179993,0.2917875349521637
YML043C,YJL189W,0,1.887049,0.21326503157615662,0.7886341214179993,0.2918875515460968
YLR212C,YOR131C,0,1.8860469,0.21320754289627075,0.7886341214179993,0.2919875979423523
YBR291C,YDR054C,0,1.8856816,0.21315009891986847,0.7886341214179993,0.2920876145362854
YGR159C,YER044C,0,1.8852232,0.21309266984462738,0.7886341214179993,0.2921876609325409
YDR418W,YER007W,0,1.8846126,0.21303528547286987,0.7886341214179993,0.292287677526474
YKL088W,YDL143W,0,1.8842808,0.21297791600227356,0.7886341214179993,0.2923877239227295
YLR419W,YIR023W,0,1.8828368,0.21292059123516083,0.7886341214179993,0.2924877405166626
YKL143W,YGR218W,0,1.8825336,0.21286329627037048,0.7886341214179993,0.2925877869129181
YMR307W,YPR168W,0,1.881164,0.21280603110790253,0.7886341214179993,0.2926878035068512
YBL064C,YGL157W,0,1.8805528,0.21274879574775696,0.7886341214179993,0.2927878499031067
YLR126C,YOL139C,0,1.8796971,0.21269159018993378,0.7886341214179993,0.2928878664970398
YJL065C,YOR150W,0,1.8795042,0.21263441443443298,0.7886341214179993,0.2929878830909729
YPR036W,YNL115C,0,1.879308,0.21257726848125458,0.7886341214179993,0.2930879294872284
YPL019C,YNL101W,0,1.8790963,0.21252015233039856,0.7886341214179993,0.2931879460811615
YDR065W,YOR322C,0,1.8788462,0.21246306598186493,0.7886341214179993,0.293287992477417
YDL085W,YOR306C,0,1.878619,0.2124060094356537,0.7886341214179993,0.2933880090713501
YNL001W,YEL054C,0,1.8783109,0.21234899759292603,0.7886341214179993,0.2934880554676056
YDR533C,YHR099W,0,1.8779037,0.21229200065135956,0.7886341214179993,0.2935880720615387
YDR071C,YNL112W,0,1.8779005,0.21223504841327667,0.7886341214179993,0.2936881184577942
YMR314W,YJL008C,0,1.8761836,0.21217811107635498,0.7886341214179993,0.2937881350517273
YBR092C,YBL030C,0,1.8761077,0.21212121844291687,0.7886341214179993,0.2938881516456604
YDR253C,YDL101C,0,1.8758656,0.21206434071063995,0.7886341214179993,0.2939881980419159
YPL089C,YOR337W,0,1.8758,0.21200750768184662,0.7886341214179993,0.294088214635849
YHR089C,YML125C,0,1.875306,0.21195068955421448,0.7886341214179993,0.2941882610321045
YJR016C,YGR218W,0,1.8750198,0.21189391613006592,0.7886341214179993,0.2942882776260376
YJL072C,YBR175W,0,1.874948,0.21183717250823975,0.7886341214179993,0.2943883240222931
YBL039C,YLR154C,0,1.8749185,0.21178045868873596,0.7886341214179993,0.2944883406162262
YGL210W,YML009C,0,1.874827,0.21172377467155457,0.7886341214179993,0.2945883870124817
YEL064C,YGR006W,0,1.8744864,0.21166710555553436,0.7886341214179993,0.2946884036064148
YHR027C,YOR046C,0,1.8744757,0.21161048114299774,0.7886341214179993,0.2947884500026703
YER120W,YGL141W,0,1.8741772,0.2115538865327835,0.7886341214179993,0.2948884665966034
YDR299W,YIL138C,0,1.8738859,0.21149732172489166,0.7886341214179993,0.2949884831905365
YBR082C,YGR241C,0,1.8733476,0.2114407867193222,0.7886341214179993,0.295088529586792
YGR026W,YDR238C,0,1.8724365,0.21138428151607513,0.7886341214179993,0.2951885461807251
YBR267W,YFL039C,0,1.872335,0.21132780611515045,0.7886341214179993,0.2952885925769806
YER147C,YJR143C,0,1.8723125,0.21127136051654816,0.7886341214179993,0.2953886091709137
YDL060W,YDR486C,0,1.8713379,0.21121495962142944,0.7886341214179993,0.2954886555671692
YPR063C,YML015C,0,1.8710053,0.21115857362747192,0.7886341214179993,0.2955886721611023
YHR017W,YDR368W,0,1.8708475,0.2111022174358368,0.7886341214179993,0.2956887185573578
YNL209W,YAL053W,1,1.8695064,0.2113126963376999,0.7896311283111572,0.2956887185573578
YMR264W,YJR135W-A,0,1.8689293,0.21125634014606476,0.7896311283111572,0.2957887351512909
YBR214W,YHR036W,0,1.8683386,0.21119999885559082,0.7896311283111572,0.295888751745224
YML018C,YAR010C,0,1.8674577,0.21114370226860046,0.7896311283111572,0.2959887981414795
YHL047C,YDR387C,0,1.8672843,0.2110874205827713,0.7896311283111572,0.2960888147354126
YDL075W,YDR402C,0,1.8671724,0.21103116869926453,0.7896311283111572,0.2961888611316681
YER061C,YJR126C,0,1.8668616,0.21097496151924133,0.7896311283111572,0.2962888777256012
YLR414C,YDR420W,0,1.8668554,0.21091876924037933,0.7896311283111572,0.2963889241218567
YGR295C,YMR004W,0,1.8661873,0.21086262166500092,0.7896311283111572,0.2964889407157898
YDR379W,YBR185C,0,1.8653916,0.2108064889907837,0.7896311283111572,0.2965889871120453
YGL136C,YGR184C,0,1.865384,0.21075040102005005,0.7896311283111572,0.2966890037059784
YOR224C,YML070W,0,1.8651754,0.2106943279504776,0.7896311283111572,0.2967890501022339
YLR204W,YOR337W,0,1.8649982,0.21063829958438873,0.7896311283111572,0.296889066696167
YPL144W,YOL140W,0,1.8641028,0.21058228611946106,0.7896311283111572,0.2969890832901001
YMR130W,YGR135W,0,1.863285,0.21052631735801697,0.7896311283111572,0.2970891296863556
YDR052C,YHR023W,0,1.863155,0.21047036349773407,0.7896311283111572,0.2971891462802887
YHL040C,YBL030C,0,1.863007,0.21041445434093475,0.7896311283111572,0.2972891926765442
YGR286C,YOR080W,0,1.8629744,0.21035856008529663,0.7896311283111572,0.2973892092704773
YGL222C,YNL146W,0,1.8629317,0.2103027105331421,0.7896311283111572,0.2974892556667328
YLR188W,YMR056C,0,1.8624365,0.21024687588214874,0.7896311283111572,0.2975892722606659
YMR235C,YER007W,0,1.8624232,0.21019108593463898,0.7896311283111572,0.2976893186569214
YPL106C,YGL222C,0,1.8618088,0.2101353108882904,0.7896311283111572,0.2977893352508545
YHR184W,YGL031C,0,1.8614347,0.21007958054542542,0.7896311283111572,0.29788938164711
YJL179W,YFR041C,1,1.861007,0.21028904616832733,0.7906281352043152,0.29788938164711
YBR286W,YGR286C,0,1.8584769,0.21023330092430115,0.7906281352043152,0.2979893982410431
YML085C,YOR044W,0,1.8581953,0.21017757058143616,0.7906281352043152,0.2980894148349762
YMR298W,YNL213C,0,1.8578112,0.21012188494205475,0.7906281352043152,0.2981894612312317
YGR162W,YDR390C,0,1.8577381,0.21006622910499573,0.7906281352043152,0.2982894778251648
YNL280C,YHL047C,0,1.8567346,0.2100105881690979,0.7906281352043152,0.2983895242214203
YMR292W,YIL115C,0,1.8566301,0.20995499193668365,0.7906281352043152,0.2984895408153534
YLL024C,YNL310C,1,1.8564463,0.2101641148328781,0.7916251420974731,0.2984895408153534
YBR055C,YDR510W,0,1.8552569,0.21010848879814148,0.7916251420974731,0.2985895872116089
YJR121W,YDR283C,0,1.8551699,0.21005290746688843,0.7916251420974731,0.298689603805542
YHR116W,YMR004W,0,1.8548517,0.20999735593795776,0.7916251420974731,0.2987896502017975
YML124C,YPL068C,0,1.8546557,0.2099418342113495,0.7916251420974731,0.2988896667957306
YGR026W,YHR010W,0,1.8545799,0.2098863273859024,0.7916251420974731,0.2989896833896637
YCR009C,YAL043C,0,1.8543884,0.2098308652639389,0.7916251420974731,0.2990897297859192
YDR242W,YDL085W,0,1.8541406,0.2097754329442978,0.7916251420974731,0.2991897463798523
YMR282C,YDR166C,0,1.8532133,0.20972001552581787,0.7916251420974731,0.2992897927761078
YPR028W,YPL092W,0,1.8520894,0.20966464281082153,0.7916251420974731,0.2993898093700409
YOR347C,YDL180W,0,1.8518407,0.20960929989814758,0.7916251420974731,0.2994898557662964
YLR090W,YER112W,0,1.8511958,0.20955397188663483,0.7916251420974731,0.2995898723602295
YDR418W,YOR332W,0,1.8497975,0.20949867367744446,0.7916251420974731,0.299689918756485
YPL271W,YGR188C,0,1.8490098,0.20944342017173767,0.7916251420974731,0.2997899353504181
YIR014W,YLR467W,0,1.8481286,0.20938818156719208,0.7916251420974731,0.2998899817466736
YOL031C,YHR161C,0,1.8480246,0.20933298766613007,0.7916251420974731,0.2999899983406067
YBR084W,YKL212W,0,1.8475482,0.20927780866622925,0.7916251420974731,0.3000900149345398
YBL024W,YDL143W,0,1.8473191,0.20922265946865082,0.7916251420974731,0.3001900613307953
YCL059C,YDR120C,0,1.8471355,0.20916754007339478,0.7916251420974731,0.3002900779247284
YNL291C,YIR017C,0,1.8466574,0.20911245048046112,0.7916251420974731,0.3003901243209839
YBL075C,YOR070C,0,1.846036,0.20905740559101105,0.7916251420974731,0.300490140914917
YHR034C,YMR214W,1,1.846032,0.2092655897140503,0.7926221489906311,0.300490140914917
YGR241C,YAL034W-A,0,1.8451855,0.20921052992343903,0.7926221489906311,0.3005901873111725
YNL086W,YOR150W,0,1.8451302,0.20915548503398895,0.7926221489906311,0.3006902039051056
YOR155C,YHL047C,0,1.8446282,0.20910046994686127,0.7926221489906311,0.3007902503013611
YLR200W,YNL135C,1,1.8444352,0.2093084454536438,0.7936191558837891,0.3007902503013611
YJR094W-A,YGL039W,0,1.8438705,0.20925341546535492,0.7936191558837891,0.3008902668952942
YKL181W,YLR357W,0,1.8434702,0.20919843018054962,0.7936191558837891,0.3009902834892273
YGR132C,YDL212W,1,1.8433404,0.20940619707107544,0.794616162776947,0.3009902834892273
YOR151C,YCL061C,0,1.8421009,0.20935119688510895,0.794616162776947,0.3010903298854828
YBR055C,YIL072W,0,1.8413849,0.20929621160030365,0.794616162776947,0.3011903464794159
YHR025W,YJL121C,0,1.8406203,0.20924127101898193,0.794616162776947,0.3012903928756714
YMR056C,YBR166C,0,1.8401995,0.2091863453388214,0.794616162776947,0.3013904094696045
YJR104C,YGR009C,0,1.8398213,0.20913146436214447,0.794616162776947,0.30149045586586
YOL064C,YNL217W,0,1.8394789,0.20907659828662872,0.794616162776947,0.3015904724597931
YIL004C,YHR116W,0,1.8381844,0.20902176201343536,0.794616162776947,0.3016905188560486
YIL171W,YEL061C,0,1.8374691,0.20896697044372559,0.794616162776947,0.3017905354499817
YHR153C,YGR063C,0,1.8369955,0.208912193775177,0.794616162776947,0.3018905818462372
YDR440W,YMR023C,0,1.8369918,0.2088574469089508,0.794616162776947,0.3019905984401703
YJL156C,YJL101C,0,1.8364905,0.208802729845047,0.794616162776947,0.3020906150341034
YER091C,YML115C,0,1.8362565,0.20874804258346558,0.794616162776947,0.3021906614303589
YDR347W,YMR163C,0,1.8357453,0.20869337022304535,0.794616162776947,0.302290678024292
YLR237W,YNL213C,0,1.835615,0.2086387425661087,0.794616162776947,0.3023907244205475
YPL031C,YGR220C,0,1.835088,0.20858414471149445,0.794616162776947,0.3024907410144806
YGL178W,YNL191W,0,1.8348249,0.20852956175804138,0.794616162776947,0.3025907874107361
YGR159C,YJL170C,0,1.8347039,0.2084750235080719,0.794616162776947,0.3026908040046692
YMR281W,YHR052W,0,1.8346143,0.2084205001592636,0.794616162776947,0.3027908504009247
YAR019C,YMR285C,0,1.833741,0.2083660066127777,0.794616162776947,0.3028908669948578
YPR118W,YHR036W,0,1.8334068,0.2083115577697754,0.794616162776947,0.3029908835887909
YGR241C,YNR041C,0,1.8327518,0.20825712382793427,0.794616162776947,0.3030909299850464
YKR009C,YHR070W,0,1.8321755,0.20820271968841553,0.794616162776947,0.3031909465789795
YDL129W,YPL048W,0,1.8309886,0.20814834535121918,0.794616162776947,0.303290992975235
YLR364W,YKL198C,0,1.8296404,0.20809400081634521,0.794616162776947,0.3033910095691681
YML115C,YPL092W,0,1.8296376,0.20803967118263245,0.794616162776947,0.3034910559654236
YOL030W,YDR115W,0,1.8288836,0.20798538625240326,0.794616162776947,0.3035910725593567
YDR046C,YCR047C,0,1.8285446,0.20793113112449646,0.794616162776947,0.3036911189556122
YML085C,YPR178W,0,1.8280166,0.20787689089775085,0.794616162776947,0.3037911355495453
YDR532C,YMR088C,0,1.8279717,0.20782268047332764,0.794616162776947,0.3038911819458008
YPR036W,YDR228C,0,1.8277769,0.207768514752388,0.794616162776947,0.3039911985397339
YER184C,YER113C,0,1.8272293,0.20771436393260956,0.794616162776947,0.304091215133667
YER140W,YLR038C,0,1.8271769,0.2076602429151535,0.794616162776947,0.3041912615299225
YOL030W,YLR427W,0,1.8271462,0.20760615170001984,0.794616162776947,0.3042912781238556
YER027C,YOL139C,0,1.8269627,0.20755209028720856,0.794616162776947,0.3043913245201111
YGL206C,YNL151C,0,1.825954,0.20749804377555847,0.794616162776947,0.3044913411140442
YML043C,YGR135W,0,1.8258519,0.20744404196739197,0.794616162776947,0.3045913875102997
YLR106C,YNR007C,0,1.8242078,0.20739005506038666,0.794616162776947,0.3046914041042328
YNL207W,YDL006W,0,1.823966,0.20733611285686493,0.794616162776947,0.3047914505004883
YMR122W-A,YJR135W-A,0,1.8234217,0.2072821855545044,0.794616162776947,0.3048914670944214
YOR120W,YOL140W,0,1.8229201,0.20722828805446625,0.794616162776947,0.3049914836883545
YNL112W,YJL101C,0,1.8224356,0.2071744203567505,0.794616162776947,0.30509153008461
YMR298W,YNL227C,0,1.822387,0.20712058246135712,0.794616162776947,0.3051915466785431
YMR282C,YML042W,0,1.8221409,0.20706677436828613,0.794616162776947,0.3052915930747986
YBL060W,YPL085W,0,1.8219333,0.20701298117637634,0.794616162776947,0.3053916096687317
YDR329C,YOR326W,0,1.82129,0.20695923268795013,0.794616162776947,0.3054916560649872
YHL032C,YLR403W,0,1.8211083,0.20690549910068512,0.794616162776947,0.3055916726589203
YOL031C,YNL119W,0,1.8209405,0.2068518102169037,0.794616162776947,0.3056917190551758
YDR065W,YJR126C,0,1.8209299,0.20679813623428345,0.794616162776947,0.3057917356491089
YNL136W,YNL189W,0,1.8208961,0.2067444920539856,0.794616162776947,0.3058917820453644
YLR078C,YGR135W,0,1.8204792,0.20669087767601013,0.794616162776947,0.3059917986392975
YBL060W,YKR048C,0,1.8192835,0.20663727819919586,0.794616162776947,0.3060918152332306
YDL043C,YBR160W,0,1.8187065,0.20658372342586517,0.794616162776947,0.3061918616294861
YGL039W,YPR021C,0,1.8183033,0.20653018355369568,0.794616162776947,0.3062918782234192
YGL123W,YJL109C,0,1.8181436,0.20647668838500977,0.794616162776947,0.3063919246196747
YDR347W,YKR050W,0,1.8171117,0.20642320811748505,0.794616162776947,0.3064919412136078
YDL114W,YNL325C,0,1.816913,0.20636975765228271,0.794616162776947,0.3065919876098633
YIL171W,YER164W,0,1.8162596,0.20631633698940277,0.794616162776947,0.3066920042037964
YFR041C,YIL009C-A,0,1.8159401,0.20626294612884521,0.794616162776947,0.3067920506000519
YIL090W,YGR135W,0,1.8156586,0.20620957016944885,0.794616162776947,0.306892067193985
YEL065W,YGL084C,0,1.8156058,0.20615623891353607,0.794616162776947,0.3069920837879181
YMR166C,YPL144W,0,1.8149533,0.20610292255878448,0.794616162776947,0.3070921301841736
YPR021C,YER030W,0,1.8147734,0.20604963600635529,0.794616162776947,0.3071921467781067
YOR063W,YOR290C,0,1.8139534,0.20599637925624847,0.794616162776947,0.3072921931743622
YHR089C,YMR211W,0,1.8134934,0.20594315230846405,0.794616162776947,0.3073922097682953
YFR006W,YJL109C,0,1.8130393,0.20588995516300201,0.794616162776947,0.3074922561645508
YCR009C,YBR267W,0,1.8125378,0.20583677291870117,0.794616162776947,0.3075922727584839
YBL022C,YOR131C,0,1.8121984,0.2057836353778839,0.794616162776947,0.3076923191547394
YDR050C,YPL089C,0,1.8118278,0.20573051273822784,0.794616162776947,0.3077923357486725
YLR266C,YPL143W,0,1.8117945,0.20567741990089417,0.794616162776947,0.307892382144928
YDL080C,YGR086C,0,1.8117943,0.20562435686588287,0.794616162776947,0.3079923987388611
YGL213C,YGR054W,0,1.8116789,0.20557132363319397,0.794616162776947,0.3080924153327942
YJR139C,YDR139C,0,1.8106192,0.20551830530166626,0.794616162776947,0.3081924617290497
YGR295C,YDR252W,0,1.8105769,0.20546533167362213,0.794616162776947,0.3082924783229828
YMR045C,YCR037C,0,1.810318,0.2054123729467392,0.794616162776947,0.3083925247192383
YOR069W,YPL220W,0,1.808414,0.20535944402217865,0.794616162776947,0.3084925413131714
YFL047W,YPL220W,0,1.8083098,0.2053065448999405,0.794616162776947,0.3085925877094269
YNR022C,YKR097W,0,1.8077388,0.20525367558002472,0.794616162776947,0.30869260430336
YER083C,YCL047C,0,1.8072798,0.20520082116127014,0.794616162776947,0.3087926506996155
YML104C,YNR045W,0,1.8067875,0.20514801144599915,0.794616162776947,0.3088926672935486
YIL070C,YGR200C,0,1.8062072,0.20509521663188934,0.794616162776947,0.3089926838874817
YGL106W,YPR081C,0,1.8053772,0.20504245162010193,0.794616162776947,0.3090927302837372
YDL166C,YDR228C,0,1.8050799,0.2049897164106369,0.794616162776947,0.3091927468776703
YHR215W,YKL179C,0,1.8042555,0.20493699610233307,0.794616162776947,0.3092927932739258
YGR058W,YOR308C,0,1.8034489,0.20488432049751282,0.794616162776947,0.3093928098678589
YER091C,YDR116C,0,1.8033922,0.20483165979385376,0.794616162776947,0.3094928562641144
YDR212W,YJL073W,1,1.8028841,0.2050359696149826,0.795613169670105,0.3094928562641144
YDR465C,YBR055C,0,1.8022494,0.20498330891132355,0.795613169670105,0.3095928728580475
YDR197W,YNL012W,0,1.802194,0.20493066310882568,0.795613169670105,0.309692919254303
YDR050C,YJL102W,0,1.8014731,0.2048780471086502,0.795613169670105,0.3097929358482361
YDL143W,YNL153C,1,1.8014665,0.20508213341236115,0.7966101765632629,0.3097929358482361
YMR088C,YNL217W,0,1.8008065,0.20502950251102448,0.7966101765632629,0.3098929822444916
YDR056C,YBL021C,0,1.8002694,0.2049769163131714,0.7966101765632629,0.3099929988384247
YMR128W,YIL101C,0,1.800139,0.2049243450164795,0.7966101765632629,0.3100930154323578
YDR158W,YJL190C,0,1.799955,0.2048717886209488,0.7966101765632629,0.3101930618286133
YKL181W,YOR080W,0,1.7992258,0.20481927692890167,0.7966101765632629,0.3102930784225464
YGL251C,YDR486C,0,1.7986782,0.20476678013801575,0.7966101765632629,0.3103931248188019
YJR075W,YMR012W,0,1.7978646,0.2047143280506134,0.7966101765632629,0.310493141412735
YLR109W,YCR047C,0,1.7977967,0.20466189086437225,0.7966101765632629,0.3105931878089905
YGL210W,YEL050C,0,1.7958033,0.2046094685792923,0.7966101765632629,0.3106932044029236
YBL039C,YCL031C,0,1.7956475,0.20455709099769592,0.7966101765632629,0.3107932507991791
YCL059C,YCR047C,0,1.7955444,0.20450472831726074,0.7966101765632629,0.3108932673931122
YJL073W,YIL142W,1,1.7945807,0.2047082930803299,0.7976071834564209,0.3108932673931122
YCR028C,YLR430W,0,1.7940307,0.20465591549873352,0.7976071834564209,0.3109932839870453
YHL040C,YPL202C,0,1.7939482,0.20460358262062073,0.7976071834564209,0.3110933303833008
YDR011W,YKR038C,0,1.7926471,0.20455126464366913,0.7976071834564209,0.3111933469772339
YDR158W,YOR067C,0,1.7913692,0.20449897646903992,0.7976071834564209,0.3112933933734894
YGL136C,YER113C,0,1.7903509,0.2044467180967331,0.7976071834564209,0.3113934099674225
YJR025C,YNL218W,0,1.7896335,0.20439447462558746,0.7976071834564209,0.311493456363678
YLR419W,YPL095C,0,1.7895185,0.20434227585792542,0.7976071834564209,0.3115934729576111
YGL003C,YGL123W,0,1.7867541,0.20429009199142456,0.7976071834564209,0.3116935193538666
YER025W,YJR001W,0,1.7865297,0.2042379379272461,0.7976071834564209,0.3117935359477997
YDR253C,YOR381W,0,1.7862195,0.20418581366539001,0.7976071834564209,0.3118935823440552
YHR025W,YJL073W,0,1.78612,0.20413370430469513,0.7976071834564209,0.3119935989379883
YLR147C,YAL062W,0,1.784262,0.20408163964748383,0.7976071834564209,0.3120936155319214
YML078W,YOR349W,1,1.784181,0.20428462326526642,0.7986041903495789,0.3120936155319214
YDL143W,YDR188W,1,1.7822617,0.20448750257492065,0.7996011972427368,0.3120936155319214
YOL031C,YMR285C,0,1.7820864,0.20443537831306458,0.7996011972427368,0.3121936619281769
YGL205W,YJL080C,0,1.7820861,0.20438328385353088,0.7996011972427368,0.31229367852211
YMR281W,YKL198C,0,1.7818576,0.2043312042951584,0.7996011972427368,0.3123937249183655
YFL039C,YDR103W,0,1.7818358,0.20427916944026947,0.7996011972427368,0.3124937415122986
YHR176W,YHR057C,1,1.78124,0.2044817954301834,0.8005982041358948,0.3124937415122986
YOR076C,YBL039C,0,1.7810963,0.2044297307729721,0.8005982041358948,0.3125937879085541
YPR166C,YGL084C,0,1.7801845,0.20437771081924438,0.8005982041358948,0.3126938045024872
YMR056C,YLR246W,0,1.7793087,0.20432570576667786,0.8005982041358948,0.3127938508987427
YBL017C,YJL052W,0,1.7788541,0.20427371561527252,0.8005982041358948,0.3128938674926758
YGL135W,YLR126C,0,1.7783556,0.20422177016735077,0.8005982041358948,0.3129938840866089
YJL019W,YNL227C,0,1.7780949,0.2041698396205902,0.8005982041358948,0.3130939304828644
YDR126W,YIL078W,0,1.7774907,0.20411793887615204,0.8005982041358948,0.3131939470767975
YGR188C,YDL180W,0,1.7767845,0.20406606793403625,0.8005982041358948,0.313293993473053
YDL143W,YMR312W,0,1.776406,0.20401422679424286,0.8005982041358948,0.3133940100669861
YGR274C,YCL050C,0,1.7762666,0.20396240055561066,0.8005982041358948,0.3134940564632416
YDL229W,YDR071C,0,1.7754432,0.20391061902046204,0.8005982041358948,0.3135940730571747
YJR029W,YOR347C,0,1.775255,0.2038588523864746,0.8005982041358948,0.3136941194534302
YER103W,YAL058W,1,1.774986,0.20406091213226318,0.8015952110290527,0.3136941194534302
YJR094W-A,YDL143W,0,1.77494,0.20400913059711456,0.8015952110290527,0.3137941360473633
YJL136C,YBR231C,0,1.7731597,0.20395737886428833,0.8015952110290527,0.3138941824436188
YLR170C,YJR155W,0,1.7728947,0.20390565693378448,0.8015952110290527,0.3139941990375519
YMR142C,YDL210W,0,1.7724005,0.20385394990444183,0.8015952110290527,0.314094215631485
YKL143W,YMR312W,0,1.7721627,0.20380228757858276,0.8015952110290527,0.3141942620277405
YLR414C,YPR166C,0,1.7718257,0.2037506401538849,0.8015952110290527,0.3142942786216736
YML124C,YOR242C,0,1.7715919,0.2036990076303482,0.8015952110290527,0.3143943250179291
YER091C,YNL244C,0,1.7711929,0.2036474198102951,0.8015952110290527,0.3144943416118622
YPR122W,YOR014W,0,1.7711214,0.2035958468914032,0.8015952110290527,0.3145943880081177
YBR286W,YKR097W,0,1.7693042,0.20354430377483368,0.8015952110290527,0.3146944046020508
YPL241C,YOL088C,1,1.7690984,0.20374588668346405,0.8025922179222107,0.3146944046020508
YBR160W,YJL080C,0,1.7678691,0.20369432866573334,0.8025922179222107,0.3147944509983063
YKL183W,YPR047W,0,1.7675478,0.203642800450325,0.8025922179222107,0.3148944675922394
YCL043C,YAL058W,1,1.7672209,0.20384420454502106,0.8035892248153687,0.3148944675922394
YDR315C,YLR109W,0,1.7667451,0.20379266142845154,0.8035892248153687,0.3149944841861725
YJL170C,YLR139C,0,1.7661562,0.2037411481142044,0.8035892248153687,0.315094530582428
YGR009C,YPL031C,0,1.7660971,0.20368966460227966,0.8035892248153687,0.3151945471763611
YDR056C,YDL056W,0,1.7654511,0.2036381959915161,0.8035892248153687,0.3152945935726166
YNL046W,YPR122W,0,1.7654188,0.20358675718307495,0.8035892248153687,0.3153946101665497
YCR060W,YPL064C,1,1.7648559,0.2037878781557083,0.8045862317085266,0.3153946101665497
YAL020C,YER044C,0,1.7647822,0.20373642444610596,0.8045862317085266,0.3154946565628052
YML091C,YPR122W,0,1.7643881,0.203685000538826,0.8045862317085266,0.3155946731567383
YJL048C,YPR178W,0,1.7630916,0.2036336064338684,0.8045862317085266,0.3156947195529938
YML012W,YNL213C,0,1.7626497,0.20358224213123322,0.8045862317085266,0.3157947361469269
YFR032C-A,YML088W,0,1.762358,0.20353089272975922,0.8045862317085266,0.3158947825431824
YPL144W,YPL172C,0,1.7620943,0.2034795731306076,0.8045862317085266,0.3159947991371155
YDL143W,YPL241C,1,1.7618892,0.2036803662776947,0.8055832386016846,0.3159947991371155
YHR044C,YBL020W,0,1.7615936,0.2036290317773819,0.8055832386016846,0.3160948157310486
YDR436W,YBR009C,0,1.761352,0.20357772707939148,0.8055832386016846,0.3161948621273041
YMR307W,YLR045C,0,1.7605321,0.20352645218372345,0.8055832386016846,0.3162948787212372
YOR326W,YDR101C,0,1.7602806,0.2034751921892166,0.8055832386016846,0.3163949251174927
YIL078W,YDR393W,0,1.759335,0.20342396199703217,0.8055832386016846,0.3164949417114258
YDR056C,YMR017W,0,1.7583396,0.2033727616071701,0.8055832386016846,0.3165949881076813
YOR257W,YBL064C,0,1.755991,0.20332159101963043,0.8055832386016846,0.3166950047016144
YOR175C,YIR012W,0,1.755286,0.20327043533325195,0.8055832386016846,0.3167950510978699
YOR150W,YOL080C,0,1.7549154,0.20321930944919586,0.8055832386016846,0.316895067691803
YMR302C,YDR487C,0,1.753372,0.20316821336746216,0.8055832386016846,0.3169950842857361
YER056C-A,YPL153C,0,1.7532473,0.20311714708805084,0.8055832386016846,0.3170951306819916
YEL064C,YGR054W,0,1.7531533,0.20306609570980072,0.8055832386016846,0.3171951472759247
YER112W,YAL062W,0,1.7520305,0.20301507413387299,0.8055832386016846,0.3172951936721802
YNL308C,YOL019W,0,1.7505248,0.20296408236026764,0.8055832386016846,0.3173952102661133
YMR188C,YFL041W,0,1.7504778,0.2029131054878235,0.8055832386016846,0.3174952566623688
YER087C-A,YJR158W,0,1.7498947,0.20286215841770172,0.8055832386016846,0.3175952732563019
YIL109C,YLR172C,0,1.7495694,0.20281124114990234,0.8055832386016846,0.3176953196525574
YBL021C,YDL065C,0,1.7495594,0.20276035368442535,0.8055832386016846,0.3177953362464905
YBR237W,YER056C-A,0,1.7494212,0.20270948112010956,0.8055832386016846,0.31789538264274597
YBR122C,YPL103C,0,1.7493321,0.20265863835811615,0.8055832386016846,0.3179953992366791
YAL023C,YLR100W,0,1.7492731,0.20260782539844513,0.8055832386016846,0.3180954158306122
YNR050C,YPL202C,0,1.749222,0.2025570273399353,0.8055832386016846,0.3181954622268677
YKL011C,YDR511W,0,1.7488575,0.20250625908374786,0.8055832386016846,0.3182954788208008
YOR278W,YMR086W,0,1.7482791,0.2024555206298828,0.8055832386016846,0.3183955252170563
YOR167C,YPL074W,0,1.7476128,0.20240481197834015,0.8055832386016846,0.3184955418109894
YDR258C,YOR288C,1,1.7473481,0.20260456204414368,0.8065802454948425,0.3184955418109894
YJR029W,YKR048C,0,1.7473454,0.20255382359027863,0.8065802454948425,0.3185955882072449
YKR061W,YOR369C,0,1.7468278,0.20250312983989716,0.8065802454948425,0.318695604801178
YDR425W,YDL017W,0,1.7463374,0.20245245099067688,0.8065802454948425,0.31879565119743347
YDL069C,YDR074W,0,1.7459086,0.202401801943779,0.8065802454948425,0.3188956677913666
YPR192W,YJL109C,0,1.7454506,0.2023511826992035,0.8065802454948425,0.3189956843852997
YPL019C,YKL183W,0,1.7451895,0.20230057835578918,0.8065802454948425,0.3190957307815552
YKL140W,YDL067C,0,1.7439294,0.20225000381469727,0.8065802454948425,0.3191957473754883
YDR052C,YJR076C,0,1.743758,0.20219944417476654,0.8065802454948425,0.3192957937717438
YDR236C,YDL099W,0,1.7416434,0.2021489292383194,0.8065802454948425,0.3193958103656769
YNL331C,YPL202C,0,1.740246,0.20209842920303345,0.8065802454948425,0.3194958567619324
YHR143W,YOL152W,0,1.7402459,0.20204795897006989,0.8065802454948425,0.3195958733558655
YBR166C,YNL115C,0,1.740033,0.20199750363826752,0.8065802454948425,0.31969591975212097
YJL164C,YNL227C,0,1.7392689,0.20194707810878754,0.8065802454948425,0.3197959363460541
YLL050C,YPR168W,0,1.7385621,0.20189668238162994,0.8065802454948425,0.31989598274230957
YMR070W,YMR004W,0,1.7372992,0.20184630155563354,0.8065802454948425,0.3199959993362427
YKL156W,YOR039W,0,1.7371247,0.20179596543312073,0.8065802454948425,0.3200960159301758
YIL093C,YGL155W,0,1.7365172,0.2017456293106079,0.8065802454948425,0.3201960623264313
YOR181W,YJL189W,0,1.7360623,0.20169533789157867,0.8065802454948425,0.3202960789203644
YMR188C,YBR299W,0,1.7353176,0.20164506137371063,0.8065802454948425,0.3203961253166199
YNL248C,YMR122W-A,0,1.7348875,0.20159481465816498,0.8065802454948425,0.320496141910553
YBR283C,YMR165C,0,1.7345731,0.2015445977449417,0.8065802454948425,0.32059618830680847
YER111C,YDR169C,0,1.733176,0.20149439573287964,0.8065802454948425,0.3206962049007416
YHR076W,YLR172C,0,1.7330925,0.20144422352313995,0.8065802454948425,0.32079625129699707
YHR021C,YBR245C,0,1.732578,0.20139408111572266,0.8065802454948425,0.3208962678909302
YDR270W,YER148W,0,1.7324581,0.20134395360946655,0.8065802454948425,0.3209962844848633
YBR166C,YKR009C,0,1.7319751,0.20129385590553284,0.8065802454948425,0.3210963308811188
YBL103C,YLR381W,0,1.7312385,0.2012437880039215,0.8065802454948425,0.3211963474750519
YOR265W,YPL160W,0,1.7302003,0.20119373500347137,0.8065802454948425,0.3212963938713074
YJR110W,YPL085W,0,1.730166,0.20114371180534363,0.8065802454948425,0.3213964104652405
YPL269W,YOR322C,0,1.7295082,0.20109371840953827,0.8065802454948425,0.32149645686149597
YDL099W,YHR052W,0,1.7294517,0.2010437399148941,0.8065802454948425,0.3215964734554291
YDL129W,YER184C,0,1.7290806,0.20099379122257233,0.8065802454948425,0.32169651985168457
YOR373W,YDR071C,0,1.7283853,0.20094385743141174,0.8065802454948425,0.3217965364456177
YPL157W,YNL166C,0,1.7273947,0.20089396834373474,0.8065802454948425,0.32189658284187317
YPR184W,YDR055W,0,1.7256236,0.20084409415721893,0.8065802454948425,0.3219965994358063
YLR201C,YDR478W,0,1.7255625,0.20079423487186432,0.8065802454948425,0.3220966160297394
YBR159W,YDR054C,0,1.7254993,0.2007444202899933,0.8065802454948425,0.3221966624259949
YMR198W,YDL075W,0,1.7249427,0.20069462060928345,0.8065802454948425,0.322296679019928
YKL183W,YDL082W,0,1.7242182,0.2006448358297348,0.8065802454948425,0.32239672541618347
YBR159W,YOR043W,0,1.7240868,0.20059509575366974,0.8065802454948425,0.3224967420101166
YFL004W,YOR039W,0,1.7240524,0.20054537057876587,0.8065802454948425,0.32259678840637207
YAR010C,YOL123W,0,1.7239511,0.2004956603050232,0.8065802454948425,0.3226968050003052
YPR016C,YKL056C,0,1.7232258,0.2004459798336029,0.8065802454948425,0.32279685139656067
YDR036C,YEL021W,0,1.7227486,0.200396329164505,0.8065802454948425,0.3228968679904938
YHL036W,YOR092W,0,1.7226759,0.2003467082977295,0.8065802454948425,0.3229968845844269
YOR265W,YDR093W,0,1.7224982,0.20029710233211517,0.8065802454948425,0.3230969309806824
YML042W,YJL052W,0,1.7224894,0.20024752616882324,0.8065802454948425,0.3231969475746155
YOR155C,YLR201C,0,1.7216716,0.2001979649066925,0.8065802454948425,0.32329699397087097
YLR048W,YPL048W,0,1.720936,0.20014844834804535,0.8065802454948425,0.3233970105648041
YNL159C,YDR236C,0,1.7201501,0.2000989317893982,0.8065802454948425,0.32349705696105957
YOR224C,YBR142W,0,1.720023,0.20004945993423462,0.8065802454948425,0.3235970735549927
YBR156C,YMR056C,0,1.7192693,0.20000000298023224,0.8065802454948425,0.32369711995124817
YBR001C,YLR121C,0,1.7191675,0.19995057582855225,0.8065802454948425,0.3237971365451813
YNL306W,YLR237W,0,1.7189412,0.19990116357803345,0.8065802454948425,0.32389718294143677
YPR186C,YDR368W,0,1.7185861,0.19985178112983704,0.8065802454948425,0.3239971995353699
YEL064C,YDL143W,0,1.7184211,0.19980241358280182,0.8065802454948425,0.324097216129303
YOR175C,YOR347C,0,1.7184026,0.19975309073925018,0.8065802454948425,0.32419726252555847
YDR481C,YHL032C,0,1.7180359,0.19970378279685974,0.8065802454948425,0.3242972791194916
YJR139C,YER131W,0,1.7176492,0.1996544897556305,0.8065802454948425,0.32439732551574707
YKL156W,YGL003C,0,1.7172902,0.19960522651672363,0.8065802454948425,0.3244973421096802
YIR006C,YGR135W,0,1.7169254,0.19955599308013916,0.8065802454948425,0.32459738850593567
YEL050C,YDL008W,0,1.7160523,0.19950677454471588,0.8065802454948425,0.3246974050998688
YGR123C,YNL149C,0,1.7159939,0.19945760071277618,0.8065802454948425,0.32479745149612427
YER061C,YHR215W,0,1.7156754,0.1994084268808365,0.8065802454948425,0.3248974680900574
YJL090C,YNL244C,0,1.714941,0.19935928285121918,0.8065802454948425,0.3249974846839905
YPR063C,YOR124C,0,1.7145166,0.19931016862392426,0.8065802454948425,0.32509753108024597
YMR130W,YHR171W,0,1.7120433,0.19926108419895172,0.8065802454948425,0.3251975476741791
YGL232W,YDR139C,0,1.711833,0.19921201467514038,0.8065802454948425,0.32529759407043457
YKL183W,YDR486C,0,1.7116392,0.19916297495365143,0.8065802454948425,0.3253976106643677
YPR063C,YHR186C,0,1.7111261,0.19911395013332367,0.8065802454948425,0.32549765706062317
YOR270C,YOR246C,0,1.7100406,0.1990649551153183,0.8065802454948425,0.3255976736545563
YPL059W,YDR130C,0,1.7096686,0.19901598989963531,0.8065802454948425,0.32569772005081177
YKR097W,YCL057C-A,0,1.7094405,0.19896703958511353,0.8065802454948425,0.3257977366447449
YPL103C,YDR380W,0,1.7091887,0.19891811907291412,0.8065802454948425,0.32589778304100037
YKL156W,YEL059C-A,0,1.7089775,0.1988692283630371,0.8065802454948425,0.32599779963493347
YOR047C,YDL019C,0,1.7086694,0.1988203525543213,0.8065802454948425,0.3260978162288666
YMR289W,YJR029W,0,1.7086074,0.19877149164676666,0.8065802454948425,0.32619786262512207
YLR170C,YHR011W,0,1.7084651,0.19872267544269562,0.8065802454948425,0.3262978792190552
YNL001W,YER088C,0,1.7058687,0.19867387413978577,0.8065802454948425,0.32639792561531067
YIL034C,YOL103W,0,1.7058368,0.1986250877380371,0.8065802454948425,0.3264979422092438
YOR036W,YGR189C,0,1.704325,0.19857633113861084,0.8065802454948425,0.32659798860549927
YLL038C,YDR014W,0,1.7033774,0.19852760434150696,0.8065802454948425,0.3266980051994324
YDR388W,YIL039W,0,1.7029295,0.19847890734672546,0.8065802454948425,0.32679805159568787
YER048C,YBR101C,1,1.7026577,0.1986754983663559,0.8075772523880005,0.32679805159568787
YKL154W,YGR274C,0,1.7024932,0.19862677156925201,0.8075772523880005,0.32689806818962097
YGL089C,YOL018C,0,1.7024872,0.1985780894756317,0.8075772523880005,0.3269980847835541
YOR246C,YDR252W,0,1.7023087,0.1985294073820114,0.8075772523880005,0.32709813117980957
YJR143C,YHR136C,0,1.7020512,0.1984807699918747,0.8075772523880005,0.3271981477737427
YML040W,YJR068W,0,1.7019713,0.19843214750289917,0.8075772523880005,0.32729819416999817
YHL047C,YNL227C,0,1.7017597,0.19838353991508484,0.8075772523880005,0.3273982107639313
YGL003C,YDR032C,0,1.701746,0.1983349621295929,0.8075772523880005,0.32749825716018677
YPR102C,YAL035W,0,1.7015586,0.19828641414642334,0.8075772523880005,0.3275982737541199
YFR041C,YAL058W,1,1.7012956,0.19848261773586273,0.8085742592811584,0.3275982737541199
YLR343W,YDL006W,0,1.7003374,0.19843405485153198,0.8085742592811584,0.32769832015037537
YPL240C,YDR252W,1,1.7002289,0.19863013923168182,0.8095712661743164,0.32769832015037537
YMR307W,YDR050C,0,1.6997639,0.19858156144618988,0.8095712661743164,0.32779833674430847
YLR126C,YER153C,0,1.6987627,0.19853301346302032,0.8095712661743164,0.32789838314056396
YGL040C,YHL004W,0,1.6984596,0.19848448038101196,0.8095712661743164,0.32799839973449707
YDR529C,YKL195W,0,1.6984141,0.198435977101326,0.8095712661743164,0.3280984163284302
YKR059W,YDR447C,0,1.6979482,0.1983874887228012,0.8095712661743164,0.32819846272468567
YAL041W,YNR061C,0,1.6974999,0.19833903014659882,0.8095712661743164,0.3282984793186188
YGL009C,YMR311C,0,1.6962085,0.1982906013727188,0.8095712661743164,0.32839852571487427
YER068W,YJL048C,0,1.6961524,0.1982421875,0.8095712661743164,0.3284985423088074
YMR314W,YJL080C,0,1.695358,0.19819380342960358,0.8095712661743164,0.32859858870506287
YIL093C,YIR002C,0,1.6946157,0.19814543426036835,0.8095712661743164,0.32869860529899597
YDR012W,YDR038C,0,1.69345,0.1980970948934555,0.8095712661743164,0.32879865169525146
YMR235C,YOR080W,0,1.6930568,0.19804878532886505,0.8095712661743164,0.32889866828918457
YHR028C,YDR054C,0,1.6929922,0.1980004906654358,0.8095712661743164,0.3289986848831177
YGR063C,YBR213W,0,1.6920502,0.19795222580432892,0.8095712661743164,0.32909873127937317
YML005W,YDR322W,0,1.6919563,0.19790397584438324,0.8095712661743164,0.3291987478733063
YDR425W,YDR231C,0,1.6908338,0.19785575568675995,0.8095712661743164,0.32929879426956177
YMR256C,YGR220C,0,1.6902399,0.19780755043029785,0.8095712661743164,0.3293988108634949
YDL229W,YNL077W,1,1.6901534,0.1980029195547104,0.8105682730674744,0.3293988108634949
YMR184W,YIL136W,0,1.6901128,0.1979547142982483,0.8105682730674744,0.32949885725975037
YHR184W,YMR037C,0,1.689851,0.1979065239429474,0.8105682730674744,0.32959887385368347
YHR034C,YLR200W,1,1.6892581,0.1981017291545868,0.8115652799606323,0.32959887385368347
YER086W,YAL058W,0,1.6884714,0.1980535238981247,0.8115652799606323,0.32969892024993896
YHR017W,YDL144C,0,1.6884482,0.19800534844398499,0.8115652799606323,0.32979893684387207
YNR027W,YAR019C,0,1.687734,0.19795720279216766,0.8115652799606323,0.32989898324012756
YJR060W,YER112W,0,1.6876147,0.19790907204151154,0.8115652799606323,0.32999899983406067
YML091C,YLR246W,0,1.6873443,0.1978609561920166,0.8115652799606323,0.3300990164279938
YLR459W,YNL149C,0,1.6868066,0.19781288504600525,0.8115652799606323,0.33019906282424927
YJL129C,YGR135W,0,1.6850545,0.1977648138999939,0.8115652799606323,0.3302990794181824
YBR286W,YKL140W,0,1.6850319,0.19771678745746613,0.8115652799606323,0.33039912581443787
YDR312W,YJL164C,0,1.6846373,0.19766877591609955,0.8115652799606323,0.33049914240837097
YJR010C-A,YPL090C,0,1.6829603,0.19762077927589417,0.8115652799606323,0.33059918880462646
YDR297W,YEL002C,0,1.6826959,0.19757281243801117,0.8115652799606323,0.33069920539855957
YNL268W,YML088W,0,1.6816571,0.19752487540245056,0.8115652799606323,0.33079925179481506
YLL050C,YKL042W,0,1.6812816,0.19747695326805115,0.8115652799606323,0.33089926838874817
YGR104C,YAL023C,0,1.6810462,0.19742906093597412,0.8115652799606323,0.3309992849826813
YLR008C,YFR037C,0,1.6807072,0.1973811835050583,0.8115652799606323,0.33109933137893677
YDL033C,YMR045C,0,1.6800199,0.19733333587646484,0.8115652799606323,0.3311993479728699
YDR283C,YIL155C,0,1.6795702,0.1972855031490326,0.8115652799606323,0.33129939436912537
YGR088W,YNL098C,0,1.6793696,0.19723770022392273,0.8115652799606323,0.33139941096305847
YNR043W,YNR040W,0,1.678935,0.19718992710113525,0.8115652799606323,0.33149945735931396
YPR168W,YNR041C,0,1.6787705,0.19714216887950897,0.8115652799606323,0.33159947395324707
YJR066W,YNL213C,0,1.6786861,0.19709442555904388,0.8115652799606323,0.33169952034950256
YCR037C,YGR014W,0,1.678565,0.19704672694206238,0.8115652799606323,0.33179953694343567
YNL136W,YKL212W,0,1.6782624,0.19699902832508087,0.8115652799606323,0.33189958333969116
YJR025C,YPR186C,0,1.6781881,0.19695137441158295,0.8115652799606323,0.33199959993362427
YGR189C,YJL189W,0,1.677954,0.19690372049808502,0.8115652799606323,0.3320996165275574
YOR151C,YGR184C,0,1.6758381,0.19685611128807068,0.8115652799606323,0.33219966292381287
YOL031C,YMR201C,0,1.6749406,0.19680851697921753,0.8115652799606323,0.33229967951774597
YJR158W,YDR400W,0,1.6737075,0.19676093757152557,0.8115652799606323,0.33239972591400146
YHR101C,YLR096W,0,1.6724168,0.196713387966156,0.8115652799606323,0.33249974250793457
YML005W,YJR076C,0,1.6722887,0.19666586816310883,0.8115652799606323,0.33259978890419006
YMR316W,YBR291C,0,1.6698523,0.19661836326122284,0.8115652799606323,0.33269980549812317
YDR447C,YJL133W,0,1.6692301,0.19657087326049805,0.8115652799606323,0.33279985189437866
YFR003C,YJR065C,0,1.6687849,0.19652341306209564,0.8115652799606323,0.33289986848831177
YJL148W,YPL038W,0,1.6686455,0.19647598266601562,0.8115652799606323,0.3329998850822449
YDR219C,YNR016C,0,1.6652222,0.1964285671710968,0.8115652799606323,0.33309993147850037
YBR289W,YCL057C-A,0,1.6647391,0.19638118147850037,0.8115652799606323,0.33319994807243347
YOR265W,YCR037C,0,1.6641731,0.19633381068706512,0.8115652799606323,0.33329999446868896
YNL330C,YCR009C,0,1.6636977,0.19628646969795227,0.8115652799606323,0.33340001106262207
YHR215W,YPR168W,0,1.6629126,0.1962391585111618,0.8115652799606323,0.33350005745887756
YJR145C,YDL231C,0,1.6628381,0.19619184732437134,0.8115652799606323,0.33360007405281067
YAL053W,YLR188W,0,1.6627991,0.19614458084106445,0.8115652799606323,0.33370012044906616
YBR251W,YKR097W,0,1.6622843,0.19609732925891876,0.8115652799606323,0.33380013704299927
YDR388W,YMR163C,0,1.6616768,0.19605009257793427,0.8115652799606323,0.33390018343925476
YHR161C,YGL059W,0,1.6588229,0.19600288569927216,0.8115652799606323,0.33400020003318787
YDR253C,YGR106C,0,1.6587929,0.19595570862293243,0.8115652799606323,0.33410021662712097
YOL018C,YNR001C,0,1.6586863,0.1959085464477539,0.8115652799606323,0.33420026302337646
YGL119W,YEL061C,0,1.6585435,0.19586139917373657,0.8115652799606323,0.33430027961730957
YER091C,YNR047W,0,1.6569653,0.19581428170204163,0.8115652799606323,0.33440032601356506
YHL036W,YDR330W,0,1.6568563,0.19576719403266907,0.8115652799606323,0.33450034260749817
YGR062C,YPL202C,0,1.6557755,0.1957201212644577,0.8115652799606323,0.33460038900375366
YDL190C,YNL151C,0,1.655441,0.19567307829856873,0.8115652799606323,0.33470040559768677
YOR076C,YFL041W,0,1.6548812,0.19562605023384094,0.8115652799606323,0.33480045199394226
YDR342C,YOL109W,0,1.6548226,0.19557905197143555,0.8115652799606323,0.33490046858787537
YDR071C,YOR069W,0,1.6547332,0.19553206861019135,0.8115652799606323,0.33500051498413086
YER061C,YMR071C,0,1.6546297,0.19548511505126953,0.8115652799606323,0.33510053157806396
YFR015C,YPR073C,0,1.6541489,0.1954381763935089,0.8115652799606323,0.33520054817199707
YGR231C,YNL310C,1,1.6533462,0.19563129544258118,0.8125622868537903,0.33520054817199707
YHR143W,YBR267W,0,1.6533036,0.19558435678482056,0.8125622868537903,0.33530059456825256
YEL030W,YIL142W,1,1.6527658,0.19577735662460327,0.8135592937469482,0.33530059456825256
YLL050C,YNL213C,0,1.6524774,0.19573038816452026,0.8135592937469482,0.33540061116218567
YIL070C,YDR032C,0,1.6523515,0.19568344950675964,0.8135592937469482,0.33550065755844116
YER091C,YBL020W,0,1.6506257,0.1956365406513214,0.8135592937469482,0.33560067415237427
YEL059C-A,YLR427W,0,1.6503057,0.19558964669704437,0.8135592937469482,0.33570072054862976
YIR017C,YBR251W,0,1.6495067,0.19554276764392853,0.8135592937469482,0.33580073714256287
YHR046C,YMR022W,0,1.6484429,0.19549593329429626,0.8135592937469482,0.33590078353881836
YGL161C,YCR075C,0,1.6472054,0.195449098944664,0.8135592937469482,0.33600080013275146
YLL038C,YNR045W,0,1.6471133,0.19540229439735413,0.8135592937469482,0.33610081672668457
YNR050C,YMR037C,0,1.6466519,0.19535551965236664,0.8135592937469482,0.33620086312294006
YIL112W,YKL042W,0,1.6459386,0.19530875980854034,0.8135592937469482,0.33630087971687317
YOL092W,YDR252W,0,1.6456162,0.19526202976703644,0.8135592937469482,0.33640092611312866
YEL013W,YDL108W,0,1.6445304,0.19521531462669373,0.8135592937469482,0.33650094270706177
YLR201C,YNL268W,0,1.6442902,0.1951686143875122,0.8135592937469482,0.33660098910331726
YNL280C,YGR014W,0,1.6438363,0.19512194395065308,0.8135592937469482,0.33670100569725037
YCR004C,YKL143W,0,1.6430783,0.19507530331611633,0.8135592937469482,0.33680105209350586
YOR265W,YDR032C,0,1.6430004,0.19502867758274078,0.8135592937469482,0.33690106868743896
YCR009C,YMR163C,0,1.6427231,0.19498208165168762,0.8135592937469482,0.33700111508369446
YCR072C,YNL119W,0,1.6425741,0.19493550062179565,0.8135592937469482,0.33710113167762756
YEL015W,YJL221C,0,1.6422112,0.19488894939422607,0.8135592937469482,0.33720114827156067
YOR269W,YBR164C,0,1.6420743,0.1948424130678177,0.8135592937469482,0.33730119466781616
YDR093W,YCR075C,0,1.6416967,0.1947958916425705,0.8135592937469482,0.33740121126174927
YNL001W,YDR046C,0,1.64119,0.1947494000196457,0.8135592937469482,0.33750125765800476
YIL027C,YIR036C,0,1.6403644,0.19470293819904327,0.8135592937469482,0.33760127425193787
YNL077W,YLR038C,0,1.6398709,0.19465649127960205,0.8135592937469482,0.33770132064819336
YMR298W,YJR001W,0,1.6397067,0.19461005926132202,0.8135592937469482,0.33780133724212646
YML106W,YDR052C,0,1.6392609,0.19456365704536438,0.8135592937469482,0.33790138363838196
YJR094W-A,YDR252W,0,1.6390402,0.19451728463172913,0.8135592937469482,0.33800140023231506
YDR532C,YNR045W,0,1.6388733,0.19447092711925507,0.8135592937469482,0.33810141682624817
YDR425W,YMR100W,0,1.6385534,0.1944245845079422,0.8135592937469482,0.33820146322250366
YAL020C,YGR002C,0,1.638278,0.19437827169895172,0.8135592937469482,0.33830147981643677
YLR237W,YIL115C,0,1.6381881,0.19433198869228363,0.8135592937469482,0.33840152621269226
YGR063C,YOR228C,0,1.6376786,0.19428572058677673,0.8135592937469482,0.33850154280662537
YOL152W,YGR162W,0,1.6368048,0.19423946738243103,0.8135592937469482,0.33860158920288086
YNL293W,YDL200C,0,1.636198,0.19419324398040771,0.8135592937469482,0.33870160579681396
YDR481C,YLR207W,0,1.6355743,0.1941470354795456,0.8135592937469482,0.33880165219306946
YML027W,YPL111W,0,1.6351769,0.19410085678100586,0.8135592937469482,0.33890166878700256
YBL060W,YPL204W,0,1.6343594,0.19405469298362732,0.8135592937469482,0.33900171518325806
YOL030W,YNL098C,0,1.6332362,0.19400855898857117,0.8135592937469482,0.33910173177719116
YKR059W,YBR207W,0,1.6325684,0.1939624398946762,0.8135592937469482,0.33920174837112427
YDR231C,YGR001C,0,1.6318713,0.19391635060310364,0.8135592937469482,0.33930179476737976
YHR172W,YAL008W,0,1.6317608,0.19387027621269226,0.8135592937469482,0.33940181136131287
YGL147C,YNR041C,0,1.6312332,0.19382423162460327,0.8135592937469482,0.33950185775756836
YLR096W,YHL004W,0,1.6310265,0.19377820193767548,0.8135592937469482,0.33960187435150146
YIL093C,YBL022C,0,1.6309361,0.19373218715190887,0.8135592937469482,0.33970192074775696
YDL212W,YLR090W,1,1.630889,0.19392356276512146,0.814556360244751,0.33970192074775696
YPL143W,YIR009W,0,1.630804,0.19387754797935486,0.814556360244751,0.33980193734169006
YBR036C,YDR130C,0,1.6307175,0.19383154809474945,0.814556360244751,0.33990198373794556
YJL090C,YOR070C,0,1.6302576,0.19378557801246643,0.814556360244751,0.34000200033187866
YNL331C,YGR002C,0,1.6301402,0.1937396228313446,0.814556360244751,0.34010201692581177
YDR481C,YBL088C,0,1.6292821,0.19369369745254517,0.814556360244751,0.34020206332206726
YIR017C,YJR126C,0,1.62869,0.19364778697490692,0.814556360244751,0.34030207991600037
YDL180W,YMR026C,0,1.6281159,0.19360189139842987,0.814556360244751,0.34040212631225586
YIL111W,YGR156W,0,1.627135,0.1935560256242752,0.814556360244751,0.34050214290618896
YCR020C,YAL010C,0,1.6271051,0.19351018965244293,0.814556360244751,0.34060218930244446
YJR022W,YAL008W,0,1.6269767,0.19346436858177185,0.814556360244751,0.34070220589637756
YGL185C,YBL022C,0,1.6268098,0.19341856241226196,0.814556360244751,0.34080225229263306
YBL078C,YBR156C,0,1.6258879,0.19337278604507446,0.814556360244751,0.34090226888656616
YBL039C,YPL143W,0,1.6258144,0.19332702457904816,0.814556360244751,0.34100231528282166
YBR264C,YMR071C,0,1.6257131,0.19328129291534424,0.814556360244751,0.34110233187675476
YNL218W,YGR154C,0,1.6256975,0.1932355761528015,0.814556360244751,0.34120234847068787
YNL227C,YJL148W,0,1.6250343,0.19318987429141998,0.814556360244751,0.34130239486694336
YDL033C,YJR097W,0,1.6248846,0.19314420223236084,0.814556360244751,0.34140241146087646
YBR048W,YGR014W,0,1.624466,0.19309855997562408,0.814556360244751,0.34150245785713196
YJL033W,YJR143C,0,1.6236893,0.19305293262004852,0.814556360244751,0.34160247445106506
YLR381W,YKL212W,0,1.6234066,0.19300732016563416,0.814556360244751,0.34170252084732056
YDL080C,YDL006W,0,1.6233101,0.19296173751354218,0.814556360244751,0.34180253744125366
YOR061W,YLR450W,0,1.6231716,0.1929161697626114,0.814556360244751,0.34190258383750916
YPR005C,YDL060W,0,1.6222887,0.192870631814003,0.814556360244751,0.34200260043144226
YNR020C,YLR371W,0,1.6220281,0.1928251087665558,0.814556360244751,0.34210261702537537
YDR036C,YKR048C,0,1.6218805,0.19277961552143097,0.814556360244751,0.34220266342163086
YBR286W,YNL098C,0,1.6217673,0.19273413717746735,0.814556360244751,0.34230268001556396
YDR236C,YJR068W,0,1.6217289,0.19268867373466492,0.814556360244751,0.34240272641181946
YOR120W,YNL115C,0,1.6186085,0.19264324009418488,0.814556360244751,0.34250274300575256
YNL188W,YIL124W,0,1.6183418,0.19259783625602722,0.814556360244751,0.34260278940200806
YOR067C,YHR181W,0,1.6183202,0.19255243241786957,0.814556360244751,0.34270280599594116
YGR124W,YDR130C,0,1.6182933,0.1925070732831955,0.814556360244751,0.34280285239219666
YML043C,YOL140W,0,1.6180824,0.19246171414852142,0.814556360244751,0.34290286898612976
YFR032C-A,YJL048C,0,1.6178387,0.19241638481616974,0.814556360244751,0.34300291538238525
YPR178W,YDR130C,0,1.6168673,0.19237108528614044,0.814556360244751,0.34310293197631836
YIL027C,YAL034W-A,0,1.6166401,0.19232580065727234,0.814556360244751,0.34320294857025146
YGL035C,YDR486C,0,1.6162801,0.19228053092956543,0.814556360244751,0.34330299496650696
YGR026W,YKL212W,0,1.6158497,0.1922352910041809,0.814556360244751,0.34340301156044006
YOR290C,YOR374W,0,1.6152245,0.19219006597995758,0.814556360244751,0.34350305795669556
YDR251W,YMR045C,0,1.6142039,0.19214487075805664,0.814556360244751,0.34360307455062866
YDR177W,YMR152W,0,1.6141402,0.1920996904373169,0.814556360244751,0.34370312094688416
YHL024W,YLR286C,0,1.6134491,0.19205453991889954,0.814556360244751,0.34380313754081726
YLR356W,YBR231C,0,1.6134162,0.19200940430164337,0.814556360244751,0.34390318393707275
YMR006C,YHR067W,0,1.6132214,0.1919642835855484,0.814556360244751,0.34400320053100586
YPL269W,YDL099W,0,1.6128707,0.19191919267177582,0.814556360244751,0.34410321712493896
YBR160W,YML091C,0,1.6122313,0.19187411665916443,0.814556360244751,0.34420326352119446
YLR201C,YER051W,0,1.6120198,0.19182907044887543,0.814556360244751,0.34430328011512756
YNL046W,YDR390C,0,1.6109751,0.19178403913974762,0.814556360244751,0.34440332651138306
YPL214C,YGR116W,0,1.610822,0.191739022731781,0.814556360244751,0.34450334310531616
YLL050C,YDR447C,0,1.6108,0.19169403612613678,0.814556360244751,0.34460338950157166
YFL016C,YDL229W,1,1.6098855,0.1918836534023285,0.8155533671379089,0.34460338950157166
YNL291C,YOR343W-A,0,1.6096804,0.19183865189552307,0.8155533671379089,0.34470340609550476
YJR022W,YKL198C,0,1.6091719,0.19179366528987885,0.8155533671379089,0.34480345249176025
YJR104C,YHR028C,0,1.6081548,0.191748708486557,0.8155533671379089,0.34490346908569336
YDL205C,YGR189C,0,1.6081526,0.19170376658439636,0.8155533671379089,0.34500351548194885
YOL030W,YDR313C,0,1.6080153,0.1916588544845581,0.8155533671379089,0.34510353207588196
YBR012W-A,YKR059W,0,1.6077173,0.19161395728588104,0.8155533671379089,0.34520354866981506
YNL227C,YCL050C,0,1.6076094,0.19156908988952637,0.8155533671379089,0.34530359506607056
YDR531W,YBR245C,0,1.6070616,0.19152423739433289,0.8155533671379089,0.34540361166000366
YAL020C,YDR421W,0,1.6065515,0.1914793998003006,0.8155533671379089,0.34550365805625916
YOR182C,YBL074C,0,1.6053286,0.1914345920085907,0.8155533671379089,0.34560367465019226
YDL137W,YLR450W,0,1.604451,0.191389799118042,0.8155533671379089,0.34570372104644775
YML085C,YDR362C,0,1.6044028,0.19134503602981567,0.8155533671379089,0.34580373764038086
YDR447C,YPL026C,0,1.6025355,0.19130028784275055,0.8155533671379089,0.34590378403663635
YML074C,YEL030W,1,1.6023376,0.19148936867713928,0.8165503740310669,0.34590378403663635
YML094W,YOL103W,0,1.6019084,0.19144460558891296,0.8165503740310669,0.34600380063056946
YFR032C-A,YLR276C,0,1.6011138,0.19139985740184784,0.8165503740310669,0.34610381722450256
YDR036C,YLR286C,0,1.6003649,0.1913551390171051,0.8165503740310669,0.34620386362075806
YFR006W,YNL115C,0,1.5989615,0.19131043553352356,0.8165503740310669,0.34630388021469116
YHR031C,YLR192C,0,1.5987732,0.1912657618522644,0.8165503740310669,0.34640392661094666
YIR012W,YEL065W,0,1.5977501,0.19122110307216644,0.8165503740310669,0.34650394320487976
YBL060W,YAR007C,0,1.5965626,0.19117647409439087,0.8165503740310669,0.34660398960113525
YMR139W,YPR166C,0,1.595259,0.1911318600177765,0.8165503740310669,0.34670400619506836
YBR289W,YLR221C,0,1.5940986,0.1910872608423233,0.8165503740310669,0.34680405259132385
YPL060W,YGR200C,0,1.5931771,0.1910426914691925,0.8165503740310669,0.34690406918525696
YJL164C,YCR028C,0,1.5914452,0.1909981369972229,0.8165503740310669,0.34700411558151245
YBR286W,YBR231C,0,1.5910969,0.1909535974264145,0.8165503740310669,0.34710413217544556
YHL040C,YGR274C,0,1.5909412,0.19090908765792847,0.8165503740310669,0.34720414876937866
YJL073W,YDR304C,1,1.5905946,0.19109764695167542,0.8175473809242249,0.34720414876937866
YLR381W,YPL149W,0,1.5875247,0.1910531222820282,0.8175473809242249,0.34730419516563416
YNL098C,YJR126C,0,1.5873028,0.19100861251354218,0.8175473809242249,0.34740421175956726
YJR013W,YDL180W,0,1.5860555,0.19096413254737854,0.8175473809242249,0.34750425815582275
YER048W-A,YNL149C,0,1.5856563,0.1909196674823761,0.8175473809242249,0.34760427474975586
YDR299W,YDR117C,0,1.584744,0.19087523221969604,0.8175473809242249,0.34770432114601135
YLR201C,YDR121W,0,1.5845451,0.19083081185817719,0.8175473809242249,0.34780433773994446
YCR010C,YDR390C,0,1.5843722,0.19078640639781952,0.8175473809242249,0.34790438413619995
YGL119W,YIL155C,0,1.5837077,0.19074203073978424,0.8175473809242249,0.34800440073013306
YDR388W,YBR198C,0,1.5834839,0.19069766998291016,0.8175473809242249,0.34810441732406616
YML018C,YDL115C,0,1.5830488,0.19065333902835846,0.8175473809242249,0.34820446372032166
YHR105W,YDR342C,0,1.5825162,0.19060902297496796,0.8175473809242249,0.34830448031425476
YEL054C,YDL101C,0,1.5815305,0.19056472182273865,0.8175473809242249,0.34840452671051025
YDR533C,YBL023C,0,1.5813949,0.19052045047283173,0.8175473809242249,0.34850454330444336
YBR159W,YHR105W,0,1.580822,0.190476194024086,0.8175473809242249,0.34860458970069885
YDL056W,YKR030W,0,1.5808197,0.19043195247650146,0.8175473809242249,0.34870460629463196
YDR424C,YKR030W,0,1.5806764,0.19038774073123932,0.8175473809242249,0.34880465269088745
YHL019C,YHL004W,0,1.5799692,0.19034354388713837,0.8175473809242249,0.34890466928482056
YOL030W,YLR265C,0,1.5797038,0.1902993768453598,0.8175473809242249,0.34900471568107605
YIL109C,YDR388W,0,1.5790969,0.19025522470474243,0.8175473809242249,0.34910473227500916
YDR299W,YBR159W,0,1.5785966,0.19021108746528625,0.8175473809242249,0.34920474886894226
YDR440W,YGL120C,0,1.5778538,0.19016698002815247,0.8175473809242249,0.34930479526519775
YGR223C,YOR174W,0,1.5775778,0.19012288749217987,0.8175473809242249,0.34940481185913086
YLR134W,YDR115W,0,1.5774636,0.19007880985736847,0.8175473809242249,0.34950485825538635
YER133W,YKR009C,0,1.5768722,0.19003476202487946,0.8175473809242249,0.34960487484931946
YGL229C,YDR224C,0,1.5768023,0.18999072909355164,0.8175473809242249,0.34970492124557495
YBR283C,YNL101W,0,1.5765653,0.1899467259645462,0.8175473809242249,0.34980493783950806
YNL242W,YBR251W,0,1.5765415,0.18990273773670197,0.8175473809242249,0.34990498423576355
YBL030C,YNL135C,0,1.5764421,0.18985876441001892,0.8175473809242249,0.35000500082969666
YJR022W,YOR039W,0,1.5756006,0.18981482088565826,0.8175473809242249,0.35010501742362976
YMR198W,YGR234W,0,1.5723081,0.1897708922624588,0.8175473809242249,0.35020506381988525
YCR020C,YJR126C,0,1.5718274,0.18972697854042053,0.8175473809242249,0.35030508041381836
YLR172C,YLR306W,0,1.5717714,0.18968309462070465,0.8175473809242249,0.35040512681007385
YHR215W,YNR070W,0,1.5713387,0.18963922560214996,0.8175473809242249,0.35050514340400696
YGR191W,YDR298C,0,1.57114,0.18959537148475647,0.8175473809242249,0.35060518980026245
YGL211W,YGR223C,0,1.57076,0.18955154716968536,0.8175473809242249,0.35070520639419556
YOR348C,YLR467W,0,1.5707319,0.18950773775577545,0.8175473809242249,0.35080525279045105
YHR064C,YDL212W,1,1.5704198,0.18969501554965973,0.8185443878173828,0.35080525279045105
YNL207W,YGR262C,0,1.5703876,0.18965119123458862,0.8185443878173828,0.35090526938438416
YEL017C-A,YKL108W,0,1.5703707,0.1896073967218399,0.8185443878173828,0.35100531578063965
YGR223C,YPR108W,0,1.5703604,0.18956361711025238,0.8185443878173828,0.35110533237457275
YDR011W,YNL135C,0,1.5699894,0.18951985239982605,0.8185443878173828,0.35120534896850586
YMR098C,YOR174W,0,1.569164,0.1894761174917221,0.8185443878173828,0.35130539536476135
YBL078C,YOR389W,0,1.5691485,0.18943239748477936,0.8185443878173828,0.35140541195869446
YLR396C,YOL149W,0,1.5681671,0.1893886923789978,0.8185443878173828,0.35150545835494995
YMR188C,YIL084C,0,1.566781,0.18934501707553864,0.8185443878173828,0.35160547494888306
YGR184C,YLR078C,0,1.5662315,0.18930135667324066,0.8185443878173828,0.35170552134513855
YGR159C,YMR051C,0,1.5646212,0.18925772607326508,0.8185443878173828,0.35180553793907166
YGL021W,YEL065W,0,1.563863,0.18921411037445068,0.8185443878173828,0.35190558433532715
YML034W,YJR058C,0,1.56358,0.18917050957679749,0.8185443878173828,0.35200560092926025
YMR088C,YJL097W,0,1.5633554,0.18912692368030548,0.8185443878173828,0.35210561752319336
YHR147C,YGL251C,0,1.5632623,0.18908336758613586,0.8185443878173828,0.35220566391944885
YAL013W,YHR140W,0,1.5624926,0.18903984129428864,0.8185443878173828,0.35230568051338196
YOR181W,YBR082C,0,1.5624504,0.1889963150024414,0.8185443878173828,0.35240572690963745
YER088C,YGL106W,0,1.5615892,0.18895281851291656,0.8185443878173828,0.35250574350357056
YDR388W,YJL041W,0,1.5605285,0.18890933692455292,0.8185443878173828,0.35260578989982605
YMR006C,YDR096W,0,1.5603524,0.18886588513851166,0.8185443878173828,0.35270580649375916
YDR270W,YLR433C,0,1.5600468,0.1888224482536316,0.8185443878173828,0.35280585289001465
YKR097W,YGL084C,0,1.5599437,0.18877902626991272,0.8185443878173828,0.35290586948394775
YLR364W,YDR443C,0,1.559825,0.18873563408851624,0.8185443878173828,0.35300591588020325
YPL037C,YNR028W,1,1.5595067,0.18892209231853485,0.8195413947105408,0.35300591588020325
YNR020C,YML060W,0,1.5592604,0.18887867033481598,0.8195413947105408,0.35310593247413635
YNL207W,YLR126C,0,1.5588863,0.1888352930545807,0.8195413947105408,0.35320594906806946
YNL331C,YDL051W,0,1.5586076,0.1887919157743454,0.8195413947105408,0.35330599546432495
YFL036W,YJL109C,0,1.5584984,0.1887485682964325,0.8195413947105408,0.35340601205825806
YDR347W,YDR265W,0,1.5578244,0.1887052357196808,0.8195413947105408,0.35350605845451355
YER007W,YLR259C,1,1.5568581,0.1888914406299591,0.8205384016036987,0.35350605845451355
YOR347C,YOR346W,0,1.5567988,0.1888480931520462,0.8205384016036987,0.35360607504844666
YMR281W,YDR134C,0,1.5548555,0.1888047754764557,0.8205384016036987,0.35370612144470215
YIL004C,YPL172C,0,1.5543101,0.18876147270202637,0.8205384016036987,0.35380613803863525
YPR166C,YJR033C,0,1.553163,0.18871818482875824,0.8205384016036987,0.35390618443489075
YJR016C,YNR016C,0,1.5531578,0.1886749267578125,0.8205384016036987,0.35400620102882385
YJR032W,YNL148C,1,1.551364,0.18886087834835052,0.8215354084968567,0.35400620102882385
YDL127W,YJR155W,0,1.5508753,0.1888176053762436,0.8215354084968567,0.35410621762275696
YPL148C,YLR192C,0,1.5500994,0.18877434730529785,0.8215354084968567,0.35420626401901245
YGR029W,YKL181W,0,1.5498778,0.1887311041355133,0.8215354084968567,0.35430628061294556
YDL200C,YHR010W,0,1.5490977,0.18868789076805115,0.8215354084968567,0.35440632700920105
YHR013C,YLR045C,0,1.548758,0.18864469230175018,0.8215354084968567,0.35450634360313416
YDR011W,YMR051C,0,1.5483449,0.1886015087366104,0.8215354084968567,0.35460638999938965
YNR027W,YDL190C,0,1.5482235,0.18855835497379303,0.8215354084968567,0.35470640659332275
YFR015C,YMR285C,0,1.5480137,0.18851521611213684,0.8215354084968567,0.35480645298957825
YPR036W,YDR326C,0,1.5478487,0.18847209215164185,0.8215354084968567,0.35490646958351135
YLR414C,YOL072W,0,1.547405,0.18842899799346924,0.8215354084968567,0.35500651597976685
YNR001C,YJR058C,0,1.5467432,0.18838591873645782,0.8215354084968567,0.35510653257369995
YOL138C,YLL022C,0,1.5455569,0.1883428543806076,0.8215354084968567,0.35520654916763306
YMR088C,YCL057C-A,0,1.5446603,0.18829981982707977,0.8215354084968567,0.35530659556388855
YER086W,YLR419W,0,1.544624,0.18825680017471313,0.8215354084968567,0.35540661215782166
YHL008C,YJL109C,0,1.5445533,0.1882137954235077,0.8215354084968567,0.35550665855407715
YMR023C,YHR070W,0,1.544098,0.18817082047462463,0.8215354084968567,0.35560667514801025
YMR235C,YDR520C,0,1.5433606,0.18812786042690277,0.8215354084968567,0.35570672154426575
YPL091W,YGL035C,0,1.5431416,0.1880849152803421,0.8215354084968567,0.35580673813819885
YIR017C,YOR221C,0,1.5430148,0.18804198503494263,0.8215354084968567,0.35590678453445435
YDR046C,YNL112W,0,1.5429752,0.18799908459186554,0.8215354084968567,0.35600680112838745
YER096W,YPR032W,0,1.5417825,0.18795619904994965,0.8215354084968567,0.35610681772232056
YPL271W,YKL059C,0,1.5405288,0.18791334331035614,0.8215354084968567,0.35620686411857605
YLL013C,YOR228C,0,1.540417,0.18787050247192383,0.8215354084968567,0.35630688071250916
YDR368W,YDR330W,0,1.5389011,0.1878276765346527,0.8215354084968567,0.35640692710876465
YOR347C,YPL101W,0,1.538706,0.18778486549854279,0.8215354084968567,0.35650694370269775
YGL021W,YGR123C,0,1.5382953,0.18774208426475525,0.8215354084968567,0.35660699009895325
YMR289W,YDL146W,0,1.5379301,0.1876993179321289,0.8215354084968567,0.35670700669288635
YCR096C,YIR023W,0,1.5373423,0.18765656650066376,0.8215354084968567,0.35680705308914185
YER070W,YEL021W,0,1.5371433,0.187613844871521,0.8215354084968567,0.35690706968307495
YIL155C,YLR176C,0,1.5370033,0.18757113814353943,0.8215354084968567,0.35700711607933044
YKR090W,YJL164C,0,1.5367873,0.18752844631671906,0.8215354084968567,0.35710713267326355
YBR296C,YJL062W,0,1.5360708,0.18748578429222107,0.8215354084968567,0.35720714926719666
YOR346W,YHR070W,0,1.5357275,0.18744313716888428,0.8215354084968567,0.35730719566345215
YGL168W,YBL069W,0,1.5354781,0.18740050494670868,0.8215354084968567,0.35740721225738525
YGL168W,YPL026C,0,1.5354497,0.18735788762569427,0.8215354084968567,0.35750725865364075
YOR265W,YDR511W,0,1.5348592,0.18731530010700226,0.8215354084968567,0.35760727524757385
YEL003W,YLR090W,1,1.5343977,0.1875,0.8225324153900146,0.35760727524757385
YJL143W,YJR126C,0,1.5340693,0.1874573975801468,0.8225324153900146,0.35770732164382935
YNR040W,YNL191W,0,1.5325453,0.18741481006145477,0.8225324153900146,0.35780733823776245
YNL012W,YNL115C,0,1.5310749,0.18737225234508514,0.8225324153900146,0.35790738463401794
YMR161W,YAL058W,1,1.5310533,0.18755677342414856,0.8235294222831726,0.35790738463401794
YMR128W,YLR246W,0,1.5307496,0.18751418590545654,0.8235294222831726,0.35800740122795105
YAL053W,YNL217W,0,1.5298129,0.18747162818908691,0.8235294222831726,0.35810741782188416
YOR356W,YLR097C,0,1.5293592,0.18742908537387848,0.8235294222831726,0.35820746421813965
YMR130W,YMR071C,0,1.5291648,0.18738657236099243,0.8235294222831726,0.35830748081207275
YML005W,YDR177W,0,1.5289764,0.18734407424926758,0.8235294222831726,0.35840752720832825
YPL028W,YGL106W,0,1.528682,0.18730159103870392,0.8235294222831726,0.35850754380226135
YGR101W,YJL090C,0,1.5280635,0.18725912272930145,0.8235294222831726,0.35860759019851685
YML034W,YOR120W,0,1.5277439,0.18721668422222137,0.8235294222831726,0.35870760679244995
YGL141W,YBL055C,0,1.5277016,0.1871742606163025,0.8235294222831726,0.35880765318870544
YDR387C,YGR262C,0,1.5266815,0.1871318519115448,0.8235294222831726,0.35890766978263855
YLR427W,YER113C,0,1.525819,0.1870894730091095,0.8235294222831726,0.35900771617889404
YDL144C,YGR002C,0,1.5244317,0.1870470941066742,0.8235294222831726,0.35910773277282715
YDR283C,YNL227C,0,1.5244207,0.18700475990772247,0.8235294222831726,0.35920774936676025
YHL036W,YPR021C,0,1.5239471,0.18696242570877075,0.8235294222831726,0.35930779576301575
YCL059C,YOL064C,0,1.5238276,0.18692012131214142,0.8235294222831726,0.35940781235694885
YJL129C,YGL191W,0,1.5212889,0.18687783181667328,0.8235294222831726,0.35950785875320435
YDL229W,YOR349W,1,1.5207725,0.18706175684928894,0.8245264291763306,0.35950785875320435
YDL137W,YPL177C,0,1.5205104,0.1870194524526596,0.8245264291763306,0.35960787534713745
YPL206C,YJL101C,0,1.5198572,0.18697716295719147,0.8245264291763306,0.35970792174339294
YBR142W,YAL003W,0,1.5194224,0.18693490326404572,0.8245264291763306,0.35980793833732605
YGR029W,YBL010C,0,1.5181375,0.18689265847206116,0.8245264291763306,0.35990798473358154
YOL100W,YMR071C,0,1.5180042,0.1868504285812378,0.8245264291763306,0.36000800132751465
YBR024W,YMR152W,0,1.5178361,0.18680822849273682,0.8245264291763306,0.36010801792144775
YGR002C,YMR071C,0,1.5164921,0.18676602840423584,0.8245264291763306,0.36020806431770325
YDR315C,YDR115W,0,1.5152795,0.18672385811805725,0.8245264291763306,0.36030808091163635
YOL103W,YLR438C-A,0,1.5148754,0.18668171763420105,0.8245264291763306,0.36040812730789185
YPL091W,YKL116C,0,1.5145564,0.18663959205150604,0.8245264291763306,0.36050814390182495
YER036C,YIL090W,0,1.5139725,0.18659746646881104,0.8245264291763306,0.36060819029808044
YDR479C,YGR009C,0,1.513252,0.1865553855895996,0.8245264291763306,0.36070820689201355
YGR132C,YPL064C,1,1.5126431,0.18673883378505707,0.8255234360694885,0.36070820689201355
YMR171C,YCL050C,0,1.5126181,0.18669672310352325,0.8255234360694885,0.36080825328826904
YDR121W,YLR127C,0,1.5125273,0.18665464222431183,0.8255234360694885,0.36090826988220215
YFL039C,YER110C,0,1.5117855,0.1866125762462616,0.8255234360694885,0.36100831627845764
YOR308C,YBL075C,0,1.5115893,0.18657052516937256,0.8255234360694885,0.36110833287239075
YOL139C,YOR127W,0,1.5114417,0.1865285038948059,0.8255234360694885,0.36120834946632385
YER086W,YOR270C,0,1.5109648,0.18648648262023926,0.8255234360694885,0.36130839586257935
YLL009C,YKL173W,0,1.5107753,0.186444491147995,0.8255234360694885,0.36140841245651245
YEL003W,YHR142W,1,1.5107553,0.18662764132022858,0.8265204429626465,0.36140841245651245
YJR158W,YPL019C,0,1.5102229,0.18658563494682312,0.8265204429626465,0.36150845885276794
YBL075C,YLR147C,0,1.5093951,0.18654365837574005,0.8265204429626465,0.36160847544670105
YKL156W,YPL214C,0,1.5081761,0.18650168180465698,0.8265204429626465,0.36170852184295654
YDR487C,YPL186C,0,1.5079572,0.1864597350358963,0.8265204429626465,0.36180853843688965
YCR037C,YPR031W,0,1.5078206,0.18641780316829681,0.8265204429626465,0.36190858483314514
YFR015C,YBL061C,0,1.5067391,0.18637590110301971,0.8265204429626465,0.36200860142707825
YLR448W,YMR051C,0,1.5065811,0.1863340139389038,0.8265204429626465,0.36210861802101135
YBR245C,YMR022W,0,1.5062099,0.1862921416759491,0.8265204429626465,0.36220866441726685
YDR531W,YAR018C,0,1.505985,0.18625028431415558,0.8265204429626465,0.36230868101119995
YNL135C,YHR057C,1,1.5057627,0.18643306195735931,0.8275174498558044,0.36230868101119995
YBL021C,YHR081W,0,1.5056123,0.1863911896944046,0.8275174498558044,0.36240872740745544
YAL013W,YER053C,0,1.5055566,0.18634934723377228,0.8275174498558044,0.36250874400138855
YML048W,YOR242C,0,1.5053265,0.18630751967430115,0.8275174498558044,0.36260879039764404
YOR257W,YDR326C,0,1.5048144,0.1862657070159912,0.8275174498558044,0.36270880699157715
YBR024W,YDR134C,0,1.5046262,0.18622392416000366,0.8275174498558044,0.36280885338783264
YMR088C,YOR096W,0,1.5046139,0.1861821413040161,0.8275174498558044,0.36290886998176575
YDR465C,YGR001C,0,1.504175,0.18614038825035095,0.8275174498558044,0.36300891637802124
YHR027C,YHR081W,0,1.5029497,0.18609865009784698,0.8275174498558044,0.36310893297195435
YJL198W,YPR042C,0,1.5023088,0.1860569417476654,0.8275174498558044,0.36320894956588745
YNL046W,YJR045C,0,1.500912,0.18601523339748383,0.8275174498558044,0.36330899596214294
YGL119W,YJL048C,0,1.5008392,0.18597355484962463,0.8275174498558044,0.36340901255607605
YJR098C,YBR012W-B,0,1.5007249,0.18593190610408783,0.8275174498558044,0.36350905895233154
YGL178W,YDL185W,0,1.5005903,0.18589025735855103,0.8275174498558044,0.36360907554626465
YGL040C,YCR010C,0,1.500449,0.1858486384153366,0.8275174498558044,0.36370912194252014
YMR166C,YBR264C,0,1.5001827,0.1858070343732834,0.8275174498558044,0.36380913853645325
YBR055C,YNL213C,0,1.499835,0.18576544523239136,0.8275174498558044,0.36390918493270874
YDR510W,YPR122W,0,1.4995818,0.18572387099266052,0.8275174498558044,0.36400920152664185
YOR175C,YGL090W,0,1.4994358,0.18568232655525208,0.8275174498558044,0.36410921812057495
YPL177C,YLR186W,0,1.4993944,0.18564079701900482,0.8275174498558044,0.36420926451683044
YHR027C,YDL146W,0,1.4991602,0.18559928238391876,0.8275174498558044,0.36430928111076355
YNL112W,YML091C,0,1.4988276,0.1855577975511551,0.8275174498558044,0.36440932750701904
YER088C,YBR142W,0,1.498311,0.18551631271839142,0.8275174498558044,0.36450934410095215
YOL092W,YKL212W,0,1.4970324,0.18547485768795013,0.8275174498558044,0.36460939049720764
YGR106C,YJR134C,0,1.4963939,0.18543341755867004,0.8275174498558044,0.36470940709114075
YML091C,YBL090W,0,1.4962647,0.18539200723171234,0.8275174498558044,0.36480945348739624
YOL067C,YDL075W,0,1.4952583,0.18535059690475464,0.8275174498558044,0.36490947008132935
YGR008C,YHR086W,0,1.494521,0.18530921638011932,0.8275174498558044,0.36500951647758484
YBL078C,YGR086C,0,1.4937484,0.1852678507566452,0.8275174498558044,0.36510953307151794
YNL159C,YJR065C,0,1.4937148,0.18522651493549347,0.8275174498558044,0.36520954966545105
YIR004W,YAL058W,1,1.4937129,0.18540829420089722,0.8285144567489624,0.36520954966545105
YBR101C,YDR252W,1,1.4931767,0.1855900138616562,0.8295114636421204,0.36520954966545105
YNL311C,YGR029W,0,1.4929118,0.18554861843585968,0.8295114636421204,0.36530959606170654
YML070W,YKL116C,0,1.4913495,0.18550725281238556,0.8295114636421204,0.36540961265563965
YOL018C,YNL015W,0,1.4893541,0.18546588718891144,0.8295114636421204,0.36550965905189514
YDR520C,YHL047C,0,1.4888961,0.1854245662689209,0.8295114636421204,0.36560967564582825
YPL144W,YLR078C,0,1.4888743,0.18538324534893036,0.8295114636421204,0.36570972204208374
YBR176W,YFR003C,0,1.4882004,0.1853419542312622,0.8295114636421204,0.36580973863601685
YOL092W,YDR507C,0,1.4879322,0.18530066311359406,0.8295114636421204,0.36590978503227234
YLR204W,YLL011W,0,1.4879065,0.1852594017982483,0.8295114636421204,0.36600980162620544
YER112W,YMR311C,0,1.486306,0.18521817028522491,0.8295114636421204,0.36610981822013855
YDR231C,YMR017W,0,1.4859288,0.18517693877220154,0.8295114636421204,0.36620986461639404
YNL322C,YDR363W-A,0,1.4856474,0.18513573706150055,0.8295114636421204,0.36630988121032715
YCR096C,YOL002C,0,1.4851382,0.18509455025196075,0.8295114636421204,0.36640992760658264
YHR023W,YKL109W,0,1.4841534,0.18505337834358215,0.8295114636421204,0.36650994420051575
YGL178W,YDR421W,0,1.4839845,0.18501223623752594,0.8295114636421204,0.36660999059677124
YDR036C,YBL090W,0,1.4834957,0.18497109413146973,0.8295114636421204,0.36671000719070435
YLR142W,YLR370C,0,1.4830811,0.1849299818277359,0.8295114636421204,0.36681005358695984
YJL125C,YOL125W,0,1.4825127,0.18488888442516327,0.8295114636421204,0.36691007018089294
YLR439W,YLL001W,0,1.4824176,0.18484781682491302,0.8295114636421204,0.36701011657714844
YEL016C,YMR224C,0,1.4816564,0.18480674922466278,0.8295114636421204,0.36711013317108154
YJR160C,YDR420W,0,1.4813108,0.18476571142673492,0.8295114636421204,0.36721014976501465
YNL310C,YGR078C,1,1.4811695,0.1849467158317566,0.8305084705352783,0.36721014976501465
YGL191W,YCR037C,0,1.4810445,0.18490566313266754,0.8305084705352783,0.36731019616127014
YMR221C,YOR044W,0,1.4798539,0.18486462533473969,0.8305084705352783,0.36741021275520325
YBR160W,YCL031C,0,1.479703,0.18482360243797302,0.8305084705352783,0.36751025915145874
YDR466W,YOL103W,0,1.4791064,0.18478260934352875,0.8305084705352783,0.36761027574539185
YAR010C,YPR041W,0,1.4785454,0.18474163115024567,0.8305084705352783,0.36771032214164734
YHR143W,YAR010C,0,1.4775265,0.18470066785812378,0.8305084705352783,0.36781033873558044
YGR058W,YLR327C,0,1.4770566,0.18465971946716309,0.8305084705352783,0.36791038513183594
YHR184W,YGR054W,0,1.4769047,0.18461880087852478,0.8305084705352783,0.36801040172576904
YER096W,YDR158W,0,1.4767716,0.18457788228988647,0.8305084705352783,0.36811041831970215
YGL089C,YCR094W,0,1.4767009,0.18453699350357056,0.8305084705352783,0.36821046471595764
YIL155C,YLR306W,0,1.4758699,0.18449611961841583,0.8305084705352783,0.36831048130989075
YKR050W,YOL002C,0,1.4751005,0.1844552755355835,0.8305084705352783,0.36841052770614624
YMR166C,YLL011W,0,1.4750571,0.18441443145275116,0.8305084705352783,0.36851054430007935
YJL165C,YDR447C,0,1.4746143,0.1843736171722412,0.8305084705352783,0.36861059069633484
YIL171W,YKR104W,0,1.474607,0.18433281779289246,0.8305084705352783,0.36871060729026794
YGL128C,YJL073W,1,1.4743133,0.18451327085494995,0.8315054774284363,0.36871060729026794
YBR205W,YMR128W,0,1.4733589,0.18447245657444,0.8315054774284363,0.36881065368652344
YIL125W,YJR065C,0,1.4721686,0.18443167209625244,0.8315054774284363,0.36891067028045654
YBL069W,YGR135W,0,1.4719789,0.18439088761806488,0.8315054774284363,0.36901071667671204
YDR139C,YNL151C,0,1.4714375,0.1843501329421997,0.8315054774284363,0.36911073327064514
YLR204W,YPR073C,0,1.4705136,0.18430939316749573,0.8315054774284363,0.36921074986457825
YLR283W,YOR043W,0,1.4701321,0.18426866829395294,0.8315054774284363,0.36931079626083374
YBL022C,YBR009C,0,1.4694471,0.18422795832157135,0.8315054774284363,0.36941081285476685
YDR036C,YHR105W,0,1.4690244,0.18418727815151215,0.8315054774284363,0.36951085925102234
YLR414C,YDR393W,0,1.4689217,0.18414661288261414,0.8315054774284363,0.36961087584495544
YNL213C,YNL189W,0,1.4674286,0.18410596251487732,0.8315054774284363,0.36971092224121094
YNL049C,YOL003C,0,1.4671912,0.1840653270483017,0.8315054774284363,0.36981093883514404
YLR096W,YPR031W,0,1.4666665,0.18402470648288727,0.8315054774284363,0.36991098523139954
YBR158W,YFL044C,0,1.4662969,0.18398411571979523,0.8315054774284363,0.37001100182533264
YCR081W,YMR051C,0,1.465862,0.18394353985786438,0.8315054774284363,0.37011101841926575
YIR015W,YDL110C,0,1.4652734,0.18390297889709473,0.8315054774284363,0.37021106481552124
YCR096C,YOR061W,0,1.4652032,0.18386243283748627,0.8315054774284363,0.37031108140945435
YIR002C,YJL190C,0,1.46505,0.183821901679039,0.8315054774284363,0.37041112780570984
YEL017C-A,YML060W,0,1.464194,0.18378140032291412,0.8315054774284363,0.37051114439964294
YDR139C,YOL080C,0,1.4637957,0.18374091386795044,0.8315054774284363,0.37061119079589844
YJR065C,YIL112W,0,1.4634722,0.18370044231414795,0.8315054774284363,0.37071120738983154
YCL059C,YMR127C,0,1.4619857,0.18365998566150665,0.8315054774284363,0.37081125378608704
YBR214W,YOL147C,0,1.4617136,0.18361954391002655,0.8315054774284363,0.37091127038002014
YDR118W,YGL106W,0,1.4616616,0.18357913196086884,0.8315054774284363,0.37101131677627563
YGL211W,YFR041C,0,1.4607167,0.18353873491287231,0.8315054774284363,0.37111133337020874
YFL036W,YDR197W,0,1.4606128,0.183498352766037,0.8315054774284363,0.37121134996414185
YDL137W,YNL136W,0,1.4605788,0.18345798552036285,0.8315054774284363,0.37131139636039734
YGL211W,YMR150C,0,1.4602501,0.18341763317584991,0.8315054774284363,0.37141141295433044
YDL060W,YGR054W,0,1.4600012,0.18337731063365936,0.8315054774284363,0.37151145935058594
YHL047C,YPL204W,0,1.4596407,0.18333700299263,0.8315054774284363,0.37161147594451904
YOR356W,YOL056W,0,1.4587253,0.18329671025276184,0.8315054774284363,0.37171152234077454
YML054C,YNL007C,0,1.4580079,0.18325643241405487,0.8315054774284363,0.37181153893470764
YMR256C,YMR045C,0,1.4575156,0.1832161694765091,0.8315054774284363,0.37191158533096313
YDR248C,YMR297W,0,1.4567986,0.1831759214401245,0.8315054774284363,0.37201160192489624
YOL031C,YGL249W,0,1.4560694,0.18313570320606232,0.8315054774284363,0.37211164832115173
YDR242W,YPL186C,0,1.4557879,0.18309549987316132,0.8315054774284363,0.37221166491508484
YBR160W,YOR127W,0,1.4557197,0.1830553114414215,0.8315054774284363,0.37231168150901794
YDR013W,YFL044C,0,1.4553572,0.1830151379108429,0.8315054774284363,0.37241172790527344
YDL204W,YMR256C,0,1.4550456,0.18297499418258667,0.8315054774284363,0.37251174449920654
YGR063C,YEL050C,0,1.4540594,0.18293485045433044,0.8315054774284363,0.37261179089546204
YPR166C,YIL078W,0,1.4532646,0.1828947365283966,0.8315054774284363,0.37271180748939514
YMR292W,YGL095C,0,1.4516768,0.18285463750362396,0.8315054774284363,0.37281185388565063
YPR102C,YHL016C,0,1.4513761,0.1828145533800125,0.8315054774284363,0.37291187047958374
YGR086C,YDR197W,0,1.4509649,0.18277448415756226,0.8315054774284363,0.37301191687583923
YNL292W,YIL115C,0,1.4501245,0.1827344447374344,0.8315054774284363,0.37311193346977234
YNL330C,YMR016C,0,1.44843,0.1826944202184677,0.8315054774284363,0.37321195006370544
YBR035C,YGR194C,0,1.4482973,0.18265439569950104,0.8315054774284363,0.37331199645996094
YDR420W,YBR299W,0,1.4481772,0.18261440098285675,0.8315054774284363,0.37341201305389404
YFR003C,YJL025W,0,1.4480299,0.18257443606853485,0.8315054774284363,0.37351205945014954
YNR028W,YDL229W,1,1.4453498,0.18275333940982819,0.8325024843215942,0.37351205945014954
YOL030W,YHR070W,0,1.4452864,0.1827133446931839,0.8325024843215942,0.37361207604408264
YIL072W,YAR007C,0,1.4447968,0.182673379778862,0.8325024843215942,0.37371212244033813
YIL142W,YJL008C,1,1.4447331,0.1828521490097046,0.8334994912147522,0.37371212244033813
YDR044W,YPR016C,0,1.4443691,0.1828121542930603,0.8334994912147522,0.37381213903427124
YIR014W,YNL101W,0,1.4438002,0.1827721893787384,0.8334994912147522,0.37391218543052673
YML106W,YLR040C,0,1.4437289,0.1827322393655777,0.8334994912147522,0.37401220202445984
YDL085W,YIL078W,0,1.4436619,0.18269230425357819,0.8334994912147522,0.37411224842071533
YDL136W,YKL154W,0,1.4434953,0.18265239894390106,0.8334994912147522,0.37421226501464844
YPL195W,YJL136C,0,1.4434663,0.18261249363422394,0.8334994912147522,0.37431228160858154
YHR034C,YML048W,1,1.4424105,0.18279100954532623,0.8344964981079102,0.37431228160858154
YDR071C,YBR009C,0,1.4421763,0.18275108933448792,0.8344964981079102,0.37441232800483704
YDL184C,YAL025C,0,1.4419743,0.18271119892597198,0.8344964981079102,0.37451234459877014
YBR240C,YAL025C,0,1.4416631,0.18267132341861725,0.8344964981079102,0.37461239099502563
YIL016W,YHR176W,1,1.4406248,0.18284966051578522,0.8354935050010681,0.37461239099502563
YER082C,YJR155W,0,1.4392037,0.1828097701072693,0.8354935050010681,0.37471240758895874
YCL055W,YHR136C,0,1.4391391,0.18276989459991455,0.8354935050010681,0.37481245398521423
YNL293W,YIL070C,0,1.4385519,0.1827300488948822,0.8354935050010681,0.37491247057914734
YHR023W,YBL082C,0,1.438542,0.18269021809101105,0.8354935050010681,0.37501251697540283
YJL165C,YEL015W,0,1.4385418,0.1826503872871399,0.8354935050010681,0.37511253356933594
YNL136W,YMR314W,0,1.4377923,0.18261058628559113,0.8354935050010681,0.37521255016326904
YLR343W,YLL038C,0,1.4377561,0.18257080018520355,0.8354935050010681,0.37531259655952454
YJL046W,YDL184C,0,1.4376986,0.18253104388713837,0.8354935050010681,0.37541261315345764
YBR024W,YOR290C,0,1.4369451,0.18249128758907318,0.8354935050010681,0.37551265954971313
YLL009C,YLR433C,0,1.436164,0.18245156109333038,0.8354935050010681,0.37561267614364624
YOR278W,YOR381W,0,1.4342699,0.18241183459758759,0.8354935050010681,0.37571272253990173
YMR264W,YIL160C,0,1.433932,0.18237213790416718,0.8354935050010681,0.37581273913383484
YDR012W,YGL137W,0,1.4335248,0.18233245611190796,0.8354935050010681,0.37591278553009033
YEL059C-A,YJL121C,0,1.4331803,0.18229280412197113,0.8354935050010681,0.37601280212402344
YMR281W,YKL109W,0,1.4330299,0.1822531521320343,0.8354935050010681,0.37611284852027893
YDR252W,YCR060W,1,1.4327973,0.18243096768856049,0.8364905118942261,0.37611284852027893
YDR388W,YBR205W,0,1.4324665,0.18239130079746246,0.8364905118942261,0.37621286511421204
YGL021W,YAL020C,0,1.4322168,0.18235166370868683,0.8364905118942261,0.37631288170814514
YGL089C,YLR086W,0,1.4322162,0.1823120415210724,0.8364905118942261,0.37641292810440063
YMR256C,YJL025W,0,1.4314944,0.18227243423461914,0.8364905118942261,0.37651294469833374
YHR017W,YOR270C,0,1.4309492,0.1822328418493271,0.8364905118942261,0.37661299109458923
YLR283W,YPR073C,0,1.4298348,0.18219326436519623,0.8364905118942261,0.37671300768852234
YGL191W,YEL058W,0,1.4296279,0.18215371668338776,0.8364905118942261,0.37681305408477783
YOL031C,YLR176C,0,1.4296104,0.18211416900157928,0.8364905118942261,0.37691307067871094
YML074C,YJR017C,1,1.428419,0.1822916716337204,0.837487518787384,0.37691307067871094
YOR278W,YGR008C,0,1.4282111,0.18225210905075073,0.837487518787384,0.37701311707496643
YLR038C,YDR116C,0,1.4278109,0.18221257627010345,0.837487518787384,0.37711313366889954
YBR213W,YPR047W,0,1.4264526,0.18217305839061737,0.837487518787384,0.37721315026283264
YCR069W,YEL030W,1,1.426188,0.18235039710998535,0.838484525680542,0.37721315026283264
YBR092C,YER061C,0,1.4260806,0.18231086432933807,0.838484525680542,0.37731319665908813
YDL030W,YGR063C,0,1.4256016,0.182271346449852,0.838484525680542,0.37741321325302124
YMR281W,YCR004C,0,1.4240229,0.1822318583726883,0.838484525680542,0.37751325964927673
YKR038C,YOR290C,0,1.4233875,0.1821923702955246,0.838484525680542,0.37761327624320984
YFR008W,YHR036W,0,1.4229141,0.1821529120206833,0.838484525680542,0.37771332263946533
YFL036W,YFL037W,0,1.4226497,0.18211346864700317,0.838484525680542,0.37781333923339844
YMR130W,YLR343W,0,1.4219885,0.18207404017448425,0.838484525680542,0.37791338562965393
YIL074C,YLR381W,0,1.4206464,0.18203462660312653,0.838484525680542,0.37801340222358704
YBR286W,YLR106C,0,1.4206096,0.1819952428340912,0.838484525680542,0.37811344861984253
YOR150W,YER030W,0,1.4187447,0.18195585906505585,0.838484525680542,0.37821346521377563
YGR088W,YOL133W,0,1.4186535,0.1819165050983429,0.838484525680542,0.37831348180770874
YKR048C,YDR054C,0,1.4184376,0.18187716603279114,0.838484525680542,0.37841352820396423
YML104C,YDL108W,0,1.4184175,0.18183784186840057,0.838484525680542,0.37851354479789734
YPL221W,YNR028W,1,1.4169489,0.18201470375061035,0.8394815325737,0.37851354479789734
YLR098C,YGL211W,0,1.4167609,0.1819753646850586,0.8394815325737,0.37861359119415283
YLR100W,YPR032W,0,1.4160764,0.18193604052066803,0.8394815325737,0.37871360778808594
YGR058W,YAL010C,0,1.4151981,0.18189673125743866,0.8394815325737,0.37881365418434143
YIL136W,YNR041C,0,1.4138914,0.18185745179653168,0.8394815325737,0.37891367077827454
YMR257C,YDR447C,0,1.4138298,0.1818181872367859,0.8394815325737,0.37901371717453003
YBR240C,YGR184C,0,1.4132708,0.1817789226770401,0.8394815325737,0.37911373376846313
YGR029W,YIR012W,0,1.4131504,0.1817396879196167,0.8394815325737,0.37921375036239624
YML027W,YOL120C,0,1.4130414,0.1817004680633545,0.8394815325737,0.37931379675865173
YBR055C,YNL289W,0,1.4125816,0.18166127800941467,0.8394815325737,0.37941381335258484
YCR098C,YPL059W,0,1.4121892,0.18162208795547485,0.8394815325737,0.37951385974884033
YLR370C,YKR038C,0,1.4116874,0.18158291280269623,0.8394815325737,0.37961387634277344
YDR166C,YKL164C,0,1.4112632,0.18154376745224,0.8394815325737,0.37971392273902893
YOR228C,YPL111W,0,1.4106176,0.18150463700294495,0.8394815325737,0.37981393933296204
YGL223C,YLR186W,0,1.410507,0.1814655214548111,0.8394815325737,0.37991398572921753
YMR171C,YNL244C,0,1.4096951,0.18142642080783844,0.8394815325737,0.38001400232315063
YJL046W,YPL103C,0,1.408633,0.18138733506202698,0.8394815325737,0.38011404871940613
YBL088C,YNR011C,0,1.4084744,0.1813482642173767,0.8394815325737,0.38021406531333923
YIR012W,YNL135C,0,1.4081936,0.18130922317504883,0.8394815325737,0.38031408190727234
YIL074C,YBR289W,0,1.4068866,0.18127018213272095,0.8394815325737,0.38041412830352783
YKL195W,YDR313C,0,1.4047601,0.18123117089271545,0.8394815325737,0.38051414489746094
YGL035C,YCR054C,0,1.4046409,0.18119215965270996,0.8394815325737,0.38061419129371643
YNR043W,YMR312W,0,1.4043214,0.18115317821502686,0.8394815325737,0.38071420788764954
YDL069C,YBL024W,0,1.4041718,0.18111421167850494,0.8394815325737,0.38081425428390503
YPR166C,YOR211C,0,1.4041507,0.18107527494430542,0.8394815325737,0.38091427087783813
YDR074W,YLR343W,0,1.4030803,0.1810363382101059,0.8394815325737,0.38101431727409363
YDR436W,YOL109W,0,1.4027307,0.18099741637706757,0.8394815325737,0.38111433386802673
YGL185C,YJL109C,0,1.4022975,0.18095852434635162,0.8394815325737,0.38121435046195984
YGL137W,YPL031C,0,1.4022357,0.18091963231563568,0.8394815325737,0.38131439685821533
YDR003W,YPR021C,0,1.4017706,0.18088077008724213,0.8394815325737,0.38141441345214844
YLR304C,YOR044W,0,1.401609,0.18084192276000977,0.8394815325737,0.38151445984840393
YHR186C,YDR054C,0,1.4015598,0.1808030903339386,0.8394815325737,0.38161447644233704
YOL018C,YGL084C,0,1.4014897,0.18076427280902863,0.8394815325737,0.38171452283859253
YOL138C,YKL017C,0,1.4011972,0.18072547018527985,0.8394815325737,0.38181453943252563
YOR150W,YNL325C,0,1.4008108,0.18068669736385345,0.8394815325737,0.38191458582878113
YPL048W,YNL096C,0,1.4005475,0.18064792454242706,0.8394815325737,0.38201460242271423
YCR096C,YGL039W,0,1.4001347,0.18060918152332306,0.8394815325737,0.3821146488189697
YNR050C,YBR058C-A,0,1.3999714,0.18057045340538025,0.8394815325737,0.38221466541290283
YDR425W,YIL138C,0,1.3996753,0.18053172528743744,0.8394815325737,0.38231468200683594
YGR088W,YBR299W,0,1.3990986,0.18049302697181702,0.8394815325737,0.38241472840309143
YDR236C,YCR075C,0,1.3980552,0.1804543435573578,0.8394815325737,0.38251474499702454
YJL108C,YOR332W,0,1.3977075,0.18041568994522095,0.8394815325737,0.38261479139328003
YNL077W,YMR161W,1,1.3971523,0.18059125542640686,0.8404785394668579,0.38261479139328003
YBR024W,YOR265W,0,1.3971505,0.18055258691310883,0.8404785394668579,0.38271480798721313
YDL166C,YPR073C,0,1.3962094,0.1805139183998108,0.8404785394668579,0.38281485438346863
YPR156C,YLR414C,0,1.3959444,0.18047527968883514,0.8404785394668579,0.38291487097740173
YDR510W,YNL091W,0,1.3956115,0.1804366409778595,0.8404785394668579,0.3830149173736572
YLR127C,YDR322W,0,1.3952751,0.18039803206920624,0.8404785394668579,0.38311493396759033
YPR156C,YDL192W,0,1.3942399,0.18035943806171417,0.8404785394668579,0.38321495056152344
YHR172W,YNL306W,0,1.393893,0.1803208589553833,0.8404785394668579,0.38331499695777893
YBR159W,YPL160W,0,1.3932906,0.18028229475021362,0.8404785394668579,0.38341501355171204
YPL089C,YOR044W,0,1.3932428,0.18024374544620514,0.8404785394668579,0.38351505994796753
YDR228C,YAL008W,0,1.3931658,0.18020521104335785,0.8404785394668579,0.38361507654190063
YIL009C-A,YDR298C,0,1.3929378,0.18016670644283295,0.8404785394668579,0.38371512293815613
YER112W,YFR007W,0,1.3925719,0.18012820184230804,0.8404785394668579,0.38381513953208923
YDL229W,YLL026W,1,1.3923031,0.18030335009098053,0.8414755463600159,0.38381513953208923
YPL231W,YGL095C,0,1.391865,0.18026484549045563,0.8414755463600159,0.3839151859283447
YMR292W,YML091C,0,1.3910943,0.18022635579109192,0.8414755463600159,0.38401520252227783
YDR447C,YBL090W,0,1.3905406,0.1801878809928894,0.8414755463600159,0.3841152489185333
YER120W,YAL025C,0,1.3904383,0.1801494061946869,0.8414755463600159,0.38421526551246643
YMR297W,YJR158W,0,1.3897274,0.18011097609996796,0.8414755463600159,0.38431528210639954
YNL213C,YLR357W,0,1.3897231,0.18007254600524902,0.8414755463600159,0.38441532850265503
YOL152W,YLR427W,0,1.3891015,0.18003413081169128,0.8414755463600159,0.38451534509658813
YNL166C,YLR139C,0,1.3881285,0.17999573051929474,0.8414755463600159,0.38461539149284363
YGL021W,YDR299W,0,1.3876934,0.17995736002922058,0.8414755463600159,0.38471540808677673
YBR055C,YPR047W,0,1.38693,0.17991898953914642,0.8414755463600159,0.3848154544830322
YBR237W,YDR047W,0,1.3866186,0.17988064885139465,0.8414755463600159,0.38491547107696533
YMR201C,YGR124W,0,1.38608,0.17984232306480408,0.8414755463600159,0.3850155174732208
YOR027W,YDR252W,1,1.3859258,0.18001703917980194,0.8424725532531738,0.3850155174732208
YDL129W,YNL151C,0,1.3853003,0.17997869849205017,0.8424725532531738,0.38511553406715393
YML129C,YOR201C,0,1.3836337,0.1799403727054596,0.8424725532531738,0.38521555066108704
YDL080C,YHR081W,0,1.3835921,0.1799020618200302,0.8424725532531738,0.38531559705734253
YKR037C,YOR075W,0,1.3834944,0.17986376583576202,0.8424725532531738,0.38541561365127563
YIL172C,YJR158W,0,1.382689,0.17982549965381622,0.8424725532531738,0.38551566004753113
YOR179C,YHL019C,0,1.3824612,0.17978723347187042,0.8424725532531738,0.38561567664146423
YDR117C,YJL148W,0,1.3818197,0.17974898219108582,0.8424725532531738,0.3857157230377197
YOL127W,YPR070W,0,1.3804868,0.1797107607126236,0.8424725532531738,0.38581573963165283
YIL004C,YKL024C,0,1.3802615,0.17967255413532257,0.8424725532531738,0.3859157860279083
YOR175C,YDL164C,0,1.3802087,0.17963434755802155,0.8424725532531738,0.38601580262184143
YHR013C,YOR332W,0,1.3787094,0.1795961707830429,0.8424725532531738,0.3861158490180969
YDL210W,YNL061W,0,1.3781404,0.17955800890922546,0.8424725532531738,0.38621586561203003
YDL229W,YHR028C,0,1.3781123,0.1795198619365692,0.8424725532531738,0.38631588220596313
YJL117W,YER007W,1,1.377673,0.17969413101673126,0.8434696197509766,0.38631588220596313
YIL101C,YJL221C,0,1.3776534,0.179655984044075,0.8434696197509766,0.38641592860221863
YDR424C,YNL306W,0,1.3775629,0.17961783707141876,0.8434696197509766,0.38651594519615173
YDR356W,YHR207C,0,1.3774743,0.1795797049999237,0.8434696197509766,0.3866159915924072
YJL143W,YPL195W,0,1.37638,0.17954160273075104,0.8434696197509766,0.38671600818634033
YGL213C,YGR014W,0,1.3763431,0.17950350046157837,0.8434696197509766,0.3868160545825958
YNL046W,YDR486C,0,1.3755455,0.1794654279947281,0.8434696197509766,0.38691607117652893
YGR047C,YPL089C,0,1.3750854,0.1794273555278778,0.8434696197509766,0.3870161175727844
YLR370C,YFL002W-A,0,1.3749056,0.17938931286334991,0.8434696197509766,0.38711613416671753
YEL030W,YFL023W,1,1.3746165,0.17956328392028809,0.8444666266441345,0.38711613416671753
YER025W,YER089C,0,1.3732535,0.179525226354599,0.8444666266441345,0.38721615076065063
YER086W,YHR207C,0,1.3732498,0.1794871836900711,0.8444666266441345,0.38731619715690613
YDL164C,YOR057W,0,1.3728852,0.1794491559267044,0.8444666266441345,0.38741621375083923
YLL009C,YMR042W,0,1.3715419,0.1794111430644989,0.8444666266441345,0.3875162601470947
YMR292W,YLR306W,0,1.3715336,0.1793731451034546,0.8444666266441345,0.38761627674102783
YMR221C,YJL062W,0,1.3710225,0.17933516204357147,0.8444666266441345,0.3877163231372833
YDL019C,YJR029W,0,1.3707283,0.17929720878601074,0.8444666266441345,0.38781633973121643
YDL136W,YMR311C,0,1.3707012,0.17925925552845,0.8444666266441345,0.3879163861274719
YFL004W,YCR040W,0,1.3699236,0.17922133207321167,0.8444666266441345,0.38801640272140503
YDR036C,YCR075C,0,1.3692079,0.17918340861797333,0.8444666266441345,0.3881164491176605
YDR316W-A,YML037C,0,1.3688996,0.17914551496505737,0.8444666266441345,0.38821646571159363
YML042W,YJL108C,0,1.368545,0.1791076362133026,0.8444666266441345,0.38831648230552673
YAL013W,YMR004W,0,1.3684644,0.17906977236270905,0.8444666266441345,0.3884165287017822
YMR088C,YLR096W,0,1.3683814,0.17903192341327667,0.8444666266441345,0.38851654529571533
YJL143W,YPR032W,0,1.3683457,0.1789940893650055,0.8444666266441345,0.3886165916919708
YNR020C,YOR326W,0,1.367914,0.1789562702178955,0.8444666266441345,0.38871660828590393
YJR059W,YBL023C,0,1.3666191,0.17891846597194672,0.8444666266441345,0.3888166546821594
YAL034W-A,YDR032C,0,1.3664784,0.17888067662715912,0.8444666266441345,0.38891667127609253
YIL072W,YJL008C,0,1.3659065,0.17884290218353271,0.8444666266441345,0.389016717672348
YNL209W,YNL135C,1,1.365066,0.17901626229286194,0.8454636335372925,0.389016717672348
YDL075W,YJL025W,0,1.3629024,0.17897847294807434,0.8454636335372925,0.38911673426628113
YFR005C,YHR136C,0,1.3617709,0.17894069850444794,0.8454636335372925,0.38921675086021423
YOR037W,YMR122W-A,0,1.3613646,0.17890295386314392,0.8454636335372925,0.3893167972564697
YER161C,YLR176C,0,1.3610771,0.1788652241230011,0.8454636335372925,0.38941681385040283
YDL143W,YBL039C,0,1.3605042,0.17882749438285828,0.8454636335372925,0.3895168602466583
YLR008C,YDR238C,0,1.3600348,0.17878979444503784,0.8454636335372925,0.38961687684059143
YDL192W,YPL101W,0,1.3598871,0.1787521094083786,0.8454636335372925,0.3897169232368469
YBR286W,YDL210W,0,1.359775,0.17871443927288055,0.8454636335372925,0.38981693983078003
YMR006C,YGL157W,0,1.3591322,0.1786767840385437,0.8454636335372925,0.3899169862270355
YCR096C,YML015C,0,1.3590512,0.17863914370536804,0.8454636335372925,0.39001700282096863
YKR009C,YKR050W,0,1.358632,0.17860151827335358,0.8454636335372925,0.3901170492172241
YAR015W,YGL222C,0,1.3575915,0.1785639077425003,0.8454636335372925,0.3902170658111572
YER159C-A,YDR402C,0,1.3571303,0.17852631211280823,0.8454636335372925,0.39031708240509033
YJL162C,YHR193C,1,1.356977,0.17869922518730164,0.8464606404304504,0.39031708240509033
YDR356W,YOR174W,0,1.3553989,0.17866161465644836,0.8464606404304504,0.3904171288013458
YBL103C,YLR304C,0,1.3551039,0.17862403392791748,0.8464606404304504,0.39051714539527893
YLL050C,YOR092W,0,1.3547246,0.1785864531993866,0.8464606404304504,0.3906171917915344
YAR007C,YLR207W,0,1.3544899,0.1785489022731781,0.8464606404304504,0.39071720838546753
YGL173C,YDR448W,0,1.3541496,0.1785113513469696,0.8464606404304504,0.390817254781723
YKR059W,YGR076C,0,1.3540525,0.1784738302230835,0.8464606404304504,0.39091727137565613
YLR096W,YBR297W,0,1.3539019,0.17843632400035858,0.8464606404304504,0.3910173177719116
YDR047W,YLR186W,0,1.353673,0.17839881777763367,0.8464606404304504,0.3911173343658447
YJL190C,YKR050W,0,1.353382,0.17836134135723114,0.8464606404304504,0.39121735095977783
YLR109W,YFR008W,0,1.3529793,0.1783238798379898,0.8464606404304504,0.3913173973560333
YHR089C,YDR093W,0,1.352797,0.17828643321990967,0.8464606404304504,0.39141741394996643
YHL024W,YNL146W,0,1.3521783,0.17824900150299072,0.8464606404304504,0.3915174603462219
YAL023C,YDR510W,0,1.3521073,0.17821158468723297,0.8464606404304504,0.39161747694015503
YOR356W,YOL080C,0,1.3520945,0.1781741827726364,0.8464606404304504,0.3917175233364105
YDL108W,YLR154C,0,1.3517594,0.17813679575920105,0.8464606404304504,0.39181753993034363
YDR158W,YLR441C,0,1.3505096,0.17809943854808807,0.8464606404304504,0.3919175863265991
YKR104W,YHL004W,0,1.3499339,0.1780620813369751,0.8464606404304504,0.3920176029205322
YHR064C,YAL025C,0,1.3497448,0.17802473902702332,0.8464606404304504,0.3921176493167877
YDR443C,YKL198C,0,1.349652,0.17798742651939392,0.8464606404304504,0.3922176659107208
YJR104C,YOL105C,0,1.3455105,0.17795011401176453,0.8464606404304504,0.39231768250465393
YIL072W,YIR015W,0,1.3453008,0.17791283130645752,0.8464606404304504,0.3924177289009094
YIL172C,YPL026C,0,1.3452425,0.1778755486011505,0.8464606404304504,0.39251774549484253
YER095W,YOR080W,0,1.3449427,0.1778382956981659,0.8464606404304504,0.392617791891098
YNL166C,YBR084W,0,1.3448315,0.17780104279518127,0.8464606404304504,0.39271780848503113
YDR033W,YPL090C,0,1.3440998,0.17776381969451904,0.8464606404304504,0.3928178548812866
YMR282C,YDR322W,0,1.3438976,0.177726611495018,0.8464606404304504,0.3929178714752197
YDR247W,YOR233W,0,1.3431307,0.17768940329551697,0.8464606404304504,0.3930179178714752
YHL036W,YOR014W,0,1.3427088,0.17765222489833832,0.8464606404304504,0.3931179344654083
YNL280C,YPL231W,0,1.342699,0.17761506140232086,0.8464606404304504,0.39321795105934143
YMR080C,YIL051C,0,1.3416202,0.1775779128074646,0.8464606404304504,0.3933179974555969
YNL049C,YGR295C,0,1.3392692,0.17754077911376953,0.8464606404304504,0.39341801404953003
YGR184C,YOL147C,0,1.3392544,0.17750366032123566,0.8464606404304504,0.3935180604457855
YDL200C,YOL080C,0,1.3383559,0.17746655642986298,0.8464606404304504,0.39361807703971863
YHL008C,YLL011W,0,1.338006,0.1774294674396515,0.8464606404304504,0.3937181234359741
YDR532C,YDL006W,0,1.3378346,0.1773923933506012,0.8464606404304504,0.3938181400299072
YDR038C,YGR262C,0,1.3368783,0.1773553341627121,0.8464606404304504,0.3939181864261627
YJL072C,YML015C,0,1.3368291,0.1773182898759842,0.8464606404304504,0.3940182030200958
YDR299W,YLR172C,0,1.3364837,0.17728127539157867,0.8464606404304504,0.3941182494163513
YML125C,YPL103C,0,1.336216,0.17724426090717316,0.8464606404304504,0.3942182660102844
YER111C,YPR036W,0,1.3361318,0.17720726132392883,0.8464606404304504,0.39431828260421753
YDR012W,YDR013W,0,1.3354431,0.1771702766418457,0.8464606404304504,0.394418329000473
YGR124W,YBL090W,0,1.3344427,0.17713332176208496,0.8464606404304504,0.39451834559440613
YDR033W,YKR014C,0,1.3341684,0.17709636688232422,0.8464606404304504,0.3946183919906616
YLR204W,YDR283C,0,1.3334943,0.17705944180488586,0.8464606404304504,0.3947184085845947
YOR096W,YOL103W,0,1.3328635,0.1770225167274475,0.8464606404304504,0.3948184549808502
YDR236C,YDR529C,0,1.332561,0.17698562145233154,0.8464606404304504,0.3949184715747833
YGR124W,YNL061W,0,1.330604,0.17694872617721558,0.8464606404304504,0.3950185179710388
YNL213C,YOR306C,0,1.3305571,0.176911860704422,0.8464606404304504,0.3951185345649719
YOR257W,YDL099W,0,1.330071,0.17687499523162842,0.8464606404304504,0.39521855115890503
YNL185C,YAR010C,0,1.3299265,0.17683815956115723,0.8464606404304504,0.3953185975551605
YDR018C,YLL038C,0,1.329903,0.17680133879184723,0.8464606404304504,0.39541861414909363
YDR341C,YLR134W,0,1.3292713,0.17676451802253723,0.8464606404304504,0.3955186605453491
YCL059C,YGL249W,0,1.3291366,0.17672772705554962,0.8464606404304504,0.3956186771392822
YIR012W,YLR188W,0,1.3277774,0.1766909509897232,0.8464606404304504,0.3957187235355377
YHR172W,YOL109W,0,1.3276088,0.1766541749238968,0.8464606404304504,0.3958187401294708
YDR532C,YCL063W,0,1.3268671,0.17661742866039276,0.8464606404304504,0.3959187865257263
YJL129C,YGL040C,0,1.3261385,0.17658069729804993,0.8464606404304504,0.3960188031196594
YJL148W,YPL103C,0,1.3261126,0.1765439808368683,0.8464606404304504,0.3961188495159149
YDR270W,YDL080C,0,1.3258312,0.17650727927684784,0.8464606404304504,0.396218866109848
YLR356W,YNL101W,0,1.3256218,0.1764705926179886,0.8464606404304504,0.39631888270378113
YMR235C,YMR098C,0,1.3252323,0.17643392086029053,0.8464606404304504,0.3964189291000366
YBL030C,YHL036W,0,1.3248764,0.17639726400375366,0.8464606404304504,0.3965189456939697
YDR288W,YOL123W,0,1.3244929,0.176360622048378,0.8464606404304504,0.3966189920902252
YML116W,YER131W,0,1.3243902,0.17632398009300232,0.8464606404304504,0.3967190086841583
YOR270C,YKL116C,0,1.3239828,0.17628738284111023,0.8464606404304504,0.3968190550804138
YAL034W-A,YJR068W,0,1.3226573,0.17625078558921814,0.8464606404304504,0.3969190716743469
YGL128C,YHR064C,1,1.3224149,0.17642174661159515,0.8474576473236084,0.3969190716743469
YBR176W,YPR108W,0,1.3223275,0.17638514935970306,0.8474576473236084,0.3970191180706024
YDR299W,YCR096C,0,1.3221579,0.17634855210781097,0.8474576473236084,0.3971191346645355
YNR040W,YJR059W,0,1.3219788,0.17631196975708008,0.8474576473236084,0.39721915125846863
YCR009C,YDL190C,0,1.3217523,0.17627540230751038,0.8474576473236084,0.3973191976547241
YDL143W,YJL162C,1,1.3211081,0.17644619941711426,0.8484546542167664,0.3973191976547241
YDR086C,YPL258C,0,1.3208106,0.17640961706638336,0.8484546542167664,0.3974192142486572
YEL038W,YDR478W,0,1.3207275,0.17637304961681366,0.8484546542167664,0.3975192606449127
YNR027W,YPL231W,0,1.3192766,0.17633651196956635,0.8484546542167664,0.3976192772388458
YMR307W,YAL003W,0,1.3192158,0.17629997432231903,0.8484546542167664,0.3977193236351013
YDL210W,YBL030C,0,1.318661,0.1762634664773941,0.8484546542167664,0.3978193402290344
YHL032C,YPR073C,0,1.3181286,0.17622695863246918,0.8484546542167664,0.3979193866252899
YGL211W,YOR057W,0,1.3174171,0.17619048058986664,0.8484546542167664,0.398019403219223
YER120W,YGR006W,0,1.3170033,0.1761540025472641,0.8484546542167664,0.3981194496154785
YCL055W,YLR276C,0,1.3158659,0.17611755430698395,0.8484546542167664,0.3982194662094116
YGL128C,YIR036C,0,1.3157692,0.1760811060667038,0.8484546542167664,0.3983194828033447
YER095W,YDR503C,0,1.3154949,0.17604468762874603,0.8484546542167664,0.3984195291996002
YGR263C,YFL002W-A,0,1.3148721,0.17600826919078827,0.8484546542167664,0.3985195457935333
YMR235C,YKL028W,0,1.3132992,0.1759718805551529,0.8484546542167664,0.3986195921897888
YMR080C,YML095C,0,1.3132627,0.17593549191951752,0.8484546542167664,0.3987196087837219
YJR076C,YIL136W,0,1.3131008,0.17589913308620453,0.8484546542167664,0.3988196551799774
YML116W,YOR326W,0,1.3126967,0.17586277425289154,0.8484546542167664,0.3989196717739105
YJL162C,YGL018C,1,1.3107436,0.17603306472301483,0.8494516611099243,0.3989196717739105
YML106W,YJL170C,0,1.3102379,0.17599669098854065,0.8494516611099243,0.399019718170166
YNR050C,YDR128W,0,1.3100599,0.17596034705638885,0.8494516611099243,0.3991197347640991
YDR210W-B,YLR040C,0,1.3097057,0.17592401802539825,0.8494516611099243,0.3992197513580322
YAL053W,YCR060W,1,1.3088009,0.17609412968158722,0.8504486680030823,0.3992197513580322
YBL060W,YNL213C,0,1.3084464,0.17605778574943542,0.8504486680030823,0.3993197977542877
YLR419W,YDL065C,0,1.3082733,0.17602145671844482,0.8504486680030823,0.3994198143482208
YER184C,YML009C,0,1.3077598,0.17598514258861542,0.8504486680030823,0.3995198607444763
YKR090W,YIL051C,0,1.3073066,0.1759488433599472,0.8504486680030823,0.3996198773384094
YIL171W,YDR116C,0,1.3072684,0.17591255903244019,0.8504486680030823,0.3997199237346649
YNL128W,YNL248C,0,1.3070438,0.17587628960609436,0.8504486680030823,0.399819940328598
YGL135W,YOL109W,0,1.3067689,0.17584003508090973,0.8504486680030823,0.3999199867248535
YMR264W,YKL179C,0,1.3065965,0.1758037954568863,0.8504486680030823,0.4000200033187866
YNR050C,YMR292W,0,1.3057041,0.17576757073402405,0.8504486680030823,0.4001200497150421
YDR018C,YMR012W,0,1.3045695,0.175731360912323,0.8504486680030823,0.4002200663089752
YPR063C,YHR101C,0,1.3044685,0.17569516599178314,0.8504486680030823,0.4003200829029083
YDL210W,YPR081C,0,1.3043977,0.17565898597240448,0.8504486680030823,0.4004201292991638
YNL046W,YPL194W,0,1.302997,0.17562280595302582,0.8504486680030823,0.4005201458930969
YBR082C,YLL011W,0,1.3029354,0.17558665573596954,0.8504486680030823,0.4006201922893524
YAL043C,YMR208W,0,1.3026538,0.17555052042007446,0.8504486680030823,0.4007202088832855
YHR017W,YMR045C,0,1.3025451,0.17551440000534058,0.8504486680030823,0.400820255279541
YJL108C,YGR158C,0,1.3015449,0.17547829449176788,0.8504486680030823,0.4009202718734741
YPR005C,YPR042C,0,1.3006619,0.17544220387935638,0.8504486680030823,0.4010203182697296
YJL143W,YNR011C,0,1.2997973,0.17540612816810608,0.8504486680030823,0.4011203348636627
YLR078C,YJL008C,0,1.2994883,0.17537006735801697,0.8504486680030823,0.4012203514575958
YJR016C,YMR208W,0,1.2971913,0.17533402144908905,0.8504486680030823,0.4013203978538513
YER174C,YLR265C,0,1.2970672,0.17529799044132233,0.8504486680030823,0.4014204144477844
YHR027C,YPL159C,0,1.2966957,0.1752619743347168,0.8504486680030823,0.4015204608440399
YDR479C,YHR099W,0,1.2963321,0.17522595822811127,0.8504486680030823,0.401620477437973
YGR086C,YER184C,0,1.2956352,0.17518997192382812,0.8504486680030823,0.4017205238342285
YHL044W,YPL101W,0,1.2949979,0.17515400052070618,0.8504486680030823,0.4018205404281616
YPL160W,YLR121C,0,1.294988,0.17511804401874542,0.8504486680030823,0.4019205868244171
YAL023C,YDL109C,0,1.294728,0.17508210241794586,0.8504486680030823,0.4020206034183502
YDL164C,YDR103W,0,1.294718,0.1750461757183075,0.8504486680030823,0.4021206498146057
YNL292W,YDR139C,0,1.2946868,0.17501026391983032,0.8504486680030823,0.4022206664085388
YDR465C,YLR074C,0,1.2941394,0.17497435212135315,0.8504486680030823,0.4023206830024719
YMR256C,YDR047W,0,1.2938129,0.17493847012519836,0.8504486680030823,0.4024207293987274
YBL024W,YER184C,0,1.2936082,0.17490260303020477,0.8504486680030823,0.4025207459926605
YPL231W,YGL178W,0,1.2934554,0.17486675083637238,0.8504486680030823,0.402620792388916
YHL044W,YFL039C,0,1.292928,0.17483091354370117,0.8504486680030823,0.4027208089828491
YML095C,YMR150C,0,1.2927256,0.17479507625102997,0.8504486680030823,0.4028208553791046
YNL248C,YER173W,0,1.2923669,0.17475926876068115,0.8504486680030823,0.4029208719730377
YML129C,YBL074C,0,1.2918177,0.17472347617149353,0.8504486680030823,0.4030209183692932
YJR110W,YFR008W,0,1.2913021,0.1746876984834671,0.8504486680030823,0.4031209349632263
YIR017C,YML088W,0,1.2911861,0.17465192079544067,0.8504486680030823,0.4032209515571594
YMR163C,YOL147C,0,1.2908975,0.17461617290973663,0.8504486680030823,0.4033209979534149
YKL010C,YDR044W,0,1.2908598,0.1745804399251938,0.8504486680030823,0.403421014547348
YGL178W,YNL119W,0,1.2907321,0.17454470694065094,0.8504486680030823,0.4035210609436035
YCR047C,YDL185W,0,1.2898486,0.17450900375843048,0.8504486680030823,0.4036210775375366
YDR077W,YGL227W,0,1.2893043,0.17447330057621002,0.8504486680030823,0.4037211239337921
YBR264C,YGR154C,0,1.2892504,0.17443762719631195,0.8504486680030823,0.4038211405277252
YPR192W,YBR283C,0,1.2891032,0.17440196871757507,0.8504486680030823,0.4039211869239807
YJR160C,YJR045C,0,1.289037,0.1743663102388382,0.8504486680030823,0.4040212035179138
YEL065W,YKR037C,0,1.2886338,0.1743306815624237,0.8504486680030823,0.4041212499141693
YOL139C,YJR001W,0,1.2886093,0.17429505288600922,0.8504486680030823,0.4042212665081024
YDL164C,YKL212W,0,1.2882776,0.17425945401191711,0.8504486680030823,0.4043212831020355
YLL001W,YOR075W,0,1.2876923,0.174223855137825,0.8504486680030823,0.404421329498291
YDR531W,YBR097W,0,1.2850838,0.1741882711648941,0.8504486680030823,0.4045213460922241
YOR224C,YNL191W,0,1.2843666,0.17415271699428558,0.8504486680030823,0.4046213924884796
YDR532C,YBR084W,0,1.2842298,0.17411716282367706,0.8504486680030823,0.4047214090824127
YNL213C,YER106W,0,1.2832677,0.17408163845539093,0.8504486680030823,0.4048214554786682
YBR286W,YKL028W,0,1.283098,0.1740461140871048,0.8504486680030823,0.4049214720726013
YJR160C,YDL008W,0,1.2820742,0.17401060461997986,0.8504486680030823,0.4050215184688568
YJR059W,YPR122W,0,1.281394,0.1739751100540161,0.8504486680030823,0.4051215350627899
YGR063C,YLR010C,0,1.2809048,0.17393964529037476,0.8504486680030823,0.405221551656723
YNL146W,YIR009W,0,1.2805955,0.1739041805267334,0.8504486680030823,0.4053215980529785
YOR389W,YOR269W,0,1.2798296,0.17386873066425323,0.8504486680030823,0.4054216146469116
YLR304C,YLL050C,0,1.2796421,0.17383329570293427,0.8504486680030823,0.4055216610431671
YGR058W,YPL019C,0,1.2791631,0.1737978756427765,0.8504486680030823,0.4056216776371002
YOR120W,YDR115W,0,1.2785122,0.1737624704837799,0.8504486680030823,0.4057217240333557
YOR150W,YGR194C,0,1.278184,0.17372708022594452,0.8504486680030823,0.4058217406272888
YNL293W,YCL055W,0,1.2780783,0.17369171977043152,0.8504486680030823,0.4059217870235443
YHR067W,YBR009C,0,1.2778649,0.17365634441375732,0.8504486680030823,0.4060218036174774
YDR425W,YJR075W,0,1.2776233,0.17362099885940552,0.8504486680030823,0.4061218500137329
YNR020C,YOR069W,0,1.2757386,0.1735856682062149,0.8504486680030823,0.406221866607666
YPL206C,YLL035W,0,1.2754068,0.17355035245418549,0.8504486680030823,0.4063218832015991
YDR283C,YDL108W,0,1.2748616,0.17351505160331726,0.8504486680030823,0.4064219295978546
YOL127W,YFR008W,0,1.2744672,0.17347976565361023,0.8504486680030823,0.4065219461917877
YFR008W,YLR099C,0,1.2739389,0.1734444946050644,0.8504486680030823,0.4066219925880432
YDR253C,YDR279W,0,1.273726,0.17340922355651855,0.8504486680030823,0.4067220091819763
YDR197W,YOR306C,0,1.2736245,0.1733739823102951,0.8504486680030823,0.4068220555782318
YMR051C,YPL172C,0,1.2728689,0.17333875596523285,0.8504486680030823,0.4069220721721649
YNL308C,YCR053W,0,1.2726946,0.1733035296201706,0.8504486680030823,0.4070221185684204
YNL242W,YJL125C,0,1.2726605,0.17326833307743073,0.8504486680030823,0.4071221351623535
YBL078C,YOR075W,0,1.2720251,0.17323313653469086,0.8504486680030823,0.4072221517562866
YIL072W,YOR127W,0,1.2718217,0.17319796979427338,0.8504486680030823,0.4073221981525421
YMR224C,YBL082C,0,1.2717612,0.1731628030538559,0.8504486680030823,0.4074222147464752
YML085C,YLR433C,0,1.2710496,0.1731276661157608,0.8504486680030823,0.4075222611427307
YNR008W,YBR033W,0,1.2710147,0.1730925291776657,0.8504486680030823,0.4076222777366638
YOR181W,YJR022W,0,1.2705352,0.173057422041893,0.8504486680030823,0.4077223241329193
YNL006W,YPL064C,1,1.2704251,0.17322514951229095,0.8514456748962402,0.4077223241329193
YBL064C,YER184C,0,1.2697439,0.17319002747535706,0.8514456748962402,0.4078223407268524
YMR016C,YDL080C,0,1.2676115,0.17315490543842316,0.8514456748962402,0.4079223871231079
YKL218C,YCL059C,0,1.2664646,0.17311979830265045,0.8514456748962402,0.408022403717041
YPR041W,YDR393W,0,1.2664071,0.17308472096920013,0.8514456748962402,0.4081224501132965
YPL195W,YDR511W,0,1.2661649,0.17304964363574982,0.8514456748962402,0.4082224667072296
YIL009C-A,YKL164C,0,1.2659928,0.1730145812034607,0.8514456748962402,0.4083224833011627
YJR110W,YHL032C,0,1.265204,0.17297954857349396,0.8514456748962402,0.4084225296974182
YNL191W,YBR122C,0,1.2648377,0.17294451594352722,0.8514456748962402,0.4085225462913513
YDL129W,YIL072W,0,1.2634757,0.17290949821472168,0.8514456748962402,0.4086225926876068
YNR007C,YPL202C,0,1.262351,0.17287449538707733,0.8514456748962402,0.4087226092815399
YOR228C,YER030W,0,1.2621906,0.17283950746059418,0.8514456748962402,0.4088226556777954
YLR032W,YKL056C,0,1.2618214,0.17280453443527222,0.8514456748962402,0.4089226722717285
YGL120C,YGR200C,0,1.2611749,0.17276957631111145,0.8514456748962402,0.409022718667984
YBR283C,YJR068W,0,1.2578256,0.17273463308811188,0.8514456748962402,0.4091227352619171
YHR147C,YGR037C,0,1.256823,0.1726996898651123,0.8514456748962402,0.4092227816581726
YOL100W,YOR322C,0,1.2567599,0.17266477644443512,0.8514456748962402,0.4093227982521057
YJL044C,YOR075W,0,1.2566764,0.17262987792491913,0.8514456748962402,0.4094228148460388
YAL041W,YJR145C,0,1.256383,0.17259499430656433,0.8514456748962402,0.4095228612422943
YGR029W,YIR037W,0,1.2561235,0.17256011068820953,0.8514456748962402,0.4096228778362274
YBL030C,YLR074C,0,1.2557135,0.17252525687217712,0.8514456748962402,0.4097229242324829
YOR288C,YDL185W,0,1.2554768,0.17249040305614471,0.8514456748962402,0.409822940826416
YJR058C,YBL022C,0,1.2551993,0.1724555790424347,0.8514456748962402,0.4099229872226715
YDL231C,YBR122C,0,1.2548978,0.17242075502872467,0.8514456748962402,0.4100230038166046
YLR038C,YEL050C,0,1.2547722,0.17238594591617584,0.8514456748962402,0.4101230502128601
YDL136W,YIR009W,0,1.2542126,0.1723511666059494,0.8514456748962402,0.4102230668067932
YPL206C,YNL166C,0,1.2538385,0.17231638729572296,0.8514456748962402,0.4103230834007263
YIL072W,YDR390C,0,1.2533784,0.17228162288665771,0.8514456748962402,0.4104231297969818
YDL051W,YNL098C,0,1.2528527,0.17224687337875366,0.8514456748962402,0.4105231463909149
YDL137W,YDR169C,0,1.252564,0.1722121387720108,0.8514456748962402,0.4106231927871704
YPL144W,YMR165C,0,1.2525129,0.17217741906642914,0.8514456748962402,0.4107232093811035
YDR420W,YML063W,0,1.2522192,0.17214271426200867,0.8514456748962402,0.410823255777359
YFR037C,YLR441C,0,1.2506075,0.1721080243587494,0.8514456748962402,0.4109232723712921
YGR035C,YLR446W,0,1.2502468,0.1720733493566513,0.8514456748962402,0.4110233187675476
YML054C,YML060W,0,1.249464,0.17203867435455322,0.8514456748962402,0.4111233353614807
YMR281W,YLR099C,0,1.2489834,0.17200402915477753,0.8514456748962402,0.4112233817577362
YDR188W,YIL142W,1,1.2488492,0.1721707582473755,0.8524426817893982,0.4112233817577362
YBR286W,YMR094W,0,1.2486967,0.1721360981464386,0.8524426817893982,0.4113233983516693
YHR031C,YDR363W-A,0,1.2484505,0.1721014529466629,0.8524426817893982,0.4114234149456024
YHR076W,YIL004C,0,1.2482191,0.1720668077468872,0.8524426817893982,0.4115234613418579
YML040W,YPL059W,0,1.2478118,0.1720321923494339,0.8524426817893982,0.411623477935791
YOR265W,YMR256C,0,1.2475847,0.17199759185314178,0.8524426817893982,0.4117235243320465
YNL308C,YGR002C,0,1.2471751,0.17196299135684967,0.8524426817893982,0.4118235409259796
YBL093C,YOR150W,0,1.2460222,0.17192842066287994,0.8524426817893982,0.4119235873222351
YDR074W,YBR123C,0,1.2452801,0.17189384996891022,0.8524426817893982,0.4120236039161682
YFL029C,YJR065C,0,1.2442033,0.17185929417610168,0.8524426817893982,0.4121236503124237
YDL006W,YCR054C,0,1.2438027,0.17182475328445435,0.8524426817893982,0.4122236669063568
YMR247C,YCR054C,0,1.2434635,0.1717902421951294,0.8524426817893982,0.4123236835002899
YMR285C,YNL189W,0,1.2431886,0.17175573110580444,0.8524426817893982,0.4124237298965454
YDR388W,YKL183W,0,1.2430629,0.17172123491764069,0.8524426817893982,0.4125237464904785
YNR020C,YLR356W,0,1.243016,0.17168675363063812,0.8524426817893982,0.412623792886734
YOR076C,YCR094W,0,1.2428038,0.17165227234363556,0.8524426817893982,0.4127238094806671
YMR098C,YKR038C,0,1.2426777,0.17161782085895538,0.8524426817893982,0.4128238558769226
YOR174W,YPL220W,0,1.242086,0.1715833842754364,0.8524426817893982,0.4129238724708557
YBR176W,YOR288C,0,1.2420369,0.1715489625930786,0.8524426817893982,0.4130239188671112
YBR273C,YGL141W,0,1.241326,0.17151454091072083,0.8524426817893982,0.4131239354610443
YGL128C,YLR015W,0,1.2412958,0.17148014903068542,0.8524426817893982,0.4132239818572998
YER133W,YBL074C,0,1.2406833,0.17144575715065002,0.8524426817893982,0.4133239984512329
YOR120W,YMR017W,0,1.2404872,0.17141138017177582,0.8524426817893982,0.413424015045166
YDR107C,YNL308C,0,1.2402653,0.171377032995224,0.8524426817893982,0.4135240614414215
YBR155W,YJR046W,1,1.2381399,0.17154309153556824,0.8534396886825562,0.4135240614414215
YMR171C,YDR056C,0,1.2377543,0.17150871455669403,0.8534396886825562,0.4136240780353546
YNL162W,YGR075C,0,1.2368016,0.17147435247898102,0.8534396886825562,0.4137241244316101
YER120W,YJL008C,0,1.2366523,0.1714400202035904,0.8534396886825562,0.4138241410255432
YBR264C,YPL111W,0,1.2366117,0.17140568792819977,0.8534396886825562,0.4139241874217987
YLR286C,YGR116W,0,1.2365241,0.17137137055397034,0.8534396886825562,0.4140242040157318
YDL204W,YAR018C,0,1.2360102,0.1713370680809021,0.8534396886825562,0.4141242504119873
YIL027C,YDR503C,0,1.2351017,0.17130278050899506,0.8534396886825562,0.4142242670059204
YHR140W,YLR430W,0,1.2349412,0.1712685078382492,0.8534396886825562,0.4143242835998535
YDR440W,YDR121W,0,1.2333012,0.17123425006866455,0.8534396886825562,0.414424329996109
YOR326W,YGR200C,0,1.2310177,0.1712000072002411,0.8534396886825562,0.4145243465900421
YNL248C,YDR252W,0,1.2287867,0.17116576433181763,0.8534396886825562,0.4146243929862976
YOR315W,YJL164C,0,1.2285507,0.17113155126571655,0.8534396886825562,0.4147244095802307
YGL173C,YOR306C,0,1.2284391,0.17109733819961548,0.8534396886825562,0.4148244559764862
YDR487C,YJL062W,0,1.2279409,0.1710631549358368,0.8534396886825562,0.4149244725704193
YGR058W,YOR201C,0,1.2277865,0.1710289716720581,0.8534396886825562,0.4150245189666748
YAR015W,YER083C,0,1.2274076,0.1709948033094406,0.8534396886825562,0.4151245355606079
YGL137W,YGL229C,0,1.2273259,0.17096064984798431,0.8534396886825562,0.4152245819568634
YDL136W,YCR096C,0,1.2272443,0.1709265112876892,0.8534396886825562,0.4153245985507965
YMR282C,YJR160C,0,1.2270691,0.1708923876285553,0.8534396886825562,0.4154246151447296
YER061C,YBR058C-A,0,1.2267566,0.17085827887058258,0.8534396886825562,0.4155246615409851
YIR004W,YFR041C,1,1.2266042,0.17102374136447906,0.8544366955757141,0.4155246615409851
YPR048W,YOR174W,0,1.2247694,0.17098961770534515,0.8544366955757141,0.4156246781349182
YDL136W,YML113W,0,1.2246914,0.17095550894737244,0.8544366955757141,0.4157247245311737
YDR253C,YNL212W,0,1.2246046,0.1709214150905609,0.8544366955757141,0.4158247411251068
YJL162C,YOR265W,1,1.2245107,0.17108674347400665,0.8554337024688721,0.4158247411251068
YDR121W,YEL065W,0,1.2233564,0.17105263471603394,0.8554337024688721,0.4159247875213623
YML116W,YBR291C,0,1.2227948,0.1710185408592224,0.8554337024688721,0.4160248041152954
YIL078W,YNR016C,0,1.2226305,0.17098446190357208,0.8554337024688721,0.4161248505115509
YPL241C,YNL310C,1,1.2221904,0.1711496263742447,0.85643070936203,0.4161248505115509
YGL210W,YHR136C,0,1.2217801,0.17111553251743317,0.85643070936203,0.416224867105484
YOR257W,YBR122C,0,1.2217788,0.17108145356178284,0.85643070936203,0.4163248836994171
YGR262C,YGL039W,0,1.2214935,0.1710473895072937,0.85643070936203,0.4164249300956726
YLL038C,YDR313C,0,1.2204406,0.17101334035396576,0.85643070936203,0.4165249466896057
YLR439W,YGR009C,0,1.2190423,0.170979306101799,0.85643070936203,0.4166249930858612
YBL088C,YIL090W,0,1.2185261,0.17094527184963226,0.85643070936203,0.4167250096797943
YDR466W,YPR081C,0,1.2166932,0.1709112673997879,0.85643070936203,0.4168250560760498
YIL150C,YLR078C,0,1.216111,0.17087726294994354,0.85643070936203,0.4169250726699829
YML040W,YOL007C,0,1.2160962,0.17084327340126038,0.85643070936203,0.4170251190662384
YOR116C,YNR007C,0,1.2152555,0.1708092987537384,0.85643070936203,0.4171251356601715
YIR014W,YGR009C,0,1.2143741,0.17077535390853882,0.85643070936203,0.417225182056427
YJL153C,YML087C,0,1.2137161,0.17074140906333923,0.85643070936203,0.4173251986503601
YHR046C,YDR393W,0,1.213325,0.17070747911930084,0.85643070936203,0.4174252152442932
YLR364W,YGR194C,0,1.2128853,0.17067354917526245,0.85643070936203,0.4175252616405487
YJR121W,YJR094W-A,0,1.2120972,0.17063964903354645,0.85643070936203,0.4176252782344818
YHR052W,YHR070W,0,1.2114123,0.17060576379299164,0.85643070936203,0.4177253246307373
YML005W,YBL061C,0,1.2104578,0.17057187855243683,0.85643070936203,0.4178253412246704
YLL062C,YPR073C,0,1.2101179,0.1705380231142044,0.85643070936203,0.4179253876209259
YOR257W,YDR014W,0,1.2100015,0.17050416767597198,0.85643070936203,0.418025404214859
YML094W,YPL060W,0,1.2091267,0.17047032713890076,0.85643070936203,0.4181254506111145
YBL069W,YCR054C,0,1.2083315,0.17043650150299072,0.85643070936203,0.4182254672050476
YBR160W,YBR058C-A,0,1.2082433,0.17040269076824188,0.85643070936203,0.4183254837989807
YJR010C-A,YGL251C,0,1.2081776,0.17036889493465424,0.85643070936203,0.4184255301952362
YGL222C,YGR123C,0,1.2072133,0.17033511400222778,0.85643070936203,0.4185255467891693
YDR501W,YNL310C,0,1.2070936,0.17030134797096252,0.85643070936203,0.4186255931854248
YCL055W,YOR306C,0,1.2057283,0.17026759684085846,0.85643070936203,0.4187256097793579
YHR021C,YLR038C,0,1.205546,0.1702338457107544,0.85643070936203,0.4188256561756134
YLR038C,YLR014C,0,1.2044418,0.17020012438297272,0.85643070936203,0.4189256727695465
YGR106C,YDR334W,0,1.2041693,0.17016640305519104,0.85643070936203,0.419025719165802
YJR121W,YER106W,0,1.20404,0.17013269662857056,0.85643070936203,0.4191257357597351
YDR532C,YMR098C,0,1.2037557,0.17009900510311127,0.85643070936203,0.4192257821559906
YDR424C,YDR400W,0,1.2032579,0.17006532847881317,0.85643070936203,0.4193257987499237
YMR302C,YPR032W,0,1.202131,0.17003166675567627,0.85643070936203,0.4194258153438568
YPL221W,YJL073W,1,1.2020708,0.17019592225551605,0.857427716255188,0.4194258153438568
YOR131C,YDR390C,0,1.2015846,0.17016224563121796,0.857427716255188,0.4195258617401123
YJR022W,YBL057C,0,1.2002913,0.17012858390808105,0.857427716255188,0.4196258783340454
YJR066W,YNR047W,0,1.200131,0.17009493708610535,0.857427716255188,0.4197259247303009
YER091C,YBR213W,0,1.199362,0.17006130516529083,0.857427716255188,0.419825941324234
YIL160C,YBR040W,0,1.1976863,0.17002767324447632,0.857427716255188,0.4199259877204895
YKL135C,YKL173W,0,1.1976714,0.1699940711259842,0.857427716255188,0.4200260043144226
YNL159C,YBR041W,0,1.1974391,0.16996046900749207,0.857427716255188,0.4201260507106781
YHL004W,YCL057C-A,0,1.1968999,0.16992689669132233,0.857427716255188,0.4202260673046112
YGL035C,YNL166C,0,1.1968846,0.1698933243751526,0.857427716255188,0.4203260838985443
YML077W,YCR094W,0,1.1955181,0.16985976696014404,0.857427716255188,0.4204261302947998
YDL120W,YGR009C,0,1.1950091,0.1698262244462967,0.857427716255188,0.4205261468887329
YBR055C,YBR273C,0,1.1941752,0.16979269683361053,0.857427716255188,0.4206261932849884
YBR033W,YFL029C,0,1.1926552,0.16975918412208557,0.857427716255188,0.4207262098789215
YOL003C,YDR120C,0,1.1916385,0.1697256714105606,0.857427716255188,0.420826256275177
YCL031C,YMR150C,0,1.1910244,0.16969218850135803,0.857427716255188,0.4209262728691101
YOR232W,YDR252W,1,1.1908579,0.1698559820652008,0.858424723148346,0.4209262728691101
YNL148C,YER007W,1,1.1904355,0.17001973092556,0.8594217300415039,0.4209262728691101
YKL011C,YDR501W,0,1.1897371,0.16998620331287384,0.8594217300415039,0.4210263192653656
YKL135C,YHR013C,0,1.1895261,0.16995267570018768,0.8594217300415039,0.4211263358592987
YOL157C,YGL031C,0,1.1888264,0.1699191778898239,0.8594217300415039,0.4212263822555542
YER088C,YOR067C,0,1.1887013,0.16988569498062134,0.8594217300415039,0.4213263988494873
YLR433C,YER113C,0,1.1881194,0.16985221207141876,0.8594217300415039,0.4214264154434204
YPL101W,YNL191W,0,1.1877981,0.16981875896453857,0.8594217300415039,0.4215264618396759
YJR097W,YIL125W,0,1.1873965,0.1697853058576584,0.8594217300415039,0.421626478433609
YER111C,YML009C,0,1.1869746,0.1697518676519394,0.8594217300415039,0.4217265248298645
YOL152W,YDR334W,0,1.1867454,0.1697184443473816,0.8594217300415039,0.4218265414237976
YPL206C,YOR150W,0,1.1867225,0.16968503594398499,0.8594217300415039,0.4219265878200531
YML042W,YCL027W,0,1.1864978,0.16965164244174957,0.8594217300415039,0.4220266044139862
YER088C,YLR357W,0,1.1861291,0.16961826384067535,0.8594217300415039,0.4221266508102417
YBR286W,YML009C,0,1.1860869,0.16958488523960114,0.8594217300415039,0.4222266674041748
YMR211W,YDR510W,0,1.1859667,0.1695515364408493,0.8594217300415039,0.4223266839981079
YOR124C,YNL146W,0,1.1858702,0.16951818764209747,0.8594217300415039,0.4224267303943634
YGR223C,YGR162W,0,1.1837689,0.16948485374450684,0.8594217300415039,0.4225267469882965
YKL117W,YJR017C,1,1.1834973,0.16964812576770782,0.8604187369346619,0.4225267469882965
YDR270W,YLL050C,0,1.1834135,0.169614776968956,0.8604187369346619,0.422626793384552
YDR495C,YFR005C,0,1.1831224,0.16958144307136536,0.8604187369346619,0.4227268099784851
YJL046W,YOL125W,0,1.1828532,0.1695481389760971,0.8604187369346619,0.4228268563747406
YJR001W,YHL004W,0,1.1826258,0.16951483488082886,0.8604187369346619,0.4229268729686737
YBR024W,YDR456W,0,1.1826086,0.1694815456867218,0.8604187369346619,0.4230269193649292
YOL064C,YKL116C,0,1.1825622,0.16944825649261475,0.8604187369346619,0.4231269359588623
YDR219C,YER020W,0,1.1822157,0.16941499710083008,0.8604187369346619,0.4232269823551178
YJR066W,YKR009C,0,1.1821263,0.1693817526102066,0.8604187369346619,0.4233269989490509
YNL158W,YGR135W,0,1.1819308,0.16934850811958313,0.8604187369346619,0.423427015542984
YIL125W,YMR165C,0,1.1817687,0.16931527853012085,0.8604187369346619,0.4235270619392395
YGL251C,YPL220W,0,1.1814562,0.16928207874298096,0.8604187369346619,0.4236270785331726
YDL143W,YJR001W,0,1.1810912,0.16924887895584106,0.8604187369346619,0.4237271249294281
YGL223C,YNL331C,0,1.180594,0.16921567916870117,0.8604187369346619,0.4238271415233612
YDR177W,YGR220C,0,1.1805012,0.16918250918388367,0.8604187369346619,0.4239271879196167
YML113W,YHR181W,0,1.1796653,0.16914935410022736,0.8604187369346619,0.4240272045135498
YOL092W,YMR037C,0,1.1791456,0.16911619901657104,0.8604187369346619,0.4241272509098053
YDL069C,YMR122W-A,0,1.1783768,0.16908307373523712,0.8604187369346619,0.4242272675037384
YER086W,YDR238C,0,1.1783713,0.1690499484539032,0.8604187369346619,0.4243272840976715
YPR098C,YDR003W,0,1.1780446,0.16901683807373047,0.8604187369346619,0.424427330493927
YGR027W-B,YER110C,0,1.1779486,0.16898374259471893,0.8604187369346619,0.4245273470878601
YDR077W,YDR014W,0,1.1779381,0.1689506620168686,0.8604187369346619,0.4246273934841156
YBR240C,YGR158C,0,1.1777714,0.16891759634017944,0.8604187369346619,0.4247274100780487
YER029C,YPR184W,0,1.1777205,0.1688845455646515,0.8604187369346619,0.4248274564743042
YLR040C,YNL189W,0,1.1770865,0.16885149478912354,0.8604187369346619,0.4249274730682373
YIL051C,YJR068W,0,1.1768726,0.16881845891475677,0.8604187369346619,0.4250275194644928
YDL108W,YIL136W,0,1.1763406,0.1687854528427124,0.8604187369346619,0.4251275360584259
YBL030C,YDL127W,0,1.1760057,0.16875244677066803,0.8604187369346619,0.4252275824546814
YIR006C,YGL031C,0,1.1758629,0.16871945559978485,0.8604187369346619,0.4253275990486145
YFR032C-A,YGL119W,0,1.1757776,0.16868647933006287,0.8604187369346619,0.4254276156425476
YNL291C,YER113C,0,1.1745868,0.16865350306034088,0.8604187369346619,0.4255276620388031
YHR028C,YHR172W,0,1.173893,0.16862055659294128,0.8604187369346619,0.4256276786327362
YLR134W,YML081C-A,0,1.1733915,0.1685876101255417,0.8604187369346619,0.4257277250289917
YFR032C-A,YJR022W,0,1.1732984,0.16855469346046448,0.8604187369346619,0.4258277416229248
YJR045C,YNL310C,1,1.1732683,0.16871704161167145,0.8614157438278198,0.4258277416229248
YBR175W,YOR174W,0,1.1726421,0.16868411004543304,0.8614157438278198,0.4259277880191803
YHL040C,YJL019W,0,1.1724215,0.16865117847919464,0.8614157438278198,0.4260278046131134
YNL159C,YEL021W,0,1.1717095,0.16861826181411743,0.8614157438278198,0.4261278510093689
YDR347W,YDR329C,0,1.1702302,0.16858536005020142,0.8614157438278198,0.426227867603302
YOR270C,YOL149W,0,1.1698377,0.1685524731874466,0.8614157438278198,0.4263278841972351
YFR037C,YPR042C,0,1.1697092,0.16851960122585297,0.8614157438278198,0.4264279305934906
YMR302C,YDR044W,0,1.1683402,0.16848674416542053,0.8614157438278198,0.4265279471874237
YGL095C,YPR042C,0,1.1679804,0.1684538871049881,0.8614157438278198,0.4266279935836792
YBL090W,YOR374W,0,1.1678506,0.16842105984687805,0.8614157438278198,0.4267280101776123
YDR248C,YPL159C,0,1.1672316,0.168388232588768,0.8614157438278198,0.4268280565738678
YDL006W,YDR128W,0,1.1669304,0.16835542023181915,0.8614157438278198,0.4269280731678009
YMR171C,YMR289W,0,1.1668923,0.1683226227760315,0.8614157438278198,0.4270281195640564
YNL136W,YGR124W,0,1.1666799,0.16828982532024384,0.8614157438278198,0.4271281361579895
YMR292W,YJL121C,0,1.1662054,0.16825705766677856,0.8614157438278198,0.427228182554245
YKL198C,YER012W,0,1.1653597,0.1682243049144745,0.8614157438278198,0.4273281991481781
YML129C,YOR384W,0,1.1634154,0.1681915521621704,0.8614157438278198,0.4274282157421112
YBR022W,YBR092C,0,1.1633112,0.16815881431102753,0.8614157438278198,0.4275282621383667
YLR192C,YOR217W,0,1.1632756,0.16812609136104584,0.8614157438278198,0.4276282787322998
YLR459W,YDR524C,0,1.1618323,0.16809338331222534,0.8614157438278198,0.4277283251285553
YJL025W,YGR135W,0,1.1617318,0.16806069016456604,0.8614157438278198,0.4278283417224884
YDR265W,YPL204W,0,1.1615063,0.16802801191806793,0.8614157438278198,0.4279283881187439
YGL039W,YOL157C,0,1.1615005,0.16799533367156982,0.8614157438278198,0.428028404712677
YJR104C,YER106W,0,1.1599665,0.1679626703262329,0.8614157438278198,0.4281284511089325
YHR064C,YOR232W,1,1.1599451,0.16812439262866974,0.8624127507209778,0.4281284511089325
YGL035C,YGR054W,0,1.1596233,0.16809171438217163,0.8624127507209778,0.4282284677028656
YML054C,YOR347C,0,1.1592116,0.1680590659379959,0.8624127507209778,0.4283284842967987
YDR086C,YML087C,0,1.158807,0.1680264174938202,0.8624127507209778,0.4284285306930542
YHR021C,YPR031W,0,1.158714,0.16799378395080566,0.8624127507209778,0.4285285472869873
YGR189C,YLR246W,0,1.1582574,0.16796116530895233,0.8624127507209778,0.4286285936832428
YPL051W,YER048W-A,0,1.1581976,0.1679285615682602,0.8624127507209778,0.4287286102771759
YNL322C,YJR033C,0,1.158151,0.16789595782756805,0.8624127507209778,0.4288286566734314
YOR096W,YOR233W,0,1.1572299,0.1678633838891983,0.8624127507209778,0.4289286732673645
YJR009C,YFR007W,0,1.1568172,0.16783080995082855,0.8624127507209778,0.42902871966362
YPL037C,YLR090W,1,1.1564887,0.1679922342300415,0.8634097576141357,0.42902871966362
YER180C,YKL056C,0,1.1551352,0.16795966029167175,0.8634097576141357,0.4291287362575531
YNL046W,YNR061C,0,1.1545415,0.167927086353302,0.8634097576141357,0.4292287826538086
YOL064C,YLR045C,0,1.1543698,0.16789452731609344,0.8634097576141357,0.4293287992477417
YBR055C,YNL185C,0,1.1542075,0.16786198318004608,0.8634097576141357,0.4294288158416748
YNL136W,YMR312W,0,1.1539559,0.1678294539451599,0.8634097576141357,0.4295288622379303
YGR286C,YBL074C,0,1.1537297,0.16779693961143494,0.8634097576141357,0.4296288788318634
YGL136C,YBR012W-A,0,1.1536694,0.16776442527770996,0.8634097576141357,0.4297289252281189
YCL055W,YHR017W,0,1.1534102,0.16773194074630737,0.8634097576141357,0.429828941822052
YDR312W,YIL078W,0,1.1527009,0.16769945621490479,0.8634097576141357,0.4299289882183075
YBL106C,YPR021C,0,1.151136,0.1676669865846634,0.8634097576141357,0.4300290048122406
YBR175W,YDL108W,0,1.1501731,0.1676345318555832,0.8634097576141357,0.4301290512084961
YOR096W,YLR121C,0,1.1501116,0.16760209202766418,0.8634097576141357,0.4302290678024292
YKL010C,YJL008C,0,1.1498499,0.16756965219974518,0.8634097576141357,0.4303290843963623
YMR080C,YGR026W,0,1.1489977,0.16753724217414856,0.8634097576141357,0.4304291307926178
YDL137W,YOR120W,0,1.1486337,0.16750483214855194,0.8634097576141357,0.4305291473865509
YLR238W,YIR012W,0,1.1481115,0.16747243702411652,0.8634097576141357,0.4306291937828064
YDR134C,YKL195W,0,1.1480575,0.16744005680084229,0.8634097576141357,0.4307292103767395
YPL031C,YDR387C,0,1.1478963,0.16740769147872925,0.8634097576141357,0.430829256772995
YNL112W,YOR306C,0,1.1474804,0.1673753410577774,0.8634097576141357,0.4309292733669281
YDR532C,YNL091W,0,1.147059,0.16734299063682556,0.8634097576141357,0.4310293197631836
YNL331C,YFL039C,0,1.1453991,0.1673106700181961,0.8634097576141357,0.4311293363571167
YDR456W,YOR143C,0,1.1442707,0.16727834939956665,0.8634097576141357,0.4312293827533722
YNL046W,YER020W,0,1.1436018,0.1672460436820984,0.8634097576141357,0.4313293993473053
YDR093W,YDR322W,0,1.1429449,0.16721375286579132,0.8634097576141357,0.4314294159412384
YDR188W,YFR041C,1,1.1427976,0.16737452149391174,0.8644067645072937,0.4314294159412384
YDR379W,YMR311C,0,1.1425173,0.16734221577644348,0.8644067645072937,0.4315294623374939
YDR495C,YER113C,0,1.1425167,0.1673099249601364,0.8644067645072937,0.431629478931427
YNL006W,YHR176W,1,1.1425017,0.16747057437896729,0.8654037714004517,0.431629478931427
YOR381W,YMR302C,0,1.1424254,0.16743826866149902,0.8654037714004517,0.4317295253276825
YIL172C,YGR156W,0,1.1421247,0.16740597784519196,0.8654037714004517,0.4318295419216156
YJL143W,YJL219W,0,1.1419566,0.16737370193004608,0.8654037714004517,0.4319295883178711
YGR234W,YOR269W,0,1.1413143,0.1673414260149002,0.8654037714004517,0.4320296049118042
YDR531W,YLR448W,0,1.1405487,0.16730917990207672,0.8654037714004517,0.4321296513080597
YBL017C,YNL227C,0,1.1403232,0.16727693378925323,0.8654037714004517,0.4322296679019928
YBR001C,YNL091W,0,1.1399704,0.16724470257759094,0.8654037714004517,0.4323296844959259
YCR040W,YPR042C,0,1.139912,0.16721248626708984,0.8654037714004517,0.4324297308921814
YJR076C,YGL031C,0,1.1398515,0.16718026995658875,0.8654037714004517,0.4325297474861145
YER048W-A,YOR244W,0,1.1395094,0.16714808344841003,0.8654037714004517,0.43262979388237
YMR016C,YPL090C,0,1.137279,0.16711589694023132,0.8654037714004517,0.4327298104763031
YKR090W,YNR040W,0,1.1371126,0.167083740234375,0.8654037714004517,0.4328298568725586
YJL046W,YNL077W,0,1.1366267,0.16705158352851868,0.8654037714004517,0.4329298734664917
YDR436W,YDR047W,0,1.1365135,0.16701944172382355,0.8654037714004517,0.4330299198627472
YER068W,YDR050C,0,1.1362965,0.16698729991912842,0.8654037714004517,0.4331299364566803
YJR097W,YOR150W,0,1.136087,0.16695518791675568,0.8654037714004517,0.4332299828529358
YAL013W,YPL123C,0,1.1356971,0.16692307591438293,0.8654037714004517,0.4333299994468689
YGR106C,YIL112W,0,1.135668,0.1668909788131714,0.8654037714004517,0.433430016040802
YDR532C,YFR037C,0,1.1342032,0.16685889661312103,0.8654037714004517,0.4335300624370575
YBL030C,YLR327C,0,1.1340073,0.16682682931423187,0.8654037714004517,0.4336300790309906
YDL166C,YNL325C,0,1.1333892,0.1667947769165039,0.8654037714004517,0.4337301254272461
YAL020C,YGR006W,0,1.1326168,0.16676272451877594,0.8654037714004517,0.4338301420211792
YNR022C,YMR037C,0,1.1325394,0.16673070192337036,0.8654037714004517,0.4339301884174347
YER087C-A,YDL205C,0,1.1318626,0.16669867932796478,0.8654037714004517,0.4340302050113678
YMR211W,YGL253W,0,1.1306071,0.1666666716337204,0.8654037714004517,0.4341302514076233
YFL002W-A,YOL071W,0,1.1294886,0.166634663939476,0.8654037714004517,0.4342302680015564
YBR001C,YHR207C,0,1.1293164,0.16660268604755402,0.8654037714004517,0.4343302845954895
YER140W,YPL177C,0,1.127321,0.1665707230567932,0.8654037714004517,0.434430330991745
YGR286C,YNL012W,0,1.126596,0.1665387600660324,0.8654037714004517,0.4345303475856781
YJR010C-A,YLR074C,0,1.1258144,0.1665068119764328,0.8654037714004517,0.4346303939819336
YOR290C,YNL213C,0,1.1255941,0.16647487878799438,0.8654037714004517,0.4347304105758667
YBR009C,YBR012W-B,0,1.1252936,0.16644294559955597,0.8654037714004517,0.4348304569721222
YPR042C,YLR467W,0,1.1251194,0.16641104221343994,0.8654037714004517,0.4349304735660553
YBR055C,YBR058C-A,0,1.12492,0.1663791388273239,0.8654037714004517,0.4350305199623108
YBR240C,YKR059W,0,1.1249195,0.16634726524353027,0.8654037714004517,0.4351305365562439
YLR446W,YOR080W,0,1.1246796,0.16631539165973663,0.8654037714004517,0.4352305829524994
YDR425W,YDR520C,0,1.1245058,0.166283518075943,0.8654037714004517,0.4353305995464325
YCL027W,YDR101C,0,1.124404,0.16625167429447174,0.8654037714004517,0.4354306161403656
YDL204W,YDR387C,0,1.1231234,0.16621984541416168,0.8654037714004517,0.4355306625366211
YFL016C,YNL077W,1,1.121901,0.16637948155403137,0.8664007782936096,0.4355306625366211
YPL195W,YLR356W,0,1.1216068,0.16634762287139893,0.8664007782936096,0.4356306791305542
YLR283W,YDL146W,0,1.1204054,0.16631579399108887,0.8664007782936096,0.4357307255268097
YGR123C,YML081C-A,0,1.1197133,0.1662839651107788,0.8664007782936096,0.4358307421207428
YJL072C,YDR486C,0,1.1196634,0.16625215113162994,0.8664007782936096,0.4359307885169983
YIR002C,YAL034W-A,0,1.1194291,0.16622035205364227,0.8664007782936096,0.4360308051109314
YOL100W,YDR034C-C,0,1.1189154,0.1661885678768158,0.8664007782936096,0.4361308515071869
YER083C,YML088W,0,1.118192,0.16615678369998932,0.8664007782936096,0.43623086810112
YPR019W,YLR306W,0,1.11752,0.16612502932548523,0.8664007782936096,0.4363308846950531
YOR308C,YBL061C,0,1.1170075,0.16609327495098114,0.8664007782936096,0.4364309310913086
YFL041W,YPL089C,0,1.1159256,0.16606153547763824,0.8664007782936096,0.4365309476852417
YOR047C,YBR024W,0,1.1145031,0.16602981090545654,0.8664007782936096,0.4366309940814972
YOR047C,YLR015W,0,1.1144185,0.16599808633327484,0.8664007782936096,0.4367310106754303
YBR058C,YBL023C,0,1.1125684,0.16596639156341553,0.8664007782936096,0.4368310570716858
YBR160W,YCR054C,0,1.1124824,0.1659346967935562,0.8664007782936096,0.4369310736656189
YLR283W,YDR093W,0,1.111937,0.1659030169248581,0.8664007782936096,0.4370311200618744
YMR307W,YDR052C,0,1.1116412,0.16587135195732117,0.8664007782936096,0.4371311366558075
YNL188W,YGL059W,0,1.110859,0.16583970189094543,0.8664007782936096,0.437231183052063
YER025W,YBR058C,0,1.1099817,0.1658080518245697,0.8664007782936096,0.4373311996459961
YMR127C,YDR510W,0,1.1090162,0.16577641665935516,0.8664007782936096,0.4374312162399292
YOL018C,YGR076C,0,1.1087413,0.16574479639530182,0.8664007782936096,0.4375312626361847
YIL009C-A,YGR116W,0,1.1075207,0.16571319103240967,0.8664007782936096,0.4376312792301178
YBR012W-A,YJL019W,0,1.1066129,0.1656816005706787,0.8664007782936096,0.4377313256263733
YER083C,YOR346W,0,1.1065178,0.16565002501010895,0.8664007782936096,0.4378313422203064
YBL060W,YHR129C,0,1.1057321,0.16561844944953918,0.8664007782936096,0.4379313886165619
YNL185C,YDR380W,0,1.1052971,0.16558688879013062,0.8664007782936096,0.438031405210495
YKL100C,YFR008W,0,1.1051266,0.16555534303188324,0.8664007782936096,0.4381314516067505
YAR015W,YER114C,0,1.1043494,0.16552381217479706,0.8664007782936096,0.4382314682006836
YKR094C,YMR211W,0,1.1028817,0.16549228131771088,0.8664007782936096,0.4383314847946167
YGR009C,YLR327C,0,1.1005597,0.16546078026294708,0.8664007782936096,0.4384315311908722
YPL051W,YMR287C,0,1.0989822,0.1654292792081833,0.8664007782936096,0.4385315477848053
YFL002W-A,YBL020W,0,1.0988827,0.1653977930545807,0.8664007782936096,0.4386315941810608
YER091C,YHR099W,0,1.0973496,0.16536632180213928,0.8664007782936096,0.4387316107749939
YHL032C,YGR286C,0,1.0972733,0.16533485054969788,0.8664007782936096,0.4388316571712494
YBL078C,YER148W,0,1.0965477,0.16530340909957886,0.8664007782936096,0.4389316737651825
YBR058C-A,YNL189W,0,1.0959888,0.16527196764945984,0.8664007782936096,0.439031720161438
YNL046W,YPR118W,0,1.0959672,0.16524054110050201,0.8664007782936096,0.4391317367553711
YCR009C,YLR438C-A,0,1.094834,0.16520912945270538,0.8664007782936096,0.4392317831516266
YJL106W,YKL164C,0,1.0946972,0.16517771780490875,0.8664007782936096,0.4393317997455597
YDR248C,YBR166C,0,1.093873,0.1651463359594345,0.8664007782936096,0.4394318163394928
YBR198C,YJR135C,0,1.0927268,0.16511495411396027,0.8664007782936096,0.4395318627357483
YBL064C,YDR103W,0,1.0920051,0.16508358716964722,0.8664007782936096,0.4396318793296814
YAL053W,YAL044C,0,1.0908867,0.16505223512649536,0.8664007782936096,0.4397319257259369
YML094W,YNL310C,1,1.0905738,0.1652107834815979,0.8673977851867676,0.4397319257259369
YBR240C,YKL028W,0,1.0903897,0.16517941653728485,0.8673977851867676,0.43983194231987
YAL034W-A,YLR172C,0,1.0902934,0.165148064494133,0.8673977851867676,0.4399319887161255
YHR116W,YPR108W,0,1.0898635,0.16511672735214233,0.8673977851867676,0.4400320053100586
YLR396C,YFR006W,0,1.0894411,0.16508539021015167,0.8673977851867676,0.4401320517063141
YHR031C,YKL198C,0,1.0892724,0.1650540679693222,0.8673977851867676,0.4402320683002472
YLR201C,YJL102W,0,1.0886935,0.16502276062965393,0.8673977851867676,0.4403320848941803
YER099C,YMR282C,0,1.0880432,0.16499146819114685,0.8673977851867676,0.4404321312904358
YBL090W,YMR303C,0,1.0878749,0.16496017575263977,0.8673977851867676,0.4405321478843689
YIR004W,YNL310C,1,1.0875595,0.1651184856891632,0.8683947920799255,0.4405321478843689
YGL222C,YPR016C,0,1.0868871,0.16508719325065613,0.8683947920799255,0.4406321942806244
YER126C,YJL156C,0,1.0863223,0.16505590081214905,0.8683947920799255,0.4407322108745575
YGR014W,YMR012W,0,1.0862403,0.16502462327480316,0.8683947920799255,0.440832257270813
YMR281W,YBL021C,0,1.0859425,0.16499337553977966,0.8683947920799255,0.4409322738647461
YDR060W,YMR045C,0,1.0857031,0.16496212780475616,0.8683947920799255,0.4410323202610016
YOL064C,YNL101W,0,1.0856024,0.16493088006973267,0.8683947920799255,0.4411323368549347
YEL021W,YDL110C,0,1.0852715,0.16489966213703156,0.8683947920799255,0.4412323832511902
YPL017C,YPL172C,0,1.0845097,0.16486844420433044,0.8683947920799255,0.4413323998451233
YIR006C,YAR010C,0,1.0844717,0.16483724117279053,0.8683947920799255,0.4414324164390564
YDR033W,YHR027C,0,1.0841256,0.1648060530424118,0.8683947920799255,0.4415324628353119
YBL057C,YMR071C,0,1.0836624,0.16477487981319427,0.8683947920799255,0.441632479429245
YNL293W,YPL195W,0,1.0834863,0.16474370658397675,0.8683947920799255,0.4417325258255005
YDR231C,YHR117W,0,1.0833585,0.1647125631570816,0.8683947920799255,0.4418325424194336
YDR388W,YIL101C,0,1.0829945,0.16468141973018646,0.8683947920799255,0.4419325888156891
YPL091W,YJR059W,0,1.0818344,0.16465027630329132,0.8683947920799255,0.4420326054096222
YML054C,YOR066W,0,1.0817707,0.16461916267871857,0.8683947920799255,0.4421326518058777
YJL198W,YAL010C,0,1.0817478,0.164588063955307,0.8683947920799255,0.4422326683998108
YFL016C,YER007W,1,1.0808207,0.16474589705467224,0.8693917989730835,0.4422326683998108
YOR308C,YBR185C,0,1.0807537,0.1647147685289383,0.8693917989730835,0.4423326849937439
YFR015C,YOR228C,0,1.0805358,0.16468366980552673,0.8693917989730835,0.4424327313899994
YDR069C,YNR047W,0,1.0804745,0.16465257108211517,0.8693917989730835,0.4425327479839325
YDR065W,YBR273C,0,1.080436,0.1646214872598648,0.8693917989730835,0.442632794380188
YJR022W,YJL101C,0,1.0797751,0.16459041833877563,0.8693917989730835,0.4427328109741211
YNL146W,YDR116C,0,1.0796754,0.16455934941768646,0.8693917989730835,0.4428328573703766
YGL249W,YHR147C,0,1.0794563,0.16452829539775848,0.8693917989730835,0.4429328739643097
YER111C,YPR042C,0,1.0790795,0.1644972711801529,0.8693917989730835,0.4430329203605652
YNR008W,YDL110C,0,1.0779194,0.1644662320613861,0.8693917989730835,0.4431329369544983
YGL173C,YLR286C,0,1.0779128,0.1644352227449417,0.8693917989730835,0.4432329833507538
YPL091W,YLR438C-A,0,1.0774739,0.1644042283296585,0.8693917989730835,0.4433329999446869
YDR312W,YNL166C,0,1.077444,0.1643732339143753,0.8693917989730835,0.44343301653862
YJR025C,YML070W,0,1.0760565,0.1643422544002533,0.8693917989730835,0.4435330629348755
YDL056W,YOR067C,0,1.0758028,0.16431128978729248,0.8693917989730835,0.4436330795288086
YDR532C,YOR246C,0,1.0748075,0.16428032517433167,0.8693917989730835,0.4437331259250641
YBR105C,YNL135C,0,1.0747292,0.16424939036369324,0.8693917989730835,0.4438331425189972
YMR130W,YHR181W,0,1.0746772,0.1642184555530548,0.8693917989730835,0.4439331889152527
YFR006W,YDL130W-A,0,1.0746753,0.16418753564357758,0.8693917989730835,0.4440332055091858
YPR063C,YJR094W-A,0,1.0746017,0.16415663063526154,0.8693917989730835,0.4441332519054413
YDR425W,YER068W,0,1.0739956,0.1641257256269455,0.8693917989730835,0.4442332684993744
YMR056C,YNR001C,0,1.07389,0.16409485042095184,0.8693917989730835,0.4443332850933075
YBL106C,YLR439W,0,1.0737274,0.1640639752149582,0.8693917989730835,0.444433331489563
YER007W,YJL189W,0,1.073339,0.16403311491012573,0.8693917989730835,0.4445333480834961
YOL031C,YLR079W,0,1.0729601,0.16400225460529327,0.8693917989730835,0.4446333944797516
YDR050C,YGL084C,0,1.0728245,0.1639714241027832,0.8693917989730835,0.4447334110736847
YOL003C,YHR036W,0,1.0727379,0.16394059360027313,0.8693917989730835,0.4448334574699402
YLR364W,YML113W,0,1.0725017,0.16390977799892426,0.8693917989730835,0.4449334740638733
YKR104W,YAL062W,0,1.0724385,0.16387897729873657,0.8693917989730835,0.4450335204601288
YIL109C,YDR069C,0,1.0717824,0.1638481765985489,0.8693917989730835,0.4451335370540619
YOR167C,YOR242C,0,1.0717599,0.1638173907995224,0.8693917989730835,0.4452335834503174
YJR025C,YLR414C,0,1.0712903,0.1637866199016571,0.8693917989730835,0.4453336000442505
YGL039W,YOL002C,0,1.0709386,0.163755863904953,0.8693917989730835,0.4454336166381836
YHR171W,YGR006W,0,1.0693952,0.1637251228094101,0.8693917989730835,0.4455336630344391
YBR058C-A,YMR071C,0,1.0692405,0.1636943817138672,0.8693917989730835,0.4456336796283722
YHR027C,YBR207W,0,1.0689721,0.16366367042064667,0.8693917989730835,0.4457337260246277
YNL098C,YGL157W,0,1.0685488,0.16363295912742615,0.8693917989730835,0.4458337426185608
YLR109W,YFR006W,0,1.0680182,0.16360224783420563,0.8693917989730835,0.4459337890148163
YJL106W,YER106W,0,1.0672848,0.1635715663433075,0.8693917989730835,0.4460338056087494
YNL162W,YGR279C,0,1.0665815,0.16354088485240936,0.8693917989730835,0.4461338520050049
YOR143C,YPR192W,0,1.0665438,0.16351021826267242,0.8693917989730835,0.446233868598938
YGL120C,YNR016C,0,1.0664669,0.16347956657409668,0.8693917989730835,0.4463339149951935
YBR166C,YMR071C,0,1.0659386,0.16344891488552094,0.8693917989730835,0.4464339315891266
YOR246C,YOR221C,0,1.0653888,0.16341829299926758,0.8693917989730835,0.4465339481830597
YNL077W,YBR207W,0,1.0648292,0.16338767111301422,0.8693917989730835,0.4466339945793152
YPL214C,YNL310C,0,1.0624006,0.16335706412792206,0.8693917989730835,0.4467340111732483
YGR001C,YOL149W,0,1.0621301,0.1633264720439911,0.8693917989730835,0.4468340575695038
YLR139C,YGR076C,0,1.0619156,0.16329587996006012,0.8693917989730835,0.4469340741634369
YLR204W,YDR077W,0,1.0613124,0.16326530277729034,0.8693917989730835,0.4470341205596924
YFL036W,YOR151C,0,1.0611768,0.16323474049568176,0.8693917989730835,0.4471341371536255
YML043C,YML042W,0,1.060136,0.16320419311523438,0.8693917989730835,0.447234183549881
YOR046C,YJL062W,0,1.0597113,0.163173645734787,0.8693917989730835,0.4473342001438141
YPL089C,YDL200C,0,1.0595694,0.163143128156662,0.8693917989730835,0.4474342167377472
YHR153C,YNL322C,0,1.0591035,0.163112610578537,0.8693917989730835,0.4475342631340027
YGR263C,YDR326C,0,1.0589169,0.16308210790157318,0.8693917989730835,0.4476342797279358
YML106W,YDL190C,0,1.0588976,0.16305160522460938,0.8693917989730835,0.4477343261241913
YBR267W,YOR075W,0,1.0582018,0.16302113234996796,0.8693917989730835,0.4478343427181244
YDL108W,YOR242C,0,1.0580901,0.16299065947532654,0.8693917989730835,0.4479343891143799
YBL024W,YNL185C,0,1.0576712,0.1629602015018463,0.8693917989730835,0.448034405708313
YGR123C,YOL019W,0,1.0575688,0.1629297435283661,0.8693917989730835,0.4481344521045685
YBR175W,YDR478W,0,1.0564201,0.16289931535720825,0.8693917989730835,0.4482344686985016
YLR214W,YEL021W,0,1.0549922,0.16286888718605042,0.8693917989730835,0.4483345150947571
YFR032C-A,YOR346W,0,1.0549626,0.16283847391605377,0.8693917989730835,0.4484345316886902
YJL198W,YGL253W,0,1.054003,0.16280806064605713,0.8693917989730835,0.4485345482826233
YKR090W,YER051W,0,1.0535798,0.16277767717838287,0.8693917989730835,0.4486345946788788
YGR009C,YOR374W,0,1.0534132,0.16274729371070862,0.8693917989730835,0.4487346112728119
YML034W,YHR081W,0,1.0532426,0.16271692514419556,0.8693917989730835,0.4488346576690674
YDR117C,YDR380W,0,1.0532031,0.1626865714788437,0.8693917989730835,0.4489346742630005
YKL010C,YGR123C,0,1.0529287,0.16265621781349182,0.8693917989730835,0.449034720659256
YPL060W,YOR244W,0,1.0524491,0.16262587904930115,0.8693917989730835,0.4491347372531891
YKL021C,YDR044W,0,1.0523419,0.16259555518627167,0.8693917989730835,0.4492347836494446
YKL100C,YJL101C,0,1.052163,0.16256524622440338,0.8693917989730835,0.4493348002433777
YDL007W,YNL188W,0,1.0520887,0.1625349521636963,0.8693917989730835,0.4494348168373108
YBR058C-A,YLR265C,0,1.0516716,0.1625046581029892,0.8693917989730835,0.4495348632335663
YDL120W,YIL115C,0,1.0515943,0.1624743789434433,0.8693917989730835,0.4496348798274994
YBL078C,YDR297W,0,1.0514783,0.1624441146850586,0.8693917989730835,0.4497349262237549
YDR379W,YLR207W,0,1.0512247,0.1624138504266739,0.8693917989730835,0.449834942817688
YIR012W,YBR097W,0,1.0510843,0.16238361597061157,0.8693917989730835,0.4499349892139435
YOL031C,YMR256C,0,1.0509413,0.16235338151454926,0.8693917989730835,0.4500350058078766
YHR116W,YDL006W,0,1.0504484,0.16232316195964813,0.8693917989730835,0.4501350522041321
YPR049C,YBL060W,0,1.0501294,0.162292942404747,0.8693917989730835,0.4502350687980652
YPR186C,YOR346W,0,1.0494905,0.16226275265216827,0.8693917989730835,0.4503351151943207
YNR027W,YDL080C,0,1.0490315,0.16223256289958954,0.8693917989730835,0.4504351317882538
YOR201C,YER120W,0,1.047788,0.162202388048172,0.8693917989730835,0.4505351483821869
YNL049C,YLR204W,0,1.0472939,0.16217221319675446,0.8693917989730835,0.4506351947784424
YOL100W,YGL009C,0,1.0469046,0.1621420532464981,0.8693917989730835,0.4507352113723755
YGR124W,YBL101W-A,0,1.0457183,0.16211192309856415,0.8693917989730835,0.450835257768631
YCR009C,YPR019W,0,1.0456098,0.162081778049469,0.8693917989730835,0.4509352743625641
YEL064C,YIR002C,0,1.0450151,0.16205166280269623,0.8693917989730835,0.4510353207588196
YDL231C,YGR188C,0,1.0450114,0.16202154755592346,0.8693917989730835,0.4511353373527527
YFR005C,YIL078W,0,1.0446844,0.1619914472103119,0.8693917989730835,0.4512353837490082
YJR015W,YPL174C,0,1.044627,0.1619613617658615,0.8693917989730835,0.4513354003429413
YCR098C,YDL112W,0,1.044529,0.16193129122257233,0.8693917989730835,0.4514354169368744
YDR056C,YLR356W,0,1.0441164,0.16190122067928314,0.8693917989730835,0.4515354633331299
YDR418W,YOL157C,0,1.0433115,0.16187116503715515,0.8693917989730835,0.451635479927063
YOR061W,YPL281C,0,1.0431322,0.16184112429618835,0.8693917989730835,0.4517355263233185
YER025W,YCR040W,0,1.042903,0.16181109845638275,0.8693917989730835,0.4518355429172516
YDR012W,YDR093W,0,1.0426483,0.16178107261657715,0.8693917989730835,0.4519355893135071
YNL077W,YBL075C,1,1.0424669,0.16193656623363495,0.8703888058662415,0.4519355893135071
YPL221W,YGL018C,1,1.0418831,0.16209198534488678,0.8713858127593994,0.4519355893135071
YPL148C,YDR077W,0,1.0417753,0.1620619297027588,0.8713858127593994,0.4520356059074402
YLR045C,YKL021C,0,1.0415553,0.162031888961792,0.8713858127593994,0.4521356523036957
YML094W,YHR176W,1,1.041243,0.16218720376491547,0.8723828792572021,0.4521356523036957
YGL021W,YDR166C,0,1.0403652,0.16215714812278748,0.8723828792572021,0.4522356688976288
YOR373W,YBR097W,0,1.0391207,0.16212710738182068,0.8723828792572021,0.4523357152938843
YJL106W,YNL268W,0,1.0389911,0.16209706664085388,0.8723828792572021,0.4524357318878174
YBR041W,YMR247C,0,1.0389718,0.16206705570220947,0.8723828792572021,0.4525357484817505
YPL271W,YDR486C,0,1.0388448,0.16203702986240387,0.8723828792572021,0.452635794878006
YER099C,YJL108C,0,1.0386072,0.16200703382492065,0.8723828792572021,0.4527358114719391
YLR015W,YLR433C,0,1.0385345,0.16197705268859863,0.8723828792572021,0.4528358578681946
YDL138W,YDL085W,0,1.0383599,0.1619470715522766,0.8723828792572021,0.4529358744621277
YBR033W,YOR116C,0,1.0375607,0.16191710531711578,0.8723828792572021,0.4530359208583832
YDL075W,YOL007C,0,1.0375401,0.16188713908195496,0.8723828792572021,0.4531359374523163
YNR045W,YBR297W,0,1.0369446,0.16185720264911652,0.8723828792572021,0.4532359838485718
YFR041C,YLR200W,1,1.0369135,0.16201220452785492,0.8733798861503601,0.4532359838485718
YLR459W,YHL008C,0,1.036732,0.16198225319385529,0.8733798861503601,0.4533360004425049
YKL089W,YPL204W,0,1.0367026,0.16195230185985565,0.8733798861503601,0.453436017036438
YGR263C,YIL009C-A,0,1.0363252,0.1619223654270172,0.8733798861503601,0.4535360634326935
YNL129W,YPL155C,0,1.0356348,0.16189244389533997,0.8733798861503601,0.4536360800266266
YOR242C,YPR081C,0,1.0354426,0.16186252236366272,0.8733798861503601,0.4537361264228821
YML078W,YKL117W,1,1.035305,0.162017360329628,0.8743768930435181,0.4537361264228821
YDR018C,YGR286C,0,1.0344979,0.16198743879795074,0.8743768930435181,0.4538361430168152
YOR373W,YDR121W,0,1.0338145,0.1619575321674347,0.8743768930435181,0.4539361894130707
YKL088W,YBR273C,0,1.0323786,0.16192762553691864,0.8743768930435181,0.4540362060070038
YGL178W,YDR487C,0,1.03211,0.16189773380756378,0.8743768930435181,0.4541362524032593
YAR018C,YDL082W,0,1.03122,0.16186784207820892,0.8743768930435181,0.4542362689971924
YGR058W,YFL002W-A,0,1.0309572,0.16183798015117645,0.8743768930435181,0.4543363153934479
YBR159W,YKL042W,0,1.0304248,0.16180811822414398,0.8743768930435181,0.454436331987381
YOL067C,YDL008W,0,1.0302173,0.1617782711982727,0.8743768930435181,0.4545363485813141
YER099C,YJR126C,0,1.0302076,0.16174843907356262,0.8743768930435181,0.4546363949775696
YOR192C-B,YMR023C,0,1.0300115,0.16171860694885254,0.8743768930435181,0.4547364115715027
YGR223C,YOL002C,0,1.0289587,0.16168878972530365,0.8743768930435181,0.4548364579677582
YPR118W,YOR039W,0,1.0277369,0.16165898740291595,0.8743768930435181,0.4549364745616913
YCR020C,YMR109W,0,1.0276084,0.16162919998168945,0.8743768930435181,0.4550365209579468
YBR001C,YPL121C,0,1.0273056,0.16159941256046295,0.8743768930435181,0.4551365375518799
YJL033W,YPL031C,0,1.0269966,0.16156964004039764,0.8743768930435181,0.4552365839481354
YCL027W,YEL050C,0,1.0267298,0.16153988242149353,0.8743768930435181,0.4553366005420685
YCL055W,YDL067C,0,1.026535,0.16151012480258942,0.8743768930435181,0.4554366171360016
YDR425W,YJL164C,0,1.026495,0.1614803969860077,0.8743768930435181,0.4555366635322571
YDR511W,YDR376W,0,1.0262277,0.16145066916942596,0.8743768930435181,0.4556366801261902
YER029C,YGR101W,0,1.025747,0.16142094135284424,0.8743768930435181,0.4557367265224457
YNL128W,YDR117C,0,1.0256655,0.1613912433385849,0.8743768930435181,0.4558367431163788
YOL019W,YGR162W,0,1.0252081,0.16136154532432556,0.8743768930435181,0.4559367895126343
YMR100W,YPL206C,0,1.0250528,0.16133186221122742,0.8743768930435181,0.4560368061065674
YHR025W,YGR184C,0,1.0249461,0.16130219399929047,0.8743768930435181,0.4561368525028229
YDR121W,YIL138C,0,1.024747,0.16127252578735352,0.8743768930435181,0.456236869096756
YPL172C,YOR075W,0,1.0246149,0.16124287247657776,0.8743768930435181,0.4563369154930115
YIL093C,YGL251C,0,1.0245565,0.1612132340669632,0.8743768930435181,0.4564369320869446
YKR058W,YJR045C,0,1.0242273,0.16118361055850983,0.8743768930435181,0.4565369486808777
YPR036W,YAL058W,0,1.0242,0.16115398705005646,0.8743768930435181,0.4566369950771332
YMR036C,YKL028W,0,1.0240766,0.16112437844276428,0.8743768930435181,0.4567370116710663
YFL016C,YOR288C,1,1.0233264,0.16127847135066986,0.875373899936676,0.4567370116710663
YOR201C,YMR188C,0,1.0231358,0.1612488478422165,0.875373899936676,0.4568370580673218
YOL125W,YLR120C,0,1.0231113,0.16121923923492432,0.875373899936676,0.4569370746612549
YGL089C,YOL109W,0,1.022358,0.16118964552879333,0.875373899936676,0.4570371210575104
YCL055W,YGR071C,0,1.0223219,0.16116005182266235,0.875373899936676,0.4571371376514435
YPR108W,YER180C,0,1.0221951,0.16113048791885376,0.875373899936676,0.457237184047699
YBR033W,YFR037C,0,1.0220035,0.16110092401504517,0.875373899936676,0.4573372006416321
YAL041W,YDR298C,0,1.0215274,0.16107136011123657,0.875373899936676,0.4574372172355652
YHR147C,YGL141W,0,1.0205414,0.16104182600975037,0.875373899936676,0.4575372636318207
YLR038C,YBR185C,0,1.019702,0.16101229190826416,0.875373899936676,0.4576372802257538
YNL001W,YCR040W,0,1.0194473,0.16098275780677795,0.875373899936676,0.4577373266220093
YBL039C,YBR164C,0,1.0191374,0.16095325350761414,0.875373899936676,0.4578373432159424
YNL268W,YKL017C,0,1.0187821,0.16092374920845032,0.875373899936676,0.4579373896121979
YDL229W,YPL202C,0,1.0186833,0.1608942598104477,0.875373899936676,0.458037406206131
YNL046W,YNR047W,0,1.0184976,0.16086478531360626,0.875373899936676,0.4581374526023865
YHR046C,YJL090C,0,1.0177299,0.16083531081676483,0.875373899936676,0.4582374691963196
YGR200C,YJL109C,0,1.017673,0.1608058661222458,0.875373899936676,0.4583375155925751
YNL330C,YOR322C,0,1.0176568,0.16077642142772675,0.875373899936676,0.4584375321865082
YDL229W,YNR020C,0,1.016639,0.1607469767332077,0.875373899936676,0.4585375487804413
YDR524C,YMR109W,0,1.0166113,0.16071756184101105,0.875373899936676,0.4586375951766968
YDR436W,YGR014W,0,1.0164785,0.1606881469488144,0.875373899936676,0.4587376117706299
YOR076C,YDR177W,0,1.0162581,0.16065873205661774,0.875373899936676,0.4588376581668854
YLR127C,YLR074C,0,1.0162413,0.16062934696674347,0.875373899936676,0.4589376747608185
YGR058W,YDR044W,0,1.0155776,0.1605999618768692,0.875373899936676,0.459037721157074
YER096W,YGL178W,0,1.0147144,0.16057059168815613,0.875373899936676,0.4591377377510071
YKL028W,YNL135C,0,1.0139809,0.16054123640060425,0.875373899936676,0.4592377841472626
YHR171W,YJL052W,0,1.0132074,0.16051188111305237,0.875373899936676,0.4593378007411957
YIL074C,YDR261W-B,0,1.0126786,0.16048254072666168,0.875373899936676,0.4594378173351288
YJL073W,YJR155W,0,1.0125172,0.1604532152414322,0.875373899936676,0.4595378637313843
YOL077C,YER164W,0,1.0108032,0.1604239046573639,0.875373899936676,0.4596378803253174
YJR010C-A,YDR358W,0,1.0104506,0.1603945940732956,0.875373899936676,0.4597379267215729
YDL030W,YDR251W,0,1.0099417,0.1603652983903885,0.875373899936676,0.459837943315506
YLR283W,YOL018C,0,1.0096881,0.16033601760864258,0.875373899936676,0.4599379897117615
YNL191W,YJR089W,0,1.0094509,0.16030673682689667,0.875373899936676,0.4600380063056946
YAR015W,YCR010C,0,1.0091766,0.16027747094631195,0.875373899936676,0.4601380527019501
YDR214W,YAL053W,1,1.0089989,0.16043072938919067,0.876370906829834,0.4601380527019501
YKL089W,YMR139W,0,1.008786,0.16040146350860596,0.876370906829834,0.4602380692958832
YGR263C,YLR306W,0,1.0082633,0.16037219762802124,0.876370906829834,0.46033811569213867
YNL293W,YFL036W,0,1.0080253,0.16034294664859772,0.876370906829834,0.4604381322860718
YDR316W-A,YDR501W,0,1.0079591,0.1603136956691742,0.876370906829834,0.4605381488800049
YGR063C,YGL157W,0,1.0070411,0.16028445959091187,0.876370906829834,0.4606381952762604
YML077W,YHR064C,0,1.0055137,0.16025523841381073,0.876370906829834,0.4607382118701935
YEL015W,YJL156C,0,1.0051711,0.1602260321378708,0.876370906829834,0.460838258266449
YIL004C,YKL164C,0,1.0034399,0.16019682586193085,0.876370906829834,0.4609382748603821
YDR523C,YDR524C,0,1.0034336,0.1601676344871521,0.876370906829834,0.4610383212566376
YOR228C,YKR048C,0,1.0034015,0.16013845801353455,0.876370906829834,0.4611383378505707
YER161C,YIL090W,0,1.0031335,0.16010929644107819,0.876370906829834,0.46123838424682617
YHL044W,YDR158W,0,1.0029676,0.16008013486862183,0.876370906829834,0.4613384008407593
YGL210W,YHR025W,0,1.0018821,0.16005098819732666,0.876370906829834,0.4614384174346924
YOR386W,YBR030W,0,1.00151,0.1600218415260315,0.876370906829834,0.4615384638309479
YHR067W,YDL017W,0,1.001333,0.15999272465705872,0.876370906829834,0.461638480424881
YIL070C,YCL075W,0,1.0010887,0.15996360778808594,0.876370906829834,0.4617385268211365
YCR081W,YOR014W,0,1.0010259,0.15993449091911316,0.876370906829834,0.4618385434150696
YOR348C,YLR121C,0,1.0007255,0.15990540385246277,0.876370906829834,0.4619385898113251
YOL071W,YPR096C,0,1.0001489,0.15987631678581238,0.876370906829834,0.4620386064052582
YGL018C,YNL135C,1,0.9997691,0.1600290983915329,0.8773679137229919,0.4620386064052582
YJL129C,YDR086C,0,0.9990043,0.1599999964237213,0.8773679137229919,0.46213865280151367
YPL271W,YIL171W,0,0.99733114,0.15997090935707092,0.8773679137229919,0.4622386693954468
YNL291C,YEL017C-A,0,0.99713516,0.15994183719158173,0.8773679137229919,0.46233871579170227
YIR004W,YMR200W,1,0.9959731,0.1600944995880127,0.8783649206161499,0.46233871579170227
YJL125C,YDR177W,0,0.9956499,0.1600654125213623,0.8783649206161499,0.4624387323856354
YGL021W,YJR010C-A,0,0.99545753,0.16003632545471191,0.8783649206161499,0.4625387489795685
YFR041C,YER045C,0,0.99538374,0.1600072681903839,0.8783649206161499,0.462638795375824
YBR012W-A,YER070W,0,0.995053,0.1599782109260559,0.8783649206161499,0.4627388119697571
YOR332W,YFL037W,0,0.99389726,0.1599491685628891,0.8783649206161499,0.4628388583660126
YLR356W,YNL146W,0,0.9938587,0.1599201261997223,0.8783649206161499,0.4629388749599457
YDR088C,YDR507C,0,0.9934093,0.15989111363887787,0.8783649206161499,0.46303892135620117
YPR028W,YIL113W,0,0.99337125,0.15986210107803345,0.8783649206161499,0.4631389379501343
YOR322C,YBR241C,0,0.99314344,0.15983308851718903,0.8783649206161499,0.46323898434638977
YNL291C,YGL009C,0,0.9924357,0.159804105758667,0.8783649206161499,0.4633390009403229
YKL198C,YCL047C,0,0.992435,0.15977512300014496,0.8783649206161499,0.463439017534256
YJL198W,YLR287C-A,0,0.9923936,0.15974614024162292,0.8783649206161499,0.4635390639305115
YFR008W,YDR130C,0,0.99188256,0.15971718728542328,0.8783649206161499,0.4636390805244446
YPL028W,YNL096C,0,0.99105495,0.15968823432922363,0.8783649206161499,0.4637391269207001
YMR316W,YNL331C,0,0.99090236,0.15965929627418518,0.8783649206161499,0.4638391435146332
YDR047W,YHL004W,0,0.99078274,0.15963037312030792,0.8783649206161499,0.46393918991088867
YMR128W,YEL058W,0,0.9903543,0.15960144996643066,0.8783649206161499,0.4640392065048218
YMR247C,YGL206C,0,0.98983335,0.1595725417137146,0.8783649206161499,0.46413925290107727
YDR379W,YJR135W-A,0,0.9876448,0.15954364836215973,0.8783649206161499,0.4642392694950104
YDR046C,YOR151C,0,0.98757994,0.15951475501060486,0.8783649206161499,0.46433931589126587
YJL129C,YOL080C,0,0.98742205,0.15948587656021118,0.8783649206161499,0.464439332485199
YHR025W,YBR058C-A,0,0.9870551,0.1594570130109787,0.8783649206161499,0.4645393490791321
YMR016C,YOL105C,0,0.9869453,0.1594281643629074,0.8783649206161499,0.4646393954753876
YKL179C,YDR313C,0,0.98690003,0.15939931571483612,0.8783649206161499,0.4647394120693207
YCR072C,YDR534C,0,0.98616254,0.15937048196792603,0.8783649206161499,0.46483945846557617
YML129C,YPR098C,0,0.98466784,0.15934164822101593,0.8783649206161499,0.4649394750595093
YOR308C,YCL061C,0,0.9844587,0.15931284427642822,0.8783649206161499,0.46503952145576477
YDL115C,YPL172C,0,0.98432964,0.15928404033184052,0.8783649206161499,0.4651395380496979
YOR384W,YBL074C,0,0.9839827,0.1592552363872528,0.8783649206161499,0.46523958444595337
YMR298W,YLR086W,0,0.98332894,0.1592264622449875,0.8783649206161499,0.4653396010398865
YCR075C,YOR127W,0,0.9820432,0.15919768810272217,0.8783649206161499,0.4654396176338196
YBL060W,YMR004W,0,0.9817989,0.15916892886161804,0.8783649206161499,0.4655396640300751
YDR056C,YOL005C,0,0.98179483,0.15914016962051392,0.8783649206161499,0.4656396806240082
YJL164C,YGL040C,0,0.98149216,0.15911142528057098,0.8783649206161499,0.46573972702026367
YDR466W,YPL174C,0,0.9803859,0.15908269584178925,0.8783649206161499,0.4658397436141968
YNL148C,YHR057C,1,0.98029816,0.15923452377319336,0.8793619275093079,0.4658397436141968
YCR047C,YMR122W-A,0,0.9802641,0.15920577943325043,0.8793619275093079,0.46593979001045227
YDR236C,YJR126C,0,0.9796401,0.1591770499944687,0.8793619275093079,0.4660398066043854
YOL003C,YER180C,0,0.97943825,0.15914832055568695,0.8793619275093079,0.46613985300064087
YPL220W,YOR080W,0,0.97896534,0.1591196060180664,0.8793619275093079,0.466239869594574
YBL103C,YJL125C,0,0.9772835,0.15909090638160706,0.8793619275093079,0.46633991599082947
YJR013W,YER082C,0,0.9771314,0.1590622216463089,0.8793619275093079,0.4664399325847626
YNL242W,YOL072W,0,0.97677135,0.15903353691101074,0.8793619275093079,0.4665399491786957
YLR373C,YNL015W,0,0.97629124,0.15900486707687378,0.8793619275093079,0.46663999557495117
YNL322C,YGL106W,0,0.9750421,0.158976212143898,0.8793619275093079,0.4667400121688843
YNR061C,YNR007C,0,0.974469,0.15894755721092224,0.8793619275093079,0.46684005856513977
YAL020C,YMR150C,0,0.9742177,0.15891891717910767,0.8793619275093079,0.4669400751590729
YGR058W,YBL021C,0,0.9738739,0.15889029204845428,0.8793619275093079,0.46704012155532837
YGL229C,YNL268W,0,0.9735196,0.1588616669178009,0.8793619275093079,0.4671401381492615
YPL258C,YJL148W,0,0.973049,0.15883305668830872,0.8793619275093079,0.46724018454551697
YAL010C,YJL153C,0,0.97287494,0.15880446135997772,0.8793619275093079,0.4673402011394501
YOR192C-A,YJL108C,0,0.9724878,0.15877588093280792,0.8793619275093079,0.4674402177333832
YJL198W,YHL016C,0,0.9720211,0.15874730050563812,0.8793619275093079,0.46754026412963867
YML070W,YDR169C,0,0.97147214,0.15871873497962952,0.8793619275093079,0.4676402807235718
YDR520C,YLL038C,0,0.97031975,0.1586901694536209,0.8793619275093079,0.46774032711982727
YJL162C,YNL077W,1,0.9703164,0.15884152054786682,0.8803589344024658,0.46774032711982727
YOL067C,YIL115C,0,0.97005576,0.15881295502185822,0.8803589344024658,0.4678403437137604
YPL159C,YOR043W,0,0.96992034,0.1587843894958496,0.8803589344024658,0.46794039011001587
YGL128C,YGL119W,0,0.9695544,0.1587558388710022,0.8803589344024658,0.468040406703949
YDR238C,YOL149W,0,0.9693055,0.15872730314731598,0.8803589344024658,0.46814045310020447
YBL075C,YHL008C,0,0.9687387,0.15869878232479095,0.8803589344024658,0.4682404696941376
YML018C,YER110C,0,0.968605,0.15867026150226593,0.8803589344024658,0.46834051609039307
YDR440W,YMR224C,0,0.96727943,0.1586417555809021,0.8803589344024658,0.46844053268432617
YDR447C,YLR014C,0,0.96698785,0.15861324965953827,0.8803589344024658,0.4685405492782593
YIL171W,YGR184C,0,0.9654614,0.15858477354049683,0.8803589344024658,0.46864059567451477
YOR179C,YDR479C,0,0.9652047,0.15855629742145538,0.8803589344024658,0.4687406122684479
YHR089C,YER113C,0,0.9651027,0.15852782130241394,0.8803589344024658,0.46884065866470337
YMR109W,YKL198C,0,0.9642674,0.15849937498569489,0.8803589344024658,0.4689406752586365
YOL003C,YGL211W,0,0.9626578,0.15847092866897583,0.8803589344024658,0.46904072165489197
YIR017C,YDR320C,0,0.96248215,0.15844249725341797,0.8803589344024658,0.4691407382488251
YKL154W,YER173W,0,0.96200067,0.1584140658378601,0.8803589344024658,0.46924078464508057
YDR387C,YPL085W,0,0.96132314,0.15838564932346344,0.8803589344024658,0.46934080123901367
YDR288W,YIL136W,0,0.9605041,0.15835724771022797,0.8803589344024658,0.4694408178329468
YOR143C,YOL005C,0,0.959787,0.1583288460969925,0.8803589344024658,0.46954086422920227
YJR139C,YHR167W,0,0.9586811,0.1583004593849182,0.8803589344024658,0.4696408808231354
YBR035C,YBR058C-A,0,0.9584036,0.15827208757400513,0.8803589344024658,0.46974092721939087
YOR224C,YDL017W,0,0.9583343,0.15824373066425323,0.8803589344024658,0.469840943813324
YDR495C,YLR276C,0,0.95775706,0.15821537375450134,0.8803589344024658,0.46994099020957947
YMR006C,YML088W,0,0.9575069,0.15818703174591064,0.8803589344024658,0.4700410068035126
YJL156C,YDR507C,0,0.95729065,0.15815868973731995,0.8803589344024658,0.47014105319976807
YJR098C,YJL062W,0,0.9568171,0.15813037753105164,0.8803589344024658,0.47024106979370117
YJL157C,YGR124W,0,0.95649415,0.15810206532478333,0.8803589344024658,0.47034111618995667
YNL311C,YAR019C,0,0.95604575,0.15807375311851501,0.8803589344024658,0.47044113278388977
YDR050C,YGR286C,0,0.9559406,0.1580454558134079,0.8803589344024658,0.4705411493778229
YAL041W,YPR036W,0,0.95562375,0.15801717340946198,0.8803589344024658,0.47064119577407837
YNL325C,YIL124W,0,0.955257,0.15798890590667725,0.8803589344024658,0.4707412123680115
YMR043W,YJL097W,0,0.9550116,0.15796063840389252,0.8803589344024658,0.47084125876426697
YGR223C,YMR004W,0,0.95475775,0.15793238580226898,0.8803589344024658,0.4709412753582001
YMR298W,YBR058C-A,0,0.9539225,0.15790414810180664,0.8803589344024658,0.47104132175445557
YPL060W,YDR239C,0,0.9537485,0.1578759104013443,0.8803589344024658,0.47114133834838867
YFL004W,YJR033C,0,0.9537394,0.15784768760204315,0.8803589344024658,0.47124138474464417
YGL251C,YBR122C,0,0.9533575,0.1578194797039032,0.8803589344024658,0.47134140133857727
YOL065C,YHR013C,0,0.9532459,0.15779128670692444,0.8803589344024658,0.4714414179325104
YGR047C,YNR020C,0,0.95291746,0.15776309370994568,0.8803589344024658,0.47154146432876587
YER007W,YHR064C,1,0.9523761,0.15791353583335876,0.8813559412956238,0.47154146432876587
YGL185C,YLL022C,0,0.9516343,0.15788534283638,0.8813559412956238,0.471641480922699
YMR316W,YDR507C,0,0.9515489,0.15785714983940125,0.8813559412956238,0.47174152731895447
YBR022W,YDR065W,0,0.9515059,0.15782895684242249,0.8813559412956238,0.4718415439128876
YDR036C,YAL025C,0,0.9513603,0.15780077874660492,0.8813559412956238,0.47194159030914307
YMR142C,YPL038W,0,0.9513346,0.15777261555194855,0.8813559412956238,0.47204160690307617
YPL106C,YDL229W,1,0.9508642,0.1579229086637497,0.8823529481887817,0.47204160690307617
YNL046W,YJL129C,0,0.9505726,0.15789473056793213,0.8823529481887817,0.47214165329933167
YMR109W,YHR181W,0,0.9500389,0.15786656737327576,0.8823529481887817,0.47224166989326477
YLR450W,YIR037W,0,0.9487196,0.15783841907978058,0.8823529481887817,0.47234171628952026
YGR029W,YGR027W-B,0,0.9485882,0.1578102707862854,0.8823529481887817,0.47244173288345337
YDL190C,YDL185W,0,0.94849426,0.15778213739395142,0.8823529481887817,0.4725417494773865
YNL227C,YNL325C,0,0.94820106,0.15775400400161743,0.8823529481887817,0.47264179587364197
YDR253C,YJR066W,0,0.94816387,0.15772590041160583,0.8823529481887817,0.4727418124675751
YJR009C,YDR520C,0,0.9472039,0.15769779682159424,0.8823529481887817,0.47284185886383057
YBL088C,YIL084C,0,0.94656336,0.15766969323158264,0.8823529481887817,0.47294187545776367
YDL069C,YCL050C,0,0.9461419,0.15764160454273224,0.8823529481887817,0.47304192185401917
YGR008C,YIR006C,0,0.945512,0.15761353075504303,0.8823529481887817,0.47314193844795227
YPR158C-D,YLR040C,0,0.94537663,0.15758547186851501,0.8823529481887817,0.47324198484420776
YHR116W,YDR315C,0,0.94528794,0.157557412981987,0.8823529481887817,0.47334200143814087
YMR247C,YBR160W,0,0.9452493,0.15752936899662018,0.8823529481887817,0.473442018032074
YBR033W,YDR252W,0,0.945138,0.15750133991241455,0.8823529481887817,0.47354206442832947
YDR380W,YPL204W,0,0.9451326,0.15747331082820892,0.8823529481887817,0.4736420810222626
YHR046C,YPL149W,0,0.9451148,0.1574452966451645,0.8823529481887817,0.47374212741851807
YDR466W,YGR194C,0,0.9450388,0.15741728246212006,0.8823529481887817,0.47384214401245117
YIL026C,YGR075C,0,0.94444406,0.157389298081398,0.8823529481887817,0.47394219040870667
YDR283C,YGR194C,0,0.94423085,0.15736131370067596,0.8823529481887817,0.47404220700263977
YBR283C,YIL171W,0,0.9430439,0.15733332931995392,0.8823529481887817,0.47414225339889526
YNR027W,YHR167W,0,0.9430196,0.15730537474155426,0.8823529481887817,0.47424226999282837
YOL071W,YGR071C,0,0.9426601,0.1572774052619934,0.8823529481887817,0.47434231638908386
YMR023C,YMR285C,0,0.94188964,0.15724946558475494,0.8823529481887817,0.47444233298301697
YGL136C,YGL229C,0,0.9411758,0.15722152590751648,0.8823529481887817,0.4745423495769501
YDL143W,YAL043C,0,0.94075626,0.1571936011314392,0.8823529481887817,0.47464239597320557
YIL109C,YHR207C,0,0.9396192,0.15716569125652313,0.8823529481887817,0.47474241256713867
YOL019W,YKL017C,0,0.9394082,0.15713778138160706,0.8823529481887817,0.47484245896339417
YER025W,YPL194W,0,0.93881047,0.15710988640785217,0.8823529481887817,0.47494247555732727
YOL003C,YBL010C,0,0.9385642,0.15708200633525848,0.8823529481887817,0.47504252195358276
YDL051W,YFL037W,0,0.93802,0.1570541262626648,0.8823529481887817,0.47514253854751587
YGL211W,YJR098C,0,0.9374201,0.1570262610912323,0.8823529481887817,0.47524258494377136
YDR312W,YDR436W,0,0.9367002,0.156998410820961,0.8823529481887817,0.47534260153770447
YBR264C,YDR130C,0,0.93493795,0.1569705605506897,0.8823529481887817,0.4754426181316376
YPL241C,YDR252W,1,0.9339621,0.15712006390094757,0.8833499550819397,0.4754426181316376
YBL017C,YFR041C,0,0.93381405,0.15709219872951508,0.8833499550819397,0.47554266452789307
YPL051W,YPR081C,0,0.9337927,0.15706434845924377,0.8833499550819397,0.47564268112182617
YDR356W,YIL125W,0,0.9329794,0.15703651309013367,0.8833499550819397,0.47574272751808167
YER029C,YPL092W,0,0.9329063,0.15700867772102356,0.8833499550819397,0.47584274411201477
YER161C,YMR012W,0,0.9324186,0.15698085725307465,0.8833499550819397,0.47594279050827026
YNL049C,YDR103W,0,0.93240213,0.15695305168628693,0.8833499550819397,0.47604280710220337
YGL119W,YMR201C,0,0.9323161,0.1569252610206604,0.8833499550819397,0.47614285349845886
YJR033C,YIL171W,0,0.93214077,0.15689747035503387,0.8833499550819397,0.47624287009239197
YJR075W,YDR054C,0,0.93196964,0.15686969459056854,0.8833499550819397,0.47634291648864746
YNL077W,YPL103C,0,0.9303142,0.1568419188261032,0.8833499550819397,0.47644293308258057
YML077W,YGR184C,0,0.93028617,0.15681415796279907,0.8833499550819397,0.47654294967651367
YNL128W,YDL095W,0,0.9301778,0.15678641200065613,0.8833499550819397,0.47664299607276917
YOR066W,YDR103W,0,0.9300983,0.15675866603851318,0.8833499550819397,0.47674301266670227
YEL038W,YBR050C,0,0.9287485,0.15673093497753143,0.8833499550819397,0.47684305906295776
YMR163C,YDR362C,0,0.9283068,0.15670321881771088,0.8833499550819397,0.47694307565689087
YOR046C,YOL056W,0,0.9276685,0.15667550265789032,0.8833499550819397,0.47704312205314636
YBR240C,YER112W,0,0.9275216,0.15664780139923096,0.8833499550819397,0.47714313864707947
YOR315W,YEL058W,0,0.927477,0.1566201150417328,0.8833499550819397,0.47724318504333496
YGR029W,YDL138W,0,0.92719185,0.15659242868423462,0.8833499550819397,0.47734320163726807
YJL080C,YHR099W,0,0.9267827,0.15656475722789764,0.8833499550819397,0.47744321823120117
YER025W,YAL043C,0,0.9262259,0.15653710067272186,0.8833499550819397,0.47754326462745667
YNL054W-B,YBR012W-B,0,0.92589796,0.15650944411754608,0.8833499550819397,0.47764328122138977
YAL035W,YOR270C,0,0.924544,0.1564818024635315,0.8833499550819397,0.47774332761764526
YNL077W,YHL047C,0,0.9245051,0.1564541757106781,0.8833499550819397,0.47784334421157837
YJL162C,YML048W,1,0.92393804,0.1566031128168106,0.8843469619750977,0.47784334421157837
YOL157C,YDR034C-C,0,0.9239197,0.15657545626163483,0.8843469619750977,0.47794339060783386
YLR048W,YNL339C,0,0.9239161,0.15654782950878143,0.8843469619750977,0.47804340720176697
YHR086W,YIR023W,0,0.9238323,0.15652020275592804,0.8843469619750977,0.47814345359802246
YCL047C,YBL023C,0,0.9233508,0.15649259090423584,0.8843469619750977,0.47824347019195557
YNL188W,YKL056C,0,0.92280716,0.15646497905254364,0.8843469619750977,0.47834351658821106
YER112W,YML087C,0,0.9225758,0.15643739700317383,0.8843469619750977,0.47844353318214417
YDL229W,YDR519W,1,0.92218125,0.15658614039421082,0.8853439688682556,0.47844353318214417
YDR219C,YER184C,0,0.9221041,0.15655852854251862,0.8853439688682556,0.47854354977607727
YER180C,YEL050C,0,0.9218651,0.1565309315919876,0.8853439688682556,0.47864359617233276
YOL067C,YLR419W,0,0.92135465,0.1565033495426178,0.8853439688682556,0.47874361276626587
YPR041W,YAL003W,0,0.9213333,0.15647576749324799,0.8853439688682556,0.47884365916252136
YDR436W,YDR330W,0,0.92042136,0.15644820034503937,0.8853439688682556,0.47894367575645447
YFR041C,YMR161W,1,0.9202585,0.15659679472446442,0.8863409757614136,0.47894367575645447
YGL035C,YKL010C,0,0.9195601,0.1565692126750946,0.8863409757614136,0.47904372215270996
YGL137W,YMR042W,0,0.91940016,0.156541645526886,0.8863409757614136,0.47914373874664307
YDL205C,YNL115C,0,0.9180498,0.15651407837867737,0.8863409757614136,0.47924378514289856
YBL054W,YMR122W-A,0,0.91750133,0.15648654103279114,0.8863409757614136,0.47934380173683167
YOR143C,YJL156C,0,0.9169826,0.1564589887857437,0.8863409757614136,0.47944381833076477
YFL029C,YLR356W,0,0.91647625,0.15643146634101868,0.8863409757614136,0.47954386472702026
YGR063C,YMR071C,0,0.9158816,0.15640394389629364,0.8863409757614136,0.47964388132095337
YGR106C,YDR093W,0,0.9152359,0.1563764363527298,0.8863409757614136,0.47974392771720886
YJL170C,YIR037W,0,0.91403097,0.15634892880916595,0.8863409757614136,0.47984394431114197
YPL148C,YDL006W,0,0.91339236,0.1563214361667633,0.8863409757614136,0.47994399070739746
YJL041W,YHR181W,0,0.91315603,0.15629395842552185,0.8863409757614136,0.48004400730133057
YHL004W,YDR169C,0,0.9128405,0.1562664806842804,0.8863409757614136,0.48014405369758606
YFL044C,YDR034C-C,0,0.9120932,0.15623901784420013,0.8863409757614136,0.48024407029151917
YOL152W,YPR168W,0,0.91149235,0.15621155500411987,0.8863409757614136,0.48034411668777466
YAL041W,YKL059C,0,0.9110848,0.156184121966362,0.8863409757614136,0.48044413328170776
YDL141W,YAL035W,0,0.91093963,0.15615668892860413,0.8863409757614136,0.48054414987564087
YER061C,YLR010C,0,0.9109022,0.15612925589084625,0.8863409757614136,0.48064419627189636
YGL128C,YER106W,0,0.910482,0.15610183775424957,0.8863409757614136,0.48074421286582947
YDR236C,YDR034C-C,0,0.90976644,0.1560744345188141,0.8863409757614136,0.48084425926208496
YIL126W,YKL056C,0,0.90945214,0.1560470461845398,0.8863409757614136,0.48094427585601807
YGL210W,YLR099C,0,0.90905046,0.1560196578502655,0.8863409757614136,0.48104432225227356
YNR027W,YLR015W,0,0.9090324,0.1559922844171524,0.8863409757614136,0.48114433884620667
YCR075C,YDR034C-C,0,0.90874135,0.1559649109840393,0.8863409757614136,0.48124438524246216
YJL219W,YOR217W,0,0.9085778,0.1559375524520874,0.8863409757614136,0.48134440183639526
YNL330C,YNL189W,0,0.9077096,0.1559102088212967,0.8863409757614136,0.48144441843032837
YGR286C,YGR158C,0,0.9076383,0.15588286519050598,0.8863409757614136,0.48154446482658386
YJL221C,YDR330W,0,0.9072628,0.15585553646087646,0.8863409757614136,0.48164448142051697
YJL221C,YER106W,0,0.9072056,0.15582822263240814,0.8863409757614136,0.48174452781677246
YJR110W,YDL008W,0,0.9067099,0.15580090880393982,0.8863409757614136,0.48184454441070557
YGL009C,YGR037C,0,0.90638477,0.1557736098766327,0.8863409757614136,0.48194459080696106
YMR128W,YOR332W,0,0.90541995,0.15574632585048676,0.8863409757614136,0.48204460740089417
YMR098C,YBL055C,0,0.9051305,0.15571904182434082,0.8863409757614136,0.48214465379714966
YHR017W,YOR217W,0,0.90489507,0.15569177269935608,0.8863409757614136,0.48224467039108276
YPL269W,YBR105C,0,0.9046757,0.15566450357437134,0.8863409757614136,0.48234471678733826
YDR440W,YIR002C,0,0.9042749,0.1556372493505478,0.8863409757614136,0.48244473338127136
YGL173C,YDR242W,0,0.9039092,0.15561001002788544,0.8863409757614136,0.48254474997520447
YCR077C,YGR194C,0,0.9034864,0.15558278560638428,0.8863409757614136,0.48264479637145996
YPR048W,YDR329C,0,0.9031808,0.15555556118488312,0.8863409757614136,0.48274481296539307
YFR032C-A,YMR247C,0,0.902961,0.15552833676338196,0.8863409757614136,0.48284485936164856
YMR282C,YHL032C,0,0.90259117,0.15550114214420319,0.8863409757614136,0.48294487595558167
YLR364W,YHL024W,0,0.90231514,0.15547394752502441,0.8863409757614136,0.48304492235183716
YMR208W,YOL056W,0,0.9021928,0.15544675290584564,0.8863409757614136,0.48314493894577026
YPR118W,YJR076C,0,0.9018599,0.15541957318782806,0.8863409757614136,0.48324498534202576
YJL153C,YLR371W,0,0.9015484,0.15539240837097168,0.8863409757614136,0.48334500193595886
YPL195W,YML009C,0,0.9009581,0.1553652584552765,0.8863409757614136,0.48344504833221436
YJL044C,YHR181W,0,0.90077627,0.1553381085395813,0.8863409757614136,0.48354506492614746
YIL093C,YBR159W,0,0.900396,0.1553109735250473,0.8863409757614136,0.48364508152008057
YOR343W-A,YDR534C,0,0.8987795,0.1552838385105133,0.8863409757614136,0.48374512791633606
YGR262C,YKL164C,0,0.8983718,0.1552567183971405,0.8863409757614136,0.48384514451026917
YIL109C,YHR167W,0,0.89734054,0.1552296131849289,0.8863409757614136,0.48394519090652466
YDR107C,YNR041C,0,0.89713645,0.15520250797271729,0.8863409757614136,0.48404520750045776
YJR022W,YLR014C,0,0.8965387,0.15517541766166687,0.8863409757614136,0.48414525389671326
YDL060W,YPL159C,0,0.8950478,0.15514834225177765,0.8863409757614136,0.48424527049064636
YML005W,YOR343W-A,0,0.89499015,0.15512126684188843,0.8863409757614136,0.48434531688690186
YPL206C,YHR129C,0,0.89497614,0.1550942063331604,0.8863409757614136,0.48444533348083496
YNL292W,YGR027W-B,0,0.89413524,0.15506716072559357,0.8863409757614136,0.48454535007476807
YGR026W,YHR161C,0,0.893638,0.15504011511802673,0.8863409757614136,0.48464539647102356
YER159C-A,YMR285C,0,0.89226747,0.1550130844116211,0.8863409757614136,0.48474541306495667
YDL229W,YMR165C,0,0.89155173,0.15498605370521545,0.8863409757614136,0.48484545946121216
YNL311C,YML027W,0,0.8911537,0.154959037899971,0.8863409757614136,0.48494547605514526
YIL136W,YML087C,0,0.89064837,0.15493203699588776,0.8863409757614136,0.48504552245140076
YOR046C,YGL141W,0,0.8897625,0.1549050360918045,0.8863409757614136,0.48514553904533386
YDR326C,YHR070W,0,0.8887456,0.15487805008888245,0.8863409757614136,0.48524558544158936
YJR134C,YDR169C,0,0.88853395,0.1548510640859604,0.8863409757614136,0.48534560203552246
YKL011C,YBR033W,0,0.88800555,0.15482410788536072,0.8863409757614136,0.48544564843177795
YER048C,YDR151C,1,0.8875617,0.15497127175331116,0.8873379826545715,0.48544564843177795
YER131W,YGR234W,0,0.88666904,0.1549442857503891,0.8873379826545715,0.48554566502571106
YMR171C,YBR055C,0,0.88648134,0.15491731464862823,0.8873379826545715,0.48564568161964417
YER025W,YIR009W,0,0.8852892,0.15489035844802856,0.8873379826545715,0.48574572801589966
YDR487C,YAL058W,0,0.88523996,0.1548634022474289,0.8873379826545715,0.48584574460983276
YER180C,YER012W,0,0.88446444,0.15483646094799042,0.8873379826545715,0.48594579100608826
YLR356W,YCR075C,0,0.8839162,0.15480953454971313,0.8873379826545715,0.48604580760002136
YNR008W,YMR022W,0,0.88384306,0.15478260815143585,0.8873379826545715,0.48614585399627686
YJL117W,YFR041C,1,0.8834574,0.15492957830429077,0.8883349895477295,0.48614585399627686
YPL026C,YKR097W,0,0.8831326,0.1549026370048523,0.8883349895477295,0.48624587059020996
YMR128W,YHR017W,0,0.8826056,0.154875710606575,0.8883349895477295,0.48634591698646545
YHR046C,YPL095C,0,0.88245064,0.15484879910945892,0.8883349895477295,0.48644593358039856
YML116W,YDR086C,0,0.8823381,0.15482188761234283,0.8883349895477295,0.48654595017433167
YML116W,YAR007C,0,0.8823252,0.15479499101638794,0.8883349895477295,0.48664599657058716
YPR186C,YOL002C,0,0.8799723,0.15476810932159424,0.8883349895477295,0.48674601316452026
YER140W,YLR212C,0,0.879722,0.15474122762680054,0.8883349895477295,0.48684605956077576
YNL311C,YLR448W,0,0.8795768,0.15471436083316803,0.8883349895477295,0.48694607615470886
YKL011C,YOR228C,0,0.8793538,0.15468749403953552,0.8883349895477295,0.48704612255096436
YPL074W,YPR031W,0,0.87882495,0.1546606421470642,0.8883349895477295,0.48714613914489746
YNR027W,YLR008C,0,0.87833726,0.1546338051557541,0.8883349895477295,0.48724618554115295
YIR023W,YJL121C,0,0.8777676,0.15460696816444397,0.8883349895477295,0.48734620213508606
YDR036C,YMR122W-A,0,0.8773144,0.15458014607429504,0.8883349895477295,0.48744624853134155
YMR152W,YPR031W,0,0.8771523,0.1545533388853073,0.8883349895477295,0.48754626512527466
YLR343W,YOR269W,0,0.87712944,0.15452653169631958,0.8883349895477295,0.48764628171920776
YCR072C,YBR159W,0,0.8769972,0.15449973940849304,0.8883349895477295,0.48774632811546326
YJR135C,YKL028W,0,0.8763,0.1544729471206665,0.8883349895477295,0.48784634470939636
YFR041C,YHR034C,1,0.8762155,0.1546195149421692,0.8893319964408875,0.48784634470939636
YDR242W,YDR139C,0,0.87619305,0.15459272265434265,0.8893319964408875,0.48794639110565186
YCL059C,YPL026C,0,0.8759158,0.1545659303665161,0.8893319964408875,0.48804640769958496
YGR009C,YKR097W,0,0.87586427,0.15453915297985077,0.8893319964408875,0.48814645409584045
YEL030W,YJL008C,1,0.87532365,0.1546856015920639,0.8903290033340454,0.48814645409584045
YNL310C,YOR092W,0,0.87497663,0.15465880930423737,0.8903290033340454,0.48824647068977356
YDR356W,YPL269W,0,0.87496316,0.15463203191757202,0.8903290033340454,0.48834651708602905
YMR287C,YDR376W,0,0.874869,0.15460526943206787,0.8903290033340454,0.48844653367996216
YNL148C,YEL030W,1,0.87423015,0.15475159883499146,0.8913260102272034,0.48844653367996216
YDR265W,YOR201C,0,0.873773,0.1547248214483261,0.8913260102272034,0.48854655027389526
YMR282C,YOR039W,0,0.8732841,0.15469804406166077,0.8913260102272034,0.48864659667015076
YKR062W,YDL130W-A,0,0.8723971,0.15467128157615662,0.8913260102272034,0.48874661326408386
YEL016C,YFL037W,0,0.871956,0.15464451909065247,0.8913260102272034,0.48884665966033936
YBR267W,YDR524C,0,0.87145615,0.1546177864074707,0.8913260102272034,0.48894667625427246
YJR065C,YBL069W,0,0.8713561,0.15459103882312775,0.8913260102272034,0.48904672265052795
YOR257W,YJL073W,0,0.8708899,0.15456432104110718,0.8913260102272034,0.48914673924446106
YOR322C,YKR009C,0,0.87075055,0.1545376032590866,0.8913260102272034,0.48924678564071655
YCL027W,YHL004W,0,0.8705139,0.15451088547706604,0.8913260102272034,0.48934680223464966
YDL229W,YJR017C,1,0.86985934,0.15465699136257172,0.8923230171203613,0.48934680223464966
YDL069C,YOR155C,0,0.86920685,0.15463027358055115,0.8923230171203613,0.48944684863090515
YAL034W-A,YDR487C,0,0.86917186,0.15460355579853058,0.8923230171203613,0.48954686522483826
YNR045W,YGR191W,0,0.86681426,0.1545768529176712,0.8923230171203613,0.48964688181877136
YER161C,YEL050C,0,0.8665476,0.15455016493797302,0.8923230171203613,0.48974692821502686
YBL057C,YER184C,0,0.8663305,0.15452347695827484,0.8923230171203613,0.48984694480895996
YNL291C,YOR192C-A,0,0.86612505,0.15449680387973785,0.8923230171203613,0.48994699120521545
YKL100C,YBR012W-B,0,0.86581266,0.15447014570236206,0.8923230171203613,0.49004700779914856
YER025W,YDR456W,0,0.8654457,0.15444348752498627,0.8923230171203613,0.49014705419540405
YIL155C,YBR012W-B,0,0.8654413,0.15441684424877167,0.8923230171203613,0.49024707078933716
YDR253C,YOR120W,0,0.864727,0.15439020097255707,0.8923230171203613,0.49034711718559265
YMR306W,YDR088C,0,0.86447513,0.15436357259750366,0.8923230171203613,0.49044713377952576
YBR299W,YOR211C,0,0.8641132,0.15433695912361145,0.8923230171203613,0.49054715037345886
YIL004C,YER159C-A,0,0.8634933,0.15431034564971924,0.8923230171203613,0.49064719676971436
YGR223C,YKR104W,0,0.86338156,0.15428374707698822,0.8923230171203613,0.49074721336364746
YFL047W,YML018C,0,0.8632438,0.1542571485042572,0.8923230171203613,0.49084725975990295
YHR116W,YOL105C,0,0.8631484,0.15423056483268738,0.8923230171203613,0.49094727635383606
YIL138C,YKL164C,0,0.86298823,0.15420399606227875,0.8923230171203613,0.49104732275009155
YDR503C,YOR211C,0,0.8619434,0.15417742729187012,0.8923230171203613,0.49114733934402466
YGR047C,YAL058W,0,0.8610319,0.15415087342262268,0.8923230171203613,0.49124738574028015
YLR283W,YHR067W,0,0.86101925,0.15412433445453644,0.8923230171203613,0.49134740233421326
YML124C,YOL080C,0,0.8609729,0.1540977954864502,0.8923230171203613,0.49144744873046875
YLR097C,YIL112W,0,0.8608874,0.15407127141952515,0.8923230171203613,0.49154746532440186
YGL191W,YDR088C,0,0.8599521,0.1540447473526001,0.8923230171203613,0.49164748191833496
YKR062W,YNL310C,0,0.85964537,0.15401823818683624,0.8923230171203613,0.49174752831459045
YLL013C,YOR347C,0,0.85947037,0.15399174392223358,0.8923230171203613,0.49184754490852356
YMR314W,YJL156C,0,0.85892344,0.15396524965763092,0.8923230171203613,0.49194759130477905
YOR120W,YPL028W,0,0.85794276,0.15393877029418945,0.8923230171203613,0.49204760789871216
YLR170C,YHR081W,0,0.85770893,0.15391229093074799,0.8923230171203613,0.49214765429496765
YOR066W,YMR292W,0,0.85767543,0.1538858264684677,0.8923230171203613,0.49224767088890076
YEL021W,YDR436W,0,0.85742486,0.15385937690734863,0.8923230171203613,0.49234771728515625
YEL015W,YDR390C,0,0.85718393,0.15383292734622955,0.8923230171203613,0.49244773387908936
YOR322C,YMR150C,0,0.85676426,0.15380649268627167,0.8923230171203613,0.49254775047302246
YNL112W,YGR218W,0,0.85675377,0.15378007292747498,0.8923230171203613,0.49264779686927795
YJR022W,YHR129C,0,0.8566686,0.15375365316867828,0.8923230171203613,0.49274781346321106
YER112W,YCL066W,0,0.85618937,0.15372724831104279,0.8923230171203613,0.49284785985946655
YAL020C,YLR045C,0,0.85606444,0.1537008434534073,0.8923230171203613,0.49294787645339966
YMR287C,YER096W,0,0.8559834,0.15367445349693298,0.8923230171203613,0.49304792284965515
YLR221C,YBL061C,0,0.8555059,0.15364806354045868,0.8923230171203613,0.49314793944358826
YER087C-A,YLR204W,0,0.8553152,0.15362168848514557,0.8923230171203613,0.49324798583984375
YHR081W,YNR047W,0,0.8553113,0.15359532833099365,0.8923230171203613,0.49334800243377686
YLR170C,YOR192C-A,0,0.8547118,0.15356898307800293,0.8923230171203613,0.49344804883003235
YER082C,YKL056C,0,0.85310185,0.1535426378250122,0.8923230171203613,0.49354806542396545
YDR033W,YGL031C,0,0.8526825,0.15351629257202148,0.8923230171203613,0.49364808201789856
YCL055W,YPL149W,0,0.85222924,0.15348996222019196,0.8923230171203613,0.49374812841415405
YBL054W,YPL068C,0,0.8519752,0.15346364676952362,0.8923230171203613,0.49384814500808716
YKR014C,YMR071C,0,0.85186994,0.15343734622001648,0.8923230171203613,0.49394819140434265
YBR166C,YGR116W,0,0.8516568,0.15341104567050934,0.8923230171203613,0.49404820799827576
YER174C,YGR076C,0,0.8489742,0.1533847451210022,0.8923230171203613,0.49414825439453125
YJR045C,YIR023W,0,0.8482786,0.15335845947265625,0.8923230171203613,0.49424827098846436
YJL170C,YJR060W,0,0.8475913,0.1533321887254715,0.8923230171203613,0.49434831738471985
YMR201C,YEL061C,0,0.84755576,0.15330593287944794,0.8923230171203613,0.49444833397865295
YDR465C,YPL092W,0,0.84748095,0.15327967703342438,0.8923230171203613,0.49454835057258606
YLR100W,YDR390C,0,0.8474699,0.15325342118740082,0.8923230171203613,0.49464839696884155
YEL065W,YKL108W,0,0.84708,0.15322718024253845,0.8923230171203613,0.49474841356277466
YOR037W,YOR257W,0,0.84661543,0.15320095419883728,0.8923230171203613,0.49484845995903015
YDR531W,YOR257W,0,0.84642786,0.1531747430562973,0.8923230171203613,0.49494847655296326
YKR062W,YJL080C,0,0.84582853,0.15314853191375732,0.8923230171203613,0.49504852294921875
YLR086W,YDR510W,0,0.844944,0.15312232077121735,0.8923230171203613,0.49514853954315186
YHR027C,YPL038W,0,0.84479797,0.15309613943099976,0.8923230171203613,0.49524858593940735
YDL127W,YML085C,0,0.8445902,0.15306994318962097,0.8923230171203613,0.49534860253334045
YGR035C,YHR136C,0,0.84457505,0.15304377675056458,0.8923230171203613,0.49544864892959595
YNR027W,YER113C,0,0.8444853,0.15301761031150818,0.8923230171203613,0.49554866552352905
YNL091W,YOL140W,0,0.8444795,0.15299145877361298,0.8923230171203613,0.49564868211746216
YBR041W,YBL021C,0,0.843953,0.15296530723571777,0.8923230171203613,0.49574872851371765
YFL036W,YNR047W,0,0.8428069,0.15293917059898376,0.8923230171203613,0.49584874510765076
YDR166C,YOR092W,0,0.84185356,0.15291303396224976,0.8923230171203613,0.49594879150390625
YDR012W,YDL195W,0,0.84134376,0.15288691222667694,0.8923230171203613,0.49604880809783936
YLR370C,YHL004W,0,0.84050214,0.15286080539226532,0.8923230171203613,0.49614885449409485
YEL061C,YER030W,0,0.84024775,0.1528346985578537,0.8923230171203613,0.49624887108802795
YLR170C,YGR006W,0,0.84007037,0.15280860662460327,0.8923230171203613,0.49634891748428345
YOL117W,YCL027W,0,0.8394171,0.15278251469135284,0.8923230171203613,0.49644893407821655
YDR356W,YEL021W,0,0.8386449,0.1527564376592636,0.8923230171203613,0.49654895067214966
YKL021C,YDL008W,0,0.83856165,0.15273037552833557,0.8923230171203613,0.49664899706840515
YMR100W,YLR430W,0,0.83823425,0.15270431339740753,0.8923230171203613,0.49674901366233826
YGR262C,YLR306W,0,0.8367341,0.15267826616764069,0.8923230171203613,0.49684906005859375
YBR175W,YNL188W,0,0.8362864,0.15265221893787384,0.8923230171203613,0.49694907665252686
YHR046C,YML034W,0,0.83622134,0.1526261866092682,0.8923230171203613,0.49704912304878235
YGL137W,YDR118W,0,0.83581316,0.15260016918182373,0.8923230171203613,0.49714913964271545
YJL219W,YLR008C,0,0.8346797,0.15257415175437927,0.8923230171203613,0.49724918603897095
YJR135W-A,YCL050C,0,0.8336972,0.152548149228096,0.8923230171203613,0.49734920263290405
YNL293W,YGR188C,0,0.8329779,0.15252214670181274,0.8923230171203613,0.49744924902915955
YDL229W,YDR253C,0,0.8326199,0.15249615907669067,0.8923230171203613,0.49754926562309265
YMR056C,YGL084C,0,0.83118343,0.1524701863527298,0.8923230171203613,0.49764928221702576
YGL035C,YKL059C,0,0.83023286,0.15244421362876892,0.8923230171203613,0.49774932861328125
YCL061C,YDR047W,0,0.8299045,0.15241825580596924,0.8923230171203613,0.49784934520721436
YEL003W,YDL229W,1,0.82975006,0.15256257355213165,0.8933200240135193,0.49784934520721436
YMR223W,YPL111W,0,0.8283142,0.15253660082817078,0.8933200240135193,0.49794939160346985
YOR343W-A,YDR421W,0,0.8281715,0.1525106430053711,0.8933200240135193,0.49804940819740295
YER099C,YMR204C,0,0.8281314,0.1524846851825714,0.8933200240135193,0.49814945459365845
YDR388W,YLR418C,0,0.82795674,0.15245874226093292,0.8933200240135193,0.49824947118759155
YJR065C,YMR004W,0,0.82780695,0.15243279933929443,0.8933200240135193,0.49834951758384705
YLR212C,YDR380W,0,0.82744235,0.15240687131881714,0.8933200240135193,0.49844953417778015
YGL206C,YLR188W,0,0.8267636,0.15238095819950104,0.8933200240135193,0.49854955077171326
YLR170C,YKL218C,0,0.82672846,0.15235504508018494,0.8933200240135193,0.49864959716796875
YGL090W,YBL020W,0,0.8266195,0.15232914686203003,0.8933200240135193,0.49874961376190186
YER082C,YCL050C,0,0.82645345,0.15230324864387512,0.8933200240135193,0.49884966015815735
YML034W,YHR052W,0,0.82631886,0.1522773653268814,0.8933200240135193,0.49894967675209045
YFR032C-A,YPL155C,0,0.8254453,0.1522514820098877,0.8933200240135193,0.49904972314834595
YBR012W-A,YOR343W-A,0,0.8248745,0.15222561359405518,0.8933200240135193,0.49914973974227905
YJR025C,YJL073W,0,0.8247148,0.15219976007938385,0.8933200240135193,0.49924978613853455
YJR015W,YLL011W,0,0.8245982,0.15217390656471252,0.8933200240135193,0.49934980273246765
YDL144C,YHL004W,0,0.8244785,0.1521480679512024,0.8933200240135193,0.49944984912872314
YOR373W,YCR053W,0,0.8243034,0.15212224423885345,0.8933200240135193,0.49954986572265625
YOR201C,YKR061W,0,0.82409847,0.15209642052650452,0.8933200240135193,0.49964988231658936
YEL059C-A,YJL108C,0,0.82337123,0.15207059681415558,0.8933200240135193,0.49974992871284485
YNL148C,YDL229W,1,0.82324415,0.15221449732780457,0.8943170309066772,0.49974992871284485
YDR466W,YGL168W,0,0.8231835,0.15218867361545563,0.8943170309066772,0.49984994530677795
YDL130W,YKL024C,0,0.82294786,0.1521628499031067,0.8943170309066772,0.49994999170303345
YGL136C,YDL051W,0,0.82266295,0.15213704109191895,0.8943170309066772,0.5000500082969666
YGL232W,YML048W,0,0.8220545,0.1521112471818924,0.8943170309066772,0.5001500248908997
YFL047W,YBR030W,0,0.8213018,0.15208545327186584,0.8943170309066772,0.5002501010894775
YGL223C,YOR167C,0,0.82119286,0.1520596742630005,0.8943170309066772,0.5003501176834106
YNL086W,YNL128W,0,0.820942,0.15203389525413513,0.8943170309066772,0.5004501342773438
YNL280C,YML063W,0,0.82087815,0.15200813114643097,0.8943170309066772,0.5005501508712769
YNR027W,YFL029C,0,0.820838,0.151982381939888,0.8943170309066772,0.50065016746521
YIL109C,YGR088W,0,0.8206427,0.15195663273334503,0.8943170309066772,0.5007502436637878
YOR356W,YOR036W,0,0.8204813,0.15193089842796326,0.8943170309066772,0.500850260257721
YNL046W,YLR045C,0,0.81997395,0.15190516412258148,0.8943170309066772,0.500950276851654
YNL330C,YDL017W,0,0.81836534,0.1518794447183609,0.8943170309066772,0.5010502934455872
YLR158C,YER045C,0,0.8181581,0.1518537402153015,0.8943170309066772,0.501150369644165
YJR098C,YGR218W,0,0.81790996,0.15182803571224213,0.8943170309066772,0.5012503862380981
YBR286W,YDR077W,0,0.8171405,0.15180233120918274,0.8943170309066772,0.5013504028320312
YER161C,YJR126C,0,0.8161201,0.15177665650844574,0.8943170309066772,0.5014504194259644
YAL008W,YJR135W-A,0,0.81519806,0.15175096690654755,0.8943170309066772,0.5015504360198975
YIL009C-A,YNL091W,0,0.81518114,0.15172530710697174,0.8943170309066772,0.5016505122184753
YML015C,YGR086C,0,0.8149717,0.15169964730739594,0.8943170309066772,0.5017505288124084
YER007W,YHR057C,1,0.81491,0.1518430858850479,0.8953140377998352,0.5017505288124084
YAL023C,YHR215W,0,0.8144683,0.1518174111843109,0.8953140377998352,0.5018505454063416
YOR389W,YGL222C,0,0.81403273,0.1517917513847351,0.8953140377998352,0.5019505620002747
YNL001W,YBR158W,0,0.8139672,0.1517660915851593,0.8953140377998352,0.5020506381988525
YIL074C,YDR034C-C,0,0.81298643,0.1517404466867447,0.8953140377998352,0.5021506547927856
YPR063C,YLR467W,0,0.81298083,0.15171481668949127,0.8953140377998352,0.5022506713867188
YCR072C,YJR075W,0,0.8125038,0.15168918669223785,0.8953140377998352,0.5023506879806519
YML104C,YER048W-A,0,0.8119235,0.15166357159614563,0.8953140377998352,0.5024507641792297
YMR139W,YML037C,0,0.81152046,0.1516379565000534,0.8953140377998352,0.5025507807731628
YDL164C,YAL058W,0,0.81138456,0.15161235630512238,0.8953140377998352,0.502650797367096
YEL016C,YJR135W-A,0,0.81022143,0.15158677101135254,0.8953140377998352,0.502750813961029
YDR511W,YML037C,0,0.81020004,0.1515611857175827,0.8953140377998352,0.5028508305549622
YER088C,YML081C-A,0,0.8098396,0.15153560042381287,0.8953140377998352,0.50295090675354
YPL214C,YBR122C,0,0.8097968,0.15151004493236542,0.8953140377998352,0.5030509233474731
YPL206C,YOR127W,0,0.8091844,0.15148447453975677,0.8953140377998352,0.5031509399414062
YCR020C,YNL119W,0,0.80887604,0.15145893394947052,0.8953140377998352,0.5032509565353394
YOL133W,YIL084C,0,0.8086279,0.15143339335918427,0.8953140377998352,0.5033510327339172
YOR228C,YDR326C,0,0.80835164,0.151407852768898,0.8953140377998352,0.5034510493278503
YDL164C,YGR116W,0,0.80832183,0.15138232707977295,0.8953140377998352,0.5035510659217834
YOR347C,YPR192W,0,0.80783534,0.15135681629180908,0.8953140377998352,0.5036510825157166
YDL229W,YDR252W,1,0.80779225,0.15149983763694763,0.8963110446929932,0.5036510825157166
YNL191W,YOR346W,0,0.807738,0.15147431194782257,0.8963110446929932,0.5037510991096497
YOR181W,YPL172C,0,0.80618787,0.1514487862586975,0.8963110446929932,0.5038511753082275
YFR008W,YER051W,0,0.8054562,0.15142327547073364,0.8963110446929932,0.5039511919021606
YDR326C,YNL119W,0,0.8050968,0.15139777958393097,0.8963110446929932,0.5040512084960938
YER068W,YER147C,0,0.8045733,0.1513722836971283,0.8963110446929932,0.5041512250900269
YGL211W,YLR038C,0,0.8043305,0.15134680271148682,0.8963110446929932,0.5042513012886047
YPL257W-A,YJR135W-A,0,0.8042075,0.15132132172584534,0.8963110446929932,0.5043513178825378
YNL330C,YDR356W,0,0.80255115,0.15129585564136505,0.8963110446929932,0.504451334476471
YOR373W,YLR100W,0,0.80152607,0.15127040445804596,0.8963110446929932,0.504551351070404
YPR108W,YDR054C,0,0.80092335,0.15124495327472687,0.8963110446929932,0.5046513676643372
YGL213C,YER148W,0,0.8005025,0.15121951699256897,0.8963110446929932,0.504751443862915
YAR019C,YCR081W,0,0.7999823,0.15119408071041107,0.8963110446929932,0.5048514604568481
YNL012W,YDL008W,0,0.7990631,0.15116865932941437,0.8963110446929932,0.5049514770507812
YPR118W,YMR285C,0,0.79710126,0.15114323794841766,0.8963110446929932,0.5050514936447144
YPR005C,YBL101W-A,0,0.79685104,0.15111783146858215,0.8963110446929932,0.5051515698432922
YJL143W,YER086W,0,0.7957512,0.15109243988990784,0.8963110446929932,0.5052515864372253
YCR072C,YPR073C,0,0.7956138,0.15106704831123352,0.8963110446929932,0.5053516030311584
YKR061W,YPR036W,0,0.7951193,0.1510416716337204,0.8963110446929932,0.5054516196250916
YLR170C,YNL149C,0,0.7943965,0.15101629495620728,0.8963110446929932,0.5055516362190247
YOR269W,YBL022C,0,0.79435486,0.15099093317985535,0.8963110446929932,0.5056517124176025
YIL070C,YBL020W,0,0.7929454,0.15096557140350342,0.8963110446929932,0.5057517290115356
YDR107C,YKR097W,0,0.792364,0.15094022452831268,0.8963110446929932,0.5058517456054688
YDR329C,YDL200C,0,0.79112446,0.15091489255428314,0.8963110446929932,0.5059517621994019
YJR158W,YDL110C,0,0.78977394,0.1508895605802536,0.8963110446929932,0.5060518383979797
YMR142C,YNL280C,0,0.7897519,0.15086424350738525,0.8963110446929932,0.5061518549919128
YDR529C,YMR163C,0,0.78966355,0.1508389264345169,0.8963110446929932,0.506251871585846
YHR116W,YBR158W,0,0.78911614,0.15081362426280975,0.8963110446929932,0.506351888179779
YCL061C,YEL021W,0,0.7884592,0.1507883220911026,0.8963110446929932,0.5064519643783569
YIL009C-A,YHR017W,0,0.7883458,0.15076303482055664,0.8963110446929932,0.50655198097229
YMR022W,YNR007C,0,0.7876595,0.15073776245117188,0.8963110446929932,0.5066519975662231
YPL281C,YDR166C,0,0.78764117,0.1507124900817871,0.8963110446929932,0.5067520141601562
YFR037C,YIL113W,0,0.7871175,0.15068723261356354,0.8963110446929932,0.5068520307540894
YDL007W,YDR510W,0,0.7857573,0.15066197514533997,0.8963110446929932,0.5069521069526672
YGR047C,YMR152W,0,0.78565824,0.1506367325782776,0.8963110446929932,0.5070521235466003
YDL166C,YEL016C,0,0.78471065,0.1506114900112152,0.8963110446929932,0.5071521401405334
YDL210W,YJR059W,0,0.78449804,0.15058626234531403,0.8963110446929932,0.5072521567344666
YEL064C,YER012W,0,0.78363615,0.15056104958057404,0.8963110446929932,0.5073522329330444
YML048W,YPL064C,1,0.78355545,0.1507032811641693,0.8973080515861511,0.5073522329330444
YBR001C,YLR212C,0,0.78337145,0.15067805349826813,0.8973080515861511,0.5074522495269775
YNL242W,YDR134C,0,0.782841,0.15065282583236694,0.8973080515861511,0.5075522661209106
YPL060W,YMR086W,0,0.7818972,0.15062761306762695,0.8973080515861511,0.5076522827148438
YJL221C,YDR421W,0,0.7818813,0.15060241520404816,0.8973080515861511,0.5077522993087769
YIL074C,YJR135W-A,0,0.7816231,0.15057721734046936,0.8973080515861511,0.5078523755073547
YBR176W,YML015C,0,0.78158426,0.15055201947689056,0.8973080515861511,0.5079523921012878
YCR004C,YOL117W,0,0.7803503,0.15052683651447296,0.8973080515861511,0.508052408695221
YDR312W,YGR124W,0,0.7802002,0.15050166845321655,0.8973080515861511,0.508152425289154
YPL028W,YOR217W,0,0.7794552,0.15047651529312134,0.8973080515861511,0.5082525014877319
YDL210W,YNL191W,0,0.77938473,0.15045134723186493,0.8973080515861511,0.508352518081665
YOR192C-A,YLR246W,0,0.77899694,0.1504262089729309,0.8973080515861511,0.5084525346755981
YDR126W,YLR357W,0,0.778882,0.1504010707139969,0.8973080515861511,0.5085525512695312
YFR041C,YLR318W,0,0.7787956,0.15037593245506287,0.8973080515861511,0.5086525678634644
YDL229W,YCR010C,0,0.7785271,0.15035082399845123,0.8973080515861511,0.5087526440620422
YGR029W,YER184C,0,0.77832717,0.1503257006406784,0.8973080515861511,0.5088526606559753
YGL173C,YMR204C,0,0.7779906,0.15030060708522797,0.8973080515861511,0.5089526772499084
YLR459W,YOL125W,0,0.7779875,0.15027549862861633,0.8973080515861511,0.5090526938438416
YML040W,YPL195W,0,0.77787316,0.1502504199743271,0.8973080515861511,0.5091527700424194
YDL229W,YML125C,0,0.7774928,0.15022534132003784,0.8973080515861511,0.5092527866363525
YGR086C,YGR002C,0,0.77726483,0.1502002626657486,0.8973080515861511,0.5093528032302856
YIR012W,YJR010C-A,0,0.77622163,0.15017519891262054,0.8973080515861511,0.5094528198242188
YDR056C,YHR099W,0,0.77436113,0.1501501500606537,0.8973080515861511,0.5095528364181519
YOR384W,YGL205W,0,0.77403885,0.15012510120868683,0.8973080515861511,0.5096529126167297
YBL078C,YKL034W,0,0.7739347,0.15010006725788116,0.8973080515861511,0.5097529292106628
YDR329C,YOL002C,0,0.7737235,0.1500750333070755,0.8973080515861511,0.509852945804596
YNL308C,YLR154C,0,0.7732223,0.15005001425743103,0.8973080515861511,0.509952962398529
YJR158W,YGL205W,0,0.77278984,0.15002501010894775,0.8973080515861511,0.5100530385971069
YDR481C,YPL153C,0,0.7726642,0.15000000596046448,0.8973080515861511,0.51015305519104
YAL041W,YER051W,0,0.77258164,0.1499750018119812,0.8973080515861511,0.5102530717849731
YEL058W,YJR135W-A,0,0.77223843,0.14995001256465912,0.8973080515861511,0.5103530883789062
YDR425W,YDL109C,0,0.77213454,0.14992503821849823,0.8973080515861511,0.5104531645774841
YDR456W,YMR056C,0,0.7717947,0.14990006387233734,0.8973080515861511,0.5105531811714172
YJR009C,YPL068C,0,0.77151316,0.14987510442733765,0.8973080515861511,0.5106531977653503
YPL195W,YDL060W,0,0.77099156,0.14985014498233795,0.8973080515861511,0.5107532143592834
YNL331C,YER020W,0,0.7707633,0.14982520043849945,0.8973080515861511,0.5108532309532166
YMR264W,YDR052C,0,0.7707089,0.14980027079582214,0.8973080515861511,0.5109533071517944
YOR265W,YPR031W,0,0.77062094,0.14977534115314484,0.8973080515861511,0.5110533237457275
YLR078C,YOR211C,0,0.77053314,0.14975041151046753,0.8973080515861511,0.5111533403396606
YML085C,YDR060W,0,0.77036387,0.14972549676895142,0.8973080515861511,0.5112533569335938
YLR418C,YNL185C,0,0.7701837,0.1497005969285965,0.8973080515861511,0.5113534331321716
YGL095C,YBL010C,0,0.76970613,0.14967569708824158,0.8973080515861511,0.5114534497261047
YJR059W,YMR285C,0,0.7696661,0.14965081214904785,0.8973080515861511,0.5115534663200378
YEL038W,YDL164C,0,0.7691603,0.14962594211101532,0.8973080515861511,0.511653482913971
YPL155C,YOR306C,0,0.76897454,0.1496010571718216,0.8973080515861511,0.511753499507904
YMR298W,YMR127C,0,0.76894915,0.14957620203495026,0.8973080515861511,0.5118535757064819
YFR041C,YDR252W,1,0.7688622,0.1497175097465515,0.8983050584793091,0.5118535757064819
YNL242W,YCR004C,0,0.7686465,0.14969263970851898,0.8983050584793091,0.511953592300415
YGR027W-B,YHR044C,0,0.7669585,0.14966776967048645,0.8983050584793091,0.5120536088943481
YER027C,YOR092W,0,0.7667386,0.1496429145336151,0.8983050584793091,0.5121536254882812
YOR356W,YOR224C,0,0.76636964,0.14961807429790497,0.8983050584793091,0.5122537016868591
YDR236C,YNL212W,0,0.7658888,0.14959321916103363,0.8983050584793091,0.5123537182807922
YDL204W,YJR135W-A,0,0.7655551,0.14956839382648468,0.8983050584793091,0.5124537348747253
YER096W,YHR167W,0,0.7655423,0.14954356849193573,0.8983050584793091,0.5125537514686584
YLR097C,YJL073W,0,0.765513,0.14951875805854797,0.8983050584793091,0.5126537680625916
YNR008W,YHR064C,0,0.7651343,0.14949394762516022,0.8983050584793091,0.5127538442611694
YER173W,YML115C,0,0.7649007,0.14946913719177246,0.8983050584793091,0.5128538608551025
YHL019C,YKL108W,0,0.7646028,0.1494443565607071,0.8983050584793091,0.5129538774490356
YHR101C,YGR002C,0,0.7645023,0.14941957592964172,0.8983050584793091,0.5130538940429688
YER056C-A,YDR363W-A,0,0.7643207,0.14939479529857635,0.8983050584793091,0.5131539702415466
YIL016W,YDR151C,1,0.76335675,0.14953580498695374,0.899302065372467,0.5131539702415466
YHR044C,YKL164C,0,0.7625394,0.14951102435588837,0.899302065372467,0.5132539868354797
YJR010C-A,YJL153C,0,0.7622879,0.149486243724823,0.899302065372467,0.5133540034294128
YNL054W-B,YJL121C,0,0.7622738,0.14946147799491882,0.899302065372467,0.513454020023346
YGR058W,YJR060W,0,0.76206374,0.14943671226501465,0.899302065372467,0.513554036617279
YJL198W,YAR010C,0,0.7616589,0.14941196143627167,0.899302065372467,0.5136541128158569
YMR290C,YOL152W,0,0.761533,0.1493872106075287,0.899302065372467,0.51375412940979
YOR150W,YDR421W,0,0.7613526,0.1493624746799469,0.899302065372467,0.5138541460037231
YDR329C,YMR201C,0,0.76104826,0.1493377536535263,0.899302065372467,0.5139541625976562
YER089C,YDR044W,0,0.7608989,0.1493130326271057,0.899302065372467,0.5140542387962341
YLR419W,YMR109W,0,0.76063347,0.14928831160068512,0.899302065372467,0.5141542553901672
YDR228C,YCR075C,0,0.76053655,0.14926360547542572,0.899302065372467,0.5142542719841003
YOR192C-A,YER106W,0,0.76005363,0.14923891425132751,0.899302065372467,0.5143542885780334
YPL089C,YFL039C,0,0.76005065,0.1492142230272293,0.899302065372467,0.5144543647766113
YIL155C,YDR130C,0,0.75905013,0.1491895467042923,0.899302065372467,0.5145543813705444
YJL108C,YDR342C,0,0.7584072,0.14916487038135529,0.899302065372467,0.5146543979644775
YBR105C,YDL008W,0,0.75790894,0.14914020895957947,0.899302065372467,0.5147544145584106
YIL172C,YGR262C,0,0.7572793,0.14911556243896484,0.899302065372467,0.5148544311523438
YNL112W,YDR101C,0,0.75574285,0.14909091591835022,0.899302065372467,0.5149545073509216
YJL044C,YJR097W,0,0.75555825,0.1490662693977356,0.899302065372467,0.5150545239448547
YOR343W-A,YOL157C,0,0.7555159,0.14904163777828217,0.899302065372467,0.5151545405387878
YDL019C,YDR279W,0,0.755134,0.14901702105998993,0.899302065372467,0.515254557132721
YGL089C,YML125C,0,0.7529666,0.1489924043416977,0.899302065372467,0.5153546333312988
YOL140W,YGL157W,0,0.75292224,0.14896780252456665,0.899302065372467,0.5154546499252319
YLR439W,YML104C,0,0.75270534,0.1489432007074356,0.899302065372467,0.515554666519165
YPL051W,YHR117W,0,0.75246495,0.14891861379146576,0.899302065372467,0.5156546831130981
YDR013W,YPR168W,0,0.7522278,0.1488940268754959,0.899302065372467,0.5157546997070312
YDL192W,YER111C,0,0.7515724,0.14886945486068726,0.899302065372467,0.5158547759056091
YLR201C,YDR320C,0,0.75078446,0.1488448828458786,0.899302065372467,0.5159547924995422
YLR371W,YPL074W,0,0.7503241,0.14882032573223114,0.899302065372467,0.5160548090934753
YLR170C,YGL039W,0,0.74904084,0.14879578351974487,0.899302065372467,0.5161548256874084
YLR090W,YPR184W,0,0.7489092,0.1487712413072586,0.899302065372467,0.5162549018859863
YKL154W,YGL222C,0,0.74744004,0.14874669909477234,0.899302065372467,0.5163549184799194
YDR425W,YNR001C,0,0.746289,0.14872217178344727,0.899302065372467,0.5164549350738525
YDR299W,YFR041C,0,0.74614847,0.1486976593732834,0.899302065372467,0.5165549516677856
YER082C,YJR058C,0,0.74598646,0.1486731469631195,0.899302065372467,0.5166549682617188
YIR004W,YMR161W,1,0.74534786,0.14881344139575958,0.9002991318702698,0.5166549682617188
YBL075C,YDL195W,0,0.7452697,0.1487889289855957,0.9002991318702698,0.5167550444602966
YBR058C,YGR008C,0,0.74502075,0.14876441657543182,0.9002991318702698,0.5168550610542297
YPR005C,YOL072W,0,0.74403447,0.14873990416526794,0.9002991318702698,0.5169550776481628
YGL003C,YPR028W,0,0.74397933,0.14871542155742645,0.9002991318702698,0.517055094242096
YIL078W,YCR092C,0,0.7430003,0.14869092404842377,0.9002991318702698,0.5171551704406738
YDR214W,YDR252W,1,0.74253356,0.1488310843706131,0.9012961387634277,0.5171551704406738
YER174C,YNR022C,0,0.742231,0.1488065868616104,0.9012961387634277,0.5172551870346069
YNL310C,YGR162W,0,0.7421223,0.14878208935260773,0.9012961387634277,0.51735520362854
YDL127W,YNL212W,0,0.7403397,0.14875760674476624,0.9012961387634277,0.5174552202224731
YKL108W,YAL008W,0,0.74003017,0.14873313903808594,0.9012961387634277,0.5175552368164062
YDR376W,YHR117W,0,0.73969966,0.14870867133140564,0.9012961387634277,0.5176553130149841
YCL075W,YNL189W,0,0.7395074,0.14868420362472534,0.9012961387634277,0.5177553296089172
YER099C,YER173W,0,0.73913634,0.14865976572036743,0.9012961387634277,0.5178553462028503
YGR029W,YJL148W,0,0.7383784,0.14863531291484833,0.9012961387634277,0.5179553627967834
YHR116W,YIR015W,0,0.7383607,0.1486108899116516,0.9012961387634277,0.5180554389953613
YHR101C,YGR241C,0,0.7376152,0.1485864520072937,0.9012961387634277,0.5181554555892944
YCR096C,YGR220C,0,0.73699355,0.14856204390525818,0.9012961387634277,0.5182554721832275
YNL331C,YLR237W,0,0.73693657,0.14853762090206146,0.9012961387634277,0.5183554887771606
YIL171W,YGR135W,0,0.7362916,0.14851322770118713,0.9012961387634277,0.5184555649757385
YLR038C,YLR010C,0,0.73624027,0.1484888345003128,0.9012961387634277,0.5185555815696716
YFR041C,YGL018C,1,0.73602664,0.14862868189811707,0.9022931456565857,0.5185555815696716
YEL013W,YDR103W,0,0.7359823,0.14860427379608154,0.9022931456565857,0.5186555981636047
YPR168W,YDR014W,0,0.7358365,0.14857986569404602,0.9022931456565857,0.5187556147575378
YJL219W,YNL136W,0,0.7356403,0.14855548739433289,0.9022931456565857,0.518855631351471
YNL218W,YDR013W,0,0.7354886,0.14853109419345856,0.9022931456565857,0.5189557075500488
YBR296C,YOL064C,0,0.7354282,0.14850673079490662,0.9022931456565857,0.5190557241439819
YNL292W,YER051W,0,0.73501533,0.14848236739635468,0.9022931456565857,0.519155740737915
YPL271W,YJR076C,0,0.7346731,0.14845800399780273,0.9022931456565857,0.5192557573318481
YJL072C,YLR201C,0,0.7346448,0.148433655500412,0.9022931456565857,0.519355833530426
YKR090W,YLR074C,0,0.73464334,0.14840932190418243,0.9022931456565857,0.5194558501243591
YOR181W,YDL192W,0,0.7344681,0.14838498830795288,0.9022931456565857,0.5195558667182922
YML113W,YDR320C,0,0.73392665,0.14836065471172333,0.9022931456565857,0.5196558833122253
YDR315C,YLR032W,0,0.7339202,0.14833633601665497,0.9022931456565857,0.5197558999061584
YCL059C,YBL021C,0,0.7338255,0.1483120322227478,0.9022931456565857,0.5198559761047363
YOR381W,YFL029C,0,0.7335706,0.14828772842884064,0.9022931456565857,0.5199559926986694
YCR072C,YNL301C,0,0.7330008,0.14826343953609467,0.9022931456565857,0.5200560092926025
YOL092W,YMR208W,0,0.73267484,0.1482391506433487,0.9022931456565857,0.5201560258865356
YDR219C,YNL136W,0,0.73245275,0.14821487665176392,0.9022931456565857,0.5202561020851135
YJL044C,YJR058C,0,0.7322153,0.14819060266017914,0.9022931456565857,0.5203561186790466
YOR257W,YER053C,0,0.7322038,0.14816634356975555,0.9022931456565857,0.5204561352729797
YOR047C,YDR529C,0,0.7314477,0.14814208447933197,0.9022931456565857,0.5205561518669128
YDL210W,YGL003C,0,0.7309742,0.14811784029006958,0.9022931456565857,0.520656168460846
YJL219W,YIR037W,0,0.73068106,0.1480935961008072,0.9022931456565857,0.5207562446594238
YLR098C,YGL009C,0,0.72998154,0.148069366812706,0.9022931456565857,0.5208562612533569
YJR010C-A,YML037C,0,0.7298176,0.148045152425766,0.9022931456565857,0.52095627784729
YFL004W,YGR162W,0,0.7293083,0.148020938038826,0.9022931456565857,0.5210562944412231
YGR058W,YLR448W,0,0.7292832,0.147996723651886,0.9022931456565857,0.521156370639801
YGL089C,YDR261W-B,0,0.7291292,0.14797252416610718,0.9022931456565857,0.5212563872337341
YGR101W,YKL017C,0,0.72890943,0.14794833958148956,0.9022931456565857,0.5213564038276672
YNL001W,YDR465C,0,0.72830355,0.14792415499687195,0.9022931456565857,0.5214564204216003
YLR134W,YGR062C,0,0.72741485,0.14789998531341553,0.9022931456565857,0.5215564966201782
YHL044W,YDR510W,0,0.72540534,0.1478758156299591,0.9022931456565857,0.5216565132141113
YOR047C,YPL257W-A,0,0.7252581,0.14785166084766388,0.9022931456565857,0.5217565298080444
YOR373W,YPL220W,0,0.72449636,0.14782750606536865,0.9022931456565857,0.5218565464019775
YDL019C,YGR279C,0,0.7225955,0.14780336618423462,0.9022931456565857,0.5219565629959106
YER140W,YCR054C,0,0.7225857,0.14777922630310059,0.9022931456565857,0.5220566391944885
YDR347W,YJR097W,0,0.7222794,0.14775510132312775,0.9022931456565857,0.5221566557884216
YJL143W,YLR276C,0,0.7222251,0.1477309763431549,0.9022931456565857,0.5222566723823547
YHR116W,YMR184W,0,0.7213727,0.14770686626434326,0.9022931456565857,0.5223566889762878
YGL035C,YNL206C,0,0.7212281,0.1476827710866928,0.9022931456565857,0.5224567651748657
YLR038C,YGR200C,0,0.7205869,0.14765867590904236,0.9022931456565857,0.5225567817687988
YFR037C,YJL108C,0,0.7204012,0.1476345807313919,0.9022931456565857,0.5226567983627319
YGL035C,YBL101W-A,0,0.7191013,0.14761050045490265,0.9022931456565857,0.522756814956665
YKL056C,YGR061C,0,0.7189741,0.14758643507957458,0.9022931456565857,0.5228568315505981
YJL106W,YDR313C,0,0.71877724,0.14756236970424652,0.9022931456565857,0.522956907749176
YPR048W,YLR097C,0,0.71873486,0.14753830432891846,0.9022931456565857,0.5230569243431091
YGL178W,YBL082C,0,0.71846706,0.14751426875591278,0.9022931456565857,0.5231569409370422
YOR386W,YDR400W,0,0.71763664,0.1474902182817459,0.9022931456565857,0.5232569575309753
YDR118W,YBL090W,0,0.7171378,0.14746618270874023,0.9022931456565857,0.5233570337295532
YPR158C-D,YML104C,0,0.7167307,0.14744216203689575,0.9022931456565857,0.5234570503234863
YBR022W,YDR316W-A,0,0.7164092,0.14741814136505127,0.9022931456565857,0.5235570669174194
YLR008C,YER173W,0,0.716188,0.14739413559436798,0.9022931456565857,0.5236570835113525
YLR370C,YBL101W-A,0,0.71589947,0.1473701298236847,0.9022931456565857,0.5237571001052856
YDR341C,YER174C,0,0.7156442,0.1473461389541626,0.9022931456565857,0.5238571763038635
YHR184W,YJL008C,0,0.71558243,0.1473221480846405,0.9022931456565857,0.5239571928977966
YLR370C,YER164W,0,0.7145872,0.1472981721162796,0.9022931456565857,0.5240572094917297
YGL090W,YLR356W,0,0.71456647,0.1472742110490799,0.9022931456565857,0.5241572260856628
YPL059W,YDL146W,0,0.71453446,0.1472502499818802,0.9022931456565857,0.5242573022842407
YDL231C,YIL078W,0,0.7137018,0.14722628891468048,0.9022931456565857,0.5243573188781738
YDL033C,YJL164C,0,0.7130341,0.14720234274864197,0.9022931456565857,0.5244573354721069
YCR096C,YJL073W,0,0.7129218,0.14717839658260345,0.9022931456565857,0.52455735206604
YDR236C,YML081C-A,0,0.71263975,0.14715446531772614,0.9022931456565857,0.5246573686599731
YOR192C-B,YGR008C,0,0.712517,0.14713054895401,0.9022931456565857,0.524757444858551
YIR017C,YPL257W-A,0,0.7117412,0.14710663259029388,0.9022931456565857,0.5248574614524841
YJL048C,YEL050C,0,0.71168065,0.14708273112773895,0.9022931456565857,0.5249574780464172
YDR299W,YCR081W,0,0.71106595,0.14705882966518402,0.9022931456565857,0.5250574946403503
YGL213C,YBR012W-B,0,0.7110037,0.1470349282026291,0.9022931456565857,0.5251575708389282
YOL031C,YHR184W,0,0.71092665,0.14701104164123535,0.9022931456565857,0.5252575874328613
YMR306W,YGR086C,0,0.71088266,0.1469871699810028,0.9022931456565857,0.5253576040267944
YMR171C,YOL152W,0,0.7101181,0.14696329832077026,0.9022931456565857,0.5254576206207275
YDL137W,YGL039W,0,0.7100613,0.1469394415616989,0.9022931456565857,0.5255576968193054
YBR055C,YFL041W,0,0.7093464,0.14691558480262756,0.9022931456565857,0.5256577134132385
YOR179C,YAL034W-A,0,0.709246,0.1468917429447174,0.9022931456565857,0.5257577300071716
YMR184W,YOR211C,0,0.709205,0.14686790108680725,0.9022931456565857,0.5258577466011047
YHR028C,YBR092C,0,0.70900905,0.1468440741300583,0.9022931456565857,0.5259577631950378
YOR120W,YPL048W,0,0.70882833,0.14682024717330933,0.9022931456565857,0.5260578393936157
YDR503C,YDR096W,0,0.70830244,0.14679643511772156,0.9022931456565857,0.5261578559875488
YNL227C,YJL080C,0,0.708163,0.1467726230621338,0.9022931456565857,0.5262578725814819
YDR388W,YDR334W,0,0.7075886,0.14674882590770721,0.9022931456565857,0.526357889175415
YPL121C,YNL322C,0,0.70733106,0.14672502875328064,0.9022931456565857,0.5264579653739929
YBR022W,YOR150W,0,0.7068559,0.14670124650001526,0.9022931456565857,0.526557981967926
YBR101C,YCR070W,1,0.70645046,0.14683954417705536,0.9032901525497437,0.526557981967926
YDL136W,YOR075W,0,0.7064386,0.14681574702262878,0.9032901525497437,0.5266579985618591
YLR200W,YAL058W,1,0.7051317,0.1469539850950241,0.9042871594429016,0.5266579985618591
YDR424C,YDR387C,0,0.7049438,0.14693017303943634,0.9042871594429016,0.5267580151557922
YBR084W,YOR270C,0,0.7039377,0.14690637588500977,0.9042871594429016,0.5268580317497253
YDR210W-B,YGL141W,0,0.70392257,0.14688259363174438,0.9042871594429016,0.5269581079483032
YHL036W,YER089C,0,0.7025102,0.146858811378479,0.9042871594429016,0.5270581245422363
YBR166C,YDR393W,0,0.70241946,0.14683502912521362,0.9042871594429016,0.5271581411361694
YMR287C,YMR314W,0,0.7019937,0.14681126177310944,0.9042871594429016,0.5272581577301025
YGL120C,YMR086W,0,0.70198685,0.14678750932216644,0.9042871594429016,0.5273582339286804
YJL162C,YNL310C,1,0.701836,0.14692556858062744,0.9052841663360596,0.5273582339286804
YHL009W-B,YDR065W,0,0.7017145,0.14690180122852325,0.9052841663360596,0.5274582505226135
YBL037W,YER112W,0,0.701599,0.14687803387641907,0.9052841663360596,0.5275582671165466
YLR357W,YGL155W,0,0.7015006,0.14685428142547607,0.9052841663360596,0.5276582837104797
YBR198C,YIL115C,0,0.7008443,0.14683052897453308,0.9052841663360596,0.5277583003044128
YNL162W,YNL339C,0,0.7007133,0.14680679142475128,0.9052841663360596,0.5278583765029907
YIL112W,YCL031C,0,0.70056033,0.14678305387496948,0.9052841663360596,0.5279583930969238
YER061C,YGL205W,0,0.70030826,0.14675933122634888,0.9052841663360596,0.5280584096908569
YMR080C,YLR201C,0,0.70003355,0.14673562347888947,0.9052841663360596,0.52815842628479
YKL004W,YNL112W,0,0.69995403,0.14671190083026886,0.9052841663360596,0.5282585024833679
YIL016W,YDR252W,1,0.69992065,0.14684975147247314,0.9062811732292175,0.5282585024833679
YNL331C,YBL082C,0,0.6996349,0.14682604372501373,0.9062811732292175,0.528358519077301
YER036C,YOR389W,0,0.6991602,0.14680232107639313,0.9062811732292175,0.5284585356712341
YML040W,YDR107C,0,0.69863814,0.1467786282300949,0.9062811732292175,0.5285585522651672
YGL128C,YML048W,1,0.6985572,0.14691637456417084,0.9072781801223755,0.5285585522651672
YDR440W,YDR447C,0,0.69854146,0.14689265191555023,0.9072781801223755,0.5286585688591003
YDR242W,YLR079W,0,0.69851124,0.14686894416809082,0.9072781801223755,0.5287586450576782
YMR298W,YPL271W,0,0.69787425,0.1468452513217926,0.9072781801223755,0.5288586616516113
YDL229W,YJL111W,1,0.69748765,0.14698289334774017,0.9082751870155334,0.5288586616516113
YKR037C,YJR155W,0,0.69748163,0.14695918560028076,0.9082751870155334,0.5289586782455444
YOR315W,YDR228C,0,0.6971888,0.14693547785282135,0.9082751870155334,0.5290586948394775
YER048W-A,YGR158C,0,0.69703674,0.14691178500652313,0.9082751870155334,0.5291587710380554
YKL116C,YNL289W,0,0.6963819,0.1468881070613861,0.9082751870155334,0.5292587876319885
YKR090W,YLR086W,0,0.6954198,0.1468644142150879,0.9082751870155334,0.5293588042259216
YAR015W,YBR240C,0,0.69533676,0.14684075117111206,0.9082751870155334,0.5294588208198547
YGL137W,YLR414C,0,0.69478357,0.14681708812713623,0.9082751870155334,0.5295588970184326
YIR014W,YDR116C,0,0.69471514,0.1467934250831604,0.9082751870155334,0.5296589136123657
YDR478W,YJL189W,0,0.69441956,0.14676977694034576,0.9082751870155334,0.5297589302062988
YJL129C,YBL090W,0,0.6943451,0.14674612879753113,0.9082751870155334,0.5298589468002319
YCR098C,YKR105C,0,0.69433355,0.14672249555587769,0.9082751870155334,0.529958963394165
YPR137C-B,YOL077C,0,0.69426894,0.14669887721538544,0.9082751870155334,0.5300590395927429
YMR184W,YOR233W,0,0.69324577,0.1466752588748932,0.9082751870155334,0.530159056186676
YDL067C,YOL071W,0,0.69308007,0.14665164053440094,0.9082751870155334,0.5302590727806091
YNL311C,YDR046C,0,0.69204223,0.14662803709506989,0.9082751870155334,0.5303590893745422
YML078W,YER007W,1,0.69098794,0.14676536619663239,0.9092721939086914,0.5303590893745422
YDR341C,YLR403W,0,0.6900724,0.14674174785614014,0.9092721939086914,0.5304591655731201
YDR318W,YGR279C,0,0.6896241,0.14671814441680908,0.9092721939086914,0.5305591821670532
YNL001W,YML113W,0,0.68904054,0.14669454097747803,0.9092721939086914,0.5306591987609863
YDR247W,YBR231C,0,0.68876356,0.14667095243930817,0.9092721939086914,0.5307592153549194
YER056C-A,YOR391C,0,0.68837726,0.1466473639011383,0.9092721939086914,0.5308592319488525
YJL165C,YGL084C,0,0.68826765,0.14662379026412964,0.9092721939086914,0.5309593081474304
YNL188W,YKR097W,0,0.68814325,0.14660023152828217,0.9092721939086914,0.5310593247413635
YDR531W,YJL065C,0,0.6879536,0.1465766578912735,0.9092721939086914,0.5311593413352966
YNL046W,YMR023C,0,0.68757296,0.14655311405658722,0.9092721939086914,0.5312593579292297
YDR363W-A,YLL022C,0,0.6875586,0.14652957022190094,0.9092721939086914,0.5313594341278076
YOR224C,YDR018C,0,0.68749684,0.14650602638721466,0.9092721939086914,0.5314594507217407
YBR158W,YNL185C,0,0.68744606,0.14648249745368958,0.9092721939086914,0.5315594673156738
YFL004W,YBR036C,0,0.6870996,0.1464589685201645,0.9092721939086914,0.5316594839096069
YDL108W,YOR347C,0,0.6869739,0.1464354544878006,0.9092721939086914,0.53175950050354
YLR304C,YGL251C,0,0.6867342,0.1464119404554367,0.9092721939086914,0.5318595767021179
YDR341C,YHR039C-B,0,0.6865059,0.146388441324234,0.9092721939086914,0.531959593296051
YJL044C,YPL095C,0,0.68631333,0.1463649421930313,0.9092721939086914,0.5320596098899841
YNR027W,YNR043W,0,0.6861505,0.1463414579629898,0.9092721939086914,0.5321596264839172
YLR304C,YNL213C,0,0.68599784,0.1463179886341095,0.9092721939086914,0.5322597026824951
YDL231C,YMR188C,0,0.6858138,0.1462945193052292,0.9092721939086914,0.5323597192764282
YIR017C,YNL115C,0,0.6856913,0.14627104997634888,0.9092721939086914,0.5324597358703613
YJL170C,YMR221C,0,0.68473417,0.14624759554862976,0.9092721939086914,0.5325597524642944
YFR008W,YDL112W,0,0.6842558,0.14622414112091064,0.9092721939086914,0.5326597690582275
YDR523C,YPL220W,0,0.6836655,0.14620070159435272,0.9092721939086914,0.5327598452568054
YGR184C,YJL080C,0,0.6836276,0.146177276968956,0.9092721939086914,0.5328598618507385
YOL125W,YDL017W,0,0.68276685,0.14615385234355927,0.9092721939086914,0.5329598784446716
YIL090W,YBR251W,0,0.6816158,0.14613042771816254,0.9092721939086914,0.5330598950386047
YCR072C,YHR184W,0,0.68067867,0.146107017993927,0.9092721939086914,0.5331599712371826
YNL049C,YDR074W,0,0.67870533,0.14608360826969147,0.9092721939086914,0.5332599878311157
YGL191W,YFR008W,0,0.67735195,0.14606021344661713,0.9092721939086914,0.5333600044250488
YNR040W,YIL155C,0,0.67701596,0.14603683352470398,0.9092721939086914,0.5334600210189819
YMR142C,YOR192C-A,0,0.67652553,0.14601345360279083,0.9092721939086914,0.5335600972175598
YJL033W,YMR314W,0,0.6758026,0.14599007368087769,0.9092721939086914,0.5336601138114929
YDR318W,YDR524C,0,0.67568004,0.14596670866012573,0.9092721939086914,0.533760130405426
YDR117C,YBR105C,0,0.67536354,0.14594334363937378,0.9092721939086914,0.5338601469993591
YGR231C,YER007W,1,0.6751103,0.14608000218868256,0.9102692008018494,0.5338601469993591
YBR158W,YNL115C,0,0.6745739,0.1460566371679306,0.9102692008018494,0.5339601635932922
YLL011W,YAL034W-A,0,0.6741375,0.14603327214717865,0.9102692008018494,0.5340602397918701
YML091C,YGR194C,0,0.67371905,0.1460099220275879,0.9102692008018494,0.5341602563858032
YML005W,YGR191W,0,0.6729515,0.14598657190799713,0.9102692008018494,0.5342602729797363
YLR276C,YGR061C,0,0.67265344,0.14596323668956757,0.9102692008018494,0.5343602895736694
YIL026C,YLR010C,0,0.67189676,0.145939901471138,0.9102692008018494,0.5344603657722473
YDL136W,YCL063W,0,0.67081225,0.14591656625270844,0.9102692008018494,0.5345603823661804
YCR009C,YDR316W-A,0,0.6702665,0.14589326083660126,0.9102692008018494,0.5346603989601135
YBL074C,YPR122W,0,0.66995573,0.14586994051933289,0.9102692008018494,0.5347604155540466
YPL226W,YOL103W,0,0.66964257,0.1458466500043869,0.9102692008018494,0.5348604321479797
YPL155C,YAL012W,0,0.66937083,0.14582334458827972,0.9102692008018494,0.5349605083465576
YDL101C,YKL028W,0,0.66920936,0.14580006897449493,0.9102692008018494,0.5350605249404907
YNL291C,YOR228C,0,0.6688845,0.14577677845954895,0.9102692008018494,0.5351605415344238
YHR028C,YNR001C,0,0.6687298,0.14575351774692535,0.9102692008018494,0.5352605581283569
YPL091W,YDR247W,0,0.66813546,0.14573024213314056,0.9102692008018494,0.5353606343269348
YML034W,YBL074C,0,0.6676544,0.14570699632167816,0.9102692008018494,0.5354606509208679
YDL195W,YJR022W,0,0.66669464,0.14568373560905457,0.9102692008018494,0.535560667514801
YOR343W-A,YER126C,0,0.6666169,0.14566050469875336,0.9102692008018494,0.5356606841087341
YPR005C,YHL047C,0,0.6664752,0.14563725888729095,0.9102692008018494,0.5357607007026672
YPL149W,YOR306C,0,0.66625106,0.14561402797698975,0.9102692008018494,0.5358607769012451
YML094W,YLR097C,0,0.6654399,0.14559081196784973,0.9102692008018494,0.5359607934951782
YJR017C,YOL088C,1,0.6652372,0.1457270383834839,0.9112662076950073,0.5359607934951782
YAL043C,YDR034C-C,0,0.66328496,0.14570380747318268,0.9112662076950073,0.5360608100891113
YJL062W,YHR070W,0,0.6632514,0.14568059146404266,0.9112662076950073,0.5361608266830444
YER099C,YHL009W-B,0,0.662429,0.14565737545490265,0.9112662076950073,0.5362609028816223
YML054C,YMR042W,0,0.66210115,0.14563415944576263,0.9112662076950073,0.5363609194755554
YJL033W,YKL195W,0,0.6618609,0.1456109583377838,0.9112662076950073,0.5364609360694885
YLR121C,YKL158W,0,0.66117185,0.1455877721309662,0.9112662076950073,0.5365609526634216
YDR440W,YLR337W,0,0.6611239,0.14556458592414856,0.9112662076950073,0.5366609692573547
YFL047W,YLR337W,0,0.6602956,0.14554139971733093,0.9112662076950073,0.5367610454559326
YHR044C,YIL026C,0,0.66025317,0.1455182284116745,0.9112662076950073,0.5368610620498657
YML040W,YLR134W,0,0.6598116,0.14549507200717926,0.9112662076950073,0.5369610786437988
YHR086W,YDR247W,0,0.6593441,0.14547191560268402,0.9112662076950073,0.5370610952377319
YCL031C,YLR010C,0,0.6587423,0.14544875919818878,0.9112662076950073,0.5371611714363098
YOR278W,YGR063C,0,0.6585656,0.14542561769485474,0.9112662076950073,0.5372611880302429
YLR120C,YKL116C,0,0.65848684,0.1454024761915207,0.9112662076950073,0.537361204624176
YCR069W,YPL221W,1,0.65820223,0.14553841948509216,0.9122632145881653,0.537361204624176
YDR316W-A,YDR036C,0,0.65760374,0.14551526308059692,0.9122632145881653,0.5374612212181091
YGR035C,YIL115C,0,0.65700525,0.14549213647842407,0.9122632145881653,0.537561297416687
YGL120C,YPL092W,0,0.65688527,0.14546899497509003,0.9122632145881653,0.5376613140106201
YDR247W,YMR312W,0,0.65688336,0.14544586837291718,0.9122632145881653,0.5377613306045532
YBR158W,YOR221C,0,0.6553625,0.14542275667190552,0.9122632145881653,0.5378613471984863
YPR158C-D,YBR175W,0,0.65527725,0.14539964497089386,0.9122632145881653,0.5379613637924194
YER184C,YJR155W,0,0.6546954,0.1453765481710434,0.9122632145881653,0.5380614399909973
YPR166C,YFL037W,0,0.6546442,0.14535345137119293,0.9122632145881653,0.5381614565849304
YCR094W,YLR430W,0,0.6545936,0.14533036947250366,0.9122632145881653,0.5382614731788635
YBR237W,YOR343W-A,0,0.6545636,0.1453072875738144,0.9122632145881653,0.5383614897727966
YLL011W,YNL112W,0,0.6542782,0.14528422057628632,0.9122632145881653,0.5384615659713745
YER087C-A,YGL191W,0,0.6532774,0.14526115357875824,0.9122632145881653,0.5385615825653076
YOR039W,YBL090W,0,0.6531955,0.14523810148239136,0.9122632145881653,0.5386615991592407
YAL058W,YHR057C,1,0.6525923,0.14537374675273895,0.9132602214813232,0.5386615991592407
YOR326W,YHR186C,0,0.65214854,0.14535067975521088,0.9132602214813232,0.5387616157531738
YOR192C-B,YNR040W,0,0.6520697,0.145327627658844,0.9132602214813232,0.5388616323471069
YER133W,YJR076C,0,0.6501458,0.1453045755624771,0.9132602214813232,0.5389617085456848
YOR381W,YDL200C,0,0.65011215,0.14528152346611023,0.9132602214813232,0.5390617251396179
YPL031C,YBR207W,0,0.6492658,0.14525848627090454,0.9132602214813232,0.539161741733551
YDL030W,YDR330W,0,0.6491941,0.14523544907569885,0.9132602214813232,0.5392617583274841
YDR421W,YGR158C,0,0.6488489,0.14521242678165436,0.9132602214813232,0.539361834526062
YKL173W,YJR016C,0,0.6488097,0.14518941938877106,0.9132602214813232,0.5394618511199951
YPR036W,YLR237W,0,0.64843225,0.14516639709472656,0.9132602214813232,0.5395618677139282
YML070W,YPL028W,0,0.6482712,0.14514340460300446,0.9132602214813232,0.5396618843078613
YMR094W,YGL039W,0,0.64791906,0.14512041211128235,0.9132602214813232,0.5397619009017944
YBR240C,YGL039W,0,0.6477061,0.14509741961956024,0.9132602214813232,0.5398619771003723
YBR058C,YJL065C,0,0.6476278,0.14507444202899933,0.9132602214813232,0.5399619936943054
YDR107C,YDR334W,0,0.647603,0.14505146443843842,0.9132602214813232,0.5400620102882385
YDR316W-A,YDR334W,0,0.6468688,0.1450285017490387,0.9132602214813232,0.5401620268821716
YPR156C,YKR030W,0,0.6464366,0.14500553905963898,0.9132602214813232,0.5402621030807495
YER082C,YLR139C,0,0.6463519,0.14498259127140045,0.9132602214813232,0.5403621196746826
YLR207W,YDL130W-A,0,0.6461748,0.14495964348316193,0.9132602214813232,0.5404621362686157
YHR147C,YLR433C,0,0.6455983,0.1449367105960846,0.9132602214813232,0.5405621528625488
YPL091W,YDR101C,0,0.6453737,0.14491377770900726,0.9132602214813232,0.5406621694564819
YKL195W,YLR467W,0,0.64531904,0.14489085972309113,0.9132602214813232,0.5407622456550598
YKL143W,YNL310C,0,0.6452184,0.144867941737175,0.9132602214813232,0.5408622622489929
YPL143W,YBR105C,0,0.6446687,0.14484503865242004,0.9132602214813232,0.540962278842926
YKR062W,YDR313C,0,0.644499,0.1448221355676651,0.9132602214813232,0.5410622954368591
YGL223C,YOR061W,0,0.64445966,0.14479924738407135,0.9132602214813232,0.541162371635437
YNL153C,YAL058W,1,0.64442563,0.14493440091609955,0.9142572283744812,0.541162371635437
YDL069C,YER051W,0,0.64415693,0.1449114978313446,0.9142572283744812,0.5412623882293701
YNR020C,YMR012W,0,0.6435182,0.14488860964775085,0.9142572283744812,0.5413624048233032
YCR081W,YMR221C,0,0.6428958,0.1448657214641571,0.9142572283744812,0.5414624214172363
YOL127W,YDL101C,0,0.6425471,0.14484283328056335,0.9142572283744812,0.5415624976158142
YMR217W,YJL052W,0,0.64085597,0.1448199599981308,0.9142572283744812,0.5416625142097473
YCL075W,YLR147C,0,0.6406926,0.14479710161685944,0.9142572283744812,0.5417625308036804
YJL108C,YHL032C,0,0.6391951,0.14477422833442688,0.9142572283744812,0.5418625473976135
YBR082C,YLR337W,0,0.6389997,0.1447513848543167,0.9142572283744812,0.5419625639915466
YDR466W,YBR058C-A,0,0.63893807,0.14472854137420654,0.9142572283744812,0.5420626401901245
YHR017W,YDL110C,0,0.63858104,0.14470569789409637,0.9142572283744812,0.5421626567840576
YNL086W,YOR061W,0,0.63854116,0.1446828693151474,0.9142572283744812,0.5422626733779907
YOL138C,YNL188W,0,0.6385119,0.14466004073619843,0.9142572283744812,0.5423626899719238
YPL206C,YGR188C,0,0.6382041,0.14463722705841064,0.9142572283744812,0.5424627661705017
YKR059W,YGR116W,0,0.6378218,0.14461441338062286,0.9142572283744812,0.5425627827644348
YHR153C,YBR105C,0,0.6374723,0.14459161460399628,0.9142572283744812,0.5426627993583679
YOR373W,YIR012W,0,0.6367824,0.1445688158273697,0.9142572283744812,0.542762815952301
YDR329C,YFR015C,0,0.63662577,0.1445460319519043,0.9142572283744812,0.5428628325462341
YPL148C,YGR188C,0,0.6364502,0.1445232480764389,0.9142572283744812,0.542962908744812
YBL090W,YDR034C-C,0,0.6360181,0.1445004791021347,0.9142572283744812,0.5430629253387451
YDL127W,YJR001W,0,0.63598394,0.1444777101278305,0.9142572283744812,0.5431629419326782
YDR071C,YLL038C,0,0.6357198,0.1444549411535263,0.9142572283744812,0.5432629585266113
YBL103C,YHL036W,0,0.6356007,0.1444321870803833,0.9142572283744812,0.5433630347251892
YPR158C-D,YOL072W,0,0.6351948,0.1444094479084015,0.9142572283744812,0.5434630513191223
YDR379W,YOR257W,0,0.6349257,0.14438670873641968,0.9142572283744812,0.5435630679130554
YFL002W-A,YER164W,0,0.6343372,0.14436398446559906,0.9142572283744812,0.5436630845069885
YPL144W,YAL043C,0,0.6338623,0.14434126019477844,0.9142572283744812,0.5437631011009216
YMR004W,YMR303C,0,0.6338614,0.14431853592395782,0.9142572283744812,0.5438631772994995
YMR023C,YBR164C,0,0.63374114,0.1442958265542984,0.9142572283744812,0.5439631938934326
YPL028W,YGR062C,0,0.6336529,0.14427313208580017,0.9142572283744812,0.5440632104873657
YBL090W,YIL124W,0,0.633151,0.14425043761730194,0.9142572283744812,0.5441632270812988
YLR459W,YNL091W,0,0.6329729,0.1442277431488037,0.9142572283744812,0.5442633032798767
YGR189C,YNL135C,0,0.6320603,0.14420506358146667,0.9142572283744812,0.5443633198738098
YNL054W-B,YER007W,0,0.63105,0.14418238401412964,0.9142572283744812,0.5444633364677429
YER133W,YNR050C,0,0.63096404,0.1441597193479538,0.9142572283744812,0.544563353061676
YDL192W,YLR109W,0,0.6307831,0.14413706958293915,0.9142572283744812,0.5446633696556091
YPR192W,YJL190C,0,0.6305219,0.1441144049167633,0.9142572283744812,0.544763445854187
YEL003W,YOR288C,1,0.6304496,0.14424890279769897,0.9152542352676392,0.544763445854187
YKL164C,YDL008W,0,0.6296749,0.14422623813152313,0.9152542352676392,0.5448634624481201
YML034W,YDR368W,0,0.62965035,0.14420358836650848,0.9152542352676392,0.5449634790420532
YHR101C,YJR160C,0,0.6277825,0.14418093860149384,0.9152542352676392,0.5450634956359863
YJR155W,YLR467W,0,0.6268954,0.1441582888364792,0.9152542352676392,0.5451635718345642
YOL018C,YLR276C,0,0.62657404,0.14413565397262573,0.9152542352676392,0.5452635884284973
YOR047C,YNR043W,0,0.6263106,0.14411303400993347,0.9152542352676392,0.5453636050224304
YBR205W,YDR261W-B,0,0.6254846,0.1440904140472412,0.9152542352676392,0.5454636216163635
YBR105C,YPL257W-A,0,0.62527794,0.14406779408454895,0.9152542352676392,0.5455636978149414
YPR102C,YAR018C,0,0.62497824,0.14404518902301788,0.9152542352676392,0.5456637144088745
YOR240W,YGR188C,0,0.6248189,0.144022598862648,0.9152542352676392,0.5457637310028076
YJR045C,YCR070W,1,0.6245519,0.14415685832500458,0.9162512421607971,0.5457637310028076
YDL229W,YJL008C,1,0.62377274,0.14429108798503876,0.9172482490539551,0.5457637310028076
YDR456W,YNL242W,0,0.6229854,0.1442684680223465,0.9172482490539551,0.5458637475967407
YNL308C,YNL054W-B,0,0.6226158,0.14424584805965424,0.9172482490539551,0.5459637641906738
YKL004W,YDL130W-A,0,0.62193793,0.14422322809696198,0.9172482490539551,0.5460638403892517
YNL330C,YHR184W,0,0.62166137,0.1442006230354309,0.9172482490539551,0.5461638569831848
YHR025W,YHR044C,0,0.62142193,0.14417803287506104,0.9172482490539551,0.5462638735771179
YDR134C,YER113C,0,0.6214081,0.14415544271469116,0.9172482490539551,0.546363890171051
YDL056W,YOR075W,0,0.6211825,0.1441328525543213,0.9172482490539551,0.5464639663696289
YIL070C,YLR467W,0,0.621053,0.1441102772951126,0.9172482490539551,0.546563982963562
YCR098C,YNL212W,0,0.61998487,0.14408770203590393,0.9172482490539551,0.5466639995574951
YDL137W,YKR030W,0,0.61989737,0.14406514167785645,0.9172482490539551,0.5467640161514282
YML005W,YBL039C,0,0.61975145,0.14404258131980896,0.9172482490539551,0.5468640327453613
YHR206W,YAL023C,0,0.61945033,0.14402003586292267,0.9172482490539551,0.5469641089439392
YOL003C,YLL009C,0,0.6188562,0.14399749040603638,0.9172482490539551,0.5470641255378723
YER095W,YKR050W,0,0.618046,0.14397495985031128,0.9172482490539551,0.5471641421318054
YLR086W,YJR029W,0,0.6180141,0.14395242929458618,0.9172482490539551,0.5472641587257385
YOR037W,YHR017W,0,0.61712706,0.14392991364002228,0.9172482490539551,0.5473642349243164
YGR104C,YLR204W,0,0.61712193,0.14390739798545837,0.9172482490539551,0.5474642515182495
YLR356W,YNL091W,0,0.61660236,0.14388489723205566,0.9172482490539551,0.5475642681121826
YGL120C,YHR184W,0,0.61602277,0.14386239647865295,0.9172482490539551,0.5476642847061157
YGR104C,YOL065C,0,0.6159052,0.14383989572525024,0.9172482490539551,0.5477643013000488
YBR214W,YDR420W,0,0.6156811,0.14381740987300873,0.9172482490539551,0.5478643774986267
YGL222C,YKR009C,0,0.61554575,0.1437949389219284,0.9172482490539551,0.5479643940925598
YOR151C,YDR421W,0,0.61497587,0.14377246797084808,0.9172482490539551,0.5480644106864929
YGL173C,YMR303C,0,0.61458033,0.14374999701976776,0.9172482490539551,0.548164427280426
YDR425W,YLR097C,0,0.6143802,0.14372754096984863,0.9172482490539551,0.5482645034790039
YNL086W,YDL051W,0,0.613667,0.1437050849199295,0.9172482490539551,0.548364520072937
YOR308C,YLR127C,0,0.61364406,0.14368264377117157,0.9172482490539551,0.5484645366668701
YKL042W,YML081C-A,0,0.61254346,0.14366021752357483,0.9172482490539551,0.5485645532608032
YOR288C,YCR070W,1,0.6114666,0.14379391074180603,0.918245255947113,0.5485645532608032
YLR127C,YOL123W,0,0.61116904,0.1437714695930481,0.918245255947113,0.5486645698547363
YNL291C,YBR264C,0,0.6106943,0.14374902844429016,0.918245255947113,0.5487646460533142
YFR006W,YIL136W,0,0.6106304,0.14372658729553223,0.918245255947113,0.5488646626472473
YDR130C,YML115C,0,0.6098086,0.14370416104793549,0.918245255947113,0.5489646792411804
YHR101C,YCR039C,0,0.6098004,0.14368174970149994,0.918245255947113,0.5490646958351135
YBR084W,YDL065C,0,0.60946,0.1436593383550644,0.918245255947113,0.5491647720336914
YLR109W,YML091C,0,0.6092301,0.14363692700862885,0.918245255947113,0.5492647886276245
YBL037W,YKL042W,0,0.6092235,0.1436145305633545,0.918245255947113,0.5493648052215576
YDL205C,YOL125W,0,0.60918164,0.14359214901924133,0.918245255947113,0.5494648218154907
YDL137W,YIL124W,0,0.60854685,0.14356975257396698,0.918245255947113,0.5495648980140686
YIL084C,YLR045C,0,0.6082879,0.14354738593101501,0.918245255947113,0.5496649146080017
YEL030W,YCR070W,1,0.607483,0.14368084073066711,0.919242262840271,0.5496649146080017
YGR188C,YJR155W,0,0.6073056,0.14365845918655396,0.919242262840271,0.5497649312019348
YMR223W,YFR006W,0,0.60692215,0.1436360776424408,0.919242262840271,0.5498649477958679
YMR094W,YPR096C,0,0.60691,0.14361371099948883,0.919242262840271,0.549964964389801
YLR450W,YDR436W,0,0.60676575,0.14359134435653687,0.919242262840271,0.5500650405883789
YLR008C,YNL189W,0,0.6057823,0.1435689777135849,0.919242262840271,0.550165057182312
YML043C,YOL056W,0,0.60565096,0.14354662597179413,0.919242262840271,0.5502650737762451
YLL024C,YCR070W,1,0.60544264,0.14367994666099548,0.920239269733429,0.5502650737762451
YJL143W,YDL138W,0,0.6053206,0.1436575949192047,0.920239269733429,0.5503650903701782
YLR439W,YOL140W,0,0.6047385,0.14363522827625275,0.920239269733429,0.5504651665687561
YHL044W,YAL025C,0,0.6044106,0.14361287653446198,0.920239269733429,0.5505651831626892
YDR495C,YBL082C,0,0.603683,0.1435905396938324,0.920239269733429,0.5506651997566223
YHL009W-B,YJR134C,0,0.6030642,0.14356820285320282,0.920239269733429,0.5507652163505554
YDR318W,YHR039C-B,0,0.6030057,0.14354588091373444,0.920239269733429,0.5508652329444885
YDL185W,YFR006W,0,0.6029966,0.14352355897426605,0.920239269733429,0.5509653091430664
YIL009C-A,YPL149W,0,0.6021846,0.14350123703479767,0.920239269733429,0.5510653257369995
YER056C-A,YML005W,0,0.6009399,0.14347892999649048,0.920239269733429,0.5511653423309326
YHR046C,YML115C,0,0.6008172,0.14345663785934448,0.920239269733429,0.5512653589248657
YOL117W,YDR510W,0,0.5999787,0.1434343457221985,0.920239269733429,0.5513654351234436
YCR009C,YDR065W,0,0.5995693,0.1434120535850525,0.920239269733429,0.5514654517173767
YFL004W,YLR427W,0,0.5992702,0.1433897763490677,0.920239269733429,0.5515654683113098
YLR106C,YDR380W,0,0.59833455,0.14336749911308289,0.920239269733429,0.5516654849052429
YPL085W,YER113C,0,0.59810114,0.14334523677825928,0.920239269733429,0.551765501499176
YKR037C,YOR131C,0,0.59786534,0.14332297444343567,0.920239269733429,0.5518655776977539
YJL065C,YNL101W,0,0.597596,0.14330072700977325,0.920239269733429,0.551965594291687
YDR239C,YBR231C,0,0.59592307,0.14327847957611084,0.920239269733429,0.5520656108856201
YLR172C,YCR040W,0,0.5954987,0.14325624704360962,0.920239269733429,0.5521656274795532
YBR012W-A,YPR042C,0,0.595471,0.1432340145111084,0.920239269733429,0.5522657036781311
YPL028W,YLR014C,0,0.59531003,0.14321179687976837,0.920239269733429,0.5523657202720642
YER111C,YDL017W,0,0.59505266,0.14318957924842834,0.920239269733429,0.5524657368659973
YKL024C,YMR012W,0,0.5949823,0.14316736161708832,0.920239269733429,0.5525657534599304
YPR028W,YDR402C,0,0.59460986,0.14314515888690948,0.920239269733429,0.5526657700538635
YDR252W,YDR151C,1,0.59431446,0.14327803254127502,0.9212362766265869,0.5526657700538635
YGL211W,YOR039W,0,0.5942849,0.143255814909935,0.9212362766265869,0.5527658462524414
YLR040C,YIL171W,0,0.59403735,0.14323361217975616,0.9212362766265869,0.5528658628463745
YJL044C,YLR337W,0,0.5939659,0.14321140944957733,0.9212362766265869,0.5529658794403076
YNL293W,YDL114W,0,0.59374136,0.1431892216205597,0.9212362766265869,0.5530658960342407
YGR058W,YDR529C,0,0.59342736,0.14316703379154205,0.9212362766265869,0.5531659722328186
YMR122W-A,YLR467W,0,0.5934098,0.14314484596252441,0.9212362766265869,0.5532659888267517
YDL082W,YCL066W,0,0.59265023,0.14312267303466797,0.9212362766265869,0.5533660054206848
YHL032C,YPL149W,0,0.59183824,0.14310051500797272,0.9212362766265869,0.5534660220146179
YAR019C,YER061C,0,0.59173405,0.14307835698127747,0.9212362766265869,0.5535660982131958
YNL207W,YIR009W,0,0.59171706,0.14305619895458221,0.9212362766265869,0.5536661148071289
YHR017W,YPR073C,0,0.59165287,0.14303405582904816,0.9212362766265869,0.553766131401062
YJR029W,YJR135W-A,0,0.59159815,0.1430119127035141,0.9212362766265869,0.5538661479949951
YJL121C,YOL140W,0,0.59140056,0.14298978447914124,0.9212362766265869,0.5539661645889282
YOR265W,YLR337W,0,0.5910116,0.14296765625476837,0.9212362766265869,0.5540662407875061
YDR014W,YGR116W,0,0.5909711,0.1429455429315567,0.9212362766265869,0.5541662573814392
YBL093C,YJL062W,0,0.5907184,0.14292342960834503,0.9212362766265869,0.5542662739753723
YJL108C,YGL157W,0,0.5906913,0.14290133118629456,0.9212362766265869,0.5543662905693054
YHR176W,YCR060W,1,0.5905169,0.14303386211395264,0.9222332835197449,0.5543662905693054
YGL178W,YGR061C,0,0.58946645,0.14301174879074097,0.9222332835197449,0.5544663667678833
YJL129C,YEL017C-A,0,0.5877069,0.1429896354675293,0.9222332835197449,0.5545663833618164
YER099C,YHL044W,0,0.5875382,0.14296753704547882,0.9222332835197449,0.5546663999557495
YNL061W,YGR262C,0,0.5866476,0.14294545352458954,0.9222332835197449,0.5547664165496826
YJL044C,YPL257W-A,0,0.5864887,0.14292335510253906,0.9222332835197449,0.5548664331436157
YBL017C,YBR289W,0,0.5860393,0.14290128648281097,0.9222332835197449,0.5549665093421936
YAL053W,YLR074C,0,0.5858768,0.1428792029619217,0.9222332835197449,0.5550665259361267
YDR520C,YHL032C,0,0.5856564,0.1428571492433548,0.9222332835197449,0.5551665425300598
YEL003W,YOR349W,1,0.58402157,0.14298950135707855,0.9232302904129028,0.5551665425300598
YOR155C,YBR245C,0,0.5838982,0.14296741783618927,0.9232302904129028,0.5552665591239929
YLR045C,YDR054C,0,0.58383656,0.14294534921646118,0.9232302904129028,0.5553666353225708
YOR155C,YKL010C,0,0.58349097,0.1429232954978943,0.9232302904129028,0.5554666519165039
YNR045W,YLR032W,0,0.5834275,0.1429012417793274,0.9232302904129028,0.555566668510437
YOL067C,YMR303C,0,0.5822358,0.1428791880607605,0.9232302904129028,0.5556666851043701
YMR312W,YCR037C,0,0.58118916,0.1428571492433548,0.9232302904129028,0.5557667016983032
YPR178W,YDL065C,0,0.581027,0.1428351104259491,0.9232302904129028,0.5558667778968811
YPR186C,YOR221C,0,0.58090824,0.1428130716085434,0.9232302904129028,0.5559667944908142
YMR235C,YLR106C,0,0.5801444,0.14279106259346008,0.9232302904129028,0.5560668110847473
YHR046C,YOR246C,0,0.58011335,0.14276903867721558,0.9232302904129028,0.5561668276786804
YOR356W,YOR080W,0,0.579342,0.14274702966213226,0.9232302904129028,0.5562669038772583
YOR240W,YLR265C,0,0.57897496,0.14272503554821014,0.9232302904129028,0.5563669204711914
YDR297W,YKR050W,0,0.578341,0.14270304143428802,0.9232302904129028,0.5564669370651245
YHL008C,YKL158W,0,0.5781279,0.1426810473203659,0.9232302904129028,0.5565669536590576
YOR047C,YIR012W,0,0.57793105,0.14265906810760498,0.9232302904129028,0.5566670298576355
YDR033W,YPL257W-A,0,0.57751644,0.14263708889484406,0.9232302904129028,0.5567670464515686
YOL127W,YOL105C,0,0.5773192,0.14261512458324432,0.9232302904129028,0.5568670630455017
YDR107C,YLR357W,0,0.57677335,0.1425931602716446,0.9232302904129028,0.5569670796394348
YDL141W,YGL040C,0,0.5767071,0.14257121086120605,0.9232302904129028,0.5570670962333679
YOL031C,YBR123C,0,0.57636726,0.14254926145076752,0.9232302904129028,0.5571671724319458
YDL195W,YAL003W,0,0.5757974,0.14252732694149017,0.9232302904129028,0.5572671890258789
YDR342C,YKL158W,0,0.57571596,0.14250539243221283,0.9232302904129028,0.557367205619812
YPR005C,YBR160W,0,0.57547104,0.14248345792293549,0.9232302904129028,0.5574672222137451
YPL241C,YCR070W,1,0.5754008,0.14261537790298462,0.9242272973060608,0.5574672222137451
YDL229W,YCR070W,1,0.57478786,0.14274726808071136,0.9252243041992188,0.5574672222137451
YPR137C-B,YPL194W,0,0.5741514,0.14272531867027283,0.9252243041992188,0.557567298412323
YGR058W,YER088C,0,0.57354486,0.1427033692598343,0.9252243041992188,0.5576673150062561
YOR066W,YLR438C-A,0,0.5729823,0.14268141984939575,0.9252243041992188,0.5577673316001892
YJL125C,YBR166C,0,0.5727079,0.1426594853401184,0.9252243041992188,0.5578673481941223
YMR298W,YDR479C,0,0.57262594,0.14263756573200226,0.9252243041992188,0.5579673647880554
YBR158W,YLR127C,0,0.57188743,0.1426156461238861,0.9252243041992188,0.5580674409866333
YDR326C,YMR023C,0,0.5711264,0.14259372651576996,0.9252243041992188,0.5581674575805664
YPL231W,YBL069W,0,0.570961,0.142571821808815,0.9252243041992188,0.5582674741744995
YML043C,YMR012W,0,0.5708927,0.14254991710186005,0.9252243041992188,0.5583674907684326
YIL009C-A,YER053C,0,0.5702667,0.14252802729606628,0.9252243041992188,0.5584675669670105
YHR105W,YDR139C,0,0.5696145,0.14250613749027252,0.9252243041992188,0.5585675835609436
YDR177W,YBR058C-A,0,0.56961215,0.14248426258563995,0.9252243041992188,0.5586676001548767
YLR097C,YOR233W,0,0.5690243,0.14246238768100739,0.9252243041992188,0.5587676167488098
YLR450W,YEL016C,0,0.56811696,0.142440527677536,0.9252243041992188,0.5588676333427429
YLR099C,YPL123C,0,0.5680696,0.14241866767406464,0.9252243041992188,0.5589677095413208
YGL136C,YFR015C,0,0.56778044,0.14239680767059326,0.9252243041992188,0.5590677261352539
YPL143W,YDR523C,0,0.567724,0.14237496256828308,0.9252243041992188,0.559167742729187
YOR265W,YOR233W,0,0.56760603,0.1423531174659729,0.9252243041992188,0.5592677593231201
YOL127W,YBL069W,0,0.56755215,0.1423312872648239,0.9252243041992188,0.559367835521698
YJR001W,YLR010C,0,0.567283,0.14230945706367493,0.9252243041992188,0.5594678521156311
YMR171C,YDR288W,0,0.5672777,0.14228764176368713,0.9252243041992188,0.5595678687095642
YDR532C,YIL126W,0,0.5670687,0.14226582646369934,0.9252243041992188,0.5596678853034973
YDR533C,YLR438C-A,0,0.5669969,0.14224402606487274,0.9252243041992188,0.5597679018974304
YOR343W-A,YAL008W,0,0.5668287,0.14222222566604614,0.9252243041992188,0.5598679780960083
YNL159C,YML034W,0,0.5667703,0.14220042526721954,0.9252243041992188,0.5599679946899414
YMR006C,YJR094W-A,0,0.5660253,0.14217863976955414,0.9252243041992188,0.5600680112838745
YDR074W,YMR122W-A,0,0.565779,0.14215686917304993,0.9252243041992188,0.5601680278778076
YLR126C,YHR039C-B,0,0.5656041,0.14213508367538452,0.9252243041992188,0.5602681040763855
YBR097W,YDR421W,0,0.56546885,0.1421133279800415,0.9252243041992188,0.5603681206703186
YBR048W,YPL048W,0,0.56512725,0.1420915573835373,0.9252243041992188,0.5604681372642517
YHR136C,YDR166C,0,0.56498545,0.14206981658935547,0.9252243041992188,0.5605681538581848
YJL044C,YML125C,0,0.5638516,0.14204806089401245,0.9252243041992188,0.5606682300567627
YNL166C,YKL158W,0,0.5636574,0.14202632009983063,0.9252243041992188,0.5607682466506958
YJL041W,YML081C-A,0,0.5628293,0.14200459420681,0.9252243041992188,0.5608682632446289
YPL240C,YCR070W,1,0.5624685,0.1421358585357666,0.9262213110923767,0.5608682632446289
YBR048W,YER091C,0,0.5623687,0.14211411774158478,0.9262213110923767,0.560968279838562
YJR098C,YJR029W,0,0.5621948,0.14209237694740295,0.9262213110923767,0.5610682964324951
YGL210W,YBR299W,0,0.56138253,0.14207065105438232,0.9262213110923767,0.561168372631073
YER147C,YDR313C,0,0.56137484,0.1420489251613617,0.9262213110923767,0.5612683892250061
YGR263C,YBR273C,0,0.5607326,0.14202721416950226,0.9262213110923767,0.5613684058189392
YCR009C,YFR015C,0,0.56022155,0.14200550317764282,0.9262213110923767,0.5614684224128723
YDL190C,YLR186W,0,0.5599615,0.1419837921857834,0.9262213110923767,0.5615684986114502
YOR373W,YGR002C,0,0.55938643,0.14196209609508514,0.9262213110923767,0.5616685152053833
YFR041C,YHR176W,1,0.55874854,0.14209319651126862,0.9272183179855347,0.5616685152053833
YBR289W,YJR045C,0,0.55832076,0.14207150042057037,0.9272183179855347,0.5617685317993164
YNL248C,YER089C,0,0.55829716,0.14204978942871094,0.9272183179855347,0.5618685483932495
YDL019C,YGR154C,0,0.55828565,0.1420280933380127,0.9272183179855347,0.5619685649871826
YDL164C,YLR126C,0,0.55826336,0.14200641214847565,0.9272183179855347,0.5620686411857605
YML034W,YPR081C,0,0.5581661,0.1419847309589386,0.9272183179855347,0.5621686577796936
YOL018C,YLR419W,0,0.5579753,0.14196306467056274,0.9272183179855347,0.5622686743736267
YHR039C-B,YDR320C,0,0.5577547,0.1419413983821869,0.9272183179855347,0.5623686909675598
YDR315C,YER161C,0,0.55765414,0.14191973209381104,0.9272183179855347,0.5624687671661377
YFR015C,YLR306W,0,0.5576484,0.14189808070659637,0.9272183179855347,0.5625687837600708
YPR048W,YBL101W-A,0,0.5570897,0.1418764293193817,0.9272183179855347,0.5626688003540039
YCR096C,YMR150C,0,0.55649686,0.14185479283332825,0.9272183179855347,0.562768816947937
YPR049C,YIL051C,0,0.5561563,0.14183315634727478,0.9272183179855347,0.5628688335418701
YBR058C,YDR376W,0,0.5558808,0.1418115347623825,0.9272183179855347,0.562968909740448
YLR371W,YKL164C,0,0.5558305,0.14178991317749023,0.9272183179855347,0.5630689263343811
YNL086W,YOR242C,0,0.5557977,0.14176829159259796,0.9272183179855347,0.5631689429283142
YDR219C,YJL125C,0,0.55516845,0.14174668490886688,0.9272183179855347,0.5632689595222473
YLR097C,YDR487C,0,0.5545678,0.1417250782251358,0.9272183179855347,0.5633690357208252
YMR161W,YCR070W,1,0.55454755,0.1418558657169342,0.9282153248786926,0.5633690357208252
YDL138W,YDR158W,0,0.5545105,0.14183424413204193,0.9282153248786926,0.5634690523147583
YDL164C,YBR097W,0,0.554389,0.14181263744831085,0.9282153248786926,0.5635690689086914
YPR158C-D,YOR374W,0,0.55412734,0.14179104566574097,0.9282153248786926,0.5636690855026245
YML037C,YNR040W,0,0.5540472,0.14176945388317108,0.9282153248786926,0.5637691020965576
YKL199C,YMR051C,0,0.5536244,0.1417478621006012,0.9282153248786926,0.5638691782951355
YER036C,YOL100W,0,0.55300164,0.1417262852191925,0.9282153248786926,0.5639691948890686
YDR270W,YHR117W,0,0.552914,0.141704723238945,0.9282153248786926,0.5640692114830017
YLR086W,YNR022C,0,0.5527303,0.14168314635753632,0.9282153248786926,0.5641692280769348
YPL106C,YOR315W,0,0.55170393,0.14166159927845,0.9282153248786926,0.5642693042755127
YDR251W,YHR039C-B,0,0.5516408,0.14164003729820251,0.9282153248786926,0.5643693208694458
YBR245C,YGR124W,0,0.55160683,0.1416184902191162,0.9282153248786926,0.5644693374633789
YOR391C,YLR357W,0,0.55156624,0.1415969580411911,0.9282153248786926,0.564569354057312
YER048C,YAL053W,1,0.5511315,0.1417274922132492,0.9292123913764954,0.564569354057312
YBL078C,YCL069W,0,0.5505098,0.1417059451341629,0.9292123913764954,0.5646694302558899
YHR171W,YCL061C,0,0.55041987,0.1416843980550766,0.9292123913764954,0.564769446849823
YNL191W,YER164W,0,0.5504056,0.1416628658771515,0.9292123913764954,0.5648694634437561
YDL043C,YNL306W,0,0.550338,0.14164133369922638,0.9292123913764954,0.5649694800376892
YDR210W-B,YDL082W,0,0.5500628,0.14161981642246246,0.9292123913764954,0.5650694966316223
YML094W,YGR047C,0,0.5494456,0.14159829914569855,0.9292123913764954,0.5651695728302002
YBL069W,YBL022C,0,0.54865175,0.14157678186893463,0.9292123913764954,0.5652695894241333
YPL177C,YLR188W,0,0.54778713,0.1415552794933319,0.9292123913764954,0.5653696060180664
YJR065C,YIL039W,0,0.5477621,0.14153379201889038,0.9292123913764954,0.5654696226119995
YDR052C,YDR387C,0,0.54738295,0.14151230454444885,0.9292123913764954,0.5655696988105774
YHR101C,YML009C,0,0.54708165,0.14149081707000732,0.9292123913764954,0.5656697154045105
YNR008W,YHL044W,0,0.5470499,0.141469344496727,0.9292123913764954,0.5657697319984436
YIL093C,YDR014W,0,0.54563594,0.14144787192344666,0.9292123913764954,0.5658697485923767
YDR376W,YLR467W,0,0.545526,0.14142639935016632,0.9292123913764954,0.5659697651863098
YML034W,YDR495C,0,0.5434025,0.14140494167804718,0.9292123913764954,0.5660698413848877
YDL019C,YIR012W,0,0.5433511,0.14138349890708923,0.9292123913764954,0.5661698579788208
YIL172C,YLR318W,0,0.5430213,0.1413620561361313,0.9292123913764954,0.5662698745727539
YJR110W,YER095W,0,0.5428544,0.14134061336517334,0.9292123913764954,0.566369891166687
YPR042C,YGL157W,0,0.5428228,0.1413191854953766,0.9292123913764954,0.5664699673652649
YJL157C,YBR205W,0,0.5423903,0.14129775762557983,0.9292123913764954,0.566569983959198
YLR318W,YLR467W,0,0.542317,0.14127634465694427,0.9292123913764954,0.5666700005531311
YHR172W,YOL117W,0,0.5422111,0.14125493168830872,0.9292123913764954,0.5667700171470642
YDR056C,YGL141W,0,0.5417846,0.14123351871967316,0.9292123913764954,0.5668700337409973
YJL062W,YPR019W,0,0.541697,0.1412121206521988,0.9292123913764954,0.5669701099395752
YOR192C-A,YNR007C,0,0.5416001,0.14119072258472443,0.9292123913764954,0.5670701265335083
YDR533C,YDR448W,0,0.5414165,0.14116933941841125,0.9292123913764954,0.5671701431274414
YDL120W,YGR223C,0,0.5413996,0.14114795625209808,0.9292123913764954,0.5672701597213745
YHL019C,YHR039C-B,0,0.5412575,0.1411265879869461,0.9292123913764954,0.5673702359199524
YDR096W,YOR127W,0,0.5409371,0.14110521972179413,0.9292123913764954,0.5674702525138855
YDR312W,YBR156C,0,0.5405715,0.14108386635780334,0.9292123913764954,0.5675702691078186
YGR162W,YJL025W,0,0.53996056,0.14106251299381256,0.9292123913764954,0.5676702857017517
YHR153C,YCR072C,0,0.53956944,0.14104115962982178,0.9292123913764954,0.5677703022956848
YPL148C,YPL085W,0,0.539021,0.1410198211669922,0.9292123913764954,0.5678703784942627
YLR207W,YOR246C,0,0.5386443,0.1409984827041626,0.9292123913764954,0.5679703950881958
YDR283C,YDL144C,0,0.53851306,0.1409771591424942,0.9292123913764954,0.5680704116821289
YLR433C,YMR165C,0,0.53845453,0.1409558355808258,0.9292123913764954,0.568170428276062
YOR151C,YBL101W-A,0,0.5379733,0.1409345269203186,0.9292123913764954,0.5682705044746399
YBR296C,YNL012W,0,0.53772235,0.1409132182598114,0.9292123913764954,0.568370521068573
YFL002W-A,YDR363W-A,0,0.5375222,0.1408919095993042,0.9292123913764954,0.5684705376625061
YDR388W,YDR443C,0,0.5370666,0.1408706158399582,0.9292123913764954,0.5685705542564392
YHR076W,YDR481C,0,0.53705454,0.14084932208061218,0.9292123913764954,0.5686706304550171
YFL004W,YBR231C,0,0.5366447,0.14082804322242737,0.9292123913764954,0.5687706470489502
YER088C,YDR529C,0,0.5365064,0.14080676436424255,0.9292123913764954,0.5688706636428833
YER036C,YBL101W-A,0,0.5359363,0.14078550040721893,0.9292123913764954,0.5689706802368164
YHR034C,YLR090W,1,0.53556263,0.14091527462005615,0.9302093982696533,0.5689706802368164
YOR192C-A,YER053C,0,0.53492767,0.14089399576187134,0.9302093982696533,0.5690706968307495
YEL015W,YER126C,0,0.5348863,0.14087271690368652,0.9302093982696533,0.5691707730293274
YMR298W,YNL077W,0,0.53485537,0.1408514529466629,0.9302093982696533,0.5692707896232605
YAL041W,YKL164C,0,0.5335644,0.14083018898963928,0.9302093982696533,0.5693708062171936
YKL034W,YLR337W,0,0.5334219,0.14080893993377686,0.9302093982696533,0.5694708228111267
YGR234W,YBL101W-A,0,0.5331748,0.14078769087791443,0.9302093982696533,0.5695708990097046
YNR040W,YOL019W,0,0.5331414,0.140766441822052,0.9302093982696533,0.5696709156036377
YBL017C,YOR374W,0,0.5327716,0.14074520766735077,0.9302093982696533,0.5697709321975708
YIL171W,YGL040C,0,0.5321569,0.14072398841381073,0.9302093982696533,0.5698709487915039
YHR027C,YGL210W,0,0.5321239,0.1407027542591095,0.9302093982696533,0.569970965385437
YOL092W,YDR322W,0,0.5316887,0.14068154990673065,0.9302093982696533,0.5700710415840149
YML094W,YER007W,1,0.531329,0.14081110060214996,0.9312064051628113,0.5700710415840149
YEL054C,YJR060W,0,0.5308695,0.14078986644744873,0.9312064051628113,0.570171058177948
YCL055W,YDR120C,0,0.5308016,0.1407686471939087,0.9312064051628113,0.5702710747718811
YJL153C,YNR050C,0,0.53058016,0.14074744284152985,0.9312064051628113,0.5703710913658142
YNL064C,YCR070W,1,0.5302611,0.140876904129982,0.9322034120559692,0.5703710913658142
YLR015W,YCL061C,0,0.52983665,0.14085568487644196,0.9322034120559692,0.5704711675643921
YKL179C,YHR044C,0,0.5290502,0.14083446562290192,0.9322034120559692,0.5705711841583252
YPL257W-A,YNL244C,0,0.5284862,0.14081324636936188,0.9322034120559692,0.5706712007522583
YNL310C,YCR070W,1,0.52795845,0.14094263315200806,0.9332004189491272,0.5706712007522583
YDL115C,YPR096C,0,0.52740765,0.14092141389846802,0.9332004189491272,0.5707712173461914
YGR006W,YLR357W,0,0.52725375,0.14090019464492798,0.9332004189491272,0.5708712339401245
YGL191W,YHR184W,0,0.5266537,0.14087899029254913,0.9332004189491272,0.5709713101387024
YNR011C,YDR402C,0,0.5263142,0.1408577859401703,0.9332004189491272,0.5710713267326355
YBR041W,YOL149W,0,0.5262353,0.14083659648895264,0.9332004189491272,0.5711713433265686
YER111C,YOL157C,0,0.52603185,0.14081540703773499,0.9332004189491272,0.5712713599205017
YLR126C,YBR175W,0,0.5259792,0.14079421758651733,0.9332004189491272,0.5713714361190796
YER174C,YMR127C,0,0.52579445,0.14077304303646088,0.9332004189491272,0.5714714527130127
YMR316W,YLR100W,0,0.5254235,0.1407518833875656,0.9332004189491272,0.5715714693069458
YJR009C,YAR018C,0,0.52467906,0.14073072373867035,0.9332004189491272,0.5716714859008789
YGR006W,YIL136W,0,0.52436846,0.14070956408977509,0.9332004189491272,0.571771502494812
YHR184W,YJR089W,0,0.5241275,0.14068840444087982,0.9332004189491272,0.5718715786933899
YNL311C,YER025W,0,0.5238178,0.14066727459430695,0.9332004189491272,0.571971595287323
YER140W,YJL090C,0,0.5236591,0.14064612984657288,0.9332004189491272,0.5720716118812561
YIL171W,YHR039C-B,0,0.5235652,0.140625,0.9332004189491272,0.5721716284751892
YPL157W,YDL006W,0,0.5231546,0.14060387015342712,0.9332004189491272,0.5722717046737671
YDL019C,YPL157W,0,0.52236855,0.14058275520801544,0.9332004189491272,0.5723717212677002
YHL009W-B,YKR038C,0,0.52220786,0.14056164026260376,0.9332004189491272,0.5724717378616333
YER140W,YJR076C,0,0.52163374,0.14054054021835327,0.9332004189491272,0.5725717544555664
YMR016C,YBL061C,0,0.52108514,0.14051944017410278,0.9332004189491272,0.5726718306541443
YAR019C,YML042W,0,0.5210701,0.1404983550310135,0.9332004189491272,0.5727718472480774
YPL177C,YOR240W,0,0.5206201,0.1404772698879242,0.9332004189491272,0.5728718638420105
YOR076C,YLR438C-A,0,0.5206076,0.1404561847448349,0.9332004189491272,0.5729718804359436
YDL136W,YCR081W,0,0.52025926,0.1404351145029068,0.9332004189491272,0.5730718970298767
YBR001C,YDR170W-A,0,0.5200731,0.1404140442609787,0.9332004189491272,0.5731719732284546
YMR166C,YHL004W,0,0.5199274,0.1403929740190506,0.9332004189491272,0.5732719898223877
YIL172C,YHR101C,0,0.5198816,0.1403719186782837,0.9332004189491272,0.5733720064163208
YPR108W,YLR433C,0,0.5197013,0.14035087823867798,0.9332004189491272,0.5734720230102539
YGL035C,YKL109W,0,0.5194082,0.14032983779907227,0.9332004189491272,0.5735720992088318
YDL229W,YOR061W,0,0.51935667,0.14030879735946655,0.9332004189491272,0.5736721158027649
YJL033W,YNL159C,0,0.51910615,0.14028777182102203,0.9332004189491272,0.573772132396698
YDR447C,YOR306C,0,0.5189601,0.14026674628257751,0.9332004189491272,0.5738721489906311
YGL191W,YER051W,0,0.51882946,0.1402457356452942,0.9332004189491272,0.5739721655845642
YER114C,YPR158C-D,0,0.5188063,0.14022472500801086,0.9332004189491272,0.5740722417831421
YMR285C,YML087C,0,0.5182414,0.14020371437072754,0.9332004189491272,0.5741722583770752
YOR047C,YDL095W,0,0.51815784,0.1401827186346054,0.9332004189491272,0.5742722749710083
YDL115C,YDR298C,0,0.51805085,0.14016172289848328,0.9332004189491272,0.5743722915649414
YOR181W,YFR006W,0,0.5180051,0.14014074206352234,0.9332004189491272,0.5744723677635193
YDR219C,YKL140W,0,0.51736414,0.1401197612285614,0.9332004189491272,0.5745723843574524
YDR479C,YHR092C,0,0.5169961,0.14009878039360046,0.9332004189491272,0.5746724009513855
YDL136W,YKL042W,0,0.51621073,0.14007781445980072,0.9332004189491272,0.5747724175453186
YDL136W,YCR047C,0,0.51604533,0.14005686342716217,0.9332004189491272,0.5748724341392517
YLR142W,YER044C,0,0.51596624,0.14003591239452362,0.9332004189491272,0.5749725103378296
YPR048W,YLR014C,0,0.5156919,0.14001496136188507,0.9332004189491272,0.5750725269317627
YFR015C,YFL039C,0,0.51564074,0.13999401032924652,0.9332004189491272,0.5751725435256958
YLL009C,YLR337W,0,0.5150032,0.13997308909893036,0.9332004189491272,0.5752725601196289
YPL269W,YOR306C,0,0.514615,0.139952152967453,0.9332004189491272,0.5753726363182068
YNL077W,YOR075W,0,0.5140545,0.13993123173713684,0.9332004189491272,0.5754726529121399
YKL195W,YOL140W,0,0.51358277,0.13991031050682068,0.9332004189491272,0.575572669506073
YHR028C,YMR257C,0,0.5123393,0.1398894041776657,0.9332004189491272,0.5756726861000061
YDR533C,YDL033C,0,0.5122552,0.13986849784851074,0.9332004189491272,0.5757727026939392
YEL038W,YNL268W,0,0.512243,0.13984760642051697,0.9332004189491272,0.5758727788925171
YBR286W,YFL039C,0,0.5112538,0.1398267149925232,0.9332004189491272,0.5759727954864502
YLR008C,YPL204W,0,0.5109545,0.13980582356452942,0.9332004189491272,0.5760728120803833
YGL003C,YOR391C,0,0.5109521,0.13978494703769684,0.9332004189491272,0.5761728286743164
YBL024W,YAL023C,0,0.5109251,0.13976407051086426,0.9332004189491272,0.5762729048728943
YNL046W,YNL119W,0,0.510632,0.13974320888519287,0.9332004189491272,0.5763729214668274
YKL164C,YGR116W,0,0.5103758,0.13972234725952148,0.9332004189491272,0.5764729380607605
YOR381W,YOR192C-A,0,0.50979984,0.1397014856338501,0.9332004189491272,0.5765729546546936
YJL129C,YAL003W,0,0.5094252,0.1396806389093399,0.9332004189491272,0.5766730308532715
YJL048C,YLR337W,0,0.50928676,0.1396598070859909,0.9332004189491272,0.5767730474472046
YJL165C,YHR039C-B,0,0.50926983,0.1396389603614807,0.9332004189491272,0.5768730640411377
YKL173W,YER088C,0,0.5092248,0.1396181434392929,0.9332004189491272,0.5769730806350708
YOR343W-A,YNL212W,0,0.50872934,0.1395973116159439,0.9332004189491272,0.5770730972290039
YDR518W,YCR070W,1,0.5086069,0.13972562551498413,0.9341974258422852,0.5770730972290039
YDR425W,YPL017C,0,0.50852394,0.13970477879047394,0.9341974258422852,0.5771731734275818
YJL065C,YHR039C-B,0,0.50787103,0.13968396186828613,0.9341974258422852,0.5772731900215149
YOR244W,YFL037W,0,0.50745857,0.13966314494609833,0.9341974258422852,0.577373206615448
YPL177C,YEL050C,0,0.5069733,0.13964232802391052,0.9341974258422852,0.5774732232093811
YIL171W,YHL036W,0,0.5068556,0.13962151110172272,0.9341974258422852,0.577573299407959
YHL024W,YML043C,0,0.5060818,0.1396007090806961,0.9341974258422852,0.5776733160018921
YIL101C,YJL101C,0,0.50606805,0.1395799219608307,0.9341974258422852,0.5777733325958252
YDR265W,YOR057W,0,0.5055685,0.13955913484096527,0.9341974258422852,0.5778733491897583
YDL056W,YOR337W,0,0.50468445,0.13953834772109985,0.9341974258422852,0.5779733657836914
YNL227C,YPL257W-A,0,0.504501,0.13951757550239563,0.9341974258422852,0.5780734419822693
YBL020W,YER020W,0,0.5040747,0.1394968032836914,0.9341974258422852,0.5781734585762024
YPL257W-A,YPR032W,0,0.504007,0.13947603106498718,0.9341974258422852,0.5782734751701355
YHR172W,YHL019C,0,0.50397706,0.13945527374744415,0.9341974258422852,0.5783734917640686
YOL100W,YDL204W,0,0.50396556,0.13943451642990112,0.9341974258422852,0.5784735679626465
YGR063C,YIL160C,0,0.5032592,0.1394137740135193,0.9341974258422852,0.5785735845565796
YJL170C,YCL027W,0,0.5031612,0.13939303159713745,0.9341974258422852,0.5786736011505127
YEL015W,YMR163C,0,0.5028537,0.1393723040819168,0.9341974258422852,0.5787736177444458
YNL331C,YIL039W,0,0.502635,0.13935157656669617,0.9341974258422852,0.5788736343383789
YLL062C,YOR240W,0,0.5019053,0.13933084905147552,0.9341974258422852,0.5789737105369568
YJL033W,YBL101W-A,0,0.50164247,0.13931013643741608,0.9341974258422852,0.5790737271308899
YOL018C,YER048W-A,0,0.50163424,0.13928942382335663,0.9341974258422852,0.579173743724823
YJL157C,YIR017C,0,0.50079143,0.13926872611045837,0.9341974258422852,0.5792737603187561
YOR080W,YMR165C,0,0.50034773,0.13924802839756012,0.9341974258422852,0.579373836517334
YOR151C,YMR165C,0,0.50023997,0.13922734558582306,0.9341974258422852,0.5794738531112671
YNR040W,YNL096C,0,0.49942625,0.139206662774086,0.9341974258422852,0.5795738697052002
YPL258C,YNR040W,0,0.49923488,0.13918597996234894,0.9341974258422852,0.5796738862991333
YIL112W,YML048W,0,0.4985793,0.13916531205177307,0.9341974258422852,0.5797739028930664
YJL014W,YNL310C,1,0.4978069,0.1392931342124939,0.9351944327354431,0.5797739028930664
YFL004W,YNL308C,0,0.49757612,0.13927245140075684,0.9351944327354431,0.5798739790916443
YOR201C,YPL028W,0,0.49585727,0.13925178349018097,0.9351944327354431,0.5799739956855774
YAL053W,YIL142W,1,0.4949935,0.13937954604625702,0.9361914396286011,0.5799739956855774
YEL015W,YLR099C,0,0.4943649,0.13935886323451996,0.9361914396286011,0.5800740122795105
YGL173C,YNL136W,0,0.49332952,0.1393381804227829,0.9361914396286011,0.5801740288734436
YBL101W-A,YER051W,0,0.493029,0.13931751251220703,0.9361914396286011,0.5802741050720215
YCR070W,YGR078C,1,0.49281067,0.13944518566131592,0.937188446521759,0.5802741050720215
YER036C,YBL020W,0,0.49280775,0.13942450284957886,0.937188446521759,0.5803741216659546
YNL293W,YDR093W,0,0.49206495,0.1394038200378418,0.937188446521759,0.5804741382598877
YNL217W,YPL257W-A,0,0.49193987,0.13938315212726593,0.937188446521759,0.5805741548538208
YEL021W,YNL149C,0,0.4915978,0.13936248421669006,0.937188446521759,0.5806742310523987
YCR009C,YHL024W,0,0.49151683,0.1393418312072754,0.937188446521759,0.5807742476463318
YOR240W,YPR108W,0,0.49097103,0.13932117819786072,0.937188446521759,0.5808742642402649
YNR011C,YFL041W,0,0.49031672,0.13930054008960724,0.937188446521759,0.580974280834198
YOR389W,YOR343W-A,0,0.490277,0.13927988708019257,0.937188446521759,0.5810742974281311
YDR315C,YOR374W,0,0.4901292,0.13925926387310028,0.937188446521759,0.581174373626709
YDR316W-A,YIL093C,0,0.49004143,0.1392386257648468,0.937188446521759,0.5812743902206421
YJL034W,YCR070W,1,0.4889605,0.13936612010002136,0.938185453414917,0.5812743902206421
YLR121C,YLR306W,0,0.48858842,0.13934548199176788,0.938185453414917,0.5813744068145752
YDR121W,YHR136C,0,0.48826927,0.1393248438835144,0.938185453414917,0.5814744234085083
YGR063C,YIR009W,0,0.48822123,0.13930422067642212,0.938185453414917,0.5815744996070862
YIL016W,YCR070W,1,0.4878065,0.13943161070346832,0.939182460308075,0.5815744996070862
YBL103C,YMR043W,0,0.4877119,0.13941098749637604,0.939182460308075,0.5816745162010193
YGL090W,YKR105C,0,0.48767844,0.13939034938812256,0.939182460308075,0.5817745327949524
YGR231C,YPL221W,1,0.48703748,0.139517679810524,0.9401794672012329,0.5817745327949524
YNR016C,YBR297W,0,0.48671144,0.1394970417022705,0.9401794672012329,0.5818745493888855
YBR245C,YKL034W,0,0.48616484,0.13947640359401703,0.9401794672012329,0.5819745659828186
YGR220C,YPL026C,0,0.4848988,0.13945578038692474,0.9401794672012329,0.5820746421813965
YNL207W,YPR032W,0,0.484535,0.13943515717983246,0.9401794672012329,0.5821746587753296
YGR008C,YDR103W,0,0.4845089,0.13941454887390137,0.9401794672012329,0.5822746753692627
YOR391C,YBL101W-A,0,0.48449615,0.13939394056797028,0.9401794672012329,0.5823746919631958
YJL065C,YJR135W-A,0,0.48403993,0.13937333226203918,0.9401794672012329,0.5824747681617737
YFR015C,YDR034C-C,0,0.48387614,0.1393527388572693,0.9401794672012329,0.5825747847557068
YNL146W,YML115C,0,0.48384124,0.1393321454524994,0.9401794672012329,0.5826748013496399
YBR198C,YBR035C,0,0.48380458,0.13931156694889069,0.9401794672012329,0.582774817943573
YBR058C-A,YOL149W,0,0.4834252,0.13929098844528198,0.9401794672012329,0.5828748345375061
YDR341C,YGL251C,0,0.48324072,0.13927042484283447,0.9401794672012329,0.582974910736084
YHR039C-B,YER184C,0,0.48243046,0.13924984633922577,0.9401794672012329,0.5830749273300171
YDR529C,YBL101W-A,0,0.48200846,0.13922929763793945,0.9401794672012329,0.5831749439239502
YBL017C,YFL041W,0,0.48165092,0.13920873403549194,0.9401794672012329,0.5832749605178833
YLL038C,YBR035C,0,0.48083112,0.13918818533420563,0.9401794672012329,0.5833750367164612
YIL109C,YBR231C,0,0.48082432,0.1391676515340805,0.9401794672012329,0.5834750533103943
YOR240W,YGR200C,0,0.4804896,0.13914711773395538,0.9401794672012329,0.5835750699043274
YBL017C,YNL129W,0,0.48023158,0.13912658393383026,0.9401794672012329,0.5836750864982605
YPL059W,YEL021W,0,0.47940493,0.13910606503486633,0.9401794672012329,0.5837751030921936
YMR036C,YPL195W,0,0.47905374,0.1390855461359024,0.9401794672012329,0.5838751792907715
YOR069W,YLR221C,0,0.47903913,0.13906502723693848,0.9401794672012329,0.5839751958847046
YJL162C,YMR200W,1,0.47816315,0.13919198513031006,0.9411764740943909,0.5839751958847046
YOR181W,YMR004W,0,0.47794476,0.13917145133018494,0.9411764740943909,0.5840752124786377
YNL281W,YCR070W,1,0.47752702,0.13929834961891174,0.9421734809875488,0.5840752124786377
YLR283W,YKR062W,0,0.47690928,0.13927781581878662,0.9421734809875488,0.5841752290725708
YHL024W,YJR001W,0,0.47679234,0.1392572969198227,0.9421734809875488,0.5842753052711487
YFR041C,YDL204W,0,0.47661388,0.13923677802085876,0.9421734809875488,0.5843753218650818
YDR316W-A,YDL144C,0,0.47653973,0.13921625912189484,0.9421734809875488,0.5844753384590149
YDR425W,YLR337W,0,0.47639346,0.1391957551240921,0.9421734809875488,0.584575355052948
YDR034C-C,YNL339C,0,0.4763277,0.13917525112628937,0.9421734809875488,0.5846754312515259
YLR008C,YDR236C,0,0.4761836,0.13915476202964783,0.9421734809875488,0.584775447845459
YKR062W,YPL026C,0,0.4761135,0.1391342729330063,0.9421734809875488,0.5848754644393921
YDR347W,YHR039C-B,0,0.47567523,0.13911379873752594,0.9421734809875488,0.5849754810333252
YFR041C,YPR098C,0,0.47559312,0.1390933245420456,0.9421734809875488,0.5850754976272583
YJL157C,YKR061W,0,0.4752907,0.13907285034656525,0.9421734809875488,0.5851755738258362
YGL229C,YOR127W,0,0.47507015,0.1390523910522461,0.9421734809875488,0.5852755904197693
YDR052C,YDL006W,0,0.47478992,0.13903193175792694,0.9421734809875488,0.5853756070137024
YDL210W,YGL123W,0,0.47470006,0.1390114724636078,0.9421734809875488,0.5854756236076355
YCR092C,YAL062W,0,0.47463134,0.13899102807044983,0.9421734809875488,0.5855756998062134
YBL103C,YJL219W,0,0.4745666,0.13897058367729187,0.9421734809875488,0.5856757164001465
YNL330C,YNL146W,0,0.47456324,0.1389501541852951,0.9421734809875488,0.5857757329940796
YBR050C,YPR032W,0,0.47402626,0.13892972469329834,0.9421734809875488,0.5858757495880127
YOR240W,YFR007W,0,0.47352213,0.13890931010246277,0.9421734809875488,0.5859757661819458
YJR009C,YMR303C,0,0.47253793,0.1388888955116272,0.9421734809875488,0.5860758423805237
YLR172C,YER045C,0,0.47234872,0.13886848092079163,0.9421734809875488,0.5861758589744568
YJR094W-A,YEL061C,0,0.47208327,0.13884808123111725,0.9421734809875488,0.5862758755683899
YHL009W-B,YFL029C,0,0.47181597,0.13882768154144287,0.9421734809875488,0.586375892162323
YKL135C,YDR329C,0,0.47177505,0.1388072818517685,0.9421734809875488,0.5864759683609009
YOR047C,YDR103W,0,0.4716467,0.1387868970632553,0.9421734809875488,0.586575984954834
YDR316W-A,YGR002C,0,0.47146758,0.13876652717590332,0.9421734809875488,0.5866760015487671
YKR014C,YDR118W,0,0.47096205,0.13874614238739014,0.9421734809875488,0.5867760181427002
YPL051W,YFL002W-A,0,0.47091293,0.13872577250003815,0.9421734809875488,0.5868760347366333
YDR341C,YLR337W,0,0.47090542,0.13870541751384735,0.9421734809875488,0.5869761109352112
YFL036W,YPL022W,0,0.47080493,0.13868506252765656,0.9421734809875488,0.5870761275291443
YFR015C,YKL158W,0,0.47055644,0.13866470754146576,0.9421734809875488,0.5871761441230774
YMR100W,YLR286C,0,0.4701007,0.13864436745643616,0.9421734809875488,0.5872761607170105
YLR356W,YOR240W,0,0.47009754,0.13862402737140656,0.9421734809875488,0.5873762369155884
YKL117W,YCR070W,1,0.47003967,0.138750359416008,0.9431704878807068,0.5873762369155884
YER007W,YNL244C,0,0.46942043,0.1387300193309784,0.9431704878807068,0.5874762535095215
YHR039C-B,YMR152W,0,0.469346,0.1387096792459488,0.9431704878807068,0.5875762701034546
YCR070W,YOR265W,1,0.4692846,0.13883595168590546,0.9441674947738647,0.5875762701034546
YPL177C,YEL017C-A,0,0.4690351,0.13881559669971466,0.9441674947738647,0.5876762866973877
YER174C,YBR213W,0,0.46882138,0.13879525661468506,0.9441674947738647,0.5877763032913208
YFL016C,YCR070W,1,0.46881372,0.13892145454883575,0.9451645016670227,0.5877763032913208
YGL232W,YDR103W,0,0.46866852,0.13890109956264496,0.9451645016670227,0.5878763794898987
YAL003W,YLR337W,0,0.4685378,0.13888074457645416,0.9451645016670227,0.5879763960838318
YPL220W,YLR337W,0,0.46828213,0.13886040449142456,0.9451645016670227,0.5880764126777649
YHR039C-B,YNL119W,0,0.46827152,0.13884006440639496,0.9451645016670227,0.588176429271698
YCL059C,YBL101W-A,0,0.46819156,0.13881973922252655,0.9451645016670227,0.5882765054702759
YPL271W,YCL047C,0,0.46817252,0.13879941403865814,0.9451645016670227,0.588376522064209
YJR032W,YCR070W,1,0.4681368,0.1389254927635193,0.9461615085601807,0.588376522064209
YDL231C,YOR348C,0,0.4680535,0.13890515267848969,0.9461615085601807,0.5884765386581421
YMR171C,YDR054C,0,0.46791527,0.13888482749462128,0.9461615085601807,0.5885765552520752
YCR060W,YCR070W,1,0.46789008,0.13901083171367645,0.9471585154533386,0.5885765552520752
YKL109W,YOR240W,0,0.4678605,0.13899049162864685,0.9471585154533386,0.5886766314506531
YMR100W,YPL189C-A,0,0.46784383,0.13897015154361725,0.9471585154533386,0.5887766480445862
YCL048W-A,YPL149W,0,0.46784383,0.13894982635974884,0.9471585154533386,0.5888766646385193
YAR070W-A,YAL062W,0,0.46784383,0.13892951607704163,0.9471585154533386,0.5889766812324524
YNR016C,YAR070W-A,0,0.46784383,0.13890919089317322,0.9471585154533386,0.5890766978263855
YLR312C-B,YJR143C,0,0.46784383,0.1388888955116272,0.9471585154533386,0.5891767740249634
YPL189C-A,YJL125C,0,0.46784383,0.13886858522891998,0.9471585154533386,0.5892767906188965
YOR240W,YOR211C,0,0.46784383,0.13884828984737396,0.9471585154533386,0.5893768072128296
YPL189C-A,YPL172C,0,0.46784383,0.13882799446582794,0.9471585154533386,0.5894768238067627
YFR037C,YPL189C-A,0,0.46784383,0.13880771398544312,0.9471585154533386,0.5895769000053406
YHR214W-G,YIL112W,0,0.46784383,0.1387874335050583,0.9471585154533386,0.5896769165992737
YAR070W-A,YMR285C,0,0.46784383,0.13876716792583466,0.9471585154533386,0.5897769331932068
YPL189C-A,YGR200C,0,0.46784383,0.13874690234661102,0.9471585154533386,0.5898769497871399
YAR070W-A,YOL080C,0,0.46784383,0.1387266367673874,0.9471585154533386,0.589976966381073
YOL156W,YPL096C-A,0,0.46784383,0.13870638608932495,0.9471585154533386,0.5900770425796509
YBL101W-A,YKR050W,0,0.46784383,0.1386861354112625,0.9471585154533386,0.590177059173584
YFL029C,YPL096C-A,0,0.46784383,0.13866588473320007,0.9471585154533386,0.5902770757675171
YLR312C-B,YOR288C,0,0.46784383,0.13864564895629883,0.9471585154533386,0.5903770923614502
YDL109C,YAR070W-A,0,0.46784383,0.13862541317939758,0.9471585154533386,0.5904771685600281
YGR104C,YPL096C-A,0,0.46784383,0.13860519230365753,0.9471585154533386,0.5905771851539612
YCL048W-A,YML063W,0,0.46784383,0.13858497142791748,0.9471585154533386,0.5906772017478943
YCL048W-A,YBR097W,0,0.46784383,0.13856476545333862,0.9471585154533386,0.5907772183418274
YMR130W,YCL048W-A,0,0.46784383,0.13854455947875977,0.9471585154533386,0.5908772349357605
YAR070W-A,YPL092W,0,0.46784383,0.1385243535041809,0.9471585154533386,0.5909773111343384
YHR214W-G,YDR139C,0,0.46784383,0.13850416243076324,0.9471585154533386,0.5910773277282715
YPL096C-A,YLR221C,0,0.46784383,0.13848397135734558,0.9471585154533386,0.5911773443222046
YLR364W,YCL048W-A,0,0.46784383,0.13846378028392792,0.9471585154533386,0.5912773609161377
YCR029C-A,YBL022C,0,0.46784383,0.13844360411167145,0.9471585154533386,0.5913774371147156
YCR029C-A,YBR291C,0,0.46784383,0.13842342793941498,0.9471585154533386,0.5914774537086487
YCL048W-A,YOR014W,0,0.46784383,0.1384032666683197,0.9471585154533386,0.5915774703025818
YCR029C-A,YBR245C,0,0.46784383,0.13838310539722443,0.9471585154533386,0.5916774868965149
YPL096C-A,YBR241C,0,0.46784383,0.13836294412612915,0.9471585154533386,0.591777503490448
YML094W,YAR070W-A,0,0.46784383,0.13834279775619507,0.9471585154533386,0.5918775796890259
YER159C-A,YAR044W,0,0.46784383,0.138322651386261,0.9471585154533386,0.591977596282959
YLR312C-B,YOR315W,0,0.46784383,0.1383025199174881,0.9471585154533386,0.5920776128768921
YLR312C-B,YDR014W,0,0.46784383,0.1382823884487152,0.9471585154533386,0.5921776294708252
YPL189C-A,YNL339C,0,0.46784383,0.13826225697994232,0.9471585154533386,0.5922777056694031
YBL078C,YCR029C-A,0,0.46784383,0.13824214041233063,0.9471585154533386,0.5923777222633362
YOR131C,YAR070W-A,0,0.46784383,0.13822202384471893,0.9471585154533386,0.5924777388572693
YPL189C-A,YHR017W,0,0.46784383,0.13820192217826843,0.9471585154533386,0.5925777554512024
YML009C,YLR337W,0,0.46784383,0.13818182051181793,0.9471585154533386,0.5926778316497803
YJR104C,YHR214W-G,0,0.46784383,0.13816171884536743,0.9471585154533386,0.5927778482437134
YPL189C-A,YHL032C,0,0.46784383,0.13814163208007812,0.9471585154533386,0.5928778648376465
YMR264W,YHR214W-G,0,0.46784383,0.13812154531478882,0.9471585154533386,0.5929778814315796
YCL048W-A,YER020W,0,0.46784383,0.1381014734506607,0.9471585154533386,0.5930778980255127
YCR029C-A,YPL101W,0,0.46784383,0.1380814015865326,0.9471585154533386,0.5931779742240906
YBR156C,YCR029C-A,0,0.46784383,0.13806132972240448,0.9471585154533386,0.5932779908180237
YMR281W,YCL048W-A,0,0.46784383,0.13804127275943756,0.9471585154533386,0.5933780074119568
YFL004W,YCR029C-A,0,0.46784383,0.13802121579647064,0.9471585154533386,0.5934780240058899
YHL044W,YPL096C-A,0,0.46784383,0.13800115883350372,0.9471585154533386,0.5935781002044678
YCR029C-A,YDR510W,0,0.46784383,0.137981116771698,0.9471585154533386,0.5936781167984009
YDR503C,YPL189C-A,0,0.46784383,0.13796107470989227,0.9471585154533386,0.593778133392334
YPL189C-A,YOL125W,0,0.46784383,0.13794104754924774,0.9471585154533386,0.5938781499862671
YHR215W,YAR070W-A,0,0.46784383,0.1379210203886032,0.9471585154533386,0.5939781665802002
YDR036C,YPL189C-A,0,0.46784383,0.13790100812911987,0.9471585154533386,0.5940782427787781
YLR312C-B,YHR010W,0,0.46784383,0.13788098096847534,0.9471585154533386,0.5941782593727112
YPL096C-A,YLR074C,0,0.46784383,0.1378609836101532,0.9471585154533386,0.5942782759666443
YCL048W-A,YDR169C,0,0.46784383,0.13784097135066986,0.9471585154533386,0.5943782925605774
YCL048W-A,YOR326W,0,0.46784383,0.13782097399234772,0.9471585154533386,0.5944783687591553
YLR439W,YPL096C-A,0,0.46784383,0.13780099153518677,0.9471585154533386,0.5945783853530884
YFL029C,YLR337W,0,0.46784383,0.13778099417686462,0.9471585154533386,0.5946784019470215
YCR029C-A,YGR054W,0,0.46784383,0.13776102662086487,0.9471585154533386,0.5947784185409546
YAR070W-A,YHR129C,0,0.46784383,0.13774104416370392,0.9471585154533386,0.5948784351348877
YPL096C-A,YIL124W,0,0.46784383,0.13772107660770416,0.9471585154533386,0.5949785113334656
YMR086W,YHR214W-G,0,0.46784383,0.1377011090517044,0.9471585154533386,0.5950785279273987
YPL096C-A,YJR029W,0,0.46784383,0.13768115639686584,0.9471585154533386,0.5951785445213318
YPL189C-A,YPR108W,0,0.46784383,0.13766120374202728,0.9471585154533386,0.5952785611152649
YBR058C,YHR214W-G,0,0.46784383,0.13764126598834991,0.9471585154533386,0.5953786373138428
YLR312C-B,YDR074W,0,0.46784383,0.13762132823467255,0.9471585154533386,0.5954786539077759
YPL096C-A,YMR285C,0,0.46784383,0.13760139048099518,0.9471585154533386,0.595578670501709
YHR214W-G,YDR158W,0,0.46784383,0.137581467628479,0.9471585154533386,0.5956786870956421
YCL048W-A,YNL325C,0,0.46784383,0.13756154477596283,0.9471585154533386,0.59577876329422
YDL038C,YCL057C-A,0,0.46784383,0.13754162192344666,0.9471585154533386,0.5958787798881531
YDR170W-A,YBL101W-A,0,0.46784383,0.13752171397209167,0.9471585154533386,0.5959787964820862
YMR128W,YBL101W-A,0,0.46784383,0.1375018060207367,0.9471585154533386,0.5960788130760193
YPL096C-A,YML048W,0,0.46784383,0.1374819129705429,0.9471585154533386,0.5961788296699524
YDR320C-A,YMR045C,0,0.46784383,0.13746201992034912,0.9471585154533386,0.5962789058685303
YCR029C-A,YHR052W,0,0.46784383,0.13744212687015533,0.9471585154533386,0.5963789224624634
YLR312C-B,YJR135W-A,0,0.46784383,0.13742224872112274,0.9471585154533386,0.5964789390563965
YLR312C-B,YOR257W,0,0.46784383,0.13740237057209015,0.9471585154533386,0.5965789556503296
YLR312C-B,YDR400W,0,0.46784383,0.13738250732421875,0.9471585154533386,0.5966790318489075
YCL048W-A,YJL221C,0,0.46784383,0.13736264407634735,0.9471585154533386,0.5967790484428406
YPL096C-A,YDR362C,0,0.46784383,0.13734278082847595,0.9471585154533386,0.5968790650367737
YJR065C,YHR214W-G,0,0.46784383,0.13732293248176575,0.9471585154533386,0.5969790816307068
YMR307W,YAR070W-A,0,0.46784383,0.13730308413505554,0.9471585154533386,0.5970790982246399
YOR240W,YPR070W,0,0.46784383,0.13728323578834534,0.9471585154533386,0.5971791744232178
YPL096C-A,YNL128W,0,0.46784383,0.13726340234279633,0.9471585154533386,0.5972791910171509
YGR159C,YPL189C-A,0,0.46784383,0.13724356889724731,0.9471585154533386,0.597379207611084
YHR214W-G,YDR534C,0,0.46784383,0.1372237503528595,0.9471585154533386,0.5974792242050171
YCR029C-A,YOR075W,0,0.46784383,0.13720393180847168,0.9471585154533386,0.597579300403595
YCL048W-A,YLR032W,0,0.46784383,0.13718411326408386,0.9471585154533386,0.5976793169975281
YIR006C,YHR039C-B,0,0.46784383,0.13716430962085724,0.9471585154533386,0.5977793335914612
YML015C,YHR214W-G,0,0.46784383,0.13714450597763062,0.9471585154533386,0.5978793501853943
YER173W,YAR070W-A,0,0.46784383,0.13712471723556519,0.9471585154533386,0.5979793667793274
YHR214W-G,YER020W,0,0.46784383,0.13710492849349976,0.9471585154533386,0.5980794429779053
YCR029C-A,YER020W,0,0.46784383,0.13708513975143433,0.9471585154533386,0.5981794595718384
YHR214W-G,YCR010C,0,0.46784383,0.1370653659105301,0.9471585154533386,0.5982794761657715
YIL150C,YPL189C-A,0,0.46784383,0.13704559206962585,0.9471585154533386,0.5983794927597046
YHR039C-B,YNL289W,0,0.46784383,0.13702581822872162,0.9471585154533386,0.5984795689582825
YLR035C-A,YOR240W,0,0.46784383,0.13700605928897858,0.9471585154533386,0.5985795855522156
YDR261W-B,YBR058C-A,0,0.46784383,0.13698630034923553,0.9471585154533386,0.5986796021461487
YMR235C,YHR214W-G,0,0.46784383,0.1369665563106537,0.9471585154533386,0.5987796187400818
YPL096C-A,YCR047C,0,0.46784383,0.13694681227207184,0.9471585154533386,0.5988796353340149
YBL101W-A,YDR034C-C,0,0.46784383,0.13692706823349,0.9471585154533386,0.5989797115325928
YCR029C-A,YKL059C,0,0.46784383,0.13690733909606934,0.9471585154533386,0.5990797281265259
YOR201C,YCL048W-A,0,0.46784383,0.13688760995864868,0.9471585154533386,0.599179744720459
YLR312C-B,YGR071C,0,0.46784383,0.13686788082122803,0.9471585154533386,0.5992797613143921
YLR312C-B,YNL191W,0,0.46784383,0.13684816658496857,0.9471585154533386,0.59937983751297
YOR182C,YHR214W-G,0,0.46784383,0.1368284672498703,0.9471585154533386,0.5994798541069031
YJR160C,YPL096C-A,0,0.46784383,0.13680875301361084,0.9471585154533386,0.5995798707008362
YCR029C-A,YGR075C,0,0.46784383,0.13678905367851257,0.9471585154533386,0.5996798872947693
YCR029C-A,YLR212C,0,0.46784383,0.1367693692445755,0.9471585154533386,0.5997799634933472
YCR029C-A,YDR318W,0,0.46784383,0.13674966990947723,0.9471585154533386,0.5998799800872803
YLR312C-B,YEL021W,0,0.46784383,0.13673000037670135,0.9471585154533386,0.5999799966812134
YNL101W,YAR070W-A,0,0.46784383,0.13671031594276428,0.9471585154533386,0.6000800132751465
YGR009C,YPL189C-A,0,0.46784383,0.1366906464099884,0.9471585154533386,0.6001800298690796
YCL048W-A,YOR233W,0,0.46784383,0.13667097687721252,0.9471585154533386,0.6002801060676575
YNL159C,YPL096C-A,0,0.46784383,0.13665132224559784,0.9471585154533386,0.6003801226615906
YPL189C-A,YGR191W,0,0.46784383,0.13663166761398315,0.9471585154533386,0.6004801392555237
YPL189C-A,YGR061C,0,0.46784383,0.13661202788352966,0.9471585154533386,0.6005801558494568
YPL189C-A,YLR467W,0,0.46784383,0.13659237325191498,0.9471585154533386,0.6006802320480347
YLR312C-B,YMR188C,0,0.46784383,0.13657274842262268,0.9471585154533386,0.6007802486419678
YPL189C-A,YOL019W,0,0.46784383,0.1365531086921692,0.9471585154533386,0.6008802652359009
YOR343W-A,YKL158W,0,0.46784383,0.1365334838628769,0.9471585154533386,0.600980281829834
YLR312C-B,YJR145C,0,0.46784383,0.1365138739347458,0.9471585154533386,0.6010802984237671
YOR131C,YDR400W,0,0.46781376,0.1364942491054535,0.9471585154533386,0.601180374622345
YDL114W,YGL157W,0,0.4670618,0.1364746391773224,0.9471585154533386,0.6012803912162781
YDL229W,YBL010C,0,0.46705619,0.13645504415035248,0.9471585154533386,0.6013804078102112
YFL044C,YEL061C,0,0.46666086,0.13643544912338257,0.9471585154533386,0.6014804244041443
YPR016C,YOL056W,0,0.4666025,0.13641585409641266,0.9471585154533386,0.6015805006027222
YDR088C,YLR438C-A,0,0.466345,0.13639627397060394,0.9471585154533386,0.6016805171966553
YGL128C,YBR024W,0,0.46620643,0.13637669384479523,0.9471585154533386,0.6017805337905884
YDR297W,YKL010C,0,0.46524483,0.1363571137189865,0.9471585154533386,0.6018805503845215
YOR381W,YHR181W,0,0.46482253,0.136337548494339,0.9471585154533386,0.6019805669784546
YMR130W,YGR063C,0,0.46471387,0.13631798326969147,0.9471585154533386,0.6020806431770325
YGR262C,YDR101C,0,0.46403587,0.13629841804504395,0.9471585154533386,0.6021806597709656
YKL179C,YJL106W,0,0.46403456,0.13627886772155762,0.9471585154533386,0.6022806763648987
YOR047C,YML015C,0,0.46393067,0.1362593173980713,0.9471585154533386,0.6023806929588318
YGR154C,YOL149W,0,0.46385676,0.13623978197574615,0.9471585154533386,0.6024807691574097
YBR291C,YJL065C,0,0.46308634,0.13622024655342102,0.9471585154533386,0.6025807857513428
YLR086W,YHR044C,0,0.46267474,0.1362007111310959,0.9471585154533386,0.6026808023452759
YJR022W,YMR026C,0,0.46266457,0.13618119060993195,0.9471585154533386,0.602780818939209
YLR090W,YJR015W,0,0.46262285,0.136161670088768,0.9471585154533386,0.6028808355331421
YNL280C,YCR092C,0,0.46231085,0.13614216446876526,0.9471585154533386,0.60298091173172
YJR135C,YBR297W,0,0.46195537,0.1361226588487625,0.9471585154533386,0.6030809283256531
YCR096C,YBL060W,0,0.46187884,0.13610315322875977,0.9471585154533386,0.6031809449195862
YER056C-A,YCL075W,0,0.46119004,0.1360836625099182,0.9471585154533386,0.6032809615135193
YOL100W,YDR523C,0,0.46075815,0.13606417179107666,0.9471585154533386,0.6033810377120972
YEL061C,YPL028W,0,0.46064502,0.1360446810722351,0.9471585154533386,0.6034810543060303
YDR013W,YML077W,0,0.46038464,0.13602520525455475,0.9471585154533386,0.6035810708999634
YDR056C,YOR269W,0,0.45993492,0.1360057294368744,0.9471585154533386,0.6036810874938965
YCR075C,YNL268W,0,0.4596489,0.13598625361919403,0.9471585154533386,0.6037811636924744
YDR279W,YKR038C,0,0.45914963,0.13596679270267487,0.9471585154533386,0.6038811802864075
YJL170C,YDR077W,0,0.4591305,0.1359473317861557,0.9471585154533386,0.6039811968803406
YNL330C,YNL322C,0,0.45875853,0.13592788577079773,0.9471585154533386,0.6040812134742737
YLR266C,YJR097W,0,0.4586728,0.13590843975543976,0.9471585154533386,0.6041812300682068
YAR015W,YPL028W,0,0.4581956,0.1358889937400818,0.9471585154533386,0.6042813062667847
YGL136C,YCR037C,0,0.4580814,0.135869562625885,0.9471585154533386,0.6043813228607178
YER140W,YOL071W,0,0.4576591,0.13585013151168823,0.9471585154533386,0.6044813394546509
YJR145C,YMR051C,0,0.45758107,0.13583071529865265,0.9471585154533386,0.604581356048584
YML074C,YHR036W,0,0.45740518,0.13581129908561707,0.9471585154533386,0.6046814322471619
YHR171W,YNL054W-B,0,0.45717442,0.13579188287258148,0.9471585154533386,0.604781448841095
YBR158W,YPR073C,0,0.45713395,0.1357724666595459,0.9471585154533386,0.6048814654350281
YPR168W,YPL159C,0,0.4566951,0.1357530653476715,0.9471585154533386,0.6049814820289612
YPR137C-B,YOR076C,0,0.45647165,0.1357336789369583,0.9471585154533386,0.6050814986228943
YBR058C,YLR430W,0,0.4560929,0.13571429252624512,0.9471585154533386,0.6051815748214722
YMR043W,YPL149W,0,0.45529053,0.13569490611553192,0.9471585154533386,0.6052815914154053
YLR357W,YPL153C,0,0.4552899,0.13567551970481873,0.9471585154533386,0.6053816080093384
YJL129C,YKL183W,0,0.45335153,0.13565614819526672,0.9471585154533386,0.6054816246032715
YDR495C,YPR156C,0,0.4529201,0.13563677668571472,0.9471585154533386,0.6055817008018494
YPR186C,YBR297W,0,0.4529118,0.1356174200773239,0.9471585154533386,0.6056817173957825
YDL210W,YCL059C,0,0.45279348,0.1355980634689331,0.9471585154533386,0.6057817339897156
YHR046C,YJL097W,0,0.45248199,0.1355787068605423,0.9471585154533386,0.6058817505836487
YMR043W,YLR127C,0,0.45132577,0.13555936515331268,0.9471585154533386,0.6059817671775818
YDR239C,YHR013C,0,0.45128772,0.13554002344608307,0.9471585154533386,0.6060818433761597
YLR283W,YNL112W,0,0.4509624,0.13552068173885345,0.9471585154533386,0.6061818599700928
YLR106C,YMR303C,0,0.45081872,0.13550135493278503,0.9471585154533386,0.6062818765640259
YGL119W,YBR033W,0,0.450292,0.1354820281267166,0.9471585154533386,0.606381893157959
YOR069W,YDR239C,0,0.4490649,0.1354627162218094,0.9471585154533386,0.6064819693565369
YDR379W,YEL021W,0,0.44904923,0.13544340431690216,0.9471585154533386,0.60658198595047
YLR238W,YGL035C,0,0.4480555,0.13542409241199493,0.9471585154533386,0.6066820025444031
YOR179C,YNL054W-B,0,0.44796866,0.1354047954082489,0.9471585154533386,0.6067820191383362
YJL157C,YOL003C,0,0.44782048,0.13538549840450287,0.9471585154533386,0.6068820357322693
YDL205C,YDR231C,0,0.44721523,0.13536620140075684,0.9471585154533386,0.6069821119308472
YOR384W,YMR100W,0,0.44697767,0.135346919298172,0.9471585154533386,0.6070821285247803
YML104C,YOR228C,0,0.44691187,0.13532763719558716,0.9471585154533386,0.6071821451187134
YOR066W,YML115C,0,0.4469118,0.13530835509300232,0.9471585154533386,0.6072821617126465
YDL229W,YDR376W,0,0.44645867,0.13528908789157867,0.9471585154533386,0.6073822379112244
YJR110W,YLR438C-A,0,0.4464288,0.13526982069015503,0.9471585154533386,0.6074822545051575
YDR224C,YDR088C,0,0.44607592,0.13525056838989258,0.9471585154533386,0.6075822710990906
YGR188C,YMR165C,0,0.44601542,0.13523131608963013,0.9471585154533386,0.6076822876930237
YBR245C,YDL082W,0,0.44577378,0.13521206378936768,0.9471585154533386,0.6077823638916016
YJL164C,YDR298C,0,0.44547564,0.13519282639026642,0.9471585154533386,0.6078823804855347
YAL008W,YER106W,0,0.44487923,0.13517358899116516,0.9471585154533386,0.6079823970794678
YMR070W,YGL229C,0,0.44474417,0.1351543664932251,0.9471585154533386,0.6080824136734009
YDL210W,YJR160C,0,0.44382244,0.13513512909412384,0.9471585154533386,0.608182430267334
YLR212C,YKL024C,0,0.4435246,0.13511592149734497,0.9471585154533386,0.6082825064659119
YOR343W-A,YDR252W,0,0.4431168,0.1350966989994049,0.9471585154533386,0.608382523059845
YOR116C,YMR221C,0,0.44235593,0.13507749140262604,0.9471585154533386,0.6084825396537781
YDR219C,YDR252W,0,0.44223356,0.13505828380584717,0.9471585154533386,0.6085825562477112
YDR326C,YNL289W,0,0.44111273,0.1350390911102295,0.9471585154533386,0.6086826324462891
YDR139C,YER147C,0,0.44095784,0.13501989841461182,0.9471585154533386,0.6087826490402222
YDR523C,YML063W,0,0.44060987,0.13500070571899414,0.9471585154533386,0.6088826656341553
YFR008W,YOL157C,0,0.44029552,0.13498152792453766,0.9471585154533386,0.6089826822280884
YBR087W,YPR122W,0,0.43989888,0.13496235013008118,0.9471585154533386,0.6090826988220215
YEL059C-A,YDL067C,0,0.43983072,0.1349431872367859,0.9471585154533386,0.6091827750205994
YIL074C,YKL212W,0,0.43960935,0.1349240094423294,0.9471585154533386,0.6092827916145325
YHL047C,YLR040C,0,0.43954685,0.1349048614501953,0.9471585154533386,0.6093828082084656
YNR016C,YGR014W,0,0.4390262,0.13488569855690002,0.9471585154533386,0.6094828248023987
YDL137W,YJR155W,0,0.43887562,0.13486655056476593,0.9471585154533386,0.6095829010009766
YGR076C,YDR402C,0,0.43871573,0.13484740257263184,0.9471585154533386,0.6096829175949097
YGL205W,YGL040C,0,0.4386325,0.13482826948165894,0.9471585154533386,0.6097829341888428
YIL109C,YLR396C,0,0.43822673,0.13480913639068604,0.9471585154533386,0.6098829507827759
YJL133W,YPL103C,0,0.43781534,0.13479001820087433,0.9471585154533386,0.609982967376709
YML124C,YDL144C,0,0.4373306,0.13477088510990143,0.9471585154533386,0.6100830435752869
YDR074W,YIR006C,0,0.4373107,0.13475176692008972,0.9471585154533386,0.61018306016922
YLR373C,YEL054C,0,0.43701872,0.1347326636314392,0.9471585154533386,0.6102830767631531
YGL120C,YMR188C,0,0.43660337,0.1347135603427887,0.9471585154533386,0.6103830933570862
YOR155C,YPL204W,0,0.43592924,0.13469445705413818,0.9471585154533386,0.6104831695556641
YBR101C,YDL229W,1,0.43583965,0.13481712341308594,0.9481555223464966,0.6104831695556641
YMR224C,YOR131C,0,0.43549198,0.13479802012443542,0.9481555223464966,0.6105831861495972
YBR267W,YFL002W-A,0,0.43511608,0.1347789168357849,0.9481555223464966,0.6106832027435303
YMR298W,YBR286W,0,0.43491346,0.1347598135471344,0.9481555223464966,0.6107832193374634
YJR135C,YNL135C,0,0.43423986,0.13474072515964508,0.9481555223464966,0.6108832359313965
YMR211W,YPL143W,0,0.4334762,0.13472163677215576,0.9481555223464966,0.6109833121299744
YEL065W,YPR166C,0,0.4334281,0.13470254838466644,0.9481555223464966,0.6110833287239075
YHR092C,YGR061C,0,0.43209237,0.13468347489833832,0.9481555223464966,0.6111833453178406
YOR384W,YOR315W,0,0.43203166,0.1346644014120102,0.9481555223464966,0.6112833619117737
YEL013W,YDL180W,0,0.43183523,0.13464532792568207,0.9481555223464966,0.6113834381103516
YLR370C,YFL037W,0,0.43147814,0.13462626934051514,0.9481555223464966,0.6114834547042847
YOR257W,YER088C,0,0.43141413,0.1346072256565094,0.9481555223464966,0.6115834712982178
YOL018C,YNL158W,0,0.4312871,0.13458816707134247,0.9481555223464966,0.6116834878921509
YMR130W,YNL129W,0,0.43115157,0.13456912338733673,0.9481555223464966,0.6117835640907288
YMR257C,YBR198C,0,0.4310488,0.134550079703331,0.9481555223464966,0.6118835806846619
YPL157W,YDR014W,0,0.43100685,0.13453105092048645,0.9481555223464966,0.611983597278595
YDR279W,YNL185C,0,0.43086326,0.1345120221376419,0.9481555223464966,0.6120836138725281
YMR056C,YDR393W,0,0.43078333,0.13449299335479736,0.9481555223464966,0.6121836304664612
YLR090W,YGL227W,0,0.43068993,0.134473979473114,0.9481555223464966,0.6122837066650391
YPL206C,YDR362C,0,0.43063095,0.13445496559143066,0.9481555223464966,0.6123837232589722
YER048W-A,YMR152W,0,0.42952633,0.1344359666109085,0.9481555223464966,0.6124837398529053
YJL090C,YDR231C,0,0.42880756,0.13441696763038635,0.9481555223464966,0.6125837564468384
YJL153C,YDR534C,0,0.4274525,0.1343979686498642,0.9481555223464966,0.6126838326454163
YIL070C,YJR097W,0,0.42649382,0.13437896966934204,0.9481555223464966,0.6127838492393494
YDR219C,YPL231W,0,0.42617822,0.13435998558998108,0.9481555223464966,0.6128838658332825
YOR192C-B,YAR007C,0,0.4254295,0.13434100151062012,0.9481555223464966,0.6129838824272156
YPL051W,YGR188C,0,0.42542842,0.13432203233242035,0.9481555223464966,0.6130838990211487
YIL026C,YKL164C,0,0.4253515,0.13430306315422058,0.9481555223464966,0.6131839752197266
YPR005C,YDR093W,0,0.42523032,0.1342840939760208,0.9481555223464966,0.6132839918136597
YBL054W,YJR094W-A,0,0.42485875,0.13426513969898224,0.9481555223464966,0.6133840084075928
YPR048W,YHL036W,0,0.42442042,0.13424618542194366,0.9481555223464966,0.6134840250015259
YGL135W,YGL035C,0,0.42420805,0.13422724604606628,0.9481555223464966,0.6135841012001038
YOL019W,YPL123C,0,0.4236008,0.1342082917690277,0.9481555223464966,0.6136841177940369
YML094W,YCL066W,0,0.42323247,0.13418936729431152,0.9481555223464966,0.61378413438797
YGL137W,YOR192C-A,0,0.42250293,0.13417042791843414,0.9481555223464966,0.6138841509819031
YJL014W,YAL058W,1,0.42243868,0.1342925727367401,0.9491525292396545,0.6138841509819031
YOL067C,YOL125W,0,0.4215873,0.13427361845970154,0.9491525292396545,0.6139841675758362
YIL150C,YPL038W,0,0.4214908,0.13425469398498535,0.9491525292396545,0.6140842437744141
YPR137C-B,YNL331C,0,0.42132244,0.13423575460910797,0.9491525292396545,0.6141842603683472
YDR376W,YLR246W,0,0.42128837,0.13421683013439178,0.9491525292396545,0.6142842769622803
YDR265W,YNL289W,0,0.42050788,0.1341979205608368,0.9491525292396545,0.6143842935562134
YPL172C,YBR122C,0,0.42020044,0.1341789960861206,0.9491525292396545,0.6144843697547913
YNL015W,YMR312W,0,0.4201624,0.1341600865125656,0.9491525292396545,0.6145843863487244
YDR231C,YML009C,0,0.42013234,0.13414119184017181,0.9491525292396545,0.6146844029426575
YOL139C,YER173W,0,0.41896343,0.13412228226661682,0.9491525292396545,0.6147844195365906
YJL164C,YPR178W,0,0.41894197,0.13410338759422302,0.9491525292396545,0.6148844361305237
YGR241C,YJR076C,0,0.41868013,0.13408450782299042,0.9491525292396545,0.6149845123291016
YOR343W-A,YNL244C,0,0.41799197,0.1340656280517578,0.9491525292396545,0.6150845289230347
YDR316W-A,YOL031C,0,0.41798007,0.1340467482805252,0.9491525292396545,0.6151845455169678
YPR031W,YBL023C,0,0.41789412,0.1340278685092926,0.9491525292396545,0.6152845621109009
YML040W,YGR014W,0,0.41785046,0.1340090036392212,0.9491525292396545,0.6153846383094788
YLR192C,YER082C,0,0.41749942,0.13399015367031097,0.9491525292396545,0.6154846549034119
YCR094W,YBR185C,0,0.417327,0.13397128880023956,0.9491525292396545,0.615584671497345
YOR116C,YOR332W,0,0.41723287,0.13395243883132935,0.9491525292396545,0.6156846880912781
YGR058W,YHL036W,0,0.4167747,0.13393358886241913,0.9491525292396545,0.615784764289856
YGL185C,YDR368W,0,0.41579562,0.1339147537946701,0.9491525292396545,0.6158847808837891
YKL004W,YGR063C,0,0.415554,0.13389591872692108,0.9491525292396545,0.6159847974777222
YJL073W,YGL018C,1,0.41520807,0.1340177208185196,0.9501495361328125,0.6159847974777222
YOR181W,YPR186C,0,0.41496938,0.13399887084960938,0.9501495361328125,0.6160848140716553
YJL143W,YDL109C,0,0.4149341,0.13398003578186035,0.9501495361328125,0.6161848306655884
YLR142W,YBR240C,0,0.41410086,0.13396120071411133,0.9501495361328125,0.6162849068641663
YDR270W,YLR237W,0,0.41312823,0.1339423805475235,0.9501495361328125,0.6163849234580994
YDR312W,YPR032W,0,0.41264233,0.13392354547977448,0.9501495361328125,0.6164849400520325
YJR059W,YMR311C,0,0.41252705,0.13390474021434784,0.9501495361328125,0.6165849566459656
YGR035C,YDR065W,0,0.41180822,0.13388592004776,0.9501495361328125,0.6166850328445435
YLR015W,YPR047W,0,0.4115816,0.13386711478233337,0.9501495361328125,0.6167850494384766
YBR164C,YIR009W,0,0.4110548,0.13384830951690674,0.9501495361328125,0.6168850660324097
YPL059W,YNL146W,0,0.4108444,0.1338295191526413,0.9501495361328125,0.6169850826263428
YHR028C,YCL031C,0,0.41054562,0.13381072878837585,0.9501495361328125,0.6170850992202759
YLR201C,YMR086W,0,0.4099844,0.1337919384241104,0.9501495361328125,0.6171851754188538
YHL016C,YKL116C,0,0.4097268,0.13377316296100616,0.9501495361328125,0.6172851920127869
YOL005C,YAL003W,0,0.40876603,0.13375438749790192,0.9501495361328125,0.61738520860672
YER161C,YCR094W,0,0.40869084,0.13373561203479767,0.9501495361328125,0.6174852252006531
YDR096W,YHL032C,0,0.40863532,0.13371685147285461,0.9501495361328125,0.617585301399231
YER184C,YOR233W,0,0.40826285,0.13369809091091156,0.9501495361328125,0.6176853179931641
YEL038W,YLR246W,0,0.40811855,0.1336793452501297,0.9501495361328125,0.6177853345870972
YLR201C,YPR178W,0,0.40807348,0.13366058468818665,0.9501495361328125,0.6178853511810303
YGL003C,YGR123C,0,0.40768173,0.13364183902740479,0.9501495361328125,0.6179853677749634
YBR036C,YOR343W-A,0,0.40738246,0.13362310826778412,0.9501495361328125,0.6180854439735413
YDR436W,YMR165C,0,0.40681,0.13360437750816345,0.9501495361328125,0.6181854605674744
YDL210W,YKL178C,0,0.4067957,0.13358564674854279,0.9501495361328125,0.6182854771614075
YAR018C,YDR158W,0,0.40641585,0.1335669308900833,0.9501495361328125,0.6183854937553406
YDL190C,YNL268W,0,0.4063248,0.13354820013046265,0.9501495361328125,0.6184855699539185
YMR287C,YMR152W,0,0.4062473,0.13352949917316437,0.9501495361328125,0.6185855865478516
YJR022W,YER012W,0,0.40614668,0.1335107833147049,0.9501495361328125,0.6186856031417847
YNL049C,YDR238C,0,0.40594268,0.13349208235740662,0.9501495361328125,0.6187856197357178
YKR037C,YMR285C,0,0.40583038,0.13347339630126953,0.9501495361328125,0.6188856363296509
YPR041W,YPL038W,0,0.4057305,0.13345469534397125,0.9501495361328125,0.6189857125282288
YOL133W,YLR433C,0,0.40564296,0.13343600928783417,0.9501495361328125,0.6190857291221619
YDL136W,YKL140W,0,0.40546268,0.13341733813285828,0.9501495361328125,0.619185745716095
YKL089W,YLR010C,0,0.40543717,0.1333986520767212,0.9501495361328125,0.6192857623100281
YHR207C,YNL248C,0,0.40497372,0.1333799809217453,0.9501495361328125,0.619385838508606
YDR012W,YLR186W,0,0.4044345,0.1333613246679306,0.9501495361328125,0.6194858551025391
YLR450W,YDL130W-A,0,0.40412787,0.1333426684141159,0.9501495361328125,0.6195858716964722
YIR023W,YDR380W,0,0.40407878,0.1333240121603012,0.9501495361328125,0.6196858882904053
YCR094W,YHR186C,0,0.40395725,0.1333053559064865,0.9501495361328125,0.6197859644889832
YOR192C-B,YIR017C,0,0.40168244,0.133286714553833,0.9501495361328125,0.6198859810829163
YGR027W-B,YKL143W,0,0.40157545,0.1332680732011795,0.9501495361328125,0.6199859976768494
YDR466W,YNL301C,0,0.40098843,0.1332494467496872,0.9501495361328125,0.6200860142707825
YML106W,YOR332W,0,0.40056878,0.1332308053970337,0.9501495361328125,0.6201860308647156
YDL115C,YBR207W,0,0.4001413,0.13321219384670258,0.9501495361328125,0.6202861070632935
YIL101C,YPR122W,0,0.40007585,0.13319356739521027,0.9501495361328125,0.6203861236572266
YGR047C,YER111C,0,0.39954436,0.13317495584487915,0.9501495361328125,0.6204861402511597
YHL009W-B,YKL116C,0,0.39903802,0.13315634429454803,0.9501495361328125,0.6205861568450928
YIL093C,YER174C,0,0.39866316,0.1331377476453781,0.9501495361328125,0.6206862330436707
YJL153C,YDL108W,0,0.398237,0.1331191509962082,0.9501495361328125,0.6207862496376038
YPR137C-B,YMR130W,0,0.39819807,0.13310055434703827,0.9501495361328125,0.6208862662315369
YJR121W,YOR306C,0,0.39793462,0.13308197259902954,0.9501495361328125,0.62098628282547
YOR228C,YFL044C,0,0.39737892,0.1330633908510208,0.9501495361328125,0.6210862994194031
YFR015C,YBR198C,0,0.3954862,0.13304480910301208,0.9501495361328125,0.621186375617981
YPR158C-D,YBR040W,0,0.39496756,0.13302624225616455,0.9501495361328125,0.6212863922119141
YIR014W,YDR320C-A,0,0.39419025,0.13300767540931702,0.9501495361328125,0.6213864088058472
YJR135C,YNR043W,0,0.39399675,0.13298910856246948,0.9501495361328125,0.6214864253997803
YDL229W,YIL150C,0,0.39361966,0.13297055661678314,0.9501495361328125,0.6215865015983582
YHR028C,YDR251W,0,0.39358532,0.1329520046710968,0.9501495361328125,0.6216865181922913
YNR045W,YML048W,0,0.3929321,0.13293346762657166,0.9501495361328125,0.6217865347862244
YJL143W,YHR070W,0,0.39293182,0.1329149305820465,0.9501495361328125,0.6218865513801575
YNL054W-B,YOL140W,0,0.39286774,0.13289639353752136,0.9501495361328125,0.6219865679740906
YDR134C,YER020W,0,0.39186144,0.13287785649299622,0.9501495361328125,0.6220866441726685
YER029C,YDL051W,0,0.3912589,0.13285933434963226,0.9501495361328125,0.6221866607666016
YIL026C,YKR050W,0,0.39102325,0.1328408122062683,0.9501495361328125,0.6222866773605347
YLR214W,YOR322C,0,0.39016667,0.13282230496406555,0.9501495361328125,0.6223866939544678
YOR192C-A,YBR164C,0,0.3895411,0.1328037977218628,0.9501495361328125,0.6224867701530457
YBR289W,YER012W,0,0.38940388,0.13278529047966003,0.9501495361328125,0.6225867867469788
YOR174W,YJL221C,0,0.38902223,0.13276678323745728,0.9501495361328125,0.6226868033409119
YJR075W,YDR400W,0,0.38870218,0.1327482908964157,0.9501495361328125,0.622786819934845
YKL004W,YDR038C,0,0.38865578,0.13272979855537415,0.9501495361328125,0.6228868365287781
YLR450W,YNL015W,0,0.38850302,0.13271132111549377,0.9501495361328125,0.622986912727356
YHL009W-B,YNL162W,0,0.38833198,0.1326928436756134,0.9501495361328125,0.6230869293212891
YOL067C,YNL054W-B,0,0.3882196,0.13267436623573303,0.9501495361328125,0.6231869459152222
YOR290C,YGL059W,0,0.38811398,0.13265590369701385,0.9501495361328125,0.6232869625091553
YNL218W,YHL019C,0,0.38747314,0.13263744115829468,0.9501495361328125,0.6233870387077332
YOL156W,YER030W,0,0.3874723,0.1326189786195755,0.9501495361328125,0.6234870553016663
YMR316W,YGR158C,0,0.38731164,0.13260053098201752,0.9501495361328125,0.6235870718955994
YMR306W,YOR075W,0,0.38713086,0.13258208334445953,0.9501495361328125,0.6236870884895325
YLL009C,YDR036C,0,0.38708842,0.13256363570690155,0.9501495361328125,0.6237871646881104
YOR224C,YNR020C,0,0.38689792,0.13254520297050476,0.9501495361328125,0.6238871812820435
YIR006C,YOR150W,0,0.3868429,0.13252677023410797,0.9501495361328125,0.6239871978759766
YNR043W,YHR044C,0,0.38668954,0.13250833749771118,0.9501495361328125,0.6240872144699097
YOR192C-B,YPR184W,0,0.38599697,0.13248991966247559,0.9501495361328125,0.6241872310638428
YKL109W,YKR104W,0,0.38596946,0.13247150182724,0.9501495361328125,0.6242873072624207
YNL310C,YFL023W,1,0.3858403,0.1325920820236206,0.9511465430259705,0.6242873072624207
YDR242W,YLR459W,0,0.38578165,0.13257364928722382,0.9511465430259705,0.6243873238563538
YOR037W,YBL075C,0,0.38576904,0.13255523145198822,0.9511465430259705,0.6244873404502869
YIL136W,YLR079W,0,0.38551164,0.13253681361675262,0.9511465430259705,0.62458735704422
YPR137C-B,YCL063W,0,0.38535622,0.13251841068267822,0.9511465430259705,0.6246874332427979
YDL143W,YKL179C,0,0.384582,0.13249999284744263,0.9511465430259705,0.624787449836731
YOR347C,YOL157C,0,0.3845064,0.13248160481452942,0.9511465430259705,0.6248874664306641
YKL179C,YBR245C,0,0.38447863,0.13246320188045502,0.9511465430259705,0.6249874830245972
YLR370C,YJL048C,0,0.38445193,0.1324448138475418,0.9511465430259705,0.6250874996185303
YMR188C,YLR357W,0,0.38405085,0.1324264258146286,0.9511465430259705,0.6251875758171082
YBR176W,YDR322W,0,0.3839533,0.1324080526828766,0.9511465430259705,0.6252875924110413
YOR036W,YMR109W,0,0.38395232,0.13238967955112457,0.9511465430259705,0.6253876090049744
YGL039W,YDR116C,0,0.38349175,0.13237130641937256,0.9511465430259705,0.6254876255989075
YMR098C,YDR034C-C,0,0.38296926,0.13235294818878174,0.9511465430259705,0.6255877017974854
YBR207W,YMR303C,0,0.38230085,0.13233457505702972,0.9511465430259705,0.6256877183914185
YHR206W,YBR030W,0,0.38123512,0.1323162317276001,0.9511465430259705,0.6257877349853516
YNL146W,YIL155C,0,0.38074607,0.13229787349700928,0.9511465430259705,0.6258877515792847
YML040W,YJR016C,0,0.38069752,0.13227953016757965,0.9511465430259705,0.6259877681732178
YLR204W,YFR006W,0,0.3800525,0.13226120173931122,0.9511465430259705,0.6260878443717957
YDL136W,YGL168W,0,0.37970823,0.1322428584098816,0.9511465430259705,0.6261878609657288
YPL195W,YOL139C,0,0.3791317,0.13222452998161316,0.9511465430259705,0.6262878775596619
YNR008W,YBR156C,0,0.37859702,0.13220620155334473,0.9511465430259705,0.626387894153595
YDL127W,YBL022C,0,0.3784549,0.1321878880262375,0.9511465430259705,0.6264879703521729
YEL038W,YGR158C,0,0.37827528,0.13216957449913025,0.9511465430259705,0.626587986946106
YDR316W-A,YPL092W,0,0.37819704,0.132151260972023,0.9511465430259705,0.6266880035400391
YMR235C,YMR127C,0,0.37776923,0.13213296234607697,0.9511465430259705,0.6267880201339722
YER068W,YDR436W,0,0.377715,0.13211466372013092,0.9511465430259705,0.6268880367279053
YDL127W,YMR127C,0,0.37706962,0.13209636509418488,0.9511465430259705,0.6269881129264832
YDR326C,YLL035W,0,0.37683928,0.13207808136940002,0.9511465430259705,0.6270881295204163
YLR074C,YBR213W,0,0.37676835,0.13205979764461517,0.9511465430259705,0.6271881461143494
YLR086W,YJR135C,0,0.37676337,0.13204152882099152,0.9511465430259705,0.6272881627082825
YGR135W,YOR070C,0,0.37606,0.13202324509620667,0.9511465430259705,0.6273882389068604
YOL105C,YBR012W-B,0,0.37580365,0.132004976272583,0.9511465430259705,0.6274882555007935
YGL173C,YIR009W,0,0.3757229,0.13198672235012054,0.9511465430259705,0.6275882720947266
YDR210W-B,YDR120C,0,0.37568572,0.1319684535264969,0.9511465430259705,0.6276882886886597
YDR299W,YBL082C,0,0.3755577,0.13195021450519562,0.9511465430259705,0.6277883648872375
YMR070W,YJL044C,0,0.37418857,0.13193196058273315,0.9511465430259705,0.6278883814811707
YAL020C,YPL022W,0,0.3737254,0.13191372156143188,0.9511465430259705,0.6279883980751038
YML091C,YDL017W,0,0.37366155,0.13189548254013062,0.9511465430259705,0.6280884146690369
YGR086C,YIL138C,0,0.37342936,0.13187724351882935,0.9511465430259705,0.62818843126297
YNL128W,YKL034W,0,0.3733415,0.13185901939868927,0.9511465430259705,0.6282885074615479
YMR282C,YOR211C,0,0.37277618,0.1318407952785492,0.9511465430259705,0.628388524055481
YDR231C,YCL066W,0,0.37243414,0.13182257115840912,0.9511465430259705,0.6284885406494141
YOR347C,YML009C,0,0.37208986,0.13180436193943024,0.9511465430259705,0.6285885572433472
YJL190C,YOR337W,0,0.3719923,0.13178615272045135,0.9511465430259705,0.628688633441925
YDR299W,YJL065C,0,0.3715613,0.13176795840263367,0.9511465430259705,0.6287886500358582
YDR074W,YGL090W,0,0.37080818,0.13174976408481598,0.9511465430259705,0.6288886666297913
YOL117W,YKL143W,0,0.3706764,0.1317315697669983,0.9511465430259705,0.6289886832237244
YIL051C,YKL024C,0,0.37030295,0.1317133754491806,0.9511465430259705,0.6290886998176575
YEL059C-A,YHR171W,0,0.36894852,0.1316951960325241,0.9511465430259705,0.6291887760162354
YBR159W,YNL268W,0,0.36891404,0.13167701661586761,0.9511465430259705,0.6292887926101685
YER131W,YPL220W,0,0.36866918,0.13165885210037231,0.9511465430259705,0.6293888092041016
YDR248C,YJR135W-A,0,0.36829296,0.13164067268371582,0.9511465430259705,0.6294888257980347
YHR076W,YLR040C,0,0.36826345,0.1316225230693817,0.9511465430259705,0.6295889019966125
YLR238W,YJR010C-A,0,0.3676036,0.1316043585538864,0.9511465430259705,0.6296889185905457
YGL147C,YDR228C,0,0.36718208,0.1315862089395523,0.9511465430259705,0.6297889351844788
YCL027W,YOR217W,0,0.3670505,0.1315680593252182,0.9511465430259705,0.6298889517784119
YIR036C,YCR094W,0,0.36687237,0.1315499246120453,0.9511465430259705,0.629988968372345
YGR001C,YKL017C,0,0.36677647,0.13153177499771118,0.9511465430259705,0.6300890445709229
YNR047W,YDR534C,0,0.36643535,0.13151364028453827,0.9511465430259705,0.630189061164856
YDR341C,YDR134C,0,0.36561581,0.13149552047252655,0.9511465430259705,0.6302890777587891
YOR037W,YDR107C,0,0.36504483,0.13147740066051483,0.9511465430259705,0.6303890943527222
YDR312W,YDR239C,0,0.36254704,0.1314592808485031,0.9511465430259705,0.6304891705513
YJR009C,YPR049C,0,0.3625359,0.1314411610364914,0.9511465430259705,0.6305891871452332
YOR343W-A,YLR438C-A,0,0.3624907,0.13142305612564087,0.9511465430259705,0.6306892037391663
YHL019C,YDL112W,0,0.3624848,0.13140496611595154,0.9511465430259705,0.6307892203330994
YBL093C,YNL039W,0,0.36111537,0.131386861205101,0.9511465430259705,0.6308892965316772
YER068W,YGL210W,0,0.36083,0.13136877119541168,0.9511465430259705,0.6309893131256104
YLR276C,YER044C,0,0.36052126,0.13135068118572235,0.9511465430259705,0.6310893297195435
YLL050C,YFR008W,0,0.35926577,0.1313326060771942,0.9511465430259705,0.6311893463134766
YAR019C,YNR040W,0,0.35835803,0.13131451606750488,0.9511465430259705,0.6312893629074097
YAL021C,YEL058W,0,0.3583426,0.13129645586013794,0.9511465430259705,0.6313894391059875
YNL308C,YIL090W,0,0.3577485,0.1312783807516098,0.9511465430259705,0.6314894556999207
YER161C,YHR044C,0,0.35741183,0.13126032054424286,0.9511465430259705,0.6315894722938538
YOR047C,YDR478W,0,0.35729405,0.13124226033687592,0.9511465430259705,0.6316894888877869
YLR154C,YPR081C,0,0.35666037,0.13122421503067017,0.9511465430259705,0.6317895650863647
YKR090W,YDL138W,0,0.35657385,0.13120615482330322,0.9511465430259705,0.6318895816802979
YMR171C,YMR285C,0,0.35640845,0.13118812441825867,0.9511465430259705,0.631989598274231
YPR186C,YJR076C,0,0.35596722,0.13117007911205292,0.9511465430259705,0.6320896148681641
YNL086W,YLR459W,0,0.35587877,0.13115204870700836,0.9511465430259705,0.6321896314620972
YGL135W,YLR100W,0,0.3557644,0.1311340183019638,0.9511465430259705,0.632289707660675
YBL030C,YOR192C-A,0,0.3554595,0.13111600279808044,0.9511465430259705,0.6323897242546082
YPL177C,YNL136W,0,0.35537463,0.13109798729419708,0.9511465430259705,0.6324897408485413
YER027C,YHR207C,0,0.35496294,0.13107997179031372,0.9511465430259705,0.6325897574424744
YIL084C,YGR027W-B,0,0.35436738,0.13106195628643036,0.9511465430259705,0.6326898336410522
YMR004W,YKL143W,0,0.35278666,0.1310439556837082,0.9511465430259705,0.6327898502349854
YOR057W,YPL160W,0,0.35273653,0.13102595508098602,0.9511465430259705,0.6328898668289185
YMR289W,YOR192C-A,0,0.3524971,0.13100796937942505,0.9511465430259705,0.6329898834228516
YIL150C,YNR061C,0,0.3524157,0.13098998367786407,0.9511465430259705,0.6330899000167847
YLR188W,YER070W,0,0.35206008,0.1309719979763031,0.9511465430259705,0.6331899762153625
YMR287C,YFL037W,0,0.35144585,0.13095401227474213,0.9511465430259705,0.6332899928092957
YBL069W,YGR154C,0,0.3509593,0.13093604147434235,0.9511465430259705,0.6333900094032288
YEL030W,YDL212W,1,0.3509065,0.1310553103685379,0.9521435499191284,0.6333900094032288
YDR261W-B,YDR334W,0,0.35016164,0.13103732466697693,0.9521435499191284,0.6334900259971619
YOL092W,YNR043W,0,0.3499879,0.13101933896541595,0.9521435499191284,0.6335901021957397
YLR127C,YHR184W,0,0.34994018,0.13100136816501617,0.9521435499191284,0.6336901187896729
YML124C,YPL059W,0,0.34878942,0.1309833973646164,0.9521435499191284,0.633790135383606
YBR240C,YCR077C,0,0.34773585,0.1309654414653778,0.9521435499191284,0.6338901519775391
YNL064C,YDL229W,1,0.34648645,0.131084606051445,0.9531405568122864,0.6338901519775391
YMR080C,YFL002W-A,0,0.34607702,0.13106663525104523,0.9531405568122864,0.6339901685714722
YCL066W,YAL025C,0,0.3458796,0.13104866445064545,0.9531405568122864,0.63409024477005
YML027W,YNR050C,0,0.34578252,0.13103070855140686,0.9531405568122864,0.6341902613639832
YBR240C,YLR318W,0,0.3453468,0.13101273775100708,0.9531405568122864,0.6342902779579163
YKR062W,YGL191W,0,0.34526747,0.1309947967529297,0.9531405568122864,0.6343902945518494
YOR192C-A,YPL159C,0,0.3448938,0.1309768408536911,0.9531405568122864,0.6344903707504272
YMR247C,YDR487C,0,0.3447758,0.1309588998556137,0.9531405568122864,0.6345903873443604
YPL206C,YML015C,0,0.3446463,0.1309409737586975,0.9531405568122864,0.6346904039382935
YHR025W,YPL026C,0,0.3442168,0.13092303276062012,0.9531405568122864,0.6347904205322266
YGL136C,YDR330W,0,0.3435095,0.13090510666370392,0.9531405568122864,0.6348904967308044
YBR036C,YDL109C,0,0.3432724,0.13088718056678772,0.9531405568122864,0.6349905133247375
YPL186C,YDR380W,0,0.34296417,0.13086926937103271,0.9531405568122864,0.6350905299186707
YJR059W,YHR129C,0,0.34289587,0.1308513581752777,0.9531405568122864,0.6351905465126038
YDL051W,YDL085W,0,0.3425666,0.1308334469795227,0.9531405568122864,0.6352905631065369
YDR013W,YFL041W,0,0.34234875,0.1308155506849289,0.9531405568122864,0.6353906393051147
YER099C,YIL138C,0,0.34211278,0.1307976394891739,0.9531405568122864,0.6354906558990479
YOL031C,YER096W,0,0.3420009,0.13077975809574127,0.9531405568122864,0.635590672492981
YBR169C,YDR252W,1,0.34188682,0.1308986395597458,0.9541375637054443,0.635590672492981
YPL060W,YHR044C,0,0.34045875,0.13088074326515198,0.9541375637054443,0.6356906890869141
YJR013W,YJL044C,0,0.3402942,0.13086284697055817,0.9541375637054443,0.6357907652854919
YDR312W,YOL133W,0,0.34029245,0.13084495067596436,0.9541375637054443,0.635890781879425
YDL114W,YOR257W,0,0.34010798,0.13082706928253174,0.9541375637054443,0.6359907984733582
YER029C,YDR299W,0,0.3400881,0.13080918788909912,0.9541375637054443,0.6360908150672913
YMR257C,YHL024W,0,0.34004855,0.1307913064956665,0.9541375637054443,0.6361908316612244
YGR223C,YLR419W,0,0.33998597,0.13077344000339508,0.9541375637054443,0.6362909078598022
YLR283W,YDR248C,0,0.33975935,0.13075557351112366,0.9541375637054443,0.6363909244537354
YOL138C,YCL075W,0,0.33956414,0.13073770701885223,0.9541375637054443,0.6364909410476685
YLR370C,YMR289W,0,0.33923134,0.1307198405265808,0.9541375637054443,0.6365909576416016
YLR266C,YMR042W,0,0.3391704,0.13070198893547058,0.9541375637054443,0.6366910338401794
YLR097C,YPR041W,0,0.33893117,0.13068415224552155,0.9541375637054443,0.6367910504341125
YMR022W,YOR014W,0,0.3385824,0.13066630065441132,0.9541375637054443,0.6368910670280457
YKR059W,YHL004W,0,0.33825147,0.13064846396446228,0.9541375637054443,0.6369910836219788
YDL069C,YMR012W,0,0.33669314,0.13063062727451324,0.9541375637054443,0.6370911002159119
YNL191W,YKR105C,0,0.33668703,0.1306128054857254,0.9541375637054443,0.6371911764144897
YFL002W-A,YML113W,0,0.33651036,0.13059498369693756,0.9541375637054443,0.6372911930084229
YDL114W,YPL160W,0,0.33622128,0.13057716190814972,0.9541375637054443,0.637391209602356
YLR172C,YIL126W,0,0.3352493,0.13055934011936188,0.9541375637054443,0.6374912261962891
YDR248C,YPR021C,0,0.3346148,0.13054153323173523,0.9541375637054443,0.6375913023948669
YPR137C-B,YFR007W,0,0.3343919,0.13052372634410858,0.9541375637054443,0.6376913189888
YIL125W,YDR210W-B,0,0.334262,0.13050593435764313,0.9541375637054443,0.6377913355827332
YLR086W,YDL019C,0,0.3342151,0.13048814237117767,0.9541375637054443,0.6378913521766663
YAL013W,YGR200C,0,0.33365792,0.13047035038471222,0.9541375637054443,0.6379913687705994
YGL021W,YDL043C,0,0.33361217,0.13045255839824677,0.9541375637054443,0.6380914449691772
YLR371W,YOR337W,0,0.33303925,0.1304347813129425,0.9541375637054443,0.6381914615631104
YOL152W,YGR062C,0,0.33228678,0.13041700422763824,0.9541375637054443,0.6382914781570435
YHR116W,YLR158C,0,0.33161122,0.13039924204349518,0.9541375637054443,0.6383914947509766
YER147C,YER020W,0,0.33147836,0.13038146495819092,0.9541375637054443,0.6384915709495544
YHR027C,YGR009C,0,0.33110636,0.13036371767520905,0.9541375637054443,0.6385915875434875
YER120W,YLR357W,0,0.3307699,0.13034595549106598,0.9541375637054443,0.6386916041374207
YNL311C,YPR166C,0,0.33030823,0.1303282082080841,0.9541375637054443,0.6387916207313538
YBR245C,YNL325C,0,0.32993203,0.13031046092510223,0.9541375637054443,0.6388916969299316
YDL192W,YLR433C,0,0.32990158,0.13029271364212036,0.9541375637054443,0.6389917135238647
YDR507C,YLL035W,0,0.32801232,0.13027498126029968,0.9541375637054443,0.6390917301177979
YKL004W,YOR246C,0,0.32781732,0.130257248878479,0.9541375637054443,0.639191746711731
YIL109C,YPL092W,0,0.32776988,0.13023951649665833,0.9541375637054443,0.6392917633056641
YKR062W,YML042W,0,0.32742745,0.13022179901599884,0.9541375637054443,0.6393918395042419
YNL077W,YKL179C,0,0.32742515,0.13020408153533936,0.9541375637054443,0.639491856098175
YLR096W,YIL026C,0,0.32731056,0.13018636405467987,0.9541375637054443,0.6395918726921082
YOR057W,YJL189W,0,0.32653168,0.13016866147518158,0.9541375637054443,0.6396918892860413
YMR235C,YBR058C-A,0,0.3255325,0.1301509588956833,0.9541375637054443,0.6397919654846191
YDR210W-B,YCL031C,0,0.32536188,0.130133256316185,0.9541375637054443,0.6398919820785522
YJL219W,YAL053W,0,0.3253465,0.1301155686378479,0.9541375637054443,0.6399919986724854
YDR531W,YHR140W,0,0.32464746,0.1300978809595108,0.9541375637054443,0.6400920152664185
YMR163C,YOR233W,0,0.32455295,0.1300801932811737,0.9541375637054443,0.6401920318603516
YDR265W,YIL072W,0,0.32440525,0.1300625205039978,0.9541375637054443,0.6402921080589294
YLR201C,YDR534C,0,0.32396638,0.1300448477268219,0.9541375637054443,0.6403921246528625
YDR283C,YDL030W,0,0.32353663,0.130027174949646,0.9541375637054443,0.6404921412467957
YDL099W,YJR135C,0,0.32326186,0.1300095021724701,0.9541375637054443,0.6405921578407288
YHR027C,YOR373W,0,0.32322684,0.12999184429645538,0.9541375637054443,0.6406922340393066
YGR159C,YPL026C,0,0.3228969,0.12997420132160187,0.9541375637054443,0.6407922506332397
YGL119W,YPL226W,0,0.3227565,0.12995654344558716,0.9541375637054443,0.6408922672271729
YGR009C,YOR174W,0,0.32164443,0.12993890047073364,0.9541375637054443,0.640992283821106
YER095W,YAL053W,0,0.32132834,0.12992125749588013,0.9541375637054443,0.6410923004150391
YIR012W,YIL084C,0,0.32124656,0.1299036294221878,0.9541375637054443,0.6411923766136169
YGR071C,YBL082C,0,0.32113853,0.1298859864473343,0.9541375637054443,0.64129239320755
YLR370C,YDR236C,0,0.3208034,0.12986837327480316,0.9541375637054443,0.6413924098014832
YDR283C,YPR096C,0,0.3207025,0.12985074520111084,0.9541375637054443,0.6414924263954163
YNL054W-B,YJL190C,0,0.32056904,0.1298331320285797,0.9541375637054443,0.6415925025939941
YNL119W,YBL061C,0,0.3202166,0.12981551885604858,0.9541375637054443,0.6416925191879272
YAL034W-A,YLL001W,0,0.3194537,0.12979790568351746,0.9541375637054443,0.6417925357818604
YPL091W,YMR302C,0,0.31944293,0.12978030741214752,0.9541375637054443,0.6418925523757935
YGL009C,YAL044C,0,0.31810325,0.1297627091407776,0.9541375637054443,0.6419925689697266
YIR012W,YHR215W,0,0.3180322,0.12974512577056885,0.9541375637054443,0.6420926451683044
YEL013W,YIR002C,0,0.3179865,0.1297275274991989,0.9541375637054443,0.6421926617622375
YHR028C,YER051W,0,0.31735379,0.12970994412899017,0.9541375637054443,0.6422926783561707
YPL059W,YBR122C,0,0.31703433,0.12969237565994263,0.9541375637054443,0.6423926949501038
YIR012W,YML087C,0,0.31702274,0.1296747922897339,0.9541375637054443,0.6424927711486816
YGR104C,YOL103W,0,0.31676102,0.12965722382068634,0.9541375637054443,0.6425927877426147
YDR447C,YJR155W,0,0.31575745,0.1296396702528,0.9541375637054443,0.6426928043365479
YBL075C,YDR322W,0,0.31559184,0.12962210178375244,0.9541375637054443,0.642792820930481
YGL213C,YER030W,0,0.31556264,0.1296045482158661,0.9541375637054443,0.6428928971290588
YKL042W,YLR265C,0,0.3147937,0.12958699464797974,0.9541375637054443,0.6429929137229919
YLR015W,YPR108W,0,0.31447703,0.12956945598125458,0.9541375637054443,0.643092930316925
YIL125W,YPL257W-A,0,0.31418633,0.12955191731452942,0.9541375637054443,0.6431929469108582
YLR134W,YGL178W,0,0.3140074,0.12953437864780426,0.9541375637054443,0.6432929635047913
YDR316W-A,YEL015W,0,0.31382802,0.1295168548822403,0.9541375637054443,0.6433930397033691
YGL249W,YBL021C,0,0.31381407,0.12949931621551514,0.9541375637054443,0.6434930562973022
YKR104W,YLR276C,0,0.31345618,0.12948180735111237,0.9541375637054443,0.6435930728912354
YBL106C,YER048W-A,0,0.31342012,0.1294642835855484,0.9541375637054443,0.6436930894851685
YNL292W,YER048W-A,0,0.31294033,0.12944677472114563,0.9541375637054443,0.6437931656837463
YDR334W,YDR231C,0,0.31271482,0.12942926585674286,0.9541375637054443,0.6438931822776794
YDR299W,YPL174C,0,0.31231084,0.12941177189350128,0.9541375637054443,0.6439931988716125
YCR096C,YOR337W,0,0.31224045,0.1293942630290985,0.9541375637054443,0.6440932154655457
YIL084C,YOR343W-A,0,0.31117678,0.12937676906585693,0.9541375637054443,0.6441932320594788
YOR391C,YKL212W,0,0.31106243,0.12935929000377655,0.9541375637054443,0.6442933082580566
YHR086W,YIL155C,0,0.30986917,0.12934179604053497,0.9541375637054443,0.6443933248519897
YPL258C,YIL138C,0,0.30982572,0.1293243169784546,0.9541375637054443,0.6444933414459229
YDR329C,YHR140W,0,0.30963826,0.1293068528175354,0.9541375637054443,0.644593358039856
YML054C,YNL310C,0,0.30944717,0.1292893886566162,0.9541375637054443,0.6446934342384338
YJL219W,YOR343W-A,0,0.30926025,0.12927190959453583,0.9541375637054443,0.6447934508323669
YMR036C,YDR265W,0,0.3092226,0.12925446033477783,0.9541375637054443,0.6448934674263
YGL035C,YCL055W,0,0.30871212,0.12923699617385864,0.9541375637054443,0.6449934840202332
YOR201C,YER089C,0,0.30815226,0.12921954691410065,0.9541375637054443,0.6450935006141663
YAR019C,YJR135W-A,0,0.3066697,0.12920211255550385,0.9541375637054443,0.6451935768127441
YLR090W,YMR217W,0,0.30655965,0.12918466329574585,0.9541375637054443,0.6452935934066772
YEL030W,YOR288C,1,0.30640292,0.12930220365524292,0.9551345705986023,0.6452935934066772
YER088C,YIL111W,0,0.30587608,0.12928475439548492,0.9551345705986023,0.6453936100006104
YCL027W,YLR438C-A,0,0.30579153,0.12926730513572693,0.9551345705986023,0.6454936265945435
YNR027W,YNL054W-B,0,0.30327454,0.12924987077713013,0.9551345705986023,0.6455937027931213
YFR008W,YEL058W,0,0.30274063,0.12923243641853333,0.9551345705986023,0.6456937193870544
YER114C,YBR205W,0,0.30262375,0.12921500205993652,0.9551345705986023,0.6457937359809875
YDR531W,YAL025C,0,0.30252868,0.12919756770133972,0.9551345705986023,0.6458937525749207
YHR207C,YNL119W,0,0.30147278,0.1291801482439041,0.9551345705986023,0.6459937691688538
YGL229C,YGL157W,0,0.3004903,0.1291627287864685,0.9551345705986023,0.6460938453674316
YOR257W,YDR486C,0,0.30020726,0.1291453242301941,0.9551345705986023,0.6461938619613647
YKL088W,YOR143C,0,0.2996832,0.12912791967391968,0.9551345705986023,0.6462938785552979
YDR388W,YOR343W-A,0,0.29922068,0.12911051511764526,0.9551345705986023,0.646393895149231
YHL009W-B,YLR246W,0,0.2990163,0.12909311056137085,0.9551345705986023,0.6464939713478088
YHR207C,YER180C,0,0.29812312,0.12907572090625763,0.9551345705986023,0.6465939879417419
YJL221C,YHL004W,0,0.29801017,0.1290583312511444,0.9551345705986023,0.646694004535675
YDR495C,YDR448W,0,0.2978253,0.1290409415960312,0.9551345705986023,0.6467940211296082
YDL019C,YLR385C,0,0.29757333,0.12902356684207916,0.9551345705986023,0.646894097328186
YDR117C,YBR213W,0,0.29736924,0.12900619208812714,0.9551345705986023,0.6469941139221191
YER159C-A,YPR102C,0,0.29710454,0.1289888173341751,0.9551345705986023,0.6470941305160522
YNL330C,YGL040C,0,0.29706442,0.12897145748138428,0.9551345705986023,0.6471941471099854
YJL019W,YDR421W,0,0.29703724,0.12895409762859344,0.9551345705986023,0.6472941637039185
YER159C-A,YER131W,0,0.29681614,0.1289367377758026,0.9551345705986023,0.6473942399024963
YLR214W,YOR151C,0,0.29602826,0.12891939282417297,0.9551345705986023,0.6474942564964294
YOR347C,YML115C,0,0.29558983,0.12890204787254333,0.9551345705986023,0.6475942730903625
YPR192W,YGR184C,0,0.29498523,0.1288847029209137,0.9551345705986023,0.6476942896842957
YOR343W-A,YOR242C,0,0.2942708,0.12886737287044525,0.9551345705986023,0.6477943658828735
YDR520C,YMR012W,0,0.2942459,0.1288500279188156,0.9551345705986023,0.6478943824768066
YMR287C,YEL058W,0,0.29407352,0.12883271276950836,0.9551345705986023,0.6479943990707397
YBR160W,YGL227W,0,0.29355162,0.12881538271903992,0.9551345705986023,0.6480944156646729
YER029C,YIL112W,0,0.29349256,0.12879806756973267,0.9551345705986023,0.648194432258606
YMR247C,YMR208W,0,0.29327202,0.12878075242042542,0.9551345705986023,0.6482945084571838
YIL150C,YER068W,0,0.2929564,0.12876343727111816,0.9551345705986023,0.6483945250511169
YNL049C,YDR520C,0,0.29245865,0.1287461370229721,0.9551345705986023,0.64849454164505
YBR158W,YNL189W,0,0.29236057,0.12872883677482605,0.9551345705986023,0.6485945582389832
YKR090W,YNL331C,0,0.2916729,0.12871153652668,0.9551345705986023,0.648694634437561
YDR312W,YOL100W,0,0.29153118,0.12869425117969513,0.9551345705986023,0.6487946510314941
YHR143W,YIL093C,0,0.29126242,0.12867696583271027,0.9551345705986023,0.6488946676254272
YCL069W,YLR448W,0,0.29114026,0.1286596804857254,0.9551345705986023,0.6489946842193604
YJL162C,YML094W,1,0.29113021,0.1287766844034195,0.9561315774917603,0.6489946842193604
YNL049C,YMR306W,0,0.29069516,0.12875939905643463,0.9561315774917603,0.6490947008132935
YPR137C-B,YGL191W,0,0.29019517,0.12874211370944977,0.9561315774917603,0.6491947770118713
YLR090W,YGR262C,0,0.28977555,0.1287248283624649,0.9561315774917603,0.6492947936058044
YGR154C,YDR298C,0,0.28923243,0.12870755791664124,0.9561315774917603,0.6493948101997375
YDL085W,YJR075W,0,0.2889244,0.12869028747081757,0.9561315774917603,0.6494948267936707
YNR011C,YNL115C,0,0.2886497,0.1286730170249939,0.9561315774917603,0.6495949029922485
YAL053W,YBR198C,0,0.28843707,0.12865576148033142,0.9561315774917603,0.6496949195861816
YDR011W,YJL170C,0,0.28808528,0.12863849103450775,0.9561315774917603,0.6497949361801147
YOL152W,YKL059C,0,0.28804073,0.12862125039100647,0.9561315774917603,0.6498949527740479
YDR524C,YIR017C,0,0.2879755,0.128603994846344,0.9561315774917603,0.649994969367981
YJR066W,YDR379W,0,0.28768906,0.1285867542028427,0.9561315774917603,0.6500950455665588
YMR100W,YMR122W-A,0,0.28768468,0.12856951355934143,0.9561315774917603,0.6501950621604919
YDR329C,YER164W,0,0.28724176,0.12855227291584015,0.9561315774917603,0.650295078754425
YDR315C,YMR163C,0,0.2869876,0.12853504717350006,0.9561315774917603,0.6503950953483582
YCL069W,YGL039W,0,0.28697938,0.12851782143115997,0.9561315774917603,0.650495171546936
YDL166C,YGR027W-B,0,0.28654712,0.12850059568881989,0.9561315774917603,0.6505951881408691
YIR002C,YDR421W,0,0.28632626,0.128483384847641,0.9561315774917603,0.6506952047348022
YOR278W,YCL055W,0,0.2839727,0.1284661740064621,0.9561315774917603,0.6507952213287354
YNL218W,YML074C,0,0.2838264,0.1284489631652832,0.9561315774917603,0.6508952975273132
YNL218W,YLR045C,0,0.28376007,0.1284317672252655,0.9561315774917603,0.6509953141212463
YOR182C,YDR261W-B,0,0.28302762,0.1284145712852478,0.9561315774917603,0.6510953307151794
YOR175C,YDR315C,0,0.28250694,0.1283973753452301,0.9561315774917603,0.6511953473091125
YKR050W,YPL033C,0,0.28229594,0.1283801943063736,0.9561315774917603,0.6512953639030457
YER025W,YGR027W-B,0,0.28205934,0.1283629983663559,0.9561315774917603,0.6513954401016235
YGR106C,YKL108W,0,0.2819942,0.1283458173274994,0.9561315774917603,0.6514954566955566
YLR170C,YFR006W,0,0.28186908,0.12832865118980408,0.9561315774917603,0.6515954732894897
YKR090W,YPL231W,0,0.28182617,0.12831148505210876,0.9561315774917603,0.6516954898834229
YER110C,YKL021C,0,0.28177118,0.12829431891441345,0.9561315774917603,0.6517955660820007
YBR264C,YJL101C,0,0.28104252,0.12827715277671814,0.9561315774917603,0.6518955826759338
YDL085W,YNR070W,0,0.28085893,0.12826000154018402,0.9561315774917603,0.6519955992698669
YOR151C,YGL141W,0,0.2807961,0.1282428503036499,0.9561315774917603,0.6520956158638
YDL164C,YLR381W,0,0.28078085,0.12822569906711578,0.9561315774917603,0.6521956324577332
YOR057W,YDR507C,0,0.2805888,0.12820856273174286,0.9561315774917603,0.652295708656311
YMR188C,YCR040W,0,0.28038028,0.12819141149520874,0.9561315774917603,0.6523957252502441
YDR134C,YMR302C,0,0.28035772,0.128174290060997,0.9561315774917603,0.6524957418441772
YEL030W,YLR200W,1,0.28011152,0.1282907873392105,0.9571285843849182,0.6524957418441772
YGL021W,YGL168W,0,0.27917373,0.12827365100383759,0.9571285843849182,0.6525957584381104
YKL010C,YMR208W,0,0.27900672,0.12825651466846466,0.9571285843849182,0.6526958346366882
YNR045W,YNL213C,0,0.27888402,0.12823937833309174,0.9571285843849182,0.6527958512306213
YCL027W,YGR014W,0,0.2786144,0.12822225689888,0.9571285843849182,0.6528958678245544
YKL088W,YJL106W,0,0.278374,0.12820513546466827,0.9571285843849182,0.6529958844184875
YHR147C,YOR080W,0,0.27661622,0.12818801403045654,0.9571285843849182,0.6530959010124207
YMR223W,YDL008W,0,0.27636537,0.1281708925962448,0.9571285843849182,0.6531959772109985
YMR130W,YLR014C,0,0.27562672,0.12815378606319427,0.9571285843849182,0.6532959938049316
YLR214W,YKL179C,0,0.2748948,0.12813667953014374,0.9571285843849182,0.6533960103988647
YGL035C,YAR007C,0,0.27448484,0.1281195729970932,0.9571285843849182,0.6534960269927979
YDR050C,YDR158W,0,0.27410167,0.12810248136520386,0.9571285843849182,0.6535961031913757
YCL059C,YBL010C,0,0.27339953,0.12808538973331451,0.9571285843849182,0.6536961197853088
YGR063C,YKL143W,0,0.27310956,0.12806829810142517,0.9571285843849182,0.6537961363792419
YOL138C,YMR023C,0,0.27251855,0.12805122137069702,0.9571285843849182,0.653896152973175
YOR151C,YOL080C,0,0.2715991,0.12803414463996887,0.9571285843849182,0.6539961695671082
YMR247C,YPR081C,0,0.27156395,0.12801706790924072,0.9571285843849182,0.654096245765686
YGR063C,YJL065C,0,0.27131522,0.12800000607967377,0.9571285843849182,0.6541962623596191
YHR092C,YML088W,0,0.27110988,0.12798292934894562,0.9571285843849182,0.6542962789535522
YAL020C,YEL016C,0,0.27094808,0.12796588242053986,0.9571285843849182,0.6543962955474854
YCR010C,YER020W,0,0.26980603,0.1279488205909729,0.9571285843849182,0.6544963717460632
YMR211W,YJL109C,0,0.2697438,0.12793177366256714,0.9571285843849182,0.6545963883399963
YER184C,YDR115W,0,0.26956248,0.12791472673416138,0.9571285843849182,0.6546964049339294
YDR011W,YMR221C,0,0.2688123,0.12789767980575562,0.9571285843849182,0.6547964215278625
YER096W,YDR420W,0,0.26850164,0.12788064777851105,0.9571285843849182,0.6548964977264404
YOR288C,YAR044W,0,0.26787633,0.12786361575126648,0.9571285843849182,0.6549965143203735
YER159C-A,YGR075C,0,0.2677505,0.1278465837240219,0.9571285843849182,0.6550965309143066
YMR171C,YNL136W,0,0.26773408,0.12782956659793854,0.9571285843849182,0.6551965475082397
YDR456W,YGR162W,0,0.2677072,0.12781253457069397,0.9571285843849182,0.6552965641021729
YLR304C,YHR011W,0,0.2671638,0.1277955323457718,0.9571285843849182,0.6553966403007507
YOR373W,YBL093C,0,0.2668702,0.12777851521968842,0.9571285843849182,0.6554966568946838
YDR511W,YER053C,0,0.2666098,0.12776151299476624,0.9571285843849182,0.6555966734886169
YIR012W,YLR176C,0,0.2657166,0.12774451076984406,0.9571285843849182,0.65569669008255
YDL120W,YNR022C,0,0.2638425,0.12772750854492188,0.9571285843849182,0.6557967662811279
YER082C,YLR121C,0,0.26360825,0.1277105212211609,0.9571285843849182,0.655896782875061
YPR158C-D,YBR185C,0,0.26335263,0.1276935338973999,0.9571285843849182,0.6559967994689941
YMR006C,YBR159W,0,0.26331276,0.12767654657363892,0.9571285843849182,0.6560968160629272
YCR004C,YPL172C,0,0.2631996,0.12765957415103912,0.9571285843849182,0.6561968326568604
YMR287C,YCR028C,0,0.26302338,0.12764260172843933,0.9571285843849182,0.6562969088554382
YHL009W-B,YOR343W-A,0,0.26300985,0.12762562930583954,0.9571285843849182,0.6563969254493713
YMR171C,YNL322C,0,0.26239645,0.12760867178440094,0.9571285843849182,0.6564969420433044
YJL219W,YDR197W,0,0.26198328,0.12759169936180115,0.9571285843849182,0.6565969586372375
YDR529C,YEL021W,0,0.26191527,0.12757475674152374,0.9571285843849182,0.6566970348358154
YBL030C,YNL146W,0,0.26163906,0.12755779922008514,0.9571285843849182,0.6567970514297485
YNL311C,YGL168W,0,0.2614088,0.12754085659980774,0.9571285843849182,0.6568970680236816
YHR027C,YJR029W,0,0.2611457,0.12752391397953033,0.9571285843849182,0.6569970846176147
YKL173W,YPL019C,0,0.26093674,0.12750697135925293,0.9571285843849182,0.6570971012115479
YOR057W,YMR122W-A,0,0.2608609,0.12749004364013672,0.9571285843849182,0.6571971774101257
YDR047W,YGR279C,0,0.26062968,0.1274731159210205,0.9571285843849182,0.6572971940040588
YNL128W,YOR306C,0,0.25989112,0.1274561882019043,0.9571285843849182,0.6573972105979919
YDR531W,YCR092C,0,0.25970602,0.12743926048278809,0.9571285843849182,0.657497227191925
YKL088W,YLR139C,0,0.25912312,0.12742234766483307,0.9571285843849182,0.6575973033905029
YHL044W,YFL037W,0,0.2587859,0.12740543484687805,0.9571285843849182,0.657697319984436
YPL148C,YGR295C,0,0.258706,0.12738853693008423,0.9571285843849182,0.6577973365783691
YJR098C,YHL047C,0,0.25850916,0.1273716390132904,0.9571285843849182,0.6578973531723022
YML037C,YIL160C,0,0.2580669,0.12735474109649658,0.9571285843849182,0.6579973697662354
YOL147C,YOL149W,0,0.25775534,0.12733784317970276,0.9571285843849182,0.6580974459648132
YHL047C,YDR228C,0,0.25765592,0.12732096016407013,0.9571285843849182,0.6581974625587463
YHR181W,YNR007C,0,0.25750124,0.1273040771484375,0.9571285843849182,0.6582974791526794
YPR168W,YGL039W,0,0.2572652,0.12728719413280487,0.9571285843849182,0.6583974957466125
YAL013W,YDR478W,0,0.2570717,0.12727031111717224,0.9571285843849182,0.6584975719451904
YDL056W,YJR134C,0,0.2570629,0.1272534430027008,0.9571285843849182,0.6585975885391235
YLR127C,YGR194C,0,0.25703606,0.12723657488822937,0.9571285843849182,0.6586976051330566
YML018C,YDR261W-B,0,0.25675315,0.12721972167491913,0.9571285843849182,0.6587976217269897
YPL226W,YKL028W,0,0.25638404,0.1272028684616089,0.9571285843849182,0.6588976979255676
YBR142W,YLR207W,0,0.25602496,0.12718601524829865,0.9571285843849182,0.6589977145195007
YLR343W,YDR356W,0,0.25508082,0.1271691620349884,0.9571285843849182,0.6590977311134338
YJR097W,YMR302C,0,0.25418887,0.12715232372283936,0.9571285843849182,0.6591977477073669
YGR026W,YOR346W,0,0.25405604,0.1271354854106903,0.9571285843849182,0.6592977643013
YML012W,YIL160C,0,0.2534015,0.12711864709854126,0.9571285843849182,0.6593978404998779
YDR261W-B,YML009C,0,0.25260365,0.1271018087863922,0.9571285843849182,0.659497857093811
YBR050C,YMR204C,0,0.2525841,0.12708498537540436,0.9571285843849182,0.6595978736877441
YBR012W-B,YGR014W,0,0.25204313,0.1270681619644165,0.9571285843849182,0.6596978902816772
YNR045W,YKL021C,0,0.251933,0.12705135345458984,0.9571285843849182,0.6597979664802551
YJR060W,YER106W,0,0.25172013,0.12703454494476318,0.9571285843849182,0.6598979830741882
YAL041W,YLR086W,0,0.2515809,0.12701773643493652,0.9571285843849182,0.6599979996681213
YEL038W,YEL015W,0,0.25150967,0.12700092792510986,0.9571285843849182,0.6600980162620544
YOR127W,YGR189C,0,0.25122404,0.1269841343164444,0.9571285843849182,0.6601980328559875
YJR009C,YCL075W,0,0.25111157,0.12696732580661774,0.9571285843849182,0.6602981090545654
YDL127W,YKL059C,0,0.25032428,0.12695054709911346,0.9571285843849182,0.6603981256484985
YDR011W,YDR501W,0,0.24884461,0.126933753490448,0.9571285843849182,0.6604981422424316
YGR027W-B,YGR162W,0,0.24837609,0.12691697478294373,0.9571285843849182,0.6605981588363647
YOL147C,YOR217W,0,0.24827442,0.12690019607543945,0.9571285843849182,0.6606982350349426
YOL031C,YER164W,0,0.2479321,0.12688343226909637,0.9571285843849182,0.6607982516288757
YOR076C,YDR101C,0,0.24718964,0.1268666535615921,0.9571285843849182,0.6608982682228088
YLR154C,YDR252W,0,0.24611469,0.12684988975524902,0.9571285843849182,0.6609982848167419
YOR384W,YEL061C,0,0.24583888,0.12683314085006714,0.9571285843849182,0.661098301410675
YDL210W,YDL114W,0,0.24542484,0.12681637704372406,0.9571285843849182,0.6611983776092529
YIL155C,YGR220C,0,0.24493551,0.12679962813854218,0.9571285843849182,0.661298394203186
YNL311C,YJL080C,0,0.24467014,0.1267828792333603,0.9571285843849182,0.6613984107971191
YDR501W,YDR421W,0,0.24420753,0.1267661452293396,0.9571285843849182,0.6614984273910522
YDL114W,YMR201C,0,0.24411818,0.1267494112253189,0.9571285843849182,0.6615985035896301
YPL085W,YGR156W,0,0.24388692,0.12673267722129822,0.9571285843849182,0.6616985201835632
YBL017C,YLR079W,0,0.24343863,0.12671594321727753,0.9571285843849182,0.6617985367774963
YLR015W,YMR004W,0,0.24332908,0.12669922411441803,0.9571285843849182,0.6618985533714294
YBR035C,YOL002C,0,0.24327385,0.12668250501155853,0.9571285843849182,0.6619985699653625
YMR006C,YOR174W,0,0.24286814,0.12666578590869904,0.9571285843849182,0.6620986461639404
YDR115W,YKR097W,0,0.24130264,0.12664908170700073,0.9571285843849182,0.6621986627578735
YPL048W,YHR129C,0,0.24082112,0.12663237750530243,0.9571285843849182,0.6622986793518066
YJR155W,YLR327C,0,0.23982297,0.12661567330360413,0.9571285843849182,0.6623986959457397
YIL109C,YGL119W,0,0.23961686,0.12659896910190582,0.9571285843849182,0.6624987721443176
YLR266C,YOL065C,0,0.23956236,0.1265822798013687,0.9571285843849182,0.6625987887382507
YHR215W,YNL289W,0,0.23808503,0.1265655905008316,0.9571285843849182,0.6626988053321838
YGL090W,YDR261W-B,0,0.23749414,0.1265489012002945,0.9571285843849182,0.6627988219261169
YMR297W,YLR038C,0,0.23695093,0.12653222680091858,0.9571285843849182,0.6628988981246948
YGL229C,YLR304C,0,0.23647542,0.12651555240154266,0.9571285843849182,0.6629989147186279
YKR061W,YLR158C,0,0.23640281,0.12649887800216675,0.9571285843849182,0.663098931312561
YIL109C,YCR028C,0,0.23576225,0.12648221850395203,0.9571285843849182,0.6631989479064941
YER007W,YOR270C,0,0.23459977,0.1264655441045761,0.9571285843849182,0.6632989645004272
YLR086W,YFL044C,0,0.23444462,0.12644889950752258,0.9571285843849182,0.6633990406990051
YLR098C,YGL251C,0,0.23350978,0.12643224000930786,0.9571285843849182,0.6634990572929382
YDR022C,YFL044C,0,0.23339698,0.12641559541225433,0.9571285843849182,0.6635990738868713
YOR192C-B,YEL017C-A,0,0.23328194,0.1263989508152008,0.9571285843849182,0.6636990904808044
YPL085W,YOR269W,0,0.23304078,0.12638230621814728,0.9571285843849182,0.6637991666793823
YNL212W,YLR433C,0,0.2325703,0.12636567652225494,0.9571285843849182,0.6638991832733154
YLR446W,YBL022C,0,0.23224676,0.12634903192520142,0.9571285843849182,0.6639991998672485
YDL129W,YMR287C,0,0.23156512,0.12633241713047028,0.9571285843849182,0.6640992164611816
YHR031C,YDR390C,0,0.23132043,0.12631578743457794,0.9571285843849182,0.6641992330551147
YDL101C,YDR128W,0,0.23085824,0.1262991726398468,0.9571285843849182,0.6642993092536926
YCL063W,YNL310C,0,0.2304838,0.12628255784511566,0.9571285843849182,0.6643993258476257
YNR045W,YGL157W,0,0.22993787,0.12626594305038452,0.9571285843849182,0.6644993424415588
YDL019C,YGR002C,0,0.22750776,0.12624934315681458,0.9571285843849182,0.6645993590354919
YBR055C,YPL231W,0,0.2269688,0.12623274326324463,0.9571285843849182,0.6646994352340698
YDR074W,YFR041C,0,0.226474,0.12621614336967468,0.9571285843849182,0.6647994518280029
YJL108C,YGR162W,0,0.22579534,0.12619955837726593,0.9571285843849182,0.664899468421936
YNL331C,YDR054C,0,0.22552821,0.12618295848369598,0.9571285843849182,0.6649994850158691
YNR027W,YHL036W,0,0.2250868,0.12616638839244843,0.9571285843849182,0.6650995016098022
YGR263C,YJL056C,0,0.2248234,0.12614980340003967,0.9571285843849182,0.6651995778083801
YJL048C,YDR224C,0,0.22427875,0.12613323330879211,0.9571285843849182,0.6652995944023132
YGR047C,YPL017C,0,0.22426096,0.12611666321754456,0.9571285843849182,0.6653996109962463
YJL046W,YDR283C,0,0.22419277,0.126100093126297,0.9571285843849182,0.6654996275901794
YMR292W,YCR037C,0,0.22347715,0.12608352303504944,0.9571285843849182,0.6655997037887573
YNL213C,YER053C,0,0.22310615,0.12606696784496307,0.9571285843849182,0.6656997203826904
YGL232W,YNL248C,0,0.22271802,0.1260504275560379,0.9571285843849182,0.6657997369766235
YDR341C,YPL074W,0,0.22201455,0.12603387236595154,0.9571285843849182,0.6658997535705566
YKR062W,YDR044W,0,0.22136998,0.12601733207702637,0.9571285843849182,0.6659997701644897
YER099C,YCL066W,0,0.22118643,0.1260007917881012,0.9571285843849182,0.6660998463630676
YDR283C,YPR005C,0,0.21990454,0.12598425149917603,0.9571285843849182,0.6661998629570007
YAL020C,YCR039C,0,0.21898448,0.12596772611141205,0.9571285843849182,0.6662998795509338
YFR003C,YGR027W-B,0,0.21839863,0.12595120072364807,0.9571285843849182,0.6663998961448669
YOL030W,YLR038C,0,0.2174921,0.1259346753358841,0.9571285843849182,0.6664999723434448
YOR348C,YML081C-A,0,0.21740401,0.12591814994812012,0.9571285843849182,0.6665999889373779
YOR124C,YCL066W,0,0.21686354,0.12590163946151733,0.9571285843849182,0.666700005531311
YMR208W,YMR045C,0,0.21645692,0.12588512897491455,0.9571285843849182,0.6668000221252441
YDR312W,YPR005C,0,0.21642712,0.12586861848831177,0.9571285843849182,0.666900098323822
YMR211W,YML091C,0,0.21593377,0.12585212290287018,0.9571285843849182,0.6670001149177551
YEL013W,YGR002C,0,0.2146609,0.1258356273174286,0.9571285843849182,0.6671001315116882
YBR264C,YLR204W,0,0.21457791,0.125819131731987,0.9571285843849182,0.6672001481056213
YLR370C,YNR020C,0,0.21444276,0.1258026510477066,0.9571285843849182,0.6673001646995544
YLR370C,YML104C,0,0.21318743,0.1257861703634262,0.9571285843849182,0.6674002408981323
YGR029W,YPL159C,0,0.21287414,0.1257696896791458,0.9571285843849182,0.6675002574920654
YGL021W,YML060W,0,0.21120554,0.12575320899486542,0.9571285843849182,0.6676002740859985
YNL188W,YGR162W,0,0.21062507,0.12573674321174622,0.9571285843849182,0.6677002906799316
YMR306W,YHR160C,0,0.21061698,0.12572027742862701,0.9571285843849182,0.6678003668785095
YDR465C,YDR128W,0,0.21050131,0.1257038116455078,0.9571285843849182,0.6679003834724426
YGL040C,YDR421W,0,0.21020193,0.1256873458623886,0.9571285843849182,0.6680004000663757
YDR532C,YDR014W,0,0.20958914,0.1256708949804306,0.9571285843849182,0.6681004166603088
YDR524C,YLR139C,0,0.20941186,0.1256544440984726,0.9571285843849182,0.6682004332542419
YNR001C,YPR054W,0,0.20937349,0.12563800811767578,0.9571285843849182,0.6683005094528198
YNL054W-B,YMR026C,0,0.2091179,0.12562157213687897,0.9571285843849182,0.6684005260467529
YNL331C,YGR076C,0,0.20881194,0.12560513615608215,0.9571285843849182,0.668500542640686
YPR070W,YML115C,0,0.20839417,0.12558870017528534,0.9571285843849182,0.6686005592346191
YKR062W,YGR191W,0,0.20814702,0.12557226419448853,0.9571285843849182,0.668700635433197
YLR086W,YKL059C,0,0.20810977,0.1255558431148529,0.9571285843849182,0.6688006520271301
YML077W,YER161C,0,0.20738497,0.12553942203521729,0.9571285843849182,0.6689006686210632
YNL242W,YLR040C,0,0.207274,0.12552301585674286,0.9571285843849182,0.6690006852149963
YJL165C,YJR060W,0,0.20694847,0.12550659477710724,0.9571285843849182,0.6691007018089294
YFR003C,YKL042W,0,0.20693925,0.125490203499794,0.9571285843849182,0.6692007780075073
YLR106C,YLR287C-A,0,0.20687447,0.12547379732131958,0.9571285843849182,0.6693007946014404
YLR373C,YHR025W,0,0.20677832,0.12545739114284515,0.9571285843849182,0.6694008111953735
YIL078W,YDR523C,0,0.20656532,0.12544099986553192,0.9571285843849182,0.6695008277893066
YDR524C,YMR204C,0,0.2063181,0.1254246085882187,0.9571285843849182,0.6696009039878845
YEL013W,YGL141W,0,0.20614928,0.12540823221206665,0.9571285843849182,0.6697009205818176
YML095C,YDL008W,0,0.20541887,0.1253918558359146,0.9571285843849182,0.6698009371757507
YBR286W,YGL222C,0,0.20504276,0.12537547945976257,0.9571285843849182,0.6699009537696838
YKL059C,YDR055W,0,0.20461084,0.12535910308361053,0.9571285843849182,0.6700010299682617
YBR055C,YGR002C,0,0.20436665,0.1253427267074585,0.9571285843849182,0.6701010465621948
YGR027W-B,YPL026C,0,0.20396118,0.12532636523246765,0.9571285843849182,0.6702010631561279
YOR322C,YGR014W,0,0.20316076,0.125310018658638,0.9571285843849182,0.670301079750061
YBR022W,YKL017C,0,0.20308268,0.12529365718364716,0.9571285843849182,0.6704010963439941
YNL096C,YML087C,0,0.20285067,0.1252773106098175,0.9571285843849182,0.670501172542572
YML077W,YJR059W,0,0.20281166,0.12526096403598785,0.9571285843849182,0.6706011891365051
YDR316W-A,YPL028W,0,0.20267668,0.1252446174621582,0.9571285843849182,0.6707012057304382
YLL013C,YEL016C,0,0.20253588,0.12522828578948975,0.9571285843849182,0.6708012223243713
YNL291C,YAL023C,0,0.2017548,0.1252119541168213,0.9571285843849182,0.6709012985229492
YDL006W,YJR058C,0,0.2017124,0.12519562244415283,0.9571285843849182,0.6710013151168823
YJL090C,YER110C,0,0.20067772,0.12517929077148438,0.9571285843849182,0.6711013317108154
YIR036C,YKL164C,0,0.20035002,0.1251629739999771,0.9571285843849182,0.6712013483047485
YCR040W,YOR067C,0,0.2000707,0.12514665722846985,0.9571285843849182,0.6713013648986816
YFL036W,YER140W,0,0.1994372,0.12513034045696259,0.9571285843849182,0.6714014410972595
YLR170C,YMR109W,0,0.19882831,0.12511403858661652,0.9571285843849182,0.6715014576911926
YOR037W,YOR265W,0,0.19869527,0.12509773671627045,0.9571285843849182,0.6716014742851257
YAL020C,YML074C,0,0.19812356,0.12508143484592438,0.9571285843849182,0.6717014908790588
YJL164C,YNR045W,0,0.19779322,0.1250651329755783,0.9571285843849182,0.6718015670776367
YGL191W,YNL268W,0,0.1974114,0.12504884600639343,0.9571285843849182,0.6719015836715698
YOL156W,YOL157C,0,0.19712698,0.12503255903720856,0.9571285843849182,0.6720016002655029
YOL067C,YDR044W,0,0.19699064,0.12501627206802368,0.9571285843849182,0.672101616859436
YAR019C,YPL123C,0,0.19690047,0.125,0.9571285843849182,0.6722016334533691
YNL158W,YNR016C,0,0.19675925,0.12498372793197632,0.9571285843849182,0.672301709651947
YDR253C,YPR049C,0,0.19664347,0.12496745586395264,0.9571285843849182,0.6724017262458801
YGR009C,YGR200C,0,0.19654372,0.12495119124650955,0.9571285843849182,0.6725017428398132
YOR192C-B,YLR032W,0,0.19633889,0.12493492662906647,0.9571285843849182,0.6726017594337463
YPL157W,YLR099C,0,0.19606972,0.12491866946220398,0.9571285843849182,0.6727018356323242
YPL038W,YGL059W,0,0.19563103,0.12490241974592209,0.9571285843849182,0.6728018522262573
YGR027W-B,YPL186C,0,0.1955884,0.1248861700296402,0.9571285843849182,0.6729018688201904
YGL137W,YDR420W,0,0.19549114,0.1248699277639389,0.9571285843849182,0.6730018854141235
YDR033W,YOL123W,0,0.19530416,0.12485368549823761,0.9571285843849182,0.6731019020080566
YHL009W-B,YDR478W,0,0.19485661,0.12483745068311691,0.9571285843849182,0.6732019782066345
YGR075C,YOL056W,0,0.19472225,0.12482122331857681,0.9571285843849182,0.6733019948005676
YJL156C,YDR014W,0,0.194584,0.12480498850345612,0.9571285843849182,0.6734020113945007
YOR174W,YDL146W,0,0.19262233,0.12478876858949661,0.9571285843849182,0.6735020279884338
YDR270W,YHR013C,0,0.19202235,0.12477254867553711,0.9571285843849182,0.6736021041870117
YNL210W,YIR036C,0,0.19187783,0.1247563362121582,0.9571285843849182,0.6737021207809448
YDR052C,YKL164C,0,0.19184598,0.1247401237487793,0.9571285843849182,0.6738021373748779
YMR289W,YMR306W,0,0.19183269,0.12472391873598099,0.9571285843849182,0.673902153968811
YGR162W,YLL022C,0,0.19139127,0.12470771372318268,0.9571285843849182,0.6740022301673889
YOR046C,YGL168W,0,0.19132963,0.12469151616096497,0.9571285843849182,0.674102246761322
YOR155C,YJR143C,0,0.1907777,0.12467532604932785,0.9571285843849182,0.6742022633552551
YPL019C,YDR034C-C,0,0.19075811,0.12465913593769073,0.9571285843849182,0.6743022799491882
YKR038C,YFL041W,0,0.19068472,0.12464295327663422,0.9571285843849182,0.6744022965431213
YJL106W,YBR035C,0,0.19023857,0.1246267706155777,0.9571285843849182,0.6745023727416992
YMR166C,YAR018C,0,0.19005235,0.12461059540510178,0.9571285843849182,0.6746023893356323
YML104C,YBR097W,0,0.18967843,0.12459442019462585,0.9571285843849182,0.6747024059295654
YCR077C,YOR343W-A,0,0.18716745,0.12457825243473053,0.9571285843849182,0.6748024225234985
YIL093C,YMR152W,0,0.18684232,0.1245620846748352,0.9571285843849182,0.6749024987220764
YJL162C,YMR161W,1,0.18656762,0.12467566132545471,0.958125650882721,0.6749024987220764
YOR192C-B,YJR025C,0,0.18579966,0.12465948611497879,0.958125650882721,0.6750025153160095
YKL088W,YNL339C,0,0.18543695,0.12464331835508347,0.958125650882721,0.6751025319099426
YMR051C,YJR143C,0,0.1852788,0.12462715804576874,0.958125650882721,0.6752025485038757
YPL148C,YOR043W,0,0.18487474,0.12461099773645401,0.958125650882721,0.6753025650978088
YNL339C,YLL022C,0,0.1843766,0.12459483742713928,0.958125650882721,0.6754026412963867
YLR237W,YJL080C,0,0.18421906,0.12457868456840515,0.958125650882721,0.6755026578903198
YMR307W,YDR170W-A,0,0.18387586,0.12456253916025162,0.958125650882721,0.6756026744842529
YDR236C,YNL306W,0,0.1836308,0.12454639375209808,0.958125650882721,0.675702691078186
YER048W-A,YCR047C,0,0.18357694,0.12453025579452515,0.958125650882721,0.6758027672767639
YKL011C,YML081C-A,0,0.18316564,0.1245141252875328,0.958125650882721,0.675902783870697
YMR100W,YGR054W,0,0.18251239,0.12449799478054047,0.958125650882721,0.6760028004646301
YKL089W,YMR166C,0,0.18245552,0.12448186427354813,0.958125650882721,0.6761028170585632
YMR223W,YDR055W,0,0.18151534,0.12446574121713638,0.958125650882721,0.6762028336524963
YGR027W-B,YIL136W,0,0.18083823,0.12444962561130524,0.958125650882721,0.6763029098510742
YCR009C,YOR192C-A,0,0.18063365,0.12443351000547409,0.958125650882721,0.6764029264450073
YHL044W,YER088C,0,0.18057835,0.12441740185022354,0.958125650882721,0.6765029430389404
YDR299W,YJL129C,0,0.18056361,0.12440129369497299,0.958125650882721,0.6766029596328735
YOL003C,YPL206C,0,0.17983341,0.12438519299030304,0.958125650882721,0.6767030358314514
YPR048W,YJR029W,0,0.17938387,0.12436909228563309,0.958125650882721,0.6768030524253845
YOL138C,YMR051C,0,0.17913085,0.12435299903154373,0.958125650882721,0.6769030690193176
YKL154W,YKL034W,0,0.17903535,0.12433691322803497,0.958125650882721,0.6770030856132507
YKL135C,YDL141W,0,0.17895593,0.12432082742452621,0.958125650882721,0.6771031022071838
YFR041C,YCL069W,0,0.1784338,0.12430474907159805,0.958125650882721,0.6772031784057617
YCR096C,YDR261W-B,0,0.1783759,0.12428867071866989,0.958125650882721,0.6773031949996948
YNL119W,YPR054W,0,0.17833869,0.12427259981632233,0.958125650882721,0.6774032115936279
YGR027W-B,YOR043W,0,0.17807743,0.12425652891397476,0.958125650882721,0.677503228187561
YNL158W,YBR009C,0,0.1775163,0.1242404654622078,0.958125650882721,0.6776033043861389
YPL051W,YDR065W,0,0.17630741,0.12422440201044083,0.958125650882721,0.677703320980072
YKL179C,YIL155C,0,0.17568141,0.12420834600925446,0.958125650882721,0.6778033375740051
YJL048C,YGL191W,0,0.17559819,0.12419229745864868,0.958125650882721,0.6779033541679382
YJR045C,YDL229W,1,0.17447688,0.12430546432733536,0.9591226577758789,0.6779033541679382
YBR158W,YGL191W,0,0.17401686,0.12428940832614899,0.9591226577758789,0.6780034303665161
YJL048C,YHR140W,0,0.17320397,0.12427335232496262,0.9591226577758789,0.6781034469604492
YBR058C-A,YOR246C,0,0.17309155,0.12425729632377625,0.9591226577758789,0.6782034635543823
YLR446W,YNR041C,0,0.17291157,0.12424124777317047,0.9591226577758789,0.6783034801483154
YNR045W,YIL112W,0,0.1721833,0.1242252066731453,0.9591226577758789,0.6784034967422485
YJL170C,YBR164C,0,0.17215899,0.12420916557312012,0.9591226577758789,0.6785035729408264
YNR070W,YNL306W,0,0.17202874,0.12419313192367554,0.9591226577758789,0.6786035895347595
YJR015W,YOR343W-A,0,0.17202112,0.12417709827423096,0.9591226577758789,0.6787036061286926
YDR326C,YPR032W,0,0.1719295,0.12416107207536697,0.9591226577758789,0.6788036227226257
YCL055W,YNR007C,0,0.17154737,0.12414505332708359,0.9591226577758789,0.6789036989212036
YDL085W,YLR403W,0,0.1713079,0.1241290345788002,0.9591226577758789,0.6790037155151367
YHR181W,YCL066W,0,0.17081423,0.12411301583051682,0.9591226577758789,0.6791037321090698
YPR158C-D,YOL120C,0,0.17074515,0.12409700453281403,0.9591226577758789,0.6792037487030029
YHR153C,YLR356W,0,0.17073813,0.12408100068569183,0.9591226577758789,0.679303765296936
YNL191W,YNR007C,0,0.16936554,0.12406499683856964,0.9591226577758789,0.6794038414955139
YMR130W,YLR304C,0,0.16908905,0.12404900044202805,0.9591226577758789,0.679503858089447
YOR043W,YNL339C,0,0.16896576,0.12403300404548645,0.9591226577758789,0.6796038746833801
YDR036C,YPL121C,0,0.16724208,0.12401701509952545,0.9591226577758789,0.6797038912773132
YDR050C,YER070W,0,0.16722468,0.12400103360414505,0.9591226577758789,0.6798039674758911
YNL293W,YOR315W,0,0.16666138,0.12398505210876465,0.9591226577758789,0.6799039840698242
YJR089W,YPL204W,0,0.16558322,0.12396907061338425,0.9591226577758789,0.6800040006637573
YNR020C,YER126C,0,0.16553319,0.12395309656858444,0.9591226577758789,0.6801040172576904
YFL036W,YMR022W,0,0.16514234,0.12393712997436523,0.9591226577758789,0.6802040338516235
YJL165C,YOL123W,0,0.16454186,0.12392116338014603,0.9591226577758789,0.6803041100502014
YKL173W,YDR483W,0,0.16427967,0.12390520423650742,0.9591226577758789,0.6804041266441345
YBL078C,YKR009C,0,0.16420102,0.1238892450928688,0.9591226577758789,0.6805041432380676
YMR211W,YIL171W,0,0.16417669,0.12387329339981079,0.9591226577758789,0.6806041598320007
YFR037C,YMR139W,0,0.16389254,0.12385734170675278,0.9591226577758789,0.6807042360305786
YNL049C,YDR495C,0,0.1630168,0.12384139746427536,0.9591226577758789,0.6808042526245117
YGL137W,YPL204W,0,0.16269471,0.12382546067237854,0.9591226577758789,0.6809042692184448
YDR074W,YJR158W,0,0.1615311,0.12380952388048172,0.9591226577758789,0.6810042858123779
YDL200C,YMR017W,0,0.1614485,0.1237935945391655,0.9591226577758789,0.681104302406311
YLL062C,YOR356W,0,0.16134736,0.12377766519784927,0.9591226577758789,0.6812043786048889
YER148W,YMR150C,0,0.16044064,0.12376173585653305,0.9591226577758789,0.681304395198822
YDL043C,YLR419W,0,0.1600067,0.12374582141637802,0.9591226577758789,0.6814044117927551
YJR139C,YER068W,0,0.15983656,0.12372990697622299,0.9591226577758789,0.6815044283866882
YML125C,YIL160C,0,0.15921417,0.12371399253606796,0.9591226577758789,0.6816045045852661
YBR048W,YJR155W,0,0.15905333,0.12369808554649353,0.9591226577758789,0.6817045211791992
YGR054W,YMR311C,0,0.1589829,0.1236821785569191,0.9591226577758789,0.6818045377731323
YDL138W,YKR097W,0,0.15875912,0.12366627901792526,0.9591226577758789,0.6819045543670654
YBR097W,YGR054W,0,0.15778942,0.12365038692951202,0.9591226577758789,0.6820046305656433
YGL191W,YGR008C,0,0.15751505,0.12363449484109879,0.9591226577758789,0.6821046471595764
YOR192C-A,YPL202C,0,0.15730783,0.12361861020326614,0.9591226577758789,0.6822046637535095
YKL183W,YPL092W,0,0.1551719,0.1236027255654335,0.9591226577758789,0.6823046803474426
YMR142C,YCL069W,0,0.15484937,0.12358684837818146,0.9591226577758789,0.6824046969413757
YOR192C-A,YPR108W,0,0.15361932,0.12357097119092941,0.9591226577758789,0.6825047731399536
YLR134W,YPL103C,0,0.15355268,0.12355510145425797,0.9591226577758789,0.6826047897338867
YNL061W,YHL016C,0,0.15316442,0.12353923171758652,0.9591226577758789,0.6827048063278198
YDR134C,YOR343W-A,0,0.15313357,0.12352336943149567,0.9591226577758789,0.6828048229217529
YJL019W,YLR276C,0,0.15297164,0.12350750714540482,0.9591226577758789,0.6829048991203308
YDR390C,YKL028W,0,0.15142384,0.12349165230989456,0.9591226577758789,0.6830049157142639
YHR028C,YDR326C,0,0.15087575,0.1234758049249649,0.9591226577758789,0.683104932308197
YPR166C,YPL160W,0,0.15086436,0.12345995754003525,0.9591226577758789,0.6832049489021301
YNL158W,YGR154C,0,0.1506967,0.12344411760568619,0.9591226577758789,0.6833049654960632
YGR026W,YLR207W,0,0.15067074,0.12342827767133713,0.9591226577758789,0.6834050416946411
YOR066W,YDR088C,0,0.1498892,0.12341244518756866,0.9591226577758789,0.6835050582885742
YNL086W,YGL035C,0,0.14986764,0.1233966127038002,0.9591226577758789,0.6836050748825073
YJL133W,YJR135W-A,0,0.14961094,0.12338078767061234,0.9591226577758789,0.6837050914764404
YBL030C,YDL205C,0,0.14954314,0.12336496263742447,0.9591226577758789,0.6838051676750183
YBR245C,YBR207W,0,0.1489079,0.1233491450548172,0.9591226577758789,0.6839051842689514
YER159C-A,YKR058W,0,0.14868698,0.12333333492279053,0.9591226577758789,0.6840052008628845
YAL034W-A,YPR168W,0,0.148679,0.12331752479076385,0.9591226577758789,0.6841052174568176
YNL292W,YBR283C,0,0.14851163,0.12330171465873718,0.9591226577758789,0.6842052340507507
YBL039C,YPL085W,0,0.14818749,0.12328591197729111,0.9591226577758789,0.6843053102493286
YPR137C-B,YML043C,0,0.14770487,0.12327011674642563,0.9591226577758789,0.6844053268432617
YDL185W,YJL080C,0,0.1473757,0.12325432151556015,0.9591226577758789,0.6845053434371948
YGL128C,YBR289W,0,0.14709917,0.12323853373527527,0.9591226577758789,0.6846053600311279
YDR316W-A,YKL143W,0,0.14706354,0.12322274595499039,0.9591226577758789,0.6847054362297058
YNL227C,YCL066W,0,0.14636962,0.1232069656252861,0.9591226577758789,0.6848054528236389
YNL306W,YDR534C,0,0.14626992,0.12319119274616241,0.9591226577758789,0.684905469417572
YPL195W,YGR274C,0,0.14619344,0.12317541241645813,0.9591226577758789,0.6850054860115051
YBR231C,YOR014W,0,0.14595056,0.12315964698791504,0.9591226577758789,0.6851055026054382
YBR084W,YPR096C,0,0.14593072,0.12314388155937195,0.9591226577758789,0.6852055788040161
YFL047W,YBR264C,0,0.14586642,0.12312811613082886,0.9591226577758789,0.6853055953979492
YNL210W,YJR094W-A,0,0.14567535,0.12311236560344696,0.9591226577758789,0.6854056119918823
YIL142W,YAL058W,1,0.14549562,0.12322457134723663,0.9601196646690369,0.6854056119918823
YBR123C,YBL022C,0,0.14521022,0.12320880591869354,0.9601196646690369,0.6855056285858154
YNL101W,YDR034C-C,0,0.14501932,0.12319304049015045,0.9601196646690369,0.6856057047843933
YER148W,YPL031C,0,0.14470698,0.12317728251218796,0.9601196646690369,0.6857057213783264
YBR033W,YGR035C,0,0.14434467,0.12316153198480606,0.9601196646690369,0.6858057379722595
YDL166C,YNL268W,0,0.14342517,0.12314578145742416,0.9601196646690369,0.6859057545661926
YLR283W,YDR510W,0,0.1430761,0.12313003093004227,0.9601196646690369,0.6860058307647705
YDR270W,YPL068C,0,0.14253034,0.12311429530382156,0.9601196646690369,0.6861058473587036
YCR020C,YDR253C,0,0.14154895,0.12309855222702026,0.9601196646690369,0.6862058639526367
YIL009C-A,YDR031W,0,0.14139605,0.12308282405138016,0.9601196646690369,0.6863058805465698
YML042W,YDR486C,0,0.14118272,0.12306709587574005,0.9601196646690369,0.6864058971405029
YER086W,YGL095C,0,0.14055282,0.12305136770009995,0.9601196646690369,0.6865059733390808
YIL101C,YDR330W,0,0.13986565,0.12303564697504044,0.9601196646690369,0.6866059899330139
YGR008C,YMR303C,0,0.13945049,0.12301992624998093,0.9601196646690369,0.686706006526947
YJL041W,YJL065C,0,0.13934538,0.12300421297550201,0.9601196646690369,0.6868060231208801
YGR223C,YHR140W,0,0.1390312,0.1229885071516037,0.9601196646690369,0.686906099319458
YNL046W,YDR318W,0,0.13894609,0.12297280132770538,0.9601196646690369,0.6870061159133911
YJL072C,YAL025C,0,0.13853201,0.12295709550380707,0.9601196646690369,0.6871061325073242
YGL161C,YPR073C,0,0.13832352,0.12294140458106995,0.9601196646690369,0.6872061491012573
YBL075C,YOL152W,0,0.13707867,0.12292570620775223,0.9601196646690369,0.6873061656951904
YHL009W-B,YJL156C,0,0.13680962,0.1229100227355957,0.9601196646690369,0.6874062418937683
YPR156C,YLR078C,0,0.13639797,0.12289433181285858,0.9601196646690369,0.6875062584877014
YJR098C,YGR200C,0,0.13615137,0.12287865579128265,0.9601196646690369,0.6876062750816345
YER091C,YIL112W,0,0.13521045,0.12286297231912613,0.9601196646690369,0.6877062916755676
YOR278W,YLR414C,0,0.13502479,0.1228473037481308,0.9601196646690369,0.6878063678741455
YDR356W,YJL133W,0,0.13494264,0.12283163517713547,0.9601196646690369,0.6879063844680786
YGR027W-B,YOR242C,0,0.13477011,0.12281596660614014,0.9601196646690369,0.6880064010620117
YNR020C,YDL185W,0,0.13471162,0.1228003054857254,0.9601196646690369,0.6881064176559448
YGR054W,YHR011W,0,0.13455798,0.12278465181589127,0.9601196646690369,0.6882064342498779
YLL022C,YPR032W,0,0.13406286,0.12276899814605713,0.9601196646690369,0.6883065104484558
YDL146W,YPL153C,0,0.13404596,0.12275334447622299,0.9601196646690369,0.6884065270423889
YCR020C,YJL046W,0,0.13375412,0.12273769825696945,0.9601196646690369,0.688506543636322
YDL166C,YDR448W,0,0.13357735,0.12272205948829651,0.9601196646690369,0.6886065602302551
YHR147C,YNL054W-B,0,0.13322783,0.12270642071962357,0.9601196646690369,0.688706636428833
YOR373W,YBR084W,0,0.13274962,0.12269078940153122,0.9601196646690369,0.6888066530227661
YBR291C,YLR038C,0,0.13195881,0.12267515808343887,0.9601196646690369,0.6889066696166992
YNL128W,YGL084C,0,0.13183564,0.12265953421592712,0.9601196646690369,0.6890066862106323
YDR466W,YDR376W,0,0.1316502,0.12264391034841537,0.9601196646690369,0.6891067028045654
YGL213C,YIL115C,0,0.13157767,0.12262829393148422,0.9601196646690369,0.6892067790031433
YGR047C,YOR270C,0,0.13133784,0.12261268496513367,0.9601196646690369,0.6893067955970764
YER114C,YDR318W,0,0.13132033,0.12259706854820251,0.9601196646690369,0.6894068121910095
YMR086W,YDR507C,0,0.13117212,0.12258146703243256,0.9601196646690369,0.6895068287849426
YOL133W,YFL037W,0,0.13112496,0.1225658655166626,0.9601196646690369,0.6896069049835205
YGR286C,YAL003W,0,0.13065723,0.12255026400089264,0.9601196646690369,0.6897069215774536
YKR037C,YLR097C,0,0.13034964,0.12253466993570328,0.9601196646690369,0.6898069381713867
YDL229W,YNL339C,0,0.1299746,0.12251908332109451,0.9601196646690369,0.6899069547653198
YGL021W,YBR264C,0,0.12980865,0.12250349670648575,0.9601196646690369,0.6900070309638977
YGR006W,YOR217W,0,0.12963957,0.12248791754245758,0.9601196646690369,0.6901070475578308
YMR086W,YEL002C,0,0.12926802,0.12247233837842941,0.9601196646690369,0.6902070641517639
YLR318W,YOL147C,0,0.12915304,0.12245676666498184,0.9601196646690369,0.690307080745697
YGL095C,YDR330W,0,0.12890343,0.12244119495153427,0.9601196646690369,0.6904070973396301
YMR080C,YML094W,0,0.12886566,0.1224256306886673,0.9601196646690369,0.690507173538208
YDR065W,YIL171W,0,0.12868567,0.12241006642580032,0.9601196646690369,0.6906071901321411
YJR110W,YEL065W,0,0.12822673,0.12239450961351395,0.9601196646690369,0.6907072067260742
YNL001W,YIL090W,0,0.1280133,0.12237895280122757,0.9601196646690369,0.6908072233200073
YDR265W,YJR160C,0,0.12663399,0.12236340343952179,0.9601196646690369,0.6909072995185852
YNL210W,YMR290C,0,0.1265232,0.1223478615283966,0.9601196646690369,0.6910073161125183
YJR110W,YKL164C,0,0.12606208,0.12233231961727142,0.9601196646690369,0.6911073327064514
YGL232W,YLR014C,0,0.1260129,0.12231677770614624,0.9601196646690369,0.6912073493003845
YNL218W,YJL148W,0,0.12588346,0.12230124324560165,0.9601196646690369,0.6913073658943176
YDR248C,YDR400W,0,0.12562713,0.12228571623563766,0.9601196646690369,0.6914074420928955
YMR086W,YLR099C,0,0.12533644,0.12227018922567368,0.9601196646690369,0.6915074586868286
YDR283C,YLR381W,0,0.12482497,0.12225466221570969,0.9601196646690369,0.6916074752807617
YBR123C,YIL112W,0,0.12442759,0.12223915010690689,0.9601196646690369,0.6917074918746948
YOR257W,YHR099W,0,0.12377149,0.1222236305475235,0.9601196646690369,0.6918075680732727
YEL016C,YCR092C,0,0.12335703,0.1222081184387207,0.9601196646690369,0.6919075846672058
YJR025C,YOL007C,0,0.12248264,0.1221926137804985,0.9601196646690369,0.6920076012611389
YOL065C,YJR158W,0,0.12210491,0.1221771091222763,0.9601196646690369,0.692107617855072
YPL195W,YCR081W,0,0.12187503,0.1221616119146347,0.9601196646690369,0.6922076344490051
YKR030W,YML088W,0,0.1211319,0.1221461221575737,0.9601196646690369,0.692307710647583
YLR170C,YHR153C,0,0.12076308,0.1221306249499321,0.9601196646690369,0.6924077272415161
YAR018C,YBL082C,0,0.120754436,0.12211514264345169,0.9601196646690369,0.6925077438354492
YGL128C,YOR181W,0,0.12054901,0.12209966033697128,0.9601196646690369,0.6926077604293823
YLR396C,YLR212C,0,0.12036541,0.12208417803049088,0.9601196646690369,0.6927078366279602
YOR224C,YAL058W,0,0.119635105,0.12206870317459106,0.9601196646690369,0.6928078532218933
YNL325C,YNR041C,0,0.11922842,0.12205322831869125,0.9601196646690369,0.6929078698158264
YDL141W,YLR381W,0,0.1182652,0.12203776091337204,0.9601196646690369,0.6930078864097595
YKR038C,YNR040W,0,0.11759217,0.12202230095863342,0.9601196646690369,0.6931079030036926
YKR014C,YOR066W,0,0.11730927,0.1220068410038948,0.9601196646690369,0.6932079792022705
YPR158C-D,YJR075W,0,0.1170063,0.12199138849973679,0.9601196646690369,0.6933079957962036
YMR201C,YOR290C,0,0.1166663,0.12197593599557877,0.9601196646690369,0.6934080123901367
YML027W,YLR467W,0,0.116050586,0.12196048349142075,0.9601196646690369,0.6935080289840698
YBL030C,YDR239C,0,0.11574277,0.12194504588842392,0.9601196646690369,0.6936081051826477
YGR062C,YDR534C,0,0.11551769,0.1219296008348465,0.9601196646690369,0.6937081217765808
YOL018C,YDR421W,0,0.11529742,0.12191416323184967,0.9601196646690369,0.6938081383705139
YHL008C,YGR272C,0,0.11504018,0.12189873307943344,0.9601196646690369,0.693908154964447
YHL009W-B,YJR158W,0,0.11366449,0.12188330292701721,0.9601196646690369,0.6940082311630249
YPR049C,YPR102C,0,0.11364267,0.12186788022518158,0.9601196646690369,0.694108247756958
YHL009W-B,YIL124W,0,0.113548666,0.12185245752334595,0.9601196646690369,0.6942082643508911
YAL020C,YKL164C,0,0.11341053,0.12183704227209091,0.9601196646690369,0.6943082809448242
YNL039W,YGR220C,0,0.11333448,0.12182163447141647,0.9601196646690369,0.6944082975387573
YDR038C,YDR326C,0,0.11185765,0.12180622667074203,0.9601196646690369,0.6945083737373352
YER096W,YNL112W,0,0.11125183,0.1217908188700676,0.9601196646690369,0.6946083903312683
YML074C,YDR166C,0,0.11056148,0.12177541851997375,0.9601196646690369,0.6947084069252014
YOR192C-B,YAL044C,0,0.10957077,0.12176001816987991,0.9601196646690369,0.6948084235191345
YJR065C,YKR058W,0,0.1089896,0.12174462527036667,0.9601196646690369,0.6949084997177124
YNL136W,YGR189C,0,0.108133964,0.12172923982143402,0.9601196646690369,0.6950085163116455
YDL067C,YGR135W,0,0.10787432,0.12171385437250137,0.9601196646690369,0.6951085329055786
YPL068C,YBR207W,0,0.107854486,0.12169846892356873,0.9601196646690369,0.6952085494995117
YLR381W,YDL110C,0,0.10740334,0.12168309092521667,0.9601196646690369,0.6953085660934448
YJL044C,YCL031C,0,0.107035264,0.12166772037744522,0.9601196646690369,0.6954086422920227
YLR097C,YLR433C,0,0.10660553,0.12165234982967377,0.9601196646690369,0.6955086588859558
YNR011C,YPL149W,0,0.106506765,0.12163698673248291,0.9601196646690369,0.6956086754798889
YDR466W,YMR221C,0,0.10564557,0.12162162363529205,0.9601196646690369,0.695708692073822
YDR247W,YPR042C,0,0.10475594,0.1216062605381012,0.9601196646690369,0.6958087682723999
YNL001W,YGR274C,0,0.10361345,0.12159091234207153,0.9601196646690369,0.695908784866333
YMR316W,YCL050C,0,0.102525204,0.12157555669546127,0.9601196646690369,0.6960088014602661
YPL019C,YGL258W-A,0,0.10149162,0.12156020849943161,0.9601196646690369,0.6961088180541992
YHR207C,YDR118W,0,0.10135068,0.12154486775398254,0.9601196646690369,0.6962088346481323
YNR027W,YLR467W,0,0.10082354,0.12152952700853348,0.9601196646690369,0.6963089108467102
YNL207W,YDR210W-B,0,0.10070403,0.12151419371366501,0.9601196646690369,0.6964089274406433
YJL052W,YNL289W,0,0.09998019,0.12149886786937714,0.9601196646690369,0.6965089440345764
YDR341C,YFL047W,0,0.099650286,0.12148353457450867,0.9601196646690369,0.6966089606285095
YBL061C,YMR012W,0,0.09949081,0.12146821618080139,0.9601196646690369,0.6967090368270874
YLL013C,YDR034C-C,0,0.09927842,0.12145289778709412,0.9601196646690369,0.6968090534210205
YGL135W,YKL179C,0,0.09906468,0.12143757939338684,0.9601196646690369,0.6969090700149536
YGL223C,YPL017C,0,0.09831851,0.12142226845026016,0.9601196646690369,0.6970090866088867
YCL063W,YDR003W,0,0.09825607,0.12140695750713348,0.9601196646690369,0.6971091032028198
YBR033W,YLR430W,0,0.09820773,0.1213916540145874,0.9601196646690369,0.6972091794013977
YHR116W,YDR252W,0,0.097176924,0.12137635797262192,0.9601196646690369,0.6973091959953308
YDL007W,YNL289W,0,0.096824825,0.12136106193065643,0.9601196646690369,0.6974092125892639
YNL054W-B,YOR270C,0,0.09632331,0.12134576588869095,0.9601196646690369,0.697509229183197
YMR109W,YOR014W,0,0.09405071,0.12133047729730606,0.9601196646690369,0.6976093053817749
YJR032W,YER007W,1,0.09352131,0.12144117057323456,0.9611166715621948,0.6976093053817749
YER068W,YBL082C,0,0.09338704,0.12142587453126907,0.9611166715621948,0.697709321975708
YBR240C,YCR004C,0,0.09236777,0.12141057848930359,0.9611166715621948,0.6978093385696411
YER096W,YHL036W,0,0.092013195,0.1213952898979187,0.9611166715621948,0.6979093551635742
YOL067C,YER159C-A,0,0.091116615,0.12138000875711441,0.9611166715621948,0.6980094313621521
YMR198W,YJL158C,0,0.091030575,0.12136472016572952,0.9611166715621948,0.6981094479560852
YDR316W-A,YPL059W,0,0.09098329,0.12134944647550583,0.9611166715621948,0.6982094645500183
YHL040C,YOL080C,0,0.09006302,0.12133417278528214,0.9611166715621948,0.6983094811439514
YLR304C,YAL021C,0,0.089550614,0.12131889909505844,0.9611166715621948,0.6984094977378845
YIL112W,YOR150W,0,0.089493155,0.12130364030599594,0.9611166715621948,0.6985095739364624
YER133W,YEL015W,0,0.08834921,0.12128837406635284,0.9611166715621948,0.6986095905303955
YLR370C,YDR130C,0,0.08830601,0.12127311527729034,0.9611166715621948,0.6987096071243286
YER048W-A,YOR127W,0,0.088165864,0.12125786393880844,0.9611166715621948,0.6988096237182617
YGL128C,YCR069W,1,0.087571435,0.12136837840080261,0.9621136784553528,0.6988096237182617
YGL039W,YKL116C,0,0.087444544,0.12135311961174011,0.9621136784553528,0.6989096999168396
YJL156C,YNL310C,0,0.08685948,0.12133786082267761,0.9621136784553528,0.6990097165107727
YNL188W,YPR047W,0,0.08675593,0.12132260203361511,0.9621136784553528,0.6991097331047058
YGL021W,YLR238W,0,0.08675565,0.12130735069513321,0.9621136784553528,0.6992097496986389
YDL030W,YDR128W,0,0.08471292,0.1212921068072319,0.9621136784553528,0.699309766292572
YCR096C,YBR058C-A,0,0.08463487,0.1212768629193306,0.9621136784553528,0.6994098424911499
YHL044W,YLR097C,0,0.08434655,0.12126162648200989,0.9621136784553528,0.699509859085083
YBR033W,YPR054W,0,0.08314566,0.12124639004468918,0.9621136784553528,0.6996098756790161
YJL106W,YDR380W,0,0.08312815,0.12123115360736847,0.9621136784553528,0.6997098922729492
YKL004W,YHR161C,0,0.08280295,0.12121592462062836,0.9621136784553528,0.6998099684715271
YHL044W,YPL038W,0,0.08279456,0.12120070308446884,0.9621136784553528,0.6999099850654602
YMR233W,YCR081W,0,0.082638994,0.12118548154830933,0.9621136784553528,0.7000100016593933
YBL017C,YEL058W,0,0.08230739,0.12117026746273041,0.9621136784553528,0.7001100182533264
YKL179C,YGL251C,0,0.08227107,0.12115505337715149,0.9621136784553528,0.7002100348472595
YBR175W,YIR009W,0,0.08189532,0.12113984674215317,0.9621136784553528,0.7003101110458374
YML113W,YOR080W,0,0.08081873,0.12112464010715485,0.9621136784553528,0.7004101276397705
YDL056W,YGR194C,0,0.08062014,0.12110944092273712,0.9621136784553528,0.7005101442337036
YOL018C,YMR150C,0,0.07950795,0.1210942417383194,0.9621136784553528,0.7006101608276367
YDL141W,YDR402C,0,0.07949442,0.12107905000448227,0.9621136784553528,0.7007102370262146
YPR081C,YAL062W,0,0.0788777,0.12106385827064514,0.9621136784553528,0.7008102536201477
YLR396C,YDR116C,0,0.0788226,0.12104867398738861,0.9621136784553528,0.7009102702140808
YNL159C,YDR420W,0,0.07874793,0.12103348970413208,0.9621136784553528,0.7010102868080139
YMR247C,YER051W,0,0.07819083,0.12101831287145615,0.9621136784553528,0.701110303401947
YER148W,YKR048C,0,0.078106105,0.12100313603878021,0.9621136784553528,0.7012103796005249
YML054C,YKL178C,0,0.07800071,0.12098796665668488,0.9621136784553528,0.701310396194458
YCR077C,YJL008C,0,0.07756814,0.12097279727458954,0.9621136784553528,0.7014104127883911
YPR137C-B,YHR140W,0,0.0775481,0.1209576353430748,0.9621136784553528,0.7015104293823242
YDL138W,YKR048C,0,0.07719165,0.12094247341156006,0.9621136784553528,0.7016105055809021
YML129C,YNL213C,0,0.07703307,0.12092731893062592,0.9621136784553528,0.7017105221748352
YBL088C,YOR131C,0,0.07653384,0.12091216444969177,0.9621136784553528,0.7018105387687683
YOR046C,YIR009W,0,0.07586153,0.12089701741933823,0.9621136784553528,0.7019105553627014
YHR027C,YHL019C,0,0.07580858,0.12088187038898468,0.9621136784553528,0.7020106315612793
YDR315C,YKL156W,0,0.07555188,0.12086673080921173,0.9621136784553528,0.7021106481552124
YNL213C,YBL090W,0,0.075308636,0.12085159868001938,0.9621136784553528,0.7022106647491455
YER159C-A,YER133W,0,0.07394721,0.12083646655082703,0.9621136784553528,0.7023106813430786
YBR175W,YDR443C,0,0.072939515,0.12082133442163467,0.9621136784553528,0.7024106979370117
YLR343W,YJL080C,0,0.07198097,0.12080620974302292,0.9621136784553528,0.7025107741355896
YNR040W,YCR010C,0,0.07126078,0.12079108506441116,0.9621136784553528,0.7026107907295227
YDL229W,YLR266C,0,0.070493445,0.12077596783638,0.9621136784553528,0.7027108073234558
YOL065C,YHR092C,0,0.070251144,0.12076085805892944,0.9621136784553528,0.7028108239173889
YGL021W,YIL009C-A,0,0.06989509,0.12074574828147888,0.9621136784553528,0.7029109001159668
YPR070W,YDR298C,0,0.069815844,0.12073063850402832,0.9621136784553528,0.7030109167098999
YPR048W,YOR373W,0,0.06929393,0.12071553617715836,0.9621136784553528,0.703110933303833
YJL156C,YBR241C,0,0.06920442,0.12070044130086899,0.9621136784553528,0.7032109498977661
YJR066W,YDR436W,0,0.06859852,0.12068533897399902,0.9621136784553528,0.7033109664916992
YPR168W,YPR096C,0,0.06800115,0.12067025154829025,0.9621136784553528,0.7034110426902771
YOR381W,YBR299W,0,0.06729159,0.12065516412258148,0.9621136784553528,0.7035110592842102
YLR237W,YNL054W-B,0,0.06707812,0.12064007669687271,0.9621136784553528,0.7036110758781433
YIR012W,YNL146W,0,0.0670007,0.12062499672174454,0.9621136784553528,0.7037110924720764
YNL049C,YGR263C,0,0.06633937,0.12060992419719696,0.9621136784553528,0.7038111686706543
YDR334W,YCR075C,0,0.066226065,0.12059485167264938,0.9621136784553528,0.7039111852645874
YER173W,YDR507C,0,0.06591961,0.1205797791481018,0.9621136784553528,0.7040112018585205
YHR161C,YLR147C,0,0.06565954,0.12056471407413483,0.9621136784553528,0.7041112184524536
YKR104W,YLR014C,0,0.065557465,0.12054965645074844,0.9621136784553528,0.7042112350463867
YMR016C,YDR130C,0,0.06554252,0.12053459882736206,0.9621136784553528,0.7043113112449646
YPL143W,YMR122W-A,0,0.065186165,0.12051954865455627,0.9621136784553528,0.7044113278388977
YKL010C,YOL002C,0,0.06502092,0.12050449848175049,0.9621136784553528,0.7045113444328308
YOR181W,YER159C-A,0,0.064424366,0.1204894483089447,0.9621136784553528,0.7046113610267639
YPL060W,YGL227W,0,0.063831545,0.12047440558671951,0.9621136784553528,0.7047114372253418
YMR036C,YBL075C,0,0.06347995,0.12045937031507492,0.9621136784553528,0.7048114538192749
YNL012W,YDR298C,0,0.062037706,0.12044433504343033,0.9621136784553528,0.704911470413208
YBR084W,YLR438C-A,0,0.061314583,0.12042929977178574,0.9621136784553528,0.7050114870071411
YHR161C,YPR036W,0,0.061000794,0.12041427195072174,0.9621136784553528,0.705111563205719
YDR065W,YML081C-A,0,0.06062882,0.12039925158023834,0.9621136784553528,0.7052115797996521
YPR158C-D,YDL051W,0,0.06019235,0.12038423120975494,0.9621136784553528,0.7053115963935852
YHL009W-B,YMR128W,0,0.060133465,0.12036921828985214,0.9621136784553528,0.7054116129875183
YBR122C,YNL325C,0,0.059974372,0.12035420536994934,0.9621136784553528,0.7055116295814514
YJR158W,YGL222C,0,0.059319437,0.12033919245004654,0.9621136784553528,0.7056117057800293
YOR308C,YPL111W,0,0.058920562,0.12032418698072433,0.9621136784553528,0.7057117223739624
YNL248C,YGR076C,0,0.058423072,0.12030918896198273,0.9621136784553528,0.7058117389678955
YML015C,YGR006W,0,0.058005363,0.12029419094324112,0.9621136784553528,0.7059117555618286
YKL178C,YMR150C,0,0.057498187,0.12027920037508011,0.9621136784553528,0.7060118317604065
YNR011C,YMR306W,0,0.057167664,0.1202642098069191,0.9621136784553528,0.7061118483543396
YML074C,YDR034C-C,0,0.056299996,0.12024921923875809,0.9621136784553528,0.7062118649482727
YPL121C,YDR228C,0,0.056298777,0.12023423612117767,0.9621136784553528,0.7063118815422058
YGR047C,YMR208W,0,0.056191117,0.12021926045417786,0.9621136784553528,0.7064118981361389
YDR341C,YOL067C,0,0.055919286,0.12020428478717804,0.9621136784553528,0.7065119743347168
YKL183W,YFR008W,0,0.054912418,0.12018931657075882,0.9621136784553528,0.7066119909286499
YGR009C,YIL113W,0,0.054768976,0.1201743483543396,0.9621136784553528,0.706712007522583
YMR098C,YOR150W,0,0.05451408,0.12015938013792038,0.9621136784553528,0.7068120241165161
YDR356W,YGR116W,0,0.05446174,0.12014441937208176,0.9621136784553528,0.706912100315094
YDR033W,YGR159C,0,0.053587556,0.12012946605682373,0.9621136784553528,0.7070121169090271
YLR154C,YDR421W,0,0.053575456,0.1201145127415657,0.9621136784553528,0.7071121335029602
YDR238C,YNR043W,0,0.053553566,0.12009956687688828,0.9621136784553528,0.7072121500968933
YLR008C,YOL140W,0,0.053485364,0.12008462101221085,0.9621136784553528,0.7073121666908264
YMR139W,YDR402C,0,0.053163826,0.12006967514753342,0.9621136784553528,0.7074122428894043
YJL157C,YGL040C,0,0.052799486,0.12005473673343658,0.9621136784553528,0.7075122594833374
YEL016C,YDR047W,0,0.05147937,0.12003980576992035,0.9621136784553528,0.7076122760772705
YDL136W,YNR020C,0,0.05013295,0.12002487480640411,0.9621136784553528,0.7077122926712036
YDL144C,YDL185W,0,0.050013438,0.12000995129346848,0.9621136784553528,0.7078123688697815
YGL136C,YDR503C,0,0.048694283,0.11999502778053284,0.9621136784553528,0.7079123854637146
YOR181W,YDR478W,0,0.04818064,0.1199801042675972,0.9621136784553528,0.7080124020576477
YDL200C,YBL055C,0,0.048150353,0.11996518820524216,0.9621136784553528,0.7081124186515808
YIL090W,YPL092W,0,0.047584824,0.11995027959346771,0.9621136784553528,0.7082124352455139
YDR312W,YBL060W,0,0.047251493,0.11993537098169327,0.9621136784553528,0.7083125114440918
YIR006C,YJR001W,0,0.04724358,0.11992046982049942,0.9621136784553528,0.7084125280380249
YGL035C,YIL072W,0,0.04724236,0.11990556865930557,0.9621136784553528,0.708512544631958
YMR247C,YML085C,0,0.047205135,0.11989066749811172,0.9621136784553528,0.7086125612258911
YMR306W,YER096W,0,0.046242118,0.11987577378749847,0.9621136784553528,0.708712637424469
YLR097C,YIL009C-A,0,0.045941845,0.11986088752746582,0.9621136784553528,0.7088126540184021
YLR396C,YIR002C,0,0.045883402,0.11984600126743317,0.9621136784553528,0.7089126706123352
YOR061W,YJR160C,0,0.04576701,0.11983112245798111,0.9621136784553528,0.7090126872062683
YDR242W,YMR163C,0,0.045668676,0.11981624364852905,0.9621136784553528,0.7091127634048462
YER140W,YHL019C,0,0.045582026,0.119801364839077,0.9621136784553528,0.7092127799987793
YER174C,YMR004W,0,0.04548116,0.11978649348020554,0.9621136784553528,0.7093127965927124
YDR379W,YCR028C,0,0.0452116,0.11977162957191467,0.9621136784553528,0.7094128131866455
YDR288W,YGR191W,0,0.04457312,0.11975676566362381,0.9621136784553528,0.7095128297805786
YLR381W,YOR242C,0,0.043803956,0.11974190175533295,0.9621136784553528,0.7096129059791565
YNR045W,YIL160C,0,0.04276317,0.11972704529762268,0.9621136784553528,0.7097129225730896
YGR035C,YML048W,0,0.041058995,0.11971219629049301,0.9621136784553528,0.7098129391670227
YHR207C,YCL047C,0,0.03967329,0.11969734728336334,0.9621136784553528,0.7099129557609558
YPR156C,YIL111W,0,0.039294407,0.11968249827623367,0.9621136784553528,0.7100130319595337
YJR060W,YGR027W-B,0,0.039276876,0.1196676567196846,0.9621136784553528,0.7101130485534668
YKR062W,YPL092W,0,0.039241582,0.11965282261371613,0.9621136784553528,0.7102130651473999
YCR039C,YNR020C,0,0.039174676,0.11963798850774765,0.9621136784553528,0.710313081741333
YPL091W,YML015C,0,0.038922638,0.11962315440177917,0.9621136784553528,0.7104130983352661
YNL091W,YLR078C,0,0.038783997,0.1196083277463913,0.9621136784553528,0.710513174533844
YDR347W,YDR380W,0,0.03765828,0.11959350854158401,0.9621136784553528,0.7106131911277771
YIR006C,YGL147C,0,0.037511677,0.11957868933677673,0.9621136784553528,0.7107132077217102
YDR261W-B,YEL058W,0,0.0373209,0.11956387013196945,0.9621136784553528,0.7108132243156433
YHR176W,YBL075C,1,0.037032634,0.11967294663190842,0.9631106853485107,0.7108132243156433
YOR192C-A,YPL103C,0,0.03678669,0.11965811997652054,0.9631106853485107,0.7109133005142212
YNL061W,YBL074C,0,0.03626764,0.11964330077171326,0.9631106853485107,0.7110133171081543
YLR418C,YNL129W,0,0.036107935,0.11962848156690598,0.9631106853485107,0.7111133337020874
YGL232W,YOR373W,0,0.036049157,0.11961366981267929,0.9631106853485107,0.7112133502960205
YLR396C,YMR042W,0,0.03547225,0.1195988580584526,0.9631106853485107,0.7113133668899536
YJR066W,YDR046C,0,0.035376757,0.11958405375480652,0.9631106853485107,0.7114134430885315
YAR018C,YOL120C,0,0.035337605,0.11956925690174103,0.9631106853485107,0.7115134596824646
YOL105C,YOR332W,0,0.034377575,0.11955445259809494,0.9631106853485107,0.7116134762763977
YOL103W,YOR211C,0,0.03393709,0.11953966319561005,0.9631106853485107,0.7117134928703308
YOR381W,YOR242C,0,0.03308791,0.11952487379312515,0.9631106853485107,0.7118135690689087
YLR419W,YOR391C,0,0.032888204,0.11951008439064026,0.9631106853485107,0.7119135856628418
YHL044W,YLR078C,0,0.03285712,0.11949530243873596,0.9631106853485107,0.7120136022567749
YAR010C,YPL028W,0,0.03272915,0.11948052048683167,0.9631106853485107,0.712113618850708
YDR465C,YEL016C,0,0.031600982,0.11946574598550797,0.9631106853485107,0.7122136354446411
YDR261W-B,YOR075W,0,0.03142125,0.11945097148418427,0.9631106853485107,0.712313711643219
YMR080C,YBR012W-A,0,0.030470014,0.11943620443344116,0.9631106853485107,0.7124137282371521
YCR047C,YAL035W,0,0.030304834,0.11942143738269806,0.9631106853485107,0.7125137448310852
YBR050C,YNR047W,0,0.030151144,0.11940667778253555,0.9631106853485107,0.7126137614250183
YJL125C,YER173W,0,0.02972772,0.11939191818237305,0.9631106853485107,0.7127138376235962
YDR261W-B,YBR035C,0,0.029695295,0.11937716603279114,0.9631106853485107,0.7128138542175293
YOL139C,YBR012W-B,0,0.029687762,0.11936241388320923,0.9631106853485107,0.7129138708114624
YER082C,YMR004W,0,0.029166102,0.11934766173362732,0.9631106853485107,0.7130138874053955
YDR265W,YPR032W,0,0.028967977,0.1193329244852066,0.9631106853485107,0.7131139636039734
YJR058C,YPL214C,0,0.02802834,0.11931817978620529,0.9631106853485107,0.7132139801979065
YER027C,YMR026C,0,0.028018609,0.11930344253778458,0.9631106853485107,0.7133139967918396
YFR041C,YPL241C,1,0.02787298,0.11941219866275787,0.9641076922416687,0.7133139967918396
YJR001W,YER044C,0,0.027421951,0.11939745396375656,0.9641076922416687,0.7134140133857727
YNL039W,YHR147C,0,0.027127862,0.11938271671533585,0.9641076922416687,0.7135140299797058
YDL200C,YNL268W,0,0.026967004,0.11936797946691513,0.9641076922416687,0.7136141061782837
YDL080C,YKL143W,0,0.026586354,0.11935324966907501,0.9641076922416687,0.7137141227722168
YDL120W,YHL004W,0,0.026393533,0.1193385198712349,0.9641076922416687,0.7138141393661499
YDL127W,YDR393W,0,0.026012078,0.11932379007339478,0.9641076922416687,0.713914155960083
YDR126W,YPL149W,0,0.025697201,0.11930906772613525,0.9641076922416687,0.7140142321586609
YBR041W,YLR120C,0,0.024439514,0.11929435282945633,0.9641076922416687,0.714114248752594
YIR012W,YER147C,0,0.02379454,0.1192796379327774,0.9641076922416687,0.7142142653465271
YLR134W,YGR295C,0,0.023707723,0.11926492303609848,0.9641076922416687,0.7143142819404602
YHR086W,YOL002C,0,0.02274865,0.11925021559000015,0.9641076922416687,0.7144142985343933
YER036C,YIR009W,0,0.022444557,0.11923550814390182,0.9641076922416687,0.7145143747329712
YKL004W,YCR092C,0,0.02212651,0.1192208081483841,0.9641076922416687,0.7146143913269043
YML037C,YPL174C,0,0.021864384,0.11920611560344696,0.9641076922416687,0.7147144079208374
YOR381W,YBR166C,0,0.021829665,0.11919142305850983,0.9641076922416687,0.7148144245147705
YPL144W,YDR261W-B,0,0.020572841,0.11917673051357269,0.9641076922416687,0.7149145007133484
YNL291C,YMR223W,0,0.018851042,0.11916204541921616,0.9641076922416687,0.7150145173072815
YGL136C,YPR158C-D,0,0.017963506,0.11914736032485962,0.9641076922416687,0.7151145339012146
YMR198W,YPL038W,0,0.017729506,0.11913268268108368,0.9641076922416687,0.7152145504951477
YDR341C,YLR438C-A,0,0.01725249,0.11911801248788834,0.9641076922416687,0.7153145670890808
YJL129C,YJL025W,0,0.017158426,0.1191033348441124,0.9641076922416687,0.7154146432876587
YOR308C,YDR313C,0,0.016920999,0.11908867210149765,0.9641076922416687,0.7155146598815918
YOR308C,YIR036C,0,0.015945703,0.1190740093588829,0.9641076922416687,0.7156146764755249
YFR041C,YKR050W,0,0.015499651,0.11905934661626816,0.9641076922416687,0.715714693069458
YOR127W,YGR194C,0,0.01504536,0.11904469132423401,0.9641076922416687,0.7158147692680359
YOR067C,YGR279C,0,0.015033506,0.11903003603219986,0.9641076922416687,0.715914785861969
YDR033W,YFR032C-A,0,0.01469041,0.11901538819074631,0.9641076922416687,0.7160148024559021
YDR022C,YMR088C,0,0.014294319,0.11900074034929276,0.9641076922416687,0.7161148190498352
YDL146W,YDR402C,0,0.014280537,0.1189860925078392,0.9641076922416687,0.7162148356437683
YMR217W,YOR244W,0,0.013263673,0.11897145956754684,0.9641076922416687,0.7163149118423462
YDL229W,YGR286C,0,0.013150893,0.11895681917667389,0.9641076922416687,0.7164149284362793
YDR011W,YDR279W,0,0.0128503665,0.11894218623638153,0.9641076922416687,0.7165149450302124
YBL037W,YDR054C,0,0.012733549,0.11892756074666977,0.9641076922416687,0.7166149616241455
YHL044W,YMR139W,0,0.012536496,0.11891293525695801,0.9641076922416687,0.7167150378227234
YNL128W,YER053C,0,0.012260586,0.11889831721782684,0.9641076922416687,0.7168150544166565
YOR257W,YPL195W,0,0.0110102445,0.11888369917869568,0.9641076922416687,0.7169150710105896
YKL028W,YPR031W,0,0.0109641105,0.11886908113956451,0.9641076922416687,0.7170150876045227
YOR381W,YBL010C,0,0.010601819,0.11885447055101395,0.9641076922416687,0.7171151638031006
YBL017C,YOR369C,0,0.010020226,0.11883986741304398,0.9641076922416687,0.7172151803970337
YML048W,YKL017C,0,0.0096964985,0.118825264275074,0.9641076922416687,0.7173151969909668
YHR105W,YLR371W,0,0.00940679,0.11881066113710403,0.9641076922416687,0.7174152135848999
YNL291C,YGR158C,0,0.006468922,0.11879606544971466,0.9641076922416687,0.717515230178833
YBR175W,YCL061C,0,0.006219059,0.11878147721290588,0.9641076922416687,0.7176153063774109
YER007W,YOR322C,0,0.0055019185,0.1187668889760971,0.9641076922416687,0.717715322971344
YNL112W,YPR032W,0,0.00544475,0.11875230073928833,0.9641076922416687,0.7178153395652771
YIR015W,YDR534C,0,0.0047647804,0.11873771995306015,0.9641076922416687,0.7179153561592102
YBR156C,YDR495C,0,0.0046802014,0.11872314661741257,0.9641076922416687,0.7180154323577881
YGL128C,YMR211W,0,0.00461033,0.11870856583118439,0.9641076922416687,0.7181154489517212
YOR192C-B,YAL020C,0,0.004579868,0.1186939999461174,0.9641076922416687,0.7182154655456543
YER159C-A,YPL281C,0,0.0030518547,0.11867943406105042,0.9641076922416687,0.7183154821395874
YHR176W,YDR252W,1,0.0027468018,0.11878757923841476,0.9651046991348267,0.7183154821395874
YLL013C,YPL048W,0,0.0010184571,0.11877300590276718,0.9651046991348267,0.7184154987335205
YER114C,YOL002C,0,0.0009560883,0.1187584325671196,0.9651046991348267,0.7185155749320984
YPR137C-B,YDL180W,0,0.0009213351,0.11874386668205261,0.9651046991348267,0.7186155915260315
YJR160C,YGL040C,0,0.00090266764,0.11872930079698563,0.9651046991348267,0.7187156081199646
YDR478W,YGR189C,0,0.00083139166,0.11871474236249924,0.9651046991348267,0.7188156247138977
YGL173C,YPL022W,0,0.00024069846,0.11870018392801285,0.9651046991348267,0.7189157009124756
YFL047W,YNL015W,0,4.403293e-05,0.11868563294410706,0.9651046991348267,0.7190157175064087
YKR058W,YDR177W,0,-0.0001873374,0.11867108196020126,0.9651046991348267,0.7191157341003418
YEL064C,YHR044C,0,-0.0016234517,0.11865653097629547,0.9651046991348267,0.7192157506942749
YNL331C,YNL136W,0,-0.0018967986,0.11864198744297028,0.9651046991348267,0.719315767288208
YMR247C,YER061C,0,-0.0024157166,0.11862745136022568,0.9651046991348267,0.7194158434867859
YNL188W,YKL143W,0,-0.0025145784,0.11861291527748108,0.9651046991348267,0.719515860080719
YDL019C,YGL155W,0,-0.0026763678,0.11859837919473648,0.9651046991348267,0.7196158766746521
YJR160C,YPL085W,0,-0.002780676,0.11858385056257248,0.9651046991348267,0.7197158932685852
YLR414C,YGR156W,0,-0.0031064525,0.11856932938098907,0.9651046991348267,0.7198159694671631
YPL022W,YPR021C,0,-0.0037234612,0.11855480819940567,0.9651046991348267,0.7199159860610962
YKL178C,YOR075W,0,-0.005132243,0.11854028701782227,0.9651046991348267,0.7200160026550293
YNR045W,YMR150C,0,-0.00542102,0.11852577328681946,0.9651046991348267,0.7201160192489624
YLR381W,YMR071C,0,-0.0066345483,0.11851126700639725,0.9651046991348267,0.7202160358428955
YCR053W,YLR121C,0,-0.007959329,0.11849675327539444,0.9651046991348267,0.7203161120414734
YDR322W,YMR023C,0,-0.0084863305,0.11848225444555283,0.9651046991348267,0.7204161286354065
YJL170C,YPR186C,0,-0.0088782385,0.11846774816513062,0.9651046991348267,0.7205161452293396
YBL103C,YHL047C,0,-0.00900612,0.1184532567858696,0.9651046991348267,0.7206161618232727
YER114C,YGL009C,0,-0.009984523,0.11843876540660858,0.9651046991348267,0.7207162380218506
YBR175W,YER082C,0,-0.010140378,0.11842427402734756,0.9651046991348267,0.7208162546157837
YHR027C,YNL213C,0,-0.010200113,0.11840978264808655,0.9651046991348267,0.7209162712097168
YBR050C,YHR070W,0,-0.010232925,0.11839530616998672,0.9651046991348267,0.7210162878036499
YMR171C,YOL018C,0,-0.01108636,0.1183808222413063,0.9651046991348267,0.7211163640022278
YMR211W,YGL147C,0,-0.0121403895,0.11836634576320648,0.9651046991348267,0.7212163805961609
YOR332W,YJL062W,0,-0.0123474,0.11835187673568726,0.9651046991348267,0.721316397190094
YFR003C,YGL090W,0,-0.013626844,0.11833740770816803,0.9651046991348267,0.7214164137840271
YLR214W,YGR200C,0,-0.015017882,0.1183229461312294,0.9651046991348267,0.7215164303779602
YKL179C,YPR122W,0,-0.015581623,0.11830848455429077,0.9651046991348267,0.7216165065765381
YLR318W,YGR158C,0,-0.016319782,0.11829402297735214,0.9651046991348267,0.7217165231704712
YLR396C,YDR334W,0,-0.016533822,0.11827956885099411,0.9651046991348267,0.7218165397644043
YNL292W,YHR101C,0,-0.016663268,0.11826512217521667,0.9651046991348267,0.7219165563583374
YOR047C,YPL149W,0,-0.017477024,0.11825067549943924,0.9651046991348267,0.7220166325569153
YGL021W,YGL039W,0,-0.017691053,0.1182362288236618,0.9651046991348267,0.7221166491508484
YOL003C,YKR062W,0,-0.017881066,0.11822178959846497,0.9651046991348267,0.7222166657447815
YDR536W,YKR014C,0,-0.01814121,0.11820735037326813,0.9651046991348267,0.7223166823387146
YIL124W,YOR044W,0,-0.0183485,0.11819291859865189,0.9651046991348267,0.7224166989326477
YER159C-A,YBL064C,0,-0.01880084,0.11817848682403564,0.9651046991348267,0.7225167751312256
YDR033W,YDL136W,0,-0.019294769,0.1181640625,0.9651046991348267,0.7226167917251587
YIL172C,YOR386W,0,-0.019468881,0.11814963817596436,0.9651046991348267,0.7227168083190918
YER007W,YJR046W,1,-0.019793749,0.11825726181268692,0.9661017060279846,0.7227168083190918
YNL227C,YKR030W,0,-0.019945316,0.11824283003807068,0.9661017060279846,0.7228168249130249
YJR135C,YGL123W,0,-0.020179506,0.11822840571403503,0.9661017060279846,0.7229169011116028
YBR105C,YMR312W,0,-0.020243526,0.11821398138999939,0.9661017060279846,0.7230169177055359
YOL157C,YER106W,0,-0.021036021,0.11819956451654434,0.9661017060279846,0.723116934299469
YDR065W,YIL039W,0,-0.021890461,0.1181851476430893,0.9661017060279846,0.7232169508934021
YGL213C,YOR155C,0,-0.022136241,0.11817073076963425,0.9661017060279846,0.7233169674873352
YHL008C,YPL177C,0,-0.022676043,0.1181563213467598,0.9661017060279846,0.7234170436859131
YDR060W,YLR100W,0,-0.02384989,0.11814191937446594,0.9661017060279846,0.7235170602798462
YDR060W,YDR120C,0,-0.024013773,0.11812751740217209,0.9661017060279846,0.7236170768737793
YGR047C,YGR026W,0,-0.024270609,0.11811311542987823,0.9661017060279846,0.7237170934677124
YOL065C,YIL136W,0,-0.024389297,0.11809872090816498,0.9661017060279846,0.7238171696662903
YMR287C,YHR064C,0,-0.024818927,0.11808432638645172,0.9661017060279846,0.7239171862602234
YDR329C,YGR086C,0,-0.024915218,0.11806993931531906,0.9661017060279846,0.7240172028541565
YMR257C,YMR312W,0,-0.0253717,0.1180555522441864,0.9661017060279846,0.7241172194480896
YCR098C,YLR286C,0,-0.027098402,0.11804117262363434,0.9661017060279846,0.7242172360420227
YPL048W,YDR534C,0,-0.027534157,0.11802679300308228,0.9661017060279846,0.7243173122406006
YPL089C,YIL115C,0,-0.027825028,0.11801242083311081,0.9661017060279846,0.7244173288345337
YGR159C,YDR128W,0,-0.028927177,0.11799804866313934,0.9661017060279846,0.7245173454284668
YHL016C,YDR054C,0,-0.029524446,0.11798368394374847,0.9661017060279846,0.7246173620223999
YJR098C,YDR387C,0,-0.03029874,0.1179693192243576,0.9661017060279846,0.7247174382209778
YBR198C,YGL003C,0,-0.030589968,0.11795496195554733,0.9661017060279846,0.7248174548149109
YNR001C,YNR047W,0,-0.031351537,0.11794060468673706,0.9661017060279846,0.724917471408844
YGL210W,YDR251W,0,-0.031816617,0.11792624741792679,0.9661017060279846,0.7250174880027771
YDR210W-B,YFR008W,0,-0.031937294,0.11791189759969711,0.9661017060279846,0.725117564201355
YKL034W,YLR010C,0,-0.032244325,0.11789755523204803,0.9661017060279846,0.7252175807952881
YGR026W,YKR050W,0,-0.032977447,0.11788321286439896,0.9661017060279846,0.7253175973892212
YLR373C,YOR369C,0,-0.033238206,0.11786887049674988,0.9661017060279846,0.7254176139831543
YDR224C,YOR322C,0,-0.03338109,0.1178545355796814,0.9661017060279846,0.7255176305770874
YJL125C,YLR079W,0,-0.03420756,0.11784020066261292,0.9661017060279846,0.7256177067756653
YLL011W,YNL188W,0,-0.034827113,0.11782587319612503,0.9661017060279846,0.7257177233695984
YOL103W,YDL030W,0,-0.035260037,0.11781155318021774,0.9661017060279846,0.7258177399635315
YMR004W,YPL095C,0,-0.035407394,0.11779722571372986,0.9661017060279846,0.7259177565574646
YMR016C,YAL003W,0,-0.035437882,0.11778291314840317,0.9661017060279846,0.7260178327560425
YJL148W,YBL010C,0,-0.036044806,0.11776859313249588,0.9661017060279846,0.7261178493499756
YKL178C,YOR043W,0,-0.036372952,0.11775428056716919,0.9661017060279846,0.7262178659439087
YNL308C,YIR023W,0,-0.03648478,0.1177399754524231,0.9661017060279846,0.7263178825378418
YDR479C,YHR017W,0,-0.03649521,0.117725670337677,0.9661017060279846,0.7264178991317749
YNL136W,YLR438C-A,0,-0.036597196,0.1177113726735115,0.9661017060279846,0.7265179753303528
YKL108W,YDR069C,0,-0.036612295,0.11769707500934601,0.9661017060279846,0.7266179919242859
YOR061W,YPR031W,0,-0.036702514,0.11768277734518051,0.9661017060279846,0.726718008518219
YEL015W,YGR116W,0,-0.03722149,0.11766848713159561,0.9661017060279846,0.7268180251121521
YOR037W,YLR238W,0,-0.03761214,0.11765420436859131,0.9661017060279846,0.72691810131073
YOL065C,YHR207C,0,-0.038904756,0.11763991415500641,0.9661017060279846,0.7270181179046631
YMR163C,YPR096C,0,-0.0392289,0.1176256388425827,0.9661017060279846,0.7271181344985962
YBR237W,YMR208W,0,-0.039940447,0.117611363530159,0.9661017060279846,0.7272181510925293
YMR166C,YIL136W,0,-0.041809525,0.11759708821773529,0.9661017060279846,0.7273181676864624
YDR299W,YLR106C,0,-0.04247181,0.11758282035589218,0.9661017060279846,0.7274182438850403
YOR046C,YIR015W,0,-0.043486506,0.11756855249404907,0.9661017060279846,0.7275182604789734
YPR192W,YPR019W,0,-0.043682545,0.11755429208278656,0.9661017060279846,0.7276182770729065
YML034W,YDR315C,0,-0.04400134,0.11754003167152405,0.9661017060279846,0.7277182936668396
YLR086W,YPL060W,0,-0.04438831,0.11752577126026154,0.9661017060279846,0.7278183698654175
YJL065C,YNR022C,0,-0.044458,0.11751151829957962,0.9661017060279846,0.7279183864593506
YDR486C,YER089C,0,-0.04591018,0.1174972727894783,0.9661017060279846,0.7280184030532837
YLR048W,YOL140W,0,-0.046381235,0.11748302727937698,0.9661017060279846,0.7281184196472168
YKR050W,YJR126C,0,-0.04661739,0.11746878176927567,0.9661017060279846,0.7282184362411499
YDR038C,YLR356W,0,-0.04668644,0.11745454370975494,0.9661017060279846,0.7283185124397278
YOR391C,YJL097W,0,-0.046938956,0.11744031310081482,0.9661017060279846,0.7284185290336609
YBL093C,YDL007W,0,-0.04741651,0.1174260750412941,0.9661017060279846,0.728518545627594
YJL133W,YLR438C-A,0,-0.047787935,0.11741185188293457,0.9661017060279846,0.7286185622215271
YMR056C,YJR059W,0,-0.047899462,0.11739762872457504,0.9661017060279846,0.728718638420105
YLR008C,YMR128W,0,-0.048311457,0.11738340556621552,0.9661017060279846,0.7288186550140381
YJL080C,YGR027W-B,0,-0.048430566,0.11736918240785599,0.9661017060279846,0.7289186716079712
YJL158C,YDR261W-B,0,-0.04883436,0.11735497415065765,0.9661017060279846,0.7290186882019043
YCL066W,YDR169C,0,-0.04891932,0.11734075844287872,0.9661017060279846,0.7291187644004822
YIL101C,YBR273C,0,-0.049477786,0.11732655018568039,0.9661017060279846,0.7292187809944153
YML018C,YIR015W,0,-0.050000906,0.11731234937906265,0.9661017060279846,0.7293187975883484
YER061C,YOR315W,0,-0.050296947,0.11729814857244492,0.9661017060279846,0.7294188141822815
YML125C,YPR021C,0,-0.050410263,0.11728394776582718,0.9661017060279846,0.7295188307762146
YER110C,YPL048W,0,-0.05060026,0.11726975440979004,0.9661017060279846,0.7296189069747925
YHR028C,YDL109C,0,-0.050761983,0.1172555685043335,0.9661017060279846,0.7297189235687256
YER068W,YOL149W,0,-0.050802767,0.11724138259887695,0.9661017060279846,0.7298189401626587
YDL192W,YDR326C,0,-0.05105798,0.11722719669342041,0.9661017060279846,0.7299189567565918
YER095W,YJR015W,0,-0.051198855,0.11721301823854446,0.9661017060279846,0.7300190329551697
YMR161W,YPL064C,1,-0.051726323,0.11731978505849838,0.9670987129211426,0.7300190329551697
YBL106C,YNL325C,0,-0.05206108,0.11730559915304184,0.9670987129211426,0.7301190495491028
YGR086C,YKR009C,0,-0.052070707,0.1172914132475853,0.9670987129211426,0.7302190661430359
YDR478W,YDR487C,0,-0.052542984,0.11727723479270935,0.9670987129211426,0.730319082736969
YGL089C,YHR017W,0,-0.05256799,0.1172630563378334,0.9670987129211426,0.7304190993309021
YOR174W,YOL077C,0,-0.05333872,0.11724888533353806,0.9670987129211426,0.73051917552948
YHR153C,YNL212W,0,-0.054876894,0.1172347143292427,0.9670987129211426,0.7306191921234131
YDR219C,YDR529C,0,-0.05490613,0.11722054332494736,0.9670987129211426,0.7307192087173462
YER140W,YIL126W,0,-0.054967448,0.1172063797712326,0.9670987129211426,0.7308192253112793
YNL091W,YPL186C,0,-0.055190682,0.11719221621751785,0.9670987129211426,0.7309193015098572
YNL291C,YOR315W,0,-0.05532393,0.1171780601143837,0.9670987129211426,0.7310193181037903
YML034W,YPL206C,0,-0.05535844,0.11716391146183014,0.9670987129211426,0.7311193346977234
YJL090C,YHR017W,0,-0.05652096,0.11714975535869598,0.9670987129211426,0.7312193512916565
YDR253C,YNL218W,0,-0.05687182,0.11713561415672302,0.9670987129211426,0.7313193678855896
YMR223W,YGR184C,0,-0.057332955,0.11712146550416946,0.9670987129211426,0.7314194440841675
YDR018C,YNR047W,0,-0.057447903,0.1171073317527771,0.9670987129211426,0.7315194606781006
YHR067W,YPR098C,0,-0.057702914,0.11709319055080414,0.9670987129211426,0.7316194772720337
YFR005C,YOR306C,0,-0.058241785,0.11707905679941177,0.9670987129211426,0.7317194938659668
YMR316W,YPR096C,0,-0.058662504,0.1170649304986,0.9670987129211426,0.7318195700645447
YDR315C,YDL006W,0,-0.059094653,0.11705080419778824,0.9670987129211426,0.7319195866584778
YDL067C,YGR071C,0,-0.059743196,0.11703667789697647,0.9670987129211426,0.7320196032524109
YCL063W,YOR044W,0,-0.0602469,0.1170225590467453,0.9670987129211426,0.732119619846344
YFR005C,YLR207W,0,-0.060403317,0.11700844019651413,0.9670987129211426,0.7322196364402771
YGR002C,YAL025C,0,-0.06043023,0.11699432879686356,0.9670987129211426,0.732319712638855
YKR058W,YBL021C,0,-0.061140537,0.11698022484779358,0.9670987129211426,0.7324197292327881
YBR050C,YER153C,0,-0.061210882,0.116966113448143,0.9670987129211426,0.7325197458267212
YJR022W,YDL200C,0,-0.06133014,0.11695201694965363,0.9670987129211426,0.7326197624206543
YDR177W,YIL155C,0,-0.061869584,0.11693791300058365,0.9670987129211426,0.7327198386192322
YJR015W,YEL021W,0,-0.062099535,0.11692381650209427,0.9670987129211426,0.7328198552131653
YJL170C,YER082C,0,-0.064854026,0.11690972745418549,0.9670987129211426,0.7329198718070984
YMR026C,YNL115C,0,-0.06599346,0.1168956384062767,0.9670987129211426,0.7330198884010315
YLR078C,YIR009W,0,-0.066284895,0.11688154935836792,0.9670987129211426,0.7331199645996094
YMR171C,YGL090W,0,-0.06671393,0.11686746776103973,0.9670987129211426,0.7332199811935425
YCL069W,YHL016C,0,-0.06676177,0.11685339361429214,0.9670987129211426,0.7333199977874756
YBL093C,YPR118W,0,-0.06788008,0.11683931946754456,0.9670987129211426,0.7334200143814087
YML124C,YDR116C,0,-0.06868315,0.11682524532079697,0.9670987129211426,0.7335200309753418
YBR283C,YDR320C,0,-0.06900306,0.11681117862462997,0.9670987129211426,0.7336201071739197
YBR050C,YCL069W,0,-0.069003284,0.11679711192846298,0.9670987129211426,0.7337201237678528
YHR028C,YHR160C,0,-0.06918055,0.11678304523229599,0.9670987129211426,0.7338201403617859
YHL047C,YPR186C,0,-0.06954193,0.11676899343729019,0.9670987129211426,0.733920156955719
YMR247C,YBR058C-A,0,-0.07013509,0.1167549341917038,0.9670987129211426,0.7340202331542969
YNL086W,YNL289W,0,-0.07107504,0.116740882396698,0.9670987129211426,0.73412024974823
YKL183W,YGR035C,0,-0.07118536,0.1167268380522728,0.9670987129211426,0.7342202663421631
YOR096W,YDR261W-B,0,-0.07180053,0.1167127937078476,0.9670987129211426,0.7343202829360962
YDL114W,YBR283C,0,-0.07205209,0.1166987493634224,0.9670987129211426,0.7344202995300293
YJR158W,YOL117W,0,-0.072063684,0.11668471246957779,0.9670987129211426,0.7345203757286072
YDR247W,YER106W,0,-0.07277709,0.11667067557573318,0.9670987129211426,0.7346203923225403
YDR074W,YJR033C,0,-0.0729769,0.11665664613246918,0.9670987129211426,0.7347204089164734
YHR086W,YNL061W,0,-0.07334235,0.11664261668920517,0.9670987129211426,0.7348204255104065
YMR130W,YGR001C,0,-0.073503345,0.11662859469652176,0.9670987129211426,0.7349205017089844
YLR098C,YKR030W,0,-0.07420349,0.11661457270383835,0.9670987129211426,0.7350205183029175
YDL127W,YDR239C,0,-0.07440437,0.11660055071115494,0.9670987129211426,0.7351205348968506
YKR062W,YBL030C,0,-0.07493342,0.11658653616905212,0.9670987129211426,0.7352205514907837
YHR076W,YEL059C-A,0,-0.0750273,0.11657252907752991,0.9670987129211426,0.7353205680847168
YGL206C,YDR368W,0,-0.07546915,0.11655852198600769,0.9670987129211426,0.7354206442832947
YGR241C,YKL028W,0,-0.07553899,0.11654451489448547,0.9670987129211426,0.7355206608772278
YHR160C,YJL073W,0,-0.07658893,0.11653051525354385,0.9670987129211426,0.7356206774711609
YJR134C,YDR393W,0,-0.076757595,0.11651651561260223,0.9670987129211426,0.735720694065094
YIL172C,YKL212W,0,-0.07704169,0.11650252342224121,0.9670987129211426,0.7358207702636719
YNL188W,YOR014W,0,-0.07793164,0.11648853123188019,0.9670987129211426,0.735920786857605
YKL178C,YGL059W,0,-0.0779499,0.11647454649209976,0.9670987129211426,0.7360208034515381
YDR253C,YDR315C,0,-0.079719365,0.11646056175231934,0.9670987129211426,0.7361208200454712
YHR034C,YOR288C,1,-0.08029747,0.11656662821769714,0.9680957198143005,0.7361208200454712
YLR098C,YER180C,0,-0.08037049,0.11655263602733612,0.9680957198143005,0.7362208366394043
YDL231C,YIL160C,0,-0.0808727,0.1165386438369751,0.9680957198143005,0.7363209128379822
YMR017W,YOR246C,0,-0.08195534,0.11652465909719467,0.9680957198143005,0.7364209294319153
YBL106C,YER159C-A,0,-0.08221312,0.11651068180799484,0.9680957198143005,0.7365209460258484
YMR042W,YCL057C-A,0,-0.082607135,0.11649669706821442,0.9680957198143005,0.7366209626197815
YGL168W,YDR047W,0,-0.083281875,0.11648272722959518,0.9680957198143005,0.7367210388183594
YJL062W,YBL023C,0,-0.0842741,0.11646875739097595,0.9680957198143005,0.7368210554122925
YJL156C,YNL151C,0,-0.084338516,0.11645478755235672,0.9680957198143005,0.7369210720062256
YHL024W,YKR037C,0,-0.08655086,0.11644081771373749,0.9680957198143005,0.7370210886001587
YML027W,YER173W,0,-0.087155856,0.11642685532569885,0.9680957198143005,0.7371211647987366
YGR026W,YNL308C,0,-0.08888256,0.11641290038824081,0.9680957198143005,0.7372211813926697
YDL067C,YGR086C,0,-0.089503706,0.11639894545078278,0.9680957198143005,0.7373211979866028
YGR262C,YDR380W,0,-0.089647815,0.11638499051332474,0.9680957198143005,0.7374212145805359
YFL002W-A,YHR023W,0,-0.08996965,0.1163710430264473,0.9680957198143005,0.737521231174469
YPR137C-B,YCR047C,0,-0.09018592,0.11635710299015045,0.9680957198143005,0.7376213073730469
YDR018C,YDR096W,0,-0.0904538,0.11634315550327301,0.9680957198143005,0.73772132396698
YAL010C,YNL189W,0,-0.09050399,0.11632922291755676,0.9680957198143005,0.7378213405609131
YBL074C,YDR390C,0,-0.0912198,0.11631528288125992,0.9680957198143005,0.7379213571548462
YJR098C,YER111C,0,-0.09185442,0.11630135029554367,0.9680957198143005,0.7380214333534241
YBR240C,YDL137W,0,-0.09198493,0.11628742516040802,0.9680957198143005,0.7381214499473572
YGR035C,YER173W,0,-0.09387176,0.11627350002527237,0.9680957198143005,0.7382214665412903
YBR156C,YER111C,0,-0.09428049,0.11625957489013672,0.9680957198143005,0.7383214831352234
YOR155C,YFL039C,0,-0.09504555,0.11624565720558167,0.9680957198143005,0.7384214997291565
YML018C,YIL004C,0,-0.09520949,0.11623174697160721,0.9680957198143005,0.7385215759277344
YJL219W,YDR093W,0,-0.095347226,0.11621783673763275,0.9680957198143005,0.7386215925216675
YDR134C,YDL030W,0,-0.095677584,0.1162039265036583,0.9680957198143005,0.7387216091156006
YNL311C,YPL019C,0,-0.09755832,0.11619002372026443,0.9680957198143005,0.7388216257095337
YHR117W,YAR007C,0,-0.09776431,0.11617612093687057,0.9680957198143005,0.7389217019081116
YDR270W,YDR363W-A,0,-0.09795481,0.11616221815347672,0.9680957198143005,0.7390217185020447
YDR342C,YPL092W,0,-0.09902681,0.11614832282066345,0.9680957198143005,0.7391217350959778
YDR283C,YHR023W,0,-0.099516824,0.11613443493843079,0.9680957198143005,0.7392217516899109
YER133W,YMR023C,0,-0.09964782,0.11612054705619812,0.9680957198143005,0.739321768283844
YFL036W,YMR188C,0,-0.09990236,0.11610665917396545,0.9680957198143005,0.7394218444824219
YDR341C,YEL021W,0,-0.099965274,0.11609277874231339,0.9680957198143005,0.739521861076355
YGR027W-B,YML070W,0,-0.10012804,0.11607889831066132,0.9680957198143005,0.7396218776702881
YCR094W,YPL160W,0,-0.100633115,0.11606502532958984,0.9680957198143005,0.7397218942642212
YOL147C,YJR135W-A,0,-0.10145286,0.11605115234851837,0.9680957198143005,0.7398219704627991
YOL139C,YJL136C,0,-0.10155177,0.1160372868180275,0.9680957198143005,0.7399219870567322
YOR308C,YDR503C,0,-0.10155855,0.11602342128753662,0.9680957198143005,0.7400220036506653
YIL027C,YPL194W,0,-0.10228062,0.11600955575704575,0.9680957198143005,0.7401220202445984
YER173W,YGL157W,0,-0.102766514,0.11599569767713547,0.9680957198143005,0.7402220368385315
YNR001C,YDR118W,0,-0.10384135,0.11598184704780579,0.9680957198143005,0.7403221130371094
YDL033C,YMR098C,0,-0.10465739,0.11596798896789551,0.9680957198143005,0.7404221296310425
YOL138C,YEL015W,0,-0.10490842,0.11595414578914642,0.9680957198143005,0.7405221462249756
YDR033W,YCR047C,0,-0.104963675,0.11594029515981674,0.9680957198143005,0.7406221628189087
YJL156C,YER164W,0,-0.10524328,0.11592645943164825,0.9680957198143005,0.7407222390174866
YBR033W,YBR231C,0,-0.105456166,0.11591261625289917,0.9680957198143005,0.7408222556114197
YLL013C,YMR312W,0,-0.105710566,0.11589878052473068,0.9680957198143005,0.7409222722053528
YDR261W-B,YPL154C,0,-0.10608266,0.11588495224714279,0.9680957198143005,0.7410222887992859
YGR156W,YLR306W,0,-0.10724527,0.1158711239695549,0.9680957198143005,0.7411223649978638
YLR032W,YIR015W,0,-0.1076907,0.11585729569196701,0.9680957198143005,0.7412223815917969
YIL093C,YBR231C,0,-0.10850674,0.11584347486495972,0.9680957198143005,0.74132239818573
YDR242W,YPR031W,0,-0.108530164,0.11582965403795242,0.9680957198143005,0.7414224147796631
YDL231C,YJL156C,0,-0.10860853,0.11581584066152573,0.9680957198143005,0.7415224313735962
YER027C,YCR094W,0,-0.10884455,0.11580202728509903,0.9680957198143005,0.7416225075721741
YNL218W,YGL227W,0,-0.10968707,0.11578822135925293,0.9680957198143005,0.7417225241661072
YML005W,YGR188C,0,-0.11010673,0.11577441543340683,0.9680957198143005,0.7418225407600403
YJR134C,YBL055C,0,-0.1109327,0.11576060950756073,0.9680957198143005,0.7419225573539734
YGL232W,YHR136C,0,-0.11109789,0.11574681103229523,0.9680957198143005,0.7420226335525513
YNL212W,YCR094W,0,-0.111272216,0.11573301255702972,0.9680957198143005,0.7421226501464844
YER088C,YDR330W,0,-0.111564785,0.11571922153234482,0.9680957198143005,0.7422226667404175
YDR478W,YER164W,0,-0.11188419,0.11570543050765991,0.9680957198143005,0.7423226833343506
YFR041C,YMR109W,0,-0.112036884,0.1156916469335556,0.9680957198143005,0.7424226999282837
YJL153C,YPR047W,0,-0.11207954,0.1156778633594513,0.9680957198143005,0.7425227761268616
YGL089C,YOL002C,0,-0.1123869,0.11566408723592758,0.9680957198143005,0.7426227927207947
YIR002C,YLR414C,0,-0.11258429,0.11565031111240387,0.9680957198143005,0.7427228093147278
YDL127W,YHR044C,0,-0.11299418,0.11563653498888016,0.9680957198143005,0.7428228259086609
YLR467W,YML081C-A,0,-0.11311869,0.11562276631593704,0.9680957198143005,0.7429229021072388
YHR172W,YAL043C,0,-0.11464536,0.11560899764299393,0.9680957198143005,0.7430229187011719
YKR038C,YDR501W,0,-0.11466855,0.11559523642063141,0.9680957198143005,0.743122935295105
YLL013C,YCR092C,0,-0.11543258,0.11558147519826889,0.9680957198143005,0.7432229518890381
YNL212W,YOL157C,0,-0.116141036,0.11556772142648697,0.9680957198143005,0.7433229684829712
YJL143W,YPL092W,0,-0.11618841,0.11555396765470505,0.9680957198143005,0.7434230446815491
YOR096W,YLR364W,0,-0.116263,0.11554022133350372,0.9680957198143005,0.7435230612754822
YMR201C,YOR127W,0,-0.11649526,0.1155264750123024,0.9680957198143005,0.7436230778694153
YMR094W,YBR105C,0,-0.11661255,0.11551272869110107,0.9680957198143005,0.7437230944633484
YLR266C,YBR207W,0,-0.11665815,0.11549898982048035,0.9680957198143005,0.7438231706619263
YKR059W,YIL009C-A,0,-0.1177719,0.11548525094985962,0.9680957198143005,0.7439231872558594
YNL119W,YMR285C,0,-0.11812645,0.11547151952981949,0.9680957198143005,0.7440232038497925
YFL047W,YPR184W,0,-0.11824596,0.11545778810977936,0.9680957198143005,0.7441232204437256
YOR315W,YCR075C,0,-0.11975926,0.11544406414031982,0.9680957198143005,0.7442232966423035
YOR381W,YHR105W,0,-0.1204369,0.11543034017086029,0.9680957198143005,0.7443233132362366
YML048W,YAL053W,1,-0.12132124,0.11553548276424408,0.9690927267074585,0.7443233132362366
YPL017C,YDR252W,0,-0.12174392,0.11552175134420395,0.9690927267074585,0.7444233298301697
YOR046C,YEL017C-A,0,-0.121809006,0.11550801992416382,0.9690927267074585,0.7445233464241028
YBL021C,YDL110C,0,-0.1224837,0.11549429595470428,0.9690927267074585,0.7446233630180359
YJL072C,YLR306W,0,-0.12254971,0.11548057198524475,0.9690927267074585,0.7447234392166138
YMR302C,YDR387C,0,-0.124020174,0.11546685546636581,0.9690927267074585,0.7448234558105469
YGL232W,YPL017C,0,-0.124153465,0.11545313894748688,0.9690927267074585,0.74492347240448
YMR211W,YKL183W,0,-0.12421678,0.11543942987918854,0.9690927267074585,0.7450234889984131
YMR201C,YKR037C,0,-0.12424138,0.1154257208108902,0.9690927267074585,0.745123565196991
YDL129W,YDL056W,0,-0.12452976,0.11541201919317245,0.9690927267074585,0.7452235817909241
YBR097W,YIL039W,0,-0.124563634,0.11539831757545471,0.9690927267074585,0.7453235983848572
YDR177W,YNL101W,0,-0.12507436,0.11538461595773697,0.9690927267074585,0.7454236149787903
YAR019C,YCL069W,0,-0.12575206,0.11537092179059982,0.9690927267074585,0.7455236315727234
YDR120C,YDR402C,0,-0.12589805,0.11535722762346268,0.9690927267074585,0.7456237077713013
YPL195W,YKL164C,0,-0.12616158,0.11534354090690613,0.9690927267074585,0.7457237243652344
YJL014W,YDL229W,1,-0.12616359,0.11544850468635559,0.9700897336006165,0.7457237243652344
YDR466W,YMR306W,0,-0.12617058,0.11543481051921844,0.9700897336006165,0.7458237409591675
YGL206C,YIL101C,0,-0.12629245,0.1154211163520813,0.9700897336006165,0.7459237575531006
YMR088C,YMR122W-A,0,-0.12655452,0.11540742218494415,0.9700897336006165,0.7460238337516785
YNL242W,YDR483W,0,-0.12675798,0.1153937354683876,0.9700897336006165,0.7461238503456116
YDR038C,YOR182C,0,-0.12702242,0.11538005620241165,0.9700897336006165,0.7462238669395447
YER159C-A,YFL029C,0,-0.12724009,0.1153663769364357,0.9700897336006165,0.7463238835334778
YER007W,YDR155C,1,-0.12742487,0.115471251308918,0.9710867404937744,0.7463238835334778
YHR092C,YBR297W,0,-0.1278486,0.11545756459236145,0.9710867404937744,0.7464239001274109
YMR306W,YGR184C,0,-0.1279103,0.1154438778758049,0.9710867404937744,0.7465239763259888
YMR281W,YOR143C,0,-0.12913105,0.11543019860982895,0.9710867404937744,0.7466239929199219
YDR052C,YLR127C,0,-0.12993632,0.115416519343853,0.9710867404937744,0.746724009513855
YPL157W,YGR234W,0,-0.13029033,0.11540284007787704,0.9710867404937744,0.7468240261077881
YMR171C,YLR010C,0,-0.13131599,0.11538916826248169,0.9710867404937744,0.746924102306366
YHR147C,YGR075C,0,-0.13151523,0.11537550389766693,0.9710867404937744,0.7470241189002991
YBR237W,YGR076C,0,-0.13244149,0.11536183953285217,0.9710867404937744,0.7471241354942322
YGR047C,YOL056W,0,-0.13264781,0.11534817516803741,0.9710867404937744,0.7472241520881653
YFL029C,YML037C,0,-0.13275813,0.11533451825380325,0.9710867404937744,0.7473241686820984
YIL172C,YOL133W,0,-0.132857,0.11532086133956909,0.9710867404937744,0.7474242448806763
YMR224C,YHR036W,0,-0.1328586,0.11530721187591553,0.9710867404937744,0.7475242614746094
YDR118W,YPL092W,0,-0.13286923,0.11529356241226196,0.9710867404937744,0.7476242780685425
YDR299W,YER133W,0,-0.1329453,0.1152799129486084,0.9710867404937744,0.7477242946624756
YOR155C,YDL006W,0,-0.13312405,0.11526627093553543,0.9710867404937744,0.7478243708610535
YHL044W,YFL041W,0,-0.13315147,0.11525263637304306,0.9710867404937744,0.7479243874549866
YBR214W,YMR122W-A,0,-0.13353658,0.11523899435997009,0.9710867404937744,0.7480244040489197
YOR192C-B,YIR002C,0,-0.13428658,0.11522536724805832,0.9710867404937744,0.7481244206428528
YMR314W,YBL020W,0,-0.13442156,0.11521173268556595,0.9710867404937744,0.7482244968414307
YJL046W,YDR101C,0,-0.13544458,0.11519810557365417,0.9710867404937744,0.7483245134353638
YJL133W,YKL017C,0,-0.137113,0.115184485912323,0.9710867404937744,0.7484245300292969
YMR100W,YNL191W,0,-0.13767311,0.11517086625099182,0.9710867404937744,0.74852454662323
YDR511W,YPL026C,0,-0.1388582,0.11515724658966064,0.9710867404937744,0.7486245632171631
YLR373C,YDL185W,0,-0.13900132,0.11514363437891006,0.9710867404937744,0.748724639415741
YBR024W,YOR322C,0,-0.13937749,0.11513002216815948,0.9710867404937744,0.7488246560096741
YNL007C,YER007W,1,-0.13982552,0.1152346059679985,0.9720837473869324,0.7488246560096741
YHR031C,YOR265W,0,-0.13984647,0.11522098630666733,0.9720837473869324,0.7489246726036072
YOL067C,YOL056W,0,-0.1419727,0.11520737409591675,0.9720837473869324,0.7490246891975403
YDL069C,YHR027C,0,-0.14205196,0.11519376188516617,0.9720837473869324,0.7491247653961182
YML113W,YAR018C,0,-0.14217046,0.11518015712499619,0.9720837473869324,0.7492247819900513
YNL054W-B,YHR129C,0,-0.14380246,0.1151665449142456,0.9720837473869324,0.7493247985839844
YHR027C,YIR012W,0,-0.14402479,0.11515294760465622,0.9720837473869324,0.7494248151779175
YPL194W,YPL060W,0,-0.14465806,0.11513935029506683,0.9720837473869324,0.7495248317718506
YBR087W,YDR368W,0,-0.14528535,0.11512575298547745,0.9720837473869324,0.7496249079704285
YLL009C,YMR086W,0,-0.14604525,0.11511216312646866,0.9720837473869324,0.7497249245643616
YNL325C,YGR194C,0,-0.14632578,0.11509857326745987,0.9720837473869324,0.7498249411582947
YOR356W,YGR014W,0,-0.14635125,0.11508498340845108,0.9720837473869324,0.7499249577522278
YDL006W,YER161C,0,-0.14705634,0.11507140100002289,0.9720837473869324,0.7500250339508057
YOR373W,YCR092C,0,-0.1484575,0.11505782604217529,0.9720837473869324,0.7501250505447388
YOR039W,YDR534C,0,-0.14846846,0.1150442510843277,0.9720837473869324,0.7502250671386719
YOL064C,YBL055C,0,-0.14933737,0.1150306761264801,0.9720837473869324,0.750325083732605
YGL168W,YER088C,0,-0.14948523,0.1150171086192131,0.9720837473869324,0.7504251003265381
YPL226W,YJR068W,0,-0.14998892,0.1150035411119461,0.9720837473869324,0.750525176525116
YDL101C,YOL152W,0,-0.150492,0.11498997360467911,0.9720837473869324,0.7506251931190491
YHL044W,YAL044C,0,-0.15078911,0.1149764135479927,0.9720837473869324,0.7507252097129822
YKL042W,YHR136C,0,-0.15128842,0.1149628609418869,0.9720837473869324,0.7508252263069153
YHR161C,YJR134C,0,-0.15159488,0.1149493008852005,0.9720837473869324,0.7509253025054932
YLR038C,YPL101W,0,-0.15167633,0.11493575572967529,0.9720837473869324,0.7510253190994263
YJL073W,YAL058W,1,-0.15179141,0.11504007875919342,0.9730807542800903,0.7510253190994263
YIL172C,YHL019C,0,-0.15184426,0.11502651870250702,0.9730807542800903,0.7511253356933594
YPL095C,YMR017W,0,-0.15218142,0.11501296609640121,0.9730807542800903,0.7512253522872925
YOR348C,YJL044C,0,-0.15278243,0.11499941349029541,0.9730807542800903,0.7513253688812256
YGR292W,YAL062W,0,-0.15440208,0.1149858608841896,0.9730807542800903,0.7514254450798035
YLR008C,YDR247W,0,-0.15545675,0.1149723157286644,0.9730807542800903,0.7515254616737366
YDR013W,YDR134C,0,-0.1564072,0.11495877802371979,0.9730807542800903,0.7516254782676697
YJL073W,YBR105C,0,-0.15670271,0.11494523286819458,0.9730807542800903,0.7517254948616028
YGR159C,YHR017W,0,-0.1594921,0.11493170261383057,0.9730807542800903,0.7518255710601807
YOR278W,YER045C,0,-0.15988675,0.11491816490888596,0.9730807542800903,0.7519255876541138
YML095C,YDR116C,0,-0.16026545,0.11490464210510254,0.9730807542800903,0.7520256042480469
YMR043W,YMR292W,0,-0.16047801,0.11489111185073853,0.9730807542800903,0.75212562084198
YMR042W,YNL061W,0,-0.16051625,0.11487758904695511,0.9730807542800903,0.7522256970405579
YML091C,YCR092C,0,-0.16056612,0.11486406624317169,0.9730807542800903,0.752325713634491
YDR219C,YHL009W-B,0,-0.16082074,0.11485055088996887,0.9730807542800903,0.7524257302284241
YMR036C,YHR023W,0,-0.16132587,0.11483704298734665,0.9730807542800903,0.7525257468223572
YDR228C,YEL061C,0,-0.16168523,0.11482352763414383,0.9730807542800903,0.7526257634162903
YDR052C,YDR503C,0,-0.16169113,0.1148100197315216,0.9730807542800903,0.7527258396148682
YDR501W,YPR021C,0,-0.16182356,0.11479651927947998,0.9730807542800903,0.7528258562088013
YIR036C,YBR009C,0,-0.16291106,0.11478301882743835,0.9730807542800903,0.7529258728027344
YOR192C-A,YPL174C,0,-0.16324458,0.11476951837539673,0.9730807542800903,0.7530258893966675
YDR224C,YGL178W,0,-0.16386616,0.1147560253739357,0.9730807542800903,0.7531259655952454
YMR223W,YGR116W,0,-0.16407578,0.11474253237247467,0.9730807542800903,0.7532259821891785
YDR341C,YOL072W,0,-0.16419458,0.11472904682159424,0.9730807542800903,0.7533259987831116
YER148W,YLR343W,0,-0.16439177,0.1147155612707138,0.9730807542800903,0.7534260153770447
YDL164C,YHR013C,0,-0.16507465,0.11470208317041397,0.9730807542800903,0.7535260319709778
YGL210W,YKR050W,0,-0.16537306,0.11468860507011414,0.9730807542800903,0.7536261081695557
YNL136W,YPL143W,0,-0.16543007,0.1146751269698143,0.9730807542800903,0.7537261247634888
YML054C,YML037C,0,-0.1655733,0.11466165632009506,0.9730807542800903,0.7538261413574219
YAR015W,YDL114W,0,-0.16594002,0.11464818567037582,0.9730807542800903,0.753926157951355
YNL210W,YBR050C,0,-0.16620141,0.11463472247123718,0.9730807542800903,0.7540262341499329
YDL085W,YBR299W,0,-0.16711909,0.11462125927209854,0.9730807542800903,0.754126250743866
YNL331C,YMR223W,0,-0.16752504,0.1146077960729599,0.9730807542800903,0.7542262673377991
YGL210W,YJR160C,0,-0.167619,0.11459434032440186,0.9730807542800903,0.7543262839317322
YIL160C,YNL191W,0,-0.16776407,0.11458088457584381,0.9730807542800903,0.7544263005256653
YEL064C,YDL130W-A,0,-0.16816068,0.11456743627786636,0.9730807542800903,0.7545263767242432
YLR287C-A,YCL027W,0,-0.1692905,0.11455398797988892,0.9730807542800903,0.7546263933181763
YBR009C,YDR252W,0,-0.17120951,0.11454054713249207,0.9730807542800903,0.7547264099121094
YLR306W,YOL080C,0,-0.17126164,0.11452710628509521,0.9730807542800903,0.7548264265060425
YDR238C,YLR121C,0,-0.17156488,0.11451366543769836,0.9730807542800903,0.7549265027046204
YGR159C,YHR186C,0,-0.17185614,0.11450023204088211,0.9730807542800903,0.7550265192985535
YER029C,YMR017W,0,-0.17243883,0.11448680609464645,0.9730807542800903,0.7551265358924866
YFR015C,YGL141W,0,-0.17253712,0.1144733726978302,0.9730807542800903,0.7552265524864197
YJL046W,YPL195W,0,-0.17380525,0.11445995420217514,0.9730807542800903,0.7553265690803528
YDR253C,YDL180W,0,-0.17383322,0.11444652825593948,0.9730807542800903,0.7554266452789307
YHR076W,YLR015W,0,-0.17554025,0.11443310976028442,0.9730807542800903,0.7555266618728638
YIL090W,YML081C-A,0,-0.17557673,0.11441969871520996,0.9730807542800903,0.7556266784667969
YGR241C,YER184C,0,-0.17613305,0.1144062802195549,0.9730807542800903,0.75572669506073
YIL078W,YGR027W-B,0,-0.17684451,0.11439287662506104,0.9730807542800903,0.7558267712593079
YBR267W,YPL048W,0,-0.1771414,0.11437946557998657,0.9730807542800903,0.755926787853241
YER068W,YDL190C,0,-0.17867512,0.1143660619854927,0.9730807542800903,0.7560268044471741
YMR016C,YER070W,0,-0.17923298,0.11435266584157944,0.9730807542800903,0.7561268210411072
YLR086W,YOR116C,0,-0.1793167,0.11433926969766617,0.9730807542800903,0.7562268972396851
YOR092W,YPL092W,0,-0.17938775,0.1143258735537529,0.9730807542800903,0.7563269138336182
YIR006C,YPL269W,0,-0.1804236,0.11431248486042023,0.9730807542800903,0.7564269304275513
YDR242W,YCR054C,0,-0.18189514,0.11429909616708755,0.9730807542800903,0.7565269470214844
YIL172C,YDR326C,0,-0.18285026,0.11428571492433548,0.9730807542800903,0.7566269636154175
YMR217W,YDR128W,0,-0.18299225,0.1142723336815834,0.9730807542800903,0.7567270398139954
YKL088W,YAL058W,0,-0.18476799,0.11425895243883133,0.9730807542800903,0.7568270564079285
YCR077C,YDR210W-B,0,-0.18529484,0.11424557864665985,0.9730807542800903,0.7569270730018616
YHL044W,YER045C,0,-0.18577614,0.11423221230506897,0.9730807542800903,0.7570270895957947
YDL138W,YGL222C,0,-0.1863642,0.11421883851289749,0.9730807542800903,0.7571271657943726
YGL168W,YBL057C,0,-0.18667015,0.11420547962188721,0.9730807542800903,0.7572271823883057
YDL190C,YGR086C,0,-0.18723308,0.11419211328029633,0.9730807542800903,0.7573271989822388
YKL135C,YBR283C,0,-0.18752898,0.11417875438928604,0.9730807542800903,0.7574272155761719
YBR097W,YML037C,0,-0.18814258,0.11416540294885635,0.9730807542800903,0.757527232170105
YDR334W,YBL010C,0,-0.18845141,0.11415204405784607,0.9730807542800903,0.7576273083686829
YJR010C-A,YNL115C,0,-0.18861434,0.11413870006799698,0.9730807542800903,0.757727324962616
YDL164C,YLL011W,0,-0.18901251,0.11412534862756729,0.9730807542800903,0.7578273415565491
YBL024W,YGL147C,0,-0.18930478,0.1141120046377182,0.9730807542800903,0.7579273581504822
YJL019W,YOR063W,0,-0.19023427,0.11409866809844971,0.9730807542800903,0.7580274343490601
YGR104C,YBR198C,0,-0.19056672,0.11408533155918121,0.9730807542800903,0.7581274509429932
YJL033W,YGL147C,0,-0.1913592,0.11407199501991272,0.9730807542800903,0.7582274675369263
YDR456W,YGR116W,0,-0.19154143,0.11405866593122482,0.9730807542800903,0.7583274841308594
YJR158W,YLR100W,0,-0.19173968,0.11404533684253693,0.9730807542800903,0.7584275007247925
YNL206C,YHR044C,0,-0.19228125,0.11403201520442963,0.9730807542800903,0.7585275769233704
YJL073W,YKL143W,0,-0.19301641,0.11401869356632233,0.9730807542800903,0.7586275935173035
YLR147C,YOL080C,0,-0.19313861,0.11400537192821503,0.9730807542800903,0.7587276101112366
YLL011W,YBL061C,0,-0.19315335,0.11399205774068832,0.9730807542800903,0.7588276267051697
YCR094W,YDR298C,0,-0.19328484,0.11397874355316162,0.9730807542800903,0.7589277029037476
YDR219C,YGR009C,0,-0.19410852,0.11396543681621552,0.9730807542800903,0.7590277194976807
YMR086W,YGL141W,0,-0.19543901,0.11395213007926941,0.9730807542800903,0.7591277360916138
YGL229C,YOR067C,0,-0.19642036,0.1139388307929039,0.9730807542800903,0.7592277526855469
YLL013C,YPL091W,0,-0.19757861,0.11392553150653839,0.9730807542800903,0.75932776927948
YHR027C,YOR290C,0,-0.19781578,0.11391223222017288,0.9730807542800903,0.7594278454780579
YIR012W,YBR251W,0,-0.19792865,0.11389894038438797,0.9730807542800903,0.759527862071991
YJR060W,YDR118W,0,-0.19834098,0.11388564854860306,0.9730807542800903,0.7596278786659241
YNL212W,YPL153C,0,-0.19835924,0.11387235671281815,0.9730807542800903,0.7597278952598572
YER114C,YJR160C,0,-0.19857556,0.11385907977819443,0.9730807542800903,0.7598279714584351
YLR396C,YBR024W,0,-0.19866404,0.11384579539299011,0.9730807542800903,0.7599279880523682
YDR013W,YJR135C,0,-0.20025072,0.1138325184583664,0.9730807542800903,0.7600280046463013
YLR134W,YDL019C,0,-0.20041904,0.11381924152374268,0.9730807542800903,0.7601280212402344
YKR014C,YOR131C,0,-0.20045716,0.11380597203969955,0.9730807542800903,0.7602280974388123
YDR228C,YDR197W,0,-0.2005125,0.11379270255565643,0.9730807542800903,0.7603281140327454
YOL071W,YMR223W,0,-0.20088086,0.11377943307161331,0.9730807542800903,0.7604281306266785
YEL061C,YJR135W-A,0,-0.2015633,0.11376617103815079,0.9730807542800903,0.7605281472206116
YFR006W,YPL026C,0,-0.20159355,0.11375291645526886,0.9730807542800903,0.7606281638145447
YLR086W,YPL226W,0,-0.20217577,0.11373965442180634,0.9730807542800903,0.7607282400131226
YGR035C,YDL099W,0,-0.202964,0.113726407289505,0.9730807542800903,0.7608282566070557
YPR166C,YGL227W,0,-0.20350495,0.11371315270662308,0.9730807542800903,0.7609282732009888
YBR267W,YOL100W,0,-0.20448662,0.11369990557432175,0.9730807542800903,0.7610282897949219
YGL251C,YNL101W,0,-0.20508164,0.11368666589260101,0.9730807542800903,0.7611283659934998
YGL009C,YGR014W,0,-0.20522204,0.11367341876029968,0.9730807542800903,0.7612283825874329
YNL242W,YKR105C,0,-0.20541279,0.11366018652915955,0.9730807542800903,0.761328399181366
YPL281C,YCR010C,0,-0.20589967,0.11364694684743881,0.9730807542800903,0.7614284157752991
YDL146W,YPR054W,0,-0.2060031,0.11363371461629868,0.9730807542800903,0.7615284323692322
YLR238W,YJR135C,0,-0.20676783,0.11362048983573914,0.9730807542800903,0.7616285085678101
YGR106C,YPL092W,0,-0.20729584,0.1136072650551796,0.9730807542800903,0.7617285251617432
YJR135C,YOL077C,0,-0.20734417,0.11359404027462006,0.9730807542800903,0.7618285417556763
YDL109C,YBL037W,0,-0.20764615,0.11358082294464111,0.9730807542800903,0.7619285583496094
YML037C,YML088W,0,-0.20936751,0.11356760561466217,0.9730807542800903,0.7620286345481873
YOL156W,YDR115W,0,-0.20951511,0.11355439573526382,0.9730807542800903,0.7621286511421204
YKL028W,YJL109C,0,-0.20959046,0.11354117840528488,0.9730807542800903,0.7622286677360535
YHR086W,YJR155W,0,-0.21042207,0.11352797597646713,0.9730807542800903,0.7623286843299866
YHR076W,YLR008C,0,-0.21074964,0.11351477354764938,0.9730807542800903,0.7624287009239197
YCR020C,YBR273C,0,-0.21084061,0.11350157111883163,0.9730807542800903,0.7625287771224976
YOR315W,YOR092W,0,-0.2109393,0.11348836869001389,0.9730807542800903,0.7626287937164307
YOR373W,YDL130W-A,0,-0.21173505,0.11347517371177673,0.9730807542800903,0.7627288103103638
YOR174W,YML095C,0,-0.21194696,0.11346198618412018,0.9730807542800903,0.7628288269042969
YNL206C,YHR186C,0,-0.21317318,0.11344879865646362,0.9730807542800903,0.7629289031028748
YBL074C,YDR362C,0,-0.21332869,0.11343561112880707,0.9730807542800903,0.7630289196968079
YNL015W,YPR096C,0,-0.21426053,0.11342243105173111,0.9730807542800903,0.763128936290741
YKL109W,YDR034C-C,0,-0.21438019,0.11340925097465515,0.9730807542800903,0.7632289528846741
YLR283W,YGL141W,0,-0.21537349,0.1133960708975792,0.9730807542800903,0.7633289694786072
YOR265W,YMR022W,0,-0.2154312,0.11338289827108383,0.9730807542800903,0.7634290456771851
YGR035C,YIR037W,0,-0.21556422,0.11336972564458847,0.9730807542800903,0.7635290622711182
YOL140W,YHR064C,0,-0.21675126,0.1133565604686737,0.9730807542800903,0.7636290788650513
YDR363W-A,YMR165C,0,-0.21710424,0.11334339529275894,0.9730807542800903,0.7637290954589844
YDL008W,YJL109C,0,-0.21727273,0.11333023756742477,0.9730807542800903,0.7638291716575623
YMR306W,YML077W,0,-0.21745536,0.1133170798420906,0.9730807542800903,0.7639291882514954
YDR533C,YPR054W,0,-0.21847345,0.11330392211675644,0.9730807542800903,0.7640292048454285
YBR035C,YDL110C,0,-0.2190612,0.11329077184200287,0.9730807542800903,0.7641292214393616
YKL143W,YPR047W,0,-0.21995914,0.1132776215672493,0.9730807542800903,0.7642292976379395
YBR156C,YDL109C,0,-0.22059467,0.11326447874307632,0.9730807542800903,0.7643293142318726
YJR158W,YCL047C,0,-0.22090676,0.11325133591890335,0.9730807542800903,0.7644293308258057
YJL129C,YDR158W,0,-0.22102523,0.11323819309473038,0.9730807542800903,0.7645293474197388
YER029C,YGL039W,0,-0.22141504,0.113225057721138,0.9730807542800903,0.7646293640136719
YJL073W,YNR028W,1,-0.22159567,0.11332792043685913,0.9740777611732483,0.7646293640136719
YOR384W,YGL253W,0,-0.22335719,0.11331477761268616,0.9740777611732483,0.7647294402122498
YDR022C,YPL186C,0,-0.2245287,0.11330163478851318,0.9740777611732483,0.7648294568061829
YLR237W,YNR041C,0,-0.22521383,0.1132884994149208,0.9740777611732483,0.764929473400116
YCL069W,YPL111W,0,-0.22539757,0.11327536404132843,0.9740777611732483,0.7650294899940491
YER020W,YPR031W,0,-0.22557679,0.11326222866773605,0.9740777611732483,0.765129566192627
YLR158C,YER173W,0,-0.22563748,0.11324910074472427,0.9740777611732483,0.7652295827865601
YJL221C,YFL044C,0,-0.22824477,0.1132359728217125,0.9740777611732483,0.7653295993804932
YIL138C,YER106W,0,-0.22902393,0.11322285234928131,0.9740777611732483,0.7654296159744263
YMR043W,YFL029C,0,-0.22909439,0.11320973187685013,0.9740777611732483,0.7655296325683594
YDL019C,YML042W,0,-0.2301015,0.11319661885499954,0.9740777611732483,0.7656297087669373
YLR459W,YDR393W,0,-0.23061472,0.11318350583314896,0.9740777611732483,0.7657297253608704
YGL035C,YOR386W,0,-0.23066902,0.11317039281129837,0.9740777611732483,0.7658297419548035
YDR236C,YGL084C,0,-0.23188543,0.11315728724002838,0.9740777611732483,0.7659297585487366
YPL121C,YBR122C,0,-0.23312482,0.11314418166875839,0.9740777611732483,0.7660298347473145
YOL117W,YJR059W,0,-0.23378289,0.1131310760974884,0.9740777611732483,0.7661298513412476
YNL331C,YOR217W,0,-0.23378958,0.11311797797679901,0.9740777611732483,0.7662298679351807
YGR035C,YLR381W,0,-0.2347573,0.11310488730669022,0.9740777611732483,0.7663298845291138
YIL112W,YER106W,0,-0.23535869,0.11309179663658142,0.9740777611732483,0.7664299011230469
YJR058C,YAL062W,0,-0.23598453,0.11307870596647263,0.9740777611732483,0.7665299773216248
YJR160C,YPL048W,0,-0.23615204,0.11306561529636383,0.9740777611732483,0.7666299939155579
YJL046W,YBR123C,0,-0.23667182,0.11305253207683563,0.9740777611732483,0.766730010509491
YOR061W,YDR478W,0,-0.23757906,0.11303945630788803,0.9740777611732483,0.7668300271034241
YDR316W-A,YMR312W,0,-0.23780128,0.11302637308835983,0.9740777611732483,0.766930103302002
YDR448W,YOR332W,0,-0.23816068,0.11301330476999283,0.9740777611732483,0.7670301198959351
YML037C,YOR221C,0,-0.23908406,0.11300022900104523,0.9740777611732483,0.7671301364898682
YLR098C,YGR116W,0,-0.2401503,0.11298716068267822,0.9740777611732483,0.7672301530838013
YLR266C,YDR420W,0,-0.24047601,0.11297409981489182,0.9740777611732483,0.7673301696777344
YGL137W,YDR130C,0,-0.24060968,0.11296103894710541,0.9740777611732483,0.7674302458763123
YDL210W,YBR087W,0,-0.24139163,0.112947978079319,0.9740777611732483,0.7675302624702454
YBR164C,YML115C,0,-0.24277826,0.11293491721153259,0.9740777611732483,0.7676302790641785
YNL218W,YDL007W,0,-0.24466342,0.11292187124490738,0.9740777611732483,0.7677302956581116
YPR048W,YER173W,0,-0.24479449,0.11290881782770157,0.9740777611732483,0.7678303718566895
YDL051W,YNL212W,0,-0.24507184,0.11289577186107635,0.9740777611732483,0.7679303884506226
YAL021C,YKL143W,0,-0.24512188,0.11288272589445114,0.9740777611732483,0.7680304050445557
YOL105C,YJL048C,0,-0.24531272,0.11286968737840652,0.9740777611732483,0.7681304216384888
YDR495C,YBR231C,0,-0.24541152,0.11285664886236191,0.9740777611732483,0.7682304978370667
YHR028C,YIL126W,0,-0.24559537,0.11284361034631729,0.9740777611732483,0.7683305144309998
YJL165C,YOR308C,0,-0.24573568,0.11283057928085327,0.9740777611732483,0.7684305310249329
YOL133W,YJR126C,0,-0.24576169,0.11281755566596985,0.9740777611732483,0.768530547618866
YBR123C,YDR169C,0,-0.24639356,0.11280452460050583,0.9740777611732483,0.7686305642127991
YDR501W,YDR139C,0,-0.24641806,0.1127915009856224,0.9740777611732483,0.768730640411377
YJR098C,YLR304C,0,-0.2466484,0.11277848482131958,0.9740777611732483,0.7688306570053101
YCL075W,YPL149W,0,-0.24723342,0.11276546865701675,0.9740777611732483,0.7689306735992432
YGL223C,YDL101C,0,-0.24780388,0.11275245249271393,0.9740777611732483,0.7690306901931763
YDR210W-B,YDR420W,0,-0.24818917,0.1127394437789917,0.9740777611732483,0.7691307663917542
YGL173C,YOL067C,0,-0.24903683,0.11272643506526947,0.9740777611732483,0.7692307829856873
YNR070W,YPR096C,0,-0.24935688,0.11271342635154724,0.9740777611732483,0.7693307995796204
YDR495C,YCR028C,0,-0.24974382,0.11270042508840561,0.9740777611732483,0.7694308161735535
YDL210W,YJL156C,0,-0.24987967,0.11268743127584457,0.9740777611732483,0.7695308327674866
YLR201C,YOR067C,0,-0.24990004,0.11267443001270294,0.9740777611732483,0.7696309089660645
YDR052C,YOR131C,0,-0.25122267,0.1126614362001419,0.9740777611732483,0.7697309255599976
YDL210W,YKL183W,0,-0.25135386,0.11264844983816147,0.9740777611732483,0.7698309421539307
YGL120C,YJL101C,0,-0.2519084,0.11263546347618103,0.9740777611732483,0.7699309587478638
YOL003C,YLR109W,0,-0.25199515,0.11262247711420059,0.9740777611732483,0.7700310349464417
YOR347C,YDR261W-B,0,-0.25268963,0.11260949820280075,0.9740777611732483,0.7701310515403748
YCR009C,YDR534C,0,-0.25270438,0.11259651929140091,0.9740777611732483,0.7702310681343079
YER007W,YNL077W,1,-0.25355434,0.11269877851009369,0.9750747680664062,0.7702310681343079
YDL205C,YHR099W,0,-0.25386298,0.11268579214811325,0.9750747680664062,0.770331084728241
YDR242W,YIL084C,0,-0.2544554,0.11267281323671341,0.9750747680664062,0.7704311013221741
YIL009C-A,YGL095C,0,-0.25519827,0.11265983432531357,0.9750747680664062,0.770531177520752
YNR045W,YNL098C,0,-0.25563735,0.11264685541391373,0.9750747680664062,0.7706311941146851
YGR223C,YMR223W,0,-0.25630513,0.11263388395309448,0.9750747680664062,0.7707312107086182
YGL128C,YNR028W,1,-0.2573245,0.11273606866598129,0.9760717749595642,0.7707312107086182
YBL088C,YER007W,0,-0.25799167,0.11272308230400085,0.9760717749595642,0.7708312273025513
YJR097W,YIR017C,0,-0.25836152,0.11271011084318161,0.9760717749595642,0.7709313035011292
YPL051W,YPL111W,0,-0.25855666,0.11269713193178177,0.9760717749595642,0.7710313200950623
YIL172C,YPL153C,0,-0.25933895,0.11268416047096252,0.9760717749595642,0.7711313366889954
YCR096C,YGL095C,0,-0.25938463,0.11267119646072388,0.9760717749595642,0.7712313532829285
YCR098C,YMR071C,0,-0.25939465,0.11265822499990463,0.9760717749595642,0.7713313698768616
YOL065C,YBR092C,0,-0.25980553,0.11264526844024658,0.9760717749595642,0.7714314460754395
YIL072W,YGR194C,0,-0.26014853,0.11263230443000793,0.9760717749595642,0.7715314626693726
YNL049C,YHR117W,0,-0.26056767,0.11261934787034988,0.9760717749595642,0.7716314792633057
YIL072W,YIL124W,0,-0.2623389,0.11260639876127243,0.9760717749595642,0.7717314958572388
YER159C-A,YDR158W,0,-0.26280168,0.11259344220161438,0.9760717749595642,0.7718315720558167
YDR036C,YIL101C,0,-0.26290154,0.11258049309253693,0.9760717749595642,0.7719315886497498
YJL033W,YDR118W,0,-0.26314273,0.11256755143404007,0.9760717749595642,0.7720316052436829
YIL172C,YDR511W,0,-0.26317078,0.11255460977554321,0.9760717749595642,0.772131621837616
YBL103C,YMR223W,0,-0.26352817,0.11254166811704636,0.9760717749595642,0.7722316980361938
YNL330C,YJR110W,0,-0.26412183,0.1125287339091301,0.9760717749595642,0.772331714630127
YMR188C,YDR014W,0,-0.26456633,0.11251579970121384,0.9760717749595642,0.7724317312240601
YDR270W,YBR267W,0,-0.2647163,0.11250287294387817,0.9760717749595642,0.7725317478179932
YDL080C,YLR304C,0,-0.26571518,0.11248994618654251,0.9760717749595642,0.7726317644119263
YBL020W,YCR092C,0,-0.2660398,0.11247701942920685,0.9760717749595642,0.7727318406105042
YBR050C,YLL035W,0,-0.2664476,0.11246410012245178,0.9760717749595642,0.7728318572044373
YER083C,YMR198W,0,-0.2666242,0.11245118081569672,0.9760717749595642,0.7729318737983704
YJL008C,YPL202C,0,-0.26705235,0.11243826895952225,0.9760717749595642,0.7730318903923035
YOL031C,YDR318W,0,-0.26718992,0.11242535710334778,0.9760717749595642,0.7731319665908813
YOL152W,YOR036W,0,-0.26732278,0.11241244524717331,0.9760717749595642,0.7732319831848145
YDR038C,YOR076C,0,-0.2674112,0.11239954084157944,0.9760717749595642,0.7733319997787476
YDR533C,YDR322W,0,-0.26873448,0.11238663643598557,0.9760717749595642,0.7734320163726807
YML027W,YKR097W,0,-0.26898012,0.11237373948097229,0.9760717749595642,0.7735320329666138
YOL018C,YIL171W,0,-0.26936895,0.11236084252595901,0.9760717749595642,0.7736321091651917
YOR047C,YLR357W,0,-0.26973748,0.11234794557094574,0.9760717749595642,0.7737321257591248
YOL152W,YNR016C,0,-0.27053827,0.11233505606651306,0.9760717749595642,0.7738321423530579
YPL159C,YBR040W,0,-0.27089915,0.11232216656208038,0.9760717749595642,0.773932158946991
YJL033W,YMR071C,0,-0.27129644,0.1123092770576477,0.9760717749595642,0.7740322351455688
YLR109W,YGL222C,0,-0.27134156,0.11229639500379562,0.9760717749595642,0.774132251739502
YLR418C,YBL060W,0,-0.27143762,0.11228352040052414,0.9760717749595642,0.7742322683334351
YMR298W,YDR533C,0,-0.2717027,0.11227064579725266,0.9760717749595642,0.7743322849273682
YML106W,YPL194W,0,-0.27255112,0.11225777119398117,0.9760717749595642,0.7744323015213013
YDL229W,YIL142W,1,-0.27265012,0.11235955357551575,0.9770687818527222,0.7744323015213013
YDR312W,YLR045C,0,-0.27435145,0.11234667152166367,0.9770687818527222,0.7745323777198792
YBR050C,YLR427W,0,-0.2748145,0.11233378946781158,0.9770687818527222,0.7746323943138123
YCR072C,YJR025C,0,-0.2749018,0.1123209148645401,0.9770687818527222,0.7747324109077454
YLR396C,YER089C,0,-0.2755448,0.11230804771184921,0.9770687818527222,0.7748324275016785
YGL210W,YDL112W,0,-0.276116,0.11229517310857773,0.9770687818527222,0.7749325037002563
YDR503C,YOR067C,0,-0.27725917,0.11228231340646744,0.9770687818527222,0.7750325202941895
YMR098C,YGL003C,0,-0.27817708,0.11226944625377655,0.9770687818527222,0.7751325368881226
YDR510W,YJR059W,0,-0.2785283,0.11225658655166626,0.9770687818527222,0.7752325534820557
YIL009C-A,YGR162W,0,-0.27857703,0.11224372684955597,0.9770687818527222,0.7753325700759888
YBR299W,YPL154C,0,-0.27876318,0.11223087459802628,0.9770687818527222,0.7754326462745667
YEL038W,YCR020C,0,-0.27916145,0.11221802234649658,0.9770687818527222,0.7755326628684998
YBR176W,YDR315C,0,-0.28015757,0.11220517754554749,0.9770687818527222,0.7756326794624329
YIL112W,YBR241C,0,-0.28046897,0.11219233274459839,0.9770687818527222,0.775732696056366
YHR172W,YLR385C,0,-0.28169608,0.11217948794364929,0.9770687818527222,0.7758327722549438
YLL011W,YMR223W,0,-0.28178233,0.11216665059328079,0.9770687818527222,0.775932788848877
YOR265W,YLR158C,0,-0.28209057,0.11215381324291229,0.9770687818527222,0.7760328054428101
YCL075W,YNL227C,0,-0.28256133,0.11214097589254379,0.9770687818527222,0.7761328220367432
YKL011C,YMR208W,0,-0.28266996,0.11212814599275589,0.9770687818527222,0.776232898235321
YKL154W,YKR105C,0,-0.28289565,0.11211531609296799,0.9770687818527222,0.7763329148292542
YNR027W,YOL138C,0,-0.283106,0.11210249364376068,0.9770687818527222,0.7764329314231873
YBR123C,YIL051C,0,-0.28321105,0.11208967119455338,0.9770687818527222,0.7765329480171204
YHR143W,YDR253C,0,-0.28341565,0.11207685619592667,0.9770687818527222,0.7766329646110535
YOR036W,YIL009C-A,0,-0.28463608,0.11206403374671936,0.9770687818527222,0.7767330408096313
YDR456W,YDR443C,0,-0.28491408,0.11205122619867325,0.9770687818527222,0.7768330574035645
YPR005C,YLR385C,0,-0.28538746,0.11203841120004654,0.9770687818527222,0.7769330739974976
YER089C,YAL062W,0,-0.2858504,0.11202560365200043,0.9770687818527222,0.7770330905914307
YPL089C,YLR356W,0,-0.28610992,0.11201280355453491,0.9770687818527222,0.7771331667900085
YDR523C,YDR251W,0,-0.2870602,0.1120000034570694,0.9770687818527222,0.7772331833839417
YFL039C,YJR126C,0,-0.28743112,0.11198720335960388,0.9770687818527222,0.7773331999778748
YPR166C,YJL073W,0,-0.28882736,0.11197440326213837,0.9770687818527222,0.7774332165718079
YBL078C,YIL074C,0,-0.28883493,0.11196161061525345,0.9770687818527222,0.777533233165741
YDR011W,YBR009C,0,-0.2891049,0.11194882541894913,0.9770687818527222,0.7776333093643188
YDL229W,YDR501W,0,-0.28910637,0.1119360402226448,0.9770687818527222,0.777733325958252
YDR318W,YOR217W,0,-0.28948328,0.11192325502634048,0.9770687818527222,0.7778333425521851
YPL143W,YGR234W,0,-0.28962627,0.11191046983003616,0.9770687818527222,0.7779333591461182
YAL041W,YEL064C,0,-0.29052174,0.11189769208431244,0.9770687818527222,0.778033435344696
YGL141W,YKL198C,0,-0.2909317,0.11188492178916931,0.9770687818527222,0.7781334519386292
YDR251W,YOL007C,0,-0.2912082,0.11187214404344559,0.9770687818527222,0.7782334685325623
YGL232W,YMR282C,0,-0.29176155,0.11185937374830246,0.9770687818527222,0.7783334851264954
YGR223C,YPL157W,0,-0.29262727,0.11184661090373993,0.9770687818527222,0.7784335017204285
YGL206C,YOR069W,0,-0.29331395,0.1118338480591774,0.9770687818527222,0.7785335779190063
YDL101C,YDR376W,0,-0.29360682,0.11182108521461487,0.9770687818527222,0.7786335945129395
YNL206C,YML060W,0,-0.2939109,0.11180832982063293,0.9770687818527222,0.7787336111068726
YGL147C,YER045C,0,-0.29411885,0.111795574426651,0.9770687818527222,0.7788336277008057
YKL011C,YDR483W,0,-0.29529482,0.11178281903266907,0.9770687818527222,0.7789337038993835
YLL035W,YBL055C,0,-0.2968381,0.11177007108926773,0.9770687818527222,0.7790337204933167
YJR097W,YJL065C,0,-0.29772425,0.11175733059644699,0.9770687818527222,0.7791337370872498
YNL331C,YCR037C,0,-0.29816803,0.11174458265304565,0.9770687818527222,0.7792337536811829
YMR233W,YMR188C,0,-0.2984881,0.11173184216022491,0.9770687818527222,0.7793338298797607
YDL229W,YDR393W,0,-0.29863265,0.11171910911798477,0.9770687818527222,0.7794338464736938
YIL034C,YDR038C,0,-0.29866165,0.11170636862516403,0.9770687818527222,0.779533863067627
YEL054C,YBL039C,0,-0.29887605,0.11169364303350449,0.9770687818527222,0.7796338796615601
YDR014W,YFL037W,0,-0.29904065,0.11168090999126434,0.9770687818527222,0.7797338962554932
YDR265W,YGL168W,0,-0.3001573,0.1116681843996048,0.9770687818527222,0.779833972454071
YGL128C,YIL138C,0,-0.3002315,0.11165546625852585,0.9770687818527222,0.7799339890480042
YHR167W,YAR018C,0,-0.30075434,0.1116427406668663,0.9770687818527222,0.7800340056419373
YER159C-A,YDR038C,0,-0.30106908,0.11163002252578735,0.9770687818527222,0.7801340222358704
YHR116W,YBR040W,0,-0.30136395,0.111617311835289,0.9770687818527222,0.7802340984344482
YBR245C,YDR116C,0,-0.30261278,0.11160460114479065,0.9770687818527222,0.7803341150283813
YJL062W-A,YDL008W,0,-0.3026957,0.1115918904542923,0.9770687818527222,0.7804341316223145
YBR123C,YJL221C,0,-0.30358386,0.11157918721437454,0.9770687818527222,0.7805341482162476
YBR267W,YML087C,0,-0.30363768,0.11156648397445679,0.9770687818527222,0.7806341648101807
YNL292W,YLR357W,0,-0.30405724,0.11155378818511963,0.9770687818527222,0.7807342410087585
YEL061C,YJR068W,0,-0.30461484,0.11154108494520187,0.9770687818527222,0.7808342576026917
YER051W,YPR031W,0,-0.30472848,0.11152839660644531,0.9770687818527222,0.7809342741966248
YJL198W,YCR094W,0,-0.30702344,0.11151570081710815,0.9770687818527222,0.7810342907905579
YPL148C,YLR099C,0,-0.30767742,0.11150301247835159,0.9770687818527222,0.7811343669891357
YOR066W,YDR252W,0,-0.30954432,0.11149033159017563,0.9770687818527222,0.7812343835830688
YDR056C,YGL229C,0,-0.30995393,0.11147765070199966,0.9770687818527222,0.781334400177002
YLR192C,YNL339C,0,-0.31004435,0.1114649698138237,0.9770687818527222,0.7814344167709351
YJL157C,YML018C,0,-0.31024653,0.11145228892564774,0.9770687818527222,0.7815344333648682
YHR031C,YFR006W,0,-0.31030563,0.11143961548805237,0.9770687818527222,0.781634509563446
YDR315C,YJR158W,0,-0.31098387,0.1114269495010376,0.9770687818527222,0.7817345261573792
YGL222C,YPL095C,0,-0.31105605,0.11141427606344223,0.9770687818527222,0.7818345427513123
YBL061C,YGL155W,0,-0.31128052,0.11140161752700806,0.9770687818527222,0.7819345593452454
YGR241C,YLR237W,0,-0.3113569,0.11138895153999329,0.9770687818527222,0.7820346355438232
YER180C,YOR014W,0,-0.3114586,0.11137629300355911,0.9770687818527222,0.7821346521377563
YOR192C-B,YPR102C,0,-0.31152236,0.11136363446712494,0.9770687818527222,0.7822346687316895
YLR098C,YGR158C,0,-0.311979,0.11135098338127136,0.9770687818527222,0.7823346853256226
YDR531W,YGR075C,0,-0.31232885,0.11133833229541779,0.9770687818527222,0.7824347019195557
YHL044W,YJR068W,0,-0.3132156,0.11132568120956421,0.9770687818527222,0.7825347781181335
YLR078C,YKL024C,0,-0.31330076,0.11131303757429123,0.9770687818527222,0.7826347947120667
YHL019C,YAR044W,0,-0.3135421,0.11130039393901825,0.9770687818527222,0.7827348113059998
YJL198W,YBR251W,0,-0.31376454,0.11128775775432587,0.9770687818527222,0.7828348278999329
YGR241C,YDR400W,0,-0.3138116,0.11127512156963348,0.9770687818527222,0.7829349040985107
YGL227W,YDR116C,0,-0.31393662,0.1112624853849411,0.9770687818527222,0.7830349206924438
YNL159C,YKL108W,0,-0.31477678,0.11124985665082932,0.9770687818527222,0.783134937286377
YKR050W,YIL136W,0,-0.3152225,0.11123722791671753,0.9770687818527222,0.7832349538803101
YAL010C,YBR296C,0,-0.31523025,0.11122460663318634,0.9770687818527222,0.7833350300788879
YDR018C,YOL002C,0,-0.31551668,0.11121198534965515,0.9770687818527222,0.783435046672821
YOR174W,YLR010C,0,-0.31561157,0.11119936406612396,0.9770687818527222,0.7835350632667542
YJL108C,YHR129C,0,-0.31576517,0.11118675023317337,0.9770687818527222,0.7836350798606873
YGR047C,YMR314W,0,-0.31592226,0.11117413640022278,0.9770687818527222,0.7837350964546204
YLR040C,YKR009C,0,-0.31599462,0.11116152256727219,0.9770687818527222,0.7838351726531982
YIL150C,YOR075W,0,-0.31608236,0.11114891618490219,0.9770687818527222,0.7839351892471313
YJL162C,YOR349W,1,-0.3164229,0.11124971508979797,0.9780657887458801,0.7839351892471313
YJL198W,YNL331C,0,-0.31691346,0.11123710125684738,0.9780657887458801,0.7840352058410645
YGL251C,YIR017C,0,-0.31782794,0.11122448742389679,0.9780657887458801,0.7841352224349976
YKR062W,YIL039W,0,-0.31794104,0.1112118810415268,0.9780657887458801,0.7842352986335754
YBR175W,YPL172C,0,-0.31829014,0.1111992746591568,0.9780657887458801,0.7843353152275085
YOR290C,YMR163C,0,-0.3183655,0.1111866682767868,0.9780657887458801,0.7844353318214417
YGR188C,YJL121C,0,-0.3189133,0.1111740693449974,0.9780657887458801,0.7845353484153748
YML077W,YML095C,0,-0.31898296,0.11116147041320801,0.9780657887458801,0.7846353650093079
YOR179C,YGL155W,0,-0.32032454,0.1111488789319992,0.9780657887458801,0.7847354412078857
YDR126W,YDR320C,0,-0.32138926,0.1111362874507904,0.9780657887458801,0.7848354578018188
YMR290C,YKL116C,0,-0.32151896,0.1111236959695816,0.9780657887458801,0.784935474395752
YCR077C,YLL022C,0,-0.3225822,0.1111111119389534,0.9780657887458801,0.7850354909896851
YMR171C,YOR306C,0,-0.32311043,0.1110985279083252,0.9780657887458801,0.7851355671882629
YMR298W,YDL110C,0,-0.32311082,0.11108594387769699,0.9780657887458801,0.785235583782196
YGL191W,YER020W,0,-0.32328236,0.11107336729764938,0.9780657887458801,0.7853356003761292
YCR077C,YDR014W,0,-0.32362065,0.11106079816818237,0.9780657887458801,0.7854356169700623
YDR219C,YDR261W-B,0,-0.32412946,0.11104822158813477,0.9780657887458801,0.7855356335639954
YHR044C,YDL130W-A,0,-0.32423368,0.11103565245866776,0.9780657887458801,0.7856357097625732
YDR279W,YGR223C,0,-0.3243039,0.11102309077978134,0.9780657887458801,0.7857357263565063
YPL149W,YOR211C,0,-0.32460272,0.11101052165031433,0.9780657887458801,0.7858357429504395
YBL103C,YOR039W,0,-0.32461968,0.11099795997142792,0.9780657887458801,0.7859357595443726
YPL177C,YPL123C,0,-0.3249552,0.1109854057431221,0.9780657887458801,0.7860358357429504
YPR005C,YCR077C,0,-0.3251353,0.11097285151481628,0.9780657887458801,0.7861358523368835
YNL039W,YER106W,0,-0.32619116,0.11096029728651047,0.9780657887458801,0.7862358689308167
YML124C,YDR297W,0,-0.32644892,0.11094775050878525,0.9780657887458801,0.7863358855247498
YBR264C,YGR075C,0,-0.32692587,0.11093520373106003,0.9780657887458801,0.7864359021186829
YMR006C,YIL084C,0,-0.32709414,0.11092265695333481,0.9780657887458801,0.7865359783172607
YJL073W,YEL030W,1,-0.32720187,0.1110231801867485,0.9790627956390381,0.7865359783172607
YJL125C,YJL065C,0,-0.32753566,0.11101062595844269,0.9790627956390381,0.7866359949111938
YLR373C,YGL039W,0,-0.32782447,0.11099807918071747,0.9790627956390381,0.786736011505127
YGL089C,YML018C,0,-0.3282476,0.11098553240299225,0.9790627956390381,0.7868360280990601
YPL059W,YKR105C,0,-0.32857347,0.11097299307584763,0.9790627956390381,0.7869361042976379
YLR086W,YER030W,0,-0.3290368,0.110960453748703,0.9790627956390381,0.787036120891571
YHL044W,YOL133W,0,-0.32971752,0.11094791442155838,0.9790627956390381,0.7871361374855042
YDL108W,YDR116C,0,-0.32981494,0.11093538254499435,0.9790627956390381,0.7872361540794373
YJL198W,YOR014W,0,-0.33083078,0.11092285066843033,0.9790627956390381,0.7873362302780151
YLR438C-A,YJR089W,0,-0.33151516,0.1109103262424469,0.9790627956390381,0.7874362468719482
YLR172C,YHL004W,0,-0.3324796,0.11089779436588287,0.9790627956390381,0.7875362634658813
YEL015W,YHR036W,0,-0.33266485,0.11088527739048004,0.9790627956390381,0.7876362800598145
YPR166C,YGR194C,0,-0.33270347,0.11087275296449661,0.9790627956390381,0.7877362966537476
YOL140W,YPL153C,0,-0.3328662,0.11086023598909378,0.9790627956390381,0.7878363728523254
YER110C,YOR014W,0,-0.3328786,0.11084772646427155,0.9790627956390381,0.7879363894462585
YDR495C,YHL004W,0,-0.33395445,0.11083521693944931,0.9790627956390381,0.7880364060401917
YJR009C,YEL021W,0,-0.33490762,0.11082270741462708,0.9790627956390381,0.7881364226341248
YOR116C,YBR040W,0,-0.33530825,0.11081019788980484,0.9790627956390381,0.7882364988327026
YOR047C,YNL077W,0,-0.33710378,0.1107976958155632,0.9790627956390381,0.7883365154266357
YLR371W,YIR017C,0,-0.33845246,0.11078520119190216,0.9790627956390381,0.7884365320205688
YKL108W,YCR004C,0,-0.3387394,0.11077269911766052,0.9790627956390381,0.788536548614502
YMR080C,YOR306C,0,-0.3413888,0.11076020449399948,0.9790627956390381,0.7886365652084351
YJL165C,YDR379W,0,-0.34170341,0.11074771732091904,0.9790627956390381,0.7887366414070129
YBR158W,YGR071C,0,-0.34217533,0.11073523014783859,0.9790627956390381,0.788836658000946
YKR048C,YMR303C,0,-0.34226948,0.11072274297475815,0.9790627956390381,0.7889366745948792
YMR006C,YMR204C,0,-0.3446376,0.1107102558016777,0.9790627956390381,0.7890366911888123
YGL232W,YKL109W,0,-0.34573406,0.11069777607917786,0.9790627956390381,0.7891367673873901
YHR089C,YLR276C,0,-0.3459376,0.1106853038072586,0.9790627956390381,0.7892367839813232
YDR501W,YOR075W,0,-0.34798127,0.11067282408475876,0.9790627956390381,0.7893368005752563
YHR206W,YOR288C,0,-0.34800124,0.1106603592634201,0.9790627956390381,0.7894368171691895
YNL046W,YNL146W,0,-0.34837067,0.11064788699150085,0.9790627956390381,0.7895368337631226
YCR020C,YKL011C,0,-0.34890446,0.1106354221701622,0.9790627956390381,0.7896369099617004
YOL005C,YPR186C,0,-0.35085884,0.11062295734882355,0.9790627956390381,0.7897369265556335
YDL143W,YDR478W,0,-0.35178348,0.11061049997806549,0.9790627956390381,0.7898369431495667
YDL099W,YDL205C,0,-0.35202128,0.11059804260730743,0.9790627956390381,0.7899369597434998
YOR384W,YOR242C,0,-0.35329723,0.11058558523654938,0.9790627956390381,0.7900370359420776
YGL168W,YDR103W,0,-0.35342097,0.11057313531637192,0.9790627956390381,0.7901370525360107
YGL205W,YFL037W,0,-0.35525054,0.11056068539619446,0.9790627956390381,0.7902370691299438
YNL280C,YJR158W,0,-0.3552574,0.110548235476017,0.9790627956390381,0.790337085723877
YHR207C,YMR285C,0,-0.3558104,0.11053579300642014,0.9790627956390381,0.7904371023178101
YDL085W,YGR218W,0,-0.35675335,0.11052335053682327,0.9790627956390381,0.7905371785163879
YOL147C,YOR374W,0,-0.35856348,0.110510915517807,0.9790627956390381,0.790637195110321
YER048W-A,YER091C,0,-0.35860616,0.11049848049879074,0.9790627956390381,0.7907372117042542
YNL306W,YDR322W,0,-0.35865986,0.11048604547977448,0.9790627956390381,0.7908372282981873
YOL156W,YDR044W,0,-0.3589392,0.1104736179113388,0.9790627956390381,0.7909373044967651
YML054C,YKL088W,0,-0.3589403,0.11046119034290314,0.9790627956390381,0.7910373210906982
YDR022C,YDL043C,0,-0.3602529,0.11044877022504807,0.9790627956390381,0.7911373376846313
YBL017C,YMR281W,0,-0.36100894,0.110436350107193,0.9790627956390381,0.7912373542785645
YJL044C,YNL115C,0,-0.36109334,0.11042392998933792,0.9790627956390381,0.7913374304771423
YKL004W,YBL017C,0,-0.3614716,0.11041150987148285,0.9790627956390381,0.7914374470710754
YGR029W,YHL044W,0,-0.36152992,0.11039909720420837,0.9790627956390381,0.7915374636650085
YMR290C,YML015C,0,-0.36225325,0.1103866919875145,0.9790627956390381,0.7916374802589417
YHL019C,YLR385C,0,-0.3625783,0.11037428677082062,0.9790627956390381,0.7917374968528748
YBR055C,YJR068W,0,-0.36293715,0.11036188155412674,0.9790627956390381,0.7918375730514526
YPR166C,YML081C-A,0,-0.36302686,0.11034947633743286,0.9790627956390381,0.7919375896453857
YHR076W,YCR040W,0,-0.36319163,0.11033707857131958,0.9790627956390381,0.7920376062393188
YER051W,YGR200C,0,-0.3633718,0.1103246808052063,0.9790627956390381,0.792137622833252
YBR289W,YBR207W,0,-0.36398298,0.11031229048967361,0.9790627956390381,0.7922376990318298
YBR267W,YML081C-A,0,-0.36427593,0.11029990017414093,0.9790627956390381,0.7923377156257629
YBR213W,YAL025C,0,-0.36454862,0.11028750985860825,0.9790627956390381,0.792437732219696
YMR211W,YNL310C,0,-0.3649362,0.11027512699365616,0.9790627956390381,0.7925377488136292
YDL210W,YER131W,0,-0.36658782,0.11026274412870407,0.9790627956390381,0.7926377654075623
YHR143W,YJR058C,0,-0.36677873,0.11025036126375198,0.9790627956390381,0.7927378416061401
YNL291C,YDL080C,0,-0.36678144,0.1102379858493805,0.9790627956390381,0.7928378582000732
YKR061W,YKR030W,0,-0.36736128,0.1102256178855896,0.9790627956390381,0.7929378747940063
YDR013W,YBR198C,0,-0.36778513,0.11021324247121811,0.9790627956390381,0.7930378913879395
YKL004W,YKL059C,0,-0.36830482,0.11020087450742722,0.9790627956390381,0.7931379675865173
YDR242W,YKR105C,0,-0.36878917,0.11018850654363632,0.9790627956390381,0.7932379841804504
YPR081C,YLR176C,0,-0.36885026,0.11017614603042603,0.9790627956390381,0.7933380007743835
YOR037W,YHR140W,0,-0.3691215,0.11016378551721573,0.9790627956390381,0.7934380173683167
YDR341C,YPL172C,0,-0.3691879,0.11015143245458603,0.9790627956390381,0.7935380339622498
YNL325C,YBL090W,0,-0.3704357,0.11013907939195633,0.9790627956390381,0.7936381101608276
YJR097W,YPL092W,0,-0.37047434,0.11012672632932663,0.9790627956390381,0.7937381267547607
YBR296C,YNR020C,0,-0.37070918,0.11011437326669693,0.9790627956390381,0.7938381433486938
YGL021W,YPL121C,0,-0.3707295,0.11010202765464783,0.9790627956390381,0.793938159942627
YBR156C,YDR334W,0,-0.37077445,0.11008968949317932,0.9790627956390381,0.7940382361412048
YHR017W,YDR116C,0,-0.37087625,0.11007734388113022,0.9790627956390381,0.7941382527351379
YOR120W,YER184C,0,-0.37092635,0.11006500571966171,0.9790627956390381,0.794238269329071
YDL164C,YDR447C,0,-0.37104073,0.1100526750087738,0.9790627956390381,0.7943382859230042
YPL089C,YDR380W,0,-0.37221056,0.1100403442978859,0.9790627956390381,0.7944383025169373
YHR023W,YNL061W,0,-0.37256375,0.11002801358699799,0.9790627956390381,0.7945383787155151
YLR343W,YGR274C,0,-0.37341926,0.11001568287611008,0.9790627956390381,0.7946383953094482
YER048C,YFR041C,1,-0.3744523,0.11011537909507751,0.980059802532196,0.7946383953094482
YGR008C,YCR010C,0,-0.37525663,0.1101030483841896,0.980059802532196,0.7947384119033813
YGL229C,YMR071C,0,-0.37559855,0.1100907176733017,0.980059802532196,0.7948384284973145
YDR342C,YIL160C,0,-0.375834,0.11007838696241379,0.980059802532196,0.7949385046958923
YML115C,YOR044W,0,-0.37625238,0.11006606370210648,0.980059802532196,0.7950385212898254
YLR357W,YOL123W,0,-0.37764168,0.11005374044179916,0.980059802532196,0.7951385378837585
YER027C,YOR346W,0,-0.37806842,0.11004141718149185,0.980059802532196,0.7952385544776917
YDR420W,YIR023W,0,-0.3785808,0.11002910137176514,0.980059802532196,0.7953386306762695
YOR308C,YKL156W,0,-0.37921122,0.11001678556203842,0.980059802532196,0.7954386472702026
YLR371W,YMR302C,0,-0.3795009,0.1100044772028923,0.980059802532196,0.7955386638641357
YOR244W,YPL202C,0,-0.38005868,0.10999216884374619,0.980059802532196,0.7956386804580688
YOR131C,YBR231C,0,-0.3814245,0.10997986048460007,0.980059802532196,0.795738697052002
YDR363W-A,YMR201C,0,-0.38176945,0.10996755957603455,0.980059802532196,0.7958387732505798
YBL078C,YPR073C,0,-0.38264808,0.10995525866746902,0.980059802532196,0.7959387898445129
YER096W,YBR035C,0,-0.38314077,0.1099429577589035,0.980059802532196,0.796038806438446
YMR036C,YKR105C,0,-0.38331503,0.10993066430091858,0.980059802532196,0.7961388230323792
YGR104C,YFL036W,0,-0.38448453,0.10991837084293365,0.980059802532196,0.796238899230957
YGR241C,YHL004W,0,-0.3847653,0.10990608483552933,0.980059802532196,0.7963389158248901
YCL075W,YDR380W,0,-0.38491338,0.109893798828125,0.980059802532196,0.7964389324188232
YLR450W,YOL157C,0,-0.3849668,0.10988151282072067,0.980059802532196,0.7965389490127563
YGR058W,YML054C,0,-0.38607147,0.10986922681331635,0.980059802532196,0.7966389656066895
YKL088W,YKR037C,0,-0.38631198,0.10985694825649261,0.980059802532196,0.7967390418052673
YAL043C,YGR241C,0,-0.38710946,0.10984467715024948,0.980059802532196,0.7968390583992004
YER161C,YOL125W,0,-0.38733065,0.10983239859342575,0.980059802532196,0.7969390749931335
YGL227W,YBR009C,0,-0.3874594,0.10982013493776321,0.980059802532196,0.7970390915870667
YDL136W,YPR178W,0,-0.3875929,0.10980786383152008,0.980059802532196,0.7971391677856445
YCR072C,YEL016C,0,-0.38801342,0.10979560017585754,0.980059802532196,0.7972391843795776
YOL133W,YLR438C-A,0,-0.38832647,0.10978333652019501,0.980059802532196,0.7973392009735107
YLR090W,YDR126W,0,-0.38843417,0.10977108031511307,0.980059802532196,0.7974392175674438
YMR128W,YNL339C,0,-0.38852176,0.10975882411003113,0.980059802532196,0.797539234161377
YPL195W,YGR071C,0,-0.38862023,0.10974656790494919,0.980059802532196,0.7976393103599548
YGL128C,YKL100C,0,-0.38863882,0.10973431915044785,0.980059802532196,0.7977393269538879
YAL043C,YBL090W,0,-0.3886696,0.1097220703959465,0.980059802532196,0.797839343547821
YOR265W,YDR320C-A,0,-0.3893326,0.10970982164144516,0.980059802532196,0.7979393601417542
YJL156C,YJL056C,0,-0.3895878,0.10969758033752441,0.980059802532196,0.798039436340332
YOR348C,YCR028C,0,-0.38977042,0.10968533903360367,0.980059802532196,0.7981394529342651
YDL127W,YKL164C,0,-0.3905892,0.10967309772968292,0.980059802532196,0.7982394695281982
YIL070C,YNL119W,0,-0.3906063,0.10966086387634277,0.980059802532196,0.7983394861221313
YMR302C,YDR166C,0,-0.39061856,0.10964863002300262,0.980059802532196,0.7984395027160645
YAR019C,YMR023C,0,-0.39360547,0.10963640362024307,0.980059802532196,0.7985395789146423
YPR168W,YBR030W,0,-0.39445525,0.10962417721748352,0.980059802532196,0.7986395955085754
YMR100W,YOL103W,0,-0.39554662,0.10961195081472397,0.980059802532196,0.7987396121025085
YJL062W,YML088W,0,-0.39569372,0.10959973186254501,0.980059802532196,0.7988396286964417
YDR297W,YMR312W,0,-0.39584258,0.10958751291036606,0.980059802532196,0.7989397048950195
YMR130W,YGR184C,0,-0.3960724,0.1095753014087677,0.980059802532196,0.7990397214889526
YCR077C,YDR443C,0,-0.39776117,0.10956308245658875,0.980059802532196,0.7991397380828857
YJR121W,YMR302C,0,-0.397859,0.10955087840557098,0.980059802532196,0.7992397546768188
YJR022W,YGL039W,0,-0.39846048,0.10953866690397263,0.980059802532196,0.7993398308753967
YMR171C,YPL202C,0,-0.39873812,0.10952646285295486,0.980059802532196,0.7994398474693298
YCR081W,YBL037W,0,-0.3997314,0.1095142588019371,0.980059802532196,0.7995398640632629
YOL156W,YNL310C,0,-0.40003434,0.10950206220149994,0.980059802532196,0.799639880657196
YDR134C,YBR084W,0,-0.4004831,0.10948986560106277,0.980059802532196,0.7997398972511292
YDR312W,YEL064C,0,-0.40091813,0.10947766900062561,0.980059802532196,0.799839973449707
YGL213C,YGL040C,0,-0.40128216,0.10946547985076904,0.980059802532196,0.7999399900436401
YOR373W,YOL019W,0,-0.40143234,0.10945329070091248,0.980059802532196,0.8000400066375732
YBR041W,YBR033W,0,-0.4027781,0.10944110155105591,0.980059802532196,0.8001400232315063
YIL090W,YOR043W,0,-0.40278313,0.10942891985177994,0.980059802532196,0.8002400994300842
YOR036W,YDR130C,0,-0.4033559,0.10941673815250397,0.980059802532196,0.8003401160240173
YDL030W,YLR100W,0,-0.40352774,0.1094045639038086,0.980059802532196,0.8004401326179504
YNL280C,YIL171W,0,-0.40385142,0.10939238965511322,0.980059802532196,0.8005401492118835
YJR009C,YNL096C,0,-0.40453398,0.10938021540641785,0.980059802532196,0.8006401658058167
YDR298C,YGR014W,0,-0.40532702,0.10936804860830307,0.980059802532196,0.8007402420043945
YDL080C,YJR134C,0,-0.4057332,0.1093558818101883,0.980059802532196,0.8008402585983276
YNL007C,YIL160C,0,-0.4058299,0.10934371501207352,0.980059802532196,0.8009402751922607
YMR289W,YLR035C-A,0,-0.40608647,0.10933155566453934,0.980059802532196,0.8010402917861938
YDR511W,YIL072W,0,-0.40700182,0.10931939631700516,0.980059802532196,0.8011403679847717
YMR316W,YKL028W,0,-0.40746468,0.10930723696947098,0.980059802532196,0.8012403845787048
YDR224C,YJL008C,0,-0.40747482,0.1092950850725174,0.980059802532196,0.8013404011726379
YOL019W,YGR272C,0,-0.40921015,0.10928293317556381,0.980059802532196,0.801440417766571
YPR005C,YMR163C,0,-0.40929744,0.10927078872919083,0.980059802532196,0.8015404343605042
YMR287C,YGL249W,0,-0.41106167,0.10925864428281784,0.980059802532196,0.801640510559082
YML130C,YER007W,1,-0.41149902,0.10935763269662857,0.981056809425354,0.801640510559082
YLR318W,YML081C-A,0,-0.41239035,0.10934548079967499,0.981056809425354,0.8017405271530151
YAL053W,YER061C,0,-0.41345754,0.109333336353302,0.981056809425354,0.8018405437469482
YLR098C,YGR162W,0,-0.41401187,0.10932118445634842,0.981056809425354,0.8019405603408813
YFR041C,YER007W,1,-0.41442072,0.10942012816667557,0.982053816318512,0.8019405603408813
YLR008C,YOR124C,0,-0.41731638,0.10940797626972198,0.982053816318512,0.8020406365394592
YIR012W,YBL022C,0,-0.41966265,0.1093958243727684,0.982053816318512,0.8021406531333923
YHR181W,YMR152W,0,-0.42052886,0.10938367247581482,0.982053816318512,0.8022406697273254
YOR224C,YKR048C,0,-0.42064497,0.10937152802944183,0.982053816318512,0.8023406863212585
YMR088C,YIL009C-A,0,-0.42068112,0.10935938358306885,0.982053816318512,0.8024407029151917
YCR098C,YDR117C,0,-0.42167437,0.10934724658727646,0.982053816318512,0.8025407791137695
YBR058C,YFL044C,0,-0.42196667,0.10933510959148407,0.982053816318512,0.8026407957077026
YFL036W,YDR288W,0,-0.42500263,0.10932297259569168,0.982053816318512,0.8027408123016357
YML027W,YDR313C,0,-0.4257689,0.10931084305047989,0.982053816318512,0.8028408288955688
YDR224C,YNL149C,0,-0.4275952,0.1092987135052681,0.982053816318512,0.8029409050941467
YBL017C,YDR363W-A,0,-0.42817825,0.1092865839600563,0.982053816318512,0.8030409216880798
YPR098C,YDR368W,0,-0.42854244,0.10927446186542511,0.982053816318512,0.8031409382820129
YHL009W-B,YIL112W,0,-0.4285446,0.10926233977079391,0.982053816318512,0.803240954875946
YPL121C,YDL033C,0,-0.4290262,0.10925022512674332,0.982053816318512,0.8033410310745239
YMR042W,YDR158W,0,-0.4296555,0.10923810303211212,0.982053816318512,0.803441047668457
YLR040C,YNL115C,0,-0.43041292,0.10922599583864212,0.982053816318512,0.8035410642623901
YJL062W-A,YBR097W,0,-0.43047845,0.10921388119459152,0.982053816318512,0.8036410808563232
YKL198C,YGL059W,0,-0.4307033,0.10920177400112152,0.982053816318512,0.8037410974502563
YJR076C,YOR386W,0,-0.43078554,0.10918966680765152,0.982053816318512,0.8038411736488342
YDR011W,YLR419W,0,-0.43093616,0.10917756706476212,0.982053816318512,0.8039411902427673
YER159C-A,YEL058W,0,-0.43119973,0.10916546732187271,0.982053816318512,0.8040412068367004
YDL019C,YLL050C,0,-0.43142462,0.1091533675789833,0.982053816318512,0.8041412234306335
YIL172C,YER083C,0,-0.43153846,0.1091412752866745,0.982053816318512,0.8042412996292114
YNL311C,YOL123W,0,-0.43168053,0.10912918299436569,0.982053816318512,0.8043413162231445
YIL126W,YKR097W,0,-0.4317877,0.10911709070205688,0.982053816318512,0.8044413328170776
YPR049C,YDL109C,0,-0.43214098,0.10910500586032867,0.982053816318512,0.8045413494110107
YHR129C,YDR298C,0,-0.43248785,0.10909292101860046,0.982053816318512,0.8046413660049438
YLR430W,YMR012W,0,-0.43276155,0.10908084362745285,0.982053816318512,0.8047414422035217
YML116W,YER082C,0,-0.43279964,0.10906876623630524,0.982053816318512,0.8048414587974548
YLR045C,YNL091W,0,-0.43564087,0.10905668884515762,0.982053816318512,0.8049414753913879
YOR116C,YGR184C,0,-0.43565896,0.10904461145401001,0.982053816318512,0.805041491985321
YDL143W,YHR184W,0,-0.43571442,0.109032541513443,0.982053816318512,0.8051415681838989
YPL194W,YLR176C,0,-0.43603835,0.10902047902345657,0.982053816318512,0.805241584777832
YKL004W,YNL185C,0,-0.4364583,0.10900840908288956,0.982053816318512,0.8053416013717651
YPR054W,YMR165C,0,-0.43770128,0.10899634659290314,0.982053816318512,0.8054416179656982
YPR098C,YML009C,0,-0.4382028,0.10898429155349731,0.982053816318512,0.8055416345596313
YDR487C,YLL022C,0,-0.4385945,0.1089722290635109,0.982053816318512,0.8056417107582092
YHR206W,YER070W,0,-0.43961084,0.10896017402410507,0.982053816318512,0.8057417273521423
YHL032C,YBL037W,0,-0.43963364,0.10894812643527985,0.982053816318512,0.8058417439460754
YDR501W,YHR136C,0,-0.43980414,0.10893607884645462,0.982053816318512,0.8059417605400085
YCL075W,YNL268W,0,-0.44034833,0.1089240312576294,0.982053816318512,0.8060418367385864
YDR212W,YAL053W,1,-0.44126508,0.10902255773544312,0.9830508232116699,0.8060418367385864
YCL055W,YOR221C,0,-0.441288,0.10901050269603729,0.9830508232116699,0.8061418533325195
YPR054W,YNL096C,0,-0.44135016,0.10899845510721207,0.9830508232116699,0.8062418699264526
YLR450W,YER180C,0,-0.44160774,0.10898640751838684,0.9830508232116699,0.8063418865203857
YPL206C,YMR037C,0,-0.4425766,0.10897435992956161,0.9830508232116699,0.8064419031143188
YDL069C,YCL055W,0,-0.44357634,0.10896231979131699,0.9830508232116699,0.8065419793128967
YPL194W,YNR011C,0,-0.44376832,0.10895027965307236,0.9830508232116699,0.8066419959068298
YJR076C,YGR054W,0,-0.44400427,0.10893823951482773,0.9830508232116699,0.8067420125007629
YDL109C,YPL101W,0,-0.44410658,0.1089262068271637,0.9830508232116699,0.806842029094696
YCR092C,YPL153C,0,-0.44483376,0.10891417413949966,0.9830508232116699,0.8069421052932739
YOL157C,YHL016C,0,-0.44540733,0.10890214145183563,0.9830508232116699,0.807042121887207
YGL229C,YAL008W,0,-0.44554487,0.1088901162147522,0.9830508232116699,0.8071421384811401
YHR044C,YER051W,0,-0.44646746,0.10887809097766876,0.9830508232116699,0.8072421550750732
YHL044W,YLR120C,0,-0.4468785,0.10886607319116592,0.9830508232116699,0.8073422312736511
YOR116C,YML063W,0,-0.44739473,0.10885404795408249,0.9830508232116699,0.8074422478675842
YLR396C,YOL140W,0,-0.4479788,0.10884203761816025,0.9830508232116699,0.8075422644615173
YLL013C,YAL035W,0,-0.44818527,0.10883001983165741,0.9830508232116699,0.8076422810554504
YOL072W,YGR076C,0,-0.44889575,0.10881800949573517,0.9830508232116699,0.8077422976493835
YBR245C,YLR381W,0,-0.44973472,0.10880600661039352,0.9830508232116699,0.8078423738479614
YDR052C,YLL001W,0,-0.44989327,0.10879399627447128,0.9830508232116699,0.8079423904418945
YPL089C,YCR092C,0,-0.45012686,0.10878199338912964,0.9830508232116699,0.8080424070358276
YBR050C,YOR075W,0,-0.45073193,0.10876999795436859,0.9830508232116699,0.8081424236297607
YBL024W,YNL331C,0,-0.45109892,0.10875799506902695,0.9830508232116699,0.8082424998283386
YOR257W,YMR311C,0,-0.4511531,0.1087459996342659,0.9830508232116699,0.8083425164222717
YLR086W,YGL211W,0,-0.4516119,0.10873401165008545,0.9830508232116699,0.8084425330162048
YOR356W,YKL017C,0,-0.4524417,0.108722023665905,0.9830508232116699,0.8085425496101379
YAL034W-A,YDR443C,0,-0.45251858,0.10871003568172455,0.9830508232116699,0.808642566204071
YGL168W,YDR501W,0,-0.4554817,0.1086980476975441,0.9830508232116699,0.8087426424026489
YFR008W,YDR534C,0,-0.45604894,0.10868606716394424,0.9830508232116699,0.808842658996582
YLR158C,YCL047C,0,-0.456621,0.10867408663034439,0.9830508232116699,0.8089426755905151
YDR466W,YGR054W,0,-0.45718366,0.10866211354732513,0.9830508232116699,0.8090426921844482
YBL093C,YJR068W,0,-0.45791233,0.10865014046430588,0.9830508232116699,0.8091427683830261
YMR290C,YFR008W,0,-0.45847762,0.10863816738128662,0.9830508232116699,0.8092427849769592
YGL128C,YLR121C,0,-0.45863685,0.10862620174884796,0.9830508232116699,0.8093428015708923
YER114C,YFL037W,0,-0.45888045,0.1086142286658287,0.9830508232116699,0.8094428181648254
YGL095C,YDR320C,0,-0.45911884,0.10860227048397064,0.9830508232116699,0.8095428347587585
YMR139W,YDL200C,0,-0.4607274,0.10859030485153198,0.9830508232116699,0.8096429109573364
YKL140W,YBR105C,0,-0.46135968,0.10857835412025452,0.9830508232116699,0.8097429275512695
YPL031C,YDR239C,0,-0.4626068,0.10856639593839645,0.9830508232116699,0.8098429441452026
YHR143W,YCR037C,0,-0.46394563,0.10855444520711899,0.9830508232116699,0.8099429607391357
YDL210W,YJL106W,0,-0.4653587,0.10854249447584152,0.9830508232116699,0.8100430369377136
YIL034C,YDR074W,0,-0.46560034,0.10853054374456406,0.9830508232116699,0.8101430535316467
YMR306W,YMR221C,0,-0.46583855,0.10851860046386719,0.9830508232116699,0.8102430701255798
YMR006C,YGL141W,0,-0.46612245,0.10850665718317032,0.9830508232116699,0.8103430867195129
YPR158C-D,YGR063C,0,-0.46689618,0.10849472135305405,0.9830508232116699,0.810443103313446
YOR175C,YGL249W,0,-0.4670052,0.10848277807235718,0.9830508232116699,0.8105431795120239
YOR175C,YLL038C,0,-0.46934983,0.1084708496928215,0.9830508232116699,0.810643196105957
YML027W,YNR041C,0,-0.46975726,0.10845891386270523,0.9830508232116699,0.8107432126998901
YLR106C,YJL133W,0,-0.47017863,0.10844698548316956,0.9830508232116699,0.8108432292938232
YGL213C,YIR009W,0,-0.4708056,0.10843505710363388,0.9830508232116699,0.8109433054924011
YMR043W,YAR019C,0,-0.47093496,0.1084231361746788,0.9830508232116699,0.8110433220863342
YNL331C,YJR097W,0,-0.4709857,0.10841121524572372,0.9830508232116699,0.8111433386802673
YEL015W,YDL017W,0,-0.47159654,0.10839929431676865,0.9830508232116699,0.8112433552742004
YDR334W,YGR123C,0,-0.47238958,0.10838738083839417,0.9830508232116699,0.8113434314727783
YGL095C,YHL016C,0,-0.47324556,0.10837546736001968,0.9830508232116699,0.8114434480667114
YML104C,YDR093W,0,-0.4732799,0.1083635538816452,0.9830508232116699,0.8115434646606445
YOL003C,YGR223C,0,-0.47390923,0.10835164785385132,0.9830508232116699,0.8116434812545776
YOR179C,YOR322C,0,-0.47490034,0.10833974182605743,0.9830508232116699,0.8117434978485107
YDL129W,YGL136C,0,-0.47621986,0.10832784324884415,0.9830508232116699,0.8118435740470886
YJL125C,YBR299W,0,-0.47652262,0.10831593722105026,0.9830508232116699,0.8119435906410217
YHR181W,YBR009C,0,-0.4775315,0.10830403864383698,0.9830508232116699,0.8120436072349548
YDL200C,YCL031C,0,-0.4792379,0.10829214751720428,0.9830508232116699,0.8121436238288879
YGR058W,YDL136W,0,-0.4801249,0.1082802563905716,0.9830508232116699,0.8122437000274658
YDL200C,YHR011W,0,-0.48074988,0.1082683652639389,0.9830508232116699,0.8123437166213989
YMR026C,YBL090W,0,-0.4815471,0.10825647413730621,0.9830508232116699,0.812443733215332
YHR017W,YGR154C,0,-0.48168105,0.10824459046125412,0.9830508232116699,0.8125437498092651
YNR020C,YPL159C,0,-0.48297504,0.10823271423578262,0.9830508232116699,0.8126437664031982
YGR104C,YIL112W,0,-0.48471692,0.10822083055973053,0.9830508232116699,0.8127438426017761
YDL043C,YOR131C,0,-0.48480204,0.10820895433425903,0.9830508232116699,0.8128438591957092
YOR373W,YJL170C,0,-0.48656958,0.10819707810878754,0.9830508232116699,0.8129438757896423
YKR058W,YMR184W,0,-0.48732406,0.10818520933389664,0.9830508232116699,0.8130438923835754
YKL011C,YCL069W,0,-0.48740265,0.10817334055900574,0.9830508232116699,0.8131439685821533
YER029C,YGR241C,0,-0.48753488,0.10816147178411484,0.9830508232116699,0.8132439851760864
YBR240C,YDL108W,0,-0.48829642,0.10814961045980453,0.9830508232116699,0.8133440017700195
YDL229W,YLR090W,1,-0.48859793,0.10824742168188095,0.9840478301048279,0.8133440017700195
YOR061W,YOR246C,0,-0.4895753,0.10823555290699005,0.9840478301048279,0.8134440183639526
YKR038C,YGR135W,0,-0.48976526,0.10822368413209915,0.9840478301048279,0.8135440349578857
YDR347W,YOL003C,0,-0.49015135,0.10821181535720825,0.9840478301048279,0.8136441111564636
YOL072W,YIL113W,0,-0.4903724,0.10819995403289795,0.9840478301048279,0.8137441277503967
YMR306W,YIL136W,0,-0.49064183,0.10818809270858765,0.9840478301048279,0.8138441443443298
YLR045C,YLR357W,0,-0.49097234,0.10817623883485794,0.9840478301048279,0.8139441609382629
YIL093C,YDR118W,0,-0.49219805,0.10816438496112823,0.9840478301048279,0.8140442371368408
YML116W,YGR274C,0,-0.49315578,0.10815253108739853,0.9840478301048279,0.8141442537307739
YMR070W,YPL028W,0,-0.49425268,0.10814068466424942,0.9840478301048279,0.814244270324707
YDR315C,YKL164C,0,-0.49486983,0.10812883079051971,0.9840478301048279,0.8143442869186401
YFL047W,YLR074C,0,-0.4976239,0.1081169918179512,0.9840478301048279,0.8144443035125732
YER114C,YDR197W,0,-0.49867612,0.1081051453948021,0.9840478301048279,0.8145443797111511
YOL127W,YIR002C,0,-0.4988871,0.10809330642223358,0.9840478301048279,0.8146443963050842
YJR013W,YDR315C,0,-0.4989701,0.10808147490024567,0.9840478301048279,0.8147444128990173
YMR306W,YJL148W,0,-0.49941772,0.10806963592767715,0.9840478301048279,0.8148444294929504
YOL133W,YPR168W,0,-0.50098455,0.10805780440568924,0.9840478301048279,0.8149445056915283
YGL040C,YLR158C,0,-0.50200504,0.10804598033428192,0.9840478301048279,0.8150445222854614
YML037C,YOR044W,0,-0.5021953,0.108034148812294,0.9840478301048279,0.8151445388793945
YJL157C,YDR288W,0,-0.5022587,0.10802232474088669,0.9840478301048279,0.8152445554733276
YGR241C,YER164W,0,-0.5026005,0.10801050812005997,0.9840478301048279,0.8153446316719055
YER027C,YPL026C,0,-0.5055334,0.10799868404865265,0.9840478301048279,0.8154446482658386
YJL062W-A,YLR304C,0,-0.5061855,0.10798686742782593,0.9840478301048279,0.8155446648597717
YPL157W,YCL031C,0,-0.50624067,0.1079750582575798,0.9840478301048279,0.8156446814537048
YDR322W,YLL001W,0,-0.50642794,0.10796324908733368,0.9840478301048279,0.8157446980476379
YJL106W,YJR058C,0,-0.50693965,0.10795143991708755,0.9840478301048279,0.8158447742462158
YLR373C,YJL129C,0,-0.5069853,0.10793963074684143,0.9840478301048279,0.8159447908401489
YGR274C,YLR186W,0,-0.5077448,0.1079278290271759,0.9840478301048279,0.816044807434082
YHR101C,YDR197W,0,-0.50776327,0.10791602730751038,0.9840478301048279,0.8161448240280151
YPR178W,YNR001C,0,-0.5080999,0.10790423303842545,0.9840478301048279,0.816244900226593
YGR292W,YNL128W,0,-0.5090212,0.10789243876934052,0.9840478301048279,0.8163449168205261
YHR092C,YER007W,0,-0.50915986,0.10788064450025558,0.9840478301048279,0.8164449334144592
YOR066W,YAR007C,0,-0.50971454,0.10786885023117065,0.9840478301048279,0.8165449500083923
YHR206W,YLR448W,0,-0.51082623,0.10785706341266632,0.9840478301048279,0.8166449666023254
YOL120C,YOL140W,0,-0.5113192,0.10784527659416199,0.9840478301048279,0.8167450428009033
YPL123C,YGL157W,0,-0.51198137,0.10783349722623825,0.9840478301048279,0.8168450593948364
YBL106C,YDR501W,0,-0.51210433,0.10782171785831451,0.9840478301048279,0.8169450759887695
YOR047C,YER088C,0,-0.51278925,0.10780993849039078,0.9840478301048279,0.8170450925827026
YML043C,YPL060W,0,-0.51294565,0.10779816657304764,0.9840478301048279,0.8171451687812805
YDR329C,YHR017W,0,-0.51344955,0.1077863946557045,0.9840478301048279,0.8172451853752136
YDR197W,YGR272C,0,-0.51396006,0.10777462273836136,0.9840478301048279,0.8173452019691467
YNL086W,YJL129C,0,-0.51453424,0.10776285827159882,0.9840478301048279,0.8174452185630798
YGL191W,YPL031C,0,-0.5153394,0.10775109380483627,0.9840478301048279,0.8175452351570129
YDR466W,YER091C,0,-0.51563656,0.10773932933807373,0.9840478301048279,0.8176453113555908
YDL231C,YDR393W,0,-0.5157704,0.10772757232189178,0.9840478301048279,0.8177453279495239
YIR036C,YCR098C,0,-0.51644135,0.10771581530570984,0.9840478301048279,0.817845344543457
YML104C,YDL030W,0,-0.5174278,0.1077040582895279,0.9840478301048279,0.8179453611373901
YMR109W,YFL037W,0,-0.5175804,0.10769230872392654,0.9840478301048279,0.818045437335968
YDR288W,YKL164C,0,-0.5184493,0.1076805591583252,0.9840478301048279,0.8181454539299011
YER180C,YGR162W,0,-0.5184825,0.10766880959272385,0.9840478301048279,0.8182454705238342
YJL033W,YJR066W,0,-0.5204843,0.1076570674777031,0.9840478301048279,0.8183454871177673
YMR094W,YER051W,0,-0.5208895,0.10764532536268234,0.9840478301048279,0.8184455633163452
YDR096W,YPR168W,0,-0.522325,0.10763359069824219,0.9840478301048279,0.8185455799102783
YHR076W,YOR224C,0,-0.52244014,0.10762184858322144,0.9840478301048279,0.8186455965042114
YJL073W,YDL229W,1,-0.52245206,0.10771914571523666,0.9850448369979858,0.8186455965042114
YMR211W,YLR438C-A,0,-0.52302676,0.10770740360021591,0.9850448369979858,0.8187456130981445
YLR015W,YPR156C,0,-0.5236896,0.10769566148519516,0.9850448369979858,0.8188456296920776
YNL086W,YGR162W,0,-0.52397203,0.107683926820755,0.9850448369979858,0.8189457058906555
YGR058W,YMR094W,0,-0.52411354,0.10767218470573425,0.9850448369979858,0.8190457224845886
YHR184W,YLL001W,0,-0.52446413,0.1076604574918747,0.9850448369979858,0.8191457390785217
YMR198W,YBR283C,0,-0.52447546,0.10764872282743454,0.9850448369979858,0.8192457556724548
YDR363W-A,YHR117W,0,-0.52541506,0.10763699561357498,0.9850448369979858,0.8193458318710327
YDL007W,YPR021C,0,-0.5257561,0.10762527585029602,0.9850448369979858,0.8194458484649658
YGR026W,YDR115W,0,-0.5259046,0.10761354863643646,0.9850448369979858,0.8195458650588989
YJL062W-A,YBR142W,0,-0.52625525,0.1076018288731575,0.9850448369979858,0.819645881652832
YBR245C,YHR184W,0,-0.5263134,0.10759010910987854,0.9850448369979858,0.8197458982467651
YPL028W,YJR155W,0,-0.52657175,0.10757839679718018,0.9850448369979858,0.819845974445343
YAR015W,YIL039W,0,-0.5266519,0.10756668448448181,0.9850448369979858,0.8199459910392761
YDR219C,YMR036C,0,-0.5285505,0.10755497217178345,0.9850448369979858,0.8200460076332092
YJL090C,YER161C,0,-0.528699,0.10754326730966568,0.9850448369979858,0.8201460242271423
YDL231C,YMR303C,0,-0.5287191,0.10753156244754791,0.9850448369979858,0.8202461004257202
YGL141W,YLR357W,0,-0.5302678,0.10751985758543015,0.9850448369979858,0.8203461170196533
YNL218W,YOL103W,0,-0.53180707,0.10750816017389297,0.9850448369979858,0.8204461336135864
YMR130W,YBL022C,0,-0.532349,0.1074964627623558,0.9850448369979858,0.8205461502075195
YML085C,YBR040W,0,-0.53257555,0.10748477280139923,0.9850448369979858,0.8206461668014526
YJL062W-A,YLR176C,0,-0.5332217,0.10747307538986206,0.9850448369979858,0.8207462430000305
YOR201C,YJL109C,0,-0.53337777,0.10746138542890549,0.9850448369979858,0.8208462595939636
YPR178W,YNR022C,0,-0.5351306,0.10744970291852951,0.9850448369979858,0.8209462761878967
YOR278W,YLR286C,0,-0.5354812,0.10743801295757294,0.9850448369979858,0.8210462927818298
YKL173W,YLR371W,0,-0.5354916,0.10742633789777756,0.9850448369979858,0.8211463689804077
YJL062W-A,YGR071C,0,-0.53553236,0.10741465538740158,0.9850448369979858,0.8212463855743408
YGL213C,YLR045C,0,-0.53569126,0.1074029803276062,0.9850448369979858,0.8213464021682739
YML027W,YPR081C,0,-0.53610575,0.10739130526781082,0.9850448369979858,0.821446418762207
YOL123W,YPL092W,0,-0.53719354,0.10737963020801544,0.9850448369979858,0.8215464353561401
YGR154C,YHR099W,0,-0.5385022,0.10736796259880066,0.9850448369979858,0.821646511554718
YOR278W,YMR292W,0,-0.53872013,0.10735629498958588,0.9850448369979858,0.8217465281486511
YEL016C,YLR099C,0,-0.5393602,0.10734463483095169,0.9850448369979858,0.8218465447425842
YDR436W,YLR099C,0,-0.5395121,0.1073329746723175,0.9850448369979858,0.8219465613365173
YMR306W,YDR101C,0,-0.5409867,0.10732131451368332,0.9850448369979858,0.8220466375350952
YPL148C,YNL291C,0,-0.5428038,0.10730965435504913,0.9850448369979858,0.8221466541290283
YOL019W,YOR396W,0,-0.5440635,0.10729800164699554,0.9850448369979858,0.8222466707229614
YDR224C,YJL080C,0,-0.5451116,0.10728634893894196,0.9850448369979858,0.8223466873168945
YKL100C,YFR007W,0,-0.54687893,0.10727470368146896,0.9850448369979858,0.8224467635154724
YJL048C,YKR030W,0,-0.5477344,0.10726305842399597,0.9850448369979858,0.8225467801094055
YNL112W,YER164W,0,-0.5484485,0.10725141316652298,0.9850448369979858,0.8226467967033386
YLR098C,YFR015C,0,-0.548847,0.10723976790904999,0.9850448369979858,0.8227468132972717
YOR356W,YDR320C,0,-0.55183583,0.10722813010215759,0.9850448369979858,0.8228468298912048
YNL291C,YPR156C,0,-0.55208474,0.1072164922952652,0.9850448369979858,0.8229469060897827
YMR287C,YGL095C,0,-0.5533464,0.1072048619389534,0.9850448369979858,0.8230469226837158
YML054C,YDR270W,0,-0.5533587,0.1071932315826416,0.9850448369979858,0.8231469392776489
YDR253C,YER096W,0,-0.5545175,0.1071816012263298,0.9850448369979858,0.823246955871582
YLR074C,YKR105C,0,-0.554869,0.1071699783205986,0.9850448369979858,0.8233470320701599
YER029C,YGR220C,0,-0.5552517,0.1071583479642868,0.9850448369979858,0.823447048664093
YER147C,YNR040W,0,-0.55601513,0.1071467325091362,0.9850448369979858,0.8235470652580261
YLR170C,YLR427W,0,-0.5563067,0.107135109603405,0.9850448369979858,0.8236470818519592
YJL062W-A,YLL035W,0,-0.55847454,0.1071234941482544,0.9850448369979858,0.8237470984458923
YDR299W,YML095C,0,-0.5601218,0.10711187869310379,0.9850448369979858,0.8238471746444702
YDR315C,YNR011C,0,-0.56022,0.10710027068853378,0.9850448369979858,0.8239471912384033
YMR223W,YMR150C,0,-0.5609216,0.10708866268396378,0.9850448369979858,0.8240472078323364
YKL173W,YDR055W,0,-0.5613696,0.10707705467939377,0.9850448369979858,0.8241472244262695
YER020W,YDR252W,0,-0.56234604,0.10706545412540436,0.9850448369979858,0.8242473006248474
YPL226W,YLR357W,0,-0.5623686,0.10705385357141495,0.9850448369979858,0.8243473172187805
YGL222C,YGL084C,0,-0.5627162,0.10704225301742554,0.9850448369979858,0.8244473338127136
YDR341C,YIL126W,0,-0.563614,0.10703065991401672,0.9850448369979858,0.8245473504066467
YNR011C,YLR078C,0,-0.56375635,0.10701906681060791,0.9850448369979858,0.8246473670005798
YKL088W,YPL033C,0,-0.5639641,0.1070074737071991,0.9850448369979858,0.8247474431991577
YBR040W,YOR221C,0,-0.564793,0.10699588805437088,0.9850448369979858,0.8248474597930908
YBR289W,YOR067C,0,-0.56643754,0.10698430240154266,0.9850448369979858,0.8249474763870239
YDR393W,YPL153C,0,-0.56681144,0.10697271674871445,0.9850448369979858,0.825047492980957
YOR179C,YOR217W,0,-0.5673808,0.10696113109588623,0.9850448369979858,0.8251475691795349
YER007W,YLR433C,0,-0.5675387,0.10694955289363861,0.9850448369979858,0.825247585773468
YPL028W,YOR326W,0,-0.5684994,0.10693798214197159,0.9850448369979858,0.8253476023674011
YGR009C,YGR241C,0,-0.5688586,0.10692640393972397,0.9850448369979858,0.8254476189613342
YBR267W,YER007W,0,-0.569431,0.10691483318805695,0.9850448369979858,0.8255476355552673
YDR219C,YPR054W,0,-0.56963956,0.10690326988697052,0.9850448369979858,0.8256477117538452
YPL074W,YMR037C,0,-0.57095045,0.1068916991353035,0.9850448369979858,0.8257477283477783
YNL128W,YDR320C,0,-0.5720764,0.10688013583421707,0.9850448369979858,0.8258477449417114
YJL219W,YOL157C,0,-0.57208663,0.10686857998371124,0.9850448369979858,0.8259477615356445
YDR242W,YOR326W,0,-0.5723268,0.10685701668262482,0.9850448369979858,0.8260478377342224
YAL041W,YPR118W,0,-0.5726115,0.10684546083211899,0.9850448369979858,0.8261478543281555
YDR238C,YNL061W,0,-0.57286197,0.10683391243219376,0.9850448369979858,0.8262478709220886
YPL148C,YJR013W,0,-0.57323074,0.10682235658168793,0.9850448369979858,0.8263478875160217
YDR466W,YER164W,0,-0.575274,0.1068108081817627,0.9850448369979858,0.8264479637145996
YIR012W,YDR322W,0,-0.57568526,0.10679926723241806,0.9850448369979858,0.8265479803085327
YPR049C,YBR009C,0,-0.5758132,0.10678771883249283,0.9850448369979858,0.8266479969024658
YLR098C,YKL024C,0,-0.5758972,0.1067761778831482,0.9850448369979858,0.8267480134963989
YLR015W,YOR348C,0,-0.5759829,0.10676464438438416,0.9850448369979858,0.826848030090332
YPL194W,YML125C,0,-0.57640636,0.10675310343503952,0.9850448369979858,0.8269481062889099
YLR214W,YMR287C,0,-0.5764747,0.10674156993627548,0.9850448369979858,0.827048122882843
YJL101C,YJL109C,0,-0.57714784,0.10673004388809204,0.9850448369979858,0.8271481394767761
YIL072W,YHR160C,0,-0.57734454,0.106718510389328,0.9850448369979858,0.8272481560707092
YDR326C,YEL050C,0,-0.5780517,0.10670698434114456,0.9850448369979858,0.8273482322692871
YGR047C,YHR086W,0,-0.5798634,0.10669546574354172,0.9850448369979858,0.8274482488632202
YNL046W,YER174C,0,-0.5799593,0.10668393969535828,0.9850448369979858,0.8275482654571533
YJL062W-A,YPL174C,0,-0.58004606,0.10667242854833603,0.9850448369979858,0.8276482820510864
YKR062W,YLR357W,0,-0.5800649,0.10666090995073318,0.9850448369979858,0.8277482986450195
YML015C,YHR160C,0,-0.5801117,0.10664939880371094,0.9850448369979858,0.8278483748435974
YOR348C,YGR223C,0,-0.5812185,0.10663788765668869,0.9850448369979858,0.8279483914375305
YGR008C,YDR252W,0,-0.58157164,0.10662637650966644,0.9850448369979858,0.8280484080314636
YDL080C,YEL058W,0,-0.5818533,0.10661487281322479,0.9850448369979858,0.8281484246253967
YOL156W,YOR044W,0,-0.5830473,0.10660336911678314,0.9850448369979858,0.8282485008239746
YDR421W,YDR320C,0,-0.58320767,0.10659186542034149,0.9850448369979858,0.8283485174179077
YLL013C,YKL109W,0,-0.5836062,0.10658036917448044,0.9850448369979858,0.8284485340118408
YER096W,YDR177W,0,-0.5837122,0.10656887292861938,0.9850448369979858,0.8285485506057739
YGL205W,YMR312W,0,-0.5837493,0.10655737668275833,0.9850448369979858,0.828648567199707
YIL039W,YDR118W,0,-0.58476436,0.10654588788747787,0.9850448369979858,0.8287486433982849
YDL143W,YPL074W,0,-0.58503366,0.10653439909219742,0.9850448369979858,0.828848659992218
YKL088W,YPL038W,0,-0.5852437,0.10652291029691696,0.9850448369979858,0.8289486765861511
YOR381W,YGR116W,0,-0.5874776,0.1065114289522171,0.9850448369979858,0.8290486931800842
YDR018C,YHL047C,0,-0.58839726,0.10649994760751724,0.9850448369979858,0.8291487693786621
YJR089W,YOR246C,0,-0.5885577,0.10648846626281738,0.9850448369979858,0.8292487859725952
YDL127W,YGR001C,0,-0.59173614,0.10647699236869812,0.9850448369979858,0.8293488025665283
YLR212C,YIL171W,0,-0.5923242,0.10646551847457886,0.9850448369979858,0.8294488191604614
YPL060W,YDR014W,0,-0.5926638,0.1064540445804596,0.9850448369979858,0.8295488357543945
YPR168W,YLR467W,0,-0.59373206,0.10644257813692093,0.9850448369979858,0.8296489119529724
YKL109W,YDL130W-A,0,-0.594095,0.10643111169338226,0.9850448369979858,0.8297489285469055
YMR247C,YPL051W,0,-0.59412754,0.1064196452498436,0.9850448369979858,0.8298489451408386
YBR213W,YOL157C,0,-0.59426504,0.10640818625688553,0.9850448369979858,0.8299489617347717
YPL121C,YJR033C,0,-0.5943198,0.10639672726392746,0.9850448369979858,0.8300490379333496
YHR067W,YLR079W,0,-0.5951841,0.10638526827096939,0.9850448369979858,0.8301490545272827
YDR248C,YBR035C,0,-0.59554255,0.10637381672859192,0.9850448369979858,0.8302490711212158
YHR184W,YJL056C,0,-0.5958149,0.10636236518621445,0.9850448369979858,0.8303490877151489
YBR055C,YBL074C,0,-0.5988007,0.10635091364383698,0.9850448369979858,0.8304491639137268
YLR040C,YNL339C,0,-0.59931654,0.1063394695520401,0.9850448369979858,0.8305491805076599
YPR028W,YIL160C,0,-0.60117364,0.10632802546024323,0.9850448369979858,0.830649197101593
YJL062W-A,YIR009W,0,-0.602533,0.10631658136844635,0.9850448369979858,0.8307492136955261
YDR523C,YLL001W,0,-0.6026326,0.10630514472723007,0.9850448369979858,0.8308492302894592
YOR315W,YLR045C,0,-0.6037071,0.1062937080860138,0.9850448369979858,0.8309493064880371
YHR076W,YHR215W,0,-0.60527045,0.10628227144479752,0.9850448369979858,0.8310493230819702
YOL064C,YKL021C,0,-0.60685927,0.10627084225416183,0.9850448369979858,0.8311493396759033
YOL067C,YPL202C,0,-0.6072691,0.10625941306352615,0.9850448369979858,0.8312493562698364
YDR465C,YIL093C,0,-0.60743445,0.10624798387289047,0.9850448369979858,0.8313494324684143
YMR198W,YHL004W,0,-0.6095077,0.10623656213283539,0.9850448369979858,0.8314494490623474
YER148W,YBL088C,0,-0.6096618,0.1062251403927803,0.9850448369979858,0.8315494656562805
YLR106C,YLR079W,0,-0.60979074,0.10621371865272522,0.9850448369979858,0.8316494822502136
YOL105C,YGR116W,0,-0.6117265,0.10620229691267014,0.9850448369979858,0.8317494988441467
YGR292W,YCL047C,0,-0.612023,0.10619088262319565,0.9850448369979858,0.8318495750427246
YJL041W,YLR186W,0,-0.61407995,0.10617947578430176,0.9850448369979858,0.8319495916366577
YLR086W,YFR008W,0,-0.6141657,0.10616806149482727,0.9850448369979858,0.8320496082305908
YLR032W,YLR172C,0,-0.61447245,0.10615665465593338,0.9850448369979858,0.8321496248245239
YER068W,YGL155W,0,-0.6147728,0.10614524781703949,0.9850448369979858,0.8322497010231018
YHL032C,YGR006W,0,-0.61512303,0.1061338484287262,0.9850448369979858,0.8323497176170349
YIL172C,YLR343W,0,-0.61571187,0.1061224490404129,0.9850448369979858,0.832449734210968
YLR040C,YIL155C,0,-0.61603844,0.10611104965209961,0.9850448369979858,0.8325497508049011
YNR027W,YOR066W,0,-0.61682564,0.10609965771436691,0.9850448369979858,0.8326497673988342
YDR363W-A,YGR116W,0,-0.6170039,0.10608826577663422,0.9850448369979858,0.8327498435974121
YAL021C,YGR158C,0,-0.6170355,0.10607687383890152,0.9850448369979858,0.8328498601913452
YML113W,YNL136W,0,-0.6172487,0.10606548935174942,0.9850448369979858,0.8329498767852783
YJL062W-A,YGR220C,0,-0.6179341,0.10605409741401672,0.9850448369979858,0.8330498933792114
YDR356W,YDR523C,0,-0.61991525,0.10604272037744522,0.9850448369979858,0.8331499695777893
YDR065W,YOL072W,0,-0.62132686,0.10603133589029312,0.9850448369979858,0.8332499861717224
YDR495C,YDL138W,0,-0.6214446,0.10601995885372162,0.9850448369979858,0.8333500027656555
YJR013W,YGL222C,0,-0.6216604,0.10600858181715012,0.9850448369979858,0.8334500193595886
YOL105C,YGL161C,0,-0.6216667,0.10599721223115921,0.9850448369979858,0.8335500359535217
YHR076W,YJR015W,0,-0.6217189,0.1059858426451683,0.9850448369979858,0.8336501121520996
YBR283C,YOR269W,0,-0.6221551,0.1059744730591774,0.9850448369979858,0.8337501287460327
YOL031C,YMR127C,0,-0.62233067,0.10596310347318649,0.9850448369979858,0.8338501453399658
YFR037C,YGR218W,0,-0.62338865,0.10595174133777618,0.9850448369979858,0.8339501619338989
YNL086W,YFL044C,0,-0.6234191,0.10594037920236588,0.9850448369979858,0.8340502381324768
YJL198W,YLR032W,0,-0.62407243,0.10592902451753616,0.9850448369979858,0.8341502547264099
YNL291C,YCL047C,0,-0.62437254,0.10591766983270645,0.9850448369979858,0.834250271320343
YBR123C,YKL042W,0,-0.6252185,0.10590631514787674,0.9850448369979858,0.8343502879142761
YOR373W,YJL153C,0,-0.62693506,0.10589496046304703,0.9850448369979858,0.834450364112854
YJL062W-A,YLR188W,0,-0.6271011,0.10588361322879791,0.9850448369979858,0.8345503807067871
YNL311C,YBR175W,0,-0.62735844,0.1058722659945488,0.9850448369979858,0.8346503973007202
YDR465C,YKR105C,0,-0.62815815,0.10586092621088028,0.9850448369979858,0.8347504138946533
YEL016C,YKL108W,0,-0.62951565,0.10584957897663116,0.9850448369979858,0.8348504304885864
YER114C,YLR286C,0,-0.62966835,0.10583824664354324,0.9850448369979858,0.8349505066871643
YDR052C,YPL017C,0,-0.6298911,0.10582690685987473,0.9850448369979858,0.8350505232810974
YHR172W,YOR337W,0,-0.62994677,0.1058155745267868,0.9850448369979858,0.8351505398750305
YDR421W,YDR402C,0,-0.63022643,0.10580424219369888,0.9850448369979858,0.8352505564689636
YAL043C,YKL116C,0,-0.63103485,0.10579290986061096,0.9850448369979858,0.8353506326675415
YPL048W,YIR023W,0,-0.631053,0.10578158497810364,0.9850448369979858,0.8354506492614746
YKL011C,YNL212W,0,-0.6311133,0.10577026009559631,0.9850448369979858,0.8355506658554077
YDR253C,YGR101W,0,-0.6341856,0.10575893521308899,0.9850448369979858,0.8356506824493408
YDR011W,YPL204W,0,-0.6343918,0.10574761778116226,0.9850448369979858,0.8357506990432739
YGR104C,YDR054C,0,-0.63502216,0.10573630034923553,0.9850448369979858,0.8358507752418518
YEL064C,YHL032C,0,-0.63567126,0.10572498291730881,0.9850448369979858,0.8359507918357849
YMR201C,YJL109C,0,-0.6373659,0.10571367293596268,0.9850448369979858,0.836050808429718
YPR156C,YBR164C,0,-0.6380297,0.10570236295461655,0.9850448369979858,0.8361508250236511
YDR448W,YMR017W,0,-0.63884735,0.10569106042385101,0.9850448369979858,0.836250901222229
YIL084C,YDR534C,0,-0.64043176,0.10567975044250488,0.9850448369979858,0.8363509178161621
YLR106C,YNL217W,0,-0.64056885,0.10566844791173935,0.9850448369979858,0.8364509344100952
YDR128W,YJR059W,0,-0.64087605,0.10565714538097382,0.9850448369979858,0.8365509510040283
YGL003C,YNL189W,0,-0.6435388,0.10564585030078888,0.9850448369979858,0.8366509675979614
YMR006C,YHR027C,0,-0.64430404,0.10563455522060394,0.9850448369979858,0.8367510437965393
YER148W,YDR486C,0,-0.64469016,0.105623260140419,0.9850448369979858,0.8368510603904724
YDL065C,YLR014C,0,-0.6462376,0.10561197251081467,0.9850448369979858,0.8369510769844055
YER086W,YJL062W-A,0,-0.646453,0.10560068488121033,0.9850448369979858,0.8370510935783386
YPL157W,YOR070C,0,-0.6472442,0.10558939725160599,0.9850448369979858,0.8371511697769165
YGL003C,YKR059W,0,-0.6472692,0.10557811707258224,0.9850448369979858,0.8372511863708496
YGR104C,YNR027W,0,-0.648366,0.1055668368935585,0.9850448369979858,0.8373512029647827
YJR160C,YDR115W,0,-0.64842343,0.10555555671453476,0.9850448369979858,0.8374512195587158
YOR391C,YNL217W,0,-0.6518153,0.10554427653551102,0.9850448369979858,0.8375512361526489
YGL191W,YML009C,0,-0.6537014,0.10553300380706787,0.9850448369979858,0.8376513123512268
YOL105C,YLR109W,0,-0.65492743,0.10552173107862473,0.9850448369979858,0.8377513289451599
YBR156C,YIL111W,0,-0.65492797,0.10551046580076218,0.9850448369979858,0.837851345539093
YHR046C,YPR063C,0,-0.6553981,0.10549920052289963,0.9850448369979858,0.8379513621330261
YPR122W,YCR054C,0,-0.6558388,0.10548793524503708,0.9850448369979858,0.838051438331604
YCR096C,YNR070W,0,-0.6558745,0.10547666996717453,0.9850448369979858,0.8381514549255371
YAL020C,YDR252W,0,-0.6566,0.10546541213989258,0.9850448369979858,0.8382514715194702
YOR356W,YDR318W,0,-0.65680504,0.10545415431261063,0.9850448369979858,0.8383514881134033
YNL146W,YCR040W,0,-0.658509,0.10544290393590927,0.9850448369979858,0.8384515643119812
YCL055W,YMR017W,0,-0.65909886,0.10543165355920792,0.9850448369979858,0.8385515809059143
YOR046C,YOR044W,0,-0.65922844,0.10542040318250656,0.9850448369979858,0.8386515974998474
YOR384W,YCR094W,0,-0.66050583,0.1054091528058052,0.9850448369979858,0.8387516140937805
YMR306W,YKR050W,0,-0.6608805,0.10539790987968445,0.9850448369979858,0.8388516306877136
YJL062W-A,YDR055W,0,-0.6616088,0.10538666695356369,0.9850448369979858,0.8389517068862915
YBR237W,YMR130W,0,-0.66175276,0.10537542402744293,0.9850448369979858,0.8390517234802246
YDL231C,YER048W-A,0,-0.66299486,0.10536418855190277,0.9850448369979858,0.8391517400741577
YKR038C,YNL166C,0,-0.66305107,0.10535295307636261,0.9850448369979858,0.8392517566680908
YNL086W,YLL013C,0,-0.66352177,0.10534171760082245,0.9850448369979858,0.8393518328666687
YMR171C,YGR292W,0,-0.6645022,0.10533048957586288,0.9850448369979858,0.8394518494606018
YBR207W,YDR003W,0,-0.66519564,0.10531926155090332,0.9850448369979858,0.8395518660545349
YOR337W,YAL058W,0,-0.6662514,0.10530803352594376,0.9850448369979858,0.839651882648468
YIL112W,YPR184W,0,-0.6662843,0.10529681295156479,0.9850448369979858,0.8397518992424011
YNR020C,YPR192W,0,-0.66662204,0.10528559237718582,0.9850448369979858,0.839851975440979
YCL061C,YDR390C,0,-0.666625,0.10527437180280685,0.9850448369979858,0.8399519920349121
YDR448W,YOR265W,0,-0.66668427,0.10526315867900848,0.9850448369979858,0.8400520086288452
YCR096C,YLR238W,0,-0.666703,0.10525194555521011,0.9850448369979858,0.8401520252227783
YKL004W,YBL060W,0,-0.66691047,0.10524073243141174,0.9850448369979858,0.8402521014213562
YPR178W,YGR194C,0,-0.66742563,0.10522952675819397,0.9850448369979858,0.8403521180152893
YNR070W,YEL016C,0,-0.667658,0.1052183136343956,0.9850448369979858,0.8404521346092224
YHR076W,YDR013W,0,-0.6677438,0.10520711541175842,0.9850448369979858,0.8405521512031555
YOR057W,YOR080W,0,-0.6688579,0.10519590973854065,0.9850448369979858,0.8406521677970886
YJL019W,YFL044C,0,-0.6692549,0.10518471151590347,0.9850448369979858,0.8407522439956665
YPL074W,YPL033C,0,-0.67122114,0.1051735132932663,0.9850448369979858,0.8408522605895996
YLR158C,YOL056W,0,-0.6726726,0.10516232252120972,0.9850448369979858,0.8409522771835327
YBL088C,YDR177W,0,-0.67269874,0.10515113174915314,0.9850448369979858,0.8410522937774658
YMR201C,YOL157C,0,-0.6727846,0.10513994097709656,0.9850448369979858,0.8411523699760437
YBR291C,YOR075W,0,-0.67283154,0.10512875020503998,0.9850448369979858,0.8412523865699768
YOL149W,YDR116C,0,-0.67353487,0.105117566883564,0.9850448369979858,0.8413524031639099
YML037C,YNR045W,0,-0.67363816,0.10510638356208801,0.9850448369979858,0.841452419757843
YFL047W,YBR142W,0,-0.67373955,0.10509520024061203,0.9850448369979858,0.8415524363517761
YAL053W,YML088W,0,-0.6742673,0.10508402436971664,0.9850448369979858,0.841652512550354
YNL159C,YHL047C,0,-0.67498666,0.10507284849882126,0.9850448369979858,0.8417525291442871
YLL011W,YMR026C,0,-0.67613304,0.10506167262792587,0.9850448369979858,0.8418525457382202
YOR269W,YLR306W,0,-0.67748773,0.10505050420761108,0.9850448369979858,0.8419525623321533
YKL108W,YLR207W,0,-0.67767036,0.1050393357872963,0.9850448369979858,0.8420526385307312
YOR332W,YNL096C,0,-0.67777205,0.1050281673669815,0.9850448369979858,0.8421526551246643
YOL156W,YGR008C,0,-0.6782433,0.10501700639724731,0.9850448369979858,0.8422526717185974
YJR160C,YGR123C,0,-0.67833817,0.10500584542751312,0.9850448369979858,0.8423526883125305
YMR016C,YNL151C,0,-0.6784464,0.10499468445777893,0.9850448369979858,0.8424527645111084
YNR043W,YPR096C,0,-0.67894673,0.10498353093862534,0.9850448369979858,0.8425527811050415
YGL185C,YPR070W,0,-0.6794702,0.10497237741947174,0.9850448369979858,0.8426527976989746
YHR143W,YIR036C,0,-0.6817598,0.10496122390031815,0.9850448369979858,0.8427528142929077
YDL200C,YKL198C,0,-0.6824384,0.10495007783174515,0.9850448369979858,0.8428528308868408
YKL140W,YFL044C,0,-0.6838268,0.10493892431259155,0.9850448369979858,0.8429529070854187
YDL129W,YHR017W,0,-0.68588495,0.10492778569459915,0.9850448369979858,0.8430529236793518
YNL207W,YJL062W-A,0,-0.68606794,0.10491663962602615,0.9850448369979858,0.8431529402732849
YBL106C,YML081C-A,0,-0.6868427,0.10490550100803375,0.9850448369979858,0.843252956867218
YER027C,YNR070W,0,-0.6890468,0.10489436239004135,0.9850448369979858,0.8433530330657959
YNL136W,YDR511W,0,-0.689464,0.10488322377204895,0.9850448369979858,0.843453049659729
YBR123C,YDR096W,0,-0.69020337,0.10487209260463715,0.9850448369979858,0.8435530662536621
YMR094W,YMR127C,0,-0.6903316,0.10486096143722534,0.9850448369979858,0.8436530828475952
YCR009C,YHR160C,0,-0.6905949,0.10484983772039413,0.9850448369979858,0.8437530994415283
YGL205W,YBL010C,0,-0.69313127,0.10483870655298233,0.9850448369979858,0.8438531756401062
YPL271W,YGR272C,0,-0.69419014,0.10482758283615112,0.9850448369979858,0.8439531922340393
YLR086W,YCR092C,0,-0.6943444,0.10481646656990051,0.9850448369979858,0.8440532088279724
YHR076W,YDR362C,0,-0.69479144,0.1048053428530693,0.9850448369979858,0.8441532254219055
YJR104C,YHR011W,0,-0.6984307,0.1047942265868187,0.9850448369979858,0.8442533016204834
YHR031C,YMR285C,0,-0.6989907,0.10478311777114868,0.9850448369979858,0.8443533182144165
YLR373C,YIL051C,0,-0.6996092,0.10477200150489807,0.9850448369979858,0.8444533348083496
YPL157W,YAL034W-A,0,-0.70105183,0.10476089268922806,0.9850448369979858,0.8445533514022827
YOR036W,YNL213C,0,-0.70223737,0.10474979132413864,0.9850448369979858,0.8446533679962158
YGL232W,YLR038C,0,-0.7023509,0.10473868250846863,0.9850448369979858,0.8447534441947937
YER007W,YPL106C,1,-0.7024201,0.10483358055353165,0.9860419034957886,0.8447534441947937
YDR036C,YMR256C,0,-0.7034627,0.10482247173786163,0.9860419034957886,0.8448534607887268
YAL023C,YDR320C-A,0,-0.7042116,0.10481136292219162,0.9860419034957886,0.8449534773826599
YJR098C,YJL133W,0,-0.7043471,0.1048002541065216,0.9860419034957886,0.845053493976593
YEL064C,YDR224C,0,-0.70488274,0.10478915274143219,0.9860419034957886,0.8451535701751709
YOL103W,YBR299W,0,-0.704973,0.10477805137634277,0.9860419034957886,0.845253586769104
YIR006C,YLR304C,0,-0.7053163,0.10476695001125336,0.9860419034957886,0.8453536033630371
YBR156C,YDL115C,0,-0.7055191,0.10475584864616394,0.9860419034957886,0.8454536199569702
YJL062W-A,YMR042W,0,-0.70554996,0.10474475473165512,0.9860419034957886,0.8455536365509033
YDR443C,YBL022C,0,-0.7065372,0.1047336682677269,0.9860419034957886,0.8456537127494812
YNL213C,YKL164C,0,-0.70839024,0.10472257435321808,0.9860419034957886,0.8457537293434143
YJL062W-A,YCR081W,0,-0.7086287,0.10471148788928986,0.9860419034957886,0.8458537459373474
YHR070W,YDR116C,0,-0.708784,0.10470040142536163,0.9860419034957886,0.8459537625312805
YNL206C,YDR166C,0,-0.7089536,0.10468932241201401,0.9860419034957886,0.8460538387298584
YDL231C,YPL195W,0,-0.7101948,0.10467823594808578,0.9860419034957886,0.8461538553237915
YER180C,YML088W,0,-0.71025777,0.10466715693473816,0.9860419034957886,0.8462538719177246
YMR282C,YMR026C,0,-0.7108911,0.10465608537197113,0.9860419034957886,0.8463538885116577
YNL049C,YDL112W,0,-0.71096855,0.1046450138092041,0.9860419034957886,0.8464539647102356
YHR153C,YOR201C,0,-0.712046,0.10463394224643707,0.9860419034957886,0.8465539813041687
YDR038C,YDR320C,0,-0.71297646,0.10462287068367004,0.9860419034957886,0.8466539978981018
YOR308C,YLR158C,0,-0.71340144,0.10461180657148361,0.9860419034957886,0.8467540144920349
YJR001W,YDR436W,0,-0.7147609,0.10460074245929718,0.9860419034957886,0.846854031085968
YMR233W,YLR201C,0,-0.7148049,0.10458967834711075,0.9860419034957886,0.8469541072845459
YLR139C,YAR044W,0,-0.71501935,0.10457862168550491,0.9860419034957886,0.847054123878479
YBR087W,YJL156C,0,-0.71617377,0.10456756502389908,0.9860419034957886,0.8471541404724121
YBL093C,YER082C,0,-0.71735126,0.10455650836229324,0.9860419034957886,0.8472541570663452
YMR042W,YLR147C,0,-0.71738195,0.10454545170068741,0.9860419034957886,0.8473542332649231
YOR356W,YDL144C,0,-0.7177791,0.10453440248966217,0.9860419034957886,0.8474542498588562
YOL127W,YLR121C,0,-0.71785575,0.10452335327863693,0.9860419034957886,0.8475542664527893
YBL078C,YER096W,0,-0.7186709,0.10451231151819229,0.9860419034957886,0.8476542830467224
YGR241C,YLR357W,0,-0.7195565,0.10450126975774765,0.9860419034957886,0.8477542996406555
YBR241C,YPR019W,0,-0.72012895,0.10449022799730301,0.9860419034957886,0.8478543758392334
YPL281C,YPL026C,0,-0.7207104,0.10447918623685837,0.9860419034957886,0.8479543924331665
YCR039C,YBR160W,0,-0.7210768,0.10446815192699432,0.9860419034957886,0.8480544090270996
YJL219W,YOL147C,0,-0.7218332,0.10445711761713028,0.9860419034957886,0.8481544256210327
YOR308C,YHR036W,0,-0.7225538,0.10444609075784683,0.9860419034957886,0.8482545018196106
YBR185C,YAR044W,0,-0.7252025,0.10443505644798279,0.9860419034957886,0.8483545184135437
YFL047W,YML115C,0,-0.7260195,0.10442402958869934,0.9860419034957886,0.8484545350074768
YOL092W,YHR044C,0,-0.7263311,0.10441301017999649,0.9860419034957886,0.8485545516014099
YDR520C,YGR014W,0,-0.7263472,0.10440198332071304,0.9860419034957886,0.848654568195343
YGL191W,YDR529C,0,-0.726457,0.10439096391201019,0.9860419034957886,0.8487546443939209
YPL258C,YPR081C,0,-0.7271161,0.10437994450330734,0.9860419034957886,0.848854660987854
YGR263C,YDR520C,0,-0.72747296,0.10436893254518509,0.9860419034957886,0.8489546775817871
YKR038C,YOL156W,0,-0.7277298,0.10435792058706284,0.9860419034957886,0.8490546941757202
YOL005C,YDR534C,0,-0.7283716,0.10434690862894058,0.9860419034957886,0.8491547703742981
YGR006W,YMR150C,0,-0.72874963,0.10433590412139893,0.9860419034957886,0.8492547869682312
YFL047W,YNR061C,0,-0.7289825,0.10432489216327667,0.9860419034957886,0.8493548035621643
YHR076W,YOR244W,0,-0.7294484,0.10431388765573502,0.9860419034957886,0.8494548201560974
YLR121C,YFL037W,0,-0.7301513,0.10430289059877396,0.9860419034957886,0.8495548367500305
YJL062W-A,YDR031W,0,-0.73065966,0.1042918935418129,0.9860419034957886,0.8496549129486084
YJL219W,YOR257W,0,-0.73085034,0.10428089648485184,0.9860419034957886,0.8497549295425415
YEL054C,YLR035C-A,0,-0.73126924,0.10426989942789078,0.9860419034957886,0.8498549461364746
YDR466W,YGR009C,0,-0.73200047,0.10425890982151031,0.9860419034957886,0.8499549627304077
YDL231C,YKR105C,0,-0.7320962,0.10424792021512985,0.9860419034957886,0.8500550389289856
YNL311C,YAL021C,0,-0.73215353,0.10423693060874939,0.9860419034957886,0.8501550555229187
YHR023W,YEL061C,0,-0.73244613,0.10422594845294952,0.9860419034957886,0.8502550721168518
YHR206W,YKL218C,0,-0.7333571,0.10421496629714966,0.9860419034957886,0.8503550887107849
YIL160C,YKL195W,0,-0.7343746,0.10420398414134979,0.9860419034957886,0.8504551649093628
YFR005C,YOR391C,0,-0.7355111,0.10419300198554993,0.9860419034957886,0.8505551815032959
YJR022W,YDL017W,0,-0.73641187,0.10418202728033066,0.9860419034957886,0.850655198097229
YDR536W,YMR139W,0,-0.7394299,0.10417105257511139,0.9860419034957886,0.8507552146911621
YGR104C,YAL025C,0,-0.7399691,0.10416008532047272,0.9860419034957886,0.8508552312850952
YJL062W-A,YJL133W,0,-0.7407355,0.10414911806583405,0.9860419034957886,0.8509553074836731
YGR076C,YOR396W,0,-0.7407355,0.10413815081119537,0.9860419034957886,0.8510553240776062
YGL211W,YDL038C,0,-0.7407355,0.1041271835565567,0.9860419034957886,0.8511553406715393
YER086W,YOR396W,0,-0.7407355,0.10411622375249863,0.9860419034957886,0.8512553572654724
YKR058W,YCR094W,0,-0.7415539,0.10410526394844055,0.9860419034957886,0.8513554334640503
YMR314W,YLR154C,0,-0.7419434,0.10409430414438248,0.9860419034957886,0.8514554500579834
YBR097W,YJL041W,0,-0.7425258,0.104083351790905,0.9860419034957886,0.8515554666519165
YKL011C,YHR017W,0,-0.743356,0.10407239943742752,0.9860419034957886,0.8516554832458496
YML037C,YAL008W,0,-0.74377567,0.10406144708395004,0.9860419034957886,0.8517554998397827
YDR503C,YLR385C,0,-0.7445373,0.10405050218105316,0.9860419034957886,0.8518555760383606
YIL172C,YOR373W,0,-0.74472183,0.10403955727815628,0.9860419034957886,0.8519555926322937
YBL064C,YDR534C,0,-0.74479586,0.1040286123752594,0.9860419034957886,0.8520556092262268
YDR118W,YGR135W,0,-0.7459216,0.10401766747236252,0.9860419034957886,0.8521556258201599
YMR139W,YGR272C,0,-0.7461134,0.10400673002004623,0.9860419034957886,0.8522557020187378
YOR373W,YPL202C,0,-0.7462508,0.10399579256772995,0.9860419034957886,0.8523557186126709
YGL185C,YIR017C,0,-0.74673605,0.10398486256599426,0.9860419034957886,0.852455735206604
YHR143W,YOR174W,0,-0.74760526,0.10397392511367798,0.9860419034957886,0.8525557518005371
YPL281C,YJL108C,0,-0.7476487,0.10396299511194229,0.9860419034957886,0.8526557683944702
YCR072C,YJR058C,0,-0.7480657,0.1039520725607872,0.9860419034957886,0.8527558445930481
YPR070W,YCR054C,0,-0.74835354,0.10394114255905151,0.9860419034957886,0.8528558611869812
YDL051W,YKL164C,0,-0.7485597,0.10393022000789642,0.9860419034957886,0.8529558777809143
YFR041C,YOR349W,1,-0.7492387,0.10402438044548035,0.9870389103889465,0.8529558777809143
YBR058C,YDR118W,0,-0.7496027,0.10401345044374466,0.9870389103889465,0.8530558943748474
YML124C,YHR160C,0,-0.7497308,0.10400252044200897,0.9870389103889465,0.8531559705734253
YJL046W,YML087C,0,-0.75050235,0.10399159789085388,0.9870389103889465,0.8532559871673584
YBR055C,YLR032W,0,-0.75182354,0.10398067533969879,0.9870389103889465,0.8533560037612915
YPL091W,YER053C,0,-0.7519227,0.1039697527885437,0.9870389103889465,0.8534560203552246
YGL222C,YKL028W,0,-0.75276816,0.10395883768796921,0.9870389103889465,0.8535560965538025
YJR076C,YJL056C,0,-0.75281066,0.10394792258739471,0.9870389103889465,0.8536561131477356
YDR253C,YDR402C,0,-0.75283575,0.10393700748682022,0.9870389103889465,0.8537561297416687
YBR198C,YER045C,0,-0.7538489,0.10392609983682632,0.9870389103889465,0.8538561463356018
YML037C,YML070W,0,-0.75466406,0.10391518473625183,0.9870389103889465,0.8539561629295349
YDR265W,YHR036W,0,-0.7554469,0.10390428453683853,0.9870389103889465,0.8540562391281128
YLR040C,YJL125C,0,-0.7557615,0.10389337688684464,0.9870389103889465,0.8541562557220459
YKL059C,YDR334W,0,-0.75650764,0.10388247668743134,0.9870389103889465,0.854256272315979
YPL148C,YJL125C,0,-0.75657815,0.10387157648801804,0.9870389103889465,0.8543562889099121
YNL086W,YPL177C,0,-0.75863826,0.10386067628860474,0.9870389103889465,0.85445636510849
YER007W,YIL142W,1,-0.7611114,0.10395468026399612,0.9880359172821045,0.85445636510849
YGL173C,YGR272C,0,-0.7619899,0.10394378006458282,0.9880359172821045,0.8545563817024231
YPL148C,YPR070W,0,-0.76333785,0.10393287986516953,0.9880359172821045,0.8546563982963562
YDL080C,YLR207W,0,-0.76416564,0.10392197966575623,0.9880359172821045,0.8547564148902893
YLR188W,YNL339C,0,-0.76636446,0.10391107946634293,0.9880359172821045,0.8548564314842224
YDL109C,YMR285C,0,-0.7671309,0.10390018671751022,0.9880359172821045,0.8549565076828003
YPL269W,YJR075W,0,-0.76828754,0.10388929396867752,0.9880359172821045,0.8550565242767334
YDR265W,YIL113W,0,-0.76869285,0.10387840867042542,0.9880359172821045,0.8551565408706665
YGL205W,YOR044W,0,-0.7698786,0.10386751592159271,0.9880359172821045,0.8552565574645996
YMR098C,YMR026C,0,-0.7706573,0.1038566306233406,0.9880359172821045,0.8553566336631775
YLR385C,YNR022C,0,-0.7708633,0.1038457527756691,0.9880359172821045,0.8554566502571106
YDL136W,YPR049C,0,-0.77190256,0.10383486747741699,0.9880359172821045,0.8555566668510437
YHR021C,YJR160C,0,-0.77281106,0.10382398962974548,0.9880359172821045,0.8556566834449768
YMR006C,YKL088W,0,-0.77288216,0.10381311178207397,0.9880359172821045,0.8557567000389099
YNL311C,YKL059C,0,-0.77483696,0.10380224138498306,0.9880359172821045,0.8558567762374878
YBL075C,YOL147C,0,-0.7757406,0.10379137098789215,0.9880359172821045,0.8559567928314209
YDL069C,YHL016C,0,-0.77645355,0.10378050059080124,0.9880359172821045,0.856056809425354
YLR090W,YDR130C,0,-0.77701306,0.10376963019371033,0.9880359172821045,0.8561568260192871
YKL179C,YCR047C,0,-0.7774202,0.10375876724720001,0.9880359172821045,0.856256902217865
YLR304C,YLR139C,0,-0.77804154,0.1037479043006897,0.9880359172821045,0.8563569188117981
YOR066W,YDL205C,0,-0.7794146,0.10373704880475998,0.9880359172821045,0.8564569354057312
YMR094W,YLR446W,0,-0.7797922,0.10372618585824966,0.9880359172821045,0.8565569519996643
YMR306W,YOR269W,0,-0.77986497,0.10371533036231995,0.9880359172821045,0.8566569685935974
YKR059W,YAR044W,0,-0.78053916,0.10370448231697083,0.9880359172821045,0.8567570447921753
YOL117W,YGL258W-A,0,-0.78062797,0.10369362682104111,0.9880359172821045,0.8568570613861084
YLR427W,YGL258W-A,0,-0.78062797,0.10368277877569199,0.9880359172821045,0.8569570779800415
YMR165C,YAR044W,0,-0.78062797,0.10367193073034286,0.9880359172821045,0.8570570945739746
YDR071C,YOR396W,0,-0.78062797,0.10366109013557434,0.9880359172821045,0.8571571707725525
YOR347C,YOR396W,0,-0.78062797,0.10365024209022522,0.9880359172821045,0.8572571873664856
YMR139W,YDL038C,0,-0.78062797,0.10363940894603729,0.9880359172821045,0.8573572039604187
YIL078W,YOR396W,0,-0.78062797,0.10362856835126877,0.9880359172821045,0.8574572205543518
YJL072C,YLR127C,0,-0.7806292,0.10361773520708084,0.9880359172821045,0.8575572967529297
YBL093C,YBR158W,0,-0.78133184,0.10360690206289291,0.9880359172821045,0.8576573133468628
YNL206C,YBL039C,0,-0.781653,0.10359606891870499,0.9880359172821045,0.8577573299407959
YLL013C,YDR362C,0,-0.78213805,0.10358524322509766,0.9880359172821045,0.857857346534729
YER147C,YER113C,0,-0.78248703,0.10357441753149033,0.9880359172821045,0.8579573631286621
YOL092W,YLR385C,0,-0.7825321,0.103563591837883,0.9880359172821045,0.85805743932724
YOL064C,YJL080C,0,-0.78271544,0.10355276614427567,0.9880359172821045,0.8581574559211731
YKL017C,YGR194C,0,-0.7831174,0.10354194790124893,0.9880359172821045,0.8582574725151062
YLR283W,YJL156C,0,-0.7834639,0.1035311296582222,0.9880359172821045,0.8583574891090393
YHL044W,YBR058C,0,-0.783926,0.10352031886577606,0.9880359172821045,0.8584575653076172
YNL158W,YNL325C,0,-0.78423446,0.10350950807332993,0.9880359172821045,0.8585575819015503
YHR076W,YFL029C,0,-0.78440094,0.10349869728088379,0.9880359172821045,0.8586575984954834
YDR533C,YGL191W,0,-0.78525615,0.10348788648843765,0.9880359172821045,0.8587576150894165
YLR318W,YOL077C,0,-0.78631866,0.10347708314657211,0.9880359172821045,0.8588576316833496
YGR058W,YKL140W,0,-0.78632337,0.10346627980470657,0.9880359172821045,0.8589577078819275
YML027W,YAR007C,0,-0.7872331,0.10345547646284103,0.9880359172821045,0.8590577244758606
YLR364W,YGR272C,0,-0.7872427,0.1034446731209755,0.9880359172821045,0.8591577410697937
YDL069C,YGR135W,0,-0.7873885,0.10343387722969055,0.9880359172821045,0.8592577576637268
YOR174W,YJL073W,0,-0.7900338,0.10342308133840561,0.9880359172821045,0.8593578338623047
YCL063W,YPL103C,0,-0.79364014,0.10341229289770126,0.9880359172821045,0.8594578504562378
YHR070W,YMR017W,0,-0.79509497,0.10340150445699692,0.9880359172821045,0.8595578670501709
YBL069W,YJL056C,0,-0.7956499,0.10339071601629257,0.9880359172821045,0.859657883644104
YGR292W,YHR117W,0,-0.79598,0.10337992757558823,0.9880359172821045,0.8597579002380371
YMR306W,YGL178W,0,-0.7960985,0.10336914658546448,0.9880359172821045,0.859857976436615
YMR071C,YCL066W,0,-0.7970631,0.10335836559534073,0.9880359172821045,0.8599579930305481
YBR231C,YGR200C,0,-0.7977753,0.10334758460521698,0.9880359172821045,0.8600580096244812
YNL227C,YOL072W,0,-0.79877436,0.10333681106567383,0.9880359172821045,0.8601580262184143
YJR060W,YDR130C,0,-0.7991753,0.10332603752613068,0.9880359172821045,0.8602581024169922
YGR162W,YHR099W,0,-0.79940915,0.10331526398658752,0.9880359172821045,0.8603581190109253
YMR287C,YCR081W,0,-0.8010618,0.10330449044704437,0.9880359172821045,0.8604581356048584
YJL033W,YPR070W,0,-0.8035276,0.10329372435808182,0.9880359172821045,0.8605581521987915
YMR042W,YGR001C,0,-0.80555207,0.10328295826911926,0.9880359172821045,0.8606581687927246
YDR253C,YJL062W-A,0,-0.8055897,0.1032721996307373,0.9880359172821045,0.8607582449913025
YIL034C,YMR165C,0,-0.80651927,0.10326143354177475,0.9880359172821045,0.8608582615852356
YPL258C,YMR026C,0,-0.806557,0.10325067490339279,0.9880359172821045,0.8609582781791687
YGL161C,YOR036W,0,-0.8065913,0.10323992371559143,0.9880359172821045,0.8610582947731018
YDR531W,YOL140W,0,-0.8087412,0.10322916507720947,0.9880359172821045,0.8611583709716797
YGR104C,YDL033C,0,-0.81163967,0.10321841388940811,0.9880359172821045,0.8612583875656128
YBR041W,YLL035W,0,-0.81168646,0.10320766270160675,0.9880359172821045,0.8613584041595459
YDR248C,YLR385C,0,-0.8117535,0.10319691896438599,0.9880359172821045,0.861458420753479
YBR030W,YPR047W,0,-0.81256604,0.10318617522716522,0.9880359172821045,0.8615584969520569
YDR011W,YDR238C,0,-0.8139365,0.10317543148994446,0.9880359172821045,0.86165851354599
YBL075C,YKR058W,0,-0.8152934,0.1031646877527237,0.9880359172821045,0.8617585301399231
YBR041W,YDR483W,0,-0.8158515,0.10315395146608353,0.9880359172821045,0.8618585467338562
YOR384W,YFR008W,0,-0.8205124,0.10314321517944336,0.9880359172821045,0.8619585633277893
YMR006C,YIL171W,0,-0.82081634,0.10313247889280319,0.9880359172821045,0.8620586395263672
YOR244W,YCR054C,0,-0.8209918,0.10312175005674362,0.9880359172821045,0.8621586561203003
YKL135C,YJL062W,0,-0.82214546,0.10311102122068405,0.9880359172821045,0.8622586727142334
YHR076W,YJR160C,0,-0.82342154,0.10310029238462448,0.9880359172821045,0.8623586893081665
YLR201C,YPR096C,0,-0.8234377,0.10308956354856491,0.9880359172821045,0.8624587655067444
YDR363W-A,YMR302C,0,-0.8264151,0.10307884216308594,0.9880359172821045,0.8625587821006775
YOR306C,YER164W,0,-0.8274496,0.10306812077760696,0.9880359172821045,0.8626587986946106
YML018C,YCR039C,0,-0.8275435,0.10305740684270859,0.9880359172821045,0.8627588152885437
YCL069W,YFR006W,0,-0.8276818,0.10304668545722961,0.9880359172821045,0.8628588318824768
YJR097W,YJL156C,0,-0.8277565,0.10303597152233124,0.9880359172821045,0.8629589080810547
YDR536W,YMR184W,0,-0.82998383,0.10302526503801346,0.9880359172821045,0.8630589246749878
YOR155C,YKR009C,0,-0.831179,0.10301455110311508,0.9880359172821045,0.8631589412689209
YDR158W,YPR054W,0,-0.83237576,0.1030038446187973,0.9880359172821045,0.863258957862854
YDR495C,YBL030C,0,-0.83260566,0.10299313813447952,0.9880359172821045,0.8633590340614319
YKR090W,YOR092W,0,-0.8330873,0.10298243910074234,0.9880359172821045,0.863459050655365
YGL168W,YOR346W,0,-0.83327085,0.10297174006700516,0.9880359172821045,0.8635590672492981
YDR478W,YHR129C,0,-0.8347665,0.10296104103326797,0.9880359172821045,0.8636590838432312
YMR070W,YLR086W,0,-0.8348795,0.10295034199953079,0.9880359172821045,0.8637591004371643
YOR315W,YIL026C,0,-0.83584267,0.1029396504163742,0.9880359172821045,0.8638591766357422
YEL016C,YBL074C,0,-0.8374517,0.10292895883321762,0.9880359172821045,0.8639591932296753
YBL054W,YDR520C,0,-0.8377018,0.10291826725006104,0.9880359172821045,0.8640592098236084
YCR047C,YNL310C,0,-0.837762,0.10290758311748505,0.9880359172821045,0.8641592264175415
YHR206W,YMR306W,0,-0.8394848,0.10289689898490906,0.9880359172821045,0.8642593026161194
YPR048W,YHR092C,0,-0.8396708,0.10288621485233307,0.9880359172821045,0.8643593192100525
YDR520C,YBR164C,0,-0.83980197,0.10287553071975708,0.9880359172821045,0.8644593358039856
YHR031C,YLR433C,0,-0.8401702,0.10286485403776169,0.9880359172821045,0.8645593523979187
YOR155C,YER096W,0,-0.8405771,0.1028541773557663,0.9880359172821045,0.8646593689918518
YPL194W,YOR092W,0,-0.8413312,0.1028435006737709,0.9880359172821045,0.8647594451904297
YNL188W,YHR099W,0,-0.8414874,0.10283283144235611,0.9880359172821045,0.8648594617843628
YGL191W,YOL117W,0,-0.8420843,0.10282216221094131,0.9880359172821045,0.8649594783782959
YLR385C,YOL002C,0,-0.84347844,0.10281149297952652,0.9880359172821045,0.865059494972229
YOR381W,YNL149C,0,-0.8437848,0.10280083119869232,0.9880359172821045,0.8651595711708069
YBL017C,YLL035W,0,-0.84498763,0.10279016941785812,0.9880359172821045,0.86525958776474
YDL210W,YCL063W,0,-0.845528,0.10277950763702393,0.9880359172821045,0.8653596043586731
YBR050C,YMR184W,0,-0.8471051,0.10276884585618973,0.9880359172821045,0.8654596209526062
YGL205W,YOR069W,0,-0.8477168,0.10275819152593613,0.9880359172821045,0.8655596971511841
YOR384W,YBL082C,0,-0.84794337,0.10274753719568253,0.9880359172821045,0.8656597137451172
YMR221C,YER113C,0,-0.84876376,0.10273688286542892,0.9880359172821045,0.8657597303390503
YKL140W,YJL133W,0,-0.84917206,0.10272623598575592,0.9880359172821045,0.8658597469329834
YDR315C,YNR050C,0,-0.8505229,0.10271558910608292,0.9880359172821045,0.8659597635269165
YDR363W-A,YIR006C,0,-0.8513846,0.10270494222640991,0.9880359172821045,0.8660598397254944
YLR439W,YPL068C,0,-0.85214305,0.1026943027973175,0.9880359172821045,0.8661598563194275
YKL004W,YGR106C,0,-0.8548341,0.1026836633682251,0.9880359172821045,0.8662598729133606
YPL177C,YGR054W,0,-0.85509056,0.10267302393913269,0.9880359172821045,0.8663598895072937
YGR026W,YJL106W,0,-0.85536116,0.10266238451004028,0.9880359172821045,0.8664599657058716
YER173W,YNL325C,0,-0.8554667,0.10265175253152847,0.9880359172821045,0.8665599822998047
YDR253C,YHR086W,0,-0.8563622,0.10264112055301666,0.9880359172821045,0.8666599988937378
YJL046W,YPL226W,0,-0.85845864,0.10263048857450485,0.9880359172821045,0.8667600154876709
YOL157C,YKR097W,0,-0.8597787,0.10261986404657364,0.9880359172821045,0.866860032081604
YDR456W,YIR037W,0,-0.85989857,0.10260923951864243,0.9880359172821045,0.8669601082801819
YHR207C,YER007W,0,-0.86011904,0.10259861499071121,0.9880359172821045,0.867060124874115
YMR233W,YBR291C,0,-0.86035204,0.10258799046278,0.9880359172821045,0.8671601414680481
YCL066W,YGL059W,0,-0.86062944,0.10257737338542938,0.9880359172821045,0.8672601580619812
YDR443C,YGL095C,0,-0.86121714,0.10256675630807877,0.9880359172821045,0.8673602342605591
YER096W,YNR041C,0,-0.86210406,0.10255613923072815,0.9880359172821045,0.8674602508544922
YMR171C,YGR123C,0,-0.86318874,0.10254552960395813,0.9880359172821045,0.8675602674484253
YHR153C,YMR056C,0,-0.8633709,0.10253491997718811,0.9880359172821045,0.8676602840423584
YGR058W,YGR191W,0,-0.8639489,0.10252431035041809,0.9880359172821045,0.8677603006362915
YOR373W,YHR186C,0,-0.86492306,0.10251370817422867,0.9880359172821045,0.8678603768348694
YHR172W,YMR208W,0,-0.8655994,0.10250310599803925,0.9880359172821045,0.8679603934288025
YIL150C,YHL047C,0,-0.8658106,0.10249250382184982,0.9880359172821045,0.8680604100227356
YER007W,YAL053W,1,-0.86631215,0.1025853157043457,0.9890329241752625,0.8680604100227356
YOR047C,YDR532C,0,-0.8675217,0.10257470607757568,0.9890329241752625,0.8681604266166687
YOR057W,YLR385C,0,-0.86764926,0.10256410390138626,0.9890329241752625,0.8682605028152466
YJL044C,YDR252W,0,-0.86775684,0.10255350172519684,0.9890329241752625,0.8683605194091797
YER082C,YEL021W,0,-0.86790967,0.10254289954900742,0.9890329241752625,0.8684605360031128
YDL069C,YKL116C,0,-0.8695489,0.102532297372818,0.9890329241752625,0.8685605525970459
YGR058W,YNL188W,0,-0.86979115,0.10252170264720917,0.9890329241752625,0.868660569190979
YMR287C,YMR211W,0,-0.8710304,0.10251110792160034,0.9890329241752625,0.8687606453895569
YHL016C,YGL157W,0,-0.8711475,0.10250051319599152,0.9890329241752625,0.86886066198349
YHR101C,YOL072W,0,-0.87119675,0.10248992592096329,0.9890329241752625,0.8689606785774231
YGR047C,YML104C,0,-0.87135303,0.10247933864593506,0.9890329241752625,0.8690606951713562
YGR156W,YDR320C,0,-0.8721729,0.10246875137090683,0.9890329241752625,0.8691607713699341
YNL188W,YPL186C,0,-0.872622,0.1024581715464592,0.9890329241752625,0.8692607879638672
YLR373C,YDR060W,0,-0.8731351,0.10244759172201157,0.9890329241752625,0.8693608045578003
YMR043W,YHL016C,0,-0.8732538,0.10243701189756393,0.9890329241752625,0.8694608211517334
YDR242W,YBR273C,0,-0.873575,0.1024264320731163,0.9890329241752625,0.8695608973503113
YNL015W,YGR194C,0,-0.87409276,0.10241585969924927,0.9890329241752625,0.8696609139442444
YKL059C,YDR251W,0,-0.8742727,0.10240528732538223,0.9890329241752625,0.8697609305381775
YJL165C,YPR186C,0,-0.87560225,0.1023947149515152,0.9890329241752625,0.8698609471321106
YDR128W,YIR015W,0,-0.8789006,0.10238415002822876,0.9890329241752625,0.8699609637260437
YPR108W,YJR089W,0,-0.88068676,0.10237357765436172,0.9890329241752625,0.8700610399246216
YDR170W-A,YIL160C,0,-0.88109994,0.10236302018165588,0.9890329241752625,0.8701610565185547
YKL109W,YGR154C,0,-0.88132954,0.10235245525836945,0.9890329241752625,0.8702610731124878
YHR153C,YIL112W,0,-0.88178307,0.1023418977856636,0.9890329241752625,0.8703610897064209
YCR039C,YPR032W,0,-0.8818141,0.10233134031295776,0.9890329241752625,0.8704611659049988
YJL033W,YGL040C,0,-0.8818914,0.10232078284025192,0.9890329241752625,0.8705611824989319
YNL039W,YDR103W,0,-0.88195467,0.10231023281812668,0.9890329241752625,0.870661199092865
YDR443C,YLL022C,0,-0.8821589,0.10229968279600143,0.9890329241752625,0.8707612156867981
YIL112W,YER180C,0,-0.88248855,0.10228913277387619,0.9890329241752625,0.8708612322807312
YDL114W,YAL053W,0,-0.8834533,0.10227858275175095,0.9890329241752625,0.8709613084793091
YIL034C,YCR004C,0,-0.88436186,0.1022680401802063,0.9890329241752625,0.8710613250732422
YOR174W,YOR067C,0,-0.88470787,0.10225749760866165,0.9890329241752625,0.8711613416671753
YBR237W,YOL019W,0,-0.8847465,0.1022469624876976,0.9890329241752625,0.8712613582611084
YER110C,YBR297W,0,-0.8881522,0.10223641991615295,0.9890329241752625,0.8713614344596863
YBR267W,YMR017W,0,-0.8881577,0.1022258847951889,0.9890329241752625,0.8714614510536194
YDR038C,YHR147C,0,-0.89094913,0.10221534967422485,0.9890329241752625,0.8715614676475525
YDR318W,YCR092C,0,-0.8910768,0.1022048220038414,0.9890329241752625,0.8716614842414856
YDL127W,YGL185C,0,-0.8919511,0.10219429433345795,0.9890329241752625,0.8717615008354187
YGL128C,YDL229W,1,-0.8924525,0.10228677093982697,0.9900299310684204,0.8717615008354187
YIL172C,YDR334W,0,-0.8925976,0.10227623581886292,0.9900299310684204,0.8718615770339966
YMR171C,YBR267W,0,-0.8930025,0.10226570814847946,0.9900299310684204,0.8719615936279297
YML034W,YJL025W,0,-0.89333105,0.10225517302751541,0.9900299310684204,0.8720616102218628
YDR060W,YJL062W,0,-0.89440006,0.10224464535713196,0.9900299310684204,0.8721616268157959
YPL051W,YLR147C,0,-0.8944319,0.1022341176867485,0.9900299310684204,0.8722617030143738
YOR116C,YHR081W,0,-0.8954869,0.10222359746694565,0.9900299310684204,0.8723617196083069
YHR092C,YOR269W,0,-0.8963452,0.1022130697965622,0.9900299310684204,0.87246173620224
YIL112W,YOR044W,0,-0.8966735,0.10220254957675934,0.9900299310684204,0.8725617527961731
YKL135C,YDL006W,0,-0.89717007,0.10219203680753708,0.9900299310684204,0.8726617693901062
YHR153C,YKL088W,0,-0.8986524,0.10218151658773422,0.9900299310684204,0.8727618455886841
YPR192W,YER020W,0,-0.89937264,0.10217100381851196,0.9900299310684204,0.8728618621826172
YKR038C,YPL074W,0,-0.8994354,0.1021604910492897,0.9900299310684204,0.8729618787765503
YER147C,YDR197W,0,-0.89945126,0.10214998573064804,0.9900299310684204,0.8730618953704834
YDR248C,YBR237W,0,-0.90058947,0.10213948041200638,0.9900299310684204,0.8731619715690613
YGL137W,YLR385C,0,-0.90155977,0.10212897509336472,0.9900299310684204,0.8732619881629944
YGL223C,YHR052W,0,-0.90278864,0.10211846977472305,0.9900299310684204,0.8733620047569275
YBR176W,YER096W,0,-0.90296763,0.10210797190666199,0.9900299310684204,0.8734620213508606
YJL052W,YBR299W,0,-0.9034543,0.10209747403860092,0.9900299310684204,0.8735620975494385
YFR037C,YIL093C,0,-0.9044546,0.10208697617053986,0.9900299310684204,0.8736621141433716
YJL019W,YMR224C,0,-0.90549606,0.10207647830247879,0.9900299310684204,0.8737621307373047
YOL127W,YPR054W,0,-0.90628403,0.10206598788499832,0.9900299310684204,0.8738621473312378
YNL086W,YML042W,0,-0.9068196,0.10205549746751785,0.9900299310684204,0.8739621639251709
YNL158W,YDR103W,0,-0.9083637,0.10204501450061798,0.9900299310684204,0.8740622401237488
YLR459W,YGL095C,0,-0.91079855,0.10203452408313751,0.9900299310684204,0.8741622567176819
YDR390C,YLR438C-A,0,-0.9108534,0.10202404111623764,0.9900299310684204,0.874262273311615
YDR231C,YCR010C,0,-0.9112896,0.10201355814933777,0.9900299310684204,0.8743622899055481
YGL222C,YDR510W,0,-0.9132767,0.1020030826330185,0.9900299310684204,0.874462366104126
YNL039W,YHR017W,0,-0.9136232,0.10199260711669922,0.9900299310684204,0.8745623826980591
YCR081W,YDR130C,0,-0.91546404,0.10198213160037994,0.9900299310684204,0.8746623992919922
YDR228C,YBR058C-A,0,-0.9163649,0.10197165608406067,0.9900299310684204,0.8747624158859253
YBR160W,YPR054W,0,-0.9166107,0.10196118801832199,0.9900299310684204,0.8748624324798584
YDL136W,YLR427W,0,-0.91760474,0.10195071995258331,0.9900299310684204,0.8749625086784363
YCL061C,YGR218W,0,-0.91831756,0.10194025188684464,0.9900299310684204,0.8750625252723694
YMR247C,YJL106W,0,-0.91894406,0.10192979127168655,0.9900299310684204,0.8751625418663025
YNL206C,YNL119W,0,-0.9190264,0.10191932320594788,0.9900299310684204,0.8752625584602356
YOL077C,YJR135W-A,0,-0.9191003,0.10190887004137039,0.9900299310684204,0.8753626346588135
YOR290C,YNR041C,0,-0.9193903,0.10189840942621231,0.9900299310684204,0.8754626512527466
YDL127W,YER147C,0,-0.91947705,0.10188795626163483,0.9900299310684204,0.8755626678466797
YNR070W,YDL067C,0,-0.9205967,0.10187750309705734,0.9900299310684204,0.8756626844406128
YDR523C,YHR036W,0,-0.9217552,0.10186704993247986,0.9900299310684204,0.8757627010345459
YBR299W,YMR122W-A,0,-0.92188954,0.10185660421848297,0.9900299310684204,0.8758627772331238
YBR240C,YPL095C,0,-0.9220394,0.10184615105390549,0.9900299310684204,0.8759627938270569
YJL165C,YLR074C,0,-0.9224068,0.1018357127904892,0.9900299310684204,0.87606281042099
YGL119W,YOL157C,0,-0.9249157,0.10182526707649231,0.9900299310684204,0.8761628270149231
YBL078C,YDR170W-A,0,-0.9256587,0.10181482881307602,0.9900299310684204,0.876262903213501
YOR143C,YML087C,0,-0.92581606,0.10180439054965973,0.9900299310684204,0.8763629198074341
YHR161C,YER106W,0,-0.9278216,0.10179395228624344,0.9900299310684204,0.8764629364013672
YNR008W,YJL198W,0,-0.9288273,0.10178352147340775,0.9900299310684204,0.8765629529953003
YCR039C,YGR158C,0,-0.93026644,0.10177308320999146,0.9900299310684204,0.8766629695892334
YDR329C,YDR297W,0,-0.93043244,0.10176265984773636,0.9900299310684204,0.8767630457878113
YMR198W,YMR086W,0,-0.9315655,0.10175222903490067,0.9900299310684204,0.8768630623817444
YPR049C,YPL060W,0,-0.93189466,0.10174180567264557,0.9900299310684204,0.8769630789756775
YBR097W,YJL109C,0,-0.93251884,0.10173138231039047,0.9900299310684204,0.8770630955696106
YPR156C,YNL217W,0,-0.9341663,0.10172095894813538,0.9900299310684204,0.8771631717681885
YBR289W,YDR116C,0,-0.9341755,0.10171054303646088,0.9900299310684204,0.8772631883621216
YOR067C,YOR337W,0,-0.9342319,0.10170011967420578,0.9900299310684204,0.8773632049560547
YPL074W,YGR200C,0,-0.93467695,0.10168971121311188,0.9900299310684204,0.8774632215499878
YDR402C,YGL155W,0,-0.93496966,0.10167929530143738,0.9900299310684204,0.8775632977485657
YGR029W,YGR006W,0,-0.93527806,0.10166888684034348,0.9900299310684204,0.8776633143424988
YIL084C,YNL012W,0,-0.9362349,0.10165847837924957,0.9900299310684204,0.8777633309364319
YMR100W,YER184C,0,-0.93703914,0.10164806991815567,0.9900299310684204,0.877863347530365
YHR105W,YJR126C,0,-0.9380404,0.10163766890764236,0.9900299310684204,0.8779633641242981
YLR086W,YGL090W,0,-0.9380536,0.10162726789712906,0.9900299310684204,0.878063440322876
YDL127W,YGL141W,0,-0.93832314,0.10161686688661575,0.9900299310684204,0.8781634569168091
YNR040W,YDR158W,0,-0.93879676,0.10160646587610245,0.9900299310684204,0.8782634735107422
YER007W,YLR246W,0,-0.93910456,0.10159607231616974,0.9900299310684204,0.8783634901046753
YMR088C,YDR046C,0,-0.9395304,0.10158567875623703,0.9900299310684204,0.8784635663032532
YBL037W,YER089C,0,-0.9398119,0.10157528519630432,0.9900299310684204,0.8785635828971863
YJL019W,YDR320C,0,-0.9403927,0.10156489908695221,0.9900299310684204,0.8786635994911194
YDL120W,YHR140W,0,-0.9405699,0.1015545129776001,0.9900299310684204,0.8787636160850525
YGR058W,YER020W,0,-0.94102705,0.10154412686824799,0.9900299310684204,0.8788636326789856
YBL093C,YCL061C,0,-0.9421416,0.10153374075889587,0.9900299310684204,0.8789637088775635
YDL080C,YDR252W,0,-0.9426018,0.10152336210012436,0.9900299310684204,0.8790637254714966
YLR385C,YNL188W,0,-0.9426465,0.10151298344135284,0.9900299310684204,0.8791637420654297
YNL310C,YGR061C,0,-0.9427879,0.10150260478258133,0.9900299310684204,0.8792637586593628
YER007W,YPL064C,1,-0.94287515,0.10159444063901901,0.9910269379615784,0.8792637586593628
YIR006C,YOL072W,0,-0.94382155,0.1015840545296669,0.9910269379615784,0.8793638348579407
YCL027W,YDR130C,0,-0.94461405,0.10157367587089539,0.9910269379615784,0.8794638514518738
YJL073W,YNL310C,1,-0.946205,0.10166547447443008,0.9920239448547363,0.8794638514518738
YNR070W,YGR158C,0,-0.9464859,0.10165508836507797,0.9920239448547363,0.8795638680458069
YDR456W,YOL002C,0,-0.9466319,0.10164470225572586,0.9920239448547363,0.87966388463974
YKL178C,YNL322C,0,-0.94673675,0.10163432359695435,0.9920239448547363,0.8797639012336731
YOL067C,YAR044W,0,-0.9483064,0.10162393748760223,0.9920239448547363,0.879863977432251
YMR004W,YNL289W,0,-0.9492318,0.10161355882883072,0.9920239448547363,0.8799639940261841
YBL024W,YFR037C,0,-0.9495368,0.1016031876206398,0.9920239448547363,0.8800640106201172
YCR098C,YMR165C,0,-0.9498085,0.10159280896186829,0.9920239448547363,0.8801640272140503
YMR094W,YCR010C,0,-0.9514357,0.10158243775367737,0.9920239448547363,0.8802641034126282
YDR096W,YML095C,0,-0.95159745,0.10157206654548645,0.9920239448547363,0.8803641200065613
YMR166C,YMR312W,0,-0.95161664,0.10156170278787613,0.9920239448547363,0.8804641366004944
YGR263C,YOL100W,0,-0.9516689,0.10155133903026581,0.9920239448547363,0.8805641531944275
YOL103W,YGL095C,0,-0.9523246,0.10154097527265549,0.9920239448547363,0.8806641697883606
YDR247W,YIL155C,0,-0.9525761,0.10153061151504517,0.9920239448547363,0.8807642459869385
YEL030W,YNL310C,1,-0.9530883,0.10162228345870972,0.9930209517478943,0.8807642459869385
YDL085W,YBL010C,0,-0.9551757,0.1016119122505188,0.9930209517478943,0.8808642625808716
YLR418C,YLR100W,0,-0.9553378,0.10160154849290848,0.9930209517478943,0.8809642791748047
YBL078C,YGR274C,0,-0.95714086,0.10159118473529816,0.9930209517478943,0.8810642957687378
YBR245C,YER180C,0,-0.95730567,0.10158082842826843,0.9930209517478943,0.8811643719673157
YDR224C,YMR022W,0,-0.95822686,0.10157046467065811,0.9930209517478943,0.8812643885612488
YHR143W,YGL137W,0,-0.9582302,0.10156010836362839,0.9930209517478943,0.8813644051551819
YOR116C,YPR073C,0,-0.9592277,0.10154975205659866,0.9930209517478943,0.881464421749115
YBR156C,YOR092W,0,-0.9601246,0.10153940320014954,0.9930209517478943,0.8815644979476929
YHR172W,YOL139C,0,-0.9603512,0.10152905434370041,0.9930209517478943,0.881664514541626
YER180C,YJL025W,0,-0.96038973,0.10151870548725128,0.9930209517478943,0.8817645311355591
YBR296C,YHR011W,0,-0.96182466,0.10150835663080215,0.9930209517478943,0.8818645477294922
YGL205W,YPR028W,0,-0.9622315,0.10149801522493362,0.9930209517478943,0.8819645643234253
YDR134C,YGL155W,0,-0.96376693,0.1014876738190651,0.9930209517478943,0.8820646405220032
YPR049C,YHR186C,0,-0.9657386,0.10147733241319656,0.9930209517478943,0.8821646571159363
YDR011W,YGR054W,0,-0.96612006,0.10146699100732803,0.9930209517478943,0.8822646737098694
YGL003C,YCL066W,0,-0.9665123,0.1014566570520401,0.9930209517478943,0.8823646903038025
YGL003C,YLR127C,0,-0.9677261,0.10144632309675217,0.9930209517478943,0.8824647665023804
YJR160C,YMR223W,0,-0.96888053,0.10143598914146423,0.9930209517478943,0.8825647830963135
YGL210W,YGR274C,0,-0.96900624,0.1014256626367569,0.9930209517478943,0.8826647996902466
YML043C,YER120W,0,-0.9719326,0.10141533613204956,0.9930209517478943,0.8827648162841797
YKL140W,YPR073C,0,-0.9726051,0.10140500962734222,0.9930209517478943,0.8828648328781128
YOR290C,YDR387C,0,-0.97306883,0.10139468312263489,0.9930209517478943,0.8829649090766907
YGR026W,YHL032C,0,-0.9735062,0.10138436406850815,0.9930209517478943,0.8830649256706238
YML027W,YHR147C,0,-0.9746906,0.10137404501438141,0.9930209517478943,0.8831649422645569
YBL093C,YOL117W,0,-0.9747356,0.10136372596025467,0.9930209517478943,0.88326495885849
YOR381W,YPR016C,0,-0.9753031,0.10135341435670853,0.9930209517478943,0.8833650350570679
YJR025C,YPL172C,0,-0.97542787,0.10134310275316238,0.9930209517478943,0.883465051651001
YOR039W,YMR150C,0,-0.97553694,0.10133279114961624,0.9930209517478943,0.8835650682449341
YOR066W,YDR120C,0,-0.97563297,0.1013224795460701,0.9930209517478943,0.8836650848388672
YNR008W,YJL097W,0,-0.97605634,0.10131217539310455,0.9930209517478943,0.8837651014328003
YLR318W,YLR327C,0,-0.98052204,0.10130187124013901,0.9930209517478943,0.8838651776313782
YNR020C,YJL008C,0,-0.98194516,0.10129156708717346,0.9930209517478943,0.8839651942253113
YDR038C,YIL160C,0,-0.98235196,0.10128127038478851,0.9930209517478943,0.8840652108192444
YHR044C,YKR048C,0,-0.9831563,0.10127097368240356,0.9930209517478943,0.8841652274131775
YBL090W,YOL147C,0,-0.9831817,0.10126067698001862,0.9930209517478943,0.8842653036117554
YOR047C,YDL115C,0,-0.9837886,0.10125038027763367,0.9930209517478943,0.8843653202056885
YFL047W,YHR046C,0,-0.98549724,0.10124009102582932,0.9930209517478943,0.8844653367996216
YOR047C,YJL065C,0,-0.9864365,0.10122980177402496,0.9930209517478943,0.8845653533935547
YHR184W,YNL091W,0,-0.98709476,0.10121951252222061,0.9930209517478943,0.8846653699874878
YHR167W,YEL002C,0,-0.98792017,0.10120922327041626,0.9930209517478943,0.8847654461860657
YMR298W,YLL038C,0,-0.9879463,0.1011989414691925,0.9930209517478943,0.8848654627799988
YHR011W,YIL136W,0,-0.9891025,0.10118865966796875,0.9930209517478943,0.8849654793739319
YIL026C,YKL116C,0,-0.9893737,0.10117838531732559,0.9930209517478943,0.885065495967865
YKR062W,YDR448W,0,-0.9903942,0.10116810351610184,0.9930209517478943,0.8851655721664429
YCL061C,YLR438C-A,0,-0.9906715,0.10115782916545868,0.9930209517478943,0.885265588760376
YFR005C,YMR223W,0,-0.99277914,0.10114755481481552,0.9930209517478943,0.8853656053543091
YDR022C,YDR297W,0,-0.99328357,0.10113728791475296,0.9930209517478943,0.8854656219482422
YCR039C,YHR160C,0,-0.99353015,0.1011270210146904,0.9930209517478943,0.8855656981468201
YKR105C,YHR011W,0,-0.99435496,0.10111675411462784,0.9930209517478943,0.8856657147407532
YOR326W,YPR054W,0,-0.9944601,0.10110648721456528,0.9930209517478943,0.8857657313346863
YDR107C,YAL043C,0,-0.99931276,0.10109622776508331,0.9930209517478943,0.8858657479286194
YOR384W,YIR017C,0,-1.0008383,0.10108596086502075,0.9930209517478943,0.8859657645225525
YJR160C,YDL180W,0,-1.0014229,0.10107570886611938,0.9930209517478943,0.8860658407211304
YDR033W,YJR134C,0,-1.0019495,0.10106544941663742,0.9930209517478943,0.8861658573150635
YCR098C,YPR036W,0,-1.00277,0.10105519741773605,0.9930209517478943,0.8862658739089966
YMR247C,YNR016C,0,-1.0055718,0.10104494541883469,0.9930209517478943,0.8863658905029297
YOR174W,YKL024C,0,-1.0066992,0.10103469341993332,0.9930209517478943,0.8864659667015076
YDR536W,YML009C,0,-1.007604,0.10102444142103195,0.9930209517478943,0.8865659832954407
YER007W,YMR214W,1,-1.0077,0.1011156216263771,0.9940179586410522,0.8865659832954407
YLR373C,YLR014C,0,-1.0088909,0.10110536217689514,0.9940179586410522,0.8866659998893738
YAL003W,YNL339C,0,-1.0091071,0.10109511017799377,0.9940179586410522,0.8867660164833069
YHL044W,YBR156C,0,-1.0091151,0.101084865629673,0.9940179586410522,0.88686603307724
YDL043C,YMR281W,0,-1.009234,0.10107461363077164,0.9940179586410522,0.8869661092758179
YMR208W,YNL289W,0,-1.0097626,0.10106436908245087,0.9940179586410522,0.887066125869751
YDR358W,YBR040W,0,-1.0103645,0.1010541245341301,0.9940179586410522,0.8871661424636841
YKL100C,YOL065C,0,-1.010756,0.10104387998580933,0.9940179586410522,0.8872661590576172
YMR100W,YDR247W,0,-1.012405,0.10103364288806915,0.9940179586410522,0.8873662352561951
YAL041W,YKL004W,0,-1.012686,0.10102340579032898,0.9940179586410522,0.8874662518501282
YOR384W,YPR184W,0,-1.0131452,0.1010131686925888,0.9940179586410522,0.8875662684440613
YDL099W,YDR247W,0,-1.013463,0.10100293904542923,0.9940179586410522,0.8876662850379944
YBR123C,YLL038C,0,-1.0140725,0.10099270939826965,0.9940179586410522,0.8877663016319275
YNL077W,YCL069W,0,-1.0143323,0.10098247975111008,0.9940179586410522,0.8878663778305054
YMR043W,YEL061C,0,-1.0164055,0.1009722501039505,0.9940179586410522,0.8879663944244385
YDR523C,YBL010C,0,-1.0177796,0.10096202790737152,0.9940179586410522,0.8880664110183716
YLR015W,YDR239C,0,-1.0181713,0.10095180571079254,0.9940179586410522,0.8881664276123047
YGL137W,YIL126W,0,-1.0189373,0.10094158351421356,0.9940179586410522,0.8882665038108826
YMR161W,YFL023W,1,-1.018971,0.10103259980678558,0.9950149655342102,0.8882665038108826
YHR206W,YIR023W,0,-1.0193067,0.10102237015962601,0.9950149655342102,0.8883665204048157
YNL001W,YNL330C,0,-1.0198509,0.10101214796304703,0.9950149655342102,0.8884665369987488
YOR116C,YJR075W,0,-1.019886,0.10100192576646805,0.9950149655342102,0.8885665535926819
YDR402C,YDR320C,0,-1.0207864,0.10099170356988907,0.9950149655342102,0.888666570186615
YAL043C,YOL019W,0,-1.0207926,0.10098148137331009,0.9950149655342102,0.8887666463851929
YDR440W,YKL143W,0,-1.0214154,0.1009712666273117,0.9950149655342102,0.888866662979126
YOL072W,YPL149W,0,-1.0214655,0.10096105188131332,0.9950149655342102,0.8889666795730591
YGL251C,YMR017W,0,-1.0229203,0.10095083713531494,0.9950149655342102,0.8890666961669922
YLR015W,YBR245C,0,-1.0235255,0.10094062983989716,0.9950149655342102,0.8891667723655701
YLR418C,YMR071C,0,-1.0241985,0.10093042254447937,0.9950149655342102,0.8892667889595032
YBL088C,YDR330W,0,-1.0247813,0.10092021524906158,0.9950149655342102,0.8893668055534363
YKL164C,YOR014W,0,-1.0253936,0.1009100079536438,0.9950149655342102,0.8894668221473694
YDR107C,YMR303C,0,-1.0268075,0.10089980810880661,0.9950149655342102,0.8895668983459473
YML043C,YDL030W,0,-1.0282329,0.10088960826396942,0.9950149655342102,0.8896669149398804
YER086W,YDL114W,0,-1.0284865,0.10087940841913223,0.9950149655342102,0.8897669315338135
YNL210W,YNR047W,0,-1.0286704,0.10086921602487564,0.9950149655342102,0.8898669481277466
YDR334W,YDR529C,0,-1.0295186,0.10085901618003845,0.9950149655342102,0.8899669647216797
YNR070W,YNL119W,0,-1.0295275,0.10084883123636246,0.9950149655342102,0.8900670409202576
YLR090W,YOR080W,0,-1.0303826,0.10083863884210587,0.9950149655342102,0.8901670575141907
YGL173C,YML037C,0,-1.0313823,0.10082845389842987,0.9950149655342102,0.8902670741081238
YPL085W,YNL191W,0,-1.0319343,0.10081826150417328,0.9950149655342102,0.8903670907020569
YGL168W,YOR131C,0,-1.0319413,0.10080808401107788,0.9950149655342102,0.8904671669006348
YJR060W,YCL027W,0,-1.0326576,0.10079789906740189,0.9950149655342102,0.8905671834945679
YOR116C,YDL127W,0,-1.0333827,0.10078772157430649,0.9950149655342102,0.890667200088501
YGR088W,YCL047C,0,-1.0333874,0.10077754408121109,0.9950149655342102,0.8907672166824341
YPL022W,YIR006C,0,-1.0338483,0.10076736658811569,0.9950149655342102,0.8908672332763672
YGR047C,YBR198C,0,-1.0352372,0.10075719654560089,0.9950149655342102,0.8909673094749451
YGR156W,YBR251W,0,-1.0353843,0.1007470190525055,0.9950149655342102,0.8910673260688782
YHR206W,YDL008W,0,-1.0354553,0.10073684900999069,0.9950149655342102,0.8911673426628113
YJR158W,YLR147C,0,-1.0370853,0.10072668641805649,0.9950149655342102,0.8912673592567444
YDR363W-A,YPL074W,0,-1.0386627,0.10071652382612228,0.9950149655342102,0.8913674354553223
YBR050C,YPL033C,0,-1.0393862,0.10070635378360748,0.9950149655342102,0.8914674520492554
YDR363W-A,YPR073C,0,-1.0408683,0.10069619864225388,0.9950149655342102,0.8915674686431885
YHR136C,YML063W,0,-1.043733,0.10068603605031967,0.9950149655342102,0.8916674852371216
YDL085W,YCR092C,0,-1.0449365,0.10067588090896606,0.9950149655342102,0.8917675018310547
YDR219C,YER147C,0,-1.0459372,0.10066572576761246,0.9950149655342102,0.8918675780296326
YPL281C,YNL191W,0,-1.0464231,0.10065557062625885,0.9950149655342102,0.8919675946235657
YPL177C,YOL007C,0,-1.047367,0.10064542293548584,0.9950149655342102,0.8920676112174988
YPL155C,YNL268W,0,-1.050432,0.10063527524471283,0.9950149655342102,0.8921676278114319
YER114C,YDR177W,0,-1.0506104,0.10062512755393982,0.9950149655342102,0.8922677040100098
YDL114W,YOL080C,0,-1.0507452,0.10061497986316681,0.9950149655342102,0.8923677206039429
YCR096C,YKL108W,0,-1.050862,0.1006048396229744,0.9950149655342102,0.892467737197876
YHR046C,YPL121C,0,-1.0523021,0.10059469938278198,0.9950149655342102,0.8925677537918091
YKR062W,YDL115C,0,-1.0525787,0.10058455914258957,0.9950149655342102,0.892667829990387
YJR013W,YJR160C,0,-1.0528433,0.10057442635297775,0.9950149655342102,0.8927678465843201
YDR534C,YBL023C,0,-1.05515,0.10056428611278534,0.9950149655342102,0.8928678631782532
YKL178C,YDR239C,0,-1.055827,0.10055415332317352,0.9950149655342102,0.8929678797721863
YML054C,YFL041W,0,-1.0560782,0.1005440279841423,0.9950149655342102,0.8930678963661194
YDL231C,YDR501W,0,-1.0566479,0.10053389519453049,0.9950149655342102,0.8931679725646973
YLR142W,YHR140W,0,-1.057456,0.10052376985549927,0.9950149655342102,0.8932679891586304
YDL030W,YMR285C,0,-1.059004,0.10051364451646805,0.9950149655342102,0.8933680057525635
YDR342C,YGR189C,0,-1.0590875,0.10050352662801743,0.9950149655342102,0.8934680223464966
YDL205C,YER044C,0,-1.0591962,0.1004934012889862,0.9950149655342102,0.8935680985450745
YPL051W,YPL068C,0,-1.0593884,0.10048328340053558,0.9950149655342102,0.8936681151390076
YJR126C,YHR011W,0,-1.0596373,0.10047317296266556,0.9950149655342102,0.8937681317329407
YMR070W,YDR529C,0,-1.060181,0.10046305507421494,0.9950149655342102,0.8938681483268738
YOL125W,YMR037C,0,-1.0615473,0.10045294463634491,0.9950149655342102,0.8939681649208069
YBL061C,YDL095W,0,-1.0619245,0.10044283419847488,0.9950149655342102,0.8940682411193848
YEL015W,YER113C,0,-1.0625293,0.10043272376060486,0.9950149655342102,0.8941682577133179
YLR015W,YGL155W,0,-1.0630459,0.10042262077331543,0.9950149655342102,0.894268274307251
YMR100W,YDR228C,0,-1.0637162,0.100412517786026,0.9950149655342102,0.8943682909011841
YGL210W,YAR044W,0,-1.0644168,0.10040241479873657,0.9950149655342102,0.894468367099762
YGR188C,YPR031W,0,-1.0650476,0.10039231181144714,0.9950149655342102,0.8945683836936951
YGR104C,YGR188C,0,-1.0657349,0.10038221627473831,0.9950149655342102,0.8946684002876282
YHR092C,YCL069W,0,-1.065798,0.10037212073802948,0.9950149655342102,0.8947684168815613
YMR130W,YER164W,0,-1.0661874,0.10036202520132065,0.9950149655342102,0.8948684334754944
YDR248C,YJR010C-A,0,-1.0661926,0.10035193711519241,0.9950149655342102,0.8949685096740723
YBR158W,YBR030W,0,-1.0674093,0.10034184902906418,0.9950149655342102,0.8950685262680054
YDL114W,YDR158W,0,-1.068426,0.10033176094293594,0.9950149655342102,0.8951685428619385
YLR040C,YLR172C,0,-1.0687252,0.10032167285680771,0.9950149655342102,0.8952685594558716
YBR175W,YOR075W,0,-1.0703766,0.10031159222126007,0.9950149655342102,0.8953686356544495
YDR279W,YKR059W,0,-1.0704243,0.10030150413513184,0.9950149655342102,0.8954686522483826
YMR127C,YHL004W,0,-1.0714993,0.1002914309501648,0.9950149655342102,0.8955686688423157
YCR096C,YJL101C,0,-1.0733111,0.10028135031461716,0.9950149655342102,0.8956686854362488
YOR306C,YPR032W,0,-1.0740262,0.10027127712965012,0.9950149655342102,0.8957687020301819
YCR047C,YOR246C,0,-1.0742813,0.10026120394468307,0.9950149655342102,0.8958687782287598
YMR290C,YNL206C,0,-1.0756038,0.10025113075971603,0.9950149655342102,0.8959687948226929
YOL105C,YDR197W,0,-1.0759683,0.10024105757474899,0.9950149655342102,0.896068811416626
YGL191W,YOR389W,0,-1.0765934,0.10023099184036255,0.9950149655342102,0.8961688280105591
YMR080C,YOR076C,0,-1.0769188,0.1002209261059761,0.9950149655342102,0.896268904209137
YGL168W,YDR177W,0,-1.0772521,0.10021086782217026,0.9950149655342102,0.8963689208030701
YGR008C,YOR057W,0,-1.0773578,0.10020080208778381,0.9950149655342102,0.8964689373970032
YAR019C,YPR192W,0,-1.0784161,0.10019074380397797,0.9950149655342102,0.8965689539909363
YHR143W,YPR028W,0,-1.0784291,0.10018068552017212,0.9950149655342102,0.8966690301895142
YPR049C,YDL006W,0,-1.0787874,0.10017063468694687,0.9950149655342102,0.8967690467834473
YGL119W,YDR120C,0,-1.0819637,0.10016057640314102,0.9950149655342102,0.8968690633773804
YNL112W,YOR217W,0,-1.0832188,0.10015052556991577,0.9950149655342102,0.8969690799713135
YLR396C,YOR116C,0,-1.084653,0.10014047473669052,0.9950149655342102,0.8970690965652466
YGL211W,YDL138W,0,-1.0860815,0.10013043135404587,0.9950149655342102,0.8971691727638245
YPL017C,YDR103W,0,-1.086309,0.10012038797140121,0.9950149655342102,0.8972691893577576
YGR154C,YGR014W,0,-1.0869374,0.10011034458875656,0.9950149655342102,0.8973692059516907
YGR063C,YKL108W,0,-1.0870979,0.10010030120611191,0.9950149655342102,0.8974692225456238
YDR536W,YMR211W,0,-1.0874786,0.10009026527404785,0.9950149655342102,0.8975692987442017
YGL223C,YBR050C,0,-1.0882231,0.1000802218914032,0.9950149655342102,0.8976693153381348
YHL044W,YDL017W,0,-1.0884287,0.10007018595933914,0.9950149655342102,0.8977693319320679
YHR184W,YDR402C,0,-1.0912089,0.10006015747785568,0.9950149655342102,0.897869348526001
YGL210W,YKL059C,0,-1.0918715,0.10005012899637222,0.9950149655342102,0.8979693651199341
YLR106C,YDL130W,0,-1.0923092,0.10004009306430817,0.9950149655342102,0.898069441318512
YGR154C,YER007W,0,-1.0927086,0.1000300720334053,0.9950149655342102,0.8981694579124451
YDR466W,YDR402C,0,-1.0928369,0.10002004355192184,0.9950149655342102,0.8982694745063782
YDR224C,YLR154C,0,-1.0929,0.10001002252101898,0.9950149655342102,0.8983694911003113
YDL101C,YER133W,0,-1.0938725,0.10000000149011612,0.9950149655342102,0.8984695672988892
YKR058W,YER045C,0,-1.0984385,0.09998998045921326,0.9950149655342102,0.8985695838928223
YKR037C,YPL258C,0,-1.1013849,0.09997996687889099,0.9950149655342102,0.8986696004867554
YDR520C,YAR044W,0,-1.1015506,0.09996994584798813,0.9950149655342102,0.8987696170806885
YMR043W,YLL022C,0,-1.1018621,0.09995993226766586,0.9950149655342102,0.8988696336746216
YDR536W,YDR298C,0,-1.1019776,0.0999499261379242,0.9950149655342102,0.8989697098731995
YDL043C,YLR032W,0,-1.1023034,0.09993991255760193,0.9950149655342102,0.8990697264671326
YOR116C,YHR129C,0,-1.1032673,0.09992990642786026,0.9950149655342102,0.8991697430610657
YLR343W,YDR436W,0,-1.1034815,0.09991990029811859,0.9950149655342102,0.8992697596549988
YLR283W,YGL229C,0,-1.1038476,0.09990990161895752,0.9950149655342102,0.8993698358535767
YAR007C,YPL155C,0,-1.1041585,0.09989990293979645,0.9950149655342102,0.8994698524475098
YDL204W,YDL109C,0,-1.1044824,0.09988990426063538,0.9950149655342102,0.8995698690414429
YER007W,YDR115W,0,-1.1052465,0.0998799055814743,0.9950149655342102,0.899669885635376
YGR104C,YDR503C,0,-1.1055591,0.09986990690231323,0.9950149655342102,0.8997699022293091
YPR070W,YOR244W,0,-1.105729,0.09985991567373276,0.9950149655342102,0.899869978427887
YNL292W,YEL017C-A,0,-1.1062512,0.09984992444515228,0.9950149655342102,0.8999699950218201
YBR142W,YDR116C,0,-1.1070215,0.09983993321657181,0.9950149655342102,0.9000700116157532
YMR016C,YCL066W,0,-1.1104469,0.09982994943857193,0.9950149655342102,0.9001700282096863
YMR282C,YLR419W,0,-1.1104705,0.09981996566057205,0.9950149655342102,0.9002701044082642
YOR308C,YHR070W,0,-1.111916,0.09980998188257217,0.9950149655342102,0.9003701210021973
YDL043C,YOR246C,0,-1.112232,0.0997999981045723,0.9950149655342102,0.9004701375961304
YGL168W,YGL003C,0,-1.1134322,0.09979002177715302,0.9950149655342102,0.9005701541900635
YDL114W,YDR044W,0,-1.1135473,0.09978004544973373,0.9950149655342102,0.9006702303886414
YCL069W,YGR156W,0,-1.1138468,0.09977006912231445,0.9950149655342102,0.9007702469825745
YDR134C,YCR098C,0,-1.1139739,0.09976009279489517,0.9950149655342102,0.9008702635765076
YGR058W,YFR007W,0,-1.1142762,0.09975012391805649,0.9950149655342102,0.9009702801704407
YDR279W,YCR040W,0,-1.1143507,0.0997401550412178,0.9950149655342102,0.9010702967643738
YOR278W,YDR252W,0,-1.114447,0.09973018616437912,0.9950149655342102,0.9011703729629517
YDR279W,YER133W,0,-1.115263,0.09972022473812103,0.9950149655342102,0.9012703895568848
YGR218W,YPL092W,0,-1.115288,0.09971026331186295,0.9950149655342102,0.9013704061508179
YMR006C,YMR233W,0,-1.1180997,0.09970030188560486,0.9950149655342102,0.901470422744751
YLR446W,YML087C,0,-1.1190788,0.09969034045934677,0.9950149655342102,0.9015704989433289
YJL108C,YOR346W,0,-1.1192274,0.09968038648366928,0.9950149655342102,0.901670515537262
YDR270W,YMR247C,0,-1.1199225,0.0996704250574112,0.9950149655342102,0.9017705321311951
YJL056C,YLR078C,0,-1.1202583,0.0996604785323143,0.9950149655342102,0.9018705487251282
YMR080C,YOR242C,0,-1.1206203,0.09965052455663681,0.9950149655342102,0.9019705653190613
YBL017C,YDR126W,0,-1.1213424,0.09964057803153992,0.9950149655342102,0.9020706415176392
YLR418C,YLR430W,0,-1.1218666,0.09963063150644302,0.9950149655342102,0.9021706581115723
YKR062W,YPL033C,0,-1.1221061,0.09962068498134613,0.9950149655342102,0.9022706747055054
YLL001W,YPL155C,0,-1.1234968,0.09961073845624924,0.9950149655342102,0.9023706912994385
YLR396C,YER096W,0,-1.1247108,0.09960079938173294,0.9950149655342102,0.9024707674980164
YBR097W,YIL126W,0,-1.1253492,0.09959086030721664,0.9950149655342102,0.9025707840919495
YDL114W,YOL133W,0,-1.125387,0.09958092123270035,0.9950149655342102,0.9026708006858826
YGL205W,YJL106W,0,-1.125612,0.09957098960876465,0.9950149655342102,0.9027708172798157
YGR008C,YDR247W,0,-1.1263103,0.09956105053424835,0.9950149655342102,0.9028708338737488
YDR018C,YBL037W,0,-1.1275084,0.09955111891031265,0.9950149655342102,0.9029709100723267
YMR088C,YDR363W-A,0,-1.1283039,0.09954119473695755,0.9950149655342102,0.9030709266662598
YLR214W,YNR020C,0,-1.1307538,0.09953126311302185,0.9950149655342102,0.9031709432601929
YPL148C,YER114C,0,-1.1312971,0.09952133893966675,0.9950149655342102,0.903270959854126
YBR040W,YNL135C,0,-1.1335175,0.09951141476631165,0.9950149655342102,0.9033710360527039
YJR158W,YNL188W,0,-1.133565,0.09950149804353714,0.9950149655342102,0.903471052646637
YGR292W,YDL200C,0,-1.1340489,0.09949157387018204,0.9950149655342102,0.9035710692405701
YHR046C,YBR158W,0,-1.1351242,0.09948165714740753,0.9950149655342102,0.9036710858345032
YML015C,YOR120W,0,-1.138524,0.09947174042463303,0.9950149655342102,0.9037711024284363
YML054C,YMR004W,0,-1.139234,0.09946183115243912,0.9950149655342102,0.9038711786270142
YJL072C,YJL108C,0,-1.1440463,0.09945192188024521,0.9950149655342102,0.9039711952209473
YGL128C,YOL088C,1,-1.1455925,0.09954164922237396,0.9960119724273682,0.9039711952209473
YOL065C,YFR005C,0,-1.14624,0.09953173249959946,0.9960119724273682,0.9040712118148804
YLR450W,YMR306W,0,-1.1490998,0.09952181577682495,0.9960119724273682,0.9041712284088135
YOR384W,YKR097W,0,-1.1495371,0.09951190650463104,0.9960119724273682,0.9042713046073914
YOR155C,YOR228C,0,-1.149703,0.09950198978185654,0.9960119724273682,0.9043713212013245
YBL088C,YLR371W,0,-1.1519811,0.09949208050966263,0.9960119724273682,0.9044713377952576
YKL140W,YOL117W,0,-1.1521431,0.09948217123746872,0.9960119724273682,0.9045713543891907
YLR266C,YPR096C,0,-1.1542242,0.09947226941585541,0.9960119724273682,0.9046714305877686
YDR363W-A,YJL025W,0,-1.1556194,0.0994623675942421,0.9960119724273682,0.9047714471817017
YGR159C,YPL174C,0,-1.1562157,0.09945246577262878,0.9960119724273682,0.9048714637756348
YML037C,YMR311C,0,-1.1563661,0.09944256395101547,0.9960119724273682,0.9049714803695679
YNL330C,YBR022W,0,-1.1575675,0.09943266957998276,0.9960119724273682,0.905071496963501
YOR384W,YCR004C,0,-1.1583275,0.09942276775836945,0.9960119724273682,0.9051715731620789
YPR047W,YDR298C,0,-1.1596446,0.09941287338733673,0.9960119724273682,0.905271589756012
YDL231C,YOR233W,0,-1.1596644,0.09940298646688461,0.9960119724273682,0.9053716063499451
YCR096C,YIL160C,0,-1.1620519,0.0993930920958519,0.9960119724273682,0.9054716229438782
YJL165C,YGL211W,0,-1.1625876,0.09938320517539978,0.9960119724273682,0.905571699142456
YIR002C,YLR032W,0,-1.1627574,0.09937331825494766,0.9960119724273682,0.9056717157363892
YFR037C,YGR274C,0,-1.1632881,0.09936343878507614,0.9960119724273682,0.9057717323303223
YBL093C,YJR094W-A,0,-1.165128,0.09935355186462402,0.9960119724273682,0.9058717489242554
YOR315W,YJR135W-A,0,-1.168005,0.0993436723947525,0.9960119724273682,0.9059717655181885
YER161C,YJL156C,0,-1.1711884,0.09933380037546158,0.9960119724273682,0.9060718417167664
YDL190C,YMR198W,0,-1.1715581,0.09932392090559006,0.9960119724273682,0.9061718583106995
YML106W,YGR272C,0,-1.1721637,0.09931404888629913,0.9960119724273682,0.9062718749046326
YDR341C,YAL023C,0,-1.1727414,0.09930417686700821,0.9960119724273682,0.9063718914985657
YER029C,YOL092W,0,-1.1736791,0.09929430484771729,0.9960119724273682,0.9064719676971436
YJL048C,YNR070W,0,-1.1738503,0.09928443282842636,0.9960119724273682,0.9065719842910767
YOR116C,YLR147C,0,-1.1738844,0.09927456825971603,0.9960119724273682,0.9066720008850098
YGR104C,YPR042C,0,-1.1740735,0.0992647036910057,0.9960119724273682,0.9067720174789429
YDR363W-A,YDR120C,0,-1.1742499,0.09925484657287598,0.9960119724273682,0.906872034072876
YML124C,YOR396W,0,-1.1746101,0.09924498200416565,0.9960119724273682,0.9069721102714539
YML077W,YHR171W,0,-1.1753957,0.09923512488603592,0.9960119724273682,0.907072126865387
YER110C,YGR272C,0,-1.1759943,0.09922526776790619,0.9960119724273682,0.9071721434593201
YML054C,YBR036C,0,-1.1761342,0.09921541064977646,0.9960119724273682,0.9072721600532532
YDR170W-A,YPR021C,0,-1.1767191,0.09920556098222733,0.9960119724273682,0.907372236251831
YMR224C,YOR127W,0,-1.1770096,0.09919571131467819,0.9960119724273682,0.9074722528457642
YOL072W,YKL164C,0,-1.1773217,0.09918586164712906,0.9960119724273682,0.9075722694396973
YDR117C,YDR436W,0,-1.177679,0.09917601197957993,0.9960119724273682,0.9076722860336304
YMR290C,YAL058W,0,-1.1790731,0.09916616976261139,0.9960119724273682,0.9077723026275635
YKL179C,YEL021W,0,-1.1792743,0.09915632754564285,0.9960119724273682,0.9078723788261414
YAR018C,YDR093W,0,-1.1794758,0.09914648532867432,0.9960119724273682,0.9079723954200745
YDR033W,YJR135C,0,-1.1796027,0.09913665056228638,0.9960119724273682,0.9080724120140076
YMR247C,YGR071C,0,-1.1798422,0.09912680834531784,0.9960119724273682,0.9081724286079407
YLR158C,YPL033C,0,-1.1804688,0.0991169735789299,0.9960119724273682,0.9082725048065186
YHR092C,YLL011W,0,-1.1808867,0.09910714626312256,0.9960119724273682,0.9083725214004517
YBR097W,YDR447C,0,-1.1811696,0.09909731149673462,0.9960119724273682,0.9084725379943848
YBR176W,YER053C,0,-1.1813784,0.09908748418092728,0.9960119724273682,0.9085725545883179
YPL022W,YGR234W,0,-1.1814349,0.09907765686511993,0.9960119724273682,0.9086726307868958
YLR038C,YMR023C,0,-1.1816919,0.09906782954931259,0.9960119724273682,0.9087726473808289
YNL098C,YCR010C,0,-1.1834422,0.09905800968408585,0.9960119724273682,0.908872663974762
YOR120W,YDR486C,0,-1.184736,0.0990481823682785,0.9960119724273682,0.9089726805686951
YCL075W,YDR520C,0,-1.1876076,0.09903836250305176,0.9960119724273682,0.9090726971626282
YDR253C,YPR192W,0,-1.1881703,0.09902855008840561,0.9960119724273682,0.909172773361206
YIR002C,YOR075W,0,-1.1889583,0.09901873022317886,0.9960119724273682,0.9092727899551392
YHR086W,YDR169C,0,-1.1889892,0.09900891780853271,0.9960119724273682,0.9093728065490723
YKL011C,YPL101W,0,-1.1904995,0.09899910539388657,0.9960119724273682,0.9094728231430054
YLR373C,YKL218C,0,-1.1924978,0.09898930042982101,0.9960119724273682,0.9095728993415833
YBR123C,YDR330W,0,-1.192611,0.09897948801517487,0.9960119724273682,0.9096729159355164
YDR466W,YGL191W,0,-1.1934717,0.09896968305110931,0.9960119724273682,0.9097729325294495
YNL331C,YGR262C,0,-1.1935169,0.09895987808704376,0.9960119724273682,0.9098729491233826
YDR448W,YEL061C,0,-1.1970022,0.09895008057355881,0.9960119724273682,0.9099729657173157
YCL075W,YPR108W,0,-1.1973019,0.09894027560949326,0.9960119724273682,0.9100730419158936
YGL003C,YBR097W,0,-1.1976745,0.0989304780960083,0.9960119724273682,0.9101730585098267
YFL036W,YNR011C,0,-1.1992874,0.09892068803310394,0.9960119724273682,0.9102730751037598
YBR030W,YCL031C,0,-1.2006412,0.09891089051961899,0.9960119724273682,0.9103730916976929
YLR459W,YCL063W,0,-1.2016479,0.09890110045671463,0.9960119724273682,0.9104731678962708
YGL040C,YOR326W,0,-1.2031081,0.09889131039381027,0.9960119724273682,0.9105731844902039
YFL047W,YBR176W,0,-1.2033913,0.09888152033090591,0.9960119724273682,0.910673201084137
YAL041W,YGR272C,0,-1.204849,0.09887173026800156,0.9960119724273682,0.9107732176780701
YIL109C,YOR211C,0,-1.2050369,0.0988619476556778,0.9960119724273682,0.9108732342720032
YAL021C,YCR047C,0,-1.2058488,0.09885216504335403,0.9960119724273682,0.910973310470581
YGL222C,YCR094W,0,-1.2060146,0.09884238988161087,0.9960119724273682,0.9110733270645142
YOR047C,YOL065C,0,-1.2067316,0.09883260726928711,0.9960119724273682,0.9111733436584473
YGL021W,YIL126W,0,-1.207042,0.09882283210754395,0.9960119724273682,0.9112733602523804
YOL156W,YDL130W-A,0,-1.2071866,0.09881305694580078,0.9960119724273682,0.9113734364509583
YPL089C,YAR044W,0,-1.2073493,0.09880328178405762,0.9960119724273682,0.9114734530448914
YDR018C,YGL249W,0,-1.2118433,0.09879351407289505,0.9960119724273682,0.9115734696388245
YJR160C,YGR184C,0,-1.2136725,0.09878374636173248,0.9960119724273682,0.9116734862327576
YEL021W,YHR129C,0,-1.2142435,0.09877397865056992,0.9960119724273682,0.9117735028266907
YDL019C,YCR098C,0,-1.2152412,0.09876421093940735,0.9960119724273682,0.9118735790252686
YPR019W,YJR089W,0,-1.2153844,0.09875445067882538,0.9960119724273682,0.9119735956192017
YJR009C,YGR272C,0,-1.2165678,0.09874469041824341,0.9960119724273682,0.9120736122131348
YDR188W,YER007W,1,-1.2174659,0.09883376210927963,0.9970089793205261,0.9120736122131348
YOR061W,YOR269W,0,-1.2176161,0.09882399439811707,0.9970089793205261,0.9121736288070679
YPL194W,YGR272C,0,-1.2186368,0.0988142266869545,0.9970089793205261,0.9122737050056458
YDR022C,YJR110W,0,-1.2192245,0.09880446642637253,0.9970089793205261,0.9123737215995789
YBR058C,YDL099W,0,-1.2194608,0.09879470616579056,0.9970089793205261,0.912473738193512
YMR247C,YNL289W,0,-1.2201179,0.09878494590520859,0.9970089793205261,0.9125737547874451
YIL171W,YBL082C,0,-1.2205157,0.09877518564462662,0.9970089793205261,0.912673830986023
YOR057W,YDR443C,0,-1.2205949,0.09876543283462524,0.9970089793205261,0.912773847579956
YJL052W,YGR272C,0,-1.2216976,0.09875568002462387,0.9970089793205261,0.9128738641738892
YLR441C,YGR272C,0,-1.2221973,0.0987459272146225,0.9970089793205261,0.9129738807678223
YKL116C,YLR014C,0,-1.222224,0.09873617440462112,0.9970089793205261,0.9130738973617554
YDL069C,YMR004W,0,-1.2226095,0.09872642904520035,0.9970089793205261,0.9131739735603333
YOR278W,YOR391C,0,-1.2227236,0.09871668368577957,0.9970089793205261,0.9132739901542664
YFL044C,YAR044W,0,-1.2232814,0.0987069383263588,0.9970089793205261,0.9133740067481995
YLR109W,YGL258W-A,0,-1.2245886,0.09869720041751862,0.9970089793205261,0.9134740233421326
YDL190C,YBR241C,0,-1.2254648,0.09868745505809784,0.9970089793205261,0.9135740995407104
YDR270W,YDR402C,0,-1.2256676,0.09867771714925766,0.9970089793205261,0.9136741161346436
YKL010C,YAR044W,0,-1.2258551,0.09866797924041748,0.9970089793205261,0.9137741327285767
YDR465C,YOL018C,0,-1.2261215,0.0986582487821579,0.9970089793205261,0.9138741493225098
YGR272C,YDR031W,0,-1.2266464,0.09864851832389832,0.9970089793205261,0.9139741659164429
YBL024W,YOR069W,0,-1.2279226,0.09863878786563873,0.9970089793205261,0.9140742421150208
YMR004W,YNL191W,0,-1.2284856,0.09862905740737915,0.9970089793205261,0.9141742587089539
YPR070W,YML091C,0,-1.2294368,0.09861932694911957,0.9970089793205261,0.914274275302887
YDR356W,YPR016C,0,-1.229958,0.09860960394144058,0.9970089793205261,0.9143742918968201
YML077W,YDL146W,0,-1.230565,0.0985998809337616,0.9970089793205261,0.914474368095398
YBR009C,YPR019W,0,-1.2316945,0.09859015792608261,0.9970089793205261,0.914574384689331
YML027W,YIL111W,0,-1.2336078,0.09858044236898422,0.9970089793205261,0.9146744012832642
YDR363W-A,YCR040W,0,-1.2339418,0.09857072681188583,0.9970089793205261,0.9147744178771973
YJR098C,YIL113W,0,-1.235465,0.09856101125478745,0.9970089793205261,0.9148744344711304
YKL135C,YJR029W,0,-1.2364432,0.09855129569768906,0.9970089793205261,0.9149745106697083
YLR040C,YDL065C,0,-1.2366478,0.09854158759117126,0.9970089793205261,0.9150745272636414
YMR036C,YCR010C,0,-1.2384737,0.09853187203407288,0.9970089793205261,0.9151745438575745
YDL043C,YPL022W,0,-1.2389815,0.09852216392755508,0.9970089793205261,0.9152745604515076
YLR212C,YOR290C,0,-1.2398989,0.09851246327161789,0.9970089793205261,0.9153746366500854
YPL174C,YKR105C,0,-1.2399256,0.0985027551651001,0.9970089793205261,0.9154746532440186
YBL093C,YNR070W,0,-1.2414258,0.0984930545091629,0.9970089793205261,0.9155746698379517
YDR536W,YOR131C,0,-1.2416805,0.09848335385322571,0.9970089793205261,0.9156746864318848
YMR247C,YEL021W,0,-1.2425609,0.09847366064786911,0.9970089793205261,0.9157747030258179
YNL301C,YGR279C,0,-1.244689,0.09846395999193192,0.9970089793205261,0.9158747792243958
YKL108W,YPR081C,0,-1.2471911,0.09845426678657532,0.9970089793205261,0.9159747958183289
YPR049C,YMR306W,0,-1.2472838,0.09844457358121872,0.9970089793205261,0.916074812412262
YDR166C,YHR129C,0,-1.2474902,0.09843488782644272,0.9970089793205261,0.9161748290061951
YCL069W,YNL189W,0,-1.2477835,0.09842519462108612,0.9970089793205261,0.916274905204773
YDR448W,YIL124W,0,-1.2479167,0.09841550886631012,0.9970089793205261,0.916374921798706
YOR306C,YPR019W,0,-1.247945,0.09840582311153412,0.9970089793205261,0.9164749383926392
YBR084W,YOL140W,0,-1.2482698,0.09839614480733871,0.9970089793205261,0.9165749549865723
YGR026W,YGR075C,0,-1.2488687,0.09838645905256271,0.9970089793205261,0.9166750311851501
YNL330C,YLR403W,0,-1.2500358,0.09837678074836731,0.9970089793205261,0.9167750477790833
YNR011C,YJR075W,0,-1.2520915,0.0983671024441719,0.9970089793205261,0.9168750643730164
YGL090W,YNL325C,0,-1.2523085,0.0983574315905571,0.9970089793205261,0.9169750809669495
YBL088C,YIL113W,0,-1.2534521,0.09834776073694229,0.9970089793205261,0.9170750975608826
YBL075C,YDL067C,0,-1.2538388,0.09833808988332748,0.9970089793205261,0.9171751737594604
YBR041W,YDR320C-A,0,-1.2558589,0.09832841902971268,0.9970089793205261,0.9172751903533936
YKR014C,YDR448W,0,-1.2558992,0.09831874817609787,0.9970089793205261,0.9173752069473267
YAL034W-A,YPR054W,0,-1.260458,0.09830908477306366,0.9970089793205261,0.9174752235412598
YHR206W,YDR312W,0,-1.2611964,0.09829942137002945,0.9970089793205261,0.9175752997398376
YNL210W,YDR495C,0,-1.2613598,0.09828975796699524,0.9970089793205261,0.9176753163337708
YLR134W,YPR016C,0,-1.2614108,0.09828009456396103,0.9970089793205261,0.9177753329277039
YBR022W,YOR044W,0,-1.2615951,0.09827043861150742,0.9970089793205261,0.917875349521637
YAL043C,YKL164C,0,-1.2619053,0.0982607826590538,0.9970089793205261,0.9179753661155701
YPL028W,YPR032W,0,-1.2644079,0.09825112670660019,0.9970089793205261,0.918075442314148
YKL089W,YCR028C,0,-1.265688,0.09824147820472717,0.9970089793205261,0.918175458908081
YDR265W,YLR306W,0,-1.2660003,0.09823182970285416,0.9970089793205261,0.9182754755020142
YDL115C,YCR040W,0,-1.2676406,0.09822218120098114,0.9970089793205261,0.9183754920959473
YOR181W,YPL026C,0,-1.2679652,0.09821253269910812,0.9970089793205261,0.9184755682945251
YKL024C,YNL115C,0,-1.2684983,0.09820288419723511,0.9970089793205261,0.9185755848884583
YJR160C,YPR192W,0,-1.2687051,0.09819324314594269,0.9970089793205261,0.9186756014823914
YFL047W,YDR466W,0,-1.2692257,0.09818360209465027,0.9970089793205261,0.9187756180763245
YDL051W,YPL101W,0,-1.2704499,0.09817396104335785,0.9970089793205261,0.9188756346702576
YKL173W,YOL140W,0,-1.2708824,0.09816432744264603,0.9970089793205261,0.9189757108688354
YNL015W,YHL016C,0,-1.2770758,0.0981546938419342,0.9970089793205261,0.9190757274627686
YDL129W,YPL258C,0,-1.2771537,0.09814506024122238,0.9970089793205261,0.9191757440567017
YJR121W,YMR204C,0,-1.2772727,0.09813542664051056,0.9970089793205261,0.9192757606506348
YJL165C,YEL016C,0,-1.277914,0.09812580049037933,0.9970089793205261,0.9193758368492126
YJL170C,YDR130C,0,-1.2792966,0.09811616688966751,0.9970089793205261,0.9194758534431458
YGL249W,YGL178W,0,-1.2793832,0.09810654073953629,0.9970089793205261,0.9195758700370789
YCR092C,YBL023C,0,-1.280131,0.09809692203998566,0.9970089793205261,0.919675886631012
YPL022W,YCR098C,0,-1.2802811,0.09808729588985443,0.9970089793205261,0.9197759032249451
YER148W,YJR155W,0,-1.2812016,0.0980776771903038,0.9970089793205261,0.919875979423523
YAL053W,YOR349W,1,-1.2820401,0.09816613048315048,0.9980059862136841,0.919875979423523
YOR047C,YOR269W,0,-1.2822845,0.09815650433301926,0.9980059862136841,0.919975996017456
YMR198W,YOR076C,0,-1.2826526,0.09814687818288803,0.9980059862136841,0.9200760126113892
YCR040W,YGR006W,0,-1.2842112,0.0981372520327568,0.9980059862136841,0.9201760292053223
YMR285C,YDL112W,0,-1.2845703,0.09812763333320618,0.9980059862136841,0.9202761054039001
YHR023W,YBL020W,0,-1.2871969,0.09811801463365555,0.9980059862136841,0.9203761219978333
YDL043C,YOL002C,0,-1.2872629,0.09810839593410492,0.9980059862136841,0.9204761385917664
YOL003C,YJR033C,0,-1.2872636,0.09809878468513489,0.9980059862136841,0.9205761551856995
YJL019W,YHR167W,0,-1.2881402,0.09808917343616486,0.9980059862136841,0.9206762313842773
YOR043W,YMR165C,0,-1.2884495,0.09807956218719482,0.9980059862136841,0.9207762479782104
YDR315C,YGR158C,0,-1.2884805,0.09806995093822479,0.9980059862136841,0.9208762645721436
YGL003C,YDL006W,0,-1.2885213,0.09806034713983536,0.9980059862136841,0.9209762811660767
YGR009C,YGR274C,0,-1.2889844,0.09805073589086533,0.9980059862136841,0.9210762977600098
YMR036C,YNR070W,0,-1.2899946,0.09804113954305649,0.9980059862136841,0.9211763739585876
YMR043W,YMR290C,0,-1.2900743,0.09803153574466705,0.9980059862136841,0.9212763905525208
YKL140W,YGR009C,0,-1.2931044,0.09802193194627762,0.9980059862136841,0.9213764071464539
YMR036C,YMR004W,0,-1.2932504,0.09801233559846878,0.9980059862136841,0.921476423740387
YDL231C,YCR081W,0,-1.2952275,0.09800273925065994,0.9980059862136841,0.9215764999389648
YHR116W,YDR126W,0,-1.2997642,0.0979931503534317,0.9980059862136841,0.921676516532898
YPL143W,YLR158C,0,-1.3005202,0.09798355400562286,0.9980059862136841,0.921776533126831
YKL109W,YPL159C,0,-1.3023292,0.09797396510839462,0.9980059862136841,0.9218765497207642
YJL048C,YDR511W,0,-1.3039823,0.09796437621116638,0.9980059862136841,0.9219765663146973
YML077W,YEL021W,0,-1.3044711,0.09795478731393814,0.9980059862136841,0.9220766425132751
YBL069W,YDR443C,0,-1.3051157,0.0979452058672905,0.9980059862136841,0.9221766591072083
YDL030W,YLR139C,0,-1.307908,0.09793562442064285,0.9980059862136841,0.9222766757011414
YOL157C,YMR026C,0,-1.3080156,0.09792604297399521,0.9980059862136841,0.9223766922950745
YER161C,YJL148W,0,-1.3081684,0.09791646152734756,0.9980059862136841,0.9224767684936523
YLR450W,YFL037W,0,-1.3096199,0.09790688753128052,0.9980059862136841,0.9225767850875854
YMR223W,YOR269W,0,-1.3113322,0.09789731353521347,0.9980059862136841,0.9226768016815186
YIR006C,YEL061C,0,-1.3129662,0.09788773953914642,0.9980059862136841,0.9227768182754517
YLR467W,YLR430W,0,-1.3151536,0.09787816554307938,0.9980059862136841,0.9228768348693848
YGR274C,YNL146W,0,-1.3156729,0.09786859899759293,0.9980059862136841,0.9229769110679626
YNL098C,YML095C,0,-1.3172655,0.09785902500152588,0.9980059862136841,0.9230769276618958
YKL178C,YDL067C,0,-1.319495,0.09784946590662003,0.9980059862136841,0.9231769442558289
YCL069W,YOL125W,0,-1.3201767,0.09783989936113358,0.9980059862136841,0.923276960849762
YMR006C,YPL121C,0,-1.3208704,0.09783033281564713,0.9980059862136841,0.9233770370483398
YBL024W,YGL211W,0,-1.3212553,0.09782077372074127,0.9980059862136841,0.923477053642273
YOL156W,YLR120C,0,-1.3216068,0.09781121462583542,0.9980059862136841,0.923577070236206
YIL150C,YIL101C,0,-1.321851,0.09780166298151016,0.9980059862136841,0.9236770868301392
YLR106C,YJL170C,0,-1.3231969,0.09779210388660431,0.9980059862136841,0.9237771034240723
YOR373W,YDR044W,0,-1.3247905,0.09778255224227905,0.9980059862136841,0.9238771796226501
YOR143C,YER110C,0,-1.3256264,0.0977730005979538,0.9980059862136841,0.9239771962165833
YBR123C,YGR274C,0,-1.3258162,0.09776345640420914,0.9980059862136841,0.9240772128105164
YLR385C,YNL227C,0,-1.327193,0.09775390475988388,0.9980059862136841,0.9241772294044495
YDR347W,YNL306W,0,-1.3279828,0.09774436056613922,0.9980059862136841,0.9242773056030273
YER174C,YDR393W,0,-1.3300381,0.09773481637239456,0.9980059862136841,0.9243773221969604
YGR159C,YLR430W,0,-1.3317337,0.0977252721786499,0.9980059862136841,0.9244773387908936
YJL108C,YDR298C,0,-1.3332738,0.09771573543548584,0.9980059862136841,0.9245773553848267
YNL119W,YHR186C,0,-1.3334789,0.09770619869232178,0.9980059862136841,0.9246774315834045
YGL191W,YDR069C,0,-1.3335543,0.09769666194915771,0.9980059862136841,0.9247774481773376
YAL041W,YLR121C,0,-1.3342295,0.09768712520599365,0.9980059862136841,0.9248774647712708
YOL156W,YLR385C,0,-1.3343303,0.09767759591341019,0.9980059862136841,0.9249774813652039
YKL135C,YNR045W,0,-1.3347883,0.09766806662082672,0.9980059862136841,0.925077497959137
YER051W,YPR021C,0,-1.3348551,0.09765853732824326,0.9980059862136841,0.9251775741577148
YBR158W,YGL205W,0,-1.3351843,0.09764900803565979,0.9980059862136841,0.925277590751648
YJL019W,YHR215W,0,-1.3392403,0.09763948619365692,0.9980059862136841,0.925377607345581
YMR036C,YDL120W,0,-1.339637,0.09762996435165405,0.9980059862136841,0.9254776239395142
YOR391C,YOL120C,0,-1.3399925,0.09762044250965118,0.9980059862136841,0.925577700138092
YOR066W,YMR086W,0,-1.3407693,0.09761092066764832,0.9980059862136841,0.9256777167320251
YBL061C,YGR272C,0,-1.3410096,0.09760140627622604,0.9980059862136841,0.9257777333259583
YHR207C,YPR036W,0,-1.3415225,0.09759189188480377,0.9980059862136841,0.9258777499198914
YNL206C,YER082C,0,-1.3441014,0.0975823774933815,0.9980059862136841,0.9259777665138245
YIR015W,YKL212W,0,-1.3441279,0.09757286310195923,0.9980059862136841,0.9260778427124023
YPL101W,YDR387C,0,-1.3441672,0.09756335616111755,0.9980059862136841,0.9261778593063354
YBR158W,YFL037W,0,-1.3443122,0.09755384176969528,0.9980059862136841,0.9262778759002686
YPL028W,YOL157C,0,-1.3445976,0.09754433482885361,0.9980059862136841,0.9263778924942017
YHR076W,YLR418C,0,-1.3447179,0.09753483533859253,0.9980059862136841,0.9264779686927795
YLR074C,YOR396W,0,-1.3455538,0.09752532839775085,0.9980059862136841,0.9265779852867126
YOL072W,YDR380W,0,-1.3459945,0.09751582890748978,0.9980059862136841,0.9266780018806458
YNL292W,YDR012W,0,-1.3461876,0.0975063294172287,0.9980059862136841,0.9267780184745789
YOR242C,YGR191W,0,-1.3467975,0.09749683737754822,0.9980059862136841,0.926878035068512
YDR356W,YDL143W,0,-1.3474808,0.09748733788728714,0.9980059862136841,0.9269781112670898
YDR103W,YMR311C,0,-1.3490133,0.09747784584760666,0.9980059862136841,0.927078127861023
YKR062W,YGL039W,0,-1.3497345,0.09746835380792618,0.9980059862136841,0.927178144454956
YMR290C,YGR234W,0,-1.3500559,0.0974588617682457,0.9980059862136841,0.9272781610488892
YJR066W,YKR105C,0,-1.350394,0.09744937717914581,0.9980059862136841,0.927378237247467
YPL051W,YKR030W,0,-1.3518605,0.09743989259004593,0.9980059862136841,0.9274782538414001
YPL121C,YJR135C,0,-1.3537393,0.09743040800094604,0.9980059862136841,0.9275782704353333
YGL249W,YOL071W,0,-1.3551414,0.09742092341184616,0.9980059862136841,0.9276782870292664
YGR035C,YJL008C,0,-1.3559132,0.09741144627332687,0.9980059862136841,0.9277783632278442
YGR104C,YOL100W,0,-1.3566899,0.09740196913480759,0.9980059862136841,0.9278783798217773
YJL019W,YJL136C,0,-1.3582208,0.0973924919962883,0.9980059862136841,0.9279783964157104
YAL043C,YNL268W,0,-1.3584858,0.09738301485776901,0.9980059862136841,0.9280784130096436
YDL195W,YMR211W,0,-1.3652942,0.09737353771924973,0.9980059862136841,0.9281784296035767
YKL108W,YDL146W,0,-1.3654413,0.09736406803131104,0.9980059862136841,0.9282785058021545
YDL114W,YLR450W,0,-1.3663981,0.09735459834337234,0.9980059862136841,0.9283785223960876
YCR020C,YDR074W,0,-1.3670838,0.09734513610601425,0.9980059862136841,0.9284785389900208
YPR049C,YDR231C,0,-1.3673451,0.09733566641807556,0.9980059862136841,0.9285785555839539
YML124C,YGL222C,0,-1.3688421,0.09732620418071747,0.9980059862136841,0.9286786317825317
YGL213C,YDL043C,0,-1.3692746,0.09731674194335938,0.9980059862136841,0.9287786483764648
YOL105C,YER051W,0,-1.3693486,0.09730727970600128,0.9980059862136841,0.928878664970398
YAL043C,YGR071C,0,-1.3695797,0.09729782491922379,0.9980059862136841,0.928978681564331
YPL143W,YPR054W,0,-1.3700293,0.09728836268186569,0.9980059862136841,0.9290786981582642
YMR098C,YDR362C,0,-1.3704488,0.0972789078950882,0.9980059862136841,0.929178774356842
YML027W,YDR362C,0,-1.3705528,0.0972694605588913,0.9980059862136841,0.9292787909507751
YOR181W,YMR257C,0,-1.3715498,0.0972600057721138,0.9980059862136841,0.9293788075447083
YDL190C,YJL125C,0,-1.3720362,0.0972505584359169,0.9980059862136841,0.9294788241386414
YGL089C,YMR257C,0,-1.3740201,0.09724111109972,0.9980059862136841,0.9295789003372192
YHR089C,YGR272C,0,-1.3741298,0.0972316637635231,0.9980059862136841,0.9296789169311523
YDR520C,YPR019W,0,-1.3745667,0.0972222238779068,0.9980059862136841,0.9297789335250854
YOL156W,YIL009C-A,0,-1.3760608,0.0972127839922905,0.9980059862136841,0.9298789501190186
YLR283W,YDL205C,0,-1.3778818,0.0972033441066742,0.9980059862136841,0.9299789667129517
YPL017C,YNL310C,0,-1.3787771,0.09719390422105789,0.9980059862136841,0.9300790429115295
YOR308C,YLL022C,0,-1.37954,0.09718446433544159,0.9980059862136841,0.9301790595054626
YGL206C,YPL033C,0,-1.3822093,0.09717503190040588,0.9980059862136841,0.9302790760993958
YER029C,YHR136C,0,-1.3863479,0.09716559946537018,0.9980059862136841,0.9303790926933289
YFL036W,YKL179C,0,-1.3871393,0.09715616703033447,0.9980059862136841,0.9304791688919067
YGL003C,YOR069W,0,-1.387506,0.09714674204587936,0.9980059862136841,0.9305791854858398
YER020W,YGR001C,0,-1.3889859,0.09713730961084366,0.9980059862136841,0.930679202079773
YJL019W,YFL037W,0,-1.392557,0.09712788462638855,0.9980059862136841,0.930779218673706
YOR179C,YLR343W,0,-1.3928316,0.09711845964193344,0.9980059862136841,0.9308792352676392
YDR096W,YCR081W,0,-1.3938439,0.09710904210805893,0.9980059862136841,0.930979311466217
YER180C,YOR070C,0,-1.3940384,0.09709962457418442,0.9980059862136841,0.9310793280601501
YER161C,YPR047W,0,-1.3949349,0.0970902070403099,0.9980059862136841,0.9311793446540833
YGL119W,YKR059W,0,-1.3955584,0.0970807895064354,0.9980059862136841,0.9312793612480164
YKR090W,YJR160C,0,-1.397345,0.09707137197256088,0.9980059862136841,0.9313794374465942
YER110C,YDR298C,0,-1.3976291,0.09706196188926697,0.9980059862136841,0.9314794540405273
YBL054W,YHR099W,0,-1.4001112,0.09705255180597305,0.9980059862136841,0.9315794706344604
YMR256C,YJL056C,0,-1.4023232,0.09704314172267914,0.9980059862136841,0.9316794872283936
YDL120W,YOR116C,0,-1.4036608,0.09703373163938522,0.9980059862136841,0.9317795634269714
YDR390C,YCR037C,0,-1.4063674,0.0970243290066719,0.9980059862136841,0.9318795800209045
YKL109W,YHL016C,0,-1.4093366,0.09701492637395859,0.9980059862136841,0.9319795966148376
YKL089W,YNL119W,0,-1.4118769,0.09700552374124527,0.9980059862136841,0.9320796132087708
YER164W,YDR298C,0,-1.4119694,0.09699612110853195,0.9980059862136841,0.9321796298027039
YHR067W,YHL016C,0,-1.412282,0.09698672592639923,0.9980059862136841,0.9322797060012817
YIL126W,YKR009C,0,-1.4140936,0.09697733074426651,0.9980059862136841,0.9323797225952148
YPL195W,YIR023W,0,-1.4156303,0.09696793556213379,0.9980059862136841,0.932479739189148
YBR231C,YMR285C,0,-1.4156485,0.09695854038000107,0.9980059862136841,0.932579755783081
YBL017C,YGR218W,0,-1.4166262,0.09694915264844894,0.9980059862136841,0.9326798319816589
YJL046W,YFL037W,0,-1.4176491,0.09693976491689682,0.9980059862136841,0.932779848575592
YLR396C,YLR040C,0,-1.4185457,0.0969303771853447,0.9980059862136841,0.9328798651695251
YDR134C,YGL031C,0,-1.4210277,0.09692098945379257,0.9980059862136841,0.9329798817634583
YOL005C,YLR467W,0,-1.4211298,0.09691160917282104,0.9980059862136841,0.9330798983573914
YFL036W,YOL100W,0,-1.4213858,0.09690222889184952,0.9980059862136841,0.9331799745559692
YMR198W,YGL084C,0,-1.4244221,0.09689284861087799,0.9980059862136841,0.9332799911499023
YER148W,YDR036C,0,-1.4246162,0.09688346832990646,0.9980059862136841,0.9333800077438354
YDR341C,YLR158C,0,-1.4271599,0.09687409549951553,0.9980059862136841,0.9334800243377686
YLR373C,YFR003C,0,-1.4284291,0.096864715218544,0.9980059862136841,0.9335801005363464
YDL137W,YJL062W-A,0,-1.4285209,0.09685534238815308,0.9980059862136841,0.9336801171302795
YCR037C,YMR165C,0,-1.428884,0.09684597700834274,0.9980059862136841,0.9337801337242126
YPL085W,YNL096C,0,-1.4296978,0.09683660417795181,0.9980059862136841,0.9338801503181458
YBL021C,YNL119W,0,-1.4305766,0.09682723879814148,0.9980059862136841,0.9339801669120789
YGL191W,YGR295C,0,-1.4310101,0.09681787341833115,0.9980059862136841,0.9340802431106567
YBR289W,YNL146W,0,-1.4312445,0.09680850803852081,0.9980059862136841,0.9341802597045898
YNR016C,YPR184W,0,-1.4322169,0.09679915010929108,0.9980059862136841,0.934280276298523
YGR218W,YDR166C,0,-1.4326365,0.09678979218006134,0.9980059862136841,0.934380292892456
YDL114W,YIL070C,0,-1.4331346,0.0967804342508316,0.9980059862136841,0.9344803690910339
YDR018C,YPL033C,0,-1.4355052,0.09677107632160187,0.9980059862136841,0.934580385684967
YKL218C,YLR385C,0,-1.4381703,0.09676171839237213,0.9980059862136841,0.9346804022789001
YLR126C,YNL119W,0,-1.4385116,0.09675236791372299,0.9980059862136841,0.9347804188728333
YER148W,YML081C-A,0,-1.4399691,0.09674301743507385,0.9980059862136841,0.9348804354667664
YIL172C,YLR120C,0,-1.4400735,0.09673366695642471,0.9980059862136841,0.9349805116653442
YLR147C,YDR421W,0,-1.440146,0.09672432392835617,0.9980059862136841,0.9350805282592773
YOR047C,YGR014W,0,-1.4405222,0.09671497344970703,0.9980059862136841,0.9351805448532104
YDL114W,YEL016C,0,-1.4409561,0.09670563042163849,0.9980059862136841,0.9352805614471436
YJL165C,YDR052C,0,-1.442307,0.09669628739356995,0.9980059862136841,0.9353806376457214
YDR188W,YDL229W,1,-1.4433925,0.09678354114294052,0.999002993106842,0.9353806376457214
YOL157C,YKL164C,0,-1.443461,0.09677419066429138,0.999002993106842,0.9354806542396545
YOR384W,YIL126W,0,-1.4440707,0.09676484763622284,0.999002993106842,0.9355806708335876
YCR047C,YPR122W,0,-1.4495912,0.0967555046081543,0.999002993106842,0.9356806874275208
YLR373C,YCR040W,0,-1.4522259,0.09674616158008575,0.999002993106842,0.9357807636260986
YPL074W,YLL035W,0,-1.4522406,0.09673681855201721,0.999002993106842,0.9358807802200317
YPR192W,YDL144C,0,-1.4535549,0.09672748297452927,0.999002993106842,0.9359807968139648
YEL021W,YMR312W,0,-1.4538851,0.09671814739704132,0.999002993106842,0.936080813407898
YDR320C-A,YML048W,0,-1.4541886,0.09670881181955338,0.999002993106842,0.936180830001831
YJL164C,YMR204C,0,-1.4580936,0.09669947624206543,0.999002993106842,0.9362809062004089
YOR066W,YGL227W,0,-1.4598066,0.09669014811515808,0.999002993106842,0.936380922794342
YBL024W,YDR448W,0,-1.461613,0.09668081998825073,0.999002993106842,0.9364809393882751
YAL053W,YDR358W,0,-1.461685,0.09667149186134338,0.999002993106842,0.9365809559822083
YGL229C,YDR251W,0,-1.4621706,0.09666216373443604,0.999002993106842,0.9366810321807861
YHR186C,YNL289W,0,-1.4622978,0.09665284305810928,0.999002993106842,0.9367810487747192
YHR206W,YFL004W,0,-1.4624077,0.09664351493120193,0.999002993106842,0.9368810653686523
YER007W,YDR421W,0,-1.4653218,0.09663420170545578,0.999002993106842,0.9369810819625854
YLR214W,YDR320C-A,0,-1.4655296,0.09662488102912903,0.999002993106842,0.9370810985565186
YDL205C,YMR152W,0,-1.4667469,0.09661556035280228,0.999002993106842,0.9371811747550964
YER148W,YEL021W,0,-1.4674721,0.09660624712705612,0.999002993106842,0.9372811913490295
YGR116W,YHR099W,0,-1.4678245,0.09659693390130997,0.999002993106842,0.9373812079429626
YMR098C,YER184C,0,-1.4683535,0.09658762067556381,0.999002993106842,0.9374812245368958
YPL121C,YER096W,0,-1.4684981,0.09657831490039825,0.999002993106842,0.9375813007354736
YOR047C,YMR264W,0,-1.4692442,0.0965690016746521,0.999002993106842,0.9376813173294067
YCL069W,YJR135C,0,-1.4697812,0.09655969589948654,0.999002993106842,0.9377813339233398
YDL085W,YDR236C,0,-1.4708636,0.09655039757490158,0.999002993106842,0.937881350517273
YDR096W,YDL200C,0,-1.4708714,0.09654109179973602,0.999002993106842,0.937981367111206
YCL069W,YNL098C,0,-1.4710863,0.09653179347515106,0.999002993106842,0.9380814433097839
YDR320C-A,YNL310C,0,-1.4723078,0.0965224951505661,0.999002993106842,0.938181459903717
YER029C,YOL080C,0,-1.4765183,0.09651319682598114,0.999002993106842,0.9382814764976501
YHL044W,YDR315C,0,-1.4769965,0.09650389850139618,0.999002993106842,0.9383814930915833
YDR279W,YCL027W,0,-1.4816189,0.09649460762739182,0.999002993106842,0.9384815692901611
YOR384W,YLR306W,0,-1.4849005,0.09648531675338745,0.999002993106842,0.9385815858840942
YMR042W,YPR021C,0,-1.486498,0.09647602587938309,0.999002993106842,0.9386816024780273
YHR160C,YBR273C,0,-1.4887254,0.09646673500537872,0.999002993106842,0.9387816190719604
YDL164C,YMR098C,0,-1.489773,0.09645745158195496,0.999002993106842,0.9388816356658936
YHR206W,YPL123C,0,-1.4899954,0.09644816815853119,0.999002993106842,0.9389817118644714
YCR039C,YPL159C,0,-1.4927394,0.09643888473510742,0.999002993106842,0.9390817284584045
YBR237W,YLR385C,0,-1.4929715,0.09642960131168365,0.999002993106842,0.9391817450523376
YFR037C,YOR143C,0,-1.496299,0.09642032533884048,0.999002993106842,0.9392817616462708
YBL030C,YLR035C-A,0,-1.4986341,0.09641104936599731,0.999002993106842,0.9393818378448486
YBL039C,YHL004W,0,-1.5007623,0.09640177339315414,0.999002993106842,0.9394818544387817
YOR391C,YFL044C,0,-1.5008249,0.09639249742031097,0.999002993106842,0.9395818710327148
YDR320C-A,YIL136W,0,-1.5008956,0.0963832214474678,0.999002993106842,0.939681887626648
YOR347C,YPL155C,0,-1.5010457,0.09637395292520523,0.999002993106842,0.9397819638252258
YMR247C,YGR272C,0,-1.5044582,0.09636468440294266,0.999002993106842,0.9398819804191589
YGR035C,YGR220C,0,-1.5046129,0.09635541588068008,0.999002993106842,0.939981997013092
YDR219C,YIR002C,0,-1.5046229,0.09634615480899811,0.999002993106842,0.9400820136070251
YDR312W,YNL210W,0,-1.5060353,0.09633689373731613,0.999002993106842,0.9401820302009583
YJL221C,YNR047W,0,-1.5066329,0.09632763266563416,0.999002993106842,0.9402821063995361
YOR076C,YHL016C,0,-1.5072899,0.09631837159395218,0.999002993106842,0.9403821229934692
YHL044W,YDR520C,0,-1.5112107,0.0963091105222702,0.999002993106842,0.9404821395874023
YOL133W,YOR044W,0,-1.5140196,0.09629985690116882,0.999002993106842,0.9405821561813354
YCL061C,YPR032W,0,-1.5179796,0.09629060328006744,0.999002993106842,0.9406822323799133
YDL101C,YDR356W,0,-1.5194565,0.09628134965896606,0.999002993106842,0.9407822489738464
YDR320C-A,YDL112W,0,-1.5194786,0.09627209603786469,0.999002993106842,0.9408822655677795
YLR439W,YJL109C,0,-1.5207171,0.0962628498673439,0.999002993106842,0.9409822821617126
YBR237W,YJR126C,0,-1.5216897,0.09625360369682312,0.999002993106842,0.9410822987556458
YHR143W,YHR117W,0,-1.522958,0.09624435752630234,0.999002993106842,0.9411823749542236
YPR031W,YGR194C,0,-1.5257975,0.09623511135578156,0.999002993106842,0.9412823915481567
YLL013C,YGL161C,0,-1.526633,0.09622587263584137,0.999002993106842,0.9413824081420898
YDL137W,YGR272C,0,-1.5268297,0.09621663391590118,0.999002993106842,0.941482424736023
YLR318W,YER045C,0,-1.5290809,0.096207395195961,0.999002993106842,0.9415825009346008
YNL185C,YOR233W,0,-1.5322012,0.09619815647602081,0.999002993106842,0.9416825175285339
YOR047C,YBR289W,0,-1.5342212,0.09618892520666122,0.999002993106842,0.941782534122467
YDR320C-A,YPR184W,0,-1.5352439,0.09617968648672104,0.999002993106842,0.9418825507164001
YJL041W,YLR040C,0,-1.5377159,0.09617045521736145,0.999002993106842,0.9419825673103333
YJR160C,YPR118W,0,-1.5378418,0.09616123139858246,0.999002993106842,0.9420826435089111
YMR208W,YOL007C,0,-1.5379508,0.09615200012922287,0.999002993106842,0.9421826601028442
YDL007W,YDL205C,0,-1.5394802,0.09614277631044388,0.999002993106842,0.9422826766967773
YDR242W,YJL062W-A,0,-1.5417472,0.09613355249166489,0.999002993106842,0.9423826932907104
YER161C,YMR023C,0,-1.5437608,0.0961243286728859,0.999002993106842,0.9424827694892883
YPR118W,YML087C,0,-1.5443172,0.0961151048541069,0.999002993106842,0.9425827860832214
YGR159C,YOR290C,0,-1.5446209,0.09610588848590851,0.999002993106842,0.9426828026771545
YGR104C,YPL017C,0,-1.5450952,0.09609667211771011,0.999002993106842,0.9427828192710876
YDL137W,YMR056C,0,-1.5467539,0.09608745574951172,0.999002993106842,0.9428828358650208
YDR347W,YPR192W,0,-1.5479928,0.09607824683189392,0.999002993106842,0.9429829120635986
YCR020C,YHR067W,0,-1.548859,0.09606903046369553,0.999002993106842,0.9430829286575317
YLR385C,YGR123C,0,-1.5491674,0.09605982154607773,0.999002993106842,0.9431829452514648
YHR143W,YKR062W,0,-1.5492513,0.09605061262845993,0.999002993106842,0.943282961845398
YBL054W,YBL090W,0,-1.552057,0.09604140371084213,0.999002993106842,0.9433830380439758
YCR010C,YPL204W,0,-1.5523877,0.09603220224380493,0.999002993106842,0.9434830546379089
YIL115C,YAR044W,0,-1.55253,0.09602300077676773,0.999002993106842,0.943583071231842
YNL012W,YLR010C,0,-1.5545635,0.09601379930973053,0.999002993106842,0.9436830878257751
YDL043C,YCL069W,0,-1.5546165,0.09600459784269333,0.999002993106842,0.943783164024353
YDL080C,YBR040W,0,-1.5553344,0.09599540382623672,0.999002993106842,0.9438831806182861
YPL074W,YGR061C,0,-1.5554174,0.09598620235919952,0.999002993106842,0.9439831972122192
YDR320C-A,YJR068W,0,-1.5556251,0.09597700834274292,0.999002993106842,0.9440832138061523
YGR063C,YNL325C,0,-1.5569389,0.09596782177686691,0.999002993106842,0.9441832304000854
YDR242W,YBR283C,0,-1.5571334,0.09595862776041031,0.999002993106842,0.9442833065986633
YDR320C-A,YLR099C,0,-1.5607195,0.0959494411945343,0.999002993106842,0.9443833231925964
YER095W,YKL198C,0,-1.5610101,0.0959402546286583,0.999002993106842,0.9444833397865295
YHL044W,YGL178W,0,-1.5610924,0.09593106806278229,0.999002993106842,0.9445833563804626
YIL084C,YDR252W,0,-1.5617769,0.09592188149690628,0.999002993106842,0.9446834325790405
YPR049C,YGR123C,0,-1.5632802,0.09591270238161087,0.999002993106842,0.9447834491729736
YDR128W,YHR186C,0,-1.5639175,0.09590352326631546,0.999002993106842,0.9448834657669067
YCL075W,YHR036W,0,-1.5643579,0.09589434415102005,0.999002993106842,0.9449834823608398
YDL069C,YFR015C,0,-1.5652868,0.09588516503572464,0.999002993106842,0.945083498954773
YDR320C-A,YBR097W,0,-1.566529,0.09587599337100983,0.999002993106842,0.9451835751533508
YDR448W,YPR005C,0,-1.5675323,0.09586682170629501,0.999002993106842,0.9452835917472839
YDL108W,YDR402C,0,-1.5684273,0.0958576500415802,0.999002993106842,0.945383608341217
YHR153C,YBR040W,0,-1.5685055,0.09584847837686539,0.999002993106842,0.9454836249351501
YPL121C,YAR007C,0,-1.5693307,0.09583931416273117,0.999002993106842,0.945583701133728
YBR296C,YBR176W,0,-1.570675,0.09583014249801636,0.999002993106842,0.9456837177276611
YJL052W,YDR044W,0,-1.5726033,0.09582097828388214,0.999002993106842,0.9457837343215942
YDR315C,YPL194W,0,-1.5741405,0.09581182152032852,0.999002993106842,0.9458837509155273
YLR238W,YHR160C,0,-1.5753701,0.0958026573061943,0.999002993106842,0.9459837675094604
YBL037W,YAL058W,0,-1.5762427,0.09579350054264069,0.999002993106842,0.9460838437080383
YCR047C,YIR015W,0,-1.5775192,0.09578434377908707,0.999002993106842,0.9461838603019714
YDR320C-A,YNL061W,0,-1.5782664,0.09577518701553345,0.999002993106842,0.9462838768959045
YOR308C,YGR071C,0,-1.5798619,0.09576603025197983,0.999002993106842,0.9463838934898376
YOL105C,YOR346W,0,-1.5800227,0.0957568809390068,0.999002993106842,0.9464839696884155
YDL101C,YOR391C,0,-1.5806861,0.09574773162603378,0.999002993106842,0.9465839862823486
YDL129W,YPL159C,0,-1.5824783,0.09573858231306076,0.999002993106842,0.9466840028762817
YLR035C-A,YNL101W,0,-1.5834651,0.09572943300008774,0.999002993106842,0.9467840194702148
YOR047C,YLR439W,0,-1.5837665,0.09572029113769531,0.999002993106842,0.946884036064148
YLR134W,YOR348C,0,-1.5862256,0.09571114927530289,0.999002993106842,0.9469841122627258
YPL022W,YKL116C,0,-1.5867546,0.09570200741291046,0.999002993106842,0.9470841288566589
YJL019W,YDR238C,0,-1.5880158,0.09569286555051804,0.999002993106842,0.947184145450592
YNL086W,YDL141W,0,-1.5884354,0.09568373113870621,0.999002993106842,0.9472841620445251
YKL178C,YPL059W,0,-1.5897436,0.09567458927631378,0.999002993106842,0.947384238243103
YHR031C,YBR214W,0,-1.5906972,0.09566545486450195,0.999002993106842,0.9474842548370361
YNR008W,YER007W,0,-1.5911479,0.09565632790327072,0.999002993106842,0.9475842714309692
YLR147C,YDR402C,0,-1.5917194,0.09564719349145889,0.999002993106842,0.9476842880249023
YBL054W,YLR126C,0,-1.5922879,0.09563806653022766,0.999002993106842,0.9477843642234802
YHR046C,YCL027W,0,-1.5930808,0.09562893956899643,0.999002993106842,0.9478843808174133
YMR208W,YPR019W,0,-1.5936925,0.0956198126077652,0.999002993106842,0.9479843974113464
YDR107C,YPR168W,0,-1.5943851,0.09561068564653397,0.999002993106842,0.9480844140052795
YGR026W,YGL222C,0,-1.5959897,0.09560156613588333,0.999002993106842,0.9481844305992126
YMR290C,YGR272C,0,-1.5961959,0.0955924466252327,0.999002993106842,0.9482845067977905
YGL205W,YGR071C,0,-1.5962834,0.09558332711458206,0.999002993106842,0.9483845233917236
YDL006W,YGR194C,0,-1.5982909,0.09557420760393143,0.999002993106842,0.9484845399856567
YER068W,YDL185W,0,-1.5987239,0.09556509554386139,0.999002993106842,0.9485845565795898
YGR274C,YDR130C,0,-1.60009,0.09555597603321075,0.999002993106842,0.9486846327781677
YDR363W-A,YCR047C,0,-1.6001546,0.09554686397314072,0.999002993106842,0.9487846493721008
YJL165C,YAL053W,0,-1.6004314,0.09553775936365128,0.999002993106842,0.9488846659660339
YKL173W,YDR524C,0,-1.6024042,0.09552864730358124,0.999002993106842,0.948984682559967
YGR104C,YDR388W,0,-1.6029912,0.0955195426940918,0.999002993106842,0.9490846991539001
YMR198W,YHR117W,0,-1.6038141,0.09551043808460236,0.999002993106842,0.949184775352478
YDL127W,YPR031W,0,-1.6042349,0.09550133347511292,0.999002993106842,0.9492847919464111
YKR038C,YGR014W,0,-1.6057544,0.09549223631620407,0.999002993106842,0.9493848085403442
YNL086W,YPR178W,0,-1.6074073,0.09548313170671463,0.999002993106842,0.9494848251342773
YDR219C,YPL159C,0,-1.6093428,0.09547403454780579,0.999002993106842,0.9495849013328552
YOL018C,YGR272C,0,-1.6093986,0.09546493738889694,0.999002993106842,0.9496849179267883
YER133W,YGL229C,0,-1.609984,0.0954558476805687,0.999002993106842,0.9497849345207214
YLR238W,YPL157W,0,-1.6100113,0.09544675052165985,0.999002993106842,0.9498849511146545
YGR071C,YLR306W,0,-1.6103857,0.0954376608133316,0.999002993106842,0.9499849677085876
YJR158W,YJL125C,0,-1.6106346,0.09542857110500336,0.999002993106842,0.9500850439071655
YMR036C,YDR036C,0,-1.6112592,0.09541948139667511,0.999002993106842,0.9501850605010986
YKL199C,YBR205W,0,-1.6129286,0.09541039913892746,0.999002993106842,0.9502850770950317
YDL164C,YDR534C,0,-1.6176133,0.09540131688117981,0.999002993106842,0.9503850936889648
YPL172C,YHR070W,0,-1.6189541,0.09539223462343216,0.999002993106842,0.9504851698875427
YOL156W,YGR106C,0,-1.6195582,0.09538315236568451,0.999002993106842,0.9505851864814758
YJL129C,YOR044W,0,-1.6196198,0.09537407010793686,0.999002993106842,0.9506852030754089
YNR016C,YJR060W,0,-1.6198161,0.0953649953007698,0.999002993106842,0.950785219669342
YBR158W,YJR060W,0,-1.6199844,0.09535592049360275,0.999002993106842,0.9508852362632751
YDL080C,YHR186C,0,-1.6203451,0.0953468456864357,0.999002993106842,0.950985312461853
YBR030W,YHR136C,0,-1.6203632,0.09533777087926865,0.999002993106842,0.9510853290557861
YDR320C-A,YPL111W,0,-1.621415,0.09532870352268219,0.999002993106842,0.9511853456497192
YER164W,YDR031W,0,-1.6224962,0.09531963616609573,0.999002993106842,0.9512853622436523
YML054C,YJR089W,0,-1.6240929,0.09531056880950928,0.999002993106842,0.9513854384422302
YDL190C,YGL205W,0,-1.6254158,0.09530150145292282,0.999002993106842,0.9514854550361633
YER174C,YPL068C,0,-1.625579,0.09529244154691696,0.999002993106842,0.9515854716300964
YPL121C,YCR094W,0,-1.6256617,0.0952833741903305,0.999002993106842,0.9516854882240295
YMR042W,YOR246C,0,-1.6273868,0.09527431428432465,0.999002993106842,0.9517855644226074
YJR135C,YBR164C,0,-1.6277864,0.09526526182889938,0.999002993106842,0.9518855810165405
YMR281W,YER096W,0,-1.6281253,0.09525620192289352,0.999002993106842,0.9519855976104736
YDR279W,YOR346W,0,-1.6292882,0.09524714946746826,0.999002993106842,0.9520856142044067
YOR116C,YML009C,0,-1.6312805,0.095238097012043,0.999002993106842,0.9521856307983398
YDR334W,YOL125W,0,-1.6343632,0.09522904455661774,0.999002993106842,0.9522857069969177
YNL001W,YJR010C-A,0,-1.634371,0.09521999210119247,0.999002993106842,0.9523857235908508
YML113W,YCR004C,0,-1.6350119,0.09521094709634781,0.999002993106842,0.9524857401847839
YOR116C,YDR534C,0,-1.6364307,0.09520190209150314,0.999002993106842,0.952585756778717
YMR316W,YGL141W,0,-1.6382033,0.09519285708665848,0.999002993106842,0.9526858329772949
YPL148C,YAR044W,0,-1.6385174,0.09518381208181381,0.999002993106842,0.952785849571228
YKL108W,YDR507C,0,-1.6432266,0.09517477452754974,0.999002993106842,0.9528858661651611
YDL030W,YNL012W,0,-1.6434066,0.09516572952270508,0.999002993106842,0.9529858827590942
YDR536W,YHR067W,0,-1.6454861,0.09515669196844101,0.999002993106842,0.9530858993530273
YKL199C,YNL129W,0,-1.6458429,0.09514766186475754,0.999002993106842,0.9531859755516052
YNR070W,YNL185C,0,-1.6462827,0.09513862431049347,0.999002993106842,0.9532859921455383
YMR171C,YDR101C,0,-1.6464877,0.09512959420681,0.999002993106842,0.9533860087394714
YBR035C,YGR272C,0,-1.6480917,0.09512056410312653,0.999002993106842,0.9534860253334045
YLR035C-A,YOR036W,0,-1.6491361,0.09511153399944305,0.999002993106842,0.9535861015319824
YMR006C,YGR279C,0,-1.6522697,0.09510250389575958,0.999002993106842,0.9536861181259155
YBR164C,YBR009C,0,-1.6556646,0.09509348124265671,0.999002993106842,0.9537861347198486
YGL120C,YPR019W,0,-1.6558561,0.09508445858955383,0.999002993106842,0.9538861513137817
YGR159C,YNL039W,0,-1.6566305,0.09507543593645096,0.999002993106842,0.9539861679077148
YKL199C,YOR179C,0,-1.660295,0.09506641328334808,0.999002993106842,0.9540862441062927
YDR170W-A,YDL030W,0,-1.6640575,0.0950573980808258,0.999002993106842,0.9541862607002258
YHR086W,YPR122W,0,-1.665772,0.09504837542772293,0.999002993106842,0.9542862772941589
YHR160C,YBR166C,0,-1.6664962,0.09503936022520065,0.999002993106842,0.954386293888092
YIL084C,YLR158C,0,-1.66993,0.09503035247325897,0.999002993106842,0.9544863700866699
YJL046W,YDR126W,0,-1.6701365,0.0950213372707367,0.999002993106842,0.954586386680603
YDL017W,YOR092W,0,-1.6717589,0.09501232951879501,0.999002993106842,0.9546864032745361
YPR070W,YOR346W,0,-1.6734974,0.09500332176685333,0.999002993106842,0.9547864198684692
YBR050C,YGR220C,0,-1.6738033,0.09499431401491165,0.999002993106842,0.9548864364624023
YDL114W,YLR430W,0,-1.6738195,0.09498530626296997,0.999002993106842,0.9549865126609802
YDR224C,YNL212W,0,-1.6739304,0.09497630596160889,0.999002993106842,0.9550865292549133
YML116W,YKL143W,0,-1.6747063,0.0949672982096672,0.999002993106842,0.9551865458488464
YNL128W,YDR436W,0,-1.6762285,0.09495830535888672,0.999002993106842,0.9552865624427795
YDR320C-A,YPR192W,0,-1.6763048,0.09494930505752563,0.999002993106842,0.9553866386413574
YDR320C-A,YMR086W,0,-1.6763048,0.09494030475616455,0.999002993106842,0.9554866552352905
YKL089W,YOR396W,0,-1.6763048,0.09493131190538406,0.999002993106842,0.9555866718292236
YNR045W,YPR081C,0,-1.6768324,0.09492231905460358,0.999002993106842,0.9556866884231567
YML077W,YNL325C,0,-1.6778711,0.09491332620382309,0.999002993106842,0.9557867646217346
YDR170W-A,YPL204W,0,-1.6783934,0.0949043408036232,0.999002993106842,0.9558867812156677
YDR252W,YMR200W,1,-1.6806978,0.09499005228281021,1.0,0.9558867812156677
YFR041C,YPL033C,0,-1.6839287,0.09498105943202972,1.0,0.9559867978096008
YPR096C,YMR150C,0,-1.684481,0.09497206658124924,1.0,0.9560868144035339
YMR042W,YDL130W-A,0,-1.6905308,0.09496307373046875,1.0,0.956186830997467
YOR308C,YHR013C,0,-1.6945611,0.09495408833026886,1.0,0.9562869071960449
YPR156C,YJR076C,0,-1.6956775,0.09494509547948837,1.0,0.956386923789978
YDL144C,YDR247W,0,-1.6968614,0.09493611007928848,1.0,0.9564869403839111
YDL056W,YER110C,0,-1.6973488,0.09492712467908859,1.0,0.9565869569778442
YDR107C,YBR097W,0,-1.6990336,0.0949181392788887,1.0,0.9566870331764221
YDR096W,YDR116C,0,-1.7004153,0.09490916132926941,1.0,0.9567870497703552
YIL009C-A,YOR346W,0,-1.7007467,0.09490018337965012,1.0,0.9568870663642883
YDR356W,YJL025W,0,-1.7034247,0.09489119797945023,1.0,0.9569870829582214
YDR242W,YBR123C,0,-1.7036098,0.09488222748041153,1.0,0.9570870995521545
YKL199C,YIL039W,0,-1.7036214,0.09487324953079224,1.0,0.9571871757507324
YAL041W,YOR306C,0,-1.7050842,0.09486427903175354,1.0,0.9572871923446655
YDR536W,YCR094W,0,-1.7089572,0.09485530853271484,1.0,0.9573872089385986
YDL056W,YHR086W,0,-1.7115068,0.09484633803367615,1.0,0.9574872255325317
YKL059C,YOR270C,0,-1.7117212,0.09483736753463745,1.0,0.9575873017311096
YJR060W,YCR010C,0,-1.7122028,0.09482840448617935,1.0,0.9576873183250427
YDR013W,YGR272C,0,-1.7134365,0.09481943398714066,1.0,0.9577873349189758
YML015C,YHL019C,0,-1.7150676,0.09481047093868256,1.0,0.9578873515129089
YPR098C,YGL229C,0,-1.7164011,0.09480151534080505,1.0,0.957987368106842
YMR043W,YML087C,0,-1.7170566,0.09479255229234695,1.0,0.9580874443054199
YFR037C,YOL149W,0,-1.7205701,0.09478359669446945,1.0,0.958187460899353
YER029C,YMR012W,0,-1.7216833,0.09477464109659195,1.0,0.9582874774932861
YML034W,YJR001W,0,-1.723054,0.09476568549871445,1.0,0.9583874940872192
YKL199C,YGR061C,0,-1.7231784,0.09475672990083694,1.0,0.9584875702857971
YKL178C,YDR320C-A,0,-1.7241094,0.09474778175354004,1.0,0.9585875868797302
YDL109C,YIL136W,0,-1.7242024,0.09473883360624313,1.0,0.9586876034736633
YDL108W,YGL059W,0,-1.725903,0.09472988545894623,1.0,0.9587876200675964
YMR070W,YOR043W,0,-1.7269588,0.09472093731164932,1.0,0.9588876366615295
YKL198C,YGR272C,0,-1.7288766,0.09471198916435242,1.0,0.9589877128601074
YKL199C,YEL002C,0,-1.7295424,0.09470304846763611,1.0,0.9590877294540405
YKL199C,YDR224C,0,-1.7304213,0.0946941077709198,1.0,0.9591877460479736
YGL258W-A,YHR136C,0,-1.7305303,0.09468516707420349,1.0,0.9592877626419067
YCR096C,YGL258W-A,0,-1.7305303,0.09467623382806778,1.0,0.9593878388404846
YDL038C,YOR246C,0,-1.7305303,0.09466729313135147,1.0,0.9594878554344177
YOR391C,YGL258W-A,0,-1.7305303,0.09465835988521576,1.0,0.9595878720283508
YDL038C,YLR221C,0,-1.7305303,0.09464942663908005,1.0,0.9596878886222839
YDR018C,YOR396W,0,-1.7305303,0.09464050084352493,1.0,0.9597879648208618
YOR396W,YGR279C,0,-1.7305303,0.09463156759738922,1.0,0.9598879814147949
YMR312W,YGR272C,0,-1.7305303,0.0946226418018341,1.0,0.959987998008728
YDL038C,YHR140W,0,-1.7305303,0.09461371600627899,1.0,0.9600880146026611
YDL038C,YHR099W,0,-1.7305303,0.09460479021072388,1.0,0.9601880311965942
YDL038C,YDR511W,0,-1.7305303,0.09459587186574936,1.0,0.9602881073951721
YOR396W,YMR152W,0,-1.7305303,0.09458694607019424,1.0,0.9603881239891052
YGL106W,YOR396W,0,-1.7305303,0.09457802772521973,1.0,0.9604881405830383
YOR396W,YML063W,0,-1.7305303,0.09456910938024521,1.0,0.9605881571769714
YDL038C,YDR093W,0,-1.7305303,0.09456019848585129,1.0,0.9606882333755493
YDL038C,YLR099C,0,-1.7305303,0.09455128014087677,1.0,0.9607882499694824
YDL038C,YJR126C,0,-1.7305303,0.09454236924648285,1.0,0.9608882665634155
YDL038C,YDR003W,0,-1.7305303,0.09453345835208893,1.0,0.9609882831573486
YCR040W,YOR396W,0,-1.7305303,0.09452454745769501,1.0,0.9610882997512817
YDL038C,YDR096W,0,-1.7305303,0.09451564401388168,1.0,0.9611883759498596
YLR396C,YPR049C,0,-1.7307341,0.09450674057006836,1.0,0.9612883925437927
YBR050C,YER045C,0,-1.7314998,0.09449782967567444,1.0,0.9613884091377258
YPL281C,YMR208W,0,-1.7324728,0.09448893368244171,1.0,0.9614884257316589
YIR023W,YDR166C,0,-1.7338684,0.09448003023862839,1.0,0.9615885019302368
YPL206C,YPL121C,0,-1.7391539,0.09447113424539566,1.0,0.9616885185241699
YML113W,YMR042W,0,-1.7392182,0.09446223080158234,1.0,0.961788535118103
YDL205C,YAR007C,0,-1.7410345,0.09445333480834961,1.0,0.9618885517120361
YGL095C,YKR030W,0,-1.7502718,0.09444444626569748,1.0,0.9619885683059692
YNL077W,YDR318W,0,-1.753433,0.09443555027246475,1.0,0.9620886445045471
YBR123C,YDR038C,0,-1.7547023,0.09442666172981262,1.0,0.9621886610984802
YPL194W,YOL140W,0,-1.7555267,0.09441777318716049,1.0,0.9622886776924133
YJL044C,YBR291C,0,-1.75859,0.09440888464450836,1.0,0.9623886942863464
YPL143W,YKR105C,0,-1.7590742,0.09440000355243683,1.0,0.9624887704849243
YPR096C,YLR121C,0,-1.760853,0.0943911150097847,1.0,0.9625887870788574
YDL129W,YLR371W,0,-1.7629229,0.09438223391771317,1.0,0.9626888036727905
YMR094W,YDL030W,0,-1.7630002,0.09437335282564163,1.0,0.9627888202667236
YML077W,YOR039W,0,-1.7644513,0.0943644717335701,1.0,0.9628888368606567
YKR038C,YDL006W,0,-1.76623,0.09435559809207916,1.0,0.9629889130592346
YOR348C,YDR088C,0,-1.7689029,0.09434672445058823,1.0,0.9630889296531677
YML060W,YML087C,0,-1.7720757,0.09433785080909729,1.0,0.9631889462471008
YDR022C,YDL141W,0,-1.7730405,0.09432897716760635,1.0,0.9632889628410339
YML042W,YPL026C,0,-1.7730852,0.09432010352611542,1.0,0.9633890390396118
YLR318W,YNL101W,0,-1.775463,0.09431123733520508,1.0,0.9634890556335449
YMR100W,YNL158W,0,-1.7770839,0.09430237114429474,1.0,0.963589072227478
YGR104C,YKL011C,0,-1.7780498,0.0942935049533844,1.0,0.9636890888214111
YDR448W,YDR103W,0,-1.7811888,0.09428463876247406,1.0,0.963789165019989
YBL017C,YNL212W,0,-1.783514,0.09427578002214432,1.0,0.9638891816139221
YGR002C,YKL195W,0,-1.7840567,0.09426691383123398,1.0,0.9639891982078552
YKL173W,YNR020C,0,-1.7863104,0.09425805509090424,1.0,0.9640892148017883
YOR384W,YFL039C,0,-1.790112,0.09424920380115509,1.0,0.9641892313957214
YDR242W,YJR013W,0,-1.7934871,0.09424034506082535,1.0,0.9642893075942993
YPL051W,YKR105C,0,-1.7940804,0.0942314937710762,1.0,0.9643893241882324
YJL129C,YKL010C,0,-1.7955079,0.09422264248132706,1.0,0.9644893407821655
YDR334W,YDR443C,0,-1.7956209,0.09421379119157791,1.0,0.9645893573760986
YLR373C,YOL133W,0,-1.7972174,0.09420493990182877,1.0,0.9646894335746765
YOL105C,YPL060W,0,-1.8006853,0.09419609606266022,1.0,0.9647894501686096
YDR318W,YLL001W,0,-1.8029002,0.09418724477291107,1.0,0.9648894667625427
YCR009C,YPL258C,0,-1.8065455,0.09417840093374252,1.0,0.9649894833564758
YMR006C,YOL125W,0,-1.80707,0.09416956454515457,1.0,0.9650894999504089
YDR265W,YDR479C,0,-1.8074484,0.09416072070598602,1.0,0.9651895761489868
YML077W,YLR246W,0,-1.8087761,0.09415188431739807,1.0,0.9652895927429199
YER174C,YJR097W,0,-1.8110778,0.09414304792881012,1.0,0.965389609336853
YLR370C,YNR045W,0,-1.8121744,0.09413421154022217,1.0,0.9654896259307861
YNL206C,YLR126C,0,-1.8125279,0.09412537515163422,1.0,0.965589702129364
YBL017C,YJL019W,0,-1.813185,0.09411654621362686,1.0,0.9656897187232971
YDL108W,YOR075W,0,-1.8138059,0.09410770982503891,1.0,0.9657897353172302
YHR116W,YNL210W,0,-1.8148496,0.09409888088703156,1.0,0.9658897519111633
YOR348C,YHR207C,0,-1.81584,0.0940900593996048,1.0,0.9659897685050964
YOR233W,YML115C,0,-1.8165274,0.09408123046159744,1.0,0.9660898447036743
YHR206W,YLR172C,0,-1.8165708,0.09407240897417068,1.0,0.9661898612976074
YKL100C,YGL229C,0,-1.8177664,0.09406358748674393,1.0,0.9662898778915405
YDR011W,YDR288W,0,-1.8219159,0.09405476599931717,1.0,0.9663898944854736
YKL034W,YPR070W,0,-1.8222814,0.09404594451189041,1.0,0.9664899706840515
YHR052W,YML081C-A,0,-1.8249133,0.09403713047504425,1.0,0.9665899872779846
YLR373C,YER173W,0,-1.8264118,0.09402830898761749,1.0,0.9666900038719177
YDR126W,YKL034W,0,-1.8269408,0.09401949495077133,1.0,0.9667900204658508
YPL068C,YCL047C,0,-1.827886,0.09401068836450577,1.0,0.9668900966644287
YHR143W,YIR006C,0,-1.8309497,0.0940018743276596,1.0,0.9669901132583618
YLR238W,YPR042C,0,-1.8309679,0.09399306774139404,1.0,0.9670901298522949
YLR035C-A,YDR447C,0,-1.8325264,0.09398426115512848,1.0,0.967190146446228
YDR121W,YPL172C,0,-1.8332089,0.09397545456886292,1.0,0.9672901630401611
YLR373C,YLR370C,0,-1.8359647,0.09396664798259735,1.0,0.967390239238739
YNL159C,YCL027W,0,-1.836552,0.09395784884691238,1.0,0.9674902558326721
YBR058C,YML087C,0,-1.8389986,0.09394904226064682,1.0,0.9675902724266052
YDL141W,YCR077C,0,-1.8403755,0.09394024312496185,1.0,0.9676902890205383
YFL036W,YEL065W,0,-1.8423773,0.09393145143985748,1.0,0.9677903652191162
YHR160C,YNR022C,0,-1.8453264,0.09392265230417252,1.0,0.9678903818130493
YLR418C,YNR070W,0,-1.8468801,0.09391386061906815,1.0,0.9679903984069824
YIL084C,YBR185C,0,-1.8484509,0.09390506148338318,1.0,0.9680904150009155
YER029C,YGR159C,0,-1.848949,0.0938962772488594,1.0,0.9681904315948486
YER029C,YBR205W,0,-1.8491198,0.09388748556375504,1.0,0.9682905077934265
YDR448W,YOL157C,0,-1.8514688,0.09387869387865067,1.0,0.9683905243873596
YDR096W,YGR002C,0,-1.8523264,0.09386990964412689,1.0,0.9684905409812927
YBR175W,YOR067C,0,-1.8524528,0.09386112540960312,1.0,0.9685905575752258
YKL178C,YDR379W,0,-1.8527412,0.09385234117507935,1.0,0.9686906337738037
YMR043W,YDR239C,0,-1.8547113,0.09384356439113617,1.0,0.9687906503677368
YLR385C,YDR031W,0,-1.8556916,0.0938347801566124,1.0,0.9688906669616699
YHR206W,YPL051W,0,-1.8587644,0.09382600337266922,1.0,0.968990683555603
YJR066W,YMR070W,0,-1.8686953,0.09381722658872604,1.0,0.9690907001495361
YPR156C,YIL126W,0,-1.8689389,0.09380845725536346,1.0,0.969190776348114
YMR086W,YMR004W,0,-1.8699048,0.09379968047142029,1.0,0.9692907929420471
YCR039C,YER106W,0,-1.8751354,0.09379091113805771,1.0,0.9693908095359802
YOL067C,YEL016C,0,-1.877168,0.09378214180469513,1.0,0.9694908261299133
YMR070W,YPL281C,0,-1.8777232,0.09377337247133255,1.0,0.9695909023284912
YOR308C,YJR068W,0,-1.8802385,0.09376461058855057,1.0,0.9696909189224243
YOR290C,YDR239C,0,-1.8804734,0.09375584125518799,1.0,0.9697909355163574
YFR037C,YMR290C,0,-1.8809907,0.093747079372406,1.0,0.9698909521102905
YHR143W,YDR177W,0,-1.8865652,0.09373831748962402,1.0,0.9699909687042236
YDL231C,YDR379W,0,-1.8914698,0.09372955560684204,1.0,0.9700910449028015
YAL003W,YHR064C,0,-1.8924282,0.09372080117464066,1.0,0.9701910614967346
YJL019W,YGR162W,0,-1.8939486,0.09371204674243927,1.0,0.9702910780906677
YLR040C,YDR298C,0,-1.8952963,0.09370328485965729,1.0,0.9703910946846008
YDL192W,YOR290C,0,-1.8954165,0.0936945378780365,1.0,0.9704911708831787
YER029C,YDL109C,0,-1.8970934,0.09368578344583511,1.0,0.9705911874771118
YLR459W,YDR315C,0,-1.8993046,0.09367703646421432,1.0,0.9706912040710449
YHR207C,YLR385C,0,-1.8997338,0.09366828203201294,1.0,0.970791220664978
YGR292W,YCL055W,0,-1.9003955,0.09365953505039215,1.0,0.9708912968635559
YML043C,YGR002C,0,-1.9011033,0.09365079551935196,1.0,0.970991313457489
YOR181W,YNL306W,0,-1.9015962,0.09364204853773117,1.0,0.9710913300514221
YLR459W,YCL027W,0,-1.9032831,0.09363330900669098,1.0,0.9711913466453552
YGL021W,YKL011C,0,-1.9054474,0.09362456947565079,1.0,0.9712913632392883
YOR116C,YLL022C,0,-1.9137516,0.0936158299446106,1.0,0.9713914394378662
YMR042W,YPR019W,0,-1.9177722,0.0936070904135704,1.0,0.9714914560317993
YHR092C,YCL027W,0,-1.9213507,0.09359835833311081,1.0,0.9715914726257324
YCR072C,YLR304C,0,-1.9242413,0.09358962625265121,1.0,0.9716914892196655
YGL003C,YOR067C,0,-1.9268816,0.09358089417219162,1.0,0.9717915654182434
YDR060W,YPR019W,0,-1.9282788,0.09357216209173203,1.0,0.9718915820121765
YMR088C,YHR140W,0,-1.9304898,0.09356343001127243,1.0,0.9719915986061096
YLR266C,YNR007C,0,-1.9329897,0.09355470538139343,1.0,0.9720916152000427
YDR219C,YNL325C,0,-1.9331614,0.09354598075151443,1.0,0.9721916317939758
YHR092C,YPR019W,0,-1.9352661,0.09353725612163544,1.0,0.9722917079925537
YER029C,YCL069W,0,-1.935529,0.09352853149175644,1.0,0.9723917245864868
YPL194W,YMR198W,0,-1.943027,0.09351981431245804,1.0,0.9724917411804199
YDR478W,YBR273C,0,-1.9456344,0.09351109713315964,1.0,0.972591757774353
YGR241C,YNL325C,0,-1.9479098,0.09350237995386124,1.0,0.9726918339729309
YDR013W,YBR009C,0,-1.948416,0.09349366277456284,1.0,0.972791850566864
YGR026W,YPR047W,0,-1.9518123,0.09348494559526443,1.0,0.9728918671607971
YDL141W,YNL112W,0,-1.9533148,0.09347623586654663,1.0,0.9729918837547302
YDR448W,YER133W,0,-1.9549766,0.09346752613782883,1.0,0.9730919003486633
YGR274C,YGL229C,0,-1.9556392,0.09345881640911102,1.0,0.9731919765472412
YBR297W,YMR303C,0,-1.9593567,0.09345010668039322,1.0,0.9732919931411743
YML113W,YBR084W,0,-1.9626067,0.09344140440225601,1.0,0.9733920097351074
YGR156W,YIL136W,0,-1.9632223,0.09343269467353821,1.0,0.9734920263290405
YLR430W,YDL082W,0,-1.9651983,0.093423992395401,1.0,0.9735921025276184
YOL077C,YAR044W,0,-1.9673146,0.0934152901172638,1.0,0.9736921191215515
YHR206W,YDL043C,0,-1.9694729,0.09340659528970718,1.0,0.9737921357154846
YMR036C,YMR165C,0,-1.9698665,0.09339789301156998,1.0,0.9738921523094177
YER133W,YKL108W,0,-1.9721138,0.09338919818401337,1.0,0.9739921689033508
YCL031C,YGR272C,0,-1.972575,0.09338050335645676,1.0,0.9740922451019287
YKL088W,YJL090C,0,-1.9765224,0.09337180852890015,1.0,0.9741922616958618
YGL035C,YNL101W,0,-1.9771216,0.09336312115192413,1.0,0.9742922782897949
YNL210W,YNL306W,0,-1.9790312,0.09335443377494812,1.0,0.974392294883728
YNR070W,YBR185C,0,-1.9807422,0.09334573894739151,1.0,0.9744923710823059
YKL179C,YLR246W,0,-1.9807807,0.0933370590209961,1.0,0.974592387676239
YDR318W,YLR327C,0,-1.9858483,0.09332837164402008,1.0,0.9746924042701721
YLR035C-A,YGR075C,0,-1.9861928,0.09331968426704407,1.0,0.9747924208641052
YNL158W,YLR385C,0,-1.9869602,0.09331100434064865,1.0,0.9748924970626831
YJL041W,YOL157C,0,-1.987808,0.09330232441425323,1.0,0.9749925136566162
YCL063W,YOR066W,0,-1.9885347,0.09329364448785782,1.0,0.9750925302505493
YNR011C,YKL143W,0,-1.9901876,0.093284972012043,1.0,0.9751925468444824
YJL170C,YLR154C,0,-1.9904702,0.09327629208564758,1.0,0.9752925634384155
YFR041C,YOR143C,0,-1.9907979,0.09326761960983276,1.0,0.9753926396369934
YGR058W,YDR130C,0,-1.9940426,0.09325894713401794,1.0,0.9754926562309265
YBR237W,YHL019C,0,-1.9980506,0.09325028210878372,1.0,0.9755926728248596
YDR279W,YDR362C,0,-1.9995044,0.0932416096329689,1.0,0.9756926894187927
YMR198W,YBR231C,0,-2.001443,0.09323294460773468,1.0,0.9757927656173706
YHR046C,YKL011C,0,-2.004499,0.09322427958250046,1.0,0.9758927822113037
YDR170W-A,YHR167W,0,-2.006757,0.09321561455726624,1.0,0.9759927988052368
YJL157C,YNL308C,0,-2.0068917,0.09320694953203201,1.0,0.9760928153991699
YIR002C,YPR019W,0,-2.0083988,0.09319829195737839,1.0,0.976192831993103
YDR388W,YOR347C,0,-2.0138507,0.09318963438272476,1.0,0.9762929081916809
YGR009C,YPL123C,0,-2.01457,0.09318097680807114,1.0,0.976392924785614
YLR106C,YLR078C,0,-2.0212674,0.09317231923341751,1.0,0.9764929413795471
YOL005C,YGR006W,0,-2.0277286,0.09316366165876389,1.0,0.9765929579734802
YLR035C-A,YER180C,0,-2.0283556,0.09315501153469086,1.0,0.9766930341720581
YKL034W,YDR380W,0,-2.0311737,0.09314636141061783,1.0,0.9767930507659912
YOL105C,YOL103W,0,-2.0364652,0.0931377112865448,1.0,0.9768930673599243
YNL292W,YKL024C,0,-2.036982,0.09312906116247177,1.0,0.9769930839538574
YLR373C,YFR015C,0,-2.0378604,0.09312041848897934,1.0,0.9770931005477905
YDR228C,YER147C,0,-2.0390434,0.09311176836490631,1.0,0.9771931767463684
YLR040C,YHR099W,0,-2.03945,0.09310312569141388,1.0,0.9772931933403015
YLR035C-A,YGL090W,0,-2.0424366,0.09309448301792145,1.0,0.9773932099342346
YLR040C,YPR036W,0,-2.053234,0.09308584779500961,1.0,0.9774932265281677
YNL158W,YDR288W,0,-2.0532537,0.09307720512151718,1.0,0.9775933027267456
YLR147C,YPR032W,0,-2.054049,0.09306856989860535,1.0,0.9776933193206787
YGL095C,YOR233W,0,-2.0559943,0.09305993467569351,1.0,0.9777933359146118
YDR466W,YLR106C,0,-2.0562963,0.09305130690336227,1.0,0.9778933525085449
YLR373C,YDL085W,0,-2.06443,0.09304267168045044,1.0,0.977993369102478
YLR035C-A,YGR274C,0,-2.065803,0.0930340439081192,1.0,0.9780934453010559
YDR536W,YNL189W,0,-2.0701177,0.09302541613578796,1.0,0.978193461894989
YNL128W,YBR251W,0,-2.0795007,0.09301678836345673,1.0,0.9782934784889221
YJL073W,YOL002C,0,-2.0822644,0.09300816059112549,1.0,0.9783934950828552
YMR139W,YDR118W,0,-2.0828395,0.09299953281879425,1.0,0.9784935712814331
YKL178C,YMR127C,0,-2.0832162,0.09299091249704361,1.0,0.9785935878753662
YCL075W,YDR342C,0,-2.0867472,0.09298229217529297,1.0,0.9786936044692993
YML005W,YOR057W,0,-2.0884728,0.09297367185354233,1.0,0.9787936210632324
YML113W,YFR006W,0,-2.090343,0.09296505898237228,1.0,0.9788936972618103
YDR495C,YIR023W,0,-2.0924256,0.09295643866062164,1.0,0.9789937138557434
YPL195W,YML005W,0,-2.0940237,0.0929478257894516,1.0,0.9790937304496765
YDR038C,YDR447C,0,-2.0952826,0.09293921291828156,1.0,0.9791937470436096
YPR070W,YJL025W,0,-2.1026864,0.09293060004711151,1.0,0.9792937636375427
YLR439W,YDR038C,0,-2.1046665,0.09292199462652206,1.0,0.9793938398361206
YGL119W,YDR447C,0,-2.1065876,0.09291338920593262,1.0,0.9794938564300537
YHR160C,YLR438C-A,0,-2.106776,0.09290477633476257,1.0,0.9795938730239868
YGR292W,YPR036W,0,-2.1121163,0.09289617836475372,1.0,0.9796938896179199
YBR198C,YHR099W,0,-2.112977,0.09288757294416428,1.0,0.9797939658164978
YNL001W,YHR153C,0,-2.1147275,0.09287896752357483,1.0,0.9798939824104309
YOR391C,YPR184W,0,-2.1147628,0.09287036955356598,1.0,0.979993999004364
YMR128W,YDR093W,0,-2.1202135,0.09286177158355713,1.0,0.9800940155982971
YMR036C,YCR077C,0,-2.1234248,0.09285317361354828,1.0,0.9801940321922302
YJL157C,YER045C,0,-2.127071,0.09284458309412003,1.0,0.9802941083908081
YOR233W,YLR010C,0,-2.1342955,0.09283598512411118,1.0,0.9803941249847412
YER091C,YAR018C,0,-2.134784,0.09282739460468292,1.0,0.9804941415786743
YPL281C,YBL023C,0,-2.1370187,0.09281880408525467,1.0,0.9805941581726074
YOR224C,YAL043C,0,-2.1387763,0.09281021356582642,1.0,0.9806942343711853
YLR035C-A,YDL130W,0,-2.138957,0.09280163049697876,1.0,0.9807942509651184
YHR027C,YOL072W,0,-2.1463773,0.0927930399775505,1.0,0.9808942675590515
YFL036W,YBR097W,0,-2.1474159,0.09278445690870285,1.0,0.9809942841529846
YLR035C-A,YPR031W,0,-2.150022,0.0927758738398552,1.0,0.9810943007469177
YPL281C,YDR158W,0,-2.1520436,0.09276729822158813,1.0,0.9811943769454956
YHL044W,YPR098C,0,-2.1535678,0.09275871515274048,1.0,0.9812943935394287
YCL063W,YJR160C,0,-2.154554,0.09275013953447342,1.0,0.9813944101333618
YHR172W,YOR039W,0,-2.1550517,0.09274156391620636,1.0,0.9814944267272949
YDR170W-A,YNL244C,0,-2.1552737,0.0927329882979393,1.0,0.9815945029258728
YNL311C,YNL119W,0,-2.1568286,0.09272441267967224,1.0,0.9816945195198059
YDR170W-A,YBL069W,0,-2.1589231,0.09271584451198578,1.0,0.981794536113739
YKL179C,YIL126W,0,-2.1595054,0.09270727634429932,1.0,0.9818945527076721
YMR043W,YDR320C-A,0,-2.159647,0.09269870817661285,1.0,0.9819945693016052
YKL108W,YOL002C,0,-2.160502,0.09269014000892639,1.0,0.9820946455001831
YHR076W,YGR071C,0,-2.1630313,0.09268157184123993,1.0,0.9821946620941162
YOR348C,YKL179C,0,-2.1636078,0.09267301112413406,1.0,0.9822946786880493
YNL291C,YPL153C,0,-2.1639686,0.0926644504070282,1.0,0.9823946952819824
YEL013W,YPL033C,0,-2.1670017,0.09265588968992233,1.0,0.9824947714805603
YNL210W,YML081C-A,0,-2.1676402,0.09264732897281647,1.0,0.9825947880744934
YIL084C,YPR047W,0,-2.1703022,0.0926387757062912,1.0,0.9826948046684265
YNL188W,YKR105C,0,-2.1705842,0.09263021498918533,1.0,0.9827948212623596
YNL158W,YGR071C,0,-2.1829803,0.09262166172266006,1.0,0.9828948974609375
YDL192W,YOR391C,0,-2.1831307,0.0926131084561348,1.0,0.9829949140548706
YMR088C,YGR218W,0,-2.1858506,0.09260456264019012,1.0,0.9830949306488037
YER036C,YGR076C,0,-2.1863327,0.09259600937366486,1.0,0.9831949472427368
YMR006C,YDR298C,0,-2.1914594,0.09258746355772018,1.0,0.9832949638366699
YDR170W-A,YLR192C,0,-2.1939163,0.09257891774177551,1.0,0.9833950400352478
YDL101C,YDL195W,0,-2.1940107,0.09257037192583084,1.0,0.9834950566291809
YOL005C,YPL159C,0,-2.1967018,0.09256183356046677,1.0,0.983595073223114
YBR156C,YPR054W,0,-2.1968226,0.0925532877445221,1.0,0.9836950898170471
YJR066W,YOR348C,0,-2.1976674,0.09254474937915802,1.0,0.983795166015625
YHR206W,YPL153C,0,-2.2004895,0.09253621101379395,1.0,0.9838951826095581
YPL051W,YIR015W,0,-2.2035086,0.09252767264842987,1.0,0.9839951992034912
YBR058C,YPL186C,0,-2.2135615,0.09251914173364639,1.0,0.9840952157974243
YBR296C,YOL147C,0,-2.2164824,0.09251060336828232,1.0,0.9841952323913574
YGR263C,YDR130C,0,-2.2186282,0.09250207245349884,1.0,0.9842953085899353
YGR071C,YAR044W,0,-2.2193966,0.09249354153871536,1.0,0.9843953251838684
YOR373W,YBL074C,0,-2.2201552,0.09248501807451248,1.0,0.9844953417778015
YMR223W,YGR272C,0,-2.2336016,0.092476487159729,1.0,0.9845953583717346
YGR026W,YOR092W,0,-2.2341337,0.09246796369552612,1.0,0.9846954345703125
YBR245C,YDR101C,0,-2.2381492,0.09245944023132324,1.0,0.9847954511642456
YLR106C,YFR006W,0,-2.2382796,0.09245091676712036,1.0,0.9848954677581787
YGL173C,YPR070W,0,-2.2401514,0.09244239330291748,1.0,0.9849954843521118
YDL114W,YNL012W,0,-2.2465942,0.0924338772892952,1.0,0.9850955009460449
YDL101C,YPL172C,0,-2.2475817,0.09242536127567291,1.0,0.9851955771446228
YGR026W,YDR134C,0,-2.2491992,0.09241684526205063,1.0,0.9852955937385559
YOL005C,YOL125W,0,-2.2498746,0.09240832924842834,1.0,0.985395610332489
YIR015W,YOR396W,0,-2.2509756,0.09239981323480606,1.0,0.9854956269264221
YBR245C,YOR396W,0,-2.2509756,0.09239130467176437,1.0,0.985595703125
YBR030W,YOR396W,0,-2.2509756,0.09238279610872269,1.0,0.9856957197189331
YBL093C,YOR396W,0,-2.2509756,0.092374287545681,1.0,0.9857957363128662
YNL136W,YGR272C,0,-2.2523956,0.09236577898263931,1.0,0.9858957529067993
YOL003C,YDR533C,0,-2.2577462,0.09235727787017822,1.0,0.9859957695007324
YDR501W,YER082C,0,-2.2582884,0.09234876930713654,1.0,0.9860958456993103
YER114C,YOR076C,0,-2.2603364,0.09234026819467545,1.0,0.9861958622932434
YOL152W,YLR038C,0,-2.2638907,0.09233176708221436,1.0,0.9862958788871765
YOR233W,YGR062C,0,-2.2647338,0.09232326596975327,1.0,0.9863958954811096
YGR241C,YML042W,0,-2.2718294,0.09231477230787277,1.0,0.9864959716796875
YMR043W,YPL226W,0,-2.2744594,0.09230627864599228,1.0,0.9865959882736206
YLR385C,YBR214W,0,-2.2780561,0.09229778498411179,1.0,0.9866960048675537
YPL258C,YNL213C,0,-2.2814178,0.09228929132223129,1.0,0.9867960214614868
YOR348C,YBR097W,0,-2.282157,0.0922807976603508,1.0,0.9868960976600647
YNL039W,YOL007C,0,-2.2842553,0.0922723114490509,1.0,0.9869961142539978
YLR035C-A,YPR073C,0,-2.2916017,0.09226381778717041,1.0,0.9870961308479309
YMR043W,YHR036W,0,-2.292962,0.09225533157587051,1.0,0.987196147441864
YLR098C,YNL101W,0,-2.299048,0.09224685281515121,1.0,0.9872961640357971
YBR123C,YNL188W,0,-2.2993226,0.09223836660385132,1.0,0.987396240234375
YBL054W,YNL146W,0,-2.3058214,0.09222988784313202,1.0,0.9874962568283081
YHR160C,YGR218W,0,-2.3175433,0.09222140163183212,1.0,0.9875962734222412
YJL048C,YBR289W,0,-2.3182707,0.09221292287111282,1.0,0.9876962900161743
YGR104C,YOR257W,0,-2.3191328,0.09220445156097412,1.0,0.9877963662147522
YDR170W-A,YMR290C,0,-2.3198924,0.09219597280025482,1.0,0.9878963828086853
YNL330C,YOL072W,0,-2.3244581,0.09218750149011612,1.0,0.9879963994026184
YJR066W,YDL231C,0,-2.3315065,0.09217903017997742,1.0,0.9880964159965515
YEL064C,YDR393W,0,-2.342662,0.09217055886983871,1.0,0.9881964325904846
YLR074C,YOR014W,0,-2.3431911,0.09216208755970001,1.0,0.9882965087890625
YBR156C,YLR035C-A,0,-2.3552241,0.0921536237001419,1.0,0.9883965253829956
YNL159C,YDR436W,0,-2.3562984,0.0921451523900032,1.0,0.9884965419769287
YDL138W,YGR071C,0,-2.3585896,0.0921366885304451,1.0,0.9885965585708618
YPL258C,YHR023W,0,-2.3617098,0.092128224670887,1.0,0.9886966347694397
YDR242W,YML077W,0,-2.3628602,0.09211976826190948,1.0,0.9887966513633728
YKL178C,YPL177C,0,-2.3787837,0.09211130440235138,1.0,0.9888966679573059
YIR015W,YOL080C,0,-2.3869095,0.09210284799337387,1.0,0.988996684551239
YDR033W,YGL090W,0,-2.3872688,0.09209439158439636,1.0,0.9890967011451721
YMR043W,YKL143W,0,-2.3999887,0.09208593517541885,1.0,0.98919677734375
YJR065C,YDR387C,0,-2.400639,0.09207747876644135,1.0,0.9892967939376831
YHL044W,YIL124W,0,-2.405581,0.09206902980804443,1.0,0.9893968105316162
YOL080C,YMR012W,0,-2.4056265,0.09206058084964752,1.0,0.9894968271255493
YDR170W-A,YHL047C,0,-2.4104238,0.09205213189125061,1.0,0.9895969033241272
YDR170W-A,YDR101C,0,-2.4159653,0.0920436829328537,1.0,0.9896969199180603
YKL135C,YPR019W,0,-2.4163852,0.09203523397445679,1.0,0.9897969365119934
YMR094W,YDR501W,0,-2.419848,0.09202679246664047,1.0,0.9898969531059265
YCL069W,YML048W,0,-2.4256458,0.09201835095882416,1.0,0.9899969696998596
YNL012W,YNL151C,0,-2.426255,0.09200990945100784,1.0,0.9900970458984375
YMR088C,YIL034C,0,-2.4363647,0.09200146794319153,1.0,0.9901970624923706
YGR274C,YDR247W,0,-2.4412994,0.09199302643537521,1.0,0.9902970790863037
YDR170W-A,YAL035W,0,-2.4436896,0.0919845923781395,1.0,0.9903970956802368
YPR070W,YPR096C,0,-2.446097,0.09197615832090378,1.0,0.9904971718788147
YDR536W,YNL191W,0,-2.4474785,0.09196772426366806,1.0,0.9905971884727478
YPR122W,YMR285C,0,-2.452147,0.09195929020643234,1.0,0.9906972050666809
YBR123C,YGL155W,0,-2.469381,0.09195086359977722,1.0,0.990797221660614
YBR237W,YLR147C,0,-2.4698362,0.0919424295425415,1.0,0.9908972978591919
YDL108W,YDR130C,0,-2.4718158,0.09193400293588638,1.0,0.990997314453125
YJR060W,YCR037C,0,-2.475436,0.09192557632923126,1.0,0.9910973310470581
YKL059C,YDR400W,0,-2.475661,0.09191715717315674,1.0,0.9911973476409912
YGR104C,YPL214C,0,-2.4758697,0.09190873056650162,1.0,0.9912973642349243
YLR045C,YPR096C,0,-2.485067,0.0919003114104271,1.0,0.9913974404335022
YNL311C,YGL206C,0,-2.4875135,0.09189189225435257,1.0,0.9914974570274353
YPR070W,YPR108W,0,-2.4879694,0.09188347309827805,1.0,0.9915974736213684
YMR042W,YFR005C,0,-2.497346,0.09187505394220352,1.0,0.9916974902153015
YCR094W,YOR211C,0,-2.498764,0.0918666422367096,1.0,0.9917975664138794
YLR373C,YNL191W,0,-2.518479,0.09185823053121567,1.0,0.9918975830078125
YFL036W,YNL101W,0,-2.549261,0.09184981882572174,1.0,0.9919975996017456
YLR106C,YPR122W,0,-2.5508578,0.09184140712022781,1.0,0.9920976161956787
YBR289W,YKL034W,0,-2.5515957,0.09183299541473389,1.0,0.9921976327896118
YBR289W,YGR194C,0,-2.5538821,0.09182459115982056,1.0,0.9922977089881897
YCL069W,YGL249W,0,-2.5583758,0.09181618690490723,1.0,0.9923977255821228
YHR076W,YBL054W,0,-2.563369,0.0918077826499939,1.0,0.9924977421760559
YER114C,YMR287C,0,-2.5639064,0.09179937839508057,1.0,0.992597758769989
YDR242W,YFR006W,0,-2.5756607,0.09179097414016724,1.0,0.9926978349685669
YHR206W,YLR439W,0,-2.5996017,0.0917825773358345,1.0,0.9927978515625
YOR381W,YPL019C,0,-2.6098053,0.09177418053150177,1.0,0.9928978681564331
YJR058C,YJL025W,0,-2.6148949,0.09176578372716904,1.0,0.9929978847503662
YIL150C,YGR008C,0,-2.6168985,0.0917573869228363,1.0,0.9930979013442993
YHR153C,YEL016C,0,-2.6191087,0.09174899011850357,1.0,0.9931979775428772
YDR014W,YGR189C,0,-2.6252778,0.09174060076475143,1.0,0.9932979941368103
YMR223W,YOL080C,0,-2.6331391,0.0917322114109993,1.0,0.9933980107307434
YLR373C,YLR467W,0,-2.6361094,0.09172382205724716,1.0,0.9934980273246765
YOL105C,YPR186C,0,-2.6398015,0.09171543270349503,1.0,0.9935981035232544
YMR070W,YKL034W,0,-2.6560993,0.09170705080032349,1.0,0.9936981201171875
YOR179C,YFR037C,0,-2.6600752,0.09169866889715195,1.0,0.9937981367111206
YDR011W,YCR098C,0,-2.6663094,0.09169027954339981,1.0,0.9938981533050537
YPR049C,YCL063W,0,-2.6671796,0.09168189764022827,1.0,0.9939981698989868
YKL108W,YDR421W,0,-2.6752026,0.09167352318763733,1.0,0.9940982460975647
YBR123C,YDL112W,0,-2.6800842,0.09166514128446579,1.0,0.9941982626914978
YHR031C,YKL088W,0,-2.681589,0.09165676683187485,1.0,0.9942982792854309
YKL173W,YMR282C,0,-2.6845498,0.0916483923792839,1.0,0.994398295879364
YHR092C,YML113W,0,-2.6851027,0.09164001792669296,1.0,0.9944983720779419
YNR008W,YNL101W,0,-2.686212,0.09163164347410202,1.0,0.994598388671875
YMR043W,YHR010W,0,-2.6872556,0.09162327647209167,1.0,0.9946984052658081
YMR043W,YGL039W,0,-2.6906567,0.09161490947008133,1.0,0.9947984218597412
YIR012W,YAL021C,0,-2.6908,0.09160654246807098,1.0,0.9948984980583191
YLR385C,YDL008W,0,-2.691977,0.09159817546606064,1.0,0.9949985146522522
YHR092C,YPR178W,0,-2.695748,0.09158980846405029,1.0,0.9950985312461853
YMR282C,YOL077C,0,-2.7002616,0.09158144891262054,1.0,0.9951985478401184
YOR381W,YOL103W,0,-2.7052813,0.0915730819106102,1.0,0.9952985644340515
YFR037C,YLR035C-A,0,-2.7088766,0.09156472235918045,1.0,0.9953986406326294
YBR123C,YDR265W,0,-2.7122612,0.0915563702583313,1.0,0.9954986572265625
YDR126W,YER173W,0,-2.7353868,0.09154801070690155,1.0,0.9955986738204956
YOR308C,YER148W,0,-2.7371511,0.0915396586060524,1.0,0.9956986904144287
YDR033W,YNR008W,0,-2.7704358,0.09153129905462265,1.0,0.9957987666130066
YHR206W,YDR018C,0,-2.7735605,0.0915229469537735,1.0,0.9958987832069397
YLR158C,YNL189W,0,-2.7991476,0.09151459485292435,1.0,0.9959987998008728
YOR116C,YPL060W,0,-2.8105173,0.09150625020265579,1.0,0.9960988163948059
YLR385C,YBR166C,0,-2.8190002,0.09149790555238724,1.0,0.996198832988739
YLR385C,YDR166C,0,-2.8613205,0.09148955345153809,1.0,0.9962989091873169
YDR279W,YPL060W,0,-2.8675964,0.09148120880126953,1.0,0.99639892578125
YER114C,YKL140W,0,-2.8699892,0.09147287160158157,1.0,0.9964989423751831
YJL008C,YNL289W,0,-2.8977714,0.09146452695131302,1.0,0.9965989589691162
YPR049C,YLR238W,0,-2.9120038,0.09145618975162506,1.0,0.9966990351676941
YMR094W,YGL084C,0,-2.9467745,0.0914478451013565,1.0,0.9967990517616272
YNR008W,YMR201C,0,-2.949575,0.09143950790166855,1.0,0.9968990683555603
YIR006C,YDL112W,0,-2.9552503,0.09143117815256119,1.0,0.9969990849494934
YJR060W,YNL061W,0,-2.9929538,0.09142284095287323,1.0,0.9970991015434265
YHR031C,YDR315C,0,-3.0018635,0.09141451120376587,1.0,0.9971991777420044
YMR094W,YOR386W,0,-3.0144699,0.09140618145465851,1.0,0.9972991943359375
YML113W,YOR150W,0,-3.0181227,0.09139785170555115,1.0,0.9973992109298706
YLR106C,YDR166C,0,-3.051738,0.09138952195644379,1.0,0.9974992275238037
YEL064C,YJR075W,0,-3.0543044,0.09138119220733643,1.0,0.9975993037223816
YPR049C,YML009C,0,-3.0648103,0.09137286990880966,1.0,0.9976993203163147
YGR104C,YOR066W,0,-3.093432,0.0913645476102829,1.0,0.9977993369102478
YHR206W,YKL059C,0,-3.103674,0.09135622531175613,1.0,0.9978993535041809
YBL037W,YNL151C,0,-3.175644,0.09134790301322937,1.0,0.997999370098114
YLR106C,YAL021C,0,-3.1860616,0.0913395881652832,1.0,0.9980994462966919
YBR030W,YBR297W,0,-3.224618,0.09133126586675644,1.0,0.998199462890625
YGR002C,YOR233W,0,-3.2487464,0.09132295101881027,1.0,0.9982994794845581
YDR117C,YOL072W,0,-3.3205395,0.0913146361708641,1.0,0.9983994960784912
YDL085W,YDR393W,0,-3.376265,0.09130632877349854,1.0,0.9984995722770691
YBR009C,YHR186C,0,-3.432127,0.09129801392555237,1.0,0.9985995888710022
YDR101C,YHL004W,0,-3.4738805,0.0912897065281868,1.0,0.9986996054649353
YER114C,YJR060W,0,-3.521226,0.09128139913082123,1.0,0.9987996220588684
YHR206W,YER027C,0,-3.5547218,0.09127309173345566,1.0,0.9988996982574463
YPR049C,YGL168W,0,-3.55615,0.09126478433609009,1.0,0.9989997148513794
YMR043W,YOR233W,0,-3.572287,0.09125648438930511,1.0,0.9990997314453125
YMR247C,YNR045W,0,-3.5998073,0.09124817699193954,1.0,0.9991997480392456
YDL101C,YPR070W,0,-3.60501,0.09123987704515457,1.0,0.9992997646331787
YBR166C,YMR204C,0,-3.7105553,0.0912315845489502,1.0,0.9993998408317566
YBR237W,YMR281W,0,-3.823079,0.09122328460216522,1.0,0.9994998574256897
YPR122W,YLL035W,0,-3.894807,0.09121498465538025,1.0,0.9995998740196228
YGR071C,YGL155W,0,-3.9965782,0.09120669215917587,1.0,0.9996998906135559
YOR047C,YER027C,0,-4.1889973,0.0911983996629715,1.0,0.9997999668121338
YHR206W,YDR322W,0,-4.2129536,0.09119010716676712,1.0,0.9998999834060669
YDR224C,YIL112W,0,-4.662093,0.09118181467056274,1.0,1.0
