Gene A,Gene B,Label,Score,Precision,Recall,False Positive Rate
YIL139C,YKL189W,0,5.8255243,0.0,0.0,0.00015015015378594398
YIR025W,YNL290W,1,5.678866,0.5,0.0015015015378594398,0.00015015015378594398
YGR179C,YDR260C,1,5.0645556,0.6666666865348816,0.0030030030757188797,0.00015015015378594398
YDL028C,YFR036W,1,4.8596773,0.75,0.0045045046135783195,0.00015015015378594398
YMR117C,YDL028C,1,4.7997007,0.800000011920929,0.006006006151437759,0.00015015015378594398
YMR117C,YMR078C,1,4.7904596,0.8333333134651184,0.007507507689297199,0.00015015015378594398
YDR082W,YIL159W,0,4.7744646,0.7142857313156128,0.007507507689297199,0.00030030030757188797
YMR117C,YIL132C,1,4.7161407,0.75,0.009009009227156639,0.00030030030757188797
YNL172W,YMR078C,1,4.7055645,0.7777777910232544,0.010510510765016079,0.00030030030757188797
YDR285W,YOL104C,1,4.6844053,0.800000011920929,0.012012012302875519,0.00030030030757188797
YMR117C,YLR321C,1,4.6790767,0.8181818127632141,0.013513513840734959,0.00030030030757188797
YDL107W,YKR019C,0,4.6631737,0.75,0.013513513840734959,0.00045045046135783195
YPL200W,YOL104C,1,4.6604943,0.7692307829856873,0.015015015378594398,0.00045045046135783195
YNL172W,YDL028C,1,4.6578693,0.7857142686843872,0.016516515985131264,0.00045045046135783195
YNL172W,YPR135W,1,4.5825844,0.800000011920929,0.018018018454313278,0.00045045046135783195
YOL070C,YNL298W,0,4.577078,0.75,0.018018018454313278,0.0006006006151437759
YBR274W,YCL024W,0,4.5503497,0.7058823704719543,0.018018018454313278,0.0007507507689297199
YPL200W,YMR078C,1,4.5447445,0.7222222089767456,0.019519519060850143,0.0007507507689297199
YNL172W,YDR285W,1,4.5339813,0.7368420958518982,0.021021021530032158,0.0007507507689297199
YLR394W,YOL104C,1,4.5194006,0.75,0.022522522136569023,0.0007507507689297199
YNL172W,YJR112W,1,4.5121074,0.761904776096344,0.024024024605751038,0.0007507507689297199
YDL028C,YDR260C,1,4.447102,0.7727272510528564,0.025525525212287903,0.0007507507689297199
YMR117C,YOL104C,1,4.4433336,0.782608687877655,0.027027027681469917,0.0007507507689297199
YKL090W,YHR168W,0,4.4399033,0.75,0.027027027681469917,0.0009009009227156639
YJR055W,YER104W,0,4.424158,0.7200000286102295,0.027027027681469917,0.001051051076501608
YGL083W,YDR059C,0,4.396851,0.692307710647583,0.027027027681469917,0.0012012012302875519
YNL172W,YDR260C,1,4.3945165,0.7037037014961243,0.028528528288006783,0.0012012012302875519
YNL172W,YKL022C,1,4.3944564,0.7142857313156128,0.030030030757188797,0.0012012012302875519
YMR228W,YPR152C,0,4.352787,0.6896551847457886,0.030030030757188797,0.0013513513840734959
YIR025W,YOL104C,1,4.3265634,0.699999988079071,0.03153153136372566,0.0013513513840734959
YOR388C,YOR180C,0,4.2905507,0.6774193644523621,0.03153153136372566,0.0015015015378594398
YIR025W,YLR394W,1,4.290141,0.6875,0.03303303197026253,0.0015015015378594398
YIL139C,YDR403W,0,4.2877245,0.6666666865348816,0.03303303197026253,0.0016516516916453838
YKR101W,YPR060C,0,4.2665453,0.6470588445663452,0.03303303197026253,0.0018018018454313278
YKL130C,YDL170W,0,4.2563705,0.6285714507102966,0.03303303197026253,0.0019519519992172718
YDL028C,YMR078C,1,4.2419357,0.6388888955116272,0.03453453630208969,0.0019519519992172718
YMR078C,YIL132C,1,4.2275314,0.6486486196517944,0.036036036908626556,0.0019519519992172718
YMR078C,YNR010W,1,4.202444,0.6578947305679321,0.03753753751516342,0.0019519519992172718
YFR036W,YDR260C,1,4.160511,0.6666666865348816,0.03903903812170029,0.0019519519992172718
YDL028C,YKL022C,1,4.1538525,0.675000011920929,0.04054053872823715,0.0019519519992172718
YPL200W,YDR285W,1,4.099575,0.6829268336296082,0.042042043060064316,0.0019519519992172718
YPR135W,YLR394W,1,4.077398,0.6904761791229248,0.04354354366660118,0.0019519519992172718
YKL090W,YMR227C,0,4.0645823,0.6744186282157898,0.04354354366660118,0.002102102153003216
YNL273W,YMR078C,1,4.0493064,0.6818181872367859,0.045045044273138046,0.002102102153003216
YIR025W,YAL031C,1,4.034581,0.6888889074325562,0.04654654487967491,0.002102102153003216
YNL172W,YNL262W,1,4.009883,0.695652186870575,0.048048049211502075,0.002102102153003216
YGR179C,YFR036W,1,3.9996223,0.7021276354789734,0.04954954981803894,0.002102102153003216
YDR079W,YIL061C,0,3.9986591,0.6875,0.04954954981803894,0.0022522523067891598
YDR285W,YGR179C,1,3.989191,0.6938775777816772,0.051051050424575806,0.0022522523067891598
YMR078C,YJR112W,1,3.9798846,0.699999988079071,0.05255255103111267,0.0022522523067891598
YER101C,YML109W,0,3.9725995,0.686274528503418,0.05255255103111267,0.0024024024605751038
YMR117C,YIR025W,1,3.971486,0.692307710647583,0.054054055362939835,0.0024024024605751038
YLR394W,YGR179C,1,3.963257,0.698113203048706,0.0555555559694767,0.0024024024605751038
YNL172W,YNL273W,1,3.9628043,0.7037037014961243,0.057057056576013565,0.0024024024605751038
YNL172W,YBL079W,1,3.9396307,0.7090908885002136,0.05855855718255043,0.0024024024605751038
YIL132C,YDR260C,1,3.9393387,0.7142857313156128,0.060060061514377594,0.0024024024605751038
YIR025W,YNL262W,1,3.9206033,0.719298243522644,0.06156156212091446,0.0024024024605751038
YDR254W,YIL132C,1,3.9195485,0.7241379022598267,0.06306306272745132,0.0024024024605751038
YPL200W,YIL132C,1,3.9177907,0.7288135886192322,0.06456456333398819,0.0024024024605751038
YKL090W,YER171W,0,3.9155393,0.7166666388511658,0.06456456333398819,0.0025525526143610477
YCL024W,YDR195W,0,3.914276,0.7049180269241333,0.06456456333398819,0.0027027027681469917
YIR025W,YPR135W,1,3.9051814,0.7096773982048035,0.06606606394052505,0.0027027027681469917
YIR025W,YIL132C,1,3.9018767,0.7142857313156128,0.06756756454706192,0.0027027027681469917
YLR383W,YBR095C,0,3.8963654,0.703125,0.06756756454706192,0.0028528529219329357
YDL028C,YGR179C,1,3.8928347,0.7076923251152039,0.06906907260417938,0.0028528529219329357
YIR025W,YNL273W,1,3.884983,0.7121211886405945,0.07057057321071625,0.0028528529219329357
YJR119C,YPL112C,0,3.883724,0.7014925479888916,0.07057057321071625,0.0030030030757188797
YPL122C,YLR316C,0,3.8830438,0.6911764740943909,0.07057057321071625,0.0031531532295048237
YNL172W,YGR179C,1,3.8795772,0.695652186870575,0.07207207381725311,0.0031531532295048237
YMR117C,YDR285W,1,3.8697596,0.699999988079071,0.07357357442378998,0.0031531532295048237
YPR135W,YMR078C,1,3.8558125,0.7042253613471985,0.07507507503032684,0.0031531532295048237
YDL216C,YDR159W,0,3.8535526,0.6944444179534912,0.07507507503032684,0.0033033033832907677
YPR111W,YGR169C,0,3.8172193,0.6849315166473389,0.07507507503032684,0.0034534535370767117
YLL004W,YMR025W,0,3.806268,0.6756756901741028,0.07507507503032684,0.0036036036908626556
YMR117C,YPL200W,1,3.801251,0.6800000071525574,0.07657657563686371,0.0036036036908626556
YBR223C,YHR061C,0,3.7985237,0.6710526347160339,0.07657657563686371,0.0037537538446485996
YNL172W,YIL132C,1,3.7949164,0.6753246784210205,0.07807807624340057,0.0037537538446485996
YML097C,YPR119W,0,3.7917821,0.6666666865348816,0.07807807624340057,0.0039039039984345436
YMR117C,YDR254W,1,3.776669,0.6708860993385315,0.07957957684993744,0.0039039039984345436
YDR369C,YMR240C,0,3.7722273,0.6625000238418579,0.07957957684993744,0.004054054152220488
YJL071W,YMR179W,0,3.7670376,0.654321014881134,0.07957957684993744,0.004204204306006432
YBR020W,YMR137C,0,3.7665887,0.6463414430618286,0.07957957684993744,0.0043543544597923756
YDR285W,YMR078C,1,3.7645433,0.650602400302887,0.0810810774564743,0.0043543544597923756
YDL028C,YIL132C,1,3.758431,0.6547619104385376,0.08258258551359177,0.0043543544597923756
YLR394W,YNR010W,1,3.7581744,0.658823549747467,0.08408408612012863,0.0043543544597923756
YER151C,YML049C,0,3.753825,0.6511628031730652,0.08408408612012863,0.0045045046135783195
YER175C,YDR404C,0,3.7453837,0.6436781883239746,0.08408408612012863,0.0046546547673642635
YPR171W,YMR172W,0,3.7453792,0.6363636255264282,0.08408408612012863,0.0048048049211502075
YMR168C,YIL132C,1,3.7451932,0.6404494643211365,0.0855855867266655,0.0048048049211502075
YMR078C,YDR260C,1,3.727895,0.644444465637207,0.08708708733320236,0.0048048049211502075
YNL172W,YFR036W,1,3.7260592,0.6483516693115234,0.08858858793973923,0.0048048049211502075
YDR174W,YNL304W,0,3.7179658,0.6413043737411499,0.08858858793973923,0.0049549550749361515
YDL245C,YNR028W,0,3.7137713,0.6344085931777954,0.08858858793973923,0.0051051052287220955
YPL099C,YOR351C,0,3.7131455,0.6276595592498779,0.08858858793973923,0.0052552553825080395
YNL273W,YJR112W,1,3.6989374,0.6315789222717285,0.09009008854627609,0.0052552553825080395
YGR179C,YIL132C,1,3.693136,0.6354166865348816,0.09159158915281296,0.0052552553825080395
YDR082W,YLR380W,0,3.6838045,0.6288659572601318,0.09159158915281296,0.0054054055362939835
YGR179C,YKL022C,1,3.6788952,0.6326530575752258,0.09309308975934982,0.0054054055362939835
YGR167W,YMR218C,0,3.6715674,0.6262626051902771,0.09309308975934982,0.0055555556900799274
YJR138W,YAL024C,0,3.6579907,0.6200000047683716,0.09309308975934982,0.005705705843865871
YDL028C,YNL290W,1,3.6374333,0.6237623691558838,0.09459459781646729,0.005705705843865871
YIL061C,YDR389W,0,3.6338925,0.6176470518112183,0.09459459781646729,0.005855855997651815
YIR025W,YGR179C,1,3.6276336,0.6213592290878296,0.09609609842300415,0.005855855997651815
YMR078C,YNL262W,1,3.6169963,0.625,0.09759759902954102,0.005855855997651815
YOL066C,YNL309W,0,3.6157756,0.6190476417541504,0.09759759902954102,0.006006006151437759
YMR019W,YHR059W,0,3.6082883,0.6132075190544128,0.09759759902954102,0.006156156305223703
YMR172W,YNL219C,0,3.6074944,0.6074766516685486,0.09759759902954102,0.006306306459009647
YPR200C,YHR059W,0,3.6011167,0.6018518805503845,0.09759759902954102,0.006456456612795591
YNL273W,YIL132C,1,3.5982826,0.60550457239151,0.09909909963607788,0.006456456612795591
YNL290W,YDR260C,1,3.597573,0.6090909242630005,0.10060060024261475,0.006456456612795591
YPR135W,YOL104C,1,3.596615,0.6126126050949097,0.10210210084915161,0.006456456612795591
YKL022C,YFR036W,1,3.590687,0.6160714030265808,0.10360360145568848,0.006456456612795591
YMR117C,YNL273W,1,3.587653,0.6194690465927124,0.10510510206222534,0.006456456612795591
YOR159C,YJR138W,0,3.5873225,0.6140350699424744,0.10510510206222534,0.006606606766581535
YOL141W,YBR294W,0,3.5843272,0.6086956262588501,0.10510510206222534,0.006756756920367479
YIL128W,YJL095W,0,3.574823,0.6034482717514038,0.10510510206222534,0.006906907074153423
YOR301W,YDR403W,0,3.5660434,0.5982906222343445,0.10510510206222534,0.007057057227939367
YNL290W,YGL190C,1,3.5628502,0.6016949415206909,0.1066066101193428,0.007057057227939367
YDR416W,YCR002C,0,3.5598254,0.5966386795043945,0.1066066101193428,0.007207207381725311
YNL172W,YLR321C,1,3.5512435,0.6000000238418579,0.10810811072587967,0.007207207381725311
YIR025W,YMR078C,1,3.5257385,0.6033057570457458,0.10960961133241653,0.007207207381725311
YIL132C,YAL031C,1,3.5255506,0.6065573692321777,0.1111111119389534,0.007207207381725311
YML099C,YML109W,0,3.5229921,0.6016260385513306,0.1111111119389534,0.007357357535511255
YPL167C,YCR002C,0,3.5198352,0.5967742204666138,0.1111111119389534,0.007507507689297199
YKR054C,YMR078C,1,3.5191684,0.6000000238418579,0.11261261254549026,0.007507507689297199
YMR117C,YFR031C,1,3.518369,0.60317462682724,0.11411411315202713,0.007507507689297199
YOL145C,YMR078C,1,3.513638,0.6062992215156555,0.115615613758564,0.007507507689297199
YFR031C,YGL190C,1,3.5086875,0.609375,0.11711711436510086,0.007507507689297199
YOR237W,YLR329W,0,3.503615,0.604651153087616,0.11711711436510086,0.007657657843083143
YIR025W,YJR112W,1,3.501644,0.607692301273346,0.11861861497163773,0.007657657843083143
YGR113W,YIL132C,1,3.4983559,0.6106870174407959,0.12012012302875519,0.007657657843083143
YDR076W,YBR129C,0,3.4922078,0.6060606241226196,0.12012012302875519,0.007807807996869087
YCR014C,YGL212W,0,3.478837,0.6015037298202515,0.12012012302875519,0.007957957684993744
YDL245C,YDR472W,0,3.4739878,0.5970149040222168,0.12012012302875519,0.008108108304440975
YGR179C,YNL262W,1,3.4730585,0.6000000238418579,0.12162162363529205,0.008108108304440975
YCR030C,YBL052C,0,3.469153,0.595588207244873,0.12162162363529205,0.008258257992565632
YNR010W,YNL290W,1,3.468778,0.5985401272773743,0.12312312424182892,0.008258257992565632
YBR128C,YDR081C,0,3.4673295,0.5942028760910034,0.12312312424182892,0.008408408612012863
YMR179W,YBR257W,0,3.459659,0.5899280309677124,0.12312312424182892,0.00855855830013752
YPR135W,YIL132C,1,3.4532788,0.5928571224212646,0.12462462484836578,0.00855855830013752
YMR117C,YLR394W,1,3.4431574,0.5957446694374084,0.12612612545490265,0.00855855830013752
YJR057W,YPL147W,0,3.4418743,0.591549277305603,0.12612612545490265,0.008708708919584751
YMR117C,YGR113W,1,3.4400237,0.5944055914878845,0.12762762606143951,0.008708708919584751
YNL304W,YHR058C,0,3.4396996,0.5902777910232544,0.12762762606143951,0.008858858607709408
YDL036C,YFR013W,0,3.4368765,0.5862069129943848,0.12762762606143951,0.009009009227156639
YAL024C,YOL043C,0,3.4316988,0.5821917653083801,0.12762762606143951,0.009159158915281296
YMR168C,YFR031C,1,3.428171,0.5850340127944946,0.12912912666797638,0.009159158915281296
YJR031C,YJL095W,0,3.424696,0.5810810923576355,0.12912912666797638,0.009309309534728527
YMR168C,YNL273W,1,3.4159732,0.5838926434516907,0.13063062727451324,0.009309309534728527
YIR025W,YDR254W,1,3.4138105,0.5866666436195374,0.1321321278810501,0.009309309534728527
YLR141W,YML109W,0,3.4101741,0.5827814340591431,0.1321321278810501,0.009459459222853184
YMR078C,YLR321C,1,3.40948,0.5855262875556946,0.13363362848758698,0.009459459222853184
YDR082W,YNR015W,0,3.40894,0.5816993713378906,0.13363362848758698,0.009609609842300415
YKL090W,YNL121C,0,3.4030173,0.5779221057891846,0.13363362848758698,0.009759759530425072
YNL172W,YIR011C,1,3.3898542,0.5806451439857483,0.13513512909412384,0.009759759530425072
YHR012W,YMR179W,0,3.3803344,0.5769230723381042,0.13513512909412384,0.009909910149872303
YLR321C,YIL132C,1,3.3763893,0.5796178579330444,0.1366366297006607,0.009909910149872303
YDR416W,YDR472W,0,3.3582597,0.5759493708610535,0.1366366297006607,0.01006005983799696
YDL140C,YGL241W,0,3.3575912,0.5723270177841187,0.1366366297006607,0.010210210457444191
YGL170C,YLR312W-A,0,3.355402,0.5687500238418579,0.1366366297006607,0.010360360145568848
YDR285W,YLR394W,1,3.35418,0.5714285969734192,0.13813814520835876,0.010360360145568848
YJL030W,YNL290W,1,3.352216,0.5740740895271301,0.13963964581489563,0.010360360145568848
YGR225W,YNL259C,0,3.3497295,0.5705521702766418,0.13963964581489563,0.010510510765016079
YDL217C,YDL024C,0,3.3488011,0.5670731663703918,0.13963964581489563,0.010660660453140736
YKR054C,YIR025W,1,3.3484476,0.5696969628334045,0.1411411464214325,0.010660660453140736
YLL002W,YMR097C,0,3.3443108,0.5662650465965271,0.1411411464214325,0.010810811072587967
YDL028C,YDR285W,1,3.3384333,0.56886225938797,0.14264264702796936,0.010810811072587967
YDR369C,YGL220W,0,3.3375187,0.5654761791229248,0.14264264702796936,0.010960960760712624
YIR025W,YFR031C,1,3.3342345,0.5680473446846008,0.14414414763450623,0.010960960760712624
YNL314W,YDL107W,0,3.3311074,0.5647059082984924,0.14414414763450623,0.011111111380159855
YDL028C,YOL104C,1,3.3245616,0.567251443862915,0.1456456482410431,0.011111111380159855
YOL104C,YJR112W,1,3.323409,0.569767415523529,0.14714714884757996,0.011111111380159855
YPR060C,YJL095W,0,3.3196077,0.5664739608764648,0.14714714884757996,0.011261261068284512
YNL223W,YDR404C,0,3.3178437,0.5632184147834778,0.14714714884757996,0.011411411687731743
YGL083W,YPR083W,0,3.3156674,0.5600000023841858,0.14714714884757996,0.0115615613758564
YMR078C,YFR036W,1,3.3069744,0.5625,0.14864864945411682,0.0115615613758564
YOR237W,YLR026C,0,3.30579,0.5593220591545105,0.14864864945411682,0.01171171199530363
YNL273W,YNR010W,1,3.304429,0.5617977380752563,0.1501501500606537,0.01171171199530363
YCR060W,YDL077C,0,3.3005974,0.5586591958999634,0.1501501500606537,0.011861861683428288
YAL024C,YHR156C,0,3.2960756,0.5555555820465088,0.1501501500606537,0.012012012302875519
YNL172W,YOL104C,1,3.2943594,0.5580110549926758,0.15165165066719055,0.012012012302875519
YLL003W,YGL241W,0,3.2922428,0.5549450516700745,0.15165165066719055,0.012162161991000175
YHR061C,YPL122C,0,3.2921653,0.5519125461578369,0.15165165066719055,0.012312312610447407
YFR031C,YGR089W,1,3.2900908,0.554347813129425,0.15315315127372742,0.012312312610447407
YJL030W,YDL028C,1,3.2894053,0.5567567348480225,0.15465465188026428,0.012312312610447407
YGR052W,YOR038C,0,3.2870371,0.5537634491920471,0.15465465188026428,0.012462462298572063
YJL214W,YGL060W,0,3.2825778,0.5508021116256714,0.15465465188026428,0.012612612918019295
YMR218C,YKL015W,0,3.2822874,0.5478723645210266,0.15465465188026428,0.012762762606143951
YIL132C,YOL104C,1,3.2809217,0.5502645373344421,0.15615615248680115,0.012762762606143951
YNL172W,YMR117C,1,3.2723086,0.5526315569877625,0.157657653093338,0.012762762606143951
YFR013W,YPR006C,0,3.2711136,0.5497382283210754,0.157657653093338,0.012912913225591183
YGR144W,YDR195W,0,3.2694128,0.546875,0.157657653093338,0.01306306291371584
YJR112W,YGL190C,1,3.2693653,0.5492228269577026,0.15915915369987488,0.01306306291371584
YMR013C,YMR075W,0,3.2664213,0.5463917255401611,0.15915915369987488,0.01321321353316307
YPL083C,YJL103C,0,3.2639308,0.5435897707939148,0.15915915369987488,0.013363363221287727
YER098W,YOR038C,0,3.2598329,0.5408163070678711,0.15915915369987488,0.013513513840734959
YFR036W,YNL290W,1,3.259292,0.5431472063064575,0.16066065430641174,0.013513513840734959
YHR061C,YAL024C,0,3.2534924,0.5404040217399597,0.16066065430641174,0.013663663528859615
YLR321C,YDR260C,1,3.2507334,0.5427135825157166,0.1621621549129486,0.013663663528859615
YNL172W,YJL030W,1,3.249857,0.5450000166893005,0.16366367042064667,0.013663663528859615
YPL200W,YLR394W,1,3.2483444,0.5472636818885803,0.16516517102718353,0.013663663528859615
YPL200W,YDL028C,1,3.2442844,0.5495049357414246,0.1666666716337204,0.013663663528859615
YJL087C,YNL314W,0,3.242632,0.546798050403595,0.1666666716337204,0.013813814148306847
YEL069C,YNL219C,0,3.2413135,0.5441176295280457,0.1666666716337204,0.013963963836431503
YLL004W,YLR026C,0,3.236635,0.5414634346961975,0.1666666716337204,0.014114114455878735
YKR020W,YOR187W,0,3.231401,0.5388349294662476,0.1666666716337204,0.014264264144003391
YPR135W,YGR113W,1,3.2298594,0.5410627722740173,0.16816817224025726,0.014264264144003391
YNL282W,YEL070W,0,3.2278302,0.5384615659713745,0.16816817224025726,0.014414414763450623
YGR179C,YOL104C,1,3.2273483,0.540669858455658,0.16966967284679413,0.014414414763450623
YGL244W,YPR152C,0,3.2265759,0.538095235824585,0.16966967284679413,0.01456456445157528
YNL262W,YNR010W,1,3.2188377,0.5402843356132507,0.171171173453331,0.01456456445157528
YDL028C,YNL262W,1,3.2145061,0.5424528121948242,0.17267267405986786,0.01456456445157528
YLR024C,YJL214W,0,3.2119355,0.5399060845375061,0.17267267405986786,0.01471471507102251
YMR179W,YBL085W,0,3.2107306,0.5373831987380981,0.17267267405986786,0.014864864759147167
YMR054W,YMR179W,0,3.2106361,0.5348837375640869,0.17267267405986786,0.015015015378594398
YDL216C,YOL054W,0,3.2097993,0.5324074029922485,0.17267267405986786,0.015165165066719055
YCL024W,YBL052C,0,3.2054238,0.5299538969993591,0.17267267405986786,0.015315315686166286
YLR182W,YML049C,0,3.200798,0.5275229215621948,0.17267267405986786,0.015465465374290943
YBR275C,YDR470C,0,3.1990042,0.5251141786575317,0.17267267405986786,0.015615615993738174
YNL172W,YNR010W,1,3.1951497,0.5272727012634277,0.17417417466640472,0.015615615993738174
YMR117C,YNL262W,1,3.1936195,0.529411792755127,0.1756756752729416,0.015615615993738174
YPR001W,YJL192C,0,3.1932602,0.5270270109176636,0.1756756752729416,0.01576576568186283
YMR078C,YOL104C,1,3.1907418,0.5291479825973511,0.17717717587947845,0.01576576568186283
YJL187C,YOR089C,0,3.1905549,0.5267857313156128,0.17717717587947845,0.015915915369987488
YNL172W,YNL290W,1,3.188601,0.5288888812065125,0.17867867648601532,0.015915915369987488
YGR113W,YFR036W,1,3.1872535,0.5309734344482422,0.18018017709255219,0.015915915369987488
YNL223W,YNL282W,0,3.1813273,0.5286343693733215,0.18018017709255219,0.016066066920757294
YLR321C,YJR112W,1,3.1811771,0.530701756477356,0.18168167769908905,0.016066066920757294
YNL314W,YMR137C,0,3.1757658,0.528384268283844,0.18168167769908905,0.01621621660888195
YDR285W,YPR135W,1,3.169672,0.530434787273407,0.18318317830562592,0.01621621660888195
YGR113W,YLR321C,1,3.1671362,0.5324675440788269,0.18468467891216278,0.01621621660888195
YIR025W,YDL028C,1,3.1667662,0.5344827771186829,0.18618617951869965,0.01621621660888195
YKR054C,YGR179C,1,3.1621943,0.5364806652069092,0.1876876950263977,0.01621621660888195
YLR295C,YMR065W,0,3.1558502,0.5341880321502686,0.1876876950263977,0.016366366297006607
YGL158W,YER168C,0,3.1557584,0.5319148898124695,0.1876876950263977,0.016516515985131264
YMR078C,YGR179C,1,3.1545305,0.5338982939720154,0.18918919563293457,0.016516515985131264
YDL059C,YJL134W,0,3.1520069,0.5316455960273743,0.18918919563293457,0.01666666753590107
YOL141W,YJR010W,0,3.1516993,0.529411792755127,0.18918919563293457,0.016816817224025726
YGR089W,YGL190C,1,3.1467235,0.5313807725906372,0.19069069623947144,0.016816817224025726
YKR020W,YDR404C,0,3.1425705,0.5291666388511658,0.19069069623947144,0.016966966912150383
YOL112W,YKR028W,0,3.1379967,0.5269709825515747,0.19069069623947144,0.01711711660027504
YPR135W,YGL190C,1,3.1361637,0.5289255976676941,0.1921921968460083,0.01711711660027504
YDR530C,YBR261C,0,3.1361349,0.5267489552497864,0.1921921968460083,0.017267268151044846
YBR081C,YNL283C,0,3.1334555,0.5245901346206665,0.1921921968460083,0.017417417839169502
YKL201C,YDR159W,0,3.1333625,0.5224489569664001,0.1921921968460083,0.01756756752729416
YOR216C,YJR140C,0,3.1259077,0.5203251838684082,0.1921921968460083,0.017717717215418816
YFR031C,YLR394W,1,3.1248405,0.52226722240448,0.19369369745254517,0.017717717215418816
YMR218C,YIL139C,0,3.1243696,0.5201612710952759,0.19369369745254517,0.01786786876618862
YLR383W,YPL110C,0,3.1215901,0.5180723071098328,0.19369369745254517,0.018018018454313278
YLR141W,YMR075W,0,3.1210306,0.515999972820282,0.19369369745254517,0.018168168142437935
YDR410C,YLR316C,0,3.1175215,0.5139442086219788,0.19369369745254517,0.01831831783056259
YJR138W,YJL130C,0,3.1163952,0.511904776096344,0.19369369745254517,0.018468469381332397
YIL139C,YMR032W,0,3.1125817,0.5098814368247986,0.19369369745254517,0.018618619069457054
YJL134W,YGL212W,0,3.1125379,0.5078740119934082,0.19369369745254517,0.01876876875758171
YJL030W,YIL132C,1,3.10761,0.5098039507865906,0.19519519805908203,0.01876876875758171
YDR254W,YNL290W,1,3.1033418,0.51171875,0.1966966986656189,0.01876876875758171
YKL022C,YGR089W,1,3.1007526,0.5136186480522156,0.19819819927215576,0.01876876875758171
YJL214W,YOR313C,0,3.1006455,0.5116279125213623,0.19819819927215576,0.018918918445706367
YDR419W,YMR065W,0,3.1003504,0.5096524953842163,0.19819819927215576,0.019069069996476173
YOL104C,YNL290W,1,3.0995626,0.5115384459495544,0.19969969987869263,0.019069069996476173
YMR117C,YNR010W,1,3.0962842,0.5134099721908569,0.2012012004852295,0.019069069996476173
YMR172W,YHR079C,0,3.0947547,0.5114504098892212,0.2012012004852295,0.01921921968460083
YGR225W,YJR036C,0,3.0937881,0.5095056891441345,0.2012012004852295,0.019369369372725487
YGR179C,YLR321C,1,3.092495,0.5113636255264282,0.20270270109176636,0.019369369372725487
YLR047C,YDL216C,0,3.092095,0.5094339847564697,0.20270270109176636,0.019519519060850143
YNL202W,YAR031W,0,3.0892158,0.5075187683105469,0.20270270109176636,0.0196696687489748
YKL190W,YDL245C,0,3.0880756,0.5056179761886597,0.20270270109176636,0.019819820299744606
YFR031C,YPL200W,1,3.0860486,0.5074626803398132,0.20420420169830322,0.019819820299744606
YGR179C,YGL190C,1,3.084017,0.5092936754226685,0.2057057023048401,0.019819820299744606
YNL262W,YIL132C,1,3.0828886,0.5111111402511597,0.20720720291137695,0.019819820299744606
YER168C,YMR159C,0,3.0764766,0.509225070476532,0.20720720291137695,0.019969969987869263
YIR025W,YDR285W,1,3.0745978,0.5110294222831726,0.20870870351791382,0.019969969987869263
YER151C,YDL077C,0,3.0689406,0.5091575384140015,0.20870870351791382,0.02012011967599392
YDR167W,YLR024C,0,3.0645096,0.5072992444038391,0.20870870351791382,0.020270269364118576
YDR451C,YMR065W,0,3.0576034,0.5054545402526855,0.20870870351791382,0.020420420914888382
YIL132C,YNL290W,1,3.0572777,0.5072463750839233,0.21021020412445068,0.020420420914888382
YJL194W,YKL201C,0,3.0558522,0.505415141582489,0.21021020412445068,0.02057057060301304
YJR055W,YDR067C,0,3.0557756,0.5035971403121948,0.21021020412445068,0.020720720291137695
YDL036C,YLR213C,0,3.0549722,0.5017921328544617,0.21021020412445068,0.020870869979262352
YDR082W,YEL029C,0,3.0539703,0.5,0.21021020412445068,0.021021021530032158
YBL089W,YBL034C,0,3.0531135,0.49822065234184265,0.21021020412445068,0.021171171218156815
YOR304W,YNL309W,0,3.0501451,0.4964539110660553,0.21021020412445068,0.02132132090628147
YHR069C,YML109W,0,3.0492578,0.4946996569633484,0.21021020412445068,0.021471470594406128
YDR419W,YBR020W,0,3.0457783,0.49295774102211,0.21021020412445068,0.021621622145175934
YNL172W,YPL200W,1,3.044745,0.49473685026168823,0.21171170473098755,0.021621622145175934
YJR138W,YOR206W,0,3.0402644,0.49300700426101685,0.21171170473098755,0.02177177183330059
YLL002W,YGL162W,0,3.0388076,0.4912891983985901,0.21171170473098755,0.021921921521425247
YKL022C,YIL132C,1,3.0360193,0.4930555522441864,0.2132132202386856,0.021921921521425247
YKL090W,YGR185C,0,3.035411,0.4913494884967804,0.2132132202386856,0.022072071209549904
YOR212W,YPR119W,0,3.0314302,0.48965516686439514,0.2132132202386856,0.02222222276031971
YGR144W,YHR061C,0,3.029613,0.4879724979400635,0.2132132202386856,0.022372372448444366
YIL061C,YDL035C,0,3.029268,0.48630136251449585,0.2132132202386856,0.022522522136569023
YDR369C,YPL244C,0,3.0279744,0.4846416413784027,0.2132132202386856,0.02267267182469368
YOL145C,YMR117C,1,3.0256329,0.4863945543766022,0.21471472084522247,0.02267267182469368
YDL028C,YGR089W,1,3.0233877,0.48813560605049133,0.21621622145175934,0.02267267182469368
YNL273W,YGR089W,1,3.020362,0.48986485600471497,0.2177177220582962,0.02267267182469368
YGR089W,YNL290W,1,3.020218,0.4915824830532074,0.21921922266483307,0.02267267182469368
YJL214W,YBL098W,0,3.020118,0.4899328947067261,0.21921922266483307,0.022822823375463486
YMR168C,YMR078C,1,3.0193224,0.49163880944252014,0.22072072327136993,0.022822823375463486
YNL314W,YBR095C,0,3.0092757,0.49000000953674316,0.22072072327136993,0.022972973063588142
YOR106W,YCL032W,0,3.0070157,0.4883720874786377,0.22072072327136993,0.0231231227517128
YBR020W,YKL096W-A,0,3.0069122,0.4867549538612366,0.22072072327136993,0.023273272439837456
YDR285W,YNL290W,1,3.0018792,0.4884488582611084,0.2222222238779068,0.023273272439837456
YNL307C,YKL022C,1,3.0016937,0.49013158679008484,0.22372372448444366,0.023273272439837456
YHR164C,YNL238W,0,3.0009568,0.48852458596229553,0.22372372448444366,0.02342342399060726
YMR117C,YFR036W,1,2.9990692,0.4901960790157318,0.22522522509098053,0.02342342399060726
YPL082C,YJL128C,0,2.9979334,0.48859935998916626,0.22522522509098053,0.02357357367873192
YLR103C,YGL071W,0,2.995486,0.48701298236846924,0.22522522509098053,0.023723723366856575
YMR112C,YDL197C,0,2.9946513,0.48543688654899597,0.22522522509098053,0.02387387305498123
YOL142W,YNL304W,0,2.9940948,0.4838709533214569,0.22522522509098053,0.024024024605751038
YML049C,YBR074W,0,2.9931993,0.4823151230812073,0.22522522509098053,0.024174174293875694
YGL241W,YNR028W,0,2.9921656,0.48076921701431274,0.22522522509098053,0.02432432398200035
YNR057C,YMR213W,0,2.9918957,0.4792332351207733,0.22522522509098053,0.024474473670125008
YDR337W,YNR060W,0,2.9896188,0.47770699858665466,0.22522522509098053,0.024624625220894814
YDR423C,YLR187W,0,2.9888294,0.4761904776096344,0.22522522509098053,0.02477477490901947
YGR179C,YNL290W,1,2.9884458,0.4778481125831604,0.2267267256975174,0.02477477490901947
YKL022C,YNL290W,1,2.9858139,0.47949525713920593,0.22822822630405426,0.02477477490901947
YPL002C,YLR383W,0,2.9846966,0.4779874086380005,0.22822822630405426,0.024924924597144127
YDL028C,YJR112W,1,2.9794717,0.47962382435798645,0.22972972691059113,0.024924924597144127
YBR081C,YOL108C,0,2.9791076,0.4781250059604645,0.22972972691059113,0.025075074285268784
YAL016W,YIL132C,1,2.978911,0.47975078225135803,0.231231227517128,0.025075074285268784
YNL073W,YDR159W,0,2.9780293,0.47826087474823,0.231231227517128,0.02522522583603859
YNL258C,YIL140W,0,2.97796,0.4767801761627197,0.231231227517128,0.025375375524163246
YKR054C,YGR113W,1,2.977516,0.4783950746059418,0.23273272812366486,0.025375375524163246
YMR117C,YGR179C,1,2.977233,0.47999998927116394,0.23423422873020172,0.025375375524163246
YIR025W,YLR321C,1,2.9764352,0.48159509897232056,0.2357357293367386,0.025375375524163246
YDR472W,YNR060W,0,2.975816,0.48012232780456543,0.2357357293367386,0.025525525212287903
YML049C,YBR010W,0,2.9744492,0.478658527135849,0.2357357293367386,0.02567567490041256
YPR135W,YFR036W,1,2.9732583,0.48024314641952515,0.23723722994327545,0.02567567490041256
YLR289W,YMR269W,0,2.9717553,0.4787878692150116,0.23723722994327545,0.025825826451182365
YIL134W,YKR102W,0,2.9714231,0.4773413836956024,0.23723722994327545,0.025975976139307022
YPL200W,YNL273W,1,2.9700022,0.47891566157341003,0.2387387454509735,0.025975976139307022
YKR054C,YDL028C,1,2.9692705,0.48048049211502075,0.24024024605751038,0.025975976139307022
YJL214W,YGL216W,0,2.968577,0.4790419042110443,0.24024024605751038,0.02612612582743168
YNL273W,YFR036W,1,2.9675994,0.48059701919555664,0.24174174666404724,0.02612612582743168
YEL036C,YPL104W,0,2.9667757,0.4791666567325592,0.24174174666404724,0.026276275515556335
YMR172W,YLR316C,0,2.9664905,0.47774481773376465,0.24174174666404724,0.02642642706632614
YJR005W,YDR389W,0,2.9662337,0.47633135318756104,0.24174174666404724,0.026576576754450798
YKR020W,YPL167C,0,2.9648776,0.47492626309394836,0.24174174666404724,0.026726726442575455
YNL273W,YOL104C,1,2.9646559,0.47647058963775635,0.2432432472705841,0.026726726442575455
YKL203C,YOR351C,0,2.9637914,0.47507330775260925,0.2432432472705841,0.02687687613070011
YPL167C,YGL241W,0,2.9619415,0.4736842215061188,0.2432432472705841,0.027027027681469917
YFR031C,YJR112W,1,2.9611077,0.47521865367889404,0.24474474787712097,0.027027027681469917
YGL186C,YAL024C,0,2.9608405,0.4738371968269348,0.24474474787712097,0.027177177369594574
YNL271C,YMR182C,0,2.960762,0.4724637567996979,0.24474474787712097,0.02732732705771923
YJR055W,YPL027W,0,2.9606504,0.47109827399253845,0.24474474787712097,0.027477476745843887
YGR113W,YNL290W,1,2.9592583,0.47262248396873474,0.24624624848365784,0.027477476745843887
YDR263C,YHR085W,0,2.958258,0.4712643623352051,0.24624624848365784,0.027627628296613693
YDL028C,YGR113W,1,2.9576392,0.47277936339378357,0.2477477490901947,0.027627628296613693
YGL112C,YNL283C,0,2.9557161,0.4714285731315613,0.2477477490901947,0.02777777798473835
YLL002W,YDR499W,0,2.9538803,0.470085471868515,0.2477477490901947,0.027927927672863007
YDR285W,YNL262W,1,2.9477684,0.47159090638160706,0.24924924969673157,0.027927927672863007
YLR183C,YER171W,0,2.9430866,0.47025495767593384,0.24924924969673157,0.028078077360987663
YNL304W,YBR173C,0,2.9392316,0.4689265489578247,0.24924924969673157,0.02822822891175747
YOR237W,YDR508C,0,2.934248,0.4676056206226349,0.24924924969673157,0.028378378599882126
YLR219W,YDR240C,0,2.9338763,0.466292142868042,0.24924924969673157,0.028528528288006783
YFR029W,YDR472W,0,2.9327974,0.46498599648475647,0.24924924969673157,0.02867867797613144
YBR037C,YCR002C,0,2.9315143,0.46368715167045593,0.24924924969673157,0.028828829526901245
YJR151C,YOR279C,0,2.9295998,0.4623955488204956,0.24924924969673157,0.028978979215025902
YIL132C,YNR010W,1,2.9287548,0.46388888359069824,0.25075075030326843,0.028978979215025902
YKR054C,YNL262W,1,2.9229498,0.4653739631175995,0.2522522509098053,0.028978979215025902
YMR019W,YOR311C,0,2.9192305,0.46408841013908386,0.2522522509098053,0.02912912890315056
YIL134W,YBR074W,0,2.9183166,0.4628099203109741,0.2522522509098053,0.029279278591275215
YBR260C,YOR313C,0,2.9179552,0.4615384638309479,0.2522522509098053,0.02942943014204502
YNL117W,YDL111C,0,2.915988,0.46027398109436035,0.2522522509098053,0.029579579830169678
YML097C,YNL219C,0,2.914238,0.4590163826942444,0.2522522509098053,0.029729729518294334
YOR237W,YMR319C,0,2.9122825,0.4577656686306,0.2522522509098053,0.02987987920641899
YMR117C,YJR112W,1,2.9105215,0.45923912525177,0.25375375151634216,0.02987987920641899
YDR383C,YGR169C,0,2.9091558,0.45799458026885986,0.25375375151634216,0.030030030757188797
YIL139C,YMR240C,0,2.908441,0.4567567706108093,0.25375375151634216,0.030180180445313454
YKR071C,YMR117C,1,2.9075682,0.4582210183143616,0.25525525212287903,0.030180180445313454
YIL139C,YMR200W,0,2.905219,0.45698925852775574,0.25525525212287903,0.03033033013343811
YPR001W,YKL003C,0,2.9045308,0.4557640850543976,0.25525525212287903,0.030480479821562767
YLR305C,YHR061C,0,2.9039164,0.4545454680919647,0.25525525212287903,0.030630631372332573
YLR314C,YOR025W,0,2.901791,0.4533333480358124,0.25525525212287903,0.03078078106045723
YJR004C,YCL024W,0,2.901474,0.4521276652812958,0.25525525212287903,0.030930930748581886
YJL194W,YBR202W,0,2.8993762,0.45092839002609253,0.25525525212287903,0.031081080436706543
YKR054C,YDR285W,1,2.895317,0.4523809552192688,0.2567567527294159,0.031081080436706543
YNL314W,YPR200C,0,2.8928816,0.4511873424053192,0.2567567527294159,0.03123123198747635
YGR179C,YJR112W,1,2.8870423,0.4526315927505493,0.25825825333595276,0.03123123198747635
YOR301W,YKR019C,0,2.8861637,0.4514435827732086,0.25825825333595276,0.031381379812955856
YBR282W,YBR095C,0,2.882914,0.45026177167892456,0.25825825333595276,0.03153153136372566
YOR219C,YML036W,0,2.8797867,0.44908615946769714,0.25825825333595276,0.03168168291449547
YGL062W,YMR218C,0,2.879675,0.4479166567325592,0.25825825333595276,0.031831830739974976
YHR074W,YJL071W,0,2.8793817,0.44675323367118835,0.25825825333595276,0.03198198229074478
YML099C,YGR072W,0,2.87864,0.4455958604812622,0.25825825333595276,0.03213213384151459
YIL139C,YCL004W,0,2.8786032,0.4444444477558136,0.25825825333595276,0.032282281666994095
YDL028C,YNR010W,1,2.8783514,0.4458763003349304,0.2597597539424896,0.032282281666994095
YBR095C,YDR498C,0,2.8773844,0.44473007321357727,0.2597597539424896,0.0324324332177639
YMR182C,YNL107W,0,2.8771157,0.4435897469520569,0.2597597539424896,0.03258258104324341
YLR103C,YMR025W,0,2.875118,0.4424552321434021,0.2597597539424896,0.032732732594013214
YJR004C,YLR330W,0,2.8737803,0.4413265287876129,0.2597597539424896,0.03288288414478302
YKR054C,YPR135W,1,2.8722591,0.442748099565506,0.2612612545490265,0.03288288414478302
YFR031C,YPR135W,1,2.870727,0.44416242837905884,0.26276275515556335,0.03288288414478302
YOR216C,YKL168C,0,2.865661,0.4430379867553711,0.26276275515556335,0.03303303197026253
YDR285W,YJR112W,1,2.863792,0.4444444477558136,0.2642642557621002,0.03303303197026253
YGL259W,YOR123C,0,2.8631964,0.4433249235153198,0.2642642557621002,0.03318318352103233
YPR119W,YOL101C,0,2.8619537,0.4422110617160797,0.2642642557621002,0.03333333507180214
YDR072C,YFL001W,0,2.8607533,0.4411027431488037,0.2642642557621002,0.03348348289728165
YDR512C,YPL099C,0,2.8586984,0.4399999976158142,0.2642642557621002,0.03363363444805145
YDL217C,YGL241W,0,2.8585358,0.43890273571014404,0.2642642557621002,0.03378378227353096
YMR078C,YBL079W,1,2.8544424,0.44029849767684937,0.2657657563686371,0.03378378227353096
YIR011C,YMR078C,1,2.8520067,0.44168734550476074,0.26726725697517395,0.03378378227353096
YBL041W,YOL102C,0,2.8514154,0.44059404730796814,0.26726725697517395,0.033933933824300766
YLR321C,YNL262W,1,2.8476405,0.44197529554367065,0.2687687575817108,0.033933933824300766
YJL030W,YOL104C,1,2.8462229,0.4433497488498688,0.2702702581882477,0.033933933824300766
YJL030W,YFR036W,1,2.84467,0.4447174370288849,0.27177175879478455,0.033933933824300766
YPL007C,YNL238W,0,2.8435352,0.4436274468898773,0.27177175879478455,0.03408408537507057
YNL102W,YNR006W,0,2.8414562,0.44254279136657715,0.27177175879478455,0.03423423320055008
YGR180C,YHR079C,0,2.838437,0.4414634108543396,0.27177175879478455,0.034384384751319885
YOL104C,YAL031C,1,2.8341253,0.4428223967552185,0.2732732594013214,0.034384384751319885
YFR031C,YNL262W,1,2.833898,0.44417476654052734,0.2747747600078583,0.034384384751319885
YNL304W,YOR008C,0,2.833208,0.4430992603302002,0.2747747600078583,0.03453453630208969
YKR054C,YMR117C,1,2.8327467,0.4444444477558136,0.27627629041671753,0.03453453630208969
YJR119C,YDR369C,0,2.8318584,0.44337350130081177,0.27627629041671753,0.0346846841275692
YKR054C,YFR031C,1,2.8306646,0.4447115361690521,0.2777777910232544,0.0346846841275692
YCR057C,YGL060W,0,2.8300948,0.44364508986473083,0.2777777910232544,0.034834835678339005
YJR006W,YDR416W,0,2.8295093,0.44258373975753784,0.2777777910232544,0.03498498350381851
YOR212W,YMR227C,0,2.8269467,0.44152745604515076,0.2777777910232544,0.03513513505458832
YKR103W,YBR294W,0,2.8263752,0.4404761791229248,0.2777777910232544,0.035285286605358124
YNL172W,YLR394W,1,2.8239076,0.4418052136898041,0.27927929162979126,0.035285286605358124
YGR144W,YKL205W,0,2.821081,0.44075828790664673,0.27927929162979126,0.03543543443083763
YGR225W,YNL223W,0,2.8200774,0.43971630930900574,0.27927929162979126,0.03558558598160744
YLR329W,YOR349W,0,2.8179002,0.4386792480945587,0.27927929162979126,0.03573573753237724
YPR135W,YGR179C,1,2.8154025,0.4399999976158142,0.2807807922363281,0.03573573753237724
YJL112W,YLR330W,0,2.8139694,0.43896713852882385,0.2807807922363281,0.03588588535785675
YHR060W,YLR024C,0,2.8082917,0.4379391074180603,0.2807807922363281,0.036036036908626556
YJL194W,YAL063C,0,2.8053286,0.43691587448120117,0.2807807922363281,0.036186184734106064
YNL262W,YJR112W,1,2.805255,0.43822842836380005,0.282282292842865,0.036186184734106064
YFR031C,YOL104C,1,2.8036659,0.43953487277030945,0.28378379344940186,0.036186184734106064
YOL145C,YGR089W,1,2.8035288,0.44083526730537415,0.2852852940559387,0.036186184734106064
YAL033W,YBL034C,0,2.8013234,0.43981480598449707,0.2852852940559387,0.03633633628487587
YJR119C,YDR364C,0,2.7997727,0.43879908323287964,0.2852852940559387,0.036486487835645676
YIR025W,YPL200W,1,2.7983286,0.44009217619895935,0.2867867946624756,0.036486487835645676
YPL011C,YNL078W,0,2.7955356,0.43908044695854187,0.2867867946624756,0.03663663566112518
YDR082W,YNL236W,0,2.7945805,0.43807339668273926,0.2867867946624756,0.03678678721189499
YFR031C,YAL031C,1,2.7926867,0.43935927748680115,0.28828829526901245,0.03678678721189499
YBR182C,YEL029C,0,2.7919462,0.4383561611175537,0.28828829526901245,0.036936938762664795
YOR216C,YKL064W,0,2.7909257,0.437357634305954,0.28828829526901245,0.0370870865881443
YLL004W,YKL094W,0,2.789942,0.4363636374473572,0.28828829526901245,0.03723723813891411
YLR390W,YBL085W,0,2.78892,0.4353741407394409,0.28828829526901245,0.037387385964393616
YKL093W,YDL078C,0,2.7887764,0.4343891441822052,0.28828829526901245,0.03753753751516342
YKR054C,YNL172W,1,2.788671,0.43566590547561646,0.2897897958755493,0.03753753751516342
YCR060W,YCL004W,0,2.7876573,0.434684693813324,0.2897897958755493,0.03768768906593323
YDR512C,YJR057W,0,2.7857857,0.4337078630924225,0.2897897958755493,0.037837836891412735
YGR169C,YMR227C,0,2.7843883,0.432735413312912,0.2897897958755493,0.03798798844218254
YMR112C,YGR246C,0,2.7839456,0.4317673444747925,0.2897897958755493,0.03813813999295235
YDR416W,YOR311C,0,2.7833529,0.4308035671710968,0.2897897958755493,0.038288287818431854
YCL036W,YOR038C,0,2.78169,0.42984411120414734,0.2897897958755493,0.03843843936920166
YDL028C,YAL031C,1,2.7815263,0.43111109733581543,0.2912912964820862,0.03843843936920166
YBR125C,YHR119W,0,2.780126,0.4301552176475525,0.2912912964820862,0.03858858719468117
YDR389W,YGL241W,0,2.779164,0.4292035400867462,0.2912912964820862,0.038738738745450974
YJL095W,YLR088W,0,2.777433,0.4282560646533966,0.2912912964820862,0.03888889029622078
YJR051W,YDR170C,0,2.7756882,0.4273127615451813,0.2912912964820862,0.03903903812170029
YDR285W,YIL132C,1,2.7755067,0.4285714328289032,0.29279279708862305,0.03903903812170029
YPR135W,YNR010W,1,2.774107,0.429824560880661,0.2942942976951599,0.03903903812170029
YJR119C,YPL104W,0,2.7733736,0.42888402938842773,0.2942942976951599,0.03918918967247009
YBR155W,YMR065W,0,2.7718906,0.42794761061668396,0.2942942976951599,0.0393393374979496
YJR021C,YJR005W,0,2.766861,0.4270152449607849,0.2942942976951599,0.039489489048719406
YPL134C,YJR147W,0,2.7662835,0.426086962223053,0.2942942976951599,0.03963964059948921
YIR025W,YDR260C,1,2.7638052,0.4273318946361542,0.2957957983016968,0.03963964059948921
YER098W,YPR162C,0,2.762906,0.4264069199562073,0.2957957983016968,0.03978978842496872
YHR061C,YDR472W,0,2.7611084,0.4254859685897827,0.2957957983016968,0.039939939975738525
YNL073W,YDR310C,0,2.759994,0.42456895112991333,0.2957957983016968,0.04009009152650833
YGR113W,YLR394W,1,2.7589064,0.42580646276474,0.29729729890823364,0.04009009152650833
YDL028C,YLR394W,1,2.758452,0.42703863978385925,0.2987987995147705,0.04009009152650833
YLR452C,YDL170W,0,2.757572,0.4261241853237152,0.2987987995147705,0.04024023935198784
YBL041W,YHR156C,0,2.753901,0.42521366477012634,0.2987987995147705,0.040390390902757645
YBL058W,YDR072C,0,2.7525556,0.42430704832077026,0.2987987995147705,0.04054053872823715
YNL223W,YFL023W,0,2.7521405,0.4234042465686798,0.2987987995147705,0.04069069027900696
YDR383C,YLR213C,0,2.7520473,0.42250531911849976,0.2987987995147705,0.040840841829776764
YDR285W,YLR321C,1,2.747945,0.4237288236618042,0.3003003001213074,0.040840841829776764
YOR274W,YGL212W,0,2.7453601,0.42283299565315247,0.3003003001213074,0.04099098965525627
YDR076W,YGL169W,0,2.7429051,0.4219409227371216,0.3003003001213074,0.04114114120602608
YDR067C,YGL060W,0,2.7426877,0.42105263471603394,0.3003003001213074,0.04129129275679588
YMR117C,YPR135W,1,2.7421875,0.42226889729499817,0.30180180072784424,0.04129129275679588
YDL074C,YLR316C,0,2.7412155,0.42138364911079407,0.30180180072784424,0.04144144058227539
YDR473C,YJR031C,0,2.739118,0.42050209641456604,0.30180180072784424,0.0415915921330452
YNL273W,YGR179C,1,2.7381186,0.42171189188957214,0.3033033013343811,0.0415915921330452
YOR237W,YMR065W,0,2.7378533,0.4208333194255829,0.3033033013343811,0.041741739958524704
YDL227C,YMR200W,0,2.7377412,0.4199584126472473,0.3033033013343811,0.04189189150929451
YDL245C,YLR316C,0,2.736402,0.41908714175224304,0.3033033013343811,0.042042043060064316
YMR168C,YOL104C,1,2.736293,0.4202898442745209,0.30480480194091797,0.042042043060064316
YCR014C,YPR030W,0,2.7361772,0.4194214940071106,0.30480480194091797,0.04219219088554382
YJR021C,YBR173C,0,2.735247,0.41855669021606445,0.30480480194091797,0.04234234243631363
YLR321C,YGR089W,1,2.734865,0.4197530746459961,0.30630630254745483,0.04234234243631363
YCR014C,YGL060W,0,2.7286043,0.41889116168022156,0.30630630254745483,0.042492493987083435
YIL061C,YPL082C,0,2.7281861,0.41803279519081116,0.30630630254745483,0.04264264181256294
YER168C,YDR281C,0,2.726663,0.4171779155731201,0.30630630254745483,0.04279279336333275
YPL167C,YNR028W,0,2.726634,0.41632652282714844,0.30630630254745483,0.042942941188812256
YMR117C,YIR011C,1,2.724779,0.41751527786254883,0.3078078031539917,0.042942941188812256
YHR164C,YMR137C,0,2.724393,0.4166666567325592,0.3078078031539917,0.04309309273958206
YNL273W,YNL262W,1,2.7190185,0.41784989833831787,0.30930930376052856,0.04309309273958206
YIL132C,YGR089W,1,2.714155,0.4190283417701721,0.31081080436706543,0.04309309273958206
YJL087C,YIL048W,0,2.7126136,0.41818180680274963,0.31081080436706543,0.04324324429035187
YPR119W,YNL230C,0,2.7118182,0.41733869910240173,0.31081080436706543,0.043393392115831375
YIR011C,YNL273W,1,2.7083714,0.4185110628604889,0.3123123049736023,0.043393392115831375
YMR117C,YAL031C,1,2.7054565,0.4196787178516388,0.31381380558013916,0.043393392115831375
YBR172C,YEL062W,0,2.7049465,0.41883766651153564,0.31381380558013916,0.04354354366660118
YPR200C,YNR003C,0,2.7019372,0.4180000126361847,0.31381380558013916,0.04369369521737099
YKR054C,YLR321C,1,2.7014384,0.41916167736053467,0.315315306186676,0.04369369521737099
YJR004C,YDL074C,0,2.6994703,0.4183267056941986,0.315315306186676,0.043843843042850494
YIR011C,YIL132C,1,2.6963484,0.41948309540748596,0.3168168067932129,0.043843843042850494
YPR189W,YDR404C,0,2.693081,0.4186508059501648,0.3168168067932129,0.0439939945936203
YGL094C,YBL052C,0,2.6925979,0.4178217947483063,0.3168168067932129,0.04414414241909981
YDL039C,YCL032W,0,2.6923256,0.4169960618019104,0.3168168067932129,0.044294293969869614
YNL172W,YGR089W,1,2.6804876,0.41814595460891724,0.31831830739974976,0.044294293969869614
YDR473C,YGL183C,0,2.6797025,0.4173228442668915,0.31831830739974976,0.04444444552063942
YNL172W,YFR031C,1,2.6770153,0.41846758127212524,0.3198198080062866,0.04444444552063942
YGR246C,YBR187W,0,2.676866,0.4176470637321472,0.3198198080062866,0.04459459334611893
YDR473C,YKL201C,0,2.6765625,0.4168297350406647,0.3198198080062866,0.04474474489688873
YER098W,YKL186C,0,2.6753752,0.416015625,0.3198198080062866,0.04489489644765854
YNR031C,YMR039C,0,2.6751983,0.4152046740055084,0.3198198080062866,0.045045044273138046
YOL141W,YKR020W,0,2.671362,0.41439688205718994,0.3198198080062866,0.04519519582390785
YMR117C,YDR260C,1,2.668904,0.41553398966789246,0.3213213086128235,0.04519519582390785
YEL069C,YMR032W,0,2.668538,0.41472867131233215,0.3213213086128235,0.04534534364938736
YGR167W,YJL176C,0,2.668318,0.41392651200294495,0.3213213086128235,0.045495495200157166
YMR005W,YJL187C,0,2.664775,0.41312742233276367,0.3213213086128235,0.04564564675092697
YMR020W,YHR109W,0,2.6640184,0.41233140230178833,0.3213213086128235,0.04579579457640648
YDR419W,YLL003W,0,2.6639872,0.4115384519100189,0.3213213086128235,0.045945946127176285
YGR134W,YPR159W,0,2.6623507,0.41074857115745544,0.3213213086128235,0.04609609767794609
YGR288W,YOR299W,0,2.6621432,0.4099617004394531,0.3213213086128235,0.0462462455034256
YPL050C,YGL259W,0,2.6583414,0.4091778099536896,0.3213213086128235,0.046396397054195404
YMR168C,YPR135W,1,2.6577096,0.41030535101890564,0.32282280921936035,0.046396397054195404
YJL112W,YBR080C,0,2.6561716,0.4095238149166107,0.32282280921936035,0.04654654487967491
YFR031C,YMR078C,1,2.6558776,0.41064637899398804,0.3243243098258972,0.04654654487967491
YDL170W,YDR281C,0,2.6546667,0.40986716747283936,0.3243243098258972,0.04669669643044472
YER171W,YJR031C,0,2.6523705,0.40909090638160706,0.3243243098258972,0.04684684798121452
YGL212W,YER087C-B,0,2.6467943,0.40831756591796875,0.3243243098258972,0.04699699580669403
YJL030W,YMR078C,1,2.6444356,0.4094339609146118,0.32582584023475647,0.04699699580669403
YAL024C,YKL168C,0,2.643777,0.408662885427475,0.32582584023475647,0.04714714735746384
YJR092W,YHR058C,0,2.6436183,0.40789473056793213,0.32582584023475647,0.04729729890823364
YLR440C,YGL113W,0,2.643222,0.4071294665336609,0.32582584023475647,0.04744744673371315
YMR168C,YPL200W,1,2.642887,0.4082396924495697,0.32732734084129333,0.04744744673371315
YOR071C,YGR169C,0,2.642612,0.40747663378715515,0.32732734084129333,0.047597598284482956
YMR227C,YPL122C,0,2.6419134,0.40671640634536743,0.32732734084129333,0.04774774610996246
YMR168C,YDL028C,1,2.641564,0.4078212380409241,0.3288288414478302,0.04774774610996246
YER098W,YIL021W,0,2.6408503,0.40706318616867065,0.3288288414478302,0.04789789766073227
YKR036C,YBL058W,0,2.6383812,0.40630796551704407,0.3288288414478302,0.048048049211502075
YNR031C,YML099C,0,2.6350079,0.4055555462837219,0.3288288414478302,0.04819819703698158
YDR416W,YJR034W,0,2.6345575,0.4048059284687042,0.3288288414478302,0.04834834858775139
YNL314W,YER098W,0,2.6343079,0.4040590524673462,0.3288288414478302,0.048498500138521194
YMR117C,YKL022C,1,2.6333177,0.40515652298927307,0.33033034205436707,0.048498500138521194
YLR291C,YLR383W,0,2.632077,0.40441176295280457,0.33033034205436707,0.0486486479640007
YDR530C,YGR285C,0,2.6316044,0.40366971492767334,0.33033034205436707,0.04879879951477051
YFR031C,YDR285W,1,2.6307445,0.4047619104385376,0.33183184266090393,0.04879879951477051
YOL141W,YGL071W,0,2.6295316,0.4040219485759735,0.33183184266090393,0.048948947340250015
YDR254W,YGR179C,1,2.629376,0.4051094949245453,0.3333333432674408,0.048948947340250015
YJR055W,YHR119W,0,2.6289203,0.40437158942222595,0.3333333432674408,0.04909909889101982
YOR304W,YKR028W,0,2.6286092,0.4036363661289215,0.3333333432674408,0.04924925044178963
YOR147W,YPR152C,0,2.6285224,0.40290382504463196,0.3333333432674408,0.049399398267269135
YBR037C,YDR218C,0,2.6284857,0.4021739065647125,0.3333333432674408,0.04954954981803894
YGL170C,YKL053C-A,0,2.628097,0.4014466404914856,0.3333333432674408,0.049699701368808746
YNL283C,YML080W,0,2.6280296,0.40072202682495117,0.3333333432674408,0.049849849194288254
YNR028W,YMR075W,0,2.6267772,0.4000000059604645,0.3333333432674408,0.05000000074505806
YPR135W,YNL273W,1,2.6265676,0.4010791480541229,0.33483484387397766,0.05000000074505806
YFR013W,YLR395C,0,2.6248312,0.40035906434059143,0.33483484387397766,0.05015014857053757
YDR254W,YOL104C,1,2.6246092,0.40143370628356934,0.3363363444805145,0.05015014857053757
YIR025W,YGL190C,1,2.6241639,0.40250447392463684,0.3378378450870514,0.05015014857053757
YLL003W,YIL135C,0,2.6236258,0.4017857015132904,0.3378378450870514,0.05030030012130737
YDR076W,YJR140C,0,2.620941,0.4010695219039917,0.3378378450870514,0.05045045167207718
YER162C,YJR053W,0,2.619587,0.40035587549209595,0.3378378450870514,0.050600599497556686
YGR288W,YPR119W,0,2.6191714,0.39964476227760315,0.3378378450870514,0.05075075104832649
YFR013W,YBL089W,0,2.6191247,0.3989361822605133,0.3378378450870514,0.0509009025990963
YOL141W,YKL124W,0,2.6187642,0.39823007583618164,0.3378378450870514,0.051051050424575806
YBR155W,YOL108C,0,2.6182752,0.39752650260925293,0.3378378450870514,0.05120120197534561
YIR011C,YNL290W,1,2.6182196,0.3985890746116638,0.33933934569358826,0.05120120197534561
YER151C,YOL028C,0,2.6174908,0.39788731932640076,0.33933934569358826,0.05135134980082512
YMR078C,YAL031C,1,2.6165102,0.39894551038742065,0.3408408463001251,0.05135134980082512
YMR179W,YIL042C,0,2.6119578,0.39824560284614563,0.3408408463001251,0.051501501351594925
YMR168C,YNL290W,1,2.6115236,0.3992994725704193,0.342342346906662,0.051501501351594925
YGR179C,YNR010W,1,2.609744,0.4003496468067169,0.34384384751319885,0.051501501351594925
YGL237C,YDL216C,0,2.6068575,0.3996509611606598,0.34384384751319885,0.05165165290236473
YOL104C,YDR260C,1,2.6065633,0.40069687366485596,0.3453453481197357,0.05165165290236473
YLR394W,YIL132C,1,2.6064665,0.40173912048339844,0.3468468487262726,0.05165165290236473
YGR288W,YOL102C,0,2.6015878,0.4010416567325592,0.3468468487262726,0.05180180072784424
YBR202W,YDL045C,0,2.6011674,0.4003466069698334,0.3468468487262726,0.051951952278614044
YLR383W,YGR185C,0,2.5994437,0.39965397119522095,0.3468468487262726,0.05210210382938385
YDR494W,YDR159W,0,2.5992432,0.39896371960639954,0.3468468487262726,0.05225225165486336
YOR148C,YEL070W,0,2.5978777,0.39827585220336914,0.3468468487262726,0.05240240320563316
YKR071C,YNL172W,1,2.5961156,0.39931154251098633,0.34834834933280945,0.05240240320563316
YJR112W,YGR089W,1,2.5956378,0.400343656539917,0.3498498499393463,0.05240240320563316
YGL083W,YML097C,0,2.5940826,0.3996569514274597,0.3498498499393463,0.05255255103111267
YDL059C,YBL089W,0,2.5933266,0.39897260069847107,0.3498498499393463,0.05270270258188248
YMR065W,YPR152C,0,2.5892835,0.39829060435295105,0.3498498499393463,0.05285285413265228
YJR138W,YOR145C,0,2.5856085,0.39761093258857727,0.3498498499393463,0.05300300195813179
YKL022C,YOL104C,1,2.5854137,0.39863714575767517,0.3513513505458832,0.05300300195813179
YLR047C,YHR077C,0,2.584963,0.3979591727256775,0.3513513505458832,0.053153153508901596
YJR053W,YKR102W,0,2.5823452,0.39728352427482605,0.3513513505458832,0.0533033050596714
YLR285W,YDR240C,0,2.582203,0.39661017060279846,0.3513513505458832,0.05345345288515091
YPL127C,YHR082C,0,2.5820818,0.39593908190727234,0.3513513505458832,0.053603604435920715
YNL236W,YOR351C,0,2.5820575,0.3952702581882477,0.3513513505458832,0.05375375226140022
YNL102W,YDR245W,0,2.5787258,0.3946036994457245,0.3513513505458832,0.05390390381217003
YFR031C,YIL132C,1,2.5755143,0.3956229090690613,0.35285285115242004,0.05390390381217003
YPL110C,YCR057C,0,2.5681572,0.3949579894542694,0.35285285115242004,0.054054055362939835
YLR107W,YJR031C,0,2.5669355,0.3942953050136566,0.35285285115242004,0.05420420318841934
YLL003W,YGR199W,0,2.5645237,0.3936348557472229,0.35285285115242004,0.05435435473918915
YLR183C,YOR180C,0,2.5644705,0.3929765820503235,0.35285285115242004,0.054504506289958954
YLR182W,YPL163C,0,2.561967,0.39232054352760315,0.35285285115242004,0.05465465411543846
YEL062W,YDR403W,0,2.5591264,0.3916666805744171,0.35285285115242004,0.05480480566620827
YNL271C,YGR167W,0,2.5583782,0.391014963388443,0.35285285115242004,0.054954953491687775
YGL203C,YMR075W,0,2.5561266,0.39036545157432556,0.35285285115242004,0.05510510504245758
YDL140C,YHR058C,0,2.5526311,0.38971808552742004,0.35285285115242004,0.055255256593227386
YOR071C,YGL241W,0,2.551055,0.38907283544540405,0.35285285115242004,0.055405404418706894
YNR006W,YHR168W,0,2.548249,0.38842976093292236,0.35285285115242004,0.0555555559694767
YER014C-A,YLR020C,0,2.5440526,0.3877887725830078,0.35285285115242004,0.055705707520246506
YHR002W,YOL101C,0,2.5404,0.3871499300003052,0.35285285115242004,0.05585585534572601
YIR025W,YFR036W,1,2.5364313,0.3881579041481018,0.3543543517589569,0.05585585534572601
YBR128C,YGR239C,0,2.5361533,0.38752052187919617,0.3543543517589569,0.05600600689649582
YMR168C,YMR117C,1,2.53515,0.38852459192276,0.3558558523654938,0.05600600689649582
YPL180W,YOR038C,0,2.5349593,0.38788869976997375,0.3558558523654938,0.05615615472197533
YLR024C,YMR115W,0,2.534552,0.38725489377975464,0.3558558523654938,0.05630630627274513
YBR020W,YLR088W,0,2.5327272,0.38662317395210266,0.3558558523654938,0.05645645782351494
YOR180C,YPR133W-A,0,2.531478,0.38599348068237305,0.3558558523654938,0.056606605648994446
YLL033W,YOR353C,0,2.5307739,0.3853658437728882,0.3558558523654938,0.05675675719976425
YOL145C,YIR025W,1,2.5300674,0.3863636255264282,0.35735735297203064,0.05675675719976425
YKL203C,YBL089W,0,2.5291169,0.38573744893074036,0.35735735297203064,0.05690690875053406
YDR081C,YPL208W,0,2.5274584,0.38511326909065247,0.35735735297203064,0.057057056576013565
YIL142W,YMR218C,0,2.5264988,0.38449111580848694,0.35735735297203064,0.05720720812678337
YJR092W,YKR002W,0,2.523419,0.3838709592819214,0.35735735297203064,0.05735735595226288
YJR006W,YNR015W,0,2.522505,0.3832528293132782,0.35735735297203064,0.057507507503032684
YMR078C,YNL290W,1,2.52201,0.3842443823814392,0.3588588535785675,0.057507507503032684
YMR284W,YDR195W,0,2.5210476,0.38362759351730347,0.3588588535785675,0.05765765905380249
YGR113W,YNL262W,1,2.518982,0.38461539149284363,0.36036035418510437,0.05765765905380249
YMR117C,YNL290W,1,2.5179648,0.3856000006198883,0.36186185479164124,0.05765765905380249
YPL099C,YDR404C,0,2.517054,0.38498401641845703,0.36186185479164124,0.057807806879282
YPL042C,YOR148C,0,2.5131297,0.38437002897262573,0.36186185479164124,0.057957958430051804
YPL127C,YMR077C,0,2.5130951,0.38375794887542725,0.36186185479164124,0.05810810625553131
YDR285W,YGR113W,1,2.512634,0.38473767042160034,0.3633633553981781,0.05810810625553131
YMR241W,YLR024C,0,2.512426,0.3841269910335541,0.3633633553981781,0.05825825780630112
YIL143C,YNL297C,0,2.5094738,0.3835182189941406,0.3633633553981781,0.05840840935707092
YOL052C,YDL216C,0,2.505534,0.3829113841056824,0.3633633553981781,0.05855855718255043
YMR168C,YLR394W,1,2.50328,0.3838862478733063,0.36486485600471497,0.05855855718255043
YDR285W,YDR260C,1,2.5029733,0.38485804200172424,0.36636635661125183,0.05855855718255043
YHR074W,YKL095W,0,2.499689,0.38425198197364807,0.36636635661125183,0.058708708733320236
YLL003W,YKR002W,0,2.4995885,0.3836477994918823,0.36636635661125183,0.05885886028409004
YLL002W,YOL136C,0,2.4987268,0.3830455243587494,0.36636635661125183,0.05900900810956955
YDL227C,YKL205W,0,2.4981136,0.3824451267719269,0.36636635661125183,0.059159159660339355
YNL273W,YDR260C,1,2.495593,0.38341158628463745,0.3678678572177887,0.059159159660339355
YOR274W,YDR076W,0,2.4941761,0.3828125,0.3678678572177887,0.05930930748581886
YDL227C,YJL117W,0,2.4938433,0.382215291261673,0.3678678572177887,0.05945945903658867
YPL042C,YPR083W,0,2.4920042,0.381619930267334,0.3678678572177887,0.059609610587358475
YFR031C,YGR179C,1,2.4885852,0.3825816512107849,0.36936935782432556,0.059609610587358475
YDR263C,YKL190W,0,2.4881938,0.3819875717163086,0.36936935782432556,0.05975975841283798
YPR194C,YNL314W,0,2.486921,0.3813953399658203,0.36936935782432556,0.05990990996360779
YNL258C,YDR218C,0,2.486321,0.38080495595932007,0.36936935782432556,0.060060061514377594
YLR394W,YNL290W,1,2.4859204,0.38176196813583374,0.3708708584308624,0.060060061514377594
YGR179C,YAL031C,1,2.483563,0.3827160596847534,0.3723723590373993,0.060060061514377594
YDR254W,YFR036W,1,2.4833477,0.3836671710014343,0.37387385964393616,0.060060061514377594
YJR119C,YDR410C,0,2.4805434,0.383076936006546,0.37387385964393616,0.0602102093398571
YNL297C,YDR373W,0,2.4774554,0.382488489151001,0.37387385964393616,0.06036036089062691
YJR112W,YAL031C,1,2.4771168,0.38343557715415955,0.3753753900527954,0.06036036089062691
YNL163C,YOL043C,0,2.4760904,0.3828483819961548,0.3753753900527954,0.060510508716106415
YPR162C,YBL011W,0,2.4732444,0.3822630047798157,0.3753753900527954,0.06066066026687622
YJR051W,YGL259W,0,2.4693892,0.38167938590049744,0.3753753900527954,0.06081081181764603
YDR205W,YPL147W,0,2.4685895,0.38109755516052246,0.3753753900527954,0.060960959643125534
YOL104C,YNR010W,1,2.4672077,0.3820395767688751,0.3768768906593323,0.060960959643125534
YKR036C,YKL175W,0,2.4666564,0.38145896792411804,0.3768768906593323,0.06111111119389534
YNL172W,YNL307C,1,2.4661672,0.3823975622653961,0.37837839126586914,0.06111111119389534
YIR005W,YJL176C,0,2.4659245,0.38181817531585693,0.37837839126586914,0.061261262744665146
YNL262W,YOL104C,1,2.4642186,0.3827534019947052,0.379879891872406,0.061261262744665146
YDL028C,YPR135W,1,2.463686,0.38368579745292664,0.38138139247894287,0.061261262744665146
YKL201C,YPL218W,0,2.462695,0.38310709595680237,0.38138139247894287,0.06141141057014465
YMR159C,YGR276C,0,2.4626448,0.3825301229953766,0.38138139247894287,0.06156156212091446
YOR159C,YMR008C,0,2.4582574,0.3819548785686493,0.38138139247894287,0.06171170994639397
YLL004W,YPR001W,0,2.452922,0.38138139247894287,0.38138139247894287,0.06186186149716377
YMR168C,YIR025W,1,2.4526756,0.38230884075164795,0.38288289308547974,0.06186186149716377
YGR113W,YGL190C,1,2.4512777,0.38323354721069336,0.3843843936920166,0.06186186149716377
YOR025W,YMR065W,0,2.450512,0.3826606869697571,0.3843843936920166,0.06201201304793358
YMR019W,YKR026C,0,2.4489794,0.3820895552635193,0.3843843936920166,0.062162160873413086
YOR388C,YPR133W-A,0,2.4461133,0.3815201222896576,0.3843843936920166,0.06231231242418289
YNL172W,YAL016W,1,2.444667,0.3824404776096344,0.38588589429855347,0.06231231242418289
YGR081C,YLR033W,0,2.4442286,0.3818722069263458,0.38588589429855347,0.0624624639749527
YMR168C,YKR054C,1,2.4425132,0.3827893137931824,0.38738739490509033,0.0624624639749527
YMR013C,YPL042C,0,2.4423006,0.3822222352027893,0.38738739490509033,0.0626126155257225
YBR275C,YJL134W,0,2.442132,0.38165679574012756,0.38738739490509033,0.06276275962591171
YKR055W,YPL139C,0,2.4421191,0.3810930550098419,0.38738739490509033,0.06291291117668152
YML099C,YJL071W,0,2.4412088,0.38053098320961,0.38738739490509033,0.06306306272745132
YKR103W,YER022W,0,2.4408233,0.3799705505371094,0.38738739490509033,0.06321321427822113
YDR285W,YFR036W,1,2.4400742,0.3808823525905609,0.3888888955116272,0.06321321427822113
YJR006W,YDR369C,0,2.4394956,0.38032305240631104,0.3888888955116272,0.06336336582899094
YLL029W,YMR179W,0,2.4382746,0.3797653913497925,0.3888888955116272,0.06351350992918015
YNL304W,YHR051W,0,2.435693,0.37920936942100525,0.3888888955116272,0.06366366147994995
YKR054C,YOL104C,1,2.4329467,0.3801169693470001,0.39039039611816406,0.06366366147994995
YHR164C,YGR276C,0,2.432856,0.37956205010414124,0.39039039611816406,0.06381381303071976
YDR369C,YDL040C,0,2.4305139,0.3790087401866913,0.39039039611816406,0.06396396458148956
YNL026W,YDR195W,0,2.4303877,0.37845706939697266,0.39039039611816406,0.06411411613225937
YDR351W,YLR103C,0,2.4291587,0.3779069781303406,0.39039039611816406,0.06426426768302917
YPR189W,YJL024C,0,2.4290767,0.37735849618911743,0.39039039611816406,0.06441441178321838
YNL273W,YLR321C,1,2.4276848,0.37826088070869446,0.3918918967247009,0.06441441178321838
YOL054W,YLR151C,0,2.4203649,0.37771347165107727,0.3918918967247009,0.06456456333398819
YHR109W,YHR057C,0,2.419478,0.37716764211654663,0.3918918967247009,0.064714714884758
YGR113W,YJR112W,1,2.4171777,0.37806639075279236,0.3933933973312378,0.064714714884758
YLR285W,YIL046W,0,2.4169602,0.3775216042995453,0.3933933973312378,0.0648648664355278
YJR138W,YOR349W,0,2.41613,0.37697842717170715,0.3933933973312378,0.06501501798629761
YDR285W,YNL273W,1,2.414089,0.37787356972694397,0.39489489793777466,0.06501501798629761
YOR279C,YOR327C,0,2.4127142,0.377331405878067,0.39489489793777466,0.06516516208648682
YGR169C,YBR095C,0,2.4118958,0.3767908215522766,0.39489489793777466,0.06531531363725662
YJR053W,YLR016C,0,2.4111295,0.37625178694725037,0.39489489793777466,0.06546546518802643
YIL128W,YDR527W,0,2.4106307,0.3757142722606659,0.39489489793777466,0.06561561673879623
YLR329W,YIR032C,0,2.4105902,0.3751783072948456,0.39489489793777466,0.06576576828956604
YBR247C,YMR179W,0,2.408631,0.37464386224746704,0.39489489793777466,0.06591591238975525
YNR031C,YMR077C,0,2.408165,0.37411096692085266,0.39489489793777466,0.06606606394052505
YFR031C,YNL273W,1,2.4078276,0.375,0.3963963985443115,0.06606606394052505
YKR103W,YKR102W,0,2.4074366,0.3744680881500244,0.3963963985443115,0.06621621549129486
YHR119W,YMR273C,0,2.4058309,0.3739376664161682,0.3963963985443115,0.06636636704206467
YDR369C,YNL016W,0,2.405287,0.3734087646007538,0.3963963985443115,0.06651651859283447
YMR117C,YGL190C,1,2.4045985,0.3742937743663788,0.3978978991508484,0.06651651859283447
YDR414C,YMR019W,0,2.400572,0.37376585602760315,0.3978978991508484,0.06666667014360428
YIR025W,YBL079W,1,2.3988593,0.3746478855609894,0.39939939975738525,0.06666667014360428
YNR015W,YIR005W,0,2.398236,0.37412095069885254,0.39939939975738525,0.06681681424379349
YDR351W,YDL047W,0,2.3975873,0.3735955059528351,0.39939939975738525,0.0669669657945633
YJL011C,YMR137C,0,2.397574,0.3730715215206146,0.39939939975738525,0.0671171173453331
YMR032W,YCR002C,0,2.3975563,0.37254902720451355,0.39939939975738525,0.0672672688961029
YKR054C,YGL190C,1,2.3971364,0.3734265863895416,0.4009009003639221,0.0672672688961029
YDR079W,YJL214W,0,2.3966272,0.37290501594543457,0.4009009003639221,0.06741742044687271
YER175C,YOR038C,0,2.3965635,0.3723849356174469,0.4009009003639221,0.06756756454706192
YOL141W,YJR140C,0,2.395968,0.37186628580093384,0.4009009003639221,0.06771771609783173
YPL200W,YNL290W,1,2.3922682,0.37273991107940674,0.402402400970459,0.06771771609783173
YNL304W,YNL121C,0,2.3900244,0.3722222149372101,0.402402400970459,0.06786786764860153
YMR008C,YDR373W,0,2.389334,0.37170594930648804,0.402402400970459,0.06801801919937134
YPR189W,YJL187C,0,2.3860474,0.371191143989563,0.402402400970459,0.06816817075014114
YDL077C,YKL095W,0,2.3851192,0.37067773938179016,0.402402400970459,0.06831831485033035
YGL050W,YLR103C,0,2.3849797,0.37016573548316956,0.402402400970459,0.06846846640110016
YGR167W,YDR457W,0,2.3847992,0.36965516209602356,0.402402400970459,0.06861861795186996
YFR031C,YDL028C,1,2.3812847,0.3705234229564667,0.40390390157699585,0.06861861795186996
YJR138W,YLL033W,0,2.3811126,0.3700137436389923,0.40390390157699585,0.06876876950263977
YMR019W,YOR209C,0,2.3783069,0.36950549483299255,0.40390390157699585,0.06891892105340958
YPR189W,YKL203C,0,2.3781507,0.36899861693382263,0.40390390157699585,0.06906907260417938
YOR298W,YMR272C,0,2.3781168,0.36849313974380493,0.40390390157699585,0.06921921670436859
YJR051W,YLR386W,0,2.3774922,0.36798906326293945,0.40390390157699585,0.0693693682551384
YPR083W,YDL035C,0,2.3752337,0.3674863278865814,0.40390390157699585,0.0695195198059082
YOL066C,YMR025W,0,2.3746054,0.3669849932193756,0.40390390157699585,0.06966967135667801
YDR454C,YPR006C,0,2.3730702,0.36648499965667725,0.40390390157699585,0.06981982290744781
YPR135W,YNL262W,1,2.3729777,0.36734694242477417,0.4054054021835327,0.06981982290744781
YPL200W,YNR010W,1,2.370335,0.36820653080940247,0.4069069027900696,0.06981982290744781
YHR004C,YOR216C,0,2.3692539,0.36770692467689514,0.4069069027900696,0.06996996700763702
YNL261W,YJL024C,0,2.368023,0.36720865964889526,0.4069069027900696,0.07012011855840683
YGR113W,YKL022C,1,2.3680193,0.3680649399757385,0.40840840339660645,0.07012011855840683
YPL007C,YEL029C,0,2.3672864,0.3675675690174103,0.40840840339660645,0.07027027010917664
YFL033C,YBL085W,0,2.363522,0.3670715391635895,0.40840840339660645,0.07042042165994644
YDR254W,YFR031C,1,2.3629966,0.3679245412349701,0.4099099040031433,0.07042042165994644
YNL262W,YBL079W,1,2.3626475,0.36877524852752686,0.4114114046096802,0.07042042165994644
YOL070C,YOR038C,0,2.3623846,0.3682795763015747,0.4114114046096802,0.07057057321071625
YLR314C,YLR285W,0,2.3619516,0.36778524518013,0.4114114046096802,0.07072071731090546
YKL203C,YIL035C,0,2.361359,0.36729222536087036,0.4114114046096802,0.07087086886167526
YGL237C,YLR043C,0,2.3607552,0.36680054664611816,0.4114114046096802,0.07102102041244507
YDR454C,YBL052C,0,2.3601713,0.36631014943122864,0.4114114046096802,0.07117117196321487
YOL102C,YNR057C,0,2.3595183,0.36582109332084656,0.4114114046096802,0.07132132351398468
YBL041W,YNL283C,0,2.3591547,0.36533331871032715,0.4114114046096802,0.07147147506475449
YNL283C,YIL095W,0,2.3581798,0.3648468852043152,0.4114114046096802,0.0716216191649437
YGR171C,YBR061C,0,2.356575,0.3643617033958435,0.4114114046096802,0.0717717707157135
YOL145C,YMR168C,1,2.3551207,0.365205854177475,0.41291290521621704,0.0717717707157135
YGL212W,YIL079C,0,2.3543694,0.36472147703170776,0.41291290521621704,0.0719219222664833
YDL036C,YGR268C,0,2.3539119,0.3642384111881256,0.41291290521621704,0.07207207381725311
YJL071W,YHR082C,0,2.3534465,0.36375662684440613,0.41291290521621704,0.07222222536802292
YEL030W,YDR240C,0,2.3520226,0.36327609419822693,0.41291290521621704,0.07237236946821213
YHR074W,YPR133W-A,0,2.3490782,0.3627968430519104,0.41291290521621704,0.07252252101898193
YGR052W,YAL022C,0,2.3461952,0.36231884360313416,0.41291290521621704,0.07267267256975174
YJR005W,YGL113W,0,2.3460915,0.3618420958518982,0.41291290521621704,0.07282282412052155
YBR120C,YIR018W,0,2.345568,0.3613666296005249,0.41291290521621704,0.07297297567129135
YNR002C,YKR026C,0,2.344577,0.3608923852443695,0.41291290521621704,0.07312311977148056
YPL223C,YPL065W,0,2.3445494,0.3604193925857544,0.41291290521621704,0.07327327132225037
YOR261C,YPR152C,0,2.3441916,0.35994765162467957,0.41291290521621704,0.07342342287302017
YPR111W,YMR301C,0,2.344032,0.35947713255882263,0.41291290521621704,0.07357357442378998
YGL180W,YEL070W,0,2.3438075,0.3590078353881836,0.41291290521621704,0.07372372597455978
YLR425W,YNL182C,0,2.3428416,0.35853976011276245,0.41291290521621704,0.07387387752532959
YMR078C,YGR089W,1,2.342067,0.359375,0.4144144058227539,0.07387387752532959
YNR006W,YNL258C,0,2.3414316,0.35890766978263855,0.4144144058227539,0.0740240216255188
YNL163C,YDL216C,0,2.3396156,0.358441561460495,0.4144144058227539,0.0741741731762886
YLR285W,YKL203C,0,2.338416,0.35797664523124695,0.4144144058227539,0.07432432472705841
YCL014W,YPR159W,0,2.337669,0.3575129508972168,0.4144144058227539,0.07447447627782822
YOR323C,YPL167C,0,2.3353832,0.35705044865608215,0.4144144058227539,0.07462462782859802
YMR270C,YNL078W,0,2.3348186,0.356589138507843,0.4144144058227539,0.07477477192878723
YGL226C-A,YGL060W,0,2.333868,0.3561290204524994,0.4144144058227539,0.07492492347955704
YNL271C,YPL127C,0,2.3338118,0.35567009449005127,0.4144144058227539,0.07507507503032684
YKL020C,YIL135C,0,2.3336666,0.35521236062049866,0.4144144058227539,0.07522522658109665
YJR092W,YLR425W,0,2.3323545,0.35475578904151917,0.4144144058227539,0.07537537813186646
YKL206C,YOR180C,0,2.3323314,0.3543003797531128,0.4144144058227539,0.07552552223205566
YLR305C,YGR143W,0,2.3321128,0.35384616255760193,0.4144144058227539,0.07567567378282547
YDL070W,YOL108C,0,2.330236,0.3533930778503418,0.4144144058227539,0.07582582533359528
YOR194C,YJR101W,0,2.3294497,0.3529411852359772,0.4144144058227539,0.07597597688436508
YIL132C,YJR112W,1,2.3275757,0.3537675738334656,0.41591590642929077,0.07597597688436508
YMR065W,YBR037C,0,2.3270767,0.3533163368701935,0.41591590642929077,0.07612612843513489
YOR138C,YDR240C,0,2.3264978,0.3528662323951721,0.41591590642929077,0.0762762799859047
YGL172W,YOR313C,0,2.3262641,0.3524172902107239,0.41591590642929077,0.0764264240860939
YBR183W,YGL209W,0,2.3248246,0.35196951031684875,0.41591590642929077,0.07657657563686371
YLR163C,YBR074W,0,2.3229077,0.351522833108902,0.41591590642929077,0.07672672718763351
YMR227C,YGR271W,0,2.3225763,0.3510773181915283,0.41591590642929077,0.07687687873840332
YGL237C,YHR059W,0,2.3219562,0.350632905960083,0.41591590642929077,0.07702703028917313
YJL187C,YER150W,0,2.3211107,0.3501896262168884,0.41591590642929077,0.07717717438936234
YBR002C,YEL062W,0,2.3197103,0.3497474789619446,0.41591590642929077,0.07732732594013214
YDR030C,YGL241W,0,2.3195496,0.3493064343929291,0.41591590642929077,0.07747747749090195
YGR171C,YPL244C,0,2.3186615,0.3488664925098419,0.41591590642929077,0.07762762904167175
YIL170W,YOL028C,0,2.3179498,0.3484276831150055,0.41591590642929077,0.07777778059244156
YKL093W,YDL216C,0,2.3174863,0.347989946603775,0.41591590642929077,0.07792792469263077
YNL236W,YAL039C,0,2.3170109,0.3475533127784729,0.41591590642929077,0.07807807624340057
YNL273W,YGL190C,1,2.3155909,0.3483709394931793,0.41741740703582764,0.07807807624340057
YPL082C,YHR168W,0,2.3122387,0.34793493151664734,0.41741740703582764,0.07822822779417038
YNL262W,YNL290W,1,2.311521,0.3487499952316284,0.4189189076423645,0.07822822779417038
YCL004W,YBR129C,0,2.3113997,0.3483146131038666,0.4189189076423645,0.07837837934494019
YLR209C,YDR159W,0,2.3108337,0.3478803038597107,0.4189189076423645,0.07852853089570999
YBR202W,YIL143C,0,2.3107834,0.34744706749916077,0.4189189076423645,0.0786786749958992
YDL142C,YGR238C,0,2.3097825,0.3470149338245392,0.4189189076423645,0.078828826546669
YKR054C,YNR010W,1,2.3072362,0.3478260934352875,0.42042040824890137,0.078828826546669
YLR321C,YFR036W,1,2.3067822,0.3486352264881134,0.42192190885543823,0.078828826546669
YPL064C,YDL245C,0,2.3061025,0.34820321202278137,0.42192190885543823,0.07897897809743881
YPL200W,YGR179C,1,2.3047113,0.3490099012851715,0.4234234094619751,0.07897897809743881
YBL058W,YGL112C,0,2.3041754,0.34857848286628723,0.4234234094619751,0.07912912964820862
YOR159C,YDL035C,0,2.3034577,0.3481481373310089,0.4234234094619751,0.07927928119897842
YMR078C,YLR394W,1,2.3026752,0.34895190596580505,0.42492491006851196,0.07927928119897842
YPL200W,YPR135W,1,2.3021154,0.3497537076473236,0.4264264404773712,0.07927928119897842
YDR310C,YML097C,0,2.301825,0.34932348132133484,0.4264264404773712,0.07942943274974823
YKL093W,YPL050C,0,2.3012595,0.3488943576812744,0.4264264404773712,0.07957957684993744
YMR168C,YJR112W,1,2.299228,0.349693238735199,0.4279279410839081,0.07957957684993744
YIL061C,YOR138C,0,2.2985253,0.3492647111415863,0.4279279410839081,0.07972972840070724
YLR314C,YHR082C,0,2.2979035,0.3488371968269348,0.4279279410839081,0.07987987995147705
YJR031C,YLR309C,0,2.2950609,0.3484107553958893,0.4279279410839081,0.08003003150224686
YHR119W,YDR472W,0,2.2938628,0.3479853570461273,0.4279279410839081,0.08018018305301666
YDR254W,YDR285W,1,2.2930505,0.34878048300743103,0.42942944169044495,0.08018018305301666
YIL143C,YPL163C,0,2.2929091,0.34835565090179443,0.42942944169044495,0.08033032715320587
YOR237W,YLR151C,0,2.292831,0.3479318618774414,0.42942944169044495,0.08048047870397568
YMR218C,YBL098W,0,2.2905862,0.34750911593437195,0.42942944169044495,0.08063063025474548
YPR135W,YKL022C,1,2.2902555,0.348300963640213,0.4309309422969818,0.08063063025474548
YOL145C,YIR011C,1,2.2888749,0.34909090399742126,0.4324324429035187,0.08063063025474548
YLL004W,YOL090W,0,2.2883115,0.34866827726364136,0.4324324429035187,0.08078078180551529
YLR105C,YLL033W,0,2.2864764,0.34824666380882263,0.4324324429035187,0.0809309333562851
YNL314W,YDR164C,0,2.2859704,0.3478260934352875,0.4324324429035187,0.0810810774564743
YLR047C,YMR270C,0,2.2849035,0.3474065065383911,0.4324324429035187,0.08123122900724411
YOL145C,YGR113W,1,2.2837818,0.3481927812099457,0.43393394351005554,0.08123122900724411
YDL039C,YIR005W,0,2.2824583,0.3477737605571747,0.43393394351005554,0.08138138055801392
YOL045W,YHR058C,0,2.282262,0.34735578298568726,0.43393394351005554,0.08153153210878372
YJR010W,YOR349W,0,2.2819214,0.3469387888908386,0.43393394351005554,0.08168168365955353
YKL206C,YDR218C,0,2.281497,0.3465227782726288,0.43393394351005554,0.08183183521032333
YIR005W,YKR028W,0,2.28087,0.3461077809333801,0.43393394351005554,0.08198197931051254
YNL117W,YPL096W,0,2.280817,0.34569376707077026,0.43393394351005554,0.08213213086128235
YNR031C,YNR072W,0,2.2805896,0.3452807664871216,0.43393394351005554,0.08228228241205215
YGL174W,YER046W,0,2.279141,0.3448687493801117,0.43393394351005554,0.08243243396282196
YMR168C,YDR254W,1,2.278657,0.3456495702266693,0.4354354441165924,0.08243243396282196
YDR499W,YGL051W,0,2.2772322,0.3452380895614624,0.4354354441165924,0.08258258551359177
YOR071C,YHL034C,0,2.276411,0.3448275923728943,0.4354354441165924,0.08273272961378098
YMR115W,YNL219C,0,2.2759762,0.3444180488586426,0.4354354441165924,0.08288288116455078
YEL031W,YJR040W,0,2.2732327,0.34400948882102966,0.4354354441165924,0.08303303271532059
YDR082W,YMR227C,0,2.271813,0.34360188245773315,0.4354354441165924,0.0831831842660904
YNL102W,YPL119C,0,2.2717967,0.34319525957107544,0.4354354441165924,0.0833333358168602
YER014C-A,YOR194C,0,2.2714543,0.34278959035873413,0.4354354441165924,0.08348347991704941
YOR301W,YDL024C,0,2.2699623,0.34238487482070923,0.4354354441165924,0.08363363146781921
YML112W,YLR182W,0,2.2687564,0.3419811427593231,0.4354354441165924,0.08378378301858902
YMR039C,YGL244W,0,2.268456,0.34157833456993103,0.4354354441165924,0.08393393456935883
YPL127C,YHR156C,0,2.2676177,0.34117648005485535,0.4354354441165924,0.08408408612012863
YGR180C,YGR271W,0,2.2667403,0.3407755494117737,0.4354354441165924,0.08423423767089844
YML032C,YAL024C,0,2.2660751,0.3403755724430084,0.4354354441165924,0.08438438177108765
YGR036C,YJR040W,0,2.2660477,0.33997654914855957,0.4354354441165924,0.08453453332185745
YGL060W,YHR008C,0,2.2651894,0.33957844972610474,0.4354354441165924,0.08468468487262726
YJL030W,YGR179C,1,2.2647817,0.340350866317749,0.4369369447231293,0.08468468487262726
YNL307C,YNL290W,1,2.264032,0.34112149477005005,0.43843844532966614,0.08468468487262726
YKR019C,YPR060C,0,2.2638152,0.34072345495224,0.43843844532966614,0.08483483642339706
YMR182C,YOR301W,0,2.2635417,0.34032633900642395,0.43843844532966614,0.08498498797416687
YGL241W,YDR140W,0,2.263125,0.33993014693260193,0.43843844532966614,0.08513513207435608
YLR380W,YEL056W,0,2.2629168,0.3395348787307739,0.43843844532966614,0.08528528362512589
YBR222C,YDL077C,0,2.262595,0.33914053440093994,0.43843844532966614,0.08543543517589569
YBR120C,YLR389C,0,2.2615864,0.3387471139431,0.43843844532966614,0.0855855867266655
YER017C,YPL065W,0,2.2608073,0.33835458755493164,0.43843844532966614,0.0857357382774353
YOR239W,YIR005W,0,2.2590888,0.33796295523643494,0.43843844532966614,0.08588588237762451
YLR183C,YER125W,0,2.257645,0.33757224678993225,0.43843844532966614,0.08603603392839432
YDR454C,YKR101W,0,2.2569716,0.3371824622154236,0.43843844532966614,0.08618618547916412
YLL003W,YNL080C,0,2.2565036,0.33679354190826416,0.43843844532966614,0.08633633702993393
YMR218C,YOL062C,0,2.2562833,0.33640551567077637,0.43843844532966614,0.08648648858070374
YLR394W,YDR260C,1,2.2556887,0.33716917037963867,0.439939945936203,0.08648648858070374
YIL132C,YFR036W,1,2.25473,0.3379310369491577,0.44144144654273987,0.08648648858070374
YDL024C,YDL077C,0,2.2524755,0.3375430405139923,0.44144144654273987,0.08663664013147354
YDR518W,YJL095W,0,2.2516897,0.3371559679508209,0.44144144654273987,0.08678678423166275
YFL001W,YLR330W,0,2.2513344,0.3367697596549988,0.44144144654273987,0.08693693578243256
YPR135W,YDR260C,1,2.2496097,0.33752861618995667,0.44294294714927673,0.08693693578243256
YDR067C,YHR058C,0,2.2494137,0.33714285492897034,0.44294294714927673,0.08708708733320236
YKL093W,YDR137W,0,2.249074,0.33675798773765564,0.44294294714927673,0.08723723888397217
YIR005W,YNL182C,0,2.248658,0.3363740146160126,0.44294294714927673,0.08738739043474197
YJR147W,YJR031C,0,2.2472167,0.33599087595939636,0.44294294714927673,0.08753753453493118
YKL022C,YDR260C,1,2.2471826,0.33674630522727966,0.4444444477558136,0.08753753453493118
YIL139C,YPL180W,0,2.2465475,0.33636364340782166,0.4444444477558136,0.08768768608570099
YPL200W,YAL031C,1,2.2457802,0.33711692690849304,0.44594594836235046,0.08768768608570099
YPL200W,YGR113W,1,2.2450793,0.33786848187446594,0.44744744896888733,0.08768768608570099
YBR111W-A,YMR186W,0,2.2423806,0.3374858498573303,0.44744744896888733,0.0878378376364708
YDL179W,YNL236W,0,2.2419672,0.33710408210754395,0.44744744896888733,0.0879879891872406
YMR117C,YGR089W,1,2.24193,0.3378531038761139,0.4489489495754242,0.0879879891872406
YDR499W,YGL071W,0,2.2409506,0.33747178316116333,0.4489489495754242,0.0881381407380104
YDL107W,YFL013C,0,2.240724,0.337091326713562,0.4489489495754242,0.08828828483819962
YMR218C,YAR035W,0,2.2384593,0.33671170473098755,0.4489489495754242,0.08843843638896942
YDR229W,YGR276C,0,2.2382662,0.33633294701576233,0.4489489495754242,0.08858858793973923
YNL006W,YDR081C,0,2.2374585,0.33595505356788635,0.4489489495754242,0.08873873949050903
YDR285W,YGL190C,1,2.2370067,0.33670035004615784,0.45045045018196106,0.08873873949050903
YBL034C,YLR350W,0,2.2368016,0.3363228738307953,0.45045045018196106,0.08888889104127884
YDR383C,YNL032W,0,2.2367039,0.335946261882782,0.45045045018196106,0.08903904259204865
YIL088C,YLL003W,0,2.2361333,0.33557048439979553,0.45045045018196106,0.08918918669223785
YHR069C,YCL032W,0,2.2361028,0.33519554138183594,0.45045045018196106,0.08933933824300766
YOL104C,YGL190C,1,2.23509,0.3359375,0.4519519507884979,0.08933933824300766
YDR254W,YLR394W,1,2.2344496,0.33667781949043274,0.4534534513950348,0.08933933824300766
YMR168C,YNL172W,1,2.2335703,0.33741647005081177,0.45495495200157166,0.08933933824300766
YDR079W,YOL102C,0,2.233313,0.3370411694049835,0.45495495200157166,0.08948948979377747
YJR055W,YFL048C,0,2.2332644,0.33666667342185974,0.45495495200157166,0.08963964134454727
YKR103W,YDR159W,0,2.232972,0.3362930119037628,0.45495495200157166,0.08978979289531708
YKR054C,YJR112W,1,2.2328596,0.337028831243515,0.4564564526081085,0.08978979289531708
YIL061C,YER150W,0,2.2294068,0.3366555869579315,0.4564564526081085,0.08993993699550629
YKL217W,YER185W,0,2.228121,0.3362831771373749,0.4564564526081085,0.09009008854627609
YLR305C,YJR031C,0,2.2253962,0.3359116017818451,0.4564564526081085,0.0902402400970459
YOR194C,YBR222C,0,2.2251709,0.3355408310890198,0.4564564526081085,0.0903903916478157
YGR221C,YDL246C,0,2.223244,0.3351708948612213,0.4564564526081085,0.09054054319858551
YOL045W,YGR171C,0,2.2224483,0.3348017632961273,0.4564564526081085,0.09069068729877472
YPR162C,YBR282W,0,2.2214174,0.3344334363937378,0.4564564526081085,0.09084083884954453
YLR043C,YDR332W,0,2.2206054,0.3340659439563751,0.4564564526081085,0.09099099040031433
YGR113W,YMR078C,1,2.2179213,0.3347969353199005,0.4579579532146454,0.09099099040031433
YLR452C,YDR364C,0,2.2177145,0.3344298303127289,0.4579579532146454,0.09114114195108414
YHR077C,YLR389C,0,2.217589,0.3340635299682617,0.4579579532146454,0.09129129350185394
YHR179W,YJR147W,0,2.2175727,0.333698034286499,0.4579579532146454,0.09144144505262375
YKR102W,YGL216W,0,2.215954,0.3333333432674408,0.4579579532146454,0.09159158915281296
YJR140C,YDR392W,0,2.2157836,0.33296942710876465,0.4579579532146454,0.09174174070358276
YDR499W,YLR047C,0,2.2144074,0.33260631561279297,0.4579579532146454,0.09189189225435257
YNL314W,YPL011C,0,2.213385,0.33224400877952576,0.4579579532146454,0.09204204380512238
YPL200W,YNL262W,1,2.210917,0.33297061920166016,0.45945945382118225,0.09204204380512238
YLR380W,YEL070W,0,2.2096865,0.332608699798584,0.45945945382118225,0.09219219535589218
YGR288W,YNL032W,0,2.2090867,0.3322475552558899,0.45945945382118225,0.09234233945608139
YDR499W,YJL004C,0,2.2088885,0.33188721537590027,0.45945945382118225,0.0924924910068512
YKL201C,YLR024C,0,2.2084274,0.33152762055397034,0.45945945382118225,0.092642642557621
YLR390W,YDL039C,0,2.2070394,0.3311688303947449,0.45945945382118225,0.09279279410839081
YGL244W,YJL071W,0,2.2068443,0.3308108150959015,0.45945945382118225,0.09294294565916061
YER098W,YLL043W,0,2.2065217,0.3304535746574402,0.45945945382118225,0.09309308975934982
YDR351W,YHR164C,0,2.2060113,0.3300970792770386,0.45945945382118225,0.09324324131011963
YOL141W,YJR151C,0,2.2057335,0.32974138855934143,0.45945945382118225,0.09339339286088943
YLR024C,YDR449C,0,2.2050962,0.329386442899704,0.45945945382118225,0.09354354441165924
YNR044W,YOR353C,0,2.2050004,0.3290322721004486,0.45945945382118225,0.09369369596242905
YOR261C,YDR159W,0,2.2043297,0.32867884635925293,0.45945945382118225,0.09384384751319885
YDL036C,YJL214W,0,2.203234,0.32832616567611694,0.45945945382118225,0.09399399161338806
YLR153C,YDR373W,0,2.2031252,0.3279742896556854,0.45945945382118225,0.09414414316415787
YLR394W,YJR112W,1,2.2028487,0.32869377732276917,0.4609609544277191,0.09414414316415787
YLR404W,YHR109W,0,2.2010522,0.3283422589302063,0.4609609544277191,0.09429429471492767
YDR172W,YKR044W,0,2.2000566,0.32799145579338074,0.4609609544277191,0.09444444626569748
YLR394W,YAL031C,1,2.1986127,0.3287086486816406,0.462462455034256,0.09444444626569748
YDR512C,YHR060W,0,2.1976418,0.3283582031726837,0.462462455034256,0.09459459781646729
YGR238C,YDR472W,0,2.196455,0.3280085325241089,0.462462455034256,0.0947447419166565
YJR010W,YHR041C,0,2.1961036,0.32765957713127136,0.462462455034256,0.0948948934674263
YGL220W,YGL060W,0,2.1959412,0.32731136679649353,0.462462455034256,0.0950450450181961
YJR006W,YPL007C,0,2.1953425,0.3269639015197754,0.462462455034256,0.09519519656896591
YMR115W,YLR088W,0,2.1940298,0.32661718130111694,0.462462455034256,0.09534534811973572
YDL028C,YNL273W,1,2.1937318,0.32733049988746643,0.46396395564079285,0.09534534811973572
YBR020W,YLL043W,0,2.1922822,0.32698413729667664,0.46396395564079285,0.09549549221992493
YOR074C,YPL007C,0,2.1906304,0.32663848996162415,0.46396395564079285,0.09564564377069473
YLR024C,YGL259W,0,2.1905146,0.32629355788230896,0.46396395564079285,0.09579579532146454
YDR460W,YNR057C,0,2.189096,0.32594937086105347,0.46396395564079285,0.09594594687223434
YJR092W,YDR454C,0,2.189022,0.3256058990955353,0.46396395564079285,0.09609609842300415
YNL273W,YAL016W,1,2.1882806,0.3263157904148102,0.4654654562473297,0.09609609842300415
YNL080C,YJL095W,0,2.1882372,0.32597264647483826,0.4654654562473297,0.09624624252319336
YDR030C,YEL029C,0,2.186492,0.325630247592926,0.4654654562473297,0.09639639407396317
YPR024W,YKR036C,0,2.1860814,0.3252885639667511,0.4654654562473297,0.09654654562473297
YNL273W,YGR113W,1,2.1859477,0.3259958028793335,0.4669669568538666,0.09654654562473297
YIL128W,YGL183C,0,2.1843696,0.32565444707870483,0.4669669568538666,0.09669669717550278
YKR054C,YNL290W,1,2.1841717,0.3263598382472992,0.46846845746040344,0.09669669717550278
YFR029W,YLR043C,0,2.1838245,0.3260188102722168,0.46846845746040344,0.09684684872627258
YDL028C,YNL307C,1,2.182755,0.32672232389450073,0.4699699580669403,0.09684684872627258
YKL117W,YLR383W,0,2.1827495,0.326381653547287,0.4699699580669403,0.09699700027704239
YNL016W,YDR140W,0,2.1799142,0.32604166865348816,0.4699699580669403,0.0971471443772316
YGR145W,YML049C,0,2.1793132,0.32570239901542664,0.4699699580669403,0.0972972959280014
YFR021W,YBR129C,0,2.1788502,0.32536381483078003,0.4699699580669403,0.09744744747877121
YML112W,YJL200C,0,2.1786819,0.3250259459018707,0.4699699580669403,0.09759759902954102
YIR025W,YKL022C,1,2.1783152,0.32572615146636963,0.4714714586734772,0.09759759902954102
YDR151C,YEL029C,0,2.17826,0.3253886103630066,0.4714714586734772,0.09774775058031082
YIR011C,YNL262W,1,2.178003,0.32608696818351746,0.47297295928001404,0.09774775058031082
YOL028C,YML036W,0,2.177763,0.3257497549057007,0.47297295928001404,0.09789789468050003
YBR150C,YGR084C,0,2.177463,0.32541322708129883,0.47297295928001404,0.09804804623126984
YLR425W,YMR270C,0,2.1767178,0.3250773847103119,0.47297295928001404,0.09819819778203964
YIL139C,YNL070W,0,2.1766098,0.32474225759506226,0.47297295928001404,0.09834834933280945
YPR072W,YGL094C,0,2.1765983,0.32440781593322754,0.47297295928001404,0.09849850088357925
YJR004C,YAL038W,0,2.17484,0.32407405972480774,0.47297295928001404,0.09864864498376846
YFR031C,YFR036W,1,2.1731877,0.3247687518596649,0.4744744598865509,0.09864864498376846
YPR111W,YPR125W,0,2.1720927,0.3244353234767914,0.4744744598865509,0.09879879653453827
YNR006W,YGL060W,0,2.1719916,0.3241025507450104,0.4744744598865509,0.09894894808530807
YNL273W,YKL022C,1,2.171753,0.32479506731033325,0.47597599029541016,0.09894894808530807
YJL030W,YLR321C,1,2.171741,0.3254861831665039,0.477477490901947,0.09894894808530807
YJR006W,YIR005W,0,2.1713283,0.3251533806324005,0.477477490901947,0.09909909963607788
YLR394W,YNL262W,1,2.1713064,0.3258427083492279,0.4789789915084839,0.09909909963607788
YGL094C,YDL148C,0,2.169035,0.3255102038383484,0.4789789915084839,0.09924925118684769
YJR040W,YNR060W,0,2.1670296,0.3251783847808838,0.4789789915084839,0.09939940273761749
YMR228W,YLR386W,0,2.1654892,0.3248472511768341,0.4789789915084839,0.0995495468378067
YDR285W,YAL031C,1,2.1645956,0.32553407549858093,0.48048049211502075,0.0995495468378067
YMR115W,YLR213C,0,2.1642246,0.3252032399177551,0.48048049211502075,0.09969969838857651
YGL158W,YDL039C,0,2.162989,0.32487308979034424,0.48048049211502075,0.09984984993934631
YMR112C,YDR389W,0,2.161201,0.32454362511634827,0.48048049211502075,0.10000000149011612
YNL271C,YGL186C,0,2.1607604,0.32421478629112244,0.48048049211502075,0.10015015304088593
YDL128W,YMR270C,0,2.1597757,0.3238866329193115,0.48048049211502075,0.10030029714107513
YJL011C,YEL030W,0,2.1572664,0.3235591650009155,0.48048049211502075,0.10045044869184494
YAR002C-A,YMR075W,0,2.1567893,0.3232323229312897,0.48048049211502075,0.10060060024261475
YGR252W,YKR035W-A,0,2.1566339,0.32290616631507874,0.48048049211502075,0.10075075179338455
YFR031C,YNL290W,1,2.1564531,0.32358869910240173,0.4819819927215576,0.10075075179338455
YOL066C,YDL024C,0,2.1563735,0.3232628405094147,0.4819819927215576,0.10090090334415436
YDR207C,YLR316C,0,2.154944,0.32293763756752014,0.4819819927215576,0.10105104744434357
YPL139C,YDL077C,0,2.1547961,0.32261306047439575,0.4819819927215576,0.10120119899511337
YKR035W-A,YHR082C,0,2.1512487,0.3222891688346863,0.4819819927215576,0.10135135054588318
YLL003W,YPL134C,0,2.151184,0.32196590304374695,0.4819819927215576,0.10150150209665298
YKL126W,YER014C-A,0,2.148804,0.32164329290390015,0.4819819927215576,0.10165165364742279
YJR092W,YEL022W,0,2.144914,0.3213213086128235,0.4819819927215576,0.1018018051981926
YIL128W,YOR219C,0,2.1441803,0.32100000977516174,0.4819819927215576,0.1019519492983818
YEL031W,YER022W,0,2.14091,0.32067930698394775,0.4819819927215576,0.10210210084915161
YAL016W,YMR078C,1,2.1408255,0.32135728001594543,0.4834834933280945,0.10210210084915161
YDL028C,YLR321C,1,2.1405265,0.32203391194343567,0.48498499393463135,0.10210210084915161
YDR254W,YNL273W,1,2.1395266,0.32270917296409607,0.4864864945411682,0.10210210084915161
YOL145C,YNL262W,1,2.1376894,0.323383092880249,0.4879879951477051,0.10210210084915161
YFR031C,YDR260C,1,2.1368818,0.32405567169189453,0.48948949575424194,0.10210210084915161
YJR083C,YPL208W,0,2.1366873,0.3237338662147522,0.48948949575424194,0.10225225239992142
YJR057W,YGR252W,0,2.1354504,0.32341268658638,0.48948949575424194,0.10240240395069122
YFR031C,YNR010W,1,2.135284,0.32408323884010315,0.4909909963607788,0.10240240395069122
YOR301W,YGR222W,0,2.1343436,0.3237623870372772,0.4909909963607788,0.10255255550146103
YNL172W,YAL031C,1,2.1318076,0.32443127036094666,0.4924924969673157,0.10255255550146103
YPL151C,YKR006C,0,2.1314278,0.3241106867790222,0.4924924969673157,0.10270269960165024
YNR074C,YMR200W,0,2.131321,0.3237907290458679,0.4924924969673157,0.10285285115242004
YFR021W,YMR213W,0,2.129817,0.32347139716148376,0.4924924969673157,0.10300300270318985
YDR512C,YCR052W,0,2.1291637,0.32315272092819214,0.4924924969673157,0.10315315425395966
YJR005W,YDL225W,0,2.1288724,0.32283464074134827,0.4924924969673157,0.10330330580472946
YPR111W,YER185W,0,2.126712,0.3225172162055969,0.4924924969673157,0.10345344990491867
YDL059C,YLR187W,0,2.1265934,0.32220038771629333,0.4924924969673157,0.10360360145568848
YKR020W,YJL024C,0,2.1265228,0.3218842148780823,0.4924924969673157,0.10375375300645828
YBR195C,YML080W,0,2.124431,0.32156863808631897,0.4924924969673157,0.10390390455722809
YGR052W,YLR268W,0,2.1227489,0.3212536871433258,0.4924924969673157,0.1040540561079979
YML058W-A,YDR174W,0,2.1220486,0.3209393322467804,0.4924924969673157,0.1042042076587677
YGR056W,YOL141W,0,2.1188297,0.3206256031990051,0.4924924969673157,0.10435435175895691
YML049C,YBL098W,0,2.1187415,0.3203125,0.4924924969673157,0.10450450330972672
YMR054W,YNL147W,0,2.1186206,0.3199999928474426,0.4924924969673157,0.10465465486049652
YKL078W,YNR060W,0,2.1171641,0.3196881115436554,0.4924924969673157,0.10480480641126633
YDR240C,YDR229W,0,2.115514,0.3193768262863159,0.4924924969673157,0.10495495796203613
YPR167C,YDR472W,0,2.1143186,0.3190661370754242,0.4924924969673157,0.10510510206222534
YPL163C,YER087C-B,0,2.1131501,0.3187560737133026,0.4924924969673157,0.10525525361299515
YKR036C,YPL167C,0,2.1109815,0.3184466063976288,0.4924924969673157,0.10540540516376495
YOR237W,YOR299W,0,2.109844,0.3181377351284027,0.4924924969673157,0.10555555671453476
YCL024W,YJL117W,0,2.109417,0.3178294599056244,0.4924924969673157,0.10570570826530457
YML032C,YEL030W,0,2.1093936,0.3175217807292938,0.4924924969673157,0.10585585236549377
YPR083W,YFL017W-A,0,2.1086693,0.317214697599411,0.4924924969673157,0.10600600391626358
YMR276W,YJL176C,0,2.1082513,0.31690821051597595,0.4924924969673157,0.10615615546703339
YMR078C,YNL307C,1,2.1077707,0.3175675570964813,0.49399399757385254,0.10615615546703339
YNL085W,YOR299W,0,2.1077547,0.31726133823394775,0.49399399757385254,0.10630630701780319
YKL022C,YJR112W,1,2.107741,0.3179190754890442,0.4954954981803894,0.10630630701780319
YOR388C,YIR018W,0,2.1073148,0.3176130950450897,0.4954954981803894,0.106456458568573
YKL201C,YDL047W,0,2.1069515,0.3173076808452606,0.4954954981803894,0.1066066101193428
YJL128C,YMR213W,0,2.1069274,0.31700289249420166,0.4954954981803894,0.10675675421953201
YER151C,YOR038C,0,2.1067283,0.31669867038726807,0.4954954981803894,0.10690690577030182
YER185W,YJL124C,0,2.1042213,0.31639501452445984,0.4954954981803894,0.10705705732107162
YHR077C,YMR115W,0,2.1036596,0.31609195470809937,0.4954954981803894,0.10720720887184143
YGR081C,YJL112W,0,2.1035435,0.31578946113586426,0.4954954981803894,0.10735736042261124
YKR054C,YIL132C,1,2.1032357,0.3164435923099518,0.49699699878692627,0.10735736042261124
YLR025W,YEL029C,0,2.1027908,0.31614136695861816,0.49699699878692627,0.10750750452280045
YLR130C,YNL078W,0,2.1026871,0.3158397078514099,0.49699699878692627,0.10765765607357025
YNL223W,YDR337W,0,2.1003444,0.315538614988327,0.49699699878692627,0.10780780762434006
YCL024W,YDL039C,0,2.0990462,0.3152380883693695,0.49699699878692627,0.10795795917510986
YJR127C,YOR313C,0,2.0988228,0.31493815779685974,0.49699699878692627,0.10810811072587967
YLR141W,YPR083W,0,2.0985024,0.31463879346847534,0.49699699878692627,0.10825825482606888
YPL134C,YLR440C,0,2.097896,0.3143399953842163,0.49699699878692627,0.10840840637683868
YDR285W,YGR089W,1,2.0971975,0.3149905204772949,0.49849849939346313,0.10840840637683868
YOR054C,YPR119W,0,2.0966856,0.3146919310092926,0.49849849939346313,0.10855855792760849
YBR260C,YCR057C,0,2.0964653,0.31439393758773804,0.49849849939346313,0.1087087094783783
YNL262W,YAL031C,1,2.096177,0.3150425851345062,0.5,0.1087087094783783
YLL008W,YMR179W,0,2.094763,0.3147448003292084,0.5,0.1088588610291481
YIL132C,YGL190C,1,2.0936644,0.31539186835289,0.5015015006065369,0.1088588610291481
YNL138W-A,YDR337W,0,2.0933802,0.31509435176849365,0.5015015006065369,0.10900901257991791
YMR078C,YKL022C,1,2.0924373,0.31573987007141113,0.5030030012130737,0.10900901257991791
YNL070W,YGL233W,0,2.0916896,0.3154425621032715,0.5030030012130737,0.10915915668010712
YMR269W,YLL004W,0,2.090816,0.3151458203792572,0.5030030012130737,0.10930930823087692
YJR040W,YJR053W,0,2.0906217,0.3148496150970459,0.5030030012130737,0.10945945978164673
YNL271C,YER002W,0,2.0890734,0.31455397605895996,0.5030030012130737,0.10960961133241653
YLR206W,YDL216C,0,2.0889068,0.3142589032649994,0.5030030012130737,0.10975976288318634
YMR013C,YGL244W,0,2.0887752,0.3139643967151642,0.5030030012130737,0.10990990698337555
YLR080W,YPL083C,0,2.0874057,0.31367042660713196,0.5030030012130737,0.11006005853414536
YOR106W,YJR057W,0,2.08721,0.3133769929409027,0.5030030012130737,0.11021021008491516
YGL062W,YNL236W,0,2.0869377,0.31308412551879883,0.5030030012130737,0.11036036163568497
YKR054C,YPL200W,1,2.0867555,0.3137255012989044,0.5045045018196106,0.11036036163568497
YDR498C,YGL220W,0,2.084166,0.31343284249305725,0.5045045018196106,0.11051051318645477
YHR156C,YER002W,0,2.0836833,0.31314072012901306,0.5045045018196106,0.11066065728664398
YDR254W,YDL028C,1,2.08349,0.3137802481651306,0.5060060024261475,0.11066065728664398
YBR150C,YGR072W,0,2.0828128,0.3134883642196655,0.5060060024261475,0.11081080883741379
YLR404W,YGR134W,0,2.0826793,0.3131970167160034,0.5060060024261475,0.1109609603881836
YJR092W,YDR306C,0,2.0814495,0.3129062354564667,0.5060060024261475,0.1111111119389534
YAR002C-A,YMR179W,0,2.080409,0.3126159608364105,0.5060060024261475,0.1112612634897232
YDR254W,YPL200W,1,2.0797892,0.3132530152797699,0.5075075030326843,0.1112612634897232
YDL197C,YMR033W,0,2.0797353,0.31296294927597046,0.5075075030326843,0.11141141504049301
YNL127W,YMR182C,0,2.0794694,0.3126734495162964,0.5075075030326843,0.11156155914068222
YIL140W,YKL094W,0,2.0780258,0.3123844861984253,0.5075075030326843,0.11171171069145203
YGR179C,YNL307C,1,2.0756583,0.31301939487457275,0.5090090036392212,0.11171171069145203
YDL107W,YDL170W,0,2.0743604,0.3127306401729584,0.5090090036392212,0.11186186224222183
YBR081C,YKR035W-A,0,2.074206,0.3124423921108246,0.5090090036392212,0.11201201379299164
YGL083W,YPR119W,0,2.0741978,0.31215471029281616,0.5090090036392212,0.11216216534376144
YNL262W,YGR089W,1,2.073964,0.3127875030040741,0.5105105042457581,0.11216216534376144
YMR168C,YGR089W,1,2.0739064,0.3134191036224365,0.5120120048522949,0.11216216534376144
YJL200C,YKL203C,0,2.073464,0.31313130259513855,0.5120120048522949,0.11231230944395065
YEL069C,YML036W,0,2.07155,0.31284403800964355,0.5120120048522949,0.11246246099472046
YJR055W,YOL066C,0,2.0708551,0.31255728006362915,0.5120120048522949,0.11261261254549026
YKR044W,YFL017W-A,0,2.0689888,0.3122710585594177,0.5120120048522949,0.11276276409626007
YML109W,YLR088W,0,2.0686965,0.3119853734970093,0.5120120048522949,0.11291291564702988
YML071C,YOR311C,0,2.0684564,0.3117001950740814,0.5120120048522949,0.11306305974721909
YGR113W,YNR010W,1,2.0683498,0.3123287558555603,0.5135135054588318,0.11306305974721909
YNL271C,YPL259C,0,2.0680504,0.31204378604888916,0.5135135054588318,0.11321321129798889
YLR395C,YOR038C,0,2.0674896,0.311759352684021,0.5135135054588318,0.1133633628487587
YNL172W,YIR025W,1,2.066708,0.312386155128479,0.5150150060653687,0.1133633628487587
YML028W,YDR498C,0,2.0639076,0.31210190057754517,0.5150150060653687,0.1135135143995285
YJR083C,YAL039C,0,2.0629373,0.3118181824684143,0.5150150060653687,0.11366366595029831
YFR013W,YBR115C,0,2.062385,0.31153497099876404,0.5150150060653687,0.11381381750106812
YMR227C,YNL258C,0,2.0614917,0.31125226616859436,0.5150150060653687,0.11396396160125732
YDR494W,YJR083C,0,2.0612304,0.3109700679779053,0.5150150060653687,0.11411411315202713
YLL029W,YOL070C,0,2.06112,0.31068840622901917,0.5150150060653687,0.11426426470279694
YHR047C,YPL122C,0,2.060375,0.31040725111961365,0.5150150060653687,0.11441441625356674
YOR106W,YOR274W,0,2.0588212,0.31012657284736633,0.5150150060653687,0.11456456780433655
YPL127C,YNL304W,0,2.0584345,0.309846431016922,0.5150150060653687,0.11471471190452576
YKR054C,YBL079W,1,2.0572836,0.31046929955482483,0.5165165066719055,0.11471471190452576
YGL237C,YDR207C,0,2.0539014,0.3101893663406372,0.5165165066719055,0.11486486345529556
YOR388C,YGR144W,0,2.0538697,0.3099099099636078,0.5165165066719055,0.11501501500606537
YIL139C,YLL061W,0,2.0536747,0.30963096022605896,0.5165165066719055,0.11516516655683517
YDL029W,YNR031C,0,2.0534837,0.3093525171279907,0.5165165066719055,0.11531531810760498
YNL127W,YIL159W,0,2.0526552,0.3090745806694031,0.5165165066719055,0.11546546220779419
YBR081C,YML006C,0,2.0523405,0.30879712104797363,0.5165165066719055,0.115615613758564
YLR228C,YML071C,0,2.0523343,0.3085201680660248,0.5165165066719055,0.1157657653093338
YJL030W,YLR394W,1,2.0521278,0.30913978815078735,0.5180180072784424,0.1157657653093338
YGL094C,YLL034C,0,2.052041,0.3088630139827728,0.5180180072784424,0.11591591686010361
YCR014C,YLR187W,0,2.0517251,0.3085867762565613,0.5180180072784424,0.11606606841087341
YPR149W,YLR145W,0,2.0510976,0.30831098556518555,0.5180180072784424,0.11621621251106262
YPL112C,YDR470C,0,2.0506315,0.3080357015132904,0.5180180072784424,0.11636636406183243
YOR138C,YGL259W,0,2.0503023,0.30776092410087585,0.5180180072784424,0.11651651561260223
YBR095C,YER002W,0,2.0491927,0.3074866235256195,0.5180180072784424,0.11666666716337204
YNL131W,YDR332W,0,2.0491767,0.30721282958984375,0.5180180072784424,0.11681681871414185
YFR001W,YOR162C,0,2.0481298,0.3069395124912262,0.5180180072784424,0.11696697026491165
YMR117C,YBL079W,1,2.04753,0.30755555629730225,0.5195195078849792,0.11696697026491165
YLR182W,YGR020C,0,2.0453382,0.307282418012619,0.5195195078849792,0.11711711436510086
YPR135W,YAL016W,1,2.0439086,0.30789706110954285,0.5210210084915161,0.11711711436510086
YDL246C,YKL003C,0,2.043891,0.30762410163879395,0.5210210084915161,0.11726726591587067
YNL314W,YOL151W,0,2.0438714,0.30735164880752563,0.5210210084915161,0.11741741746664047
YLR080W,YPL127C,0,2.0431666,0.30707964301109314,0.5210210084915161,0.11756756901741028
YGR199W,YJR031C,0,2.0427043,0.30680814385414124,0.5210210084915161,0.11771772056818008
YJL030W,YDR285W,1,2.0426378,0.3074204921722412,0.522522509098053,0.11771772056818008
YDL197C,YFL048C,0,2.04201,0.30714917182922363,0.522522509098053,0.1178678646683693
YBR118W,YNL078W,0,2.0413554,0.30687829852104187,0.522522509098053,0.1180180162191391
YBR195C,YBL089W,0,2.0392962,0.3066079318523407,0.522522509098053,0.1181681677699089
YPL180W,YOR327C,0,2.0388958,0.30633804202079773,0.522522509098053,0.11831831932067871
YOL070C,YCL052C,0,2.0384173,0.3060685992240906,0.522522509098053,0.11846847087144852
YJL194W,YDL074C,0,2.0383327,0.305799663066864,0.522522509098053,0.11861861497163773
YMR054W,YNL258C,0,2.0370612,0.30553117394447327,0.522522509098053,0.11876876652240753
YOL145C,YDR260C,1,2.036942,0.30614036321640015,0.5240240097045898,0.11876876652240753
YLR228C,YHR079C,0,2.0363657,0.3058720529079437,0.5240240097045898,0.11891891807317734
YMR284W,YOL151W,0,2.0361855,0.3056041896343231,0.5240240097045898,0.11906906962394714
YIL170W,YHR168W,0,2.0361214,0.3053368330001831,0.5240240097045898,0.11921922117471695
YNL309W,YOR340C,0,2.0354733,0.3050699234008789,0.5240240097045898,0.11936937272548676
YBR243C,YBL034C,0,2.0351284,0.3048034906387329,0.5240240097045898,0.11951951682567596
YIR011C,YOL104C,1,2.034363,0.30541011691093445,0.5255255103111267,0.11951951682567596
YDL036C,YNL223W,0,2.0342767,0.3051438629627228,0.5255255103111267,0.11966966837644577
YNL102W,YJL192C,0,2.0338361,0.3048780560493469,0.5255255103111267,0.11981981992721558
YDR254W,YNR010W,1,2.0333903,0.30548304319381714,0.5270270109176636,0.11981981992721558
YDR498C,YKR101W,0,2.0329714,0.3052173852920532,0.5270270109176636,0.11996997147798538
YOL145C,YFR036W,1,2.032476,0.305821031332016,0.5285285115242004,0.11996997147798538
YMR078C,YGL190C,1,2.0315607,0.3064236044883728,0.5300300121307373,0.11996997147798538
YLR404W,YLR390W,0,2.0308487,0.3061578571796417,0.5300300121307373,0.12012012302875519
YPR171W,YNL078W,0,2.030814,0.30589255690574646,0.5300300121307373,0.1202702671289444
YIL128W,YLR440C,0,2.030312,0.305627703666687,0.5300300121307373,0.1204204186797142
YDL029W,YLR183C,0,2.0302,0.30536332726478577,0.5300300121307373,0.12057057023048401
YKR019C,YBR052C,0,2.0293624,0.30509939789772034,0.5300300121307373,0.12072072178125381
YOL145C,YNL172W,1,2.0290053,0.3056994676589966,0.5315315127372742,0.12072072178125381
YCR014C,YNR015W,0,2.027949,0.3054357171058655,0.5315315127372742,0.12087087333202362
YLR182W,YDL039C,0,2.027911,0.3051724135875702,0.5315315127372742,0.12102101743221283
YNL172W,YDR254W,1,2.0260031,0.3057708740234375,0.533033013343811,0.12102101743221283
YLR452C,YOR098C,0,2.025965,0.30550774931907654,0.533033013343811,0.12117116898298264
YDR461W,YNR072W,0,2.0256207,0.305245041847229,0.533033013343811,0.12132132053375244
YGR268C,YCR087C-A,0,2.0254817,0.3049828112125397,0.533033013343811,0.12147147208452225
YEL070W,YCL032W,0,2.0250354,0.30472102761268616,0.533033013343811,0.12162162363529205
YJL030W,YNL262W,1,2.024492,0.30531731247901917,0.5345345139503479,0.12162162363529205
YHR059W,YHL027W,0,2.0238283,0.3050557076931,0.5345345139503479,0.12177177518606186
YGL094C,YPL098C,0,2.023583,0.3047945201396942,0.5345345139503479,0.12192191928625107
YDR138W,YHR082C,0,2.0231855,0.30453377962112427,0.5345345139503479,0.12207207083702087
YIL132C,YBL079W,1,2.0215473,0.30512821674346924,0.5360360145568848,0.12207207083702087
YNL307C,YFR036W,1,2.0213044,0.30572161078453064,0.5375375151634216,0.12207207083702087
YKR103W,YBR052C,0,2.0208123,0.30546075105667114,0.5375375151634216,0.12222222238779068
YDR285W,YKL022C,1,2.0198724,0.3060528635978699,0.5390390157699585,0.12222222238779068
YPR167C,YBR275C,0,2.019345,0.3057921528816223,0.5390390157699585,0.12237237393856049
YDR351W,YAL033W,0,2.0192382,0.30553191900253296,0.5390390157699585,0.12252252548933029
YDR383C,YLR289W,0,2.0186522,0.30527210235595703,0.5390390157699585,0.1226726695895195
YOL129W,YJR055W,0,2.018571,0.3050127327442169,0.5390390157699585,0.1228228211402893
YOR212W,YJR053W,0,2.0182238,0.3047538101673126,0.5390390157699585,0.12297297269105911
YBR223C,YLR329W,0,2.0172608,0.30449533462524414,0.5390390157699585,0.12312312424182892
YBR271W,YDR369C,0,2.0168753,0.3042372763156891,0.5390390157699585,0.12327327579259872
YPL122C,YOR324C,0,2.0168192,0.30397966504096985,0.5390390157699585,0.12342341989278793
YNL138W,YPR030W,0,2.0166247,0.3037225008010864,0.5390390157699585,0.12357357144355774
YOL145C,YJR112W,1,2.0164855,0.304311066865921,0.5405405163764954,0.12357357144355774
YMR239C,YJL149W,0,2.0163953,0.30405405163764954,0.5405405163764954,0.12372372299432755
YLR321C,YNL290W,1,2.0163522,0.30464133620262146,0.5420420169830322,0.12372372299432755
YDL217C,YBR294W,0,2.0162156,0.3043844997882843,0.5420420169830322,0.12387387454509735
YDR034C,YGL183C,0,2.0161462,0.3041280508041382,0.5420420169830322,0.12402402609586716
YBR170C,YBR074W,0,2.0154035,0.3038720488548279,0.5420420169830322,0.12417417764663696
YBR081C,YGR171C,0,2.0140374,0.3036164939403534,0.5420420169830322,0.12432432174682617
YNL262W,YGL190C,1,2.0139787,0.3042016923427582,0.5435435175895691,0.12432432174682617
YHR069C,YKL130C,0,2.0139403,0.30394625663757324,0.5435435175895691,0.12447447329759598
YJR036C,YLR316C,0,2.0135374,0.3036912679672241,0.5435435175895691,0.12462462484836578
YOR138C,YJL124C,0,2.013393,0.3034367263317108,0.5435435175895691,0.12477477639913559
YGL237C,YBR120C,0,2.012759,0.30318257212638855,0.5435435175895691,0.1249249279499054
YNL261W,YGR169C,0,2.011664,0.3029288649559021,0.5435435175895691,0.1250750720500946
YPL083C,YDL024C,0,2.0101464,0.3026755750179291,0.5435435175895691,0.125225231051445
YGR288W,YBR173C,0,2.0092046,0.30242273211479187,0.5435435175895691,0.12537537515163422
YOL142W,YHR082C,0,2.0080888,0.3021702766418457,0.5435435175895691,0.12552551925182343
YDR451C,YFL010W-A,0,2.0079286,0.30191826820373535,0.5435435175895691,0.12567567825317383
YER050C,YML112W,0,2.0064497,0.3016666769981384,0.5435435175895691,0.12582582235336304
YNL102W,YHR069C,0,2.0062082,0.30141547322273254,0.5435435175895691,0.12597598135471344
YAL016W,YNL262W,1,2.0043004,0.3019966781139374,0.545045018196106,0.12597598135471344
YBR125C,YGR229C,0,2.0029142,0.30174562335014343,0.545045018196106,0.12612612545490265
YCR030C,YBR074W,0,2.002101,0.3014950156211853,0.545045018196106,0.12627626955509186
YLL033W,YGR222W,0,2.0012918,0.3012448251247406,0.545045018196106,0.12642642855644226
YLR130C,YML109W,0,2.0011501,0.30099502205848694,0.545045018196106,0.12657657265663147
YMR284W,YDL245C,0,2.0009162,0.3007456362247467,0.545045018196106,0.12672673165798187
YLR329W,YML036W,0,2.0002599,0.3004966974258423,0.545045018196106,0.12687687575817108
YHR132C,YDL040C,0,1.9998586,0.3002481460571289,0.545045018196106,0.1270270198583603
YFR029W,YOR393W,0,1.9988414,0.30000001192092896,0.545045018196106,0.1271771788597107
YJR021C,YGL050W,0,1.998752,0.29975226521492004,0.545045018196106,0.1273273229598999
YGR144W,YNL298W,0,1.9978973,0.29950493574142456,0.545045018196106,0.1274774819612503
YFR013W,YGR070W,0,1.9974751,0.2992580235004425,0.545045018196106,0.12762762606143951
YLL002W,YBR115C,0,1.9974024,0.2990115284919739,0.545045018196106,0.12777778506278992
YGL050W,YOR349W,0,1.9973516,0.2987654209136963,0.545045018196106,0.12792792916297913
YLR182W,YGR145W,0,1.9964437,0.29851973056793213,0.545045018196106,0.12807807326316833
YDR229W,YLR209C,0,1.9961349,0.2982744574546814,0.545045018196106,0.12822823226451874
YJR040W,YJL214W,0,1.9940971,0.2980295419692993,0.545045018196106,0.12837837636470795
YDR164C,YNR044W,0,1.9939563,0.29778507351875305,0.545045018196106,0.12852853536605835
YMR301C,YJL095W,0,1.9933482,0.2975409924983978,0.545045018196106,0.12867867946624756
YBR278W,YBR294W,0,1.993314,0.29729729890823364,0.545045018196106,0.12882882356643677
YPL104W,YGR239C,0,1.9915192,0.2970540225505829,0.545045018196106,0.12897898256778717
YNL073W,YPL119C,0,1.991266,0.29681113362312317,0.545045018196106,0.12912912666797638
YGL158W,YNR015W,0,1.9911606,0.2965686321258545,0.545045018196106,0.12927928566932678
YMR203W,YHR135C,0,1.9902138,0.29632651805877686,0.545045018196106,0.129429429769516
YKR036C,YDR423C,0,1.9900551,0.29608482122421265,0.545045018196106,0.1295795738697052
YLR141W,YJL006C,0,1.9895439,0.2958435118198395,0.545045018196106,0.1297297328710556
YJL194W,YPL147W,0,1.9885824,0.29560261964797974,0.545045018196106,0.1298798769712448
YGL244W,YJR130C,0,1.9874442,0.29536208510398865,0.545045018196106,0.13003003597259521
YNR074C,YHR132C,0,1.9873012,0.2951219379901886,0.545045018196106,0.13018018007278442
YPL200W,YJR112W,1,1.9868435,0.2956945598125458,0.5465465188026428,0.13018018007278442
YKR054C,YJL030W,1,1.9867064,0.29626622796058655,0.5480480194091797,0.13018018007278442
YLR264W,YBR145W,0,1.9863294,0.29602596163749695,0.5480480194091797,0.13033032417297363
YKR019C,YOR123C,0,1.9850863,0.295786052942276,0.5480480194091797,0.13048048317432404
YNL297C,YDR403W,0,1.9850565,0.2955465614795685,0.5480480194091797,0.13063062727451324
YDR296W,YEL030W,0,1.9841108,0.295307457447052,0.5480480194091797,0.13078078627586365
YOL141W,YGR010W,0,1.9840028,0.2950687110424042,0.5480480194091797,0.13093093037605286
YDR082W,YOR142W,0,1.9829483,0.2948303818702698,0.5480480194091797,0.13108107447624207
YLL003W,YER087C-B,0,1.982822,0.29459241032600403,0.5480480194091797,0.13123123347759247
YNL032W,YPL099C,0,1.9824702,0.2943548262119293,0.5480480194091797,0.13138137757778168
YPR030W,YJL085W,0,1.9808499,0.29411765933036804,0.5480480194091797,0.13153153657913208
YKL093W,YNL259C,0,1.9800117,0.2938808500766754,0.5480480194091797,0.1316816806793213
YPR152C,YER115C,0,1.979496,0.29364439845085144,0.5480480194091797,0.1318318247795105
YDL246C,YDL029W,0,1.9781895,0.2934083640575409,0.5480480194091797,0.1319819837808609
YJL103C,YNR060W,0,1.9777843,0.293172687292099,0.5480480194091797,0.1321321278810501
YLR182W,YEL022W,0,1.9769106,0.29293739795684814,0.5480480194091797,0.1322822868824005
YMR032W,YDL074C,0,1.9765608,0.29270249605178833,0.5480480194091797,0.13243243098258972
YPR001W,YOR123C,0,1.9756778,0.29246795177459717,0.5480480194091797,0.13258258998394012
YDR351W,YJR140C,0,1.975224,0.29223379492759705,0.5480480194091797,0.13273273408412933
YDR245W,YBL085W,0,1.9723959,0.2919999957084656,0.5480480194091797,0.13288287818431854
YLR383W,YPL274W,0,1.9700788,0.29176658391952515,0.5480480194091797,0.13303303718566895
YDR082W,YCL008C,0,1.9676006,0.29153355956077576,0.5480480194091797,0.13318318128585815
YDR229W,YDL128W,0,1.9675269,0.29130086302757263,0.5480480194091797,0.13333334028720856
YEL069C,YPL252C,0,1.9660103,0.29106858372688293,0.5480480194091797,0.13348348438739777
YLR182W,YOR237W,0,1.9657723,0.2908366620540619,0.5480480194091797,0.13363362848758698
YOR287C,YKL161C,0,1.9657166,0.2906050980091095,0.5480480194091797,0.13378378748893738
YLR165C,YLR047C,0,1.9651244,0.29037389159202576,0.5480480194091797,0.1339339315891266
YIR025W,YNR010W,1,1.9650636,0.29093798995018005,0.5495495200157166,0.1339339315891266
YKL203C,YER090W,0,1.964473,0.29070690274238586,0.5495495200157166,0.134084090590477
YAL016W,YJR112W,1,1.9639161,0.29126983880996704,0.5510510802268982,0.134084090590477
YFR036W,YBL079W,1,1.9629666,0.2918318808078766,0.5525525808334351,0.134084090590477
YDR205W,YMR239C,0,1.962945,0.29160064458847046,0.5525525808334351,0.1342342346906662
YDR351W,YNL163C,0,1.9623326,0.291369765996933,0.5525525808334351,0.1343843787908554
YIR025W,YGR113W,1,1.9600986,0.2919303774833679,0.5540540814399719,0.1343843787908554
YJR112W,YBL079W,1,1.9587879,0.2924901247024536,0.5555555820465088,0.1343843787908554
YPR200C,YKL203C,0,1.9574003,0.2922590970993042,0.5555555820465088,0.1345345377922058
YGR288W,YDR304C,0,1.9568744,0.29202842712402344,0.5555555820465088,0.13468468189239502
YOL165C,YLR425W,0,1.9561579,0.29179811477661133,0.5555555820465088,0.13483484089374542
YBR177C,YMR218C,0,1.9533744,0.29156816005706787,0.5555555820465088,0.13498498499393463
YPL064C,YCL034W,0,1.950928,0.29133859276771545,0.5555555820465088,0.13513512909412384
YGR144W,YBL041W,0,1.9508972,0.2911093533039093,0.5555555820465088,0.13528528809547424
YER013W,YGR020C,0,1.9490693,0.2908805012702942,0.5555555820465088,0.13543543219566345
YLR163C,YDR159W,0,1.9484448,0.29065200686454773,0.5555555820465088,0.13558559119701385
YDR337W,YKR044W,0,1.9482191,0.2904238700866699,0.5555555820465088,0.13573573529720306
YJL112W,YLR025W,0,1.9479349,0.29019609093666077,0.5555555820465088,0.13588587939739227
YMR203W,YHR156C,0,1.9472258,0.2899686396121979,0.5555555820465088,0.13603603839874268
YPL096W,YFL023W,0,1.9470568,0.289741575717926,0.5555555820465088,0.13618618249893188
YIR011C,YJR112W,1,1.9466848,0.29029732942581177,0.5570570826530457,0.13618618249893188
YLR353W,YGL216W,0,1.9465606,0.2900703549385071,0.5570570826530457,0.1363363415002823
YOR148C,YBR115C,0,1.9461904,0.28984373807907104,0.5570570826530457,0.1364864856004715
YPR167C,YDL128W,0,1.9460038,0.28961747884750366,0.5570570826530457,0.1366366297006607
YDR371W,YGR238C,0,1.944875,0.28939157724380493,0.5570570826530457,0.1367867887020111
YKR020W,YML099C,0,1.9422047,0.28916600346565247,0.5570570826530457,0.13693693280220032
YPL200W,YLR321C,1,1.9420922,0.2897196114063263,0.5585585832595825,0.13693693280220032
YNL261W,YNL027W,0,1.941577,0.2894941568374634,0.5585585832595825,0.13708709180355072
YJR078W,YOR351C,0,1.9396527,0.2892690598964691,0.5585585832595825,0.13723723590373993
YHR061C,YCL052C,0,1.9394827,0.2890442907810211,0.5585585832595825,0.13738738000392914
YPL122C,YDR337W,0,1.9390075,0.2888198792934418,0.5585585832595825,0.13753753900527954
YDR059C,YNR057C,0,1.9389094,0.2885958254337311,0.5585585832595825,0.13768768310546875
YLR314C,YDR457W,0,1.9387559,0.28837209939956665,0.5585585832595825,0.13783784210681915
YDR079W,YHR058C,0,1.9382082,0.2881487309932709,0.5585585832595825,0.13798798620700836
YDR172W,YKL168C,0,1.9369369,0.28792569041252136,0.5585585832595825,0.13813814520835876
YDL217C,YOR324C,0,1.9367658,0.2877030074596405,0.5585585832595825,0.13828828930854797
YLL008W,YEL030W,0,1.9360766,0.2874806821346283,0.5585585832595825,0.13843843340873718
YOR126C,YMR213W,0,1.9358315,0.28725868463516235,0.5585585832595825,0.13858859241008759
YER117W,YGR171C,0,1.9357443,0.28703704476356506,0.5585585832595825,0.1387387365102768
YEL029C,YPR159W,0,1.9348588,0.28681573271751404,0.5585585832595825,0.1388888955116272
YKR068C,YLR213C,0,1.93418,0.2865947484970093,0.5585585832595825,0.1390390396118164
YKL093W,YDL111C,0,1.9341757,0.28637412190437317,0.5585585832595825,0.13918918371200562
YMR169C,YKR044W,0,1.9340276,0.2861538529396057,0.5585585832595825,0.13933934271335602
YML036W,YDR218C,0,1.9337881,0.2859339118003845,0.5585585832595825,0.13948948681354523
YIR025W,YJL030W,1,1.9328604,0.2864823341369629,0.5600600838661194,0.13948948681354523
YFR036W,YAL031C,1,1.9321755,0.2870299220085144,0.5615615844726562,0.13948948681354523
YGR145W,YIL170W,0,1.9320424,0.2868098020553589,0.5615615844726562,0.13963964581489563
YBR128C,YGR134W,0,1.9315251,0.286590039730072,0.5615615844726562,0.13978978991508484
YJR127C,YGL212W,0,1.9310454,0.2863706052303314,0.5615615844726562,0.13993993401527405
YMR168C,YNL262W,1,1.9301878,0.2869166135787964,0.5630630850791931,0.13993993401527405
YNR074C,YDR218C,0,1.9298673,0.28669723868370056,0.5630630850791931,0.14009009301662445
YFR001W,YDR159W,0,1.9294571,0.2864782214164734,0.5630630850791931,0.14024023711681366
YGL014W,YKR044W,0,1.9291832,0.2862595319747925,0.5630630850791931,0.14039039611816406
YPR119W,YPR138C,0,1.9289712,0.2860412001609802,0.5630630850791931,0.14054054021835327
YMR168C,YDR285W,1,1.9287403,0.28658536076545715,0.56456458568573,0.14054054021835327
YIR011C,YLR321C,1,1.9285688,0.2871287167072296,0.5660660862922668,0.14054054021835327
YGL220W,YGR276C,0,1.9274831,0.28691020607948303,0.5660660862922668,0.14069068431854248
YDR254W,YGR113W,1,1.9272469,0.28745245933532715,0.5675675868988037,0.14069068431854248
YCL024W,YBR222C,0,1.9254465,0.28723403811454773,0.5675675868988037,0.14084084331989288
YNL284C,YNL298W,0,1.9251933,0.2870159447193146,0.5675675868988037,0.1409909874200821
YFL033C,YKR101W,0,1.9251689,0.2867981791496277,0.5675675868988037,0.1411411464214325
YCR057C,YNL284C,0,1.9250077,0.28658074140548706,0.5675675868988037,0.1412912905216217
YGR251W,YGR258C,0,1.9249434,0.2863636314868927,0.5675675868988037,0.1414414346218109
YJL155C,YMR032W,0,1.924823,0.2861468493938446,0.5675675868988037,0.14159159362316132
YDL045W-A,YMR159C,0,1.9232322,0.2859303951263428,0.5675675868988037,0.14174173772335052
YJL176C,YPR133W-A,0,1.9230843,0.2857142984867096,0.5675675868988037,0.14189189672470093
YGL026C,YMR213W,0,1.9222803,0.2854984998703003,0.5675675868988037,0.14204204082489014
YJR112W,YDR260C,1,1.9213064,0.28603774309158325,0.5690690875053406,0.14204204082489014
YNL172W,YGL190C,1,1.920452,0.28657618165016174,0.5705705881118774,0.14204204082489014
YJL087C,YMR160W,0,1.9193761,0.2863602042198181,0.5705705881118774,0.14219218492507935
YKL203C,YIL042C,0,1.9183921,0.28614458441734314,0.5705705881118774,0.14234234392642975
YLR394W,YFR036W,1,1.9181668,0.2866817116737366,0.5720720887184143,0.14234234392642975
YJL112W,YML109W,0,1.9175634,0.28646615147590637,0.5720720887184143,0.14249248802661896
YGL241W,YLL027W,0,1.9170735,0.2862509489059448,0.5720720887184143,0.14264264702796936
YPL163C,YKL130C,0,1.9163344,0.28603604435920715,0.5720720887184143,0.14279279112815857
YPR182W,YCL024W,0,1.9145055,0.28582146763801575,0.5720720887184143,0.14294295012950897
YOL038W,YDL171C,0,1.9142741,0.2856071889400482,0.5720720887184143,0.14309309422969818
YJR051W,YDL215C,0,1.9140394,0.28539326786994934,0.5720720887184143,0.1432432383298874
YHR059W,YNL258C,0,1.9117603,0.28517964482307434,0.5720720887184143,0.1433933973312378
YBR150C,YDR140W,0,1.9100679,0.2849663496017456,0.5720720887184143,0.143543541431427
YHR077C,YOR299W,0,1.9096916,0.28475335240364075,0.5720720887184143,0.1436937004327774
YNL172W,YGR113W,1,1.9085606,0.2852875292301178,0.5735735893249512,0.1436937004327774
YKR054C,YIR011C,1,1.9084918,0.2858209013938904,0.575075089931488,0.1436937004327774
YPL252C,YML109W,0,1.9083196,0.2856077551841736,0.575075089931488,0.1438438445329666
YJR140C,YKR028W,0,1.908272,0.28539493680000305,0.575075089931488,0.14399398863315582
YDR285W,YBL079W,1,1.9075098,0.28592702746391296,0.5765765905380249,0.14399398863315582
YGR221C,YGR252W,0,1.9074001,0.2857142984867096,0.5765765905380249,0.14414414763450623
YPR072W,YMR228W,0,1.9070053,0.2855018675327301,0.5765765905380249,0.14429429173469543
YDL246C,YPR159W,0,1.906576,0.2852897346019745,0.5765765905380249,0.14444445073604584
YPL064C,YPR149W,0,1.9055934,0.2850779592990875,0.5765765905380249,0.14459459483623505
YER145C,YOL054W,0,1.9053739,0.28486648201942444,0.5765765905380249,0.14474473893642426
YNL223W,YLR088W,0,1.9053605,0.28465530276298523,0.5765765905380249,0.14489489793777466
YLR321C,YGL190C,1,1.9051859,0.28518518805503845,0.5780780911445618,0.14489489793777466
YDR240C,YEL041W,0,1.9036335,0.2849740982055664,0.5780780911445618,0.14504504203796387
YKR054C,YAL016W,1,1.9033593,0.28550297021865845,0.5795795917510986,0.14504504203796387
YNL273W,YNL290W,1,1.9016709,0.286031037569046,0.5810810923576355,0.14504504203796387
YKR103W,YGR134W,0,1.9013733,0.28581979870796204,0.5810810923576355,0.14519520103931427
YDL217C,YGL259W,0,1.9011863,0.28560885787010193,0.5810810923576355,0.14534534513950348
YMR123W,YNL138W-A,0,1.8994361,0.2853982448577881,0.5810810923576355,0.1454954892396927
YOR159C,YGL174W,0,1.8984187,0.28518790006637573,0.5810810923576355,0.1456456482410431
YML036W,YCR002C,0,1.8980299,0.28497791290283203,0.5810810923576355,0.1457957923412323
YMR065W,YKL085W,0,1.8979732,0.2847682237625122,0.5810810923576355,0.1459459513425827
YER101C,YPR137W,0,1.8979657,0.28455883264541626,0.5810810923576355,0.1460960954427719
YNL273W,YAL031C,1,1.8974464,0.28508448600769043,0.5825825929641724,0.1460960954427719
YPL099C,YGR072W,0,1.897158,0.28487518429756165,0.5825825929641724,0.14624623954296112
YLL033W,YDL039C,0,1.8968855,0.28466618061065674,0.5825825929641724,0.14639639854431152
YMR117C,YAL016W,1,1.8965964,0.285190612077713,0.5840840935707092,0.14639639854431152
YLR213C,YDL077C,0,1.894395,0.28498169779777527,0.5840840935707092,0.14654654264450073
YBL058W,YCR057C,0,1.8943192,0.284773051738739,0.5840840935707092,0.14669670164585114
YER046W,YNL259C,0,1.8937714,0.284564733505249,0.5840840935707092,0.14684684574604034
YNL314W,YLR291C,0,1.8936543,0.2843567132949829,0.5840840935707092,0.14699698984622955
YLR404W,YGR258C,0,1.8932799,0.28414902091026306,0.5840840935707092,0.14714714884757996
YBR281C,YOR351C,0,1.8930098,0.2839415967464447,0.5840840935707092,0.14729729294776917
YIL128W,YPL104W,0,1.8916622,0.2837345004081726,0.5840840935707092,0.14744745194911957
YBR111W-A,YOR219C,0,1.8915408,0.2835277020931244,0.5840840935707092,0.14759759604930878
YOL129W,YNL078W,0,1.8899121,0.28332120180130005,0.5840840935707092,0.14774775505065918
YMR168C,YAL031C,1,1.8893064,0.2838428020477295,0.5855855941772461,0.14774775505065918
YMR019W,YGR258C,0,1.8891101,0.2836363613605499,0.5855855941772461,0.1478978991508484
YOR025W,YKR101W,0,1.8887298,0.28343021869659424,0.5855855941772461,0.1480480432510376
YNL236W,YGR258C,0,1.8875777,0.2832244038581848,0.5855855941772461,0.148198202252388
YGL050W,YPL122C,0,1.887444,0.2830188572406769,0.5855855941772461,0.1483483463525772
YMR145C,YGL071W,0,1.8871439,0.2828136384487152,0.5855855941772461,0.1484985053539276
YJR140C,YGR276C,0,1.8871406,0.28260868787765503,0.5855855941772461,0.14864864945411682
YNL085W,YCL034W,0,1.8862742,0.2824040651321411,0.5855855941772461,0.14879879355430603
YKR036C,YMR077C,0,1.8855563,0.2821997106075287,0.5855855941772461,0.14894895255565643
YLR383W,YNL080C,0,1.8837528,0.28199565410614014,0.5855855941772461,0.14909909665584564
YJR127C,YJR055W,0,1.8832874,0.28179189562797546,0.5855855941772461,0.14924925565719604
YFR029W,YGR239C,0,1.8831626,0.28158843517303467,0.5855855941772461,0.14939939975738525
YEL022W,YHR079C,0,1.8810682,0.28138527274131775,0.5855855941772461,0.14954954385757446
YGL162W,YJR005W,0,1.8788897,0.2811824083328247,0.5855855941772461,0.14969970285892487
YIL128W,YCL008C,0,1.8777969,0.28097984194755554,0.5855855941772461,0.14984984695911407
YNL307C,YIL132C,1,1.877395,0.2814974784851074,0.587087094783783,0.14984984695911407
YPR135W,YAL031C,1,1.8768742,0.282014399766922,0.5885885953903198,0.14984984695911407
YPR152C,YGL163C,0,1.8759112,0.2818116545677185,0.5885885953903198,0.15000000596046448
YNL273W,YBL079W,1,1.875498,0.2823275923728943,0.5900900959968567,0.15000000596046448
YPR135W,YJR112W,1,1.8746156,0.2828427851200104,0.5915915966033936,0.15000000596046448
YER175C,YLR386W,0,1.8738979,0.28263989090919495,0.5915915966033936,0.1501501500606537
YHR119W,YKL095W,0,1.8732792,0.282437264919281,0.5915915966033936,0.1503002941608429
YGL050W,YOR327C,0,1.8722978,0.28223496675491333,0.5915915966033936,0.1504504531621933
YPL167C,YOR261C,0,1.8719707,0.28203293681144714,0.5915915966033936,0.1506005972623825
YIR025W,YGR089W,1,1.8716829,0.2825464904308319,0.5930930972099304,0.1506005972623825
YLR425W,YNL309W,0,1.8710388,0.2823445200920105,0.5930930972099304,0.1507507562637329
YOR168W,YBL034C,0,1.8699428,0.28214284777641296,0.5930930972099304,0.15090090036392212
YGL162W,YDL140C,0,1.8692403,0.2819414734840393,0.5930930972099304,0.15105104446411133
YPL127C,YMR218C,0,1.8682145,0.28174036741256714,0.5930930972099304,0.15120120346546173
YDL217C,YPL104W,0,1.8668067,0.28153955936431885,0.5930930972099304,0.15135134756565094
YLR395C,YLR404W,0,1.866666,0.28133901953697205,0.5930930972099304,0.15150150656700134
YNL079C,YDR389W,0,1.8663098,0.2811387777328491,0.5930930972099304,0.15165165066719055
YDL246C,YMR005W,0,1.865506,0.2809388339519501,0.5930930972099304,0.15180179476737976
YLL033W,YDR218C,0,1.8637366,0.2807391583919525,0.5930930972099304,0.15195195376873016
YMR054W,YLR130C,0,1.8634222,0.28053978085517883,0.5930930972099304,0.15210209786891937
YNL290W,YBL079W,1,1.8625646,0.2810503840446472,0.5945945978164673,0.15210209786891937
YOL145C,YOL104C,1,1.8618226,0.2815602719783783,0.5960960984230042,0.15210209786891937
YML112W,YKL095W,0,1.8618023,0.2813607454299927,0.5960960984230042,0.15225225687026978
YBR006W,YDR499W,0,1.8609289,0.28116148710250854,0.5960960984230042,0.15240240097045898
YFR031C,YAL016W,1,1.8603879,0.2816702127456665,0.597597599029541,0.15240240097045898
YPR111W,YNL016W,0,1.8601747,0.28147101402282715,0.597597599029541,0.1525525599718094
YMR227C,YKL168C,0,1.8566393,0.2812720835208893,0.597597599029541,0.1527027040719986
YER162C,YMR273C,0,1.8564432,0.2810734510421753,0.597597599029541,0.1528528481721878
YGL200C,YDR218C,0,1.856373,0.2808750867843628,0.597597599029541,0.1530030071735382
YDL036C,YKL170W,0,1.8546827,0.28067702054977417,0.597597599029541,0.15315315127372742
YOR074C,YPL096W,0,1.8545816,0.28047922253608704,0.597597599029541,0.15330331027507782
YNL102W,YDR140W,0,1.8540816,0.2802816927433014,0.597597599029541,0.15345345437526703
YDR454C,YLR314C,0,1.8539424,0.2800844609737396,0.597597599029541,0.15360359847545624
YEL069C,YER117W,0,1.8526145,0.27988746762275696,0.597597599029541,0.15375375747680664
YGR216C,YOR355W,0,1.8518385,0.27969080209732056,0.597597599029541,0.15390390157699585
YCR014C,YKR002W,0,1.8512926,0.27949437499046326,0.597597599029541,0.15405406057834625
YDR296W,YPL112C,0,1.8505621,0.27929824590682983,0.597597599029541,0.15420420467853546
YJR021C,YNR028W,0,1.8497672,0.2791023850440979,0.597597599029541,0.15435434877872467
YDR304C,YMR075W,0,1.8494401,0.27890679240226746,0.597597599029541,0.15450450778007507
YBL034C,YIL047C,0,1.8488054,0.2787114977836609,0.597597599029541,0.15465465188026428
YBR111W-A,YJL214W,0,1.848267,0.2785164415836334,0.597597599029541,0.15480481088161469
YNL236W,YAL029C,0,1.847882,0.27832168340682983,0.597597599029541,0.1549549549818039
YDR296W,YDR081C,0,1.8470085,0.27812719345092773,0.597597599029541,0.1551050990819931
YDR137W,YHR041C,0,1.844913,0.2779329717159271,0.597597599029541,0.1552552580833435
YBR247C,YKR002W,0,1.8445455,0.277739018201828,0.597597599029541,0.15540540218353271
YBL041W,YHR061C,0,1.8435657,0.27754533290863037,0.597597599029541,0.15555556118488312
YFL048C,YKR101W,0,1.842476,0.27735191583633423,0.597597599029541,0.15570570528507233
YAL016W,YNL290W,1,1.8416623,0.27785515785217285,0.5990990996360779,0.15570570528507233
YOR145C,YML109W,0,1.8395628,0.2776618003845215,0.5990990996360779,0.15585584938526154
YNL307C,YOL104C,1,1.8391756,0.2781641185283661,0.6006006002426147,0.15585584938526154
YBL052C,YIL035C,0,1.8373556,0.2779708206653595,0.6006006002426147,0.15600600838661194
YPL099C,YLR016C,0,1.83657,0.2777777910232544,0.6006006002426147,0.15615615248680115
YNL223W,YAR031W,0,1.8363591,0.2775849997997284,0.6006006002426147,0.15630631148815155
YOL124C,YER104W,0,1.8356147,0.27739250659942627,0.6006006002426147,0.15645645558834076
YEL069C,YDR494W,0,1.8331109,0.27720028162002563,0.6006006002426147,0.15660659968852997
YBR282W,YBR192W,0,1.8324324,0.2770083248615265,0.6006006002426147,0.15675675868988037
YMR168C,YFR036W,1,1.8320246,0.2775086462497711,0.6021021008491516,0.15675675868988037
YCR011C,YLR187W,0,1.8319775,0.27731674909591675,0.6021021008491516,0.15690690279006958
YPR135W,YLR321C,1,1.8315924,0.27781617641448975,0.6036036014556885,0.15690690279006958
YDL111C,YPL011C,0,1.8314182,0.27762430906295776,0.6036036014556885,0.15705706179141998
YMR168C,YGR179C,1,1.8309983,0.27812284231185913,0.6051051020622253,0.15705706179141998
YHR164C,YPL274W,0,1.8309405,0.2779310345649719,0.6051051020622253,0.1572072058916092
YDR512C,YDL036C,0,1.8295937,0.2777394950389862,0.6051051020622253,0.1573573499917984
YDR499W,YKL082C,0,1.8293719,0.277548223733902,0.6051051020622253,0.1575075089931488
YKL013C,YDL216C,0,1.8291394,0.27735719084739685,0.6051051020622253,0.157657653093338
YIR011C,YDL028C,1,1.8281423,0.27785420417785645,0.6066066026687622,0.157657653093338
YPR200C,YMR240C,0,1.8281316,0.2776632308959961,0.6066066026687622,0.15780781209468842
YMR019W,YDR296W,0,1.8263701,0.27747252583503723,0.6066066026687622,0.15795795619487762
YGR169C,YKL166C,0,1.8254685,0.27728208899497986,0.6066066026687622,0.15810811519622803
YEL022W,YGL259W,0,1.824925,0.277091920375824,0.6066066026687622,0.15825825929641724
YIR018W,YAL039C,0,1.824592,0.2769019901752472,0.6066066026687622,0.15840840339660645
YJR055W,YLR183C,0,1.8243898,0.2767123281955719,0.6066066026687622,0.15855856239795685
YMR089C,YDL170W,0,1.8239658,0.2765229344367981,0.6066066026687622,0.15870870649814606
YOL052C,YIL170W,0,1.8230948,0.2763337790966034,0.6066066026687622,0.15885886549949646
YDR499W,YPL094C,0,1.8220525,0.27614492177963257,0.6066066026687622,0.15900900959968567
YJR082C,YJL155C,0,1.8210666,0.27595627307891846,0.6066066026687622,0.15915915369987488
YAL016W,YLR321C,1,1.8210039,0.276450514793396,0.6081081032752991,0.15915915369987488
YMR123W,YML036W,0,1.820904,0.27626192569732666,0.6081081032752991,0.15930931270122528
YPR135W,YNL290W,1,1.8204176,0.27675527334213257,0.6096096038818359,0.15930931270122528
YBR006W,YML006C,0,1.820327,0.276566743850708,0.6096096038818359,0.1594594568014145
YBR257W,YPL208W,0,1.8200592,0.27637848258018494,0.6096096038818359,0.1596096158027649
YDR254W,YJR112W,1,1.8196092,0.2768707573413849,0.6111111044883728,0.1596096158027649
YKR057W,YDR076W,0,1.8188338,0.2766825258731842,0.6111111044883728,0.1597597599029541
YGR081C,YFL033C,0,1.8188205,0.276494562625885,0.6111111044883728,0.1599099040031433
YDR460W,YGL162W,0,1.8180017,0.2763068675994873,0.6111111044883728,0.1600600630044937
YPR135W,YBL079W,1,1.8174739,0.2767978310585022,0.6126126050949097,0.1600600630044937
YBR196C,YGL071W,0,1.8173299,0.2766101658344269,0.6126126050949097,0.16021020710468292
YPL064C,YMR173W,0,1.8171973,0.27642276883125305,0.6126126050949097,0.16036036610603333
YGL004C,YCR046C,0,1.8165917,0.2762356102466583,0.6126126050949097,0.16051051020622253
YDR383C,YPL180W,0,1.8158425,0.2760487198829651,0.6126126050949097,0.16066065430641174
YBR080C,YMR065W,0,1.815564,0.27586206793785095,0.6126126050949097,0.16081081330776215
YFR031C,YJL030W,1,1.8152913,0.27635136246681213,0.6141141057014465,0.16081081330776215
YOR287C,YMR319C,0,1.8149339,0.2761647403240204,0.6141141057014465,0.16096095740795135
YOR237W,YFL048C,0,1.8112468,0.2759784162044525,0.6141141057014465,0.16111111640930176
YKL182W,YPL098C,0,1.8102678,0.27579230070114136,0.6141141057014465,0.16126126050949097
YCR030C,YKL082C,0,1.8084848,0.2756064832210541,0.6141141057014465,0.16141140460968018
YCL024W,YMR193W,0,1.8084604,0.2754208743572235,0.6141141057014465,0.16156156361103058
YGR056W,YHR119W,0,1.8082576,0.27523553371429443,0.6141141057014465,0.1617117077112198
YPL151C,YKL096W-A,0,1.8079913,0.27505043148994446,0.6141141057014465,0.1618618667125702
YKL053C-A,YPL096W,0,1.8069485,0.27486559748649597,0.6141141057014465,0.1620120108127594
YOR025W,YGL148W,0,1.8061962,0.2746810019016266,0.6141141057014465,0.1621621549129486
YNR003C,YPL208W,0,1.8061366,0.2744966447353363,0.6141141057014465,0.162312313914299
YKR054C,YNL307C,1,1.8053586,0.2749832272529602,0.6156156063079834,0.162312313914299
YLR182W,YOR353C,0,1.8049414,0.2747989296913147,0.6156156063079834,0.16246245801448822
YER098W,YDR470C,0,1.8045768,0.2746148705482483,0.6156156063079834,0.16261261701583862
YDR254W,YMR078C,1,1.8045335,0.2751004099845886,0.6171171069145203,0.16261261701583862
YKL022C,YNL262W,1,1.8035451,0.2755852937698364,0.6186186075210571,0.16261261701583862
YNL084C,YJL149W,0,1.803472,0.2754010558128357,0.6186186075210571,0.16276276111602783
YPR196W,YDR233C,0,1.8032222,0.27521708607673645,0.6186186075210571,0.16291292011737823
YOL054W,YFL017W-A,0,1.8031349,0.2750333845615387,0.6186186075210571,0.16306306421756744
YJL030W,YNL273W,1,1.8028917,0.2755170166492462,0.620120108127594,0.16306306421756744
YFR036W,YGL190C,1,1.7996337,0.2759999930858612,0.6216216087341309,0.16306306421756744
YMR013C,YDR240C,0,1.7984726,0.2758161127567291,0.6216216087341309,0.16321320831775665
YGL010W,YLL033W,0,1.7981696,0.27563250064849854,0.6216216087341309,0.16336336731910706
YDR144C,YPL163C,0,1.7980347,0.27544909715652466,0.6216216087341309,0.16351351141929626
YDR059C,YOR313C,0,1.7979114,0.27526596188545227,0.6216216087341309,0.16366367042064667
YGR258C,YAL029C,0,1.7971088,0.275083065032959,0.6216216087341309,0.16381381452083588
YFR031C,YBL079W,1,1.796476,0.27556440234184265,0.6231231093406677,0.16381381452083588
YNL163C,YNL027W,0,1.7962555,0.27538156509399414,0.6231231093406677,0.16396395862102509
YMR032W,YHR168W,0,1.7957281,0.27519893646240234,0.6231231093406677,0.1641141176223755
YDR146C,YPL011C,0,1.7950678,0.27501657605171204,0.6231231093406677,0.1642642617225647
YPR024W,YPR171W,0,1.7942382,0.27483442425727844,0.6231231093406677,0.1644144207239151
YHR059W,YNL078W,0,1.7942286,0.27465254068374634,0.6231231093406677,0.1645645648241043
YLR206W,YOR162C,0,1.7937368,0.27447089552879333,0.6231231093406677,0.16471470892429352
YER098W,YGR285C,0,1.7934175,0.27428948879241943,0.6231231093406677,0.16486486792564392
YPR083W,YGL030W,0,1.7932506,0.27410832047462463,0.6231231093406677,0.16501501202583313
YGR268C,YHR109W,0,1.7924949,0.27392739057540894,0.6231231093406677,0.16516517102718353
YMR020W,YMR093W,0,1.7922722,0.27374669909477234,0.6231231093406677,0.16531531512737274
YLR024C,YNR003C,0,1.7918215,0.27356624603271484,0.6231231093406677,0.16546545922756195
YHR119W,YFL013C,0,1.7912366,0.27338603138923645,0.6231231093406677,0.16561561822891235
YNL163C,YCR026C,0,1.7904779,0.27320605516433716,0.6231231093406677,0.16576576232910156
YDR140W,YNL182C,0,1.7902819,0.27302631735801697,0.6231231093406677,0.16591592133045197
YOR261C,YGL113W,0,1.7897255,0.2728468179702759,0.6231231093406677,0.16606606543064117
YER022W,YDR140W,0,1.7890666,0.2726675570011139,0.6231231093406677,0.16621620953083038
YPL098C,YNL175C,0,1.7874889,0.2724885046482086,0.6231231093406677,0.1663663685321808
YCL008C,YOR298W,0,1.7868818,0.27230972051620483,0.6231231093406677,0.16651651263237
YPL180W,YJR032W,0,1.7866799,0.27213114500045776,0.6231231093406677,0.1666666716337204
YGR180C,YPL094C,0,1.7866299,0.2719528079032898,0.6231231093406677,0.1668168157339096
YJR083C,YOR251C,0,1.7857716,0.2717747092247009,0.6231231093406677,0.16696695983409882
YKR056W,YGL216W,0,1.7848947,0.27159684896469116,0.6231231093406677,0.16711711883544922
YDL216C,YER115C,0,1.7847303,0.2714192271232605,0.6231231093406677,0.16726726293563843
YDR254W,YPR135W,1,1.78449,0.2718954384326935,0.6246246099472046,0.16726726293563843
YOR168W,YPR200C,0,1.7841845,0.2717178165912628,0.6246246099472046,0.16741742193698883
YPL042C,YMR077C,0,1.7836313,0.27154046297073364,0.6246246099472046,0.16756756603717804
YPR111W,YDL197C,0,1.7829117,0.27136334776878357,0.6246246099472046,0.16771772503852844
YJL214W,YDR226W,0,1.7826829,0.2711864411830902,0.6246246099472046,0.16786786913871765
YAL016W,YGR113W,1,1.7822669,0.27166125178337097,0.6261261105537415,0.16786786913871765
YDR167W,YKL201C,0,1.781859,0.271484375,0.6261261105537415,0.16801801323890686
YDR144C,YFL023W,0,1.7816575,0.27130773663520813,0.6261261105537415,0.16816817224025726
YLL033W,YGL051W,0,1.7815228,0.27113133668899536,0.6261261105537415,0.16831831634044647
YOL043C,YMR229C,0,1.7809124,0.2709551751613617,0.6261261105537415,0.16846847534179688
YLL029W,YJR005W,0,1.780798,0.27077922224998474,0.6261261105537415,0.16861861944198608
YJL112W,YKR028W,0,1.780577,0.2706035077571869,0.6261261105537415,0.1687687635421753
YDR530C,YGL113W,0,1.780012,0.27042800188064575,0.6261261105537415,0.1689189225435257
YBR182C,YDR392W,0,1.7799332,0.2702527642250061,0.6261261105537415,0.1690690666437149
YML058W-A,YMR194W,0,1.7798661,0.2700777053833008,0.6261261105537415,0.1692192256450653
YBR222C,YNR072W,0,1.7792321,0.26990291476249695,0.6261261105537415,0.16936936974525452
YJL192C,YMR075W,0,1.778081,0.26972833275794983,0.6261261105537415,0.16951951384544373
YKL174C,YER017C,0,1.7774178,0.2695539891719818,0.6261261105537415,0.16966967284679413
YOL093W,YDL039C,0,1.7772176,0.2693798542022705,0.6261261105537415,0.16981981694698334
YBR223C,YLR380W,0,1.7764039,0.2692059278488159,0.6261261105537415,0.16996997594833374
YGR221C,YDR172W,0,1.7761184,0.2690322697162628,0.6261261105537415,0.17012012004852295
YLR244C,YPR111W,0,1.7747252,0.26885879039764404,0.6261261105537415,0.17027026414871216
YMR061W,YPL147W,0,1.7746146,0.26868557929992676,0.6261261105537415,0.17042042315006256
YLR312W-A,YGR199W,0,1.7744886,0.2685125470161438,0.6261261105537415,0.17057056725025177
YHR012W,YHR004C,0,1.7722416,0.26833978295326233,0.6261261105537415,0.17072072625160217
YLR219W,YML006C,0,1.7717339,0.2681671977043152,0.6261261105537415,0.17087087035179138
YJL178C,YOR327C,0,1.7716956,0.26799485087394714,0.6261261105537415,0.1710210144519806
YEL069C,YLR047C,0,1.7709606,0.2678227424621582,0.6261261105537415,0.171171173453331
YBR059C,YOL026C,0,1.770438,0.267650842666626,0.6261261105537415,0.1713213175535202
YGL203C,YML036W,0,1.7702321,0.26747915148735046,0.6261261105537415,0.1714714765548706
YPL064C,YKL205W,0,1.7700742,0.26730769872665405,0.6261261105537415,0.17162162065505981
YDR383C,YNL297C,0,1.7698841,0.26713645458221436,0.6261261105537415,0.17177176475524902
YFR031C,YNL307C,1,1.7694757,0.26760563254356384,0.6276276111602783,0.17177176475524902
YER098W,YJR101W,0,1.769274,0.26743441820144653,0.6276276111602783,0.17192192375659943
YJR034W,YDR392W,0,1.7669089,0.26726341247558594,0.6276276111602783,0.17207206785678864
YNR010W,YGL190C,1,1.7660167,0.267731636762619,0.6291291117668152,0.17207206785678864
YMR117C,YJL030W,1,1.7647859,0.26819923520088196,0.630630612373352,0.17207206785678864
YJL103C,YMR239C,0,1.7646768,0.2680280804634094,0.630630612373352,0.17222222685813904
YBR278W,YOL062C,0,1.7642196,0.2678571343421936,0.630630612373352,0.17237237095832825
YKL064W,YDL039C,0,1.7639543,0.2676864266395569,0.630630612373352,0.17252252995967865
YJR112W,YNR010W,1,1.7627738,0.2681528627872467,0.6321321129798889,0.17252252995967865
YOL038W,YNL309W,0,1.7620451,0.2679821848869324,0.6321321129798889,0.17267267405986786
YCR030C,YGR246C,0,1.7619547,0.26781171560287476,0.6321321129798889,0.17282281816005707
YBR120C,YOL043C,0,1.7618978,0.26764145493507385,0.6321321129798889,0.17297297716140747
YER013W,YJR140C,0,1.7613126,0.26747140288352966,0.6321321129798889,0.17312312126159668
YNL236W,YJR034W,0,1.7607176,0.2673015892505646,0.6321321129798889,0.17327328026294708
YNL290W,YAL031C,1,1.7602595,0.2677665054798126,0.6336336135864258,0.17327328026294708
YLL003W,YAR002C-A,0,1.7600427,0.26759669184684753,0.6336336135864258,0.1734234243631363
YLR380W,YIL159W,0,1.7595896,0.26742711663246155,0.6336336135864258,0.1735735684633255
YKL168C,YMR240C,0,1.7585045,0.2672577500343323,0.6336336135864258,0.1737237274646759
YOL145C,YJL030W,1,1.7578194,0.2677215337753296,0.6351351141929626,0.1737237274646759
YML112W,YLR033W,0,1.7577494,0.2675521969795227,0.6351351141929626,0.1738738715648651
YJR051W,YDL179W,0,1.7577322,0.26738306879997253,0.6351351141929626,0.17402403056621552
YPL064C,YPL082C,0,1.757653,0.2672141492366791,0.6351351141929626,0.17417417466640472
YDR144C,YBR006W,0,1.7570333,0.2670454680919647,0.6351351141929626,0.17432431876659393
YIL079C,YKL064W,0,1.7569673,0.2668769657611847,0.6351351141929626,0.17447447776794434
YNL232W,YDR416W,0,1.7569002,0.26670870184898376,0.6351351141929626,0.17462462186813354
YKL082C,YLR359W,0,1.7562683,0.26654064655303955,0.6351351141929626,0.17477478086948395
YAL024C,YEL062W,0,1.7548335,0.26637279987335205,0.6351351141929626,0.17492492496967316
YER022W,YHR132C,0,1.754739,0.26620516180992126,0.6351351141929626,0.17507506906986237
YPR137W,YGL259W,0,1.7539784,0.2660377323627472,0.6351351141929626,0.17522522807121277
YOL145C,YKR054C,1,1.7535719,0.26649904251098633,0.6366366147994995,0.17522522807121277
YNR057C,YER145C,0,1.7534084,0.26633167266845703,0.6366366147994995,0.17537537217140198
YHR012W,YNR015W,0,1.7532393,0.26616448163986206,0.6366366147994995,0.17552553117275238
YGR288W,YOR287C,0,1.7530733,0.2659974992275238,0.6366366147994995,0.1756756752729416
YPL200W,YGR089W,1,1.7528883,0.2664576768875122,0.6381381154060364,0.1756756752729416
YMR112C,YLR005W,0,1.7527521,0.26629072427749634,0.6381381154060364,0.1758258193731308
YCR093W,YMR005W,0,1.7523881,0.2661239802837372,0.6381381154060364,0.1759759783744812
YKL166C,YLR301W,0,1.7517061,0.26595744490623474,0.6381381154060364,0.1761261224746704
YNL314W,YCL057W,0,1.7499602,0.265791118144989,0.6381381154060364,0.1762762814760208
YPR162C,YNL078W,0,1.7491198,0.265625,0.6381381154060364,0.17642642557621002
YHR066W,YPL180W,0,1.748986,0.2654590904712677,0.6381381154060364,0.17657656967639923
YMR019W,YKR066C,0,1.7485318,0.2652933895587921,0.6381381154060364,0.17672672867774963
YDR263C,YIL021W,0,1.7473781,0.26512789726257324,0.6381381154060364,0.17687687277793884
YBR182C,YJR034W,0,1.7468966,0.2649625837802887,0.6381381154060364,0.17702703177928925
YFR021W,YBR061C,0,1.7468934,0.26479750871658325,0.6381381154060364,0.17717717587947845
YIL134W,YPL110C,0,1.7468604,0.2646326422691345,0.6381381154060364,0.17732731997966766
YNL102W,YCR011C,0,1.7466198,0.2644679546356201,0.6381381154060364,0.17747747898101807
YDR170C,YDR373W,0,1.7442297,0.2643034756183624,0.6381381154060364,0.17762762308120728
YGR216C,YMR213W,0,1.7441285,0.26413920521736145,0.6381381154060364,0.17777778208255768
YPR200C,YOL136C,0,1.7441132,0.2639751434326172,0.6381381154060364,0.1779279261827469
YEL037C,YLR330W,0,1.7440147,0.26381129026412964,0.6381381154060364,0.1780780851840973
YNL117W,YGL051W,0,1.7427855,0.2636476457118988,0.6381381154060364,0.1782282292842865
YPL096W,YGL051W,0,1.7427493,0.2634841799736023,0.6381381154060364,0.1783783733844757
YGR271W,YOR311C,0,1.7422028,0.2633209526538849,0.6381381154060364,0.1785285323858261
YBL011W,YER087C-B,0,1.7419986,0.2631579041481018,0.6381381154060364,0.17867867648601532
YLR025W,YNL078W,0,1.7419312,0.26299506425857544,0.6381381154060364,0.17882883548736572
YJL117W,YOR180C,0,1.7413136,0.2628324031829834,0.6381381154060364,0.17897897958755493
YDR416W,YNR002C,0,1.7403085,0.26266995072364807,0.6381381154060364,0.17912912368774414
YPR026W,YFL023W,0,1.7399979,0.26250770688056946,0.6381381154060364,0.17927928268909454
YNL027W,YHR079C,0,1.7396135,0.26234567165374756,0.6381381154060364,0.17942942678928375
YFR031C,YIR011C,1,1.7389518,0.26280075311660767,0.6396396160125732,0.17942942678928375
YFR036W,YJR112W,1,1.7383933,0.26325523853302,0.6411411166191101,0.17942942678928375
YCL008C,YHR079C,0,1.7380159,0.2630930244922638,0.6411411166191101,0.17957958579063416
YOR274W,YHR051W,0,1.7373002,0.26293104887008667,0.6411411166191101,0.17972972989082336
YGR246C,YMR270C,0,1.7366724,0.2627692222595215,0.6411411166191101,0.17987987399101257
YBR125C,YDL148C,0,1.7363899,0.2626076340675354,0.6411411166191101,0.18003003299236298
YNL026W,YIL047C,0,1.7358599,0.26244622468948364,0.6411411166191101,0.18018017709255219
YDR207C,YFL023W,0,1.7354461,0.2622850239276886,0.6411411166191101,0.1803303360939026
YML097C,YIL079C,0,1.7345103,0.2621240019798279,0.6411411166191101,0.1804804801940918
YJL030W,YNR010W,1,1.7337894,0.262576699256897,0.642642617225647,0.1804804801940918
YPL042C,YDR423C,0,1.7334996,0.26241570711135864,0.642642617225647,0.180630624294281
YDR067C,YOR008C,0,1.7333467,0.26225489377975464,0.642642617225647,0.1807807832956314
YMR049C,YOL043C,0,1.732991,0.26209431886672974,0.642642617225647,0.18093092739582062
YLR452C,YOR038C,0,1.7328434,0.2619338929653168,0.642642617225647,0.18108108639717102
YDR530C,YKR006C,0,1.7325375,0.2617737054824829,0.642642617225647,0.18123123049736023
YBR278W,YDR167W,0,1.7318575,0.2616136968135834,0.642642617225647,0.18138137459754944
YOL066C,YDR140W,0,1.7317803,0.26145386695861816,0.642642617225647,0.18153153359889984
YOL112W,YDR062W,0,1.731421,0.26129427552223206,0.642642617225647,0.18168167769908905
YKL022C,YGL190C,1,1.7313856,0.26174497604370117,0.6441441178321838,0.18168167769908905
YLL034C,YNL283C,0,1.7312893,0.2615853548049927,0.6441441178321838,0.18183183670043945
YAL016W,YOL104C,1,1.7305754,0.2620353400707245,0.6456456184387207,0.18183183670043945
YIL128W,YBR059C,0,1.7305204,0.2618757486343384,0.6456456184387207,0.18198198080062866
YGR032W,YLR020C,0,1.728581,0.261716365814209,0.6456456184387207,0.18213212490081787
YER022W,YAR031W,0,1.7283938,0.2615571916103363,0.6456456184387207,0.18228228390216827
YJR149W,YNR044W,0,1.7278256,0.26139816641807556,0.6456456184387207,0.18243242800235748
YDL227C,YBR222C,0,1.7276928,0.2612393796443939,0.6456456184387207,0.18258258700370789
YLR353W,YPL183W-A,0,1.727333,0.2610807418823242,0.6456456184387207,0.1827327311038971
YMR269W,YNL107W,0,1.7270417,0.2609223425388336,0.6456456184387207,0.1828828901052475
YKR071C,YGR179C,1,1.7268393,0.26137053966522217,0.6471471190452576,0.1828828901052475
YLL051C,YDR405W,0,1.7267641,0.2612121105194092,0.6471471190452576,0.1830330342054367
YGR113W,YBL079W,1,1.7255404,0.2616595923900604,0.6486486196517944,0.1830330342054367
YBR247C,YPL113C,0,1.725496,0.2615012228488922,0.6486486196517944,0.18318317830562592
YML058W-A,YJL191W,0,1.7246423,0.26134300231933594,0.6486486196517944,0.18333333730697632
YLR404W,YLR163C,0,1.7245102,0.26118502020835876,0.6486486196517944,0.18348348140716553
YIL142W,YBR020W,0,1.7230498,0.26102718710899353,0.6486486196517944,0.18363364040851593
YJL081C,YJR140C,0,1.7223992,0.260869562625885,0.6486486196517944,0.18378378450870514
YDR296W,YHR079C,0,1.7223243,0.2607121169567108,0.6486486196517944,0.18393392860889435
YIL080W,YGL019W,0,1.7222011,0.26055487990379333,0.6486486196517944,0.18408408761024475
YKR071C,YDR254W,1,1.7221751,0.2610006034374237,0.6501501798629761,0.18408408761024475
YOL145C,YAL016W,1,1.7216207,0.2614457905292511,0.6516516804695129,0.18408408761024475
YJL214W,YCR046C,0,1.7208302,0.2612883746623993,0.6516516804695129,0.18423423171043396
YJL087C,YER022W,0,1.7205268,0.2611311674118042,0.6516516804695129,0.18438439071178436
YOR298W,YOR089C,0,1.7195845,0.26097413897514343,0.6516516804695129,0.18453453481197357
YHR012W,YPR137W,0,1.7194841,0.2608173191547394,0.6516516804695129,0.18468467891216278
YMR272C,YKL189W,0,1.7188904,0.26066064834594727,0.6516516804695129,0.18483483791351318
YOL129W,YIL139C,0,1.7186592,0.26050421595573425,0.6516516804695129,0.1849849820137024
YJL140W,YDR207C,0,1.7182674,0.2603479325771332,0.6516516804695129,0.1851351410150528
YNL131W,YIR018W,0,1.7174588,0.2601918578147888,0.6516516804695129,0.185285285115242
YPL276W,YPR080W,0,1.7163434,0.2600359618663788,0.6516516804695129,0.1854354292154312
YHR004C,YBR155W,0,1.7160535,0.2598802447319031,0.6516516804695129,0.18558558821678162
YJR032W,YKL124W,0,1.7152563,0.2597247064113617,0.6516516804695129,0.18573573231697083
YGL162W,YLR088W,0,1.7149515,0.259569376707077,0.6516516804695129,0.18588589131832123
YBR115C,YGL241W,0,1.7148321,0.2594142258167267,0.6516516804695129,0.18603603541851044
YOL102C,YER145C,0,1.7139813,0.25925925374031067,0.6516516804695129,0.18618617951869965
YML052W,YFR052W,0,1.7131536,0.25910449028015137,0.6516516804695129,0.18633633852005005
YOL108C,YDL225W,0,1.7120167,0.258949875831604,0.6516516804695129,0.18648648262023926
YMR168C,YGR113W,1,1.7110375,0.25939178466796875,0.6531531810760498,0.18648648262023926
YPR135W,YGR089W,1,1.7108494,0.25983312726020813,0.6546546816825867,0.18648648262023926
YDR207C,YPR133W-A,0,1.7104836,0.2596783936023712,0.6546546816825867,0.18663664162158966
YER151C,YGR070W,0,1.7085166,0.25952380895614624,0.6546546816825867,0.18678678572177887
YNL032W,YBR282W,0,1.7083601,0.259369432926178,0.6546546816825867,0.18693692982196808
YLR268W,YBL089W,0,1.7074363,0.25921520590782166,0.6546546816825867,0.18708708882331848
YEL070W,YGL226C-A,0,1.7061125,0.25906118750572205,0.6546546816825867,0.1872372329235077
YOL104C,YGR089W,1,1.7054288,0.259501188993454,0.6561561822891235,0.1872372329235077
YJL187C,YJL085W,0,1.7053695,0.25934717059135437,0.6561561822891235,0.1873873919248581
YHR074W,YMR038C,0,1.7051357,0.2591933608055115,0.6561561822891235,0.1875375360250473
YMR005W,YDR137W,0,1.7050583,0.2590397298336029,0.6561561822891235,0.1876876950263977
YKR068C,YNL078W,0,1.7049912,0.2588862478733063,0.6561561822891235,0.18783783912658691
YNL138W-A,YPL104W,0,1.7042849,0.25873297452926636,0.6561561822891235,0.18798798322677612
YHR175W,YEL062W,0,1.7025689,0.25857987999916077,0.6561561822891235,0.18813814222812653
YLR321C,YOL104C,1,1.7024969,0.25901833176612854,0.6576576828956604,0.18813814222812653
YGR081C,YPL011C,0,1.7024598,0.25886523723602295,0.6576576828956604,0.18828828632831573
YOR054C,YBR061C,0,1.7023712,0.2587123513221741,0.6576576828956604,0.18843844532966614
YLR316C,YCR026C,0,1.7022244,0.25855961441993713,0.6576576828956604,0.18858858942985535
YJR006W,YBR059C,0,1.7021806,0.2584070861339569,0.6576576828956604,0.18873873353004456
YOL102C,YGR239C,0,1.7016109,0.2582547068595886,0.6576576828956604,0.18888889253139496
YMR228W,YOL043C,0,1.7013445,0.25810253620147705,0.6576576828956604,0.18903903663158417
YNL102W,YKL144C,0,1.7010248,0.2579505443572998,0.6576576828956604,0.18918919563293457
YDR082W,YJL176C,0,1.7008553,0.2577987015247345,0.6576576828956604,0.18933933973312378
YGL180W,YBR074W,0,1.7005379,0.2576470673084259,0.6576576828956604,0.189489483833313
YBR247C,YJL079C,0,1.6997668,0.25749558210372925,0.6576576828956604,0.1896396428346634
YGR134W,YCR012W,0,1.6995988,0.2573443055152893,0.6576576828956604,0.1897897869348526
YJR004C,YDR138W,0,1.699049,0.2571931779384613,0.6576576828956604,0.189939945936203
YMR172W,YLR386W,0,1.6981909,0.25704225897789,0.6576576828956604,0.1900900900363922
YBR002C,YIL048W,0,1.6976458,0.25689148902893066,0.6576576828956604,0.19024023413658142
YBR095C,YKR101W,0,1.6961658,0.256740927696228,0.6576576828956604,0.19039039313793182
YOL104C,YFR036W,1,1.6952819,0.25717633962631226,0.6591591835021973,0.19039039313793182
YDL197C,YGR095C,0,1.6951585,0.25702574849128723,0.6591591835021973,0.19054053723812103
YGL172W,YOR085W,0,1.6946863,0.2568753659725189,0.6591591835021973,0.19069069623947144
YMR008C,YNL050C,0,1.6945914,0.25672513246536255,0.6591591835021973,0.19084084033966064
YDR451C,YHR156C,0,1.6937672,0.2565751075744629,0.6591591835021973,0.19099098443984985
YOR219C,YLR130C,0,1.693427,0.25642523169517517,0.6591591835021973,0.19114114344120026
YER008C,YKL096W-A,0,1.6925399,0.2562755346298218,0.6591591835021973,0.19129128754138947
YOR074C,YNR044W,0,1.6923835,0.2561260163784027,0.6591591835021973,0.19144144654273987
YBR182C,YJR031C,0,1.6917648,0.25597667694091797,0.6591591835021973,0.19159159064292908
YKR054C,YNL273W,1,1.6914995,0.25641027092933655,0.6606606841087341,0.19159159064292908
YGR144W,YAR002C-A,0,1.6900853,0.2562609314918518,0.6606606841087341,0.1917417347431183
YKL201C,YLL027W,0,1.689968,0.2561117708683014,0.6606606841087341,0.1918918937444687
YLL004W,YJR032W,0,1.6899679,0.2559627592563629,0.6606606841087341,0.1920420378446579
YJL141C,YLR187W,0,1.6895338,0.25581395626068115,0.6606606841087341,0.1921921968460083
YDL246C,YNL238W,0,1.6891955,0.25566530227661133,0.6606606841087341,0.1923423409461975
YDR167W,YHR059W,0,1.6891391,0.25551682710647583,0.6606606841087341,0.19249248504638672
YOL141W,YKL190W,0,1.6889822,0.25536853075027466,0.6606606841087341,0.19264264404773712
YCR093W,YIL035C,0,1.6889448,0.2552204132080078,0.6606606841087341,0.19279278814792633
YGL203C,YJL206C,0,1.6888835,0.2550724744796753,0.6606606841087341,0.19294294714927673
YHR061C,YPL163C,0,1.6875274,0.2549246847629547,0.6606606841087341,0.19309309124946594
YJL194W,YOR099W,0,1.6871969,0.25477707386016846,0.6606606841087341,0.19324325025081635
YIL142W,YKL186C,0,1.6870081,0.25462964177131653,0.6606606841087341,0.19339339435100555
YOR099W,YER168C,0,1.6862859,0.25448235869407654,0.6606606841087341,0.19354353845119476
YOL038W,YJL095W,0,1.6855578,0.2543352544307709,0.6606606841087341,0.19369369745254517
YBR202W,YHR119W,0,1.685185,0.25418832898139954,0.6606606841087341,0.19384384155273438
YGR225W,YBR061C,0,1.6848351,0.2540415823459625,0.6606606841087341,0.19399400055408478
YOR237W,YKL074C,0,1.6836137,0.25389498472213745,0.6606606841087341,0.194144144654274
YPL129W,YOR215C,0,1.68357,0.2537485659122467,0.6606606841087341,0.1942942887544632
YGR288W,YDR076W,0,1.682849,0.2536022961139679,0.6606606841087341,0.1944444477558136
YPL002C,YER002W,0,1.6817874,0.2534562349319458,0.6606606841087341,0.1945945918560028
YNL160W,YMR229C,0,1.6810482,0.25331029295921326,0.6606606841087341,0.1947447508573532
YNL309W,YGR246C,0,1.6808708,0.2531645596027374,0.6606606841087341,0.19489489495754242
YGL158W,YLR025W,0,1.6808548,0.25301897525787354,0.6606606841087341,0.19504503905773163
YGR081C,YDR310C,0,1.6805551,0.25287356972694397,0.6606606841087341,0.19519519805908203
YKR103W,YIL079C,0,1.6800237,0.25272831320762634,0.6606606841087341,0.19534534215927124
YOR176W,YML109W,0,1.6798885,0.25258323550224304,0.6606606841087341,0.19549550116062164
YGL158W,YGR081C,0,1.6787976,0.25243833661079407,0.6606606841087341,0.19564564526081085
YBR002C,YCL034W,0,1.6778569,0.25229358673095703,0.6606606841087341,0.19579578936100006
YMR005W,YGR222W,0,1.6773459,0.25214898586273193,0.6606606841087341,0.19594594836235046
YFR031C,YGR113W,1,1.6771828,0.2525773048400879,0.662162184715271,0.19594594836235046
YJR006W,YKL201C,0,1.6768265,0.2524327337741852,0.662162184715271,0.19609609246253967
YBR120C,YDR140W,0,1.6764791,0.2522883415222168,0.662162184715271,0.19624625146389008
YDR518W,YGR246C,0,1.6763839,0.25214406847953796,0.662162184715271,0.19639639556407928
YPL065W,YGL216W,0,1.6746217,0.25200000405311584,0.662162184715271,0.1965465396642685
YLR329W,YCR012W,0,1.6743531,0.25185608863830566,0.662162184715271,0.1966966986656189
YDR285W,YNL307C,1,1.6743472,0.25228309631347656,0.6636636853218079,0.1966966986656189
YLL019C,YGR185C,0,1.6738944,0.2521391808986664,0.6636636853218079,0.1968468427658081
YKL126W,YGR145W,0,1.67328,0.2519954442977905,0.6636636853218079,0.1969970017671585
YBR170C,YDR497C,0,1.6723211,0.2518518567085266,0.6636636853218079,0.19714714586734772
YIR011C,YGR179C,1,1.6715453,0.2522779107093811,0.6651651859283447,0.19714714586734772
YIL139C,YOR355W,0,1.670716,0.2521343231201172,0.6651651859283447,0.19729728996753693
YJR092W,YCL024W,0,1.6683879,0.2519908845424652,0.6651651859283447,0.19744744896888733
YKL093W,YMR172W,0,1.6682284,0.25184765458106995,0.6651651859283447,0.19759759306907654
YBL058W,YPL112C,0,1.668211,0.25170454382896423,0.6651651859283447,0.19774775207042694
YHR066W,YOL090W,0,1.6681324,0.25156161189079285,0.6651651859283447,0.19789789617061615
YNL261W,YAL017W,0,1.6671398,0.2514188289642334,0.6651651859283447,0.19804805517196655
YHR209W,YDR240C,0,1.6670035,0.2512762248516083,0.6651651859283447,0.19819819927215576
YGR145W,YJL095W,0,1.6660025,0.2511337995529175,0.6651651859283447,0.19834834337234497
YJL030W,YGR113W,1,1.665686,0.2515580654144287,0.6666666865348816,0.19834834337234497
YPL110C,YMR270C,0,1.6649457,0.2514156401157379,0.6666666865348816,0.19849850237369537
YOR145C,YKL168C,0,1.6643896,0.25127333402633667,0.6666666865348816,0.19864864647388458
YDR081C,YPL096W,0,1.6634673,0.25113123655319214,0.6666666865348816,0.19879880547523499
YKL217W,YNL138W-A,0,1.662688,0.25098925828933716,0.6666666865348816,0.1989489495754242
YJR082C,YDR449C,0,1.6623158,0.2508474588394165,0.6666666865348816,0.1990990936756134
YDR034C,YDL035C,0,1.6622305,0.2507058084011078,0.6666666865348816,0.1992492526769638
YBR275C,YDR364C,0,1.661881,0.2505643367767334,0.6666666865348816,0.19939939677715302
YGL172W,YDR076W,0,1.6613153,0.25042301416397095,0.6666666865348816,0.19954955577850342
YGR246C,YHR039C-A,0,1.6605842,0.25028184056282043,0.6666666865348816,0.19969969987869263
YER013W,YJL081C,0,1.6596962,0.25014084577560425,0.6666666865348816,0.19984984397888184
YOR393W,YJR063W,0,1.6585358,0.25,0.6666666865348816,0.20000000298023224
YCR057C,YER137C,0,1.658357,0.24985931813716888,0.6666666865348816,0.20015014708042145
YOL145C,YIL132C,1,1.6581444,0.2502812147140503,0.6681681871414185,0.20015014708042145
YDR498C,YBR192W,0,1.6579391,0.250140517950058,0.6681681871414185,0.20030030608177185
YMR241W,YPL042C,0,1.6568897,0.25,0.6681681871414185,0.20045045018196106
YMR186W,YJL176C,0,1.6564038,0.24985963106155396,0.6681681871414185,0.20060059428215027
YEL022W,YIR018W,0,1.6561991,0.24971941113471985,0.6681681871414185,0.20075075328350067
YKR071C,YGR113W,1,1.6561728,0.2501402199268341,0.6696696877479553,0.20075075328350067
YDR205W,YMR273C,0,1.6539688,0.25,0.6696696877479553,0.20090089738368988
YFR031C,YKL022C,1,1.6539124,0.2504201829433441,0.6711711883544922,0.20090089738368988
YOR275C,YML036W,0,1.6534779,0.25027996301651,0.6711711883544922,0.20105105638504028
YMR319C,YIL140W,0,1.6519192,0.25013989210128784,0.6711711883544922,0.2012012004852295
YLL019C,YBR141C,0,1.6518478,0.25,0.6711711883544922,0.2013513445854187
YDR419W,YKR020W,0,1.6517959,0.2498602569103241,0.6711711883544922,0.2015015035867691
YLL034C,YOR038C,0,1.651073,0.24972067773342133,0.6711711883544922,0.2016516476869583
YBR155W,YNL026W,0,1.6510062,0.2495812326669693,0.6711711883544922,0.20180180668830872
YJL130C,YDL170W,0,1.6494337,0.2494419664144516,0.6711711883544922,0.20195195078849792
YDR079W,YDL245C,0,1.6490117,0.24930284917354584,0.6711711883544922,0.20210209488868713
YDR512C,YGL212W,0,1.6473236,0.24916388094425201,0.6711711883544922,0.20225225389003754
YNL117W,YLR291C,0,1.6462831,0.24902507662773132,0.6711711883544922,0.20240239799022675
YDL059C,YGL014W,0,1.645208,0.24888642132282257,0.6711711883544922,0.20255255699157715
YLR359W,YEL056W,0,1.6447265,0.24874791502952576,0.6711711883544922,0.20270270109176636
YHR175W,YBR061C,0,1.644453,0.24860957264900208,0.6711711883544922,0.20285286009311676
YLR080W,YGR185C,0,1.6444021,0.24847137928009033,0.6711711883544922,0.20300300419330597
YPR024W,YCL034W,0,1.6431534,0.24833333492279053,0.6711711883544922,0.20315314829349518
YMR038C,YGR134W,0,1.6429231,0.24819543957710266,0.6711711883544922,0.20330330729484558
YHR077C,YMR246W,0,1.6423728,0.24805770814418793,0.6711711883544922,0.2034534513950348
YHR002W,YGL122C,0,1.6415349,0.24792012572288513,0.6711711883544922,0.2036036103963852
YBR276C,YOR353C,0,1.6395996,0.24778270721435547,0.6711711883544922,0.2037537544965744
YBR150C,YGR155W,0,1.639533,0.24764542281627655,0.6711711883544922,0.2039038985967636
YMR146C,YER168C,0,1.6395041,0.24750830233097076,0.6711711883544922,0.204054057598114
YDL040C,YGR222W,0,1.6394585,0.24737133085727692,0.6711711883544922,0.20420420169830322
YKL217W,YJR034W,0,1.6393079,0.247234508395195,0.6711711883544922,0.20435436069965363
YFR036W,YGR089W,1,1.6385708,0.2476506382226944,0.672672688961029,0.20435436069965363
YPL119C,YDR494W,0,1.6383948,0.2475138157606125,0.672672688961029,0.20450450479984283
YJR004C,YER125W,0,1.6380776,0.24737714231014252,0.672672688961029,0.20465464890003204
YMR301C,YDR138W,0,1.637938,0.24724061787128448,0.672672688961029,0.20480480790138245
YOL112W,YLR264W,0,1.637521,0.2471042424440384,0.672672688961029,0.20495495200157166
YDR170C,YGL220W,0,1.6363496,0.24696803092956543,0.672672688961029,0.20510511100292206
YGR179C,YBL079W,1,1.6362907,0.24738292396068573,0.6741741895675659,0.20510511100292206
YLR130C,YJL095W,0,1.6359907,0.24724669754505157,0.6741741895675659,0.20525525510311127
YMR115W,YMR240C,0,1.634276,0.24711062014102936,0.6741741895675659,0.20540539920330048
YIL142W,YGL183C,0,1.6340315,0.24697469174861908,0.6741741895675659,0.20555555820465088
YER151C,YKR002W,0,1.6340151,0.24683892726898193,0.6741741895675659,0.2057057023048401
YOL104C,YBL079W,1,1.6336689,0.24725274741649628,0.6756756901741028,0.2057057023048401
YLR028C,YNL238W,0,1.6336069,0.24711696803569794,0.6756756901741028,0.2058558613061905
YML080W,YER137C,0,1.6330777,0.24698133766651154,0.6756756901741028,0.2060060054063797
YGR171C,YPR060C,0,1.6329038,0.24684585630893707,0.6756756901741028,0.2061561495065689
YKR035W-A,YER104W,0,1.6328249,0.24671052396297455,0.6756756901741028,0.2063063085079193
YPL218W,YNL298W,0,1.6326526,0.24657534062862396,0.6756756901741028,0.20645645260810852
YEL029C,YNL259C,0,1.6322775,0.24644030630588531,0.6756756901741028,0.20660661160945892
YBR111W-A,YDR498C,0,1.631543,0.2463054209947586,0.6756756901741028,0.20675675570964813
YDL215C,YJL176C,0,1.6309578,0.24617068469524384,0.6756756901741028,0.20690689980983734
YNL236W,YCL052C,0,1.630453,0.2460360825061798,0.6756756901741028,0.20705705881118774
YBR080C,YDR195W,0,1.6300929,0.24590164422988892,0.6756756901741028,0.20720720291137695
YDR378C,YJL085W,0,1.6286032,0.24576734006404877,0.6756756901741028,0.20735736191272736
YJR149W,YDL047W,0,1.6282454,0.24563318490982056,0.6756756901741028,0.20750750601291656
YDL128W,YDL035C,0,1.6277583,0.24549917876720428,0.6756756901741028,0.20765766501426697
YMR093W,YLR151C,0,1.6277144,0.24536532163619995,0.6756756901741028,0.20780780911445618
YGL170C,YOR297C,0,1.6272947,0.24523161351680756,0.6756756901741028,0.20795795321464539
YNL236W,YKL201C,0,1.6267351,0.2450980395078659,0.6756756901741028,0.2081081122159958
YCL008C,YLR088W,0,1.6263654,0.2449646145105362,0.6756756901741028,0.208258256316185
YFL033C,YOR251C,0,1.6263437,0.24483133852481842,0.6756756901741028,0.2084084153175354
YGR056W,YMR193W,0,1.6261322,0.24469821155071259,0.6756756901741028,0.2085585594177246
YPL127C,YGR012W,0,1.6248559,0.2445652186870575,0.6756756901741028,0.20870870351791382
YPR006C,YOR222W,0,1.6236385,0.24443237483501434,0.6756756901741028,0.20885886251926422
YLR452C,YGL094C,0,1.6234299,0.24429967999458313,0.6756756901741028,0.20900900661945343
YGR225W,YNR017W,0,1.6222458,0.24416711926460266,0.6756756901741028,0.20915916562080383
YBR260C,YGR036C,0,1.6217859,0.24403470754623413,0.6756756901741028,0.20930930972099304
YOL112W,YER087C-B,0,1.621687,0.24390244483947754,0.6756756901741028,0.20945945382118225
YDR144C,YHR175W,0,1.6214817,0.2437703162431717,0.6756756901741028,0.20960961282253265
YBR247C,YLR219W,0,1.6210685,0.24363833665847778,0.6756756901741028,0.20975975692272186
YJR112W,YNL290W,1,1.6207983,0.244047611951828,0.6771771907806396,0.20975975692272186
YDL059C,YKR035W-A,0,1.6203007,0.2439156323671341,0.6771771907806396,0.20990991592407227
YJR092W,YJR140C,0,1.6202261,0.24378378689289093,0.6771771907806396,0.21006006002426147
YPR001W,YOR025W,0,1.6201179,0.2436520755290985,0.6771771907806396,0.21021020412445068
YPR119W,YLR209C,0,1.6191081,0.24352051317691803,0.6771771907806396,0.2103603631258011
YMR039C,YKR002W,0,1.6179123,0.2433890998363495,0.6771771907806396,0.2105105072259903
YML058W-A,YDL208W,0,1.6153425,0.2432578206062317,0.6771771907806396,0.2106606662273407
YEL053C,YLR163C,0,1.6152115,0.24312669038772583,0.6771771907806396,0.2108108103275299
YPL223C,YGL113W,0,1.6151272,0.24299569427967072,0.6771771907806396,0.21096095442771912
YJR055W,YLR164W,0,1.6150427,0.24286483228206635,0.6771771907806396,0.21111111342906952
YPR111W,YBL041W,0,1.6146044,0.2427341192960739,0.6771771907806396,0.21126125752925873
YCL024W,YPL196W,0,1.6142578,0.24260355532169342,0.6771771907806396,0.21141141653060913
YIL046W,YJR140C,0,1.6141937,0.24247312545776367,0.6771771907806396,0.21156156063079834
YBL058W,YDL128W,0,1.6137127,0.24234282970428467,0.6771771907806396,0.21171170473098755
YGL174W,YBR257W,0,1.6136788,0.2422126680612564,0.6771771907806396,0.21186186373233795
YPL213W,YGL183C,0,1.6136302,0.2420826554298401,0.6771771907806396,0.21201200783252716
YGR285C,YPL007C,0,1.61343,0.2419527918100357,0.6771771907806396,0.21216216683387756
YGR169C,YKL007W,0,1.6128982,0.24182306230068207,0.6771771907806396,0.21231231093406677
YJR092W,YLR386W,0,1.6117923,0.24169346690177917,0.6771771907806396,0.21246245503425598
YLR289W,YLR401C,0,1.6116061,0.24156400561332703,0.6771771907806396,0.21261261403560638
YDL036C,YMR077C,0,1.6105224,0.24143469333648682,0.6771771907806396,0.2127627581357956
YNR031C,YGL180W,0,1.6096151,0.24130551517009735,0.6771771907806396,0.212912917137146
YOR204W,YLR145W,0,1.6093667,0.24117647111415863,0.6771771907806396,0.2130630612373352
YPR133W-A,YGR276C,0,1.6093408,0.24104756116867065,0.6771771907806396,0.2132132202386856
YLR219W,YNR028W,0,1.6070857,0.24091880023479462,0.6771771907806396,0.21336336433887482
YKL022C,YBL079W,1,1.6052464,0.24132408201694489,0.6786786913871765,0.21336336433887482
YER049W,YGR134W,0,1.6052036,0.24119530618190765,0.6786786913871765,0.21351350843906403
YDR310C,YJL006C,0,1.6037403,0.24106666445732117,0.6786786913871765,0.21366366744041443
YDR383C,YKR006C,0,1.603492,0.24093817174434662,0.6786786913871765,0.21381381154060364
YGR282C,YLR359W,0,1.6034386,0.24080979824066162,0.6786786913871765,0.21396397054195404
YOL141W,YJL079C,0,1.6026545,0.24068157374858856,0.6786786913871765,0.21411411464214325
YGL180W,YKR028W,0,1.6026202,0.24055348336696625,0.6786786913871765,0.21426425874233246
YOL142W,YJR092W,0,1.6025478,0.24042552709579468,0.6786786913871765,0.21441441774368286
YKR066C,YKR020W,0,1.6022586,0.24029771983623505,0.6786786913871765,0.21456456184387207
YGL094C,YIL095W,0,1.6016262,0.24017003178596497,0.6786786913871765,0.21471472084522247
YNL304W,YDR497C,0,1.6003081,0.24004249274730682,0.6786786913871765,0.21486486494541168
YKL007W,YPL082C,0,1.5993601,0.23991507291793823,0.6786786913871765,0.2150150090456009
YJR078W,YDR170C,0,1.5991259,0.23978780210018158,0.6786786913871765,0.2151651680469513
YGR105W,YER171W,0,1.5981638,0.23966065049171448,0.6786786913871765,0.2153153121471405
YGL094C,YDR429C,0,1.5976927,0.23953364789485931,0.6786786913871765,0.2154654711484909
YOL045W,YKL182W,0,1.5976776,0.2394067794084549,0.6786786913871765,0.21561561524868011
YJR055W,YMR296C,0,1.597651,0.23928004503250122,0.6786786913871765,0.21576575934886932
YOL145C,YDR285W,1,1.5973046,0.23968254029750824,0.6801801919937134,0.21576575934886932
YJL112W,YJL206C,0,1.5967267,0.23955579102039337,0.6801801919937134,0.21591591835021973
YPR194C,YPL027W,0,1.5961746,0.23942917585372925,0.6801801919937134,0.21606606245040894
YGR010W,YMR238W,0,1.5958548,0.23930269479751587,0.6801801919937134,0.21621622145175934
YPR024W,YFL023W,0,1.5947809,0.23917634785175323,0.6801801919937134,0.21636636555194855
YGR144W,YKL190W,0,1.5945002,0.23905013501644135,0.6801801919937134,0.21651650965213776
YDR530C,YGR238C,0,1.5941164,0.2389240562915802,0.6801801919937134,0.21666666865348816
YNL026W,YGL060W,0,1.5937598,0.2387980967760086,0.6801801919937134,0.21681681275367737
YAL038W,YBR187W,0,1.5935323,0.23867228627204895,0.6801801919937134,0.21696697175502777
YHR179W,YIL079C,0,1.5933418,0.23854660987854004,0.6801801919937134,0.21711711585521698
YLR386W,YNR035C,0,1.5919662,0.23842105269432068,0.6801801919937134,0.2172672599554062
YJL187C,YFL021W,0,1.591895,0.23829562962055206,0.6801801919937134,0.2174174189567566
YJL087C,YMR114C,0,1.5912842,0.2381703406572342,0.6801801919937134,0.2175675630569458
YJL087C,YCR060W,0,1.5911021,0.23804518580436707,0.6801801919937134,0.2177177220582962
YMR213W,YFL023W,0,1.5910661,0.23792016506195068,0.6801801919937134,0.2178678661584854
YNL044W,YBL085W,0,1.5907855,0.23779527842998505,0.6801801919937134,0.21801802515983582
YIL061C,YIR005W,0,1.5905645,0.23767051100730896,0.6801801919937134,0.21816816926002502
YGL010W,YER168C,0,1.5894231,0.23754587769508362,0.6801801919937134,0.21831831336021423
YMR284W,YCR012W,0,1.5891355,0.23742137849330902,0.6801801919937134,0.21846847236156464
YPL150W,YHR005C-A,0,1.5889118,0.23729701340198517,0.6801801919937134,0.21861861646175385
YNL110C,YMR090W,0,1.5888622,0.23717276751995087,0.6801801919937134,0.21876877546310425
YMR054W,YLR440C,0,1.5880234,0.2370486706495285,0.6801801919937134,0.21891891956329346
YOL145C,YGL190C,1,1.5877703,0.23744769394397736,0.6816816926002502,0.21891891956329346
YKR102W,YMR075W,0,1.5868695,0.2373235821723938,0.6816816926002502,0.21906906366348267
YJL030W,YGL190C,1,1.5867814,0.23772205412387848,0.6831831932067871,0.21906906366348267
YDL024C,YPR006C,0,1.5866394,0.23759791254997253,0.6831831932067871,0.21921922266483307
YJL187C,YMR054W,0,1.5861577,0.23747390508651733,0.6831831932067871,0.21936936676502228
YDR423C,YNL238W,0,1.5860494,0.23735003173351288,0.6831831932067871,0.21951952576637268
YLR009W,YDL024C,0,1.5835531,0.23722627758979797,0.6831831932067871,0.2196696698665619
YDL047W,YOR180C,0,1.5826172,0.2371026575565338,0.6831831932067871,0.2198198139667511
YBR095C,YJL192C,0,1.5825036,0.2369791716337204,0.6831831932067871,0.2199699729681015
YBR170C,YHR079C,0,1.5824895,0.23685580492019653,0.6831831932067871,0.2201201170682907
YDL206W,YOR168W,0,1.5814997,0.2367325723171234,0.6831831932067871,0.2202702760696411
YNL271C,YDR473C,0,1.581229,0.23660945892333984,0.6831831932067871,0.22042042016983032
YMR169C,YBR271W,0,1.5803714,0.23648647964000702,0.6831831932067871,0.22057056427001953
YLR107W,YOL155C,0,1.5789402,0.23636363446712494,0.6831831932067871,0.22072072327136993
YEL022W,YOR261C,0,1.5780673,0.2362409085035324,0.6831831932067871,0.22087086737155914
YMR301C,YIL035C,0,1.5777152,0.23611831665039062,0.6831831932067871,0.22102102637290955
YNL202W,YOL111C,0,1.5773915,0.2359958440065384,0.6831831932067871,0.22117117047309875
YDL028C,YBL079W,1,1.577337,0.23639191687107086,0.684684693813324,0.22117117047309875
YDR473C,YBR095C,0,1.5770859,0.23626942932605743,0.684684693813324,0.22132131457328796
YJL071W,YDR211W,0,1.576787,0.23614707589149475,0.684684693813324,0.22147147357463837
YPR125W,YKR028W,0,1.5767277,0.23602484166622162,0.684684693813324,0.22162161767482758
YJR010W,YKR055W,0,1.5761127,0.23590274155139923,0.684684693813324,0.22177177667617798
YOL112W,YLR389C,0,1.5760219,0.2357807606458664,0.684684693813324,0.2219219207763672
YJR127C,YOL045W,0,1.575784,0.2356589138507843,0.684684693813324,0.2220720648765564
YIL088C,YDR081C,0,1.5755416,0.23553718626499176,0.684684693813324,0.2222222238779068
YDL107W,YHR119W,0,1.574633,0.23541559278964996,0.684684693813324,0.222372367978096
YNL073W,YDR392W,0,1.5745859,0.23529411852359772,0.684684693813324,0.2225225269794464
YPL127C,YNL236W,0,1.5745333,0.23517276346683502,0.684684693813324,0.22267267107963562
YMR019W,YIL142W,0,1.5742421,0.23505154252052307,0.684684693813324,0.22282283008098602
YJR138W,YLL061W,0,1.5739521,0.23493044078350067,0.684684693813324,0.22297297418117523
YPL200W,YDR260C,1,1.5738516,0.2353244125843048,0.6861861944198608,0.22297297418117523
YBR287W,YEL062W,0,1.5732193,0.23520329594612122,0.6861861944198608,0.22312311828136444
YGR238C,YKL166C,0,1.5724449,0.23508229851722717,0.6861861944198608,0.22327327728271484
YOR212W,YML006C,0,1.5720068,0.23496143519878387,0.6861861944198608,0.22342342138290405
YNR074C,YMR032W,0,1.5716265,0.23484070599079132,0.6861861944198608,0.22357358038425446
YLL029W,YKL001C,0,1.5712919,0.23472008109092712,0.6861861944198608,0.22372372448444366
YNL160W,YHR085W,0,1.5708241,0.23459959030151367,0.6861861944198608,0.22387386858463287
YPR171W,YPL050C,0,1.5707105,0.23447921872138977,0.6861861944198608,0.22402402758598328
YER022W,YDR461W,0,1.57004,0.2343589812517166,0.6861861944198608,0.22417417168617249
YER049W,YMR160W,0,1.5698543,0.23423884809017181,0.6861861944198608,0.2243243306875229
YDL045W-A,YOR098C,0,1.5685482,0.23411884903907776,0.6861861944198608,0.2244744747877121
YDR034C,YML049C,0,1.5677474,0.23399896919727325,0.6861861944198608,0.2246246188879013
YDR205W,YIL094C,0,1.5663623,0.2338792234659195,0.6861861944198608,0.2247747778892517
YJL144W,YKL144C,0,1.5656487,0.23375959694385529,0.6861861944198608,0.22492492198944092
YBL011W,YCL032W,0,1.565619,0.23364007472991943,0.6861861944198608,0.22507508099079132
YKR071C,YAL016W,1,1.5653522,0.23403167724609375,0.6876876950263977,0.22507508099079132
YMR182C,YJL192C,0,1.5651708,0.2339121550321579,0.6876876950263977,0.22522522509098053
YDR518W,YNL236W,0,1.5636742,0.2337927520275116,0.6876876950263977,0.22537536919116974
YGR251W,YPL127C,0,1.5636321,0.23367346823215485,0.6876876950263977,0.22552552819252014
YOR226C,YFL023W,0,1.5632517,0.23355430364608765,0.6876876950263977,0.22567567229270935
YJL130C,YHR082C,0,1.5630414,0.2334352731704712,0.6876876950263977,0.22582583129405975
YIR011C,YPR135W,1,1.5617795,0.23382577300071716,0.6891891956329346,0.22582583129405975
YOL145C,YNL290W,1,1.5601666,0.2342158854007721,0.6906906962394714,0.22582583129405975
YNL273W,YLR394W,1,1.559922,0.2346055954694748,0.6921921968460083,0.22582583129405975
YCR011C,YDR062W,0,1.5581397,0.23448626697063446,0.6921921968460083,0.22597597539424896
YOL066C,YOL108C,0,1.5572615,0.23436705768108368,0.6921921968460083,0.22612611949443817
YCL036W,YCR030C,0,1.5566996,0.23424796760082245,0.6921921968460083,0.22627627849578857
YMR227C,YBR052C,0,1.5562925,0.23412899672985077,0.6921921968460083,0.22642642259597778
YPL167C,YGL203C,0,1.5562313,0.23401014506816864,0.6921921968460083,0.22657658159732819
YPL094C,YDL197C,0,1.5558275,0.23389142751693726,0.6921921968460083,0.2267267256975174
YMR269W,YMR176W,0,1.5556259,0.23377281427383423,0.6921921968460083,0.2268768697977066
YER017C,YOL124C,0,1.5554339,0.23365433514118195,0.6921921968460083,0.227027028799057
YDR240C,YLR309C,0,1.5551481,0.23353596031665802,0.6921921968460083,0.22717717289924622
YOL145C,YNR010W,1,1.5549779,0.2339240461587906,0.6936936974525452,0.22717717289924622
YER049W,YDL197C,0,1.5544678,0.23380567133426666,0.6936936974525452,0.22732733190059662
YGR056W,YBR125C,0,1.5537553,0.2336874008178711,0.6936936974525452,0.22747747600078583
YMR186W,YOR313C,0,1.5530659,0.23356926441192627,0.6936936974525452,0.22762763500213623
YDR233C,YMR160W,0,1.5530496,0.2334512323141098,0.6936936974525452,0.22777777910232544
YOR071C,YGL200C,0,1.5524629,0.23333333432674408,0.6936936974525452,0.22792792320251465
YGL162W,YOL108C,0,1.5517536,0.2332155406475067,0.6936936974525452,0.22807808220386505
YBR020W,YDR527W,0,1.5509955,0.2330978810787201,0.6936936974525452,0.22822822630405426
YDR146C,YGR229C,0,1.5508876,0.23298032581806183,0.6936936974525452,0.22837838530540466
YDL083C,YGL148W,0,1.5504638,0.2328629046678543,0.6936936974525452,0.22852852940559387
YIL006W,YJL176C,0,1.550106,0.23274558782577515,0.6936936974525452,0.22867867350578308
YFR021W,YEL053C,0,1.5495954,0.23262840509414673,0.6936936974525452,0.22882883250713348
YJL130C,YGL233W,0,1.5495096,0.23251132667064667,0.6936936974525452,0.2289789766073227
YPL064C,YGR175C,0,1.549134,0.23239436745643616,0.6936936974525452,0.2291291356086731
YOL112W,YJR133W,0,1.5489831,0.2322775274515152,0.6936936974525452,0.2292792797088623
YBR275C,YMR180C,0,1.548335,0.2321608066558838,0.6936936974525452,0.2294294238090515
YML032C,YDR205W,0,1.5481055,0.23204420506954193,0.6936936974525452,0.22957958281040192
YEL069C,YNR031C,0,1.5472007,0.23192770779132843,0.6936936974525452,0.22972972691059113
YER145C,YNR015W,0,1.5469089,0.23181134462356567,0.6936936974525452,0.22987988591194153
YLR390W,YPR119W,0,1.5467106,0.23169508576393127,0.6936936974525452,0.23003003001213074
YNR067C,YNL182C,0,1.5461427,0.23157894611358643,0.6936936974525452,0.23018017411231995
YDR460W,YHR057C,0,1.5453779,0.23146292567253113,0.6936936974525452,0.23033033311367035
YJR092W,YLR278C,0,1.5433617,0.23134702444076538,0.6936936974525452,0.23048047721385956
YMR005W,YJR040W,0,1.5429395,0.231231227517128,0.6936936974525452,0.23063063621520996
YIL159W,YCR046C,0,1.5426414,0.23111556470394135,0.6936936974525452,0.23078078031539917
YDR174W,YOR279C,0,1.5424987,0.23100000619888306,0.6936936974525452,0.23093092441558838
YOL145C,YDR254W,1,1.542341,0.2313843071460724,0.695195198059082,0.23093092441558838
YKR054C,YLR394W,1,1.5421453,0.23176823556423187,0.6966966986656189,0.23093092441558838
YIL128W,YLR359W,0,1.5414401,0.23165252804756165,0.6966966986656189,0.23108108341693878
YCR014C,YFR019W,0,1.5412612,0.23153692483901978,0.6966966986656189,0.231231227517128
YKL090W,YHR008C,0,1.5404787,0.23142144083976746,0.6966966986656189,0.2313813865184784
YER098W,YOR099W,0,1.540215,0.2313060760498047,0.6966966986656189,0.2315315306186676
YGL162W,YMR272C,0,1.5397651,0.23119083046913147,0.6966966986656189,0.2316816747188568
YEL030W,YOL136C,0,1.5396049,0.2310757040977478,0.6966966986656189,0.23183183372020721
YBR182C,YOR304C-A,0,1.5395436,0.2309606820344925,0.6966966986656189,0.23198197782039642
YJL030W,YJR112W,1,1.5394475,0.23134328424930573,0.6981981992721558,0.23198197782039642
YOL112W,YLR440C,0,1.5392566,0.23122824728488922,0.6981981992721558,0.23213213682174683
YKL041W,YER101C,0,1.5388458,0.23111331462860107,0.6981981992721558,0.23228228092193604
YKR008W,YDR172W,0,1.5380836,0.23099851608276367,0.6981981992721558,0.23243242502212524
YLL034C,YNL219C,0,1.5374653,0.23088380694389343,0.6981981992721558,0.23258258402347565
YHR074W,YPR190C,0,1.5366955,0.23076923191547394,0.6981981992721558,0.23273272812366486
YJR006W,YBR230C,0,1.536469,0.2306547611951828,0.6981981992721558,0.23288288712501526
YGR225W,YJR040W,0,1.5352066,0.2305404096841812,0.6981981992721558,0.23303303122520447
YOR212W,YLR314C,0,1.5351403,0.23042616248130798,0.6981981992721558,0.23318319022655487
YNL298W,YFL021W,0,1.5347667,0.2303120344877243,0.6981981992721558,0.23333333432674408
YDR030C,YBL052C,0,1.534688,0.23019802570343018,0.6981981992721558,0.2334834784269333
YIR025W,YNL307C,1,1.53348,0.23057891428470612,0.6996996998786926,0.2334834784269333
YMR117C,YNL307C,1,1.5331743,0.2309594452381134,0.7012012004852295,0.2334834784269333
YGR216C,YLR016C,0,1.5329119,0.23084527254104614,0.7012012004852295,0.2336336374282837
YDR527W,YMR296C,0,1.531707,0.23073121905326843,0.7012012004852295,0.2337837815284729
YOL142W,YJR053W,0,1.5306805,0.23061728477478027,0.7012012004852295,0.2339339405298233
YGL112C,YNL192W,0,1.5301676,0.23050345480442047,0.7012012004852295,0.2340840846300125
YJL060W,YDR404C,0,1.529536,0.23038974404335022,0.7012012004852295,0.23423422873020172
YGL068W,YMR046C,0,1.5289367,0.23027613759040833,0.7012012004852295,0.23438438773155212
YMR227C,YGL163C,0,1.528587,0.2301626354455948,0.7012012004852295,0.23453453183174133
YHR059W,YNR044W,0,1.5280142,0.230049267411232,0.7012012004852295,0.23468469083309174
YDR414C,YFR045W,0,1.5278825,0.22993598878383636,0.7012012004852295,0.23483483493328094
YKL119C,YOR287C,0,1.525711,0.22982282936573029,0.7012012004852295,0.23498497903347015
YGL203C,YFR019W,0,1.5256634,0.22970978915691376,0.7012012004852295,0.23513513803482056
YOR145C,YMR160W,0,1.5254431,0.22959685325622559,0.7012012004852295,0.23528528213500977
YOL145C,YLR394W,1,1.5248436,0.22997543215751648,0.7027027010917664,0.23528528213500977
YJL130C,YOR085W,0,1.5232859,0.22986248135566711,0.7027027010917664,0.23543544113636017
YDR527W,YMR200W,0,1.5232725,0.2297496348619461,0.7027027010917664,0.23558558523654938
YML032C,YHL034C,0,1.5230429,0.22963689267635345,0.7027027010917664,0.2357357293367386
YDR369C,YHR082C,0,1.5229915,0.22952426970005035,0.7027027010917664,0.235885888338089
YDR419W,YDR072C,0,1.5224589,0.2294117659330368,0.7027027010917664,0.2360360324382782
YJR021C,YBR095C,0,1.5222596,0.2292993664741516,0.7027027010917664,0.2361861914396286
YLR183C,YPL274W,0,1.5214484,0.22918707132339478,0.7027027010917664,0.2363363355398178
YER175C,YEL040W,0,1.5213064,0.2290748953819275,0.7027027010917664,0.23648647964000702
YLR305C,YDR170C,0,1.5205228,0.22896282374858856,0.7027027010917664,0.23663663864135742
YLR107W,YDL140C,0,1.5203913,0.228850856423378,0.7027027010917664,0.23678678274154663
YOR138C,YOL004W,0,1.520244,0.22873900830745697,0.7027027010917664,0.23693694174289703
YJR053W,YDR497C,0,1.5201674,0.2286272644996643,0.7027027010917664,0.23708708584308624
YBR223C,YLL019C,0,1.5194974,0.228515625,0.7027027010917664,0.23723722994327545
YGL112C,YER017C,0,1.5177625,0.22840410470962524,0.7027027010917664,0.23738738894462585
YIL046W,YDR062W,0,1.517664,0.22829268872737885,0.7027027010917664,0.23753753304481506
YDR451C,YPL273W,0,1.517633,0.2281813770532608,0.7027027010917664,0.23768769204616547
YPR133W-A,YOR085W,0,1.5173979,0.22807016968727112,0.7027027010917664,0.23783783614635468
YBR222C,YBR281C,0,1.5172876,0.22795908153057098,0.7027027010917664,0.23798799514770508
YNR067C,YAL024C,0,1.5148445,0.2278480976819992,0.7027027010917664,0.2381381392478943
YOR038C,YJL130C,0,1.5146495,0.22773723304271698,0.7027027010917664,0.2382882833480835
YGR288W,YGR134W,0,1.5146185,0.22762645781040192,0.7027027010917664,0.2384384423494339
YJR127C,YML112W,0,1.5142744,0.2275158017873764,0.7027027010917664,0.2385885864496231
YER101C,YGR185C,0,1.5131782,0.22740525007247925,0.7027027010917664,0.2387387454509735
YNR074C,YIL021W,0,1.5130966,0.22729480266571045,0.7027027010917664,0.23888888955116272
YMR054W,YBR187W,0,1.5128453,0.22718445956707,0.7027027010917664,0.23903903365135193
YNR074C,YAL039C,0,1.5121952,0.22707423567771912,0.7027027010917664,0.23918919265270233
YDL179W,YJL103C,0,1.5109749,0.22696411609649658,0.7027027010917664,0.23933933675289154
YMR061W,YLR047C,0,1.5099852,0.2268541008234024,0.7027027010917664,0.23948949575424194
YDR072C,YDR211W,0,1.5094789,0.22674418985843658,0.7027027010917664,0.23963963985443115
YKL205W,YGR134W,0,1.509441,0.22663438320159912,0.7027027010917664,0.23978978395462036
YML032C,YKL186C,0,1.5093201,0.22652468085289001,0.7027027010917664,0.23993994295597076
YJR004C,YER008C,0,1.5085856,0.22641509771347046,0.7027027010917664,0.24009008705615997
YPR196W,YLR183C,0,1.5084224,0.22630560398101807,0.7027027010917664,0.24024024605751038
YMR097C,YCR057C,0,1.5081165,0.22619622945785522,0.7027027010917664,0.24039039015769958
YGR144W,YEL030W,0,1.5078828,0.22608695924282074,0.7027027010917664,0.2405405342578888
YLR289W,YLL008W,0,1.5075153,0.2259777933359146,0.7027027010917664,0.2406906932592392
YBR187W,YJL171C,0,1.5062809,0.22586873173713684,0.7027027010917664,0.2408408373594284
YPL064C,YDR429C,0,1.5062351,0.22575977444648743,0.7027027010917664,0.2409909963607788
YNR074C,YDL024C,0,1.5061201,0.22565092146396637,0.7027027010917664,0.24114114046096802
YGR167W,YLR404W,0,1.5054032,0.22554217278957367,0.7027027010917664,0.24129128456115723
YMR210W,YKL172W,0,1.5050387,0.22543352842330933,0.7027027010917664,0.24144144356250763
YBR155W,YPR030W,0,1.5039942,0.22532498836517334,0.7027027010917664,0.24159158766269684
YLR206W,YKL186C,0,1.5036514,0.2252165526151657,0.7027027010917664,0.24174174666404724
YDR378C,YHR119W,0,1.5028856,0.22510822117328644,0.7027027010917664,0.24189189076423645
YPR001W,YKR002W,0,1.5021911,0.22499999403953552,0.7027027010917664,0.24204203486442566
YGL209W,YAL029C,0,1.5014287,0.22489188611507416,0.7027027010917664,0.24219219386577606
YLL002W,YNL274C,0,1.5012279,0.22478386759757996,0.7027027010917664,0.24234233796596527
YMR097C,YMR054W,0,1.5005397,0.2246759533882141,0.7027027010917664,0.24249249696731567
YDL217C,YNL236W,0,1.5001731,0.22456814348697662,0.7027027010917664,0.24264264106750488
YLR353W,YLR164W,0,1.4998775,0.2244604378938675,0.7027027010917664,0.24279280006885529
YDL202W,YIL046W,0,1.4997866,0.22435282170772552,0.7027027010917664,0.2429429441690445
YPL011C,YDR472W,0,1.498656,0.2242453247308731,0.7027027010917664,0.2430930882692337
YNL283C,YGL244W,0,1.4974829,0.22413793206214905,0.7027027010917664,0.2432432472705841
YCL004W,YOR085W,0,1.497393,0.22403064370155334,0.7027027010917664,0.24339339137077332
YER171W,YKR028W,0,1.4971215,0.2239234447479248,0.7027027010917664,0.24354355037212372
YLR291C,YGR177C,0,1.4969429,0.22381635010242462,0.7027027010917664,0.24369369447231293
YJL191W,YJL144W,0,1.4967688,0.223709374666214,0.7027027010917664,0.24384383857250214
YLR305C,YDR497C,0,1.4959269,0.22360248863697052,0.7027027010917664,0.24399399757385254
YGR252W,YBR261C,0,1.4956517,0.2234957069158554,0.7027027010917664,0.24414414167404175
YMR020W,YCR057C,0,1.4952297,0.22338901460170746,0.7027027010917664,0.24429430067539215
YER008C,YNL052W,0,1.495052,0.22328244149684906,0.7027027010917664,0.24444444477558136
YOR204W,YGL148W,0,1.4945091,0.22317597270011902,0.7027027010917664,0.24459458887577057
YNL050C,YBR096W,0,1.49413,0.22306959331035614,0.7027027010917664,0.24474474787712097
YNL085W,YNR031C,0,1.493818,0.22296331822872162,0.7027027010917664,0.24489489197731018
YLR047C,YAR031W,0,1.4937704,0.22285714745521545,0.7027027010917664,0.24504505097866058
YLL017W,YNR015W,0,1.4933512,0.22275106608867645,0.7027027010917664,0.2451951950788498
YJR138W,YMR087W,0,1.4925303,0.222645103931427,0.7027027010917664,0.245345339179039
YGR113W,YGR179C,1,1.4920362,0.2230147421360016,0.7042042016983032,0.245345339179039
YGR221C,YGR282C,0,1.4913753,0.22290875017642975,0.7042042016983032,0.2454954981803894
YNL262W,YDR260C,1,1.4905723,0.22327791154384613,0.7057057023048401,0.2454954981803894
YMR168C,YLR321C,1,1.489717,0.22364673018455505,0.707207202911377,0.2454954981803894
YDR254W,YIR011C,1,1.4894928,0.22401519119739532,0.7087087035179138,0.2454954981803894
YER050C,YHR004C,0,1.4877077,0.2239089161157608,0.7087087035179138,0.2456456422805786
YLR394W,YGL190C,1,1.4876573,0.22427691519260406,0.7102102041244507,0.2456456422805786
YIL088C,YLR141W,0,1.4873575,0.22417061030864716,0.7102102041244507,0.24579580128192902
YMR090W,YFL023W,0,1.486143,0.2240644246339798,0.7102102041244507,0.24594594538211823
YMR159C,YBR141C,0,1.4846792,0.2239583283662796,0.7102102041244507,0.24609608948230743
YPR194C,YDL179W,0,1.484127,0.22385233640670776,0.7102102041244507,0.24624624848365784
YGR143W,YIL042C,0,1.483909,0.22374644875526428,0.7102102041244507,0.24639639258384705
YPL007C,YBL068W,0,1.4828227,0.22364066541194916,0.7102102041244507,0.24654655158519745
YHR069C,YJR149W,0,1.4827578,0.2235349714756012,0.7102102041244507,0.24669669568538666
YPL139C,YFL013C,0,1.4823669,0.2234293818473816,0.7102102041244507,0.24684683978557587
YCL036W,YNR035C,0,1.4819993,0.22332389652729034,0.7102102041244507,0.24699699878692627
YNL102W,YMR159C,0,1.4807692,0.22321850061416626,0.7102102041244507,0.24714714288711548
YJL200C,YOR338W,0,1.4807339,0.22311320900917053,0.7102102041244507,0.24729730188846588
YLR300W,YGL241W,0,1.4801134,0.22300802171230316,0.7102102041244507,0.2474474459886551
YDR527W,YLR103C,0,1.4796729,0.22290292382240295,0.7102102041244507,0.2475976049900055
YOR393W,YDR081C,0,1.4793823,0.2227979302406311,0.7102102041244507,0.2477477490901947
YDR414C,YDR195W,0,1.4790004,0.22269302606582642,0.7102102041244507,0.2478978931903839
YBR129C,YDR353W,0,1.4785472,0.22258824110031128,0.7102102041244507,0.24804805219173431
YIL095W,YDL097C,0,1.4780803,0.2224835306406021,0.7102102041244507,0.24819819629192352
YNL232W,YDL024C,0,1.4779277,0.2223789393901825,0.7102102041244507,0.24834835529327393
YGR238C,YNL281W,0,1.4777333,0.22227443754673004,0.7102102041244507,0.24849849939346313
YDR460W,YAR002C-A,0,1.4774046,0.22217004001140594,0.7102102041244507,0.24864864349365234
YHR066W,YHR061C,0,1.4773451,0.222065731883049,0.7102102041244507,0.24879880249500275
YLL041C,YDR499W,0,1.4771147,0.22196151316165924,0.7102102041244507,0.24894894659519196
YER151C,YPL110C,0,1.4760579,0.22185741364955902,0.7102102041244507,0.24909910559654236
YKR071C,YPR135W,1,1.4753704,0.2222222238779068,0.7117117047309875,0.24909910559654236
YBR294W,YHR051W,0,1.4748032,0.2221180945634842,0.7117117047309875,0.24924924969673157
YGR034W,YGL241W,0,1.4747976,0.22201405465602875,0.7117117047309875,0.24939939379692078
YHR002W,YDL039C,0,1.4741848,0.22191011905670166,0.7117117047309875,0.24954955279827118
YKL067W,YPL129W,0,1.4734201,0.22180627286434174,0.7117117047309875,0.2496996968984604
YMR159C,YGL019W,0,1.4731381,0.22170253098011017,0.7117117047309875,0.2498498558998108
YOL010W,YHR082C,0,1.472991,0.22159887850284576,0.7117117047309875,0.25
YLR452C,YNL178W,0,1.4723388,0.22149533033370972,0.7117117047309875,0.2501501441001892
YOL112W,YOR243C,0,1.4722693,0.22139187157154083,0.7117117047309875,0.2503002882003784
YHR030C,YNL219C,0,1.4721832,0.2212885171175003,0.7117117047309875,0.25045046210289
YNL261W,YBR111W-A,0,1.471988,0.22118525207042694,0.7117117047309875,0.2506006062030792
YDR378C,YIL006W,0,1.4697127,0.22108209133148193,0.7117117047309875,0.25075075030326843
YJR006W,YMR228W,0,1.4694839,0.2209790199995041,0.7117117047309875,0.25090089440345764
YPL131W,YDR218C,0,1.469301,0.2208760529756546,0.7117117047309875,0.25105103850364685
YMR123W,YPL180W,0,1.4690641,0.22077317535877228,0.7117117047309875,0.25120121240615845
YPR189W,YGR070W,0,1.4683317,0.22067038714885712,0.7117117047309875,0.25135135650634766
YPL110C,YOR355W,0,1.4675303,0.2205677032470703,0.7117117047309875,0.25150150060653687
YMR284W,YOL107W,0,1.4667939,0.22046512365341187,0.7117117047309875,0.2516516447067261
YPL042C,YNL147W,0,1.4659338,0.2203626185655594,0.7117117047309875,0.2518017888069153
YNR004W,YOL155C,0,1.4655706,0.22026021778583527,0.7117117047309875,0.2519519627094269
YDR240C,YJR083C,0,1.4648465,0.2201579213142395,0.7117117047309875,0.2521021068096161
YEL031W,YJL024C,0,1.4642005,0.2200557142496109,0.7117117047309875,0.2522522509098053
YMR054W,YJR005W,0,1.4632008,0.21995359659194946,0.7117117047309875,0.2524023950099945
YHR030C,YJL029C,0,1.4623667,0.21985158324241638,0.7117117047309875,0.2525525391101837
YDR026C,YLR404W,0,1.4621489,0.21974965929985046,0.7117117047309875,0.2527027130126953
YJR004C,YDL142C,0,1.461616,0.2196478247642517,0.7117117047309875,0.2528528571128845
YMR005W,YCR026C,0,1.4614117,0.21954607963562012,0.7117117047309875,0.25300300121307373
YMR032W,YDR170C,0,1.4605737,0.21944443881511688,0.7117117047309875,0.25315314531326294
YNL050C,YOL062C,0,1.4599501,0.219342902302742,0.7117117047309875,0.25330328941345215
YCL036W,YNL192W,0,1.4595162,0.2192414402961731,0.7117117047309875,0.25345346331596375
YDL078C,YHR077C,0,1.4591638,0.21914008259773254,0.7117117047309875,0.25360360741615295
YIL128W,YOL107W,0,1.45904,0.21903881430625916,0.7117117047309875,0.25375375151634216
YDR254W,YLR321C,1,1.4586031,0.21939954161643982,0.7132132053375244,0.25375375151634216
YPL151C,YML049C,0,1.4585826,0.21929824352264404,0.7132132053375244,0.25390389561653137
YMR173W,YCR097WB,0,1.4584192,0.21919704973697662,0.7132132053375244,0.2540540397167206
YOR212W,YEL030W,0,1.4578404,0.21909594535827637,0.7132132053375244,0.2542042136192322
YFR018C,YHR119W,0,1.4576719,0.21899493038654327,0.7132132053375244,0.2543543577194214
YMR228W,YLR285W,0,1.4573264,0.21889400482177734,0.7132132053375244,0.2545045018196106
YPL134C,YOR194C,0,1.4568825,0.21879318356513977,0.7132132053375244,0.2546546459197998
YDL140C,YER019C-A,0,1.4567124,0.21869245171546936,0.7132132053375244,0.254804790019989
YER175C,YBL028C,0,1.4561958,0.2185918092727661,0.7132132053375244,0.2549549639225006
YMR182C,YKL206C,0,1.4554431,0.21849125623703003,0.7132132053375244,0.2551051080226898
YOR301W,YBR281C,0,1.4546441,0.2183908075094223,0.7132132053375244,0.25525525212287903
YJR034W,YNL078W,0,1.4544771,0.21829044818878174,0.7132132053375244,0.25540539622306824
YNL283C,YOR138C,0,1.4538611,0.21819016337394714,0.7132132053375244,0.25555557012557983
YPR189W,YGR216C,0,1.4537584,0.2180899977684021,0.7132132053375244,0.25570571422576904
YEL029C,YDL225W,0,1.4537127,0.21798990666866302,0.7132132053375244,0.25585585832595825
YDR205W,YOR138C,0,1.4531543,0.2178899049758911,0.7132132053375244,0.25600600242614746
YDR229W,YPL098C,0,1.4524215,0.21779000759124756,0.7132132053375244,0.25615614652633667
YJR070C,YMR295C,0,1.4523504,0.21769019961357117,0.7132132053375244,0.25630632042884827
YGR089W,YAL031C,1,1.4523032,0.218048557639122,0.7147147059440613,0.25630632042884827
YDL121C,YNL258C,0,1.4519908,0.21794871985912323,0.7147147059440613,0.2564564645290375
YLR285W,YOR311C,0,1.4519321,0.2178489714860916,0.7147147059440613,0.2566066086292267
YKL190W,YGR145W,0,1.4516686,0.21774931252002716,0.7147147059440613,0.2567567527294159
YFL057C,YOL124C,0,1.4498183,0.21764974296092987,0.7147147059440613,0.2569068968296051
YPR144C,YCL003W,0,1.4487674,0.21755027770996094,0.7147147059440613,0.2570570707321167
YLL002W,YJR040W,0,1.4476669,0.21745088696479797,0.7147147059440613,0.2572072148323059
YMR168C,YGL190C,1,1.4472563,0.21780821681022644,0.7162162065505981,0.2572072148323059
YBL011W,YKR026C,0,1.4470075,0.21770881116390228,0.7162162065505981,0.2573573589324951
YPL150W,YBR172C,0,1.4469885,0.2176094949245453,0.7162162065505981,0.2575075030326843
YLR105C,YMR089C,0,1.4466646,0.21751025319099426,0.7162162065505981,0.25765764713287354
YJR057W,YJR010W,0,1.4462752,0.2174111157655716,0.7162162065505981,0.25780782103538513
YDR083W,YCR026C,0,1.4456966,0.2173120677471161,0.7162162065505981,0.25795796513557434
YGR113W,YAL031C,1,1.44555,0.21766848862171173,0.717717707157135,0.25795796513557434
YEL053C,YDR416W,0,1.4451888,0.21756941080093384,0.717717707157135,0.25810810923576355
YER008C,YKL097W-A,0,1.4446362,0.2174704223871231,0.717717707157135,0.25825825333595276
YER185W,YLR153C,0,1.4446075,0.21737153828144073,0.717717707157135,0.25840839743614197
YNL032W,YNL309W,0,1.4437782,0.21727272868156433,0.717717707157135,0.25855857133865356
YDL197C,YDL024C,0,1.4423913,0.2171740084886551,0.717717707157135,0.2587087154388428
YIL108W,YEL022W,0,1.4421453,0.2170753926038742,0.717717707157135,0.258858859539032
YER171W,YFL021W,0,1.441566,0.2169768512248993,0.717717707157135,0.2590090036392212
YLR394W,YGR089W,1,1.4409816,0.217332124710083,0.7192192077636719,0.2590090036392212
YPR006C,YNR013C,0,1.4404995,0.2172335535287857,0.7192192077636719,0.2591591477394104
YOR292C,YDR081C,0,1.4401684,0.21713508665561676,0.7192192077636719,0.259309321641922
YOR349W,YHR168W,0,1.4399176,0.21703669428825378,0.7192192077636719,0.2594594657421112
YDL216C,YKL172W,0,1.4398997,0.21693840622901917,0.7192192077636719,0.2596096098423004
YOR310C,YIL042C,0,1.439838,0.21684019267559052,0.7192192077636719,0.2597597539424896
YEL052W,YGL068W,0,1.4391986,0.21674208343029022,0.7192192077636719,0.25990989804267883
YHR056C,YLL004W,0,1.4391639,0.2166440486907959,0.7192192077636719,0.26006007194519043
YJL124C,YGL163C,0,1.4391075,0.21654611825942993,0.7192192077636719,0.26021021604537964
YFR013W,YKL064W,0,1.439077,0.21644826233386993,0.7192192077636719,0.26036036014556885
YIR011C,YLR394W,1,1.4389778,0.21680216491222382,0.7207207083702087,0.26036036014556885
YJL134W,YJL213W,0,1.4387344,0.21670429408550262,0.7207207083702087,0.26051050424575806
YPL244C,YNR028W,0,1.4375043,0.2166064977645874,0.7207207083702087,0.26066064834594727
YML071C,YHR008C,0,1.437454,0.21650879085063934,0.7207207083702087,0.26081082224845886
YIL128W,YGR036C,0,1.4368544,0.21641118824481964,0.7207207083702087,0.26096096634864807
YOR283W,YJR149W,0,1.436331,0.2163136601448059,0.7207207083702087,0.2611111104488373
YHR060W,YFL033C,0,1.436143,0.21621622145175934,0.7207207083702087,0.2612612545490265
YCL074W,YLL061W,0,1.4357547,0.21611887216567993,0.7207207083702087,0.2614113986492157
YDR454C,YBL041W,0,1.4348973,0.2160215973854065,0.7207207083702087,0.2615615725517273
YJR036C,YDR245W,0,1.4342991,0.2159244269132614,0.7207207083702087,0.2617117166519165
YEL043W,YNL309W,0,1.4336215,0.2158273309469223,0.7207207083702087,0.2618618607521057
YOR212W,YPL011C,0,1.4333113,0.21573033928871155,0.7207207083702087,0.2620120048522949
YHR012W,YNL219C,0,1.4329915,0.21563342213630676,0.7207207083702087,0.26216214895248413
YJR051W,YOL004W,0,1.4329238,0.21553659439086914,0.7207207083702087,0.2623123228549957
YPR196W,YOL010W,0,1.4320229,0.21543985605239868,0.7207207083702087,0.26246246695518494
YGR081C,YJR053W,0,1.430836,0.21534320712089539,0.7207207083702087,0.26261261105537415
YGR221C,YKL009W,0,1.42991,0.21524663269519806,0.7207207083702087,0.26276275515556335
YMR025W,YGR105W,0,1.4291742,0.2151501625776291,0.7207207083702087,0.26291289925575256
YOR304C-A,YJR083C,0,1.4282329,0.2150537669658661,0.7207207083702087,0.26306307315826416
YGL244W,YPL129W,0,1.4281892,0.21495746076107025,0.7207207083702087,0.26321321725845337
YKL103C,YDL179W,0,1.4279585,0.21486122906208038,0.7207207083702087,0.2633633613586426
YIL170W,YOR123C,0,1.4277711,0.21476510167121887,0.7207207083702087,0.2635135054588318
YDL140C,YIL159W,0,1.4262072,0.21466904878616333,0.7207207083702087,0.263663649559021
YMR019W,YDR059C,0,1.4259387,0.21457308530807495,0.7207207083702087,0.2638138234615326
YDR369C,YOR338W,0,1.4259164,0.21447721123695374,0.7207207083702087,0.2639639675617218
YNL080C,YPR138C,0,1.4254419,0.21438142657279968,0.7207207083702087,0.264114111661911
YKR102W,YBR141C,0,1.4248762,0.2142857164144516,0.7207207083702087,0.2642642557621002
YKR103W,YDL074C,0,1.4248742,0.21419009566307068,0.7207207083702087,0.26441439986228943
YOL045W,YBR223C,0,1.4247394,0.21409456431865692,0.7207207083702087,0.264564573764801
YJL005W,YNL309W,0,1.4245933,0.21399910748004913,0.7207207083702087,0.26471471786499023
YER087W,YKL001C,0,1.4242474,0.2139037400484085,0.7207207083702087,0.26486486196517944
YKL119C,YKL007W,0,1.4238122,0.21380846202373505,0.7207207083702087,0.26501500606536865
YCL008C,YLR130C,0,1.4236922,0.21371327340602875,0.7207207083702087,0.26516517996788025
YFL033C,YJL085W,0,1.4233243,0.21361815929412842,0.7207207083702087,0.26531532406806946
YGR285C,YER104W,0,1.4231377,0.21352313458919525,0.7207207083702087,0.26546546816825867
YJL144W,YIL133C,0,1.4224359,0.21342818439006805,0.7207207083702087,0.2656156122684479
YGL209W,YOR212W,0,1.422401,0.2133333384990692,0.7207207083702087,0.2657657563686371
YNL085W,YDL045C,0,1.4214163,0.21323856711387634,0.7207207083702087,0.2659159302711487
YGL203C,YOL136C,0,1.4208502,0.21314387023448944,0.7207207083702087,0.2660660743713379
YOL145C,YPR135W,1,1.4192325,0.21349312365055084,0.7222222089767456,0.2660660743713379
YPL129W,YDL097C,0,1.418591,0.21339839696884155,0.7222222089767456,0.2662162184715271
YDR306C,YFL001W,0,1.4179225,0.21330377459526062,0.7222222089767456,0.2663663625717163
YIL020C,YJL079C,0,1.4176564,0.21320922672748566,0.7222222089767456,0.2665165066719055
YJL200C,YIR032C,0,1.4176047,0.21311475336551666,0.7222222089767456,0.2666666805744171
YPR006C,YNL182C,0,1.4145591,0.21302036941051483,0.7222222089767456,0.2668168246746063
YPR127W,YNL121C,0,1.4144288,0.21292607486248016,0.7222222089767456,0.26696696877479553
YKR103W,YKL144C,0,1.4143541,0.21283185482025146,0.7222222089767456,0.26711711287498474
YOR209C,YBR129C,0,1.4143215,0.21273772418498993,0.7222222089767456,0.26726725697517395
YPL223C,YDR332W,0,1.4138577,0.21264368295669556,0.7222222089767456,0.26741743087768555
YNL107W,YKL038W,0,1.4131632,0.21254971623420715,0.7222222089767456,0.26756757497787476
YBR006W,YER022W,0,1.4131311,0.21245582401752472,0.7222222089767456,0.26771771907806396
YJR101W,YLR350W,0,1.4129466,0.21236203610897064,0.7222222089767456,0.2678678631782532
YMR145C,YPR083W,0,1.4127841,0.21226830780506134,0.7222222089767456,0.2680180072784424
YKL064W,YKR102W,0,1.4124902,0.2121746838092804,0.7222222089767456,0.268168181180954
YBR111W-A,YFL001W,0,1.4112926,0.21208113431930542,0.7222222089767456,0.2683183252811432
YBR182C,YOR209C,0,1.4109472,0.2119876593351364,0.7222222089767456,0.2684684693813324
YGR113W,YNL307C,1,1.4108526,0.2123347967863083,0.7237237095832825,0.2684684693813324
YGR056W,YGL071W,0,1.4096119,0.2122413069009781,0.7237237095832825,0.2686186134815216
YMR168C,YNL307C,1,1.4095638,0.21258802711963654,0.7252252101898193,0.2686186134815216
YGL062W,YGR105W,0,1.4092842,0.21249450743198395,0.7252252101898193,0.2687687575817108
YNL314W,YAL017W,0,1.4086969,0.21240106225013733,0.7252252101898193,0.2689189314842224
YIR011C,YNL307C,1,1.4082732,0.2127472460269928,0.7267267107963562,0.2689189314842224
YPL200W,YGL190C,1,1.4070694,0.21309314668178558,0.7282282114028931,0.2689189314842224
YER013W,YDR454C,0,1.4070156,0.21299956738948822,0.7282282114028931,0.2690690755844116
YLR321C,YKL022C,1,1.4063677,0.21334503591060638,0.7297297120094299,0.2690690755844116
YML058W-A,YOR123C,0,1.4057734,0.21325142681598663,0.7297297120094299,0.26921921968460083
YPR187W,YMR075W,0,1.4056675,0.21315789222717285,0.7297297120094299,0.26936936378479004
YOR287C,YCR012W,0,1.4054918,0.21306444704532623,0.7297297120094299,0.26951950788497925
YDR030C,YLL051C,0,1.404884,0.21297107636928558,0.7297297120094299,0.26966968178749084
YEL022W,YNL192W,0,1.4039983,0.2128777951002121,0.7297297120094299,0.26981982588768005
YBR059C,YOR180C,0,1.403562,0.21278458833694458,0.7297297120094299,0.26996996998786926
YPR011C,YDL074C,0,1.4006518,0.21269147098064423,0.7297297120094299,0.27012011408805847
YBR125C,YOL102C,0,1.4004366,0.21259842813014984,0.7297297120094299,0.2702702581882477
YMR169C,YJR147W,0,1.399576,0.21250545978546143,0.7297297120094299,0.2704204320907593
YIR011C,YGR113W,1,1.3987819,0.21284964680671692,0.7312312126159668,0.2704204320907593
YJR053W,YER087C-B,0,1.3985825,0.2127566635608673,0.7312312126159668,0.2705705761909485
YDL054C,YDR364C,0,1.3974745,0.21266375482082367,0.7312312126159668,0.2707207202911377
YKR054C,YDR254W,1,1.3974373,0.21300742030143738,0.7327327132225037,0.2707207202911377
YIL128W,YMR229C,0,1.3969543,0.21291448175907135,0.7327327132225037,0.2708708643913269
YPL223C,YLR386W,0,1.396022,0.21282163262367249,0.7327327132225037,0.2710210084915161
YPR024W,YGL026C,0,1.3949285,0.2127288579940796,0.7327327132225037,0.2711711823940277
YKL190W,YOR126C,0,1.3947657,0.21263617277145386,0.7327327132225037,0.2713213264942169
YCR011C,YER019C-A,0,1.3946607,0.2125435471534729,0.7327327132225037,0.27147147059440613
YMR321C,YOR313C,0,1.3945966,0.2124510258436203,0.7327327132225037,0.27162161469459534
YOR349W,YFR019W,0,1.3945591,0.21235857903957367,0.7327327132225037,0.27177175879478455
YKL189W,YIL035C,0,1.3938987,0.212266206741333,0.7327327132225037,0.27192193269729614
YDR218C,YOR340C,0,1.3938434,0.21217390894889832,0.7327327132225037,0.27207207679748535
YNL271C,YML058W-A,0,1.3937466,0.2120817005634308,0.7327327132225037,0.27222222089767456
YMR145C,YNR003C,0,1.3932052,0.21198958158493042,0.7327327132225037,0.27237236499786377
YGL046W,YOR294W,0,1.3931686,0.21189752221107483,0.7327327132225037,0.272522509098053
YDR423C,YHL034C,0,1.3926673,0.2118055522441864,0.7327327132225037,0.2726726830005646
YHR077C,YBR093C,0,1.3925322,0.21171367168426514,0.7327327132225037,0.2728228271007538
YMR168C,YIR011C,1,1.3919866,0.212055504322052,0.7342342138290405,0.2728228271007538
YOL165C,YLR390W,0,1.3908309,0.21196359395980835,0.7342342138290405,0.272972971200943
YKR071C,YIL132C,1,1.390579,0.21230502426624298,0.7357357144355774,0.272972971200943
YGR171C,YKR069W,0,1.3904983,0.21221308410167694,0.7357357144355774,0.2731231153011322
YDR389W,YKL064W,0,1.3902931,0.21212121844291687,0.7357357144355774,0.2732732594013214
YBR282W,YDR410C,0,1.3893605,0.21202942728996277,0.7357357144355774,0.273423433303833
YKL020C,YDR076W,0,1.3890553,0.21193771064281464,0.7357357144355774,0.2735735774040222
YHR156C,YDR281C,0,1.3888891,0.21184608340263367,0.7357357144355774,0.2737237215042114
YJL128C,YDL170W,0,1.3888505,0.21175453066825867,0.7357357144355774,0.27387386560440063
YGL180W,YJR034W,0,1.3887873,0.21166306734085083,0.7357357144355774,0.27402400970458984
YDR460W,YBR177C,0,1.3885461,0.21157167851924896,0.7357357144355774,0.27417418360710144
YPR162C,YJL071W,0,1.3882257,0.21148036420345306,0.7357357144355774,0.27432432770729065
YLR129W,YEL030W,0,1.3871565,0.21138912439346313,0.7357357144355774,0.27447447180747986
YEL052W,YMR065W,0,1.3868196,0.21129797399044037,0.7357357144355774,0.27462461590766907
YLR401C,YLR024C,0,1.3862653,0.21120689809322357,0.7357357144355774,0.2747747600078583
YEL022W,YNL202W,0,1.3859909,0.21111589670181274,0.7357357144355774,0.2749249339103699
YOL045W,YLR016C,0,1.3858624,0.21102498471736908,0.7357357144355774,0.2750750780105591
YPR167C,YDR164C,0,1.3855609,0.2109341323375702,0.7357357144355774,0.2752252221107483
YMR054W,YDL070W,0,1.3853827,0.21084336936473846,0.7357357144355774,0.2753753662109375
YER013W,YLL008W,0,1.3846555,0.2107526808977127,0.7357357144355774,0.2755255401134491
YER049W,YBR173C,0,1.3842971,0.2106620818376541,0.7357357144355774,0.2756756842136383
YJR107W,YDR457W,0,1.3839227,0.2105715572834015,0.7357357144355774,0.2758258283138275
YJL194W,YCR012W,0,1.3834372,0.21048109233379364,0.7357357144355774,0.2759759724140167
YKL022C,YNR010W,1,1.3829694,0.21082009375095367,0.7372372150421143,0.2759759724140167
YJR119C,YLR359W,0,1.3829691,0.21072961390018463,0.7372372150421143,0.27612611651420593
YBR002C,YPL011C,0,1.3822584,0.21063920855522156,0.7372372150421143,0.27627629041671753
YPR187W,YPR198W,0,1.381757,0.21054887771606445,0.7372372150421143,0.27642643451690674
YOR304C-A,YMR267W,0,1.3815855,0.2104586362838745,0.7372372150421143,0.27657657861709595
YER049W,YER046W,0,1.3805945,0.21036846935749054,0.7372372150421143,0.27672672271728516
YGL014W,YAL040C,0,1.3797659,0.21027837693691254,0.7372372150421143,0.27687686681747437
YMR168C,YNR010W,1,1.3777646,0.21061643958091736,0.7387387156486511,0.27687686681747437
YOR089C,YAL029C,0,1.3775423,0.21052631735801697,0.7387387156486511,0.27702704071998596
YKL078W,YBR096W,0,1.3774633,0.21043626964092255,0.7387387156486511,0.27717718482017517
YFL011W-A,YDR457W,0,1.3769716,0.2103462964296341,0.7387387156486511,0.2773273289203644
YBL028C,YDL170W,0,1.376853,0.2102564126253128,0.7387387156486511,0.2774774730205536
YOR209C,YIL047C,0,1.3766526,0.2101665884256363,0.7387387156486511,0.2776276171207428
YLR103C,YOR209C,0,1.3766133,0.21007685363292694,0.7387387156486511,0.2777777910232544
YKR054C,YGR089W,1,1.3760982,0.21041399240493774,0.740240216255188,0.2777777910232544
YLL034C,YIL080W,0,1.3758801,0.210324227809906,0.740240216255188,0.2779279351234436
YMR089C,YJL213W,0,1.375246,0.21023453772068024,0.740240216255188,0.2780780792236328
YER022W,YLR268W,0,1.3748329,0.21014492213726044,0.740240216255188,0.278228223323822
YDR138W,YPR125W,0,1.37407,0.2100553959608078,0.740240216255188,0.27837836742401123
YDR172W,YMR075W,0,1.373745,0.20996592938899994,0.740240216255188,0.2785285413265228
YGL158W,YDR164C,0,1.3733088,0.20987653732299805,0.740240216255188,0.27867868542671204
YIR025W,YIR011C,1,1.3732514,0.21021276712417603,0.7417417168617249,0.27867868542671204
YML071C,YAL038W,0,1.3725281,0.21012334525585175,0.7417417168617249,0.27882882952690125
YEL036C,YOR008C,0,1.3724729,0.21003401279449463,0.7417417168617249,0.27897897362709045
YGR167W,YDR392W,0,1.3720778,0.20994475483894348,0.7417417168617249,0.27912911772727966
YPL150W,YMR269W,0,1.3720001,0.2098555713891983,0.7417417168617249,0.27927929162979126
YKR102W,YMR213W,0,1.3717424,0.2097664475440979,0.7417417168617249,0.27942943572998047
YKR103W,YOR187W,0,1.3712547,0.20967741310596466,0.7417417168617249,0.2795795798301697
YHR211W,YOR310C,0,1.3710519,0.2095884531736374,0.7417417168617249,0.2797297239303589
YJL166W,YMR172W,0,1.3708074,0.20949958264827728,0.7417417168617249,0.2798798680305481
YNL153C,YOR074C,0,1.3702242,0.20941077172756195,0.7417417168617249,0.2800300419330597
YNR074C,YPL098C,0,1.3698132,0.2093220353126526,0.7417417168617249,0.2801801860332489
YKL074C,YFL023W,0,1.3695285,0.2092333734035492,0.7417417168617249,0.2803303301334381
YGR085C,YIR005W,0,1.3691702,0.20914478600025177,0.7417417168617249,0.2804804742336273
YIL088C,YNL236W,0,1.3686591,0.2090562880039215,0.7417417168617249,0.28063061833381653
YLR329W,YPL188W,0,1.3678843,0.20896784961223602,0.7417417168617249,0.2807807922363281
YLR020C,YKL096W-A,0,1.3676443,0.2088794857263565,0.7417417168617249,0.28093093633651733
YEL041W,YOR351C,0,1.3674006,0.20879121124744415,0.7417417168617249,0.28108108043670654
YAL022C,YJL149W,0,1.3670752,0.20870299637317657,0.7417417168617249,0.28123122453689575
YIL143C,YLR073C,0,1.3665612,0.20861487090587616,0.7417417168617249,0.28138136863708496
YDR530C,YOL158C,0,1.3663181,0.20852680504322052,0.7417417168617249,0.28153154253959656
YGR288W,YLL043W,0,1.3663025,0.20843881368637085,0.7417417168617249,0.28168168663978577
YLL019C,YNL078W,0,1.3657858,0.20835091173648834,0.7417417168617249,0.281831830739975
YNL309W,YPR149W,0,1.365344,0.2082630693912506,0.7417417168617249,0.2819819748401642
YLR295C,YOR194C,0,1.3651184,0.20817530155181885,0.7417417168617249,0.2821321189403534
YGR081C,YOL136C,0,1.3639357,0.20808762311935425,0.7417417168617249,0.282282292842865
YOL054W,YKR102W,0,1.3631867,0.20800000429153442,0.7417417168617249,0.2824324369430542
YGR144W,YPL273W,0,1.3624437,0.20791245996952057,0.7417417168617249,0.2825825810432434
YDL142C,YIL139C,0,1.362122,0.20782499015331268,0.7417417168617249,0.2827327251434326
YNL304W,YDR173C,0,1.3620636,0.20773759484291077,0.7417417168617249,0.2828828692436218
YIR011C,YAL016W,1,1.3620378,0.20807062089443207,0.7432432174682617,0.2828828692436218
YMR025W,YKL130C,0,1.3612907,0.20798319578170776,0.7432432174682617,0.2830330431461334
YAL033W,YLR278C,0,1.3605461,0.20789584517478943,0.7432432174682617,0.28318318724632263
YJL005W,YBR222C,0,1.3604565,0.20780856907367706,0.7432432174682617,0.28333333134651184
YLR394W,YKL022C,1,1.3604478,0.2081409990787506,0.7447447180747986,0.28333333134651184
YDL028C,YAL016W,1,1.3597037,0.20847316086292267,0.7462462186813354,0.28333333134651184
YDR416W,YLL040C,0,1.3591425,0.20838575065135956,0.7462462186813354,0.28348347544670105
YCR057C,YKL186C,0,1.3589294,0.20829840004444122,0.7462462186813354,0.28363361954689026
YGR145W,YFR018C,0,1.35831,0.20821113884449005,0.7462462186813354,0.28378379344940186
YDR167W,YPL122C,0,1.3575827,0.20812395215034485,0.7462462186813354,0.28393393754959106
YER175C,YNL297C,0,1.3572931,0.20803683996200562,0.7462462186813354,0.2840840816497803
YLL004W,YOR008C,0,1.3565916,0.20794978737831116,0.7462462186813354,0.2842342257499695
YLR395C,YMR228W,0,1.3559095,0.20786282420158386,0.7462462186813354,0.2843843698501587
YDR263C,YGR144W,0,1.3556437,0.20777592062950134,0.7462462186813354,0.2845345437526703
YJR138W,YGL225W,0,1.3544658,0.2076890915632248,0.7462462186813354,0.2846846878528595
YDL179W,YKL210W,0,1.3539172,0.2076023370027542,0.7462462186813354,0.2848348319530487
YLL061W,YHR079C,0,1.3539035,0.2075156569480896,0.7462462186813354,0.2849849760532379
YMR090W,YMR065W,0,1.353379,0.20742905139923096,0.7462462186813354,0.2851351499557495
YLR047C,YER002W,0,1.3531568,0.2073425054550171,0.7462462186813354,0.2852852940559387
YJR092W,YPR043W,0,1.3531475,0.20725604891777039,0.7462462186813354,0.28543543815612793
YNL127W,YJL124C,0,1.3529706,0.20716965198516846,0.7462462186813354,0.28558558225631714
YPL112C,YDR392W,0,1.3527186,0.2070833295583725,0.7462462186813354,0.28573572635650635
YPL200W,YKL022C,1,1.3526058,0.20741358399391174,0.7477477192878723,0.28573572635650635
YMR046C,YFL017W-A,0,1.3524702,0.2073272317647934,0.7477477192878723,0.28588590025901794
YBR274W,YDR170C,0,1.3517363,0.20724095404148102,0.7477477192878723,0.28603604435920715
YDR296W,YGL163C,0,1.3514686,0.20715473592281342,0.7477477192878723,0.28618618845939636
YLR329W,YOL107W,0,1.3513587,0.20706860721111298,0.7477477192878723,0.28633633255958557
YMR276W,YDL035C,0,1.3512987,0.2069825381040573,0.7477477192878723,0.2864864766597748
YEL070W,YPR043W,0,1.3505975,0.2068965584039688,0.7477477192878723,0.2866366505622864
YDL171C,YLR024C,0,1.3502643,0.20681063830852509,0.7477477192878723,0.2867867946624756
YGR251W,YKL096W-A,0,1.3502584,0.20672477781772614,0.7477477192878723,0.2869369387626648
YPL223C,YGR276C,0,1.3501967,0.20663900673389435,0.7477477192878723,0.287087082862854
YOL052C,YJL214W,0,1.3501579,0.20655329525470734,0.7477477192878723,0.2872372269630432
YKR055W,YBL089W,0,1.3496625,0.2064676582813263,0.7477477192878723,0.2873874008655548
YER151C,YBR173C,0,1.3494145,0.20638209581375122,0.7477477192878723,0.287537544965744
YOR194C,YIL017W,0,1.3492404,0.20629660785198212,0.7477477192878723,0.2876876890659332
YLR353W,YJL004C,0,1.3489565,0.2062111794948578,0.7477477192878723,0.28783783316612244
YFL066C,YKL144C,0,1.3485659,0.20612582564353943,0.7477477192878723,0.28798797726631165
YGR281W,YDL039C,0,1.3480829,0.20604054629802704,0.7477477192878723,0.28813815116882324
YDR144C,YDL039C,0,1.3476633,0.20595534145832062,0.7477477192878723,0.28828829526901245
YML099C,YPR133W-A,0,1.3471365,0.20587019622325897,0.7477477192878723,0.28843843936920166
YER087W,YBR093C,0,1.34695,0.2057851254940033,0.7477477192878723,0.28858858346939087
YLR344W,YMR034C,0,1.3466467,0.2057001292705536,0.7477477192878723,0.2887387275695801
YBR196C,YAL039C,0,1.3458991,0.20561519265174866,0.7477477192878723,0.2888889014720917
YHR174W,YJR140C,0,1.3455559,0.2055303305387497,0.7477477192878723,0.2890390455722809
YPL007C,YOR355W,0,1.3440876,0.2054455429315567,0.7477477192878723,0.2891891896724701
YBR037C,YNL175C,0,1.344078,0.20536082983016968,0.7477477192878723,0.2893393337726593
YPL119C,YMR200W,0,1.3438393,0.20527617633342743,0.7477477192878723,0.2894894778728485
YNL032W,YBR080C,0,1.3438183,0.20519159734249115,0.7477477192878723,0.2896396517753601
YGR012W,YFL001W,0,1.3434243,0.20510707795619965,0.7477477192878723,0.2897897958755493
YDL074C,YJL149W,0,1.3427781,0.2050226479768753,0.7477477192878723,0.2899399399757385
YLR191W,YJR147W,0,1.3427229,0.20493827760219574,0.7477477192878723,0.29009008407592773
YGR264C,YBR170C,0,1.3426223,0.20485396683216095,0.7477477192878723,0.29024022817611694
YIR011C,YBL079W,1,1.342575,0.20518092811107635,0.7492492198944092,0.29024022817611694
YMR038C,YDL077C,0,1.3416319,0.20509658753871918,0.7492492198944092,0.29039040207862854
YOR038C,YER137C,0,1.3409117,0.20501232147216797,0.7492492198944092,0.29054054617881775
YBR020W,YEL022W,0,1.3404145,0.20492812991142273,0.7492492198944092,0.29069069027900696
YIL140W,YHR135C,0,1.3397893,0.20484401285648346,0.7492492198944092,0.29084083437919617
YLR452C,YJR032W,0,1.339564,0.20475995540618896,0.7492492198944092,0.2909909784793854
YNL202W,YPL011C,0,1.3388271,0.20467595756053925,0.7492492198944092,0.291141152381897
YOL145C,YGR179C,1,1.3385465,0.2050020545721054,0.7507507801055908,0.291141152381897
YBR260C,YPR030W,0,1.338453,0.2049180269241333,0.7507507801055908,0.2912912964820862
YEL053C,YMR137C,0,1.3384494,0.20483408868312836,0.7507507801055908,0.2914414405822754
YMR319C,YJL200C,0,1.3383098,0.2047502100467682,0.7507507801055908,0.2915915846824646
YER162C,YDR218C,0,1.3380057,0.2046663910150528,0.7507507801055908,0.2917417287826538
YPR194C,YDL070W,0,1.3379936,0.20458264648914337,0.7507507801055908,0.2918919026851654
YPR171W,YOR275C,0,1.336244,0.20449897646903992,0.7507507801055908,0.2920420467853546
YOR297C,YGR258C,0,1.3357944,0.20441536605358124,0.7507507801055908,0.2921921908855438
YCR087C-A,YGL216W,0,1.3357131,0.20433183014392853,0.7507507801055908,0.29234233498573303
YML032C,YPL096W,0,1.3354563,0.2042483687400818,0.7507507801055908,0.29249247908592224
YGL010W,YLR224W,0,1.3343723,0.20416496694087982,0.7507507801055908,0.29264265298843384
YBR278W,YDR281C,0,1.333982,0.20408163964748383,0.7507507801055908,0.29279279708862305
YBR183W,YOR287C,0,1.3332814,0.2039983719587326,0.7507507801055908,0.29294294118881226
YNR010W,YDR260C,1,1.33313,0.20432300865650177,0.7522522807121277,0.29294294118881226
YAL017W,YBL089W,0,1.333113,0.20423971116542816,0.7522522807121277,0.29309308528900146
YDR138W,YMR099C,0,1.3327445,0.20415647327899933,0.7522522807121277,0.2932432293891907
YNL231C,YER151C,0,1.3325381,0.20407332479953766,0.7522522807121277,0.29339340329170227
YBL028C,YHR156C,0,1.3321055,0.20399022102355957,0.7522522807121277,0.2935435473918915
YMR241W,YMR065W,0,1.3317407,0.20390720665454865,0.7522522807121277,0.2936936914920807
YHL034C,YOR162C,0,1.3314992,0.2038242518901825,0.7522522807121277,0.2938438355922699
YDR414C,YLR005W,0,1.3311305,0.20374135673046112,0.7522522807121277,0.2939939796924591
YLR026C,YGR239C,0,1.3310447,0.20365853607654572,0.7522522807121277,0.2941441535949707
YMR284W,YJL085W,0,1.3308102,0.20357577502727509,0.7522522807121277,0.2942942976951599
YNL026W,YLR316C,0,1.3307112,0.20349308848381042,0.7522522807121277,0.2944444417953491
YHR002W,YBR276C,0,1.3305931,0.20341047644615173,0.7522522807121277,0.29459458589553833
YGL112C,YAL054C,0,1.3301046,0.20332792401313782,0.7522522807121277,0.29474472999572754
YDR131C,YBR271W,0,1.3298526,0.20324543118476868,0.7522522807121277,0.29489490389823914
YLR314C,YHR077C,0,1.3297238,0.2031630128622055,0.7522522807121277,0.29504504799842834
YBL113C,YPR043W,0,1.3290119,0.2030806690454483,0.7522522807121277,0.29519519209861755
YDL217C,YGL094C,0,1.3289443,0.20299838483333588,0.7522522807121277,0.29534533619880676
YNL231C,YMR075W,0,1.3286974,0.20291616022586823,0.7522522807121277,0.29549551010131836
YDR351W,YDR310C,0,1.3286284,0.20283401012420654,0.7522522807121277,0.29564565420150757
YGL233W,YLR209C,0,1.3280189,0.20275191962718964,0.7522522807121277,0.2957957983016968
YNL138W,YNL080C,0,1.327935,0.2026699036359787,0.7522522807121277,0.295945942401886
YNL138W-A,YGL183C,0,1.3278055,0.20258794724941254,0.7522522807121277,0.2960960865020752
YMR172W,YMR300C,0,1.327747,0.20250606536865234,0.7522522807121277,0.2962462604045868
YOR138C,YDR429C,0,1.3275838,0.20242424309253693,0.7522522807121277,0.296396404504776
YHR077C,YIL083C,0,1.3268752,0.20234249532222748,0.7522522807121277,0.2965465486049652
YER175C,YOR294W,0,1.3263379,0.2022607922554016,0.7522522807121277,0.2966966927051544
YMR160W,YKR026C,0,1.3247417,0.2021791785955429,0.7522522807121277,0.29684683680534363
YMR087W,YDL170W,0,1.3240201,0.20209762454032898,0.7522522807121277,0.2969970107078552
YKR055W,YFR019W,0,1.3239305,0.20201613008975983,0.7522522807121277,0.29714715480804443
YHR069C,YPR138C,0,1.3231612,0.20193471014499664,0.7522522807121277,0.29729729890823364
YEL069C,YMR241W,0,1.3229809,0.20185334980487823,0.7522522807121277,0.29744744300842285
YOL045W,YLR429W,0,1.3222063,0.2017720490694046,0.7522522807121277,0.29759758710861206
YOL165C,YMR112C,0,1.32139,0.20169082283973694,0.7522522807121277,0.29774776101112366
YJL134W,YNL080C,0,1.3206127,0.20160965621471405,0.7522522807121277,0.29789790511131287
YLR305C,YPL083C,0,1.3198934,0.20152856409549713,0.7522522807121277,0.2980480492115021
YNR004W,YDR170C,0,1.3198664,0.201447531580925,0.7522522807121277,0.2981981933116913
YNL261W,YOL155C,0,1.3197373,0.20136655867099762,0.7522522807121277,0.2983483374118805
YHR175W,YGL113W,0,1.3197207,0.20128566026687622,0.7522522807121277,0.2984985113143921
YAL038W,YDR062W,0,1.319522,0.2012048214673996,0.7522522807121277,0.2986486554145813
YJL030W,YDR260C,1,1.3187736,0.2015254944562912,0.7537537813186646,0.2986486554145813
YCR093W,YOR292C,0,1.3187525,0.2014446258544922,0.7537537813186646,0.2987987995147705
YKL130C,YOL101C,0,1.3182192,0.20136381685733795,0.7537537813186646,0.2989489436149597
YBL089W,YJR034W,0,1.3181624,0.20128308236598969,0.7537537813186646,0.2990990877151489
YNL027W,YDL039C,0,1.3180914,0.2012024074792862,0.7537537813186646,0.2992492616176605
YBL079W,YGL190C,1,1.3172268,0.20152243971824646,0.7552552819252014,0.2992492616176605
YDR170C,YGL216W,0,1.3170965,0.20144173502922058,0.7552552819252014,0.29939940571784973
YMR179W,YMR304W,0,1.3169836,0.20136108994483948,0.7552552819252014,0.29954954981803894
YER008C,YMR240C,0,1.3166502,0.20128051936626434,0.7552552819252014,0.29969969391822815
YGR281W,YGL170C,0,1.3160807,0.2011999934911728,0.7552552819252014,0.29984983801841736
YBR155W,YJL081C,0,1.3155131,0.2011195570230484,0.7552552819252014,0.30000001192092896
YGL186C,YLR228C,0,1.3154744,0.2010391652584076,0.7552552819252014,0.30015015602111816
YJL071W,YJL206C,0,1.3153613,0.20095884799957275,0.7552552819252014,0.3003003001213074
YGR169C,YMR301C,0,1.3149508,0.2008785903453827,0.7552552819252014,0.3004504442214966
YKL166C,YIL083C,0,1.3149027,0.2007984071969986,0.7552552819252014,0.3006005883216858
YLL051C,YHR059W,0,1.3147086,0.20071826875209808,0.7552552819252014,0.3007507622241974
YGR012W,YIL046W,0,1.3138812,0.20063821971416473,0.7552552819252014,0.3009009063243866
YPL180W,YBL089W,0,1.3132668,0.20055821537971497,0.7552552819252014,0.3010510504245758
YOR204W,YDL170W,0,1.3130875,0.20047828555107117,0.7552552819252014,0.301201194524765
YER022W,YKL124W,0,1.3127137,0.20039840042591095,0.7552552819252014,0.3013513386249542
YAL063C,YDL039C,0,1.3124386,0.2003186047077179,0.7552552819252014,0.3015015125274658
YNL138W-A,YKL210W,0,1.3123482,0.20023885369300842,0.7552552819252014,0.30165165662765503
YKR071C,YMR078C,1,1.3118253,0.20055709779262543,0.7567567825317383,0.30165165662765503
YGL236C,YPL167C,0,1.3115714,0.20047733187675476,0.7567567825317383,0.30180180072784424
YEL040W,YJR053W,0,1.3114362,0.20039761066436768,0.7567567825317383,0.30195194482803345
YJL124C,YJL213W,0,1.3106791,0.20031796395778656,0.7567567825317383,0.30210208892822266
YJR051W,YDL111C,0,1.3105875,0.20023837685585022,0.7567567825317383,0.30225226283073425
YMR301C,YJR034W,0,1.3098948,0.20015884935855865,0.7567567825317383,0.30240240693092346
YDL246C,YLR389C,0,1.309732,0.20007939636707306,0.7567567825317383,0.30255255103111267
YGL172W,YJL225C,0,1.3097233,0.20000000298023224,0.7567567825317383,0.3027026951313019
YMR032W,YDL077C,0,1.3096998,0.1999206691980362,0.7567567825317383,0.3028528392314911
YKL174C,YPR006C,0,1.3094164,0.19984139502048492,0.7567567825317383,0.3030030131340027
YHR164C,YBR282W,0,1.3093758,0.19976218044757843,0.7567567825317383,0.3031531572341919
YOL082W,YNL095C,0,1.308922,0.1996830403804779,0.7567567825317383,0.3033033013343811
YLL029W,YBR095C,0,1.3085927,0.19960395991802216,0.7567567825317383,0.3034534454345703
YLR228C,YMR054W,0,1.3083053,0.19952493906021118,0.7567567825317383,0.3036035895347595
YIL002C,YOR232W,0,1.3076944,0.19944597780704498,0.7567567825317383,0.3037537634372711
YNR074C,YMR182C,0,1.30692,0.19936709105968475,0.7567567825317383,0.3039039075374603
YOL142W,YKL203C,0,1.3066342,0.1992882490158081,0.7567567825317383,0.30405405163764954
YEL069C,YGL216W,0,1.3062632,0.19920948147773743,0.7567567825317383,0.30420419573783875
YBL028C,YOR180C,0,1.3052549,0.19913077354431152,0.7567567825317383,0.30435433983802795
YJR082C,YMR173W,0,1.3039937,0.1990521401166916,0.7567567825317383,0.30450451374053955
YOR054C,YJR057W,0,1.303746,0.19897355139255524,0.7567567825317383,0.30465465784072876
YJL087C,YBR111W-A,0,1.3034492,0.19889502227306366,0.7567567825317383,0.30480480194091797
YHL012W,YOR098C,0,1.3031139,0.19881656765937805,0.7567567825317383,0.3049549460411072
YLR380W,YBR037C,0,1.3029618,0.19873817265033722,0.7567567825317383,0.3051051199436188
YMR039C,YDR415C,0,1.3028108,0.19865983724594116,0.7567567825317383,0.305255264043808
YOR237W,YDL070W,0,1.3026469,0.19858156144618988,0.7567567825317383,0.3054054081439972
YJL194W,YIL133C,0,1.3012571,0.19850334525108337,0.7567567825317383,0.3055555522441864
YDL028C,YGL190C,1,1.3003007,0.1988188922405243,0.7582582831382751,0.3055555522441864
YPR011C,YOR098C,0,1.2999449,0.1987406462430954,0.7582582831382751,0.3057056963443756
YGR238C,YDR496C,0,1.2995651,0.19866247475147247,0.7582582831382751,0.3058558702468872
YBR150C,YBR238C,0,1.2992997,0.19858434796333313,0.7582582831382751,0.3060060143470764
YER050C,YKL074C,0,1.2986978,0.19850629568099976,0.7582582831382751,0.3061561584472656
YDR414C,YJL171C,0,1.2984424,0.19842828810214996,0.7582582831382751,0.30630630254745483
YOR147W,YFL010W-A,0,1.2983937,0.19835035502910614,0.7582582831382751,0.30645644664764404
YGR036C,YCL003W,0,1.298246,0.1982724815607071,0.7582582831382751,0.30660662055015564
YIL134W,YGR251W,0,1.297677,0.19819466769695282,0.7582582831382751,0.30675676465034485
YGR010W,YJL192C,0,1.2967072,0.19811691343784332,0.7582582831382751,0.30690690875053406
YAL031C,YDR260C,1,1.2965107,0.1984313726425171,0.759759783744812,0.30690690875053406
YGR238C,YGL004C,0,1.2962524,0.1983535885810852,0.759759783744812,0.30705705285072327
YNL016W,YHR168W,0,1.2960918,0.1982758641242981,0.759759783744812,0.3072071969509125
YDR512C,YKL189W,0,1.2960804,0.19819819927215576,0.759759783744812,0.3073573708534241
YDR196C,YNR006W,0,1.2959102,0.1981205940246582,0.759759783744812,0.3075075149536133
YNL314W,YDL024C,0,1.2959099,0.19804304838180542,0.759759783744812,0.3076576590538025
YDR245W,YDR472W,0,1.2955726,0.1979655772447586,0.759759783744812,0.3078078031539917
YMR089C,YFL045C,0,1.2953196,0.19788815081119537,0.759759783744812,0.3079579472541809
YLL051C,YOR085W,0,1.2951729,0.19781078398227692,0.759759783744812,0.3081081211566925
YPL064C,YGR095C,0,1.2946467,0.19773349165916443,0.759759783744812,0.3082582652568817
YMR025W,YOR298W,0,1.2945621,0.19765624403953552,0.759759783744812,0.3084084093570709
YLR359W,YLR050C,0,1.2943023,0.19757907092571259,0.759759783744812,0.30855855345726013
YMR019W,YMR077C,0,1.2936236,0.19750195741653442,0.759759783744812,0.30870869755744934
YOR304C-A,YFL021W,0,1.2934463,0.19742488861083984,0.759759783744812,0.30885887145996094
YDR453C,YER046W,0,1.2929776,0.19734789431095123,0.759759783744812,0.30900901556015015
YEL030W,YGR229C,0,1.292492,0.1972709596157074,0.759759783744812,0.30915915966033936
YJR070C,YPR030W,0,1.2922833,0.19719406962394714,0.759759783744812,0.30930930376052856
YDR196C,YIL143C,0,1.2920539,0.19711725413799286,0.759759783744812,0.3094594478607178
YFL066C,YDR415C,0,1.2919376,0.19704049825668335,0.759759783744812,0.30960962176322937
YNL282W,YAL038W,0,1.2909184,0.19696380198001862,0.759759783744812,0.3097597658634186
YOL082W,YDR245W,0,1.2893083,0.19688716530799866,0.759759783744812,0.3099099099636078
YMR061W,YIL048W,0,1.2892587,0.19681057333946228,0.759759783744812,0.310060054063797
YDR460W,YAR035W,0,1.2885834,0.19673405587673187,0.759759783744812,0.3102101981639862
YKR066C,YKL180W,0,1.2882034,0.19665759801864624,0.759759783744812,0.3103603720664978
YKL206C,YBL089W,0,1.2879386,0.19658119976520538,0.759759783744812,0.310510516166687
YFR013W,YOR123C,0,1.2876246,0.1965048611164093,0.759759783744812,0.3106606602668762
YOL010W,YMR039C,0,1.2871423,0.1964285671710968,0.759759783744812,0.31081080436706543
YJR055W,YDR444W,0,1.2870841,0.19635234773159027,0.759759783744812,0.31096094846725464
YOL010W,YBL058W,0,1.2870514,0.19627618789672852,0.759759783744812,0.31111112236976624
YOL129W,YJR082C,0,1.2865717,0.19620007276535034,0.759759783744812,0.31126126646995544
YGR180C,YLR391W,0,1.2862089,0.19612403213977814,0.759759783744812,0.31141141057014465
YPL244C,YNL078W,0,1.2855152,0.19604803621768951,0.759759783744812,0.31156155467033386
YJR028W,YMR075W,0,1.2853464,0.19597211480140686,0.759759783744812,0.31171169877052307
YDR530C,YOR145C,0,1.2852516,0.1958962380886078,0.759759783744812,0.31186187267303467
YDL121C,YOR215C,0,1.284978,0.19582043588161469,0.759759783744812,0.3120120167732239
YIL020C,YBL011W,0,1.2844594,0.19574467837810516,0.759759783744812,0.3121621608734131
YKR055W,YLR129W,0,1.2842499,0.19566898047924042,0.759759783744812,0.3123123049736023
YOR301W,YGR281W,0,1.2842289,0.19559335708618164,0.759759783744812,0.3124624490737915
YNL307C,YGR089W,1,1.283893,0.1959041804075241,0.7612612843513489,0.3124624490737915
YLR228C,YLR129W,0,1.28362,0.19582851231098175,0.7612612843513489,0.3126126229763031
YNR002C,YDR364C,0,1.2830911,0.19575288891792297,0.7612612843513489,0.3127627670764923
YDL133C-A,YPL002C,0,1.282899,0.19567734003067017,0.7612612843513489,0.3129129111766815
YLL051C,YPL002C,0,1.2824782,0.19560185074806213,0.7612612843513489,0.3130630552768707
YLR291C,YOR215C,0,1.2824081,0.19552642107009888,0.7612612843513489,0.31321319937705994
YGR056W,YBR006W,0,1.2803979,0.1954510360956192,0.7612612843513489,0.31336337327957153
YBR183W,YCR052W,0,1.2803782,0.1953757256269455,0.7612612843513489,0.31351351737976074
YJR147W,YOL158C,0,1.2800993,0.19530045986175537,0.7612612843513489,0.31366366147994995
YGR089W,YBL079W,1,1.2798142,0.19561031460762024,0.7627627849578857,0.31366366147994995
YOL124C,YDR472W,0,1.279261,0.19553503394126892,0.7627627849578857,0.31381380558013916
YNL261W,YPL196W,0,1.2792311,0.19545979797840118,0.7627627849578857,0.31396394968032837
YBR150C,YLL019C,0,1.2790825,0.19538462162017822,0.7627627849578857,0.31411412358283997
YOL053C-A,YAL029C,0,1.2785426,0.19530948996543884,0.7627627849578857,0.3142642676830292
YNL127W,YGL051W,0,1.2782663,0.19523443281650543,0.7627627849578857,0.3144144117832184
YKL078W,YGR222W,0,1.2775673,0.1951594352722168,0.7627627849578857,0.3145645558834076
YPL167C,YOL040C,0,1.2775271,0.19508448243141174,0.7627627849578857,0.3147146999835968
YDR211W,YOR298W,0,1.2756082,0.19500960409641266,0.7627627849578857,0.3148648738861084
YDR081C,YFL001W,0,1.2755374,0.19493477046489716,0.7627627849578857,0.3150150179862976
YKR054C,YKL022C,1,1.275228,0.19524358212947845,0.7642642855644226,0.3150150179862976
YDR090C,YMR308C,0,1.274907,0.19516871869564056,0.7642642855644226,0.3151651620864868
YBR006W,YJL081C,0,1.2747363,0.19509389996528625,0.7642642855644226,0.315315306186676
YGR185C,YLR151C,0,1.2746389,0.19501915574073792,0.7642642855644226,0.3154654800891876
YJL005W,YNR017W,0,1.2746036,0.19494447112083435,0.7642642855644226,0.31561562418937683
YJR057W,YOR176W,0,1.2738297,0.19486983120441437,0.7642642855644226,0.31576576828956604
YDR072C,YBR172C,0,1.2734858,0.19479525089263916,0.7642642855644226,0.31591591238975525
YIL080W,YGL226C-A,0,1.2728267,0.19472073018550873,0.7642642855644226,0.31606605648994446
YMR200W,YGL259W,0,1.2726283,0.19464626908302307,0.7642642855644226,0.31621623039245605
YDL061C,YBL113C,0,1.2724507,0.1945718675851822,0.7642642855644226,0.31636637449264526
YDL084W,YMR284W,0,1.2722737,0.1944975107908249,0.7642642855644226,0.3165165185928345
YPR196W,YPR035W,0,1.2720758,0.19442322850227356,0.7642642855644226,0.3166666626930237
YDL015C,YDL170W,0,1.2720481,0.1943489909172058,0.7642642855644226,0.3168168067932129
YLR183C,YDR174W,0,1.2715456,0.19427481293678284,0.7642642855644226,0.3169669806957245
YKR036C,YNL026W,0,1.2714798,0.19420067965984344,0.7642642855644226,0.3171171247959137
YML006C,YKL175W,0,1.271286,0.19412662088871002,0.7642642855644226,0.3172672688961029
YDR389W,YBR187W,0,1.270548,0.19405260682106018,0.7642642855644226,0.3174174129962921
YEL022W,YML132W,0,1.2702347,0.19397865235805511,0.7642642855644226,0.3175675570964813
YBR195C,YGL186C,0,1.2699192,0.19390475749969482,0.7642642855644226,0.3177177309989929
YHR074W,YKR055W,0,1.2697797,0.1938309222459793,0.7642642855644226,0.31786787509918213
YCR093W,YKL097W-A,0,1.2693219,0.19375713169574738,0.7642642855644226,0.31801801919937134
YKL200C,YMR301C,0,1.2687957,0.1936834156513214,0.7642642855644226,0.31816816329956055
YGL186C,YOR138C,0,1.2687548,0.19360974431037903,0.7642642855644226,0.31831830739974976
YMR046C,YPL218W,0,1.2676353,0.19353611767292023,0.7642642855644226,0.31846848130226135
YOR038C,YLR164W,0,1.2675451,0.1934625655412674,0.7642642855644226,0.31861862540245056
YOL129W,YBR223C,0,1.2673814,0.19338905811309814,0.7642642855644226,0.31876876950263977
YOL165C,YOR355W,0,1.2663835,0.19331561028957367,0.7642642855644226,0.318918913602829
YEL030W,YOR294W,0,1.2663713,0.19324222207069397,0.7642642855644226,0.3190690577030182
YLR105C,YFR021W,0,1.265873,0.19316887855529785,0.7642642855644226,0.3192192316055298
YAL054C,YFL013C,0,1.2643386,0.1930955946445465,0.7642642855644226,0.319369375705719
YIL139C,YBR096W,0,1.2641914,0.19302237033843994,0.7642642855644226,0.3195195198059082
YOR261C,YKL205W,0,1.2631407,0.19294920563697815,0.7642642855644226,0.3196696639060974
YGR180C,YPL223C,0,1.2622968,0.19287608563899994,0.7642642855644226,0.3198198080062866
YLL019C,YKR026C,0,1.2618315,0.1928030252456665,0.7642642855644226,0.3199699819087982
YKL117W,YPR091C,0,1.261668,0.19273002445697784,0.7642642855644226,0.3201201260089874
YOR304W,YML052W,0,1.2610003,0.19265708327293396,0.7642642855644226,0.32027027010917664
YIL021W,YNR002C,0,1.2605433,0.19258418679237366,0.7642642855644226,0.32042041420936584
YOL142W,YDR498C,0,1.2589046,0.19251134991645813,0.7642642855644226,0.32057055830955505
YPR001W,YGR027C,0,1.2586467,0.19243855774402618,0.7642642855644226,0.32072073221206665
YLR383W,YMR087W,0,1.2585424,0.1923658400774002,0.7642642855644226,0.32087087631225586
YMR284W,YOR243C,0,1.2575805,0.1922931671142578,0.7642642855644226,0.32102102041244507
YOL010W,YEL056W,0,1.2574147,0.192220538854599,0.7642642855644226,0.3211711645126343
YLR103C,YNL006W,0,1.2571309,0.19214798510074615,0.7642642855644226,0.3213213086128235
YHR002W,YLL008W,0,1.2562602,0.1920754760503769,0.7642642855644226,0.3214714825153351
YML052W,YDR472W,0,1.256235,0.1920030117034912,0.7642642855644226,0.3216216266155243
YDL045W-A,YBR276C,0,1.2558259,0.1919306218624115,0.7642642855644226,0.3217717707157135
YOR123C,YIL042C,0,1.2551082,0.19185827672481537,0.7642642855644226,0.3219219148159027
YLR321C,YNL307C,1,1.2548249,0.19216276705265045,0.7657657861709595,0.3219219148159027
YER125W,YER090W,0,1.2544423,0.19209039211273193,0.7657657861709595,0.3220720589160919
YMR179W,YDR226W,0,1.2543147,0.1920180767774582,0.7657657861709595,0.3222222328186035
YLR165C,YGL050W,0,1.2540406,0.19194580614566803,0.7657657861709595,0.3223723769187927
YOR206W,YOL112W,0,1.2536474,0.19187359511852264,0.7657657861709595,0.32252252101898193
YDR414C,YGL233W,0,1.2534257,0.19180142879486084,0.7657657861709595,0.32267266511917114
YOL145C,YNL273W,1,1.2530763,0.1921052634716034,0.7672672867774963,0.32267266511917114
YDL015C,YPR152C,0,1.2518579,0.1920330673456192,0.7672672867774963,0.32282280921936035
YGL068W,YMR238W,0,1.2516706,0.19196093082427979,0.7672672867774963,0.32297298312187195
YNL138W-A,YER168C,0,1.2511892,0.19188885390758514,0.7672672867774963,0.32312312722206116
YKL022C,YAL031C,1,1.2510457,0.1921921968460083,0.7687687873840332,0.32312312722206116
YAL016W,YFR036W,1,1.2508165,0.19249531626701355,0.7702702879905701,0.32312312722206116
YOR106W,YKL190W,0,1.2503561,0.19242310523986816,0.7702702879905701,0.32327327132225037
YPR167C,YKL175W,0,1.2503235,0.19235095381736755,0.7702702879905701,0.3234234154224396
YFR019W,YDR262W,0,1.2499065,0.19227886199951172,0.7702702879905701,0.3235735595226288
YDR026C,YFL048C,0,1.2490858,0.19220681488513947,0.7702702879905701,0.3237237334251404
YKR044W,YER190W,0,1.2489163,0.192134827375412,0.7702702879905701,0.3238738775253296
YGR175C,YEL029C,0,1.2489014,0.19206289947032928,0.7702702879905701,0.3240240216255188
YHR109W,YBR010W,0,1.2477272,0.19199101626873016,0.7702702879905701,0.324174165725708
YKL174C,YKR055W,0,1.2472919,0.19191919267177582,0.7702702879905701,0.3243243098258972
YOR084W,YJR082C,0,1.2470751,0.19184741377830505,0.7702702879905701,0.3244744837284088
YOL101C,YDR332W,0,1.2468002,0.19177569448947906,0.7702702879905701,0.324624627828598
YDR254W,YNL262W,1,1.2466636,0.19207772612571716,0.7717717885971069,0.324624627828598
YBL091C-A,YGR246C,0,1.2459502,0.1920059770345688,0.7717717885971069,0.32477477192878723
YGR167W,YDR222W,0,1.2459,0.191934272646904,0.7717717885971069,0.32492491602897644
YMR019W,YGL060W,0,1.2442821,0.19186262786388397,0.7717717885971069,0.32507508993148804
YMR032W,YIL177C,0,1.2440556,0.19179104268550873,0.7717717885971069,0.32522523403167725
YFL066C,YDR173C,0,1.2439921,0.19171950221061707,0.7717717885971069,0.32537537813186646
YPL112C,YOR251C,0,1.2433488,0.19164802134037018,0.7717717885971069,0.32552552223205566
YOR106W,YMR087W,0,1.2428933,0.19157660007476807,0.7717717885971069,0.3256756663322449
YOR287C,YDL078C,0,1.2424831,0.19150522351264954,0.7717717885971069,0.32582584023475647
YJR055W,YIL088C,0,1.2415717,0.1914338916540146,0.7717717885971069,0.3259759843349457
YDR083W,YOR180C,0,1.2407205,0.19136261940002441,0.7717717885971069,0.3261261284351349
YIL061C,YHR135C,0,1.240611,0.19129140675067902,0.7717717885971069,0.3262762725353241
YNR035C,YER019C-A,0,1.2402674,0.1912202388048172,0.7717717885971069,0.3264264166355133
YIL177C,YBR093C,0,1.2400705,0.19114913046360016,0.7717717885971069,0.3265765905380249
YPL259C,YER046W,0,1.239563,0.1910780668258667,0.7717717885971069,0.3267267346382141
YJL112W,YML030W,0,1.23915,0.19100706279277802,0.7717717885971069,0.3268768787384033
YAL016W,YGR089W,1,1.2389619,0.19130757451057434,0.7732732892036438,0.3268768787384033
YLR270W,YFL001W,0,1.2389584,0.19123654067516327,0.7732732892036438,0.32702702283859253
YNL026W,YKL205W,0,1.2384311,0.19116555154323578,0.7732732892036438,0.32717716693878174
YKL007W,YKR028W,0,1.2381691,0.19109462201595306,0.7732732892036438,0.32732734084129333
YKL210W,YIR005W,0,1.238085,0.19102373719215393,0.7732732892036438,0.32747748494148254
YGR246C,YDL148C,0,1.2380072,0.19095291197299957,0.7732732892036438,0.32762762904167175
YKR057W,YMR090W,0,1.237803,0.1908821314573288,0.7732732892036438,0.32777777314186096
YBR026C,YBL034C,0,1.2377479,0.1908114105463028,0.7732732892036438,0.32792791724205017
YKL126W,YPL011C,0,1.237746,0.19074073433876038,0.7732732892036438,0.32807809114456177
YFR021W,YAL039C,0,1.2376744,0.19067011773586273,0.7732732892036438,0.328228235244751
YBL092W,YML109W,0,1.2371094,0.19059956073760986,0.7732732892036438,0.3283783793449402
YPL218W,YML039W,0,1.2366334,0.19052904844284058,0.7732732892036438,0.3285285234451294
YGR113W,YOL104C,1,1.2365706,0.19082839787006378,0.7747747898101807,0.3285285234451294
YIL134W,YGR229C,0,1.2358398,0.1907578557729721,0.7747747898101807,0.3286786675453186
YNR067C,YGR077C,0,1.235791,0.190687358379364,0.7747747898101807,0.3288288414478302
YOL043C,YNL122C,0,1.2354394,0.1906169205904007,0.7747747898101807,0.3289789855480194
YHR209W,YDR461W,0,1.2350358,0.19054652750492096,0.7747747898101807,0.3291291296482086
YJL134W,YNL092W,0,1.2348769,0.190476194024086,0.7747747898101807,0.3292792737483978
YKL038W,YFL013C,0,1.2341236,0.19040590524673462,0.7747747898101807,0.32942941784858704
YKL130C,YMR268W-A,0,1.2340728,0.19033567607402802,0.7747747898101807,0.32957959175109863
YMR038C,YGL060W,0,1.2340549,0.190265491604805,0.7747747898101807,0.32972973585128784
YBR223C,YMR193W,0,1.2331326,0.19019535183906555,0.7747747898101807,0.32987987995147705
YLR191W,YNL284C,0,1.2326802,0.1901252716779709,0.7747747898101807,0.33003002405166626
YMR033W,YHR008C,0,1.2322297,0.190055251121521,0.7747747898101807,0.33018016815185547
YBR282W,YKR068C,0,1.231885,0.1899852752685547,0.7747747898101807,0.33033034205436707
YCL036W,YGL113W,0,1.2314185,0.18991534411907196,0.7747747898101807,0.3304804861545563
YGR285C,YDR472W,0,1.2305447,0.189845472574234,0.7747747898101807,0.3306306302547455
YKL217W,YBR271W,0,1.2285377,0.18977564573287964,0.7747747898101807,0.3307807743549347
YOL145C,YKL022C,1,1.2261095,0.19007353484630585,0.7762762904167175,0.3307807743549347
YDL084W,YDR229W,0,1.2251894,0.1900036782026291,0.7762762904167175,0.3309309184551239
YDR518W,YDL171C,0,1.2251112,0.1899338662624359,0.7762762904167175,0.3310810923576355
YMR054W,YNR035C,0,1.2235953,0.1898641139268875,0.7762762904167175,0.3312312364578247
YLL002W,YLL034C,0,1.2229723,0.1897944211959839,0.7762762904167175,0.3313813805580139
YDL170W,YDL148C,0,1.2227377,0.18972477316856384,0.7762762904167175,0.3315315246582031
YML058W-A,YGL203C,0,1.2222857,0.18965516984462738,0.7762762904167175,0.33168166875839233
YMR227C,YLR020C,0,1.2206352,0.1895856261253357,0.7762762904167175,0.33183184266090393
YDR090C,YMR304W,0,1.220278,0.1895161271095276,0.7762762904167175,0.33198198676109314
YHR214C-B,YLR103C,0,1.2197491,0.18944668769836426,0.7762762904167175,0.33213213086128235
YCL074W,YJR140C,0,1.2194644,0.1893772929906845,0.7762762904167175,0.33228227496147156
YKL013C,YOL066C,0,1.2189921,0.18930794298648834,0.7762762904167175,0.33243241906166077
YCL018W,YKR006C,0,1.2180903,0.18923865258693695,0.7762762904167175,0.33258259296417236
YOL057W,YML099C,0,1.2180727,0.18916940689086914,0.7762762904167175,0.3327327370643616
YDL045W-A,YIL080W,0,1.2179943,0.1891002207994461,0.7762762904167175,0.3328828811645508
YPR198W,YLL043W,0,1.2174655,0.18903107941150665,0.7762762904167175,0.33303302526474
YDR429C,YDR140W,0,1.217358,0.18896198272705078,0.7762762904167175,0.3331831693649292
YCL014W,YFL048C,0,1.2173266,0.18889294564723969,0.7762762904167175,0.3333333432674408
YBR202W,YMR295C,0,1.2173116,0.18882395327091217,0.7762762904167175,0.33348348736763
YKR054C,YAL031C,1,1.2172134,0.1891201138496399,0.7777777910232544,0.33348348736763
YMR179W,YNL208W,0,1.2169366,0.18905109167099,0.7777777910232544,0.3336336314678192
YJR107W,YLR025W,0,1.2167819,0.18898212909698486,0.7777777910232544,0.3337837755680084
YNR074C,YGR036C,0,1.216682,0.18891319632530212,0.7777777910232544,0.33393391966819763
YNR074C,YLR268W,0,1.2160292,0.18884433805942535,0.7777777910232544,0.33408409357070923
YNL267W,YJR130C,0,1.2157261,0.18877550959587097,0.7777777910232544,0.33423423767089844
YBR093C,YDR109C,0,1.2146943,0.18870674073696136,0.7777777910232544,0.33438438177108765
YBL011W,YJL206C,0,1.2143039,0.18863801658153534,0.7777777910232544,0.33453452587127686
YOR291W,YPL151C,0,1.2140652,0.1885693520307541,0.7777777910232544,0.33468466997146606
YDR082W,YNL079C,0,1.2139977,0.18850073218345642,0.7777777910232544,0.33483484387397766
YLR025W,YPL129W,0,1.2131846,0.18843215703964233,0.7777777910232544,0.33498498797416687
YGL010W,YPL098C,0,1.2127389,0.18836364150047302,0.7777777910232544,0.3351351320743561
YIL128W,YLR206W,0,1.2124956,0.1882951706647873,0.7777777910232544,0.3352852761745453
YDL171C,YOR324C,0,1.2122344,0.18822674453258514,0.7777777910232544,0.3354354500770569
YOR291W,YGR221C,0,1.2120911,0.18815837800502777,0.7777777910232544,0.3355855941772461
YFL066C,YBL076C,0,1.2120225,0.18809005618095398,0.7777777910232544,0.3357357382774353
YOR304C-A,YBR243C,0,1.2116873,0.18802177906036377,0.7777777910232544,0.3358858823776245
YGR251W,YLL017W,0,1.211072,0.18795356154441833,0.7777777910232544,0.3360360264778137
YLR380W,YBL011W,0,1.2110639,0.18788538873195648,0.7777777910232544,0.3361862003803253
YBR155W,YML030W,0,1.2109545,0.1878172606229782,0.7777777910232544,0.3363363444805145
YLR029C,YGL026C,0,1.2103674,0.18774917721748352,0.7777777910232544,0.33648648858070374
YDL078C,YOR313C,0,1.2103239,0.1876811534166336,0.7777777910232544,0.33663663268089294
YDR296W,YBR020W,0,1.2102494,0.18761318922042847,0.7777777910232544,0.33678677678108215
YNL127W,YJL155C,0,1.2100492,0.18754525482654572,0.7777777910232544,0.33693695068359375
YPR194C,YBL112C,0,1.2099822,0.18747738003730774,0.7777777910232544,0.33708709478378296
YLR244C,YOR304W,0,1.2099639,0.18740954995155334,0.7777777910232544,0.33723723888397217
YDR296W,YPL244C,0,1.2093723,0.18734177947044373,0.7777777910232544,0.3373873829841614
YDL035C,YIL042C,0,1.2093235,0.1872740387916565,0.7777777910232544,0.3375375270843506
YKR008W,YDL045C,0,1.2080857,0.18720635771751404,0.7777777910232544,0.3376877009868622
YLR394W,YLR321C,1,1.207747,0.1875,0.7792792916297913,0.3376877009868622
YHR030C,YDR138W,0,1.207061,0.18743228912353516,0.7792792916297913,0.3378378450870514
YOR038C,YPR091C,0,1.2068744,0.1873646229505539,0.7792792916297913,0.3379879891872406
YDR233C,YDL227C,0,1.2066667,0.1872970014810562,0.7792792916297913,0.3381381332874298
YMR033W,YPL244C,0,1.2064106,0.1872294396162033,0.7792792916297913,0.338288277387619
YMR168C,YAL016W,1,1.2063321,0.1875225454568863,0.7807807922363281,0.338288277387619
YLR321C,YAL031C,1,1.205912,0.18781542778015137,0.782282292842865,0.338288277387619
YDR245W,YBR257W,0,1.204611,0.1877477467060089,0.782282292842865,0.3384384512901306
YMR146C,YKL124W,0,1.2045387,0.18768011033535004,0.782282292842865,0.3385885953903198
YGL010W,YMR270C,0,1.2043135,0.18761253356933594,0.782282292842865,0.33873873949050903
YNL271C,YKL003C,0,1.2042086,0.18754500150680542,0.782282292842865,0.33888888359069824
YOR216C,YGR222W,0,1.2039185,0.18747751414775848,0.782282292842865,0.33903902769088745
YJR005W,YBR192W,0,1.2029638,0.18741007149219513,0.782282292842865,0.33918920159339905
YGR032W,YLR141W,0,1.2029327,0.18734268844127655,0.782282292842865,0.33933934569358826
YKL130C,YDR497C,0,1.2024959,0.18727533519268036,0.782282292842865,0.33948948979377747
YER050C,YFL023W,0,1.2023007,0.18720804154872894,0.782282292842865,0.3396396338939667
YMR005W,YBR173C,0,1.2021621,0.1871408075094223,0.782282292842865,0.3397897779941559
YDR196C,YOR098C,0,1.2018406,0.18707360327243805,0.782282292842865,0.3399399518966675
YDR254W,YDR260C,1,1.2013417,0.18736539781093597,0.7837837934494019,0.3399399518966675
YGL225W,YLR309C,0,1.2008815,0.18729816377162933,0.7837837934494019,0.3400900959968567
YDR174W,YLR016C,0,1.2002165,0.18723098933696747,0.7837837934494019,0.3402402400970459
YER019C-A,YHR051W,0,1.2000718,0.18716385960578918,0.7837837934494019,0.3403903841972351
YMR228W,YGL220W,0,1.1989894,0.18709677457809448,0.7837837934494019,0.3405405282974243
YOL101C,YDR373W,0,1.198222,0.18702973425388336,0.7837837934494019,0.3406907021999359
YOL101C,YMR246W,0,1.1980371,0.18696275353431702,0.7837837934494019,0.3408408463001251
YIL095W,YCL052C,0,1.1976796,0.18689581751823425,0.7837837934494019,0.34099099040031433
YNL085W,YOR216C,0,1.1971642,0.18682892620563507,0.7837837934494019,0.34114113450050354
YJL166W,YER168C,0,1.1967323,0.18676207959651947,0.7837837934494019,0.34129127860069275
YMR284W,YEL062W,0,1.1963611,0.18669527769088745,0.7837837934494019,0.34144145250320435
YER022W,YKR026C,0,1.1960323,0.1866285353899002,0.7837837934494019,0.34159159660339355
YFR018C,YIL170W,0,1.195781,0.18656182289123535,0.7837837934494019,0.34174174070358276
YOL026C,YER171W,0,1.1955885,0.18649516999721527,0.7837837934494019,0.341891884803772
YKL170W,YCL032W,0,1.1948633,0.18642857670783997,0.7837837934494019,0.3420420289039612
YOL165C,YDL045C,0,1.1948307,0.18636201322078705,0.7837837934494019,0.3421922028064728
YFL048C,YDL128W,0,1.1945401,0.1862955093383789,0.7837837934494019,0.342342346906662
YBR118W,YOR162C,0,1.1945062,0.18622903525829315,0.7837837934494019,0.3424924910068512
YNL095C,YKL074C,0,1.1940665,0.18616262078285217,0.7837837934494019,0.3426426351070404
YDR351W,YIL095W,0,1.1939106,0.18609625101089478,0.7837837934494019,0.3427927792072296
YOR292C,YHR209W,0,1.1932623,0.18602994084358215,0.7837837934494019,0.3429429531097412
YGR081C,YMR272C,0,1.1928501,0.18596366047859192,0.7837837934494019,0.3430930972099304
YJR057W,YJL206C,0,1.1924347,0.18589743971824646,0.7837837934494019,0.34324324131011963
YOR313C,YER137C,0,1.1920632,0.18583126366138458,0.7837837934494019,0.34339338541030884
YFL011W-A,YJR103W,0,1.1908398,0.1857651174068451,0.7837837934494019,0.34354352951049805
YBR006W,YHR082C,0,1.1905282,0.18569904565811157,0.7837837934494019,0.34369370341300964
YDR064W,YER138C,0,1.188957,0.18563300371170044,0.7837837934494019,0.34384384751319885
YKR020W,YHR077C,0,1.1889064,0.1855670064687729,0.7837837934494019,0.34399399161338806
YLR209C,YER019C-A,0,1.1883993,0.1855010688304901,0.7837837934494019,0.34414413571357727
YGR077C,YOR299W,0,1.1882112,0.18543517589569092,0.7837837934494019,0.3442942798137665
YDR254W,YNL307C,1,1.1876923,0.1857244372367859,0.7852852940559387,0.3442942798137665
YIR011C,YGR089W,1,1.1871433,0.18601348996162415,0.7867867946624756,0.3442942798137665
YLR129W,YDR498C,0,1.1870642,0.1859474778175354,0.7867867946624756,0.3444444537162781
YNR010W,YAL031C,1,1.1864612,0.18623624742031097,0.7882882952690125,0.3444444537162781
YHL012W,YPL188W,0,1.1864133,0.18617020547389984,0.7882882952690125,0.3445945978164673
YPL112C,YDL070W,0,1.1862257,0.18610422313213348,0.7882882952690125,0.3447447419166565
YKL203C,YDR508C,0,1.1861606,0.18603827059268951,0.7882882952690125,0.3448948860168457
YNL238W,YPL208W,0,1.184533,0.18597236275672913,0.7882882952690125,0.3450450599193573
YJL124C,YNL239W,0,1.1839722,0.1859065145254135,0.7882882952690125,0.3451952040195465
YLR208W,YGR171C,0,1.1836246,0.18584071099758148,0.7882882952690125,0.3453453481197357
YNL208W,YMR270C,0,1.1834875,0.18577495217323303,0.7882882952690125,0.3454954922199249
YPR030W,YOL090W,0,1.1824359,0.18570923805236816,0.7882882952690125,0.34564563632011414
YDR419W,YDR337W,0,1.1824236,0.18564356863498688,0.7882882952690125,0.34579581022262573
YMR272C,YJR063W,0,1.1821811,0.18557794392108917,0.7882882952690125,0.34594595432281494
YBR278W,YGL019W,0,1.1817486,0.18551236391067505,0.7882882952690125,0.34609609842300415
YJR004C,YER055C,0,1.1815481,0.1854468435049057,0.7882882952690125,0.34624624252319336
YOR212W,YER101C,0,1.1814892,0.18538135290145874,0.7882882952690125,0.34639638662338257
YKR055W,YER019C-A,0,1.181358,0.18531592190265656,0.7882882952690125,0.34654656052589417
YKL061W,YLL027W,0,1.180979,0.18525053560733795,0.7882882952690125,0.3466967046260834
YDR460W,YPL098C,0,1.1808883,0.18518517911434174,0.7882882952690125,0.3468468487262726
YOR292C,YDR444W,0,1.1808189,0.1851198822259903,0.7882882952690125,0.3469969928264618
YBR195C,YML052W,0,1.1807975,0.18505463004112244,0.7882882952690125,0.347147136926651
YOL057W,YOR382W,0,1.1800177,0.18498942255973816,0.7882882952690125,0.3472973108291626
YML058W-A,YFL011W-A,0,1.1798195,0.18492427468299866,0.7882882952690125,0.3474474549293518
YIL021W,YBR052C,0,1.1793951,0.18485915660858154,0.7882882952690125,0.347597599029541
YDR146C,YKL180W,0,1.1786798,0.184794083237648,0.7882882952690125,0.3477477431297302
YOL124C,YKL201C,0,1.1785444,0.18472906947135925,0.7882882952690125,0.34789788722991943
YLR295C,YDL070W,0,1.178207,0.18466408550739288,0.7882882952690125,0.34804806113243103
YPR189W,YDR373W,0,1.177771,0.1845991611480713,0.7882882952690125,0.34819820523262024
YFR021W,YPL252C,0,1.1777464,0.18453426659107208,0.7882882952690125,0.34834834933280945
YNL262W,YFR036W,1,1.1776909,0.18482080101966858,0.7897897958755493,0.34834834933280945
YOL045W,YOL053C-A,0,1.1774306,0.18475587666034698,0.7897897958755493,0.34849849343299866
YGR143W,YNR028W,0,1.17678,0.18469101190567017,0.7897897958755493,0.34864863753318787
YLR329W,YNL175C,0,1.1766093,0.18462619185447693,0.7897897958755493,0.34879881143569946
YBR020W,YCL003W,0,1.1762631,0.18456140160560608,0.7897897958755493,0.34894895553588867
YDL171C,YGR171C,0,1.1760004,0.18449667096138,0.7897897958755493,0.3490990996360779
YMR228W,YBR093C,0,1.1753691,0.18443197011947632,0.7897897958755493,0.3492492437362671
YBL041W,YJL200C,0,1.1752,0.1843673288822174,0.7897897958755493,0.3493993878364563
YEL043W,YOR261C,0,1.1750672,0.18430273234844208,0.7897897958755493,0.3495495617389679
YKL201C,YGR276C,0,1.1749194,0.18423818051815033,0.7897897958755493,0.3496997058391571
YDR310C,YLR141W,0,1.1745465,0.18417367339134216,0.7897897958755493,0.3498498499393463
YFR036W,YNR010W,1,1.1743082,0.18445922434329987,0.7912912964820862,0.3498498499393463
YOR355W,YOR353C,0,1.1742482,0.1843946874141693,0.7912912964820862,0.3499999940395355
YPL042C,YKL117W,0,1.1740599,0.18433018028736115,0.7912912964820862,0.35015013813972473
YDR451C,YEL036C,0,1.173916,0.18426573276519775,0.7912912964820862,0.35030031204223633
YOL145C,YFR031C,1,1.1725073,0.18455085158348083,0.792792797088623,0.35030031204223633
YPR196W,YJL200C,0,1.1722499,0.18448637425899506,0.792792797088623,0.35045045614242554
YLR047C,YNL121C,0,1.1720618,0.18442194163799286,0.792792797088623,0.35060060024261475
YNL274C,YJR053W,0,1.1717663,0.18435753881931305,0.792792797088623,0.35075074434280396
YHR039C-A,YKL124W,0,1.1710756,0.18429319560527802,0.792792797088623,0.35090088844299316
YOL038W,YFL035C,0,1.1709783,0.18422889709472656,0.792792797088623,0.35105106234550476
YFL011W-A,YPR190C,0,1.1708505,0.1841646283864975,0.792792797088623,0.35120120644569397
YGL026C,YJL124C,0,1.1708331,0.1841004192829132,0.792792797088623,0.3513513505458832
YNL202W,YIL035C,0,1.1705925,0.1840362548828125,0.792792797088623,0.3515014946460724
YCL014W,YMR295C,0,1.1702489,0.18397212028503418,0.792792797088623,0.3516516387462616
YJR004C,YIL140W,0,1.1701969,0.18390804529190063,0.792792797088623,0.3518018126487732
YPR113W,YPL244C,0,1.1701788,0.18384401500225067,0.792792797088623,0.3519519567489624
YDL133C-A,YLR024C,0,1.1700695,0.1837800145149231,0.792792797088623,0.3521021008491516
YIL088C,YGL225W,0,1.1698114,0.1837160736322403,0.792792797088623,0.3522522449493408
YOR301W,YBR150C,0,1.1697179,0.18365217745304108,0.792792797088623,0.35240238904953003
YKR036C,YDR392W,0,1.1691602,0.18358831107616425,0.792792797088623,0.3525525629520416
YDL015C,YMR065W,0,1.168975,0.1835245043039322,0.792792797088623,0.35270270705223083
YDL133C-A,YOR180C,0,1.1688038,0.18346074223518372,0.792792797088623,0.35285285115242004
YGR012W,YBL089W,0,1.1675534,0.18339700996875763,0.792792797088623,0.35300299525260925
YMR284W,YOR099W,0,1.1666105,0.18333333730697632,0.792792797088623,0.35315313935279846
YIL142W,YMR227C,0,1.1664495,0.1832696944475174,0.792792797088623,0.35330331325531006
YLR005W,YJL130C,0,1.1663551,0.18320611119270325,0.792792797088623,0.35345345735549927
YNL138W-A,YGL060W,0,1.165884,0.1831425577402115,0.792792797088623,0.3536036014556885
YGL209W,YER151C,0,1.1656727,0.1830790638923645,0.792792797088623,0.3537537455558777
YGR036C,YER090W,0,1.1651944,0.1830155998468399,0.792792797088623,0.3539038896560669
YDR371W,YBR020W,0,1.1649284,0.1829521805047989,0.792792797088623,0.3540540635585785
YGL122C,YGR070W,0,1.1646547,0.18288880586624146,0.792792797088623,0.3542042076587677
YDR451C,YEL056W,0,1.16458,0.1828254908323288,0.792792797088623,0.3543543517589569
YER050C,YBR170C,0,1.1642275,0.18276220560073853,0.792792797088623,0.3545044958591461
YDL206W,YDL227C,0,1.1640819,0.18269896507263184,0.792792797088623,0.3546546399593353
YNL178W,YJR130C,0,1.1637187,0.18263576924800873,0.792792797088623,0.3548048138618469
YPL134C,YBR222C,0,1.1633587,0.1825726181268692,0.792792797088623,0.35495495796203613
YLR129W,YAL017W,0,1.163331,0.18250951170921326,0.792792797088623,0.35510510206222534
YHR041C,YOR298W,0,1.1633255,0.1824464350938797,0.792792797088623,0.35525524616241455
YPR182W,YER145C,0,1.1621472,0.18238341808319092,0.792792797088623,0.35540542006492615
YPL180W,YCR080W,0,1.1620555,0.18232044577598572,0.792792797088623,0.35555556416511536
YDL208W,YGL060W,0,1.1619929,0.1822575032711029,0.792792797088623,0.35570570826530457
YDR296W,YFL017W-A,0,1.1618136,0.18219462037086487,0.792792797088623,0.3558558523654938
YJL112W,YMR054W,0,1.1610751,0.18213176727294922,0.792792797088623,0.356005996465683
YDR494W,YBR276C,0,1.1610076,0.18206895887851715,0.792792797088623,0.3561561703681946
YEL031W,YBL113C,0,1.1603092,0.18200621008872986,0.792792797088623,0.3563063144683838
YLL003W,YGL236C,0,1.1600175,0.18194349110126495,0.792792797088623,0.356456458568573
YDL015C,YCL003W,0,1.1595689,0.18188081681728363,0.792792797088623,0.3566066026687622
YDL217C,YOR292C,0,1.158893,0.1818181872367859,0.792792797088623,0.3567567467689514
YNL230C,YDL035C,0,1.1588767,0.18175558745861053,0.792792797088623,0.356906920671463
YOL145C,YPL200W,1,1.1586316,0.18203715980052948,0.7942942976951599,0.356906920671463
YKR071C,YCL060C,1,1.1585008,0.1823185384273529,0.7957957983016968,0.356906920671463
YKR044W,YDL148C,0,1.1584924,0.1822558492422104,0.7957957983016968,0.3570570647716522
YCL074W,YOL052C,0,1.1584677,0.18219318985939026,0.7957957983016968,0.35720720887184143
YHR214C-B,YJL192C,0,1.1584005,0.1821305900812149,0.7957957983016968,0.35735735297203064
YJR036C,YKL203C,0,1.1583613,0.18206802010536194,0.7957957983016968,0.35750749707221985
YNL050C,YMR238W,0,1.1573833,0.18200549483299255,0.7957957983016968,0.35765767097473145
YOR298W,YDR140W,0,1.15691,0.18194301426410675,0.7957957983016968,0.35780781507492065
YIR011C,YGL190C,1,1.1563251,0.18222375214099884,0.7972972989082336,0.35780781507492065
YJR119C,YGR112W,0,1.1556908,0.18216124176979065,0.7972972989082336,0.35795795917510986
YFL033C,YLL033W,0,1.1556845,0.18209876120090485,0.7972972989082336,0.3581081032752991
YGR020C,YKL097W-A,0,1.1554556,0.18203634023666382,0.7972972989082336,0.3582582473754883
YMR146C,YER138C,0,1.1554036,0.18197394907474518,0.7972972989082336,0.3584084212779999
YKL093W,YDR473C,0,1.1551403,0.1819116175174713,0.7972972989082336,0.3585585653781891
YMR020W,YLR291C,0,1.1550405,0.18184931576251984,0.7972972989082336,0.3587087094783783
YDR167W,YGR012W,0,1.1541654,0.18178705871105194,0.7972972989082336,0.3588588535785675
YBR202W,YBR111W-A,0,1.1538459,0.18172484636306763,0.7972972989082336,0.3590089976787567
YDL179W,YFR033C,0,1.1534665,0.1816626787185669,0.7972972989082336,0.3591591715812683
YGL094C,YOR251C,0,1.153333,0.18160054087638855,0.7972972989082336,0.3593093156814575
YPL127C,YPL083C,0,1.1530333,0.18153846263885498,0.7972972989082336,0.35945945978164673
YPR194C,YKL168C,0,1.1530197,0.1814764142036438,0.7972972989082336,0.35960960388183594
YLR321C,YNR010W,1,1.152808,0.18175606429576874,0.7987987995147705,0.35960960388183594
YBR261C,YBR093C,0,1.1521463,0.18169398605823517,0.7987987995147705,0.35975974798202515
YBR080C,YOR261C,0,1.151972,0.18163195252418518,0.7987987995147705,0.35990992188453674
YLR163C,YHR109W,0,1.1517112,0.18156996369361877,0.7987987995147705,0.36006006598472595
YOL124C,YMR180C,0,1.1514583,0.18150801956653595,0.7987987995147705,0.36021021008491516
YOL145C,YDL028C,1,1.1512511,0.1817871779203415,0.8003003001213074,0.36021021008491516
YER008C,YBR278W,0,1.1494198,0.18172518908977509,0.8003003001213074,0.36036035418510437
YAL016W,YKL022C,1,1.1490302,0.18200409412384033,0.8018018007278442,0.36036035418510437
YMR137C,YHR051W,0,1.1490241,0.18194207549095154,0.8018018007278442,0.3605104982852936
YLR440C,YJL144W,0,1.148969,0.18188010156154633,0.8018018007278442,0.3606606721878052
YKL013C,YOR275C,0,1.1488993,0.1818181872367859,0.8018018007278442,0.3608108162879944
YPR149W,YBR238C,0,1.148894,0.18175630271434784,0.8018018007278442,0.3609609603881836
YDR512C,YOR304C-A,0,1.1476258,0.18169444799423218,0.8018018007278442,0.3611111044883728
YIL080W,YDR062W,0,1.1473088,0.1816326528787613,0.8018018007278442,0.361261248588562
YLR145W,YDR508C,0,1.1469328,0.1815708875656128,0.8018018007278442,0.3614114224910736
YLR025W,YBR129C,0,1.1466988,0.18150918185710907,0.8018018007278442,0.3615615665912628
YIL080W,YFL001W,0,1.146656,0.18144750595092773,0.8018018007278442,0.361711710691452
YPL119C,YGR185C,0,1.1461841,0.18138587474822998,0.8018018007278442,0.36186185479164124
YER090W,YOR351C,0,1.1461734,0.18132427334785461,0.8018018007278442,0.36201199889183044
YML006C,YIL047C,0,1.1461537,0.18126273155212402,0.8018018007278442,0.36216217279434204
YNR074C,YDL142C,0,1.1456423,0.18120121955871582,0.8018018007278442,0.36231231689453125
YDL227C,YGR134W,0,1.1454358,0.1811397522687912,0.8018018007278442,0.36246246099472046
YHL034C,YDR229W,0,1.1451851,0.18107832968235016,0.8018018007278442,0.36261260509490967
YGL237C,YMR273C,0,1.1451249,0.1810169517993927,0.8018018007278442,0.3627627491950989
YDR457W,YPR152C,0,1.1445776,0.18095560371875763,0.8018018007278442,0.3629129230976105
YPR111W,YLR153C,0,1.1440878,0.18089431524276733,0.8018018007278442,0.3630630671977997
YDL215C,YHR005C-A,0,1.1438057,0.18083305656909943,0.8018018007278442,0.3632132112979889
YFR029W,YBR173C,0,1.1437898,0.1807718276977539,0.8018018007278442,0.3633633553981781
YJL187C,YKL119C,0,1.1436259,0.18071065843105316,0.8018018007278442,0.3635134994983673
YOR216C,YIL177C,0,1.1436234,0.1806495189666748,0.8018018007278442,0.3636636734008789
YDR164C,YPL259C,0,1.1434315,0.18058843910694122,0.8018018007278442,0.3638138175010681
YPR135W,YNL307C,1,1.143296,0.18086545169353485,0.8033033013343811,0.3638138175010681
YDR414C,YJR140C,0,1.1429541,0.1808043271303177,0.8033033013343811,0.3639639616012573
YOL141W,YMR276W,0,1.1429319,0.1807432472705841,0.8033033013343811,0.36411410570144653
YFR029W,YGL004C,0,1.1427802,0.1806821972131729,0.8033033013343811,0.36426424980163574
YLL019C,YPL252C,0,1.1422745,0.1806212067604065,0.8033033013343811,0.36441442370414734
YBR275C,YML128C,0,1.1416833,0.18056024610996246,0.8033033013343811,0.36456456780433655
YBR093C,YOR180C,0,1.1413853,0.18049933016300201,0.8033033013343811,0.36471471190452576
YHR175W,YHR109W,0,1.1413077,0.18043844401836395,0.8033033013343811,0.36486485600471497
YNL117W,YLR429W,0,1.1411912,0.18037761747837067,0.8033033013343811,0.36501502990722656
YBR223C,YOR275C,0,1.140071,0.18031682074069977,0.8033033013343811,0.36516517400741577
YJL141C,YDR195W,0,1.1392064,0.18025606870651245,0.8033033013343811,0.365315318107605
YIL134W,YLL055W,0,1.1387868,0.18019534647464752,0.8033033013343811,0.3654654622077942
YER013W,YJL029C,0,1.1387435,0.18013468384742737,0.8033033013343811,0.3656156063079834
YOR232W,YHR119W,0,1.1385151,0.1800740510225296,0.8033033013343811,0.365765780210495
YIL142W,YJR053W,0,1.1384273,0.18001346290111542,0.8033033013343811,0.3659159243106842
YBR271W,YBR115C,0,1.138313,0.17995290458202362,0.8033033013343811,0.3660660684108734
YJL200C,YOR219C,0,1.1380312,0.1798924058675766,0.8033033013343811,0.3662162125110626
YKR057W,YNL016W,0,1.1378801,0.17983193695545197,0.8033033013343811,0.36636635661125183
YJL178C,YOR180C,0,1.1375532,0.1797715127468109,0.8033033013343811,0.3665165305137634
YER098W,YPL002C,0,1.1372209,0.17971111834049225,0.8033033013343811,0.36666667461395264
YEL031W,YLR026C,0,1.1371113,0.17965076863765717,0.8033033013343811,0.36681681871414185
YMR089C,YLR380W,0,1.1370828,0.17959046363830566,0.8033033013343811,0.36696696281433105
YCR026C,YNL259C,0,1.1363827,0.17953020334243774,0.8033033013343811,0.36711710691452026
YDL047W,YPR006C,0,1.136225,0.1794699728488922,0.8033033013343811,0.36726728081703186
YBL112C,YLR224W,0,1.1357197,0.17940978705883026,0.8033033013343811,0.36741742491722107
YLR301W,YER190W,0,1.1355957,0.1793496459722519,0.8033033013343811,0.3675675690174103
YJR006W,YOR298W,0,1.1349812,0.1792895495891571,0.8033033013343811,0.3677177131175995
YHR030C,YPL274W,0,1.1349403,0.1792294830083847,0.8033033013343811,0.3678678572177887
YHR012W,YDR263C,0,1.1345358,0.1791694611310959,0.8033033013343811,0.3680180311203003
YDL061C,YLR224W,0,1.1338996,0.17910946905612946,0.8033033013343811,0.3681681752204895
YLR163C,YOR008C,0,1.1332,0.1790495365858078,0.8033033013343811,0.3683183193206787
YHR012W,YIL143C,0,1.1326084,0.17898963391780853,0.8033033013343811,0.3684684634208679
YOR304C-A,YJR028W,0,1.1317878,0.17892976105213165,0.8033033013343811,0.36861860752105713
YGL180W,YPR198W,0,1.1316078,0.17886994779109955,0.8033033013343811,0.3687687814235687
YHR056C,YBL092W,0,1.1312863,0.17881016433238983,0.8033033013343811,0.36891892552375793
YNL050C,YPL007C,0,1.1312455,0.1787504106760025,0.8033033013343811,0.36906906962394714
YGR199W,YDR262W,0,1.1309581,0.17869071662425995,0.8033033013343811,0.36921921372413635
YER050C,YNL084C,0,1.1303884,0.17863105237483978,0.8033033013343811,0.36936935782432556
YML058W-A,YOR230W,0,1.1300901,0.1785714328289032,0.8033033013343811,0.36951953172683716
YGR169C,YOL062C,0,1.1300576,0.178511843085289,0.8033033013343811,0.36966967582702637
YFR021W,YBR170C,0,1.1289043,0.1784522980451584,0.8033033013343811,0.3698198199272156
YIL095W,YBR276C,0,1.1286677,0.17839279770851135,0.8033033013343811,0.3699699640274048
YHR012W,YML032C,0,1.1277912,0.1783333271741867,0.8033033013343811,0.370120108127594
YJR005W,YDL128W,0,1.1277132,0.17827390134334564,0.8033033013343811,0.3702702820301056
YKR055W,YHR079C,0,1.1274798,0.17821452021598816,0.8033033013343811,0.3704204261302948
YKL165C,YNR013C,0,1.1270496,0.17815518379211426,0.8033033013343811,0.370570570230484
YAL033W,YPL163C,0,1.1263292,0.17809587717056274,0.8033033013343811,0.3707207143306732
YDR460W,YLL012W,0,1.1258148,0.17803660035133362,0.8033033013343811,0.3708708584308624
YGR199W,YJL103C,0,1.1257008,0.17797738313674927,0.8033033013343811,0.371021032333374
YPL002C,YBR274W,0,1.1249871,0.1779181957244873,0.8033033013343811,0.37117117643356323
YGR085C,YML030W,0,1.1247594,0.17785903811454773,0.8033033013343811,0.37132132053375244
YMR284W,YCL032W,0,1.1247392,0.17779994010925293,0.8033033013343811,0.37147146463394165
YOR388C,YBR238C,0,1.1246897,0.17774085700511932,0.8033033013343811,0.37162160873413086
YGR246C,YMR229C,0,1.1244967,0.1776818335056305,0.8033033013343811,0.37177178263664246
YOR243C,YDR476C,0,1.1243584,0.17762283980846405,0.8033033013343811,0.37192192673683167
YCL074W,YLR383W,0,1.1238167,0.1775638908147812,0.8033033013343811,0.3720720708370209
YMR172W,YDR262W,0,1.12378,0.17750497162342072,0.8033033013343811,0.3722222149372101
YBL068W,YHR168W,0,1.1235538,0.17744609713554382,0.8033033013343811,0.3723723590373993
YGR180C,YDL148C,0,1.1233861,0.1773872673511505,0.8033033013343811,0.3725225329399109
YNR003C,YKL094W,0,1.1232636,0.1773284673690796,0.8033033013343811,0.3726726770401001
YIL170W,YKL175W,0,1.1232178,0.17726971209049225,0.8033033013343811,0.3728228211402893
YMR182C,YBR202W,0,1.1231172,0.1772110015153885,0.8033033013343811,0.3729729652404785
YGL226C-A,YPR030W,0,1.1230584,0.17715232074260712,0.8033033013343811,0.3731231093406677
YJL030W,YGR089W,1,1.1225212,0.17742469906806946,0.804804801940918,0.3731231093406677
YEL029C,YBR061C,0,1.122328,0.1773659884929657,0.804804801940918,0.3732732832431793
YJL140W,YOR142W,0,1.1220078,0.17730730772018433,0.804804801940918,0.37342342734336853
YLR047C,YOR275C,0,1.1220028,0.17724867165088654,0.804804801940918,0.37357357144355774
YER098W,YPR187W,0,1.1218983,0.17719008028507233,0.804804801940918,0.37372371554374695
YDL121C,YGL019W,0,1.1215105,0.1771315336227417,0.804804801940918,0.37387385964393616
YDR164C,YLR033W,0,1.1214058,0.17707301676273346,0.804804801940918,0.37402403354644775
YCR087C-A,YPR091C,0,1.1209611,0.1770145297050476,0.804804801940918,0.37417417764663696
YDL202W,YMR273C,0,1.1205065,0.17695608735084534,0.804804801940918,0.37432432174682617
YKL001C,YCR055C,0,1.1204958,0.17689768970012665,0.804804801940918,0.3744744658470154
YJL030W,YPR135W,1,1.1198417,0.17716924846172333,0.8063063025474548,0.3744744658470154
YBR287W,YJL095W,0,1.1188221,0.17711082100868225,0.8063063025474548,0.3746246099472046
YNL297C,YGR199W,0,1.118705,0.17705242335796356,0.8063063025474548,0.3747747838497162
YIR032C,YMR240C,0,1.1176357,0.17699407041072845,0.8063063025474548,0.3749249279499054
YJL124C,YNL219C,0,1.1175598,0.17693574726581573,0.8063063025474548,0.3750750720500946
YOL102C,YBL011W,0,1.1173749,0.1768774688243866,0.8063063025474548,0.3752252161502838
YGR081C,YML071C,0,1.1171101,0.17681923508644104,0.8063063025474548,0.3753753900527954
YJL085W,YBR173C,0,1.1168875,0.17676103115081787,0.8063063025474548,0.3755255341529846
YOL145C,YAL031C,1,1.116824,0.17703191936016083,0.8078078031539917,0.3755255341529846
YPL094C,YOR239W,0,1.1165127,0.17697368562221527,0.8078078031539917,0.37567567825317383
YDR530C,YPR001W,0,1.1164656,0.1769154816865921,0.8078078031539917,0.37582582235336304
YHR030C,YEL056W,0,1.1163062,0.1768573373556137,0.8078078031539917,0.37597596645355225
YFL011W-A,YCL004W,0,1.1150024,0.1767992079257965,0.8078078031539917,0.37612614035606384
YHR047C,YPL127C,0,1.1149044,0.1767411231994629,0.8078078031539917,0.37627628445625305
YOR275C,YJR032W,0,1.1146548,0.17668308317661285,0.8078078031539917,0.37642642855644226
YOR159C,YOL053C-A,0,1.1145341,0.1766250878572464,0.8078078031539917,0.37657657265663147
YNL050C,YNR002C,0,1.1143494,0.17656712234020233,0.8078078031539917,0.3767267167568207
YMR169C,YOL093W,0,1.1141636,0.17650918662548065,0.8078078031539917,0.3768768906593323
YOL142W,YJR010W,0,1.1137335,0.17645129561424255,0.8078078031539917,0.3770270347595215
YGR180C,YBL092W,0,1.1136845,0.17639344930648804,0.8078078031539917,0.3771771788597107
YDR353W,YHR168W,0,1.1123725,0.1763356328010559,0.8078078031539917,0.3773273229598999
YJL034W,YMR097C,0,1.1121116,0.17627784609794617,0.8078078031539917,0.3774774670600891
YIL080W,YDL198C,0,1.1121085,0.17622010409832,0.8078078031539917,0.3776276409626007
YER087W,YMR114C,0,1.1114124,0.17616240680217743,0.8078078031539917,0.3777777850627899
YLR390W,YKR101W,0,1.1112384,0.17610473930835724,0.8078078031539917,0.3779279291629791
YLL034C,YNL080C,0,1.1108619,0.17604711651802063,0.8078078031539917,0.37807807326316833
YFR013W,YOR349W,0,1.1107446,0.1759895384311676,0.8078078031539917,0.37822821736335754
YGL237C,YLR330W,0,1.1106822,0.17593197524547577,0.8078078031539917,0.37837839126586914
YML112W,YDL045W-A,0,1.1106597,0.1758744716644287,0.8078078031539917,0.37852853536605835
YLR305C,YJR147W,0,1.1106052,0.17581699788570404,0.8078078031539917,0.37867867946624756
YHR069C,YER046W,0,1.1099702,0.17575955390930176,0.8078078031539917,0.37882882356643677
YMR038C,YGR276C,0,1.109855,0.17570215463638306,0.8078078031539917,0.378978967666626
YLR268W,YEL056W,0,1.1097257,0.17564480006694794,0.8078078031539917,0.3791291415691376
YDR137W,YDR262W,0,1.1092204,0.175587460398674,0.8078078031539917,0.3792792856693268
YGR264C,YIL042C,0,1.1091266,0.17553018033504486,0.8078078031539917,0.379429429769516
YKL064W,YDR207C,0,1.1091175,0.1754729300737381,0.8078078031539917,0.3795795738697052
YGL169W,YKR044W,0,1.1090455,0.17541570961475372,0.8078078031539917,0.3797297179698944
YDL059C,YOR232W,0,1.1085386,0.17535853385925293,0.8078078031539917,0.379879891872406
YOR274W,YKL001C,0,1.1082847,0.17530140280723572,0.8078078031539917,0.3800300359725952
YDR254W,YGR089W,1,1.1080209,0.1755700260400772,0.8093093037605286,0.3800300359725952
YLR224W,YPR043W,0,1.1077145,0.1755128651857376,0.8093093037605286,0.3801801800727844
YBL052C,YDR497C,0,1.1076936,0.1754557341337204,0.8093093037605286,0.38033032417297363
YGR251W,YFL013C,0,1.1074295,0.17539863288402557,0.8093093037605286,0.38048046827316284
YML099C,YDL045C,0,1.1069759,0.17534157633781433,0.8093093037605286,0.38063064217567444
YGR155W,YOR311C,0,1.1067619,0.17528454959392548,0.8093093037605286,0.38078078627586365
YIL139C,YFL038C,0,1.1064564,0.1752275675535202,0.8093093037605286,0.38093093037605286
YNL223W,YNL267W,0,1.1061769,0.17517061531543732,0.8093093037605286,0.38108107447624207
YGL062W,YPL119C,0,1.1056437,0.175113707780838,0.8093093037605286,0.3812312185764313
YLR197W,YBL091C-A,0,1.1054342,0.1750568300485611,0.8093093037605286,0.38138139247894287
YIL002C,YJR107W,0,1.105364,0.17499999701976776,0.8093093037605286,0.3815315365791321
YMR005W,YHR109W,0,1.1048715,0.17494319379329681,0.8093093037605286,0.3816816806793213
YJL191W,YCR011C,0,1.1045461,0.17488643527030945,0.8093093037605286,0.3818318247795105
YHR066W,YPR127W,0,1.1033655,0.17482970654964447,0.8093093037605286,0.3819819688796997
YNL178W,YBR128C,0,1.102731,0.17477302253246307,0.8093093037605286,0.3821321427822113
YCL043C,YBR031W,0,1.1027025,0.17471636831760406,0.8093093037605286,0.3822822868824005
YDR310C,YDR211W,0,1.10244,0.17465975880622864,0.8093093037605286,0.3824324309825897
YPL131W,YLR164W,0,1.1023252,0.1746031790971756,0.8093093037605286,0.38258257508277893
YLR386W,YOL053C-A,0,1.1021703,0.17454662919044495,0.8093093037605286,0.38273271918296814
YPL134C,YKL203C,0,1.1017337,0.17449012398719788,0.8093093037605286,0.38288289308547974
YKL126W,YDR090C,0,1.1000807,0.1744336634874344,0.8093093037605286,0.38303303718566895
YGL236C,YAL029C,0,1.0999471,0.1743772178888321,0.8093093037605286,0.38318318128585815
YBR187W,YKR068C,0,1.0997751,0.17432083189487457,0.8093093037605286,0.38333332538604736
YJL225C,YOR298W,0,1.0994325,0.17426446080207825,0.8093093037605286,0.3834834694862366
YKL119C,YDR222W,0,1.0978475,0.1742081493139267,0.8093093037605286,0.38363364338874817
YMR203W,YPR133W-A,0,1.097107,0.17415185272693634,0.8093093037605286,0.3837837874889374
YDL142C,YGL212W,0,1.096142,0.17409560084342957,0.8093093037605286,0.3839339315891266
YBR081C,YBR202W,0,1.0958806,0.17403939366340637,0.8093093037605286,0.3840840756893158
YGR167W,YAR031W,0,1.0957574,0.17398321628570557,0.8093093037605286,0.384234219789505
YOR106W,YJL103C,0,1.0956421,0.17392706871032715,0.8093093037605286,0.3843843936920166
YNL231C,YGL094C,0,1.0951469,0.1738709658384323,0.8093093037605286,0.3845345377922058
YBR075W,YDR218C,0,1.0948641,0.17381489276885986,0.8093093037605286,0.384684681892395
YOR323C,YKL094W,0,1.0948012,0.173758864402771,0.8093093037605286,0.38483482599258423
YKR071C,YJL030W,1,1.0936679,0.17402513325214386,0.8108108043670654,0.38483482599258423
YBL112C,YJL178C,0,1.0931867,0.1739690750837326,0.8108108043670654,0.38498497009277344
YLR295C,YNL117W,0,1.0931339,0.17391304671764374,0.8108108043670654,0.38513514399528503
YKL117W,YEL029C,0,1.0931214,0.17385704815387726,0.8108108043670654,0.38528528809547424
YFR018C,YIL079C,0,1.0925661,0.17380109429359436,0.8108108043670654,0.38543543219566345
YPL096W,YMR034C,0,1.0922252,0.17374517023563385,0.8108108043670654,0.38558557629585266
YER013W,YAL022C,0,1.0921638,0.17368929088115692,0.8108108043670654,0.38573575019836426
YMR272C,YOR393W,0,1.0920534,0.17363344132900238,0.8108108043670654,0.38588589429855347
YER165W,YHR119W,0,1.0920002,0.17357762157917023,0.8108108043670654,0.3860360383987427
YOR168W,YOR138C,0,1.0915089,0.17352184653282166,0.8108108043670654,0.3861861824989319
YNL160W,YNL304W,0,1.0914848,0.17346611618995667,0.8108108043670654,0.3863363265991211
YGR288W,YHR051W,0,1.0914482,0.17341040074825287,0.8108108043670654,0.3864865005016327
YMR218C,YML056C,0,1.091375,0.17335473001003265,0.8108108043670654,0.3866366446018219
YLR163C,YOL053C-A,0,1.0906972,0.17329910397529602,0.8108108043670654,0.3867867887020111
YDR527W,YDL140C,0,1.0905892,0.17324350774288177,0.8108108043670654,0.3869369328022003
YLR009W,YKL094W,0,1.0904987,0.17318794131278992,0.8108108043670654,0.3870870769023895
YOL026C,YER046W,0,1.0903718,0.17313241958618164,0.8108108043670654,0.3872372508049011
YKL009W,YMR114C,0,1.0901546,0.17307692766189575,0.8108108043670654,0.38738739490509033
YGL062W,YAR035W,0,1.0898331,0.17302146553993225,0.8108108043670654,0.38753753900527954
YLR329W,YAL038W,0,1.089183,0.17296604812145233,0.8108108043670654,0.38768768310546875
YER017C,YOR338W,0,1.0889168,0.1729106605052948,0.8108108043670654,0.38783782720565796
YNL192W,YJL006C,0,1.0879039,0.17285531759262085,0.8108108043670654,0.38798800110816956
YJL178C,YEL030W,0,1.087538,0.1728000044822693,0.8108108043670654,0.38813814520835876
YPR137W,YDR138W,0,1.0862124,0.1727447211742401,0.8108108043670654,0.388288289308548
YJL194W,YML039W,0,1.0859331,0.17268948256969452,0.8108108043670654,0.3884384334087372
YLR316C,YDL225W,0,1.0849507,0.1726342737674713,0.8108108043670654,0.3885885775089264
YLR165C,YPL244C,0,1.0849087,0.1725790947675705,0.8108108043670654,0.388738751411438
YPR149W,YMR229C,0,1.0847232,0.17252396047115326,0.8108108043670654,0.3888888955116272
YKL174C,YMR268W-A,0,1.0844121,0.1724688559770584,0.8108108043670654,0.3890390396118164
YNL271C,YMR284W,0,1.0843165,0.17241379618644714,0.8108108043670654,0.3891891837120056
YOR285W,YMR229C,0,1.0840971,0.17235876619815826,0.8108108043670654,0.3893393278121948
YDR131C,YPR200C,0,1.0837516,0.17230376601219177,0.8108108043670654,0.3894895017147064
YDR460W,YLR452C,0,1.0837102,0.17224881052970886,0.8108108043670654,0.38963964581489563
YOL045W,YFL017W-A,0,1.0821885,0.17219388484954834,0.8108108043670654,0.38978978991508484
YBR075W,YEL041W,0,1.0807656,0.1721389889717102,0.8108108043670654,0.38993993401527405
YKR071C,YDL028C,1,1.0796709,0.17240279912948608,0.8123123049736023,0.38993993401527405
YNR067C,YGR027C,0,1.079663,0.17234788835048676,0.8123123049736023,0.39009007811546326
YDL045W-A,YJL081C,0,1.0783067,0.17229299247264862,0.8123123049736023,0.39024025201797485
YNL232W,YEL053C,0,1.0780907,0.17223814129829407,0.8123123049736023,0.39039039611816406
YNL202W,YKR026C,0,1.0775467,0.1721833199262619,0.8123123049736023,0.39054054021835327
YPL180W,YJL029C,0,1.0773852,0.17212854325771332,0.8123123049736023,0.3906906843185425
YNL314W,YJL149W,0,1.0764561,0.17207379639148712,0.8123123049736023,0.3908408284187317
YBR002C,YOR304W,0,1.0762316,0.1720190793275833,0.8123123049736023,0.3909910023212433
YPR187W,YGR246C,0,1.0759281,0.1719643920660019,0.8123123049736023,0.3911411464214325
YDR233C,YGL233W,0,1.0757916,0.17190974950790405,0.8123123049736023,0.3912912905216217
YBL058W,YLR020C,0,1.0757748,0.1718551516532898,0.8123123049736023,0.3914414346218109
YFR045W,YIL035C,0,1.0756665,0.17180056869983673,0.8123123049736023,0.3915915787220001
YER008C,YFL010W-A,0,1.075515,0.17174603044986725,0.8123123049736023,0.3917417526245117
YML051W,YGR222W,0,1.0748053,0.17169152200222015,0.8123123049736023,0.3918918967247009
YKL200C,YDR429C,0,1.0746446,0.17163705825805664,0.8123123049736023,0.39204204082489014
YAL033W,YCL052C,0,1.0742456,0.17158262431621552,0.8123123049736023,0.39219218492507935
YIL134W,YCL003W,0,1.073915,0.17152822017669678,0.8123123049736023,0.39234232902526855
YGR144W,YDR164C,0,1.0739136,0.17147384583950043,0.8123123049736023,0.39249250292778015
YJL130C,YGL071W,0,1.0737851,0.17141951620578766,0.8123123049736023,0.39264264702796936
YKR071C,YLR321C,1,1.0724877,0.1716819703578949,0.8138138055801392,0.39264264702796936
YNL304W,YJL144W,0,1.072291,0.17162761092185974,0.8138138055801392,0.39279279112815857
YHR164C,YMR246W,0,1.0718888,0.17157328128814697,0.8138138055801392,0.3929429352283478
YBR223C,YJL029C,0,1.071598,0.1715189814567566,0.8138138055801392,0.393093079328537
YLL034C,YJL024C,0,1.070712,0.1714647263288498,0.8138138055801392,0.3932432532310486
YML097C,YCR026C,0,1.0706632,0.17141050100326538,0.8138138055801392,0.3933933973312378
YDR254W,YKL022C,1,1.0703652,0.17167246341705322,0.815315306186676,0.3933933973312378
YNL267W,YJL085W,0,1.0701818,0.17161820828914642,0.815315306186676,0.393543541431427
YHR164C,YHR005C-A,0,1.0693622,0.171563982963562,0.815315306186676,0.3936936855316162
YDR254W,YAL016W,1,1.0686827,0.17182564735412598,0.8168168067932129,0.3936936855316162
YDR527W,YLR278C,0,1.0686443,0.17177139222621918,0.8168168067932129,0.3938438296318054
YGL237C,YLR028C,0,1.0684876,0.17171716690063477,0.8168168067932129,0.393994003534317
YJR149W,YLR359W,0,1.0683537,0.17166298627853394,0.8168168067932129,0.3941441476345062
YML039W,YML132W,0,1.0680482,0.1716088354587555,0.8168168067932129,0.39429429173469543
YNL010W,YDR081C,0,1.0673581,0.17155471444129944,0.8168168067932129,0.39444443583488464
YNL044W,YER138C,0,1.0671303,0.17150062322616577,0.8168168067932129,0.39459457993507385
YGL004C,YLR348C,0,1.0670016,0.17144657671451569,0.8168168067932129,0.39474475383758545
YBR274W,YPR091C,0,1.0664849,0.171392560005188,0.8168168067932129,0.39489489793777466
YPR196W,YHR004C,0,1.0663425,0.17133858799934387,0.8168168067932129,0.39504504203796387
YDR405W,YNL050C,0,1.0658946,0.17128463089466095,0.8168168067932129,0.3951951861381531
YMR123W,YMR025W,0,1.065711,0.1712307184934616,0.8168168067932129,0.3953453600406647
YIL002C,YBR093C,0,1.0655985,0.17117683589458466,0.8168168067932129,0.3954955041408539
YOL045W,YNL302C,0,1.0652595,0.17112299799919128,0.8168168067932129,0.3956456482410431
YLR107W,YDR472W,0,1.0643299,0.1710691750049591,0.8168168067932129,0.3957957923412323
YGR085C,YML028W,0,1.0641605,0.1710153967142105,0.8168168067932129,0.3959459364414215
YJR138W,YPL223C,0,1.0640461,0.1709616631269455,0.8168168067932129,0.3960961103439331
YOR283W,YKL174C,0,1.0634792,0.17090794444084167,0.8168168067932129,0.3962462544441223
YBR125C,YNL163C,0,1.0626234,0.17085427045822144,0.8168168067932129,0.3963963985443115
YJL124C,YNR002C,0,1.0622185,0.17080062627792358,0.8168168067932129,0.39654654264450073
YIL094C,YHR058C,0,1.0618252,0.17074701189994812,0.8168168067932129,0.39669668674468994
YLR447C,YDL070W,0,1.0616505,0.17069344222545624,0.8168168067932129,0.39684686064720154
YOL165C,YNL239W,0,1.0613806,0.17063990235328674,0.8168168067932129,0.39699700474739075
YOR338W,YBL092W,0,1.0613755,0.17058639228343964,0.8168168067932129,0.39714714884757996
YJR004C,YOR378W,0,1.060803,0.17053291201591492,0.8168168067932129,0.39729729294776917
YDL142C,YDL074C,0,1.0605512,0.17047947645187378,0.8168168067932129,0.3974474370479584
YOR230W,YMR273C,0,1.0602726,0.17042607069015503,0.8168168067932129,0.39759761095046997
YGR032W,YER052C,0,1.0599792,0.17037269473075867,0.8168168067932129,0.3977477550506592
YDR254W,YGL190C,1,1.0599121,0.17063243687152863,0.8183183073997498,0.3977477550506592
YEL052W,YHR214C-B,0,1.0595644,0.17057903110980988,0.8183183073997498,0.3978978991508484
YNR002C,YPL093W,0,1.0592734,0.1705256551504135,0.8183183073997498,0.3980480432510376
YIL083C,YPR006C,0,1.0591697,0.17047232389450073,0.8183183073997498,0.3981981873512268
YDR138W,YJL095W,0,1.0590189,0.17041900753974915,0.8183183073997498,0.3983483612537384
YDL215C,YDL198C,0,1.058996,0.17036573588848114,0.8183183073997498,0.3984985053539276
YPL200W,YNL307C,1,1.0587039,0.1706250011920929,0.8198198080062866,0.3984985053539276
YMR276W,YDR226W,0,1.0582386,0.1705716997385025,0.8198198080062866,0.3986486494541168
YDL206W,YGR027C,0,1.0581895,0.1705184280872345,0.8198198080062866,0.39879879355430603
YPR001W,YPL113C,0,1.0581017,0.17046518623828888,0.8198198080062866,0.39894893765449524
YJL030W,YBL079W,1,1.0580373,0.17072409391403198,0.8213213086128235,0.39894893765449524
YFR013W,YMR061W,0,1.0575441,0.17067082226276398,0.8213213086128235,0.39909911155700684
YPR187W,YOR353C,0,1.0575179,0.17061759531497955,0.8213213086128235,0.39924925565719604
YKL126W,YGR144W,0,1.0573927,0.17056438326835632,0.8213213086128235,0.39939939975738525
YNL273W,YCL060C,1,1.0571511,0.17082294821739197,0.8228228092193604,0.39939939975738525
YLR285W,YLR154W-A,0,1.0560689,0.17076970636844635,0.8228228092193604,0.39954954385757446
YJR082C,YLR187W,0,1.0560489,0.17071650922298431,0.8228228092193604,0.39969968795776367
YKL003C,YLR164W,0,1.0557503,0.17066334187984467,0.8228228092193604,0.39984986186027527
YOL129W,YLR026C,0,1.0554982,0.1706102043390274,0.8228228092193604,0.4000000059604645
YPR026W,YHR041C,0,1.0548872,0.17055711150169373,0.8228228092193604,0.4001501500606537
YGL172W,YNL231C,0,1.0542256,0.17050404846668243,0.8228228092193604,0.4003002941608429
YIL132C,YCL060C,1,1.0537546,0.1707620471715927,0.8243243098258972,0.4003002941608429
YFR013W,YGR027C,0,1.0534158,0.17070895433425903,0.8243243098258972,0.4004504382610321
YOR310C,YOR292C,0,1.0534041,0.17065589129924774,0.8243243098258972,0.4006006121635437
YOR388C,YOL038W,0,1.0531002,0.17060285806655884,0.8243243098258972,0.4007507562637329
YOL124C,YLR154W-A,0,1.0527389,0.17054985463619232,0.8243243098258972,0.4009009003639221
YIL143C,YDR306C,0,1.0526909,0.1704968959093094,0.8243243098258972,0.40105104446411133
YMR054W,YKL001C,0,1.052375,0.17044396698474884,0.8243243098258972,0.40120118856430054
YJL030W,YNL307C,1,1.0523506,0.17070142924785614,0.8258258104324341,0.40120118856430054
YBR059C,YGL148W,0,1.0521556,0.1706484705209732,0.8258258104324341,0.40135136246681213
YPL078C,YGL203C,0,1.0521034,0.17059552669525146,0.8258258104324341,0.40150150656700134
YBR243C,YDR226W,0,1.052063,0.1705426424741745,0.8258258104324341,0.40165165066719055
YDR026C,YJR149W,0,1.0512584,0.17048977315425873,0.8258258104324341,0.40180179476737976
YDL121C,YKR066C,0,1.0509902,0.17043693363666534,0.8258258104324341,0.40195193886756897
YNR006W,YMR159C,0,1.0508617,0.17038413882255554,0.8258258104324341,0.40210211277008057
YER098W,YNR035C,0,1.0507921,0.17033137381076813,0.8258258104324341,0.4022522568702698
YLL045C,YDR261C-D,0,1.0500798,0.1702786386013031,0.8258258104324341,0.402402400970459
YHR030C,YNL084C,0,1.0499251,0.17022593319416046,0.8258258104324341,0.4025525450706482
YLL040C,YBR281C,0,1.0498443,0.1701732724905014,0.8258258104324341,0.4027026891708374
YMR284W,YNR057C,0,1.0494798,0.17012062668800354,0.8258258104324341,0.402852863073349
YNL307C,YNR010W,1,1.0484102,0.1703772395849228,0.827327311038971,0.402852863073349
YPR083W,YPL274W,0,1.0480413,0.17032457888126373,0.827327311038971,0.4030030071735382
YLL051C,YPL078C,0,1.0478978,0.17027194797992706,0.827327311038971,0.4031531512737274
YNL052W,YMR268W-A,0,1.0477369,0.1702193319797516,0.827327311038971,0.4033032953739166
YGR252W,YPL078C,0,1.0475497,0.1701667755842209,0.827327311038971,0.40345343947410583
YDR222W,YHR057C,0,1.0473337,0.17011423408985138,0.827327311038971,0.40360361337661743
YGL186C,YBR287W,0,1.0473092,0.17006172239780426,0.827327311038971,0.40375375747680664
YDR453C,YPL002C,0,1.0470583,0.17000925540924072,0.827327311038971,0.40390390157699585
YLR305C,YOR123C,0,1.0470556,0.16995681822299957,0.827327311038971,0.40405404567718506
YNL261W,YOR292C,0,1.046937,0.1699044108390808,0.827327311038971,0.40420418977737427
YBR120C,YMR238W,0,1.046715,0.16985203325748444,0.827327311038971,0.40435436367988586
YOR123C,YFL017W-A,0,1.0462781,0.16979968547821045,0.827327311038971,0.4045045077800751
YLR383W,YGL030W,0,1.0462689,0.16974738240242004,0.827327311038971,0.4046546518802643
YLL008W,YOR089C,0,1.0443742,0.16969510912895203,0.827327311038971,0.4048047959804535
YGL244W,YDR109C,0,1.0442691,0.1696428507566452,0.827327311038971,0.4049549400806427
YOR274W,YDR109C,0,1.0433328,0.16959063708782196,0.827327311038971,0.4051051139831543
YGR169C,YDR453C,0,1.0428731,0.1695384681224823,0.827327311038971,0.4052552580833435
YLR395C,YGR271W,0,1.0426751,0.16948631405830383,0.827327311038971,0.4054054021835327
YHR214C-B,YLR401C,0,1.0425382,0.16943418979644775,0.827327311038971,0.4055555462837219
YNL232W,YCL034W,0,1.0414716,0.16938211023807526,0.827327311038971,0.4057057201862335
YGR258C,YLR330W,0,1.040968,0.16933006048202515,0.827327311038971,0.40585586428642273
YER117W,YMR267W,0,1.040903,0.16927804052829742,0.827327311038971,0.40600600838661194
YPR035W,YOL158C,0,1.0407051,0.1692260503768921,0.827327311038971,0.40615615248680115
YBL079W,YDR260C,1,1.0405525,0.16948111355304718,0.8288288116455078,0.40615615248680115
YPL064C,YKL074C,0,1.040516,0.16942909359931946,0.8288288116455078,0.40630629658699036
YBR222C,YPL065W,0,1.0402676,0.16937710344791412,0.8288288116455078,0.40645647048950195
YGL226C-A,YCR055C,0,1.0401051,0.16932515799999237,0.8288288116455078,0.40660661458969116
YKL174C,YMR273C,0,1.0400683,0.1692732274532318,0.8288288116455078,0.40675675868988037
YPL127C,YPR001W,0,1.0395029,0.16922134160995483,0.8288288116455078,0.4069069027900696
YHR029C,YHL012W,0,1.0391718,0.16916947066783905,0.8288288116455078,0.4070570468902588
YBR183W,YHR079C,0,1.0383576,0.16911764442920685,0.8288288116455078,0.4072072207927704
YNL223W,YIL094C,0,1.0374993,0.16906584799289703,0.8288288116455078,0.4073573648929596
YDR497C,YDL077C,0,1.037374,0.1690140813589096,0.8288288116455078,0.4075075089931488
YPL218W,YCR026C,0,1.0372943,0.16896234452724457,0.8288288116455078,0.407657653093338
YPR137W,YDL077C,0,1.037252,0.1689106523990631,0.8288288116455078,0.4078077971935272
YJR149W,YNL080C,0,1.0371648,0.16885897517204285,0.8288288116455078,0.4079579710960388
YGR077C,YDR472W,0,1.0358142,0.16880734264850616,0.8288288116455078,0.408108115196228
YIL135C,YNL239W,0,1.0356084,0.16875572502613068,0.8288288116455078,0.40825825929641724
YJL112W,YML028W,0,1.0353457,0.16870415210723877,0.8288288116455078,0.40840840339660645
YPL094C,YHR061C,0,1.0353004,0.16865260899066925,0.8288288116455078,0.40855854749679565
YHR056C,YBL068W,0,1.0351162,0.16860109567642212,0.8288288116455078,0.40870872139930725
YDR527W,YLR016C,0,1.0350798,0.16854961216449738,0.8288288116455078,0.40885886549949646
YDR518W,YLR344W,0,1.0345595,0.1684981733560562,0.8288288116455078,0.40900900959968567
YKL013C,YOR251C,0,1.0336866,0.16844674944877625,0.8288288116455078,0.4091591536998749
YDR411C,YCR002C,0,1.03349,0.16839537024497986,0.8288288116455078,0.4093092978000641
YJL112W,YOR230W,0,1.0329746,0.16834400594234467,0.8288288116455078,0.4094594717025757
YDL198C,YDR392W,0,1.0326735,0.16829268634319305,0.8288288116455078,0.4096096158027649
YGR145W,YFL021W,0,1.0323185,0.16824139654636383,0.8288288116455078,0.4097597599029541
YMR008C,YMR268W-A,0,1.0320854,0.1681901216506958,0.8288288116455078,0.4099099040031433
YMR137C,YDR496C,0,1.0303335,0.16813889145851135,0.8288288116455078,0.4100600481033325
YKR102W,YHR109W,0,1.0301125,0.1680876910686493,0.8288288116455078,0.4102102220058441
YGR180C,YJR036C,0,1.0292647,0.1680365353822708,0.8288288116455078,0.4103603661060333
YGR105W,YOL004W,0,1.0290571,0.16798539459705353,0.8288288116455078,0.41051051020622253
YMR228W,YBL091C-A,0,1.0290275,0.16793428361415863,0.8288288116455078,0.41066065430641174
YDR245W,YEL041W,0,1.0274029,0.16788321733474731,0.8288288116455078,0.41081079840660095
YKR071C,YDR285W,1,1.0270597,0.16813620924949646,0.8303303122520447,0.41081079840660095
YML109W,YDR508C,0,1.0269972,0.16808511316776276,0.8303303122520447,0.41096097230911255
YKL013C,YNL147W,0,1.026905,0.16803403198719025,0.8303303122520447,0.41111111640930176
YPL244C,YOR123C,0,1.0266699,0.16798299551010132,0.8303303122520447,0.41126126050949097
YMR241W,YIL076W,0,1.0266157,0.16793197393417358,0.8303303122520447,0.4114114046096802
YDR530C,YMR137C,0,1.0265763,0.16788099706172943,0.8303303122520447,0.4115615487098694
YOL165C,YNL138W,0,1.0262403,0.16783004999160767,0.8303303122520447,0.411711722612381
YIL002C,YNL232W,0,1.0261413,0.1677791327238083,0.8303303122520447,0.4118618667125702
YNL231C,YIL170W,0,1.0261245,0.1677282303571701,0.8303303122520447,0.4120120108127594
YGR052W,YMR321C,0,1.0254332,0.1676773875951767,0.8303303122520447,0.4121621549129486
YPL167C,YKL175W,0,1.0251298,0.16762655973434448,0.8303303122520447,0.4123122990131378
YKR019C,YOR138C,0,1.0246655,0.16757576167583466,0.8303303122520447,0.4124624729156494
YNL223W,YEL053C,0,1.0246284,0.16752499341964722,0.8303303122520447,0.4126126170158386
YML058W-A,YFL013C,0,1.0246269,0.16747425496578217,0.8303303122520447,0.41276276111602783
YDR144C,YDR351W,0,1.0245565,0.1674235612154007,0.8303303122520447,0.41291290521621704
YGR238C,YMR321C,0,1.0244305,0.16737288236618042,0.8303303122520447,0.41306304931640625
YCL018W,YBR172C,0,1.0243722,0.16732223331928253,0.8303303122520447,0.41321322321891785
YDR030C,YOR310C,0,1.0236965,0.16727162897586823,0.8303303122520447,0.41336336731910706
YDL036C,YBR145W,0,1.0230916,0.1672210395336151,0.8303303122520447,0.41351351141929626
YGR282C,YER052C,0,1.0228143,0.16717049479484558,0.8303303122520447,0.4136636555194855
YIL135C,YDR449C,0,1.022723,0.16711997985839844,0.8303303122520447,0.4138137996196747
YPL188W,YOR338W,0,1.0218427,0.1670694798231125,0.8303303122520447,0.4139639735221863
YIL046W,YBR093C,0,1.0207548,0.16701902449131012,0.8303303122520447,0.4141141176223755
YOL010W,YDR419W,0,1.0204734,0.16696859896183014,0.8303303122520447,0.4142642617225647
YDL039C,YJL213W,0,1.0193822,0.16691820323467255,0.8303303122520447,0.4144144058227539
YOR287C,YDR392W,0,1.0183475,0.16686783730983734,0.8303303122520447,0.4145645499229431
YOL004W,YEL041W,0,1.0178641,0.16681750118732452,0.8303303122520447,0.4147147238254547
YKL217W,YFL011W-A,0,1.0177141,0.1667671948671341,0.8303303122520447,0.4148648679256439
YNR044W,YOR008C,0,1.0177007,0.16671691834926605,0.8303303122520447,0.41501501202583313
YMR276W,YNL160W,0,1.0175153,0.1666666716337204,0.8303303122520447,0.41516515612602234
YOR099W,YER104W,0,1.0169413,0.16661645472049713,0.8303303122520447,0.41531533002853394
YMR077C,YHR135C,0,1.0164071,0.16656626760959625,0.8303303122520447,0.41546547412872314
YMR180C,YFL035C,0,1.01588,0.16651611030101776,0.8303303122520447,0.41561561822891235
YOL165C,YPL113C,0,1.0155905,0.16646598279476166,0.8303303122520447,0.41576576232910156
YOR298W,YBR222C,0,1.0147918,0.16641588509082794,0.8303303122520447,0.41591590642929077
YPL042C,YJL206C,0,1.0143036,0.1663658171892166,0.8303303122520447,0.41606608033180237
YBL005W-B,YPL050C,0,1.0142038,0.16631579399108887,0.8303303122520447,0.4162162244319916
YIL002C,YMR241W,0,1.0139463,0.16626578569412231,0.8303303122520447,0.4163663685321808
YPL163C,YDR497C,0,1.013,0.16621580719947815,0.8303303122520447,0.41651651263237
YLR107W,YKL003C,0,1.0128181,0.16616585850715637,0.8303303122520447,0.4166666567325592
YHR069C,YPL163C,0,1.0124433,0.16611595451831818,0.8303303122520447,0.4168168306350708
YKR008W,YML006C,0,1.0123452,0.16606606543064117,0.8303303122520447,0.41696697473526
YDL045W-A,YBL085W,0,1.0119281,0.16601620614528656,0.8303303122520447,0.4171171188354492
YJR006W,YLR285W,0,1.0116868,0.16596639156341553,0.8303303122520447,0.4172672629356384
YKL041W,YPL050C,0,1.0116563,0.1659165918827057,0.8303303122520447,0.41741740703582764
YHR060W,YMR173W,0,1.0113219,0.16586682200431824,0.8303303122520447,0.41756758093833923
YPL274W,YOR251C,0,1.0111175,0.16581709682941437,0.8303303122520447,0.41771772503852844
YMR241W,YDL029W,0,1.0109951,0.1657673865556717,0.8303303122520447,0.41786786913871765
YJL225C,YJL214W,0,1.0109949,0.1657177060842514,0.8303303122520447,0.41801801323890686
YIL021W,YLR016C,0,1.0109909,0.1656680703163147,0.8303303122520447,0.41816815733909607
YFL066C,YOR324C,0,1.0107512,0.16561844944953918,0.8303303122520447,0.41831833124160767
YDR146C,YER137C,0,1.0105613,0.16556885838508606,0.8303303122520447,0.4184684753417969
YDR254W,YAL031C,1,1.0104834,0.16581861674785614,0.8318318128585815,0.4184684753417969
YNR074C,YGR177C,0,1.0101002,0.16576899588108063,0.8318318128585815,0.4186186194419861
YDR196C,YFL014W,0,1.0099312,0.1657194197177887,0.8318318128585815,0.4187687635421753
YCL074W,YDR218C,0,1.0099144,0.16566985845565796,0.8318318128585815,0.4189189076423645
YEL022W,YDR449C,0,1.0098054,0.1656203269958496,0.8318318128585815,0.4190690815448761
YJR057W,YCR012W,0,1.0079669,0.16557082533836365,0.8318318128585815,0.4192192256450653
YBR075W,YMR025W,0,1.0076798,0.16552136838436127,0.8318318128585815,0.4193693697452545
YER150W,YKL130C,0,1.0064812,0.16547192633152008,0.8318318128585815,0.4195195138454437
YNR057C,YMR267W,0,1.006476,0.16542251408100128,0.8318318128585815,0.41966965794563293
YDR527W,YKL067W,0,1.0063573,0.16537313163280487,0.8318318128585815,0.41981983184814453
YJR107W,YNL110C,0,1.0062019,0.16532377898693085,0.8318318128585815,0.41996997594833374
YDR453C,YML073C,0,1.0059607,0.1652744561433792,0.8318318128585815,0.42012012004852295
YGL051W,YDR444W,0,1.0058423,0.16522517800331116,0.8318318128585815,0.42027026414871216
YPL200W,YBL079W,1,1.0053782,0.1654740571975708,0.8333333134651184,0.42027026414871216
YKL144C,YIL042C,0,1.0046558,0.16542473435401917,0.8333333134651184,0.42042040824890137
YMR238W,YLR429W,0,1.0045896,0.16537544131278992,0.8333333134651184,0.42057058215141296
YKL161C,YLR073C,0,1.0044723,0.16532617807388306,0.8333333134651184,0.4207207262516022
YNL314W,YDR261W-A,0,1.0039564,0.16527694463729858,0.8333333134651184,0.4208708703517914
YGL083W,YBR093C,0,1.0039456,0.1652277410030365,0.8333333134651184,0.4210210144519806
YBL005W-B,YKR056W,0,1.0039035,0.1651785671710968,0.8333333134651184,0.4211711585521698
YFL011W-A,YKL009W,0,1.0036234,0.1651294231414795,0.8333333134651184,0.4213213324546814
YDR196C,YLL045C,0,1.0035496,0.16508030891418457,0.8333333134651184,0.4214714765548706
YKR054C,YDR260C,1,1.0034646,0.16532857716083527,0.8348348140716553,0.4214714765548706
YOR283W,YBR095C,0,1.0030842,0.16527943313121796,0.8348348140716553,0.4216216206550598
YIL061C,YML030W,0,1.0030766,0.16523031890392303,0.8348348140716553,0.421771764755249
YDL061C,YML099C,0,1.002809,0.1651812195777893,0.8348348140716553,0.42192190885543823
YLR264W,YDR222W,0,1.0025024,0.16513216495513916,0.8348348140716553,0.42207208275794983
YFR029W,YBR172C,0,1.002278,0.1650831401348114,0.8348348140716553,0.42222222685813904
YHR047C,YJR083C,0,1.0017296,0.16503413021564484,0.8348348140716553,0.42237237095832825
YGR177C,YGR070W,0,1.0016629,0.16498516499996185,0.8348348140716553,0.42252251505851746
YLR227W-B,YBL068W,0,1.0014594,0.16493621468544006,0.8348348140716553,0.42267265915870667
YKL200C,YKR069W,0,1.0012691,0.16488730907440186,0.8348348140716553,0.42282283306121826
YMR227C,YPL259C,0,1.0010009,0.16483841836452484,0.8348348140716553,0.42297297716140747
YIL139C,YIL035C,0,1.000257,0.1647895723581314,0.8348348140716553,0.4231231212615967
YMR176W,YKR102W,0,1.0000594,0.16474074125289917,0.8348348140716553,0.4232732653617859
YJR057W,YLR043C,0,0.9993838,0.16469193994998932,0.8348348140716553,0.4234234094619751
YOR353C,YJL006C,0,0.99851996,0.16464316844940186,0.8348348140716553,0.4235735833644867
YEL022W,YIR032C,0,0.9984398,0.16459444165229797,0.8348348140716553,0.4237237274646759
YPR189W,YDR196C,0,0.9981756,0.16454572975635529,0.8348348140716553,0.4238738715648651
YPR189W,YCR011C,0,0.99780184,0.16449704766273499,0.8348348140716553,0.4240240156650543
YER046W,YLR050C,0,0.9977049,0.16444839537143707,0.8348348140716553,0.42417415976524353
YGR113W,YGR089W,1,0.99759334,0.16469544172286987,0.8363363146781921,0.42417415976524353
YIL139C,YML052W,0,0.99711066,0.16464675962924957,0.8363363146781921,0.4243243336677551
YJR004C,YNL095C,0,0.99653745,0.16459810733795166,0.8363363146781921,0.42447447776794434
YHR066W,YFL001W,0,0.99636644,0.16454948484897614,0.8363363146781921,0.42462462186813354
YNL273W,YNL307C,1,0.9954519,0.16479621827602386,0.837837815284729,0.42462462186813354
YBR129C,YEL056W,0,0.9945125,0.16474756598472595,0.837837815284729,0.42477476596832275
YGL209W,YJL214W,0,0.9942113,0.16469894349575043,0.837837815284729,0.42492491006851196
YDR371W,YLR182W,0,0.9940405,0.1646503359079361,0.837837815284729,0.42507508397102356
YLR203C,YGL019W,0,0.9940185,0.16460177302360535,0.837837815284729,0.42522522807121277
YGL186C,YAL063C,0,0.9934713,0.1645532250404358,0.837837815284729,0.425375372171402
YMR123W,YJR107W,0,0.9934698,0.16450472176074982,0.837837815284729,0.4255255162715912
YLL061W,YNR028W,0,0.9933036,0.16445623338222504,0.837837815284729,0.4256756901741028
YLR401C,YJR140C,0,0.99248755,0.16440777480602264,0.837837815284729,0.425825834274292
YKR071C,YOL145C,1,0.99224573,0.16465389728546143,0.8393393158912659,0.425825834274292
YDR499W,YJR026W,0,0.9915347,0.16460542380809784,0.8393393158912659,0.4259759783744812
YJL114W,YBR074W,0,0.9907694,0.16455696523189545,0.8393393158912659,0.4261261224746704
YMR321C,YDR218C,0,0.99066633,0.16450853645801544,0.8393393158912659,0.4262762665748596
YNL010W,YGR171C,0,0.9902802,0.16446013748645782,0.8393393158912659,0.4264264404773712
YBR115C,YDR392W,0,0.9900567,0.1644117683172226,0.8393393158912659,0.4265765845775604
YMR038C,YGL046W,0,0.98984396,0.16436342895030975,0.8393393158912659,0.42672672867774963
YCR014C,YOR251C,0,0.989726,0.1643151044845581,0.8393393158912659,0.42687687277793884
YMR046C,YDR195W,0,0.9896711,0.16426682472229004,0.8393393158912659,0.42702701687812805
YKL103C,YDR205W,0,0.98938674,0.16421855986118317,0.8393393158912659,0.42717719078063965
YIR011C,YAL031C,1,0.9893797,0.16446402668952942,0.8408408164978027,0.42717719078063965
YMR296C,YBL034C,0,0.98890907,0.16441573202610016,0.8408408164978027,0.42732733488082886
YJL114W,YBR202W,0,0.988415,0.16436748206615448,0.8408408164978027,0.42747747898101807
YOL124C,YDL140C,0,0.98796445,0.16431924700737,0.8408408164978027,0.4276276230812073
YPR011C,YMR046C,0,0.98711807,0.1642710417509079,0.8408408164978027,0.4277777671813965
YPR024W,YMR276W,0,0.9869295,0.16422288119792938,0.8408408164978027,0.4279279410839081
YOR378W,YBR222C,0,0.9866787,0.16417473554611206,0.8408408164978027,0.4280780851840973
YLR353W,YGL037C,0,0.9866749,0.16412660479545593,0.8408408164978027,0.4282282292842865
YOR142W-B,YJR028W,0,0.9866236,0.1640785187482834,0.8408408164978027,0.4283783733844757
YMR137C,YPR159W,0,0.9863765,0.16403046250343323,0.8408408164978027,0.4285285174846649
YGR085C,YIL135C,0,0.98557746,0.16398243606090546,0.8408408164978027,0.4286786913871765
YAL024C,YJR133W,0,0.9855593,0.16393442451953888,0.8408408164978027,0.4288288354873657
YPL139C,YOL043C,0,0.984487,0.1638864427804947,0.8408408164978027,0.42897897958755493
YDR411C,YJL213W,0,0.9844463,0.16383850574493408,0.8408408164978027,0.42912912368774414
YPR190C,YLR350W,0,0.9843999,0.16379058361053467,0.8408408164978027,0.42927926778793335
YPR072W,YBR061C,0,0.98407555,0.16374269127845764,0.8408408164978027,0.42942944169044495
YCL074W,YLL040C,0,0.98401266,0.163694828748703,0.8408408164978027,0.42957958579063416
YML032C,YOR230W,0,0.98382777,0.16364699602127075,0.8408408164978027,0.42972972989082336
YNR072W,YBR010W,0,0.9836577,0.1635991781949997,0.8408408164978027,0.4298798739910126
YNR057C,YPL273W,0,0.98293936,0.16355140507221222,0.8408408164978027,0.4300300180912018
YOR291W,YER098W,0,0.9828288,0.16350364685058594,0.8408408164978027,0.4301801919937134
YNL232W,YCR012W,0,0.98270255,0.16345591843128204,0.8408408164978027,0.4303303360939026
YDL198C,YDR416W,0,0.98268455,0.16340823471546173,0.8408408164978027,0.4304804801940918
YPR162C,YOR261C,0,0.9826774,0.1633605659008026,0.8408408164978027,0.430630624294281
YGL256W,YER087W,0,0.9823099,0.1633129119873047,0.8408408164978027,0.4307807683944702
YCR093W,YGL226C-A,0,0.9817978,0.16326530277729034,0.8408408164978027,0.4309309422969818
YIL020C,YNL175C,0,0.9817808,0.1632177233695984,0.8408408164978027,0.431081086397171
YMR176W,YIL076W,0,0.9816984,0.16317015886306763,0.8408408164978027,0.43123123049736023
YOL101C,YJL006C,0,0.9815693,0.16312263906002045,0.8408408164978027,0.43138137459754944
YNL073W,YNL084C,0,0.9811712,0.16307513415813446,0.8408408164978027,0.43153151869773865
YJL030W,YKL022C,1,0.9808785,0.16331878304481506,0.8423423171043396,0.43153151869773865
YJL087C,YMR315W,0,0.9804893,0.1632712483406067,0.8423423171043396,0.43168169260025024
YMR146C,YHR056C,0,0.9801521,0.1632237434387207,0.8423423171043396,0.43183183670043945
YER103W,YNL182C,0,0.97934234,0.1631762683391571,0.8423423171043396,0.43198198080062866
YCR011C,YER087C-B,0,0.9791641,0.1631288230419159,0.8423423171043396,0.43213212490081787
YML071C,YBR080C,0,0.9791593,0.16308139264583588,0.8423423171043396,0.4322822690010071
YPR024W,YJR133W,0,0.9790621,0.16303400695323944,0.8423423171043396,0.4324324429035187
YDR083W,YPL119C,0,0.97870326,0.1629866361618042,0.8423423171043396,0.4325825870037079
YKL203C,YBL098W,0,0.97837645,0.16293929517269135,0.8423423171043396,0.4327327311038971
YJR021C,YLR020C,0,0.9781659,0.16289198398590088,0.8423423171043396,0.4328828752040863
YLR080W,YLR154W-A,0,0.9780938,0.1628447026014328,0.8423423171043396,0.4330330193042755
YOR251C,YLL027W,0,0.97789687,0.1627974510192871,0.8423423171043396,0.4331831932067871
YKL041W,YDL170W,0,0.977815,0.1627502143383026,0.8423423171043396,0.4333333373069763
YKL097W-A,YPR030W,0,0.97736585,0.1627030223608017,0.8423423171043396,0.4334834814071655
YMR159C,YFR052W,0,0.97668636,0.16265584528446198,0.8423423171043396,0.43363362550735474
YDR389W,YCR097WB,0,0.97662675,0.16260869801044464,0.8423423171043396,0.43378376960754395
YCL074W,YDR173C,0,0.97648865,0.1625615805387497,0.8423423171043396,0.43393394351005554
YCL036W,YER101C,0,0.9763084,0.16251447796821594,0.8423423171043396,0.43408408761024475
YNL238W,YNL219C,0,0.97607845,0.16246742010116577,0.8423423171043396,0.43423423171043396
YNL026W,YNL219C,0,0.97591984,0.1624203771352768,0.8423423171043396,0.43438437581062317
YPL183W-A,YJL171C,0,0.975915,0.1623733788728714,0.8423423171043396,0.4345345199108124
YDR196C,YMR090W,0,0.9756039,0.1623263955116272,0.8423423171043396,0.434684693813324
YKL041W,YHR069C,0,0.9751473,0.1622794270515442,0.8423423171043396,0.4348348379135132
YNL307C,YNL262W,1,0.9751248,0.16252169013023376,0.8438438177108765,0.4348348379135132
YLR009W,YER087W,0,0.9748507,0.16247470676898956,0.8438438177108765,0.4349849820137024
YKR057W,YDR508C,0,0.97411174,0.16242773830890656,0.8438438177108765,0.4351351261138916
YOR340C,YEL056W,0,0.9738501,0.16238081455230713,0.8438438177108765,0.4352853000164032
YOL026C,YJL006C,0,0.97376204,0.1623339056968689,0.8438438177108765,0.4354354441165924
YMR013C,YKL064W,0,0.97327876,0.16228704154491425,0.8438438177108765,0.4355855882167816
YAL031C,YGL190C,1,0.97301143,0.1625288724899292,0.8453453183174133,0.4355855882167816
YLR395C,YNR021W,0,0.9726858,0.16248196363449097,0.8453453183174133,0.4357357323169708
YNL335W,YNR002C,0,0.9723982,0.16243508458137512,0.8453453183174133,0.43588587641716003
YDR304C,YDR138W,0,0.9722703,0.16238823533058167,0.8453453183174133,0.43603605031967163
YNL314W,YLL045C,0,0.97218144,0.1623414009809494,0.8453453183174133,0.43618619441986084
YHR004C,YBR093C,0,0.97207,0.16229461133480072,0.8453453183174133,0.43633633852005005
YGL103W,YOR162C,0,0.9714648,0.16224783658981323,0.8453453183174133,0.43648648262023926
YDR285W,YNR010W,1,0.97137976,0.16248919069766998,0.8468468189239502,0.43648648262023926
YOR212W,YJL149W,0,0.97099733,0.1624424010515213,0.8468468189239502,0.43663662672042847
YDR260C,YGL190C,1,0.97077084,0.16268356144428253,0.8483483195304871,0.43663662672042847
YMR268W-A,YPL208W,0,0.97030604,0.16263672709465027,0.8483483195304871,0.43678680062294006
YDR261C-D,YGR185C,0,0.9702161,0.1625899225473404,0.8483483195304871,0.4369369447231293
YJR149W,YFR052W,0,0.9693225,0.1625431478023529,0.8483483195304871,0.4370870888233185
YDR211W,YJR130C,0,0.9690615,0.1624964028596878,0.8483483195304871,0.4372372329235077
YDL061C,YDR332W,0,0.9689862,0.1624496877193451,0.8483483195304871,0.4373873770236969
YKR054C,YCL060C,1,0.96709514,0.1626904308795929,0.8498498201370239,0.4373873770236969
YHR059W,YGR229C,0,0.9670686,0.1626436710357666,0.8498498201370239,0.4375375509262085
YIL108W,YDR457W,0,0.96696234,0.1625969558954239,0.8498498201370239,0.4376876950263977
YGR175C,YLR256W-A,0,0.96685994,0.16255025565624237,0.8498498201370239,0.4378378391265869
YDR079W,YGL172W,0,0.9664805,0.16250358521938324,0.8498498201370239,0.4379879832267761
YNL010W,YDL216C,0,0.9660379,0.1624569445848465,0.8498498201370239,0.43813812732696533
YFL010W-A,YDL225W,0,0.9648723,0.16241033375263214,0.8498498201370239,0.43828830122947693
YDR196C,YNR028W,0,0.96470183,0.16236373782157898,0.8498498201370239,0.43843844532966614
YLR394W,YNL307C,1,0.96450156,0.162603959441185,0.8513513803482056,0.43843844532966614
YNL117W,YJR130C,0,0.9642951,0.16255733370780945,0.8513513803482056,0.43858858942985535
YGR113W,YDR260C,1,0.9626429,0.16279736161231995,0.8528528809547424,0.43858858942985535
YDL142C,YGR185C,0,0.9625844,0.1627507209777832,0.8528528809547424,0.43873873353004456
YBR260C,YLR025W,0,0.96255577,0.16270409524440765,0.8528528809547424,0.43888887763023376
YLL003W,YLR391W-A,0,0.9620137,0.1626574993133545,0.8528528809547424,0.43903905153274536
YGR238C,YOL101C,0,0.9619998,0.16261093318462372,0.8528528809547424,0.43918919563293457
YPL213W,YDR076W,0,0.9611224,0.16256439685821533,0.8528528809547424,0.4393393397331238
YGL237C,YNL122C,0,0.9610942,0.16251787543296814,0.8528528809547424,0.439489483833313
YLR404W,YPL050C,0,0.9607009,0.16247139871120453,0.8528528809547424,0.4396396279335022
YFL066C,YER019C-A,0,0.9602593,0.1624249368906021,0.8528528809547424,0.4397898018360138
YDR404C,YDR508C,0,0.96002865,0.16237850487232208,0.8528528809547424,0.439939945936203
YER017C,YML039W,0,0.95969224,0.16233208775520325,0.8528528809547424,0.4400900900363922
YBR238C,YML128C,0,0.9594063,0.162285715341568,0.8528528809547424,0.4402402341365814
YDR079W,YFL011W-A,0,0.95940197,0.16223935782909393,0.8528528809547424,0.44039037823677063
YML052W,YIR032C,0,0.959343,0.16219303011894226,0.8528528809547424,0.4405405521392822
YOR343W-B,YPL244C,0,0.9592722,0.16214673221111298,0.8528528809547424,0.44069069623947144
YML112W,YBR067C,0,0.9589348,0.16210044920444489,0.8528528809547424,0.44084084033966064
YIL002C,YLR314C,0,0.95887476,0.16205421090126038,0.8528528809547424,0.44099098443984985
YJR004C,YER019C-A,0,0.9588692,0.16200798749923706,0.8528528809547424,0.44114112854003906
YMR180C,YER190W,0,0.95877177,0.16196179389953613,0.8528528809547424,0.44129130244255066
YBR111W-A,YCR097WB,0,0.9584865,0.1619156152009964,0.8528528809547424,0.44144144654273987
YPR113W,YDR140W,0,0.958388,0.16186948120594025,0.8528528809547424,0.4415915906429291
YKR006C,YER104W,0,0.9577314,0.1618233621120453,0.8528528809547424,0.4417417347431183
YLR208W,YMR267W,0,0.95771855,0.16177727282047272,0.8528528809547424,0.4418918788433075
YKL067W,YNR002C,0,0.95729524,0.16173121333122253,0.8528528809547424,0.4420420527458191
YOR204W,YCR097WB,0,0.9571793,0.16168516874313354,0.8528528809547424,0.4421921968460083
YDR174W,YGL051W,0,0.9567271,0.16163915395736694,0.8528528809547424,0.4423423409461975
YHR175W,YBR074W,0,0.9565893,0.16159316897392273,0.8528528809547424,0.4424924850463867
YJR070C,YGR012W,0,0.9565159,0.1615472137928009,0.8528528809547424,0.4426426291465759
YIL002C,YMR115W,0,0.9563224,0.16150127351284027,0.8528528809547424,0.4427928030490875
YGL225W,YBR095C,0,0.9562224,0.16145537793636322,0.8528528809547424,0.44294294714927673
YPR189W,YOL082W,0,0.95620304,0.16140949726104736,0.8528528809547424,0.44309309124946594
YGL186C,YBL112C,0,0.9561695,0.1613636314868927,0.8528528809547424,0.44324323534965515
YGR105W,YML036W,0,0.9560812,0.16131781041622162,0.8528528809547424,0.44339337944984436
YLR394W,YCL060C,1,0.9557192,0.1615559309720993,0.8543543815612793,0.44339337944984436
YML051W,YJR082C,0,0.9554292,0.16151008009910583,0.8543543815612793,0.44354355335235596
YMR054W,YMR308C,0,0.9553544,0.16146424412727356,0.8543543815612793,0.44369369745254517
YLR103C,YKL067W,0,0.95478845,0.16141843795776367,0.8543543815612793,0.4438438415527344
YJL200C,YAL017W,0,0.9547668,0.16137266159057617,0.8543543815612793,0.4439939856529236
YDR332W,YNL080C,0,0.9547285,0.16132690012454987,0.8543543815612793,0.4441441297531128
YER008C,YOL102C,0,0.95427245,0.16128118336200714,0.8543543815612793,0.4442943036556244
YPL131W,YLR410W-A,0,0.954238,0.1612354815006256,0.8543543815612793,0.4444444477558136
YDR383C,YDR497C,0,0.95417804,0.16118979454040527,0.8543543815612793,0.4445945918560028
YPL276W,YER175C,0,0.95398885,0.16114415228366852,0.8543543815612793,0.444744735956192
YOR142W-A,YJL192C,0,0.95343536,0.16109852492809296,0.8543543815612793,0.4448948800563812
YMR321C,YOR142W-A,0,0.95285183,0.16105292737483978,0.8543543815612793,0.4450450539588928
YBR002C,YBL026W,0,0.9521466,0.161007359623909,0.8543543815612793,0.44519519805908203
YJL012C-A,YOR219C,0,0.9511712,0.1609618067741394,0.8543543815612793,0.44534534215927124
YER175C,YGL220W,0,0.95108247,0.1609162837266922,0.8543543815612793,0.44549548625946045
YEL031W,YMR267W,0,0.9507397,0.16087079048156738,0.8543543815612793,0.44564566016197205
YJR107W,YJR101W,0,0.95058304,0.16082532703876495,0.8543543815612793,0.44579580426216125
YPR137C-A,YLL041C,0,0.95044416,0.16077987849712372,0.8543543815612793,0.44594594836235046
YNL027W,YDR281C,0,0.95025885,0.16073445975780487,0.8543543815612793,0.4460960924625397
YJR107W,YOR327C,0,0.9502466,0.1606890708208084,0.8543543815612793,0.4462462365627289
YEL053C,YAL029C,0,0.9501097,0.16064369678497314,0.8543543815612793,0.4463964104652405
YDR405W,YKL174C,0,0.9498231,0.16059836745262146,0.8543543815612793,0.4465465545654297
YCR080W,YDR229W,0,0.9495983,0.16055305302143097,0.8543543815612793,0.4466966986656189
YNL138W-A,YJL071W,0,0.94944483,0.16050775349140167,0.8543543815612793,0.4468468427658081
YBR238C,YOR353C,0,0.94931334,0.16046249866485596,0.8543543815612793,0.4469969868659973
YDR285W,YCL060C,1,0.9491708,0.16069918870925903,0.8558558821678162,0.4469969868659973
YFL066C,YOR222W,0,0.94906366,0.16065388917922974,0.8558558821678162,0.4471471607685089
YOR292C,YLR264W,0,0.9482808,0.16060861945152283,0.8558558821678162,0.4472973048686981
YJL166W,YJL012C-A,0,0.9473849,0.1605633795261383,0.8558558821678162,0.44744744896888733
YKL186C,YNL298W,0,0.9471342,0.16051816940307617,0.8558558821678162,0.44759759306907654
YLR256W-A,YDR497C,0,0.9464313,0.16047297418117523,0.8558558821678162,0.44774773716926575
YDR131C,YIL170W,0,0.9463583,0.16042780876159668,0.8558558821678162,0.44789791107177734
YNL070W,YMR160W,0,0.94621557,0.16038267314434052,0.8558558821678162,0.44804805517196655
YLR395C,YCR097WB,0,0.9460386,0.16033755242824554,0.8558558821678162,0.44819819927215576
YKR071C,YKL022C,1,0.9455828,0.16057367622852325,0.857357382774353,0.44819819927215576
YDL140C,YNL238W,0,0.944942,0.1605285406112671,0.857357382774353,0.44834834337234497
YOL103W-B,YPL129W,0,0.94460744,0.16048341989517212,0.857357382774353,0.4484984874725342
YBR261C,YFL002W-B,0,0.94453436,0.16043832898139954,0.857357382774353,0.4486486613750458
YLR107W,YGL233W,0,0.94435674,0.16039325296878815,0.857357382774353,0.448798805475235
YBL058W,YJL140W,0,0.9443484,0.16034822165966034,0.857357382774353,0.4489489495754242
YOL165C,YDL021W,0,0.9441802,0.16030320525169373,0.857357382774353,0.4490990936756134
YNL314W,YBL076C,0,0.9439686,0.1602582037448883,0.857357382774353,0.4492492377758026
YKL203C,YML132W,0,0.9436191,0.16021324694156647,0.857357382774353,0.4493994116783142
YML112W,YEL022W,0,0.9434277,0.16016830503940582,0.857357382774353,0.4495495557785034
YNL008C,YJR083C,0,0.9433402,0.16012339293956757,0.857357382774353,0.4496996998786926
YKL174C,YFR019W,0,0.9432299,0.1600784957408905,0.857357382774353,0.44984984397888184
YGR264C,YJL213W,0,0.94282186,0.16003362834453583,0.857357382774353,0.44999998807907104
YOL103W-B,YDR174W,0,0.94263756,0.15998879075050354,0.857357382774353,0.45015016198158264
YJR119C,YIL046W,0,0.94253236,0.15994398295879364,0.857357382774353,0.45030030608177185
YKL082C,YML049C,0,0.9422974,0.15989919006824493,0.857357382774353,0.45045045018196106
YLR391W-A,YNL284C,0,0.94180614,0.15985442698001862,0.857357382774353,0.45060059428215027
YDR218C,YNL092W,0,0.94138676,0.1598096787929535,0.857357382774353,0.4507507383823395
YML080W,YDR081C,0,0.941377,0.15976497530937195,0.857357382774353,0.4509009122848511
YMR227C,YLR278C,0,0.9408726,0.1597202867269516,0.857357382774353,0.4510510563850403
YOR142W-A,YLL061W,0,0.94022983,0.15967561304569244,0.857357382774353,0.4512012004852295
YMR203W,YER171W,0,0.9401124,0.15963096916675568,0.857357382774353,0.4513513445854187
YMR097C,YGL014W,0,0.94010675,0.1595863550901413,0.857357382774353,0.4515014886856079
YNR057C,YJL029C,0,0.93930787,0.1595417708158493,0.857357382774353,0.4516516625881195
YGL026C,YOR204W,0,0.93905777,0.1594972014427185,0.857357382774353,0.4518018066883087
YJL012C-A,YNR028W,0,0.9389719,0.1594526618719101,0.857357382774353,0.4519519507884979
YMR112C,YHR057C,0,0.93882483,0.15940815210342407,0.857357382774353,0.45210209488868713
YGR161W-B,YDR410C,0,0.9387707,0.15936365723609924,0.857357382774353,0.45225223898887634
YNL085W,YPL151C,0,0.93859845,0.1593191921710968,0.857357382774353,0.45240241289138794
YDR245W,YFR019W,0,0.93843424,0.15927475690841675,0.857357382774353,0.45255255699157715
YFL002W-B,YJL192C,0,0.93796813,0.1592303365468979,0.857357382774353,0.45270270109176636
YPL200W,YJL030W,1,0.93746126,0.1594647318124771,0.8588588833808899,0.45270270109176636
YOL103W-B,YMR267W,0,0.9374574,0.15942029654979706,0.8588588833808899,0.45285284519195557
YPR080W,YLR410W-A,0,0.9371656,0.1593758761882782,0.8588588833808899,0.4530029892921448
YMR034C,YAL029C,0,0.936568,0.15933147072792053,0.8588588833808899,0.45315316319465637
YLR183C,YLR410W-A,0,0.936509,0.15928710997104645,0.8588588833808899,0.4533033072948456
YDR218C,YFR052W,0,0.93635476,0.15924276411533356,0.8588588833808899,0.4534534513950348
YPR194C,YNR003C,0,0.93626016,0.15919844806194305,0.8588588833808899,0.453603595495224
YJR107W,YGR252W,0,0.93413335,0.15915414690971375,0.8588588833808899,0.4537537395954132
YOR084W,YMR179W,0,0.93381435,0.15910987555980682,0.8588588833808899,0.4539039134979248
YPL064C,YMR300C,0,0.93378204,0.1590656340122223,0.8588588833808899,0.454054057598114
YBR275C,YDR306C,0,0.9337624,0.15902140736579895,0.8588588833808899,0.4542042016983032
YER074W,YCR055C,0,0.93337506,0.158977210521698,0.8588588833808899,0.45435434579849243
YDR415C,YGR239C,0,0.93332076,0.15893304347991943,0.8588588833808899,0.45450448989868164
YKL020C,YNL006W,0,0.9332614,0.15888889133930206,0.8588588833808899,0.45465466380119324
YDL179W,YHR059W,0,0.9330244,0.15884476900100708,0.8588588833808899,0.45480480790138245
YDR492W,YJL060W,0,0.93259424,0.1588006615638733,0.8588588833808899,0.45495495200157166
YDR383C,YPL223C,0,0.93244225,0.15875659883022308,0.8588588833808899,0.45510509610176086
YIL080W,YPL183W-A,0,0.9319789,0.15871253609657288,0.8588588833808899,0.45525527000427246
YOR304W,YMR093W,0,0.93146116,0.15866851806640625,0.8588588833808899,0.45540541410446167
YER150W,YDR261W-A,0,0.9313289,0.15862451493740082,0.8588588833808899,0.4555555582046509
YDR131C,YNL122C,0,0.9310941,0.15858054161071777,0.8588588833808899,0.4557057023048401
YMR270C,YDR508C,0,0.9310887,0.15853658318519592,0.8588588833808899,0.4558558464050293
YBR150C,YKR056W,0,0.93087405,0.15849265456199646,0.8588588833808899,0.4560060203075409
YBR120C,YIL017W,0,0.93069047,0.15844875574111938,0.8588588833808899,0.4561561644077301
YNL297C,YEL053C,0,0.9303141,0.1584048718214035,0.8588588833808899,0.4563063085079193
YDR083W,YGL004C,0,0.93002397,0.15836101770401,0.8588588833808899,0.4564564526081085
YLR410W-B,YKL206C,0,0.9292859,0.1583171933889389,0.8588588833808899,0.45660659670829773
YPR158C-C,YGR258C,0,0.9289941,0.158273383975029,0.8588588833808899,0.4567567706108093
YDR389W,YNL092W,0,0.9289026,0.15822960436344147,0.8588588833808899,0.45690691471099854
YDR131C,YPL273W,0,0.9287828,0.15818583965301514,0.8588588833808899,0.45705705881118774
YOL057W,YPL078C,0,0.9287715,0.1581421047449112,0.8588588833808899,0.45720720291137695
YHL012W,YMR025W,0,0.9285479,0.15809839963912964,0.8588588833808899,0.45735734701156616
YOR251C,YLR330W,0,0.9281782,0.15805470943450928,0.8588588833808899,0.45750752091407776
YGR161W-B,YNL297C,0,0.92731607,0.1580110490322113,0.8588588833808899,0.45765766501426697
YLR113W,YDR062W,0,0.9264879,0.15796741843223572,0.8588588833808899,0.4578078091144562
YNR003C,YLR301W,0,0.9260785,0.15792380273342133,0.8588588833808899,0.4579579532146454
YGL170C,YML052W,0,0.9255324,0.15788021683692932,0.8588588833808899,0.4581080973148346
YHR041C,YBR093C,0,0.9250284,0.1578366458415985,0.8588588833808899,0.4582582712173462
YOR138C,YOR162C,0,0.9249241,0.1577931046485901,0.8588588833808899,0.4584084153175354
YOL129W,YLR256W-A,0,0.92490846,0.15774959325790405,0.8588588833808899,0.4585585594177246
YGL186C,YOL101C,0,0.9247906,0.1577060967683792,0.8588588833808899,0.4587087035179138
YCR087C-A,YLR348C,0,0.9243776,0.15766263008117676,0.8588588833808899,0.458858847618103
YFR029W,YDL198C,0,0.9242528,0.1576191782951355,0.8588588833808899,0.4590090215206146
YBL113C,YAL040C,0,0.92401034,0.15757575631141663,0.8588588833808899,0.45915916562080383
YMR241W,YIL080W,0,0.92387015,0.15753236413002014,0.8588588833808899,0.45930930972099304
YDL059C,YPR149W,0,0.923786,0.15748898684978485,0.8588588833808899,0.45945945382118225
YMR228W,YCR055C,0,0.9231839,0.15744563937187195,0.8588588833808899,0.45960959792137146
YOR349W,YNL175C,0,0.9228655,0.15740230679512024,0.8588588833808899,0.45975977182388306
YNR074C,YFL057C,0,0.9225351,0.15735900402069092,0.8588588833808899,0.45990991592407227
YGL236C,YDR261C-D,0,0.92242783,0.15731573104858398,0.8588588833808899,0.4600600600242615
YLR224W,YDR470C,0,0.9223061,0.15727247297763824,0.8588588833808899,0.4602102041244507
YHR132C,YNL259C,0,0.9221961,0.1572292447090149,0.8588588833808899,0.4603603482246399
YMR123W,YER115C,0,0.92163,0.15718604624271393,0.8588588833808899,0.4605105221271515
YGR081C,YOL158C,0,0.9214645,0.15714286267757416,0.8588588833808899,0.4606606662273407
YOR212W,YKL175W,0,0.9211641,0.15709969401359558,0.8588588833808899,0.4608108103275299
YOR168W,YHR041C,0,0.9203995,0.1570565551519394,0.8588588833808899,0.4609609544277191
YMR269W,YLR227W-B,0,0.9201661,0.1570134460926056,0.8588588833808899,0.4611110985279083
YOR142W-A,YKL206C,0,0.91994715,0.15697036683559418,0.8588588833808899,0.4612612724304199
YOL053C-A,YDL225W,0,0.9197665,0.15692730247974396,0.8588588833808899,0.46141141653060913
YLL008W,YBR170C,0,0.9197221,0.15688425302505493,0.8588588833808899,0.46156156063079834
YLR191W,YJL053W,0,0.91956943,0.1568412333726883,0.8588588833808899,0.46171170473098755
YJL117W,YPR159W,0,0.9190293,0.15679824352264404,0.8588588833808899,0.46186184883117676
YPR137C-A,YLR107W,0,0.91877985,0.156755268573761,0.8588588833808899,0.46201202273368835
YNL044W,YJR053W,0,0.91862214,0.15671232342720032,0.8588588833808899,0.46216216683387756
YOL057W,YHR168W,0,0.91854054,0.15666940808296204,0.8588588833808899,0.4623123109340668
YDL133C-A,YGL010W,0,0.9183382,0.15662650763988495,0.8588588833808899,0.462462455034256
YGL148W,YDR109C,0,0.91825604,0.15658363699913025,0.8588588833808899,0.4626125991344452
YOL010W,YNL006W,0,0.91811687,0.15654078125953674,0.8588588833808899,0.4627627730369568
YBR059C,YFR019W,0,0.91778284,0.15649795532226562,0.8588588833808899,0.462912917137146
YHR012W,YNR021W,0,0.9169207,0.1564551442861557,0.8588588833808899,0.4630630612373352
YFR031C,YLR321C,1,0.91563886,0.15668581426143646,0.8603603839874268,0.4630630612373352
YBR128C,YDR109C,0,0.91561884,0.15664297342300415,0.8603603839874268,0.4632132053375244
YLR227W-B,YNL122C,0,0.9154967,0.15660016238689423,0.8603603839874268,0.4633633494377136
YBR260C,YDL077C,0,0.9153433,0.1565573811531067,0.8603603839874268,0.4635135233402252
YHR069C,YBL113C,0,0.9153266,0.15651461482048035,0.8603603839874268,0.46366366744041443
YDR196C,YDL074C,0,0.9153218,0.1564718782901764,0.8603603839874268,0.46381381154060364
YOR226C,YDR332W,0,0.9152655,0.15642915666103363,0.8603603839874268,0.46396395564079285
YLR410W-A,YKL165C,0,0.9146942,0.15638646483421326,0.8603603839874268,0.46411409974098206
YCR060W,YER137C-A,0,0.9145483,0.15634378790855408,0.8603603839874268,0.46426427364349365
YDR332W,YOR085W,0,0.91445965,0.15630114078521729,0.8603603839874268,0.46441441774368286
YBR243C,YDR081C,0,0.91443807,0.15625852346420288,0.8603603839874268,0.46456456184387207
YGR251W,YDR472W,0,0.9143641,0.15621592104434967,0.8603603839874268,0.4647147059440613
YKR071C,YOL104C,1,0.9141548,0.15644589066505432,0.8618618845939636,0.4647147059440613
YEL031W,YKL124W,0,0.9135167,0.15640327334403992,0.8618618845939636,0.4648648500442505
YHR074W,YNL219C,0,0.91296214,0.1563606709241867,0.8618618845939636,0.4650150239467621
YGR155W,YML109W,0,0.9129615,0.1563180834054947,0.8618618845939636,0.4651651680469513
YGR264C,YJR140C,0,0.911915,0.15627552568912506,0.8618618845939636,0.4653153121471405
YNL085W,YLR429W,0,0.9119057,0.15623298287391663,0.8618618845939636,0.4654654562473297
YKL166C,YDR261W-A,0,0.9117029,0.15619046986103058,0.8618618845939636,0.4656156301498413
YOL045W,YMR186W,0,0.9115997,0.15614798665046692,0.8618618845939636,0.4657657742500305
YOR297C,YKL201C,0,0.91104823,0.15610551834106445,0.8618618845939636,0.4659159183502197
YDR210C-C,YIR038C,0,0.91104627,0.15606307983398438,0.8618618845939636,0.46606606245040894
YMR112C,YPL183W-A,0,0.9107725,0.1560206562280655,0.8618618845939636,0.46621620655059814
YOR243C,YLL040C,0,0.9105496,0.155978262424469,0.8618618845939636,0.46636638045310974
YJR070C,YGL244W,0,0.91044647,0.1559358835220337,0.8618618845939636,0.46651652455329895
YPR137C-A,YOR382W,0,0.9099518,0.15589353442192078,0.8618618845939636,0.46666666865348816
YLR029C,YAL038W,0,0.9095817,0.15585121512413025,0.8618618845939636,0.46681681275367737
YMR168C,YBL079W,1,0.9094654,0.15608035027980804,0.8633633852005005,0.46681681275367737
YPL094C,YHR004C,0,0.9093117,0.15603798627853394,0.8633633852005005,0.4669669568538666
YDR419W,YMR238W,0,0.9092336,0.15599565207958221,0.8633633852005005,0.4671171307563782
YKR071C,YAL031C,1,0.9089967,0.1562245786190033,0.8648648858070374,0.4671171307563782
YGL026C,YLR380W,0,0.9084273,0.1561822146177292,0.8648648858070374,0.4672672748565674
YGR012W,YPL257W-B,0,0.9080548,0.15613988041877747,0.8648648858070374,0.4674174189567566
YHR079C,YJL206C,0,0.90792114,0.15609756112098694,0.8648648858070374,0.4675675630569458
YJL066C,YOR310C,0,0.9079189,0.1560552716255188,0.8648648858070374,0.467717707157135
YEL053C,YGR012W,0,0.9078885,0.15601299703121185,0.8648648858070374,0.4678678810596466
YBR031W,YOR338W,0,0.9078761,0.1559707522392273,0.8648648858070374,0.4680180251598358
YPR011C,YGL172W,0,0.90765446,0.15592853724956512,0.8648648858070374,0.468168169260025
YDL245C,YOR204W,0,0.907558,0.15588633716106415,0.8648648858070374,0.46831831336021423
YFR033C,YLR154W-A,0,0.90754163,0.15584415197372437,0.8648648858070374,0.46846845746040344
YBR223C,YNL026W,0,0.9072872,0.15580199658870697,0.8648648858070374,0.46861863136291504
YLL008W,YPR002W,0,0.90697145,0.15575987100601196,0.8648648858070374,0.46876877546310425
YBR002C,YIL083C,0,0.9066922,0.15571776032447815,0.8648648858070374,0.46891891956329346
YDR415C,YLL027W,0,0.9065129,0.15567567944526672,0.8648648858070374,0.46906906366348267
YFL038C,YHR041C,0,0.9062069,0.1556336134672165,0.8648648858070374,0.4692192077636719
YNL095C,YLL019C,0,0.9054546,0.15559157729148865,0.8648648858070374,0.46936938166618347
YML049C,YCL003W,0,0.9053274,0.155549556016922,0.8648648858070374,0.4695195257663727
YDR405W,YMR093W,0,0.9047988,0.15550756454467773,0.8648648858070374,0.4696696698665619
YKL078W,YOR216C,0,0.9044494,0.15546558797359467,0.8648648858070374,0.4698198139667511
YAL016W,YGR179C,1,0.90392596,0.15569347143173218,0.8663663864135742,0.4698198139667511
YBR118W,YPL257W-B,0,0.9038962,0.15565146505832672,0.8663663864135742,0.4699699580669403
YGL158W,YJR063W,0,0.9037721,0.15560948848724365,0.8663663864135742,0.4701201319694519
YOL145C,YNL307C,1,0.9028699,0.15583714842796326,0.8678678870201111,0.4701201319694519
YLR410W-B,YBR145W,0,0.9028383,0.1557951420545578,0.8678678870201111,0.4702702760696411
YPR204W,YMR038C,0,0.9023492,0.15575316548347473,0.8678678870201111,0.4704204201698303
YIL108W,YER022W,0,0.9017519,0.15571120381355286,0.8678678870201111,0.47057056427001953
YIL135C,YDR497C,0,0.90125394,0.15566927194595337,0.8678678870201111,0.47072070837020874
YJR107W,YLR301W,0,0.90048784,0.15562735497951508,0.8678678870201111,0.47087088227272034
YPR182W,YBR075W,0,0.9003268,0.15558546781539917,0.8678678870201111,0.47102102637290955
YPR149W,YIL079C,0,0.90029293,0.15554359555244446,0.8678678870201111,0.47117117047309875
YPR158C-C,YDL045C,0,0.8999199,0.15550175309181213,0.8678678870201111,0.47132131457328796
YPL150W,YML132W,0,0.8997892,0.155459925532341,0.8678678870201111,0.4714714586734772
YDL133C-A,YGR171C,0,0.89957166,0.15541812777519226,0.8678678870201111,0.47162163257598877
YKL200C,YPR171W,0,0.8995687,0.1553763449192047,0.8678678870201111,0.471771776676178
YDR429C,YPL078C,0,0.8993842,0.15533459186553955,0.8678678870201111,0.4719219207763672
YCL060C,YNL290W,1,0.8990894,0.15556152164936066,0.869369387626648,0.4719219207763672
YLR447C,YOL107W,0,0.8988189,0.1555197387933731,0.869369387626648,0.4720720648765564
YLR256W-A,YOL101C,0,0.8986797,0.15547798573970795,0.869369387626648,0.4722222089767456
YMR013C,YCL018W,0,0.8985755,0.15543624758720398,0.869369387626648,0.4723723828792572
YDR164C,YOL026C,0,0.89846927,0.1553945243358612,0.869369387626648,0.4725225269794464
YMR284W,YDR261W-A,0,0.89838785,0.15535283088684082,0.869369387626648,0.4726726710796356
YLR224W,YER019C-A,0,0.8980462,0.15531115233898163,0.869369387626648,0.47282281517982483
YOR142W-A,YKR068C,0,0.89794993,0.15526950359344482,0.869369387626648,0.47297295928001404
YMR061W,YHR109W,0,0.897847,0.1552278846502304,0.869369387626648,0.47312313318252563
YCR080W,YDR416W,0,0.89768815,0.15518628060817719,0.869369387626648,0.47327327728271484
YFL066C,YDL024C,0,0.8976849,0.15514469146728516,0.869369387626648,0.47342342138290405
YPR113W,YDL111C,0,0.8976491,0.15510313212871552,0.869369387626648,0.47357356548309326
YGR282C,YBR202W,0,0.89763767,0.15506160259246826,0.869369387626648,0.47372370958328247
YPL078C,YPR133W-A,0,0.89753425,0.155020073056221,0.869369387626648,0.47387388348579407
YKR071C,YMR168C,1,0.89703566,0.15524625778198242,0.8708708882331848,0.47387388348579407
YNL223W,YEL062W,0,0.89700615,0.15520471334457397,0.8708708882331848,0.4740240275859833
YOR291W,YMR137C,0,0.89645094,0.15516318380832672,0.8708708882331848,0.4741741716861725
YMR065W,YPL273W,0,0.8963004,0.15512168407440186,0.8708708882331848,0.4743243157863617
YDR207C,YER002W,0,0.8961906,0.15508021414279938,0.8708708882331848,0.4744744598865509
YCL060C,YGR089W,1,0.8960142,0.15530607104301453,0.8723723888397217,0.4744744598865509
YML056C,YJL149W,0,0.89570516,0.15526457130908966,0.8723723888397217,0.4746246337890625
YLR278C,YGR222W,0,0.89563376,0.155223086476326,0.8723723888397217,0.4747747778892517
YFR036W,YCL060C,1,0.8955464,0.15544871985912323,0.8738738894462585,0.4747747778892517
YDR460W,YKL061W,0,0.8953931,0.15540720522403717,0.8738738894462585,0.4749249219894409
YGL209W,YOR147W,0,0.8951358,0.1553657203912735,0.8738738894462585,0.4750750660896301
YBR196C,YLR291C,0,0.8948376,0.15532426536083221,0.8738738894462585,0.4752252399921417
YCR055C,YPR160W,0,0.89463127,0.15528281033039093,0.8738738894462585,0.47537538409233093
YLR395C,YLR410W-B,0,0.8944845,0.15524140000343323,0.8738738894462585,0.47552552819252014
YLR005W,YBR037C,0,0.89422363,0.15520000457763672,0.8738738894462585,0.47567567229270935
YER074W,YDR497C,0,0.8940177,0.1551586240530014,0.8738738894462585,0.47582581639289856
YGL237C,YOR338W,0,0.89372045,0.15511727333068848,0.8738738894462585,0.47597599029541016
YLR163C,YLR026C,0,0.89361066,0.15507593750953674,0.8738738894462585,0.47612613439559937
YOR142W-A,YDR240C,0,0.8935361,0.1550346314907074,0.8738738894462585,0.4762762784957886
YKL200C,YNR028W,0,0.8935264,0.15499334037303925,0.8738738894462585,0.4764264225959778
YPR137C-A,YOR142W-A,0,0.8928429,0.15495207905769348,0.8738738894462585,0.476576566696167
YGR085C,YCR080W,0,0.89242417,0.1549108326435089,0.8738738894462585,0.4767267405986786
YFL057C,YLR024C,0,0.8924185,0.15486961603164673,0.8738738894462585,0.4768768846988678
YKR069W,YDR261W-A,0,0.89218634,0.15482841432094574,0.8738738894462585,0.477027028799057
YMR005W,YDR170C,0,0.8921329,0.15478722751140594,0.8738738894462585,0.4771771728992462
YBR002C,YDR245W,0,0.8921174,0.15474608540534973,0.8738738894462585,0.4773273169994354
YDR210C-C,YKL007W,0,0.89211327,0.15470494329929352,0.8738738894462585,0.477477490901947
YPL257W-B,YBR145W,0,0.89109194,0.1546638309955597,0.8738738894462585,0.47762763500213623
YIR011C,YFR036W,1,0.89073884,0.15488842129707336,0.8753753900527954,0.47762763500213623
YPL151C,YOR142W-A,0,0.8904353,0.15484727919101715,0.8753753900527954,0.47777777910232544
YAL022C,YIL080W,0,0.88992995,0.15480616688728333,0.8753753900527954,0.47792792320251465
YBL098W,YJL006C,0,0.88988835,0.1547650694847107,0.8753753900527954,0.47807806730270386
YKL117W,YKR028W,0,0.8898049,0.15472398698329926,0.8753753900527954,0.47822824120521545
YDR026C,YPR191W,0,0.88976836,0.1546829342842102,0.8753753900527954,0.47837838530540466
YDL121C,YPL078C,0,0.8892521,0.15464191138744354,0.8753753900527954,0.47852852940559387
YCL018W,YGR246C,0,0.8890369,0.15460090339183807,0.8753753900527954,0.4786786735057831
YKL170W,YDR262W,0,0.888911,0.1545599102973938,0.8753753900527954,0.4788288176059723
YOL040C,YNL092W,0,0.88867414,0.1545189470052719,0.8753753900527954,0.4789789915084839
YOR343W-B,YOR393W,0,0.88861126,0.1544780135154724,0.8753753900527954,0.4791291356086731
YMR160W,YGL071W,0,0.888461,0.1544370800256729,0.8753753900527954,0.4792792797088623
YPL240C,YJL012C-A,0,0.8882786,0.154396191239357,0.8753753900527954,0.4794294238090515
YIL076W,YLR350W,0,0.8879464,0.15435530245304108,0.8753753900527954,0.4795795679092407
YLR197W,YLL017W,0,0.88772994,0.15431445837020874,0.8753753900527954,0.4797297418117523
YOR343W-B,YCR052W,0,0.88755345,0.1542736142873764,0.8753753900527954,0.47987988591194153
YDR082W,YFL066C,0,0.8874796,0.15423280000686646,0.8753753900527954,0.48003003001213074
YOR142W-B,YBR052C,0,0.88729805,0.1541920155286789,0.8753753900527954,0.48018017411231995
YBR059C,YKL009W,0,0.886726,0.15415124595165253,0.8753753900527954,0.48033031821250916
YPL257W-B,YHR039C-A,0,0.88634956,0.15411049127578735,0.8753753900527954,0.48048049211502075
YBR020W,YBR271W,0,0.88566166,0.15406976640224457,0.8753753900527954,0.48063063621520996
YNL016W,YNL092W,0,0.8854241,0.15402905642986298,0.8753753900527954,0.48078078031539917
YFR045W,YHR156C,0,0.88538307,0.15398837625980377,0.8753753900527954,0.4809309244155884
YBR020W,YER130C,0,0.8852443,0.15394771099090576,0.8753753900527954,0.4810810685157776
YBR261C,YNL163C,0,0.8851285,0.15390707552433014,0.8753753900527954,0.4812312424182892
YJL060W,YMR268W-A,0,0.88445574,0.1538664549589157,0.8753753900527954,0.4813813865184784
YJL114W,YJL172W,0,0.88412887,0.15382586419582367,0.8753753900527954,0.4815315306186676
YER046W,YNL092W,0,0.88396204,0.15378528833389282,0.8753753900527954,0.4816816747188568
YLR105C,YAL038W,0,0.8838282,0.15374472737312317,0.8753753900527954,0.481831818819046
YOR274W,YIL035C,0,0.88369584,0.1537041962146759,0.8753753900527954,0.4819819927215576
YOR304W,YIL017W,0,0.8835326,0.15366367995738983,0.8753753900527954,0.4821321368217468
YLR157C,YDR210C-C,0,0.88350415,0.15362319350242615,0.8753753900527954,0.48228228092193604
YKL171W,YBL089W,0,0.88333607,0.15358272194862366,0.8753753900527954,0.48243242502212524
YFL033C,YPL098C,0,0.8830804,0.15354226529598236,0.8753753900527954,0.48258256912231445
YFL054C,YNL078W,0,0.8828344,0.15350183844566345,0.8753753900527954,0.48273274302482605
YHR069C,YPL110C,0,0.8824203,0.15346144139766693,0.8753753900527954,0.48288288712501526
YBL041W,YER137C-A,0,0.8820815,0.1534210592508316,0.8753753900527954,0.48303303122520447
YDR196C,YOR215C,0,0.88202,0.15338069200515747,0.8753753900527954,0.4831831753253937
YDR211W,YOR393W,0,0.8819058,0.15334035456180573,0.8753753900527954,0.4833333194255829
YIL128W,YGR281W,0,0.88115877,0.15330003201961517,0.8753753900527954,0.4834834933280945
YLR410W-A,YJL130C,0,0.881133,0.15325972437858582,0.8753753900527954,0.4836336374282837
YDR067C,YMR143W,0,0.88088006,0.15321944653987885,0.8753753900527954,0.4837837815284729
YFR018C,YML132W,0,0.8808037,0.15317918360233307,0.8753753900527954,0.4839339256286621
YDR210C-C,YBR059C,0,0.8805858,0.15313895046710968,0.8753753900527954,0.4840840697288513
YHR174W,YJL128C,0,0.88034564,0.15309873223304749,0.8753753900527954,0.4842342436313629
YLR401C,YPL259C,0,0.8800574,0.15305854380130768,0.8753753900527954,0.4843843877315521
YDR449C,YDR392W,0,0.87982285,0.15301837027072906,0.8753753900527954,0.48453453183174133
YPL244C,YHR039C-A,0,0.87931323,0.15297822654247284,0.8753753900527954,0.48468467593193054
YJR092W,YGL225W,0,0.8788091,0.1529380828142166,0.8753753900527954,0.48483482003211975
YNL122C,YJL206C,0,0.8786378,0.15289798378944397,0.8753753900527954,0.48498499393463135
YER138C,YCL057W,0,0.878488,0.15285788476467133,0.8753753900527954,0.48513513803482056
YKL103C,YLR209C,0,0.87831557,0.15281783044338226,0.8753753900527954,0.48528528213500977
YLR203C,YHR060W,0,0.87802076,0.1527777761220932,0.8753753900527954,0.485435426235199
YAL016W,YNL307C,1,0.87759155,0.15299974381923676,0.8768768906593323,0.485435426235199
YOL145C,YCL060C,1,0.8775731,0.15322157740592957,0.8783783912658691,0.485435426235199
YML058W-A,YJL060W,0,0.8775064,0.15318146347999573,0.8783783912658691,0.48558560013771057
YCL014W,YDR476C,0,0.8772598,0.15314136445522308,0.8783783912658691,0.4857357442378998
YLR080W,YEL043W,0,0.87711895,0.15310128033161163,0.8783783912658691,0.485885888338089
YOL142W,YFL066C,0,0.8768446,0.15306122601032257,0.8783783912658691,0.4860360324382782
YOR204W,YLR026C,0,0.8768071,0.1530211865901947,0.8783783912658691,0.4861861765384674
YJL011C,YJL171C,0,0.876754,0.15298117697238922,0.8783783912658691,0.486336350440979
YDL217C,YGR222W,0,0.8767255,0.15294118225574493,0.8783783912658691,0.4864864945411682
YJL114W,YOR230W,0,0.87645,0.15290120244026184,0.8783783912658691,0.4866366386413574
YLR227W-B,YCL034W,0,0.8763907,0.15286125242710114,0.8783783912658691,0.48678678274154663
YNR010W,YBL079W,1,0.87636507,0.15308254957199097,0.879879891872406,0.48678678274154663
YKL078W,YOR142W-A,0,0.87606233,0.15304256975650787,0.879879891872406,0.48693692684173584
YPR158C-C,YLR359W,0,0.87598926,0.15300260484218597,0.879879891872406,0.48708710074424744
YLR141W,YBR257W,0,0.8759603,0.15296266973018646,0.879879891872406,0.48723724484443665
YPR111W,YBL098W,0,0.8748912,0.15292274951934814,0.879879891872406,0.48738738894462585
YNL027W,YCL003W,0,0.8748104,0.15288285911083221,0.879879891872406,0.48753753304481506
YDR473C,YGL122C,0,0.87471527,0.15284298360347748,0.879879891872406,0.4876876771450043
YBR129C,YOR285W,0,0.87442094,0.15280312299728394,0.879879891872406,0.48783785104751587
YKL119C,YLR391W-A,0,0.8743801,0.15276329219341278,0.879879891872406,0.4879879951477051
YLR295C,YMR160W,0,0.87412393,0.15272347629070282,0.879879891872406,0.4881381392478943
YDR064W,YDR140W,0,0.8736414,0.15268369019031525,0.879879891872406,0.4882882833480835
YOR378W,YGL004C,0,0.8731782,0.15264391899108887,0.879879891872406,0.4884384274482727
YOR209C,YCR052W,0,0.87295324,0.15260416269302368,0.879879891872406,0.4885886013507843
YGL203C,YPL050C,0,0.8729159,0.15256443619728088,0.879879891872406,0.4887387454509735
YLR141W,YKL166C,0,0.8728251,0.15252472460269928,0.879879891872406,0.4888888895511627
YLR197W,YLR024C,0,0.87276083,0.15248504281044006,0.879879891872406,0.48903903365135193
YDL198C,YNR028W,0,0.87260836,0.15244537591934204,0.879879891872406,0.48918917775154114
YIL159W,YKR006C,0,0.8721914,0.1524057239294052,0.879879891872406,0.48933935165405273
YFR018C,YOR351C,0,0.8717078,0.15236610174179077,0.879879891872406,0.48948949575424194
YOL093W,YOR085W,0,0.87074834,0.15232649445533752,0.879879891872406,0.48963963985443115
YJL200C,YKL064W,0,0.8704545,0.15228690207004547,0.879879891872406,0.48978978395462036
YLR389C,YDR062W,0,0.8704118,0.1522473394870758,0.879879891872406,0.48993992805480957
YAL054C,YJL192C,0,0.8701268,0.15220779180526733,0.879879891872406,0.49009010195732117
YBR187W,YLR389C,0,0.8699152,0.15216827392578125,0.879879891872406,0.4902402460575104
YCR080W,YOR349W,0,0.8693238,0.15212877094745636,0.879879891872406,0.4903903901576996
YOR176W,YCR097WB,0,0.86913705,0.15208928287029266,0.879879891872406,0.4905405342578888
YDR306C,YMR137C,0,0.8689443,0.15204982459545135,0.879879891872406,0.490690678358078
YPR125W,YLR309C,0,0.868337,0.15201038122177124,0.879879891872406,0.4908408522605896
YJR151C,YBL112C,0,0.8680815,0.15197095274925232,0.879879891872406,0.4909909963607788
YER050C,YGR252W,0,0.8678303,0.1519315540790558,0.879879891872406,0.491141140460968
YML032C,YPL110C,0,0.8672916,0.15189217031002045,0.879879891872406,0.4912912845611572
YMR168C,YKL022C,1,0.86726445,0.1521119475364685,0.8813813924789429,0.4912912845611572
YPL223C,YBR037C,0,0.8668989,0.15207253396511078,0.8813813924789429,0.49144142866134644
YPR194C,YLR391W-A,0,0.8665511,0.15203315019607544,0.8813813924789429,0.49159160256385803
YJR107W,YPR200C,0,0.866416,0.1519937813282013,0.8813813924789429,0.49174174666404724
YPR182W,YDR389W,0,0.86593986,0.15195444226264954,0.8813813924789429,0.49189189076423645
YDR472W,YJR063W,0,0.865647,0.15191511809825897,0.8813813924789429,0.49204203486442566
YGL030W,YLR050C,0,0.86555463,0.1518758088350296,0.8813813924789429,0.49219217896461487
YGR056W,YDR306C,0,0.8648494,0.15183652937412262,0.8813813924789429,0.49234235286712646
YPR196W,YOR239W,0,0.8648233,0.15179726481437683,0.8813813924789429,0.4924924969673157
YBL112C,YIL140W,0,0.8645595,0.15175801515579224,0.8813813924789429,0.4926426410675049
YOR142W-A,YHL034C,0,0.8640318,0.15171879529953003,0.8813813924789429,0.4927927851676941
YNL016W,YDR109C,0,0.8638562,0.15167959034442902,0.8813813924789429,0.4929429292678833
YBL058W,YDR337W,0,0.8638302,0.1516404002904892,0.8813813924789429,0.4930931031703949
YNL006W,YKR068C,0,0.8636758,0.15160124003887177,0.8813813924789429,0.4932432472705841
YPR158C-C,YEL030W,0,0.86362356,0.15156209468841553,0.8813813924789429,0.4933933913707733
YGR056W,YPL252C,0,0.8634117,0.15152297914028168,0.8813813924789429,0.4935435354709625
YER098W,YFL038C,0,0.8633791,0.15148386359214783,0.8813813924789429,0.49369367957115173
YOR388C,YDR496C,0,0.8633392,0.15144479274749756,0.8813813924789429,0.49384385347366333
YDR261C-D,YNL298W,0,0.8633267,0.1514057219028473,0.8813813924789429,0.49399399757385254
YNL079C,YPL027W,0,0.8632229,0.1513666808605194,0.8813813924789429,0.49414414167404175
YCR093W,YLR043C,0,0.8629405,0.15132765471935272,0.8813813924789429,0.49429428577423096
YLR391W-A,YDL039C,0,0.8625455,0.15128865838050842,0.8813813924789429,0.49444442987442017
YJL200C,YPL110C,0,0.8625259,0.15124967694282532,0.8813813924789429,0.49459460377693176
YLR209C,YLR164W,0,0.86250395,0.1512107104063034,0.8813813924789429,0.49474474787712097
YEL052W,YDR064W,0,0.86185044,0.15117177367210388,0.8813813924789429,0.4948948919773102
YBR202W,YHR214C-B,0,0.8617959,0.15113285183906555,0.8813813924789429,0.4950450360774994
YPL087W,YJL171C,0,0.8614675,0.15109394490718842,0.8813813924789429,0.495195209980011
YGR031C-A,YMR093W,0,0.8612955,0.15105506777763367,0.8813813924789429,0.4953453540802002
YIR011C,YCL060C,1,0.8611875,0.1512734740972519,0.8828828930854797,0.4953453540802002
YNL307C,YBL079W,1,0.860288,0.15149177610874176,0.8843843936920166,0.4953453540802002
YOL107W,YOL028C,0,0.8598285,0.15145280957221985,0.8843843936920166,0.4954954981803894
YHR047C,YOR142W-A,0,0.85982007,0.15141388773918152,0.8843843936920166,0.4956456422805786
YER090W,YOR349W,0,0.8597047,0.1513749659061432,0.8843843936920166,0.4957957863807678
YPL094C,YKL171W,0,0.859697,0.15133607387542725,0.8843843936920166,0.4959459602832794
YPR091C,YER074W,0,0.8596501,0.1512971967458725,0.8843843936920166,0.49609610438346863
YMR194W,YDR159W,0,0.8590149,0.15125834941864014,0.8843843936920166,0.49624624848365784
YER074W,YLR164W,0,0.8586815,0.15121951699256897,0.8843843936920166,0.49639639258384705
YDR131C,YJR053W,0,0.8584325,0.151180699467659,0.8843843936920166,0.49654653668403625
YBR120C,YDL097C,0,0.85835534,0.15114189684391022,0.8843843936920166,0.49669671058654785
YER101C,YNL032W,0,0.8577482,0.15110312402248383,0.8843843936920166,0.49684685468673706
YDL078C,YDR369C,0,0.8575789,0.15106438100337982,0.8843843936920166,0.49699699878692627
YPR035W,YPL147W,0,0.8575487,0.15102563798427582,0.8843843936920166,0.4971471428871155
YDL206W,YCL057W,0,0.8574951,0.1509869247674942,0.8843843936920166,0.4972972869873047
YDL040C,YCR026C,0,0.8574261,0.15094822645187378,0.8843843936920166,0.4974474608898163
YJL172W,YLR227W-B,0,0.8572968,0.15090955793857574,0.8843843936920166,0.4975976049900055
YLR410W-A,YLR163C,0,0.8572783,0.1508709043264389,0.8843843936920166,0.4977477490901947
YNL131W,YKR002W,0,0.8571935,0.15083226561546326,0.8843843936920166,0.4978978931903839
YPR113W,YLR391W-A,0,0.8567427,0.15079365670681,0.8843843936920166,0.4980480372905731
YCL004W,YER137C,0,0.85648793,0.15075504779815674,0.8843843936920166,0.4981982111930847
YOR071C,YLR042C,0,0.8560704,0.15071648359298706,0.8843843936920166,0.4983483552932739
YLR391W-A,YBR222C,0,0.85605305,0.15067791938781738,0.8843843936920166,0.49849849939346313
YBR275C,YLR073C,0,0.8560502,0.1506393849849701,0.8843843936920166,0.49864864349365234
YBR247C,YLL027W,0,0.85596895,0.150600865483284,0.8843843936920166,0.49879878759384155
YOR106W,YJL117W,0,0.8556431,0.1505623757839203,0.8843843936920166,0.49894896149635315
YHL034C,YDR410C,0,0.85550874,0.15052390098571777,0.8843843936920166,0.49909910559654236
YGR221C,YDR429C,0,0.85522234,0.15048544108867645,0.8843843936920166,0.49924924969673157
YJR082C,YOR251C,0,0.855193,0.15044699609279633,0.8843843936920166,0.4993993937969208
YGR251W,YAL024C,0,0.85474974,0.1504085808992386,0.8843843936920166,0.49954953789711
YOR279C,YBR026C,0,0.85438854,0.15037018060684204,0.8843843936920166,0.4996997117996216
YGR161W-B,YEL030W,0,0.85434693,0.1503317952156067,0.8843843936920166,0.4998498558998108
YPL252C,YFR001W,0,0.8538979,0.15029343962669373,0.8843843936920166,0.5
YNL297C,YCL032W,0,0.85378784,0.15025509893894196,0.8843843936920166,0.5001501441001892
YER137C-A,YPR091C,0,0.8537161,0.15021678805351257,0.8843843936920166,0.5003002882003784
YDR210C-C,YMR218C,0,0.8535677,0.1501784771680832,0.8843843936920166,0.5004504323005676
YDL074C,YNL016W,0,0.85356337,0.1501401960849762,0.8843843936920166,0.5006005764007568
YJL128C,YMR229C,0,0.8523555,0.1501019299030304,0.8843843936920166,0.5007507801055908
YER137C-A,YBR287W,0,0.85234314,0.15006369352340698,0.8843843936920166,0.50090092420578
YDR064W,YDL035C,0,0.8521806,0.15002547204494476,0.8843843936920166,0.5010510683059692
YDR451C,YNL175C,0,0.8519562,0.14998726546764374,0.8843843936920166,0.5012012124061584
YFR021W,YLR300W,0,0.85175633,0.1499490886926651,0.8843843936920166,0.5013513565063477
YGR031C-A,YOR187W,0,0.8516611,0.14991091191768646,0.8843843936920166,0.5015015006065369
YPR200C,YMR090W,0,0.8515944,0.1498727798461914,0.8843843936920166,0.5016516447067261
YML051W,YLR141W,0,0.85129374,0.14983464777469635,0.8843843936920166,0.5018017888069153
YJR051W,YGR285C,0,0.85091287,0.14979654550552368,0.8843843936920166,0.5019519329071045
YJL187C,YML028W,0,0.85083336,0.1497584581375122,0.8843843936920166,0.5021020770072937
YOL053C-A,YFR052W,0,0.8505324,0.14972038567066193,0.8843843936920166,0.5022522807121277
YKL090W,YHR209W,0,0.85048753,0.14968234300613403,0.8843843936920166,0.5024024248123169
YGR052W,YOR275C,0,0.85032374,0.14964431524276733,0.8843843936920166,0.5025525689125061
YKL126W,YLR440C,0,0.8499642,0.14960630238056183,0.8843843936920166,0.5027027130126953
YBR002C,YMR173W,0,0.8497532,0.14956830441951752,0.8843843936920166,0.5028528571128845
YCL060C,YJR112W,1,0.84946734,0.14978420734405518,0.8858858942985535,0.5028528571128845
YKL166C,YLR164W,0,0.8493338,0.14974619448184967,0.8858858942985535,0.5030030012130737
YDR378C,YGL203C,0,0.8493328,0.14970819652080536,0.8858858942985535,0.5031531453132629
YHL012W,YBR095C,0,0.84925985,0.14967021346092224,0.8858858942985535,0.5033032894134521
YBL005W-B,YPL110C,0,0.8492579,0.1496322602033615,0.8858858942985535,0.5034534335136414
YKL174C,YLR016C,0,0.8491421,0.14959432184696198,0.8858858942985535,0.5036035776138306
YPL099C,YCR097WB,0,0.84910935,0.14955639839172363,0.8858858942985535,0.5037537813186646
YCL060C,YNR010W,1,0.8490714,0.14977191388607025,0.8873873949050903,0.5037537813186646
YCL060C,YAL031C,1,0.84871143,0.1499873250722885,0.8888888955116272,0.5037537813186646
YBR177C,YHR119W,0,0.84802896,0.1499493420124054,0.8888888955116272,0.5039039254188538
YKL171W,YMR143W,0,0.84798867,0.14991137385368347,0.8888888955116272,0.504054069519043
YLR206W,YHR004C,0,0.8479824,0.14987342059612274,0.8888888955116272,0.5042042136192322
YGL162W,YLR256W-A,0,0.847612,0.1498354822397232,0.8888888955116272,0.5043543577194214
YOL111C,YPR006C,0,0.8474979,0.14979757368564606,0.8888888955116272,0.5045045018196106
YLR380W,YBR096W,0,0.84740967,0.1497596800327301,0.8888888955116272,0.5046546459197998
YPL122C,YPL065W,0,0.84718496,0.14972180128097534,0.8888888955116272,0.504804790019989
YDR210C-C,YDR262W,0,0.84712964,0.14968393743038177,0.8888888955116272,0.5049549341201782
YLR429W,YAL040C,0,0.8471161,0.1496461033821106,0.8888888955116272,0.5051050782203674
YPL002C,YLR410W-B,0,0.84671223,0.1496082842350006,0.8888888955116272,0.5052552819252014
YLR080W,YDR261W-A,0,0.84655446,0.149570494890213,0.8888888955116272,0.5054054260253906
YDR499W,YMR210W,0,0.8463469,0.14953270554542542,0.8888888955116272,0.5055555701255798
YIL142W,YOR194C,0,0.84625036,0.1494949460029602,0.8888888955116272,0.505705714225769
YER125W,YJR026W,0,0.84618896,0.1494572013616562,0.8888888955116272,0.5058558583259583
YPL163C,YLR391W,0,0.84594667,0.14941948652267456,0.8888888955116272,0.5060060024261475
YDR210C-C,YNL230C,0,0.8458959,0.14938178658485413,0.8888888955116272,0.5061561465263367
YDL015C,YKL165C,0,0.84557176,0.14934410154819489,0.8888888955116272,0.5063062906265259
YGR072W,YDR261W-A,0,0.84549695,0.14930643141269684,0.8888888955116272,0.5064564347267151
YGL170C,YDR262W,0,0.8451378,0.14926879107952118,0.8888888955116272,0.5066065788269043
YMR203W,YGL169W,0,0.84508157,0.14923115074634552,0.8888888955116272,0.5067567825317383
YLR228C,YGL148W,0,0.84483117,0.14919355511665344,0.8888888955116272,0.5069069266319275
YEL062W,YBR037C,0,0.8447048,0.14915595948696136,0.8888888955116272,0.5070570707321167
YMR114C,YBR129C,0,0.844407,0.14911839365959167,0.8888888955116272,0.5072072148323059
YEL030W,YER115C,0,0.84437746,0.14908084273338318,0.8888888955116272,0.5073573589324951
YHR214C-B,YGL169W,0,0.8443027,0.14904330670833588,0.8888888955116272,0.5075075030326843
YJL114W,YGL244W,0,0.84423673,0.14900578558444977,0.8888888955116272,0.5076576471328735
YBL113C,YER002W,0,0.84411085,0.14896829426288605,0.8888888955116272,0.5078077912330627
YGR161W-B,YLR256W-A,0,0.8440868,0.14893081784248352,0.8888888955116272,0.507957935333252
YPR196W,YBR294W,0,0.84382325,0.1488933563232422,0.8888888955116272,0.5081080794334412
YER168C,YHL027W,0,0.8435353,0.14885592460632324,0.8888888955116272,0.5082582831382751
YGR167W,YMR087W,0,0.8435201,0.1488185077905655,0.8888888955116272,0.5084084272384644
YPR072W,YIL020C,0,0.8428725,0.14878110587596893,0.8888888955116272,0.5085585713386536
YOL066C,YBR093C,0,0.84257686,0.14874371886253357,0.8888888955116272,0.5087087154388428
YPL240C,YOR338W,0,0.8420755,0.1487063616514206,0.8888888955116272,0.508858859539032
YHR012W,YGL233W,0,0.8418034,0.14866900444030762,0.8888888955116272,0.5090090036392212
YPL098C,YER046W,0,0.8415635,0.14863169193267822,0.8888888955116272,0.5091591477394104
YNR006W,YER137C-A,0,0.84138733,0.14859437942504883,0.8888888955116272,0.5093092918395996
YOL103W-B,YPL113C,0,0.84127593,0.14855708181858063,0.8888888955116272,0.5094594359397888
YFL002W-B,YNL230C,0,0.8409885,0.14851981401443481,0.8888888955116272,0.509609580039978
YDR261C-D,YMR193W,0,0.8408864,0.1484825611114502,0.8888888955116272,0.509759783744812
YNL282W,YLR278C,0,0.840847,0.14844533801078796,0.8888888955116272,0.5099099278450012
YIL006W,YDR304C,0,0.84083706,0.14840811491012573,0.8888888955116272,0.5100600719451904
YMR046C,YPR160W,0,0.840681,0.1483709216117859,0.8888888955116272,0.5102102160453796
YOL103W-B,YDR079W,0,0.8404133,0.14833375811576843,0.8888888955116272,0.5103603601455688
YEL040W,YJR040W,0,0.8403469,0.14829659461975098,0.8888888955116272,0.5105105042457581
YEL053C,YBL085W,0,0.84034365,0.1482594609260559,0.8888888955116272,0.5106606483459473
YPL200W,YFR036W,1,0.8403236,0.14847271144390106,0.8903903961181641,0.5106606483459473
YKR056W,YGL183C,0,0.840311,0.1484355479478836,0.8903903961181641,0.5108107924461365
YNR067C,YJL200C,0,0.8393923,0.14839839935302734,0.8903903961181641,0.5109609365463257
YNL314W,YML030W,0,0.83923817,0.14836126565933228,0.8903903961181641,0.5111111402511597
YOL038W,YDR337W,0,0.83922714,0.1483241617679596,0.8903903961181641,0.5112612843513489
YNL335W,YKR044W,0,0.83886856,0.1482870727777481,0.8903903961181641,0.5114114284515381
YKL172W,YMR268W-A,0,0.8388652,0.14824999868869781,0.8903903961181641,0.5115615725517273
YMR276W,YDR210C-C,0,0.83866924,0.14821293950080872,0.8903903961181641,0.5117117166519165
YDR245W,YNL050C,0,0.83864796,0.148175910115242,0.8903903961181641,0.5118618607521057
YGR177C,YPL104W,0,0.8385808,0.1481388956308365,0.8903903961181641,0.5120120048522949
YBR172C,YDL024C,0,0.83828986,0.14810189604759216,0.8903903961181641,0.5121621489524841
YPR191W,YOR283W,0,0.8382639,0.14806492626667023,0.8903903961181641,0.5123122930526733
YMR013C,YJL178C,0,0.8380677,0.1480279564857483,0.8903903961181641,0.5124624371528625
YOL082W,YDR444W,0,0.8377541,0.14799101650714874,0.8903903961181641,0.5126126408576965
YGL186C,YOR099W,0,0.83749074,0.1479540914297104,0.8903903961181641,0.5127627849578857
YDL097C,YLR154W-A,0,0.8374372,0.14791718125343323,0.8903903961181641,0.512912929058075
YOR084W,YPL104W,0,0.8373977,0.14788030087947845,0.8903903961181641,0.5130630731582642
YJR092W,YLL017W,0,0.83727944,0.14784343540668488,0.8903903961181641,0.5132132172584534
YJL034W,YBL113C,0,0.8372093,0.1478065848350525,0.8903903961181641,0.5133633613586426
YMR078C,YCL060C,1,0.8371173,0.148018941283226,0.8918918967247009,0.5133633613586426
YDR414C,YDR026C,0,0.83696306,0.14798206090927124,0.8918918967247009,0.5135135054588318
YBL026W,YHR109W,0,0.83671355,0.14794521033763885,0.8918918967247009,0.513663649559021
YLR256W-A,YNL092W,0,0.8364058,0.14790835976600647,0.8918918967247009,0.5138137936592102
YBR294W,YMR034C,0,0.83630043,0.14787153899669647,0.8918918967247009,0.5139639377593994
YOR142W-B,YJL172W,0,0.83616453,0.14783474802970886,0.8918918967247009,0.5141141414642334
YGL068W,YDR210C-C,0,0.83608574,0.14779795706272125,0.8918918967247009,0.5142642855644226
YLL008W,YJL012C-A,0,0.83513147,0.14776119589805603,0.8918918967247009,0.5144144296646118
YBR271W,YBR042C,0,0.83512586,0.147724449634552,0.8918918967247009,0.514564573764801
YOR388C,YLR160C,0,0.83508044,0.14768771827220917,0.8918918967247009,0.5147147178649902
YER137C-A,YKL053C-A,0,0.83505136,0.14765100181102753,0.8918918967247009,0.5148648619651794
YDL059C,YLR348C,0,0.83477575,0.14761431515216827,0.8918918967247009,0.5150150060653687
YOR142W-B,YIR018W,0,0.8347453,0.14757764339447021,0.8918918967247009,0.5151651501655579
YNL016W,YDR261W-A,0,0.83467567,0.14754098653793335,0.8918918967247009,0.5153152942657471
YAL024C,YOL053C-A,0,0.8345211,0.14750434458255768,0.8918918967247009,0.5154654383659363
YOL103W-B,YCR012W,0,0.8342258,0.1474677324295044,0.8918918967247009,0.5156156420707703
YFL057C,YGR112W,0,0.83410245,0.1474311202764511,0.8918918967247009,0.5157657861709595
YPR204W,YER074W,0,0.83377534,0.14739453792572021,0.8918918967247009,0.5159159302711487
YGL212W,YGR255C,0,0.8336307,0.1473579704761505,0.8918918967247009,0.5160660743713379
YJR151C,YLR073C,0,0.8335299,0.1473214328289032,0.8918918967247009,0.5162162184715271
YDR457W,YLL017W,0,0.8333907,0.14728489518165588,0.8918918967247009,0.5163663625717163
YCR080W,YKR068C,0,0.83333933,0.14724838733673096,0.8918918967247009,0.5165165066719055
YNL079C,YPL223C,0,0.83313006,0.14721189439296722,0.8918918967247009,0.5166666507720947
YMR089C,YJL171C,0,0.8331061,0.14717541635036469,0.8918918967247009,0.5168167948722839
YDL246C,YMR034C,0,0.8327996,0.14713896811008453,0.8918918967247009,0.5169669389724731
YBR223C,YJL171C,0,0.83279604,0.14710251986980438,0.8918918967247009,0.5171171426773071
YGR095C,YGL046W,0,0.83274174,0.14706610143184662,0.8918918967247009,0.5172672867774963
YHR029C,YMR304W,0,0.8326463,0.14702969789505005,0.8918918967247009,0.5174174308776855
YGL209W,YMR046C,0,0.83261484,0.14699332416057587,0.8918918967247009,0.5175675749778748
YNL307C,YDR260C,1,0.8324701,0.14720435440540314,0.8933933973312378,0.5175675749778748
YOR084W,YLR410W-A,0,0.83233565,0.14716795086860657,0.8933933973312378,0.517717719078064
YGR031C-A,YMR194W,0,0.8319247,0.14713154733181,0.8933933973312378,0.5178678631782532
YOR084W,YNL238W,0,0.8318155,0.14709517359733582,0.8933933973312378,0.5180180072784424
YJL114W,YHR051W,0,0.8316573,0.14705882966518402,0.8933933973312378,0.5181681513786316
YER017C,YPL259C,0,0.831629,0.14702248573303223,0.8933933973312378,0.5183182954788208
YGR161W-B,YMR136W,0,0.8311969,0.14698617160320282,0.8933933973312378,0.51846843957901
YDR210C-C,YKL067W,0,0.8305916,0.1469498574733734,0.8933933973312378,0.518618643283844
YDR210C-C,YPL083C,0,0.83052903,0.1469135731458664,0.8933933973312378,0.5187687873840332
YBR006W,YPL098C,0,0.8304706,0.14687731862068176,0.8933933973312378,0.5189189314842224
YDR172W,YIR039C,0,0.8301,0.14684106409549713,0.8933933973312378,0.5190690755844116
YPR137C-A,YBR059C,0,0.8296859,0.1468048393726349,0.8933933973312378,0.5192192196846008
YMR093W,YKL205W,0,0.8291977,0.14676862955093384,0.8933933973312378,0.51936936378479
YBL113C,YKR035W-A,0,0.82901967,0.14673243463039398,0.8933933973312378,0.5195195078849792
YER165W,YML006C,0,0.82855016,0.14669625461101532,0.8933933973312378,0.5196696519851685
YBR096W,YGL046W,0,0.8281495,0.14666008949279785,0.8933933973312378,0.5198197960853577
YOR291W,YBL101W-B,0,0.8281495,0.14662395417690277,0.8933933973312378,0.5199699401855469
YLR227W-B,YDR218C,0,0.8281495,0.14658783376216888,0.8933933973312378,0.5201201438903809
YFL035C,YDR381C-A,0,0.8281495,0.1465517282485962,0.8933933973312378,0.5202702879905701
YPL276W,YFL011W-A,0,0.8281495,0.1465156376361847,0.8933933973312378,0.5204204320907593
YGR246C,YML045W-A,0,0.8281495,0.1464795619249344,0.8933933973312378,0.5205705761909485
YDR014W-A,YOL053C-A,0,0.8281495,0.14644351601600647,0.8933933973312378,0.5207207202911377
YNL284C-A,YPR190C,0,0.8281495,0.14640748500823975,0.8933933973312378,0.5208708643913269
YDR014W-A,YCR055C,0,0.8281495,0.14637146890163422,0.8933933973312378,0.5210210084915161
YDR014W-A,YNL016W,0,0.8281495,0.14633546769618988,0.8933933973312378,0.5211711525917053
YBR238C,YCR097WB,0,0.8281495,0.14629948139190674,0.8933933973312378,0.5213212966918945
YOR142W-B,YMR240C,0,0.8281495,0.14626352488994598,0.8933933973312378,0.5214715003967285
YML045W-A,YAR031W,0,0.8281495,0.14622756838798523,0.8933933973312378,0.5216216444969177
YER008C,YOR142W-A,0,0.8281495,0.14619164168834686,0.8933933973312378,0.5217717885971069
YBL101W-B,YNL223W,0,0.8281495,0.1461557298898697,0.8933933973312378,0.5219219326972961
YOL053C-A,YER137C,0,0.8281495,0.1461198478937149,0.8933933973312378,0.5220720767974854
YJL012C-A,YFL054C,0,0.8281495,0.14608396589756012,0.8933933973312378,0.5222222208976746
YFL033C,YDR381C-A,0,0.8281495,0.14604811370372772,0.8933933973312378,0.5223723649978638
YEL043W,YLR391W-A,0,0.8281495,0.14601227641105652,0.8933933973312378,0.522522509098053
YHR061C,YDR014W-A,0,0.8281495,0.1459764540195465,0.8933933973312378,0.5226726531982422
YBL029C-A,YBL034C,0,0.8281495,0.1459406465291977,0.8933933973312378,0.5228227972984314
YBL101W-B,YDR240C,0,0.8281495,0.14590485394001007,0.8933933973312378,0.5229730010032654
YGR161W-B,YGR070W,0,0.8281495,0.14586909115314484,0.8933933973312378,0.5231231451034546
YBL029C-A,YER137C,0,0.8281495,0.1458333283662796,0.8933933973312378,0.5232732892036438
YOL103W-B,YOL053C-A,0,0.8281495,0.14579759538173676,0.8933933973312378,0.523423433303833
YBR172C,YLR410W-B,0,0.8281495,0.1457618772983551,0.8933933973312378,0.5235735774040222
YDR014W-A,YLR020C,0,0.8281495,0.14572618901729584,0.8933933973312378,0.5237237215042114
YNL284C-A,YKR020W,0,0.8281495,0.14569050073623657,0.8933933973312378,0.5238738656044006
YBR075W,YLR410W-B,0,0.8281495,0.1456548273563385,0.8933933973312378,0.5240240097045898
YOR071C,YNL284C-A,0,0.8281495,0.14561918377876282,0.8933933973312378,0.524174153804779
YGR144W,YDR381C-A,0,0.8281495,0.14558355510234833,0.8933933973312378,0.5243242979049683
YNL284C-A,YNR072W,0,0.8281495,0.14554794132709503,0.8933933973312378,0.5244745016098022
YDR014W-A,YDL227C,0,0.8281495,0.14551235735416412,0.8933933973312378,0.5246246457099915
YBR182C,YBL101W-B,0,0.8281495,0.14547677338123322,0.8933933973312378,0.5247747898101807
YHR066W,YML045W-A,0,0.8281495,0.1454412192106247,0.8933933973312378,0.5249249339103699
YNL284C-A,YJR133W,0,0.8281495,0.14540566504001617,0.8933933973312378,0.5250750780105591
YPR137C-A,YOL158C,0,0.8281495,0.14537014067173004,0.8933933973312378,0.5252252221107483
YGL237C,YBL101W-B,0,0.8281495,0.1453346312046051,0.8933933973312378,0.5253753662109375
YDR411C,YML045W-A,0,0.8281495,0.14529915153980255,0.8933933973312378,0.5255255103111267
YNR021W,YCR080W,0,0.8281495,0.145263671875,0.8933933973312378,0.5256756544113159
YBL101W-B,YPL196W,0,0.8281495,0.14522822201251984,0.8933933973312378,0.5258257985115051
YDR245W,YML045W-A,0,0.8281495,0.14519277215003967,0.8933933973312378,0.5259760022163391
YDL198C,YML045W-A,0,0.8281495,0.1451573520898819,0.8933933973312378,0.5261261463165283
YBL101W-B,YER125W,0,0.8281495,0.14512194693088531,0.8933933973312378,0.5262762904167175
YNL202W,YML045W-A,0,0.8281495,0.14508657157421112,0.8933933973312378,0.5264264345169067
YNL138W-A,YBR238C,0,0.8281495,0.14505119621753693,0.8933933973312378,0.526576578617096
YGR251W,YBL101W-B,0,0.8281495,0.14501583576202393,0.8933933973312378,0.5267267227172852
YKL168C,YDR381C-A,0,0.8281495,0.1449805051088333,0.8933933973312378,0.5268768668174744
YJL171C,YMR268W-A,0,0.8281495,0.1449451893568039,0.8933933973312378,0.5270270109176636
YNL284C-A,YCR011C,0,0.8281495,0.14490988850593567,0.8933933973312378,0.5271771550178528
YGL256W,YDR381C-A,0,0.8281495,0.14487460255622864,0.8933933973312378,0.527327299118042
YBL101W-B,YER138C,0,0.8281495,0.1448393315076828,0.8933933973312378,0.527477502822876
YBR075W,YFR018C,0,0.8281495,0.14480409026145935,0.8933933973312378,0.5276276469230652
YDR381C-A,YPL093W,0,0.8281495,0.1447688490152359,0.8933933973312378,0.5277777910232544
YHR041C,YML045W-A,0,0.8281495,0.14473363757133484,0.8933933973312378,0.5279279351234436
YDR476C,YLR391W,0,0.8281495,0.14469844102859497,0.8933933973312378,0.5280780792236328
YNL284C-A,YDR222W,0,0.8281495,0.1446632593870163,0.8933933973312378,0.528228223323822
YNL127W,YBL029C-A,0,0.8281495,0.14462809264659882,0.8933933973312378,0.5283783674240112
YGR109W-B,YGR281W,0,0.8281495,0.14459295570850372,0.8933933973312378,0.5285285115242004
YPR158C-C,YKL182W,0,0.8281495,0.14455781877040863,0.8933933973312378,0.5286786556243896
YEL069C,YBL029C-A,0,0.8281495,0.14452271163463593,0.8933933973312378,0.5288287997245789
YBL101W-B,YBR230C,0,0.8281495,0.14448761940002441,0.8933933973312378,0.5289790034294128
YDR014W-A,YJR034W,0,0.8281495,0.1444525420665741,0.8933933973312378,0.529129147529602
YFL035C,YBR074W,0,0.8281495,0.14441747963428497,0.8933933973312378,0.5292792916297913
YPR196W,YCL003W,0,0.8281495,0.14438243210315704,0.8933933973312378,0.5294294357299805
YBL101W-B,YPL167C,0,0.8281495,0.1443473994731903,0.8933933973312378,0.5295795798301697
YBL029C-A,YJR101W,0,0.8281495,0.14431239664554596,0.8933933973312378,0.5297297239303589
YAL024C,YLR410W-B,0,0.8281495,0.1442773938179016,0.8933933973312378,0.5298798680305481
YLR289W,YDR381C-A,0,0.8281495,0.14424242079257965,0.8933933973312378,0.5300300121307373
YFL066C,YFL035C,0,0.8281495,0.14420746266841888,0.8933933973312378,0.5301801562309265
YMR169C,YDR381C-A,0,0.8281495,0.1441725194454193,0.8933933973312378,0.5303303599357605
YFR045W,YNL138W-A,0,0.8281495,0.14413759112358093,0.8933933973312378,0.5304805040359497
YDR014W-A,YGL183C,0,0.8281495,0.14410269260406494,0.8933933973312378,0.5306306481361389
YOL057W,YBR111W-A,0,0.8281495,0.14406779408454895,0.8933933973312378,0.5307807922363281
YNL284C-A,YER115C,0,0.8281495,0.14403292536735535,0.8933933973312378,0.5309309363365173
YNL284C-A,YIL140W,0,0.8281495,0.14399805665016174,0.8933933973312378,0.5310810804367065
YDR014W-A,YMR065W,0,0.8281495,0.14396321773529053,0.8933933973312378,0.5312312245368958
YKR101W,YDR381C-A,0,0.8281495,0.1439283937215805,0.8933933973312378,0.531381368637085
YBL101W-B,YER145C,0,0.8281495,0.14389358460903168,0.8933933973312378,0.5315315127372742
YDR014W-A,YNL202W,0,0.8281495,0.14385880529880524,0.8933933973312378,0.5316816568374634
YDR014W-A,YGR271W,0,0.8281495,0.1438240259885788,0.8933933973312378,0.5318318605422974
YGR012W,YGL046W,0,0.8281495,0.14378927648067474,0.8933933973312378,0.5319820046424866
YBR096W,YOL053C-A,0,0.8281495,0.1437545269727707,0.8933933973312378,0.5321321487426758
YNL284C-A,YOR294W,0,0.8281495,0.14371980726718903,0.8933933973312378,0.532282292842865
YBL101W-B,YML132W,0,0.8281495,0.14368510246276855,0.8933933973312378,0.5324324369430542
YLR107W,YML045W-A,0,0.8281495,0.14365041255950928,0.8933933973312378,0.5325825810432434
YNL127W,YML045W-A,0,0.8281495,0.1436157375574112,0.8933933973312378,0.5327327251434326
YPL257W-B,YGL046W,0,0.8281495,0.1435810774564743,0.8933933973312378,0.5328828692436218
YNL284C-A,YMR061W,0,0.8281495,0.1435464471578598,0.8933933973312378,0.533033013343811
YDR090C,YCL026C-B,0,0.8281495,0.1435118168592453,0.8933933973312378,0.5331831574440002
YDL121C,YDR381C-A,0,0.8281495,0.14347721636295319,0.8933933973312378,0.5333333611488342
YOL136C,YDR381C-A,0,0.8281495,0.14344261586666107,0.8933933973312378,0.5334835052490234
YNL307C,YJR112W,1,0.828017,0.14364907145500183,0.8948948979377747,0.5334835052490234
YBL028C,YDR457W,0,0.82777494,0.14361445605754852,0.8948948979377747,0.5336336493492126
YMR117C,YCL060C,1,0.8277655,0.14382076263427734,0.8963963985443115,0.5336336493492126
YPL257W-B,YJL176C,0,0.8276004,0.14378613233566284,0.8963963985443115,0.5337837934494019
YML071C,YKL205W,0,0.82750136,0.14375150203704834,0.8963963985443115,0.5339339375495911
YKL103C,YHR119W,0,0.82704896,0.14371690154075623,0.8963963985443115,0.5340840816497803
YNL261W,YLR410W-B,0,0.82703215,0.1436823159456253,0.8963963985443115,0.5342342257499695
YLR452C,YLR165C,0,0.8269456,0.14364774525165558,0.8963963985443115,0.5343843698501587
YEL069C,YGR031C-A,0,0.82690334,0.14361318945884705,0.8963963985443115,0.5345345139503479
YDR310C,YGR118W,0,0.82684726,0.1435786485671997,0.8963963985443115,0.5346846580505371
YGR031C-A,YKL205W,0,0.8268173,0.14354412257671356,0.8963963985443115,0.5348348617553711
YGR031C-A,YLL027W,0,0.8265328,0.1435096114873886,0.8963963985443115,0.5349850058555603
YLR203C,YKL200C,0,0.8264766,0.14347513020038605,0.8963963985443115,0.5351351499557495
YGR031C-A,YOR038C,0,0.826126,0.14344064891338348,0.8963963985443115,0.5352852940559387
YNL302C,YPR091C,0,0.82602304,0.1434061974287033,0.8963963985443115,0.5354354381561279
YMR203W,YOL093W,0,0.82594913,0.14337176084518433,0.8963963985443115,0.5355855822563171
YGR031C-A,YBL058W,0,0.825921,0.14333733916282654,0.8963963985443115,0.5357357263565063
YLR107W,YDR210C-C,0,0.82564014,0.14330293238162994,0.8963963985443115,0.5358858704566956
YOL104C,YCL060C,1,0.8252908,0.14350852370262146,0.8978978991508484,0.5358858704566956
YGL172W,YOR142W-B,0,0.82507885,0.14347408711910248,0.8978978991508484,0.5360360145568848
YLL003W,YBR075W,0,0.8248153,0.14343968033790588,0.8978978991508484,0.536186158657074
YPL273W,YBR074W,0,0.82467955,0.1434052735567093,0.8978978991508484,0.536336362361908
YPL119C,YDL140C,0,0.82444125,0.14337089657783508,0.8978978991508484,0.5364865064620972
YGR031C-A,YKL203C,0,0.8244212,0.14333653450012207,0.8978978991508484,0.5366366505622864
YOR159C,YDL029W,0,0.8243242,0.14330218732357025,0.8978978991508484,0.5367867946624756
YBR202W,YCL014W,0,0.8234497,0.14326785504817963,0.8978978991508484,0.5369369387626648
YDR067C,YGR175C,0,0.8230963,0.1432335376739502,0.8978978991508484,0.537087082862854
YOL158C,YOR230W,0,0.82289976,0.14319923520088196,0.8978978991508484,0.5372372269630432
YOR283W,YDR373W,0,0.8224038,0.14316494762897491,0.8978978991508484,0.5373873710632324
YAR002C-A,YNL006W,0,0.82235307,0.14313068985939026,0.8978978991508484,0.5375375151634216
YEL056W,YHR057C,0,0.8222567,0.1430964320898056,0.8978978991508484,0.5376876592636108
YJL066C,YCR055C,0,0.82195306,0.14306220412254333,0.8978978991508484,0.5378378629684448
YKR071C,YNL262W,1,0.82174605,0.14326715469360352,0.8993993997573853,0.5378378629684448
YJL060W,YBL113C,0,0.8215871,0.14323289692401886,0.8993993997573853,0.537988007068634
YNR004W,YKL096W-A,0,0.82134783,0.1431986540555954,0.8993993997573853,0.5381381511688232
YDL036C,YER087C-B,0,0.82109225,0.14316444098949432,0.8993993997573853,0.5382882952690125
YBR247C,YNL219C,0,0.8210246,0.14313022792339325,0.8993993997573853,0.5384384393692017
YKR057W,YOL028C,0,0.82071507,0.14309602975845337,0.8993993997573853,0.5385885834693909
YJR078W,YMR301C,0,0.82005054,0.14306186139583588,0.8993993997573853,0.5387387275695801
YJR127C,YLR164W,0,0.8199612,0.14302769303321838,0.8993993997573853,0.5388888716697693
YGR264C,YDL045W-A,0,0.8199147,0.14299355447292328,0.8993993997573853,0.5390390157699585
YJL225C,YBR080C,0,0.8197536,0.14295943081378937,0.8993993997573853,0.5391891598701477
YKL103C,YGL071W,0,0.81972426,0.14292532205581665,0.8993993997573853,0.5393393635749817
YCR080W,YIR038C,0,0.8197092,0.14289122819900513,0.8993993997573853,0.5394895076751709
YNL079C,YDL128W,0,0.8194878,0.1428571492433548,0.8993993997573853,0.5396396517753601
YDR457W,YDR261W-A,0,0.8194248,0.14282308518886566,0.8993993997573853,0.5397897958755493
YGR031C-A,YBR177C,0,0.81931955,0.14278903603553772,0.8993993997573853,0.5399399399757385
YOL043C,YOR219C,0,0.8193124,0.14275500178337097,0.8993993997573853,0.5400900840759277
YDR254W,YCL060C,1,0.8190779,0.14295925199985504,0.9009009003639221,0.5400900840759277
YLR256W-A,YNL121C,0,0.8185759,0.1429252028465271,0.9009009003639221,0.5402402281761169
YBR271W,YER137C,0,0.81855845,0.14289116859436035,0.9009009003639221,0.5403903722763062
YPL151C,YCR055C,0,0.81816435,0.1428571492433548,0.9009009003639221,0.5405405163764954
YLR410W-A,YDR207C,0,0.81811213,0.14282314479351044,0.9009009003639221,0.5406907200813293
YHR214C-B,YAL017W,0,0.8180332,0.14278915524482727,0.9009009003639221,0.5408408641815186
YNL138W-A,YJL149W,0,0.8180071,0.1427551805973053,0.9009009003639221,0.5409910082817078
YKL020C,YER137C-A,0,0.81763905,0.14272122085094452,0.9009009003639221,0.541141152381897
YBL005W-B,YKR102W,0,0.8175327,0.14268727600574493,0.9009009003639221,0.5412912964820862
YDR210C-C,YGR271W,0,0.8175092,0.14265334606170654,0.9009009003639221,0.5414414405822754
YLR182W,YDL111C,0,0.81732315,0.14261944591999054,0.9009009003639221,0.5415915846824646
YBL058W,YOR283W,0,0.81673425,0.14258554577827454,0.9009009003639221,0.5417417287826538
YNL008C,YLR073C,0,0.81668234,0.14255167543888092,0.9009009003639221,0.541891872882843
YAL016W,YLR394W,1,0.8163888,0.14275534451007843,0.902402400970459,0.541891872882843
YLR187W,YJL171C,0,0.81636536,0.14272144436836243,0.902402400970459,0.5420420169830322
YJR005W,YOR142W-A,0,0.81608886,0.14268755912780762,0.902402400970459,0.5421922206878662
YNR067C,YLR301W,0,0.815862,0.142653688788414,0.902402400970459,0.5423423647880554
YNL138W-A,YOL124C,0,0.8157427,0.14261983335018158,0.902402400970459,0.5424925088882446
YDR026C,YKR008W,0,0.8157378,0.14258600771427155,0.902402400970459,0.5426426529884338
YOR106W,YLR042C,0,0.8155506,0.1425521820783615,0.902402400970459,0.542792797088623
YPL064C,YDR444W,0,0.8153747,0.14251837134361267,0.902402400970459,0.5429429411888123
YGR179C,YCL060C,1,0.81509846,0.14272166788578033,0.9039039015769958,0.5429429411888123
YBR115C,YIL048W,0,0.8150307,0.1426878422498703,0.9039039015769958,0.5430930852890015
YER013W,YJR070C,0,0.81500304,0.14265403151512146,0.9039039015769958,0.5432432293891907
YML028W,YBL113C,0,0.81493056,0.1426202356815338,0.9039039015769958,0.5433933734893799
YOL103W-B,YDL245C,0,0.81489235,0.14258645474910736,0.9039039015769958,0.5435435175895691
YHR029C,YFL017W-A,0,0.8145891,0.1425526887178421,0.9039039015769958,0.5436937212944031
YNR004W,YDL170W,0,0.81455654,0.14251893758773804,0.9039039015769958,0.5438438653945923
YFL002W-B,YOR251C,0,0.8145154,0.14248520135879517,0.9039039015769958,0.5439940094947815
YGR281W,YOR138C,0,0.81428367,0.14245149493217468,0.9039039015769958,0.5441441535949707
YNR074C,YLR073C,0,0.8140663,0.1424177885055542,0.9039039015769958,0.5442942976951599
YLR410W-B,YKL144C,0,0.8138842,0.1423841118812561,0.9039039015769958,0.5444444417953491
YDR383C,YPR158C-C,0,0.8138747,0.142350435256958,0.9039039015769958,0.5445945858955383
YLR165C,YCR002C,0,0.8134335,0.1423167884349823,0.9039039015769958,0.5447447299957275
YBR274W,YLR256W-A,0,0.8134225,0.1422831416130066,0.9039039015769958,0.5448948740959167
YOR343W-B,YOR194C,0,0.8133848,0.14224952459335327,0.9039039015769958,0.545045018196106
YJR151C,YMR229C,0,0.81333655,0.14221592247486115,0.9039039015769958,0.5451952219009399
YJR078W,YFR018C,0,0.8130309,0.1421823352575302,0.9039039015769958,0.5453453660011292
YMR210W,YLR088W,0,0.8126102,0.14214876294136047,0.9039039015769958,0.5454955101013184
YLR256W-A,YJR053W,0,0.8124591,0.14211520552635193,0.9039039015769958,0.5456456542015076
YCL043C,YGR072W,0,0.8123969,0.14208166301250458,0.9039039015769958,0.5457957983016968
YDL216C,YJL117W,0,0.8123303,0.14204813539981842,0.9039039015769958,0.545945942401886
YOL103W-B,YLL051C,0,0.8119105,0.14201462268829346,0.9039039015769958,0.5460960865020752
YPR204W,YMR173W,0,0.81115836,0.1419811248779297,0.9039039015769958,0.5462462306022644
YNL026W,YER137C,0,0.8111455,0.1419476568698883,0.9039039015769958,0.5463963747024536
YML030W,YGL019W,0,0.81108195,0.14191418886184692,0.9039039015769958,0.5465465188026428
YPR119W,YLL012W,0,0.810967,0.14188075065612793,0.9039039015769958,0.5466967225074768
YOL057W,YMR193W,0,0.8109463,0.14184731245040894,0.9039039015769958,0.546846866607666
YGR036C,YEL053C,0,0.8106821,0.14181390404701233,0.9039039015769958,0.5469970107078552
YER137C-A,YGR077C,0,0.81066203,0.14178049564361572,0.9039039015769958,0.5471471548080444
YDR499W,YNL178W,0,0.81065047,0.1417471170425415,0.9039039015769958,0.5472972989082336
YLL008W,YOR377W,0,0.81062394,0.14171375334262848,0.9039039015769958,0.5474474430084229
YOL145C,YLR321C,1,0.8100078,0.14191573858261108,0.9054054021835327,0.5474474430084229
YCR060W,YJR032W,0,0.8098319,0.14188235998153687,0.9054054021835327,0.5475975871086121
YIR011C,YPL200W,1,0.8098073,0.14208421111106873,0.9069069027900696,0.5475975871086121
YLR256W-A,YOR194C,0,0.80870414,0.14205080270767212,0.9069069027900696,0.5477477312088013
YNL262W,YCL060C,1,0.80814666,0.14225253462791443,0.9084084033966064,0.5477477312088013
YIL002C,YLR256W-A,0,0.8079475,0.14221908152103424,0.9084084033966064,0.5478978753089905
YJL071W,YDR261W-A,0,0.8075692,0.14218565821647644,0.9084084033966064,0.5480480194091797
YBR155W,YMR046C,0,0.8073297,0.14215224981307983,0.9084084033966064,0.5481982231140137
YBL079W,YAL031C,1,0.8071843,0.14235377311706543,0.9099099040031433,0.5481982231140137
YER013W,YDR527W,0,0.80712545,0.14232033491134644,0.9099099040031433,0.5483483672142029
YIL017W,YOR355W,0,0.8070696,0.14228692650794983,0.9099099040031433,0.5484985113143921
YML032C,YMR295C,0,0.8065402,0.14225351810455322,0.9099099040031433,0.5486486554145813
YMR319C,YML036W,0,0.8064846,0.142220139503479,0.9099099040031433,0.5487987995147705
YLR206W,YBR096W,0,0.80647033,0.14218676090240479,0.9099099040031433,0.5489489436149597
YDR512C,YGR216C,0,0.80615705,0.14215341210365295,0.9099099040031433,0.5490990877151489
YKR056W,YDR261W-A,0,0.80556405,0.14212007820606232,0.9099099040031433,0.5492492318153381
YDR492W,YPL208W,0,0.8053966,0.14208675920963287,0.9099099040031433,0.5493993759155273
YLR103C,YGR084C,0,0.805335,0.14205344021320343,0.9099099040031433,0.5495495200157166
YKR008W,YGL046W,0,0.8052022,0.14202015101909637,0.9099099040031433,0.5496997237205505
YMR005W,YNR015W,0,0.80504197,0.1419868767261505,0.9099099040031433,0.5498498678207397
YDL061C,YCR026C,0,0.80465764,0.14195361733436584,0.9099099040031433,0.550000011920929
YJL172W,YDR332W,0,0.8039096,0.14192037284374237,0.9099099040031433,0.5501501560211182
YMR160W,YDL128W,0,0.80357766,0.1418871432542801,0.9099099040031433,0.5503003001213074
YHL012W,YMR193W,0,0.8028036,0.141853928565979,0.9099099040031433,0.5504504442214966
YJR010W,YOR142W-B,0,0.80273694,0.1418207287788391,0.9099099040031433,0.5506005883216858
YJL225C,YBR182C,0,0.8026571,0.1417875587940216,0.9099099040031433,0.550750732421875
YGR109W-B,YPL098C,0,0.80240107,0.1417543888092041,0.9099099040031433,0.5509008765220642
YOR106W,YPL065W,0,0.801236,0.1417212337255478,0.9099099040031433,0.5510510802268982
YJL012C-A,YPL104W,0,0.8011364,0.14168809354305267,0.9099099040031433,0.5512012243270874
YFL066C,YHR168W,0,0.80101836,0.14165498316287994,0.9099099040031433,0.5513513684272766
YGR167W,YDR527W,0,0.80008906,0.14162187278270721,0.9099099040031433,0.5515015125274658
YEL053C,YJL103C,0,0.800064,0.14158879220485687,0.9099099040031433,0.551651656627655
YCL003W,YOL040C,0,0.79908806,0.14155571162700653,0.9099099040031433,0.5518018007278442
YPR189W,YNR018W,0,0.7989534,0.14152264595031738,0.9099099040031433,0.5519519448280334
YER008C,YIL108W,0,0.79894155,0.14148961007595062,0.9099099040031433,0.5521020889282227
YPL147W,YKL097W-A,0,0.79876554,0.14145658910274506,0.9099099040031433,0.5522522330284119
YBL112C,YGL216W,0,0.7985484,0.1414235681295395,0.9099099040031433,0.5524023771286011
YMR276W,YNL297C,0,0.7983018,0.1413905769586563,0.9099099040031433,0.5525525808334351
YDR210C-C,YOR377W,0,0.79824686,0.14135758578777313,0.9099099040031433,0.5527027249336243
YDR263C,YKL095W,0,0.79786414,0.14132462441921234,0.9099099040031433,0.5528528690338135
YDR530C,YDL047W,0,0.79783034,0.14129167795181274,0.9099099040031433,0.5530030131340027
YDL171C,YNR072W,0,0.7978221,0.14125874638557434,0.9099099040031433,0.5531531572341919
YDL021W,YOL053C-A,0,0.7976698,0.14122581481933594,0.9099099040031433,0.5533033013343811
YLL029W,YCR097WB,0,0.7973375,0.14119291305541992,0.9099099040031433,0.5534534454345703
YNR017W,YHL027W,0,0.7973309,0.1411600261926651,0.9099099040031433,0.5536035895347595
YJL130C,YOR226C,0,0.79730105,0.14112715423107147,0.9099099040031433,0.5537537336349487
YIL088C,YDR146C,0,0.79715323,0.14109429717063904,0.9099099040031433,0.5539038777351379
YHR214C-B,YPL096W,0,0.7969174,0.1410614550113678,0.9099099040031433,0.5540540814399719
YJL030W,YAL031C,1,0.79670995,0.14126133918762207,0.9114114046096802,0.5540540814399719
YKL013C,YOL054W,0,0.79635024,0.14122848212718964,0.9114114046096802,0.5542042255401611
YGR282C,YPR043W,0,0.7961498,0.1411956250667572,0.9114114046096802,0.5543543696403503
YIL095W,YBR075W,0,0.79607487,0.14116279780864716,0.9114114046096802,0.5545045137405396
YKL166C,YPL098C,0,0.7957025,0.1411299705505371,0.9114114046096802,0.5546546578407288
YKL103C,YFL023W,0,0.79539317,0.14109715819358826,0.9114114046096802,0.554804801940918
YPR002W,YNL238W,0,0.7951438,0.1410643756389618,0.9114114046096802,0.5549549460411072
YNL307C,YCL060C,1,0.7948263,0.141263946890831,0.912912905216217,0.5549549460411072
YPR035W,YDL206W,0,0.79453975,0.14123111963272095,0.912912905216217,0.5551050901412964
YER013W,YER175C,0,0.7944522,0.1411983221769333,0.912912905216217,0.5552552342414856
YOR283W,YLL004W,0,0.79424816,0.14116553962230682,0.912912905216217,0.5554053783416748
YMR008C,YNL298W,0,0.79419595,0.14113277196884155,0.912912905216217,0.5555555820465088
YDR240C,YML056C,0,0.793759,0.14110001921653748,0.912912905216217,0.555705726146698
YDR261C-D,YDR332W,0,0.79361874,0.1410672813653946,0.912912905216217,0.5558558702468872
YPL127C,YDR034C,0,0.79327375,0.1410345584154129,0.912912905216217,0.5560060143470764
YJL081C,YKL124W,0,0.7928147,0.1410018503665924,0.912912905216217,0.5561561584472656
YJL079C,YPL208W,0,0.79235953,0.1409691572189331,0.912912905216217,0.5563063025474548
YKL200C,YGL122C,0,0.7920154,0.140936478972435,0.912912905216217,0.556456446647644
YGR180C,YGL170C,0,0.7919782,0.14090383052825928,0.912912905216217,0.5566065907478333
YER013W,YMR240C,0,0.7919118,0.14087118208408356,0.912912905216217,0.5567567348480225
YGL068W,YCR055C,0,0.7917947,0.14083854854106903,0.912912905216217,0.5569068789482117
YLR447C,YBR271W,0,0.79157686,0.1408059298992157,0.912912905216217,0.5570570826530457
YKR071C,YIR025W,1,0.79155415,0.14100486040115356,0.9144144058227539,0.5570570826530457
YJR107W,YLR348C,0,0.7915297,0.14097222685813904,0.9144144058227539,0.5572072267532349
YOL070C,YPR002W,0,0.79120344,0.1409395933151245,0.9144144058227539,0.5573573708534241
YPR137C-A,YHR175W,0,0.79114527,0.14090698957443237,0.9144144058227539,0.5575075149536133
YPL002C,YLR227W-B,0,0.79105633,0.14087438583374023,0.9144144058227539,0.5576576590538025
YDR254W,YJL030W,1,0.79083276,0.141073077917099,0.9159159064292908,0.5576576590538025
YPL276W,YOR215C,0,0.7908185,0.14104045927524567,0.9159159064292908,0.5578078031539917
YPL180W,YNL208W,0,0.7907912,0.14100785553455353,0.9159159064292908,0.5579579472541809
YGL212W,YDR222W,0,0.7904661,0.14097526669502258,0.9159159064292908,0.5581080913543701
YER137C-A,YBR129C,0,0.7904336,0.14094269275665283,0.9159159064292908,0.5582582354545593
YBL058W,YNR072W,0,0.79026955,0.14091013371944427,0.9159159064292908,0.5584083795547485
YGR089W,YNR010W,1,0.79003495,0.14110854268074036,0.9174174070358276,0.5584083795547485
YOR291W,YLR163C,0,0.7899501,0.1410759687423706,0.9174174070358276,0.5585585832595825
YEL069C,YBR271W,0,0.7898857,0.14104339480400085,0.9174174070358276,0.5587087273597717
YDR210C-C,YNL107W,0,0.7886186,0.1410108506679535,0.9174174070358276,0.5588588714599609
YNL138W-A,YGL046W,0,0.7884595,0.14097830653190613,0.9174174070358276,0.5590090155601501
YOR388C,YML052W,0,0.78823525,0.14094579219818115,0.9174174070358276,0.5591591596603394
YEL031W,YGR032W,0,0.7881872,0.14091327786445618,0.9174174070358276,0.5593093037605286
YHR041C,YGL113W,0,0.7881236,0.1408807933330536,0.9174174070358276,0.5594594478607178
YGR020C,YNL230C,0,0.78807336,0.1408483237028122,0.9174174070358276,0.559609591960907
YGR113W,YCL060C,1,0.7880401,0.14104633033275604,0.9189189076423645,0.559609591960907
YDR460W,YCL043C,0,0.787588,0.14101383090019226,0.9189189076423645,0.5597597360610962
YKL200C,YNL284C,0,0.7874619,0.14098134636878967,0.9189189076423645,0.5599098801612854
YPR187W,YGL004C,0,0.78723264,0.14094887673854828,0.9189189076423645,0.5600600838661194
YPL276W,YJL053W,0,0.7864374,0.14091642200946808,0.9189189076423645,0.5602102279663086
YMR321C,YBR080C,0,0.7860474,0.14088398218154907,0.9189189076423645,0.5603603720664978
YDL111C,YNL122C,0,0.7858506,0.14085155725479126,0.9189189076423645,0.560510516166687
YGR081C,YML112W,0,0.7856318,0.14081914722919464,0.9189189076423645,0.5606606602668762
YJL213W,YKR026C,0,0.7855453,0.14078675210475922,0.9189189076423645,0.5608108043670654
YKL217W,YMR210W,0,0.78533787,0.14075437188148499,0.9189189076423645,0.5609609484672546
YDR196C,YEL040W,0,0.78503174,0.14072200655937195,0.9189189076423645,0.5611110925674438
YCL018W,YMR033W,0,0.784946,0.1406896561384201,0.9189189076423645,0.5612612366676331
YDR461W,YLR154W-A,0,0.78471696,0.14065732061862946,0.9189189076423645,0.561411440372467
YPR191W,YJR026W,0,0.7843304,0.140625,0.9189189076423645,0.5615615844726562
YLR410W-A,YCR002C,0,0.7843123,0.14059269428253174,0.9189189076423645,0.5617117285728455
YJL206C,YJR063W,0,0.78399926,0.14056040346622467,0.9189189076423645,0.5618618726730347
YER052C,YPR159W,0,0.7832961,0.1405281275510788,0.9189189076423645,0.5620120167732239
YMR039C,YGL225W,0,0.78327537,0.14049586653709412,0.9189189076423645,0.5621621608734131
YOR106W,YOR294W,0,0.7830027,0.14046362042427063,0.9189189076423645,0.5623123049736023
YJL012C-A,YPL096W,0,0.7829616,0.14043138921260834,0.9189189076423645,0.5624624490737915
YBR118W,YHR059W,0,0.78262526,0.14039917290210724,0.9189189076423645,0.5626125931739807
YGR056W,YDR144C,0,0.7822584,0.14036697149276733,0.9189189076423645,0.5627627372741699
YDR079W,YOL124C,0,0.7821166,0.14033478498458862,0.9189189076423645,0.5629129409790039
YCL003W,YBR037C,0,0.7820326,0.1403026133775711,0.9189189076423645,0.5630630850791931
YFL048C,YBR192W,0,0.7818468,0.14027045667171478,0.9189189076423645,0.5632132291793823
YHR132C,YNR017W,0,0.7816723,0.14023831486701965,0.9189189076423645,0.5633633732795715
YER087W,YFL001W,0,0.7815994,0.14020618796348572,0.9189189076423645,0.5635135173797607
YDL140C,YMR295C,0,0.7813129,0.14017407596111298,0.9189189076423645,0.56366366147995
YIL143C,YNL092W,0,0.7812799,0.14014197885990143,0.9189189076423645,0.5638138055801392
YOR215C,YNL274C,0,0.7805135,0.14010989665985107,0.9189189076423645,0.5639639496803284
YLL034C,YDR373W,0,0.78006434,0.14007781445980072,0.9189189076423645,0.5641140937805176
YBR120C,YJR028W,0,0.7798392,0.14004576206207275,0.9189189076423645,0.5642642378807068
YLL029W,YNR017W,0,0.779279,0.14001372456550598,0.9189189076423645,0.5644144415855408
YOR301W,YKL217W,0,0.778848,0.1399817019701004,0.9189189076423645,0.56456458568573
YOL070C,YGR285C,0,0.7785824,0.13994969427585602,0.9189189076423645,0.5647147297859192
YPL276W,YDR508C,0,0.7780485,0.13991770148277283,0.9189189076423645,0.5648648738861084
YPL257W-B,YOR008C,0,0.77801317,0.13988570868968964,0.9189189076423645,0.5650150179862976
YDR530C,YGL014W,0,0.7773744,0.13985374569892883,0.9189189076423645,0.5651651620864868
YPL257W-B,YMR273C,0,0.77737266,0.13982179760932922,0.9189189076423645,0.565315306186676
YKL097W-A,YNR044W,0,0.77680576,0.1397898644208908,0.9189189076423645,0.5654654502868652
YKR054C,YFR036W,1,0.776297,0.1399862915277481,0.9204204082489014,0.5654654502868652
YLL041C,YLR024C,0,0.7758371,0.1399543434381485,0.9204204082489014,0.5656155943870544
YBL076C,YOR232W,0,0.77575886,0.1399223953485489,0.9204204082489014,0.5657657384872437
YKR056W,YJL176C,0,0.7754026,0.13989046216011047,0.9204204082489014,0.5659159421920776
YCL003W,YDL040C,0,0.7752534,0.13985854387283325,0.9204204082489014,0.5660660862922668
YJL085W,YJL213W,0,0.7752298,0.13982664048671722,0.9204204082489014,0.566216230392456
YKL020C,YLR410W-A,0,0.77488136,0.1397947520017624,0.9204204082489014,0.5663663744926453
YPR158C-C,YMR308C,0,0.7740273,0.13976287841796875,0.9204204082489014,0.5665165185928345
YJL213W,YLR309C,0,0.7738456,0.1397310197353363,0.9204204082489014,0.5666666626930237
YPR137C-A,YPR060C,0,0.7738137,0.13969917595386505,0.9204204082489014,0.5668168067932129
YBR230C,YER137C,0,0.77360815,0.139667347073555,0.9204204082489014,0.5669669508934021
YGR177C,YBR061C,0,0.7733698,0.13963553309440613,0.9204204082489014,0.5671170949935913
YOR145C,YBR075W,0,0.7731532,0.13960373401641846,0.9204204082489014,0.5672672390937805
YIL080W,YDR081C,0,0.77310807,0.13957194983959198,0.9204204082489014,0.5674174427986145
YAL038W,YJL071W,0,0.7727081,0.1395401805639267,0.9204204082489014,0.5675675868988037
YML112W,YFL035C,0,0.77169985,0.1395084261894226,0.9204204082489014,0.5677177309989929
YGR161W-B,YLR050C,0,0.771536,0.13947667181491852,0.9204204082489014,0.5678678750991821
YNL314W,YIL047C,0,0.77128106,0.13944494724273682,0.9204204082489014,0.5680180191993713
YOL155C,YPL273W,0,0.7710802,0.1394132375717163,0.9204204082489014,0.5681681632995605
YDR210C-C,YOR216C,0,0.7710022,0.139381542801857,0.9204204082489014,0.5683183073997498
YPL127C,YKL171W,0,0.77086455,0.13934984803199768,0.9204204082489014,0.568468451499939
YPL139C,YGR105W,0,0.77037096,0.13931818306446075,0.9204204082489014,0.5686185956001282
YDR196C,YPR091C,0,0.77013195,0.13928653299808502,0.9204204082489014,0.5687687397003174
YGL014W,YGR268C,0,0.7700154,0.1392548829317093,0.9204204082489014,0.5689189434051514
YCL060C,YDR260C,1,0.7696282,0.13945037126541138,0.9219219088554382,0.5689189434051514
YJL114W,YGR052W,0,0.76941305,0.13941870629787445,0.9219219088554382,0.5690690875053406
YMR087W,YPL027W,0,0.76930004,0.13938705623149872,0.9219219088554382,0.5692192316055298
YPL083C,YPL273W,0,0.7688208,0.13935542106628418,0.9219219088554382,0.569369375705719
YGR175C,YNR060W,0,0.7688202,0.13932380080223083,0.9219219088554382,0.5695195198059082
YBR020W,YJL140W,0,0.76852256,0.13929219543933868,0.9219219088554382,0.5696696639060974
YOL103W-B,YOL112W,0,0.7684398,0.13926060497760773,0.9219219088554382,0.5698198080062866
YDL121C,YDL040C,0,0.7683343,0.13922902941703796,0.9219219088554382,0.5699699521064758
YPR158C-C,YMR296C,0,0.7680839,0.1391974538564682,0.9219219088554382,0.570120096206665
YLR321C,YBL079W,1,0.76782393,0.13939256966114044,0.9234234094619751,0.570120096206665
YMR276W,YML099C,0,0.7676541,0.13936097919940948,0.9234234094619751,0.570270299911499
YGR180C,YDR245W,0,0.76710767,0.13932940363883972,0.9234234094619751,0.5704204440116882
YKL013C,YOL004W,0,0.76696795,0.13929784297943115,0.9234234094619751,0.5705705881118774
YIL061C,YOR292C,0,0.7669105,0.13926629722118378,0.9234234094619751,0.5707207322120667
YLR141W,YNL052W,0,0.7668229,0.1392347812652588,0.9234234094619751,0.5708708763122559
YOL066C,YHR209W,0,0.76678675,0.1392032653093338,0.9234234094619751,0.5710210204124451
YMR300C,YJL206C,0,0.7665922,0.13917176425457,0.9234234094619751,0.5711711645126343
YBR278W,YLL043W,0,0.7664398,0.1391402781009674,0.9234234094619751,0.5713213086128235
YJR107W,YGR036C,0,0.76634794,0.1391087919473648,0.9234234094619751,0.5714714527130127
YPR111W,YER137C,0,0.76630545,0.1390773355960846,0.9234234094619751,0.5716215968132019
YKL041W,YDL197C,0,0.76610225,0.13904589414596558,0.9234234094619751,0.5717718005180359
YLR314C,YJL171C,0,0.76592046,0.13901446759700775,0.9234234094619751,0.5719219446182251
YKL170W,YPL257W-B,0,0.7657923,0.13898305594921112,0.9234234094619751,0.5720720887184143
YJR138W,YPR158C-C,0,0.76559544,0.1389516443014145,0.9234234094619751,0.5722222328186035
YOR168W,YDR310C,0,0.76552266,0.13892026245594025,0.9234234094619751,0.5723723769187927
YOR025W,YLR154W-A,0,0.76520264,0.1388888955116272,0.9234234094619751,0.5725225210189819
YKR071C,YNL307C,1,0.76506037,0.13908331096172333,0.924924910068512,0.5725225210189819
YER162C,YPL257W-B,0,0.76500463,0.1390519142150879,0.924924910068512,0.5726726651191711
YOR343W-B,YFR045W,0,0.7649766,0.13902053236961365,0.924924910068512,0.5728228092193604
YNL138W-A,YML132W,0,0.76497483,0.1389891654253006,0.924924910068512,0.5729729533195496
YJR036C,YGR285C,0,0.7648946,0.13895781338214874,0.924924910068512,0.5731230974197388
YPL139C,YFR018C,0,0.7646864,0.13892647624015808,0.924924910068512,0.5732733011245728
YKL161C,YKL015W,0,0.764612,0.1388951539993286,0.924924910068512,0.573423445224762
YHR047C,YNL223W,0,0.76459163,0.13886384665966034,0.924924910068512,0.5735735893249512
YER175C,YDR449C,0,0.76448077,0.13883253931999207,0.924924910068512,0.5737237334251404
YPL127C,YOL053C-A,0,0.764314,0.13880126178264618,0.924924910068512,0.5738738775253296
YBR059C,YNL302C,0,0.7642248,0.1387699991464615,0.924924910068512,0.5740240216255188
YOR147W,YPR125W,0,0.7641408,0.1387387365102768,0.924924910068512,0.574174165725708
YGR282C,YKR069W,0,0.7640025,0.1387075036764145,0.924924910068512,0.5743243098258972
YJL114W,YKL067W,0,0.7635559,0.13867627084255219,0.924924910068512,0.5744744539260864
YDR371W,YOR239W,0,0.7635555,0.13864505290985107,0.924924910068512,0.5746245980262756
YKR071C,YJR112W,1,0.7635203,0.13883888721466064,0.9264264106750488,0.5746245980262756
YHR211W,YFR045W,0,0.76329863,0.13880765438079834,0.9264264106750488,0.5747748017311096
YDR371W,YDR151C,0,0.7631348,0.13877642154693604,0.9264264106750488,0.5749249458312988
YPL183W-A,YOR222W,0,0.7624061,0.13874521851539612,0.9264264106750488,0.575075089931488
YFR045W,YER104W,0,0.7623676,0.1387140303850174,0.9264264106750488,0.5752252340316772
YDR174W,YML036W,0,0.76195735,0.13868285715579987,0.9264264106750488,0.5753753781318665
YDR205W,YJL141C,0,0.7618697,0.13865168392658234,0.9264264106750488,0.5755255222320557
YDR454C,YDL215C,0,0.76165706,0.1386205404996872,0.9264264106750488,0.5756756663322449
YBL091C-A,YDR392W,0,0.7616566,0.13858939707279205,0.9264264106750488,0.5758258104324341
YDR451C,YLR264W,0,0.76143885,0.1385582685470581,0.9264264106750488,0.5759759545326233
YOR301W,YAL040C,0,0.761282,0.13852716982364655,0.9264264106750488,0.5761260986328125
YKL130C,YNL121C,0,0.76126176,0.13849607110023499,0.9264264106750488,0.5762763023376465
YOR142W-A,YGR268C,0,0.7607849,0.13846498727798462,0.9264264106750488,0.5764264464378357
YFL002W-B,YPR127W,0,0.7606161,0.13843391835689545,0.9264264106750488,0.5765765905380249
YNL178W,YBL085W,0,0.76053417,0.13840286433696747,0.9264264106750488,0.5767267346382141
YNR074C,YJL012C-A,0,0.7597923,0.13837182521820068,0.9264264106750488,0.5768768787384033
YKR057W,YLL017W,0,0.7596983,0.1383408010005951,0.9264264106750488,0.5770270228385925
YCL025C,YPL050C,0,0.7594934,0.1383097916841507,0.9264264106750488,0.5771771669387817
YOR074C,YIR032C,0,0.7591738,0.1382787972688675,0.9264264106750488,0.577327311038971
YMR114C,YDL045C,0,0.7590171,0.13824781775474548,0.9264264106750488,0.5774774551391602
YJR149W,YDR164C,0,0.7589697,0.13821685314178467,0.9264264106750488,0.5776275992393494
YHR211W,YGL172W,0,0.75894266,0.13818588852882385,0.9264264106750488,0.5777778029441833
YPL150W,YOR054C,0,0.75894076,0.13815495371818542,0.9264264106750488,0.5779279470443726
YDR144C,YMR182C,0,0.7587896,0.138124018907547,0.9264264106750488,0.5780780911445618
YDR026C,YHR214C-B,0,0.758538,0.13809311389923096,0.9264264106750488,0.578228235244751
YMR284W,YHL034C,0,0.75824594,0.13806220889091492,0.9264264106750488,0.5783783793449402
YDR030C,YPL002C,0,0.7582376,0.13803131878376007,0.9264264106750488,0.5785285234451294
YLR404W,YMR200W,0,0.7580901,0.13800044357776642,0.9264264106750488,0.5786786675453186
YPL244C,YBR276C,0,0.75808626,0.13796958327293396,0.9264264106750488,0.5788288116455078
YDR453C,YOR304C-A,0,0.7576919,0.1379387378692627,0.9264264106750488,0.578978955745697
YPL151C,YBL058W,0,0.75755966,0.13790790736675262,0.9264264106750488,0.5791290998458862
YBR129C,YJR026W,0,0.7574969,0.13787709176540375,0.9264264106750488,0.5792793035507202
YJR078W,YFL002W-B,0,0.7574654,0.13784629106521606,0.9264264106750488,0.5794294476509094
YPR204W,YPL099C,0,0.75736994,0.13781550526618958,0.9264264106750488,0.5795795917510986
YPR111W,YCR026C,0,0.7571816,0.13778471946716309,0.9264264106750488,0.5797297358512878
YPR144C,YER125W,0,0.756957,0.13775396347045898,0.9264264106750488,0.579879879951477
YLR429W,YJL128C,0,0.7564812,0.13772320747375488,0.9264264106750488,0.5800300240516663
YAL038W,YOR299W,0,0.7564559,0.13769248127937317,0.9264264106750488,0.5801801681518555
YER162C,YLR154W-A,0,0.7562852,0.13766175508499146,0.9264264106750488,0.5803303122520447
YDR172W,YOL158C,0,0.7560428,0.13763104379177094,0.9264264106750488,0.5804804563522339
YOR301W,YDR451C,0,0.75593144,0.1376003623008728,0.9264264106750488,0.5806306600570679
YGR056W,YER046W,0,0.7558245,0.13756968080997467,0.9264264106750488,0.5807808041572571
YJL095W,YML132W,0,0.7557817,0.13753901422023773,0.9264264106750488,0.5809309482574463
YOR301W,YJR149W,0,0.75563294,0.137508362531662,0.9264264106750488,0.5810810923576355
YFR018C,YPR152C,0,0.7555265,0.13747772574424744,0.9264264106750488,0.5812312364578247
YDL024C,YGL046W,0,0.7554981,0.13744708895683289,0.9264264106750488,0.5813813805580139
YPR113W,YAR031W,0,0.7552649,0.13741648197174072,0.9264264106750488,0.5815315246582031
YBR183W,YLR033W,0,0.75482374,0.13738588988780975,0.9264264106750488,0.5816816687583923
YBL041W,YGR105W,0,0.75448585,0.13735529780387878,0.9264264106750488,0.5818318128585815
YOL129W,YNL016W,0,0.75435114,0.137324720621109,0.9264264106750488,0.5819819569587708
YNR035C,YNR028W,0,0.75425607,0.13729417324066162,0.9264264106750488,0.5821321606636047
YHR211W,YLR153C,0,0.7536234,0.13726362586021423,0.9264264106750488,0.582282304763794
YDR378C,YEL040W,0,0.75361377,0.13723309338092804,0.9264264106750488,0.5824324488639832
YGL212W,YEL062W,0,0.753106,0.13720257580280304,0.9264264106750488,0.5825825929641724
YKL013C,YLR026C,0,0.752747,0.13717207312583923,0.9264264106750488,0.5827327370643616
YDL179W,YGR222W,0,0.75273955,0.13714158535003662,0.9264264106750488,0.5828828811645508
YKR019C,YHR051W,0,0.752476,0.1371111124753952,0.9264264106750488,0.58303302526474
YOR327C,YIL042C,0,0.75231534,0.13708065450191498,0.9264264106750488,0.5831831693649292
YJL117W,YDR332W,0,0.7521819,0.13705019652843475,0.9264264106750488,0.5833333134651184
YDR296W,YNL175C,0,0.7519379,0.13701976835727692,0.9264264106750488,0.5834834575653076
YER101C,YJL149W,0,0.75135183,0.13698934018611908,0.9264264106750488,0.5836336612701416
YDR211W,YOR215C,0,0.75133806,0.13695894181728363,0.9264264106750488,0.5837838053703308
YPL147W,YOL062C,0,0.7512899,0.13692854344844818,0.9264264106750488,0.58393394947052
YJL155C,YOR142W-A,0,0.75054497,0.13689815998077393,0.9264264106750488,0.5840840935707092
YBR118W,YGL062W,0,0.7505378,0.13686779141426086,0.9264264106750488,0.5842342376708984
YLR344W,YGL233W,0,0.7502228,0.136837437748909,0.9264264106750488,0.5843843817710876
YMR112C,YMR301C,0,0.7501839,0.13680709898471832,0.9264264106750488,0.5845345258712769
YDL021W,YLR154W-A,0,0.74989384,0.13677677512168884,0.9264264106750488,0.5846846699714661
YGR118W,YMR273C,0,0.7489454,0.13674645125865936,0.9264264106750488,0.5848348140716553
YNL079C,YIL170W,0,0.7486925,0.13671615719795227,0.9264264106750488,0.5849849581718445
YLR203C,YHR082C,0,0.7485789,0.13668586313724518,0.9264264106750488,0.5851351618766785
YGL046W,YCR046C,0,0.74820185,0.13665559887886047,0.9264264106750488,0.5852853059768677
YER022W,YFL035C,0,0.74803513,0.13662533462047577,0.9264264106750488,0.5854354500770569
YER101C,YLR227W-B,0,0.74795675,0.13659508526325226,0.9264264106750488,0.5855855941772461
YJL034W,YNR067C,0,0.74787736,0.13656485080718994,0.9264264106750488,0.5857357382774353
YCR011C,YFR018C,0,0.7477389,0.13653463125228882,0.9264264106750488,0.5858858823776245
YBR010W,YMR268W-A,0,0.7476393,0.1365044265985489,0.9264264106750488,0.5860360264778137
YOR298W,YLL017W,0,0.74762636,0.13647423684597015,0.9264264106750488,0.5861861705780029
YBR075W,YIL133C,0,0.747359,0.13644404709339142,0.9264264106750488,0.5863363146781921
YMR077C,YCR080W,0,0.7472127,0.13641388714313507,0.9264264106750488,0.5864864587783813
YJL071W,YOL040C,0,0.74709266,0.13638372719287872,0.9264264106750488,0.5866366624832153
YOR378W,YPL188W,0,0.7469844,0.13635359704494476,0.9264264106750488,0.5867868065834045
YGL209W,YAL040C,0,0.7465419,0.1363234668970108,0.9264264106750488,0.5869369506835938
YNL297C,YMR268W-A,0,0.7464544,0.13629335165023804,0.9264264106750488,0.587087094783783
YPR189W,YNR017W,0,0.74637175,0.13626325130462646,0.9264264106750488,0.5872372388839722
YDR083W,YMR039C,0,0.7461534,0.1362331658601761,0.9264264106750488,0.5873873829841614
YKL103C,YLR344W,0,0.7460538,0.1362030953168869,0.9264264106750488,0.5875375270843506
YPR113W,YNR006W,0,0.7460068,0.13617302477359772,0.9264264106750488,0.5876876711845398
YIL139C,YDR306C,0,0.7456987,0.13614298403263092,0.9264264106750488,0.587837815284729
YOR071C,YNL284C,0,0.74566394,0.13611294329166412,0.9264264106750488,0.5879879593849182
YNL127W,YOR343W-B,0,0.74542505,0.13608293235301971,0.9264264106750488,0.5881381630897522
YLL041C,YDR261C-D,0,0.7450311,0.1360529214143753,0.9264264106750488,0.5882883071899414
YNL223W,YFR052W,0,0.74443305,0.1360229253768921,0.9264264106750488,0.5884384512901306
YOL066C,YDR173C,0,0.7443709,0.13599294424057007,0.9264264106750488,0.5885885953903198
YAR035W,YLR348C,0,0.74429476,0.13596297800540924,0.9264264106750488,0.588738739490509
YDR261C-D,YOR251C,0,0.74396217,0.1359330266714096,0.9264264106750488,0.5888888835906982
YOR343W-B,YGR268C,0,0.7435121,0.13590309023857117,0.9264264106750488,0.5890390276908875
YOL141W,YGL233W,0,0.7433166,0.13587315380573273,0.9264264106750488,0.5891891717910767
YDR167W,YDR429C,0,0.7433126,0.13584324717521667,0.9264264106750488,0.5893393158912659
YNL016W,YIL047C,0,0.74223816,0.13581334054470062,0.9264264106750488,0.5894894599914551
YOR292C,YDL040C,0,0.74221706,0.13578344881534576,0.9264264106750488,0.5896396636962891
YJL114W,YGR252W,0,0.7421578,0.1357535719871521,0.9264264106750488,0.5897898077964783
YER055C,YGL212W,0,0.7420347,0.13572371006011963,0.9264264106750488,0.5899399518966675
YDR285W,YAL016W,1,0.74178964,0.13591378927230835,0.9279279112815857,0.5899399518966675
YMR238W,YMR025W,0,0.74166113,0.13588391244411469,0.9279279112815857,0.5900900959968567
YPL200W,YAL016W,1,0.74060345,0.13607385754585266,0.9294294118881226,0.5900900959968567
YAR035W,YOR338W,0,0.7405895,0.1360439509153366,0.9294294118881226,0.5902402400970459
YDL246C,YOL010W,0,0.7399457,0.13601405918598175,0.9294294118881226,0.5903903841972351
YOR209C,YOL053C-A,0,0.7398374,0.13598418235778809,0.9294294118881226,0.5905405282974243
YBR096W,YPL050C,0,0.7392899,0.13595432043075562,0.9294294118881226,0.5906906723976135
YLR278C,YDL077C,0,0.7392259,0.13592445850372314,0.9294294118881226,0.5908408164978027
YFL045C,YFL054C,0,0.73896176,0.13589462637901306,0.9294294118881226,0.5909910202026367
YMR168C,YCL060C,1,0.7386692,0.13608428835868835,0.9309309124946594,0.5909910202026367
YBR260C,YEL043W,0,0.7380559,0.13605442643165588,0.9309309124946594,0.5911411643028259
YDL036C,YGR109W-B,0,0.7376606,0.1360245794057846,0.9309309124946594,0.5912913084030151
YBR081C,YGR214W,0,0.73754805,0.13599473237991333,0.9309309124946594,0.5914414525032043
YMR176W,YJL214W,0,0.73736435,0.13596491515636444,0.9309309124946594,0.5915915966033936
YOR126C,YDR373W,0,0.73723936,0.13593509793281555,0.9309309124946594,0.5917417407035828
YOR084W,YPL139C,0,0.73722464,0.13590531051158905,0.9309309124946594,0.591891884803772
YDR454C,YPL104W,0,0.7369734,0.13587552309036255,0.9309309124946594,0.5920420289039612
YPR137C-A,YPL273W,0,0.736873,0.13584575057029724,0.9309309124946594,0.5921921730041504
YER008C,YGL186C,0,0.73676556,0.13581599295139313,0.9309309124946594,0.5923423171043396
YNL095C,YDR498C,0,0.7363848,0.1357862502336502,0.9309309124946594,0.5924925208091736
YOR378W,YLR009W,0,0.73611593,0.1357565075159073,0.9309309124946594,0.5926426649093628
YGR199W,YLR301W,0,0.736017,0.13572679460048676,0.9309309124946594,0.592792809009552
YOL082W,YGL225W,0,0.7359358,0.13569708168506622,0.9309309124946594,0.5929429531097412
YLR165C,YNR044W,0,0.73561126,0.13566739857196808,0.9309309124946594,0.5930930972099304
YDR371W,YNL121C,0,0.7352992,0.13563771545886993,0.9309309124946594,0.5932432413101196
YKL007W,YGL233W,0,0.7351562,0.13560804724693298,0.9309309124946594,0.5933933854103088
YLR227W-B,YOL108C,0,0.7350162,0.13557839393615723,0.9309309124946594,0.593543529510498
YDL133C-A,YDL078C,0,0.734932,0.13554875552654266,0.9309309124946594,0.5936936736106873
YKR055W,YLR300W,0,0.73438364,0.1355191320180893,0.9309309124946594,0.5938438177108765
YOL136C,YIL042C,0,0.7342518,0.13548950850963593,0.9309309124946594,0.5939940214157104
YBR042C,YLR391W,0,0.7341059,0.13545991480350494,0.9309309124946594,0.5941441655158997
YNL044W,YGR216C,0,0.7335515,0.13543032109737396,0.9309309124946594,0.5942943096160889
YOR106W,YBR052C,0,0.73304564,0.13540074229240417,0.9309309124946594,0.5944444537162781
YGR161W-B,YFL021W,0,0.7328219,0.13537117838859558,0.9309309124946594,0.5945945978164673
YOL082W,YDL047W,0,0.7324887,0.13534162938594818,0.9309309124946594,0.5947447419166565
YJL087C,YLL041C,0,0.73236483,0.13531209528446198,0.9309309124946594,0.5948948860168457
YMR186W,YDR444W,0,0.73235494,0.13528256118297577,0.9309309124946594,0.5950450301170349
YJL166W,YPL129W,0,0.7320822,0.13525305688381195,0.9309309124946594,0.5951951742172241
YHR132C,YLR129W,0,0.731889,0.13522355258464813,0.9309309124946594,0.5953453183174133
YLR206W,YPL259C,0,0.7317683,0.1351940631866455,0.9309309124946594,0.5954955220222473
YMR039C,YGL051W,0,0.7314287,0.13516458868980408,0.9309309124946594,0.5956456661224365
YDR072C,YIL170W,0,0.7313449,0.13513512909412384,0.9309309124946594,0.5957958102226257
YER137C-A,YPR043W,0,0.731134,0.1351056843996048,0.9309309124946594,0.5959459543228149
YBL005W-B,YNL027W,0,0.731046,0.13507625460624695,0.9309309124946594,0.5960960984230042
YPL065W,YCR002C,0,0.731028,0.1350468248128891,0.9309309124946594,0.5962462425231934
YOL086C,YIL177C,0,0.73099667,0.13501742482185364,0.9309309124946594,0.5963963866233826
YFL002W-B,YMR200W,0,0.7305714,0.13498802483081818,0.9309309124946594,0.5965465307235718
YKL168C,YJR063W,0,0.7302368,0.1349586397409439,0.9309309124946594,0.596696674823761
YFL033C,YLR042C,0,0.7301082,0.13492926955223083,0.9309309124946594,0.5968468189239502
YPR111W,YLR028C,0,0.72961324,0.13489991426467896,0.9309309124946594,0.5969970226287842
YBR125C,YCR080W,0,0.72936064,0.13487057387828827,0.9309309124946594,0.5971471667289734
YGR144W,YLR227W-B,0,0.7290523,0.13484123349189758,0.9309309124946594,0.5972973108291626
YDR240C,YOR204W,0,0.72882766,0.13481192290782928,0.9309309124946594,0.5974474549293518
YJR082C,YFL035C,0,0.72868645,0.134782612323761,0.9309309124946594,0.597597599029541
YPL099C,YFL035C,0,0.72822887,0.13475331664085388,0.9309309124946594,0.5977477431297302
YJR010W,YLR028C,0,0.7282239,0.13472403585910797,0.9309309124946594,0.5978978872299194
YDR499W,YLR278C,0,0.72778255,0.13469476997852325,0.9309309124946594,0.5980480313301086
YER165W,YHR156C,0,0.7275459,0.13466550409793854,0.9309309124946594,0.5981981754302979
YPR149W,YFL013C,0,0.7274185,0.1346362680196762,0.9309309124946594,0.5983483195304871
YER151C,YOR187W,0,0.7274152,0.13460703194141388,0.9309309124946594,0.598498523235321
YKL097W-A,YEL029C,0,0.7271036,0.13457781076431274,0.9309309124946594,0.5986486673355103
YFL045C,YPL065W,0,0.72700465,0.1345486044883728,0.9309309124946594,0.5987988114356995
YLR209C,YHR051W,0,0.72699463,0.13451941311359406,0.9309309124946594,0.5989489555358887
YPR158C-C,YLL008W,0,0.7262954,0.1344902366399765,0.9309309124946594,0.5990990996360779
YAL024C,YNL274C,0,0.7256853,0.13446107506752014,0.9309309124946594,0.5992492437362671
YJL114W,YJR026W,0,0.7256405,0.13443191349506378,0.9309309124946594,0.5993993878364563
YJL066C,YBR172C,0,0.72489685,0.1344027817249298,0.9309309124946594,0.5995495319366455
YGR161W-B,YDR310C,0,0.72381973,0.13437364995479584,0.9309309124946594,0.5996996760368347
YNL271C,YNL122C,0,0.72367746,0.13434453308582306,0.9309309124946594,0.5998498201370239
YKR071C,YFR031C,1,0.72363156,0.13453206419944763,0.9324324131011963,0.5998498201370239
YDL179W,YOR292C,0,0.72328,0.13450291752815247,0.9324324131011963,0.6000000238418579
YIL143C,YIL177C,0,0.723272,0.1344738006591797,0.9324324131011963,0.6001501679420471
YPL257W-B,YLR410W-A,0,0.723201,0.1344446837902069,0.9324324131011963,0.6003003120422363
YKR057W,YOL043C,0,0.72319967,0.13441558182239532,0.9324324131011963,0.6004504561424255
YOR287C,YCL032W,0,0.72300726,0.13438649475574493,0.9324324131011963,0.6006006002426147
YGR246C,YER087C-B,0,0.7229911,0.13435742259025574,0.9324324131011963,0.600750744342804
YOR176W,YDR410C,0,0.7228767,0.13432836532592773,0.9324324131011963,0.6009008884429932
YJR107W,YHR059W,0,0.72154653,0.13429930806159973,0.9324324131011963,0.6010510325431824
YGR112W,YIL076W,0,0.72149336,0.13427026569843292,0.9324324131011963,0.6012011766433716
YJL087C,YFL011W-A,0,0.72140956,0.1342412382364273,0.9324324131011963,0.6013513803482056
YGL172W,YLR209C,0,0.7208982,0.13421222567558289,0.9324324131011963,0.6015015244483948
YML109W,YML128C,0,0.7208392,0.13418322801589966,0.9324324131011963,0.601651668548584
YOL010W,YHR135C,0,0.72065526,0.13415424525737762,0.9324324131011963,0.6018018126487732
YKR056W,YLL017W,0,0.7206193,0.13412527740001678,0.9324324131011963,0.6019519567489624
YGL172W,YGL200C,0,0.7205661,0.13409630954265594,0.9324324131011963,0.6021021008491516
YJL114W,YLR130C,0,0.72043926,0.1340673565864563,0.9324324131011963,0.6022522449493408
YKL041W,YBR075W,0,0.7200517,0.13403841853141785,0.9324324131011963,0.60240238904953
YDR411C,YDR461W,0,0.7199641,0.1340094953775406,0.9324324131011963,0.6025525331497192
YER150W,YDR261C-D,0,0.71988136,0.13398058712482452,0.9324324131011963,0.6027026772499084
YFR021W,YMR046C,0,0.71928656,0.13395167887210846,0.9324324131011963,0.6028528809547424
YDL028C,YCL060C,1,0.71895796,0.13413845002651215,0.9339339137077332,0.6028528809547424
YHR175W,YJL103C,0,0.71861297,0.1341095268726349,0.9339339137077332,0.6030030250549316
YCR026C,YDR470C,0,0.7184831,0.13408061861991882,0.9339339137077332,0.6031531691551208
YOR106W,YLR410W-B,0,0.7184185,0.13405172526836395,0.9339339137077332,0.6033033132553101
YDL197C,YOR230W,0,0.7183138,0.13402284681797028,0.9339339137077332,0.6034534573554993
YCL060C,YGL190C,1,0.71804255,0.13420939445495605,0.93543541431427,0.6034534573554993
YPR091C,YBR173C,0,0.717851,0.13418048620224,0.93543541431427,0.6036036014556885
YMR032W,YNL052W,0,0.71731794,0.13415159285068512,0.93543541431427,0.6037537455558777
YGR167W,YML080W,0,0.7170957,0.13412271440029144,0.93543541431427,0.6039038896560669
YMR115W,YBL098W,0,0.71691024,0.13409385085105896,0.93543541431427,0.6040540337562561
YKL130C,YOL136C,0,0.71639323,0.13406498730182648,0.93543541431427,0.6042041778564453
YKR071C,YLR394W,1,0.716206,0.13425129652023315,0.9369369149208069,0.6042041778564453
YDR240C,YBR281C,0,0.71599996,0.13422241806983948,0.9369369149208069,0.6043543815612793
YDL216C,YDL035C,0,0.71590024,0.134193554520607,0.9369369149208069,0.6045045256614685
YIL142W,YKL166C,0,0.71586424,0.1341646909713745,0.9369369149208069,0.6046546697616577
YLL045C,YHR004C,0,0.71565264,0.13413585722446442,0.9369369149208069,0.6048048138618469
YPL223C,YDR245W,0,0.7148687,0.13410702347755432,0.9369369149208069,0.6049549579620361
YIL002C,YDL198C,0,0.7144307,0.1340782195329666,0.9369369149208069,0.6051051020622253
YBR075W,YKL166C,0,0.71436167,0.1340494155883789,0.9369369149208069,0.6052552461624146
YPR135W,YCL060C,1,0.71430343,0.13423539698123932,0.9384384155273438,0.6052552461624146
YBR182C,YNL138W-A,0,0.71405286,0.13420657813549042,0.9384384155273438,0.6054053902626038
YOR176W,YHR132C,0,0.71398675,0.13417775928974152,0.9384384155273438,0.605555534362793
YBL098W,YIR039C,0,0.71369475,0.1341489553451538,0.9384384155273438,0.6057056784629822
YMR020W,YIL177C,0,0.71329355,0.1341201663017273,0.9384384155273438,0.6058558821678162
YPL150W,YNL202W,0,0.71291435,0.13409139215946198,0.9384384155273438,0.6060060262680054
YJL011C,YGR109W-B,0,0.7127359,0.13406263291835785,0.9384384155273438,0.6061561703681946
YMR049C,YDR332W,0,0.7123193,0.13403388857841492,0.9384384155273438,0.6063063144683838
YHR029C,YER175C,0,0.7121553,0.13400514423847198,0.9384384155273438,0.606456458568573
YDL206W,YPL134C,0,0.71206015,0.13397641479969025,0.9384384155273438,0.6066066026687622
YER185W,YML030W,0,0.71115154,0.1339477002620697,0.9384384155273438,0.6067567467689514
YDR030C,YJL081C,0,0.71114683,0.13391900062561035,0.9384384155273438,0.6069068908691406
YHR047C,YLR330W,0,0.71093184,0.1338903158903122,0.9384384155273438,0.6070570349693298
YCL074W,YDR508C,0,0.7106203,0.13386164605617523,0.9384384155273438,0.607207179069519
YBL041W,YMR114C,0,0.7101489,0.13383297622203827,0.9384384155273438,0.607357382774353
YPL218W,YOR285W,0,0.70998186,0.1338043212890625,0.9384384155273438,0.6075075268745422
YFR021W,YMR300C,0,0.7099636,0.13377568125724792,0.9384384155273438,0.6076576709747314
YPR196W,YGR225W,0,0.7091341,0.13374705612659454,0.9384384155273438,0.6078078150749207
YNL122C,YKR044W,0,0.708782,0.13371844589710236,0.9384384155273438,0.6079579591751099
YMR173W,YOL053C-A,0,0.7076792,0.13368983566761017,0.9384384155273438,0.6081081032752991
YBR278W,YPL183W-A,0,0.70734066,0.13366125524044037,0.9384384155273438,0.6082582473754883
YDR454C,YGR134W,0,0.7070734,0.13363267481327057,0.9384384155273438,0.6084083914756775
YDL179W,YAL029C,0,0.70677346,0.13360410928726196,0.9384384155273438,0.6085585355758667
YMR077C,YOR098C,0,0.70640284,0.13357554376125336,0.9384384155273438,0.6087086796760559
YOL103W-B,YFL054C,0,0.7063413,0.13354700803756714,0.9384384155273438,0.6088588833808899
YMR013C,YDR064W,0,0.7060071,0.13351847231388092,0.9384384155273438,0.6090090274810791
YHR179W,YPR162C,0,0.7055583,0.1334899663925171,0.9384384155273438,0.6091591715812683
YDR419W,YPR204W,0,0.70551944,0.13346146047115326,0.9384384155273438,0.6093093156814575
YKL182W,YOL053C-A,0,0.7054581,0.13343296945095062,0.9384384155273438,0.6094594597816467
YBR059C,YGL203C,0,0.70532846,0.13340447843074799,0.9384384155273438,0.6096096038818359
YPR137C-A,YML006C,0,0.7052368,0.13337601721286774,0.9384384155273438,0.6097597479820251
YCR057C,YMR304W,0,0.705075,0.1333475559949875,0.9384384155273438,0.6099098920822144
YPR137C-A,YLR197W,0,0.70489174,0.13331910967826843,0.9384384155273438,0.6100600361824036
YDR499W,YER138C,0,0.70468354,0.13329067826271057,0.9384384155273438,0.6102102398872375
YNL160W,YER074W,0,0.7046543,0.1332622617483139,0.9384384155273438,0.6103603839874268
YDR499W,YCR097WB,0,0.70464814,0.13323384523391724,0.9384384155273438,0.610510528087616
YFR031C,YCL060C,1,0.7045124,0.13341858983039856,0.9399399161338806,0.610510528087616
YDR310C,YBR257W,0,0.7040738,0.1333901584148407,0.9399399161338806,0.6106606721878052
YLR227W-B,YHR109W,0,0.70399433,0.13336174190044403,0.9399399161338806,0.6108108162879944
YOL010W,YBL026W,0,0.7034579,0.13333334028720856,0.9399399161338806,0.6109609603881836
YCL060C,YBL079W,1,0.70319414,0.13351789116859436,0.9414414167404175,0.6109609603881836
YBR260C,YKL217W,0,0.70273876,0.1334894597530365,0.9414414167404175,0.6111111044883728
YBR196C,YKR028W,0,0.70244235,0.13346104323863983,0.9414414167404175,0.611261248588562
YBR223C,YOR377W,0,0.70219976,0.13343264162540436,0.9414414167404175,0.6114113926887512
YCL057W,YLL017W,0,0.701829,0.13340425491333008,0.9414414167404175,0.6115615367889404
YCL074W,YGR199W,0,0.7016666,0.133375883102417,0.9414414167404175,0.6117117404937744
YMR046C,YGR276C,0,0.70125186,0.1333475112915039,0.9414414167404175,0.6118618845939636
YJR127C,YKR028W,0,0.7010837,0.13331915438175201,0.9414414167404175,0.6120120286941528
YDL061C,YDR310C,0,0.70085746,0.13329081237316132,0.9414414167404175,0.612162172794342
YER145C,YMR240C,0,0.70078266,0.1332624852657318,0.9414414167404175,0.6123123168945312
YAL040C,YOR351C,0,0.70072013,0.1332341730594635,0.9414414167404175,0.6124624609947205
YBL068W,YOR085W,0,0.70064735,0.1332058608531952,0.9414414167404175,0.6126126050949097
YHL012W,YLR429W,0,0.7001462,0.13317756354808807,0.9414414167404175,0.6127627491950989
YGL083W,YDL198C,0,0.69975436,0.13314929604530334,0.9414414167404175,0.6129128932952881
YDL015C,YCR055C,0,0.6997008,0.13312101364135742,0.9414414167404175,0.6130630373954773
YHR164C,YLL061W,0,0.69960773,0.1330927610397339,0.9414414167404175,0.6132132411003113
YER190W,YMR034C,0,0.69908625,0.13306452333927155,0.9414414167404175,0.6133633852005005
YFL035C,YOR294W,0,0.6983328,0.1330362856388092,0.9414414167404175,0.6135135293006897
YCL018W,YLR440C,0,0.6980165,0.13300806283950806,0.9414414167404175,0.6136636734008789
YPL200W,YCL060C,1,0.69793254,0.13319194316864014,0.9429429173469543,0.6136636734008789
YOL057W,YGL216W,0,0.6976188,0.1331637054681778,0.9429429173469543,0.6138138175010681
YFR013W,YDR263C,0,0.69741756,0.13313546776771545,0.9429429173469543,0.6139639616012573
YJR070C,YLR440C,0,0.6972087,0.1331072449684143,0.9429429173469543,0.6141141057014465
YPR190C,YMR213W,0,0.6971391,0.13307903707027435,0.9429429173469543,0.6142642498016357
YPR198W,YOR025W,0,0.6971145,0.1330508440732956,0.9429429173469543,0.614414393901825
YNL297C,YHR004C,0,0.6968521,0.13302266597747803,0.9429429173469543,0.6145645380020142
YIL142W,YPR200C,0,0.69682413,0.13299448788166046,0.9429429173469543,0.6147147417068481
YDL215C,YGL071W,0,0.6965225,0.13296633958816528,0.9429429173469543,0.6148648858070374
YNL008C,YNL302C,0,0.69634753,0.1329381912946701,0.9429429173469543,0.6150150299072266
YKR036C,YBR075W,0,0.69618726,0.13291005790233612,0.9429429173469543,0.6151651740074158
YHR069C,YLR270W,0,0.695847,0.13288192451000214,0.9429429173469543,0.615315318107605
YKL161C,YEL041W,0,0.6957545,0.13285382091999054,0.9429429173469543,0.6154654622077942
YDR196C,YIR018W,0,0.69559044,0.13282571732997894,0.9429429173469543,0.6156156063079834
YJR107W,YJL171C,0,0.69537604,0.13279762864112854,0.9429429173469543,0.6157657504081726
YHR074W,YCR012W,0,0.69536924,0.13276955485343933,0.9429429173469543,0.6159158945083618
YLR291C,YGR276C,0,0.6953483,0.13274149596691132,0.9429429173469543,0.616066038608551
YDR144C,YKR028W,0,0.69455415,0.1327134370803833,0.9429429173469543,0.616216242313385
YAL017W,YOL101C,0,0.6944788,0.13268539309501648,0.9429429173469543,0.6163663864135742
YGR109W-B,YDR454C,0,0.69391626,0.13265737891197205,0.9429429173469543,0.6165165305137634
YJR151C,YKL041W,0,0.6937718,0.13262934982776642,0.9429429173469543,0.6166666746139526
YOR274W,YDL128W,0,0.69313747,0.13260135054588318,0.9429429173469543,0.6168168187141418
YGR070W,YJL095W,0,0.69283503,0.13257335126399994,0.9429429173469543,0.616966962814331
YDR059C,YGR077C,0,0.6927367,0.1325453817844391,0.9429429173469543,0.6171171069145203
YNL010W,YLR130C,0,0.69251627,0.13251741230487823,0.9429429173469543,0.6172672510147095
YDR351W,YBR010W,0,0.6922024,0.13248945772647858,0.9429429173469543,0.6174173951148987
YDL179W,YDR476C,0,0.6920626,0.13246150314807892,0.9429429173469543,0.6175675392150879
YKR020W,YAR031W,0,0.6917129,0.13243357837200165,0.9429429173469543,0.6177177429199219
YDR144C,YHR079C,0,0.6915725,0.13240565359592438,0.9429429173469543,0.6178678870201111
YJL030W,YCL060C,1,0.69131833,0.13258853554725647,0.9444444179534912,0.6178678870201111
YCL024W,YPL240C,0,0.69123095,0.132560595870018,0.9444444179534912,0.6180180311203003
YPL259C,YNR035C,0,0.69115996,0.13253265619277954,0.9444444179534912,0.6181681752204895
YMR267W,YBR192W,0,0.69014126,0.13250474631786346,0.9444444179534912,0.6183183193206787
YOR126C,YPR137W,0,0.6896707,0.1324768364429474,0.9444444179534912,0.6184684634208679
YMR160W,YLR160C,0,0.6888219,0.1324489414691925,0.9444444179534912,0.6186186075210571
YGL046W,YNL219C,0,0.68820024,0.13242104649543762,0.9444444179534912,0.6187687516212463
YDR518W,YAL038W,0,0.68802035,0.13239318132400513,0.9444444179534912,0.6189188957214355
YLR295C,YGR084C,0,0.6874642,0.13236531615257263,0.9444444179534912,0.6190690398216248
YPR196W,YER115C,0,0.68717676,0.13233746588230133,0.9444444179534912,0.6192192435264587
YOR291W,YOR085W,0,0.6868271,0.13230963051319122,0.9444444179534912,0.619369387626648
YPL150W,YGR167W,0,0.686707,0.1322818100452423,0.9444444179534912,0.6195195317268372
YGL158W,YIL017W,0,0.6864325,0.1322539895772934,0.9444444179534912,0.6196696758270264
YLL045C,YDR159W,0,0.68640196,0.13222619891166687,0.9444444179534912,0.6198198199272156
YKL165C,YML039W,0,0.6861889,0.13219840824604034,0.9444444179534912,0.6199699640274048
YLR182W,YJL191W,0,0.6860972,0.13217061758041382,0.9444444179534912,0.620120108127594
YNL079C,YML028W,0,0.68587357,0.13214285671710968,0.9444444179534912,0.6202702522277832
YDR296W,YJL081C,0,0.6858546,0.13211509585380554,0.9444444179534912,0.6204203963279724
YEL022W,YKR055W,0,0.68575317,0.1320873647928238,0.9444444179534912,0.6205706000328064
YHR069C,YNL182C,0,0.6857378,0.13205963373184204,0.9444444179534912,0.6207207441329956
YGR012W,YAL038W,0,0.685718,0.1320319026708603,0.9444444179534912,0.6208708882331848
YKL165C,YDL047W,0,0.68558246,0.13200420141220093,0.9444444179534912,0.621021032333374
YBL113C,YJL130C,0,0.68554896,0.13197650015354156,0.9444444179534912,0.6211711764335632
YKR036C,YKL001C,0,0.68492013,0.1319488137960434,0.9444444179534912,0.6213213205337524
YDR090C,YJL082W,0,0.6841572,0.13192114233970642,0.9444444179534912,0.6214714646339417
YPL259C,YCL057W,0,0.68392116,0.13189348578453064,0.9444444179534912,0.6216216087341309
YOR209C,YEL040W,0,0.68343633,0.13186582922935486,0.9444444179534912,0.6217717528343201
YBR230C,YPL196W,0,0.68319446,0.13183818757534027,0.9444444179534912,0.6219218969345093
YLR344W,YAR035W,0,0.6826437,0.13181056082248688,0.9444444179534912,0.6220721006393433
YJR010W,YLR401C,0,0.6822023,0.13178294897079468,0.9444444179534912,0.6222222447395325
YPL276W,YOL107W,0,0.6821887,0.13175533711910248,0.9444444179534912,0.6223723888397217
YMR093W,YPL099C,0,0.68199766,0.13172775506973267,0.9444444179534912,0.6225225329399109
YMR019W,YBR141C,0,0.68185216,0.13170017302036285,0.9444444179534912,0.6226726770401001
YIR025W,YCL060C,1,0.68162173,0.1318819373846054,0.9459459185600281,0.6226726770401001
YIR011C,YKL022C,1,0.6812539,0.132063627243042,0.9474474191665649,0.6226726770401001
YJR026W,YOR123C,0,0.6810952,0.1320359855890274,0.9474474191665649,0.6228228211402893
YOL038W,YMR267W,0,0.680924,0.1320083737373352,0.9474474191665649,0.6229729652404785
YLR005W,YKL074C,0,0.6808068,0.131980761885643,0.9474474191665649,0.6231231093406677
YMR269W,YFR018C,0,0.68080056,0.131953164935112,0.9474474191665649,0.6232732534408569
YOR222W,YCL026C-B,0,0.6803805,0.131925567984581,0.9474474191665649,0.6234233975410461
YOR038C,YPL273W,0,0.6797616,0.13189798593521118,0.9474474191665649,0.6235736012458801
YMR169C,YIL140W,0,0.67964333,0.13187043368816376,0.9474474191665649,0.6237237453460693
YMR238W,YDR415C,0,0.67952365,0.13184288144111633,0.9474474191665649,0.6238738894462585
YNL160W,YMR218C,0,0.6793118,0.1318153291940689,0.9474474191665649,0.6240240335464478
YPR002W,YPR198W,0,0.67881244,0.13178780674934387,0.9474474191665649,0.624174177646637
YML052W,YER115C,0,0.677726,0.13176028430461884,0.9474474191665649,0.6243243217468262
YOL145C,YBL079W,1,0.6775787,0.1319415420293808,0.9489489197731018,0.6243243217468262
YER138C,YCL008C,0,0.67741203,0.13191400468349457,0.9489489197731018,0.6244744658470154
YCR057C,YLR050C,0,0.6770843,0.13188648223876953,0.9489489197731018,0.6246246099472046
YBL058W,YBR187W,0,0.67642725,0.1318589597940445,0.9489489197731018,0.6247747540473938
YMR061W,YFL001W,0,0.6759523,0.13183145225048065,0.9489489197731018,0.624924898147583
YMR090W,YOR311C,0,0.6758408,0.131803959608078,0.9489489197731018,0.625075101852417
YLL012W,YLR088W,0,0.67578787,0.13177648186683655,0.9489489197731018,0.6252252459526062
YKL067W,YMR273C,0,0.6754002,0.1317490041255951,0.9489489197731018,0.6253753900527954
YPR002W,YMR145C,0,0.67482996,0.13172155618667603,0.9489489197731018,0.6255255341529846
YGR144W,YJL166W,0,0.6742571,0.13169410824775696,0.9489489197731018,0.6256756782531738
YEL052W,YDL015C,0,0.67416734,0.1316666603088379,0.9489489197731018,0.625825822353363
YLR394W,YBL079W,1,0.67358917,0.1318475306034088,0.9504504799842834,0.625825822353363
YLL041C,YOR283W,0,0.67355174,0.13182006776332855,0.9504504799842834,0.6259759664535522
YPR011C,YHR002W,0,0.6735085,0.13179263472557068,0.9504504799842834,0.6261261105537415
YMR013C,YDL055C,0,0.6732801,0.1317652016878128,0.9504504799842834,0.6262762546539307
YMR321C,YLR219W,0,0.67317104,0.13173776865005493,0.9504504799842834,0.6264263987541199
YKR002W,YCR087C-A,0,0.6730917,0.13171036541461945,0.9504504799842834,0.6265766024589539
YGL068W,YMR267W,0,0.6729799,0.13168296217918396,0.9504504799842834,0.6267267465591431
YOR251C,YDR195W,0,0.6723884,0.13165557384490967,0.9504504799842834,0.6268768906593323
YNL281W,YIL080W,0,0.6721993,0.13162820041179657,0.9504504799842834,0.6270270347595215
YOR176W,YBL028C,0,0.6721991,0.13160082697868347,0.9504504799842834,0.6271771788597107
YGR282C,YJR010W,0,0.6721584,0.13157348334789276,0.9504504799842834,0.6273273229598999
YHR179W,YNL107W,0,0.6720774,0.13154613971710205,0.9504504799842834,0.6274774670600891
YJL225C,YBR261C,0,0.6719024,0.13151879608631134,0.9504504799842834,0.6276276111602783
YAL016W,YDR260C,1,0.6716906,0.13169920444488525,0.9519519805908203,0.6276276111602783
YNL084C,YJL134W,0,0.6714173,0.13167186081409454,0.9519519805908203,0.6277777552604675
YLR447C,YLR291C,0,0.67140275,0.13164451718330383,0.9519519805908203,0.6279278993606567
YNR074C,YJL140W,0,0.6705374,0.13161718845367432,0.9519519805908203,0.6280781030654907
YGR282C,YHR132C,0,0.67046726,0.131589874625206,0.9519519805908203,0.6282282471656799
YKL015W,YLR088W,0,0.6703495,0.13156256079673767,0.9519519805908203,0.6283783912658691
YMR090W,YMR240C,0,0.670095,0.13153527677059174,0.9519519805908203,0.6285285353660583
YOR251C,YEL056W,0,0.6688821,0.1315079927444458,0.9519519805908203,0.6286786794662476
YFL066C,YPR198W,0,0.66861045,0.13148070871829987,0.9519519805908203,0.6288288235664368
YNR074C,YOL136C,0,0.6684519,0.13145345449447632,0.9519519805908203,0.628978967666626
YLR080W,YMR087W,0,0.6683372,0.13142620027065277,0.9519519805908203,0.6291291117668152
YNL172W,YCL060C,1,0.667831,0.13160622119903564,0.9534534811973572,0.6291291117668152
YCR030C,YEL070W,0,0.6676343,0.1315789520740509,0.9534534811973572,0.6292792558670044
YLR429W,YGR118W,0,0.6670535,0.13155168294906616,0.9534534811973572,0.6294293999671936
YOR074C,YDR261W-A,0,0.66685706,0.1315244436264038,0.9534534811973572,0.6295796036720276
YPL065W,YPR133W-A,0,0.66619635,0.13149720430374146,0.9534534811973572,0.6297297477722168
YOR148C,YEL040W,0,0.66546875,0.1314699798822403,0.9534534811973572,0.629879891872406
YDR389W,YKL085W,0,0.6643556,0.13144277036190033,0.9534534811973572,0.6300300359725952
YML051W,YOR393W,0,0.6642088,0.13141556084156036,0.9534534811973572,0.6301801800727844
YBL026W,YDR444W,0,0.66409636,0.1313883662223816,0.9534534811973572,0.6303303241729736
YPR011C,YLR191W,0,0.66398245,0.131361186504364,0.9534534811973572,0.6304804682731628
YKR020W,YOL111C,0,0.6638734,0.13133402168750763,0.9534534811973572,0.630630612373352
YKL171W,YNL178W,0,0.66378117,0.13130687177181244,0.9534534811973572,0.6307807564735413
YLR305C,YGR012W,0,0.66347027,0.13127972185611725,0.9534534811973572,0.6309309601783752
YJL114W,YOR148C,0,0.66333264,0.13125258684158325,0.9534534811973572,0.6310811042785645
YPR083W,YDR353W,0,0.6631192,0.13122546672821045,0.9534534811973572,0.6312312483787537
YGR251W,YGR144W,0,0.6630588,0.13119834661483765,0.9534534811973572,0.6313813924789429
YEL052W,YOR251C,0,0.66303176,0.13117124140262604,0.9534534811973572,0.6315315365791321
YGL094C,YEL041W,0,0.66300184,0.13114415109157562,0.9534534811973572,0.6316816806793213
YEL037C,YKL144C,0,0.6627227,0.1311170756816864,0.9534534811973572,0.6318318247795105
YNL282W,YNL122C,0,0.66247326,0.13109001517295837,0.9534534811973572,0.6319819688796997
YPR137W,YJL095W,0,0.66240126,0.13106295466423035,0.9534534811973572,0.6321321129798889
YLR300W,YAR035W,0,0.6623862,0.1310359090566635,0.9534534811973572,0.6322822570800781
YDR233C,YBR080C,0,0.66136956,0.13100887835025787,0.9534534811973572,0.6324324607849121
YCR030C,YPR002W,0,0.66115576,0.13098184764385223,0.9534534811973572,0.6325826048851013
YDL140C,YKL144C,0,0.660891,0.1309548318386078,0.9534534811973572,0.6327327489852905
YPL196W,YHR109W,0,0.6607333,0.13092783093452454,0.9534534811973572,0.6328828930854797
YKL090W,YJL225C,0,0.6605612,0.13090084493160248,0.9534534811973572,0.633033037185669
YKL170W,YBR257W,0,0.6604577,0.1308738738298416,0.9534534811973572,0.6331831812858582
YER055C,YOR378W,0,0.6599577,0.13084690272808075,0.9534534811973572,0.6333333253860474
YKR057W,YFL001W,0,0.6599465,0.13081994652748108,0.9534534811973572,0.6334834694862366
YER171W,YOL062C,0,0.65988874,0.1307929903268814,0.9534534811973572,0.6336336135864258
YNL027W,YGR239C,0,0.6596995,0.13076606392860413,0.9534534811973572,0.633783757686615
YBL005W-B,YGR239C,0,0.6595303,0.13073913753032684,0.9534534811973572,0.633933961391449
YEL043W,YLR344W,0,0.6590594,0.13071222603321075,0.9534534811973572,0.6340841054916382
YKL022C,YCL060C,1,0.6583185,0.1308911293745041,0.954954981803894,0.6340841054916382
YDR378C,YJL024C,0,0.6582917,0.1308642029762268,0.954954981803894,0.6342342495918274
YER008C,YJL128C,0,0.65814424,0.13083727657794952,0.954954981803894,0.6343843936920166
YBR115C,YLR050C,0,0.65780526,0.13081036508083344,0.954954981803894,0.6345345377922058
YGR052W,YBL011W,0,0.6576647,0.13078346848487854,0.954954981803894,0.634684681892395
YAL016W,YBL079W,1,0.65743256,0.13096217811107635,0.9564564824104309,0.634684681892395
YKL161C,YBL026W,0,0.65726715,0.13093525171279907,0.9564564824104309,0.6348348259925842
YEL052W,YOR020C,0,0.65674955,0.13090834021568298,0.9564564824104309,0.6349849700927734
YNL107W,YOR393W,0,0.6566982,0.1308814436197281,0.9564564824104309,0.6351351141929626
YKL078W,YJL200C,0,0.6566864,0.1308545619249344,0.9564564824104309,0.6352852582931519
YFL057C,YPR006C,0,0.65606076,0.13082768023014069,0.9564564824104309,0.6354354619979858
YLR047C,YDL083C,0,0.6560293,0.13080082833766937,0.9564564824104309,0.635585606098175
YPL087W,YNL182C,0,0.6549696,0.13077396154403687,0.9564564824104309,0.6357357501983643
YOR142W-A,YMR034C,0,0.65484613,0.13074712455272675,0.9564564824104309,0.6358858942985535
YIL020C,YPL183W-A,0,0.65457755,0.13072030246257782,0.9564564824104309,0.6360360383987427
YOR388C,YHR057C,0,0.6532813,0.1306934803724289,0.9564564824104309,0.6361861824989319
YOR142W-A,YJL141C,0,0.65291333,0.13066667318344116,0.9564564824104309,0.6363363265991211
YDL083C,YDR444W,0,0.6526857,0.13063986599445343,0.9564564824104309,0.6364864706993103
YOL107W,YEL056W,0,0.65250754,0.13061308860778809,0.9564564824104309,0.6366366147994995
YJR006W,YNL219C,0,0.65127295,0.13058631122112274,0.9564564824104309,0.6367867588996887
YBR067C,YKL124W,0,0.6507991,0.1305595338344574,0.9564564824104309,0.6369369626045227
YBR002C,YGR239C,0,0.6502429,0.13053278625011444,0.9564564824104309,0.6370871067047119
YDR411C,YNR004W,0,0.6499812,0.13050603866577148,0.9564564824104309,0.6372372508049011
YMR019W,YCR087C-A,0,0.6499806,0.13047930598258972,0.9564564824104309,0.6373873949050903
YPR043W,YOR085W,0,0.64989454,0.13045258820056915,0.9564564824104309,0.6375375390052795
YDR453C,YOR232W,0,0.6496552,0.13042588531970978,0.9564564824104309,0.6376876831054688
YPR035W,YNR060W,0,0.64964443,0.1303991824388504,0.9564564824104309,0.637837827205658
YDR451C,YGL026C,0,0.6490997,0.13037249445915222,0.9564564824104309,0.6379879713058472
YLR321C,YCL060C,1,0.64866644,0.13055044412612915,0.9579579830169678,0.6379879713058472
YDR411C,YIL017W,0,0.6483234,0.13052372634410858,0.9579579830169678,0.6381381154060364
YDR453C,YHR174W,0,0.6480556,0.1304970383644104,0.9579579830169678,0.6382882595062256
YDR411C,YMR300C,0,0.6478194,0.13047035038471222,0.9579579830169678,0.6384384632110596
YKL093W,YLR224W,0,0.6476444,0.13044367730617523,0.9579579830169678,0.6385886073112488
YGR185C,YBR281C,0,0.64716357,0.13041700422763824,0.9579579830169678,0.638738751411438
YMR020W,YEL030W,0,0.64683014,0.13039036095142365,0.9579579830169678,0.6388888955116272
YPL150W,YJL225C,0,0.64651334,0.13036371767520905,0.9579579830169678,0.6390390396118164
YPL099C,YOR251C,0,0.6463101,0.13033707439899445,0.9579579830169678,0.6391891837120056
YKL061W,YNR003C,0,0.646083,0.13031046092510223,0.9579579830169678,0.6393393278121948
YER138C,YGL220W,0,0.6459202,0.13028384745121002,0.9579579830169678,0.639489471912384
YGR288W,YMR143W,0,0.6457295,0.130257248878479,0.9579579830169678,0.6396396160125732
YNR004W,YIL177C,0,0.64528835,0.13023066520690918,0.9579579830169678,0.6397897601127625
YKL038W,YNL335W,0,0.645216,0.13020408153533936,0.9579579830169678,0.6399399638175964
YHR056C,YGR134W,0,0.6450021,0.13017751276493073,0.9579579830169678,0.6400901079177856
YJL225C,YJL128C,0,0.6445993,0.1301509588956833,0.9579579830169678,0.6402402520179749
YIL061C,YBL005W-B,0,0.6444458,0.13012441992759705,0.9579579830169678,0.6403903961181641
YHR109W,YOR098C,0,0.64405453,0.1300978809595108,0.9579579830169678,0.6405405402183533
YDR205W,YHR085W,0,0.6430575,0.13007135689258575,0.9579579830169678,0.6406906843185425
YCL018W,YLR042C,0,0.6428826,0.1300448477268219,0.9579579830169678,0.6408408284187317
YAL016W,YCL060C,1,0.6427583,0.1302221268415451,0.9594594836235046,0.6408408284187317
YEL053C,YBL113C,0,0.6426776,0.13019560277462006,0.9594594836235046,0.6409909725189209
YPR162C,YBL092W,0,0.6426087,0.130169078707695,0.9594594836235046,0.6411411166191101
YJR138W,YBR145W,0,0.6425385,0.13014256954193115,0.9594594836235046,0.6412913203239441
YFL066C,YJR130C,0,0.64244884,0.1301160603761673,0.9594594836235046,0.6414414644241333
YPR011C,YBR067C,0,0.6423216,0.13008958101272583,0.9594594836235046,0.6415916085243225
YOL136C,YLR278C,0,0.6420762,0.13006310164928436,0.9594594836235046,0.6417417526245117
YBR238C,YJR026W,0,0.64206755,0.1300366371870041,0.9594594836235046,0.6418918967247009
YFR045W,YJL213W,0,0.6419727,0.13001017272472382,0.9594594836235046,0.6420420408248901
YBR195C,YEL043W,0,0.64187545,0.12998372316360474,0.9594594836235046,0.6421921849250793
YMR284W,YLR208W,0,0.6417821,0.12995728850364685,0.9594594836235046,0.6423423290252686
YIL108W,YKR044W,0,0.6417377,0.12993086874485016,0.9594594836235046,0.6424924731254578
YLL034C,YML099C,0,0.64173585,0.12990444898605347,0.9594594836235046,0.642642617225647
YDR454C,YKR035W-A,0,0.64150226,0.12987804412841797,0.9594594836235046,0.642792820930481
YER117W,YNL079C,0,0.64137906,0.12985165417194366,0.9594594836235046,0.6429429650306702
YMR160W,YOR085W,0,0.6413708,0.12982527911663055,0.9594594836235046,0.6430931091308594
YBL058W,YKL172W,0,0.64127934,0.12979890406131744,0.9594594836235046,0.6432432532310486
YNL208W,YDR218C,0,0.640335,0.12977254390716553,0.9594594836235046,0.6433933973312378
YNL281W,YGR032W,0,0.64006394,0.1297461986541748,0.9594594836235046,0.643543541431427
YDR389W,YKL001C,0,0.640055,0.12971985340118408,0.9594594836235046,0.6436936855316162
YDR026C,YHR069C,0,0.64000404,0.12969352304935455,0.9594594836235046,0.6438438296318054
YDR233C,YDR229W,0,0.6399439,0.12966720759868622,0.9594594836235046,0.6439939737319946
YFL045C,YJR031C,0,0.639849,0.12964090704917908,0.9594594836235046,0.6441441178321838
YCR087C-A,YDR416W,0,0.63979536,0.12961460649967194,0.9594594836235046,0.6442943215370178
YBL028C,YOR239W,0,0.63954216,0.129588320851326,0.9594594836235046,0.644444465637207
YER138C,YKL082C,0,0.6393634,0.12956205010414124,0.9594594836235046,0.6445946097373962
YKL061W,YOL108C,0,0.6383651,0.12953577935695648,0.9594594836235046,0.6447447538375854
YMR319C,YGL014W,0,0.63803196,0.12950952351093292,0.9594594836235046,0.6448948979377747
YAL017W,YMR296C,0,0.6379538,0.12948328256607056,0.9594594836235046,0.6450450420379639
YIR011C,YDR285W,1,0.63790625,0.12965963780879974,0.9609609842300415,0.6450450420379639
YOR243C,YJL095W,0,0.6378873,0.12963338196277618,0.9609609842300415,0.6451951861381531
YNR074C,YMR296C,0,0.6378469,0.12960712611675262,0.9609609842300415,0.6453453302383423
YGR105W,YAL039C,0,0.63733345,0.12958088517189026,0.9609609842300415,0.6454954743385315
YOR378W,YOR222W,0,0.6369879,0.1295546591281891,0.9609609842300415,0.6456456184387207
YMR194W,YER087W,0,0.6364443,0.12952843308448792,0.9609609842300415,0.6457958221435547
YDR059C,YDR062W,0,0.6363613,0.12950222194194794,0.9609609842300415,0.6459459662437439
YJR010W,YLR050C,0,0.6358574,0.12947602570056915,0.9609609842300415,0.6460961103439331
YLR043C,YDR415C,0,0.6355867,0.12944984436035156,0.9609609842300415,0.6462462544441223
YNL202W,YJR028W,0,0.6353889,0.12942366302013397,0.9609609842300415,0.6463963985443115
YER087W,YKR028W,0,0.6352944,0.12939749658107758,0.9609609842300415,0.6465465426445007
YBR002C,YFL035C,0,0.63496035,0.12937133014202118,0.9609609842300415,0.6466966867446899
YGL186C,YHR066W,0,0.6346609,0.12934519350528717,0.9609609842300415,0.6468468308448792
YDR263C,YLR301W,0,0.6341354,0.12931905686855316,0.9609609842300415,0.6469969749450684
YNL309W,YPL188W,0,0.6339372,0.12929293513298035,0.9609609842300415,0.6471471190452576
YNL274C,YPL011C,0,0.63374656,0.12926681339740753,0.9609609842300415,0.6472973227500916
YPR162C,YNL267W,0,0.63325024,0.1292407065629959,0.9609609842300415,0.6474474668502808
YMR146C,YKL206C,0,0.6332258,0.12921461462974548,0.9609609842300415,0.64759761095047
YDL045W-A,YLR050C,0,0.6327002,0.12918853759765625,0.9609609842300415,0.6477477550506592
YKL013C,YMR203W,0,0.6319551,0.12916246056556702,0.9609609842300415,0.6478978991508484
YDR306C,YOL136C,0,0.6317737,0.12913639843463898,0.9609609842300415,0.6480480432510376
YMR210W,YDL040C,0,0.6317454,0.12911035120487213,0.9609609842300415,0.6481981873512268
YGR252W,YOR285W,0,0.6316077,0.12908430397510529,0.9609609842300415,0.648348331451416
YHR174W,YAL039C,0,0.6314073,0.12905827164649963,0.9609609842300415,0.6484984755516052
YDL217C,YFL035C,0,0.63080686,0.12903225421905518,0.9609609842300415,0.6486486196517944
YKL041W,YOR311C,0,0.63028127,0.1290062516927719,0.9609609842300415,0.6487988233566284
YDR245W,YDL225W,0,0.63002104,0.12898024916648865,0.9609609842300415,0.6489489674568176
YLR107W,YLR151C,0,0.6299494,0.12895426154136658,0.9609609842300415,0.6490991115570068
YPL065W,YDR109C,0,0.6291413,0.1289282888174057,0.9609609842300415,0.649249255657196
YGR246C,YML039W,0,0.6289595,0.12890231609344482,0.9609609842300415,0.6493993997573853
YJR006W,YDR222W,0,0.62875736,0.12887635827064514,0.9609609842300415,0.6495495438575745
YDR310C,YGL037C,0,0.6287556,0.12885041534900665,0.9609609842300415,0.6496996879577637
YCL024W,YMR046C,0,0.6279695,0.12882447242736816,0.9609609842300415,0.6498498320579529
YJL225C,YFL021W,0,0.6279298,0.12879854440689087,0.9609609842300415,0.6499999761581421
YBR294W,YKL094W,0,0.62776744,0.12877263128757477,0.9609609842300415,0.6501501798629761
YNL238W,YCR087C-A,0,0.62680453,0.12874673306941986,0.9609609842300415,0.6503003239631653
YLR380W,YOR285W,0,0.6261378,0.12872083485126495,0.9609609842300415,0.6504504680633545
YPL180W,YBR238C,0,0.62594146,0.12869495153427124,0.9609609842300415,0.6506006121635437
YIL139C,YGR175C,0,0.6258096,0.12866908311843872,0.9609609842300415,0.6507507562637329
YOR243C,YLR025W,0,0.6247225,0.1286432147026062,0.9609609842300415,0.6509009003639221
YER175C,YKR068C,0,0.62440044,0.12861736118793488,0.9609609842300415,0.6510510444641113
YMR319C,YFL021W,0,0.62408024,0.12859152257442474,0.9609609842300415,0.6512011885643005
YDR512C,YGR032W,0,0.6238902,0.1285656839609146,0.9609609842300415,0.6513513326644897
YOL043C,YLL061W,0,0.6235678,0.12853986024856567,0.9609609842300415,0.651501476764679
YNL032W,YER052C,0,0.62323934,0.12851405143737793,0.9609609842300415,0.6516516804695129
YPR196W,YDR205W,0,0.6228117,0.12848825752735138,0.9609609842300415,0.6518018245697021
YLR289W,YCL052C,0,0.6225082,0.12846246361732483,0.9609609842300415,0.6519519686698914
YLR191W,YCR080W,0,0.6219185,0.12843668460845947,0.9609609842300415,0.6521021127700806
YMR137C,YKL186C,0,0.6218933,0.1284109205007553,0.9609609842300415,0.6522522568702698
YDR026C,YOL040C,0,0.6216675,0.12838515639305115,0.9609609842300415,0.652402400970459
YMR168C,YDR260C,1,0.6214139,0.12855996191501617,0.9624624848365784,0.652402400970459
YGL010W,YJL141C,0,0.62130874,0.12853418290615082,0.9624624848365784,0.6525525450706482
YPL078C,YKL094W,0,0.6212957,0.12850841879844666,0.9624624848365784,0.6527026891708374
YBR287W,YAR035W,0,0.619998,0.1284826546907425,0.9624624848365784,0.6528528332710266
YEL040W,YPL087W,0,0.61989,0.12845692038536072,0.9624624848365784,0.6530029773712158
YLR203C,YKR102W,0,0.6195598,0.12843117117881775,0.9624624848365784,0.6531531810760498
YGR034W,YOR180C,0,0.6194816,0.12840545177459717,0.9624624848365784,0.653303325176239
YKL200C,YKL119C,0,0.61939275,0.1283797323703766,0.9624624848365784,0.6534534692764282
YHR066W,YGL226C-A,0,0.6189031,0.1283540278673172,0.9624624848365784,0.6536036133766174
YHR074W,YFR045W,0,0.61885756,0.1283283233642578,0.9624624848365784,0.6537537574768066
YDL179W,YLR380W,0,0.6182362,0.1283026486635208,0.9624624848365784,0.6539039015769958
YIR018W,YDR498C,0,0.617825,0.12827695906162262,0.9624624848365784,0.6540540456771851
YNL281W,YNL259C,0,0.6177496,0.12825129926204681,0.9624624848365784,0.6542041897773743
YIL177C,YKR026C,0,0.61759615,0.128225639462471,0.9624624848365784,0.6543543338775635
YPL259C,YMR210W,0,0.6175038,0.1281999945640564,0.9624624848365784,0.6545044779777527
YAR027W,YPR127W,0,0.61735016,0.12817436456680298,0.9624624848365784,0.6546546816825867
YJL155C,YCL026C-B,0,0.61676615,0.12814873456954956,0.9624624848365784,0.6548048257827759
YBR183W,YJL112W,0,0.6166217,0.12812311947345734,0.9624624848365784,0.6549549698829651
YKR071C,YNL290W,1,0.6164854,0.128297358751297,0.9639639854431152,0.6549549698829651
YPL276W,YKR101W,0,0.61628324,0.12827172875404358,0.9639639854431152,0.6551051139831543
YLR191W,YPL188W,0,0.6153534,0.12824609875679016,0.9639639854431152,0.6552552580833435
YOR084W,YLR197W,0,0.61484164,0.12822049856185913,0.9639639854431152,0.6554054021835327
YGL186C,YBR042C,0,0.61479473,0.1281948834657669,0.9639639854431152,0.6555555462837219
YGL071W,YER052C,0,0.6143467,0.12816929817199707,0.9639639854431152,0.6557056903839111
YJR021C,YKL082C,0,0.6141805,0.12814371287822723,0.9639639854431152,0.6558558344841003
YGR095C,YFL035C,0,0.6141798,0.1281181424856186,0.9639639854431152,0.6560059785842896
YPR167C,YOR297C,0,0.61388034,0.12809257209300995,0.9639639854431152,0.6561561822891235
YGR281W,YER090W,0,0.61307245,0.1280670315027237,0.9639639854431152,0.6563063263893127
YHR029C,YOL043C,0,0.61296386,0.12804149091243744,0.9639639854431152,0.656456470489502
YOR301W,YOR378W,0,0.6116629,0.12801595032215118,0.9639639854431152,0.6566066145896912
YMR146C,YCL043C,0,0.61121225,0.12799042463302612,0.9639639854431152,0.6567567586898804
YGR056W,YKL096W-A,0,0.61117405,0.12796491384506226,0.9639639854431152,0.6569069027900696
YDR233C,YDR476C,0,0.6111363,0.12793941795825958,0.9639639854431152,0.6570570468902588
YLR314C,YJR026W,0,0.61016095,0.1279139220714569,0.9639639854431152,0.657207190990448
YOL158C,YOR089C,0,0.61010534,0.12788844108581543,0.9639639854431152,0.6573573350906372
YDR451C,YER087C-B,0,0.60964316,0.12786297500133514,0.9639639854431152,0.6575074791908264
YMR097C,YCL052C,0,0.60914737,0.12783750891685486,0.9639639854431152,0.6576576828956604
YGL226C-A,YNL092W,0,0.6091203,0.12781205773353577,0.9639639854431152,0.6578078269958496
YDR233C,YGL019W,0,0.6087682,0.12778662145137787,0.9639639854431152,0.6579579710960388
YMR238W,YDR281C,0,0.6087349,0.12776120007038116,0.9639639854431152,0.658108115196228
YJL192C,YML132W,0,0.60872835,0.12773577868938446,0.9639639854431152,0.6582582592964172
YLR425W,YGR070W,0,0.6084258,0.12771035730838776,0.9639639854431152,0.6584084033966064
YOR382W,YDR218C,0,0.6076326,0.12768496572971344,0.9639639854431152,0.6585585474967957
YNL160W,YAR035W,0,0.6074696,0.12765957415103912,0.9639639854431152,0.6587086915969849
YPL113C,YGR222W,0,0.6073213,0.127634197473526,0.9639639854431152,0.6588588356971741
YPR035W,YJL149W,0,0.60610765,0.12760882079601288,0.9639639854431152,0.6590089797973633
YOL038W,YFL010W-A,0,0.6057314,0.12758345901966095,0.9639639854431152,0.6591591835021973
YKL200C,YGR255C,0,0.60537,0.12755811214447021,0.9639639854431152,0.6593093276023865
YDR492W,YBR294W,0,0.604876,0.12753278017044067,0.9639639854431152,0.6594594717025757
YDL246C,YEL043W,0,0.60455596,0.12750744819641113,0.9639639854431152,0.6596096158027649
YAR002C-A,YNL335W,0,0.60388404,0.12748213112354279,0.9639639854431152,0.6597597599029541
YMR046C,YPL098C,0,0.6038601,0.12745681405067444,0.9639639854431152,0.6599099040031433
YOL070C,YOR239W,0,0.6029541,0.12743152678012848,0.9639639854431152,0.6600600481033325
YGR167W,YDL128W,0,0.6028295,0.12740622460842133,0.9639639854431152,0.6602101922035217
YPR204W,YBR115C,0,0.6027572,0.12738095223903656,0.9639639854431152,0.6603603363037109
YIL177C,YPL218W,0,0.60209835,0.1273556798696518,0.9639639854431152,0.6605105400085449
YKL170W,YKR066C,0,0.60169065,0.12733042240142822,0.9639639854431152,0.6606606841087341
YDR378C,YOL054W,0,0.60086733,0.12730517983436584,0.9639639854431152,0.6608108282089233
YPL150W,YKR006C,0,0.6000009,0.12727993726730347,0.9639639854431152,0.6609609723091125
YKL200C,YPL147W,0,0.5994217,0.12725470960140228,0.9639639854431152,0.6611111164093018
YPL244C,YDL040C,0,0.5993281,0.1272294819355011,0.9639639854431152,0.661261260509491
YLR301W,YLR213C,0,0.5992834,0.1272042840719223,0.9639639854431152,0.6614114046096802
YKL174C,YDR451C,0,0.59923524,0.1271790862083435,0.9639639854431152,0.6615615487098694
YAL033W,YKL144C,0,0.5989316,0.1271538883447647,0.9639639854431152,0.6617116928100586
YER008C,YNL302C,0,0.5984805,0.1271287202835083,0.9639639854431152,0.6618618369102478
YOR145C,YML112W,0,0.59787536,0.1271035373210907,0.9639639854431152,0.6620120406150818
YNR067C,YFL054C,0,0.597819,0.12707838416099548,0.9639639854431152,0.662162184715271
YHR211W,YCL057W,0,0.5977023,0.12705323100090027,0.9639639854431152,0.6623123288154602
YLR197W,YLR329W,0,0.5976225,0.12702809274196625,0.9639639854431152,0.6624624729156494
YOL158C,YOR098C,0,0.5975458,0.12700296938419342,0.9639639854431152,0.6626126170158386
YCR030C,YLR391W-A,0,0.59728754,0.1269778460264206,0.9639639854431152,0.6627627611160278
YKL074C,YDL097C,0,0.59675115,0.12695273756980896,0.9639639854431152,0.662912905216217
YDR410C,YPR127W,0,0.5961649,0.12692764401435852,0.9639639854431152,0.6630630493164062
YGL200C,YMR300C,0,0.59574634,0.12690255045890808,0.9639639854431152,0.6632131934165955
YKR006C,YEL029C,0,0.5956561,0.12687747180461884,0.9639639854431152,0.6633633375167847
YMR315W,YLL017W,0,0.5954147,0.12685240805149078,0.9639639854431152,0.6635135412216187
YDL029W,YJL081C,0,0.5952645,0.12682734429836273,0.9639639854431152,0.6636636853218079
YLR209C,YMR099C,0,0.59518164,0.12680229544639587,0.9639639854431152,0.6638138294219971
YLR165C,YMR099C,0,0.59457093,0.12677724659442902,0.9639639854431152,0.6639639735221863
YKR056W,YDR195W,0,0.59454876,0.12675222754478455,0.9639639854431152,0.6641141176223755
YNL208W,YKL095W,0,0.5942208,0.12672719359397888,0.9639639854431152,0.6642642617225647
YGR281W,YOL038W,0,0.59376043,0.1267021894454956,0.9639639854431152,0.6644144058227539
YNL160W,YLR301W,0,0.5928931,0.12667718529701233,0.9639639854431152,0.6645645499229431
YOR126C,YPR127W,0,0.5926446,0.12665219604969025,0.9639639854431152,0.6647146940231323
YOL038W,YOR298W,0,0.5925788,0.12662722170352936,0.9639639854431152,0.6648648381233215
YNL147W,YPL183W-A,0,0.5925516,0.12660224735736847,0.9639639854431152,0.6650150418281555
YPL027W,YPR163C,0,0.59224445,0.12657728791236877,0.9639639854431152,0.6651651859283447
YMR276W,YMR038C,0,0.59211415,0.12655232846736908,0.9639639854431152,0.6653153300285339
YDR034C,YKR008W,0,0.5914823,0.12652739882469177,0.9639639854431152,0.6654654741287231
YBL026W,YDR062W,0,0.5909176,0.12650246918201447,0.9639639854431152,0.6656156182289124
YFL038C,YLR264W,0,0.5901007,0.12647753953933716,0.9639639854431152,0.6657657623291016
YCR011C,YOL040C,0,0.58856565,0.12645262479782104,0.9639639854431152,0.6659159064292908
YDR144C,YOL141W,0,0.588388,0.12642772495746613,0.9639639854431152,0.66606605052948
YOL066C,YLR391W,0,0.58822536,0.1264028400182724,0.9639639854431152,0.6662161946296692
YBR129C,YPR043W,0,0.5878202,0.12637795507907867,0.9639639854431152,0.6663663387298584
YGR285C,YPL082C,0,0.5870685,0.12635308504104614,0.9639639854431152,0.6665165424346924
YJR028W,YLR429W,0,0.58688384,0.1263282150030136,0.9639639854431152,0.6666666865348816
YCR080W,YKL165C,0,0.5856306,0.12630335986614227,0.9639639854431152,0.6668168306350708
YDR304C,YDR207C,0,0.58541733,0.12627851963043213,0.9639639854431152,0.66696697473526
YPL007C,YLR344W,0,0.5852456,0.12625369429588318,0.9639639854431152,0.6671171188354492
YOR304C-A,YBR187W,0,0.58500856,0.12622886896133423,0.9639639854431152,0.6672672629356384
YEL053C,YIL177C,0,0.5848794,0.12620404362678528,0.9639639854431152,0.6674174070358276
YPL252C,YMR046C,0,0.5846731,0.12617924809455872,0.9639639854431152,0.6675675511360168
YIL108W,YHR059W,0,0.5846204,0.12615445256233215,0.9639639854431152,0.667717695236206
YJL030W,YAL016W,1,0.5846183,0.12632612884044647,0.9654654860496521,0.667717695236206
YOR310C,YKR028W,0,0.58454007,0.12630131840705872,0.9654654860496521,0.6678678393363953
YML032C,YMR300C,0,0.5835168,0.12627650797367096,0.9654654860496521,0.6680180430412292
YIR038C,YGL241W,0,0.58335584,0.1262517124414444,0.9654654860496521,0.6681681871414185
YKR071C,YNL273W,1,0.5829,0.12642323970794678,0.966966986656189,0.6681681871414185
YMR077C,YOR020C,0,0.5828872,0.12639842927455902,0.966966986656189,0.6683183312416077
YOR054C,YNR018W,0,0.58255,0.12637363374233246,0.966966986656189,0.6684684753417969
YDR416W,YER052C,0,0.58222973,0.1263488382101059,0.966966986656189,0.6686186194419861
YLR157C,YHR082C,0,0.5819837,0.12632404267787933,0.966966986656189,0.6687687635421753
YBL112C,YMR227C,0,0.58195174,0.12629927694797516,0.966966986656189,0.6689189076423645
YPL139C,YLR359W,0,0.58191985,0.12627451121807098,0.966966986656189,0.6690690517425537
YIL080W,YDR304C,0,0.58175576,0.126249760389328,0.966966986656189,0.6692191958427429
YPR026W,YOR025W,0,0.5815634,0.12622500956058502,0.966966986656189,0.6693693399429321
YAL022C,YLR359W,0,0.5811432,0.12620027363300323,0.966966986656189,0.6695195436477661
YOL004W,YDL170W,0,0.5808499,0.12617555260658264,0.966966986656189,0.6696696877479553
YNL085W,YPR204W,0,0.5806241,0.12615083158016205,0.966966986656189,0.6698198318481445
YNL281W,YIL177C,0,0.580396,0.12612612545490265,0.966966986656189,0.6699699759483337
YJL172W,YLR268W,0,0.5799658,0.12610143423080444,0.966966986656189,0.670120120048523
YGL094C,YPR002W,0,0.5798082,0.12607674300670624,0.966966986656189,0.6702702641487122
YIR011C,YNR010W,1,0.5792629,0.12624779343605042,0.9684684872627258,0.6702702641487122
YDR353W,YOR327C,0,0.5787968,0.12622308731079102,0.9684684872627258,0.6704204082489014
YML112W,YML058W-A,0,0.5785139,0.1261983960866928,0.9684684872627258,0.6705705523490906
YGL162W,YNL050C,0,0.57795906,0.1261737048625946,0.9684684872627258,0.6707206964492798
YDR411C,YAL040C,0,0.57792753,0.1261490285396576,0.9684684872627258,0.6708709001541138
YIR025W,YAL016W,1,0.577608,0.12631990015506744,0.9699699878692627,0.6708709001541138
YMR295C,YIR005W,0,0.5773575,0.12629520893096924,0.9699699878692627,0.671021044254303
YER014C-A,YNL335W,0,0.5770478,0.12627051770687103,0.9699699878692627,0.6711711883544922
YMR321C,YPR002W,0,0.5765867,0.12624584138393402,0.9699699878692627,0.6713213324546814
YOR168W,YNR004W,0,0.57523,0.1262211799621582,0.9699699878692627,0.6714714765548706
YHR179W,YBR095C,0,0.5742502,0.12619651854038239,0.9699699878692627,0.6716216206550598
YIR018W,YMR087W,0,0.5735456,0.12617187201976776,0.9699699878692627,0.671771764755249
YML051W,YDR034C,0,0.5733201,0.12614724040031433,0.9699699878692627,0.6719219088554382
YGR268C,YJL130C,0,0.57279307,0.1261226087808609,0.9699699878692627,0.6720720529556274
YAL016W,YGL190C,1,0.5725791,0.12629318237304688,0.9714714884757996,0.6720720529556274
YPL119C,YPR198W,0,0.5724626,0.12626853585243225,0.9714714884757996,0.6722221970558167
YER087W,YJL053W,0,0.5722652,0.12624390423297882,0.9714714884757996,0.6723724007606506
YBR260C,YFL013C,0,0.5704383,0.1262192726135254,0.9714714884757996,0.6725225448608398
YMR168C,YJL030W,1,0.57031405,0.12638969719409943,0.9729729890823364,0.6725225448608398
YOR071C,YHR209W,0,0.56976926,0.1263650506734848,0.9729729890823364,0.672672688961029
YJR036C,YEL043W,0,0.5696333,0.12634041905403137,0.9729729890823364,0.6728228330612183
YMR020W,YDR415C,0,0.5683183,0.12631578743457794,0.9729729890823364,0.6729729771614075
YPR162C,YKL061W,0,0.56805307,0.1262911707162857,0.9729729890823364,0.6731231212615967
YJL005W,YDR207C,0,0.56799346,0.12626656889915466,0.9729729890823364,0.6732732653617859
YKL082C,YCR011C,0,0.56752187,0.12624196708202362,0.9729729890823364,0.6734234094619751
YHR077C,YDR353W,0,0.5673651,0.12621738016605377,0.9729729890823364,0.6735735535621643
YDR296W,YER165W,0,0.5669989,0.12619279325008392,0.9729729890823364,0.6737236976623535
YML049C,YCL025C,0,0.56661874,0.12616822123527527,0.9729729890823364,0.6738739013671875
YPL104W,YNL092W,0,0.5665724,0.1261436641216278,0.9729729890823364,0.6740240454673767
YGR281W,YDL245C,0,0.56626105,0.12611910700798035,0.9729729890823364,0.6741741895675659
YJR119C,YCL025C,0,0.56610316,0.12609456479549408,0.9729729890823364,0.6743243336677551
YGR052W,YLR348C,0,0.56562346,0.126070037484169,0.9729729890823364,0.6744744777679443
YMR315W,YGR238C,0,0.56559294,0.12604551017284393,0.9729729890823364,0.6746246218681335
YIL142W,YDL040C,0,0.56557864,0.12602099776268005,0.9729729890823364,0.6747747659683228
YPR167C,YMR114C,0,0.56519383,0.12599650025367737,0.9729729890823364,0.674924910068512
YDR082W,YBL005W-B,0,0.56500936,0.12597200274467468,0.9729729890823364,0.6750750541687012
YOL070C,YNL160W,0,0.5647196,0.1259475201368332,0.9729729890823364,0.6752251982688904
YMR061W,YOR285W,0,0.5646433,0.1259230524301529,0.9729729890823364,0.6753754019737244
YKR071C,YKR054C,1,0.5643955,0.12609286606311798,0.9744744896888733,0.6753754019737244
YBR042C,YKL168C,0,0.56409717,0.1260683834552765,0.9744744896888733,0.6755255460739136
YGR056W,YDR508C,0,0.563821,0.1260438859462738,0.9744744896888733,0.6756756901741028
YIR038C,YER137C,0,0.5632564,0.1260194182395935,0.9744744896888733,0.675825834274292
YFL057C,YMR034C,0,0.5625545,0.1259949505329132,0.9744744896888733,0.6759759783744812
YGL019W,YKL094W,0,0.5614583,0.1259704977273941,0.9744744896888733,0.6761261224746704
YOR297C,YPL147W,0,0.56051254,0.125946044921875,0.9744744896888733,0.6762762665748596
YGR251W,YOR209C,0,0.5604934,0.1259216070175171,0.9744744896888733,0.6764264106750488
YGL026C,YBR010W,0,0.560332,0.12589718401432037,0.9744744896888733,0.676576554775238
YPR167C,YNL110C,0,0.5602023,0.12587277591228485,0.9744744896888733,0.6767266988754272
YPL094C,YIL083C,0,0.5601262,0.12584836781024933,0.9744744896888733,0.6768769025802612
YNL131W,YLL004W,0,0.5600997,0.1258239597082138,0.9744744896888733,0.6770270466804504
YDR082W,YOL053C-A,0,0.5600032,0.12579956650733948,0.9744744896888733,0.6771771907806396
YFL048C,YJR026W,0,0.5599555,0.12577518820762634,0.9744744896888733,0.6773273348808289
YMR270C,YPL093W,0,0.55914783,0.1257508248090744,0.9744744896888733,0.6774774789810181
YJL114W,YOL142W,0,0.5584215,0.12572646141052246,0.9744744896888733,0.6776276230812073
YGL062W,YNL080C,0,0.55786455,0.1257021129131317,0.9744744896888733,0.6777777671813965
YKL061W,YDL039C,0,0.55757743,0.12567776441574097,0.9744744896888733,0.6779279112815857
YOR291W,YGR077C,0,0.5575073,0.1256534308195114,0.9744744896888733,0.6780780553817749
YIL142W,YJL117W,0,0.55709827,0.12562911212444305,0.9744744896888733,0.6782281994819641
YMR020W,YML039W,0,0.5569041,0.1256047934293747,0.9744744896888733,0.6783784031867981
YDL217C,YFL066C,0,0.5568303,0.12558048963546753,0.9744744896888733,0.6785285472869873
YOR304W,YOL111C,0,0.55668205,0.12555620074272156,0.9744744896888733,0.6786786913871765
YLR197W,YLR073C,0,0.55607635,0.12553191184997559,0.9744744896888733,0.6788288354873657
YLR105C,YDR476C,0,0.55579734,0.1255076378583908,0.9744744896888733,0.6789789795875549
YKL174C,YLL055W,0,0.555316,0.12548337876796722,0.9744744896888733,0.6791291236877441
YDR527W,YKR035W-A,0,0.55523574,0.12545911967754364,0.9744744896888733,0.6792792677879333
YGR089W,YDR260C,1,0.55489874,0.12562814354896545,0.9759759902954102,0.6792792677879333
YIL142W,YBR274W,0,0.5547653,0.12560386955738068,0.9759759902954102,0.6794294118881226
YJL149W,YNL239W,0,0.55456364,0.1255795955657959,0.9759759902954102,0.6795795559883118
YGR010W,YOL040C,0,0.55375296,0.12555533647537231,0.9759759902954102,0.679729700088501
YNR017W,YJR034W,0,0.55375165,0.12553109228610992,0.9759759902954102,0.679879903793335
YDR034C,YLL033W,0,0.5536488,0.12550684809684753,0.9759759902954102,0.6800300478935242
YKL200C,YPL087W,0,0.553619,0.12548261880874634,0.9759759902954102,0.6801801919937134
YOR054C,YJL225C,0,0.5525757,0.12545840442180634,0.9759759902954102,0.6803303360939026
YOR323C,YPR171W,0,0.552527,0.12543419003486633,0.9759759902954102,0.6804804801940918
YDR144C,YER151C,0,0.5524766,0.12540999054908752,0.9759759902954102,0.680630624294281
YDL097C,YDR392W,0,0.55235434,0.1253858059644699,0.9759759902954102,0.6807807683944702
YBR202W,YNR003C,0,0.5517042,0.1253616213798523,0.9759759902954102,0.6809309124946594
YOR176W,YDR081C,0,0.5514627,0.12533745169639587,0.9759759902954102,0.6810810565948486
YIL170W,YFL054C,0,0.5514352,0.12531328201293945,0.9759759902954102,0.6812312602996826
YJL117W,YIL017W,0,0.55143344,0.12528912723064423,0.9759759902954102,0.6813814043998718
YLR005W,YBR145W,0,0.5511655,0.1252649873495102,0.9759759902954102,0.681531548500061
YOR168W,YDL040C,0,0.55073386,0.12524084746837616,0.9759759902954102,0.6816816926002502
YNL079C,YNL032W,0,0.5505528,0.12521672248840332,0.9759759902954102,0.6818318367004395
YLL041C,YBL005W-B,0,0.55049783,0.12519259750843048,0.9759759902954102,0.6819819808006287
YOL155C,YCR026C,0,0.5504565,0.12516850233078003,0.9759759902954102,0.6821321249008179
YNL107W,YBR287W,0,0.54964334,0.12514439225196838,0.9759759902954102,0.6822822690010071
YOR145C,YPR162C,0,0.5494956,0.12512031197547913,0.9759759902954102,0.6824324131011963
YJL144W,YBR093C,0,0.54936695,0.12509623169898987,0.9759759902954102,0.6825825572013855
YGR258C,YPR001W,0,0.54886466,0.1250721514225006,0.9759759902954102,0.6827327609062195
YDR034C,YJR034W,0,0.5484001,0.12504810094833374,0.9759759902954102,0.6828829050064087
YNL008C,YMR213W,0,0.5482965,0.12502405047416687,0.9759759902954102,0.6830330491065979
YHR214C-B,YNL282W,0,0.5474649,0.125,0.9759759902954102,0.6831831932067871
YER050C,YHR008C,0,0.54713565,0.12497596442699432,0.9759759902954102,0.6833333373069763
YLR163C,YKL124W,0,0.54713064,0.12495194375514984,0.9759759902954102,0.6834834814071655
YDR245W,YKR035W-A,0,0.54705465,0.12492792308330536,0.9759759902954102,0.6836336255073547
YGL174W,YMR099C,0,0.54697764,0.12490391731262207,0.9759759902954102,0.683783769607544
YMR284W,YLL008W,0,0.54571885,0.12487992644309998,0.9759759902954102,0.6839339137077332
YDR062W,YBR192W,0,0.5456702,0.12485593557357788,0.9759759902954102,0.6840840578079224
YPR002W,YBR031W,0,0.5454238,0.12483195960521698,0.9759759902954102,0.6842342615127563
YBR177C,YGL004C,0,0.54521215,0.12480799108743668,0.9759759902954102,0.6843844056129456
YPR125W,YDR497C,0,0.54467076,0.12478403002023697,0.9759759902954102,0.6845345497131348
YHR004C,YJL128C,0,0.54462093,0.12476007640361786,0.9759759902954102,0.684684693813324
YJL012C-A,YER115C,0,0.5445442,0.12473613768815994,0.9759759902954102,0.6848348379135132
YMR025W,YLR130C,0,0.5443691,0.12471219897270203,0.9759759902954102,0.6849849820137024
YEL043W,YAL038W,0,0.5442732,0.1246882826089859,0.9759759902954102,0.6851351261138916
YNR031C,YOR215C,0,0.54349095,0.12466436624526978,0.9759759902954102,0.6852852702140808
YGL050W,YLR390W,0,0.5432545,0.12464045733213425,0.9759759902954102,0.68543541431427
YML052W,YLR050C,0,0.5428982,0.12461656332015991,0.9759759902954102,0.6855855584144592
YBR261C,YPL082C,0,0.5428508,0.12459267675876617,0.9759759902954102,0.6857357621192932
YGL148W,YOR180C,0,0.54270214,0.12456879764795303,0.9759759902954102,0.6858859062194824
YBR278W,YLL017W,0,0.54253066,0.12454493343830109,0.9759759902954102,0.6860360503196716
YMR046C,YLL055W,0,0.5419883,0.12452106922864914,0.9759759902954102,0.6861861944198608
YPL150W,YLR163C,0,0.5415766,0.12449721992015839,0.9759759902954102,0.68633633852005
YER055C,YGL241W,0,0.5411855,0.12447338551282883,0.9759759902954102,0.6864864826202393
YHR214C-B,YER190W,0,0.5408902,0.12444955110549927,0.9759759902954102,0.6866366267204285
YDR131C,YGR177C,0,0.54053396,0.1244257241487503,0.9759759902954102,0.6867867708206177
YOL155C,YPR159W,0,0.5399984,0.12440191209316254,0.9759759902954102,0.6869369149208069
YPR196W,YDR392W,0,0.5395971,0.12437810748815536,0.9759759902954102,0.6870870590209961
YPL151C,YDR196C,0,0.5394419,0.12435431778430939,0.9759759902954102,0.6872372627258301
YJL225C,YIL020C,0,0.5390485,0.12433052808046341,0.9759759902954102,0.6873874068260193
YDR205W,YGL148W,0,0.5388518,0.12430675327777863,0.9759759902954102,0.6875375509262085
YER150W,YJR147W,0,0.5388115,0.12428298592567444,0.9759759902954102,0.6876876950263977
YPL112C,YHR051W,0,0.5385917,0.12425922602415085,0.9759759902954102,0.6878378391265869
YBR125C,YNL010W,0,0.53752005,0.12423547357320786,0.9759759902954102,0.6879879832267761
YDL217C,YDL078C,0,0.53643453,0.12421173602342606,0.9759759902954102,0.6881381273269653
YJR149W,YHR082C,0,0.5361839,0.12418799847364426,0.9759759902954102,0.6882882714271545
YHR029C,YCL026C-B,0,0.53601176,0.12416427582502365,0.9759759902954102,0.6884384155273438
YKL203C,YLR251W,0,0.5358846,0.12414056807756424,0.9759759902954102,0.688588559627533
YLR197W,YCR097WB,0,0.53562194,0.12411686033010483,0.9759759902954102,0.6887387633323669
YGL236C,YOL158C,0,0.5351016,0.12409316748380661,0.9759759902954102,0.6888889074325562
YDR512C,YPR167C,0,0.534878,0.12406948208808899,0.9759759902954102,0.6890390515327454
YDL179W,YOR187W,0,0.5345627,0.12404580414295197,0.9759759902954102,0.6891891956329346
YPR196W,YPL163C,0,0.5343886,0.12402213364839554,0.9759759902954102,0.6893393397331238
YMR296C,YIL048W,0,0.53386086,0.12399847060441971,0.9759759902954102,0.689489483833313
YMR093W,YLR050C,0,0.5337005,0.12397482246160507,0.9759759902954102,0.6896396279335022
YPL259C,YJR103W,0,0.5332267,0.12395118176937103,0.9759759902954102,0.6897897720336914
YKL161C,YOR327C,0,0.53290856,0.12392754852771759,0.9759759902954102,0.6899399161338806
YNL079C,YMR143W,0,0.53263336,0.12390393018722534,0.9759759902954102,0.6900901198387146
YLR452C,YHR051W,0,0.531946,0.1238803118467331,0.9759759902954102,0.6902402639389038
YOR187W,YFR052W,0,0.5315605,0.12385670840740204,0.9759759902954102,0.690390408039093
YMR176W,YLL043W,0,0.5311194,0.12383311241865158,0.9759759902954102,0.6905405521392822
YBR183W,YLL017W,0,0.5308792,0.12380952388048172,0.9759759902954102,0.6906906962394714
YOR297C,YLR330W,0,0.53031695,0.12378594279289246,0.9759759902954102,0.6908408403396606
YGL014W,YBR141C,0,0.52938384,0.12376237660646439,0.9759759902954102,0.6909909844398499
YER098W,YMR046C,0,0.5290442,0.12373881787061691,0.9759759902954102,0.6911411285400391
YJL178C,YPL274W,0,0.5280074,0.12371526658535004,0.9759759902954102,0.6912912726402283
YPR072W,YKL007W,0,0.52681714,0.12369172275066376,0.9759759902954102,0.6914414167404175
YDR174W,YIL046W,0,0.5266089,0.12366818636655807,0.9759759902954102,0.6915916204452515
YCL018W,YLR182W,0,0.5260576,0.12364466488361359,0.9759759902954102,0.6917417645454407
YNL261W,YGL148W,0,0.5259096,0.1236211508512497,0.9759759902954102,0.6918919086456299
YJR051W,YER165W,0,0.525652,0.1235976442694664,0.9759759902954102,0.6920420527458191
YKL201C,YER074W,0,0.52522844,0.1235741451382637,0.9759759902954102,0.6921921968460083
YDR138W,YDL208W,0,0.5250736,0.1235506534576416,0.9759759902954102,0.6923423409461975
YML006C,YML132W,0,0.5236878,0.1235271766781807,0.9759759902954102,0.6924924850463867
YPL259C,YML039W,0,0.52287996,0.12350370734930038,0.9759759902954102,0.6926426291465759
YJL087C,YOR204W,0,0.5225743,0.12348024547100067,0.9759759902954102,0.6927927732467651
YDR461W,YCL052C,0,0.5222294,0.12345679104328156,0.9759759902954102,0.6929429173469543
YGR144W,YLL045C,0,0.52202666,0.12343334406614304,0.9759759902954102,0.6930931210517883
YLR404W,YMR008C,0,0.5212417,0.12340991199016571,0.9759759902954102,0.6932432651519775
YKL001C,YCL034W,0,0.52076083,0.12338648736476898,0.9759759902954102,0.6933934092521667
YAL016W,YNR010W,1,0.52059853,0.12355285882949829,0.977477490901947,0.6933934092521667
YDL061C,YPL167C,0,0.52029186,0.12352941185235977,0.977477490901947,0.693543553352356
YPR167C,YBR037C,0,0.52021956,0.12350597977638245,0.977477490901947,0.6936936974525452
YOR243C,YIL042C,0,0.51948285,0.12348254770040512,0.977477490901947,0.6938438415527344
YDR195W,YER190W,0,0.5192142,0.12345913052558899,0.977477490901947,0.6939939856529236
YNL231C,YDR373W,0,0.518967,0.12343572080135345,0.977477490901947,0.6941441297531128
YHR074W,YML030W,0,0.51876605,0.12341232597827911,0.977477490901947,0.694294273853302
YJL130C,YBL026W,0,0.5185575,0.12338893115520477,0.977477490901947,0.6944444179534912
YOR145C,YBR222C,0,0.5177151,0.12336555123329163,0.977477490901947,0.6945946216583252
YNR035C,YLR325C,0,0.5176528,0.12334217876195908,0.977477490901947,0.6947447657585144
YPL134C,YNL044W,0,0.5173695,0.12331881374120712,0.977477490901947,0.6948949098587036
YBR118W,YOR251C,0,0.51734066,0.12329545617103577,0.977477490901947,0.6950450539588928
YNL208W,YJL006C,0,0.51727766,0.12327210605144501,0.977477490901947,0.695195198059082
YHR164C,YML056C,0,0.5164872,0.12324877083301544,0.977477490901947,0.6953453421592712
YKL130C,YKL172W,0,0.51542634,0.12322544306516647,0.977477490901947,0.6954954862594604
YGL186C,YLR295C,0,0.51471037,0.1232021227478981,0.977477490901947,0.6956456303596497
YHR041C,YMR301C,0,0.5144463,0.12317880988121033,0.977477490901947,0.6957957744598389
YBR230C,YMR210W,0,0.51381356,0.12315550446510315,0.977477490901947,0.6959459185600281
YKR006C,YOR098C,0,0.51355726,0.12313221395015717,0.977477490901947,0.6960961222648621
YOR209C,YJL134W,0,0.51345515,0.12310892343521118,0.977477490901947,0.6962462663650513
YMR038C,YKL189W,0,0.5131958,0.12308564782142639,0.977477490901947,0.6963964104652405
YOL082W,YHR060W,0,0.5128302,0.1230623796582222,0.977477490901947,0.6965465545654297
YER055C,YCR026C,0,0.5127948,0.1230391263961792,0.977477490901947,0.6966966986656189
YDL140C,YGR255C,0,0.51166934,0.1230158731341362,0.977477490901947,0.6968468427658081
YAL033W,YNR013C,0,0.511308,0.1229926347732544,0.977477490901947,0.6969969868659973
YML073C,YGL216W,0,0.511185,0.12296939641237259,0.977477490901947,0.6971471309661865
YMR005W,YIL133C,0,0.5098671,0.12294617295265198,0.977477490901947,0.6972972750663757
YNL231C,YJL140W,0,0.50972986,0.12292296439409256,0.977477490901947,0.6974474191665649
YKL161C,YEL029C,0,0.5096556,0.12289975583553314,0.977477490901947,0.6975976228713989
YJL166W,YHR175W,0,0.50939155,0.12287655472755432,0.977477490901947,0.6977477669715881
YJR051W,YCR097WB,0,0.50913674,0.1228533685207367,0.977477490901947,0.6978979110717773
YJL172W,YFL048C,0,0.5090972,0.12283018976449966,0.977477490901947,0.6980480551719666
YDR090C,YBR287W,0,0.5085315,0.12280701845884323,0.977477490901947,0.6981981992721558
YKR006C,YMR099C,0,0.5084995,0.1227838546037674,0.977477490901947,0.698348343372345
YOR239W,YER087C-B,0,0.5084995,0.12276069819927216,0.977477490901947,0.6984984874725342
YEL069C,YPR035W,0,0.50817364,0.12273755669593811,0.977477490901947,0.6986486315727234
YDR518W,YGL004C,0,0.5078395,0.12271442264318466,0.977477490901947,0.6987987756729126
YDR030C,YML028W,0,0.50773484,0.12269129604101181,0.977477490901947,0.6989489197731018
YOR206W,YMR272C,0,0.50766784,0.12266817688941956,0.977477490901947,0.6990991234779358
YMR241W,YMR097C,0,0.50749385,0.1226450651884079,0.977477490901947,0.699249267578125
YKL103C,YPL180W,0,0.50725865,0.12262196093797684,0.977477490901947,0.6993994116783142
YNL127W,YIL083C,0,0.5072332,0.12259887158870697,0.977477490901947,0.6995495557785034
YMR276W,YEL031W,0,0.50681037,0.1225757896900177,0.977477490901947,0.6996996998786926
YFL038C,YBR192W,0,0.5067028,0.12255270779132843,0.977477490901947,0.6998498439788818
YBL041W,YMR077C,0,0.5063459,0.12252964079380035,0.977477490901947,0.699999988079071
YKR055W,YOR275C,0,0.5062365,0.12250658869743347,0.977477490901947,0.7001501321792603
YBR294W,YIL177C,0,0.5062303,0.12248353660106659,0.977477490901947,0.7003002762794495
YPR204W,YJR140C,0,0.5057645,0.1224604994058609,0.977477490901947,0.7004504799842834
YDR296W,YLR380W,0,0.50557214,0.12243746221065521,0.977477490901947,0.7006006240844727
YLR268W,YBR072W,0,0.50531405,0.12241443991661072,0.977477490901947,0.7007507681846619
YER154W,YNL208W,0,0.50501883,0.12239142507314682,0.977477490901947,0.7009009122848511
YAL022C,YLR208W,0,0.50483644,0.12236841768026352,0.977477490901947,0.7010510563850403
YJL191W,YNL026W,0,0.5044895,0.12234542518854141,0.977477490901947,0.7012012004852295
YDR419W,YMR296C,0,0.5044167,0.1223224326968193,0.977477490901947,0.7013513445854187
YPR035W,YCR087C-A,0,0.50356966,0.12229945510625839,0.977477490901947,0.7015014886856079
YER022W,YGL233W,0,0.50331074,0.12227648496627808,0.977477490901947,0.7016516327857971
YNL261W,YMR238W,0,0.50283295,0.12225352227687836,0.977477490901947,0.7018017768859863
YKR008W,YGL068W,0,0.5028301,0.12223056703805923,0.977477490901947,0.7019519805908203
YOL112W,YJL172W,0,0.5028211,0.12220761924982071,0.977477490901947,0.7021021246910095
YEL069C,YKL038W,0,0.50276613,0.12218468636274338,0.977477490901947,0.7022522687911987
YMR033W,YOR382W,0,0.502677,0.12216175347566605,0.977477490901947,0.7024024128913879
YKL206C,YBR257W,0,0.50254714,0.12213883548974991,0.977477490901947,0.7025525569915771
YFR021W,YOR261C,0,0.5022852,0.12211592495441437,0.977477490901947,0.7027027010917664
YOL142W,YER103W,0,0.50115854,0.12209302186965942,0.977477490901947,0.7028528451919556
YEL022W,YER150W,0,0.50044864,0.12207012623548508,0.977477490901947,0.7030029892921448
YEL030W,YER087W,0,0.49965087,0.12204724550247192,0.977477490901947,0.703153133392334
YLR203C,YMR087W,0,0.49727294,0.12202436476945877,0.977477490901947,0.7033032774925232
YDR498C,YMR210W,0,0.49715877,0.12200149893760681,0.977477490901947,0.7034534811973572
YHR060W,YPL180W,0,0.4965674,0.12197864055633545,0.977477490901947,0.7036036252975464
YLR291C,YLR391W-A,0,0.4965629,0.12195578962564468,0.977477490901947,0.7037537693977356
YGR012W,YKL168C,0,0.49648574,0.12193294614553452,0.977477490901947,0.7039039134979248
YNL080C,YGL103W,0,0.49646917,0.12191011011600494,0.977477490901947,0.704054057598114
YOL124C,YDR332W,0,0.49593487,0.12188728898763657,0.977477490901947,0.7042042016983032
YDR353W,YHR058C,0,0.4958761,0.12186446785926819,0.977477490901947,0.7043543457984924
YOR085W,YHR051W,0,0.4956853,0.121841661632061,0.977477490901947,0.7045044898986816
YJR078W,YPL110C,0,0.49504045,0.12181886285543442,0.977477490901947,0.7046546339988708
YBR177C,YBL113C,0,0.49491298,0.12179607152938843,0.977477490901947,0.7048047780990601
YOL086C,YDR404C,0,0.49472907,0.12177328765392303,0.977477490901947,0.704954981803894
YLL029W,YCR046C,0,0.49468014,0.12175051122903824,0.977477490901947,0.7051051259040833
YBR170C,YKL053C-A,0,0.49450204,0.12172774970531464,0.977477490901947,0.7052552700042725
YGR255C,YGL216W,0,0.4941394,0.12170498818159103,0.977477490901947,0.7054054141044617
YBR276C,YLR164W,0,0.49391156,0.12168224155902863,0.977477490901947,0.7055555582046509
YNL044W,YNL138W,0,0.49360034,0.12165950238704681,0.977477490901947,0.7057057023048401
YHR211W,YDR460W,0,0.4935986,0.1216367706656456,0.977477490901947,0.7058558464050293
YEL043W,YER090W,0,0.4933259,0.12161404639482498,0.977477490901947,0.7060059905052185
YNL070W,YBR192W,0,0.49327353,0.12159133702516556,0.977477490901947,0.7061561346054077
YKL103C,YNL079C,0,0.4931037,0.12156862765550613,0.977477490901947,0.7063062787055969
YJL079C,YMR295C,0,0.49282613,0.1215459331870079,0.977477490901947,0.7064564824104309
YLL029W,YLL051C,0,0.49249598,0.12152323871850967,0.977477490901947,0.7066066265106201
YKL096W-A,YAR031W,0,0.4921812,0.12150055915117264,0.977477490901947,0.7067567706108093
YNR044W,YNR060W,0,0.49215883,0.1214778870344162,0.977477490901947,0.7069069147109985
YMR227C,YIL083C,0,0.49213812,0.12145522236824036,0.977477490901947,0.7070570588111877
YKL013C,YNR002C,0,0.4918636,0.12143256515264511,0.977477490901947,0.707207202911377
YLR153C,YBR257W,0,0.49179867,0.12140992283821106,0.977477490901947,0.7073573470115662
YHR056C,YJL192C,0,0.49152455,0.12138728052377701,0.977477490901947,0.7075074911117554
YDR196C,YIL108W,0,0.490825,0.12136465311050415,0.977477490901947,0.7076576352119446
YBR195C,YMR300C,0,0.49079156,0.12134203314781189,0.977477490901947,0.7078077793121338
YOR219C,YOR338W,0,0.4906868,0.12131942063570023,0.977477490901947,0.7079579830169678
YKL007W,YJR103W,0,0.49062935,0.12129681557416916,0.977477490901947,0.708108127117157
YOL129W,YCL036W,0,0.4903567,0.12127421796321869,0.977477490901947,0.7082582712173462
YKR066C,YDR353W,0,0.490258,0.12125162780284882,0.977477490901947,0.7084084153175354
YCL018W,YKL061W,0,0.4898639,0.12122905254364014,0.977477490901947,0.7085585594177246
YGL068W,YLR209C,0,0.48977116,0.12120647728443146,0.977477490901947,0.7087087035179138
YOL057W,YML058W-A,0,0.4890491,0.12118391692638397,0.977477490901947,0.708858847618103
YJL191W,YNL027W,0,0.48861822,0.12116136401891708,0.977477490901947,0.7090089917182922
YER154W,YGL169W,0,0.4884923,0.12113881856203079,0.977477490901947,0.7091591358184814
YHR211W,YHR041C,0,0.48832202,0.1211162805557251,0.977477490901947,0.7093092799186707
YPR163C,YBR173C,0,0.48814824,0.12109375,0.977477490901947,0.7094594836235046
YCR030C,YDR229W,0,0.48813286,0.1210712268948555,0.977477490901947,0.7096096277236938
YLR219W,YOR187W,0,0.4877214,0.12104871869087219,0.977477490901947,0.7097597718238831
YDL208W,YLL033W,0,0.4876602,0.12102621048688889,0.977477490901947,0.7099099159240723
YKL007W,YGR095C,0,0.4875842,0.12100371718406677,0.977477490901947,0.7100600600242615
YKR066C,YDR461W,0,0.48723617,0.12098123133182526,0.977477490901947,0.7102102041244507
YMR300C,YKL015W,0,0.48721913,0.12095875293016434,0.977477490901947,0.7103603482246399
YJR151C,YMR200W,0,0.486375,0.12093628197908401,0.977477490901947,0.7105104923248291
YOR212W,YIL076W,0,0.4862819,0.12091381847858429,0.977477490901947,0.7106606364250183
YPL252C,YOR338W,0,0.48587936,0.12089136242866516,0.977477490901947,0.7108108401298523
YLR209C,YCR012W,0,0.4856633,0.12086892127990723,0.977477490901947,0.7109609842300415
YJL087C,YLL061W,0,0.48564684,0.12084648013114929,0.977477490901947,0.7111111283302307
YLR300W,YLR264W,0,0.48564345,0.12082405388355255,0.977477490901947,0.7112612724304199
YPL150W,YLR348C,0,0.48514792,0.12080163508653641,0.977477490901947,0.7114114165306091
YPL127C,YHR175W,0,0.4850138,0.12077922374010086,0.977477490901947,0.7115615606307983
YKL190W,YNL122C,0,0.48441693,0.12075681984424591,0.977477490901947,0.7117117047309875
YPR011C,YDR410C,0,0.48439783,0.12073442339897156,0.977477490901947,0.7118618488311768
YBR067C,YKR006C,0,0.48411992,0.1207120344042778,0.977477490901947,0.712011992931366
YOL129W,YOL043C,0,0.48403114,0.12068965286016464,0.977477490901947,0.7121621370315552
YGR281W,YMR143W,0,0.48392513,0.12066728621721268,0.977477490901947,0.7123123407363892
YOL165C,YML071C,0,0.48386338,0.12064491957426071,0.977477490901947,0.7124624848365784
YKL170W,YNR057C,0,0.48356143,0.12062256783246994,0.977477490901947,0.7126126289367676
YOR261C,YDR508C,0,0.48253778,0.12060022354125977,0.977477490901947,0.7127627730369568
YGR085C,YDL047W,0,0.48065683,0.12057788670063019,0.977477490901947,0.712912917137146
YLR005W,YMR229C,0,0.48051772,0.12055555731058121,0.977477490901947,0.7130630612373352
YOR279C,YOR275C,0,0.48047957,0.12053323537111282,0.977477490901947,0.7132132053375244
YIR011C,YJL030W,1,0.48027983,0.1206960380077362,0.9789789915084839,0.7132132053375244
YIL080W,YKL095W,0,0.4798585,0.12067370116710663,0.9789789915084839,0.7133633494377136
YKL161C,YDR072C,0,0.47967348,0.12065137177705765,0.9789789915084839,0.7135134935379028
YPL078C,YGL103W,0,0.47962716,0.12062904983758926,0.9789789915084839,0.713663637638092
YOR089C,YDL045C,0,0.47954994,0.12060673534870148,0.9789789915084839,0.713813841342926
YOL062C,YOR098C,0,0.4783659,0.12058442831039429,0.9789789915084839,0.7139639854431152
YLL029W,YFR029W,0,0.47818395,0.1205621287226677,0.9789789915084839,0.7141141295433044
YKL038W,YPR001W,0,0.47808406,0.1205398440361023,0.9789789915084839,0.7142642736434937
YIL042C,YOR294W,0,0.47735184,0.1205175593495369,0.9789789915084839,0.7144144177436829
YKR069W,YGR239C,0,0.4771887,0.12049528956413269,0.9789789915084839,0.7145645618438721
YDR218C,YIL133C,0,0.47715572,0.12047301977872849,0.9789789915084839,0.7147147059440613
YBL041W,YNL052W,0,0.4767417,0.12045076489448547,0.9789789915084839,0.7148648500442505
YBL112C,YLR151C,0,0.47671896,0.12042851746082306,0.9789789915084839,0.7150149941444397
YKL003C,YOR285W,0,0.47671613,0.12040627747774124,0.9789789915084839,0.7151651382446289
YJR028W,YPL093W,0,0.47659498,0.12038404494524002,0.9789789915084839,0.7153153419494629
YGL225W,YOR382W,0,0.47578752,0.1203618273139,0.9789789915084839,0.7154654860496521
YGR072W,YML056C,0,0.47392818,0.12033960968255997,0.9789789915084839,0.7156156301498413
YAL038W,YHR156C,0,0.47389212,0.12031739950180054,0.9789789915084839,0.7157657742500305
YDR423C,YGL220W,0,0.47375056,0.1202952042222023,0.9789789915084839,0.7159159183502197
YNL231C,YKL165C,0,0.4735129,0.12027300894260406,0.9789789915084839,0.7160660624504089
YIL088C,YLR264W,0,0.4732392,0.12025082856416702,0.9789789915084839,0.7162162065505981
YPL196W,YLR278C,0,0.47312948,0.12022865563631058,0.9789789915084839,0.7163663506507874
YLR429W,YKL168C,0,0.47227475,0.12020649015903473,0.9789789915084839,0.7165164947509766
YHR209W,YOR085W,0,0.47103336,0.12018433213233948,0.9789789915084839,0.7166666388511658
YNL153C,YMR228W,0,0.4707828,0.12016218155622482,0.9789789915084839,0.7168168425559998
YLR295C,YDL045W-A,0,0.47062615,0.12014003843069077,0.9789789915084839,0.716966986656189
YLL029W,YDL035C,0,0.47039816,0.1201179102063179,0.9789789915084839,0.7171171307563782
YOR222W,YOR351C,0,0.4697568,0.12009578198194504,0.9789789915084839,0.7172672748565674
YOR237W,YPR187W,0,0.4696181,0.12007366120815277,0.9789789915084839,0.7174174189567566
YHR179W,YMR246W,0,0.46903703,0.1200515553355217,0.9789789915084839,0.7175675630569458
YCR087C-A,YNL175C,0,0.46860492,0.12002945691347122,0.9789789915084839,0.717717707157135
YMR295C,YMR115W,0,0.46729657,0.12000736594200134,0.9789789915084839,0.7178678512573242
YDR414C,YHR211W,0,0.4670818,0.11998527497053146,0.9789789915084839,0.7180179953575134
YKL117W,YGL200C,0,0.46664706,0.11996319890022278,0.9789789915084839,0.7181681394577026
YCR030C,YPL188W,0,0.465284,0.11994113028049469,0.9789789915084839,0.7183183431625366
YNL302C,YDR508C,0,0.46510056,0.1199190765619278,0.9789789915084839,0.7184684872627258
YDL215C,YMR246W,0,0.4634915,0.1198970228433609,0.9789789915084839,0.718618631362915
YKR019C,YGR143W,0,0.46302503,0.1198749765753746,0.9789789915084839,0.7187687754631042
YNL050C,YJR133W,0,0.46270165,0.1198529377579689,0.9789789915084839,0.7189189195632935
YPL147W,YOR089C,0,0.46186632,0.1198309138417244,0.9789789915084839,0.7190690636634827
YGR081C,YLR224W,0,0.46177855,0.11980889737606049,0.9789789915084839,0.7192192077636719
YDR497C,YFL023W,0,0.46132046,0.11978688091039658,0.9789789915084839,0.7193693518638611
YGR264C,YJL172W,0,0.46130058,0.11976487934589386,0.9789789915084839,0.7195194959640503
YLR353W,YFL014W,0,0.46129653,0.11974288523197174,0.9789789915084839,0.7196696400642395
YBR173C,YAL039C,0,0.4611804,0.11972089856863022,0.9789789915084839,0.7198198437690735
YPR196W,YCL025C,0,0.46084493,0.1196989193558693,0.9789789915084839,0.7199699878692627
YLR228C,YGL046W,0,0.46048704,0.11967694759368896,0.9789789915084839,0.7201201319694519
YOR204W,YLL033W,0,0.45977938,0.11965498328208923,0.9789789915084839,0.7202702760696411
YNR057C,YOR377W,0,0.4595939,0.1196330264210701,0.9789789915084839,0.7204204201698303
YPL223C,YNL302C,0,0.45939305,0.11961107701063156,0.9789789915084839,0.7205705642700195
YLR029C,YMR213W,0,0.45918003,0.11958914250135422,0.9789789915084839,0.7207207083702087
YJR036C,YDR337W,0,0.4591584,0.11956720799207687,0.9789789915084839,0.720870852470398
YNR031C,YJL191W,0,0.45914635,0.11954528838396072,0.9789789915084839,0.7210209965705872
YOR338W,YCR012W,0,0.45880643,0.11952337622642517,0.9789789915084839,0.7211712002754211
YMR090W,YLR330W,0,0.4587804,0.11950146406888962,0.9789789915084839,0.7213213443756104
YLR425W,YMR090W,0,0.4586975,0.11947956681251526,0.9789789915084839,0.7214714884757996
YNL107W,YGR155W,0,0.45841834,0.1194576770067215,0.9789789915084839,0.7216216325759888
YLR219W,YGL103W,0,0.4581857,0.11943579465150833,0.9789789915084839,0.721771776676178
YCR030C,YER055C,0,0.45782718,0.11941391974687576,0.9789789915084839,0.7219219207763672
YBR260C,YOL155C,0,0.45772263,0.11939205229282379,0.9789789915084839,0.7220720648765564
YBR177C,YGL233W,0,0.4573088,0.11937019228935242,0.9789789915084839,0.7222222089767456
YOL124C,YBR115C,0,0.4567973,0.11934833973646164,0.9789789915084839,0.7223723530769348
YDR167W,YJR026W,0,0.45669115,0.11932650208473206,0.9789789915084839,0.722522497177124
YJL034W,YLR344W,0,0.45641014,0.11930466443300247,0.9789789915084839,0.722672700881958
YFL057C,YAL029C,0,0.45598182,0.11928284168243408,0.9789789915084839,0.7228228449821472
YOL155C,YPL259C,0,0.4558333,0.11926101893186569,0.9789789915084839,0.7229729890823364
YBR247C,YER151C,0,0.45578834,0.1192392110824585,0.9789789915084839,0.7231231331825256
YPL139C,YER090W,0,0.45559597,0.1192174106836319,0.9789789915084839,0.7232732772827148
YDL036C,YOR204W,0,0.45512936,0.1191956102848053,0.9789789915084839,0.723423421382904
YJR036C,YOR261C,0,0.45510033,0.11917382478713989,0.9789789915084839,0.7235735654830933
YLL019C,YLR164W,0,0.45478114,0.11915204674005508,0.9789789915084839,0.7237237095832825
YLR425W,YPL183W-A,0,0.4544299,0.11913027614355087,0.9789789915084839,0.7238738536834717
YMR300C,YBR010W,0,0.45424506,0.11910851299762726,0.9789789915084839,0.7240239977836609
YIR011C,YDR260C,1,0.45419285,0.11926940828561783,0.9804804921150208,0.7240239977836609
YNL147W,YLR391W,0,0.45414746,0.11924762278795242,0.9804804921150208,0.7241742014884949
YER087W,YDL015C,0,0.45402107,0.11922585219144821,0.9804804921150208,0.7243243455886841
YOR292C,YFL014W,0,0.45398176,0.1192040890455246,0.9804804921150208,0.7244744896888733
YDL059C,YJR103W,0,0.45349067,0.11918233335018158,0.9804804921150208,0.7246246337890625
YKL085W,YPL096W,0,0.4522902,0.11916058510541916,0.9804804921150208,0.7247747778892517
YDR034C,YPL098C,0,0.45215204,0.11913884431123734,0.9804804921150208,0.7249249219894409
YER046W,YML039W,0,0.45187178,0.11911711096763611,0.9804804921150208,0.7250750660896301
YKR008W,YER125W,0,0.4517406,0.11909538507461548,0.9804804921150208,0.7252252101898193
YBR287W,YGR271W,0,0.45170555,0.11907366663217545,0.9804804921150208,0.7253753542900085
YKL174C,YJL079C,0,0.45126504,0.1190519630908966,0.9804804921150208,0.7255254983901978
YPR035W,YLR033W,0,0.45122612,0.11903025954961777,0.9804804921150208,0.7256757020950317
YHR039C-A,YGL051W,0,0.45106095,0.11900856345891953,0.9804804921150208,0.725825846195221
YIL095W,YER052C,0,0.45075005,0.11898688226938248,0.9804804921150208,0.7259759902954102
YGR052W,YMR046C,0,0.44982043,0.11896520107984543,0.9804804921150208,0.7261261343955994
YGR264C,YMR180C,0,0.4496028,0.11894353479146957,0.9804804921150208,0.7262762784957886
YDR211W,YPR138C,0,0.44935486,0.11892186850309372,0.9804804921150208,0.7264264225959778
YPL180W,YJL149W,0,0.4493005,0.11890021711587906,0.9804804921150208,0.726576566696167
YKR019C,YPR091C,0,0.4492885,0.118878573179245,0.9804804921150208,0.7267267107963562
YDR296W,YNL073W,0,0.44906977,0.11885693669319153,0.9804804921150208,0.7268768548965454
YJL172W,YIL170W,0,0.44890383,0.11883530765771866,0.9804804921150208,0.7270269989967346
YEL069C,YLR251W,0,0.44813284,0.11881368607282639,0.9804804921150208,0.7271772027015686
YIL142W,YDR170C,0,0.44767985,0.11879207193851471,0.9804804921150208,0.7273273468017578
YLL055W,YGL174W,0,0.44688514,0.11877046525478363,0.9804804921150208,0.727477490901947
YAR035W,YFL021W,0,0.44668052,0.11874886602163315,0.9804804921150208,0.7276276350021362
YNL085W,YER050C,0,0.44625404,0.11872727423906326,0.9804804921150208,0.7277777791023254
YNL297C,YKL201C,0,0.445941,0.11870568990707397,0.9804804921150208,0.7279279232025146
YPL240C,YGL216W,0,0.4459271,0.11868411302566528,0.9804804921150208,0.7280780673027039
YHR047C,YER138C,0,0.4455733,0.11866255104541779,0.9804804921150208,0.7282282114028931
YBR067C,YGL046W,0,0.4443675,0.11864098906517029,0.9804804921150208,0.7283783555030823
YDR414C,YKR057W,0,0.44341207,0.11861943453550339,0.9804804921150208,0.7285284996032715
YLR105C,YDR527W,0,0.4433156,0.11859789490699768,0.9804804921150208,0.7286787033081055
YEL043W,YGL037C,0,0.4432769,0.11857635527849197,0.9804804921150208,0.7288288474082947
YDL036C,YML128C,0,0.44260696,0.11855483055114746,0.9804804921150208,0.7289789915084839
YDR423C,YDR392W,0,0.44254842,0.11853330582380295,0.9804804921150208,0.7291291356086731
YJR070C,YBR182C,0,0.442021,0.11851179599761963,0.9804804921150208,0.7292792797088623
YGR085C,YJR036C,0,0.44175068,0.1184902936220169,0.9804804921150208,0.7294294238090515
YOR274W,YGR012W,0,0.44172,0.11846879869699478,0.9804804921150208,0.7295795679092407
YER125W,YLL061W,0,0.441187,0.11844730377197266,0.9804804921150208,0.7297297120094299
YNR021W,YDL047W,0,0.44109073,0.11842582374811172,0.9804804921150208,0.7298798561096191
YDR423C,YMR099C,0,0.44093755,0.11840435117483139,0.9804804921150208,0.7300300598144531
YDL121C,YBR150C,0,0.44078058,0.11838288605213165,0.9804804921150208,0.7301802039146423
YJL144W,YER046W,0,0.44031674,0.11836142838001251,0.9804804921150208,0.7303303480148315
YLR390W,YKR069W,0,0.43953457,0.11833997815847397,0.9804804921150208,0.7304804921150208
YBR096W,YLL040C,0,0.4393014,0.11831853538751602,0.9804804921150208,0.73063063621521
YDL171C,YFL013C,0,0.43741623,0.11829710006713867,0.9804804921150208,0.7307807803153992
YDR030C,YGR258C,0,0.437023,0.11827567219734192,0.9804804921150208,0.7309309244155884
YDL217C,YJL172W,0,0.43698063,0.11825425922870636,0.9804804921150208,0.7310810685157776
YLR113W,YLL043W,0,0.436348,0.1182328462600708,0.9804804921150208,0.7312312126159668
YDL225W,YLR042C,0,0.43615454,0.11821144074201584,0.9804804921150208,0.731381356716156
YCL018W,YER185W,0,0.43606362,0.11819004267454147,0.9804804921150208,0.73153156042099
YHR056C,YOR313C,0,0.43597838,0.1181686595082283,0.9804804921150208,0.7316817045211792
YDR371W,YMR114C,0,0.4359562,0.11814727634191513,0.9804804921150208,0.7318318486213684
YBR287W,YKR035W-A,0,0.4358965,0.11812590807676315,0.9804804921150208,0.7319819927215576
YIL142W,YBR067C,0,0.4354865,0.11810453981161118,0.9804804921150208,0.7321321368217468
YMR087W,YCR012W,0,0.4348499,0.1180831789970398,0.9804804921150208,0.732282280921936
YNL147W,YKL182W,0,0.4339387,0.11806183308362961,0.9804804921150208,0.7324324250221252
YMR319C,YNL070W,0,0.43368328,0.11804049462080002,0.9804804921150208,0.7325825691223145
YNL016W,YNL259C,0,0.43327639,0.11801915615797043,0.9804804921150208,0.7327327132225037
YHR174W,YDL047W,0,0.43252918,0.11799783259630203,0.9804804921150208,0.7328828573226929
YPL078C,YIL177C,0,0.43230096,0.11797651648521423,0.9804804921150208,0.7330330610275269
YLR029C,YDR131C,0,0.43202052,0.11795520037412643,0.9804804921150208,0.7331832051277161
YDR353W,YDL225W,0,0.4317691,0.11793389916419983,0.9804804921150208,0.7333333492279053
YFR021W,YER052C,0,0.43162078,0.11791260540485382,0.9804804921150208,0.7334834933280945
YGL050W,YOL111C,0,0.43111172,0.11789131909608841,0.9804804921150208,0.7336336374282837
YPR198W,YOR162C,0,0.43076673,0.117870032787323,0.9804804921150208,0.7337837815284729
YLL019C,YML039W,0,0.43055448,0.11784876137971878,0.9804804921150208,0.7339339256286621
YNR021W,YBR042C,0,0.43006444,0.11782749742269516,0.9804804921150208,0.7340840697288513
YPR191W,YGL060W,0,0.42958286,0.11780624091625214,0.9804804921150208,0.7342342138290405
YDR476C,YML132W,0,0.4291779,0.11778499186038971,0.9804804921150208,0.7343843579292297
YPR144C,YBL089W,0,0.42907837,0.11776375025510788,0.9804804921150208,0.7345345616340637
YDR404C,YJL082W,0,0.4288704,0.11774251610040665,0.9804804921150208,0.7346847057342529
YKR066C,YJL191W,0,0.42880377,0.11772128939628601,0.9804804921150208,0.7348348498344421
YIL080W,YAR035W,0,0.42865112,0.11770007014274597,0.9804804921150208,0.7349849939346313
YNL079C,YMR046C,0,0.42851317,0.11767885833978653,0.9804804921150208,0.7351351380348206
YDR026C,YBL011W,0,0.42841342,0.11765765398740768,0.9804804921150208,0.7352852821350098
YPL150W,YLR206W,0,0.42833805,0.11763646453619003,0.9804804921150208,0.735435426235199
YDR164C,YIR038C,0,0.42766652,0.11761527508497238,0.9804804921150208,0.7355855703353882
YJR026W,YOR251C,0,0.4276222,0.11759409308433533,0.9804804921150208,0.7357357144355774
YHR056C,YIL139C,0,0.4274045,0.11757291853427887,0.9804804921150208,0.7358858585357666
YER190W,YMR143W,0,0.4264983,0.1175517588853836,0.9804804921150208,0.7360360622406006
YIL170W,YPR160W,0,0.42543644,0.11753059923648834,0.9804804921150208,0.7361862063407898
YDR083W,YMR296C,0,0.4253544,0.11750944703817368,0.9804804921150208,0.736336350440979
YJR040W,YMR229C,0,0.42527044,0.1174883022904396,0.9804804921150208,0.7364864945411682
YFR021W,YKL161C,0,0.4249662,0.11746717244386673,0.9804804921150208,0.7366366386413574
YGR225W,YGR155W,0,0.4243028,0.11744604259729385,0.9804804921150208,0.7367867827415466
YNL302C,YMR304W,0,0.4242267,0.11742492020130157,0.9804804921150208,0.7369369268417358
YGL051W,YMR099C,0,0.4241521,0.11740381270647049,0.9804804921150208,0.737087070941925
YFR045W,YKR002W,0,0.42329487,0.1173827052116394,0.9804804921150208,0.7372372150421143
YKL093W,YDR109C,0,0.4223688,0.11736161261796951,0.9804804921150208,0.7373873591423035
YJL034W,YNL006W,0,0.42205295,0.11734052002429962,0.9804804921150208,0.7375375628471375
YLR043C,YCL052C,0,0.4219537,0.11731944233179092,0.9804804921150208,0.7376877069473267
YNL261W,YHR175W,0,0.42157283,0.11729836463928223,0.9804804921150208,0.7378378510475159
YFL010W-A,YGL203C,0,0.4214687,0.11727730184793472,0.9804804921150208,0.7379879951477051
YBR096W,YCR046C,0,0.4213666,0.11725623905658722,0.9804804921150208,0.7381381392478943
YHR041C,YDL227C,0,0.42123035,0.11723519116640091,0.9804804921150208,0.7382882833480835
YML071C,YDL078C,0,0.42109647,0.1172141432762146,0.9804804921150208,0.7384384274482727
YLR244C,YNR002C,0,0.4209593,0.11719311028718948,0.9804804921150208,0.7385885715484619
YBL011W,YGR214W,0,0.42036334,0.11717207729816437,0.9804804921150208,0.7387387156486511
YBR177C,YMR087W,0,0.41969365,0.11715105921030045,0.9804804921150208,0.7388888597488403
YAL060W,YBR202W,0,0.4196034,0.11713004112243652,0.9804804921150208,0.7390390634536743
YBR155W,YEL040W,0,0.41944018,0.1171090379357338,0.9804804921150208,0.7391892075538635
YPL276W,YOR230W,0,0.41929355,0.11708804219961166,0.9804804921150208,0.7393393516540527
YKL166C,YMR046C,0,0.4192096,0.11706704646348953,0.9804804921150208,0.7394894957542419
YPL273W,YPL096W,0,0.41884884,0.1170460656285286,0.9804804921150208,0.7396396398544312
YLR197W,YLR020C,0,0.41803664,0.11702509224414825,0.9804804921150208,0.7397897839546204
YLR447C,YER022W,0,0.41750023,0.11700411885976791,0.9804804921150208,0.7399399280548096
YDR518W,YKL007W,0,0.4173558,0.11698316037654877,0.9804804921150208,0.7400900721549988
YBR281C,YER002W,0,0.41726524,0.11696220934391022,0.9804804921150208,0.740240216255188
YOR176W,YLR314C,0,0.41720948,0.11694125831127167,0.9804804921150208,0.740390419960022
YNL095C,YNL178W,0,0.41699255,0.11692032217979431,0.9804804921150208,0.7405405640602112
YDR076W,YIL083C,0,0.41682026,0.11689939349889755,0.9804804921150208,0.7406907081604004
YPR083W,YDR109C,0,0.41633818,0.1168784648180008,0.9804804921150208,0.7408408522605896
YDL029W,YKL074C,0,0.41581008,0.11685755103826523,0.9804804921150208,0.7409909963607788
YLR344W,YKL053C-A,0,0.41574427,0.11683664470911026,0.9804804921150208,0.741141140460968
YJL060W,YJL192C,0,0.4146709,0.11681574583053589,0.9804804921150208,0.7412912845611572
YGR252W,YEL040W,0,0.41447648,0.11679484695196152,0.9804804921150208,0.7414414286613464
YOR388C,YLR344W,0,0.4143295,0.11677396297454834,0.9804804921150208,0.7415915727615356
YJR053W,YGR155W,0,0.41429302,0.11675308644771576,0.9804804921150208,0.7417417168617249
YNL073W,YJL172W,0,0.41334966,0.11673220992088318,0.9804804921150208,0.7418919205665588
YDL061C,YDR472W,0,0.41322473,0.11671134829521179,0.9804804921150208,0.742042064666748
YDL055C,YMR180C,0,0.41282693,0.116690494120121,0.9804804921150208,0.7421922087669373
YLR182W,YPL274W,0,0.41250896,0.11666964739561081,0.9804804921150208,0.7423423528671265
YKL119C,YGL236C,0,0.41185865,0.11664880067110062,0.9804804921150208,0.7424924969673157
YNL010W,YPR125W,0,0.4098297,0.11662796884775162,0.9804804921150208,0.7426426410675049
YDR090C,YOR147W,0,0.4097692,0.11660714447498322,0.9804804921150208,0.7427927851676941
YDL142C,YJL191W,0,0.409296,0.11658632755279541,0.9804804921150208,0.7429429292678833
YDL107W,YMR272C,0,0.40916714,0.1165655106306076,0.9804804921150208,0.7430930733680725
YER125W,YOL062C,0,0.40915278,0.116544708609581,0.9804804921150208,0.7432432174682617
YKL203C,YLR160C,0,0.40911594,0.11652391403913498,0.9804804921150208,0.7433934211730957
YKL175W,YNL080C,0,0.40893307,0.11650311946868896,0.9804804921150208,0.7435435652732849
YNL044W,YNR035C,0,0.4088279,0.11648233979940414,0.9804804921150208,0.7436937093734741
YGL237C,YDR064W,0,0.40877396,0.11646156758069992,0.9804804921150208,0.7438438534736633
YCL057W,YLR309C,0,0.4081877,0.1164407953619957,0.9804804921150208,0.7439939975738525
YDR064W,YMR025W,0,0.4080076,0.11642003804445267,0.9804804921150208,0.7441441416740417
YHR030C,YOR299W,0,0.40784526,0.11639928817749023,0.9804804921150208,0.744294285774231
YMR025W,YDL022W,0,0.4074876,0.1163785457611084,0.9804804921150208,0.7444444298744202
YJR005W,YGL233W,0,0.40700606,0.11635780334472656,0.9804804921150208,0.7445945739746094
YBR183W,YJR010W,0,0.40646905,0.11633707582950592,0.9804804921150208,0.7447447180747986
YHR047C,YNL117W,0,0.4054525,0.11631634831428528,0.9804804921150208,0.7448949217796326
YGR081C,YIL076W,0,0.40525386,0.11629563570022583,0.9804804921150208,0.7450450658798218
YER050C,YER137C,0,0.40509155,0.11627493053674698,0.9804804921150208,0.745195209980011
YKR066C,YBR096W,0,0.40459538,0.11625422537326813,0.9804804921150208,0.7453453540802002
YBR187W,YNL259C,0,0.4044195,0.11623353511095047,0.9804804921150208,0.7454954981803894
YDL142C,YLR219W,0,0.404061,0.11621285229921341,0.9804804921150208,0.7456456422805786
YAL038W,YOR239W,0,0.40338036,0.11619216948747635,0.9804804921150208,0.7457957863807678
YJR028W,YLR209C,0,0.40331575,0.11617150157690048,0.9804804921150208,0.745945930480957
YFL054C,YGR070W,0,0.40319481,0.11615083366632462,0.9804804921150208,0.7460960745811462
YJR010W,YOR176W,0,0.40296763,0.11613018065690994,0.9804804921150208,0.7462462186813354
YOR291W,YFR033C,0,0.40286258,0.11610952764749527,0.9804804921150208,0.7463964223861694
YMR032W,YCR012W,0,0.40279436,0.11608888953924179,0.9804804921150208,0.7465465664863586
YDL107W,YPR163C,0,0.4025466,0.11606825143098831,0.9804804921150208,0.7466967105865479
YJL011C,YHL034C,0,0.40238968,0.11604762822389603,0.9804804921150208,0.7468468546867371
YHR179W,YGR085C,0,0.4019166,0.11602700501680374,0.9804804921150208,0.7469969987869263
YGL068W,YNL219C,0,0.40191606,0.11600639671087265,0.9804804921150208,0.7471471428871155
YJR005W,YPR127W,0,0.4010418,0.11598578840494156,0.9804804921150208,0.7472972869873047
YJL034W,YBR177C,0,0.4004446,0.11596519500017166,0.9804804921150208,0.7474474310874939
YJR082C,YHR005C-A,0,0.40036023,0.11594460159540176,0.9804804921150208,0.7475975751876831
YPR024W,YOL142W,0,0.40014374,0.11592401564121246,0.9804804921150208,0.7477477192878723
YNL044W,YIR032C,0,0.39968213,0.11590344458818436,0.9804804921150208,0.7478979229927063
YPR194C,YDR229W,0,0.39957154,0.11588287353515625,0.9804804921150208,0.7480480670928955
YNL281W,YEL036C,0,0.39907965,0.11586231738328934,0.9804804921150208,0.7481982111930847
YGR081C,YPR160W,0,0.39870664,0.11584176123142242,0.9804804921150208,0.7483483552932739
YKR066C,YGR118W,0,0.39847907,0.11582121253013611,0.9804804921150208,0.7484984993934631
YLR103C,YLR209C,0,0.3981537,0.11580067127943039,0.9804804921150208,0.7486486434936523
YOR212W,YBL091C-A,0,0.3977318,0.11578014492988586,0.9804804921150208,0.7487987875938416
YCR057C,YAL040C,0,0.3976928,0.11575961858034134,0.9804804921150208,0.7489489316940308
YHL012W,YOR099W,0,0.39692378,0.11573909968137741,0.9804804921150208,0.74909907579422
YCL014W,YHR174W,0,0.3967065,0.11571858823299408,0.9804804921150208,0.7492492198944092
YER165W,YDR195W,0,0.39546868,0.11569808423519135,0.9804804921150208,0.7493994235992432
YER162C,YLL017W,0,0.39544663,0.11567758768796921,0.9804804921150208,0.7495495676994324
YNR002C,YOR123C,0,0.395309,0.11565710604190826,0.9804804921150208,0.7496997117996216
YEL031W,YMR180C,0,0.39516377,0.11563662439584732,0.9804804921150208,0.7498498558998108
YCL018W,YLR208W,0,0.3950598,0.11561615020036697,0.9804804921150208,0.75
YML032C,YNL284C,0,0.3946234,0.11559568345546722,0.9804804921150208,0.7501501441001892
YLL051C,YDL197C,0,0.39460912,0.11557522416114807,0.9804804921150208,0.7503002882003784
YGR238C,YLR291C,0,0.39382064,0.11555477231740952,0.9804804921150208,0.7504504323005676
YLL045C,YMR115W,0,0.39338747,0.11553432047367096,0.9804804921150208,0.7506005764007568
YBR125C,YIL143C,0,0.3927188,0.1155138835310936,0.9804804921150208,0.7507507801055908
YJL225C,YMR227C,0,0.3927186,0.11549345403909683,0.9804804921150208,0.75090092420578
YKR056W,YMR273C,0,0.39187464,0.11547303199768066,0.9804804921150208,0.7510510683059692
YDL078C,YLL055W,0,0.3916504,0.11545261740684509,0.9804804921150208,0.7512012124061584
YGL174W,YMR143W,0,0.39164233,0.11543221026659012,0.9804804921150208,0.7513513565063477
YBR150C,YPR006C,0,0.39137727,0.11541180312633514,0.9804804921150208,0.7515015006065369
YMR136W,YDL077C,0,0.39088932,0.11539141088724136,0.9804804921150208,0.7516516447067261
YMR315W,YGL060W,0,0.39070094,0.11537102609872818,0.9804804921150208,0.7518017888069153
YOR206W,YNL073W,0,0.38974944,0.115350641310215,0.9804804921150208,0.7519519329071045
YOR209C,YBL089W,0,0.3894704,0.115330271422863,0.9804804921150208,0.7521020770072937
YBL058W,YDR476C,0,0.38924,0.11530990898609161,0.9804804921150208,0.7522522807121277
YLR270W,YOR351C,0,0.3890067,0.11528954654932022,0.9804804921150208,0.7524024248123169
YER087W,YER168C,0,0.38873765,0.11526919901371002,0.9804804921150208,0.7525525689125061
YLR105C,YLR325C,0,0.3887008,0.11524885147809982,0.9804804921150208,0.7527027130126953
YMR114C,YMR200W,0,0.38840464,0.11522851884365082,0.9804804921150208,0.7528528571128845
YHR056C,YOR382W,0,0.38832882,0.11520818620920181,0.9804804921150208,0.7530030012130737
YJL034W,YNR006W,0,0.3880643,0.1151878610253334,0.9804804921150208,0.7531531453132629
YKL171W,YFR052W,0,0.38773534,0.11516755074262619,0.9804804921150208,0.7533032894134521
YNL283C,YHR005C-A,0,0.3874224,0.11514724045991898,0.9804804921150208,0.7534534335136414
YER049W,YNR015W,0,0.385774,0.11512693762779236,0.9804804921150208,0.7536035776138306
YPL213W,YFR033C,0,0.38464412,0.11510664224624634,0.9804804921150208,0.7537537813186646
YPR144C,YPL139C,0,0.38462046,0.11508636176586151,0.9804804921150208,0.7539039254188538
YLR219W,YOL158C,0,0.38457668,0.11506608128547668,0.9804804921150208,0.754054069519043
YOR142W,YHR174W,0,0.38404623,0.11504580825567245,0.9804804921150208,0.7542042136192322
YPR137W,YER190W,0,0.3839644,0.11502554267644882,0.9804804921150208,0.7543543577194214
YIL134W,YDL022W,0,0.38328466,0.11500528454780579,0.9804804921150208,0.7545045018196106
YFR018C,YNL230C,0,0.38323614,0.11498503386974335,0.9804804921150208,0.7546546459197998
YLR380W,YOR327C,0,0.3829773,0.1149647906422615,0.9804804921150208,0.754804790019989
YGL068W,YCR014C,0,0.38288644,0.11494455486536026,0.9804804921150208,0.7549549341201782
YEL043W,YJL130C,0,0.38259014,0.11492431908845901,0.9804804921150208,0.7551050782203674
YEL052W,YDR296W,0,0.38248828,0.11490409821271896,0.9804804921150208,0.7552552819252014
YFR021W,YGL010W,0,0.3822503,0.11488388478755951,0.9804804921150208,0.7554054260253906
YNL110C,YKR028W,0,0.38172713,0.11486367881298065,0.9804804921150208,0.7555555701255798
YDR245W,YDR151C,0,0.38162628,0.1148434728384018,0.9804804921150208,0.755705714225769
YJL171C,YDR207C,0,0.3813589,0.11482328176498413,0.9804804921150208,0.7558558583259583
YAR002C-A,YOR187W,0,0.38110116,0.11480309069156647,0.9804804921150208,0.7560060024261475
YBR177C,YGR258C,0,0.38095573,0.11478291451931,0.9804804921150208,0.7561561465263367
YLR401C,YIL177C,0,0.38056138,0.11476273834705353,0.9804804921150208,0.7563062906265259
YDL133C-A,YDR451C,0,0.3804689,0.11474257707595825,0.9804804921150208,0.7564564347267151
YDR083W,YNL095C,0,0.3795966,0.11472241580486298,0.9804804921150208,0.7566065788269043
YMR025W,YER130C,0,0.37936953,0.1147022694349289,0.9804804921150208,0.7567567825317383
YKL090W,YKL085W,0,0.37834626,0.11468212306499481,0.9804804921150208,0.7569069266319275
YNL297C,YMR319C,0,0.37823975,0.11466198414564133,0.9804804921150208,0.7570570707321167
YPR125W,YFL001W,0,0.3782309,0.11464185267686844,0.9804804921150208,0.7572072148323059
YOR147W,YOR085W,0,0.37810126,0.11462172865867615,0.9804804921150208,0.7573573589324951
YOR206W,YJL134W,0,0.37806162,0.11460161209106445,0.9804804921150208,0.7575075030326843
YLL055W,YDR404C,0,0.37751767,0.11458150297403336,0.9804804921150208,0.7576576471328735
YGR216C,YOR393W,0,0.37680075,0.11456140130758286,0.9804804921150208,0.7578077912330627
YOR292C,YOL028C,0,0.3767655,0.11454130709171295,0.9804804921150208,0.757957935333252
YDR453C,YNR018W,0,0.37660304,0.11452122032642365,0.9804804921150208,0.7581080794334412
YJR151C,YOR261C,0,0.37631598,0.11450114101171494,0.9804804921150208,0.7582582831382751
YCL057W,YJL117W,0,0.3759914,0.11448106914758682,0.9804804921150208,0.7584084272384644
YPL122C,YGL148W,0,0.3757986,0.11446099728345871,0.9804804921150208,0.7585585713386536
YAL016W,YAL031C,1,0.37579635,0.11461619287729263,0.9819819927215576,0.7585585713386536
YLR264W,YOR222W,0,0.37570456,0.11459611356258392,0.9819819927215576,0.7587087154388428
YMR146C,YFL038C,0,0.37566373,0.11457603424787521,0.9819819927215576,0.758858859539032
YLR028C,YDR496C,0,0.37490192,0.1145559623837471,0.9819819927215576,0.7590090036392212
YMR046C,YNR060W,0,0.37486267,0.11453590542078018,0.9819819927215576,0.7591591477394104
YKR071C,YGR089W,1,0.37476972,0.11469094455242157,0.9834834933280945,0.7591591477394104
YPL150W,YPL099C,0,0.3741951,0.11467086523771286,0.9834834933280945,0.7593092918395996
YOL086C,YCL057W,0,0.37398097,0.11465079337358475,0.9834834933280945,0.7594594359397888
YAR027W,YGL216W,0,0.37338132,0.11463072896003723,0.9834834933280945,0.759609580039978
YOR147W,YJL206C,0,0.37337688,0.11461067199707031,0.9834834933280945,0.759759783744812
YJR034W,YPR133W-A,0,0.3729713,0.11459062248468399,0.9834834933280945,0.7599099278450012
YBL112C,YGL026C,0,0.37269107,0.11457058042287827,0.9834834933280945,0.7600600719451904
YDR337W,YJR103W,0,0.37233534,0.11455054581165314,0.9834834933280945,0.7602102160453796
YOR194C,YOR098C,0,0.3711693,0.11453051120042801,0.9834834933280945,0.7603603601455688
YDL216C,YMR193W,0,0.3710474,0.11451049149036407,0.9834834933280945,0.7605105042457581
YNL281W,YOL052C,0,0.37049884,0.11449047178030014,0.9834834933280945,0.7606606483459473
YMR077C,YDR173C,0,0.37009373,0.1144704669713974,0.9834834933280945,0.7608107924461365
YGR252W,YIL021W,0,0.3698857,0.11445046216249466,0.9834834933280945,0.7609609365463257
YHR175W,YCL025C,0,0.36979985,0.11443046480417252,0.9834834933280945,0.7611111402511597
YDR518W,YKL186C,0,0.36952582,0.11441048234701157,0.9834834933280945,0.7612612843513489
YLR268W,YER115C,0,0.3694969,0.11439049988985062,0.9834834933280945,0.7614114284515381
YOR340C,YMR268W-A,0,0.36897472,0.11437052488327026,0.9834834933280945,0.7615615725517273
YJR127C,YPL240C,0,0.36877337,0.11435055732727051,0.9834834933280945,0.7617117166519165
YPL078C,YPL188W,0,0.3684658,0.11433059722185135,0.9834834933280945,0.7618618607521057
YOR299W,YER190W,0,0.3684219,0.11431064456701279,0.9834834933280945,0.7620120048522949
YJL011C,YBL058W,0,0.36802736,0.11429069936275482,0.9834834933280945,0.7621621489524841
YDL217C,YOR098C,0,0.36721098,0.11427076160907745,0.9834834933280945,0.7623122930526733
YIL095W,YKL085W,0,0.36654308,0.11425083130598068,0.9834834933280945,0.7624624371528625
YOR145C,YKR028W,0,0.36647433,0.11423090100288391,0.9834834933280945,0.7626126408576965
YOL155C,YGR077C,0,0.36636326,0.11421098560094833,0.9834834933280945,0.7627627849578857
YMR090W,YPL218W,0,0.36487404,0.11419107019901276,0.9834834933280945,0.762912929058075
YMR038C,YML036W,0,0.3646156,0.11417116969823837,0.9834834933280945,0.7630630731582642
YBR294W,YOR162C,0,0.36457095,0.11415126919746399,0.9834834933280945,0.7632132172584534
YHR029C,YLR187W,0,0.36412987,0.1141313835978508,0.9834834933280945,0.7633633613586426
YPR072W,YGR252W,0,0.3637623,0.11411149799823761,0.9834834933280945,0.7635135054588318
YPR011C,YDL245C,0,0.36268017,0.11409161984920502,0.9834834933280945,0.763663649559021
YHR211W,YOR230W,0,0.3617862,0.11407174915075302,0.9834834933280945,0.7638137936592102
YNL232W,YIR039C,0,0.3613879,0.11405188590288162,0.9834834933280945,0.7639639377593994
YPR196W,YML132W,0,0.36115968,0.11403203010559082,0.9834834933280945,0.7641141414642334
YIL088C,YLR330W,0,0.36115268,0.11401218175888062,0.9834834933280945,0.7642642855644226
YKR071C,YBL079W,1,0.36069134,0.11416637897491455,0.9849849939346313,0.7642642855644226
YLR203C,YMR054W,0,0.36044586,0.11414650827646255,0.9849849939346313,0.7644144296646118
YMR321C,YMR173W,0,0.35977563,0.11412665247917175,0.9849849939346313,0.764564573764801
YBL005W-B,YGL051W,0,0.35975116,0.11410680413246155,0.9849849939346313,0.7647147178649902
YOR291W,YPR043W,0,0.35940635,0.11408695578575134,0.9849849939346313,0.7648648619651794
YJL103C,YPL274W,0,0.35933277,0.11406712234020233,0.9849849939346313,0.7650150060653687
YLR141W,YGR034W,0,0.35897613,0.11404728889465332,0.9849849939346313,0.7651651501655579
YGR288W,YJR004C,0,0.35887113,0.1140274628996849,0.9849849939346313,0.7653152942657471
YDL029W,YDL107W,0,0.35842624,0.11400764435529709,0.9849849939346313,0.7654654383659363
YNL163C,YCL057W,0,0.3583632,0.11398783326148987,0.9849849939346313,0.7656156420707703
YLR165C,YKL171W,0,0.35829118,0.11396803706884384,0.9849849939346313,0.7657657861709595
YOL086C,YMR112C,0,0.3580547,0.11394823342561722,0.9849849939346313,0.7659159302711487
YJL112W,YDR353W,0,0.35749784,0.11392844468355179,0.9849849939346313,0.7660660743713379
YDR167W,YJR028W,0,0.35728943,0.11390866339206696,0.9849849939346313,0.7662162184715271
YOL057W,YGR012W,0,0.35704693,0.11388888955116272,0.9849849939346313,0.7663663625717163
YDR304C,YNR013C,0,0.3568222,0.11386912316083908,0.9849849939346313,0.7665165066719055
YBR118W,YMR193W,0,0.35632148,0.11384935677051544,0.9849849939346313,0.7666666507720947
YNL084C,YNL208W,0,0.35508958,0.113829605281353,0.9849849939346313,0.7668167948722839
YMR090W,YMR115W,0,0.35495144,0.11380985379219055,0.9849849939346313,0.7669669389724731
YDR415C,YCR012W,0,0.35390165,0.1137901097536087,0.9849849939346313,0.7671171426773071
YDL197C,YDL047W,0,0.35378048,0.11377038061618805,0.9849849939346313,0.7672672867774963
YHR214C-B,YLR164W,0,0.35335937,0.1137506514787674,0.9849849939346313,0.7674174308776855
YER013W,YIL088C,0,0.35328692,0.11373092979192734,0.9849849939346313,0.7675675749778748
YDR144C,YEL022W,0,0.3532118,0.11371121555566788,0.9849849939346313,0.767717719078064
YDR131C,YPL240C,0,0.35298368,0.11369150876998901,0.9849849939346313,0.7678678631782532
YHR029C,YBR067C,0,0.35294393,0.11367180943489075,0.9849849939346313,0.7680180072784424
YGR282C,YNR072W,0,0.35183844,0.11365211009979248,0.9849849939346313,0.7681681513786316
YHR156C,YLR278C,0,0.3516564,0.11363242566585541,0.9849849939346313,0.7683182954788208
YNL261W,YER090W,0,0.35152793,0.11361274868249893,0.9849849939346313,0.76846843957901
YDL111C,YPR163C,0,0.35152143,0.11359307169914246,0.9849849939346313,0.768618643283844
YPR194C,YKL175W,0,0.3507873,0.11357340961694717,0.9849849939346313,0.7687687873840332
YKR101W,YNL122C,0,0.3506701,0.11355374753475189,0.9849849939346313,0.7689189314842224
YMR315W,YJL155C,0,0.3504594,0.11353409290313721,0.9849849939346313,0.7690690755844116
YHR041C,YJR034W,0,0.3498886,0.11351444572210312,0.9849849939346313,0.7692192196846008
YIL159W,YLR160C,0,0.34980878,0.11349480599164963,0.9849849939346313,0.76936936378479
YML073C,YLR429W,0,0.34979883,0.11347517371177673,0.9849849939346313,0.7695195078849792
YIL002C,YDL055C,0,0.34978452,0.11345554888248444,0.9849849939346313,0.7696696519851685
YGL083W,YAL040C,0,0.34885532,0.11343593150377274,0.9849849939346313,0.7698197960853577
YMR321C,YLR164W,0,0.3484306,0.11341632157564163,0.9849849939346313,0.7699699401855469
YJL144W,YLR301W,0,0.34801224,0.11339671909809113,0.9849849939346313,0.7701201438903809
YNL127W,YPR091C,0,0.34789467,0.11337711662054062,0.9849849939346313,0.7702702879905701
YML132W,YMR240C,0,0.34712002,0.1133575290441513,0.9849849939346313,0.7704204320907593
YNL050C,YGR027C,0,0.34650883,0.113337941467762,0.9849849939346313,0.7705705761909485
YOR388C,YLR244C,0,0.34566236,0.11331836134195328,0.9849849939346313,0.7707207202911377
YHR214C-B,YOR349W,0,0.34517807,0.11329878866672516,0.9849849939346313,0.7708708643913269
YMR272C,YMR115W,0,0.3451496,0.11327922344207764,0.9849849939346313,0.7710210084915161
YOR283W,YMR099C,0,0.3440793,0.11325966566801071,0.9849849939346313,0.7711711525917053
YLL029W,YFR021W,0,0.3434976,0.11324011534452438,0.9849849939346313,0.7713212966918945
YCL018W,YDL215C,0,0.34346488,0.11322057247161865,0.9849849939346313,0.7714715003967285
YHR132C,YML039W,0,0.34269083,0.11320103704929352,0.9849849939346313,0.7716216444969177
YBR052C,YLR005W,0,0.3426362,0.11318150162696838,0.9849849939346313,0.7717717885971069
YPL150W,YNL223W,0,0.34235457,0.11316198110580444,0.9849849939346313,0.7719219326972961
YMR169C,YMR250W,0,0.34212056,0.1131424605846405,0.9849849939346313,0.7720720767974854
YMR276W,YOR377W,0,0.341952,0.11312295496463776,0.9849849939346313,0.7722222208976746
YLR425W,YML030W,0,0.34191173,0.11310344934463501,0.9849849939346313,0.7723723649978638
YNL178W,YDR472W,0,0.34132716,0.11308395117521286,0.9849849939346313,0.772522509098053
YJL114W,YDR164C,0,0.34121457,0.11306446045637131,0.9849849939346313,0.7726726531982422
YMR173W,YER162C,0,0.34118387,0.11304497718811035,0.9849849939346313,0.7728227972984314
YDL111C,YJL172W,0,0.3411098,0.11302550137042999,0.9849849939346313,0.7729730010032654
YGR175C,YOR285W,0,0.34106353,0.11300603300333023,0.9849849939346313,0.7731231451034546
YGL186C,YGR271W,0,0.34004638,0.11298656463623047,0.9849849939346313,0.7732732892036438
YCL018W,YJL149W,0,0.33854225,0.1129671111702919,0.9849849939346313,0.773423433303833
YMR246W,YBR281C,0,0.3383576,0.11294765770435333,0.9849849939346313,0.7735735774040222
YMR315W,YDR451C,0,0.33770603,0.11292821168899536,0.9849849939346313,0.7737237215042114
YDR205W,YJR103W,0,0.3374731,0.11290878057479858,0.9849849939346313,0.7738738656044006
YIL108W,YML030W,0,0.33745068,0.1128893494606018,0.9849849939346313,0.7740240097045898
YDR383C,YBR093C,0,0.33732516,0.11286992579698563,0.9849849939346313,0.774174153804779
YIL094C,YKL074C,0,0.33727738,0.11285050958395004,0.9849849939346313,0.7743242979049683
YKL182W,YBR061C,0,0.33726597,0.11283110082149506,0.9849849939346313,0.7744745016098022
YGR264C,YPL065W,0,0.33686802,0.11281169205904007,0.9849849939346313,0.7746246457099915
YMR137C,YPL087W,0,0.3366979,0.11279229819774628,0.9849849939346313,0.7747747898101807
YOR138C,YGR222W,0,0.33618185,0.11277290433645248,0.9849849939346313,0.7749249339103699
YBR002C,YGR281W,0,0.3356993,0.11275352537631989,0.9849849939346313,0.7750750780105591
YJR051W,YEL062W,0,0.33543018,0.11273414641618729,0.9849849939346313,0.7752252221107483
YDR512C,YPR204W,0,0.3347192,0.11271477490663528,0.9849849939346313,0.7753753662109375
YNL008C,YER162C,0,0.33468047,0.11269541084766388,0.9849849939346313,0.7755255103111267
YPR144C,YOR292C,0,0.3343623,0.11267605423927307,0.9849849939346313,0.7756756544113159
YNL160W,YPR006C,0,0.33348617,0.11265670508146286,0.9849849939346313,0.7758257985115051
YKL038W,YMR228W,0,0.3333486,0.11263736337423325,0.9849849939346313,0.7759760022163391
YNL153C,YGL236C,0,0.33329847,0.11261802911758423,0.9849849939346313,0.7761261463165283
YNL192W,YGR070W,0,0.33329114,0.11259869486093521,0.9849849939346313,0.7762762904167175
YBR287W,YNR015W,0,0.33323738,0.11257937550544739,0.9849849939346313,0.7764264345169067
YCL057W,YNL175C,0,0.33296052,0.11256005614995956,0.9849849939346313,0.776576578617096
YGR020C,YKL085W,0,0.33258057,0.11254074424505234,0.9849849939346313,0.7767267227172852
YMR061W,YDL055C,0,0.3325396,0.11252143979072571,0.9849849939346313,0.7768768668174744
YNL261W,YDL021W,0,0.33215463,0.11250214278697968,0.9849849939346313,0.7770270109176636
YHR174W,YMR034C,0,0.3319988,0.11248285323381424,0.9849849939346313,0.7771771550178528
YGL236C,YBR238C,0,0.33166695,0.1124635711312294,0.9849849939346313,0.777327299118042
YBL028C,YNL070W,0,0.33129558,0.11244428902864456,0.9849849939346313,0.777477502822876
YOL129W,YPL098C,0,0.33087382,0.11242502182722092,0.9849849939346313,0.7776276469230652
YGL172W,YNR002C,0,0.3307641,0.11240575462579727,0.9849849939346313,0.7777777910232544
YHR012W,YOL057W,0,0.33071974,0.11238650232553482,0.9849849939346313,0.7779279351234436
YDR415C,YPR030W,0,0.32994345,0.11236725002527237,0.9849849939346313,0.7780780792236328
YDL133C-A,YCR012W,0,0.32925853,0.11234800517559052,0.9849849939346313,0.778228223323822
YDR026C,YLR264W,0,0.3291813,0.11232876777648926,0.9849849939346313,0.7783783674240112
YHR066W,YFL010W-A,0,0.32909355,0.1123095378279686,0.9849849939346313,0.7785285115242004
YJR006W,YOL090W,0,0.32898837,0.11229030787944794,0.9849849939346313,0.7786786556243896
YGR012W,YLR270W,0,0.32871652,0.11227109283208847,0.9849849939346313,0.7788287997245789
YOR159C,YKL117W,0,0.32855633,0.1122518852353096,0.9849849939346313,0.7789790034294128
YMR273C,YPR138C,0,0.32814345,0.11223267763853073,0.9849849939346313,0.779129147529602
YJL144W,YKL053C-A,0,0.32790548,0.11221347749233246,0.9849849939346313,0.7792792916297913
YLR164W,YOR285W,0,0.32767364,0.11219428479671478,0.9849849939346313,0.7794294357299805
YDR454C,YJL141C,0,0.32740334,0.1121750995516777,0.9849849939346313,0.7795795798301697
YDR492W,YHL027W,0,0.32698232,0.11215592175722122,0.9849849939346313,0.7797297239303589
YBR183W,YBR182C,0,0.32636544,0.11213675141334534,0.9849849939346313,0.7798798680305481
YLL019C,YIL080W,0,0.32631314,0.11211758852005005,0.9849849939346313,0.7800300121307373
YOR237W,YCR011C,0,0.3244167,0.11209842562675476,0.9849849939346313,0.7801801562309265
YBR172C,YKL074C,0,0.3234562,0.11207927763462067,0.9849849939346313,0.7803303599357605
YIL108W,YHR060W,0,0.32277998,0.11206012964248657,0.9849849939346313,0.7804805040359497
YDL078C,YPR060C,0,0.32273218,0.11204098910093307,0.9849849939346313,0.7806306481361389
YJL213W,YNL259C,0,0.32154468,0.11202185600996017,0.9849849939346313,0.7807807922363281
YAL039C,YJR063W,0,0.3214434,0.11200273036956787,0.9849849939346313,0.7809309363365173
YJL024C,YPR127W,0,0.3209471,0.11198361217975616,0.9849849939346313,0.7810810804367065
YDR451C,YPR190C,0,0.32051113,0.11196450144052505,0.9849849939346313,0.7812312245368958
YFR029W,YDR476C,0,0.32032356,0.11194539070129395,0.9849849939346313,0.781381368637085
YOR317W,YMR046C,0,0.31905517,0.11192629486322403,0.9849849939346313,0.7815315127372742
YOL158C,YKL210W,0,0.31848392,0.11190719902515411,0.9849849939346313,0.7816816568374634
YHR066W,YGR032W,0,0.31792042,0.1118881106376648,0.9849849939346313,0.7818318605422974
YLR073C,YPR043W,0,0.31684157,0.11186902970075607,0.9849849939346313,0.7819820046424866
YJR032W,YBR026C,0,0.3164224,0.11184995621442795,0.9849849939346313,0.7821321487426758
YBR096W,YFL054C,0,0.31447393,0.11183089017868042,0.9849849939346313,0.782282292842865
YGL200C,YBR067C,0,0.31373718,0.11181183159351349,0.9849849939346313,0.7824324369430542
YLR447C,YGR216C,0,0.31360558,0.11179277300834656,0.9849849939346313,0.7825825810432434
YNL032W,YKL001C,0,0.31339642,0.11177372932434082,0.9849849939346313,0.7827327251434326
YNL117W,YNL281W,0,0.3127289,0.11175468564033508,0.9849849939346313,0.7828828692436218
YJL172W,YDL040C,0,0.312626,0.11173564940690994,0.9849849939346313,0.783033013343811
YML073C,YOR085W,0,0.31203407,0.1117166206240654,0.9849849939346313,0.7831831574440002
YCR046C,YBR173C,0,0.3118414,0.11169759929180145,0.9849849939346313,0.7833333611488342
YOR287C,YNL283C,0,0.31147242,0.1116785854101181,0.9849849939346313,0.7834835052490234
YKR066C,YBL113C,0,0.31138176,0.11165957152843475,0.9849849939346313,0.7836336493492126
YDL128W,YPR043W,0,0.31114987,0.1116405725479126,0.9849849939346313,0.7837837934494019
YAL060W,YGL200C,0,0.3110912,0.11162157356739044,0.9849849939346313,0.7839339375495911
YBR223C,YJL172W,0,0.31074223,0.11160258948802948,0.9849849939346313,0.7840840816497803
YNR021W,YOR123C,0,0.31068245,0.11158360540866852,0.9849849939346313,0.7842342257499695
YDR196C,YGL051W,0,0.31052276,0.11156462877988815,0.9849849939346313,0.7843843698501587
YOL086C,YBR173C,0,0.3102141,0.11154565215110779,0.9849849939346313,0.7845345139503479
YKR056W,YKL144C,0,0.3090047,0.11152669042348862,0.9849849939346313,0.7846846580505371
YDL171C,YHR051W,0,0.30849716,0.11150773614645004,0.9849849939346313,0.7848348617553711
YEL070W,YKL175W,0,0.30828753,0.11148878186941147,0.9849849939346313,0.7849850058555603
YER013W,YNL044W,0,0.30828333,0.11146983504295349,0.9849849939346313,0.7851351499557495
YPR113W,YBR282W,0,0.30791518,0.11145090311765671,0.9849849939346313,0.7852852940559387
YDR263C,YFL021W,0,0.30688572,0.11143197119235992,0.9849849939346313,0.7854354381561279
YKL074C,YOR232W,0,0.30649295,0.11141304671764374,0.9849849939346313,0.7855855822563171
YOR323C,YGR010W,0,0.3063316,0.11139412224292755,0.9849849939346313,0.7857357263565063
YJL034W,YNL202W,0,0.3057151,0.11137521266937256,0.9849849939346313,0.7858858704566956
YKR019C,YDL061C,0,0.30569747,0.11135630309581757,0.9849849939346313,0.7860360145568848
YLR163C,YDL070W,0,0.30511603,0.11133740842342377,0.9849849939346313,0.786186158657074
YDL140C,YMR099C,0,0.3047556,0.11131851375102997,0.9849849939346313,0.786336362361908
YGR032W,YGR222W,0,0.30421296,0.11129962652921677,0.9849849939346313,0.7864865064620972
YDL217C,YLR165C,0,0.30417243,0.11128074675798416,0.9849849939346313,0.7866366505622864
YNL302C,YKR035W-A,0,0.3040142,0.11126187443733215,0.9849849939346313,0.7867867946624756
YJL171C,YDR403W,0,0.30389294,0.11124300211668015,0.9849849939346313,0.7869369387626648
YMR049C,YNL297C,0,0.30360746,0.11122414469718933,0.9849849939346313,0.787087082862854
YMR090W,YIL083C,0,0.3025138,0.11120528727769852,0.9849849939346313,0.7872372269630432
YOR145C,YJL178C,0,0.3019341,0.1111864373087883,0.9849849939346313,0.7873873710632324
YDR072C,YDR496C,0,0.30116066,0.11116760224103928,0.9849849939346313,0.7875375151634216
YCL018W,YFL054C,0,0.3008775,0.11114875972270966,0.9849849939346313,0.7876876592636108
YMR321C,YOR279C,0,0.3005021,0.11112993210554123,0.9849849939346313,0.7878378629684448
YGR258C,YGR143W,0,0.29981565,0.1111111119389534,0.9849849939346313,0.787988007068634
YOL043C,YIL046W,0,0.29931757,0.11109229177236557,0.9849849939346313,0.7881381511688232
YLR291C,YBR026C,0,0.29893544,0.11107348650693893,0.9849849939346313,0.7882882952690125
YOL142W,YLR295C,0,0.29807973,0.1110546812415123,0.9849849939346313,0.7884384393692017
YJL172W,YML039W,0,0.29803187,0.11103588342666626,0.9849849939346313,0.7885885834693909
YIL088C,YFR018C,0,0.29781517,0.11101709306240082,0.9849849939346313,0.7887387275695801
YKL064W,YGR214W,0,0.2974923,0.11099831014871597,0.9849849939346313,0.7888888716697693
YNL274C,YIL035C,0,0.29741123,0.11097952723503113,0.9849849939346313,0.7890390157699585
YCL057W,YER137C,0,0.29735112,0.11096075922250748,0.9849849939346313,0.7891891598701477
YPL094C,YKL082C,0,0.29732853,0.11094199120998383,0.9849849939346313,0.7893393635749817
YDL045W-A,YNL070W,0,0.29650816,0.11092323064804077,0.9849849939346313,0.7894895076751709
YGR221C,YOL124C,0,0.29608652,0.11090447753667831,0.9849849939346313,0.7896396517753601
YPR113W,YKL206C,0,0.2957599,0.11088573187589645,0.9849849939346313,0.7897897958755493
YER125W,YJL128C,0,0.29571304,0.11086699366569519,0.9849849939346313,0.7899399399757385
YOR297C,YOR138C,0,0.2956056,0.11084826290607452,0.9849849939346313,0.7900900840759277
YOR099W,YNL092W,0,0.29557613,0.11082953214645386,0.9849849939346313,0.7902402281761169
YLR043C,YOR292C,0,0.29429626,0.11081080883741379,0.9849849939346313,0.7903903722763062
YMR013C,YCR026C,0,0.29423866,0.11079209297895432,0.9849849939346313,0.7905405163764954
YBR183W,YEL030W,0,0.2942377,0.11077338457107544,0.9849849939346313,0.7906907200813293
YIL142W,YBR173C,0,0.29411843,0.11075468361377716,0.9849849939346313,0.7908408641815186
YOR206W,YDR296W,0,0.2934642,0.11073599010705948,0.9849849939346313,0.7909910082817078
YDR164C,YOR226C,0,0.29341087,0.1107172966003418,0.9849849939346313,0.791141152381897
YKL217W,YLR029C,0,0.29305258,0.11069861799478531,0.9849849939346313,0.7912912964820862
YLL041C,YNR060W,0,0.2930431,0.11067993938922882,0.9849849939346313,0.7914414405822754
YLR447C,YDR454C,0,0.29288387,0.11066126823425293,0.9849849939346313,0.7915915846824646
YIR039C,YOR294W,0,0.29253748,0.11064260452985764,0.9849849939346313,0.7917417287826538
YDR337W,YDR497C,0,0.292424,0.11062394827604294,0.9849849939346313,0.791891872882843
YBR059C,YPL131W,0,0.29187495,0.11060529202222824,0.9849849939346313,0.7920420169830322
YOR106W,YAR002C-A,0,0.29004094,0.11058665066957474,0.9849849939346313,0.7921922206878662
YDR423C,YLR025W,0,0.28957036,0.11056800931692123,0.9849849939346313,0.7923423647880554
YOR279C,YHR174W,0,0.28937724,0.11054937541484833,0.9849849939346313,0.7924925088882446
YNL178W,YMR180C,0,0.28904775,0.11053074896335602,0.9849849939346313,0.7926426529884338
YOR142W,YPL096W,0,0.28861877,0.1105121299624443,0.9849849939346313,0.792792797088623
YNL010W,YER162C,0,0.28770334,0.11049351841211319,0.9849849939346313,0.7929429411888123
YMR146C,YKL067W,0,0.2873387,0.11047490686178207,0.9849849939346313,0.7930930852890015
YKR103W,YLR163C,0,0.28661597,0.11045630276203156,0.9849849939346313,0.7932432293891907
YMR046C,YIL042C,0,0.28623968,0.11043771356344223,0.9849849939346313,0.7933933734893799
YBR066C,YCR014C,0,0.28590345,0.1104191243648529,0.9849849939346313,0.7935435175895691
YHL012W,YIL143C,0,0.28543237,0.11040053516626358,0.9849849939346313,0.7936937212944031
YKL103C,YIL142W,0,0.28530446,0.11038196086883545,0.9849849939346313,0.7938438653945923
YOR239W,YNL182C,0,0.28486535,0.11036339402198792,0.9849849939346313,0.7939940094947815
YGL259W,YIL042C,0,0.28475305,0.11034482717514038,0.9849849939346313,0.7941441535949707
YNL010W,YNL070W,0,0.2844374,0.11032626777887344,0.9849849939346313,0.7942942976951599
YNL153C,YDL128W,0,0.28349176,0.1103077158331871,0.9849849939346313,0.7944444417953491
YJR055W,YPL093W,0,0.28346306,0.11028917133808136,0.9849849939346313,0.7945945858955383
YLR208W,YCL025C,0,0.28310895,0.11027063429355621,0.9849849939346313,0.7947447299957275
YMR114C,YLL027W,0,0.28279188,0.11025209724903107,0.9849849939346313,0.7948948740959167
YLR165C,YDL054C,0,0.28272438,0.11023357510566711,0.9849849939346313,0.795045018196106
YGL062W,YDR131C,0,0.2825001,0.11021505296230316,0.9849849939346313,0.7951952219009399
YHR069C,YIL035C,0,0.2823768,0.1101965382695198,0.9849849939346313,0.7953453660011292
YMR315W,YDR151C,0,0.28206685,0.11017803102731705,0.9849849939346313,0.7954955101013184
YPR113W,YDL045W-A,0,0.28154558,0.11015953123569489,0.9849849939346313,0.7956456542015076
YGR177C,YJL178C,0,0.28086084,0.11014103144407272,0.9849849939346313,0.7957957983016968
YPR011C,YBR006W,0,0.28082755,0.11012254655361176,0.9849849939346313,0.795945942401886
YNL307C,YAL031C,1,0.28067032,0.11027190089225769,0.9864864945411682,0.795945942401886
YNL044W,YBR141C,0,0.28056732,0.11025340110063553,0.9864864945411682,0.7960960865020752
YFL057C,YBR257W,0,0.28024608,0.11023490130901337,0.9864864945411682,0.7962462306022644
YHR179W,YFL023W,0,0.2799389,0.1102164089679718,0.9864864945411682,0.7963963747024536
YOR388C,YMR246W,0,0.2797493,0.11019791662693024,0.9864864945411682,0.7965465188026428
YPR144C,YJR103W,0,0.2789999,0.11017943918704987,0.9864864945411682,0.7966967225074768
YPR113W,YDR196C,0,0.27877983,0.11016096919775009,0.9864864945411682,0.796846866607666
YNL307C,YGL190C,1,0.2781929,0.1103101447224617,0.9879879951477051,0.796846866607666
YHR004C,YEL056W,0,0.27747706,0.11029165238142014,0.9879879951477051,0.7969970107078552
YPR149W,YLR153C,0,0.27740678,0.11027316749095917,0.9879879951477051,0.7971471548080444
YLR208W,YJL134W,0,0.27692795,0.1102546900510788,0.9879879951477051,0.7972972989082336
YKL103C,YLR309C,0,0.27685317,0.11023622006177902,0.9879879951477051,0.7974474430084229
YBR118W,YOR187W,0,0.27648368,0.11021775752305984,0.9879879951477051,0.7975975871086121
YKR071C,YGL190C,1,0.27591124,0.11036676913499832,0.9894894957542419,0.7975975871086121
YGR179C,YGR089W,1,0.27528912,0.11051574349403381,0.9909909963607788,0.7975975871086121
YNL267W,YGL256W,0,0.27501175,0.11049723625183105,0.9909909963607788,0.7977477312088013
YBR066C,YPL065W,0,0.27491888,0.11047874391078949,0.9909909963607788,0.7978978753089905
YCL032W,YNL092W,0,0.2745542,0.11046025156974792,0.9909909963607788,0.7980480194091797
YER049W,YGR036C,0,0.2742283,0.11044176667928696,0.9909909963607788,0.7981982231140137
YOR297C,YPR083W,0,0.27296063,0.11042328923940659,0.9909909963607788,0.7983483672142029
YDR453C,YLR359W,0,0.2723882,0.11040481925010681,0.9909909963607788,0.7984985113143921
YMR296C,YIL042C,0,0.2717846,0.11038634926080704,0.9909909963607788,0.7986486554145813
YOR274W,YOR215C,0,0.2714421,0.11036789417266846,0.9909909963607788,0.7987987995147705
YHR074W,YNL202W,0,0.27133316,0.11034943908452988,0.9909909963607788,0.7989489436149597
YPL213W,YHL027W,0,0.27118233,0.1103309914469719,0.9909909963607788,0.7990990877151489
YJL034W,YCR093W,0,0.27117997,0.1103125512599945,0.9909909963607788,0.7992492318153381
YLR429W,YMR229C,0,0.2710881,0.11029411852359772,0.9909909963607788,0.7993993759155273
YKL103C,YOR085W,0,0.27041999,0.11027568578720093,0.9909909963607788,0.7995495200157166
YJR032W,YDR207C,0,0.26989594,0.11025726795196533,0.9909909963607788,0.7996997237205505
YJR151C,YJL005W,0,0.2690836,0.11023885011672974,0.9909909963607788,0.7998498678207397
YJR070C,YNL223W,0,0.26878205,0.11022043973207474,0.9909909963607788,0.800000011920929
YBL058W,YGR027C,0,0.26821545,0.11020203679800034,0.9909909963607788,0.8001501560211182
YDR454C,YKL117W,0,0.26799247,0.11018364131450653,0.9909909963607788,0.8003003001213074
YBR177C,YMR203W,0,0.26755527,0.11016524583101273,0.9909909963607788,0.8004504442214966
YGR229C,YBR145W,0,0.2674044,0.11014686524868011,0.9909909963607788,0.8006005883216858
YPR204W,YGL220W,0,0.26738393,0.1101284846663475,0.9909909963607788,0.800750732421875
YHR066W,YDR170C,0,0.26447615,0.11011011153459549,0.9909909963607788,0.8009008765220642
YBR066C,YML030W,0,0.26434502,0.11009174585342407,0.9909909963607788,0.8010510802268982
YDR144C,YLR208W,0,0.26354378,0.11007338017225266,0.9909909963607788,0.8012012243270874
YAL054C,YFL017W-A,0,0.2633134,0.11005502939224243,0.9909909963607788,0.8013513684272766
YDR429C,YOR222W,0,0.2620558,0.11003667861223221,0.9909909963607788,0.8015015125274658
YPR001W,YML039W,0,0.26205337,0.11001833528280258,0.9909909963607788,0.801651656627655
YDR451C,YGL226C-A,0,0.2618809,0.10999999940395355,0.9909909963607788,0.8018018007278442
YPL213W,YHR085W,0,0.26177773,0.10998167097568512,0.9909909963607788,0.8019519448280334
YKR066C,YGR155W,0,0.26147488,0.10996334254741669,0.9909909963607788,0.8021020889282227
YPR113W,YML056C,0,0.26101574,0.10994502902030945,0.9909909963607788,0.8022522330284119
YOR204W,YCL026C-B,0,0.26031485,0.10992671549320221,0.9909909963607788,0.8024023771286011
YPL131W,YJR083C,0,0.26002172,0.10990840941667557,0.9909909963607788,0.8025525808334351
YMR203W,YBR052C,0,0.25993058,0.10989011079072952,0.9909909963607788,0.8027027249336243
YFR021W,YKL094W,0,0.25974306,0.10987181961536407,0.9909909963607788,0.8028528690338135
YGR281W,YLR264W,0,0.25932053,0.10985352843999863,0.9909909963607788,0.8030030131340027
YLR105C,YLR291C,0,0.25880945,0.10983524471521378,0.9909909963607788,0.8031531572341919
YOL155C,YML036W,0,0.25804767,0.10981696844100952,0.9909909963607788,0.8033033013343811
YLR219W,YKL085W,0,0.2576246,0.10979869961738586,0.9909909963607788,0.8034534454345703
YNL127W,YKL171W,0,0.257302,0.1097804382443428,0.9909909963607788,0.8036035895347595
YKL093W,YDL083C,0,0.257116,0.10976218432188034,0.9909909963607788,0.8037537336349487
YPL150W,YJL082W,0,0.25638804,0.10974393039941788,0.9909909963607788,0.8039038777351379
YOR393W,YLR151C,0,0.2558729,0.10972568392753601,0.9909909963607788,0.8040540814399719
YJR119C,YGL037C,0,0.25544903,0.10970744490623474,0.9909909963607788,0.8042042255401611
YIL170W,YBR192W,0,0.25242972,0.10968921333551407,0.9909909963607788,0.8043543696403503
YNL095C,YOR294W,0,0.2524023,0.10967098921537399,0.9909909963607788,0.8045045137405396
YER049W,YFL001W,0,0.25205705,0.10965276509523392,0.9909909963607788,0.8046546578407288
YOL165C,YLR224W,0,0.2519865,0.10963454842567444,0.9909909963607788,0.804804801940918
YGR271W,YLR278C,0,0.25033554,0.10961633920669556,0.9909909963607788,0.8049549460411072
YFL010W-A,YNR028W,0,0.24943066,0.10959813743829727,0.9909909963607788,0.8051050901412964
YNR021W,YER019C-A,0,0.2487477,0.10957994312047958,0.9909909963607788,0.8052552342414856
YJR127C,YDR389W,0,0.24836853,0.10956175625324249,0.9909909963607788,0.8054053783416748
YFL038C,YKL171W,0,0.24813466,0.1095435693860054,0.9909909963607788,0.8055555820465088
YEL031W,YPL196W,0,0.24728963,0.10952538996934891,0.9909909963607788,0.805705726146698
YLR043C,YJR133W,0,0.24727365,0.10950721800327301,0.9909909963607788,0.8058558702468872
YGL180W,YJR130C,0,0.2471483,0.10948905348777771,0.9909909963607788,0.8060060143470764
YNL267W,YHR135C,0,0.24654865,0.10947088897228241,0.9909909963607788,0.8061561584472656
YDL055C,YBR243C,0,0.24555472,0.1094527393579483,0.9909909963607788,0.8063063025474548
YNL010W,YDR226W,0,0.24551594,0.1094345897436142,0.9909909963607788,0.806456446647644
YGL174W,YMR296C,0,0.244782,0.10941644757986069,0.9909909963607788,0.8066065907478333
YBL091C-A,YBR010W,0,0.24432279,0.10939831286668777,0.9909909963607788,0.8067567348480225
YHR211W,YKL161C,0,0.24420984,0.10938017815351486,0.9909909963607788,0.8069068789482117
YOR148C,YPL093W,0,0.24389642,0.10936205834150314,0.9909909963607788,0.8070570826530457
YML032C,YPL087W,0,0.24271652,0.10934393852949142,0.9909909963607788,0.8072072267532349
YCR030C,YOR176W,0,0.2425516,0.1093258261680603,0.9909909963607788,0.8073573708534241
YPL252C,YER046W,0,0.24247107,0.10930772125720978,0.9909909963607788,0.8075075149536133
YOR145C,YDR173C,0,0.24243277,0.10928961634635925,0.9909909963607788,0.8076576590538025
YOR297C,YPR160W,0,0.2415146,0.10927152633666992,0.9909909963607788,0.8078078031539917
YHL027W,YHR008C,0,0.24121758,0.10925343632698059,0.9909909963607788,0.8079579472541809
YJL191W,YGR034W,0,0.24087521,0.10923535376787186,0.9909909963607788,0.8081080913543701
YJL130C,YDR392W,0,0.24041563,0.10921727865934372,0.9909909963607788,0.8082582354545593
YMR269W,YER019C-A,0,0.23881349,0.10919920355081558,0.9909909963607788,0.8084083795547485
YOL136C,YFL045C,0,0.2386813,0.10918114334344864,0.9909909963607788,0.8085585832595825
YDR233C,YIL159W,0,0.23847619,0.1091630831360817,0.9909909963607788,0.8087087273597717
YOR084W,YPR160W,0,0.2382572,0.10914503037929535,0.9909909963607788,0.8088588714599609
YDR306C,YMR210W,0,0.23667955,0.1091269850730896,0.9909909963607788,0.8090090155601501
YLR213C,YML132W,0,0.23528036,0.10910894721746445,0.9909909963607788,0.8091591596603394
YIL088C,YDR423C,0,0.2351251,0.1090909093618393,0.9909909963607788,0.8093093037605286
YOR291W,YPL134C,0,0.2347466,0.10907287895679474,0.9909909963607788,0.8094594478607178
YPR137W,YJL004C,0,0.23467064,0.10905485600233078,0.9909909963607788,0.809609591960907
YHR029C,YKL126W,0,0.23269299,0.10903684049844742,0.9909909963607788,0.8097597360610962
YBR141C,YFL023W,0,0.23213872,0.10901883244514465,0.9909909963607788,0.8099098801612854
YDR496C,YFL023W,0,0.23196128,0.10900082439184189,0.9909909963607788,0.8100600838661194
YNL281W,YOR204W,0,0.23195061,0.10898282378911972,0.9909909963607788,0.8102102279663086
YHR029C,YGR134W,0,0.23063841,0.10896483063697815,0.9909909963607788,0.8103603720664978
YGR221C,YGR238C,0,0.23041213,0.10894684493541718,0.9909909963607788,0.810510516166687
YPR189W,YDL083C,0,0.22919294,0.1089288666844368,0.9909909963607788,0.8106606602668762
YMR112C,YGL162W,0,0.22914222,0.10891088843345642,0.9909909963607788,0.8108108043670654
YJL034W,YGR185C,0,0.22911486,0.10889292508363724,0.9909909963607788,0.8109609484672546
YLL045C,YLR386W,0,0.22902423,0.10887496173381805,0.9909909963607788,0.8111110925674438
YJR130C,YKR069W,0,0.228752,0.10885699838399887,0.9909909963607788,0.8112612366676331
YBR271W,YOL040C,0,0.22814995,0.10883904993534088,0.9909909963607788,0.811411440372467
YMR020W,YER190W,0,0.22770059,0.10882110148668289,0.9909909963607788,0.8115615844726562
YLR395C,YBR145W,0,0.2275686,0.1088031679391861,0.9909909963607788,0.8117117285728455
YER098W,YBR067C,0,0.22688493,0.1087852343916893,0.9909909963607788,0.8118618726730347
YDR512C,YIL094C,0,0.22668716,0.1087673008441925,0.9909909963607788,0.8120120167732239
YOR298W,YHR135C,0,0.22589639,0.1087493821978569,0.9909909963607788,0.8121621608734131
YMR272C,YMR301C,0,0.225595,0.1087314635515213,0.9909909963607788,0.8123123049736023
YBL091C-A,YIL046W,0,0.22500408,0.1087135598063469,0.9909909963607788,0.8124624490737915
YPL273W,YLR268W,0,0.22411963,0.10869564861059189,0.9909909963607788,0.8126125931739807
YJL079C,YDR207C,0,0.22409579,0.10867775231599808,0.9909909963607788,0.8127627372741699
YDR211W,YOR340C,0,0.22319034,0.10865986347198486,0.9909909963607788,0.8129129409790039
YOL082W,YCR002C,0,0.22280887,0.10864197462797165,0.9909909963607788,0.8130630850791931
YKR057W,YPL078C,0,0.22280377,0.10862409323453903,0.9909909963607788,0.8132132291793823
YAL060W,YJL171C,0,0.22170177,0.10860621929168701,0.9909909963607788,0.8133633732795715
YFL057C,YMR250W,0,0.22142711,0.10858835279941559,0.9909909963607788,0.8135135173797607
YKL103C,YER090W,0,0.2200431,0.10857048630714417,0.9909909963607788,0.81366366147995
YLR080W,YJL005W,0,0.2197544,0.10855263471603394,0.9909909963607788,0.8138138055801392
YER165W,YOR261C,0,0.21949044,0.1085347831249237,0.9909909963607788,0.8139639496803284
YKL085W,YFL045C,0,0.21944848,0.10851693153381348,0.9909909963607788,0.8141140937805176
YHL012W,YNL110C,0,0.21894251,0.10849909484386444,0.9909909963607788,0.8142642378807068
YMR093W,YDL070W,0,0.21878138,0.108481265604496,0.9909909963607788,0.8144144415855408
YMR300C,YOL136C,0,0.21822225,0.10846343636512756,0.9909909963607788,0.81456458568573
YDL078C,YLL012W,0,0.21778396,0.10844561457633972,0.9909909963607788,0.8147147297859192
YPR035W,YBL034C,0,0.21774381,0.10842780023813248,0.9909909963607788,0.8148648738861084
YGR264C,YCL057W,0,0.21769807,0.10840998589992523,0.9909909963607788,0.8150150179862976
YKL190W,YKL009W,0,0.21768188,0.10839217901229858,0.9909909963607788,0.8151651620864868
YOL108C,YCR012W,0,0.21743983,0.10837438702583313,0.9909909963607788,0.815315306186676
YDR454C,YMR039C,0,0.21606141,0.10835659503936768,0.9909909963607788,0.8154654502868652
YGR268C,YKL186C,0,0.21522589,0.10833880305290222,0.9909909963607788,0.8156155943870544
YML052W,YDR497C,0,0.21501471,0.10832102596759796,0.9909909963607788,0.8157657384872437
YJL134W,YGR084C,0,0.21477951,0.1083032488822937,0.9909909963607788,0.8159159421920776
YDL111C,YKL082C,0,0.21460846,0.10828547924757004,0.9909909963607788,0.8160660862922668
YER145C,YHR082C,0,0.21435168,0.10826771706342697,0.9909909963607788,0.816216230392456
YKL013C,YOR204W,0,0.21320674,0.1082499623298645,0.9909909963607788,0.8163663744926453
YBL058W,YAL038W,0,0.21237725,0.10823220759630203,0.9909909963607788,0.8165165185928345
YPR194C,YPL188W,0,0.21199164,0.10821446031332016,0.9909909963607788,0.8166666626930237
YDR159W,YAL040C,0,0.21192375,0.10819672048091888,0.9909909963607788,0.8168168067932129
YOR226C,YFL045C,0,0.21133593,0.1081789880990982,0.9909909963607788,0.8169669508934021
YBR125C,YPL110C,0,0.21090046,0.10816125571727753,0.9909909963607788,0.8171170949935913
YCL026C-B,YCL034W,0,0.210887,0.10814353823661804,0.9909909963607788,0.8172672390937805
YLR208W,YEL029C,0,0.20935616,0.10812582075595856,0.9909909963607788,0.8174174427986145
YGR012W,YJL130C,0,0.20913675,0.10810811072587967,0.9909909963607788,0.8175675868988037
YJL172W,YDR229W,0,0.20898739,0.10809040069580078,0.9909909963607788,0.8177177309989929
YPL127C,YLR103C,0,0.20850271,0.10807270556688309,0.9909909963607788,0.8178678750991821
YPL119C,YJR130C,0,0.20840773,0.1080550104379654,0.9909909963607788,0.8180180191993713
YML051W,YMR173W,0,0.20835033,0.1080373227596283,0.9909909963607788,0.8181681632995605
YER154W,YDR410C,0,0.20769277,0.1080196425318718,0.9909909963607788,0.8183183073997498
YDL206W,YDR222W,0,0.2076398,0.1080019623041153,0.9909909963607788,0.818468451499939
YAL040C,YGR222W,0,0.20761612,0.10798428952693939,0.9909909963607788,0.8186185956001282
YEL031W,YGR012W,0,0.20710397,0.10796663165092468,0.9909909963607788,0.8187687397003174
YGR052W,YKL171W,0,0.20662686,0.10794896632432938,0.9909909963607788,0.8189189434051514
YKL103C,YOL062C,0,0.2065107,0.10793131589889526,0.9909909963607788,0.8190690875053406
YNL010W,YLR026C,0,0.20479545,0.10791366547346115,0.9909909963607788,0.8192192316055298
YLR264W,YKL124W,0,0.20458606,0.10789602994918823,0.9909909963607788,0.819369375705719
YBR067C,YNL239W,0,0.20358379,0.10787839442491531,0.9909909963607788,0.8195195198059082
YAL060W,YOR237W,0,0.20316625,0.1078607589006424,0.9909909963607788,0.8196696639060974
YMR090W,YOR327C,0,0.202624,0.10784313827753067,0.9909909963607788,0.8198198080062866
YLR197W,YER190W,0,0.2026234,0.10782551765441895,0.9909909963607788,0.8199699521064758
YAL038W,YER002W,0,0.202604,0.10780790448188782,0.9909909963607788,0.820120096206665
YER103W,YLL034C,0,0.20159033,0.10779029875993729,0.9909909963607788,0.820270299911499
YDR492W,YPR152C,0,0.20146148,0.10777270048856735,0.9909909963607788,0.8204204440116882
YNL208W,YER046W,0,0.2011489,0.10775510221719742,0.9909909963607788,0.8205705881118774
YGL162W,YLR165C,0,0.20104155,0.10773751139640808,0.9909909963607788,0.8207207322120667
YJL085W,YGR027C,0,0.20100816,0.10771992802619934,0.9909909963607788,0.8208708763122559
YPL122C,YLL040C,0,0.20019442,0.1077023521065712,0.9909909963607788,0.8210210204124451
YDR389W,YMR099C,0,0.19964743,0.10768477618694305,0.9909909963607788,0.8211711645126343
YAR027W,YDR226W,0,0.19942269,0.10766720771789551,0.9909909963607788,0.8213213086128235
YNL232W,YLR380W,0,0.1992335,0.10764964669942856,0.9909909963607788,0.8214714527130127
YBR031W,YOR251C,0,0.19854221,0.1076320931315422,0.9909909963607788,0.8216215968132019
YOL158C,YNL259C,0,0.19796762,0.10761454701423645,0.9909909963607788,0.8217718005180359
YNL282W,YLL012W,0,0.19779912,0.1075970008969307,0.9909909963607788,0.8219219446182251
YPL213W,YNR004W,0,0.19772895,0.10757946223020554,0.9909909963607788,0.8220720887184143
YBL041W,YJL171C,0,0.19760156,0.10756193101406097,0.9909909963607788,0.8222222328186035
YHR030C,YPL151C,0,0.19758861,0.10754439979791641,0.9909909963607788,0.8223723769187927
YLL041C,YMR160W,0,0.19745682,0.10752688348293304,0.9909909963607788,0.8225225210189819
YLL045C,YOL026C,0,0.19687161,0.10750936716794968,0.9909909963607788,0.8226726651191711
YAL022C,YPL087W,0,0.19667009,0.1074918583035469,0.9909909963607788,0.8228228092193604
YOR206W,YDR527W,0,0.19597447,0.10747434943914413,0.9909909963607788,0.8229729533195496
YDL142C,YGR027C,0,0.1958659,0.10745685547590256,0.9909909963607788,0.8231230974197388
YPL223C,YGR199W,0,0.19530144,0.10743936151266098,0.9909909963607788,0.8232733011245728
YNL335W,YNL239W,0,0.19463292,0.107421875,0.9909909963607788,0.823423445224762
YLL033W,YER019C-A,0,0.19420668,0.10740439593791962,0.9909909963607788,0.8235735893249512
YJL066C,YAL063C,0,0.19418293,0.10738691687583923,0.9909909963607788,0.8237237334251404
YOR099W,YLR251W,0,0.19330016,0.10736944526433945,0.9909909963607788,0.8238738775253296
YNL095C,YDR496C,0,0.19266275,0.10735198110342026,0.9909909963607788,0.8240240216255188
YPR204W,YMR176W,0,0.19216682,0.10733452439308167,0.9909909963607788,0.824174165725708
YLR107W,YBR006W,0,0.19186291,0.10731707513332367,0.9909909963607788,0.8243243098258972
YOR323C,YER137C,0,0.19140762,0.10729962587356567,0.9909909963607788,0.8244744539260864
YAR002C-A,YLR348C,0,0.19014296,0.10728218406438828,0.9909909963607788,0.8246245980262756
YDL121C,YIL177C,0,0.18998846,0.10726474970579147,0.9909909963607788,0.8247748017311096
YBL041W,YOR393W,0,0.18989548,0.10724731534719467,0.9909909963607788,0.8249249458312988
YNL032W,YBL092W,0,0.18935525,0.10722989588975906,0.9909909963607788,0.825075089931488
YGL236C,YLR020C,0,0.18870422,0.10721247643232346,0.9909909963607788,0.8252252340316772
YLR080W,YMR246W,0,0.1881173,0.10719506442546844,0.9909909963607788,0.8253753781318665
YOL093W,YJL081C,0,0.18712202,0.10717765241861343,0.9909909963607788,0.8255255222320557
YDR351W,YLR278C,0,0.18710196,0.10716025531291962,0.9909909963607788,0.8256756663322449
YIL142W,YPL129W,0,0.18559274,0.1071428582072258,0.9909909963607788,0.8258258104324341
YPL134C,YPL050C,0,0.18542427,0.10712546855211258,0.9909909963607788,0.8259759545326233
YNL335W,YML128C,0,0.18517572,0.10710807889699936,0.9909909963607788,0.8261260986328125
YHR211W,YDR151C,0,0.1847001,0.10709070414304733,0.9909909963607788,0.8262763023376465
YBL098W,YER137C,0,0.18327147,0.1070733293890953,0.9909909963607788,0.8264264464378357
YLR312W-A,YBR129C,0,0.18312451,0.10705596208572388,0.9909909963607788,0.8265765905380249
YJL005W,YIL170W,0,0.18303725,0.10703860223293304,0.9909909963607788,0.8267267346382141
YJR070C,YIL046W,0,0.18290773,0.10702124238014221,0.9909909963607788,0.8268768787384033
YBR172C,YDR415C,0,0.1826444,0.10700388997793198,0.9909909963607788,0.8270270228385925
YOR176W,YBR096W,0,0.18168746,0.10698654502630234,0.9909909963607788,0.8271771669387817
YGR282C,YLL040C,0,0.18062776,0.1069692075252533,0.9909909963607788,0.827327311038971
YBR002C,YKL144C,0,0.18029496,0.10695187002420425,0.9909909963607788,0.8274774551391602
YLR208W,YJR101W,0,0.18003908,0.10693453997373581,0.9909909963607788,0.8276275992393494
YDR245W,YIR039C,0,0.17969891,0.10691721737384796,0.9909909963607788,0.8277778029441833
YOL082W,YKL165C,0,0.17933348,0.10689990222454071,0.9909909963607788,0.8279279470443726
YOR304C-A,YOL101C,0,0.17927524,0.10688259452581406,0.9909909963607788,0.8280780911445618
YMR093W,YLR209C,0,0.17897342,0.1068652868270874,0.9909909963607788,0.828228235244751
YPL134C,YBR061C,0,0.17892557,0.10684798657894135,0.9909909963607788,0.8283783793449402
YER049W,YML128C,0,0.17892435,0.10683068633079529,0.9909909963607788,0.8285285234451294
YCL036W,YBR230C,0,0.17854282,0.10681340098381042,0.9909909963607788,0.8286786675453186
YER074W,YLR088W,0,0.17832237,0.10679611563682556,0.9909909963607788,0.8288288116455078
YGL186C,YLL045C,0,0.17753878,0.1067788377404213,0.9909909963607788,0.828978955745697
YDR030C,YNL079C,0,0.17703453,0.10676156729459763,0.9909909963607788,0.8291290998458862
YGL112C,YLR208W,0,0.17678818,0.10674429684877396,0.9909909963607788,0.8292793035507202
YJR078W,YKL094W,0,0.17678064,0.10672703385353088,0.9909909963607788,0.8294294476509094
YMR304W,YLR151C,0,0.17675433,0.10670977830886841,0.9909909963607788,0.8295795917510986
YBR080C,YKL082C,0,0.1765745,0.10669253021478653,0.9909909963607788,0.8297297358512878
YBR066C,YML132W,0,0.17646119,0.10667528957128525,0.9909909963607788,0.829879879951477
YLR425W,YLR350W,0,0.1762085,0.10665804892778397,0.9909909963607788,0.8300300240516663
YLR401C,YOR317W,0,0.17584392,0.10664081573486328,0.9909909963607788,0.8301801681518555
YNL281W,YGR246C,0,0.17575079,0.1066235899925232,0.9909909963607788,0.8303303122520447
YJR010W,YMR054W,0,0.17542893,0.1066063642501831,0.9909909963607788,0.8304804563522339
YJR078W,YMR114C,0,0.17515591,0.10658914595842361,0.9909909963607788,0.8306306600570679
YJR078W,YHR057C,0,0.17501035,0.10657193511724472,0.9909909963607788,0.8307808041572571
YFR029W,YDR131C,0,0.17448509,0.10655473172664642,0.9909909963607788,0.8309309482574463
YKL190W,YOR204W,0,0.1732998,0.10653752833604813,0.9909909963607788,0.8310810923576355
YBL005W-B,YDR416W,0,0.17319748,0.10652033239603043,0.9909909963607788,0.8312312364578247
YNL117W,YJL149W,0,0.17253564,0.10650314390659332,0.9909909963607788,0.8313813805580139
YJL066C,YLR151C,0,0.17202064,0.10648596286773682,0.9909909963607788,0.8315315246582031
YAL024C,YBR031W,0,0.17154565,0.10646878182888031,0.9909909963607788,0.8316816687583923
YFL038C,YGR020C,0,0.17131332,0.106451615691185,0.9909909963607788,0.8318318128585815
YAL017W,YLR264W,0,0.17094848,0.10643444955348969,0.9909909963607788,0.8319819569587708
YOL129W,YKR035W-A,0,0.1699647,0.10641728341579437,0.9909909963607788,0.8321321606636047
YER049W,YJL082W,0,0.16987774,0.10640013217926025,0.9909909963607788,0.832282304763794
YER151C,YCL014W,0,0.1691488,0.10638298094272614,0.9909909963607788,0.8324324488639832
YDR494W,YKL180W,0,0.16875505,0.10636583715677261,0.9909909963607788,0.8325825929641724
YGR268C,YDR476C,0,0.1674161,0.10634869337081909,0.9909909963607788,0.8327327370643616
YMR169C,YLR050C,0,0.16736597,0.10633156448602676,0.9909909963607788,0.8328828811645508
YBR037C,YDR470C,0,0.16680369,0.10631443560123444,0.9909909963607788,0.83303302526474
YLL055W,YPL011C,0,0.16664815,0.10629730671644211,0.9909909963607788,0.8331831693649292
YDR304C,YPL273W,0,0.16624,0.10628019273281097,0.9909909963607788,0.8333333134651184
YKR071C,YFR036W,1,0.16607644,0.10642408579587936,0.9924924969673157,0.8333333134651184
YMR173W,YKL165C,0,0.16593984,0.10640695691108704,0.9924924969673157,0.8334834575653076
YDR245W,YGL051W,0,0.16514131,0.10638982802629471,0.9924924969673157,0.8336336612701416
YPR196W,YGR258C,0,0.16479127,0.10637270659208298,0.9924924969673157,0.8337838053703308
YPR196W,YMR200W,0,0.16449788,0.10635559260845184,0.9924924969673157,0.83393394947052
YLR043C,YOR209C,0,0.16444814,0.10633847862482071,0.9924924969673157,0.8340840935707092
YMR193W,YCL052C,0,0.16417134,0.10632137954235077,0.9924924969673157,0.8342342376708984
YJL011C,YJL172W,0,0.16413803,0.10630428045988083,0.9924924969673157,0.8343843817710876
YNL160W,YOR311C,0,0.16309428,0.10628718137741089,0.9924924969673157,0.8345345258712769
YIL076W,YDL097C,0,0.16262528,0.10627009719610214,0.9924924969673157,0.8346846699714661
YBR026C,YER190W,0,0.16261305,0.1062530130147934,0.9924924969673157,0.8348348140716553
YDL061C,YIL076W,0,0.16166934,0.10623593628406525,0.9924924969673157,0.8349849581718445
YFL045C,YBL098W,0,0.16056803,0.1062188670039177,0.9924924969673157,0.8351351618766785
YGL172W,YCR046C,0,0.16046232,0.10620179772377014,0.9924924969673157,0.8352853059768677
YPL065W,YMR143W,0,0.15984002,0.10618473589420319,0.9924924969673157,0.8354354500770569
YHR175W,YLR285W,0,0.15950608,0.10616768151521683,0.9924924969673157,0.8355855941772461
YKL180W,YER145C,0,0.1593529,0.10615063458681107,0.9924924969673157,0.8357357382774353
YER151C,YDL208W,0,0.15745264,0.1061335876584053,0.9924924969673157,0.8358858823776245
YPL127C,YGR214W,0,0.15716407,0.10611654818058014,0.9924924969673157,0.8360360264778137
YMR176W,YJL128C,0,0.15699688,0.10609951615333557,0.9924924969673157,0.8361861705780029
YDL142C,YGR258C,0,0.15662894,0.1060824915766716,0.9924924969673157,0.8363363146781921
YIL021W,YML132W,0,0.15632716,0.10606546700000763,0.9924924969673157,0.8364864587783813
YBR155W,YMR229C,0,0.15614998,0.10604844987392426,0.9924924969673157,0.8366366624832153
YJR005W,YBR042C,0,0.1558561,0.10603144019842148,0.9924924969673157,0.8367868065834045
YDR405W,YOR187W,0,0.15500496,0.1060144379734993,0.9924924969673157,0.8369369506835938
YNL131W,YGL236C,0,0.15451933,0.10599743574857712,0.9924924969673157,0.837087094783783
YGL183C,YNL302C,0,0.15437242,0.10598044097423553,0.9924924969673157,0.8372372388839722
YLR330W,YOR285W,0,0.15436068,0.10596344619989395,0.9924924969673157,0.8373873829841614
YER125W,YJR063W,0,0.15410256,0.10594646632671356,0.9924924969673157,0.8375375270843506
YLR270W,YPL011C,0,0.15363893,0.10592948645353317,0.9924924969673157,0.8376876711845398
YDR131C,YPL188W,0,0.1534685,0.10591251403093338,0.9924924969673157,0.837837815284729
YNL231C,YGR084C,0,0.15260936,0.10589554905891418,0.9924924969673157,0.8379879593849182
YKR036C,YBR257W,0,0.15187255,0.10587858408689499,0.9924924969673157,0.8381381630897522
YBL058W,YFL021W,0,0.1511139,0.10586162656545639,0.9924924969673157,0.8382883071899414
YNL073W,YMR300C,0,0.151023,0.10584467649459839,0.9924924969673157,0.8384384512901306
YDL208W,YMR240C,0,0.15078491,0.10582772642374039,0.9924924969673157,0.8385885953903198
YIR018W,YFL054C,0,0.1505405,0.10581079125404358,0.9924924969673157,0.838738739490509
YNL163C,YDL021W,0,0.15032029,0.10579385608434677,0.9924924969673157,0.8388888835906982
YDL029W,YLR025W,0,0.14989564,0.10577692091464996,0.9924924969673157,0.8390390276908875
YPR204W,YNL232W,0,0.14926836,0.10576000064611435,0.9924924969673157,0.8391891717910767
YNL297C,YBL091C-A,0,0.14860654,0.10574308037757874,0.9924924969673157,0.8393393158912659
YIL135C,YLL027W,0,0.1484411,0.10572616755962372,0.9924924969673157,0.8394894599914551
YMR093W,YAR031W,0,0.1483002,0.1057092621922493,0.9924924969673157,0.8396396636962891
YJR036C,YBR096W,0,0.14829952,0.10569235682487488,0.9924924969673157,0.8397898077964783
YFR045W,YLR219W,0,0.14696422,0.10567545890808105,0.9924924969673157,0.8399399518966675
YMR194W,YPL087W,0,0.14665684,0.10565856844186783,0.9924924969673157,0.8400900959968567
YIL142W,YJR063W,0,0.14652559,0.1056416779756546,0.9924924969673157,0.8402402400970459
YPR035W,YBR294W,0,0.145856,0.10562480241060257,0.9924924969673157,0.8403903841972351
YLR103C,YKL210W,0,0.14470944,0.10560792684555054,0.9924924969673157,0.8405405282974243
YPR187W,YLR270W,0,0.14400265,0.1055910512804985,0.9924924969673157,0.8406906723976135
YDR423C,YMR193W,0,0.14314704,0.10557419061660767,0.9924924969673157,0.8408408164978027
YFR001W,YOR020C,0,0.1426396,0.10555732995271683,0.9924924969673157,0.8409910202026367
YGR252W,YNL016W,0,0.14227256,0.10554047673940659,0.9924924969673157,0.8411411643028259
YDL206W,YKL053C-A,0,0.14102632,0.10552362352609634,0.9924924969673157,0.8412913084030151
YGR085C,YLR163C,0,0.14089134,0.1055067852139473,0.9924924969673157,0.8414414525032043
YOR353C,YGR239C,0,0.1401777,0.10548994690179825,0.9924924969673157,0.8415915966033936
YJR127C,YNL192W,0,0.13959241,0.1054731160402298,0.9924924969673157,0.8417417407035828
YMR013C,YOR008C,0,0.13869789,0.10545628517866135,0.9924924969673157,0.841891884803772
YMR315W,YPL134C,0,0.13869765,0.10543946176767349,0.9924924969673157,0.8420420289039612
YNL147W,YLL061W,0,0.13848814,0.10542264580726624,0.9924924969673157,0.8421921730041504
YLR447C,YMR295C,0,0.1383747,0.10540583729743958,0.9924924969673157,0.8423423171043396
YOR297C,YMR213W,0,0.13813183,0.10538902878761292,0.9924924969673157,0.8424925208091736
YDL083C,YFL021W,0,0.13800225,0.10537222772836685,0.9924924969673157,0.8426426649093628
YIL088C,YIL143C,0,0.13680746,0.10535543411970139,0.9924924969673157,0.842792809009552
YDL107W,YDR429C,0,0.1355314,0.10533864796161652,0.9924924969673157,0.8429429531097412
YJL066C,YMR005W,0,0.1354289,0.10532186180353165,0.9924924969673157,0.8430930972099304
YLL034C,YDR449C,0,0.1353285,0.10530508309602737,0.9924924969673157,0.8432432413101196
YDR512C,YOR340C,0,0.13532123,0.1052883118391037,0.9924924969673157,0.8433933854103088
YIL076W,YOR285W,0,0.13529965,0.10527154058218002,0.9924924969673157,0.843543529510498
YOR074C,YDR451C,0,0.13508776,0.10525477677583694,0.9924924969673157,0.8436936736106873
YLR197W,YNL282W,0,0.13357699,0.10523802042007446,0.9924924969673157,0.8438438177108765
YDR174W,YLL008W,0,0.13329938,0.10522126406431198,0.9924924969673157,0.8439940214157104
YLR325C,YPL096W,0,0.13231108,0.1052045226097107,0.9924924969673157,0.8441441655158997
YIL140W,YML039W,0,0.13204114,0.1051877811551094,0.9924924969673157,0.8442943096160889
YBR172C,YDR410C,0,0.13182479,0.10517103970050812,0.9924924969673157,0.8444444537162781
YGR077C,YJL024C,0,0.13175556,0.10515431314706802,0.9924924969673157,0.8445945978164673
YIL083C,YJR130C,0,0.1315575,0.10513758659362793,0.9924924969673157,0.8447447419166565
YPL150W,YPL213W,0,0.13087526,0.10512086749076843,0.9924924969673157,0.8448948860168457
YMR049C,YBR294W,0,0.13082173,0.10510414838790894,0.9924924969673157,0.8450450301170349
YKL094W,YLR309C,0,0.13021788,0.10508743673563004,0.9924924969673157,0.8451951742172241
YOR377W,YBL068W,0,0.12984163,0.10507073253393173,0.9924924969673157,0.8453453183174133
YPL252C,YNR015W,0,0.12962797,0.10505403578281403,0.9924924969673157,0.8454955220222473
YPR011C,YOR215C,0,0.12953837,0.10503734648227692,0.9924924969673157,0.8456456661224365
YDR067C,YOL057W,0,0.12874663,0.10502065718173981,0.9924924969673157,0.8457958102226257
YLR244C,YGL162W,0,0.12870884,0.1050039678812027,0.9924924969673157,0.8459459543228149
YBR118W,YJR133W,0,0.12798366,0.10498729348182678,0.9924924969673157,0.8460960984230042
YML073C,YGL051W,0,0.12768534,0.10497061908245087,0.9924924969673157,0.8462462425231934
YNL230C,YGR155W,0,0.12764513,0.10495395213365555,0.9924924969673157,0.8463963866233826
YEL012W,YDR476C,0,0.12750494,0.10493729263544083,0.9924924969673157,0.8465465307235718
YFL048C,YOL040C,0,0.12703207,0.1049206331372261,0.9924924969673157,0.846696674823761
YAL038W,YBR037C,0,0.1270059,0.10490398108959198,0.9924924969673157,0.8468468189239502
YBR182C,YOR215C,0,0.12646216,0.10488733649253845,0.9924924969673157,0.8469970226287842
YBR006W,YMR319C,0,0.12634319,0.10487069934606552,0.9924924969673157,0.8471471667289734
YIL088C,YDR419W,0,0.12619312,0.10485406219959259,0.9924924969673157,0.8472973108291626
YKR066C,YOL090W,0,0.12596962,0.10483743250370026,0.9924924969673157,0.8474474549293518
YLL051C,YKL061W,0,0.12575343,0.10482080280780792,0.9924924969673157,0.847597599029541
YPL274W,YDR496C,0,0.12574765,0.10480418801307678,0.9924924969673157,0.8477477431297302
YER115C,YFL021W,0,0.12518583,0.10478757321834564,0.9924924969673157,0.8478978872299194
YLR447C,YOL040C,0,0.124935925,0.1047709584236145,0.9924924969673157,0.8480480313301086
YDL074C,YPL093W,0,0.12469965,0.10475435853004456,0.9924924969673157,0.8481981754302979
YKL082C,YOL151W,0,0.123291135,0.10473775863647461,0.9924924969673157,0.8483483195304871
YOR176W,YKL175W,0,0.1218048,0.10472116619348526,0.9924924969673157,0.848498523235321
YPR194C,YGR027C,0,0.12072292,0.10470458120107651,0.9924924969673157,0.8486486673355103
YJL034W,YLL034C,0,0.12048441,0.10468799620866776,0.9924924969673157,0.8487988114356995
YKR071C,YNR010W,1,0.11954889,0.10482977330684662,0.9939939975738525,0.8487988114356995
YLR401C,YDR207C,0,0.11841759,0.10481317341327667,0.9939939975738525,0.8489489555358887
YDL133C-A,YDR245W,0,0.11807239,0.10479658097028732,0.9939939975738525,0.8490990996360779
YDR353W,YDR281C,0,0.11801183,0.10477999597787857,0.9939939975738525,0.8492492437362671
YLR203C,YOR355W,0,0.11697133,0.10476341098546982,0.9939939975738525,0.8493993878364563
YGR169C,YLR312W-A,0,0.11571339,0.10474683344364166,0.9939939975738525,0.8495495319366455
YGR095C,YDL198C,0,0.115549564,0.1047302633523941,0.9939939975738525,0.8496996760368347
YLR244C,YOR317W,0,0.114798546,0.10471370071172714,0.9939939975738525,0.8498498201370239
YER014C-A,YOR382W,0,0.11475739,0.10469713807106018,0.9939939975738525,0.8500000238418579
YOR323C,YNL107W,0,0.114563376,0.10468058288097382,0.9939939975738525,0.8501501679420471
YER055C,YBR274W,0,0.114025265,0.10466403514146805,0.9939939975738525,0.8503003120422363
YPL240C,YDR146C,0,0.11391063,0.10464748740196228,0.9939939975738525,0.8504504561424255
YMR210W,YLR330W,0,0.113643914,0.10463094711303711,0.9939939975738525,0.8506006002426147
YDR415C,YBR037C,0,0.113640696,0.10461441427469254,0.9939939975738525,0.850750744342804
YNL073W,YPL223C,0,0.11347121,0.10459788143634796,0.9939939975738525,0.8509008884429932
YLR359W,YKL172W,0,0.11326645,0.10458135604858398,0.9939939975738525,0.8510510325431824
YDL084W,YJL024C,0,0.11296058,0.1045648381114006,0.9939939975738525,0.8512011766433716
YBR052C,YIL076W,0,0.112231225,0.10454832762479782,0.9939939975738525,0.8513513803482056
YJR078W,YHR074W,0,0.11156954,0.10453181713819504,0.9939939975738525,0.8515015244483948
YJL124C,YDR173C,0,0.110724926,0.10451531410217285,0.9939939975738525,0.851651668548584
YOL141W,YPL094C,0,0.10924971,0.10449881851673126,0.9939939975738525,0.8518018126487732
YGR229C,YPL218W,0,0.1089347,0.10448232293128967,0.9939939975738525,0.8519519567489624
YNL010W,YMR143W,0,0.108220905,0.10446583479642868,0.9939939975738525,0.8521021008491516
YMR200W,YOL062C,0,0.10780802,0.10444935411214828,0.9939939975738525,0.8522522449493408
YKR071C,YPL200W,1,0.10656512,0.10459063202142715,0.9954954981803894,0.8522522449493408
YPR162C,YPR187W,0,0.10621655,0.10457412898540497,0.9954954981803894,0.85240238904953
YOL038W,YGR177C,0,0.10605237,0.10455764085054398,0.9954954981803894,0.8525525331497192
YHL034C,YMR308C,0,0.10562858,0.10454115271568298,0.9954954981803894,0.8527026772499084
YHR056C,YPL129W,0,0.10486063,0.10452467203140259,0.9954954981803894,0.8528528809547424
YOR054C,YHR132C,0,0.10464296,0.10450819879770279,0.9954954981803894,0.8530030250549316
YJR149W,YBR222C,0,0.10443181,0.10449172556400299,0.9954954981803894,0.8531531691551208
YJL144W,YPR127W,0,0.10431777,0.10447525978088379,0.9954954981803894,0.8533033132553101
YGL225W,YNL016W,0,0.10266155,0.10445880144834518,0.9954954981803894,0.8534534573554993
YLR228C,YHR209W,0,0.10205981,0.10444234311580658,0.9954954981803894,0.8536036014556885
YJL172W,YJR063W,0,0.10191497,0.10442589223384857,0.9954954981803894,0.8537537455558777
YNL122C,YHR057C,0,0.10134256,0.10440944880247116,0.9954954981803894,0.8539038896560669
YDR410C,YHR051W,0,0.10021189,0.10439300537109375,0.9954954981803894,0.8540540337562561
YNL160W,YGL256W,0,0.09990421,0.10437657684087753,0.9954954981803894,0.8542041778564453
YDR492W,YIL020C,0,0.099690646,0.10436014831066132,0.9954954981803894,0.8543543815612793
YNL127W,YNL092W,0,0.09956108,0.1043437197804451,0.9954954981803894,0.8545045256614685
YJL005W,YOR353C,0,0.09926829,0.10432729870080948,0.9954954981803894,0.8546546697616577
YFL033C,YGR239C,0,0.09919348,0.10431088507175446,0.9954954981803894,0.8548048138618469
YIL088C,YKL171W,0,0.098425835,0.10429447889328003,0.9954954981803894,0.8549549579620361
YGR081C,YOR074C,0,0.09765984,0.1042780727148056,0.9954954981803894,0.8551051020622253
YNL231C,YDL171C,0,0.097435474,0.10426167398691177,0.9954954981803894,0.8552552461624146
YDL121C,YOR340C,0,0.09731302,0.10424528270959854,0.9954954981803894,0.8554053902626038
YPR144C,YLL034C,0,0.096526414,0.10422889143228531,0.9954954981803894,0.855555534362793
YMR272C,YKL124W,0,0.09594688,0.10421251505613327,0.9954954981803894,0.8557056784629822
YAL060W,YLR209C,0,0.09532565,0.10419613122940063,0.9954954981803894,0.8558558821678162
YDR131C,YJL171C,0,0.09528801,0.1041797623038292,0.9954954981803894,0.8560060262680054
YNL231C,YBR059C,0,0.094873115,0.10416339337825775,0.9954954981803894,0.8561561703681946
YDR371W,YER145C,0,0.09422672,0.1041470319032669,0.9954954981803894,0.8563063144683838
YGR085C,YGR239C,0,0.09398468,0.10413067042827606,0.9954954981803894,0.856456458568573
YGR282C,YEL036C,0,0.09216979,0.10411432385444641,0.9954954981803894,0.8566066026687622
YDL142C,YNL138W,0,0.09162,0.10409797728061676,0.9954954981803894,0.8567567467689514
YPR187W,YOL101C,0,0.09124768,0.10408163070678711,0.9954954981803894,0.8569068908691406
YJR127C,YDR419W,0,0.090794,0.10406529903411865,0.9954954981803894,0.8570570349693298
YDR304C,YMR160W,0,0.09072736,0.1040489673614502,0.9954954981803894,0.857207179069519
YML112W,YPL131W,0,0.08946738,0.10403263568878174,0.9954954981803894,0.857357382774353
YPR187W,YPL240C,0,0.08766028,0.10401631891727448,0.9954954981803894,0.8575075268745422
YLL041C,YNL258C,0,0.08656219,0.10400000214576721,0.9954954981803894,0.8576576709747314
YDR211W,YNL052W,0,0.08641678,0.10398368537425995,0.9954954981803894,0.8578078150749207
YEL012W,YFL054C,0,0.08598675,0.10396738350391388,0.9954954981803894,0.8579579591751099
YLR020C,YGR112W,0,0.0859448,0.10395108163356781,0.9954954981803894,0.8581081032752991
YOR147W,YJL079C,0,0.08530307,0.10393478721380234,0.9954954981803894,0.8582582473754883
YPL134C,YDL198C,0,0.08521804,0.10391849279403687,0.9954954981803894,0.8584083914756775
YKL038W,YGR112W,0,0.084407985,0.10390221327543259,0.9954954981803894,0.8585585355758667
YNL163C,YDL208W,0,0.08321151,0.10388592630624771,0.9954954981803894,0.8587086796760559
YFL033C,YEL041W,0,0.08213964,0.10386965423822403,0.9954954981803894,0.8588588833808899
YBR223C,YMR160W,0,0.0820993,0.10385338217020035,0.9954954981803894,0.8590090274810791
YMR005W,YMR321C,0,0.08117011,0.10383711755275726,0.9954954981803894,0.8591591715812683
YNL281W,YMR038C,0,0.08091542,0.10382086038589478,0.9954954981803894,0.8593093156814575
YGR085C,YOR148C,0,0.080361396,0.10380460321903229,0.9954954981803894,0.8594594597816467
YPR187W,YOR377W,0,0.08025101,0.1037883535027504,0.9954954981803894,0.8596096038818359
YKR028W,YOL040C,0,0.079546764,0.1037721112370491,0.9954954981803894,0.8597597479820251
YJL034W,YNL092W,0,0.07817626,0.10375586897134781,0.9954954981803894,0.8599098920822144
YPL131W,YOL004W,0,0.076079994,0.10373963415622711,0.9954954981803894,0.8600600361824036
YDR414C,YOL155C,0,0.07567534,0.10372340679168701,0.9954954981803894,0.8602102398872375
YAL038W,YGL019W,0,0.07562366,0.10370717942714691,0.9954954981803894,0.8603603839874268
YMR013C,YGR255C,0,0.07539073,0.10369095951318741,0.9954954981803894,0.860510528087616
YOL082W,YMR087W,0,0.07475656,0.1036747470498085,0.9954954981803894,0.8606606721878052
YBR067C,YAL017W,0,0.07432601,0.1036585345864296,0.9954954981803894,0.8608108162879944
YLR197W,YDR527W,0,0.07387528,0.10364232957363129,0.9954954981803894,0.8609609603881836
YEL041W,YLR330W,0,0.07364324,0.10362613201141357,0.9954954981803894,0.8611111044883728
YNL110C,YCL026C-B,0,0.07321319,0.10360994189977646,0.9954954981803894,0.861261248588562
YLR244C,YNL080C,0,0.07303698,0.10359375178813934,0.9954954981803894,0.8614113926887512
YOL082W,YGR246C,0,0.072859496,0.10357756912708282,0.9954954981803894,0.8615615367889404
YLR312W-A,YGR214W,0,0.070991576,0.1035613864660263,0.9954954981803894,0.8617117404937744
YIL088C,YGR155W,0,0.07071969,0.10354521125555038,0.9954954981803894,0.8618618845939636
YLR009W,YCL026C-B,0,0.070688784,0.10352904349565506,0.9954954981803894,0.8620120286941528
YDL024C,YFR052W,0,0.0694243,0.10351288318634033,0.9954954981803894,0.862162172794342
YPL050C,YNL052W,0,0.06837079,0.1034967228770256,0.9954954981803894,0.8623123168945312
YDR072C,YKL067W,0,0.0673649,0.10348057001829147,0.9954954981803894,0.8624624609947205
YIL108W,YER185W,0,0.06693761,0.10346441715955734,0.9954954981803894,0.8626126050949097
YLR359W,YGR155W,0,0.06509784,0.1034482792019844,0.9954954981803894,0.8627627491950989
YPL110C,YMR238W,0,0.06496115,0.10343213379383087,0.9954954981803894,0.8629128932952881
YDR415C,YGR084C,0,0.06488812,0.10341600328683853,0.9954954981803894,0.8630630373954773
YER017C,YBR145W,0,0.063457265,0.10339987277984619,0.9954954981803894,0.8632132411003113
YLL041C,YLR429W,0,0.06345442,0.10338374972343445,0.9954954981803894,0.8633633852005005
YDL021W,YPR060C,0,0.06287339,0.1033676341176033,0.9954954981803894,0.8635135293006897
YDR245W,YAR031W,0,0.062368605,0.10335151851177216,0.9954954981803894,0.8636636734008789
YPR072W,YER150W,0,0.06186161,0.1033354103565216,0.9954954981803894,0.8638138175010681
YDR497C,YDR508C,0,0.06181175,0.10331930965185165,0.9954954981803894,0.8639639616012573
YER103W,YGL112C,0,0.06158981,0.1033032089471817,0.9954954981803894,0.8641141057014465
YLR043C,YCR046C,0,0.061177615,0.10328711569309235,0.9954954981803894,0.8642642498016357
YLR295C,YMR180C,0,0.059882198,0.10327102988958359,0.9954954981803894,0.864414393901825
YMR049C,YPL274W,0,0.059124578,0.10325494408607483,0.9954954981803894,0.8645645380020142
YPL150W,YCL043C,0,0.05882177,0.10323886573314667,0.9954954981803894,0.8647147417068481
YPL213W,YEL053C,0,0.0587782,0.1032227948307991,0.9954954981803894,0.8648648858070374
YPR137W,YEL029C,0,0.058742438,0.10320672392845154,0.9954954981803894,0.8650150299072266
YOL111C,YKR006C,0,0.058731917,0.10319066047668457,0.9954954981803894,0.8651651740074158
YLR268W,YGR118W,0,0.058527697,0.1031746044754982,0.9954954981803894,0.865315318107605
YOR089C,YOR020C,0,0.05834313,0.10315854847431183,0.9954954981803894,0.8654654622077942
YDR211W,YBR192W,0,0.057964955,0.10314249992370605,0.9954954981803894,0.8656156063079834
YLR359W,YGL233W,0,0.05779234,0.10312645882368088,0.9954954981803894,0.8657657504081726
YDR072C,YHR051W,0,0.057283852,0.1031104177236557,0.9954954981803894,0.8659158945083618
YHR211W,YJR021C,0,0.05616695,0.10309438407421112,0.9954954981803894,0.866066038608551
YDL084W,YNL284C,0,0.055451248,0.10307835787534714,0.9954954981803894,0.866216242313385
YOR230W,YCR012W,0,0.05519328,0.10306233167648315,0.9954954981803894,0.8663663864135742
YDR494W,YCR011C,0,0.0542824,0.10304631292819977,0.9954954981803894,0.8665165305137634
YEL012W,YNL302C,0,0.053683195,0.10303030163049698,0.9954954981803894,0.8666666746139526
YPR080W,YER190W,0,0.053248424,0.10301429778337479,0.9954954981803894,0.8668168187141418
YDR034C,YNL147W,0,0.052921567,0.1029982939362526,0.9954954981803894,0.866966962814331
YKL126W,YPL096W,0,0.052513752,0.1029822900891304,0.9954954981803894,0.8671171069145203
YMR180C,YKR035W-A,0,0.05251244,0.1029663011431694,0.9954954981803894,0.8672672510147095
YHR002W,YHL034C,0,0.05130655,0.1029503121972084,0.9954954981803894,0.8674173951148987
YLR278C,YPL027W,0,0.050882433,0.1029343232512474,0.9954954981803894,0.8675675392150879
YDR527W,YOR382W,0,0.050551254,0.1029183492064476,0.9954954981803894,0.8677177429199219
YPL273W,YEL056W,0,0.050300155,0.1029023751616478,0.9954954981803894,0.8678678870201111
YJL011C,YMR269W,0,0.048897598,0.10288640856742859,0.9954954981803894,0.8680180311203003
YLR203C,YNL131W,0,0.048086803,0.10287044197320938,0.9954954981803894,0.8681681752204895
YDR304C,YLR209C,0,0.04754815,0.10285448282957077,0.9954954981803894,0.8683183193206787
YMR276W,YAL038W,0,0.04752068,0.10283853113651276,0.9954954981803894,0.8684684634208679
YAL038W,YNL238W,0,0.04659185,0.10282257944345474,0.9954954981803894,0.8686186075210571
YOR237W,YFL014W,0,0.044943515,0.10280663520097733,0.9954954981803894,0.8687687516212463
YIR038C,YER046W,0,0.044640925,0.1027906984090805,0.9954954981803894,0.8689188957214355
YGL186C,YNL335W,0,0.044243623,0.10277476161718369,0.9954954981803894,0.8690690398216248
YLR033W,YDR173C,0,0.038674448,0.10275883227586746,0.9954954981803894,0.8692192435264587
YOR291W,YKL053C-A,0,0.038658474,0.10274291038513184,0.9954954981803894,0.869369387626648
YBR066C,YPR198W,0,0.037294466,0.10272698849439621,0.9954954981803894,0.8695195317268372
YPR187W,YJR040W,0,0.03709262,0.10271107405424118,0.9954954981803894,0.8696696758270264
YLR359W,YMR143W,0,0.035620365,0.10269516706466675,0.9954954981803894,0.8698198199272156
YMR123W,YDL022W,0,0.034936283,0.10267926007509232,0.9954954981803894,0.8699699640274048
YGL172W,YBR287W,0,0.034209523,0.10266336053609848,0.9954954981803894,0.870120108127594
YOL086C,YHR082C,0,0.034198437,0.10264746844768524,0.9954954981803894,0.8702702522277832
YHR030C,YER046W,0,0.034124497,0.102631576359272,0.9954954981803894,0.8704203963279724
YOR168W,YKL038W,0,0.033976335,0.10261569172143936,0.9954954981803894,0.8705706000328064
YPL252C,YHR085W,0,0.033498738,0.10259981453418732,0.9954954981803894,0.8707207441329956
YKL094W,YLR151C,0,0.0315868,0.10258393734693527,0.9954954981803894,0.8708708882331848
YAL038W,YER115C,0,0.031076543,0.10256806761026382,0.9954954981803894,0.871021032333374
YAL060W,YDR449C,0,0.030899707,0.10255220532417297,0.9954954981803894,0.8711711764335632
YOR291W,YPL183W-A,0,0.030872066,0.10253634303808212,0.9954954981803894,0.8713213205337524
YBL098W,YHR051W,0,0.028508041,0.10252048820257187,0.9954954981803894,0.8714714646339417
YBR247C,YDR353W,0,0.028254244,0.10250464081764221,0.9954954981803894,0.8716216087341309
YLR395C,YOL108C,0,0.027670536,0.10248879343271255,0.9954954981803894,0.8717717528343201
YMR049C,YDR454C,0,0.027215365,0.1024729534983635,0.9954954981803894,0.8719218969345093
YBR260C,YNL297C,0,0.027062032,0.10245711356401443,0.9954954981803894,0.8720721006393433
YLR203C,YLL008W,0,0.02693126,0.10244128853082657,0.9954954981803894,0.8722222447395325
YFL014W,YHR077C,0,0.02686352,0.1024254560470581,0.9954954981803894,0.8723723888397217
YAL060W,YLR020C,0,0.025352929,0.10240963846445084,0.9954954981803894,0.8725225329399109
YIL046W,YDR353W,0,0.02527139,0.10239382088184357,0.9954954981803894,0.8726726770401001
YGL237C,YJR149W,0,0.025161762,0.1023780107498169,0.9954954981803894,0.8728228211402893
YOR310C,YGL122C,0,0.025062416,0.10236220806837082,0.9954954981803894,0.8729729652404785
YPR171W,YGR034W,0,0.024288733,0.10234640538692474,0.9954954981803894,0.8731231093406677
YDL217C,YKL041W,0,0.024068002,0.10233061015605927,0.9954954981803894,0.8732732534408569
YJL172W,YLL012W,0,0.023098294,0.10231481492519379,0.9954954981803894,0.8734233975410461
YPL094C,YPR149W,0,0.022845361,0.1022990271449089,0.9954954981803894,0.8735736012458801
YMR008C,YAL017W,0,0.022697274,0.10228324681520462,0.9954954981803894,0.8737237453460693
YIL002C,YLR028C,0,0.022475813,0.10226746648550034,0.9954954981803894,0.8738738894462585
YBR183W,YOR138C,0,0.0223873,0.10225169360637665,0.9954954981803894,0.8740240335464478
YLR208W,YKL096W-A,0,0.021079455,0.10223592817783356,0.9954954981803894,0.874174177646637
YBR118W,YPL087W,0,0.020677272,0.10222017019987106,0.9954954981803894,0.8743243217468262
YEL037C,YOL151W,0,0.018706907,0.10220441222190857,0.9954954981803894,0.8744744658470154
YOR323C,YDR167W,0,0.017613146,0.10218865424394608,0.9954954981803894,0.8746246099472046
YJL213W,YJL149W,0,0.017323647,0.10217291116714478,0.9954954981803894,0.8747747540473938
YOL165C,YNL238W,0,0.016549755,0.10215716809034348,0.9954954981803894,0.874924898147583
YMR319C,YOL111C,0,0.016290639,0.10214142501354218,0.9954954981803894,0.875075101852417
YMR321C,YMR308C,0,0.016280327,0.10212569683790207,0.9954954981803894,0.8752252459526062
YDR373W,YGR027C,0,0.0158079,0.10210996121168137,0.9954954981803894,0.8753753900527954
YGR169C,YFR001W,0,0.015761051,0.10209424048662186,0.9954954981803894,0.8755255341529846
YBL068W,YNL239W,0,0.015270982,0.10207851976156235,0.9954954981803894,0.8756756782531738
YDR453C,YDR229W,0,0.013681028,0.10206280648708344,0.9954954981803894,0.875825822353363
YGL200C,YEL029C,0,0.013174865,0.10204710066318512,0.9954954981803894,0.8759759664535522
YDR494W,YGR095C,0,0.012516174,0.1020313948392868,0.9954954981803894,0.8761261105537415
YDR296W,YML028W,0,0.0121006705,0.10201569646596909,0.9954954981803894,0.8762762546539307
YJR127C,YJL130C,0,0.011810515,0.10199999809265137,0.9954954981803894,0.8764263987541199
YDR083W,YCR046C,0,0.011798773,0.10198430716991425,0.9954954981803894,0.8765766024589539
YJL095W,YMR143W,0,0.011182491,0.10196862369775772,0.9954954981803894,0.8767267465591431
YCR011C,YGL060W,0,0.010968331,0.1019529476761818,0.9954954981803894,0.8768768906593323
YLL041C,YMR308C,0,0.010257546,0.10193727165460587,0.9954954981803894,0.8770270347595215
YLR029C,YML006C,0,0.009708453,0.10192159563302994,0.9954954981803894,0.8771771788597107
YGR034W,YKL067W,0,0.0075449683,0.1019059345126152,0.9954954981803894,0.8773273229598999
YIL094C,YBL098W,0,0.003638912,0.10189027339220047,0.9954954981803894,0.8774774670600891
YPL274W,YLL055W,0,0.0031704642,0.10187461227178574,0.9954954981803894,0.8776276111602783
YDR207C,YBR072W,0,0.0023709275,0.1018589660525322,0.9954954981803894,0.8777777552604675
YHR175W,YGL019W,0,0.0022183694,0.10184331983327866,0.9954954981803894,0.8779278993606567
YGL209W,YPL099C,0,0.0021902062,0.10182767361402512,0.9954954981803894,0.8780781030654907
YNL153C,YBL026W,0,0.0015679039,0.10181204229593277,0.9954954981803894,0.8782282471656799
YGR020C,YBL076C,0,-0.00023617968,0.10179640352725983,0.9954954981803894,0.8783783912658691
YHR030C,YPR035W,0,-0.00072086975,0.10178077965974808,0.9954954981803894,0.8785285353660583
YGR012W,YNR035C,0,-0.00219151,0.10176515579223633,0.9954954981803894,0.8786786794662476
YBR202W,YMR308C,0,-0.0026407503,0.10174953937530518,0.9954954981803894,0.8788288235664368
YGL122C,YMR304W,0,-0.004491415,0.10173392295837402,0.9954954981803894,0.878978967666626
YBR118W,YGR185C,0,-0.005197417,0.10171832144260406,0.9954954981803894,0.8791291117668152
YHR209W,YML049C,0,-0.005655851,0.10170271247625351,0.9954954981803894,0.8792792558670044
YER151C,YOL040C,0,-0.0056749247,0.10168711841106415,0.9954954981803894,0.8794293999671936
YLR251W,YMR240C,0,-0.0057734214,0.10167152434587479,0.9954954981803894,0.8795796036720276
YMR123W,YAL054C,0,-0.00649881,0.10165593028068542,0.9954954981803894,0.8797297477722168
YKL001C,YDR497C,0,-0.006730821,0.10164035111665726,0.9954954981803894,0.879879891872406
YDR405W,YMR186W,0,-0.0074003153,0.10162477195262909,0.9954954981803894,0.8800300359725952
YNL261W,YLR344W,0,-0.007852223,0.10160919278860092,0.9954954981803894,0.8801801800727844
YFL013C,YNR015W,0,-0.009199526,0.10159362852573395,0.9954954981803894,0.8803303241729736
YPR182W,YER055C,0,-0.010479059,0.10157805681228638,0.9954954981803894,0.8804804682731628
YLR264W,YIL159W,0,-0.010660376,0.1015625,0.9954954981803894,0.880630612373352
YDL217C,YLR129W,0,-0.010942426,0.10154694318771362,0.9954954981803894,0.8807807564735413
YBR118W,YBR257W,0,-0.010999609,0.10153139382600784,0.9954954981803894,0.8809309601783752
YDR429C,YPR133W-A,0,-0.012185838,0.10151584446430206,0.9954954981803894,0.8810811042785645
YPL252C,YNL238W,0,-0.0125427805,0.10150030255317688,0.9954954981803894,0.8812312483787537
YKL170W,YCL057W,0,-0.013537493,0.1014847680926323,0.9954954981803894,0.8813813924789429
YPR167C,YKR069W,0,-0.013564374,0.1014692410826683,0.9954954981803894,0.8815315365791321
YDR034C,YJL178C,0,-0.013662662,0.10145371407270432,0.9954954981803894,0.8816816806793213
YFL038C,YHL034C,0,-0.0142020695,0.10143818706274033,0.9954954981803894,0.8818318247795105
YMR093W,YOR317W,0,-0.015406933,0.10142266750335693,0.9954954981803894,0.8819819688796997
YPL151C,YCL043C,0,-0.017359402,0.10140715539455414,0.9954954981803894,0.8821321129798889
YKR066C,YNR002C,0,-0.018080305,0.10139165073633194,0.9954954981803894,0.8822822570800781
YDL217C,YKR066C,0,-0.018550124,0.10137614607810974,0.9954954981803894,0.8824324607849121
YIR038C,YNL092W,0,-0.018699478,0.10136064887046814,0.9954954981803894,0.8825826048851013
YDL061C,YKL003C,0,-0.0187225,0.10134515166282654,0.9954954981803894,0.8827327489852905
YDR034C,YOR377W,0,-0.01879767,0.10132966190576553,0.9954954981803894,0.8828828930854797
YKL064W,YDR508C,0,-0.019035857,0.10131417959928513,0.9954954981803894,0.883033037185669
YNL121C,YLR251W,0,-0.019427385,0.10129870474338531,0.9954954981803894,0.8831831812858582
YJL200C,YFL045C,0,-0.020278957,0.1012832298874855,0.9954954981803894,0.8833333253860474
YKL171W,YFL021W,0,-0.020302754,0.1012677550315857,0.9954954981803894,0.8834834694862366
YOL043C,YOR215C,0,-0.020680007,0.10125228762626648,0.9954954981803894,0.8836336135864258
YOR388C,YNL008C,0,-0.021339025,0.10123682767152786,0.9954954981803894,0.883783757686615
YNL160W,YDR530C,0,-0.023727264,0.10122137516736984,0.9954954981803894,0.883933961391449
YNL153C,YJL124C,0,-0.023828175,0.10120592266321182,0.9954954981803894,0.8840841054916382
YLR390W,YLL027W,0,-0.024590608,0.1011904776096344,0.9954954981803894,0.8842342495918274
YKL130C,YLR325C,0,-0.026124831,0.10117503255605698,0.9954954981803894,0.8843843936920166
YKR069W,YOR353C,0,-0.02612589,0.10115959495306015,0.9954954981803894,0.8845345377922058
YGR221C,YDR146C,0,-0.026905041,0.10114416480064392,0.9954954981803894,0.884684681892395
YEL052W,YNL238W,0,-0.027755525,0.10112873464822769,0.9954954981803894,0.8848348259925842
YLL051C,YJL066C,0,-0.02789205,0.10111331194639206,0.9954954981803894,0.8849849700927734
YPL259C,YGL004C,0,-0.028281417,0.10109789669513702,0.9954954981803894,0.8851351141929626
YPL110C,YFR018C,0,-0.02838948,0.10108248144388199,0.9954954981803894,0.8852852582931519
YOL045W,YIL133C,0,-0.028714266,0.10106707364320755,0.9954954981803894,0.8854354619979858
YPL002C,YGL148W,0,-0.029305484,0.10105166584253311,0.9954954981803894,0.885585606098175
YLR113W,YGL163C,0,-0.029610004,0.10103627294301987,0.9954954981803894,0.8857357501983643
YJL081C,YLR270W,0,-0.030418243,0.10102087259292603,0.9954954981803894,0.8858858942985535
YPL134C,YKL174C,0,-0.0312601,0.10100548714399338,0.9954954981803894,0.8860360383987427
YGL037C,YPL027W,0,-0.032245275,0.10099010169506073,0.9954954981803894,0.8861861824989319
YOR323C,YML080W,0,-0.032669928,0.10097471624612808,0.9954954981803894,0.8863363265991211
YOL108C,YMR304W,0,-0.032879557,0.10095934569835663,0.9954954981803894,0.8864864706993103
YPR091C,YGL004C,0,-0.03297509,0.10094396770000458,0.9954954981803894,0.8866366147994995
YKL103C,YKL015W,0,-0.034062322,0.10092860460281372,0.9954954981803894,0.8867867588996887
YOL111C,YIL133C,0,-0.034307774,0.10091324150562286,0.9954954981803894,0.8869369626045227
YOL010W,YDR170C,0,-0.034681913,0.1008978858590126,0.9954954981803894,0.8870871067047119
YGR264C,YMR203W,0,-0.03612682,0.10088253021240234,0.9954954981803894,0.8872372508049011
YEL062W,YJL149W,0,-0.036732655,0.10086718201637268,0.9954954981803894,0.8873873949050903
YPL002C,YLR325C,0,-0.03677347,0.10085184127092361,0.9954954981803894,0.8875375390052795
YIL139C,YML073C,0,-0.037418004,0.10083650052547455,0.9954954981803894,0.8876876831054688
YIL108W,YJR149W,0,-0.039218422,0.10082116723060608,0.9954954981803894,0.887837827205658
YGL225W,YBL089W,0,-0.039566185,0.1008058413863182,0.9954954981803894,0.8879879713058472
YPL150W,YKL094W,0,-0.039597403,0.10079051554203033,0.9954954981803894,0.8881381154060364
YGR285C,YNL259C,0,-0.040067937,0.10077519714832306,0.9954954981803894,0.8882882595062256
YJL004C,YDL198C,0,-0.042365577,0.10075987875461578,0.9954954981803894,0.8884384632110596
YLR452C,YKL001C,0,-0.043365862,0.1007445678114891,0.9954954981803894,0.8885886073112488
YER050C,YDR415C,0,-0.043377947,0.10072926431894302,0.9954954981803894,0.888738751411438
YPL196W,YCL026C-B,0,-0.043672185,0.10071396082639694,0.9954954981803894,0.8888888955116272
YJL200C,YLR270W,0,-0.044069614,0.10069866478443146,0.9954954981803894,0.8890390396118164
YPR024W,YDL024C,0,-0.044300284,0.10068336874246597,0.9954954981803894,0.8891891837120056
YLR344W,YOR098C,0,-0.04463428,0.10066808015108109,0.9954954981803894,0.8893393278121948
YKR035W-A,YMR143W,0,-0.045627695,0.1006527990102768,0.9954954981803894,0.889489471912384
YPR191W,YHR085W,0,-0.045826163,0.1006375253200531,0.9954954981803894,0.8896396160125732
YLL019C,YJR130C,0,-0.047607627,0.1006222516298294,0.9954954981803894,0.8897897601127625
YOR349W,YMR304W,0,-0.048456755,0.10060697793960571,0.9954954981803894,0.8899399638175964
YLR005W,YDR109C,0,-0.048483696,0.10059171915054321,0.9954954981803894,0.8900901079177856
YJL034W,YNL281W,0,-0.048537236,0.10057645291090012,0.9954954981803894,0.8902402520179749
YOR287C,YDR527W,0,-0.048966255,0.10056120157241821,0.9954954981803894,0.8903903961181641
YEL041W,YNR035C,0,-0.049019065,0.10054595023393631,0.9954954981803894,0.8905405402183533
YLR359W,YGL174W,0,-0.049041834,0.100530706346035,0.9954954981803894,0.8906906843185425
YCL043C,YKL189W,0,-0.049237337,0.1005154624581337,0.9954954981803894,0.8908408284187317
YBR170C,YJL213W,0,-0.049564954,0.10050022602081299,0.9954954981803894,0.8909909725189209
YDR079W,YOL155C,0,-0.050068643,0.10048499703407288,0.9954954981803894,0.8911411166191101
YOR310C,YIL139C,0,-0.051287737,0.10046976804733276,0.9954954981803894,0.8912913203239441
YLR244C,YKR035W-A,0,-0.051429894,0.10045454651117325,0.9954954981803894,0.8914414644241333
YOL112W,YNL274C,0,-0.0537433,0.10043932497501373,0.9954954981803894,0.8915916085243225
YDR423C,YLL027W,0,-0.054076817,0.10042411088943481,0.9954954981803894,0.8917417526245117
YLR291C,YGR285C,0,-0.05565941,0.10040890425443649,0.9954954981803894,0.8918918967247009
YKL170W,YCR011C,0,-0.05613568,0.10039369761943817,0.9954954981803894,0.8920420408248901
YMR269W,YGL220W,0,-0.056995597,0.10037849843502045,0.9954954981803894,0.8921921849250793
YDL142C,YDR476C,0,-0.05757388,0.10036330670118332,0.9954954981803894,0.8923423290252686
YGR036C,YDR245W,0,-0.05830991,0.10034811496734619,0.9954954981803894,0.8924924731254578
YDR498C,YOR393W,0,-0.05853055,0.10033293068408966,0.9954954981803894,0.892642617225647
YLR314C,YGR085C,0,-0.0610373,0.10031774640083313,0.9954954981803894,0.892792820930481
YGL256W,YGL103W,0,-0.061608043,0.1003025695681572,0.9954954981803894,0.8929429650306702
YML051W,YOR209C,0,-0.061624732,0.10028740018606186,0.9954954981803894,0.8930931091308594
YKR006C,YJR103W,0,-0.061703827,0.10027223080396652,0.9954954981803894,0.8932432532310486
YDR254W,YBL079W,1,-0.06176446,0.10040828585624695,0.9969969987869263,0.8932432532310486
YJR107W,YGL037C,0,-0.06212273,0.10039310902357101,0.9969969987869263,0.8933933973312378
YOR187W,YMR304W,0,-0.062742025,0.10037793219089508,0.9969969987869263,0.893543541431427
YJR151C,YJL053W,0,-0.06478962,0.10036275535821915,0.9969969987869263,0.8936936855316162
YHR209W,YAR027W,0,-0.06480791,0.10034758597612381,0.9969969987869263,0.8938438296318054
YAR027W,YGR134W,0,-0.06544855,0.10033242404460907,0.9969969987869263,0.8939939737319946
YOL141W,YMR093W,0,-0.065914124,0.10031726956367493,0.9969969987869263,0.8941441178321838
YKR066C,YCL032W,0,-0.06599964,0.10030211508274078,0.9969969987869263,0.8942943215370178
YFL057C,YMR238W,0,-0.066212565,0.10028696805238724,0.9969969987869263,0.894444465637207
YKR057W,YLR268W,0,-0.06647274,0.10027182102203369,0.9969969987869263,0.8945946097373962
YFL045C,YML132W,0,-0.067068845,0.10025668144226074,0.9969969987869263,0.8947447538375854
YKL170W,YEL062W,0,-0.06808999,0.10024154931306839,0.9969969987869263,0.8948948979377747
YBR067C,YIL035C,0,-0.06813356,0.10022641718387604,0.9969969987869263,0.8950450420379639
YJL166W,YLR300W,0,-0.06854823,0.10021129250526428,0.9969969987869263,0.8951951861381531
YGL209W,YLR024C,0,-0.06915304,0.10019616782665253,0.9969969987869263,0.8953453302383423
YOL082W,YPL113C,0,-0.06997241,0.10018105059862137,0.9969969987869263,0.8954954743385315
YPR035W,YHR039C-A,0,-0.070010915,0.1001659408211708,0.9969969987869263,0.8956456184387207
YNL131W,YEL029C,0,-0.07336703,0.10015083104372025,0.9969969987869263,0.8957958221435547
YJL130C,YDR508C,0,-0.07339427,0.10013572871685028,0.9969969987869263,0.8959459662437439
YLR029C,YGR175C,0,-0.074199826,0.10012062638998032,0.9969969987869263,0.8960961103439331
YNL006W,YKL001C,0,-0.0744282,0.10010553151369095,0.9969969987869263,0.8962462544441223
YHL012W,YJL006C,0,-0.075192064,0.10009044408798218,0.9969969987869263,0.8963963985443115
YCR046C,YDR404C,0,-0.075599104,0.10007535666227341,0.9969969987869263,0.8965465426445007
YPL127C,YPR080W,0,-0.075820446,0.10006027668714523,0.9969969987869263,0.8966966867446899
YDR164C,YHR174W,0,-0.07638173,0.10004520416259766,0.9969969987869263,0.8968468308448792
YER154W,YCR057C,0,-0.077415794,0.10003013163805008,0.9969969987869263,0.8969969749450684
YMR097C,YPR043W,0,-0.0777795,0.1000150591135025,0.9969969987869263,0.8971471190452576
YGR112W,YNL238W,0,-0.07783833,0.10000000149011612,0.9969969987869263,0.8972973227500916
YOR126C,YPL087W,0,-0.07788882,0.09998494386672974,0.9969969987869263,0.8974474668502808
YKL020C,YCL025C,0,-0.07805826,0.09996988624334335,0.9969969987869263,0.89759761095047
YMR097C,YOL040C,0,-0.078358024,0.09995483607053757,0.9969969987869263,0.8977477550506592
YBR066C,YJL134W,0,-0.07851994,0.09993979334831238,0.9969969987869263,0.8978978991508484
YML051W,YIL133C,0,-0.07976201,0.09992475807666779,0.9969969987869263,0.8980480432510376
YDR034C,YLL008W,0,-0.08040115,0.0999097228050232,0.9969969987869263,0.8981981873512268
YLR359W,YCR046C,0,-0.08092296,0.0998946875333786,0.9969969987869263,0.898348331451416
YER168C,YMR136W,0,-0.080938995,0.0998796597123146,0.9969969987869263,0.8984984755516052
YLR440C,YLR251W,0,-0.080967546,0.09986463934183121,0.9969969987869263,0.8986486196517944
YKL205W,YER145C,0,-0.08106741,0.0998496264219284,0.9969969987869263,0.8987988233566284
YBR002C,YDL111C,0,-0.08123335,0.0998346135020256,0.9969969987869263,0.8989489674568176
YMR123W,YBR118W,0,-0.08176352,0.0998196005821228,0.9969969987869263,0.8990991115570068
YBR052C,YPR163C,0,-0.08182636,0.0998046025633812,0.9969969987869263,0.899249255657196
YDR233C,YPL223C,0,-0.08255246,0.09978959709405899,0.9969969987869263,0.8993993997573853
YOR219C,YMR246W,0,-0.08328614,0.09977460652589798,0.9969969987869263,0.8995495438575745
YDR371W,YCR052W,0,-0.0863255,0.09975961595773697,0.9969969987869263,0.8996996879577637
YNR031C,YMR304W,0,-0.08864325,0.09974463284015656,0.9969969987869263,0.8998498320579529
YLR380W,YJL082W,0,-0.08948745,0.09972964972257614,0.9969969987869263,0.8999999761581421
YDR172W,YJL134W,0,-0.09052342,0.09971467405557632,0.9969969987869263,0.9001501798629761
YDR530C,YNL192W,0,-0.091949016,0.09969969838857651,0.9969969987869263,0.9003003239631653
YJR151C,YMR295C,0,-0.09224138,0.09968473017215729,0.9969969987869263,0.9004504680633545
YDR167W,YMR250W,0,-0.09238967,0.09966976940631866,0.9969969987869263,0.9006006121635437
YLR270W,YPL098C,0,-0.09359005,0.09965480864048004,0.9969969987869263,0.9007507562637329
YDL061C,YER017C,0,-0.09363982,0.09963985532522202,0.9969969987869263,0.9009009003639221
YLR206W,YMR304W,0,-0.09411362,0.09962490946054459,0.9969969987869263,0.9010510444641113
YPR035W,YKL166C,0,-0.094141245,0.09960996359586716,0.9969969987869263,0.9012011885643005
YPL131W,YGL051W,0,-0.09522268,0.09959501773118973,0.9969969987869263,0.9013513326644897
YJR078W,YLR028C,0,-0.09563695,0.09958008676767349,0.9969969987869263,0.901501476764679
YOL062C,YPR163C,0,-0.09880066,0.09956515580415726,0.9969969987869263,0.9016516804695129
YML052W,YBL098W,0,-0.09939107,0.09955022484064102,0.9969969987869263,0.9018018245697021
YJL155C,YOR285W,0,-0.09943321,0.09953530132770538,0.9969969987869263,0.9019519686698914
YGR070W,YDR497C,0,-0.10123506,0.09952038526535034,0.9969969987869263,0.9021021127700806
YOL129W,YNR035C,0,-0.10209963,0.0995054692029953,0.9969969987869263,0.9022522568702698
YEL053C,YGR034W,0,-0.10309562,0.09949056059122086,0.9969969987869263,0.902402400970459
YOR099W,YNL335W,0,-0.103337854,0.09947565197944641,0.9969969987869263,0.9025525450706482
YDL208W,YFR052W,0,-0.104525805,0.09946075826883316,0.9969969987869263,0.9027026891708374
YCL043C,YJR130C,0,-0.10544214,0.09944585710763931,0.9969969987869263,0.9028528332710266
YOR168W,YDL070W,0,-0.1057795,0.09943097084760666,0.9969969987869263,0.9030029773712158
YDL084W,YMR250W,0,-0.107085854,0.09941607713699341,0.9969969987869263,0.9031531810760498
YBR282W,YLR270W,0,-0.10783455,0.09940119832754135,0.9969969987869263,0.903303325176239
YAL033W,YPL274W,0,-0.10998519,0.0993863195180893,0.9969969987869263,0.9034534692764282
YKL117W,YCL052C,0,-0.113595515,0.09937144815921783,0.9969969987869263,0.9036036133766174
YGR081C,YOR340C,0,-0.113731414,0.09935657680034637,0.9969969987869263,0.9037537574768066
YBR096W,YBL098W,0,-0.11386846,0.09934171289205551,0.9969969987869263,0.9039039015769958
YGR034W,YOL111C,0,-0.1151101,0.09932684898376465,0.9969969987869263,0.9040540456771851
YPR111W,YJR149W,0,-0.115674704,0.09931199252605438,0.9969969987869263,0.9042041897773743
YDR472W,YCR002C,0,-0.11621162,0.09929714351892471,0.9969969987869263,0.9043543338775635
YEL031W,YOL124C,0,-0.11655697,0.09928229451179504,0.9969969987869263,0.9045044779777527
YBR120C,YCL043C,0,-0.11679685,0.09926745295524597,0.9969969987869263,0.9046546816825867
YDR233C,YJL117W,0,-0.11828518,0.0992526188492775,0.9969969987869263,0.9048048257827759
YJL191W,YMR301C,0,-0.11868025,0.09923778474330902,0.9969969987869263,0.9049549698829651
YCL024W,YPR080W,0,-0.11981356,0.09922295063734055,0.9969969987869263,0.9051051139831543
YAL038W,YDL216C,0,-0.12098834,0.09920813143253326,0.9969969987869263,0.9052552580833435
YLR395C,YLR043C,0,-0.122110814,0.09919330477714539,0.9969969987869263,0.9054054021835327
YBR155W,YOR204W,0,-0.12262818,0.0991784930229187,0.9969969987869263,0.9055555462837219
YJR119C,YLR251W,0,-0.123206645,0.09916368126869202,0.9969969987869263,0.9057056903839111
YDR454C,YNR015W,0,-0.12391898,0.09914886951446533,0.9969969987869263,0.9058558344841003
YJR127C,YNR035C,0,-0.124836296,0.09913407266139984,0.9969969987869263,0.9060059785842896
YBR096W,YCR002C,0,-0.12517753,0.09911926835775375,0.9969969987869263,0.9061561822891235
YPR024W,YIL170W,0,-0.12832098,0.09910447895526886,0.9969969987869263,0.9063063263893127
YKL007W,YBR145W,0,-0.1288173,0.09908968955278397,0.9969969987869263,0.906456470489502
YPR113W,YKL117W,0,-0.12958369,0.09907490015029907,0.9969969987869263,0.9066066145896912
YMR087W,YIR039C,0,-0.13059254,0.09906012564897537,0.9969969987869263,0.9067567586898804
YLR447C,YKR066C,0,-0.13232717,0.09904534369707108,0.9969969987869263,0.9069069027900696
YDR494W,YLR325C,0,-0.13272679,0.09903057664632797,0.9969969987869263,0.9070570468902588
YJR078W,YJL005W,0,-0.13292888,0.09901580959558487,0.9969969987869263,0.907207190990448
YNL084C,YBL068W,0,-0.13427654,0.09900104254484177,0.9969969987869263,0.9073573350906372
YKR101W,YBR072W,0,-0.1388796,0.09898628294467926,0.9969969987869263,0.9075074791908264
YBR080C,YOL040C,0,-0.14098153,0.09897153079509735,0.9969969987869263,0.9076576828956604
YLR029C,YBR275C,0,-0.14111146,0.09895677864551544,0.9969969987869263,0.9078078269958496
YBR006W,YMR115W,0,-0.14163244,0.09894203394651413,0.9969969987869263,0.9079579710960388
YHR047C,YPR191W,0,-0.14185068,0.09892729669809341,0.9969969987869263,0.908108115196228
YLR425W,YJL149W,0,-0.14206776,0.0989125594496727,0.9969969987869263,0.9082582592964172
YOR317W,YMR240C,0,-0.14241157,0.09889782220125198,0.9969969987869263,0.9084084033966064
YMR304W,YGR027C,0,-0.14357027,0.09888309985399246,0.9969969987869263,0.9085585474967957
YMR300C,YML132W,0,-0.14389235,0.09886837750673294,0.9969969987869263,0.9087086915969849
YGL112C,YPL094C,0,-0.14537297,0.09885365515947342,0.9969969987869263,0.9088588356971741
YMR146C,YDR062W,0,-0.14624593,0.0988389402627945,0.9969969987869263,0.9090089797973633
YJR127C,YJL029C,0,-0.1463868,0.09882423281669617,0.9969969987869263,0.9091591835021973
YMR296C,YOR294W,0,-0.14650826,0.09880952537059784,0.9969969987869263,0.9093093276023865
YDR405W,YHR175W,0,-0.1472947,0.09879482537508011,0.9969969987869263,0.9094594717025757
YBL026W,YBL098W,0,-0.14766869,0.09878012537956238,0.9969969987869263,0.9096096158027649
YHR174W,YOR349W,0,-0.14895013,0.09876543283462524,0.9969969987869263,0.9097597599029541
YJL128C,YLR325C,0,-0.14929816,0.09875074028968811,0.9969969987869263,0.9099099040031433
YNR003C,YMR229C,0,-0.15026763,0.09873606264591217,0.9969969987869263,0.9100600481033325
YLL002W,YDR353W,0,-0.15096566,0.09872137755155563,0.9969969987869263,0.9102101922035217
YAR031W,YOL040C,0,-0.1509721,0.09870670735836029,0.9969969987869263,0.9103603363037109
YMR146C,YBR141C,0,-0.1537764,0.09869202971458435,0.9969969987869263,0.9105105400085449
YPR194C,YKL007W,0,-0.1541755,0.0986773669719696,0.9969969987869263,0.9106606841087341
YGL209W,YHR008C,0,-0.15555644,0.09866270422935486,0.9969969987869263,0.9108108282089233
YJR070C,YOR089C,0,-0.15583226,0.09864804893732071,0.9969969987869263,0.9109609723091125
YLR165C,YHL027W,0,-0.15703091,0.09863339364528656,0.9969969987869263,0.9111111164093018
YLL012W,YDL083C,0,-0.15745665,0.09861874580383301,0.9969969987869263,0.911261260509491
YDL021W,YLR160C,0,-0.15779507,0.09860409796237946,0.9969969987869263,0.9114114046096802
YKL124W,YJL082W,0,-0.1593695,0.0985894575715065,0.9969969987869263,0.9115615487098694
YHR012W,YGR012W,0,-0.15973549,0.09857482463121414,0.9969969987869263,0.9117116928100586
YIL042C,YIL048W,0,-0.16219884,0.09856019169092178,0.9969969987869263,0.9118618369102478
YHR047C,YKL166C,0,-0.16234675,0.09854556620121002,0.9969969987869263,0.9120120406150818
YOL142W,YIL076W,0,-0.16369146,0.09853094071149826,0.9969969987869263,0.912162184715271
YJL011C,YDR195W,0,-0.16428265,0.0985163226723671,0.9969969987869263,0.9123123288154602
YDL121C,YMR093W,0,-0.16441885,0.09850170463323593,0.9969969987869263,0.9124624729156494
YBR183W,YDR337W,0,-0.1645936,0.09848709404468536,0.9969969987869263,0.9126126170158386
YPR191W,YER052C,0,-0.1649855,0.0984724909067154,0.9969969987869263,0.9127627611160278
YIL108W,YMR008C,0,-0.16509907,0.09845788776874542,0.9969969987869263,0.912912905216217
YNL131W,YKL009W,0,-0.16588256,0.09844329208135605,0.9969969987869263,0.9130630493164062
YMR049C,YDL021W,0,-0.16761103,0.09842869639396667,0.9969969987869263,0.9132131934165955
YLR203C,YBL058W,0,-0.16761556,0.0984141081571579,0.9969969987869263,0.9133633375167847
YOR239W,YNL175C,0,-0.16790386,0.09839952737092972,0.9969969987869263,0.9135135412216187
YDR172W,YMR229C,0,-0.1689587,0.09838494658470154,0.9969969987869263,0.9136636853218079
YMR097C,YDR059C,0,-0.1708223,0.09837037324905396,0.9969969987869263,0.9138138294219971
YMR315W,YKL126W,0,-0.17100254,0.09835579991340637,0.9969969987869263,0.9139639735221863
YKR066C,YER190W,0,-0.17237686,0.09834123402833939,0.9969969987869263,0.9141141176223755
YJR127C,YOR168W,0,-0.17356515,0.0983266681432724,0.9969969987869263,0.9142642617225647
YPR035W,YPL065W,0,-0.1746688,0.09831210970878601,0.9969969987869263,0.9144144058227539
YAR027W,YGL030W,0,-0.17514184,0.09829755872488022,0.9969969987869263,0.9145645499229431
YOR353C,YJL082W,0,-0.17540658,0.09828300774097443,0.9969969987869263,0.9147146940231323
YML028W,YPR198W,0,-0.17549556,0.09826846420764923,0.9969969987869263,0.9148648381233215
YNL010W,YCR002C,0,-0.17631671,0.09825392067432404,0.9969969987869263,0.9150150418281555
YKL078W,YBR155W,0,-0.17979535,0.09823938459157944,0.9969969987869263,0.9151651859283447
YGR081C,YLR129W,0,-0.18016432,0.09822484850883484,0.9969969987869263,0.9153153300285339
YMR295C,YKL189W,0,-0.1802893,0.09821032732725143,0.9969969987869263,0.9154654741287231
YGR177C,YEL041W,0,-0.18088886,0.09819579869508743,0.9969969987869263,0.9156156182289124
YHR209W,YBR042C,0,-0.18136135,0.09818127751350403,0.9969969987869263,0.9157657623291016
YDL198C,YDR364C,0,-0.18230289,0.09816676378250122,0.9969969987869263,0.9159159064292908
YKL161C,YJL149W,0,-0.18236734,0.09815225750207901,0.9969969987869263,0.91606605052948
YGL209W,YGL225W,0,-0.18459243,0.0981377512216568,0.9969969987869263,0.9162161946296692
YJR070C,YMR240C,0,-0.18478887,0.09812324494123459,0.9969969987869263,0.9163663387298584
YAR031W,YLR325C,0,-0.18513772,0.09810874611139297,0.9969969987869263,0.9165165424346924
YLL041C,YHR164C,0,-0.1853561,0.09809425473213196,0.9969969987869263,0.9166666865348816
YLR228C,YDL022W,0,-0.18551065,0.09807976335287094,0.9969969987869263,0.9168168306350708
YEL037C,YBR072W,0,-0.18625428,0.09806527942419052,0.9969969987869263,0.91696697473526
YNL236W,YDR508C,0,-0.18786165,0.0980507954955101,0.9969969987869263,0.9171171188354492
YBR115C,YMR136W,0,-0.18853569,0.09803631901741028,0.9969969987869263,0.9172672629356384
YOL129W,YOR215C,0,-0.1885365,0.09802184998989105,0.9969969987869263,0.9174174070358276
YHR174W,YNL335W,0,-0.18920359,0.09800738096237183,0.9969969987869263,0.9175675511360168
YLL029W,YDL142C,0,-0.19022384,0.0979929193854332,0.9969969987869263,0.917717695236206
YDR229W,YLR348C,0,-0.19052812,0.09797845780849457,0.9969969987869263,0.9178678393363953
YJR078W,YOR353C,0,-0.19144644,0.09796400368213654,0.9969969987869263,0.9180180430412292
YPR024W,YBR066C,0,-0.19145352,0.0979495495557785,0.9969969987869263,0.9181681871414185
YPR198W,YML132W,0,-0.1921998,0.09793510288000107,0.9969969987869263,0.9183183312416077
YCL018W,YOR020C,0,-0.19235088,0.09792066365480423,0.9969969987869263,0.9184684753417969
YLR157C,YEL037C,0,-0.1926947,0.09790622442960739,0.9969969987869263,0.9186186194419861
YOL086C,YGL037C,0,-0.19274715,0.09789178520441055,0.9969969987869263,0.9187687635421753
YOL086C,YLR107W,0,-0.19326928,0.09787736088037491,0.9969969987869263,0.9189189076423645
YNL274C,YLR160C,0,-0.19379456,0.09786293655633926,0.9969969987869263,0.9190690517425537
YFL014W,YOR317W,0,-0.1939682,0.09784851223230362,0.9969969987869263,0.9192191958427429
YNL271C,YKL038W,0,-0.19433543,0.09783409535884857,0.9969969987869263,0.9193693399429321
YNL281W,YNL078W,0,-0.19462347,0.09781967848539352,0.9969969987869263,0.9195195436477661
YOR317W,YKL186C,0,-0.19509149,0.09780527651309967,0.9969969987869263,0.9196696877479553
YNL223W,YGL256W,0,-0.19793576,0.09779086709022522,0.9969969987869263,0.9198198318481445
YOR323C,YJR103W,0,-0.19845718,0.09777647256851196,0.9969969987869263,0.9199699759483337
YER055C,YCR014C,0,-0.19891074,0.09776207059621811,0.9969969987869263,0.920120120048523
YLR029C,YKL206C,0,-0.20050177,0.09774768352508545,0.9969969987869263,0.9202702641487122
YLR325C,YBR173C,0,-0.20130894,0.09773329645395279,0.9969969987869263,0.9204204082489014
YDR454C,YDL015C,0,-0.20161137,0.09771890938282013,0.9969969987869263,0.9205705523490906
YKL170W,YCL052C,0,-0.20237431,0.09770452976226807,0.9969969987869263,0.9207206964492798
YGL030W,YMR304W,0,-0.20244591,0.0976901575922966,0.9969969987869263,0.9208709001541138
YLL041C,YCR046C,0,-0.2025483,0.09767578542232513,0.9969969987869263,0.921021044254303
YAL060W,YDL225W,0,-0.20273677,0.09766142070293427,0.9969969987869263,0.9211711883544922
YOR310C,YEL031W,0,-0.203799,0.0976470559835434,0.9969969987869263,0.9213213324546814
YNL219C,YBR072W,0,-0.20384338,0.09763269871473312,0.9969969987869263,0.9214714765548706
YPL131W,YDR472W,0,-0.20692202,0.09761834889650345,0.9969969987869263,0.9216216206550598
YEL037C,YGR167W,0,-0.2083123,0.09760399907827377,0.9969969987869263,0.921771764755249
YLR425W,YAL038W,0,-0.20855924,0.0975896567106247,0.9969969987869263,0.9219219088554382
YOR239W,YPR160W,0,-0.20932466,0.09757531434297562,0.9969969987869263,0.9220720529556274
YPR026W,YJL213W,0,-0.20938012,0.09756097197532654,0.9969969987869263,0.9222221970558167
YNR017W,YGR155W,0,-0.20962435,0.09754664450883865,0.9969969987869263,0.9223724007606506
YBR196C,YMR077C,0,-0.2099106,0.09753231704235077,0.9969969987869263,0.9225225448608398
YJL166W,YDL061C,0,-0.21074092,0.09751798957586288,0.9969969987869263,0.922672688961029
YAL060W,YDR508C,0,-0.21079585,0.0975036695599556,0.9969969987869263,0.9228228330612183
YAL060W,YLL055W,0,-0.21250251,0.0974893569946289,0.9969969987869263,0.9229729771614075
YNL267W,YMR194W,0,-0.21273333,0.09747504442930222,0.9969969987869263,0.9231231212615967
YKL067W,YMR115W,0,-0.21296176,0.09746073931455612,0.9969969987869263,0.9232732653617859
YLR163C,YJR034W,0,-0.2137382,0.09744643419981003,0.9969969987869263,0.9234234094619751
YDR449C,YAR031W,0,-0.2160277,0.09743213653564453,0.9969969987869263,0.9235735535621643
YMR269W,YML080W,0,-0.21839032,0.09741783887147903,0.9969969987869263,0.9237236976623535
YKL093W,YIL108W,0,-0.22367013,0.09740354865789413,0.9969969987869263,0.9238739013671875
YJR127C,YGR143W,0,-0.22694525,0.09738926589488983,0.9969969987869263,0.9240240454673767
YKL130C,YDR353W,0,-0.22725764,0.09737498313188553,0.9969969987869263,0.9241741895675659
YGL050W,YJR133W,0,-0.22806433,0.09736070036888123,0.9969969987869263,0.9243243336677551
YDR492W,YBR026C,0,-0.22841153,0.09734643250703812,0.9969969987869263,0.9244744777679443
YGR081C,YMR194W,0,-0.2290152,0.09733215719461441,0.9969969987869263,0.9246246218681335
YOL111C,YMR193W,0,-0.22906795,0.0973178967833519,0.9969969987869263,0.9247747659683228
YNL153C,YOL062C,0,-0.23004198,0.09730363637208939,0.9969969987869263,0.924924910068512
YOR206W,YFL014W,0,-0.23041025,0.09728937596082687,0.9969969987869263,0.9250750541687012
YER154W,YPL196W,0,-0.23453656,0.09727512300014496,0.9969969987869263,0.9252251982688904
YDR371W,YCR012W,0,-0.23500675,0.09726087749004364,0.9969969987869263,0.9253754019737244
YMR049C,YLR325C,0,-0.2355335,0.09724663197994232,0.9969969987869263,0.9255255460739136
YDL022W,YFR019W,0,-0.2380772,0.0972323939204216,0.9969969987869263,0.9256756901741028
YBR196C,YPL002C,0,-0.23843613,0.09721815586090088,0.9969969987869263,0.925825834274292
YOR145C,YMR200W,0,-0.23888525,0.09720392525196075,0.9969969987869263,0.9259759783744812
YEL031W,YBR222C,0,-0.24091151,0.09718969464302063,0.9969969987869263,0.9261261224746704
YGL172W,YLR244C,0,-0.24194947,0.0971754714846611,0.9969969987869263,0.9262762665748596
YOR323C,YPR060C,0,-0.24219587,0.09716125577688217,0.9969969987869263,0.9264264106750488
YPL213W,YGR255C,0,-0.2435394,0.09714704006910324,0.9969969987869263,0.926576554775238
YDR378C,YOL040C,0,-0.2445051,0.09713282436132431,0.9969969987869263,0.9267266988754272
YHR029C,YFL048C,0,-0.24547198,0.09711861610412598,0.9969969987869263,0.9268769025802612
YLR264W,YGL203C,0,-0.24613634,0.09710441529750824,0.9969969987869263,0.9270270466804504
YGR169C,YDL083C,0,-0.24620432,0.0970902144908905,0.9969969987869263,0.9271771907806396
YLL045C,YBR074W,0,-0.2463176,0.09707602113485336,0.9969969987869263,0.9273273348808289
YOL086C,YNR035C,0,-0.24637157,0.09706183522939682,0.9969969987869263,0.9274774789810181
YDR453C,YMR160W,0,-0.24666771,0.09704764932394028,0.9969969987869263,0.9276276230812073
YOR106W,YDR492W,0,-0.25189427,0.09703346341848373,0.9969969987869263,0.9277777671813965
YDR414C,YBL076C,0,-0.2519329,0.09701928496360779,0.9969969987869263,0.9279279112815857
YPR191W,YBR115C,0,-0.25258443,0.09700511395931244,0.9969969987869263,0.9280780553817749
YLR157C,YBL098W,0,-0.2526686,0.09699094295501709,0.9969969987869263,0.9282281994819641
YLR029C,YKL117W,0,-0.25268576,0.09697677940130234,0.9969969987869263,0.9283784031867981
YLL041C,YPR035W,0,-0.25357708,0.09696261584758759,0.9969969987869263,0.9285285472869873
YLR270W,YGL148W,0,-0.25467274,0.09694845974445343,0.9969969987869263,0.9286786913871765
YKL180W,YKL124W,0,-0.25476232,0.09693430364131927,0.9969969987869263,0.9288288354873657
YLR157C,YLR309C,0,-0.25518027,0.09692015498876572,0.9969969987869263,0.9289789795875549
YBR145W,YFL013C,0,-0.25925362,0.09690601378679276,0.9969969987869263,0.9291291236877441
YOR243C,YHR039C-A,0,-0.2605636,0.0968918725848198,0.9969969987869263,0.9292792677879333
YNL267W,YGR155W,0,-0.2612894,0.09687773883342743,0.9969969987869263,0.9294294118881226
YGL172W,YOR377W,0,-0.26225838,0.09686360508203506,0.9969969987869263,0.9295795559883118
YJL079C,YNL006W,0,-0.26352718,0.0968494713306427,0.9969969987869263,0.929729700088501
YMR173W,YEL041W,0,-0.2635999,0.09683535248041153,0.9969969987869263,0.929879903793335
YDL070W,YGR027C,0,-0.26440725,0.09682123363018036,0.9969969987869263,0.9300300478935242
YPL273W,YML128C,0,-0.26623103,0.09680711477994919,0.9969969987869263,0.9301801919937134
YCL043C,YPL104W,0,-0.26729372,0.09679300338029861,0.9969969987869263,0.9303303360939026
YDR245W,YDL021W,0,-0.2687698,0.09677889198064804,0.9969969987869263,0.9304804801940918
YCR011C,YJL053W,0,-0.26926926,0.09676478803157806,0.9969969987869263,0.930630624294281
YDL078C,YJL213W,0,-0.2702228,0.09675069153308868,0.9969969987869263,0.9307807683944702
YHR047C,YDL171C,0,-0.27062222,0.0967365950345993,0.9969969987869263,0.9309309124946594
YLL040C,YPR160W,0,-0.2724639,0.09672250598669052,0.9969969987869263,0.9310810565948486
YEL052W,YPR043W,0,-0.27460933,0.09670841693878174,0.9969969987869263,0.9312312602996826
YDR512C,YJR070C,0,-0.27563384,0.09669433534145355,0.9969969987869263,0.9313814043998718
YGR282C,YBR187W,0,-0.2768261,0.09668025374412537,0.9969969987869263,0.931531548500061
YMR005W,YMR193W,0,-0.27699935,0.09666617959737778,0.9969969987869263,0.9316816926002502
YGR032W,YDR364C,0,-0.27715245,0.09665211290121078,0.9969969987869263,0.9318318367004395
YNL160W,YJL213W,0,-0.2776833,0.09663804620504379,0.9969969987869263,0.9319819808006287
YLR141W,YKL038W,0,-0.277847,0.0966239795088768,0.9969969987869263,0.9321321249008179
YPR191W,YLL055W,0,-0.27892587,0.0966099202632904,0.9969969987869263,0.9322822690010071
YDL217C,YBL092W,0,-0.2793537,0.0965958684682846,0.9969969987869263,0.9324324131011963
YLR029C,YDL197C,0,-0.27969137,0.09658181667327881,0.9969969987869263,0.9325825572013855
YGL200C,YMR301C,0,-0.28088787,0.09656777232885361,0.9969969987869263,0.9327327609062195
YFR013W,YBR072W,0,-0.2818788,0.0965537279844284,0.9969969987869263,0.9328829050064087
YLL041C,YAL029C,0,-0.28189024,0.0965396910905838,0.9969969987869263,0.9330330491065979
YML099C,YPR160W,0,-0.28388432,0.0965256541967392,0.9969969987869263,0.9331831932067871
YJL081C,YLR348C,0,-0.2840937,0.09651162475347519,0.9969969987869263,0.9333333373069763
YKL182W,YIR039C,0,-0.2854465,0.09649760276079178,0.9969969987869263,0.9334834814071655
YMR020W,YJL171C,0,-0.28559455,0.09648358076810837,0.9969969987869263,0.9336336255073547
YCR002C,YML132W,0,-0.28572187,0.09646956622600555,0.9969969987869263,0.933783769607544
YJR070C,YNL052W,0,-0.2873244,0.09645555168390274,0.9969969987869263,0.9339339137077332
YLR359W,YNR003C,0,-0.28739163,0.09644153714179993,0.9969969987869263,0.9340840578079224
YGR264C,YLR325C,0,-0.28899947,0.0964275375008583,0.9969969987869263,0.9342342615127563
YBR145W,YGR143W,0,-0.2910008,0.09641353040933609,0.9969969987869263,0.9343844056129456
YKL078W,YOR294W,0,-0.29311535,0.09639953821897507,0.9969969987869263,0.9345345497131348
YMR020W,YKR069W,0,-0.29485112,0.09638553857803345,0.9969969987869263,0.934684693813324
YHR132C,YNL274C,0,-0.30119827,0.09637155383825302,0.9969969987869263,0.9348348379135132
YMR180C,YLR300W,0,-0.30156294,0.0963575690984726,0.9969969987869263,0.9349849820137024
YOR147W,YML128C,0,-0.30521196,0.09634358435869217,0.9969969987869263,0.9351351261138916
YBR287W,YKL186C,0,-0.30656567,0.09632960706949234,0.9969969987869263,0.9352852702140808
YOR323C,YBR177C,0,-0.307583,0.09631563723087311,0.9969969987869263,0.93543541431427
YDL215C,YBR287W,0,-0.30850333,0.09630166739225388,0.9969969987869263,0.9355855584144592
YJR040W,YLR251W,0,-0.30889693,0.09628770500421524,0.9969969987869263,0.9357357621192932
YLR157C,YHR058C,0,-0.30893221,0.0962737426161766,0.9969969987869263,0.9358859062194824
YDR030C,YLR264W,0,-0.31069177,0.09625978767871857,0.9969969987869263,0.9360360503196716
YOL090W,YGL103W,0,-0.3115282,0.09624583274126053,0.9969969987869263,0.9361861944198608
YDL029W,YMR272C,0,-0.31170794,0.09623188525438309,0.9969969987869263,0.93633633852005
YDL024C,YOR285W,0,-0.31215197,0.09621793776750565,0.9969969987869263,0.9364864826202393
YJL172W,YOR275C,0,-0.31240168,0.0962039977312088,0.9969969987869263,0.9366366267204285
YDR304C,YGR084C,0,-0.31323162,0.09619006514549255,0.9969969987869263,0.9367867708206177
YNR021W,YKL172W,0,-0.31355718,0.0961761325597763,0.9969969987869263,0.9369369149208069
YNL008C,YER052C,0,-0.31367078,0.09616219997406006,0.9969969987869263,0.9370870590209961
YBR187W,YOR311C,0,-0.31505114,0.09614827483892441,0.9969969987869263,0.9372372627258301
YLR305C,YBL076C,0,-0.31569585,0.09613435715436935,0.9969969987869263,0.9373874068260193
YKL206C,YBR031W,0,-0.317497,0.0961204394698143,0.9969969987869263,0.9375375509262085
YPR144C,YBL028C,0,-0.31771436,0.09610652923583984,0.9969969987869263,0.9376876950263977
YGL209W,YKL096W-A,0,-0.31836736,0.09609261900186539,0.9969969987869263,0.9378378391265869
YOL086C,YBR282W,0,-0.3200559,0.09607871621847153,0.9969969987869263,0.9379879832267761
YMR089C,YMR308C,0,-0.32067713,0.09606481343507767,0.9969969987869263,0.9381381273269653
YHL034C,YMR143W,0,-0.32144806,0.0960509181022644,0.9969969987869263,0.9382882714271545
YER117W,YHR069C,0,-0.32218775,0.09603702276945114,0.9969969987869263,0.9384384155273438
YPR035W,YGL060W,0,-0.3225535,0.09602313488721848,0.9969969987869263,0.938588559627533
YOL082W,YKL217W,0,-0.32291242,0.0960092544555664,0.9969969987869263,0.9387387633323669
YJR070C,YBR120C,0,-0.3244785,0.09599537402391434,0.9969969987869263,0.9388889074325562
YMR300C,YKR026C,0,-0.32797948,0.09598150104284286,0.9969969987869263,0.9390390515327454
YDR449C,YGL148W,0,-0.32856593,0.09596762806177139,0.9969969987869263,0.9391891956329346
YLR244C,YLR380W,0,-0.33343562,0.09595375508069992,0.9969969987869263,0.9393393397331238
YJR082C,YBR031W,0,-0.33432934,0.09593988955020905,0.9969969987869263,0.939489483833313
YGR081C,YGR264C,0,-0.3345901,0.09592603147029877,0.9969969987869263,0.9396396279335022
YKR056W,YCR012W,0,-0.33535668,0.09591217339038849,0.9969969987869263,0.9397897720336914
YLL029W,YML132W,0,-0.33572355,0.09589832276105881,0.9969969987869263,0.9399399161338806
YDR233C,YIR039C,0,-0.33677617,0.09588447958230972,0.9969969987869263,0.9400901198387146
YLL045C,YLR165C,0,-0.33874092,0.09587062895298004,0.9969969987869263,0.9402402639389038
YPL163C,YFL045C,0,-0.33878094,0.09585679322481155,0.9969969987869263,0.940390408039093
YDR064W,YEL053C,0,-0.34466556,0.09584295749664307,0.9969969987869263,0.9405405521392822
YOR243C,YJL134W,0,-0.34485012,0.09582912176847458,0.9969969987869263,0.9406906962394714
YHR030C,YKL041W,0,-0.34545836,0.09581529349088669,0.9969969987869263,0.9408408403396606
YOR084W,YDR492W,0,-0.34554395,0.0958014726638794,0.9969969987869263,0.9409909844398499
YJL060W,YMR296C,0,-0.34822896,0.0957876518368721,0.9969969987869263,0.9411411285400391
YNL008C,YGR239C,0,-0.35127348,0.0957738384604454,0.9969969987869263,0.9412912726402283
YHR175W,YKL038W,0,-0.35178602,0.09576002508401871,0.9969969987869263,0.9414414167404175
YLR191W,YLR300W,0,-0.35224783,0.09574621170759201,0.9969969987869263,0.9415916204452515
YLR206W,YDR508C,0,-0.35230508,0.09573241323232651,0.9969969987869263,0.9417417645454407
YER150W,YBR182C,0,-0.3529939,0.09571860730648041,0.9969969987869263,0.9418919086456299
YEL012W,YLR164W,0,-0.3532587,0.0957048162817955,0.9969969987869263,0.9420420527458191
YNL261W,YPL131W,0,-0.3538869,0.0956910252571106,0.9969969987869263,0.9421921968460083
YLR401C,YPR190C,0,-0.35520527,0.09567723423242569,0.9969969987869263,0.9423423409461975
YJL011C,YFL014W,0,-0.356919,0.09566345065832138,0.9969969987869263,0.9424924850463867
YDR144C,YBL028C,0,-0.35774672,0.09564966708421707,0.9969969987869263,0.9426426291465759
YNL274C,YOR008C,0,-0.35890794,0.09563589096069336,0.9969969987869263,0.9427927732467651
YGR167W,YLR197W,0,-0.35975283,0.09562212228775024,0.9969969987869263,0.9429429173469543
YGR034W,YJL124C,0,-0.35983908,0.09560835361480713,0.9969969987869263,0.9430931210517883
YDR492W,YLR291C,0,-0.36021814,0.09559458494186401,0.9969969987869263,0.9432432651519775
YKL067W,YDR353W,0,-0.36182496,0.0955808237195015,0.9969969987869263,0.9433934092521667
YBR066C,YOR054C,0,-0.36240909,0.09556706994771957,0.9969969987869263,0.943543553352356
YGL050W,YNL302C,0,-0.3625349,0.09555331617593765,0.9969969987869263,0.9436936974525452
YOL112W,YPR160W,0,-0.36493802,0.09553956985473633,0.9969969987869263,0.9438438415527344
YPL274W,YDR353W,0,-0.36584523,0.095525823533535,0.9969969987869263,0.9439939856529236
YGR282C,YCL018W,0,-0.36602983,0.09551208466291428,0.9969969987869263,0.9441441297531128
YER103W,YNL084C,0,-0.36767107,0.09549834579229355,0.9969969987869263,0.944294273853302
YJR021C,YLR300W,0,-0.36840504,0.09548461437225342,0.9969969987869263,0.9444444179534912
YOR317W,YKL095W,0,-0.37158656,0.09547088295221329,0.9969969987869263,0.9445946216583252
YGR034W,YMR250W,0,-0.37464127,0.09545715898275375,0.9969969987869263,0.9447447657585144
YDR034C,YDR429C,0,-0.37564442,0.09544343501329422,0.9969969987869263,0.9448949098587036
YBR183W,YOR147W,0,-0.37624857,0.09542971849441528,0.9969969987869263,0.9450450539588928
YKL038W,YOR020C,0,-0.37649176,0.09541600942611694,0.9969969987869263,0.945195198059082
YOR054C,YMR176W,0,-0.37690687,0.0954023003578186,0.9969969987869263,0.9453453421592712
YHR060W,YOL040C,0,-0.3770824,0.09538859128952026,0.9969969987869263,0.9454954862594604
YBR150C,YFL057C,0,-0.37936285,0.09537488967180252,0.9969969987869263,0.9456456303596497
YLR264W,YER046W,0,-0.3795515,0.09536119550466537,0.9969969987869263,0.9457957744598389
YNL131W,YPR163C,0,-0.38170657,0.09534750133752823,0.9969969987869263,0.9459459185600281
YKL067W,YLR163C,0,-0.38218805,0.09533381462097168,0.9969969987869263,0.9460961222648621
YPR187W,YLR380W,0,-0.38305387,0.09532012790441513,0.9969969987869263,0.9462462663650513
YJR057W,YNR067C,0,-0.38486868,0.09530644118785858,0.9969969987869263,0.9463964104652405
YOR317W,YDL225W,0,-0.38503757,0.09529276937246323,0.9969969987869263,0.9465465545654297
YJL134W,YKL067W,0,-0.38521454,0.09527909010648727,0.9969969987869263,0.9466966986656189
YNR035C,YCR012W,0,-0.38564914,0.09526542574167252,0.9969969987869263,0.9468468427658081
YMR146C,YJR103W,0,-0.38821056,0.09525175392627716,0.9969969987869263,0.9469969868659973
YDL061C,YNL238W,0,-0.38839895,0.095238097012043,0.9969969987869263,0.9471471309661865
YML051W,YIL042C,0,-0.38865307,0.09522444009780884,0.9969969987869263,0.9472972750663757
YDR079W,YLR157C,0,-0.3902937,0.09521078318357468,0.9969969987869263,0.9474474191665649
YER154W,YKL094W,0,-0.39086795,0.09519713371992111,0.9969969987869263,0.9475976228713989
YGR180C,YMR180C,0,-0.3909931,0.09518348425626755,0.9969969987869263,0.9477477669715881
YBR187W,YPL129W,0,-0.39134067,0.09516984224319458,0.9969969987869263,0.9478979110717773
YAL022C,YGR155W,0,-0.39146158,0.09515620768070221,0.9969969987869263,0.9480480551719666
YKL093W,YMR304W,0,-0.3933608,0.09514257311820984,0.9969969987869263,0.9481981992721558
YER055C,YPR149W,0,-0.3935216,0.09512893855571747,0.9969969987869263,0.948348343372345
YBL089W,YGL030W,0,-0.39608696,0.0951153114438057,0.9969969987869263,0.9484984874725342
YEL037C,YMR250W,0,-0.39630446,0.09510169178247452,0.9969969987869263,0.9486486315727234
YML112W,YGR032W,0,-0.39769366,0.09508807212114334,0.9969969987869263,0.9487987756729126
YHR179W,YDL022W,0,-0.39964047,0.09507445245981216,0.9969969987869263,0.9489489197731018
YJL024C,YBR026C,0,-0.40027085,0.09506084769964218,0.9969969987869263,0.9490991234779358
YEL040W,YDR373W,0,-0.40126047,0.0950472354888916,0.9969969987869263,0.949249267578125
YJL172W,YCR046C,0,-0.401965,0.09503363072872162,0.9969969987869263,0.9493994116783142
YDR419W,YOR275C,0,-0.40388337,0.09502003341913223,0.9969969987869263,0.9495495557785034
YMR089C,YLR452C,0,-0.4051096,0.09500643610954285,0.9969969987869263,0.9496996998786926
YOR274W,YIR039C,0,-0.40565267,0.09499284625053406,0.9969969987869263,0.9498498439788818
YPR080W,YNL178W,0,-0.4091186,0.09497925639152527,0.9969969987869263,0.949999988079071
YBR002C,YOR310C,0,-0.41143665,0.09496567398309708,0.9969969987869263,0.9501501321792603
YBR223C,YGR032W,0,-0.41247877,0.09495209157466888,0.9969969987869263,0.9503002762794495
YGR085C,YOL054W,0,-0.41302454,0.09493851661682129,0.9969969987869263,0.9504504799842834
YLR029C,YHR008C,0,-0.4134543,0.09492494910955429,0.9969969987869263,0.9506006240844727
YBR066C,YML073C,0,-0.41563192,0.09491138160228729,0.9969969987869263,0.9507507681846619
YGL014W,YLR401C,0,-0.41669115,0.0948978140950203,0.9969969987869263,0.9509009122848511
YDL171C,YDL083C,0,-0.41820672,0.09488425403833389,0.9969969987869263,0.9510510563850403
YDR064W,YCR046C,0,-0.41842505,0.09487069398164749,0.9969969987869263,0.9512012004852295
YDR310C,YJL191W,0,-0.41846046,0.09485714137554169,0.9969969987869263,0.9513513445854187
YLL045C,YDR373W,0,-0.4196031,0.09484359622001648,0.9969969987869263,0.9515014886856079
YBR093C,YMR229C,0,-0.41982755,0.09483005106449127,0.9969969987869263,0.9516516327857971
YPR194C,YNR035C,0,-0.41991413,0.09481650590896606,0.9969969987869263,0.9518017768859863
YNR015W,YDL083C,0,-0.4204578,0.09480296820402145,0.9969969987869263,0.9519519805908203
YKL103C,YDR454C,0,-0.42063862,0.09478943794965744,0.9969969987869263,0.9521021246910095
YBR066C,YGR118W,0,-0.42103085,0.09477590769529343,0.9969969987869263,0.9522522687911987
YDL022W,YDR151C,0,-0.4224783,0.09476237744092941,0.9969969987869263,0.9524024128913879
YLR160C,YJR034W,0,-0.42394784,0.09474886208772659,0.9969969987869263,0.9525525569915771
YJL141C,YOR230W,0,-0.42504063,0.09473533928394318,0.9969969987869263,0.9527027010917664
YJL172W,YBR257W,0,-0.43083563,0.09472182393074036,0.9969969987869263,0.9528528451919556
YOL010W,YNL163C,0,-0.43316767,0.09470831602811813,0.9969969987869263,0.9530029892921448
YDL111C,YBR067C,0,-0.43370155,0.09469480812549591,0.9969969987869263,0.953153133392334
YLR295C,YGR034W,0,-0.4346776,0.09468130767345428,0.9969969987869263,0.9533032774925232
YNL153C,YJL191W,0,-0.43491176,0.09466780722141266,0.9969969987869263,0.9534534811973572
YBR182C,YJL141C,0,-0.4354197,0.09465431421995163,0.9969969987869263,0.9536036252975464
YPR182W,YMR093W,0,-0.43726185,0.0946408212184906,0.9969969987869263,0.9537537693977356
YML073C,YAL040C,0,-0.4374365,0.09462733566761017,0.9969969987869263,0.9539039134979248
YDR226W,YMR143W,0,-0.44104427,0.09461385011672974,0.9969969987869263,0.954054057598114
YAL060W,YMR246W,0,-0.446148,0.0946003720164299,0.9969969987869263,0.9542042016983032
YDL202W,YDR353W,0,-0.4494692,0.09458689391613007,0.9969969987869263,0.9543543457984924
YNL131W,YLR264W,0,-0.45262107,0.09457342326641083,0.9969969987869263,0.9545044898986816
YJR127C,YGR085C,0,-0.45326242,0.09455995261669159,0.9969969987869263,0.9546546339988708
YOR071C,YKL124W,0,-0.45492437,0.09454648941755295,0.9969969987869263,0.9548047780990601
YPR026W,YDR492W,0,-0.45506212,0.0945330262184143,0.9969969987869263,0.954954981803894
YGR081C,YDL148C,0,-0.45587245,0.09451957046985626,0.9969969987869263,0.9551051259040833
YFL014W,YNR015W,0,-0.45676222,0.09450612217187881,0.9969969987869263,0.9552552700042725
YLR043C,YKL053C-A,0,-0.45796445,0.09449267387390137,0.9969969987869263,0.9554054141044617
YOR317W,YFL045C,0,-0.46158388,0.09447922557592392,0.9969969987869263,0.9555555582046509
YJR078W,YNL131W,0,-0.46234795,0.09446578472852707,0.9969969987869263,0.9557057023048401
YBR067C,YOL111C,0,-0.4630899,0.09445234388113022,0.9969969987869263,0.9558558464050293
YAR027W,YLR348C,0,-0.46410117,0.09443891048431396,0.9969969987869263,0.9560059905052185
YLR208W,YPR190C,0,-0.46670327,0.09442548453807831,0.9969969987869263,0.9561561346054077
YHR174W,YJL081C,0,-0.47079703,0.09441205859184265,0.9969969987869263,0.9563062787055969
YGR081C,YLR291C,0,-0.4715719,0.094398632645607,0.9969969987869263,0.9564564824104309
YKR071C,YDR260C,1,-0.4718227,0.09452736377716064,0.9984984993934631,0.9564564824104309
YER103W,YHR002W,0,-0.47425666,0.09451393038034439,0.9984984993934631,0.9566066265106201
YJL034W,YDL217C,0,-0.4749258,0.09450049698352814,0.9984984993934631,0.9567567706108093
YFL048C,YMR250W,0,-0.47615668,0.09448707103729248,0.9984984993934631,0.9569069147109985
YPL127C,YKL085W,0,-0.47627696,0.09447364509105682,0.9984984993934631,0.9570570588111877
YJL066C,YPR002W,0,-0.47733918,0.09446022659540176,0.9984984993934631,0.957207202911377
YKL001C,YBR026C,0,-0.47868344,0.0944468080997467,0.9984984993934631,0.9573573470115662
YBR066C,YOL151W,0,-0.47875318,0.09443339705467224,0.9984984993934631,0.9575074911117554
YDL121C,YDR083W,0,-0.4841291,0.09441999346017838,0.9984984993934631,0.9576576352119446
YOR377W,YKL144C,0,-0.48501334,0.09440658986568451,0.9984984993934631,0.9578077793121338
YNL008C,YLR350W,0,-0.48829404,0.09439318627119064,0.9984984993934631,0.9579579830169678
YDL022W,YOR311C,0,-0.4907572,0.09437979012727737,0.9984984993934631,0.958108127117157
YKL217W,YHR209W,0,-0.49321583,0.0943663939833641,0.9984984993934631,0.9582582712173462
YMR146C,YBR257W,0,-0.49323925,0.09435300529003143,0.9984984993934631,0.9584084153175354
YJR078W,YPL078C,0,-0.49433503,0.09433962404727936,0.9984984993934631,0.9585585594177246
YDL107W,YLL045C,0,-0.49443933,0.09432624280452728,0.9984984993934631,0.9587087035179138
YBR066C,YNL267W,0,-0.49536678,0.09431286156177521,0.9984984993934631,0.958858847618103
YMR272C,YNL274C,0,-0.49637213,0.09429948776960373,0.9984984993934631,0.9590089917182922
YLR312W-A,YGL225W,0,-0.49642065,0.09428612142801285,0.9984984993934631,0.9591591358184814
YDL021W,YLR024C,0,-0.4966345,0.09427275508642197,0.9984984993934631,0.9593092799186707
YNL008C,YPL180W,0,-0.49759266,0.09425938874483109,0.9984984993934631,0.9594594836235046
YOL086C,YOL129W,0,-0.49779972,0.0942460298538208,0.9984984993934631,0.9596096277236938
YPL188W,YPR043W,0,-0.49911138,0.09423267841339111,0.9984984993934631,0.9597597718238831
YCR011C,YPL104W,0,-0.49985757,0.09421932697296143,0.9984984993934631,0.9599099159240723
YPL083C,YIL133C,0,-0.50273365,0.09420597553253174,0.9984984993934631,0.9600600600242615
YDL084W,YPL050C,0,-0.5046199,0.09419263154268265,0.9984984993934631,0.9602102041244507
YNR003C,YGR185C,0,-0.5057695,0.09417929500341415,0.9984984993934631,0.9603603482246399
YHR012W,YPR026W,0,-0.50874674,0.09416595846414566,0.9984984993934631,0.9605104923248291
YDL097C,YGR155W,0,-0.5094281,0.09415262937545776,0.9984984993934631,0.9606606364250183
YDR229W,YMR304W,0,-0.5095319,0.09413930028676987,0.9984984993934631,0.9608108401298523
YGR177C,YDL070W,0,-0.5166841,0.09412597119808197,0.9984984993934631,0.9609609842300415
YHR175W,YPR149W,0,-0.5194793,0.09411264955997467,0.9984984993934631,0.9611111283302307
YLR107W,YLR350W,0,-0.52259,0.09409933537244797,0.9984984993934631,0.9612612724304199
YPR043W,YLR251W,0,-0.52481526,0.09408602118492126,0.9984984993934631,0.9614114165306091
YGR081C,YPL083C,0,-0.5303819,0.09407271444797516,0.9984984993934631,0.9615615606307983
YOR232W,YMR272C,0,-0.53099835,0.09405940771102905,0.9984984993934631,0.9617117047309875
YJR083C,YIR039C,0,-0.5356737,0.09404610097408295,0.9984984993934631,0.9618618488311768
YKL009W,YOL093W,0,-0.53696114,0.09403280913829803,0.9984984993934631,0.962011992931366
YML051W,YDR353W,0,-0.5369618,0.09401950985193253,0.9984984993934631,0.9621621370315552
YPL240C,YPL096W,0,-0.54032904,0.09400621801614761,0.9984984993934631,0.9623123407363892
YNL160W,YPL252C,0,-0.54137594,0.0939929336309433,0.9984984993934631,0.9624624848365784
YNL052W,YMR136W,0,-0.5431467,0.09397964924573898,0.9984984993934631,0.9626126289367676
YGR145W,YOR294W,0,-0.5436483,0.09396637231111526,0.9984984993934631,0.9627627730369568
YGR180C,YLR157C,0,-0.5441456,0.09395309537649155,0.9984984993934631,0.962912917137146
YPR035W,YOL093W,0,-0.5450787,0.09393981844186783,0.9984984993934631,0.9630630612373352
YPR035W,YER154W,0,-0.54519206,0.0939265564084053,0.9984984993934631,0.9632132053375244
YDR263C,YMR136W,0,-0.547419,0.09391328692436218,0.9984984993934631,0.9633633494377136
YOL082W,YGR225W,0,-0.54769045,0.09390002489089966,0.9984984993934631,0.9635134935379028
YLR029C,YDR211W,0,-0.54860884,0.09388677030801773,0.9984984993934631,0.963663637638092
YOL124C,YNL302C,0,-0.5489892,0.0938735157251358,0.9984984993934631,0.963813841342926
YJL191W,YBL089W,0,-0.5517143,0.09386026859283447,0.9984984993934631,0.9639639854431152
YKR035W-A,YBR026C,0,-0.5520503,0.09384702146053314,0.9984984993934631,0.9641141295433044
YOR377W,YHR174W,0,-0.55540174,0.09383378177881241,0.9984984993934631,0.9642642736434937
YOR106W,YLR157C,0,-0.55590165,0.09382054209709167,0.9984984993934631,0.9644144177436829
YJL004C,YBR026C,0,-0.55694467,0.09380730986595154,0.9984984993934631,0.9645645618438721
YLL045C,YNL238W,0,-0.5573159,0.0937940776348114,0.9984984993934631,0.9647147059440613
YIR038C,YLR024C,0,-0.5590279,0.09378084540367126,0.9984984993934631,0.9648648500442505
YLR325C,YGL113W,0,-0.56216556,0.09376762807369232,0.9984984993934631,0.9650149941444397
YNL274C,YML128C,0,-0.56335145,0.09375440329313278,0.9984984993934631,0.9651651382446289
YGL014W,YGL256W,0,-0.56579745,0.09374119341373444,0.9984984993934631,0.9653153419494629
YER049W,YAR031W,0,-0.56602305,0.0937279760837555,0.9984984993934631,0.9654654860496521
YCL008C,YGR112W,0,-0.56864625,0.09371476620435715,0.9984984993934631,0.9656156301498413
YHR029C,YOR323C,0,-0.56898147,0.0937015637755394,0.9984984993934631,0.9657657742500305
YDL083C,YDR404C,0,-0.5689904,0.09368836134672165,0.9984984993934631,0.9659159183502197
YMR049C,YBR118W,0,-0.56931573,0.0936751663684845,0.9984984993934631,0.9660660624504089
YJR147W,YGR214W,0,-0.57058483,0.09366197139024734,0.9984984993934631,0.9662162065505981
YBR010W,YLR348C,0,-0.5708393,0.09364878386259079,0.9984984993934631,0.9663663506507874
YNL261W,YER052C,0,-0.57444334,0.09363559633493423,0.9984984993934631,0.9665164947509766
YMR090W,YOR285W,0,-0.57444626,0.09362241625785828,0.9984984993934631,0.9666666388511658
YNL008C,YDR151C,0,-0.5746376,0.09360923618078232,0.9984984993934631,0.9668168425559998
YAL033W,YOR310C,0,-0.5751794,0.09359605610370636,0.9984984993934631,0.966966986656189
YBR066C,YBR037C,0,-0.5763757,0.0935828909277916,0.9984984993934631,0.9671171307563782
YJL011C,YGL256W,0,-0.5779974,0.09356971830129623,0.9984984993934631,0.9672672748565674
YLR157C,YIR032C,0,-0.5785796,0.09355655312538147,0.9984984993934631,0.9674174189567566
YGL209W,YHR005C-A,0,-0.57867604,0.0935433954000473,0.9984984993934631,0.9675675630569458
YBR183W,YNL080C,0,-0.5806306,0.09353023767471313,0.9984984993934631,0.967717707157135
YCL057W,YKL053C-A,0,-0.58101165,0.09351708739995956,0.9984984993934631,0.9678678512573242
YLR129W,YBR155W,0,-0.581719,0.093503937125206,0.9984984993934631,0.9680179953575134
YPL087W,YOR020C,0,-0.5837828,0.09349079430103302,0.9984984993934631,0.9681681394577026
YMR276W,YLL055W,0,-0.5841438,0.09347765147686005,0.9984984993934631,0.9683183431625366
YNL153C,YLR160C,0,-0.58612674,0.09346450865268707,0.9984984993934631,0.9684684872627258
YOR099W,YHR008C,0,-0.5885292,0.09345138072967529,0.9984984993934631,0.968618631362915
YOL142W,YLR244C,0,-0.58870095,0.09343824535608292,0.9984984993934631,0.9687687754631042
YDR492W,YHR060W,0,-0.5889798,0.09342511743307114,0.9984984993934631,0.9689189195632935
YOR098C,YDR496C,0,-0.58922356,0.09341199696063995,0.9984984993934631,0.9690690636634827
YDR460W,YJR103W,0,-0.5953281,0.09339887648820877,0.9984984993934631,0.9692192077636719
YLR029C,YLL055W,0,-0.5984235,0.09338576346635818,0.9984984993934631,0.9693693518638611
YFL014W,YGL220W,0,-0.5994611,0.0933726504445076,0.9984984993934631,0.9695194959640503
YPR167C,YIR038C,0,-0.606672,0.09335953742265701,0.9984984993934631,0.9696696400642395
YJL011C,YOR297C,0,-0.6082302,0.09334643185138702,0.9984984993934631,0.9698198437690735
YKL165C,YJL082W,0,-0.60931486,0.09333333373069763,0.9984984993934631,0.9699699878692627
YGR282C,YJL066C,0,-0.61065274,0.09332023561000824,0.9984984993934631,0.9701201319694519
YER103W,YBR095C,0,-0.6156172,0.09330714493989944,0.9984984993934631,0.9702702760696411
YLR244C,YOR382W,0,-0.61914873,0.09329405426979065,0.9984984993934631,0.9704204201698303
YJR138W,YMR250W,0,-0.6193338,0.09328096359968185,0.9984984993934631,0.9705705642700195
YDL142C,YBR026C,0,-0.6206189,0.09326788038015366,0.9984984993934631,0.9707207083702087
YOR323C,YBR115C,0,-0.6210559,0.09325480461120605,0.9984984993934631,0.970870852470398
YGR095C,YBR093C,0,-0.62435216,0.09324172884225845,0.9984984993934631,0.9710209965705872
YAL038W,YOR232W,0,-0.62684464,0.09322865307331085,0.9984984993934631,0.9711712002754211
YMR093W,YLR359W,0,-0.62869483,0.09321558475494385,0.9984984993934631,0.9713213443756104
YJL172W,YOR382W,0,-0.63099974,0.09320252388715744,0.9984984993934631,0.9714714884757996
YLR447C,YKR056W,0,-0.63284796,0.09318946301937103,0.9984984993934631,0.9716216325759888
YDL078C,YFR052W,0,-0.6340555,0.09317640215158463,0.9984984993934631,0.971771776676178
YGL050W,YGL030W,0,-0.63543564,0.09316334873437881,0.9984984993934631,0.9719219207763672
YMR061W,YMR186W,0,-0.64289105,0.0931503027677536,0.9984984993934631,0.9720720648765564
YNL231C,YBR093C,0,-0.64498156,0.09313725680112839,0.9984984993934631,0.9722222089767456
YDL202W,YML073C,0,-0.6502269,0.09312421083450317,0.9984984993934631,0.9723723530769348
YPL240C,YJR101W,0,-0.6573989,0.09311117231845856,0.9984984993934631,0.972522497177124
YLL041C,YOL111C,0,-0.6580089,0.09309814125299454,0.9984984993934631,0.972672700881958
YIL002C,YDL022W,0,-0.65994835,0.09308510273694992,0.9984984993934631,0.9728228449821472
YGR145W,YOR279C,0,-0.6608935,0.0930720791220665,0.9984984993934631,0.9729729890823364
YOR206W,YKL172W,0,-0.66170913,0.09305905550718307,0.9984984993934631,0.9731231331825256
YDR064W,YOL102C,0,-0.66368675,0.09304603189229965,0.9984984993934631,0.9732732772827148
YDR059C,YPR080W,0,-0.6651665,0.09303301572799683,0.9984984993934631,0.973423421382904
YLR197W,YKL180W,0,-0.6663305,0.093019999563694,0.9984984993934631,0.9735735654830933
YAR027W,YBR287W,0,-0.6675802,0.09300699084997177,0.9984984993934631,0.9737237095832825
YLR029C,YDL021W,0,-0.6717751,0.09299398958683014,0.9984984993934631,0.9738738536834717
YNL178W,YJL024C,0,-0.6718058,0.09298098087310791,0.9984984993934631,0.9740239977836609
YDR492W,YNL052W,0,-0.67254454,0.09296798706054688,0.9984984993934631,0.9741742014884949
YHR175W,YNL284C,0,-0.6768317,0.09295499324798584,0.9984984993934631,0.9743243455886841
YLR264W,YKL085W,0,-0.6789812,0.0929419994354248,0.9984984993934631,0.9744744896888733
YPR187W,YFR001W,0,-0.6820004,0.09292901307344437,0.9984984993934631,0.9746246337890625
YPR163C,YGR027C,0,-0.68464303,0.09291602671146393,0.9984984993934631,0.9747747778892517
YOR084W,YEL031W,0,-0.68552417,0.09290304780006409,0.9984984993934631,0.9749249219894409
YMR250W,YGL019W,0,-0.6858106,0.09289006888866425,0.9984984993934631,0.9750750660896301
YER103W,YMR200W,0,-0.6863403,0.092877097427845,0.9984984993934631,0.9752252101898193
YER165W,YJR063W,0,-0.6868551,0.09286412596702576,0.9984984993934631,0.9753753542900085
YNL160W,YOR176W,0,-0.68702704,0.09285116195678711,0.9984984993934631,0.9755254983901978
YOR317W,YPR002W,0,-0.6884486,0.09283819794654846,0.9984984993934631,0.9756757020950317
YNL274C,YGR214W,0,-0.689568,0.09282523393630981,0.9984984993934631,0.975825846195221
YLR244C,YEL037C,0,-0.6931724,0.09281228482723236,0.9984984993934631,0.9759759902954102
YLR157C,YOR377W,0,-0.6948386,0.09279932826757431,0.9984984993934631,0.9761261343955994
YOL082W,YLR028C,0,-0.697645,0.09278637915849686,0.9984984993934631,0.9762762784957886
YNL160W,YAL017W,0,-0.69892156,0.0927734375,0.9984984993934631,0.9764264225959778
YPR191W,YKL203C,0,-0.69905704,0.09276049584150314,0.9984984993934631,0.976576566696167
YGR081C,YFL014W,0,-0.69956404,0.09274756163358688,0.9984984993934631,0.9767267107963562
YMR319C,YIR038C,0,-0.7037095,0.09273462742567062,0.9984984993934631,0.9768768548965454
YFL014W,YJR032W,0,-0.70693386,0.09272169321775436,0.9984984993934631,0.9770269989967346
YKL009W,YPL129W,0,-0.71349484,0.0927087664604187,0.9984984993934631,0.9771772027015686
YMR093W,YBL076C,0,-0.7169587,0.09269584715366364,0.9984984993934631,0.9773273468017578
YLL008W,YJR133W,0,-0.71722275,0.09268292784690857,0.9984984993934631,0.977477490901947
YFR021W,YFL021W,0,-0.7253073,0.0926700085401535,0.9984984993934631,0.9776276350021362
YGL169W,YJL192C,0,-0.7256418,0.09265709668397903,0.9984984993934631,0.9777777791023254
YDR492W,YOL124C,0,-0.7276576,0.09264419227838516,0.9984984993934631,0.9779279232025146
YLR447C,YLL041C,0,-0.7283592,0.09263128787279129,0.9984984993934631,0.9780780673027039
YPL252C,YKL015W,0,-0.7320144,0.09261838346719742,0.9984984993934631,0.9782282114028931
YMR146C,YOR145C,0,-0.7325677,0.09260548651218414,0.9984984993934631,0.9783783555030823
YPR190C,YDL208W,0,-0.73275894,0.09259258955717087,0.9984984993934631,0.9785284996032715
YLR203C,YIL135C,0,-0.73559576,0.09257970005273819,0.9984984993934631,0.9786787033081055
YLL008W,YLL034C,0,-0.7356584,0.09256681799888611,0.9984984993934631,0.9788288474082947
YGR238C,YML056C,0,-0.73635346,0.09255392849445343,0.9984984993934631,0.9789789915084839
YLR157C,YOL151W,0,-0.7374946,0.09254105389118195,0.9984984993934631,0.9791291356086731
YDL022W,YOL062C,0,-0.73874825,0.09252817928791046,0.9984984993934631,0.9792792797088623
YOL124C,YKR026C,0,-0.7479935,0.09251530468463898,0.9984984993934631,0.9794294238090515
YMR250W,YLR151C,0,-0.7494207,0.09250243753194809,0.9984984993934631,0.9795795679092407
YER103W,YAR031W,0,-0.7499669,0.0924895703792572,0.9984984993934631,0.9797297120094299
YDL197C,YMR136W,0,-0.7509324,0.09247671067714691,0.9984984993934631,0.9798798561096191
YML051W,YBR031W,0,-0.7513004,0.09246385097503662,0.9984984993934631,0.9800300598144531
YGL180W,YBR072W,0,-0.75135356,0.09245099127292633,0.9984984993934631,0.9801802039146423
YGR285C,YGR155W,0,-0.7548989,0.09243814647197723,0.9984984993934631,0.9803303480148315
YNL153C,YGR085C,0,-0.7574975,0.09242529422044754,0.9984984993934631,0.9804804921150208
YLR344W,YPR160W,0,-0.7595995,0.09241244941949844,0.9984984993934631,0.98063063621521
YKL009W,YDL171C,0,-0.7633517,0.09239961206912994,0.9984984993934631,0.9807807803153992
YOR317W,YGR112W,0,-0.76354134,0.09238677471876144,0.9984984993934631,0.9809309244155884
YKL038W,YLR325C,0,-0.76522416,0.09237393736839294,0.9984984993934631,0.9810810685157776
YPR026W,YOL108C,0,-0.76712084,0.09236110746860504,0.9984984993934631,0.9812312126159668
YGR177C,YNL006W,0,-0.76833576,0.09234828501939774,0.9984984993934631,0.981381356716156
YLR395C,YML073C,0,-0.7687747,0.09233546257019043,0.9984984993934631,0.98153156042099
YER151C,YLR348C,0,-0.7708801,0.09232264012098312,0.9984984993934631,0.9816817045211792
YDL171C,YNL238W,0,-0.77641755,0.09230982512235641,0.9984984993934631,0.9818318486213684
YLL041C,YPL196W,0,-0.7767368,0.0922970175743103,0.9984984993934631,0.9819819927215576
YMR250W,YOL101C,0,-0.77965283,0.09228421002626419,0.9984984993934631,0.9821321368217468
YFL014W,YGR271W,0,-0.7813291,0.09227140247821808,0.9984984993934631,0.982282280921936
YGL236C,YER165W,0,-0.7825913,0.09225860238075256,0.9984984993934631,0.9824324250221252
YJL060W,YNL284C,0,-0.7864354,0.09224580228328705,0.9984984993934631,0.9825825691223145
YOL052C,YDL083C,0,-0.79228324,0.09223300963640213,0.9984984993934631,0.9827327132225037
YJR036C,YAR027W,0,-0.794201,0.09222021698951721,0.9984984993934631,0.9828828573226929
YJL034W,YDR083W,0,-0.7949006,0.09220743179321289,0.9984984993934631,0.9830330610275269
YBR247C,YKR026C,0,-0.8,0.09219464659690857,0.9984984993934631,0.9831832051277161
YJL172W,YKL175W,0,-0.80136174,0.09218186885118484,0.9984984993934631,0.9833333492279053
YKR071C,YIR011C,1,-0.8020844,0.0923076942563057,1.0,0.9833333492279053
YDL208W,YLR325C,0,-0.80346143,0.09229490160942078,1.0,0.9834834933280945
YLR080W,YBR026C,0,-0.8044465,0.09228210896253586,1.0,0.9836336374282837
YLL045C,YNR015W,0,-0.80522203,0.09226932376623154,1.0,0.9837837815284729
YAL060W,YDR059C,0,-0.80671734,0.09225654602050781,1.0,0.9839339256286621
YOR148C,YDL021W,0,-0.80952245,0.09224376827478409,1.0,0.9840840697288513
YGL256W,YGR222W,0,-0.80966383,0.09223099052906036,1.0,0.9842342138290405
YDR064W,YGL113W,0,-0.8117886,0.09221822023391724,1.0,0.9843843579292297
YLR219W,YCR011C,0,-0.81401134,0.0922054573893547,1.0,0.9845345616340637
YPL131W,YER074W,0,-0.81704885,0.09219269454479218,1.0,0.9846847057342529
YOL038W,YAR027W,0,-0.8195378,0.09217993170022964,1.0,0.9848348498344421
YBR066C,YLR404W,0,-0.829421,0.09216717630624771,1.0,0.9849849939346313
YLR029C,YDR226W,0,-0.8301666,0.09215442091226578,1.0,0.9851351380348206
YJL066C,YLR005W,0,-0.83245426,0.09214167296886444,1.0,0.9852852821350098
YIL140W,YML128C,0,-0.8358044,0.0921289250254631,1.0,0.985435426235199
YPR026W,YOR089C,0,-0.8373228,0.09211618453264236,1.0,0.9855855703353882
YKR026C,YKL172W,0,-0.8406522,0.09210344403982162,1.0,0.9857357144355774
YER103W,YJL141C,0,-0.8413816,0.09209071099758148,1.0,0.9858858585357666
YKL038W,YER074W,0,-0.84310347,0.09207797795534134,1.0,0.9860360622406006
YPL094C,YBL068W,0,-0.8445024,0.0920652449131012,1.0,0.9861862063407898
YCR093W,YPR080W,0,-0.84474164,0.09205251932144165,1.0,0.986336350440979
YJL172W,YGR175C,0,-0.84559923,0.0920398011803627,1.0,0.9864864945411682
YCL036W,YOR294W,0,-0.85183984,0.09202708303928375,1.0,0.9866366386413574
YOL151W,YML132W,0,-0.8536454,0.0920143648982048,1.0,0.9867867827415466
YPR191W,YGL103W,0,-0.8579558,0.09200165420770645,1.0,0.9869369268417358
YDR082W,YML128C,0,-0.86118394,0.0919889509677887,1.0,0.987087070941925
YER103W,YMR319C,0,-0.86531687,0.09197624772787094,1.0,0.9872372150421143
YGL209W,YPR163C,0,-0.8683713,0.09196354448795319,1.0,0.9873873591423035
YBR155W,YJL191W,0,-0.883799,0.09195084869861603,1.0,0.9875375628471375
YJL066C,YPL027W,0,-0.88497823,0.09193815290927887,1.0,0.9876877069473267
YGR177C,YKL038W,0,-0.8880833,0.09192546457052231,1.0,0.9878378510475159
YPR191W,YGL256W,0,-0.89208174,0.09191277623176575,1.0,0.9879879951477051
YOL142W,YBR061C,0,-0.8942069,0.09190009534358978,1.0,0.9881381392478943
YNL231C,YDL083C,0,-0.89603037,0.09188741445541382,1.0,0.9882882833480835
YIL079C,YGL030W,0,-0.8970032,0.09187474101781845,1.0,0.9884384274482727
YPR167C,YDL021W,0,-0.8988565,0.09186206758022308,1.0,0.9885885715484619
YAL060W,YER154W,0,-0.8994076,0.09184940159320831,1.0,0.9887387156486511
YPL183W-A,YMR304W,0,-0.9001199,0.09183673560619354,1.0,0.9888888597488403
YDR064W,YLR165C,0,-0.9026137,0.09182406961917877,1.0,0.9890390634536743
YLR264W,YJR101W,0,-0.9063844,0.0918114110827446,1.0,0.9891892075538635
YAR027W,YMR250W,0,-0.9132464,0.09179875999689102,1.0,0.9893393516540527
YDR492W,YHR039C-A,0,-0.9179562,0.09178610891103745,1.0,0.9894894957542419
YNL160W,YGR052W,0,-0.919095,0.09177345782518387,1.0,0.9896396398544312
YKL103C,YMR136W,0,-0.9305267,0.09176081418991089,1.0,0.9897897839546204
YBR196C,YLL055W,0,-0.9320368,0.0917481780052185,1.0,0.9899399280548096
YBL026W,YGL030W,0,-0.93286574,0.09173553436994553,1.0,0.9900900721549988
YLL008W,YMR143W,0,-0.93302965,0.09172290563583374,1.0,0.990240216255188
YHR209W,YMR200W,0,-0.93471295,0.09171026945114136,1.0,0.990390419960022
YMR093W,YGR214W,0,-0.9357488,0.09169764816761017,1.0,0.9905405640602112
YGL037C,YLL040C,0,-0.950777,0.09168501943349838,1.0,0.9906907081604004
YBR183W,YMR200W,0,-0.9546419,0.09167240560054779,1.0,0.9908408522605896
YKL210W,YBR072W,0,-0.96487254,0.0916597843170166,1.0,0.9909909963607788
YPL064C,YBR072W,0,-0.9671809,0.09164717048406601,1.0,0.991141140460968
YOR297C,YBR067C,0,-0.9693367,0.09163456410169601,1.0,0.9912912845611572
YDR083W,YBR271W,0,-0.9696086,0.09162195771932602,1.0,0.9914414286613464
YGR077C,YOR230W,0,-0.9709807,0.09160935133695602,1.0,0.9915915727615356
YLR029C,YGR020C,0,-0.9755519,0.09159675240516663,1.0,0.9917417168617249
YAL060W,YDR494W,0,-0.978677,0.09158416092395782,1.0,0.9918919205665588
YAL033W,YDR496C,0,-0.97905666,0.09157156944274902,1.0,0.992042064666748
YOL082W,YMR090W,0,-0.98112434,0.09155897796154022,1.0,0.9921922087669373
YOL082W,YDR337W,0,-0.98274034,0.09154639393091202,1.0,0.9923423528671265
YEL056W,YBR072W,0,-0.9845889,0.09153380990028381,1.0,0.9924924969673157
YLL045C,YJR101W,0,-0.99950355,0.0915212333202362,1.0,0.9926426410675049
YPL119C,YBR072W,0,-1.0039964,0.0915086567401886,1.0,0.9927927851676941
YAL060W,YPL110C,0,-1.0072304,0.09149608761072159,1.0,0.9929429292678833
YLR157C,YJL166W,0,-1.0371959,0.09148351848125458,1.0,0.9930930733680725
YPL134C,YPL087W,0,-1.0394665,0.09147094935178757,1.0,0.9932432174682617
YHR030C,YPL196W,0,-1.0438151,0.09145838767290115,1.0,0.9933934211730957
YOL082W,YOL026C,0,-1.0442357,0.09144583344459534,1.0,0.9935435652732849
YMR173W,YLL027W,0,-1.057515,0.09143327921628952,1.0,0.9936937093734741
YIR038C,YIL048W,0,-1.0616995,0.0914207249879837,1.0,0.9938438534736633
YLL019C,YAL017W,0,-1.0726889,0.09140817821025848,1.0,0.9939939975738525
YOR206W,YOR287C,0,-1.1014218,0.09139563888311386,1.0,0.9941441416740417
YNL102W,YOR297C,0,-1.1033714,0.09138309210538864,1.0,0.994294285774231
YJL172W,YBR173C,0,-1.1045518,0.09137056022882462,1.0,0.9944444298744202
YDR144C,YER165W,0,-1.1075268,0.09135802835226059,1.0,0.9945945739746094
YDL061C,YLR348C,0,-1.1143699,0.09134549647569656,1.0,0.9947447180747986
YIL088C,YKR066C,0,-1.1189823,0.09133296459913254,1.0,0.9948949217796326
YHR066W,YDR496C,0,-1.1194339,0.0913204476237297,1.0,0.9950450658798218
YOL038W,YPL240C,0,-1.121636,0.09130792319774628,1.0,0.995195209980011
YGL237C,YMR250W,0,-1.1314566,0.09129540622234344,1.0,0.9953453540802002
YER165W,YDL208W,0,-1.1546543,0.09128289669752121,1.0,0.9954954981803894
YJR070C,YDR083W,0,-1.1810789,0.09127038717269897,1.0,0.9956456422805786
YKL007W,YHR008C,0,-1.2241396,0.09125787764787674,1.0,0.9957957863807678
YMR250W,YCR046C,0,-1.224272,0.0912453755736351,1.0,0.995945930480957
YOL082W,YJL053W,0,-1.2320398,0.09123287349939346,1.0,0.9960960745811462
YBR170C,YLR251W,0,-1.2356908,0.09122037887573242,1.0,0.9962462186813354
YDL021W,YGL163C,0,-1.2432165,0.09120789170265198,1.0,0.9963964223861694
YOR287C,YNL110C,0,-1.2515985,0.09119539707899094,1.0,0.9965465664863586
YNL160W,YMR272C,0,-1.2549525,0.09118290990591049,1.0,0.9966967105865479
YBR247C,YLL008W,0,-1.2676197,0.09117043018341064,1.0,0.9968468546867371
YPL240C,YCL043C,0,-1.2696848,0.0911579504609108,1.0,0.9969969987869263
YNR017W,YPR190C,0,-1.2857097,0.09114547818899155,1.0,0.9971471428871155
YGL209W,YKR006C,0,-1.2994165,0.0911330059170723,1.0,0.9972972869873047
YHR030C,YMR136W,0,-1.3076358,0.09112053364515305,1.0,0.9974474310874939
YDR064W,YJL191W,0,-1.3087497,0.09110806882381439,1.0,0.9975975751876831
YOR176W,YML132W,0,-1.3236324,0.09109561145305634,1.0,0.9977477192878723
YER103W,YGL037C,0,-1.3277311,0.09108315408229828,1.0,0.9978979229927063
YFL014W,YKL074C,0,-1.3403959,0.09107069671154022,1.0,0.9980480670928955
YKL103C,YNL160W,0,-1.3516251,0.09105824679136276,1.0,0.9981982111930847
YMR093W,YDL055C,0,-1.3760637,0.0910457968711853,1.0,0.9983483552932739
YAR027W,YNR002C,0,-1.3799281,0.09103335440158844,1.0,0.9984984993934631
YOR230W,YML128C,0,-1.3892837,0.09102091193199158,1.0,0.9986486434936523
YML056C,YBL092W,0,-1.4330668,0.09100846946239471,1.0,0.9987987875938416
YOL082W,YKR002W,0,-1.5502701,0.09099603444337845,1.0,0.9989489316940308
YGR167W,YDL021W,0,-1.5734131,0.09098360687494278,1.0,0.99909907579422
YPR159W,YML128C,0,-1.5962945,0.09097117930650711,1.0,0.9992492198944092
YGL037C,YHL027W,0,-1.6767068,0.09095875173807144,1.0,0.9993994235992432
YOL082W,YMR250W,0,-1.7860465,0.09094633162021637,1.0,0.9995495676994324
YCL043C,YDL021W,0,-1.8038445,0.0909339189529419,1.0,0.9996997117996216
YOL129W,YMR250W,0,-1.8352332,0.09092149883508682,1.0,0.9998498558998108
YDL021W,YHR008C,0,-2.050852,0.09090909361839294,1.0,1.0
