Gene A,Gene B,Label,Score,Precision,Recall,False Positive Rate
YDR479C,YLR221C,0,5.30822,0.0,0.0,9.999999747378752e-05
YOL067C,YLR381W,0,5.181862,0.0,0.0,0.00019999999494757503
YOL067C,YLR318W,0,5.060067,0.0,0.0,0.0003000000142492354
YML060W,YOR386W,1,5.036668,0.25,0.0010000000474974513,0.0003000000142492354
YOL072W,YPL153C,1,5.001279,0.4000000059604645,0.0020000000949949026,0.0003000000142492354
YER095W,YKL017C,1,4.983164,0.5,0.003000000026077032,0.0003000000142492354
YCR092C,YOR244W,1,4.9497375,0.5714285969734192,0.004000000189989805,0.0003000000142492354
YLR396C,YNL210W,0,4.9006634,0.5,0.004000000189989805,0.00039999998989515007
YDR288W,YCR092C,1,4.862773,0.5555555820465088,0.004999999888241291,0.00039999998989515007
YLR266C,YKR062W,0,4.853158,0.5,0.004999999888241291,0.0005000000237487257
YOL056W,YPL033C,0,4.846072,0.4545454680919647,0.004999999888241291,0.0006000000284984708
YNL039W,YDR436W,0,4.833208,0.4166666567325592,0.004999999888241291,0.000699999975040555
YMR201C,YPL153C,1,4.832382,0.4615384638309479,0.006000000052154064,0.000699999975040555
YKL017C,YPL153C,1,4.8258533,0.5,0.007000000216066837,0.000699999975040555
YDR288W,YPL153C,1,4.8256674,0.5333333611488342,0.00800000037997961,0.000699999975040555
YJR110W,YDR279W,0,4.7899284,0.5,0.00800000037997961,0.0007999999797903001
YCL061C,YLR207W,0,4.7657385,0.47058823704719543,0.00800000037997961,0.0008999999845400453
YDR270W,YNL039W,0,4.750498,0.4444444477558136,0.00800000037997961,0.0010000000474974513
YDL210W,YBL021C,0,4.7269955,0.42105263471603394,0.00800000037997961,0.0010999999940395355
YER173W,YCR092C,1,4.7075815,0.44999998807907104,0.008999999612569809,0.0010999999940395355
YBR240C,YNR070W,0,4.7074804,0.4285714328289032,0.008999999612569809,0.0012000000569969416
YNL210W,YGR223C,0,4.701747,0.40909090638160706,0.008999999612569809,0.0013000000035390258
YGR002C,YCR092C,1,4.7009554,0.43478259444236755,0.009999999776482582,0.0013000000035390258
YLR221C,YGR194C,0,4.6868515,0.4166666567325592,0.009999999776482582,0.00139999995008111
YLR127C,YDR436W,0,4.6471615,0.4000000059604645,0.009999999776482582,0.001500000013038516
YMR198W,YML115C,0,4.641671,0.38461539149284363,0.009999999776482582,0.0015999999595806003
YDR479C,YLR238W,0,4.6283712,0.37037035822868347,0.009999999776482582,0.0017000000225380063
YOR257W,YBL022C,0,4.624998,0.3571428656578064,0.009999999776482582,0.0017999999690800905
YNR008W,YER180C,0,4.617201,0.3448275923728943,0.009999999776482582,0.0019000000320374966
YPL144W,YGR223C,0,4.610281,0.3333333432674408,0.009999999776482582,0.0020000000949949026
YMR201C,YAR007C,1,4.5862017,0.35483869910240173,0.010999999940395355,0.0020000000949949026
YLR266C,YDR478W,0,4.575656,0.34375,0.010999999940395355,0.002099999925121665
YDR270W,YLR015W,0,4.562896,0.3333333432674408,0.010999999940395355,0.002199999988079071
YBL060W,YLR306W,0,4.5580244,0.3235294222831726,0.010999999940395355,0.002300000051036477
YDL200C,YDR288W,1,4.5571213,0.34285715222358704,0.012000000104308128,0.002300000051036477
YCR092C,YKL017C,1,4.555457,0.3611111044883728,0.013000000268220901,0.002300000051036477
YMR201C,YML060W,1,4.5519114,0.37837839126586914,0.014000000432133675,0.002300000051036477
YKL173W,YFR003C,0,4.5288067,0.3684210479259491,0.014000000432133675,0.002400000113993883
YOL072W,YDR288W,1,4.513955,0.38461539149284363,0.014999999664723873,0.002400000113993883
YHR036W,YDR130C,0,4.5121346,0.375,0.014999999664723873,0.0024999999441206455
YOR057W,YNL091W,0,4.5030823,0.3658536672592163,0.014999999664723873,0.0026000000070780516
YDL069C,YCL063W,0,4.4951963,0.3571428656578064,0.014999999664723873,0.0027000000700354576
YBR050C,YGR006W,0,4.491894,0.3488371968269348,0.014999999664723873,0.00279999990016222
YDR393W,YML088W,0,4.4829683,0.34090909361839294,0.014999999664723873,0.002899999963119626
YMR036C,YNL185C,0,4.477002,0.3333333432674408,0.014999999664723873,0.003000000026077032
YBL060W,YGR062C,0,4.471983,0.32608696818351746,0.014999999664723873,0.003100000089034438
YPL022W,YER173W,1,4.449727,0.3404255211353302,0.01600000075995922,0.003100000089034438
YBR273C,YMR292W,0,4.4471254,0.3333333432674408,0.01600000075995922,0.0031999999191612005
YOL067C,YDR166C,0,4.4388447,0.3265306055545807,0.01600000075995922,0.0032999999821186066
YLL009C,YER174C,0,4.429178,0.3199999928474426,0.01600000075995922,0.0034000000450760126
YJL102W,YGR188C,0,4.416154,0.3137255012989044,0.01600000075995922,0.0035000001080334187
YOR201C,YPR031W,0,4.4106884,0.3076923191547394,0.01600000075995922,0.003599999938160181
YOR069W,YMR285C,0,4.401801,0.30188679695129395,0.01600000075995922,0.003700000001117587
YDL115C,YIL112W,0,4.4004135,0.29629629850387573,0.01600000075995922,0.003800000064074993
YDR479C,YDL060W,0,4.4001856,0.290909081697464,0.01600000075995922,0.0038999998942017555
YCR092C,YOR217W,1,4.396001,0.3035714328289032,0.017000000923871994,0.0038999998942017555
YDR479C,YPR041W,0,4.3944597,0.2982456088066101,0.017000000923871994,0.004000000189989805
YOR179C,YGR014W,0,4.3919277,0.2931034564971924,0.017000000923871994,0.004100000020116568
YOL031C,YDR252W,0,4.3874607,0.2881355881690979,0.017000000923871994,0.00419999985024333
YDL069C,YMR004W,0,4.3867426,0.28333333134651184,0.017000000923871994,0.00430000014603138
YBR001C,YPR073C,0,4.3859644,0.2786885201931,0.017000000923871994,0.004399999976158142
YAL034W-A,YPR178W,0,4.3768415,0.27419355511665344,0.017000000923871994,0.0044999998062849045
YCR092C,YPL204W,1,4.3659964,0.2857142984867096,0.017999999225139618,0.0044999998062849045
YDR013W,YLR207W,0,4.3634987,0.28125,0.017999999225139618,0.004600000102072954
YNL218W,YCR092C,1,4.361582,0.29230770468711853,0.01899999938905239,0.004600000102072954
YKR090W,YML088W,0,4.3583565,0.28787878155708313,0.01899999938905239,0.004699999932199717
YDR013W,YJR089W,0,4.343687,0.28358209133148193,0.01899999938905239,0.004800000227987766
YDL030W,YJL156C,0,4.3399544,0.27941176295280457,0.01899999938905239,0.004900000058114529
YBR001C,YEL059C-A,0,4.33784,0.2753623127937317,0.01899999938905239,0.004999999888241291
YDR334W,YPL214C,0,4.3306684,0.27142858505249023,0.01899999938905239,0.005100000184029341
YNL210W,YOR075W,0,4.3269567,0.26760563254356384,0.01899999938905239,0.005200000014156103
YHR086W,YHR129C,0,4.31532,0.2638888955116272,0.01899999938905239,0.0052999998442828655
YBR264C,YNL210W,0,4.3114367,0.2602739632129669,0.01899999938905239,0.005400000140070915
YMR042W,YGR188C,0,4.2996798,0.2567567527294159,0.01899999938905239,0.005499999970197678
YBR160W,YER173W,1,4.2986937,0.2666666805744171,0.019999999552965164,0.005499999970197678
YJL090C,YER173W,1,4.2984257,0.2763157784938812,0.020999999716877937,0.005499999970197678
YHR160C,YPR073C,0,4.28699,0.27272728085517883,0.020999999716877937,0.00559999980032444
YBR087W,YMR201C,1,4.2852798,0.28205129504203796,0.02199999988079071,0.00559999980032444
YPR048W,YOL065C,0,4.2836704,0.27848100662231445,0.02199999988079071,0.00570000009611249
YIL026C,YDR436W,0,4.280319,0.2750000059604645,0.02199999988079071,0.005799999926239252
YJL073W,YDR118W,0,4.279517,0.2716049253940582,0.02199999988079071,0.005900000222027302
YOR036W,YDR117C,0,4.274179,0.26829269528388977,0.02199999988079071,0.006000000052154064
YDL069C,YNL039W,0,4.271093,0.2650602459907532,0.02199999988079071,0.006099999882280827
YBL069W,YGR154C,0,4.268958,0.261904776096344,0.02199999988079071,0.006200000178068876
YJR110W,YKL173W,0,4.26667,0.25882354378700256,0.02199999988079071,0.006300000008195639
YNL210W,YDR088C,0,4.263969,0.25581395626068115,0.02199999988079071,0.006399999838322401
YIL150C,YGR223C,0,4.261922,0.25287356972694397,0.02199999988079071,0.006500000134110451
YDR121W,YOR386W,1,4.253543,0.2613636255264282,0.023000000044703484,0.006500000134110451
YPL194W,YDR288W,1,4.2524595,0.26966291666030884,0.024000000208616257,0.006500000134110451
YNL039W,YDR130C,0,4.2514763,0.2666666805744171,0.024000000208616257,0.006599999964237213
YDR231C,YMR023C,0,4.2485933,0.2637362778186798,0.024000000208616257,0.0066999997943639755
YGR009C,YOR269W,0,4.243086,0.260869562625885,0.024000000208616257,0.006800000090152025
YLR385C,YPL033C,0,4.242923,0.25806450843811035,0.024000000208616257,0.006899999920278788
YPL258C,YKR104W,0,4.2426624,0.25531914830207825,0.024000000208616257,0.007000000216066837
YDR379W,YAL043C,0,4.2411747,0.2526315748691559,0.024000000208616257,0.0071000000461936
YMR201C,YDR288W,1,4.2411633,0.2604166567325592,0.02500000037252903,0.0071000000461936
YKL195W,YOR322C,0,4.239277,0.25773194432258606,0.02500000037252903,0.007199999876320362
YBL021C,YER012W,0,4.236905,0.2551020383834839,0.02500000037252903,0.007300000172108412
YDR288W,YKL017C,1,4.2328787,0.2626262605190277,0.026000000536441803,0.007300000172108412
YER147C,YGR002C,1,4.231529,0.27000001072883606,0.027000000700354576,0.007300000172108412
YHR160C,YNL096C,0,4.2309237,0.2673267424106598,0.027000000700354576,0.007400000002235174
YAR018C,YDR103W,0,4.226723,0.2647058963775635,0.027000000700354576,0.007499999832361937
YDL007W,YJR134C,0,4.2252755,0.26213592290878296,0.027000000700354576,0.007600000128149986
YDR520C,YDR031W,0,4.2231455,0.25961539149284363,0.027000000700354576,0.007699999958276749
YPL022W,YOR244W,1,4.2173605,0.2666666805744171,0.02800000086426735,0.007699999958276749
YBR087W,YGL090W,1,4.2159195,0.27358490228652954,0.028999999165534973,0.007699999958276749
YFR008W,YKL116C,0,4.214902,0.2710280418395996,0.028999999165534973,0.007799999788403511
YBR055C,YJR022W,0,4.2070236,0.26851850748062134,0.028999999165534973,0.007899999618530273
YDL108W,YLR045C,0,4.2049255,0.26605504751205444,0.028999999165534973,0.00800000037997961
YBR264C,YDR362C,0,4.2020216,0.26363635063171387,0.028999999165534973,0.008100000210106373
YDR052C,YMR139W,0,4.1882954,0.2612612545490265,0.028999999165534973,0.008200000040233135
YDR121W,YMR201C,1,4.18544,0.2678571343421936,0.029999999329447746,0.008200000040233135
YKR061W,YNR022C,0,4.180277,0.2654867172241211,0.029999999329447746,0.008299999870359898
YMR287C,YJL056C,0,4.1780705,0.2631579041481018,0.029999999329447746,0.00839999970048666
YNR011C,YOR221C,0,4.1757927,0.260869562625885,0.029999999329447746,0.008500000461935997
YNL330C,YPL153C,1,4.1715403,0.26724138855934143,0.03099999949336052,0.008500000461935997
YBR050C,YPL155C,0,4.1699705,0.2649572789669037,0.03099999949336052,0.00860000029206276
YER147C,YOR386W,1,4.169482,0.2711864411830902,0.03200000151991844,0.00860000029206276
YBR001C,YAL034W-A,0,4.163368,0.2689075767993927,0.03200000151991844,0.008700000122189522
YML060W,YGR002C,1,4.1629095,0.2750000059604645,0.032999999821186066,0.008700000122189522
YAL034W-A,YDR130C,0,4.161916,0.27272728085517883,0.032999999821186066,0.008799999952316284
YHR067W,YJL102W,0,4.1498213,0.2704918086528778,0.032999999821186066,0.008899999782443047
YBR245C,YLR207W,0,4.149658,0.26829269528388977,0.032999999821186066,0.008999999612569809
YOL067C,YGL178W,0,4.1452556,0.2661290466785431,0.032999999821186066,0.009100000374019146
YLR170C,YDR279W,0,4.1446395,0.2639999985694885,0.032999999821186066,0.009200000204145908
YPL269W,YHL004W,0,4.135952,0.261904776096344,0.032999999821186066,0.00930000003427267
YDR362C,YMR204C,0,4.1283903,0.25984251499176025,0.032999999821186066,0.009399999864399433
YHR172W,YGL249W,0,4.1242895,0.2578125,0.032999999821186066,0.009499999694526196
YJL106W,YDR400W,0,4.120021,0.25581395626068115,0.032999999821186066,0.009600000455975533
YOR308C,YOR069W,0,4.112485,0.2538461685180664,0.032999999821186066,0.009700000286102295
YNL210W,YER048W-A,0,4.1123686,0.25190839171409607,0.032999999821186066,0.009800000116229057
YOL072W,YER173W,1,4.111333,0.25757575035095215,0.03400000184774399,0.009800000116229057
YDR320C,YOR070C,0,4.106497,0.25563910603523254,0.03400000184774399,0.00989999994635582
YJL102W,YPR073C,0,4.1062975,0.2537313401699066,0.03400000184774399,0.009999999776482582
YPL022W,YER147C,1,4.103754,0.25925925374031067,0.03500000014901161,0.009999999776482582
YJL072C,YHR105W,0,4.10271,0.25735294818878174,0.03500000014901161,0.010099999606609344
YEL065W,YDL006W,0,4.099138,0.2554744482040405,0.03500000014901161,0.010200000368058681
YMR306W,YDR376W,0,4.0957985,0.25362318754196167,0.03500000014901161,0.010300000198185444
YMR306W,YHR013C,0,4.0956025,0.2517985701560974,0.03500000014901161,0.010400000028312206
YER095W,YLR427W,1,4.0939865,0.2571428716182709,0.035999998450279236,0.010400000028312206
YMR289W,YPR032W,0,4.0934305,0.25531914830207825,0.035999998450279236,0.010499999858438969
YNR011C,YNL188W,0,4.0921116,0.2535211145877838,0.035999998450279236,0.010599999688565731
YJL106W,YBL057C,0,4.0903597,0.251748263835907,0.035999998450279236,0.010700000450015068
YER147C,YAR007C,1,4.08572,0.2569444477558136,0.03700000047683716,0.010700000450015068
YBR205W,YHR161C,0,4.08504,0.25517240166664124,0.03700000047683716,0.01080000028014183
YJL101C,YNL096C,0,4.084173,0.25342464447021484,0.03700000047683716,0.010900000110268593
YOR036W,YBL021C,0,4.084015,0.25170066952705383,0.03700000047683716,0.010999999940395355
YLR154C,YBR164C,0,4.0834064,0.25,0.03700000047683716,0.011099999770522118
YLR373C,YOR076C,0,4.070202,0.24832214415073395,0.03700000047683716,0.01119999960064888
YER111C,YPL159C,0,4.066645,0.24666666984558105,0.03700000047683716,0.011300000362098217
YCR092C,YOR346W,1,4.0632124,0.251655638217926,0.03799999877810478,0.011300000362098217
YDL164C,YNL136W,1,4.06168,0.2565789520740509,0.039000000804662704,0.011300000362098217
YPL269W,YER012W,0,4.0615416,0.2549019753932953,0.039000000804662704,0.01140000019222498
YPR049C,YPL202C,0,4.0611124,0.2532467544078827,0.039000000804662704,0.011500000022351742
YPL022W,YOL072W,1,4.0550585,0.25806450843811035,0.03999999910593033,0.011500000022351742
YDR022C,YBR198C,0,4.0537624,0.25641027092933655,0.03999999910593033,0.011599999852478504
YMR004W,YHR011W,0,4.053255,0.25477707386016846,0.03999999910593033,0.011699999682605267
YDL030W,YMR026C,0,4.049917,0.2531645596027374,0.03999999910593033,0.011800000444054604
YDR224C,YCR092C,1,4.047035,0.2578616440296173,0.04100000113248825,0.011800000444054604
YLR370C,YCR054C,0,4.046871,0.2562499940395355,0.04100000113248825,0.011900000274181366
YMR292W,YDR380W,0,4.044797,0.25465837121009827,0.04100000113248825,0.012000000104308128
YGR002C,YAR007C,1,4.0436754,0.25925925374031067,0.041999999433755875,0.012000000104308128
YGR263C,YMR306W,0,4.042383,0.25766870379447937,0.041999999433755875,0.01209999993443489
YFR037C,YLR427W,1,4.0415497,0.2621951103210449,0.0430000014603138,0.01209999993443489
YCL027W,YLR014C,0,4.041483,0.260606050491333,0.0430000014603138,0.012199999764561653
YDL115C,YLR433C,0,4.0352697,0.2590361535549164,0.0430000014603138,0.012299999594688416
YBR205W,YOR036W,0,4.0299354,0.257485032081604,0.0430000014603138,0.012400000356137753
YHR153C,YBL023C,0,4.02964,0.255952388048172,0.0430000014603138,0.012500000186264515
YLR032W,YGR002C,1,4.028591,0.26035502552986145,0.04399999976158142,0.012500000186264515
YNL039W,YGR154C,0,4.0203485,0.25882354378700256,0.04399999976158142,0.012600000016391277
YMR224C,YCR092C,1,4.0195036,0.2631579041481018,0.04500000178813934,0.012600000016391277
YAL010C,YDR524C,0,4.017559,0.2616279125213623,0.04500000178813934,0.01269999984651804
YLR214W,YOL065C,0,4.014179,0.2601155936717987,0.04500000178813934,0.012799999676644802
YJR110W,YEL061C,0,4.0135174,0.2586206793785095,0.04500000178813934,0.012900000438094139
YDR288W,YPL204W,1,4.0098944,0.2628571391105652,0.04600000008940697,0.012900000438094139
YBR035C,YJR089W,0,4.0066786,0.2613636255264282,0.04600000008940697,0.013000000268220901
YIL150C,YKR090W,0,4.0066423,0.2598870098590851,0.04600000008940697,0.013100000098347664
YFL029C,YPR054W,0,4.0046625,0.2584269642829895,0.04600000008940697,0.013199999928474426
YOR290C,YML095C,1,4.0025425,0.2625698447227478,0.04699999839067459,0.013199999928474426
YLL009C,YNL210W,0,4.0023174,0.2611111104488373,0.04699999839067459,0.013299999758601189
YAL043C,YMR204C,0,4.00062,0.2596684992313385,0.04699999839067459,0.013399999588727951
YLR127C,YDR318W,0,3.9977539,0.25824177265167236,0.04699999839067459,0.013500000350177288
YML104C,YDR320C,0,3.9962537,0.2568306028842926,0.04699999839067459,0.01360000018030405
YNL311C,YBL021C,0,3.993952,0.2554347813129425,0.04699999839067459,0.013700000010430813
YLR015W,YGR014W,0,3.9925015,0.2540540397167206,0.04699999839067459,0.013799999840557575
YJR134C,YHR011W,0,3.9905756,0.2526881694793701,0.04699999839067459,0.013899999670684338
YBL103C,YDR507C,0,3.9870706,0.2513369023799896,0.04699999839067459,0.014000000432133675
YIL004C,YDL030W,0,3.9851782,0.25,0.04699999839067459,0.014100000262260437
YDR288W,YOR386W,1,3.984769,0.2539682686328888,0.04800000041723251,0.014100000262260437
YMR127C,YDR436W,0,3.984498,0.2526315748691559,0.04800000041723251,0.0142000000923872
YDR532C,YDR197W,0,3.982867,0.2513088881969452,0.04800000041723251,0.014299999922513962
YHR160C,YJL189W,0,3.981898,0.25,0.04800000041723251,0.014399999752640724
YOR244W,YPL153C,1,3.9812486,0.25388601422309875,0.04899999871850014,0.014399999752640724
YMR094W,YGR062C,0,3.9809425,0.2525773048400879,0.04899999871850014,0.014499999582767487
YGR002C,YDR288W,1,3.977161,0.25641027092933655,0.05000000074505806,0.014499999582767487
YIR036C,YER110C,0,3.9759228,0.2551020383834839,0.05000000074505806,0.014600000344216824
YPR070W,YLR381W,0,3.9739478,0.25380709767341614,0.05000000074505806,0.014700000174343586
YOR288C,YJR089W,0,3.9727876,0.2525252401828766,0.05000000074505806,0.014800000004470348
YGL090W,YLR032W,1,3.9698603,0.25628140568733215,0.050999999046325684,0.014800000004470348
YOR076C,YDR055W,0,3.968276,0.2549999952316284,0.050999999046325684,0.01489999983459711
YMR036C,YDR376W,0,3.9636846,0.2537313401699066,0.050999999046325684,0.014999999664723873
YKL154W,YDR358W,0,3.962691,0.2524752616882324,0.050999999046325684,0.01510000042617321
YFL004W,YLR266C,0,3.962669,0.25123152136802673,0.050999999046325684,0.015200000256299973
YLR266C,YPL101W,0,3.9607394,0.25,0.050999999046325684,0.015300000086426735
YAL021C,YNL188W,0,3.958246,0.2487804889678955,0.050999999046325684,0.015399999916553497
YPL091W,YMR004W,0,3.9572473,0.24757280945777893,0.050999999046325684,0.01549999974668026
YFL044C,YPL033C,0,3.9570668,0.24637681245803833,0.050999999046325684,0.015599999576807022
YLR207W,YNL151C,0,3.9530919,0.24519230425357819,0.050999999046325684,0.015699999406933784
YDR011W,YOR257W,0,3.952557,0.24401913583278656,0.050999999046325684,0.015799999237060547
YBR087W,YKL017C,1,3.9510405,0.24761904776096344,0.052000001072883606,0.015799999237060547
YDL195W,YOR076C,0,3.948046,0.24644549190998077,0.052000001072883606,0.01590000092983246
YMR264W,YHR184W,0,3.9472077,0.24528302252292633,0.052000001072883606,0.01600000075995922
YNR020C,YER051W,0,3.9450176,0.24413146078586578,0.052000001072883606,0.016100000590085983
YPL022W,YML060W,1,3.9443612,0.24766355752944946,0.05299999937415123,0.016100000590085983
YER173W,YKL017C,1,3.9410832,0.2511627972126007,0.05400000140070915,0.016100000590085983
YAR007C,YML095C,1,3.9409938,0.25462964177131653,0.054999999701976776,0.016100000590085983
YKR062W,YLR418C,0,3.9400787,0.2534562349319458,0.054999999701976776,0.016200000420212746
YFR003C,YKL042W,0,3.9399645,0.25229358673095703,0.054999999701976776,0.016300000250339508
YER173W,YPL153C,1,3.9380827,0.2557077705860138,0.0560000017285347,0.016300000250339508
YLR086W,YDR013W,0,3.937887,0.2545454502105713,0.0560000017285347,0.01640000008046627
YDR288W,YJR068W,1,3.9366763,0.2579185664653778,0.05700000002980232,0.01640000008046627
YJR068W,YKL017C,1,3.9361749,0.2612612545490265,0.057999998331069946,0.01640000008046627
YBR030W,YGL059W,0,3.9357846,0.2600896954536438,0.057999998331069946,0.016499999910593033
YNR043W,YPR168W,0,3.933973,0.2589285671710968,0.057999998331069946,0.016599999740719795
YBL088C,YIR002C,1,3.9261425,0.2622222304344177,0.05900000035762787,0.016599999740719795
YCR092C,YPL153C,1,3.9227526,0.2654867172241211,0.05999999865889549,0.016599999740719795
YLR396C,YDR014W,0,3.922572,0.26431718468666077,0.05999999865889549,0.016699999570846558
YLR212C,YDR166C,0,3.9215493,0.2631579041481018,0.05999999865889549,0.01679999940097332
YOL072W,YOR244W,1,3.9174087,0.2663755416870117,0.061000000685453415,0.01679999940097332
YDR253C,YDR466W,0,3.9153922,0.2652173936367035,0.061000000685453415,0.016899999231100082
YNL039W,YBR164C,0,3.9130962,0.26406925916671753,0.061000000685453415,0.017000000923871994
YKR061W,YDR036C,0,3.9104702,0.26293104887008667,0.061000000685453415,0.017100000753998756
YAR007C,YOR244W,1,3.9044702,0.2660944163799286,0.06199999898672104,0.017100000753998756
YMR016C,YDL115C,0,3.904064,0.2649572789669037,0.06199999898672104,0.01720000058412552
YAL020C,YNR007C,0,3.9023778,0.2638297975063324,0.06199999898672104,0.01730000041425228
YER174C,YER012W,0,3.9016137,0.26271185278892517,0.06199999898672104,0.017400000244379044
YOR036W,YBL023C,0,3.9012582,0.26160338521003723,0.06199999898672104,0.017500000074505806
YLR045C,YLL035W,0,3.8982403,0.26050421595573425,0.06199999898672104,0.01759999990463257
YIL150C,YDR376W,0,3.8975084,0.2594142258167267,0.06199999898672104,0.01769999973475933
YGL090W,YML060W,1,3.8965333,0.26249998807907104,0.06300000101327896,0.01769999973475933
YKL089W,YDL043C,0,3.8930936,0.26141080260276794,0.06300000101327896,0.017799999564886093
YMR224C,YPL153C,1,3.8930092,0.26446279883384705,0.06400000303983688,0.017799999564886093
YML060W,YCR092C,1,3.892869,0.2674897015094757,0.06499999761581421,0.017799999564886093
YML104C,YFR008W,0,3.8924878,0.2663934528827667,0.06499999761581421,0.017899999395012856
YBR024W,YOR322C,0,3.8918006,0.26530611515045166,0.06499999761581421,0.017999999225139618
YOR386W,YCR092C,1,3.8915236,0.26829269528388977,0.06599999964237213,0.017999999225139618
YJR068W,YCR092C,1,3.8915017,0.2712550461292267,0.06700000166893005,0.017999999225139618
YKL183W,YDR402C,0,3.8906124,0.27016130089759827,0.06700000166893005,0.01810000091791153
YDR022C,YDR052C,0,3.8893297,0.26907631754875183,0.06700000166893005,0.018200000748038292
YAL043C,YOR211C,0,3.8877704,0.2680000066757202,0.06700000166893005,0.018300000578165054
YBR092C,YDR503C,0,3.886622,0.26693227887153625,0.06700000166893005,0.018400000408291817
YNL077W,YLR430W,0,3.8853595,0.2658730149269104,0.06700000166893005,0.01850000023841858
YML060W,YHR099W,1,3.8833497,0.26877471804618835,0.06800000369548798,0.01850000023841858
YBL088C,YML095C,1,3.8824995,0.27165353298187256,0.0689999982714653,0.01850000023841858
YNL218W,YOR386W,1,3.8816786,0.27450981736183167,0.07000000029802322,0.01850000023841858
YKR030W,YML088W,0,3.881226,0.2734375,0.07000000029802322,0.01860000006854534
YMR306W,YDR322W,0,3.8801079,0.2723735272884369,0.07000000029802322,0.018699999898672104
YER095W,YGR002C,1,3.8784485,0.27519381046295166,0.07100000232458115,0.018699999898672104
YOR384W,YOL031C,0,3.8772492,0.27413126826286316,0.07100000232458115,0.018799999728798866
YNL039W,YNR070W,0,3.877075,0.2730769217014313,0.07100000232458115,0.01889999955892563
YFL041W,YMR023C,0,3.8756974,0.27203065156936646,0.07100000232458115,0.01899999938905239
YBR087W,YCR092C,1,3.8746274,0.2748091518878937,0.07199999690055847,0.01899999938905239
YGL232W,YMR302C,0,3.8685496,0.2737642526626587,0.07199999690055847,0.019099999219179153
YDL030W,YNL188W,0,3.8676665,0.27272728085517883,0.07199999690055847,0.019200000911951065
YCR098C,YGR188C,0,3.866143,0.27169811725616455,0.07199999690055847,0.019300000742077827
YGR029W,YNL077W,0,3.8655117,0.27067670226097107,0.07199999690055847,0.01940000057220459
YDL030W,YJL102W,0,3.8651648,0.26966291666030884,0.07199999690055847,0.019500000402331352
YNL128W,YLR097C,0,3.8623934,0.26865673065185547,0.07199999690055847,0.019600000232458115
YDR121W,YKL017C,1,3.8623195,0.27137547731399536,0.0729999989271164,0.019600000232458115
YHR167W,YML088W,0,3.8603618,0.27037036418914795,0.0729999989271164,0.019700000062584877
YPR019W,YKR097W,0,3.8597476,0.26937270164489746,0.0729999989271164,0.01979999989271164
YDL101C,YMR201C,1,3.8583496,0.2720588147640228,0.07400000095367432,0.01979999989271164
YMR036C,YER113C,0,3.8580983,0.27106228470802307,0.07400000095367432,0.019899999722838402
YDL007W,YJR001W,0,3.8579893,0.2700729966163635,0.07400000095367432,0.019999999552965164
YMR080C,YJL056C,0,3.8578413,0.2690909206867218,0.07400000095367432,0.020099999383091927
YAL034W-A,YJL056C,0,3.8562672,0.26811593770980835,0.07400000095367432,0.02019999921321869
YHR153C,YLR381W,0,3.855034,0.2671480178833008,0.07400000095367432,0.0203000009059906
YJR134C,YDR003W,0,3.8544424,0.26618704199790955,0.07400000095367432,0.020400000736117363
YDR532C,YFL047W,0,3.8532398,0.26523298025131226,0.07400000095367432,0.020500000566244125
YNR008W,YIL026C,0,3.851449,0.26428571343421936,0.07400000095367432,0.020600000396370888
YBL061C,YOR211C,0,3.848547,0.2633451819419861,0.07400000095367432,0.02070000022649765
YGL119W,YHR027C,0,3.8472915,0.26241135597229004,0.07400000095367432,0.020800000056624413
YOL067C,YDR238C,0,3.8385594,0.2614840865135193,0.07400000095367432,0.020899999886751175
YPR048W,YJL153C,0,3.8329728,0.26056337356567383,0.07400000095367432,0.020999999716877937
YDR093W,YNL012W,0,3.8307292,0.2596491277217865,0.07400000095367432,0.0210999995470047
YNL291C,YGR006W,0,3.828334,0.25874125957489014,0.07400000095367432,0.021199999377131462
YNL039W,YDR093W,0,3.8281586,0.25783970952033997,0.07400000095367432,0.021299999207258224
YER095W,YNL218W,1,3.8279777,0.2604166567325592,0.07500000298023224,0.021299999207258224
YPL194W,YER147C,1,3.8272865,0.2629757821559906,0.07599999755620956,0.021299999207258224
YMR023C,YPR019W,0,3.8270285,0.2620689570903778,0.07599999755620956,0.021400000900030136
YPR168W,YMR285C,0,3.8258638,0.26116839051246643,0.07599999755620956,0.0215000007301569
YHR013C,YPR054W,0,3.8251843,0.2602739632129669,0.07599999755620956,0.02160000056028366
YBL060W,YGL222C,0,3.822336,0.2593856751918793,0.07599999755620956,0.021700000390410423
YJL073W,YDR436W,0,3.819049,0.25850340723991394,0.07599999755620956,0.021800000220537186
YPR054W,YMR311C,0,3.8180625,0.25762712955474854,0.07599999755620956,0.021900000050663948
YJR068W,YHR099W,1,3.8178246,0.26013514399528503,0.07699999958276749,0.021900000050663948
YDL069C,YMR306W,0,3.8174412,0.25925925374031067,0.07699999958276749,0.02199999988079071
YDR358W,YLR014C,0,3.815971,0.25838926434516907,0.07699999958276749,0.022099999710917473
YOR174W,YJL106W,0,3.8148694,0.25752508640289307,0.07699999958276749,0.022199999541044235
YBR001C,YBR231C,0,3.8125556,0.2566666603088379,0.07699999958276749,0.022299999371170998
YKL173W,YGL178W,0,3.8101084,0.25581395626068115,0.07699999958276749,0.02239999920129776
YOR036W,YGR076C,0,3.8097746,0.2549668848514557,0.07699999958276749,0.02250000089406967
YGL222C,YHR167W,0,3.8096364,0.2541254162788391,0.07699999958276749,0.022600000724196434
YDR103W,YDR031W,0,3.8051965,0.25328946113586426,0.07699999958276749,0.022700000554323196
YLR427W,YDR288W,1,3.8030636,0.25573769211769104,0.07800000160932541,0.022700000554323196
YBR050C,YHR036W,0,3.8022685,0.2549019753932953,0.07800000160932541,0.02280000038444996
YDL115C,YDR507C,0,3.8009484,0.2540716528892517,0.07800000160932541,0.02290000021457672
YPL194W,YMR201C,1,3.8003836,0.2564935088157654,0.07900000363588333,0.02290000021457672
YMR282C,YER012W,0,3.800289,0.2556634247303009,0.07900000363588333,0.023000000044703484
YOL072W,YPL204W,1,3.7995598,0.25806450843811035,0.07999999821186066,0.023000000044703484
YML095C,YPL153C,1,3.798878,0.260450154542923,0.08100000023841858,0.023000000044703484
YDR279W,YNL185C,0,3.7984252,0.25961539149284363,0.08100000023841858,0.023099999874830246
YDL069C,YMR289W,0,3.7970402,0.2587859332561493,0.08100000023841858,0.02319999970495701
YDR265W,YKL108W,0,3.796888,0.25796177983283997,0.08100000023841858,0.02329999953508377
YDL115C,YHR186C,0,3.7967584,0.2571428716182709,0.08100000023841858,0.023399999365210533
YDR532C,YCR081W,0,3.7947452,0.25632911920547485,0.08100000023841858,0.023499999195337296
YGR223C,YJL097W,0,3.794636,0.2555204927921295,0.08100000023841858,0.023600000888109207
YMR163C,YDR130C,0,3.7945051,0.25471699237823486,0.08100000023841858,0.02370000071823597
YCL061C,YPR108W,0,3.7922585,0.25391849875450134,0.08100000023841858,0.023800000548362732
YMR257C,YOL125W,0,3.7904487,0.25312501192092896,0.08100000023841858,0.023900000378489494
YER147C,YCR092C,1,3.7897632,0.2554517090320587,0.0820000022649765,0.023900000378489494
YMR233W,YHR086W,0,3.7883637,0.25465837121009827,0.0820000022649765,0.024000000208616257
YDR479C,YMR211W,0,3.7877338,0.2538699805736542,0.0820000022649765,0.02410000003874302
YMR056C,YOL149W,0,3.7872803,0.2530864179134369,0.0820000022649765,0.02419999986886978
YDR501W,YIL113W,0,3.7868078,0.2523076832294464,0.0820000022649765,0.024299999698996544
YML027W,YGR006W,0,3.78455,0.25153374671936035,0.0820000022649765,0.024399999529123306
YOL072W,YOR386W,1,3.7793038,0.2538226246833801,0.08299999684095383,0.024399999529123306
YLR266C,YMR100W,0,3.7785006,0.25304877758026123,0.08299999684095383,0.02449999935925007
YER095W,YML095C,1,3.7763503,0.25531914830207825,0.08399999886751175,0.02449999935925007
YOR037W,YDR456W,0,3.7752228,0.2545454502105713,0.08399999886751175,0.02459999918937683
YOR269W,YIL136W,0,3.7746556,0.2537764310836792,0.08399999886751175,0.024700000882148743
YKR062W,YHR013C,0,3.7738202,0.2530120611190796,0.08399999886751175,0.024800000712275505
YMR289W,YJL065C,0,3.7679899,0.2522522509098053,0.08399999886751175,0.024900000542402267
YOL003C,YPR049C,0,3.767579,0.2514970004558563,0.08399999886751175,0.02500000037252903
YNL311C,YPL017C,0,3.7670817,0.2507462799549103,0.08399999886751175,0.025100000202655792
YBR022W,YDR103W,0,3.7665203,0.25,0.08399999886751175,0.025200000032782555
YJL062W,YGL155W,0,3.7657592,0.2492581605911255,0.08399999886751175,0.025299999862909317
YDR088C,YER012W,0,3.7652504,0.24852071702480316,0.08399999886751175,0.02539999969303608
YDR425W,YLR010C,0,3.7621646,0.24778760969638824,0.08399999886751175,0.025499999523162842
YDR315C,YKR030W,0,3.762119,0.24705882370471954,0.08399999886751175,0.025599999353289604
YKL089W,YLR109W,0,3.76019,0.24633431434631348,0.08399999886751175,0.025699999183416367
YDR121W,YCR092C,1,3.7588496,0.24853801727294922,0.08500000089406967,0.025699999183416367
YDR440W,YJL090C,1,3.75877,0.25072887539863586,0.0860000029206276,0.025699999183416367
YOL105C,YNR041C,0,3.7572746,0.25,0.0860000029206276,0.025800000876188278
YDR379W,YNL325C,0,3.7570953,0.2492753565311432,0.0860000029206276,0.02590000070631504
YAL010C,YPR070W,0,3.7568457,0.24855491518974304,0.0860000029206276,0.026000000536441803
YJL164C,YIR023W,0,3.7567203,0.24783861637115479,0.0860000029206276,0.026100000366568565
YDR523C,YDR116C,0,3.755948,0.24712643027305603,0.0860000029206276,0.026200000196695328
YBR058C,YGR188C,0,3.755686,0.24641834199428558,0.0860000029206276,0.02630000002682209
YGR274C,YLR433C,0,3.755036,0.24571429193019867,0.0860000029206276,0.026399999856948853
YDR315C,YKL059C,0,3.7537012,0.2450142502784729,0.0860000029206276,0.026499999687075615
YMR004W,YKL042W,0,3.7536361,0.2443181872367859,0.0860000029206276,0.026599999517202377
YDL164C,YMR201C,1,3.7529938,0.24645891785621643,0.08699999749660492,0.026599999517202377
YBR087W,YOR386W,1,3.7518344,0.24858756363391876,0.08799999952316284,0.026599999517202377
YML060W,YKL017C,1,3.7511442,0.25070422887802124,0.08900000154972076,0.026599999517202377
YDR052C,YDL108W,0,3.7511158,0.25,0.08900000154972076,0.02669999934732914
YBL103C,YDR197W,0,3.7508929,0.24929971992969513,0.08900000154972076,0.026799999177455902
YDR242W,YBL021C,0,3.7500465,0.24860335886478424,0.08900000154972076,0.026900000870227814
YIR017C,YBL069W,0,3.749747,0.24791085720062256,0.08900000154972076,0.027000000700354576
YGL213C,YJL073W,0,3.7491484,0.24722221493721008,0.08900000154972076,0.02710000053048134
YFR037C,YCR092C,1,3.7480657,0.24930748343467712,0.09000000357627869,0.02710000053048134
YOR386W,YHR081W,1,3.747391,0.2513812184333801,0.09099999815225601,0.02710000053048134
YMR184W,YKR030W,0,3.7473435,0.25068870186805725,0.09099999815225601,0.0272000003606081
YDR425W,YOR337W,0,3.7446196,0.25,0.09099999815225601,0.027300000190734863
YMR094W,YJR135C,0,3.7440069,0.2493150681257248,0.09099999815225601,0.027400000020861626
YBL054W,YGL161C,0,3.7420213,0.24863387644290924,0.09099999815225601,0.027499999850988388
YPL121C,YLR427W,1,3.7411244,0.25068119168281555,0.09200000017881393,0.027499999850988388
YIR002C,YOR386W,1,3.7378972,0.25271740555763245,0.09300000220537186,0.027499999850988388
YDR219C,YLL022C,0,3.7373989,0.2520325183868408,0.09300000220537186,0.02759999968111515
YAL034W-A,YDR103W,0,3.73603,0.25135135650634766,0.09300000220537186,0.027699999511241913
YGL128C,YGR188C,0,3.733825,0.2506738603115082,0.09300000220537186,0.027799999341368675
YGR058W,YEL064C,0,3.732814,0.25,0.09300000220537186,0.027899999171495438
YDR520C,YGR188C,0,3.7288225,0.24932976067066193,0.09300000220537186,0.02800000086426735
YPL060W,YNL227C,0,3.7270072,0.24866309762001038,0.09300000220537186,0.02810000069439411
YBL060W,YCL061C,0,3.7266848,0.24799999594688416,0.09300000220537186,0.028200000524520874
YKR037C,YNR007C,0,3.7264104,0.24734042584896088,0.09300000220537186,0.028300000354647636
YGR154C,YGR123C,0,3.7251384,0.24668435752391815,0.09300000220537186,0.0284000001847744
YDR330W,YCR054C,0,3.7241154,0.2460317462682724,0.09300000220537186,0.02850000001490116
YJL041W,YHL016C,0,3.7229285,0.24538259208202362,0.09300000220537186,0.028599999845027924
YBR289W,YOL072W,1,3.7226102,0.24736842513084412,0.09399999678134918,0.028599999845027924
YDR283C,YGR262C,0,3.720341,0.24671916663646698,0.09399999678134918,0.028699999675154686
YHR161C,YCR094W,0,3.7201512,0.24607330560684204,0.09399999678134918,0.02879999950528145
YDR425W,YLR214W,0,3.7201018,0.2454308122396469,0.09399999678134918,0.02889999933540821
YEL061C,YNL012W,0,3.7189615,0.2447916716337204,0.09399999678134918,0.028999999165534973
YOL147C,YLR306W,0,3.718068,0.24415583908557892,0.09399999678134918,0.029100000858306885
YLR427W,YCR092C,1,3.7160535,0.24611398577690125,0.0949999988079071,0.029100000858306885
YBR160W,YML095C,1,3.715525,0.24806201457977295,0.09600000083446503,0.029100000858306885
YGL128C,YEL002C,0,3.7153823,0.24742268025875092,0.09600000083446503,0.029200000688433647
YJL090C,YOR386W,1,3.7153375,0.24935732781887054,0.09700000286102295,0.029200000688433647
YNL330C,YER173W,1,3.7152002,0.25128206610679626,0.09799999743700027,0.029200000688433647
YLR318W,YLR381W,0,3.713996,0.2506393790245056,0.09799999743700027,0.02930000051856041
YHR101C,YIL160C,0,3.7138412,0.25,0.09799999743700027,0.029400000348687172
YNR011C,YFL041W,0,3.712207,0.24936386942863464,0.09799999743700027,0.029500000178813934
YNL310C,YPR019W,0,3.7110822,0.24873095750808716,0.09799999743700027,0.029600000008940697
YAL013W,YHR167W,0,3.7109153,0.24810126423835754,0.09799999743700027,0.02969999983906746
YJL153C,YPR118W,0,3.709499,0.24747474491596222,0.09799999743700027,0.02979999966919422
YNL218W,YHR099W,1,3.708844,0.249370276927948,0.0989999994635582,0.02979999966919422
YGL222C,YDR117C,0,3.7082608,0.2487437129020691,0.0989999994635582,0.029899999499320984
YHR206W,YNR041C,0,3.708226,0.24812030792236328,0.0989999994635582,0.029999999329447746
YOR116C,YIR017C,0,3.7021005,0.2475000023841858,0.0989999994635582,0.03009999915957451
YJR110W,YKR030W,0,3.702016,0.24688279628753662,0.0989999994635582,0.03020000085234642
YPL155C,YER012W,0,3.7003953,0.24626865983009338,0.0989999994635582,0.030300000682473183
YBL093C,YDR003W,0,3.6993701,0.2456575632095337,0.0989999994635582,0.030400000512599945
YNL210W,YDR197W,0,3.6987174,0.24504950642585754,0.0989999994635582,0.030500000342726707
YLR106C,YOR174W,0,3.6985419,0.24444444477558136,0.0989999994635582,0.03060000017285347
YDR052C,YMR287C,0,3.69751,0.24384236335754395,0.0989999994635582,0.030700000002980232
YLR201C,YLR306W,0,3.6969666,0.2432432472705841,0.0989999994635582,0.030799999833106995
YLR450W,YPL269W,0,3.6955206,0.24264705181121826,0.0989999994635582,0.030899999663233757
YFR003C,YJL073W,0,3.6951349,0.2420537918806076,0.0989999994635582,0.03099999949336052
YFL029C,YPR186C,0,3.6947596,0.24146340787410736,0.0989999994635582,0.031099999323487282
YML034W,YER161C,0,3.691321,0.24087591469287872,0.0989999994635582,0.031199999153614044
YNL322C,YGL251C,0,3.6898372,0.2402912676334381,0.0989999994635582,0.031300000846385956
YEL064C,YHR167W,0,3.6887803,0.23970943689346313,0.0989999994635582,0.03139999881386757
YHR101C,YHL019C,0,3.687881,0.239130437374115,0.0989999994635582,0.03150000050663948
YBR055C,YLR010C,0,3.6869528,0.2385542094707489,0.0989999994635582,0.031599998474121094
YDL120W,YPL149W,0,3.6866834,0.23798076808452606,0.0989999994635582,0.031700000166893005
YCR020C,YDR495C,0,3.6866663,0.2374100685119629,0.0989999994635582,0.03180000185966492
YOL072W,YCR092C,1,3.6853337,0.23923444747924805,0.10000000149011612,0.03180000185966492
YPL194W,YDR121W,1,3.684802,0.241050124168396,0.10100000351667404,0.03180000185966492
YLR032W,YJR068W,1,3.6845996,0.24285714328289032,0.10199999809265137,0.03180000185966492
YDR219C,YDR315C,0,3.6843755,0.2422802895307541,0.10199999809265137,0.03189999982714653
YAR007C,YER173W,1,3.6841311,0.24407583475112915,0.10300000011920929,0.03189999982714653
YFL047W,YHR105W,0,3.6837952,0.2434988170862198,0.10300000011920929,0.03200000151991844
YHR161C,YBL082C,0,3.6834757,0.2429245263338089,0.10300000011920929,0.032099999487400055
YPL194W,YER173W,1,3.6800506,0.24470588564872742,0.10400000214576721,0.032099999487400055
YER095W,YER147C,1,3.6787386,0.246478870511055,0.10499999672174454,0.032099999487400055
YMR292W,YPL155C,0,3.678264,0.24590164422988892,0.10499999672174454,0.03220000118017197
YLR373C,YMR204C,0,3.6774724,0.24532710015773773,0.10499999672174454,0.03229999914765358
YDR440W,YER173W,1,3.6770074,0.24708624184131622,0.10599999874830246,0.03229999914765358
YER111C,YBR035C,0,3.6769369,0.24651162326335907,0.10599999874830246,0.03240000084042549
YKL218C,YBR084W,0,3.675593,0.24593967199325562,0.10599999874830246,0.032499998807907104
YBR231C,YOL109W,0,3.6753407,0.24537037312984467,0.10599999874830246,0.032600000500679016
YIL124W,YHR129C,0,3.6752331,0.24480369687080383,0.10599999874830246,0.03269999846816063
YLL013C,YNR041C,0,3.6729786,0.24423962831497192,0.10599999874830246,0.03280000016093254
YIL109C,YMR302C,0,3.6727674,0.24367816746234894,0.10599999874830246,0.03290000185370445
YHR067W,YMR004W,0,3.6724093,0.2431192696094513,0.10599999874830246,0.032999999821186066
YBR055C,YPL017C,0,3.671755,0.242562934756279,0.10599999874830246,0.03310000151395798
YFR037C,YPL022W,1,3.6712706,0.2442922443151474,0.10700000077486038,0.03310000151395798
YKL173W,YDL141W,0,3.6712258,0.24373576045036316,0.10700000077486038,0.03319999948143959
YOL065C,YDR376W,0,3.6710207,0.24318182468414307,0.10700000077486038,0.0333000011742115
YOR386W,YLR265C,1,3.670757,0.2448979616165161,0.1080000028014183,0.0333000011742115
YMR139W,YDL112W,0,3.6707437,0.24434389173984528,0.1080000028014183,0.033399999141693115
YBR214W,YLR441C,0,3.6706984,0.243792325258255,0.1080000028014183,0.03350000083446503
YJL041W,YDR231C,0,3.6670432,0.2432432472705841,0.1080000028014183,0.03359999880194664
YDR121W,YLR032W,1,3.6658962,0.24494382739067078,0.10899999737739563,0.03359999880194664
YBR289W,YDR288W,1,3.6650267,0.2466367781162262,0.10999999940395355,0.03359999880194664
YNL218W,YML095C,1,3.6626406,0.24832214415073395,0.11100000143051147,0.03359999880194664
YBR001C,YBR156C,0,3.6620502,0.2477678507566452,0.11100000143051147,0.03370000049471855
YOL127W,YLR266C,0,3.6620328,0.24721603095531464,0.11100000143051147,0.033799998462200165
YOR386W,YML095C,1,3.6603577,0.24888889491558075,0.1120000034570694,0.033799998462200165
YMR201C,YML095C,1,3.658913,0.25055432319641113,0.11299999803304672,0.033799998462200165
YOR037W,YER027C,0,3.6587338,0.25,0.11299999803304672,0.033900000154972076
YJR135C,YOR069W,0,3.6580937,0.24944812059402466,0.11299999803304672,0.03400000184774399
YOL072W,YML095C,1,3.6577404,0.2511013150215149,0.11400000005960464,0.03400000184774399
YML129C,YDR283C,0,3.6563895,0.25054946541786194,0.11400000005960464,0.0340999998152256
YCL069W,YJL102W,0,3.6563456,0.25,0.11400000005960464,0.03420000150799751
YMR098C,YLR139C,0,3.6561596,0.24945294857025146,0.11400000005960464,0.034299999475479126
YOL067C,YCL063W,0,3.6555793,0.24890829622745514,0.11400000005960464,0.03440000116825104
YNR070W,YPL085W,0,3.655043,0.24836601316928864,0.11400000005960464,0.03449999913573265
YAL010C,YKL042W,0,3.6546388,0.24782608449459076,0.11400000005960464,0.03460000082850456
YNL227C,YDR330W,0,3.654453,0.2472885102033615,0.11400000005960464,0.034699998795986176
YOR066W,YLR045C,0,3.654075,0.2467532455921173,0.11400000005960464,0.03480000048875809
YPL148C,YJL156C,0,3.6540103,0.24622030556201935,0.11400000005960464,0.0348999984562397
YER173W,YOR244W,1,3.6539056,0.24784483015537262,0.11500000208616257,0.0348999984562397
YDR420W,YLR010C,0,3.6538131,0.24731183052062988,0.11500000208616257,0.03500000014901161
YAL043C,YLR433C,0,3.6538026,0.2467811107635498,0.11500000208616257,0.035100001841783524
YOR278W,YJR160C,0,3.65356,0.24625267088413239,0.11500000208616257,0.03519999980926514
YOR057W,YER030W,0,3.653105,0.24572649598121643,0.11500000208616257,0.03530000150203705
YBR001C,YLR147C,0,3.6518042,0.24520255625247955,0.11500000208616257,0.03539999946951866
YBL078C,YLR221C,0,3.651759,0.24468085169792175,0.11500000208616257,0.03550000116229057
YNL136W,YMR224C,1,3.6512115,0.24628449976444244,0.11599999666213989,0.03550000116229057
YNL330C,YCR092C,1,3.6511984,0.24788135290145874,0.11699999868869781,0.03550000116229057
YGR104C,YDR358W,0,3.6508987,0.2473572939634323,0.11699999868869781,0.035599999129772186
YDR503C,YDR120C,0,3.6500683,0.24683544039726257,0.11699999868869781,0.0357000008225441
YMR070W,YNR011C,0,3.649432,0.24631579220294952,0.11699999868869781,0.03579999879002571
YPL022W,YOR217W,1,3.6477168,0.2478991597890854,0.11800000071525574,0.03579999879002571
YER147C,YPL153C,1,3.6474864,0.24947589635849,0.11900000274181366,0.03579999879002571
YOR179C,YMR184W,0,3.6466007,0.24895396828651428,0.11900000274181366,0.03590000048279762
YJL080C,YMR004W,0,3.6460693,0.24843423068523407,0.11900000274181366,0.035999998450279236
YDL210W,YOR179C,0,3.644409,0.24791666865348816,0.11900000274181366,0.03610000014305115
YDR440W,YMR201C,1,3.6432853,0.2494802474975586,0.11999999731779099,0.03610000014305115
YFR003C,YAL020C,0,3.6432407,0.2489626556634903,0.11999999731779099,0.03620000183582306
YDR052C,YDR228C,0,3.6414213,0.2484472095966339,0.11999999731779099,0.03629999980330467
YAL010C,YDR503C,0,3.6412537,0.24793387949466705,0.11999999731779099,0.036400001496076584
YOL018C,YDR390C,0,3.640459,0.24742268025875092,0.11999999731779099,0.0364999994635582
YDL164C,YJL090C,1,3.640312,0.24897119402885437,0.12099999934434891,0.0364999994635582
YDR315C,YDR014W,0,3.6394618,0.24845996499061584,0.12099999934434891,0.03660000115633011
YJL133W,YGL059W,0,3.638913,0.24795082211494446,0.12099999934434891,0.03669999912381172
YCR096C,YPR070W,0,3.6381347,0.2474437654018402,0.12099999934434891,0.03680000081658363
YER095W,YBR087W,1,3.6364267,0.2489795982837677,0.12200000137090683,0.03680000081658363
YNL039W,YLR078C,0,3.6360786,0.24847251176834106,0.12200000137090683,0.03689999878406525
YLR304C,YOR069W,0,3.6323717,0.24796748161315918,0.12200000137090683,0.03700000047683716
YBR040W,YDL184C,0,3.6310155,0.24746450781822205,0.12200000137090683,0.03709999844431877
YNL218W,YGR002C,1,3.6299727,0.2489878535270691,0.12300000339746475,0.03709999844431877
YCL061C,YOR242C,0,3.6298845,0.24848484992980957,0.12300000339746475,0.03720000013709068
YBR245C,YHR129C,0,3.6290627,0.2479838728904724,0.12300000339746475,0.037300001829862595
YNL039W,YOL056W,0,3.6289237,0.24748490750789642,0.12300000339746475,0.03739999979734421
YPL177C,YBL021C,0,3.6287873,0.2469879537820816,0.12300000339746475,0.03750000149011612
YFL004W,YBR214W,0,3.626476,0.24649298191070557,0.12300000339746475,0.03759999945759773
YLR373C,YLL001W,0,3.6262774,0.2460000067949295,0.12300000339746475,0.037700001150369644
YPR070W,YNL012W,0,3.623415,0.24550898373126984,0.12300000339746475,0.03779999911785126
YER070W,YDR436W,0,3.6220052,0.24501992762088776,0.12300000339746475,0.03790000081062317
YIL004C,YPL033C,0,3.6217148,0.24453280866146088,0.12300000339746475,0.03799999877810478
YGR058W,YLR418C,0,3.620577,0.244047611951828,0.12300000339746475,0.038100000470876694
YHL024W,YKL059C,0,3.6195261,0.24356435239315033,0.12300000339746475,0.03819999843835831
YIL109C,YDR052C,0,3.6194696,0.24308300018310547,0.12300000339746475,0.03830000013113022
YDR533C,YIL113W,0,3.6188943,0.24260355532169342,0.12300000339746475,0.03840000182390213
YIL004C,YJR134C,0,3.6174724,0.2421259880065918,0.12300000339746475,0.03849999979138374
YDR523C,YKL028W,0,3.6170852,0.2416502982378006,0.12300000339746475,0.038600001484155655
YIL072W,YEL050C,0,3.6160204,0.24117647111415863,0.12300000339746475,0.03869999945163727
YOR076C,YCR037C,0,3.6157215,0.2407045066356659,0.12300000339746475,0.03880000114440918
YNR027W,YLR176C,0,3.614745,0.240234375,0.12300000339746475,0.03889999911189079
YDR320C,YBR185C,0,3.6137173,0.23976607620716095,0.12300000339746475,0.039000000804662704
YMR201C,YCR092C,1,3.6134498,0.24124513566493988,0.12399999797344208,0.039000000804662704
YGL232W,YDR358W,0,3.6129723,0.24077670276165009,0.12399999797344208,0.03909999877214432
YFL047W,YJR022W,0,3.6125996,0.24031007289886475,0.12399999797344208,0.03920000046491623
YLR427W,YBR160W,1,3.6125684,0.24177949130535126,0.125,0.03920000046491623
YMR201C,YLR265C,1,3.6124492,0.2432432472705841,0.12600000202655792,0.03920000046491623
YJL164C,YMR312W,0,3.6121027,0.24277456104755402,0.12600000202655792,0.03929999843239784
YOR308C,YKL140W,0,3.6117418,0.24230769276618958,0.12600000202655792,0.039400000125169754
YOL103W,YOR242C,0,3.6109025,0.2418426126241684,0.12600000202655792,0.039500001817941666
YHR027C,YBL057C,0,3.6103675,0.24137930572032928,0.12600000202655792,0.03959999978542328
YFR005C,YLR045C,0,3.6087725,0.24091778695583344,0.12600000202655792,0.03970000147819519
YFL047W,YKR097W,0,3.608243,0.24045801162719727,0.12600000202655792,0.039799999445676804
YPL022W,YMR201C,1,3.6081846,0.24190476536750793,0.12700000405311584,0.039799999445676804
YLR357W,YPL153C,1,3.6081846,0.24334600567817688,0.12800000607967377,0.039799999445676804
YOR070C,YHR129C,0,3.605466,0.24288424849510193,0.12800000607967377,0.039900001138448715
YJL072C,YOR075W,0,3.6048882,0.24242424964904785,0.12800000607967377,0.03999999910593033
YNL012W,YBR122C,0,3.6044788,0.24196597933769226,0.12800000607967377,0.04010000079870224
YJL090C,YMR224C,1,3.6040714,0.24339622259140015,0.1289999932050705,0.04010000079870224
YJR013W,YIL004C,0,3.6038668,0.2429378479719162,0.1289999932050705,0.04019999876618385
YER095W,YPL121C,1,3.6014972,0.24436090886592865,0.12999999523162842,0.04019999876618385
YOL100W,YDR279W,0,3.599874,0.24390244483947754,0.12999999523162842,0.040300000458955765
YPL059W,YNL188W,0,3.5992613,0.24344569444656372,0.12999999523162842,0.04039999842643738
YKL089W,YDL146W,0,3.597728,0.2429906576871872,0.12999999523162842,0.04050000011920929
YKR048C,YJR089W,0,3.596186,0.24253731966018677,0.12999999523162842,0.0406000018119812
YBL103C,YNR020C,0,3.5955293,0.24208566546440125,0.12999999523162842,0.040699999779462814
YOL067C,YOL018C,0,3.5953887,0.24163569509983063,0.12999999523162842,0.040800001472234726
YEL061C,YPL103C,0,3.594087,0.24118737876415253,0.12999999523162842,0.04089999943971634
YEL064C,YER164W,0,3.5935538,0.24074074625968933,0.12999999523162842,0.04100000113248825
YNR008W,YOL003C,0,3.5934677,0.24029575288295746,0.12999999523162842,0.041099999099969864
YBL093C,YOL056W,0,3.5927808,0.2398523986339569,0.12999999523162842,0.041200000792741776
YDR242W,YFL036W,0,3.5913167,0.23941068351268768,0.12999999523162842,0.04129999876022339
YMR094W,YDL184C,0,3.5913055,0.2389705926179886,0.12999999523162842,0.0414000004529953
YJR160C,YDL017W,0,3.5912013,0.23853211104869843,0.12999999523162842,0.04149999842047691
YCR010C,YHR036W,0,3.5907938,0.2380952388048172,0.12999999523162842,0.041600000113248825
YDR219C,YBR166C,0,3.5907764,0.23765996098518372,0.12999999523162842,0.04170000180602074
YDR118W,YNL189W,0,3.5897765,0.23722627758979797,0.12999999523162842,0.04179999977350235
YBR050C,YFR007W,0,3.5888572,0.23679417371749878,0.12999999523162842,0.04190000146627426
YNR011C,YGL249W,0,3.5883448,0.23636363446712494,0.12999999523162842,0.041999999433755875
YOR066W,YDR231C,0,3.584639,0.23593465983867645,0.12999999523162842,0.042100001126527786
YER095W,YGL090W,1,3.5845745,0.23731884360313416,0.13099999725818634,0.042100001126527786
YPR005C,YMR023C,0,3.5827272,0.23688969016075134,0.13099999725818634,0.0421999990940094
YHR031C,YGR063C,0,3.582658,0.2364620864391327,0.13099999725818634,0.04230000078678131
YNR008W,YDR014W,0,3.582062,0.2360360324382782,0.13099999725818634,0.042399998754262924
YMR257C,YLR418C,0,3.5815403,0.23561151325702667,0.13099999725818634,0.042500000447034836
YBR087W,YNL136W,1,3.5814402,0.23698383569717407,0.13199999928474426,0.042500000447034836
YNL077W,YDL008W,0,3.580099,0.23655913770198822,0.13199999928474426,0.04259999841451645
YDR532C,YMR023C,0,3.5799286,0.23613595962524414,0.13199999928474426,0.04270000010728836
YJR110W,YMR080C,0,3.5792534,0.23571428656578064,0.13199999928474426,0.04280000180006027
YOR386W,YOR346W,1,3.5792456,0.23707665503025055,0.13300000131130219,0.04280000180006027
YMR094W,YOL007C,0,3.5786703,0.23665480315685272,0.13300000131130219,0.042899999767541885
YNL012W,YGL084C,0,3.577513,0.23623445630073547,0.13300000131130219,0.0430000014603138
YER173W,YJR068W,1,3.577196,0.23758865892887115,0.1340000033378601,0.0430000014603138
YMR036C,YLR045C,0,3.5765269,0.23716814815998077,0.1340000033378601,0.04309999942779541
YDR238C,YHR167W,0,3.5762594,0.23674911260604858,0.1340000033378601,0.04320000112056732
YOR346W,YPL153C,1,3.5750291,0.2380952388048172,0.13500000536441803,0.04320000112056732
YJR001W,YDR088C,0,3.5747612,0.23767605423927307,0.13500000536441803,0.043299999088048935
YLR214W,YDR117C,0,3.5714228,0.23725834488868713,0.13500000536441803,0.04340000078082085
YNR045W,YBL061C,0,3.5713656,0.2368421107530594,0.13500000536441803,0.04349999874830246
YNR016C,YJL062W,0,3.5708997,0.23642732203006744,0.13500000536441803,0.04360000044107437
YBR024W,YNL077W,0,3.5706885,0.2360139787197113,0.13500000536441803,0.043699998408555984
YCL061C,YBL074C,0,3.5703113,0.23560209572315216,0.13500000536441803,0.043800000101327896
YDR356W,YHR017W,0,3.5690868,0.23519164323806763,0.13500000536441803,0.04390000179409981
YOR384W,YLR097C,0,3.567657,0.2347826063632965,0.13500000536441803,0.04399999976158142
YGL223C,YML129C,0,3.5671093,0.234375,0.13500000536441803,0.04410000145435333
YPL194W,YAR007C,1,3.5664234,0.23570190370082855,0.13600000739097595,0.04410000145435333
YOR265W,YDL085W,0,3.565279,0.23529411852359772,0.13600000739097595,0.044199999421834946
YDL069C,YFL029C,0,3.5649805,0.2348877340555191,0.13600000739097595,0.04430000111460686
YHR017W,YDL095W,0,3.5626998,0.2344827651977539,0.13600000739097595,0.04439999908208847
YLR032W,YCR092C,1,3.5625622,0.2358003407716751,0.13699999451637268,0.04439999908208847
YLR015W,YNL289W,0,3.562347,0.23539519309997559,0.13699999451637268,0.04450000077486038
YFL036W,YBR273C,0,3.5613153,0.2349914163351059,0.13699999451637268,0.044599998742341995
YIL009C-A,YMR004W,0,3.5606194,0.23458904027938843,0.13699999451637268,0.04470000043511391
YDL069C,YHR153C,0,3.5596995,0.2341880351305008,0.13699999451637268,0.04479999840259552
YML027W,YDL069C,0,3.5588121,0.233788400888443,0.13699999451637268,0.04490000009536743
YIR017C,YOR269W,0,3.5570507,0.23339012265205383,0.13699999451637268,0.04500000178813934
YMR188C,YOR080W,0,3.556324,0.2329932004213333,0.13699999451637268,0.045099999755620956
YDR356W,YBL064C,0,3.5551856,0.23259761929512024,0.13699999451637268,0.04520000144839287
YOL105C,YBR231C,0,3.5548215,0.2322033941745758,0.13699999451637268,0.04529999941587448
YBR213W,YGL155W,0,3.5536568,0.23181049525737762,0.13699999451637268,0.04540000110864639
YOL138C,YPL159C,0,3.5535038,0.2314189225435257,0.13699999451637268,0.045499999076128006
YMR247C,YDR501W,0,3.5534618,0.23102866113185883,0.13699999451637268,0.04560000076889992
YIL093C,YJR058C,0,3.5522828,0.2306397259235382,0.13699999451637268,0.04569999873638153
YPL121C,YDR288W,1,3.5522187,0.23193277418613434,0.1379999965429306,0.04569999873638153
YLR427W,YAR007C,1,3.552205,0.23322147130966187,0.13899999856948853,0.04569999873638153
YDR478W,YDR047W,0,3.551801,0.23283082246780396,0.13899999856948853,0.04580000042915344
YOR076C,YKL116C,0,3.5517905,0.2324414700269699,0.13899999856948853,0.045899998396635056
YDR440W,YOR386W,1,3.5514424,0.23372286558151245,0.14000000059604645,0.045899998396635056
YGR223C,YAL025C,0,3.5512586,0.23333333432674408,0.14000000059604645,0.04600000008940697
YNR011C,YMR204C,0,3.550429,0.23294508457183838,0.14000000059604645,0.04610000178217888
YOR080W,YAL025C,0,3.550372,0.23255814611911774,0.14000000059604645,0.04619999974966049
YML043C,YDR330W,0,3.550246,0.23217247426509857,0.14000000059604645,0.046300001442432404
YOR384W,YIL150C,0,3.5499606,0.23178808391094208,0.14000000059604645,0.04639999940991402
YNL136W,YPL153C,1,3.549873,0.23305785655975342,0.14100000262260437,0.04639999940991402
YKR090W,YLR381W,0,3.5490751,0.2326732724905014,0.14100000262260437,0.04650000110268593
YIL004C,YER164W,0,3.5488775,0.23228995501995087,0.14100000262260437,0.04659999907016754
YER147C,YOR290C,1,3.5473847,0.23355263471603394,0.1420000046491623,0.04659999907016754
YDR121W,YER147C,1,3.5469604,0.23481117188930511,0.14300000667572021,0.04659999907016754
YOL139C,YHR160C,0,3.546556,0.23442623019218445,0.14300000667572021,0.04670000076293945
YMR287C,YGL222C,0,3.5461328,0.23404255509376526,0.14300000667572021,0.046799998730421066
YEL002C,YBL023C,0,3.5456698,0.23366013169288635,0.14300000667572021,0.04690000042319298
YKR048C,YIR023W,0,3.5450766,0.23327895998954773,0.14300000667572021,0.04699999839067459
YHR167W,YIR017C,0,3.54449,0.2328990250825882,0.14300000667572021,0.0471000000834465
YJR013W,YHR017W,0,3.5442288,0.23252032697200775,0.14300000667572021,0.047200001776218414
YDR479C,YDR520C,0,3.544226,0.2321428507566452,0.14300000667572021,0.04729999974370003
YOR076C,YDR031W,0,3.5442219,0.23176661133766174,0.14300000667572021,0.04740000143647194
YER082C,YHL036W,0,3.5431817,0.23139157891273499,0.14300000667572021,0.04749999940395355
YBL022C,YOR221C,0,3.541333,0.23101776838302612,0.14300000667572021,0.047600001096725464
YGL040C,YER180C,0,3.541233,0.23064516484737396,0.14300000667572021,0.04769999906420708
YKR061W,YBL022C,0,3.541145,0.2302737534046173,0.14300000667572021,0.04780000075697899
YPR168W,YGL155W,0,3.5407338,0.22990353405475616,0.14300000667572021,0.0478999987244606
YNL242W,YKL034W,0,3.5395198,0.22953450679779053,0.14300000667572021,0.04800000041723251
YLR266C,YNL227C,0,3.5389931,0.2291666716337204,0.14300000667572021,0.04809999838471413
YPL121C,YOL072W,1,3.5376055,0.2303999960422516,0.14399999380111694,0.04809999838471413
YKL108W,YMR311C,0,3.5375557,0.23003195226192474,0.14399999380111694,0.04820000007748604
YGR002C,YOL072W,1,3.5373623,0.23125997185707092,0.14499999582767487,0.04820000007748604
YDL137W,YDR252W,0,3.5368547,0.23089171946048737,0.14499999582767487,0.04830000177025795
YNL039W,YPR005C,0,3.5360284,0.23052464425563812,0.14499999582767487,0.04839999973773956
YNL330C,YLR032W,1,3.5340164,0.23174603283405304,0.1459999978542328,0.04839999973773956
YOR036W,YBL022C,0,3.5326884,0.23137876391410828,0.1459999978542328,0.048500001430511475
YHR161C,YJL125C,0,3.5314121,0.23101265728473663,0.1459999978542328,0.04859999939799309
YMR201C,YIL126W,1,3.531208,0.23222748935222626,0.1469999998807907,0.04859999939799309
YPL155C,YCR037C,0,3.5311728,0.2318612039089203,0.1469999998807907,0.048700001090765
YAL020C,YFR008W,0,3.5302033,0.23149606585502625,0.1469999998807907,0.04879999905824661
YJR076C,YGR075C,0,3.5299954,0.23113207519054413,0.1469999998807907,0.048900000751018524
YMR264W,YLR306W,0,3.5281198,0.23076923191547394,0.1469999998807907,0.04899999871850014
YDR270W,YAR018C,0,3.5259602,0.23040752112865448,0.1469999998807907,0.04910000041127205
YOR037W,YDR356W,0,3.5233872,0.23004694283008575,0.1469999998807907,0.04919999837875366
YDL101C,YLR427W,1,3.523211,0.23125000298023224,0.14800000190734863,0.04919999837875366
YGL059W,YNL244C,0,3.5224614,0.230889230966568,0.14800000190734863,0.049300000071525574
YJL090C,YOR244W,1,3.5217497,0.23208722472190857,0.14900000393390656,0.049300000071525574
YKL173W,YDR117C,0,3.5216367,0.2317262887954712,0.14900000393390656,0.049400001764297485
YBR160W,YHR099W,1,3.5194786,0.23291926085948944,0.15000000596046448,0.049400001764297485
YPL194W,YGL090W,1,3.5191896,0.23410852253437042,0.1509999930858612,0.049400001764297485
YNL077W,YNL325C,0,3.5179732,0.23374612629413605,0.1509999930858612,0.0494999997317791
YDL164C,YCR092C,1,3.516002,0.23493044078350067,0.15199999511241913,0.0494999997317791
YBR240C,YDR424C,0,3.5148742,0.23456789553165436,0.15199999511241913,0.04960000142455101
YDL164C,YPL022W,1,3.5145383,0.2357473075389862,0.15299999713897705,0.04960000142455101
YLR015W,YDL080C,0,3.5142279,0.23538461327552795,0.15299999713897705,0.04969999939203262
YML104C,YDR166C,0,3.514014,0.23502303659915924,0.15299999713897705,0.049800001084804535
YMR201C,YDL200C,1,3.513017,0.23619632422924042,0.15399999916553497,0.049800001084804535
YGL090W,YOL072W,1,3.5126157,0.23736600577831268,0.1550000011920929,0.049800001084804535
YDL101C,YER147C,1,3.5122912,0.23853211104869843,0.15600000321865082,0.049800001084804535
YML104C,YOR374W,0,3.5109193,0.23816794157028198,0.15600000321865082,0.04989999905228615
YPL022W,YMR224C,1,3.510505,0.2393292635679245,0.15700000524520874,0.04989999905228615
YDR022C,YMR289W,0,3.5097635,0.2389649897813797,0.15700000524520874,0.05000000074505806
YJL090C,YGR002C,1,3.5094454,0.24012157320976257,0.15800000727176666,0.05000000074505806
YDL080C,YJL106W,0,3.5092309,0.2397572100162506,0.15800000727176666,0.05009999871253967
YDL101C,YOR386W,1,3.5088296,0.24090908467769623,0.1589999943971634,0.05009999871253967
YDR440W,YGL090W,1,3.5078673,0.24205748736858368,0.1599999964237213,0.05009999871253967
YOL100W,YGR154C,0,3.5074923,0.24169184267520905,0.1599999964237213,0.050200000405311584
YDR003W,YMR026C,0,3.5057948,0.24132730066776276,0.1599999964237213,0.0502999983727932
YBR213W,YPL111W,0,3.5051916,0.2409638613462448,0.1599999964237213,0.05040000006556511
YDR424C,YDR169C,0,3.5050476,0.24060150980949402,0.1599999964237213,0.05050000175833702
YNL218W,YKL017C,1,3.5039244,0.24174174666404724,0.16099999845027924,0.05050000175833702
YBR176W,YJL153C,0,3.5021813,0.24137930572032928,0.16099999845027924,0.050599999725818634
YBR264C,YJL106W,0,3.5018175,0.24101796746253967,0.16099999845027924,0.050700001418590546
YGL249W,YLR154C,0,3.5010066,0.24065770208835602,0.16099999845027924,0.05079999938607216
YGR200C,YMR017W,0,3.4998934,0.24029850959777832,0.16099999845027924,0.05090000107884407
YMR287C,YDR130C,0,3.4995277,0.23994038999080658,0.16099999845027924,0.050999999046325684
YPR168W,YNL268W,0,3.4980743,0.2395833283662796,0.16099999845027924,0.051100000739097595
YMR306W,YLL050C,0,3.4978402,0.23922733962535858,0.16099999845027924,0.05119999870657921
YMR094W,YHR136C,0,3.4970117,0.23887240886688232,0.16099999845027924,0.05130000039935112
YPL060W,YAL035W,0,3.4964995,0.23851852118968964,0.16099999845027924,0.05139999836683273
YER051W,YLR403W,0,3.4962707,0.23816567659378052,0.16099999845027924,0.051500000059604645
YDR440W,YGR002C,1,3.4957602,0.2392909824848175,0.16200000047683716,0.051500000059604645
YPL060W,YJL097W,0,3.4945345,0.23893804848194122,0.16200000047683716,0.051600001752376556
YNL310C,YKL042W,0,3.4943511,0.2385861575603485,0.16200000047683716,0.05169999971985817
YMR139W,YBR175W,0,3.4936535,0.23823529481887817,0.16200000047683716,0.05180000141263008
YMR201C,YOL072W,1,3.4930975,0.23935389518737793,0.16300000250339508,0.05180000141263008
YBR160W,YJR068W,1,3.493061,0.24046920239925385,0.164000004529953,0.05180000141263008
YLR154C,YBR214W,0,3.4922862,0.2401171326637268,0.164000004529953,0.051899999380111694
YDL115C,YBR122C,0,3.4915073,0.23976607620716095,0.164000004529953,0.052000001072883606
YAL043C,YBR166C,0,3.4907176,0.23941606283187866,0.164000004529953,0.05209999904036522
YBR296C,YJL073W,0,3.4904802,0.23906706273555756,0.164000004529953,0.05220000073313713
YBR036C,YLR385C,0,3.489508,0.23871906101703644,0.164000004529953,0.052299998700618744
YJL041W,YPL123C,0,3.48821,0.2383720874786377,0.164000004529953,0.052400000393390656
YDR022C,YOL156W,0,3.4869974,0.23802612721920013,0.164000004529953,0.05249999836087227
YPL121C,YJR068W,1,3.4868906,0.239130437374115,0.16500000655651093,0.05249999836087227
YPL194W,YOL072W,1,3.4855921,0.24023154377937317,0.16599999368190765,0.05249999836087227
YGR002C,YPL153C,1,3.48534,0.24132947623729706,0.16699999570846558,0.05249999836087227
YAR007C,YMR224C,1,3.484891,0.24242424964904785,0.1679999977350235,0.05249999836087227
YFR041C,YDR376W,0,3.4845304,0.24207492172718048,0.1679999977350235,0.05260000005364418
YIL084C,YPR032W,0,3.4839466,0.24172662198543549,0.1679999977350235,0.05270000174641609
YMR302C,YBL020W,0,3.4830544,0.24137930572032928,0.1679999977350235,0.052799999713897705
YOL100W,YGR262C,0,3.4809105,0.24103300273418427,0.1679999977350235,0.05290000140666962
YPL204W,YPL153C,1,3.4794261,0.24212034046649933,0.16899999976158142,0.05290000140666962
YOR174W,YER007W,0,3.4790318,0.24177396297454834,0.16899999976158142,0.05299999937415123
YGR101W,YOR174W,0,3.4786184,0.24142856895923615,0.16899999976158142,0.05310000106692314
YNL325C,YDL008W,0,3.4771948,0.24108415842056274,0.16899999976158142,0.053199999034404755
YBR264C,YPR070W,0,3.4765913,0.24074074625968933,0.16899999976158142,0.053300000727176666
YAL013W,YJR089W,0,3.4746063,0.24039828777313232,0.16899999976158142,0.05339999869465828
YDL120W,YDR318W,0,3.4738693,0.2400568127632141,0.16899999976158142,0.05350000038743019
YMR070W,YER111C,0,3.4725938,0.2397163063287735,0.16899999976158142,0.053599998354911804
YDL101C,YGL090W,1,3.4718254,0.24079319834709167,0.17000000178813934,0.053599998354911804
YDR532C,YMR264W,0,3.4716446,0.2404526174068451,0.17000000178813934,0.053700000047683716
YGL119W,YDR356W,0,3.4709766,0.24011299014091492,0.17000000178813934,0.05380000174045563
YML034W,YDL192W,0,3.4701269,0.23977433145046234,0.17000000178813934,0.05389999970793724
YPL022W,YNL136W,1,3.4699733,0.24084506928920746,0.17100000381469727,0.05389999970793724
YMR298W,YOR057W,0,3.4686968,0.2405063360929489,0.17100000381469727,0.05400000140070915
YLR032W,YOL072W,1,3.4683263,0.2415730357170105,0.1720000058412552,0.05400000140070915
YDR326C,YLR306W,0,3.4680464,0.24123422801494598,0.1720000058412552,0.054099999368190765
YOR174W,YEL061C,0,3.4677045,0.24089635908603668,0.1720000058412552,0.05420000106096268
YFL047W,YGR286C,0,3.4668849,0.2405594438314438,0.1720000058412552,0.05429999902844429
YIL026C,YOL149W,0,3.4667401,0.2402234673500061,0.1720000058412552,0.0544000007212162
YMR314W,YNL227C,0,3.4664376,0.23988842964172363,0.1720000058412552,0.054499998688697815
YER147C,YML095C,1,3.4662137,0.24094708263874054,0.17299999296665192,0.054499998688697815
YLR385C,YDR031W,0,3.4657934,0.2406119555234909,0.17299999296665192,0.05460000038146973
YJL153C,YPL269W,0,3.4656246,0.24027778208255768,0.17299999296665192,0.05469999834895134
YOL067C,YOR373W,0,3.4654953,0.23994451761245728,0.17299999296665192,0.05480000004172325
YDR532C,YJR110W,0,3.4607127,0.23961219191551208,0.17299999296665192,0.05490000173449516
YDR071C,YEL061C,0,3.4598405,0.23928077518939972,0.17299999296665192,0.054999999701976776
YKR062W,YDL146W,0,3.4596708,0.23895028233528137,0.17299999296665192,0.05510000139474869
YDR356W,YAL062W,0,3.4585402,0.23862068355083466,0.17299999296665192,0.0551999993622303
YBR041W,YNL158W,0,3.458444,0.23829200863838196,0.17299999296665192,0.05530000105500221
YGL090W,YCR092C,1,3.4576128,0.23933975398540497,0.17399999499320984,0.05530000105500221
YBR050C,YOL149W,0,3.4562893,0.2390109896659851,0.17399999499320984,0.055399999022483826
YOR278W,YDR197W,0,3.455821,0.23868313431739807,0.17399999499320984,0.05550000071525574
YHR031C,YOR036W,0,3.455335,0.23835615813732147,0.17399999499320984,0.05559999868273735
YOR069W,YLR221C,0,3.4551141,0.2380300909280777,0.17399999499320984,0.05570000037550926
YGR047C,YLR418C,0,3.4526522,0.23770491778850555,0.17399999499320984,0.055799998342990875
YNL292W,YPL060W,0,3.4523058,0.23738062381744385,0.17399999499320984,0.05590000003576279
YDR121W,YML095C,1,3.4512208,0.23841962218284607,0.17499999701976776,0.05590000003576279
YPL157W,YHR171W,0,3.4507244,0.2380952388048172,0.17499999701976776,0.0560000017285347
YNL136W,YER147C,1,3.4503431,0.239130437374115,0.17599999904632568,0.0560000017285347
YLR266C,YDL141W,0,3.4494565,0.23880596458911896,0.17599999904632568,0.05609999969601631
YDR052C,YIR009W,0,3.4491732,0.23848238587379456,0.17599999904632568,0.05620000138878822
YJR126C,YJR089W,0,3.4490404,0.2381596714258194,0.17599999904632568,0.056299999356269836
YNL128W,YDL017W,0,3.4466825,0.23783783614635468,0.17599999904632568,0.05640000104904175
YAL020C,YJL153C,0,3.4460993,0.2375168651342392,0.17599999904632568,0.05649999901652336
YDL030W,YGL059W,0,3.4459083,0.23719675838947296,0.17599999904632568,0.05660000070929527
YKL089W,YER174C,0,3.4458492,0.23687753081321716,0.17599999904632568,0.056699998676776886
YLR032W,YER173W,1,3.445331,0.23790322244167328,0.1770000010728836,0.056699998676776886
YHR023W,YLR010C,0,3.444558,0.23758389055728912,0.1770000010728836,0.0568000003695488
YJR158W,YER106W,0,3.4443963,0.2372654229402542,0.1770000010728836,0.05689999833703041
YGR263C,YOL100W,0,3.44312,0.23694778978824615,0.1770000010728836,0.05700000002980232
YIL026C,YMR037C,0,3.4426305,0.23663102090358734,0.1770000010728836,0.057100001722574234
YAR007C,YDR288W,1,3.44256,0.23765020072460175,0.17800000309944153,0.057100001722574234
YGL213C,YBR123C,0,3.4400632,0.23733332753181458,0.17800000309944153,0.05719999969005585
YML034W,YBR122C,0,3.438156,0.23701730370521545,0.17800000309944153,0.05730000138282776
YML095C,YKL017C,1,3.4349334,0.23803190886974335,0.17900000512599945,0.05730000138282776
YKL140W,YEL059C-A,0,3.4342206,0.23771581053733826,0.17900000512599945,0.05739999935030937
YDR532C,YBR022W,0,3.4329984,0.23740053176879883,0.17900000512599945,0.057500001043081284
YDL069C,YDR013W,0,3.4317956,0.23708608746528625,0.17900000512599945,0.0575999990105629
YDL085W,YHR147C,0,3.4314077,0.23677249252796173,0.17900000512599945,0.05770000070333481
YDR421W,YOL140W,0,3.4311717,0.23645970225334167,0.17900000512599945,0.05779999867081642
YKL034W,YGR220C,0,3.430905,0.23614776134490967,0.17900000512599945,0.05790000036358833
YMR201C,YJR068W,1,3.4288974,0.23715415596961975,0.18000000715255737,0.05790000036358833
YMR224C,YER173W,1,3.42768,0.23815789818763733,0.1809999942779541,0.05790000036358833
YML129C,YDR014W,0,3.4275362,0.23784494400024414,0.1809999942779541,0.057999998331069946
YNL158W,YDL067C,0,3.4272592,0.2375328093767166,0.1809999942779541,0.05810000002384186
YPR070W,YGR076C,0,3.4258597,0.23722149431705475,0.1809999942779541,0.05820000171661377
YMR292W,YDR368W,0,3.4248264,0.23691099882125854,0.1809999942779541,0.05829999968409538
YOR384W,YDL115C,0,3.4246738,0.2366013079881668,0.1809999942779541,0.058400001376867294
YDL101C,YPL194W,1,3.4243462,0.23759791254997253,0.18199999630451202,0.058400001376867294
YDL166C,YIR017C,0,3.4234164,0.23728813230991364,0.18199999630451202,0.05849999934434891
YHR067W,YKR009C,0,3.423272,0.2369791716337204,0.18199999630451202,0.05860000103712082
YBR213W,YCR053W,0,3.423257,0.23667100071907043,0.18199999630451202,0.05869999900460243
YOR174W,YIL124W,0,3.4218628,0.23636363446712494,0.18199999630451202,0.058800000697374344
YBR240C,YDL006W,0,3.4205217,0.2360570728778839,0.18199999630451202,0.05889999866485596
YDL101C,YML095C,1,3.419697,0.23704662919044495,0.18299999833106995,0.05889999866485596
YJL062W,YHR129C,0,3.4196823,0.23673997819423676,0.18299999833106995,0.05900000035762787
YER095W,YOR244W,1,3.4195642,0.237726092338562,0.18400000035762787,0.05900000035762787
YOR167C,YMR311C,0,3.4193227,0.23741935193538666,0.18400000035762787,0.05909999832510948
YDL164C,YMR224C,1,3.4191751,0.23840206861495972,0.1850000023841858,0.05909999832510948
YLR032W,YPL153C,1,3.41828,0.23938223719596863,0.1860000044107437,0.05909999832510948
YIR002C,YMR201C,1,3.417786,0.24035990238189697,0.18700000643730164,0.05909999832510948
YNL166C,YIL113W,0,3.4176378,0.24005134403705597,0.18700000643730164,0.05920000001788139
YHR186C,YLR079W,0,3.4175956,0.23974359035491943,0.18700000643730164,0.059300001710653305
YPR081C,YPR031W,0,3.4154804,0.23943662643432617,0.18700000643730164,0.05939999967813492
YNL159C,YER106W,0,3.414004,0.239130437374115,0.18700000643730164,0.05950000137090683
YNL136W,YLR032W,1,3.4131312,0.24010217189788818,0.18799999356269836,0.05950000137090683
YML034W,YHR181W,0,3.4129353,0.23979592323303223,0.18799999356269836,0.05959999933838844
YDR242W,YGL095C,0,3.412655,0.23949044942855835,0.18799999356269836,0.059700001031160355
YNL218W,YLR427W,1,3.4125767,0.24045801162719727,0.1889999955892563,0.059700001031160355
YHR036W,YDR483W,0,3.4125755,0.2401524782180786,0.1889999955892563,0.05979999899864197
YMR287C,YER051W,0,3.4108872,0.23984771966934204,0.1889999955892563,0.05990000069141388
YDR356W,YJL065C,0,3.409911,0.23954372107982635,0.1889999955892563,0.05999999865889549
YLL013C,YLR097C,0,3.40931,0.23924051225185394,0.1889999955892563,0.060100000351667404
YDR224C,YOR386W,1,3.4091349,0.24020227789878845,0.1899999976158142,0.060100000351667404
YKR037C,YBR040W,0,3.408418,0.23989899456501007,0.1899999976158142,0.06019999831914902
YIL004C,YCL027W,0,3.4074776,0.23959647119045258,0.1899999976158142,0.06030000001192093
YNL158W,YJL121C,0,3.4070842,0.23929470777511597,0.1899999976158142,0.06040000170469284
YBR123C,YAL062W,0,3.4063294,0.23899370431900024,0.1899999976158142,0.060499999672174454
YDR315C,YLR306W,0,3.4062533,0.2386934608221054,0.1899999976158142,0.060600001364946365
YML034W,YMR204C,0,3.405932,0.23839397728443146,0.1899999976158142,0.06069999933242798
YEL017C-A,YMR184W,0,3.4046,0.2380952388048172,0.1899999976158142,0.06080000102519989
YHR153C,YBL037W,0,3.4038367,0.23779724538326263,0.1899999976158142,0.0608999989926815
YMR036C,YMR004W,0,3.4028153,0.23749999701976776,0.1899999976158142,0.061000000685453415
YDR440W,YER147C,1,3.4027598,0.23845192790031433,0.19099999964237213,0.061000000685453415
YFL039C,YOR217W,1,3.40187,0.23940148949623108,0.19200000166893005,0.061000000685453415
YKL059C,YDR380W,0,3.4017568,0.23910336196422577,0.19200000166893005,0.06109999865293503
YGL090W,YER147C,1,3.4013536,0.24004974961280823,0.19300000369548798,0.06109999865293503
YHR105W,YDL143W,0,3.4010007,0.23975154757499695,0.19300000369548798,0.06120000034570694
YNL330C,YER095W,1,3.4009385,0.2406947910785675,0.1940000057220459,0.06120000034570694
YNR011C,YMR094W,0,3.400585,0.24039652943611145,0.1940000057220459,0.06129999831318855
YIL126W,YOR386W,1,3.4004714,0.2413366287946701,0.19499999284744263,0.06129999831318855
YGR154C,YPR031W,0,3.399817,0.24103832244873047,0.19499999284744263,0.061400000005960464
YHR031C,YDR402C,0,3.3997357,0.24074074625968933,0.19499999284744263,0.061500001698732376
YBL021C,YLR010C,0,3.3996294,0.2404439002275467,0.19499999284744263,0.06159999966621399
YKL089W,YBR164C,0,3.3977895,0.24014778435230255,0.19499999284744263,0.0617000013589859
YLR396C,YJR022W,0,3.397085,0.2398523986339569,0.19499999284744263,0.061799999326467514
YPL022W,YBR289W,1,3.3970594,0.24078623950481415,0.19599999487400055,0.061799999326467514
YNL212W,YBL055C,0,3.3960888,0.24049079418182373,0.19599999487400055,0.061900001019239426
YOR155C,YKL108W,0,3.3953507,0.2401960790157318,0.19599999487400055,0.06199999898672104
YBL103C,YOR150W,0,3.3945196,0.2399020791053772,0.19599999487400055,0.06210000067949295
YOL031C,YDR318W,0,3.3935497,0.23960880935192108,0.19599999487400055,0.062199998646974564
YJL090C,YKL017C,1,3.3925064,0.24053724110126495,0.19699999690055847,0.062199998646974564
YLR090W,YPL051W,0,3.3921156,0.24024389684200287,0.19699999690055847,0.062300000339746475
YNL210W,YNL077W,0,3.3916218,0.23995128273963928,0.19699999690055847,0.06239999830722809
YKR062W,YMR071C,0,3.3909729,0.2396593689918518,0.19699999690055847,0.0625
YDL141W,YEL017C-A,0,3.3903666,0.23936817049980164,0.19699999690055847,0.06260000169277191
YBL088C,YLR032W,1,3.3901937,0.2402912676334381,0.1979999989271164,0.06260000169277191
YBR296C,YHR011W,0,3.38965,0.23999999463558197,0.1979999989271164,0.06270000338554382
YNL292W,YLR176C,0,3.3891575,0.23970943689346313,0.1979999989271164,0.06279999762773514
YLR427W,YLR265C,1,3.3885624,0.24062877893447876,0.19900000095367432,0.06279999762773514
YKR062W,YML115C,0,3.3881729,0.24033816158771515,0.19900000095367432,0.06289999932050705
YNL242W,YML077W,0,3.3871942,0.24004824459552765,0.19900000095367432,0.06300000101327896
YGL135W,YDR479C,0,3.3871627,0.23975904285907745,0.19900000095367432,0.06310000270605087
YMR004W,YBR164C,0,3.386689,0.23947051167488098,0.19900000095367432,0.06319999694824219
YMR036C,YKL116C,0,3.3863723,0.23918269574642181,0.19900000095367432,0.0632999986410141
YDL007W,YDL030W,0,3.3861172,0.23889556527137756,0.19900000095367432,0.06340000033378601
YER095W,YER173W,1,3.38564,0.23980815708637238,0.20000000298023224,0.06340000033378601
YDL101C,YKL017C,1,3.3843687,0.2407185584306717,0.20100000500679016,0.06340000033378601
YML095C,YLR265C,1,3.3841913,0.2416267991065979,0.20200000703334808,0.06340000033378601
YIL004C,YDR118W,0,3.3825858,0.2413381189107895,0.20200000703334808,0.06350000202655792
YPL022W,YLR357W,1,3.3815494,0.2422434389591217,0.2029999941587448,0.06350000202655792
YJR104C,YPL269W,0,3.3811822,0.2419547140598297,0.2029999941587448,0.06360000371932983
YOL031C,YDL080C,0,3.380211,0.24166665971279144,0.2029999941587448,0.06369999796152115
YDL043C,YKL173W,0,3.379296,0.24137930572032928,0.2029999941587448,0.06379999965429306
YOL018C,YMR306W,0,3.3789113,0.24109263718128204,0.2029999941587448,0.06390000134706497
YKL140W,YLR096W,0,3.378672,0.24080663919448853,0.2029999941587448,0.06400000303983688
YOR174W,YGL059W,0,3.3773608,0.24052132666110992,0.2029999941587448,0.0640999972820282
YDL127W,YPL103C,0,3.3769658,0.24023668467998505,0.2029999941587448,0.06419999897480011
YOL156W,YIL026C,0,3.3750882,0.2399527132511139,0.2029999941587448,0.06430000066757202
YER111C,YKL024C,0,3.3747723,0.23966942727565765,0.2029999941587448,0.06440000236034393
YPL121C,YIR002C,1,3.3740976,0.24056604504585266,0.20399999618530273,0.06440000236034393
YPL111W,YML115C,0,3.3738556,0.24028268456459045,0.20399999618530273,0.06449999660253525
YPR168W,YOR150W,0,3.3719575,0.23999999463558197,0.20399999618530273,0.06459999829530716
YDR265W,YDR279W,0,3.3702183,0.2397179752588272,0.20399999618530273,0.06469999998807907
YOL072W,YKL017C,1,3.3699548,0.24061033129692078,0.20499999821186066,0.06469999998807907
YKR090W,YER180C,0,3.3698273,0.24032825231552124,0.20499999821186066,0.06480000168085098
YKL017C,YLR265C,1,3.3697817,0.24121779203414917,0.20600000023841858,0.06480000168085098
YPL194W,YLR032W,1,3.367903,0.24210526049137115,0.2070000022649765,0.06480000168085098
YML124C,YJR022W,0,3.367539,0.24182243645191193,0.2070000022649765,0.0649000033736229
YOL105C,YBR207W,0,3.3674161,0.24154025316238403,0.2070000022649765,0.06499999761581421
YNL218W,YER173W,1,3.36736,0.24242424964904785,0.20800000429153442,0.06499999761581421
YDL101C,YGR002C,1,3.36659,0.24330617487430573,0.20900000631809235,0.06499999761581421
YNL136W,YOR217W,1,3.365382,0.24418604373931885,0.20999999344348907,0.06499999761581421
YER086W,YML034W,0,3.3651974,0.24390244483947754,0.20999999344348907,0.06509999930858612
YML034W,YNR007C,0,3.3642967,0.24361948668956757,0.20999999344348907,0.06520000100135803
YLL013C,YIL150C,0,3.3642676,0.24333719909191132,0.20999999344348907,0.06530000269412994
YPL022W,YGL090W,1,3.3631208,0.24421297013759613,0.210999995470047,0.06530000269412994
YGR154C,YOL140W,0,3.361925,0.2439306378364563,0.210999995470047,0.06539999693632126
YMR289W,YDR013W,0,3.3618019,0.243648961186409,0.210999995470047,0.06549999862909317
YER173W,YOR346W,1,3.36147,0.2445213347673416,0.21199999749660492,0.06549999862909317
YER173W,YPL204W,1,3.3613636,0.24539171159267426,0.21299999952316284,0.06549999862909317
YER114C,YGR223C,0,3.3605013,0.24510931968688965,0.21299999952316284,0.06560000032186508
YLR427W,YLR357W,1,3.360247,0.2459770143032074,0.21400000154972076,0.06560000032186508
YGR101W,YLR318W,0,3.3596478,0.2456946074962616,0.21400000154972076,0.065700002014637
YLR427W,YMR224C,1,3.3592865,0.24655963480472565,0.2150000035762787,0.065700002014637
YJL090C,YBR160W,1,3.3587573,0.24742268025875092,0.2160000056028366,0.065700002014637
YPL172C,YLR433C,0,3.3558817,0.2471395879983902,0.2160000056028366,0.0658000037074089
YIL093C,YJL065C,0,3.3552132,0.24685713648796082,0.2160000056028366,0.06589999794960022
YOR265W,YJL062W,0,3.3552115,0.24657534062862396,0.2160000056028366,0.06599999964237213
YOR175C,YJR110W,0,3.3545167,0.24629418551921844,0.2160000056028366,0.06610000133514404
YLR396C,YLR078C,0,3.3540301,0.24601367115974426,0.2160000056028366,0.06620000302791595
YJL073W,YMR292W,0,3.3532648,0.24573378264904022,0.2160000056028366,0.06629999727010727
YJL143W,YHR011W,0,3.351888,0.2454545497894287,0.2160000056028366,0.06639999896287918
YER113C,YMR165C,0,3.3510106,0.24517594277858734,0.2160000056028366,0.06650000065565109
YGL128C,YDL146W,0,3.349064,0.2448979616165161,0.2160000056028366,0.066600002348423
YAR007C,YCR092C,1,3.348758,0.24575310945510864,0.21699999272823334,0.066600002348423
YLL013C,YDR130C,0,3.3483977,0.24547511339187622,0.21699999272823334,0.06669999659061432
YML104C,YHR160C,0,3.347192,0.24519774317741394,0.21699999272823334,0.06679999828338623
YPR073C,YNL289W,0,3.3471472,0.2449209988117218,0.21699999272823334,0.06689999997615814
YDR358W,YLR188W,0,3.3466127,0.2446448653936386,0.21699999272823334,0.06700000166893005
YER095W,YDL164C,1,3.346504,0.2454954981803894,0.21799999475479126,0.06700000166893005
YIL150C,YNL039W,0,3.345154,0.24521934986114502,0.21799999475479126,0.06710000336170197
YER173W,YLR357W,1,3.344549,0.24606741964817047,0.21899999678134918,0.06710000336170197
YGL251C,YMR022W,0,3.3436503,0.2457912415266037,0.21899999678134918,0.06719999760389328
YCL031C,YPR054W,0,3.3434553,0.24551568925380707,0.21899999678134918,0.06729999929666519
YDR440W,YKL017C,1,3.3427978,0.24636058509349823,0.2199999988079071,0.06729999929666519
YNL292W,YLR212C,0,3.3420675,0.2460850179195404,0.2199999988079071,0.0674000009894371
YHR116W,YHR184W,0,3.3418713,0.24581006169319153,0.2199999988079071,0.06750000268220901
YDR532C,YMR184W,0,3.3399296,0.2455357164144516,0.2199999988079071,0.06759999692440033
YDR425W,YPL074W,0,3.3395314,0.24526198208332062,0.2199999988079071,0.06769999861717224
YMR094W,YFL044C,0,3.3394012,0.24498885869979858,0.2199999988079071,0.06780000030994415
YLR008C,YOL065C,0,3.3386345,0.2447163462638855,0.2199999988079071,0.06790000200271606
YKR014C,YKL183W,0,3.3374686,0.24444444477558136,0.2199999988079071,0.06800000369548798
YJR066W,YML094W,0,3.3373215,0.24417313933372498,0.2199999988079071,0.06809999793767929
YNL159C,YGL210W,0,3.3362126,0.24390244483947754,0.2199999988079071,0.0681999996304512
YNL039W,YDR487C,0,3.3358305,0.24363233149051666,0.2199999988079071,0.06830000132322311
YER111C,YDR400W,0,3.3348196,0.24336282908916473,0.2199999988079071,0.06840000301599503
YDL007W,YMR198W,0,3.333072,0.24309392273426056,0.2199999988079071,0.06849999725818634
YER048W-A,YBR084W,0,3.3324149,0.24282561242580414,0.2199999988079071,0.06859999895095825
YMR257C,YLR147C,0,3.331797,0.24255788326263428,0.2199999988079071,0.06870000064373016
YPL121C,YDR121W,1,3.3315294,0.24339206516742706,0.22100000083446503,0.06870000064373016
YOR076C,YDR096W,0,3.3308926,0.24312430620193481,0.22100000083446503,0.06880000233650208
YKL034W,YIL138C,0,3.3303964,0.24285714328289032,0.22100000083446503,0.06889999657869339
YHR160C,YDL017W,0,3.330246,0.24259056150913239,0.22100000083446503,0.0689999982714653
YKL140W,YMR287C,0,3.3295636,0.242324560880661,0.22100000083446503,0.06909999996423721
YJL065C,YBL022C,0,3.3288896,0.2420591413974762,0.22100000083446503,0.06920000165700912
YLR357W,YKL017C,1,3.327616,0.242888405919075,0.22200000286102295,0.06920000165700912
YIL070C,YOR179C,0,3.3269293,0.2426229566335678,0.22200000286102295,0.06930000334978104
YBL054W,YDR003W,0,3.3265831,0.24235807359218597,0.22200000286102295,0.06939999759197235
YOR290C,YER173W,1,3.3264263,0.24318429827690125,0.22300000488758087,0.06939999759197235
YDL080C,YHR186C,0,3.3262994,0.24291938543319702,0.22300000488758087,0.06949999928474426
YNL218W,YOR244W,1,3.3258097,0.2437431961297989,0.2240000069141388,0.06949999928474426
YPL269W,YBR273C,0,3.3256042,0.24347825348377228,0.2240000069141388,0.06960000097751617
YHR011W,YJR089W,0,3.3252811,0.24321389198303223,0.2240000069141388,0.06970000267028809
YIL126W,YER173W,1,3.3244245,0.24403470754623413,0.22499999403953552,0.06970000267028809
YER095W,YPL204W,1,3.3242497,0.24485373497009277,0.22599999606609344,0.06970000267028809
YEL016C,YBR245C,0,3.323922,0.24458874762058258,0.22599999606609344,0.0697999969124794
YNL128W,YER113C,0,3.3228781,0.24432432651519775,0.22599999606609344,0.06989999860525131
YCR081W,YDR390C,0,3.3225913,0.2440604716539383,0.22599999606609344,0.07000000029802322
YNL218W,YLR265C,1,3.3222425,0.2448759377002716,0.22699999809265137,0.07000000029802322
YOR047C,YOL007C,0,3.3214917,0.24461206793785095,0.22699999809265137,0.07010000199079514
YDL164C,YDR121W,1,3.3210926,0.24542519450187683,0.2280000001192093,0.07010000199079514
YHR101C,YOR347C,0,3.320556,0.2451612949371338,0.2280000001192093,0.07020000368356705
YDL164C,YML095C,1,3.3202312,0.24597206711769104,0.2290000021457672,0.07020000368356705
YER147C,YPL204W,1,3.3200977,0.2467811107635498,0.23000000417232513,0.07020000368356705
YPL269W,YGL040C,0,3.3198988,0.246516615152359,0.23000000417232513,0.07029999792575836
YNL291C,YDR126W,0,3.3198807,0.24625267088413239,0.23000000417232513,0.07039999961853027
YGR058W,YIL026C,0,3.319555,0.24598930776119232,0.23000000417232513,0.07050000131130219
YER095W,YMR224C,1,3.3193922,0.24679486453533173,0.23100000619888306,0.07050000131130219
YPR156C,YDR014W,0,3.3185327,0.24653148651123047,0.23100000619888306,0.0706000030040741
YGL251C,YDR390C,0,3.3181427,0.24626865983009338,0.23100000619888306,0.07069999724626541
YBL093C,YBR273C,0,3.317826,0.24600638449192047,0.23100000619888306,0.07079999893903732
YAL020C,YDL085W,0,3.3174314,0.24574467539787292,0.23100000619888306,0.07090000063180923
YMR282C,YGR135W,0,3.3160505,0.24548353254795074,0.23100000619888306,0.07100000232458115
YLR032W,YML095C,1,3.3155293,0.24628449976444244,0.23199999332427979,0.07100000232458115
YHR105W,YHR025W,0,3.3153796,0.24602332711219788,0.23199999332427979,0.07109999656677246
YKR009C,YOL123W,0,3.3149695,0.24576270580291748,0.23199999332427979,0.07119999825954437
YDR532C,YJL097W,0,3.3139257,0.24550265073776245,0.23199999332427979,0.07129999995231628
YNL128W,YOL071W,0,3.3128793,0.2452431321144104,0.23199999332427979,0.0714000016450882
YMR201C,YOR386W,1,3.3125932,0.24604012072086334,0.2329999953508377,0.0714000016450882
YHL019C,YNL227C,0,3.312472,0.2457805871963501,0.2329999953508377,0.07150000333786011
YPR192W,YFL037W,0,3.3124378,0.24552160501480103,0.2329999953508377,0.07159999758005142
YLR439W,YDR118W,0,3.31014,0.24526315927505493,0.2329999953508377,0.07169999927282333
YKL017C,YPL204W,1,3.309488,0.24605678021907806,0.23399999737739563,0.07169999927282333
YLR318W,YKR048C,0,3.3088024,0.24579831957817078,0.23399999737739563,0.07180000096559525
YBL057C,YOR014W,0,3.3082426,0.24554039537906647,0.23399999737739563,0.07190000265836716
YPL121C,YMR224C,1,3.30783,0.24633122980594635,0.23499999940395355,0.07190000265836716
YDL164C,YNL218W,1,3.30768,0.2471204251050949,0.23600000143051147,0.07190000265836716
YMR211W,YLR139C,0,3.3068874,0.24686191976070404,0.23600000143051147,0.07199999690055847
YLR396C,YDR421W,0,3.306758,0.24660396575927734,0.23600000143051147,0.07209999859333038
YMR224C,YOR386W,1,3.3056686,0.24739038944244385,0.2370000034570694,0.07209999859333038
YDL164C,YLR032W,1,3.305432,0.24817518889904022,0.23800000548362732,0.07209999859333038
YDR288W,YML095C,1,3.3040059,0.24895833432674408,0.23899999260902405,0.07209999859333038
YNL210W,YCL027W,0,3.3019402,0.24869927763938904,0.23899999260902405,0.0722000002861023
YMR201C,YLR032W,1,3.3016813,0.2494802474975586,0.23999999463558197,0.0722000002861023
YCR004C,YAL058W,0,3.30158,0.24922119081020355,0.23999999463558197,0.0723000019788742
YNL136W,YBR160W,1,3.3012583,0.25,0.2409999966621399,0.0723000019788742
YHR207C,YHR160C,0,3.3008187,0.24974092841148376,0.2409999966621399,0.07240000367164612
YOL065C,YKL056C,0,3.3000011,0.2494824081659317,0.2409999966621399,0.07249999791383743
YPR178W,YEL058W,0,3.2999027,0.24922440946102142,0.2409999966621399,0.07259999960660934
YOL138C,YFR041C,0,3.2997696,0.24896694719791412,0.2409999966621399,0.07270000129938126
YDR425W,YHR023W,0,3.2989233,0.2487100064754486,0.2409999966621399,0.07280000299215317
YPL060W,YGR116W,0,3.2988648,0.24845360219478607,0.2409999966621399,0.07289999723434448
YBR289W,YOR386W,1,3.297416,0.2492275983095169,0.24199999868869781,0.07289999723434448
YLR373C,YJL073W,0,3.295299,0.24897119402885437,0.24199999868869781,0.0729999989271164
YLR045C,YGR135W,0,3.2938716,0.24871531128883362,0.24199999868869781,0.0731000006198883
YNL001W,YDR507C,0,3.2934844,0.24845996499061584,0.24199999868869781,0.07320000231266022
YDL138W,YER180C,0,3.2933903,0.24820512533187866,0.24199999868869781,0.07329999655485153
YJR143C,YCL027W,0,3.2924473,0.24795082211494446,0.24199999868869781,0.07339999824762344
YOR037W,YDL043C,0,3.292249,0.24769702553749084,0.24199999868869781,0.07349999994039536
YNL159C,YOR265W,0,3.291889,0.2474437654018402,0.24199999868869781,0.07360000163316727
YPL022W,YLR032W,1,3.291639,0.24821245670318604,0.24300000071525574,0.07360000163316727
YBR009C,YMR285C,0,3.2915914,0.2479591816663742,0.24300000071525574,0.07370000332593918
YKR030W,YPR031W,0,3.2911339,0.24770642817020416,0.24300000071525574,0.0737999975681305
YNR045W,YLR139C,0,3.2910385,0.2474541813135147,0.24300000071525574,0.0738999992609024
YKL089W,YKL143W,0,3.2902043,0.24720244109630585,0.24300000071525574,0.07400000095367432
YBR286W,YNL206C,0,3.2896512,0.24695122241973877,0.24300000071525574,0.07410000264644623
YDR420W,YMR023C,0,3.287646,0.24670051038265228,0.24300000071525574,0.07419999688863754
YLR385C,YJR126C,0,3.2875626,0.2464503049850464,0.24300000071525574,0.07429999858140945
YBR289W,YAR007C,1,3.287077,0.24721378087997437,0.24400000274181366,0.07429999858140945
YAL020C,YGL222C,0,3.2867482,0.24696356058120728,0.24400000274181366,0.07440000027418137
YLR212C,YNL227C,0,3.286444,0.24671384692192078,0.24400000274181366,0.07450000196695328
YNL136W,YPL204W,1,3.2861989,0.24747474491596222,0.24500000476837158,0.07450000196695328
YBR050C,YJL156C,0,3.2857187,0.24722503125667572,0.24500000476837158,0.07460000365972519
YDL127W,YJL102W,0,3.2856512,0.24697580933570862,0.24500000476837158,0.0746999979019165
YLL038C,YMR204C,0,3.284285,0.2467270940542221,0.24500000476837158,0.07479999959468842
YHR101C,YHR172W,0,3.2842462,0.246478870511055,0.24500000476837158,0.07490000128746033
YBR267W,YDR330W,0,3.2839305,0.24623115360736847,0.24500000476837158,0.07500000298023224
YHR143W,YDR320C,0,3.2838047,0.24598392844200134,0.24500000476837158,0.07509999722242355
YNR007C,YIR009W,0,3.2824147,0.2457372099161148,0.24500000476837158,0.07519999891519547
YOL067C,YIL145C,0,3.281151,0.24549098312854767,0.24500000476837158,0.07530000060796738
YFL047W,YLR109W,0,3.2805855,0.24524524807929993,0.24500000476837158,0.07540000230073929
YDR121W,YER173W,1,3.2805848,0.2460000067949295,0.2460000067949295,0.07540000230073929
YDL007W,YCR077C,0,3.2805173,0.24575424194335938,0.2460000067949295,0.0754999965429306
YFL047W,YDR088C,0,3.2800152,0.24550898373126984,0.2460000067949295,0.07559999823570251
YDR219C,YBR175W,0,3.2790253,0.2452642023563385,0.2460000067949295,0.07569999992847443
YPL144W,YER106W,0,3.2786627,0.24501992762088776,0.2460000067949295,0.07580000162124634
YAL010C,YGL211W,0,3.2767775,0.24477611482143402,0.2460000067949295,0.07590000331401825
YPR005C,YGR279C,0,3.2767308,0.24453280866146088,0.2460000067949295,0.07599999755620956
YFR037C,YBR289W,1,3.2762563,0.24528302252292633,0.24699999392032623,0.07599999755620956
YGR029W,YML104C,0,3.2758577,0.2450396865606308,0.24699999392032623,0.07609999924898148
YEL064C,YOR269W,0,3.2750957,0.24479682743549347,0.24699999392032623,0.07620000094175339
YDR253C,YML077W,0,3.2734969,0.24455446004867554,0.24699999392032623,0.0763000026345253
YGL137W,YOR070C,0,3.2730362,0.24431255459785461,0.24699999392032623,0.07639999687671661
YML129C,YNL311C,0,3.2723117,0.2440711408853531,0.24699999392032623,0.07649999856948853
YJL153C,YAR018C,0,3.271557,0.24383020401000977,0.24699999392032623,0.07660000026226044
YPL022W,YPL204W,1,3.270609,0.24457593262195587,0.24799999594688416,0.07660000026226044
YML095C,YOR244W,1,3.2701733,0.24532020092010498,0.24899999797344208,0.07660000026226044
YML095C,YPL204W,1,3.2700832,0.2460629940032959,0.25,0.07660000026226044
YPL149W,YLR010C,0,3.2698653,0.2458210438489914,0.25,0.07670000195503235
YGL090W,YJR068W,1,3.2695448,0.24656188488006592,0.25099998712539673,0.07670000195503235
YGL089C,YJR025C,0,3.268472,0.24631991982460022,0.25099998712539673,0.07680000364780426
YMR036C,YOR075W,0,3.2681434,0.24607843160629272,0.25099998712539673,0.07689999788999557
YDR224C,YMR224C,1,3.267886,0.24681684374809265,0.25200000405311584,0.07689999788999557
YGL213C,YGR188C,0,3.267493,0.24657534062862396,0.25200000405311584,0.07699999958276749
YIL004C,YOR070C,0,3.2674396,0.24633431434631348,0.25200000405311584,0.0771000012755394
YMR302C,YIL026C,0,3.2669792,0.24609375,0.25200000405311584,0.07720000296831131
YCR092C,YLR265C,1,3.2666543,0.24682927131652832,0.2529999911785126,0.07720000296831131
YMR287C,YBR214W,0,3.2666457,0.24658869206905365,0.2529999911785126,0.07729999721050262
YKL183W,YLR318W,0,3.2661335,0.24634858965873718,0.2529999911785126,0.07739999890327454
YIL026C,YNL151C,0,3.266064,0.24610894918441772,0.2529999911785126,0.07750000059604645
YNR045W,YBL082C,0,3.2645037,0.24586977064609528,0.2529999911785126,0.07760000228881836
YCR047C,YGL227W,0,3.2634952,0.24563106894493103,0.2529999911785126,0.07769999653100967
YKL017C,YOR244W,1,3.263449,0.24636276066303253,0.2540000081062317,0.07769999653100967
YDL164C,YLR427W,1,3.2627478,0.24709302186965942,0.2549999952316284,0.07769999653100967
YBR185C,YLR010C,0,3.2626503,0.24685382843017578,0.2549999952316284,0.07779999822378159
YJR134C,YNR041C,0,3.261606,0.24661508202552795,0.2549999952316284,0.0778999999165535
YPL121C,YNL218W,1,3.261274,0.24734298884868622,0.25600001215934753,0.0778999999165535
YML095C,YHR099W,1,3.2612598,0.24806949496269226,0.25699999928474426,0.0778999999165535
YDL200C,YKL017C,1,3.2610877,0.24879460036754608,0.257999986410141,0.0778999999165535
YOR066W,YDR362C,0,3.2605846,0.24855491518974304,0.257999986410141,0.07800000160932541
YFL029C,YIL084C,0,3.260029,0.248315691947937,0.257999986410141,0.07810000330209732
YHR153C,YNR045W,0,3.2587163,0.2480769157409668,0.257999986410141,0.07819999754428864
YIR002C,YML095C,1,3.2581253,0.24879923462867737,0.2590000033378601,0.07819999754428864
YBR289W,YPL204W,1,3.2580502,0.24952015280723572,0.25999999046325684,0.07819999754428864
YOR116C,YBL074C,0,3.2577393,0.2492809146642685,0.25999999046325684,0.07829999923706055
YHR023W,YGL084C,0,3.257523,0.24904213845729828,0.25999999046325684,0.07840000092983246
YMR311C,YBL082C,0,3.256914,0.24880382418632507,0.25999999046325684,0.07850000262260437
YBR240C,YPL157W,0,3.2550108,0.24856597185134888,0.25999999046325684,0.07859999686479568
YOR069W,YHL004W,0,3.2549555,0.2483285516500473,0.25999999046325684,0.0786999985575676
YDL166C,YHR105W,0,3.2545135,0.24809160828590393,0.25999999046325684,0.07880000025033951
YJR013W,YER106W,0,3.2541862,0.24785509705543518,0.25999999046325684,0.07890000194311142
YPL022W,YJR068W,1,3.253688,0.24857142567634583,0.26100000739097595,0.07890000194311142
YDR532C,YJR134C,0,3.2536209,0.24833491444587708,0.26100000739097595,0.07900000363588333
YDR443C,YLR306W,0,3.2535675,0.24809886515140533,0.26100000739097595,0.07909999787807465
YFL047W,YOR373W,0,3.2534938,0.24786324799060822,0.26100000739097595,0.07919999957084656
YML129C,YNL077W,0,3.2529485,0.2476280778646469,0.26100000739097595,0.07930000126361847
YBL069W,YDR054C,0,3.2528565,0.24739336967468262,0.26100000739097595,0.07940000295639038
YEL013W,YNR041C,0,3.2523465,0.24715909361839294,0.26100000739097595,0.0794999971985817
YAR019C,YDL141W,0,3.2514834,0.2469252645969391,0.26100000739097595,0.07959999889135361
YOR174W,YOR066W,0,3.2514336,0.24669186770915985,0.26100000739097595,0.07970000058412552
YBR123C,YPL060W,0,3.2511795,0.24645891785621643,0.26100000739097595,0.07980000227689743
YOR386W,YER173W,1,3.250874,0.24716980755329132,0.2619999945163727,0.07980000227689743
YDR265W,YBL021C,0,3.2502205,0.2469368577003479,0.2619999945163727,0.07989999651908875
YAL041W,YDL127W,0,3.2500777,0.2467043250799179,0.2619999945163727,0.07999999821186066
YOR290C,YLR265C,1,3.2491775,0.24741297960281372,0.2630000114440918,0.07999999821186066
YLR032W,YIL126W,1,3.2490706,0.24812030792236328,0.2639999985694885,0.07999999821186066
YDL164C,YPL204W,1,3.247577,0.2488262951374054,0.26499998569488525,0.07999999821186066
YIR002C,YPL022W,1,3.2475564,0.24953095614910126,0.26600000262260437,0.07999999821186066
YPL060W,YNL189W,0,3.2471507,0.249297097325325,0.26600000262260437,0.08009999990463257
YOR288C,YHR129C,0,3.2466476,0.2490636706352234,0.26600000262260437,0.08020000159740448
YKL010C,YJL156C,0,3.246285,0.2488306760787964,0.26600000262260437,0.08030000329017639
YBL078C,YGR159C,0,3.245834,0.2485981285572052,0.26600000262260437,0.0803999975323677
YDL130W,YMR056C,0,3.2430289,0.24836601316928864,0.26600000262260437,0.08049999922513962
YHL040C,YDR251W,0,3.2416635,0.2481343299150467,0.26600000262260437,0.08060000091791153
YOR290C,YOL072W,1,3.2414863,0.24883504211902618,0.2669999897480011,0.08060000091791153
YDR465C,YDR096W,0,3.241372,0.24860335886478424,0.2669999897480011,0.08070000261068344
YDR121W,YGL090W,1,3.2413065,0.24930232763290405,0.2680000066757202,0.08070000261068344
YDR511W,YBL020W,0,3.2405005,0.24907062947750092,0.2680000066757202,0.08079999685287476
YDR532C,YBR240C,0,3.239801,0.2488393634557724,0.2680000066757202,0.08089999854564667
YKL173W,YMR023C,0,3.2397106,0.2486085295677185,0.2680000066757202,0.08100000023841858
YPL195W,YER012W,0,3.2393363,0.24837812781333923,0.2680000066757202,0.08110000193119049
YBR058C,YDR421W,0,3.2388008,0.2481481432914734,0.2680000066757202,0.0812000036239624
YPL038W,YDR116C,0,3.2387707,0.24791859090328217,0.2680000066757202,0.08129999786615372
YBL054W,YOR036W,0,3.2378752,0.24768947064876556,0.2680000066757202,0.08139999955892563
YOR174W,YBR122C,0,3.2378428,0.2474607527256012,0.2680000066757202,0.08150000125169754
YMR289W,YDR520C,0,3.2377746,0.24723246693611145,0.2680000066757202,0.08160000294446945
YIL034C,YHR167W,0,3.2372298,0.24700461328029633,0.2680000066757202,0.08169999718666077
YLR192C,YMR306W,0,3.237009,0.24677716195583344,0.2680000066757202,0.08179999887943268
YNL001W,YJR089W,0,3.2368693,0.24655014276504517,0.2680000066757202,0.08190000057220459
YML027W,YBR164C,0,3.2366378,0.24632352590560913,0.2680000066757202,0.0820000022649765
YMR004W,YDR487C,0,3.2358818,0.24609734117984772,0.2680000066757202,0.08209999650716782
YGL137W,YER180C,0,3.2356105,0.24587155878543854,0.2680000066757202,0.08219999819993973
YFR008W,YPR108W,0,3.235534,0.24564619362354279,0.2680000066757202,0.08229999989271164
YGL136C,YGL251C,0,3.2354453,0.24542124569416046,0.2680000066757202,0.08240000158548355
YNL188W,YDR507C,0,3.2353213,0.24519670009613037,0.2680000066757202,0.08250000327825546
YPL059W,YPL038W,0,3.2350557,0.2449725717306137,0.2680000066757202,0.08259999752044678
YPL121C,YOR386W,1,3.2346334,0.24566209316253662,0.26899999380111694,0.08259999752044678
YPL194W,YMR224C,1,3.2341802,0.24635036289691925,0.27000001072883606,0.08259999752044678
YDR247W,YDR510W,0,3.2339067,0.24612580239772797,0.27000001072883606,0.08269999921321869
YCR004C,YDL184C,0,3.233746,0.24590164422988892,0.27000001072883606,0.0828000009059906
YJR110W,YER048W-A,0,3.2331405,0.2456778883934021,0.27000001072883606,0.08290000259876251
YFL047W,YDR169C,0,3.2316382,0.2454545497894287,0.27000001072883606,0.08299999684095383
YDR253C,YOL056W,0,3.2310717,0.24523161351680756,0.27000001072883606,0.08309999853372574
YNL280C,YLR207W,0,3.2309499,0.24500907957553864,0.27000001072883606,0.08320000022649765
YNL330C,YMR201C,1,3.2309268,0.24569356441497803,0.2709999978542328,0.08320000022649765
YNL325C,YDR320C,0,3.229372,0.2454710155725479,0.2709999978542328,0.08330000191926956
YKL173W,YMR184W,0,3.2281983,0.24524886906147003,0.2709999978542328,0.08340000361204147
YBL030C,YPR005C,0,3.2281544,0.24502712488174438,0.2709999978542328,0.08349999785423279
YAL034W-A,YKL116C,0,3.2278183,0.24480578303337097,0.2709999978542328,0.0835999995470047
YLR100W,YIL112W,0,3.2276459,0.2445848435163498,0.2709999978542328,0.08370000123977661
YJL062W,YOR070C,0,3.2273746,0.24436429142951965,0.2709999978542328,0.08380000293254852
YHR101C,YGL251C,0,3.2273746,0.24414414167404175,0.2709999978542328,0.08389999717473984
YNL330C,YML095C,1,3.2273512,0.24482448399066925,0.2720000147819519,0.08389999717473984
YNR011C,YDR380W,0,3.2272215,0.24460431933403015,0.2720000147819519,0.08399999886751175
YLR427W,YKL017C,1,3.2271023,0.24528302252292633,0.27300000190734863,0.08399999886751175
YBL057C,YGR188C,0,3.2270732,0.24506284296512604,0.27300000190734863,0.08410000056028366
YOR175C,YPL159C,0,3.2267306,0.24484305083751678,0.27300000190734863,0.08420000225305557
YDR356W,YOL103W,0,3.2260783,0.24462366104125977,0.27300000190734863,0.08429999649524689
YHR017W,YOL123W,0,3.2256033,0.2444046586751938,0.27300000190734863,0.0843999981880188
YDL019C,YOR269W,0,3.2241943,0.24418604373931885,0.27300000190734863,0.08449999988079071
YOL067C,YGR154C,0,3.22412,0.24396783113479614,0.27300000190734863,0.08460000157356262
YDR532C,YML125C,0,3.223798,0.24375000596046448,0.27300000190734863,0.08470000326633453
YMR056C,YLL035W,0,3.2232773,0.24353255331516266,0.27300000190734863,0.08479999750852585
YDR536W,YAL058W,0,3.2230546,0.24331550300121307,0.27300000190734863,0.08489999920129776
YLR032W,YML060W,1,3.2229729,0.24398931860923767,0.27399998903274536,0.08489999920129776
YER114C,YOL018C,0,3.2221603,0.2437722384929657,0.27399998903274536,0.08500000089406967
YFR008W,YFR007W,0,3.222159,0.24355556070804596,0.27399998903274536,0.08510000258684158
YNR027W,YBR273C,0,3.2218282,0.24333925545215607,0.27399998903274536,0.0851999968290329
YDR358W,YNL128W,0,3.2215016,0.24312333762645721,0.27399998903274536,0.08529999852180481
YNR027W,YCR004C,0,3.2213714,0.2429078072309494,0.27399998903274536,0.08540000021457672
YLR396C,YCL063W,0,3.2213426,0.24269264936447144,0.27399998903274536,0.08550000190734863
YIL004C,YPL258C,0,3.2209768,0.2424778789281845,0.27399998903274536,0.08560000360012054
YLR459W,YGR194C,0,3.2207577,0.24226348102092743,0.27399998903274536,0.08569999784231186
YKL143W,YIL113W,0,3.2199647,0.2420494705438614,0.27399998903274536,0.08579999953508377
YEL061C,YMR165C,0,3.2195604,0.2418358325958252,0.27399998903274536,0.08590000122785568
YMR100W,YMR198W,0,3.2192147,0.24162258207798004,0.27399998903274536,0.0860000029206276
YOR290C,YPL204W,1,3.219022,0.24229075014591217,0.2750000059604645,0.0860000029206276
YBR087W,YBR289W,1,3.2190065,0.24295774102210999,0.2759999930858612,0.0860000029206276
YDR358W,YEL061C,0,3.2190034,0.2427440583705902,0.2759999930858612,0.08609999716281891
YBR087W,YPL153C,1,3.2185118,0.24340948462486267,0.2770000100135803,0.08609999716281891
YIL150C,YIL112W,0,3.2157104,0.2431957870721817,0.2770000100135803,0.08619999885559082
YGL223C,YNL012W,0,3.2155044,0.24298246204853058,0.2770000100135803,0.08630000054836273
YDR420W,YOR127W,0,3.215049,0.2427694946527481,0.2770000100135803,0.08640000224113464
YDL080C,YLR121C,0,3.2145832,0.24255691468715668,0.2770000100135803,0.08649999648332596
YEL038W,YDR044W,0,3.2140536,0.2423447072505951,0.2770000100135803,0.08659999817609787
YMR306W,YHR207C,0,3.2125614,0.24213287234306335,0.2770000100135803,0.08669999986886978
YER095W,YOL072W,1,3.2123132,0.24279476702213287,0.27799999713897705,0.08669999986886978
YCL055W,YPL155C,0,3.212242,0.24258290231227875,0.27799999713897705,0.0868000015616417
YHR143W,YDR130C,0,3.210785,0.24237141013145447,0.27799999713897705,0.0869000032544136
YDR219C,YPL017C,0,3.2106974,0.24216027557849884,0.27799999713897705,0.08699999749660492
YML034W,YDL075W,0,3.2105167,0.24194952845573425,0.27799999713897705,0.08709999918937683
YNL206C,YNR050C,0,3.2103715,0.24173912405967712,0.27799999713897705,0.08720000088214874
YDR054C,YDR116C,0,3.2091289,0.24152910709381104,0.27799999713897705,0.08730000257492065
YPL195W,YAR018C,0,3.2088592,0.2413194477558136,0.27799999713897705,0.08739999681711197
YKL010C,YPL186C,0,3.2076905,0.24111014604568481,0.27799999713897705,0.08749999850988388
YMR224C,YOR244W,1,3.2075183,0.2417677640914917,0.27900001406669617,0.08749999850988388
YER147C,YML060W,1,3.207279,0.24242424964904785,0.2800000011920929,0.08749999850988388
YBL078C,YHR129C,0,3.2067282,0.24221453070640564,0.2800000011920929,0.08760000020265579
YHR076W,YIL113W,0,3.206018,0.24200518429279327,0.2800000011920929,0.0877000018954277
YCL027W,YNL248C,0,3.2059233,0.24179619550704956,0.2800000011920929,0.08780000358819962
YNL119W,YOR014W,0,3.205647,0.2415875792503357,0.2800000011920929,0.08789999783039093
YOR288C,YCL069W,0,3.2053273,0.24137930572032928,0.2800000011920929,0.08799999952316284
YMR201C,YOR217W,1,3.2040694,0.2420327365398407,0.2809999883174896,0.08799999952316284
YDL146W,YPL048W,0,3.203711,0.2418244332075119,0.2809999883174896,0.08810000121593475
YDR440W,YER095W,1,3.203359,0.24247635900974274,0.28200000524520874,0.08810000121593475
YKL218C,YBR058C-A,0,3.202991,0.24226804077625275,0.28200000524520874,0.08820000290870667
YGL090W,YDR288W,1,3.202614,0.242918461561203,0.28299999237060547,0.08820000290870667
YIR002C,YAR007C,1,3.2017288,0.24356774985790253,0.2840000092983246,0.08820000290870667
YPR118W,YJL108C,0,3.2016366,0.2433590441942215,0.2840000092983246,0.08829999715089798
YDR523C,YNL188W,0,3.2011828,0.24315068125724792,0.2840000092983246,0.08839999884366989
YFL039C,YDR288W,1,3.200971,0.2437981218099594,0.2849999964237213,0.08839999884366989
YKL183W,YJL101C,0,3.2009513,0.24358974397182465,0.2849999964237213,0.0885000005364418
YEL054C,YOR036W,0,3.1999867,0.24338172376155853,0.2849999964237213,0.08860000222921371
YDR425W,YGL222C,0,3.1992743,0.24317406117916107,0.2849999964237213,0.08869999647140503
YMR282C,YLR127C,0,3.1992517,0.24296675622463226,0.2849999964237213,0.08879999816417694
YHR184W,YOR067C,0,3.1989534,0.2427597939968109,0.2849999964237213,0.08889999985694885
YOL105C,YLR418C,0,3.19891,0.24255318939685822,0.2849999964237213,0.08900000154972076
YBL060W,YOR044W,0,3.1981647,0.24234694242477417,0.2849999964237213,0.08910000324249268
YKL034W,YMR292W,0,3.1980085,0.24214103817939758,0.2849999964237213,0.08919999748468399
YIL084C,YPL172C,0,3.1972563,0.24193547666072845,0.2849999964237213,0.0892999991774559
YHR171W,YDL112W,0,3.1969635,0.24173027276992798,0.2849999964237213,0.08940000087022781
YOR308C,YBR035C,0,3.1957142,0.24152542650699615,0.2849999964237213,0.08950000256299973
YDR334W,YDR400W,0,3.1956224,0.2413209080696106,0.2849999964237213,0.08959999680519104
YDL120W,YLR385C,0,3.1948335,0.2411167472600937,0.2849999964237213,0.08969999849796295
YJL198W,YDR219C,0,3.1940436,0.24091292917728424,0.2849999964237213,0.08980000019073486
YFR003C,YMR127C,0,3.1932166,0.24070945382118225,0.2849999964237213,0.08990000188350677
YAR007C,YOR386W,1,3.1928267,0.2413502037525177,0.28600001335144043,0.08990000188350677
YOR150W,YKL116C,0,3.191654,0.24114671349525452,0.28600001335144043,0.09000000357627869
YCR020C,YBR055C,0,3.189811,0.2409435510635376,0.28600001335144043,0.09009999781847
YOL065C,YPR168W,0,3.1897457,0.24074074625968933,0.28600001335144043,0.09019999951124191
YKR014C,YJR143C,0,3.1893778,0.24053826928138733,0.28600001335144043,0.09030000120401382
YIL072W,YJL062W,0,3.1892674,0.24033613502979279,0.28600001335144043,0.09040000289678574
YAL010C,YHR147C,0,3.1880758,0.2401343435049057,0.28600001335144043,0.09049999713897705
YJL106W,YPL220W,0,3.1868916,0.23993287980556488,0.28600001335144043,0.09059999883174896
YBR160W,YCR092C,1,3.1860235,0.24056999385356903,0.28700000047683716,0.09059999883174896
YFL047W,YHL040C,0,3.1858873,0.24036851525306702,0.28700000047683716,0.09070000052452087
YMR139W,YMR198W,0,3.1855173,0.24016736447811127,0.28700000047683716,0.09080000221729279
YJR066W,YPL143W,0,3.1849072,0.23996655642986298,0.28700000047683716,0.0908999964594841
YGL249W,YBL023C,0,3.183416,0.23976607620716095,0.28700000047683716,0.09099999815225601
YOL138C,YHR036W,0,3.183367,0.23956593871116638,0.28700000047683716,0.09109999984502792
YDR532C,YLR090W,0,3.1824174,0.23936614394187927,0.28700000047683716,0.09120000153779984
YMR188C,YML088W,0,3.1822593,0.23916666209697723,0.28700000047683716,0.09130000323057175
YNL291C,YJL044C,0,3.1817844,0.23896752297878265,0.28700000047683716,0.09139999747276306
YNL330C,YHR099W,1,3.1811337,0.23960065841674805,0.2879999876022339,0.09139999747276306
YPL121C,YMR201C,1,3.18076,0.24023275077342987,0.289000004529953,0.09139999747276306
YBR240C,YPL095C,0,3.180113,0.24003322422504425,0.289000004529953,0.09149999916553497
YLL013C,YLL050C,0,3.1800706,0.2398340255022049,0.289000004529953,0.09160000085830688
YCL061C,YDR247W,0,3.179893,0.2396351546049118,0.289000004529953,0.0917000025510788
YGR002C,YER173W,1,3.179776,0.2402651160955429,0.28999999165534973,0.0917000025510788
YAL021C,YDR116C,0,3.1795776,0.24006623029708862,0.28999999165534973,0.09179999679327011
YNL077W,YLR074C,0,3.179543,0.2398676574230194,0.28999999165534973,0.09189999848604202
YDR536W,YMR198W,0,3.1778524,0.23966942727565765,0.28999999165534973,0.09200000017881393
YKR090W,YJR126C,0,3.1773036,0.23947151005268097,0.28999999165534973,0.09210000187158585
YBR022W,YLR127C,0,3.176451,0.23927392065525055,0.28999999165534973,0.09220000356435776
YCR028C,YPR073C,0,3.1754162,0.2390766739845276,0.28999999165534973,0.09229999780654907
YKL173W,YGR101W,0,3.1754024,0.2388797402381897,0.28999999165534973,0.09239999949932098
YGL191W,YDL099W,0,3.174441,0.23868313431739807,0.28999999165534973,0.0925000011920929
YBR058C,YBR040W,0,3.1738348,0.23848684132099152,0.28999999165534973,0.09260000288486481
YBR097W,YGL251C,0,3.1737459,0.23829087615013123,0.28999999165534973,0.09269999712705612
YGL223C,YJR022W,0,3.173643,0.2380952388048172,0.28999999165534973,0.09279999881982803
YBR273C,YLR381W,0,3.1735594,0.23789991438388824,0.28999999165534973,0.09290000051259995
YGR002C,YOR217W,1,3.1733134,0.23852458596229553,0.29100000858306885,0.09290000051259995
YBR176W,YBR084W,0,3.1730156,0.2383292317390442,0.29100000858306885,0.09300000220537186
YIL150C,YMR223W,0,3.1712692,0.2381342053413391,0.29100000858306885,0.09309999644756317
YDL190C,YMR287C,0,3.1699374,0.2379394918680191,0.29100000858306885,0.09319999814033508
YML043C,YOL018C,0,3.1697662,0.23774509131908417,0.29100000858306885,0.093299999833107
YER161C,YGR076C,0,3.1694655,0.2375510185956955,0.29100000858306885,0.0934000015258789
YLR032W,YOR217W,1,3.1692755,0.23817291855812073,0.2919999957084656,0.0934000015258789
YFR037C,YOR290C,1,3.1684687,0.23879380524158478,0.2930000126361847,0.0934000015258789
YFR003C,YNL091W,0,3.1682584,0.23859934508800507,0.2930000126361847,0.09350000321865082
YOR381W,YNL158W,0,3.1680906,0.23840521275997162,0.2930000126361847,0.09359999746084213
YBR087W,YJR068W,1,3.167383,0.23902438580989838,0.2939999997615814,0.09359999746084213
YMR080C,YOR381W,0,3.1665585,0.23883022367954254,0.2939999997615814,0.09369999915361404
YJL008C,YER112W,0,3.166185,0.23863635957241058,0.2939999997615814,0.09380000084638596
YFR037C,YDR288W,1,3.1656594,0.23925384879112244,0.29499998688697815,0.09380000084638596
YNL218W,YMR201C,1,3.1643195,0.2398703396320343,0.29600000381469727,0.09380000084638596
YDR117C,YMR204C,0,3.1641872,0.2396761178970337,0.29600000381469727,0.09390000253915787
YGL059W,YDL112W,0,3.1636968,0.23948219418525696,0.29600000381469727,0.09399999678134918
YOR257W,YBR097W,0,3.1636531,0.2392885982990265,0.29600000381469727,0.0940999984741211
YMR026C,YKR097W,0,3.1635349,0.2390953153371811,0.29600000381469727,0.094200000166893
YBR001C,YCL063W,0,3.16299,0.23890234529972076,0.29600000381469727,0.09430000185966492
YOL100W,YGL155W,0,3.1628087,0.23870967328548431,0.29600000381469727,0.09440000355243683
YIR002C,YDR288W,1,3.161177,0.23932312428951263,0.296999990940094,0.09440000355243683
YDR440W,YLR032W,1,3.1596324,0.23993559181690216,0.2980000078678131,0.09440000355243683
YIL093C,YLR139C,0,3.1593988,0.23974256217479706,0.2980000078678131,0.09449999779462814
YER111C,YPL258C,0,3.1590111,0.23954984545707703,0.2980000078678131,0.09459999948740005
YML015C,YOL156W,0,3.1586804,0.23935742676258087,0.2980000078678131,0.09470000118017197
YBR087W,YOL072W,1,3.1582506,0.23996789753437042,0.29899999499320984,0.09470000118017197
YJL044C,YGL251C,0,3.1575835,0.23977546393871307,0.29899999499320984,0.09480000287294388
YHL040C,YBR035C,0,3.157099,0.2395833283662796,0.29899999499320984,0.09489999711513519
YMR201C,YKL017C,1,3.1570632,0.24019216001033783,0.30000001192092896,0.09489999711513519
YML094W,YAR019C,0,3.1568062,0.23999999463558197,0.30000001192092896,0.0949999988079071
YGL128C,YLR147C,0,3.1559794,0.23980815708637238,0.30000001192092896,0.09510000050067902
YGL136C,YKL042W,0,3.1546657,0.23961661756038666,0.30000001192092896,0.09520000219345093
YMR235C,YBR024W,0,3.1538644,0.23942537605762482,0.30000001192092896,0.09529999643564224
YFR037C,YMR224C,1,3.1538467,0.240031898021698,0.3009999990463257,0.09529999643564224
YPL121C,YOR244W,1,3.1534975,0.24063745141029358,0.3019999861717224,0.09529999643564224
YBR207W,YLR099C,0,3.151302,0.24044586718082428,0.3019999861717224,0.09539999812841415
YKL059C,YJR089W,0,3.1510787,0.24025458097457886,0.3019999861717224,0.09549999982118607
YOL031C,YER113C,0,3.1506522,0.2400635927915573,0.3019999861717224,0.09560000151395798
YMR306W,YMR223W,0,3.1496909,0.23987291753292084,0.3019999861717224,0.09570000320672989
YOR036W,YJR060W,0,3.1484337,0.23968254029750824,0.3019999861717224,0.0957999974489212
YMR302C,YBR030W,0,3.1483204,0.23949246108531952,0.3019999861717224,0.09589999914169312
YGR101W,YER161C,0,3.1481526,0.23930269479751587,0.3019999861717224,0.09600000083446503
YOR384W,YDR265W,0,3.1481123,0.2391132265329361,0.3019999861717224,0.09610000252723694
YIL126W,YKL017C,1,3.1473362,0.23971518874168396,0.30300000309944153,0.09610000252723694
YER095W,YOR217W,1,3.1471035,0.2403162121772766,0.30399999022483826,0.09610000252723694
YPR028W,YKR097W,0,3.1458442,0.24012638628482819,0.30399999022483826,0.09619999676942825
YDR532C,YJR058C,0,3.1443982,0.23993685841560364,0.30399999022483826,0.09629999846220016
YPL121C,YKL017C,1,3.1442776,0.24053627252578735,0.3050000071525574,0.09629999846220016
YJL153C,YLR221C,0,3.1442306,0.2403467297554016,0.3050000071525574,0.09640000015497208
YDR253C,YCL069W,0,3.1441116,0.24015748500823975,0.3050000071525574,0.09650000184774399
YPR192W,YDL017W,0,3.1437452,0.23996852338314056,0.3050000071525574,0.0966000035405159
YOR167C,YPR049C,0,3.1436565,0.23977987468242645,0.3050000071525574,0.09669999778270721
YIL004C,YIR017C,0,3.1431477,0.23959150910377502,0.3050000071525574,0.09679999947547913
YOR373W,YMR004W,0,3.1428318,0.23940345644950867,0.3050000071525574,0.09690000116825104
YFR041C,YNL244C,0,3.1425529,0.239215686917305,0.3050000071525574,0.09700000286102295
YER095W,YDR121W,1,3.14166,0.23981191217899323,0.3059999942779541,0.09700000286102295
YPL121C,YLR032W,1,3.1411507,0.24040719866752625,0.3070000112056732,0.09700000286102295
YDR011W,YIR023W,0,3.141101,0.2402190864086151,0.3070000112056732,0.09709999710321426
YPR049C,YDR117C,0,3.1408641,0.24003127217292786,0.3070000112056732,0.09719999879598618
YJL136C,YDR400W,0,3.1407456,0.23984375596046448,0.3070000112056732,0.09730000048875809
YJL019W,YGR274C,0,3.1397495,0.23965652287006378,0.3070000112056732,0.09740000218153
YMR201C,YMR224C,1,3.139623,0.2402496039867401,0.30799999833106995,0.09740000218153
YDL190C,YPR168W,0,3.138458,0.24006235599517822,0.30799999833106995,0.09749999642372131
YHR129C,YDR116C,0,3.1382997,0.23987539112567902,0.30799999833106995,0.09759999811649323
YDR270W,YMR023C,0,3.137916,0.2396887093782425,0.30799999833106995,0.09769999980926514
YDR520C,YGR286C,0,3.1379147,0.23950232565402985,0.30799999833106995,0.09780000150203705
YBR058C,YNL012W,0,3.1372964,0.23931623995304108,0.30799999833106995,0.09790000319480896
YJR155W,YOR337W,0,3.1365445,0.239130437374115,0.30799999833106995,0.09799999743700027
YOR265W,YNR011C,0,3.1365044,0.2389449179172516,0.30799999833106995,0.09809999912977219
YBR160W,YMR224C,1,3.136486,0.2395348846912384,0.3089999854564667,0.09809999912977219
YDR318W,YOR127W,0,3.1364732,0.2393493354320526,0.3089999854564667,0.0982000008225441
YPL121C,YPL153C,1,3.1354153,0.23993808031082153,0.3100000023841858,0.0982000008225441
YOL018C,YNL129W,0,3.133962,0.23975251615047455,0.3100000023841858,0.09830000251531601
YCR092C,YHR099W,1,3.133054,0.24034002423286438,0.3109999895095825,0.09830000251531601
YMR036C,YCR096C,0,3.1327126,0.2401544451713562,0.3109999895095825,0.09839999675750732
YOR269W,YHR011W,0,3.1318848,0.2399691343307495,0.3109999895095825,0.09849999845027924
YDL033C,YPL033C,0,3.1317427,0.2397841215133667,0.3109999895095825,0.09860000014305115
YDR443C,YPL038W,0,3.13153,0.23959937691688538,0.3109999895095825,0.09870000183582306
YIL027C,YDR479C,0,3.1299908,0.23941493034362793,0.3109999895095825,0.09880000352859497
YER095W,YCR092C,1,3.1293433,0.23999999463558197,0.31200000643730164,0.09880000352859497
YNL218W,YMR224C,1,3.1287482,0.24058416485786438,0.31299999356269836,0.09880000352859497
YER095W,YPL153C,1,3.1275918,0.24116744101047516,0.3140000104904175,0.09880000352859497
YNL049C,YAL035W,0,3.1274111,0.24098235368728638,0.3140000104904175,0.09889999777078629
YNL330C,YER147C,1,3.127106,0.24156442284584045,0.3149999976158142,0.09889999777078629
YDR532C,YLR079W,0,3.1269677,0.24137930572032928,0.3149999976158142,0.0989999994635582
YKR090W,YGR154C,0,3.126435,0.241194486618042,0.3149999976158142,0.09910000115633011
YMR100W,YNL158W,0,3.1256912,0.24100995063781738,0.3149999976158142,0.09920000284910202
YBR176W,YKR050W,0,3.1256273,0.24082568287849426,0.3149999976158142,0.09929999709129333
YPR122W,YDR320C,0,3.1246145,0.24064171314239502,0.3149999976158142,0.09939999878406525
YIR002C,YBR160W,1,3.1235921,0.2412213683128357,0.3160000145435333,0.09939999878406525
YDR501W,YLR079W,0,3.1232762,0.24103736877441406,0.3160000145435333,0.09950000047683716
YBR024W,YNR020C,0,3.1231735,0.24085365235805511,0.3160000145435333,0.09960000216960907
YJR001W,YDR524C,0,3.1228797,0.24067021906375885,0.3160000145435333,0.09969999641180038
YGR029W,YIL160C,0,3.1226406,0.24048706889152527,0.3160000145435333,0.0997999981045723
YBL088C,YOR290C,1,3.1224759,0.2410646378993988,0.31700000166893005,0.0997999981045723
YMR184W,YCR075C,0,3.1218054,0.24088145792484283,0.31700000166893005,0.09989999979734421
YBR033W,YGL035C,0,3.12126,0.24069856107234955,0.31700000166893005,0.10000000149011612
YNL311C,YLR045C,0,3.120921,0.24051593244075775,0.31700000166893005,0.10010000318288803
YDR052C,YGR218W,0,3.1208775,0.24033358693122864,0.31700000166893005,0.10019999742507935
YPL091W,YJL153C,0,3.1202934,0.240151509642601,0.31700000166893005,0.10029999911785126
YGR029W,YOL149W,0,3.1200187,0.23996971547603607,0.31700000166893005,0.10040000081062317
YBL088C,YPL194W,1,3.1192615,0.2405446320772171,0.3179999887943268,0.10040000081062317
YKL140W,YPL206C,0,3.1191633,0.24036280810832977,0.3179999887943268,0.10050000250339508
YGL090W,YPL204W,1,3.1190825,0.24093656241893768,0.3190000057220459,0.10050000250339508
YDL019C,YKL042W,0,3.1183732,0.24075472354888916,0.3190000057220459,0.1005999967455864
YDL164C,YOL072W,1,3.1183069,0.24132730066776276,0.3199999928474426,0.1005999967455864
YFR008W,YDR044W,0,3.1182568,0.24114544689655304,0.3199999928474426,0.1006999984383583
YAL021C,YPL143W,0,3.1178012,0.2409638613462448,0.3199999928474426,0.10080000013113022
YCL063W,YLR207W,0,3.1175392,0.24078254401683807,0.3199999928474426,0.10090000182390213
YLR364W,YML124C,0,3.117459,0.24060150980949402,0.3199999928474426,0.10100000351667404
YPL194W,YJL090C,1,3.116167,0.24117204546928406,0.32100000977516174,0.10100000351667404
YJR065C,YNL227C,0,3.1160324,0.2409909963607788,0.32100000977516174,0.10109999775886536
YLR188W,YNR011C,0,3.1157293,0.24081020057201385,0.32100000977516174,0.10119999945163727
YOR381W,YPR073C,0,3.1144493,0.24062968790531158,0.32100000977516174,0.10130000114440918
YFR003C,YPL085W,0,3.1143672,0.2404494434595108,0.32100000977516174,0.10140000283718109
YIL009C-A,YKL198C,0,3.1132586,0.2402694672346115,0.32100000977516174,0.1014999970793724
YLR109W,YAL058W,0,3.112581,0.2400897592306137,0.32100000977516174,0.10159999877214432
YNL039W,YMR012W,0,3.1125803,0.2399103194475174,0.32100000977516174,0.10170000046491623
YPL214C,YBR030W,0,3.1116374,0.23973114788532257,0.32100000977516174,0.10180000215768814
YMR109W,YPR054W,0,3.1109736,0.23955224454402924,0.32100000977516174,0.10189999639987946
YNL330C,YML060W,1,3.110895,0.2401193082332611,0.32199999690055847,0.10189999639987946
YMR257C,YNL325C,0,3.1106703,0.23994038999080658,0.32199999690055847,0.10199999809265137
YOR386W,YPL204W,1,3.1102638,0.2405063360929489,0.3230000138282776,0.10199999809265137
YGR086C,YDR093W,0,3.1101613,0.240327388048172,0.3230000138282776,0.10209999978542328
YGR218W,YJR089W,0,3.1100762,0.24014869332313538,0.3230000138282776,0.10220000147819519
YDR121W,YOL072W,1,3.1098783,0.2407132238149643,0.3240000009536743,0.10220000147819519
YOL139C,YMR302C,0,3.1092126,0.24053451418876648,0.3240000009536743,0.1023000031709671
YDL080C,YGR076C,0,3.1091552,0.24035608768463135,0.3240000009536743,0.10239999741315842
YMR314W,YPL038W,0,3.1086202,0.2401779145002365,0.3240000009536743,0.10249999910593033
YBR289W,YNL136W,1,3.1086009,0.24074074625968933,0.32499998807907104,0.10249999910593033
YBR240C,YBL037W,0,3.1083417,0.2405625432729721,0.32499998807907104,0.10260000079870224
YDR247W,YOL125W,0,3.108064,0.24038460850715637,0.32499998807907104,0.10270000249147415
YIR006C,YFL037W,0,3.107533,0.24020694196224213,0.32499998807907104,0.10279999673366547
YDR279W,YMR165C,0,3.1075284,0.24002954363822937,0.32499998807907104,0.10289999842643738
YGR029W,YDR011W,0,3.1070707,0.2398523986339569,0.32499998807907104,0.10300000011920929
YKL034W,YDL008W,0,3.1063728,0.23967552185058594,0.32499998807907104,0.1031000018119812
YLR212C,YBL023C,0,3.1062775,0.23949889838695526,0.32499998807907104,0.10320000350475311
YCR020C,YKL173W,0,3.1062534,0.23932252824306488,0.32499998807907104,0.10329999774694443
YGR047C,YDR507C,0,3.1061099,0.239146426320076,0.32499998807907104,0.10339999943971634
YCR098C,YOL117W,0,3.1054509,0.2389705926179886,0.32499998807907104,0.10350000113248825
YIL009C-A,YNL310C,0,3.1044068,0.23879499733448029,0.32499998807907104,0.10360000282526016
YGR029W,YOR075W,0,3.1032891,0.23861967027187347,0.32499998807907104,0.10369999706745148
YJR134C,YJL121C,0,3.1032016,0.23844461143016815,0.32499998807907104,0.10379999876022339
YOR384W,YGL161C,0,3.1024275,0.23826979100704193,0.32499998807907104,0.1039000004529953
YLR266C,YDL043C,0,3.1022704,0.2380952388048172,0.32499998807907104,0.10400000214576721
YDR315C,YDL138W,0,3.1016119,0.23792093992233276,0.32499998807907104,0.10409999638795853
YNL188W,YIR015W,0,3.1008265,0.23774689435958862,0.32499998807907104,0.10419999808073044
YDL164C,YGR002C,1,3.0994747,0.23830409348011017,0.32600000500679016,0.10419999808073044
YNL188W,YJL156C,0,3.0982714,0.23813001811504364,0.32600000500679016,0.10429999977350235
YOR347C,YJR089W,0,3.098163,0.2379562109708786,0.32600000500679016,0.10440000146627426
YJR110W,YML034W,0,3.0979307,0.23778264224529266,0.32600000500679016,0.10450000315904617
YAL041W,YDR036C,0,3.0977418,0.23760932683944702,0.32600000500679016,0.10459999740123749
YBR160W,YOR290C,1,3.0970552,0.23816460371017456,0.3269999921321869,0.10459999740123749
YDR425W,YOR174W,0,3.096897,0.23799127340316772,0.3269999921321869,0.1046999990940094
YLR381W,YOR075W,0,3.096646,0.23781818151474,0.3269999921321869,0.10480000078678131
YJL097W,YGR006W,0,3.0966246,0.23764534294605255,0.3269999921321869,0.10490000247955322
YMR287C,YHR023W,0,3.0963387,0.2374727725982666,0.3269999921321869,0.10499999672174454
YFR005C,YHR086W,0,3.09621,0.23730044066905975,0.3269999921321869,0.10509999841451645
YPL111W,YLR438C-A,0,3.096102,0.237128347158432,0.3269999921321869,0.10520000010728836
YDR224C,YER147C,1,3.095942,0.23768116533756256,0.328000009059906,0.10520000010728836
YPL159C,YGL059W,0,3.0944655,0.23750905692577362,0.328000009059906,0.10530000180006027
YPR005C,YER044C,0,3.0944247,0.23733718693256378,0.328000009059906,0.10540000349283218
YHR101C,YAL062W,0,3.0943315,0.23716558516025543,0.328000009059906,0.1054999977350235
YMR298W,YMR314W,0,3.094052,0.23699422180652618,0.328000009059906,0.10559999942779541
YFR037C,YGL090W,1,3.093894,0.23754513263702393,0.32899999618530273,0.10559999942779541
YDL019C,YHR036W,0,3.0930955,0.2373737394809723,0.32899999618530273,0.10570000112056732
YNL330C,YDR121W,1,3.0928853,0.23792357742786407,0.33000001311302185,0.10570000112056732
YKL135C,YMR163C,0,3.091008,0.23775215446949005,0.33000001311302185,0.10580000281333923
YDL120W,YBR058C,0,3.089422,0.23758099973201752,0.33000001311302185,0.10589999705553055
YNL218W,YLR032W,1,3.089341,0.23812949657440186,0.3310000002384186,0.10589999705553055
YER147C,YMR224C,1,3.08908,0.23867720365524292,0.3319999873638153,0.10589999705553055
YNL242W,YIL113W,0,3.088593,0.2385057508945465,0.3319999873638153,0.10599999874830246
YLR134W,YDR479C,0,3.088135,0.2383345365524292,0.3319999873638153,0.10610000044107437
YHR067W,YPR031W,0,3.087928,0.238163560628891,0.3319999873638153,0.10620000213384628
YDR347W,YDR402C,0,3.087128,0.23799283802509308,0.3319999873638153,0.1062999963760376
YML060W,YOL072W,1,3.0868137,0.2385386824607849,0.3330000042915344,0.1062999963760376
YML077W,YMR023C,0,3.0856159,0.2383679300546646,0.3330000042915344,0.10639999806880951
YNL218W,YOL072W,1,3.0854094,0.23891273140907288,0.33399999141693115,0.10639999806880951
YBR036C,YDR093W,0,3.0852284,0.23874196410179138,0.33399999141693115,0.10649999976158142
YGR159C,YHR160C,0,3.0847156,0.238571435213089,0.33399999141693115,0.10660000145435333
YGR263C,YKR009C,0,3.0831788,0.2384011447429657,0.33399999141693115,0.10670000314712524
YLR201C,YOR066W,0,3.0823667,0.2382310926914215,0.33399999141693115,0.10679999738931656
YIL074C,YDR318W,0,3.0816374,0.23806129395961761,0.33399999141693115,0.10689999908208847
YLR385C,YJL073W,0,3.0812025,0.23789173364639282,0.33399999141693115,0.10700000077486038
YGL090W,YOR386W,1,3.0810392,0.23843416571617126,0.33500000834465027,0.10700000077486038
YDR219C,YNL151C,0,3.0809705,0.23826457560062408,0.33500000834465027,0.1071000024676323
YOR244W,YLR265C,1,3.0805762,0.23880596458911896,0.335999995470047,0.1071000024676323
YJR010C-A,YGR194C,0,3.0805342,0.23863635957241058,0.335999995470047,0.10719999670982361
YNL292W,YJR160C,0,3.080394,0.2384669929742813,0.335999995470047,0.10729999840259552
YDR440W,YOL072W,1,3.0800788,0.23900708556175232,0.3370000123977661,0.10729999840259552
YDR107C,YDR320C,0,3.0796788,0.23883770406246185,0.3370000123977661,0.10740000009536743
YNL330C,YPL121C,1,3.079347,0.23937676846981049,0.33799999952316284,0.10740000009536743
YHL024W,YBR231C,0,3.0792181,0.23920735716819763,0.33799999952316284,0.10750000178813934
YDR495C,YPL060W,0,3.0791004,0.23903818428516388,0.33799999952316284,0.10760000348091125
YAL010C,YER012W,0,3.078924,0.23886926472187042,0.33799999952316284,0.10769999772310257
YDR013W,YMR037C,0,3.0783825,0.23870056867599487,0.33799999952316284,0.10779999941587448
YHR086W,YPR073C,0,3.078377,0.23853211104869843,0.33799999952316284,0.10790000110864639
YDR011W,YER111C,0,3.078289,0.23836389183998108,0.33799999952316284,0.1080000028014183
YIL093C,YAL062W,0,3.077902,0.23819591104984283,0.33799999952316284,0.10809999704360962
YBR123C,YBR050C,0,3.077379,0.2380281686782837,0.33799999952316284,0.10819999873638153
YJL019W,YBL074C,0,3.0770867,0.23786066472530365,0.33799999952316284,0.10830000042915344
YLR096W,YHR167W,0,3.0768163,0.23769338428974152,0.33799999952316284,0.10840000212192535
YLR364W,YDR069C,0,3.0768,0.23752635717391968,0.33799999952316284,0.10849999636411667
YAL013W,YLR100W,0,3.0760431,0.23735955357551575,0.33799999952316284,0.10859999805688858
YPR021C,YML088W,0,3.0759861,0.23719298839569092,0.33799999952316284,0.10869999974966049
YLR212C,YAL034W-A,0,3.0759223,0.237026646733284,0.33799999952316284,0.1088000014424324
YDR270W,YKL183W,0,3.0757291,0.23686054348945618,0.33799999952316284,0.10890000313520432
YNL015W,YDL017W,0,3.0752609,0.23669467866420746,0.33799999952316284,0.10899999737739563
YIL093C,YBL023C,0,3.0737016,0.23652903735637665,0.33799999952316284,0.10909999907016754
YGL251C,YPR168W,0,3.0727654,0.23636363446712494,0.33799999952316284,0.10920000076293945
YDR219C,YPL095C,0,3.0698547,0.23619846999645233,0.33799999952316284,0.10930000245571136
YDR347W,YDL138W,0,3.069276,0.23603351414203644,0.33799999952316284,0.10939999669790268
YBR082C,YDR166C,0,3.069118,0.23586881160736084,0.33799999952316284,0.10949999839067459
YOL072W,YLR265C,1,3.0687084,0.23640167713165283,0.33899998664855957,0.10949999839067459
YGR286C,YLR246W,0,3.0683322,0.23623692989349365,0.33899998664855957,0.1096000000834465
YOR069W,YJL136C,0,3.06833,0.23607242107391357,0.33899998664855957,0.10970000177621841
YLR086W,YBL037W,0,3.0683203,0.2359081357717514,0.33899998664855957,0.10980000346899033
YGR002C,YLR265C,1,3.067865,0.23643949627876282,0.3400000035762787,0.10980000346899033
YOR069W,YBL020W,0,3.067267,0.23627519607543945,0.3400000035762787,0.10989999771118164
YOL072W,YAR007C,1,3.067095,0.23680555820465088,0.3409999907016754,0.10989999771118164
YDL101C,YER173W,1,3.066968,0.2373351901769638,0.34200000762939453,0.10989999771118164
YJR058C,YBR207W,0,3.0667787,0.23717059195041656,0.34200000762939453,0.10999999940395355
YHR181W,YGR075C,0,3.0666075,0.23700623214244843,0.34200000762939453,0.11010000109672546
YDR270W,YLR364W,0,3.0663426,0.2368421107530594,0.34200000762939453,0.11020000278949738
YBR289W,YLR032W,1,3.066207,0.23737023770809174,0.34299999475479126,0.11020000278949738
YMR233W,YDR003W,0,3.065309,0.2372060865163803,0.34299999475479126,0.11029999703168869
YNL077W,YPL095C,0,3.064951,0.2370421588420868,0.34299999475479126,0.1103999987244606
YKR061W,YJR010C-A,0,3.0648258,0.23687845468521118,0.34299999475479126,0.11050000041723251
YNL293W,YJL109C,0,3.064751,0.23671497404575348,0.34299999475479126,0.11060000211000443
YBR001C,YDR418W,0,3.0642636,0.23655171692371368,0.34299999475479126,0.11069999635219574
YBR160W,YPL153C,1,3.062703,0.23707787692546844,0.3440000116825104,0.11069999635219574
YKL173W,YHL004W,0,3.062416,0.23691460490226746,0.3440000116825104,0.11079999804496765
YGR002C,YOR244W,1,3.061709,0.23743978142738342,0.3449999988079071,0.11079999804496765
YEL016C,YGR135W,0,3.0616417,0.23727647960186005,0.3449999988079071,0.11089999973773956
YPL022W,YDR288W,1,3.061366,0.2378006875514984,0.34599998593330383,0.11089999973773956
YDL099W,YPL155C,0,3.0611818,0.23763735592365265,0.34599998593330383,0.11100000143051147
YMR224C,YKL017C,1,3.0610993,0.2381606101989746,0.34700000286102295,0.11100000143051147
YER083C,YPR168W,0,3.0610259,0.23799726366996765,0.34700000286102295,0.11110000312328339
YDR177W,YER180C,0,3.0606544,0.2378341257572174,0.34700000286102295,0.1111999973654747
YNL330C,YOR217W,1,3.060379,0.23835615813732147,0.3479999899864197,0.1111999973654747
YJL072C,YLR010C,0,3.0603712,0.23819302022457123,0.3479999899864197,0.11129999905824661
YDR265W,YBR213W,0,3.06018,0.2380300909280777,0.3479999899864197,0.11140000075101852
YPL121C,YDL101C,1,3.0601447,0.23855091631412506,0.3490000069141388,0.11140000075101852
YCL061C,YEL061C,0,3.060117,0.23838797211647034,0.3490000069141388,0.11150000244379044
YMR004W,YDR421W,0,3.0588934,0.23822525143623352,0.3490000069141388,0.11159999668598175
YBR097W,YHR036W,0,3.0587742,0.2380627542734146,0.3490000069141388,0.11169999837875366
YOR288C,YJL129C,0,3.0583858,0.2379004806280136,0.3490000069141388,0.11180000007152557
YLR221C,YGR154C,0,3.058316,0.23773841559886932,0.3490000069141388,0.11190000176429749
YLR121C,YBR231C,0,3.0576112,0.23757658898830414,0.3490000069141388,0.1120000034570694
YDR096W,YJR135C,0,3.0572994,0.23741497099399567,0.3490000069141388,0.11209999769926071
YGR101W,YHR167W,0,3.056722,0.2372535616159439,0.3490000069141388,0.11219999939203262
YPL194W,YLR265C,1,3.0566647,0.23777173459529877,0.3499999940395355,0.11219999939203262
YLR127C,YDR326C,0,3.056621,0.237610325217247,0.3499999940395355,0.11230000108480453
YDR253C,YBR024W,0,3.0562184,0.23744912445545197,0.3499999940395355,0.11240000277757645
YDR242W,YIL093C,0,3.0561283,0.23728813230991364,0.3499999940395355,0.11249999701976776
YLR032W,YLR265C,1,3.0550468,0.23780487477779388,0.35100001096725464,0.11249999701976776
YNL291C,YGL155W,0,3.054696,0.23764386773109436,0.35100001096725464,0.11259999871253967
YMR171C,YJL080C,0,3.0540173,0.23748308420181274,0.35100001096725464,0.11270000040531158
YBR273C,YHR013C,0,3.0532696,0.23732250928878784,0.35100001096725464,0.1128000020980835
YIR002C,YPL153C,1,3.0526075,0.23783783614635468,0.35199999809265137,0.1128000020980835
YOR290C,YCR092C,1,3.052056,0.2383524626493454,0.3529999852180481,0.1128000020980835
YJL143W,YLR385C,0,3.0509923,0.2381916344165802,0.3529999852180481,0.11289999634027481
YJL129C,YFR005C,0,3.0506563,0.23803101480007172,0.3529999852180481,0.11299999803304672
YDR253C,YDL099W,0,3.050369,0.23787061870098114,0.3529999852180481,0.11309999972581863
YFR032C-A,YDR400W,0,3.050326,0.23771043121814728,0.3529999852180481,0.11320000141859055
YEL016C,YPL202C,0,3.0500891,0.23755046725273132,0.3529999852180481,0.11330000311136246
YJL143W,YPR032W,0,3.0497887,0.23739072680473328,0.3529999852180481,0.11339999735355377
YDR334W,YPL095C,0,3.0496776,0.23723118007183075,0.3529999852180481,0.11349999904632568
YJL156C,YOL109W,0,3.048588,0.23707185685634613,0.3529999852180481,0.1136000007390976
YKL089W,YJL170C,0,3.0481246,0.23691275715827942,0.3529999852180481,0.1137000024318695
YOR308C,YJL048C,0,3.0472229,0.23675385117530823,0.3529999852180481,0.11379999667406082
YJL198W,YLR207W,0,3.0467875,0.23659516870975494,0.3529999852180481,0.11389999836683273
YFR037C,YDL101C,1,3.0467625,0.23710650205612183,0.3540000021457672,0.11389999836683273
YLR127C,YHL016C,0,3.0466125,0.23694778978824615,0.3540000021457672,0.11400000005960464
YDL007W,YDR418W,0,3.0458891,0.2367893010377884,0.3540000021457672,0.11410000175237656
YOL065C,YJL121C,0,3.0455728,0.23663102090358734,0.3540000021457672,0.11420000344514847
YER029C,YGR274C,0,3.0453486,0.236472949385643,0.3540000021457672,0.11429999768733978
YJR121W,YML104C,0,3.0452502,0.23631508648395538,0.3540000021457672,0.1143999993801117
YLR214W,YOR179C,0,3.0442894,0.23615743219852448,0.3540000021457672,0.1145000010728836
YBL054W,YLR201C,0,3.044072,0.23600000143051147,0.3540000021457672,0.11460000276565552
YLR192C,YMR287C,0,3.0437765,0.235842764377594,0.3540000021457672,0.11469999700784683
YPL022W,YGR002C,1,3.043619,0.23635153472423553,0.35499998927116394,0.11469999700784683
YKR090W,YMR071C,0,3.0433571,0.23619428277015686,0.35499998927116394,0.11479999870061874
YNR008W,YOR288C,0,3.0432923,0.2360372394323349,0.35499998927116394,0.11490000039339066
YJL041W,YKL034W,0,3.0431888,0.23588040471076965,0.35499998927116394,0.11500000208616257
YER095W,YFR037C,1,3.0428798,0.23638778924942017,0.35600000619888306,0.11500000208616257
YMR316W,YMR204C,0,3.0427535,0.23623092472553253,0.35600000619888306,0.11509999632835388
YLR381W,YPR054W,0,3.042737,0.2360742688179016,0.35600000619888306,0.1151999980211258
YDR368W,YNR041C,0,3.0423353,0.2359178215265274,0.35600000619888306,0.1152999997138977
YBL022C,YDL008W,0,3.04194,0.2357615828514099,0.35600000619888306,0.11540000140666962
YNL188W,YJL101C,0,3.0414538,0.23560555279254913,0.35600000619888306,0.11550000309944153
YOL072W,YHR081W,1,3.0413964,0.2361111044883728,0.3569999933242798,0.11550000309944153
YMR198W,YNL325C,0,3.0413072,0.23595505952835083,0.3569999933242798,0.11559999734163284
YCR096C,YGR135W,0,3.0409021,0.23579920828342438,0.3569999933242798,0.11569999903440475
YNL308C,YBR273C,0,3.0407999,0.23564356565475464,0.3569999933242798,0.11580000072717667
YOL005C,YOR075W,0,3.0396397,0.2354881316423416,0.3569999933242798,0.11590000241994858
YDR224C,YLR427W,1,3.039549,0.23599208891391754,0.3580000102519989,0.11590000241994858
YIL093C,YGR188C,0,3.039204,0.23583662509918213,0.3580000102519989,0.11599999666213989
YER061C,YNL185C,0,3.0389357,0.23568136990070343,0.3580000102519989,0.1160999983549118
YAL010C,YJL097W,0,3.0387077,0.23552630841732025,0.3580000102519989,0.11620000004768372
YJL219W,YJL008C,0,3.0381632,0.23537147045135498,0.3580000102519989,0.11630000174045563
YIL109C,YOR174W,0,3.0376768,0.23521682620048523,0.3580000102519989,0.11640000343322754
YAL021C,YOL125W,0,3.0373886,0.235062375664711,0.3580000102519989,0.11649999767541885
YPL031C,YOR070C,0,3.0373514,0.23490813374519348,0.3580000102519989,0.11659999936819077
YOL138C,YDR486C,0,3.0373316,0.23475410044193268,0.3580000102519989,0.11670000106096268
YNL129W,YDR523C,0,3.0369463,0.2346002608537674,0.3580000102519989,0.11680000275373459
YDR032C,YDR390C,0,3.0364633,0.23444662988185883,0.3580000102519989,0.1168999969959259
YKR090W,YIL027C,0,3.0358913,0.23429319262504578,0.3580000102519989,0.11699999868869781
YDL030W,YKR058W,0,3.0358293,0.23413996398448944,0.3580000102519989,0.11710000038146973
YGR002C,YKL017C,1,3.0355682,0.23464052379131317,0.35899999737739563,0.11710000038146973
YAR007C,YPL153C,1,3.0350366,0.23514042794704437,0.36000001430511475,0.11710000038146973
YFL047W,YML124C,0,3.0347888,0.23498694598674774,0.36000001430511475,0.11720000207424164
YIL138C,YGR200C,0,3.0347335,0.23483365774154663,0.36000001430511475,0.11729999631643295
YFL044C,YNR022C,0,3.0345461,0.23468057811260223,0.36000001430511475,0.11739999800920486
YNL218W,YML060W,1,3.03411,0.23517915606498718,0.3610000014305115,0.11739999800920486
YDR242W,YOR151C,0,3.0336058,0.2350260466337204,0.3610000014305115,0.11749999970197678
YBR289W,YLR427W,1,3.0333436,0.2355237454175949,0.3619999885559082,0.11749999970197678
YNL311C,YPR070W,0,3.0331485,0.23537060618400574,0.3619999885559082,0.11760000139474869
YDR033W,YPL202C,0,3.033004,0.23521767556667328,0.3619999885559082,0.1177000030875206
YNL291C,YLR078C,0,3.0312421,0.23506493866443634,0.3619999885559082,0.11779999732971191
YNL218W,YER147C,1,3.0295684,0.2355613261461258,0.3630000054836273,0.11779999732971191
YFR037C,YBR160W,1,3.0295641,0.2360570728778839,0.36399999260902405,0.11779999732971191
YKL034W,YOL149W,0,3.0292194,0.23590408265590668,0.36399999260902405,0.11789999902248383
YKL089W,YKL156W,0,3.0288923,0.23575130105018616,0.36399999260902405,0.11800000071525574
YBR050C,YLR100W,0,3.0284343,0.23559869825839996,0.36399999260902405,0.11810000240802765
YGL161C,YHR129C,0,3.0281432,0.23544631898403168,0.36399999260902405,0.11819999665021896
YNL293W,YLR008C,0,3.0280008,0.23529411852359772,0.36399999260902405,0.11829999834299088
YIL109C,YKL059C,0,3.0279586,0.23514211177825928,0.36399999260902405,0.11840000003576279
YDR288W,YHR081W,1,3.0278418,0.2356358915567398,0.36500000953674316,0.11840000003576279
YJR097W,YOR127W,0,3.0275023,0.23548386991024017,0.36500000953674316,0.1185000017285347
YPL206C,YJR143C,0,3.027119,0.23533204197883606,0.36500000953674316,0.11860000342130661
YBR264C,YOR057W,0,3.0265086,0.23518040776252747,0.36500000953674316,0.11869999766349792
YNL136W,YFL039C,1,3.0264559,0.23567289113998413,0.3659999966621399,0.11869999766349792
YMR289W,YDL067C,0,3.02604,0.23552124202251434,0.3659999966621399,0.11879999935626984
YMR298W,YPL269W,0,3.0253737,0.23536977171897888,0.3659999966621399,0.11890000104904175
YNR008W,YER083C,0,3.0253665,0.23521851003170013,0.3659999966621399,0.11900000274181366
YBR050C,YIL051C,0,3.0253103,0.2350674420595169,0.3659999966621399,0.11909999698400497
YNR070W,YGR063C,0,3.0246816,0.234916552901268,0.3659999966621399,0.11919999867677689
YER161C,YKR009C,0,3.0236628,0.23476587235927582,0.3659999966621399,0.1193000003695488
YDR121W,YGR002C,1,3.0236351,0.2352564036846161,0.367000013589859,0.1193000003695488
YGL128C,YDL095W,0,3.0227334,0.2351057082414627,0.367000013589859,0.11940000206232071
YNL218W,YNL136W,1,3.022149,0.23559539020061493,0.36800000071525574,0.11940000206232071
YJL041W,YJL106W,0,3.021827,0.23544466495513916,0.36800000071525574,0.11949999630451202
YPL194W,YIL126W,1,3.0209727,0.23593349754810333,0.36899998784065247,0.11949999630451202
YMR314W,YNR045W,0,3.0206249,0.23578274250030518,0.36899998784065247,0.11959999799728394
YOR290C,YMR224C,1,3.0204787,0.2362707555294037,0.3700000047683716,0.11959999799728394
YNL218W,YJL090C,1,3.0194678,0.23675814270973206,0.3709999918937683,0.11959999799728394
YBR213W,YPR054W,0,3.0194013,0.2366071492433548,0.3709999918937683,0.11969999969005585
YAL041W,YLR201C,0,3.0190194,0.23645633459091187,0.3709999918937683,0.11980000138282776
YER036C,YDL141W,0,3.018532,0.23630572855472565,0.3709999918937683,0.11990000307559967
YIL150C,YOL127W,0,3.018408,0.23615531623363495,0.3709999918937683,0.11999999731779099
YNL212W,YOR070C,0,3.0177095,0.23600508272647858,0.3709999918937683,0.1200999990105629
YLL062C,YDR520C,0,3.0174265,0.23585505783557892,0.3709999918937683,0.12020000070333481
YDR118W,YOL149W,0,3.017396,0.2357052117586136,0.3709999918937683,0.12030000239610672
YIL126W,YMR224C,1,3.017349,0.23619048297405243,0.3720000088214874,0.12030000239610672
YKL179C,YKL198C,0,3.0166752,0.2360406070947647,0.3720000088214874,0.12039999663829803
YBR001C,YLR304C,0,3.016379,0.2358909249305725,0.3720000088214874,0.12049999833106995
YAR019C,YML125C,0,3.0161994,0.23574145138263702,0.3720000088214874,0.12060000002384186
YLR079W,YHR064C,0,3.0153496,0.23559214174747467,0.3720000088214874,0.12070000171661377
YKL173W,YPL202C,0,3.0150378,0.23544304072856903,0.3720000088214874,0.12080000340938568
YBR058C,YBR213W,0,3.0132592,0.23529411852359772,0.3720000088214874,0.120899997651577
YDL019C,YBR082C,0,3.0132349,0.23514539003372192,0.3720000088214874,0.12099999934434891
YDR379W,YDL130W,0,3.012736,0.23499684035778046,0.3720000088214874,0.12110000103712082
YJL164C,YNL227C,0,3.0120971,0.2348484843969345,0.3720000088214874,0.12120000272989273
YGL191W,YPR081C,0,3.011889,0.23470032215118408,0.3720000088214874,0.12129999697208405
YPR070W,YKR104W,0,3.011842,0.23455233871936798,0.3720000088214874,0.12139999866485596
YDL210W,YGL251C,0,3.0117056,0.2344045341014862,0.3720000088214874,0.12150000035762787
YOL003C,YDL030W,0,3.0112908,0.23425692319869995,0.3720000088214874,0.12160000205039978
YEL038W,YIL084C,0,3.0111034,0.23410950601100922,0.3720000088214874,0.1216999962925911
YMR224C,YDR288W,1,3.011101,0.23459120094776154,0.37299999594688416,0.1216999962925911
YAL041W,YDR478W,0,3.0107057,0.23444373905658722,0.37299999594688416,0.121799997985363
YPL194W,YGR002C,1,3.0090632,0.23492462933063507,0.37400001287460327,0.121799997985363
YHR171W,YHR013C,0,3.0081174,0.23477715253829956,0.37400001287460327,0.12189999967813492
YLR098C,YGR223C,0,3.007642,0.23462985455989838,0.37400001287460327,0.12200000137090683
YKR014C,YOL149W,0,3.0061975,0.2344827651977539,0.37400001287460327,0.12210000306367874
YLR385C,YLR403W,0,3.006049,0.23433583974838257,0.37400001287460327,0.12219999730587006
YER086W,YOL105C,0,3.0052204,0.23418910801410675,0.37400001287460327,0.12229999899864197
YOR384W,YIL138C,0,3.0036986,0.23404255509376526,0.37400001287460327,0.12240000069141388
YKL059C,YGR075C,0,3.0030048,0.2338961809873581,0.37400001287460327,0.12250000238418579
YEL064C,YGL211W,0,3.0024254,0.23375000059604645,0.37400001287460327,0.1225999966263771
YLR433C,YGR037C,0,3.0023966,0.23360399901866913,0.37400001287460327,0.12269999831914902
YKL173W,YDL146W,0,3.0019927,0.23345817625522614,0.37400001287460327,0.12280000001192093
YPL144W,YGR154C,0,3.0019424,0.23331253230571747,0.37400001287460327,0.12290000170469284
YER095W,YLR032W,1,3.0018187,0.23379051685333252,0.375,0.12290000170469284
YBR001C,YDR013W,0,3.0009673,0.23364485800266266,0.375,0.12300000339746475
YNL210W,YDL085W,0,3.000655,0.23349937796592712,0.375,0.12309999763965607
YGR029W,YJR066W,0,3.0006368,0.23335407674312592,0.375,0.12319999933242798
YIL101C,YAR018C,0,3.000526,0.23320895433425903,0.375,0.12330000102519989
YOR150W,YDR103W,0,2.99954,0.23306401073932648,0.375,0.1234000027179718
YDL069C,YCR081W,0,2.9988945,0.23291926085948944,0.375,0.12349999696016312
YDR121W,YPL022W,1,2.9984126,0.23339541256427765,0.37599998712539673,0.12349999696016312
YGL211W,YLR318W,0,2.9983118,0.23325061798095703,0.37599998712539673,0.12359999865293503
YDR440W,YNL136W,1,2.998299,0.23372597992420197,0.37700000405311584,0.12359999865293503
YLR396C,YKL183W,0,2.9978964,0.23358117043972015,0.37700000405311584,0.12370000034570694
YDL141W,YOL149W,0,2.997515,0.23343653976917267,0.37700000405311584,0.12380000203847885
YNR011C,YCR075C,0,2.9974449,0.23329207301139832,0.37700000405311584,0.12389999628067017
YDR440W,YDR288W,1,2.9974442,0.23376622796058655,0.3779999911785126,0.12389999628067017
YJR160C,YFR005C,0,2.9963882,0.2336217612028122,0.3779999911785126,0.12399999797344208
YLR396C,YHR136C,0,2.9960895,0.23347745835781097,0.3779999911785126,0.12409999966621399
YDL200C,YOR290C,1,2.9936178,0.23395061492919922,0.3790000081062317,0.12409999966621399
YER030W,YPL202C,0,2.993429,0.2338062971830368,0.3790000081062317,0.1242000013589859
YNL001W,YBR035C,0,2.9924967,0.23366214334964752,0.3790000081062317,0.12430000305175781
YNL330C,YDR288W,1,2.9917736,0.23413431644439697,0.3799999952316284,0.12430000305175781
YLR032W,YDR288W,1,2.991565,0.23460590839385986,0.38100001215934753,0.12430000305175781
YCL063W,YOR014W,0,2.9905672,0.23446153104305267,0.38100001215934753,0.12439999729394913
YBL074C,YLR139C,0,2.9904096,0.234317347407341,0.38100001215934753,0.12449999898672104
YGR047C,YDR478W,0,2.9891033,0.23417332768440247,0.38100001215934753,0.12460000067949295
YGR058W,YPL051W,0,2.9884212,0.23402948677539825,0.38100001215934753,0.12470000237226486
YDR013W,YPL038W,0,2.9875605,0.23388582468032837,0.38100001215934753,0.12479999661445618
YMR289W,YBL020W,0,2.9873765,0.23374232649803162,0.38100001215934753,0.12489999830722809
YBR291C,YDR390C,0,2.9866674,0.23359902203083038,0.38100001215934753,0.125
YJR121W,YOR057W,0,2.986529,0.23345588147640228,0.38100001215934753,0.1251000016927719
YGL173C,YOR066W,0,2.9859521,0.2333129197359085,0.38100001215934753,0.12520000338554382
YOL133W,YDR523C,0,2.9859166,0.23317013680934906,0.38100001215934753,0.12530000507831573
YDR126W,YGL040C,0,2.9858034,0.23302751779556274,0.38100001215934753,0.12540000677108765
YOR037W,YIL084C,0,2.9855893,0.23288509249687195,0.38100001215934753,0.12549999356269836
YPR048W,YPL154C,0,2.9854198,0.2327428162097931,0.38100001215934753,0.12559999525547028
YLR032W,YHR099W,1,2.9853642,0.2332112342119217,0.38199999928474426,0.12559999525547028
YHR036W,YMR071C,0,2.984618,0.23306894302368164,0.38199999928474426,0.1256999969482422
YLR427W,YLR032W,1,2.984047,0.23353658616542816,0.382999986410141,0.1256999969482422
YGR194C,YAL058W,0,2.9832141,0.23339426517486572,0.382999986410141,0.1257999986410141
YAL010C,YDR479C,0,2.982684,0.2332521378993988,0.382999986410141,0.125900000333786
YGL089C,YIL101C,0,2.9823349,0.23311015963554382,0.382999986410141,0.12600000202655792
YBR289W,YOR244W,1,2.9819744,0.23357664048671722,0.3840000033378601,0.12600000202655792
YMR127C,YER007W,0,2.9819582,0.23343464732170105,0.3840000033378601,0.12610000371932983
YDR074W,YIL039W,0,2.9814284,0.2332928329706192,0.3840000033378601,0.12620000541210175
YDL019C,YJL109C,0,2.9814212,0.23315118253231049,0.3840000033378601,0.12630000710487366
YDR379W,YDR418W,0,2.9814126,0.2330097109079361,0.3840000033378601,0.12639999389648438
YMR036C,YNL135C,0,2.981271,0.23286840319633484,0.3840000033378601,0.1264999955892563
YCL061C,YPR168W,0,2.9803507,0.2327272742986679,0.3840000033378601,0.1265999972820282
YKL154W,YPL028W,0,2.9802501,0.2325863093137741,0.3840000033378601,0.1266999989748001
YHR081W,YCR092C,1,2.9798272,0.2330508530139923,0.38499999046325684,0.1266999989748001
YER147C,YOL072W,1,2.9796078,0.23351481556892395,0.38600000739097595,0.1266999989748001
YDR318W,YPL033C,0,2.97927,0.23337364196777344,0.38600000739097595,0.12680000066757202
YFR008W,YJR076C,0,2.9789715,0.23323263227939606,0.38600000739097595,0.12690000236034393
YNL077W,YLR207W,0,2.9787562,0.2330917865037918,0.38600000739097595,0.12700000405311584
YKL179C,YLR385C,0,2.978674,0.2329511195421219,0.38600000739097595,0.12710000574588776
YPR166C,YKL179C,0,2.9771216,0.2328106164932251,0.38600000739097595,0.12720000743865967
YDL200C,YPL153C,1,2.9763558,0.23327305912971497,0.3869999945163727,0.12720000743865967
YDL033C,YML042W,0,2.9762754,0.2331325262784958,0.3869999945163727,0.12729999423027039
YDR096W,YJL133W,0,2.9758694,0.23299217224121094,0.3869999945163727,0.1273999959230423
YOR373W,YCL059C,0,2.9757597,0.23285198211669922,0.3869999945163727,0.1274999976158142
YDL030W,YKL028W,0,2.9741032,0.23271197080612183,0.3869999945163727,0.12759999930858612
YML012W,YLR207W,0,2.9725435,0.23257210850715637,0.3869999945163727,0.12770000100135803
YJR022W,YNL149C,0,2.9724722,0.23243242502212524,0.3869999945163727,0.12780000269412994
YMR098C,YJR058C,0,2.972329,0.23229292035102844,0.3869999945163727,0.12790000438690186
YNL136W,YOL072W,1,2.9722605,0.2327534556388855,0.3880000114440918,0.12790000438690186
YAR019C,YHL004W,0,2.9711025,0.23261390626430511,0.3880000114440918,0.12800000607967377
YDR071C,YER164W,0,2.9709985,0.23247453570365906,0.3880000114440918,0.12809999287128448
YNL136W,YLR357W,1,2.9707263,0.2329341322183609,0.3889999985694885,0.12809999287128448
YBL064C,YLR385C,0,2.9700158,0.23279473185539246,0.3889999985694885,0.1281999945640564
YDR253C,YPR021C,0,2.969818,0.23265549540519714,0.3889999985694885,0.1282999962568283
YKL034W,YBL082C,0,2.9697163,0.23251643776893616,0.3889999985694885,0.12839999794960022
YDR279W,YDR524C,0,2.9684281,0.2323775440454483,0.3889999985694885,0.12849999964237213
YGR101W,YDR320C,0,2.9682567,0.2322387993335724,0.3889999985694885,0.12860000133514404
YLR090W,YDR421W,0,2.967887,0.2321002334356308,0.3889999985694885,0.12870000302791595
YDL007W,YGL084C,0,2.967878,0.23196183145046234,0.3889999985694885,0.12880000472068787
YDR363W-A,YKR009C,0,2.9675896,0.23182359337806702,0.3889999985694885,0.12890000641345978
YHR172W,YPR192W,0,2.9663532,0.23168553411960602,0.3889999985694885,0.1289999932050705
YDR069C,YLL022C,0,2.9649525,0.23154762387275696,0.3889999985694885,0.1290999948978424
YGL128C,YCL050C,0,2.964546,0.23140987753868103,0.3889999985694885,0.12919999659061432
YMR171C,YEL065W,0,2.9645102,0.23127229511737823,0.3889999985694885,0.12929999828338623
YDR524C,YOR080W,0,2.9643564,0.23113487660884857,0.3889999985694885,0.12939999997615814
YBR289W,YGR002C,1,2.9640114,0.23159144818782806,0.38999998569488525,0.12939999997615814
YPL174C,YGL251C,0,2.9638047,0.231453999876976,0.38999998569488525,0.12950000166893005
YOR290C,YOR346W,1,2.9635408,0.231909841299057,0.39100000262260437,0.12950000166893005
YCR004C,YLR172C,0,2.9633706,0.23177237808704376,0.39100000262260437,0.12960000336170197
YNL136W,YHR099W,1,2.9629145,0.23222748935222626,0.3919999897480011,0.12960000336170197
YBL078C,YNL101W,0,2.9624317,0.23208999633789062,0.3919999897480011,0.12970000505447388
YNL242W,YJL133W,0,2.961611,0.23195266723632812,0.3919999897480011,0.1298000067472458
YMR163C,YBR207W,0,2.960635,0.23181548714637756,0.3919999897480011,0.1298999935388565
YMR036C,YKL212W,0,2.959244,0.23167848587036133,0.3919999897480011,0.12999999523162842
YGL035C,YDL060W,0,2.9592102,0.23154164850711823,0.3919999897480011,0.13009999692440033
YBR175W,YCL069W,0,2.9591563,0.23140496015548706,0.3919999897480011,0.13019999861717224
YMR281W,YKL042W,0,2.959113,0.23126843571662903,0.3919999897480011,0.13030000030994415
YLR038C,YJL073W,0,2.9586895,0.23113207519054413,0.3919999897480011,0.13040000200271606
YBR009C,YCL066W,0,2.9582963,0.23099587857723236,0.3919999897480011,0.13050000369548798
YLR373C,YLR364W,0,2.9580579,0.23085983097553253,0.3919999897480011,0.1306000053882599
YMR264W,YHR017W,0,2.9576764,0.23072396218776703,0.3919999897480011,0.1307000070810318
YDR052C,YIR017C,0,2.9575558,0.23058824241161346,0.3919999897480011,0.13079999387264252
YDR356W,YNL212W,0,2.9575155,0.23045267164707184,0.3919999897480011,0.13089999556541443
YJR025C,YNL158W,0,2.9574842,0.23031727969646454,0.3919999897480011,0.13099999725818634
YDR536W,YLR086W,0,2.9571497,0.23018203675746918,0.3919999897480011,0.13109999895095825
YPL195W,YAL058W,0,2.9562054,0.23004694283008575,0.3919999897480011,0.13120000064373016
YNL330C,YDL200C,1,2.9560843,0.2304985374212265,0.3930000066757202,0.13120000064373016
YDL127W,YNR045W,0,2.9547296,0.23036342859268188,0.3930000066757202,0.13130000233650208
YJL165C,YAL012W,0,2.9545972,0.2302284687757492,0.3930000066757202,0.131400004029274
YFR037C,YLR032W,1,2.9543111,0.23067915439605713,0.39399999380111694,0.131400004029274
YOR043W,YLR306W,0,2.9541922,0.23054417967796326,0.39399999380111694,0.1315000057220459
YBL088C,YBR160W,1,2.9541821,0.23099415004253387,0.39500001072883606,0.1315000057220459
YLR109W,YDR390C,0,2.954131,0.23085914552211761,0.39500001072883606,0.1316000074148178
YFL004W,YML115C,0,2.95373,0.2307243049144745,0.39500001072883606,0.13169999420642853
YBR213W,YHR064C,0,2.9537156,0.2305896133184433,0.39500001072883606,0.13179999589920044
YBL024W,YPR168W,0,2.9536664,0.23045507073402405,0.39500001072883606,0.13189999759197235
YOR337W,YMR204C,0,2.952443,0.23032070696353912,0.39500001072883606,0.13199999928474426
YBR055C,YHL019C,0,2.9522593,0.23018647730350494,0.39500001072883606,0.13210000097751617
YLR127C,YDR421W,0,2.9520216,0.2300524115562439,0.39500001072883606,0.13220000267028809
YGR101W,YHR184W,0,2.951753,0.22991850972175598,0.39500001072883606,0.13230000436306
YIL072W,YAL035W,0,2.951336,0.22978475689888,0.39500001072883606,0.1324000060558319
YNL136W,YCR092C,1,2.9508588,0.23023255169391632,0.3959999978542328,0.1324000060558319
YIR036C,YER112W,0,2.9508433,0.23009878396987915,0.3959999978542328,0.13249999284744263
YIR012W,YJL102W,0,2.9508204,0.22996515035629272,0.3959999978542328,0.13259999454021454
YNL218W,YLR357W,1,2.9502614,0.2304120659828186,0.3970000147819519,0.13259999454021454
YDR440W,YOR244W,1,2.9501512,0.2308584749698639,0.39800000190734863,0.13259999454021454
YMR098C,YGL251C,0,2.9499176,0.23072463274002075,0.39800000190734863,0.13269999623298645
YGL232W,YJR158W,0,2.9490306,0.23059095442295074,0.39800000190734863,0.13279999792575836
YOR308C,YIL090W,0,2.9489152,0.23045744001865387,0.39800000190734863,0.13289999961853027
YML027W,YGL251C,0,2.9486687,0.23032407462596893,0.39800000190734863,0.13300000131130219
YBL017C,YER048W-A,0,2.947706,0.23019085824489594,0.39800000190734863,0.1331000030040741
YGR058W,YOR288C,0,2.9474633,0.23005780577659607,0.39800000190734863,0.133200004696846
YDR511W,YOL080C,0,2.946421,0.22992490231990814,0.39800000190734863,0.13330000638961792
YJL156C,YPR073C,0,2.9455388,0.22979214787483215,0.39800000190734863,0.13339999318122864
YNL218W,YBR289W,1,2.945144,0.23023658990859985,0.39899998903274536,0.13339999318122864
YDL200C,YGR002C,1,2.945031,0.23068051040172577,0.4000000059604645,0.13339999318122864
YOL031C,YGL249W,0,2.945004,0.23054754734039307,0.4000000059604645,0.13349999487400055
YMR233W,YHR186C,0,2.9445906,0.2304147481918335,0.4000000059604645,0.13359999656677246
YOL105C,YKR062W,0,2.944574,0.23028209805488586,0.4000000059604645,0.13369999825954437
YNL280C,YHL019C,0,2.9438496,0.23014959692955017,0.4000000059604645,0.13379999995231628
YJL041W,YPL103C,0,2.9433467,0.23001724481582642,0.4000000059604645,0.1339000016450882
YNL136W,YOR244W,1,2.943127,0.2304597645998001,0.4009999930858612,0.1339000016450882
YDR478W,YDR486C,0,2.9424174,0.23032739758491516,0.4009999930858612,0.1340000033378601
YGR086C,YDR376W,0,2.9419959,0.23019517958164215,0.4009999930858612,0.13410000503063202
YFR037C,YOR386W,1,2.9412682,0.2306368350982666,0.4020000100135803,0.13410000503063202
YOR124C,YMR285C,0,2.940511,0.2305045872926712,0.4020000100135803,0.13420000672340393
YOR057W,YHR086W,0,2.939428,0.23037248849868774,0.4020000100135803,0.13429999351501465
YNL330C,YBL088C,1,2.9392478,0.23081329464912415,0.40299999713897705,0.13429999351501465
YJL106W,YNR007C,0,2.9378824,0.2306811660528183,0.40299999713897705,0.13439999520778656
YMR080C,YGL003C,0,2.937343,0.23054920136928558,0.40299999713897705,0.13449999690055847
YDR400W,YDL095W,0,2.9371383,0.2304173856973648,0.40299999713897705,0.13459999859333038
YPL038W,YDR031W,0,2.9369626,0.23028571903705597,0.40299999713897705,0.1347000002861023
YMR233W,YMR150C,0,2.9362113,0.23015420138835907,0.40299999713897705,0.1348000019788742
YCR092C,YLR357W,1,2.9358165,0.23059360682964325,0.40400001406669617,0.1348000019788742
YPL214C,YOR322C,0,2.9357784,0.23046205937862396,0.40400001406669617,0.13490000367164612
YNL330C,YOL072W,1,2.9351175,0.23090079426765442,0.4050000011920929,0.13490000367164612
YLR192C,YPR005C,0,2.9347348,0.23076923191547394,0.4050000011920929,0.13500000536441803
YNL330C,YOR386W,1,2.9344532,0.23120729625225067,0.4059999883174896,0.13500000536441803
YOR116C,YPR168W,0,2.9338133,0.2310757040977478,0.4059999883174896,0.13510000705718994
YOR076C,YBL023C,0,2.9333985,0.23094426095485687,0.4059999883174896,0.13519999384880066
YLR433C,YKR009C,0,2.9330873,0.23081296682357788,0.4059999883174896,0.13529999554157257
YOL005C,YMR056C,0,2.9330814,0.23068182170391083,0.4059999883174896,0.13539999723434448
YDR247W,YAL025C,0,2.9329836,0.2305508255958557,0.4059999883174896,0.1354999989271164
YDR107C,YFL036W,0,2.9328022,0.23041997849941254,0.4059999883174896,0.1356000006198883
YHR105W,YKL028W,0,2.9327805,0.2302892804145813,0.4059999883174896,0.13570000231266022
YLR214W,YAL010C,0,2.9322922,0.230158731341362,0.4059999883174896,0.13580000400543213
YDR014W,YLR467W,0,2.9319282,0.23002833127975464,0.4059999883174896,0.13590000569820404
YGR002C,YHR081W,1,2.9314094,0.23046432435512543,0.40700000524520874,0.13590000569820404
YOR167C,YLR086W,0,2.9305408,0.23033389449119568,0.40700000524520874,0.13600000739097595
YER095W,YMR201C,1,2.930403,0.23076923191547394,0.40799999237060547,0.13600000739097595
YIL126W,YDR288W,1,2.9303176,0.2312040627002716,0.4090000092983246,0.13600000739097595
YNR020C,YDR402C,0,2.9300566,0.23107343912124634,0.4090000092983246,0.13609999418258667
YJR066W,YGL136C,0,2.9294622,0.230942964553833,0.4090000092983246,0.13619999587535858
YJL090C,YOR217W,1,2.9293816,0.23137697577476501,0.4099999964237213,0.13619999587535858
YIR006C,YGR076C,0,2.9291656,0.2312464714050293,0.4099999964237213,0.1362999975681305
YDR466W,YNR022C,0,2.9291608,0.23111611604690552,0.4099999964237213,0.1363999992609024
YBR251W,YDL008W,0,2.9282773,0.23098590970039368,0.4099999964237213,0.13650000095367432
YIL026C,YDR483W,0,2.9273198,0.23085585236549377,0.4099999964237213,0.13660000264644623
YNL311C,YLR014C,0,2.9271653,0.2307259440422058,0.4099999964237213,0.13670000433921814
YPR048W,YFR015C,0,2.9271114,0.2305961698293686,0.4099999964237213,0.13680000603199005
YLR121C,YKL056C,0,2.9269586,0.2304665595293045,0.4099999964237213,0.13689999282360077
YDR096W,YLR172C,0,2.926546,0.23033708333969116,0.4099999964237213,0.13699999451637268
YBL064C,YPR178W,0,2.9264896,0.23020774126052856,0.4099999964237213,0.1370999962091446
YPL194W,YPL153C,1,2.9251623,0.2306397259235382,0.41100001335144043,0.1370999962091446
YKL218C,YBR092C,0,2.9251487,0.23051036894321442,0.41100001335144043,0.1371999979019165
YJR066W,YDR116C,0,2.9250991,0.23038116097450256,0.41100001335144043,0.13729999959468842
YAL013W,YOR322C,0,2.9245307,0.23025210201740265,0.41100001335144043,0.13740000128746033
YGL003C,YOR211C,0,2.9239826,0.23012317717075348,0.41100001335144043,0.13750000298023224
YLR172C,YOL007C,0,2.9236662,0.22999440133571625,0.41100001335144043,0.13760000467300415
YBR084W,YBR207W,0,2.9232934,0.22986577451229095,0.41100001335144043,0.13770000636577606
YLR364W,YGL106W,0,2.9231899,0.2297372817993164,0.41100001335144043,0.13779999315738678
YBR087W,YDR288W,1,2.9229703,0.23016759753227234,0.41200000047683716,0.13779999315738678
YFR008W,YGR200C,0,2.9228413,0.2300390899181366,0.41200000047683716,0.1378999948501587
YFR003C,YPL074W,0,2.9226677,0.2299107164144516,0.41200000047683716,0.1379999965429306
YPL017C,YGL222C,0,2.9219744,0.22978249192237854,0.41200000047683716,0.13809999823570251
YPR192W,YDR507C,0,2.9218893,0.22965440154075623,0.41200000047683716,0.13819999992847443
YDL101C,YCR092C,1,2.921687,0.23008356988430023,0.4129999876022339,0.13819999992847443
YPR054W,YDR330W,0,2.9213836,0.22995544970035553,0.4129999876022339,0.13830000162124634
YDR013W,YBL064C,0,2.9211078,0.22982749342918396,0.4129999876022339,0.13840000331401825
YHR167W,YCR010C,0,2.921076,0.22969967126846313,0.4129999876022339,0.13850000500679016
YOL105C,YHR086W,0,2.9207008,0.22957198321819305,0.4129999876022339,0.13860000669956207
YMR171C,YBL022C,0,2.9205735,0.2294444441795349,0.4129999876022339,0.1386999934911728
YJL090C,YLR265C,1,2.9200046,0.22987228631973267,0.414000004529953,0.1386999934911728
YMR043W,YER111C,0,2.9198563,0.22974473237991333,0.414000004529953,0.1387999951839447
YBL074C,YDR483W,0,2.9193823,0.22961729764938354,0.414000004529953,0.1388999968767166
YCR004C,YOL120C,0,2.9188871,0.2294900268316269,0.414000004529953,0.13899999856948853
YIL150C,YGR241C,0,2.9188552,0.2293628752231598,0.414000004529953,0.13910000026226044
YIR002C,YKL017C,1,2.9186125,0.2297895848751068,0.41499999165534973,0.13910000026226044
YGL173C,YJL073W,0,2.9179,0.22966241836547852,0.41499999165534973,0.13920000195503235
YBR024W,YMR094W,0,2.9176686,0.22953540086746216,0.41499999165534973,0.13930000364780426
YIL070C,YHR167W,0,2.9172368,0.22940851747989655,0.41499999165534973,0.13940000534057617
YMR056C,YJL158C,0,2.9169862,0.22928176820278168,0.41499999165534973,0.13950000703334808
YGR076C,YDR044W,0,2.9166937,0.22915516793727875,0.41499999165534973,0.1395999938249588
YAL062W,YLR014C,0,2.915801,0.22902870178222656,0.41499999165534973,0.1396999955177307
YJR110W,YOR278W,0,2.9154177,0.22890236973762512,0.41499999165534973,0.13979999721050262
YKR061W,YER153C,0,2.91522,0.22877618670463562,0.41499999165534973,0.13989999890327454
YMR198W,YDR069C,0,2.9149034,0.22865013778209686,0.41499999165534973,0.14000000059604645
YEL064C,YJR143C,0,2.9140985,0.22852422297000885,0.41499999165534973,0.14010000228881836
YJR068W,YPL153C,1,2.913886,0.22894881665706635,0.41600000858306885,0.14010000228881836
YNL310C,YPL033C,0,2.9138708,0.22882288694381714,0.41600000858306885,0.14020000398159027
YLR008C,YNL012W,0,2.9134457,0.22869709134101868,0.41600000858306885,0.14030000567436218
YKR061W,YOR288C,0,2.9133718,0.22857142984867096,0.41600000858306885,0.1404000073671341
YDR478W,YDL017W,0,2.9121327,0.228445902466774,0.41600000858306885,0.1404999941587448
YKL218C,YDR126W,0,2.9119384,0.22832052409648895,0.41600000858306885,0.14059999585151672
YJR097W,YLR433C,0,2.9116566,0.22819527983665466,0.41600000858306885,0.14069999754428864
YAL010C,YJL041W,0,2.910776,0.22807016968727112,0.41600000858306885,0.14079999923706055
YER027C,YGR188C,0,2.9107153,0.2279452085494995,0.41600000858306885,0.14090000092983246
YER174C,YMR165C,0,2.9106257,0.22782036662101746,0.41600000858306885,0.14100000262260437
YNL077W,YLL022C,0,2.9104202,0.22769567370414734,0.41600000858306885,0.14110000431537628
YAL043C,YER113C,0,2.9098573,0.22757111489772797,0.41600000858306885,0.1412000060081482
YDR400W,YLR176C,0,2.9093208,0.22744669020175934,0.41600000858306885,0.1412999927997589
YPL174C,YML088W,0,2.909054,0.22732239961624146,0.41600000858306885,0.14139999449253082
YAL003W,YNL115C,0,2.9085193,0.2271982580423355,0.41600000858306885,0.14149999618530273
YPR166C,YKR050W,0,2.9083312,0.22707423567771912,0.41600000858306885,0.14159999787807465
YDL080C,YGR135W,0,2.9078183,0.22695034742355347,0.41600000858306885,0.14169999957084656
YPL074W,YOR150W,0,2.9078152,0.22682660818099976,0.41600000858306885,0.14180000126361847
YLR427W,YER147C,1,2.9077675,0.227247953414917,0.4169999957084656,0.14180000126361847
YDR524C,YJL156C,0,2.9072526,0.2271241843700409,0.4169999957084656,0.14190000295639038
YFR037C,YAR007C,1,2.9067247,0.227544903755188,0.4180000126361847,0.14190000295639038
YEL061C,YLR403W,0,2.9062953,0.2274211049079895,0.4180000126361847,0.1420000046491623
YDR448W,YBR164C,0,2.9062912,0.22729744017124176,0.4180000126361847,0.1421000063419342
YOL138C,YLR078C,0,2.9061196,0.22717390954494476,0.4180000126361847,0.14219999313354492
YGR104C,YGR218W,0,2.9060931,0.2270505130290985,0.4180000126361847,0.14229999482631683
YBR055C,YCR004C,0,2.9059176,0.226927250623703,0.4180000126361847,0.14239999651908875
YPL121C,YIL126W,1,2.9057546,0.22734671831130981,0.4189999997615814,0.14239999651908875
YNR043W,YGR200C,0,2.9057124,0.22722342610359192,0.4189999997615814,0.14249999821186066
YJR134C,YIR023W,0,2.905568,0.22710026800632477,0.4189999997615814,0.14259999990463257
YGL119W,YLR045C,0,2.9054089,0.22697724401950836,0.4189999997615814,0.14270000159740448
YBL078C,YNL210W,0,2.9050741,0.2268543541431427,0.4189999997615814,0.1428000032901764
YEL065W,YEL059C-A,0,2.9048831,0.22673159837722778,0.4189999997615814,0.1429000049829483
YOR037W,YCR053W,0,2.9048781,0.2266089767217636,0.4189999997615814,0.14300000667572021
YBR240C,YDR465C,0,2.9040475,0.22648648917675018,0.4189999997615814,0.14309999346733093
YHR036W,YBR185C,0,2.9039197,0.2263641208410263,0.4189999997615814,0.14319999516010284
YOL018C,YAL035W,0,2.9032953,0.22624190151691437,0.4189999997615814,0.14329999685287476
YPL017C,YBL090W,0,2.9031827,0.22611980140209198,0.4189999997615814,0.14339999854564667
YDR510W,YBL023C,0,2.9029324,0.22599783539772034,0.4189999997615814,0.14350000023841858
YBL088C,YER173W,1,2.902775,0.22641509771347046,0.41999998688697815,0.14350000023841858
YNL311C,YNR047W,0,2.902767,0.22629310190677643,0.41999998688697815,0.1436000019311905
YPL106C,YOR174W,0,2.902659,0.22617124021053314,0.41999998688697815,0.1437000036239624
YGR241C,YLR433C,0,2.9023101,0.2260495126247406,0.41999998688697815,0.14380000531673431
YNL185C,YGL227W,0,2.902228,0.2259279191493988,0.41999998688697815,0.14390000700950623
YER131W,YLR120C,0,2.9022238,0.22580644488334656,0.41999998688697815,0.14399999380111694
YPR048W,YGR292W,0,2.9021986,0.22568511962890625,0.41999998688697815,0.14409999549388885
YDR315C,YIR006C,0,2.9020813,0.2255639135837555,0.41999998688697815,0.14419999718666077
YDR012W,YGR223C,0,2.9017162,0.2254428267478943,0.41999998688697815,0.14429999887943268
YDL200C,YOR386W,1,2.9014614,0.22585837543010712,0.42100000381469727,0.14429999887943268
YPL121C,YBR160W,1,2.9004543,0.22627346217632294,0.421999990940094,0.14429999887943268
YDR224C,YPL153C,1,2.8990562,0.22668810188770294,0.4230000078678131,0.14429999887943268
YNL049C,YBR299W,0,2.8981156,0.22656668722629547,0.4230000078678131,0.1444000005722046
YLL013C,YBL069W,0,2.8976364,0.22644539177417755,0.4230000078678131,0.1445000022649765
YCL055W,YLR010C,0,2.8975303,0.22632423043251038,0.4230000078678131,0.1446000039577484
YKR014C,YDR130C,0,2.8973954,0.22620320320129395,0.4230000078678131,0.14470000565052032
YBR001C,YNL159C,0,2.896909,0.22608231008052826,0.4230000078678131,0.14480000734329224
YGR008C,YHR023W,0,2.8962448,0.22596153616905212,0.4230000078678131,0.14489999413490295
YNR070W,YMR285C,0,2.8954132,0.22584089636802673,0.4230000078678131,0.14499999582767487
YPL206C,YMR188C,0,2.8952541,0.2257203906774521,0.4230000078678131,0.14509999752044678
YGL095C,YJL101C,0,2.8952458,0.225600004196167,0.4230000078678131,0.1451999992132187
YBR289W,YMR201C,1,2.8951573,0.22601279616355896,0.42399999499320984,0.1451999992132187
YLR439W,YAR018C,0,2.8950138,0.22589237987995148,0.42399999499320984,0.1453000009059906
YPR168W,YOR332W,0,2.8947732,0.22577209770679474,0.42399999499320984,0.1454000025987625
YDR495C,YMR281W,0,2.8943632,0.22565194964408875,0.42399999499320984,0.14550000429153442
YLR090W,YOR181W,0,2.893891,0.2255319207906723,0.42399999499320984,0.14560000598430634
YNL158W,YPL155C,0,2.893832,0.2254120111465454,0.42399999499320984,0.14569999277591705
YAL053W,YFR005C,0,2.8935535,0.22529223561286926,0.42399999499320984,0.14579999446868896
YBL090W,YMR017W,0,2.8934162,0.22517259418964386,0.42399999499320984,0.14589999616146088
YOL156W,YBR166C,0,2.8932645,0.225053071975708,0.42399999499320984,0.1459999978542328
YMR302C,YMR037C,0,2.8932328,0.2249336838722229,0.42399999499320984,0.1460999995470047
YOR308C,YNL091W,0,2.8930914,0.22481441497802734,0.42399999499320984,0.1462000012397766
YKL059C,YDR421W,0,2.8911226,0.22469528019428253,0.42399999499320984,0.14630000293254852
YGL035C,YPR031W,0,2.8910599,0.22457626461982727,0.42399999499320984,0.14640000462532043
YGL232W,YBR164C,0,2.8899796,0.22445738315582275,0.42399999499320984,0.14650000631809235
YLR373C,YDR456W,0,2.8885388,0.2243386209011078,0.42399999499320984,0.14659999310970306
YBR084W,YLR403W,0,2.8885212,0.22421999275684357,0.42399999499320984,0.14669999480247498
YHR025W,YAL013W,0,2.8882086,0.2241014838218689,0.42399999499320984,0.1467999964952469
YMR042W,YBL060W,0,2.8881795,0.22398309409618378,0.42399999499320984,0.1468999981880188
YCL061C,YDR120C,0,2.887925,0.2238648384809494,0.42399999499320984,0.1469999998807907
YDR440W,YLR427W,1,2.8867033,0.2242744117975235,0.42500001192092896,0.1469999998807907
YGL251C,YMR071C,0,2.8866143,0.22415611147880554,0.42500001192092896,0.14710000157356262
YDR532C,YNL135C,0,2.8863852,0.22403796017169952,0.42500001192092896,0.14720000326633453
YDR341C,YLR139C,0,2.885544,0.22391991317272186,0.42500001192092896,0.14730000495910645
YBR240C,YGL210W,0,2.8851163,0.22380200028419495,0.42500001192092896,0.14740000665187836
YNR070W,YLR441C,0,2.8846028,0.22368420660495758,0.42500001192092896,0.14749999344348907
YNL311C,YDL095W,0,2.8837917,0.22356654703617096,0.42500001192092896,0.147599995136261
YPR048W,YCL055W,0,2.8830967,0.2234490066766739,0.42500001192092896,0.1476999968290329
YOL072W,YOR217W,1,2.882549,0.2238570749759674,0.4259999990463257,0.1476999968290329
YDR479C,YAL020C,0,2.8823712,0.22373948991298676,0.4259999990463257,0.1477999985218048
YIL115C,YCR054C,0,2.882178,0.22362205386161804,0.4259999990463257,0.14790000021457672
YBR041W,YLR318W,0,2.8816218,0.22350472211837769,0.4259999990463257,0.14800000190734863
YAL035W,YJR155W,0,2.8815606,0.22338752448558807,0.4259999990463257,0.14810000360012054
YJR135C,YIL160C,0,2.8808572,0.223270446062088,0.4259999990463257,0.14820000529289246
YBR030W,YKL198C,0,2.8807204,0.2231534868478775,0.4259999990463257,0.14830000698566437
YNL039W,YPL172C,0,2.880677,0.22303664684295654,0.4259999990463257,0.14839999377727509
YIR012W,YOR069W,0,2.8803287,0.22291994094848633,0.4259999990463257,0.148499995470047
YOL072W,YIL126W,1,2.8803008,0.22332635521888733,0.4269999861717224,0.148499995470047
YDR270W,YJR058C,0,2.880268,0.22320961952209473,0.4269999861717224,0.1485999971628189
YEL038W,YOL156W,0,2.8802066,0.22309300303459167,0.4269999861717224,0.14869999885559082
YBR237W,YCR037C,0,2.8799484,0.22297650575637817,0.4269999861717224,0.14880000054836273
YBR240C,YBL030C,0,2.8799367,0.22286012768745422,0.4269999861717224,0.14890000224113464
YJR110W,YAL058W,0,2.8796744,0.22274386882781982,0.4269999861717224,0.14900000393390656
YDR022C,YGR223C,0,2.8787518,0.22262774407863617,0.4269999861717224,0.14910000562667847
YNL077W,YKL143W,0,2.8781936,0.22251172363758087,0.4269999861717224,0.14920000731945038
YDR329C,YNR043W,0,2.8780463,0.22239583730697632,0.4269999861717224,0.1492999941110611
YBR123C,YDL195W,0,2.8779688,0.22228005528450012,0.4269999861717224,0.149399995803833
YLR371W,YLR172C,0,2.877844,0.22216440737247467,0.4269999861717224,0.14949999749660492
YBL088C,YMR201C,1,2.8777788,0.22256889939308167,0.42800000309944153,0.14949999749660492
YLR214W,YNL206C,0,2.8771863,0.22245322167873383,0.42800000309944153,0.14959999918937683
YOR384W,YPR028W,0,2.8771472,0.22233766317367554,0.42800000309944153,0.14970000088214874
YDR224C,YLR032W,1,2.876458,0.22274143993854523,0.42899999022483826,0.14970000088214874
YAL043C,YDR247W,0,2.8761926,0.22262583673000336,0.42899999022483826,0.14980000257492065
YKL108W,YHR086W,0,2.8745158,0.22251036763191223,0.42899999022483826,0.14990000426769257
YOR386W,YOR217W,1,2.8745134,0.22291342914104462,0.4300000071525574,0.14990000426769257
YKR014C,YHR092C,0,2.873634,0.2227979302406311,0.4300000071525574,0.15000000596046448
YER095W,YKR094C,1,2.873369,0.22320041060447693,0.4309999942779541,0.15000000596046448
YJL106W,YGR061C,0,2.8733332,0.22308488190174103,0.4309999942779541,0.1500999927520752
YDR224C,YGL090W,1,2.8721015,0.22348681092262268,0.4320000112056732,0.1500999927520752
YOR337W,YDR402C,0,2.8717484,0.2233712524175644,0.4320000112056732,0.1501999944448471
YML012W,YPL074W,0,2.871695,0.22325581312179565,0.4320000112056732,0.15029999613761902
YBL088C,YGL090W,1,2.8714373,0.22365702688694,0.43299999833106995,0.15029999613761902
YGR029W,YOL065C,0,2.8707924,0.22354155778884888,0.43299999833106995,0.15039999783039093
YNL330C,YAR007C,1,2.8707435,0.22394220530986786,0.4339999854564667,0.15039999783039093
YMR094W,YER113C,0,2.8707182,0.22382672131061554,0.4339999854564667,0.15049999952316284
YNL331C,YBR164C,0,2.8706152,0.22371134161949158,0.4339999854564667,0.15060000121593475
YOL072W,YHR099W,1,2.8705041,0.22411128878593445,0.4350000023841858,0.15060000121593475
YDR121W,YBR289W,1,2.8698,0.2245108187198639,0.4359999895095825,0.15060000121593475
YIL004C,YDR313C,0,2.8689616,0.2243952602148056,0.4359999895095825,0.15070000290870667
YER095W,YOR386W,1,2.8678489,0.22479423880577087,0.43700000643730164,0.15070000290870667
YGL161C,YER113C,0,2.8667705,0.2246786653995514,0.43700000643730164,0.15080000460147858
YNL136W,YAR007C,1,2.8665102,0.2250770777463913,0.43799999356269836,0.15080000460147858
YGL178W,YJL133W,0,2.86632,0.22496147453784943,0.43799999356269836,0.1509000062942505
YJL153C,YBR245C,0,2.8661869,0.2248459905385971,0.43799999356269836,0.1509999930858612
YGL090W,YML095C,1,2.8657904,0.2252437174320221,0.4390000104904175,0.1509999930858612
YMR163C,YNL310C,0,2.8651874,0.2251282036304474,0.4390000104904175,0.15109999477863312
YOR037W,YDL075W,0,2.8651223,0.22501280903816223,0.4390000104904175,0.15119999647140503
YDR103W,YPL092W,0,2.8648677,0.22489753365516663,0.4390000104904175,0.15129999816417694
YNL210W,YDR356W,0,2.8645632,0.22478239238262177,0.4390000104904175,0.15139999985694885
YIL004C,YLR096W,0,2.8644006,0.22466735541820526,0.4390000104904175,0.15150000154972076
YDR022C,YLR074C,0,2.8638752,0.22455242276191711,0.4390000104904175,0.15160000324249268
YNL330C,YKL017C,1,2.8637412,0.22494886815547943,0.4399999976158142,0.15160000324249268
YOR124C,YIR012W,0,2.8635662,0.22483393549919128,0.4399999976158142,0.1517000049352646
YJL090C,YCR092C,1,2.8635435,0.22522982954978943,0.4410000145435333,0.1517000049352646
YLR045C,YCR037C,0,2.8635254,0.2251148521900177,0.4410000145435333,0.1518000066280365
YOR066W,YGR241C,0,2.863076,0.22499999403953552,0.4410000145435333,0.15189999341964722
YNL049C,YPL103C,0,2.862265,0.2248852699995041,0.4410000145435333,0.15199999511241913
YIR006C,YPL017C,0,2.8622491,0.22477063536643982,0.4410000145435333,0.15209999680519104
YGL090W,YOR217W,1,2.8621814,0.22516556084156036,0.44200000166893005,0.15209999680519104
YNL206C,YJL106W,0,2.8617127,0.2250509113073349,0.44200000166893005,0.15219999849796295
YHR023W,YBL069W,0,2.8616173,0.224936380982399,0.44200000166893005,0.15230000019073486
YMR128W,YPL186C,0,2.861608,0.22482196986675262,0.44200000166893005,0.15240000188350677
YNL330C,YIL126W,1,2.8614652,0.2252160608768463,0.4429999887943268,0.15240000188350677
YMR198W,YKR104W,0,2.861287,0.22510161995887756,0.4429999887943268,0.1525000035762787
YFR037C,YGR002C,1,2.8608835,0.22549517452716827,0.4440000057220459,0.1525000035762787
YIL093C,YLL035W,0,2.8603482,0.22538070380687714,0.4440000057220459,0.1526000052690506
YPL103C,YJL121C,0,2.8596513,0.22526636719703674,0.4440000057220459,0.1527000069618225
YHR172W,YDR047W,0,2.8588698,0.2251521348953247,0.4440000057220459,0.15279999375343323
YBR286W,YNR011C,0,2.8584146,0.22503800690174103,0.4440000057220459,0.15289999544620514
YBL106C,YAL043C,0,2.85833,0.2249240130186081,0.4440000057220459,0.15299999713897705
YNL293W,YJR089W,0,2.8570592,0.22481012344360352,0.4440000057220459,0.15309999883174896
YOL065C,YER030W,0,2.8567894,0.2246963530778885,0.4440000057220459,0.15320000052452087
YHR184W,YDR368W,0,2.856382,0.224582701921463,0.4440000057220459,0.15330000221729279
YDR224C,YKL017C,1,2.855572,0.22497472167015076,0.4449999928474426,0.15330000221729279
YPL121C,YHR081W,1,2.8555007,0.22536635398864746,0.44600000977516174,0.15330000221729279
YDR022C,YJR010C-A,0,2.8554156,0.22525252401828766,0.44600000977516174,0.1534000039100647
YPL144W,YDR536W,0,2.8554037,0.2251388132572174,0.44600000977516174,0.1535000056028366
YLR276C,YNL115C,0,2.8548944,0.2250252217054367,0.44600000977516174,0.15360000729560852
YBR041W,YDR126W,0,2.8539267,0.22491174936294556,0.44600000977516174,0.15369999408721924
YDR003W,YOR080W,0,2.853897,0.22479838132858276,0.44600000977516174,0.15379999577999115
YFR003C,YLR014C,0,2.8532593,0.22468513250350952,0.44600000977516174,0.15389999747276306
YNL206C,YDR356W,0,2.852492,0.22457200288772583,0.44600000977516174,0.15399999916553497
YDR126W,YBR082C,0,2.8523316,0.2244589775800705,0.44600000977516174,0.15410000085830688
YHR031C,YNL189W,0,2.8523147,0.2243460714817047,0.44600000977516174,0.1542000025510788
YGL211W,YBR231C,0,2.8521547,0.22423328459262848,0.44600000977516174,0.1543000042438507
YMR139W,YDR523C,0,2.8519826,0.2241206020116806,0.44600000977516174,0.15440000593662262
YDR121W,YPL153C,1,2.8518708,0.2245102971792221,0.44699999690055847,0.15440000593662262
YNR007C,YDR103W,0,2.8517332,0.22439758479595184,0.44699999690055847,0.15449999272823334
YDR052C,YPL271W,0,2.8513541,0.22428499162197113,0.44699999690055847,0.15459999442100525
YLL013C,YAL062W,0,2.8512094,0.22417251765727997,0.44699999690055847,0.15469999611377716
YNL091W,YMR017W,0,2.8511784,0.22406014800071716,0.44699999690055847,0.15479999780654907
YHR172W,YHL004W,0,2.850902,0.2239478975534439,0.44699999690055847,0.15489999949932098
YLR008C,YIR017C,0,2.8507843,0.223835751414299,0.44699999690055847,0.1550000011920929
YML012W,YPL214C,0,2.8504984,0.22372372448444366,0.44699999690055847,0.1551000028848648
YPL148C,YDR388W,0,2.85013,0.22361180186271667,0.44699999690055847,0.15520000457763672
YEL016C,YER153C,0,2.8494365,0.22349999845027924,0.44699999690055847,0.15530000627040863
YAL035W,YDR320C,0,2.8484414,0.22338829934597015,0.44699999690055847,0.15539999306201935
YDR139C,YBR213W,0,2.8483107,0.22327671945095062,0.44699999690055847,0.15549999475479126
YLR192C,YPL103C,0,2.847891,0.22316525876522064,0.44699999690055847,0.15559999644756317
YNL292W,YCR004C,0,2.8478606,0.22305388748645782,0.44699999690055847,0.15569999814033508
YLR450W,YBR299W,0,2.8476691,0.22294265031814575,0.44699999690055847,0.155799999833107
YJL090C,YPL204W,1,2.847001,0.22333000600337982,0.4480000138282776,0.155799999833107
YDR231C,YDR483W,0,2.8464634,0.22321873903274536,0.4480000138282776,0.1559000015258789
YFL004W,YPR070W,0,2.846444,0.22310757637023926,0.4480000138282776,0.15600000321865082
YKL181W,YDR003W,0,2.8460717,0.2229965180158615,0.4480000138282776,0.15610000491142273
YBR240C,YDR436W,0,2.8456361,0.22288557887077332,0.4480000138282776,0.15620000660419464
YOR386W,YLR357W,1,2.844496,0.22327201068401337,0.4490000009536743,0.15620000660419464
YOR175C,YOL007C,0,2.8438826,0.2231610268354416,0.4490000009536743,0.15629999339580536
YOR386W,YOR244W,1,2.8432028,0.22354695200920105,0.44999998807907104,0.15629999339580536
YDL007W,YNL166C,0,2.8429976,0.22343595325946808,0.44999998807907104,0.15639999508857727
YHR092C,YPR186C,0,2.8429563,0.22332505881786346,0.44999998807907104,0.15649999678134918
YGR241C,YGR006W,0,2.8427665,0.2232142835855484,0.44999998807907104,0.1565999984741211
YHR076W,YER174C,0,2.8426907,0.2231036126613617,0.44999998807907104,0.156700000166893
YBR033W,YPL074W,0,2.8426626,0.22299306094646454,0.44999998807907104,0.15680000185966492
YMR042W,YKR037C,0,2.8425481,0.22288261353969574,0.44999998807907104,0.15690000355243683
YPL194W,YOR346W,1,2.841961,0.2232673317193985,0.45100000500679016,0.15690000355243683
YLL009C,YBL069W,0,2.8418097,0.2231568545103073,0.45100000500679016,0.15700000524520874
YLR109W,YOL125W,0,2.841115,0.22304648160934448,0.45100000500679016,0.15710000693798065
YPL206C,YOR265W,0,2.840721,0.2229362279176712,0.45100000500679016,0.15719999372959137
YIL112W,YDR031W,0,2.8406808,0.22282609343528748,0.45100000500679016,0.15729999542236328
YDR013W,YBL057C,0,2.8406727,0.2227160483598709,0.45100000500679016,0.1573999971151352
YNL330C,YDL164C,1,2.839735,0.2230997085571289,0.4519999921321869,0.1573999971151352
YMR080C,YBR082C,0,2.839025,0.22298963367938995,0.4519999921321869,0.1574999988079071
YHR076W,YMR071C,0,2.8384368,0.22287967801094055,0.4519999921321869,0.15760000050067902
YIL150C,YBL055C,0,2.838028,0.2227698415517807,0.4519999921321869,0.15770000219345093
YLR459W,YMR023C,0,2.8372025,0.222660094499588,0.4519999921321869,0.15780000388622284
YBL088C,YDR288W,1,2.8371525,0.223042830824852,0.453000009059906,0.15780000388622284
YLR418C,YFL044C,0,2.8369317,0.2229330688714981,0.453000009059906,0.15790000557899475
YOR217W,YPL153C,1,2.8366733,0.2233152985572815,0.45399999618530273,0.15790000557899475
YMR171C,YMR165C,0,2.8364942,0.22320550680160522,0.45399999618530273,0.15800000727176666
YBR058C,YIL113W,0,2.8362901,0.2230958193540573,0.45399999618530273,0.15809999406337738
YPL160W,YMR017W,0,2.836085,0.22298625111579895,0.45399999618530273,0.1581999957561493
YJL170C,YAR018C,0,2.8357131,0.22287677228450775,0.45399999618530273,0.1582999974489212
YLR106C,YBL082C,0,2.8355865,0.2227674126625061,0.45399999618530273,0.15839999914169312
YML060W,YJR068W,1,2.8355281,0.22314859926700592,0.45500001311302185,0.15839999914169312
YDR466W,YHR017W,0,2.8354738,0.22303920984268188,0.45500001311302185,0.15850000083446503
YNR016C,YGR006W,0,2.83519,0.2229299396276474,0.45500001311302185,0.15860000252723694
YAL041W,YOR265W,0,2.8343961,0.22282075881958008,0.45500001311302185,0.15870000422000885
YDL080C,YDL146W,0,2.8325386,0.2227116972208023,0.45500001311302185,0.15880000591278076
YLR427W,YIL126W,1,2.8325217,0.2230919748544693,0.4560000002384186,0.15880000591278076
YDR011W,YLR418C,0,2.8321984,0.22298288345336914,0.4560000002384186,0.15889999270439148
YPL121C,YLR265C,1,2.8315723,0.22336265444755554,0.4569999873638153,0.15889999270439148
YCL059C,YAR018C,0,2.8314931,0.2232535481452942,0.4569999873638153,0.1589999943971634
YBR237W,YNR022C,0,2.8311453,0.22314453125,0.4569999873638153,0.1590999960899353
YHR021C,YJR066W,0,2.830551,0.22303563356399536,0.4569999873638153,0.15919999778270721
YNL310C,YDL184C,0,2.8305118,0.22292682528495789,0.4569999873638153,0.15929999947547913
YDL164C,YJR068W,1,2.830378,0.22330570220947266,0.4580000042915344,0.15929999947547913
YJL090C,YML095C,1,2.830242,0.22368420660495758,0.45899999141693115,0.15929999947547913
YMR016C,YDR251W,0,2.8302288,0.22357524931430817,0.45899999141693115,0.15940000116825104
YMR171C,YDR487C,0,2.8300378,0.2234664112329483,0.45899999141693115,0.15950000286102295
YGL090W,YOR244W,1,2.8292744,0.2238442748785019,0.46000000834465027,0.15950000286102295
YDR501W,YBL074C,0,2.8286586,0.22373540699481964,0.46000000834465027,0.15960000455379486
YDR424C,YDL006W,0,2.8284693,0.22362664341926575,0.46000000834465027,0.15970000624656677
YLR032W,YPL204W,1,2.827879,0.2240038812160492,0.460999995470047,0.15970000624656677
YMR070W,YBL021C,0,2.8278074,0.2238950878381729,0.460999995470047,0.1597999930381775
YLR086W,YDR330W,0,2.8276823,0.22378641366958618,0.460999995470047,0.1598999947309494
YOR201C,YDR054C,0,2.8268368,0.2236778289079666,0.460999995470047,0.1599999964237213
YGL137W,YAR018C,0,2.8258922,0.2235693484544754,0.460999995470047,0.16009999811649323
YNL291C,YML104C,0,2.8256392,0.22346097230911255,0.460999995470047,0.16019999980926514
YGL249W,YDR139C,0,2.825617,0.22335271537303925,0.460999995470047,0.16030000150203705
YDL067C,YNL012W,0,2.824942,0.2232445478439331,0.460999995470047,0.16040000319480896
YIL150C,YIL051C,0,2.8247561,0.22313649952411652,0.460999995470047,0.16050000488758087
YER070W,YJL125C,0,2.824199,0.2230285406112671,0.460999995470047,0.16060000658035278
YFL044C,YPL038W,0,2.8234086,0.22292070090770721,0.460999995470047,0.1606999933719635
YOR155C,YDL143W,0,2.8232467,0.2228129506111145,0.460999995470047,0.1607999950647354
YML005W,YOL103W,0,2.822634,0.22270531952381134,0.460999995470047,0.16089999675750732
YEL016C,YJL080C,0,2.821849,0.22259777784347534,0.460999995470047,0.16099999845027924
YDL127W,YNL325C,0,2.8218033,0.2224903404712677,0.460999995470047,0.16110000014305115
YGL168W,YNR007C,0,2.8215787,0.2223830223083496,0.460999995470047,0.16120000183582306
YBR185C,YOL149W,0,2.821344,0.22227579355239868,0.460999995470047,0.16130000352859497
YLR032W,YER147C,1,2.8213158,0.22265060245990753,0.4620000123977661,0.16130000352859497
YLR212C,YGR158C,0,2.8203971,0.2225433588027954,0.4620000123977661,0.16140000522136688
YLR032W,YOR346W,1,2.8197107,0.22291767597198486,0.46299999952316284,0.16140000522136688
YOL072W,YMR224C,1,2.819031,0.22329162061214447,0.46399998664855957,0.16140000522136688
YPR192W,YKL042W,0,2.8189511,0.2231842279434204,0.46399998664855957,0.1615000069141388
YIL070C,YDR011W,0,2.8189223,0.2230769246816635,0.46399998664855957,0.1615999937057495
YDL080C,YMR302C,0,2.8189027,0.22296972572803497,0.46399998664855957,0.16169999539852142
YOL018C,YOR233W,0,2.818608,0.2228626310825348,0.46399998664855957,0.16179999709129333
YHR081W,YML095C,1,2.8184597,0.22323571145534515,0.4650000035762787,0.16179999709129333
YOR047C,YPR005C,0,2.8184319,0.22312860190868378,0.4650000035762787,0.16189999878406525
YNL136W,YER173W,1,2.818198,0.22350120544433594,0.4659999907016754,0.16189999878406525
YBR213W,YOR211C,0,2.8180473,0.22339405119419098,0.4659999907016754,0.16200000047683716
YPL144W,YFL037W,0,2.817703,0.22328701615333557,0.4659999907016754,0.16210000216960907
YIR036C,YNL185C,0,2.817417,0.22318007051944733,0.4659999907016754,0.16220000386238098
YFR041C,YJR033C,0,2.8171687,0.22307324409484863,0.4659999907016754,0.1623000055551529
YBR176W,YLR010C,0,2.8170352,0.2229665070772171,0.4659999907016754,0.1624000072479248
YJL090C,YDR288W,1,2.8169482,0.22333811223506927,0.46700000762939453,0.1624000072479248
YHR105W,YBL020W,0,2.8163588,0.22323136031627655,0.46700000762939453,0.16249999403953552
YFL039C,YOR244W,1,2.8157268,0.22360248863697052,0.46799999475479126,0.16249999403953552
YAL013W,YBR291C,0,2.815549,0.2234957069158554,0.46799999475479126,0.16259999573230743
YDR479C,YMR037C,0,2.8154101,0.22338901460170746,0.46799999475479126,0.16269999742507935
YNL049C,YDR393W,0,2.8153045,0.22328244149684906,0.46799999475479126,0.16279999911785126
YMR233W,YDR421W,0,2.8148308,0.22317597270011902,0.46799999475479126,0.16290000081062317
YJR139C,YEL016C,0,2.8147204,0.22306959331035614,0.46799999475479126,0.16300000250339508
YHR089C,YJR059W,0,2.8146365,0.22296331822872162,0.46799999475479126,0.163100004196167
YJR094W-A,YPL103C,0,2.8139107,0.22285714745521545,0.46799999475479126,0.1632000058889389
YFL004W,YKL140W,0,2.8137915,0.22275106608867645,0.46799999475479126,0.16329999268054962
YJL073W,YDR231C,0,2.8137867,0.222645103931427,0.46799999475479126,0.16339999437332153
YCL069W,YDL056W,0,2.812991,0.22253923118114471,0.46799999475479126,0.16349999606609344
YBR022W,YPR192W,0,2.8127997,0.22243346273899078,0.46799999475479126,0.16359999775886536
YFL004W,YJL041W,0,2.8119085,0.22232778370380402,0.46799999475479126,0.16369999945163727
YKR014C,YBR048W,0,2.8116004,0.2222222238779068,0.46799999475479126,0.16380000114440918
YLR090W,YCL061C,0,2.8114555,0.22211675345897675,0.46799999475479126,0.1639000028371811
YGL021W,YHR184W,0,2.8111072,0.22201138734817505,0.46799999475479126,0.164000004529953
YNR008W,YGR037C,0,2.8107083,0.22190611064434052,0.46799999475479126,0.16410000622272491
YGR009C,YJR058C,0,2.81051,0.22180095314979553,0.46799999475479126,0.16419999301433563
YBR033W,YJL062W,0,2.810343,0.2216958850622177,0.46799999475479126,0.16429999470710754
YPL159C,YER113C,0,2.8100936,0.22159090638160706,0.46799999475479126,0.16439999639987946
YFL004W,YKL179C,0,2.8100376,0.22148603200912476,0.46799999475479126,0.16449999809265137
YDL190C,YJR134C,0,2.809846,0.2213812619447708,0.46799999475479126,0.16459999978542328
YHR153C,YLR121C,0,2.8092325,0.22127659618854523,0.46799999475479126,0.1647000014781952
YML012W,YIL113W,0,2.808717,0.2211720198392868,0.46799999475479126,0.1648000031709671
YMR235C,YDR074W,0,2.8086808,0.22106754779815674,0.46799999475479126,0.164900004863739
YER120W,YNL185C,0,2.8080318,0.22096318006515503,0.46799999475479126,0.16500000655651093
YDR425W,YOR175C,0,2.8060572,0.22085890173912048,0.46799999475479126,0.16509999334812164
YLR448W,YGR154C,0,2.8058505,0.2207547128200531,0.46799999475479126,0.16519999504089355
YBR092C,YDR356W,0,2.8057091,0.22065064311027527,0.46799999475479126,0.16529999673366547
YJL165C,YNL206C,0,2.8049161,0.2205466479063034,0.46799999475479126,0.16539999842643738
YER061C,YOL007C,0,2.8047512,0.2204427719116211,0.46799999475479126,0.1655000001192093
YFL036W,YPR070W,0,2.804209,0.22033898532390594,0.46799999475479126,0.1656000018119812
YER048W-A,YMR004W,0,2.8040059,0.22023528814315796,0.46799999475479126,0.1657000035047531
YMR306W,YDL185W,0,2.803553,0.22013171017169952,0.46799999475479126,0.16580000519752502
YFL047W,YGR295C,0,2.8030357,0.22002820670604706,0.46799999475479126,0.16590000689029694
YDR107C,YNR045W,0,2.8027728,0.21992480754852295,0.46799999475479126,0.16599999368190765
YMR026C,YBL023C,0,2.8026783,0.2198215126991272,0.46799999475479126,0.16609999537467957
YJL125C,YLL001W,0,2.8023627,0.2197183072566986,0.46799999475479126,0.16619999706745148
YLR381W,YJR045C,0,2.8013048,0.21961520612239838,0.46799999475479126,0.1662999987602234
YKR037C,YDR523C,0,2.8011374,0.2195121943950653,0.46799999475479126,0.1664000004529953
YER095W,YDR288W,1,2.8004644,0.21987810730934143,0.4690000116825104,0.1664000004529953
YDR466W,YBR055C,0,2.8004327,0.21977506577968597,0.4690000116825104,0.1665000021457672
YJR068W,YOR217W,1,2.8003838,0.2201405167579651,0.4699999988079071,0.1665000021457672
YMR023C,YPL202C,0,2.8003461,0.22003746032714844,0.4699999988079071,0.16660000383853912
YJL072C,YOR070C,0,2.7999465,0.21993449330329895,0.4699999988079071,0.16670000553131104
YHR160C,YPR016C,0,2.79944,0.21983161568641663,0.4699999988079071,0.16680000722408295
YDR448W,YHR184W,0,2.7991097,0.21972884237766266,0.4699999988079071,0.16689999401569366
YNR027W,YBR097W,0,2.798804,0.21962617337703705,0.4699999988079071,0.16699999570846558
YER095W,YJR068W,1,2.7982554,0.21999065577983856,0.47099998593330383,0.16699999570846558
YDR121W,YDL200C,1,2.7977707,0.2203548103570938,0.47200000286102295,0.16699999570846558
YDR320C-A,YBL021C,0,2.7973158,0.22025197744369507,0.47200000286102295,0.1670999974012375
YDR238C,YPL060W,0,2.7972882,0.22014924883842468,0.47200000286102295,0.1671999990940094
YER148W,YBR050C,0,2.79724,0.22004662454128265,0.47200000286102295,0.1673000007867813
YFR037C,YPL204W,1,2.7970865,0.2204100638628006,0.4729999899864197,0.1673000007867813
YER153C,YKL042W,0,2.7965443,0.22030740976333618,0.4729999899864197,0.16740000247955322
YNL049C,YJR065C,0,2.7964556,0.22020484507083893,0.4729999899864197,0.16750000417232513
YBR289W,YER147C,1,2.7961,0.2205677032470703,0.4740000069141388,0.16750000417232513
YAR018C,YPL111W,0,2.7960413,0.22046512365341187,0.4740000069141388,0.16760000586509705
YJL219W,YLR276C,0,2.79594,0.2203626185655594,0.4740000069141388,0.16769999265670776
YDR253C,YBR030W,0,2.7953377,0.22026021778583527,0.4740000069141388,0.16779999434947968
YGL090W,YHR099W,1,2.7950847,0.22062239050865173,0.4749999940395355,0.16779999434947968
YKL183W,YLR403W,0,2.79497,0.22051995992660522,0.4749999940395355,0.1678999960422516
YHR160C,YBR251W,0,2.794901,0.22041763365268707,0.4749999940395355,0.1679999977350235
YER027C,YBR030W,0,2.7948384,0.22031539678573608,0.4749999940395355,0.1680999994277954
YBR175W,YHR086W,0,2.7948253,0.22021326422691345,0.4749999940395355,0.16820000112056732
YDR011W,YOL139C,0,2.794615,0.22011122107505798,0.4749999940395355,0.16830000281333923
YNL218W,YBR160W,1,2.7942166,0.22047244012355804,0.47600001096725464,0.16830000281333923
YDR121W,YHR081W,1,2.7940688,0.22083333134651184,0.47699999809265137,0.16830000281333923
YGR058W,YNL091W,0,2.7938724,0.22073113918304443,0.47699999809265137,0.16840000450611115
YOR270C,YLR306W,0,2.7938585,0.22062905132770538,0.47699999809265137,0.16850000619888306
YNL149C,YPL149W,0,2.7934625,0.2205270528793335,0.47699999809265137,0.16859999299049377
YBR001C,YIL072W,0,2.7933934,0.22042514383792877,0.47699999809265137,0.16869999468326569
YDR071C,YNL158W,0,2.7931988,0.2203233242034912,0.47699999809265137,0.1687999963760376
YOR290C,YPL153C,1,2.79286,0.220683291554451,0.4779999852180481,0.1687999963760376
YLR427W,YML095C,1,2.792641,0.2210429161787033,0.4790000021457672,0.1687999963760376
YMR311C,YDL184C,0,2.7922366,0.220940962433815,0.4790000021457672,0.1688999980688095
YGL222C,YBR185C,0,2.7915542,0.22083909809589386,0.4790000021457672,0.16899999976158142
YMR316W,YBR158W,0,2.7915442,0.22073732316493988,0.4790000021457672,0.16910000145435333
YPR048W,YML115C,0,2.791214,0.22063565254211426,0.4790000021457672,0.16920000314712524
YOL030W,YDL006W,0,2.7908888,0.2205340713262558,0.4790000021457672,0.16930000483989716
YOR201C,YHL047C,0,2.7906096,0.2204325795173645,0.4790000021457672,0.16940000653266907
YGR241C,YBR122C,0,2.789907,0.22033119201660156,0.4790000021457672,0.16949999332427979
YDR520C,YAL062W,0,2.7898557,0.2202298790216446,0.4790000021457672,0.1695999950170517
YMR289W,YOR036W,0,2.789397,0.22012867033481598,0.4790000021457672,0.1696999967098236
YBR160W,YHR081W,1,2.7891212,0.22048690915107727,0.47999998927116394,0.1696999967098236
YNL311C,YLR109W,0,2.7890708,0.22038567066192627,0.47999998927116394,0.16979999840259552
YBR087W,YFL039C,1,2.7887366,0.22074346244335175,0.48100000619888306,0.16979999840259552
YBR022W,YJR089W,0,2.7885487,0.22064220905303955,0.48100000619888306,0.16990000009536743
YHR021C,YML034W,0,2.7884805,0.22054103016853333,0.48100000619888306,0.17000000178813934
YOL138C,YCL069W,0,2.7884681,0.22043997049331665,0.48100000619888306,0.17010000348091125
YDL200C,YER173W,1,2.7878692,0.22079706192016602,0.4819999933242798,0.17010000348091125
YBR213W,YPR016C,0,2.78671,0.22069597244262695,0.4819999933242798,0.17020000517368317
YDL166C,YBR009C,0,2.7864282,0.22059497237205505,0.4819999933242798,0.17030000686645508
YJL102W,YHR070W,0,2.7859812,0.22049404680728912,0.4819999933242798,0.1703999936580658
YPR049C,YHL036W,0,2.7859359,0.22039322555065155,0.4819999933242798,0.1704999953508377
YFR015C,YGR123C,0,2.785857,0.22029250860214233,0.4819999933242798,0.17059999704360962
YGR241C,YJR033C,0,2.7856557,0.2201918661594391,0.4819999933242798,0.17069999873638153
YNL001W,YML034W,0,2.7850387,0.2200913280248642,0.4819999933242798,0.17080000042915344
YDR312W,YMR056C,0,2.7842948,0.21999086439609528,0.4819999933242798,0.17090000212192535
YMR036C,YOR322C,0,2.784136,0.2198905050754547,0.4819999933242798,0.17100000381469727
YKL089W,YHR161C,0,2.7840767,0.2197902351617813,0.4819999933242798,0.17110000550746918
YLR212C,YPL033C,0,2.784048,0.21969006955623627,0.4819999933242798,0.1712000072002411
YBR264C,YBL074C,0,2.78386,0.2195899784564972,0.4819999933242798,0.1712999939918518
YNR022C,YBR299W,0,2.783519,0.21948997676372528,0.4819999933242798,0.17139999568462372
YER096W,YNL119W,0,2.7831216,0.21939007937908173,0.4819999933242798,0.17149999737739563
YHR172W,YFL041W,0,2.7816908,0.21929025650024414,0.4819999933242798,0.17159999907016754
YCR020C,YDR060W,0,2.7815638,0.2191905379295349,0.4819999933242798,0.17170000076293945
YML104C,YDL030W,0,2.7806704,0.21909090876579285,0.4819999933242798,0.17180000245571136
YGL191W,YPR168W,0,2.7806566,0.21899136900901794,0.4819999933242798,0.17190000414848328
YOR150W,YMR285C,0,2.780597,0.2188919186592102,0.4819999933242798,0.1720000058412552
YMR201C,YHR099W,1,2.7805495,0.21924647688865662,0.4830000102519989,0.1720000058412552
YPL022W,YHR099W,1,2.7804358,0.21960072219371796,0.48399999737739563,0.1720000058412552
YBR240C,YER051W,0,2.7803633,0.21950113773345947,0.48399999737739563,0.1720999926328659
YDR329C,YER082C,0,2.779678,0.21940162777900696,0.48399999737739563,0.17219999432563782
YDR052C,YCR039C,0,2.779184,0.2193022221326828,0.48399999737739563,0.17229999601840973
YIL034C,YPR031W,0,2.7789361,0.2192029058933258,0.48399999737739563,0.17239999771118164
YDR069C,YDR103W,0,2.7786357,0.21910366415977478,0.48399999737739563,0.17249999940395355
YHR184W,YER153C,0,2.7784712,0.2190045267343521,0.48399999737739563,0.17260000109672546
YGR154C,YGR286C,0,2.7781644,0.2189054787158966,0.48399999737739563,0.17270000278949738
YNL166C,YBR245C,0,2.7777488,0.21880650520324707,0.48399999737739563,0.1728000044822693
YMR088C,YCL069W,0,2.7774563,0.2187076359987259,0.48399999737739563,0.1729000061750412
YER113C,YOR211C,0,2.7774465,0.21860885620117188,0.48399999737739563,0.17299999296665192
YOR155C,YPL092W,0,2.7774408,0.21851015090942383,0.48399999737739563,0.17309999465942383
YDR121W,YJR068W,1,2.7771635,0.21886281669139862,0.48500001430511475,0.17309999465942383
YML060W,YER173W,1,2.7767632,0.21921515464782715,0.4860000014305115,0.17309999465942383
YFR008W,YBR040W,0,2.7758348,0.21911631524562836,0.4860000014305115,0.17319999635219574
YDR421W,YMR204C,0,2.775639,0.21901758015155792,0.4860000014305115,0.17329999804496765
YJL164C,YIL009C-A,0,2.7755244,0.21891891956329346,0.4860000014305115,0.17339999973773956
YER061C,YHR160C,0,2.7754018,0.21882034838199615,0.4860000014305115,0.17350000143051147
YOR076C,YDR116C,0,2.7749305,0.21872186660766602,0.4860000014305115,0.1736000031232834
YEL002C,YLR176C,0,2.7744696,0.21862348914146423,0.4860000014305115,0.1737000048160553
YPL157W,YFR008W,0,2.7735398,0.21852518618106842,0.4860000014305115,0.1738000065088272
YOR179C,YIR009W,0,2.773402,0.21842697262763977,0.4860000014305115,0.17389999330043793
YNR011C,YOL149W,0,2.7725556,0.2183288335800171,0.4860000014305115,0.17399999499320984
YKL011C,YDR486C,0,2.772221,0.21823079884052277,0.4860000014305115,0.17409999668598175
YMR264W,YGR154C,0,2.771949,0.2181328535079956,0.4860000014305115,0.17419999837875366
YMR201C,YOR346W,1,2.7716522,0.21848362684249878,0.4869999885559082,0.17419999837875366
YLR038C,YBL074C,0,2.7712986,0.21838565170764923,0.4869999885559082,0.17430000007152557
YBR087W,YDR121W,1,2.7703288,0.21873599290847778,0.4880000054836273,0.17430000007152557
YCL027W,YLL035W,0,2.7696102,0.21863798797130585,0.4880000054836273,0.17440000176429749
YDR532C,YAL013W,0,2.7692897,0.21854008734226227,0.4880000054836273,0.1745000034570694
YPL121C,YGR002C,1,2.7687519,0.21888987720012665,0.48899999260902405,0.1745000034570694
YPL017C,YJR033C,0,2.7685664,0.21879194676876068,0.48899999260902405,0.1746000051498413
YIR002C,YOR244W,1,2.767948,0.21914131939411163,0.49000000953674316,0.1746000051498413
YHR207C,YIL113W,0,2.767835,0.21904335916042328,0.49000000953674316,0.17470000684261322
YDR536W,YOL080C,0,2.7678277,0.2189454883337021,0.49000000953674316,0.17479999363422394
YOL072W,YOR346W,1,2.767173,0.21929432451725006,0.4909999966621399,0.17479999363422394
YDR425W,YNR043W,0,2.765785,0.21919642388820648,0.4909999966621399,0.17489999532699585
YBR097W,YDR334W,0,2.7657397,0.21909861266613007,0.4909999966621399,0.17499999701976776
YPL144W,YKR050W,0,2.7651489,0.2190008908510208,0.4909999966621399,0.17509999871253967
YOR063W,YBL074C,0,2.7650177,0.21890325844287872,0.4909999966621399,0.17520000040531158
YPL022W,YOR290C,1,2.7646534,0.2192513346672058,0.492000013589859,0.17520000040531158
YBL060W,YPR178W,0,2.764613,0.21915367245674133,0.492000013589859,0.1753000020980835
YER036C,YDR069C,0,2.7642038,0.21905609965324402,0.492000013589859,0.1754000037908554
YBR160W,YGR002C,1,2.763593,0.21940365433692932,0.49300000071525574,0.1754000037908554
YOR373W,YJL019W,0,2.7635653,0.21930605173110962,0.49300000071525574,0.17550000548362732
YOL100W,YCR028C,0,2.7630422,0.21920853853225708,0.49300000071525574,0.17560000717639923
YBR237W,YAL034W-A,0,2.762428,0.2191111147403717,0.49300000071525574,0.17569999396800995
YLR427W,YGR002C,1,2.76205,0.21945801377296448,0.49399998784065247,0.17569999396800995
YBL074C,YKR009C,0,2.7620034,0.2193605750799179,0.49399998784065247,0.17579999566078186
YIL072W,YDR376W,0,2.7619646,0.2192632108926773,0.49399998784065247,0.17589999735355377
YOL139C,YIL112W,0,2.7613862,0.21916592121124268,0.49399998784065247,0.17599999904632568
YDR224C,YMR201C,1,2.761278,0.2195121943950653,0.4950000047683716,0.17599999904632568
YDR219C,YLR106C,0,2.7607896,0.21941488981246948,0.4950000047683716,0.1761000007390976
YOR047C,YDR238C,0,2.7605107,0.21931767463684082,0.4950000047683716,0.1762000024318695
YIR002C,YOL072W,1,2.7604997,0.21966342628002167,0.4959999918937683,0.1762000024318695
YDL019C,YIL145C,0,2.7600572,0.21956618130207062,0.4959999918937683,0.17630000412464142
YJR068W,YLR357W,1,2.7595322,0.21991150081157684,0.4970000088214874,0.17630000412464142
YER083C,YDR014W,0,2.7594073,0.2198142409324646,0.4970000088214874,0.17640000581741333
YHR171W,YPL074W,0,2.7592707,0.21971707046031952,0.4970000088214874,0.17649999260902405
YPL051W,YCR054C,0,2.7582524,0.2196199744939804,0.4970000088214874,0.17659999430179596
YOR036W,YDR044W,0,2.7580054,0.21952296793460846,0.4970000088214874,0.17669999599456787
YAL020C,YLL050C,0,2.757902,0.21942605078220367,0.4970000088214874,0.17679999768733978
YML027W,YDR219C,0,2.7574239,0.21932920813560486,0.4970000088214874,0.1768999993801117
YPR118W,YBR273C,0,2.7572644,0.2192324697971344,0.4970000088214874,0.1770000010728836
YNL293W,YMR302C,0,2.756101,0.2191358059644699,0.4970000088214874,0.17710000276565552
YBR240C,YJL065C,0,2.7558217,0.21903923153877258,0.4970000088214874,0.17720000445842743
YOR036W,YOR075W,0,2.7555578,0.21894273161888123,0.4970000088214874,0.17730000615119934
YMR306W,YDR169C,0,2.7555254,0.21884632110595703,0.4970000088214874,0.17739999294281006
YIR006C,YOL056W,0,2.7551296,0.21875,0.4970000088214874,0.17749999463558197
YDR013W,YPL028W,0,2.7543476,0.21865376830101013,0.4970000088214874,0.17759999632835388
YOL018C,YML125C,0,2.7543244,0.21855761110782623,0.4970000088214874,0.1776999980211258
YDR511W,YHR167W,0,2.7539713,0.2184615433216095,0.4970000088214874,0.1777999997138977
YER147C,YER173W,1,2.7539375,0.21880492568016052,0.49799999594688416,0.1777999997138977
YGR263C,YER174C,0,2.753936,0.2187088280916214,0.49799999594688416,0.17790000140666962
YFL036W,YIL051C,0,2.7532694,0.21861281991004944,0.49799999594688416,0.17800000309944153
YBR030W,YGR061C,0,2.7524047,0.21851688623428345,0.49799999594688416,0.17810000479221344
YDL069C,YDR011W,0,2.7523699,0.2184210568666458,0.49799999594688416,0.17820000648498535
YPL051W,YGR101W,0,2.752369,0.21832530200481415,0.49799999594688416,0.17829999327659607
YDR270W,YLR204W,0,2.752018,0.21822962164878845,0.49799999594688416,0.17839999496936798
YKR090W,YLR127C,0,2.75192,0.21813403069972992,0.49799999594688416,0.1784999966621399
YDR117C,YPL202C,0,2.751661,0.21803852915763855,0.49799999594688416,0.1785999983549118
YNL301C,YDR003W,0,2.7515628,0.21794310212135315,0.49799999594688416,0.17870000004768372
YCL061C,YBR207W,0,2.7514465,0.2178477644920349,0.49799999594688416,0.17880000174045563
YMR037C,YMR071C,0,2.75117,0.21775251626968384,0.49799999594688416,0.17890000343322754
YMR290C,YGL227W,0,2.751157,0.21765734255313873,0.49799999594688416,0.17900000512599945
YKL004W,YOR242C,0,2.7494285,0.2175622582435608,0.49799999594688416,0.17910000681877136
YGR006W,YLR079W,0,2.7492445,0.21746724843978882,0.49799999594688416,0.17919999361038208
YCL055W,YPL017C,0,2.7489157,0.217372328042984,0.49799999594688416,0.179299995303154
YBR240C,YDL075W,0,2.7487133,0.21727748215198517,0.49799999594688416,0.1793999969959259
YMR100W,YGL222C,0,2.748635,0.2171827256679535,0.49799999594688416,0.17949999868869781
YBR097W,YML088W,0,2.7484956,0.21708805859088898,0.49799999594688416,0.17960000038146973
YGL249W,YMR150C,0,2.7475696,0.21699346601963043,0.49799999594688416,0.17970000207424164
YDL192W,YBR214W,0,2.74727,0.21689894795417786,0.49799999594688416,0.17980000376701355
YLR188W,YDR334W,0,2.7472494,0.21680453419685364,0.49799999594688416,0.17990000545978546
YBR245C,YJL008C,0,2.747235,0.2167101800441742,0.49799999594688416,0.18000000715255737
YCR020C,YDR117C,0,2.7471502,0.21661591529846191,0.49799999594688416,0.1800999939441681
YML104C,YAL034W-A,0,2.7469358,0.2165217399597168,0.49799999594688416,0.18019999563694
YGR188C,YCL066W,0,2.746269,0.21642763912677765,0.49799999594688416,0.18029999732971191
YNL218W,YJR068W,1,2.745947,0.2167680263519287,0.49900001287460327,0.18029999732971191
YJR013W,YDR228C,0,2.7459168,0.21667391061782837,0.49900001287460327,0.18039999902248383
YNR011C,YNL191W,0,2.7456095,0.2165798544883728,0.49900001287460327,0.18050000071525574
YPL172C,YPR032W,0,2.7454512,0.2164859026670456,0.49900001287460327,0.18060000240802765
YDR288W,YLR357W,1,2.7452798,0.2168256789445877,0.5,0.18060000240802765
YMR016C,YGL227W,0,2.7450159,0.21673168241977692,0.5,0.18070000410079956
YKR062W,YOL139C,0,2.7449586,0.2166377753019333,0.5,0.18080000579357147
YBR087W,YOR290C,1,2.744811,0.2169770449399948,0.5009999871253967,0.18080000579357147
YLR096W,YKL179C,0,2.7444713,0.21688312292099,0.5009999871253967,0.1808999925851822
YNL311C,YDL033C,0,2.7439163,0.21678927540779114,0.5009999871253967,0.1809999942779541
YDR341C,YBR240C,0,2.743649,0.21669550240039825,0.5009999871253967,0.181099995970726
YNL061W,YHR129C,0,2.7431195,0.21660181879997253,0.5009999871253967,0.18119999766349792
YFR037C,YNL136W,1,2.742788,0.21694035828113556,0.5019999742507935,0.18119999766349792
YKR038C,YJR135C,0,2.7421713,0.21684664487838745,0.5019999742507935,0.18129999935626984
YDL099W,YLR121C,0,2.7418761,0.2167530208826065,0.5019999742507935,0.18140000104904175
YER147C,YKL017C,1,2.741089,0.21709106862545013,0.503000020980835,0.18140000104904175
YBR024W,YFR041C,0,2.741088,0.2169974148273468,0.503000020980835,0.18150000274181366
YMR235C,YPR108W,0,2.7409842,0.21690383553504944,0.503000020980835,0.18160000443458557
YOR096W,YNR045W,0,2.740848,0.21681034564971924,0.503000020980835,0.18170000612735748
YNL159C,YNL308C,0,2.739196,0.216716930270195,0.503000020980835,0.1817999929189682
YPR192W,YMR004W,0,2.7387292,0.21662360429763794,0.503000020980835,0.1818999946117401
YPR049C,YHR023W,0,2.738681,0.21653035283088684,0.503000020980835,0.18199999630451202
YPR054W,YCL050C,0,2.7386172,0.2164371758699417,0.503000020980835,0.18209999799728394
YBL060W,YGR218W,0,2.7384799,0.21634408831596375,0.503000020980835,0.18219999969005585
YGR106C,YDR003W,0,2.738139,0.21625107526779175,0.503000020980835,0.18230000138282776
YDR236C,YGR006W,0,2.7380846,0.21615813672542572,0.503000020980835,0.18240000307559967
YAR007C,YPL204W,1,2.7380612,0.2164948433637619,0.5040000081062317,0.18240000307559967
YBR087W,YLR032W,1,2.738017,0.2168312519788742,0.5049999952316284,0.18240000307559967
YGR241C,YKL059C,0,2.7378025,0.21673819422721863,0.5049999952316284,0.18250000476837158
YJR010C-A,YDR247W,0,2.7370405,0.21664521098136902,0.5049999952316284,0.1826000064611435
YJR121W,YGR123C,0,2.7367177,0.21655231714248657,0.5049999952316284,0.1826999932527542
YMR016C,YKL183W,0,2.736247,0.2164594978094101,0.5049999952316284,0.18279999494552612
YOL103W,YDR330W,0,2.7359753,0.2163667529821396,0.5049999952316284,0.18289999663829803
YGL120C,YPR049C,0,2.735649,0.21627408266067505,0.5049999952316284,0.18299999833106995
YDR247W,YBL074C,0,2.7351735,0.21618150174617767,0.5049999952316284,0.18310000002384186
YKR061W,YBL020W,0,2.7351053,0.21608901023864746,0.5049999952316284,0.18320000171661377
YDR533C,YNL159C,0,2.734659,0.21599657833576202,0.5049999952316284,0.18330000340938568
YOR384W,YBL106C,0,2.7341173,0.21590423583984375,0.5049999952316284,0.1834000051021576
YER095W,YPL022W,1,2.7340155,0.2162393182516098,0.5059999823570251,0.1834000051021576
YFL041W,YMR127C,0,2.7338874,0.21614694595336914,0.5059999823570251,0.1835000067949295
YDL101C,YNL136W,1,2.7329345,0.21648164093494415,0.5070000290870667,0.1835000067949295
YGL106W,YKL042W,0,2.73289,0.2163892388343811,0.5070000290870667,0.18359999358654022
YNL242W,YOR036W,0,2.7326648,0.21629692614078522,0.5070000290870667,0.18369999527931213
YKL140W,YGL249W,0,2.7317626,0.2162046879529953,0.5070000290870667,0.18379999697208405
YOL100W,YNR050C,0,2.7315047,0.21611253917217255,0.5070000290870667,0.18389999866485596
YDL108W,YDR103W,0,2.7311113,0.21602044999599457,0.5070000290870667,0.18400000035762787
YGR058W,YPL095C,0,2.7308633,0.21592845022678375,0.5070000290870667,0.18410000205039978
YNL039W,YOL120C,0,2.7305706,0.2158365249633789,0.5070000290870667,0.1842000037431717
YNL188W,YNL149C,0,2.7299175,0.21574467420578003,0.5070000290870667,0.1843000054359436
YDR003W,YHR011W,0,2.7299125,0.21565291285514832,0.5070000290870667,0.18440000712871552
YKL179C,YGR124W,0,2.7298324,0.21556122601032257,0.5070000290870667,0.18449999392032623
YGR063C,YGL251C,0,2.729712,0.2154696136713028,0.5070000290870667,0.18459999561309814
YKL017C,YHR099W,1,2.7294786,0.2158028930425644,0.5080000162124634,0.18459999561309814
YBR033W,YGR086C,0,2.7289495,0.21571125090122223,0.5080000162124634,0.18469999730587006
YNL330C,YGR002C,1,2.7287428,0.21604414284229279,0.5090000033378601,0.18469999730587006
YBR033W,YDL006W,0,2.7283182,0.21595248579978943,0.5090000033378601,0.18479999899864197
YNL325C,YFR007W,0,2.7281656,0.21586090326309204,0.5090000033378601,0.18490000069141388
YNL280C,YIL026C,0,2.7278826,0.21576939523220062,0.5090000033378601,0.1850000023841858
YFR037C,YMR201C,1,2.7268846,0.21610169112682343,0.5099999904632568,0.1850000023841858
YBL088C,YLR265C,1,2.726326,0.21643371880054474,0.5109999775886536,0.1850000023841858
YJR001W,YNL151C,0,2.7257996,0.21634207665920258,0.5109999775886536,0.1851000040769577
YDL085W,YBL037W,0,2.7257473,0.21625052392482758,0.5109999775886536,0.18520000576972961
YCR009C,YDR390C,0,2.7257216,0.21615904569625854,0.5109999775886536,0.18529999256134033
YMR127C,YGR218W,0,2.7251122,0.21606765687465668,0.5109999775886536,0.18539999425411224
YFR037C,YJR068W,1,2.7249,0.21639898419380188,0.5120000243186951,0.18539999425411224
YER133W,YKR105C,0,2.7247894,0.21630756556987762,0.5120000243186951,0.18549999594688416
YOL067C,YDR318W,0,2.7243342,0.21621622145175934,0.5120000243186951,0.18559999763965607
YIL009C-A,YGR075C,0,2.723995,0.21612495183944702,0.5120000243186951,0.18569999933242798
YER095W,YLR357W,1,2.7238977,0.21645569801330566,0.5130000114440918,0.18569999933242798
YOR373W,YDL080C,0,2.723748,0.21636439859867096,0.5130000114440918,0.1858000010251999
YNR027W,YJL048C,0,2.723349,0.21627318859100342,0.5130000114440918,0.1859000027179718
YPL022W,YAR007C,1,2.7231152,0.21660345792770386,0.5139999985694885,0.1859000027179718
YOL077C,YMR311C,0,2.7222812,0.21651221811771393,0.5139999985694885,0.1860000044107437
YJL153C,YEL016C,0,2.7210217,0.21642105281352997,0.5139999985694885,0.18610000610351562
YIL084C,YBR245C,0,2.720744,0.21632996201515198,0.5139999985694885,0.18619999289512634
YGL205W,YJL136C,0,2.7204218,0.21623896062374115,0.5139999985694885,0.18629999458789825
YDR265W,YNL012W,0,2.720222,0.2161480188369751,0.5139999985694885,0.18639999628067017
YMR188C,YNR070W,0,2.719258,0.2160571664571762,0.5139999985694885,0.18649999797344208
YJR066W,YPR178W,0,2.7186882,0.2159663885831833,0.5139999985694885,0.186599999666214
YDR536W,YML104C,0,2.718626,0.21587568521499634,0.5139999985694885,0.1867000013589859
YAR019C,YJL073W,0,2.718477,0.21578505635261536,0.5139999985694885,0.1868000030517578
YGL223C,YOL065C,0,2.7184546,0.21569450199604034,0.5139999985694885,0.18690000474452972
YPL154C,YGL031C,0,2.7184284,0.2156040221452713,0.5139999985694885,0.18700000643730164
YFR037C,YER147C,1,2.7176678,0.2159329205751419,0.5149999856948853,0.18700000643730164
YDR236C,YGL227W,0,2.7176645,0.21584241092205048,0.5149999856948853,0.18709999322891235
YNL159C,YGR234W,0,2.7175558,0.2157519906759262,0.5149999856948853,0.18719999492168427
YHR067W,YDL056W,0,2.7169836,0.2156616449356079,0.5149999856948853,0.18729999661445618
YHR036W,YIL124W,0,2.7169728,0.21557137370109558,0.5149999856948853,0.1873999983072281
YPL157W,YHR013C,0,2.7168295,0.21548117697238922,0.5149999856948853,0.1875
YER147C,YOR217W,1,2.7157233,0.21580928564071655,0.515999972820282,0.1875
YIL093C,YDR130C,0,2.715539,0.2157190591096878,0.515999972820282,0.1876000016927719
YDR495C,YDR013W,0,2.714025,0.21562892198562622,0.515999972820282,0.18770000338554382
YDR440W,YLR357W,1,2.7139952,0.21595655381679535,0.5170000195503235,0.18770000338554382
YCL069W,YPR042C,0,2.7139492,0.21586638689041138,0.5170000195503235,0.18780000507831573
YLR097C,YMR017W,0,2.7134893,0.21577629446983337,0.5170000195503235,0.18790000677108765
YIL150C,YOL002C,0,2.7134414,0.21568627655506134,0.5170000195503235,0.18799999356269836
YLR370C,YFR005C,0,2.7133775,0.21559633314609528,0.5170000195503235,0.18809999525547028
YDR052C,YHR044C,0,2.71287,0.21550646424293518,0.5170000195503235,0.1881999969482422
YPL148C,YOL103W,0,2.7126625,0.21541666984558105,0.5170000195503235,0.1882999986410141
YDL200C,YOR217W,1,2.7125552,0.21574343740940094,0.5180000066757202,0.1882999986410141
YKL140W,YMR204C,0,2.7124338,0.21565362811088562,0.5180000066757202,0.188400000333786
YIL150C,YOL056W,0,2.7121556,0.21556387841701508,0.5180000066757202,0.18850000202655792
YIL109C,YHR129C,0,2.7117243,0.2154742032289505,0.5180000066757202,0.18860000371932983
YLR396C,YHR017W,0,2.7110615,0.2153846174478531,0.5180000066757202,0.18870000541210175
YHR171W,YML074C,0,2.7107415,0.21529509127140045,0.5180000066757202,0.18880000710487366
YPL089C,YEL061C,0,2.7099607,0.21520565450191498,0.5180000066757202,0.18889999389648438
YBR240C,YHR116W,0,2.7096868,0.21511627733707428,0.5180000066757202,0.1889999955892563
YBL069W,YPL172C,0,2.7095077,0.21502698957920074,0.5180000066757202,0.1890999972820282
YMR287C,YHR117W,0,2.7091587,0.21493776142597198,0.5180000066757202,0.1891999989748001
YJR001W,YMR208W,0,2.7088854,0.2148486077785492,0.5180000066757202,0.18930000066757202
YOR326W,YLR403W,0,2.7088277,0.21475952863693237,0.5180000066757202,0.18940000236034393
YPL121C,YHR099W,1,2.7082584,0.2150849550962448,0.5189999938011169,0.18940000236034393
YNL039W,YKL056C,0,2.7078986,0.2149958610534668,0.5189999938011169,0.18950000405311584
YML060W,YPL153C,1,2.7078767,0.2153209149837494,0.5199999809265137,0.18950000405311584
YPL017C,YFR007W,0,2.7077281,0.215231791138649,0.5199999809265137,0.18960000574588776
YLR371W,YNR022C,0,2.707489,0.21514274179935455,0.5199999809265137,0.18970000743865967
YNR070W,YPR016C,0,2.7074175,0.2150537669658661,0.5199999809265137,0.18979999423027039
YER147C,YLR357W,1,2.7070801,0.21537825465202332,0.5210000276565552,0.18979999423027039
YOL138C,YJR155W,0,2.7068348,0.21528925001621246,0.5210000276565552,0.1898999959230423
YNR008W,YPR049C,0,2.706723,0.21520033478736877,0.5210000276565552,0.1899999976158142
YNL218W,YOR346W,1,2.7062027,0.215524360537529,0.5220000147819519,0.1899999976158142
YOR381W,YLR176C,0,2.7050073,0.21543541550636292,0.5220000147819519,0.19009999930858612
YLL013C,YBL074C,0,2.7046013,0.2153465300798416,0.5220000147819519,0.19020000100135803
YJL044C,YKL195W,0,2.7042542,0.21525773406028748,0.5220000147819519,0.19030000269412994
YCR096C,YDR418W,0,2.7038515,0.2151689976453781,0.5220000147819519,0.19040000438690186
YDR356W,YNL096C,0,2.7038038,0.2150803506374359,0.5220000147819519,0.19050000607967377
YLR418C,YKL198C,0,2.703412,0.2149917632341385,0.5220000147819519,0.19059999287128448
YDR197W,YBR030W,0,2.7031012,0.21490325033664703,0.5220000147819519,0.1906999945640564
YLR090W,YPL111W,0,2.7024949,0.21481481194496155,0.5220000147819519,0.1907999962568283
YIR002C,YHR099W,1,2.7021606,0.2151378095149994,0.5230000019073486,0.1907999962568283
YGL137W,YDR443C,0,2.7021158,0.21504934132099152,0.5230000019073486,0.19089999794960022
YGL191W,YDR283C,0,2.7013419,0.2149609476327896,0.5230000019073486,0.19099999964237213
YJL072C,YMR056C,0,2.7009642,0.21487264335155487,0.5230000019073486,0.19110000133514404
YPL121C,YNL136W,1,2.6996593,0.21519507467746735,0.5239999890327454,0.19110000133514404
YPL038W,YCL066W,0,2.69957,0.21510672569274902,0.5239999890327454,0.19120000302791595
YLR172C,YDR169C,0,2.6993325,0.21501846611499786,0.5239999890327454,0.19130000472068787
YMR247C,YNR041C,0,2.698856,0.21493026614189148,0.5239999890327454,0.19140000641345978
YPR070W,YBR213W,0,2.698704,0.21484215557575226,0.5239999890327454,0.1914999932050705
YNL293W,YDL080C,0,2.6979637,0.2147541046142578,0.5239999890327454,0.1915999948978424
YFR005C,YDR031W,0,2.697079,0.21466611325740814,0.5239999890327454,0.19169999659061432
YPL096C-A,YKL034W,0,2.6969097,0.21457821130752563,0.5239999890327454,0.19179999828338623
YOL100W,YMR282C,0,2.6963875,0.2144903838634491,0.5239999890327454,0.19189999997615814
YGR008C,YJL190C,0,2.6957235,0.21440261602401733,0.5239999890327454,0.19200000166893005
YDR265W,YDR393W,0,2.6955907,0.21431492269039154,0.5239999890327454,0.19210000336170197
YFR037C,YFL039C,1,2.69529,0.21463614702224731,0.5249999761581421,0.19210000336170197
YDR436W,YPL103C,0,2.6952574,0.21454842388629913,0.5249999761581421,0.19220000505447388
YPR049C,YLR441C,0,2.6951716,0.21446079015731812,0.5249999761581421,0.1923000067472458
YIL111W,YKR097W,0,2.6946294,0.21437321603298187,0.5249999761581421,0.1923999935388565
YGL213C,YNL128W,0,2.6946032,0.2142857164144516,0.5249999761581421,0.19249999523162842
YKL179C,YGR135W,0,2.6944492,0.2141982913017273,0.5249999761581421,0.19259999692440033
YOR346W,YKL017C,1,2.6943789,0.21451875567436218,0.5260000228881836,0.19259999692440033
YOL103W,YJR076C,0,2.694065,0.21443131566047668,0.5260000228881836,0.19269999861717224
YDR139C,YIL124W,0,2.694044,0.21434393525123596,0.5260000228881836,0.19280000030994415
YMR306W,YPL258C,0,2.6933985,0.21425661444664001,0.5260000228881836,0.19290000200271606
YER044C,YLR010C,0,2.6932015,0.21416938304901123,0.5260000228881836,0.19300000369548798
YKL218C,YNL162W,0,2.6924078,0.21408221125602722,0.5260000228881836,0.1931000053882599
YDR224C,YDL200C,1,2.6917937,0.2144019454717636,0.5270000100135803,0.1931000053882599
YLR015W,YIL084C,0,2.6917813,0.2143147587776184,0.5270000100135803,0.1932000070810318
YGL253W,YOR075W,0,2.6913042,0.21422764658927917,0.5270000100135803,0.19329999387264252
YER083C,YDR495C,0,2.6904118,0.21414059400558472,0.5270000100135803,0.19339999556541443
YGL223C,YDR054C,0,2.6893954,0.21405361592769623,0.5270000100135803,0.19349999725818634
YBL106C,YDL017W,0,2.6893046,0.2139667123556137,0.5270000100135803,0.19359999895095825
YNL136W,YDR224C,1,2.689019,0.2142857164144516,0.527999997138977,0.19359999895095825
YJR110W,YCL055W,0,2.689009,0.2141987830400467,0.527999997138977,0.19370000064373016
YDL229W,YPL269W,0,2.6889832,0.21411192417144775,0.527999997138977,0.19380000233650208
YNR045W,YDR483W,0,2.6885197,0.2140251249074936,0.527999997138977,0.193900004029274
YML113W,YDR421W,0,2.6883185,0.2139384150505066,0.527999997138977,0.1940000057220459
YJL101C,YHR064C,0,2.6881568,0.21385176479816437,0.527999997138977,0.1941000074148178
YNL049C,YER061C,0,2.6877744,0.2137651890516281,0.527999997138977,0.19419999420642853
YBL103C,YBR207W,0,2.6875744,0.21367867290973663,0.527999997138977,0.19429999589920044
YDR334W,YKR097W,0,2.6872745,0.21359223127365112,0.527999997138977,0.19439999759197235
YDR088C,YPR031W,0,2.686784,0.21350586414337158,0.527999997138977,0.19449999928474426
YBR160W,YOL072W,1,2.686783,0.21382376551628113,0.5289999842643738,0.19449999928474426
YMR289W,YFR007W,0,2.6866286,0.2137373685836792,0.5289999842643738,0.19460000097751617
YDR440W,YBR289W,1,2.6865046,0.2140549272298813,0.5299999713897705,0.19460000097751617
YDR329C,YGL191W,0,2.685821,0.21396851539611816,0.5299999713897705,0.19470000267028809
YGL021W,YBR231C,0,2.6857862,0.21388216316699982,0.5299999713897705,0.19480000436306
YNL310C,YPL154C,0,2.685778,0.21379588544368744,0.5299999713897705,0.1949000060558319
YLL013C,YGL161C,0,2.6857212,0.21370968222618103,0.5299999713897705,0.19499999284744263
YMR264W,YDR400W,0,2.6853673,0.2136235386133194,0.5299999713897705,0.19509999454021454
YKR090W,YBL061C,0,2.685366,0.21353746950626373,0.5299999713897705,0.19519999623298645
YDL099W,YDR400W,0,2.6848135,0.21345147490501404,0.5299999713897705,0.19529999792575836
YNL218W,YOR290C,1,2.6845803,0.2137681096792221,0.531000018119812,0.19529999792575836
YMR257C,YPL028W,0,2.6842215,0.21368208527565002,0.531000018119812,0.19539999961853027
YPL121C,YCR092C,1,2.6834986,0.21399839222431183,0.5320000052452087,0.19539999961853027
YHL040C,YOR039W,0,2.6833422,0.21391233801841736,0.5320000052452087,0.19550000131130219
YBR166C,YKL010C,0,2.6831267,0.21382637321949005,0.5320000052452087,0.1956000030040741
YDL033C,YHR167W,0,2.6831193,0.21374045312404633,0.5320000052452087,0.195700004696846
YHR215W,YOL117W,0,2.6828141,0.21365462243556976,0.5320000052452087,0.19580000638961792
YMR211W,YER070W,0,2.6822014,0.21356885135173798,0.5320000052452087,0.19589999318122864
YDR011W,YGL249W,0,2.681853,0.21348313987255096,0.5320000052452087,0.19599999487400055
YML060W,YIL126W,1,2.6817985,0.2137986421585083,0.5329999923706055,0.19599999487400055
YKR037C,YGR218W,0,2.6814415,0.2137129157781601,0.5329999923706055,0.19609999656677246
YNR027W,YGR154C,0,2.6810222,0.21362724900245667,0.5329999923706055,0.19619999825954437
YHR067W,YPL177C,0,2.6809065,0.2135416716337204,0.5329999923706055,0.19629999995231628
YER111C,YGR286C,0,2.680606,0.2134561538696289,0.5329999923706055,0.1964000016450882
YLR364W,YDL065C,0,2.6805873,0.2133706957101822,0.5329999923706055,0.1965000033378601
YPR047W,YMR204C,0,2.6802647,0.21328531205654144,0.5329999923706055,0.19660000503063202
YGL119W,YLR097C,0,2.6801054,0.21320000290870667,0.5329999923706055,0.19670000672340393
YOR288C,YOL125W,0,2.6798463,0.21311475336551666,0.5329999923706055,0.19679999351501465
YBR205W,YLR450W,0,2.6792634,0.21302957832813263,0.5329999923706055,0.19689999520778656
YDR228C,YBL020W,0,2.679234,0.21294446289539337,0.5329999923706055,0.19699999690055847
YOL018C,YLR147C,0,2.6790836,0.21285942196846008,0.5329999923706055,0.19709999859333038
YDR503C,YIL072W,0,2.6790817,0.21277445554733276,0.5329999923706055,0.1972000002861023
YBR055C,YNL185C,0,2.6790144,0.21268954873085022,0.5329999923706055,0.1973000019788742
YBR283C,YLR045C,0,2.678681,0.21260470151901245,0.5329999923706055,0.19740000367164612
YPL194W,YNL136W,1,2.6782324,0.21291865408420563,0.5339999794960022,0.19740000367164612
YJR059W,YJL062W,0,2.6778166,0.21283379197120667,0.5339999794960022,0.19750000536441803
YOR265W,YER020W,0,2.6774018,0.21274900436401367,0.5339999794960022,0.19760000705718994
YDR121W,YOR217W,1,2.6771824,0.21306252479553223,0.5350000262260437,0.19760000705718994
YGL205W,YMR285C,0,2.6769688,0.21297770738601685,0.5350000262260437,0.19769999384880066
YNL330C,YFR037C,1,2.676586,0.21329088509082794,0.5360000133514404,0.19769999384880066
YHR027C,YBR122C,0,2.6764095,0.21320605278015137,0.5360000133514404,0.19779999554157257
YDR318W,YPL149W,0,2.6762588,0.21312126517295837,0.5360000133514404,0.19789999723434448
YNL292W,YKL108W,0,2.6761334,0.21303656697273254,0.5360000133514404,0.1979999989271164
YFR041C,YMR150C,0,2.6760104,0.2129519283771515,0.5360000133514404,0.1981000006198883
YBR207W,YJL062W,0,2.6755655,0.2128673493862152,0.5360000133514404,0.19820000231266022
YNL292W,YMR163C,0,2.675565,0.2127828449010849,0.5360000133514404,0.19830000400543213
YGR189C,YJL109C,0,2.6755636,0.21269841492176056,0.5360000133514404,0.19840000569820404
YNL136W,YML095C,1,2.6755266,0.21301071345806122,0.5370000004768372,0.19840000569820404
YER083C,YNL158W,0,2.6754432,0.2129262536764145,0.5370000004768372,0.19850000739097595
YGL227W,YOR306C,0,2.6751895,0.21284185349941254,0.5370000004768372,0.19859999418258667
YDR126W,YDR320C,0,2.6751652,0.21275752782821655,0.5370000004768372,0.19869999587535858
YOR386W,YKL017C,1,2.674809,0.21306930482387543,0.5379999876022339,0.19869999587535858
YBR087W,YER173W,1,2.674204,0.2133808434009552,0.5389999747276306,0.19869999587535858
YDL101C,YIL126W,1,2.6739507,0.21369212865829468,0.5400000214576721,0.19869999587535858
YNL136W,YOR386W,1,2.6739295,0.21400316059589386,0.5410000085830688,0.19869999587535858
YLR266C,YLL022C,0,2.673035,0.2139185518026352,0.5410000085830688,0.1987999975681305
YLR214W,YGR008C,0,2.6730177,0.2138339877128601,0.5410000085830688,0.1988999992609024
YKL017C,YOR217W,1,2.6729753,0.21414460241794586,0.5419999957084656,0.1988999992609024
YNL166C,YJL101C,0,2.6727679,0.21406003832817078,0.5419999957084656,0.19900000095367432
YDR479C,YNL289W,0,2.6726153,0.21397551894187927,0.5419999957084656,0.19910000264644623
YHR186C,YNL268W,0,2.672492,0.21389107406139374,0.5419999957084656,0.19920000433921814
YDL164C,YFL039C,1,2.672451,0.2142011821269989,0.5429999828338623,0.19920000433921814
YDR524C,YMR208W,0,2.6723468,0.21411672234535217,0.5429999828338623,0.19930000603199005
YLR459W,YJL158C,0,2.6721857,0.21403232216835022,0.5429999828338623,0.19939999282360077
YDL164C,YOR244W,1,2.6714656,0.21434199810028076,0.5440000295639038,0.19939999282360077
YLR096W,YBR185C,0,2.6713068,0.21425758302211761,0.5440000295639038,0.19949999451637268
YOR069W,YOR270C,0,2.6708686,0.21417322754859924,0.5440000295639038,0.1995999962091446
YML060W,YDR288W,1,2.6701267,0.21448248624801636,0.5450000166893005,0.1995999962091446
YKL154W,YDL146W,0,2.6697893,0.2143981158733368,0.5450000166893005,0.1996999979019165
YEL016C,YGR086C,0,2.6697824,0.214313805103302,0.5450000166893005,0.19979999959468842
YPR166C,YDR117C,0,2.6695607,0.214229553937912,0.5450000166893005,0.19990000128746033
YDR036C,YNL112W,0,2.6692445,0.21414537727832794,0.5450000166893005,0.20000000298023224
YDR242W,YDL080C,0,2.6691077,0.21406127512454987,0.5450000166893005,0.20010000467300415
YLR212C,YJR033C,0,2.668895,0.21397723257541656,0.5450000166893005,0.20020000636577606
YBR058C,YBL074C,0,2.6687825,0.21389324963092804,0.5450000166893005,0.20029999315738678
YGL249W,YIL112W,0,2.668543,0.21380934119224548,0.5450000166893005,0.2003999948501587
YJR001W,YCR081W,0,2.6684482,0.2137254923582077,0.5450000166893005,0.2004999965429306
YHR081W,YJR068W,1,2.6677716,0.21403370797634125,0.5460000038146973,0.2004999965429306
YMR223W,YDR247W,0,2.667346,0.21394984424114227,0.5460000038146973,0.20059999823570251
YMR163C,YBR164C,0,2.6669195,0.21386604011058807,0.5460000038146973,0.20069999992847443
YGL021W,YJL025W,0,2.666279,0.21378229558467865,0.5460000038146973,0.20080000162124634
YNL191W,YBL090W,0,2.6661017,0.2136986255645752,0.5460000038146973,0.20090000331401825
YDR440W,YMR224C,1,2.665113,0.21400626003742218,0.546999990940094,0.20090000331401825
YPL017C,YDR376W,0,2.6650867,0.21392256021499634,0.546999990940094,0.20100000500679016
YKR062W,YAL021C,0,2.6650016,0.21383893489837646,0.546999990940094,0.20110000669956207
YDR436W,YGR191W,0,2.6640675,0.21375536918640137,0.546999990940094,0.2011999934911728
YBR082C,YDR038C,0,2.6638477,0.21367187798023224,0.546999990940094,0.2012999951839447
YPL159C,YLR014C,0,2.6635487,0.21358844637870789,0.546999990940094,0.2013999968767166
YAL020C,YNR070W,0,2.663383,0.2135050743818283,0.546999990940094,0.20149999856948853
YOL156W,YEL002C,0,2.6629925,0.2134217768907547,0.546999990940094,0.20160000026226044
YIL171W,YHR129C,0,2.6627083,0.21333853900432587,0.546999990940094,0.20170000195503235
YGR047C,YJL041W,0,2.6623528,0.2132553607225418,0.546999990940094,0.20180000364780426
YBR214W,YPR032W,0,2.661631,0.21317225694656372,0.546999990940094,0.20190000534057617
YEL064C,YJR134C,0,2.6616247,0.2130892127752304,0.546999990940094,0.20200000703334808
YMR171C,YEL002C,0,2.661159,0.21300622820854187,0.546999990940094,0.2020999938249588
YOR057W,YDR483W,0,2.6611083,0.2129233181476593,0.546999990940094,0.2021999955177307
YJR139C,YGL249W,0,2.6609218,0.2128404676914215,0.546999990940094,0.20229999721050262
YEL016C,YAL058W,0,2.6606991,0.2127576768398285,0.546999990940094,0.20239999890327454
YBR040W,YLR078C,0,2.6606855,0.21267496049404144,0.546999990940094,0.20250000059604645
YLR385C,YJL133W,0,2.6602724,0.21259230375289917,0.546999990940094,0.20260000228881836
YER083C,YJR126C,0,2.660142,0.21250970661640167,0.546999990940094,0.20270000398159027
YBR087W,YMR224C,1,2.6599162,0.2128155380487442,0.5479999780654907,0.20270000398159027
YPL194W,YBR160W,1,2.6598024,0.21312111616134644,0.5490000247955322,0.20270000398159027
YHL040C,YDR478W,0,2.659593,0.21303841471672058,0.5490000247955322,0.20280000567436218
YNL136W,YKL017C,1,2.6595566,0.21334367990493774,0.550000011920929,0.20280000567436218
YNL218W,YHR081W,1,2.6589978,0.2136487066745758,0.5509999990463257,0.20280000567436218
YGL251C,YPL028W,0,2.6585114,0.2135658860206604,0.5509999990463257,0.2029000073671341
YLR427W,YER173W,1,2.658057,0.2138705998659134,0.5519999861717224,0.2029000073671341
YGR104C,YDL110C,0,2.6580393,0.2137877643108368,0.5519999861717224,0.2029999941587448
YML043C,YNR041C,0,2.657799,0.21370498836040497,0.5519999861717224,0.20309999585151672
YDR107C,YGL251C,0,2.657298,0.2136222869157791,0.5519999861717224,0.20319999754428864
YBR082C,YGL205W,0,2.657285,0.21353964507579803,0.5519999861717224,0.20329999923706055
YJR158W,YDL017W,0,2.6572545,0.21345707774162292,0.5519999861717224,0.20340000092983246
YDL200C,YLR357W,1,2.657059,0.213761106133461,0.5529999732971191,0.20340000092983246
YBL103C,YER148W,0,2.6568496,0.2136785089969635,0.5529999732971191,0.20350000262260437
YGL021W,YER113C,0,2.6562688,0.21359598636627197,0.5529999732971191,0.20360000431537628
YCR009C,YLR154C,0,2.6560261,0.21351350843906403,0.5529999732971191,0.2037000060081482
YLR318W,YER012W,0,2.655936,0.21343110501766205,0.5529999732971191,0.2037999927997589
YIR002C,YCR092C,1,2.6556702,0.21373456716537476,0.5540000200271606,0.2037999927997589
YOR063W,YKR097W,0,2.6554759,0.2136521339416504,0.5540000200271606,0.20389999449253082
YHR101C,YDL127W,0,2.6550856,0.213569775223732,0.5540000200271606,0.20399999618530273
YDR251W,YGR154C,0,2.6546962,0.21348747611045837,0.5540000200271606,0.20409999787807465
YGR029W,YNL322C,0,2.6545682,0.21340523660182953,0.5540000200271606,0.20419999957084656
YDL164C,YFR037C,1,2.6543953,0.21370811760425568,0.5550000071525574,0.20419999957084656
YBR299W,YKR104W,0,2.6543026,0.21362586319446564,0.5550000071525574,0.20430000126361847
YML060W,YOR244W,1,2.6540506,0.2139284312725067,0.5559999942779541,0.20430000126361847
YBR299W,YER113C,0,2.6540496,0.2138461470603943,0.5559999942779541,0.20440000295639038
YBR286W,YOR057W,0,2.6533778,0.21376393735408783,0.5559999942779541,0.2045000046491623
YML043C,YBR097W,0,2.653208,0.21368178725242615,0.5559999942779541,0.2046000063419342
YGR292W,YDR501W,0,2.653139,0.21359969675540924,0.5559999942779541,0.20469999313354492
YNR020C,YKL116C,0,2.6530092,0.2135176658630371,0.5559999942779541,0.20479999482631683
YKR090W,YCR098C,0,2.6523173,0.21343569457530975,0.5559999942779541,0.20489999651908875
YJL101C,YOR233W,0,2.652178,0.21335379779338837,0.5559999942779541,0.20499999821186066
YGR058W,YJR022W,0,2.6521516,0.21327196061611176,0.5559999942779541,0.20509999990463257
YMR247C,YJR094W-A,0,2.6521473,0.21319018304347992,0.5559999942779541,0.20520000159740448
YDR253C,YLL038C,0,2.6517932,0.21310846507549286,0.5559999942779541,0.2053000032901764
YJR001W,YIR009W,0,2.651361,0.21302682161331177,0.5559999942779541,0.2054000049829483
YGR194C,YOL109W,0,2.6512241,0.21294523775577545,0.5559999942779541,0.20550000667572021
YLR373C,YDR247W,0,2.6509755,0.21286369860172272,0.5559999942779541,0.20559999346733093
YAL013W,YDR118W,0,2.6508675,0.21278224885463715,0.5559999942779541,0.20569999516010284
YIL138C,YJL008C,0,2.6507695,0.21270084381103516,0.5559999942779541,0.20579999685287476
YBL103C,YDR071C,0,2.6507385,0.21261949837207794,0.5559999942779541,0.20589999854564667
YOR069W,YBR166C,0,2.6507137,0.2125382274389267,0.5559999942779541,0.20600000023841858
YOR061W,YJL102W,0,2.6501224,0.21245701611042023,0.5559999942779541,0.2061000019311905
YDR022C,YDR101C,0,2.64971,0.21237586438655853,0.5559999942779541,0.2062000036239624
YDR520C,YLR100W,0,2.6496463,0.2122947722673416,0.5559999942779541,0.20630000531673431
YJR158W,YCL031C,0,2.6495154,0.21221373975276947,0.5559999942779541,0.20640000700950623
YJL101C,YJR089W,0,2.6490858,0.2121327668428421,0.5559999942779541,0.20649999380111694
YER025W,YMR306W,0,2.648946,0.2120518684387207,0.5559999942779541,0.20659999549388885
YMR198W,YAL043C,0,2.6488645,0.21197102963924408,0.5559999942779541,0.20669999718666077
YGL089C,YDR436W,0,2.648772,0.21189025044441223,0.5559999942779541,0.20679999887943268
YBR001C,YDL141W,0,2.6487155,0.21180953085422516,0.5559999942779541,0.2069000005722046
YDR380W,YBL055C,0,2.6484601,0.21172887086868286,0.5559999942779541,0.2070000022649765
YAL010C,YDL231C,0,2.6483324,0.21164827048778534,0.5559999942779541,0.2071000039577484
YLL013C,YCR004C,0,2.6481,0.2115677297115326,0.5559999942779541,0.20720000565052032
YGR029W,YLR121C,0,2.6479821,0.21148726344108582,0.5559999942779541,0.20730000734329224
YJR001W,YCR094W,0,2.6475012,0.21140684187412262,0.5559999942779541,0.20739999413490295
YDL200C,YCR092C,1,2.6474092,0.21170657873153687,0.5569999814033508,0.20739999413490295
YIL109C,YJR126C,0,2.6470604,0.21162614226341248,0.5569999814033508,0.20749999582767487
YNL330C,YLR265C,1,2.646955,0.21192556619644165,0.5580000281333923,0.20749999582767487
YOR224C,YDR511W,0,2.6462166,0.21184509992599487,0.5580000281333923,0.20759999752044678
YJL143W,YNL049C,0,2.6459372,0.21176470816135406,0.5580000281333923,0.2076999992132187
YNL330C,YLR427W,1,2.645736,0.212063729763031,0.5590000152587891,0.2076999992132187
YDR322W,YLR318W,0,2.6455612,0.2119833081960678,0.5590000152587891,0.2078000009059906
YBR035C,YER164W,0,2.6453724,0.21190296113491058,0.5590000152587891,0.2079000025987625
YDL069C,YHR101C,0,2.6453245,0.21182265877723694,0.5590000152587891,0.20800000429153442
YDR224C,YAR007C,1,2.6447206,0.21212121844291687,0.5600000023841858,0.20800000429153442
YOR224C,YGR008C,0,2.6441762,0.21204088628292084,0.5600000023841858,0.20810000598430634
YOR233W,YHR186C,0,2.6434743,0.21196062862873077,0.5600000023841858,0.20819999277591705
YDR376W,YGR220C,0,2.643405,0.21188044548034668,0.5600000023841858,0.20829999446868896
YDR402C,YKL028W,0,2.643378,0.21180030703544617,0.5600000023841858,0.20839999616146088
YLR154C,YDR088C,0,2.643252,0.21172022819519043,0.5600000023841858,0.2084999978542328
YNL012W,YMR285C,0,2.6425905,0.21164020895957947,0.5600000023841858,0.2085999995470047
YBL057C,YJR059W,0,2.6425655,0.21156026422977448,0.5600000023841858,0.2087000012397766
YGL232W,YHR116W,0,2.642069,0.21148036420345306,0.5600000023841858,0.20880000293254852
YPL194W,YLR357W,1,2.641511,0.21177802979946136,0.5609999895095825,0.20880000293254852
YPL269W,YPL149W,0,2.6412911,0.21169811487197876,0.5609999895095825,0.20890000462532043
YBR033W,YCR098C,0,2.6410034,0.21161825954914093,0.5609999895095825,0.20900000631809235
YJR139C,YHR036W,0,2.640931,0.21153846383094788,0.5609999895095825,0.20909999310970306
YOR288C,YBR299W,0,2.6405852,0.2114587277173996,0.5609999895095825,0.20919999480247498
YGL223C,YGR292W,0,2.640275,0.2113790512084961,0.5609999895095825,0.2092999964952469
YDR402C,YDR166C,0,2.6400914,0.21129943430423737,0.5609999895095825,0.2093999981880188
YDL019C,YJL025W,0,2.6400385,0.2112198770046234,0.5609999895095825,0.2094999998807907
YDR121W,YPL204W,1,2.6386318,0.21151675283908844,0.5619999766349792,0.2094999998807907
YGL222C,YKL116C,0,2.6386204,0.2114371657371521,0.5619999766349792,0.20960000157356262
YPL121C,YPL022W,1,2.6384635,0.21173372864723206,0.5630000233650208,0.20960000157356262
YLR459W,YOR069W,0,2.638267,0.21165414154529572,0.5630000233650208,0.20970000326633453
YIL111W,YHR129C,0,2.6381679,0.21157459914684296,0.5630000233650208,0.20980000495910645
YMR302C,YDR117C,0,2.6380386,0.21149511635303497,0.5630000233650208,0.20990000665187836
YLR032W,YMR224C,1,2.6380122,0.21179121732711792,0.5640000104904175,0.20990000665187836
YJR139C,YOL127W,0,2.6379614,0.21171170473098755,0.5640000104904175,0.20999999344348907
YDR501W,YER082C,0,2.6376173,0.21163226664066315,0.5640000104904175,0.210099995136261
YPR186C,YOR150W,0,2.637505,0.21155288815498352,0.5640000104904175,0.2101999968290329
YDR440W,YML095C,1,2.6372383,0.21184851229190826,0.5649999976158142,0.2101999968290329
YNL292W,YDR362C,0,2.6366327,0.21176911890506744,0.5649999976158142,0.2102999985218048
YFR032C-A,YDR251W,0,2.636152,0.2116897702217102,0.5649999976158142,0.21040000021457672
YJL072C,YLR109W,0,2.636116,0.21161048114299774,0.5649999976158142,0.21050000190734863
YMR086W,YLR287C-A,0,2.63598,0.21153126657009125,0.5649999976158142,0.21060000360012054
YBR087W,YOR244W,1,2.6355166,0.211826354265213,0.5659999847412109,0.21060000360012054
YJR076C,YHR064C,0,2.6355119,0.21174709498882294,0.5659999847412109,0.21070000529289246
YDL164C,YIL126W,1,2.6351125,0.21204188466072083,0.5669999718666077,0.21070000529289246
YML124C,YJL062W,0,2.6349242,0.21196261048316956,0.5669999718666077,0.21080000698566437
YPL022W,YHR081W,1,2.6337764,0.21225710213184357,0.5680000185966492,0.21080000698566437
YCL061C,YCR053W,0,2.6334884,0.2121778130531311,0.5680000185966492,0.21089999377727509
YFR032C-A,YDR376W,0,2.633464,0.21209858357906342,0.5680000185966492,0.210999995470047
YPL121C,YFL039C,1,2.6312225,0.2123926877975464,0.5690000057220459,0.210999995470047
YKR014C,YAL035W,0,2.6308124,0.2123134285211563,0.5690000057220459,0.2110999971628189
YEL065W,YDR003W,0,2.6306357,0.2122342437505722,0.5690000057220459,0.21119999885559082
YIL004C,YHL032C,0,2.6300826,0.21215510368347168,0.5690000057220459,0.21130000054836273
YKR037C,YPL160W,0,2.6300635,0.21207603812217712,0.5690000057220459,0.21140000224113464
YML106W,YLR086W,0,2.6299286,0.21199701726436615,0.5690000057220459,0.21150000393390656
YHR105W,YIL009C-A,0,2.6298864,0.21191805601119995,0.5690000057220459,0.21160000562667847
YAL023C,YGL249W,0,2.6298578,0.21183916926383972,0.5690000057220459,0.21170000731945038
YOL138C,YBR264C,0,2.6297235,0.21176032721996307,0.5690000057220459,0.2117999941110611
YDL069C,YBR122C,0,2.6295154,0.2116815447807312,0.5690000057220459,0.211899995803833
YJL165C,YMR188C,0,2.6287353,0.2116028219461441,0.5690000057220459,0.21199999749660492
YJL062W,YLR121C,0,2.628631,0.21152415871620178,0.5690000057220459,0.21209999918937683
YMR056C,YDL060W,0,2.6286173,0.21144555509090424,0.5690000057220459,0.21220000088214874
YOL120C,YDR130C,0,2.628434,0.21136701107025146,0.5690000057220459,0.21230000257492065
YLR276C,YMR204C,0,2.627969,0.21128852665424347,0.5690000057220459,0.21240000426769257
YJR121W,YKR050W,0,2.6279023,0.21121010184288025,0.5690000057220459,0.21250000596046448
YIR023W,YER030W,0,2.6278799,0.2111317217350006,0.5690000057220459,0.2125999927520752
YHR036W,YIL136W,0,2.626999,0.21105341613292694,0.5690000057220459,0.2126999944448471
YNR020C,YNL091W,0,2.6264892,0.21097515523433685,0.5690000057220459,0.21279999613761902
YKL028W,YNR041C,0,2.626235,0.21089695394039154,0.5690000057220459,0.21289999783039093
YJR066W,YKL034W,0,2.6256328,0.2108188271522522,0.5690000057220459,0.21299999952316284
YGR104C,YGL021W,0,2.625459,0.21074074506759644,0.5690000057220459,0.21310000121593475
YBR176W,YDR400W,0,2.6254327,0.21066272258758545,0.5690000057220459,0.21320000290870667
YOR057W,YER106W,0,2.6249874,0.21058474481105804,0.5690000057220459,0.21330000460147858
YLR038C,YOR221C,0,2.624749,0.2105068415403366,0.5690000057220459,0.2134000062942505
YHR147C,YJL156C,0,2.6245277,0.21042899787425995,0.5690000057220459,0.2134999930858612
YBR160W,YLR265C,1,2.6237402,0.21072088181972504,0.5699999928474426,0.2134999930858612
YDR265W,YER174C,0,2.6236308,0.210643008351326,0.5699999928474426,0.21359999477863312
YBR087W,YGR002C,1,2.6234143,0.2109346091747284,0.5709999799728394,0.21359999477863312
YGR047C,YBR058C,0,2.6232815,0.21085672080516815,0.5709999799728394,0.21369999647140503
YPR042C,YDL112W,0,2.6232643,0.21077889204025269,0.5709999799728394,0.21379999816417694
YDR356W,YHR010W,0,2.6225128,0.2107011079788208,0.5709999799728394,0.21389999985694885
YGL223C,YPL202C,0,2.6224837,0.2106233835220337,0.5709999799728394,0.21400000154972076
YER051W,YDR362C,0,2.6214097,0.21054571866989136,0.5709999799728394,0.21410000324249268
YOR036W,YBR164C,0,2.621176,0.2104681134223938,0.5709999799728394,0.2142000049352646
YJR059W,YGR272C,0,2.6204655,0.21039056777954102,0.5709999799728394,0.2143000066280365
YGR191W,YER020W,0,2.6203446,0.210313081741333,0.5709999799728394,0.21439999341964722
YDL192W,YGL106W,0,2.6198843,0.21023564040660858,0.5709999799728394,0.21449999511241913
YPL103C,YLR441C,0,2.618996,0.21015825867652893,0.5709999799728394,0.21459999680519104
YMR302C,YLR287C-A,0,2.6187396,0.21008093655109406,0.5709999799728394,0.21469999849796295
YOR201C,YML081C-A,0,2.6184037,0.21000367403030396,0.5709999799728394,0.21480000019073486
YDR347W,YAR019C,0,2.6176727,0.20992647111415863,0.5709999799728394,0.21490000188350677
YGR101W,YLR079W,0,2.6173623,0.2098493129014969,0.5709999799728394,0.2150000035762787
YNL049C,YHR013C,0,2.6173592,0.2097722291946411,0.5709999799728394,0.2151000052690506
YDR379W,YDL075W,0,2.6171155,0.20969519019126892,0.5709999799728394,0.2152000069618225
YHR031C,YLR121C,0,2.6170652,0.2096182107925415,0.5709999799728394,0.21529999375343323
YGR088W,YOR224C,0,2.6166925,0.20954129099845886,0.5709999799728394,0.21539999544620514
YDR096W,YKL195W,0,2.6165597,0.2094644159078598,0.5709999799728394,0.21549999713897705
YDR121W,YDR224C,1,2.6150753,0.20975430309772491,0.5720000267028809,0.21549999713897705
YPL149W,YIR009W,0,2.6150403,0.20967741310596466,0.5720000267028809,0.21559999883174896
YPL022W,YLR265C,1,2.6142983,0.2099670171737671,0.5730000138282776,0.21559999883174896
YOR037W,YOR014W,0,2.6141744,0.20989011228084564,0.5730000138282776,0.21570000052452087
YPL111W,YGR075C,0,2.6131535,0.20981325209140778,0.5730000138282776,0.21580000221729279
YNR047W,YCL050C,0,2.612984,0.20973645150661469,0.5730000138282776,0.2159000039100647
YAR007C,YJR068W,1,2.6127782,0.2100256085395813,0.5740000009536743,0.2159000039100647
YBL064C,YKL021C,0,2.6124926,0.20994879305362701,0.5740000009536743,0.2160000056028366
YLR086W,YOL005C,0,2.6118777,0.2098720222711563,0.5740000009536743,0.21610000729560852
YIR002C,YLR032W,1,2.6114993,0.21016082167625427,0.574999988079071,0.21610000729560852
YMR302C,YPL092W,0,2.6113167,0.21008403599262238,0.574999988079071,0.21619999408721924
YBR273C,YGR014W,0,2.6111982,0.21000730991363525,0.574999988079071,0.21629999577999115
YBL057C,YPL085W,0,2.6110253,0.2099306285381317,0.574999988079071,0.21639999747276306
YDL164C,YLR357W,1,2.610438,0.21021898090839386,0.5759999752044678,0.21639999747276306
YNL212W,YMR165C,0,2.6100955,0.21014228463172913,0.5759999752044678,0.21649999916553497
YDL007W,YKL164C,0,2.610031,0.21006564795970917,0.5759999752044678,0.21660000085830688
YKL218C,YDR120C,0,2.6097896,0.2099890559911728,0.5759999752044678,0.2167000025510788
YHR171W,YNL091W,0,2.6095464,0.20991253852844238,0.5759999752044678,0.2168000042438507
YDR418W,YDR032C,0,2.6095178,0.20983606576919556,0.5759999752044678,0.21690000593662262
YMR139W,YGR184C,0,2.609342,0.2097596526145935,0.5759999752044678,0.21699999272823334
YOL138C,YOR174W,0,2.6092203,0.20968328416347504,0.5759999752044678,0.21709999442100525
YHR143W,YLR147C,0,2.6091769,0.20960699021816254,0.5759999752044678,0.21719999611377716
YML129C,YER099C,0,2.608949,0.20953074097633362,0.5759999752044678,0.21729999780654907
YDR121W,YMR224C,1,2.6088634,0.20981818437576294,0.5770000219345093,0.21729999780654907
YHR031C,YIR037W,0,2.6084507,0.20974190533161163,0.5770000219345093,0.21739999949932098
YER173W,YHR099W,1,2.6080697,0.21002906560897827,0.578000009059906,0.21739999949932098
YDL019C,YLR127C,0,2.6079762,0.20995277166366577,0.578000009059906,0.2175000011920929
YDR050C,YBR050C,0,2.6073024,0.20987653732299805,0.578000009059906,0.2176000028848648
YDR479C,YPL033C,0,2.6067479,0.2098003625869751,0.578000009059906,0.21770000457763672
YLL022C,YLR014C,0,2.606311,0.20972423255443573,0.578000009059906,0.21780000627040863
YGR047C,YLL001W,0,2.6063094,0.20964816212654114,0.578000009059906,0.21789999306201935
YDR329C,YNL268W,0,2.6060255,0.20957215130329132,0.578000009059906,0.21799999475479126
YKL181W,YOR080W,0,2.6056318,0.20949620008468628,0.578000009059906,0.21809999644756317
YIR006C,YDL184C,0,2.60558,0.20942029356956482,0.578000009059906,0.21819999814033508
YOL067C,YNL308C,0,2.605224,0.20934444665908813,0.578000009059906,0.218299999833107
YLR109W,YJL125C,0,2.6052234,0.20926864445209503,0.578000009059906,0.2184000015258789
YNR008W,YOR384W,0,2.6050696,0.2091929018497467,0.578000009059906,0.21850000321865082
YPL149W,YPR019W,0,2.6046393,0.20911721885204315,0.578000009059906,0.21860000491142273
YIL126W,YML095C,1,2.6044867,0.20940326154232025,0.5789999961853027,0.21860000491142273
YBL088C,YNL218W,1,2.6044557,0.20968908071517944,0.5799999833106995,0.21860000491142273
YBR289W,YLR357W,1,2.6042914,0.20997470617294312,0.5809999704360962,0.21860000491142273
YLR385C,YER030W,0,2.6041362,0.20989884436130524,0.5809999704360962,0.21870000660419464
YDL115C,YNL289W,0,2.604082,0.20982304215431213,0.5809999704360962,0.21879999339580536
YIR012W,YNL012W,0,2.6040065,0.2097472995519638,0.5809999704360962,0.21889999508857727
YGL173C,YGR241C,0,2.603697,0.20967160165309906,0.5809999704360962,0.21899999678134918
YBL088C,YDR121W,1,2.6032867,0.20995670557022095,0.5820000171661377,0.21899999678134918
YBR055C,YER007W,0,2.6032538,0.209880992770195,0.5820000171661377,0.2190999984741211
YGR075C,YKL164C,0,2.6032262,0.20980533957481384,0.5820000171661377,0.219200000166893
YHR153C,YDR320C-A,0,2.6031783,0.20972973108291626,0.5820000171661377,0.21930000185966492
YDR231C,YPR031W,0,2.6030986,0.20965418219566345,0.5820000171661377,0.21940000355243683
YER099C,YPL159C,0,2.6030793,0.20957867801189423,0.5820000171661377,0.21950000524520874
YDR456W,YLR127C,0,2.6027582,0.20950323343276978,0.5820000171661377,0.21960000693798065
YBR022W,YDR523C,0,2.6024451,0.2094278484582901,0.5820000171661377,0.21969999372959137
YMR281W,YFR008W,0,2.6022007,0.2093525230884552,0.5820000171661377,0.21979999542236328
YOL067C,YDL112W,0,2.6011493,0.20927724242210388,0.5820000171661377,0.2198999971151352
YNL136W,YJL090C,1,2.600785,0.20956146717071533,0.5830000042915344,0.2198999971151352
YEL017C-A,YBR251W,0,2.600711,0.20948617160320282,0.5830000042915344,0.2199999988079071
YBL057C,YGR135W,0,2.6006,0.2094109207391739,0.5830000042915344,0.22010000050067902
YDR312W,YNL242W,0,2.6004276,0.20933572947978973,0.5830000042915344,0.22020000219345093
YCR047C,YKR009C,0,2.5999491,0.20926058292388916,0.5830000042915344,0.22030000388622284
YMR306W,YLR433C,0,2.5996056,0.20918551087379456,0.5830000042915344,0.22040000557899475
YOR179C,YLR371W,0,2.599577,0.20911046862602234,0.5830000042915344,0.22050000727176666
YIL074C,YFR003C,0,2.5986936,0.2090355008840561,0.5830000042915344,0.22059999406337738
YDR363W-A,YLR045C,0,2.5984695,0.20896057784557343,0.5830000042915344,0.2206999957561493
YER095W,YPL194W,1,2.5979116,0.2092439979314804,0.5839999914169312,0.2206999957561493
YNR070W,YNL158W,0,2.5977855,0.20916905999183655,0.5839999914169312,0.2207999974489212
YKR038C,YDR231C,0,2.5973513,0.20909416675567627,0.5839999914169312,0.22089999914169312
YOR322C,YNR047W,0,2.5964673,0.20901933312416077,0.5839999914169312,0.22100000083446503
YCL069W,YCR037C,0,2.5961502,0.20894454419612885,0.5839999914169312,0.22110000252723694
YNL077W,YAL013W,0,2.5960968,0.2088698148727417,0.5839999914169312,0.22120000422000885
YDR356W,YIL090W,0,2.5956938,0.20879513025283813,0.5839999914169312,0.22130000591278076
YDR224C,YOR217W,1,2.5956857,0.20907790958881378,0.5849999785423279,0.22130000591278076
YDL200C,YLR265C,1,2.5956397,0.20936048030853271,0.5860000252723694,0.22130000591278076
YBL024W,YDR387C,0,2.5955904,0.20928572118282318,0.5860000252723694,0.22139999270439148
YLR008C,YNL077W,0,2.5954893,0.20921099185943604,0.5860000252723694,0.2214999943971634
YDR356W,YDL195W,0,2.595368,0.20913633704185486,0.5860000252723694,0.2215999960899353
YOR269W,YGR156W,0,2.5949576,0.20906172692775726,0.5860000252723694,0.22169999778270721
YDR103W,YLR246W,0,2.5947807,0.20898716151714325,0.5860000252723694,0.22179999947547913
YKL218C,YBR283C,0,2.59429,0.208912655711174,0.5860000252723694,0.22190000116825104
YIL093C,YDL006W,0,2.5936642,0.20883820950984955,0.5860000252723694,0.22200000286102295
YOL127W,YGR014W,0,2.5933297,0.20876380801200867,0.5860000252723694,0.22210000455379486
YDR022C,YCR075C,0,2.5930643,0.20868946611881256,0.5860000252723694,0.22220000624656677
YMR043W,YPL195W,0,2.592162,0.20861516892910004,0.5860000252723694,0.2222999930381775
YCR009C,YER106W,0,2.5918968,0.2085409313440323,0.5860000252723694,0.2223999947309494
YKL156W,YHR011W,0,2.591574,0.20846673846244812,0.5860000252723694,0.2224999964237213
YKR090W,YOR201C,0,2.5915613,0.20839260518550873,0.5860000252723694,0.22259999811649323
YJR139C,YLR079W,0,2.5909982,0.20831851661205292,0.5860000252723694,0.22269999980926514
YLR448W,YIL072W,0,2.5909314,0.20824448764324188,0.5860000252723694,0.22280000150203705
YFR041C,YNL112W,0,2.590892,0.20817051827907562,0.5860000252723694,0.22290000319480896
YNL227C,YJL062W,0,2.5905502,0.20809659361839294,0.5860000252723694,0.22300000488758087
YDL200C,YHR081W,1,2.5902026,0.20837770402431488,0.5870000123977661,0.22300000488758087
YJR068W,YML095C,1,2.589876,0.2086586207151413,0.5879999995231628,0.22300000488758087
YAL041W,YLR214W,0,2.58969,0.20858460664749146,0.5879999995231628,0.22310000658035278
YDR126W,YHL032C,0,2.5896742,0.2085106372833252,0.5879999995231628,0.2231999933719635
YLR318W,YHR011W,0,2.5884635,0.2084367275238037,0.5879999995231628,0.2232999950647354
YLR097C,YJL121C,0,2.5881145,0.2083628624677658,0.5879999995231628,0.22339999675750732
YER029C,YPR178W,0,2.5879834,0.20828905701637268,0.5879999995231628,0.22349999845027924
YBR160W,YIL126W,1,2.587724,0.20856940746307373,0.5889999866485596,0.22349999845027924
YCR009C,YDL130W,0,2.587441,0.20849557220935822,0.5889999866485596,0.22360000014305115
YGL205W,YLR448W,0,2.58732,0.20842179656028748,0.5889999866485596,0.22370000183582306
YHR092C,YDR418W,0,2.5871792,0.20834806561470032,0.5889999866485596,0.22380000352859497
YDL164C,YOR217W,1,2.5871484,0.20862799882888794,0.5899999737739563,0.22380000352859497
YLR147C,YPL038W,0,2.5868723,0.2085542529821396,0.5899999737739563,0.22390000522136688
YBR084W,YMR023C,0,2.5867703,0.208480566740036,0.5899999737739563,0.2240000069141388
YER027C,YGL249W,0,2.586452,0.20840692520141602,0.5899999737739563,0.2240999937057495
YGL089C,YDR219C,0,2.586097,0.2083333283662796,0.5899999737739563,0.22419999539852142
YHR099W,YLR265C,1,2.5858076,0.20861278474330902,0.5910000205039978,0.22419999539852142
YDR238C,YHR207C,0,2.5853727,0.2085391730070114,0.5910000205039978,0.22429999709129333
YMR314W,YGL084C,0,2.5852954,0.2084656059741974,0.5910000205039978,0.22439999878406525
YKR037C,YOR270C,0,2.5852945,0.20839209854602814,0.5910000205039978,0.22450000047683716
YOL100W,YPL085W,0,2.5852032,0.20831865072250366,0.5910000205039978,0.22460000216960907
YDL164C,YER147C,1,2.5851576,0.2085976004600525,0.5920000076293945,0.22460000216960907
YJR158W,YDR402C,0,2.5842946,0.20852412283420563,0.5920000076293945,0.22470000386238098
YKL135C,YLR098C,0,2.582353,0.20845070481300354,0.5920000076293945,0.2248000055551529
YDR481C,YNL098C,0,2.5815933,0.20837733149528503,0.5920000076293945,0.2249000072479248
YPL143W,YDR252W,0,2.580836,0.2083040177822113,0.5920000076293945,0.22499999403953552
YDR283C,YHR181W,0,2.5805418,0.20823074877262115,0.5920000076293945,0.22509999573230743
YMR289W,YHR129C,0,2.5796428,0.2081575244665146,0.5920000076293945,0.22519999742507935
YGL205W,YNR007C,0,2.5792716,0.2080843597650528,0.5920000076293945,0.22529999911785126
YBR264C,YLR188W,0,2.5786788,0.20801123976707458,0.5920000076293945,0.22540000081062317
YGL119W,YNL268W,0,2.5781143,0.20793817937374115,0.5920000076293945,0.22550000250339508
YNL308C,YDR402C,0,2.5776403,0.2078651636838913,0.5920000076293945,0.225600004196167
YIR036C,YHR186C,0,2.5773716,0.20779220759868622,0.5920000076293945,0.2257000058889389
YBL088C,YJL090C,1,2.5773678,0.20807017385959625,0.5929999947547913,0.2257000058889389
YDR107C,YNR020C,0,2.577254,0.2079971879720688,0.5929999947547913,0.22579999268054962
YIL150C,YDR443C,0,2.5766585,0.2079242616891861,0.5929999947547913,0.22589999437332153
YCR094W,YML088W,0,2.5760322,0.207851380109787,0.5929999947547913,0.22599999606609344
YJR013W,YMR264W,0,2.575882,0.20777855813503265,0.5929999947547913,0.22609999775886536
YDL085W,YBR245C,0,2.5757337,0.2077057808637619,0.5929999947547913,0.22619999945163727
YDL164C,YER173W,1,2.5751896,0.20798319578170776,0.593999981880188,0.22619999945163727
YGR104C,YOL030W,0,2.574828,0.20791038870811462,0.593999981880188,0.22630000114440918
YER173W,YLR265C,1,2.5746572,0.2081875503063202,0.5950000286102295,0.22630000114440918
YDR478W,YGR106C,0,2.5744607,0.20811472833156586,0.5950000286102295,0.2264000028371811
YLR045C,YGR218W,0,2.5737476,0.2080419510602951,0.5950000286102295,0.226500004529953
YLL050C,YER106W,0,2.5731862,0.20796924829483032,0.5950000286102295,0.22660000622272491
YDR362C,YMR165C,0,2.5731518,0.20789657533168793,0.5950000286102295,0.22669999301433563
YPL149W,YOL109W,0,2.5731153,0.2078239619731903,0.5950000286102295,0.22679999470710754
YGL206C,YKL034W,0,2.5726037,0.20775139331817627,0.5950000286102295,0.22689999639987946
YDL164C,YBR160W,1,2.572478,0.2080279290676117,0.5960000157356262,0.22689999639987946
YER088C,YLR221C,0,2.5722032,0.20795534551143646,0.5960000157356262,0.22699999809265137
YBR097W,YDR487C,0,2.5720549,0.2078828066587448,0.5960000157356262,0.22709999978542328
YPL206C,YPL258C,0,2.5718133,0.20781032741069794,0.5960000157356262,0.2272000014781952
YBR050C,YKL164C,0,2.5714643,0.20773789286613464,0.5960000157356262,0.2273000031709671
YOR057W,YBL057C,0,2.5711393,0.20766550302505493,0.5960000157356262,0.227400004863739
YDL067C,YDR228C,0,2.570401,0.20759317278862,0.5960000157356262,0.22750000655651093
YJR135C,YER051W,0,2.5703998,0.20752088725566864,0.5960000157356262,0.22759999334812164
YPR070W,YLR176C,0,2.5701394,0.20744866132736206,0.5960000157356262,0.22769999504089355
YDL127W,YAL043C,0,2.5700912,0.20737648010253906,0.5960000157356262,0.22779999673366547
YMR142C,YGL227W,0,2.5698607,0.20730434358119965,0.5960000157356262,0.22789999842643738
YJL165C,YLR109W,0,2.5697868,0.207232266664505,0.5960000157356262,0.2280000001192093
YMR080C,YDR013W,0,2.5693636,0.20716023445129395,0.5960000157356262,0.2281000018119812
YOR181W,YMR026C,0,2.569218,0.20708826184272766,0.5960000157356262,0.2282000035047531
YOR384W,YDR456W,0,2.5687015,0.20701631903648376,0.5960000157356262,0.22830000519752502
YPL051W,YDL085W,0,2.568423,0.20694445073604584,0.5960000157356262,0.22840000689029694
YPL060W,YMR314W,0,2.5684016,0.2068726122379303,0.5960000157356262,0.22849999368190765
YER147C,YFL039C,1,2.568297,0.20714780688285828,0.597000002861023,0.22849999368190765
YLR040C,YDR297W,0,2.5681345,0.20707596838474274,0.597000002861023,0.22859999537467957
YPL091W,YNL331C,0,2.5674682,0.20700415968894958,0.597000002861023,0.22869999706745148
YJR121W,YPR192W,0,2.5673344,0.2069324105978012,0.597000002861023,0.2287999987602234
YPL106C,YJR135C,0,2.5671656,0.2068607062101364,0.597000002861023,0.2289000004529953
YGR006W,YLR014C,0,2.5671127,0.2067890614271164,0.597000002861023,0.2290000021457672
YHR017W,YDR031W,0,2.5665717,0.20671744644641876,0.597000002861023,0.22910000383853912
YAL020C,YKR058W,0,2.5665667,0.2066458910703659,0.597000002861023,0.22920000553131104
YLR433C,YPR019W,0,2.5660288,0.20657439529895782,0.597000002861023,0.22930000722408295
YDR219C,YDL075W,0,2.5654624,0.20650294423103333,0.597000002861023,0.22939999401569366
YLR010C,YIL136W,0,2.5653439,0.2064315378665924,0.597000002861023,0.22949999570846558
YPL258C,YHR136C,0,2.5650733,0.20636017620563507,0.597000002861023,0.2295999974012375
YNL330C,YLR357W,1,2.565056,0.20663441717624664,0.5979999899864197,0.2295999974012375
YIR002C,YJL090C,1,2.5647838,0.2069084644317627,0.5989999771118164,0.2295999974012375
YOR037W,YPL103C,0,2.5646393,0.2068370133638382,0.5989999771118164,0.2296999990940094
YCR098C,YDR044W,0,2.5644252,0.20676562190055847,0.5989999771118164,0.2298000007867813
YML113W,YDR511W,0,2.56432,0.20669427514076233,0.5989999771118164,0.22990000247955322
YMR006C,YKR009C,0,2.56426,0.20662297308444977,0.5989999771118164,0.23000000417232513
YER112W,YPL202C,0,2.5640872,0.20655173063278198,0.5989999771118164,0.23010000586509705
YDR447C,YJL101C,0,2.5634758,0.20648051798343658,0.5989999771118164,0.23019999265670776
YCL069W,YGR262C,0,2.5633729,0.20640937983989716,0.5989999771118164,0.23029999434947968
YNL098C,YPR054W,0,2.5633183,0.20633827149868011,0.5989999771118164,0.2303999960422516
YJR110W,YOR057W,0,2.563153,0.20626722276210785,0.5989999771118164,0.2304999977350235
YLR074C,YHR086W,0,2.5630786,0.20619621872901917,0.5989999771118164,0.2305999994277954
YLR188W,YNR070W,0,2.562722,0.20612525939941406,0.5989999771118164,0.23070000112056732
YER029C,YDR166C,0,2.5617638,0.20605434477329254,0.5989999771118164,0.23080000281333923
YKL135C,YJL109C,0,2.5617502,0.2059834897518158,0.5989999771118164,0.23090000450611115
YDR283C,YKL059C,0,2.5608199,0.20591267943382263,0.5989999771118164,0.23100000619888306
YPL096C-A,YNR041C,0,2.560415,0.20584192872047424,0.5989999771118164,0.23109999299049377
YDR013W,YKR105C,0,2.5602603,0.20577120780944824,0.5989999771118164,0.23119999468326569
YHR025W,YCL061C,0,2.5600069,0.20570054650306702,0.5989999771118164,0.2312999963760376
YHR028C,YJL072C,0,2.5599463,0.20562992990016937,0.5989999771118164,0.2313999980688095
YDR117C,YOR014W,0,2.5594606,0.2055593729019165,0.5989999771118164,0.23149999976158142
YGL021W,YML125C,0,2.558993,0.20548884570598602,0.5989999771118164,0.23160000145435333
YFR008W,YMR071C,0,2.5587862,0.20541837811470032,0.5989999771118164,0.23170000314712524
YOL138C,YDR379W,0,2.558706,0.2053479552268982,0.5989999771118164,0.23180000483989716
YBR033W,YPR019W,0,2.5586352,0.20527759194374084,0.5989999771118164,0.23190000653266907
YML015C,YER161C,0,2.5585086,0.20520725846290588,0.5989999771118164,0.23199999332427979
YLR373C,YHR207C,0,2.5580866,0.2051369845867157,0.5989999771118164,0.2320999950170517
YER120W,YNR070W,0,2.5580807,0.2050667554140091,0.5989999771118164,0.2321999967098236
YAL043C,YAR018C,0,2.5577013,0.20499657094478607,0.5989999771118164,0.23229999840259552
YDR011W,YAL058W,0,2.5572379,0.20492644608020782,0.5989999771118164,0.23240000009536743
YFR008W,YPL038W,0,2.5565052,0.20485636591911316,0.5989999771118164,0.23250000178813934
YJL080C,YEL002C,0,2.5564578,0.20478633046150208,0.5989999771118164,0.23260000348091125
YAL043C,YBR214W,0,2.5564284,0.20471633970737457,0.5989999771118164,0.23270000517368317
YOR175C,YDR420W,0,2.5562387,0.20464639365673065,0.5989999771118164,0.23280000686645508
YEL013W,YJR097W,0,2.555641,0.2045765072107315,0.5989999771118164,0.2328999936580658
YDR096W,YCL031C,0,2.554529,0.20450665056705475,0.5989999771118164,0.2329999953508377
YLR204W,YPR073C,0,2.5543973,0.20443685352802277,0.5989999771118164,0.23309999704360962
YNL330C,YIR002C,1,2.5542338,0.2047082930803299,0.6000000238418579,0.23309999704360962
YIL093C,YCR098C,0,2.5540626,0.20463846623897552,0.6000000238418579,0.23319999873638153
YHR215W,YLR099C,0,2.5539591,0.20456869900226593,0.6000000238418579,0.23330000042915344
YEL038W,YKR090W,0,2.553786,0.20449897646903992,0.6000000238418579,0.23340000212192535
YJL129C,YEL059C-A,0,2.5536602,0.20442929863929749,0.6000000238418579,0.23350000381469727
YDR347W,YDR219C,0,2.5532572,0.20435968041419983,0.6000000238418579,0.23360000550746918
YML116W,YPR108W,0,2.5531862,0.20429009199142456,0.6000000238418579,0.2337000072002411
YPL096C-A,YDL205C,0,2.5531437,0.20422056317329407,0.6000000238418579,0.2337999939918518
YPR005C,YPR070W,0,2.552589,0.20415107905864716,0.6000000238418579,0.23389999568462372
YLR373C,YGR218W,0,2.5523188,0.20408163964748383,0.6000000238418579,0.23399999737739563
YIL101C,YPL155C,0,2.5523098,0.20401224493980408,0.6000000238418579,0.23409999907016754
YFL047W,YBL061C,0,2.5522254,0.2039428949356079,0.6000000238418579,0.23420000076293945
YIL150C,YDR388W,0,2.5518708,0.20387360453605652,0.6000000238418579,0.23430000245571136
YHR052W,YLR327C,0,2.5513632,0.20380434393882751,0.6000000238418579,0.23440000414848328
YGL232W,YGR292W,0,2.55114,0.2037351429462433,0.6000000238418579,0.2345000058412552
YER147C,YLR265C,1,2.551096,0.2040054351091385,0.6010000109672546,0.2345000058412552
YGR002C,YOR346W,1,2.550815,0.20427553355693817,0.6019999980926514,0.2345000058412552
YDL130W,YPR081C,0,2.55054,0.20420624315738678,0.6019999980926514,0.2345999926328659
YNR008W,YGR101W,0,2.5505211,0.20413699746131897,0.6019999980926514,0.23469999432563782
YOL133W,YMR163C,0,2.5504012,0.20406779646873474,0.6019999980926514,0.23479999601840973
YGL249W,YNL135C,0,2.5501807,0.2039986401796341,0.6019999980926514,0.23489999771118164
YJL101C,YLR186W,0,2.5497925,0.20392954349517822,0.6019999980926514,0.23499999940395355
YLL009C,YLR045C,0,2.5489943,0.20386047661304474,0.6019999980926514,0.23510000109672546
YDL185W,YPR032W,0,2.5476642,0.20379146933555603,0.6019999980926514,0.23520000278949738
YER147C,YOR346W,1,2.5470073,0.20406091213226318,0.6029999852180481,0.23520000278949738
YMR224C,YLR357W,1,2.5469968,0.204330176115036,0.6039999723434448,0.23520000278949738
YJL153C,YPL033C,0,2.5461683,0.20426107943058014,0.6039999723434448,0.2353000044822693
YMR198W,YCL047C,0,2.5461042,0.20419202744960785,0.6039999723434448,0.2354000061750412
YJR134C,YER180C,0,2.5460422,0.20412302017211914,0.6039999723434448,0.23549999296665192
YKR014C,YBR267W,0,2.5456848,0.204054057598114,0.6039999723434448,0.23559999465942383
YMR139W,YMR026C,0,2.5456822,0.20398513972759247,0.6039999723434448,0.23569999635219574
YNL001W,YGR006W,0,2.5453963,0.2039162665605545,0.6039999723434448,0.23579999804496765
YPL121C,YER147C,1,2.5449498,0.20418494939804077,0.6050000190734863,0.23579999804496765
YGR029W,YJR134C,0,2.5446584,0.2041160613298416,0.6050000190734863,0.23589999973773956
YGR124W,YER112W,0,2.5446537,0.20404721796512604,0.6050000190734863,0.23600000143051147
YEL065W,YPL074W,0,2.544459,0.20397841930389404,0.6050000190734863,0.2361000031232834
YDR466W,YJR160C,0,2.5442643,0.20390968024730682,0.6050000190734863,0.2362000048160553
YER027C,YKL010C,0,2.5431929,0.203840970993042,0.6050000190734863,0.2363000065088272
YER111C,YOR014W,0,2.543121,0.20377232134342194,0.6050000190734863,0.23639999330043793
YBR036C,YPR132W,0,2.5430272,0.20370370149612427,0.6050000190734863,0.23649999499320984
YKL034W,YMR204C,0,2.5429726,0.20363514125347137,0.6050000190734863,0.23659999668598175
YDL120W,YNR047W,0,2.5428197,0.20356662571430206,0.6050000190734863,0.23669999837875366
YOL065C,YPL090C,0,2.5426514,0.20349815487861633,0.6050000190734863,0.23680000007152557
YDL190C,YEL017C-A,0,2.5425918,0.20342972874641418,0.6050000190734863,0.23690000176429749
YHL047C,YLR099C,0,2.5421004,0.20336134731769562,0.6050000190734863,0.2370000034570694
YOL100W,YDR158W,0,2.5419822,0.20329301059246063,0.6050000190734863,0.2371000051498413
YBR041W,YPL195W,0,2.541903,0.20322471857070923,0.6050000190734863,0.23720000684261322
YGL205W,YPL090C,0,2.541826,0.2031564861536026,0.6050000190734863,0.23729999363422394
YPL194W,YCR092C,1,2.5417948,0.20342396199703217,0.6060000061988831,0.23729999363422394
YBR087W,YER147C,1,2.5417807,0.2036912739276886,0.6069999933242798,0.23729999363422394
YNL218W,YAR007C,1,2.5414455,0.2039584070444107,0.6079999804496765,0.23729999363422394
YDR248C,YDR447C,0,2.5413747,0.20389001071453094,0.6079999804496765,0.23739999532699585
YDL030W,YGR189C,0,2.5410311,0.20382165908813477,0.6079999804496765,0.23749999701976776
YDL033C,YPL157W,0,2.5401452,0.20375335216522217,0.6079999804496765,0.23759999871253967
YMR128W,YMR094W,0,2.539538,0.20368508994579315,0.6079999804496765,0.23770000040531158
YER029C,YDL080C,0,2.5390275,0.20361687242984772,0.6079999804496765,0.2378000020980835
YAL013W,YHR070W,0,2.5388458,0.20354871451854706,0.6079999804496765,0.2379000037908554
YIL150C,YBR041W,0,2.538544,0.2034805864095688,0.6079999804496765,0.23800000548362732
YDL231C,YJR065C,0,2.538464,0.2034125179052353,0.6079999804496765,0.23810000717639923
YML005W,YKL028W,0,2.5380585,0.20334447920322418,0.6079999804496765,0.23819999396800995
YKR094C,YLR427W,1,2.5371425,0.2036108374595642,0.609000027179718,0.23819999396800995
YDL166C,YGL249W,0,2.537036,0.2035427838563919,0.609000027179718,0.23829999566078186
YBL017C,YJL065C,0,2.5362122,0.20347477495670319,0.609000027179718,0.23839999735355377
YOR257W,YJR059W,0,2.5360868,0.20340681076049805,0.609000027179718,0.23849999904632568
YHR027C,YOL123W,0,2.5358603,0.2033388912677765,0.609000027179718,0.2386000007390976
YHR153C,YDR421W,0,2.5357845,0.2032710313796997,0.609000027179718,0.2387000024318695
YOL065C,YNL322C,0,2.5356817,0.2032032012939453,0.609000027179718,0.23880000412464142
YHL040C,YLR204W,0,2.5356247,0.2031354308128357,0.609000027179718,0.23890000581741333
YFR041C,YDR228C,0,2.5351,0.20306769013404846,0.609000027179718,0.23899999260902405
YDL056W,YOR211C,0,2.5343997,0.2029999941587448,0.609000027179718,0.23909999430179596
YBL069W,YBL055C,0,2.5342305,0.20293235778808594,0.609000027179718,0.23919999599456787
YEL017C-A,YMR150C,0,2.53381,0.20286475121974945,0.609000027179718,0.23929999768733978
YGL223C,YAL010C,0,2.5337708,0.20279720425605774,0.609000027179718,0.2393999993801117
YDR466W,YPR021C,0,2.5336037,0.20272968709468842,0.609000027179718,0.2395000010728836
YLR045C,YLR176C,0,2.5332408,0.20266222953796387,0.609000027179718,0.23960000276565552
YGL205W,YPL174C,0,2.533185,0.2025948166847229,0.609000027179718,0.23970000445842743
YBR092C,YEL016C,0,2.53318,0.20252743363380432,0.609000027179718,0.23980000615119934
YPL017C,YBL082C,0,2.5325327,0.20246011018753052,0.609000027179718,0.23989999294281006
YDR313C,YDR103W,0,2.5323098,0.2023928165435791,0.609000027179718,0.23999999463558197
YLR286C,YPL095C,0,2.5322258,0.20232558250427246,0.609000027179718,0.24009999632835388
YNL311C,YGR158C,0,2.5320911,0.2022583931684494,0.609000027179718,0.2401999980211258
YNR020C,YDR054C,0,2.530567,0.20219123363494873,0.609000027179718,0.2402999997138977
YKL135C,YMR012W,0,2.530065,0.20212413370609283,0.609000027179718,0.24040000140666962
YJL165C,YGL211W,0,2.529782,0.20205706357955933,0.609000027179718,0.24050000309944153
YDR478W,YNR047W,0,2.529671,0.2019900530576706,0.609000027179718,0.24060000479221344
YJR066W,YMR289W,0,2.5295608,0.20192307233810425,0.609000027179718,0.24070000648498535
YMR128W,YJL008C,0,2.529495,0.20185615122318268,0.609000027179718,0.24079999327659607
YOR151C,YIL084C,0,2.5293953,0.2017892599105835,0.609000027179718,0.24089999496936798
YDR529C,YDR103W,0,2.5288107,0.2017224282026291,0.609000027179718,0.2409999966621399
YOR228C,YOL077C,0,2.528294,0.20165562629699707,0.609000027179718,0.2410999983549118
YGL135W,YKL178C,0,2.5282586,0.20158888399600983,0.609000027179718,0.24120000004768372
YDR224C,YML095C,1,2.5281518,0.20185308158397675,0.6100000143051147,0.24120000004768372
YLR008C,YJL065C,0,2.5280197,0.20178630948066711,0.6100000143051147,0.24130000174045563
YPL121C,YOR290C,1,2.5275447,0.20205026865005493,0.6110000014305115,0.24130000174045563
YDR341C,YFR008W,0,2.5274804,0.2019834667444229,0.6110000014305115,0.24140000343322754
YHR206W,YMR289W,0,2.5274336,0.20191672444343567,0.6110000014305115,0.24150000512599945
YER110C,YJR126C,0,2.5271645,0.2018500119447708,0.6110000014305115,0.24160000681877136
YDL164C,YDR288W,1,2.526828,0.20211361348628998,0.6119999885559082,0.24160000681877136
YLR418C,YLR078C,0,2.5268044,0.20204688608646393,0.6119999885559082,0.24169999361038208
YLL013C,YJL019W,0,2.5267637,0.20198020339012146,0.6119999885559082,0.241799995303154
YOR386W,YHR099W,1,2.526352,0.20224347710609436,0.6129999756813049,0.241799995303154
YNR027W,YJR013W,0,2.5261745,0.2021767795085907,0.6129999756813049,0.2418999969959259
YGR086C,YML009C,0,2.5260239,0.20211012661457062,0.6129999756813049,0.24199999868869781
YJL219W,YOR069W,0,2.5259411,0.20204350352287292,0.6129999756813049,0.24210000038146973
YER095W,YOR346W,1,2.5259073,0.20230641961097717,0.6140000224113464,0.24210000038146973
YBR289W,YOR346W,1,2.5258412,0.2025691717863083,0.6150000095367432,0.24210000038146973
YJL052W,YIR023W,0,2.525832,0.20250247418880463,0.6150000095367432,0.24220000207424164
YBR050C,YBR251W,0,2.5257952,0.20243580639362335,0.6150000095367432,0.24230000376701355
YBL088C,YPL121C,1,2.5257447,0.2026982605457306,0.6159999966621399,0.24230000376701355
YML115C,YDR320C,0,2.5235136,0.20263157784938812,0.6159999966621399,0.24240000545978546
YBR160W,YOR386W,1,2.523408,0.20289377868175507,0.6169999837875366,0.24240000545978546
YDL115C,YGL123W,0,2.5233097,0.2028270810842514,0.6169999837875366,0.24250000715255737
YLR127C,YMR223W,0,2.5232964,0.20276042819023132,0.6169999837875366,0.2425999939441681
YBR050C,YNR043W,0,2.5231774,0.20269381999969482,0.6169999837875366,0.24269999563694
YIL027C,YIR006C,0,2.5225995,0.2026272565126419,0.6169999837875366,0.24279999732971191
YOR066W,YJL065C,0,2.5224466,0.20256073772907257,0.6169999837875366,0.24289999902248383
YCR009C,YLR188W,0,2.5223773,0.20249426364898682,0.6169999837875366,0.24300000071525574
YDL120W,YBR040W,0,2.5221436,0.20242781937122345,0.6169999837875366,0.24310000240802765
YOR167C,YLR098C,0,2.521766,0.20236143469810486,0.6169999837875366,0.24320000410079956
YER029C,YIR015W,0,2.521697,0.20229507982730865,0.6169999837875366,0.24330000579357147
YLR381W,YPL154C,0,2.521396,0.20222878456115723,0.6169999837875366,0.2433999925851822
YMR100W,YOR233W,0,2.5213447,0.20216251909732819,0.6169999837875366,0.2434999942779541
YGL090W,YDL200C,1,2.521004,0.2024238407611847,0.6179999709129333,0.2434999942779541
YMR289W,YPL143W,0,2.5206554,0.20235756039619446,0.6179999709129333,0.243599995970726
YGL128C,YER133W,0,2.5203915,0.2022913247346878,0.6179999709129333,0.24369999766349792
YDR466W,YLR318W,0,2.520303,0.20222513377666473,0.6179999709129333,0.24379999935626984
YKL034W,YBL090W,0,2.5201638,0.20215897262096405,0.6179999709129333,0.24390000104904175
YHR207C,YER112W,0,2.519619,0.20209287106990814,0.6179999709129333,0.24400000274181366
YGR008C,YJL025W,0,2.5196133,0.20202679932117462,0.6179999709129333,0.24410000443458557
YDR121W,YNL136W,1,2.5190287,0.20228758454322815,0.6190000176429749,0.24410000443458557
YNL292W,YJL129C,0,2.5186381,0.20222149789333344,0.6190000176429749,0.24420000612735748
YGL090W,YER173W,1,2.5182624,0.20248204469680786,0.6200000047683716,0.24420000612735748
YER027C,YNR070W,0,2.5177252,0.20241592824459076,0.6200000047683716,0.2442999929189682
YPL195W,YDR390C,0,2.5175624,0.20234987139701843,0.6200000047683716,0.2443999946117401
YJR013W,YLR014C,0,2.5174077,0.2022838443517685,0.6200000047683716,0.24449999630451202
YGR006W,YMR165C,0,2.5171897,0.20221787691116333,0.6200000047683716,0.24459999799728394
YBL060W,YPL202C,0,2.5170767,0.20215193927288055,0.6200000047683716,0.24469999969005585
YDR071C,YDL006W,0,2.516793,0.20208604633808136,0.6200000047683716,0.24480000138282776
YOL149W,YDR252W,0,2.5166934,0.20202019810676575,0.6200000047683716,0.24490000307559967
YOR043W,YGR014W,0,2.515706,0.20195439457893372,0.6200000047683716,0.24500000476837158
YML027W,YLR109W,0,2.5156186,0.20188863575458527,0.6200000047683716,0.2451000064611435
YDR251W,YGR014W,0,2.5155275,0.2018229216337204,0.6200000047683716,0.2451999932527542
YPR156C,YFL041W,0,2.5154302,0.20175723731517792,0.6200000047683716,0.24529999494552612
YJL090C,YPL153C,1,2.5152845,0.2020169198513031,0.6209999918937683,0.24529999494552612
YKR038C,YGL059W,0,2.5151956,0.20195122063159943,0.6209999918937683,0.24539999663829803
YDL143W,YML115C,0,2.515182,0.20188556611537933,0.6209999918937683,0.24549999833106995
YDL007W,YLR287C-A,0,2.5151708,0.20181995630264282,0.6209999918937683,0.24560000002384186
YDR283C,YOR061W,0,2.5149658,0.2017543911933899,0.6209999918937683,0.24570000171661377
YKL179C,YFL044C,0,2.5148742,0.20168885588645935,0.6209999918937683,0.24580000340938568
YHR076W,YCL066W,0,2.5147746,0.20162338018417358,0.6209999918937683,0.2459000051021576
YDR330W,YAL025C,0,2.5147324,0.2015579342842102,0.6209999918937683,0.2460000067949295
YDR501W,YDR093W,0,2.5146377,0.2014925330877304,0.6209999918937683,0.24609999358654022
YDR247W,YNL189W,0,2.5144823,0.2014271765947342,0.6209999918937683,0.24619999527931213
YBL088C,YIL126W,1,2.5144305,0.20168612897396088,0.621999979019165,0.24619999527931213
YOL139C,YER020W,0,2.5141234,0.20162074267864227,0.621999979019165,0.24629999697208405
YFL047W,YLR100W,0,2.513996,0.20155541598796844,0.621999979019165,0.24639999866485596
YOR217W,YPL204W,1,2.5131922,0.20181405544281006,0.6230000257492065,0.24639999866485596
YER056C-A,YLR207W,0,2.5120602,0.20174869894981384,0.6230000257492065,0.24650000035762787
YER083C,YLR318W,0,2.511842,0.2016833871603012,0.6230000257492065,0.24660000205039978
YAL041W,YCR081W,0,2.5113842,0.20161812007427216,0.6230000257492065,0.2467000037431717
YAR015W,YHL019C,0,2.5112886,0.20155289769172668,0.6230000257492065,0.2468000054359436
YGL210W,YML048W,0,2.5112343,0.2014877051115036,0.6230000257492065,0.24690000712871552
YGR106C,YNL244C,0,2.5112164,0.2014225721359253,0.6230000257492065,0.24699999392032623
YPL111W,YLR186W,0,2.51118,0.20135746896266937,0.6230000257492065,0.24709999561309814
YHL040C,YEL013W,0,2.5111635,0.20129241049289703,0.6230000257492065,0.24719999730587006
YDR265W,YBL074C,0,2.511017,0.20122739672660828,0.6230000257492065,0.24729999899864197
YGL191W,YPR070W,0,2.5108774,0.2011624127626419,0.6230000257492065,0.24740000069141388
YBR198C,YBR297W,0,2.5107267,0.2010974884033203,0.6230000257492065,0.2475000023841858
YIR037W,YDR447C,0,2.510671,0.2010325938463211,0.6230000257492065,0.2476000040769577
YAL041W,YHR117W,0,2.5106165,0.20096774399280548,0.6230000257492065,0.24770000576972961
YML027W,YPL189C-A,0,2.510351,0.20090293884277344,0.6230000257492065,0.24779999256134033
YMR289W,YPL195W,0,2.5102987,0.20083816349506378,0.6230000257492065,0.24789999425411224
YIL051C,YPL214C,0,2.5096066,0.2007734477519989,0.6230000257492065,0.24799999594688416
YBL064C,YMR306W,0,2.509576,0.2007087618112564,0.6230000257492065,0.24809999763965607
YKL011C,YEL017C-A,0,2.509547,0.2006441205739975,0.6230000257492065,0.24819999933242798
YNR027W,YGL095C,0,2.5093937,0.20057952404022217,0.6230000257492065,0.2483000010251999
YBL088C,YPL153C,1,2.5091937,0.20083682239055634,0.6240000128746033,0.2483000010251999
YDR012W,YDR356W,0,2.5091245,0.20077219605445862,0.6240000128746033,0.2484000027179718
YDR096W,YGL147C,0,2.508999,0.20070762932300568,0.6240000128746033,0.2485000044107437
YEL021W,YCR010C,0,2.5089672,0.20064309239387512,0.6240000128746033,0.24860000610351562
YAR007C,YOR217W,1,2.5088153,0.20090003311634064,0.625,0.24860000610351562
YDR069C,YER012W,0,2.5088038,0.2008354812860489,0.625,0.24869999289512634
YGR223C,YEL017C-A,0,2.508402,0.20077095925807953,0.625,0.24879999458789825
YER147C,YJR068W,1,2.5082839,0.20102761685848236,0.6259999871253967,0.24879999458789825
YHR092C,YCL066W,0,2.507932,0.2009630799293518,0.6259999871253967,0.24889999628067017
YAR019C,YDR478W,0,2.506952,0.20089858770370483,0.6259999871253967,0.24899999797344208
YHR092C,YDL141W,0,2.5068011,0.20083414018154144,0.6259999871253967,0.249099999666214
YBR297W,YCR037C,0,2.5062582,0.20076972246170044,0.6259999871253967,0.2492000013589859
YPR108W,YNL012W,0,2.5061657,0.20070534944534302,0.6259999871253967,0.2493000030517578
YPL022W,YBR160W,1,2.5055158,0.20096154510974884,0.6269999742507935,0.2493000030517578
YKL140W,YKR009C,0,2.5046782,0.20089714229106903,0.6269999742507935,0.24940000474452972
YIL138C,YBR185C,0,2.5046318,0.200832799077034,0.6269999742507935,0.24950000643730164
YAR019C,YPR186C,0,2.503971,0.20076848566532135,0.6269999742507935,0.24959999322891235
YGR104C,YGL040C,0,2.5036628,0.20070423185825348,0.6269999742507935,0.24969999492168427
YER113C,YOL149W,0,2.5035372,0.2006399929523468,0.6269999742507935,0.24979999661445618
YFR037C,YOL072W,1,2.5033324,0.20089571177959442,0.628000020980835,0.24979999661445618
YIR006C,YBR283C,0,2.5031934,0.20083147287368774,0.628000020980835,0.2498999983072281
YBL093C,YCR077C,0,2.50282,0.20076726377010345,0.628000020980835,0.25
YER027C,YLR015W,0,2.502625,0.20070309937000275,0.628000020980835,0.2500999867916107
YAR019C,YNL129W,0,2.5020354,0.20063897967338562,0.628000020980835,0.2502000033855438
YPL189C-A,YGR295C,0,2.5018818,0.20057488977909088,0.628000020980835,0.25029999017715454
YDL067C,YNL227C,0,2.501844,0.20051085948944092,0.628000020980835,0.25040000677108765
YAR007C,YIL126W,1,2.5015318,0.20076604187488556,0.6290000081062317,0.25040000677108765
YBR123C,YMR188C,0,2.501217,0.2007019817829132,0.6290000081062317,0.25049999356269836
YJL033W,YCR094W,0,2.5005624,0.20063795149326324,0.6290000081062317,0.25060001015663147
YPL111W,YPL103C,0,2.4996088,0.20057398080825806,0.6290000081062317,0.2506999969482422
YGL168W,YJL025W,0,2.4992104,0.20051003992557526,0.6290000081062317,0.2508000135421753
YDR288W,YOR217W,1,2.4986346,0.20076481997966766,0.6299999952316284,0.2508000135421753
YMR247C,YCL066W,0,2.498575,0.20070086419582367,0.6299999952316284,0.250900000333786
YLR403W,YNL189W,0,2.4981437,0.20063693821430206,0.6299999952316284,0.25099998712539673
YNL331C,YHR064C,0,2.497634,0.20057307183742523,0.6299999952316284,0.25110000371932983
YHR207C,YJR065C,0,2.4975917,0.2005092352628708,0.6299999952316284,0.25119999051094055
YLL062C,YKL028W,0,2.4975207,0.20044542849063873,0.6299999952316284,0.25130000710487366
YNL049C,YCL066W,0,2.4967864,0.20038168132305145,0.6299999952316284,0.2513999938964844
YGR063C,YHR184W,0,2.4967287,0.20031796395778656,0.6299999952316284,0.2515000104904175
YAL003W,YGR075C,0,2.4958336,0.20025429129600525,0.6299999952316284,0.2515999972820282
YER099C,YJL041W,0,2.4957144,0.20019066333770752,0.6299999952316284,0.2517000138759613
YJL019W,YNL189W,0,2.4954717,0.20012706518173218,0.6299999952316284,0.251800000667572
YBR082C,YPL174C,0,2.4946096,0.20006351172924042,0.6299999952316284,0.25189998745918274
YDR253C,YJR160C,0,2.4945118,0.20000000298023224,0.6299999952316284,0.25200000405311584
YPL144W,YJL164C,0,2.4943361,0.19993652403354645,0.6299999952316284,0.25209999084472656
YOR096W,YAL013W,0,2.4938,0.19987308979034424,0.6299999952316284,0.25220000743865967
YMR080C,YBL069W,0,2.4937363,0.1998097002506256,0.6299999952316284,0.2522999942302704
YER068W,YOL007C,0,2.493173,0.19974635541439056,0.6299999952316284,0.2524000108242035
YDL127W,YJL164C,0,2.4927704,0.1996830403804779,0.6299999952316284,0.2524999976158142
YJR158W,YIR015W,0,2.4907782,0.19961977005004883,0.6299999952316284,0.2526000142097473
YJR010C-A,YNR016C,0,2.4904659,0.19955654442310333,0.6299999952316284,0.25270000100135803
YDL141W,YMR109W,0,2.4901297,0.19949334859848022,0.6299999952316284,0.25279998779296875
YBR289W,YKL017C,1,2.490025,0.1997467577457428,0.6309999823570251,0.25279998779296875
YDR312W,YBR175W,0,2.4900143,0.1996835470199585,0.6309999823570251,0.25290000438690186
YKL178C,YER133W,0,2.4890687,0.19962036609649658,0.6309999823570251,0.2529999911785126
YJR066W,YGR241C,0,2.4888687,0.19955724477767944,0.6309999823570251,0.2531000077724457
YJR045C,YBL082C,0,2.488405,0.1994941532611847,0.6309999823570251,0.2531999945640564
YHR181W,YDR330W,0,2.488354,0.19943110644817352,0.6309999823570251,0.2533000111579895
YDR440W,YDR121W,1,2.4881296,0.1996840387582779,0.6320000290870667,0.2533000111579895
YDR511W,YHR017W,0,2.4877145,0.19962097704410553,0.6320000290870667,0.2533999979496002
YDR341C,YLR098C,0,2.4872918,0.19955794513225555,0.6320000290870667,0.2535000145435333
YDL006W,YIL090W,0,2.4870536,0.19949494302272797,0.6320000290870667,0.25360000133514404
YML009C,YNL189W,0,2.486802,0.19943200051784515,0.6320000290870667,0.25369998812675476
YFL039C,YMR224C,1,2.4867463,0.19968454539775848,0.6330000162124634,0.25369998812675476
YMR037C,YNR047W,0,2.486706,0.19962157309055328,0.6330000162124634,0.25380000472068787
YBL060W,YML088W,0,2.4865677,0.19955864548683167,0.6330000162124634,0.2538999915122986
YDR126W,YLR221C,0,2.4858503,0.19949574768543243,0.6330000162124634,0.2540000081062317
YOR278W,YGL003C,0,2.4850793,0.19943289458751678,0.6330000162124634,0.2540999948978424
YDL164C,YML060W,1,2.484983,0.19968503713607788,0.6340000033378601,0.2540999948978424
YJL106W,YDR014W,0,2.484859,0.19962216913700104,0.6340000033378601,0.2542000114917755
YKL135C,YGR218W,0,2.4847658,0.19955933094024658,0.6340000033378601,0.25429999828338623
YGL206C,YBR084W,0,2.484754,0.1994965374469757,0.6340000033378601,0.25440001487731934
YDR253C,YLR120C,0,2.4846392,0.19943378865718842,0.6340000033378601,0.25450000166893005
YMR036C,YKR105C,0,2.4842665,0.1993710696697235,0.6340000033378601,0.25459998846054077
YIL093C,YML042W,0,2.4834466,0.1993083953857422,0.6340000033378601,0.2547000050544739
YLR099C,YML088W,0,2.482923,0.19924575090408325,0.6340000033378601,0.2547999918460846
YJR145C,YJR059W,0,2.482464,0.1991831660270691,0.6340000033378601,0.2549000084400177
YBR087W,YIR002C,1,2.482427,0.19943466782569885,0.6349999904632568,0.2549000084400177
YJL106W,YGL031C,0,2.4822714,0.1993720531463623,0.6349999904632568,0.2549999952316284
YJL165C,YLR287C-A,0,2.482169,0.19930948317050934,0.6349999904632568,0.2551000118255615
YGL040C,YBL020W,0,2.482076,0.19924694299697876,0.6349999904632568,0.25519999861717224
YDL185W,YOR092W,0,2.4819858,0.19918444752693176,0.6349999904632568,0.25529998540878296
YGL119W,YPL269W,0,2.4819667,0.19912198185920715,0.6349999904632568,0.25540000200271606
YJL221C,YBR040W,0,2.481525,0.19905956089496613,0.6349999904632568,0.2554999887943268
YDR265W,YML124C,0,2.4810834,0.19899718463420868,0.6349999904632568,0.2556000053882599
YLR427W,YOR346W,1,2.480944,0.19924812018871307,0.6359999775886536,0.2556000053882599
YOL067C,YPL202C,0,2.48092,0.19918571412563324,0.6359999775886536,0.2556999921798706
YBR245C,YOL149W,0,2.4806864,0.199123352766037,0.6359999775886536,0.2558000087738037
YNL049C,YDR420W,0,2.480427,0.19906103610992432,0.6359999775886536,0.25589999556541443
YMR086W,YPL220W,0,2.480121,0.19899874925613403,0.6359999775886536,0.25600001215934753
YDR356W,YBR030W,0,2.4800599,0.19893650710582733,0.6359999775886536,0.25609999895095825
YML113W,YBL074C,0,2.4800518,0.19887429475784302,0.6359999775886536,0.25619998574256897
YOR346W,YML095C,1,2.4795196,0.19912472367286682,0.6370000243186951,0.25619998574256897
YJL102W,YBR035C,0,2.479151,0.1990624964237213,0.6370000243186951,0.2563000023365021
YDR315C,YBL055C,0,2.479089,0.1990003138780594,0.6370000243186951,0.2563999891281128
YDR495C,YPL085W,0,2.4787989,0.19893816113471985,0.6370000243186951,0.2565000057220459
YLR078C,YOL109W,0,2.4785585,0.1988760530948639,0.6370000243186951,0.2565999925136566
YBR241C,YGR061C,0,2.4781506,0.19881398975849152,0.6370000243186951,0.2567000091075897
YJR013W,YPR192W,0,2.4781044,0.19875195622444153,0.6370000243186951,0.25679999589920044
YJL072C,YNL242W,0,2.4780746,0.19868995249271393,0.6370000243186951,0.25690001249313354
YNL306W,YDL008W,0,2.4780247,0.1986280083656311,0.6370000243186951,0.25699999928474426
YJL090C,YLR357W,1,2.4778244,0.19887781143188477,0.6380000114440918,0.25699999928474426
YHR105W,YDR071C,0,2.477746,0.19881583750247955,0.6380000114440918,0.257099986076355
YGL137W,YMR109W,0,2.47773,0.19875389337539673,0.6380000114440918,0.2572000026702881
YNL158W,YNR016C,0,2.4774973,0.19869199395179749,0.6380000114440918,0.2572999894618988
YMR264W,YER161C,0,2.477341,0.19863013923168182,0.6380000114440918,0.2574000060558319
YBR160W,YOR244W,1,2.4766283,0.19887955486774445,0.6389999985694885,0.2574000060558319
YOL071W,YLR221C,0,2.476595,0.1988176703453064,0.6389999985694885,0.2574999928474426
YIL093C,YDR116C,0,2.4765844,0.19875583052635193,0.6389999985694885,0.25760000944137573
YNL149C,YLR079W,0,2.4761264,0.19869403541088104,0.6389999985694885,0.25769999623298645
YBR058C,YDR322W,0,2.4760063,0.19863227009773254,0.6389999985694885,0.25780001282691956
YBL017C,YHR184W,0,2.4754698,0.19857053458690643,0.6389999985694885,0.2578999996185303
YDR121W,YAR007C,1,2.4752758,0.19881950318813324,0.6399999856948853,0.2578999996185303
YBR286W,YLR172C,0,2.4752407,0.19875776767730713,0.6399999856948853,0.257999986410141
YMR080C,YDR071C,0,2.4750855,0.1986960619688034,0.6399999856948853,0.2581000030040741
YBL021C,YGR116W,0,2.474998,0.19863438606262207,0.6399999856948853,0.2581999897956848
YBR291C,YPL060W,0,2.4748337,0.19857275485992432,0.6399999856948853,0.2583000063896179
YBL037W,YPR081C,0,2.4742255,0.19851116836071014,0.6399999856948853,0.25839999318122864
YMR264W,YOR150W,0,2.4740827,0.19844961166381836,0.6399999856948853,0.25850000977516174
YGR002C,YHR099W,1,2.473888,0.19869807362556458,0.640999972820282,0.25850000977516174
YML015C,YNL166C,0,2.473553,0.1986365020275116,0.640999972820282,0.25859999656677246
YFR008W,YAL003W,0,2.4734888,0.1985749751329422,0.640999972820282,0.25870001316070557
YHL019C,YGL178W,0,2.472767,0.1985134780406952,0.640999972820282,0.2587999999523163
YNL301C,YDL065C,0,2.4725602,0.19845201075077057,0.640999972820282,0.258899986743927
YLR170C,YCR039C,0,2.4725018,0.19839058816432953,0.640999972820282,0.2590000033378601
YGL168W,YHR044C,0,2.4722786,0.19832921028137207,0.640999972820282,0.2590999901294708
YNL331C,YHR117W,0,2.4721653,0.198267862200737,0.640999972820282,0.25920000672340393
YKR030W,YMR165C,0,2.4721406,0.1982065588235855,0.640999972820282,0.25929999351501465
YER029C,YOR080W,0,2.4718974,0.1981452852487564,0.640999972820282,0.25940001010894775
YBL088C,YNL136W,1,2.4714615,0.1983930766582489,0.6420000195503235,0.25940001010894775
YKL089W,YDL190C,0,2.4714324,0.1983317881822586,0.6420000195503235,0.25949999690055847
YBR237W,YDL115C,0,2.4713068,0.1982705444097519,0.6420000195503235,0.2596000134944916
YNR007C,YDR116C,0,2.471281,0.19820933043956757,0.6420000195503235,0.2597000002861023
YDR532C,YHR092C,0,2.4710867,0.19814814627170563,0.6420000195503235,0.259799987077713
YGR188C,YOR374W,0,2.4708493,0.19808700680732727,0.6420000195503235,0.2599000036716461
YGR002C,YJR068W,1,2.470506,0.19833436608314514,0.6430000066757202,0.2599000036716461
YDR376W,YDR177W,0,2.4700508,0.1982731968164444,0.6430000066757202,0.25999999046325684
YIL171W,YIR015W,0,2.469845,0.19821208715438843,0.6430000066757202,0.26010000705718994
YNL158W,YDR320C,0,2.4698334,0.19815100729465485,0.6430000066757202,0.26019999384880066
YPL269W,YER112W,0,2.46967,0.19808995723724365,0.6430000066757202,0.26030001044273376
YLR139C,YOR326W,0,2.4696307,0.19802895188331604,0.6430000066757202,0.2603999972343445
YLL038C,YBR122C,0,2.4696229,0.19796797633171082,0.6430000066757202,0.2605000138282776
YDL166C,YGR009C,0,2.4695716,0.19790704548358917,0.6430000066757202,0.2606000006198883
YNL212W,YHR070W,0,2.4692507,0.1978461593389511,0.6430000066757202,0.260699987411499
YFR037C,YOR244W,1,2.4684203,0.19809289276599884,0.6439999938011169,0.260699987411499
YBR082C,YPL096C-A,0,2.4683988,0.1980319768190384,0.6439999938011169,0.26080000400543213
YGR286C,YIL112W,0,2.4681404,0.19797110557556152,0.6439999938011169,0.26089999079704285
YJR010C-A,YMR026C,0,2.467911,0.19791026413440704,0.6439999938011169,0.26100000739097595
YDL065C,YPL038W,0,2.4678373,0.19784946739673615,0.6439999938011169,0.26109999418258667
YDR121W,YOR290C,1,2.4669354,0.19809582829475403,0.6449999809265137,0.26109999418258667
YDR495C,YPL157W,0,2.4669049,0.19803500175476074,0.6449999809265137,0.2612000107765198
YBR231C,YNL101W,0,2.4668598,0.19797421991825104,0.6449999809265137,0.2612999975681305
YLR448W,YJL108C,0,2.4664423,0.19791346788406372,0.6449999809265137,0.2614000141620636
YOR381W,YGR194C,0,2.4664202,0.19785276055335999,0.6449999809265137,0.2615000009536743
YIL039W,YGR062C,0,2.4660416,0.19779208302497864,0.6449999809265137,0.26159998774528503
YKR090W,YDL192W,0,2.4658036,0.19773145020008087,0.6449999809265137,0.26170000433921814
YLR096W,YOR332W,0,2.465659,0.1976708620786667,0.6449999809265137,0.26179999113082886
YDR032C,YML088W,0,2.46542,0.1976102888584137,0.6449999809265137,0.26190000772476196
YBL064C,YPR041W,0,2.4653685,0.19754977524280548,0.6449999809265137,0.2619999945163727
YNL227C,YIL160C,0,2.464442,0.19748927652835846,0.6449999809265137,0.2621000111103058
YBR092C,YEL050C,0,2.4643066,0.1974288374185562,0.6449999809265137,0.2621999979019165
YGR009C,YPR054W,0,2.4642417,0.19736842811107635,0.6449999809265137,0.2623000144958496
YPL195W,YMR292W,0,2.4641902,0.19730804860591888,0.6449999809265137,0.2624000012874603
YDR326C,YGR194C,0,2.4638917,0.197247713804245,0.6449999809265137,0.26249998807907104
YLR170C,YDL141W,0,2.4637585,0.1971874088048935,0.6449999809265137,0.26260000467300415
YGL210W,YPL154C,0,2.4637015,0.19712713360786438,0.6449999809265137,0.26269999146461487
YNL330C,YMR224C,1,2.4635956,0.1973724365234375,0.6460000276565552,0.26269999146461487
YDL085W,YKL059C,0,2.462125,0.1973121613264084,0.6460000276565552,0.262800008058548
YKL011C,YER113C,0,2.461931,0.19725190103054047,0.6460000276565552,0.2628999948501587
YJR075W,YDR014W,0,2.4614992,0.19719170033931732,0.6460000276565552,0.2630000114440918
YPR118W,YBR207W,0,2.460426,0.19713152945041656,0.6460000276565552,0.2630999982357025
YGR295C,YCR075C,0,2.4604175,0.1970713883638382,0.6460000276565552,0.2632000148296356
YBR175W,YPR186C,0,2.4603977,0.19701127707958221,0.6460000276565552,0.26330000162124634
YLR170C,YHR044C,0,2.4602437,0.196951225399971,0.6460000276565552,0.26339998841285706
YIR015W,YDR116C,0,2.4598548,0.196891188621521,0.6460000276565552,0.26350000500679016
YBL093C,YLR306W,0,2.4595635,0.19683119654655457,0.6460000276565552,0.2635999917984009
YDR486C,YJR126C,0,2.459559,0.19677124917507172,0.6460000276565552,0.263700008392334
YLR142W,YMR233W,0,2.4594922,0.19671133160591125,0.6460000276565552,0.2637999951839447
YNR008W,YGR295C,0,2.4587884,0.19665144383907318,0.6460000276565552,0.2639000117778778
YDR440W,YOR290C,1,2.4586995,0.19689592719078064,0.6470000147819519,0.2639000117778778
YGL059W,YDL184C,0,2.4585888,0.19683602452278137,0.6470000147819519,0.2639999985694885
YPL022W,YDR224C,1,2.458379,0.19708029925823212,0.6480000019073486,0.2639999985694885
YBR001C,YKL010C,0,2.4583519,0.19702036678791046,0.6480000019073486,0.26409998536109924
YBR040W,YER044C,0,2.4579859,0.1969604790210724,0.6480000019073486,0.26420000195503235
YGR076C,YDR368W,0,2.4576344,0.1969006359577179,0.6480000019073486,0.26429998874664307
YOR036W,YPL101W,0,2.4573843,0.1968408226966858,0.6480000019073486,0.26440000534057617
YGR292W,YBR030W,0,2.4572375,0.19678105413913727,0.6480000019073486,0.2644999921321869
YLR090W,YOL018C,0,2.4571743,0.19672131538391113,0.6480000019073486,0.26460000872612
YDR069C,YHR052W,0,2.4568028,0.19666160643100739,0.6480000019073486,0.2646999955177307
YBR176W,YIR009W,0,2.456423,0.19660194218158722,0.6480000019073486,0.2648000121116638
YGL168W,YLR403W,0,2.4562953,0.19654230773448944,0.6480000019073486,0.26489999890327454
YJR076C,YDR197W,0,2.4560347,0.19648271799087524,0.6480000019073486,0.26499998569488525
YOR179C,YIR023W,0,2.4553168,0.19642315804958344,0.6480000019073486,0.26510000228881836
YBR041W,YKR037C,0,2.4552386,0.1963636428117752,0.6480000019073486,0.2651999890804291
YIL034C,YDR507C,0,2.4552326,0.19630415737628937,0.6480000019073486,0.2653000056743622
YOR151C,YDR436W,0,2.4547925,0.19624470174312592,0.6480000019073486,0.2653999924659729
YGR234W,YDR534C,0,2.4546404,0.19618529081344604,0.6480000019073486,0.265500009059906
YJR058C,YDL095W,0,2.4543524,0.19612590968608856,0.6480000019073486,0.2655999958515167
YCR094W,YOL149W,0,2.4542081,0.19606655836105347,0.6480000019073486,0.26570001244544983
YOR080W,YGR061C,0,2.4539797,0.19600726664066315,0.6480000019073486,0.26579999923706055
YIR002C,YOR290C,1,2.453899,0.19625037908554077,0.6489999890327454,0.26579999923706055
YPL106C,YPR005C,0,2.453405,0.19619105756282806,0.6489999890327454,0.26589998602867126
YJL219W,YBR123C,0,2.4533932,0.19613176584243774,0.6489999890327454,0.26600000262260437
YGL213C,YMR056C,0,2.4532096,0.1960725039243698,0.6489999890327454,0.2660999894142151
YPL177C,YKR105C,0,2.4530442,0.19601328670978546,0.6489999890327454,0.2662000060081482
YJL102W,YGR075C,0,2.4518075,0.1959540992975235,0.6489999890327454,0.2662999927997589
YOL117W,YML063W,0,2.4516888,0.19589495658874512,0.6489999890327454,0.266400009393692
YBL088C,YAR007C,1,2.4514446,0.19613759219646454,0.6499999761581421,0.266400009393692
YDL080C,YNL119W,0,2.4510248,0.19607843458652496,0.6499999761581421,0.26649999618530273
YLR357W,YHR099W,1,2.4509895,0.19632086157798767,0.6510000228881836,0.26649999618530273
YJR158W,YFL044C,0,2.450918,0.1962616890668869,0.6510000228881836,0.26660001277923584
YHR101C,YBR213W,0,2.4506466,0.19620253145694733,0.6510000228881836,0.26669999957084656
YBR237W,YOR096W,0,2.4501545,0.19614341855049133,0.6510000228881836,0.2667999863624573
YOL138C,YLR096W,0,2.44921,0.19608433544635773,0.6510000228881836,0.2669000029563904
YGR058W,YLR287C-A,0,2.4489346,0.1960252970457077,0.6510000228881836,0.2669999897480011
YNL306W,YHR070W,0,2.4488962,0.19596628844738007,0.6510000228881836,0.2671000063419342
YDR121W,YML060W,1,2.448703,0.19620823860168457,0.6520000100135803,0.2671000063419342
YJL048C,YAL043C,0,2.4485216,0.19614921510219574,0.6520000100135803,0.2671999931335449
YNL158W,YMR012W,0,2.4482293,0.1960902214050293,0.6520000100135803,0.267300009727478
YPL157W,YNR047W,0,2.4482026,0.19603127241134644,0.6520000100135803,0.26739999651908875
YNR070W,YGR124W,0,2.447836,0.19597235321998596,0.6520000100135803,0.26750001311302185
YER087C-A,YML042W,0,2.4478152,0.19591346383094788,0.6520000100135803,0.26759999990463257
YNL136W,YGL090W,1,2.4477584,0.19615499675273895,0.652999997138977,0.26759999990463257
YML077W,YCR054C,0,2.4476395,0.19609609246253967,0.652999997138977,0.2676999866962433
YBL017C,YOR014W,0,2.4475958,0.19603723287582397,0.652999997138977,0.2678000032901764
YDR086C,YIL101C,0,2.4468908,0.19597838819026947,0.652999997138977,0.2678999900817871
YMR306W,YPR081C,0,2.4468722,0.19591958820819855,0.652999997138977,0.2680000066757202
YFR003C,YOR332W,0,2.446578,0.1958608329296112,0.652999997138977,0.26809999346733093
YML124C,YGR220C,0,2.4465427,0.19580209255218506,0.652999997138977,0.26820001006126404
YDR022C,YMR188C,0,2.4465318,0.1957434117794037,0.652999997138977,0.26829999685287476
YMR080C,YBR299W,0,2.4461434,0.1956847459077835,0.652999997138977,0.26840001344680786
YHR171W,YBR166C,0,2.4459858,0.1956261247396469,0.652999997138977,0.2685000002384186
YMR016C,YML015C,0,2.4458332,0.1955675333738327,0.652999997138977,0.2685999870300293
YKR030W,YLR403W,0,2.4457543,0.19550898671150208,0.652999997138977,0.2687000036239624
YOR201C,YMR100W,0,2.445731,0.19545046985149384,0.652999997138977,0.2687999904155731
YOR290C,YGR002C,1,2.4455774,0.19569119811058044,0.6539999842643738,0.2687999904155731
YBR001C,YIR006C,0,2.4453247,0.195632666349411,0.6539999842643738,0.2689000070095062
YFR032C-A,YGL137W,0,2.444812,0.19557416439056396,0.6539999842643738,0.26899999380111694
YMR098C,YDR231C,0,2.4446843,0.1955156922340393,0.6539999842643738,0.26910001039505005
YGR058W,YNL293W,0,2.4445934,0.19545726478099823,0.6539999842643738,0.26919999718666077
YPL060W,YCR037C,0,2.443811,0.19539886713027954,0.6539999842643738,0.26930001378059387
YJL041W,YMR026C,0,2.4436815,0.19534049928188324,0.6539999842643738,0.2694000005722046
YBL024W,YPL028W,0,2.4435203,0.19528217613697052,0.6539999842643738,0.2694999873638153
YPL194W,YHR081W,1,2.443473,0.19552238285541534,0.6549999713897705,0.2694999873638153
YDR270W,YOR036W,0,2.443035,0.19546404480934143,0.6549999713897705,0.2696000039577484
YBR055C,YGR241C,0,2.442922,0.1954057216644287,0.6549999713897705,0.26969999074935913
YER083C,YJR059W,0,2.442894,0.19534744322299957,0.6549999713897705,0.26980000734329224
YFR003C,YBR040W,0,2.4428036,0.19528920948505402,0.6549999713897705,0.26989999413490295
YDL101C,YLR265C,1,2.4423816,0.1955290585756302,0.656000018119812,0.26989999413490295
YKR009C,YGL155W,0,2.4423754,0.19547079503536224,0.656000018119812,0.27000001072883606
YLR154C,YDR166C,0,2.442266,0.19541257619857788,0.656000018119812,0.2700999975204468
YGR159C,YLR266C,0,2.4419403,0.1953543722629547,0.656000018119812,0.2702000141143799
YHR171W,YOR043W,0,2.4412072,0.19529621303081512,0.656000018119812,0.2703000009059906
YLR459W,YLR097C,0,2.441199,0.19523809850215912,0.656000018119812,0.2703999876976013
YKL089W,YPR036W,0,2.440954,0.1951799988746643,0.656000018119812,0.2705000042915344
YGR086C,YNL268W,0,2.4408357,0.19512194395065308,0.656000018119812,0.27059999108314514
YPL194W,YDR224C,1,2.4407523,0.19536128640174866,0.6570000052452087,0.27059999108314514
YDL060W,YLR306W,0,2.4396696,0.19530321657657623,0.6570000052452087,0.27070000767707825
YIL160C,YHR013C,0,2.4395065,0.1952451765537262,0.6570000052452087,0.27079999446868896
YLR414C,YLR154C,0,2.438259,0.19518716633319855,0.6570000052452087,0.27090001106262207
YPL019C,YNL077W,0,2.4380357,0.19512920081615448,0.6570000052452087,0.2709999978542328
YNL039W,YJR135W-A,0,2.437841,0.1950712651014328,0.6570000052452087,0.2711000144481659
YHR207C,YMR223W,0,2.4376798,0.1950133591890335,0.6570000052452087,0.2712000012397766
YIL125W,YGR200C,0,2.4375284,0.1949554830789566,0.6570000052452087,0.27129998803138733
YDL200C,YIL126W,1,2.4375026,0.1951943039894104,0.6579999923706055,0.27129998803138733
YLR448W,YGR086C,0,2.4374897,0.1951364129781723,0.6579999923706055,0.27140000462532043
YGL173C,YDL115C,0,2.437486,0.19507856667041779,0.6579999923706055,0.27149999141693115
YDL210W,YPL085W,0,2.437363,0.19502075016498566,0.6579999923706055,0.27160000801086426
YDL143W,YGR086C,0,2.437124,0.19496296346187592,0.6579999923706055,0.271699994802475
YJL090C,YML060W,1,2.4368885,0.19520142674446106,0.6589999794960022,0.271699994802475
YKR090W,YPL091W,0,2.4365869,0.19514362514019012,0.6589999794960022,0.2718000113964081
YGL173C,YLL013C,0,2.4361324,0.19508585333824158,0.6589999794960022,0.2718999981880188
YMR289W,YHR136C,0,2.4360662,0.19502811133861542,0.6589999794960022,0.2720000147819519
YKL143W,YDR169C,0,2.435962,0.19497041404247284,0.6589999794960022,0.2721000015735626
YPL177C,YDR436W,0,2.435832,0.19491274654865265,0.6589999794960022,0.27219998836517334
YLL009C,YLR318W,0,2.4355922,0.19485510885715485,0.6589999794960022,0.27230000495910645
YPR156C,YGR223C,0,2.4348967,0.19479751586914062,0.6589999794960022,0.27239999175071716
YGL136C,YPL202C,0,2.4344375,0.1947399526834488,0.6589999794960022,0.27250000834465027
YMR198W,YML124C,0,2.4343033,0.19468241930007935,0.6589999794960022,0.272599995136261
YOL072W,YJR068W,1,2.4338803,0.19492025673389435,0.6600000262260437,0.272599995136261
YNL218W,YDR121W,1,2.4337106,0.1951579600572586,0.6610000133514404,0.272599995136261
YGL173C,YGR223C,0,2.4335482,0.1951003521680832,0.6610000133514404,0.2727000117301941
YDR465C,YDL065C,0,2.4332848,0.19504278898239136,0.6610000133514404,0.2727999985218048
YEL015W,YKL059C,0,2.4322808,0.1949852555990219,0.6610000133514404,0.2728999853134155
YPR048W,YNL166C,0,2.4320428,0.19492775201797485,0.6610000133514404,0.27300000190734863
YJR158W,YGR292W,0,2.4314547,0.19487027823925018,0.6610000133514404,0.27309998869895935
YGR234W,YMR026C,0,2.4313896,0.1948128491640091,0.6610000133514404,0.27320000529289246
YBR176W,YHL016C,0,2.4311454,0.1947554498910904,0.6610000133514404,0.2732999920845032
YIL145C,YML081C-A,0,2.4303093,0.19469808042049408,0.6610000133514404,0.2734000086784363
YER095W,YHR099W,1,2.4299605,0.19493521749973297,0.6620000004768372,0.2734000086784363
YGL249W,YOR326W,0,2.429852,0.19487783312797546,0.6620000004768372,0.273499995470047
YIL027C,YLR381W,0,2.4295633,0.19482047855854034,0.6620000004768372,0.2736000120639801
YJR033C,YBR214W,0,2.4292867,0.1947631686925888,0.6620000004768372,0.2736999988555908
YAR007C,YHR081W,1,2.4290264,0.19499999284744263,0.6629999876022339,0.2736999988555908
YEL015W,YGR006W,0,2.4288945,0.1949426680803299,0.6629999876022339,0.27379998564720154
YKL004W,YDL141W,0,2.428675,0.19488535821437836,0.6629999876022339,0.27390000224113464
YPR048W,YNL098C,0,2.4283357,0.1948280930519104,0.6629999876022339,0.27399998903274536
YNL049C,YPL155C,0,2.4282432,0.19477085769176483,0.6629999876022339,0.27410000562667847
YOR373W,YER110C,0,2.4281647,0.19471365213394165,0.6629999876022339,0.2741999924182892
YJL048C,YOL139C,0,2.4281526,0.19465649127960205,0.6629999876022339,0.2743000090122223
YHL019C,YOR043W,0,2.4280953,0.19459936022758484,0.6629999876022339,0.274399995803833
YDR107C,YKR009C,0,2.4278746,0.19454225897789001,0.6629999876022339,0.2745000123977661
YPR132W,YLR306W,0,2.4278448,0.19448518753051758,0.6629999876022339,0.27459999918937683
YGL168W,YNL188W,0,2.4277995,0.19442814588546753,0.6629999876022339,0.27469998598098755
YLL009C,YPL195W,0,2.4266999,0.19437114894390106,0.6629999876022339,0.27480000257492065
YNL330C,YJR068W,1,2.425886,0.19460727274417877,0.6639999747276306,0.27480000257492065
YPL031C,YER051W,0,2.4258125,0.19455024600028992,0.6639999747276306,0.27489998936653137
YFL039C,YKL017C,1,2.4253945,0.1947861760854721,0.6650000214576721,0.27489998936653137
YOR381W,YKR038C,0,2.424918,0.19472913444042206,0.6650000214576721,0.2750000059604645
YGL136C,YPL157W,0,2.4245765,0.1946721374988556,0.6650000214576721,0.2750999927520752
YER070W,YKL108W,0,2.4244988,0.19461515545845032,0.6650000214576721,0.2752000093460083
YDR536W,YOR211C,0,2.4244752,0.19455821812152863,0.6650000214576721,0.275299996137619
YML077W,YMR152W,0,2.4244068,0.19450131058692932,0.6650000214576721,0.2754000127315521
YBL088C,YPL204W,1,2.4243765,0.19473683834075928,0.6660000085830688,0.2754000127315521
YPL121C,YBR087W,1,2.4241965,0.1949722319841385,0.6669999957084656,0.2754000127315521
YNL166C,YPL074W,0,2.424065,0.19491524994373322,0.6669999957084656,0.27549999952316284
YHR207C,YOR326W,0,2.423742,0.19485831260681152,0.6669999957084656,0.27559998631477356
YDR279W,YNR070W,0,2.4229825,0.19480140507221222,0.6669999957084656,0.27570000290870667
YNR020C,YHL036W,0,2.4224985,0.1947445273399353,0.6669999957084656,0.2757999897003174
YHR207C,YPR070W,0,2.421184,0.19468767940998077,0.6669999957084656,0.2759000062942505
YDL101C,YBR289W,1,2.4205148,0.19492267072200775,0.6679999828338623,0.2759000062942505
YML015C,YDR047W,0,2.4205115,0.19486580789089203,0.6679999828338623,0.2759999930858612
YEL064C,YML124C,0,2.4198115,0.1948089748620987,0.6679999828338623,0.2761000096797943
YJR075W,YIL136W,0,2.419367,0.19475218653678894,0.6679999828338623,0.27619999647140503
YDR466W,YJL106W,0,2.418671,0.19469542801380157,0.6679999828338623,0.27630001306533813
YGL191W,YMR165C,0,2.4186091,0.1946386992931366,0.6679999828338623,0.27639999985694885
YNL330C,YNL218W,1,2.4179628,0.19487328827381134,0.6690000295639038,0.27639999985694885
YHL016C,YHR064C,0,2.4179626,0.19481654465198517,0.6690000295639038,0.27649998664855957
YGR058W,YFR041C,0,2.4175885,0.19475983083248138,0.6690000295639038,0.2766000032424927
YDL080C,YBR058C,0,2.417452,0.1947031468153,0.6690000295639038,0.2766999900341034
YLR090W,YDR036C,0,2.4169528,0.19464649260044098,0.6690000295639038,0.2768000066280365
YMR171C,YER164W,0,2.416481,0.19458988308906555,0.6690000295639038,0.2768999934196472
YER174C,YKR009C,0,2.4158528,0.19453328847885132,0.6690000295639038,0.2770000100135803
YNL291C,YJL008C,0,2.415689,0.19447673857212067,0.6690000295639038,0.27709999680519104
YGL173C,YPL202C,0,2.4154737,0.1944202333688736,0.6690000295639038,0.27720001339912415
YBR286W,YIR012W,0,2.4153032,0.19436374306678772,0.6690000295639038,0.27730000019073486
YGR026W,YGR035C,0,2.4150684,0.19430729746818542,0.6690000295639038,0.2773999869823456
YMR289W,YEL015W,0,2.4149387,0.19425086677074432,0.6690000295639038,0.2775000035762787
YLR373C,YPR041W,0,2.4149034,0.1941944807767868,0.6690000295639038,0.2775999903678894
YBR198C,YJL101C,0,2.4148624,0.19413812458515167,0.6690000295639038,0.2777000069618225
YBR087W,YDR224C,1,2.4147062,0.19437192380428314,0.6700000166893005,0.2777000069618225
YJL073W,YDR088C,0,2.4143999,0.19431553781032562,0.6700000166893005,0.2777999937534332
YIL004C,YGL210W,0,2.4138558,0.19425921142101288,0.6700000166893005,0.27790001034736633
YMR043W,YDR448W,0,2.4134545,0.19420289993286133,0.6700000166893005,0.27799999713897705
YDR465C,YNL289W,0,2.4132373,0.19414661824703217,0.6700000166893005,0.27810001373291016
YOR257W,YMR188C,0,2.41322,0.19409038126468658,0.6700000166893005,0.2782000005245209
YBL103C,YOR381W,0,2.412951,0.1940341740846634,0.6700000166893005,0.2782999873161316
YPL017C,YER106W,0,2.4129496,0.19397799670696259,0.6700000166893005,0.2784000039100647
YLR371W,YDL017W,0,2.4122026,0.19392184913158417,0.6700000166893005,0.2784999907016754
YBL017C,YDR298C,0,2.4111981,0.19386574625968933,0.6700000166893005,0.2786000072956085
YJL072C,YBR297W,0,2.4111257,0.1938096582889557,0.6700000166893005,0.27869999408721924
YDR356W,YGL157W,0,2.4109018,0.19375361502170563,0.6700000166893005,0.27880001068115234
YOR290C,YHR099W,1,2.4096196,0.1939866989850998,0.6710000038146973,0.27880001068115234
YLR098C,YDR169C,0,2.4093246,0.19393064081668854,0.6710000038146973,0.27889999747276306
YNL242W,YOR061W,0,2.409255,0.19387459754943848,0.6710000038146973,0.27900001406669617
YBR264C,YPL258C,0,2.409044,0.193818598985672,0.6710000038146973,0.2791000008583069
YHL004W,YDR380W,0,2.4084609,0.1937626302242279,0.6710000038146973,0.2791999876499176
YDR107C,YMR042W,0,2.4084322,0.1937066912651062,0.6710000038146973,0.2793000042438507
YBL017C,YER030W,0,2.407386,0.19365079700946808,0.6710000038146973,0.2793999910354614
YHR081W,YKL017C,1,2.4071,0.19388343393802643,0.671999990940094,0.2793999910354614
YJR135C,YLR099C,0,2.406819,0.19382750988006592,0.671999990940094,0.27950000762939453
YKL140W,YMR004W,0,2.4066844,0.193771630525589,0.671999990940094,0.27959999442100525
YPL121C,YER173W,1,2.4064133,0.19400402903556824,0.6729999780654907,0.27959999442100525
YPL121C,YPL194W,1,2.4063084,0.19423630833625793,0.6740000247955322,0.27959999442100525
YDL067C,YJR134C,0,2.4060278,0.19418035447597504,0.6740000247955322,0.27970001101493835
YER114C,YDL146W,0,2.4054656,0.19412443041801453,0.6740000247955322,0.2797999978065491
YDR322W,YGR075C,0,2.405179,0.1940685212612152,0.6740000247955322,0.2799000144004822
YDR368W,YCR037C,0,2.4050088,0.19401267170906067,0.6740000247955322,0.2800000011920929
YOR182C,YLR120C,0,2.4049604,0.19395683705806732,0.6740000247955322,0.2800999879837036
YBR198C,YDR247W,0,2.404879,0.19390103220939636,0.6740000247955322,0.2802000045776367
YBR286W,YMR290C,0,2.404359,0.19384527206420898,0.6740000247955322,0.28029999136924744
YCR096C,YKL212W,0,2.4041839,0.1937895268201828,0.6740000247955322,0.28040000796318054
YOR315W,YLR276C,0,2.4040802,0.1937338262796402,0.6740000247955322,0.28049999475479126
YPL206C,YDR130C,0,2.4037807,0.19367815554141998,0.6740000247955322,0.28060001134872437
YMR043W,YDR402C,0,2.4032524,0.19362252950668335,0.6740000247955322,0.2806999981403351
YNR070W,YNL151C,0,2.40325,0.1935669183731079,0.6740000247955322,0.2808000147342682
YGL222C,YCR010C,0,2.403055,0.19351133704185486,0.6740000247955322,0.2809000015258789
YNR050C,YNL158W,0,2.4025075,0.1934558004140854,0.6740000247955322,0.2809999883174896
YBR299W,YER112W,0,2.4019663,0.1934002935886383,0.6740000247955322,0.28110000491142273
YER114C,YNL158W,0,2.4015863,0.19334480166435242,0.6740000247955322,0.28119999170303345
YPR168W,YDL184C,0,2.4015534,0.1932893544435501,0.6740000247955322,0.28130000829696655
YGL232W,YOR389W,0,2.401257,0.19323395192623138,0.6740000247955322,0.28139999508857727
YNL206C,YBR297W,0,2.4009807,0.19317856431007385,0.6740000247955322,0.2815000116825104
YHR017W,YDR320C,0,2.4006555,0.1931232064962387,0.6740000247955322,0.2815999984741211
YKR038C,YOL149W,0,2.4006288,0.19306789338588715,0.6740000247955322,0.2816999852657318
YDR532C,YDR236C,0,2.4006085,0.19301259517669678,0.6740000247955322,0.2818000018596649
YIR002C,YJR068W,1,2.4005377,0.1932436227798462,0.675000011920929,0.2818000018596649
YHR101C,YMR056C,0,2.3998058,0.19318832457065582,0.675000011920929,0.28189998865127563
YOR175C,YNR020C,0,2.3997037,0.19313304126262665,0.675000011920929,0.28200000524520874
YDR036C,YGR188C,0,2.399589,0.19307780265808105,0.675000011920929,0.28209999203681946
YGL232W,YOR150W,0,2.3995578,0.19302259385585785,0.675000011920929,0.28220000863075256
YCR072C,YDR231C,0,2.3994863,0.19296741485595703,0.675000011920929,0.2822999954223633
YGL090W,YOR290C,1,2.3994434,0.1931980550289154,0.6759999990463257,0.2822999954223633
YPR192W,YPL033C,0,2.3991387,0.1931428611278534,0.6759999990463257,0.2824000120162964
YDL067C,YMR184W,0,2.398515,0.19308768212795258,0.6759999990463257,0.2824999988079071
YHL047C,YIL138C,0,2.3985114,0.19303254783153534,0.6759999990463257,0.2825999855995178
YOL031C,YDL017W,0,2.3984249,0.1929774433374405,0.6759999990463257,0.2827000021934509
YGL168W,YBL055C,0,2.3981009,0.19292236864566803,0.6759999990463257,0.28279998898506165
YBL024W,YHR153C,0,2.3978438,0.19286733865737915,0.6759999990463257,0.28290000557899475
YGR086C,YLR207W,0,2.3977692,0.19281232357025146,0.6759999990463257,0.28299999237060547
YNL049C,YKR058W,0,2.3976605,0.19275733828544617,0.6759999990463257,0.2831000089645386
YAL013W,YJL052W,0,2.3973505,0.19270239770412445,0.6759999990463257,0.2831999957561493
YGL003C,YDR044W,0,2.3972697,0.19264747202396393,0.6759999990463257,0.2833000123500824
YBR084W,YIL155C,0,2.396425,0.192592591047287,0.6759999990463257,0.2833999991416931
YBL021C,YCR075C,0,2.3956387,0.19253773987293243,0.6759999990463257,0.28349998593330383
YPR178W,YLR286C,0,2.395551,0.19248291850090027,0.6759999990463257,0.28360000252723694
YDR466W,YNL310C,0,2.3952763,0.1924281269311905,0.6759999990463257,0.28369998931884766
YGL222C,YML009C,0,2.394987,0.1923733651638031,0.6759999990463257,0.28380000591278076
YLR427W,YGL090W,1,2.3945596,0.19260312616825104,0.6769999861717224,0.28380000591278076
YKL173W,YER082C,0,2.3943067,0.19254834949970245,0.6769999861717224,0.2838999927043915
YDR096W,YPL202C,0,2.3943012,0.19249360263347626,0.6769999861717224,0.2840000092983246
YDR219C,YPR118W,0,2.3942935,0.19243888556957245,0.6769999861717224,0.2840999960899353
YFL047W,YNR027W,0,2.3941107,0.19238419830799103,0.6769999861717224,0.2842000126838684
YOR224C,YPR168W,0,2.3937476,0.192329540848732,0.6769999861717224,0.2842999994754791
YPL144W,YER020W,0,2.3931792,0.19227492809295654,0.6769999861717224,0.28439998626708984
YJR065C,YOL080C,0,2.3923,0.19222033023834229,0.6769999861717224,0.28450000286102295
YDR252W,YOR014W,0,2.3922915,0.19216576218605042,0.6769999861717224,0.28459998965263367
YBR087W,YOR346W,1,2.3919995,0.19239500164985657,0.6779999732971191,0.28459998965263367
YDR224C,YGR002C,1,2.3918397,0.19262410700321198,0.6790000200271606,0.28459998965263367
YPL159C,YLR079W,0,2.3914845,0.19256947934627533,0.6790000200271606,0.2847000062465668
YOR070C,YKL028W,0,2.3913543,0.19251488149166107,0.6790000200271606,0.2847999930381775
YLR201C,YNR020C,0,2.391239,0.1924603134393692,0.6790000200271606,0.2849000096321106
YNL311C,YJR059W,0,2.3906431,0.19240577518939972,0.6790000200271606,0.2849999964237213
YJL065C,YDR507C,0,2.3898718,0.19235128164291382,0.6790000200271606,0.2851000130176544
YDR418W,YNR070W,0,2.389551,0.1922968029975891,0.6790000200271606,0.28519999980926514
YAL023C,YNL331C,0,2.3894372,0.1922423541545868,0.6790000200271606,0.28529998660087585
YOR391C,YDR390C,0,2.3894002,0.19218793511390686,0.6790000200271606,0.28540000319480896
YJR143C,YJL056C,0,2.388888,0.1921335607767105,0.6790000200271606,0.2854999899864197
YDR424C,YER096W,0,2.3885305,0.19207920134067535,0.6790000200271606,0.2856000065803528
YGL211W,YAL020C,0,2.388439,0.19202488660812378,0.6790000200271606,0.2856999933719635
YHR207C,YNL091W,0,2.3879526,0.1919706016778946,0.6790000200271606,0.2858000099658966
YBL021C,YCR028C,0,2.3877852,0.1919163316488266,0.6790000200271606,0.2858999967575073
YDR424C,YMR264W,0,2.3876631,0.1918621063232422,0.6790000200271606,0.28600001335144043
YDL164C,YLR265C,1,2.3875887,0.19209039211273193,0.6800000071525574,0.28600001335144043
YHR028C,YML113W,0,2.3875678,0.19203615188598633,0.6800000071525574,0.28610000014305115
YPL149W,YJL109C,0,2.3875353,0.19198192656040192,0.6800000071525574,0.28619998693466187
YDL164C,YIR002C,1,2.3873842,0.19220998883247375,0.6809999942779541,0.28619998693466187
YMR201C,YER147C,1,2.387332,0.19243791699409485,0.6819999814033508,0.28619998693466187
YLR286C,YOR014W,0,2.387302,0.19238363206386566,0.6819999814033508,0.28630000352859497
YHR076W,YIR006C,0,2.3870099,0.19232939183712006,0.6819999814033508,0.2863999903202057
YDR224C,YBR160W,1,2.386872,0.19255709648132324,0.6830000281333923,0.2863999903202057
YNL049C,YCR004C,0,2.3866923,0.19250281155109406,0.6830000281333923,0.2865000069141388
YKL135C,YOR127W,0,2.3865893,0.19244857132434845,0.6830000281333923,0.2865999937057495
YMR016C,YAL013W,0,2.3862934,0.19239436089992523,0.6830000281333923,0.2867000102996826
YER036C,YHR086W,0,2.3861303,0.1923401802778244,0.6830000281333923,0.28679999709129333
YDL200C,YPL204W,1,2.3861105,0.19256757199764252,0.6840000152587891,0.28679999709129333
YDL138W,YIL171W,0,2.386097,0.1925133615732193,0.6840000152587891,0.28690001368522644
YOR066W,YPL111W,0,2.386085,0.19245919585227966,0.6840000152587891,0.28700000047683716
YGR295C,YJR060W,0,2.3860686,0.19240505993366241,0.6840000152587891,0.2870999872684479
YOL100W,YDL060W,0,2.385971,0.19235095381736755,0.6840000152587891,0.287200003862381
YER114C,YAL013W,0,2.3858595,0.19229687750339508,0.6840000152587891,0.2872999906539917
YBL103C,YOR014W,0,2.3857677,0.192242830991745,0.6840000152587891,0.2874000072479248
YBR245C,YDR507C,0,2.3853009,0.1921888142824173,0.6840000152587891,0.2874999940395355
YGR263C,YKL010C,0,2.3852332,0.192134827375412,0.6840000152587891,0.28760001063346863
YGR063C,YKL212W,0,2.3851068,0.19208087027072906,0.6840000152587891,0.28769999742507935
YNL015W,YPR021C,0,2.3847556,0.19202695786952972,0.6840000152587891,0.28780001401901245
YMR297W,YNR022C,0,2.3845093,0.19197306036949158,0.6840000152587891,0.28790000081062317
YMR036C,YDR326C,0,2.3843136,0.19191919267177582,0.6840000152587891,0.2879999876022339
YNL331C,YDL108W,0,2.3842475,0.19186535477638245,0.6840000152587891,0.288100004196167
YAL034W-A,YOR211C,0,2.383913,0.19181154668331146,0.6840000152587891,0.2881999909877777
YNL330C,YDR440W,1,2.383592,0.1920381337404251,0.6850000023841858,0.2881999909877777
YNL212W,YGR135W,0,2.3833964,0.19198431074619293,0.6850000023841858,0.2883000075817108
YDR421W,YPR031W,0,2.3832517,0.19193051755428314,0.6850000023841858,0.28839999437332153
YER148W,YNL206C,0,2.3829064,0.19187675416469574,0.6850000023841858,0.28850001096725464
YDL200C,YOR244W,1,2.3828244,0.1921030580997467,0.6859999895095825,0.28850001096725464
YGR263C,YOL120C,0,2.3825614,0.19204926490783691,0.6859999895095825,0.28859999775886536
YBR160W,YML060W,1,2.3820388,0.19227540493011475,0.6869999766349792,0.28859999775886536
YKR037C,YJL056C,0,2.3817718,0.19222159683704376,0.6869999766349792,0.28870001435279846
YLR078C,YGR194C,0,2.3810828,0.19216783344745636,0.6869999766349792,0.2888000011444092
YKL059C,YPL085W,0,2.3809116,0.19211409986019135,0.6869999766349792,0.2888999879360199
YGR274C,YNR070W,0,2.38072,0.19206038117408752,0.6869999766349792,0.289000004529953
YNL166C,YKR030W,0,2.3806443,0.19200670719146729,0.6869999766349792,0.2890999913215637
YBR033W,YJR143C,0,2.3803406,0.19195306301116943,0.6869999766349792,0.2892000079154968
YMR233W,YDR238C,0,2.3796198,0.19189944863319397,0.6869999766349792,0.28929999470710754
YMR217W,YMR152W,0,2.3790352,0.1918458491563797,0.6869999766349792,0.28940001130104065
YER095W,YFL039C,1,2.3787735,0.19207146763801575,0.6880000233650208,0.28940001130104065
YOL018C,YLR438C-A,0,2.3787215,0.19201786816120148,0.6880000233650208,0.28949999809265137
YDL080C,YCR054C,0,2.3784673,0.1919642835855484,0.6880000233650208,0.2896000146865845
YIL093C,YGL009C,0,2.3783915,0.1919107437133789,0.6880000233650208,0.2897000014781952
YGL232W,YLR098C,0,2.3778098,0.1918572187423706,0.6880000233650208,0.2897999882698059
YDL069C,YIR012W,0,2.377661,0.1918037384748459,0.6880000233650208,0.289900004863739
YGL205W,YKR105C,0,2.3774705,0.19175027310848236,0.6880000233650208,0.28999999165534973
YDR052C,YCL031C,0,2.377415,0.19169685244560242,0.6880000233650208,0.29010000824928284
YDR121W,YBR160W,1,2.3773181,0.19192200899124146,0.6890000104904175,0.29010000824928284
YNR050C,YBL069W,0,2.3766549,0.19186855852603912,0.6890000104904175,0.29019999504089355
YDR376W,YGR194C,0,2.3763866,0.19181513786315918,0.6890000104904175,0.29030001163482666
YER048W-A,YBR035C,0,2.3760893,0.19176176190376282,0.6890000104904175,0.2903999984264374
YIL125W,YHR070W,0,2.3754656,0.19170840084552765,0.6890000104904175,0.2904999852180481
YGR029W,YML091C,0,2.374951,0.19165506958961487,0.6890000104904175,0.2906000018119812
YBL061C,YDR103W,0,2.3738534,0.19160178303718567,0.6890000104904175,0.2906999886035919
YER113C,YER089C,0,2.3738046,0.19154851138591766,0.6890000104904175,0.290800005197525
YML094W,YMR026C,0,2.3734872,0.19149526953697205,0.6890000104904175,0.29089999198913574
YDR052C,YHR147C,0,2.3725758,0.19144207239151,0.6890000104904175,0.29100000858306885
YIL109C,YBR055C,0,2.3723497,0.19138889014720917,0.6890000104904175,0.29109999537467957
YMR128W,YLR467W,0,2.372168,0.1913357377052307,0.6890000104904175,0.29120001196861267
YDR117C,YJL190C,0,2.3716197,0.19128261506557465,0.6890000104904175,0.2912999987602234
YMR264W,YNL151C,0,2.3712866,0.19122953712940216,0.6890000104904175,0.2913999855518341
YGL090W,YFL039C,1,2.3709018,0.1914539337158203,0.6899999976158142,0.2913999855518341
YDR440W,YJR068W,1,2.370889,0.1916782259941101,0.6909999847412109,0.2913999855518341
YBR237W,YHL032C,0,2.3708427,0.19162507355213165,0.6909999847412109,0.2915000021457672
YGL137W,YGR124W,0,2.370673,0.1915719360113144,0.6909999847412109,0.29159998893737793
YOR224C,YPL214C,0,2.3704464,0.1915188431739807,0.6909999847412109,0.29170000553131104
YJR060W,YFR007W,0,2.369263,0.19146578013896942,0.6909999847412109,0.29179999232292175
YCR096C,YOR092W,0,2.3691993,0.19141274690628052,0.6909999847412109,0.29190000891685486
YJR110W,YNL306W,0,2.3687904,0.1913597285747528,0.6909999847412109,0.2919999957084656
YDR341C,YOR228C,0,2.3687072,0.19130675494670868,0.6909999847412109,0.2921000123023987
YPL051W,YNL188W,0,2.3685994,0.19125381112098694,0.6909999847412109,0.2921999990940094
YNR011C,YGL084C,0,2.3672183,0.1912008821964264,0.6909999847412109,0.2922999858856201
YHR044C,YBR122C,0,2.367147,0.19114799797534943,0.6909999847412109,0.2924000024795532
YLR098C,YDR251W,0,2.3669107,0.19109512865543365,0.6909999847412109,0.29249998927116394
YDL195W,YDL146W,0,2.3662944,0.19104230403900146,0.6909999847412109,0.29260000586509705
YDR251W,YOR075W,0,2.3658106,0.19098949432373047,0.6909999847412109,0.29269999265670776
YBL064C,YIL145C,0,2.3657942,0.19093672931194305,0.6909999847412109,0.29280000925064087
YOL133W,YHR036W,0,2.365763,0.19088397920131683,0.6909999847412109,0.2928999960422516
YOR288C,YPL214C,0,2.3657238,0.190831258893013,0.6909999847412109,0.2930000126361847
YGR058W,YGL021W,0,2.3656754,0.19077856838703156,0.6909999847412109,0.2930999994277954
YOR096W,YEL058W,0,2.3656108,0.1907259225845337,0.6909999847412109,0.29319998621940613
YPR036W,YPL202C,0,2.3654735,0.19067329168319702,0.6909999847412109,0.29330000281333923
YPL195W,YBL061C,0,2.365365,0.19062069058418274,0.6909999847412109,0.29339998960494995
YKL140W,YBR030W,0,2.3651226,0.19056811928749084,0.6909999847412109,0.29350000619888306
YPL051W,YGR241C,0,2.3651028,0.19051557779312134,0.6909999847412109,0.2935999929904938
YBR001C,YPL019C,0,2.3648975,0.19046306610107422,0.6909999847412109,0.2937000095844269
YGR058W,YLR212C,0,2.3644507,0.1904105842113495,0.6909999847412109,0.2937999963760376
YHL019C,YJR001W,0,2.36425,0.19035813212394714,0.6909999847412109,0.2939000129699707
YNL311C,YMR165C,0,2.3642097,0.190305694937706,0.6909999847412109,0.2939999997615814
YDR120C,YDR169C,0,2.3641284,0.19025330245494843,0.6909999847412109,0.29409998655319214
YCR098C,YHR186C,0,2.3640711,0.19020093977451324,0.6909999847412109,0.29420000314712524
YNL218W,YDR224C,1,2.3636923,0.19042377173900604,0.6919999718666077,0.29420000314712524
YLL038C,YFR008W,0,2.363624,0.19037139415740967,0.6919999718666077,0.29429998993873596
YEL017C-A,YPR186C,0,2.3630059,0.1903190314769745,0.6919999718666077,0.29440000653266907
YHL032C,YGR006W,0,2.3628175,0.1902666985988617,0.6919999718666077,0.2944999933242798
YDL127W,YOL018C,0,2.3624659,0.19021441042423248,0.6919999718666077,0.2946000099182129
YBR024W,YDR011W,0,2.3622437,0.19016213715076447,0.6919999718666077,0.2946999967098236
YLR450W,YBR164C,0,2.3618846,0.19010989367961884,0.6919999718666077,0.2948000133037567
YKR104W,YDR421W,0,2.3618715,0.1900576800107956,0.6919999718666077,0.29490000009536743
YDR018C,YBR084W,0,2.3612828,0.19000549614429474,0.6919999718666077,0.29499998688697815
YPL194W,YOR217W,1,2.361182,0.19022783637046814,0.6930000185966492,0.29499998688697815
YDR253C,YCR098C,0,2.360894,0.1901756376028061,0.6930000185966492,0.29510000348091125
YLR188W,YOR242C,0,2.360885,0.19012345373630524,0.6930000185966492,0.295199990272522
YOL105C,YNL101W,0,2.3600502,0.19007131457328796,0.6930000185966492,0.2953000068664551
YCL063W,YPL085W,0,2.3596141,0.19001919031143188,0.6930000185966492,0.2953999936580658
YBR205W,YPL074W,0,2.3593185,0.1899671107530594,0.6930000185966492,0.2955000102519989
YDL085W,YOR080W,0,2.359103,0.18991504609584808,0.6930000185966492,0.2955999970436096
YDR012W,YNL077W,0,2.3590844,0.18986301124095917,0.6930000185966492,0.2957000136375427
YDR224C,YFL039C,1,2.358946,0.19008490443229675,0.6940000057220459,0.2957000136375427
YNL185C,YHR044C,0,2.358568,0.19003285467624664,0.6940000057220459,0.29580000042915344
YNL331C,YGR223C,0,2.3584957,0.18998083472251892,0.6940000057220459,0.29589998722076416
YHR161C,YER180C,0,2.3584793,0.1899288445711136,0.6940000057220459,0.29600000381469727
YNL166C,YBR251W,0,2.3584187,0.18987688422203064,0.6940000057220459,0.296099990606308
YER068W,YMR042W,0,2.3582704,0.1898249387741089,0.6940000057220459,0.2962000072002411
YDR219C,YKR014C,0,2.3581738,0.18977303802967072,0.6940000057220459,0.2962999939918518
YIL109C,YCR096C,0,2.3576663,0.18972115218639374,0.6940000057220459,0.2964000105857849
YNL310C,YLL035W,0,2.357602,0.18966931104660034,0.6940000057220459,0.29649999737739563
YCR096C,YBL069W,0,2.3574812,0.18961748480796814,0.6940000057220459,0.29660001397132874
YNL189W,YLR079W,0,2.3573732,0.18956568837165833,0.6940000057220459,0.29670000076293945
YFL004W,YGL191W,0,2.357236,0.1895139217376709,0.6940000057220459,0.29679998755455017
YCR077C,YJR060W,0,2.3572063,0.18946218490600586,0.6940000057220459,0.2969000041484833
YOR179C,YAL003W,0,2.3571582,0.1894104778766632,0.6940000057220459,0.296999990940094
YNL330C,YHR081W,1,2.356728,0.1896316558122635,0.6949999928474426,0.296999990940094
YMR224C,YLR265C,1,2.3565156,0.18985269963741302,0.6959999799728394,0.296999990940094
YOR278W,YDR507C,0,2.356438,0.1898009330034256,0.6959999799728394,0.2971000075340271
YBR022W,YJR075W,0,2.3561065,0.18974918127059937,0.6959999799728394,0.2971999943256378
YMR211W,YOR242C,0,2.3559394,0.18969745934009552,0.6959999799728394,0.2973000109195709
YOR265W,YLR010C,0,2.3549569,0.18964578211307526,0.6959999799728394,0.29739999771118164
YDL185W,YKR105C,0,2.3542652,0.1895941197872162,0.6959999799728394,0.29750001430511475
YNL206C,YDL112W,0,2.3542547,0.1895424872636795,0.6959999799728394,0.29760000109672546
YGR154C,YHL016C,0,2.3541834,0.1894908845424652,0.6959999799728394,0.2976999878883362
YEL002C,YLR078C,0,2.3541605,0.1894392967224121,0.6959999799728394,0.2978000044822693
YNL293W,YBR022W,0,2.354067,0.1893877536058426,0.6959999799728394,0.29789999127388
YFR032C-A,YDR265W,0,2.353872,0.18933624029159546,0.6959999799728394,0.2980000078678131
YLR106C,YAL021C,0,2.3536882,0.18928474187850952,0.6959999799728394,0.29809999465942383
YOR096W,YKR037C,0,2.353543,0.18923327326774597,0.6959999799728394,0.29820001125335693
YIR002C,YDR224C,1,2.3530853,0.18945366144180298,0.6970000267028809,0.29820001125335693
YHR147C,YOR337W,0,2.353,0.18940217792987823,0.6970000267028809,0.29829999804496765
YMR088C,YPR054W,0,2.352474,0.18935072422027588,0.6970000267028809,0.29840001463890076
YEL065W,YGR156W,0,2.352438,0.1892993003129959,0.6970000267028809,0.2985000014305115
YPL206C,YHR067W,0,2.3518755,0.18924789130687714,0.6970000267028809,0.2985999882221222
YMR127C,YJR060W,0,2.351829,0.18919652700424194,0.6970000267028809,0.2987000048160553
YGL120C,YHL019C,0,2.3516824,0.18914517760276794,0.6970000267028809,0.298799991607666
YGR047C,YMR211W,0,2.3514783,0.18909387290477753,0.6970000267028809,0.2989000082015991
YDR425W,YER131W,0,2.351391,0.1890425831079483,0.6970000267028809,0.29899999499320984
YNL291C,YKL010C,0,2.3513904,0.18899132311344147,0.6970000267028809,0.29910001158714294
YGL168W,YHR181W,0,2.3513753,0.18894009292125702,0.6970000267028809,0.29919999837875366
YDL108W,YOR067C,0,2.3512886,0.18888889253139496,0.6970000267028809,0.2992999851703644
YOR036W,YCR047C,0,2.351192,0.1888377070426941,0.6970000267028809,0.2994000017642975
YJL158C,YER051W,0,2.351041,0.1887865662574768,0.6970000267028809,0.2994999885559082
YDL108W,YLL022C,0,2.3510253,0.18873544037342072,0.6970000267028809,0.2996000051498413
YDR503C,YML037C,0,2.3503356,0.1886843591928482,0.6970000267028809,0.299699991941452
YLR381W,YGR037C,0,2.3498356,0.1886332929134369,0.6970000267028809,0.29980000853538513
YOR290C,YAR007C,1,2.3497775,0.18885281682014465,0.6980000138282776,0.29980000853538513
YOR278W,YIL039W,0,2.349687,0.18880173563957214,0.6980000138282776,0.29989999532699585
YJR121W,YER045C,0,2.3495474,0.18875066936016083,0.6980000138282776,0.30000001192092896
YBL093C,YMR026C,0,2.3495238,0.1886996477842331,0.6980000138282776,0.3000999987125397
YMR256C,YGR158C,0,2.3486927,0.18864865601062775,0.6980000138282776,0.3001999855041504
YDL137W,YFR008W,0,2.3485832,0.1885976791381836,0.6980000138282776,0.3003000020980835
YNL218W,YDL200C,1,2.3484895,0.1888168603181839,0.6990000009536743,0.3003000020980835
YJL072C,YCR010C,0,2.3479033,0.18876586854457855,0.6990000009536743,0.3003999888896942
YNR011C,YML070W,0,2.347557,0.1887149065732956,0.6990000009536743,0.3005000054836273
YBL103C,YDR032C,0,2.3473964,0.18866397440433502,0.6990000009536743,0.30059999227523804
YOR037W,YBR296C,0,2.3470132,0.18861305713653564,0.6990000009536743,0.30070000886917114
YJR139C,YAL043C,0,2.346924,0.18856218457221985,0.6990000009536743,0.30079999566078186
YNL136W,YDL200C,1,2.3466175,0.1887810081243515,0.699999988079071,0.30079999566078186
YDR379W,YBR297W,0,2.3466048,0.1887301206588745,0.699999988079071,0.30090001225471497
YDL101C,YHR099W,1,2.3462481,0.18894878029823303,0.7009999752044678,0.30090001225471497
YHR021C,YDR252W,0,2.3461392,0.18889787793159485,0.7009999752044678,0.3009999990463257
YKR094C,YMR201C,1,2.3457632,0.18911637365818024,0.7020000219345093,0.3009999990463257
YDL204W,YNR070W,0,2.345677,0.18906544148921967,0.7020000219345093,0.3010999858379364
YOR322C,YIL124W,0,2.3452737,0.18901453912258148,0.7020000219345093,0.3012000024318695
YCR009C,YDR495C,0,2.3452456,0.18896366655826569,0.7020000219345093,0.3012999892234802
YIL034C,YCR094W,0,2.3451355,0.18891280889511108,0.7020000219345093,0.30140000581741333
YER133W,YHR036W,0,2.344684,0.18886198103427887,0.7020000219345093,0.30149999260902405
YHR086W,YDR421W,0,2.344663,0.18881118297576904,0.7020000219345093,0.30160000920295715
YGR262C,YOR211C,0,2.3436968,0.1887604147195816,0.7020000219345093,0.30169999599456787
YDR270W,YJL106W,0,2.343684,0.18870967626571655,0.7020000219345093,0.301800012588501
YER048W-A,YNR070W,0,2.3432627,0.1886589676141739,0.7020000219345093,0.3018999993801117
YGL213C,YMR314W,0,2.3426218,0.18860827386379242,0.7020000219345093,0.3019999861717224
YNL077W,YBR207W,0,2.3423603,0.18855760991573334,0.7020000219345093,0.3021000027656555
YDL065C,YDR120C,0,2.342185,0.18850697576999664,0.7020000219345093,0.30219998955726624
YDR322W,YOR337W,0,2.342043,0.18845637142658234,0.7020000219345093,0.30230000615119934
YKL218C,YOR066W,0,2.3418243,0.18840579688549042,0.7020000219345093,0.30239999294281006
YHL019C,YLR172C,0,2.3417659,0.1883552521467209,0.7020000219345093,0.30250000953674316
YDL019C,YOL056W,0,2.3413775,0.18830472230911255,0.7020000219345093,0.3025999963283539
YGR106C,YML042W,0,2.3412158,0.1882542222738266,0.7020000219345093,0.302700012922287
YJL165C,YPL144W,0,2.3411627,0.18820375204086304,0.7020000219345093,0.3027999997138977
YJL072C,YNL310C,0,2.3410761,0.18815331161022186,0.7020000219345093,0.3028999865055084
YHR086W,YBL055C,0,2.3407795,0.18810290098190308,0.7020000219345093,0.30300000309944153
YDR060W,YLR433C,0,2.3403044,0.18805250525474548,0.7020000219345093,0.30309998989105225
YBR050C,YDR044W,0,2.3397062,0.18800213932991028,0.7020000219345093,0.30320000648498535
YHR028C,YCR047C,0,2.3396726,0.18795180320739746,0.7020000219345093,0.30329999327659607
YDL200C,YMR224C,1,2.3392727,0.18816916644573212,0.703000009059906,0.30329999327659607
YJR139C,YKL140W,0,2.3391812,0.1881188154220581,0.703000009059906,0.3034000098705292
YPL269W,YBL020W,0,2.3389919,0.1880684792995453,0.703000009059906,0.3034999966621399
YDL101C,YDL200C,1,2.338803,0.18828563392162323,0.7039999961853027,0.3034999966621399
YJL033W,YLR459W,0,2.3380272,0.1882352977991104,0.7039999961853027,0.303600013256073
YGL249W,YMR302C,0,2.3378918,0.1881849765777588,0.7039999961853027,0.3037000000476837
YDR487C,YPL038W,0,2.3376129,0.18813468515872955,0.7039999961853027,0.30379998683929443
YHR081W,YOR244W,1,2.3375947,0.1883515864610672,0.7049999833106995,0.30379998683929443
YKL089W,YGL253W,0,2.3372302,0.18830128014087677,0.7049999833106995,0.30390000343322754
YNL212W,YIR009W,0,2.3367226,0.18825100362300873,0.7049999833106995,0.30399999022483826
YHL040C,YKR062W,0,2.3366315,0.18820074200630188,0.7049999833106995,0.30410000681877136
YMR080C,YKL179C,0,2.3361976,0.1881505250930786,0.7049999833106995,0.3041999936103821
YOR151C,YNL227C,0,2.3358676,0.18810032308101654,0.7049999833106995,0.3043000102043152
YCL063W,YDR380W,0,2.3354952,0.18805015087127686,0.7049999833106995,0.3043999969959259
YDR242W,YJL164C,0,2.3354502,0.18799999356269836,0.7049999833106995,0.304500013589859
YJR158W,YPR192W,0,2.3349183,0.18794988095760345,0.7049999833106995,0.3046000003814697
YHR172W,YNL098C,0,2.3345115,0.18789978325366974,0.7049999833106995,0.30469998717308044
YNR020C,YER153C,0,2.3340952,0.1878497153520584,0.7049999833106995,0.30480000376701355
YJR104C,YJL136C,0,2.3338933,0.18779967725276947,0.7049999833106995,0.30489999055862427
YBR048W,YHR117W,0,2.333512,0.18774966895580292,0.7049999833106995,0.3050000071525574
YDR511W,YNL098C,0,2.3331697,0.18769967555999756,0.7049999833106995,0.3050999939441681
YMR223W,YBR122C,0,2.3328035,0.18764972686767578,0.7049999833106995,0.3052000105381012
YDR465C,YGL003C,0,2.3324757,0.1875997930765152,0.7049999833106995,0.3052999973297119
YGR063C,YCR004C,0,2.3316119,0.1875498741865158,0.7049999833106995,0.305400013923645
YGL106W,YKL024C,0,2.3315594,0.1875,0.7049999833106995,0.30550000071525574
YMR080C,YGL095C,0,2.3311498,0.18745014071464539,0.7049999833106995,0.30559998750686646
YDR052C,YDL033C,0,2.3303082,0.18740032613277435,0.7049999833106995,0.30570000410079956
YNR008W,YLR086W,0,2.3297353,0.18735051155090332,0.7049999833106995,0.3057999908924103
YFL029C,YBL069W,0,2.329721,0.18730074167251587,0.7049999833106995,0.3059000074863434
YGL120C,YDL108W,0,2.3293238,0.1872510015964508,0.7049999833106995,0.3059999942779541
YDL101C,YLR032W,1,2.329032,0.1874668151140213,0.7059999704360962,0.3059999942779541
YLL011W,YPR081C,0,2.3289578,0.18741704523563385,0.7059999704360962,0.3061000108718872
YOR116C,YML091C,0,2.3288007,0.1873673051595688,0.7059999704360962,0.3061999976634979
YBR176W,YIR036C,0,2.3285663,0.1873175948858261,0.7059999704360962,0.30630001425743103
YPL089C,YBL037W,0,2.3284376,0.18726789951324463,0.7059999704360962,0.30640000104904175
YGR002C,YLR357W,1,2.328288,0.18748342990875244,0.7070000171661377,0.30640000104904175
YAR019C,YHR070W,0,2.3282,0.18743371963500977,0.7070000171661377,0.30649998784065247
YGL173C,YDR054C,0,2.3278413,0.18738403916358948,0.7070000171661377,0.30660000443458557
YER036C,YJL164C,0,2.3277864,0.18733438849449158,0.7070000171661377,0.3066999912261963
YIL155C,YKL042W,0,2.3276675,0.18728476762771606,0.7070000171661377,0.3068000078201294
YHR086W,YGR135W,0,2.3275356,0.18723517656326294,0.7070000171661377,0.3068999946117401
YCR096C,YER051W,0,2.3274066,0.187185600399971,0.7070000171661377,0.3070000112056732
YLR276C,YCR075C,0,2.3273628,0.18713605403900146,0.7070000171661377,0.30709999799728394
YPR178W,YDR166C,0,2.3273094,0.1870865374803543,0.7070000171661377,0.30720001459121704
YKL011C,YLR010C,0,2.3257964,0.18703703582286835,0.7070000171661377,0.30730000138282776
YDR465C,YDR074W,0,2.325788,0.18698756396770477,0.7070000171661377,0.3073999881744385
YEL038W,YLR106C,0,2.3256886,0.1869381219148636,0.7070000171661377,0.3075000047683716
YMR233W,YIL145C,0,2.3253872,0.1868887096643448,0.7070000171661377,0.3075999915599823
YOR096W,YMR037C,0,2.3252037,0.18683932721614838,0.7070000171661377,0.3077000081539154
YDR478W,YCR053W,0,2.3251472,0.18678995966911316,0.7070000171661377,0.3077999949455261
YIR002C,YHR081W,1,2.3249905,0.18700475990772247,0.7080000042915344,0.3077999949455261
YML060W,YOR217W,1,2.3243701,0.18721944093704224,0.7089999914169312,0.3077999949455261
YLR100W,YBR297W,0,2.3240664,0.18717001378536224,0.7089999914169312,0.30790001153945923
YER147C,YIL126W,1,2.3239172,0.18738453090190887,0.7099999785423279,0.30790001153945923
YPL155C,YPR021C,0,2.3237984,0.1873350888490677,0.7099999785423279,0.30799999833106995
YJR076C,YER184C,0,2.3234208,0.1872856765985489,0.7099999785423279,0.30809998512268066
YKR090W,YDR055W,0,2.323387,0.18723629415035248,0.7099999785423279,0.30820000171661377
YLR370C,YOR242C,0,2.3231583,0.18718692660331726,0.7099999785423279,0.3082999885082245
YBR035C,YOR080W,0,2.3231027,0.18713758885860443,0.7099999785423279,0.3084000051021576
YKR062W,YNL289W,0,2.3228066,0.187088280916214,0.7099999785423279,0.3084999918937683
YFR003C,YGL249W,0,2.3227284,0.18703898787498474,0.7099999785423279,0.3086000084877014
YBR001C,YEL002C,0,2.3223746,0.18698972463607788,0.7099999785423279,0.30869999527931213
YGR292W,YIL039W,0,2.322353,0.1869404911994934,0.7099999785423279,0.30880001187324524
YLR418C,YDR390C,0,2.3221836,0.18689128756523132,0.7099999785423279,0.30889999866485596
YGL120C,YOR228C,0,2.3221257,0.18684209883213043,0.7099999785423279,0.3089999854564667
YDR231C,YOL140W,0,2.321966,0.18679295480251312,0.7099999785423279,0.3091000020503998
YHL040C,YGL059W,0,2.3214805,0.186743825674057,0.7099999785423279,0.3091999888420105
YML034W,YBR291C,0,2.321448,0.18669471144676208,0.7099999785423279,0.3093000054359436
YMR233W,YER133W,0,2.3209176,0.18664564192295074,0.7099999785423279,0.3093999922275543
YMR152W,YOL056W,0,2.3207252,0.1865965873003006,0.7099999785423279,0.3095000088214874
YDR238C,YNR007C,0,2.3203237,0.18654756247997284,0.7099999785423279,0.30959999561309814
YJR010C-A,YJL101C,0,2.320079,0.18649855256080627,0.7099999785423279,0.30970001220703125
YHR101C,YLR221C,0,2.3199306,0.1864495724439621,0.7099999785423279,0.30979999899864197
YLR356W,YBR283C,0,2.3198605,0.1864006370306015,0.7099999785423279,0.3098999857902527
YDR169C,YKL024C,0,2.319828,0.1863517016172409,0.7099999785423279,0.3100000023841858
YEL013W,YLR433C,0,2.3194857,0.1863028109073639,0.7099999785423279,0.3100999891757965
YDR283C,YBR231C,0,2.3192713,0.18625393509864807,0.7099999785423279,0.3102000057697296
YNR050C,YPL155C,0,2.318935,0.18620508909225464,0.7099999785423279,0.31029999256134033
YMR094W,YDL099W,0,2.318618,0.1861562728881836,0.7099999785423279,0.31040000915527344
YCL063W,YML125C,0,2.318578,0.18610747158527374,0.7099999785423279,0.31049999594688416
YFL004W,YDR486C,0,2.3185472,0.18605870008468628,0.7099999785423279,0.31060001254081726
YDR326C,YDR166C,0,2.3185174,0.1860099583864212,0.7099999785423279,0.310699999332428
YLR109W,YNL188W,0,2.3183608,0.18596123158931732,0.7099999785423279,0.3107999861240387
YNL325C,YPR081C,0,2.3176606,0.18591254949569702,0.7099999785423279,0.3109000027179718
YKL154W,YER061C,0,2.3172944,0.18586386740207672,0.7099999785423279,0.3109999895095825
YLR381W,YOR242C,0,2.3172538,0.18581523001194,0.7099999785423279,0.3111000061035156
YNL301C,YHR086W,0,2.317145,0.18576660752296448,0.7099999785423279,0.31119999289512634
YDL051W,YBL074C,0,2.3168569,0.18571802973747253,0.7099999785423279,0.31130000948905945
YAL043C,YGR234W,0,2.3163908,0.1856694519519806,0.7099999785423279,0.31139999628067017
YAL053W,YDR363W-A,0,2.316347,0.18562091886997223,0.7099999785423279,0.31150001287460327
YNL306W,YBL061C,0,2.3149288,0.18557240068912506,0.7099999785423279,0.311599999666214
YGL119W,YPL038W,0,2.3149006,0.18552391231060028,0.7099999785423279,0.3116999864578247
YOR127W,YER020W,0,2.3147674,0.1854754388332367,0.7099999785423279,0.3118000030517578
YBR273C,YHR086W,0,2.3143232,0.1854270100593567,0.7099999785423279,0.31189998984336853
YMR235C,YNL189W,0,2.314214,0.18537859618663788,0.7099999785423279,0.31200000643730164
YDR356W,YMR188C,0,2.31343,0.18533019721508026,0.7099999785423279,0.31209999322891235
YPL121C,YBR289W,1,2.3122296,0.18554279208183289,0.7110000252723694,0.31209999322891235
YFL039C,YCR092C,1,2.312155,0.18575528264045715,0.7120000123977661,0.31209999322891235
YDL033C,YER096W,0,2.311785,0.18570683896541595,0.7120000123977661,0.31220000982284546
YCL059C,YOR120W,0,2.311722,0.18565841019153595,0.7120000123977661,0.3122999966144562
YDR465C,YDR031W,0,2.3116882,0.18561001121997833,0.7120000123977661,0.3124000132083893
YNL166C,YAL034W-A,0,2.3116815,0.1855616420507431,0.7120000123977661,0.3125
YLR459W,YCL055W,0,2.310916,0.18551328778266907,0.7120000123977661,0.3125999867916107
YOR179C,YER012W,0,2.3103673,0.18546496331691742,0.7120000123977661,0.3127000033855438
YDR440W,YIR002C,1,2.3102949,0.18567708134651184,0.7129999995231628,0.3127000033855438
YNL331C,YAL025C,0,2.3100295,0.185628741979599,0.7129999995231628,0.31279999017715454
YIR015W,YHR181W,0,2.3099494,0.18558043241500854,0.7129999995231628,0.31290000677108765
YLR139C,YDL095W,0,2.3099096,0.18553213775157928,0.7129999995231628,0.31299999356269836
YHR046C,YAR019C,0,2.309686,0.1854838728904724,0.7129999995231628,0.31310001015663147
YDR420W,YNL135C,0,2.3096783,0.18543563783168793,0.7129999995231628,0.3131999969482422
YPL148C,YDR117C,0,2.309385,0.18538741767406464,0.7129999995231628,0.3133000135421753
YIL090W,YMR165C,0,2.3090472,0.18533922731876373,0.7129999995231628,0.313400000333786
YNL218W,YPL022W,1,2.3090456,0.18555092811584473,0.7139999866485596,0.313400000333786
YMR201C,YGL090W,1,2.308834,0.18576253950595856,0.7149999737739563,0.313400000333786
YKL154W,YJL062W,0,2.3088315,0.18571428954601288,0.7149999737739563,0.31349998712539673
YMR316W,YFR007W,0,2.30879,0.1856660544872284,0.7149999737739563,0.31360000371932983
YFR032C-A,YMR198W,0,2.3086193,0.1856178641319275,0.7149999737739563,0.31369999051094055
YHR101C,YGL141W,0,2.307974,0.18556968867778778,0.7149999737739563,0.31380000710487366
YKL135C,YML034W,0,2.3079476,0.18552154302597046,0.7149999737739563,0.3138999938964844
YNL280C,YOL140W,0,2.3072128,0.18547341227531433,0.7149999737739563,0.3140000104904175
YJL121C,YPR032W,0,2.3071625,0.1854253113269806,0.7149999737739563,0.3140999972820282
YFR037C,YOR217W,1,2.306968,0.185636505484581,0.7160000205039978,0.3140999972820282
YBL017C,YGR279C,0,2.305942,0.18558838963508606,0.7160000205039978,0.3142000138759613
YGR008C,YAL058W,0,2.3057666,0.18554028868675232,0.7160000205039978,0.314300000667572
YDL141W,YDL127W,0,2.3053703,0.18549223244190216,0.7160000205039978,0.31439998745918274
YHR101C,YOL056W,0,2.304972,0.1854441910982132,0.7160000205039978,0.31450000405311584
YMR142C,YPR098C,0,2.3047411,0.18539616465568542,0.7160000205039978,0.31459999084472656
YDR052C,YPL189C-A,0,2.3045917,0.18534816801548004,0.7160000205039978,0.31470000743865967
YKR094C,YFL039C,1,2.3039944,0.1855590045452118,0.7170000076293945,0.31470000743865967
YDL164C,YKL017C,1,2.303938,0.185769721865654,0.7179999947547913,0.31470000743865967
YGL137W,YOR270C,0,2.303194,0.18572168052196503,0.7179999947547913,0.3147999942302704
YCL055W,YKR104W,0,2.3031542,0.18567365407943726,0.7179999947547913,0.3149000108242035
YIL093C,YJL041W,0,2.30315,0.18562564253807068,0.7179999947547913,0.3149999976158142
YBL093C,YIL113W,0,2.303114,0.18557767570018768,0.7179999947547913,0.3151000142097473
YDL069C,YEL064C,0,2.302913,0.1855297088623047,0.7179999947547913,0.31520000100135803
YOR347C,YDR228C,0,2.302779,0.18548178672790527,0.7179999947547913,0.31529998779296875
YPL195W,YJL065C,0,2.3018,0.18543387949466705,0.7179999947547913,0.31540000438690186
YOR063W,YDR478W,0,2.3014402,0.18538600206375122,0.7179999947547913,0.3154999911785126
YER096W,YPL038W,0,2.301129,0.18533815443515778,0.7179999947547913,0.3156000077724457
YBL106C,YPL154C,0,2.3010588,0.18529032170772552,0.7179999947547913,0.3156999945640564
YDR299W,YMR302C,0,2.3008976,0.18524251878261566,0.7179999947547913,0.3158000111579895
YDR052C,YDR483W,0,2.300875,0.185194730758667,0.7179999947547913,0.3158999979496002
YER029C,YAL062W,0,2.300672,0.1851469874382019,0.7179999947547913,0.3160000145435333
YJR013W,YGR162W,0,2.3005714,0.185099259018898,0.7179999947547913,0.31610000133514404
YHR023W,YGL141W,0,2.3000846,0.1850515455007553,0.7179999947547913,0.31619998812675476
YMR201C,YER173W,1,2.3000314,0.185261532664299,0.718999981880188,0.31619998812675476
YGL211W,YGR006W,0,2.2993765,0.18521380424499512,0.718999981880188,0.31630000472068787
YKL140W,YNL306W,0,2.2993085,0.1851661056280136,0.718999981880188,0.3163999915122986
YMR043W,YGR292W,0,2.298922,0.1851184368133545,0.718999981880188,0.3165000081062317
YBR001C,YBR048W,0,2.2988133,0.18507078289985657,0.718999981880188,0.3165999948978424
YER068W,YAL062W,0,2.2987812,0.18502315878868103,0.718999981880188,0.3167000114917755
YLR396C,YPL101W,0,2.2986152,0.18497556447982788,0.718999981880188,0.31679999828338623
YNL331C,YIR023W,0,2.298221,0.18492798507213593,0.718999981880188,0.31690001487731934
YDL210W,YBR033W,0,2.2981873,0.18488043546676636,0.718999981880188,0.31700000166893005
YPL101W,YPL103C,0,2.2981858,0.18483290076255798,0.718999981880188,0.31709998846054077
YOR155C,YHL004W,0,2.2979972,0.184785395860672,0.718999981880188,0.3172000050544739
YIL078W,YMR184W,0,2.2978058,0.1847379207611084,0.718999981880188,0.3172999918460846
YBR267W,YPL149W,0,2.2974281,0.1846904754638672,0.718999981880188,0.3174000084400177
YLR078C,YDR054C,0,2.2972386,0.18464304506778717,0.718999981880188,0.3174999952316284
YEL064C,YOL140W,0,2.2972202,0.18459562957286835,0.718999981880188,0.3176000118255615
YDR247W,YMR026C,0,2.2970963,0.1845482587814331,0.718999981880188,0.31769999861717224
YER173W,YHR081W,1,2.2970567,0.18475750088691711,0.7200000286102295,0.31769999861717224
YPL258C,YOR322C,0,2.2968397,0.18471011519432068,0.7200000286102295,0.31779998540878296
YPL121C,YOR217W,1,2.2964406,0.18491920828819275,0.7210000157356262,0.31779998540878296
YDR481C,YKR037C,0,2.2963395,0.18487179279327393,0.7210000157356262,0.31790000200271606
YIL160C,YBL082C,0,2.2954185,0.1848244071006775,0.7210000157356262,0.3179999887943268
YGL211W,YFR007W,0,2.2952528,0.18477703630924225,0.7210000157356262,0.3181000053882599
YGR274C,YNL289W,0,2.294626,0.1847296953201294,0.7210000157356262,0.3181999921798706
YBL093C,YOL103W,0,2.2946234,0.18468238413333893,0.7210000157356262,0.3183000087738037
YOR288C,YJR135C,0,2.294469,0.18463508784770966,0.7210000157356262,0.31839999556541443
YDR219C,YGL123W,0,2.294407,0.18458780646324158,0.7210000157356262,0.31850001215934753
YEL002C,YOR014W,0,2.2940757,0.18454056978225708,0.7210000157356262,0.31859999895095825
YBL088C,YFR037C,1,2.2935596,0.18474923074245453,0.722000002861023,0.31859999895095825
YBR240C,YGL031C,0,2.2934718,0.18470196425914764,0.722000002861023,0.31869998574256897
YJR094W-A,YPL149W,0,2.2933369,0.18465472757816315,0.722000002861023,0.3188000023365021
YBR286W,YKL154W,0,2.292889,0.18460752069950104,0.722000002861023,0.3188999891281128
YEL002C,YOR092W,0,2.2927918,0.18456032872200012,0.722000002861023,0.3190000057220459
YJL164C,YBL082C,0,2.292294,0.1845131665468216,0.722000002861023,0.3190999925136566
YBR205W,YBR299W,0,2.2922873,0.18446601927280426,0.722000002861023,0.3192000091075897
YNL291C,YDR483W,0,2.2922313,0.18441890180110931,0.722000002861023,0.31929999589920044
YER161C,YGR135W,0,2.2922206,0.18437181413173676,0.722000002861023,0.31940001249313354
YGL119W,YCL063W,0,2.2917776,0.1843247413635254,0.722000002861023,0.31949999928474426
YAR007C,YLR265C,1,2.2917137,0.18453292548656464,0.7229999899864197,0.31949999928474426
YGL128C,YKL059C,0,2.2912464,0.18448583781719208,0.7229999899864197,0.319599986076355
YGL178W,YNL091W,0,2.2911277,0.1844387799501419,0.7229999899864197,0.3197000026702881
YLR127C,YKL116C,0,2.291122,0.18439173698425293,0.7229999899864197,0.3197999894618988
YMR314W,YAL035W,0,2.2904654,0.18434472382068634,0.7229999899864197,0.3199000060558319
YOR116C,YJR160C,0,2.2902524,0.18429772555828094,0.7229999899864197,0.3199999928474426
YCR009C,YPR005C,0,2.2891724,0.18425075709819794,0.7229999899864197,0.32010000944137573
YDR077W,YLR045C,0,2.2889495,0.18420381844043732,0.7229999899864197,0.32019999623298645
YDL101C,YOR244W,1,2.2889476,0.18441161513328552,0.7239999771118164,0.32019999623298645
YEL021W,YIR009W,0,2.288896,0.1843646615743637,0.7239999771118164,0.32030001282691956
YEL021W,YLR079W,0,2.2888756,0.1843177229166031,0.7239999771118164,0.3203999996185303
YIL112W,YLR430W,0,2.288399,0.18427081406116486,0.7239999771118164,0.320499986410141
YML094W,YER133W,0,2.2883196,0.18422392010688782,0.7239999771118164,0.3206000030040741
YLL013C,YCR040W,0,2.288252,0.18417705595493317,0.7239999771118164,0.3206999897956848
YJL048C,YIR009W,0,2.2882276,0.1841302067041397,0.7239999771118164,0.3208000063896179
YMR198W,YCR053W,0,2.2879562,0.18408340215682983,0.7239999771118164,0.32089999318122864
YAR007C,YHR099W,1,2.2879143,0.1842907965183258,0.7250000238418579,0.32089999318122864
YDR288W,YHR099W,1,2.28771,0.18449810147285461,0.7260000109672546,0.32089999318122864
YAL041W,YMR208W,0,2.2874608,0.18445122241973877,0.7260000109672546,0.32100000977516174
YCL063W,YAL043C,0,2.2873828,0.1844043731689453,0.7260000109672546,0.32109999656677246
YMR016C,YDL180W,0,2.2871764,0.18435753881931305,0.7260000109672546,0.32120001316070557
YPR005C,YGR218W,0,2.286919,0.18431073427200317,0.7260000109672546,0.3212999999523163
YBL088C,YHR099W,1,2.28678,0.1845177710056305,0.7269999980926514,0.3212999999523163
YDR011W,YCL050C,0,2.2864363,0.18447095155715942,0.7269999980926514,0.321399986743927
YGR104C,YPL031C,0,2.2863941,0.18442414700984955,0.7269999980926514,0.3215000033378601
YDR086C,YLR079W,0,2.2855706,0.18437737226486206,0.7269999980926514,0.3215999901294708
YPL060W,YGR037C,0,2.2852015,0.18433062732219696,0.7269999980926514,0.32170000672340393
YIL112W,YOR332W,0,2.2849112,0.18428389728069305,0.7269999980926514,0.32179999351501465
YOR047C,YKR104W,0,2.284599,0.18423719704151154,0.7269999980926514,0.32190001010894775
YDR139C,YDR313C,0,2.284406,0.1841905266046524,0.7269999980926514,0.32199999690055847
YKL059C,YOR337W,0,2.2843928,0.18414387106895447,0.7269999980926514,0.3221000134944916
YLR032W,YAR007C,1,2.284307,0.18435047566890717,0.7279999852180481,0.3221000134944916
YDL141W,YGL031C,0,2.2840955,0.18430379033088684,0.7279999852180481,0.3222000002861023
YJR068W,YLR265C,1,2.2832108,0.1845102459192276,0.7289999723434448,0.3222000002861023
YBR273C,YPL090C,0,2.2826881,0.18446356058120728,0.7289999723434448,0.322299987077713
YOR181W,YLR385C,0,2.2822177,0.18441690504550934,0.7289999723434448,0.3224000036716461
YER095W,YDL200C,1,2.2819366,0.18462316691875458,0.7300000190734863,0.3224000036716461
YDR456W,YDR003W,0,2.2819228,0.18457648158073425,0.7300000190734863,0.32249999046325684
YNL159C,YIL093C,0,2.281644,0.18452982604503632,0.7300000190734863,0.32260000705718994
YJL090C,YLR032W,1,2.2815845,0.18473590910434723,0.7310000061988831,0.32260000705718994
YOR167C,YDR376W,0,2.2813797,0.1846892386674881,0.7310000061988831,0.32269999384880066
YDR363W-A,YOL156W,0,2.2813215,0.18464258313179016,0.7310000061988831,0.32280001044273376
YLR188W,YJR022W,0,2.281155,0.1845959573984146,0.7310000061988831,0.3228999972343445
YNL330C,YPL204W,1,2.2811499,0.18480181694030762,0.7319999933242798,0.3228999972343445
YIL070C,YPL085W,0,2.280664,0.18475517630577087,0.7319999933242798,0.3230000138282776
YIL145C,YEL058W,0,2.2803016,0.18470855057239532,0.7319999933242798,0.3231000006198883
YDR012W,YMR257C,0,2.279831,0.18466195464134216,0.7319999933242798,0.323199987411499
YML027W,YIL034C,0,2.2797184,0.1846153885126114,0.7319999933242798,0.32330000400543213
YGR026W,YJR016C,0,2.279635,0.1845688372850418,0.7319999933242798,0.32339999079704285
YJR066W,YBR024W,0,2.2795177,0.18452231585979462,0.7319999933242798,0.32350000739097595
YDL069C,YOR224C,0,2.2795112,0.18447580933570862,0.7319999933242798,0.32359999418258667
YEL064C,YOL109W,0,2.2793498,0.184429332613945,0.7319999933242798,0.3237000107765198
YJL019W,YLR467W,0,2.279007,0.1843828707933426,0.7319999933242798,0.3237999975681305
YIR036C,YHR011W,0,2.278902,0.18433643877506256,0.7319999933242798,0.3239000141620636
YAL053W,YDR116C,0,2.2787976,0.18429003655910492,0.7319999933242798,0.3240000009536743
YDL200C,YML060W,1,2.2768307,0.18449534475803375,0.7329999804496765,0.3240000009536743
YIL111W,YJL190C,0,2.2761536,0.18444891273975372,0.7329999804496765,0.32409998774528503
YDR238C,YCL027W,0,2.2760384,0.18440251052379608,0.7329999804496765,0.32420000433921814
YGR086C,YCL061C,0,2.2758665,0.18435613811016083,0.7329999804496765,0.32429999113082886
YOR348C,YGR001C,0,2.2757733,0.18430978059768677,0.7329999804496765,0.32440000772476196
YGR279C,YKR097W,0,2.275752,0.1842634528875351,0.7329999804496765,0.3244999945163727
YNL331C,YDR318W,0,2.2756257,0.18421714007854462,0.7329999804496765,0.3246000111103058
YNL330C,YBR087W,1,2.2756047,0.184422105550766,0.734000027179718,0.3246000111103058
YMR223W,YKL195W,0,2.2755432,0.18437577784061432,0.734000027179718,0.3246999979019165
YKL178C,YBL082C,0,2.275447,0.18432947993278503,0.734000027179718,0.3248000144958496
YLR010C,YOL080C,0,2.2752194,0.18428319692611694,0.734000027179718,0.3249000012874603
YDL006W,YLR172C,0,2.2749252,0.18423694372177124,0.734000027179718,0.32499998807907104
YJR160C,YDR393W,0,2.2742605,0.18419072031974792,0.734000027179718,0.32510000467300415
YGR104C,YOL120C,0,2.2740366,0.1841445118188858,0.734000027179718,0.32519999146461487
YPL194W,YDL200C,1,2.274006,0.18434913456439972,0.7350000143051147,0.32519999146461487
YDL007W,YGR200C,0,2.2737622,0.1843029111623764,0.7350000143051147,0.325300008058548
YLR010C,YNR047W,0,2.272983,0.18425670266151428,0.7350000143051147,0.3253999948501587
YOR175C,YMR311C,0,2.2728987,0.18421052396297455,0.7350000143051147,0.3255000114440918
YGR047C,YML124C,0,2.2726595,0.1841643750667572,0.7350000143051147,0.3255999982357025
YML124C,YNL146W,0,2.2724733,0.18411824107170105,0.7350000143051147,0.3257000148296356
YJL219W,YHR017W,0,2.2718997,0.1840721219778061,0.7350000143051147,0.32580000162124634
YDR312W,YOL030W,0,2.2718558,0.18402603268623352,0.7350000143051147,0.32589998841285706
YGL178W,YHR023W,0,2.27161,0.18397997319698334,0.7350000143051147,0.32600000500679016
YER126C,YJR058C,0,2.2715416,0.18393392860889435,0.7350000143051147,0.3260999917984009
YPL074W,YOR067C,0,2.2714684,0.18388791382312775,0.7350000143051147,0.326200008392334
YMR080C,YMR233W,0,2.270749,0.18384191393852234,0.7350000143051147,0.3262999951839447
YCR053W,YPR032W,0,2.2705653,0.18379594385623932,0.7350000143051147,0.3264000117778778
YPL231W,YGL084C,0,2.2699585,0.1837500035762787,0.7350000143051147,0.3264999985694885
YEL054C,YDL099W,0,2.2696981,0.18370407819747925,0.7350000143051147,0.32659998536109924
YLR357W,YOR217W,1,2.269005,0.18390804529190063,0.7360000014305115,0.32659998536109924
YOR242C,YAL062W,0,2.2689652,0.18386210501194,0.7360000014305115,0.32670000195503235
YGL229C,YBR142W,0,2.2683282,0.18381617963314056,0.7360000014305115,0.32679998874664307
YOL105C,YGR124W,0,2.2683258,0.1837702840566635,0.7360000014305115,0.32690000534057617
YLR238W,YPL096C-A,0,2.2679014,0.18372441828250885,0.7360000014305115,0.3269999921321869
YLR427W,YOR290C,1,2.2677672,0.18392813205718994,0.7369999885559082,0.3269999921321869
YHR161C,YHR086W,0,2.2676435,0.1838822364807129,0.7369999885559082,0.32710000872612
YHR101C,YER133W,0,2.2662668,0.18383637070655823,0.7369999885559082,0.3271999955177307
YBL078C,YKL181W,0,2.2654715,0.18379051983356476,0.7369999885559082,0.3273000121116638
YFL004W,YOR308C,0,2.265226,0.18374469876289368,0.7369999885559082,0.32739999890327454
YDR033W,YKR038C,0,2.265171,0.18369890749454498,0.7369999885559082,0.32749998569488525
YDR447C,YLR120C,0,2.2651253,0.18365313112735748,0.7369999885559082,0.32760000228881836
YGL021W,YDR118W,0,2.2651105,0.18360736966133118,0.7369999885559082,0.3276999890804291
YJL090C,YAR007C,1,2.2649217,0.18381071090698242,0.7379999756813049,0.3276999890804291
YDL141W,YJL080C,0,2.2639174,0.18376493453979492,0.7379999756813049,0.3278000056743622
YBR087W,YHR081W,1,2.2637663,0.18396814167499542,0.7390000224113464,0.3278000056743622
YOR369C,YLR176C,0,2.2635546,0.18392235040664673,0.7390000224113464,0.3278999924659729
YPR063C,YMR139W,0,2.2632086,0.18387658894062042,0.7390000224113464,0.328000009059906
YJL170C,YGL222C,0,2.2625837,0.1838308423757553,0.7390000224113464,0.3280999958515167
YFR032C-A,YDR322W,0,2.261858,0.18378512561321259,0.7390000224113464,0.32820001244544983
YMR152W,YOR092W,0,2.2614443,0.18373943865299225,0.7390000224113464,0.32829999923706055
YDR096W,YHR064C,0,2.261285,0.1836937665939331,0.7390000224113464,0.32839998602867126
YMR224C,YOR346W,1,2.2610772,0.18389661610126495,0.7400000095367432,0.32839998602867126
YHR076W,YHR160C,0,2.2609005,0.18385092914104462,0.7400000095367432,0.32850000262260437
YMR298W,YDR118W,0,2.260737,0.18380527198314667,0.7400000095367432,0.3285999894142151
YNL311C,YDR036C,0,2.2605374,0.1837596297264099,0.7400000095367432,0.3287000060081482
YHR046C,YBR033W,0,2.260304,0.18371400237083435,0.7400000095367432,0.3287999927997589
YLR098C,YIL084C,0,2.2600682,0.18366840481758118,0.7400000095367432,0.328900009393692
YOR167C,YDL095W,0,2.259941,0.1836228221654892,0.7400000095367432,0.32899999618530273
YNL185C,YNL129W,0,2.2594726,0.1835772693157196,0.7400000095367432,0.32910001277923584
YIL074C,YAL034W-A,0,2.2593665,0.1835317462682724,0.7400000095367432,0.32919999957084656
YPL258C,YMR312W,0,2.2590833,0.1834862381219864,0.7400000095367432,0.3292999863624573
YKL218C,YAL020C,0,2.2589917,0.18344075977802277,0.7400000095367432,0.3294000029563904
YMR247C,YOL065C,0,2.2587216,0.18339529633522034,0.7400000095367432,0.3294999897480011
YDR368W,YJL189W,0,2.258261,0.1833498477935791,0.7400000095367432,0.3296000063419342
YIL026C,YFL037W,0,2.2582572,0.18330442905426025,0.7400000095367432,0.3296999931335449
YBL078C,YDR279W,0,2.2580297,0.1832590401172638,0.7400000095367432,0.329800009727478
YJR135C,YLR467W,0,2.2578194,0.18321366608142853,0.7400000095367432,0.32989999651908875
YGL135W,YML085C,0,2.257784,0.18316832184791565,0.7400000095367432,0.33000001311302185
YHR117W,YER113C,0,2.257777,0.18312299251556396,0.7400000095367432,0.33009999990463257
YOR070C,YFR007W,0,2.2574682,0.18307767808437347,0.7400000095367432,0.3301999866962433
YFL004W,YMR264W,0,2.2574291,0.18303240835666656,0.7400000095367432,0.3303000032901764
YLR459W,YGL206C,0,2.2564197,0.18298713862895966,0.7400000095367432,0.3303999900817871
YGL168W,YNR045W,0,2.2562752,0.18294189870357513,0.7400000095367432,0.3305000066757202
YER120W,YML088W,0,2.2558084,0.182896688580513,0.7400000095367432,0.33059999346733093
YKR090W,YER126C,0,2.2557077,0.18285149335861206,0.7400000095367432,0.33070001006126404
YML040W,YNL213C,0,2.2553792,0.1828063279390335,0.7400000095367432,0.33079999685287476
YMR139W,YCR028C,0,2.2553446,0.18276117742061615,0.7400000095367432,0.33090001344680786
YBR082C,YPL060W,0,2.2552626,0.18271605670452118,0.7400000095367432,0.3310000002384186
YMR056C,YKR037C,0,2.2551298,0.1826709508895874,0.7400000095367432,0.3310999870300293
YBR022W,YGR194C,0,2.2549715,0.18262585997581482,0.7400000095367432,0.3312000036239624
YOL071W,YDL008W,0,2.2549038,0.18258079886436462,0.7400000095367432,0.3312999904155731
YBR123C,YLR238W,0,2.2545667,0.18253576755523682,0.7400000095367432,0.3314000070095062
YLR364W,YER048W-A,0,2.2545455,0.1824907511472702,0.7400000095367432,0.33149999380111694
YDL205C,YJL041W,0,2.2545362,0.18244576454162598,0.7400000095367432,0.33160001039505005
YIL039W,YOR242C,0,2.2540529,0.18240079283714294,0.7400000095367432,0.33169999718666077
YOL005C,YBR251W,0,2.253828,0.1823558360338211,0.7400000095367432,0.33180001378059387
YNL049C,YER164W,0,2.2535748,0.18231090903282166,0.7400000095367432,0.3319000005722046
YMR023C,YOR127W,0,2.2534199,0.1822660118341446,0.7400000095367432,0.3319999873638153
YPL106C,YOR150W,0,2.253322,0.18222112953662872,0.7400000095367432,0.3321000039577484
YDL210W,YJL133W,0,2.2532406,0.18217626214027405,0.7400000095367432,0.33219999074935913
YDR052C,YJL170C,0,2.2531881,0.18213142454624176,0.7400000095367432,0.33230000734329224
YLR172C,YLR079W,0,2.2531857,0.18208661675453186,0.7400000095367432,0.33239999413490295
YDR077W,YDL082W,0,2.2529614,0.18204182386398315,0.7400000095367432,0.33250001072883606
YBR160W,YLR032W,1,2.252919,0.1822429895401001,0.7409999966621399,0.33250001072883606
YIL078W,YJR135C,0,2.2528849,0.1821981817483902,0.7409999966621399,0.3325999975204468
YBL088C,YDL101C,1,2.2526305,0.1823992133140564,0.7419999837875366,0.3325999975204468
YLR032W,YLR357W,1,2.252575,0.18260014057159424,0.7429999709129333,0.3325999975204468
YLR430W,YMR311C,0,2.2525253,0.18255528807640076,0.7429999709129333,0.3327000141143799
YBR198C,YDR093W,0,2.2522469,0.18251043558120728,0.7429999709129333,0.3328000009059906
YGR104C,YDR139C,0,2.2520566,0.18246561288833618,0.7429999709129333,0.3328999876976013
YLR099C,YOR092W,0,2.2516494,0.18242081999778748,0.7429999709129333,0.3330000042915344
YJL219W,YPL096C-A,0,2.251645,0.18237604200839996,0.7429999709129333,0.33309999108314514
YER056C-A,YDR069C,0,2.251536,0.18233129382133484,0.7429999709129333,0.33320000767707825
YIR014W,YOL147C,0,2.251107,0.1822865605354309,0.7429999709129333,0.33329999446868896
YIR006C,YDR032C,0,2.2511034,0.18224184215068817,0.7429999709129333,0.33340001106262207
YMR282C,YGR008C,0,2.2510166,0.18219715356826782,0.7429999709129333,0.3334999978542328
YBR058C,YNL151C,0,2.2510135,0.18215249478816986,0.7429999709129333,0.3336000144481659
YMR152W,YKL028W,0,2.2503514,0.1821078360080719,0.7429999709129333,0.3337000012397766
YFR037C,YHR099W,1,2.2502356,0.18230825662612915,0.7440000176429749,0.3337000012397766
YJR025C,YLR010C,0,2.24988,0.1822635978460312,0.7440000176429749,0.33379998803138733
YAL043C,YHR064C,0,2.24943,0.18221895396709442,0.7440000176429749,0.33390000462532043
YKL135C,YDR054C,0,2.2487504,0.18217433989048004,0.7440000176429749,0.33399999141693115
YDL099W,YGR062C,0,2.248692,0.18212974071502686,0.7440000176429749,0.33410000801086426
YHR021C,YDR103W,0,2.2482586,0.18208517134189606,0.7440000176429749,0.334199994802475
YEL065W,YKL021C,0,2.2481198,0.18204061686992645,0.7440000176429749,0.3343000113964081
YIR012W,YCR028C,0,2.2478862,0.18199609220027924,0.7440000176429749,0.3343999981880188
YBR033W,YBR251W,0,2.2474124,0.1819515824317932,0.7440000176429749,0.3345000147819519
YNL077W,YCL050C,0,2.2471216,0.18190708756446838,0.7440000176429749,0.3346000015735626
YDR074W,YHR025W,0,2.2464201,0.18186262249946594,0.7440000176429749,0.33469998836517334
YGR063C,YPL033C,0,2.2463245,0.1818181872367859,0.7440000176429749,0.33480000495910645
YBR048W,YGL251C,0,2.246128,0.18177376687526703,0.7440000176429749,0.33489999175071716
YHR143W,YBR048W,0,2.245655,0.18172936141490936,0.7440000176429749,0.33500000834465027
YPL022W,YIL126W,1,2.2456114,0.18192918598651886,0.7450000047683716,0.33500000834465027
YJR058C,YPL202C,0,2.2453132,0.181884765625,0.7450000047683716,0.335099995136261
YFR008W,YMR208W,0,2.2450483,0.18184037506580353,0.7450000047683716,0.3352000117301941
YDR536W,YPL090C,0,2.2444901,0.18179599940776825,0.7450000047683716,0.3352999985218048
YMR224C,YHR099W,1,2.2444005,0.18199561536312103,0.7459999918937683,0.3352999985218048
YMR282C,YDR166C,0,2.2440965,0.18195122480392456,0.7459999918937683,0.3353999853134155
YGL155W,YGL059W,0,2.2440166,0.18190684914588928,0.7459999918937683,0.33550000190734863
YNL280C,YBR040W,0,2.243577,0.1818625032901764,0.7459999918937683,0.33559998869895935
YGL021W,YOL125W,0,2.2435694,0.1818181872367859,0.7459999918937683,0.33570000529289246
YMR257C,YHR136C,0,2.2435403,0.18177388608455658,0.7459999918937683,0.3357999920845032
YLR204W,YMR037C,0,2.2435312,0.18172959983348846,0.7459999918937683,0.3359000086784363
YGL137W,YDR448W,0,2.2434583,0.18168534338474274,0.7459999918937683,0.335999995470047
YDR347W,YDR096W,0,2.2433052,0.1816411018371582,0.7459999918937683,0.3361000120639801
YGL249W,YPL028W,0,2.2429557,0.18159689009189606,0.7459999918937683,0.3361999988555908
YLR418C,YOR150W,0,2.2427168,0.1815526932477951,0.7459999918937683,0.33629998564720154
YDR036C,YCR047C,0,2.242676,0.18150851130485535,0.7459999918937683,0.33640000224113464
YDR479C,YBL074C,0,2.2424636,0.18146435916423798,0.7459999918937683,0.33649998903274536
YIL072W,YAL012W,0,2.242236,0.181420236825943,0.7459999918937683,0.33660000562667847
YLR419W,YIL101C,0,2.2417288,0.1813761293888092,0.7459999918937683,0.3366999924182892
YBL103C,YLR172C,0,2.2414358,0.1813320368528366,0.7459999918937683,0.3368000090122223
YPR048W,YLR396C,0,2.241377,0.1812879741191864,0.7459999918937683,0.336899995803833
YBL017C,YMR302C,0,2.2410328,0.1812439262866974,0.7459999918937683,0.3370000123977661
YPR132W,YLR188W,0,2.2410278,0.18119990825653076,0.7459999918937683,0.33709999918937683
YGL206C,YPR186C,0,2.2395396,0.18115590512752533,0.7459999918937683,0.33719998598098755
YJR075W,YML048W,0,2.2393541,0.1811119168996811,0.7459999918937683,0.33730000257492065
YFL039C,YER173W,1,2.2392597,0.18131068348884583,0.746999979019165,0.33730000257492065
YDR523C,YGR135W,0,2.2389803,0.1812666803598404,0.746999979019165,0.33739998936653137
YER029C,YNL166C,0,2.238789,0.18122270703315735,0.746999979019165,0.3375000059604645
YML095C,YOR217W,1,2.2387514,0.18142129480838776,0.7480000257492065,0.3375000059604645
YHR172W,YHR013C,0,2.2383187,0.18137730658054352,0.7480000257492065,0.3375999927520752
YDR071C,YFL044C,0,2.2382865,0.18133333325386047,0.7480000257492065,0.3377000093460083
YOR315W,YPL085W,0,2.2380993,0.18128938972949982,0.7480000257492065,0.337799996137619
YDL060W,YDR130C,0,2.2379606,0.18124546110630035,0.7480000257492065,0.3379000127315521
YBL088C,YHR081W,1,2.2377076,0.18144379556179047,0.7490000128746033,0.3379000127315521
YJL221C,YMR312W,0,2.2375717,0.1813998520374298,0.7490000128746033,0.33799999952316284
YOR124C,YPL202C,0,2.237285,0.18135593831539154,0.7490000128746033,0.33809998631477356
YDR071C,YMR292W,0,2.2363656,0.18131202459335327,0.7490000128746033,0.33820000290870667
YEL013W,YMR312W,0,2.2357285,0.18126815557479858,0.7490000128746033,0.3382999897003174
YDL019C,YGL095C,0,2.2353916,0.1812242865562439,0.7490000128746033,0.3384000062942505
YFR037C,YPL194W,1,2.235318,0.18142235279083252,0.75,0.3384000062942505
YDR481C,YKR058W,0,2.2349923,0.18137848377227783,0.75,0.3384999930858612
YGL173C,YDR443C,0,2.2345629,0.18133462965488434,0.75,0.3386000096797943
YLR370C,YJL025W,0,2.2341564,0.18129079043865204,0.75,0.33869999647140503
YPL231W,YHL019C,0,2.2341185,0.18124698102474213,0.75,0.33880001306533813
YDR118W,YOL056W,0,2.2339678,0.1812031865119934,0.75,0.33889999985694885
YPL060W,YDR069C,0,2.2336202,0.18115942180156708,0.75,0.33899998664855957
YCR009C,YPL095C,0,2.233121,0.18111567199230194,0.75,0.3391000032424927
YHR031C,YER096W,0,2.2329018,0.1810719519853592,0.75,0.3391999900341034
YNR027W,YLR238W,0,2.2328906,0.18102824687957764,0.75,0.3393000066280365
YKL089W,YOL120C,0,2.232727,0.18098455667495728,0.75,0.3393999934196472
YLR106C,YPL028W,0,2.2325206,0.1809408962726593,0.75,0.3395000100135803
YNL166C,YPR028W,0,2.2321858,0.18089725077152252,0.75,0.33959999680519104
YLR373C,YNL115C,0,2.2319021,0.18085363507270813,0.75,0.33970001339912415
YDL141W,YBR009C,0,2.2316482,0.18081003427505493,0.75,0.33980000019073486
YOR174W,YDL110C,0,2.2315497,0.18076644837856293,0.75,0.3398999869823456
YDR236C,YJL073W,0,2.2311506,0.1807228922843933,0.75,0.3400000035762787
YJR121W,YOR092W,0,2.2309031,0.1806793510913849,0.75,0.3400999903678894
YOR067C,YBR122C,0,2.2307997,0.18063583970069885,0.75,0.3402000069618225
YGR154C,YDL146W,0,2.23058,0.180592343211174,0.75,0.3402999937534332
YEL061C,YDR158W,0,2.2298355,0.18054886162281036,0.75,0.34040001034736633
YBR198C,YER106W,0,2.229803,0.1805054098367691,0.75,0.34049999713897705
YGL229C,YOR233W,0,2.2297397,0.18046198785305023,0.75,0.34060001373291016
YDR503C,YJR059W,0,2.2296636,0.18041856586933136,0.75,0.3407000005245209
YBR022W,YLR121C,0,2.229573,0.18037517368793488,0.75,0.3407999873161316
YDR425W,YOR076C,0,2.2286236,0.18033181130886078,0.75,0.3409000039100647
YGL249W,YLR371W,0,2.2280009,0.18028846383094788,0.75,0.3409999907016754
YDL164C,YHR081W,1,2.2278662,0.18048545718193054,0.7509999871253967,0.3409999907016754
YBR097W,YFR005C,0,2.227451,0.18044209480285645,0.7509999871253967,0.3411000072956085
YNL091W,YDL146W,0,2.2273927,0.18039874732494354,0.7509999871253967,0.34119999408721924
YIL072W,YOR221C,0,2.2270832,0.18035542964935303,0.7509999871253967,0.34130001068115234
YDR320C-A,YBR198C,0,2.226891,0.1803121268749237,0.7509999871253967,0.34139999747276306
YDL033C,YML115C,0,2.2267861,0.18026883900165558,0.7509999871253967,0.34150001406669617
YML104C,YPR054W,0,2.2266974,0.18022558093070984,0.7509999871253967,0.3416000008583069
YBR205W,YJR065C,0,2.2266526,0.1801823377609253,0.7509999871253967,0.3416999876499176
YBR296C,YOR322C,0,2.2266095,0.18013912439346313,0.7509999871253967,0.3418000042438507
YBR084W,YGR116W,0,2.2256014,0.18009592592716217,0.7509999871253967,0.3418999910354614
YIR002C,YOR217W,1,2.2255683,0.1802925020456314,0.7519999742507935,0.3418999910354614
YJR015W,YPL258C,0,2.2253904,0.18024927377700806,0.7519999742507935,0.34200000762939453
YLR373C,YMR211W,0,2.2253785,0.1802060902118683,0.7519999742507935,0.34209999442100525
YBR245C,YBR122C,0,2.2252033,0.18016290664672852,0.7519999742507935,0.34220001101493835
YLR090W,YBR105C,0,2.2250803,0.18011976778507233,0.7519999742507935,0.3422999978065491
YBR176W,YBL021C,0,2.2247293,0.18007662892341614,0.7519999742507935,0.3424000144004822
YBR123C,YCR094W,0,2.2247214,0.18003351986408234,0.7519999742507935,0.3425000011920929
YLR074C,YNR047W,0,2.2245312,0.17999042570590973,0.7519999742507935,0.3425999879837036
YOR244W,YOR217W,1,2.2245145,0.18018664419651031,0.753000020980835,0.3425999879837036
YHR021C,YGR101W,0,2.2244325,0.1801435351371765,0.753000020980835,0.3427000045776367
YCR094W,YDR031W,0,2.2240634,0.1801004558801651,0.753000020980835,0.34279999136924744
YAL053W,YFR007W,0,2.223209,0.18005739152431488,0.753000020980835,0.34290000796318054
YHR092C,YKR030W,0,2.2229166,0.18001434206962585,0.753000020980835,0.34299999475479126
YDR283C,YPR028W,0,2.2224731,0.17997132241725922,0.753000020980835,0.34310001134872437
YJL033W,YDR315C,0,2.2224488,0.17992831766605377,0.753000020980835,0.3431999981403351
YJL019W,YLR403W,0,2.2223516,0.17988532781600952,0.753000020980835,0.3433000147342682
YML015C,YDR238C,0,2.2223318,0.17984236776828766,0.753000020980835,0.3434000015258789
YJR013W,YOR116C,0,2.2223024,0.179799422621727,0.753000020980835,0.3434999883174896
YBR289W,YOR217W,1,2.222163,0.17999522387981415,0.7540000081062317,0.3434999883174896
YDR251W,YNL012W,0,2.2216508,0.17995226383209229,0.7540000081062317,0.34360000491142273
YIR017C,YLR139C,0,2.2215242,0.1799093335866928,0.7540000081062317,0.34369999170303345
YPR049C,YGR006W,0,2.221338,0.17986641824245453,0.7540000081062317,0.34380000829696655
YER173W,YOR217W,1,2.2211285,0.18006201088428497,0.7549999952316284,0.34380000829696655
YOR076C,YLR221C,0,2.2209105,0.1800190806388855,0.7549999952316284,0.34389999508857727
YDL164C,YPL121C,1,2.2208195,0.1802145391702652,0.7559999823570251,0.34389999508857727
YPR048W,YBR176W,0,2.219837,0.18017159402370453,0.7559999823570251,0.3440000116825104
YBL103C,YJR060W,0,2.219621,0.18012866377830505,0.7559999823570251,0.3440999984741211
YJL090C,YER147C,1,2.2193592,0.18032395839691162,0.7570000290870667,0.3440999984741211
YER133W,YMR311C,0,2.2192388,0.18028101325035095,0.7570000290870667,0.3441999852657318
YPL194W,YOR244W,1,2.2189589,0.18047618865966797,0.7580000162124634,0.3441999852657318
YHR031C,YEL038W,0,2.2182834,0.1804332286119461,0.7580000162124634,0.3443000018596649
YDR103W,YGR194C,0,2.2180517,0.18039028346538544,0.7580000162124634,0.34439998865127563
YMR100W,YNR007C,0,2.217971,0.18034736812114716,0.7580000162124634,0.34450000524520874
YOR069W,YHR064C,0,2.2175019,0.18030446767807007,0.7580000162124634,0.34459999203681946
YLR086W,YDL127W,0,2.2169995,0.18026159703731537,0.7580000162124634,0.34470000863075256
YOR096W,YBR207W,0,2.2164903,0.18021874129772186,0.7580000162124634,0.3447999954223633
YNL039W,YOR233W,0,2.2164516,0.18017590045928955,0.7580000162124634,0.3449000120162964
YOL018C,YDR368W,0,2.2164285,0.18013307452201843,0.7580000162124634,0.3449999988079071
YLR370C,YHR215W,0,2.2163856,0.1800902783870697,0.7580000162124634,0.3450999855995178
YDR312W,YDR380W,0,2.216329,0.18004751205444336,0.7580000162124634,0.3452000021934509
YAL013W,YDL056W,0,2.2161062,0.18000474572181702,0.7580000162124634,0.34529998898506165
YDR536W,YGR200C,0,2.2147245,0.17996200919151306,0.7580000162124634,0.34540000557899475
YIL115C,YJL062W,0,2.2147212,0.1799193024635315,0.7580000162124634,0.34549999237060547
YOL105C,YDR032C,0,2.214712,0.17987659573554993,0.7580000162124634,0.3456000089645386
YNL322C,YFR008W,0,2.2145963,0.17983393371105194,0.7580000162124634,0.3456999957561493
YER099C,YMR037C,0,2.2135072,0.17979127168655396,0.7580000162124634,0.3458000123500824
YML060W,YMR224C,1,2.213499,0.17998577654361725,0.7590000033378601,0.3458000123500824
YJR110W,YBR176W,0,2.2133193,0.17994309961795807,0.7590000033378601,0.3458999991416931
YMR016C,YMR037C,0,2.2132921,0.17990045249462128,0.7590000033378601,0.34599998593330383
YOL105C,YCR040W,0,2.2132368,0.17985782027244568,0.7590000033378601,0.34610000252723694
YBR286W,YDR103W,0,2.2132182,0.17981520295143127,0.7590000033378601,0.34619998931884766
YMR311C,YNL135C,0,2.2131042,0.17977261543273926,0.7590000033378601,0.34630000591278076
YGL253W,YLR385C,0,2.212527,0.17973004281520844,0.7590000033378601,0.3463999927043915
YKL042W,YIL136W,0,2.2120738,0.1796875,0.7590000033378601,0.3465000092983246
YDR495C,YOL152W,0,2.2117178,0.17964497208595276,0.7590000033378601,0.3465999960899353
YDR052C,YML043C,0,2.2116246,0.1796024590730667,0.7590000033378601,0.3467000126838684
YIR015W,YOR269W,0,2.2115812,0.17955997586250305,0.7590000033378601,0.3467999994754791
YKL178C,YDL067C,0,2.2101638,0.17951750755310059,0.7590000033378601,0.34689998626708984
YNL306W,YIR017C,0,2.2094798,0.17947505414485931,0.7590000033378601,0.34700000286102295
YOR046C,YDL006W,0,2.2094092,0.17943263053894043,0.7590000033378601,0.34709998965263367
YLR188W,YKL034W,0,2.2091787,0.17939022183418274,0.7590000033378601,0.3472000062465668
YIL074C,YBR273C,0,2.2075992,0.17934782803058624,0.7590000033378601,0.3472999930381775
YMR071C,YBL055C,0,2.2073464,0.17930546402931213,0.7590000033378601,0.3474000096321106
YBR286W,YJL008C,0,2.2069728,0.17926311492919922,0.7590000033378601,0.3474999964237213
YBR289W,YGL090W,1,2.2067432,0.1794569045305252,0.7599999904632568,0.3474999964237213
YHR143W,YBR251W,0,2.206374,0.1794145405292511,0.7599999904632568,0.3476000130176544
YCL027W,YCR010C,0,2.2062712,0.17937219142913818,0.7599999904632568,0.34769999980926514
YGR058W,YBR082C,0,2.2060208,0.17932987213134766,0.7599999904632568,0.34779998660087585
YLR418C,YOL139C,0,2.205941,0.17928756773471832,0.7599999904632568,0.34790000319480896
YGR002C,YIL126W,1,2.2057815,0.1794811338186264,0.7609999775886536,0.34790000319480896
YLR048W,YDR088C,0,2.2057755,0.17943881452083588,0.7609999775886536,0.3479999899864197
YMR306W,YKL024C,0,2.205764,0.17939651012420654,0.7609999775886536,0.3481000065803528
YKR062W,YJL190C,0,2.2057278,0.1793542355298996,0.7609999775886536,0.3481999933719635
YOR288C,YMR139W,0,2.2055752,0.17931197583675385,0.7609999775886536,0.3483000099658966
YJR094W-A,YBL060W,0,2.2049828,0.1792697310447693,0.7609999775886536,0.3483999967575073
YBR289W,YJR068W,1,2.2047415,0.17946302890777588,0.7620000243186951,0.3483999967575073
YDR424C,YKL218C,0,2.2039356,0.17942076921463013,0.7620000243186951,0.34850001335144043
YBL088C,YOR244W,1,2.2035356,0.17961393296718597,0.7630000114440918,0.34850001335144043
YJR155W,YGL084C,0,2.203352,0.17957165837287903,0.7630000114440918,0.34860000014305115
YEL015W,YPL149W,0,2.203349,0.17952941358089447,0.7630000114440918,0.34869998693466187
YOL138C,YER133W,0,2.2032528,0.1794871836900711,0.7630000114440918,0.34880000352859497
YML074C,YJR089W,0,2.20322,0.17944496870040894,0.7630000114440918,0.3488999903202057
YHR207C,YBR213W,0,2.2031195,0.17940276861190796,0.7630000114440918,0.3490000069141388
YEL002C,YPR073C,0,2.202112,0.17936059832572937,0.7630000114440918,0.3490999937057495
YOR288C,YDL205C,0,2.2020652,0.17931844294071198,0.7630000114440918,0.3492000102996826
YHR076W,YAL062W,0,2.2019777,0.17927631735801697,0.7630000114440918,0.34929999709129333
YBR050C,YGR295C,0,2.2017164,0.17923420667648315,0.7630000114440918,0.34940001368522644
YER095W,YML060W,1,2.2014472,0.17942696809768677,0.7639999985694885,0.34940001368522644
YPL121C,YPL204W,1,2.2012277,0.17961962521076202,0.7649999856948853,0.34940001368522644
YPL271W,YNL135C,0,2.2011101,0.17957746982574463,0.7649999856948853,0.34950000047683716
YOL125W,YGR279C,0,2.2008154,0.17953531444072723,0.7649999856948853,0.3495999872684479
YKL004W,YPL059W,0,2.200508,0.17949318885803223,0.7649999856948853,0.349700003862381
YJR066W,YOL109W,0,2.2004533,0.1794510930776596,0.7649999856948853,0.3497999906539917
YPL033C,YFR007W,0,2.2004085,0.17940901219844818,0.7649999856948853,0.3499000072479248
YDR358W,YOL120C,0,2.1991174,0.17936694622039795,0.7649999856948853,0.3499999940395355
YMR080C,YER112W,0,2.1988854,0.1793248951435089,0.7649999856948853,0.35010001063346863
YBL088C,YLR427W,1,2.1981747,0.1795172244310379,0.765999972820282,0.35010001063346863
YBR001C,YFL029C,0,2.1977327,0.17947515845298767,0.765999972820282,0.35019999742507935
YER027C,YPL111W,0,2.1976988,0.17943312227725983,0.765999972820282,0.35030001401901245
YOR315W,YMR165C,0,2.197643,0.17939110100269318,0.765999972820282,0.35040000081062317
YOL127W,YKR062W,0,2.1974301,0.17934909462928772,0.765999972820282,0.3504999876022339
YFR032C-A,YIL113W,0,2.1972802,0.17930711805820465,0.765999972820282,0.350600004196167
YNL001W,YBR245C,0,2.197271,0.17926515638828278,0.765999972820282,0.3506999909877777
YNL280C,YFL036W,0,2.1972408,0.1792232096195221,0.765999972820282,0.3508000075817108
YDR533C,YLR266C,0,2.1970918,0.1791812926530838,0.765999972820282,0.35089999437332153
YIR015W,YDR054C,0,2.1967127,0.1791393756866455,0.765999972820282,0.35100001096725464
YNR008W,YNL289W,0,2.1958437,0.1790975034236908,0.765999972820282,0.35109999775886536
YPL231W,YLL050C,0,2.195395,0.17905563116073608,0.765999972820282,0.35120001435279846
YNL149C,YDR368W,0,2.1951056,0.17901378870010376,0.765999972820282,0.3513000011444092
YMR316W,YGR035C,0,2.1950722,0.17897196114063263,0.765999972820282,0.3513999879360199
YNL291C,YER007W,0,2.1948764,0.1789301633834839,0.765999972820282,0.351500004529953
YDR139C,YNL098C,0,2.194847,0.17888836562633514,0.765999972820282,0.3515999913215637
YCR047C,YJL102W,0,2.1948147,0.1788465976715088,0.765999972820282,0.3517000079154968
YDL195W,YBR207W,0,2.194788,0.17880485951900482,0.765999972820282,0.35179999470710754
YBR001C,YDR358W,0,2.1943557,0.17876312136650085,0.765999972820282,0.35190001130104065
YPR063C,YPR192W,0,2.194197,0.17872141301631927,0.765999972820282,0.35199999809265137
YML104C,YDR487C,0,2.194147,0.17867973446846008,0.765999972820282,0.3521000146865845
YNL331C,YJL019W,0,2.19399,0.1786380559206009,0.765999972820282,0.3522000014781952
YPL144W,YLR147C,0,2.1939733,0.1785964071750641,0.765999972820282,0.3522999882698059
YLR238W,YHL047C,0,2.192916,0.17855477333068848,0.765999972820282,0.352400004863739
YDR219C,YGR086C,0,2.1929111,0.17851316928863525,0.765999972820282,0.35249999165534973
YBR001C,YDR487C,0,2.1926425,0.17847158014774323,0.765999972820282,0.35260000824928284
YAL020C,YBL020W,0,2.191998,0.1784300059080124,0.765999972820282,0.35269999504089355
YBR286W,YFL036W,0,2.1908357,0.17838844656944275,0.765999972820282,0.35280001163482666
YAL010C,YDR231C,0,2.1904206,0.1783469170331955,0.765999972820282,0.3528999984264374
YLR008C,YDL205C,0,2.1903706,0.17830540239810944,0.765999972820282,0.3529999852180481
YBL106C,YDR236C,0,2.1902227,0.17826390266418457,0.765999972820282,0.3531000018119812
YNL049C,YNL135C,0,2.1899698,0.1782224327325821,0.765999972820282,0.3531999886035919
YCR072C,YMR086W,0,2.1897497,0.1781809777021408,0.765999972820282,0.353300005197525
YJL143W,YLR079W,0,2.1892838,0.17813953757286072,0.765999972820282,0.35339999198913574
YLR204W,YGL222C,0,2.1891568,0.17809811234474182,0.765999972820282,0.35350000858306885
YJR001W,YIL113W,0,2.1888754,0.1780567169189453,0.765999972820282,0.35359999537467957
YIL051C,YAL034W-A,0,2.1884632,0.17801533639431,0.765999972820282,0.35370001196861267
YDL143W,YER030W,0,2.1881692,0.17797397077083588,0.765999972820282,0.3537999987602234
YMR026C,YJL189W,0,2.1880267,0.17793263494968414,0.765999972820282,0.3538999855518341
YMR247C,YPL172C,0,2.187942,0.1778913140296936,0.765999972820282,0.3540000021457672
YHR101C,YBR291C,0,2.1878614,0.17785000801086426,0.765999972820282,0.35409998893737793
YBL103C,YGR106C,0,2.1878583,0.1778087317943573,0.765999972820282,0.35420000553131104
YOR061W,YDR313C,0,2.1876726,0.17776747047901154,0.765999972820282,0.35429999232292175
YDR440W,YBR160W,1,2.1875072,0.17795823514461517,0.7670000195503235,0.35429999232292175
YMR171C,YAL062W,0,2.1874769,0.17791695892810822,0.7670000195503235,0.35440000891685486
YOR346W,YOR217W,1,2.1873107,0.1781076043844223,0.7680000066757202,0.35440000891685486
YCR098C,YOR080W,0,2.1870594,0.17806631326675415,0.7680000066757202,0.3544999957084656
YDR356W,YLR186W,0,2.186616,0.1780250370502472,0.7680000066757202,0.3546000123023987
YCR053W,YKL024C,0,2.1865444,0.17798377573490143,0.7680000066757202,0.3546999990940094
YJL090C,YOR346W,1,2.1864915,0.1781742423772812,0.7689999938011169,0.3546999990940094
YDR520C,YLR121C,0,2.1859875,0.17813296616077423,0.7689999938011169,0.3547999858856201
YDL141W,YDR236C,0,2.1856723,0.17809170484542847,0.7689999938011169,0.3549000024795532
YBR001C,YOL147C,0,2.184955,0.1780504733324051,0.7689999938011169,0.35499998927116394
YJR058C,YKL143W,0,2.184702,0.1780092567205429,0.7689999938011169,0.35510000586509705
YML106W,YML085C,0,2.1842625,0.1779680699110031,0.7689999938011169,0.35519999265670776
YPL143W,YHR184W,0,2.1842546,0.17792688310146332,0.7689999938011169,0.35530000925064087
YMR086W,YMR312W,0,2.1841865,0.1778857260942459,0.7689999938011169,0.3553999960422516
YIL027C,YML005W,0,2.1837938,0.1778445839881897,0.7689999938011169,0.3555000126361847
YNL158W,YOR127W,0,2.1831214,0.17780347168445587,0.7689999938011169,0.3555999994277954
YDR247W,YHR186C,0,2.183073,0.17776237428188324,0.7689999938011169,0.35569998621940613
YLR265C,YPL153C,1,2.1828766,0.17795239388942719,0.7699999809265137,0.35569998621940613
YDR236C,YNL325C,0,2.182617,0.17791128158569336,0.7699999809265137,0.35580000281333923
YDR511W,YJL136C,0,2.1822987,0.17787018418312073,0.7699999809265137,0.35589998960494995
YJR097W,YPL092W,0,2.1821609,0.1778291016817093,0.7699999809265137,0.35600000619888306
YGR223C,YDR421W,0,2.1821265,0.17778803408145905,0.7699999809265137,0.3560999929904938
YDR247W,YKL212W,0,2.1816535,0.1777469962835312,0.7699999809265137,0.3562000095844269
YNL136W,YLR427W,1,2.1816008,0.17793676257133484,0.7710000276565552,0.3562000095844269
YBR084W,YGR076C,0,2.1813807,0.1778957098722458,0.7710000276565552,0.3562999963760376
YJR104C,YGL222C,0,2.1813488,0.17785467207431793,0.7710000276565552,0.3564000129699707
YMR152W,YKL021C,0,2.1812398,0.17781364917755127,0.7710000276565552,0.3564999997615814
YDR376W,YDR032C,0,2.1812046,0.177772656083107,0.7710000276565552,0.35659998655319214
YMR128W,YOR127W,0,2.181197,0.1777316778898239,0.7710000276565552,0.35670000314712524
YFL029C,YGR071C,0,2.180543,0.17769071459770203,0.7710000276565552,0.35679998993873596
YPL101W,YPL085W,0,2.180531,0.17764976620674133,0.7710000276565552,0.35690000653266907
YDR299W,YHR140W,0,2.1804767,0.17760884761810303,0.7710000276565552,0.3569999933242798
YNL206C,YKL179C,0,2.180255,0.17756794393062592,0.7710000276565552,0.3571000099182129
YDR299W,YCR010C,0,2.1802516,0.17752705514431,0.7710000276565552,0.3571999967098236
YJR066W,YLR048W,0,2.1801095,0.17748618125915527,0.7710000276565552,0.3573000133037567
YGL135W,YMR036C,0,2.1798577,0.17744533717632294,0.7710000276565552,0.35740000009536743
YBL024W,YBR164C,0,2.1798067,0.1774045079946518,0.7710000276565552,0.35749998688697815
YKL143W,YPL149W,0,2.1797783,0.17736369371414185,0.7710000276565552,0.35760000348091125
YJR065C,YOR306C,0,2.1796114,0.17732290923595428,0.7710000276565552,0.357699990272522
YMR208W,YJR089W,0,2.179191,0.17728213965892792,0.7710000276565552,0.3578000068664551
YML060W,YHR081W,1,2.1790571,0.17747126519680023,0.7720000147819519,0.3578000068664551
YDL204W,YER007W,0,2.1788418,0.17743048071861267,0.7720000147819519,0.3578999936580658
YOR155C,YLR134W,0,2.1771061,0.1773897111415863,0.7720000147819519,0.3580000102519989
YDL138W,YOR306C,0,2.1768293,0.17734895646572113,0.7720000147819519,0.3580999970436096
YDR376W,YBR084W,0,2.1766605,0.17730821669101715,0.7720000147819519,0.3582000136375427
YDL231C,YJR134C,0,2.176412,0.17726750671863556,0.7720000147819519,0.35830000042915344
YJL143W,YOR155C,0,2.176084,0.17722681164741516,0.7720000147819519,0.35839998722076416
YPL091W,YCR072C,0,2.1760006,0.17718613147735596,0.7720000147819519,0.35850000381469727
YER051W,YOR337W,0,2.1759086,0.17714548110961914,0.7720000147819519,0.358599990606308
YDR077W,YDR130C,0,2.1758392,0.17710484564304352,0.7720000147819519,0.3587000072002411
YDL085W,YOL133W,0,2.1757407,0.1770642250776291,0.7720000147819519,0.3587999939918518
YIL109C,YOR179C,0,2.1756015,0.17702361941337585,0.7720000147819519,0.3589000105857849
YFR003C,YPR178W,0,2.1751692,0.1769830286502838,0.7720000147819519,0.35899999737739563
YDR341C,YMR056C,0,2.1750226,0.17694246768951416,0.7720000147819519,0.35910001397132874
YER088C,YJR134C,0,2.1747053,0.1769019216299057,0.7720000147819519,0.35920000076293945
YAL053W,YMR139W,0,2.1745439,0.17686139047145844,0.7720000147819519,0.35929998755455017
YIL004C,YMR128W,0,2.1742136,0.17682088911533356,0.7720000147819519,0.3594000041484833
YNR011C,YOL139C,0,2.174026,0.17678040266036987,0.7720000147819519,0.359499990940094
YAL023C,YDR495C,0,2.1738584,0.17673993110656738,0.7720000147819519,0.3596000075340271
YBR289W,YJL090C,1,2.1736832,0.1769283562898636,0.7730000019073486,0.3596000075340271
YDR018C,YLR154C,0,2.1728206,0.1768878698348999,0.7730000019073486,0.3596999943256378
YML106W,YCR054C,0,2.1726117,0.1768473982810974,0.7730000019073486,0.3598000109195709
YNL330C,YOR290C,1,2.1725845,0.17703567445278168,0.7739999890327454,0.3598000109195709
YKL021C,YLR120C,0,2.1722856,0.1769952028989792,0.7739999890327454,0.35989999771118164
YIL126W,YCR092C,1,2.1720452,0.1771833598613739,0.7749999761581421,0.35989999771118164
YOR047C,YHR031C,0,2.1718798,0.17714285850524902,0.7749999761581421,0.36000001430511475
YNL166C,YMR152W,0,2.1718612,0.17710237205028534,0.7749999761581421,0.36010000109672546
YNL049C,YDL008W,0,2.1718245,0.17706191539764404,0.7749999761581421,0.3601999878883362
YAL021C,YLR276C,0,2.1713796,0.17702147364616394,0.7749999761581421,0.3603000044822693
YDL143W,YOR080W,0,2.1710527,0.17698104679584503,0.7749999761581421,0.36039999127388
YJL065C,YPR032W,0,2.1706734,0.17694063484668732,0.7749999761581421,0.3605000078678131
YGL232W,YOL071W,0,2.170106,0.176900252699852,0.7749999761581421,0.36059999465942383
YJL129C,YLR450W,0,2.1695828,0.17685988545417786,0.7749999761581421,0.36070001125335693
YKL218C,YOL100W,0,2.1693025,0.17681953310966492,0.7749999761581421,0.36079999804496765
YDR011W,YCR047C,0,2.1691992,0.17677919566631317,0.7749999761581421,0.36090001463890076
YOR182C,YOR347C,0,2.1687994,0.1767388880252838,0.7749999761581421,0.3610000014305115
YHL040C,YOR322C,0,2.1685367,0.17669858038425446,0.7749999761581421,0.3610999882221222
YJL101C,YJL109C,0,2.1685228,0.17665830254554749,0.7749999761581421,0.3612000048160553
YOR075W,YER044C,0,2.1684632,0.1766180545091629,0.7749999761581421,0.361299991607666
YGR009C,YOR014W,0,2.1680145,0.17657780647277832,0.7749999761581421,0.3614000082015991
YHL016C,YLR121C,0,2.1675816,0.17653758823871613,0.7749999761581421,0.36149999499320984
YBL022C,YGR135W,0,2.16757,0.17649738490581512,0.7749999761581421,0.36160001158714294
YGR241C,YDR483W,0,2.1674514,0.17645719647407532,0.7749999761581421,0.36169999837875366
YDR069C,YOR369C,0,2.167438,0.1764170229434967,0.7749999761581421,0.3617999851703644
YOR047C,YJR013W,0,2.167357,0.17637687921524048,0.7749999761581421,0.3619000017642975
YDR011W,YAL025C,0,2.167121,0.17633675038814545,0.7749999761581421,0.3619999885559082
YDR448W,YPL189C-A,0,2.1670957,0.1762966364622116,0.7749999761581421,0.3621000051498413
YGL168W,YGR191W,0,2.166939,0.17625653743743896,0.7749999761581421,0.362199991941452
YGR124W,YEL058W,0,2.166308,0.1762164682149887,0.7749999761581421,0.36230000853538513
YAR019C,YML009C,0,2.166286,0.17617639899253845,0.7749999761581421,0.36239999532699585
YOR224C,YDR088C,0,2.1662765,0.17613635957241058,0.7749999761581421,0.36250001192092896
YEL059C-A,YAL062W,0,2.1662533,0.1760963350534439,0.7749999761581421,0.3625999987125397
YDR318W,YCR075C,0,2.1661432,0.17605634033679962,0.7749999761581421,0.3626999855041504
YGR184C,YDR368W,0,2.1658046,0.17601634562015533,0.7749999761581421,0.3628000020980835
YER027C,YBR166C,0,2.1654217,0.17597638070583344,0.7749999761581421,0.3628999888896942
YNL227C,YGR188C,0,2.1651795,0.17593643069267273,0.7749999761581421,0.3630000054836273
YCR039C,YLR176C,0,2.1645412,0.1758965104818344,0.7749999761581421,0.36309999227523804
YFR015C,YIL138C,0,2.1642842,0.1758565902709961,0.7749999761581421,0.36320000886917114
YBR158W,YDR501W,0,2.1641397,0.17581669986248016,0.7749999761581421,0.36329999566078186
YIL004C,YDR322W,0,2.1641238,0.17577682435512543,0.7749999761581421,0.36340001225471497
YOR308C,YBL106C,0,2.1638484,0.17573696374893188,0.7749999761581421,0.3634999990463257
YMR188C,YHR064C,0,2.1637545,0.17569711804389954,0.7749999761581421,0.3635999858379364
YML106W,YBR241C,0,2.1636508,0.17565730214118958,0.7749999761581421,0.3637000024318695
YGR029W,YBL069W,0,2.1633656,0.1756175011396408,0.7749999761581421,0.3637999892234802
YKL034W,YJR135W-A,0,2.1630316,0.17557770013809204,0.7749999761581421,0.36390000581741333
YKL135C,YOR070C,0,2.1626508,0.17553794384002686,0.7749999761581421,0.36399999260902405
YJL019W,YML042W,0,2.1625977,0.17549818754196167,0.7749999761581421,0.36410000920295715
YDR418W,YPL059W,0,2.162467,0.17545846104621887,0.7749999761581421,0.36419999599456787
YFL039C,YLR265C,1,2.1623101,0.17564508318901062,0.7760000228881836,0.36419999599456787
YML113W,YML091C,0,2.1620295,0.17560534179210663,0.7760000228881836,0.364300012588501
YER153C,YDL146W,0,2.1615343,0.17556561529636383,0.7760000228881836,0.3643999993801117
YKR090W,YBR033W,0,2.1613493,0.17552590370178223,0.7760000228881836,0.3644999861717224
YGL205W,YJR160C,0,2.1612282,0.17548620700836182,0.7760000228881836,0.3646000027656555
YHR076W,YGR218W,0,2.1610045,0.1754465252161026,0.7760000228881836,0.36469998955726624
YBR033W,YAL053W,0,2.160071,0.17540687322616577,0.7760000228881836,0.36480000615119934
YDR033W,YML027W,0,2.1598508,0.17536723613739014,0.7760000228881836,0.36489999294281006
YBR097W,YJL156C,0,2.1598244,0.1753276139497757,0.7760000228881836,0.36500000953674316
YIL111W,YDL082W,0,2.159515,0.17528800666332245,0.7760000228881836,0.3650999963283539
YPL059W,YKL212W,0,2.1594615,0.1752484142780304,0.7760000228881836,0.365200012922287
YMR004W,YOR070C,0,2.1593993,0.17520885169506073,0.7760000228881836,0.3652999997138977
YKL212W,YAL058W,0,2.159113,0.17516930401325226,0.7760000228881836,0.3653999865055084
YDL143W,YDR501W,0,2.1590922,0.17512977123260498,0.7760000228881836,0.36550000309944153
YLR100W,YML087C,0,2.1590848,0.1750902533531189,0.7760000228881836,0.36559998989105225
YOR326W,YGR037C,0,2.1588717,0.175050750374794,0.7760000228881836,0.36570000648498535
YER051W,YBR297W,0,2.158783,0.1750112771987915,0.7760000228881836,0.36579999327659607
YJR139C,YDR524C,0,2.1587417,0.1749718189239502,0.7760000228881836,0.3659000098705292
YDL101C,YPL022W,1,2.158277,0.1751578003168106,0.7770000100135803,0.3659000098705292
YNL301C,YIL113W,0,2.1581466,0.1751183271408081,0.7770000100135803,0.3659999966621399
YLR318W,YNL151C,0,2.1577828,0.1750788688659668,0.7770000100135803,0.366100013256073
YMR127C,YPL048W,0,2.157504,0.17503942549228668,0.7770000100135803,0.3662000000476837
YKR105C,YER113C,0,2.1574287,0.17499999701976776,0.7770000100135803,0.36629998683929443
YHR101C,YDR520C,0,2.15694,0.17496059834957123,0.7770000100135803,0.36640000343322754
YJR058C,YBL074C,0,2.1569312,0.1749211996793747,0.7770000100135803,0.36649999022483826
YLR266C,YDR368W,0,2.1565359,0.17488183081150055,0.7770000100135803,0.36660000681877136
YMR171C,YOL120C,0,2.1556296,0.1748424768447876,0.7770000100135803,0.3666999936103821
YMR109W,YDL095W,0,2.1547835,0.17480315268039703,0.7770000100135803,0.3668000102043152
YDR356W,YER126C,0,2.1540618,0.17476382851600647,0.7770000100135803,0.3668999969959259
YOR037W,YFL044C,0,2.1538053,0.1747245341539383,0.7770000100135803,0.367000013589859
YER068W,YMR070W,0,2.1533327,0.1746852546930313,0.7770000100135803,0.3671000003814697
YLR090W,YLR238W,0,2.1529925,0.17464599013328552,0.7770000100135803,0.36719998717308044
YPL090C,YOR120W,0,2.1524143,0.17460674047470093,0.7770000100135803,0.36730000376701355
YOL127W,YMR150C,0,2.152201,0.17456750571727753,0.7770000100135803,0.36739999055862427
YMR127C,YJL041W,0,2.1516027,0.1745283007621765,0.7770000100135803,0.3675000071525574
YMR292W,YKR030W,0,2.15125,0.1744891107082367,0.7770000100135803,0.3675999939441681
YKL181W,YDR252W,0,2.150552,0.17444993555545807,0.7770000100135803,0.3677000105381012
YMR290C,YDR117C,0,2.1504157,0.17441077530384064,0.7770000100135803,0.3677999973297119
YOL002C,YPL123C,0,2.1502557,0.1743716299533844,0.7770000100135803,0.367900013923645
YBR296C,YDR421W,0,2.1499708,0.17433251440525055,0.7770000100135803,0.36800000071525574
YDL143W,YPL123C,0,2.1497803,0.1742933988571167,0.7770000100135803,0.36809998750686646
YNL158W,YGL249W,0,2.149734,0.17425431311130524,0.7770000100135803,0.36820000410079956
YPR166C,YIL115C,0,2.1495645,0.17421524226665497,0.7770000100135803,0.3682999908924103
YMR264W,YGR076C,0,2.1494737,0.1741761863231659,0.7770000100135803,0.3684000074863434
YER061C,YML048W,0,2.148809,0.1741371601819992,0.7770000100135803,0.3684999942779541
YHR099W,YPL204W,1,2.1487703,0.1743222028017044,0.777999997138977,0.3684999942779541
YOR116C,YOL152W,0,2.1486435,0.17428314685821533,0.777999997138977,0.3686000108718872
YER095W,YBR289W,1,2.1484368,0.17446808516979218,0.7789999842643738,0.3686000108718872
YMR023C,YLR276C,0,2.148212,0.1744290143251419,0.7789999842643738,0.3686999976634979
YLR438C-A,YPL033C,0,2.1467676,0.17438997328281403,0.7789999842643738,0.36880001425743103
YKL135C,YMR043W,0,2.1465025,0.17435094714164734,0.7789999842643738,0.36890000104904175
YDR447C,YGL095C,0,2.146286,0.17431192100048065,0.7789999842643738,0.36899998784065247
YJR104C,YBL106C,0,2.146151,0.17427292466163635,0.7789999842643738,0.36910000443458557
YAL053W,YBR158W,0,2.146021,0.17423395812511444,0.7789999842643738,0.3691999912261963
YGR154C,YLR186W,0,2.1457663,0.17419499158859253,0.7789999842643738,0.3693000078201294
YMR211W,YDL110C,0,2.1456964,0.1741560399532318,0.7789999842643738,0.3693999946117401
YOR174W,YHR052W,0,2.1455941,0.17411711812019348,0.7789999842643738,0.3695000112056732
YER027C,YJR060W,0,2.1451578,0.17407821118831635,0.7789999842643738,0.36959999799728394
YGL090W,YIL126W,1,2.144095,0.17426273226737976,0.7799999713897705,0.36959999799728394
YLR015W,YDR238C,0,2.1440563,0.17422381043434143,0.7799999713897705,0.36970001459121704
YDL080C,YPL157W,0,2.1438289,0.1741849035024643,0.7799999713897705,0.36980000138282776
YLR419W,YDR313C,0,2.1437244,0.17414601147174835,0.7799999713897705,0.3698999881744385
YOR096W,YDL205C,0,2.1436033,0.1741071492433548,0.7799999713897705,0.3700000047683716
YEL017C-A,YFR005C,0,2.1435006,0.17406828701496124,0.7799999713897705,0.3700999915599823
YGR101W,YDR071C,0,2.1429403,0.17402945458889008,0.7799999713897705,0.3702000081539154
YDL200C,YLR032W,1,2.1427655,0.1742136925458908,0.781000018119812,0.3702000081539154
YOL133W,YPL068C,0,2.1420262,0.17417484521865845,0.781000018119812,0.3702999949455261
YOR384W,YPR168W,0,2.141892,0.17413601279258728,0.781000018119812,0.37040001153945923
YMR098C,YDR128W,0,2.1416972,0.1740971952676773,0.781000018119812,0.37049999833106995
YJL072C,YIL093C,0,2.1416187,0.17405839264392853,0.781000018119812,0.37059998512268066
YPL121C,YML060W,1,2.140616,0.17424242198467255,0.7820000052452087,0.37059998512268066
YBR058C,YJL189W,0,2.1405897,0.17420360445976257,0.7820000052452087,0.37070000171661377
YDR074W,YJR160C,0,2.1403744,0.174164816737175,0.7820000052452087,0.3707999885082245
YJR076C,YDR169C,0,2.1402261,0.1741260290145874,0.7820000052452087,0.3709000051021576
YOL152W,YPL031C,0,2.1394956,0.1740872710943222,0.7820000052452087,0.3709999918937683
YDR036C,YKL116C,0,2.1390061,0.174048513174057,0.7820000052452087,0.3711000084877014
YJL165C,YDR465C,0,2.1389475,0.1740097850561142,0.7820000052452087,0.37119999527931213
YHR105W,YDR520C,0,2.1384056,0.17397107183933258,0.7820000052452087,0.37130001187324524
YIL090W,YCL066W,0,2.1382575,0.17393238842487335,0.7820000052452087,0.37139999866485596
YDL204W,YPL068C,0,2.1381469,0.17389370501041412,0.7820000052452087,0.3714999854564667
YIL111W,YOR269W,0,2.1381278,0.17385505139827728,0.7820000052452087,0.3716000020503998
YDR320C-A,YAL021C,0,2.1380215,0.17381639778614044,0.7820000052452087,0.3716999888420105
YOR039W,YDR247W,0,2.1376362,0.173777773976326,0.7820000052452087,0.3718000054359436
YFL039C,YHR099W,1,2.1365843,0.173961341381073,0.7829999923706055,0.3718000054359436
YNL330C,YDR224C,1,2.1363018,0.17414481937885284,0.7839999794960022,0.3718000054359436
YDL085W,YER126C,0,2.1362977,0.1741061508655548,0.7839999794960022,0.3718999922275543
YOR037W,YNL049C,0,2.135398,0.17406749725341797,0.7839999794960022,0.3720000088214874
YGR188C,YDR380W,0,2.1353822,0.17402885854244232,0.7839999794960022,0.37209999561309814
YKR062W,YIL072W,0,2.135139,0.17399023473262787,0.7839999794960022,0.37220001220703125
YFL041W,YPL068C,0,2.1351147,0.1739516258239746,0.7839999794960022,0.37229999899864197
YOR036W,YGR006W,0,2.1350968,0.17391304671764374,0.7839999794960022,0.3723999857902527
YMR233W,YML048W,0,2.1350672,0.17387446761131287,0.7839999794960022,0.3725000023841858
YLR170C,YLR201C,0,2.135048,0.17383591830730438,0.7839999794960022,0.3725999891757965
YPL091W,YLR459W,0,2.1349015,0.1737973839044571,0.7839999794960022,0.3727000057697296
YDR456W,YLR074C,0,2.1346166,0.173758864402771,0.7839999794960022,0.37279999256134033
YDR420W,YPR021C,0,2.134271,0.1737203598022461,0.7839999794960022,0.37290000915527344
YOR347C,YKL181W,0,2.1335099,0.17368188500404358,0.7839999794960022,0.37299999594688416
YIL138C,YLL035W,0,2.1332016,0.17364341020584106,0.7839999794960022,0.37310001254081726
YHR153C,YKL056C,0,2.132759,0.17360496520996094,0.7839999794960022,0.373199999332428
YBL022C,YMR150C,0,2.1326766,0.1735665202140808,0.7839999794960022,0.3732999861240387
YJR075W,YDR320C,0,2.132434,0.17352810502052307,0.7839999794960022,0.3734000027179718
YDR046C,YDR283C,0,2.1321611,0.17348970472812653,0.7839999794960022,0.3734999895095825
YJL125C,YBR245C,0,2.1321537,0.17345133423805237,0.7839999794960022,0.3736000061035156
YJR104C,YGL106W,0,2.131823,0.1734129637479782,0.7839999794960022,0.37369999289512634
YIL093C,YBR048W,0,2.1315207,0.17337460815906525,0.7839999794960022,0.37380000948905945
YLL062C,YMR211W,0,2.131325,0.17333628237247467,0.7839999794960022,0.37389999628067017
YDL043C,YOL152W,0,2.1313202,0.1732979714870453,0.7839999794960022,0.37400001287460327
YFL004W,YMR017W,0,2.130381,0.1732596755027771,0.7839999794960022,0.374099999666214
YDL164C,YAR007C,1,2.1303637,0.17344233393669128,0.7850000262260437,0.374099999666214
YBR030W,YJL062W,0,2.1300628,0.1734040230512619,0.7850000262260437,0.3741999864578247
YFL004W,YIL145C,0,2.1295104,0.1733657270669937,0.7850000262260437,0.3743000030517578
YOR076C,YMR094W,0,2.1293926,0.17332744598388672,0.7850000262260437,0.37439998984336853
YDR456W,YBR198C,0,2.1293786,0.17328917980194092,0.7850000262260437,0.37450000643730164
YDR288W,YLR265C,1,2.128928,0.17347164452075958,0.7860000133514404,0.37450000643730164
YIL034C,YPL033C,0,2.128666,0.1734333634376526,0.7860000133514404,0.37459999322891235
YOL117W,YHR181W,0,2.1280706,0.1733950972557068,0.7860000133514404,0.37470000982284546
YOL031C,YJR121W,0,2.128008,0.17335686087608337,0.7860000133514404,0.3747999966144562
YNL242W,YMR302C,0,2.1279979,0.17331863939762115,0.7860000133514404,0.3749000132083893
YGL090W,YLR357W,1,2.1278214,0.1735008805990219,0.7870000004768372,0.3749000132083893
YDR279W,YDR018C,0,2.127667,0.1734626442193985,0.7870000004768372,0.375
YKL140W,YGL009C,0,2.1276104,0.17342442274093628,0.7870000004768372,0.3750999867916107
YGL106W,YDR044W,0,2.1274729,0.17338620126247406,0.7870000004768372,0.3752000033855438
YDR520C,YBL082C,0,2.1272597,0.17334802448749542,0.7870000004768372,0.37529999017715454
YDL108W,YGR262C,0,2.1271677,0.17330984771251678,0.7870000004768372,0.37540000677108765
YEL065W,YDR103W,0,2.127074,0.17327168583869934,0.7870000004768372,0.37549999356269836
YER140W,YDL056W,0,2.1268184,0.1732335388660431,0.7870000004768372,0.37560001015663147
YCR009C,YDL115C,0,2.1267736,0.17319542169570923,0.7870000004768372,0.3756999969482422
YBR251W,YBR164C,0,2.1267114,0.17315731942653656,0.7870000004768372,0.3758000135421753
YBL103C,YOR269W,0,2.126529,0.17311923205852509,0.7870000004768372,0.375900000333786
YGL178W,YNR047W,0,2.1264544,0.1730811595916748,0.7870000004768372,0.37599998712539673
YBR160W,YLR357W,1,2.1264358,0.17326296865940094,0.7879999876022339,0.37599998712539673
YDL231C,YPL091W,0,2.1262527,0.17322488129138947,0.7879999876022339,0.37610000371932983
YOR396W,YPL038W,0,2.1262507,0.17318680882453918,0.7879999876022339,0.37619999051094055
YKL154W,YLR438C-A,0,2.1262355,0.1731487512588501,0.7879999876022339,0.37630000710487366
YGR262C,YDR380W,0,2.1261978,0.1731107234954834,0.7879999876022339,0.3763999938964844
YJR139C,YML077W,0,2.1259887,0.1730726957321167,0.7879999876022339,0.3765000104904175
YMR139W,YPL231W,0,2.12584,0.1730346977710724,0.7879999876022339,0.3765999972820282
YDR424C,YGL059W,0,2.1257334,0.17299669981002808,0.7879999876022339,0.3767000138759613
YBR024W,YOR288C,0,2.1256309,0.17295873165130615,0.7879999876022339,0.376800000667572
YER114C,YDR511W,0,2.1255627,0.17292077839374542,0.7879999876022339,0.37689998745918274
YHR028C,YDR520C,0,2.1254475,0.1728828400373459,0.7879999876022339,0.37700000405311584
YOR391C,YGR158C,0,2.125288,0.17284491658210754,0.7879999876022339,0.37709999084472656
YDR139C,YDR380W,0,2.1251185,0.1728070229291916,0.7879999876022339,0.37720000743865967
YBR205W,YLR356W,0,2.1248105,0.17276912927627563,0.7879999876022339,0.3772999942302704
YHR101C,YOR039W,0,2.124681,0.17273126542568207,0.7879999876022339,0.3774000108242035
YOL103W,YNL101W,0,2.124503,0.1726934015750885,0.7879999876022339,0.3774999976158142
YKL179C,YPL149W,0,2.1243684,0.17265556752681732,0.7879999876022339,0.3776000142097473
YDR052C,YPR192W,0,2.1243563,0.17261774837970734,0.7879999876022339,0.37770000100135803
YDR376W,YIR017C,0,2.1240273,0.17257994413375854,0.7879999876022339,0.37779998779296875
YMR070W,YBR164C,0,2.124019,0.17254215478897095,0.7879999876022339,0.37790000438690186
YMR088C,YDR265W,0,2.124012,0.17250438034534454,0.7879999876022339,0.3779999911785126
YDR534C,YCR054C,0,2.1237516,0.17246662080287933,0.7879999876022339,0.3781000077724457
YJL219W,YGR241C,0,2.1237311,0.1724288910627365,0.7879999876022339,0.3781999945640564
YBR084W,YFR007W,0,2.123714,0.1723911613225937,0.7879999876022339,0.3783000111579895
YKL156W,YNL289W,0,2.1234107,0.17235346138477325,0.7879999876022339,0.3783999979496002
YHL019C,YDR318W,0,2.1233253,0.17231576144695282,0.7879999876022339,0.3785000145435333
YKL089W,YDL136W,0,2.123304,0.17227809131145477,0.7879999876022339,0.37860000133514404
YPL101W,YLR121C,0,2.1231012,0.17224043607711792,0.7879999876022339,0.37869998812675476
YNL166C,YER053C,0,2.1228235,0.17220279574394226,0.7879999876022339,0.37880000472068787
YML009C,YGR001C,0,2.1223626,0.1721651703119278,0.7879999876022339,0.3788999915122986
YDR265W,YMR314W,0,2.122159,0.17212755978107452,0.7879999876022339,0.3790000081062317
YDL101C,YPL153C,1,2.12211,0.17230837047100067,0.7889999747276306,0.3790000081062317
YMR142C,YFR008W,0,2.1219344,0.1722707450389862,0.7889999747276306,0.3790999948978424
YIL160C,YOR127W,0,2.121787,0.17223313450813293,0.7889999747276306,0.3792000114917755
YML094W,YPL123C,0,2.1217208,0.17219555377960205,0.7889999747276306,0.37929999828338623
YPL068C,YMR311C,0,2.1212802,0.17215797305107117,0.7889999747276306,0.37940001487731934
YDR440W,YNL218W,1,2.1209075,0.1723385751247406,0.7900000214576721,0.37940001487731934
YKL179C,YOR069W,0,2.1205678,0.17230097949504852,0.7900000214576721,0.37950000166893005
YER153C,YDR116C,0,2.1204257,0.17226341366767883,0.7900000214576721,0.37959998846054077
YDR169C,YJR135W-A,0,2.1201997,0.17222586274147034,0.7900000214576721,0.3797000050544739
YPR041W,YBL023C,0,2.1201947,0.17218831181526184,0.7900000214576721,0.3797999918460846
YGL161C,YKL181W,0,2.119906,0.17215079069137573,0.7900000214576721,0.3799000084400177
YER029C,YBL078C,0,2.1199052,0.17211328446865082,0.7900000214576721,0.3799999952316284
YJL056C,YKL056C,0,2.1194906,0.1720757931470871,0.7900000214576721,0.3801000118255615
YDL060W,YOR070C,0,2.1194816,0.17203833162784576,0.7900000214576721,0.38019999861717224
YDR533C,YDR495C,0,2.1193929,0.17200087010860443,0.7900000214576721,0.38029998540878296
YLR364W,YPR073C,0,2.1187644,0.1719634234905243,0.7900000214576721,0.38040000200271606
YOR175C,YLR246W,0,2.1186376,0.17192600667476654,0.7900000214576721,0.3804999887943268
YJL041W,YDR044W,0,2.118559,0.17188860476016998,0.7900000214576721,0.3806000053882599
YLR357W,YPL204W,1,2.1182628,0.1720687448978424,0.7910000085830688,0.3806000053882599
YLR106C,YCL031C,0,2.1182463,0.17203131318092346,0.7910000085830688,0.3806999921798706
YOR037W,YLR106C,0,2.1174397,0.1719939112663269,0.7910000085830688,0.3808000087738037
YNL166C,YJR076C,0,2.1172304,0.17195652425289154,0.7910000085830688,0.38089999556541443
YPR178W,YLL035W,0,2.1168613,0.17191915214061737,0.7910000085830688,0.38100001215934753
YBR289W,YPL153C,1,2.1168525,0.17209908366203308,0.7919999957084656,0.38100001215934753
YCR010C,YKR050W,0,2.1165178,0.17206169664859772,0.7919999957084656,0.38109999895095825
YGL119W,YDR478W,0,2.116476,0.17202432453632355,0.7919999957084656,0.38119998574256897
YJR010C-A,YCR040W,0,2.1164532,0.17198696732521057,0.7919999957084656,0.3813000023365021
YNL293W,YBL017C,0,2.1162553,0.1719496250152588,0.7919999957084656,0.3813999891281128
YLR038C,YJR060W,0,2.1159005,0.1719123125076294,0.7919999957084656,0.3815000057220459
YOR155C,YJL148W,0,2.11578,0.171875,0.7919999957084656,0.3815999925136566
YHR092C,YLR441C,0,2.1156824,0.1718377023935318,0.7919999957084656,0.3817000091075897
YBR036C,YKL034W,0,2.1154993,0.171800434589386,0.7919999957084656,0.38179999589920044
YBR296C,YEL002C,0,2.1151252,0.17176318168640137,0.7919999957084656,0.38190001249313354
YPL206C,YHR215W,0,2.1147058,0.17172592878341675,0.7919999957084656,0.38199999928474426
YNL306W,YPL214C,0,2.1143017,0.17168870568275452,0.7919999957084656,0.382099986076355
YBR213W,YPL095C,0,2.1142657,0.17165149748325348,0.7919999957084656,0.3822000026702881
YOR046C,YML088W,0,2.1142635,0.17161430418491364,0.7919999957084656,0.3822999894618988
YOL100W,YDL138W,0,2.1135921,0.17157712578773499,0.7919999957084656,0.3824000060558319
YMR201C,YGR002C,1,2.1134925,0.1717565506696701,0.7929999828338623,0.3824000060558319
YLR090W,YBL022C,0,2.113243,0.17171935737133026,0.7929999828338623,0.3824999928474426
YMR100W,YGR223C,0,2.112908,0.1716821789741516,0.7929999828338623,0.38260000944137573
YGR035C,YGR262C,0,2.112834,0.17164501547813416,0.7929999828338623,0.38269999623298645
YDR096W,YGL222C,0,2.1128101,0.1716078817844391,0.7929999828338623,0.38280001282691956
YBR296C,YDR117C,0,2.1125984,0.17157074809074402,0.7929999828338623,0.3828999996185303
YEL064C,YER113C,0,2.1125495,0.17153362929821014,0.7929999828338623,0.382999986410141
YFR006W,YPR031W,0,2.11131,0.17149654030799866,0.7929999828338623,0.3831000030040741
YJL090C,YOR290C,1,2.1112752,0.1716756820678711,0.7940000295639038,0.3831000030040741
YOR057W,YGR123C,0,2.1110384,0.17163856327533722,0.7940000295639038,0.3831999897956848
YHR206W,YIL084C,0,2.1108646,0.17160147428512573,0.7940000295639038,0.3833000063896179
YFL036W,YER056C-A,0,2.1099052,0.17156438529491425,0.7940000295639038,0.38339999318122864
YLR038C,YHR167W,0,2.1093316,0.17152732610702515,0.7940000295639038,0.38350000977516174
YNL330C,YDL101C,1,2.1091404,0.17170625925064087,0.7950000166893005,0.38350000977516174
YDL164C,YHR099W,1,2.1088169,0.17188511788845062,0.7960000038146973,0.38350000977516174
YNL330C,YOR346W,1,2.10874,0.1720639020204544,0.796999990940094,0.38350000977516174
YDL130W,YDR380W,0,2.1081355,0.17202676832675934,0.796999990940094,0.38359999656677246
YLR201C,YER056C-A,0,2.1079013,0.17198963463306427,0.796999990940094,0.38370001316070557
YGL173C,YNL242W,0,2.1078696,0.1719525307416916,0.796999990940094,0.3837999999523163
YBR001C,YFR008W,0,2.1073613,0.1719154417514801,0.796999990940094,0.383899986743927
YGR076C,YFL037W,0,2.1069973,0.1718783676624298,0.796999990940094,0.3840000033378601
YGL191W,YBL055C,0,2.106744,0.1718413084745407,0.796999990940094,0.3840999901294708
YPL148C,YFL037W,0,2.1061072,0.1718042641878128,0.796999990940094,0.38420000672340393
YLR459W,YJR155W,0,2.1059232,0.1717672348022461,0.796999990940094,0.38429999351501465
YJL072C,YPR184W,0,2.1056051,0.17173023521900177,0.796999990940094,0.38440001010894775
YEL002C,YBL055C,0,2.1055188,0.17169323563575745,0.796999990940094,0.38449999690055847
YGL213C,YGR006W,0,2.105396,0.17165625095367432,0.796999990940094,0.3846000134944916
YIL009C-A,YOR080W,0,2.1049747,0.17161929607391357,0.796999990940094,0.3847000002861023
YNR047W,YML063W,0,2.1049728,0.17158234119415283,0.796999990940094,0.384799987077713
YLL062C,YKR050W,0,2.1047003,0.17154541611671448,0.796999990940094,0.3849000036716461
YOR308C,YML116W,0,2.1044254,0.17150850594043732,0.796999990940094,0.38499999046325684
YGL253W,YGR188C,0,2.1039112,0.17147159576416016,0.796999990940094,0.38510000705718994
YPR049C,YNL301C,0,2.1035738,0.17143471539020538,0.796999990940094,0.38519999384880066
YLR357W,YLR265C,1,2.1032295,0.1716129034757614,0.7979999780654907,0.38519999384880066
YJL219W,YGL161C,0,2.1031842,0.17157600820064545,0.7979999780654907,0.38530001044273376
YEL059C-A,YDR069C,0,2.103128,0.17153912782669067,0.7979999780654907,0.3853999972343445
YOR116C,YPL155C,0,2.1025345,0.1715022623538971,0.7979999780654907,0.3855000138282776
YDR238C,YKL059C,0,2.1024585,0.1714654117822647,0.7979999780654907,0.3856000006198883
YBR041W,YBL020W,0,2.1020138,0.17142857611179352,0.7979999780654907,0.385699987411499
YGL021W,YBL054W,0,2.1014357,0.17139175534248352,0.7979999780654907,0.38580000400543213
YJR139C,YDR118W,0,2.101377,0.17135494947433472,0.7979999780654907,0.38589999079704285
YER099C,YOR326W,0,2.101086,0.1713181585073471,0.7979999780654907,0.38600000739097595
YGL095C,YDR400W,0,2.100935,0.17128139734268188,0.7979999780654907,0.38609999418258667
YMR281W,YNL149C,0,2.1007118,0.17124463617801666,0.7979999780654907,0.3862000107765198
YMR100W,YJL065C,0,2.1006396,0.17120788991451263,0.7979999780654907,0.3862999975681305
YKL212W,YPL095C,0,2.100606,0.171171173453331,0.7979999780654907,0.3864000141620636
YCR004C,YDR103W,0,2.0999556,0.17113445699214935,0.7979999780654907,0.3865000009536743
YDL231C,YNR022C,0,2.0996356,0.1710977703332901,0.7979999780654907,0.38659998774528503
YDL136W,YNL331C,0,2.099607,0.17106109857559204,0.7979999780654907,0.38670000433921814
YOR201C,YFR015C,0,2.0994558,0.17102442681789398,0.7979999780654907,0.38679999113082886
YGL168W,YOL149W,0,2.09909,0.1709877848625183,0.7979999780654907,0.38690000772476196
YDR448W,YOR265W,0,2.098998,0.17095115780830383,0.7979999780654907,0.3869999945163727
YHL032C,YOL056W,0,2.098816,0.17091454565525055,0.7979999780654907,0.3871000111103058
YML095C,YLR357W,1,2.0985062,0.17109207808971405,0.7990000247955322,0.3871000111103058
YOL127W,YAR019C,0,2.0975957,0.17105545103549957,0.7990000247955322,0.3871999979019165
YGR263C,YNL101W,0,2.0975118,0.1710188388824463,0.7990000247955322,0.3873000144958496
YDR456W,YNL166C,0,2.096962,0.1709822416305542,0.7990000247955322,0.3874000012874603
YMR042W,YOR233W,0,2.0967603,0.1709456592798233,0.7990000247955322,0.38749998807907104
YLR265C,YPL204W,1,2.0965178,0.17112299799919128,0.800000011920929,0.38749998807907104
YIL109C,YBL054W,0,2.0960402,0.1710864007472992,0.800000011920929,0.38760000467300415
YOL152W,YLR450W,0,2.0957766,0.1710498183965683,0.800000011920929,0.38769999146461487
YGR104C,YLR038C,0,2.0954058,0.1710132509469986,0.800000011920929,0.387800008058548
YPL144W,YKL108W,0,2.0952177,0.1709766983985901,0.800000011920929,0.3878999948501587
YJL164C,YJL190C,0,2.095042,0.17094017565250397,0.800000011920929,0.3880000114440918
YDL101C,YJL090C,1,2.094925,0.17111727595329285,0.8009999990463257,0.3880000114440918
YJR058C,YPL095C,0,2.0947294,0.17108073830604553,0.8009999990463257,0.3880999982357025
YLR373C,YLR090W,0,2.0945024,0.17104420065879822,0.8009999990463257,0.3882000148296356
YEL016C,YKR104W,0,2.094479,0.1710076928138733,0.8009999990463257,0.38830000162124634
YDL204W,YOL007C,0,2.0943336,0.17097118496894836,0.8009999990463257,0.38839998841285706
YJL190C,YDL095W,0,2.0943062,0.17093469202518463,0.8009999990463257,0.38850000500679016
YIR036C,YPL017C,0,2.0941324,0.1708982288837433,0.8009999990463257,0.3885999917984009
YPL148C,YER070W,0,2.0941203,0.17086178064346313,0.8009999990463257,0.388700008392334
YOL105C,YHR089C,0,2.0940318,0.17082533240318298,0.8009999990463257,0.3887999951839447
YIL126W,YPL153C,1,2.0940185,0.17100213468074799,0.8019999861717224,0.3887999951839447
YFR008W,YJL190C,0,2.0935793,0.17096567153930664,0.8019999861717224,0.3889000117778778
YER099C,YNL325C,0,2.0932243,0.17092923820018768,0.8019999861717224,0.3889999985694885
YJR066W,YDR356W,0,2.0931635,0.17089281976222992,0.8019999861717224,0.38909998536109924
YMR297W,YPL144W,0,2.0928922,0.17085641622543335,0.8019999861717224,0.38920000195503235
YLR418C,YPL172C,0,2.0924914,0.17082002758979797,0.8019999861717224,0.38929998874664307
YOR116C,YMR022W,0,2.092359,0.1707836389541626,0.8019999861717224,0.38940000534057617
YPL074W,YER082C,0,2.0922527,0.1707472801208496,0.8019999861717224,0.3894999921321869
YDR242W,YGL168W,0,2.0922263,0.17071093618869781,0.8019999861717224,0.38960000872612
YER061C,YOL002C,0,2.0919824,0.17067460715770721,0.8019999861717224,0.3896999955177307
YDR510W,YPL186C,0,2.0919213,0.1706382930278778,0.8019999861717224,0.3898000121116638
YHR023W,YNL289W,0,2.0915196,0.1706019937992096,0.8019999861717224,0.38989999890327454
YIR017C,YAL012W,0,2.091343,0.17056570947170258,0.8019999861717224,0.38999998569488525
YKL034W,YPL048W,0,2.0912685,0.17052945494651794,0.8019999861717224,0.39010000228881836
YAL013W,YDR120C,0,2.0912428,0.1704932004213333,0.8019999861717224,0.3901999890804291
YPL121C,YOR346W,1,2.0908124,0.17066949605941772,0.8029999732971191,0.3901999890804291
YDR466W,YDL019C,0,2.0908067,0.1706332415342331,0.8029999732971191,0.3903000056743622
YDR012W,YLR439W,0,2.0904906,0.17059698700904846,0.8029999732971191,0.3903999924659729
YDR069C,YAL003W,0,2.0903468,0.17056074738502502,0.8029999732971191,0.390500009059906
YJL170C,YMR188C,0,2.0901928,0.17052452266216278,0.8029999732971191,0.3905999958515167
YGR263C,YJL065C,0,2.0901904,0.17048832774162292,0.8029999732971191,0.39070001244544983
YNL218W,YOR217W,1,2.0897198,0.17066439986228943,0.8040000200271606,0.39070001244544983
YMR088C,YLR097C,0,2.0896306,0.17062819004058838,0.8040000200271606,0.39079999923706055
YOR179C,YDR236C,0,2.0895562,0.17059198021888733,0.8040000200271606,0.39089998602867126
YMR150C,YML063W,0,2.0895183,0.17055578529834747,0.8040000200271606,0.39100000262260437
YGR263C,YBL024W,0,2.0892196,0.17051962018013,0.8040000200271606,0.3910999894142151
YJR065C,YNL096C,0,2.0889137,0.17048345506191254,0.8040000200271606,0.3912000060081482
YBR123C,YGL205W,0,2.0887902,0.17044731974601746,0.8040000200271606,0.3912999927997589
YLR414C,YNL310C,0,2.0886865,0.17041118443012238,0.8040000200271606,0.391400009393692
YBL078C,YOR179C,0,2.0885243,0.17037507891654968,0.8040000200271606,0.39149999618530273
YDR279W,YCR077C,0,2.088425,0.17033898830413818,0.8040000200271606,0.39160001277923584
YDR326C,YGR154C,0,2.0869002,0.17030289769172668,0.8040000200271606,0.39169999957084656
YOL092W,YDL180W,0,2.0868099,0.17026683688163757,0.8040000200271606,0.3917999863624573
YER061C,YMR302C,0,2.086676,0.17023079097270966,0.8040000200271606,0.3919000029563904
YDR074W,YGR220C,0,2.0866566,0.17019474506378174,0.8040000200271606,0.3919999897480011
YDR347W,YPL231W,0,2.0861926,0.1701587289571762,0.8040000200271606,0.3921000063419342
YHR052W,YDR088C,0,2.0860906,0.17012272775173187,0.8040000200271606,0.3921999931335449
YHL040C,YHR167W,0,2.085787,0.17008674144744873,0.8040000200271606,0.392300009727478
YDL120W,YMR282C,0,2.0855336,0.1700507551431656,0.8040000200271606,0.39239999651908875
YOR127W,YPL202C,0,2.0851507,0.17001479864120483,0.8040000200271606,0.39250001311302185
YAL023C,YHR140W,0,2.0849228,0.16997885704040527,0.8040000200271606,0.39259999990463257
YHR027C,YIR006C,0,2.0844684,0.1699429303407669,0.8040000200271606,0.3926999866962433
YDL080C,YDL067C,0,2.084277,0.16990701854228973,0.8040000200271606,0.3928000032901764
YLR373C,YDL184C,0,2.0836267,0.16987112164497375,0.8040000200271606,0.3928999900817871
YJL165C,YLR418C,0,2.0829272,0.16983523964881897,0.8040000200271606,0.3930000066757202
YMR307W,YMR023C,0,2.0827527,0.16979937255382538,0.8040000200271606,0.39309999346733093
YBR035C,YGR158C,0,2.0824032,0.16976352035999298,0.8040000200271606,0.39320001006126404
YBR082C,YEL017C-A,0,2.0820851,0.16972768306732178,0.8040000200271606,0.39329999685287476
YLR154C,YCL061C,0,2.0818558,0.16969184577465057,0.8040000200271606,0.39340001344680786
YCR072C,YLL001W,0,2.0818098,0.16965603828430176,0.8040000200271606,0.3935000002384186
YOL092W,YAL008W,0,2.0816276,0.16962026059627533,0.8040000200271606,0.3935999870300293
YDL095W,YML087C,0,2.0814922,0.1695844829082489,0.8040000200271606,0.3937000036239624
YMR217W,YDR069C,0,2.0813909,0.16954872012138367,0.8040000200271606,0.3937999904155731
YER070W,YJL102W,0,2.0812206,0.16951297223567963,0.8040000200271606,0.3939000070095062
YKR014C,YPR041W,0,2.0806808,0.16947723925113678,0.8040000200271606,0.39399999380111694
YHL019C,YDL095W,0,2.0805378,0.16944152116775513,0.8040000200271606,0.39410001039505005
YML043C,YGR295C,0,2.0804663,0.16940581798553467,0.8040000200271606,0.39419999718666077
YIR006C,YAL003W,0,2.0801573,0.1693701297044754,0.8040000200271606,0.39430001378059387
YNL291C,YNR041C,0,2.0801072,0.16933445632457733,0.8040000200271606,0.3944000005722046
YHR143W,YHR140W,0,2.0799785,0.16929879784584045,0.8040000200271606,0.3944999873638153
YMR316W,YDR036C,0,2.0797136,0.16926315426826477,0.8040000200271606,0.3946000039577484
YIL101C,YOR069W,0,2.0796287,0.16922752559185028,0.8040000200271606,0.39469999074935913
YOR076C,YLR385C,0,2.079393,0.16919191181659698,0.8040000200271606,0.39480000734329224
YOR124C,YPR081C,0,2.0793424,0.16915632784366608,0.8040000200271606,0.39489999413490295
YJR097W,YKR050W,0,2.078896,0.16912074387073517,0.8040000200271606,0.39500001072883606
YDL164C,YDR224C,1,2.078788,0.16929547488689423,0.8050000071525574,0.39500001072883606
YOR265W,YMR289W,0,2.078668,0.16925987601280212,0.8050000071525574,0.3950999975204468
YGR295C,YDR118W,0,2.0786097,0.1692243069410324,0.8050000071525574,0.3952000141143799
YBR048W,YER184C,0,2.0777752,0.1691887378692627,0.8050000071525574,0.3953000009059906
YOL003C,YGR295C,0,2.0773811,0.16915318369865417,0.8050000071525574,0.3953999876976013
YCR028C,YBL037W,0,2.0771375,0.16911764442920685,0.8050000071525574,0.3955000042915344
YNR043W,YBR040W,0,2.0769644,0.16908212006092072,0.8050000071525574,0.39559999108314514
YNL146W,YHR010W,0,2.0767756,0.16904662549495697,0.8050000071525574,0.39570000767707825
YJL025W,YGR014W,0,2.076693,0.16901113092899323,0.8050000071525574,0.39579999446868896
YDR347W,YOR347C,0,2.0766196,0.16897565126419067,0.8050000071525574,0.39590001106262207
YHR021C,YIL136W,0,2.0766082,0.16894018650054932,0.8050000071525574,0.3959999978542328
YGR286C,YJL102W,0,2.0760818,0.16890473663806915,0.8050000071525574,0.3961000144481659
YDR312W,YOR389W,0,2.076013,0.16886931657791138,0.8050000071525574,0.3962000012397766
YLR100W,YFL044C,0,2.075871,0.1688338965177536,0.8050000071525574,0.39629998803138733
YPL206C,YDR421W,0,2.0758238,0.16879849135875702,0.8050000071525574,0.39640000462532043
YDR320C-A,YGR135W,0,2.0757713,0.16876310110092163,0.8050000071525574,0.39649999141693115
YLR079W,YOL109W,0,2.0749216,0.16872772574424744,0.8050000071525574,0.39660000801086426
YKR014C,YJR160C,0,2.0748081,0.16869236528873444,0.8050000071525574,0.396699994802475
YDR341C,YDR077W,0,2.0747213,0.16865703463554382,0.8050000071525574,0.3968000113964081
YGL232W,YDR116C,0,2.0746388,0.1686217039823532,0.8050000071525574,0.3968999981880188
YBR058C,YJR065C,0,2.0740402,0.1685863882303238,0.8050000071525574,0.3970000147819519
YDR448W,YOL140W,0,2.0733967,0.16855108737945557,0.8050000071525574,0.3971000015735626
YEL050C,YKL042W,0,2.0727446,0.16851580142974854,0.8050000071525574,0.39719998836517334
YNL291C,YBR084W,0,2.0726404,0.1684805303812027,0.8050000071525574,0.39730000495910645
YBL057C,YDR380W,0,2.0726092,0.16844527423381805,0.8050000071525574,0.39739999175071716
YMR142C,YDR248C,0,2.0724037,0.1684100478887558,0.8050000071525574,0.39750000834465027
YPL269W,YPL220W,0,2.0723035,0.16837482154369354,0.8050000071525574,0.397599995136261
YML088W,YJL189W,0,2.0722356,0.16833961009979248,0.8050000071525574,0.3977000117301941
YOR047C,YIL150C,0,2.0717428,0.1683044135570526,0.8050000071525574,0.3977999985218048
YPL060W,YGR071C,0,2.0716145,0.16826923191547394,0.8050000071525574,0.3978999853134155
YLL038C,YDR330W,0,2.0715897,0.16823406517505646,0.8050000071525574,0.39800000190734863
YML005W,YIR037W,0,2.0713987,0.16819891333580017,0.8050000071525574,0.39809998869895935
YIL026C,YOR092W,0,2.0706737,0.16816377639770508,0.8050000071525574,0.39820000529289246
YOL030W,YNL129W,0,2.070634,0.16812865436077118,0.8050000071525574,0.3982999920845032
YMR142C,YER044C,0,2.0705657,0.16809354722499847,0.8050000071525574,0.3984000086784363
YLR192C,YBR185C,0,2.0703297,0.16805845499038696,0.8050000071525574,0.398499995470047
YGR026W,YJL080C,0,2.0701962,0.16802337765693665,0.8050000071525574,0.3986000120639801
YPL148C,YCR037C,0,2.070078,0.16798831522464752,0.8050000071525574,0.3986999988555908
YFR037C,YML095C,1,2.06974,0.16816189885139465,0.8059999942779541,0.3986999988555908
YOR356W,YLR276C,0,2.069385,0.16812682151794434,0.8059999942779541,0.39879998564720154
YBR041W,YLR238W,0,2.0691593,0.1680917590856552,0.8059999942779541,0.39890000224113464
YFR032C-A,YER007W,0,2.0686975,0.16805671155452728,0.8059999942779541,0.39899998903274536
YBR036C,YOL007C,0,2.067766,0.16802167892456055,0.8059999942779541,0.39910000562667847
YFL029C,YDR238C,0,2.0676906,0.167986661195755,0.8059999942779541,0.3991999924182892
YLR214W,YJL219W,0,2.0676892,0.16795165836811066,0.8059999942779541,0.3993000090122223
YHR172W,YIR023W,0,2.0672183,0.1679166704416275,0.8059999942779541,0.399399995803833
YLR287C-A,YDR393W,0,2.0670276,0.16788169741630554,0.8059999942779541,0.3995000123977661
YER036C,YML104C,0,2.0669787,0.16784672439098358,0.8059999942779541,0.39959999918937683
YGL223C,YDR536W,0,2.0669582,0.167811781167984,0.8059999942779541,0.39969998598098755
YDR050C,YGL095C,0,2.066751,0.16777685284614563,0.8059999942779541,0.39980000257492065
YJR001W,YNL213C,0,2.0667052,0.16774193942546844,0.8059999942779541,0.39989998936653137
YJR075W,YOL071W,0,2.0661147,0.16770702600479126,0.8059999942779541,0.4000000059604645
YKL135C,YHR101C,0,2.0651937,0.16767214238643646,0.8059999942779541,0.4000999927520752
YGL089C,YDR501W,0,2.0644393,0.16763727366924286,0.8059999942779541,0.4002000093460083
YIL027C,YKL195W,0,2.0638165,0.16760240495204926,0.8059999942779541,0.400299996137619
YER083C,YLR433C,0,2.0637908,0.16756756603717804,0.8059999942779541,0.4004000127315521
YDL120W,YIR023W,0,2.0636876,0.16753274202346802,0.8059999942779541,0.40049999952316284
YBL020W,YDR402C,0,2.0634122,0.167497918009758,0.8059999942779541,0.40059998631477356
YNL128W,YKL034W,0,2.063387,0.16746312379837036,0.8059999942779541,0.40070000290870667
YER051W,YNL189W,0,2.0632353,0.16742832958698273,0.8059999942779541,0.4007999897003174
YMR088C,YDR003W,0,2.062943,0.16739356517791748,0.8059999942779541,0.4009000062942505
YJL065C,YNL098C,0,2.0624402,0.16735880076885223,0.8059999942779541,0.4009999930858612
YDR121W,YIR002C,1,2.0620947,0.16753165423870087,0.8069999814033508,0.4009999930858612
YER095W,YDL101C,1,2.061923,0.16770444810390472,0.8080000281333923,0.4009999930858612
YNL331C,YGL123W,0,2.061626,0.1676696389913559,0.8080000281333923,0.4011000096797943
YIL027C,YGR009C,0,2.061481,0.16763485968112946,0.8080000281333923,0.40119999647140503
YPL271W,YIL113W,0,2.0608685,0.16760008037090302,0.8080000281333923,0.40130001306533813
YMR264W,YDL109C,0,2.060742,0.16756533086299896,0.8080000281333923,0.40139999985694885
YEL017C-A,YDL065C,0,2.0605078,0.1675305813550949,0.8080000281333923,0.40149998664855957
YIL126W,YJR068W,1,2.060031,0.16770315170288086,0.8090000152587891,0.40149998664855957
YOR167C,YOR057W,0,2.0596528,0.1676683872938156,0.8090000152587891,0.4016000032424927
YDL085W,YDR071C,0,2.0595367,0.16763365268707275,0.8090000152587891,0.4016999900341034
YDL067C,YDR420W,0,2.0593815,0.1675989180803299,0.8090000152587891,0.4018000066280365
YCR096C,YJL065C,0,2.059372,0.16756421327590942,0.8090000152587891,0.4018999934196472
YPR041W,YDL180W,0,2.059062,0.16752950847148895,0.8090000152587891,0.4020000100135803
YOL018C,YLR276C,0,2.058341,0.16749481856822968,0.8090000152587891,0.40209999680519104
YJR060W,YHL036W,0,2.0580518,0.16746015846729279,0.8090000152587891,0.40220001339912415
YDR265W,YDR297W,0,2.0580218,0.1674254983663559,0.8090000152587891,0.40230000019073486
YDR531W,YJL102W,0,2.0576937,0.1673908531665802,0.8090000152587891,0.4023999869823456
YDR126W,YDR247W,0,2.0575495,0.1673562228679657,0.8090000152587891,0.4025000035762787
YDR270W,YLR154C,0,2.0575192,0.1673216074705124,0.8090000152587891,0.4025999903678894
YDL200C,YJR068W,1,2.0575135,0.1674937903881073,0.8100000023841858,0.4025999903678894
YDR315C,YML070W,0,2.057435,0.167459174990654,0.8100000023841858,0.4027000069618225
YOR167C,YML012W,0,2.057364,0.16742455959320068,0.8100000023841858,0.4027999937534332
YKR090W,YOR389W,0,2.056612,0.16738995909690857,0.8100000023841858,0.40290001034736633
YMR026C,YER030W,0,2.0564044,0.16735537350177765,0.8100000023841858,0.40299999713897705
YLR214W,YNL049C,0,2.0560706,0.16732080280780792,0.8100000023841858,0.40310001373291016
YLR237W,YMR165C,0,2.0559134,0.1672862470149994,0.8100000023841858,0.4032000005245209
YPL157W,YFR015C,0,2.0558977,0.16725170612335205,0.8100000023841858,0.4032999873161316
YGL089C,YPR102C,0,2.0555735,0.1672171801328659,0.8100000023841858,0.4034000039100647
YPL089C,YBR166C,0,2.0555077,0.16718266904354095,0.8100000023841858,0.4034999907016754
YPR070W,YJL190C,0,2.0553977,0.167148157954216,0.8100000023841858,0.4036000072956085
YMR281W,YHR186C,0,2.0553901,0.16711367666721344,0.8100000023841858,0.40369999408721924
YML113W,YOR221C,0,2.05529,0.16707921028137207,0.8100000023841858,0.40380001068115234
YKR104W,YGR116W,0,2.0548887,0.1670447587966919,0.8100000023841858,0.40389999747276306
YMR080C,YER053C,0,2.0547404,0.16701030731201172,0.8100000023841858,0.40400001406669617
YPR049C,YNL012W,0,2.0546124,0.16697588562965393,0.8100000023841858,0.4041000008583069
YGR063C,YMR292W,0,2.0544717,0.16694146394729614,0.8100000023841858,0.4041999876499176
YGR295C,YPL074W,0,2.0543203,0.16690707206726074,0.8100000023841858,0.4043000042438507
YKL140W,YGR223C,0,2.054141,0.16687268018722534,0.8100000023841858,0.4043999910354614
YER114C,YHL024W,0,2.0537815,0.16683831810951233,0.8100000023841858,0.40450000762939453
YML129C,YJR135C,0,2.053699,0.16680395603179932,0.8100000023841858,0.40459999442100525
YOL139C,YJL108C,0,2.0534265,0.1667696088552475,0.8100000023841858,0.40470001101493835
YNL049C,YMR292W,0,2.0532556,0.16673527657985687,0.8100000023841858,0.4047999978065491
YIR037W,YHR117W,0,2.0532424,0.16670097410678864,0.8100000023841858,0.4049000144004822
YDR440W,YAR007C,1,2.053172,0.16687242686748505,0.8109999895095825,0.4049000144004822
YKL178C,YDR054C,0,2.05295,0.16683809459209442,0.8109999895095825,0.4050000011920929
YLR186W,YMR017W,0,2.0528746,0.166803777217865,0.8109999895095825,0.4050999879837036
YML106W,YNL149C,0,2.0526783,0.16676948964595795,0.8109999895095825,0.4052000045776367
YML042W,YKL143W,0,2.0525494,0.1667352020740509,0.8109999895095825,0.40529999136924744
YIL138C,YER106W,0,2.0521452,0.16670092940330505,0.8109999895095825,0.40540000796318054
YFL039C,YJR068W,1,2.052042,0.16687217354774475,0.8119999766349792,0.40540000796318054
YCL047C,YMR204C,0,2.0519412,0.1668378859758377,0.8119999766349792,0.40549999475479126
YLR414C,YLR276C,0,2.0518277,0.16680361330509186,0.8119999766349792,0.40560001134872437
YHR184W,YDL095W,0,2.0516853,0.1667693555355072,0.8119999766349792,0.4056999981403351
YOR057W,YGR001C,0,2.0513797,0.16673511266708374,0.8119999766349792,0.4058000147342682
YBR084W,YDR443C,0,2.0513778,0.16670088469982147,0.8119999766349792,0.4059000015258789
YNL185C,YCL031C,0,2.051281,0.1666666716337204,0.8119999766349792,0.4059999883174896
YKL218C,YER174C,0,2.0512352,0.16663245856761932,0.8119999766349792,0.40610000491142273
YER114C,YIL051C,0,2.050758,0.16659827530384064,0.8119999766349792,0.40619999170303345
YDL099W,YLR014C,0,2.0504599,0.16656410694122314,0.8119999766349792,0.40630000829696655
YDR077W,YPL202C,0,2.050373,0.16652993857860565,0.8119999766349792,0.40639999508857727
YOR037W,YPL214C,0,2.050205,0.16649580001831055,0.8119999766349792,0.4065000116825104
YDR531W,YGL206C,0,2.049838,0.16646166145801544,0.8119999766349792,0.4065999984741211
YBR286W,YNL158W,0,2.04981,0.16642755270004272,0.8119999766349792,0.4066999852657318
YFR037C,YBR087W,1,2.0493903,0.1665983647108078,0.8130000233650208,0.4066999852657318
YNL136W,YLR265C,1,2.0490909,0.1667691022157669,0.8140000104904175,0.4066999852657318
YBR087W,YPL194W,1,2.0483892,0.16693978011608124,0.8149999976158142,0.4066999852657318
YNL210W,YIL111W,0,2.0483572,0.16690559685230255,0.8149999976158142,0.4068000018596649
YGL003C,YEL002C,0,2.0478182,0.16687141358852386,0.8149999976158142,0.40689998865127563
YDR033W,YLR099C,0,2.047744,0.16683726012706757,0.8149999976158142,0.40700000524520874
YER087C-A,YPR096C,0,2.047742,0.16680310666561127,0.8149999976158142,0.40709999203681946
YCL069W,YDR120C,0,2.0477295,0.16676898300647736,0.8149999976158142,0.40720000863075256
YLR433C,YNR047W,0,2.0475101,0.16673485934734344,0.8149999976158142,0.4072999954223633
YLR154C,YJL008C,0,2.0473204,0.16670075058937073,0.8149999976158142,0.4074000120162964
YMR142C,YMR026C,0,2.0472875,0.1666666716337204,0.8149999976158142,0.4074999988079071
YML005W,YER164W,0,2.0472794,0.16663259267807007,0.8149999976158142,0.4075999855995178
YGL021W,YML106W,0,2.046746,0.16659852862358093,0.8149999976158142,0.4077000021934509
YHR086W,YEL021W,0,2.046568,0.166564479470253,0.8149999976158142,0.40779998898506165
YNR008W,YER025W,0,2.0464802,0.16653044521808624,0.8149999976158142,0.40790000557899475
YPR019W,YDR483W,0,2.046392,0.1664964258670807,0.8149999976158142,0.40799999237060547
YAL053W,YIL101C,0,2.046001,0.16646242141723633,0.8149999976158142,0.4081000089645386
YLL011W,YDR318W,0,2.0450425,0.16642843186855316,0.8149999976158142,0.4081999957561493
YCR072C,YHR101C,0,2.045031,0.16639444231987,0.8149999976158142,0.4083000123500824
YER048W-A,YHR161C,0,2.0440507,0.16636048257350922,0.8149999976158142,0.4083999991416931
YIL084C,YIR017C,0,2.0438006,0.16632653772830963,0.8149999976158142,0.40849998593330383
YGR088W,YOR116C,0,2.0435467,0.16629259288311005,0.8149999976158142,0.40860000252723694
YOR381W,YER007W,0,2.0433097,0.16625866293907166,0.8149999976158142,0.40869998931884766
YFR032C-A,YDR054C,0,2.0432901,0.16622476279735565,0.8149999976158142,0.40880000591278076
YJR094W-A,YMR204C,0,2.0431547,0.16619086265563965,0.8149999976158142,0.4088999927043915
YBR213W,YMR109W,0,2.0429134,0.16615697741508484,0.8149999976158142,0.4090000092983246
YNL227C,YHR036W,0,2.0425448,0.16612312197685242,0.8149999976158142,0.4090999960899353
YHR081W,YPL153C,1,2.04244,0.16629305481910706,0.8159999847412109,0.4090999960899353
YLR450W,YEL017C-A,0,2.0421095,0.16625916957855225,0.8159999847412109,0.4092000126838684
YJL129C,YNL166C,0,2.0416756,0.16622529923915863,0.8159999847412109,0.4092999994754791
YER053C,YLL022C,0,2.0404925,0.1661914438009262,0.8159999847412109,0.40939998626708984
YEL016C,YDR523C,0,2.0404398,0.16615760326385498,0.8159999847412109,0.40950000286102295
YJL165C,YKR104W,0,2.0402012,0.16612377762794495,0.8159999847412109,0.40959998965263367
YGR124W,YDR393W,0,2.0399806,0.1660899668931961,0.8159999847412109,0.4097000062465668
YEL013W,YJR060W,0,2.03977,0.16605617105960846,0.8159999847412109,0.4097999930381775
YDL137W,YDR358W,0,2.039617,0.1660223752260208,0.8159999847412109,0.4099000096321106
YFL039C,YOR386W,1,2.0395517,0.16619202494621277,0.8169999718666077,0.4099000096321106
YDR425W,YDR436W,0,2.0393357,0.16615822911262512,0.8169999718666077,0.4099999964237213
YEL064C,YIL113W,0,2.0391846,0.16612444818019867,0.8169999718666077,0.4101000130176544
YDR238C,YLR078C,0,2.0390654,0.16609066724777222,0.8169999718666077,0.41019999980926514
YGL137W,YDR117C,0,2.0390306,0.16605691611766815,0.8169999718666077,0.41029998660087585
YGL213C,YDL138W,0,2.0390213,0.1660231649875641,0.8169999718666077,0.41040000319480896
YOR047C,YDR139C,0,2.0389717,0.16598942875862122,0.8169999718666077,0.4104999899864197
YBR207W,YOL109W,0,2.0379,0.16595572233200073,0.8169999718666077,0.4106000065803528
YDR379W,YIL101C,0,2.037787,0.16592201590538025,0.8169999718666077,0.4106999933719635
YGL227W,YPL033C,0,2.0377085,0.16588832437992096,0.8169999718666077,0.4108000099658966
YFR037C,YKL017C,1,2.0376859,0.16605764627456665,0.8180000185966492,0.4108000099658966
YOR061W,YDR252W,0,2.0375986,0.16602395474910736,0.8180000185966492,0.4108999967575073
YKL154W,YBR299W,0,2.0375571,0.16599026322364807,0.8180000185966492,0.41100001335144043
YPL195W,YPR016C,0,2.0373273,0.16595658659934998,0.8180000185966492,0.41110000014305115
YLR214W,YER112W,0,2.0373046,0.16592292487621307,0.8180000185966492,0.41119998693466187
YML027W,YJL008C,0,2.0357223,0.16588927805423737,0.8180000185966492,0.41130000352859497
YHL032C,YMR221C,0,2.0352356,0.16585563123226166,0.8180000185966492,0.4113999903202057
YGL147C,YGR154C,0,2.0351794,0.16582201421260834,0.8180000185966492,0.4115000069141388
YHR147C,YHR064C,0,2.0346723,0.1657884120941162,0.8180000185966492,0.4115999937057495
YFR005C,YKL164C,0,2.034403,0.16575480997562408,0.8180000185966492,0.4117000102996826
YDR046C,YKR097W,0,2.0338447,0.16572123765945435,0.8180000185966492,0.41179999709129333
YJR001W,YHR064C,0,2.0337563,0.1656876653432846,0.8180000185966492,0.41190001368522644
YGR295C,YPR108W,0,2.0334044,0.16565410792827606,0.8180000185966492,0.41200000047683716
YIL111W,YOR211C,0,2.0333722,0.1656205654144287,0.8180000185966492,0.4120999872684479
YBR087W,YML060W,1,2.0331163,0.16578947007656097,0.8190000057220459,0.4120999872684479
YAL023C,YPL028W,0,2.0326633,0.16575591266155243,0.8190000057220459,0.412200003862381
YDR251W,YHR136C,0,2.0324097,0.16572238504886627,0.8190000057220459,0.4122999906539917
YJR145C,YOR069W,0,2.0318813,0.16568885743618011,0.8190000057220459,0.4124000072479248
YNL292W,YOR150W,0,2.0314872,0.16565534472465515,0.8190000057220459,0.4124999940395355
YPR192W,YJL156C,0,2.031249,0.16562184691429138,0.8190000057220459,0.41260001063346863
YDL192W,YGL155W,0,2.0312238,0.1655883491039276,0.8190000057220459,0.41269999742507935
YMR127C,YCR037C,0,2.0310502,0.16555488109588623,0.8190000057220459,0.41280001401901245
YDL056W,YDR252W,0,2.030746,0.16552142798900604,0.8190000057220459,0.41290000081062317
YGR086C,YJR089W,0,2.0305097,0.16548797488212585,0.8190000057220459,0.4129999876022339
YNL213C,YOR211C,0,2.030312,0.16545455157756805,0.8190000057220459,0.413100004196167
YOL133W,YCL050C,0,2.0298574,0.16542112827301025,0.8190000057220459,0.4131999909877777
YMR297W,YNL166C,0,2.0296164,0.16538771986961365,0.8190000057220459,0.4133000075817108
YNL293W,YCL027W,0,2.0293024,0.16535432636737823,0.8190000057220459,0.41339999437332153
YLR418C,YNL129W,0,2.0290587,0.16532094776630402,0.8190000057220459,0.41350001096725464
YJR158W,YNL268W,0,2.0288296,0.165287584066391,0.8190000057220459,0.41359999775886536
YDR390C,YGL123W,0,2.0286202,0.16525423526763916,0.8190000057220459,0.41370001435279846
YLR207W,YLR120C,0,2.0284412,0.16522090137004852,0.8190000057220459,0.4138000011444092
YLR433C,YJL109C,0,2.0283835,0.16518758237361908,0.8190000057220459,0.4138999879360199
YPR048W,YOR381W,0,2.0283675,0.16515426337718964,0.8190000057220459,0.414000004529953
YAL020C,YMR314W,0,2.0282688,0.16512097418308258,0.8190000057220459,0.4140999913215637
YBR123C,YKL028W,0,2.0280588,0.16508768498897552,0.8190000057220459,0.4142000079154968
YHL004W,YFL037W,0,2.0275233,0.16505441069602966,0.8190000057220459,0.41429999470710754
YOR384W,YGL009C,0,2.027001,0.165021151304245,0.8190000057220459,0.41440001130104065
YNL331C,YCR040W,0,2.0269692,0.16498790681362152,0.8190000057220459,0.41449999809265137
YHR147C,YBL061C,0,2.0263343,0.16495467722415924,0.8190000057220459,0.4146000146865845
YNL330C,YBR160W,1,2.0260193,0.1651228368282318,0.8199999928474426,0.4146000146865845
YPL194W,YKL017C,1,2.02591,0.1652909219264984,0.8209999799728394,0.4146000146865845
YNL311C,YLR419W,0,2.0257883,0.16525764763355255,0.8209999799728394,0.4147000014781952
YEL064C,YPL281C,0,2.0257735,0.16522438824176788,0.8209999799728394,0.4147999882698059
YLR364W,YOL103W,0,2.0255847,0.1651911437511444,0.8209999799728394,0.414900004863739
YGR002C,YOR386W,1,2.0252628,0.16535907983779907,0.8220000267028809,0.414900004863739
YBL093C,YOR337W,0,2.0245955,0.1653258204460144,0.8220000267028809,0.41499999165534973
YOR373W,YPL089C,0,2.024045,0.16529257595539093,0.8220000267028809,0.41510000824928284
YAL053W,YNL188W,0,2.0239305,0.16525934636592865,0.8220000267028809,0.41519999504089355
YDR342C,YDR483W,0,2.023876,0.16522613167762756,0.8220000267028809,0.41530001163482666
YBR158W,YAL021C,0,2.0237164,0.16519293189048767,0.8220000267028809,0.4153999984264374
YJL170C,YOR242C,0,2.0236735,0.16515973210334778,0.8220000267028809,0.4154999852180481
YMR264W,YPR192W,0,2.0234196,0.16512656211853027,0.8220000267028809,0.4156000018119812
YPR096C,YGR037C,0,2.0231392,0.16509339213371277,0.8220000267028809,0.4156999886035919
YLL062C,YBL093C,0,2.023046,0.16506023705005646,0.8220000267028809,0.415800005197525
YER140W,YIL160C,0,2.0228605,0.16502709686756134,0.8220000267028809,0.41589999198913574
YPR192W,YER112W,0,2.0225205,0.16499397158622742,0.8220000267028809,0.41600000858306885
YKL059C,YCR040W,0,2.0223527,0.1649608612060547,0.8220000267028809,0.41609999537467957
YBR035C,YBR058C-A,0,2.0222514,0.16492776572704315,0.8220000267028809,0.41620001196861267
YOL127W,YMR026C,0,2.0219207,0.1648946851491928,0.8220000267028809,0.4162999987602234
YGL211W,YHR036W,0,2.021687,0.16486161947250366,0.8220000267028809,0.4163999855518341
YDL056W,YLR172C,0,2.021648,0.16482855379581451,0.8220000267028809,0.4165000021457672
YGL157W,YGL031C,0,2.0214972,0.16479550302028656,0.8220000267028809,0.41659998893737793
YDR342C,YCR040W,0,2.021062,0.164762482047081,0.8220000267028809,0.41670000553131104
YOR346W,YHR099W,1,2.0207105,0.16492986679077148,0.8230000138282776,0.41670000553131104
YNL146W,YBR084W,0,2.0204933,0.16489681601524353,0.8230000138282776,0.41679999232292175
YDL180W,YOL149W,0,2.0203507,0.16486378014087677,0.8230000138282776,0.41690000891685486
YDL130W,YDR032C,0,2.0203114,0.1648307591676712,0.8230000138282776,0.4169999957084656
YOR278W,YJL133W,0,2.0200806,0.16479775309562683,0.8230000138282776,0.4171000123023987
YDR356W,YFR015C,0,2.0194645,0.16476476192474365,0.8230000138282776,0.4171999990940094
YLR032W,YHR081W,1,2.0194364,0.16493195295333862,0.8240000009536743,0.4171999990940094
YDR533C,YKR058W,0,2.0187309,0.16489893198013306,0.8240000009536743,0.4172999858856201
YBR035C,YNL151C,0,2.0186143,0.16486594080924988,0.8240000009536743,0.4174000024795532
YBR033W,YGR008C,0,2.018528,0.1648329645395279,0.8240000009536743,0.41749998927116394
YPR028W,YKL021C,0,2.0184681,0.1648000031709671,0.8240000009536743,0.41760000586509705
YEL054C,YFR008W,0,2.0178509,0.1647670418024063,0.8240000009536743,0.41769999265670776
YMR088C,YGL035C,0,2.0177817,0.1647341102361679,0.8240000009536743,0.41780000925064087
YDL143W,YML070W,0,2.0176365,0.1647011786699295,0.8240000009536743,0.4178999960422516
YJL048C,YKR037C,0,2.0171924,0.1646682620048523,0.8240000009536743,0.4180000126361847
YGL191W,YCR037C,0,2.0170307,0.16463536024093628,0.8240000009536743,0.4180999994277954
YMR247C,YBL023C,0,2.0169094,0.16460247337818146,0.8240000009536743,0.41819998621940613
YNL306W,YCR075C,0,2.0167222,0.16456960141658783,0.8240000009536743,0.41830000281333923
YBR033W,YLR014C,0,2.0162246,0.1645367443561554,0.8240000009536743,0.41839998960494995
YPR063C,YNL146W,0,2.016147,0.16450388729572296,0.8240000009536743,0.41850000619888306
YLR283W,YGR158C,0,2.015971,0.16447106003761292,0.8240000009536743,0.4185999929904938
YML129C,YJR075W,0,2.0159407,0.16443823277950287,0.8240000009536743,0.4187000095844269
YDL095W,YJR135W-A,0,2.015494,0.16440542042255402,0.8240000009536743,0.4187999963760376
YPR166C,YCR053W,0,2.0150223,0.16437263786792755,0.8240000009536743,0.4189000129699707
YCR040W,YJL102W,0,2.014946,0.1643398553133011,0.8240000009536743,0.4189999997615814
YKL140W,YCR047C,0,2.0148997,0.16430707275867462,0.8240000009536743,0.41909998655319214
YPL281C,YPR054W,0,2.0142303,0.16427432000637054,0.8240000009536743,0.41920000314712524
YDR253C,YCR004C,0,2.0140553,0.16424158215522766,0.8240000009536743,0.41929998993873596
YFL044C,YML070W,0,2.0140328,0.16420884430408478,0.8240000009536743,0.41940000653266907
YDR524C,YFR007W,0,2.0139952,0.16417613625526428,0.8240000009536743,0.4194999933242798
YJR010C-A,YAL058W,0,2.0139177,0.1641434282064438,0.8240000009536743,0.4196000099182129
YER087C-A,YDR096W,0,2.0139027,0.16411073505878448,0.8240000009536743,0.4196999967098236
YDL210W,YMR026C,0,2.0136206,0.16407805681228638,0.8240000009536743,0.4198000133037567
YMR281W,YJR135C,0,2.0135477,0.16404539346694946,0.8240000009536743,0.41990000009536743
YIL034C,YDR044W,0,2.0129666,0.16401274502277374,0.8240000009536743,0.41999998688697815
YGR286C,YPL085W,0,2.0128918,0.16398009657859802,0.8240000009536743,0.42010000348091125
YCR047C,YDR368W,0,2.0127652,0.1639474779367447,0.8240000009536743,0.420199990272522
YOR063W,YDR421W,0,2.0127044,0.16391485929489136,0.8240000009536743,0.4203000068664551
YMR298W,YDR013W,0,2.0124948,0.16388225555419922,0.8240000009536743,0.4203999936580658
YJR110W,YMR070W,0,2.0124369,0.16384966671466827,0.8240000009536743,0.4205000102519989
YDL137W,YOR240W,0,2.0123186,0.16381709277629852,0.8240000009536743,0.4205999970436096
YBL054W,YPL074W,0,2.012207,0.16378453373908997,0.8240000009536743,0.4207000136375427
YGL141W,YPR021C,0,2.0110261,0.1637519896030426,0.8240000009536743,0.42080000042915344
YOL139C,YLR176C,0,2.0105708,0.16371944546699524,0.8240000009536743,0.42089998722076416
YDL007W,YPR122W,0,2.0103488,0.16368693113327026,0.8240000009536743,0.42100000381469727
YDL080C,YJL189W,0,2.010061,0.1636544167995453,0.8240000009536743,0.421099990606308
YDR448W,YGR014W,0,2.009783,0.1636219173669815,0.8240000009536743,0.4212000072002411
YDR052C,YFR015C,0,2.0097766,0.16358943283557892,0.8240000009536743,0.4212999939918518
YDL051W,YLR040C,0,2.0095763,0.16355696320533752,0.8240000009536743,0.4214000105857849
YPR048W,YDL017W,0,2.0095048,0.16352450847625732,0.8240000009536743,0.42149999737739563
YOR039W,YEL002C,0,2.0092719,0.16349206864833832,0.8240000009536743,0.42160001397132874
YKR090W,YPR081C,0,2.0090437,0.1634596288204193,0.8240000009536743,0.42170000076293945
YDL190C,YIL039W,0,2.0081677,0.1634272187948227,0.8240000009536743,0.42179998755455017
YGL249W,YGL227W,0,2.008137,0.16339480876922607,0.8240000009536743,0.4219000041484833
YBR022W,YLR204W,0,2.0079145,0.16336241364479065,0.8240000009536743,0.421999990940094
YDR465C,YOR347C,0,2.0078983,0.16333003342151642,0.8240000009536743,0.4221000075340271
YDR071C,YBR283C,0,2.0077395,0.16329766809940338,0.8240000009536743,0.4221999943256378
YIR002C,YBR289W,1,2.00741,0.16346344351768494,0.824999988079071,0.4221999943256378
YJR076C,YKL056C,0,2.0062814,0.1634310632944107,0.824999988079071,0.4223000109195709
YAL010C,YHR052W,0,2.0060594,0.16339869797229767,0.824999988079071,0.42239999771118164
YJR126C,YAL058W,0,2.005909,0.16336633265018463,0.824999988079071,0.42250001430511475
YGL089C,YAL053W,0,2.0058777,0.16333399713039398,0.824999988079071,0.42260000109672546
YDR270W,YDL120W,0,2.0057585,0.16330166161060333,0.824999988079071,0.4226999878883362
YGR241C,YPL189C-A,0,2.0053358,0.16326934099197388,0.824999988079071,0.4228000044822693
YDR065W,YGL141W,0,2.00526,0.16323703527450562,0.824999988079071,0.42289999127388
YKR037C,YPL123C,0,2.0052352,0.16320474445819855,0.824999988079071,0.4230000078678131
YHR207C,YHL032C,0,2.0051837,0.16317246854305267,0.824999988079071,0.42309999465942383
YBL024W,YDR313C,0,2.0049155,0.163140207529068,0.824999988079071,0.42320001125335693
YLR147C,YGL040C,0,2.0047607,0.1631079465150833,0.824999988079071,0.42329999804496765
YLL011W,YGL251C,0,2.004666,0.16307570040225983,0.824999988079071,0.42340001463890076
YHL040C,YDR334W,0,2.0045123,0.16304348409175873,0.824999988079071,0.4235000014305115
YJR097W,YGL185C,0,2.0028796,0.16301126778125763,0.824999988079071,0.4235999882221222
YLR266C,YBR158W,0,2.002294,0.16297906637191772,0.824999988079071,0.4237000048160553
YMR264W,YGL213C,0,2.0022674,0.16294686496257782,0.824999988079071,0.423799991607666
YOR167C,YGL157W,0,2.0020993,0.1629146933555603,0.824999988079071,0.4239000082015991
YML085C,YPR073C,0,2.0019832,0.16288252174854279,0.824999988079071,0.42399999499320984
YER114C,YDL019C,0,2.0019221,0.16285037994384766,0.824999988079071,0.42410001158714294
YGL211W,YDR523C,0,2.0019035,0.16281823813915253,0.824999988079071,0.42419999837875366
YOR167C,YDR387C,0,2.0017715,0.1627861112356186,0.824999988079071,0.4242999851703644
YBR142W,YDR166C,0,2.0009866,0.16275399923324585,0.824999988079071,0.4244000017642975
YDR376W,YKR104W,0,2.000678,0.1627218872308731,0.824999988079071,0.4244999885559082
YPR156C,YKR030W,0,1.9999969,0.16268980503082275,0.824999988079071,0.4246000051498413
YFR037C,YLR265C,1,1.9997823,0.1628548949956894,0.8259999752044678,0.4246000051498413
YDR050C,YKL059C,0,1.999628,0.16282278299331665,0.8259999752044678,0.424699991941452
YOR384W,YLR098C,0,1.9990517,0.1627907007932663,0.8259999752044678,0.42480000853538513
YNL330C,YNL136W,1,1.9988556,0.16295567154884338,0.8270000219345093,0.42480000853538513
YOL018C,YML081C-A,0,1.9987705,0.16292355954647064,0.8270000219345093,0.42489999532699585
YPL121C,YLR357W,1,1.9987644,0.16308844089508057,0.828000009059906,0.42489999532699585
YGL003C,YNL101W,0,1.998728,0.16305631399154663,0.828000009059906,0.42500001192092896
YHL008C,YKL154W,0,1.9982946,0.16302421689033508,0.828000009059906,0.4250999987125397
YBR058C,YML042W,0,1.9982932,0.16299211978912354,0.828000009059906,0.4251999855041504
YPR102C,YPL033C,0,1.9982488,0.16296005249023438,0.828000009059906,0.4253000020980835
YDL067C,YPL074W,0,1.998218,0.16292798519134521,0.828000009059906,0.4253999888896942
YDR107C,YPL149W,0,1.9979843,0.16289593279361725,0.828000009059906,0.4255000054836273
YEL038W,YER174C,0,1.997652,0.16286388039588928,0.828000009059906,0.42559999227523804
YOR061W,YJL221C,0,1.9972482,0.1628318578004837,0.828000009059906,0.42570000886917114
YDR121W,YLR427W,1,1.9971732,0.16299645602703094,0.8289999961853027,0.42570000886917114
YOR036W,YBL074C,0,1.9969959,0.16296441853046417,0.8289999961853027,0.42579999566078186
YOR175C,YMR086W,0,1.9969172,0.1629323959350586,0.8289999961853027,0.42590001225471497
YBR237W,YGR218W,0,1.9968388,0.16290037333965302,0.8289999961853027,0.4259999990463257
YHR081W,YLR265C,1,1.9966304,0.1630648374557495,0.8299999833106995,0.4259999990463257
YPR156C,YIL009C-A,0,1.9963589,0.16303279995918274,0.8299999833106995,0.4260999858379364
YDR219C,YHR116W,0,1.995551,0.16300079226493835,0.8299999833106995,0.4262000024318695
YPL031C,YGR220C,0,1.9952258,0.16296878457069397,0.8299999833106995,0.4262999892234802
YNL185C,YBR207W,0,1.9951395,0.16293679177761078,0.8299999833106995,0.42640000581741333
YPL195W,YKL024C,0,1.9950877,0.16290481388568878,0.8299999833106995,0.42649999260902405
YMR292W,YER112W,0,1.9947174,0.16287283599376678,0.8299999833106995,0.42660000920295715
YMR139W,YDL007W,0,1.9943027,0.16284088790416718,0.8299999833106995,0.42669999599456787
YGR124W,YDR239C,0,1.9931505,0.16280893981456757,0.8299999833106995,0.426800012588501
YKL088W,YLR099C,0,1.9930884,0.16277702152729034,0.8299999833106995,0.4268999993801117
YNL306W,YML042W,0,1.9926786,0.16274510324001312,0.8299999833106995,0.4269999861717224
YBR286W,YIL145C,0,1.9923396,0.1627131998538971,0.8299999833106995,0.4271000027656555
YHR076W,YNR008W,0,1.9921504,0.16268129646778107,0.8299999833106995,0.42719998955726624
YMR208W,YGR191W,0,1.9917139,0.16264942288398743,0.8299999833106995,0.42730000615119934
YOL103W,YBR207W,0,1.9915588,0.1626175493001938,0.8299999833106995,0.42739999294281006
YJL153C,YDL130W,0,1.9915575,0.16258570551872253,0.8299999833106995,0.42750000953674316
YDR329C,YDR363W-A,0,1.9915379,0.16255386173725128,0.8299999833106995,0.4275999963283539
YDR139C,YPL038W,0,1.991398,0.16252203285694122,0.8299999833106995,0.427700012922287
YER111C,YIL115C,0,1.9913852,0.16249021887779236,0.8299999833106995,0.4277999997138977
YOR155C,YPR156C,0,1.9910507,0.1624584048986435,0.8299999833106995,0.4278999865055084
YGL173C,YKL154W,0,1.9904974,0.16242662072181702,0.8299999833106995,0.42800000309944153
YNL185C,YBL022C,0,1.9902028,0.16239483654499054,0.8299999833106995,0.42809998989105225
YHR046C,YCL061C,0,1.9901781,0.16236306726932526,0.8299999833106995,0.42820000648498535
YML094W,YPL051W,0,1.9896594,0.16233131289482117,0.8299999833106995,0.42829999327659607
YJL165C,YDR529C,0,1.9891608,0.16229957342147827,0.8299999833106995,0.4284000098705292
YBR158W,YDR387C,0,1.9891343,0.16226783394813538,0.8299999833106995,0.4284999966621399
YNL330C,YOR244W,1,1.9889948,0.16243158280849457,0.8309999704360962,0.4284999966621399
YDL190C,YCL031C,0,1.9889247,0.16239984333515167,0.8309999704360962,0.428600013256073
YGL009C,YDR047W,0,1.9888514,0.16236811876296997,0.8309999704360962,0.4287000000476837
YER027C,YMR312W,0,1.9888057,0.16233639419078827,0.8309999704360962,0.42879998683929443
YIL009C-A,YNL151C,0,1.9886719,0.16230468451976776,0.8309999704360962,0.42890000343322754
YIL093C,YDL095W,0,1.9886253,0.16227298974990845,0.8309999704360962,0.42899999022483826
YNL293W,YER056C-A,0,1.9883679,0.16224130988121033,0.8309999704360962,0.42910000681877136
YDR341C,YJR076C,0,1.9879489,0.1622096449136734,0.8309999704360962,0.4291999936103821
YLR188W,YDR483W,0,1.987896,0.16217797994613647,0.8309999704360962,0.4293000102043152
YHL044W,YAL035W,0,1.9878024,0.16214634478092194,0.8309999704360962,0.4293999969959259
YBL088C,YER147C,1,1.9874085,0.16230979561805725,0.8320000171661377,0.4293999969959259
YMR171C,YNL292W,0,1.9871978,0.16227813065052032,0.8320000171661377,0.429500013589859
YEL017C-A,YDL109C,0,1.9868255,0.1622464954853058,0.8320000171661377,0.4296000003814697
YPL177C,YHR129C,0,1.9864707,0.16221486032009125,0.8320000171661377,0.42969998717308044
YOL100W,YDR443C,0,1.9862069,0.1621832400560379,0.8320000171661377,0.42980000376701355
YER161C,YPL149W,0,1.9860762,0.16215163469314575,0.8320000171661377,0.42989999055862427
YJL065C,YKL158W,0,1.9860392,0.1621200293302536,0.8320000171661377,0.4300000071525574
YDL129W,YDR299W,0,1.9856793,0.16208845376968384,0.8320000171661377,0.4300999939441681
YHL044W,YBL017C,0,1.9854889,0.16205687820911407,0.8320000171661377,0.4302000105381012
YGL249W,YLR467W,0,1.9854033,0.1620253175497055,0.8320000171661377,0.4302999973297119
YBR240C,YGR037C,0,1.9837959,0.16199377179145813,0.8320000171661377,0.430400013923645
YDR158W,YOR070C,0,1.9836848,0.16196224093437195,0.8320000171661377,0.43050000071525574
YJR160C,YLR385C,0,1.9824709,0.16193071007728577,0.8320000171661377,0.43059998750686646
YBL054W,YER061C,0,1.9824438,0.16189920902252197,0.8320000171661377,0.43070000410079956
YOL003C,YIL145C,0,1.982154,0.16186770796775818,0.8320000171661377,0.4307999908924103
YHR116W,YKL021C,0,1.9821345,0.16183622181415558,0.8320000171661377,0.4309000074863434
YBR237W,YMR312W,0,1.9819944,0.16180475056171417,0.8320000171661377,0.4309999942779541
YBR296C,YDR047W,0,1.9819276,0.16177327930927277,0.8320000171661377,0.4311000108718872
YHR023W,YER153C,0,1.9818295,0.16174183785915375,0.8320000171661377,0.4311999976634979
YLR040C,YOL120C,0,1.9808689,0.16171039640903473,0.8320000171661377,0.43130001425743103
YIL113W,YDR130C,0,1.9805675,0.1616789698600769,0.8320000171661377,0.43140000104904175
YHR147C,YDR069C,0,1.9801927,0.16164755821228027,0.8320000171661377,0.43149998784065247
YDR510W,YPL095C,0,1.980097,0.16161616146564484,0.8320000171661377,0.43160000443458557
YGL210W,YCR098C,0,1.9799033,0.1615847796201706,0.8320000171661377,0.4316999912261963
YPR036W,YHR147C,0,1.9798568,0.16155339777469635,0.8320000171661377,0.4318000078201294
YAL020C,YIL145C,0,1.9798526,0.1615220308303833,0.8320000171661377,0.4318999946117401
YOL133W,YLL035W,0,1.9796433,0.16149067878723145,0.8320000171661377,0.4320000112056732
YER061C,YHR086W,0,1.9793125,0.16145934164524078,0.8320000171661377,0.43209999799728394
YER029C,YOR228C,0,1.9791305,0.16142801940441132,0.8320000171661377,0.43220001459121704
YOR391C,YDR055W,0,1.9784437,0.16139669716358185,0.8320000171661377,0.43230000138282776
YNL129W,YLL001W,0,1.9780447,0.16136540472507477,0.8320000171661377,0.4323999881744385
YGL120C,YER048W-A,0,1.977792,0.1613341122865677,0.8320000171661377,0.4325000047683716
YBL024W,YCR029C-A,0,1.977762,0.1613028347492218,0.8320000171661377,0.4325999915599823
YMR208W,YOR080W,0,1.9775684,0.16127155721187592,0.8320000171661377,0.4327000081539154
YDR224C,YLR265C,1,1.9775643,0.1614341139793396,0.8330000042915344,0.4327000081539154
YJR010C-A,YDR238C,0,1.9771867,0.16140282154083252,0.8330000042915344,0.4327999949455261
YML125C,YOR228C,0,1.9771043,0.16137155890464783,0.8330000042915344,0.43290001153945923
YER027C,YOR014W,0,1.9764994,0.16134031116962433,0.8330000042915344,0.43299999833106995
YBL021C,YLR467W,0,1.9764764,0.16130906343460083,0.8330000042915344,0.43309998512268066
YBL088C,YOR346W,1,1.9764602,0.1614714413881302,0.8339999914169312,0.43309998512268066
YAR019C,YOL002C,0,1.9755077,0.1614401787519455,0.8339999914169312,0.43320000171661377
YCR077C,YCR054C,0,1.9749186,0.1614089459180832,0.8339999914169312,0.4332999885082245
YPR156C,YHR207C,0,1.9747419,0.1613777130842209,0.8339999914169312,0.4334000051021576
YMR224C,YOR217W,1,1.9744732,0.1615399569272995,0.8349999785423279,0.4334000051021576
YDL190C,YJR065C,0,1.9743145,0.161508709192276,0.8349999785423279,0.4334999918937683
YDR424C,YDR322W,0,1.974292,0.1614774763584137,0.8349999785423279,0.4336000084877014
YBR087W,YDL200C,1,1.974173,0.16163960099220276,0.8360000252723694,0.4336000084877014
YPL143W,YHL032C,0,1.9739716,0.16160835325717926,0.8360000252723694,0.43369999527931213
YLR099C,YDR252W,0,1.9734488,0.16157712042331696,0.8360000252723694,0.43380001187324524
YDL127W,YHL047C,0,1.9732788,0.16154588758945465,0.8360000252723694,0.43389999866485596
YIL074C,YLR078C,0,1.9727298,0.16151468455791473,0.8360000252723694,0.4339999854564667
YLR127C,YDL112W,0,1.9725403,0.16148348152637482,0.8360000252723694,0.4341000020503998
YHR021C,YMR289W,0,1.9724221,0.1614522933959961,0.8360000252723694,0.4341999888420105
YAR019C,YDL146W,0,1.9721236,0.16142112016677856,0.8360000252723694,0.4343000054359436
YNL166C,YCL047C,0,1.9718968,0.16138996183872223,0.8360000252723694,0.4343999922275543
YOR224C,YGR037C,0,1.9712244,0.1613588184118271,0.8360000252723694,0.4345000088214874
YMR247C,YDL180W,0,1.9711459,0.16132767498493195,0.8360000252723694,0.43459999561309814
YNL159C,YCL027W,0,1.9710658,0.161296546459198,0.8360000252723694,0.43470001220703125
YPL226W,YER096W,0,1.9709805,0.16126543283462524,0.8360000252723694,0.43479999899864197
YJL108C,YLR438C-A,0,1.9704905,0.16123433411121368,0.8360000252723694,0.4348999857902527
YJR001W,YGL222C,0,1.969507,0.16120323538780212,0.8360000252723694,0.4350000023841858
YIL126W,YLR357W,1,1.969461,0.16136495769023895,0.8370000123977661,0.4350000023841858
YDR315C,YER153C,0,1.9693367,0.1613338440656662,0.8370000123977661,0.4350999891757965
YNL129W,YML081C-A,0,1.9691166,0.16130276024341583,0.8370000123977661,0.4352000057697296
YIL004C,YBR048W,0,1.9691132,0.16127167642116547,0.8370000123977661,0.43529999256134033
YOL031C,YOL152W,0,1.96906,0.1612406075000763,0.8370000123977661,0.43540000915527344
YER036C,YDL190C,0,1.9688205,0.16120955348014832,0.8370000123977661,0.43549999594688416
YHR147C,YER184C,0,1.9688182,0.16117851436138153,0.8370000123977661,0.43560001254081726
YPR166C,YIR009W,0,1.9686208,0.16114747524261475,0.8370000123977661,0.435699999332428
YIR002C,YMR224C,1,1.9685951,0.16130894422531128,0.8379999995231628,0.435699999332428
YKR038C,YPR028W,0,1.9685084,0.1612779051065445,0.8379999995231628,0.4357999861240387
YNL136W,YIL126W,1,1.9682895,0.16143928468227386,0.8389999866485596,0.4357999861240387
YPL106C,YBL060W,0,1.9679356,0.1614082306623459,0.8389999866485596,0.4359000027179718
YBR291C,YDL008W,0,1.9679053,0.1613771915435791,0.8389999866485596,0.4359999895095825
YJL157C,YPL092W,0,1.9677863,0.16134615242481232,0.8389999866485596,0.4361000061035156
YKL088W,YDR116C,0,1.9677147,0.16131512820720673,0.8389999866485596,0.43619999289512634
YPL068C,YLR318W,0,1.9677067,0.16128411889076233,0.8389999866485596,0.43630000948905945
YDL060W,YLR433C,0,1.9674971,0.16125312447547913,0.8389999866485596,0.43639999628067017
YKL158W,YPL092W,0,1.9670129,0.16122213006019592,0.8389999866485596,0.43650001287460327
YNL310C,YER045C,0,1.9670112,0.1611911654472351,0.8389999866485596,0.436599999666214
YPL281C,YDR297W,0,1.9667426,0.1611602008342743,0.8389999866485596,0.4366999864578247
YDR299W,YML034W,0,1.9667292,0.16112925112247467,0.8389999866485596,0.4368000030517578
YKL004W,YBR241C,0,1.9665279,0.16109831631183624,0.8389999866485596,0.43689998984336853
YGL191W,YOR211C,0,1.9664127,0.16106738150119781,0.8389999866485596,0.43700000643730164
YLR286C,YNL244C,0,1.9661226,0.16103646159172058,0.8389999866485596,0.43709999322891235
YDR253C,YLR100W,0,1.9658766,0.16100557148456573,0.8389999866485596,0.43720000982284546
YFR005C,YNR045W,0,1.9658229,0.1609746664762497,0.8389999866485596,0.4372999966144562
YPL031C,YAR018C,0,1.9657543,0.16094379127025604,0.8389999866485596,0.4374000132083893
YDL192W,YIL138C,0,1.9652045,0.16091293096542358,0.8389999866485596,0.4375
YML116W,YGR001C,0,1.9648504,0.16088207066059113,0.8389999866485596,0.4375999867916107
YBR198C,YPL031C,0,1.9646899,0.16085122525691986,0.8389999866485596,0.4377000033855438
YDR418W,YDR362C,0,1.9644086,0.1608203947544098,0.8389999866485596,0.43779999017715454
YDR379W,YMR150C,0,1.9642528,0.1607895791530609,0.8389999866485596,0.43790000677108765
YML115C,YNL244C,0,1.9640257,0.16075876355171204,0.8389999866485596,0.43799999356269836
YER148W,YGL155W,0,1.9634404,0.16072796285152435,0.8389999866485596,0.43810001015663147
YBL060W,YOR306C,0,1.9634295,0.16069717705249786,0.8389999866485596,0.4381999969482422
YJR135C,YDL144C,0,1.9634228,0.16066640615463257,0.8389999866485596,0.4383000135421753
YDR440W,YBR087W,1,1.9633994,0.16082711517810822,0.8399999737739563,0.4383000135421753
YLR134W,YDR239C,0,1.9630901,0.16079632937908173,0.8399999737739563,0.438400000333786
YKL212W,YLR078C,0,1.9629302,0.16076554358005524,0.8399999737739563,0.43849998712539673
YHL040C,YLR098C,0,1.9628023,0.16073478758335114,0.8399999737739563,0.43860000371932983
YDR341C,YEL013W,0,1.9621923,0.16070403158664703,0.8399999737739563,0.43869999051094055
YBL024W,YJL056C,0,1.9621459,0.16067329049110413,0.8399999737739563,0.43880000710487366
YAL044C,YGR062C,0,1.961916,0.1606425642967224,0.8399999737739563,0.4388999938964844
YGL009C,YMR163C,0,1.9614868,0.1606118530035019,0.8399999737739563,0.4390000104904175
YCR047C,YOL125W,0,1.9613328,0.16058115661144257,0.8399999737739563,0.4390999972820282
YLR283W,YNL248C,0,1.9609847,0.16055046021938324,0.8399999737739563,0.4392000138759613
YLR439W,YDR387C,0,1.960536,0.1605197787284851,0.8399999737739563,0.439300000667572
YCL059C,YER088C,0,1.9604516,0.16048911213874817,0.8399999737739563,0.43939998745918274
YOR175C,YLR287C-A,0,1.9604406,0.16045844554901123,0.8399999737739563,0.43950000405311584
YIL125W,YDR158W,0,1.960343,0.16042780876159668,0.8399999737739563,0.43959999084472656
YNL158W,YLR172C,0,1.960272,0.16039717197418213,0.8399999737739563,0.43970000743865967
YNR040W,YOR306C,0,1.959727,0.16036655008792877,0.8399999737739563,0.4397999942302704
YDL185W,YLR433C,0,1.9592072,0.1603359431028366,0.8399999737739563,0.4399000108242035
YNR016C,YER051W,0,1.959123,0.16030533611774445,0.8399999737739563,0.4399999976158142
YBL057C,YDR032C,0,1.959066,0.16027475893497467,0.8399999737739563,0.4401000142097473
YER096W,YIR015W,0,1.9590294,0.1602441817522049,0.8399999737739563,0.44020000100135803
YDL205C,YGR262C,0,1.9589868,0.1602136194705963,0.8399999737739563,0.44029998779296875
YBL093C,YHR067W,0,1.9588833,0.16018307209014893,0.8399999737739563,0.44040000438690186
YKR038C,YML042W,0,1.9585845,0.16015252470970154,0.8399999737739563,0.4404999911785126
YAR019C,YER088C,0,1.9583504,0.16012199223041534,0.8399999737739563,0.4406000077724457
YAL053W,YIL090W,0,1.9583476,0.16009147465229034,0.8399999737739563,0.4406999945640564
YCL066W,YOL140W,0,1.9582784,0.16006097197532654,0.8399999737739563,0.4408000111579895
YNL136W,YGR002C,1,1.958005,0.16022099554538727,0.8410000205039978,0.4408000111579895
YDL065C,YGL157W,0,1.9576359,0.16019047796726227,0.8410000205039978,0.4408999979496002
YAL020C,YGL123W,0,1.9571736,0.16015997529029846,0.8410000205039978,0.4410000145435333
YNL289W,YER106W,0,1.9571517,0.16012947261333466,0.8410000205039978,0.44110000133514404
YFL029C,YDR116C,0,1.9570346,0.16009898483753204,0.8410000205039978,0.44119998812675476
YPR070W,YKL198C,0,1.9569929,0.16006851196289062,0.8410000205039978,0.44130000472068787
YOL030W,YHR011W,0,1.9569781,0.1600380539894104,0.8410000205039978,0.4413999915122986
YDR166C,YLR441C,0,1.956385,0.16000761091709137,0.8410000205039978,0.4415000081062317
YLR356W,YJL133W,0,1.9562713,0.15997716784477234,0.8410000205039978,0.4415999948978424
YBR175W,YBL074C,0,1.9562091,0.1599467545747757,0.8410000205039978,0.4417000114917755
YBR213W,YKR050W,0,1.9556223,0.15991634130477905,0.8410000205039978,0.44179999828338623
YBR237W,YMR130W,0,1.9556001,0.1598859280347824,0.8410000205039978,0.44190001487731934
YBL017C,YDR052C,0,1.9555863,0.15985554456710815,0.8410000205039978,0.44200000166893005
YBR296C,YGL253W,0,1.9553673,0.1598251610994339,0.8410000205039978,0.44209998846054077
YDR315C,YOR326W,0,1.9552534,0.15979479253292084,0.8410000205039978,0.4422000050544739
YOR290C,YKL017C,1,1.9551456,0.15995441377162933,0.8420000076293945,0.4422000050544739
YMR188C,YBL020W,0,1.9549996,0.15992403030395508,0.8420000076293945,0.4422999918460846
YBR160W,YPL204W,1,1.9548749,0.1600835621356964,0.8429999947547913,0.4422999918460846
YBR291C,YGR086C,0,1.9539437,0.16005316376686096,0.8429999947547913,0.4424000084400177
YER086W,YMR070W,0,1.9538635,0.1600227802991867,0.8429999947547913,0.4424999952316284
YLR212C,YIL138C,0,1.9538429,0.15999241173267365,0.8429999947547913,0.4426000118255615
YAL010C,YHL047C,0,1.9536064,0.15996204316616058,0.8429999947547913,0.44269999861717224
YPR021C,YGR272C,0,1.9528378,0.1599317044019699,0.8429999947547913,0.44279998540878296
YML034W,YBR159W,0,1.9526737,0.15990136563777924,0.8429999947547913,0.44290000200271606
YJR066W,YDR283C,0,1.9522681,0.15987104177474976,0.8429999947547913,0.4429999887943268
YGL003C,YJL109C,0,1.9520619,0.15984073281288147,0.8429999947547913,0.4431000053882599
YPL059W,YOR075W,0,1.9518228,0.15981042385101318,0.8429999947547913,0.4431999921798706
YAR019C,YML048W,0,1.9518079,0.1597801297903061,0.8429999947547913,0.4433000087738037
YPR070W,YIL171W,0,1.9513618,0.1597498506307602,0.8429999947547913,0.44339999556541443
YNL218W,YBR087W,1,1.9513483,0.15990905463695526,0.843999981880188,0.44339999556541443
YJR158W,YBL060W,0,1.9511502,0.15987876057624817,0.843999981880188,0.44350001215934753
YJL041W,YNL135C,0,1.9511166,0.15984848141670227,0.843999981880188,0.44359999895095825
YAL012W,YOR127W,0,1.9508867,0.15981821715831757,0.843999981880188,0.44369998574256897
YLR385C,YDR380W,0,1.9507866,0.15978795289993286,0.843999981880188,0.4438000023365021
YDR456W,YDR088C,0,1.950553,0.15975771844387054,0.843999981880188,0.4438999891281128
YOR347C,YGL123W,0,1.9504447,0.15972748398780823,0.843999981880188,0.4440000057220459
YMR037C,YCL050C,0,1.950356,0.1596972495317459,0.843999981880188,0.4440999925136566
YBL088C,YMR224C,1,1.9501982,0.15985623002052307,0.8450000286102295,0.4440999925136566
YDR047W,YLR079W,0,1.950041,0.15982599556446075,0.8450000286102295,0.4442000091075897
YJL133W,YKL028W,0,1.9500036,0.15979576110839844,0.8450000286102295,0.44429999589920044
YOR201C,YNL227C,0,1.9497895,0.1597655564546585,0.8450000286102295,0.44440001249313354
YIR002C,YOR346W,1,1.9497302,0.15992438793182373,0.8460000157356262,0.44440001249313354
YCR053W,YDR044W,0,1.949617,0.1598941534757614,0.8460000157356262,0.44449999928474426
YDR376W,YEL058W,0,1.94947,0.15986394882202148,0.8460000157356262,0.444599986076355
YKL212W,YLR099C,0,1.9493549,0.15983374416828156,0.8460000157356262,0.4447000026702881
YOL071W,YBL061C,0,1.949316,0.15980355441570282,0.8460000157356262,0.4447999894618988
YOR278W,YOR067C,0,1.9489505,0.15977336466312408,0.8460000157356262,0.4449000060558319
YLR266C,YOL140W,0,1.9485731,0.15974320471286774,0.8460000157356262,0.4449999928474426
YOR181W,YDR238C,0,1.9484545,0.1597130447626114,0.8460000157356262,0.44510000944137573
YKR061W,YJR015W,0,1.9481167,0.15968289971351624,0.8460000157356262,0.44519999623298645
YGR156W,YEL021W,0,1.9480709,0.15965276956558228,0.8460000157356262,0.44530001282691956
YIL027C,YER088C,0,1.9480022,0.15962263941764832,0.8460000157356262,0.4453999996185303
YDR052C,YDR236C,0,1.9467883,0.15959252417087555,0.8460000157356262,0.445499986410141
YDR315C,YHR136C,0,1.9466811,0.15956242382526398,0.8460000157356262,0.4456000030040741
YLR370C,YML005W,0,1.9466455,0.1595323383808136,0.8460000157356262,0.4456999897956848
YMR142C,YDR501W,0,1.9463198,0.15950226783752441,0.8460000157356262,0.4458000063896179
YIL109C,YMR080C,0,1.9462367,0.15947219729423523,0.8460000157356262,0.44589999318122864
YCR047C,YMR022W,0,1.9462005,0.15944214165210724,0.8460000157356262,0.44600000977516174
YLR097C,YGR001C,0,1.9459584,0.15941210091114044,0.8460000157356262,0.44609999656677246
YPR070W,YMR312W,0,1.9450929,0.15938206017017365,0.8460000157356262,0.44620001316070557
YNL306W,YOR014W,0,1.9445038,0.15935204923152924,0.8460000157356262,0.4462999999523163
YMR006C,YMR247C,0,1.9445016,0.15932203829288483,0.8460000157356262,0.446399986743927
YOR389W,YOR332W,0,1.9442006,0.1592920422554016,0.8460000157356262,0.4465000033378601
YPL031C,YOR080W,0,1.9439747,0.1592620462179184,0.8460000157356262,0.4465999901294708
YLR343W,YPL186C,0,1.9437721,0.15923206508159637,0.8460000157356262,0.44670000672340393
YML012W,YMR292W,0,1.9435966,0.15920211374759674,0.8460000157356262,0.44679999351501465
YCR004C,YMR022W,0,1.9432883,0.1591721475124359,0.8460000157356262,0.44690001010894775
YER106W,YPL202C,0,1.9427993,0.15914221107959747,0.8460000157356262,0.44699999690055847
YIL172C,YBR142W,0,1.9423008,0.15911227464675903,0.8460000157356262,0.4471000134944916
YPL060W,YOR080W,0,1.9418864,0.15908236801624298,0.8460000157356262,0.4472000002861023
YMR297W,YMR292W,0,1.9418714,0.15905244648456573,0.8460000157356262,0.447299987077713
YDR033W,YMR311C,0,1.941765,0.15902255475521088,0.8460000157356262,0.4474000036716461
YDR060W,YHR011W,0,1.9413627,0.1589926779270172,0.8460000157356262,0.44749999046325684
YMR100W,YOR332W,0,1.9408982,0.15896280109882355,0.8460000157356262,0.44760000705718994
YML113W,YLR467W,0,1.940567,0.15893293917179108,0.8460000157356262,0.44769999384880066
YNL077W,YCR040W,0,1.9404752,0.1589030772447586,0.8460000157356262,0.44780001044273376
YER161C,YDR093W,0,1.9404011,0.15887324512004852,0.8460000157356262,0.4478999972343445
YER153C,YAL012W,0,1.9401433,0.15884341299533844,0.8460000157356262,0.4480000138282776
YNL039W,YNL146W,0,1.9399239,0.15881359577178955,0.8460000157356262,0.4481000006198883
YER056C-A,YLR097C,0,1.9399183,0.15878377854824066,0.8460000157356262,0.448199987411499
YHL008C,YNL112W,0,1.9398851,0.15875399112701416,0.8460000157356262,0.44830000400543213
YIL027C,YKL010C,0,1.9398367,0.15872420370578766,0.8460000157356262,0.44839999079704285
YER148W,YOL149W,0,1.939821,0.15869443118572235,0.8460000157356262,0.44850000739097595
YCL063W,YOR120W,0,1.9397317,0.15866467356681824,0.8460000157356262,0.44859999418258667
YHR117W,YML087C,0,1.939557,0.15863491594791412,0.8460000157356262,0.4487000107765198
YNR011C,YGR054W,0,1.9395274,0.1586051732301712,0.8460000157356262,0.4487999975681305
YHR064C,YPL202C,0,1.939009,0.15857544541358948,0.8460000157356262,0.4489000141620636
YDL229W,YNL293W,0,1.9389213,0.15854573249816895,0.8460000157356262,0.4490000009536743
YOR269W,YLR014C,0,1.938703,0.1585160195827484,0.8460000157356262,0.44909998774528503
YMR306W,YBR291C,0,1.9378242,0.15848632156848907,0.8460000157356262,0.44920000433921814
YBR286W,YAL012W,0,1.937429,0.15845663845539093,0.8460000157356262,0.44929999113082886
YDR270W,YOL064C,0,1.9373462,0.15842697024345398,0.8460000157356262,0.44940000772476196
YMR188C,YLR120C,0,1.9368613,0.15839730203151703,0.8460000157356262,0.4494999945163727
YIL138C,YOR080W,0,1.9367337,0.15836764872074127,0.8460000157356262,0.4496000111103058
YCR037C,YDR044W,0,1.9364455,0.1583380103111267,0.8460000157356262,0.4496999979019165
YIL150C,YDL192W,0,1.9364057,0.15830838680267334,0.8460000157356262,0.4498000144958496
YPR132W,YDL115C,0,1.936402,0.15827876329421997,0.8460000157356262,0.4499000012874603
YBR041W,YKL108W,0,1.9362023,0.1582491546869278,0.8460000157356262,0.44999998807907104
YLR048W,YPL038W,0,1.9357033,0.15821956098079681,0.8460000157356262,0.45010000467300415
YBR240C,YDR134C,0,1.9355438,0.15818998217582703,0.8460000157356262,0.45019999146461487
YOL127W,YOR373W,0,1.9354146,0.15816040337085724,0.8460000157356262,0.450300008058548
YPR118W,YDR362C,0,1.9353848,0.15813083946704865,0.8460000157356262,0.4503999948501587
YML027W,YDR533C,0,1.9350675,0.15810129046440125,0.8460000157356262,0.4505000114440918
YER087C-A,YHL024W,0,1.9347055,0.15807174146175385,0.8460000157356262,0.4505999982357025
YDR033W,YIR023W,0,1.9345345,0.15804222226142883,0.8460000157356262,0.4507000148296356
YJL046W,YJR060W,0,1.9345069,0.15801270306110382,0.8460000157356262,0.45080000162124634
YHR089C,YER184C,0,1.9344152,0.15798319876194,0.8460000157356262,0.45089998841285706
YLR126C,YKR009C,0,1.9342581,0.15795369446277618,0.8460000157356262,0.45100000500679016
YFL004W,YHR136C,0,1.9337767,0.15792420506477356,0.8460000157356262,0.4510999917984009
YER044C,YGL123W,0,1.9334483,0.15789473056793213,0.8460000157356262,0.451200008392334
YIL034C,YKR030W,0,1.9332998,0.1578652709722519,0.8460000157356262,0.4512999951839447
YLR214W,YIL171W,0,1.9325447,0.15783582627773285,0.8460000157356262,0.4514000117778778
YOR116C,YCL069W,0,1.932366,0.1578063815832138,0.8460000157356262,0.4514999985694885
YAL035W,YKL116C,0,1.932122,0.15777695178985596,0.8460000157356262,0.45159998536109924
YAR018C,YNL098C,0,1.9320459,0.1577475219964981,0.8460000157356262,0.45170000195503235
YOR124C,YNL289W,0,1.931846,0.15771812200546265,0.8460000157356262,0.45179998874664307
YGL119W,YMR026C,0,1.9316306,0.15768872201442719,0.8460000157356262,0.45190000534057617
YGR274C,YLR450W,0,1.9314044,0.15765933692455292,0.8460000157356262,0.4519999921321869
YGR029W,YJL072C,0,1.9312272,0.15762996673583984,0.8460000157356262,0.45210000872612
YHR160C,YKL164C,0,1.9312241,0.15760059654712677,0.8460000157356262,0.4521999955177307
YER029C,YOR233W,0,1.9311895,0.1575712412595749,0.8460000157356262,0.4523000121116638
YLR106C,YJL025W,0,1.9311514,0.1575419008731842,0.8460000157356262,0.45239999890327454
YDR052C,YBL069W,0,1.9310746,0.15751256048679352,0.8460000157356262,0.45249998569488525
YIL109C,YIR015W,0,1.9308975,0.15748324990272522,0.8460000157356262,0.45260000228881836
YNL007C,YOR127W,0,1.9308145,0.15745393931865692,0.8460000157356262,0.4526999890804291
YER068W,YDR283C,0,1.9302402,0.15742464363574982,0.8460000157356262,0.4528000056743622
YDR424C,YGR071C,0,1.9301689,0.1573953479528427,0.8460000157356262,0.4528999924659729
YEL064C,YCR094W,0,1.9296577,0.1573660671710968,0.8460000157356262,0.453000009059906
YOR179C,YDR363W-A,0,1.9295783,0.15733680129051208,0.8460000157356262,0.4530999958515167
YPL172C,YGL157W,0,1.9295706,0.15730755031108856,0.8460000157356262,0.45320001244544983
YOR047C,YBR024W,0,1.9294257,0.15727829933166504,0.8460000157356262,0.45329999923706055
YBR264C,YJL108C,0,1.9289168,0.1572490632534027,0.8460000157356262,0.45339998602867126
YDL164C,YBR087W,1,1.9287367,0.15740568935871124,0.847000002861023,0.45339998602867126
YDR033W,YOR037W,0,1.928732,0.15737643837928772,0.847000002861023,0.45350000262260437
YBR036C,YOL147C,0,1.9286981,0.1573472023010254,0.847000002861023,0.4535999894142151
YJR097W,YHL047C,0,1.928325,0.15731798112392426,0.847000002861023,0.4537000060081482
YLR450W,YNL098C,0,1.9279364,0.15728875994682312,0.847000002861023,0.4537999927997589
YOR233W,YLR176C,0,1.9275949,0.15725956857204437,0.847000002861023,0.453900009393692
YDL129W,YDR320C,0,1.9275221,0.15723036229610443,0.847000002861023,0.45399999618530273
YOR356W,YLR121C,0,1.9273306,0.15720118582248688,0.847000002861023,0.45410001277923584
YOR315W,YPL155C,0,1.9267901,0.15717202425003052,0.847000002861023,0.45419999957084656
YNR045W,YNL061W,0,1.9262522,0.15714286267757416,0.847000002861023,0.4542999863624573
YMR290C,YKL158W,0,1.926187,0.1571137011051178,0.847000002861023,0.4544000029563904
YMR233W,YML074C,0,1.926171,0.15708456933498383,0.847000002861023,0.4544999897480011
YOR201C,YDR376W,0,1.9261167,0.15705543756484985,0.847000002861023,0.4546000063419342
YPL106C,YLR283W,0,1.9260759,0.15702632069587708,0.847000002861023,0.4546999931335449
YBL024W,YKL179C,0,1.9259156,0.1569972187280655,0.847000002861023,0.454800009727478
YPL059W,YLR099C,0,1.9258211,0.1569681316614151,0.847000002861023,0.45489999651908875
YOR096W,YBR123C,0,1.9257776,0.1569390445947647,0.847000002861023,0.45500001311302185
YGL135W,YDR247W,0,1.9256991,0.1569099724292755,0.847000002861023,0.45509999990463257
YDR481C,YMR235C,0,1.9254836,0.15688090026378632,0.847000002861023,0.4551999866962433
YER056C-A,YPL033C,0,1.9254335,0.1568518579006195,0.847000002861023,0.4553000032901764
YDR536W,YKR030W,0,1.925376,0.1568228155374527,0.847000002861023,0.4553999900817871
YCR096C,YPL177C,0,1.9250932,0.1567937731742859,0.847000002861023,0.4555000066757202
YDR368W,YOR080W,0,1.9245414,0.15676476061344147,0.847000002861023,0.45559999346733093
YLR370C,YPL189C-A,0,1.9237769,0.15673574805259705,0.847000002861023,0.45570001006126404
YLL009C,YLR221C,0,1.9235826,0.15670675039291382,0.847000002861023,0.45579999685287476
YDR270W,YDR448W,0,1.9230177,0.15667776763439178,0.847000002861023,0.45590001344680786
YAR019C,YOL077C,0,1.9229448,0.15664878487586975,0.847000002861023,0.4560000002384186
YIR017C,YER106W,0,1.9224603,0.1566198170185089,0.847000002861023,0.4560999870300293
YLR142W,YDR279W,0,1.9220903,0.15659086406230927,0.847000002861023,0.4562000036239624
YGL141W,YNR007C,0,1.9216686,0.1565619260072708,0.847000002861023,0.4562999904155731
YHL044W,YJL121C,0,1.9209043,0.15653298795223236,0.847000002861023,0.4564000070095062
YDR093W,YBR241C,0,1.9203657,0.1565040647983551,0.847000002861023,0.45649999380111694
YOL152W,YNL212W,0,1.920362,0.15647515654563904,0.847000002861023,0.45660001039505005
YIL125W,YPL281C,0,1.9201705,0.15644624829292297,0.847000002861023,0.45669999718666077
YLR370C,YPR192W,0,1.9199696,0.1564173549413681,0.847000002861023,0.45680001378059387
YLR106C,YGL084C,0,1.9199592,0.15638847649097443,0.847000002861023,0.4569000005722046
YFR015C,YCL031C,0,1.9196163,0.15635961294174194,0.847000002861023,0.4569999873638153
YDR424C,YOL156W,0,1.919591,0.15633074939250946,0.847000002861023,0.4571000039577484
YDR312W,YOR181W,0,1.9192748,0.15630190074443817,0.847000002861023,0.45719999074935913
YDR495C,YGR200C,0,1.9190575,0.15627306699752808,0.847000002861023,0.45730000734329224
YJL008C,YAL012W,0,1.9189632,0.15624423325061798,0.847000002861023,0.45739999413490295
YGR158C,YKL164C,0,1.9189446,0.15621541440486908,0.847000002861023,0.45750001072883606
YJR066W,YEL064C,0,1.918778,0.15618661046028137,0.847000002861023,0.4575999975204468
YJR104C,YGR047C,0,1.9185778,0.15615782141685486,0.847000002861023,0.4577000141143799
YMR290C,YJR058C,0,1.9185021,0.15612903237342834,0.847000002861023,0.4578000009059906
YJR158W,YGL178W,0,1.9181106,0.15610025823116302,0.847000002861023,0.4578999876976013
YAR015W,YLR090W,0,1.9179032,0.1560714989900589,0.847000002861023,0.4580000042915344
YEL038W,YNL308C,0,1.9174026,0.15604273974895477,0.847000002861023,0.45809999108314514
YJL090C,YGL090W,1,1.917342,0.156198188662529,0.8479999899864197,0.45809999108314514
YKR094C,YPL022W,1,1.9173316,0.15635359287261963,0.8489999771118164,0.45809999108314514
YNL158W,YNL061W,0,1.9169769,0.15632480382919312,0.8489999771118164,0.45820000767707825
YDR465C,YPL281C,0,1.9168217,0.1562960296869278,0.8489999771118164,0.45829999446868896
YOR076C,YML087C,0,1.9167838,0.15626725554466248,0.8489999771118164,0.45840001106262207
YPL271W,YOR092W,0,1.916399,0.15623849630355835,0.8489999771118164,0.4584999978542328
YLR170C,YOR201C,0,1.9163811,0.15620975196361542,0.8489999771118164,0.4586000144481659
YJR015W,YDR169C,0,1.9159582,0.15618102252483368,0.8489999771118164,0.4587000012397766
YMR051C,YDL180W,0,1.9158428,0.15615229308605194,0.8489999771118164,0.45879998803138733
YKL088W,YGL210W,0,1.9155077,0.1561235785484314,0.8489999771118164,0.45890000462532043
YOL003C,YBL090W,0,1.9154553,0.15609486401081085,0.8489999771118164,0.45899999141693115
YEL054C,YAL021C,0,1.9150149,0.1560661792755127,0.8489999771118164,0.45910000801086426
YDL127W,YJR135W-A,0,1.9149172,0.15603749454021454,0.8489999771118164,0.459199994802475
YDR481C,YDR388W,0,1.9148293,0.15600882470607758,0.8489999771118164,0.4593000113964081
YLR188W,YLR286C,0,1.9147792,0.1559801548719406,0.8489999771118164,0.4593999981880188
YDL038C,YGR156W,0,1.9142549,0.15595149993896484,0.8489999771118164,0.4595000147819519
YCR096C,YBR092C,0,1.9141488,0.15592285990715027,0.8489999771118164,0.4596000015735626
YER083C,YPR192W,0,1.913418,0.1558942347764969,0.8489999771118164,0.45969998836517334
YHR028C,YAL020C,0,1.9127102,0.1558656096458435,0.8489999771118164,0.45980000495910645
YGR106C,YNL188W,0,1.9126475,0.15583699941635132,0.8489999771118164,0.45989999175071716
YJL219W,YHL016C,0,1.912014,0.15580840408802032,0.8489999771118164,0.46000000834465027
YAL003W,YDR393W,0,1.9114478,0.15577982366085052,0.8489999771118164,0.460099995136261
YBR022W,YBR273C,0,1.9113772,0.15575124323368073,0.8489999771118164,0.4602000117301941
YGL136C,YER174C,0,1.9112883,0.15572267770767212,0.8489999771118164,0.4602999985218048
YMR171C,YKL028W,0,1.9110069,0.1556941121816635,0.8489999771118164,0.4603999853134155
YLR214W,YJL109C,0,1.91065,0.1556655615568161,0.8489999771118164,0.46050000190734863
YMR297W,YDL075W,0,1.9102998,0.15563702583312988,0.8489999771118164,0.46059998869895935
YIR017C,YIL112W,0,1.9102986,0.15560850501060486,0.8489999771118164,0.46070000529289246
YML070W,YPR054W,0,1.9093719,0.15557998418807983,0.8489999771118164,0.4607999920845032
YDR334W,YGR220C,0,1.9091344,0.155551478266716,0.8489999771118164,0.4609000086784363
YMR088C,YBR237W,0,1.9089321,0.15552298724651337,0.8489999771118164,0.460999995470047
YBL017C,YBL039C,0,1.9088678,0.15549451112747192,0.8489999771118164,0.4611000120639801
YJR058C,YJL008C,0,1.9088329,0.15546603500843048,0.8489999771118164,0.4611999988555908
YNL322C,YLR099C,0,1.9087069,0.15543757379055023,0.8489999771118164,0.46129998564720154
YNL046W,YDL099W,0,1.9084818,0.15540911257266998,0.8489999771118164,0.46140000224113464
YOR150W,YDR313C,0,1.9083471,0.15538066625595093,0.8489999771118164,0.46149998903274536
YPL148C,YMR208W,0,1.9074721,0.15535223484039307,0.8489999771118164,0.46160000562667847
YLR127C,YOR120W,0,1.9074359,0.1553238183259964,0.8489999771118164,0.4616999924182892
YML094W,YLR212C,0,1.9071113,0.15529540181159973,0.8489999771118164,0.4618000090122223
YLR170C,YDR050C,0,1.9068315,0.15526701509952545,0.8489999771118164,0.461899995803833
YJL008C,YKL056C,0,1.9066184,0.15523861348628998,0.8489999771118164,0.4620000123977661
YMR289W,YOL117W,0,1.9065176,0.1552102416753769,0.8489999771118164,0.46209999918937683
YPL091W,YNL185C,0,1.9062138,0.1551818698644638,0.8489999771118164,0.46219998598098755
YNL185C,YNL310C,0,1.9062008,0.15515351295471191,0.8489999771118164,0.46230000257492065
YJR104C,YOL109W,0,1.9061303,0.15512515604496002,0.8489999771118164,0.46239998936653137
YLR419W,YPL258C,0,1.9057726,0.15509681403636932,0.8489999771118164,0.4625000059604645
YDR342C,YLR014C,0,1.9044044,0.15506848692893982,0.8489999771118164,0.4625999927520752
YGL210W,YKL116C,0,1.9043734,0.1550401747226715,0.8489999771118164,0.4627000093460083
YGL106W,YGL095C,0,1.9042462,0.1550118625164032,0.8489999771118164,0.462799996137619
YLR450W,YGR234W,0,1.9042375,0.15498356521129608,0.8489999771118164,0.4629000127315521
YCR077C,YGR071C,0,1.9039849,0.15495528280735016,0.8489999771118164,0.46299999952316284
YDR033W,YDR420W,0,1.9039773,0.15492700040340424,0.8489999771118164,0.46309998631477356
YLR154C,YIR037W,0,1.9035236,0.1548987478017807,0.8489999771118164,0.46320000290870667
YGR292W,YIL136W,0,1.9034417,0.15487048029899597,0.8489999771118164,0.4632999897003174
YNL210W,YLR446W,0,1.9033206,0.15484224259853363,0.8489999771118164,0.4634000062942505
YPL121C,YDR224C,1,1.9029351,0.1549963504076004,0.8500000238418579,0.4634000062942505
YBR213W,YFR006W,0,1.9021316,0.15496809780597687,0.8500000238418579,0.4634999930858612
YLR188W,YLR276C,0,1.9017998,0.15493984520435333,0.8500000238418579,0.4636000096797943
YHR101C,YGL084C,0,1.9017605,0.154911607503891,0.8500000238418579,0.46369999647140503
YLR045C,YJL148W,0,1.9017544,0.15488338470458984,0.8500000238418579,0.46380001306533813
YFL004W,YDR531W,0,1.9017311,0.1548551619052887,0.8500000238418579,0.46389999985694885
YOR116C,YOR322C,0,1.9014311,0.15482695400714874,0.8500000238418579,0.46399998664855957
YKL218C,YJL106W,0,1.9013745,0.15479876101016998,0.8500000238418579,0.4641000032424927
YIR015W,YOL002C,0,1.9011953,0.15477056801319122,0.8500000238418579,0.4641999900341034
YBR264C,YBR009C,0,1.9008503,0.15474240481853485,0.8500000238418579,0.4643000066280365
YJR065C,YER126C,0,1.9007461,0.15471422672271729,0.8500000238418579,0.4643999934196472
YIL027C,YJL044C,0,1.9003749,0.1546860784292221,0.8500000238418579,0.4645000100135803
YHR076W,YGR189C,0,1.9000907,0.15465793013572693,0.8500000238418579,0.46459999680519104
YNL330C,YPL194W,1,1.900033,0.15481171011924744,0.8510000109672546,0.46459999680519104
YDR283C,YJL106W,0,1.8996121,0.15478356182575226,0.8510000109672546,0.46470001339912415
YLL050C,YDR393W,0,1.8995036,0.15475541353225708,0.8510000109672546,0.46480000019073486
YHL032C,YOL019W,0,1.8993446,0.1547272801399231,0.8510000109672546,0.4648999869823456
YDR231C,YBL022C,0,1.8991691,0.1546991467475891,0.8510000109672546,0.4650000035762787
YBR237W,YOR308C,0,1.8991213,0.15467102825641632,0.8510000109672546,0.4650999903678894
YKR038C,YBL069W,0,1.8990915,0.15464292466640472,0.8510000109672546,0.4652000069618225
YIR002C,YGL090W,1,1.8987882,0.1547965109348297,0.8519999980926514,0.4652000069618225
YER044C,YBL090W,0,1.8987592,0.15476839244365692,0.8519999980926514,0.4652999937534332
YMR142C,YBR164C,0,1.8986831,0.15474028885364532,0.8519999980926514,0.46540001034736633
YLR427W,YOR244W,1,1.8985113,0.15489377081394196,0.8529999852180481,0.46540001034736633
YAL020C,YLR221C,0,1.8978287,0.15486565232276917,0.8529999852180481,0.46549999713897705
YDL060W,YMR184W,0,1.8978192,0.15483753383159637,0.8529999852180481,0.46560001373291016
YGL173C,YHR136C,0,1.897723,0.15480943024158478,0.8529999852180481,0.4657000005245209
YEL064C,YNL149C,0,1.8976184,0.15478134155273438,0.8529999852180481,0.4657999873161316
YCL075W,YGR037C,0,1.8975803,0.15475326776504517,0.8529999852180481,0.4659000039100647
YDR228C,YPL026C,0,1.8971558,0.15472519397735596,0.8529999852180481,0.4659999907016754
YDR315C,YHR070W,0,1.8966197,0.15469713509082794,0.8529999852180481,0.4661000072956085
YDR224C,YOR290C,1,1.8966024,0.15485040843486786,0.8539999723434448,0.4661000072956085
YKR094C,YGL090W,1,1.8964555,0.155003622174263,0.8550000190734863,0.4661000072956085
YJL136C,YCR028C,0,1.8955964,0.1549755334854126,0.8550000190734863,0.46619999408721924
YBR267W,YNL339C,0,1.8955209,0.1549474447965622,0.8550000190734863,0.46630001068115234
YDR478W,YOL120C,0,1.8948879,0.15491937100887299,0.8550000190734863,0.46639999747276306
YFR032C-A,YDR128W,0,1.8946484,0.15489129722118378,0.8550000190734863,0.46650001406669617
YHR092C,YOR211C,0,1.8946366,0.15486325323581696,0.8550000190734863,0.4666000008583069
YNR027W,YKL158W,0,1.8943626,0.15483520925045013,0.8550000190734863,0.4666999876499176
YDR251W,YMR152W,0,1.8940992,0.1548071652650833,0.8550000190734863,0.4668000042438507
YDR320C-A,YDL065C,0,1.8940746,0.15477915108203888,0.8550000190734863,0.4668999910354614
YOL157C,YKL116C,0,1.8938682,0.15475113689899445,0.8550000190734863,0.46700000762939453
YNL213C,YKR050W,0,1.8938103,0.15472312271595,0.8550000190734863,0.46709999442100525
YKL004W,YPL149W,0,1.8932731,0.15469513833522797,0.8550000190734863,0.46720001101493835
YDR318W,YEL058W,0,1.8929186,0.15466715395450592,0.8550000190734863,0.4672999978065491
YDR495C,YPR042C,0,1.8928517,0.15463916957378387,0.8550000190734863,0.4674000144004822
YDR388W,YCL063W,0,1.8923492,0.15461121499538422,0.8550000190734863,0.4675000011920929
YML070W,YLR139C,0,1.892313,0.15458326041698456,0.8550000190734863,0.4675999879837036
YAL010C,YLR370C,0,1.8920727,0.1545553207397461,0.8550000190734863,0.4677000045776367
YOL127W,YDL056W,0,1.8920492,0.15452738106250763,0.8550000190734863,0.46779999136924744
YOL133W,YCR094W,0,1.8919088,0.15449945628643036,0.8550000190734863,0.46790000796318054
YBR296C,YGR101W,0,1.8918166,0.15447154641151428,0.8550000190734863,0.46799999475479126
YCR004C,YDL095W,0,1.8917851,0.1544436365365982,0.8550000190734863,0.46810001134872437
YHR171W,YGL178W,0,1.8915483,0.15441574156284332,0.8550000190734863,0.4681999981403351
YAL043C,YNR022C,0,1.891454,0.15438786149024963,0.8550000190734863,0.4683000147342682
YMR297W,YNR047W,0,1.891357,0.15435999631881714,0.8550000190734863,0.4684000015258789
YHR207C,YBR283C,0,1.891131,0.15433213114738464,0.8550000190734863,0.4684999883174896
YER153C,YJL101C,0,1.8910682,0.15430428087711334,0.8550000190734863,0.46860000491142273
YLL009C,YKR062W,0,1.8909419,0.15427643060684204,0.8550000190734863,0.46869999170303345
YPR081C,YAL058W,0,1.8900526,0.15424859523773193,0.8550000190734863,0.46880000829696655
YJL052W,YNL310C,0,1.8898783,0.15422077476978302,0.8550000190734863,0.46889999508857727
YER086W,YMR289W,0,1.8898045,0.1541929692029953,0.8550000190734863,0.4690000116825104
YBR176W,YHR017W,0,1.8897805,0.15416516363620758,0.8550000190734863,0.4690999984741211
YDL019C,YDL143W,0,1.8896642,0.15413737297058105,0.8550000190734863,0.4691999852657318
YPL101W,YER153C,0,1.8896012,0.15410958230495453,0.8550000190734863,0.4693000018596649
YDL069C,YPL154C,0,1.8893933,0.1540818214416504,0.8550000190734863,0.46939998865127563
YNL311C,YPR063C,0,1.889368,0.15405406057834625,0.8550000190734863,0.46950000524520874
YLR127C,YKL143W,0,1.8892534,0.15402629971504211,0.8550000190734863,0.46959999203681946
YDR503C,YLR467W,0,1.8890647,0.15399855375289917,0.8550000190734863,0.46970000863075256
YOR096W,YIL084C,0,1.8883295,0.15397082269191742,0.8550000190734863,0.4697999954223633
YBR289W,YDR224C,1,1.8876011,0.15412315726280212,0.8560000061988831,0.4697999954223633
YOR155C,YOL007C,0,1.8873764,0.15409541130065918,0.8560000061988831,0.4699000120162964
YHR184W,YOR233W,0,1.8873014,0.15406768023967743,0.8560000061988831,0.4699999988079071
YCL031C,YOL157C,0,1.8869451,0.15403994917869568,0.8560000061988831,0.4700999855995178
YMR235C,YKL028W,0,1.8869101,0.15401223301887512,0.8560000061988831,0.4702000021934509
YDR388W,YPL206C,0,1.886823,0.15398453176021576,0.8560000061988831,0.47029998898506165
YFR037C,YDR121W,1,1.8866334,0.15413668751716614,0.8569999933242798,0.47029998898506165
YKL199C,YOR315W,0,1.8864183,0.15410897135734558,0.8569999933242798,0.47040000557899475
YOL007C,YAL003W,0,1.886255,0.15408127009868622,0.8569999933242798,0.47049999237060547
YML094W,YDR054C,0,1.8860948,0.15405356884002686,0.8569999933242798,0.4706000089645386
YBR012W-A,YML063W,0,1.8854611,0.1540258824825287,0.8569999933242798,0.4706999957561493
YGR035C,YDR524C,0,1.8852187,0.15399819612503052,0.8569999933242798,0.4708000123500824
YGR292W,YNL077W,0,1.8848934,0.15397053956985474,0.8569999933242798,0.4708999991416931
YGR124W,YJL056C,0,1.8846601,0.15394288301467896,0.8569999933242798,0.47099998593330383
YGR026W,YDR239C,0,1.8842264,0.15391522645950317,0.8569999933242798,0.47110000252723694
YBR050C,YHR160C,0,1.8842182,0.1538875848054886,0.8569999933242798,0.47119998931884766
YBL088C,YBR289W,1,1.8840252,0.15403950214385986,0.8579999804496765,0.47119998931884766
YIL034C,YGR116W,0,1.8839744,0.15401184558868408,0.8579999804496765,0.47130000591278076
YEL013W,YOL065C,0,1.8838608,0.1539842039346695,0.8579999804496765,0.4713999927043915
YDL129W,YBR082C,0,1.883786,0.1539565771818161,0.8579999804496765,0.4715000092983246
YMR100W,YOR326W,0,1.8836981,0.1539289504289627,0.8579999804496765,0.4715999960899353
YDL130W-A,YLL035W,0,1.8836435,0.1539013385772705,0.8579999804496765,0.4717000126838684
YNL086W,YOL120C,0,1.8836032,0.1538737416267395,0.8579999804496765,0.4717999994754791
YPR048W,YDL080C,0,1.8827947,0.1538461595773697,0.8579999804496765,0.47189998626708984
YHR140W,YPR031W,0,1.8827688,0.15381857752799988,0.8579999804496765,0.47200000286102295
YKL178C,YEL064C,0,1.8826697,0.15379099547863007,0.8579999804496765,0.47209998965263367
YDR478W,YOR228C,0,1.8826581,0.15376344323158264,0.8579999804496765,0.4722000062465668
YFL047W,YLR438C-A,0,1.8826578,0.15373589098453522,0.8579999804496765,0.4722999930381775
YDR231C,YPR041W,0,1.8821974,0.153708353638649,0.8579999804496765,0.4724000096321106
YNL046W,YPL186C,0,1.8819231,0.15368081629276276,0.8579999804496765,0.4724999964237213
YGL021W,YDR103W,0,1.8816459,0.15365329384803772,0.8579999804496765,0.4726000130176544
YJL056C,YJL189W,0,1.8815731,0.15362578630447388,0.8579999804496765,0.47269999980926514
YER061C,YDR031W,0,1.881571,0.15359827876091003,0.8579999804496765,0.47279998660087585
YDL006W,YMR217W,0,1.881382,0.15357078611850739,0.8579999804496765,0.47290000319480896
YLR238W,YHR147C,0,1.8813207,0.15354330837726593,0.8579999804496765,0.4729999899864197
YOR315W,YDR065W,0,1.8812945,0.15351583063602448,0.8579999804496765,0.4731000065803528
YPL022W,YFL039C,1,1.8809435,0.15366725623607635,0.859000027179718,0.4731000065803528
YDR341C,YER106W,0,1.8809133,0.1536397784948349,0.859000027179718,0.4731999933719635
YPL101W,YPL095C,0,1.8808295,0.15361230075359344,0.859000027179718,0.4733000099658966
YPR166C,YDR228C,0,1.8807113,0.15358483791351318,0.859000027179718,0.4733999967575073
YMR070W,YER012W,0,1.8803973,0.15355738997459412,0.859000027179718,0.47350001335144043
YPR036W,YCR094W,0,1.8798454,0.15352994203567505,0.859000027179718,0.47360000014305115
YLR450W,YPL092W,0,1.8790822,0.15350250899791718,0.859000027179718,0.47369998693466187
YDL114W,YJL008C,0,1.8790022,0.1534750759601593,0.859000027179718,0.47380000352859497
YDR326C,YBL037W,0,1.878902,0.15344765782356262,0.859000027179718,0.4738999903202057
YNL291C,YDL144C,0,1.8785021,0.15342025458812714,0.859000027179718,0.4740000069141388
YOL127W,YPL051W,0,1.8784881,0.15339285135269165,0.859000027179718,0.4740999937057495
YLR448W,YHR129C,0,1.8783311,0.15336546301841736,0.859000027179718,0.4742000102996826
YML042W,YDR047W,0,1.877594,0.15333808958530426,0.859000027179718,0.47429999709129333
YGL232W,YIL160C,0,1.8774025,0.15331073105335236,0.859000027179718,0.47440001368522644
YNL046W,YPR184W,0,1.8770261,0.15328337252140045,0.859000027179718,0.47450000047683716
YNL242W,YIR036C,0,1.8770202,0.15325601398944855,0.859000027179718,0.4745999872684479
YOR373W,YDL051W,0,1.876794,0.15322868525981903,0.859000027179718,0.474700003862381
YNL292W,YGL040C,0,1.876262,0.15320135653018951,0.859000027179718,0.4747999906539917
YOR265W,YDL017W,0,1.87592,0.1531740427017212,0.859000027179718,0.4749000072479248
YMR287C,YJL108C,0,1.8753191,0.15314672887325287,0.859000027179718,0.4749999940395355
YKL164C,YAL058W,0,1.8752669,0.15311942994594574,0.859000027179718,0.47510001063346863
YDR536W,YGR054W,0,1.8750935,0.1530921459197998,0.859000027179718,0.47519999742507935
YBR237W,YBR164C,0,1.8749844,0.15306486189365387,0.859000027179718,0.47530001401901245
YMR314W,YOR228C,0,1.8747798,0.15303759276866913,0.859000027179718,0.47540000081062317
YGL089C,YPL157W,0,1.8746454,0.15301033854484558,0.859000027179718,0.4754999876022339
YNL046W,YDR436W,0,1.8746123,0.15298308432102203,0.859000027179718,0.475600004196167
YBR289W,YER173W,1,1.8746026,0.15313389897346497,0.8600000143051147,0.475600004196167
YMR247C,YGR086C,0,1.874238,0.15310664474964142,0.8600000143051147,0.4756999909877777
YFR032C-A,YOR069W,0,1.8741559,0.15307939052581787,0.8600000143051147,0.4758000075817108
YOR384W,YDL136W,0,1.8739892,0.15305215120315552,0.8600000143051147,0.47589999437332153
YPL096C-A,YML091C,0,1.8739338,0.15302491188049316,0.8600000143051147,0.47600001096725464
YNL162W,YBR273C,0,1.8735023,0.152997687458992,0.8600000143051147,0.47609999775886536
YEL038W,YER086W,0,1.8732182,0.15297047793865204,0.8600000143051147,0.47620001435279846
YGR047C,YML042W,0,1.8730603,0.15294326841831207,0.8600000143051147,0.4763000011444092
YBR041W,YPL101W,0,1.8729111,0.1529160737991333,0.8600000143051147,0.4763999879360199
YDL229W,YHR153C,0,1.8725271,0.15288889408111572,0.8600000143051147,0.476500004529953
YJR033C,YER111C,0,1.8721806,0.15286171436309814,0.8600000143051147,0.4765999913215637
YLR364W,YOR242C,0,1.8719105,0.15283454954624176,0.8600000143051147,0.4767000079154968
YNR061C,YBR283C,0,1.8717017,0.15280738472938538,0.8600000143051147,0.47679999470710754
YLL009C,YBL082C,0,1.8708744,0.15278024971485138,0.8600000143051147,0.47690001130104065
YPL159C,YGR191W,0,1.8705368,0.15275311470031738,0.8600000143051147,0.47699999809265137
YMR312W,YDR393W,0,1.8704729,0.1527259796857834,0.8600000143051147,0.4771000146865845
YJL048C,YPL220W,0,1.870297,0.15269885957241058,0.8600000143051147,0.4772000014781952
YPL096C-A,YPL174C,0,1.8699101,0.15267175436019897,0.8600000143051147,0.4772999882698059
YGL222C,YBR084W,0,1.869895,0.15264466404914856,0.8600000143051147,0.477400004863739
YDL166C,YMR282C,0,1.8696997,0.15261757373809814,0.8600000143051147,0.47749999165534973
YJR139C,YGL084C,0,1.8695887,0.15259048342704773,0.8600000143051147,0.47760000824928284
YDL101C,YPL204W,1,1.869134,0.15274082124233246,0.8610000014305115,0.47760000824928284
YMR127C,YER184C,0,1.8690541,0.15271373093128204,0.8610000014305115,0.47769999504089355
YCR037C,YJR126C,0,1.8677647,0.15268664062023163,0.8610000014305115,0.47780001163482666
YML040W,YPL172C,0,1.8672379,0.1526595801115036,0.8610000014305115,0.4778999984264374
YDL033C,YFR007W,0,1.8668096,0.15263250470161438,0.8610000014305115,0.4779999852180481
YJL198W,YMR204C,0,1.866692,0.15260545909404755,0.8610000014305115,0.4781000018119812
YOL133W,YMR037C,0,1.8663869,0.1525784134864807,0.8610000014305115,0.4781999886035919
YFL004W,YOR151C,0,1.8663442,0.15255138278007507,0.8610000014305115,0.478300005197525
YGL213C,YOR389W,0,1.8661301,0.15252435207366943,0.8610000014305115,0.47839999198913574
YHR031C,YML043C,0,1.8660066,0.152497336268425,0.8610000014305115,0.47850000858306885
YGL089C,YPL159C,0,1.8655902,0.15247033536434174,0.8610000014305115,0.47859999537467957
YBL010C,YOR211C,0,1.8655148,0.15244334936141968,0.8610000014305115,0.47870001196861267
YDL082W,YLR403W,0,1.8645085,0.15241636335849762,0.8610000014305115,0.4787999987602234
YKR094C,YER173W,1,1.864415,0.15256637334823608,0.8619999885559082,0.4787999987602234
YOL030W,YLR097C,0,1.8642024,0.15253937244415283,0.8619999885559082,0.4788999855518341
YCL075W,YJL062W,0,1.8637464,0.15251238644123077,0.8619999885559082,0.4790000021457672
YBR251W,YPL092W,0,1.8636429,0.15248540043830872,0.8619999885559082,0.47909998893737793
YLL022C,YNL289W,0,1.8633461,0.15245842933654785,0.8619999885559082,0.47920000553131104
YDR481C,YHR089C,0,1.862882,0.15243147313594818,0.8619999885559082,0.47929999232292175
YKL088W,YMR314W,0,1.8627318,0.1524045318365097,0.8619999885559082,0.47940000891685486
YAR010C,YEL050C,0,1.862133,0.15237759053707123,0.8619999885559082,0.4794999957084656
YFR032C-A,YDL141W,0,1.8620691,0.15235064923763275,0.8619999885559082,0.4796000123023987
YER056C-A,YGL253W,0,1.8620028,0.15232373774051666,0.8619999885559082,0.4796999990940094
YBR036C,YBR142W,0,1.8617955,0.15229682624340057,0.8619999885559082,0.4797999858856201
YCR096C,YGR292W,0,1.861281,0.15226991474628448,0.8619999885559082,0.4799000024795532
YOR308C,YJR060W,0,1.8607295,0.1522430181503296,0.8619999885559082,0.47999998927116394
YOR384W,YDR050C,0,1.8607209,0.1522161364555359,0.8619999885559082,0.48010000586509705
YDR299W,YJR098C,0,1.8600472,0.15218926966190338,0.8619999885559082,0.48019999265670776
YNL207W,YDR252W,0,1.8594698,0.15216240286827087,0.8619999885559082,0.48030000925064087
YOR389W,YDR318W,0,1.8592925,0.15213555097579956,0.8619999885559082,0.4803999960422516
YDL019C,YNL325C,0,1.8591346,0.15210869908332825,0.8619999885559082,0.4805000126361847
YDR038C,YOR039W,0,1.8591174,0.15208186209201813,0.8619999885559082,0.4805999994277954
YJR060W,YOR039W,0,1.8589456,0.1520550400018692,0.8619999885559082,0.48069998621940613
YDL114W,YOR063W,0,1.8587575,0.15202821791172028,0.8619999885559082,0.48080000281333923
YIL171W,YMR004W,0,1.8586149,0.15200141072273254,0.8619999885559082,0.48089998960494995
YML043C,YMR208W,0,1.858565,0.151974618434906,0.8619999885559082,0.48100000619888306
YFL036W,YBR158W,0,1.8582675,0.15194782614707947,0.8619999885559082,0.4810999929904938
YPL091W,YDR139C,0,1.858146,0.15192104876041412,0.8619999885559082,0.4812000095844269
YOR037W,YOR116C,0,1.8580588,0.15189427137374878,0.8619999885559082,0.4812999963760376
YDR424C,YDR387C,0,1.8577001,0.15186750888824463,0.8619999885559082,0.4814000129699707
YGL136C,YOL156W,0,1.8576504,0.15184076130390167,0.8619999885559082,0.4814999997615814
YGL089C,YLR079W,0,1.8575485,0.15181401371955872,0.8619999885559082,0.48159998655319214
YBL030C,YOR337W,0,1.8572909,0.15178728103637695,0.8619999885559082,0.48170000314712524
YDL033C,YDR093W,0,1.8571565,0.15176056325435638,0.8619999885559082,0.48179998993873596
YNL330C,YJL090C,1,1.8570588,0.15190987288951874,0.8629999756813049,0.48179998993873596
YLR427W,YHR081W,1,1.8569857,0.1520591378211975,0.8640000224113464,0.48179998993873596
YGR159C,YOR308C,0,1.8565307,0.15203237533569336,0.8640000224113464,0.48190000653266907
YDR065W,YJR022W,0,1.8565222,0.1520056277513504,0.8640000224113464,0.4819999933242798
YMR314W,YDL065C,0,1.8565187,0.15197889506816864,0.8640000224113464,0.4821000099182129
YMR094W,YER053C,0,1.856436,0.15195216238498688,0.8640000224113464,0.4821999967098236
YJL219W,YDR299W,0,1.8562372,0.1519254446029663,0.8640000224113464,0.4823000133037567
YIR012W,YPR096C,0,1.8560628,0.15189872682094574,0.8640000224113464,0.48240000009536743
YBL030C,YPL033C,0,1.8558491,0.15187203884124756,0.8640000224113464,0.48249998688697815
YOR278W,YDL204W,0,1.8556169,0.15184533596038818,0.8640000224113464,0.48260000348091125
YER174C,YKR105C,0,1.8554761,0.1518186628818512,0.8640000224113464,0.482699990272522
YFL036W,YGR101W,0,1.8552575,0.1517919898033142,0.8640000224113464,0.4828000068664551
YPR186C,YML070W,0,1.8552041,0.15176533162593842,0.8640000224113464,0.4828999936580658
YLR188W,YDL099W,0,1.8551632,0.15173867344856262,0.8640000224113464,0.4830000102519989
YER036C,YBL060W,0,1.8545704,0.15171203017234802,0.8640000224113464,0.4830999970436096
YPL148C,YLL038C,0,1.8544307,0.15168538689613342,0.8640000224113464,0.4832000136375427
YDR465C,YDR228C,0,1.8543768,0.1516587734222412,0.8640000224113464,0.48330000042915344
YGL206C,YJL101C,0,1.8543073,0.1516321450471878,0.8640000224113464,0.48339998722076416
YDR036C,YLR074C,0,1.8542037,0.1516055464744568,0.8640000224113464,0.48350000381469727
YGL157W,YPL202C,0,1.8540695,0.15157894790172577,0.8640000224113464,0.483599990606308
YBR055C,YBL061C,0,1.8535324,0.15155236423015594,0.8640000224113464,0.4837000072002411
YBL017C,YDL204W,0,1.8535231,0.15152578055858612,0.8640000224113464,0.4837999939918518
YLR142W,YNL310C,0,1.8534698,0.1514992117881775,0.8640000224113464,0.4839000105857849
YOL139C,YKR104W,0,1.8533659,0.15147265791893005,0.8640000224113464,0.48399999737739563
YKL109W,YOR246C,0,1.853227,0.15144610404968262,0.8640000224113464,0.48410001397132874
YGL249W,YIL171W,0,1.8532176,0.15141956508159637,0.8640000224113464,0.48420000076293945
YML027W,YPL258C,0,1.8529193,0.15139302611351013,0.8640000224113464,0.48429998755455017
YNR050C,YOL149W,0,1.8522853,0.15136650204658508,0.8640000224113464,0.4844000041484833
YPL271W,YBR082C,0,1.8522766,0.15133999288082123,0.8640000224113464,0.484499990940094
YPL214C,YJL148W,0,1.8522518,0.15131348371505737,0.8640000224113464,0.4846000075340271
YBR159W,YHL032C,0,1.8520774,0.1512869894504547,0.8640000224113464,0.4846999943256378
YGR241C,YLL038C,0,1.8518528,0.15126051008701324,0.8640000224113464,0.4848000109195709
YJL165C,YHR161C,0,1.8514836,0.15123403072357178,0.8640000224113464,0.48489999771118164
YIL125W,YPL096C-A,0,1.8514489,0.1512075662612915,0.8640000224113464,0.48500001430511475
YDR036C,YBL037W,0,1.8512009,0.15118110179901123,0.8640000224113464,0.48510000109672546
YDL210W,YMR302C,0,1.8507916,0.15115465223789215,0.8640000224113464,0.4851999878883362
YDR139C,YPR108W,0,1.8507593,0.15112821757793427,0.8640000224113464,0.4853000044822693
YOL030W,YPL258C,0,1.8505527,0.15110178291797638,0.8640000224113464,0.48539999127388
YJR158W,YJL153C,0,1.8504739,0.1510753631591797,0.8640000224113464,0.4855000078678131
YKL010C,YDR342C,0,1.8501658,0.1510489583015442,0.8640000224113464,0.48559999465942383
YGL136C,YJR126C,0,1.8492973,0.1510225534439087,0.8640000224113464,0.48570001125335693
YDL060W,YLR121C,0,1.8492931,0.1509961485862732,0.8640000224113464,0.48579999804496765
YLR427W,YDL200C,1,1.8491964,0.15114450454711914,0.8650000095367432,0.48579999804496765
YOR155C,YPL172C,0,1.8490558,0.15111809968948364,0.8650000095367432,0.48590001463890076
YHR028C,YBR048W,0,1.8489212,0.15109170973300934,0.8650000095367432,0.4860000014305115
YDR126W,YOR356W,0,1.8483539,0.15106531977653503,0.8650000095367432,0.4860999882221222
YBR012W-A,YBR283C,0,1.8482735,0.15103894472122192,0.8650000095367432,0.4862000048160553
YDR121W,YJL090C,1,1.8482678,0.15118715167045593,0.8659999966621399,0.4862000048160553
YKL004W,YIL172C,0,1.8481503,0.15116076171398163,0.8659999966621399,0.486299991607666
YER036C,YAL020C,0,1.8477328,0.15113438665866852,0.8659999966621399,0.4864000082015991
YMR171C,YOR063W,0,1.8476682,0.1511080116033554,0.8659999966621399,0.48649999499320984
YAL023C,YPR032W,0,1.8471967,0.1510816514492035,0.8659999966621399,0.48660001158714294
YJL148W,YDR130C,0,1.8463285,0.15105529129505157,0.8659999966621399,0.48669999837875366
YER174C,YIL160C,0,1.8461864,0.15102894604206085,0.8659999966621399,0.4867999851703644
YJL090C,YIL126W,1,1.8458185,0.15117698907852173,0.8669999837875366,0.4867999851703644
YMR297W,YLR430W,0,1.8454838,0.1511506289243698,0.8669999837875366,0.4869000017642975
YBR041W,YMR026C,0,1.8453677,0.1511242836713791,0.8669999837875366,0.4869999885559082
YDL229W,YHL040C,0,1.845093,0.15109793841838837,0.8669999837875366,0.4871000051498413
YDL038C,YHR160C,0,1.8448898,0.15107160806655884,0.8669999837875366,0.487199991941452
YLR100W,YOR326W,0,1.8446171,0.1510452926158905,0.8669999837875366,0.48730000853538513
YLR212C,YPR184W,0,1.8444179,0.15101899206638336,0.8669999837875366,0.48739999532699585
YPL148C,YMR043W,0,1.8441263,0.15099269151687622,0.8669999837875366,0.48750001192092896
YLR312C-B,YLR207W,0,1.8439413,0.15096639096736908,0.8669999837875366,0.4875999987125397
YLR439W,YJL101C,0,1.8436748,0.15094010531902313,0.8669999837875366,0.4876999855041504
YDR088C,YKL028W,0,1.8435445,0.15091383457183838,0.8669999837875366,0.4878000020980835
YDL229W,YDL017W,0,1.8432229,0.15088757872581482,0.8669999837875366,0.4878999888896942
YNL217W,YDR031W,0,1.8425757,0.15086132287979126,0.8669999837875366,0.4880000054836273
YCR020C,YNL098C,0,1.8425517,0.1508350670337677,0.8669999837875366,0.48809999227523804
YGR274C,YCR040W,0,1.8424046,0.15080884099006653,0.8669999837875366,0.48820000886917114
YBR087W,YIL126W,1,1.8424017,0.15095652639865875,0.8679999709129333,0.48820000886917114
YBL088C,YOR386W,1,1.8418381,0.1511041522026062,0.8690000176429749,0.48820000886917114
YDR242W,YNL061W,0,1.8415449,0.15107788145542145,0.8690000176429749,0.48829999566078186
YER095W,YLR265C,1,1.8415271,0.15122544765472412,0.8700000047683716,0.48829999566078186
YBR036C,YKR061W,0,1.8414868,0.15119916200637817,0.8700000047683716,0.48840001225471497
YIL070C,YBR214W,0,1.841481,0.15117289125919342,0.8700000047683716,0.4884999990463257
YMR264W,YOR265W,0,1.8410623,0.15114663541316986,0.8700000047683716,0.4885999858379364
YJR143C,YJR045C,0,1.8408517,0.1511203795671463,0.8700000047683716,0.4887000024318695
YLR414C,YPL186C,0,1.8405991,0.15109412372112274,0.8700000047683716,0.4887999892234802
YMR051C,YPR184W,0,1.8404942,0.15106789767742157,0.8700000047683716,0.48890000581741333
YLR090W,YGR184C,0,1.8404613,0.1510416716337204,0.8700000047683716,0.48899999260902405
YDL101C,YOR217W,1,1.8402488,0.15118902921676636,0.8709999918937683,0.48899999260902405
YMR264W,YLR109W,0,1.8400187,0.151162788271904,0.8709999918937683,0.48910000920295715
YML018C,YLR327C,0,1.8391297,0.15113656222820282,0.8709999918937683,0.48919999599456787
YIL009C-A,YLR438C-A,0,1.8375393,0.15111033618450165,0.8709999918937683,0.489300012588501
YGL089C,YKR037C,0,1.837496,0.15108412504196167,0.8709999918937683,0.4893999993801117
YML088W,YOL109W,0,1.8374525,0.15105792880058289,0.8709999918937683,0.4894999861717224
YIR014W,YKL116C,0,1.8373744,0.1510317325592041,0.8709999918937683,0.4896000027656555
YMR306W,YOR389W,0,1.8373076,0.1510055512189865,0.8709999918937683,0.48969998955726624
YDR347W,YKL028W,0,1.8371735,0.15097936987876892,0.8709999918937683,0.48980000615119934
YGL251C,YBR105C,0,1.8367724,0.15095320343971252,0.8709999918937683,0.48989999294281006
YDR074W,YCR072C,0,1.8365141,0.15092705190181732,0.8709999918937683,0.49000000953674316
YHR116W,YOR326W,0,1.8357265,0.15090090036392212,0.8709999918937683,0.4900999963283539
YLR008C,YPR081C,0,1.8357038,0.1508747637271881,0.8709999918937683,0.490200012922287
YBR040W,YDR298C,0,1.834938,0.1508486270904541,0.8709999918937683,0.4902999997138977
YFR037C,YDL200C,1,1.8347867,0.150995671749115,0.871999979019165,0.4902999997138977
YBR001C,YDR531W,0,1.8343006,0.15096953511238098,0.871999979019165,0.4903999865055084
YGR058W,YAL012W,0,1.8342254,0.15094339847564697,0.871999979019165,0.49050000309944153
YDR177W,YDR247W,0,1.8341897,0.15091727674007416,0.871999979019165,0.49059998989105225
YJR015W,YGR295C,0,1.8339396,0.15089115500450134,0.871999979019165,0.49070000648498535
YGR101W,YPL101W,0,1.8336672,0.15086504817008972,0.871999979019165,0.49079999327659607
YOR346W,YLR357W,1,1.8334432,0.15101192891597748,0.8730000257492065,0.49079999327659607
YEL017C-A,YJR060W,0,1.8334327,0.15098582208156586,0.8730000257492065,0.4909000098705292
YPL172C,YMR122W-A,0,1.8333428,0.15095971524715424,0.8730000257492065,0.4909999966621399
YGL009C,YGR106C,0,1.8331714,0.15093360841274261,0.8730000257492065,0.491100013256073
YLR040C,YPR041W,0,1.8330207,0.1509075164794922,0.8730000257492065,0.4912000000476837
YER133W,YML037C,0,1.8329633,0.15088143944740295,0.8730000257492065,0.49129998683929443
YBL106C,YAL013W,0,1.8328187,0.15085536241531372,0.8730000257492065,0.49140000343322754
YHR089C,YDL190C,0,1.8327332,0.15082930028438568,0.8730000257492065,0.49149999022483826
YMR023C,YDR120C,0,1.8325629,0.15080325305461884,0.8730000257492065,0.49160000681877136
YKL088W,YHR140W,0,1.832232,0.150777205824852,0.8730000257492065,0.4916999936103821
YNR061C,YBL030C,0,1.8322195,0.15075115859508514,0.8730000257492065,0.4918000102043152
YML060W,YPL204W,1,1.8319137,0.1508977860212326,0.8740000128746033,0.4918000102043152
YHR011W,YCL050C,0,1.8316705,0.15087173879146576,0.8740000128746033,0.4918999969959259
YIL093C,YNL129W,0,1.8315406,0.1508457064628601,0.8740000128746033,0.492000013589859
YNL206C,YER007W,0,1.8311241,0.15081967413425446,0.8740000128746033,0.4921000003814697
YCR040W,YBR012W-B,0,1.8308697,0.15079365670681,0.8740000128746033,0.49219998717308044
YNL242W,YNL162W,0,1.8308246,0.15076763927936554,0.8740000128746033,0.49230000376701355
YER029C,YEL038W,0,1.8304824,0.15074163675308228,0.8740000128746033,0.49239999055862427
YJL046W,YNL151C,0,1.8302871,0.150715634226799,0.8740000128746033,0.4925000071525574
YLL062C,YCL063W,0,1.8301874,0.15068966150283813,0.8740000128746033,0.4925999939441681
YIR036C,YNR041C,0,1.8298215,0.15066367387771606,0.8740000128746033,0.4927000105381012
YJR015W,YKL034W,0,1.8294522,0.15063771605491638,0.8740000128746033,0.4927999973297119
YKR090W,YJL121C,0,1.8291651,0.1506117582321167,0.8740000128746033,0.492900013923645
YIL039W,YBR122C,0,1.8288279,0.15058580040931702,0.8740000128746033,0.49300000071525574
YDR520C,YGL178W,0,1.8288094,0.15055985748767853,0.8740000128746033,0.49309998750686646
YJR025C,YNL306W,0,1.8285582,0.15053392946720123,0.8740000128746033,0.49320000410079956
YPR073C,YNL115C,0,1.8282406,0.15050800144672394,0.8740000128746033,0.4932999908924103
YAL053W,YBR185C,0,1.8276881,0.15048208832740784,0.8740000128746033,0.4934000074863434
YMR166C,YER086W,0,1.8274791,0.15045619010925293,0.8740000128746033,0.4934999942779541
YML094W,YCL061C,0,1.8274527,0.15043029189109802,0.8740000128746033,0.4936000108718872
YMR037C,YBL010C,0,1.8274163,0.1504044085741043,0.8740000128746033,0.4936999976634979
YBR286W,YLL022C,0,1.8272295,0.1503785252571106,0.8740000128746033,0.49380001425743103
YKL140W,YPR042C,0,1.8269504,0.15035265684127808,0.8740000128746033,0.49390000104904175
YAL023C,YLR127C,0,1.8267119,0.15032680332660675,0.8740000128746033,0.49399998784065247
YDL200C,YER147C,1,1.8265605,0.15047290921211243,0.875,0.49399998784065247
YDR139C,YMR026C,0,1.8265541,0.1504470407962799,0.875,0.49410000443458557
YMR264W,YHR116W,0,1.8263205,0.1504211723804474,0.875,0.4941999912261963
YPR063C,YDR054C,0,1.8262793,0.15039531886577606,0.875,0.4943000078201294
YNL039W,YBR241C,0,1.8261932,0.15036948025226593,0.875,0.4943999946117401
YDR265W,YGL253W,0,1.8261743,0.1503436416387558,0.875,0.4945000112056732
YJL156C,YGR062C,0,1.8261435,0.15031781792640686,0.875,0.49459999799728394
YBR097W,YOR326W,0,1.8251626,0.15029199421405792,0.875,0.49470001459121704
YML113W,YLR356W,0,1.8251024,0.15026618540287018,0.875,0.49480000138282776
YDR011W,YNL212W,0,1.8249648,0.15024039149284363,0.875,0.4948999881744385
YLR238W,YLR048W,0,1.824384,0.15021459758281708,0.875,0.4950000047683716
YBL054W,YLR304C,0,1.8239888,0.15018880367279053,0.875,0.4950999915599823
YER088C,YBR142W,0,1.8234156,0.15016303956508636,0.875,0.4952000081539154
YER120W,YJL102W,0,1.8233657,0.1501372754573822,0.875,0.4952999949455261
YGR035C,YMR165C,0,1.8231539,0.15011151134967804,0.875,0.49540001153945923
YAR015W,YGR194C,0,1.8231494,0.15008576214313507,0.875,0.49549999833106995
YER140W,YNL189W,0,1.8230245,0.1500600278377533,0.875,0.49559998512268066
YEL054C,YDR236C,0,1.8230107,0.15003429353237152,0.875,0.49570000171661377
YLR214W,YCL069W,0,1.8228965,0.15000857412815094,0.875,0.4957999885082245
YLR414C,YOL140W,0,1.822593,0.14998285472393036,0.875,0.4959000051021576
YBR296C,YBR082C,0,1.8225302,0.14995715022087097,0.875,0.4959999918937683
YPL068C,YHL004W,0,1.8224255,0.14993146061897278,0.875,0.4961000084877014
YDR069C,YMR071C,0,1.8222127,0.14990577101707458,0.875,0.49619999527931213
YNL310C,YDL112W,0,1.8213203,0.14988009631633759,0.875,0.49630001187324524
YOR384W,YFR006W,0,1.8208623,0.14985442161560059,0.875,0.49639999866485596
YLR147C,YGR124W,0,1.8206341,0.14982876181602478,0.875,0.4964999854564667
YML124C,YDR298C,0,1.8205354,0.14980311691761017,0.875,0.4966000020503998
YKL100C,YNL091W,0,1.8201907,0.14977747201919556,0.875,0.4966999888420105
YDL137W,YHR181W,0,1.8195112,0.14975184202194214,0.875,0.4968000054359436
YLL050C,YDL060W,0,1.8194258,0.14972621202468872,0.875,0.4968999922275543
YJR015W,YHR167W,0,1.8193626,0.1497005969285965,0.875,0.4970000088214874
YGR184C,YBR164C,0,1.8192102,0.14967499673366547,0.875,0.49709999561309814
YLR459W,YPR028W,0,1.8191285,0.14964939653873444,0.875,0.49720001220703125
YKR104W,YKR048C,0,1.8189101,0.1496237963438034,0.875,0.49729999899864197
YJL080C,YNL098C,0,1.8186291,0.14959822595119476,0.875,0.4973999857902527
YOL117W,YOR131C,0,1.8185873,0.14957265555858612,0.875,0.4975000023841858
YIL093C,YAL058W,0,1.8185581,0.14954708516597748,0.875,0.4975999891757965
YBR296C,YAL044C,0,1.8184454,0.14952152967453003,0.875,0.4977000057697296
YJL198W,YLR109W,0,1.8184127,0.14949598908424377,0.875,0.49779999256134033
YJL198W,YGR076C,0,1.818152,0.14947044849395752,0.875,0.49790000915527344
YBR296C,YJL102W,0,1.818096,0.14944492280483246,0.875,0.49799999594688416
YOR179C,YKR048C,0,1.8180501,0.1494193971157074,0.875,0.49810001254081726
YEL015W,YBL082C,0,1.8174245,0.14939388632774353,0.875,0.498199999332428
YDR334W,YDR158W,0,1.8169544,0.14936839044094086,0.875,0.4982999861240387
YNR050C,YCL027W,0,1.8169334,0.14934289455413818,0.875,0.4984000027179718
YDR050C,YOR067C,0,1.8168792,0.1493174135684967,0.875,0.4984999895095825
YER025W,YJR001W,0,1.8167745,0.14929193258285522,0.875,0.4986000061035156
YEL038W,YDR362C,0,1.8167415,0.14926646649837494,0.875,0.49869999289512634
YLR221C,YGL040C,0,1.8165436,0.14924100041389465,0.875,0.49880000948905945
YDL141W,YOR044W,0,1.8163528,0.14921554923057556,0.875,0.49889999628067017
YOR315W,YKL183W,0,1.8162745,0.14919011294841766,0.875,0.49900001287460327
YDR531W,YDR238C,0,1.8157728,0.14916467666625977,0.875,0.499099999666214
YDR520C,YPR122W,0,1.8156793,0.14913925528526306,0.875,0.4991999864578247
YHR206W,YBL090W,0,1.8153946,0.14911383390426636,0.875,0.4993000030517578
YDR093W,YML048W,0,1.8150716,0.14908842742443085,0.875,0.49939998984336853
YER113C,YNL135C,0,1.8149849,0.14906303584575653,0.875,0.49950000643730164
YIL111W,YNL217W,0,1.8141854,0.14903764426708221,0.875,0.49959999322891235
YBL069W,YDR103W,0,1.8132955,0.1490122675895691,0.875,0.49970000982284546
YLR373C,YDR077W,0,1.8125532,0.14898689091205597,0.875,0.4997999966144562
YDL019C,YDL038C,0,1.8121319,0.14896152913570404,0.875,0.4999000132083893
YDR018C,YER091C,0,1.8118591,0.1489361673593521,0.875,0.5
YJL153C,YKR009C,0,1.811743,0.14891082048416138,0.875,0.5001000165939331
YDL101C,YML060W,1,1.8114332,0.14905564486980438,0.8759999871253967,0.5001000165939331
YDL080C,YNL339C,0,1.8108968,0.14903028309345245,0.8759999871253967,0.5001999735832214
YKL109W,YDL144C,0,1.810109,0.14900493621826172,0.8759999871253967,0.5002999901771545
YNL128W,YLL035W,0,1.8096497,0.14897958934307098,0.8759999871253967,0.5004000067710876
YLR370C,YKL212W,0,1.8095609,0.14895425736904144,0.8759999871253967,0.5005000233650208
YOR265W,YML087C,0,1.8095176,0.1489289402961731,0.8759999871253967,0.5005999803543091
YJR139C,YDR038C,0,1.8094394,0.14890362322330475,0.8759999871253967,0.5006999969482422
YNR022C,YER112W,0,1.809241,0.1488783210515976,0.8759999871253967,0.5008000135421753
YPR028W,YKR030W,0,1.8086143,0.14885301887989044,0.8759999871253967,0.5008999705314636
YER110C,YDR393W,0,1.8082249,0.14882773160934448,0.8759999871253967,0.5009999871253967
YBR024W,YLR237W,0,1.8082061,0.14880244433879852,0.8759999871253967,0.5011000037193298
YJR013W,YDR363W-A,0,1.8079494,0.14877717196941376,0.8759999871253967,0.5012000203132629
YLR015W,YCR029C-A,0,1.8076279,0.14875191450119019,0.8759999871253967,0.5012999773025513
YOL056W,YML087C,0,1.8072383,0.1487266570329666,0.8759999871253967,0.5013999938964844
YMR201C,YLR357W,1,1.8068788,0.14887115359306335,0.8769999742507935,0.5013999938964844
YLR419W,YDR326C,0,1.8068454,0.14884589612483978,0.8769999742507935,0.5015000104904175
YBL024W,YGR241C,0,1.8068204,0.1488206386566162,0.8769999742507935,0.5016000270843506
YGL136C,YMR042W,0,1.8067997,0.14879538118839264,0.8769999742507935,0.5016999840736389
YBR048W,YOL064C,0,1.8065474,0.14877013862133026,0.8769999742507935,0.501800000667572
YOL105C,YER131W,0,1.8060344,0.14874491095542908,0.8769999742507935,0.5019000172615051
YAL012W,YDR393W,0,1.8060257,0.1487196832895279,0.8769999742507935,0.5019999742507935
YDR387C,YPR016C,0,1.8060254,0.1486944705247879,0.8769999742507935,0.5020999908447266
YMR235C,YLR127C,0,1.8059644,0.1486692726612091,0.8769999742507935,0.5022000074386597
YDR436W,YIL113W,0,1.8058853,0.1486440747976303,0.8769999742507935,0.5023000240325928
YJR015W,YJL106W,0,1.8051491,0.1486188769340515,0.8769999742507935,0.5023999810218811
YDR018C,YMR223W,0,1.8047788,0.1485936939716339,0.8769999742507935,0.5024999976158142
YER036C,YMR221C,0,1.8047444,0.1485685259103775,0.8769999742507935,0.5026000142097473
YOL071W,YDR376W,0,1.8044093,0.1485433578491211,0.8769999742507935,0.5026999711990356
YML012W,YKL056C,0,1.8042903,0.14851820468902588,0.8769999742507935,0.5027999877929688
YER061C,YDL085W,0,1.803745,0.14849305152893066,0.8769999742507935,0.5029000043869019
YLR238W,YLR078C,0,1.8034378,0.14846791326999664,0.8769999742507935,0.503000020980835
YCR081W,YJR059W,0,1.803392,0.14844278991222382,0.8769999742507935,0.5030999779701233
YER095W,YAR007C,1,1.8031869,0.14858689904212952,0.878000020980835,0.5030999779701233
YLL022C,YMR012W,0,1.8031234,0.1485617607831955,0.878000020980835,0.5031999945640564
YDR055W,YMR071C,0,1.8025333,0.14853662252426147,0.878000020980835,0.5033000111579895
YML106W,YLR433C,0,1.8024081,0.14851149916648865,0.878000020980835,0.5034000277519226
YJR094W-A,YDL204W,0,1.8021188,0.14848639070987701,0.878000020980835,0.5034999847412109
YOL138C,YBL010C,0,1.801975,0.14846128225326538,0.878000020980835,0.503600001335144
YPL186C,YLR306W,0,1.8017681,0.14843617379665375,0.878000020980835,0.5037000179290771
YGR002C,YFL039C,1,1.80158,0.14858011901378632,0.8790000081062317,0.5037000179290771
YGL253W,YOL019W,0,1.8012033,0.14855501055717468,0.8790000081062317,0.5037999749183655
YJR029W,YOR150W,0,1.8011992,0.14852990210056305,0.8790000081062317,0.5038999915122986
YDL166C,YDL141W,0,1.801002,0.1485048085451126,0.8790000081062317,0.5040000081062317
YHL040C,YLR212C,0,1.8008862,0.14847972989082336,0.8790000081062317,0.5041000247001648
YDL129W,YNL189W,0,1.8005238,0.14845465123653412,0.8790000081062317,0.5041999816894531
YHR105W,YPR005C,0,1.8002967,0.14842958748340607,0.8790000081062317,0.5042999982833862
YGR156W,YOR246C,0,1.800221,0.14840452373027802,0.8790000081062317,0.5044000148773193
YJL129C,YJL121C,0,1.8001711,0.14837947487831116,0.8790000081062317,0.5044999718666077
YDR402C,YLR430W,0,1.7997019,0.1483544260263443,0.8790000081062317,0.5045999884605408
YDR440W,YLR265C,1,1.799603,0.14849814772605896,0.8799999952316284,0.5045999884605408
YDR440W,YDL164C,1,1.7992172,0.14864180982112885,0.8809999823570251,0.5045999884605408
YLR078C,YAL003W,0,1.7985265,0.1486167311668396,0.8809999823570251,0.5047000050544739
YGR135W,YAL025C,0,1.798059,0.14859166741371155,0.8809999823570251,0.504800021648407
YNR043W,YDL180W,0,1.7978129,0.1485666036605835,0.8809999823570251,0.5048999786376953
YPR063C,YDL085W,0,1.7973615,0.14854155480861664,0.8809999823570251,0.5049999952316284
YLR008C,YER106W,0,1.7972786,0.14851652085781097,0.8809999823570251,0.5051000118255615
YOR179C,YNL301C,0,1.7969801,0.1484914869070053,0.8809999823570251,0.5052000284194946
YBR156C,YFR007W,0,1.7963129,0.14846646785736084,0.8809999823570251,0.505299985408783
YDR265W,YAL008W,0,1.7961996,0.14844144880771637,0.8809999823570251,0.5054000020027161
YBR237W,YLR371W,0,1.7961512,0.1484164446592331,0.8809999823570251,0.5055000185966492
YHR031C,YPL038W,0,1.795903,0.14839144051074982,0.8809999823570251,0.5055999755859375
YOL133W,YGR154C,0,1.7958502,0.14836645126342773,0.8809999823570251,0.5056999921798706
YCR009C,YPL281C,0,1.7958045,0.14834147691726685,0.8809999823570251,0.5058000087738037
YIL126W,YOR217W,1,1.7956438,0.14848485589027405,0.8820000290870667,0.5058000087738037
YDL075W,YOL002C,0,1.7954378,0.14845985174179077,0.8820000290870667,0.5059000253677368
YDR011W,YDL138W,0,1.7953765,0.14843487739562988,0.8820000290870667,0.5059999823570251
YLR459W,YBR082C,0,1.7953751,0.1484098881483078,0.8820000290870667,0.5060999989509583
YDL043C,YBR082C,0,1.7942729,0.1483849287033081,0.8820000290870667,0.5062000155448914
YBR166C,YPL026C,0,1.7938057,0.1483599692583084,0.8820000290870667,0.5062999725341797
YLR418C,YMR312W,0,1.7936207,0.14833500981330872,0.8820000290870667,0.5063999891281128
YCR077C,YGR086C,0,1.7935141,0.14831006526947021,0.8820000290870667,0.5065000057220459
YGR154C,YIL160C,0,1.7932066,0.1482851356267929,0.8820000290870667,0.506600022315979
YMR256C,YBL010C,0,1.7931203,0.1482602059841156,0.8820000290870667,0.5066999793052673
YOR061W,YIL009C-A,0,1.7925396,0.1482352912425995,0.8820000290870667,0.5067999958992004
YBR022W,YJL072C,0,1.7924352,0.14821039140224457,0.8820000290870667,0.5069000124931335
YML113W,YOR374W,0,1.7921891,0.14818547666072845,0.8820000290870667,0.5070000290870667
YGR241C,YCL057C-A,0,1.7921276,0.14816059172153473,0.8820000290870667,0.507099986076355
YGL185C,YJR045C,0,1.7907875,0.148135706782341,0.8820000290870667,0.5072000026702881
YDR219C,YGL141W,0,1.7899265,0.14811083674430847,0.8820000290870667,0.5073000192642212
YGL040C,YDR447C,0,1.7898588,0.14808596670627594,0.8820000290870667,0.5073999762535095
YGR058W,YGR026W,0,1.7897147,0.1480611115694046,0.8820000290870667,0.5074999928474426
YBR009C,YAL058W,0,1.7896211,0.14803625643253326,0.8820000290870667,0.5076000094413757
YAL020C,YHR013C,0,1.7896042,0.14801141619682312,0.8820000290870667,0.5077000260353088
YBR022W,YOR076C,0,1.7894299,0.14798657596111298,0.8820000290870667,0.5077999830245972
YOL117W,YIR023W,0,1.7893312,0.14796175062656403,0.8820000290870667,0.5078999996185303
YKL089W,YHR215W,0,1.7889692,0.14793694019317627,0.8820000290870667,0.5080000162124634
YOL019W,YPR096C,0,1.788957,0.1479121297597885,0.8820000290870667,0.5080999732017517
YLR283W,YDL138W,0,1.788938,0.14788731932640076,0.8820000290870667,0.5081999897956848
YKR058W,YPL068C,0,1.7887329,0.1478625386953354,0.8820000290870667,0.5083000063896179
YIR037W,YJL080C,0,1.7886193,0.14783774316310883,0.8820000290870667,0.508400022983551
YLR214W,YBL082C,0,1.7884135,0.14781297743320465,0.8820000290870667,0.5084999799728394
YGL040C,YAL025C,0,1.7878673,0.14778819680213928,0.8820000290870667,0.5085999965667725
YIL172C,YOR326W,0,1.7877716,0.1477634459733963,0.8820000290870667,0.5087000131607056
YOL138C,YCR047C,0,1.7876428,0.14773869514465332,0.8820000290870667,0.5088000297546387
YDR531W,YDL190C,0,1.7876413,0.14771394431591034,0.8820000290870667,0.508899986743927
YNL061W,YJR058C,0,1.7875311,0.14768922328948975,0.8820000290870667,0.5090000033378601
YHR021C,YCR081W,0,1.787224,0.14766448736190796,0.8820000290870667,0.5091000199317932
YFR005C,YBR241C,0,1.7869654,0.14763976633548737,0.8820000290870667,0.5091999769210815
YJR065C,YIL090W,0,1.7863507,0.14761506021022797,0.8820000290870667,0.5092999935150146
YHR215W,YAL034W-A,0,1.7862607,0.14759035408496857,0.8820000290870667,0.5094000101089478
YDR347W,YJR013W,0,1.7862506,0.14756566286087036,0.8820000290870667,0.5095000267028809
YER120W,YDL060W,0,1.7844858,0.14754098653793335,0.8820000290870667,0.5095999836921692
YKL178C,YGR054W,0,1.7844386,0.14751631021499634,0.8820000290870667,0.5097000002861023
YER133W,YGL178W,0,1.7842653,0.14749163389205933,0.8820000290870667,0.5098000168800354
YMR281W,YDR236C,0,1.7837679,0.1474669724702835,0.8820000290870667,0.5098999738693237
YHR025W,YOR076C,0,1.7834389,0.14744232594966888,0.8820000290870667,0.5099999904632568
YNL242W,YCR010C,0,1.7833165,0.14741767942905426,0.8820000290870667,0.5101000070571899
YGL211W,YEL065W,0,1.7828692,0.14739304780960083,0.8820000290870667,0.510200023651123
YHR117W,YHR044C,0,1.7827463,0.1473684161901474,0.8820000290870667,0.5102999806404114
YJL219W,YPL017C,0,1.7821169,0.14734379947185516,0.8820000290870667,0.5103999972343445
YGL229C,YGR054W,0,1.7819655,0.14731919765472412,0.8820000290870667,0.5105000138282776
YDL101C,YBR160W,1,1.781909,0.14746159315109253,0.8830000162124634,0.5105000138282776
YGL128C,YJR098C,0,1.781878,0.1474369615316391,0.8830000162124634,0.5105999708175659
YMR282C,YCL059C,0,1.7813658,0.14741235971450806,0.8830000162124634,0.510699987411499
YJR098C,YJL062W,0,1.7813288,0.14738774299621582,0.8830000162124634,0.5108000040054321
YIR036C,YBR058C-A,0,1.7812939,0.14736315608024597,0.8830000162124634,0.5109000205993652
YER048W-A,YGL084C,0,1.7812107,0.14733855426311493,0.8830000162124634,0.5109999775886536
YIL171W,YGR014W,0,1.7803566,0.14731398224830627,0.8830000162124634,0.5110999941825867
YBR291C,YLR403W,0,1.7803538,0.14728941023349762,0.8830000162124634,0.5112000107765198
YHR092C,YCR094W,0,1.7800972,0.14726483821868896,0.8830000162124634,0.5113000273704529
YCR029C-A,YDL038C,0,1.7798681,0.1472402811050415,0.8830000162124634,0.5113999843597412
YJL157C,YLR045C,0,1.7797265,0.14721573889255524,0.8830000162124634,0.5115000009536743
YLR370C,YBL090W,0,1.7795525,0.14719119668006897,0.8830000162124634,0.5116000175476074
YNR008W,YGL213C,0,1.7791097,0.1471666693687439,0.8830000162124634,0.5116999745368958
YDR158W,YGR188C,0,1.7785733,0.14714214205741882,0.8830000162124634,0.5117999911308289
YMR281W,YOR315W,0,1.7781817,0.14711762964725494,0.8830000162124634,0.511900007724762
YMR302C,YLR237W,0,1.7777908,0.14709311723709106,0.8830000162124634,0.5120000243186951
YCR020C,YBR166C,0,1.7774675,0.14706861972808838,0.8830000162124634,0.5120999813079834
YER099C,YJR134C,0,1.7773366,0.1470441371202469,0.8830000162124634,0.5121999979019165
YLR414C,YLR381W,0,1.7770393,0.1470196396112442,0.8830000162124634,0.5123000144958496
YHR116W,YIL051C,0,1.7770321,0.1469951719045639,0.8830000162124634,0.5123999714851379
YJL048C,YJR158W,0,1.776945,0.1469707041978836,0.8830000162124634,0.512499988079071
YGL135W,YCL055W,0,1.7768539,0.1469462513923645,0.8830000162124634,0.5126000046730042
YNR008W,YPL089C,0,1.7765692,0.1469217985868454,0.8830000162124634,0.5127000212669373
YKR059W,YOR322C,0,1.7758698,0.1468973606824875,0.8830000162124634,0.5127999782562256
YBL054W,YDL007W,0,1.7758102,0.14687292277812958,0.8830000162124634,0.5128999948501587
YMR016C,YNL098C,0,1.7756054,0.14684849977493286,0.8830000162124634,0.5130000114440918
YAL053W,YDL180W,0,1.775246,0.14682407677173615,0.8830000162124634,0.5131000280380249
YIL074C,YHL008C,0,1.7749509,0.14679966866970062,0.8830000162124634,0.5131999850273132
YHR147C,YOL019W,0,1.7748796,0.1467752605676651,0.8830000162124634,0.5133000016212463
YIL172C,YER007W,0,1.7748073,0.14675086736679077,0.8830000162124634,0.5134000182151794
YLR201C,YGL227W,0,1.7745376,0.14672648906707764,0.8830000162124634,0.5134999752044678
YDL195W,YNR043W,0,1.7745022,0.1467021107673645,0.8830000162124634,0.5135999917984009
YCR077C,YPL160W,0,1.7743726,0.14667774736881256,0.8830000162124634,0.513700008392334
YLR318W,YMR012W,0,1.7738838,0.14665338397026062,0.8830000162124634,0.5138000249862671
YIL093C,YDR239C,0,1.7734506,0.14662902057170868,0.8830000162124634,0.5138999819755554
YNL136W,YJR068W,1,1.773149,0.14677071571350098,0.8840000033378601,0.5138999819755554
YHR046C,YGR295C,0,1.7730112,0.14674635231494904,0.8840000033378601,0.5139999985694885
YML125C,YKL164C,0,1.7726356,0.1467219889163971,0.8840000033378601,0.5141000151634216
YOL092W,YER161C,0,1.7718904,0.14669764041900635,0.8840000033378601,0.51419997215271
YPR178W,YIL171W,0,1.771803,0.1466733068227768,0.8840000033378601,0.5142999887466431
YPL258C,YMR152W,0,1.7717698,0.14664897322654724,0.8840000033378601,0.5144000053405762
YOR373W,YGR035C,0,1.7717004,0.14662465453147888,0.8840000033378601,0.5145000219345093
YGL210W,YOL056W,0,1.7715201,0.14660033583641052,0.8840000033378601,0.5145999789237976
YMR056C,YPL089C,0,1.7712812,0.14657601714134216,0.8840000033378601,0.5146999955177307
YGL141W,YPR016C,0,1.7711105,0.1465517282485962,0.8840000033378601,0.5148000121116638
YER083C,YML005W,0,1.7710581,0.14652743935585022,0.8840000033378601,0.5149000287055969
YLR147C,YDR120C,0,1.770958,0.14650315046310425,0.8840000033378601,0.5149999856948853
YGR086C,YPR070W,0,1.7707448,0.14647887647151947,0.8840000033378601,0.5151000022888184
YFR005C,YEL002C,0,1.7707077,0.1464546024799347,0.8840000033378601,0.5152000188827515
YML129C,YPL144W,0,1.7704952,0.1464303433895111,0.8840000033378601,0.5152999758720398
YPL106C,YOR124C,0,1.770252,0.14640609920024872,0.8840000033378601,0.5153999924659729
YIR014W,YNR050C,0,1.7701528,0.14638185501098633,0.8840000033378601,0.515500009059906
YMR100W,YER164W,0,1.7697392,0.14635761082172394,0.8840000033378601,0.5156000256538391
YDR358W,YCR081W,0,1.769701,0.14633338153362274,0.8840000033378601,0.5156999826431274
YGR047C,YIL112W,0,1.7695354,0.14630916714668274,0.8840000033378601,0.5157999992370605
YDR036C,YBR291C,0,1.7693689,0.14628495275974274,0.8840000033378601,0.5159000158309937
YMR235C,YIL172C,0,1.7691219,0.14626075327396393,0.8840000033378601,0.515999972820282
YLR201C,YLR371W,0,1.7687827,0.14623655378818512,0.8840000033378601,0.5160999894142151
YBR050C,YKL198C,0,1.7683811,0.1462123692035675,0.8840000033378601,0.5162000060081482
YHR206W,YDR238C,0,1.7682348,0.14618819952011108,0.8840000033378601,0.5163000226020813
YOR096W,YBR024W,0,1.7681367,0.14616401493549347,0.8840000033378601,0.5163999795913696
YEL002C,YHR070W,0,1.7681246,0.14613986015319824,0.8840000033378601,0.5164999961853027
YBR240C,YBR040W,0,1.7675234,0.14611570537090302,0.8840000033378601,0.5166000127792358
YDR126W,YLR074C,0,1.7672861,0.1460915505886078,0.8840000033378601,0.516700029373169
YJR097W,YBR122C,0,1.7671812,0.14606741070747375,0.8840000033378601,0.5167999863624573
YOR201C,YHR181W,0,1.7671477,0.14604328572750092,0.8840000033378601,0.5169000029563904
YIL090W,YHR181W,0,1.7664485,0.14601916074752808,0.8840000033378601,0.5170000195503235
YML094W,YMR071C,0,1.7664167,0.14599505066871643,0.8840000033378601,0.5170999765396118
YGR223C,YOR014W,0,1.7664034,0.14597094058990479,0.8840000033378601,0.5171999931335449
YNL292W,YMR281W,0,1.7660363,0.14594684541225433,0.8840000033378601,0.517300009727478
YJL158C,YPL038W,0,1.765543,0.14592275023460388,0.8840000033378601,0.5174000263214111
YDR503C,YGR054W,0,1.7654917,0.14589866995811462,0.8840000033378601,0.5174999833106995
YER061C,YPR118W,0,1.7654524,0.14587458968162537,0.8840000033378601,0.5175999999046326
YLR170C,YPL031C,0,1.7652763,0.1458505243062973,0.8840000033378601,0.5177000164985657
YLR040C,YFL037W,0,1.7652038,0.14582645893096924,0.8840000033378601,0.517799973487854
YOL030W,YLR419W,0,1.764832,0.14580240845680237,0.8840000033378601,0.5178999900817871
YLR106C,YDL065C,0,1.7646401,0.1457783579826355,0.8840000033378601,0.5180000066757202
YER140W,YHR161C,0,1.7645719,0.14575432240962982,0.8840000033378601,0.5181000232696533
YJL221C,YEL050C,0,1.7643318,0.14573030173778534,0.8840000033378601,0.5181999802589417
YBR036C,YLR441C,0,1.7642835,0.14570628106594086,0.8840000033378601,0.5182999968528748
YIL034C,YGL178W,0,1.764104,0.14568226039409637,0.8840000033378601,0.5184000134468079
YDR253C,YIL039W,0,1.7639452,0.14565826952457428,0.8840000033378601,0.5184999704360962
YLR201C,YPR042C,0,1.763934,0.145634263753891,0.8840000033378601,0.5185999870300293
YLR385C,YOR369C,0,1.7638395,0.1456102728843689,0.8840000033378601,0.5187000036239624
YHL008C,YMR223W,0,1.7636435,0.145586296916008,0.8840000033378601,0.5188000202178955
YLR396C,YHR028C,0,1.7632227,0.1455623209476471,0.8840000033378601,0.5188999772071838
YPL174C,YHR181W,0,1.7626734,0.1455383598804474,0.8840000033378601,0.5189999938011169
YER088C,YOR221C,0,1.7626158,0.14551439881324768,0.8840000033378601,0.51910001039505
YML015C,YOR315W,0,1.762438,0.14549045264720917,0.8840000033378601,0.5192000269889832
YDL060W,YDR534C,0,1.7623453,0.14546650648117065,0.8840000033378601,0.5192999839782715
YOR167C,YJR076C,0,1.7623415,0.14544257521629333,0.8840000033378601,0.5194000005722046
YIR017C,YBR040W,0,1.7617645,0.1454186588525772,0.8840000033378601,0.5195000171661377
YDL101C,YLR357W,1,1.7615964,0.14555920660495758,0.8849999904632568,0.5195000171661377
YOL018C,YOL064C,0,1.7611809,0.14553527534008026,0.8849999904632568,0.519599974155426
YML037C,YDR044W,0,1.7608584,0.14551134407520294,0.8849999904632568,0.5196999907493591
YDR440W,YDL101C,1,1.7608469,0.14565181732177734,0.8859999775886536,0.5196999907493591
YOL030W,YDR031W,0,1.7607621,0.14562787115573883,0.8859999775886536,0.5198000073432922
YMR208W,YML087C,0,1.760384,0.1456039398908615,0.8859999775886536,0.5199000239372253
YDR134C,YDR387C,0,1.7601283,0.14558002352714539,0.8859999775886536,0.5199999809265137
YPL031C,YMR109W,0,1.7599314,0.14555610716342926,0.8859999775886536,0.5200999975204468
YNL166C,YOL005C,0,1.7598134,0.14553219079971313,0.8859999775886536,0.5202000141143799
YPL017C,YLR446W,0,1.7595658,0.1455082893371582,0.8859999775886536,0.5202999711036682
YER070W,YAR044W,0,1.7595359,0.14548440277576447,0.8859999775886536,0.5203999876976013
YFL041W,YMR221C,0,1.7594858,0.14546051621437073,0.8859999775886536,0.5205000042915344
YOL018C,YOL019W,0,1.7592199,0.14543664455413818,0.8859999775886536,0.5206000208854675
YDR022C,YDR247W,0,1.7591722,0.14541277289390564,0.8859999775886536,0.5206999778747559
YGL223C,YGL119W,0,1.7581959,0.1453889012336731,0.8859999775886536,0.520799994468689
YML005W,YGR124W,0,1.7581939,0.14536505937576294,0.8859999775886536,0.5209000110626221
YNL096C,YML088W,0,1.7578528,0.1453412026166916,0.8859999775886536,0.5210000276565552
YJL153C,YPL172C,0,1.7575043,0.14531737565994263,0.8859999775886536,0.5210999846458435
YDL114W,YLR098C,0,1.7572256,0.14529353380203247,0.8859999775886536,0.5212000012397766
YJL072C,YOL123W,0,1.7572157,0.1452697217464447,0.8859999775886536,0.5213000178337097
YGR292W,YDR330W,0,1.7567986,0.14524589478969574,0.8859999775886536,0.521399974822998
YMR128W,YDR322W,0,1.7567378,0.14522209763526917,0.8859999775886536,0.5214999914169312
YMR163C,YOR374W,0,1.7566844,0.1451983004808426,0.8859999775886536,0.5216000080108643
YER133W,YOL092W,0,1.7565345,0.14517450332641602,0.8859999775886536,0.5217000246047974
YOL138C,YBR176W,0,1.7563936,0.14515072107315063,0.8859999775886536,0.5217999815940857
YEL002C,YNL115C,0,1.756279,0.14512693881988525,0.8859999775886536,0.5218999981880188
YNL158W,YOL092W,0,1.7558767,0.14510317146778107,0.8859999775886536,0.5220000147819519
YDR341C,YNL098C,0,1.7558265,0.14507941901683807,0.8859999775886536,0.5220999717712402
YMR287C,YPL026C,0,1.7554779,0.14505566656589508,0.8859999775886536,0.5221999883651733
YGR295C,YKL028W,0,1.7538375,0.1450319141149521,0.8859999775886536,0.5223000049591064
YER131W,YNL146W,0,1.7537162,0.1450081765651703,0.8859999775886536,0.5224000215530396
YHL019C,YJR155W,0,1.7531941,0.14498445391654968,0.8859999775886536,0.5224999785423279
YGR124W,YGR071C,0,1.7529192,0.14496073126792908,0.8859999775886536,0.522599995136261
YHR092C,YDR486C,0,1.7522595,0.14493702352046967,0.8859999775886536,0.5227000117301941
YLR126C,YHL032C,0,1.7520585,0.14491331577301025,0.8859999775886536,0.5228000283241272
YNR045W,YDR534C,0,1.7519876,0.14488962292671204,0.8859999775886536,0.5228999853134155
YPL143W,YAL008W,0,1.751864,0.14486593008041382,0.8859999775886536,0.5230000019073486
YBR264C,YGR071C,0,1.751591,0.1448422372341156,0.8859999775886536,0.5231000185012817
YDL007W,YHL036W,0,1.7512739,0.14481857419013977,0.8859999775886536,0.5231999754905701
YDR297W,YIL112W,0,1.7510554,0.14479489624500275,0.8859999775886536,0.5232999920845032
YOR270C,YGR014W,0,1.7509694,0.1447712481021881,0.8859999775886536,0.5234000086784363
YJR015W,YNL077W,0,1.750957,0.14474758505821228,0.8859999775886536,0.5235000252723694
YBL088C,YML060W,1,1.7508366,0.1448872983455658,0.8870000243186951,0.5235000252723694
YLR237W,YDR330W,0,1.750382,0.14486363530158997,0.8870000243186951,0.5235999822616577
YOR151C,YHR136C,0,1.7503376,0.14483997225761414,0.8870000243186951,0.5236999988555908
YMR298W,YHL016C,0,1.7502961,0.1448163241147995,0.8870000243186951,0.5238000154495239
YIL034C,YPL149W,0,1.7491385,0.14479269087314606,0.8870000243186951,0.5238999724388123
YGL137W,YGL040C,0,1.7490594,0.14476905763149261,0.8870000243186951,0.5239999890327454
YAL020C,YGR158C,0,1.7490404,0.14474542438983917,0.8870000243186951,0.5241000056266785
YMR166C,YKL183W,0,1.7490361,0.14472182095050812,0.8870000243186951,0.5242000222206116
YOL018C,YBR040W,0,1.7486905,0.14469820261001587,0.8870000243186951,0.5242999792098999
YML037C,YIL160C,0,1.7486161,0.14467459917068481,0.8870000243186951,0.524399995803833
YGL089C,YNL077W,0,1.747968,0.14465101063251495,0.8870000243186951,0.5245000123977661
YMR281W,YGL009C,0,1.7478169,0.1446274220943451,0.8870000243186951,0.5246000289916992
YML018C,YDR118W,0,1.7476757,0.14460384845733643,0.8870000243186951,0.5246999859809875
YLR312C-B,YLL035W,0,1.7470688,0.14458027482032776,0.8870000243186951,0.5248000025749207
YFR037C,YIL126W,1,1.74702,0.1447196900844574,0.8880000114440918,0.5248000025749207
YKR105C,YER045C,0,1.7470171,0.14469610154628754,0.8880000114440918,0.5249000191688538
YIL009C-A,YNR040W,0,1.7469362,0.14467252790927887,0.8880000114440918,0.5249999761581421
YPL051W,YHL036W,0,1.7469286,0.1446489691734314,0.8880000114440918,0.5250999927520752
YLR126C,YDR534C,0,1.7467997,0.14462541043758392,0.8880000114440918,0.5252000093460083
YBR084W,YDR197W,0,1.7467341,0.14460185170173645,0.8880000114440918,0.5253000259399414
YJR060W,YKR104W,0,1.7466632,0.14457830786705017,0.8880000114440918,0.5253999829292297
YDR242W,YER131W,0,1.7463753,0.14455477893352509,0.8880000114440918,0.5254999995231628
YOL003C,YML074C,0,1.7463188,0.14453125,0.8880000114440918,0.525600016117096
YLR450W,YLR467W,0,1.746183,0.1445077359676361,0.8880000114440918,0.5256999731063843
YNL217W,YDR330W,0,1.7460696,0.14448422193527222,0.8880000114440918,0.5257999897003174
YKR090W,YGR191W,0,1.7460322,0.14446070790290833,0.8880000114440918,0.5259000062942505
YHR092C,YGR075C,0,1.7454975,0.14443720877170563,0.8880000114440918,0.5260000228881836
YLR283W,YAL025C,0,1.745291,0.14441372454166412,0.8880000114440918,0.5260999798774719
YLR304C,YBL061C,0,1.7452163,0.14439024031162262,0.8880000114440918,0.526199996471405
YBR087W,YLR265C,1,1.7450134,0.1445293426513672,0.8889999985694885,0.526199996471405
YNL049C,YDR320C,0,1.7447246,0.14450585842132568,0.8889999985694885,0.5263000130653381
YGL232W,YOR391C,0,1.7443308,0.14448235929012299,0.8889999985694885,0.5264000296592712
YML027W,YLR356W,0,1.7440078,0.14445888996124268,0.8889999985694885,0.5264999866485596
YNL049C,YDL060W,0,1.7440071,0.14443542063236237,0.8889999985694885,0.5266000032424927
YDR313C,YHR011W,0,1.7438782,0.14441195130348206,0.8889999985694885,0.5267000198364258
YDR013W,YDL185W,0,1.743793,0.14438849687576294,0.8889999985694885,0.5267999768257141
YDR086C,YIL112W,0,1.7437886,0.14436505734920502,0.8889999985694885,0.5268999934196472
YDL192W,YPL033C,0,1.743712,0.1443416178226471,0.8889999985694885,0.5270000100135803
YNL293W,YGR223C,0,1.7434146,0.14431817829608917,0.8889999985694885,0.5271000266075134
YDR283C,YOR092W,0,1.7433758,0.14429475367069244,0.8889999985694885,0.5271999835968018
YCR072C,YJR033C,0,1.7432016,0.1442713439464569,0.8889999985694885,0.5273000001907349
YKL021C,YDR393W,0,1.7429012,0.14424793422222137,0.8889999985694885,0.527400016784668
YDL108W,YML125C,0,1.7428656,0.14422452449798584,0.8889999985694885,0.5274999737739563
YGL137W,YCR098C,0,1.7427369,0.1442011296749115,0.8889999985694885,0.5275999903678894
YDL129W,YML124C,0,1.7422624,0.14417774975299835,0.8889999985694885,0.5277000069618225
YLL011W,YDR065W,0,1.7418706,0.1441543698310852,0.8889999985694885,0.5278000235557556
YNL242W,YNR022C,0,1.7418355,0.14413100481033325,0.8889999985694885,0.527899980545044
YAL023C,YOR322C,0,1.7413242,0.1441076397895813,0.8889999985694885,0.527999997138977
YGR104C,YNL339C,0,1.7411549,0.14408427476882935,0.8889999985694885,0.5281000137329102
YIR023W,YOR374W,0,1.7410148,0.1440609246492386,0.8889999985694885,0.5281999707221985
YEL021W,YDL180W,0,1.7408826,0.14403758943080902,0.8889999985694885,0.5282999873161316
YPL059W,YLR403W,0,1.7407267,0.14401425421237946,0.8889999985694885,0.5284000039100647
YMR086W,YBL021C,0,1.7401949,0.14399093389511108,0.8889999985694885,0.5285000205039978
YJL219W,YCR081W,0,1.7401323,0.1439676135778427,0.8889999985694885,0.5285999774932861
YOR278W,YML113W,0,1.7400228,0.14394429326057434,0.8889999985694885,0.5286999940872192
YMR022W,YGR076C,0,1.7399869,0.14392100274562836,0.8889999985694885,0.5288000106811523
YPL195W,YJL189W,0,1.7399201,0.14389769732952118,0.8889999985694885,0.5289000272750854
YGR292W,YGR075C,0,1.7397149,0.1438744068145752,0.8889999985694885,0.5289999842643738
YKR094C,YPL153C,1,1.7389708,0.1440129429101944,0.8899999856948853,0.5289999842643738
YPR063C,YBL074C,0,1.7384821,0.1439896523952484,0.8899999856948853,0.5291000008583069
YIR015W,YBR297W,0,1.7383351,0.14396634697914124,0.8899999856948853,0.52920001745224
YOR067C,YNL115C,0,1.7375153,0.14394307136535645,0.8899999856948853,0.5292999744415283
YNR061C,YIL160C,0,1.7373426,0.14391979575157166,0.8899999856948853,0.5293999910354614
YOL103W,YNL188W,0,1.7371242,0.14389652013778687,0.8899999856948853,0.5295000076293945
YDL114W,YLR287C-A,0,1.7369471,0.14387325942516327,0.8899999856948853,0.5296000242233276
YAL023C,YDL008W,0,1.7369177,0.14385001361370087,0.8899999856948853,0.529699981212616
YJR025C,YOR246C,0,1.7364044,0.14382676780223846,0.8899999856948853,0.5297999978065491
YDR283C,YDR363W-A,0,1.7361841,0.14380352199077606,0.8899999856948853,0.5299000144004822
YNL086W,YJR066W,0,1.73552,0.14378029108047485,0.8899999856948853,0.5299999713897705
YML106W,YBR084W,0,1.7351135,0.14375706017017365,0.8899999856948853,0.5300999879837036
YJR110W,YJR015W,0,1.7347126,0.14373384416103363,0.8899999856948853,0.5302000045776367
YIR002C,YGR002C,1,1.7342303,0.14387211203575134,0.890999972820282,0.5302000045776367
YHR143W,YDR379W,0,1.7339365,0.14384888112545013,0.890999972820282,0.5303000211715698
YLL050C,YGR262C,0,1.7337806,0.14382566511631012,0.890999972820282,0.5303999781608582
YDR224C,YHR081W,1,1.7334763,0.14396384358406067,0.8920000195503235,0.5303999781608582
YER088C,YMR314W,0,1.7334696,0.14394061267375946,0.8920000195503235,0.5304999947547913
YPL231W,YBL010C,0,1.733121,0.14391739666461945,0.8920000195503235,0.5306000113487244
YOL157C,YDR362C,0,1.7327331,0.14389418065547943,0.8920000195503235,0.5307000279426575
YJL108C,YLL022C,0,1.7325966,0.14387096464633942,0.8920000195503235,0.5307999849319458
YLR237W,YJR155W,0,1.732505,0.1438477635383606,0.8920000195503235,0.5309000015258789
YHR092C,YPR098C,0,1.732145,0.14382457733154297,0.8920000195503235,0.531000018119812
YJR060W,YNL151C,0,1.7314632,0.14380139112472534,0.8920000195503235,0.5310999751091003
YCR096C,YML087C,0,1.7311563,0.14377820491790771,0.8920000195503235,0.5311999917030334
YPL085W,YPR032W,0,1.7304448,0.14375503361225128,0.8920000195503235,0.5313000082969666
YDR466W,YJR097W,0,1.7303445,0.14373187720775604,0.8920000195503235,0.5314000248908997
YJR094W-A,YDR038C,0,1.7302567,0.1437087208032608,0.8920000195503235,0.531499981880188
YMR235C,YDR342C,0,1.7300155,0.14368556439876556,0.8920000195503235,0.5315999984741211
YDR251W,YLR430W,0,1.7299767,0.14366242289543152,0.8920000195503235,0.5317000150680542
YBR058C-A,YLR120C,0,1.729974,0.14363929629325867,0.8920000195503235,0.5317999720573425
YGL021W,YER184C,0,1.7296982,0.14361616969108582,0.8920000195503235,0.5318999886512756
YIL172C,YDL190C,0,1.7294874,0.14359304308891296,0.8920000195503235,0.5320000052452087
YKL034W,YIL160C,0,1.7294714,0.1435699313879013,0.8920000195503235,0.5321000218391418
YNR016C,YJL097W,0,1.7292238,0.14354683458805084,0.8920000195503235,0.5321999788284302
YGL021W,YER020W,0,1.7291495,0.14352373778820038,0.8920000195503235,0.5322999954223633
YLL013C,YKR105C,0,1.7281893,0.14350064098834991,0.8920000195503235,0.5324000120162964
YFR037C,YJL090C,1,1.7280587,0.14363841712474823,0.8930000066757202,0.5324000120162964
YDR101C,YGR014W,0,1.7277799,0.14361530542373657,0.8930000066757202,0.5325000286102295
YCL061C,YGL039W,0,1.7270864,0.1435922235250473,0.8930000066757202,0.5325999855995178
YNL293W,YOR167C,0,1.7269443,0.14356912672519684,0.8930000066757202,0.5327000021934509
YKR094C,YJR068W,1,1.7261684,0.1437067985534668,0.8939999938011169,0.5327000021934509
YAR010C,YJL190C,0,1.7259735,0.14368370175361633,0.8939999938011169,0.532800018787384
YPL195W,YDR169C,0,1.7256651,0.14366061985492706,0.8939999938011169,0.5328999757766724
YGL161C,YDL056W,0,1.7254943,0.1436375379562378,0.8939999938011169,0.5329999923706055
YOR143C,YPR122W,0,1.725486,0.14361445605754852,0.8939999938011169,0.5331000089645386
YNL007C,YMR037C,0,1.7251885,0.14359138906002045,0.8939999938011169,0.5332000255584717
YPL206C,YGR009C,0,1.7250683,0.14356833696365356,0.8939999938011169,0.53329998254776
YFR015C,YOL002C,0,1.725026,0.14354528486728668,0.8939999938011169,0.5333999991416931
YKL100C,YER131W,0,1.7249162,0.1435222327709198,0.8939999938011169,0.5335000157356262
YJR098C,YOR374W,0,1.724794,0.1434991955757141,0.8939999938011169,0.5335999727249146
YNL331C,YGR001C,0,1.7245388,0.14347617328166962,0.8939999938011169,0.5336999893188477
YER088C,YOR182C,0,1.7244494,0.14345315098762512,0.8939999938011169,0.5338000059127808
YDL043C,YML081C-A,0,1.7244124,0.14343012869358063,0.8939999938011169,0.5339000225067139
YMR045C,YCL050C,0,1.7241625,0.14340712130069733,0.8939999938011169,0.5339999794960022
YFR006W,YDL065C,0,1.7241488,0.14338412880897522,0.8939999938011169,0.5340999960899353
YCR020C,YMR223W,0,1.7240632,0.1433611363172531,0.8939999938011169,0.5342000126838684
YPR102C,YMR037C,0,1.7240529,0.143338143825531,0.8939999938011169,0.5343000292778015
YLR096W,YMR150C,0,1.7237964,0.1433151662349701,0.8939999938011169,0.5343999862670898
YGL136C,YER036C,0,1.7236009,0.14329218864440918,0.8939999938011169,0.534500002861023
YER148W,YML125C,0,1.7235876,0.14326922595500946,0.8939999938011169,0.534600019454956
YLR099C,YBR241C,0,1.7234114,0.14324627816677094,0.8939999938011169,0.5346999764442444
YDL137W,YER184C,0,1.7233021,0.1432233303785324,0.8939999938011169,0.5347999930381775
YCL061C,YAR010C,0,1.722923,0.14320038259029388,0.8939999938011169,0.5349000096321106
YAR015W,YGL185C,0,1.722789,0.14317744970321655,0.8939999938011169,0.5350000262260437
YHR101C,YNL061W,0,1.7227056,0.14315451681613922,0.8939999938011169,0.535099983215332
YNL086W,YJL033W,0,1.7225174,0.14313159883022308,0.8939999938011169,0.5351999998092651
YLR109W,YKL181W,0,1.7224934,0.14310869574546814,0.8939999938011169,0.5353000164031982
YLR106C,YMR109W,0,1.7220339,0.1430857926607132,0.8939999938011169,0.5353999733924866
YER083C,YER153C,0,1.7219858,0.14306288957595825,0.8939999938011169,0.5354999899864197
YPR186C,YDR158W,0,1.7218356,0.1430400013923645,0.8939999938011169,0.5356000065803528
YER088C,YER164W,0,1.721811,0.14301711320877075,0.8939999938011169,0.5357000231742859
YPR063C,YMR127C,0,1.721611,0.1429942399263382,0.8939999938011169,0.5357999801635742
YOR151C,YKL042W,0,1.7213672,0.14297136664390564,0.8939999938011169,0.5358999967575073
YDR312W,YNL135C,0,1.721365,0.14294850826263428,0.8939999938011169,0.5360000133514404
YGL039W,YBL022C,0,1.7213179,0.1429256647825241,0.8939999938011169,0.5360999703407288
YLR120C,YKL028W,0,1.7212272,0.14290280640125275,0.8939999938011169,0.5361999869346619
YDR440W,YHR081W,1,1.7204063,0.1430397927761078,0.8949999809265137,0.5361999869346619
YLR283W,YML124C,0,1.7204055,0.14301693439483643,0.8949999809265137,0.536300003528595
YGR101W,YOL140W,0,1.7198029,0.14299409091472626,0.8949999809265137,0.5364000201225281
YMR290C,YFL002W-A,0,1.7197578,0.1429712474346161,0.8949999809265137,0.5364999771118164
YMR235C,YDR116C,0,1.7194332,0.14294840395450592,0.8949999809265137,0.5365999937057495
YNL119W,YMR071C,0,1.7190746,0.14292559027671814,0.8949999809265137,0.5367000102996826
YDL019C,YAR010C,0,1.7190454,0.14290276169776917,0.8949999809265137,0.5368000268936157
YHR153C,YGL147C,0,1.7189674,0.14287994801998138,0.8949999809265137,0.536899983882904
YGR292W,YAR018C,0,1.7187927,0.1428571492433548,0.8949999809265137,0.5370000004768372
YHR143W,YBL069W,0,1.7186775,0.1428343504667282,0.8949999809265137,0.5371000170707703
YLR286C,YDR400W,0,1.718505,0.14281155169010162,0.8949999809265137,0.5371999740600586
YFL029C,YDL112W,0,1.7179273,0.14278876781463623,0.8949999809265137,0.5372999906539917
YLR246W,YOL109W,0,1.7178661,0.14276598393917084,0.8949999809265137,0.5374000072479248
YNR027W,YMR264W,0,1.717278,0.14274321496486664,0.8949999809265137,0.5375000238418579
YMR171C,YPL033C,0,1.7171243,0.14272046089172363,0.8949999809265137,0.5375999808311462
YNL330C,YPL022W,1,1.7167046,0.1428571492433548,0.8960000276565552,0.5375999808311462
YOL065C,YOL064C,0,1.7166259,0.1428343653678894,0.8960000276565552,0.5376999974250793
YER068W,YPR081C,0,1.7165661,0.1428115963935852,0.8960000276565552,0.5378000140190125
YDR121W,YLR265C,1,1.7163978,0.1429482102394104,0.8970000147819519,0.5378000140190125
YKL100C,YDL184C,0,1.7163162,0.142925426363945,0.8970000147819519,0.5378999710083008
YER099C,YHR184W,0,1.7162869,0.1429026573896408,0.8970000147819519,0.5379999876022339
YPL269W,YGR191W,0,1.7162333,0.1428799033164978,0.8970000147819519,0.538100004196167
YLR048W,YPL172C,0,1.7156582,0.1428571492433548,0.8970000147819519,0.5382000207901001
YHR013C,YBL022C,0,1.7154281,0.1428343951702118,0.8970000147819519,0.5382999777793884
YDR032C,YGR191W,0,1.715364,0.14281165599822998,0.8970000147819519,0.5383999943733215
YOR143C,YAL013W,0,1.7152305,0.14278891682624817,0.8970000147819519,0.5385000109672546
YML034W,YMR139W,0,1.7150898,0.14276619255542755,0.8970000147819519,0.5386000275611877
YLR283W,YCR094W,0,1.7147279,0.14274346828460693,0.8970000147819519,0.5386999845504761
YIL084C,YCR028C,0,1.7132514,0.1427207589149475,0.8970000147819519,0.5388000011444092
YAR015W,YJL164C,0,1.7129784,0.14269806444644928,0.8970000147819519,0.5389000177383423
YJR098C,YLR221C,0,1.7128999,0.14267535507678986,0.8970000147819519,0.5389999747276306
YLL062C,YLR040C,0,1.7125736,0.14265267550945282,0.8970000147819519,0.5390999913215637
YJR001W,YDR086C,0,1.7122844,0.14262999594211578,0.8970000147819519,0.5392000079154968
YNL086W,YFR032C-A,0,1.7120203,0.14260731637477875,0.8970000147819519,0.5393000245094299
YDR013W,YJL189W,0,1.7116576,0.1425846517086029,0.8970000147819519,0.5393999814987183
YDL114W,YNL188W,0,1.711195,0.14256198704242706,0.8970000147819519,0.5394999980926514
YOR381W,YKL143W,0,1.7110342,0.14253932237625122,0.8970000147819519,0.5396000146865845
YBR033W,YNR050C,0,1.7106223,0.14251668751239777,0.8970000147819519,0.5396999716758728
YPL271W,YKL154W,0,1.71019,0.14249403774738312,0.8970000147819519,0.5397999882698059
YGR035C,YJL008C,0,1.7098498,0.14247141778469086,0.8970000147819519,0.539900004863739
YDL130W,YGL095C,0,1.7095511,0.1424487829208374,0.8970000147819519,0.5400000214576721
YIL109C,YDR534C,0,1.7089503,0.14242616295814514,0.8970000147819519,0.5400999784469604
YFR032C-A,YHR028C,0,1.7088132,0.14240355789661407,0.8970000147819519,0.5401999950408936
YOR150W,YCL031C,0,1.708797,0.142380952835083,0.8970000147819519,0.5403000116348267
YMR290C,YNR070W,0,1.708641,0.14235836267471313,0.8970000147819519,0.5404000282287598
YLR172C,YDR166C,0,1.7086272,0.14233577251434326,0.8970000147819519,0.5404999852180481
YKR094C,YOL072W,1,1.7085211,0.14247183501720428,0.8980000019073486,0.5404999852180481
YAL041W,YOR131C,0,1.7085196,0.1424492448568344,0.8980000019073486,0.5406000018119812
YJR110W,YKR105C,0,1.7083812,0.14242663979530334,0.8980000019073486,0.5407000184059143
YNL210W,YIR012W,0,1.7081685,0.14240406453609467,0.8980000019073486,0.5407999753952026
YNR061C,YDR523C,0,1.7080884,0.1423814743757248,0.8980000019073486,0.5408999919891357
YCR009C,YGR234W,0,1.7079465,0.1423589140176773,0.8980000019073486,0.5410000085830688
YLR096W,YNL322C,0,1.7078266,0.14233633875846863,0.8980000019073486,0.541100025177002
YDR219C,YGR035C,0,1.707788,0.14231379330158234,0.8980000019073486,0.5411999821662903
YDR523C,YAL062W,0,1.7077285,0.14229123294353485,0.8980000019073486,0.5412999987602234
YEL065W,YGL253W,0,1.7075834,0.14226868748664856,0.8980000019073486,0.5414000153541565
YOR096W,YMR282C,0,1.7070556,0.14224615693092346,0.8980000019073486,0.5414999723434448
YDL120W,YJL221C,0,1.7070227,0.14222362637519836,0.8980000019073486,0.5415999889373779
YJL046W,YMR150C,0,1.7066824,0.14220111072063446,0.8980000019073486,0.541700005531311
YKL199C,YLR318W,0,1.7064848,0.14217859506607056,0.8980000019073486,0.5418000221252441
YOR389W,YIL155C,0,1.7063004,0.14215607941150665,0.8980000019073486,0.5418999791145325
YPL231W,YOL156W,0,1.706026,0.14213359355926514,0.8980000019073486,0.5419999957084656
YER048W-A,YKR105C,0,1.7058637,0.14211109280586243,0.8980000019073486,0.5421000123023987
YIL084C,YHR010W,0,1.7057241,0.1420886069536209,0.8980000019073486,0.5422000288963318
YMR036C,YKL028W,0,1.7054328,0.1420661360025406,0.8980000019073486,0.5422999858856201
YLR238W,YBR245C,0,1.7053267,0.14204365015029907,0.8980000019073486,0.5424000024795532
YJR160C,YNL244C,0,1.7052308,0.14202119410037994,0.8980000019073486,0.5425000190734863
YCR028C,YGR037C,0,1.7051289,0.14199873805046082,0.8980000019073486,0.5425999760627747
YDR299W,YLR212C,0,1.7049819,0.1419762820005417,0.8980000019073486,0.5426999926567078
YPL028W,YKR009C,0,1.7045772,0.14195384085178375,0.8980000019073486,0.5428000092506409
YGL211W,YNL091W,0,1.7043723,0.14193139970302582,0.8980000019073486,0.542900025844574
YER087C-A,YNR070W,0,1.7043071,0.14190897345542908,0.8980000019073486,0.5429999828338623
YDR236C,YAL035W,0,1.704276,0.14188654720783234,0.8980000019073486,0.5430999994277954
YNL207W,YDR486C,0,1.7042499,0.1418641358613968,0.8980000019073486,0.5432000160217285
YDR358W,YDR088C,0,1.7041763,0.14184172451496124,0.8980000019073486,0.5432999730110168
YDL195W,YDR228C,0,1.7040293,0.1418193280696869,0.8980000019073486,0.54339998960495
YMR016C,YIL090W,0,1.7038028,0.14179693162441254,0.8980000019073486,0.5435000061988831
YDL137W,YDR283C,0,1.7037873,0.14177455008029938,0.8980000019073486,0.5436000227928162
YMR221C,YNL015W,0,1.7036093,0.14175216853618622,0.8980000019073486,0.5436999797821045
YFL029C,YNL217W,0,1.7035049,0.14172980189323425,0.8980000019073486,0.5437999963760376
YLR430W,YNR041C,0,1.703362,0.1417074352502823,0.8980000019073486,0.5439000129699707
YFL004W,YPR122W,0,1.7032025,0.14168506860733032,0.8980000019073486,0.5440000295639038
YJL073W,YPL160W,0,1.7030166,0.14166271686553955,0.8980000019073486,0.5440999865531921
YMR086W,YCR047C,0,1.7029276,0.14164038002490997,0.8980000019073486,0.5442000031471252
YBR033W,YJR075W,0,1.7029238,0.1416180431842804,0.8980000019073486,0.5443000197410583
YKL011C,YOR396W,0,1.7028072,0.14159570634365082,0.8980000019073486,0.5443999767303467
YLL050C,YOL080C,0,1.7025937,0.14157338440418243,0.8980000019073486,0.5444999933242798
YPL258C,YAL025C,0,1.7023678,0.14155107736587524,0.8980000019073486,0.5446000099182129
YGL161C,YDL205C,0,1.7022574,0.14152875542640686,0.8980000019073486,0.544700026512146
YOL139C,YJR058C,0,1.7021503,0.14150646328926086,0.8980000019073486,0.5447999835014343
YPR132W,YOR092W,0,1.7019356,0.14148417115211487,0.8980000019073486,0.5449000000953674
YML040W,YLR176C,0,1.701649,0.14146187901496887,0.8980000019073486,0.5450000166893005
YMR086W,YBL023C,0,1.701452,0.14143960177898407,0.8980000019073486,0.5450999736785889
YMR166C,YOR044W,0,1.7012035,0.14141732454299927,0.8980000019073486,0.545199990272522
YCL075W,YCR094W,0,1.7003338,0.14139506220817566,0.8980000019073486,0.5453000068664551
YNR043W,YDL184C,0,1.700079,0.14137279987335205,0.8980000019073486,0.5454000234603882
YBR036C,YLR106C,0,1.700016,0.14135053753852844,0.8980000019073486,0.5454999804496765
YGR001C,YLL022C,0,1.6995707,0.14132829010486603,0.8980000019073486,0.5455999970436096
YNL280C,YOR116C,0,1.6993144,0.1413060575723648,0.8980000019073486,0.5457000136375427
YLR126C,YKL028W,0,1.69912,0.1412838250398636,0.8980000019073486,0.545799970626831
YDR402C,YGR272C,0,1.6989995,0.14126160740852356,0.8980000019073486,0.5458999872207642
YDL210W,YDR248C,0,1.6988769,0.14123938977718353,0.8980000019073486,0.5460000038146973
YDR531W,YGL141W,0,1.6988368,0.1412171721458435,0.8980000019073486,0.5461000204086304
YKL195W,YNL244C,0,1.698772,0.14119496941566467,0.8980000019073486,0.5461999773979187
YGL222C,YGR279C,0,1.6987619,0.14117276668548584,0.8980000019073486,0.5462999939918518
YHR161C,YDR055W,0,1.6987224,0.1411505788564682,0.8980000019073486,0.5464000105857849
YOR322C,YKL158W,0,1.6985844,0.14112840592861176,0.8980000019073486,0.546500027179718
YOR257W,YOR332W,0,1.6985278,0.14110621809959412,0.8980000019073486,0.5465999841690063
YMR297W,YDR531W,0,1.6979007,0.14108406007289886,0.8980000019073486,0.5467000007629395
YJR160C,YDR103W,0,1.6978786,0.14106188714504242,0.8980000019073486,0.5468000173568726
YHR206W,YMR306W,0,1.6977488,0.14103972911834717,0.8980000019073486,0.5468999743461609
YPR081C,YDR330W,0,1.6974666,0.1410175859928131,0.8980000019073486,0.546999990940094
YNL268W,YNL115C,0,1.6974654,0.14099544286727905,0.8980000019073486,0.5471000075340271
YNL292W,YPR098C,0,1.697375,0.1409733146429062,0.8980000019073486,0.5472000241279602
YMR004W,YML070W,0,1.6972053,0.14095118641853333,0.8980000019073486,0.5472999811172485
YDR071C,YDR055W,0,1.6971588,0.14092905819416046,0.8980000019073486,0.5473999977111816
YKR038C,YAL025C,0,1.6969519,0.1409069448709488,0.8980000019073486,0.5475000143051147
YPL095C,YNR047W,0,1.6968716,0.14088484644889832,0.8980000019073486,0.5475999712944031
YJL170C,YMR051C,0,1.6968603,0.14086274802684784,0.8980000019073486,0.5476999878883362
YPL144W,YPL231W,0,1.6964304,0.14084064960479736,0.8980000019073486,0.5478000044822693
YDL192W,YLR318W,0,1.6962466,0.14081856608390808,0.8980000019073486,0.5479000210762024
YDR481C,YJR097W,0,1.695502,0.1407964825630188,0.8980000019073486,0.5479999780654907
YDL210W,YGR274C,0,1.6952064,0.1407744139432907,0.8980000019073486,0.5480999946594238
YLR286C,YOR322C,0,1.6949198,0.14075234532356262,0.8980000019073486,0.5482000112533569
YPL226W,YML091C,0,1.6949084,0.14073029160499573,0.8980000019073486,0.54830002784729
YDR495C,YGR061C,0,1.6945953,0.14070823788642883,0.8980000019073486,0.5483999848365784
YJL097W,YBR185C,0,1.6942621,0.14068619906902313,0.8980000019073486,0.5485000014305115
YNL206C,YPL174C,0,1.693716,0.14066416025161743,0.8980000019073486,0.5486000180244446
YGR241C,YLR441C,0,1.6931319,0.14064213633537292,0.8980000019073486,0.5486999750137329
YHR092C,YKL028W,0,1.6929417,0.14062011241912842,0.8980000019073486,0.548799991607666
YPR156C,YFL044C,0,1.6929339,0.1405980885028839,0.8980000019073486,0.5489000082015991
YHL047C,YJL109C,0,1.6922381,0.1405760794878006,0.8980000019073486,0.5490000247955322
YML094W,YBL075C,0,1.6921653,0.14055407047271729,0.8980000019073486,0.5490999817848206
YNL291C,YNL339C,0,1.6916881,0.14053207635879517,0.8980000019073486,0.5491999983787537
YBR240C,YLR337W,0,1.6915696,0.14051009714603424,0.8980000019073486,0.5493000149726868
YOR389W,YER007W,0,1.6913247,0.14048810303211212,0.8980000019073486,0.5493999719619751
YPR156C,YDL205C,0,1.6911211,0.1404661387205124,0.8980000019073486,0.5494999885559082
YER089C,YOL147C,0,1.6907324,0.14044415950775146,0.8980000019073486,0.5496000051498413
YOR356W,YLR014C,0,1.6904907,0.14042221009731293,0.8980000019073486,0.5497000217437744
YDR236C,YMR042W,0,1.6900914,0.1404002457857132,0.8980000019073486,0.5497999787330627
YER120W,YGR241C,0,1.6899838,0.14037829637527466,0.8980000019073486,0.5498999953269958
YIL150C,YBR058C-A,0,1.6898377,0.14035636186599731,0.8980000019073486,0.550000011920929
YNR040W,YER044C,0,1.6897634,0.14033442735671997,0.8980000019073486,0.5501000285148621
YAL035W,YBR012W-B,0,1.6889707,0.14031249284744263,0.8980000019073486,0.5501999855041504
YOR096W,YJL129C,0,1.688632,0.14029057323932648,0.8980000019073486,0.5503000020980835
YBR033W,YIL074C,0,1.6885169,0.14026866853237152,0.8980000019073486,0.5504000186920166
YOR242C,YJR059W,0,1.688231,0.14024676382541656,0.8980000019073486,0.5504999756813049
YMR166C,YOR174W,0,1.6880773,0.1402248591184616,0.8980000019073486,0.550599992275238
YGL232W,YGR071C,0,1.6879616,0.14020296931266785,0.8980000019073486,0.5507000088691711
YHL032C,YDR166C,0,1.6877966,0.14018107950687408,0.8980000019073486,0.5508000254631042
YML060W,YAR007C,1,1.6877624,0.14031527936458588,0.8989999890327454,0.5508000254631042
YBL022C,YML091C,0,1.6868345,0.14029338955879211,0.8989999890327454,0.5508999824523926
YGR029W,YCL059C,0,1.6867967,0.14027149975299835,0.8989999890327454,0.5509999990463257
YLR318W,YGL039W,0,1.68675,0.1402496099472046,0.8989999890327454,0.5511000156402588
YPL226W,YPL258C,0,1.6862426,0.14022773504257202,0.8989999890327454,0.5511999726295471
YLR045C,YNL115C,0,1.6861769,0.14020586013793945,0.8989999890327454,0.5512999892234802
YDL120W,YFR007W,0,1.6858085,0.14018400013446808,0.8989999890327454,0.5514000058174133
YLR214W,YDL114W,0,1.6857336,0.1401621401309967,0.8989999890327454,0.5515000224113464
YCR020C,YPR016C,0,1.6856382,0.14014029502868652,0.8989999890327454,0.5515999794006348
YDR018C,YBL060W,0,1.6855901,0.14011844992637634,0.8989999890327454,0.5516999959945679
YNL293W,YGL253W,0,1.6852814,0.14009661972522736,0.8989999890327454,0.551800012588501
YCR096C,YPL089C,0,1.6850631,0.14007478952407837,0.8989999890327454,0.5519000291824341
YDL109C,YOL077C,0,1.6849352,0.14005297422409058,0.8989999890327454,0.5519999861717224
YBL021C,YKL028W,0,1.6846923,0.14003115892410278,0.8989999890327454,0.5521000027656555
YLR126C,YKL021C,0,1.6845185,0.140009343624115,0.8989999890327454,0.5522000193595886
YJL033W,YMR045C,0,1.68449,0.1399875432252884,0.8989999890327454,0.552299976348877
YGR159C,YNL146W,0,1.6843193,0.1399657428264618,0.8989999890327454,0.5523999929428101
YIL004C,YDL180W,0,1.6842258,0.1399439573287964,0.8989999890327454,0.5525000095367432
YMR316W,YDR320C,0,1.6839169,0.13992217183113098,0.8989999890327454,0.5526000261306763
YLR134W,YHL036W,0,1.6836958,0.13990040123462677,0.8989999890327454,0.5526999831199646
YDR018C,YPL111W,0,1.6836119,0.13987863063812256,0.8989999890327454,0.5527999997138977
YBR296C,YBR159W,0,1.6831814,0.13985687494277954,0.8989999890327454,0.5529000163078308
YMR247C,YML113W,0,1.6830244,0.13983511924743652,0.8989999890327454,0.5529999732971191
YML094W,YCL066W,0,1.6830053,0.1398133784532547,0.8989999890327454,0.5530999898910522
YBR036C,YMR006C,0,1.6827888,0.13979163765907288,0.8989999890327454,0.5532000064849854
YOR290C,YIL126W,1,1.6825726,0.13992537558078766,0.8999999761581421,0.5532000064849854
YOL138C,YMR042W,0,1.6825554,0.13990361988544464,0.8999999761581421,0.5533000230789185
YGL168W,YER051W,0,1.6824708,0.13988187909126282,0.8999999761581421,0.5533999800682068
YKL088W,YNL158W,0,1.6824427,0.139860138297081,0.8999999761581421,0.5534999966621399
YOR228C,YDR239C,0,1.6824064,0.13983841240406036,0.8999999761581421,0.553600013256073
YER174C,YBR105C,0,1.6823926,0.13981668651103973,0.8999999761581421,0.5536999702453613
YEL065W,YIL160C,0,1.6818902,0.1397949606180191,0.8999999761581421,0.5537999868392944
YFL039C,YPL153C,1,1.6816944,0.13992856442928314,0.9010000228881836,0.5537999868392944
YFL004W,YJR094W-A,0,1.6813426,0.1399068385362625,0.9010000228881836,0.5539000034332275
YBL017C,YLR286C,0,1.681179,0.13988511264324188,0.9010000228881836,0.5540000200271606
YCR047C,YKL195W,0,1.6810894,0.13986340165138245,0.9010000228881836,0.554099977016449
YOL127W,YER174C,0,1.6810737,0.139841690659523,0.9010000228881836,0.5541999936103821
YKL143W,YBL020W,0,1.6810049,0.13981999456882477,0.9010000228881836,0.5543000102043152
YDR107C,YAL003W,0,1.6806107,0.13979829847812653,0.9010000228881836,0.5544000267982483
YNL331C,YMR188C,0,1.6805704,0.13977660238742828,0.9010000228881836,0.5544999837875366
YDR341C,YOR384W,0,1.6805117,0.13975492119789124,0.9010000228881836,0.5546000003814697
YLR446W,YHR036W,0,1.6802961,0.13973325490951538,0.9010000228881836,0.5547000169754028
YFL029C,YPR118W,0,1.6802282,0.13971158862113953,0.9010000228881836,0.5547999739646912
YNL077W,YDR529C,0,1.679959,0.13968992233276367,0.9010000228881836,0.5548999905586243
YDR495C,YGL253W,0,1.6797719,0.139668270945549,0.9010000228881836,0.5550000071525574
YJR098C,YDL115C,0,1.6792868,0.13964661955833435,0.9010000228881836,0.5551000237464905
YJR013W,YHL032C,0,1.6792321,0.13962498307228088,0.9010000228881836,0.5551999807357788
YJR094W-A,YOL152W,0,1.67919,0.13960334658622742,0.9010000228881836,0.5552999973297119
YER053C,YBL055C,0,1.6789627,0.13958172500133514,0.9010000228881836,0.555400013923645
YNL291C,YML015C,0,1.67887,0.13956010341644287,0.9010000228881836,0.5554999709129333
YIL009C-A,YER053C,0,1.6780616,0.1395384818315506,0.9010000228881836,0.5555999875068665
YDR342C,YDR390C,0,1.6779687,0.13951687514781952,0.9010000228881836,0.5557000041007996
YGL178W,YJR059W,0,1.6779017,0.13949528336524963,0.9010000228881836,0.5558000206947327
YMR201C,YOR290C,1,1.6775424,0.13962848484516144,0.9020000100135803,0.5558000206947327
YBR087W,YAR007C,1,1.6773807,0.13976164162158966,0.902999997138977,0.5558000206947327
YMR142C,YOR373W,0,1.677259,0.1397400200366974,0.902999997138977,0.555899977684021
YDL067C,YJL101C,0,1.6761384,0.13971839845180511,0.902999997138977,0.5559999942779541
YMR171C,YBR267W,0,1.6759366,0.13969677686691284,0.902999997138977,0.5561000108718872
YER088C,YKL108W,0,1.6756456,0.13967517018318176,0.902999997138977,0.5562000274658203
YKL100C,YDR013W,0,1.6754222,0.13965357840061188,0.902999997138977,0.5562999844551086
YOL005C,YFL041W,0,1.6751893,0.1396319717168808,0.902999997138977,0.5564000010490417
YDL144C,YKL028W,0,1.6750578,0.1396103948354721,0.902999997138977,0.5565000176429749
YNR016C,YNL213C,0,1.6747766,0.13958880305290222,0.902999997138977,0.5565999746322632
YDR170W-A,YGR234W,0,1.6747428,0.13956722617149353,0.902999997138977,0.5566999912261963
YJL165C,YML018C,0,1.6744568,0.13954566419124603,0.902999997138977,0.5568000078201294
YLR459W,YAL008W,0,1.6737939,0.13952410221099854,0.902999997138977,0.5569000244140625
YNL049C,YPL092W,0,1.6736343,0.13950255513191223,0.902999997138977,0.5569999814033508
YAR019C,YLR186W,0,1.6733493,0.13948100805282593,0.902999997138977,0.5570999979972839
YBL030C,YOR061W,0,1.6732267,0.13945946097373962,0.902999997138977,0.557200014591217
YDR121W,YFL039C,1,1.6725761,0.13959233462810516,0.9039999842643738,0.557200014591217
YHR028C,YER164W,0,1.6713259,0.13957078754901886,0.9039999842643738,0.5572999715805054
YDR242W,YML106W,0,1.6710066,0.13954924046993256,0.9039999842643738,0.5573999881744385
YPL195W,YGR001C,0,1.6707884,0.13952770829200745,0.9039999842643738,0.5575000047683716
YBR164C,YLL035W,0,1.6707515,0.13950617611408234,0.9039999842643738,0.5576000213623047
YIL112W,YDR101C,0,1.6705972,0.13948464393615723,0.9039999842643738,0.557699978351593
YLR096W,YBL082C,0,1.6700339,0.1394631266593933,0.9039999842643738,0.5577999949455261
YDL129W,YPL177C,0,1.6697983,0.1394416093826294,0.9039999842643738,0.5579000115394592
YOL030W,YDR065W,0,1.6696136,0.13942010700702667,0.9039999842643738,0.5580000281333923
YBR082C,YOR092W,0,1.6696032,0.13939861953258514,0.9039999842643738,0.5580999851226807
YHL040C,YDL067C,0,1.6690556,0.13937711715698242,0.9039999842643738,0.5582000017166138
YJL041W,YGL123W,0,1.6688678,0.1393556296825409,0.9039999842643738,0.5583000183105469
YML116W,YJR134C,0,1.6686865,0.13933415710926056,0.9039999842643738,0.5583999752998352
YFR005C,YNL310C,0,1.668546,0.13931268453598022,0.9039999842643738,0.5584999918937683
YJL219W,YPR042C,0,1.6683365,0.1392912119626999,0.9039999842643738,0.5586000084877014
YEL059C-A,YIR017C,0,1.6680988,0.13926975429058075,0.9039999842643738,0.5587000250816345
YNL162W,YPL149W,0,1.6680956,0.1392483115196228,0.9039999842643738,0.5587999820709229
YPL148C,YBL082C,0,1.6680686,0.13922685384750366,0.9039999842643738,0.558899998664856
YDL085W,YKL158W,0,1.6680613,0.1392054259777069,0.9039999842643738,0.5590000152587891
YBL093C,YOR120W,0,1.6678057,0.13918398320674896,0.9039999842643738,0.5590999722480774
YAL053W,YER096W,0,1.6677829,0.1391625553369522,0.9039999842643738,0.5591999888420105
YJL148W,YDR534C,0,1.6675427,0.13914114236831665,0.9039999842643738,0.5593000054359436
YNR061C,YPR166C,0,1.6669687,0.1391197293996811,0.9039999842643738,0.5594000220298767
YBL039C,YLR438C-A,0,1.6668832,0.13909831643104553,0.9039999842643738,0.559499979019165
YJL048C,YOL103W,0,1.666816,0.13907691836357117,0.9039999842643738,0.5595999956130981
YNL291C,YDL231C,0,1.6667185,0.139055535197258,0.9039999842643738,0.5597000122070312
YJR098C,YDR088C,0,1.6666044,0.13903413712978363,0.9039999842643738,0.5598000288009644
YAL041W,YJL080C,0,1.6665163,0.13901276886463165,0.9039999842643738,0.5598999857902527
YHR167W,YGR054W,0,1.666281,0.13899138569831848,0.9039999842643738,0.5600000023841858
YDL114W,YBL021C,0,1.6657311,0.1389700174331665,0.9039999842643738,0.5601000189781189
YJR126C,YOR092W,0,1.665447,0.13894866406917572,0.9039999842643738,0.5601999759674072
YMR297W,YIL051C,0,1.6649559,0.13892731070518494,0.9039999842643738,0.5602999925613403
YDR420W,YNL098C,0,1.6647506,0.13890595734119415,0.9039999842643738,0.5604000091552734
YPL174C,YCL031C,0,1.6646332,0.13888461887836456,0.9039999842643738,0.5605000257492065
YPL085W,YML063W,0,1.6645272,0.13886328041553497,0.9039999842643738,0.5605999827384949
YKL100C,YML077W,0,1.6644634,0.13884195685386658,0.9039999842643738,0.560699999332428
YFL002W-A,YER111C,0,1.6643786,0.13882063329219818,0.9039999842643738,0.5608000159263611
YDR358W,YML081C-A,0,1.6643775,0.13879932463169098,0.9039999842643738,0.5608999729156494
YKL135C,YGR272C,0,1.6643637,0.13877801597118378,0.9039999842643738,0.5609999895095825
YMR208W,YBR241C,0,1.6642905,0.13875672221183777,0.9039999842643738,0.5611000061035156
YER087C-A,YPR122W,0,1.6632292,0.13873541355133057,0.9039999842643738,0.5612000226974487
YOL030W,YOL109W,0,1.6630772,0.13871413469314575,0.9039999842643738,0.5612999796867371
YNR045W,YNR022C,0,1.6630148,0.13869285583496094,0.9039999842643738,0.5613999962806702
YLR414C,YMR127C,0,1.6629517,0.13867157697677612,0.9039999842643738,0.5615000128746033
YPL085W,YOL157C,0,1.6626633,0.1386503130197525,0.9039999842643738,0.5616000294685364
YMR100W,YLR438C-A,0,1.6625928,0.13862904906272888,0.9039999842643738,0.5616999864578247
YLR204W,YFR003C,0,1.6624154,0.13860778510570526,0.9039999842643738,0.5618000030517578
YJL108C,YKL024C,0,1.6623135,0.13858653604984283,0.9039999842643738,0.5619000196456909
YNR040W,YER126C,0,1.6621857,0.1385653018951416,0.9039999842643738,0.5619999766349792
YLR414C,YAL043C,0,1.6615671,0.13854406774044037,0.9039999842643738,0.5620999932289124
YML094W,YDR032C,0,1.6615275,0.13852283358573914,0.9039999842643738,0.5622000098228455
YPL068C,YMR071C,0,1.6613548,0.1385016143321991,0.9039999842643738,0.5623000264167786
YOR356W,YOR246C,0,1.6612523,0.13848039507865906,0.9039999842643738,0.5623999834060669
YGL191W,YBR048W,0,1.6605947,0.13845917582511902,0.9039999842643738,0.5625
YDR018C,YLR403W,0,1.6605107,0.13843797147274017,0.9039999842643738,0.5626000165939331
YER048W-A,YML037C,0,1.6603116,0.13841678202152252,0.9039999842643738,0.5626999735832214
YIR023W,YBL082C,0,1.6599411,0.13839559257030487,0.9039999842643738,0.5627999901771545
YOR373W,YEL013W,0,1.6595653,0.13837440311908722,0.9039999842643738,0.5629000067710876
YHR092C,YML077W,0,1.6593893,0.13835322856903076,0.9039999842643738,0.5630000233650208
YMR223W,YCL047C,0,1.6593653,0.1383320540189743,0.9039999842643738,0.5630999803543091
YER036C,YDL195W,0,1.6591893,0.13831089437007904,0.9039999842643738,0.5631999969482422
YBR159W,YDL033C,0,1.6589237,0.13828973472118378,0.9039999842643738,0.5633000135421753
YAL010C,YJL221C,0,1.6587505,0.1382685899734497,0.9039999842643738,0.5633999705314636
YDR056C,YPL174C,0,1.6586472,0.13824744522571564,0.9039999842643738,0.5634999871253967
YDL205C,YDR247W,0,1.6585398,0.13822630047798157,0.9039999842643738,0.5636000037193298
YGR071C,YNL091W,0,1.6582197,0.1382051706314087,0.9039999842643738,0.5637000203132629
YNR008W,YHR021C,0,1.6579165,0.13818404078483582,0.9039999842643738,0.5637999773025513
YFR003C,YCR010C,0,1.657861,0.13816292583942413,0.9039999842643738,0.5638999938964844
YDR368W,YDR252W,0,1.6578306,0.13814181089401245,0.9039999842643738,0.5640000104904175
YNL007C,YDR115W,0,1.6578056,0.13812069594860077,0.9039999842643738,0.5641000270843506
YER086W,YGR062C,0,1.6576743,0.13809959590435028,0.9039999842643738,0.5641999840736389
YER087C-A,YBR097W,0,1.657655,0.138078510761261,0.9039999842643738,0.564300000667572
YML124C,YDR236C,0,1.6574395,0.1380574256181717,0.9039999842643738,0.5644000172615051
YPR063C,YML088W,0,1.6573539,0.1380363404750824,0.9039999842643738,0.5644999742507935
YOR278W,YDR128W,0,1.6572422,0.1380152702331543,0.9039999842643738,0.5645999908447266
YIL009C-A,YNL129W,0,1.6572391,0.1379941999912262,0.9039999842643738,0.5647000074386597
YGR058W,YLR221C,0,1.656755,0.1379731446504593,0.9039999842643738,0.5648000240325928
YBR105C,YKR009C,0,1.6564603,0.13795208930969238,0.9039999842643738,0.5648999810218811
YDR088C,YPR122W,0,1.6562765,0.13793103396892548,0.9039999842643738,0.5649999976158142
YKR037C,YCL057C-A,0,1.6562135,0.13790999352931976,0.9039999842643738,0.5651000142097473
YML094W,YER070W,0,1.655721,0.13788895308971405,0.9039999842643738,0.5651999711990356
YOL156W,YHL036W,0,1.6557155,0.13786792755126953,0.9039999842643738,0.5652999877929688
YHL032C,YGL106W,0,1.6557074,0.137846902012825,0.9039999842643738,0.5654000043869019
YDL229W,YDR239C,0,1.6548319,0.1378258913755417,0.9039999842643738,0.565500020980835
YAL008W,YOR246C,0,1.65477,0.13780488073825836,0.9039999842643738,0.5655999779701233
YJR075W,YDL144C,0,1.6544932,0.13778387010097504,0.9039999842643738,0.5656999945640564
YOR096W,YBL064C,0,1.6534305,0.1377628743648529,0.9039999842643738,0.5658000111579895
YMR130W,YJL221C,0,1.6531818,0.13774189352989197,0.9039999842643738,0.5659000277519226
YNL301C,YFL037W,0,1.6531546,0.13772089779376984,0.9039999842643738,0.5659999847412109
YOL127W,YER020W,0,1.6529939,0.1376999169588089,0.9039999842643738,0.566100001335144
YKL218C,YLR186W,0,1.6528497,0.13767895102500916,0.9039999842643738,0.5662000179290771
YDR236C,YJL121C,0,1.6526259,0.1376579850912094,0.9039999842643738,0.5662999749183655
YIL171W,YIL115C,0,1.652324,0.13763703405857086,0.9039999842643738,0.5663999915122986
YDR224C,YJL090C,1,1.6522009,0.13776829838752747,0.9049999713897705,0.5663999915122986
YLR172C,YGL155W,0,1.6521263,0.13774733245372772,0.9049999713897705,0.5665000081062317
YDL129W,YER020W,0,1.652117,0.13772636651992798,0.9049999713897705,0.5666000247001648
YAR019C,YDL008W,0,1.6519026,0.13770541548728943,0.9049999713897705,0.5666999816894531
YHL040C,YDR065W,0,1.6506004,0.13768446445465088,0.9049999713897705,0.5667999982833862
YCL047C,YMR012W,0,1.6504357,0.13766352832317352,0.9049999713897705,0.5669000148773193
YKR094C,YAR007C,1,1.6501756,0.13779467344284058,0.906000018119812,0.5669000148773193
YBL103C,YJR098C,0,1.6499195,0.13777372241020203,0.906000018119812,0.5669999718666077
YER180C,YGR158C,0,1.6488633,0.13775277137756348,0.906000018119812,0.5670999884605408
YNL086W,YBR207W,0,1.6486555,0.13773183524608612,0.906000018119812,0.5672000050544739
YML116W,YKL028W,0,1.6486279,0.13771089911460876,0.906000018119812,0.567300021648407
YKL116C,YGL157W,0,1.6484262,0.1376899629831314,0.906000018119812,0.5673999786376953
YER148W,YIL039W,0,1.6484078,0.13766904175281525,0.906000018119812,0.5674999952316284
YER029C,YMR211W,0,1.6481299,0.13764813542366028,0.906000018119812,0.5676000118255615
YOR131C,YLR433C,0,1.6480658,0.13762721419334412,0.906000018119812,0.5677000284194946
YOR037W,YBL024W,0,1.6480167,0.13760632276535034,0.906000018119812,0.567799985408783
YML129C,YKL056C,0,1.6477586,0.13758541643619537,0.906000018119812,0.5679000020027161
YOL133W,YBR009C,0,1.6475575,0.1375645250082016,0.906000018119812,0.5680000185966492
YDL114W,YOL123W,0,1.6474688,0.13754364848136902,0.906000018119812,0.5680999755859375
YKL059C,YOR044W,0,1.6473963,0.13752277195453644,0.906000018119812,0.5681999921798706
YML106W,YPL172C,0,1.6471717,0.13750189542770386,0.906000018119812,0.5683000087738037
YPL231W,YPL154C,0,1.6469733,0.13748103380203247,0.906000018119812,0.5684000253677368
YIL090W,YNL151C,0,1.645921,0.13746017217636108,0.906000018119812,0.5684999823570251
YKL156W,YMR188C,0,1.6449283,0.1374393254518509,0.906000018119812,0.5685999989509583
YMR281W,YER140W,0,1.6446103,0.1374184787273407,0.906000018119812,0.5687000155448914
YML018C,YDL099W,0,1.6443949,0.1373976320028305,0.906000018119812,0.5687999725341797
YPL031C,YDR177W,0,1.6443624,0.1373768001794815,0.906000018119812,0.5688999891281128
YMR256C,YBL023C,0,1.6443166,0.1373559683561325,0.906000018119812,0.5690000057220459
YKR094C,YBR160W,1,1.6439744,0.13748674094676971,0.9070000052452087,0.5690000057220459
YDL120W,YEL050C,0,1.6438208,0.13746589422225952,0.9070000052452087,0.569100022315979
YOR047C,YGL191W,0,1.6436237,0.13744506239891052,0.9070000052452087,0.5691999793052673
YBR296C,YNR040W,0,1.643614,0.13742424547672272,0.9070000052452087,0.5692999958992004
YLR441C,YOL109W,0,1.6435145,0.1374034285545349,0.9070000052452087,0.5694000124931335
YKL089W,YOR389W,0,1.6434797,0.1373826116323471,0.9070000052452087,0.5695000290870667
YBR022W,YPR166C,0,1.6434678,0.1373618096113205,0.9070000052452087,0.569599986076355
YBR022W,YOL123W,0,1.6431568,0.13734100759029388,0.9070000052452087,0.5697000026702881
YDR466W,YMR098C,0,1.642422,0.13732020556926727,0.9070000052452087,0.5698000192642212
YJL165C,YPL220W,0,1.6423486,0.13729941844940186,0.9070000052452087,0.5698999762535095
YGL206C,YOR046C,0,1.6422294,0.13727864623069763,0.9070000052452087,0.5699999928474426
YLR419W,YLR237W,0,1.6419508,0.1372578740119934,0.9070000052452087,0.5701000094413757
YLL011W,YKL158W,0,1.6419328,0.13723710179328918,0.9070000052452087,0.5702000260353088
YDL056W,YNL098C,0,1.6416647,0.13721634447574615,0.9070000052452087,0.5702999830245972
YDR033W,YDR219C,0,1.641631,0.13719558715820312,0.9070000052452087,0.5703999996185303
YLR008C,YJR010C-A,0,1.6415926,0.1371748298406601,0.9070000052452087,0.5705000162124634
YOR381W,YOR356W,0,1.6413056,0.13715408742427826,0.9070000052452087,0.5705999732017517
YMR150C,YNL115C,0,1.6412866,0.13713335990905762,0.9070000052452087,0.5706999897956848
YHR089C,YCR037C,0,1.6411414,0.13711261749267578,0.9070000052452087,0.5708000063896179
YGL211W,YBR082C,0,1.640995,0.13709190487861633,0.9070000052452087,0.570900022983551
YOR063W,YGL039W,0,1.6407421,0.1370711773633957,0.9070000052452087,0.5709999799728394
YJL090C,YHR099W,1,1.6407033,0.13720157742500305,0.9079999923706055,0.5709999799728394
YML040W,YHR167W,0,1.6406411,0.1371808499097824,0.9079999923706055,0.5710999965667725
YKL108W,YDL180W,0,1.6404245,0.13716012239456177,0.9079999923706055,0.5712000131607056
YJL136C,YIL138C,0,1.6404033,0.13713940978050232,0.9079999923706055,0.5713000297546387
YJR058C,YPR122W,0,1.6402053,0.13711869716644287,0.9079999923706055,0.571399986743927
YLR446W,YDR393W,0,1.6401991,0.13709798455238342,0.9079999923706055,0.5715000033378601
YIR014W,YNL207W,0,1.6398406,0.13707730174064636,0.9079999923706055,0.5716000199317932
YDL195W,YNL185C,0,1.639524,0.1370566040277481,0.9079999923706055,0.5716999769210815
YFR041C,YHL004W,0,1.6393951,0.13703592121601105,0.9079999923706055,0.5717999935150146
YLR015W,YPL186C,0,1.6390532,0.137015238404274,0.9079999923706055,0.5719000101089478
YNL242W,YJL056C,0,1.6390429,0.13699457049369812,0.9079999923706055,0.5720000267028809
YDL204W,YJL080C,0,1.6387396,0.13697390258312225,0.9079999923706055,0.5720999836921692
YBR175W,YKL164C,0,1.6383269,0.13695324957370758,0.9079999923706055,0.5722000002861023
YGL222C,YDR055W,0,1.638143,0.1369325965642929,0.9079999923706055,0.5723000168800354
YJR001W,YLR172C,0,1.6376377,0.13691194355487823,0.9079999923706055,0.5723999738693237
YOR151C,YGR158C,0,1.6373692,0.13689130544662476,0.9079999923706055,0.5724999904632568
YEL002C,YCR075C,0,1.6373689,0.13687066733837128,0.9079999923706055,0.5726000070571899
YHR140W,YCR037C,0,1.6373261,0.136850044131279,0.9079999923706055,0.572700023651123
YFL036W,YLR040C,0,1.6373233,0.1368294209241867,0.9079999923706055,0.5727999806404114
YOR143C,YCL055W,0,1.6367296,0.13680879771709442,0.9079999923706055,0.5728999972343445
YNR020C,YOR233W,0,1.6367116,0.13678818941116333,0.9079999923706055,0.5730000138282776
YNL015W,YCL057C-A,0,1.6366475,0.13676758110523224,0.9079999923706055,0.5730999708175659
YKL140W,YER131W,0,1.635924,0.13674698770046234,0.9079999923706055,0.573199987411499
YDL164C,YBL088C,1,1.6357026,0.13687697052955627,0.9089999794960022,0.573199987411499
YMR094W,YPR042C,0,1.6351832,0.13685636222362518,0.9089999794960022,0.5733000040054321
YMR289W,YMR051C,0,1.6347572,0.13683576881885529,0.9089999794960022,0.5734000205993652
YLR170C,YOL139C,0,1.6346533,0.1368151754140854,0.9089999794960022,0.5734999775886536
YMR022W,YDR421W,0,1.6345351,0.1367945820093155,0.9089999794960022,0.5735999941825867
YMR247C,YKL028W,0,1.6341907,0.1367740035057068,0.9089999794960022,0.5737000107765198
YOR315W,YDR523C,0,1.6336329,0.13675342500209808,0.9089999794960022,0.5738000273704529
YDR038C,YNL112W,0,1.6335548,0.13673284649848938,0.9089999794960022,0.5738999843597412
YIL113W,YKL158W,0,1.6333297,0.13671228289604187,0.9089999794960022,0.5740000009536743
YFR006W,YLR078C,0,1.6330335,0.13669173419475555,0.9089999794960022,0.5741000175476074
YAL035W,YER106W,0,1.6330271,0.13667117059230804,0.9089999794960022,0.5741999745368958
YPR070W,YDR487C,0,1.6327688,0.13665063679218292,0.9089999794960022,0.5742999911308289
YMR142C,YOR322C,0,1.6327131,0.1366300880908966,0.9089999794960022,0.574400007724762
YLR038C,YLR172C,0,1.6322837,0.13660955429077148,0.9089999794960022,0.5745000243186951
YNR008W,YFL002W-A,0,1.6315463,0.13658903539180756,0.9089999794960022,0.5745999813079834
YPL074W,YNL217W,0,1.631513,0.13656851649284363,0.9089999794960022,0.5746999979019165
YML085C,YIR023W,0,1.6307371,0.1365479975938797,0.9089999794960022,0.5748000144958496
YDR107C,YJL101C,0,1.6307216,0.13652747869491577,0.9089999794960022,0.5748999714851379
YDR387C,YGR218W,0,1.6307054,0.13650698959827423,0.9089999794960022,0.574999988079071
YDR047W,YGR194C,0,1.6305082,0.1364864856004715,0.9089999794960022,0.5751000046730042
YDR418W,YJL221C,0,1.6301001,0.13646599650382996,0.9089999794960022,0.5752000212669373
YKL088W,YJL052W,0,1.6300985,0.13644550740718842,0.9089999794960022,0.5752999782562256
YDL129W,YGL035C,0,1.6296498,0.13642503321170807,0.9089999794960022,0.5753999948501587
YBL103C,YBR159W,0,1.6296353,0.13640455901622772,0.9089999794960022,0.5755000114440918
YFL029C,YML125C,0,1.6295477,0.13638409972190857,0.9089999794960022,0.5756000280380249
YNR061C,YDR421W,0,1.6290858,0.13636364042758942,0.9089999794960022,0.5756999850273132
YNL046W,YIL084C,0,1.6290607,0.13634318113327026,0.9089999794960022,0.5758000016212463
YMR051C,YJL189W,0,1.628733,0.1363227367401123,0.9089999794960022,0.5759000182151794
YOR127W,YOR044W,0,1.6285995,0.13630229234695435,0.9089999794960022,0.5759999752044678
YDL190C,YBL039C,0,1.6285081,0.13628186285495758,0.9089999794960022,0.5760999917984009
YFL029C,YNL268W,0,1.628298,0.13626143336296082,0.9089999794960022,0.576200008392334
YGL223C,YEL017C-A,0,1.6279646,0.13624100387096405,0.9089999794960022,0.5763000249862671
YKL140W,YDR169C,0,1.6278164,0.13622058928012848,0.9089999794960022,0.5763999819755554
YML085C,YPR166C,0,1.6276257,0.1362001746892929,0.9089999794960022,0.5764999985694885
YLR238W,YNL331C,0,1.6273721,0.13617977499961853,0.9089999794960022,0.5766000151634216
YIL171W,YPL068C,0,1.6269,0.13615937530994415,0.9089999794960022,0.57669997215271
YKL183W,YNL268W,0,1.6268886,0.13613899052143097,0.9089999794960022,0.5767999887466431
YLR238W,YBR159W,0,1.6267682,0.13611860573291779,0.9089999794960022,0.5769000053405762
YDR465C,YKL088W,0,1.6267109,0.1360982209444046,0.9089999794960022,0.5770000219345093
YDL166C,YPR098C,0,1.626287,0.1360778510570526,0.9089999794960022,0.5770999789237976
YOR043W,YOL125W,0,1.6261512,0.13605748116970062,0.9089999794960022,0.5771999955177307
YJL044C,YHL036W,0,1.626043,0.13603711128234863,0.9089999794960022,0.5773000121116638
YIL160C,YGL031C,0,1.6258776,0.13601675629615784,0.9089999794960022,0.5774000287055969
YMR223W,YMR150C,0,1.6257676,0.13599641621112823,0.9089999794960022,0.5774999856948853
YPL051W,YBL061C,0,1.6257296,0.13597606122493744,0.9089999794960022,0.5776000022888184
YGR241C,YPL160W,0,1.6256104,0.13595572113990784,0.9089999794960022,0.5777000188827515
YDL038C,YPR021C,0,1.6255876,0.13593539595603943,0.9089999794960022,0.5777999758720398
YGR047C,YOL157C,0,1.6254077,0.13591507077217102,0.9089999794960022,0.5778999924659729
YGR263C,YPL281C,0,1.6252663,0.1358947455883026,0.9089999794960022,0.578000009059906
YBL078C,YJR029W,0,1.6251961,0.1358744353055954,0.9089999794960022,0.5781000256538391
YAL023C,YML077W,0,1.6247435,0.13585412502288818,0.9089999794960022,0.5781999826431274
YMR100W,YDR326C,0,1.6237013,0.13583382964134216,0.9089999794960022,0.5782999992370605
YMR043W,YML081C-A,0,1.6236868,0.13581353425979614,0.9089999794960022,0.5784000158309937
YNL086W,YGL035C,0,1.6230911,0.13579325377941132,0.9089999794960022,0.578499972820282
YLR312C-B,YNL061W,0,1.6229167,0.1357729583978653,0.9089999794960022,0.5785999894142151
YDR077W,YBL023C,0,1.6228263,0.13575269281864166,0.9089999794960022,0.5787000060081482
YBR082C,YOL133W,0,1.6223055,0.13573241233825684,0.9089999794960022,0.5788000226020813
YDR478W,YAL025C,0,1.6222363,0.1357121467590332,0.9089999794960022,0.5788999795913696
YJR010C-A,YLR414C,0,1.6222007,0.13569189608097076,0.9089999794960022,0.5789999961853027
YPR184W,YOR322C,0,1.6217926,0.13567164540290833,0.9089999794960022,0.5791000127792358
YDL229W,YGR106C,0,1.6217903,0.1356513947248459,0.9089999794960022,0.579200029373169
YPL271W,YDR065W,0,1.6216947,0.13563115894794464,0.9089999794960022,0.5792999863624573
YOR278W,YNL129W,0,1.6214943,0.1356109231710434,0.9089999794960022,0.5794000029563904
YLR192C,YAL021C,0,1.6211362,0.13559068739414215,0.9089999794960022,0.5795000195503235
YDL051W,YJL097W,0,1.6208234,0.1355704665184021,0.9089999794960022,0.5795999765396118
YML104C,YMR012W,0,1.6207614,0.13555026054382324,0.9089999794960022,0.5796999931335449
YDR531W,YFL037W,0,1.6206442,0.1355300396680832,0.9089999794960022,0.579800009727478
YCL055W,YNL301C,0,1.6201532,0.13550983369350433,0.9089999794960022,0.5799000263214111
YKR014C,YDR487C,0,1.619839,0.13548964262008667,0.9089999794960022,0.5799999833106995
YNL049C,YHL008C,0,1.6196091,0.135469451546669,0.9089999794960022,0.5800999999046326
YOR037W,YCL027W,0,1.6196022,0.13544926047325134,0.9089999794960022,0.5802000164985657
YJR016C,YPL096C-A,0,1.6193943,0.13542908430099487,0.9089999794960022,0.580299973487854
YAR019C,YGR223C,0,1.6193213,0.1354089081287384,0.9089999794960022,0.5803999900817871
YDL051W,YOL007C,0,1.6185776,0.13538874685764313,0.9089999794960022,0.5805000066757202
YDL231C,YOL100W,0,1.6185122,0.13536857068538666,0.9089999794960022,0.5806000232696533
YNR070W,YIL171W,0,1.6185011,0.13534842431545258,0.9089999794960022,0.5806999802589417
YOR036W,YGR272C,0,1.6183476,0.1353282779455185,0.9089999794960022,0.5807999968528748
YDR107C,YER051W,0,1.6182989,0.1353081315755844,0.9089999794960022,0.5809000134468079
YER096W,YKL059C,0,1.6180847,0.13528798520565033,0.9089999794960022,0.5809999704360962
YOR315W,YGR188C,0,1.6180408,0.13526785373687744,0.9089999794960022,0.5810999870300293
YGL021W,YHR052W,0,1.617671,0.13524773716926575,0.9089999794960022,0.5812000036239624
YER025W,YPL033C,0,1.6167336,0.13522760570049286,0.9089999794960022,0.5813000202178955
YLR467W,YML009C,0,1.6166941,0.13520750403404236,0.9089999794960022,0.5813999772071838
YER029C,YBL061C,0,1.6159458,0.13518738746643066,0.9089999794960022,0.5814999938011169
YMR088C,YMR022W,0,1.615793,0.13516728579998016,0.9089999794960022,0.58160001039505
YOR124C,YOL071W,0,1.6154188,0.13514718413352966,0.9089999794960022,0.5817000269889832
YDR481C,YHR207C,0,1.6153781,0.13512709736824036,0.9089999794960022,0.5817999839782715
YBL069W,YNL213C,0,1.6151743,0.13510701060295105,0.9089999794960022,0.5819000005722046
YDR036C,YNL213C,0,1.6145154,0.13508693873882294,0.9089999794960022,0.5820000171661377
YHL036W,YER106W,0,1.6143849,0.13506686687469482,0.9089999794960022,0.582099974155426
YGR088W,YDL038C,0,1.6140813,0.1350467950105667,0.9089999794960022,0.5821999907493591
YMR188C,YBL010C,0,1.6139485,0.1350267380475998,0.9089999794960022,0.5823000073432922
YDL164C,YDL200C,1,1.6138988,0.13515520095825195,0.9100000262260437,0.5823000073432922
YIR002C,YER173W,1,1.6138139,0.13528363406658173,0.9110000133514404,0.5823000073432922
YPL096C-A,YLR074C,0,1.613368,0.13526354730129242,0.9110000133514404,0.5824000239372253
YDR018C,YDR086C,0,1.6130782,0.1352434605360031,0.9110000133514404,0.5824999809265137
YOR124C,YJL189W,0,1.6129076,0.135223388671875,0.9110000133514404,0.5825999975204468
YLR154C,YER110C,0,1.6122674,0.13520333170890808,0.9110000133514404,0.5827000141143799
YAR018C,YCR047C,0,1.611907,0.13518325984477997,0.9110000133514404,0.5827999711036682
YMR006C,YEL059C-A,0,1.6114421,0.13516320288181305,0.9110000133514404,0.5828999876976013
YMR211W,YDR177W,0,1.61117,0.13514316082000732,0.9110000133514404,0.5830000042915344
YOR066W,YFR006W,0,1.6109636,0.1351231038570404,0.9110000133514404,0.5831000208854675
YMR307W,YIL112W,0,1.6108413,0.13510307669639587,0.9110000133514404,0.5831999778747559
YDR238C,YMR037C,0,1.6105361,0.13508303463459015,0.9110000133514404,0.583299994468689
YNR008W,YPL048W,0,1.6105157,0.13506300747394562,0.9110000133514404,0.5834000110626221
YPL089C,YER161C,0,1.610505,0.13504299521446228,0.9110000133514404,0.5835000276565552
YGR029W,YGR088W,0,1.6100755,0.13502296805381775,0.9110000133514404,0.5835999846458435
YNL322C,YHR025W,0,1.6100398,0.1350029706954956,0.9110000133514404,0.5837000012397766
YLR237W,YPL068C,0,1.609935,0.13498295843601227,0.9110000133514404,0.5838000178337097
YER140W,YFR008W,0,1.6097394,0.13496296107769012,0.9110000133514404,0.583899974822998
YDR177W,YML070W,0,1.6096855,0.13494297862052917,0.9110000133514404,0.5839999914169312
YJR121W,YOL005C,0,1.609651,0.13492298126220703,0.9110000133514404,0.5841000080108643
YPR118W,YEL015W,0,1.6096327,0.13490299880504608,0.9110000133514404,0.5842000246047974
YOR046C,YMR198W,0,1.6095257,0.13488303124904633,0.9110000133514404,0.5842999815940857
YML074C,YNL007C,0,1.6091797,0.13486306369304657,0.9110000133514404,0.5843999981880188
YLR188W,YGL157W,0,1.6090816,0.13484309613704681,0.9110000133514404,0.5845000147819519
YBR299W,YGL227W,0,1.6088097,0.13482314348220825,0.9110000133514404,0.5845999717712402
YPR118W,YJL025W,0,1.6085317,0.1348031908273697,0.9110000133514404,0.5846999883651733
YCR081W,YDL184C,0,1.6082774,0.13478325307369232,0.9110000133514404,0.5848000049591064
YPL258C,YER126C,0,1.608025,0.13476331532001495,0.9110000133514404,0.5849000215530396
YER153C,YJL102W,0,1.6075108,0.13474337756633759,0.9110000133514404,0.5849999785423279
YKL218C,YOR092W,0,1.6068677,0.1347234547138214,0.9110000133514404,0.585099995136261
YAR019C,YPL177C,0,1.6066972,0.13470353186130524,0.9110000133514404,0.5852000117301941
YML116W,YKL140W,0,1.6063526,0.13468362390995026,0.9110000133514404,0.5853000283241272
YNR040W,YPL048W,0,1.6063255,0.13466371595859528,0.9110000133514404,0.5853999853134155
YGR154C,YPL111W,0,1.6061354,0.1346438080072403,0.9110000133514404,0.5855000019073486
YPR049C,YDL204W,0,1.6056755,0.1346239149570465,0.9110000133514404,0.5856000185012817
YPL194W,YOR386W,1,1.6056432,0.13475176692008972,0.9120000004768372,0.5856000185012817
YDR531W,YHR028C,0,1.6056383,0.13473185896873474,0.9120000004768372,0.5856999754905701
YMR298W,YJR139C,0,1.6044782,0.13471196591854095,0.9120000004768372,0.5857999920845032
YMR264W,YLR188W,0,1.6043992,0.13469207286834717,0.9120000004768372,0.5859000086784363
YOR047C,YMR080C,0,1.6041447,0.13467217981815338,0.9120000004768372,0.5860000252723694
YGL185C,YKL198C,0,1.6041398,0.1346523016691208,0.9120000004768372,0.5860999822616577
YOR389W,YGR054W,0,1.6041008,0.1346324235200882,0.9120000004768372,0.5861999988555908
YOR337W,YDR534C,0,1.6040652,0.1346125453710556,0.9120000004768372,0.5863000154495239
YJR029W,YOR369C,0,1.6040242,0.1345926821231842,0.9120000004768372,0.5863999724388123
YMR166C,YOL002C,0,1.6039352,0.1345728188753128,0.9120000004768372,0.5864999890327454
YPR186C,YJL052W,0,1.6036981,0.1345529705286026,0.9120000004768372,0.5866000056266785
YDL109C,YHR011W,0,1.603673,0.1345331221818924,0.9120000004768372,0.5867000222206116
YIL093C,YDR330W,0,1.603561,0.1345132738351822,0.9120000004768372,0.5867999792098999
YML015C,YOR332W,0,1.6034989,0.13449344038963318,0.9120000004768372,0.586899995803833
YHR076W,YLR414C,0,1.6033585,0.13447360694408417,0.9120000004768372,0.5870000123977661
YDR117C,YPL159C,0,1.603312,0.13445378839969635,0.9120000004768372,0.5871000289916992
YIR017C,YNL101W,0,1.6033087,0.13443395495414734,0.9120000004768372,0.5871999859809875
YDR231C,YCR028C,0,1.6032784,0.13441415131092072,0.9120000004768372,0.5873000025749207
YNL086W,YDR069C,0,1.6031984,0.1343943476676941,0.9120000004768372,0.5874000191688538
YOL133W,YDR116C,0,1.6029962,0.13437454402446747,0.9120000004768372,0.5874999761581421
YKL140W,YJL158C,0,1.60298,0.13435474038124084,0.9120000004768372,0.5875999927520752
YER083C,YDL075W,0,1.602945,0.13433495163917542,0.9120000004768372,0.5877000093460083
YOR240W,YOR127W,0,1.6023698,0.13431516289710999,0.9120000004768372,0.5878000259399414
YKR090W,YML070W,0,1.6023012,0.13429538905620575,0.9120000004768372,0.5878999829292297
YDR177W,YBL010C,0,1.6022911,0.1342756152153015,0.9120000004768372,0.5879999995231628
YHL047C,YHR039C-B,0,1.60219,0.13425585627555847,0.9120000004768372,0.588100016117096
YLR100W,YDR115W,0,1.6020045,0.13423609733581543,0.9120000004768372,0.5881999731063843
YNL046W,YOR131C,0,1.6019043,0.1342163383960724,0.9120000004768372,0.5882999897003174
YPL271W,YGR191W,0,1.6019033,0.13419657945632935,0.9120000004768372,0.5884000062942505
YML054C,YDL038C,0,1.601801,0.1341768354177475,0.9120000004768372,0.5885000228881836
YER126C,YNL310C,0,1.6014194,0.13415710628032684,0.9120000004768372,0.5885999798774719
YDR036C,YLR448W,0,1.6012502,0.1341373771429062,0.9120000004768372,0.588699996471405
YLR238W,YAL013W,0,1.6010458,0.13411764800548553,0.9120000004768372,0.5888000130653381
YLR212C,YAL025C,0,1.6009932,0.13409793376922607,0.9120000004768372,0.5889000296592712
YJL046W,YCL066W,0,1.600107,0.1340782195329666,0.9120000004768372,0.5889999866485596
YPL143W,YDR342C,0,1.5995141,0.13405850529670715,0.9120000004768372,0.5891000032424927
YNL291C,YHL044W,0,1.5994196,0.1340388059616089,0.9120000004768372,0.5892000198364258
YLR467W,YNL189W,0,1.5994041,0.13401910662651062,0.9120000004768372,0.5892999768257141
YJL158C,YDR483W,0,1.5993791,0.13399940729141235,0.9120000004768372,0.5893999934196472
YML129C,YDR130C,0,1.599133,0.13397972285747528,0.9120000004768372,0.5895000100135803
YGL210W,YOR043W,0,1.5990659,0.1339600533246994,0.9120000004768372,0.5896000266075134
YMR307W,YJR135C,0,1.5988663,0.13394036889076233,0.9120000004768372,0.5896999835968018
YOR201C,YDR239C,0,1.5986633,0.13392069935798645,0.9120000004768372,0.5898000001907349
YML116W,YEL021W,0,1.5984318,0.13390104472637177,0.9120000004768372,0.589900016784668
YBL103C,YKR061W,0,1.5981815,0.13388139009475708,0.9120000004768372,0.5899999737739563
YBL030C,YEL015W,0,1.5973907,0.1338617354631424,0.9120000004768372,0.5900999903678894
YKL212W,YDR380W,0,1.5972766,0.1338420957326889,0.9120000004768372,0.5902000069618225
YML116W,YDL180W,0,1.5969821,0.1338224560022354,0.9120000004768372,0.5903000235557556
YJL033W,YLR040C,0,1.5968052,0.13380281627178192,0.9120000004768372,0.590399980545044
YDR018C,YPL214C,0,1.5967375,0.13378319144248962,0.9120000004768372,0.590499997138977
YLR371W,YGL178W,0,1.5967333,0.13376356661319733,0.9120000004768372,0.5906000137329102
YJR025C,YCR098C,0,1.5966094,0.13374395668506622,0.9120000004768372,0.5906999707221985
YLR304C,YOR080W,0,1.596584,0.13372434675693512,0.9120000004768372,0.5907999873161316
YKL100C,YER048W-A,0,1.5957806,0.13370473682880402,0.9120000004768372,0.5909000039100647
YOL152W,YNL189W,0,1.5957015,0.1336851418018341,0.9120000004768372,0.5910000205039978
YGR058W,YML106W,0,1.595615,0.1336655467748642,0.9120000004768372,0.5910999774932861
YER114C,YAL043C,0,1.59513,0.1336459517478943,0.9120000004768372,0.5911999940872192
YGR104C,YER184C,0,1.5945873,0.13362637162208557,0.9120000004768372,0.5913000106811523
YGR101W,YNL119W,0,1.5943234,0.13360679149627686,0.9120000004768372,0.5914000272750854
YJL170C,YHR039C-B,0,1.5941631,0.13358722627162933,0.9120000004768372,0.5914999842643738
YMR297W,YER088C,0,1.5937839,0.1335676610469818,0.9120000004768372,0.5916000008583069
YHR206W,YMR297W,0,1.5937757,0.13354811072349548,0.9120000004768372,0.59170001745224
YDR265W,YDR055W,0,1.5936841,0.13352854549884796,0.9120000004768372,0.5917999744415283
YJL046W,YDR393W,0,1.593466,0.13350901007652283,0.9120000004768372,0.5918999910354614
YPR036W,YBL061C,0,1.5926554,0.1334894597530365,0.9120000004768372,0.5920000076293945
YLR221C,YGR156W,0,1.592604,0.13346992433071136,0.9120000004768372,0.5921000242233276
YBR267W,YJR058C,0,1.5919725,0.13345038890838623,0.9120000004768372,0.592199981212616
YNL292W,YLR418C,0,1.5919468,0.1334308683872223,0.9120000004768372,0.5922999978065491
YMR287C,YIL124W,0,1.5917612,0.13341134786605835,0.9120000004768372,0.5924000144004822
YHR147C,YOR233W,0,1.5913969,0.1333918422460556,0.9120000004768372,0.5924999713897705
YLR097C,YHR044C,0,1.5913951,0.13337233662605286,0.9120000004768372,0.5925999879837036
YML005W,YKL059C,0,1.5909897,0.1333528310060501,0.9120000004768372,0.5927000045776367
YBR264C,YMR211W,0,1.5906374,0.13333334028720856,0.9120000004768372,0.5928000211715698
YKR061W,YLR014C,0,1.5905,0.133313849568367,0.9120000004768372,0.5928999781608582
YGL135W,YCR096C,0,1.5903827,0.13329435884952545,0.9120000004768372,0.5929999947547913
YLR040C,YPR028W,0,1.5901622,0.1332748830318451,0.9120000004768372,0.5931000113487244
YBR036C,YNL213C,0,1.5897458,0.13325540721416473,0.9120000004768372,0.5932000279426575
YOR265W,YJR016C,0,1.5896286,0.13323593139648438,0.9120000004768372,0.5932999849319458
YDR418W,YDR158W,0,1.5895517,0.1332164704799652,0.9120000004768372,0.5934000015258789
YOR046C,YKR048C,0,1.5894763,0.13319702446460724,0.9120000004768372,0.593500018119812
YLL062C,YER153C,0,1.5893553,0.13317756354808807,0.9120000004768372,0.5935999751091003
YER036C,YLR120C,0,1.5891743,0.1331581324338913,0.9120000004768372,0.5936999917030334
YOR346W,YOR244W,1,1.5884982,0.13328467309474945,0.9129999876022339,0.5936999917030334
YGR058W,YOR270C,0,1.5883386,0.13326521217823029,0.9129999876022339,0.5938000082969666
YIL172C,YLR096W,0,1.588156,0.13324576616287231,0.9129999876022339,0.5939000248908997
YER044C,YMR012W,0,1.5880736,0.13322632014751434,0.9129999876022339,0.593999981880188
YDR265W,YGL161C,0,1.5876426,0.13320688903331757,0.9129999876022339,0.5940999984741211
YML040W,YGR159C,0,1.5872759,0.1331874579191208,0.9129999876022339,0.5942000150680542
YJL046W,YER110C,0,1.5871315,0.133168026804924,0.9129999876022339,0.5942999720573425
YGL147C,YPL033C,0,1.5868909,0.13314861059188843,0.9129999876022339,0.5943999886512756
YMR080C,YGL185C,0,1.5863944,0.13312919437885284,0.9129999876022339,0.5945000052452087
YER086W,YDR044W,0,1.5859227,0.13310977816581726,0.9129999876022339,0.5946000218391418
YOL147C,YGR272C,0,1.5858185,0.13309037685394287,0.9129999876022339,0.5946999788284302
YCL075W,YDR103W,0,1.5858104,0.13307097554206848,0.9129999876022339,0.5947999954223633
YAL041W,YDR483W,0,1.585805,0.13305158913135529,0.9129999876022339,0.5949000120162964
YPL028W,YPL159C,0,1.5851401,0.1330322027206421,0.9129999876022339,0.5950000286102295
YKL088W,YNR040W,0,1.5850651,0.1330128163099289,0.9129999876022339,0.5950999855995178
YDL120W,YML116W,0,1.5850539,0.1329934448003769,0.9129999876022339,0.5952000021934509
YOR167C,YCR039C,0,1.5849144,0.1329740732908249,0.9129999876022339,0.595300018787384
YKL154W,YAR010C,0,1.5849092,0.13295471668243408,0.9129999876022339,0.5953999757766724
YOR278W,YKL218C,0,1.5847107,0.13293534517288208,0.9129999876022339,0.5954999923706055
YBR048W,YKR030W,0,1.5846076,0.13291600346565247,0.9129999876022339,0.5956000089645386
YNL322C,YHR013C,0,1.5846027,0.13289664685726166,0.9129999876022339,0.5957000255584717
YIL150C,YNL096C,0,1.5845835,0.13287730515003204,0.9129999876022339,0.59579998254776
YML106W,YDR315C,0,1.5845296,0.13285797834396362,0.9129999876022339,0.5958999991416931
YDR387C,YDL008W,0,1.5844178,0.132838636636734,0.9129999876022339,0.5960000157356262
YBR009C,YKR050W,0,1.584281,0.13281932473182678,0.9129999876022339,0.5960999727249146
YDR086C,YBR012W-B,0,1.5841299,0.13279999792575836,0.9129999876022339,0.5961999893188477
YDR036C,YNL331C,0,1.5839559,0.13278068602085114,0.9129999876022339,0.5963000059127808
YBR009C,YMR071C,0,1.5838115,0.1327613741159439,0.9129999876022339,0.5964000225067139
YDR170W-A,YDL033C,0,1.5837177,0.13274207711219788,0.9129999876022339,0.5964999794960022
YJR029W,YIL171W,0,1.5836225,0.13272278010845184,0.9129999876022339,0.5965999960899353
YNL293W,YKR038C,0,1.5831724,0.1327034831047058,0.9129999876022339,0.5967000126838684
YMR223W,YGR218W,0,1.5827279,0.13268420100212097,0.9129999876022339,0.5968000292778015
YDR248C,YOL105C,0,1.5825874,0.13266491889953613,0.9129999876022339,0.5968999862670898
YPR047W,YDR130C,0,1.582587,0.1326456516981125,0.9129999876022339,0.597000002861023
YDR529C,YJR155W,0,1.5825797,0.13262638449668884,0.9129999876022339,0.597100019454956
YLR035C-A,YPL068C,0,1.5825301,0.1326071172952652,0.9129999876022339,0.5971999764442444
YGR086C,YNL012W,0,1.5821254,0.13258786499500275,0.9129999876022339,0.5972999930381775
YJR065C,YBR012W-B,0,1.5820293,0.1325686126947403,0.9129999876022339,0.5974000096321106
YDR388W,YCR094W,0,1.5818554,0.13254936039447784,0.9129999876022339,0.5975000262260437
YMR233W,YDL065C,0,1.5817367,0.1325301229953766,0.9129999876022339,0.597599983215332
YJL046W,YMR122W-A,0,1.5814146,0.13251088559627533,0.9129999876022339,0.5976999998092651
YHR207C,YKL164C,0,1.5800877,0.13249166309833527,0.9129999876022339,0.5978000164031982
YDR379W,YBR012W-B,0,1.5800109,0.132472425699234,0.9129999876022339,0.5978999733924866
YLR419W,YHR011W,0,1.5796831,0.13245321810245514,0.9129999876022339,0.5979999899864197
YOL067C,YER061C,0,1.5795264,0.13243399560451508,0.9129999876022339,0.5981000065803528
YDL127W,YOR337W,0,1.5791404,0.1324147880077362,0.9129999876022339,0.5982000231742859
YNR016C,YOR150W,0,1.5791311,0.13239559531211853,0.9129999876022339,0.5982999801635742
YDR074W,YNR050C,0,1.5790949,0.13237640261650085,0.9129999876022339,0.5983999967575073
YMR006C,YNL322C,0,1.5789013,0.13235720992088318,0.9129999876022339,0.5985000133514404
YKL010C,YIL155C,0,1.578478,0.1323380172252655,0.9129999876022339,0.5985999703407288
YDR400W,YLR121C,0,1.578078,0.13231883943080902,0.9129999876022339,0.5986999869346619
YBL017C,YPL031C,0,1.5775907,0.13229966163635254,0.9129999876022339,0.598800003528595
YMR139W,YER133W,0,1.5772514,0.13228049874305725,0.9129999876022339,0.5989000201225281
YHR044C,YBL061C,0,1.5766438,0.13226133584976196,0.9129999876022339,0.5989999771118164
YPL258C,YCL057C-A,0,1.5766323,0.13224217295646667,0.9129999876022339,0.5990999937057495
YGL249W,YHR171W,0,1.5763564,0.13222302496433258,0.9129999876022339,0.5992000102996826
YJL164C,YHR147C,0,1.5762324,0.1322038769721985,0.9129999876022339,0.5993000268936157
YOR046C,YBR012W-B,0,1.5758787,0.13218474388122559,0.9129999876022339,0.599399983882904
YHR105W,YGR071C,0,1.5757506,0.13216561079025269,0.9129999876022339,0.5995000004768372
YHR067W,YER048W-A,0,1.5752326,0.13214647769927979,0.9129999876022339,0.5996000170707703
YML085C,YGL178W,0,1.5752302,0.13212734460830688,0.9129999876022339,0.5996999740600586
YJL133W,YPL048W,0,1.5751727,0.13210822641849518,0.9129999876022339,0.5997999906539917
YGL223C,YOR124C,0,1.5746112,0.13208912312984467,0.9129999876022339,0.5999000072479248
YOL018C,YHR215W,0,1.5745764,0.13207001984119415,0.9129999876022339,0.6000000238418579
YLR283W,YML074C,0,1.5744735,0.13205091655254364,0.9129999876022339,0.6000999808311462
YDR047W,YIL136W,0,1.5743217,0.13203181326389313,0.9129999876022339,0.6001999974250793
YCR096C,YKL034W,0,1.574264,0.1320127248764038,0.9129999876022339,0.6003000140190125
YBR264C,YKL109W,0,1.5742352,0.1319936364889145,0.9129999876022339,0.6003999710083008
YFR006W,YDR197W,0,1.5735554,0.13197456300258636,0.9129999876022339,0.6004999876022339
YHR031C,YKL212W,0,1.5734166,0.13195548951625824,0.9129999876022339,0.600600004196167
YDR177W,YOL157C,0,1.5731454,0.13193641602993011,0.9129999876022339,0.6007000207901001
YDR242W,YDL166C,0,1.5727293,0.13191735744476318,0.9129999876022339,0.6007999777793884
YDR456W,YDR322W,0,1.5727009,0.13189829885959625,0.9129999876022339,0.6008999943733215
YER086W,YGR116W,0,1.572696,0.13187924027442932,0.9129999876022339,0.6010000109672546
YHR101C,YBR084W,0,1.5726538,0.13186019659042358,0.9129999876022339,0.6011000275611877
YDR170W-A,YLR139C,0,1.5725896,0.13184115290641785,0.9129999876022339,0.6011999845504761
YIL126W,YOR346W,1,1.5725117,0.1319665014743805,0.9139999747276306,0.6011999845504761
YDL231C,YHR105W,0,1.5724411,0.13194745779037476,0.9139999747276306,0.6013000011444092
YPR098C,YDR529C,0,1.5724157,0.13192839920520782,0.9139999747276306,0.6014000177383423
YKL059C,YMR150C,0,1.5721712,0.13190937042236328,0.9139999747276306,0.6014999747276306
YGR076C,YDL112W,0,1.5721705,0.13189032673835754,0.9139999747276306,0.6015999913215637
YOL105C,YDR038C,0,1.5718708,0.131871297955513,0.9139999747276306,0.6017000079154968
YBR050C,YDR047W,0,1.5716016,0.13185228407382965,0.9139999747276306,0.6018000245094299
YPR178W,YNR047W,0,1.5714285,0.1318332552909851,0.9139999747276306,0.6018999814987183
YGR184C,YNL189W,0,1.5714029,0.13181424140930176,0.9139999747276306,0.6019999980926514
YMR281W,YNL096C,0,1.5711902,0.1317952424287796,0.9139999747276306,0.6021000146865845
YMR122W-A,YPR081C,0,1.5710882,0.13177624344825745,0.9139999747276306,0.6021999716758728
YPL231W,YDR342C,0,1.5705161,0.1317572444677353,0.9139999747276306,0.6022999882698059
YIL070C,YGR037C,0,1.5702326,0.13173826038837433,0.9139999747276306,0.602400004863739
YIR002C,YDL200C,1,1.5702087,0.13186338543891907,0.9150000214576721,0.602400004863739
YBR205W,YBR055C,0,1.5697733,0.1318443864583969,0.9150000214576721,0.6025000214576721
YNL280C,YCR020C,0,1.569532,0.13182538747787476,0.9150000214576721,0.6025999784469604
YNL217W,YKR009C,0,1.5693767,0.1318063884973526,0.9150000214576721,0.6026999950408936
YIL172C,YGL106W,0,1.5692903,0.13178740441799164,0.9150000214576721,0.6028000116348267
YDR481C,YDR387C,0,1.5692673,0.13176843523979187,0.9150000214576721,0.6029000282287598
YIL150C,YNL227C,0,1.5690536,0.1317494660615921,0.9150000214576721,0.6029999852180481
YDL231C,YOL133W,0,1.5690422,0.13173049688339233,0.9150000214576721,0.6031000018119812
YDR342C,YCL047C,0,1.5688647,0.13171152770519257,0.9150000214576721,0.6032000184059143
YFR015C,YMR051C,0,1.56876,0.131692573428154,0.9150000214576721,0.6032999753952026
YGL223C,YDL166C,0,1.5681705,0.13167361915111542,0.9150000214576721,0.6033999919891357
YHR160C,YOR240W,0,1.5681093,0.13165467977523804,0.9150000214576721,0.6035000085830688
YMR150C,YGL031C,0,1.5679089,0.13163574039936066,0.9150000214576721,0.603600025177002
YFR032C-A,YJL073W,0,1.5675743,0.13161680102348328,0.9150000214576721,0.6036999821662903
YDR341C,YDR252W,0,1.567548,0.1315978765487671,0.9150000214576721,0.6037999987602234
YDR139C,YCL050C,0,1.5672674,0.1315789520740509,0.9150000214576721,0.6039000153541565
YER126C,YNL325C,0,1.5671905,0.13156002759933472,0.9150000214576721,0.6039999723434448
YDL038C,YJL102W,0,1.5668527,0.13154111802577972,0.9150000214576721,0.6040999889373779
YLR221C,YOR131C,0,1.5668366,0.13152220845222473,0.9150000214576721,0.604200005531311
YNL210W,YML037C,0,1.5667902,0.13150329887866974,0.9150000214576721,0.6043000221252441
YKL178C,YAL013W,0,1.5663472,0.13148440420627594,0.9150000214576721,0.6043999791145325
YCR047C,YHR184W,0,1.5662887,0.13146552443504333,0.9150000214576721,0.6044999957084656
YDR376W,YOR246C,0,1.5660692,0.13144662976264954,0.9150000214576721,0.6046000123023987
YLR414C,YCR054C,0,1.5660537,0.13142774999141693,0.9150000214576721,0.6047000288963318
YGR159C,YMR026C,0,1.5659069,0.13140887022018433,0.9150000214576721,0.6047999858856201
YMR188C,YNL119W,0,1.5658891,0.13139000535011292,0.9150000214576721,0.6049000024795532
YOL003C,YER089C,0,1.5655762,0.1313711404800415,0.9150000214576721,0.6050000190734863
YOR120W,YBL074C,0,1.5651114,0.1313522756099701,0.9150000214576721,0.6050999760627747
YDR523C,YGR162W,0,1.565063,0.13133342564105988,0.9150000214576721,0.6051999926567078
YBR024W,YDL075W,0,1.5650064,0.13131457567214966,0.9150000214576721,0.6053000092506409
YGR035C,YKR059W,0,1.5649737,0.13129574060440063,0.9150000214576721,0.605400025844574
YPL051W,YLR126C,0,1.5648774,0.1312769055366516,0.9150000214576721,0.6054999828338623
YGR274C,YBL020W,0,1.564816,0.1312580704689026,0.9150000214576721,0.6055999994277954
YHL008C,YBR040W,0,1.5645597,0.13123923540115356,0.9150000214576721,0.6057000160217285
YJR009C,YOL117W,0,1.5638264,0.13122041523456573,0.9150000214576721,0.6057999730110168
YGL003C,YDR330W,0,1.5635643,0.1312016099691391,0.9150000214576721,0.60589998960495
YDR121W,YOR346W,1,1.5629809,0.13132616877555847,0.9160000085830688,0.60589998960495
YER095W,YHR081W,1,1.5625464,0.13145068287849426,0.9169999957084656,0.60589998960495
YCR094W,YEL002C,0,1.5624876,0.13143184781074524,0.9169999957084656,0.6060000061988831
YGR009C,YHR039C-B,0,1.5622201,0.13141301274299622,0.9169999957084656,0.6061000227928162
YJL046W,YER126C,0,1.562196,0.1313941776752472,0.9169999957084656,0.6061999797821045
YDR036C,YGR295C,0,1.562167,0.13137535750865936,0.9169999957084656,0.6062999963760376
YDL056W,YLR438C-A,0,1.5616655,0.13135653734207153,0.9169999957084656,0.6064000129699707
YAR019C,YKL143W,0,1.5614742,0.1313377320766449,0.9169999957084656,0.6065000295639038
YOR265W,YLR446W,0,1.5613554,0.13131891191005707,0.9169999957084656,0.6065999865531921
YBR123C,YDR107C,0,1.5612259,0.13130012154579163,0.9169999957084656,0.6067000031471252
YHR207C,YIL155C,0,1.5612143,0.131281316280365,0.9169999957084656,0.6068000197410583
YMR080C,YOR269W,0,1.5608852,0.13126252591609955,0.9169999957084656,0.6068999767303467
YBR207W,YHL004W,0,1.5607271,0.1312437355518341,0.9169999957084656,0.6069999933242798
YLR266C,YDR077W,0,1.5606217,0.13122496008872986,0.9169999957084656,0.6071000099182129
YNR050C,YBR251W,0,1.560444,0.1312061846256256,0.9169999957084656,0.607200026512146
YMR166C,YER083C,0,1.5602595,0.13118740916252136,0.9169999957084656,0.6072999835014343
YLR201C,YCL057C-A,0,1.5600183,0.1311686486005783,0.9169999957084656,0.6074000000953674
YFL039C,YOR346W,1,1.5599773,0.1312929093837738,0.9179999828338623,0.6074000000953674
YDR400W,YLR467W,0,1.559903,0.13127413392066956,0.9179999828338623,0.6075000166893005
YBR159W,YER174C,0,1.5595905,0.1312553584575653,0.9179999828338623,0.6075999736785889
YLR201C,YKR058W,0,1.5592899,0.13123659789562225,0.9179999828338623,0.607699990272522
YHR089C,YCR029C-A,0,1.5592309,0.1312178373336792,0.9179999828338623,0.6078000068664551
YDL080C,YKL158W,0,1.5586139,0.13119909167289734,0.9179999828338623,0.6079000234603882
YNL046W,YLR126C,0,1.5584853,0.13118033111095428,0.9179999828338623,0.6079999804496765
YDL138W,YGL084C,0,1.558444,0.13116160035133362,0.9179999828338623,0.6080999970436096
YNL207W,YPR031W,0,1.5583348,0.13114285469055176,0.9179999828338623,0.6082000136375427
YGR047C,YDR380W,0,1.5582378,0.1311241239309311,0.9179999828338623,0.608299970626831
YER086W,YLR086W,0,1.5576378,0.13110539317131042,0.9179999828338623,0.6083999872207642
YDR388W,YDR118W,0,1.5576314,0.13108667731285095,0.9179999828338623,0.6085000038146973
YER120W,YDR511W,0,1.5575454,0.13106796145439148,0.9179999828338623,0.6086000204086304
YOR167C,YBL090W,0,1.5574362,0.131049245595932,0.9179999828338623,0.6086999773979187
YBR087W,YBR160W,1,1.5574236,0.1311732828617096,0.9190000295639038,0.6086999773979187
YOL071W,YKL028W,0,1.5573344,0.13115456700325012,0.9190000295639038,0.6087999939918518
YGR008C,YML077W,0,1.5568931,0.13113585114479065,0.9190000295639038,0.6089000105857849
YJR060W,YLR276C,0,1.5565376,0.13111713528633118,0.9190000295639038,0.609000027179718
YOR315W,YBR058C-A,0,1.5564928,0.1310984343290329,0.9190000295639038,0.6090999841690063
YDR347W,YGL253W,0,1.5563309,0.13107973337173462,0.9190000295639038,0.6092000007629395
YDR032C,YLR079W,0,1.5562916,0.13106103241443634,0.9190000295639038,0.6093000173568726
YCR047C,YBL055C,0,1.556207,0.13104234635829926,0.9190000295639038,0.6093999743461609
YML125C,YEL002C,0,1.5560621,0.13102366030216217,0.9190000295639038,0.609499990940094
YMR127C,YGL157W,0,1.5554625,0.13100498914718628,0.9190000295639038,0.6096000075340271
YLR126C,YJL080C,0,1.5554379,0.1309863179922104,0.9190000295639038,0.6097000241279602
YJR121W,YPR041W,0,1.5552902,0.1309676468372345,0.9190000295639038,0.6097999811172485
YHR092C,YGL155W,0,1.555197,0.1309489905834198,0.9190000295639038,0.6098999977111816
YJL165C,YHL047C,0,1.5551778,0.1309303343296051,0.9190000295639038,0.6100000143051147
YDR074W,YBL060W,0,1.5547578,0.1309116780757904,0.9190000295639038,0.6100999712944031
YPR063C,YDL180W,0,1.5546651,0.1308930367231369,0.9190000295639038,0.6101999878883362
YKL100C,YBR033W,0,1.5545106,0.1308743953704834,0.9190000295639038,0.6103000044822693
YDR531W,YGL178W,0,1.5542514,0.1308557540178299,0.9190000295639038,0.6104000210762024
YNL166C,YJL109C,0,1.5540324,0.13083712756633759,0.9190000295639038,0.6104999780654907
YKL088W,YJR065C,0,1.5539352,0.13081850111484528,0.9190000295639038,0.6105999946594238
YGR008C,YOR332W,0,1.5532103,0.13079988956451416,0.9190000295639038,0.6107000112533569
YDR481C,YBR058C,0,1.5530051,0.13078127801418304,0.9190000295639038,0.61080002784729
YML018C,YOL031C,0,1.552521,0.13076266646385193,0.9190000295639038,0.6108999848365784
YJL041W,YLL022C,0,1.5524967,0.1307440549135208,0.9190000295639038,0.6110000014305115
YLR371W,YER020W,0,1.5523504,0.1307254582643509,0.9190000295639038,0.6111000180244446
YBR058C,YIR006C,0,1.5515934,0.13070687651634216,0.9190000295639038,0.6111999750137329
YBR267W,YIL072W,0,1.5511304,0.13068827986717224,0.9190000295639038,0.611299991607666
YNL306W,YAL058W,0,1.5510061,0.1306696981191635,0.9190000295639038,0.6114000082015991
YJR094W-A,YFR041C,0,1.5508177,0.13065111637115479,0.9190000295639038,0.6115000247955322
YDR388W,YOR224C,0,1.5507522,0.13063254952430725,0.9190000295639038,0.6115999817848206
YHR025W,YML124C,0,1.5505788,0.13061398267745972,0.9190000295639038,0.6116999983787537
YNL306W,YNL135C,0,1.5498359,0.13059543073177338,0.9190000295639038,0.6118000149726868
YPL074W,YNL146W,0,1.5495509,0.13057686388492584,0.9190000295639038,0.6118999719619751
YBR022W,YNR043W,0,1.5493368,0.1305583119392395,0.9190000295639038,0.6119999885559082
YOR240W,YLL022C,0,1.549239,0.13053977489471436,0.9190000295639038,0.6121000051498413
YHR021C,YCL047C,0,1.549094,0.1305212378501892,0.9190000295639038,0.6122000217437744
YLR158C,YLR337W,0,1.5490389,0.13050270080566406,0.9190000295639038,0.6122999787330627
YDL069C,YDR387C,0,1.5489448,0.13048416376113892,0.9190000295639038,0.6123999953269958
YKL088W,YLR337W,0,1.548651,0.13046564161777496,0.9190000295639038,0.612500011920929
YDL099W,YPL068C,0,1.5486466,0.130447119474411,0.9190000295639038,0.6126000285148621
YOL152W,YBR164C,0,1.5486004,0.13042861223220825,0.9190000295639038,0.6126999855041504
YPL106C,YPR073C,0,1.5483669,0.1304101049900055,0.9190000295639038,0.6128000020980835
YHL044W,YJR010C-A,0,1.547775,0.13039159774780273,0.9190000295639038,0.6129000186920166
YJR058C,YPR096C,0,1.5477215,0.13037310540676117,0.9190000295639038,0.6129999756813049
YKL135C,YER082C,0,1.5474521,0.1303546130657196,0.9190000295639038,0.613099992275238
YBR286W,YLR074C,0,1.547353,0.13033612072467804,0.9190000295639038,0.6132000088691711
YDR347W,YOR151C,0,1.5465534,0.13031764328479767,0.9190000295639038,0.6133000254631042
YKR090W,YJR158W,0,1.5464021,0.1302991658449173,0.9190000295639038,0.6133999824523926
YLR038C,YPL149W,0,1.5463306,0.13028068840503693,0.9190000295639038,0.6134999990463257
YAL043C,YOR092W,0,1.5456536,0.13026222586631775,0.9190000295639038,0.6136000156402588
YER096W,YFR006W,0,1.5456502,0.13024376332759857,0.9190000295639038,0.6136999726295471
YNR040W,YOR332W,0,1.5455658,0.1302253007888794,0.9190000295639038,0.6137999892234802
YBR012W-A,YLR385C,0,1.5452355,0.1302068531513214,0.9190000295639038,0.6139000058174133
YDR219C,YPR028W,0,1.5451456,0.13018840551376343,0.9190000295639038,0.6140000224113464
YBR286W,YLR090W,0,1.5450927,0.13016997277736664,0.9190000295639038,0.6140999794006348
YLR446W,YDL008W,0,1.5449553,0.13015154004096985,0.9190000295639038,0.6141999959945679
YBL010C,YPR042C,0,1.5448881,0.13013310730457306,0.9190000295639038,0.614300012588501
YAL053W,YCR098C,0,1.544882,0.13011468946933746,0.9190000295639038,0.6144000291824341
YJR134C,YPL068C,0,1.5446861,0.13009625673294067,0.9190000295639038,0.6144999861717224
YNL280C,YJR059W,0,1.5445087,0.13007785379886627,0.9190000295639038,0.6146000027656555
YIL027C,YPL095C,0,1.5443509,0.13005943596363068,0.9190000295639038,0.6147000193595886
YJR029W,YJL097W,0,1.5443419,0.13004103302955627,0.9190000295639038,0.614799976348877
YJR066W,YLR238W,0,1.5443344,0.13002263009548187,0.9190000295639038,0.6148999929428101
YHR021C,YDR388W,0,1.5439851,0.13000424206256866,0.9190000295639038,0.6150000095367432
YPL148C,YDL067C,0,1.5439807,0.12998585402965546,0.9190000295639038,0.6151000261306763
YDL195W,YEL002C,0,1.5437722,0.12996746599674225,0.9190000295639038,0.6151999831199646
YPL085W,YLL035W,0,1.5436978,0.12994909286499023,0.9190000295639038,0.6152999997138977
YML060W,YLR357W,1,1.5434513,0.13007210195064545,0.9200000166893005,0.6152999997138977
YIL093C,YPR081C,0,1.5431199,0.13005371391773224,0.9200000166893005,0.6154000163078308
YPL154C,YDL017W,0,1.5430878,0.13003534078598022,0.9200000166893005,0.6154999732971191
YKR038C,YPL189C-A,0,1.5430634,0.13001695275306702,0.9200000166893005,0.6155999898910522
YDR376W,YBR009C,0,1.5430515,0.129998579621315,0.9200000166893005,0.6157000064849854
YFL002W-A,YDR093W,0,1.5426353,0.12998022139072418,0.9200000166893005,0.6158000230789185
YDR465C,YIL093C,0,1.5423188,0.12996186316013336,0.9200000166893005,0.6158999800682068
YJR094W-A,YDR483W,0,1.5421687,0.12994350492954254,0.9200000166893005,0.6159999966621399
YNR050C,YPR096C,0,1.541741,0.12992514669895172,0.9200000166893005,0.616100013256073
YDR038C,YIL145C,0,1.5416871,0.1299068033695221,0.9200000166893005,0.6161999702453613
YGR154C,YBR035C,0,1.5414431,0.12988846004009247,0.9200000166893005,0.6162999868392944
YLR126C,YLR109W,0,1.5412744,0.12987013161182404,0.9200000166893005,0.6164000034332275
YCR028C,YML063W,0,1.5411142,0.1298518031835556,0.9200000166893005,0.6165000200271606
YBR159W,YER088C,0,1.5407774,0.12983347475528717,0.9200000166893005,0.616599977016449
YIL111W,YER030W,0,1.540571,0.12981516122817993,0.9200000166893005,0.6166999936103821
YDR224C,YIL126W,1,1.5402982,0.12993791699409485,0.9210000038146973,0.6166999936103821
YJR139C,YOL139C,0,1.5402386,0.12991958856582642,0.9210000038146973,0.6168000102043152
YGL161C,YBL074C,0,1.540065,0.12990127503871918,0.9210000038146973,0.6169000267982483
YNL046W,YLR086W,0,1.5399964,0.12988294661045074,0.9210000038146973,0.6169999837875366
YML040W,YKL042W,0,1.5399077,0.1298646330833435,0.9210000038146973,0.6171000003814697
YHR021C,YPR158C-D,0,1.5398324,0.12984633445739746,0.9210000038146973,0.6172000169754028
YML012W,YOL157C,0,1.539764,0.12982802093029022,0.9210000038146973,0.6172999739646912
YNL322C,YML088W,0,1.5395387,0.12980972230434418,0.9210000038146973,0.6173999905586243
YMR166C,YLR343W,0,1.5388795,0.12979143857955933,0.9210000038146973,0.6175000071525574
YBL057C,YPL172C,0,1.5386828,0.12977313995361328,0.9210000038146973,0.6176000237464905
YCL055W,YML074C,0,1.5385492,0.12975485622882843,0.9210000038146973,0.6176999807357788
YNR040W,YGL123W,0,1.5384085,0.12973658740520477,0.9210000038146973,0.6177999973297119
YML085C,YJL102W,0,1.5383445,0.12971830368041992,0.9210000038146973,0.617900013923645
YIL070C,YLR074C,0,1.5380919,0.12970003485679626,0.9210000038146973,0.6179999709129333
YHR161C,YOR240W,0,1.5375177,0.1296817809343338,0.9210000038146973,0.6180999875068665
YGL089C,YKL154W,0,1.5373793,0.12966352701187134,0.9210000038146973,0.6182000041007996
YJR098C,YIL039W,0,1.5370855,0.12964527308940887,0.9210000038146973,0.6183000206947327
YLR188W,YAR044W,0,1.5369855,0.1296270191669464,0.9210000038146973,0.618399977684021
YOR242C,YGR116W,0,1.5366209,0.12960878014564514,0.9210000038146973,0.6184999942779541
YFL029C,YER048W-A,0,1.5364795,0.12959054112434387,0.9210000038146973,0.6186000108718872
YDL138W,YAL012W,0,1.5364704,0.1295723170042038,0.9210000038146973,0.6187000274658203
YFL002W-A,YDR320C,0,1.5359942,0.12955409288406372,0.9210000038146973,0.6187999844551086
YKL088W,YPL038W,0,1.5355788,0.12953586876392365,0.9210000038146973,0.6189000010490417
YOR116C,YDL033C,0,1.5352364,0.12951764464378357,0.9210000038146973,0.6190000176429749
YGL173C,YNL217W,0,1.5350451,0.1294994354248047,0.9210000038146973,0.6190999746322632
YER087C-A,YLR337W,0,1.534873,0.1294812262058258,0.9210000038146973,0.6191999912261963
YHL008C,YDL033C,0,1.5347785,0.12946303188800812,0.9210000038146973,0.6193000078201294
YER114C,YDL195W,0,1.5346042,0.12944483757019043,0.9210000038146973,0.6194000244140625
YJR158W,YIR037W,0,1.5339118,0.12942664325237274,0.9210000038146973,0.6194999814033508
YDR033W,YBR159W,0,1.5338979,0.12940846383571625,0.9210000038146973,0.6195999979972839
YOL152W,YGR162W,0,1.5336926,0.12939028441905975,0.9210000038146973,0.619700014591217
YGL035C,YOL147C,0,1.5332959,0.12937210500240326,0.9210000038146973,0.6197999715805054
YDR069C,YIL160C,0,1.5332954,0.12935392558574677,0.9210000038146973,0.6198999881744385
YDR436W,YBR012W-B,0,1.5332032,0.12933576107025146,0.9210000038146973,0.6200000047683716
YDL060W,YIL112W,0,1.5329328,0.12931761145591736,0.9210000038146973,0.6201000213623047
YLR266C,YML091C,0,1.5328044,0.12929944694042206,0.9210000038146973,0.620199978351593
YDR424C,YJL109C,0,1.5327573,0.12928129732608795,0.9210000038146973,0.6202999949455261
YPL106C,YOR061W,0,1.532464,0.12926316261291504,0.9210000038146973,0.6204000115394592
YDR342C,YML088W,0,1.5324472,0.12924501299858093,0.9210000038146973,0.6205000281333923
YAR007C,YFL039C,1,1.5320474,0.12936720252037048,0.921999990940094,0.6205000281333923
YDL129W,YKL042W,0,1.5317452,0.12934905290603638,0.921999990940094,0.6205999851226807
YHR116W,YPL231W,0,1.5313141,0.12933090329170227,0.921999990940094,0.6207000017166138
YIR006C,YLR040C,0,1.5310078,0.12931276857852936,0.921999990940094,0.6208000183105469
YBR251W,YPR096C,0,1.5307028,0.12929463386535645,0.921999990940094,0.6208999752998352
YLR450W,YGR194C,0,1.5306296,0.12927649915218353,0.921999990940094,0.6209999918937683
YPL101W,YAL058W,0,1.5301921,0.12925837934017181,0.921999990940094,0.6211000084877014
YDR038C,YGR001C,0,1.5300835,0.1292402595281601,0.921999990940094,0.6212000250816345
YGR062C,YNL244C,0,1.530032,0.12922213971614838,0.921999990940094,0.6212999820709229
YOR120W,YEL002C,0,1.5297977,0.12920403480529785,0.921999990940094,0.621399998664856
YNL166C,YGL039W,0,1.5295829,0.12918592989444733,0.921999990940094,0.6215000152587891
YGL232W,YBR166C,0,1.5295302,0.129167839884758,0.921999990940094,0.6215999722480774
YOR224C,YML009C,0,1.5294228,0.12914973497390747,0.921999990940094,0.6216999888420105
YDL019C,YGR054W,0,1.5293928,0.12913165986537933,0.921999990940094,0.6218000054359436
YGL021W,YGR054W,0,1.5291791,0.12911356985569,0.921999990940094,0.6219000220298767
YDR224C,YER173W,1,1.52906,0.12923550605773926,0.9229999780654907,0.6219000220298767
YCR009C,YBR158W,0,1.5287614,0.12921741604804993,0.9229999780654907,0.621999979019165
YJL158C,YKL158W,0,1.5283226,0.1291993260383606,0.9229999780654907,0.6220999956130981
YHL047C,YDR103W,0,1.5283073,0.12918125092983246,0.9229999780654907,0.6222000122070312
YML040W,YBL022C,0,1.5281441,0.12916316092014313,0.9229999780654907,0.6223000288009644
YGL035C,YBL055C,0,1.5271937,0.12914510071277618,0.9229999780654907,0.6223999857902527
YIR014W,YOL133W,0,1.5271878,0.12912702560424805,0.9229999780654907,0.6225000023841858
YBR033W,YGR071C,0,1.5271231,0.1291089653968811,0.9229999780654907,0.6226000189781189
YOR228C,YGR135W,0,1.5271109,0.12909090518951416,0.9229999780654907,0.6226999759674072
YAL020C,YOR306C,0,1.5270753,0.1290728598833084,0.9229999780654907,0.6227999925613403
YMR287C,YMR221C,0,1.5268013,0.12905481457710266,0.9229999780654907,0.6229000091552734
YFL004W,YNL207W,0,1.5267874,0.1290367692708969,0.9229999780654907,0.6230000257492065
YLR201C,YBR198C,0,1.526565,0.12901872396469116,0.9229999780654907,0.6230999827384949
YBR286W,YCR094W,0,1.5258843,0.1290006935596466,0.9229999780654907,0.623199999332428
YER099C,YDL143W,0,1.5258394,0.12898267805576324,0.9229999780654907,0.6233000159263611
YPR137C-B,YMR307W,0,1.5256835,0.1289646476507187,0.9229999780654907,0.6233999729156494
YMR163C,YJL190C,0,1.525384,0.12894663214683533,0.9229999780654907,0.6234999895095825
YLR040C,YML087C,0,1.5253755,0.12892861664295197,0.9229999780654907,0.6236000061035156
YLR099C,YJL109C,0,1.5250438,0.1289106160402298,0.9229999780654907,0.6237000226974487
YHL044W,YGR124W,0,1.5249394,0.12889261543750763,0.9229999780654907,0.6237999796867371
YMR122W-A,YDL130W-A,0,1.5249345,0.12887461483478546,0.9229999780654907,0.6238999962806702
YJR121W,YDR236C,0,1.5247383,0.1288566291332245,0.9229999780654907,0.6240000128746033
YHR116W,YDR101C,0,1.5241623,0.1288386434316635,0.9229999780654907,0.6241000294685364
YDL038C,YBR283C,0,1.5239824,0.12882065773010254,0.9229999780654907,0.6241999864578247
YKR090W,YPR021C,0,1.5239822,0.12880267202854156,0.9229999780654907,0.6243000030517578
YDR347W,YBR166C,0,1.5238645,0.12878470122814178,0.9229999780654907,0.6244000196456909
YGR035C,YLR286C,0,1.5238621,0.1287667453289032,0.9229999780654907,0.6244999766349792
YDL038C,YPR032W,0,1.5238436,0.12874877452850342,0.9229999780654907,0.6245999932289124
YDR134C,YDR503C,0,1.5238148,0.12873081862926483,0.9229999780654907,0.6247000098228455
YIR017C,YML081C-A,0,1.5235358,0.12871287763118744,0.9229999780654907,0.6248000264167786
YMR217W,YPL257W-A,0,1.5233734,0.12869492173194885,0.9229999780654907,0.6248999834060669
YMR051C,YDR047W,0,1.5232515,0.12867698073387146,0.9229999780654907,0.625
YER174C,YHR039C-B,0,1.5232481,0.12865903973579407,0.9229999780654907,0.6251000165939331
YOR063W,YDR071C,0,1.522692,0.12864111363887787,0.9229999780654907,0.6251999735832214
YJR155W,YCL057C-A,0,1.5224766,0.12862318754196167,0.9229999780654907,0.6252999901771545
YDR531W,YLR109W,0,1.522468,0.12860526144504547,0.9229999780654907,0.6254000067710876
YLR364W,YDL109C,0,1.5218564,0.12858735024929047,0.9229999780654907,0.6255000233650208
YNL146W,YLR079W,0,1.5217392,0.12856943905353546,0.9229999780654907,0.6255999803543091
YML005W,YMR184W,0,1.5216142,0.12855152785778046,0.9229999780654907,0.6256999969482422
YDL200C,YAR007C,1,1.5212364,0.12867288291454315,0.9240000247955322,0.6256999969482422
YHL009W-B,YMR311C,0,1.5210636,0.12865497171878815,0.9240000247955322,0.6258000135421753
YMR314W,YKL198C,0,1.5209665,0.12863706052303314,0.9240000247955322,0.6258999705314636
YER131W,YPL281C,0,1.5209035,0.12861914932727814,0.9240000247955322,0.6259999871253967
YKL154W,YPR098C,0,1.5208232,0.12860125303268433,0.9240000247955322,0.6261000037193298
YOR389W,YCR077C,0,1.5206457,0.12858335673809052,0.9240000247955322,0.6262000203132629
YDR329C,YHR039C-B,0,1.5203226,0.1285654604434967,0.9240000247955322,0.6262999773025513
YAR044W,YCR054C,0,1.5198492,0.1285475790500641,0.9240000247955322,0.6263999938964844
YOL092W,YLR304C,0,1.5197451,0.12852969765663147,0.9240000247955322,0.6265000104904175
YHL008C,YNL039W,0,1.5196931,0.12851181626319885,0.9240000247955322,0.6266000270843506
YNL188W,YJL109C,0,1.5192912,0.12849394977092743,0.9240000247955322,0.6266999840736389
YEL017C-A,YJL065C,0,1.5192087,0.128476083278656,0.9240000247955322,0.626800000667572
YER029C,YCL075W,0,1.519156,0.12845821678638458,0.9240000247955322,0.6269000172615051
YJR076C,YBR251W,0,1.5184498,0.12844036519527435,0.9240000247955322,0.6269999742507935
YOR063W,YFL041W,0,1.5182272,0.12842251360416412,0.9240000247955322,0.6270999908447266
YDR158W,YDR507C,0,1.5180697,0.1284046620130539,0.9240000247955322,0.6272000074386597
YKL212W,YBL055C,0,1.5178248,0.12838682532310486,0.9240000247955322,0.6273000240325928
YHR025W,YPR042C,0,1.5175271,0.12836898863315582,0.9240000247955322,0.6273999810218811
YOR096W,YPR158C-D,0,1.517454,0.12835116684436798,0.9240000247955322,0.6274999976158142
YBR283C,YCL050C,0,1.5174013,0.12833333015441895,0.9240000247955322,0.6276000142097473
YAL044C,YNL149C,0,1.5172918,0.1283155083656311,0.9240000247955322,0.6276999711990356
YLR312C-B,YLR430W,0,1.5171877,0.12829770147800446,0.9240000247955322,0.6277999877929688
YNR008W,YHR089C,0,1.5169442,0.1282798796892166,0.9240000247955322,0.6279000043869019
YDR022C,YDL109C,0,1.5168934,0.12826207280158997,0.9240000247955322,0.628000020980835
YHR206W,YEL054C,0,1.5168793,0.1282442808151245,0.9240000247955322,0.6280999779701233
YNL166C,YDR326C,0,1.5167794,0.12822647392749786,0.9240000247955322,0.6281999945640564
YOL120C,YAR044W,0,1.516743,0.1282086819410324,0.9240000247955322,0.6283000111579895
YDR253C,YKL100C,0,1.516646,0.12819090485572815,0.9240000247955322,0.6284000277519226
YIR012W,YDL017W,0,1.5162185,0.1281731128692627,0.9240000247955322,0.6284999847412109
YDR503C,YPR096C,0,1.5161427,0.12815533578395844,0.9240000247955322,0.628600001335144
YHR027C,YDR387C,0,1.516044,0.12813757359981537,0.9240000247955322,0.6287000179290771
YHR017W,YGL031C,0,1.5157821,0.1281197965145111,0.9240000247955322,0.6287999749183655
YHR067W,YKL021C,0,1.5157324,0.12810203433036804,0.9240000247955322,0.6288999915122986
YJR076C,YDR047W,0,1.515724,0.12808428704738617,0.9240000247955322,0.6290000081062317
YDL195W,YOR131C,0,1.5155451,0.1280665248632431,0.9240000247955322,0.6291000247001648
YPL068C,YOR221C,0,1.5152007,0.12804877758026123,0.9240000247955322,0.6291999816894531
YPR156C,YBR198C,0,1.5140904,0.12803104519844055,0.9240000247955322,0.6292999982833862
YDR341C,YJR089W,0,1.5139638,0.12801329791545868,0.9240000247955322,0.6294000148773193
YBR159W,YJR160C,0,1.5137546,0.127995565533638,0.9240000247955322,0.6294999718666077
YDL101C,YAR007C,1,1.5134579,0.12811633944511414,0.925000011920929,0.6294999718666077
YMR098C,YBL090W,0,1.5134251,0.12809860706329346,0.925000011920929,0.6295999884605408
YIL160C,YER045C,0,1.5133755,0.12808085978031158,0.925000011920929,0.6297000050544739
YAL041W,YBR105C,0,1.5129074,0.1280631273984909,0.925000011920929,0.629800021648407
YOL127W,YPR108W,0,1.5126688,0.12804540991783142,0.925000011920929,0.6298999786376953
YBL054W,YOL156W,0,1.5122869,0.12802767753601074,0.925000011920929,0.6299999952316284
YNL330C,YFL039C,1,1.5122063,0.12814834713935852,0.9259999990463257,0.6299999952316284
YCR098C,YPR102C,0,1.5121807,0.12813061475753784,0.9259999990463257,0.6301000118255615
YBR097W,YLR337W,0,1.5120797,0.12811289727687836,0.9259999990463257,0.6302000284194946
YDL006W,YOR306C,0,1.5119041,0.12809516489505768,0.9259999990463257,0.630299985408783
YOR384W,YDL019C,0,1.5115936,0.1280774623155594,0.9259999990463257,0.6304000020027161
YIR036C,YDR177W,0,1.5113475,0.1280597448348999,0.9259999990463257,0.6305000185966492
YML085C,YOR063W,0,1.5105673,0.1280420422554016,0.9259999990463257,0.6305999755859375
YNL301C,YHL016C,0,1.5105642,0.12802433967590332,0.9259999990463257,0.6306999921798706
YMR142C,YPL031C,0,1.5105376,0.12800663709640503,0.9259999990463257,0.6308000087738037
YMR023C,YPL123C,0,1.5104102,0.12798894941806793,0.9259999990463257,0.6309000253677368
YOR381W,YDL180W,0,1.5099823,0.12797126173973083,0.9259999990463257,0.6309999823570251
YMR257C,YDR116C,0,1.5098059,0.12795357406139374,0.9259999990463257,0.6310999989509583
YBR213W,YGL040C,0,1.5097376,0.12793590128421783,0.9259999990463257,0.6312000155448914
YOR063W,YOR343W-A,0,1.5095133,0.12791821360588074,0.9259999990463257,0.6312999725341797
YPL143W,YPL257W-A,0,1.5093689,0.12790055572986603,0.9259999990463257,0.6313999891281128
YDR520C,YCR047C,0,1.5093436,0.12788288295269012,0.9259999990463257,0.6315000057220459
YLR090W,YOL133W,0,1.5092891,0.12786522507667542,0.9259999990463257,0.631600022315979
YKL178C,YPL281C,0,1.5092738,0.1278475821018219,0.9259999990463257,0.6316999793052673
YNL046W,YKL195W,0,1.5086818,0.1278299242258072,0.9259999990463257,0.6317999958992004
YCR047C,YKL116C,0,1.5086083,0.12781228125095367,0.9259999990463257,0.6319000124931335
YDR022C,YML037C,0,1.5085766,0.12779463827610016,0.9259999990463257,0.6320000290870667
YGR035C,YMR127C,0,1.5085452,0.12777701020240784,0.9259999990463257,0.632099986076355
YOL100W,YJR029W,0,1.5084363,0.12775938212871552,0.9259999990463257,0.6322000026702881
YBR205W,YKL056C,0,1.5083324,0.1277417540550232,0.9259999990463257,0.6323000192642212
YBR176W,YPR041W,0,1.5083215,0.12772414088249207,0.9259999990463257,0.6323999762535095
YML104C,YAR010C,0,1.5081987,0.12770652770996094,0.9259999990463257,0.6324999928474426
YOR389W,YGL039W,0,1.5079763,0.1276889145374298,0.9259999990463257,0.6326000094413757
YGR027W-B,YNL310C,0,1.5072068,0.12767130136489868,0.9259999990463257,0.6327000260353088
YER159C-A,YAL062W,0,1.5069907,0.12765370309352875,0.9259999990463257,0.6327999830245972
YHR021C,YOR192C-B,0,1.5067745,0.12763611972332,0.9259999990463257,0.6328999996185303
YDR086C,YDR380W,0,1.5064738,0.12761852145195007,0.9259999990463257,0.6330000162124634
YNL061W,YPR032W,0,1.5064683,0.12760093808174133,0.9259999990463257,0.6330999732017517
YIR002C,YPL204W,1,1.5063423,0.1277211308479309,0.9269999861717224,0.6330999732017517
YBL106C,YER126C,0,1.5063161,0.12770354747772217,0.9269999861717224,0.6331999897956848
YIL093C,YML012W,0,1.5059505,0.12768594920635223,0.9269999861717224,0.6333000063896179
YNL159C,YAL062W,0,1.505915,0.1276683658361435,0.9269999861717224,0.633400022983551
YJL136C,YPL257W-A,0,1.5057662,0.12765078246593475,0.9269999861717224,0.6334999799728394
YKL181W,YJR045C,0,1.5056624,0.1276332139968872,0.9269999861717224,0.6335999965667725
YJL165C,YMR037C,0,1.5055441,0.12761564552783966,0.9269999861717224,0.6337000131607056
YDR033W,YKL100C,0,1.5054508,0.12759807705879211,0.9269999861717224,0.6338000297546387
YOL127W,YOR265W,0,1.5049101,0.12758050858974457,0.9269999861717224,0.633899986743927
YMR316W,YIL051C,0,1.5049056,0.12756295502185822,0.9269999861717224,0.6340000033378601
YGR088W,YOR322C,0,1.5043851,0.12754540145397186,0.9269999861717224,0.6341000199317932
YDR056C,YDL180W,0,1.5036933,0.1275278627872467,0.9269999861717224,0.6341999769210815
YJL164C,YGR189C,0,1.503567,0.12751030921936035,0.9269999861717224,0.6342999935150146
YBR291C,YIL125W,0,1.5033904,0.1274927854537964,0.9269999861717224,0.6344000101089478
YDR242W,YBR040W,0,1.5033062,0.12747524678707123,0.9269999861717224,0.6345000267028809
YEL054C,YML037C,0,1.5029849,0.12745772302150726,0.9269999861717224,0.6345999836921692
YJL008C,YOR270C,0,1.5028262,0.1274401992559433,0.9269999861717224,0.6347000002861023
YBR036C,YDR031W,0,1.5024567,0.12742267549037933,0.9269999861717224,0.6348000168800354
YDR050C,YOL156W,0,1.5023177,0.12740516662597656,0.9269999861717224,0.6348999738693237
YER159C-A,YGL191W,0,1.5020204,0.1273876577615738,0.9269999861717224,0.6349999904632568
YDR379W,YGR027W-B,0,1.5020204,0.12737016379833221,0.9269999861717224,0.6351000070571899
YML129C,YHR010W,0,1.501797,0.12735265493392944,0.9269999861717224,0.635200023651123
YOL003C,YOR063W,0,1.5017146,0.12733516097068787,0.9269999861717224,0.6352999806404114
YLR134W,YAL062W,0,1.5014098,0.12731768190860748,0.9269999861717224,0.6353999972343445
YPL271W,YDR038C,0,1.5011239,0.1273001879453659,0.9269999861717224,0.6355000138282776
YDR316W-A,YER111C,0,1.5005795,0.12728270888328552,0.9269999861717224,0.6355999708175659
YBR158W,YGL251C,0,1.5004588,0.12726524472236633,0.9269999861717224,0.635699987411499
YKL088W,YAL034W-A,0,1.5002475,0.12724776566028595,0.9269999861717224,0.6358000040054321
YDR456W,YCR077C,0,1.5002178,0.12723030149936676,0.9269999861717224,0.6359000205993652
YML070W,YOR233W,0,1.500183,0.12721285223960876,0.9269999861717224,0.6359999775886536
YGL123W,YPL123C,0,1.5001082,0.12719538807868958,0.9269999861717224,0.6360999941825867
YNL217W,YBR299W,0,1.4997252,0.12717793881893158,0.9269999861717224,0.6362000107765198
YIL125W,YPL220W,0,1.4995718,0.12716048955917358,0.9269999861717224,0.6363000273704529
YPR158C-D,YLR381W,0,1.4991388,0.12714305520057678,0.9269999861717224,0.6363999843597412
YDL200C,YOR346W,1,1.4990674,0.12726275622844696,0.9279999732971191,0.6363999843597412
YNL217W,YPL026C,0,1.4984426,0.12724530696868896,0.9279999732971191,0.6365000009536743
YDR239C,YPR016C,0,1.4984322,0.12722785770893097,0.9279999732971191,0.6366000175476074
YDR421W,YGR279C,0,1.4979779,0.12721042335033417,0.9279999732971191,0.6366999745368958
YML018C,YBR251W,0,1.4975593,0.12719298899173737,0.9279999732971191,0.6367999911308289
YDR239C,YOL157C,0,1.497525,0.12717555463314056,0.9279999732971191,0.636900007724762
YMR247C,YBL017C,0,1.4975047,0.12715812027454376,0.9279999732971191,0.6370000243186951
YDR316W-A,YER070W,0,1.4974821,0.12714070081710815,0.9279999732971191,0.6370999813079834
YMR287C,YLR337W,0,1.4971505,0.12712328135967255,0.9279999732971191,0.6371999979019165
YDR261W-B,YNL015W,0,1.4971219,0.12710587680339813,0.9279999732971191,0.6373000144958496
YLR142W,YIL093C,0,1.4966066,0.12708847224712372,0.9279999732971191,0.6373999714851379
YGL206C,YER110C,0,1.4962465,0.1270710676908493,0.9279999732971191,0.637499988079071
YGL136C,YLR238W,0,1.4959881,0.1270536631345749,0.9279999732971191,0.6376000046730042
YBR087W,YPL204W,1,1.4958559,0.12717317044734955,0.9290000200271606,0.6376000046730042
YGL178W,YJR135W-A,0,1.4954482,0.12715576589107513,0.9290000200271606,0.6377000212669373
YNR061C,YPR081C,0,1.4953828,0.12713836133480072,0.9290000200271606,0.6377999782562256
YMR051C,YML081C-A,0,1.495055,0.1271209567785263,0.9290000200271606,0.6378999948501587
YMR314W,YDR239C,0,1.4949399,0.12710356712341309,0.9290000200271606,0.6380000114440918
YGL251C,YPL068C,0,1.4949359,0.12708617746829987,0.9290000200271606,0.6381000280380249
YBR033W,YBR291C,0,1.4947132,0.12706880271434784,0.9290000200271606,0.6381999850273132
YGL137W,YGL084C,0,1.4946508,0.1270514279603958,0.9290000200271606,0.6383000016212463
YHR039C-B,YDR252W,0,1.4943677,0.1270340532064438,0.9290000200271606,0.6384000182151794
YJR145C,YDR034C-C,0,1.4943125,0.12701667845249176,0.9290000200271606,0.6384999752044678
YDR261W-B,YNL129W,0,1.4942406,0.12699931859970093,0.9290000200271606,0.6385999917984009
YGR106C,YER044C,0,1.4940957,0.1269819587469101,0.9290000200271606,0.638700008392334
YHL009W-B,YMR004W,0,1.4938084,0.12696459889411926,0.9290000200271606,0.6388000249862671
YMR016C,YDR115W,0,1.4937211,0.12694725394248962,0.9290000200271606,0.6388999819755554
YGR124W,YDR034C-C,0,1.493664,0.12692990899085999,0.9290000200271606,0.6389999985694885
YGL229C,YER153C,0,1.4936328,0.12691256403923035,0.9290000200271606,0.6391000151634216
YOL152W,YLR287C-A,0,1.4935772,0.1268952339887619,0.9290000200271606,0.63919997215271
YGR101W,YGR014W,0,1.4932765,0.12687790393829346,0.9290000200271606,0.6392999887466431
YGR156W,YGR037C,0,1.4932063,0.126860573887825,0.9290000200271606,0.6394000053405762
YML037C,YDR128W,0,1.4931264,0.12684325873851776,0.9290000200271606,0.6395000219345093
YIL070C,YDR418W,0,1.4926245,0.1268259435892105,0.9290000200271606,0.6395999789237976
YLL062C,YIL136W,0,1.4926219,0.12680862843990326,0.9290000200271606,0.6396999955177307
YIL090W,YCR037C,0,1.4926214,0.126791313290596,0.9290000200271606,0.6398000121116638
YEL059C-A,YKL158W,0,1.4926163,0.12677401304244995,0.9290000200271606,0.6399000287055969
YIL090W,YFL044C,0,1.4924717,0.1267567127943039,0.9290000200271606,0.6399999856948853
YEL058W,YPL186C,0,1.492419,0.12673942744731903,0.9290000200271606,0.6401000022888184
YDL180W,YCL057C-A,0,1.4922512,0.12672214210033417,0.9290000200271606,0.6402000188827515
YGR086C,YLR040C,0,1.4919863,0.1267048567533493,0.9290000200271606,0.6402999758720398
YKR048C,YGR001C,0,1.4918504,0.12668757140636444,0.9290000200271606,0.6403999924659729
YOL077C,YMR204C,0,1.4916079,0.12667030096054077,0.9290000200271606,0.640500009059906
YLR396C,YGR061C,0,1.4913952,0.1266530305147171,0.9290000200271606,0.6406000256538391
YDR440W,YPL204W,1,1.4913857,0.12677207589149475,0.9300000071525574,0.6406000256538391
YJL108C,YPR032W,0,1.491357,0.12675480544567108,0.9300000071525574,0.6406999826431274
YOR308C,YLR446W,0,1.4913409,0.1267375349998474,0.9300000071525574,0.6407999992370605
YOR192C-B,YDL075W,0,1.491215,0.12672026455402374,0.9300000071525574,0.6409000158309937
YDR531W,YKR030W,0,1.4906468,0.12670299410820007,0.9300000071525574,0.640999972820282
YDL129W,YDR103W,0,1.4906203,0.1266857385635376,0.9300000071525574,0.6410999894142151
YGR026W,YER088C,0,1.4903501,0.12666848301887512,0.9300000071525574,0.6412000060081482
YDL190C,YLR040C,0,1.4903045,0.12665122747421265,0.9300000071525574,0.6413000226020813
YOL031C,YLR099C,0,1.4896897,0.12663398683071136,0.9300000071525574,0.6413999795913696
YGL039W,YML048W,0,1.4895945,0.12661674618721008,0.9300000071525574,0.6414999961853027
YJR145C,YOR192C-B,0,1.4895582,0.1265995055437088,0.9300000071525574,0.6416000127792358
YGR292W,YJR135W-A,0,1.4893539,0.1265822798013687,0.9300000071525574,0.641700029373169
YOR036W,YDR177W,0,1.4892801,0.12656505405902863,0.9300000071525574,0.6417999863624573
YDR242W,YER051W,0,1.4889195,0.12654782831668854,0.9300000071525574,0.6419000029563904
YER025W,YPL281C,0,1.488855,0.12653061747550964,0.9300000071525574,0.6420000195503235
YLR048W,YKL158W,0,1.4887094,0.12651340663433075,0.9300000071525574,0.6420999765396118
YMR235C,YOR343W-A,0,1.4886938,0.12649619579315186,0.9300000071525574,0.6421999931335449
YOL018C,YDR065W,0,1.4884865,0.12647898495197296,0.9300000071525574,0.642300009727478
YBL078C,YNL054W-B,0,1.4884777,0.12646178901195526,0.9300000071525574,0.6424000263214111
YBL088C,YOR217W,1,1.4881866,0.12658055126667023,0.9309999942779541,0.6424000263214111
YLR008C,YDR393W,0,1.4879016,0.12656335532665253,0.9309999942779541,0.6424999833106995
YLR038C,YHR039C-B,0,1.4876119,0.12654614448547363,0.9309999942779541,0.6425999999046326
YCR098C,YPL154C,0,1.4874574,0.12652894854545593,0.9309999942779541,0.6427000164985657
YDL056W,YPL092W,0,1.4872746,0.12651175260543823,0.9309999942779541,0.642799973487854
YER027C,YOR092W,0,1.4862273,0.12649457156658173,0.9309999942779541,0.6428999900817871
YGR035C,YLL050C,0,1.4861169,0.12647737562656403,0.9309999942779541,0.6430000066757202
YIL160C,YDR487C,0,1.4858944,0.12646019458770752,0.9309999942779541,0.6431000232696533
YLR371W,YBR058C-A,0,1.4853199,0.1264430284500122,0.9309999942779541,0.6431999802589417
YDR261W-B,YDR486C,0,1.485164,0.1264258623123169,0.9309999942779541,0.6432999968528748
YDR347W,YLR214W,0,1.4845533,0.12640869617462158,0.9309999942779541,0.6434000134468079
YFL002W-A,YNR016C,0,1.4845471,0.12639153003692627,0.9309999942779541,0.6434999704360962
YNL046W,YHR207C,0,1.4844168,0.12637437880039215,0.9309999942779541,0.6435999870300293
YPR081C,YDR034C-C,0,1.4843717,0.12635722756385803,0.9309999942779541,0.6437000036239624
YHR147C,YJL121C,0,1.4843383,0.1263400763273239,0.9309999942779541,0.6438000202178955
YAL023C,YNL146W,0,1.4834238,0.1263229250907898,0.9309999942779541,0.6438999772071838
YAL003W,YKL024C,0,1.4832537,0.12630578875541687,0.9309999942779541,0.6439999938011169
YJR076C,YBL069W,0,1.4830602,0.12628865242004395,0.9309999942779541,0.64410001039505
YDR121W,YLR357W,1,1.4828639,0.12640716135501862,0.9319999814033508,0.64410001039505
YPR108W,YMR109W,0,1.4824189,0.1263900250196457,0.9319999814033508,0.6442000269889832
YPR096C,YDL130W-A,0,1.4819916,0.12637288868427277,0.9319999814033508,0.6442999839782715
YBR097W,YML009C,0,1.4819587,0.12635575234889984,0.9319999814033508,0.6444000005722046
YOR192C-A,YDR077W,0,1.4819225,0.12633861601352692,0.9319999814033508,0.6445000171661377
YDR126W,YJL056C,0,1.4818227,0.12632149457931519,0.9319999814033508,0.644599974155426
YGR159C,YIL093C,0,1.4815823,0.12630437314510345,0.9319999814033508,0.6446999907493591
YHR092C,YAL062W,0,1.4810576,0.12628726661205292,0.9319999814033508,0.6448000073432922
YLR074C,YDR529C,0,1.4810326,0.12627016007900238,0.9319999814033508,0.6449000239372253
YNR016C,YGR279C,0,1.4804564,0.12625305354595184,0.9319999814033508,0.6449999809265137
YJR009C,YDR118W,0,1.4801769,0.1262359470129013,0.9319999814033508,0.6450999975204468
YML040W,YCR037C,0,1.4801717,0.12621885538101196,0.9319999814033508,0.6452000141143799
YDR248C,YNR061C,0,1.4801601,0.12620176374912262,0.9319999814033508,0.6452999711036682
YER140W,YLR048W,0,1.480097,0.12618467211723328,0.9319999814033508,0.6453999876976013
YDR341C,YDR402C,0,1.479957,0.12616759538650513,0.9319999814033508,0.6455000042915344
YMR221C,YNL061W,0,1.4797919,0.12615051865577698,0.9319999814033508,0.6456000208854675
YNL185C,YDR210W-B,0,1.4797614,0.12613344192504883,0.9319999814033508,0.6456999778747559
YNL242W,YMR122W-A,0,1.4795388,0.12611638009548187,0.9319999814033508,0.645799994468689
YPL144W,YNL146W,0,1.4794894,0.12609930336475372,0.9319999814033508,0.6459000110626221
YLR038C,YKL143W,0,1.4792149,0.12608225643634796,0.9319999814033508,0.6460000276565552
YER140W,YDL051W,0,1.479004,0.126065194606781,0.9319999814033508,0.6460999846458435
YER025W,YPR158C-D,0,1.4789691,0.12604814767837524,0.9319999814033508,0.6462000012397766
YOR181W,YDR239C,0,1.4785912,0.12603110074996948,0.9319999814033508,0.6463000178337097
YGL213C,YPR096C,0,1.4784644,0.12601406872272491,0.9319999814033508,0.646399974822998
YDR210W-B,YGR037C,0,1.4780326,0.12599702179431915,0.9319999814033508,0.6464999914169312
YDR299W,YBL030C,0,1.4776635,0.12597998976707458,0.9319999814033508,0.6466000080108643
YDL136W,YJL019W,0,1.4776257,0.1259629726409912,0.9319999814033508,0.6467000246047974
YDL210W,YNL191W,0,1.4776133,0.12594594061374664,0.9319999814033508,0.6467999815940857
YGR292W,YGL106W,0,1.4773608,0.12592892348766327,0.9319999814033508,0.6468999981880188
YAL035W,YAL058W,0,1.4770747,0.1259119212627411,0.9319999814033508,0.6470000147819519
YML012W,YOR246C,0,1.4770442,0.12589490413665771,0.9319999814033508,0.6470999717712402
YHR036W,YDL130W-A,0,1.4769399,0.12587790191173553,0.9319999814033508,0.6471999883651733
YIL051C,YGR035C,0,1.4767737,0.12586089968681335,0.9319999814033508,0.6473000049591064
YGR026W,YER159C-A,0,1.4767358,0.12584391236305237,0.9319999814033508,0.6474000215530396
YMR080C,YKL198C,0,1.4762783,0.12582692503929138,0.9319999814033508,0.6474999785423279
YMR290C,YDR236C,0,1.4762586,0.1258099377155304,0.9319999814033508,0.647599995136261
YHR046C,YER133W,0,1.4756911,0.1257929503917694,0.9319999814033508,0.6477000117301941
YKL158W,YER012W,0,1.4756671,0.12577597796916962,0.9319999814033508,0.6478000283241272
YER007W,YOL002C,0,1.4756584,0.12575900554656982,0.9319999814033508,0.6478999853134155
YGR058W,YFL037W,0,1.4756517,0.12574203312397003,0.9319999814033508,0.6480000019073486
YOR131C,YPR047W,0,1.4753225,0.12572507560253143,0.9319999814033508,0.6481000185012817
YHR031C,YOR343W-A,0,1.4752233,0.12570811808109283,0.9319999814033508,0.6481999754905701
YJR009C,YLR446W,0,1.4751474,0.12569116055965424,0.9319999814033508,0.6482999920845032
YKL199C,YBR030W,0,1.4750888,0.12567421793937683,0.9319999814033508,0.6484000086784363
YGL210W,YNR061C,0,1.4749843,0.12565727531909943,0.9319999814033508,0.6485000252723694
YDL114W,YJL106W,0,1.4747676,0.12564033269882202,0.9319999814033508,0.6485999822616577
YBR175W,YAL008W,0,1.4747499,0.1256234049797058,0.9319999814033508,0.6486999988555908
YBR024W,YDL195W,0,1.4741633,0.1256064623594284,0.9319999814033508,0.6488000154495239
YHR215W,YOR075W,0,1.473916,0.1255895495414734,0.9319999814033508,0.6488999724388123
YBR022W,YCR047C,0,1.4738469,0.12557262182235718,0.9319999814033508,0.6489999890327454
YJR076C,YGR001C,0,1.4734981,0.12555570900440216,0.9319999814033508,0.6491000056266785
YLR096W,YER061C,0,1.4734545,0.12553879618644714,0.9319999814033508,0.6492000222206116
YPR137C-B,YDR116C,0,1.4734206,0.12552188336849213,0.9319999814033508,0.6492999792098999
YDR071C,YLR448W,0,1.4734162,0.1255049854516983,0.9319999814033508,0.649399995803833
YMR264W,YLR040C,0,1.4732034,0.12548808753490448,0.9319999814033508,0.6495000123977661
YML040W,YEL015W,0,1.4731257,0.12547118961811066,0.9319999814033508,0.6496000289916992
YLR283W,YDR252W,0,1.4730258,0.12545430660247803,0.9319999814033508,0.6496999859809875
YKL178C,YKL198C,0,1.4729548,0.1254374086856842,0.9319999814033508,0.6498000025749207
YHR143W,YOL157C,0,1.4728844,0.12542054057121277,0.9319999814033508,0.6499000191688538
YPL157W,YPL095C,0,1.4728606,0.12540365755558014,0.9319999814033508,0.6499999761581421
YNL146W,YDR128W,0,1.4728562,0.1253867894411087,0.9319999814033508,0.6500999927520752
YHR160C,YMR051C,0,1.4723055,0.12536992132663727,0.9319999814033508,0.6502000093460083
YOL003C,YHR028C,0,1.4719143,0.12535305321216583,0.9319999814033508,0.6503000259399414
YDR440W,YIL126W,1,1.4715686,0.12547068297863007,0.9330000281333923,0.6503000259399414
YNL331C,YCR004C,0,1.4705513,0.12545381486415863,0.9330000281333923,0.6503999829292297
YMR188C,YIR009W,0,1.4704399,0.1254369467496872,0.9330000281333923,0.6504999995231628
YAL035W,YAL012W,0,1.4704273,0.12542007863521576,0.9330000281333923,0.650600016117096
YDR418W,YMR051C,0,1.4704244,0.12540322542190552,0.9330000281333923,0.6506999731063843
YER159C-A,YMR165C,0,1.470315,0.12538637220859528,0.9330000281333923,0.6507999897003174
YHL009W-B,YLR079W,0,1.470315,0.12536951899528503,0.9330000281333923,0.6509000062942505
YPL017C,YDR210W-B,0,1.4699539,0.125352680683136,0.9330000281333923,0.6510000228881836
YLR099C,YFL037W,0,1.4690458,0.12533584237098694,0.9330000281333923,0.6510999798774719
YOR290C,YHR081W,1,1.4690177,0.12545332312583923,0.9340000152587891,0.6510999798774719
YNL310C,YBR142W,0,1.4686683,0.125436469912529,0.9340000152587891,0.651199996471405
YKL088W,YDR436W,0,1.4686646,0.12541963160037994,0.9340000152587891,0.6513000130653381
YFR037C,YIR002C,1,1.4683883,0.12553705275058746,0.9350000023841858,0.6513000130653381
YIL115C,YBR241C,0,1.4683266,0.12552019953727722,0.9350000023841858,0.6514000296592712
YOR181W,YNL101W,0,1.4675457,0.12550336122512817,0.9350000023841858,0.6514999866485596
YDR531W,YDR358W,0,1.4673324,0.12548650801181793,0.9350000023841858,0.6516000032424927
YNL054W-B,YBR105C,0,1.4670647,0.12546966969966888,0.9350000023841858,0.6517000198364258
YHR143W,YDL115C,0,1.4670153,0.12545283138751984,0.9350000023841858,0.6517999768257141
YDR128W,YJR058C,0,1.4666232,0.12543600797653198,0.9350000023841858,0.6518999934196472
YIL034C,YIL090W,0,1.466616,0.12541918456554413,0.9350000023841858,0.6520000100135803
YMR316W,YBL093C,0,1.466501,0.12540236115455627,0.9350000023841858,0.6521000266075134
YLR312C-B,YIL113W,0,1.4664936,0.12538553774356842,0.9350000023841858,0.6521999835968018
YDR424C,YML074C,0,1.4658605,0.12536872923374176,0.9350000023841858,0.6523000001907349
YDR224C,YPL204W,1,1.4655994,0.12548598647117615,0.9359999895095825,0.6523000001907349
YJL033W,YJR076C,0,1.465499,0.1254691630601883,0.9359999895095825,0.652400016784668
YDL051W,YAL043C,0,1.4653914,0.12545235455036163,0.9359999895095825,0.6524999737739563
YCR098C,YGR200C,0,1.4650804,0.12543554604053497,0.9359999895095825,0.6525999903678894
YOR389W,YER044C,0,1.4650366,0.1254187375307083,0.9359999895095825,0.6527000069618225
YGL090W,YGR002C,1,1.4650259,0.12553590536117554,0.9369999766349792,0.6527000069618225
YKL199C,YER082C,0,1.4649596,0.12551908195018768,0.9369999766349792,0.6528000235557556
YHR052W,YDR034C-C,0,1.464898,0.12550227344036102,0.9369999766349792,0.652899980545044
YPL019C,YKR105C,0,1.4645538,0.12548546493053436,0.9369999766349792,0.652999997138977
YDR316W-A,YGL253W,0,1.4643923,0.1254686713218689,0.9369999766349792,0.6531000137329102
YOR201C,YER088C,0,1.4643674,0.12545186281204224,0.9369999766349792,0.6531999707221985
YOL031C,YDR239C,0,1.4641632,0.12543506920337677,0.9369999766349792,0.6532999873161316
YDR261W-B,YBL057C,0,1.4638146,0.1254182904958725,0.9369999766349792,0.6534000039100647
YIL078W,YKL116C,0,1.4637895,0.12540149688720703,0.9369999766349792,0.6535000205039978
YJR013W,YOR143C,0,1.463516,0.12538471817970276,0.9369999766349792,0.6535999774932861
YOL064C,YKR030W,0,1.4633662,0.1253679394721985,0.9369999766349792,0.6536999940872192
YEL017C-A,YPL281C,0,1.4633551,0.1253511756658554,0.9369999766349792,0.6538000106811523
YDR177W,YOR246C,0,1.4633117,0.12533439695835114,0.9369999766349792,0.6539000272750854
YMR043W,YPL028W,0,1.4629743,0.12531764805316925,0.9369999766349792,0.6539999842643738
YDR481C,YLR126C,0,1.4629617,0.12530088424682617,0.9369999766349792,0.6541000008583069
YNL061W,YGL039W,0,1.4629583,0.1252841353416443,0.9369999766349792,0.65420001745224
YDR312W,YER088C,0,1.4620609,0.1252673864364624,0.9369999766349792,0.6542999744415283
YPL051W,YDL082W,0,1.4619753,0.12525063753128052,0.9369999766349792,0.6543999910354614
YOR278W,YML091C,0,1.4616408,0.12523388862609863,0.9369999766349792,0.6545000076293945
YGR035C,YPL172C,0,1.4614757,0.12521715462207794,0.9369999766349792,0.6546000242233276
YMR122W-A,YDR400W,0,1.4614409,0.12520042061805725,0.9369999766349792,0.654699981212616
YAR007C,YOR346W,1,1.4612402,0.1253173053264618,0.9380000233650208,0.654699981212616
YGL249W,YGL039W,0,1.4605932,0.1253005564212799,0.9380000233650208,0.6547999978065491
YHR143W,YPL149W,0,1.4600141,0.12528382241725922,0.9380000233650208,0.6549000144004822
YMR217W,YDL030W,0,1.4599388,0.12526708841323853,0.9380000233650208,0.6549999713897705
YDL231C,YGR295C,0,1.4590923,0.12525036931037903,0.9380000233650208,0.6550999879837036
YLR312C-B,YML087C,0,1.4590727,0.12523365020751953,0.9380000233650208,0.6552000045776367
YDL144C,YBL061C,0,1.458602,0.12521693110466003,0.9380000233650208,0.6553000211715698
YIL111W,YCR040W,0,1.4583735,0.12520021200180054,0.9380000233650208,0.6553999781608582
YHR140W,YPR108W,0,1.4582596,0.12518350780010223,0.9380000233650208,0.6554999947547913
YER120W,YOL157C,0,1.4580454,0.12516680359840393,0.9380000233650208,0.6556000113487244
YER159C-A,YGR086C,0,1.4578921,0.12515009939670563,0.9380000233650208,0.6557000279426575
YJL198W,YGL021W,0,1.4574978,0.12513341009616852,0.9380000233650208,0.6557999849319458
YJL108C,YGR272C,0,1.4573083,0.1251167207956314,0.9380000233650208,0.6559000015258789
YCR096C,YKL028W,0,1.4572332,0.1251000314950943,0.9380000233650208,0.656000018119812
YNR045W,YAR010C,0,1.4571793,0.1250833421945572,0.9380000233650208,0.6560999751091003
YOR288C,YGL039W,0,1.4568475,0.12506666779518127,0.9380000233650208,0.6561999917030334
YDR134C,YPR186C,0,1.4565893,0.12504999339580536,0.9380000233650208,0.6563000082969666
YNL242W,YPR098C,0,1.4563316,0.12503331899642944,0.9380000233650208,0.6564000248908997
YOR046C,YPL189C-A,0,1.4562712,0.12501665949821472,0.9380000233650208,0.656499981880188
YHR206W,YHR028C,0,1.4560492,0.125,0.9380000233650208,0.6565999984741211
YDR071C,YGR272C,0,1.4560094,0.12498334795236588,0.9380000233650208,0.6567000150680542
YER126C,YCR028C,0,1.4558022,0.12496669590473175,0.9380000233650208,0.6567999720573425
YJL143W,YCR009C,0,1.4554145,0.12495004385709763,0.9380000233650208,0.6568999886512756
YDR046C,YIR006C,0,1.4549282,0.1249334067106247,0.9380000233650208,0.6570000052452087
YOR192C-B,YBR158W,0,1.4547141,0.12491676956415176,0.9380000233650208,0.6571000218391418
YFR037C,YLR357W,1,1.4546555,0.12503328919410706,0.9390000104904175,0.6571000218391418
YKL089W,YHR140W,0,1.4544631,0.12501664459705353,0.9390000104904175,0.6571999788284302
YPR063C,YMR282C,0,1.4544306,0.125,0.9390000104904175,0.6572999954223633
YBL010C,YGR037C,0,1.4543022,0.12498336285352707,0.9390000104904175,0.6574000120162964
YNL213C,YKL116C,0,1.4541652,0.12496672570705414,0.9390000104904175,0.6575000286102295
YDR050C,YIL155C,0,1.4538538,0.1249501034617424,0.9390000104904175,0.6575999855995178
YBR048W,YKL212W,0,1.4536223,0.12493347376585007,0.9390000104904175,0.6577000021934509
YDR479C,YDR055W,0,1.4534591,0.12491685152053833,0.9390000104904175,0.657800018787384
YDR239C,YKR104W,0,1.4533874,0.12490023672580719,0.9390000104904175,0.6578999757766724
YIL004C,YKL021C,0,1.4533579,0.12488362938165665,0.9390000104904175,0.6579999923706055
YMR088C,YHR186C,0,1.4524415,0.1248670220375061,0.9390000104904175,0.6581000089645386
YLR035C-A,YOR063W,0,1.4523216,0.12485042214393616,0.9390000104904175,0.6582000255584717
YER025W,YOR356W,0,1.4521493,0.12483382225036621,0.9390000104904175,0.65829998254776
YLR142W,YBR142W,0,1.452121,0.12481722980737686,0.9390000104904175,0.6583999991416931
YOR075W,YGR272C,0,1.4520915,0.12480063736438751,0.9390000104904175,0.6585000157356262
YFR006W,YGR116W,0,1.4519409,0.12478405237197876,0.9390000104904175,0.6585999727249146
YNL086W,YMR130W,0,1.4518279,0.1247674748301506,0.9390000104904175,0.6586999893188477
YPR158C-D,YCR047C,0,1.4517528,0.12475089728832245,0.9390000104904175,0.6588000059127808
YDR120C,YHR036W,0,1.4514747,0.12473432719707489,0.9390000104904175,0.6589000225067139
YMR307W,YPL231W,0,1.4512981,0.12471775710582733,0.9390000104904175,0.6589999794960022
YGR071C,YKL158W,0,1.4512463,0.12470119446516037,0.9390000104904175,0.6590999960899353
YDR531W,YDR034C-C,0,1.4511027,0.124684639275074,0.9390000104904175,0.6592000126838684
YDR466W,YKL034W,0,1.4507508,0.12466808408498764,0.9390000104904175,0.6593000292778015
YER140W,YCR037C,0,1.4507139,0.12465153634548187,0.9390000104904175,0.6593999862670898
YGL232W,YOR044W,0,1.4506631,0.1246349886059761,0.9390000104904175,0.659500002861023
YER113C,YBR185C,0,1.4505181,0.12461844831705093,0.9390000104904175,0.659600019454956
YIL090W,YBR105C,0,1.4503989,0.12460190802812576,0.9390000104904175,0.6596999764442444
YER096W,YGR035C,0,1.4500602,0.12458537518978119,0.9390000104904175,0.6597999930381775
YDR239C,YAL025C,0,1.4499248,0.12456884980201721,0.9390000104904175,0.6599000096321106
YHL009W-B,YHR171W,0,1.4498025,0.12455232441425323,0.9390000104904175,0.6600000262260437
YNL308C,YGL040C,0,1.4496256,0.12453580647706985,0.9390000104904175,0.660099983215332
YNL322C,YBR105C,0,1.4494692,0.12451929599046707,0.9390000104904175,0.6601999998092651
YDR424C,YJR098C,0,1.4491966,0.12450278550386429,0.9390000104904175,0.6603000164031982
YGL191W,YDL008W,0,1.4491148,0.1244862750172615,0.9390000104904175,0.6603999733924866
YLR312C-B,YML063W,0,1.4488598,0.12446977943181992,0.9390000104904175,0.6604999899864197
YFR032C-A,YLR015W,0,1.4485893,0.12445328384637833,0.9390000104904175,0.6606000065803528
YGR292W,YBR214W,0,1.44824,0.12443678826093674,0.9390000104904175,0.6607000231742859
YPR108W,YGL084C,0,1.4479339,0.12442030012607574,0.9390000104904175,0.6607999801635742
YDL007W,YNL007C,0,1.4477135,0.12440381199121475,0.9390000104904175,0.6608999967575073
YJL048C,YNL012W,0,1.4475074,0.12438733875751495,0.9390000104904175,0.6610000133514404
YDR511W,YNL162W,0,1.4474357,0.12437085807323456,0.9390000104904175,0.6610999703407288
YDR466W,YGR262C,0,1.4473994,0.12435439229011536,0.9390000104904175,0.6611999869346619
YBR207W,YKL158W,0,1.4471855,0.12433792650699615,0.9390000104904175,0.661300003528595
YDR056C,YJL156C,0,1.4469074,0.12432146072387695,0.9390000104904175,0.6614000201225281
YMR188C,YKL059C,0,1.4468088,0.12430500239133835,0.9390000104904175,0.6614999771118164
YLR446W,YML087C,0,1.4467294,0.12428855150938034,0.9390000104904175,0.6615999937057495
YER111C,YNR047W,0,1.4464201,0.12427210062742233,0.9390000104904175,0.6617000102996826
YGL035C,YJL101C,0,1.4461931,0.12425565719604492,0.9390000104904175,0.6618000268936157
YOL138C,YOR356W,0,1.4458033,0.12423921376466751,0.9390000104904175,0.661899983882904
YIL074C,YDR071C,0,1.4455233,0.1242227777838707,0.9390000104904175,0.6620000004768372
YBR264C,YPL026C,0,1.4454911,0.12420634925365448,0.9390000104904175,0.6621000170707703
YDR088C,YLR467W,0,1.4453748,0.12418992072343826,0.9390000104904175,0.6621999740600586
YLR419W,YLR286C,0,1.4450684,0.12417349964380264,0.9390000104904175,0.6622999906539917
YLR086W,YAL025C,0,1.4449213,0.12415707856416702,0.9390000104904175,0.6624000072479248
YOR343W-A,YGL040C,0,1.4448189,0.124140664935112,0.9390000104904175,0.6625000238418579
YOR396W,YLR121C,0,1.4444363,0.12412425875663757,0.9390000104904175,0.6625999808311462
YBL064C,YLR121C,0,1.444268,0.12410785257816315,0.9390000104904175,0.6626999974250793
YJR029W,YDR487C,0,1.4438386,0.12409144639968872,0.9390000104904175,0.6628000140190125
YPR186C,YGL185C,0,1.4436886,0.12407505512237549,0.9390000104904175,0.6628999710083008
YDL085W,YDL180W,0,1.4435699,0.12405866384506226,0.9390000104904175,0.6629999876022339
YJL165C,YER112W,0,1.4432085,0.12404227256774902,0.9390000104904175,0.663100004196167
YKL156W,YDR313C,0,1.4428695,0.12402588874101639,0.9390000104904175,0.6632000207901001
YER068W,YCL059C,0,1.4427526,0.12400951236486435,0.9390000104904175,0.6632999777793884
YPR137C-B,YBR122C,0,1.4425077,0.12399313598871231,0.9390000104904175,0.6633999943733215
YOR192C-B,YMR292W,0,1.4421463,0.12397675961256027,0.9390000104904175,0.6635000109672546
YDL141W,YCL059C,0,1.4418555,0.12396039813756943,0.9390000104904175,0.6636000275611877
YML113W,YNL098C,0,1.4417459,0.12394403666257858,0.9390000104904175,0.6636999845504761
YDR197W,YMR311C,0,1.4416692,0.12392767518758774,0.9390000104904175,0.6638000011444092
YDR270W,YAR010C,0,1.4415704,0.12391132116317749,0.9390000104904175,0.6639000177383423
YLR283W,YGR029W,0,1.4415369,0.12389497458934784,0.9390000104904175,0.6639999747276306
YHR027C,YJR016C,0,1.4414461,0.12387862801551819,0.9390000104904175,0.6640999913215637
YFL029C,YGR189C,0,1.4410541,0.12386228889226913,0.9390000104904175,0.6642000079154968
YIL109C,YMR152W,0,1.4403931,0.12384594976902008,0.9390000104904175,0.6643000245094299
YLR170C,YOL064C,0,1.440218,0.12382961809635162,0.9390000104904175,0.6643999814987183
YCR047C,YBR122C,0,1.4401705,0.12381329387426376,0.9390000104904175,0.6644999980926514
YOR067C,YBL023C,0,1.440157,0.1237969696521759,0.9390000104904175,0.6646000146865845
YFL036W,YJL153C,0,1.4401561,0.12378064543008804,0.9390000104904175,0.6646999716758728
YOR192C-B,YLR318W,0,1.4400518,0.12376433610916138,0.9390000104904175,0.6647999882698059
YPR137C-B,YNL185C,0,1.4399797,0.12374802678823471,0.9390000104904175,0.664900004863739
YLR371W,YPL257W-A,0,1.4398353,0.12373171746730804,0.9390000104904175,0.6650000214576721
YDR376W,YML063W,0,1.439783,0.12371541559696198,0.9390000104904175,0.6650999784469604
YFL002W-A,YML077W,0,1.439635,0.1236991137266159,0.9390000104904175,0.6651999950408936
YKL021C,YMR071C,0,1.4396162,0.12368282675743103,0.9390000104904175,0.6653000116348267
YHR086W,YPL092W,0,1.439611,0.12366653233766556,0.9390000104904175,0.6654000282287598
YPR158C-D,YDR117C,0,1.4395461,0.12365025281906128,0.9390000104904175,0.6654999852180481
YKR090W,YPL220W,0,1.439494,0.123633973300457,0.9390000104904175,0.6656000018119812
YDL085W,YFL041W,0,1.4390244,0.12361769378185272,0.9390000104904175,0.6657000184059143
YPR070W,YER184C,0,1.4382452,0.12360142171382904,0.9390000104904175,0.6657999753952026
YHR028C,YOL147C,0,1.4381572,0.12358515709638596,0.9390000104904175,0.6658999919891357
YLR008C,YBL090W,0,1.4376788,0.12356889247894287,0.9390000104904175,0.6660000085830688
YML040W,YIL171W,0,1.4374316,0.12355262786149979,0.9390000104904175,0.666100025177002
YDL200C,YFL039C,1,1.4366512,0.12366794049739838,0.9399999976158142,0.666100025177002
YPR137C-B,YNR027W,0,1.436585,0.1236516684293747,0.9399999976158142,0.6661999821662903
YKL156W,YCR098C,0,1.4362406,0.12363540381193161,0.9399999976158142,0.6662999987602234
YBR240C,YGL157W,0,1.4362218,0.12361914664506912,0.9399999976158142,0.6664000153541565
YGL206C,YPR158C-D,0,1.4357183,0.12360288947820663,0.9399999976158142,0.6664999723434448
YOR116C,YPL195W,0,1.4353387,0.12358663976192474,0.9399999976158142,0.6665999889373779
YIR006C,YER184C,0,1.4349636,0.12357039749622345,0.9399999976158142,0.666700005531311
YCR077C,YAR044W,0,1.4348634,0.12355415523052216,0.9399999976158142,0.6668000221252441
YCR029C-A,YLR127C,0,1.4347697,0.12353791296482086,0.9399999976158142,0.6668999791145325
YEL038W,YGL040C,0,1.4347422,0.12352168560028076,0.9399999976158142,0.6669999957084656
YOR143C,YHR117W,0,1.4346824,0.12350545078516006,0.9399999976158142,0.6671000123023987
YDR466W,YLR188W,0,1.4345821,0.12348923087120056,0.9399999976158142,0.6672000288963318
YNR027W,YDR523C,0,1.4341818,0.12347300350666046,0.9399999976158142,0.6672999858856201
YLR214W,YDR101C,0,1.4338118,0.12345679104328156,0.9399999976158142,0.6674000024795532
YDR210W-B,YGR184C,0,1.4337319,0.12344057857990265,0.9399999976158142,0.6675000190734863
YER083C,YDR313C,0,1.433611,0.12342436611652374,0.9399999976158142,0.6675999760627747
YMR281W,YPL111W,0,1.433327,0.12340816855430603,0.9399999976158142,0.6676999926567078
YDR388W,YLR192C,0,1.4327986,0.12339196354150772,0.9399999976158142,0.6678000092506409
YLL062C,YER174C,0,1.4325404,0.1233757734298706,0.9399999976158142,0.667900025844574
YHR206W,YDL067C,0,1.4325318,0.12335958331823349,0.9399999976158142,0.6679999828338623
YER068W,YNL054W-B,0,1.4323598,0.12334339320659637,0.9399999976158142,0.6680999994277954
YOR389W,YKR058W,0,1.4323435,0.12332721054553986,0.9399999976158142,0.6682000160217285
YER025W,YLR201C,0,1.4322468,0.12331103533506393,0.9399999976158142,0.6682999730110168
YJL157C,YBR097W,0,1.4321102,0.12329486012458801,0.9399999976158142,0.66839998960495
YJL143W,YJR065C,0,1.4319441,0.12327868491411209,0.9399999976158142,0.6685000061988831
YAR010C,YDR298C,0,1.4318753,0.12326252460479736,0.9399999976158142,0.6686000227928162
YDL108W,YMR150C,0,1.4318354,0.12324636429548264,0.9399999976158142,0.6686999797821045
YCL075W,YHR117W,0,1.4317812,0.12323020398616791,0.9399999976158142,0.6687999963760376
YPR036W,YDL144C,0,1.4316691,0.12321405112743378,0.9399999976158142,0.6689000129699707
YGR076C,YER184C,0,1.431651,0.12319790571928024,0.9399999976158142,0.6690000295639038
YIL125W,YDR088C,0,1.4314411,0.12318176031112671,0.9399999976158142,0.6690999865531921
YDR440W,YFL039C,1,1.4313318,0.12329664826393127,0.9409999847412109,0.6690999865531921
YOR192C-B,YHR013C,0,1.4312402,0.12328049540519714,0.9409999847412109,0.6692000031471252
YJR001W,YDR261W-B,0,1.430879,0.12326434254646301,0.9409999847412109,0.6693000197410583
YJL044C,YDR228C,0,1.4305506,0.12324819713830948,0.9409999847412109,0.6693999767303467
YBL024W,YDR210W-B,0,1.4303012,0.12323205918073654,0.9409999847412109,0.6694999933242798
YMR281W,YHR140W,0,1.4300776,0.1232159212231636,0.9409999847412109,0.6696000099182129
YJL073W,YLR237W,0,1.4299983,0.12319979071617126,0.9409999847412109,0.669700026512146
YOR308C,YDL136W,0,1.4299102,0.12318366020917892,0.9409999847412109,0.6697999835014343
YJL062W-A,YBL022C,0,1.4297969,0.12316753715276718,0.9409999847412109,0.6699000000953674
YNR027W,YPL257W-A,0,1.4297956,0.12315142154693604,0.9409999847412109,0.6700000166893005
YER087C-A,YBR207W,0,1.4297785,0.12313530594110489,0.9409999847412109,0.6700999736785889
YDR316W-A,YDR478W,0,1.4294707,0.12311919033527374,0.9409999847412109,0.670199990272522
YMR100W,YBR012W-B,0,1.4294323,0.12310308963060379,0.9409999847412109,0.6703000068664551
YBR185C,YJR135W-A,0,1.4292206,0.12308698147535324,0.9409999847412109,0.6704000234603882
YMR139W,YOR070C,0,1.4291921,0.12307088822126389,0.9409999847412109,0.6704999804496765
YOR192C-B,YMR290C,0,1.4287124,0.12305479496717453,0.9409999847412109,0.6705999970436096
YBR055C,YOL064C,0,1.4285567,0.12303870171308517,0.9409999847412109,0.6707000136375427
YDR347W,YGR295C,0,1.4284312,0.12302261590957642,0.9409999847412109,0.670799970626831
YNL054W-B,YBR185C,0,1.4284233,0.12300653755664825,0.9409999847412109,0.6708999872207642
YPR137C-B,YGL210W,0,1.4282789,0.12299045920372009,0.9409999847412109,0.6710000038146973
YER068W,YBL055C,0,1.428067,0.12297438830137253,0.9409999847412109,0.6711000204086304
YLR312C-B,YKR105C,0,1.42749,0.12295831739902496,0.9409999847412109,0.6711999773979187
YML116W,YLR467W,0,1.4274753,0.122942253947258,0.9409999847412109,0.6712999939918518
YER088C,YJR076C,0,1.427371,0.12292619049549103,0.9409999847412109,0.6714000105857849
YBR231C,YKL158W,0,1.4269904,0.12291013449430466,0.9409999847412109,0.671500027179718
YPL051W,YLR048W,0,1.4268557,0.12289408594369888,0.9409999847412109,0.6715999841690063
YLL013C,YGR272C,0,1.426833,0.12287803739309311,0.9409999847412109,0.6717000007629395
YOR192C-B,YHR186C,0,1.4266899,0.12286198884248734,0.9409999847412109,0.6718000173568726
YDR315C,YPR047W,0,1.4266498,0.12284595519304276,0.9409999847412109,0.6718999743461609
YDL006W,YKR058W,0,1.4264611,0.12282991409301758,0.9409999847412109,0.671999990940094
YOL030W,YDR034C-C,0,1.4260038,0.1228138878941536,0.9409999847412109,0.6721000075340271
YNR022C,YIL155C,0,1.4259794,0.12279786169528961,0.9409999847412109,0.6722000241279602
YDR358W,YML037C,0,1.4259313,0.12278183549642563,0.9409999847412109,0.6722999811172485
YGL251C,YHR140W,0,1.4258932,0.12276581674814224,0.9409999847412109,0.6723999977111816
YML106W,YHR092C,0,1.4256058,0.12274980545043945,0.9409999847412109,0.6725000143051147
YMR142C,YBR024W,0,1.4254966,0.12273379415273666,0.9409999847412109,0.6725999712944031
YEL013W,YHR067W,0,1.425381,0.12271779030561447,0.9409999847412109,0.6726999878883362
YMR166C,YOR063W,0,1.4253488,0.12270178645849228,0.9409999847412109,0.6728000044822693
YDR316W-A,YGR123C,0,1.4252813,0.12268579006195068,0.9409999847412109,0.6729000210762024
YOR240W,YIL113W,0,1.4252273,0.12266979366540909,0.9409999847412109,0.6729999780654907
YFR041C,YOR221C,0,1.4252007,0.12265380471944809,0.9409999847412109,0.6730999946594238
YDR251W,YDL185W,0,1.4251698,0.12263782322406769,0.9409999847412109,0.6732000112533569
YJR016C,YLR100W,0,1.4250008,0.12262184172868729,0.9409999847412109,0.67330002784729
YMR221C,YDL184C,0,1.4249697,0.12260586023330688,0.9409999847412109,0.6733999848365784
YOL092W,YDR334W,0,1.4249032,0.12258989363908768,0.9409999847412109,0.6735000014305115
YDL210W,YDR069C,0,1.4247485,0.12257391959428787,0.9409999847412109,0.6736000180244446
YGR286C,YKL028W,0,1.4246495,0.12255796045064926,0.9409999847412109,0.6736999750137329
YJR098C,YPR032W,0,1.4245006,0.12254200130701065,0.9409999847412109,0.673799991607666
YKL143W,YNL015W,0,1.4243847,0.12252604216337204,0.9409999847412109,0.6739000082015991
YJL062W-A,YOL080C,0,1.4243702,0.12251009047031403,0.9409999847412109,0.6740000247955322
YDL075W,YHL036W,0,1.4241791,0.12249413877725601,0.9409999847412109,0.6740999817848206
YJR110W,YBR036C,0,1.4237785,0.12247820198535919,0.9409999847412109,0.6741999983787537
YLR008C,YCR094W,0,1.4237684,0.12246225774288177,0.9409999847412109,0.6743000149726868
YNL291C,YDR424C,0,1.4237134,0.12244632095098495,0.9409999847412109,0.6743999719619751
YDL231C,YHL009W-B,0,1.4235841,0.12243039160966873,0.9409999847412109,0.6744999885559082
YDR342C,YHL016C,0,1.4233825,0.12241446226835251,0.9409999847412109,0.6746000051498413
YER099C,YDR318W,0,1.4233485,0.12239854037761688,0.9409999847412109,0.6747000217437744
YDL038C,YIL145C,0,1.423192,0.12238262593746185,0.9409999847412109,0.6747999787330627
YKL100C,YJR010C-A,0,1.423157,0.12236671149730682,0.9409999847412109,0.6748999953269958
YHL009W-B,YBL037W,0,1.4227175,0.1223507970571518,0.9409999847412109,0.675000011920929
YJR066W,YOR233W,0,1.4226325,0.12233489006757736,0.9409999847412109,0.6751000285148621
YDR126W,YPL159C,0,1.4212515,0.12231899052858353,0.9409999847412109,0.6751999855041504
YLR035C-A,YDR228C,0,1.4202509,0.12230309098958969,0.9409999847412109,0.6753000020980835
YPR184W,YGL095C,0,1.4195997,0.12228719890117645,0.9409999847412109,0.6754000186920166
YDR170W-A,YML048W,0,1.4195887,0.12227130681276321,0.9409999847412109,0.6754999756813049
YJR025C,YGR116W,0,1.4195623,0.12225542217493057,0.9409999847412109,0.675599992275238
YMR088C,YAR044W,0,1.4195111,0.12223954498767853,0.9409999847412109,0.6757000088691711
YOL030W,YDR210W-B,0,1.4192505,0.12222366780042648,0.9409999847412109,0.6758000254631042
YML124C,YBR058C-A,0,1.41877,0.12220779061317444,0.9409999847412109,0.6758999824523926
YBR286W,YOR192C-B,0,1.4186727,0.12219192087650299,0.9409999847412109,0.6759999990463257
YOL138C,YBR213W,0,1.4184575,0.12217605859041214,0.9409999847412109,0.6761000156402588
YFR037C,YDR224C,1,1.4182496,0.12229001522064209,0.9419999718666077,0.6761000156402588
YLR139C,YLR337W,0,1.4181854,0.12227414548397064,0.9419999718666077,0.6761999726295471
YPR102C,YDR334W,0,1.4181083,0.1222582757472992,0.9419999718666077,0.6762999892234802
YHL009W-B,YML005W,0,1.4179504,0.12224240601062775,0.9419999718666077,0.6764000058174133
YOR343W-A,YGR286C,0,1.4176254,0.1222265437245369,0.9419999718666077,0.6765000224113464
YIR015W,YER184C,0,1.4176224,0.12221068888902664,0.9419999718666077,0.6765999794006348
YDR532C,YER159C-A,0,1.4173366,0.12219483405351639,0.9419999718666077,0.6766999959945679
YER027C,YBR156C,0,1.4170532,0.12217898666858673,0.9419999718666077,0.676800012588501
YDR507C,YLL022C,0,1.4170015,0.12216314673423767,0.9419999718666077,0.6769000291824341
YFR041C,YDR298C,0,1.4169393,0.12214729934930801,0.9419999718666077,0.6769999861717224
YLR038C,YOR306C,0,1.4167252,0.12213146686553955,0.9419999718666077,0.6771000027656555
YLR312C-B,YML034W,0,1.4165188,0.12211563438177109,0.9419999718666077,0.6772000193595886
YDR299W,YBL074C,0,1.4161667,0.12209980189800262,0.9419999718666077,0.677299976348877
YHR036W,YDR400W,0,1.4160459,0.12208398431539536,0.9419999718666077,0.6773999929428101
YGL191W,YJR076C,0,1.4159707,0.12206815928220749,0.9419999718666077,0.6775000095367432
YDR107C,YNL322C,0,1.4158742,0.12205234169960022,0.9419999718666077,0.6776000261306763
YDR320C-A,YER030W,0,1.4158198,0.12203653156757355,0.9419999718666077,0.6776999831199646
YFR006W,YCR010C,0,1.4158001,0.12202072888612747,0.9419999718666077,0.6777999997138977
YPR158C-D,YBR159W,0,1.4153502,0.1220049187541008,0.9419999718666077,0.6779000163078308
YMR298W,YER086W,0,1.4150175,0.12198912352323532,0.9419999718666077,0.6779999732971191
YEL002C,YLR441C,0,1.4149543,0.12197332829236984,0.9419999718666077,0.6780999898910522
YKL199C,YEL013W,0,1.4148101,0.12195753306150436,0.9419999718666077,0.6782000064849854
YER148W,YCR040W,0,1.4147416,0.12194174528121948,0.9419999718666077,0.6783000230789185
YPL257W-A,YLL022C,0,1.4146641,0.1219259649515152,0.9419999718666077,0.6783999800682068
YBR024W,YHL047C,0,1.4146628,0.12191018462181091,0.9419999718666077,0.6784999966621399
YER159C-A,YER096W,0,1.4146279,0.12189441174268723,0.9419999718666077,0.678600013256073
YPL186C,YGL157W,0,1.4141599,0.12187863886356354,0.9419999718666077,0.6786999702453613
YDR481C,YDR261W-B,0,1.4137974,0.12186287343502045,0.9419999718666077,0.6787999868392944
YCR053W,YGR188C,0,1.4134514,0.12184710800647736,0.9419999718666077,0.6789000034332275
YNL207W,YNR020C,0,1.4134268,0.12183135002851486,0.9419999718666077,0.6790000200271606
YDL085W,YDL067C,0,1.4122623,0.12181559205055237,0.9419999718666077,0.679099977016449
YDL114W,YNL310C,0,1.4121963,0.12179984152317047,0.9419999718666077,0.6791999936103821
YLR312C-B,YOR396W,0,1.4121048,0.12178409844636917,0.9419999718666077,0.6793000102043152
YER140W,YDR071C,0,1.4118489,0.12176835536956787,0.9419999718666077,0.6794000267982483
YMR287C,YDR115W,0,1.4115582,0.12175261974334717,0.9419999718666077,0.6794999837875366
YHR039C-B,YDR483W,0,1.4115407,0.12173688411712646,0.9419999718666077,0.6796000003814697
YMR217W,YPR021C,0,1.4114387,0.12172115594148636,0.9419999718666077,0.6797000169754028
YPR108W,YGL059W,0,1.4112381,0.12170542776584625,0.9419999718666077,0.6797999739646912
YPR042C,YKR097W,0,1.4112206,0.12168970704078674,0.9419999718666077,0.6798999905586243
YDL144C,YLR121C,0,1.4111379,0.12167398631572723,0.9419999718666077,0.6800000071525574
YOR384W,YAR010C,0,1.4110781,0.12165827304124832,0.9419999718666077,0.6801000237464905
YDR312W,YGR088W,0,1.4110321,0.12164255976676941,0.9419999718666077,0.6801999807357788
YKL109W,YMR204C,0,1.4109333,0.1216268539428711,0.9419999718666077,0.6802999973297119
YOR389W,YOR131C,0,1.4109025,0.12161115556955338,0.9419999718666077,0.680400013923645
YER083C,YPL031C,0,1.4108694,0.12159545719623566,0.9419999718666077,0.6804999709129333
YNR040W,YGL059W,0,1.4107234,0.12157975882291794,0.9419999718666077,0.6805999875068665
YDL043C,YLR100W,0,1.410585,0.12156407535076141,0.9419999718666077,0.6807000041007996
YNR040W,YKR105C,0,1.4105256,0.12154838442802429,0.9419999718666077,0.6808000206947327
YDR420W,YAR044W,0,1.4104686,0.12153270840644836,0.9419999718666077,0.680899977684021
YMR130W,YKR105C,0,1.4103606,0.12151702493429184,0.9419999718666077,0.6809999942779541
YER159C-A,YGL040C,0,1.4101138,0.12150135636329651,0.9419999718666077,0.6811000108718872
YER147C,YHR099W,1,1.4098996,0.12161464989185333,0.9430000185966492,0.6811000108718872
YMR256C,YNR040W,0,1.4098965,0.12159896641969681,0.9430000185966492,0.6812000274658203
YPR137C-B,YDL056W,0,1.4097166,0.12158329039812088,0.9430000185966492,0.6812999844551086
YLR142W,YMR285C,0,1.4096873,0.12156761437654495,0.9430000185966492,0.6814000010490417
YKR014C,YDL185W,0,1.4096837,0.12155194580554962,0.9430000185966492,0.6815000176429749
YDL120W,YJR143C,0,1.4095391,0.12153627723455429,0.9430000185966492,0.6815999746322632
YGL035C,YOR044W,0,1.4094658,0.12152061611413956,0.9430000185966492,0.6816999912261963
YDR107C,YJL062W-A,0,1.4093227,0.12150496244430542,0.9430000185966492,0.6818000078201294
YER159C-A,YEL059C-A,0,1.409211,0.12148930877447128,0.9430000185966492,0.6819000244140625
YDR420W,YOL080C,0,1.4092073,0.12147365510463715,0.9430000185966492,0.6819999814033508
YGL211W,YLR337W,0,1.4088709,0.1214580088853836,0.9430000185966492,0.6820999979972839
YDR316W-A,YPL157W,0,1.4088167,0.12144237011671066,0.9430000185966492,0.682200014591217
YOR322C,YGR279C,0,1.4082873,0.12142673134803772,0.9430000185966492,0.6822999715805054
YCL075W,YLR079W,0,1.4081582,0.12141110002994537,0.9430000185966492,0.6823999881744385
YDL056W,YLR337W,0,1.4077616,0.12139546871185303,0.9430000185966492,0.6825000047683716
YER089C,YLR337W,0,1.4073462,0.12137984484434128,0.9430000185966492,0.6826000213623047
YLR414C,YER164W,0,1.4071896,0.12136422097682953,0.9430000185966492,0.682699978351593
YOR192C-A,YDR511W,0,1.4070667,0.12134860455989838,0.9430000185966492,0.6827999949455261
YDR074W,YMR289W,0,1.4068223,0.12133298814296722,0.9430000185966492,0.6829000115394592
YPL106C,YDL017W,0,1.4067465,0.12131737917661667,0.9430000185966492,0.6830000281333923
YML054C,YPR096C,0,1.4063548,0.12130177766084671,0.9430000185966492,0.6830999851226807
YKL173W,YKR059W,0,1.4062898,0.12128617614507675,0.9430000185966492,0.6832000017166138
YPR137C-B,YNR008W,0,1.4061383,0.1212705746293068,0.9430000185966492,0.6833000183105469
YFL002W-A,YJL109C,0,1.405958,0.12125498056411743,0.9430000185966492,0.6833999752998352
YPR048W,YNL061W,0,1.4059546,0.12123939394950867,0.9430000185966492,0.6834999918937683
YMR127C,YOR270C,0,1.4058332,0.1212238073348999,0.9430000185966492,0.6836000084877014
YEL038W,YMR127C,0,1.4057906,0.12120822817087173,0.9430000185966492,0.6837000250816345
YLR035C-A,YDL184C,0,1.4056324,0.12119264900684357,0.9430000185966492,0.6837999820709229
YKL178C,YDR093W,0,1.4051462,0.121177077293396,0.9430000185966492,0.683899998664856
YCR029C-A,YLR158C,0,1.4051056,0.12116150557994843,0.9430000185966492,0.6840000152587891
YFL029C,YOR306C,0,1.4045929,0.12114594131708145,0.9430000185966492,0.6840999722480774
YCL075W,YOL002C,0,1.4045899,0.12113037705421448,0.9430000185966492,0.6841999888420105
YPR158C-D,YBR164C,0,1.4044954,0.1211148202419281,0.9430000185966492,0.6843000054359436
YEL013W,YDR047W,0,1.4042147,0.12109927088022232,0.9430000185966492,0.6844000220298767
YLR098C,YDR046C,0,1.4041818,0.12108372151851654,0.9430000185966492,0.684499979019165
YGL173C,YER159C-A,0,1.4041739,0.12106817215681076,0.9430000185966492,0.6845999956130981
YDR363W-A,YDR065W,0,1.4040344,0.12105263024568558,0.9430000185966492,0.6847000122070312
YDR239C,YHR184W,0,1.4039232,0.12103709578514099,0.9430000185966492,0.6848000288009644
YGL089C,YDR050C,0,1.4038837,0.1210215613245964,0.9430000185966492,0.6848999857902527
YIL126W,YPL204W,1,1.4037869,0.12113434821367264,0.9440000057220459,0.6848999857902527
YLR015W,YDR210W-B,0,1.4034239,0.12111880630254745,0.9440000057220459,0.6850000023841858
YPL148C,YDR034C-C,0,1.4033525,0.12110327184200287,0.9440000057220459,0.6851000189781189
YDR368W,YER045C,0,1.4033318,0.12108773738145828,0.9440000057220459,0.6851999759674072
YIL084C,YGL031C,0,1.4033027,0.1210722103714943,0.9440000057220459,0.6852999925613403
YMR166C,YNL151C,0,1.40309,0.1210566833615303,0.9440000057220459,0.6854000091552734
YOR192C-A,YMR023C,0,1.4030311,0.12104115635156631,0.9440000057220459,0.6855000257492065
YOR221C,YIR009W,0,1.4030279,0.12102564424276352,0.9440000057220459,0.6855999827384949
YIL051C,YDL082W,0,1.4029408,0.12101012468338013,0.9440000057220459,0.685699999332428
YMR086W,YMR152W,0,1.402745,0.12099462002515793,0.9440000057220459,0.6858000159263611
YDR341C,YLR403W,0,1.402605,0.12097910791635513,0.9440000057220459,0.6858999729156494
YFL004W,YCR047C,0,1.402386,0.12096361070871353,0.9440000057220459,0.6859999895095825
YDR056C,YLR126C,0,1.4022983,0.12094811350107193,0.9440000057220459,0.6861000061035156
YPR063C,YNL061W,0,1.4022291,0.12093261629343033,0.9440000057220459,0.6862000226974487
YKR014C,YCR098C,0,1.402205,0.12091712653636932,0.9440000057220459,0.6862999796867371
YKL195W,YPL111W,0,1.4017079,0.12090163677930832,0.9440000057220459,0.6863999962806702
YLR109W,YJR001W,0,1.4015943,0.12088615447282791,0.9440000057220459,0.6865000128746033
YJL062W-A,YKL181W,0,1.4011372,0.1208706796169281,0.9440000057220459,0.6866000294685364
YKL088W,YHR025W,0,1.4006295,0.12085520476102829,0.9440000057220459,0.6866999864578247
YBL090W,YOL080C,0,1.4006011,0.12083973735570908,0.9440000057220459,0.6868000030517578
YDL180W,YNR007C,0,1.4003643,0.12082426995038986,0.9440000057220459,0.6869000196456909
YPR156C,YGL168W,0,1.4001285,0.12080880254507065,0.9440000057220459,0.6869999766349792
YPR081C,YGR001C,0,1.4001029,0.12079334259033203,0.9440000057220459,0.6870999932289124
YGL178W,YCL057C-A,0,1.3999798,0.12077789008617401,0.9440000057220459,0.6872000098228455
YMR297W,YLR286C,0,1.3999124,0.12076243758201599,0.9440000057220459,0.6873000264167786
YPR137C-B,YDR056C,0,1.3996739,0.12074699252843857,0.9440000057220459,0.6873999834060669
YLR048W,YGR076C,0,1.3992214,0.12073155492544174,0.9440000057220459,0.6875
YOL071W,YDR447C,0,1.3992182,0.12071610987186432,0.9440000057220459,0.6876000165939331
YHL044W,YBL074C,0,1.3992155,0.12070067971944809,0.9440000057220459,0.6876999735832214
YOR192C-B,YDR060W,0,1.3991026,0.12068524956703186,0.9440000057220459,0.6877999901771545
YLR035C-A,YPL186C,0,1.3985943,0.12066981941461563,0.9440000057220459,0.6879000067710876
YDL115C,YMR122W-A,0,1.3985252,0.12065439671278,0.9440000057220459,0.6880000233650208
YDL114W,YML070W,0,1.398478,0.12063897401094437,0.9440000057220459,0.6880999803543091
YML018C,YPL144W,0,1.3984702,0.12062355875968933,0.9440000057220459,0.6881999969482422
YGL173C,YNL191W,0,1.3984494,0.12060815095901489,0.9440000057220459,0.6883000135421753
YBR273C,YGR286C,0,1.3984182,0.12059274315834045,0.9440000057220459,0.6883999705314636
YCR029C-A,YPL019C,0,1.3983525,0.12057734280824661,0.9440000057220459,0.6884999871253967
YOR143C,YBR012W-B,0,1.397661,0.12056194245815277,0.9440000057220459,0.6886000037193298
YGL003C,YHR181W,0,1.3975366,0.12054654210805893,0.9440000057220459,0.6887000203132629
YOR066W,YOR131C,0,1.3970244,0.12053115665912628,0.9440000057220459,0.6887999773025513
YCR029C-A,YDR420W,0,1.3969777,0.12051576375961304,0.9440000057220459,0.6888999938964844
YOR278W,YAL008W,0,1.3968608,0.12050038576126099,0.9440000057220459,0.6890000104904175
YDR018C,YLR450W,0,1.3968256,0.12048500031232834,0.9440000057220459,0.6891000270843506
YGR184C,YNL289W,0,1.3966682,0.12046962976455688,0.9440000057220459,0.6891999840736389
YLR154C,YOR343W-A,0,1.396549,0.12045425176620483,0.9440000057220459,0.689300000667572
YGR029W,YDL204W,0,1.3961357,0.12043888866901398,0.9440000057220459,0.6894000172615051
YHR167W,YNL054W-B,0,1.3957275,0.12042352557182312,0.9440000057220459,0.6894999742507935
YDL144C,YGR220C,0,1.3953891,0.12040816247463226,0.9440000057220459,0.6895999908447266
YOR192C-B,YDR456W,0,1.3952097,0.120392806828022,0.9440000057220459,0.6897000074386597
YOL002C,YMR285C,0,1.3951733,0.12037745118141174,0.9440000057220459,0.6898000240325928
YMR016C,YDL195W,0,1.395146,0.12036210298538208,0.9440000057220459,0.6898999810218811
YPR158C-D,YOL152W,0,1.3950491,0.12034676223993301,0.9440000057220459,0.6899999976158142
YDR065W,YJL189W,0,1.3949229,0.12033142149448395,0.9440000057220459,0.6901000142097473
YJR015W,YLL001W,0,1.394841,0.12031608819961548,0.9440000057220459,0.6901999711990356
YOR047C,YDR341C,0,1.3946105,0.12030075490474701,0.9440000057220459,0.6902999877929688
YHR039C-B,YJL056C,0,1.394464,0.12028542160987854,0.9440000057220459,0.6904000043869019
YNL091W,YBL090W,0,1.3943739,0.12027009576559067,0.9440000057220459,0.690500020980835
YMR290C,YDR065W,0,1.3936312,0.12025477737188339,0.9440000057220459,0.6905999779701233
YJR025C,YFL029C,0,1.3932705,0.12023945897817612,0.9440000057220459,0.6906999945640564
YJL062W-A,YDL185W,0,1.3930862,0.12022414803504944,0.9440000057220459,0.6908000111579895
YPL148C,YPL186C,0,1.3930058,0.12020883709192276,0.9440000057220459,0.6909000277519226
YCL031C,YOR233W,0,1.3929981,0.12019353359937668,0.9440000057220459,0.6909999847412109
YOR131C,YGR071C,0,1.3929815,0.1201782301068306,0.9440000057220459,0.691100001335144
YJL041W,YGR027W-B,0,1.3921562,0.12016293406486511,0.9440000057220459,0.6912000179290771
YER159C-A,YMR163C,0,1.3921382,0.12014763802289963,0.9440000057220459,0.6912999749183655
YDR523C,YML063W,0,1.3920726,0.12013234943151474,0.9440000057220459,0.6913999915122986
YGL089C,YDR320C,0,1.3919835,0.12011706084012985,0.9440000057220459,0.6915000081062317
YMR201C,YHR081W,1,1.3919048,0.12022900581359863,0.9449999928474426,0.6915000081062317
YLL009C,YGR272C,0,1.3918675,0.12021370977163315,0.9449999928474426,0.6916000247001648
YOR211C,YFR007W,0,1.3918624,0.12019842118024826,0.9449999928474426,0.6916999816894531
YLR090W,YDR054C,0,1.3917128,0.12018313258886337,0.9449999928474426,0.6917999982833862
YLR287C-A,YMR051C,0,1.3916688,0.12016785144805908,0.9449999928474426,0.6919000148773193
YNR040W,YOR092W,0,1.3916044,0.12015257775783539,0.9449999928474426,0.6919999718666077
YML125C,YHR064C,0,1.391141,0.1201372966170311,0.9449999928474426,0.6920999884605408
YML037C,YDR529C,0,1.3906596,0.120122030377388,0.9449999928474426,0.6922000050544739
YPR137C-B,YML043C,0,1.3905668,0.1201067641377449,0.9449999928474426,0.692300021648407
YPL257W-A,YPL103C,0,1.3902991,0.1200914978981018,0.9449999928474426,0.6923999786376953
YJL165C,YDR065W,0,1.3902944,0.1200762391090393,0.9449999928474426,0.6924999952316284
YLR396C,YBR158W,0,1.3902093,0.1200609803199768,0.9449999928474426,0.6926000118255615
YFR041C,YCR077C,0,1.3901983,0.1200457289814949,0.9449999928474426,0.6927000284194946
YKL195W,YGR218W,0,1.3897921,0.1200304850935936,0.9449999928474426,0.692799985408783
YKR094C,YML095C,1,1.3895586,0.12014224380254745,0.9459999799728394,0.692799985408783
YDR261W-B,YBR084W,0,1.3895131,0.12012698501348495,0.9459999799728394,0.6929000020027161
YER083C,YHL036W,0,1.3893542,0.12011173367500305,0.9459999799728394,0.6930000185966492
YOR120W,YAL012W,0,1.3888535,0.12009648233652115,0.9459999799728394,0.6930999755859375
YBR158W,YPL068C,0,1.3879075,0.12008123844861984,0.9459999799728394,0.6931999921798706
YLR276C,YOR322C,0,1.3876483,0.12006599456071854,0.9459999799728394,0.6933000087738037
YNL291C,YOL139C,0,1.3876393,0.12005075812339783,0.9459999799728394,0.6934000253677368
YOR369C,YER106W,0,1.3873557,0.12003552913665771,0.9459999799728394,0.6934999823570251
YPL111W,YMR037C,0,1.3872725,0.1200203001499176,0.9459999799728394,0.6935999989509583
YHR171W,YMR122W-A,0,1.3871603,0.12000507116317749,0.9459999799728394,0.6937000155448914
YOR116C,YDR038C,0,1.3870871,0.11998984962701797,0.9459999799728394,0.6937999725341797
YLR086W,YJL056C,0,1.3868644,0.11997463554143906,0.9459999799728394,0.6938999891281128
YBR289W,YLR265C,1,1.3868349,0.12008623033761978,0.9470000267028809,0.6938999891281128
YNL311C,YNL049C,0,1.3867201,0.12007100135087967,0.9470000267028809,0.6940000057220459
YMR198W,YMR221C,0,1.3866836,0.12005577981472015,0.9470000267028809,0.694100022315979
YJL062W-A,YDL184C,0,1.3863785,0.12004056572914124,0.9470000267028809,0.6941999793052673
YCR081W,YMR045C,0,1.3863261,0.12002535164356232,0.9470000267028809,0.6942999958992004
YDR320C-A,YNL213C,0,1.3860298,0.1200101375579834,0.9470000267028809,0.6944000124931335
YDR532C,YDR380W,0,1.3856637,0.11999493092298508,0.9470000267028809,0.6945000290870667
YLR238W,YNL162W,0,1.385629,0.11997973173856735,0.9470000267028809,0.694599986076355
YBR058C,YPR102C,0,1.3855916,0.11996453255414963,0.9470000267028809,0.6947000026702881
YOR228C,YNL213C,0,1.3855609,0.1199493333697319,0.9470000267028809,0.6948000192642212
YER159C-A,YFL037W,0,1.385442,0.11993414163589478,0.9470000267028809,0.6948999762535095
YIL034C,YDR034C-C,0,1.385424,0.11991895735263824,0.9470000267028809,0.6949999928474426
YJR155W,YHR136C,0,1.3853018,0.11990377306938171,0.9470000267028809,0.6951000094413757
YER061C,YMR150C,0,1.3848566,0.11988859623670578,0.9470000267028809,0.6952000260353088
YMR043W,YMR045C,0,1.3844156,0.11987341940402985,0.9470000267028809,0.6952999830245972
YGR027W-B,YPL220W,0,1.3840529,0.11985824257135391,0.9470000267028809,0.6953999996185303
YLR035C-A,YMR109W,0,1.383712,0.11984308063983917,0.9470000267028809,0.6955000162124634
YPL096C-A,YNL213C,0,1.3835076,0.11982791125774384,0.9470000267028809,0.6955999732017517
YER159C-A,YDR283C,0,1.3834476,0.1198127493262291,0.9470000267028809,0.6956999897956848
YNL330C,YKR094C,1,1.3830769,0.11992409825325012,0.9480000138282776,0.6956999897956848
YNR061C,YHR052W,0,1.3828385,0.11990892887115479,0.9480000138282776,0.6958000063896179
YCR009C,YOR278W,0,1.3827958,0.11989376693964005,0.9480000138282776,0.695900022983551
YGR027W-B,YGL084C,0,1.382611,0.1198786050081253,0.9480000138282776,0.6959999799728394
YMR217W,YDR197W,0,1.3823315,0.11986344307661057,0.9480000138282776,0.6960999965667725
YKL199C,YMR223W,0,1.381946,0.11984829604625702,0.9480000138282776,0.6962000131607056
YOR192C-A,YDR534C,0,1.3817757,0.11983314156532288,0.9480000138282776,0.6963000297546387
YDR170W-A,YOR233W,0,1.3817586,0.11981799453496933,0.9480000138282776,0.696399986743927
YHL036W,YPL154C,0,1.3816172,0.11980285495519638,0.9480000138282776,0.6965000033378601
YLR035C-A,YAL043C,0,1.3815719,0.11978771537542343,0.9480000138282776,0.6966000199317932
YNR040W,YHR129C,0,1.3815315,0.11977258324623108,0.9480000138282776,0.6966999769210815
YHR143W,YGR047C,0,1.3814952,0.11975745111703873,0.9480000138282776,0.6967999935150146
YGL089C,YLR035C-A,0,1.3813386,0.11974232643842697,0.9480000138282776,0.6969000101089478
YOL157C,YDR421W,0,1.3812561,0.11972720175981522,0.9480000138282776,0.6970000267028809
YLR312C-B,YGL191W,0,1.3812063,0.11971208453178406,0.9480000138282776,0.6970999836921692
YNL311C,YOR192C-A,0,1.3811374,0.1196969673037529,0.9480000138282776,0.6972000002861023
YPL019C,YER030W,0,1.3810911,0.11968185752630234,0.9480000138282776,0.6973000168800354
YNL185C,YGR200C,0,1.3808839,0.11966674774885178,0.9480000138282776,0.6973999738693237
YFR003C,YER012W,0,1.3805547,0.11965164542198181,0.9480000138282776,0.6974999904632568
YER025W,YPL028W,0,1.3800035,0.11963655054569244,0.9480000138282776,0.6976000070571899
YGL039W,YKR104W,0,1.3798783,0.11962144821882248,0.9480000138282776,0.697700023651123
YDR126W,YNL217W,0,1.3794577,0.11960636079311371,0.9480000138282776,0.6977999806404114
YDR228C,YML009C,0,1.3791943,0.11959127336740494,0.9480000138282776,0.6978999972343445
YMR152W,YFL037W,0,1.3791106,0.11957618594169617,0.9480000138282776,0.6980000138282776
YER099C,YCR075C,0,1.3790773,0.119561105966568,0.9480000138282776,0.6980999708175659
YGR124W,YMR122W-A,0,1.3790362,0.11954602599143982,0.9480000138282776,0.698199987411499
YBR240C,YNR001C,0,1.3789595,0.11953095346689224,0.9480000138282776,0.6983000040054321
YPR036W,YNL191W,0,1.3788915,0.11951588839292526,0.9480000138282776,0.6984000205993652
YLR385C,YPL038W,0,1.3785887,0.11950081586837769,0.9480000138282776,0.6984999775886536
YOL100W,YDR103W,0,1.3785379,0.1194857582449913,0.9480000138282776,0.6985999941825867
YLL062C,YPL257W-A,0,1.3782642,0.11947070062160492,0.9480000138282776,0.6987000107765198
YNL293W,YBR166C,0,1.3782411,0.11945564299821854,0.9480000138282776,0.6988000273704529
YPL091W,YDR034C-C,0,1.3779094,0.11944059282541275,0.9480000138282776,0.6988999843597412
YJL062W-A,YDR117C,0,1.3778782,0.11942555010318756,0.9480000138282776,0.6990000009536743
YDR531W,YOL120C,0,1.3777323,0.11941050738096237,0.9480000138282776,0.6991000175476074
YOR389W,YOL157C,0,1.3776251,0.11939546465873718,0.9480000138282776,0.6991999745368958
YMR281W,YIL136W,0,1.3775364,0.11938042938709259,0.9480000138282776,0.6992999911308289
YDL129W,YPR168W,0,1.3772202,0.1193654015660286,0.9480000138282776,0.699400007724762
YHR207C,YPL149W,0,1.3772192,0.1193503737449646,0.9480000138282776,0.6995000243186951
YLR109W,YDL180W,0,1.377123,0.1193353459239006,0.9480000138282776,0.6995999813079834
YJL165C,YER140W,0,1.376954,0.1193203255534172,0.9480000138282776,0.6996999979019165
YDL038C,YNL185C,0,1.376869,0.1193053126335144,0.9480000138282776,0.6998000144958496
YMR171C,YDR283C,0,1.3768301,0.1192902997136116,0.9480000138282776,0.6998999714851379
YER159C-A,YGL185C,0,1.3768187,0.1192752867937088,0.9480000138282776,0.699999988079071
YDR236C,YOR057W,0,1.376482,0.1192602813243866,0.9480000138282776,0.7001000046730042
YDR347W,YBR012W-B,0,1.3763754,0.11924528330564499,0.9480000138282776,0.7002000212669373
YLR439W,YGR014W,0,1.3762417,0.11923028528690338,0.9480000138282776,0.7002999782562256
YHL009W-B,YPL258C,0,1.3760382,0.11921529471874237,0.9480000138282776,0.7003999948501587
YOR290C,YLR357W,1,1.3758075,0.11932604014873505,0.9490000009536743,0.7003999948501587
YJL044C,YMR045C,0,1.3756611,0.11931104212999344,0.9490000009536743,0.7005000114440918
YMR290C,YBR009C,0,1.3754343,0.11929603666067123,0.9490000009536743,0.7006000280380249
YBL088C,YFL039C,1,1.3749212,0.11940673738718033,0.949999988079071,0.7006000280380249
YPL074W,YDL109C,0,1.3748329,0.11939173191785812,0.949999988079071,0.7006999850273132
YDR210W-B,YIL124W,0,1.374717,0.11937672644853592,0.949999988079071,0.7008000016212463
YDR465C,YLR040C,0,1.3743644,0.11936172842979431,0.949999988079071,0.7009000182151794
YNL213C,YBR251W,0,1.3737901,0.1193467304110527,0.949999988079071,0.7009999752044678
YML037C,YNL054W-B,0,1.3737061,0.1193317398428917,0.949999988079071,0.7010999917984009
YLR312C-B,YLR139C,0,1.3729675,0.11931675672531128,0.949999988079071,0.701200008392334
YOR116C,YDR456W,0,1.3728541,0.11930177360773087,0.949999988079071,0.7013000249862671
YOL156W,YNL054W-B,0,1.3723582,0.11928679049015045,0.949999988079071,0.7013999819755554
YHL009W-B,YPL089C,0,1.3721986,0.11927181482315063,0.949999988079071,0.7014999985694885
YJR022W,YPL257W-A,0,1.3721632,0.11925683915615082,0.949999988079071,0.7016000151634216
YHR039C-B,YBR251W,0,1.3719447,0.1192418709397316,0.949999988079071,0.70169997215271
YLR172C,YBR251W,0,1.3719149,0.11922691017389297,0.949999988079071,0.7017999887466431
YCR072C,YGR135W,0,1.3717967,0.11921194940805435,0.949999988079071,0.7019000053405762
YCR039C,YJR022W,0,1.371748,0.11919698864221573,0.949999988079071,0.7020000219345093
YPR158C-D,YNR020C,0,1.371498,0.1191820353269577,0.949999988079071,0.7020999789237976
YBR237W,YHL009W-B,0,1.3714272,0.11916708201169968,0.949999988079071,0.7021999955177307
YDR128W,YGR027W-B,0,1.3713473,0.11915213614702225,0.949999988079071,0.7023000121116638
YLL009C,YER114C,0,1.371119,0.11913719773292542,0.949999988079071,0.7024000287055969
YHL008C,YMR012W,0,1.3709602,0.11912225931882858,0.949999988079071,0.7024999856948853
YLR446W,YLR121C,0,1.3708763,0.11910732090473175,0.949999988079071,0.7026000022888184
YBL010C,YPL202C,0,1.3706458,0.11909238994121552,0.949999988079071,0.7027000188827515
YNR040W,YBR084W,0,1.370137,0.11907746642827988,0.949999988079071,0.7027999758720398
YNR061C,YGL191W,0,1.3700562,0.11906253546476364,0.949999988079071,0.7028999924659729
YKL183W,YDR034C-C,0,1.3700082,0.1190476194024086,0.949999988079071,0.703000009059906
YDL127W,YGL040C,0,1.3699632,0.11903270334005356,0.949999988079071,0.7031000256538391
YIL126W,YHR081W,1,1.3699398,0.11914306879043579,0.9509999752044678,0.7031000256538391
YMR088C,YER012W,0,1.3695918,0.11912814527750015,0.9509999752044678,0.7031999826431274
YPL258C,YOL140W,0,1.3691947,0.11911322921514511,0.9509999752044678,0.7032999992370605
YOL077C,YLR337W,0,1.3688363,0.11909830570220947,0.9509999752044678,0.7034000158309937
YDL129W,YNL322C,0,1.3687468,0.11908339709043503,0.9509999752044678,0.703499972820282
YBR022W,YGR026W,0,1.3687367,0.11906848847866058,0.9509999752044678,0.7035999894142151
YDR270W,YJR025C,0,1.3684897,0.11905357986688614,0.9509999752044678,0.7037000060081482
YML040W,YOR116C,0,1.3682704,0.11903867870569229,0.9509999752044678,0.7038000226020813
YOR046C,YNL158W,0,1.3681431,0.11902377754449844,0.9509999752044678,0.7038999795913696
YGR035C,YMR012W,0,1.3680125,0.11900888383388519,0.9509999752044678,0.7039999961853027
YMR006C,YHL040C,0,1.367995,0.11899399757385254,0.9509999752044678,0.7041000127792358
YNL054W-B,YER184C,0,1.3676229,0.11897910386323929,0.9509999752044678,0.704200029373169
YKR094C,YHR099W,1,1.3675139,0.11908932030200958,0.9520000219345093,0.704200029373169
YAR015W,YDR261W-B,0,1.3672814,0.11907441914081573,0.9520000219345093,0.7042999863624573
YHR136C,YPR122W,0,1.3669142,0.11905953288078308,0.9520000219345093,0.7044000029563904
YDR440W,YDR224C,1,1.3666492,0.1191696897149086,0.953000009059906,0.7044000029563904
YDL075W,YKL158W,0,1.3664894,0.11915478855371475,0.953000009059906,0.7045000195503235
YJR098C,YBR214W,0,1.3663172,0.1191398948431015,0.953000009059906,0.7045999765396118
YER027C,YDR252W,0,1.3662356,0.11912500113248825,0.953000009059906,0.7046999931335449
YDL229W,YML077W,0,1.366178,0.1191101148724556,0.953000009059906,0.704800009727478
YPL149W,YKR050W,0,1.3657763,0.11909522861242294,0.953000009059906,0.7049000263214111
YGL135W,YDR315C,0,1.3653241,0.11908034235239029,0.953000009059906,0.7049999833106995
YBR041W,YLR201C,0,1.3647835,0.11906546354293823,0.953000009059906,0.7050999999046326
YJR016C,YFR006W,0,1.3643699,0.11905059218406677,0.953000009059906,0.7052000164985657
YJL165C,YDL056W,0,1.3643672,0.11903572082519531,0.953000009059906,0.705299973487854
YER061C,YBR122C,0,1.3642746,0.11902085691690445,0.953000009059906,0.7053999900817871
YML106W,YLR327C,0,1.3639543,0.11900599300861359,0.953000009059906,0.7055000066757202
YDR283C,YLR035C-A,0,1.3637367,0.11899113655090332,0.953000009059906,0.7056000232696533
YLR086W,YGR286C,0,1.3637011,0.11897628009319305,0.953000009059906,0.7056999802589417
YBR036C,YMR043W,0,1.3634896,0.11896143108606339,0.953000009059906,0.7057999968528748
YJR158W,YEL065W,0,1.3634858,0.11894658207893372,0.953000009059906,0.7059000134468079
YML018C,YJL102W,0,1.3633412,0.11893173307180405,0.953000009059906,0.7059999704360962
YER082C,YPL149W,0,1.3627683,0.11891689896583557,0.953000009059906,0.7060999870300293
YML116W,YNL308C,0,1.3627172,0.1189020574092865,0.953000009059906,0.7062000036239624
YKL059C,YPL214C,0,1.3625029,0.11888722330331802,0.953000009059906,0.7063000202178955
YDL143W,YLR430W,0,1.3621756,0.11887239664793015,0.953000009059906,0.7063999772071838
YDR032C,YMR026C,0,1.3621026,0.11885756999254227,0.953000009059906,0.7064999938011169
YMR165C,YPR031W,0,1.3619589,0.11884275078773499,0.953000009059906,0.70660001039505
YGL258W-A,YLR327C,0,1.3617879,0.1188279315829277,0.953000009059906,0.7067000269889832
YOR343W-A,YAR070W-A,0,1.3617879,0.11881311237812042,0.953000009059906,0.7067999839782715
YMR130W,YJL062W-A,0,1.3617879,0.11879830807447433,0.953000009059906,0.7069000005722046
YNR061C,YAR044W,0,1.3617879,0.11878349632024765,0.953000009059906,0.7070000171661377
YLR312C-B,YIL171W,0,1.3617879,0.11876869201660156,0.953000009059906,0.707099974155426
YJL048C,YAR070W-A,0,1.3617879,0.11875389516353607,0.953000009059906,0.7071999907493591
YGL258W-A,YGR027W-B,0,1.3617879,0.11873909831047058,0.953000009059906,0.7073000073432922
YCL048W-A,YHR129C,0,1.3617879,0.11872430890798569,0.953000009059906,0.7074000239372253
YCL048W-A,YGR123C,0,1.3617879,0.1187095195055008,0.953000009059906,0.7074999809265137
YBL101W-A,YJL101C,0,1.3617879,0.1186947301030159,0.953000009059906,0.7075999975204468
YBL101W-A,YIL113W,0,1.3617879,0.1186799481511116,0.953000009059906,0.7077000141143799
YOL092W,YAR044W,0,1.3617879,0.1186651736497879,0.953000009059906,0.7077999711036682
YCL048W-A,YOR066W,0,1.3617879,0.1186503991484642,0.953000009059906,0.7078999876976013
YMR128W,YCL048W-A,0,1.3617879,0.1186356246471405,0.953000009059906,0.7080000042915344
YPL068C,YLR337W,0,1.3617879,0.118620865046978,0.953000009059906,0.7081000208854675
YGL258W-A,YGL031C,0,1.3617879,0.1186060979962349,0.953000009059906,0.7081999778747559
YLR312C-B,YBL010C,0,1.3617879,0.11859133839607239,0.953000009059906,0.708299994468689
YML054C,YHR214W-G,0,1.3617879,0.11857658624649048,0.953000009059906,0.7084000110626221
YLR312C-B,YGL039W,0,1.3617879,0.11856183409690857,0.953000009059906,0.7085000276565552
YPR137C-B,YBR058C-A,0,1.3617879,0.11854708194732666,0.953000009059906,0.7085999846458435
YLR312C-B,YLR035C-A,0,1.3617879,0.11853233724832535,0.953000009059906,0.7087000012397766
YML106W,YHR214W-G,0,1.3617879,0.11851759999990463,0.953000009059906,0.7088000178337097
YBL101W-A,YDL082W,0,1.3617879,0.11850286275148392,0.953000009059906,0.708899974822998
YPL096C-A,YDR239C,0,1.3617879,0.1184881255030632,0.953000009059906,0.7089999914169312
YIR036C,YHR214W-G,0,1.3617879,0.11847339570522308,0.953000009059906,0.7091000080108643
YNR061C,YDL038C,0,1.3617879,0.11845867335796356,0.953000009059906,0.7092000246047974
YGR184C,YBL101W-A,0,1.3617879,0.11844395101070404,0.953000009059906,0.7092999815940857
YMR166C,YHR214W-G,0,1.3617879,0.11842922866344452,0.953000009059906,0.7093999981880188
YDR347W,YCL048W-A,0,1.3617879,0.1184145137667656,0.953000009059906,0.7095000147819519
YCL048W-A,YGR001C,0,1.3617879,0.11839979887008667,0.953000009059906,0.7095999717712402
YCL048W-A,YDL185W,0,1.3617879,0.11838509142398834,0.953000009059906,0.7096999883651733
YAR070W-A,YKL158W,0,1.3617879,0.11837039142847061,0.953000009059906,0.7098000049591064
YAR070W-A,YER020W,0,1.3617879,0.11835569143295288,0.953000009059906,0.7099000215530396
YBL101W-A,YHR186C,0,1.3617879,0.11834099143743515,0.953000009059906,0.7099999785423279
YAR070W-A,YNL151C,0,1.3617879,0.11832629889249802,0.953000009059906,0.710099995136261
YBR092C,YHR214W-G,0,1.3617879,0.11831160634756088,0.953000009059906,0.7102000117301941
YLL009C,YHR214W-G,0,1.3617879,0.11829692125320435,0.953000009059906,0.7103000283241272
YCL048W-A,YPR102C,0,1.3617879,0.11828223615884781,0.953000009059906,0.7103999853134155
YNL322C,YAR070W-A,0,1.3617879,0.11826755851507187,0.953000009059906,0.7105000019073486
YGL258W-A,YDR032C,0,1.3617879,0.11825288832187653,0.953000009059906,0.7106000185012817
YIL070C,YAR070W-A,0,1.3617879,0.11823821067810059,0.953000009059906,0.7106999754905701
YBR296C,YHR214W-G,0,1.3617879,0.11822354793548584,0.953000009059906,0.7107999920845032
YHR214W-G,YDR231C,0,1.3617879,0.1182088777422905,0.953000009059906,0.7109000086784363
YER140W,YKL158W,0,1.3617879,0.11819422245025635,0.953000009059906,0.7110000252723694
YCR028C,YBL101W-A,0,1.3617879,0.1181795671582222,0.953000009059906,0.7110999822616577
YJR160C,YAR070W-A,0,1.3617879,0.11816491186618805,0.953000009059906,0.7111999988555908
YJR110W,YDR034C-C,0,1.3617879,0.1181502640247345,0.953000009059906,0.7113000154495239
YLR448W,YHR214W-G,0,1.3617879,0.11813561618328094,0.953000009059906,0.7113999724388123
YDR320C-A,YLR040C,0,1.3617879,0.11812096834182739,0.953000009059906,0.7114999890327454
YML116W,YCL048W-A,0,1.3617879,0.11810633540153503,0.953000009059906,0.7116000056266785
YDL136W,YBL101W-A,0,1.3617879,0.11809169501066208,0.953000009059906,0.7117000222206116
YKL199C,YDL109C,0,1.3617879,0.11807706952095032,0.953000009059906,0.7117999792098999
YNR008W,YCL048W-A,0,1.3617879,0.11806243658065796,0.953000009059906,0.711899995803833
YOR047C,YBL101W-A,0,1.3617879,0.1180478110909462,0.953000009059906,0.7120000123977661
YOL005C,YGL258W-A,0,1.3617879,0.11803319305181503,0.953000009059906,0.7121000289916992
YBR030W,YAR070W-A,0,1.3617879,0.11801857501268387,0.953000009059906,0.7121999859809875
YHR214W-G,YPL202C,0,1.3617879,0.1180039644241333,0.953000009059906,0.7123000025749207
YIR006C,YBL101W-A,0,1.3617879,0.11798935383558273,0.953000009059906,0.7124000191688538
YOR240W,YOR131C,0,1.3617879,0.11797474324703217,0.953000009059906,0.7124999761581421
YCL048W-A,YDR158W,0,1.3617879,0.1179601401090622,0.953000009059906,0.7125999927520752
YER159C-A,YPL189C-A,0,1.3617879,0.11794554442167282,0.953000009059906,0.7127000093460083
YHR214W-G,YJL101C,0,1.3617879,0.11793094873428345,0.953000009059906,0.7128000259399414
YCL048W-A,YNL096C,0,1.3617879,0.11791636049747467,0.953000009059906,0.7128999829292297
YCL048W-A,YBR166C,0,1.3617879,0.1179017722606659,0.953000009059906,0.7129999995231628
YCR029C-A,YOR131C,0,1.3617879,0.11788718402385712,0.953000009059906,0.713100016117096
YGL258W-A,YAL008W,0,1.3617879,0.11787260323762894,0.953000009059906,0.7131999731063843
YHR214W-G,YFL044C,0,1.3617879,0.11785802990198135,0.953000009059906,0.7132999897003174
YKL088W,YGL258W-A,0,1.3617879,0.11784344911575317,0.953000009059906,0.7134000062942505
YMR292W,YBL101W-A,0,1.3617879,0.11782888323068619,0.953000009059906,0.7135000228881836
YHR039C-B,YOR131C,0,1.3617879,0.1178143173456192,0.953000009059906,0.7135999798774719
YIL155C,YAR070W-A,0,1.3617879,0.11779975146055222,0.953000009059906,0.713699996471405
YER126C,YBL101W-A,0,1.3617879,0.11778519302606583,0.953000009059906,0.7138000130653381
YML116W,YAR070W-A,0,1.3617879,0.11777063459157944,0.953000009059906,0.7139000296592712
YGL258W-A,YGR001C,0,1.3617879,0.11775608360767365,0.953000009059906,0.7139999866485596
YML054C,YBL101W-A,0,1.3617879,0.11774154007434845,0.953000009059906,0.7141000032424927
YJR066W,YCL048W-A,0,1.3617879,0.11772698909044266,0.953000009059906,0.7142000198364258
YHR214W-G,YKR105C,0,1.3617879,0.11771245300769806,0.953000009059906,0.7142999768257141
YOR396W,YBR241C,0,1.3617879,0.11769790947437286,0.953000009059906,0.7143999934196472
YGL249W,YDR210W-B,0,1.3617879,0.11768338084220886,0.953000009059906,0.7145000100135803
YPL189C-A,YNR040W,0,1.3617879,0.11766884475946426,0.953000009059906,0.7146000266075134
YBL101W-A,YDR031W,0,1.3617879,0.11765432357788086,0.953000009059906,0.7146999835968018
YIR014W,YBL101W-A,0,1.3617879,0.11763979494571686,0.953000009059906,0.7148000001907349
YCL048W-A,YLR040C,0,1.3617879,0.11762528121471405,0.953000009059906,0.714900016784668
YPR192W,YBL101W-A,0,1.3617879,0.11761076003313065,0.953000009059906,0.7149999737739563
YCR029C-A,YNL146W,0,1.3617879,0.11759624630212784,0.953000009059906,0.7150999903678894
YPL060W,YGL258W-A,0,1.3617879,0.11758174002170563,0.953000009059906,0.7152000069618225
YOL152W,YAR070W-A,0,1.3617879,0.11756723374128342,0.953000009059906,0.7153000235557556
YAR070W-A,YJL189W,0,1.3617879,0.1175527349114418,0.953000009059906,0.715399980545044
YDL192W,YGL258W-A,0,1.3617879,0.11753823608160019,0.953000009059906,0.715499997138977
YDL007W,YCL048W-A,0,1.3617879,0.11752373725175858,0.953000009059906,0.7156000137329102
YCL048W-A,YNL339C,0,1.3617879,0.11750924587249756,0.953000009059906,0.7156999707221985
YHR214W-G,YOL077C,0,1.3617879,0.11749476194381714,0.953000009059906,0.7157999873161316
YHR171W,YAR070W-A,0,1.3617879,0.11748027801513672,0.953000009059906,0.7159000039100647
YBL101W-A,YER184C,0,1.3617879,0.1174657940864563,0.953000009059906,0.7160000205039978
YLR283W,YHR039C-B,0,1.3617879,0.11745131760835648,0.953000009059906,0.7160999774932861
YMR188C,YCL048W-A,0,1.3617879,0.11743684858083725,0.953000009059906,0.7161999940872192
YAL013W,YHR214W-G,0,1.3617879,0.11742237210273743,0.953000009059906,0.7163000106811523
YER088C,YCL048W-A,0,1.3617879,0.1174079105257988,0.953000009059906,0.7164000272750854
YMR297W,YBL101W-A,0,1.3617879,0.11739344894886017,0.953000009059906,0.7164999842643738
YLR096W,YHR214W-G,0,1.3617879,0.11737898737192154,0.953000009059906,0.7166000008583069
YKL199C,YDL180W,0,1.3617879,0.11736453324556351,0.953000009059906,0.71670001745224
YCL048W-A,YJR033C,0,1.3617879,0.11735007911920547,0.953000009059906,0.7167999744415283
YPL096C-A,YAR010C,0,1.3617879,0.11733563244342804,0.953000009059906,0.7168999910354614
YHR027C,YAR070W-A,0,1.3617879,0.1173211857676506,0.953000009059906,0.7170000076293945
YOR228C,YLR337W,0,1.3617879,0.11730674654245377,0.953000009059906,0.7171000242233276
YDR060W,YBL101W-A,0,1.3617879,0.11729230731725693,0.953000009059906,0.717199981212616
YCL048W-A,YOL005C,0,1.3617879,0.11727787554264069,0.953000009059906,0.7172999978065491
YGL210W,YGL258W-A,0,1.3617879,0.11726344376802444,0.953000009059906,0.7174000144004822
YCL069W,YBL101W-A,0,1.3617879,0.1172490194439888,0.953000009059906,0.7174999713897705
YMR016C,YAR070W-A,0,1.3617879,0.11723459511995316,0.953000009059906,0.7175999879837036
YKL199C,YOR228C,0,1.3617879,0.11722017079591751,0.953000009059906,0.7177000045776367
YCL048W-A,YGR200C,0,1.3617879,0.11720575392246246,0.953000009059906,0.7178000211715698
YHR214W-G,YOR069W,0,1.3617879,0.11719134449958801,0.953000009059906,0.7178999781608582
YHR214W-G,YHR039C-B,0,1.3617879,0.11717693507671356,0.953000009059906,0.7179999947547913
YDR071C,YHR214W-G,0,1.3617879,0.11716252565383911,0.953000009059906,0.7181000113487244
YDL129W,YDR320C-A,0,1.3617879,0.11714812368154526,0.953000009059906,0.7182000279426575
YCL048W-A,YGR124W,0,1.3617879,0.117133729159832,0.953000009059906,0.7182999849319458
YEL013W,YDR261W-B,0,1.3614981,0.11711933463811874,0.953000009059906,0.7184000015258789
YKR061W,YJL052W,0,1.3614774,0.11710494011640549,0.953000009059906,0.718500018119812
YNL046W,YCR081W,0,1.3614163,0.11709055304527283,0.953000009059906,0.7185999751091003
YJR013W,YDR086C,0,1.3612381,0.11707616597414017,0.953000009059906,0.7186999917030334
YDL065C,YAL025C,0,1.3608625,0.1170617863535881,0.953000009059906,0.7188000082969666
YMR006C,YLR188W,0,1.3605459,0.11704740673303604,0.953000009059906,0.7189000248908997
YHL044W,YPL214C,0,1.3604221,0.11703303456306458,0.953000009059906,0.718999981880188
YOL127W,YGR027W-B,0,1.3602759,0.11701866239309311,0.953000009059906,0.7190999984741211
YJL080C,YDR158W,0,1.3600988,0.11700429767370224,0.953000009059906,0.7192000150680542
YLL011W,YNR040W,0,1.3600816,0.11698993295431137,0.953000009059906,0.7192999720573425
YNR061C,YIR006C,0,1.3600276,0.1169755756855011,0.953000009059906,0.7193999886512756
YJL198W,YIR023W,0,1.3596443,0.11696121841669083,0.953000009059906,0.7195000052452087
YDR532C,YPL226W,0,1.3594964,0.11694686114788055,0.953000009059906,0.7196000218391418
YDL109C,YMR026C,0,1.3593067,0.11693251878023148,0.953000009059906,0.7196999788284302
YPR048W,YAL035W,0,1.3592936,0.1169181689620018,0.953000009059906,0.7197999954223633
YDL108W,YLR337W,0,1.3589656,0.11690382659435272,0.953000009059906,0.7199000120162964
YNL292W,YNL129W,0,1.3588895,0.11688949167728424,0.953000009059906,0.7200000286102295
YLR035C-A,YNR001C,0,1.358885,0.11687515676021576,0.953000009059906,0.7200999855995178
YJR009C,YHR101C,0,1.3587554,0.11686082184314728,0.953000009059906,0.7202000021934509
YEL061C,YER184C,0,1.3587527,0.1168464943766594,0.953000009059906,0.720300018787384
YCR096C,YOR240W,0,1.3587463,0.11683216691017151,0.953000009059906,0.7203999757766724
YHR105W,YHR039C-B,0,1.3586346,0.11681784689426422,0.953000009059906,0.7204999923706055
YOL133W,YOR337W,0,1.3585931,0.11680352687835693,0.953000009059906,0.7206000089645386
YOR192C-A,YDL192W,0,1.3584625,0.11678921431303024,0.953000009059906,0.7207000255584717
YCR029C-A,YDR071C,0,1.3583429,0.11677490174770355,0.953000009059906,0.72079998254776
YDR231C,YGR071C,0,1.3583112,0.11676059663295746,0.953000009059906,0.7208999991416931
YDR316W-A,YDR495C,0,1.3580877,0.11674629151821136,0.953000009059906,0.7210000157356262
YBR058C,YIR023W,0,1.3577406,0.11673199385404587,0.953000009059906,0.7210999727249146
YPL091W,YNR022C,0,1.3573719,0.11671769618988037,0.953000009059906,0.7211999893188477
YKL199C,YMR302C,0,1.3571008,0.11670340597629547,0.953000009059906,0.7213000059127808
YER096W,YGL185C,0,1.3570548,0.11668911576271057,0.953000009059906,0.7214000225067139
YKL100C,YDL138W,0,1.3570042,0.11667482554912567,0.953000009059906,0.7214999794960022
YLR040C,YBL010C,0,1.3568666,0.11666054278612137,0.953000009059906,0.7215999960899353
YDL033C,YJL125C,0,1.3564548,0.11664626747369766,0.953000009059906,0.7217000126838684
YDL043C,YKL158W,0,1.3561906,0.11663199216127396,0.953000009059906,0.7218000292778015
YAL035W,YOL019W,0,1.3561114,0.11661771684885025,0.953000009059906,0.7218999862670898
YDR316W-A,YCL047C,0,1.356046,0.11660344898700714,0.953000009059906,0.722000002861023
YNL049C,YOR233W,0,1.3556725,0.11658918857574463,0.953000009059906,0.722100019454956
YAR010C,YNL061W,0,1.3553058,0.11657492071390152,0.953000009059906,0.7221999764442444
YJL062W-A,YOR075W,0,1.3552867,0.1165606677532196,0.953000009059906,0.7222999930381775
YLR283W,YGR234W,0,1.3550624,0.11654640734195709,0.953000009059906,0.7224000096321106
YDR120C,YEL050C,0,1.3549885,0.11653216183185577,0.953000009059906,0.7225000262260437
YPL281C,YLR120C,0,1.3549331,0.11651790887117386,0.953000009059906,0.722599983215332
YOR167C,YDL043C,0,1.354463,0.11650367081165314,0.953000009059906,0.7226999998092651
YAL053W,YPR073C,0,1.3541546,0.11648942530155182,0.953000009059906,0.7228000164031982
YGL021W,YER030W,0,1.3541032,0.1164751872420311,0.953000009059906,0.7228999733924866
YER159C-A,YPL028W,0,1.3539355,0.11646095663309097,0.953000009059906,0.7229999899864197
YJL062W-A,YBL082C,0,1.353744,0.11644672602415085,0.953000009059906,0.7231000065803528
YCL069W,YDR387C,0,1.3533915,0.11643249541521072,0.953000009059906,0.7232000231742859
YDR012W,YCL075W,0,1.3531743,0.1164182722568512,0.953000009059906,0.7232999801635742
YOL065C,YBR012W-B,0,1.353169,0.11640405654907227,0.953000009059906,0.7233999967575073
YER133W,YDR116C,0,1.3529327,0.11638984084129333,0.953000009059906,0.7235000133514404
YIR012W,YGL251C,0,1.3528705,0.1163756251335144,0.953000009059906,0.7235999703407288
YLR450W,YJL125C,0,1.3528011,0.11636141687631607,0.953000009059906,0.7236999869346619
YLR304C,YJR075W,0,1.3524114,0.11634720861911774,0.953000009059906,0.723800003528595
YKL059C,YNL339C,0,1.3524026,0.1163330078125,0.953000009059906,0.7239000201225281
YBR048W,YGR071C,0,1.3523622,0.11631880700588226,0.953000009059906,0.7239999771118164
YHL047C,YMR221C,0,1.35223,0.11630461364984512,0.953000009059906,0.7240999937057495
YFR037C,YOR346W,1,1.3520706,0.1164124459028244,0.9539999961853027,0.7240999937057495
YLR448W,YMR071C,0,1.3520638,0.11639824509620667,0.9539999961853027,0.7242000102996826
YBR012W-A,YGR061C,0,1.3519258,0.11638404428958893,0.9539999961853027,0.7243000268936157
YGR027W-B,YOR242C,0,1.3518738,0.11636984348297119,0.9539999961853027,0.724399983882904
YDL109C,YIL113W,0,1.3517656,0.11635565012693405,0.9539999961853027,0.7245000004768372
YER148W,YNL189W,0,1.3515809,0.11634146422147751,0.9539999961853027,0.7246000170707703
YGL135W,YCL057C-A,0,1.350791,0.11632727831602097,0.9539999961853027,0.7246999740600586
YDR018C,YJR126C,0,1.3505675,0.11631309241056442,0.9539999961853027,0.7247999906539917
YJR015W,YMR012W,0,1.3503512,0.11629891395568848,0.9539999961853027,0.7249000072479248
YKL218C,YNR040W,0,1.3502434,0.11628473550081253,0.9539999961853027,0.7250000238418579
YKL158W,YOR246C,0,1.349995,0.11627056449651718,0.9539999961853027,0.7250999808311462
YDR018C,YOR343W-A,0,1.3498908,0.11625640094280243,0.9539999961853027,0.7251999974250793
YJL062W-A,YPR021C,0,1.3496855,0.11624222993850708,0.9539999961853027,0.7253000140190125
YPR102C,YMR042W,0,1.3494532,0.11622807383537292,0.9539999961853027,0.7253999710083008
YNL159C,YKR059W,0,1.3493268,0.11621391028165817,0.9539999961853027,0.7254999876022339
YLR204W,YJL164C,0,1.3488364,0.11619975417852402,0.9539999961853027,0.725600004196167
YLR035C-A,YGR286C,0,1.3485789,0.11618560552597046,0.9539999961853027,0.7257000207901001
YMR264W,YGR001C,0,1.3483536,0.1161714568734169,0.9539999961853027,0.7257999777793884
YDR440W,YOR217W,1,1.3482996,0.11627907305955887,0.9549999833106995,0.7257999777793884
YFR006W,YOR369C,0,1.3482821,0.11626491695642471,0.9549999833106995,0.7258999943733215
YHL040C,YOR192C-B,0,1.3482189,0.11625076085329056,0.9549999833106995,0.7260000109672546
YDR018C,YER096W,0,1.3479491,0.116236612200737,0.9549999833106995,0.7261000275611877
YCL055W,YLR048W,0,1.347903,0.11622246354818344,0.9549999833106995,0.7261999845504761
YPR041W,YER164W,0,1.3478265,0.11620832234621048,0.9549999833106995,0.7263000011444092
YDR134C,YDR003W,0,1.3477647,0.11619418114423752,0.9549999833106995,0.7264000177383423
YDL195W,YNR016C,0,1.3473371,0.11618004739284515,0.9549999833106995,0.7264999747276306
YJR139C,YKR014C,0,1.3472971,0.11616591364145279,0.9549999833106995,0.7265999913215637
YDR253C,YDR210W-B,0,1.3470248,0.11615178734064102,0.9549999833106995,0.7267000079154968
YGL040C,YHR011W,0,1.346985,0.11613766103982925,0.9549999833106995,0.7268000245094299
YAR015W,YJL062W-A,0,1.3467225,0.11612354218959808,0.9549999833106995,0.7268999814987183
YBL037W,YPR042C,0,1.3466246,0.11610942333936691,0.9549999833106995,0.7269999980926514
YPR049C,YJL062W-A,0,1.3465787,0.11609530448913574,0.9549999833106995,0.7271000146865845
YGL035C,YJL062W-A,0,1.3465525,0.11608119308948517,0.9549999833106995,0.7271999716758728
YBL020W,YLL022C,0,1.3465068,0.11606708914041519,0.9549999833106995,0.7272999882698059
YPL026C,YER045C,0,1.3464996,0.11605298519134521,0.9549999833106995,0.727400004863739
YDR170W-A,YER044C,0,1.3462595,0.11603888124227524,0.9549999833106995,0.7275000214576721
YOR076C,YER184C,0,1.3461106,0.11602478474378586,0.9549999833106995,0.7275999784469604
YHR076W,YIR023W,0,1.3460623,0.11601068824529648,0.9549999833106995,0.7276999950408936
YOR389W,YCR004C,0,1.3459605,0.1159965991973877,0.9549999833106995,0.7278000116348267
YBR158W,YEL065W,0,1.3458139,0.11598251014947891,0.9549999833106995,0.7279000282287598
YJL062W-A,YMR302C,0,1.3457283,0.11596842855215073,0.9549999833106995,0.7279999852180481
YCR029C-A,YBR009C,0,1.3456881,0.11595434695482254,0.9549999833106995,0.7281000018119812
YAL023C,YJR075W,0,1.345499,0.11594027280807495,0.9549999833106995,0.7282000184059143
YPR041W,YBR231C,0,1.3454398,0.11592619866132736,0.9549999833106995,0.7282999753952026
YER088C,YMR086W,0,1.3451333,0.11591212451457977,0.9549999833106995,0.7283999919891357
YPR158C-D,YBR009C,0,1.3449991,0.11589805781841278,0.9549999833106995,0.7285000085830688
YJR060W,YDR169C,0,1.3447535,0.11588399112224579,0.9549999833106995,0.728600025177002
YDR316W-A,YJR135W-A,0,1.344734,0.1158699318766594,0.9549999833106995,0.7286999821662903
YJL046W,YER159C-A,0,1.3444066,0.1158558800816536,0.9549999833106995,0.7287999987602234
YDR316W-A,YLR014C,0,1.3443711,0.1158418208360672,0.9549999833106995,0.7289000153541565
YBL074C,YBR012W-B,0,1.3443688,0.115827776491642,0.9549999833106995,0.7289999723434448
YER159C-A,YJR075W,0,1.3439288,0.1158137246966362,0.9549999833106995,0.7290999889373779
YDR265W,YNL115C,0,1.3436829,0.1157996878027916,0.9549999833106995,0.729200005531311
YMR016C,YNL135C,0,1.3436582,0.1157856434583664,0.9549999833106995,0.7293000221252441
YPR036W,YDR523C,0,1.3435423,0.11577160656452179,0.9549999833106995,0.7293999791145325
YBL093C,YJL062W-A,0,1.3434392,0.11575757712125778,0.9549999833106995,0.7294999957084656
YMR006C,YNL248C,0,1.3425826,0.11574354767799377,0.9549999833106995,0.7296000123023987
YOR343W-A,YDR014W,0,1.3416998,0.11572951823472977,0.9549999833106995,0.7297000288963318
YPL028W,YDR313C,0,1.3414576,0.11571549624204636,0.9549999833106995,0.7297999858856201
YPL148C,YDR120C,0,1.3414447,0.11570148169994354,0.9549999833106995,0.7299000024795532
YNL292W,YMR098C,0,1.3412638,0.11568745970726013,0.9549999833106995,0.7300000190734863
YIL125W,YOR092W,0,1.3411489,0.11567345261573792,0.9549999833106995,0.7300999760627747
YAL020C,YPR016C,0,1.3410493,0.1156594380736351,0.9549999833106995,0.7301999926567078
YHR153C,YHL024W,0,1.3406284,0.11564543843269348,0.9549999833106995,0.7303000092506409
YKL089W,YHL009W-B,0,1.3404083,0.11563143134117126,0.9549999833106995,0.730400025844574
YDR170W-A,YDR362C,0,1.3403492,0.11561743170022964,0.9549999833106995,0.7304999828338623
YER007W,YBR058C-A,0,1.3398689,0.11560343950986862,0.9549999833106995,0.7305999994277954
YHL024W,YNL129W,0,1.3397846,0.1155894473195076,0.9549999833106995,0.7307000160217285
YDR421W,YGL031C,0,1.3395241,0.11557545512914658,0.9549999833106995,0.7307999730110168
YKL179C,YOR240W,0,1.3393356,0.11556147038936615,0.9549999833106995,0.73089998960495
YDL114W,YML009C,0,1.339091,0.11554749310016632,0.9549999833106995,0.7310000061988831
YML113W,YNL185C,0,1.3390279,0.1155335083603859,0.9549999833106995,0.7311000227928162
YMR235C,YPL101W,0,1.3388836,0.11551953852176666,0.9549999833106995,0.7311999797821045
YPR137C-B,YAL008W,0,1.3388516,0.11550556123256683,0.9549999833106995,0.7312999963760376
YML040W,YAL044C,0,1.3387474,0.1154915913939476,0.9549999833106995,0.7314000129699707
YDL038C,YIL160C,0,1.3386263,0.11547762900590897,0.9549999833106995,0.7315000295639038
YHL044W,YJR022W,0,1.3385512,0.11546366661787033,0.9549999833106995,0.7315999865531921
YGR035C,YBR040W,0,1.3385035,0.11544971168041229,0.9549999833106995,0.7317000031471252
YGL136C,YMR256C,0,1.3384172,0.11543575674295425,0.9549999833106995,0.7318000197410583
YGR088W,YMR026C,0,1.338411,0.11542180180549622,0.9549999833106995,0.7318999767303467
YDR253C,YOR389W,0,1.3383865,0.11540785431861877,0.9549999833106995,0.7319999933242798
YBR012W-B,YLL022C,0,1.3380053,0.11539390683174133,0.9549999833106995,0.7321000099182129
YBR041W,YHR136C,0,1.3377843,0.11537996679544449,0.9549999833106995,0.732200026512146
YGL035C,YNR016C,0,1.3375918,0.11536602675914764,0.9549999833106995,0.7322999835014343
YNL054W-B,YBR012W-B,0,1.3363925,0.1153520941734314,0.9549999833106995,0.7324000000953674
YHL032C,YDR483W,0,1.3363768,0.11533816158771515,0.9549999833106995,0.7325000166893005
YLL038C,YOL157C,0,1.3361735,0.1153242364525795,0.9549999833106995,0.7325999736785889
YGR184C,YBR142W,0,1.3356267,0.11531031131744385,0.9549999833106995,0.732699990272522
YPR168W,YBR012W-B,0,1.3355366,0.1152963936328888,0.9549999833106995,0.7328000068664551
YJR065C,YMR221C,0,1.3348507,0.11528247594833374,0.9549999833106995,0.7329000234603882
YDR316W-A,YJR025C,0,1.3346233,0.11526855826377869,0.9549999833106995,0.7329999804496765
YIL172C,YBL055C,0,1.3346149,0.11525464802980423,0.9549999833106995,0.7330999970436096
YOR346W,YLR265C,1,1.3344711,0.11536140739917755,0.9559999704360962,0.7330999970436096
YDL060W,YBR166C,0,1.334291,0.1153474897146225,0.9559999704360962,0.7332000136375427
YMR221C,YGL123W,0,1.3341815,0.11533357203006744,0.9559999704360962,0.733299970626831
YKR094C,YGR002C,1,1.3341539,0.11544028669595718,0.9570000171661377,0.733299970626831
YOR155C,YJL062W-A,0,1.3340422,0.11542636901140213,0.9570000171661377,0.7333999872207642
YEL013W,YDR297W,0,1.3338624,0.11541244387626648,0.9570000171661377,0.7335000038146973
YDR013W,YNL191W,0,1.3332374,0.11539852619171143,0.9570000171661377,0.7336000204086304
YGR292W,YDL144C,0,1.3330146,0.11538461595773697,0.9570000171661377,0.7336999773979187
YOR240W,YCR047C,0,1.3330094,0.11537070572376251,0.9570000171661377,0.7337999939918518
YOR240W,YOR120W,0,1.3329804,0.11535679548978806,0.9570000171661377,0.7339000105857849
YDR261W-B,YGR200C,0,1.3324834,0.1153428927063942,0.9570000171661377,0.734000027179718
YKL199C,YMR314W,0,1.3324046,0.11532899737358093,0.9570000171661377,0.7340999841690063
YIR017C,YLR207W,0,1.3321533,0.11531509459018707,0.9570000171661377,0.7342000007629395
YMR166C,YDR247W,0,1.3319798,0.1153012067079544,0.9570000171661377,0.7343000173568726
YOR131C,YIL136W,0,1.3314018,0.11528731137514114,0.9570000171661377,0.7343999743461609
YMR088C,YJR143C,0,1.331353,0.11527343094348907,0.9570000171661377,0.734499990940094
YGL185C,YCR010C,0,1.3309209,0.11525954306125641,0.9570000171661377,0.7346000075340271
YDR387C,YNL339C,0,1.3307712,0.11524566262960434,0.9570000171661377,0.7347000241279602
YPR137C-B,YGL229C,0,1.3306326,0.11523178964853287,0.9570000171661377,0.7347999811172485
YJR104C,YPR081C,0,1.3306229,0.1152179166674614,0.9570000171661377,0.7348999977111816
YCR029C-A,YER133W,0,1.330532,0.11520404368638992,0.9570000171661377,0.7350000143051147
YBR245C,YDR115W,0,1.3305048,0.11519017815589905,0.9570000171661377,0.7350999712944031
YDR210W-B,YEL015W,0,1.3302802,0.11517631262540817,0.9570000171661377,0.7351999878883362
YNR011C,YNR040W,0,1.3301425,0.1151624545454979,0.9570000171661377,0.7353000044822693
YDR093W,YGL141W,0,1.3299891,0.11514859646558762,0.9570000171661377,0.7354000210762024
YML129C,YDR261W-B,0,1.3295045,0.11513474583625793,0.9570000171661377,0.7354999780654907
YNR070W,YDR239C,0,1.3290511,0.11512089520692825,0.9570000171661377,0.7355999946594238
YDR038C,YOR075W,0,1.3289894,0.11510705202817917,0.9570000171661377,0.7357000112533569
YOR192C-B,YML087C,0,1.3289582,0.11509320139884949,0.9570000171661377,0.73580002784729
YLR450W,YJL062W,0,1.3289233,0.115079365670681,0.9570000171661377,0.7358999848365784
YMR233W,YDL130W,0,1.3288281,0.11506552994251251,0.9570000171661377,0.7360000014305115
YJR134C,YER045C,0,1.3287832,0.11505169421434402,0.9570000171661377,0.7361000180244446
YNL293W,YBR058C-A,0,1.3285023,0.11503786593675613,0.9570000171661377,0.7361999750137329
YLR126C,YGR106C,0,1.3280418,0.11502403765916824,0.9570000171661377,0.736299991607666
YNL280C,YPL095C,0,1.3280165,0.11501021683216095,0.9570000171661377,0.7364000082015991
YLR283W,YOL003C,0,1.3279234,0.11499639600515366,0.9570000171661377,0.7365000247955322
YER053C,YBR012W-B,0,1.327832,0.11498257517814636,0.9570000171661377,0.7365999817848206
YGR029W,YHL009W-B,0,1.3276008,0.11496876180171967,0.9570000171661377,0.7366999983787537
YMR128W,YHL047C,0,1.3273677,0.11495495587587357,0.9570000171661377,0.7368000149726868
YOR124C,YER096W,0,1.3272858,0.11494114995002747,0.9570000171661377,0.7368999719619751
YJR029W,YJR001W,0,1.3272163,0.11492734402418137,0.9570000171661377,0.7369999885559082
YDR316W-A,YJR058C,0,1.3271955,0.11491354554891586,0.9570000171661377,0.7371000051498413
YBL075C,YBR012W-B,0,1.3270156,0.11489974707365036,0.9570000171661377,0.7372000217437744
YPR098C,YJR033C,0,1.3266987,0.11488595604896545,0.9570000171661377,0.7372999787330627
YDR510W,YBR012W-B,0,1.3265227,0.11487216502428055,0.9570000171661377,0.7373999953269958
YHR046C,YOR192C-A,0,1.3263494,0.11485837399959564,0.9570000171661377,0.737500011920929
YMR166C,YLR078C,0,1.3261374,0.11484459042549133,0.9570000171661377,0.7376000285148621
YOR278W,YPL177C,0,1.3258009,0.11483081430196762,0.9570000171661377,0.7376999855041504
YAR015W,YHR207C,0,1.3255906,0.11481703817844391,0.9570000171661377,0.7378000020980835
YDR253C,YBR156C,0,1.3254858,0.1148032620549202,0.9570000171661377,0.7379000186920166
YLR172C,YGR027W-B,0,1.3249923,0.11478949338197708,0.9570000171661377,0.7379999756813049
YBR286W,YBR009C,0,1.324575,0.11477572470903397,0.9570000171661377,0.738099992275238
YOR175C,YKR058W,0,1.3245271,0.11476196348667145,0.9570000171661377,0.7382000088691711
YOR192C-B,YIL138C,0,1.3243577,0.11474820226430893,0.9570000171661377,0.7383000254631042
YNL218W,YKR094C,1,1.3243175,0.11485433578491211,0.9580000042915344,0.7383000254631042
YBL017C,YMR045C,0,1.3242093,0.114840567111969,0.9580000042915344,0.7383999824523926
YAR019C,YLR356W,0,1.3240693,0.11482679843902588,0.9580000042915344,0.7384999990463257
YDR170W-A,YKL028W,0,1.3240488,0.11481303721666336,0.9580000042915344,0.7386000156402588
YLR318W,YKL143W,0,1.3237202,0.11479928344488144,0.9580000042915344,0.7386999726295471
YMR297W,YPL257W-A,0,1.3235117,0.11478552967309952,0.9580000042915344,0.7387999892234802
YBR267W,YOL152W,0,1.3233656,0.1147717759013176,0.9580000042915344,0.7389000058174133
YPR137C-B,YGR027W-B,0,1.3230886,0.11475802958011627,0.9580000042915344,0.7390000224113464
YML040W,YIL027C,0,1.3230019,0.11474428325891495,0.9580000042915344,0.7390999794006348
YOR174W,YMR303C,0,1.3225521,0.11473053693771362,0.9580000042915344,0.7391999959945679
YHR010W,YBL082C,0,1.3224514,0.1147167980670929,0.9580000042915344,0.739300012588501
YMR152W,YGR014W,0,1.3224417,0.11470306664705276,0.9580000042915344,0.7394000291824341
YJR029W,YDR320C,0,1.3222804,0.11468933522701263,0.9580000042915344,0.7394999861717224
YHR039C-B,YNL012W,0,1.3222297,0.1146756038069725,0.9580000042915344,0.7396000027656555
YGL211W,YML070W,0,1.3218502,0.11466187983751297,0.9580000042915344,0.7397000193595886
YKL135C,YNL301C,0,1.3218412,0.11464815586805344,0.9580000042915344,0.739799976348877
YCL075W,YCR004C,0,1.32182,0.1146344393491745,0.9580000042915344,0.7398999929428101
YLR439W,YFL041W,0,1.3217666,0.11462072283029556,0.9580000042915344,0.7400000095367432
YLR170C,YIL172C,0,1.3214176,0.11460701376199722,0.9580000042915344,0.7401000261306763
YDR253C,YHL009W-B,0,1.3212554,0.11459330469369888,0.9580000042915344,0.7401999831199646
YPR098C,YMR184W,0,1.321252,0.11457959562540054,0.9580000042915344,0.7402999997138977
YJR075W,YGR037C,0,1.3211253,0.1145658940076828,0.9580000042915344,0.7404000163078308
YEL059C-A,YNL112W,0,1.3208526,0.11455219238996506,0.9580000042915344,0.7404999732971191
YGL168W,YNR016C,0,1.3206538,0.11453849822282791,0.9580000042915344,0.7405999898910522
YPR005C,YMR109W,0,1.320551,0.11452480405569077,0.9580000042915344,0.7407000064849854
YDR228C,YOR343W-A,0,1.3205504,0.11451111733913422,0.9580000042915344,0.7408000230789185
YDR261W-B,YNL061W,0,1.32048,0.11449743062257767,0.9580000042915344,0.7408999800682068
YOR384W,YCR040W,0,1.3203502,0.11448374390602112,0.9580000042915344,0.7409999966621399
YOR192C-A,YNL077W,0,1.3203038,0.11447006464004517,0.9580000042915344,0.741100013256073
YNR040W,YER164W,0,1.3201861,0.11445639282464981,0.9580000042915344,0.7411999702453613
YGR047C,YLR419W,0,1.3200338,0.11444272100925446,0.9580000042915344,0.7412999868392944
YLR450W,YNL146W,0,1.3199191,0.1144290491938591,0.9580000042915344,0.7414000034332275
YJL170C,YDR060W,0,1.319702,0.11441538482904434,0.9580000042915344,0.7415000200271606
YGL205W,YNL054W-B,0,1.3193872,0.11440172046422958,0.9580000042915344,0.741599977016449
YNL244C,YBL082C,0,1.3189915,0.11438805609941483,0.9580000042915344,0.7416999936103821
YGL035C,YPR016C,0,1.3189346,0.11437440663576126,0.9580000042915344,0.7418000102043152
YPL194W,YOR290C,1,1.3187382,0.11448012292385101,0.9589999914169312,0.7418000102043152
YDL210W,YPL257W-A,0,1.3186469,0.11446645855903625,0.9589999914169312,0.7419000267982483
YHR116W,YJR135W-A,0,1.3185554,0.1144528016448021,0.9589999914169312,0.7419999837875366
YNL086W,YGL021W,0,1.318374,0.11443913727998734,0.9589999914169312,0.7421000003814697
YDR316W-A,YFR003C,0,1.3181181,0.11442548781633377,0.9589999914169312,0.7422000169754028
YKR090W,YER068W,0,1.3179203,0.1144118383526802,0.9589999914169312,0.7422999739646912
YKL179C,YDR387C,0,1.3179036,0.11439818888902664,0.9589999914169312,0.7423999905586243
YIL074C,YLR188W,0,1.3178779,0.11438453942537308,0.9589999914169312,0.7425000071525574
YKL140W,YBL022C,0,1.3177592,0.11437089741230011,0.9589999914169312,0.7426000237464905
YOR116C,YHL004W,0,1.3174293,0.11435726284980774,0.9589999914169312,0.7426999807357788
YBR123C,YOR343W-A,0,1.3173425,0.11434362828731537,0.9589999914169312,0.7427999973297119
YDR402C,YLR337W,0,1.3172377,0.114329993724823,0.9589999914169312,0.742900013923645
YAR015W,YDL141W,0,1.3171113,0.11431636661291122,0.9589999914169312,0.7429999709129333
YER089C,YOL056W,0,1.3170794,0.11430273950099945,0.9589999914169312,0.7430999875068665
YEL002C,YJL109C,0,1.3169521,0.11428911983966827,0.9589999914169312,0.7432000041007996
YJL165C,YOR192C-B,0,1.3166022,0.1142755001783371,0.9589999914169312,0.7433000206947327
YBL106C,YOR343W-A,0,1.316567,0.11426188796758652,0.9589999914169312,0.743399977684021
YKL100C,YIL093C,0,1.3164134,0.11424827575683594,0.9589999914169312,0.7434999942779541
YDR261W-B,YHR017W,0,1.316144,0.11423466354608536,0.9589999914169312,0.7436000108718872
YOR240W,YER020W,0,1.3158611,0.11422105878591537,0.9589999914169312,0.7437000274658203
YLR035C-A,YER020W,0,1.3151386,0.11420745402574539,0.9589999914169312,0.7437999844551086
YNL098C,YER112W,0,1.314744,0.114193856716156,0.9589999914169312,0.7439000010490417
YDL192W,YJL052W,0,1.3146958,0.11418025940656662,0.9589999914169312,0.7440000176429749
YDR238C,YBR122C,0,1.3145208,0.11416666954755783,0.9589999914169312,0.7440999746322632
YMR235C,YBL030C,0,1.3144234,0.11415307968854904,0.9589999914169312,0.7441999912261963
YGL120C,YOR192C-A,0,1.3142402,0.11413948982954025,0.9589999914169312,0.7443000078201294
YNL207W,YNL091W,0,1.3137724,0.11412590742111206,0.9589999914169312,0.7444000244140625
YNR001C,YJL109C,0,1.3132818,0.11411232501268387,0.9589999914169312,0.7444999814033508
YJL148W,YNL339C,0,1.3131901,0.11409875005483627,0.9589999914169312,0.7445999979972839
YJL129C,YGR054W,0,1.3130103,0.11408517509698868,0.9589999914169312,0.744700014591217
YDR481C,YNL061W,0,1.312591,0.11407160758972168,0.9589999914169312,0.7447999715805054
YHR067W,YPL157W,0,1.3125781,0.11405804008245468,0.9589999914169312,0.7448999881744385
YAR015W,YJL056C,0,1.3125292,0.11404447257518768,0.9589999914169312,0.7450000047683716
YOL117W,YFR006W,0,1.3125085,0.11403091251850128,0.9589999914169312,0.7451000213623047
YOR288C,YDR247W,0,1.3124726,0.11401735991239548,0.9589999914169312,0.745199978351593
YMR292W,YOR326W,0,1.3121523,0.11400380730628967,0.9589999914169312,0.7452999949455261
YMR122W-A,YGR135W,0,1.3118021,0.11399025470018387,0.9589999914169312,0.7454000115394592
YLL009C,YJL019W,0,1.3118019,0.11397670209407806,0.9589999914169312,0.7455000281333923
YMR130W,YGR116W,0,1.3115044,0.11396316438913345,0.9589999914169312,0.7455999851226807
YNL280C,YOR389W,0,1.3114897,0.11394961923360825,0.9589999914169312,0.7457000017166138
YOR192C-A,YJL148W,0,1.3110323,0.11393608152866364,0.9589999914169312,0.7458000183105469
YNL054W-B,YPL038W,0,1.310962,0.11392254382371902,0.9589999914169312,0.7458999752998352
YER131W,YJL041W,0,1.3101362,0.11390901356935501,0.9589999914169312,0.7459999918937683
YFR041C,YOR228C,0,1.310031,0.113895483314991,0.9589999914169312,0.7461000084877014
YPR049C,YNL054W-B,0,1.3099748,0.11388196051120758,0.9589999914169312,0.7462000250816345
YER159C-A,YML005W,0,1.3099043,0.11386843770742416,0.9589999914169312,0.7462999820709229
YKL011C,YER159C-A,0,1.3096576,0.11385492235422134,0.9589999914169312,0.746399998664856
YHR143W,YDR056C,0,1.3095766,0.11384140700101852,0.9589999914169312,0.7465000152587891
YDR376W,YMR051C,0,1.3094792,0.1138278916478157,0.9589999914169312,0.7465999722480774
YJL143W,YHL009W-B,0,1.3093404,0.11381438374519348,0.9589999914169312,0.7466999888420105
YLR356W,YDR034C-C,0,1.3090583,0.11380087584257126,0.9589999914169312,0.7468000054359436
YJL165C,YPL174C,0,1.3088772,0.11378737539052963,0.9589999914169312,0.7469000220298767
YNL054W-B,YHR036W,0,1.3084238,0.113773874938488,0.9589999914169312,0.746999979019165
YHR101C,YGR027W-B,0,1.3083886,0.11376038193702698,0.9589999914169312,0.7470999956130981
YHR092C,YOR265W,0,1.3083802,0.11374688893556595,0.9589999914169312,0.7472000122070312
YOR315W,YNL054W-B,0,1.3082123,0.11373339593410492,0.9589999914169312,0.7473000288009644
YER159C-A,YER133W,0,1.308177,0.11371991038322449,0.9589999914169312,0.7473999857902527
YLR448W,YML081C-A,0,1.3081715,0.11370642483234406,0.9589999914169312,0.7475000023841858
YPL068C,YMR023C,0,1.3078108,0.11369294673204422,0.9589999914169312,0.7476000189781189
YCL027W,YIL113W,0,1.3073515,0.11367946863174438,0.9589999914169312,0.7476999759674072
YMR122W-A,YER051W,0,1.3073175,0.11366599798202515,0.9589999914169312,0.7477999925613403
YGR159C,YJR160C,0,1.307308,0.11365252733230591,0.9589999914169312,0.7479000091552734
YLR035C-A,YLL035W,0,1.3072975,0.11363905668258667,0.9589999914169312,0.7480000257492065
YKL004W,YNR020C,0,1.3072414,0.11362559348344803,0.9589999914169312,0.7480999827384949
YPL068C,YHR036W,0,1.3072349,0.11361213028430939,0.9589999914169312,0.748199999332428
YNR061C,YMR312W,0,1.3070211,0.11359867453575134,0.9589999914169312,0.7483000159263611
YJL219W,YML091C,0,1.3068959,0.1135852187871933,0.9589999914169312,0.7483999729156494
YPL148C,YNL217W,0,1.3066858,0.11357177048921585,0.9589999914169312,0.7484999895095825
YBR207W,YAL062W,0,1.3063796,0.1135583221912384,0.9589999914169312,0.7486000061035156
YNL046W,YBR123C,0,1.3060982,0.11354487389326096,0.9589999914169312,0.7487000226974487
YOR175C,YNL054W-B,0,1.3058856,0.1135314330458641,0.9589999914169312,0.7487999796867371
YPL257W-A,YNL191W,0,1.3058151,0.11351799219846725,0.9589999914169312,0.7488999962806702
YGR063C,YPR021C,0,1.3056216,0.113504558801651,0.9589999914169312,0.7490000128746033
YLR439W,YML037C,0,1.3049946,0.11349112540483475,0.9589999914169312,0.7491000294685364
YGL249W,YGR001C,0,1.3048749,0.1134776920080185,0.9589999914169312,0.7491999864578247
YFL002W-A,YLR045C,0,1.3047862,0.11346426606178284,0.9589999914169312,0.7493000030517578
YLR467W,YLR403W,0,1.3046091,0.11345084756612778,0.9589999914169312,0.7494000196456909
YJL219W,YNL101W,0,1.3044746,0.11343742907047272,0.9589999914169312,0.7494999766349792
YNL146W,YER007W,0,1.3040195,0.11342401057481766,0.9589999914169312,0.7495999932289124
YBL078C,YDR034C-C,0,1.3037704,0.1134105995297432,0.9589999914169312,0.7497000098228455
YOR391C,YNR045W,0,1.3033249,0.11339718848466873,0.9589999914169312,0.7498000264167786
YCR096C,YMR281W,0,1.3032682,0.11338377743959427,0.9589999914169312,0.7498999834060669
YOR124C,YGR009C,0,1.3031583,0.1133703738451004,0.9589999914169312,0.75
YPR137C-B,YBR237W,0,1.3030653,0.11335697770118713,0.9589999914169312,0.7501000165939331
YNR020C,YMR045C,0,1.3028412,0.11334357410669327,0.9589999914169312,0.7501999735832214
YOR278W,YCR075C,0,1.3023195,0.1133301854133606,0.9589999914169312,0.7502999901771545
YOR096W,YBL017C,0,1.3018839,0.11331678926944733,0.9589999914169312,0.7504000067710876
YDR261W-B,YPL155C,0,1.301585,0.11330340057611465,0.9589999914169312,0.7505000233650208
YMR235C,YOL080C,0,1.300957,0.11329001933336258,0.9589999914169312,0.7505999803543091
YIL009C-A,YNL054W-B,0,1.3008798,0.1132766380906105,0.9589999914169312,0.7506999969482422
YKL195W,YOR150W,0,1.3004401,0.11326325684785843,0.9589999914169312,0.7508000135421753
YDL043C,YGR124W,0,1.300407,0.11324988305568695,0.9589999914169312,0.7508999705314636
YMR166C,YOR080W,0,1.3003448,0.11323650926351547,0.9589999914169312,0.7509999871253967
YGR047C,YHL009W-B,0,1.2998574,0.11322314292192459,0.9589999914169312,0.7511000037193298
YOR043W,YLR246W,0,1.2997249,0.11320977658033371,0.9589999914169312,0.7512000203132629
YDR456W,YDL082W,0,1.2997241,0.11319641023874283,0.9589999914169312,0.7512999773025513
YKL179C,YNL015W,0,1.2996783,0.11318305134773254,0.9589999914169312,0.7513999938964844
YDR170W-A,YJL073W,0,1.2993367,0.11316969245672226,0.9589999914169312,0.7515000104904175
YER025W,YNR061C,0,1.2992591,0.11315634101629257,0.9589999914169312,0.7516000270843506
YLR204W,YJR076C,0,1.2991782,0.11314298957586288,0.9589999914169312,0.7516999840736389
YDL190C,YPR178W,0,1.2990663,0.1131296455860138,0.9589999914169312,0.751800000667572
YER111C,YJL148W,0,1.299004,0.1131163015961647,0.9589999914169312,0.7519000172615051
YHR025W,YLR035C-A,0,1.2988888,0.11310295760631561,0.9589999914169312,0.7519999742507935
YPR098C,YMR094W,0,1.2984883,0.11308962106704712,0.9589999914169312,0.7520999908447266
YPR063C,YLR038C,0,1.2978191,0.11307628452777863,0.9589999914169312,0.7522000074386597
YLR035C-A,YGR218W,0,1.2977347,0.11306295543909073,0.9589999914169312,0.7523000240325928
YJR097W,YGR027W-B,0,1.2973545,0.11304962635040283,0.9589999914169312,0.7523999810218811
YLR147C,YCL057C-A,0,1.2970654,0.11303630471229553,0.9589999914169312,0.7524999976158142
YML116W,YDR018C,0,1.2966112,0.11302298307418823,0.9589999914169312,0.7526000142097473
YLR396C,YLR448W,0,1.296399,0.11300966143608093,0.9589999914169312,0.7526999711990356
YJR134C,YOL157C,0,1.2961903,0.11299634724855423,0.9589999914169312,0.7527999877929688
YGL253W,YIL171W,0,1.2960418,0.11298303306102753,0.9589999914169312,0.7529000043869019
YJR158W,YDR251W,0,1.2957754,0.11296972632408142,0.9589999914169312,0.753000020980835
YBR156C,YFL002W-A,0,1.2955525,0.11295641958713531,0.9589999914169312,0.7530999779701233
YPR158C-D,YOR270C,0,1.2954156,0.11294311285018921,0.9589999914169312,0.7531999945640564
YDR261W-B,YER007W,0,1.2946755,0.1129298135638237,0.9589999914169312,0.7533000111579895
YJL041W,YPL160W,0,1.2943187,0.11291652172803879,0.9589999914169312,0.7534000277519226
YPR137C-B,YNL146W,0,1.2938646,0.11290322244167328,0.9589999914169312,0.7534999847412109
YOR175C,YGL157W,0,1.2938061,0.11288993805646896,0.9589999914169312,0.753600001335144
YMR042W,YOR039W,0,1.2936041,0.11287664622068405,0.9589999914169312,0.7537000179290771
YKL218C,YPL231W,0,1.2936013,0.11286336183547974,0.9589999914169312,0.7537999749183655
YOR044W,YER106W,0,1.2935778,0.11285008490085602,0.9589999914169312,0.7538999915122986
YEL065W,YHR070W,0,1.2930136,0.1128368079662323,0.9589999914169312,0.7540000081062317
YLR283W,YMR311C,0,1.292928,0.11282353103160858,0.9589999914169312,0.7541000247001648
YNL280C,YNL151C,0,1.2925597,0.11281025409698486,0.9589999914169312,0.7541999816894531
YKL218C,YDL195W,0,1.2925544,0.11279699206352234,0.9589999914169312,0.7542999982833862
YDR074W,YDR402C,0,1.2920561,0.11278372257947922,0.9589999914169312,0.7544000148773193
YML054C,YNR040W,0,1.2919893,0.1127704605460167,0.9589999914169312,0.7544999718666077
YJL102W,YLR337W,0,1.2919688,0.11275719851255417,0.9589999914169312,0.7545999884605408
YKL100C,YMR042W,0,1.2918022,0.11274394392967224,0.9589999914169312,0.7547000050544739
YGR292W,YPL085W,0,1.2917299,0.11273068934679031,0.9589999914169312,0.754800021648407
YDL038C,YNL188W,0,1.2915907,0.11271744221448898,0.9589999914169312,0.7548999786376953
YOL092W,YMR223W,0,1.2915428,0.11270419508218765,0.9589999914169312,0.7549999952316284
YNL049C,YDL190C,0,1.2913183,0.11269095540046692,0.9589999914169312,0.7551000118255615
YMR166C,YIR009W,0,1.2912855,0.11267770826816559,0.9589999914169312,0.7552000284194946
YNR043W,YJL189W,0,1.291122,0.11266447603702545,0.9589999914169312,0.755299985408783
YHL047C,YAL058W,0,1.290978,0.11265123635530472,0.9589999914169312,0.7554000020027161
YDL033C,YJL080C,0,1.2909706,0.11263801157474518,0.9589999914169312,0.7555000185966492
YOL139C,YKR048C,0,1.2904979,0.11262477934360504,0.9589999914169312,0.7555999755859375
YOR046C,YOL056W,0,1.2904232,0.1126115545630455,0.9589999914169312,0.7556999921798706
YGL021W,YBL090W,0,1.2903689,0.11259832978248596,0.9589999914169312,0.7558000087738037
YKR062W,YBR058C-A,0,1.2897431,0.11258511245250702,0.9589999914169312,0.7559000253677368
YLR304C,YKL158W,0,1.28971,0.11257189512252808,0.9589999914169312,0.7559999823570251
YLR035C-A,YGL185C,0,1.2896656,0.11255868524312973,0.9589999914169312,0.7560999989509583
YBR296C,YGL205W,0,1.2893558,0.11254547536373138,0.9589999914169312,0.7562000155448914
YBR058C,YDR158W,0,1.2893348,0.11253227293491364,0.9589999914169312,0.7562999725341797
YDR368W,YDR421W,0,1.2892365,0.11251906305551529,0.9589999914169312,0.7563999891281128
YBR055C,YPL257W-A,0,1.2891057,0.11250586807727814,0.9589999914169312,0.7565000057220459
YNL292W,YNL054W-B,0,1.2891057,0.11249266564846039,0.9589999914169312,0.756600022315979
YDR531W,YPL019C,0,1.2889702,0.11247947812080383,0.9589999914169312,0.7566999793052673
YBR024W,YBR092C,0,1.2888365,0.11246628314256668,0.9589999914169312,0.7567999958992004
YBL054W,YER159C-A,0,1.2885416,0.11245309561491013,0.9589999914169312,0.7569000124931335
YHL024W,YDR069C,0,1.2882619,0.11243990808725357,0.9589999914169312,0.7570000290870667
YDR334W,YIL171W,0,1.288121,0.11242672801017761,0.9589999914169312,0.757099986076355
YGL206C,YMR302C,0,1.2878125,0.11241354793310165,0.9589999914169312,0.7572000026702881
YMR166C,YAL008W,0,1.2873868,0.11240037530660629,0.9589999914169312,0.7573000192642212
YOR343W-A,YJR126C,0,1.2871251,0.11238720268011093,0.9589999914169312,0.7573999762535095
YBL039C,YGL157W,0,1.2870837,0.11237403005361557,0.9589999914169312,0.7574999928474426
YML129C,YHR013C,0,1.2869422,0.1123608648777008,0.9589999914169312,0.7576000094413757
YBR245C,YFL037W,0,1.2868519,0.11234770715236664,0.9589999914169312,0.7577000260353088
YDL051W,YJL008C,0,1.286581,0.11233454197645187,0.9589999914169312,0.7577999830245972
YNL158W,YDR261W-B,0,1.2859913,0.1123213842511177,0.9589999914169312,0.7578999996185303
YNL091W,YJR045C,0,1.2853489,0.11230823397636414,0.9589999914169312,0.7580000162124634
YDR170W-A,YOR076C,0,1.2846553,0.11229508370161057,0.9589999914169312,0.7580999732017517
YER082C,YDR116C,0,1.2844727,0.112281933426857,0.9589999914169312,0.7581999897956848
YBL106C,YML113W,0,1.2843788,0.11226879060268402,0.9589999914169312,0.7583000063896179
YIL074C,YBL093C,0,1.284271,0.11225564777851105,0.9589999914169312,0.758400022983551
YER112W,YML009C,0,1.2842183,0.11224251240491867,0.9589999914169312,0.7584999799728394
YER086W,YDR363W-A,0,1.2839074,0.1122293770313263,0.9589999914169312,0.7585999965667725
YLR396C,YFL002W-A,0,1.2832801,0.11221624165773392,0.9589999914169312,0.7587000131607056
YNL054W-B,YBL020W,0,1.2829441,0.11220311373472214,0.9589999914169312,0.7588000297546387
YDL038C,YJL148W,0,1.2829129,0.11218998581171036,0.9589999914169312,0.758899986743927
YGL128C,YNR001C,0,1.2825438,0.11217686533927917,0.9589999914169312,0.7590000033378601
YOR181W,YBR245C,0,1.2824805,0.11216374486684799,0.9589999914169312,0.7591000199317932
YGR054W,YER113C,0,1.2822216,0.11215062439441681,0.9589999914169312,0.7591999769210815
YNL001W,YJR139C,0,1.2809705,0.11213751137256622,0.9589999914169312,0.7592999935150146
YBR036C,YOR124C,0,1.2808282,0.11212439835071564,0.9589999914169312,0.7594000101089478
YNL054W-B,YNL101W,0,1.2804639,0.11211129277944565,0.9589999914169312,0.7595000267028809
YBL022C,YCR075C,0,1.2803942,0.11209818720817566,0.9589999914169312,0.7595999836921692
YBR012W-A,YKR058W,0,1.279854,0.11208508908748627,0.9589999914169312,0.7597000002861023
YPL257W-A,YIL113W,0,1.2798262,0.11207199096679688,0.9589999914169312,0.7598000168800354
YJL080C,YNL015W,0,1.2796648,0.11205889284610748,0.9589999914169312,0.7598999738693237
YNL206C,YDR363W-A,0,1.2793635,0.11204580217599869,0.9589999914169312,0.7599999904632568
YLR015W,YOR240W,0,1.2792119,0.11203271150588989,0.9589999914169312,0.7601000070571899
YNL001W,YEL017C-A,0,1.2789869,0.1120196208357811,0.9589999914169312,0.760200023651123
YOR228C,YNL101W,0,1.2789094,0.1120065376162529,0.9589999914169312,0.7602999806404114
YOR192C-A,YKR037C,0,1.2784064,0.1119934618473053,0.9589999914169312,0.7603999972343445
YML116W,YDR318W,0,1.2775106,0.1119803860783577,0.9589999914169312,0.7605000138282776
YHR140W,YML088W,0,1.2773068,0.1119673103094101,0.9589999914169312,0.7605999708175659
YML104C,YMR221C,0,1.2772048,0.1119542345404625,0.9589999914169312,0.760699987411499
YDR248C,YJR013W,0,1.2763027,0.11194116622209549,0.9589999914169312,0.7608000040054321
YJR145C,YER159C-A,0,1.275637,0.11192810535430908,0.9589999914169312,0.7609000205993652
YJR009C,YDR388W,0,1.2754999,0.11191504448652267,0.9589999914169312,0.7609999775886536
YMR256C,YPL143W,0,1.2753358,0.11190198361873627,0.9589999914169312,0.7610999941825867
YNR008W,YGR106C,0,1.275287,0.11188893020153046,0.9589999914169312,0.7612000107765198
YIL171W,YOL157C,0,1.2748656,0.11187587678432465,0.9589999914169312,0.7613000273704529
YCL075W,YJL221C,0,1.2747996,0.11186282336711884,0.9589999914169312,0.7613999843597412
YNL242W,YOR080W,0,1.2747986,0.11184977740049362,0.9589999914169312,0.7615000009536743
YML054C,YLR154C,0,1.2747799,0.11183673143386841,0.9589999914169312,0.7616000175476074
YER051W,YJL101C,0,1.2745194,0.11182369291782379,0.9589999914169312,0.7616999745368958
YBR041W,YMR152W,0,1.2744486,0.11181065440177917,0.9589999914169312,0.7617999911308289
YAL023C,YGL084C,0,1.2743213,0.11179762333631516,0.9589999914169312,0.761900007724762
YMR109W,YDR047W,0,1.2738287,0.11178459227085114,0.9589999914169312,0.7620000243186951
YBR041W,YLR121C,0,1.2734857,0.11177156120538712,0.9589999914169312,0.7620999813079834
YJL044C,YKL021C,0,1.2733805,0.11175853759050369,0.9589999914169312,0.7621999979019165
YDR503C,YDR055W,0,1.2733698,0.11174551397562027,0.9589999914169312,0.7623000144958496
YHR021C,YOL031C,0,1.2732213,0.11173249781131744,0.9589999914169312,0.7623999714851379
YBR176W,YOR143C,0,1.2729642,0.11171948164701462,0.9589999914169312,0.762499988079071
YLR283W,YBR164C,0,1.2728939,0.11170646548271179,0.9589999914169312,0.7626000046730042
YBR001C,YPL111W,0,1.2725282,0.11169345676898956,0.9589999914169312,0.7627000212669373
YEL038W,YDR299W,0,1.2724468,0.11168044805526733,0.9589999914169312,0.7627999782562256
YOL100W,YOR044W,0,1.2723575,0.1116674393415451,0.9589999914169312,0.7628999948501587
YIL155C,YNL091W,0,1.2722358,0.11165443807840347,0.9589999914169312,0.7630000114440918
YOR076C,YOR246C,0,1.2720653,0.11164144426584244,0.9589999914169312,0.7631000280380249
YCR039C,YEL015W,0,1.2717673,0.1116284504532814,0.9589999914169312,0.7631999850273132
YPL059W,YJR045C,0,1.2717028,0.11161545664072037,0.9589999914169312,0.7633000016212463
YIL090W,YOR246C,0,1.2715218,0.11160247027873993,0.9589999914169312,0.7634000182151794
YJL108C,YCR040W,0,1.2713366,0.11158948391675949,0.9589999914169312,0.7634999752044678
YDR236C,YPL172C,0,1.2709618,0.11157649755477905,0.9589999914169312,0.7635999917984009
YOR240W,YER180C,0,1.2705033,0.11156351864337921,0.9589999914169312,0.763700008392334
YDR247W,YHR136C,0,1.2698519,0.11155053973197937,0.9589999914169312,0.7638000249862671
YMR292W,YCL057C-A,0,1.2697484,0.11153756827116013,0.9589999914169312,0.7638999819755554
YKL181W,YAR044W,0,1.2694411,0.11152459681034088,0.9589999914169312,0.7639999985694885
YBR082C,YIL171W,0,1.2694185,0.11151162534952164,0.9589999914169312,0.7641000151634216
YDR448W,YDR031W,0,1.2693825,0.11149866133928299,0.9589999914169312,0.76419997215271
YMR166C,YDR380W,0,1.2693219,0.11148569732904434,0.9589999914169312,0.7642999887466431
YDR418W,YER112W,0,1.2693212,0.11147274076938629,0.9589999914169312,0.7644000053405762
YLR467W,YOR044W,0,1.2691059,0.11145978420972824,0.9589999914169312,0.7645000219345093
YLR038C,YDL008W,0,1.2686834,0.11144683510065079,0.9589999914169312,0.7645999789237976
YGL191W,YCR028C,0,1.2686458,0.11143388599157333,0.9589999914169312,0.7646999955177307
YMR221C,YJL025W,0,1.267314,0.11142093688249588,0.9589999914169312,0.7648000121116638
YCL061C,YGR027W-B,0,1.2669892,0.11140799522399902,0.9589999914169312,0.7649000287055969
YKR094C,YPL204W,1,1.2668794,0.11151120811700821,0.9599999785423279,0.7649000287055969
YIR014W,YMR006C,0,1.2664154,0.11149825900793076,0.9599999785423279,0.7649999856948853
YER087C-A,YGR295C,0,1.2664006,0.1114853098988533,0.9599999785423279,0.7651000022888184
YDL137W,YKL024C,0,1.2662129,0.11147236078977585,0.9599999785423279,0.7652000188827515
YGR101W,YGR035C,0,1.2661749,0.11145941913127899,0.9599999785423279,0.7652999758720398
YPL281C,YLL038C,0,1.2659719,0.11144648492336273,0.9599999785423279,0.7653999924659729
YDR380W,YBL023C,0,1.2657866,0.11143354326486588,0.9599999785423279,0.765500009059906
YJR009C,YPL155C,0,1.2657485,0.11142061650753021,0.9599999785423279,0.7656000256538391
YJR065C,YNL162W,0,1.2656747,0.11140768229961395,0.9599999785423279,0.7656999826431274
YDL166C,YAR044W,0,1.2655373,0.11139475554227829,0.9599999785423279,0.7657999992370605
YDL136W,YDR298C,0,1.2655021,0.11138182878494263,0.9599999785423279,0.7659000158309937
YFL004W,YLR327C,0,1.2654271,0.11136890947818756,0.9599999785423279,0.765999972820282
YHR021C,YDR071C,0,1.265424,0.1113559901714325,0.9599999785423279,0.7660999894142151
YPR156C,YJR126C,0,1.2653402,0.11134307831525803,0.9599999785423279,0.7662000060081482
YLR192C,YLR318W,0,1.2652276,0.11133016645908356,0.9599999785423279,0.7663000226020813
YGL253W,YCR094W,0,1.2652211,0.11131725460290909,0.9599999785423279,0.7663999795913696
YOR076C,YPL143W,0,1.264686,0.11130435019731522,0.9599999785423279,0.7664999961853027
YML043C,YDR363W-A,0,1.2645378,0.11129144579172134,0.9599999785423279,0.7666000127792358
YGL106W,YPR073C,0,1.264497,0.11127854138612747,0.9599999785423279,0.766700029373169
YDL210W,YIL111W,0,1.2634449,0.1112656444311142,0.9599999785423279,0.7667999863624573
YML074C,YHR181W,0,1.2634084,0.11125275492668152,0.9599999785423279,0.7669000029563904
YOR233W,YML009C,0,1.2633203,0.11123985797166824,0.9599999785423279,0.7670000195503235
YDR060W,YIL009C-A,0,1.2632701,0.11122697591781616,0.9599999785423279,0.7670999765396118
YGL232W,YHL009W-B,0,1.2631896,0.11121408641338348,0.9599999785423279,0.7671999931335449
YDR524C,YGR234W,0,1.2630162,0.1112012043595314,0.9599999785423279,0.767300009727478
YDR134C,YDR322W,0,1.2625625,0.11118832230567932,0.9599999785423279,0.7674000263214111
YGL229C,YNR001C,0,1.2623795,0.11117544770240784,0.9599999785423279,0.7674999833106995
YMR122W-A,YGR116W,0,1.262301,0.11116257309913635,0.9599999785423279,0.7675999999046326
YBR012W-A,YOL002C,0,1.262084,0.11114970594644547,0.9599999785423279,0.7677000164985657
YML054C,YBR055C,0,1.2618316,0.11113683879375458,0.9599999785423279,0.767799973487854
YJR126C,YDR034C-C,0,1.26178,0.11112397164106369,0.9599999785423279,0.7678999900817871
YDR170W-A,YGR191W,0,1.2616804,0.1111111119389534,0.9599999785423279,0.7680000066757202
YNL159C,YPR158C-D,0,1.2614737,0.11109825223684311,0.9599999785423279,0.7681000232696533
YKL042W,YAR044W,0,1.2613295,0.11108539998531342,0.9599999785423279,0.7681999802589417
YMR130W,YDR524C,0,1.2613138,0.11107254773378372,0.9599999785423279,0.7682999968528748
YDR052C,YPL019C,0,1.261271,0.11105969548225403,0.9599999785423279,0.7684000134468079
YOR096W,YJL008C,0,1.260398,0.11104685068130493,0.9599999785423279,0.7684999704360962
YKL199C,YPL103C,0,1.2601118,0.11103400588035583,0.9599999785423279,0.7685999870300293
YIL072W,YGR027W-B,0,1.2600029,0.11102116107940674,0.9599999785423279,0.7687000036239624
YLR134W,YER096W,0,1.2599815,0.11100832372903824,0.9599999785423279,0.7688000202178955
YNR008W,YOR063W,0,1.2599623,0.11099549382925034,0.9599999785423279,0.7688999772071838
YPR031W,YCL057C-A,0,1.2599536,0.11098265647888184,0.9599999785423279,0.7689999938011169
YDR299W,YLR139C,0,1.2599268,0.11096982657909393,0.9599999785423279,0.76910001039505
YPL059W,YGR154C,0,1.259666,0.11095700412988663,0.9599999785423279,0.7692000269889832
YDR170W-A,YOR343W-A,0,1.2596351,0.11094418168067932,0.9599999785423279,0.7692999839782715
YFL037W,YCL057C-A,0,1.2588693,0.11093135923147202,0.9599999785423279,0.7694000005722046
YNL015W,YBR142W,0,1.2588329,0.1109185442328453,0.9599999785423279,0.7695000171661377
YML040W,YDL043C,0,1.2584726,0.1109057292342186,0.9599999785423279,0.769599974155426
YAL035W,YOR374W,0,1.2583525,0.11089292168617249,0.9599999785423279,0.7696999907493591
YAL044C,YGR116W,0,1.2583112,0.11088011413812637,0.9599999785423279,0.7698000073432922
YML018C,YER159C-A,0,1.2581642,0.11086730659008026,0.9599999785423279,0.7699000239372253
YNL007C,YDR034C-C,0,1.2581031,0.11085450649261475,0.9599999785423279,0.7699999809265137
YNR020C,YLR074C,0,1.2580634,0.11084170639514923,0.9599999785423279,0.7700999975204468
YHR206W,YJR045C,0,1.2576885,0.11082890629768372,0.9599999785423279,0.7702000141143799
YHR039C-B,YPL186C,0,1.2575068,0.1108161136507988,0.9599999785423279,0.7702999711036682
YER159C-A,YNL162W,0,1.2574902,0.11080332100391388,0.9599999785423279,0.7703999876976013
YER114C,YKL021C,0,1.2568631,0.11079053580760956,0.9599999785423279,0.7705000042915344
YER056C-A,YBL082C,0,1.2566626,0.11077775061130524,0.9599999785423279,0.7706000208854675
YJR094W-A,YCR040W,0,1.2564402,0.11076497286558151,0.9599999785423279,0.7706999778747559
YNL159C,YOR221C,0,1.2555755,0.11075219511985779,0.9599999785423279,0.770799994468689
YOR181W,YOR076C,0,1.2552646,0.11073941737413406,0.9599999785423279,0.7709000110626221
YJR121W,YOR315W,0,1.2547574,0.11072664707899094,0.9599999785423279,0.7710000276565552
YLR142W,YOL157C,0,1.2546786,0.11071387678384781,0.9599999785423279,0.7710999846458435
YKR061W,YDR380W,0,1.2546731,0.11070110648870468,0.9599999785423279,0.7712000012397766
YBR198C,YGL039W,0,1.2545519,0.11068834364414215,0.9599999785423279,0.7713000178337097
YOR069W,YER184C,0,1.2541535,0.11067558079957962,0.9599999785423279,0.771399974822998
YKR062W,YOR228C,0,1.2535216,0.11066282540559769,0.9599999785423279,0.7714999914169312
YDR134C,YLR109W,0,1.2534701,0.11065007001161575,0.9599999785423279,0.7716000080108643
YJR029W,YER053C,0,1.2524533,0.11063731461763382,0.9599999785423279,0.7717000246047974
YGL191W,YOR043W,0,1.2520221,0.11062456667423248,0.9599999785423279,0.7717999815940857
YDL114W,YDR261W-B,0,1.2518522,0.11061181873083115,0.9599999785423279,0.7718999981880188
YDR448W,YDR034C-C,0,1.2515459,0.1105990782380104,0.9599999785423279,0.7720000147819519
YML027W,YLR154C,0,1.2513754,0.11058633774518967,0.9599999785423279,0.7720999717712402
YHR011W,YDR534C,0,1.2513654,0.11057359725236893,0.9599999785423279,0.7721999883651733
YBR205W,YML009C,0,1.2512333,0.11056086421012878,0.9599999785423279,0.7723000049591064
YFL004W,YCL031C,0,1.2511101,0.11054813116788864,0.9599999785423279,0.7724000215530396
YLR106C,YNL129W,0,1.2509891,0.1105354055762291,0.9599999785423279,0.7724999785423279
YJL106W,YDR239C,0,1.2509396,0.11052267998456955,0.9599999785423279,0.772599995136261
YER159C-A,YMR257C,0,1.2506877,0.11050995439291,0.9599999785423279,0.7727000117301941
YER029C,YML081C-A,0,1.2506773,0.11049723625183105,0.9599999785423279,0.7728000283241272
YOR278W,YPL189C-A,0,1.2502668,0.1104845181107521,0.9599999785423279,0.7728999853134155
YBR156C,YMR037C,0,1.2499716,0.11047180742025375,0.9599999785423279,0.7730000019073486
YMR166C,YOR348C,0,1.2499449,0.1104590967297554,0.9599999785423279,0.7731000185012817
YLR283W,YIL093C,0,1.2499055,0.11044638603925705,0.9599999785423279,0.7731999754905701
YLR008C,YGL040C,0,1.2498977,0.1104336827993393,0.9599999785423279,0.7732999920845032
YOR063W,YGR035C,0,1.2498827,0.11042097955942154,0.9599999785423279,0.7734000086784363
YDL067C,YPR028W,0,1.2496945,0.11040828377008438,0.9599999785423279,0.7735000252723694
YMR016C,YOR233W,0,1.2496142,0.11039558053016663,0.9599999785423279,0.7735999822616577
YLR283W,YBR001C,0,1.2494915,0.11038289219141006,0.9599999785423279,0.7736999988555908
YBR012W-A,YIL051C,0,1.2493439,0.1103701964020729,0.9599999785423279,0.7738000154495239
YMR070W,YPL090C,0,1.2489296,0.11035751551389694,0.9599999785423279,0.7738999724388123
YKR094C,YLR265C,1,1.2488618,0.11045976728200912,0.9610000252723694,0.7738999724388123
YPR049C,YER106W,0,1.2487428,0.11044707149267197,0.9610000252723694,0.7739999890327454
YOL092W,YOR221C,0,1.2486904,0.1104343831539154,0.9610000252723694,0.7741000056266785
YBR283C,YKR048C,0,1.2485137,0.11042169481515884,0.9610000252723694,0.7742000222206116
YPR036W,YOR240W,0,1.2484257,0.11040900647640228,0.9610000252723694,0.7742999792098999
YOL005C,YDR116C,0,1.248019,0.11039632558822632,0.9610000252723694,0.774399995803833
YGR086C,YGR037C,0,1.2477543,0.11038364470005035,0.9610000252723694,0.7745000123977661
YOL157C,YOR337W,0,1.2476906,0.11037096381187439,0.9610000252723694,0.7746000289916992
YHR143W,YNL331C,0,1.2474002,0.11035829037427902,0.9610000252723694,0.7746999859809875
YDR088C,YER053C,0,1.2467322,0.11034561693668365,0.9610000252723694,0.7748000025749207
YDR071C,YGL031C,0,1.246472,0.11033295094966888,0.9610000252723694,0.7749000191688538
YMR056C,YJR029W,0,1.2464212,0.11032028496265411,0.9610000252723694,0.7749999761581421
YOR326W,YCL057C-A,0,1.2451634,0.11030761897563934,0.9610000252723694,0.7750999927520752
YDR316W-A,YPR184W,0,1.245111,0.11029496043920517,0.9610000252723694,0.7752000093460083
YDL130W,YKL024C,0,1.2449627,0.110282301902771,0.9610000252723694,0.7753000259399414
YJL046W,YNR050C,0,1.2448438,0.11026965081691742,0.9610000252723694,0.7753999829292297
YLR312C-B,YAL010C,0,1.2447623,0.11025699973106384,0.9610000252723694,0.7754999995231628
YDR524C,YHR039C-B,0,1.2446579,0.11024434864521027,0.9610000252723694,0.775600016117096
YMR307W,YLR438C-A,0,1.2445674,0.11023170500993729,0.9610000252723694,0.7756999731063843
YOR240W,YNL129W,0,1.2442741,0.1102190613746643,0.9610000252723694,0.7757999897003174
YAL041W,YPR184W,0,1.2437012,0.11020642518997192,0.9610000252723694,0.7759000062942505
YGR035C,YNR022C,0,1.2433271,0.11019378155469894,0.9610000252723694,0.7760000228881836
YKL004W,YOR151C,0,1.2432877,0.11018115282058716,0.9610000252723694,0.7760999798774719
YDR261W-B,YGR218W,0,1.2432113,0.11016851663589478,0.9610000252723694,0.776199996471405
YOR043W,YKR097W,0,1.2431481,0.11015589535236359,0.9610000252723694,0.7763000130653381
YAR010C,YOL109W,0,1.2427462,0.1101432666182518,0.9610000252723694,0.7764000296592712
YDR065W,YNL012W,0,1.2414985,0.11013064533472061,0.9610000252723694,0.7764999866485596
YLR120C,YMR303C,0,1.2410474,0.11011802405118942,0.9610000252723694,0.7766000032424927
YML018C,YNR050C,0,1.2408814,0.11010541021823883,0.9610000252723694,0.7767000198364258
YPR042C,YHR070W,0,1.2406253,0.11009279638528824,0.9610000252723694,0.7767999768257141
YKL179C,YPL220W,0,1.2405021,0.11008018255233765,0.9610000252723694,0.7768999934196472
YOL125W,YDR047W,0,1.2404866,0.11006757616996765,0.9610000252723694,0.7770000100135803
YBL054W,YLR139C,0,1.2404805,0.11005496978759766,0.9610000252723694,0.7771000266075134
YDR170W-A,YDR139C,0,1.240409,0.11004237085580826,0.9610000252723694,0.7771999835968018
YML116W,YAL043C,0,1.2404001,0.11002977192401886,0.9610000252723694,0.7773000001907349
YOL003C,YNR043W,0,1.240319,0.11001717299222946,0.9610000252723694,0.777400016784668
YNL210W,YDL038C,0,1.2401862,0.11000458151102066,0.9610000252723694,0.7774999737739563
YKL021C,YPR122W,0,1.2401206,0.10999199002981186,0.9610000252723694,0.7775999903678894
YDR126W,YGL039W,0,1.2399638,0.10997939854860306,0.9610000252723694,0.7777000069618225
YJL046W,YHL008C,0,1.239492,0.10996681451797485,0.9610000252723694,0.7778000235557556
YHR099W,YPL153C,1,1.239395,0.11006864905357361,0.9620000123977661,0.7778000235557556
YGR218W,YLR441C,0,1.2391473,0.11005605757236481,0.9620000123977661,0.777899980545044
YPR096C,YDL112W,0,1.2390599,0.110043466091156,0.9620000123977661,0.777999997138977
YDR170W-A,YNL242W,0,1.238899,0.1100308820605278,0.9620000123977661,0.7781000137329102
YNL159C,YDR252W,0,1.238581,0.1100182980298996,0.9620000123977661,0.7781999707221985
YER088C,YDR447C,0,1.2385559,0.11000571399927139,0.9620000123977661,0.7782999873161316
YML040W,YHR184W,0,1.2385033,0.10999313741922379,0.9620000123977661,0.7784000039100647
YLR170C,YDL130W,0,1.2381607,0.10998056828975677,0.9620000123977661,0.7785000205039978
YOR228C,YPL026C,0,1.2379311,0.10996799170970917,0.9620000123977661,0.7785999774932861
YDR531W,YGL185C,0,1.2378566,0.10995542258024216,0.9620000123977661,0.7786999940872192
YLR337W,YOR270C,0,1.2375996,0.10994285345077515,0.9620000123977661,0.7788000106811523
YLR040C,YGR188C,0,1.2375185,0.10993029177188873,0.9620000123977661,0.7789000272750854
YLR096W,YLR172C,0,1.2374699,0.10991773009300232,0.9620000123977661,0.7789999842643738
YHR171W,YJL101C,0,1.2371299,0.1099051758646965,0.9620000123977661,0.7791000008583069
YPL048W,YPR042C,0,1.2363747,0.10989262163639069,0.9620000123977661,0.77920001745224
YCR029C-A,YIL112W,0,1.2363367,0.10988006740808487,0.9620000123977661,0.7792999744415283
YDL120W,YLL022C,0,1.2363027,0.10986752063035965,0.9620000123977661,0.7793999910354614
YBR012W-A,YJL056C,0,1.2362064,0.10985497385263443,0.9620000123977661,0.7795000076293945
YCL075W,YBR231C,0,1.2359452,0.10984242707490921,0.9620000123977661,0.7796000242233276
YPR192W,YDL130W-A,0,1.2356267,0.10982988774776459,0.9620000123977661,0.779699981212616
YMR043W,YDR046C,0,1.2353041,0.10981734842061996,0.9620000123977661,0.7797999978065491
YGL135W,YBR105C,0,1.234871,0.10980481654405594,0.9620000123977661,0.7799000144004822
YDR056C,YBR058C,0,1.2337555,0.10979228466749191,0.9620000123977661,0.7799999713897705
YJL044C,YOR066W,0,1.2336969,0.10977975279092789,0.9620000123977661,0.7800999879837036
YJL165C,YML005W,0,1.233025,0.10976722836494446,0.9620000123977661,0.7802000045776367
YJL019W,YOR044W,0,1.2327943,0.10975470393896103,0.9620000123977661,0.7803000211715698
YCL075W,YOL157C,0,1.2322338,0.1097421869635582,0.9620000123977661,0.7803999781608582
YIL090W,YNL244C,0,1.2321845,0.10972966998815536,0.9620000123977661,0.7804999947547913
YGR220C,YOL019W,0,1.2319257,0.10971715301275253,0.9620000123977661,0.7806000113487244
YFL047W,YHR143W,0,1.2318882,0.1097046434879303,0.9620000123977661,0.7807000279426575
YML042W,YNL135C,0,1.2317257,0.10969213396310806,0.9620000123977661,0.7807999849319458
YJL221C,YJL189W,0,1.231467,0.10967962443828583,0.9620000123977661,0.7809000015258789
YMR088C,YDR507C,0,1.2313697,0.10966712236404419,0.9620000123977661,0.781000018119812
YMR208W,YKL021C,0,1.231276,0.10965462028980255,0.9620000123977661,0.7810999751091003
YMR264W,YJR029W,0,1.230943,0.10964212566614151,0.9620000123977661,0.7811999917030334
YPL059W,YDL144C,0,1.2308685,0.10962963104248047,0.9620000123977661,0.7813000082969666
YGR241C,YPR042C,0,1.2305107,0.10961713641881943,0.9620000123977661,0.7814000248908997
YOL127W,YDR486C,0,1.2303773,0.10960464924573898,0.9620000123977661,0.781499981880188
YPR098C,YDL205C,0,1.2302493,0.10959216207265854,0.9620000123977661,0.7815999984741211
YBL078C,YDR170W-A,0,1.2299488,0.10957968235015869,0.9620000123977661,0.7817000150680542
YJR139C,YPR041W,0,1.2298783,0.10956719517707825,0.9620000123977661,0.7817999720573425
YDR447C,YPL095C,0,1.2297771,0.109554722905159,0.9620000123977661,0.7818999886512756
YPR186C,YCR053W,0,1.2295338,0.10954224318265915,0.9620000123977661,0.7820000052452087
YER096W,YDR071C,0,1.2293879,0.1095297709107399,0.9620000123977661,0.7821000218391418
YDR418W,YHR207C,0,1.2291462,0.10951730608940125,0.9620000123977661,0.7821999788284302
YJR013W,YKL199C,0,1.2288208,0.10950484126806259,0.9620000123977661,0.7822999954223633
YHR172W,YER070W,0,1.2285973,0.10949237644672394,0.9620000123977661,0.7824000120162964
YPR048W,YMR128W,0,1.2282373,0.10947991162538528,0.9620000123977661,0.7825000286102295
YMR016C,YML081C-A,0,1.2280777,0.10946745425462723,0.9620000123977661,0.7825999855995178
YDR368W,YAR044W,0,1.2280438,0.10945499688386917,0.9620000123977661,0.7827000021934509
YBR176W,YER053C,0,1.2278208,0.10944254696369171,0.9620000123977661,0.782800018787384
YML040W,YBR175W,0,1.2270885,0.10943009704351425,0.9620000123977661,0.7828999757766724
YPL154C,YLR403W,0,1.2269248,0.10941765457391739,0.9620000123977661,0.7829999923706055
YDR481C,YOR228C,0,1.2265391,0.10940521210432053,0.9620000123977661,0.7831000089645386
YDR312W,YBR012W-B,0,1.2260708,0.10939276963472366,0.9620000123977661,0.7832000255584717
YLR283W,YDR379W,0,1.225929,0.1093803271651268,0.9620000123977661,0.78329998254776
YMR098C,YGL141W,0,1.2259119,0.10936789214611053,0.9620000123977661,0.7833999991416931
YJL046W,YBR214W,0,1.2256228,0.10935546457767487,0.9620000123977661,0.7835000157356262
YBL078C,YGL137W,0,1.2252649,0.1093430295586586,0.9620000123977661,0.7835999727249146
YEL054C,YMR314W,0,1.2250555,0.10933060944080353,0.9620000123977661,0.7836999893188477
YGL161C,YPR122W,0,1.224493,0.10931818187236786,0.9620000123977661,0.7838000059127808
YMR282C,YDR529C,0,1.2242205,0.10930576175451279,0.9620000123977661,0.7839000225067139
YNL049C,YER053C,0,1.2239125,0.10929334163665771,0.9620000123977661,0.7839999794960022
YGL120C,YBL010C,0,1.2232616,0.10928092896938324,0.9620000123977661,0.7840999960899353
YDR134C,YMR303C,0,1.223236,0.10926851630210876,0.9620000123977661,0.7842000126838684
YDR424C,YDR120C,0,1.223063,0.10925610363483429,0.9620000123977661,0.7843000292778015
YPR186C,YLR147C,0,1.222729,0.10924369841814041,0.9620000123977661,0.7843999862670898
YPR137C-B,YLR467W,0,1.2224975,0.10923129320144653,0.9620000123977661,0.784500002861023
YDR536W,YNL015W,0,1.2223623,0.10921889543533325,0.9620000123977661,0.784600019454956
YDR479C,YOR347C,0,1.2223465,0.10920649021863937,0.9620000123977661,0.7846999764442444
YBR036C,YJL102W,0,1.222098,0.10919409990310669,0.9620000123977661,0.7847999930381775
YFL041W,YGR220C,0,1.2220479,0.10918170213699341,0.9620000123977661,0.7849000096321106
YBR036C,YBR156C,0,1.2220175,0.10916931182146072,0.9620000123977661,0.7850000262260437
YKL199C,YDR279W,0,1.2219208,0.10915692895650864,0.9620000123977661,0.785099983215332
YKL154W,YPR184W,0,1.2216821,0.10914454609155655,0.9620000123977661,0.7851999998092651
YGR054W,YDR507C,0,1.2216725,0.10913216322660446,0.9620000123977661,0.7853000164031982
YLR154C,YML063W,0,1.2216334,0.10911978036165237,0.9620000123977661,0.7853999733924866
YFL029C,YLR448W,0,1.2216051,0.10910740494728088,0.9620000123977661,0.7854999899864197
YMR088C,YDL112W,0,1.2215898,0.1090950295329094,0.9620000123977661,0.7856000065803528
YMR130W,YDR362C,0,1.2213708,0.1090826615691185,0.9620000123977661,0.7857000231742859
YNL098C,YPL149W,0,1.2211312,0.1090702936053276,0.9620000123977661,0.7857999801635742
YKL042W,YNL135C,0,1.2211106,0.10905793309211731,0.9620000123977661,0.7858999967575073
YJR139C,YDR487C,0,1.2209872,0.10904556512832642,0.9620000123977661,0.7860000133514404
YKR062W,YPL019C,0,1.2209857,0.10903321206569672,0.9620000123977661,0.7860999703407288
YCR040W,YLR430W,0,1.2206252,0.10902085155248642,0.9620000123977661,0.7861999869346619
YMR051C,YAL058W,0,1.2204884,0.10900849848985672,0.9620000123977661,0.786300003528595
YPR186C,YPL068C,0,1.2202642,0.10899614542722702,0.9620000123977661,0.7864000201225281
YDR531W,YMR016C,0,1.2201211,0.10898379981517792,0.9620000123977661,0.7864999771118164
YML054C,YGR104C,0,1.2199645,0.10897145420312881,0.9620000123977661,0.7865999937057495
YBR022W,YGL119W,0,1.2198199,0.10895910859107971,0.9620000123977661,0.7867000102996826
YER091C,YML115C,0,1.2197444,0.1089467704296112,0.9620000123977661,0.7868000268936157
YBR036C,YPL026C,0,1.2196547,0.1089344322681427,0.9620000123977661,0.786899983882904
YDL137W,YNL207W,0,1.218932,0.10892210155725479,0.9620000123977661,0.7870000004768372
YBL039C,YNL339C,0,1.2189171,0.10890977084636688,0.9620000123977661,0.7871000170707703
YDR170W-A,YKR038C,0,1.2188842,0.10889744013547897,0.9620000123977661,0.7871999740600586
YPL257W-A,YPR031W,0,1.2185738,0.10888511687517166,0.9620000123977661,0.7872999906539917
YBR036C,YLR370C,0,1.2185628,0.10887279361486435,0.9620000123977661,0.7874000072479248
YHR101C,YDR387C,0,1.2183062,0.10886047035455704,0.9620000123977661,0.7875000238418579
YER070W,YDL095W,0,1.2172894,0.10884815454483032,0.9620000123977661,0.7875999808311462
YOR201C,YOR347C,0,1.2170184,0.10883583873510361,0.9620000123977661,0.7876999974250793
YDR531W,YML015C,0,1.2164681,0.10882353037595749,0.9620000123977661,0.7878000140190125
YDR466W,YPR041W,0,1.216459,0.10881122201681137,0.9620000123977661,0.7878999710083008
YNL086W,YGL213C,0,1.2162602,0.10879891365766525,0.9620000123977661,0.7879999876022339
YBR231C,YGR272C,0,1.2158573,0.10878661274909973,0.9620000123977661,0.788100004196167
YIL155C,YDR252W,0,1.2157958,0.10877431184053421,0.9620000123977661,0.7882000207901001
YNR011C,YGR272C,0,1.2155578,0.10876201093196869,0.9620000123977661,0.7882999777793884
YGR263C,YNL146W,0,1.2154385,0.10874971747398376,0.9620000123977661,0.7883999943733215
YKL199C,YGR262C,0,1.2153722,0.10873742401599884,0.9620000123977661,0.7885000109672546
YJR009C,YLR370C,0,1.2152891,0.10872513800859451,0.9620000123977661,0.7886000275611877
YJL190C,YGR001C,0,1.21513,0.10871285200119019,0.9620000123977661,0.7886999845504761
YGL136C,YFL002W-A,0,1.2150513,0.10870056599378586,0.9620000123977661,0.7888000011444092
YNL227C,YBL061C,0,1.2150455,0.10868828743696213,0.9620000123977661,0.7889000177383423
YPR049C,YOR343W-A,0,1.2150316,0.1086760088801384,0.9620000123977661,0.7889999747276306
YDL144C,YDR252W,0,1.214697,0.10866373032331467,0.9620000123977661,0.7890999913215637
YPR049C,YDR210W-B,0,1.2144866,0.10865145921707153,0.9620000123977661,0.7892000079154968
YDL019C,YBR185C,0,1.2139418,0.1086391881108284,0.9620000123977661,0.7893000245094299
YDR532C,YPR096C,0,1.2139248,0.10862691700458527,0.9620000123977661,0.7893999814987183
YJL143W,YMR109W,0,1.2137802,0.10861465334892273,0.9620000123977661,0.7894999980926514
YDR056C,YFL041W,0,1.2135946,0.10860238969326019,0.9620000123977661,0.7896000146865845
YOR120W,YKR048C,0,1.2135167,0.10859013348817825,0.9620000123977661,0.7896999716758728
YMR094W,YJR029W,0,1.2134142,0.10857787728309631,0.9620000123977661,0.7897999882698059
YOR143C,YBL037W,0,1.2130249,0.10856562107801437,0.9620000123977661,0.789900004863739
YPR137C-B,YOR192C-B,0,1.2127155,0.10855337232351303,0.9620000123977661,0.7900000214576721
YDL229W,YGL147C,0,1.21253,0.10854112356901169,0.9620000123977661,0.7900999784469604
YGL123W,YIR009W,0,1.2121325,0.10852888226509094,0.9620000123977661,0.7901999950408936
YKL011C,YBR166C,0,1.2120175,0.1085166409611702,0.9620000123977661,0.7903000116348267
YJR158W,YOR270C,0,1.2114596,0.10850439965724945,0.9620000123977661,0.7904000282287598
YNL339C,YIR009W,0,1.2114016,0.1084921583533287,0.9620000123977661,0.7904999852180481
YGR047C,YBR012W-A,0,1.2113392,0.10847992449998856,0.9620000123977661,0.7906000018119812
YDR077W,YOR014W,0,1.2112715,0.108467698097229,0.9620000123977661,0.7907000184059143
YNL146W,YPL202C,0,1.2111683,0.10845546424388885,0.9620000123977661,0.7907999753952026
YHL044W,YPR118W,0,1.2111137,0.1084432452917099,0.9620000123977661,0.7908999919891357
YMR302C,YLR048W,0,1.2109865,0.10843101888895035,0.9620000123977661,0.7910000085830688
YMR122W-A,YPR096C,0,1.2100823,0.10841879993677139,0.9620000123977661,0.791100025177002
YDL195W,YBR251W,0,1.2100594,0.10840658098459244,0.9620000123977661,0.7911999821662903
YIL070C,YDR047W,0,1.209971,0.10839436948299408,0.9620000123977661,0.7912999987602234
YOL030W,YBL020W,0,1.2099552,0.10838215053081512,0.9620000123977661,0.7914000153541565
YMR043W,YNL301C,0,1.2098606,0.10836994647979736,0.9620000123977661,0.7914999723434448
YMR312W,YNL189W,0,1.2097875,0.108357734978199,0.9620000123977661,0.7915999889373779
YGL206C,YDL082W,0,1.2094088,0.10834553092718124,0.9620000123977661,0.791700005531311
YBL064C,YBL022C,0,1.2091147,0.10833333432674408,0.9620000123977661,0.7918000221252441
YPL091W,YOL157C,0,1.2083815,0.10832113772630692,0.9620000123977661,0.7918999791145325
YAL023C,YNL189W,0,1.207731,0.10830894112586975,0.9620000123977661,0.7919999957084656
YLL001W,YGR194C,0,1.2076198,0.10829674452543259,0.9620000123977661,0.7921000123023987
YKL156W,YJL121C,0,1.2064971,0.10828455537557602,0.9620000123977661,0.7922000288963318
YIL172C,YER051W,0,1.2063327,0.10827236622571945,0.9620000123977661,0.7922999858856201
YDR316W-A,YPR122W,0,1.2063124,0.10826018452644348,0.9620000123977661,0.7924000024795532
YGR241C,YLR467W,0,1.2060882,0.10824800282716751,0.9620000123977661,0.7925000190734863
YMR297W,YFR041C,0,1.2060144,0.10823582112789154,0.9620000123977661,0.7925999760627747
YDR170W-A,YJL164C,0,1.2057507,0.10822364687919617,0.9620000123977661,0.7926999926567078
YNR061C,YNR022C,0,1.205735,0.1082114726305008,0.9620000123977661,0.7928000092506409
YHR081W,YOR346W,1,1.2057247,0.10831177234649658,0.9629999995231628,0.7928000092506409
YCR072C,YHR013C,0,1.2057238,0.10829959809780121,0.9629999995231628,0.792900025844574
YLR008C,YPL059W,0,1.2055048,0.10828741639852524,0.9629999995231628,0.7929999828338623
YGR263C,YNR061C,0,1.2054474,0.10827524214982986,0.9629999995231628,0.7930999994277954
YDL067C,YLR446W,0,1.2052312,0.10826306790113449,0.9629999995231628,0.7932000160217285
YKL004W,YDR388W,0,1.2051241,0.10825090110301971,0.9629999995231628,0.7932999730110168
YKL199C,YMR289W,0,1.2041006,0.10823873430490494,0.9629999995231628,0.79339998960495
YHR140W,YDR252W,0,1.2038624,0.10822656750679016,0.9629999995231628,0.7935000061988831
YGL210W,YPL048W,0,1.2030662,0.10821440815925598,0.9629999995231628,0.7936000227928162
YJR016C,YPL123C,0,1.202948,0.1082022488117218,0.9629999995231628,0.7936999797821045
YBL017C,YJL221C,0,1.202285,0.10819008946418762,0.9629999995231628,0.7937999963760376
YGL213C,YJL133W,0,1.2015225,0.10817793756723404,0.9629999995231628,0.7939000129699707
YER133W,YMR188C,0,1.201463,0.10816578567028046,0.9629999995231628,0.7940000295639038
YCR098C,YHR064C,0,1.2010028,0.10815364122390747,0.9629999995231628,0.7940999865531921
YDR270W,YDR265W,0,1.1996617,0.10814149677753448,0.9629999995231628,0.7942000031471252
YGR123C,YPR122W,0,1.199282,0.1081293523311615,0.9629999995231628,0.7943000197410583
YHL044W,YNL012W,0,1.1992676,0.10811720788478851,0.9629999995231628,0.7943999767303467
YDR312W,YGR054W,0,1.1987963,0.10810507088899612,0.9629999995231628,0.7944999933242798
YDR532C,YMR045C,0,1.1981547,0.10809294134378433,0.9629999995231628,0.7946000099182129
YOL100W,YAR044W,0,1.1980929,0.10808081179857254,0.9629999995231628,0.794700026512146
YMR043W,YDL112W,0,1.197683,0.10806868225336075,0.9629999995231628,0.7947999835014343
YHR105W,YDL180W,0,1.1973829,0.10805655270814896,0.9629999995231628,0.7949000000953674
YHR025W,YLR438C-A,0,1.1971948,0.10804443061351776,0.9629999995231628,0.7950000166893005
YER087C-A,YOL133W,0,1.1971232,0.10803230851888657,0.9629999995231628,0.7950999736785889
YGR286C,YEL058W,0,1.1970732,0.10802019387483597,0.9629999995231628,0.795199990272522
YBL039C,YOR039W,0,1.1970575,0.10800807178020477,0.9629999995231628,0.7953000068664551
YDR177W,YDR169C,0,1.1965885,0.10799596458673477,0.9629999995231628,0.7954000234603882
YDL108W,YHR181W,0,1.1964662,0.10798384994268417,0.9629999995231628,0.7954999804496765
YGR188C,YOL080C,0,1.1963614,0.10797174274921417,0.9629999995231628,0.7955999970436096
YER027C,YBL030C,0,1.1961677,0.10795964300632477,0.9629999995231628,0.7957000136375427
YPR132W,YGR189C,0,1.1958578,0.10794753581285477,0.9629999995231628,0.795799970626831
YBR012W-A,YGL185C,0,1.1955411,0.10793544352054596,0.9629999995231628,0.7958999872207642
YNL339C,YLR246W,0,1.1951128,0.10792334377765656,0.9629999995231628,0.7960000038146973
YDL144C,YPR021C,0,1.1948569,0.10791125148534775,0.9629999995231628,0.7961000204086304
YGR106C,YGR200C,0,1.1946579,0.10789915919303894,0.9629999995231628,0.7961999773979187
YCR028C,YAR044W,0,1.194627,0.10788707435131073,0.9629999995231628,0.7962999939918518
YOR308C,YDL051W,0,1.1944611,0.10787498950958252,0.9629999995231628,0.7964000105857849
YML124C,YOR242C,0,1.1942091,0.10786290466785431,0.9629999995231628,0.796500027179718
YJL158C,YCL057C-A,0,1.1939344,0.1078508198261261,0.9629999995231628,0.7965999841690063
YDR495C,YJR045C,0,1.1936369,0.10783874243497849,0.9629999995231628,0.7967000007629395
YFR006W,YMR184W,0,1.1931694,0.10782667249441147,0.9629999995231628,0.7968000173568726
YCL059C,YLL022C,0,1.1931429,0.10781460255384445,0.9629999995231628,0.7968999743461609
YCR096C,YPL019C,0,1.1930658,0.10780253261327744,0.9629999995231628,0.796999990940094
YDR322W,YDR032C,0,1.1927735,0.10779046267271042,0.9629999995231628,0.7971000075340271
YJL033W,YOR326W,0,1.1927009,0.107778400182724,0.9629999995231628,0.7972000241279602
YKL178C,YDR456W,0,1.1925867,0.10776633769273758,0.9629999995231628,0.7972999811172485
YKL199C,YGR200C,0,1.1921684,0.10775428265333176,0.9629999995231628,0.7973999977111816
YLR238W,YNL115C,0,1.1918464,0.10774222761392593,0.9629999995231628,0.7975000143051147
YKL199C,YLR356W,0,1.1915427,0.10773017257452011,0.9629999995231628,0.7975999712944031
YDR236C,YAR010C,0,1.1912549,0.10771811753511429,0.9629999995231628,0.7976999878883362
YJL033W,YGL120C,0,1.1911527,0.10770606994628906,0.9629999995231628,0.7978000044822693
YNL212W,YLR430W,0,1.1910326,0.10769402980804443,0.9629999995231628,0.7979000210762024
YPL089C,YBR009C,0,1.1909032,0.10768198221921921,0.9629999995231628,0.7979999780654907
YDR424C,YNR016C,0,1.1903489,0.10766994953155518,0.9629999995231628,0.7980999946594238
YDR265W,YLR038C,0,1.1901128,0.10765790939331055,0.9629999995231628,0.7982000112533569
YKL218C,YPR070W,0,1.1900585,0.10764587670564651,0.9629999995231628,0.79830002784729
YLR154C,YGR218W,0,1.1894468,0.10763384401798248,0.9629999995231628,0.7983999848365784
YGR029W,YOL005C,0,1.18929,0.10762181133031845,0.9629999995231628,0.7985000014305115
YGR088W,YPL159C,0,1.189019,0.10760978609323502,0.9629999995231628,0.7986000180244446
YBR296C,YNL213C,0,1.1889474,0.10759776830673218,0.9629999995231628,0.7986999750137329
YJR022W,YER184C,0,1.1879636,0.10758574306964874,0.9629999995231628,0.798799991607666
YGL009C,YDL060W,0,1.1875867,0.1075737252831459,0.9629999995231628,0.7989000082015991
YOR181W,YKL056C,0,1.1870893,0.10756170749664307,0.9629999995231628,0.7990000247955322
YOR066W,YPL220W,0,1.186089,0.10754969716072083,0.9629999995231628,0.7990999817848206
YDR322W,YPL028W,0,1.1851025,0.10753768682479858,0.9629999995231628,0.7991999983787537
YBL103C,YJR009C,0,1.1847396,0.10752568393945694,0.9629999995231628,0.7993000149726868
YEL021W,YOL147C,0,1.1845526,0.1075136736035347,0.9629999995231628,0.7993999719619751
YMR071C,YDR298C,0,1.1841755,0.10750167816877365,0.9629999995231628,0.7994999885559082
YMR080C,YNL244C,0,1.1840398,0.107489675283432,0.9629999995231628,0.7996000051498413
YAL003W,YPR031W,0,1.183925,0.10747767984867096,0.9629999995231628,0.7997000217437744
YEL017C-A,YLL035W,0,1.1837587,0.10746568441390991,0.9629999995231628,0.7997999787330627
YJR065C,YAR010C,0,1.1836226,0.10745369642972946,0.9629999995231628,0.7998999953269958
YJL198W,YNR011C,0,1.1832945,0.10744170844554901,0.9629999995231628,0.800000011920929
YAR019C,YML091C,0,1.1832036,0.10742972046136856,0.9629999995231628,0.8001000285148621
YDR495C,YNL115C,0,1.1821702,0.10741773247718811,0.9629999995231628,0.8001999855041504
YMR247C,YNL217W,0,1.1819009,0.10740575194358826,0.9629999995231628,0.8003000020980835
YJL125C,YAL044C,0,1.1816564,0.107393778860569,0.9629999995231628,0.8004000186920166
YJL129C,YBR159W,0,1.1813504,0.10738179832696915,0.9629999995231628,0.8004999756813049
YDR210W-B,YBR012W-B,0,1.1813135,0.10736983269453049,0.9629999995231628,0.800599992275238
YIL074C,YNR043W,0,1.1809027,0.10735785961151123,0.9629999995231628,0.8007000088691711
YJL198W,YPR028W,0,1.1806438,0.10734589397907257,0.9629999995231628,0.8008000254631042
YOR175C,YDR139C,0,1.1804254,0.10733392834663391,0.9629999995231628,0.8008999824523926
YPR118W,YOR369C,0,1.1802857,0.10732196271419525,0.9629999995231628,0.8009999990463257
YOL003C,YMR152W,0,1.1802846,0.10731000453233719,0.9629999995231628,0.8011000156402588
YEL021W,YLR078C,0,1.1799998,0.10729805380105972,0.9629999995231628,0.8011999726295471
YGR062C,YPR081C,0,1.179733,0.10728609561920166,0.9629999995231628,0.8012999892234802
YBR240C,YJL048C,0,1.1797,0.1072741448879242,0.9629999995231628,0.8014000058174133
YAL023C,YDL075W,0,1.1792263,0.10726219415664673,0.9629999995231628,0.8015000224113464
YMR088C,YIL111W,0,1.179116,0.10725025087594986,0.9629999995231628,0.8015999794006348
YML106W,YHL004W,0,1.1788256,0.10723830759525299,0.9629999995231628,0.8016999959945679
YBR055C,YLL038C,0,1.1787729,0.10722636431455612,0.9629999995231628,0.801800012588501
YLR286C,YLR246W,0,1.1783838,0.10721442848443985,0.9629999995231628,0.8019000291824341
YFL002W-A,YDL030W,0,1.1782496,0.10720249265432358,0.9629999995231628,0.8019999861717224
YPL089C,YEL058W,0,1.1777542,0.1071905642747879,0.9629999995231628,0.8021000027656555
YEL058W,YER051W,0,1.1770601,0.10717862844467163,0.9629999995231628,0.8022000193595886
YDL185W,YMR045C,0,1.17664,0.10716670006513596,0.9629999995231628,0.802299976348877
YLR312C-B,YNL301C,0,1.1758811,0.10715477913618088,0.9629999995231628,0.8023999929428101
YLR134W,YGR223C,0,1.1757759,0.1071428582072258,0.9629999995231628,0.8025000095367432
YDL069C,YEL065W,0,1.1755806,0.10713093727827072,0.9629999995231628,0.8026000261306763
YLR371W,YDR252W,0,1.1748308,0.10711902379989624,0.9629999995231628,0.8026999831199646
YHL024W,YLR438C-A,0,1.1747751,0.10710711032152176,0.9629999995231628,0.8027999997138977
YER113C,YDR298C,0,1.174619,0.10709519684314728,0.9629999995231628,0.8029000163078308
YIR014W,YGL039W,0,1.1743342,0.1070832833647728,0.9629999995231628,0.8029999732971191
YMR070W,YMR071C,0,1.1741848,0.10707137733697891,0.9629999995231628,0.8030999898910522
YBL106C,YPL096C-A,0,1.174031,0.10705947875976562,0.9629999995231628,0.8032000064849854
YMR037C,YBR012W-B,0,1.1739042,0.10704758018255234,0.9629999995231628,0.8033000230789185
YDR334W,YAL025C,0,1.173681,0.10703568160533905,0.9629999995231628,0.8033999800682068
YGR272C,YPL202C,0,1.1732703,0.10702378302812576,0.9629999995231628,0.8034999966621399
YML085C,YBL020W,0,1.173254,0.10701189190149307,0.9629999995231628,0.803600013256073
YER086W,YBL010C,0,1.1731768,0.10700000077486038,0.9629999995231628,0.8036999702453613
YJR009C,YIL034C,0,1.1730962,0.10698810964822769,0.9629999995231628,0.8037999868392944
YDR219C,YHR140W,0,1.1729794,0.1069762259721756,0.9629999995231628,0.8039000034332275
YDL190C,YIL111W,0,1.1728244,0.1069643422961235,0.9629999995231628,0.8040000200271606
YDL185W,YGR184C,0,1.1718756,0.10695246607065201,0.9629999995231628,0.804099977016449
YLR134W,YOR391C,0,1.1713622,0.10694058984518051,0.9629999995231628,0.8041999936103821
YLR266C,YOR044W,0,1.1710384,0.10692871361970901,0.9629999995231628,0.8043000102043152
YDR388W,YHR013C,0,1.1709584,0.10691684484481812,0.9629999995231628,0.8044000267982483
YNL207W,YGL222C,0,1.1708794,0.10690497606992722,0.9629999995231628,0.8044999837875366
YMR045C,YGR218W,0,1.1708204,0.10689310729503632,0.9629999995231628,0.8046000003814697
YHR172W,YDL067C,0,1.1707251,0.10688124597072601,0.9629999995231628,0.8047000169754028
YIR014W,YNR001C,0,1.1706215,0.10686938464641571,0.9629999995231628,0.8047999739646912
YPR081C,YPL033C,0,1.1703286,0.10685752332210541,0.9629999995231628,0.8048999905586243
YGR026W,YNL149C,0,1.1701521,0.1068456694483757,0.9629999995231628,0.8050000071525574
YGR123C,YCR037C,0,1.1699469,0.106833815574646,0.9629999995231628,0.8051000237464905
YCL047C,YGL059W,0,1.1695964,0.10682196170091629,0.9629999995231628,0.8051999807357788
YDR510W,YNL213C,0,1.1692555,0.10681011527776718,0.9629999995231628,0.8052999973297119
YHR010W,YPL092W,0,1.1689918,0.10679826885461807,0.9629999995231628,0.805400013923645
YJL156C,YML087C,0,1.1685066,0.10678642988204956,0.9629999995231628,0.8054999709129333
YLR283W,YDR074W,0,1.168428,0.10677458345890045,0.9629999995231628,0.8055999875068665
YKR061W,YNR061C,0,1.1683011,0.10676275193691254,0.9629999995231628,0.8057000041007996
YMR281W,YJL136C,0,1.1681596,0.10675091296434402,0.9629999995231628,0.8058000206947327
YDL069C,YER087C-A,0,1.1681255,0.10673908144235611,0.9629999995231628,0.805899977684021
YER087C-A,YAL020C,0,1.1680226,0.1067272499203682,0.9629999995231628,0.8059999942779541
YNL227C,YJL052W,0,1.1679813,0.10671542584896088,0.9629999995231628,0.8061000108718872
YLR286C,YGL031C,0,1.1676987,0.10670360177755356,0.9629999995231628,0.8062000274658203
YDR055W,YCL047C,0,1.1673071,0.10669177770614624,0.9629999995231628,0.8062999844551086
YER096W,YOR066W,0,1.1671112,0.10667996108531952,0.9629999995231628,0.8064000010490417
YIL090W,YML070W,0,1.166789,0.1066681444644928,0.9629999995231628,0.8065000176429749
YML060W,YLR265C,1,1.1667345,0.10676708072423935,0.9639999866485596,0.8065000176429749
YOR337W,YGL155W,0,1.1667343,0.10675525665283203,0.9639999866485596,0.8065999746322632
YER180C,YER112W,0,1.1662722,0.10674344003200531,0.9639999866485596,0.8066999912261963
YIL074C,YJL158C,0,1.1662498,0.10673162341117859,0.9639999866485596,0.8068000078201294
YDR013W,YPR016C,0,1.1655605,0.10671980679035187,0.9639999866485596,0.8069000244140625
YJL046W,YDR047W,0,1.1651838,0.10670799016952515,0.9639999866485596,0.8069999814033508
YER087C-A,YGR135W,0,1.1651171,0.10669618099927902,0.9639999866485596,0.8070999979972839
YDL129W,YLR048W,0,1.1650414,0.1066843718290329,0.9639999866485596,0.807200014591217
YHR039C-B,YMR292W,0,1.1649404,0.10667257010936737,0.9639999866485596,0.8072999715805054
YNR022C,YNL151C,0,1.1648242,0.10666076838970184,0.9639999866485596,0.8073999881744385
YKL199C,YML070W,0,1.1640728,0.10664896667003632,0.9639999866485596,0.8075000047683716
YNR061C,YDR044W,0,1.1635314,0.10663716495037079,0.9639999866485596,0.8076000213623047
YPL186C,YGR037C,0,1.1633114,0.10662537068128586,0.9639999866485596,0.807699978351593
YDR503C,YDR065W,0,1.1632271,0.10661358386278152,0.9639999866485596,0.8077999949455261
YNR008W,YIL034C,0,1.1628203,0.1066017895936966,0.9639999866485596,0.8079000115394592
YGL059W,YOR221C,0,1.1626277,0.10659000277519226,0.9639999866485596,0.8080000281333923
YMR316W,YOR228C,0,1.1625824,0.10657822340726852,0.9639999866485596,0.8080999851226807
YHR076W,YGR162W,0,1.1625102,0.10656643658876419,0.9639999866485596,0.8082000017166138
YJL072C,YCR039C,0,1.162491,0.10655465722084045,0.9639999866485596,0.8083000183105469
YML094W,YNR061C,0,1.1623952,0.10654288530349731,0.9639999866485596,0.8083999752998352
YBR159W,YDL060W,0,1.1623425,0.10653110593557358,0.9639999866485596,0.8084999918937683
YLR312C-B,YJL136C,0,1.1608493,0.10651933401823044,0.9639999866485596,0.8086000084877014
YIR002C,YFL039C,1,1.1607887,0.10661805421113968,0.9649999737739563,0.8086000084877014
YCR077C,YER044C,0,1.160587,0.10660627484321594,0.9649999737739563,0.8087000250816345
YER133W,YDR231C,0,1.1602306,0.1065944954752922,0.9649999737739563,0.8087999820709229
YJR045C,YNL135C,0,1.1599995,0.10658272355794907,0.9649999737739563,0.808899998664856
YCL059C,YNR020C,0,1.1597246,0.10657095164060593,0.9649999737739563,0.8090000152587891
YDR531W,YML113W,0,1.1581888,0.10655918717384338,0.9649999737739563,0.8090999722480774
YDR086C,YJR155W,0,1.1581355,0.10654742270708084,0.9649999737739563,0.8091999888420105
YDR320C-A,YLR237W,0,1.157232,0.1065356582403183,0.9649999737739563,0.8093000054359436
YHR023W,YML037C,0,1.1569849,0.10652390122413635,0.9649999737739563,0.8094000220298767
YPL189C-A,YCR047C,0,1.1567241,0.1065121442079544,0.9649999737739563,0.809499979019165
YGL185C,YGL141W,0,1.1565939,0.10650038719177246,0.9649999737739563,0.8095999956130981
YPR098C,YOR070C,0,1.1551911,0.10648863017559052,0.9649999737739563,0.8097000122070312
YPL174C,YEL021W,0,1.1548985,0.10647688060998917,0.9649999737739563,0.8098000288009644
YMR166C,YML005W,0,1.1546746,0.10646513849496841,0.9649999737739563,0.8098999857902527
YDR121W,YKR094C,1,1.1546125,0.10656370967626572,0.9660000205039978,0.8098999857902527
YNL242W,YER089C,0,1.1545601,0.10655195266008377,0.9660000205039978,0.8100000023841858
YAR015W,YLR079W,0,1.1544052,0.10654020309448242,0.9660000205039978,0.8101000189781189
YLR450W,YDR368W,0,1.1538496,0.10652845352888107,0.9660000205039978,0.8101999759674072
YMR298W,YNL112W,0,1.1534408,0.10651670396327972,0.9660000205039978,0.8102999925613403
YKL088W,YKL158W,0,1.1529723,0.10650496184825897,0.9660000205039978,0.8104000091552734
YPL022W,YDL200C,1,1.1522741,0.1066034585237503,0.9670000076293945,0.8104000091552734
YBR001C,YLR414C,0,1.1520282,0.10659170895814896,0.9670000076293945,0.8105000257492065
YLR074C,YJL008C,0,1.1515211,0.10657995939254761,0.9670000076293945,0.8105999827384949
YDR047W,YGR158C,0,1.1513308,0.10656821727752686,0.9670000076293945,0.810699999332428
YKL183W,YOL092W,0,1.1508057,0.1065564751625061,0.9670000076293945,0.8108000159263611
YJL090C,YOL072W,1,1.1503977,0.10665491223335266,0.9679999947547913,0.8108000159263611
YBR048W,YOR396W,0,1.1502957,0.10664316266775131,0.9679999947547913,0.8108999729156494
YBL093C,YKR059W,0,1.1501211,0.10663141310214996,0.9679999947547913,0.8109999895095825
YDL075W,YKL056C,0,1.1499388,0.10661967098712921,0.9679999947547913,0.8111000061035156
YHR021C,YOR179C,0,1.1498013,0.10660792887210846,0.9679999947547913,0.8112000226974487
YOR391C,YMR208W,0,1.1487892,0.10659618675708771,0.9679999947547913,0.8112999796867371
YOL072W,YFL039C,1,1.148592,0.10669456422328949,0.968999981880188,0.8112999796867371
YMR004W,YOL157C,0,1.148409,0.10668281465768814,0.968999981880188,0.8113999962806702
YKR094C,YKL017C,1,1.1482937,0.10678115487098694,0.9700000286102295,0.8113999962806702
YJL157C,YNL149C,0,1.148284,0.10676939785480499,0.9700000286102295,0.8115000128746033
YIL171W,YDR115W,0,1.1479369,0.10675764828920364,0.9700000286102295,0.8116000294685364
YDR320C-A,YLR078C,0,1.1479163,0.1067458987236023,0.9700000286102295,0.8116999864578247
YLR035C-A,YBR273C,0,1.1479118,0.10673415660858154,0.9700000286102295,0.8118000030517578
YHL008C,YDR236C,0,1.146894,0.10672241449356079,0.9700000286102295,0.8119000196456909
YER027C,YPL090C,0,1.146756,0.10671067237854004,0.9700000286102295,0.8119999766349792
YNL112W,YBR283C,0,1.1467078,0.10669893026351929,0.9700000286102295,0.8120999932289124
YJL165C,YJL164C,0,1.1465622,0.10668719559907913,0.9700000286102295,0.8122000098228455
YLR158C,YCL047C,0,1.1465605,0.10667546093463898,0.9700000286102295,0.8123000264167786
YDL192W,YHR013C,0,1.1464999,0.10666373372077942,0.9700000286102295,0.8123999834060669
YOR167C,YOL071W,0,1.1459326,0.10665200650691986,0.9700000286102295,0.8125
YMR298W,YGL222C,0,1.1458015,0.1066402792930603,0.9700000286102295,0.8126000165939331
YDL141W,YDR487C,0,1.1440833,0.10662855952978134,0.9700000286102295,0.8126999735832214
YCR028C,YDR115W,0,1.1440451,0.10661683976650238,0.9700000286102295,0.8127999901771545
YHR161C,YOR389W,0,1.144002,0.10660512000322342,0.9700000286102295,0.8129000067710876
YNL191W,YCL066W,0,1.143925,0.10659340769052505,0.9700000286102295,0.8130000233650208
YDL038C,YMR042W,0,1.1431592,0.10658169537782669,0.9700000286102295,0.8130999803543091
YNL293W,YNL339C,0,1.1425904,0.10656998306512833,0.9700000286102295,0.8131999969482422
YER087C-A,YIL027C,0,1.1421163,0.10655827820301056,0.9700000286102295,0.8133000135421753
YNL159C,YMR071C,0,1.1417865,0.10654657334089279,0.9700000286102295,0.8133999705314636
YJL156C,YOR396W,0,1.1413559,0.10653486847877502,0.9700000286102295,0.8134999871253967
YNR040W,YLR467W,0,1.1411127,0.10652317106723785,0.9700000286102295,0.8136000037193298
YMR281W,YCL050C,0,1.1410713,0.10651147365570068,0.9700000286102295,0.8137000203132629
YKR038C,YFR007W,0,1.1399002,0.10649978369474411,0.9700000286102295,0.8137999773025513
YLR098C,YKL218C,0,1.139688,0.10648808628320694,0.9700000286102295,0.8138999938964844
YIL074C,YOR043W,0,1.1392884,0.10647639632225037,0.9700000286102295,0.8140000104904175
YMR221C,YMR122W-A,0,1.1386318,0.10646471381187439,0.9700000286102295,0.8141000270843506
YMR098C,YML091C,0,1.1382387,0.10645303130149841,0.9700000286102295,0.8141999840736389
YFR006W,YBL061C,0,1.1379929,0.10644134879112244,0.9700000286102295,0.814300000667572
YBL024W,YKL116C,0,1.1375498,0.10642966628074646,0.9700000286102295,0.8144000172615051
YDR115W,YBL010C,0,1.1366754,0.10641799122095108,0.9700000286102295,0.8144999742507935
YKL011C,YER112W,0,1.1353111,0.1064063161611557,0.9700000286102295,0.8145999908447266
YDR134C,YNL213C,0,1.1351362,0.10639464855194092,0.9700000286102295,0.8147000074386597
YFL044C,YDR486C,0,1.1351196,0.10638298094272614,0.9700000286102295,0.8148000240325928
YMR128W,YNR001C,0,1.1348822,0.10637131333351135,0.9700000286102295,0.8148999810218811
YOR278W,YOR369C,0,1.13469,0.10635964572429657,0.9700000286102295,0.8149999976158142
YGL161C,YDR320C-A,0,1.1339049,0.10634798556566238,0.9700000286102295,0.8151000142097473
YBR156C,YOL103W,0,1.1333776,0.1063363328576088,0.9700000286102295,0.8151999711990356
YNR016C,YGR075C,0,1.1332895,0.10632467269897461,0.9700000286102295,0.8152999877929688
YKL034W,YFR006W,0,1.1332097,0.10631301999092102,0.9700000286102295,0.8154000043869019
YOR242C,YKL056C,0,1.1329343,0.10630136728286743,0.9700000286102295,0.815500020980835
YAR010C,YDR420W,0,1.1329172,0.10628972202539444,0.9700000286102295,0.8155999779701233
YIL093C,YPL123C,0,1.1314762,0.10627807676792145,0.9700000286102295,0.8156999945640564
YAR015W,YLR147C,0,1.1314706,0.10626643151044846,0.9700000286102295,0.8158000111579895
YER120W,YDL030W,0,1.1314023,0.10625479370355606,0.9700000286102295,0.8159000277519226
YDR074W,YFL002W-A,0,1.131397,0.10624315589666367,0.9700000286102295,0.8159999847412109
YHR067W,YOR396W,0,1.1311812,0.10623151808977127,0.9700000286102295,0.816100001335144
YHL044W,YMR311C,0,1.130384,0.10621988773345947,0.9700000286102295,0.8162000179290771
YMR043W,YJR076C,0,1.1299961,0.10620825737714767,0.9700000286102295,0.8162999749183655
YJL157C,YJR058C,0,1.129719,0.10619662702083588,0.9700000286102295,0.8163999915122986
YDL051W,YDR134C,0,1.1296787,0.10618500411510468,0.9700000286102295,0.8165000081062317
YDL115C,YAL025C,0,1.1294329,0.10617338120937347,0.9700000286102295,0.8166000247001648
YER027C,YOR182C,0,1.1294037,0.10616175830364227,0.9700000286102295,0.8166999816894531
YCL075W,YHR181W,0,1.1290876,0.10615014284849167,0.9700000286102295,0.8167999982833862
YJL198W,YMR016C,0,1.1284864,0.10613852739334106,0.9700000286102295,0.8169000148773193
YPR102C,YJL052W,0,1.1284348,0.10612691193819046,0.9700000286102295,0.8169999718666077
YNL086W,YCL069W,0,1.1283376,0.10611530393362045,0.9700000286102295,0.8170999884605408
YML054C,YJL097W,0,1.1280109,0.10610369592905045,0.9700000286102295,0.8172000050544739
YER070W,YDR239C,0,1.1279805,0.10609209537506104,0.9700000286102295,0.817300021648407
YGL173C,YGR026W,0,1.1278858,0.10608048737049103,0.9700000286102295,0.8173999786376953
YMR166C,YIR017C,0,1.1276857,0.10606888681650162,0.9700000286102295,0.8174999952316284
YJL170C,YER089C,0,1.1275367,0.1060572937130928,0.9700000286102295,0.8176000118255615
YJL190C,YPR047W,0,1.1268017,0.10604570060968399,0.9700000286102295,0.8177000284194946
YCR072C,YMR109W,0,1.1259881,0.10603410750627518,0.9700000286102295,0.817799985408783
YOR046C,YDR236C,0,1.1252906,0.10602251440286636,0.9700000286102295,0.8179000020027161
YJL170C,YIL090W,0,1.1248739,0.10601092875003815,0.9700000286102295,0.8180000185966492
YNL213C,YDL110C,0,1.1247288,0.10599934309720993,0.9700000286102295,0.8180999755859375
YCL059C,YDR071C,0,1.1239992,0.10598776489496231,0.9700000286102295,0.8181999921798706
YDR231C,YLR337W,0,1.1234735,0.1059761792421341,0.9700000286102295,0.8183000087738037
YDR170W-A,YDR329C,0,1.1233397,0.10596460849046707,0.9700000286102295,0.8184000253677368
YLR459W,YPL281C,0,1.1231014,0.10595303028821945,0.9700000286102295,0.8184999823570251
YIL171W,YDR239C,0,1.1230392,0.10594145953655243,0.9700000286102295,0.8185999989509583
YFL041W,YFR006W,0,1.1229808,0.1059298887848854,0.9700000286102295,0.8187000155448914
YLR078C,YGL157W,0,1.1226594,0.10591832548379898,0.9700000286102295,0.8187999725341797
YLR433C,YPL186C,0,1.1220617,0.10590675473213196,0.9700000286102295,0.8188999891281128
YDR107C,YIR017C,0,1.1219803,0.10589519888162613,0.9700000286102295,0.8190000057220459
YGR106C,YOR240W,0,1.1214507,0.1058836355805397,0.9700000286102295,0.819100022315979
YBR159W,YOL005C,0,1.1210501,0.10587207973003387,0.9700000286102295,0.8191999793052673
YIL034C,YER012W,0,1.1208972,0.10586052387952805,0.9700000286102295,0.8192999958992004
YGL003C,YPL186C,0,1.1206541,0.10584897547960281,0.9700000286102295,0.8194000124931335
YLR147C,YNL189W,0,1.1201012,0.10583742707967758,0.9700000286102295,0.8195000290870667
YMR188C,YMR071C,0,1.1200529,0.10582587867975235,0.9700000286102295,0.819599986076355
YDR046C,YCR098C,0,1.120019,0.10581433773040771,0.9700000286102295,0.8197000026702881
YNL146W,YDR387C,0,1.1199856,0.10580278933048248,0.9700000286102295,0.8198000192642212
YML018C,YKL212W,0,1.1198514,0.10579125583171844,0.9700000286102295,0.8198999762535095
YHR143W,YCL075W,0,1.1190126,0.10577971488237381,0.9700000286102295,0.8199999928474426
YCR029C-A,YPL258C,0,1.1185489,0.10576818138360977,0.9700000286102295,0.8201000094413757
YLR446W,YMR221C,0,1.1181959,0.10575664788484573,0.9700000286102295,0.8202000260353088
YER110C,YPL092W,0,1.1181732,0.10574512183666229,0.9700000286102295,0.8202999830245972
YMR051C,YLR246W,0,1.118169,0.10573359578847885,0.9700000286102295,0.8203999996185303
YDL210W,YEL054C,0,1.1180739,0.10572206974029541,0.9700000286102295,0.8205000162124634
YBR087W,YKR094C,1,1.117993,0.10581953078508377,0.9710000157356262,0.8205000162124634
YBR264C,YOR246C,0,1.1176023,0.10580799728631973,0.9710000157356262,0.8205999732017517
YNR040W,YLR139C,0,1.1169009,0.10579647123813629,0.9710000157356262,0.8206999897956848
YLR448W,YOR322C,0,1.1168025,0.10578494518995285,0.9710000157356262,0.8208000063896179
YKL156W,YPR047W,0,1.1167223,0.10577341914176941,0.9710000157356262,0.820900022983551
YDR481C,YOR179C,0,1.1166321,0.10576190054416656,0.9710000157356262,0.8209999799728394
YER087C-A,YDR044W,0,1.1165327,0.10575038194656372,0.9710000157356262,0.8210999965667725
YHR092C,YBL021C,0,1.1164993,0.10573886334896088,0.9710000157356262,0.8212000131607056
YGL009C,YOR127W,0,1.1162851,0.10572735220193863,0.9710000157356262,0.8213000297546387
YLR385C,YDR239C,0,1.1162024,0.10571584105491638,0.9710000157356262,0.821399986743927
YHR028C,YBR166C,0,1.1160774,0.10570432990789413,0.9710000157356262,0.8215000033378601
YHL040C,YAL025C,0,1.1159977,0.10569282621145248,0.9710000157356262,0.8216000199317932
YHR215W,YCR040W,0,1.1159391,0.10568132251501083,0.9710000157356262,0.8216999769210815
YLR283W,YPL103C,0,1.115875,0.10566982626914978,0.9710000157356262,0.8217999935150146
YAL020C,YDL075W,0,1.1158248,0.10565832257270813,0.9710000157356262,0.8219000101089478
YFL002W-A,YHR207C,0,1.1149654,0.10564682632684708,0.9710000157356262,0.8220000267028809
YAR015W,YJL109C,0,1.1137958,0.10563533753156662,0.9710000157356262,0.8220999836921692
YPL148C,YGL089C,0,1.1137305,0.10562384128570557,0.9710000157356262,0.8222000002861023
YMR043W,YPR070W,0,1.1136974,0.10561235249042511,0.9710000157356262,0.8223000168800354
YHR025W,YER111C,0,1.1133978,0.10560087114572525,0.9710000157356262,0.8223999738693237
YER025W,YDR362C,0,1.1132233,0.10558938980102539,0.9710000157356262,0.8224999904632568
YLL062C,YGR295C,0,1.1128497,0.10557790845632553,0.9710000157356262,0.8226000070571899
YNL046W,YHR025W,0,1.1127965,0.10556642711162567,0.9710000157356262,0.822700023651123
YJL090C,YHR081W,1,1.112359,0.10566365718841553,0.972000002861023,0.822700023651123
YCR029C-A,YPR021C,0,1.1114447,0.10565217584371567,0.972000002861023,0.8227999806404114
YGR058W,YPR102C,0,1.1114273,0.10564069449901581,0.972000002861023,0.8228999972343445
YJL121C,YOR044W,0,1.1111383,0.10562921315431595,0.972000002861023,0.8230000138282776
YMR080C,YBR105C,0,1.1110952,0.10561773180961609,0.972000002861023,0.8230999708175659
YGR159C,YJR015W,0,1.1108966,0.10560625791549683,0.972000002861023,0.823199987411499
YHR021C,YOR373W,0,1.1101191,0.10559478402137756,0.972000002861023,0.8233000040054321
YER087C-A,YHR172W,0,1.1101166,0.1055833175778389,0.972000002861023,0.8234000205993652
YDR248C,YDL204W,0,1.1094297,0.10557185113430023,0.972000002861023,0.8234999775886536
YBR159W,YBR142W,0,1.1093602,0.10556038469076157,0.972000002861023,0.8235999941825867
YHR089C,YDR197W,0,1.1091388,0.1055489182472229,0.972000002861023,0.8237000107765198
YNL207W,YCR077C,0,1.108886,0.10553745925426483,0.972000002861023,0.8238000273704529
YMR302C,YGL185C,0,1.1083622,0.10552600026130676,0.972000002861023,0.8238999843597412
YHR116W,YGL084C,0,1.1081204,0.10551454871892929,0.972000002861023,0.8240000009536743
YJL158C,YIR009W,0,1.1080427,0.10550309717655182,0.972000002861023,0.8241000175476074
YNL136W,YHR081W,1,1.1079407,0.10560017079114914,0.9729999899864197,0.8241000175476074
YCL069W,YER053C,0,1.1075238,0.10558871179819107,0.9729999899864197,0.8241999745368958
YDR487C,YLR078C,0,1.1075125,0.1055772602558136,0.9729999899864197,0.8242999911308289
YJR015W,YNR050C,0,1.1075101,0.10556580126285553,0.9729999899864197,0.824400007724762
YLR364W,YAL003W,0,1.1073463,0.10555434972047806,0.9729999899864197,0.8245000243186951
YPR048W,YML037C,0,1.1069683,0.10554289817810059,0.9729999899864197,0.8245999813079834
YOR061W,YFL037W,0,1.1065876,0.10553145408630371,0.9729999899864197,0.8246999979019165
YNL280C,YLR221C,0,1.1063943,0.10552000999450684,0.9729999899864197,0.8248000144958496
YMR130W,YDR047W,0,1.1063741,0.10550856590270996,0.9729999899864197,0.8248999714851379
YLR414C,YHR070W,0,1.1058457,0.10549712926149368,0.9729999899864197,0.824999988079071
YDR456W,YIR036C,0,1.1050947,0.1054856926202774,0.9729999899864197,0.8251000046730042
YDR107C,YLR134W,0,1.1050341,0.10547425597906113,0.9729999899864197,0.8252000212669373
YNL242W,YAR010C,0,1.104358,0.10546281933784485,0.9729999899864197,0.8252999782562256
YPL051W,YJL158C,0,1.1041934,0.10545139014720917,0.9729999899864197,0.8253999948501587
YNL046W,YKL024C,0,1.103834,0.10543996840715408,0.9729999899864197,0.8255000114440918
YDR358W,YJL102W,0,1.1029599,0.1054285392165184,0.9729999899864197,0.8256000280380249
YOR356W,YDR116C,0,1.1029037,0.10541711747646332,0.9729999899864197,0.8256999850273132
YBL088C,YKR094C,1,1.1025829,0.1055140271782875,0.9739999771118164,0.8256999850273132
YPL106C,YMR307W,0,1.1025575,0.10550259798765182,0.9739999771118164,0.8258000016212463
YGR088W,YOL133W,0,1.1024474,0.10549117624759674,0.9739999771118164,0.8259000182151794
YLR419W,YLR048W,0,1.1015157,0.10547974705696106,0.9739999771118164,0.8259999752044678
YDR536W,YHL032C,0,1.1012414,0.10546832531690598,0.9739999771118164,0.8260999917984009
YNL046W,YFL002W-A,0,1.1001157,0.10545691102743149,0.9739999771118164,0.826200008392334
YHL040C,YDR465C,0,1.0999999,0.1054454892873764,0.9739999771118164,0.8263000249862671
YCR039C,YOR228C,0,1.0999258,0.10543407499790192,0.9739999771118164,0.8263999819755554
YHR092C,YMR211W,0,1.0999196,0.10542266815900803,0.9739999771118164,0.8264999985694885
YHR067W,YGR054W,0,1.0992441,0.10541125386953354,0.9739999771118164,0.8266000151634216
YAR010C,YGR200C,0,1.0990336,0.10539984703063965,0.9739999771118164,0.82669997215271
YML094W,YPR184W,0,1.0986469,0.10538844764232635,0.9739999771118164,0.8267999887466431
YPR063C,YBL017C,0,1.0981241,0.10537704080343246,0.9739999771118164,0.8269000053405762
YER083C,YLR356W,0,1.0972617,0.10536564141511917,0.9739999771118164,0.8270000219345093
YPL271W,YNL306W,0,1.0972292,0.10535424202680588,0.9739999771118164,0.8270999789237976
YDR177W,YNL119W,0,1.0971705,0.10534285008907318,0.9739999771118164,0.8271999955177307
YDR065W,YLR010C,0,1.0970235,0.10533145815134048,0.9739999771118164,0.8273000121116638
YGR026W,YDR376W,0,1.0969706,0.10532006621360779,0.9739999771118164,0.8274000287055969
YGR058W,YGR159C,0,1.096023,0.10530868172645569,0.9739999771118164,0.8274999856948853
YIL125W,YGR135W,0,1.0958502,0.10529729723930359,0.9739999771118164,0.8276000022888184
YGL232W,YDR060W,0,1.0958214,0.10528591275215149,0.9739999771118164,0.8277000188827515
YGR026W,YPL271W,0,1.0957249,0.10527453571557999,0.9739999771118164,0.8277999758720398
YEL038W,YBR267W,0,1.0955646,0.10526315867900848,0.9739999771118164,0.8278999924659729
YLR214W,YMR307W,0,1.0954064,0.10525178164243698,0.9739999771118164,0.828000009059906
YJR025C,YFR005C,0,1.0952727,0.10524041205644608,0.9739999771118164,0.8281000256538391
YGL173C,YGL205W,0,1.095264,0.10522904247045517,0.9739999771118164,0.8281999826431274
YGR241C,YDL180W,0,1.0951327,0.10521767288446426,0.9739999771118164,0.8282999992370605
YLR038C,YNL248C,0,1.0949268,0.10520631074905396,0.9739999771118164,0.8284000158309937
YDL195W,YMR311C,0,1.0949123,0.10519494861364365,0.9739999771118164,0.828499972820282
YMR056C,YDR247W,0,1.0947709,0.10518358647823334,0.9739999771118164,0.8285999894142151
YKL089W,YMR045C,0,1.0947638,0.10517222434282303,0.9739999771118164,0.8287000060081482
YDL137W,YBR166C,0,1.0944922,0.10516086965799332,0.9739999771118164,0.8288000226020813
YGL173C,YMR256C,0,1.0944221,0.1051495224237442,0.9739999771118164,0.8288999795913696
YPL101W,YJR135W-A,0,1.094197,0.10513816773891449,0.9739999771118164,0.8289999961853027
YER174C,YOL092W,0,1.0941914,0.10512682050466537,0.9739999771118164,0.8291000127792358
YML043C,YLL038C,0,1.0937876,0.10511547327041626,0.9739999771118164,0.829200029373169
YLR134W,YGR154C,0,1.0936761,0.10510413348674774,0.9739999771118164,0.8292999863624573
YDR418W,YMR221C,0,1.0935028,0.10509279370307922,0.9739999771118164,0.8294000029563904
YPR168W,YDL180W,0,1.0932534,0.1050814539194107,0.9739999771118164,0.8295000195503235
YAR015W,YJL046W,0,1.0932131,0.10507012158632278,0.9739999771118164,0.8295999765396118
YLR134W,YPR184W,0,1.0926361,0.10505878180265427,0.9739999771118164,0.8296999931335449
YJL221C,YPR016C,0,1.0925653,0.10504745692014694,0.9739999771118164,0.829800009727478
YML012W,YBR291C,0,1.0925162,0.10503612458705902,0.9739999771118164,0.8299000263214111
YMR221C,YBR058C-A,0,1.0923572,0.1050247997045517,0.9739999771118164,0.8299999833106995
YNL007C,YMR208W,0,1.0923154,0.10501347482204437,0.9739999771118164,0.8300999999046326
YPL177C,YDR380W,0,1.0921501,0.10500215739011765,0.9739999771118164,0.8302000164985657
YMR051C,YGR158C,0,1.0921192,0.10499083995819092,0.9739999771118164,0.830299973487854
YBR198C,YAR044W,0,1.0917635,0.10497952252626419,0.9739999771118164,0.8303999900817871
YMR070W,YKL195W,0,1.091567,0.10496820509433746,0.9739999771118164,0.8305000066757202
YJR059W,YGL084C,0,1.0909492,0.10495689511299133,0.9739999771118164,0.8306000232696533
YKR061W,YPL160W,0,1.0909166,0.1049455851316452,0.9739999771118164,0.8306999802589417
YPR048W,YLR188W,0,1.0908797,0.10493428260087967,0.9739999771118164,0.8307999968528748
YIL034C,YER133W,0,1.0895731,0.10492298007011414,0.9739999771118164,0.8309000134468079
YGL191W,YGR061C,0,1.0893359,0.1049116775393486,0.9739999771118164,0.8309999704360962
YER088C,YJR059W,0,1.0880244,0.10490037500858307,0.9739999771118164,0.8310999870300293
YJR009C,YIR009W,0,1.0876079,0.10488907992839813,0.9739999771118164,0.8312000036239624
YMR088C,YHR136C,0,1.0875536,0.1048777848482132,0.9739999771118164,0.8313000202178955
YLR238W,YAL058W,0,1.0874541,0.10486649721860886,0.9739999771118164,0.8313999772071838
YHR025W,YIL009C-A,0,1.0873535,0.10485520213842392,0.9739999771118164,0.8314999938011169
YBR267W,YLR403W,0,1.0870912,0.10484391450881958,0.9739999771118164,0.83160001039505
YLR126C,YML009C,0,1.0869915,0.10483263432979584,0.9739999771118164,0.8317000269889832
YDL080C,YAL008W,0,1.0868559,0.1048213541507721,0.9739999771118164,0.8317999839782715
YIL051C,YGR279C,0,1.086328,0.10481007397174835,0.9739999771118164,0.8319000005722046
YOR224C,YER110C,0,1.0862045,0.10479879379272461,0.9739999771118164,0.8320000171661377
YJL221C,YLR441C,0,1.0857787,0.10478752106428146,0.9739999771118164,0.832099974155426
YDL205C,YDR487C,0,1.0855514,0.10477624833583832,0.9739999771118164,0.8321999907493591
YML040W,YOR066W,0,1.085522,0.10476497560739517,0.9739999771118164,0.8323000073432922
YEL065W,YPR118W,0,1.0853881,0.10475371032953262,0.9739999771118164,0.8324000239372253
YLR414C,YOR080W,0,1.0853229,0.10474244505167007,0.9739999771118164,0.8324999809265137
YBR286W,YFR006W,0,1.0851452,0.10473117977380753,0.9739999771118164,0.8325999975204468
YIL009C-A,YKL028W,0,1.0850735,0.10471992194652557,0.9739999771118164,0.8327000141143799
YHR052W,YNL015W,0,1.0847721,0.10470866411924362,0.9739999771118164,0.8327999711036682
YDR424C,YKL154W,0,1.0846071,0.10469740629196167,0.9739999771118164,0.8328999876976013
YMR142C,YGL253W,0,1.0845004,0.10468615591526031,0.9739999771118164,0.8330000042915344
YJR001W,YHR039C-B,0,1.0844688,0.10467490553855896,0.9739999771118164,0.8331000208854675
YDR236C,YPR118W,0,1.083377,0.1046636551618576,0.9739999771118164,0.8331999778747559
YML129C,YBR185C,0,1.0829959,0.10465241223573685,0.9739999771118164,0.833299994468689
YJL198W,YMR098C,0,1.082878,0.10464116930961609,0.9739999771118164,0.8334000110626221
YBR041W,YAR044W,0,1.0827515,0.10462992638349533,0.9739999771118164,0.8335000276565552
YCL063W,YNL248C,0,1.082062,0.10461869090795517,0.9739999771118164,0.8335999846458435
YOL005C,YHL004W,0,1.0814615,0.10460745543241501,0.9739999771118164,0.8337000012397766
YML104C,YOR240W,0,1.0813298,0.10459621995687485,0.9739999771118164,0.8338000178337097
YGL135W,YEL017C-A,0,1.0812738,0.10458499193191528,0.9739999771118164,0.833899974822998
YHL036W,YOL157C,0,1.0805471,0.10457375645637512,0.9739999771118164,0.8339999914169312
YDR238C,YHR064C,0,1.0801295,0.10456253588199615,0.9739999771118164,0.8341000080108643
YLL038C,YDL082W,0,1.0799873,0.10455130785703659,0.9739999771118164,0.8342000246047974
YBR185C,YHR011W,0,1.079948,0.10454008728265762,0.9739999771118164,0.8342999815940857
YOR046C,YGR116W,0,1.079244,0.10452886670827866,0.9739999771118164,0.8343999981880188
YBL093C,YDL109C,0,1.0792232,0.10451765358448029,0.9739999771118164,0.8345000147819519
YDR388W,YLR186W,0,1.0788658,0.10450644046068192,0.9739999771118164,0.8345999717712402
YKL140W,YLR048W,0,1.078595,0.10449522733688354,0.9739999771118164,0.8346999883651733
YGL106W,YDR368W,0,1.0785804,0.10448401421308517,0.9739999771118164,0.8348000049591064
YKL004W,YLR106C,0,1.0781901,0.1044728085398674,0.9739999771118164,0.8349000215530396
YMR281W,YDR060W,0,1.0778182,0.10446160286664963,0.9739999771118164,0.8349999785423279
YDR342C,YHR013C,0,1.0776925,0.10445040464401245,0.9739999771118164,0.835099995136261
YFR041C,YDR086C,0,1.0775491,0.10443919897079468,0.9739999771118164,0.8352000117301941
YBR296C,YML085C,0,1.0760148,0.1044280081987381,0.9739999771118164,0.8353000283241272
YGL128C,YLR201C,0,1.0759612,0.10441680997610092,0.9739999771118164,0.8353999853134155
YJL033W,YBL090W,0,1.0758592,0.10440561920404434,0.9739999771118164,0.8355000019073486
YOR063W,YGL178W,0,1.073987,0.10439442843198776,0.9739999771118164,0.8356000185012817
YLR192C,YOL123W,0,1.073786,0.10438323765993118,0.9739999771118164,0.8356999754905701
YER174C,YLR120C,0,1.073473,0.1043720543384552,0.9739999771118164,0.8357999920845032
YDR013W,YHR215W,0,1.0732598,0.10436087101697922,0.9739999771118164,0.8359000086784363
YIL009C-A,YNL217W,0,1.0731064,0.10434968769550323,0.9739999771118164,0.8360000252723694
YER025W,YDR134C,0,1.0730736,0.10433851182460785,0.9739999771118164,0.8360999822616577
YMR098C,YKL021C,0,1.0721102,0.10432733595371246,0.9739999771118164,0.8361999988555908
YOL030W,YPL172C,0,1.0720932,0.10431616008281708,0.9739999771118164,0.8363000154495239
YDL101C,YOR290C,1,1.0719488,0.10441207885742188,0.9750000238418579,0.8363000154495239
YHR076W,YHL036W,0,1.0718453,0.10440090298652649,0.9750000238418579,0.8363999724388123
YEL013W,YAR010C,0,1.0716019,0.1043897196650505,0.9750000238418579,0.8364999890327454
YBR058C-A,YBR164C,0,1.0714638,0.10437854379415512,0.9750000238418579,0.8366000056266785
YDR299W,YPL214C,0,1.0711013,0.10436737537384033,0.9750000238418579,0.8367000222206116
YER056C-A,YBR291C,0,1.0709155,0.10435619950294495,0.9750000238418579,0.8367999792098999
YAR015W,YLR099C,0,1.0703917,0.10434503108263016,0.9750000238418579,0.836899995803833
YML074C,YDL112W,0,1.0703182,0.10433387011289597,0.9750000238418579,0.8370000123977661
YPL059W,YJR033C,0,1.0692679,0.10432270169258118,0.9750000238418579,0.8371000289916992
YNR027W,YML124C,0,1.0692582,0.10431154072284698,0.9750000238418579,0.8371999859809875
YJL101C,YLL022C,0,1.0690069,0.10430038720369339,0.9750000238418579,0.8373000025749207
YHL008C,YBL030C,0,1.0687209,0.1042892262339592,0.9750000238418579,0.8374000191688538
YJR015W,YBR058C-A,0,1.0679455,0.1042780727148056,0.9750000238418579,0.8374999761581421
YGL089C,YHL047C,0,1.0671301,0.1042669266462326,0.9750000238418579,0.8375999927520752
YBL078C,YOR043W,0,1.0663774,0.10425577312707901,0.9750000238418579,0.8377000093460083
YCR009C,YLR079W,0,1.066331,0.10424462705850601,0.9750000238418579,0.8378000259399414
YBL078C,YIL101C,0,1.0663028,0.10423348098993301,0.9750000238418579,0.8378999829292297
YMR303C,YGL059W,0,1.0659459,0.10422234237194061,0.9750000238418579,0.8379999995231628
YFR037C,YKR094C,1,1.065515,0.10431808233261108,0.9760000109672546,0.8379999995231628
YDR486C,YML063W,0,1.065382,0.10430693626403809,0.9760000109672546,0.838100016117096
YFL002W-A,YDR387C,0,1.0651554,0.10429579019546509,0.9760000109672546,0.8381999731063843
YJL048C,YNL115C,0,1.0650091,0.10428464412689209,0.9760000109672546,0.8382999897003174
YMR026C,YOR374W,0,1.0648296,0.10427350550889969,0.9760000109672546,0.8384000062942505
YDL019C,YKL156W,0,1.0643737,0.10426236689090729,0.9760000109672546,0.8385000228881836
YDL138W,YDR318W,0,1.0640635,0.10425122827291489,0.9760000109672546,0.8385999798774719
YIL039W,YGL039W,0,1.0640566,0.10424009710550308,0.9760000109672546,0.838699996471405
YBR267W,YMR281W,0,1.0639393,0.10422895848751068,0.9760000109672546,0.8388000130653381
YML116W,YDL109C,0,1.063869,0.10421783477067947,0.9760000109672546,0.8389000296592712
YPR048W,YCL059C,0,1.0634452,0.10420670360326767,0.9760000109672546,0.8389999866485596
YOR063W,YJL041W,0,1.0633928,0.10419557988643646,0.9760000109672546,0.8391000032424927
YOR384W,YJR098C,0,1.0628663,0.10418445616960526,0.9760000109672546,0.8392000198364258
YLR134W,YDR390C,0,1.0626252,0.10417333990335464,0.9760000109672546,0.8392999768257141
YPR118W,YDL065C,0,1.0620356,0.10416221618652344,0.9760000109672546,0.8393999934196472
YFL041W,YBL020W,0,1.0617247,0.10415110737085342,0.9760000109672546,0.8395000100135803
YDR086C,YMR208W,0,1.0614814,0.10413999110460281,0.9760000109672546,0.8396000266075134
YDR299W,YFR041C,0,1.06105,0.1041288822889328,0.9760000109672546,0.8396999835968018
YJR015W,YGR191W,0,1.0608263,0.10411777347326279,0.9760000109672546,0.8398000001907349
YDR126W,YDL109C,0,1.0607808,0.10410666465759277,0.9760000109672546,0.839900016784668
YBL030C,YBR050C,0,1.0603386,0.10409556329250336,0.9760000109672546,0.8399999737739563
YJL125C,YJR135W-A,0,1.0598428,0.10408446192741394,0.9760000109672546,0.8400999903678894
YDL120W,YOR315W,0,1.0597472,0.10407336056232452,0.9760000109672546,0.8402000069618225
YHR215W,YJL133W,0,1.0595326,0.1040622666478157,0.9760000109672546,0.8403000235557556
YOL127W,YHR136C,0,1.0594594,0.10405117273330688,0.9760000109672546,0.840399980545044
YJR013W,YGR054W,0,1.0594431,0.10404007881879807,0.9760000109672546,0.840499997138977
YPR098C,YJL153C,0,1.0586138,0.10402899235486984,0.9760000109672546,0.8406000137329102
YDR012W,YHR117W,0,1.0585916,0.10401790589094162,0.9760000109672546,0.8406999707221985
YLR142W,YLR439W,0,1.0584741,0.1040068194270134,0.9760000109672546,0.8407999873161316
YFL039C,YIL126W,1,1.0583699,0.10410229116678238,0.9769999980926514,0.8407999873161316
YBL064C,YKR059W,0,1.0581055,0.10409119725227356,0.9769999980926514,0.8409000039100647
YLR120C,YMR285C,0,1.0579555,0.10408011078834534,0.9769999980926514,0.8410000205039978
YBR022W,YGL147C,0,1.0579122,0.10406902432441711,0.9769999980926514,0.8410999774932861
YML034W,YPR098C,0,1.0575739,0.10405793786048889,0.9769999980926514,0.8411999940872192
YMR290C,YGR220C,0,1.0575333,0.10404685884714127,0.9769999980926514,0.8413000106811523
YDL200C,YBR160W,1,1.0572399,0.10414226353168488,0.9779999852180481,0.8413000106811523
YPL271W,YGL031C,0,1.056375,0.10413117706775665,0.9779999852180481,0.8414000272750854
YBL093C,YPR098C,0,1.0563087,0.10412009060382843,0.9779999852180481,0.8414999842643738
YOR369C,YHR181W,0,1.0556171,0.10410900413990021,0.9779999852180481,0.8416000008583069
YMR070W,YIL074C,0,1.0550116,0.10409792512655258,0.9779999852180481,0.84170001745224
YPL231W,YNL166C,0,1.0536792,0.10408684611320496,0.9779999852180481,0.8417999744415283
YLR459W,YLL011W,0,1.0536764,0.10407576709985733,0.9779999852180481,0.8418999910354614
YKL218C,YIR036C,0,1.0531747,0.1040646955370903,0.9779999852180481,0.8420000076293945
YOR228C,YDR118W,0,1.0517498,0.10405362397432327,0.9779999852180481,0.8421000242233276
YPL189C-A,YPL026C,0,1.0511625,0.10404255241155624,0.9779999852180481,0.842199981212616
YPL089C,YNL112W,0,1.0503846,0.10403148829936981,0.9779999852180481,0.8422999978065491
YER126C,YPL028W,0,1.0500597,0.10402042418718338,0.9779999852180481,0.8424000144004822
YHL016C,YOR246C,0,1.0498095,0.10400936007499695,0.9779999852180481,0.8424999713897705
YCR037C,YDL112W,0,1.049681,0.10399829596281052,0.9779999852180481,0.8425999879837036
YDL075W,YDR115W,0,1.0492431,0.10398723930120468,0.9779999852180481,0.8427000045776367
YBR160W,YAR007C,1,1.0485909,0.10408250242471695,0.9789999723434448,0.8427000045776367
YOR043W,YOR270C,0,1.0479778,0.10407143831253052,0.9789999723434448,0.8428000211715698
YMR043W,YBL054W,0,1.0471792,0.10406037420034409,0.9789999723434448,0.8428999781608582
YOR182C,YMR012W,0,1.0468707,0.10404931753873825,0.9789999723434448,0.8429999947547913
YGR191W,YKL042W,0,1.0463333,0.10403826087713242,0.9789999723434448,0.8431000113487244
YLR237W,YOR211C,0,1.045943,0.10402720421552658,0.9789999723434448,0.8432000279426575
YGL185C,YHL036W,0,1.045438,0.10401614755392075,0.9789999723434448,0.8432999849319458
YKL088W,YFL002W-A,0,1.0453584,0.10400509834289551,0.9789999723434448,0.8434000015258789
YMR298W,YER089C,0,1.044709,0.10399404913187027,0.9789999723434448,0.843500018119812
YBR048W,YBL010C,0,1.0438248,0.10398300737142563,0.9789999723434448,0.8435999751091003
YLL011W,YCL066W,0,1.0435942,0.10397196561098099,0.9789999723434448,0.8436999917030334
YGR184C,YLR014C,0,1.0430503,0.10396092385053635,0.9789999723434448,0.8438000082969666
YBL075C,YBL069W,0,1.0425977,0.1039498820900917,0.9789999723434448,0.8439000248908997
YDL141W,YJL148W,0,1.0425119,0.10393884778022766,0.9789999723434448,0.843999981880188
YKL199C,YKR058W,0,1.0424075,0.10392781347036362,0.9789999723434448,0.8440999984741211
YKL034W,YNL015W,0,1.0417373,0.10391677916049957,0.9789999723434448,0.8442000150680542
YDR242W,YBR214W,0,1.0414746,0.10390575230121613,0.9789999723434448,0.8442999720573425
YER099C,YDL006W,0,1.0409466,0.10389472544193268,0.9789999723434448,0.8443999886512756
YMR070W,YKL212W,0,1.0392865,0.10388369858264923,0.9789999723434448,0.8445000052452087
YML042W,YAL062W,0,1.0392841,0.10387267917394638,0.9789999723434448,0.8446000218391418
YHR207C,YPL068C,0,1.0387602,0.10386165976524353,0.9789999723434448,0.8446999788284302
YJL153C,YHL047C,0,1.038414,0.10385064035654068,0.9789999723434448,0.8447999954223633
YDL130W-A,YLR430W,0,1.0384098,0.10383962839841843,0.9789999723434448,0.8449000120162964
YOR228C,YGL227W,0,1.0381501,0.10382861644029617,0.9789999723434448,0.8450000286102295
YPL095C,YGR001C,0,1.0380883,0.10381760448217392,0.9789999723434448,0.8450999855995178
YCR020C,YDR170W-A,0,1.0366113,0.10380659252405167,0.9789999723434448,0.8452000021934509
YDL019C,YFR006W,0,1.0360242,0.10379558801651001,0.9789999723434448,0.845300018787384
YDR440W,YFR037C,1,1.0357944,0.10389059782028198,0.9800000190734863,0.845300018787384
YKR104W,YFL037W,0,1.0355672,0.10387958586215973,0.9800000190734863,0.8453999757766724
YDR077W,YML087C,0,1.0355654,0.10386857390403748,0.9800000190734863,0.8454999923706055
YML037C,YNR047W,0,1.0353553,0.10385756939649582,0.9800000190734863,0.8456000089645386
YGL009C,YPL092W,0,1.035256,0.10384656488895416,0.9800000190734863,0.8457000255584717
YBR160W,YFL039C,1,1.0352476,0.10394151508808136,0.9810000061988831,0.8457000255584717
YNL001W,YNR016C,0,1.0350282,0.1039305031299591,0.9810000061988831,0.84579998254776
YGL210W,YDL095W,0,1.0344355,0.10391949117183685,0.9810000061988831,0.8458999991416931
YKL088W,YHL004W,0,1.0342404,0.1039084866642952,0.9810000061988831,0.8460000157356262
YDR533C,YDR322W,0,1.0339875,0.10389748215675354,0.9810000061988831,0.8460999727249146
YDR529C,YCL031C,0,1.033651,0.10388647764921188,0.9810000061988831,0.8461999893188477
YAR010C,YAL044C,0,1.0332515,0.10387547314167023,0.9810000061988831,0.8463000059127808
YNL280C,YDR166C,0,1.0331423,0.10386447608470917,0.9810000061988831,0.8464000225067139
YMR235C,YHR010W,0,1.0320995,0.1038534864783287,0.9810000061988831,0.8464999794960022
YLR438C-A,YAL012W,0,1.0320394,0.10384248942136765,0.9810000061988831,0.8465999960899353
YMR223W,YAL044C,0,1.0316565,0.10383149981498718,0.9810000061988831,0.8467000126838684
YOR167C,YDL033C,0,1.0310564,0.10382051020860672,0.9810000061988831,0.8468000292778015
YOR061W,YDR055W,0,1.030637,0.10380952060222626,0.9810000061988831,0.8468999862670898
YMR307W,YML037C,0,1.0300752,0.10379853844642639,0.9810000061988831,0.847000002861023
YML116W,YER153C,0,1.0296711,0.10378755629062653,0.9810000061988831,0.847100019454956
YKR059W,YNL007C,0,1.0291963,0.10377658158540726,0.9810000061988831,0.8471999764442444
YBR166C,YOR044W,0,1.0290581,0.10376559942960739,0.9810000061988831,0.8472999930381775
YJR160C,YOR374W,0,1.0280426,0.10375462472438812,0.9810000061988831,0.8474000096321106
YGR001C,YNL244C,0,1.0280244,0.10374365746974945,0.9810000061988831,0.8475000262260437
YMR056C,YPL026C,0,1.0277556,0.10373268276453018,0.9810000061988831,0.847599983215332
YOR228C,YPR054W,0,1.0275902,0.10372171550989151,0.9810000061988831,0.8476999998092651
YPL148C,YML040W,0,1.0273097,0.10371074825525284,0.9810000061988831,0.8478000164031982
YMR142C,YKR105C,0,1.0270386,0.10369978845119476,0.9810000061988831,0.8478999733924866
YHR028C,YBR213W,0,1.026834,0.10368882864713669,0.9810000061988831,0.8479999899864197
YOR175C,YDR507C,0,1.0266346,0.10367786884307861,0.9810000061988831,0.8481000065803528
YPL019C,YDR116C,0,1.0261515,0.10366691648960114,0.9810000061988831,0.8482000231742859
YDR248C,YFR008W,0,1.0256846,0.10365595668554306,0.9810000061988831,0.8482999801635742
YNR008W,YFR015C,0,1.0255693,0.10364500433206558,0.9810000061988831,0.8483999967575073
YDL229W,YDR169C,0,1.0254061,0.1036340594291687,0.9810000061988831,0.8485000133514404
YIR015W,YDR387C,0,1.0235564,0.10362311452627182,0.9810000061988831,0.8485999703407288
YDR265W,YGL035C,0,1.0234863,0.10361216962337494,0.9810000061988831,0.8486999869346619
YAR015W,YEL061C,0,1.0230983,0.10360122472047806,0.9810000061988831,0.848800003528595
YOL003C,YEL017C-A,0,1.0230827,0.10359028726816177,0.9810000061988831,0.8489000201225281
YHL019C,YOR131C,0,1.0226996,0.10357934981584549,0.9810000061988831,0.8489999771118164
YLR266C,YBR012W-A,0,1.0226912,0.1035684123635292,0.9810000061988831,0.8490999937057495
YGR184C,YKL181W,0,1.0221337,0.10355748236179352,0.9810000061988831,0.8492000102996826
YPR073C,YPR016C,0,1.022017,0.10354654490947723,0.9810000061988831,0.8493000268936157
YBL030C,YLR246W,0,1.0216624,0.10353562235832214,0.9810000061988831,0.849399983882904
YLR221C,YKL181W,0,1.0212524,0.10352469235658646,0.9810000061988831,0.8495000004768372
YNL248C,YPR031W,0,1.0211356,0.10351376980543137,0.9810000061988831,0.8496000170707703
YNL293W,YNR001C,0,1.0210392,0.10350284725427628,0.9810000061988831,0.8496999740600586
YJL221C,YIL115C,0,1.0205483,0.10349193215370178,0.9810000061988831,0.8497999906539917
YER087C-A,YPL033C,0,1.0204175,0.10348100960254669,0.9810000061988831,0.8499000072479248
YHR028C,YLR204W,0,1.0202868,0.1034700945019722,0.9810000061988831,0.8500000238418579
YBR291C,YDL082W,0,1.0199194,0.1034591868519783,0.9810000061988831,0.8500999808311462
YPR098C,YDR086C,0,1.0198929,0.1034482792019844,0.9810000061988831,0.8501999974250793
YAL035W,YBR185C,0,1.0198067,0.10343737155199051,0.9810000061988831,0.8503000140190125
YDL137W,YNL091W,0,1.01908,0.10342646390199661,0.9810000061988831,0.8503999710083008
YIL172C,YDR251W,0,1.0189669,0.10341555625200272,0.9810000061988831,0.8504999876022339
YDR107C,YJR143C,0,1.0186733,0.10340465605258942,0.9810000061988831,0.850600004196167
YHL008C,YIL101C,0,1.0186055,0.10339376330375671,0.9810000061988831,0.8507000207901001
YIR023W,YCL066W,0,1.0182769,0.10338286310434341,0.9810000061988831,0.8507999777793884
YER053C,YDR169C,0,1.0174994,0.10337197035551071,0.9810000061988831,0.8508999943733215
YIL150C,YDR065W,0,1.0172348,0.10336107760667801,0.9810000061988831,0.8510000109672546
YLR106C,YNL227C,0,1.0154663,0.1033501923084259,0.9810000061988831,0.8511000275611877
YDR050C,YAR044W,0,1.0144022,0.1033392995595932,0.9810000061988831,0.8511999845504761
YML040W,YGR189C,0,1.0143139,0.1033284142613411,0.9810000061988831,0.8513000011444092
YLR221C,YGR234W,0,1.0143118,0.10331753641366959,0.9810000061988831,0.8514000177383423
YDR126W,YGL185C,0,1.0142018,0.10330665856599808,0.9810000061988831,0.8514999747276306
YDL075W,YNL101W,0,1.0142018,0.10329578071832657,0.9810000061988831,0.8515999913215637
YNL007C,YOR092W,0,1.0140685,0.10328490287065506,0.9810000061988831,0.8517000079154968
YDL051W,YKL212W,0,1.0138533,0.10327403247356415,0.9810000061988831,0.8518000245094299
YER029C,YGL211W,0,1.013474,0.10326315462589264,0.9810000061988831,0.8518999814987183
YFR032C-A,YCR098C,0,1.0134122,0.10325229167938232,0.9810000061988831,0.8519999980926514
YBR012W-A,YBR241C,0,1.0132143,0.10324142128229141,0.9810000061988831,0.8521000146865845
YGL205W,YDR069C,0,1.0130696,0.1032305583357811,0.9810000061988831,0.8521999716758728
YGL119W,YLR356W,0,1.0128627,0.10321969538927078,0.9810000061988831,0.8522999882698059
YOL005C,YKR030W,0,1.0128617,0.10320883989334106,0.9810000061988831,0.852400004863739
YGR088W,YER111C,0,1.012732,0.10319797694683075,0.9810000061988831,0.8525000214576721
YOR181W,YOR315W,0,1.0121133,0.10318712890148163,0.9810000061988831,0.8525999784469604
YLR134W,YDR402C,0,1.012071,0.10317627340555191,0.9810000061988831,0.8526999950408936
YML054C,YBR142W,0,1.0120497,0.10316542536020279,0.9810000061988831,0.8528000116348267
YOR116C,YDL192W,0,1.0117551,0.10315457731485367,0.9810000061988831,0.8529000282287598
YJL143W,YPR096C,0,1.0116882,0.10314372926950455,0.9810000061988831,0.8529999852180481
YDR326C,YLR438C-A,0,1.010869,0.10313288122415543,0.9810000061988831,0.8531000018119812
YCR009C,YDR486C,0,1.0107443,0.1031220406293869,0.9810000061988831,0.8532000184059143
YDR248C,YJL221C,0,1.010356,0.10311120748519897,0.9810000061988831,0.8532999753952026
YJL158C,YKL164C,0,1.0095861,0.10310036689043045,0.9810000061988831,0.8533999919891357
YNL292W,YAR044W,0,1.009258,0.10308953374624252,0.9810000061988831,0.8535000085830688
YKR105C,YKL164C,0,1.0089824,0.1030787006020546,0.9810000061988831,0.853600025177002
YDR248C,YKR009C,0,1.0088266,0.10306787490844727,0.9810000061988831,0.8536999821662903
YKL100C,YDR056C,0,1.0088254,0.10305704176425934,0.9810000061988831,0.8537999987602234
YHR089C,YCR039C,0,1.0086063,0.10304621607065201,0.9810000061988831,0.8539000153541565
YPL095C,YGR158C,0,1.0082619,0.10303539782762527,0.9810000061988831,0.8539999723434448
YPL281C,YHR136C,0,1.008241,0.10302457213401794,0.9810000061988831,0.8540999889373779
YDR036C,YCL047C,0,1.007519,0.10301375389099121,0.9810000061988831,0.854200005531311
YER174C,YER184C,0,1.0074253,0.10300294309854507,0.9810000061988831,0.8543000221252441
YGR037C,YOR246C,0,1.0055132,0.10299212485551834,0.9810000061988831,0.8543999791145325
YMR142C,YPR184W,0,1.005041,0.1029813140630722,0.9810000061988831,0.8544999957084656
YDR531W,YMR281W,0,1.0039239,0.10297050327062607,0.9810000061988831,0.8546000123023987
YJR145C,YBR058C,0,1.0037591,0.10295969992876053,0.9810000061988831,0.8547000288963318
YPL144W,YNL207W,0,1.0033468,0.10294888913631439,0.9810000061988831,0.8547999858856201
YBL057C,YNR040W,0,1.0033087,0.10293809324502945,0.9810000061988831,0.8549000024795532
YGR063C,YOR369C,0,1.0032319,0.10292728990316391,0.9810000061988831,0.8550000190734863
YOR151C,YDR115W,0,1.0026021,0.10291649401187897,0.9810000061988831,0.8550999760627747
YNL086W,YGR263C,0,1.002291,0.10290569812059402,0.9810000061988831,0.8551999926567078
YGL147C,YGL106W,0,1.0005608,0.10289490222930908,0.9810000061988831,0.8553000092506409
YML125C,YGR262C,0,0.99980426,0.10288411378860474,0.9810000061988831,0.855400025844574
YGR286C,YGL123W,0,0.99945945,0.10287332534790039,0.9810000061988831,0.8554999828338623
YML015C,YAL025C,0,0.9986234,0.10286253690719604,0.9810000061988831,0.8555999994277954
YDR420W,YKL181W,0,0.99831903,0.1028517484664917,0.9810000061988831,0.8557000160217285
YPL148C,YHL032C,0,0.99752164,0.10284096747636795,0.9810000061988831,0.8557999730110168
YAR015W,YDR115W,0,0.99748063,0.1028301864862442,0.9810000061988831,0.85589998960495
YJR065C,YHR017W,0,0.9973701,0.10281941294670105,0.9810000061988831,0.8560000061988831
YMR086W,YGR006W,0,0.99686277,0.1028086319565773,0.9810000061988831,0.8561000227928162
YKR090W,YLR134W,0,0.99608505,0.10279786586761475,0.9810000061988831,0.8561999797821045
YDR046C,YER153C,0,0.9955464,0.1027870923280716,0.9810000061988831,0.8562999963760376
YNL159C,YIL113W,0,0.9951402,0.10277632623910904,0.9810000061988831,0.8564000129699707
YPL177C,YGR191W,0,0.994826,0.10276555269956589,0.9810000061988831,0.8565000295639038
YJR025C,YGR200C,0,0.9947138,0.10275479406118393,0.9810000061988831,0.8565999865531921
YPL195W,YOR120W,0,0.99451226,0.10274402797222137,0.9810000061988831,0.8567000031471252
YDL137W,YMR256C,0,0.9943119,0.10273326933383942,0.9810000061988831,0.8568000197410583
YNL149C,YNL268W,0,0.9940578,0.10272251069545746,0.9810000061988831,0.8568999767303467
YOL103W,YGR286C,0,0.9934109,0.1027117595076561,0.9810000061988831,0.8569999933242798
YDL051W,YLR438C-A,0,0.9932369,0.10270100831985474,0.9810000061988831,0.8571000099182129
YML005W,YEL058W,0,0.99322486,0.10269025713205338,0.9810000061988831,0.857200026512146
YDL120W,YER045C,0,0.9923321,0.10267950594425201,0.9810000061988831,0.8572999835014343
YDL192W,YMR221C,0,0.99230886,0.10266876220703125,0.9810000061988831,0.8574000000953674
YLL009C,YBR245C,0,0.9914986,0.10265801846981049,0.9810000061988831,0.8575000166893005
YDL114W,YIL171W,0,0.9914633,0.10264727473258972,0.9810000061988831,0.8575999736785889
YBL024W,YCR054C,0,0.99117494,0.10263653844594955,0.9810000061988831,0.857699990272522
YAL020C,YIL111W,0,0.99058586,0.10262579470872879,0.9810000061988831,0.8578000068664551
YKL011C,YLR371W,0,0.9905265,0.10261506587266922,0.9810000061988831,0.8579000234603882
YDL141W,YDL144C,0,0.99037474,0.10260432958602905,0.9810000061988831,0.8579999804496765
YLR015W,YHR010W,0,0.9902483,0.10259360074996948,0.9810000061988831,0.8580999970436096
YDR418W,YOR396W,0,0.9900205,0.10258287191390991,0.9810000061988831,0.8582000136375427
YML043C,YEL021W,0,0.98999345,0.10257214307785034,0.9810000061988831,0.858299970626831
YER087C-A,YER083C,0,0.9898405,0.10256142169237137,0.9810000061988831,0.8583999872207642
YBR048W,YNR022C,0,0.9896897,0.1025507003068924,0.9810000061988831,0.8585000038146973
YDL101C,YOR346W,1,0.9896316,0.10264451056718826,0.9819999933242798,0.8585000038146973
YDL129W,YPR032W,0,0.9895723,0.10263378173112869,0.9819999933242798,0.8586000204086304
YLR038C,YNL061W,0,0.9895446,0.10262305289506912,0.9819999933242798,0.8586999773979187
YDL099W,YNL007C,0,0.98890734,0.10261233150959015,0.9819999933242798,0.8587999939918518
YIL145C,YGR063C,0,0.98872507,0.10260161012411118,0.9819999933242798,0.8589000105857849
YDR531W,YBL021C,0,0.98869467,0.1025908887386322,0.9819999933242798,0.859000027179718
YKL088W,YJR025C,0,0.98757577,0.10258017480373383,0.9819999933242798,0.8590999841690063
YMR166C,YGL119W,0,0.986693,0.10256946086883545,0.9819999933242798,0.8592000007629395
YOR155C,YCR096C,0,0.98666734,0.10255874693393707,0.9819999933242798,0.8593000173568726
YDR069C,YGR062C,0,0.9866278,0.1025480404496193,0.9819999933242798,0.8593999743461609
YJR094W-A,YLR433C,0,0.98655987,0.10253732651472092,0.9819999933242798,0.859499990940094
YER070W,YLR448W,0,0.9863752,0.10252662003040314,0.9819999933242798,0.8596000075340271
YJL170C,YLR450W,0,0.9854598,0.10251592099666595,0.9819999933242798,0.8597000241279602
YKL088W,YDR456W,0,0.98537475,0.10250522196292877,0.9819999933242798,0.8597999811172485
YER045C,YLR014C,0,0.98524946,0.10249452292919159,0.9819999933242798,0.8598999977111816
YLR371W,YDL130W-A,0,0.9852004,0.1024838238954544,0.9819999933242798,0.8600000143051147
YBR205W,YLR438C-A,0,0.98465955,0.10247313231229782,0.9819999933242798,0.8600999712944031
YBL106C,YBL039C,0,0.98435986,0.10246244072914124,0.9819999933242798,0.8601999878883362
YIR015W,YPL048W,0,0.9837188,0.10245174914598465,0.9819999933242798,0.8603000044822693
YGR054W,YBL020W,0,0.9836184,0.10244105756282806,0.9819999933242798,0.8604000210762024
YBL075C,YNR016C,0,0.98299074,0.10243037343025208,0.9819999933242798,0.8604999780654907
YCL063W,YNL301C,0,0.98285747,0.10241968929767609,0.9819999933242798,0.8605999946594238
YDR448W,YNR001C,0,0.9826495,0.1024090126156807,0.9819999933242798,0.8607000112533569
YML043C,YLR172C,0,0.9826062,0.1023983284831047,0.9819999933242798,0.86080002784729
YPL017C,YML087C,0,0.9824517,0.10238765180110931,0.9819999933242798,0.8608999848365784
YNL207W,YGL168W,0,0.98189783,0.10237698256969452,0.9819999933242798,0.8610000014305115
YDR487C,YDR032C,0,0.9800223,0.10236630588769913,0.9819999933242798,0.8611000180244446
YLR448W,YFL041W,0,0.97988987,0.10235563665628433,0.9819999933242798,0.8611999750137329
YJL158C,YPL123C,0,0.97982156,0.10234497487545013,0.9819999933242798,0.861299991607666
YBR299W,YDR054C,0,0.9795679,0.10233430564403534,0.9819999933242798,0.8614000082015991
YML012W,YLL035W,0,0.97936714,0.10232364386320114,0.9819999933242798,0.8615000247955322
YER086W,YML124C,0,0.97904813,0.10231298208236694,0.9819999933242798,0.8615999817848206
YGL120C,YHL004W,0,0.9786954,0.10230232030153275,0.9819999933242798,0.8616999983787537
YMR297W,YGL229C,0,0.978618,0.10229166597127914,0.9819999933242798,0.8618000149726868
YBL093C,YGR037C,0,0.978184,0.10228101164102554,0.9819999933242798,0.8618999719619751
YGL168W,YMR012W,0,0.97774696,0.10227035731077194,0.9819999933242798,0.8619999885559082
YPL144W,YER112W,0,0.9776249,0.10225971043109894,0.9819999933242798,0.8621000051498413
YOR389W,YGL084C,0,0.97736746,0.10224906355142593,0.9819999933242798,0.8622000217437744
YMR056C,YLR371W,0,0.9749204,0.10223841667175293,0.9819999933242798,0.8622999787330627
YNL061W,YOL149W,0,0.97468436,0.10222777724266052,0.9819999933242798,0.8623999953269958
YGR054W,YDR115W,0,0.9743426,0.10221713036298752,0.9819999933242798,0.862500011920929
YMR287C,YIL155C,0,0.9739041,0.10220649093389511,0.9819999933242798,0.8626000285148621
YDL164C,YKR094C,1,0.973734,0.10229992866516113,0.9829999804496765,0.8626000285148621
YHR070W,YOL140W,0,0.9729754,0.10228928178548813,0.9829999804496765,0.8626999855041504
YDL033C,YOL109W,0,0.97207355,0.10227864235639572,0.9829999804496765,0.8628000020980835
YNL007C,YAL044C,0,0.9719428,0.10226799547672272,0.9829999804496765,0.8629000186920166
YKR094C,YOR244W,1,0.9718189,0.10236138850450516,0.984000027179718,0.8629000186920166
YMR070W,YIL124W,0,0.97150904,0.10235074162483215,0.984000027179718,0.8629999756813049
YJL153C,YML087C,0,0.97043526,0.10234009474515915,0.984000027179718,0.863099992275238
YIL074C,YER045C,0,0.9697765,0.10232944786548615,0.984000027179718,0.8632000088691711
YBR286W,YHR181W,0,0.9682584,0.10231880843639374,0.984000027179718,0.8633000254631042
YDR038C,YJR058C,0,0.9678276,0.10230816900730133,0.984000027179718,0.8633999824523926
YOR240W,YGR162W,0,0.967426,0.10229753702878952,0.984000027179718,0.8634999990463257
YGL232W,YML091C,0,0.9670849,0.10228690505027771,0.984000027179718,0.8636000156402588
YAR010C,YMR208W,0,0.9669057,0.1022762730717659,0.984000027179718,0.8636999726295471
YGR047C,YCL047C,0,0.96591663,0.10226564109325409,0.984000027179718,0.8637999892234802
YHR092C,YKL183W,0,0.9656688,0.10225501656532288,0.984000027179718,0.8639000058174133
YOR036W,YJL056C,0,0.9655391,0.10224439203739166,0.984000027179718,0.8640000224113464
YLR433C,YOR306C,0,0.9644622,0.10223376750946045,0.984000027179718,0.8640999794006348
YOL157C,YER053C,0,0.9642151,0.10222314298152924,0.984000027179718,0.8641999959945679
YFR015C,YEL021W,0,0.9642107,0.10221252590417862,0.984000027179718,0.864300012588501
YPL091W,YLR100W,0,0.96415913,0.102201908826828,0.984000027179718,0.8644000291824341
YMR042W,YPL101W,0,0.9641174,0.10219129920005798,0.984000027179718,0.8644999861717224
YLR100W,YPL028W,0,0.96406144,0.10218068212270737,0.984000027179718,0.8646000027656555
YOR315W,YGR286C,0,0.9629538,0.10217007249593735,0.984000027179718,0.8647000193595886
YJL129C,YGR200C,0,0.96270543,0.10215947031974792,0.984000027179718,0.864799976348877
YPR102C,YBL021C,0,0.96245754,0.1021488606929779,0.984000027179718,0.8648999929428101
YMR130W,YNL207W,0,0.96244466,0.10213825851678848,0.984000027179718,0.8650000095367432
YOR131C,YJL101C,0,0.9598961,0.10212765634059906,0.984000027179718,0.8651000261306763
YPL038W,YPL202C,0,0.95941377,0.10211706161499023,0.984000027179718,0.8651999831199646
YML116W,YBL017C,0,0.9589866,0.10210646688938141,0.984000027179718,0.8652999997138977
YDR465C,YDL038C,0,0.9579795,0.10209587216377258,0.984000027179718,0.8654000163078308
YNL086W,YGL155W,0,0.9577699,0.10208527743816376,0.984000027179718,0.8654999732971191
YJL048C,YDR055W,0,0.9575342,0.10207469016313553,0.984000027179718,0.8655999898910522
YDR418W,YLR433C,0,0.9570038,0.1020641028881073,0.984000027179718,0.8657000064849854
YKR094C,YMR224C,1,0.95677876,0.10215722769498825,0.9850000143051147,0.8657000064849854
YDR536W,YML070W,0,0.9566791,0.10214663296937943,0.9850000143051147,0.8658000230789185
YLL062C,YBR283C,0,0.95613146,0.1021360456943512,0.9850000143051147,0.8658999800682068
YDL065C,YER030W,0,0.95574117,0.10212545096874237,0.9850000143051147,0.8659999966621399
YLR373C,YER087C-A,0,0.9554452,0.10211486369371414,0.9850000143051147,0.866100013256073
YBL024W,YGR188C,0,0.95516187,0.10210428386926651,0.9850000143051147,0.8661999702453613
YJR145C,YOR381W,0,0.95514286,0.10209369659423828,0.9850000143051147,0.8662999868392944
YAL008W,YNL149C,0,0.9543325,0.10208311676979065,0.9850000143051147,0.8664000034332275
YOL133W,YMR022W,0,0.95432884,0.10207253694534302,0.9850000143051147,0.8665000200271606
YCR020C,YDR534C,0,0.9543247,0.10206196457147598,0.9850000143051147,0.866599977016449
YOL019W,YDR055W,0,0.9541967,0.10205138474702835,0.9850000143051147,0.8666999936103821
YDR071C,YLR099C,0,0.9517989,0.10204081982374191,0.9850000143051147,0.8668000102043152
YNL112W,YER089C,0,0.951728,0.10203024744987488,0.9850000143051147,0.8669000267982483
YKL100C,YOL133W,0,0.95165944,0.10201968252658844,0.9850000143051147,0.8669999837875366
YER068W,YDR298C,0,0.95107734,0.1020091101527214,0.9850000143051147,0.8671000003814697
YKL088W,YDR443C,0,0.95101744,0.10199855268001556,0.9850000143051147,0.8672000169754028
YHR025W,YDL067C,0,0.95089805,0.10198798775672913,0.9850000143051147,0.8672999739646912
YOR175C,YOL077C,0,0.9508023,0.10197743028402328,0.9850000143051147,0.8673999905586243
YPL143W,YBR245C,0,0.9500351,0.10196687281131744,0.9850000143051147,0.8675000071525574
YOR391C,YER020W,0,0.94946665,0.1019563227891922,0.9850000143051147,0.8676000237464905
YML094W,YJL044C,0,0.94940645,0.10194576531648636,0.9850000143051147,0.8676999807357788
YEL038W,YDR056C,0,0.94930756,0.10193521529436111,0.9850000143051147,0.8677999973297119
YEL054C,YGR279C,0,0.94849706,0.10192466527223587,0.9850000143051147,0.867900013923645
YGL206C,YJL109C,0,0.9480264,0.10191412270069122,0.9850000143051147,0.8679999709129333
YBR251W,YKL021C,0,0.9478672,0.10190358012914658,0.9850000143051147,0.8680999875068665
YDR115W,YBR122C,0,0.9475982,0.10189303755760193,0.9850000143051147,0.8682000041007996
YER070W,YGL178W,0,0.94752675,0.10188250243663788,0.9850000143051147,0.8683000206947327
YER029C,YGR159C,0,0.9473059,0.10187195986509323,0.9850000143051147,0.868399977684021
YER088C,YNL101W,0,0.94713366,0.10186142474412918,0.9850000143051147,0.8684999942779541
YLR098C,YIL136W,0,0.94669175,0.10185089707374573,0.9850000143051147,0.8686000108718872
YNL007C,YAL008W,0,0.94639194,0.10184036195278168,0.9850000143051147,0.8687000274658203
YOR096W,YOL123W,0,0.9462317,0.10182983428239822,0.9850000143051147,0.8687999844551086
YNL331C,YMR026C,0,0.9460584,0.10181930661201477,0.9850000143051147,0.8689000010490417
YPR048W,YAR010C,0,0.94534993,0.10180878639221191,0.9850000143051147,0.8690000176429749
YAL035W,YFL037W,0,0.9453456,0.10179826617240906,0.9850000143051147,0.8690999746322632
YOR228C,YLR176C,0,0.94507706,0.1017877459526062,0.9850000143051147,0.8691999912261963
YJR015W,YPL143W,0,0.94504714,0.10177722573280334,0.9850000143051147,0.8693000078201294
YDR046C,YIL009C-A,0,0.94493234,0.10176671296358109,0.9850000143051147,0.8694000244140625
YGL168W,YDR322W,0,0.94464,0.10175620019435883,0.9850000143051147,0.8694999814033508
YJR045C,YAL012W,0,0.94409275,0.10174568742513657,0.9850000143051147,0.8695999979972839
YOR063W,YLR078C,0,0.9433021,0.1017351821064949,0.9850000143051147,0.869700014591217
YER096W,YDR103W,0,0.942994,0.10172466933727264,0.9850000143051147,0.8697999715805054
YMR080C,YAL003W,0,0.9426142,0.10171416401863098,0.9850000143051147,0.8698999881744385
YOR381W,YNL135C,0,0.9425719,0.10170366615056992,0.9850000143051147,0.8700000047683716
YJR025C,YML043C,0,0.94196737,0.10169316828250885,0.9850000143051147,0.8701000213623047
YOL100W,YLR201C,0,0.9418155,0.10168267041444778,0.9850000143051147,0.870199978351593
YJR001W,YPR028W,0,0.94175875,0.10167217254638672,0.9850000143051147,0.8702999949455261
YOR092W,YGL157W,0,0.94135416,0.10166167467832565,0.9850000143051147,0.8704000115394592
YOR348C,YBL061C,0,0.9411928,0.10165118426084518,0.9850000143051147,0.8705000281333923
YKR094C,YLR032W,1,0.94117296,0.10174388438463211,0.9860000014305115,0.8705000281333923
YOL103W,YJR135W-A,0,0.94039303,0.10173338651657104,0.9860000014305115,0.8705999851226807
YKL034W,YNL115C,0,0.93988466,0.10172289609909058,0.9860000014305115,0.8707000017166138
YOL157C,YBR241C,0,0.9394099,0.10171239823102951,0.9860000014305115,0.8708000183105469
YMR045C,YIR023W,0,0.93827164,0.10170190781354904,0.9860000014305115,0.8708999752998352
YGL229C,YNL191W,0,0.93794924,0.10169141739606857,0.9860000014305115,0.8709999918937683
YGL123W,YBL055C,0,0.93689024,0.1016809344291687,0.9860000014305115,0.8711000084877014
YGL161C,YBL030C,0,0.93682194,0.10167044401168823,0.9860000014305115,0.8712000250816345
YPR016C,YNL189W,0,0.93607414,0.10165996849536896,0.9860000014305115,0.8712999820709229
YNR016C,YKL198C,0,0.9358883,0.10164948552846909,0.9860000014305115,0.871399998664856
YJR066W,YJR126C,0,0.93572915,0.10163901001214981,0.9860000014305115,0.8715000152587891
YPL028W,YDL082W,0,0.9354354,0.10162852704524994,0.9860000014305115,0.8715999722480774
YBL039C,YDR362C,0,0.9353748,0.10161805897951126,0.9860000014305115,0.8716999888420105
YKL100C,YMR281W,0,0.934826,0.10160758346319199,0.9860000014305115,0.8718000054359436
YLR286C,YGR184C,0,0.93458796,0.10159711539745331,0.9860000014305115,0.8719000220298767
YGL229C,YDR511W,0,0.93443227,0.10158664733171463,0.9860000014305115,0.871999979019165
YDR440W,YKR094C,1,0.9342804,0.10167919844388962,0.9869999885559082,0.871999979019165
YNL159C,YPL281C,0,0.93405235,0.10166873037815094,0.9869999885559082,0.8720999956130981
YGL141W,YJR059W,0,0.9335883,0.10165825486183167,0.9869999885559082,0.8722000122070312
YDR520C,YBR012W-B,0,0.93349254,0.10164778679609299,0.9869999885559082,0.8723000288009644
YOR306C,YML087C,0,0.9328651,0.10163731873035431,0.9869999885559082,0.8723999857902527
YER020W,YGL059W,0,0.93274665,0.10162685066461563,0.9869999885559082,0.8725000023841858
YDL180W,YIL124W,0,0.93266934,0.10161639004945755,0.9869999885559082,0.8726000189781189
YLR040C,YOR075W,0,0.9320971,0.10160592943429947,0.9869999885559082,0.8726999759674072
YDL192W,YBR058C-A,0,0.93188095,0.10159546881914139,0.9869999885559082,0.8727999925613403
YER029C,YAL023C,0,0.9318756,0.1015850156545639,0.9869999885559082,0.8729000091552734
YGR009C,YPL258C,0,0.93170047,0.10157456248998642,0.9869999885559082,0.8730000257492065
YOL005C,YDR158W,0,0.9315138,0.10156410932540894,0.9869999885559082,0.8730999827384949
YER083C,YKL181W,0,0.9314303,0.10155365616083145,0.9869999885559082,0.873199999332428
YPL194W,YFL039C,1,0.93139315,0.10164608806371689,0.9879999756813049,0.873199999332428
YPL019C,YDR520C,0,0.93072927,0.1016356348991394,0.9879999756813049,0.8733000159263611
YLR450W,YJL109C,0,0.93062043,0.10162518173456192,0.9879999756813049,0.8733999729156494
YJR010C-A,YGR001C,0,0.93021536,0.10161472856998444,0.9879999756813049,0.8734999895095825
YDL120W,YGR184C,0,0.9300979,0.10160427540540695,0.9879999756813049,0.8736000061035156
YER096W,YJL065C,0,0.9300251,0.10159382969141006,0.9879999756813049,0.8737000226974487
YDR465C,YMR208W,0,0.9297541,0.10158338397741318,0.9879999756813049,0.8737999796867371
YLR441C,YDR507C,0,0.9297409,0.10157293826341629,0.9879999756813049,0.8738999962806702
YNL310C,YDL082W,0,0.9293717,0.1015625,0.9879999756813049,0.8740000128746033
YPR028W,YDR115W,0,0.9293235,0.10155206173658371,0.9879999756813049,0.8741000294685364
YMR070W,YGR286C,0,0.92905176,0.10154162347316742,0.9879999756813049,0.8741999864578247
YNR040W,YPR168W,0,0.9286144,0.10153119266033173,0.9879999756813049,0.8743000030517578
YML018C,YCR054C,0,0.9282912,0.10152075439691544,0.9879999756813049,0.8744000196456909
YKR094C,YDR224C,1,0.9280347,0.10161306709051132,0.9890000224113464,0.8744000196456909
YBL075C,YNL112W,0,0.9266172,0.10160262882709503,0.9890000224113464,0.8744999766349792
YJL048C,YLR186W,0,0.92630994,0.10159219056367874,0.9890000224113464,0.8745999932289124
YEL059C-A,YAL025C,0,0.9257415,0.10158175975084305,0.9890000224113464,0.8747000098228455
YER099C,YOR332W,0,0.9253044,0.10157132893800735,0.9890000224113464,0.8748000264167786
YOR182C,YML009C,0,0.92525965,0.10156089812517166,0.9890000224113464,0.8748999834060669
YMR188C,YDR297W,0,0.9246221,0.10155046731233597,0.9890000224113464,0.875
YDR363W-A,YHR010W,0,0.92439926,0.10154004395008087,0.9890000224113464,0.8751000165939331
YPL231W,YGL009C,0,0.92434406,0.10152962058782578,0.9890000224113464,0.8751999735832214
YMR256C,YJL097W,0,0.9239222,0.10151919722557068,0.9890000224113464,0.8752999901771545
YGL089C,YHL024W,0,0.92314,0.10150877386331558,0.9890000224113464,0.8754000067710876
YBR267W,YHR184W,0,0.92249113,0.10149835795164108,0.9890000224113464,0.8755000233650208
YDL130W-A,YPR054W,0,0.9224125,0.10148794203996658,0.9890000224113464,0.8755999803543091
YGR263C,YCL047C,0,0.92187196,0.10147752612829208,0.9890000224113464,0.8756999969482422
YLR201C,YLR343W,0,0.92138267,0.10146711766719818,0.9890000224113464,0.8758000135421753
YDR279W,YPL177C,0,0.9197424,0.10145670920610428,0.9890000224113464,0.8758999705314636
YBR123C,YNL007C,0,0.91919386,0.10144630074501038,0.9890000224113464,0.8759999871253967
YIL090W,YDR322W,0,0.9178473,0.10143589973449707,0.9890000224113464,0.8761000037193298
YCR077C,YPL092W,0,0.91735846,0.10142549127340317,0.9890000224113464,0.8762000203132629
YHR101C,YDL109C,0,0.9168622,0.10141509771347046,0.9890000224113464,0.8762999773025513
YLR204W,YOR332W,0,0.9161881,0.10140469670295715,0.9890000224113464,0.8763999938964844
YPR156C,YPR122W,0,0.9161613,0.10139430314302444,0.9890000224113464,0.8765000104904175
YDR534C,YNL115C,0,0.9157171,0.10138390213251114,0.9890000224113464,0.8766000270843506
YDR033W,YLR448W,0,0.91499734,0.10137351602315903,0.9890000224113464,0.8766999840736389
YOR322C,YOL077C,0,0.91448843,0.10136312246322632,0.9890000224113464,0.876800000667572
YDL007W,YCR004C,0,0.913948,0.1013527363538742,0.9890000224113464,0.8769000172615051
YNR008W,YLR356W,0,0.9138851,0.1013423502445221,0.9890000224113464,0.8769999742507935
YNR061C,YLR121C,0,0.9138808,0.10133196413516998,0.9890000224113464,0.8770999908447266
YOL003C,YHR136C,0,0.913494,0.10132158547639847,0.9890000224113464,0.8772000074386597
YHR117W,YCR028C,0,0.9130364,0.10131120681762695,0.9890000224113464,0.8773000240325928
YBL078C,YER048W-A,0,0.91243213,0.10130082815885544,0.9890000224113464,0.8773999810218811
YPL189C-A,YPL186C,0,0.9122274,0.10129045695066452,0.9890000224113464,0.8774999976158142
YHL044W,YDR313C,0,0.9112903,0.101280078291893,0.9890000224113464,0.8776000142097473
YHL044W,YHL008C,0,0.9110768,0.10126971453428268,0.9890000224113464,0.8776999711990356
YIL111W,YNL119W,0,0.91093016,0.10125934332609177,0.9890000224113464,0.8777999877929688
YDR376W,YDR077W,0,0.91059834,0.10124897956848145,0.9890000224113464,0.8779000043869019
YML104C,YGL123W,0,0.910496,0.10123860836029053,0.9890000224113464,0.878000020980835
YML054C,YLR014C,0,0.9102358,0.1012282520532608,0.9890000224113464,0.8780999779701233
YMR298W,YER045C,0,0.909075,0.10121788829565048,0.9890000224113464,0.8781999945640564
YKL143W,YKR097W,0,0.90853953,0.10120753198862076,0.9890000224113464,0.8783000111579895
YGR156W,YPR122W,0,0.90837747,0.10119717568159103,0.9890000224113464,0.8784000277519226
YIR015W,YDR239C,0,0.9083367,0.10118681937456131,0.9890000224113464,0.8784999847412109
YFR003C,YER184C,0,0.90807736,0.10117647051811218,0.9890000224113464,0.878600001335144
YBL078C,YLR207W,0,0.90763754,0.10116612166166306,0.9890000224113464,0.8787000179290771
YLR074C,YBL021C,0,0.90696394,0.10115577280521393,0.9890000224113464,0.8787999749183655
YDR312W,YDL195W,0,0.90663624,0.1011454313993454,0.9890000224113464,0.8788999915122986
YPR118W,YGR123C,0,0.90660536,0.10113508254289627,0.9890000224113464,0.8790000081062317
YDR011W,YPL019C,0,0.9063268,0.10112474113702774,0.9890000224113464,0.8791000247001648
YDR074W,YDR387C,0,0.90604883,0.10111440718173981,0.9890000224113464,0.8791999816894531
YHR101C,YML005W,0,0.905939,0.10110406577587128,0.9890000224113464,0.8792999982833862
YOR167C,YNL244C,0,0.90585625,0.10109373182058334,0.9890000224113464,0.8794000148773193
YDL229W,YJR145C,0,0.9057603,0.10108339786529541,0.9890000224113464,0.8794999718666077
YAL003W,YDR116C,0,0.9044516,0.10107307136058807,0.9890000224113464,0.8795999884605408
YHL032C,YOR039W,0,0.9044224,0.10106274485588074,0.9890000224113464,0.8797000050544739
YMR022W,YLR120C,0,0.9029566,0.1010524183511734,0.9890000224113464,0.879800021648407
YHR116W,YPL123C,0,0.9026722,0.10104209184646606,0.9890000224113464,0.8798999786376953
YJL108C,YNL115C,0,0.9025593,0.10103177279233932,0.9890000224113464,0.8799999952316284
YNL007C,YGL155W,0,0.9025178,0.10102145373821259,0.9890000224113464,0.8801000118255615
YOR167C,YGR106C,0,0.9019752,0.10101113468408585,0.9890000224113464,0.8802000284194946
YIL074C,YGL157W,0,0.9019566,0.1010008156299591,0.9890000224113464,0.880299985408783
YLR106C,YDR038C,0,0.8994018,0.10099050402641296,0.9890000224113464,0.8804000020027161
YHR143W,YBR041W,0,0.899271,0.10098019242286682,0.9890000224113464,0.8805000185966492
YDR487C,YPR016C,0,0.8992524,0.10096988081932068,0.9890000224113464,0.8805999755859375
YKR059W,YLR078C,0,0.8989938,0.10095957666635513,0.9890000224113464,0.8806999921798706
YJR097W,YDR120C,0,0.89880496,0.10094927251338959,0.9890000224113464,0.8808000087738037
YCR009C,YKR059W,0,0.8975559,0.10093896836042404,0.9890000224113464,0.8809000253677368
YBR240C,YOR389W,0,0.8959528,0.1009286642074585,0.9890000224113464,0.8809999823570251
YBR283C,YBL055C,0,0.8958592,0.10091836750507355,0.9890000224113464,0.8810999989509583
YFR006W,YER089C,0,0.89533085,0.1009080708026886,0.9890000224113464,0.8812000155448914
YPR166C,YKL021C,0,0.8948655,0.10089777410030365,0.9890000224113464,0.8812999725341797
YGR063C,YER089C,0,0.8946025,0.1008874848484993,0.9890000224113464,0.8813999891281128
YER036C,YER161C,0,0.8942058,0.10087719559669495,0.9890000224113464,0.8815000057220459
YJR025C,YGR262C,0,0.893958,0.1008669063448906,0.9890000224113464,0.881600022315979
YKL100C,YGR154C,0,0.8938657,0.10085661709308624,0.9890000224113464,0.8816999793052673
YGL185C,YOR080W,0,0.8937374,0.10084633529186249,0.9890000224113464,0.8817999958992004
YBR036C,YER096W,0,0.8936031,0.10083605349063873,0.9890000224113464,0.8819000124931335
YHL024W,YDL192W,0,0.89304173,0.10082577168941498,0.9890000224113464,0.8820000290870667
YER088C,YGL059W,0,0.89300865,0.10081549733877182,0.9890000224113464,0.882099986076355
YIL027C,YNL091W,0,0.892974,0.10080521553754807,0.9890000224113464,0.8822000026702881
YGR026W,YPR036W,0,0.8926462,0.1007949486374855,0.9890000224113464,0.8823000192642212
YLR015W,YLR237W,0,0.89224005,0.10078467428684235,0.9890000224113464,0.8823999762535095
YHR052W,YHL004W,0,0.8922074,0.10077440738677979,0.9890000224113464,0.8824999928474426
YDR297W,YDL112W,0,0.8919364,0.10076413303613663,0.9890000224113464,0.8826000094413757
YLL062C,YDR529C,0,0.8916221,0.10075387358665466,0.9890000224113464,0.8827000260353088
YGR159C,YBL037W,0,0.89147943,0.1007436066865921,0.9890000224113464,0.8827999830245972
YDR297W,YMR022W,0,0.8907745,0.10073334723711014,0.9890000224113464,0.8828999996185303
YML054C,YDR139C,0,0.89072716,0.10072308778762817,0.9890000224113464,0.8830000162124634
YNL185C,YOL080C,0,0.8903526,0.10071282833814621,0.9890000224113464,0.8830999732017517
YER029C,YDR312W,0,0.8902691,0.10070257633924484,0.9890000224113464,0.8831999897956848
YJL148W,YPR031W,0,0.88951284,0.10069232434034348,0.9890000224113464,0.8833000063896179
YMR142C,YER091C,0,0.8892255,0.10068207234144211,0.9890000224113464,0.883400022983551
YKL178C,YGR124W,0,0.88796705,0.10067182779312134,0.9890000224113464,0.8834999799728394
YNL293W,YBL055C,0,0.88796246,0.10066157579421997,0.9890000224113464,0.8835999965667725
YHR067W,YGR001C,0,0.8877467,0.1006513312458992,0.9890000224113464,0.8837000131607056
YKR059W,YNL015W,0,0.88774073,0.10064109414815903,0.9890000224113464,0.8838000297546387
YFR032C-A,YDR228C,0,0.88728917,0.10063084959983826,0.9890000224113464,0.883899986743927
YLL062C,YMR292W,0,0.88718414,0.10062061250209808,0.9890000224113464,0.8840000033378601
YGR295C,YOR131C,0,0.8867982,0.10061037540435791,0.9890000224113464,0.8841000199317932
YPR166C,YOR131C,0,0.88554585,0.10060014575719833,0.9890000224113464,0.8841999769210815
YDL065C,YOR150W,0,0.8854693,0.10058990865945816,0.9890000224113464,0.8842999935150146
YHR116W,YPR036W,0,0.8853695,0.10057967901229858,0.9890000224113464,0.8844000101089478
YLR100W,YMR208W,0,0.88522613,0.10056944936513901,0.9890000224113464,0.8845000267028809
YDR248C,YGR008C,0,0.88487244,0.10055922716856003,0.9890000224113464,0.8845999836921692
YOR182C,YGR076C,0,0.88375616,0.10054900497198105,0.9890000224113464,0.8847000002861023
YBL078C,YNL077W,0,0.88329685,0.10053878277540207,0.9890000224113464,0.8848000168800354
YJR065C,YDR169C,0,0.88304526,0.10052856057882309,0.9890000224113464,0.8848999738693237
YMR233W,YOR063W,0,0.88204366,0.10051834583282471,0.9890000224113464,0.8849999904632568
YNL015W,YOR044W,0,0.8819486,0.10050813108682632,0.9890000224113464,0.8851000070571899
YBL061C,YLR438C-A,0,0.8816627,0.10049791634082794,0.9890000224113464,0.885200023651123
YDR086C,YKL028W,0,0.8804765,0.10048770904541016,0.9890000224113464,0.8852999806404114
YGL161C,YNL115C,0,0.88022196,0.10047749429941177,0.9890000224113464,0.8853999972343445
YPL281C,YHR070W,0,0.8784225,0.10046728700399399,0.9890000224113464,0.8855000138282776
YJL033W,YLR286C,0,0.87785494,0.1004570871591568,0.9890000224113464,0.8855999708175659
YFL036W,YFL041W,0,0.87774676,0.10044687986373901,0.9890000224113464,0.885699987411499
YMR235C,YBL093C,0,0.87724507,0.10043668001890182,0.9890000224113464,0.8858000040054321
YMR235C,YCR047C,0,0.8771138,0.10042648017406464,0.9890000224113464,0.8859000205993652
YMR297W,YFR007W,0,0.8769879,0.10041628777980804,0.9890000224113464,0.8859999775886536
YNL280C,YBL022C,0,0.8769802,0.10040608793497086,0.9890000224113464,0.8860999941825867
YLR414C,YOR075W,0,0.8764824,0.10039589554071426,0.9890000224113464,0.8862000107765198
YDR038C,YDR483W,0,0.876049,0.10038571059703827,0.9890000224113464,0.8863000273704529
YOL071W,YML091C,0,0.875749,0.10037551820278168,0.9890000224113464,0.8863999843597412
YGR159C,YLR446W,0,0.87574625,0.10036533325910568,0.9890000224113464,0.8865000009536743
YDR347W,YDR465C,0,0.8754587,0.10035514831542969,0.9890000224113464,0.8866000175476074
YMR247C,YDR077W,0,0.8750143,0.10034497082233429,0.9890000224113464,0.8866999745368958
YJR060W,YGR162W,0,0.87485975,0.1003347858786583,0.9890000224113464,0.8867999911308289
YDR107C,YNL098C,0,0.8739036,0.1003246083855629,0.9890000224113464,0.886900007724762
YMR056C,YMR051C,0,0.87350625,0.1003144308924675,0.9890000224113464,0.8870000243186951
YOR278W,YLR074C,0,0.8730397,0.1003042608499527,0.9890000224113464,0.8870999813079834
YDL205C,YHL036W,0,0.8723525,0.1002940908074379,0.9890000224113464,0.8871999979019165
YLR204W,YNL061W,0,0.8715261,0.1002839207649231,0.9890000224113464,0.8873000144958496
YJL090C,YDL200C,1,0.8712643,0.10037513822317123,0.9900000095367432,0.8873000144958496
YAL020C,YDR342C,0,0.870791,0.10036496073007584,0.9900000095367432,0.8873999714851379
YBR058C-A,YGL155W,0,0.87072253,0.10035479068756104,0.9900000095367432,0.887499988079071
YNR016C,YNR007C,0,0.86943895,0.10034462064504623,0.9900000095367432,0.8876000046730042
YGL021W,YBL075C,0,0.86925364,0.10033445060253143,0.9900000095367432,0.8877000212669373
YDR115W,YCR075C,0,0.8688233,0.10032428056001663,0.9900000095367432,0.8877999782562256
YBL030C,YLR448W,0,0.8686679,0.10031411796808243,0.9900000095367432,0.8878999948501587
YBL093C,YPL160W,0,0.8685932,0.10030394792556763,0.9900000095367432,0.8880000114440918
YDL114W,YDR003W,0,0.8679026,0.10029379278421402,0.9900000095367432,0.8881000280380249
YBR050C,YNL213C,0,0.867869,0.10028363019227982,0.9900000095367432,0.8881999850273132
YKR094C,YJL090C,1,0.8675873,0.10037475824356079,0.9909999966621399,0.8881999850273132
YDL229W,YLR327C,0,0.867475,0.10036459565162659,0.9909999966621399,0.8883000016212463
YMR188C,YOR326W,0,0.86732626,0.10035443305969238,0.9909999966621399,0.8884000182151794
YER180C,YER045C,0,0.8661331,0.10034427046775818,0.9909999966621399,0.8884999752044678
YML015C,YKL181W,0,0.8659501,0.10033410787582397,0.9909999966621399,0.8885999917984009
YPL149W,YGL059W,0,0.865852,0.10032395273447037,0.9909999966621399,0.888700008392334
YMR166C,YNR041C,0,0.8656362,0.10031379759311676,0.9909999966621399,0.8888000249862671
YJR094W-A,YPL059W,0,0.86560327,0.10030364245176315,0.9909999966621399,0.8888999819755554
YJL097W,YAL035W,0,0.8653803,0.10029349476099014,0.9909999966621399,0.8889999985694885
YGR241C,YDR251W,0,0.8650677,0.10028334707021713,0.9909999966621399,0.8891000151634216
YBL075C,YPR054W,0,0.8650061,0.10027319937944412,0.9909999966621399,0.88919997215271
YLL038C,YLR276C,0,0.86482596,0.10026305168867111,0.9909999966621399,0.8892999887466431
YNL322C,YHR181W,0,0.86476064,0.1002529114484787,0.9909999966621399,0.8894000053405762
YKL011C,YDL017W,0,0.8645252,0.10024277120828629,0.9909999966621399,0.8895000219345093
YJR015W,YDR115W,0,0.86450505,0.10023263096809387,0.9909999966621399,0.8895999789237976
YDR074W,YOR326W,0,0.86450285,0.10022249072790146,0.9909999966621399,0.8896999955177307
YMR298W,YOL127W,0,0.8641796,0.10021235793828964,0.9909999966621399,0.8898000121116638
YKL004W,YKR048C,0,0.86406595,0.10020222514867783,0.9909999966621399,0.8899000287055969
YER029C,YML085C,0,0.86366785,0.10019209235906601,0.9909999966621399,0.8899999856948853
YGR162W,YGR279C,0,0.86355394,0.10018196702003479,0.9909999966621399,0.8901000022888184
YBL078C,YDL069C,0,0.8634033,0.10017184168100357,0.9909999966621399,0.8902000188827515
YOR396W,YGR191W,0,0.8633492,0.10016171634197235,0.9909999966621399,0.8902999758720398
YPR036W,YJR059W,0,0.86298245,0.10015159100294113,0.9909999966621399,0.8903999924659729
YOR151C,YDL130W-A,0,0.86258507,0.10014147311449051,0.9909999966621399,0.890500009059906
YOR063W,YER030W,0,0.8619968,0.10013135522603989,0.9909999966621399,0.8906000256538391
YDL143W,YKL109W,0,0.8618256,0.10012123733758926,0.9909999966621399,0.8906999826431274
YPL089C,YNL096C,0,0.8611312,0.10011111944913864,0.9909999966621399,0.8907999992370605
YDL138W,YBL030C,0,0.8610037,0.10010100901126862,0.9909999966621399,0.8909000158309937
YIR036C,YPL059W,0,0.86020607,0.10009089857339859,0.9909999966621399,0.890999972820282
YBR012W-A,YPL202C,0,0.8593274,0.10008078813552856,0.9909999966621399,0.8910999894142151
YCR047C,YBR185C,0,0.8592397,0.10007068514823914,0.9909999966621399,0.8912000060081482
YER089C,YPL186C,0,0.8587134,0.10006058216094971,0.9909999966621399,0.8913000226020813
YPR132W,YDL192W,0,0.8584077,0.10005047917366028,0.9909999966621399,0.8913999795913696
YML116W,YNR007C,0,0.85836446,0.10004037618637085,0.9909999966621399,0.8914999961853027
YOR046C,YDR101C,0,0.8566336,0.10003028064966202,0.9909999966621399,0.8916000127792358
YPR048W,YJR143C,0,0.8552948,0.10002018511295319,0.9909999966621399,0.891700029373169
YHL008C,YNR001C,0,0.8544368,0.10001008957624435,0.9909999966621399,0.8917999863624573
YMR088C,YLR327C,0,0.8543048,0.10000000149011612,0.9909999966621399,0.8919000029563904
YGL135W,YDR115W,0,0.8540411,0.09998991340398788,0.9909999966621399,0.8920000195503235
YOR182C,YBR122C,0,0.8529138,0.09997982531785965,0.9909999966621399,0.8920999765396118
YGR262C,YKR048C,0,0.8526707,0.09996973723173141,0.9909999966621399,0.8921999931335449
YJR016C,YBR035C,0,0.8524127,0.09995965659618378,0.9909999966621399,0.892300009727478
YBR296C,YOR179C,0,0.85165447,0.09994956851005554,0.9909999966621399,0.8924000263214111
YBL054W,YJR135W-A,0,0.8516474,0.0999394953250885,0.9909999966621399,0.8924999833106995
YDR248C,YGL249W,0,0.85092413,0.09992941468954086,0.9909999966621399,0.8925999999046326
YMR297W,YNL306W,0,0.8489349,0.09991934150457382,0.9909999966621399,0.8927000164985657
YIL039W,YKL028W,0,0.84892726,0.09990926831960678,0.9909999966621399,0.892799973487854
YLR048W,YGL155W,0,0.8487542,0.09989919513463974,0.9909999966621399,0.8928999900817871
YLR142W,YOL103W,0,0.8482058,0.0998891219496727,0.9909999966621399,0.8930000066757202
YNL149C,YBL055C,0,0.8473305,0.09987905621528625,0.9909999966621399,0.8931000232696533
YLR048W,YKR048C,0,0.847155,0.09986899048089981,0.9909999966621399,0.8931999802589417
YJR145C,YLR127C,0,0.8469193,0.09985892474651337,0.9909999966621399,0.8932999968528748
YER051W,YBR058C-A,0,0.84665585,0.09984886646270752,0.9909999966621399,0.8934000134468079
YLR142W,YBL093C,0,0.84656906,0.09983880817890167,0.9909999966621399,0.8934999704360962
YNR061C,YOR131C,0,0.846552,0.09982874989509583,0.9909999966621399,0.8935999870300293
YJL158C,YOL120C,0,0.8460364,0.09981869161128998,0.9909999966621399,0.8937000036239624
YJL129C,YNL146W,0,0.84580827,0.09980864077806473,0.9909999966621399,0.8938000202178955
YOR120W,YHR136C,0,0.84571266,0.09979858994483948,0.9909999966621399,0.8938999772071838
YLR304C,YDL065C,0,0.8456694,0.09978853911161423,0.9909999966621399,0.8939999938011169
YGR123C,YGR262C,0,0.84503186,0.09977849572896957,0.9909999966621399,0.89410001039505
YNL217W,YPL149W,0,0.8450175,0.09976844489574432,0.9909999966621399,0.8942000269889832
YGR029W,YIL078W,0,0.84469193,0.09975840896368027,0.9909999966621399,0.8942999839782715
YDR424C,YER120W,0,0.8432864,0.09974836558103561,0.9909999966621399,0.8944000005722046
YDL051W,YNR001C,0,0.8430934,0.09973832219839096,0.9909999966621399,0.8945000171661377
YER148W,YLR276C,0,0.84285796,0.0997282862663269,0.9909999966621399,0.894599974155426
YJR009C,YNL289W,0,0.842605,0.09971825033426285,0.9909999966621399,0.8946999907493591
YAL041W,YLR438C-A,0,0.84243155,0.09970822185277939,0.9909999966621399,0.8948000073432922
YEL059C-A,YGL147C,0,0.840869,0.09969818592071533,0.9909999966621399,0.8949000239372253
YOR143C,YPR166C,0,0.8405807,0.09968815743923187,0.9909999966621399,0.8949999809265137
YGL232W,YMR256C,0,0.84019524,0.09967813640832901,0.9909999966621399,0.8950999975204468
YJR145C,YDL195W,0,0.8401262,0.09966810792684555,0.9909999966621399,0.8952000141143799
YJR145C,YML012W,0,0.8399842,0.09965808689594269,0.9909999966621399,0.8952999711036682
YJL158C,YBR164C,0,0.83966076,0.09964806586503983,0.9909999966621399,0.8953999876976013
YBR297W,YER020W,0,0.83926576,0.09963804483413696,0.9909999966621399,0.8955000042915344
YDR363W-A,YPR047W,0,0.8382213,0.0996280312538147,0.9909999966621399,0.8956000208854675
YML129C,YDR169C,0,0.83798474,0.09961801022291183,0.9909999966621399,0.8956999778747559
YAR015W,YMR211W,0,0.8354161,0.09960800409317017,0.9909999966621399,0.895799994468689
YPL121C,YKR094C,1,0.8351705,0.0996984913945198,0.9919999837875366,0.895799994468689
YBL064C,YEL021W,0,0.83415806,0.09968847036361694,0.9919999837875366,0.8959000110626221
YKL004W,YNL301C,0,0.83405393,0.09967845678329468,0.9919999837875366,0.8960000276565552
YKL179C,YIL115C,0,0.83309615,0.09966844320297241,0.9919999837875366,0.8960999846458435
YER091C,YOR014W,0,0.83259904,0.09965842962265015,0.9919999837875366,0.8962000012397766
YJR145C,YLR396C,0,0.8322693,0.09964841604232788,0.9919999837875366,0.8963000178337097
YBL078C,YPL103C,0,0.8320215,0.09963840991258621,0.9919999837875366,0.896399974822998
YDR012W,YDL080C,0,0.8319175,0.09962840378284454,0.9919999837875366,0.8964999914169312
YJL033W,YLR304C,0,0.83189213,0.09961839765310287,0.9919999837875366,0.8966000080108643
YER086W,YMR221C,0,0.83062494,0.0996083915233612,0.9919999837875366,0.8967000246047974
YJL052W,YDR322W,0,0.8305347,0.09959839284420013,0.9919999837875366,0.8967999815940857
YDR418W,YPL174C,0,0.8298083,0.09958839416503906,0.9919999837875366,0.8968999981880188
YJR134C,YOR044W,0,0.8295413,0.09957839548587799,0.9919999837875366,0.8970000147819519
YBR166C,YOR269W,0,0.8293969,0.09956840425729752,0.9919999837875366,0.8970999717712402
YJL080C,YKL143W,0,0.8282343,0.09955841302871704,0.9919999837875366,0.8971999883651733
YMR043W,YPR016C,0,0.8268698,0.09954842180013657,0.9919999837875366,0.8973000049591064
YML124C,YKL164C,0,0.8256978,0.09953843057155609,0.9919999837875366,0.8974000215530396
YPL154C,YLR246W,0,0.8249186,0.09952844679355621,0.9919999837875366,0.8974999785423279
YNL086W,YPL060W,0,0.82378894,0.09951845556497574,0.9919999837875366,0.897599995136261
YPL148C,YGL157W,0,0.8225218,0.09950847923755646,0.9919999837875366,0.8977000117301941
YDR511W,YML048W,0,0.8222648,0.09949849545955658,0.9919999837875366,0.8978000283241272
YOL019W,YBL090W,0,0.82119554,0.0994885191321373,0.9919999837875366,0.8978999853134155
YDL136W,YGR220C,0,0.8210584,0.09947854280471802,0.9919999837875366,0.8980000019073486
YDR388W,YGR006W,0,0.8210583,0.09946856647729874,0.9919999837875366,0.8981000185012817
YDR341C,YDL130W,0,0.8202128,0.09945859014987946,0.9919999837875366,0.8981999754905701
YCR029C-A,YBR207W,0,0.8196807,0.09944862127304077,0.9919999837875366,0.8982999920845032
YML074C,YNR022C,0,0.8190618,0.09943865239620209,0.9919999837875366,0.8984000086784363
YGL191W,YGR014W,0,0.818997,0.0994286835193634,0.9919999837875366,0.8985000252723694
YOR057W,YOR246C,0,0.8189789,0.09941872209310532,0.9919999837875366,0.8985999822616577
YER140W,YAL058W,0,0.818712,0.09940876066684723,0.9919999837875366,0.8986999988555908
YDL136W,YGL210W,0,0.8186148,0.09939879924058914,0.9919999837875366,0.8988000154495239
YIL109C,YNL248C,0,0.818442,0.09938883781433105,0.9919999837875366,0.8988999724388123
YHR076W,YDR093W,0,0.81812733,0.09937888383865356,0.9919999837875366,0.8989999890327454
YKL212W,YDR368W,0,0.8178776,0.09936892986297607,0.9919999837875366,0.8991000056266785
YJR134C,YBR058C-A,0,0.8169363,0.09935897588729858,0.9919999837875366,0.8992000222206116
YIL034C,YOR063W,0,0.81641364,0.0993490219116211,0.9919999837875366,0.8992999792098999
YNL001W,YDR487C,0,0.8163574,0.0993390753865242,0.9919999837875366,0.899399995803833
YIL034C,YKL164C,0,0.81456274,0.09932912886142731,0.9919999837875366,0.8995000123977661
YIR014W,YKR058W,0,0.8144178,0.09931918233633041,0.9919999837875366,0.8996000289916992
YDR036C,YPL154C,0,0.81424314,0.09930924326181412,0.9919999837875366,0.8996999859809875
YNR061C,YBR164C,0,0.81422204,0.09929929673671722,0.9919999837875366,0.8998000025749207
YDR060W,YBR283C,0,0.81408626,0.09928935766220093,0.9919999837875366,0.8999000191688538
YOR047C,YDR038C,0,0.8117583,0.09927942603826523,0.9919999837875366,0.8999999761581421
YNL119W,YER164W,0,0.81124043,0.09926948696374893,0.9919999837875366,0.9000999927520752
YDR524C,YGL123W,0,0.81082904,0.09925955533981323,0.9919999837875366,0.9002000093460083
YOR396W,YIL136W,0,0.8106098,0.09924962371587753,0.9919999837875366,0.9003000259399414
YNL191W,YMR012W,0,0.8100903,0.09923969954252243,0.9919999837875366,0.9003999829292297
YMR088C,YGL178W,0,0.8098924,0.09922976791858673,0.9919999837875366,0.9004999995231628
YBR022W,YPR184W,0,0.808675,0.09921984374523163,0.9919999837875366,0.900600016117096
YLL035W,YJL109C,0,0.80786216,0.09920991957187653,0.9919999837875366,0.9006999731063843
YKR061W,YPR016C,0,0.8075797,0.09920000284910202,0.9919999837875366,0.9007999897003174
YOR224C,YKL028W,0,0.80558646,0.09919007867574692,0.9919999837875366,0.9009000062942505
YMR142C,YOR269W,0,0.80544186,0.09918016195297241,0.9919999837875366,0.9010000228881836
YJL108C,YDR003W,0,0.805272,0.0991702452301979,0.9919999837875366,0.9010999798774719
YML043C,YGR063C,0,0.80520844,0.099160335958004,0.9919999837875366,0.901199996471405
YOR374W,YFR007W,0,0.8049177,0.09915042668581009,0.9919999837875366,0.9013000130653381
YKL181W,YER089C,0,0.80489373,0.09914051741361618,0.9919999837875366,0.9014000296592712
YDR363W-A,YCR094W,0,0.80416787,0.09913060814142227,0.9919999837875366,0.9014999866485596
YDR050C,YCL031C,0,0.80409276,0.09912070631980896,0.9919999837875366,0.9016000032424927
YDR052C,YOL019W,0,0.80275285,0.09911079704761505,0.9919999837875366,0.9017000198364258
YNL129W,YML070W,0,0.802324,0.09910090267658234,0.9919999837875366,0.9017999768257141
YJR075W,YOR396W,0,0.802152,0.09909100085496902,0.9919999837875366,0.9018999934196472
YFR037C,YHR081W,1,0.8021517,0.09918098151683807,0.9929999709129333,0.9018999934196472
YOR332W,YKL021C,0,0.8020383,0.09917107969522476,0.9929999709129333,0.9020000100135803
YHR076W,YMR297W,0,0.80127215,0.09916117787361145,0.9929999709129333,0.9021000266075134
YDL205C,YPL220W,0,0.79982424,0.09915127605199814,0.9929999709129333,0.9021999835968018
YJL221C,YPL123C,0,0.79954565,0.09914137423038483,0.9929999709129333,0.9023000001907349
YDR046C,YBR207W,0,0.7993194,0.09913147985935211,0.9929999709129333,0.902400016784668
YAR015W,YCR028C,0,0.7991849,0.0991215780377388,0.9929999709129333,0.9024999737739563
YLR343W,YDR096W,0,0.79814804,0.09911169111728668,0.9929999709129333,0.9025999903678894
YBL078C,YML091C,0,0.79715955,0.09910179674625397,0.9929999709129333,0.9027000069618225
YDR312W,YHR136C,0,0.7970849,0.09909190982580185,0.9929999709129333,0.9028000235557556
YER096W,YLR327C,0,0.7950587,0.09908202290534973,0.9929999709129333,0.902899980545044
YHR046C,YNL086W,0,0.7934629,0.09907213598489761,0.9929999709129333,0.902999997138977
YNL162W,YEL050C,0,0.7920979,0.0990622490644455,0.9929999709129333,0.9031000137329102
YJR009C,YPL202C,0,0.79157716,0.09905236959457397,0.9929999709129333,0.9031999707221985
YOL002C,YGR218W,0,0.79056406,0.09904249012470245,0.9929999709129333,0.9032999873161316
YPR102C,YCR040W,0,0.7904849,0.09903261065483093,0.9929999709129333,0.9034000039100647
YCR029C-A,YDR393W,0,0.7903701,0.09902273863554001,0.9929999709129333,0.9035000205039978
YML077W,YDL130W-A,0,0.79032874,0.09901285916566849,0.9929999709129333,0.9035999774932861
YNL207W,YPL026C,0,0.7903268,0.09900299459695816,0.9929999709129333,0.9036999940872192
YLR048W,YCL050C,0,0.789832,0.09899312257766724,0.9929999709129333,0.9038000106811523
YER036C,YCR053W,0,0.7891171,0.09898325055837631,0.9929999709129333,0.9039000272750854
YNL311C,YDR046C,0,0.7882292,0.09897338598966599,0.9929999709129333,0.9039999842643738
YML054C,YNR070W,0,0.7873792,0.09896352142095566,0.9929999709129333,0.9041000008583069
YNL007C,YDR534C,0,0.78736854,0.09895366430282593,0.9929999709129333,0.90420001745224
YNL112W,YPR073C,0,0.78735125,0.0989437997341156,0.9929999709129333,0.9042999744415283
YBL024W,YMR211W,0,0.7873238,0.09893394261598587,0.9929999709129333,0.9043999910354614
YBR035C,YGR189C,0,0.7869935,0.09892408549785614,0.9929999709129333,0.9045000076293945
YER126C,YDR390C,0,0.78632534,0.098914235830307,0.9929999709129333,0.9046000242233276
YDL075W,YJL189W,0,0.7860746,0.09890438616275787,0.9929999709129333,0.904699981212616
YAL023C,YEL021W,0,0.78594124,0.09889452904462814,0.9929999709129333,0.9047999978065491
YMR139W,YGL185C,0,0.785723,0.0988846868276596,0.9929999709129333,0.9049000144004822
YER087C-A,YER056C-A,0,0.7854126,0.09887483716011047,0.9929999709129333,0.9049999713897705
YPL143W,YKL024C,0,0.7851817,0.09886499494314194,0.9929999709129333,0.9050999879837036
YDL231C,YML063W,0,0.7848284,0.0988551527261734,0.9929999709129333,0.9052000045776367
YOL117W,YIL155C,0,0.78455234,0.09884531050920486,0.9929999709129333,0.9053000211715698
YJL158C,YAL044C,0,0.7839736,0.09883547574281693,0.9929999709129333,0.9053999781608582
YAR015W,YMR080C,0,0.7824042,0.09882563352584839,0.9929999709129333,0.9054999947547913
YMR022W,YLR246W,0,0.7819159,0.09881580621004105,0.9929999709129333,0.9056000113487244
YDR158W,YGR194C,0,0.78176504,0.0988059714436531,0.9929999709129333,0.9057000279426575
YNL292W,YKL156W,0,0.7814125,0.09879613667726517,0.9929999709129333,0.9057999849319458
YNR022C,YEL002C,0,0.7797693,0.09878630936145782,0.9929999709129333,0.9059000015258789
YKL011C,YOR127W,0,0.77901685,0.09877648204565048,0.9929999709129333,0.906000018119812
YOR265W,YGR156W,0,0.7787816,0.09876666218042374,0.9929999709129333,0.9060999751091003
YMR130W,YJL109C,0,0.7786583,0.0987568348646164,0.9929999709129333,0.9061999917030334
YOR240W,YGR234W,0,0.77793336,0.09874701499938965,0.9929999709129333,0.9063000082969666
YMR070W,YBR058C-A,0,0.7777486,0.0987371951341629,0.9929999709129333,0.9064000248908997
YER148W,YER091C,0,0.777065,0.09872738271951675,0.9929999709129333,0.906499981880188
YGL119W,YLR343W,0,0.7767543,0.09871756285429001,0.9929999709129333,0.9065999984741211
YNL129W,YCR094W,0,0.77574193,0.09870775043964386,0.9929999709129333,0.9067000150680542
YJL106W,YMR303C,0,0.7755672,0.09869794547557831,0.9929999709129333,0.9067999720573425
YIL034C,YBR058C-A,0,0.7749792,0.09868813306093216,0.9929999709129333,0.9068999886512756
YKL143W,YMR292W,0,0.7742303,0.09867832809686661,0.9929999709129333,0.9070000052452087
YER114C,YPL177C,0,0.7733437,0.09866852313280106,0.9929999709129333,0.9071000218391418
YML124C,YJL025W,0,0.7725713,0.0986587181687355,0.9929999709129333,0.9071999788284302
YGR054W,YNL244C,0,0.7724092,0.09864892065525055,0.9929999709129333,0.9072999954223633
YBL024W,YPR122W,0,0.77220947,0.098639115691185,0.9929999709129333,0.9074000120162964
YBL024W,YNL151C,0,0.771729,0.09862931817770004,0.9929999709129333,0.9075000286102295
YJR104C,YKR105C,0,0.7711811,0.09861952811479568,0.9929999709129333,0.9075999855995178
YKL010C,YGR014W,0,0.7711556,0.09860973060131073,0.9929999709129333,0.9077000021934509
YKR059W,YGR156W,0,0.7708601,0.09859994053840637,0.9929999709129333,0.907800018787384
YMR297W,YHR160C,0,0.7703611,0.09859015047550201,0.9929999709129333,0.9078999757766724
YGL021W,YCR077C,0,0.76935756,0.09858036041259766,0.9929999709129333,0.9079999923706055
YKL109W,YJL190C,0,0.7693139,0.0985705778002739,0.9929999709129333,0.9081000089645386
YBR158W,YML091C,0,0.76912713,0.09856079518795013,0.9929999709129333,0.9082000255584717
YMR139W,YDR077W,0,0.7688203,0.09855101257562637,0.9929999709129333,0.90829998254776
YNR001C,YBR009C,0,0.76763415,0.09854122996330261,0.9929999709129333,0.9083999991416931
YJR033C,YPR042C,0,0.76759183,0.09853145480155945,0.9929999709129333,0.9085000157356262
YDL051W,YDR086C,0,0.76720214,0.09852167963981628,0.9929999709129333,0.9085999727249146
YDR503C,YAL008W,0,0.76709116,0.09851190447807312,0.9929999709129333,0.9086999893188477
YLR170C,YDR158W,0,0.766315,0.09850212931632996,0.9929999709129333,0.9088000059127808
YDR056C,YMR130W,0,0.76579964,0.09849236160516739,0.9929999709129333,0.9089000225067139
YML054C,YLR246W,0,0.76576114,0.09848259389400482,0.9929999709129333,0.9089999794960022
YGR191W,YDL095W,0,0.76533484,0.09847282618284225,0.9929999709129333,0.9090999960899353
YPL019C,YLR100W,0,0.7646768,0.09846306592226028,0.9929999709129333,0.9092000126838684
YDR531W,YDR520C,0,0.7646285,0.09845329821109772,0.9929999709129333,0.9093000292778015
YOL064C,YHR140W,0,0.7644422,0.09844353795051575,0.9929999709129333,0.9093999862670898
YOR348C,YLR237W,0,0.7644408,0.09843378514051437,0.9929999709129333,0.909500002861023
YLR418C,YLR448W,0,0.7642529,0.0984240248799324,0.9929999709129333,0.909600019454956
YGL205W,YLR286C,0,0.7635188,0.09841427206993103,0.9929999709129333,0.9096999764442444
YMR098C,YPR036W,0,0.7630169,0.09840451925992966,0.9929999709129333,0.9097999930381775
YDR320C-A,YCL059C,0,0.75964344,0.09839476644992828,0.9929999709129333,0.9099000096321106
YIL051C,YOL002C,0,0.75963986,0.09838502109050751,0.9929999709129333,0.9100000262260437
YJR126C,YIL124W,0,0.7594677,0.09837527573108673,0.9929999709129333,0.910099983215332
YKL135C,YLR120C,0,0.7589945,0.09836553037166595,0.9929999709129333,0.9101999998092651
YNL227C,YER110C,0,0.7585913,0.09835578501224518,0.9929999709129333,0.9103000164031982
YBR158W,YBL055C,0,0.75846446,0.098346047103405,0.9929999709129333,0.9103999733924866
YOR096W,YHR070W,0,0.7575942,0.09833630174398422,0.9929999709129333,0.9104999899864197
YER148W,YJR016C,0,0.7565932,0.09832656383514404,0.9929999709129333,0.9106000065803528
YEL064C,YMR086W,0,0.7558361,0.09831683337688446,0.9929999709129333,0.9107000231742859
YOR047C,YLR147C,0,0.75509226,0.09830709546804428,0.9929999709129333,0.9107999801635742
YOL077C,YLR078C,0,0.7531295,0.0982973650097847,0.9929999709129333,0.9108999967575073
YGR159C,YBR291C,0,0.7520305,0.09828763455152512,0.9929999709129333,0.9110000133514404
YLR427W,YHR099W,1,0.7513492,0.09837687760591507,0.9940000176429749,0.9110000133514404
YPL160W,YDR507C,0,0.7508596,0.09836714714765549,0.9940000176429749,0.9110999703407288
YLR154C,YKL181W,0,0.7505171,0.09835740923881531,0.9940000176429749,0.9111999869346619
YOL064C,YPR122W,0,0.74984396,0.09834767878055573,0.9940000176429749,0.911300003528595
YDL192W,YDR139C,0,0.7497252,0.09833794832229614,0.9940000176429749,0.9114000201225281
YDR363W-A,YGR189C,0,0.74936473,0.09832822531461716,0.9940000176429749,0.9114999771118164
YJR135W-A,YGR189C,0,0.74867326,0.09831849485635757,0.9940000176429749,0.9115999937057495
YNL242W,YPR184W,0,0.74867177,0.09830877184867859,0.9940000176429749,0.9117000102996826
YML054C,YHR031C,0,0.74864656,0.0982990488409996,0.9940000176429749,0.9118000268936157
YAR015W,YOR043W,0,0.7479886,0.09828933328390121,0.9940000176429749,0.911899983882904
YKL024C,YOL056W,0,0.74789476,0.09827961027622223,0.9940000176429749,0.9120000004768372
YOR181W,YBL057C,0,0.74712443,0.09826989471912384,0.9940000176429749,0.9121000170707703
YCR029C-A,YOR374W,0,0.7467317,0.09826017916202545,0.9940000176429749,0.9121999740600586
YIR012W,YER056C-A,0,0.7459239,0.09825047105550766,0.9940000176429749,0.9122999906539917
YFR015C,YLR207W,0,0.74586433,0.09824075549840927,0.9940000176429749,0.9124000072479248
YML113W,YLR158C,0,0.7440776,0.09823104739189148,0.9940000176429749,0.9125000238418579
YIR037W,YDR387C,0,0.74377584,0.09822134673595428,0.9940000176429749,0.9125999808311462
YDL109C,YER184C,0,0.7437402,0.09821163862943649,0.9940000176429749,0.9126999974250793
YDL056W,YJR155W,0,0.74293447,0.0982019379734993,0.9940000176429749,0.9128000140190125
YER087C-A,YJR016C,0,0.74286807,0.0981922373175621,0.9940000176429749,0.9128999710083008
YJR022W,YER091C,0,0.74163187,0.09818253666162491,0.9940000176429749,0.9129999876022339
YNL086W,YER099C,0,0.7407946,0.09817283600568771,0.9940000176429749,0.913100004196167
YJR121W,YJR033C,0,0.7407688,0.09816314280033112,0.9940000176429749,0.9132000207901001
YOR047C,YML048W,0,0.740268,0.09815344959497452,0.9940000176429749,0.9132999777793884
YHR089C,YGR218W,0,0.7398584,0.09814375638961792,0.9940000176429749,0.9133999943733215
YOR143C,YGL040C,0,0.73970145,0.09813407063484192,0.9940000176429749,0.9135000109672546
YDR236C,YER153C,0,0.73854005,0.09812438488006592,0.9940000176429749,0.9136000275611877
YIR012W,YLR172C,0,0.7384688,0.09811469912528992,0.9940000176429749,0.9136999845504761
YDR312W,YML081C-A,0,0.7381557,0.09810501337051392,0.9940000176429749,0.9138000011444092
YKR090W,YBR156C,0,0.73761404,0.09809533506631851,0.9940000176429749,0.9139000177383423
YGL141W,YAL044C,0,0.73562694,0.09808564931154251,0.9940000176429749,0.9139999747276306
YNR008W,YIL155C,0,0.7353092,0.0980759710073471,0.9940000176429749,0.9140999913215637
YJL108C,YJL065C,0,0.7349499,0.0980663001537323,0.9940000176429749,0.9142000079154968
YGL253W,YBL090W,0,0.73455846,0.0980566218495369,0.9940000176429749,0.9143000245094299
YLR201C,YJR016C,0,0.73452175,0.09804695099592209,0.9940000176429749,0.9143999814987183
YBR291C,YDL112W,0,0.7343551,0.09803728014230728,0.9940000176429749,0.9144999980926514
YBL103C,YGL089C,0,0.733762,0.09802761673927307,0.9940000176429749,0.9146000146865845
YML074C,YOR246C,0,0.733129,0.09801794588565826,0.9940000176429749,0.9146999716758728
YBR156C,YJR045C,0,0.73311317,0.09800828248262405,0.9940000176429749,0.9147999882698059
YOR228C,YIL160C,0,0.7323971,0.09799861907958984,0.9940000176429749,0.914900004863739
YOL127W,YOR046C,0,0.73180866,0.09798895567655563,0.9940000176429749,0.9150000214576721
YKR062W,YNL162W,0,0.73161036,0.09797929972410202,0.9940000176429749,0.9150999784469604
YDR424C,YNL207W,0,0.7312684,0.09796964377164841,0.9940000176429749,0.9151999950408936
YER148W,YNL301C,0,0.7307164,0.0979599878191948,0.9940000176429749,0.9153000116348267
YJL157C,YGR234W,0,0.72785735,0.09795033186674118,0.9940000176429749,0.9154000282287598
YPR108W,YBR058C-A,0,0.7277368,0.09794068336486816,0.9940000176429749,0.9154999852180481
YGR234W,YDR101C,0,0.72731984,0.09793103486299515,0.9940000176429749,0.9156000018119812
YML005W,YGR184C,0,0.7260412,0.09792138636112213,0.9940000176429749,0.9157000184059143
YJR104C,YOR044W,0,0.72568476,0.09791173785924911,0.9940000176429749,0.9157999753952026
YOR228C,YIL136W,0,0.72541976,0.0979020968079567,0.9940000176429749,0.9158999919891357
YGR189C,YNL289W,0,0.7251111,0.09789245575666428,0.9940000176429749,0.9160000085830688
YBR214W,YFR008W,0,0.72478926,0.09788281470537186,0.9940000176429749,0.916100025177002
YOR306C,YLL022C,0,0.72369695,0.09787318110466003,0.9940000176429749,0.9161999821662903
YMR130W,YBR159W,0,0.7233702,0.09786354005336761,0.9940000176429749,0.9162999987602234
YER120W,YIR037W,0,0.7229556,0.09785390645265579,0.9940000176429749,0.9164000153541565
YGR234W,YCL050C,0,0.7212713,0.09784427285194397,0.9940000176429749,0.9164999723434448
YMR298W,YGL157W,0,0.72041166,0.09783464670181274,0.9940000176429749,0.9165999889373779
YOR396W,YER045C,0,0.71972626,0.09782502055168152,0.9940000176429749,0.916700005531311
YJL133W,YOR092W,0,0.7187294,0.0978153869509697,0.9940000176429749,0.9168000221252441
YKL156W,YDL095W,0,0.7177584,0.09780576825141907,0.9940000176429749,0.9168999791145325
YDL019C,YDR529C,0,0.7177484,0.09779614210128784,0.9940000176429749,0.9169999957084656
YKL004W,YIR037W,0,0.71695614,0.09778652340173721,0.9940000176429749,0.9171000123023987
YMR256C,YCR004C,0,0.71660846,0.09777690470218658,0.9940000176429749,0.9172000288963318
YKL100C,YHR086W,0,0.7160971,0.09776728600263596,0.9940000176429749,0.9172999858856201
YKL042W,YAL012W,0,0.7149478,0.09775767475366592,0.9940000176429749,0.9174000024795532
YGR159C,YKR048C,0,0.71409595,0.0977480560541153,0.9940000176429749,0.9175000190734863
YMR290C,YLR147C,0,0.7131454,0.09773844480514526,0.9940000176429749,0.9175999760627747
YLR287C-A,YJL080C,0,0.71267366,0.09772883355617523,0.9940000176429749,0.9176999926567078
YDR115W,YMR303C,0,0.7122716,0.0977192297577858,0.9940000176429749,0.9178000092506409
YPL090C,YJL073W,0,0.71150964,0.09770962595939636,0.9940000176429749,0.917900025844574
YDR056C,YNL015W,0,0.7107905,0.09770002216100693,0.9940000176429749,0.9179999828338623
YGR162W,YBR185C,0,0.7106354,0.09769041836261749,0.9940000176429749,0.9180999994277954
YDL210W,YGL141W,0,0.7105781,0.09768081456422806,0.9940000176429749,0.9182000160217285
YML070W,YCL047C,0,0.71040404,0.09767121821641922,0.9940000176429749,0.9182999730110168
YNL001W,YJR143C,0,0.71031487,0.09766162186861038,0.9940000176429749,0.91839998960495
YLR343W,YEL050C,0,0.7093898,0.09765202552080154,0.9940000176429749,0.9185000061988831
YJR139C,YER053C,0,0.7089829,0.0976424366235733,0.9940000176429749,0.9186000227928162
YER088C,YLR038C,0,0.70892155,0.09763284772634506,0.9940000176429749,0.9186999797821045
YML012W,YPL026C,0,0.70876575,0.09762325882911682,0.9940000176429749,0.9187999963760376
YIL039W,YJL052W,0,0.7081079,0.09761366993188858,0.9940000176429749,0.9189000129699707
YBR105C,YMR150C,0,0.7076961,0.09760408848524094,0.9940000176429749,0.9190000295639038
YIL171W,YDR032C,0,0.7068926,0.0975944995880127,0.9940000176429749,0.9190999865531921
YIL172C,YMR071C,0,0.7054829,0.09758491814136505,0.9940000176429749,0.9192000031471252
YBR022W,YLR286C,0,0.70410174,0.097575344145298,0.9940000176429749,0.9193000197410583
YLR364W,YHR089C,0,0.699754,0.09756576269865036,0.9940000176429749,0.9193999767303467
YKL156W,YER045C,0,0.69963926,0.09755618870258331,0.9940000176429749,0.9194999933242798
YOR061W,YJR143C,0,0.69945693,0.09754661470651627,0.9940000176429749,0.9196000099182129
YJR016C,YKL116C,0,0.6990487,0.09753704071044922,0.9940000176429749,0.919700026512146
YDL166C,YAL058W,0,0.6987858,0.09752747416496277,0.9940000176429749,0.9197999835014343
YDR299W,YEL017C-A,0,0.69877326,0.09751790761947632,0.9940000176429749,0.9199000000953674
YBL075C,YBR198C,0,0.6981936,0.09750834107398987,0.9940000176429749,0.9200000166893005
YDL019C,YBR241C,0,0.69689465,0.09749877452850342,0.9940000176429749,0.9200999736785889
YGR162W,YGR062C,0,0.69661677,0.09748920798301697,0.9940000176429749,0.920199990272522
YOR096W,YNL112W,0,0.6958614,0.09747964888811111,0.9940000176429749,0.9203000068664551
YDR038C,YMR312W,0,0.69479907,0.09747008979320526,0.9940000176429749,0.9204000234603882
YOR181W,YBR156C,0,0.69334215,0.09746053814888,0.9940000176429749,0.9204999804496765
YDR046C,YDL190C,0,0.69246876,0.09745097905397415,0.9940000176429749,0.9205999970436096
YLR172C,YOR039W,0,0.6913762,0.0974414274096489,0.9940000176429749,0.9207000136375427
YOR047C,YDL229W,0,0.6909188,0.09743187576532364,0.9940000176429749,0.920799970626831
YNL301C,YJR135W-A,0,0.6907116,0.09742232412099838,0.9940000176429749,0.9208999872207642
YJR025C,YOR116C,0,0.69069034,0.09741277992725372,0.9940000176429749,0.9210000038146973
YDL120W,YOR326W,0,0.6892724,0.09740323573350906,0.9940000176429749,0.9211000204086304
YGL135W,YLR237W,0,0.68912446,0.0973936915397644,0.9940000176429749,0.9211999773979187
YJL046W,YHR027C,0,0.68826556,0.09738414734601974,0.9940000176429749,0.9212999939918518
YDR418W,YER180C,0,0.687557,0.09737461060285568,0.9940000176429749,0.9214000105857849
YDL138W,YCL050C,0,0.6869774,0.09736506640911102,0.9940000176429749,0.921500027179718
YGR159C,YCL066W,0,0.686111,0.09735553711652756,0.9940000176429749,0.9215999841690063
YDR126W,YLR040C,0,0.68405414,0.0973460003733635,0.9940000176429749,0.9217000007629395
YLR086W,YOR044W,0,0.68380535,0.09733646363019943,0.9940000176429749,0.9218000173568726
YGL119W,YDR086C,0,0.6834735,0.09732693433761597,0.9940000176429749,0.9218999743461609
YKL011C,YHL032C,0,0.68344164,0.0973174050450325,0.9940000176429749,0.921999990940094
YDR481C,YCR039C,0,0.68223166,0.09730788320302963,0.9940000176429749,0.9221000075340271
YJL157C,YMR130W,0,0.6804011,0.09729835391044617,0.9940000176429749,0.9222000241279602
YBL030C,YHR136C,0,0.67885435,0.0972888320684433,0.9940000176429749,0.9222999811172485
YDL204W,YDL180W,0,0.67733026,0.09727931022644043,0.9940000176429749,0.9223999977111816
YJL157C,YOR057W,0,0.6769645,0.09726978838443756,0.9940000176429749,0.9225000143051147
YER088C,YDR077W,0,0.6763391,0.09726027399301529,0.9940000176429749,0.9225999712944031
YER029C,YBR205W,0,0.6761813,0.09725075960159302,0.9940000176429749,0.9226999878883362
YIL027C,YOL064C,0,0.6759193,0.09724124521017075,0.9940000176429749,0.9228000044822693
YDR393W,YIL136W,0,0.675541,0.09723173081874847,0.9940000176429749,0.9229000210762024
YLR048W,YGR286C,0,0.6751145,0.0972222238779068,0.9940000176429749,0.9229999780654907
YOL005C,YBL055C,0,0.6747988,0.09721271693706512,0.9940000176429749,0.9230999946594238
YDL192W,YBR291C,0,0.67389137,0.09720320999622345,0.9940000176429749,0.9232000112533569
YLR237W,YDR362C,0,0.6730027,0.09719370305538177,0.9940000176429749,0.92330002784729
YCR053W,YLR430W,0,0.67095625,0.0971842035651207,0.9940000176429749,0.9233999848365784
YER120W,YNL061W,0,0.6705849,0.09717469662427902,0.9940000176429749,0.9235000014305115
YDL069C,YBL075C,0,0.6705102,0.09716519713401794,0.9940000176429749,0.9236000180244446
YLR096W,YOR369C,0,0.6699421,0.09715570509433746,0.9940000176429749,0.9236999750137329
YBL106C,YFL037W,0,0.66976964,0.09714620560407639,0.9940000176429749,0.923799991607666
YOR326W,YJR045C,0,0.6689179,0.0971367135643959,0.9940000176429749,0.9239000082015991
YGL035C,YNL015W,0,0.6681856,0.09712722152471542,0.9940000176429749,0.9240000247955322
YIR012W,YMR211W,0,0.66664517,0.09711773693561554,0.9940000176429749,0.9240999817848206
YER025W,YAL012W,0,0.6661348,0.09710824489593506,0.9940000176429749,0.9241999983787537
YHR143W,YBR267W,0,0.6659604,0.09709876030683517,0.9940000176429749,0.9243000149726868
YDL038C,YCR047C,0,0.664012,0.09708927571773529,0.9940000176429749,0.9243999719619751
YER056C-A,YLR237W,0,0.66342205,0.0970797911286354,0.9940000176429749,0.9244999885559082
YNL159C,YJR121W,0,0.6627017,0.09707031399011612,0.9940000176429749,0.9246000051498413
YOR063W,YCR040W,0,0.6626669,0.09706083685159683,0.9940000176429749,0.9247000217437744
YLR430W,YMR150C,0,0.66196537,0.09705135971307755,0.9940000176429749,0.9247999787330627
YNL280C,YDR388W,0,0.6619284,0.09704188257455826,0.9940000176429749,0.9248999953269958
YJR058C,YGL039W,0,0.66176105,0.09703241288661957,0.9940000176429749,0.925000011920929
YOL120C,YML115C,0,0.66138756,0.09702293574810028,0.9940000176429749,0.9251000285148621
YMR298W,YOR061W,0,0.6589207,0.09701346606016159,0.9940000176429749,0.9251999855041504
YJR104C,YML009C,0,0.65732086,0.0970040038228035,0.9940000176429749,0.9253000020980835
YNL001W,YGR061C,0,0.6569103,0.09699453413486481,0.9940000176429749,0.9254000186920166
YMR006C,YDR046C,0,0.6565824,0.09698507189750671,0.9940000176429749,0.9254999756813049
YML074C,YGR262C,0,0.6558857,0.09697560966014862,0.9940000176429749,0.925599992275238
YGR191W,YDR116C,0,0.6547476,0.09696614742279053,0.9940000176429749,0.9257000088691711
YKL154W,YKL156W,0,0.65450746,0.09695669263601303,0.9940000176429749,0.9258000254631042
YER091C,YLR276C,0,0.6537012,0.09694723784923553,0.9940000176429749,0.9258999824523926
YPL026C,YNL189W,0,0.6531067,0.09693778306245804,0.9940000176429749,0.9259999990463257
YHR017W,YDR342C,0,0.6527653,0.09692832827568054,0.9940000176429749,0.9261000156402588
YGR058W,YER131W,0,0.6526153,0.09691887348890305,0.9940000176429749,0.9261999726295471
YMR307W,YLR287C-A,0,0.6511096,0.09690942615270615,0.9940000176429749,0.9262999892234802
YDR320C-A,YJR065C,0,0.6509843,0.09689997881650925,0.9940000176429749,0.9264000058174133
YLR008C,YHR215W,0,0.64950895,0.09689053148031235,0.9940000176429749,0.9265000224113464
YML054C,YER036C,0,0.64920104,0.09688109159469604,0.9940000176429749,0.9265999794006348
YNL280C,YKL109W,0,0.6491165,0.09687165170907974,0.9940000176429749,0.9266999959945679
YPL059W,YDR529C,0,0.6488687,0.09686221182346344,0.9940000176429749,0.926800012588501
YLR204W,YJR045C,0,0.64761424,0.09685277193784714,0.9940000176429749,0.9269000291824341
YLR283W,YER044C,0,0.647295,0.09684333950281143,0.9940000176429749,0.9269999861717224
YJL158C,YDR298C,0,0.6472457,0.09683389961719513,0.9940000176429749,0.9271000027656555
YPR036W,YER020W,0,0.64721084,0.09682446718215942,0.9940000176429749,0.9272000193595886
YOR265W,YOR143C,0,0.64719725,0.09681504219770432,0.9940000176429749,0.927299976348877
YGL137W,YNR001C,0,0.64713985,0.09680560976266861,0.9940000176429749,0.9273999929428101
YOR391C,YMR150C,0,0.64689404,0.0967961847782135,0.9940000176429749,0.9275000095367432
YGR274C,YER131W,0,0.6467718,0.09678675979375839,0.9940000176429749,0.9276000261306763
YOR096W,YPR166C,0,0.6463027,0.09677733480930328,0.9940000176429749,0.9276999831199646
YBR030W,YNL151C,0,0.6460968,0.09676790982484818,0.9940000176429749,0.9277999997138977
YBR283C,YBR105C,0,0.6449272,0.09675849229097366,0.9940000176429749,0.9279000163078308
YNL292W,YMR012W,0,0.64457273,0.09674907475709915,0.9940000176429749,0.9279999732971191
YOR181W,YNL119W,0,0.64436007,0.09673965722322464,0.9940000176429749,0.9280999898910522
YOL003C,YLL062C,0,0.6442558,0.09673024713993073,0.9940000176429749,0.9282000064849854
YDL067C,YDR510W,0,0.6442101,0.09672082960605621,0.9940000176429749,0.9283000230789185
YCR028C,YDR313C,0,0.64378977,0.0967114195227623,0.9940000176429749,0.9283999800682068
YOR348C,YBR142W,0,0.6431832,0.09670201689004898,0.9940000176429749,0.9284999966621399
YML125C,YJL121C,0,0.64298487,0.09669260680675507,0.9940000176429749,0.928600013256073
YCR053W,YAL003W,0,0.6425158,0.09668320417404175,0.9940000176429749,0.9286999702453613
YEL017C-A,YHL036W,0,0.6413794,0.09667380154132843,0.9940000176429749,0.9287999868392944
YDR012W,YAL043C,0,0.6405653,0.09666439890861511,0.9940000176429749,0.9289000034332275
YLR008C,YDR298C,0,0.63946736,0.0966549962759018,0.9940000176429749,0.9290000200271606
YGR220C,YBR122C,0,0.6392268,0.09664560109376907,0.9940000176429749,0.929099977016449
YDR368W,YJL101C,0,0.638967,0.09663620591163635,0.9940000176429749,0.9291999936103821
YJR016C,YOR221C,0,0.6380146,0.09662681072950363,0.9940000176429749,0.9293000102043152
YKL218C,YIR037W,0,0.6345238,0.09661741554737091,0.9940000176429749,0.9294000267982483
YEL058W,YGL157W,0,0.6343544,0.09660802781581879,0.9940000176429749,0.9294999837875366
YPR118W,YOR306C,0,0.6342013,0.09659864008426666,0.9940000176429749,0.9296000003814697
YLR327C,YNL339C,0,0.63360703,0.09658925235271454,0.9940000176429749,0.9297000169754028
YJL148W,YML115C,0,0.6335156,0.09657986462116241,0.9940000176429749,0.9297999739646912
YKL156W,YKL109W,0,0.6327838,0.09657048434019089,0.9940000176429749,0.9298999905586243
YCR096C,YJL048C,0,0.6321335,0.09656110405921936,0.9940000176429749,0.9300000071525574
YMR142C,YNL101W,0,0.63185203,0.09655172377824783,0.9940000176429749,0.9301000237464905
YJR145C,YNR011C,0,0.63130444,0.0965423434972763,0.9940000176429749,0.9301999807357788
YIL155C,YEL050C,0,0.6312974,0.09653297066688538,0.9940000176429749,0.9302999973297119
YPL195W,YBR058C-A,0,0.63021195,0.09652359783649445,0.9940000176429749,0.930400013923645
YGR184C,YER089C,0,0.6285607,0.09651422500610352,0.9940000176429749,0.9304999709129333
YOL064C,YPR081C,0,0.6252266,0.09650485217571259,0.9940000176429749,0.9305999875068665
YPL206C,YLR356W,0,0.62252915,0.09649548679590225,0.9940000176429749,0.9307000041007996
YDL137W,YIL074C,0,0.62241423,0.09648612141609192,0.9940000176429749,0.9308000206947327
YMR142C,YNL227C,0,0.62214255,0.09647675603628159,0.9940000176429749,0.930899977684021
YJL025W,YDR101C,0,0.6219957,0.09646739065647125,0.9940000176429749,0.9309999942779541
YPL148C,YMR022W,0,0.62098837,0.09645803272724152,0.9940000176429749,0.9311000108718872
YDR520C,YGL039W,0,0.6207902,0.09644866734743118,0.9940000176429749,0.9312000274658203
YBR267W,YCL031C,0,0.6202595,0.09643930941820145,0.9940000176429749,0.9312999844551086
YML104C,YOR182C,0,0.619557,0.09642995893955231,0.9940000176429749,0.9314000010490417
YBR058C-A,YER112W,0,0.6186714,0.09642060101032257,0.9940000176429749,0.9315000176429749
YBL075C,YKR048C,0,0.618176,0.09641125053167343,0.9940000176429749,0.9315999746322632
YPL103C,YOR374W,0,0.6174428,0.09640190005302429,0.9940000176429749,0.9316999912261963
YJR143C,YJL025W,0,0.6148263,0.09639254957437515,0.9940000176429749,0.9318000078201294
YGR029W,YDL060W,0,0.61451834,0.09638320654630661,0.9940000176429749,0.9319000244140625
YKL140W,YFR015C,0,0.6144279,0.09637386351823807,0.9940000176429749,0.9319999814033508
YMR264W,YGR026W,0,0.6135067,0.09636452049016953,0.9940000176429749,0.9320999979972839
YIL070C,YGL035C,0,0.6124097,0.09635517746210098,0.9940000176429749,0.932200014591217
YDL130W,YDR139C,0,0.6123721,0.09634583443403244,0.9940000176429749,0.9322999715805054
YLL062C,YJL121C,0,0.6111802,0.0963364988565445,0.9940000176429749,0.9323999881744385
YML060W,YOR346W,1,0.6103379,0.09642407298088074,0.9950000047683716,0.9323999881744385
YIL074C,YJR135W-A,0,0.60727155,0.0964147299528122,0.9950000047683716,0.9325000047683716
YDR120C,YOL080C,0,0.60512674,0.09640538692474365,0.9950000047683716,0.9326000213623047
YDL127W,YOR306C,0,0.60404515,0.09639604389667511,0.9950000047683716,0.932699978351593
YDR425W,YER091C,0,0.6033815,0.09638670831918716,0.9950000047683716,0.9327999949455261
YLR287C-A,YCL050C,0,0.6028811,0.09637737274169922,0.9950000047683716,0.9329000115394592
YCL031C,YKL024C,0,0.6022164,0.09636803716421127,0.9950000047683716,0.9330000281333923
YBR205W,YGR162W,0,0.6011424,0.09635870903730392,0.9950000047683716,0.9330999851226807
YJL221C,YDR326C,0,0.6006521,0.09634937345981598,0.9950000047683716,0.9332000017166138
YPL026C,YJR135W-A,0,0.6004601,0.09634004533290863,0.9950000047683716,0.9333000183105469
YBL030C,YOR374W,0,0.6003876,0.09633071720600128,0.9950000047683716,0.9333999752998352
YOR182C,YIR023W,0,0.59867996,0.09632139652967453,0.9950000047683716,0.9334999918937683
YHR215W,YPR031W,0,0.59854233,0.09631206840276718,0.9950000047683716,0.9336000084877014
YER087C-A,YPR132W,0,0.5979836,0.09630274772644043,0.9950000047683716,0.9337000250816345
YDR299W,YHR089C,0,0.59683233,0.09629342705011368,0.9950000047683716,0.9337999820709229
YER025W,YPL038W,0,0.59660345,0.09628411382436752,0.9950000047683716,0.933899998664856
YPR102C,YPR016C,0,0.5962289,0.09627479314804077,0.9950000047683716,0.9340000152587891
YDL144C,YML048W,0,0.59604824,0.09626547992229462,0.9950000047683716,0.9340999722480774
YJR110W,YIL136W,0,0.5959128,0.09625616669654846,0.9950000047683716,0.9341999888420105
YDR532C,YPL177C,0,0.59586215,0.09624685347080231,0.9950000047683716,0.9343000054359436
YJR097W,YDL060W,0,0.59563017,0.09623754769563675,0.9950000047683716,0.9344000220298767
YDL108W,YOR092W,0,0.59170604,0.09622824192047119,0.9950000047683716,0.934499979019165
YKR059W,YDR116C,0,0.5914966,0.09621893614530563,0.9950000047683716,0.9345999956130981
YMR150C,YGR189C,0,0.59149015,0.09620963037014008,0.9950000047683716,0.9347000122070312
YML042W,YIL113W,0,0.59144306,0.09620033204555511,0.9950000047683716,0.9348000288009644
YOR116C,YOL002C,0,0.59074545,0.09619102627038956,0.9950000047683716,0.9348999857902527
YDL019C,YDR358W,0,0.5901468,0.0961817279458046,0.9950000047683716,0.9350000023841858
YGR184C,YKL164C,0,0.58958334,0.09617243707180023,0.9950000047683716,0.9351000189781189
YOR075W,YNL101W,0,0.5895534,0.09616313874721527,0.9950000047683716,0.9351999759674072
YCR096C,YJR155W,0,0.5893215,0.09615384787321091,0.9950000047683716,0.9352999925613403
YML129C,YER020W,0,0.58910096,0.09614455699920654,0.9950000047683716,0.9354000091552734
YGR088W,YDR329C,0,0.5882,0.09613526612520218,0.9950000047683716,0.9355000257492065
YKR050W,YGR189C,0,0.587196,0.09612597525119781,0.9950000047683716,0.9355999827384949
YER087C-A,YGR234W,0,0.58716226,0.09611669182777405,0.9950000047683716,0.935699999332428
YJR033C,YMR086W,0,0.5871509,0.09610740840435028,0.9950000047683716,0.9358000159263611
YLR134W,YBL030C,0,0.5861013,0.09609812498092651,0.9950000047683716,0.9358999729156494
YBR156C,YGR061C,0,0.5851349,0.09608884900808334,0.9950000047683716,0.9359999895095825
YCR098C,YIL124W,0,0.5841918,0.09607956558465958,0.9950000047683716,0.9361000061035156
YGL119W,YGL031C,0,0.5836699,0.0960702896118164,0.9950000047683716,0.9362000226974487
YJL048C,YFL029C,0,0.5836687,0.09606101363897324,0.9950000047683716,0.9362999796867371
YOL005C,YNL151C,0,0.58162856,0.09605174511671066,0.9950000047683716,0.9363999962806702
YLR356W,YKR058W,0,0.581536,0.09604246914386749,0.9950000047683716,0.9365000128746033
YNL207W,YGR200C,0,0.5801277,0.09603320062160492,0.9950000047683716,0.9366000294685364
YCL059C,YNL166C,0,0.5796705,0.09602393209934235,0.9950000047683716,0.9366999864578247
YLR014C,YJL189W,0,0.5775388,0.09601467102766037,0.9950000047683716,0.9368000030517578
YJL052W,YLR158C,0,0.5773662,0.0960054025053978,0.9950000047683716,0.9369000196456909
YDR424C,YBR048W,0,0.57655025,0.09599614143371582,0.9950000047683716,0.9369999766349792
YKR014C,YJL048C,0,0.57603204,0.09598688036203384,0.9950000047683716,0.9370999932289124
YGR101W,YPL059W,0,0.57582533,0.09597761929035187,0.9950000047683716,0.9372000098228455
YDR265W,YCR028C,0,0.57514906,0.09596836566925049,0.9950000047683716,0.9373000264167786
YDL051W,YOL152W,0,0.57500535,0.09595911204814911,0.9950000047683716,0.9373999834060669
YMR128W,YER089C,0,0.5747303,0.09594985842704773,0.9950000047683716,0.9375
YBR158W,YDR447C,0,0.5741214,0.09594060480594635,0.9950000047683716,0.9376000165939331
YER025W,YHR215W,0,0.57410085,0.09593135118484497,0.9950000047683716,0.9376999735832214
YNR050C,YER091C,0,0.5737136,0.09592210501432419,0.9950000047683716,0.9377999901771545
YML012W,YDR524C,0,0.57342017,0.0959128588438034,0.9950000047683716,0.9379000067710876
YER087C-A,YDR447C,0,0.57039833,0.09590361267328262,0.9950000047683716,0.9380000233650208
YOR228C,YGR154C,0,0.5678483,0.09589437395334244,0.9950000047683716,0.9380999803543091
YML106W,YOR181W,0,0.56733096,0.09588512778282166,0.9950000047683716,0.9381999969482422
YHR143W,YCR072C,0,0.566447,0.09587588906288147,0.9950000047683716,0.9383000135421753
YDL166C,YMR208W,0,0.56531143,0.09586665034294128,0.9950000047683716,0.9383999705314636
YDR050C,YBR092C,0,0.565184,0.0958574190735817,0.9950000047683716,0.9384999871253967
YML091C,YNR047W,0,0.5647858,0.0958481878042221,0.9950000047683716,0.9386000037193298
YLR134W,YHR070W,0,0.56247514,0.09583894908428192,0.9950000047683716,0.9387000203132629
YAL053W,YER133W,0,0.5601183,0.09582972526550293,0.9950000047683716,0.9387999773025513
YML094W,YLR172C,0,0.5601135,0.09582049399614334,0.9950000047683716,0.9388999938964844
YIL034C,YMR303C,0,0.55972457,0.09581126272678375,0.9950000047683716,0.9390000104904175
YPL186C,YDR169C,0,0.55858904,0.09580203890800476,0.9950000047683716,0.9391000270843506
YDL229W,YDR342C,0,0.55856454,0.09579281508922577,0.9950000047683716,0.9391999840736389
YNL322C,YBR058C-A,0,0.55849195,0.09578359872102737,0.9950000047683716,0.939300000667572
YOR116C,YGL211W,0,0.5577346,0.09577437490224838,0.9950000047683716,0.9394000172615051
YML054C,YML063W,0,0.5568058,0.09576515853404999,0.9950000047683716,0.9394999742507935
YML043C,YCR047C,0,0.5567628,0.09575594216585159,0.9950000047683716,0.9395999908447266
YGL147C,YER020W,0,0.55644894,0.0957467257976532,0.9950000047683716,0.9397000074386597
YJR075W,YJL190C,0,0.5561577,0.0957375168800354,0.9950000047683716,0.9398000240325928
YJR016C,YGR184C,0,0.55582714,0.0957283079624176,0.9950000047683716,0.9398999810218811
YHR206W,YDL060W,0,0.5553074,0.0957190990447998,0.9950000047683716,0.9399999976158142
YLR154C,YPL090C,0,0.55486006,0.095709890127182,0.9950000047683716,0.9401000142097473
YLL062C,YHL019C,0,0.5548105,0.09570068120956421,0.9950000047683716,0.9401999711990356
YMR016C,YDL192W,0,0.55463326,0.09569147974252701,0.9950000047683716,0.9402999877929688
YDL229W,YMR080C,0,0.5542207,0.09568227827548981,0.9950000047683716,0.9404000043869019
YHL024W,YJR016C,0,0.55399644,0.0956730768084526,0.9950000047683716,0.940500020980835
YLL062C,YGL137W,0,0.55342317,0.0956638753414154,0.9950000047683716,0.9405999779701233
YKL004W,YLR134W,0,0.5531302,0.0956546813249588,0.9950000047683716,0.9406999945640564
YMR287C,YDL130W-A,0,0.5522039,0.0956454873085022,0.9950000047683716,0.9408000111579895
YER091C,YKR009C,0,0.55020833,0.0956362932920456,0.9950000047683716,0.9409000277519226
YML012W,YJL125C,0,0.5485594,0.09562709927558899,0.9950000047683716,0.9409999847412109
YNR001C,YMR165C,0,0.54844207,0.09561791270971298,0.9950000047683716,0.941100001335144
YDL210W,YPL017C,0,0.54710436,0.09560872614383698,0.9950000047683716,0.9412000179290771
YLR304C,YCR075C,0,0.54636663,0.09559953957796097,0.9950000047683716,0.9412999749183655
YBR214W,YOR396W,0,0.54477334,0.09559035301208496,0.9950000047683716,0.9413999915122986
YDR158W,YGL157W,0,0.5433339,0.09558117389678955,0.9950000047683716,0.9415000081062317
YJL101C,YLR327C,0,0.53894544,0.09557199478149414,0.9950000047683716,0.9416000247001648
YOL092W,YDR158W,0,0.53847015,0.09556281566619873,0.9950000047683716,0.9416999816894531
YER096W,YLR467W,0,0.5381586,0.09555363655090332,0.9950000047683716,0.9417999982833862
YJL158C,YCR053W,0,0.53750694,0.09554445743560791,0.9950000047683716,0.9419000148773193
YGR062C,YMR303C,0,0.5371038,0.0955352857708931,0.9950000047683716,0.9419999718666077
YIL155C,YIL112W,0,0.5369012,0.09552611410617828,0.9950000047683716,0.9420999884605408
YPL019C,YGL155W,0,0.5362759,0.09551694244146347,0.9950000047683716,0.9422000050544739
YMR292W,YJL190C,0,0.5348987,0.09550777822732925,0.9950000047683716,0.942300021648407
YKL181W,YDR487C,0,0.5341743,0.09549860656261444,0.9950000047683716,0.9423999786376953
YMR307W,YAL012W,0,0.53415596,0.09548944234848022,0.9950000047683716,0.9424999952316284
YOL018C,YJL221C,0,0.53335494,0.09548027813434601,0.9950000047683716,0.9426000118255615
YCR047C,YPR041W,0,0.532921,0.09547112137079239,0.9950000047683716,0.9427000284194946
YLR192C,YML015C,0,0.5322957,0.09546195715665817,0.9950000047683716,0.942799985408783
YKR038C,YOR396W,0,0.53111386,0.09545280039310455,0.9950000047683716,0.9429000020027161
YBR048W,YLR304C,0,0.53072083,0.09544364362955093,0.9950000047683716,0.9430000185966492
YBL093C,YGR200C,0,0.52935207,0.09543449431657791,0.9950000047683716,0.9430999755859375
YBR283C,YDL082W,0,0.52807534,0.09542533755302429,0.9950000047683716,0.9431999921798706
YOR201C,YJL190C,0,0.52793145,0.09541618824005127,0.9950000047683716,0.9433000087738037
YGL161C,YNL015W,0,0.5267705,0.09540703892707825,0.9950000047683716,0.9434000253677368
YKL109W,YOR127W,0,0.5243828,0.09539788961410522,0.9950000047683716,0.9434999823570251
YJR155W,YBR241C,0,0.5230827,0.0953887477517128,0.9950000047683716,0.9435999989509583
YIL155C,YGR220C,0,0.52278405,0.09537959843873978,0.9950000047683716,0.9437000155448914
YOR179C,YKL164C,0,0.5222737,0.09537045657634735,0.9950000047683716,0.9437999725341797
YOR143C,YGR123C,0,0.52214646,0.09536132216453552,0.9950000047683716,0.9438999891281128
YHR143W,YER061C,0,0.5214845,0.0953521803021431,0.9950000047683716,0.9440000057220459
YOR046C,YKL143W,0,0.5211563,0.09534304589033127,0.9950000047683716,0.944100022315979
YNL206C,YLL038C,0,0.5170658,0.09533391147851944,0.9950000047683716,0.9441999793052673
YIL115C,YKL198C,0,0.51702774,0.09532477706670761,0.9950000047683716,0.9442999958992004
YAL008W,YDR166C,0,0.5153085,0.09531564265489578,0.9950000047683716,0.9444000124931335
YMR188C,YNL162W,0,0.5152445,0.09530651569366455,0.9950000047683716,0.9445000290870667
YPL019C,YLR186W,0,0.5151695,0.09529738873243332,0.9950000047683716,0.944599986076355
YDR418W,YJL025W,0,0.5141523,0.09528826177120209,0.9950000047683716,0.9447000026702881
YLR074C,YLR158C,0,0.51388013,0.09527913480997086,0.9950000047683716,0.9448000192642212
YPL144W,YDR299W,0,0.5114032,0.09527000784873962,0.9950000047683716,0.9448999762535095
YER025W,YLR304C,0,0.5089326,0.09526088833808899,0.9950000047683716,0.9449999928474426
YHR092C,YLR158C,0,0.50721014,0.09525176882743835,0.9950000047683716,0.9451000094413757
YJL221C,YKL195W,0,0.50541013,0.09524265676736832,0.9950000047683716,0.9452000260353088
YJR065C,YBR214W,0,0.50280195,0.09523353725671768,0.9950000047683716,0.9452999830245972
YDR046C,YAL062W,0,0.50257087,0.09522442519664764,0.9950000047683716,0.9453999996185303
YOR063W,YOL140W,0,0.5017507,0.0952153131365776,0.9950000047683716,0.9455000162124634
YDL192W,YLR430W,0,0.5013846,0.09520620107650757,0.9950000047683716,0.9455999732017517
YCR072C,YDL067C,0,0.5008138,0.09519708901643753,0.9950000047683716,0.9456999897956848
YOR096W,YLR221C,0,0.49753875,0.09518798440694809,0.9950000047683716,0.9458000063896179
YDR046C,YML081C-A,0,0.49723655,0.09517887979745865,0.9950000047683716,0.945900022983551
YBR198C,YBR058C-A,0,0.49601835,0.09516977518796921,0.9950000047683716,0.9459999799728394
YMR217W,YDR093W,0,0.49593693,0.09516067057847977,0.9950000047683716,0.9460999965667725
YBR267W,YER089C,0,0.49444133,0.09515157341957092,0.9950000047683716,0.9462000131607056
YBR241C,YGL059W,0,0.49377745,0.09514247626066208,0.9950000047683716,0.9463000297546387
YEL038W,YDL110C,0,0.49359897,0.09513337910175323,0.9950000047683716,0.946399986743927
YLR074C,YMR292W,0,0.493267,0.09512428194284439,0.9950000047683716,0.9465000033378601
YDR248C,YDR387C,0,0.49303603,0.09511519223451614,0.9950000047683716,0.9466000199317932
YML106W,YPL220W,0,0.49296534,0.0951060950756073,0.9950000047683716,0.9466999769210815
YMR088C,YDL195W,0,0.4928962,0.09509700536727905,0.9950000047683716,0.9467999935150146
YBL022C,YJR045C,0,0.49233234,0.0950879231095314,0.9950000047683716,0.9469000101089478
YML094W,YBR159W,0,0.4917393,0.09507883340120316,0.9950000047683716,0.9470000267028809
YDL231C,YIL051C,0,0.49073032,0.0950697511434555,0.9950000047683716,0.9470999836921692
YJL198W,YLR192C,0,0.49038938,0.09506066888570786,0.9950000047683716,0.9472000002861023
YPL089C,YNR016C,0,0.48926187,0.0950515866279602,0.9950000047683716,0.9473000168800354
YFL004W,YBL030C,0,0.4887453,0.09504250437021255,0.9950000047683716,0.9473999738693237
YBL106C,YOR046C,0,0.48836237,0.0950334295630455,0.9950000047683716,0.9474999904632568
YAR015W,YKL024C,0,0.4873446,0.09502435475587845,0.9950000047683716,0.9476000070571899
YJL097W,YHR013C,0,0.48466253,0.0950152799487114,0.9950000047683716,0.947700023651123
YNR001C,YKL181W,0,0.4825849,0.09500620514154434,0.9950000047683716,0.9477999806404114
YLR121C,YGL157W,0,0.48208404,0.09499713778495789,0.9950000047683716,0.9478999972343445
YML048W,YJR059W,0,0.481883,0.09498807042837143,0.9950000047683716,0.9480000138282776
YKR094C,YLR357W,1,0.48008144,0.09507445245981216,0.9959999918937683,0.9480000138282776
YPL059W,YJL221C,0,0.4798115,0.09506537765264511,0.9959999918937683,0.9480999708175659
YOR181W,YBR158W,0,0.47820368,0.09505631029605865,0.9959999918937683,0.948199987411499
YER036C,YNL207W,0,0.4775952,0.0950472354888916,0.9959999918937683,0.9483000040054321
YOR369C,YNL091W,0,0.47751564,0.09503816813230515,0.9959999918937683,0.9484000205993652
YCL031C,YDR483W,0,0.4764233,0.09502910077571869,0.9959999918937683,0.9484999775886536
YHR013C,YKL212W,0,0.47444978,0.09502003341913223,0.9959999918937683,0.9485999941825867
YER056C-A,YPR041W,0,0.47359604,0.09501097351312637,0.9959999918937683,0.9487000107765198
YHR046C,YMR233W,0,0.4716984,0.09500190615653992,0.9959999918937683,0.9488000273704529
YLR142W,YJL157C,0,0.4711176,0.09499284625053406,0.9959999918937683,0.9488999843597412
YDR358W,YER091C,0,0.47067755,0.0949837863445282,0.9959999918937683,0.9490000009536743
YML077W,YLR186W,0,0.47023696,0.09497473388910294,0.9959999918937683,0.9491000175476074
YHR161C,YOR228C,0,0.46867213,0.09496567398309708,0.9959999918937683,0.9491999745368958
YHR092C,YNL191W,0,0.4683851,0.09495662152767181,0.9959999918937683,0.9492999911308289
YDL229W,YER045C,0,0.46832925,0.09494756907224655,0.9959999918937683,0.949400007724762
YHL024W,YIL078W,0,0.46689373,0.09493851661682129,0.9959999918937683,0.9495000243186951
YDR376W,YLR186W,0,0.46684742,0.09492947161197662,0.9959999918937683,0.9495999813079834
YBR156C,YKL021C,0,0.46580607,0.09492042660713196,0.9959999918937683,0.9496999979019165
YGR159C,YHR117W,0,0.4634825,0.09491138160228729,0.9959999918937683,0.9498000144958496
YLR139C,YLR276C,0,0.46345896,0.09490233659744263,0.9959999918937683,0.9498999714851379
YKL011C,YDR368W,0,0.46307904,0.09489329159259796,0.9959999918937683,0.949999988079071
YOR348C,YLR450W,0,0.4630326,0.09488425403833389,0.9959999918937683,0.9501000046730042
YEL054C,YKR038C,0,0.4620482,0.09487521648406982,0.9959999918937683,0.9502000212669373
YPL031C,YDR443C,0,0.46026856,0.09486617892980576,0.9959999918937683,0.9502999782562256
YBR156C,YGR014W,0,0.46022323,0.09485714137554169,0.9959999918937683,0.9503999948501587
YGR159C,YEL065W,0,0.45825768,0.09484811127185822,0.9959999918937683,0.9505000114440918
YDR074W,YBR122C,0,0.45787573,0.09483908116817474,0.9959999918937683,0.9506000280380249
YMR307W,YEL054C,0,0.45769978,0.09483005106449127,0.9959999918937683,0.9506999850273132
YDL231C,YDR297W,0,0.45740923,0.0948210209608078,0.9959999918937683,0.9508000016212463
YFR015C,YJL106W,0,0.45603558,0.09481199085712433,0.9959999918937683,0.9509000182151794
YOR036W,YOR347C,0,0.45389736,0.09480296820402145,0.9959999918937683,0.9509999752044678
YJR104C,YJL101C,0,0.45369834,0.09479394555091858,0.9959999918937683,0.9510999917984009
YNL061W,YPL092W,0,0.45352912,0.0947849228978157,0.9959999918937683,0.951200008392334
YPL090C,YDR487C,0,0.45253605,0.09477590769529343,0.9959999918937683,0.9513000249862671
YBR158W,YPR102C,0,0.45188516,0.09476688504219055,0.9959999918937683,0.9513999819755554
YML094W,YOL080C,0,0.45125484,0.09475786983966827,0.9959999918937683,0.9514999985694885
YER070W,YLR048W,0,0.45082656,0.09474886208772659,0.9959999918937683,0.9516000151634216
YDR342C,YDR054C,0,0.4504848,0.09473984688520432,0.9959999918937683,0.95169997215271
YJL219W,YHR161C,0,0.4501295,0.09473083168268204,0.9959999918937683,0.9517999887466431
YER148W,YOR044W,0,0.44782448,0.09472182393074036,0.9959999918937683,0.9519000053405762
YLR134W,YOR233W,0,0.44773084,0.09471281617879868,0.9959999918937683,0.9520000219345093
YBR082C,YER131W,0,0.44746286,0.09470381587743759,0.9959999918937683,0.9520999789237976
YML091C,YKL164C,0,0.446886,0.09469480812549591,0.9959999918937683,0.9521999955177307
YGR047C,YER053C,0,0.44464967,0.09468580782413483,0.9959999918937683,0.9523000121116638
YMR006C,YLL022C,0,0.44363335,0.09467680752277374,0.9959999918937683,0.9524000287055969
YOR167C,YOL123W,0,0.44190198,0.09466780722141266,0.9959999918937683,0.9524999856948853
YLL011W,YDR510W,0,0.43930572,0.09465880692005157,0.9959999918937683,0.9526000022888184
YDL185W,YOR120W,0,0.43921122,0.09464981406927109,0.9959999918937683,0.9527000188827515
YBR105C,YNL061W,0,0.4363959,0.0946408212184906,0.9959999918937683,0.9527999758720398
YGL120C,YPL177C,0,0.43573266,0.09463182836771011,0.9959999918937683,0.9528999924659729
YML054C,YDR420W,0,0.43541384,0.09462283551692963,0.9959999918937683,0.953000009059906
YMR307W,YLL062C,0,0.4352566,0.09461385011672974,0.9959999918937683,0.9531000256538391
YBL078C,YDR047W,0,0.43515855,0.09460486471652985,0.9959999918937683,0.9531999826431274
YKR094C,YOR346W,1,0.43480736,0.09469085186719894,0.996999979019165,0.9531999826431274
YEL054C,YLR192C,0,0.43470198,0.09468185901641846,0.996999979019165,0.9532999992370605
YPR036W,YOL140W,0,0.4331174,0.09467287361621857,0.996999979019165,0.9534000158309937
YBR092C,YOR143C,0,0.43193424,0.09466388076543808,0.996999979019165,0.953499972820282
YDR096W,YNL098C,0,0.42959383,0.09465489536523819,0.996999979019165,0.9535999894142151
YER089C,YOR306C,0,0.42613596,0.0946459099650383,0.996999979019165,0.9537000060081482
YDL136W,YLR048W,0,0.4249559,0.09463692456483841,0.996999979019165,0.9538000226020813
YPR184W,YNL091W,0,0.42444336,0.09462793916463852,0.996999979019165,0.9538999795913696
YKR094C,YIL126W,1,0.42424893,0.09471386671066284,0.9980000257492065,0.9538999795913696
YOR175C,YPL026C,0,0.423122,0.09470488131046295,0.9980000257492065,0.9539999961853027
YGR088W,YDR166C,0,0.42280072,0.09469588845968246,0.9980000257492065,0.9541000127792358
YMR233W,YGL253W,0,0.4223391,0.09468691051006317,0.9980000257492065,0.954200029373169
YLR370C,YDR032C,0,0.4217036,0.09467792510986328,0.9980000257492065,0.9542999863624573
YHR021C,YBR159W,0,0.4208401,0.09466893970966339,0.9980000257492065,0.9544000029563904
YPL028W,YOR374W,0,0.41944075,0.0946599617600441,0.9980000257492065,0.9545000195503235
YDR297W,YNL268W,0,0.41878033,0.0946509838104248,0.9980000257492065,0.9545999765396118
YBR050C,YOR228C,0,0.41671142,0.09464201331138611,0.9980000257492065,0.9546999931335449
YHR143W,YOR337W,0,0.41532606,0.09463303536176682,0.9980000257492065,0.954800009727478
YOR337W,YKL021C,0,0.41411084,0.09462406486272812,0.9980000257492065,0.9549000263214111
YNR050C,YLR441C,0,0.41339284,0.09461509436368942,0.9980000257492065,0.9549999833106995
YNL128W,YOR374W,0,0.4127397,0.09460612386465073,0.9980000257492065,0.9550999999046326
YOR175C,YMR211W,0,0.4120102,0.09459715336561203,0.9980000257492065,0.9552000164985657
YMR128W,YDL184C,0,0.4115052,0.09458819031715393,0.9980000257492065,0.955299973487854
YBL030C,YCR077C,0,0.40952194,0.09457922726869583,0.9980000257492065,0.9553999900817871
YDR312W,YGL253W,0,0.40932256,0.09457026422023773,0.9980000257492065,0.9555000066757202
YEL054C,YPL177C,0,0.40927196,0.09456130117177963,0.9980000257492065,0.9556000232696533
YDR341C,YNL096C,0,0.4085001,0.09455234557390213,0.9980000257492065,0.9556999802589417
YER091C,YDL130W-A,0,0.40843877,0.09454338997602463,0.9980000257492065,0.9557999968528748
YDR486C,YGL157W,0,0.40686476,0.09453443437814713,0.9980000257492065,0.9559000134468079
YDR046C,YNR022C,0,0.40671468,0.09452547878026962,0.9980000257492065,0.9559999704360962
YML054C,YOR179C,0,0.40397847,0.09451652318239212,0.9980000257492065,0.9560999870300293
YJL164C,YDL056W,0,0.40146536,0.09450757503509521,0.9980000257492065,0.9562000036239624
YLR142W,YDR529C,0,0.40061855,0.09449862688779831,0.9980000257492065,0.9563000202178955
YPL226W,YGR063C,0,0.3998697,0.0944896787405014,0.9980000257492065,0.9563999772071838
YNL293W,YMR297W,0,0.39769784,0.0944807380437851,0.9980000257492065,0.9564999938011169
YDL051W,YER089C,0,0.3965301,0.09447178989648819,0.9980000257492065,0.95660001039505
YGR234W,YOR396W,0,0.3936003,0.09446284919977188,0.9980000257492065,0.9567000269889832
YBR092C,YJL158C,0,0.39337045,0.09445390850305557,0.9980000257492065,0.9567999839782715
YFR003C,YGL157W,0,0.39190385,0.09444496780633926,0.9980000257492065,0.9569000005722046
YGR088W,YJL219W,0,0.39162865,0.09443603456020355,0.9980000257492065,0.9570000171661377
YPL214C,YNL339C,0,0.39105794,0.09442710131406784,0.9980000257492065,0.957099974155426
YOL005C,YGL123W,0,0.38981396,0.09441816806793213,0.9980000257492065,0.9571999907493591
YDR418W,YGR279C,0,0.38846886,0.09440923482179642,0.9980000257492065,0.9573000073432922
YCR047C,YKL181W,0,0.3874477,0.0944003015756607,0.9980000257492065,0.9574000239372253
YOR224C,YOR151C,0,0.3857491,0.09439137578010559,0.9980000257492065,0.9574999809265137
YBL039C,YHR136C,0,0.38211143,0.09438244998455048,0.9980000257492065,0.9575999975204468
YML113W,YDL082W,0,0.3816324,0.09437352418899536,0.9980000257492065,0.9577000141143799
YKL183W,YCL031C,0,0.3812611,0.09436459839344025,0.9980000257492065,0.9577999711036682
YNL293W,YOL064C,0,0.37934947,0.09435568004846573,0.9980000257492065,0.9578999876976013
YJL157C,YHL024W,0,0.37798527,0.09434675425291061,0.9980000257492065,0.9580000042915344
YML094W,YEL021W,0,0.37772757,0.0943378359079361,0.9980000257492065,0.9581000208854675
YGR159C,YDR420W,0,0.3775943,0.09432892501354218,0.9980000257492065,0.9581999778747559
YER025W,YNR001C,0,0.37746587,0.09432000666856766,0.9980000257492065,0.958299994468689
YLR448W,YPR016C,0,0.3761119,0.09431109577417374,0.9980000257492065,0.9584000110626221
YEL054C,YEL059C-A,0,0.3755139,0.09430218487977982,0.9980000257492065,0.9585000276565552
YDR342C,YDR197W,0,0.37484688,0.0942932739853859,0.9980000257492065,0.9585999846458435
YGR191W,YOR092W,0,0.3737437,0.09428436309099197,0.9980000257492065,0.9587000012397766
YBR158W,YJL102W,0,0.3733517,0.09427545964717865,0.9980000257492065,0.9588000178337097
YEL017C-A,YBR291C,0,0.37239462,0.09426655620336533,0.9980000257492065,0.958899974822998
YJR016C,YPL092W,0,0.37111798,0.094257652759552,0.9980000257492065,0.9589999914169312
YDL019C,YDL085W,0,0.37088093,0.09424874931573868,0.9980000257492065,0.9591000080108643
YGL089C,YIR023W,0,0.37041068,0.09423984587192535,0.9980000257492065,0.9592000246047974
YNR027W,YHR013C,0,0.36866227,0.09423094987869263,0.9980000257492065,0.9592999815940857
YOR348C,YDR483W,0,0.36816704,0.0942220538854599,0.9980000257492065,0.9593999981880188
YNL301C,YJL121C,0,0.36523083,0.09421315789222717,0.9980000257492065,0.9595000147819519
YOR326W,YHR064C,0,0.36495978,0.09420426934957504,0.9980000257492065,0.9595999717712402
YDR297W,YGR162W,0,0.3647931,0.09419537335634232,0.9980000257492065,0.9596999883651733
YLR134W,YCR053W,0,0.36410958,0.09418648481369019,0.9980000257492065,0.9598000049591064
YLR048W,YBR030W,0,0.36278805,0.09417759627103806,0.9980000257492065,0.9599000215530396
YDR425W,YMR152W,0,0.360601,0.09416870772838593,0.9980000257492065,0.9599999785423279
YGL021W,YLR086W,0,0.3605399,0.09415982663631439,0.9980000257492065,0.960099995136261
YOR384W,YOR348C,0,0.3569667,0.09415094554424286,0.9980000257492065,0.9602000117301941
YDR050C,YCL059C,0,0.3540579,0.09414206445217133,0.9980000257492065,0.9603000283241272
YOR181W,YJL164C,0,0.351218,0.09413318336009979,0.9980000257492065,0.9603999853134155
YDR312W,YPL226W,0,0.35059315,0.09412430226802826,0.9980000257492065,0.9605000019073486
YHR025W,YOR061W,0,0.35038227,0.09411542862653732,0.9980000257492065,0.9606000185012817
YDR071C,YLR467W,0,0.34597933,0.09410655498504639,0.9980000257492065,0.9606999754905701
YIL093C,YLR304C,0,0.3441405,0.09409768134355545,0.9980000257492065,0.9607999920845032
YOR348C,YNL077W,0,0.34402955,0.09408880770206451,0.9980000257492065,0.9609000086784363
YOR182C,YER007W,0,0.3437615,0.09407994151115417,0.9980000257492065,0.9610000252723694
YPL177C,YGL168W,0,0.3433182,0.09407107532024384,0.9980000257492065,0.9610999822616577
YBL078C,YPL111W,0,0.34165585,0.0940622091293335,0.9980000257492065,0.9611999988555908
YDR418W,YER091C,0,0.34123898,0.09405334293842316,0.9980000257492065,0.9613000154495239
YJL129C,YAL025C,0,0.33975765,0.09404447674751282,0.9980000257492065,0.9613999724388123
YLR364W,YPL090C,0,0.33780354,0.09403561800718307,0.9980000257492065,0.9614999890327454
YMR297W,YER053C,0,0.33739728,0.09402675926685333,0.9980000257492065,0.9616000056266785
YGL223C,YIL111W,0,0.33391374,0.09401790052652359,0.9980000257492065,0.9617000222206116
YDR046C,YOL117W,0,0.33371755,0.09400904178619385,0.9980000257492065,0.9617999792098999
YNL280C,YBR142W,0,0.33298582,0.0940001904964447,0.9980000257492065,0.961899995803833
YKL004W,YJL190C,0,0.32804337,0.09399133175611496,0.9980000257492065,0.9620000123977661
YIL070C,YJL102W,0,0.3220352,0.09398248791694641,0.9980000257492065,0.9621000289916992
YDR012W,YML125C,0,0.32124037,0.09397363662719727,0.9980000257492065,0.9621999859809875
YBR283C,YLR158C,0,0.31893015,0.09396478533744812,0.9980000257492065,0.9623000025749207
YBL024W,YOL125W,0,0.31735885,0.09395594149827957,0.9980000257492065,0.9624000191688538
YBR156C,YBL039C,0,0.31301188,0.09394709765911102,0.9980000257492065,0.9624999761581421
YER086W,YBR058C-A,0,0.31026077,0.09393825381994247,0.9980000257492065,0.9625999927520752
YHR021C,YJL190C,0,0.30889708,0.09392940998077393,0.9980000257492065,0.9627000093460083
YOR143C,YNL339C,0,0.3088418,0.09392057359218597,0.9980000257492065,0.9628000259399414
YJR016C,YOR326W,0,0.30863497,0.09391173720359802,0.9980000257492065,0.9628999829292297
YMR312W,YGR158C,0,0.30820376,0.09390290081501007,0.9980000257492065,0.9629999995231628
YAL053W,YLR158C,0,0.3057513,0.09389406442642212,0.9980000257492065,0.963100016117096
YBR158W,YDR116C,0,0.30536026,0.09388522803783417,0.9980000257492065,0.9631999731063843
YBR286W,YER091C,0,0.30497903,0.09387639909982681,0.9980000257492065,0.9632999897003174
YBR156C,YLR448W,0,0.30320263,0.09386757016181946,0.9980000257492065,0.9634000062942505
YPL177C,YOR396W,0,0.30285084,0.0938587412238121,0.9980000257492065,0.9635000228881836
YPL085W,YPL026C,0,0.3013595,0.09384991228580475,0.9980000257492065,0.9635999798774719
YIR037W,YPL123C,0,0.29820776,0.09384109079837799,0.9980000257492065,0.963699996471405
YOR348C,YPR019W,0,0.2979948,0.09383226931095123,0.9980000257492065,0.9638000130653381
YDR086C,YPL028W,0,0.2957461,0.09382344782352448,0.9980000257492065,0.9639000296592712
YAL044C,YDR116C,0,0.29484874,0.09381462633609772,0.9980000257492065,0.9639999866485596
YMR098C,YKL212W,0,0.29370788,0.09380581229925156,0.9980000257492065,0.9641000032424927
YJL048C,YMR022W,0,0.29320803,0.0937969908118248,0.9980000257492065,0.9642000198364258
YOL138C,YOR348C,0,0.29190195,0.09378817677497864,0.9980000257492065,0.9642999768257141
YPR042C,YMR303C,0,0.2918405,0.09377936273813248,0.9980000257492065,0.9643999934196472
YJR097W,YHR010W,0,0.2912249,0.09377055615186691,0.9980000257492065,0.9645000100135803
YNL306W,YDR297W,0,0.29116875,0.09376174211502075,0.9980000257492065,0.9646000266075134
YPL154C,YDR330W,0,0.2889354,0.09375293552875519,0.9980000257492065,0.9646999835968018
YOL127W,YOR306C,0,0.2870466,0.09374412894248962,0.9980000257492065,0.9648000001907349
YHR052W,YHR013C,0,0.28604066,0.09373532235622406,0.9980000257492065,0.964900016784668
YML125C,YOR233W,0,0.28364453,0.09372652322053909,0.9980000257492065,0.9649999737739563
YPL148C,YLR343W,0,0.28342924,0.09371771663427353,0.9980000257492065,0.9650999903678894
YLR221C,YJL121C,0,0.2831128,0.09370891749858856,0.9980000257492065,0.9652000069618225
YER056C-A,YER126C,0,0.2820549,0.0937001183629036,0.9980000257492065,0.9653000235557556
YDR060W,YNL129W,0,0.2811461,0.09369132667779922,0.9980000257492065,0.965399980545044
YOR201C,YLR048W,0,0.28102016,0.09368252754211426,0.9980000257492065,0.965499997138977
YBL064C,YOR014W,0,0.27447438,0.09367373585700989,0.9980000257492065,0.9656000137329102
YDL192W,YBL039C,0,0.27300513,0.09366494417190552,0.9980000257492065,0.9656999707221985
YDR033W,YER045C,0,0.2721007,0.09365615248680115,0.9980000257492065,0.9657999873161316
YCR047C,YJL133W,0,0.26944852,0.09364736825227737,0.9980000257492065,0.9659000039100647
YDR012W,YGR295C,0,0.26931018,0.0936385840177536,0.9980000257492065,0.9660000205039978
YER126C,YOL056W,0,0.2669636,0.09362979978322983,0.9980000257492065,0.9660999774932861
YJL133W,YER045C,0,0.26695484,0.09362101554870605,0.9980000257492065,0.9661999940872192
YML106W,YDR465C,0,0.2656001,0.09361223131418228,0.9980000257492065,0.9663000106811523
YJL164C,YER012W,0,0.26546603,0.0936034545302391,0.9980000257492065,0.9664000272750854
YHR143W,YDR465C,0,0.26470947,0.09359467029571533,0.9980000257492065,0.9664999842643738
YJR104C,YOR347C,0,0.25794888,0.09358589351177216,0.9980000257492065,0.9666000008583069
YBR273C,YDR380W,0,0.257708,0.09357712417840958,0.9980000257492065,0.96670001745224
YKR094C,YHR081W,1,0.25587237,0.09366210550069809,0.9990000128746033,0.96670001745224
YBR158W,YHL024W,0,0.25468862,0.09365332126617432,0.9990000128746033,0.9667999744415283
YDR297W,YML115C,0,0.25347862,0.09364454448223114,0.9990000128746033,0.9668999910354614
YER099C,YLL022C,0,0.25330162,0.09363576769828796,0.9990000128746033,0.9670000076293945
YER110C,YOR043W,0,0.25305292,0.09362699091434479,0.9990000128746033,0.9671000242233276
YPL060W,YLR158C,0,0.2517029,0.09361821413040161,0.9990000128746033,0.967199981212616
YGL211W,YER110C,0,0.25105715,0.09360944479703903,0.9990000128746033,0.9672999978065491
YDL056W,YIL111W,0,0.25089282,0.09360067546367645,0.9990000128746033,0.9674000144004822
YOR063W,YNL112W,0,0.24975035,0.09359190613031387,0.9990000128746033,0.9674999713897705
YNL331C,YPR184W,0,0.24892223,0.0935831367969513,0.9990000128746033,0.9675999879837036
YML113W,YJL080C,0,0.24747306,0.09357437491416931,0.9990000128746033,0.9677000045776367
YPL144W,YCR053W,0,0.24719188,0.09356560558080673,0.9990000128746033,0.9678000211715698
YLR048W,YIL155C,0,0.2468751,0.09355684369802475,0.9990000128746033,0.9678999781608582
YDL231C,YER180C,0,0.24111286,0.09354808181524277,0.9990000128746033,0.9679999947547913
YBR158W,YOL120C,0,0.23964193,0.09353932738304138,0.9990000128746033,0.9681000113487244
YKL109W,YHR044C,0,0.2388733,0.0935305655002594,0.9990000128746033,0.9682000279426575
YKL034W,YDL130W-A,0,0.2356737,0.09352181106805801,0.9990000128746033,0.9682999849319458
YPL144W,YHR089C,0,0.23560041,0.09351305663585663,0.9990000128746033,0.9684000015258789
YJL101C,YDL130W-A,0,0.23535007,0.09350430220365524,0.9990000128746033,0.968500018119812
YPR028W,YKL195W,0,0.23523116,0.09349555522203445,0.9990000128746033,0.9685999751091003
YMR142C,YOL005C,0,0.23141477,0.09348680824041367,0.9990000128746033,0.9686999917030334
YHR044C,YLR158C,0,0.22572356,0.09347805380821228,0.9990000128746033,0.9688000082969666
YIL111W,YDR380W,0,0.22487132,0.09346931427717209,0.9990000128746033,0.9689000248908997
YJR104C,YDR322W,0,0.22037497,0.0934605672955513,0.9990000128746033,0.968999981880188
YNL248C,YGR061C,0,0.22021312,0.09345182776451111,0.9990000128746033,0.9690999984741211
YBR158W,YML104C,0,0.21636958,0.09344308078289032,0.9990000128746033,0.9692000150680542
YHR025W,YNL191W,0,0.21515995,0.09343434125185013,0.9990000128746033,0.9692999720573425
YGL021W,YJL052W,0,0.2146334,0.09342560917139053,0.9990000128746033,0.9693999886512756
YAL023C,YDR418W,0,0.21460332,0.09341686964035034,0.9990000128746033,0.9695000052452087
YPL226W,YEL017C-A,0,0.21451463,0.09340813755989075,0.9990000128746033,0.9696000218391418
YHR052W,YPL048W,0,0.21404007,0.09339939802885056,0.9990000128746033,0.9696999788284302
YKR094C,YML060W,1,0.21136034,0.09348415583372116,1.0,0.9696999788284302
YER025W,YDL184C,0,0.21128799,0.09347541630268097,1.0,0.9697999954223633
YMR290C,YAL035W,0,0.2107563,0.09346667677164078,1.0,0.9699000120162964
YOL125W,YAL003W,0,0.20640332,0.09345794469118118,1.0,0.9700000286102295
YLL011W,YHR013C,0,0.2057915,0.09344921261072159,1.0,0.9700999855995178
YER131W,YKL028W,0,0.20253183,0.093440480530262,1.0,0.9702000021934509
YDR465C,YDL075W,0,0.19924536,0.0934317484498024,1.0,0.970300018787384
YMR297W,YLR158C,0,0.19719899,0.0934230163693428,1.0,0.9703999757766724
YDR299W,YNL015W,0,0.19639403,0.0934142917394638,1.0,0.9704999923706055
YOR278W,YDR046C,0,0.19562028,0.09340556710958481,1.0,0.9706000089645386
YPL019C,YLR221C,0,0.19510913,0.09339684247970581,1.0,0.9707000255584717
YLR343W,YJL008C,0,0.19106635,0.09338811784982681,1.0,0.97079998254776
YLR100W,YNL101W,0,0.19088712,0.09337940067052841,1.0,0.9708999991416931
YOR061W,YPR102C,0,0.18657905,0.09337068349123001,1.0,0.9710000157356262
YJR045C,YOR374W,0,0.18422365,0.09336196631193161,1.0,0.9710999727249146
YEL054C,YIR012W,0,0.18250456,0.09335324913263321,1.0,0.9711999893188477
YDR380W,YGR194C,0,0.18056345,0.09334453195333481,1.0,0.9713000059127808
YOR143C,YDR297W,0,0.17538479,0.093335822224617,1.0,0.9714000225067139
YJL125C,YLL022C,0,0.17529246,0.0933271124958992,1.0,0.9714999794960022
YDR265W,YNL339C,0,0.17518616,0.0933184027671814,1.0,0.9715999960899353
YDL051W,YBR105C,0,0.17296496,0.09330969303846359,1.0,0.9717000126838684
YJR016C,YGR191W,0,0.17053664,0.09330099076032639,1.0,0.9718000292778015
YOR124C,YDR077W,0,0.16980249,0.09329228103160858,1.0,0.9718999862670898
YCR098C,YMR217W,0,0.16928324,0.09328357875347137,1.0,0.972000002861023
YML054C,YOL077C,0,0.16824728,0.09327488392591476,1.0,0.972100019454956
YKL181W,YKL021C,0,0.16805845,0.09326618164777756,1.0,0.9721999764442444
YDR060W,YHR010W,0,0.16413778,0.09325748682022095,1.0,0.9722999930381775
YCR072C,YFL037W,0,0.1641027,0.09324878454208374,1.0,0.9724000096321106
YPR102C,YLR237W,0,0.1623987,0.09324008971452713,1.0,0.9725000262260437
YJR075W,YML063W,0,0.16063641,0.09323140233755112,1.0,0.972599983215332
YJL033W,YER056C-A,0,0.15817082,0.0932227075099945,1.0,0.9726999998092651
YBL075C,YAL008W,0,0.15790474,0.0932140201330185,1.0,0.9728000164031982
YHR046C,YOL031C,0,0.1573323,0.09320533275604248,1.0,0.9728999733924866
YHR046C,YNL135C,0,0.15652418,0.09319664537906647,1.0,0.9729999899864197
YBR058C-A,YGR061C,0,0.15182778,0.09318795800209045,1.0,0.9731000065803528
YPL157W,YBR142W,0,0.14787078,0.09317927807569504,1.0,0.9732000231742859
YER148W,YDR447C,0,0.14749247,0.09317059814929962,1.0,0.9732999801635742
YHR046C,YFR032C-A,0,0.14709422,0.0931619182229042,1.0,0.9733999967575073
YAL023C,YBR156C,0,0.14676201,0.09315323829650879,1.0,0.9735000133514404
YJR145C,YBR291C,0,0.14319497,0.09314455837011337,1.0,0.9735999703407288
YLR221C,YNL096C,0,0.14309418,0.09313588589429855,1.0,0.9736999869346619
YJL136C,YOR233W,0,0.13981903,0.09312721341848373,1.0,0.973800003528595
YKL195W,YOR396W,0,0.13969663,0.09311854094266891,1.0,0.9739000201225281
YBL075C,YIL078W,0,0.13671649,0.0931098684668541,1.0,0.9739999771118164
YLR097C,YAL008W,0,0.13254373,0.09310120344161987,1.0,0.9740999937057495
YIL051C,YPR184W,0,0.13042751,0.09309253096580505,1.0,0.9742000102996826
YJR009C,YMR290C,0,0.12789065,0.09308386594057083,1.0,0.9743000268936157
YER110C,YDR507C,0,0.12716937,0.0930752083659172,1.0,0.974399983882904
YHR025W,YAL025C,0,0.12678039,0.09306654334068298,1.0,0.9745000004768372
YDL060W,YER045C,0,0.124941885,0.09305787831544876,1.0,0.9746000170707703
YMR307W,YBR158W,0,0.11900137,0.09304922074079514,1.0,0.9746999740600586
YJL136C,YKL181W,0,0.11807954,0.09304056316614151,1.0,0.9747999906539917
YJL108C,YDR077W,0,0.11105925,0.09303191304206848,1.0,0.9749000072479248
YOL003C,YLR343W,0,0.108193725,0.09302325546741486,1.0,0.9750000238418579
YHR027C,YLR327C,0,0.09969434,0.09301460534334183,1.0,0.9750999808311462
YML085C,YPR184W,0,0.097729295,0.0930059552192688,1.0,0.9751999974250793
YBL078C,YHR116W,0,0.09603357,0.09299730509519577,1.0,0.9753000140190125
YGL009C,YBR058C,0,0.09093095,0.09298865497112274,1.0,0.9753999710083008
YER133W,YFR015C,0,0.089233905,0.09298001229763031,1.0,0.9754999876022339
YLR237W,YBR142W,0,0.087989435,0.09297136217355728,1.0,0.975600004196167
YMR142C,YNL001W,0,0.08775234,0.09296271950006485,1.0,0.9757000207901001
YPL144W,YDL051W,0,0.08605158,0.09295408427715302,1.0,0.9757999777793884
YDR231C,YDR330W,0,0.085970476,0.09294544160366058,1.0,0.9758999943733215
YPL106C,YCR072C,0,0.08281335,0.09293680638074875,1.0,0.9760000109672546
YDL204W,YLL050C,0,0.07815689,0.09292816370725632,1.0,0.9761000275611877
YIL027C,YDR297W,0,0.07693365,0.09291952848434448,1.0,0.9761999845504761
YOR124C,YDL130W-A,0,0.076645955,0.09291090071201324,1.0,0.9763000011444092
YMR006C,YMR071C,0,0.073025346,0.09290226548910141,1.0,0.9764000177383423
YDR050C,YGR162W,0,0.07243204,0.09289363771677017,1.0,0.9764999747276306
YMR088C,YLR100W,0,0.07136068,0.09288500994443893,1.0,0.9765999913215637
YLR343W,YJR058C,0,0.06767243,0.0928763821721077,1.0,0.9767000079154968
YML094W,YNL308C,0,0.06579262,0.09286775439977646,1.0,0.9768000245094299
YCL059C,YPL026C,0,0.06455478,0.09285913407802582,1.0,0.9768999814987183
YIL051C,YDR298C,0,0.06370212,0.09285051375627518,1.0,0.9769999980926514
YLR467W,YER020W,0,0.06261116,0.09284189343452454,1.0,0.9771000146865845
YJR094W-A,YGR061C,0,0.060859874,0.0928332731127739,1.0,0.9771999716758728
YER082C,YOR369C,0,0.054051995,0.09282465279102325,1.0,0.9772999882698059
YMR297W,YPR108W,0,0.05215475,0.09281603991985321,1.0,0.977400004863739
YML094W,YDL051W,0,0.050448656,0.09280742704868317,1.0,0.9775000214576721
YOR348C,YPL149W,0,0.04855919,0.09279881417751312,1.0,0.9775999784469604
YOR348C,YHR186C,0,0.04543072,0.09279020130634308,1.0,0.9776999950408936
YJR145C,YIL145C,0,0.042648733,0.09278158843517303,1.0,0.9778000116348267
YPR132W,YGL211W,0,0.039271772,0.09277298301458359,1.0,0.9779000282287598
YDR342C,YLR139C,0,0.036265045,0.09276437759399414,1.0,0.9779999852180481
YBL024W,YPR132W,0,0.03543383,0.0927557721734047,1.0,0.9781000018119812
YMR142C,YOR369C,0,0.035069883,0.09274717420339584,1.0,0.9782000184059143
YNL112W,YOR044W,0,0.033409595,0.0927385687828064,1.0,0.9782999753952026
YBR283C,YLL035W,0,0.030186564,0.09272997081279755,1.0,0.9783999919891357
YDR046C,YPL026C,0,0.029215991,0.0927213728427887,1.0,0.9785000085830688
YDR046C,YDR313C,0,0.027736068,0.09271277487277985,1.0,0.978600025177002
YJR145C,YJL133W,0,0.027124465,0.09270418435335159,1.0,0.9786999821662903
YML043C,YGL031C,0,0.020136178,0.09269558638334274,1.0,0.9787999987602234
YPR132W,YJR143C,0,0.013508558,0.09268699586391449,1.0,0.9789000153541565
YDL204W,YNR001C,0,0.010403454,0.09267840534448624,1.0,0.9789999723434448
YOR046C,YCL031C,0,0.010393739,0.09266981482505798,1.0,0.9790999889373779
YML129C,YLR158C,0,0.008573025,0.09266123175621033,1.0,0.979200005531311
YPL149W,YPR081C,0,0.00631094,0.09265264868736267,1.0,0.9793000221252441
YLR172C,YBL061C,0,0.004278451,0.09264405816793442,1.0,0.9793999791145325
YOL005C,YLR221C,0,0.0038536787,0.09263548254966736,1.0,0.9794999957084656
YPR108W,YDR031W,0,-0.00058478117,0.0926268994808197,1.0,0.9796000123023987
YJR016C,YCR054C,0,-0.0013670325,0.09261831641197205,1.0,0.9797000288963318
YMR292W,YAL012W,0,-0.0034106672,0.09260974079370499,1.0,0.9797999858856201
YLR142W,YPR184W,0,-0.004429251,0.09260116517543793,1.0,0.9799000024795532
YLR327C,YML081C-A,0,-0.007024884,0.09259258955717087,1.0,0.9800000190734863
YJL158C,YJL148W,0,-0.011252612,0.0925840213894844,1.0,0.9800999760627747
YGR088W,YOR288C,0,-0.011588216,0.09257544577121735,1.0,0.9801999926567078
YPR102C,YPL090C,0,-0.02050674,0.09256687760353088,1.0,0.9803000092506409
YBR207W,YPL026C,0,-0.02071613,0.09255830943584442,1.0,0.980400025844574
YOR116C,YAL025C,0,-0.021416485,0.09254974871873856,1.0,0.9804999828338623
YCL059C,YNL151C,0,-0.022479832,0.0925411805510521,1.0,0.9805999994277954
YJR009C,YCL050C,0,-0.024935216,0.09253261983394623,1.0,0.9807000160217285
YER091C,YJL109C,0,-0.028129756,0.09252405911684036,1.0,0.9807999730110168
YDR086C,YNL061W,0,-0.030620486,0.0925154983997345,1.0,0.98089998960495
YDR341C,YLR276C,0,-0.030885756,0.09250693768262863,1.0,0.9810000061988831
YOR167C,YOR063W,0,-0.03364578,0.09249838441610336,1.0,0.9811000227928162
YOR167C,YJL033W,0,-0.037124395,0.0924898236989975,1.0,0.9811999797821045
YIL078W,YGL123W,0,-0.03724152,0.09248127043247223,1.0,0.9812999963760376
YJL125C,YER082C,0,-0.038380444,0.09247271716594696,1.0,0.9814000129699707
YER056C-A,YGR191W,0,-0.042310596,0.09246417135000229,1.0,0.9815000295639038
YMR142C,YOR043W,0,-0.043061674,0.09245561808347702,1.0,0.9815999865531921
YMR127C,YLR237W,0,-0.043661267,0.09244707226753235,1.0,0.9817000031471252
YDR388W,YDL130W-A,0,-0.047465444,0.09243852645158768,1.0,0.9818000197410583
YGR088W,YOR069W,0,-0.054480493,0.092429980635643,1.0,0.9818999767303467
YHR010W,YGR061C,0,-0.054637402,0.09242144227027893,1.0,0.9819999933242798
YAR015W,YCL031C,0,-0.061059415,0.09241290390491486,1.0,0.9821000099182129
YHR046C,YJL189W,0,-0.06335479,0.09240435808897018,1.0,0.982200026512146
YBL075C,YJL170C,0,-0.06357458,0.0923958271741867,1.0,0.9822999835014343
YAR015W,YAL025C,0,-0.064524114,0.09238728880882263,1.0,0.9824000000953674
YJR009C,YPL085W,0,-0.06641698,0.09237875044345856,1.0,0.9825000166893005
YPR021C,YER053C,0,-0.0708071,0.09237021952867508,1.0,0.9825999736785889
YOR182C,YEL021W,0,-0.078240335,0.0923616886138916,1.0,0.982699990272522
YHR076W,YAL008W,0,-0.08074814,0.09235315769910812,1.0,0.9828000068664551
YJL133W,YOL080C,0,-0.080967546,0.09234462678432465,1.0,0.9829000234603882
YJL125C,YJL189W,0,-0.08118904,0.09233610332012177,1.0,0.9829999804496765
YDL136W,YLR448W,0,-0.089653194,0.09232757985591888,1.0,0.9830999970436096
YIL090W,YOL120C,0,-0.089782715,0.092319056391716,1.0,0.9832000136375427
YBL024W,YJL080C,0,-0.09321898,0.09231053292751312,1.0,0.983299970626831
YJL198W,YBR105C,0,-0.09571797,0.09230200946331024,1.0,0.9833999872207642
YGR106C,YMR303C,0,-0.09614241,0.09229349344968796,1.0,0.9835000038146973
YGR191W,YOL140W,0,-0.0963124,0.09228497743606567,1.0,0.9836000204086304
YDL051W,YPL090C,0,-0.101864755,0.09227646142244339,1.0,0.9836999773979187
YDR341C,YOR348C,0,-0.103533715,0.0922679454088211,1.0,0.9837999939918518
YPL160W,YAL025C,0,-0.1041868,0.09225943684577942,1.0,0.9839000105857849
YNL308C,YPR041W,0,-0.10465586,0.09225092083215714,1.0,0.984000027179718
YNL162W,YJL136C,0,-0.10481268,0.09224241226911545,1.0,0.9840999841690063
YJL157C,YKL181W,0,-0.108490705,0.09223390370607376,1.0,0.9842000007629395
YNL007C,YPR184W,0,-0.10880664,0.09222540259361267,1.0,0.9843000173568726
YCR072C,YBR267W,0,-0.11303532,0.09221689403057098,1.0,0.9843999743461609
YPR108W,YLR158C,0,-0.118970335,0.0922083929181099,1.0,0.984499990940094
YPR028W,YER089C,0,-0.12057701,0.0921998918056488,1.0,0.9846000075340271
YOR143C,YDR447C,0,-0.13165125,0.09219139069318771,1.0,0.9847000241279602
YPR028W,YLR327C,0,-0.13676155,0.09218288958072662,1.0,0.9847999811172485
YDL137W,YBR105C,0,-0.13852528,0.09217439591884613,1.0,0.9848999977111816
YGR063C,YLR158C,0,-0.13934961,0.09216590225696564,1.0,0.9850000143051147
YDR012W,YER126C,0,-0.14274013,0.09215740114450455,1.0,0.9850999712944031
YDR465C,YLR287C-A,0,-0.1430001,0.09214891493320465,1.0,0.9851999878883362
YGR159C,YER082C,0,-0.14681327,0.09214042127132416,1.0,0.9853000044822693
YER036C,YKR059W,0,-0.14859784,0.09213193506002426,1.0,0.9854000210762024
YOR116C,YNL061W,0,-0.14916885,0.09212344884872437,1.0,0.9854999780654907
YHR086W,YDL110C,0,-0.15052128,0.09211496263742447,1.0,0.9855999946594238
YPL271W,YDL130W-A,0,-0.15800613,0.09210647642612457,1.0,0.9857000112533569
YLR097C,YLR158C,0,-0.16247585,0.09209799021482468,1.0,0.98580002784729
YJR145C,YPR102C,0,-0.16629189,0.09208951145410538,1.0,0.9858999848365784
YDR297W,YEL021W,0,-0.16785327,0.09208103269338608,1.0,0.9860000014305115
YML054C,YCR081W,0,-0.17249024,0.09207255393266678,1.0,0.9861000180244446
YDR465C,YDL192W,0,-0.17528969,0.09206407517194748,1.0,0.9861999750137329
YOL127W,YLR448W,0,-0.17679381,0.09205560386180878,1.0,0.986299991607666
YGL211W,YDR447C,0,-0.18007934,0.09204712510108948,1.0,0.9864000082015991
YOR288C,YMR303C,0,-0.18144399,0.09203865379095078,1.0,0.9865000247955322
YNL191W,YKL024C,0,-0.18805772,0.09203018248081207,1.0,0.9865999817848206
YDL067C,YNR001C,0,-0.19057614,0.09202171862125397,1.0,0.9866999983787537
YGR086C,YOR014W,0,-0.19314885,0.09201324731111526,1.0,0.9868000149726868
YML094W,YHR070W,0,-0.20136058,0.09200478345155716,1.0,0.9868999719619751
YOR224C,YDR297W,0,-0.20251644,0.09199631959199905,1.0,0.9869999885559082
YPR186C,YNL112W,0,-0.20431101,0.09198785573244095,1.0,0.9871000051498413
YDR046C,YKL109W,0,-0.21177745,0.09197939932346344,1.0,0.9872000217437744
YBL064C,YNL015W,0,-0.2129494,0.09197093546390533,1.0,0.9872999787330627
YNL207W,YPL143W,0,-0.21726012,0.09196247905492783,1.0,0.9873999953269958
YCL059C,YMR127C,0,-0.22168344,0.09195402264595032,1.0,0.987500011920929
YDL166C,YML113W,0,-0.2254017,0.09194556623697281,1.0,0.9876000285148621
YJR145C,YLR276C,0,-0.22562653,0.0919371172785759,1.0,0.9876999855041504
YOR167C,YLR048W,0,-0.22861874,0.09192866086959839,1.0,0.9878000020980835
YOR124C,YOR120W,0,-0.23307377,0.09192021191120148,1.0,0.9879000186920166
YDL130W,YLL035W,0,-0.23427689,0.09191176295280457,1.0,0.9879999756813049
YGL227W,YDL130W-A,0,-0.23534423,0.09190331399440765,1.0,0.988099992275238
YDR487C,YOR043W,0,-0.23632485,0.09189487248659134,1.0,0.9882000088691711
YJL198W,YBL054W,0,-0.24108028,0.09188643097877502,1.0,0.9883000254631042
YER086W,YLR237W,0,-0.24376553,0.09187798947095871,1.0,0.9883999824523926
YGR088W,YGL229C,0,-0.24404979,0.0918695479631424,1.0,0.9884999990463257
YHR116W,YIL155C,0,-0.24506879,0.09186110645532608,1.0,0.9886000156402588
YGL059W,YMR311C,0,-0.2493146,0.09185266494750977,1.0,0.9886999726295471
YGR191W,YDR101C,0,-0.2526536,0.09184423089027405,1.0,0.9887999892234802
YBL030C,YPL059W,0,-0.2529164,0.09183579683303833,1.0,0.9889000058174133
YJL158C,YGR158C,0,-0.25309896,0.09182736277580261,1.0,0.9890000224113464
YOR155C,YDR380W,0,-0.25390726,0.09181893616914749,1.0,0.9890999794006348
YMR128W,YMR303C,0,-0.2607237,0.09181050211191177,1.0,0.9891999959945679
YAL008W,YER020W,0,-0.26250452,0.09180207550525665,1.0,0.989300012588501
YBL078C,YDL110C,0,-0.26262724,0.09179364889860153,1.0,0.9894000291824341
YJR094W-A,YCL059C,0,-0.2695831,0.09178522229194641,1.0,0.9894999861717224
YBL039C,YER045C,0,-0.26978797,0.09177679568529129,1.0,0.9896000027656555
YOL127W,YBL054W,0,-0.27066177,0.09176837652921677,1.0,0.9897000193595886
YJL190C,YNL191W,0,-0.27497035,0.09175995737314224,1.0,0.989799976348877
YDL082W,YJL109C,0,-0.27673942,0.09175153821706772,1.0,0.9898999929428101
YBL030C,YDR031W,0,-0.2791465,0.0917431190609932,1.0,0.9900000095367432
YLR158C,YDR486C,0,-0.28012335,0.09173469990491867,1.0,0.9901000261306763
YIL125W,YJL102W,0,-0.28112411,0.09172628819942474,1.0,0.9901999831199646
YBR267W,YGL123W,0,-0.2813124,0.09171787649393082,1.0,0.9902999997138977
YML070W,YOR374W,0,-0.28153044,0.09170946478843689,1.0,0.9904000163078308
YER091C,YMR012W,0,-0.28310877,0.09170105308294296,1.0,0.9904999732971191
YDR074W,YFR015C,0,-0.28621066,0.09169264882802963,1.0,0.9905999898910522
YIL078W,YCL031C,0,-0.28689826,0.0916842371225357,1.0,0.9907000064849854
YML106W,YGR191W,0,-0.28788155,0.09167583286762238,1.0,0.9908000230789185
YGR191W,YJL121C,0,-0.2959988,0.09166742861270905,1.0,0.9908999800682068
YMR290C,YNL248C,0,-0.30209517,0.09165903180837631,1.0,0.9909999966621399
YPL220W,YOR043W,0,-0.3073098,0.09165062755346298,1.0,0.991100013256073
YMR307W,YGR191W,0,-0.30772114,0.09164223074913025,1.0,0.9911999702453613
YDR418W,YPL160W,0,-0.30777895,0.09163383394479752,1.0,0.9912999868392944
YLL001W,YMR152W,0,-0.31332076,0.09162543714046478,1.0,0.9914000034332275
YER044C,YIL124W,0,-0.315305,0.09161704033613205,1.0,0.9915000200271606
YJR145C,YIL078W,0,-0.31868792,0.09160865098237991,1.0,0.991599977016449
YDR101C,YML063W,0,-0.32036692,0.09160025417804718,1.0,0.9916999936103821
YOR278W,YOR348C,0,-0.32315487,0.09159186482429504,1.0,0.9918000102043152
YGR123C,YAL025C,0,-0.32792568,0.09158347547054291,1.0,0.9919000267982483
YLR172C,YKL143W,0,-0.32974416,0.09157509356737137,1.0,0.9919999837875366
YJR121W,YDR342C,0,-0.3367988,0.09156670421361923,1.0,0.9921000003814697
YJR009C,YHR136C,0,-0.3409301,0.09155832231044769,1.0,0.9922000169754028
YOR116C,YOR224C,0,-0.34646004,0.09154994040727615,1.0,0.9922999739646912
YDR270W,YML042W,0,-0.34822875,0.09154155850410461,1.0,0.9923999905586243
YER086W,YAL003W,0,-0.35103297,0.09153318405151367,1.0,0.9925000071525574
YKR059W,YDL184C,0,-0.35588682,0.09152480214834213,1.0,0.9926000237464905
YMR297W,YDR032C,0,-0.35824764,0.09151642769575119,1.0,0.9926999807357788
YBR267W,YML063W,0,-0.36050868,0.09150805324316025,1.0,0.9927999973297119
YDR465C,YJL121C,0,-0.36112738,0.0914996787905693,1.0,0.992900013923645
YNL292W,YBR267W,0,-0.36435992,0.09149131178855896,1.0,0.9929999709129333
YNL001W,YMR303C,0,-0.36878544,0.09148293733596802,1.0,0.9930999875068665
YLR287C-A,YAL025C,0,-0.37340295,0.09147457033395767,1.0,0.9932000041007996
YOR116C,YNL248C,0,-0.37559843,0.09146620333194733,1.0,0.9933000206947327
YBL075C,YOL117W,0,-0.37633073,0.09145783632993698,1.0,0.993399977684021
YPR102C,YJL125C,0,-0.38107634,0.09144947677850723,1.0,0.9934999942779541
YGR088W,YIL125W,0,-0.38200235,0.09144110977649689,1.0,0.9936000108718872
YLR186W,YNL151C,0,-0.3871045,0.09143275022506714,1.0,0.9937000274658203
YIR037W,YDR077W,0,-0.38941282,0.09142439067363739,1.0,0.9937999844551086
YDL130W-A,YDR298C,0,-0.39064652,0.09141603112220764,1.0,0.9939000010490417
YOL065C,YFR015C,0,-0.3915636,0.09140767902135849,1.0,0.9940000176429749
YDL051W,YOL077C,0,-0.39568132,0.09139932692050934,1.0,0.9940999746322632
YHR021C,YER099C,0,-0.4028327,0.09139096736907959,1.0,0.9941999912261963
YJR094W-A,YOR369C,0,-0.40283525,0.09138262271881104,1.0,0.9943000078201294
YBL024W,YBL054W,0,-0.40308428,0.09137427061796188,1.0,0.9944000244140625
YGL191W,YIL155C,0,-0.4063549,0.09136591851711273,1.0,0.9944999814033508
YER131W,YBR142W,0,-0.40875918,0.09135757386684418,1.0,0.9945999979972839
YMR297W,YLR327C,0,-0.41844445,0.09134922921657562,1.0,0.994700014591217
YML054C,YPR184W,0,-0.4213432,0.09134088456630707,1.0,0.9947999715805054
YDL136W,YJL190C,0,-0.43071502,0.09133253991603851,1.0,0.9948999881744385
YER114C,YMR303C,0,-0.43697476,0.09132420271635056,1.0,0.9950000047683716
YGR123C,YPL220W,0,-0.43802065,0.091315858066082,1.0,0.9951000213623047
YML094W,YPR102C,0,-0.4513657,0.09130752086639404,1.0,0.995199978351593
YJR104C,YJR059W,0,-0.45579392,0.09129919111728668,1.0,0.9952999949455261
YCR072C,YJL189W,0,-0.4889139,0.09129085391759872,1.0,0.9954000115394592
YJL164C,YDR096W,0,-0.48979878,0.09128251671791077,1.0,0.9955000281333923
YHR184W,YMR303C,0,-0.49304593,0.0912741869688034,1.0,0.9955999851226807
YPL019C,YDR297W,0,-0.49545932,0.09126585721969604,1.0,0.9957000017166138
YML042W,YPR184W,0,-0.4979697,0.09125752747058868,1.0,0.9958000183105469
YMR142C,YLR448W,0,-0.5012604,0.09124920517206192,1.0,0.9958999752998352
YHR025W,YOL077C,0,-0.5033148,0.09124087542295456,1.0,0.9959999918937683
YOR224C,YJR016C,0,-0.50428087,0.0912325531244278,1.0,0.9961000084877014
YDL204W,YGL141W,0,-0.504502,0.09122423082590103,1.0,0.9962000250816345
YJL148W,YMR303C,0,-0.5062027,0.09121590852737427,1.0,0.9962999820709229
YMR307W,YNL308C,0,-0.50830406,0.0912075862288475,1.0,0.996399998664856
YBR286W,YML042W,0,-0.5210606,0.09119927138090134,1.0,0.9965000152587891
YJL048C,YCR004C,0,-0.5499165,0.09119095653295517,1.0,0.9965999722480774
YNL248C,YGR200C,0,-0.55228,0.091182641685009,1.0,0.9966999888420105
YDR465C,YJL133W,0,-0.5555325,0.09117432683706284,1.0,0.9968000054359436
YOR348C,YPL111W,0,-0.5605308,0.09116601198911667,1.0,0.9969000220298767
YKL143W,YJL189W,0,-0.5622801,0.0911577045917511,1.0,0.996999979019165
YPR102C,YDL082W,0,-0.56696206,0.09114939719438553,1.0,0.9970999956130981
YDR418W,YGL123W,0,-0.5713613,0.09114108979701996,1.0,0.9972000122070312
YEL054C,YDL060W,0,-0.571937,0.09113278239965439,1.0,0.9973000288009644
YLL011W,YLR172C,0,-0.57253957,0.09112447500228882,1.0,0.9973999857902527
YML054C,YDR116C,0,-0.58447194,0.09111617505550385,1.0,0.9975000023841858
YBL075C,YIL113W,0,-0.5979469,0.09110787510871887,1.0,0.9976000189781189
YFR003C,YBL064C,0,-0.6033904,0.0910995751619339,1.0,0.9976999759674072
YML054C,YBL037W,0,-0.6187851,0.09109127521514893,1.0,0.9977999925613403
YHR116W,YKL109W,0,-0.6423547,0.09108297526836395,1.0,0.9979000091552734
YJL048C,YPL154C,0,-0.6434389,0.09107468277215958,1.0,0.9980000257492065
YLR448W,YGR162W,0,-0.67828304,0.0910663902759552,1.0,0.9980999827384949
YMR056C,YIL155C,0,-0.6821964,0.09105809777975082,1.0,0.998199999332428
YNL119W,YGR158C,0,-0.68752515,0.09104980528354645,1.0,0.9983000159263611
YPR132W,YBR267W,0,-0.6880382,0.09104151278734207,1.0,0.9983999729156494
YGR162W,YNL096C,0,-0.69328225,0.09103322774171829,1.0,0.9984999895095825
YPR132W,YGR162W,0,-0.70114434,0.09102494269609451,1.0,0.9986000061035156
YGR088W,YCR004C,0,-0.7083831,0.09101665765047073,1.0,0.9987000226974487
YBL039C,YOR337W,0,-0.7483269,0.09100837260484695,1.0,0.9987999796867371
YDL166C,YBR267W,0,-0.7578722,0.09100008755922318,1.0,0.9988999962806702
YDR032C,YIL124W,0,-0.76461804,0.09099180996417999,1.0,0.9990000128746033
YML042W,YKR009C,0,-0.79950285,0.09098353236913681,1.0,0.9991000294685364
YIL155C,YKL195W,0,-0.89669836,0.09097525477409363,1.0,0.9991999864578247
YLR370C,YBL064C,0,-0.91226745,0.09096697717905045,1.0,0.9993000030517578
YJL033W,YLR343W,0,-0.91507757,0.09095870703458786,1.0,0.9994000196456909
YDR342C,YBR185C,0,-0.95351446,0.09095042943954468,1.0,0.9994999766349792
YLR343W,YOL140W,0,-0.9961139,0.09094215929508209,1.0,0.9995999932289124
YGR088W,YMR311C,0,-1.0878036,0.0909338891506195,1.0,0.9997000098228455
YOL071W,YIL124W,0,-1.1451519,0.09092562645673752,1.0,0.9998000264167786
YLR343W,YDR060W,0,-1.2464556,0.09091735631227493,1.0,0.9998999834060669
YHR052W,YOR306C,0,-1.776869,0.09090909361839294,1.0,1.0
