Gene A,Gene B,Label,Score,Precision,Recall,False Positive Rate
YGR140W,YMR048W,0,8.276912,0.0,0.0,0.00010008006211137399
YPR135W,YLR442C,1,7.285348,0.5,0.0009920635493472219,0.00010008006211137399
YPR135W,YDR279W,1,7.157335,0.6666666865348816,0.0019841270986944437,0.00010008006211137399
YLR103C,YEL061C,0,6.870347,0.5,0.0019841270986944437,0.00020016012422274798
YAR008W,YMR078C,0,6.63218,0.4000000059604645,0.0019841270986944437,0.00030024017905816436
YPL124W,YPL082C,0,6.566938,0.3333333432674408,0.0019841270986944437,0.00040032024844549596
YPR135W,YOR330C,1,6.3352118,0.4285714328289032,0.0029761905316263437,0.00040032024844549596
YPL055C,YDL102W,1,6.2622175,0.5,0.003968254197388887,0.00040032024844549596
YGL201C,YDR013W,1,6.2280025,0.5555555820465088,0.004960317630320787,0.00040032024844549596
YOR279C,YJL194W,1,6.1618977,0.6000000238418579,0.0059523810632526875,0.00040032024844549596
YGL201C,YBL023C,1,6.062274,0.6363636255264282,0.0069444444961845875,0.00040032024844549596
YMR075W,YDR217C,1,5.9698973,0.6666666865348816,0.007936508394777775,0.00040032024844549596
YDR097C,YPL153C,1,5.931981,0.692307710647583,0.008928571827709675,0.00040032024844549596
YIL131C,YOL006C,1,5.801065,0.7142857313156128,0.009920635260641575,0.00040032024844549596
YBR217W,YKR008W,0,5.7951517,0.6666666865348816,0.009920635260641575,0.0005004003178328276
YDR179C,YER114C,0,5.7625346,0.625,0.009920635260641575,0.0006004803581163287
YPR135W,YBR088C,1,5.7427797,0.6470588445663452,0.010912698693573475,0.0006004803581163287
YMR078C,YNL262W,1,5.7246556,0.6666666865348816,0.011904762126505375,0.0006004803581163287
YDL102W,YNL218W,1,5.707294,0.6842105388641357,0.012896825559437275,0.0006004803581163287
YDR052C,YDR013W,1,5.634661,0.699999988079071,0.013888888992369175,0.0006004803581163287
YPR135W,YCL061C,1,5.6308427,0.7142857313156128,0.014880952425301075,0.0006004803581163287
YOL006C,YMR234W,1,5.6228576,0.7272727489471436,0.01587301678955555,0.0006004803581163287
YNL273W,YLR103C,1,5.578482,0.739130437374115,0.01686508022248745,0.0006004803581163287
YDR052C,YGL251C,1,5.5026875,0.75,0.01785714365541935,0.0006004803581163287
YLR103C,YDL102W,1,5.492695,0.7599999904632568,0.01884920708835125,0.0006004803581163287
YOL094C,YMR075W,1,5.475602,0.7692307829856873,0.01984127052128315,0.0006004803581163287
YKL108W,YLL004W,1,5.4668684,0.7777777910232544,0.02083333395421505,0.0006004803581163287
YNL312W,YDR013W,1,5.4651985,0.7857142686843872,0.02182539738714695,0.0006004803581163287
YPR175W,YPL153C,1,5.4629197,0.7931034564971924,0.02281746082007885,0.0006004803581163287
YDL070W,YHR153C,0,5.443874,0.7666666507720947,0.02281746082007885,0.0007005604566074908
YLR274W,YPR046W,0,5.349784,0.7419354915618896,0.02281746082007885,0.0008006404968909919
YDR097C,YLR103C,1,5.3344774,0.75,0.02380952425301075,0.0008006404968909919
YMR075W,YKL108W,1,5.328559,0.7575757503509521,0.02480158768594265,0.0008006404968909919
YPR120C,YNL218W,1,5.3169093,0.7647058963775635,0.02579365111887455,0.0008006404968909919
YFR027W,YML065W,1,5.315089,0.7714285850524902,0.02678571455180645,0.0008006404968909919
YDR013W,YJR068W,1,5.2829294,0.7777777910232544,0.02777777798473835,0.0008006404968909919
YHR031C,YAR007C,1,5.2811584,0.7837837934494019,0.02876984141767025,0.0008006404968909919
YBL035C,YMR078C,1,5.2632766,0.7894737124443054,0.02976190485060215,0.0008006404968909919
YHR031C,YNL218W,1,5.260951,0.7948718070983887,0.03075396828353405,0.0008006404968909919
YNL273W,YOR330C,1,5.231678,0.800000011920929,0.0317460335791111,0.0008006404968909919
YOL006C,YML065W,1,5.229921,0.8048780560493469,0.032738097012043,0.0008006404968909919
YMR078C,YBR087W,1,5.226899,0.8095238208770752,0.0337301604449749,0.0008006404968909919
YDL102W,YNL290W,1,5.2091284,0.8139534592628479,0.0347222238779068,0.0008006404968909919
YBR057C,YEL032W,1,5.1560783,0.8181818127632141,0.0357142873108387,0.0008006404968909919
YKL113C,YIL131C,1,5.144402,0.8222222328186035,0.0367063507437706,0.0008006404968909919
YNL218W,YDR489W,1,5.1313176,0.8260869383811951,0.0376984141767025,0.0008006404968909919
YDR386W,YMR078C,0,5.116286,0.8085106611251831,0.0376984141767025,0.000900720595382154
YPR175W,YOL006C,1,5.108823,0.8125,0.0386904776096344,0.000900720595382154
YHR167W,YBL009W,0,5.0930943,0.795918345451355,0.0386904776096344,0.0010008006356656551
YHR153C,YMR224C,0,5.0893607,0.7799999713897705,0.0386904776096344,0.0011008806759491563
YFR027W,YGL201C,1,5.0889063,0.7843137383460999,0.0396825410425663,0.0011008806759491563
YNL273W,YBR087W,1,5.0715666,0.7884615659713745,0.0406746044754982,0.0011008806759491563
YDR013W,YBR274W,1,5.0584536,0.7924528121948242,0.0416666679084301,0.0011008806759491563
YMR075W,YJR068W,1,5.0569773,0.7962962985038757,0.042658731341362,0.0011008806759491563
YNL041C,YDR280W,0,5.05373,0.7818182110786438,0.042658731341362,0.0012009607162326574
YDL017W,YNL262W,1,5.0252995,0.7857142686843872,0.0436507947742939,0.0012009607162326574
YBR098W,YDL042C,1,5.0162497,0.7894737124443054,0.0446428582072258,0.0012009607162326574
YMR078C,YBR202W,1,4.9906006,0.7931034564971924,0.0456349216401577,0.0012009607162326574
YBR278W,YNL102W,1,4.9735336,0.7966101765632629,0.0466269850730896,0.0012009607162326574
YML060W,YOL006C,0,4.971893,0.7833333611488342,0.0466269850730896,0.0013010408729314804
YOL094C,YJR068W,1,4.9555836,0.7868852615356445,0.0476190485060215,0.0013010408729314804
YAR007C,YDR013W,1,4.9316664,0.7903226017951965,0.0486111119389534,0.0013010408729314804
YKL045W,YDR110W,1,4.923458,0.7936508059501648,0.0496031753718853,0.0013010408729314804
YPR175W,YIL131C,1,4.897917,0.796875,0.0505952388048172,0.0013010408729314804
YGL113W,YJL194W,1,4.8864365,0.800000011920929,0.0515873022377491,0.0013010408729314804
YDL017W,YLL004W,1,4.852807,0.8030303120613098,0.052579365670681,0.0013010408729314804
YIL020C,YIL144W,0,4.805074,0.7910447716712952,0.052579365670681,0.0014011209132149816
YGR109C,YNL218W,1,4.800811,0.7941176295280457,0.0535714291036129,0.0014011209132149816
YDR121W,YPL016W,1,4.7879047,0.7971014380455017,0.0545634925365448,0.0014011209132149816
YLR321C,YKL108W,1,4.786021,0.800000011920929,0.0555555559694767,0.0014011209132149816
YBL035C,YBR088C,1,4.7710876,0.8028169274330139,0.0565476194024086,0.0014011209132149816
YDL042C,YJL194W,1,4.7619286,0.8055555820465088,0.0575396828353405,0.0014011209132149816
YKL173W,YMR078C,0,4.7593737,0.7945205569267273,0.0575396828353405,0.0015012009534984827
YGL061C,YER029C,0,4.744884,0.7837837934494019,0.0575396828353405,0.0016012809937819839
YOL069W,YJR067C,0,4.717476,0.7733333110809326,0.0575396828353405,0.001701361034065485
YBL035C,YNL218W,1,4.7034163,0.7763158082962036,0.0585317462682724,0.001701361034065485
YDR052C,YNL262W,1,4.6972294,0.7792207598686218,0.0595238097012043,0.001701361034065485
YPL055C,YMR048W,1,4.6910553,0.7820512652397156,0.0605158731341362,0.001701361034065485
YGL201C,YPR135W,1,4.6804833,0.7848101258277893,0.0615079365670681,0.001701361034065485
YMR207C,YKR095W,0,4.6757298,0.7749999761581421,0.0615079365670681,0.001801441190764308
YJL194W,YBR275C,1,4.673585,0.7777777910232544,0.0625,0.001801441190764308
YFR027W,YBR276C,1,4.6701474,0.7804877758026123,0.0634920671582222,0.001801441190764308
YDR303C,YDL102W,1,4.6600018,0.7831325531005859,0.0644841268658638,0.001801441190764308
YOR279C,YBR275C,1,4.6599736,0.7857142686843872,0.065476194024086,0.001801441190764308
YJL090C,YKL108W,1,4.64799,0.7882353067398071,0.0664682537317276,0.001801441190764308
YPL167C,YKL108W,1,4.6440687,0.7906976938247681,0.0674603208899498,0.001801441190764308
YMR234W,YBL035C,1,4.6300297,0.7931034564971924,0.0684523805975914,0.001801441190764308
YDR478W,YCL029C,0,4.6128983,0.7840909361839294,0.0684523805975914,0.0019015212310478091
YOL090W,YDR279W,1,4.5842123,0.7865168452262878,0.0694444477558136,0.0019015212310478091
YPR083W,YHR085W,0,4.575295,0.7777777910232544,0.0694444477558136,0.0020016012713313103
YML061C,YLR103C,1,4.5576525,0.7802197933197021,0.0704365074634552,0.0020016012713313103
YDR179C,YMR077C,0,4.550063,0.77173912525177,0.0704365074634552,0.0021016814280301332
YDR013W,YNL262W,1,4.534045,0.774193525314331,0.0714285746216774,0.0021016814280301332
YOR144C,YNL290W,1,4.5269265,0.7765957713127136,0.072420634329319,0.0021016814280301332
YBR228W,YDR110W,1,4.5190415,0.7789473533630371,0.0734127014875412,0.0021016814280301332
YPR135W,YBR202W,1,4.5125427,0.78125,0.0744047611951828,0.0021016814280301332
YDR356W,YNL054W,0,4.509804,0.7731958627700806,0.0744047611951828,0.0022017613518983126
YDL105W,YJL041W,0,4.5056934,0.7653061151504517,0.0744047611951828,0.0023018415085971355
YMR078C,YDR279W,1,4.5026627,0.7676767706871033,0.075396828353405,0.0023018415085971355
YIL144W,YER104W,0,4.4998007,0.7599999904632568,0.075396828353405,0.002401921432465315
YDR179C,YFL017C,0,4.4990196,0.7524752616882324,0.075396828353405,0.002502001589164138
YGR109C,YBR060C,1,4.486099,0.7549019455909729,0.0763888880610466,0.002502001589164138
YEL032W,YBR275C,1,4.4674253,0.7572815418243408,0.0773809552192688,0.002502001589164138
YJL036W,YDR532C,0,4.4637923,0.75,0.0773809552192688,0.002602081745862961
YIL118W,YOL145C,0,4.4598804,0.7428571581840515,0.0773809552192688,0.00270216166973114
YBR057C,YPR135W,1,4.4512606,0.7452830076217651,0.0783730149269104,0.00270216166973114
YPR179C,YBR289W,0,4.451174,0.7383177280426025,0.0783730149269104,0.002802241826429963
YBR278W,YDR310C,1,4.450692,0.7407407164573669,0.0793650820851326,0.002802241826429963
YFR027W,YBL023C,1,4.4472637,0.7431192398071289,0.0803571417927742,0.002802241826429963
YKL022C,YDR013W,1,4.4459596,0.7454545497894287,0.0813492089509964,0.002802241826429963
YPR175W,YNL068C,1,4.4408255,0.7477477192878723,0.082341268658638,0.002802241826429963
YDR002W,YDL028C,0,4.439907,0.7410714030265808,0.082341268658638,0.0029023217502981424
YJR144W,YDR489W,0,4.4389257,0.7345132827758789,0.082341268658638,0.0030024019069969654
YPR111W,YIR011C,0,4.4341383,0.7280701994895935,0.082341268658638,0.0031024820636957884
YML098W,YBR055C,0,4.4329147,0.7217391133308411,0.082341268658638,0.0032025619875639677
YEL032W,YJL173C,1,4.42788,0.7241379022598267,0.0833333358168602,0.0032025619875639677
YER183C,YJL176C,0,4.422411,0.7179487347602844,0.0833333358168602,0.0033026421442627907
YIL150C,YBR228W,1,4.4184227,0.7203390002250671,0.0843253955245018,0.0033026421442627907
YOR144C,YOL090W,1,4.416567,0.7226890921592712,0.085317462682724,0.0033026421442627907
YGL201C,YOL146W,1,4.4153914,0.7250000238418579,0.0863095223903656,0.0033026421442627907
YKR101W,YLR103C,0,4.413998,0.7190082669258118,0.0863095223903656,0.00340272206813097
YPR135W,YDR121W,1,4.4119253,0.7213114500045776,0.0873015895485878,0.00340272206813097
YBR098W,YGL113W,1,4.40681,0.7235772609710693,0.0882936492562294,0.00340272206813097
YDL104C,YCL024W,0,4.405555,0.7177419066429138,0.0882936492562294,0.003502802224829793
YPR162C,YDR121W,1,4.4024496,0.7200000286102295,0.0892857164144516,0.003502802224829793
YDR121W,YDR013W,1,4.3918805,0.7222222089767456,0.0902777761220932,0.003502802224829793
YLR321C,YGL086W,0,4.3904037,0.7165354490280151,0.0902777761220932,0.003602882381528616
YJR006W,YKL108W,1,4.385872,0.71875,0.0912698432803154,0.003602882381528616
YDL017W,YOR144C,1,4.385755,0.7209302186965942,0.092261902987957,0.003602882381528616
YJL090C,YDR013W,1,4.383954,0.7230769395828247,0.0932539701461792,0.003602882381528616
YKL113C,YFR027W,1,4.377449,0.7251908183097839,0.0942460298538208,0.003602882381528616
YJL090C,YDL102W,1,4.3599567,0.7272727489471436,0.095238097012043,0.003602882381528616
YJL090C,YMR048W,1,4.3520803,0.7293233275413513,0.0962301567196846,0.003602882381528616
YOR279C,YHR118C,1,4.3469067,0.7313432693481445,0.0972222238779068,0.003602882381528616
YBR228W,YOR330C,1,4.344832,0.7333333492279053,0.0982142835855484,0.003602882381528616
YGR109C,YPR120C,1,4.341448,0.7352941036224365,0.0992063507437706,0.003602882381528616
YNL102W,YAR007C,1,4.3410926,0.7372262477874756,0.1001984104514122,0.003602882381528616
YPL153C,YCR092C,1,4.3392653,0.739130437374115,0.1011904776096344,0.003602882381528616
YDL042C,YDR217C,1,4.3352876,0.7410072088241577,0.102182537317276,0.003602882381528616
YJR006W,YBR088C,1,4.331686,0.7428571581840515,0.1031746044754982,0.003602882381528616
YBR098W,YDL102W,1,4.3282,0.7446808218955994,0.1041666641831398,0.003602882381528616
YDR303C,YDR121W,1,4.3237276,0.7464788556098938,0.105158731341362,0.003602882381528616
YJR092W,YIL016W,0,4.307171,0.7412587404251099,0.105158731341362,0.0037029623053967953
YPL167C,YOR144C,1,4.304118,0.7430555820465088,0.1061507910490036,0.0037029623053967953
YJR068W,YIR002C,1,4.2925997,0.7448275685310364,0.1071428582072258,0.0037029623053967953
YDL102W,YDL017W,1,4.2900877,0.7465753555297852,0.1081349179148674,0.0037029623053967953
YIR025W,YBL063W,0,4.276331,0.7414966225624084,0.1081349179148674,0.0038030424620956182
YKL022C,YBL035C,1,4.2757854,0.7432432174682617,0.1091269850730896,0.0038030424620956182
YDL102W,YIR002C,1,4.2734137,0.744966447353363,0.1101190447807312,0.0038030424620956182
YKL113C,YJL168C,1,4.269202,0.746666669845581,0.1111111119389534,0.0038030424620956182
YDL042C,YCL016C,1,4.2682953,0.748344361782074,0.112103171646595,0.0038030424620956182
YLR321C,YML065W,1,4.258481,0.75,0.1130952388048172,0.0038030424620956182
YPR152C,YNL221C,0,4.2525606,0.7450980544090271,0.1130952388048172,0.0039031223859637976
YPL146C,YDR419W,0,4.2466345,0.7402597665786743,0.1130952388048172,0.0040032025426626205
YDR227W,YGL246C,0,4.245578,0.7354838848114014,0.1130952388048172,0.0041032824665308
YMR117C,YKL172W,0,4.2398763,0.7307692170143127,0.1130952388048172,0.0042033628560602665
YBL035C,YBR228W,1,4.2322545,0.7324841022491455,0.1140872985124588,0.0042033628560602665
YOR080W,YCL061C,1,4.209379,0.7341772317886353,0.115079365670681,0.0042033628560602665
YGL113W,YDR110W,1,4.207222,0.7358490824699402,0.1160714253783226,0.0042033628560602665
YDR303C,YJL168C,1,4.2004356,0.737500011920929,0.1170634925365448,0.0042033628560602665
YNL102W,YMR190C,1,4.200179,0.739130437374115,0.1180555522441864,0.0042033628560602665
YMR231W,YMR294W,0,4.1990976,0.7345678806304932,0.1180555522441864,0.004303442779928446
YLR381W,YBR228W,1,4.1935434,0.7361963391304016,0.1190476194024086,0.004303442779928446
YDR013W,YDR373W,0,4.192422,0.7317073345184326,0.1190476194024086,0.004403522703796625
YPR135W,YHR085W,1,4.182583,0.7333333492279053,0.1200396791100502,0.004403522703796625
YKL113C,YPR162C,1,4.180689,0.7349397540092468,0.1210317462682724,0.004403522703796625
YMR075W,YOR144C,1,4.1758785,0.7365269660949707,0.122023805975914,0.004403522703796625
YOR258W,YAL021C,0,4.172966,0.7321428656578064,0.122023805975914,0.004503603093326092
YLR135W,YCL061C,1,4.167437,0.7337278127670288,0.1230158731341362,0.004503603093326092
YGL183C,YKR104W,0,4.164943,0.729411780834198,0.1230158731341362,0.004603683017194271
YER005W,YPL253C,0,4.164737,0.7251461744308472,0.1230158731341362,0.00470376294106245
YGL066W,YDL102W,0,4.1645365,0.7209302186965942,0.1230158731341362,0.00480384286493063
YJL194W,YJR068W,1,4.1631165,0.7225433588027954,0.1240079328417778,0.00480384286493063
YBR098W,YNL068C,1,4.161802,0.7241379022598267,0.125,0.00480384286493063
YMR228W,YIL061C,0,4.16023,0.7200000286102295,0.125,0.004903923254460096
YLR442C,YHR085W,1,4.154256,0.7215909361839294,0.1259920597076416,0.004903923254460096
YOR279C,YDR310C,1,4.1398573,0.7231638431549072,0.1269841343164444,0.004903923254460096
YML005W,YDR478W,0,4.1311417,0.7191011309623718,0.1269841343164444,0.005004003178328276
YGR262C,YMR294W,0,4.1251,0.7150837779045105,0.1269841343164444,0.005104083102196455
YMR075W,YJL173C,1,4.1109867,0.7166666388511658,0.127976194024086,0.005104083102196455
YNL273W,YBR288C,0,4.095749,0.7127071619033813,0.127976194024086,0.005204163491725922
YKL113C,YHR118C,1,4.0908813,0.7142857313156128,0.1289682537317276,0.005204163491725922
YHL013C,YGR074W,0,4.089769,0.7103825211524963,0.1289682537317276,0.005304243415594101
YLR405W,YKR101W,0,4.0808,0.70652174949646,0.1289682537317276,0.00540432333946228
YLR135W,YDR279W,1,4.069606,0.708108127117157,0.1299603134393692,0.00540432333946228
YOL021C,YOR279C,0,4.068217,0.7043010592460632,0.1299603134393692,0.005504403728991747
YDR140W,YJL176C,0,4.0680256,0.7005347609519958,0.1299603134393692,0.005604483652859926
YDR179C,YBR289W,0,4.065528,0.6968085169792175,0.1299603134393692,0.0057045635767281055
YDL001W,YBR114W,0,4.065255,0.6931216716766357,0.1299603134393692,0.005804643500596285
YFR027W,YFR013W,0,4.060646,0.6894736886024475,0.1299603134393692,0.0059047238901257515
YDR179C,YOR151C,0,4.0556192,0.6858638525009155,0.1299603134393692,0.006004803813993931
YML065W,YDR217C,1,4.0466633,0.6875,0.130952388048172,0.006004803813993931
YPL175W,YBR073W,0,4.042903,0.6839378476142883,0.130952388048172,0.00610488373786211
YGR186W,YGR271W,0,4.0380545,0.6804123520851135,0.130952388048172,0.006204964127391577
YER173W,YMR005W,0,4.0303993,0.6769230961799622,0.130952388048172,0.006305044051259756
YPR055W,YNL091W,0,4.0213637,0.6734693646430969,0.130952388048172,0.006405123975127935
YOL090W,YKL108W,1,4.018233,0.6751269102096558,0.1319444477558136,0.006405123975127935
YLR320W,YLR381W,1,4.0161214,0.6767676472663879,0.1329365074634552,0.006405123975127935
YBL035C,YHR085W,1,4.014176,0.6783919334411621,0.1339285671710968,0.006405123975127935
YER116C,YKL114C,0,4.009242,0.675000011920929,0.1339285671710968,0.006505204364657402
YOR144C,YLL004W,1,4.0087485,0.676616907119751,0.1349206417798996,0.006505204364657402
YIL131C,YDL074C,1,4.001507,0.6782178282737732,0.1359127014875412,0.006505204364657402
YDL102W,YJR068W,1,3.9991603,0.6798029541969299,0.1369047611951828,0.006505204364657402
YJL024C,YDR227W,0,3.9985685,0.6764705777168274,0.1369047611951828,0.006605284288525581
YLR182W,YPL011C,0,3.9953694,0.6731707453727722,0.1369047611951828,0.006705364212393761
YMR078C,YLR002C,1,3.9925852,0.6747573018074036,0.1378968209028244,0.006705364212393761
YPL153C,YLR135W,1,3.9904494,0.6763284802436829,0.1388888955116272,0.006705364212393761
YOR078W,YFL008W,0,3.9821448,0.6730769276618958,0.1388888955116272,0.00680544413626194
YAL021C,YPR135W,1,3.9819136,0.6746411323547363,0.1398809552192688,0.00680544413626194
YKL042W,YBL034C,0,3.9806652,0.6714285612106323,0.1398809552192688,0.006905524525791407
YDL017W,YHR118C,1,3.9796014,0.6729857921600342,0.1408730149269104,0.006905524525791407
YBR098W,YCL061C,1,3.977911,0.6745283007621765,0.141865074634552,0.006905524525791407
YMR075W,YJL194W,1,3.9776983,0.6760563254356384,0.1428571492433548,0.006905524525791407
YDR121W,YJL194W,1,3.9763017,0.677570104598999,0.1438492089509964,0.006905524525791407
YEL032W,YLR320W,1,3.975438,0.6790697574615479,0.144841268658638,0.006905524525791407
YDR311W,YMR294W,0,3.9744105,0.6759259104728699,0.144841268658638,0.007005604449659586
YPR152C,YDR379W,0,3.9713688,0.6728110313415527,0.144841268658638,0.007105684373527765
YDR052C,YDR489W,1,3.9707727,0.6743119359016418,0.1458333283662796,0.007105684373527765
YNL273W,YJL194W,1,3.9643712,0.6757990717887878,0.1468254029750824,0.007105684373527765
YJL025W,YLR263W,0,3.9629698,0.6727272868156433,0.1468254029750824,0.007205764763057232
YOR005C,YNL262W,1,3.9543743,0.6742081642150879,0.147817462682724,0.007205764763057232
YJR089W,YNL245C,0,3.9469025,0.6711711883544922,0.147817462682724,0.007305844686925411
YAL015C,YMR075W,1,3.945868,0.6726457476615906,0.1488095223903656,0.007305844686925411
YJL194W,YBR136W,1,3.9320254,0.6741071343421936,0.1498015820980072,0.007305844686925411
YDR386W,YBR240C,0,3.9320078,0.6711111068725586,0.1498015820980072,0.0074059246107935905
YDL074C,YBR228W,1,3.9246635,0.6725663542747498,0.15079365670681,0.0074059246107935905
YLR182W,YDR201W,0,3.9232183,0.6696035265922546,0.15079365670681,0.007506005000323057
YAL019W,YLR033W,0,3.9197173,0.6666666865348816,0.15079365670681,0.0076060849241912365
YER111C,YGR271W,0,3.919143,0.663755476474762,0.15079365670681,0.007706164848059416
YOR005C,YBR228W,1,3.917367,0.665217399597168,0.1517857164144516,0.007706164848059416
YBR098W,YEL032W,1,3.9134872,0.6666666865348816,0.1527777761220932,0.007706164848059416
YOR005C,YDR013W,1,3.912499,0.6681034564971924,0.1537698358297348,0.007706164848059416
YLR274W,YLR320W,1,3.9102407,0.6695278882980347,0.1547619104385376,0.007706164848059416
YDR365C,YER173W,0,3.9065666,0.6666666865348816,0.1547619104385376,0.007806244771927595
YIL130W,YPR135W,0,3.9039817,0.6638298034667969,0.1547619104385376,0.007906325161457062
YPR175W,YBL023C,1,3.9034414,0.6652542352676392,0.1557539701461792,0.007906325161457062
YNL273W,YLR277C,0,3.9028,0.6624472737312317,0.1557539701461792,0.008006405085325241
YPL153C,YPL167C,1,3.899638,0.6638655662536621,0.1567460298538208,0.008006405085325241
YOR279C,YGR113W,0,3.8969383,0.6610878705978394,0.1567460298538208,0.00810648500919342
YMR285C,YGL086W,0,3.8961365,0.6583333611488342,0.1567460298538208,0.0082065649330616
YBR088C,YIR008C,1,3.89498,0.6597510576248169,0.1577380895614624,0.0082065649330616
YBL023C,YPR164W,1,3.89497,0.6611570119857788,0.1587301641702652,0.0082065649330616
YDR364C,YDR303C,0,3.8795583,0.6584362387657166,0.1587301641702652,0.008306644856929779
YNL102W,YOR330C,1,3.8788357,0.6598360538482666,0.1597222238779068,0.008306644856929779
YPL055C,YGL113W,1,3.8755083,0.6612244844436646,0.1607142835855484,0.008306644856929779
YNL103W,YNL102W,0,3.8738914,0.6585366129875183,0.1607142835855484,0.008406725712120533
YLR103C,YNL330C,1,3.8686042,0.659919023513794,0.16170634329319,0.008406725712120533
YGL201C,YLR442C,1,3.8647277,0.6612903475761414,0.1626984179019928,0.008406725712120533
YFR027W,YDR303C,1,3.8603551,0.6626505851745605,0.1636904776096344,0.008406725712120533
YKL022C,YHR118C,1,3.8602164,0.6639999747276306,0.164682537317276,0.008406725712120533
YBR136W,YKL108W,1,3.859438,0.6653386354446411,0.1656745970249176,0.008406725712120533
YBR098W,YGL251C,1,3.8576756,0.6666666865348816,0.1666666716337204,0.008406725712120533
YOR005C,YOL090W,1,3.856059,0.6679841876029968,0.167658731341362,0.008406725712120533
YHR085W,YER164W,1,3.8464692,0.6692913174629211,0.1686507910490036,0.008406725712120533
YAL034W-A,YGL061C,0,3.8388038,0.6666666865348816,0.1686507910490036,0.008506805635988712
YMR128W,YOL006C,0,3.8362567,0.6640625,0.1686507910490036,0.008606885559856892
YHR014W,YMR163C,0,3.8326893,0.661478579044342,0.1686507910490036,0.008706965483725071
YLR288C,YGL244W,0,3.8312101,0.6589147448539734,0.1686507910490036,0.00880704540759325
YLR182W,YKL020C,0,3.8166382,0.6563706398010254,0.1686507910490036,0.00890712533146143
YIL150C,YDR054C,1,3.815971,0.6576923131942749,0.1696428507566452,0.00890712533146143
YBR057C,YBR275C,1,3.815968,0.6590038537979126,0.170634925365448,0.00890712533146143
YKL113C,YIL150C,1,3.8144517,0.6603053212165833,0.1716269850730896,0.00890712533146143
YOR330C,YKL108W,1,3.8037105,0.661596953868866,0.1726190447807312,0.00890712533146143
YPL124W,YBR114W,0,3.803508,0.6590909361839294,0.1726190447807312,0.009007206186652184
YIL131C,YJR068W,1,3.8002982,0.6603773832321167,0.1736111044883728,0.009007206186652184
YHR088W,YJL194W,0,3.796989,0.6578947305679321,0.1736111044883728,0.009107286110520363
YHR118C,YOR144C,1,3.7955546,0.6591760516166687,0.1746031790971756,0.009107286110520363
YBR070C,YCR093W,0,3.791401,0.6567164063453674,0.1746031790971756,0.009207366034388542
YDL017W,YJL173C,1,3.790563,0.6579925417900085,0.1755952388048172,0.009207366034388542
YLR274W,YML065W,1,3.7902331,0.6592592597007751,0.1765872985124588,0.009207366034388542
YDR303C,YPR135W,1,3.7857141,0.660516619682312,0.1775793582201004,0.009207366034388542
YHR031C,YDR489W,1,3.7772985,0.6617646813392639,0.1785714328289032,0.009207366034388542
YFR027W,YER070W,1,3.7771227,0.66300368309021,0.1795634925365448,0.009207366034388542
YEL015W,YOR148C,0,3.7750568,0.6605839133262634,0.1795634925365448,0.009307445958256721
YGR109C,YHR118C,1,3.774156,0.6618182063102722,0.1805555522441864,0.009307445958256721
YEL032W,YJL168C,1,3.773748,0.6630434989929199,0.181547611951828,0.009307445958256721
YHR085W,YMR190C,1,3.77232,0.6642599105834961,0.1825396865606308,0.009307445958256721
YDL017W,YPL016W,1,3.7679777,0.6654676198959351,0.1835317462682724,0.009307445958256721
YOR195W,YPL193W,0,3.7662377,0.6630824208259583,0.1835317462682724,0.0094075258821249
YDL164C,YNL312W,1,3.7650533,0.6642857193946838,0.184523805975914,0.0094075258821249
YDR478W,YGL134W,0,3.7519224,0.6619216799736023,0.184523805975914,0.00950760580599308
YMR078C,YML069W,1,3.7508068,0.6631205677986145,0.1855158656835556,0.00950760580599308
YFL023W,YMR294W,0,3.7475073,0.6607773900032043,0.1855158656835556,0.00960768572986126
YPL029W,YDR110W,1,3.7470927,0.6619718074798584,0.1865079402923584,0.00960768572986126
YGL113W,YDL074C,1,3.744222,0.6631578803062439,0.1875,0.00960768572986126
YLR285W,YPL122C,0,3.73821,0.6608391404151917,0.1875,0.009707766585052013
YNL290W,YIR002C,1,3.7349896,0.6620209217071533,0.1884920597076416,0.009707766585052013
YJR006W,YBR136W,1,3.7327704,0.6631944179534912,0.1894841343164444,0.009707766585052013
YDL042C,YLL004W,1,3.7290087,0.6643598675727844,0.190476194024086,0.009707766585052013
YKL113C,YOL094C,1,3.727371,0.665517270565033,0.1914682537317276,0.009707766585052013
YGR116W,YDR082W,0,3.7214885,0.6632302403450012,0.1914682537317276,0.009807846508920193
YNL088W,YKL108W,1,3.7201886,0.664383590221405,0.1924603134393692,0.009807846508920193
YLR386W,YLR033W,0,3.7176108,0.6621160507202148,0.1924603134393692,0.009907926432788372
YML065W,YLR430W,1,3.7139096,0.6632652878761292,0.193452388048172,0.009907926432788372
YKL149C,YLR052W,0,3.699802,0.6610169410705566,0.193452388048172,0.010008006356656551
YMR078C,YNL001W,0,3.6989722,0.6587837934494019,0.193452388048172,0.01010808628052473
YPL045W,YGL246C,0,3.6942394,0.6565656661987305,0.193452388048172,0.01020816620439291
YNL088W,YDR217C,1,3.6892633,0.6577181220054626,0.1944444477558136,0.01020816620439291
YOR144C,YNL088W,1,3.686174,0.6588628888130188,0.1954365074634552,0.01020816620439291
YIL131C,YML069W,1,3.6784544,0.6600000262260437,0.1964285671710968,0.01020816620439291
YAL021C,YDR013W,1,3.666028,0.6611295938491821,0.1974206417798996,0.01020816620439291
YML074C,YBL018C,0,3.6632895,0.6589403748512268,0.1974206417798996,0.010308247059583664
YJL194W,YIR008C,1,3.6542737,0.6600660085678101,0.1984127014875412,0.010308247059583664
YIL150C,YGR048W,1,3.6492295,0.6611841917037964,0.1994047611951828,0.010308247059583664
YIL150C,YCR092C,1,3.6452675,0.6622951030731201,0.2003968209028244,0.010308247059583664
YLR117C,YDL102W,1,3.6436844,0.6633986830711365,0.2013888955116272,0.010308247059583664
YJR092W,YDR473C,0,3.6416202,0.6612377762794495,0.2013888955116272,0.010408326983451843
YDL197C,YMR277W,0,3.640944,0.6590909361839294,0.2013888955116272,0.010508406907320023
YNL072W,YDL042C,1,3.6388779,0.6601941585540771,0.2023809552192688,0.010508406907320023
YMR284W,YGL063W,0,3.6386466,0.6580645442008972,0.2023809552192688,0.010608486831188202
YOR039W,YDL150W,0,3.636938,0.6559485793113708,0.2023809552192688,0.010708566755056381
YPR175W,YER164W,1,3.6325395,0.6570512652397156,0.2033730149269104,0.010708566755056381
YHR085W,YDR013W,1,3.6306329,0.6581469774246216,0.204365074634552,0.010708566755056381
YAL047C,YMR302C,0,3.6265607,0.656050980091095,0.204365074634552,0.01080864667892456
YJR043C,YHR164C,1,3.6221657,0.6571428775787354,0.2053571492433548,0.01080864667892456
YJL074C,YCR093W,0,3.620118,0.655063271522522,0.2053571492433548,0.01090872660279274
YKR010C,YKL089W,0,3.6166258,0.652996838092804,0.2053571492433548,0.011008807457983494
YMR234W,YJR068W,1,3.6139038,0.6540880799293518,0.2063492089509964,0.011008807457983494
YDR489W,YCR092C,1,3.6120872,0.6551724076271057,0.207341268658638,0.011008807457983494
YJL036W,YKR063C,0,3.6115525,0.653124988079071,0.207341268658638,0.011108887381851673
YDR147W,YOL054W,0,3.6100442,0.6510903239250183,0.207341268658638,0.011208967305719852
YDL164C,YCL016C,1,3.6047695,0.6521739363670349,0.2083333283662796,0.011208967305719852
YOL094C,YPR135W,1,3.6024473,0.6532507538795471,0.2093254029750824,0.011208967305719852
YDR227W,YPL043W,0,3.601766,0.6512345671653748,0.2093254029750824,0.011309047229588032
YML061C,YJL173C,1,3.6009145,0.6523076891899109,0.210317462682724,0.011309047229588032
YDL006W,YOR330C,0,3.6002018,0.650306761264801,0.210317462682724,0.011409127153456211
YER159C,YJL090C,0,3.5962152,0.6483180522918701,0.210317462682724,0.01150920707732439
YNL273W,YOR217W,1,3.5942328,0.6493902206420898,0.2113095223903656,0.01150920707732439
YIL150C,YDR110W,1,3.5939808,0.6504559516906738,0.2123015820980072,0.01150920707732439
YDR423C,YCL024W,0,3.593801,0.6484848260879517,0.2123015820980072,0.01160928700119257
YNL188W,YPL241C,0,3.5935168,0.6465256810188293,0.2123015820980072,0.011709367856383324
YAR007C,YCL016C,1,3.5935116,0.6475903391838074,0.21329365670681,0.011709367856383324
YKL134C,YGR113W,0,3.589737,0.6456456184387207,0.21329365670681,0.011809447780251503
YBL023C,YNL262W,1,3.5893557,0.6467065811157227,0.2142857164144516,0.011809447780251503
YOL146W,YHR085W,1,3.5855856,0.6477611660957336,0.2152777761220932,0.011809447780251503
YPR120C,YKL089W,0,3.5850413,0.6458333134651184,0.2152777761220932,0.011909527704119682
YJL173C,YLL004W,1,3.5821283,0.6468842625617981,0.2162698358297348,0.011909527704119682
YDL017W,YBR060C,1,3.5815134,0.6479290127754211,0.2172619104385376,0.011909527704119682
YKR083C,YEL030W,0,3.5813951,0.6460176706314087,0.2172619104385376,0.012009607627987862
YIL150C,YDR311W,0,3.5812345,0.6441176533699036,0.2172619104385376,0.012109687551856041
YLR320W,YGL251C,1,3.5801425,0.6451612710952759,0.2182539701461792,0.012109687551856041
YLR138W,YGL228W,0,3.57713,0.6432748436927795,0.2182539701461792,0.01220976747572422
YPL055C,YLR381W,1,3.5758169,0.6443148851394653,0.2192460298538208,0.01220976747572422
YGL075C,YOL056W,0,3.5734296,0.6424418687820435,0.2192460298538208,0.012309848330914974
YDL042C,YML069W,1,3.5625286,0.643478274345398,0.2202380895614624,0.012309848330914974
YDR097C,YCL016C,1,3.5621357,0.6445086598396301,0.2212301641702652,0.012309848330914974
YPL038W,YLR457C,0,3.5613577,0.6426513195037842,0.2212301641702652,0.012409928254783154
YDL148C,YLR033W,0,3.5573328,0.6408045887947083,0.2212301641702652,0.012510008178651333
YGR109C,YMR190C,1,3.5514002,0.6418337821960449,0.2222222238779068,0.012510008178651333
YIL131C,YIR008C,1,3.5509233,0.6428571343421936,0.2232142835855484,0.012510008178651333
YNR011C,YMR065W,0,3.548364,0.6410256624221802,0.2232142835855484,0.012610088102519512
YEL032W,YIR002C,1,3.5419066,0.6420454382896423,0.22420634329319,0.012610088102519512
YAR007C,YBR136W,1,3.5417397,0.643059492111206,0.2251984179019928,0.012610088102519512
YJR032W,YDL010W,0,3.541241,0.6412429213523865,0.2251984179019928,0.012710168026387691
YPR083W,YJR089W,0,3.5410397,0.6394366025924683,0.2251984179019928,0.01281024795025587
YDR166C,YKL089W,0,3.537516,0.6376404762268066,0.2251984179019928,0.01291032787412405
YGR261C,YOL054W,0,3.536907,0.6358543634414673,0.2251984179019928,0.013010408729314804
YKL022C,YCL061C,1,3.5351481,0.6368715167045593,0.2261904776096344,0.013010408729314804
YOR290C,YJL173C,1,3.5325098,0.6378830075263977,0.227182537317276,0.013010408729314804
YCR042C,YER139C,0,3.5324385,0.6361111402511597,0.227182537317276,0.013110488653182983
YGR109C,YLL004W,1,3.5321987,0.6371191143989563,0.2281745970249176,0.013110488653182983
YDL175C,YDR495C,0,3.5305123,0.6353591084480286,0.2281745970249176,0.013210568577051163
YCL061C,YJL173C,1,3.5294747,0.6363636255264282,0.2291666716337204,0.013210568577051163
YNL182C,YPL181W,1,3.5173893,0.6373626589775085,0.230158731341362,0.013210568577051163
YDR416W,YGL050W,0,3.5153992,0.6356164216995239,0.230158731341362,0.013310648500919342
YBR057C,YOL004W,1,3.5107558,0.6366119980812073,0.2311507910490036,0.013310648500919342
YPL153C,YJL047C,1,3.507761,0.6376021504402161,0.2321428507566452,0.013310648500919342
YOL146W,YGL070C,0,3.504714,0.635869562625885,0.2321428507566452,0.013410728424787521
YJL168C,YOR290C,1,3.4966078,0.6368563771247864,0.233134925365448,0.013410728424787521
YDR489W,YBR228W,1,3.4960942,0.637837827205658,0.2341269850730896,0.013410728424787521
YDR303C,YGR113W,0,3.4917033,0.6361185908317566,0.2341269850730896,0.0135108083486557
YGR270W,YPL181W,0,3.4901142,0.6344085931777954,0.2341269850730896,0.01361088827252388
YDR121W,YBR274W,1,3.4774194,0.6353887319564819,0.2351190447807312,0.01361088827252388
YAR008W,YER142C,0,3.471817,0.633689820766449,0.2351190447807312,0.013710969127714634
YDR013W,YBR202W,1,3.4716449,0.6346666812896729,0.2361111044883728,0.013710969127714634
YNL123W,YFR027W,0,3.4659982,0.6329787373542786,0.2361111044883728,0.013811049051582813
YNL151C,YDL209C,0,3.4635098,0.6312997341156006,0.2361111044883728,0.013911128975450993
YBL013W,YAL021C,0,3.4618297,0.6296296119689941,0.2361111044883728,0.014011208899319172
YGR056W,YER126C,0,3.4611025,0.6279683113098145,0.2361111044883728,0.014111288823187351
YHR067W,YLR147C,0,3.454626,0.6263157725334167,0.2361111044883728,0.01421136874705553
YMR164C,YHR088W,0,3.4499106,0.6246719360351562,0.2361111044883728,0.014311449602246284
YAL043C,YHR066W,0,3.4458213,0.6230366230010986,0.2361111044883728,0.014411529526114464
YJR144W,YKL049C,0,3.4456463,0.6214098930358887,0.2361111044883728,0.014511609449982643
YJR032W,YKR062W,0,3.445435,0.6197916865348816,0.2361111044883728,0.014611689373850822
YPL016W,YHR118C,1,3.4450853,0.6207792162895203,0.2371031790971756,0.014611689373850822
YPL153C,YAL015C,1,3.4435234,0.621761679649353,0.2380952388048172,0.014611689373850822
YGR109C,YDR054C,1,3.441814,0.6227390170097351,0.2390872985124588,0.014611689373850822
YCL016C,YIR008C,1,3.4391074,0.623711347579956,0.2400793582201004,0.014611689373850822
YDR110W,YBR275C,1,3.4388847,0.6246786713600159,0.2410714328289032,0.014611689373850822
YLR182W,YFR008W,0,3.4376235,0.6230769157409668,0.2410714328289032,0.014711769297719002
YMR078C,YLR442C,1,3.4373202,0.6240409016609192,0.2420634925365448,0.014711769297719002
YIR023W,YER029C,0,3.4372115,0.6224489808082581,0.2420634925365448,0.014811849221587181
YJL010C,YOL054W,0,3.4359179,0.6208651661872864,0.2420634925365448,0.01491192914545536
YJL010C,YMR294W,0,3.4344106,0.6192893385887146,0.2420634925365448,0.015012010000646114
YJR134C,YFR002W,0,3.432891,0.6177214980125427,0.2420634925365448,0.015112089924514294
YPL167C,YPL029W,1,3.4327002,0.618686854839325,0.2430555522441864,0.015112089924514294
YLR117C,YBR228W,1,3.428556,0.6196473836898804,0.244047611951828,0.015112089924514294
YML061C,YOL090W,1,3.4276056,0.6206030249595642,0.2450396865606308,0.015112089924514294
YAL021C,YJL194W,1,3.4217238,0.621553897857666,0.2460317462682724,0.015112089924514294
YIL150C,YOR151C,0,3.4187636,0.6200000047683716,0.2460317462682724,0.015212169848382473
YER005W,YJR092W,0,3.4176993,0.618453860282898,0.2460317462682724,0.015312249772250652
YGL145W,YGL092W,0,3.4160416,0.6169154047966003,0.2460317462682724,0.015412329696118832
YFR019W,YHR090C,0,3.4109602,0.6153846383094788,0.2460317462682724,0.015512409619987011
YLR135W,YLR320W,1,3.4080644,0.6163366436958313,0.247023805975914,0.015512409619987011
YLR285W,YKL113C,0,3.4070315,0.614814817905426,0.247023805975914,0.01561248954385519
YER070W,YMR048W,1,3.4069495,0.6157635450363159,0.2480158656835556,0.01561248954385519
YNL102W,YDR110W,1,3.4063668,0.6167076230049133,0.2490079402923584,0.01561248954385519
YML088W,YGL061C,0,3.3974304,0.6151960492134094,0.2490079402923584,0.015712570399045944
YPR120C,YLL004W,1,3.3940072,0.616136908531189,0.25,0.015712570399045944
YLR307W,YDR317W,0,3.3939815,0.6146341562271118,0.25,0.015812650322914124
YJR006W,YAR007C,1,3.390058,0.6155717968940735,0.2509920597076416,0.015812650322914124
YIL150C,YDL074C,1,3.385475,0.6165048480033875,0.2519841194152832,0.015812650322914124
YML064C,YJL168C,0,3.3810778,0.6150121092796326,0.2519841194152832,0.015912730246782303
YPL253C,YMR283C,0,3.3806968,0.6135265827178955,0.2519841194152832,0.016012810170650482
YKR010C,YOR083W,0,3.3797622,0.6120482087135315,0.2519841194152832,0.01611289009451866
YKL125W,YMR283C,0,3.3776948,0.6105769276618958,0.2519841194152832,0.01621297001838684
YBL035C,YDL102W,1,3.375229,0.6115108132362366,0.2529761791229248,0.01621297001838684
YBR098W,YPL167C,1,3.3708315,0.6124401688575745,0.2539682686328888,0.01621297001838684
YGL021W,YGR158C,0,3.3698344,0.6109785437583923,0.2539682686328888,0.01631304994225502
YBR215W,YDR283C,0,3.3694286,0.6095238327980042,0.2539682686328888,0.0164131298661232
YMR075W,YGL134W,0,3.3685215,0.6080760359764099,0.2539682686328888,0.01651320978999138
YBR087W,YKL139W,0,3.3641205,0.6066350936889648,0.2539682686328888,0.016613289713859558
YLR430W,YJL168C,1,3.363621,0.6075649857521057,0.2549603283405304,0.016613289713859558
YHL025W,YCL024W,0,3.3614156,0.6061320900917053,0.2549603283405304,0.016713371500372887
YNL182C,YGR109C,1,3.361237,0.6070588231086731,0.255952388048172,0.016713371500372887
YHR118C,YDR110W,1,3.3584309,0.6079812049865723,0.2569444477558136,0.016713371500372887
YBR245C,YDL207W,0,3.3574128,0.6065573692321777,0.2569444477558136,0.016813451424241066
YPL269W,YBL008W,0,3.3562171,0.605140209197998,0.2569444477558136,0.016913531348109245
YFR013W,YLR115W,0,3.3538394,0.6037296056747437,0.2569444477558136,0.017013611271977425
YDR097C,YJL090C,1,3.353364,0.604651153087616,0.2579365074634552,0.017013611271977425
YPL055C,YIR002C,1,3.3516452,0.6055684685707092,0.2589285671710968,0.017013611271977425
YPR164W,YOR144C,1,3.3490794,0.6064814925193787,0.2599206268787384,0.017013611271977425
YGL192W,YOL004W,1,3.3456926,0.607390284538269,0.26091268658638,0.017013611271977425
YOR030W,YDR145W,0,3.3441243,0.6059907674789429,0.26091268658638,0.017113691195845604
YJR068W,YDR489W,1,3.3427544,0.6068965792655945,0.261904776096344,0.017113691195845604
YGR245C,YDL013W,0,3.3411775,0.60550457239151,0.261904776096344,0.017213771119713783
YGR276C,YPL194W,0,3.3393855,0.6041190028190613,0.261904776096344,0.017313851043581963
YHL024W,YDR013W,1,3.3380966,0.6050228476524353,0.2628968358039856,0.017313851043581963
YLR315W,YKR001C,0,3.3367534,0.6036446690559387,0.2628968358039856,0.017413930967450142
YPL060W,YLR033W,0,3.3343658,0.6022727489471436,0.2628968358039856,0.01751401089131832
YBR170C,YCL016C,1,3.3326545,0.60317462682724,0.2638888955116272,0.01751401089131832
YLR135W,YNL262W,1,3.3321903,0.6040723919868469,0.2648809552192688,0.01751401089131832
YFR038W,YHR062C,0,3.3306837,0.6027088165283203,0.2648809552192688,0.0176140908151865
YDR052C,YMR048W,1,3.330533,0.6036036014556885,0.2658730149269104,0.0176140908151865
YOR068C,YBL067C,0,3.3279457,0.6022471785545349,0.2658730149269104,0.01771417073905468
YDR121W,YLR320W,1,3.3272152,0.6031390428543091,0.266865074634552,0.01771417073905468
YJL115W,YGL044C,0,3.3243284,0.6017897129058838,0.266865074634552,0.01781425066292286
YBR009C,YMR059W,0,3.3237581,0.6004464030265808,0.266865074634552,0.01791433058679104
YDR088C,YBL104C,0,3.3236527,0.5991091132164001,0.266865074634552,0.018014412373304367
YGL112C,YBR055C,0,3.32084,0.597777783870697,0.266865074634552,0.018114492297172546
YOR195W,YJL003W,0,3.3171425,0.5964523553848267,0.266865074634552,0.018214572221040726
YJL095W,YNL001W,0,3.3135786,0.5951327681541443,0.266865074634552,0.018314652144908905
YKL113C,YBR202W,1,3.3105705,0.5960264801979065,0.2678571343421936,0.018314652144908905
YLR275W,YMR068W,0,3.3060358,0.5947136282920837,0.2678571343421936,0.018414732068777084
YDL105W,YOR237W,0,3.3028018,0.593406617641449,0.2678571343421936,0.018514811992645264
YNL102W,YOR290C,1,3.302757,0.594298243522644,0.2688491940498352,0.018514811992645264
YGL170C,YOR190W,0,3.3018332,0.5929977893829346,0.2688491940498352,0.018614891916513443
YLR320W,YER107C,0,3.300379,0.5917030572891235,0.2688491940498352,0.018714971840381622
YDR356W,YJL081C,0,3.2986827,0.5904139280319214,0.2688491940498352,0.0188150517642498
YDL058W,YOR039W,0,3.2981725,0.5891304612159729,0.2688491940498352,0.01891513168811798
YLR288C,YJL081C,0,3.2978618,0.5878524780273438,0.2688491940498352,0.01901521161198616
YOL069W,YLR039C,0,3.2971756,0.5865800976753235,0.2688491940498352,0.01911529153585434
YKL129C,YGR024C,0,3.2971425,0.5853132009506226,0.2688491940498352,0.01921537145972252
YBR278W,YJR006W,1,3.2942257,0.5862069129943848,0.2698412835597992,0.01921537145972252
YNL102W,YBR160W,1,3.2907526,0.5870967507362366,0.2708333432674408,0.01921537145972252
YDL042C,YPR120C,1,3.2834902,0.5879828333854675,0.2718254029750824,0.01921537145972252
YBR278W,YLR442C,1,3.2829235,0.5888651013374329,0.272817462682724,0.01921537145972252
YHR031C,YBR276C,1,3.277491,0.5897436141967773,0.2738095223903656,0.01921537145972252
YDR052C,YNL312W,1,3.2734683,0.5906183123588562,0.2748015820980072,0.01921537145972252
YPL122C,YGR109C,0,3.2722602,0.5893617272377014,0.2748015820980072,0.019315453246235847
YDR507C,YPR112C,0,3.2674541,0.5881103873252869,0.2748015820980072,0.019415533170104027
YPR175W,YLR430W,1,3.2671957,0.5889830589294434,0.2757936418056488,0.019415533170104027
YMR075W,YGL150C,0,3.262815,0.5877378582954407,0.2757936418056488,0.019515613093972206
YOR032C,YPL255W,0,3.2602818,0.5864979028701782,0.2757936418056488,0.019615693017840385
YKL112W,YOR279C,1,3.2553878,0.5873684287071228,0.2767857015132904,0.019615693017840385
YDR081C,YOR075W,0,3.253994,0.5861344337463379,0.2767857015132904,0.019715772941708565
YPL016W,YJL173C,1,3.2518377,0.5870020985603333,0.2777777910232544,0.019715772941708565
YJL047C,YCR092C,1,3.2518353,0.5878661274909973,0.278769850730896,0.019715772941708565
YPL153C,YDR069C,1,3.2509131,0.5887265205383301,0.2797619104385376,0.019715772941708565
YJL090C,YML065W,1,3.250588,0.5895833373069763,0.2807539701461792,0.019715772941708565
YDR386W,YAR018C,0,3.2455268,0.5883575677871704,0.2807539701461792,0.019815852865576744
YJL168C,YCR092C,1,3.2413776,0.589211642742157,0.2817460298538208,0.019815852865576744
YNL108C,YLR052W,0,3.2408924,0.5879917144775391,0.2817460298538208,0.019915932789444923
YPR152C,YDL018C,0,3.2400494,0.586776852607727,0.2817460298538208,0.020016012713313103
YNL317W,YGL049C,0,3.239874,0.5855669975280762,0.2817460298538208,0.020116092637181282
YJL072C,YJL173C,1,3.239417,0.5864197611808777,0.2827380895614624,0.020116092637181282
YDR303C,YDR279W,1,3.2369509,0.5872690081596375,0.283730149269104,0.020116092637181282
YOL043C,YER146W,0,3.2362003,0.5860655903816223,0.283730149269104,0.02021617256104946
YNL068C,YNL218W,1,3.2326646,0.5869120359420776,0.2847222089767456,0.02021617256104946
YPR162C,YDR489W,1,3.2314274,0.5877550840377808,0.2857142984867096,0.02021617256104946
YOR217W,YDR013W,1,3.2305765,0.5885946750640869,0.2867063581943512,0.02021617256104946
YPL167C,YDR013W,1,3.2294471,0.5894308686256409,0.2876984179019928,0.02021617256104946
YJR055W,YJR084W,0,3.2293787,0.5882353186607361,0.2876984179019928,0.02031625248491764
YBR276C,YDL042C,1,3.2262902,0.5890688300132751,0.2886904776096344,0.02031625248491764
YGL112C,YOR061W,0,3.2201571,0.5878787636756897,0.2886904776096344,0.02041633240878582
YJR057W,YBR289W,0,3.2198348,0.586693525314331,0.2886904776096344,0.020516412332654
YBR130C,YDR379W,0,3.218718,0.5855130553245544,0.2886904776096344,0.020616494119167328
YBR170C,YOR279C,1,3.2175434,0.586345374584198,0.289682537317276,0.020616494119167328
YLR018C,YMR154C,0,3.215394,0.585170328617096,0.289682537317276,0.020716574043035507
YDR097C,YNL218W,1,3.2146344,0.5860000252723694,0.2906745970249176,0.020716574043035507
YOR266W,YPR031W,0,3.213765,0.5848303437232971,0.2906745970249176,0.020816653966903687
YAR007C,YDR110W,1,3.2121542,0.5856573581695557,0.2916666567325592,0.020816653966903687
YDR152W,YJL176C,0,3.2101417,0.5844930410385132,0.2916666567325592,0.020916733890771866
YNL273W,YER133W,1,3.204154,0.5853174328804016,0.2926587164402008,0.020916733890771866
YOR151C,YDR460W,0,3.2030795,0.5841584205627441,0.2926587164402008,0.021016813814640045
YPL193W,YDR228C,0,3.2026029,0.5830039381980896,0.2926587164402008,0.021116893738508224
YKL113C,YGR048W,1,3.2019105,0.5838264226913452,0.2936508059501648,0.021116893738508224
YOR005C,YNL261W,1,3.198996,0.584645688533783,0.2946428656578064,0.021116893738508224
YBR152W,YDR072C,0,3.1984892,0.5834970474243164,0.2946428656578064,0.021216973662376404
YKR063C,YGR074W,0,3.1956456,0.5823529362678528,0.2946428656578064,0.021317053586244583
YPR049C,YNL288W,0,3.1953516,0.5812132954597473,0.2946428656578064,0.021417133510112762
YGR202C,YER082C,0,3.1940525,0.580078125,0.2946428656578064,0.021517213433980942
YOR334W,YLR067C,0,3.1939092,0.5789473652839661,0.2946428656578064,0.02161729335784912
YLR014C,YLR292C,0,3.1914268,0.5778210163116455,0.2946428656578064,0.0217173732817173
YLR320W,YDL074C,1,3.190874,0.5786407589912415,0.295634925365448,0.0217173732817173
YKL042W,YNR070W,0,3.1894672,0.5775193572044373,0.295634925365448,0.02181745320558548
YOR188W,YOR075W,0,3.1850305,0.5764023065567017,0.295634925365448,0.02191753312945366
YHR157W,YGL212W,0,3.1812575,0.5752895474433899,0.295634925365448,0.022017614915966988
YLR154C,YPL055C,1,3.1805987,0.576107919216156,0.2966269850730896,0.022017614915966988
YGR270W,YER111C,0,3.1798732,0.574999988079071,0.2966269850730896,0.022117694839835167
YNR011C,YDL033C,0,3.178596,0.5738963484764099,0.2966269850730896,0.022217774763703346
YDR458C,YIL115C,0,3.1769443,0.5727969408035278,0.2966269850730896,0.022317854687571526
YJL156C,YHR196W,0,3.1765394,0.57170170545578,0.2966269850730896,0.022417934611439705
YLR320W,YDR310C,1,3.1745934,0.572519063949585,0.2976190447807312,0.022417934611439705
YMR234W,YIL131C,1,3.1738563,0.5733333230018616,0.2986111044883728,0.022417934611439705
YIL135C,YPL153C,0,3.172664,0.572243332862854,0.2986111044883728,0.022518014535307884
YKR079C,YBL003C,0,3.1720028,0.5711575150489807,0.2986111044883728,0.022618094459176064
YJR092W,YEL061C,0,3.1689005,0.5700757503509521,0.2986111044883728,0.022718174383044243
YDL209C,YOR026W,0,3.1685727,0.5689980983734131,0.2986111044883728,0.022818254306912422
YKL042W,YDR478W,0,3.1644745,0.5679244995117188,0.2986111044883728,0.0229183342307806
YGR095C,YBL104C,0,3.1625257,0.5668550133705139,0.2986111044883728,0.02301841415464878
YPR019W,YJR068W,1,3.1621523,0.567669153213501,0.2996031641960144,0.02301841415464878
YGL201C,YHR164C,1,3.157117,0.5684803128242493,0.300595223903656,0.02301841415464878
YCR038C,YDR289C,0,3.1554446,0.567415714263916,0.300595223903656,0.02311849407851696
YOR048C,YKL015W,0,3.1541777,0.5663551688194275,0.300595223903656,0.02321857400238514
YML114C,YJL090C,0,3.1537745,0.5652984976768494,0.300595223903656,0.023318655788898468
YDL150W,YGR188C,0,3.1503525,0.5642458200454712,0.300595223903656,0.023418735712766647
YGL174W,YHR178W,0,3.149515,0.5631970167160034,0.300595223903656,0.023518815636634827
YDR145W,YLR384C,0,3.147233,0.5621521472930908,0.300595223903656,0.023618895560503006
YGL251C,YLL004W,1,3.1467855,0.5629629492759705,0.30158731341362,0.023618895560503006
YNL186W,YHR129C,0,3.1465225,0.5619223713874817,0.30158731341362,0.023718975484371185
YLR234W,YMR224C,0,3.1422691,0.5608856081962585,0.30158731341362,0.023819055408239365
YIL131C,YAR007C,1,3.142097,0.5616942644119263,0.3025793731212616,0.023819055408239365
YLR321C,YJL173C,1,3.1392155,0.5625,0.3035714328289032,0.023819055408239365
YMR023C,YLR234W,0,3.138804,0.5614678859710693,0.3035714328289032,0.023919135332107544
YDR122W,YDR532C,0,3.1343205,0.5604395866394043,0.3035714328289032,0.024019215255975723
YOL078W,YDR452W,0,3.130943,0.5594149827957153,0.3035714328289032,0.024119295179843903
YKL045W,YJL072C,1,3.1276953,0.5602189898490906,0.3045634925365448,0.024119295179843903
YKR064W,YDR527W,0,3.122188,0.5591985583305359,0.3045634925365448,0.024219375103712082
YBR088C,YJL168C,1,3.1216338,0.5600000023841858,0.3055555522441864,0.024219375103712082
YPR199C,YGR262C,0,3.1190581,0.5589836835861206,0.3055555522441864,0.02431945502758026
YBR098W,YHR118C,1,3.1143763,0.5597826242446899,0.306547611951828,0.02431945502758026
YBR087W,YLL004W,1,3.1089995,0.5605786442756653,0.3075396716594696,0.02431945502758026
YAR002W,YJL056C,0,3.1061888,0.5595667958259583,0.3075396716594696,0.02441953495144844
YGR109C,YHR164C,1,3.1054363,0.5603603720664978,0.3085317313671112,0.02441953495144844
YER070W,YDR489W,1,3.1043594,0.5611510872840881,0.3095238208770752,0.02441953495144844
YPR048W,YPR152C,0,3.1038003,0.5601436495780945,0.3095238208770752,0.02451961487531662
YDR440W,YOR298W,0,3.1029797,0.5591397881507874,0.3095238208770752,0.02461969666182995
YDR310C,YDR279W,1,3.0951865,0.5599284172058105,0.3105158805847168,0.02461969666182995
YDL044C,YGR109C,0,3.094977,0.5589285492897034,0.3105158805847168,0.024719776585698128
YNL290W,YCR092C,1,3.0933385,0.5597147941589355,0.3115079402923584,0.024719776585698128
YOR047C,YJL194W,0,3.0931582,0.5587188601493835,0.3115079402923584,0.024819856509566307
YLR442C,YPL016W,1,3.091618,0.5595026612281799,0.3125,0.024819856509566307
YJL072C,YKL108W,1,3.089778,0.5602836608886719,0.3134920597076416,0.024819856509566307
YEL032W,YGL173C,0,3.088171,0.5592920184135437,0.3134920597076416,0.024919936433434486
YPR111W,YBL060W,0,3.0876129,0.5583038926124573,0.3134920597076416,0.025020016357302666
YLR424W,YDL017W,0,3.0831287,0.5573192238807678,0.3134920597076416,0.025120096281170845
YOL043C,YAL011W,0,3.08239,0.5563380122184753,0.3134920597076416,0.025220176205039024
YPR120C,YDR279W,1,3.0753899,0.557117760181427,0.3144841194152832,0.025220176205039024
YDR419W,YLL003W,0,3.0721574,0.5561403632164001,0.3144841194152832,0.025320256128907204
YFL024C,YHR088W,0,3.070035,0.5551663637161255,0.3144841194152832,0.025420336052775383
YDL101C,YDR279W,1,3.0692225,0.5559440851211548,0.3154761791229248,0.025420336052775383
YPL167C,YOR290C,1,3.0688608,0.5567190051078796,0.3164682686328888,0.025420336052775383
YDL017W,YDR217C,1,3.0685148,0.5574913024902344,0.3174603283405304,0.025420336052775383
YBR276C,YDR310C,1,3.0664086,0.5582608580589294,0.318452388048172,0.025420336052775383
YJL090C,YEL032W,1,3.0660887,0.5590277910232544,0.3194444477558136,0.025420336052775383
YHR118C,YDL042C,1,3.064865,0.5597920417785645,0.3204365074634552,0.025420336052775383
YNL182C,YPL153C,1,3.0618694,0.5605536103248596,0.3214285671710968,0.025420336052775383
YPR179C,YKL099C,0,3.058568,0.5595855116844177,0.3214285671710968,0.025520415976643562
YKR064W,YPR193C,0,3.057413,0.5586206912994385,0.3214285671710968,0.02562049590051174
YBR088C,YCR092C,1,3.0546453,0.5593803524971008,0.3224206268787384,0.02562049590051174
YCR086W,YOR025W,0,3.0494883,0.5584192276000977,0.3224206268787384,0.02572057582437992
YBR278W,YIR008C,1,3.0474186,0.5591766834259033,0.32341268658638,0.02572057582437992
YHR118C,YBR275C,1,3.044706,0.5599315166473389,0.324404776096344,0.02572057582437992
YDL017W,YHR164C,1,3.0417814,0.5606837868690491,0.3253968358039856,0.02572057582437992
YLR103C,YKL112W,1,3.03999,0.5614334344863892,0.3263888955116272,0.02572057582437992
YLR410W,YLR277C,0,3.0372877,0.5604770183563232,0.3263888955116272,0.0258206557482481
YEL032W,YDR419W,1,3.0365431,0.5612244606018066,0.3273809552192688,0.0258206557482481
YFR027W,YAL015C,1,3.0326371,0.5619694590568542,0.3283730149269104,0.0258206557482481
YGR109C,YNL088W,1,3.0311584,0.5627118349075317,0.329365074634552,0.0258206557482481
YNL072W,YNL088W,1,3.0310297,0.5634517669677734,0.3303571343421936,0.0258206557482481
YGR009C,YDL098C,0,3.0264044,0.5625,0.3303571343421936,0.02592073567211628
YNL207W,YIL144W,0,3.0244613,0.5615514516830444,0.3303571343421936,0.026020817458629608
YPL244C,YOR372C,0,3.0235257,0.560606062412262,0.3303571343421936,0.026120897382497787
YMR076C,YPR072W,0,3.0233116,0.5596638917922974,0.3303571343421936,0.026220977306365967
YBL026W,YER040W,0,3.0189943,0.5587248206138611,0.3303571343421936,0.026321057230234146
YER159C,YDR405W,0,3.0162978,0.5577889680862427,0.3303571343421936,0.026421137154102325
YDR446W,YML041C,0,3.0157375,0.5568562150001526,0.3303571343421936,0.026521217077970505
YGL075C,YNL317W,0,3.014963,0.5559265613555908,0.3303571343421936,0.026621297001838684
YLR032W,YKL194C,0,3.0147157,0.5550000071525574,0.3303571343421936,0.026721376925706863
YNL102W,YER164W,1,3.0112665,0.5557404160499573,0.3313491940498352,0.026721376925706863
YOR180C,YBR123C,0,3.0082233,0.554817259311676,0.3313491940498352,0.026821456849575043
YIL093C,YDR295C,0,3.0055838,0.5538972020149231,0.3313491940498352,0.026921536773443222
YMR190C,YPR120C,1,3.0054767,0.554635763168335,0.3323412835597992,0.026921536773443222
YIL131C,YOR144C,1,3.0033278,0.555371880531311,0.3333333432674408,0.026921536773443222
YDL074C,YDR279W,1,3.0003083,0.5561056137084961,0.3343254029750824,0.026921536773443222
YOR217W,YKL108W,1,2.9994988,0.5568369030952454,0.335317462682724,0.026921536773443222
YHR062C,YFL047W,0,2.9981294,0.5559210777282715,0.335317462682724,0.0270216166973114
YGL201C,YDL101C,1,2.9980779,0.5566502213478088,0.3363095223903656,0.0270216166973114
YEL020W-A,YDR499W,0,2.9959655,0.5557377338409424,0.3363095223903656,0.02712169662117958
YBR060C,YOR189W,0,2.9937649,0.5548281669616699,0.3363095223903656,0.02722177654504776
YBR278W,YER164W,1,2.9931355,0.5555555820465088,0.3373015820980072,0.02722177654504776
YBR079C,YGL216W,0,2.9925807,0.554649293422699,0.3373015820980072,0.02732185833156109
YOL018C,YDR503C,0,2.9922657,0.5537459254264832,0.3373015820980072,0.027421938255429268
YEL032W,YOL090W,1,2.9919276,0.5544715523719788,0.3382936418056488,0.027421938255429268
YGL005C,YLR221C,0,2.9855225,0.5535714030265808,0.3382936418056488,0.027522018179297447
YIL150C,YDR208W,0,2.9852803,0.5526742339134216,0.3382936418056488,0.027622098103165627
YFR027W,YNL088W,1,2.9847589,0.553398072719574,0.3392857015132904,0.027622098103165627
YPL157W,YFR008W,0,2.9832225,0.5525040626525879,0.3392857015132904,0.027722178027033806
YPL235W,YBR275C,0,2.9828026,0.551612913608551,0.3392857015132904,0.027822257950901985
YDR441C,YNL090W,0,2.9827437,0.5507246255874634,0.3392857015132904,0.027922337874770164
YDR213W,YJL058C,0,2.9817986,0.549839198589325,0.3392857015132904,0.028022417798638344
YER070W,YPR164W,1,2.9814615,0.550561785697937,0.3402777910232544,0.028022417798638344
YMR076C,YHR178W,0,2.9751093,0.5496794581413269,0.3402777910232544,0.028122497722506523
YPL140C,YDL005C,0,2.9692793,0.548799991607666,0.3402777910232544,0.028222577646374702
YMR234W,YOL004W,1,2.9687192,0.5495207905769348,0.341269850730896,0.028222577646374702
YGL113W,YDR419W,1,2.9634094,0.5502392053604126,0.3422619104385376,0.028222577646374702
YDR121W,YBR275C,1,2.956258,0.5509554147720337,0.3432539701461792,0.028222577646374702
YMR048W,YBR160W,1,2.9516978,0.5516692996025085,0.3442460298538208,0.028222577646374702
YGL169W,YHR177W,0,2.9515214,0.5507936477661133,0.3442460298538208,0.028322657570242882
YOR048C,YML046W,0,2.948827,0.5499207377433777,0.3442460298538208,0.02842273749411106
YNL273W,YFL036W,1,2.943849,0.550632894039154,0.3452380895614624,0.02842273749411106
YAL027W,YJL030W,0,2.9426303,0.549763023853302,0.3452380895614624,0.02852281741797924
YPR135W,YER070W,1,2.9424667,0.5504732131958008,0.346230149269104,0.02852281741797924
YKR062W,YDL159W,0,2.9421387,0.5496063232421875,0.346230149269104,0.02862289920449257
YNL302C,YHR023W,0,2.9390037,0.5487421154975891,0.346230149269104,0.02872297912836075
YER106W,YBR010W,0,2.935075,0.5478807091712952,0.346230149269104,0.028823059052228928
YIL020C,YDL077C,0,2.9331608,0.5470219254493713,0.346230149269104,0.028923138976097107
YPL228W,YOR372C,0,2.9324691,0.5461658835411072,0.346230149269104,0.029023218899965286
YPL055C,YNL312W,1,2.9292903,0.546875,0.3472222089767456,0.029023218899965286
YOL006C,YGL192W,1,2.9289865,0.5475819110870361,0.3482142984867096,0.029023218899965286
YDR226W,YDR013W,1,2.928606,0.5482866168022156,0.3492063581943512,0.029023218899965286
YDR419W,YER164W,1,2.92822,0.5489891171455383,0.3501984179019928,0.029023218899965286
YKR083C,YDR164C,0,2.9270673,0.5481366515159607,0.3501984179019928,0.029123298823833466
YOL006C,YOR217W,1,2.9268625,0.5488371849060059,0.3511904776096344,0.029123298823833466
YOR330C,YDR110W,1,2.924815,0.5495356321334839,0.352182537317276,0.029123298823833466
YBR170C,YLR320W,1,2.923593,0.5502318143844604,0.3531745970249176,0.029123298823833466
YBL018C,YDL099W,0,2.9182887,0.5493826866149902,0.3531745970249176,0.029223378747701645
YML077W,YDL013W,0,2.9179387,0.5485361814498901,0.3531745970249176,0.029323458671569824
YOR339C,YPL130W,0,2.9177208,0.5476922988891602,0.3531745970249176,0.029423538595438004
YOR279C,YJR006W,1,2.9169445,0.5483871102333069,0.3541666567325592,0.029423538595438004
YKL045W,YCR092C,1,2.9141126,0.5490797758102417,0.3551587164402008,0.029423538595438004
YOL094C,YCR092C,1,2.9117017,0.5497702956199646,0.3561508059501648,0.029423538595438004
YDR478W,YNR070W,0,2.9093616,0.5489296913146973,0.3561508059501648,0.029523618519306183
YDL111C,YPL060W,0,2.909104,0.5480915904045105,0.3561508059501648,0.029623698443174362
YMR234W,YBL023C,1,2.9086876,0.5487805008888245,0.3571428656578064,0.029623698443174362
YJL168C,YHR118C,1,2.9086387,0.5494672656059265,0.358134925365448,0.029623698443174362
YOL072W,YNL102W,0,2.9075541,0.5486322045326233,0.358134925365448,0.02972377836704254
YNR011C,YHR012W,0,2.8991966,0.5477997064590454,0.358134925365448,0.02982385829091072
YDR265W,YLR323C,0,2.8989925,0.5469697117805481,0.358134925365448,0.02992394007742405
YDR314C,YBR131W,0,2.8947773,0.5461422204971313,0.358134925365448,0.03002402000129223
YBL104C,YDR407C,0,2.8938322,0.5453172326087952,0.358134925365448,0.030124099925160408
YJR017C,YBR098W,0,2.8927124,0.5444947481155396,0.358134925365448,0.030224179849028587
YJR140C,YKL057C,0,2.8903265,0.5436747074127197,0.358134925365448,0.030324259772896767
YDR121W,YHR164C,1,2.8893504,0.544360876083374,0.3591269850730896,0.030324259772896767
YLR002C,YMR048W,1,2.8893313,0.545045018196106,0.3601190447807312,0.030324259772896767
YJL084C,YHR164C,0,2.8890028,0.5442278981208801,0.3601190447807312,0.030424339696764946
YGL130W,YCR093W,0,2.8886032,0.5434131622314453,0.3601190447807312,0.030524419620633125
YJR050W,YBR289W,0,2.887159,0.5426008701324463,0.3601190447807312,0.030624499544501305
YOR180C,YKR008W,0,2.8854272,0.5417910218238831,0.3601190447807312,0.030724579468369484
YLR442C,YNL068C,1,2.8843803,0.5424739122390747,0.3611111044883728,0.030724579468369484
YIL128W,YEL055C,0,2.8818133,0.5416666865348816,0.3611111044883728,0.030824659392237663
YPL001W,YPL255W,0,2.880035,0.5408617854118347,0.3611111044883728,0.030924739316105843
YPR135W,YDR310C,1,2.8799253,0.5415430068969727,0.3621031641960144,0.030924739316105843
YIL131C,YLR442C,1,2.8774936,0.5422222018241882,0.363095223903656,0.030924739316105843
YBR057C,YBR171W,0,2.876964,0.5414201021194458,0.363095223903656,0.031024819239974022
YDL164C,YLR381W,1,2.8761716,0.5420975089073181,0.36408731341362,0.031024819239974022
YPL153C,YHR164C,1,2.8728905,0.5427728891372681,0.3650793731212616,0.031024819239974022
YDR534C,YLR320W,0,2.8728187,0.5419734716415405,0.3650793731212616,0.0311248991638422
YLR103C,YDR419W,1,2.8718448,0.5426470637321472,0.3660714328289032,0.0311248991638422
YOR340C,YNL126W,0,2.8717237,0.541850209236145,0.3660714328289032,0.03122497908771038
YAL015C,YNL290W,1,2.8699384,0.5425220131874084,0.3670634925365448,0.03122497908771038
YKL125W,YDR080W,0,2.8649213,0.5417276620864868,0.3670634925365448,0.03132506087422371
YAL021C,YBR057C,1,2.8645349,0.542397677898407,0.3680555522441864,0.03132506087422371
YOR145C,YPL045W,0,2.863101,0.5416058301925659,0.3680555522441864,0.03142514079809189
YNL107W,YML112W,0,2.8619053,0.5408163070678711,0.3680555522441864,0.03152522072196007
YNL072W,YBL023C,1,2.8597965,0.5414847135543823,0.369047611951828,0.03152522072196007
YDR087C,YDR407C,0,2.8588147,0.5406976938247681,0.369047611951828,0.03162530064582825
YKL022C,YDR121W,1,2.858532,0.541364312171936,0.3700396716594696,0.03162530064582825
YDL161W,YDR227W,0,2.8584673,0.5405797362327576,0.3700396716594696,0.031725380569696426
YPR175W,YPR072W,0,2.857627,0.5397973656654358,0.3700396716594696,0.031825460493564606
YDL164C,YMR048W,1,2.8561358,0.5404624342918396,0.3710317313671112,0.031825460493564606
YNL023C,YOR076C,0,2.8552723,0.5396825671195984,0.3710317313671112,0.031925540417432785
YBR278W,YKL112W,1,2.8522944,0.5403458476066589,0.3720238208770752,0.031925540417432785
YIL131C,YDR458C,0,2.8519225,0.5395683646202087,0.3720238208770752,0.032025620341300964
YER095W,YKL045W,1,2.8507113,0.540229856967926,0.3730158805847168,0.032025620341300964
YDR423C,YPR190C,0,2.8502178,0.5394548177719116,0.3730158805847168,0.032125700265169144
YFL061W,YOR005C,0,2.850121,0.5386819243431091,0.3730158805847168,0.03222578018903732
YLL034C,YPR056W,0,2.8491108,0.5379112958908081,0.3730158805847168,0.0323258601129055
YER116C,YDR527W,0,2.8468652,0.5371428728103638,0.3730158805847168,0.03242594003677368
YJL047C,YMR075W,1,2.8465471,0.5378031134605408,0.3740079402923584,0.03242594003677368
YKL048C,YFR038W,0,2.8378468,0.5370370149612427,0.3740079402923584,0.03252601996064186
YNL067W,YOR060C,0,2.8370945,0.5362731218338013,0.3740079402923584,0.03262609988451004
YML061C,YDR110W,1,2.8327346,0.5369318127632141,0.375,0.03262609988451004
YOR143C,YBR098W,0,2.8311775,0.5361701846122742,0.375,0.03272617980837822
YHL013C,YBL060W,0,2.8307061,0.5354107618331909,0.375,0.0328262597322464
YGL183C,YBR299W,0,2.8247776,0.5346534848213196,0.375,0.03292633965611458
YNL072W,YLR321C,1,2.82438,0.5353107452392578,0.3759920597076416,0.03292633965611458
YIL073C,YLR148W,0,2.823152,0.5345557332038879,0.3759920597076416,0.03302641957998276
YNL068C,YNL312W,1,2.821966,0.5352112650871277,0.3769841194152832,0.03302641957998276
YHR069C,YBR060C,0,2.8216143,0.5344585180282593,0.3769841194152832,0.03312649950385094
YDR489W,YIR008C,1,2.8208354,0.5351123809814453,0.3779761791229248,0.03312649950385094
YGL190C,YJR055W,0,2.8177042,0.5343618392944336,0.3779761791229248,0.033226579427719116
YER095W,YKL108W,1,2.8125124,0.5350140333175659,0.3789682686328888,0.033226579427719116
YLR233C,YOR350C,0,2.8122797,0.5342657566070557,0.3789682686328888,0.033326663076877594
YHR079C-A,YDR462W,0,2.8110168,0.5335195660591125,0.3789682686328888,0.03342674300074577
YAL047C,YPL258C,0,2.8097508,0.5327754616737366,0.3789682686328888,0.03352682292461395
YJL090C,YBR088C,1,2.807449,0.5334261655807495,0.3799603283405304,0.03352682292461395
YPR086W,YOR236W,0,2.8070533,0.5326842665672302,0.3799603283405304,0.03362690284848213
YMR260C,YIR025W,0,2.8058777,0.5319444537162781,0.3799603283405304,0.03372698277235031
YDR176W,YKL194C,0,2.802901,0.5312066674232483,0.3799603283405304,0.03382706269621849
YMR073C,YER082C,0,2.800593,0.5304709076881409,0.3799603283405304,0.03392714262008667
YAR003W,YCL024W,0,2.8000739,0.5297372341156006,0.3799603283405304,0.03402722254395485
YJR043C,YDL074C,1,2.798405,0.530386745929718,0.380952388048172,0.03402722254395485
YFL055W,YNL328C,0,2.7975612,0.5296551585197449,0.380952388048172,0.03412730246782303
YLR135W,YDR419W,1,2.7965987,0.5303030014038086,0.3819444477558136,0.03412730246782303
YDR097C,YJL173C,1,2.7933397,0.5309491157531738,0.3829365074634552,0.03412730246782303
YLR135W,YDR217C,1,2.793152,0.531593382358551,0.3839285671710968,0.03412730246782303
YHL038C,YJR084W,0,2.7921405,0.5308641791343689,0.3839285671710968,0.03422738239169121
YPR019W,YPR164W,1,2.7900498,0.5315068364143372,0.3849206268787384,0.03422738239169121
YOL018C,YMR234W,0,2.7860227,0.5307797789573669,0.3849206268787384,0.03432746231555939
YOL023W,YOL146W,0,2.785915,0.5300546288490295,0.3849206268787384,0.034427542239427567
YPR019W,YPL016W,1,2.781867,0.5306957960128784,0.38591268658638,0.034427542239427567
YOL138C,YHR129C,0,2.781064,0.5299727320671082,0.38591268658638,0.034527622163295746
YIR005W,YIL002C,0,2.778973,0.5292516946792603,0.38591268658638,0.034627702087163925
YOR080W,YJL194W,1,2.7771997,0.529891312122345,0.386904776096344,0.034627702087163925
YIL003W,YLR323C,0,2.7768784,0.5291723012924194,0.386904776096344,0.034727782011032104
YAR007C,YGL251C,1,2.7735116,0.5298103094100952,0.3878968358039856,0.034727782011032104
YOR255W,YBR069C,0,2.7685108,0.5290933847427368,0.3878968358039856,0.034827861934900284
YNR054C,YHR108W,0,2.768282,0.5283783674240112,0.3878968358039856,0.03492794185876846
YPR120C,YKL194C,0,2.7672682,0.5276653170585632,0.3878968358039856,0.03502802178263664
YBR087W,YIR008C,1,2.7657533,0.5283018946647644,0.3888888955116272,0.03502802178263664
YGR009C,YOR258W,0,2.7649965,0.5275908708572388,0.3888888955116272,0.03512810170650482
YDR296W,YHR031C,1,2.7646842,0.5282257795333862,0.3898809552192688,0.03512810170650482
YCR092C,YBR274W,1,2.7604914,0.5288590788841248,0.3908730149269104,0.03512810170650482
YKL112W,YDR217C,1,2.7593682,0.52949059009552,0.391865074634552,0.03512810170650482
YMR012W,YDR532C,0,2.7588015,0.5287817716598511,0.391865074634552,0.035228181630373
YLR002C,YPR120C,1,2.75413,0.529411792755127,0.3928571343421936,0.035228181630373
YMR072W,YNL188W,0,2.7526145,0.5287049412727356,0.3928571343421936,0.03532826155424118
YDR386W,YOR372C,0,2.752173,0.527999997138977,0.3928571343421936,0.03542834147810936
YLR430W,YML118W,0,2.7498097,0.5272969603538513,0.3928571343421936,0.03552842140197754
YBL009W,YLR181C,0,2.748482,0.5265957713127136,0.3928571343421936,0.03562850132584572
YGL201C,YCL001W,0,2.747004,0.525896430015564,0.3928571343421936,0.0357285812497139
YGR116W,YJL038C,0,2.7451468,0.5251989364624023,0.3928571343421936,0.03582866117358208
YBR245C,YDR478W,0,2.7441711,0.5245032906532288,0.3928571343421936,0.035928744822740555
YOL023W,YKR025W,0,2.7434444,0.523809552192688,0.3928571343421936,0.036028824746608734
YJL090C,YDR121W,1,2.7434032,0.5244385600090027,0.3938491940498352,0.036028824746608734
YPL119C,YBR010W,0,2.743082,0.5237467288970947,0.3938491940498352,0.03612890467047691
YJR043C,YHR031C,1,2.7421322,0.5243741869926453,0.3948412835597992,0.03612890467047691
YLR016C,YKR083C,0,2.7324872,0.5236842036247253,0.3948412835597992,0.03622898459434509
YGR220C,YML071C,0,2.7300885,0.5229960680007935,0.3948412835597992,0.03632906451821327
YJL168C,YNL290W,1,2.7300372,0.5236220359802246,0.3958333432674408,0.03632906451821327
YJL025W,YER020W,0,2.7289865,0.5229358077049255,0.3958333432674408,0.03642914444208145
YGL212W,YMR069W,0,2.7278671,0.522251307964325,0.3958333432674408,0.03652922436594963
YGR006W,YBR247C,0,2.7242138,0.5215686559677124,0.3958333432674408,0.03662930428981781
YER070W,YDL101C,1,2.7220397,0.522193193435669,0.3968254029750824,0.03662930428981781
YPL181W,YLR320W,1,2.7207744,0.5228161811828613,0.397817462682724,0.03662930428981781
YLR320W,YPL181W,1,2.7207744,0.5234375,0.3988095223903656,0.03662930428981781
YPR093C,YCR008W,0,2.717463,0.522756814956665,0.3988095223903656,0.03672938421368599
YER095W,YMR078C,1,2.7168875,0.5233766436576843,0.3998015820980072,0.03672938421368599
YKL095W,YML006C,0,2.714944,0.5226978063583374,0.3998015820980072,0.03682946413755417
YDR200C,YDR123C,0,2.7114363,0.522020697593689,0.3998015820980072,0.03692954406142235
YGL166W,YGR005C,0,2.7098439,0.5213454365730286,0.3998015820980072,0.03702962398529053
YGL111W,YIL061C,0,2.7090597,0.5206718444824219,0.3998015820980072,0.03712970390915871
YDR310C,YLL004W,1,2.7032363,0.5212903022766113,0.4007936418056488,0.03712970390915871
YNL172W,YBL079W,0,2.702179,0.5206185579299927,0.4007936418056488,0.037229783833026886
YDL164C,YJR043C,1,2.6982014,0.5212355256080627,0.4017857015132904,0.037229783833026886
YDR392W,YLR223C,0,2.6979837,0.5205655694007874,0.4017857015132904,0.037329863756895065
YNL102W,YDL101C,1,2.696422,0.5211809873580933,0.4027777910232544,0.037329863756895065
YBL097W,YFR031C,0,2.6960018,0.5205128192901611,0.4027777910232544,0.037429943680763245
YDL108W,YDL161W,0,2.6940317,0.5198463797569275,0.4027777910232544,0.037530023604631424
YDR099W,YCR092C,1,2.6928794,0.5204603672027588,0.403769850730896,0.037530023604631424
YDR118W,YOL141W,0,2.6926265,0.5197956562042236,0.403769850730896,0.0376301035284996
YAR007C,YBR088C,1,2.6911037,0.5204081535339355,0.4047619104385376,0.0376301035284996
YBR088C,YAR007C,1,2.6911037,0.5210191011428833,0.4057539701461792,0.0376301035284996
YNL224C,YPL121C,0,2.6895866,0.5203562378883362,0.4057539701461792,0.03773018345236778
YPR201W,YDR364C,0,2.6894722,0.5196950435638428,0.4057539701461792,0.03783026337623596
YPR163C,YGR113W,0,2.684526,0.5190355181694031,0.4057539701461792,0.03793034330010414
YBR087W,YHR085W,1,2.6824608,0.519645094871521,0.4067460298538208,0.03793034330010414
YNL102W,YML069W,1,2.6791787,0.5202531814575195,0.4077380895614624,0.03793034330010414
YGL050W,YGR030C,0,2.6790347,0.5195954442024231,0.4077380895614624,0.03803042322397232
YGR109C,YCR092C,1,2.6771295,0.5202020406723022,0.408730149269104,0.03803042322397232
YKR083C,YNL001W,0,2.6748462,0.5195460319519043,0.408730149269104,0.0381305031478405
YKR036C,YFR031C,0,2.6715667,0.5188916921615601,0.408730149269104,0.03823058307170868
YMR234W,YNL312W,1,2.6715622,0.5194968581199646,0.4097222089767456,0.03823058307170868
YKL173W,YLR385C,0,2.666063,0.5188442468643188,0.4097222089767456,0.03833066299557686
YOR191W,YPL040C,0,2.6653013,0.518193244934082,0.4097222089767456,0.03843074291944504
YJL090C,YCR092C,1,2.6649013,0.518796980381012,0.4107142984867096,0.03843074291944504
YMR019W,YLR383W,0,2.6633177,0.5181477069854736,0.4107142984867096,0.03853082284331322
YGR007W,YOL108C,0,2.662911,0.5174999833106995,0.4107142984867096,0.038630906492471695
YPL021W,YML065W,0,2.6615973,0.516853928565979,0.4107142984867096,0.038730986416339874
YGL213C,YER171W,0,2.6594317,0.5162094831466675,0.4107142984867096,0.038831066340208054
YDL164C,YER095W,1,2.658443,0.5168119668960571,0.4117063581943512,0.038831066340208054
YJR089W,YGR280C,0,2.657824,0.5161691308021545,0.4117063581943512,0.03893114626407623
YDR142C,YKR077W,0,2.6550303,0.5155279636383057,0.4117063581943512,0.03903122618794441
YIL146C,YPL209C,0,2.6549432,0.514888346195221,0.4117063581943512,0.03913130611181259
YMR023C,YOR308C,0,2.652153,0.5142503380775452,0.4117063581943512,0.03923138603568077
YAL055W,YGL211W,0,2.650701,0.5136138796806335,0.4117063581943512,0.03933146595954895
YDR488C,YNL317W,0,2.6463404,0.5129789710044861,0.4117063581943512,0.03943154588341713
YLL022C,YJR140C,0,2.6451602,0.5123456716537476,0.4117063581943512,0.03953162580728531
YDR419W,YBR228W,1,2.6440022,0.5129469633102417,0.4126984179019928,0.03953162580728531
YJR035W,YPL040C,0,2.6417377,0.5123152732849121,0.4126984179019928,0.03963170573115349
YDR386W,YPR178W,0,2.6408434,0.5116851329803467,0.4126984179019928,0.03973178565502167
YGR116W,YDR323C,0,2.639902,0.5110564827919006,0.4126984179019928,0.03983186557888985
YER044C-A,YJR106W,0,2.6389692,0.5104294419288635,0.4126984179019928,0.039931945502758026
YOL078W,YFR037C,0,2.6384363,0.5098039507865906,0.4126984179019928,0.040032025426626205
YMR076C,YMR001C,0,2.6367126,0.509179949760437,0.4126984179019928,0.040132105350494385
YOR150W,YPL082C,0,2.634749,0.5085574388504028,0.4126984179019928,0.040232185274362564
YLR321C,YBL023C,1,2.6339989,0.5091575384140015,0.4136904776096344,0.040232185274362564
YGR142W,YHR172W,0,2.6333952,0.5085365772247314,0.4136904776096344,0.04033226519823074
YBR049C,YGR271W,0,2.6325574,0.5079171657562256,0.4136904776096344,0.04043234512209892
YKR083C,YDL179W,0,2.6313286,0.5072992444038391,0.4136904776096344,0.0405324250459671
YDR179C,YIL005W,0,2.6313238,0.5066828727722168,0.4136904776096344,0.04063250496983528
YIL093C,YGL066W,0,2.631239,0.5060679316520691,0.4136904776096344,0.04073258489370346
YOR116C,YPR095C,0,2.6305962,0.5054545402526855,0.4136904776096344,0.04083266481757164
YLR117C,YDR419W,1,2.629206,0.5060532689094543,0.414682537317276,0.04083266481757164
YPL146C,YPL001W,0,2.6280565,0.5054413676261902,0.414682537317276,0.04093274474143982
YKL108W,YLR384C,0,2.6265023,0.5048308968544006,0.414682537317276,0.041032824665308
YGL061C,YLR353W,0,2.6256795,0.5042219758033752,0.414682537317276,0.04113290458917618
YGL105W,YOL006C,0,2.6227112,0.5036144852638245,0.414682537317276,0.041232988238334656
YDR153C,YLR386W,0,2.6221538,0.5030084252357483,0.414682537317276,0.041333068162202835
YMR023C,YGL174W,0,2.6192908,0.5024038553237915,0.414682537317276,0.041433148086071014
YJR055W,YBL018C,0,2.6180198,0.5018007159233093,0.414682537317276,0.041533228009939194
YNR010W,YER040W,0,2.617795,0.5011990666389465,0.414682537317276,0.04163330793380737
YJL047C,YHR031C,1,2.6174366,0.5017964243888855,0.4156745970249176,0.04163330793380737
YIL142W,YDL013W,0,2.6159964,0.5011961460113525,0.4156745970249176,0.04173338785767555
YPR178W,YNL236W,0,2.6156216,0.500597357749939,0.4156745970249176,0.04183346778154373
YML065W,YNL068C,1,2.611589,0.5011933445930481,0.4166666567325592,0.04183346778154373
YLR212C,YGL022W,0,2.6115632,0.5005959272384644,0.4166666567325592,0.04193354770541191
YOR217W,YDL101C,1,2.6111479,0.5011904835700989,0.4176587164402008,0.04193354770541191
YPR023C,YDR121W,1,2.6111312,0.5017836093902588,0.4186508059501648,0.04193354770541191
YBR202W,YIR002C,1,2.610835,0.5023753046989441,0.4196428656578064,0.04193354770541191
YMR117C,YPR102C,0,2.6102705,0.5017793774604797,0.4196428656578064,0.04203362762928009
YNL257C,YFR008W,0,2.6093554,0.5011848211288452,0.4196428656578064,0.04213370755314827
YKL154W,YDR330W,0,2.6069813,0.5005916953086853,0.4196428656578064,0.04223378747701645
YDR118W,YHR152W,0,2.6049676,0.5,0.4196428656578064,0.04233386740088463
YAL013W,YBR136W,1,2.6034923,0.5005903244018555,0.420634925365448,0.04233386740088463
YHR081W,YMR153W,0,2.6033304,0.5,0.420634925365448,0.04243394732475281
YNR052C,YMR263W,0,2.6033292,0.49941107630729675,0.420634925365448,0.04253402724862099
YFR027W,YER098W,0,2.6012213,0.49882352352142334,0.420634925365448,0.042634107172489166
YPL032C,YHR061C,0,2.6006937,0.49823737144470215,0.420634925365448,0.042734187096357346
YDR172W,YCR096C,0,2.600484,0.4976525902748108,0.420634925365448,0.042834267020225525
YDL164C,YBR202W,1,2.6001055,0.49824151396751404,0.4216269850730896,0.042834267020225525
YBR098W,YLR274W,1,2.5995626,0.49882903695106506,0.4226190447807312,0.042834267020225525
YGR109C,YPL181W,1,2.598919,0.49941521883010864,0.4236111044883728,0.042834267020225525
YOL146W,YPR120C,1,2.5981863,0.5,0.4246031641960144,0.042834267020225525
YOL094C,YLR274W,1,2.596545,0.5005834102630615,0.425595223903656,0.042834267020225525
YGL183C,YJL047C,0,2.5926058,0.5,0.425595223903656,0.042934346944093704
YLR117C,YBR088C,1,2.5904758,0.5005820989608765,0.42658731341362,0.042934346944093704
YJR140C,YMR235C,0,2.5884845,0.5,0.42658731341362,0.043034426867961884
YNL021W,YOL009C,0,2.587209,0.49941927194595337,0.42658731341362,0.04313450679183006
YBR112C,YLR314C,0,2.5864074,0.4988399147987366,0.42658731341362,0.04323458671569824
YOL146W,YPR007C,0,2.5813093,0.49826186895370483,0.42658731341362,0.04333466663956642
YKL052C,YLR222C,0,2.5795436,0.49768519401550293,0.42658731341362,0.0434347465634346
YKR099W,YFL013C,0,2.5782638,0.4971098303794861,0.42658731341362,0.04353482648730278
YAL034W-A,YLL001W,0,2.5780458,0.4965358078479767,0.42658731341362,0.04363490641117096
YHR031C,YBR274W,1,2.5758996,0.4971165060997009,0.4275793731212616,0.04363490641117096
YLR017W,YLR314C,0,2.57476,0.4965437650680542,0.4275793731212616,0.04373498633503914
YPR162C,YDL074C,1,2.574724,0.497123122215271,0.4285714328289032,0.04373498633503914
YDL167C,YKL028W,0,2.574428,0.4965517222881317,0.4285714328289032,0.04383506625890732
YLR429W,YKL059C,0,2.5744233,0.4959816336631775,0.4285714328289032,0.043935149908065796
YBR272C,YGL063W,0,2.5743237,0.4954128563404083,0.4285714328289032,0.044035229831933975
YFR027W,YAL033W,0,2.573897,0.49484536051750183,0.4285714328289032,0.044135309755802155
YGR220C,YML113W,0,2.5729692,0.4942791759967804,0.4285714328289032,0.044235389679670334
YNR027W,YER018C,0,2.5703497,0.49371427297592163,0.4285714328289032,0.04433546960353851
YBR278W,YBR088C,1,2.5699308,0.4942922294139862,0.4295634925365448,0.04433546960353851
YGL201C,YDR419W,1,2.5656707,0.4948688745498657,0.4305555522441864,0.04433546960353851
YLR074C,YLR315W,0,2.5655065,0.49430525302886963,0.4305555522441864,0.04443554952740669
YDR296W,YDL074C,1,2.563161,0.4948805570602417,0.431547611951828,0.04443554952740669
YOR087W,YPR152C,0,2.5628693,0.4943181872367859,0.431547611951828,0.04453562945127487
YKL033W,YOR330C,0,2.5618746,0.49375709891319275,0.431547611951828,0.04463570937514305
YDR106W,YMR115W,0,2.5612984,0.4931972920894623,0.431547611951828,0.04473578929901123
YAL013W,YDR310C,1,2.5611897,0.4937712252140045,0.4325396716594696,0.04473578929901123
YNL072W,YHR085W,1,2.5611575,0.4943438768386841,0.4335317313671112,0.04473578929901123
YPL167C,YDR066C,0,2.5603447,0.4937853217124939,0.4335317313671112,0.04483586922287941
YNL290W,YLL004W,1,2.556932,0.4943566620349884,0.4345238208770752,0.04483586922287941
YBR170C,YHR085W,1,2.5552325,0.49492672085762024,0.4355158805847168,0.04483586922287941
YOR367W,YMR247C,0,2.5546405,0.49436935782432556,0.4355158805847168,0.04493594914674759
YDR201W,YLL003W,0,2.5544407,0.49381327629089355,0.4355158805847168,0.04503602907061577
YJR092W,YGL172W,0,2.5528545,0.49325841665267944,0.4355158805847168,0.04513610899448395
YLR010C,YLR223C,0,2.5526373,0.492704838514328,0.4355158805847168,0.04523618891835213
YPR031W,YDR022C,0,2.5523977,0.49215245246887207,0.4355158805847168,0.045336268842220306
YLR052W,YNL304W,0,2.5512226,0.4916013479232788,0.4355158805847168,0.045436348766088486
YPR111W,YMR176W,0,2.5490088,0.49105146527290344,0.4355158805847168,0.045536428689956665
YNL312W,YAR007C,1,2.546516,0.49162012338638306,0.4365079402923584,0.045536428689956665
YLR052W,YMR156C,0,2.5460405,0.4910714328289032,0.4365079402923584,0.045636508613824844
YPL050C,YDR017C,0,2.5449119,0.49052396416664124,0.4365079402923584,0.045736588537693024
YOR151C,YMR061W,0,2.543268,0.48997771739959717,0.4365079402923584,0.0458366684615612
YBR087W,YLR381W,1,2.54091,0.4905450642108917,0.4375,0.0458366684615612
YLL011W,YIL061C,0,2.5408893,0.49000000953674316,0.4375,0.04593674838542938
YDR393W,YMR094W,0,2.5403879,0.4894561469554901,0.4375,0.04603682830929756
YGR013W,YDR200C,0,2.539105,0.48891353607177734,0.4375,0.04613690823316574
YHR105W,YDL113C,0,2.5358157,0.4883720874786377,0.4375,0.04623698815703392
YJR057W,YDL064W,0,2.5350108,0.48783186078071594,0.4375,0.0463370680809021
YOR351C,YBL009W,0,2.533203,0.4872928261756897,0.4375,0.04643714800477028
YKL113C,YNL312W,1,2.532257,0.48785871267318726,0.4384920597076416,0.04643714800477028
YNL329C,YOR026W,0,2.5306783,0.48732084035873413,0.4384920597076416,0.04653722792863846
YFL061W,YGL244W,0,2.529933,0.4867841303348541,0.4384920597076416,0.046637311577796936
YNL273W,YPL181W,1,2.5288181,0.487348735332489,0.4394841194152832,0.046637311577796936
YDL164C,YGL207W,1,2.5275362,0.4879120886325836,0.4404761791229248,0.046637311577796936
YHR164C,YPL029W,1,2.5267425,0.48847419023513794,0.4414682686328888,0.046637311577796936
YFL060C,YDR295C,0,2.5259976,0.4879385828971863,0.4414682686328888,0.046737391501665115
YOR194C,YDR283C,0,2.5255828,0.4874041676521301,0.4414682686328888,0.046837471425533295
YNL331C,YER044C-A,0,2.5171008,0.4868708848953247,0.4414682686328888,0.046937551349401474
YLR321C,YGR133W,0,2.511684,0.4863387942314148,0.4414682686328888,0.04703763127326965
YLR045C,YKL079W,0,2.5107489,0.485807865858078,0.4414682686328888,0.04713771119713783
YML061C,YPL016W,1,2.509454,0.4863685965538025,0.4424603283405304,0.04713771119713783
YNL258C,YER122C,0,2.5085075,0.48583877086639404,0.4424603283405304,0.04723779112100601
YFR003C,YOR038C,0,2.5080748,0.4853101074695587,0.4424603283405304,0.04733787104487419
YJR006W,YDL074C,1,2.5077043,0.48586955666542053,0.443452388048172,0.04733787104487419
YMR190C,YDR110W,1,2.5061142,0.48642778396606445,0.4444444477558136,0.04733787104487419
YGL201C,YDR054C,1,2.5031695,0.48698481917381287,0.4454365074634552,0.04733787104487419
YCL061C,YBR260C,0,2.500886,0.4864571988582611,0.4454365074634552,0.04743795096874237
YGL201C,YGL251C,1,2.5007088,0.48701298236846924,0.4464285671710968,0.04743795096874237
YLR337C,YKR008W,0,2.5006995,0.4864864945411682,0.4464285671710968,0.04753803089261055
YDR291W,YPL018W,0,2.5002892,0.48596110939979553,0.4464285671710968,0.04763811081647873
YDR159W,YGL142C,0,2.4996305,0.48543688654899597,0.4464285671710968,0.04773819074034691
YLR310C,YPR169W,0,2.4992313,0.48491379618644714,0.4464285671710968,0.04783827066421509
YEL030W,YOR017W,0,2.4986982,0.48439180850982666,0.4464285671710968,0.04793835058808327
YHR154W,YGL144C,0,2.4966686,0.4838709533214569,0.4464285671710968,0.04803843051195145
YLR016C,YJL180C,0,2.4956737,0.4833512306213379,0.4464285671710968,0.048138510435819626
YKL134C,YMR306W,0,2.4954638,0.4828326106071472,0.4464285671710968,0.048238590359687805
YBL013W,YDR460W,0,2.493829,0.4823151230812073,0.4464285671710968,0.048338670283555984
YKL022C,YNL329C,0,2.4933662,0.4817987084388733,0.4464285671710968,0.048438750207424164
YDR429C,YLR115W,0,2.493175,0.48128342628479004,0.4464285671710968,0.04853883013129234
YKL022C,YLR002C,1,2.4930387,0.48183760046958923,0.4474206268787384,0.04853883013129234
YIL131C,YOL004W,1,2.4929245,0.4823906123638153,0.44841268658638,0.04853883013129234
YIL008W,YMR163C,0,2.4891334,0.48187634348869324,0.44841268658638,0.04863891005516052
YIL093C,YJL140W,0,2.4878936,0.4813631474971771,0.44841268658638,0.0487389899790287
YAL047C,YKR002W,0,2.4875221,0.48085105419158936,0.44841268658638,0.04883906990289688
YPR152C,YER126C,0,2.486939,0.48034006357192993,0.44841268658638,0.04893914982676506
YOL006C,YOR080W,1,2.4868674,0.48089173436164856,0.449404776096344,0.04893914982676506
YMR043W,YDR363W,0,2.4839895,0.4803817570209503,0.449404776096344,0.04903922975063324
YMR060C,YGR074W,0,2.4837377,0.4798728823661804,0.449404776096344,0.04913930967450142
YNL110C,YMR076C,0,2.4833293,0.4793650805950165,0.449404776096344,0.0492393933236599
YPR189W,YPR161C,0,2.481429,0.4788583517074585,0.449404776096344,0.049339473247528076
YKL045W,YDR310C,1,2.4802384,0.4794086515903473,0.4503968358039856,0.049339473247528076
YGR253C,YEL032W,0,2.4785697,0.4789029657840729,0.4503968358039856,0.049439553171396255
YJR092W,YBL051C,0,2.4780855,0.47839832305908203,0.4503968358039856,0.049539633095264435
YJL122W,YIR002C,0,2.4775214,0.47789472341537476,0.4503968358039856,0.049639713019132614
YNL207W,YKL012W,0,2.4737349,0.4773922264575958,0.4503968358039856,0.04973979294300079
YHL024W,YPR162C,1,2.4728465,0.4779411852359772,0.4513888955116272,0.04973979294300079
YER095W,YBR087W,1,2.4727607,0.4784889817237854,0.4523809552192688,0.04973979294300079
YHR105W,YKR064W,0,2.4724348,0.4779874086380005,0.4523809552192688,0.04983987286686897
YDR495C,YDR412W,0,2.4717767,0.47748690843582153,0.4523809552192688,0.04993995279073715
YMR198W,YPR189W,0,2.4695659,0.47698745131492615,0.4523809552192688,0.05004003271460533
YMR234W,YER164W,1,2.468926,0.4775339663028717,0.4533730149269104,0.05004003271460533
YKR002W,YLR383W,0,2.4684567,0.4770354926586151,0.4533730149269104,0.05014011263847351
YLR016C,YMR294W,0,2.4640226,0.4765380620956421,0.4533730149269104,0.05024019256234169
YBR060C,YIR008C,1,2.462979,0.47708332538604736,0.454365074634552,0.05024019256234169
YAR007C,YDR217C,1,2.4622102,0.4776274859905243,0.4553571343421936,0.05024019256234169
YBR182C,YKR072C,0,2.4593081,0.4771309792995453,0.4553571343421936,0.05034027248620987
YCR028C-A,YDR013W,1,2.4583218,0.4776739478111267,0.4563491940498352,0.05034027248620987
YHR084W,YJR093C,0,2.4582903,0.4771784245967865,0.4563491940498352,0.05044035241007805
YMR138W,YDR137W,0,2.4561257,0.47668394446372986,0.4563491940498352,0.05054043233394623
YDR324C,YOL069W,0,2.4540563,0.4761904776096344,0.4563491940498352,0.05064051225781441
YAL013W,YGR048W,1,2.4527707,0.47673216462135315,0.4573412835597992,0.05064051225781441
YKL197C,YDR308C,0,2.452744,0.4762396812438965,0.4573412835597992,0.05074059218168259
YBR170C,YLR321C,1,2.4524894,0.4767801761627197,0.4583333432674408,0.05074059218168259
YDR441C,YOL069W,0,2.4517765,0.47628864645957947,0.4583333432674408,0.050840672105550766
YBR112C,YLR151C,0,2.4441528,0.4757981598377228,0.4583333432674408,0.050940752029418945
YDL042C,YCR096C,0,2.4432359,0.4753086566925049,0.4583333432674408,0.051040831953287125
YJL176C,YLL003W,0,2.4427037,0.4748201370239258,0.4583333432674408,0.051140911877155304
YOR196C,YLR314C,0,2.4406867,0.47433266043663025,0.4583333432674408,0.05124099180102348
YKL021C,YMR032W,0,2.4401815,0.4738461673259735,0.4583333432674408,0.05134107172489166
YAL013W,YLR147C,0,2.4389443,0.47336065769195557,0.4583333432674408,0.05144115164875984
YBR049C,YGL139W,0,2.4386039,0.4728761613368988,0.4583333432674408,0.05154123157262802
YDR121W,YGR048W,1,2.438027,0.4734151363372803,0.4593254029750824,0.05154123157262802
YDL098C,YKR072C,0,2.4371893,0.47293156385421753,0.4593254029750824,0.0516413114964962
YAL017W,YIL126W,0,2.435554,0.4724489748477936,0.4593254029750824,0.05174139142036438
YEL070W,YLR275W,0,2.4332514,0.4719673693180084,0.4593254029750824,0.05184147134423256
YBL035C,YLR002C,1,2.4321942,0.4725050926208496,0.460317462682724,0.05184147134423256
YDR101C,YNL088W,0,2.4320254,0.47202441096305847,0.460317462682724,0.05194155499339104
YNL039W,YPL118W,0,2.4307613,0.47154471278190613,0.460317462682724,0.052041634917259216
YFL002C,YDR017C,0,2.4303255,0.4710659980773926,0.460317462682724,0.052141714841127396
YER129W,YDR110W,1,2.4278393,0.4716024398803711,0.4613095223903656,0.052141714841127396
YPL083C,YBR278W,0,2.4276772,0.4711246192455292,0.4613095223903656,0.052241794764995575
YDL017W,YGR048W,1,2.4276702,0.47165992856025696,0.4623015820980072,0.052241794764995575
YGR225W,YCR020W-B,0,2.4274416,0.47118300199508667,0.4623015820980072,0.052341874688863754
YDR478W,YHL025W,0,2.4270673,0.4707070589065552,0.4623015820980072,0.052441954612731934
YGL175C,YJL065C,0,2.425469,0.4702320992946625,0.4623015820980072,0.05254203453660011
YDR392W,YBR288C,0,2.4244118,0.4697580635547638,0.4623015820980072,0.05264211446046829
YPR175W,YER129W,1,2.4233189,0.47029203176498413,0.4632936418056488,0.05264211446046829
YOL017W,YOL124C,0,2.4232733,0.46981891989707947,0.4632936418056488,0.05274219438433647
YKL078W,YDR419W,0,2.4214141,0.4693467319011688,0.4632936418056488,0.05284227430820465
YIL095W,YDL069C,0,2.4201417,0.4688754975795746,0.4632936418056488,0.05294235423207283
YER129W,YLR320W,1,2.4193432,0.46940821409225464,0.4642857015132904,0.05294235423207283
YKL149C,YMR028W,0,2.418092,0.46893787384033203,0.4642857015132904,0.05304243415594101
YDR303C,YLR320W,1,2.4178128,0.46946945786476135,0.4652777910232544,0.05304243415594101
YER093C,YMR033W,0,2.4177809,0.4690000116825104,0.4652777910232544,0.05314251407980919
YHL024W,YPR164W,1,2.417396,0.46953046321868896,0.466269850730896,0.05314251407980919
YGR156W,YML062C,0,2.4165754,0.46906188130378723,0.466269850730896,0.05324259400367737
YPL119C,YGR091W,0,2.4158506,0.4685942232608795,0.466269850730896,0.05334267392754555
YFR008W,YPL082C,0,2.4156837,0.4681274890899658,0.466269850730896,0.05344275385141373
YML127W,YPR119W,0,2.412477,0.46766167879104614,0.466269850730896,0.053542833775281906
YOL003C,YAL034W-A,0,2.4121804,0.46719682216644287,0.466269850730896,0.053642913699150085
YER016W,YBR094W,0,2.4107223,0.46673285961151123,0.466269850730896,0.053742993623018265
YPL032C,YDR238C,0,2.4104028,0.466269850730896,0.466269850730896,0.053843073546886444
YLR320W,YBR136W,1,2.4100692,0.4667988121509552,0.4672619104385376,0.053843073546886444
YNL094W,YMR069W,0,2.4099903,0.4663366377353668,0.4672619104385376,0.05394315347075462
YGL061C,YKL015W,0,2.4071708,0.4658753573894501,0.4672619104385376,0.0540432333946228
YGR173W,YGR188C,0,2.4069006,0.46541503071784973,0.4672619104385376,0.05414331331849098
YMR198W,YKR034W,0,2.4054933,0.46495556831359863,0.4672619104385376,0.05424339324235916
YDR296W,YCL061C,1,2.4043016,0.46548324823379517,0.4682539701461792,0.05424339324235916
YOL072W,YBR050C,0,2.4015765,0.4650246202945709,0.4682539701461792,0.05434347316622734
YDR104C,YJL003W,0,2.400767,0.4645669162273407,0.4682539701461792,0.05444355309009552
YHR191C,YDR054C,1,2.4001455,0.4650934040546417,0.4692460298538208,0.05444355309009552
YNL183C,YGL254W,0,2.3974323,0.46463653445243835,0.4692460298538208,0.054543636739254
YJL047C,YMR234W,1,2.3954272,0.46516191959381104,0.4702380895614624,0.054543636739254
YNL102W,YOL004W,1,2.393888,0.46568626165390015,0.471230149269104,0.054543636739254
YGL128C,YGL086W,0,2.3933492,0.46523016691207886,0.471230149269104,0.05464371666312218
YIL009C-A,YOR089C,0,2.3933187,0.4647749364376068,0.471230149269104,0.054743796586990356
YPL192C,YJL168C,0,2.3920505,0.4643206298351288,0.471230149269104,0.054843876510858536
YJL053W,YMR001C,0,2.3918905,0.4638671875,0.471230149269104,0.054943956434726715
YOR327C,YOR330C,0,2.3906498,0.46341463923454285,0.471230149269104,0.055044036358594894
YGR109C,YLR117C,1,2.389875,0.4639376103878021,0.4722222089767456,0.055044036358594894
YMR035W,YMR131C,0,2.387587,0.46348586678504944,0.4722222089767456,0.055144116282463074
YCR081W,YGR097W,0,2.3873892,0.4630350172519684,0.4722222089767456,0.05524419620633125
YJL090C,YBR060C,1,2.385129,0.46355685591697693,0.4732142984867096,0.05524419620633125
YLR233C,YGR052W,0,2.3829362,0.46310678124427795,0.4732142984867096,0.05534427613019943
YOR174W,YCL029C,0,2.3819995,0.4626576006412506,0.4732142984867096,0.05544435605406761
YJL176C,YJL061W,0,2.3810313,0.4622093141078949,0.4732142984867096,0.05554443597793579
YLR016C,YPL097W,0,2.3796024,0.46176186203956604,0.4732142984867096,0.05564451590180397
YBR131W,YER029C,0,2.378446,0.4613152742385864,0.4732142984867096,0.05574459582567215
YGL192W,YIR008C,1,2.3778596,0.46183574199676514,0.4742063581943512,0.05574459582567215
YBR205W,YEL061C,0,2.3769734,0.46138995885849,0.4742063581943512,0.05584467574954033
YKL045W,YBL023C,1,2.3766541,0.46190935373306274,0.4751984179019928,0.05584467574954033
YOL148C,YLR315W,0,2.3744783,0.4614643454551697,0.4751984179019928,0.05594475567340851
YAL047C,YOR023C,0,2.374329,0.46102020144462585,0.4751984179019928,0.05604483559727669
YIL150C,YML065W,1,2.3735797,0.4615384638309479,0.4761904776096344,0.05604483559727669
YBL014C,YMR113W,0,2.3730583,0.46109509468078613,0.4761904776096344,0.05614491552114487
YAL021C,YOR279C,1,2.370584,0.4616122841835022,0.477182537317276,0.05614491552114487
YHL024W,YDL017W,1,2.3686466,0.46212849020957947,0.4781745970249176,0.05614491552114487
YLR135W,YDL017W,1,2.3683367,0.46264368295669556,0.4791666567325592,0.05614491552114487
YLR274W,YLL004W,1,2.367577,0.46315789222717285,0.4801587164402008,0.05614491552114487
YDL214C,YLR166C,0,2.3655386,0.46271511912345886,0.4801587164402008,0.056244995445013046
YLR320W,YAR007C,1,2.3646078,0.4632282853126526,0.4811508059501648,0.056244995445013046
YDR332W,YPL164C,0,2.3640723,0.4627862572669983,0.4811508059501648,0.056345075368881226
YML077W,YDR482C,0,2.3634872,0.46234509348869324,0.4811508059501648,0.056445155292749405
YMR270C,YBL079W,0,2.3627877,0.46190476417541504,0.4811508059501648,0.056545235216617584
YNL039W,YDR507C,0,2.3619845,0.4614652693271637,0.4811508059501648,0.056645315140485764
YAL011W,YGL192W,0,2.3599765,0.4610266089439392,0.4811508059501648,0.05674539506435394
YJL161W,YLR234W,0,2.358324,0.4605887830257416,0.4811508059501648,0.05684547498822212
YBL075C,YLR263W,0,2.358005,0.4601517915725708,0.4811508059501648,0.0569455549120903
YKL113C,YOR148C,0,2.357348,0.4597156345844269,0.4811508059501648,0.05704563483595848
YHR061C,YHR086W,0,2.3566313,0.4592803120613098,0.4811508059501648,0.05714571475982666
YFR033C,YGR188C,0,2.3555968,0.4588457942008972,0.4811508059501648,0.05724579840898514
YBR060C,YDR489W,1,2.3549929,0.45935729146003723,0.4821428656578064,0.05724579840898514
YHR115C,YLR361C,0,2.354401,0.4589235186576843,0.4821428656578064,0.05734587833285332
YOL141W,YIL107C,0,2.3543537,0.4584905803203583,0.4821428656578064,0.0574459582567215
YLR417W,YGR173W,0,2.3535924,0.4580584466457367,0.4821428656578064,0.057546038180589676
YMR094W,YDR315C,0,2.352964,0.4576271176338196,0.4821428656578064,0.057646118104457855
YDR499W,YPR112C,0,2.3502429,0.4571966230869293,0.4821428656578064,0.057746198028326035
YDL098C,YDR512C,0,2.3494596,0.45676690340042114,0.4821428656578064,0.057846277952194214
YMR077C,YFL013C,0,2.3466117,0.4563380181789398,0.4821428656578064,0.05794635787606239
YNL289W,YLR430W,0,2.3454633,0.45590993762016296,0.4821428656578064,0.05804643779993057
YPL193W,YBR231C,0,2.3452082,0.4554826617240906,0.4821428656578064,0.05814651772379875
YMR167W,YGL139W,0,2.3450582,0.45505619049072266,0.4821428656578064,0.05824659764766693
YNL072W,YKL108W,1,2.3436937,0.4555659592151642,0.483134925365448,0.05824659764766693
YKL042W,YMR231W,0,2.3405128,0.4551401734352112,0.483134925365448,0.05834667757153511
YPL157W,YIL008W,0,2.340036,0.45471522212028503,0.483134925365448,0.05844675749540329
YNL072W,YJL090C,1,2.339192,0.4552238881587982,0.4841269850730896,0.05844675749540329
YIL063C,YMR033W,0,2.3388119,0.454799622297287,0.4841269850730896,0.05854683741927147
YOR217W,YPL167C,1,2.3356042,0.455307275056839,0.4851190447807312,0.05854683741927147
YBR276C,YIL016W,0,2.33493,0.45488372445106506,0.4851190447807312,0.05864691734313965
YDR296W,YDR110W,1,2.332753,0.4553903341293335,0.4861111044883728,0.05864691734313965
YDR218C,YMR227C,0,2.3319895,0.4549674987792969,0.4861111044883728,0.05874699726700783
YIL061C,YDR128W,0,2.330905,0.4545454680919647,0.4861111044883728,0.05884707719087601
YBR170C,YML069W,1,2.328671,0.4550509750843048,0.4871031641960144,0.05884707719087601
YLR135W,YOL004W,1,2.3275495,0.4555555582046509,0.488095223903656,0.05884707719087601
YIR023W,YJR093C,0,2.3271902,0.4551341235637665,0.488095223903656,0.058947157114744186
YJL122W,YLR010C,0,2.3265362,0.45471349358558655,0.488095223903656,0.059047237038612366
YLR117C,YLR381W,1,2.3258693,0.45521700382232666,0.48908731341362,0.059047237038612366
YBL103C,YHR005C,0,2.3256028,0.45479705929756165,0.48908731341362,0.059147316962480545
YML103C,YML095C,0,2.3247228,0.4543778896331787,0.48908731341362,0.059247396886348724
YEL030W,YJL047C,0,2.3236587,0.45395949482917786,0.48908731341362,0.059347476810216904
YML080W,YPR007C,0,2.3234124,0.4535418450832367,0.48908731341362,0.05944755673408508
YDR529C,YGR056W,0,2.3233767,0.453125,0.48908731341362,0.05954763665795326
YJL030W,YPR168W,0,2.321435,0.452708899974823,0.48908731341362,0.05964771658182144
YOL146W,YPR164W,1,2.321374,0.4532110095024109,0.4900793731212616,0.05964771658182144
YMR138W,YBL034C,0,2.3191652,0.4527955949306488,0.4900793731212616,0.05974779650568962
YOR195W,YCL010C,0,2.31885,0.4523809552192688,0.4900793731212616,0.0598478801548481
YMR128W,YAR018C,0,2.3173337,0.4519670605659485,0.4900793731212616,0.05994796007871628
YLR320W,YLR316C,0,2.3161483,0.45155394077301025,0.4900793731212616,0.06004804000258446
YDR416W,YOR372C,0,2.3120112,0.4511415660381317,0.4900793731212616,0.06014811992645264
YMR231W,YGL083W,0,2.3119946,0.45072993636131287,0.4900793731212616,0.060248199850320816
YCR086W,YMR153W,0,2.3092074,0.4503190517425537,0.4900793731212616,0.060348279774188995
YOR140W,YGR223C,0,2.307942,0.44990891218185425,0.4900793731212616,0.060448359698057175
YBR276C,YMR048W,1,2.307928,0.450409471988678,0.4910714328289032,0.060448359698057175
YDL017W,YAR007C,1,2.3061352,0.4509090781211853,0.4920634925365448,0.060448359698057175
YDL247W,YOL141W,0,2.3051448,0.4504995346069336,0.4920634925365448,0.060548439621925354
YKL045W,YLR430W,1,2.3050923,0.4509981870651245,0.4930555522441864,0.060548439621925354
YER183C,YGL192W,0,2.3049288,0.45058929920196533,0.4930555522441864,0.06064851954579353
YPR152C,YCL052C,0,2.304804,0.45018115639686584,0.4930555522441864,0.06074859946966171
YGL047W,YOL069W,0,2.3043044,0.44977375864982605,0.4930555522441864,0.06084867939352989
YMR137C,YPL120W,0,2.3019686,0.44936707615852356,0.4930555522441864,0.06094875931739807
YKL099C,YNR008W,0,2.3018665,0.44896116852760315,0.4930555522441864,0.06104883924126625
YLR292C,YNL323W,0,2.3014598,0.44855594635009766,0.4930555522441864,0.06114891916513443
YDR213W,YNL139C,0,2.301348,0.44815149903297424,0.4930555522441864,0.06124899908900261
YER012W,YLR314C,0,2.300972,0.44774773716926575,0.4930555522441864,0.06134907901287079
YDL225W,YPR190C,0,2.2954378,0.44734472036361694,0.4930555522441864,0.06144915893673897
YMR176W,YDL013W,0,2.295019,0.44694244861602783,0.4930555522441864,0.06154923886060715
YBR155W,YOR036W,0,2.2886333,0.446540892124176,0.4930555522441864,0.06164931878447533
YDR140W,YCL061C,0,2.288024,0.44614002108573914,0.4930555522441864,0.061749398708343506
YPL146C,YBR274W,0,2.2846196,0.4457399249076843,0.4930555522441864,0.061849478632211685
YOR060C,YAR007C,1,2.2824078,0.4462365508079529,0.494047611951828,0.061849478632211685
YNR010W,YEL055C,0,2.27922,0.4458370506763458,0.494047611951828,0.061949558556079865
YNL330C,YNL290W,1,2.2751312,0.446332722902298,0.4950396716594696,0.061949558556079865
YMR167W,YPR095C,0,2.2747698,0.44593387842178345,0.4950396716594696,0.062049638479948044
YBR087W,YBR274W,1,2.271345,0.4464285671710968,0.4960317313671112,0.062049638479948044
YMR234W,YBR057C,1,2.270144,0.4469223916530609,0.4970238208770752,0.062049638479948044
YEL032W,YBR274W,1,2.269239,0.4474153220653534,0.4980158805847168,0.062049638479948044
YOL006C,YBR274W,1,2.268156,0.44790738821029663,0.4990079402923584,0.062049638479948044
YBL103C,YGL174W,0,2.2666736,0.44750890135765076,0.4990079402923584,0.06214971840381622
YLR017W,YML065W,0,2.265168,0.4471110999584198,0.4990079402923584,0.0622497983276844
YLR410W,YKR010C,0,2.2637324,0.44671404361724854,0.4990079402923584,0.06234987825155258
YIL009C-A,YGL111W,0,2.2598639,0.4463176429271698,0.4990079402923584,0.06244995817542076
YGL233W,YGL150C,0,2.2581816,0.44592198729515076,0.4990079402923584,0.06255003809928894
YFL060C,YKR036C,0,2.2578135,0.44552701711654663,0.4990079402923584,0.06265012174844742
YOR304W,YOR198C,0,2.2571456,0.4451327323913574,0.4990079402923584,0.0627501979470253
YPR023C,YNL102W,1,2.2547042,0.44562333822250366,0.5,0.0627501979470253
YNL262W,YBR006W,0,2.254563,0.4452296793460846,0.5,0.06285028159618378
YDR301W,YKL124W,0,2.2536762,0.44483670592308044,0.5,0.06295035779476166
YNR024W,YER032W,0,2.2529178,0.4444444477558136,0.5,0.06305044144392014
YMR112C,YMR153W,0,2.2524424,0.44405287504196167,0.5,0.06315051764249802
YHL024W,YNL102W,1,2.249255,0.44454225897789,0.5009920597076416,0.06315051764249802
YHR039C-A,YDR118W,0,2.2491243,0.44415128231048584,0.5009920597076416,0.0632506012916565
YOR094W,YPL127C,0,2.2483141,0.4437609910964966,0.5009920597076416,0.06335067749023438
YDL197C,YGR134W,0,2.247964,0.44337138533592224,0.5009920597076416,0.06345076113939285
YLR010C,YCL058C,0,2.2469993,0.4429824650287628,0.5009920597076416,0.06355083733797073
YJR043C,YPR019W,1,2.2467346,0.44347062706947327,0.5019841194152832,0.06355083733797073
YCL016C,YPL181W,1,2.2458332,0.44395795464515686,0.5029761791229248,0.06355083733797073
YGL116W,YGR005C,0,2.2452664,0.443569540977478,0.5029761791229248,0.06365092098712921
YDL042C,YER164W,1,2.2421317,0.4440559446811676,0.5039682388305664,0.06365092098712921
YDR501W,YKR025W,0,2.2419639,0.4436681270599365,0.5039682388305664,0.06375099718570709
YLR103C,YLR430W,1,2.2410965,0.4441535770893097,0.504960298538208,0.06375099718570709
YMR125W,YER106W,0,2.2406094,0.44376635551452637,0.504960298538208,0.06385108083486557
YFL027C,YKL194C,0,2.2404428,0.44337978959083557,0.504960298538208,0.06395116448402405
YMR239C,YJL061W,0,2.2394614,0.4429939091205597,0.504960298538208,0.06405124068260193
YPL269W,YPL030W,0,2.2389112,0.44260868430137634,0.504960298538208,0.0641513243317604
YGL201C,YDR489W,1,2.23656,0.4430929720401764,0.5059523582458496,0.0641513243317604
YNL151C,YAL019W,0,2.2345505,0.4427083432674408,0.5059523582458496,0.06425140053033829
YGL168W,YDR013W,1,2.2300432,0.44319167733192444,0.5069444179534912,0.06425140053033829
YLL003W,YNL052W,0,2.2297049,0.4428076148033142,0.5069444179534912,0.06435148417949677
YLR215C,YPL186C,0,2.2293713,0.4424242377281189,0.5069444179534912,0.06445156037807465
YOL078W,YOL038W,0,2.2293327,0.4420415163040161,0.5069444179534912,0.06455164402723312
YGL021W,YBR198C,0,2.2283192,0.44165945053100586,0.5069444179534912,0.064651720225811
YER129W,YIL150C,1,2.2282863,0.4421416223049164,0.5079365372657776,0.064651720225811
YAL013W,YDL102W,1,2.2279234,0.44262295961380005,0.5089285969734192,0.064651720225811
YNL258C,YHR084W,0,2.2259145,0.442241370677948,0.5089285969734192,0.06475180387496948
YOR290C,YBR136W,1,2.2255547,0.44272178411483765,0.5099206566810608,0.06475180387496948
YNL262W,YJL129C,0,2.224708,0.44234079122543335,0.5099206566810608,0.06485188007354736
YLR453C,YKR072C,0,2.2245352,0.4419604539871216,0.5099206566810608,0.06495196372270584
YAL055W,YKR104W,0,2.2220643,0.44158074259757996,0.5099206566810608,0.06505203992128372
YHR204W,YLR457C,0,2.2211084,0.44120171666145325,0.5099206566810608,0.0651521235704422
YNL273W,YPR019W,1,2.217301,0.4416809678077698,0.5109127163887024,0.0651521235704422
YPL083C,YOR172W,0,2.2166495,0.44130247831344604,0.5109127163887024,0.06525219976902008
YOR179C,YJR052W,0,2.21429,0.44092464447021484,0.5109127163887024,0.06535228341817856
YBR094W,YOR258W,0,2.2134,0.44054746627807617,0.5109127163887024,0.06545235961675644
YMR002W,YBL052C,0,2.2133336,0.44017094373703003,0.5109127163887024,0.06555244326591492
YLR386W,YDR238C,0,2.2111917,0.43979504704475403,0.5109127163887024,0.0656525194644928
YHR103W,YLR052W,0,2.210938,0.43941980600357056,0.5109127163887024,0.06575260311365128
YBR276C,YNL262W,1,2.2103856,0.43989768624305725,0.511904776096344,0.06575260311365128
YCL066W,YPR052C,0,2.2086878,0.43952301144599915,0.511904776096344,0.06585267931222916
YKL186C,YDR495C,0,2.207738,0.4391489326953888,0.511904776096344,0.06595276296138763
YER142C,YDR383C,0,2.207208,0.43877550959587097,0.511904776096344,0.06605283915996552
YJL156C,YMR163C,0,2.2068505,0.4384027123451233,0.511904776096344,0.06615292280912399
YLR032W,YLR114C,0,2.2066598,0.43803057074546814,0.511904776096344,0.06625299900770187
YER169W,YPR030W,0,2.2058592,0.43765902519226074,0.511904776096344,0.06635308265686035
YLR442C,YDL074C,1,2.2042174,0.4381355941295624,0.5128968358039856,0.06635308265686035
YDR147W,YHR177W,0,2.20297,0.43776461482048035,0.5128968358039856,0.06645315885543823
YJR006W,YJL168C,1,2.2025685,0.43824025988578796,0.5138888955116272,0.06645315885543823
YDR263C,YDR166C,0,2.2016659,0.4378698170185089,0.5138888955116272,0.06655324250459671
YDL042C,YDR295C,0,2.1985888,0.4375,0.5138888955116272,0.06665332615375519
YJR076C,YKL014C,0,2.1983469,0.43713080883026123,0.5138888955116272,0.06675340235233307
YGL122C,YNL256W,0,2.1952643,0.4367622137069702,0.5138888955116272,0.06685348600149155
YIL150C,YNL068C,1,2.1936905,0.4372367262840271,0.5148809552192688,0.06685348600149155
YOR005C,YJL173C,1,2.1927757,0.4377104341983795,0.5158730149269104,0.06685348600149155
YOL018C,YNL091W,0,2.19263,0.4373423159122467,0.5158730149269104,0.06695356220006943
YAL031C,YPR135W,0,2.1912847,0.43697479367256165,0.5158730149269104,0.0670536458492279
YDR183W,YLR453C,0,2.190165,0.43660789728164673,0.5158730149269104,0.06715372204780579
YNL273W,YJL047C,1,2.1892886,0.4370805323123932,0.516865074634552,0.06715372204780579
YDL166C,YKL114C,0,2.1890728,0.43671417236328125,0.516865074634552,0.06725380569696426
YOR290C,YDL074C,1,2.1855633,0.43718594312667847,0.5178571343421936,0.06725380569696426
YDR145W,YDR003W,0,2.18525,0.4368200898170471,0.5178571343421936,0.06735388189554214
YNL113W,YGR188C,0,2.185049,0.4364548623561859,0.5178571343421936,0.06745396554470062
YIL021W,YOL124C,0,2.1849456,0.43609023094177246,0.5178571343421936,0.0675540417432785
YOR039W,YML080W,0,2.1829782,0.43572619557380676,0.5178571343421936,0.06765412539243698
YNL136W,YNL078W,0,2.1763997,0.4353628158569336,0.5178571343421936,0.06775420159101486
YLR002C,YDR489W,1,2.1761522,0.4358333349227905,0.5188491940498352,0.06775420159101486
YKR099W,YLR115W,0,2.1752834,0.43547043204307556,0.5188491940498352,0.06785428524017334
YBL069W,YIL027C,0,2.1749156,0.43510815501213074,0.5188491940498352,0.06795436143875122
YDL006W,YDL064W,0,2.1743088,0.43474647402763367,0.5188491940498352,0.0680544450879097
YGR247W,YMR218C,0,2.1719496,0.43438538908958435,0.5188491940498352,0.06815452128648758
YOR191W,YOR067C,0,2.1704168,0.4340249001979828,0.5188491940498352,0.06825460493564606
YML062C,YLR052W,0,2.1698155,0.433665007352829,0.5188491940498352,0.06835468113422394
YEL021W,YEL015W,0,2.1675453,0.4333057105541229,0.5188491940498352,0.06845476478338242
YFR008W,YER144C,0,2.166472,0.4329470098018646,0.5188491940498352,0.0685548409819603
YHL019C,YML060W,0,2.1641521,0.4325889050960541,0.5188491940498352,0.06865492463111877
YJL083W,YGL113W,0,2.1635952,0.4322313964366913,0.5188491940498352,0.06875500082969666
YHR115C,YHR011W,0,2.1629486,0.43187448382377625,0.5188491940498352,0.06885508447885513
YOL054W,YBR251W,0,2.1603491,0.4315181374549866,0.5188491940498352,0.06895516067743301
YIL009W,YOR384W,0,2.1592493,0.43116241693496704,0.5188491940498352,0.06905524432659149
YER095W,YCL016C,1,2.1556044,0.4316309690475464,0.5198412537574768,0.06905524432659149
YOR154W,YJL041W,0,2.1555865,0.43127572536468506,0.5198412537574768,0.06915532797574997
YOR042W,YLR215C,0,2.155076,0.4309210479259491,0.5198412537574768,0.06925540417432785
YHR127W,YDR339C,0,2.1548436,0.4305669665336609,0.5198412537574768,0.06935548782348633
YDL076C,YBR123C,0,2.1543941,0.43021345138549805,0.5198412537574768,0.06945556402206421
YOR304W,YCR033W,0,2.1531663,0.42986053228378296,0.5198412537574768,0.06955564767122269
YDR226W,YCR092C,1,2.1521058,0.4303278625011444,0.5208333134651184,0.06955564767122269
YIR013C,YDR160W,0,2.1517463,0.4299754202365875,0.5208333134651184,0.06965572386980057
YDR468C,YHR061C,0,2.1517034,0.4296235740184784,0.5208333134651184,0.06975580751895905
YHL038C,YHR150W,0,2.1511116,0.42927229404449463,0.5208333134651184,0.06985588371753693
YHR191C,YDL074C,1,2.1490216,0.4297385513782501,0.52182537317276,0.06985588371753693
YHL009C,YDR325W,0,2.1481495,0.42938774824142456,0.52182537317276,0.0699559673666954
YFL049W,YLR213C,0,2.142409,0.42903751134872437,0.52182537317276,0.07005604356527328
YMR263W,YML077W,0,2.1422007,0.4286878705024719,0.52182537317276,0.07015612721443176
YKL188C,YML098W,0,2.1395066,0.42833876609802246,0.52182537317276,0.07025620341300964
YDR213W,YDR361C,0,2.1380286,0.42799022793769836,0.52182537317276,0.07035628706216812
YLR005W,YGL246C,0,2.137599,0.427642285823822,0.52182537317276,0.070456363260746
YMR138W,YOL007C,0,2.1374745,0.42729488015174866,0.52182537317276,0.07055644690990448
YDR383C,YBR065C,0,2.1373143,0.42694804072380066,0.52182537317276,0.07065652310848236
YHR109W,YKR104W,0,2.129368,0.4266017973423004,0.52182537317276,0.07075660675764084
YLR320W,YDR363W-A,0,2.128265,0.42625609040260315,0.52182537317276,0.07085668295621872
YGR270W,YGR243W,0,2.127481,0.42591091990470886,0.52182537317276,0.0709567666053772
YMR234W,YML112W,0,2.1217313,0.42556634545326233,0.52182537317276,0.07105684280395508
YDR473C,YIL010W,0,2.1200528,0.4252223074436188,0.52182537317276,0.07115692645311356
YOR249C,YBR114W,0,2.1188622,0.4248788356781006,0.52182537317276,0.07125700265169144
YPL022W,YER098W,0,2.1184468,0.42453593015670776,0.52182537317276,0.07135708630084991
YNR046W,YOL116W,0,2.117153,0.4241935610771179,0.52182537317276,0.0714571624994278
YGL244W,YBL003C,0,2.1159458,0.42385172843933105,0.52182537317276,0.07155724614858627
YGR120C,YFR032C-A,0,2.1157122,0.42351046204566956,0.52182537317276,0.07165732234716415
YGR216C,YER124C,0,2.1149232,0.4231697618961334,0.52182537317276,0.07175740599632263
YML024W,YLR084C,0,2.1142094,0.4228295683860779,0.52182537317276,0.07185748964548111
YML080W,YPL242C,0,2.112599,0.4224899709224701,0.52182537317276,0.07195756584405899
YDL033C,YJL030W,0,2.1106296,0.4221508800983429,0.52182537317276,0.07205764949321747
YPR070W,YHR143W-A,0,2.1057098,0.42181235551834106,0.52182537317276,0.07215772569179535
YOR266W,YBL104C,0,2.105406,0.4214743673801422,0.52182537317276,0.07225780934095383
YPR107C,YMR069W,0,2.104893,0.42113691568374634,0.52182537317276,0.07235788553953171
YDR243C,YJL041W,0,2.1048136,0.42080000042915344,0.52182537317276,0.07245796918869019
YGL170C,YER098W,0,2.1048017,0.4204636216163635,0.52182537317276,0.07255804538726807
YOR359W,YPR025C,0,2.10412,0.420127809047699,0.52182537317276,0.07265812903642654
YDR356W,YBR019C,0,2.101759,0.419792503118515,0.52182537317276,0.07275820523500443
YKL009W,YIR010W,0,2.101441,0.41945773363113403,0.52182537317276,0.0728582888841629
YNL151C,YPL169C,0,2.1011004,0.41912350058555603,0.52182537317276,0.07295836508274078
YML069W,YNL262W,1,2.1009588,0.4195859730243683,0.5228174328804016,0.07295836508274078
YDR295C,YPL189W,0,2.0995579,0.4192521870136261,0.5228174328804016,0.07305844873189926
YOL021C,YBR002C,0,2.099152,0.4189189076423645,0.5228174328804016,0.07315852493047714
YPR129W,YHR164C,0,2.0990763,0.4185861647129059,0.5228174328804016,0.07325860857963562
YGL065C,YDR311W,0,2.0990365,0.41825395822525024,0.5228174328804016,0.0733586847782135
YER133W,YOL004W,1,2.0982537,0.41871529817581177,0.523809552192688,0.0733586847782135
YLR262C-A,YOR025W,0,2.09425,0.41838350892066956,0.523809552192688,0.07345876842737198
YDR060W,YER041W,0,2.0932403,0.4180522561073303,0.523809552192688,0.07355884462594986
YBR195C,YPL002C,0,2.09244,0.4177215099334717,0.523809552192688,0.07365892827510834
YPR019W,YGL249W,0,2.091527,0.417391300201416,0.523809552192688,0.07375900447368622
YMR053C,YGL250W,0,2.091197,0.41706159710884094,0.523809552192688,0.0738590881228447
YBL026W,YNL259C,0,2.0906103,0.41673243045806885,0.523809552192688,0.07395916432142258
YLR430W,YNL312W,1,2.0897372,0.4171924293041229,0.5248016119003296,0.07395916432142258
YOR301W,YBR009C,0,2.089623,0.41686367988586426,0.5248016119003296,0.07405924797058105
YHR084W,YNR009W,0,2.0891147,0.4165354371070862,0.5248016119003296,0.07415932416915894
YPL016W,YAR007C,1,2.087949,0.41699448227882385,0.5257936716079712,0.07415932416915894
YJR032W,YER032W,0,2.0871134,0.4166666567325592,0.5257936716079712,0.07425940781831741
YMR078C,YPL226W,0,2.0869734,0.41633936762809753,0.5257936716079712,0.0743594840168953
YER116C,YOR106W,0,2.0852695,0.41601255536079407,0.5257936716079712,0.07445956766605377
YBR170C,YLR442C,1,2.082722,0.41647058725357056,0.5267857313156128,0.07445956766605377
YHR079C-A,YEL050C,0,2.082397,0.4161441922187805,0.5267857313156128,0.07455965131521225
YKL002W,YDR489W,0,2.0819838,0.41581833362579346,0.5267857313156128,0.07465972751379013
YBR087W,YER070W,1,2.0810385,0.4162754416465759,0.5277777910232544,0.07465972751379013
YPL167C,YDR419W,1,2.08079,0.4167318344116211,0.528769850730896,0.07465972751379013
YNL261W,YOR330C,1,2.0801349,0.41718751192092896,0.5297619104385376,0.07465972751379013
YCR042C,YMR304W,0,2.0793736,0.4168618321418762,0.5297619104385376,0.07475981116294861
YDL217C,YGR158C,0,2.0790362,0.4165366590023041,0.5297619104385376,0.07485988736152649
YDR243C,YGL075C,0,2.0787413,0.4162119925022125,0.5297619104385376,0.07495997101068497
YLL011W,YPR121W,0,2.0786276,0.41588786244392395,0.5297619104385376,0.07506004720926285
YLR154C,YMR048W,1,2.077413,0.4163424074649811,0.5307539701461792,0.07506004720926285
YDL101C,YJL072C,1,2.0759864,0.4167962670326233,0.5317460298538208,0.07506004720926285
YDL008W,YLR045C,0,2.0752947,0.4164724051952362,0.5317460298538208,0.07516013085842133
YER120W,YBR079C,0,2.0747309,0.4161490797996521,0.5317460298538208,0.0752602070569992
YGL207W,YOL004W,1,2.0732694,0.4166020154953003,0.5327380895614624,0.0752602070569992
YBR089C-A,YMR094W,0,2.0732324,0.4162790775299072,0.5327380895614624,0.07536029070615768
YOL149W,YMR199W,0,2.0731547,0.41595661640167236,0.5327380895614624,0.07546036690473557
YGR009C,YPL210C,0,2.0725346,0.4156346619129181,0.5327380895614624,0.07556045055389404
YDL017W,YJL090C,1,2.0715406,0.4160866141319275,0.533730149269104,0.07556045055389404
YPL269W,YOR180C,0,2.0712652,0.41576507687568665,0.533730149269104,0.07566052675247192
YBR098W,YLR320W,1,2.070623,0.4162162244319916,0.5347222089767456,0.07566052675247192
YLR288C,YDL013W,0,2.0702412,0.4158950746059418,0.5347222089767456,0.0757606104016304
YDR406W,YIR015W,0,2.06785,0.41557440161705017,0.5347222089767456,0.07586068660020828
YBR044C,YGL246C,0,2.0670295,0.41525423526763916,0.5347222089767456,0.07596077024936676
YGL191W,YLR263W,0,2.0670092,0.41493457555770874,0.5347222089767456,0.07606084644794464
YGL219C,YOL069W,0,2.063692,0.4146153926849365,0.5347222089767456,0.07616093009710312
YNL273W,YCR083W,0,2.061424,0.4142966866493225,0.5347222089767456,0.076261006295681
YBR228W,YDR054C,1,2.0561593,0.41474655270576477,0.5357142686843872,0.076261006295681
YOR058C,YCR093W,0,2.0550551,0.4144282341003418,0.5357142686843872,0.07636108994483948
YIL150C,YMR128W,0,2.0536234,0.4141104221343994,0.5357142686843872,0.07646116614341736
YFL008W,YDR212W,0,2.0533972,0.4137931168079376,0.5357142686843872,0.07656124979257584
YDR529C,YHR109W,0,2.0527258,0.41347625851631165,0.5357142686843872,0.07666132599115372
YFL024C,YDL080C,0,2.051107,0.41315990686416626,0.5357142686843872,0.0767614096403122
YDR013W,YBR127C,0,2.0497546,0.4128440320491791,0.5357142686843872,0.07686148583889008
YBR120C,YDR448W,0,2.0494175,0.4125286340713501,0.5357142686843872,0.07696156948804855
YDR092W,YDR365C,0,2.0493884,0.4122137427330017,0.5357142686843872,0.07706164568662643
YNL236W,YGL206C,0,2.0487409,0.4118993282318115,0.5357142686843872,0.07716172933578491
YLR353W,YMR227C,0,2.0482166,0.41158536076545715,0.5357142686843872,0.07726181298494339
YEL070W,YPL121C,0,2.0478935,0.4112718999385834,0.5357142686843872,0.07736188918352127
YIL031W,YLR182W,0,2.0467288,0.4109589159488678,0.5357142686843872,0.07746197283267975
YMR227C,YCL032W,0,2.0444305,0.41064637899398804,0.5357142686843872,0.07756204903125763
YDR052C,YJR006W,1,2.042263,0.41109421849250793,0.5367063283920288,0.07756204903125763
YDR332W,YKL089W,0,2.0418367,0.4107820689678192,0.5367063283920288,0.07766213268041611
YKL042W,YLR357W,0,2.0414152,0.4104703962802887,0.5367063283920288,0.07776220887899399
YAL047C,YML091C,0,2.040154,0.4101592004299164,0.5367063283920288,0.07786229252815247
YGR092W,YDL064W,0,2.0393362,0.40984848141670227,0.5367063283920288,0.07796236872673035
YGR013W,YLR298C,0,2.0385017,0.40953823924064636,0.5367063283920288,0.07806245237588882
YBR133C,YML098W,0,2.0384269,0.40922844409942627,0.5367063283920288,0.0781625285744667
YHR103W,YML060W,0,2.0383003,0.4089191257953644,0.5367063283920288,0.07826261222362518
YER070W,YPR120C,1,2.0365725,0.40936556458473206,0.5376983880996704,0.07826261222362518
YGL136C,YMR164C,0,2.0338345,0.4090566039085388,0.5376983880996704,0.07836268842220306
YJR092W,YAL039C,0,2.033606,0.4087481200695038,0.5376983880996704,0.07846277207136154
YGR215W,YJL110C,0,2.0327747,0.40844008326530457,0.5376983880996704,0.07856284826993942
YBR008C,YPR070W,0,2.0326555,0.40813252329826355,0.5376983880996704,0.0786629319190979
YNL047C,YGR238C,0,2.0299578,0.40782544016838074,0.5376983880996704,0.07876300811767578
YLR106C,YNL290W,0,2.0298014,0.40751880407333374,0.5376983880996704,0.07886309176683426
YGL145W,YMR049C,0,2.028493,0.40721261501312256,0.5376983880996704,0.07896316796541214
YNL151C,YGL027C,0,2.0276253,0.4069069027900696,0.5376983880996704,0.07906325161457062
YDR152W,YNL056W,0,2.0264454,0.4066016376018524,0.5376983880996704,0.0791633278131485
YNL153C,YKL017C,0,2.0261347,0.40629684925079346,0.5376983880996704,0.07926341146230698
YCR073C,YGL216W,0,2.0256798,0.4059925079345703,0.5376983880996704,0.07936348766088486
YDR069C,YJL194W,1,2.02532,0.40643712878227234,0.538690447807312,0.07936348766088486
YNL072W,YOR290C,1,2.0251908,0.40688106417655945,0.5396825671195984,0.07936348766088486
YCR038C,YGR275W,0,2.0209863,0.4065769910812378,0.5396825671195984,0.07946357131004333
YLR013W,YHR206W,0,2.0192103,0.40627333521842957,0.5396825671195984,0.07956364750862122
YNL289W,YDR283C,0,2.0188103,0.40597015619277954,0.5396825671195984,0.0796637311577797
YBR182C,YGL075C,0,2.0186186,0.40566742420196533,0.5396825671195984,0.07976380735635757
YMR076C,YMR233W,0,2.0157957,0.40536513924598694,0.5396825671195984,0.07986389100551605
YOR241W,YHR187W,0,2.0154028,0.40506330132484436,0.5396825671195984,0.07996397465467453
YHR191C,YOR233W,0,2.0149202,0.4047619104385376,0.5396825671195984,0.08006405085325241
YPL138C,YPR007C,0,2.0139027,0.40446096658706665,0.5396825671195984,0.08016413450241089
YKR044W,YNR009W,0,2.0128455,0.4041604697704315,0.5396825671195984,0.08026421070098877
YCL016C,YKL087C,0,2.0120406,0.4038604199886322,0.5396825671195984,0.08036429435014725
YDR073W,YBL009W,0,2.0078094,0.4035608172416687,0.5396825671195984,0.08046437054872513
YEL061C,YNL135C,0,2.0076137,0.403261661529541,0.5396825671195984,0.0805644541978836
YHR157W,YOL138C,0,2.0057926,0.40296295285224915,0.5396825671195984,0.08066453039646149
YDL104C,YDL116W,0,2.0048237,0.4026646912097931,0.5396825671195984,0.08076461404561996
YBR057C,YOR217W,1,2.003962,0.4031065106391907,0.54067462682724,0.08076461404561996
YBR199W,YDR087C,0,2.0033774,0.4028085768222809,0.54067462682724,0.08086469024419785
YHL024W,YDR121W,1,2.0014234,0.4032496213912964,0.5416666865348816,0.08086469024419785
YPR121W,YER044C-A,0,1.9995437,0.40295201539993286,0.5416666865348816,0.08096477389335632
YBR128C,YOL149W,0,1.9994504,0.40265485644340515,0.5416666865348816,0.0810648500919342
YPL112C,YDR485C,0,1.9982529,0.40235814452171326,0.5416666865348816,0.08116493374109268
YJL047C,YBR057C,1,1.9969692,0.40279823541641235,0.5426587462425232,0.08116493374109268
YOL006C,YER133W,1,1.9968553,0.4032376706600189,0.5436508059501648,0.08116493374109268
YDR419W,YOR025W,0,1.9957356,0.40294116735458374,0.5436508059501648,0.08126500993967056
YPR066W,YLR399C,0,1.9946604,0.4026451110839844,0.5436508059501648,0.08136509358882904
YDR245W,YMR153W,0,1.9944193,0.40234947204589844,0.5436508059501648,0.08146516978740692
YDR501W,YOR036W,0,1.9935601,0.4020542800426483,0.5436508059501648,0.0815652534365654
YDR477W,YCR008W,0,1.9915094,0.401759535074234,0.5436508059501648,0.08166532963514328
YOL094C,YNL261W,1,1.99087,0.40219780802726746,0.5446428656578064,0.08166532963514328
YGR014W,YHR177W,0,1.9898312,0.401903361082077,0.5446428656578064,0.08176541328430176
YMR268C,YLR268W,0,1.98702,0.4016093611717224,0.5446428656578064,0.08186548948287964
YDL111C,YPL112C,0,1.9869976,0.4013157784938812,0.5446428656578064,0.08196557313203812
YGL252C,YPR193C,0,1.9868703,0.40102264285087585,0.5446428656578064,0.082065649330616
YGR003W,YMR163C,0,1.986814,0.4007299244403839,0.5446428656578064,0.08216573297977448
YMR285C,YFL017C,0,1.9858744,0.4004376232624054,0.5446428656578064,0.08226580917835236
YBL075C,YOL148C,0,1.9845827,0.4001457691192627,0.5446428656578064,0.08236589282751083
YMR036C,YAL056W,0,1.9840527,0.3998543322086334,0.5446428656578064,0.08246597647666931
YER143W,YDR217C,1,1.9805865,0.4002911150455475,0.545634925365448,0.08246597647666931
YBR133C,YPR185W,0,1.980444,0.4000000059604645,0.545634925365448,0.08256605267524719
YDR419W,YBR274W,1,1.9799495,0.40043604373931885,0.5466269850730896,0.08256605267524719
YDR326C,YOL093W,0,1.9786892,0.4001452326774597,0.5466269850730896,0.08266613632440567
YGR252W,YMR028W,0,1.9769552,0.3998548686504364,0.5466269850730896,0.08276621252298355
YEL020W-A,YDR460W,0,1.9750893,0.3995648920536041,0.5466269850730896,0.08286629617214203
YPR054W,YIL073C,0,1.97225,0.39927536249160767,0.5466269850730896,0.08296637237071991
YOR073W,YLR289W,0,1.9714751,0.39898625016212463,0.5466269850730896,0.08306645601987839
YJR112W,YHR168W,0,1.9707642,0.39869752526283264,0.5466269850730896,0.08316653221845627
YFR008W,YPL237W,0,1.9703977,0.39840924739837646,0.5466269850730896,0.08326661586761475
YHR191C,YPL016W,1,1.9702938,0.3988439440727234,0.5476190447807312,0.08326661586761475
YBR276C,YCR093W,0,1.9699883,0.3985559642314911,0.5476190447807312,0.08336669206619263
YJR043C,YER070W,1,1.9682086,0.39898988604545593,0.5486111044883728,0.08336669206619263
YNL257C,YPR133C,0,1.9678133,0.3987022340297699,0.5486111044883728,0.0834667757153511
YPL060W,YDL069C,0,1.9664886,0.3984149992465973,0.5486111044883728,0.08356685191392899
YMR106C,YNR026C,0,1.9655786,0.3981281518936157,0.5486111044883728,0.08366693556308746
YOR126C,YKL179C,0,1.9653919,0.3978417217731476,0.5486111044883728,0.08376701176166534
YMR068W,YGL005C,0,1.964078,0.39755570888519287,0.5486111044883728,0.08386709541082382
YJR043C,YOR330C,1,1.9621444,0.397988498210907,0.5496031641960144,0.08386709541082382
YOR056C,YPR061C,0,1.9613752,0.39770281314849854,0.5496031641960144,0.0839671716094017
YER133W,YDR054C,1,1.9612815,0.39813485741615295,0.550595223903656,0.0839671716094017
YMR194W,YPL255W,0,1.9599891,0.3978494703769684,0.550595223903656,0.08406725525856018
YOR090C,YNL136W,0,1.9595189,0.39756447076797485,0.550595223903656,0.08416733145713806
YEL055C,YER102W,0,1.9585989,0.39727988839149475,0.550595223903656,0.08426741510629654
YML102W,YDR383C,0,1.9583783,0.3969956934452057,0.550595223903656,0.08436749130487442
YHR079C-A,YDR202C,0,1.9582524,0.39671194553375244,0.550595223903656,0.0844675749540329
YKL172W,YJR042W,0,1.9574437,0.39642858505249023,0.550595223903656,0.08456765115261078
YER129W,YHR164C,1,1.9557896,0.39685937762260437,0.5515872836112976,0.08456765115261078
YDR523C,YOR039W,0,1.9545157,0.39657631516456604,0.5515872836112976,0.08466773480176926
YLR323C,YPR133C,0,1.9535916,0.39629366993904114,0.5515872836112976,0.08476781100034714
YGR202C,YER049W,0,1.9530525,0.3960113823413849,0.5515872836112976,0.08486789464950562
YPR019W,YHR118C,1,1.9523613,0.3964412808418274,0.5525793433189392,0.08486789464950562
YLR360W,YKL024C,0,1.9520129,0.3961593210697174,0.5525793433189392,0.0849679708480835
YBR245C,YGR221C,0,1.9516916,0.39587774872779846,0.5525793433189392,0.08506805449724197
YER114C,YDL103C,0,1.9515564,0.39559659361839294,0.5525793433189392,0.08516813814640045
YPR135W,YFL030W,0,1.9506476,0.39531582593917847,0.5525793433189392,0.08526821434497833
YOL146W,YKR014C,0,1.9502938,0.3950354754924774,0.5525793433189392,0.08536829799413681
YOR290C,YHR085W,1,1.9501067,0.3954642117023468,0.5535714030265808,0.08536829799413681
YKL042W,YDL085W,0,1.9496893,0.39518412947654724,0.5535714030265808,0.08546837419271469
YJR043C,YGL251C,1,1.9490908,0.3956121802330017,0.5545634627342224,0.08546837419271469
YAL027W,YDL043C,0,1.948956,0.395332396030426,0.5545634627342224,0.08556845784187317
YCL058C,YPR042C,0,1.9484692,0.3950529992580414,0.5545634627342224,0.08566853404045105
YML006C,YIL135C,0,1.9468881,0.39477401971817017,0.5545634627342224,0.08576861768960953
YLR103C,YJL155C,0,1.9458599,0.39449542760849,0.5545634627342224,0.08586869388818741
YGL110C,YBR065C,0,1.943666,0.39421719312667847,0.5545634627342224,0.08596877753734589
YDR179C,YLR168C,0,1.9428167,0.39393940567970276,0.5545634627342224,0.08606885373592377
YBR261C,YNL158W,0,1.9414313,0.3936619758605957,0.5545634627342224,0.08616893738508224
YGL018C,YBR186W,0,1.9395723,0.3933849334716797,0.5545634627342224,0.08626901358366013
YLR128W,YFR043C,0,1.9383209,0.3931083083152771,0.5545634627342224,0.0863690972328186
YDL058W,YBR289W,0,1.9373597,0.39283204078674316,0.5545634627342224,0.08646917343139648
YOR001W,YLR026C,0,1.9372005,0.39255619049072266,0.5545634627342224,0.08656925708055496
YLR263W,YJL058C,0,1.9366565,0.3922806978225708,0.5545634627342224,0.08666933327913284
YER095W,YML065W,1,1.9361364,0.39270687103271484,0.5555555820465088,0.08666933327913284
YGL131C,YHR168W,0,1.9348959,0.39243167638778687,0.5555555820465088,0.08676941692829132
YDL126C,YCL061C,1,1.9344956,0.3928571343421936,0.5565476417541504,0.08676941692829132
YKL113C,YKL022C,1,1.9344286,0.393282026052475,0.557539701461792,0.08676941692829132
YOL146W,YPR006C,0,1.9336576,0.39300698041915894,0.557539701461792,0.0868694931268692
YOR073W,YOR159C,0,1.9315425,0.3927323520183563,0.557539701461792,0.08696957677602768
YER032W,YML007W,0,1.931463,0.39245811104774475,0.557539701461792,0.08706965297460556
YBR193C,YPR185W,0,1.9312036,0.39218422770500183,0.557539701461792,0.08716973662376404
YGR095C,YOR322C,0,1.9295558,0.39191073179244995,0.557539701461792,0.08726981282234192
YML091C,YOL017W,0,1.9289229,0.3916376233100891,0.557539701461792,0.0873698964715004
YGR271W,YNL323W,0,1.9284924,0.3913649022579193,0.557539701461792,0.08746997267007828
YHR046C,YLR117C,0,1.926875,0.39109256863594055,0.557539701461792,0.08757005631923676
YKL201C,YDR082W,0,1.9267904,0.39082059264183044,0.557539701461792,0.08767013251781464
YGL061C,YBL002W,0,1.9265816,0.3905490040779114,0.557539701461792,0.08777021616697311
YBR125C,YBR020W,0,1.9253411,0.39027777314186096,0.557539701461792,0.08787029981613159
YBR060C,YML065W,1,1.9245343,0.39070090651512146,0.5585317611694336,0.08787029981613159
YLR154C,YJR068W,1,1.9232323,0.3911234438419342,0.5595238208770752,0.08787029981613159
YNL094W,YBR182C,0,1.9231204,0.3908523917198181,0.5595238208770752,0.08797037601470947
YBL035C,YBR276C,1,1.9220525,0.39127424359321594,0.5605158805847168,0.08797037601470947
YAL013W,YJL173C,1,1.9220228,0.391695499420166,0.5615079402923584,0.08797037601470947
YGR218W,YGR098C,0,1.9217944,0.39142462611198425,0.5615079402923584,0.08807045966386795
YCR072C,YMR270C,0,1.921747,0.39115411043167114,0.5615079402923584,0.08817053586244583
YGR009C,YKR044W,0,1.9201533,0.3908839821815491,0.5615079402923584,0.08827061951160431
YOR217W,YPR120C,1,1.9194276,0.3913043439388275,0.5625,0.08827061951160431
YIR013C,YBR114W,0,1.9191669,0.39103448390960693,0.5625,0.08837069571018219
YMR273C,YCR020W-B,0,1.9191072,0.390764981508255,0.5625,0.08847077935934067
YOL018C,YDL095W,0,1.9177,0.3904958665370941,0.5625,0.08857085555791855
YDR540C,YEL019C,0,1.9172282,0.3902271091938019,0.5625,0.08867093920707703
YMR069W,YIL023C,0,1.9167407,0.3899587392807007,0.5625,0.08877101540565491
YFR027W,YDR163W,0,1.9166493,0.38969072699546814,0.5625,0.08887109905481339
YFL027C,YLR433C,0,1.9152737,0.38942307233810425,0.5625,0.08897117525339127
YHR197W,YCL016C,1,1.9149339,0.38984215259552,0.5634920597076416,0.08897117525339127
YBR215W,YNL161W,0,1.9146149,0.3895747661590576,0.5634920597076416,0.08907125890254974
YDR097C,YDR054C,1,1.9135936,0.3899931311607361,0.5644841194152832,0.08907125890254974
YHL024W,YJL173C,1,1.9120315,0.3904109597206116,0.5654761791229248,0.08907125890254974
YER095W,YIL016W,0,1.9113214,0.3901437222957611,0.5654761791229248,0.08917133510112762
YKL112W,YDL104C,0,1.9092995,0.3898768723011017,0.5654761791229248,0.0892714187502861
YKR002W,YJL056C,0,1.9088719,0.3896103799343109,0.5654761791229248,0.08937149494886398
YBR130C,YDR326C,0,1.9084213,0.3893442749977112,0.5654761791229248,0.08947157859802246
YJR032W,YDR066C,0,1.9077743,0.3890784978866577,0.5654761791229248,0.08957165479660034
YHR109W,YLR403W,0,1.9060082,0.3888131082057953,0.5654761791229248,0.08967173844575882
YGL122C,YKR025W,0,1.9057002,0.3885480463504791,0.5654761791229248,0.0897718146443367
YOL109W,YIL144W,0,1.9026062,0.388283371925354,0.5654761791229248,0.08987189829349518
YOR080W,YER164W,1,1.9019613,0.38869979977607727,0.5664682388305664,0.08987189829349518
YKR001C,YGL005C,0,1.9015551,0.38843536376953125,0.5664682388305664,0.08997197449207306
YML114C,YJL058C,0,1.898675,0.38817131519317627,0.5664682388305664,0.09007205814123154
YPR049C,YOL026C,0,1.89811,0.38790759444236755,0.5664682388305664,0.09017213433980942
YCR066W,YKL015W,0,1.8980021,0.3876442611217499,0.5664682388305664,0.0902722179889679
YFL028C,YPL116W,0,1.896847,0.38738128542900085,0.5664682388305664,0.09037229418754578
YLR320W,YIR002C,1,1.896499,0.3877966105937958,0.567460298538208,0.09037229418754578
YDL045C,YFR008W,0,1.8953841,0.38753387331962585,0.567460298538208,0.09047237783670425
YDL217C,YHR012W,0,1.8950758,0.3872714936733246,0.567460298538208,0.09057246148586273
YDR121W,YOR005C,1,1.8938001,0.3876860737800598,0.5684523582458496,0.09057246148586273
YEL042W,YML065W,0,1.8928797,0.38742393255233765,0.5684523582458496,0.09067253768444061
YOL004W,YCR092C,1,1.892304,0.38783782720565796,0.5694444179534912,0.09067253768444061
YHR023W,YDR238C,0,1.8901331,0.3875759541988373,0.5694444179534912,0.09077262133359909
YBR170C,YPL029W,1,1.8896486,0.38798919320106506,0.5704365372657776,0.09077262133359909
YMR280C,YPL042C,0,1.888767,0.3877275884151459,0.5704365372657776,0.09087269753217697
YML008C,YBR142W,0,1.8886739,0.38746631145477295,0.5704365372657776,0.09097278118133545
YEL070W,YML049C,0,1.8873308,0.3872053921222687,0.5704365372657776,0.09107285737991333
YFR048W,YBR211C,0,1.8865879,0.38694483041763306,0.5704365372657776,0.09117294102907181
YPL268W,YOR106W,0,1.8861735,0.3866845965385437,0.5704365372657776,0.09127301722764969
YPL030W,YLR047C,0,1.8857961,0.386424720287323,0.5704365372657776,0.09137310087680817
YGR013W,YKR034W,0,1.8852204,0.38616520166397095,0.5704365372657776,0.09147317707538605
YPL001W,YGR223C,0,1.8845671,0.38590604066848755,0.5704365372657776,0.09157326072454453
YBR079C,YMR212C,0,1.8836515,0.3856472074985504,0.5704365372657776,0.0916733369231224
YGR186W,YML088W,0,1.8824669,0.38538873195648193,0.5704365372657776,0.09177342057228088
YKR083C,YCL052C,0,1.8811812,0.3851306140422821,0.5704365372657776,0.09187349677085876
YFR008W,YBL104C,0,1.8805084,0.38487282395362854,0.5704365372657776,0.09197358042001724
YOR298W,YNR070W,0,1.8800783,0.38461539149284363,0.5704365372657776,0.09207365661859512
YOR165W,YIR023W,0,1.8784672,0.384358286857605,0.5704365372657776,0.0921737402677536
YOR239W,YEL032W,0,1.8781787,0.384101539850235,0.5704365372657776,0.09227381646633148
YBR170C,YPR164W,1,1.8774848,0.38451269268989563,0.5714285969734192,0.09227381646633148
YJL010C,YPR120C,0,1.8734212,0.38425618410110474,0.5714285969734192,0.09237390011548996
YDR106W,YDR013W,0,1.8715355,0.3840000033378601,0.5714285969734192,0.09247397631406784
YJL030W,YMR323W,0,1.8709598,0.38374418020248413,0.5714285969734192,0.09257405996322632
YMR283C,YGL228W,0,1.870098,0.3834886848926544,0.5714285969734192,0.0926741361618042
YBL103C,YAL035W,0,1.8693053,0.38323354721069336,0.5714285969734192,0.09277421981096268
YJL076W,YMR235C,0,1.8689821,0.38297873735427856,0.5714285969734192,0.09287429600954056
YKL022C,YBR160W,1,1.8677661,0.3833886981010437,0.5724206566810608,0.09287429600954056
YLR088W,YLR045C,0,1.8663366,0.383134126663208,0.5724206566810608,0.09297437965869904
YJR005W,YDR407C,0,1.8661418,0.3828798830509186,0.5724206566810608,0.09307445585727692
YDR145W,YNL183C,0,1.865883,0.3826259970664978,0.5724206566810608,0.0931745395064354
YDR206W,YBR275C,0,1.8656586,0.3823724389076233,0.5724206566810608,0.09327462315559387
YPL153C,YBR060C,1,1.8648752,0.382781445980072,0.5734127163887024,0.09327462315559387
YKL022C,YOR005C,1,1.8648047,0.38318994641304016,0.574404776096344,0.09327462315559387
YDR150W,YDL077C,0,1.8640137,0.3829365074634552,0.574404776096344,0.09337469935417175
YOR198C,YNL126W,0,1.8605278,0.3826833963394165,0.574404776096344,0.09347478300333023
YNL261W,YMR075W,1,1.8594935,0.38309115171432495,0.5753968358039856,0.09347478300333023
YGR056W,YKR081C,0,1.8592005,0.38283827900886536,0.5753968358039856,0.09357485920190811
YML098W,YDR253C,0,1.8589622,0.3825857639312744,0.5753968358039856,0.09367494285106659
YOR290C,YAR007C,1,1.858798,0.3829927444458008,0.5763888955116272,0.09367494285106659
YOR151C,YIR002C,0,1.8580506,0.38274043798446655,0.5763888955116272,0.09377501904964447
YDR273W,YOL054W,0,1.8561498,0.382488489151001,0.5763888955116272,0.09387510269880295
YPR162C,YNL312W,1,1.8560612,0.38289472460746765,0.5773809552192688,0.09387510269880295
YPR049C,YMR129W,0,1.8555856,0.3826429843902588,0.5773809552192688,0.09397517889738083
YPL049C,YPL226W,0,1.8552914,0.3823916018009186,0.5773809552192688,0.0940752625465393
YMR075W,YEL069C,0,1.8548205,0.38214051723480225,0.5773809552192688,0.09417533874511719
YGR195W,YLR285W,0,1.8535938,0.3818897604942322,0.5773809552192688,0.09427542239427567
YKR098C,YDR022C,0,1.8496749,0.3816393315792084,0.5773809552192688,0.09437549859285355
YBR201W,YDR311W,0,1.8492551,0.3813892602920532,0.5773809552192688,0.09447558224201202
YLR357W,YOR123C,0,1.848819,0.38113948702812195,0.5773809552192688,0.0945756584405899
YNL139C,YJR041C,0,1.8487861,0.38089004158973694,0.5773809552192688,0.09467574208974838
YDL164C,YBR136W,1,1.8485394,0.38129496574401855,0.5783730149269104,0.09467574208974838
YDR223W,YIL168W,0,1.8479025,0.38104575872421265,0.5783730149269104,0.09477581828832626
YPL160W,YNL112W,0,1.8474929,0.380796879529953,0.5783730149269104,0.09487590193748474
YGR013W,YOL005C,0,1.847146,0.38054829835891724,0.5783730149269104,0.09497597813606262
YJR066W,YER171W,0,1.8464447,0.3803000748157501,0.5783730149269104,0.0950760617852211
YNL291C,YDR097C,0,1.8445512,0.3800521492958069,0.5783730149269104,0.09517613798379898
YDR227W,YLR421C,0,1.8439857,0.3798045516014099,0.5783730149269104,0.09527622163295746
YBR089C-A,YKR019C,0,1.8436309,0.3795572817325592,0.5783730149269104,0.09537629783153534
YHR164C,YBR202W,1,1.8430264,0.37996095418930054,0.579365074634552,0.09537629783153534
YPL018W,YKR054C,0,1.8427846,0.37971392273902893,0.579365074634552,0.09547638148069382
YFL036W,YDL074C,1,1.8405312,0.3801169693470001,0.5803571343421936,0.09547638148069382
YLR430W,YBL074C,0,1.8403325,0.37987011671066284,0.5803571343421936,0.0955764576792717
YGR211W,YFR038W,0,1.8403261,0.3796236217021942,0.5803571343421936,0.09567654132843018
YNL083W,YPL161C,0,1.8392484,0.37937742471694946,0.5803571343421936,0.09577662497758865
YPL175W,YGL181W,0,1.8382082,0.379131555557251,0.5803571343421936,0.09587670117616653
YBR098W,YKL112W,1,1.8379422,0.37953367829322815,0.5813491940498352,0.09587670117616653
YLR401C,YBR049C,0,1.8372552,0.3792880177497864,0.5813491940498352,0.09597678482532501
YCR067C,YDR179C,0,1.836426,0.37904268503189087,0.5813491940498352,0.0960768610239029
YPR175W,YPR019W,1,1.8356042,0.37944409251213074,0.5823412537574768,0.0960768610239029
YPR019W,YAR007C,1,1.8337798,0.3798449635505676,0.5833333134651184,0.0960768610239029
YGL166W,YIL149C,0,1.8329701,0.37959975004196167,0.5833333134651184,0.09617694467306137
YNL188W,YFL005W,0,1.8327312,0.3793548345565796,0.5833333134651184,0.09627702087163925
YDR376W,YLL009C,0,1.8321593,0.3791102468967438,0.5833333134651184,0.09637710452079773
YPR024W,YOL070C,0,1.830948,0.3788659870624542,0.5833333134651184,0.09647718071937561
YER129W,YBR276C,1,1.8306499,0.3792659342288971,0.58432537317276,0.09647718071937561
YIL168W,YLR298C,0,1.8302996,0.37902188301086426,0.58432537317276,0.09657726436853409
YDR303C,YPR162C,1,1.830265,0.3794212341308594,0.5853174328804016,0.09657726436853409
YPR101W,YOR193W,0,1.8299197,0.37917739152908325,0.5853174328804016,0.09667734056711197
YJL114W,YDR049W,0,1.829313,0.378933846950531,0.5853174328804016,0.09677742421627045
YHR200W,YJR089W,0,1.8280084,0.378690630197525,0.5853174328804016,0.09687750041484833
YNL261W,YHR118C,1,1.8273909,0.3790891468524933,0.586309552192688,0.09687750041484833
YGR163W,YNL056W,0,1.8257318,0.3788461685180664,0.586309552192688,0.0969775840640068
YML058W,YIR002C,1,1.823724,0.3792440891265869,0.5873016119003296,0.0969775840640068
YDR303C,YBR160W,1,1.8198692,0.37964147329330444,0.5882936716079712,0.0969775840640068
YLR032W,YML005W,0,1.819116,0.3793985843658447,0.5882936716079712,0.09707766026258469
YER143W,YBR088C,1,1.8157427,0.3797954022884369,0.5892857313156128,0.09707766026258469
YMR207C,YPL213W,0,1.8146253,0.3795527219772339,0.5892857313156128,0.09717774391174316
YLR284C,YLR399C,0,1.8140513,0.37931033968925476,0.5892857313156128,0.09727782011032104
YFR038W,YBR297W,0,1.8123715,0.3790682852268219,0.5892857313156128,0.09737790375947952
YFL005W,YPL060W,0,1.8122511,0.3788265287876129,0.5892857313156128,0.0974779799580574
YFL049W,YOR299W,0,1.8119596,0.3785851001739502,0.5892857313156128,0.09757806360721588
YLR154C,YNL290W,1,1.8109826,0.3789809048175812,0.5902777910232544,0.09757806360721588
YNL088W,YJL003W,0,1.8109138,0.3787396550178528,0.5902777910232544,0.09767813980579376
YOR078W,YEL064C,0,1.8108622,0.37849873304367065,0.5902777910232544,0.09777822345495224
YGR109C,YPL003W,0,1.8085701,0.3782581090927124,0.5902777910232544,0.09787829965353012
YER129W,YBR136W,1,1.808535,0.3786531090736389,0.591269850730896,0.09787829965353012
YMR094W,YLR403W,0,1.8080863,0.3784126937389374,0.591269850730896,0.0979783833026886
YFR033C,YFR019W,0,1.8076856,0.3781725764274597,0.591269850730896,0.09807845950126648
YER120W,YDR016C,0,1.8061221,0.3779327869415283,0.591269850730896,0.09817854315042496
YIL009W,YLR103C,0,1.8059087,0.3776932954788208,0.591269850730896,0.09827861934900284
YOR092W,YPR135W,0,1.8053527,0.37745407223701477,0.591269850730896,0.09837870299816132
YPL051W,YNR008W,0,1.8047888,0.377215176820755,0.591269850730896,0.0984787866473198
YNL139C,YLR309C,0,1.803807,0.3769766092300415,0.591269850730896,0.09857886284589767
YNL317W,YDR487C,0,1.8028262,0.3767383098602295,0.591269850730896,0.09867894649505615
YGL029W,YGL033W,0,1.8026224,0.37650030851364136,0.591269850730896,0.09877902269363403
YEL061C,YML006C,0,1.8011023,0.3762626349925995,0.591269850730896,0.09887910634279251
YGL207W,YOR080W,1,1.800497,0.3766561448574066,0.5922619104385376,0.09887910634279251
YOR319W,YGL144C,0,1.8000789,0.3764186501502991,0.5922619104385376,0.09897918254137039
YCR081W,YDR227W,0,1.7997308,0.3761814832687378,0.5922619104385376,0.09907926619052887
YLR196W,YMR033W,0,1.7989872,0.375944584608078,0.5922619104385376,0.09917934238910675
YAL002W,YDR139C,0,1.7981682,0.3757079839706421,0.5922619104385376,0.09927942603826523
YNL117W,YML095C,0,1.797929,0.37547171115875244,0.5922619104385376,0.09937950223684311
YGR225W,YGL210W,0,1.7976224,0.3752357065677643,0.5922619104385376,0.09947958588600159
YOL054W,YHR196W,0,1.7975705,0.375,0.5922619104385376,0.09957966208457947
YCR035C,YER169W,0,1.7971494,0.3747645914554596,0.5922619104385376,0.09967974573373795
YLR324W,YHR105W,0,1.796902,0.37452948093414307,0.5922619104385376,0.09977982193231583
YML088W,YPR169W,0,1.7966338,0.3742946684360504,0.5922619104385376,0.0998799055814743
YNL132W,YGL139W,0,1.7963643,0.37406015396118164,0.5922619104385376,0.09997998178005219
YBR130C,YDR277C,0,1.7957546,0.37382593750953674,0.5922619104385376,0.10008006542921066
YNL230C,YML046W,0,1.7956402,0.37359198927879333,0.5922619104385376,0.10018014162778854
YIL056W,YMR282C,0,1.7954352,0.3733583390712738,0.5922619104385376,0.10028022527694702
YGL251C,YNL262W,1,1.794872,0.3737500011920929,0.5932539701461792,0.10028022527694702
YAL015C,YDL042C,1,1.7937616,0.3741411566734314,0.5942460298538208,0.10028022527694702
YIL150C,YKL112W,1,1.7931727,0.3745318353176117,0.5952380895614624,0.10028022527694702
YLR274W,YBR160W,1,1.7917696,0.3749220073223114,0.596230149269104,0.10028022527694702
YNL330C,YOL004W,1,1.7915504,0.3753117322921753,0.5972222089767456,0.10028022527694702
YJR010C-A,YDR004W,0,1.7913537,0.37507787346839905,0.5972222089767456,0.1003803014755249
YNR011C,YBR266C,0,1.7913322,0.37484434247016907,0.5972222089767456,0.10048038512468338
YBR170C,YER070W,1,1.7896615,0.37523335218429565,0.5982142686843872,0.10048038512468338
YMR234W,YER098W,0,1.7894506,0.375,0.5982142686843872,0.10058046132326126
YGL060W,YDR016C,0,1.788276,0.3747669458389282,0.5982142686843872,0.10068054497241974
YPL167C,YPR115W,0,1.7881619,0.37453415989875793,0.5982142686843872,0.10078062117099762
YOR080W,YCR092C,1,1.7846358,0.37492239475250244,0.5992063283920288,0.10078062117099762
YGL227W,YOR083W,0,1.7833016,0.37468981742858887,0.5992063283920288,0.1008807048201561
YJR022W,YIL002C,0,1.7813373,0.37445753812789917,0.5992063283920288,0.10098078101873398
YKL028W,YGL049C,0,1.7801197,0.37422552704811096,0.5992063283920288,0.10108086466789246
YBR097W,YOL055C,0,1.7797631,0.37399381399154663,0.5992063283920288,0.10118094831705093
YKL022C,YGL251C,1,1.7796494,0.3743811845779419,0.6001983880996704,0.10118094831705093
YBR131W,YPL243W,0,1.779219,0.3741496503353119,0.6001983880996704,0.10128102451562881
YEL022W,YPL157W,0,1.7788633,0.37391841411590576,0.6001983880996704,0.10138110816478729
YOR143C,YKL154W,0,1.7775497,0.3736874759197235,0.6001983880996704,0.10148118436336517
YKL028W,YHR034C,0,1.7774012,0.37345677614212036,0.6001983880996704,0.10158126801252365
YLR314C,YDR337W,0,1.777283,0.3732264041900635,0.6001983880996704,0.10168134421110153
YHR085W,YDR489W,1,1.7766513,0.37361282110214233,0.601190447807312,0.10168134421110153
YCL001W,YIL020C,0,1.7744792,0.3733826279640198,0.601190447807312,0.10178142786026001
YAL056W,YLR288C,0,1.7741327,0.3731527030467987,0.601190447807312,0.10188150405883789
YGL175C,YBR280C,0,1.7736624,0.3729230761528015,0.601190447807312,0.10198158770799637
YOR339C,YGL134W,0,1.7726953,0.3726937174797058,0.601190447807312,0.10208166390657425
YER098W,YOR233W,0,1.771848,0.372464656829834,0.601190447807312,0.10218174755573273
YDR303C,YER133W,1,1.7714572,0.37285012006759644,0.6021825671195984,0.10218174755573273
YGL245W,YDL116W,0,1.7708527,0.37262123823165894,0.6021825671195984,0.10228182375431061
YMR162C,YPR085C,0,1.7681394,0.3723926246166229,0.6021825671195984,0.10238190740346909
YHR149C,YDR208W,0,1.768026,0.3721643090248108,0.6021825671195984,0.10248198360204697
YML065W,YNL056W,0,1.7676011,0.37193626165390015,0.6021825671195984,0.10258206725120544
YDR373W,YJL038C,0,1.7673919,0.3717085123062134,0.6021825671195984,0.10268214344978333
YJL047C,YPL029W,1,1.7668376,0.3720930218696594,0.60317462682724,0.10268214344978333
YOR060C,YPL016W,1,1.7668018,0.37247705459594727,0.6041666865348816,0.10268214344978333
YGL201C,YAL034C,0,1.7658935,0.37224939465522766,0.6041666865348816,0.1027822270989418
YER183C,YGL098W,0,1.7643011,0.37202200293540955,0.6041666865348816,0.10288230329751968
YDR386W,YML068W,0,1.7626791,0.3717948794364929,0.6041666865348816,0.10298238694667816
YML065W,YPL029W,1,1.7625941,0.37217816710472107,0.6051587462425232,0.10298238694667816
YKL193C,YGR074W,0,1.762346,0.37195122241973877,0.6051587462425232,0.10308246314525604
YOR165W,YPL235W,0,1.7622503,0.37172454595565796,0.6051587462425232,0.10318254679441452
YAR008W,YOR151C,0,1.7618926,0.371498167514801,0.6051587462425232,0.1032826229929924
YOL128C,YGL131C,0,1.7603898,0.3712720572948456,0.6051587462425232,0.10338270664215088
YDR200C,YKL034W,0,1.7602035,0.3710462152957916,0.6051587462425232,0.10348278284072876
YJR104C,YJL176C,0,1.7591836,0.37082067131996155,0.6051587462425232,0.10358286648988724
YHR031C,YOL004W,1,1.7579479,0.37120291590690613,0.6061508059501648,0.10358286648988724
YKL052C,YDL184C,0,1.7579247,0.370977520942688,0.6061508059501648,0.10368294268846512
YBR215W,YMR306W,0,1.7570766,0.3707524240016937,0.6061508059501648,0.1037830263376236
YBL034C,YLR147C,0,1.7560436,0.37052759528160095,0.6061508059501648,0.10388310998678207
YJL204C,YGL250W,0,1.7557635,0.37030303478240967,0.6061508059501648,0.10398318618535995
YPR125W,YDL013W,0,1.7551055,0.3700787425041199,0.6061508059501648,0.10408326983451843
YBR261C,YLR119W,0,1.7541397,0.36985471844673157,0.6061508059501648,0.10418334603309631
YDR005C,YBR136W,0,1.7536557,0.36963096261024475,0.6061508059501648,0.10428342968225479
YPR001W,YIL149C,0,1.7533903,0.3694075047969818,0.6061508059501648,0.10438350588083267
YDR140W,YOL027C,0,1.7529671,0.369184285402298,0.6061508059501648,0.10448358952999115
YIR006C,YGR109C,0,1.7521908,0.368961364030838,0.6061508059501648,0.10458366572856903
YLR274W,YLR035C,0,1.751293,0.36873868107795715,0.6061508059501648,0.10468374937772751
YFR010W,YPL209C,0,1.7510388,0.36851629614830017,0.6061508059501648,0.10478382557630539
YBR057C,YNL330C,1,1.7501633,0.3688969314098358,0.6071428656578064,0.10478382557630539
YJL198W,YLR084C,0,1.7485461,0.36867469549179077,0.6071428656578064,0.10488390922546387
YNL199C,YGL073W,0,1.7471217,0.3684527277946472,0.6071428656578064,0.10498398542404175
YGL258W,YLR221C,0,1.7457784,0.36823105812072754,0.6071428656578064,0.10508406907320023
YER143W,YBL035C,1,1.7441032,0.3686109483242035,0.608134925365448,0.10508406907320023
YJR043C,YLL004W,1,1.7438731,0.36899039149284363,0.6091269850730896,0.10508406907320023
YAL021C,YJL090C,1,1.7433294,0.36936935782432556,0.6101190447807312,0.10508406907320023
YGL175C,YBR109C,0,1.7399292,0.3691476583480835,0.6101190447807312,0.1051841452717781
YFL055W,YPL153C,0,1.7386886,0.3689262270927429,0.6101190447807312,0.10528422892093658
YDR246W,YHR036W,0,1.7378592,0.36870503425598145,0.6101190447807312,0.10538430511951447
YML061C,YGR048W,1,1.7378082,0.3690832853317261,0.6111111044883728,0.10538430511951447
YOR126C,YOL072W,0,1.7375691,0.3688622713088989,0.6111111044883728,0.10548438876867294
YDR118W,YHR101C,0,1.7375307,0.36864152550697327,0.6111111044883728,0.10558446496725082
YAL015C,YGL168W,1,1.7361693,0.36901915073394775,0.6121031641960144,0.10558446496725082
YPL002C,YGL249W,0,1.7355285,0.36879855394363403,0.6121031641960144,0.1056845486164093
YOR047C,YDR081C,0,1.7350318,0.3685782551765442,0.6121031641960144,0.10578462481498718
YOR042W,YGR133W,0,1.7329054,0.36835819482803345,0.6121031641960144,0.10588470846414566
YNR010W,YPR072W,0,1.7325397,0.3681384325027466,0.6121031641960144,0.10598478466272354
YDL209C,YMR024W,0,1.7315478,0.3679189085960388,0.6121031641960144,0.10608486831188202
YHL022C,YGR068C,0,1.7310548,0.36769965291023254,0.6121031641960144,0.1061849445104599
YJR066W,YMR284W,0,1.7305403,0.36748063564300537,0.6121031641960144,0.10628502815961838
YNL297C,YMR167W,0,1.7294979,0.3672619163990021,0.6121031641960144,0.10638511180877686
YOR151C,YOR362C,0,1.7281957,0.3670434355735779,0.6121031641960144,0.10648518800735474
YNL238W,YDL065C,0,1.7280942,0.3668252229690552,0.6121031641960144,0.10658527165651321
YJR022W,YOR145C,0,1.7278582,0.3666072487831116,0.6121031641960144,0.1066853478550911
YNL210W,YDR482C,0,1.7270601,0.36638954281806946,0.6121031641960144,0.10678543150424957
YBR009C,YJL110C,0,1.7267225,0.36617210507392883,0.6121031641960144,0.10688550770282745
YDL200C,YKR035W-A,0,1.7257829,0.3659549355506897,0.6121031641960144,0.10698559135198593
YOR068C,YGL105W,0,1.7244912,0.36573800444602966,0.6121031641960144,0.10708566755056381
YPL007C,YNL064C,0,1.7233722,0.3655213415622711,0.6121031641960144,0.10718575119972229
YPL086C,YHR207C,0,1.7232301,0.3653049170970917,0.6121031641960144,0.10728582739830017
YNL183C,YJR134C,0,1.723206,0.3650887608528137,0.6121031641960144,0.10738591104745865
YMR214W,YNL312W,0,1.7231226,0.36487284302711487,0.6121031641960144,0.10748598724603653
YOR339C,YIR034C,0,1.7230203,0.3646572232246399,0.6121031641960144,0.10758607089519501
YBR255W,YDR303C,0,1.7226853,0.36444181203842163,0.6121031641960144,0.10768614709377289
YHR069C,YMR005W,0,1.7209365,0.36422666907310486,0.6121031641960144,0.10778623074293137
YIR024C,YBR128C,0,1.719291,0.3640117943286896,0.6121031641960144,0.10788630694150925
YFL016C,YMR233W,0,1.7192645,0.3637971580028534,0.6121031641960144,0.10798639059066772
YBR131W,YNL056W,0,1.7188599,0.3635827898979187,0.6121031641960144,0.1080864667892456
YHR023W,YPR036W,0,1.7151781,0.3633686602115631,0.6121031641960144,0.10818655043840408
YNL110C,YJL090C,0,1.715045,0.363154798746109,0.6121031641960144,0.10828662663698196
YBR173C,YMR224C,0,1.7141819,0.362941175699234,0.6121031641960144,0.10838671028614044
YKL028W,YBR142W,0,1.7135754,0.3627278208732605,0.6121031641960144,0.10848678648471832
YAL015C,YBR228W,1,1.7129934,0.3631022274494171,0.613095223903656,0.10848678648471832
YBR199W,YOR048C,0,1.7128947,0.36288902163505554,0.613095223903656,0.1085868701338768
YBR104W,YMR277W,0,1.7122977,0.36267605423927307,0.613095223903656,0.10868694633245468
YCR020W-B,YNR070W,0,1.7120683,0.3624633550643921,0.613095223903656,0.10878702998161316
YPR086W,YMR228W,0,1.7118804,0.3622508645057678,0.613095223903656,0.10888710618019104
YGR184C,YKL114C,0,1.7110602,0.36203867197036743,0.613095223903656,0.10898718982934952
YJL127C-B,YJL110C,0,1.7102793,0.36182668805122375,0.613095223903656,0.109087273478508
YLR002C,YNL290W,1,1.7094948,0.3622001111507416,0.6140872836112976,0.109087273478508
YGR108W,YDR166C,0,1.7094504,0.3619883060455322,0.6140872836112976,0.10918734967708588
YPR162C,YAR007C,1,1.708466,0.36236119270324707,0.6150793433189392,0.10918734967708588
YLR166C,YDR524C,0,1.7080448,0.36214953660964966,0.6150793433189392,0.10928743332624435
YHR039C-A,YHR084W,0,1.7069987,0.36193811893463135,0.6150793433189392,0.10938750952482224
YDR173C,YDR482C,0,1.7061841,0.36172693967819214,0.6150793433189392,0.10948759317398071
YMR216C,YML065W,0,1.7060803,0.3615160286426544,0.6150793433189392,0.1095876693725586
YCL034W,YOR069W,0,1.7052312,0.3613053560256958,0.6150793433189392,0.10968775302171707
YKL201C,YOR322C,0,1.7045062,0.3610949218273163,0.6150793433189392,0.10978782922029495
YPR182W,YDL013W,0,1.7036119,0.36088475584983826,0.6150793433189392,0.10988791286945343
YOR350C,YDR501W,0,1.7031746,0.36067479848861694,0.6150793433189392,0.10998798906803131
YHR154W,YOR172W,0,1.6967616,0.3604651093482971,0.6150793433189392,0.11008807271718979
YGL181W,YGL246C,0,1.6955056,0.3602556586265564,0.6150793433189392,0.11018814891576767
YFR051C,YDR205W,0,1.6951563,0.3600464463233948,0.6150793433189392,0.11028823256492615
YJL127C,YBR268W,0,1.6947161,0.35983750224113464,0.6150793433189392,0.11038830876350403
YFR040W,YKL190W,0,1.6941891,0.3596287667751312,0.6150793433189392,0.1104883924126625
YGL087C,YGR047C,0,1.6935635,0.3594202995300293,0.6150793433189392,0.11058846861124039
YLR410W,YER116C,0,1.6926618,0.3592120409011841,0.6150793433189392,0.11068855226039886
YBR253W,YLR193C,0,1.6923236,0.35900405049324036,0.6150793433189392,0.11078862845897675
YNL129W,YER159C,0,1.6922755,0.35879629850387573,0.6150793433189392,0.11088871210813522
YLR430W,YJR068W,1,1.6918099,0.3591671586036682,0.6160714030265808,0.11088871210813522
YGR007W,YMR133W,0,1.6917272,0.35895952582359314,0.6160714030265808,0.1109887883067131
YPR190C,YMR204C,0,1.6905987,0.35875216126441956,0.6160714030265808,0.11108887195587158
YJR051W,YPL161C,0,1.6903956,0.3585450351238251,0.6160714030265808,0.11118894815444946
YIL160C,YIR002C,0,1.6865114,0.3583381474018097,0.6160714030265808,0.11128903180360794
YGL113W,YBR160W,1,1.6858885,0.3587082028388977,0.6170634627342224,0.11128903180360794
YFR001W,YHR103W,0,1.684402,0.3585014343261719,0.6170634627342224,0.11138910800218582
YBR084C-A,YLR007W,0,1.6840593,0.35829493403434753,0.6170634627342224,0.1114891916513443
YNL224C,YLR244C,0,1.6836729,0.3580886721611023,0.6170634627342224,0.11158926784992218
YJR035W,YJL096W,0,1.6834745,0.35788261890411377,0.6170634627342224,0.11168935149908066
YMR282C,YDR524C,0,1.6829457,0.35767683386802673,0.6170634627342224,0.11178943514823914
YJR147W,YLR033W,0,1.6815002,0.3574712574481964,0.6170634627342224,0.11188951134681702
YBR088C,YNL330C,1,1.6807202,0.35784032940864563,0.6180555820465088,0.11188951134681702
YIL095W,YJL065C,0,1.6794616,0.35763490200042725,0.6180555820465088,0.1119895949959755
YGL237C,YNL223W,0,1.6793745,0.35742971301078796,0.6180555820465088,0.11208967119455338
YER095W,YPL181W,1,1.6775918,0.35779815912246704,0.6190476417541504,0.11208967119455338
YOL017W,YEL011W,0,1.6773012,0.3575931191444397,0.6190476417541504,0.11218975484371185
YKL042W,YIL093C,0,1.6770105,0.35738831758499146,0.6190476417541504,0.11228983104228973
YOL017W,YGR218W,0,1.6756773,0.3571837544441223,0.6190476417541504,0.11238991469144821
YLR233C,YDL036C,0,1.6746995,0.3569793999195099,0.6190476417541504,0.11248999089002609
YNL139C,YJL155C,0,1.6740983,0.35677531361579895,0.6190476417541504,0.11259007453918457
YNL085W,YJL130C,0,1.673187,0.3565714359283447,0.6190476417541504,0.11269015073776245
YDL017W,YDL101C,1,1.6724356,0.356938898563385,0.620039701461792,0.11269015073776245
YJL102W,YGR238C,0,1.6707873,0.3567351698875427,0.620039701461792,0.11279023438692093
YNL312W,YML112W,0,1.670733,0.35653164982795715,0.620039701461792,0.11289031058549881
YMR080C,YPL043W,0,1.6693902,0.35632839798927307,0.620039701461792,0.11299039423465729
YCR052W,YGL245W,0,1.6686888,0.3561253547668457,0.620039701461792,0.11309047043323517
YOR197W,YBL046W,0,1.6677047,0.35592254996299744,0.620039701461792,0.11319055408239365
YDL167C,YKR010C,0,1.6668881,0.35571998357772827,0.620039701461792,0.11329063028097153
YGL075C,YER046W,0,1.6662335,0.3555176258087158,0.620039701461792,0.11339071393013
YBR080C,YHR146W,0,1.6656444,0.35531550645828247,0.620039701461792,0.11349079012870789
YER095W,YJL090C,1,1.6648653,0.35568180680274963,0.6210317611694336,0.11349079012870789
YOR191W,YER099C,0,1.664633,0.3554798364639282,0.6210317611694336,0.11359087377786636
YMR073C,YPL180W,0,1.6627901,0.3552781045436859,0.6210317611694336,0.11369094997644424
YLR380W,YPL065W,0,1.6627824,0.3550765812397003,0.6210317611694336,0.11379103362560272
YFL027C,YJR112W,0,1.6624422,0.3548752963542938,0.6210317611694336,0.1138911098241806
YGR171C,YKR034W,0,1.6598781,0.35467422008514404,0.6210317611694336,0.11399119347333908
YKR007W,YPR190C,0,1.6590213,0.35447338223457336,0.6210317611694336,0.11409126967191696
YIL099W,YLR213C,0,1.6584518,0.3542727828025818,0.6210317611694336,0.11419135332107544
YOR119C,YOR066W,0,1.6580894,0.3540723919868469,0.6210317611694336,0.11429142951965332
YDR310C,YIR008C,1,1.6577053,0.35443753004074097,0.6220238208770752,0.11429142951965332
YHR135C,YMR289W,0,1.6573689,0.35423728823661804,0.6220238208770752,0.1143915131688118
YCL062W,YCR097WB,0,1.6573582,0.35403725504875183,0.6220238208770752,0.11449159681797028
YCR081W,YKL170W,0,1.6568477,0.3538374602794647,0.6220238208770752,0.11459167301654816
YOL056W,YPR168W,0,1.6564008,0.3536379039287567,0.6220238208770752,0.11469175666570663
YBL038W,YLR181C,0,1.6560357,0.3534385561943054,0.6220238208770752,0.11479183286428452
YFR040W,YGR002C,0,1.6543943,0.3532394468784332,0.6220238208770752,0.114891916513443
YKL211C,YGR005C,0,1.6543705,0.35304054617881775,0.6220238208770752,0.11499199271202087
YJR006W,YER133W,1,1.6538932,0.35340461134910583,0.6230158805847168,0.11499199271202087
YLR381W,YNL290W,1,1.6531684,0.3537682890892029,0.6240079402923584,0.11499199271202087
YDR507C,YPR168W,0,1.6528925,0.3535694181919098,0.6240079402923584,0.11509207636117935
YDR179C,YGR174C,0,1.6500835,0.3533707857131958,0.6240079402923584,0.11519215255975723
YPR166C,YIR013C,0,1.6465305,0.3531723618507385,0.6240079402923584,0.11529223620891571
YJL170C,YPL181W,0,1.6462018,0.35297417640686035,0.6240079402923584,0.11539231240749359
YGL196W,YLL003W,0,1.6445404,0.3527762293815613,0.6240079402923584,0.11549239605665207
YMR171C,YPL147W,0,1.643103,0.35257846117019653,0.6240079402923584,0.11559247225522995
YKR010C,YMR284W,0,1.6425512,0.3523809611797333,0.6240079402923584,0.11569255590438843
YHR065C,YCR097W,0,1.6414502,0.35218364000320435,0.6240079402923584,0.11579263210296631
YNL255C,YBR112C,0,1.6403117,0.3519865572452545,0.6240079402923584,0.11589271575212479
YFR027W,YLR439W,0,1.6397864,0.3517897129058838,0.6240079402923584,0.11599279195070267
YCR065W,YDR126W,0,1.6396477,0.3515930771827698,0.6240079402923584,0.11609287559986115
YDR231C,YIR002C,0,1.639147,0.3513966500759125,0.6240079402923584,0.11619295179843903
YGR029W,YMR068W,0,1.6387473,0.3512004613876343,0.6240079402923584,0.1162930354475975
YPR093C,YBR133C,0,1.6384956,0.3510044515132904,0.6240079402923584,0.11639311164617538
YGR068C,YER029C,0,1.6380992,0.350808709859848,0.6240079402923584,0.11649319529533386
YHR191C,YPL167C,1,1.6380777,0.3511705696582794,0.625,0.11649319529533386
YJL179W,YBR240C,0,1.6380205,0.3509749174118042,0.625,0.11659327149391174
YNL015W,YOL066C,0,1.6377395,0.3507795035839081,0.625,0.11669335514307022
YPL064C,YDL099W,0,1.6374841,0.3505842983722687,0.625,0.1167934313416481
YCL034W,YHR023W,0,1.6368876,0.3503893315792084,0.625,0.11689351499080658
YBR081C,YHR150W,0,1.6368766,0.3501945436000824,0.625,0.11699359118938446
YOR104W,YBR186W,0,1.6364558,0.3499999940395355,0.625,0.11709367483854294
YMR212C,YOL135C,0,1.6352406,0.34980565309524536,0.625,0.11719375848770142
YPR175W,YJL047C,1,1.6344821,0.3501664698123932,0.6259920597076416,0.11719375848770142
YLR222C,YGR091W,0,1.6344337,0.34997227787971497,0.6259920597076416,0.1172938346862793
YOR179C,YAL011W,0,1.6338301,0.34977826476097107,0.6259920597076416,0.11739391833543777
YGL113W,YLR381W,1,1.6337402,0.35013851523399353,0.6269841194152832,0.11739391833543777
YOR381W,YHR090C,0,1.6335975,0.3499446213245392,0.6269841194152832,0.11749399453401566
YNL232W,YDR004W,0,1.6316981,0.34975096583366394,0.6269841194152832,0.11759407818317413
YEL032W,YHR197W,1,1.6316855,0.35011062026023865,0.6279761791229248,0.11759407818317413
YIL038C,YNL138W-A,0,1.6314657,0.34991708397865295,0.6279761791229248,0.11769415438175201
YDL231C,YML006C,0,1.6297735,0.349723756313324,0.6279761791229248,0.11779423803091049
YDR534C,YOL141W,0,1.6295327,0.3495306372642517,0.6279761791229248,0.11789431422948837
YPL146C,YPL217C,0,1.6278305,0.34933775663375854,0.6279761791229248,0.11799439787864685
YAR007C,YDR283C,0,1.6276395,0.3491450548171997,0.6279761791229248,0.11809447407722473
YHR005C,YHR067W,0,1.6273671,0.34895259141921997,0.6279761791229248,0.11819455772638321
YHR171W,YDR227W,0,1.6263446,0.34876033663749695,0.6279761791229248,0.11829463392496109
YOL006C,YDL126C,1,1.6258572,0.3491189479827881,0.6289682388305664,0.11829463392496109
YML077W,YDR303C,0,1.6258417,0.3489268124103546,0.6289682388305664,0.11839471757411957
YFR013W,YHR004C,0,1.6257632,0.34873488545417786,0.6289682388305664,0.11849479377269745
YJR089W,YNL070W,0,1.6227671,0.3485431671142578,0.6289682388305664,0.11859487742185593
YLR405W,YOL117W,0,1.6212943,0.3483516573905945,0.6289682388305664,0.11869495362043381
YBR007C,YLR026C,0,1.6207535,0.34816035628318787,0.6289682388305664,0.11879503726959229
YJL002C,YHR062C,0,1.6207385,0.34796926379203796,0.6289682388305664,0.11889511346817017
YPR101W,YPR139C,0,1.6207042,0.3477783799171448,0.6289682388305664,0.11899519711732864
YHR061C,YCR093W,0,1.6201301,0.3475877046585083,0.6289682388305664,0.11909527331590652
YOR100C,YJR089W,0,1.6192801,0.3473972678184509,0.6289682388305664,0.119195356965065
YPL174C,YGL134W,0,1.6183906,0.3472070097923279,0.6289682388305664,0.11929543316364288
YBR060C,YGL168W,1,1.6180487,0.34756430983543396,0.629960298538208,0.11929543316364288
YBR104W,YIL061C,0,1.6161032,0.34737417101860046,0.629960298538208,0.11939551681280136
YAL036C,YDL069C,0,1.6152236,0.3471842408180237,0.629960298538208,0.11949559301137924
YGR058W,YAR042W,0,1.6124935,0.346994549036026,0.629960298538208,0.11959567666053772
YJL109C,YPL190C,0,1.611087,0.34680503606796265,0.629960298538208,0.1196957603096962
YMR190C,YGL251C,1,1.6107247,0.34716156125068665,0.6309523582458496,0.1196957603096962
YCR057C,YIL126W,0,1.609096,0.34697216749191284,0.6309523582458496,0.11979583650827408
YDL088C,YNL009W,0,1.6086411,0.34678298234939575,0.6309523582458496,0.11989592015743256
YLR117C,YJL173C,1,1.6066436,0.3471389710903168,0.6319444179534912,0.11989592015743256
YLR457C,YPL130W,0,1.6062518,0.34694990515708923,0.6319444179534912,0.11999599635601044
YJL165C,YLR449W,0,1.6047091,0.346761018037796,0.6319444179534912,0.12009608000516891
YBL061C,YDL033C,0,1.6045989,0.3465723693370819,0.6319444179534912,0.1201961562037468
YGR007W,YPR164W,0,1.6020846,0.3463838994503021,0.6319444179534912,0.12029623985290527
YGL122C,YKL116C,0,1.6018993,0.34619563817977905,0.6319444179534912,0.12039631605148315
YHR058C,YCR059C,0,1.6011763,0.3460076153278351,0.6319444179534912,0.12049639970064163
YOR119C,YMR183C,0,1.600883,0.34581977128982544,0.6319444179534912,0.12059647589921951
YHR191C,YBR136W,1,1.6008453,0.3461747169494629,0.6329365372657776,0.12059647589921951
YOR123C,YDL060W,0,1.6001835,0.3459869921207428,0.6329365372657776,0.12069655954837799
YOL096C,YGL005C,0,1.5983431,0.34579944610595703,0.6329365372657776,0.12079663574695587
YNL063W,YMR039C,0,1.5977806,0.34561213850975037,0.6329365372657776,0.12089671939611435
YOR334W,YCL011C,0,1.5975243,0.345425009727478,0.6329365372657776,0.12099679559469223
YDR273W,YOL103W,0,1.5961581,0.3452380895614624,0.6329365372657776,0.12109687924385071
YLR433C,YOL103W,0,1.595059,0.3450513780117035,0.6329365372657776,0.12119695544242859
YDR385W,YOR330C,0,1.5942882,0.3448648750782013,0.6329365372657776,0.12129703909158707
YNL249C,YDR009W,0,1.592747,0.3446785509586334,0.6329365372657776,0.12139711529016495
YAL011W,YDR371W,0,1.5923706,0.34449243545532227,0.6329365372657776,0.12149719893932343
YLR191W,YNL102W,0,1.5903075,0.3443065285682678,0.6329365372657776,0.1215972751379013
YER132C,YIL062C,0,1.5898563,0.3441208302974701,0.6329365372657776,0.12169735878705978
YDL082W,YPL253C,0,1.5868795,0.3439353108406067,0.6329365372657776,0.12179743498563766
YBR302C,YMR133W,0,1.5865963,0.34375,0.6329365372657776,0.12189751863479614
YEL072W,YDR332W,0,1.5849656,0.34356489777565,0.6329365372657776,0.12199759483337402
YHR148W,YMR277W,0,1.5848436,0.3433799743652344,0.6329365372657776,0.1220976784825325
YDL008W,YOR266W,0,1.5838392,0.34319525957107544,0.6329365372657776,0.12219775468111038
YGR058W,YIL120W,0,1.5836825,0.3430107533931732,0.6329365372657776,0.12229783833026886
YDR454C,YOR038C,0,1.582864,0.3428264260292053,0.6329365372657776,0.12239792197942734
YPR183W,YOL141W,0,1.5822895,0.34264230728149414,0.6329365372657776,0.12249799817800522
YOR054C,YDL170W,0,1.582196,0.3424583971500397,0.6329365372657776,0.1225980818271637
YFL056C,YOL017W,0,1.5814384,0.34227466583251953,0.6329365372657776,0.12269815802574158
YOL003C,YDR325W,0,1.5811408,0.3420911431312561,0.6329365372657776,0.12279824167490005
YIL066C,YDR097C,1,1.580395,0.3424437344074249,0.6339285969734192,0.12279824167490005
YER100W,YLR384C,0,1.5801963,0.34226030111312866,0.6339285969734192,0.12289831787347794
YDR510W,YJR042W,0,1.5801032,0.3420770764350891,0.6339285969734192,0.12299840152263641
YER095W,YDR310C,1,1.5799184,0.34242910146713257,0.6349206566810608,0.12299840152263641
YPR023C,YOL090W,1,1.5784296,0.342780739068985,0.6359127163887024,0.12299840152263641
YOR329C,YKL135C,0,1.5779511,0.3425975441932678,0.6359127163887024,0.1230984777212143
YGL192W,YOR290C,1,1.57776,0.34294870495796204,0.636904776096344,0.1230984777212143
YGL166W,YGL027C,0,1.5774325,0.3427656292915344,0.636904776096344,0.12319856137037277
YEL021W,YOR231W,0,1.5773084,0.34258270263671875,0.636904776096344,0.12329863756895065
YPL015C,YMR076C,0,1.5769413,0.3424000144004822,0.636904776096344,0.12339872121810913
YJR134C,YBR264C,0,1.5763,0.34221747517585754,0.636904776096344,0.12349879741668701
YDR364C,YER146W,0,1.5755641,0.342035174369812,0.636904776096344,0.12359888106584549
YAL001C,YML036W,0,1.5747361,0.3418530225753784,0.636904776096344,0.12369895726442337
YMR188C,YGL131C,0,1.5741234,0.3416711091995239,0.636904776096344,0.12379904091358185
YGR097W,YKR001C,0,1.571197,0.34148937463760376,0.636904776096344,0.12389911711215973
YGR038W,YOR237W,0,1.5703509,0.3413078188896179,0.636904776096344,0.1239992007613182
YNL264C,YOR026W,0,1.5699587,0.3411264717578888,0.636904776096344,0.12409927695989609
YIR015W,YCR106W,0,1.5685769,0.340945303440094,0.636904776096344,0.12419936060905457
YFR026C,YNR027W,0,1.5683508,0.3407643437385559,0.636904776096344,0.12429943680763245
YPL104W,YJL008C,0,1.5681117,0.34058356285095215,0.636904776096344,0.12439952045679092
YLR163C,YBR275C,0,1.5679965,0.3404029607772827,0.636904776096344,0.1244995966553688
YPR054W,YOR151C,0,1.5674148,0.34022256731987,0.636904776096344,0.12459968030452728
YLR138W,YPL085W,0,1.5656174,0.340042382478714,0.636904776096344,0.12469975650310516
YOR349W,YLR263W,0,1.564328,0.3398623466491699,0.636904776096344,0.12479984015226364
YFL033C,YIL073C,0,1.5634601,0.33968254923820496,0.636904776096344,0.12489991635084152
YDR069C,YER129W,1,1.5626512,0.3400317430496216,0.6378968358039856,0.12489991635084152
YPL118W,YJL096W,0,1.5599678,0.3398520052433014,0.6378968358039856,0.125
YLL057C,YPR054W,0,1.5586252,0.3396724760532379,0.6378968358039856,0.12510007619857788
YDL126C,YGR048W,1,1.558105,0.34002113342285156,0.6388888955116272,0.12510007619857788
YOL066C,YGL022W,0,1.5578451,0.33984169363975525,0.6388888955116272,0.12520016729831696
YOR219C,YNL077W,0,1.5577804,0.33966243267059326,0.6388888955116272,0.12530024349689484
YNL038W,YDL150W,0,1.5572251,0.339483380317688,0.6388888955116272,0.12540031969547272
YFL002C,YCL063W,0,1.5554463,0.33930453658103943,0.6388888955116272,0.1255003958940506
YOL139C,YJL038C,0,1.5551078,0.3391258418560028,0.6388888955116272,0.12560048699378967
YKR101W,YMR121C,0,1.552705,0.3389473557472229,0.6388888955116272,0.12570056319236755
YDR501W,YGL172W,0,1.5508342,0.3387690782546997,0.6388888955116272,0.12580063939094543
YHL038C,YFL024C,0,1.5499783,0.33859094977378845,0.6388888955116272,0.12590071558952332
YDR369C,YOR032C,0,1.5499597,0.3384130299091339,0.6388888955116272,0.1260008066892624
YDR255C,YGL158W,0,1.548751,0.3382352888584137,0.6388888955116272,0.12610088288784027
YER093C,YPL243W,0,1.5475821,0.3380577564239502,0.6388888955116272,0.12620095908641815
YJL024C,YIL009C-A,0,1.5461776,0.33788037300109863,0.6388888955116272,0.12630103528499603
YLR406C,YIR010W,0,1.5456009,0.3377031981945038,0.6388888955116272,0.1264011263847351
YPR024W,YHL020C,0,1.5453105,0.33752620220184326,0.6388888955116272,0.126501202583313
YNR075W,YFR005C,0,1.54476,0.33734938502311707,0.6388888955116272,0.12660127878189087
YIL105C,YIL110W,0,1.543981,0.3371727764606476,0.6388888955116272,0.12670135498046875
YML077W,YPL161C,0,1.5437468,0.3369963467121124,0.6388888955116272,0.12680144608020782
YER132C,YOR159C,0,1.5422308,0.3368200957775116,0.6388888955116272,0.1269015222787857
YDR323C,YLR385C,0,1.5419192,0.3366440236568451,0.6388888955116272,0.1270015984773636
YMR066W,YCR079W,0,1.5406759,0.3364681303501129,0.6388888955116272,0.12710167467594147
YOR279C,YHR197W,1,1.5401752,0.33681461215019226,0.6398809552192688,0.12710167467594147
YCR081W,YKL014C,0,1.5400739,0.33663883805274963,0.6398809552192688,0.12720176577568054
YPR001W,YHR088W,0,1.5380325,0.33646321296691895,0.6398809552192688,0.12730184197425842
YMR133W,YDR400W,0,1.5380225,0.33628779649734497,0.6398809552192688,0.1274019181728363
YKR079C,YPL127C,0,1.5363195,0.3361125588417053,0.6398809552192688,0.12750199437141418
YNR062C,YGR056W,0,1.5352532,0.3359375,0.6398809552192688,0.12760208547115326
YAL030W,YIR005W,0,1.5347548,0.335762619972229,0.6398809552192688,0.12770216166973114
YGR133W,YPL138C,0,1.5345781,0.33558791875839233,0.6398809552192688,0.12780223786830902
YFR027W,YDR226W,1,1.5341866,0.3359334468841553,0.6408730149269104,0.12780223786830902
YDR183W,YLR193C,0,1.5334675,0.33575883507728577,0.6408730149269104,0.1279023289680481
YFL021W,YHR207C,0,1.5328817,0.3355844020843506,0.6408730149269104,0.12800240516662598
YOR236W,YPL138C,0,1.5325798,0.3354101777076721,0.6408730149269104,0.12810248136520386
YOR217W,YBR274W,1,1.5323428,0.33575505018234253,0.641865074634552,0.12810248136520386
YGR225W,YGR270W,0,1.5304129,0.3355809152126312,0.641865074634552,0.12820255756378174
YJR035W,YNR063W,0,1.5295392,0.33540695905685425,0.641865074634552,0.1283026486635208
YML004C,YHR090C,0,1.5291761,0.3352331519126892,0.641865074634552,0.1284027248620987
YLL010C,YKL176C,0,1.5289814,0.3350595533847809,0.641865074634552,0.12850280106067657
YMR133W,YPR107C,0,1.5279311,0.3348861336708069,0.641865074634552,0.12860287725925446
YBR094W,YMR269W,0,1.5268996,0.3347128927707672,0.641865074634552,0.12870296835899353
YPR175W,YLR154C,1,1.526603,0.335056871175766,0.6428571343421936,0.12870296835899353
YFR003C,YOL146W,0,1.5256741,0.3348837196826935,0.6428571343421936,0.1288030445575714
YNR048W,YOR032C,0,1.5253738,0.3347107470035553,0.6428571343421936,0.1289031207561493
YDR291W,YLR451W,0,1.5243516,0.33453795313835144,0.6428571343421936,0.12900319695472717
YLR139C,YFR038W,0,1.5235454,0.3343653380870819,0.6428571343421936,0.12910328805446625
YPR173C,YDR054C,0,1.5229104,0.3341928720474243,0.6428571343421936,0.12920336425304413
YER007W,YMR023C,0,1.52272,0.33402061462402344,0.6428571343421936,0.129303440451622
YOR339C,YDL113C,0,1.5213413,0.3338485360145569,0.6428571343421936,0.1294035166501999
YJR140C,YFR025C,0,1.5211422,0.33367663621902466,0.6428571343421936,0.12950360774993896
YML061C,YMR190C,1,1.5202851,0.33401957154273987,0.6438491940498352,0.12950360774993896
YNL311C,YKR071C,0,1.5188177,0.3338477313518524,0.6438491940498352,0.12960368394851685
YEL012W,YML112W,0,1.5185422,0.3336760997772217,0.6438491940498352,0.12970376014709473
YGL249W,YDR022C,0,1.517621,0.3335046172142029,0.6438491940498352,0.1298038363456726
YPL146C,YBR213W,0,1.515115,0.3333333432674408,0.6438491940498352,0.12990392744541168
YPL055C,YDR451C,0,1.5150362,0.33316221833229065,0.6438491940498352,0.13000400364398956
YDR520C,YFL009W,0,1.5149016,0.33299127221107483,0.6438491940498352,0.13010407984256744
YGL169W,YBR094W,0,1.5139925,0.33282050490379333,0.6438491940498352,0.13020415604114532
YCR028C-A,YMR075W,1,1.5139885,0.33316248655319214,0.6448412537574768,0.13020415604114532
YPL282C,YPR042C,0,1.513046,0.3329918086528778,0.6448412537574768,0.1303042471408844
YNL288W,YPL128C,0,1.5129478,0.3328213095664978,0.6448412537574768,0.13040432333946228
YLL005C,YMR277W,0,1.5114099,0.33265095949172974,0.6448412537574768,0.13050439953804016
YER095W,YCR092C,1,1.5105627,0.3329923152923584,0.6458333134651184,0.13050439953804016
YDR303C,YNL290W,1,1.5104096,0.3333333432674408,0.64682537317276,0.13050439953804016
YNL207W,YGR271W,0,1.5100619,0.33316299319267273,0.64682537317276,0.13060449063777924
YER042W,YNL272C,0,1.5099949,0.3329928517341614,0.64682537317276,0.13070456683635712
YLR215C,YGR276C,0,1.5097547,0.33282285928726196,0.64682537317276,0.130804643034935
YIL068C,YDR016C,0,1.5095774,0.33265307545661926,0.64682537317276,0.13090471923351288
YOR219C,YBR251W,0,1.504885,0.3324834406375885,0.64682537317276,0.13100481033325195
YER025W,YBL034C,0,1.5045394,0.3323139548301697,0.64682537317276,0.13110488653182983
YOR124C,YHR088W,0,1.5024054,0.33214467763900757,0.64682537317276,0.13120496273040771
YDR176W,YPL030W,0,1.5023171,0.3319755494594574,0.64682537317276,0.1313050389289856
YJL025W,YDL035C,0,1.5012634,0.33180662989616394,0.64682537317276,0.13140513002872467
YER095W,YFL042C,0,1.5003304,0.33163782954216003,0.64682537317276,0.13150520622730255
YFR013W,YJL078C,0,1.4998591,0.33146923780441284,0.64682537317276,0.13160528242588043
YGR195W,YNL090W,0,1.4995801,0.3313008248806,0.64682537317276,0.1317053586244583
YGL145W,YDL245C,0,1.4990722,0.33113256096839905,0.64682537317276,0.1318054497241974
YFL016C,YOR381W,0,1.4989784,0.33096447587013245,0.64682537317276,0.13190552592277527
YLR425W,YOL116W,0,1.4986564,0.3307965397834778,0.64682537317276,0.13200560212135315
YFL028C,YLR105C,0,1.4977409,0.33062881231307983,0.64682537317276,0.13210567831993103
YER129W,YOL006C,1,1.4965905,0.33096808195114136,0.6478174328804016,0.13210567831993103
YLR423C,YMR001C,0,1.496485,0.3308004140853882,0.6478174328804016,0.1322057694196701
YDR441C,YLL004W,0,1.4954691,0.33063292503356934,0.6478174328804016,0.13230584561824799
YKR019C,YJL179W,0,1.4944625,0.3304655849933624,0.6478174328804016,0.13240592181682587
YFR051C,YIL149C,0,1.4932997,0.33029842376708984,0.6478174328804016,0.13250599801540375
YFL030W,YOL141W,0,1.4932482,0.3301314413547516,0.6478174328804016,0.13260608911514282
YDL126C,YJL090C,1,1.492045,0.33046993613243103,0.648809552192688,0.13260608911514282
YLR310C,YIL113W,0,1.4917134,0.33030304312705994,0.648809552192688,0.1327061653137207
YKR064W,YOR159C,0,1.4914961,0.3301362991333008,0.648809552192688,0.13280624151229858
YMR138W,YLR321C,0,1.4896219,0.32996973395347595,0.648809552192688,0.13290631771087646
YOL021C,YDR498C,0,1.4891405,0.32980331778526306,0.648809552192688,0.13300640881061554
YGR288W,YOL034W,0,1.4889685,0.3296371102333069,0.648809552192688,0.13310648500919342
YDL087C,YPR072W,0,1.4883027,0.32947102189064026,0.648809552192688,0.1332065612077713
YPL140C,YDR339C,0,1.4880977,0.32930514216423035,0.648809552192688,0.13330665230751038
YOR219C,YHR081W,0,1.4871359,0.3291394114494324,0.648809552192688,0.13340672850608826
YDL126C,YBR228W,1,1.4860623,0.32947686314582825,0.6498016119003296,0.13340672850608826
YKR019C,YGL171W,0,1.4850436,0.32931122183799744,0.6498016119003296,0.13350680470466614
YPL163C,YNL139C,0,1.4847049,0.32914572954177856,0.6498016119003296,0.13360688090324402
YML113W,YER119C,0,1.484567,0.328980416059494,0.6498016119003296,0.1337069720029831
YOR299W,YOL006C,0,1.4841771,0.3288152515888214,0.6498016119003296,0.13380704820156097
YKL082C,YPL213W,0,1.4835882,0.32865026593208313,0.6498016119003296,0.13390712440013885
YGL237C,YBL052C,0,1.4824216,0.3284854590892792,0.6498016119003296,0.13400720059871674
YIL134W,YGL032C,0,1.4803951,0.32832080125808716,0.6498016119003296,0.1341072916984558
YDR371W,YGR238C,0,1.4795414,0.32815632224082947,0.6498016119003296,0.1342073678970337
YOR181W,YNL152W,0,1.4794778,0.3279919922351837,0.6498016119003296,0.13430744409561157
YJR043C,YLR425W,0,1.4793978,0.3278278410434723,0.6498016119003296,0.13440752029418945
YFR033C,YER111C,0,1.4779742,0.3276638388633728,0.6498016119003296,0.13450761139392853
YOR207C,YJL041W,0,1.4778323,0.32749998569488525,0.6498016119003296,0.1346076875925064
YER040W,YGR215W,0,1.476653,0.3273363411426544,0.6498016119003296,0.1347077637910843
YJR057W,YBR175W,0,1.4736502,0.32717281579971313,0.6498016119003296,0.13480783998966217
YJL156C,YOR207C,0,1.472992,0.32700949907302856,0.6498016119003296,0.13490793108940125
YDR206W,YGR134W,0,1.4725573,0.32684630155563354,0.6498016119003296,0.13500800728797913
YBR152W,YJL048C,0,1.4725356,0.32668328285217285,0.6498016119003296,0.135108083486557
YER007W,YJR013W,0,1.4722551,0.3265204429626465,0.6498016119003296,0.1352081596851349
YFL022C,YFL008W,0,1.4711851,0.32635775208473206,0.6498016119003296,0.13530825078487396
YMR069W,YDL161W,0,1.4711518,0.32619521021842957,0.6498016119003296,0.13540832698345184
YOL010W,YFL027C,0,1.4709688,0.3260328471660614,0.6498016119003296,0.13550840318202972
YPR152C,YLR100W,0,1.4704926,0.3258706331253052,0.6498016119003296,0.1356084793806076
YBR079C,YGL090W,0,1.4699966,0.3257085978984833,0.6498016119003296,0.13570857048034668
YBR128C,YLR117C,0,1.4698517,0.3255467116832733,0.6498016119003296,0.13580864667892456
YER115C,YHR168W,0,1.4695963,0.3253850042819977,0.6498016119003296,0.13590872287750244
YJR010C-A,YDR208W,0,1.4694815,0.325223445892334,0.6498016119003296,0.13600881397724152
YDR105C,YIR013C,0,1.4688053,0.3250620365142822,0.6498016119003296,0.1361088901758194
YGR009C,YER104W,0,1.4685796,0.3249008059501648,0.6498016119003296,0.13620896637439728
YMR228W,YHL027W,0,1.4680612,0.3247397243976593,0.6498016119003296,0.13630904257297516
YLR052W,YPR161C,0,1.467636,0.32457879185676575,0.6498016119003296,0.13640913367271423
YFL048C,YBR058C,0,1.4672652,0.3244180381298065,0.6498016119003296,0.13650920987129211
YOR043W,YNL126W,0,1.4667275,0.32425743341445923,0.6498016119003296,0.13660928606987
YER122C,YMR300C,0,1.4658496,0.3240969777107239,0.6498016119003296,0.13670936226844788
YML061C,YBR060C,1,1.4647472,0.32443127036094666,0.6507936716079712,0.13670936226844788
YDR159W,YPL152W,0,1.464397,0.3242708742618561,0.6507936716079712,0.13680945336818695
YOR060C,YMR190C,1,1.4637446,0.32460474967956543,0.6517857313156128,0.13680945336818695
YPR111W,YMR188C,0,1.4637356,0.324444442987442,0.6517857313156128,0.13690952956676483
YKR010C,YMR212C,0,1.4636245,0.32428431510925293,0.6517857313156128,0.1370096057653427
YFL061W,YHR199C-A,0,1.4614109,0.3241243362426758,0.6517857313156128,0.1371096819639206
YHR069C,YML114C,0,1.4601063,0.32396450638771057,0.6517857313156128,0.13720977306365967
YDR374C,YHL022C,0,1.4586868,0.3238048255443573,0.6517857313156128,0.13730984926223755
YKR003W,YPL256C,0,1.457783,0.32364532351493835,0.6517857313156128,0.13740992546081543
YJR032W,YJR084W,0,1.4577527,0.32348597049713135,0.6517857313156128,0.1375100016593933
YDR437W,YLR002C,0,1.4572285,0.3233267664909363,0.6517857313156128,0.13761009275913239
YER133W,YBR136W,1,1.4567558,0.32365962862968445,0.6527777910232544,0.13761009275913239
YGL175C,YPL013C,0,1.4558628,0.32350048422813416,0.6527777910232544,0.13771016895771027
YGR048W,YIR008C,1,1.4556589,0.3238329291343689,0.653769850730896,0.13771016895771027
YHR108W,YOL149W,0,1.4547491,0.32367387413978577,0.653769850730896,0.13781024515628815
YDR273W,YNR004W,0,1.4540005,0.3235149681568146,0.653769850730896,0.13791032135486603
YBR258C,YBR296C,0,1.4536238,0.3233562409877777,0.653769850730896,0.1380104124546051
YFL055W,YDR407C,0,1.453001,0.3231976330280304,0.653769850730896,0.13811048865318298
YDR144C,YOR076C,0,1.4525349,0.3230392038822174,0.653769850730896,0.13821056485176086
YDL006W,YLR438C-A,0,1.4524534,0.32288095355033875,0.653769850730896,0.13831065595149994
YFR013W,YPL040C,0,1.4523962,0.32272282242774963,0.653769850730896,0.13841073215007782
YML008C,YDL209C,0,1.4515243,0.32256487011909485,0.653769850730896,0.1385108083486557
YOL004W,YBR202W,1,1.4514828,0.322896271944046,0.6547619104385376,0.1385108083486557
YDR283C,YIR033W,0,1.4512122,0.322738379240036,0.6547619104385376,0.13861088454723358
YER116C,YNL009W,0,1.4504188,0.32258063554763794,0.6547619104385376,0.13871097564697266
YBR160W,YIR002C,1,1.449537,0.3229115903377533,0.6557539701461792,0.13871097564697266
YDR206W,YOR308C,0,1.4488003,0.32275390625,0.6557539701461792,0.13881105184555054
YNL284C,YPL253C,0,1.4482167,0.32259640097618103,0.6557539701461792,0.13891112804412842
YEL036C,YBR175W,0,1.4473816,0.3224390149116516,0.6557539701461792,0.1390112042427063
YDR392W,YLR398C,0,1.4470423,0.3222818076610565,0.6557539701461792,0.13911129534244537
YPR023C,YLR430W,1,1.4463242,0.32261207699775696,0.6567460298538208,0.13911129534244537
YBR091C,YLR011W,0,1.4454019,0.32245492935180664,0.6567460298538208,0.13921137154102325
YBR164C,YFR010W,0,1.4451503,0.32229796051979065,0.6567460298538208,0.13931144773960114
YGL207W,YPR120C,1,1.4435319,0.3226277232170105,0.6577380895614624,0.13931144773960114
YDR446W,YMR304W,0,1.439213,0.3224708139896393,0.6577380895614624,0.13941152393817902
YJR043C,YJL072C,1,1.4379766,0.3228001892566681,0.658730149269104,0.13941152393817902
YKL028W,YIL118W,0,1.4379094,0.32264333963394165,0.658730149269104,0.1395116150379181
YKR064W,YPR070W,0,1.4364045,0.32248663902282715,0.658730149269104,0.13961169123649597
YDR323C,YOR148C,0,1.4337903,0.3223300874233246,0.658730149269104,0.13971176743507385
YFL060C,YMR143W,0,1.4314276,0.32217371463775635,0.658730149269104,0.13981184363365173
YDL209C,YMR162C,0,1.431206,0.32201746106147766,0.658730149269104,0.1399119347333908
YDL214C,YMR162C,0,1.4304338,0.3218613564968109,0.658730149269104,0.1400120109319687
YDR407C,YOR075W,0,1.4293047,0.3217054307460785,0.658730149269104,0.14011208713054657
YNL021W,YCR073C,0,1.4285408,0.3215496242046356,0.658730149269104,0.14021216332912445
YNL023C,YAL001C,0,1.4282311,0.3213939964771271,0.658730149269104,0.14031225442886353
YER040W,YOR198C,0,1.4280417,0.32123851776123047,0.658730149269104,0.1404123306274414
YCL067C,YBR128C,0,1.4257698,0.3210831582546234,0.658730149269104,0.1405124068260193
YGL244W,YLR017W,0,1.4256058,0.3209279775619507,0.658730149269104,0.14061248302459717
YBR278W,YLR002C,1,1.424919,0.32125604152679443,0.6597222089767456,0.14061248302459717
YBL076C,YIR009W,0,1.4239707,0.3211009204387665,0.6597222089767456,0.14071257412433624
YCL029C,YFL013C,0,1.4238389,0.32094594836235046,0.6597222089767456,0.14081265032291412
YBR264C,YDR160W,0,1.4235084,0.3207911252975464,0.6597222089767456,0.140912726521492
YDR449C,YDR152W,0,1.4225106,0.32063645124435425,0.6597222089767456,0.14101281762123108
YER159C,YKR036C,0,1.4224856,0.32048192620277405,0.6597222089767456,0.14111289381980896
YNL012W,YOR075W,0,1.4219515,0.3203275501728058,0.6597222089767456,0.14121297001838684
YLR289W,YHR129C,0,1.4213628,0.32017332315444946,0.6597222089767456,0.14131304621696472
YOR191W,YBR059C,0,1.4208074,0.3200192451477051,0.6597222089767456,0.1414131373167038
YMR069W,YKL220C,0,1.4183419,0.31986531615257263,0.6597222089767456,0.14151321351528168
YDR385W,YHL009C,0,1.41818,0.3197115361690521,0.6597222089767456,0.14161328971385956
YER133W,YML069W,1,1.4181604,0.32003843784332275,0.6607142686843872,0.14161328971385956
YGR261C,YLL034C,0,1.4180704,0.319884717464447,0.6607142686843872,0.14171336591243744
YDR253C,YPL243W,0,1.4175178,0.3197311460971832,0.6607142686843872,0.1418134570121765
YNL223W,YDR080W,0,1.4173596,0.31957772374153137,0.6607142686843872,0.1419135332107544
YEL064C,YGR024C,0,1.4171543,0.31942445039749146,0.6607142686843872,0.14201360940933228
YIL078W,YDL102W,0,1.415103,0.3192713260650635,0.6607142686843872,0.14211368560791016
YGR007W,YMR313C,0,1.4148219,0.31911835074424744,0.6607142686843872,0.14221377670764923
YML077W,YPL085W,0,1.4138489,0.31896552443504333,0.6607142686843872,0.1423138529062271
YLR047C,YNL221C,0,1.4124416,0.3188128173351288,0.6607142686843872,0.142413929104805
YNL108C,YBL067C,0,1.4122303,0.31866028904914856,0.6607142686843872,0.14251400530338287
YDR073W,YGL043W,0,1.4120891,0.3185078799724579,0.6607142686843872,0.14261409640312195
YHR164C,YBR274W,1,1.4117404,0.3188336491584778,0.6617063283920288,0.14261409640312195
YPL051W,YBL055C,0,1.4108014,0.3186813294887543,0.6617063283920288,0.14271417260169983
YMR133W,YPR061C,0,1.4105729,0.3185291290283203,0.6617063283920288,0.1428142488002777
YER106W,YPL132W,0,1.4099166,0.3183770775794983,0.6617063283920288,0.1429143249988556
YDL197C,YER020W,0,1.4097476,0.3182252049446106,0.6617063283920288,0.14301441609859467
YIL003W,YMR170C,0,1.4097002,0.31807345151901245,0.6617063283920288,0.14311449229717255
YJR091C,YDL098C,0,1.4088368,0.31792181730270386,0.6617063283920288,0.14321456849575043
YDR030C,YHR052W,0,1.408834,0.3177703619003296,0.6617063283920288,0.1433146446943283
YGR278W,YPL226W,0,1.4087615,0.31761905550956726,0.6617063283920288,0.14341473579406738
YOR069W,YGR215W,0,1.4081342,0.3174678683280945,0.6617063283920288,0.14351481199264526
YBR221C,YER180C,0,1.407345,0.31731683015823364,0.6617063283920288,0.14361488819122314
YKL173W,YEL069C,0,1.4047519,0.31716594099998474,0.6617063283920288,0.14371497929096222
YDL175C,YER046W,0,1.4046764,0.3170152008533478,0.6617063283920288,0.1438150554895401
YDR296W,YLR117C,1,1.4035895,0.3173396587371826,0.6626983880996704,0.1438150554895401
YCR058C,YCR070W,0,1.4026186,0.31718897819519043,0.6626983880996704,0.14391513168811798
YFR040W,YPR067W,0,1.4021895,0.3170384466648102,0.6626983880996704,0.14401520788669586
YDL210W,YGL240W,0,1.4017689,0.3168880343437195,0.6626983880996704,0.14411529898643494
YBR019C,YDL122W,0,1.401447,0.3167378008365631,0.6626983880996704,0.14421537518501282
YCL067C,YCR059C,0,1.4008954,0.3165876865386963,0.6626983880996704,0.1443154513835907
YML071C,YMR143W,0,1.4006174,0.3164377212524414,0.6626983880996704,0.14441552758216858
YNR011C,YCR071C,0,1.3998364,0.3162878751754761,0.6626983880996704,0.14451561868190765
YEL070W,YIR015W,0,1.3983879,0.3161381781101227,0.6626983880996704,0.14461569488048553
YDR303C,YOR080W,1,1.3983225,0.3164616823196411,0.663690447807312,0.14461569488048553
YJR028W,YMR051C,0,1.3980742,0.3163120448589325,0.663690447807312,0.14471577107906342
YLR234W,YER099C,0,1.3971994,0.3161625564098358,0.663690447807312,0.1448158472776413
YOL068C,YDR463W,0,1.3967288,0.3160132169723511,0.663690447807312,0.14491593837738037
YDR113C,YPL232W,0,1.3959788,0.31586402654647827,0.663690447807312,0.14501601457595825
YMR167W,YDR358W,0,1.3959281,0.315714955329895,0.663690447807312,0.14511609077453613
YIR008C,YPL181W,1,1.3954905,0.31603774428367615,0.6646825671195984,0.14511609077453613
YJL162C,YIL009W,0,1.3951645,0.31588873267173767,0.6646825671195984,0.145216166973114
YNL088W,YDR054C,1,1.3950582,0.31621113419532776,0.66567462682724,0.145216166973114
YDR273W,YJL129C,0,1.3947608,0.31606218218803406,0.66567462682724,0.1453162580728531
YMR278W,YGL134W,0,1.3930591,0.3159133791923523,0.66567462682724,0.14541633427143097
YPR023C,YKL045W,1,1.3930538,0.3162353038787842,0.6666666865348816,0.14541633427143097
YDR423C,YDR486C,0,1.3911827,0.3160865604877472,0.6666666865348816,0.14551641047000885
YBR195C,YGR212W,0,1.3907845,0.31593793630599976,0.6666666865348816,0.14561648666858673
YMR238W,YCR042C,0,1.3905644,0.31578946113586426,0.6666666865348816,0.1457165777683258
YDL098C,YBR280C,0,1.3886129,0.3156411349773407,0.6666666865348816,0.1458166539669037
YHR038W,YKR006C,0,1.3876355,0.3154929578304291,0.6666666865348816,0.14591673016548157
YBR166C,YNL308C,0,1.3863913,0.315344899892807,0.6666666865348816,0.14601680636405945
YLR421C,YMR225C,0,1.3863621,0.3151969909667969,0.6666666865348816,0.14611689746379852
YOL054W,YMR290C,0,1.3853807,0.3150492310523987,0.6666666865348816,0.1462169736623764
YMR231W,YER081W,0,1.3853557,0.31490159034729004,0.6666666865348816,0.14631704986095428
YDR176W,YLR240W,0,1.3849219,0.31475409865379333,0.6666666865348816,0.14641714096069336
YLR383W,YGR172C,0,1.3847389,0.31460675597190857,0.6666666865348816,0.14651721715927124
YJL179W,YNL091W,0,1.3841772,0.31445953249931335,0.6666666865348816,0.14661729335784912
YGL063W,YDR372C,0,1.3833423,0.3143124282360077,0.6666666865348816,0.146717369556427
YPL096C-A,YGR209C,0,1.3822416,0.31416550278663635,0.6666666865348816,0.14681746065616608
YLR439W,YIL142W,0,1.3822107,0.31401869654655457,0.6666666865348816,0.14691753685474396
YBR202W,YBR274W,1,1.381608,0.3143391013145447,0.6676587462425232,0.14691753685474396
YPL099C,YDL245C,0,1.3805306,0.31419235467910767,0.6676587462425232,0.14701761305332184
YCR081W,YMR112C,0,1.3802733,0.3140457272529602,0.6676587462425232,0.14711768925189972
YNR054C,YML080W,0,1.379601,0.3138992488384247,0.6676587462425232,0.1472177803516388
YPL161C,YBL058W,0,1.3795946,0.3137529194355011,0.6676587462425232,0.14731785655021667
YBR044C,YDR280W,0,1.3792895,0.31360670924186707,0.6676587462425232,0.14741793274879456
YMR175W,YIL068C,0,1.3780569,0.31346064805984497,0.6676587462425232,0.14751800894737244
YBL039W-B,YIL051C,0,1.377777,0.3133147060871124,0.6676587462425232,0.1476181000471115
YGL044C,YHR165C,0,1.3748057,0.3131689131259918,0.6676587462425232,0.1477181762456894
YER143W,YPL029W,1,1.3739089,0.3134883642196655,0.6686508059501648,0.1477181762456894
YKL113C,YLR381W,1,1.373435,0.31380751729011536,0.6696428656578064,0.1477181762456894
YPR162C,YNL330C,1,1.3727462,0.3141264021396637,0.670634925365448,0.1477181762456894
YNL246W,YHL025W,0,1.3724718,0.31398048996925354,0.670634925365448,0.14781825244426727
YNL038W,YOR081C,0,1.3714228,0.3138347268104553,0.670634925365448,0.14791832864284515
YLR092W,YDR168W,0,1.3708947,0.31368908286094666,0.670634925365448,0.14801841974258423
YNL258C,YHR012W,0,1.3707702,0.3135435879230499,0.670634925365448,0.1481184959411621
YOR290C,YER133W,1,1.3703127,0.3138618469238281,0.6716269850730896,0.1481184959411621
YGL071W,YEL012W,0,1.3702455,0.31371641159057617,0.6716269850730896,0.14821857213974
YMR198W,YGL245W,0,1.369523,0.31357109546661377,0.6716269850730896,0.14831864833831787
YNL306W,YHR034C,0,1.3690507,0.3134259283542633,0.6716269850730896,0.14841873943805695
YLR016C,YDL008W,0,1.3680944,0.3132808804512024,0.6716269850730896,0.14851881563663483
YPL249C,YPR185W,0,1.3679035,0.3131359815597534,0.6716269850730896,0.1486188918352127
YPL128C,YOL044W,0,1.3664398,0.312991201877594,0.6716269850730896,0.1487189680337906
YJR022W,YGR086C,0,1.366403,0.3128465712070465,0.6716269850730896,0.14881905913352966
YHR114W,YDL166C,0,1.3647157,0.31270208954811096,0.6716269850730896,0.14891913533210754
YLL010C,YPL148C,0,1.3630738,0.3125576972961426,0.6716269850730896,0.14901921153068542
YPR163C,YOR017W,0,1.3624742,0.3124134838581085,0.6716269850730896,0.1491193026304245
YBR009C,YBR187W,0,1.3619064,0.3122693598270416,0.6716269850730896,0.14921937882900238
YCR065W,YMR171C,0,1.3602287,0.31212541460990906,0.6716269850730896,0.14931945502758026
YCR072C,YER029C,0,1.3601403,0.31198155879974365,0.6716269850730896,0.14941953122615814
YFL060C,YMR089C,0,1.3591719,0.3118378520011902,0.6716269850730896,0.14951962232589722
YHR153C,YAR020C,0,1.3590561,0.31169429421424866,0.6716269850730896,0.1496196985244751
YGR048W,YBR160W,1,1.3547672,0.3120110332965851,0.6726190447807312,0.1496196985244751
YLL022C,YDR202C,0,1.3547432,0.31186753511428833,0.6726190447807312,0.14971977472305298
YFR051C,YHL009C,0,1.3535434,0.31172412633895874,0.6726190447807312,0.14981985092163086
YNL072W,YJR046W,1,1.3526388,0.31204044818878174,0.6736111044883728,0.14981985092163086
YBR125C,YNR072W,0,1.3513727,0.3118970990180969,0.6736111044883728,0.14991994202136993
YMR050C,YJR042W,0,1.3510602,0.31175389885902405,0.6736111044883728,0.15002001821994781
YJR026W,YML094W,0,1.3495111,0.3116108179092407,0.6736111044883728,0.1501200944185257
YBR100W,YOR144C,1,1.3492981,0.31192660331726074,0.6746031641960144,0.1501200944185257
YBR100W,YBR088C,1,1.3490671,0.3122420907020569,0.675595223903656,0.1501200944185257
YLR295C,YML015C,0,1.3488945,0.31209897994995117,0.675595223903656,0.15022017061710358
YPL243W,YGL173C,0,1.3487463,0.3119560182094574,0.675595223903656,0.15032026171684265
YHR158C,YMR080C,0,1.3487258,0.3118131756782532,0.675595223903656,0.15042033791542053
YOR047C,YMR033W,0,1.3478281,0.3116704821586609,0.675595223903656,0.1505204141139984
YGR004W,YAR042W,0,1.3464136,0.31152790784835815,0.675595223903656,0.1506204903125763
YJL047C,YOR290C,1,1.3464079,0.3118427097797394,0.6765872836112976,0.1506204903125763
YDR301W,YJR133W,0,1.3458599,0.3117001950740814,0.6765872836112976,0.15072058141231537
YBR274W,YJL165C,0,1.3453474,0.311557799577713,0.6765872836112976,0.15082065761089325
YBL008W,YLR421C,0,1.3446406,0.31141552329063416,0.6765872836112976,0.15092073380947113
YHR191C,YKL022C,1,1.3441784,0.3117298185825348,0.6775793433189392,0.15092073380947113
YLR009W,YNL041C,0,1.3437526,0.3115876019001007,0.6775793433189392,0.151020810008049
YGL255W,YGR059W,0,1.3430581,0.3114455044269562,0.6775793433189392,0.15112090110778809
YGL195W,YJR040W,0,1.3427052,0.3113035559654236,0.6775793433189392,0.15122097730636597
YBL069W,YLR105C,0,1.342067,0.31116172671318054,0.6775793433189392,0.15132105350494385
YGR244C,YPL209C,0,1.3417944,0.31102004647254944,0.6775793433189392,0.15142112970352173
YER044C-A,YPL132W,0,1.3415809,0.3108784854412079,0.6775793433189392,0.1515212208032608
YIL031W,YGR056W,0,1.3410254,0.3107370436191559,0.6775793433189392,0.15162129700183868
YPR019W,YDL247W,0,1.3403227,0.31059572100639343,0.6775793433189392,0.15172137320041656
YJL127C-B,YEL059C-A,0,1.3398349,0.3104545474052429,0.6775793433189392,0.15182146430015564
YER019C-A,YCR086W,0,1.3396883,0.31031349301338196,0.6775793433189392,0.15192154049873352
YBR080C,YAR042W,0,1.3393497,0.31017255783081055,0.6775793433189392,0.1520216166973114
YPL038W,YBL079W,0,1.3387165,0.3100317716598511,0.6775793433189392,0.15212169289588928
YGR140W,YNL077W,0,1.3380897,0.30989110469818115,0.6775793433189392,0.15222178399562836
YCR038C,YIL131C,0,1.3376517,0.3097505569458008,0.6775793433189392,0.15232186019420624
YGR225W,YML047C,0,1.3375545,0.30961015820503235,0.6775793433189392,0.15242193639278412
YER044C-A,YNL078W,0,1.3363051,0.30946987867355347,0.6775793433189392,0.152522012591362
YHL024W,YNL088W,1,1.3362418,0.30978259444236755,0.6785714030265808,0.152522012591362
YGR006W,YBR208C,0,1.3360536,0.30964237451553345,0.6785714030265808,0.15262210369110107
YGR133W,YKL210W,0,1.3356762,0.3095022737979889,0.6785714030265808,0.15272217988967896
YDR351W,YLR117C,0,1.3356099,0.3093622922897339,0.6785714030265808,0.15282225608825684
YDR145W,YHR064C,0,1.3355321,0.30922242999076843,0.6785714030265808,0.15292233228683472
YML067C,YPL164C,0,1.3350047,0.30908268690109253,0.6785714030265808,0.1530224233865738
YNL025C,YNL090W,0,1.3349266,0.30894309282302856,0.6785714030265808,0.15312249958515167
YAR009C,YDR049W,0,1.3348553,0.30880361795425415,0.6785714030265808,0.15322257578372955
YFL056C,YLR139C,0,1.3339669,0.3086642622947693,0.6785714030265808,0.15332265198230743
YPR023C,YDR052C,1,1.3336817,0.30897608399391174,0.6795634627342224,0.15332265198230743
YDL175C,YJL038C,0,1.3332708,0.30883678793907166,0.6795634627342224,0.1534227430820465
YOL091W,YPL189W,0,1.3329378,0.3086976110935211,0.6795634627342224,0.1535228192806244
YIL150C,YGL133W,0,1.330833,0.30855855345726013,0.6795634627342224,0.15362289547920227
YHL004W,YOL038W,0,1.3307018,0.3084196448326111,0.6795634627342224,0.15372297167778015
YIL048W,YGR188C,0,1.3302581,0.3082808256149292,0.6795634627342224,0.15382306277751923
YCR097W,YPL176C,0,1.3301687,0.30814215540885925,0.6795634627342224,0.1539231389760971
YDR145W,YKL197C,0,1.3298484,0.30800360441207886,0.6795634627342224,0.154023215174675
YDR273W,YOR090C,0,1.329674,0.307865172624588,0.6795634627342224,0.15412329137325287
YNL129W,YER014W,0,1.3292135,0.3077268600463867,0.6795634627342224,0.15422338247299194
YDL044C,YFR010W,0,1.329075,0.30758869647979736,0.6795634627342224,0.15432345867156982
YML061C,YOR060C,1,1.329036,0.30789947509765625,0.6805555820465088,0.15432345867156982
YDR207C,YHR065C,0,1.3282624,0.3077613413333893,0.6805555820465088,0.1544235348701477
YIL078W,YPL016W,0,1.328227,0.30762332677841187,0.6805555820465088,0.15452362596988678
YMR316W,YLR221C,0,1.3269652,0.307485431432724,0.6805555820465088,0.15462370216846466
YER095W,YBR100W,1,1.326422,0.3077957034111023,0.6815476417541504,0.15462370216846466
YOL017W,YJL139C,0,1.3247993,0.3076578676700592,0.6815476417541504,0.15472377836704254
YPL096C-A,YMR231W,0,1.3235917,0.30752015113830566,0.6815476417541504,0.15482385456562042
YNL103W,YMR009W,0,1.3231978,0.3073825538158417,0.6815476417541504,0.1549239456653595
YOR074C,YIL048W,0,1.3231858,0.30724507570266724,0.6815476417541504,0.15502402186393738
YNL068C,YDR054C,1,1.3223724,0.3075547516345978,0.682539701461792,0.15502402186393738
YNL172W,YBR282W,0,1.3217965,0.3074173331260681,0.682539701461792,0.15512409806251526
YDR168W,YKR038C,0,1.3216646,0.307280033826828,0.682539701461792,0.15522417426109314
YPL051W,YKR100C,0,1.3197143,0.30714285373687744,0.682539701461792,0.15532426536083221
YML058W,YPR164W,1,1.3191652,0.3074520230293274,0.6835317611694336,0.15532426536083221
YAL034C,YGR006W,0,1.3180085,0.3073149025440216,0.6835317611694336,0.1554243415594101
YPL021W,YDR458C,0,1.3178481,0.30717790126800537,0.6835317611694336,0.15552441775798798
YMR281W,YPL227C,0,1.3164933,0.3070409893989563,0.6835317611694336,0.15562449395656586
YDR069C,YMR234W,1,1.3158834,0.30734965205192566,0.6845238208770752,0.15562449395656586
YDR496C,YDL043C,0,1.3135171,0.30721282958984375,0.6845238208770752,0.15572458505630493
YLR181C,YMR308C,0,1.3131249,0.307076096534729,0.6845238208770752,0.1558246612548828
YDR147W,YOR094W,0,1.3130207,0.3069395124912262,0.6845238208770752,0.1559247374534607
YGL060W,YJL065C,0,1.3098278,0.30680301785469055,0.6845238208770752,0.15602481365203857
YNL339C,YDL194W,0,1.3096545,0.30666667222976685,0.6845238208770752,0.15612490475177765
YDL082W,YNL188W,0,1.3090765,0.3065304458141327,0.6845238208770752,0.15622498095035553
YML114C,YML102W,0,1.3083553,0.3063943088054657,0.6845238208770752,0.1563250571489334
YGL130W,YAL067C,0,1.308339,0.30625832080841064,0.6845238208770752,0.1564251333475113
YGL032C,YML095C,0,1.3080809,0.30612245202064514,0.6845238208770752,0.15652522444725037
YEL007W,YAL032C,0,1.3080344,0.3059867024421692,0.6845238208770752,0.15662530064582825
YGR009C,YDR164C,0,1.3070862,0.3058510720729828,0.6845238208770752,0.15672537684440613
YKL021C,YGR194C,0,1.3069904,0.30571556091308594,0.6845238208770752,0.156825453042984
YBR182C,YGR175C,0,1.3067129,0.30558016896247864,0.6845238208770752,0.15692554414272308
YLR054C,YLR084C,0,1.3053634,0.3054448962211609,0.6845238208770752,0.15702562034130096
YLR058C,YJL194W,0,1.304903,0.3053097426891327,0.6845238208770752,0.15712569653987885
YLR276C,YBR136W,0,1.3045771,0.30517470836639404,0.6845238208770752,0.15722578763961792
YCL010C,YGL244W,0,1.3041549,0.30503979325294495,0.6845238208770752,0.1573258638381958
YLR405W,YJL127C-B,0,1.303474,0.3049049973487854,0.6845238208770752,0.15742594003677368
YIR024C,YPL243W,0,1.3015995,0.3047703206539154,0.6845238208770752,0.15752601623535156
YOR329C,YDL220C,0,1.3001424,0.30463576316833496,0.6845238208770752,0.15762610733509064
YGR141W,YLR148W,0,1.2994821,0.30450132489204407,0.6845238208770752,0.15772618353366852
YCR042C,YKL157W,0,1.2989929,0.3043670058250427,0.6845238208770752,0.1578262597322464
YJL010C,YMR045C,0,1.2985604,0.30423280596733093,0.6845238208770752,0.15792633593082428
YLR128W,YJL148W,0,1.2969654,0.3040987253189087,0.6845238208770752,0.15802642703056335
YPR107C,YGL098W,0,1.2967474,0.303964763879776,0.6845238208770752,0.15812650322914124
YDL122W,YDR017C,0,1.2959807,0.30383092164993286,0.6845238208770752,0.15822657942771912
YKL079W,YER153C,0,1.2953687,0.3036971688270569,0.6845238208770752,0.158326655626297
YJR043C,YBR160W,1,1.2936859,0.30400350689888,0.6855158805847168,0.158326655626297
YDR226W,YJR043C,1,1.2933367,0.30430957674980164,0.6865079402923584,0.158326655626297
YBR112C,YCL032W,0,1.291956,0.30417582392692566,0.6865079402923584,0.15842674672603607
YNR032C-A,YDR507C,0,1.2897096,0.30404219031333923,0.6865079402923584,0.15852682292461395
YOR179C,YMR056C,0,1.288522,0.30390864610671997,0.6865079402923584,0.15862689912319183
YML054C,YOR308C,0,1.2883303,0.30377525091171265,0.6865079402923584,0.15872697532176971
YLR381W,YMR048W,1,1.2880508,0.3040807247161865,0.6875,0.15872697532176971
YLR320W,YLR378C,0,1.2875717,0.3039473593235016,0.6875,0.1588270664215088
YOR069W,YDR023W,0,1.2872595,0.3038141131401062,0.6875,0.15892714262008667
YNL331C,YER139C,0,1.2872114,0.30368098616600037,0.6875,0.15902721881866455
YGL210W,YMR171C,0,1.2871264,0.3035479485988617,0.6875,0.15912729501724243
YER172C,YML011C,0,1.2862239,0.30341506004333496,0.6875,0.1592273861169815
YOL006C,YNL261W,1,1.2860123,0.3037199079990387,0.6884920597076416,0.1592273861169815
YIL168W,YER032W,0,1.284017,0.30358704924583435,0.6884920597076416,0.1593274623155594
YNL333W,YDR261C-C,0,1.2835925,0.30345430970191956,0.6884920597076416,0.15942753851413727
YOL054W,YGL219C,0,1.2827456,0.3033216893672943,0.6884920597076416,0.15952761471271515
YHL022C,YLR148W,0,1.2826186,0.30318915843963623,0.6884920597076416,0.15962770581245422
YEL021W,YAL048C,0,1.2824991,0.3030567765235901,0.6884920597076416,0.1597277820110321
YBR155W,YHR060W,0,1.2816024,0.3029244840145111,0.6884920597076416,0.15982785820960999
YPL048W,YPR009W,0,1.2814609,0.3027923107147217,0.6884920597076416,0.15992794930934906
YML025C,YNL278W,0,1.2808819,0.3026602566242218,0.6884920597076416,0.16002802550792694
YDL108W,YFL021W,0,1.2802579,0.3025283217430115,0.6884920597076416,0.16012810170650482
YLR002C,YBR274W,1,1.280161,0.3028322458267212,0.6894841194152832,0.16012810170650482
YLL015W,YDL149W,0,1.2796847,0.30270034074783325,0.6894841194152832,0.1602281779050827
YPR101W,YOR076C,0,1.2781134,0.30256855487823486,0.6894841194152832,0.16032826900482178
YKL129C,YLR206W,0,1.2781035,0.302436888217926,0.6894841194152832,0.16042834520339966
YGL050W,YGR229C,0,1.2759717,0.30230534076690674,0.6894841194152832,0.16052842140197754
YDR150W,YLR268W,0,1.2754712,0.302173912525177,0.6894841194152832,0.16062849760055542
YBR100W,YJL072C,1,1.2732581,0.3024771809577942,0.6904761791229248,0.16062849760055542
YGR006W,YKR034W,0,1.2717333,0.30234578251838684,0.6904761791229248,0.1607285887002945
YDR192C,YDR168W,0,1.2714609,0.30221450328826904,0.6904761791229248,0.16082866489887238
YOR244W,YOR172W,0,1.2705904,0.3020833432674408,0.6904761791229248,0.16092874109745026
YCR069W,YPL138C,0,1.2699116,0.3019522726535797,0.6904761791229248,0.16102881729602814
YNR054C,YOR060C,0,1.2694628,0.3018213212490082,0.6904761791229248,0.1611289083957672
YNL289W,YKL127W,0,1.2691326,0.3016905188560486,0.6904761791229248,0.1612289845943451
YGR271C-A,YNL242W,0,1.2673616,0.30155980587005615,0.6904761791229248,0.16132906079292297
YKL113C,YGL192W,1,1.2671859,0.30186226963996887,0.6914682388305664,0.16132906079292297
YDR405W,YBR260C,0,1.2666789,0.3017316162586212,0.6914682388305664,0.16142913699150085
YIL149C,YDL060W,0,1.2658249,0.3016010522842407,0.6914682388305664,0.16152922809123993
YAL047C,YOR007C,0,1.2658112,0.3014705777168274,0.6914682388305664,0.1616293042898178
YMR052W,YBR098W,0,1.265098,0.301340252161026,0.6914682388305664,0.1617293804883957
YDR137W,YBR172C,0,1.264876,0.3012100160121918,0.6914682388305664,0.16182945668697357
YER129W,YLR442C,1,1.2641499,0.30151188373565674,0.692460298538208,0.16182945668697357
YOL066C,YDR055W,0,1.2624544,0.3013817071914673,0.692460298538208,0.16192954778671265
YNR052C,YDR137W,0,1.2620554,0.301251620054245,0.692460298538208,0.16202962398529053
YGR120C,YDR291W,0,1.2607684,0.30112165212631226,0.692460298538208,0.1621297001838684
YDL188C,YGR113W,0,1.2606282,0.30099180340766907,0.692460298538208,0.1622297763824463
YKL221W,YGR206W,0,1.2605461,0.30086207389831543,0.692460298538208,0.16232986748218536
YGL175C,YNL088W,0,1.260413,0.30073243379592896,0.692460298538208,0.16242994368076324
YCR002C,YKL172W,0,1.259795,0.3006029427051544,0.692460298538208,0.16253001987934113
YDR097C,YCR028C-A,1,1.2596785,0.3009040057659149,0.6934523582458496,0.16253001987934113
YLR391W,YER157W,0,1.2586873,0.3007745146751404,0.6934523582458496,0.1626301109790802
YDR332W,YHL031C,0,1.2584705,0.3006451725959778,0.6934523582458496,0.16273018717765808
YDR013W,YDR092W,0,1.2577956,0.30051591992378235,0.6934523582458496,0.16283026337623596
YER016W,YDR479C,0,1.2576754,0.3003867566585541,0.6934523582458496,0.16293033957481384
YAL023C,YMR078C,0,1.2573301,0.30025774240493774,0.6934523582458496,0.16303043067455292
YBL092W,YDR540C,0,1.2552856,0.3001288175582886,0.6934523582458496,0.1631305068731308
YDR507C,YPL219W,0,1.2551383,0.30000001192092896,0.6934523582458496,0.16323058307170868
YHL019C,YPL120W,0,1.2542408,0.2998712956905365,0.6934523582458496,0.16333065927028656
YOR005C,YPR164W,1,1.2542334,0.30017152428627014,0.6944444179534912,0.16333065927028656
YAL011W,YPR047W,0,1.2538749,0.30004286766052246,0.6944444179534912,0.16343075037002563
YOR090C,YPL268W,0,1.2534198,0.29991430044174194,0.6944444179534912,0.16353082656860352
YDL076C,YOR381W,0,1.2512304,0.299785852432251,0.6944444179534912,0.1636309027671814
YLR308W,YNL027W,0,1.2511691,0.29965752363204956,0.6944444179534912,0.16373097896575928
YMR224C,YJR113C,0,1.250231,0.2995293140411377,0.6944444179534912,0.16383107006549835
YBL046W,YHR027C,0,1.2500476,0.299401193857193,0.6944444179534912,0.16393114626407623
YML088W,YJL076W,0,1.2494497,0.29927319288253784,0.6944444179534912,0.1640312224626541
YJR057W,YBR106W,0,1.2473108,0.29914531111717224,0.6944444179534912,0.164131298661232
YBR210W,YEL015W,0,1.2468915,0.2990175187587738,0.6944444179534912,0.16423138976097107
YMR193W,YLR103C,0,1.2465241,0.2988898456096649,0.6944444179534912,0.16433146595954895
YNR056C,YIL048W,0,1.2463598,0.2987622618675232,0.6944444179534912,0.16443154215812683
YLR238W,YDR326C,0,1.2445421,0.2986348271369934,0.6944444179534912,0.1645316183567047
YKL022C,YOL090W,1,1.2439288,0.29893389344215393,0.6954365372657776,0.1645316183567047
YKL188C,YPR066W,0,1.2431631,0.29880648851394653,0.6954365372657776,0.1646317094564438
YMR138W,YMR239C,0,1.2428316,0.2986791729927063,0.6954365372657776,0.16473178565502167
YOR213C,YNL196C,0,1.2417997,0.2985519468784332,0.6954365372657776,0.16483186185359955
YPL096W,YDR448W,0,1.2417734,0.2984248697757721,0.6954365372657776,0.16493195295333862
YDR351W,YGL129C,0,1.2416325,0.2982978820800781,0.6954365372657776,0.1650320291519165
YMR216C,YDR479C,0,1.2410481,0.2981709837913513,0.6954365372657776,0.16513210535049438
YPR178W,YOR156C,0,1.2400427,0.29804420471191406,0.6954365372657776,0.16523218154907227
YAR009C,YPR175W,0,1.2393541,0.29791754484176636,0.6954365372657776,0.16533227264881134
YDR118W,YMR212C,0,1.2386639,0.2977910041809082,0.6954365372657776,0.16543234884738922
YPR019W,YGL113W,1,1.2378179,0.2980891764163971,0.6964285969734192,0.16543234884738922
YMR056C,YMR137C,0,1.2377297,0.29796263575553894,0.6964285969734192,0.1655324250459671
YPR125W,YOR023C,0,1.237305,0.2978362441062927,0.6964285969734192,0.16563250124454498
YIL118W,YPL127C,0,1.2368984,0.2977099120616913,0.6964285969734192,0.16573259234428406
YHR046C,YNL152W,0,1.2368917,0.2975837290287018,0.6964285969734192,0.16583266854286194
YCL066W,YOR321W,0,1.2354094,0.29745763540267944,0.6964285969734192,0.16593274474143982
YER154W,YMR040W,0,1.2353742,0.29733163118362427,0.6964285969734192,0.1660328209400177
YML100W,YMR138W,0,1.2346736,0.29720574617385864,0.6964285969734192,0.16613291203975677
YFL036W,YDL207W,0,1.2343239,0.29707998037338257,0.6964285969734192,0.16623298823833466
YEL042W,YGL139W,0,1.2340192,0.29695430397987366,0.6964285969734192,0.16633306443691254
YDR060W,YPL060W,0,1.232322,0.2968287467956543,0.6964285969734192,0.16643314063549042
YBR278W,YER143W,1,1.2322288,0.2971259653568268,0.6974206566810608,0.16643314063549042
YKL052C,YJR116W,0,1.2280607,0.2970004081726074,0.6974206566810608,0.1665332317352295
YDR356W,YHR004C,0,1.2280358,0.296875,0.6974206566810608,0.16663330793380737
YEL055C,YLR440C,0,1.2274921,0.29674968123435974,0.6974206566810608,0.16673338413238525
YCR072C,YLR170C,0,1.2265042,0.29662448167800903,0.6974206566810608,0.16683346033096313
YMR012W,YOL148C,0,1.2255411,0.2964993715286255,0.6974206566810608,0.1669335514307022
YHL011C,YOR313C,0,1.2254257,0.2963743805885315,0.6974206566810608,0.1670336276292801
YML021C,YCL026C-A,0,1.2251015,0.29624947905540466,0.6974206566810608,0.16713370382785797
YOR167C,YNL126W,0,1.2243657,0.2961246967315674,0.6974206566810608,0.16723378002643585
YIL031W,YOR005C,0,1.2234656,0.29600000381469727,0.6974206566810608,0.16733387112617493
YGL192W,YHR118C,1,1.2230842,0.29629629850387573,0.6984127163887024,0.16733387112617493
YLR387C,YFL023W,0,1.2228111,0.296171635389328,0.6984127163887024,0.1674339473247528
YFL027C,YMR094W,0,1.2226503,0.2960470914840698,0.6984127163887024,0.1675340235233307
YDL089W,YPR017C,0,1.2219367,0.2959226667881012,0.6984127163887024,0.16763411462306976
YBL040C,YER157W,0,1.2209833,0.29579833149909973,0.6984127163887024,0.16773419082164764
YJR143C,YCL063W,0,1.2209702,0.29567408561706543,0.6984127163887024,0.16783426702022552
YBR102C,YBR007C,0,1.2205745,0.2955499589443207,0.6984127163887024,0.1679343432188034
YEL051W,YBR007C,0,1.2190113,0.2954259216785431,0.6984127163887024,0.16803443431854248
YHR204W,YGR059W,0,1.2189322,0.29530200362205505,0.6984127163887024,0.16813451051712036
YMR263W,YDR311W,0,1.2170768,0.29517820477485657,0.6984127163887024,0.16823458671569824
YIL150C,YBR100W,1,1.2167292,0.2954736053943634,0.699404776096344,0.16823458671569824
YBR170C,YKL112W,1,1.2164041,0.29576873779296875,0.7003968358039856,0.16823458671569824
YOR260W,YPL011C,0,1.2148939,0.2956448793411255,0.7003968358039856,0.16833466291427612
YHL036W,YKL089W,0,1.2147315,0.2955211400985718,0.7003968358039856,0.1684347540140152
YGL168W,YNL218W,1,1.2146294,0.2958158850669861,0.7013888955116272,0.1684347540140152
YJL035C,YKL209C,0,1.2142425,0.29569217562675476,0.7013888955116272,0.16853483021259308
YOR060C,YPL181W,1,1.2130423,0.2959866225719452,0.7023809552192688,0.16853483021259308
YGR184C,YOL005C,0,1.2116086,0.29586294293403625,0.7023809552192688,0.16863490641117096
YGR206W,YER021W,0,1.2094226,0.2957393527030945,0.7023809552192688,0.16873498260974884
YDL226C,YOR191W,0,1.2092559,0.2956158518791199,0.7023809552192688,0.16883507370948792
YPR152C,YOR251C,0,1.2087281,0.2954925000667572,0.7023809552192688,0.1689351499080658
YBR170C,YER164W,1,1.2069759,0.29578641057014465,0.7033730149269104,0.1689351499080658
YLR006C,YPL122C,0,1.2068822,0.295663058757782,0.7033730149269104,0.16903522610664368
YKR010C,YIL095W,0,1.2066786,0.2955397963523865,0.7033730149269104,0.16913530230522156
YIL110W,YLR068W,0,1.205883,0.2954166531562805,0.7033730149269104,0.16923539340496063
YKL112W,YPR006C,0,1.2035091,0.2952936291694641,0.7033730149269104,0.1693354696035385
YJL142C,YDL102W,0,1.2035087,0.29517069458961487,0.7033730149269104,0.1694355458021164
YGR247W,YKR095W-A,0,1.2022235,0.2950478494167328,0.7033730149269104,0.16953562200069427
YHR005C,YNL304W,0,1.2002596,0.29492512345314026,0.7033730149269104,0.16963571310043335
YJL010C,YJL030W,0,1.1998875,0.2948024868965149,0.7033730149269104,0.16973578929901123
YDR427W,YBR274W,0,1.1993488,0.2946799695491791,0.7033730149269104,0.1698358654975891
YDL108W,YPR066W,0,1.1985298,0.2945575416088104,0.7033730149269104,0.169935941696167
YJL103C,YNL107W,0,1.1983821,0.29443520307540894,0.7033730149269104,0.17003603279590607
YMR285C,YER124C,0,1.197406,0.294312983751297,0.7033730149269104,0.17013610899448395
YER008C,YDR437W,0,1.1973393,0.2941908836364746,0.7033730149269104,0.17023618519306183
YGR271W,YER032W,0,1.1968259,0.294068843126297,0.7033730149269104,0.1703362762928009
YPL257W-B,YPR135W,0,1.1967564,0.29394692182540894,0.7033730149269104,0.17043635249137878
YLL011W,YLR212C,0,1.1967435,0.2938251197338104,0.7033730149269104,0.17053642868995667
YGL172W,YBR065C,0,1.1961358,0.2937034070491791,0.7033730149269104,0.17063650488853455
YNL230C,YOR258W,0,1.1952469,0.2935817837715149,0.7033730149269104,0.17073659598827362
YJR113C,YOR322C,0,1.1947877,0.29346027970314026,0.7033730149269104,0.1708366721868515
YHL030W,YLL015W,0,1.194701,0.2933388352394104,0.7033730149269104,0.17093674838542938
YHR191C,YPL099C,0,1.1939485,0.2932175397872925,0.7033730149269104,0.17103682458400726
YGL240W,YPL157W,0,1.1937492,0.2930963337421417,0.7033730149269104,0.17113691568374634
YOR014W,YLR314C,0,1.1922143,0.29297521710395813,0.7033730149269104,0.17123699188232422
YBL100W-B,YOR142W-B,0,1.192152,0.2928541898727417,0.7033730149269104,0.1713370680809021
YLR321C,YBR059C,0,1.1917565,0.2927332818508148,0.7033730149269104,0.17143714427947998
YGR185C,YBL052C,0,1.1911024,0.2926124632358551,0.7033730149269104,0.17153723537921906
YDL197C,YDL117W,0,1.1900276,0.29249176383018494,0.7033730149269104,0.17163731157779694
YLR154C,YOL146W,1,1.1900067,0.2927834987640381,0.704365074634552,0.17163731157779694
YIL003W,YJL145W,0,1.1897852,0.2926628291606903,0.704365074634552,0.17173738777637482
YDR078C,YOL084W,0,1.1896296,0.2925422191619873,0.704365074634552,0.1718374639749527
YOL109W,YNR045W,0,1.1885234,0.29242175817489624,0.704365074634552,0.17193755507469177
YIL084C,YMR056C,0,1.1883982,0.29230135679244995,0.704365074634552,0.17203763127326965
YOL070C,YAL033W,0,1.1882068,0.2921810746192932,0.704365074634552,0.17213770747184753
YLR315W,YMR068W,0,1.1874665,0.29206088185310364,0.704365074634552,0.17223778367042542
YML021C,YHR178W,0,1.1868522,0.2919407784938812,0.704365074634552,0.1723378747701645
YKR075C,YIL061C,0,1.1864221,0.29182079434394836,0.704365074634552,0.17243795096874237
YOL128C,YMR005W,0,1.1844025,0.29170089960098267,0.704365074634552,0.17253802716732025
YPL171C,YJL194W,0,1.1842055,0.29158109426498413,0.704365074634552,0.17263810336589813
YNL186W,YOR159C,0,1.1833048,0.29146140813827515,0.704365074634552,0.1727381944656372
YDR145W,YOL003C,0,1.182814,0.2913418114185333,0.704365074634552,0.1728382706642151
YOR358W,YMR176W,0,1.1807389,0.29122230410575867,0.704365074634552,0.17293834686279297
YPR001W,YKR101W,0,1.1793394,0.29110291600227356,0.704365074634552,0.17303843796253204
YDR218C,YDL161W,0,1.1793025,0.2909836173057556,0.704365074634552,0.17313851416110992
YOL086W-A,YNL182C,1,1.1791353,0.2912740707397461,0.7053571343421936,0.17313851416110992
YGR094W,YFL023W,0,1.1780051,0.29115480184555054,0.7053571343421936,0.1732385903596878
YGR220C,YJL110C,0,1.1779017,0.29103562235832214,0.7053571343421936,0.17333866655826569
YPL165C,YKL091C,0,1.1778893,0.2909165322780609,0.7053571343421936,0.17343875765800476
YOL034W,YGL186C,0,1.1778305,0.29079753160476685,0.7053571343421936,0.17353883385658264
YMR097C,YOR123C,0,1.1777287,0.29067865014076233,0.7053571343421936,0.17363891005516052
YDL042C,YIL066C,1,1.1776295,0.29096853733062744,0.7063491940498352,0.17363891005516052
YNL230C,YGL153W,0,1.1767344,0.2908496856689453,0.7063491940498352,0.1737389862537384
YNL106C,YJR076C,0,1.1767209,0.29073092341423035,0.7063491940498352,0.17383907735347748
YPR023C,YBL035C,1,1.175901,0.29102039337158203,0.7073412537574768,0.17383907735347748
YHR110W,YPR025C,0,1.1753119,0.29090166091918945,0.7073412537574768,0.17393915355205536
YPR019W,YGL022W,0,1.1737018,0.2907830476760864,0.7073412537574768,0.17403922975063324
YOL021C,YJL114W,0,1.1735286,0.2906644940376282,0.7073412537574768,0.17413930594921112
YGR156W,YNL304W,0,1.1729965,0.2905460596084595,0.7073412537574768,0.1742393970489502
YMR316W,YBR007C,0,1.1728516,0.29042768478393555,0.7073412537574768,0.17433947324752808
YER129W,YDR419W,1,1.171976,0.29071661829948425,0.7083333134651184,0.17433947324752808
YMR143W,YNL056W,0,1.1719687,0.2905983030796051,0.7083333134651184,0.17443954944610596
YMR175W,YNR020C,0,1.1719337,0.2904800772666931,0.7083333134651184,0.17453962564468384
YGL189C,YBL085W,0,1.1718004,0.2903619408607483,0.7083333134651184,0.1746397167444229
YLR010C,YOR174W,0,1.1703528,0.29024389386177063,0.7083333134651184,0.1747397929430008
YPL202C,YNL339C,0,1.1685518,0.2901259660720825,0.7083333134651184,0.17483986914157867
YPR103W,YPL175W,0,1.1680775,0.2900081276893616,0.7083333134651184,0.17493994534015656
YPL183C,YGL247W,0,1.1680139,0.2898903787136078,0.7083333134651184,0.17504003643989563
YLR307W,YOR362C,0,1.1678011,0.28977271914482117,0.7083333134651184,0.1751401126384735
YDL078C,YFL011W-A,0,1.1673298,0.2896551787853241,0.7083333134651184,0.1752401888370514
YGL021W,YPR016C,0,1.1672026,0.2895376980304718,0.7083333134651184,0.17534026503562927
YBR215W,YBL071W-A,0,1.1666691,0.28942033648490906,0.7083333134651184,0.17544035613536835
YOR060C,YIR008C,1,1.1664603,0.2897082567214966,0.70932537317276,0.17544035613536835
YCL005W-A,YMR156C,0,1.1661965,0.2895909249782562,0.70932537317276,0.17554043233394623
YPL193W,YJL148W,0,1.1654434,0.28947368264198303,0.70932537317276,0.1756405085325241
YDL087C,YAL013W,0,1.1651161,0.289356529712677,0.70932537317276,0.17574059963226318
YAL002W,YDR078C,0,1.1650791,0.2892394959926605,0.70932537317276,0.17584067583084106
YER120W,YML118W,0,1.1649077,0.2891225218772888,0.70932537317276,0.17594075202941895
YLR325C,YJL140W,0,1.1644421,0.28900566697120667,0.70932537317276,0.17604082822799683
YGL071W,YER060W-A,0,1.1640539,0.2888889014720917,0.70932537317276,0.1761409193277359
YDR296W,YLL004W,1,1.164006,0.2891760766506195,0.7103174328804016,0.1761409193277359
YOR279C,YDL101C,1,1.1626683,0.289463073015213,0.711309552192688,0.1761409193277359
YIL140W,YLR009W,0,1.162225,0.28934624791145325,0.711309552192688,0.17624099552631378
YHR103W,YOR103C,0,1.1621976,0.28922954201698303,0.711309552192688,0.17634107172489166
YEL062W,YAL032C,0,1.1616987,0.2891128957271576,0.711309552192688,0.17644114792346954
YOR060C,YCL061C,1,1.1614352,0.2893994450569153,0.7123016119003296,0.17644114792346954
YLR323C,YML023C,0,1.1599612,0.28928282856941223,0.7123016119003296,0.17654123902320862
YGR108W,YKR079C,0,1.1598792,0.28916633129119873,0.7123016119003296,0.1766413152217865
YDL102W,YMR152W,0,1.1598773,0.2890499234199524,0.7123016119003296,0.17674139142036438
YMR025W,YOR174W,0,1.1588616,0.2889336049556732,0.7123016119003296,0.17684146761894226
YJL176C,YNL008C,0,1.1575937,0.2888173758983612,0.7123016119003296,0.17694155871868134
YKR008W,YDL128W,0,1.1570959,0.28870123624801636,0.7123016119003296,0.17704163491725922
YML046W,YOL053C-A,0,1.1570418,0.28858521580696106,0.7123016119003296,0.1771417111158371
YPR019W,YDR329C,0,1.156956,0.28846925497055054,0.7123016119003296,0.17724178731441498
YIL127C,YJR022W,0,1.1568937,0.28835341334342957,0.7123016119003296,0.17734187841415405
YGL060W,YMR203W,0,1.1568499,0.28823766112327576,0.7123016119003296,0.17744195461273193
YBR291C,YHR155W,0,1.1564014,0.2881219983100891,0.7123016119003296,0.17754203081130981
YHR153C,YIL109C,0,1.1555907,0.28800642490386963,0.7123016119003296,0.1776421070098877
YIR018W,YIL031W,0,1.1550504,0.2878909409046173,0.7123016119003296,0.17774219810962677
YOR229W,YER146W,0,1.1550208,0.28777554631233215,0.7123016119003296,0.17784227430820465
YJR153W,YGR218W,0,1.1540551,0.28766027092933655,0.7123016119003296,0.17794235050678253
YDL018C,YKL089W,0,1.1536273,0.2875450551509857,0.7123016119003296,0.1780424267053604
YOL004W,YBL060W,0,1.1521112,0.28742995858192444,0.7123016119003296,0.1781425178050995
YOR070C,YDR017C,0,1.1517794,0.28731492161750793,0.7123016119003296,0.17824259400367737
YDL178W,YER173W,0,1.151408,0.287200003862381,0.7123016119003296,0.17834267020225525
YFR051C,YDR113C,0,1.1508821,0.2870851755142212,0.7123016119003296,0.17844276130199432
YOL007C,YIL159W,0,1.1508588,0.28697043657302856,0.7123016119003296,0.1785428375005722
YOR078W,YGR271C-A,0,1.1505284,0.2868557870388031,0.7123016119003296,0.17864291369915009
YJL036W,YJR002W,0,1.149801,0.2867412269115448,0.7123016119003296,0.17874298989772797
YDR508C,YFL059W,0,1.1492971,0.28662675619125366,0.7123016119003296,0.17884308099746704
YNL238W,YPL242C,0,1.148581,0.2865123748779297,0.7123016119003296,0.17894315719604492
YHL028W,YOR337W,0,1.1479728,0.2863980829715729,0.7123016119003296,0.1790432333946228
YGR236C,YNL033W,0,1.1477576,0.2862838804721832,0.7123016119003296,0.17914330959320068
YNL289W,YOL023W,0,1.147545,0.28616979718208313,0.7123016119003296,0.17924340069293976
YIL004C,YDL010W,0,1.1451862,0.2860557734966278,0.7123016119003296,0.17934347689151764
YDR226W,YKL108W,1,1.1435372,0.2863401174545288,0.7132936716079712,0.17934347689151764
YML129C,YER106W,0,1.142055,0.2862261235713959,0.7132936716079712,0.17944355309009552
YDR402C,YPL013C,0,1.1407089,0.2861122190952301,0.7132936716079712,0.1795436292886734
YEL022W,YPR045C,0,1.1404715,0.2859984040260315,0.7132936716079712,0.17964372038841248
YPL253C,YDR322W,0,1.1404567,0.28588467836380005,0.7132936716079712,0.17974379658699036
YMR077C,YLR220W,0,1.1391637,0.28577107191085815,0.7132936716079712,0.17984387278556824
YML055W,YGL243W,0,1.138871,0.28565752506256104,0.7132936716079712,0.17994394898414612
YGL019W,YGL174W,0,1.1371136,0.28554409742355347,0.7132936716079712,0.1800440400838852
YDR163W,YLR052W,0,1.1370344,0.2854307293891907,0.7132936716079712,0.18014411628246307
YNR046W,YPL256C,0,1.1361935,0.28531745076179504,0.7132936716079712,0.18024419248104095
YOR005C,YDR054C,1,1.1361554,0.2856009602546692,0.7142857313156128,0.18024419248104095
YHR142W,YLR353W,0,1.1360643,0.28548771142959595,0.7142857313156128,0.18034426867961884
YPL030W,YNL076W,0,1.1358025,0.28537455201148987,0.7142857313156128,0.1804443597793579
YOR060C,YHR164C,1,1.135563,0.285657674074173,0.7152777910232544,0.1804443597793579
YEL062W,YBL051C,0,1.134377,0.2855445444583893,0.7152777910232544,0.1805444359779358
YNL224C,YGL194C,0,1.1343344,0.28543150424957275,0.7152777910232544,0.18064451217651367
YPL256C,YIL159W,0,1.1338408,0.2853185534477234,0.7152777910232544,0.18074458837509155
YHR174W,YJL012C-A,0,1.1333302,0.2852056920528412,0.7152777910232544,0.18084467947483063
YER164W,YDR489W,1,1.133096,0.2854883372783661,0.716269850730896,0.18084467947483063
YNL262W,YML039W,0,1.1330116,0.2853755056858063,0.716269850730896,0.1809447556734085
YBR060C,YLR113W,1,1.1329384,0.2856578528881073,0.7172619104385376,0.1809447556734085
YOR349W,YMR143W,0,1.1328515,0.2855450212955475,0.7172619104385376,0.1810448318719864
YER183C,YFL013C,0,1.1311786,0.28543227910995483,0.7172619104385376,0.18114492297172546
YKR075C,YER138C,0,1.1308339,0.28531965613365173,0.7172619104385376,0.18124499917030334
YNL270C,YLR288C,0,1.1290662,0.2852070927619934,0.7172619104385376,0.18134507536888123
YDR277C,YML046W,0,1.1265147,0.28509464859962463,0.7172619104385376,0.1814451515674591
YCR028C-A,YOL004W,1,1.1263915,0.2853764295578003,0.7182539701461792,0.1814451515674591
YBR291C,YMR050C,0,1.1254666,0.2852639853954315,0.7182539701461792,0.18154524266719818
YNL087W,YDR054C,0,1.1238363,0.2851516306400299,0.7182539701461792,0.18164531886577606
YDL214C,YCR040W,0,1.1236343,0.28503936529159546,0.7182539701461792,0.18174539506435394
YPL183C,YPR169W,0,1.1228025,0.2849271893501282,0.7182539701461792,0.18184547126293182
YNL152W,YGL030W,0,1.1219437,0.28481510281562805,0.7182539701461792,0.1819455623626709
YCR002C,YDL098C,0,1.1217768,0.2847031056880951,0.7182539701461792,0.18204563856124878
YFL005W,YPL194W,0,1.1216456,0.2845911979675293,0.7182539701461792,0.18214571475982666
YJL045W,YMR204C,0,1.1214702,0.28447937965393066,0.7182539701461792,0.18224579095840454
YOL002C,YBL052C,0,1.1204894,0.2843676209449768,0.7182539701461792,0.18234588205814362
YOL009C,YHR209W,0,1.1203629,0.2842559814453125,0.7182539701461792,0.1824459582567215
YBL047C,YDL099W,0,1.1195579,0.28414443135261536,0.7182539701461792,0.18254603445529938
YML102W,YHR042W,0,1.1185393,0.284032940864563,0.7182539701461792,0.18264611065387726
YBR227C,YMR123W,0,1.1181304,0.28392156958580017,0.7182539701461792,0.18274620175361633
YJL124C,YMR211W,0,1.1175523,0.28381025791168213,0.7182539701461792,0.1828462779521942
YAL040C,YAL001C,0,1.1154176,0.28369906544685364,0.7182539701461792,0.1829463541507721
YDR351W,YGL017W,0,1.1145923,0.2835879325866699,0.7182539701461792,0.18304643034934998
YER007W,YGR086C,0,1.1141306,0.28347688913345337,0.7182539701461792,0.18314652144908905
YBR112C,YNL014W,0,1.1138328,0.283365935087204,0.7182539701461792,0.18324659764766693
YOR087W,YLR347C,0,1.1136395,0.28325510025024414,0.7182539701461792,0.1833466738462448
YDR419W,YJR046W,1,1.113441,0.2835353910923004,0.7192460298538208,0.1833466738462448
YNR024W,YOR177C,0,1.112389,0.2834245562553406,0.7192460298538208,0.1834467500448227
YGR278W,YER036C,0,1.1121752,0.2833137810230255,0.7192460298538208,0.18354684114456177
YHR002W,YPR032W,0,1.1113203,0.283203125,0.7192460298538208,0.18364691734313965
YDR545W,YHL035C,0,1.1112511,0.28309252858161926,0.7192460298538208,0.18374699354171753
YKL174C,YLR357W,0,1.1107478,0.2829820513725281,0.7192460298538208,0.1838470846414566
YDR226W,YHR031C,1,1.1100467,0.28326180577278137,0.7202380895614624,0.1838470846414566
YCR038C,YNR008W,0,1.1085032,0.2831513285636902,0.7202380895614624,0.18394716084003448
YBR044C,YJL173C,0,1.108456,0.28304094076156616,0.7202380895614624,0.18404723703861237
YLR002C,YLL004W,1,1.1083317,0.2833203375339508,0.721230149269104,0.18404723703861237
YBL039W-B,YKR080W,0,1.1077807,0.28320997953414917,0.721230149269104,0.18414731323719025
YDR296W,YCL003W,0,1.1073295,0.2830996811389923,0.721230149269104,0.18424740433692932
YPL084W,YHR207C,0,1.1065207,0.282989501953125,0.721230149269104,0.1843474805355072
YLR166C,YGL043W,0,1.106375,0.28287938237190247,0.721230149269104,0.18444755673408508
YIL070C,YKR029C,0,1.1055037,0.2827693521976471,0.721230149269104,0.18454763293266296
YPR066W,YLR084C,0,1.1044075,0.2826594114303589,0.721230149269104,0.18464772403240204
YGL078C,YGL070C,0,1.1034603,0.28254956007003784,0.721230149269104,0.18474780023097992
YML033W,YDR530C,0,1.1033511,0.2824397683143616,0.721230149269104,0.1848478764295578
YKL024C,YLR404W,0,1.1025631,0.28233009576797485,0.721230149269104,0.18494795262813568
YCR026C,YER028C,0,1.102432,0.2822204828262329,0.721230149269104,0.18504804372787476
YPL051W,YDR510W,0,1.1021249,0.2821109890937805,0.721230149269104,0.18514811992645264
YPL007C,YLR336C,0,1.1017755,0.2820015549659729,0.721230149269104,0.18524819612503052
YKL045W,YGL251C,1,1.101536,0.28227996826171875,0.7222222089767456,0.18524819612503052
YDR142C,YJR102C,0,1.1010801,0.28217053413391113,0.7222222089767456,0.1853482723236084
YNL182C,YBR160W,1,1.099846,0.2824486494064331,0.7232142686843872,0.1853482723236084
YAL013W,YBR275C,1,1.0990431,0.28272655606269836,0.7242063283920288,0.1853482723236084
YOL071W,YMR004W,0,1.0950125,0.28261712193489075,0.7242063283920288,0.18544836342334747
YKL204W,YLR221C,0,1.0931648,0.2825077474117279,0.7242063283920288,0.18554843962192535
YHR115C,YOR048C,0,1.0929201,0.2823984622955322,0.7242063283920288,0.18564851582050323
YBR170C,YGL207W,1,1.0924852,0.28267595171928406,0.7251983880996704,0.18564851582050323
YGR230W,YMR004W,0,1.0915097,0.2825666666030884,0.7251983880996704,0.18574859201908112
YFL007W,YGL194C,0,1.0902389,0.28245750069618225,0.7251983880996704,0.1858486831188202
YER007W,YLR212C,0,1.0886117,0.2823483943939209,0.7251983880996704,0.18594875931739807
YMR323W,YLR154W-C,0,1.088584,0.2822393774986267,0.7251983880996704,0.18604883551597595
YIL009C-A,YMR171C,0,1.0884173,0.2821304500102997,0.7251983880996704,0.18614891171455383
YHR127W,YBL055C,0,1.0870862,0.2820216119289398,0.7251983880996704,0.1862490028142929
YPR029C,YMR268W-A,0,1.0863779,0.28191283345222473,0.7251983880996704,0.1863490790128708
YCL050C,YBR136W,0,1.0856366,0.2818041741847992,0.7251983880996704,0.18644915521144867
YNL311C,YMR033W,0,1.0852637,0.28169557452201843,0.7251983880996704,0.18654924631118774
YPR019W,YDL101C,1,1.0848303,0.2819722592830658,0.726190447807312,0.18654924631118774
YJL103C,YBL052C,0,1.0841435,0.2818636894226074,0.726190447807312,0.18664932250976562
YLR154C,YDR013W,1,1.0840938,0.2821401059627533,0.7271825671195984,0.18664932250976562
YBR050C,YFL013C,0,1.0822806,0.2820315361022949,0.7271825671195984,0.1867493987083435
YOR388C,YNR075W,0,1.0818738,0.2819230854511261,0.7271825671195984,0.1868494749069214
YKL221W,YLR002C,0,1.0815141,0.28181469440460205,0.7271825671195984,0.18694956600666046
YJR055W,YER183C,0,1.0813441,0.28170639276504517,0.7271825671195984,0.18704964220523834
YGR262C,YDR339C,0,1.0811241,0.28159815073013306,0.7271825671195984,0.18714971840381622
YGR233C,YLR442C,0,1.0809629,0.2814900279045105,0.7271825671195984,0.1872497946023941
YNL064C,YBR007C,0,1.0800234,0.2813819646835327,0.7271825671195984,0.18734988570213318
YBR104W,YCR070W,0,1.0800188,0.2812739908695221,0.7271825671195984,0.18744996190071106
YIL131C,YPL173W,0,1.0797988,0.28116607666015625,0.7271825671195984,0.18755003809928894
YMR232W,YLR284C,0,1.0786389,0.28105828166007996,0.7271825671195984,0.18765011429786682
YNL261W,YNL262W,1,1.0784854,0.2813338339328766,0.72817462682724,0.18765011429786682
YOL086W-A,YML065W,1,1.077174,0.2816092073917389,0.7291666865348816,0.18765011429786682
YPL214C,YGL211W,0,1.07448,0.2815013527870178,0.7291666865348816,0.1877502053976059
YHR176W,YNL032W,0,1.0743632,0.28139355778694153,0.7291666865348816,0.18785028159618378
YDR165W,YPR144C,0,1.073642,0.2812858819961548,0.7291666865348816,0.18795035779476166
YMR214W,YPL065W,0,1.0727382,0.2811782658100128,0.7291666865348816,0.18805043399333954
YBR122C,YOR232W,0,1.0724621,0.281070739030838,0.7291666865348816,0.1881505250930786
YML125C,YOL053C-A,0,1.0716882,0.28096330165863037,0.7291666865348816,0.1882506012916565
YML047C,YFL008W,0,1.0709254,0.2808559536933899,0.7291666865348816,0.18835067749023438
YNR035C,YPR122W,0,1.0702322,0.2807486653327942,0.7291666865348816,0.18845075368881226
YDL167C,YGR212W,0,1.0700808,0.28064146637916565,0.7291666865348816,0.18855084478855133
YER179W,YLR238W,0,1.0693789,0.2805343568325043,0.7291666865348816,0.1886509209871292
YJL012C-A,YPL090C,0,1.068957,0.28042730689048767,0.7291666865348816,0.1887509971857071
YPR038W,YKL008C,0,1.0684472,0.2803203761577606,0.7291666865348816,0.18885108828544617
YIR022W,YDR079C-A,0,1.0678271,0.28021350502967834,0.7291666865348816,0.18895116448402405
YPL096C-A,YDR016C,0,1.0677054,0.28010669350624084,0.7291666865348816,0.18905124068260193
YBR296C,YKR095W-A,0,1.0673044,0.2800000011920929,0.7291666865348816,0.1891513168811798
YOR005C,YOR330C,1,1.066499,0.2802741825580597,0.7301587462425232,0.1891513168811798
YBL055C,YPR133C,0,1.0661763,0.28016749024391174,0.7301587462425232,0.18925140798091888
YDR465C,YCR052W,0,1.0661731,0.28006088733673096,0.7301587462425232,0.18935148417949677
YMR075W,YBL066C,0,1.065792,0.27995434403419495,0.7301587462425232,0.18945156037807465
YHR005C-A,YPL116W,0,1.0657669,0.2798479199409485,0.7301587462425232,0.18955163657665253
YDR052C,YDR380W,0,1.065147,0.2797415554523468,0.7301587462425232,0.1896517276763916
YLR024C,YPL169C,0,1.0639096,0.2796352505683899,0.7301587462425232,0.18975180387496948
YIR032C,YDL006W,0,1.0639024,0.27952906489372253,0.7301587462425232,0.18985188007354736
YER129W,YGL201C,1,1.0635146,0.2798025906085968,0.7311508059501648,0.18985188007354736
YOR260W,YOL093W,0,1.0630919,0.27969640493392944,0.7311508059501648,0.18995195627212524
YJL063C,YGL071W,0,1.0624577,0.27959027886390686,0.7311508059501648,0.19005204737186432
YOL116W,YKR002W,0,1.0611879,0.27948427200317383,0.7311508059501648,0.1901521235704422
YLR052W,YMR293C,0,1.0604146,0.27937832474708557,0.7311508059501648,0.19025219976902008
YGR195W,YDR530C,0,1.0602685,0.2792724370956421,0.7311508059501648,0.19035227596759796
YIL140W,YER087C-B,0,1.0593408,0.27916666865348816,0.7311508059501648,0.19045236706733704
YCR026C,YDR458C,0,1.0591416,0.279060959815979,0.7311508059501648,0.19055244326591492
YGR213C,YIL139C,0,1.0582938,0.278955340385437,0.7311508059501648,0.1906525194644928
YPL117C,YBR102C,0,1.0575626,0.2788497805595398,0.7311508059501648,0.19075259566307068
YOR260W,YDL234C,0,1.0573826,0.27874433994293213,0.7311508059501648,0.19085268676280975
YOR060C,YBR202W,1,1.0561054,0.27901700139045715,0.7321428656578064,0.19085268676280975
YKL179C,YDL117W,0,1.0547076,0.2789115607738495,0.7321428656578064,0.19095276296138763
YGL094C,YER105C,0,1.0519795,0.278806209564209,0.7321428656578064,0.19105283915996552
YDL017W,YDR477W,0,1.0518348,0.27870091795921326,0.7321428656578064,0.1911529153585434
YMR023C,YAL003W,0,1.0510302,0.2785956859588623,0.7321428656578064,0.19125300645828247
YJL143W,YFL002C,0,1.0495391,0.2784905731678009,0.7321428656578064,0.19135308265686035
YKR021W,YIL002C,0,1.0493064,0.2783855199813843,0.7321428656578064,0.19145315885543823
YDL070W,YLR105C,0,1.0490245,0.2782805562019348,0.7321428656578064,0.1915532499551773
YLR429W,YNL188W,0,1.0488782,0.2781756520271301,0.7321428656578064,0.1916533261537552
YPL189C-A,YML011C,0,1.0486767,0.2780708372592926,0.7321428656578064,0.19175340235233307
YDL126C,YDL102W,1,1.047684,0.27834275364875793,0.733134925365448,0.19175340235233307
YBR010W,YFL048C,0,1.0472801,0.2782379388809204,0.733134925365448,0.19185347855091095
YLR139C,YMR312W,0,1.0472664,0.27813324332237244,0.733134925365448,0.19195356965065002
YER017C,YOR025W,0,1.0469719,0.27802860736846924,0.733134925365448,0.1920536458492279
YOL006C,YOR081C,0,1.0462942,0.2779240310192108,0.733134925365448,0.1921537220478058
YBR170C,YGR006W,0,1.0462489,0.27781954407691956,0.733134925365448,0.19225379824638367
YPR042C,YOL026C,0,1.0460174,0.27771514654159546,0.733134925365448,0.19235388934612274
YML103C,YHR044C,0,1.0459721,0.27761080861091614,0.733134925365448,0.19245396554470062
YNR032W,YPL174C,0,1.0458491,0.277506560087204,0.733134925365448,0.1925540417432785
YJR046W,YBR136W,1,1.0457253,0.2777777910232544,0.7341269850730896,0.1925540417432785
YEL041W,YDL225W,0,1.0455925,0.27767354249954224,0.7341269850730896,0.19265411794185638
YBR142W,YGL247W,0,1.0455536,0.27756938338279724,0.7341269850730896,0.19275420904159546
YGR056W,YNL309W,0,1.0450624,0.2774653136730194,0.7341269850730896,0.19285428524017334
YIL162W,YJR150C,0,1.044764,0.27736133337020874,0.7341269850730896,0.19295436143875122
YCL060C,YHR191C,1,1.0437617,0.27763205766677856,0.7351190447807312,0.19295436143875122
YDR234W,YBR245C,0,1.0427347,0.2775280773639679,0.7351190447807312,0.1930544376373291
YPL181W,YJL167W,0,1.0422597,0.2774241864681244,0.7351190447807312,0.19315452873706818
YDR034C,YBR171W,0,1.0419705,0.27732035517692566,0.7351190447807312,0.19325460493564606
YHR111W,YCL011C,0,1.040797,0.2772166132926941,0.7351190447807312,0.19335468113422394
YPL145C,YKL200C,0,1.040739,0.2771129310131073,0.7351190447807312,0.19345475733280182
YGL136C,YKL134C,0,1.0401962,0.27700933814048767,0.7351190447807312,0.1935548484325409
YMR271C,YFR027W,0,1.039891,0.2769058346748352,0.7351190447807312,0.19365492463111877
YPR019W,YDL074C,1,1.0392588,0.2771759331226349,0.7361111044883728,0.19365492463111877
YMR060C,YPR055W,0,1.0373161,0.2770724296569824,0.7361111044883728,0.19375500082969666
YKL055C,YCL008C,0,1.0348525,0.2769690155982971,0.7361111044883728,0.19385507702827454
YBR133C,YMR164C,0,1.0335138,0.2768656611442566,0.7361111044883728,0.1939551681280136
YMR234W,YOR060C,1,1.0331267,0.2771354019641876,0.7371031641960144,0.1939551681280136
YNR075W,YCR087C-A,0,1.0330063,0.2770320773124695,0.7371031641960144,0.1940552443265915
YIL051C,YLR320W,0,1.0327101,0.2769288122653961,0.7371031641960144,0.19415532052516937
YMR142C,YOL053C-A,0,1.0325294,0.2768256366252899,0.7371031641960144,0.19425541162490845
YPL165C,YCR033W,0,1.0320202,0.2767225205898285,0.7371031641960144,0.19435548782348633
YIL020C,YBR060C,0,1.0306644,0.27661949396133423,0.7371031641960144,0.1944555640220642
YJL048C,YDL104C,0,1.0306367,0.27651655673980713,0.7371031641960144,0.1945556402206421
YBR088C,YER133W,1,1.0301402,0.2767857015132904,0.738095223903656,0.1945556402206421
YFL006W,YBR268W,0,1.0299616,0.2766827940940857,0.738095223903656,0.19465573132038116
YPR054W,YLR424W,0,1.0287195,0.27657991647720337,0.738095223903656,0.19475580751895905
YPL072W,YBR019C,0,1.0259075,0.2764771580696106,0.738095223903656,0.19485588371753693
YHL009C,YDL099W,0,1.0259014,0.2763744294643402,0.738095223903656,0.1949559599161148
YLR438C-A,YGL044C,0,1.0254538,0.2762718200683594,0.738095223903656,0.19505605101585388
YGR161C-C,YBR042C,0,1.0241691,0.2761692702770233,0.738095223903656,0.19515612721443176
YEL007W,YCR059C,0,1.0237944,0.27606678009033203,0.738095223903656,0.19525620341300964
YAL015C,YOR290C,1,1.0233685,0.27633529901504517,0.7390872836112976,0.19525620341300964
YFL036W,YPL029W,1,1.0226208,0.276603639125824,0.7400793433189392,0.19525620341300964
YOR090C,YPR079W,0,1.0223356,0.2765011191368103,0.7400793433189392,0.19535627961158752
YKL090W,YAL013W,0,1.0221697,0.2763986587524414,0.7400793433189392,0.1954563707113266
YJR002W,YDL234C,0,1.0215781,0.2762962877750397,0.7400793433189392,0.19555644690990448
YIL131C,YGR180C,1,1.0201857,0.27656424045562744,0.7410714030265808,0.19555644690990448
YHR127W,YBR266C,0,1.0200428,0.2764618694782257,0.7410714030265808,0.19565652310848236
YMR106C,YKR023W,0,1.0199447,0.27635958790779114,0.7410714030265808,0.19575659930706024
YPL121C,YLR452C,0,1.0197877,0.27625739574432373,0.7410714030265808,0.19585669040679932
YPR137C-A,YMR078C,0,1.0197258,0.2761552631855011,0.7410714030265808,0.1959567666053772
YLR016C,YOL062C,0,1.0193429,0.27605322003364563,0.7410714030265808,0.19605684280395508
YLR105C,YDR463W,0,1.0190802,0.27595123648643494,0.7410714030265808,0.19615691900253296
YGL038C,YPR168W,0,1.0188278,0.2758493423461914,0.7410714030265808,0.19625701010227203
YER042W,YIL095W,0,1.0181811,0.27574750781059265,0.7410714030265808,0.19635708630084991
YOR377W,YJR127C,0,1.0180963,0.27564576268196106,0.7410714030265808,0.1964571624994278
YDR208W,YER157W,0,1.0178182,0.27554407715797424,0.7410714030265808,0.19655723869800568
YER095W,YGL084C,0,1.017709,0.2754424810409546,0.7410714030265808,0.19665732979774475
YOL086W-A,YBL035C,1,1.0175438,0.2757095396518707,0.7420634627342224,0.19665732979774475
YPL016W,YAL028W,0,1.0174692,0.27560797333717346,0.7420634627342224,0.19675740599632263
YDR393W,YNL271C,0,1.0166701,0.2755064368247986,0.7420634627342224,0.1968574821949005
YBR115C,YNR057C,0,1.015547,0.27540501952171326,0.7420634627342224,0.1969575732946396
YER022W,YOL038W,0,1.0155009,0.2753036320209503,0.7420634627342224,0.19705764949321747
YOL097C,YCR106W,0,1.0154995,0.27520236372947693,0.7420634627342224,0.19715772569179535
YPR138C,YPR046W,0,1.0145652,0.2751011252403259,0.7420634627342224,0.19725780189037323
YPR121W,YGL105W,0,1.0143459,0.2750000059604645,0.7420634627342224,0.1973578929901123
YDL141W,YBR175W,0,1.0128,0.2748989462852478,0.7420634627342224,0.19745796918869019
YBL090W,YLR360W,0,1.0118475,0.2747979462146759,0.7420634627342224,0.19755804538726807
YDR189W,YOR046C,0,1.0106623,0.27469703555107117,0.7420634627342224,0.19765812158584595
YMR029C,YER028C,0,1.0104089,0.2745961844921112,0.7420634627342224,0.19775821268558502
YOR068C,YLL040C,0,1.0099082,0.2744954228401184,0.7420634627342224,0.1978582888841629
YAL019W,YKL054C,0,1.0085949,0.2743947207927704,0.7420634627342224,0.19795836508274078
YMR286W,YOL102C,0,1.008441,0.2742941081523895,0.7420634627342224,0.19805844128131866
YML113W,YLL009C,0,1.0084101,0.27419355511665344,0.7420634627342224,0.19815853238105774
YDR462W,YGR059W,0,1.0082612,0.27409306168556213,0.7420634627342224,0.19825860857963562
YOR017W,YOR167C,0,1.0073745,0.2739926874637604,0.7420634627342224,0.1983586847782135
YKR075C,YBR017C,0,1.0073264,0.273892343044281,0.7420634627342224,0.19845876097679138
YBL039W-B,YLR250W,0,1.0058095,0.2737920880317688,0.7420634627342224,0.19855885207653046
YOR217W,YLR002C,1,1.005183,0.2740578055381775,0.7430555820465088,0.19855885207653046
YEL041W,YDR256C,0,1.0049877,0.27395758032798767,0.7430555820465088,0.19865892827510834
YHR214C-B,YPL065W,0,1.0042459,0.2738574147224426,0.7430555820465088,0.19875900447368622
YBR088C,YML007W,0,1.0037462,0.27375730872154236,0.7430555820465088,0.1988590806722641
YCR007C,YPR133C,0,1.0035635,0.27365729212760925,0.7430555820465088,0.19895917177200317
YNR059W,YDR037W,0,1.0029871,0.2735573351383209,0.7430555820465088,0.19905924797058105
YHR211W,YPL241C,0,1.002854,0.27345746755599976,0.7430555820465088,0.19915932416915894
YOR103C,YDR478W,0,1.0020865,0.27335765957832336,0.7430555820465088,0.19925940036773682
YDR069C,YJL047C,1,1.0020767,0.2736227512359619,0.7440476417541504,0.19925940036773682
YDL088C,YPL115C,0,1.0019227,0.2735229730606079,0.7440476417541504,0.1993594914674759
YLR457C,YLR359W,0,1.001373,0.2734232544898987,0.7440476417541504,0.19945956766605377
YGL108C,YDR317W,0,1.0010633,0.2733236253261566,0.7440476417541504,0.19955964386463165
YGL087C,YOR017W,0,0.9997907,0.2732240557670593,0.7440476417541504,0.19965973496437073
YPR023C,YBR057C,1,0.9989169,0.27348870038986206,0.745039701461792,0.19965973496437073
YPR200C,YNL085W,0,0.99845654,0.27338916063308716,0.745039701461792,0.1997598111629486
YJR006W,YJR046W,1,0.99800235,0.2736535668373108,0.7460317611694336,0.1997598111629486
YEL036C,YCL012W,0,0.9971991,0.2735540270805359,0.7460317611694336,0.1998598873615265
YPL002C,YLR045C,0,0.9958871,0.27345454692840576,0.7460317611694336,0.19995996356010437
YER143W,YGL168W,1,0.9948891,0.2737186551094055,0.7470238208770752,0.19995996356010437
YBL097W,YDR434W,0,0.99352735,0.2736191749572754,0.7470238208770752,0.20006005465984344
YDR303C,YOR290C,1,0.9926681,0.27388304471969604,0.7480158805847168,0.20006005465984344
YBR255W,YIL042C,0,0.99109787,0.2737835943698883,0.7480158805847168,0.20016013085842133
YKL017C,YIL115C,0,0.9905532,0.27368420362472534,0.7480158805847168,0.2002602070569992
YDR432W,YGR169C-A,0,0.9891924,0.27358490228652954,0.7480158805847168,0.2003602832555771
YMR117C,YIL107C,0,0.9890432,0.2734856605529785,0.7480158805847168,0.20046037435531616
YKR009C,YAL011W,0,0.98900884,0.27338650822639465,0.7480158805847168,0.20056045055389404
YNL279W,YNL056W,0,0.9872585,0.27328741550445557,0.7480158805847168,0.20066052675247192
YNL084C,YBR045C,0,0.98716944,0.27318841218948364,0.7480158805847168,0.2007606029510498
YJR092W,YBR058C-A,0,0.98548,0.2730894684791565,0.7480158805847168,0.20086069405078888
YML051W,YGR276C,0,0.98529845,0.2729905843734741,0.7480158805847168,0.20096077024936676
YAR009C,YDR498C,0,0.98483044,0.2728917896747589,0.7480158805847168,0.20106084644794464
YOR383C,YMR095C,0,0.9848235,0.2727930545806885,0.7480158805847168,0.20116092264652252
YGR020C,YPL083C,0,0.98453313,0.2726944088935852,0.7480158805847168,0.2012610137462616
YLR042C,YGR027W-A,0,0.9841636,0.2725957930088043,0.7480158805847168,0.20136108994483948
YJR092W,YOL096C,0,0.98396164,0.272497296333313,0.7480158805847168,0.20146116614341736
YMR029C,YGL083W,0,0.983558,0.27239882946014404,0.7480158805847168,0.20156124234199524
YNL091W,YMR050C,0,0.9832249,0.27230048179626465,0.7480158805847168,0.20166133344173431
YNL182C,YJL090C,1,0.98091954,0.2725631892681122,0.7490079402923584,0.20166133344173431
YDR416W,YLR141W,0,0.9801392,0.2724648118019104,0.7490079402923584,0.2017614096403122
YJR118C,YIL118W,0,0.9799774,0.2723665237426758,0.7490079402923584,0.20186148583889008
YIR032C,YLR364W,0,0.97992045,0.27226829528808594,0.7490079402923584,0.20196156203746796
YNL188W,YPL076W,0,0.9796477,0.27217015624046326,0.7490079402923584,0.20206165313720703
YOR287C,YBR065C,0,0.97891575,0.27207207679748535,0.7490079402923584,0.2021617293357849
YEL055C,YOR332W,0,0.978489,0.2719740569591522,0.7490079402923584,0.2022618055343628
YIL047C,YPL122C,0,0.9766126,0.27187612652778625,0.7490079402923584,0.20236189663410187
YMR224C,YDR178W,0,0.9764276,0.27177825570106506,0.7490079402923584,0.20246197283267975
YMR182C,YGR169C-A,0,0.9759421,0.27168047428131104,0.7490079402923584,0.20256204903125763
YPR025C,YNL271C,0,0.97469395,0.2715827226638794,0.7490079402923584,0.2026621252298355
YNR062C,YFR005C,0,0.9734891,0.2714850902557373,0.7490079402923584,0.20276221632957458
YNL272C,YDL132W,0,0.9725371,0.2713874876499176,0.7490079402923584,0.20286229252815247
YDR176W,YPR007C,0,0.9724609,0.27128997445106506,0.7490079402923584,0.20296236872673035
YDL126C,YOL004W,1,0.9724534,0.2715517282485962,0.75,0.20296236872673035
YGR027W-B,YFL060C,0,0.9720209,0.27145421504974365,0.75,0.20306244492530823
YIL160C,YBL046W,0,0.971628,0.2713567912578583,0.75,0.2031625360250473
YER057C,YFL047W,0,0.971109,0.2712594270706177,0.75,0.20326261222362518
YOR321W,YPR185W,0,0.97101086,0.27116212248802185,0.75,0.20336268842220306
YDR465C,YOL018C,0,0.96976334,0.2710649073123932,0.75,0.20346276462078094
YJL154C,YHR067W,0,0.96848637,0.2709677517414093,0.75,0.20356285572052002
YDR372C,YMR153W,0,0.96614236,0.2708706557750702,0.75,0.2036629319190979
YOL086W-A,YLR103C,1,0.96536356,0.27113181352615356,0.7509920597076416,0.2036629319190979
YFR019W,YGL090W,0,0.96514195,0.27103471755981445,0.7509920597076416,0.20376300811767578
YGR085C,YMR294W,0,0.964207,0.2709377110004425,0.7509920597076416,0.20386308431625366
YHR069C,YLL001W,0,0.9637658,0.2708407938480377,0.7509920597076416,0.20396317541599274
YPR023C,YBR060C,1,0.96328455,0.27110156416893005,0.7519841194152832,0.20396317541599274
YGR275W,YJL114W,0,0.9631055,0.27100464701652527,0.7519841194152832,0.20406325161457062
YJL035C,YBL071W-A,0,0.9628115,0.27090778946876526,0.7519841194152832,0.2041633278131485
YNR074C,YCL003W,0,0.9624588,0.27081099152565,0.7519841194152832,0.20426340401172638
YJL058C,YJR121W,0,0.9623253,0.27071428298950195,0.7519841194152832,0.20436349511146545
YIL016W,YCR105W,0,0.96210426,0.27061763405799866,0.7519841194152832,0.20446357131004333
YNL054W-A,YPL227C,0,0.961512,0.27052104473114014,0.7519841194152832,0.20456364750862122
YPL010W,YOR171C,0,0.96125466,0.2704245448112488,0.7519841194152832,0.2046637237071991
YCR080W,YKR095W-A,0,0.96062285,0.2703281044960022,0.7519841194152832,0.20476381480693817
YOR377W,YMR059W,0,0.9597171,0.2702317237854004,0.7519841194152832,0.20486389100551605
YAL034W-A,YER048W-A,0,0.95936745,0.27013543248176575,0.7519841194152832,0.20496396720409393
YBR001C,YOR073W,0,0.9589843,0.2700392007827759,0.7519841194152832,0.205064058303833
YMR172W,YER110C,0,0.958906,0.2699430286884308,0.7519841194152832,0.2051641345024109
YIL101C,YPL257W-B,0,0.9587272,0.26984691619873047,0.7519841194152832,0.20526421070098877
YER180C,YPL052W-A,0,0.95848805,0.2697508931159973,0.7519841194152832,0.20536428689956665
YBR104W,YLR013W,0,0.9567161,0.26965492963790894,0.7519841194152832,0.20546437799930573
YOR074C,YKL046C,0,0.9563077,0.26955902576446533,0.7519841194152832,0.2055644541978836
YBR084C-A,YKR095W,0,0.95603484,0.2694632112979889,0.7519841194152832,0.2056645303964615
YPL234C,YOR308C,0,0.9553636,0.2693674564361572,0.7519841194152832,0.20576460659503937
YJR101W,YPR139C,0,0.95535606,0.26927176117897034,0.7519841194152832,0.20586469769477844
YEL030W,YMR050C,0,0.95517033,0.2691761255264282,0.7519841194152832,0.20596477389335632
YJL072C,YDL074C,1,0.95496386,0.2694355845451355,0.7529761791229248,0.20596477389335632
YPL269W,YOR177C,0,0.95467716,0.2693399488925934,0.7529761791229248,0.2060648500919342
YOL003C,YPL174C,0,0.95458263,0.26924440264701843,0.7529761791229248,0.20616492629051208
YMR204C,YDR128W,0,0.9538072,0.26914894580841064,0.7529761791229248,0.20626501739025116
YKL221W,YAL025C,0,0.9533525,0.26905351877212524,0.7529761791229248,0.20636509358882904
YGR263C,YLR315W,0,0.9526921,0.268958181142807,0.7529761791229248,0.20646516978740692
YDR458C,YER059W,0,0.9523366,0.26886290311813354,0.7529761791229248,0.2065652459859848
YDR412W,YKR099W,0,0.94995064,0.26876771450042725,0.7529761791229248,0.20666533708572388
YAL059W,YOR058C,0,0.94960827,0.26867255568504333,0.7529761791229248,0.20676541328430176
YPL195W,YNL268W,0,0.9486347,0.2685774862766266,0.7529761791229248,0.20686548948287964
YPL148C,YDR071C,0,0.9484084,0.2684824764728546,0.7529761791229248,0.20696556568145752
YOR229W,YOL145C,0,0.9482272,0.2683875560760498,0.7529761791229248,0.2070656567811966
YNL291C,YDR470C,0,0.94781685,0.26829269528388977,0.7529761791229248,0.20716573297977448
YDR351W,YIL098C,0,0.9477884,0.2681978940963745,0.7529761791229248,0.20726580917835236
YDR393W,YHL003C,0,0.94693005,0.26810315251350403,0.7529761791229248,0.20736588537693024
YNL261W,YER133W,1,0.9465784,0.26836156845092773,0.7539682388305664,0.20736588537693024
YDR139C,YOL038W,0,0.9464118,0.26826685667037964,0.7539682388305664,0.2074659764766693
YOL068C,YKL094W,0,0.94616,0.2681722044944763,0.7539682388305664,0.2075660526752472
YPR178W,YDR289C,0,0.94604963,0.2680776119232178,0.7539682388305664,0.20766612887382507
YHR200W,YML043C,0,0.9448711,0.267983078956604,0.7539682388305664,0.20776621997356415
YNL023C,YGR200C,0,0.9448078,0.267888605594635,0.7539682388305664,0.20786629617214203
YFL001W,YLR295C,0,0.9445317,0.2677942216396332,0.7539682388305664,0.2079663723707199
YOL094C,YBR100W,1,0.9439111,0.2680521309375763,0.754960298538208,0.2079663723707199
YPR001W,YNR009W,0,0.94306976,0.26795774698257446,0.754960298538208,0.2080664485692978
YOR083W,YOR078W,0,0.9423677,0.2678634226322174,0.754960298538208,0.20816653966903687
YBR087W,YOR154W,0,0.94188136,0.2677691876888275,0.754960298538208,0.20826661586761475
YBR037C,YFL011W-A,0,0.9415279,0.26767498254776,0.754960298538208,0.20836669206619263
YFL002W-A,YNL166C,0,0.940733,0.26758086681365967,0.754960298538208,0.2084667682647705
YNL258C,YPL031C,0,0.9396396,0.2674868106842041,0.754960298538208,0.20856685936450958
YOR343W-A,YIL023C,0,0.9394904,0.2673928439617157,0.754960298538208,0.20866693556308746
YAL043C,YOL005C,0,0.93848246,0.2672989070415497,0.754960298538208,0.20876701176166534
YOR126C,YGL027C,0,0.9383827,0.26720505952835083,0.754960298538208,0.20886708796024323
YBR123C,YPL053C,0,0.93816805,0.26711127161979675,0.754960298538208,0.2089671790599823
YOR080W,YMR171C,0,0.938035,0.26701754331588745,0.754960298538208,0.20906725525856018
YAL034C,YMR264W,0,0.9377675,0.2669238746166229,0.754960298538208,0.20916733145713806
YLR154C,YIL066C,1,0.9377,0.2671809196472168,0.7559523582458496,0.20916733145713806
YDR265W,YDR407C,0,0.93748635,0.26708728075027466,0.7559523582458496,0.20926740765571594
YGR027W-B,YLR353W,0,0.93711525,0.2669937014579773,0.7559523582458496,0.20936749875545502
YDR105C,YMR167W,0,0.93691427,0.2669001817703247,0.7559523582458496,0.2094675749540329
YGR184C,YLR191W,0,0.9367988,0.2668067216873169,0.7559523582458496,0.20956765115261078
YLR116W,YEL030W,0,0.9356985,0.26671332120895386,0.7559523582458496,0.20966772735118866
YMR278W,YOR363C,0,0.93497014,0.266620010137558,0.7559523582458496,0.20976781845092773
YDL005C,YLR443W,0,0.93493855,0.2665267586708069,0.7559523582458496,0.20986789464950562
YDR147W,YDR414C,0,0.93425274,0.26643356680870056,0.7559523582458496,0.2099679708480835
YDR432W,YHL031C,0,0.93350095,0.266340434551239,0.7559523582458496,0.21006804704666138
YML100W,YBR075W,0,0.93350023,0.26624739170074463,0.7559523582458496,0.21016813814640045
YDR210W-B,YDR210C-C,0,0.93349034,0.26615437865257263,0.7559523582458496,0.21026821434497833
YHL020C,YMR063W,0,0.9334845,0.2660614550113678,0.7559523582458496,0.2103682905435562
YFL018W-A,YFR048W,0,0.93307114,0.26596859097480774,0.7559523582458496,0.2104683816432953
YNL129W,YLL001W,0,0.93225795,0.26587578654289246,0.7559523582458496,0.21056845784187317
YLR404W,YGR215W,0,0.93143934,0.26578304171562195,0.7559523582458496,0.21066853404045105
YGL020C,YMR212C,0,0.9311643,0.2656903862953186,0.7559523582458496,0.21076861023902893
YDL033C,YBR231C,0,0.93035954,0.26559776067733765,0.7559523582458496,0.210868701338768
YLR391W,YLR186W,0,0.9295054,0.26550522446632385,0.7559523582458496,0.2109687775373459
YAL038W,YOR240W,0,0.9293028,0.26541274785995483,0.7559523582458496,0.21106885373592377
YKR009C,YIL027C,0,0.9288267,0.2653203308582306,0.7559523582458496,0.21116892993450165
YPR139C,YER107C,0,0.9286992,0.2652279734611511,0.7559523582458496,0.21126902103424072
YER042W,YOR328W,0,0.9279373,0.2651357054710388,0.7559523582458496,0.2113690972328186
YER014W,YDR405W,0,0.9276306,0.2650434672832489,0.7559523582458496,0.21146917343139648
YLR070C,YPR193C,0,0.92753917,0.26495131850242615,0.7559523582458496,0.21156924962997437
YPL195W,YER048W-A,0,0.9272965,0.26485922932624817,0.7559523582458496,0.21166934072971344
YLL045C,YFL043C,0,0.9270806,0.26476719975471497,0.7559523582458496,0.21176941692829132
YJL176C,YBR125C,0,0.9267893,0.26467522978782654,0.7559523582458496,0.2118694931268692
YBL082C,YDR052C,0,0.9266692,0.2645833194255829,0.7559523582458496,0.21196956932544708
YLR391W,YFR014C,0,0.92427915,0.2644914984703064,0.7559523582458496,0.21206966042518616
YBL023C,YBR160W,1,0.9236024,0.26474669575691223,0.7569444179534912,0.21206966042518616
YOL113W,YDR210C-C,0,0.9233542,0.26465487480163574,0.7569444179534912,0.21216973662376404
YLR016C,YOR258W,0,0.9232907,0.26456311345100403,0.7569444179534912,0.21226981282234192
YPR175W,YPL181W,1,0.92328066,0.264818012714386,0.7579365372657776,0.21226981282234192
YKL188C,YJR031C,0,0.92295897,0.2647262513637543,0.7579365372657776,0.2123698890209198
YMR029C,YDR330W,0,0.92225015,0.2646345794200897,0.7579365372657776,0.21246998012065887
YLR369W,YDR512C,0,0.9222417,0.26454293727874756,0.7579365372657776,0.21257005631923676
YLR233C,YDR140W,0,0.9216476,0.26445135474205017,0.7579365372657776,0.21267013251781464
YJR055W,YPR159W,0,0.92116517,0.26435986161231995,0.7579365372657776,0.2127702236175537
YAL021C,YBR274W,1,0.92072076,0.2646143138408661,0.7589285969734192,0.2127702236175537
YDL073W,YOR255W,0,0.9205136,0.26452282071113586,0.7589285969734192,0.2128702998161316
YBL059C-A,YOL022C,0,0.92047364,0.2644313871860504,0.7589285969734192,0.21297037601470947
YDR281C,YBL072C,0,0.92046946,0.26434001326560974,0.7589285969734192,0.21307045221328735
YFR003C,YBL034C,0,0.9201978,0.26424869894981384,0.7589285969734192,0.21317054331302643
YOR023C,YHR150W,0,0.91889197,0.2641574442386627,0.7589285969734192,0.2132706195116043
YHR188C,YLR391W,0,0.9181133,0.26406627893447876,0.7589285969734192,0.2133706957101822
YLR007W,YPL244C,0,0.9178209,0.2639751434326172,0.7589285969734192,0.21347077190876007
YER048C,YLR206W,0,0.91772914,0.2638840973377228,0.7589285969734192,0.21357086300849915
YJL030W,YDR350C,0,0.9172564,0.26379311084747314,0.7589285969734192,0.21367093920707703
YNL185C,YDL104C,0,0.91705364,0.2637021839618683,0.7589285969734192,0.2137710154056549
YIL146C,YKR072C,0,0.9169822,0.2636113166809082,0.7589285969734192,0.2138710916042328
YNL267W,YML112W,0,0.9166269,0.2635205090045929,0.7589285969734192,0.21397118270397186
YHR191C,YNL138W-A,0,0.91653425,0.26342976093292236,0.7589285969734192,0.21407125890254974
YKL190W,YGR161C-D,0,0.9159044,0.2633390724658966,0.7589285969734192,0.21417133510112762
YFR027W,YOR085W,0,0.91585386,0.2632484436035156,0.7589285969734192,0.2142714112997055
YCL005W,YGR184C,0,0.9156844,0.2631579041481018,0.7589285969734192,0.21437150239944458
YKL188C,YLR368W,0,0.9156521,0.2630673944950104,0.7589285969734192,0.21447157859802246
YNL155W,YML045W-A,0,0.9145555,0.2629769742488861,0.7589285969734192,0.21457165479660034
YIL149C,YAL062W,0,0.914499,0.26288658380508423,0.7589285969734192,0.21467173099517822
YNL023C,YJL063C,0,0.91416997,0.2627962827682495,0.7589285969734192,0.2147718220949173
YPR111W,YKR055W,0,0.9138927,0.26270604133605957,0.7589285969734192,0.21487189829349518
YCL062W,YOR057W,0,0.9136084,0.2626158595085144,0.7589285969734192,0.21497197449207306
YOR226C,YMR032W,0,0.9135813,0.262525737285614,0.7589285969734192,0.21507205069065094
YLR307W,YPR095C,0,0.913165,0.2624356746673584,0.7589285969734192,0.21517214179039001
YLR024C,YPL237W,0,0.91308266,0.26234567165374756,0.7589285969734192,0.2152722179889679
YLR398C,YPL012W,0,0.9129178,0.2622557282447815,0.7589285969734192,0.21537229418754578
YBR100W,YOR080W,1,0.9122854,0.2625085711479187,0.7599206566810608,0.21537229418754578
YKL065C,YNL126W,0,0.910574,0.26241862773895264,0.7599206566810608,0.21547238528728485
YFR026C,YGR060W,0,0.9097703,0.26232877373695374,0.7599206566810608,0.21557246148586273
YJL170C,YGL018C,0,0.9097174,0.2622389495372772,0.7599206566810608,0.2156725376844406
YNL289W,YGR030C,0,0.9094712,0.26214921474456787,0.7599206566810608,0.2157726138830185
YKL080W,YGR169C-A,0,0.90937006,0.2620595395565033,0.7599206566810608,0.21587270498275757
YER095W,YKL022C,1,0.90912193,0.2623119056224823,0.7609127163887024,0.21587270498275757
YOR341W,YGL137W,0,0.9090194,0.2622222304344177,0.7609127163887024,0.21597278118133545
YBR273C,YDR432W,0,0.9085212,0.2621326148509979,0.7609127163887024,0.21607285737991333
YNL107W,YMR002W,0,0.90815586,0.2620430588722229,0.7609127163887024,0.2161729335784912
YPL181W,YPR133C,0,0.9080442,0.26195356249809265,0.7609127163887024,0.21627302467823029
YBR094W,YDL148C,0,0.90780115,0.2618641257286072,0.7609127163887024,0.21637310087680817
YLR425W,YGR154C,0,0.9073515,0.2617747485637665,0.7609127163887024,0.21647317707538605
YBL089W,YDR098C-A,0,0.9070887,0.26168543100357056,0.7609127163887024,0.21657325327396393
YML045W-A,YMR046C,0,0.9068263,0.2615961730480194,0.7609127163887024,0.216673344373703
YER166W,YML102W,0,0.9066675,0.26150697469711304,0.7609127163887024,0.21677342057228088
YJR035W,YML068W,0,0.90645,0.26141786575317383,0.7609127163887024,0.21687349677085876
YMR094W,YOR369C,0,0.90548664,0.261328786611557,0.7609127163887024,0.21697357296943665
YKL183W,YHR199C-A,0,0.9046681,0.26123979687690735,0.7609127163887024,0.21707366406917572
YAL064W-B,YIL170W,0,0.90444976,0.2611508369445801,0.7609127163887024,0.2171737402677536
YGL168W,YOL004W,1,0.9042288,0.26140230894088745,0.761904776096344,0.2171737402677536
YJL036W,YLR292C,0,0.90334517,0.26131337881088257,0.761904776096344,0.21727381646633148
YKR056W,YCR066W,0,0.90267617,0.2612244784832001,0.761904776096344,0.21737389266490936
YOL158C,YEL029C,0,0.902472,0.26113566756248474,0.761904776096344,0.21747398376464844
YNL330C,YBR202W,1,0.9020813,0.26138681173324585,0.7628968358039856,0.21747398376464844
YMR154C,YNL265C,0,0.9010824,0.2612980008125305,0.7628968358039856,0.21757405996322632
YOL086W-A,YBR275C,1,0.9006719,0.2615489065647125,0.7638888955116272,0.21757405996322632
YIL113W,YGR098C,0,0.9003182,0.2614600956439972,0.7638888955116272,0.2176741361618042
YHR146W,YHL003C,0,0.89912826,0.26137134432792664,0.7638888955116272,0.21777421236038208
YMR073C,YGL210W,0,0.898506,0.26128265261650085,0.7638888955116272,0.21787430346012115
YMR129W,YPR169W,0,0.8979951,0.26119402050971985,0.7638888955116272,0.21797437965869904
YBL103C-A,YBR101C,0,0.89797974,0.2611054480075836,0.7638888955116272,0.21807445585727692
YJL063C,YNL102W,0,0.89772266,0.26101693511009216,0.7638888955116272,0.218174546957016
YDR281C,YLR020C,0,0.8972476,0.26092851161956787,0.7638888955116272,0.21827462315559387
YKL186C,YHR143W-A,0,0.896339,0.26084011793136597,0.7638888955116272,0.21837469935417175
YER007W,YDR392W,0,0.8959707,0.26075178384780884,0.7638888955116272,0.21847477555274963
YOL103W-A,YPR158W-B,0,0.89545083,0.2606635093688965,0.7638888955116272,0.2185748666524887
YBR045C,YML118W,0,0.8952747,0.2605752944946289,0.7638888955116272,0.2186749428510666
YBR148W,YEL069C,0,0.89453495,0.2604871392250061,0.7638888955116272,0.21877501904964447
YML005W,YCR040W,0,0.89422244,0.2603990435600281,0.7638888955116272,0.21887509524822235
YJL168C,YGL168W,1,0.89411587,0.26064908504486084,0.7648809552192688,0.21887509524822235
YKL022C,YER165W,0,0.89351904,0.2605609893798828,0.7648809552192688,0.21897518634796143
YNL024C-A,YJR112W,0,0.8927761,0.26047298312187195,0.7648809552192688,0.2190752625465393
YOL155C,YNR048W,0,0.8927414,0.26038500666618347,0.7648809552192688,0.2191753387451172
YLR315W,YNL240C,0,0.89209366,0.26029708981513977,0.7648809552192688,0.21927541494369507
YPR055W,YDL035C,0,0.89182204,0.26020923256874084,0.7648809552192688,0.21937550604343414
YFL006W,YDL184C,0,0.8917067,0.2601214647293091,0.7648809552192688,0.21947558224201202
YGR253C,YKL130C,0,0.8916088,0.2600337266921997,0.7648809552192688,0.2195756584405899
YPR158W-A,YIL049W,0,0.8915457,0.2599460482597351,0.7648809552192688,0.21967573463916779
YOR343W-A,YFR020W,0,0.89153785,0.2598584294319153,0.7648809552192688,0.21977582573890686
YBL097W,YPL112C,0,0.8914303,0.2597709000110626,0.7648809552192688,0.21987590193748474
YIR024C,YDR523C,0,0.89081395,0.25968340039253235,0.7648809552192688,0.21997597813606262
YCR002C,YNL271C,0,0.89079946,0.25959596037864685,0.7648809552192688,0.2200760543346405
YGR131W,YBR136W,0,0.89016974,0.25950857996940613,0.7648809552192688,0.22017614543437958
YLL057C,YML076C,0,0.8899759,0.2594212591648102,0.7648809552192688,0.22027622163295746
YBR182C,YER153C,0,0.88989717,0.259333997964859,0.7648809552192688,0.22037629783153534
YOR060C,YPL055C,1,0.88977563,0.259583055973053,0.7658730149269104,0.22037629783153534
YGR156W,YNL001W,0,0.8894343,0.2594957947731018,0.7658730149269104,0.22047637403011322
YCR097WB,YML076C,0,0.8888318,0.2594085931777954,0.7658730149269104,0.2205764651298523
YBL038W,YDR330W,0,0.8877462,0.2593214511871338,0.7658730149269104,0.22067654132843018
YKR099C-A,YMR228W,0,0.8862076,0.25923439860343933,0.7658730149269104,0.22077661752700806
YPL096C-A,YLR097C,0,0.88583547,0.25914737582206726,0.7658730149269104,0.22087670862674713
YDR296W,YLR430W,1,0.8850271,0.2593959867954254,0.766865074634552,0.22087670862674713
YJR134C,YPR158W-B,0,0.8843674,0.25930896401405334,0.766865074634552,0.220976784825325
YOR319W,YDL155W,0,0.8837852,0.25922200083732605,0.766865074634552,0.2210768610239029
YDR206W,YFL042C,0,0.8836084,0.25913509726524353,0.766865074634552,0.22117693722248077
YNL261W,YBR160W,1,0.8834197,0.2593833804130554,0.7678571343421936,0.22117693722248077
YAL028W,YOR017W,0,0.88274425,0.2592964768409729,0.7678571343421936,0.22127702832221985
YMR125W,YLR114C,0,0.8826055,0.25920963287353516,0.7678571343421936,0.22137710452079773
YOR375C,YNL218W,0,0.8816307,0.2591228783130646,0.7678571343421936,0.2214771807193756
YDR427W,YKL127W,0,0.8813032,0.2590361535549164,0.7678571343421936,0.2215772569179535
YOR002W,YPL052W-A,0,0.88078684,0.25894948840141296,0.7678571343421936,0.22167734801769257
YBL007C,YDR303C,0,0.8805534,0.2588628828525543,0.7678571343421936,0.22177742421627045
YAL008W,YKL201C,0,0.88047475,0.25877633690834045,0.7678571343421936,0.22187750041484833
YBR299W,YNL076W,0,0.8803808,0.25868985056877136,0.7678571343421936,0.2219775766134262
YBR205W,YGR161C-C,0,0.8797136,0.25860339403152466,0.7678571343421936,0.22207766771316528
YJR009C,YFL043C,0,0.8791862,0.2585170269012451,0.7678571343421936,0.22217774391174316
YFR003C,YOR151C,0,0.8785521,0.25843071937561035,0.7678571343421936,0.22227782011032104
YJR086W,YOR026W,0,0.8783255,0.25834447145462036,0.7678571343421936,0.22237789630889893
YER014W,YGR276C,0,0.87777746,0.25825825333595276,0.7678571343421936,0.222477987408638
YOR076C,YER155C,0,0.8771462,0.2581721246242523,0.7678571343421936,0.22257806360721588
YDR153C,YDR318W,0,0.8767857,0.25808602571487427,0.7678571343421936,0.22267813980579376
YOR042W,YGL245W,0,0.8764476,0.257999986410141,0.7678571343421936,0.22277821600437164
YBL039W-A,YLR262C-A,0,0.875753,0.2579140365123749,0.7678571343421936,0.22287830710411072
YIL140W,YCR008W,0,0.8754711,0.25782811641693115,0.7678571343421936,0.2229783833026886
YLR298C,YGL228W,0,0.8751763,0.2577422559261322,0.7678571343421936,0.22307845950126648
YGR234W,YBR180W,0,0.874754,0.257656455039978,0.7678571343421936,0.22317853569984436
YDL021W,YGL063W,0,0.8747137,0.25757071375846863,0.7678571343421936,0.22327862679958344
YBR100W,YNL068C,1,0.8744015,0.25781768560409546,0.7688491940498352,0.22327862679958344
YNR044W,YBR075W,0,0.8737865,0.25773194432258606,0.7688491940498352,0.22337870299816132
YJL196C,YGL094C,0,0.87257046,0.25764626264572144,0.7688491940498352,0.2234787791967392
YNL307C,YOR143C,0,0.872252,0.2575606405735016,0.7688491940498352,0.22357887029647827
YML013W,YGL061C,0,0.87213457,0.2574750781059265,0.7688491940498352,0.22367894649505615
YDR245W,YIL168W,0,0.872107,0.2573895752429962,0.7688491940498352,0.22377902269363403
YLR429W,YNR010W,0,0.8713638,0.2573041021823883,0.7688491940498352,0.22387909889221191
YNL308C,YFL023W,0,0.87094194,0.25721871852874756,0.7688491940498352,0.223979189991951
YAL056W,YGR100W,0,0.8703385,0.2571333646774292,0.7688491940498352,0.22407926619052887
YPL096C-A,YDR463W,0,0.8700424,0.257048100233078,0.7688491940498352,0.22417934238910675
YNL004W,YNL084C,0,0.8694195,0.2569628655910492,0.7688491940498352,0.22427941858768463
YBR264C,YHR046C,0,0.8693643,0.25687769055366516,0.7688491940498352,0.2243795096874237
YDL060W,YOL090W,0,0.8693316,0.2567925751209259,0.7688491940498352,0.2244795858860016
YAL008W,YBR186W,0,0.8690919,0.2567075192928314,0.7688491940498352,0.22457966208457947
YLR164W,YDR365W-A,0,0.8688674,0.2566225230693817,0.7688491940498352,0.22467973828315735
YDR283C,YDR016C,0,0.86820686,0.2565375566482544,0.7688491940498352,0.22477982938289642
YGL038C,YNL265C,0,0.8676693,0.25645267963409424,0.7688491940498352,0.2248799055814743
YBR201W,YOR142W-A,0,0.8676561,0.25636783242225647,0.7688491940498352,0.22497998178005219
YOR279C,YNL169C,0,0.86722946,0.25628307461738586,0.7688491940498352,0.22508005797863007
YNL025C,YDR356W,0,0.8671129,0.25619834661483765,0.7688491940498352,0.22518014907836914
YCR026C,YGL105W,0,0.86707896,0.2561136782169342,0.7688491940498352,0.22528022527694702
YDR458C,YAL063C,0,0.86678845,0.25602906942367554,0.7688491940498352,0.2253803014755249
YGL122C,YGL083W,0,0.8666887,0.25594452023506165,0.7688491940498352,0.22548037767410278
YPR055W,YLL061W,0,0.86668044,0.25586003065109253,0.7688491940498352,0.22558046877384186
YHR044C,YDL116W,0,0.86642927,0.2557755708694458,0.7688491940498352,0.22568054497241974
YJL025W,YNL328C,0,0.86574703,0.25569120049476624,0.7688491940498352,0.22578062117099762
YIL160C,YER137C-A,0,0.86546504,0.25560685992240906,0.7688491940498352,0.2258806973695755
YLR380W,YKL199C,0,0.86527693,0.25552257895469666,0.7688491940498352,0.22598078846931458
YFL010W-A,YOR240W,0,0.865141,0.25543835759162903,0.7688491940498352,0.22608086466789246
YER118C,YOR380W,0,0.8646903,0.2553541958332062,0.7688491940498352,0.22618094086647034
YPL153C,YOR060C,1,0.86424726,0.2555994689464569,0.7698412537574768,0.22618094086647034
YJL074C,YOL084W,0,0.86395913,0.25551530718803406,0.7698412537574768,0.2262810319662094
YDR261W-A,YGL225W,0,0.86324775,0.255431205034256,0.7698412537574768,0.2263811081647873
YPL270W,YCL058C,0,0.8616641,0.2553471624851227,0.7698412537574768,0.22648118436336517
YOL146W,YDR099W,1,0.8613966,0.25559210777282715,0.7708333134651184,0.22648118436336517
YJR134C,YKL160W,0,0.86123043,0.25550806522369385,0.7708333134651184,0.22658126056194305
YBR110W,YBL101W-A,0,0.8611181,0.25542405247688293,0.7708333134651184,0.22668135166168213
YMR268W-A,YLR208W,0,0.86089665,0.2553401291370392,0.7708333134651184,0.22678142786026
YOR340C,YBR266C,0,0.8605128,0.2552562355995178,0.7708333134651184,0.2268815040588379
YDR034C-D,YHR209W,0,0.85933614,0.25517240166664124,0.7708333134651184,0.22698158025741577
YDL167C,YPL117C,0,0.85853034,0.2550886273384094,0.7708333134651184,0.22708167135715485
YFR003C,YPR031W,0,0.85772854,0.2550049126148224,0.7708333134651184,0.22718174755573273
YDL126C,YLR103C,1,0.8569911,0.25524935126304626,0.77182537317276,0.22718174755573273
YBR090C-A,YER060W-A,0,0.8560621,0.25516563653945923,0.77182537317276,0.2272818237543106
YAL021C,YKL112W,1,0.855813,0.255409836769104,0.7728174328804016,0.2272818237543106
YOR198C,YDR113C,0,0.8555002,0.25532612204551697,0.7728174328804016,0.2273818999528885
YBR170C,YIL066C,1,0.85470563,0.25557011365890503,0.773809552192688,0.2273818999528885
YIR033W,YMR150C,0,0.8542856,0.255486398935318,0.773809552192688,0.22748199105262756
YBL039W-A,YKL082C,0,0.85403746,0.25540274381637573,0.773809552192688,0.22758206725120544
YER133W,YDR419W,1,0.8540095,0.2556464672088623,0.7748016119003296,0.22758206725120544
YLR274W,YHR046C,0,0.8537484,0.25556284189224243,0.7748016119003296,0.22768214344978333
YGL091C,YOR094W,0,0.8535902,0.25547921657562256,0.7748016119003296,0.2277822196483612
YLR387C,YHR209W,0,0.8528958,0.25539568066596985,0.7748016119003296,0.22788231074810028
YMR234W,YNL330C,1,0.85247195,0.25563910603523254,0.7757936716079712,0.22788231074810028
YKL017C,YHR177W,0,0.85177094,0.25555557012557983,0.7757936716079712,0.22798238694667816
YDR530C,YDR379W,0,0.851536,0.2554720640182495,0.7757936716079712,0.22808246314525604
YDL111C,YPR158C-C,0,0.8513519,0.25538864731788635,0.7757936716079712,0.22818253934383392
YGL233W,YJR076C,0,0.8506458,0.2553052604198456,0.7757936716079712,0.228282630443573
YDL197C,YBR012W-A,0,0.8504079,0.2552219331264496,0.7757936716079712,0.22838270664215088
YHR011W,YPL282C,0,0.84970343,0.25513866543769836,0.7757936716079712,0.22848278284072876
YPL183C,YDL220C,0,0.8494818,0.2550554573535919,0.7757936716079712,0.22858285903930664
YFL024C,YHR214C-C,0,0.84932965,0.25497227907180786,0.7757936716079712,0.22868295013904572
YNL308C,YGL224C,0,0.8491338,0.25488919019699097,0.7757936716079712,0.2287830263376236
YHR094C,YLR391W,0,0.848248,0.25480613112449646,0.7757936716079712,0.22888310253620148
YOR048C,YGL254W,0,0.8480998,0.25472313165664673,0.7757936716079712,0.22898319363594055
YFL002C,YBR261C,0,0.8480658,0.2546401917934418,0.7757936716079712,0.22908326983451843
YFL050C,YOL043C,0,0.8475968,0.2545572817325592,0.7757936716079712,0.2291833460330963
YHR039C-B,YCR052W,0,0.84745485,0.2544744610786438,0.7757936716079712,0.2292834222316742
YJL047C,YJL194W,1,0.84638387,0.25471699237823486,0.7767857313156128,0.2292834222316742
YPR175W,YGL168W,1,0.84631485,0.2549593448638916,0.7777777910232544,0.2292834222316742
YER058W,YOR045W,0,0.8460907,0.2548764646053314,0.7777777910232544,0.22938351333141327
YIL099W,YLR039C,0,0.8460817,0.254793643951416,0.7777777910232544,0.22948358952999115
YDR261C-D,YIL103W,0,0.8449404,0.254710853099823,0.7777777910232544,0.22958366572856903
YDL001W,YDR432W,0,0.8428893,0.25462812185287476,0.7777777910232544,0.2296837419271469
YPL027W,YOR172W,0,0.8398826,0.2545454502105713,0.7777777910232544,0.229783833026886
YDR267C,YJR099W,0,0.8391425,0.2544628381729126,0.7777777910232544,0.22988390922546387
YOR343W-A,YMR052W,0,0.83883196,0.2543802857398987,0.7777777910232544,0.22998398542404175
YAL059W,YJR112W,0,0.83809465,0.25429776310920715,0.7777777910232544,0.23008406162261963
YPR137C-A,YDR482C,0,0.83806366,0.2542153000831604,0.7777777910232544,0.2301841527223587
YJL154C,YAL021C,0,0.8374169,0.2541328966617584,0.7777777910232544,0.23028422892093658
YPL153C,YCR028C-A,1,0.8372155,0.25437459349632263,0.778769850730896,0.23028422892093658
YDL036C,YJR118C,0,0.8370381,0.25429219007492065,0.778769850730896,0.23038430511951447
YML129C,YDL008W,0,0.8370241,0.25420984625816345,0.778769850730896,0.23048438131809235
YKL198C,YNL309W,0,0.8364595,0.254127562046051,0.778769850730896,0.23058447241783142
YBR122C,YHR135C,0,0.8357517,0.254045307636261,0.778769850730896,0.2306845486164093
YML060W,YJL165C,0,0.8355836,0.2539631128311157,0.778769850730896,0.23078462481498718
YOR096W,YDR450W,0,0.83523744,0.25388097763061523,0.778769850730896,0.23088470101356506
YBR195C,YMR041C,0,0.8345544,0.2537989020347595,0.778769850730896,0.23098479211330414
YDR135C,YJL059W,0,0.8339965,0.2537168860435486,0.778769850730896,0.23108486831188202
YDR277C,YBL033C,0,0.832767,0.25363489985466003,0.778769850730896,0.2311849445104599
YHR039C-B,YJL173C,0,0.8327007,0.25355297327041626,0.778769850730896,0.23128502070903778
YPL007C,YPL177C,0,0.8325683,0.25347110629081726,0.778769850730896,0.23138511180877686
YER087C-B,YKR079C,0,0.8324606,0.25338926911354065,0.778769850730896,0.23148518800735474
YHR109W,YML072C,0,0.83157724,0.2533075213432312,0.778769850730896,0.23158526420593262
YPR159W,YLR288C,0,0.8314761,0.25322580337524414,0.778769850730896,0.2316853553056717
YIL040W,YHR031C,0,0.83050543,0.25314414501190186,0.778769850730896,0.23178543150424957
YNR052C,YOR057W,0,0.8298684,0.25306254625320435,0.778769850730896,0.23188550770282745
YLR103C,YML058W,1,0.8297611,0.25330325961112976,0.7797619104385376,0.23188550770282745
YNL133C,YER133W,0,0.82943803,0.25322166085243225,0.7797619104385376,0.23198558390140533
YDR499W,YKR007W,0,0.8281954,0.25314009189605713,0.7797619104385376,0.2320856750011444
YBR130C,YDR218C,0,0.8279196,0.2530585825443268,0.7797619104385376,0.2321857511997223
YCL026C-A,YBR040W,0,0.8276273,0.2529771625995636,0.7797619104385376,0.23228582739830017
YAL013W,YNL072W,1,0.82747954,0.253217488527298,0.7807539701461792,0.23228582739830017
YER015W,YOR159C,0,0.82733643,0.2531360685825348,0.7807539701461792,0.23238590359687805
YEL062W,YKL033W,0,0.82724744,0.2530546486377716,0.7807539701461792,0.23248599469661713
YIR034C,YGR272C,0,0.82709795,0.2529733180999756,0.7807539701461792,0.232586070895195
YDL120W,YLR284C,0,0.8267271,0.25289201736450195,0.7807539701461792,0.2326861470937729
YFL056C,YLR312W-A,0,0.82664067,0.2528108060359955,0.7807539701461792,0.23278622329235077
YDR005C,YDL099W,0,0.82635945,0.252729594707489,0.7807539701461792,0.23288631439208984
YOR204W,YPL042C,0,0.8261772,0.2526484727859497,0.7807539701461792,0.23298639059066772
YGR097W,YPR108W,0,0.82566726,0.2525673806667328,0.7807539701461792,0.2330864667892456
YOL113W,YML015C,0,0.8255237,0.25248637795448303,0.7807539701461792,0.2331865429878235
YDR369C,YER183C,0,0.82545847,0.2524053752422333,0.7807539701461792,0.23328663408756256
YLR347C,YBL101W-A,0,0.82482475,0.2523244619369507,0.7807539701461792,0.23338671028614044
YAR007C,YML069W,1,0.8245959,0.25256410241127014,0.7817460298538208,0.23338671028614044
YJL214W,YNL139C,0,0.8245471,0.25248318910598755,0.7817460298538208,0.23348678648471832
YNL106C,YGL143C,0,0.82401484,0.25240230560302734,0.7817460298538208,0.2335868626832962
YOR172W,YER182W,0,0.8239593,0.2523214817047119,0.7817460298538208,0.23368695378303528
YLR227W-A,YMR065W,0,0.8238342,0.25224071741104126,0.7817460298538208,0.23378702998161316
YJL174W,YNL218W,0,0.8237441,0.2521600127220154,0.7817460298538208,0.23388710618019104
YLR389C,YDL104C,0,0.8235188,0.2520793378353119,0.7817460298538208,0.23398718237876892
YML080W,YGL029W,0,0.82329017,0.2519987225532532,0.7817460298538208,0.234087273478508
YGL196W,YBR007C,0,0.8227134,0.25191816687583923,0.7817460298538208,0.23418734967708588
YBR268W,YMR199W,0,0.82248265,0.2518376410007477,0.7817460298538208,0.23428742587566376
YNL256W,YOR048C,0,0.82242835,0.2517571747303009,0.7817460298538208,0.23438751697540283
YKR099C-A,YOR070C,0,0.8219595,0.2516767680644989,0.7817460298538208,0.2344875931739807
YNL107W,YIL113W,0,0.8219231,0.2515964210033417,0.7817460298538208,0.2345876693725586
YIL119C,YNL151C,0,0.82055026,0.2515161335468292,0.7817460298538208,0.23468774557113647
YEL041W,YBL011W,0,0.8196341,0.25143587589263916,0.7817460298538208,0.23478783667087555
YNR039C,YPR137C-B,0,0.8195285,0.2513556480407715,0.7817460298538208,0.23488791286945343
YJL063C,YDL217C,0,0.8194165,0.25127550959587097,0.7817460298538208,0.2349879890680313
YNL283C,YDR410C,0,0.8191077,0.25119540095329285,0.7817460298538208,0.2350880652666092
YER143W,YER164W,1,0.8190518,0.2514340281486511,0.7827380895614624,0.2350880652666092
YJR026W,YLR240W,0,0.817909,0.251353919506073,0.7827380895614624,0.23518815636634827
YOR290C,YJR046W,1,0.8173153,0.25159236788749695,0.783730149269104,0.23518815636634827
YMR259C,YCR097WB,0,0.8170946,0.2515122592449188,0.783730149269104,0.23528823256492615
YLR182W,YNR072W,0,0.81682694,0.2514322102069855,0.783730149269104,0.23538830876350403
YPR137C-B,YDR444W,0,0.81663644,0.2513522207736969,0.783730149269104,0.2354883849620819
YJL063C,YFR043C,0,0.8164114,0.2512722611427307,0.783730149269104,0.23558847606182098
YHL020C,YGR280C,0,0.81534374,0.2511923611164093,0.783730149269104,0.23568855226039886
YOR231W,YLR312W-A,0,0.8150818,0.25111252069473267,0.783730149269104,0.23578862845897675
YJL180C,YGR074W,0,0.8149829,0.2510327398777008,0.783730149269104,0.23588870465755463
YDR393W,YGL228W,0,0.8136938,0.25095298886299133,0.783730149269104,0.2359887957572937
YML031W,YOR094W,0,0.8133827,0.25087329745292664,0.783730149269104,0.23608887195587158
YIR015W,YLR369W,0,0.812743,0.2507936656475067,0.783730149269104,0.23618894815444946
YDR296W,YLR154C,1,0.81252843,0.25103142857551575,0.7847222089767456,0.23618894815444946
YPR128C,YOR140W,0,0.8113289,0.25095176696777344,0.7847222089767456,0.23628902435302734
YDR496C,YGL236C,0,0.8111911,0.2508721947669983,0.7847222089767456,0.23638911545276642
YDR119W-A,YDL161W,0,0.81111187,0.25079265236854553,0.7847222089767456,0.2364891916513443
YFL036W,YBL060W,0,0.8107628,0.25071313977241516,0.7847222089767456,0.23658926784992218
YBL039W-A,YOR264W,0,0.8103203,0.25063371658325195,0.7847222089767456,0.23668934404850006
YOR363C,YPL083C,0,0.81005555,0.25055432319641113,0.7847222089767456,0.23678943514823914
YKR068C,YER142C,0,0.80973,0.2504749894142151,0.7847222089767456,0.23688951134681702
YIL022W,YOR171C,0,0.80939126,0.25039568543434143,0.7847222089767456,0.2369895875453949
YOL158C,YHR174W,0,0.8091232,0.25031644105911255,0.7847222089767456,0.23708967864513397
YOR142W-B,YGL254W,0,0.8083373,0.25023725628852844,0.7847222089767456,0.23718975484371185
YNL308C,YFL028C,0,0.8078905,0.2501581311225891,0.7847222089767456,0.23728983104228973
YML045W-A,YJR061W,0,0.80764854,0.25007903575897217,0.7847222089767456,0.23738990724086761
YAR042W,YBR198C,0,0.8065075,0.25,0.7847222089767456,0.2374899983406067
YEL041W,YDR166C,0,0.8061294,0.2499210089445114,0.7847222089767456,0.23759007453918457
YGR249W,YLR300W,0,0.80585444,0.2498420774936676,0.7847222089767456,0.23769015073776245
YER040W,YBL104C,0,0.80542004,0.24976317584514618,0.7847222089767456,0.23779022693634033
YDR005C,YOR039W,0,0.8052958,0.24968434870243073,0.7847222089767456,0.2378903180360794
YMR029C,YGL127C,0,0.8050192,0.24960555136203766,0.7847222089767456,0.2379903942346573
YOR343W-A,YPL148C,0,0.80455625,0.24952681362628937,0.7847222089767456,0.23809047043323517
YMR028W,YNL265C,0,0.8039352,0.24944812059402466,0.7847222089767456,0.23819054663181305
YDR170W-A,YOR026W,0,0.80386764,0.24936948716640472,0.7847222089767456,0.23829063773155212
YNR052C,YBR288C,0,0.80381167,0.24929089844226837,0.7847222089767456,0.23839071393013
YAR044W,YER146W,0,0.80357957,0.2492123544216156,0.7847222089767456,0.23849079012870789
YJL184W,YML095C,0,0.8033017,0.2491338551044464,0.7847222089767456,0.23859086632728577
YMR033W,YER061C,0,0.80131114,0.249055415391922,0.7847222089767456,0.23869095742702484
YLR227W-B,YLR403W,0,0.8009831,0.24897702038288116,0.7847222089767456,0.23879103362560272
YBR095C,YJL127C-A,0,0.80093646,0.2488986849784851,0.7847222089767456,0.2388911098241806
YJR049C,YLR011W,0,0.80082643,0.24882037937641144,0.7847222089767456,0.23899118602275848
YCL060C,YGL192W,1,0.8007427,0.2490566074848175,0.7857142686843872,0.23899118602275848
YAL008W,YFL002C,0,0.8005421,0.24897830188274384,0.7857142686843872,0.23909127712249756
YDL042C,YGL129C,0,0.800493,0.24890005588531494,0.7857142686843872,0.23919135332107544
YPR129W,YDR432W,0,0.80006903,0.24882186949253082,0.7857142686843872,0.23929142951965332
YGL124C,YGL105W,0,0.8000459,0.2487437129020691,0.7857142686843872,0.2393915206193924
YJL179W,YGR161C-D,0,0.8000102,0.24866561591625214,0.7857142686843872,0.23949159681797028
YEL041W,YFR033C,0,0.79998237,0.24858756363391876,0.7857142686843872,0.23959167301654816
YLR131C,YHR209W,0,0.7995525,0.24850957095623016,0.7857142686843872,0.23969174921512604
YLR425W,YBR198C,0,0.7992476,0.24843162298202515,0.7857142686843872,0.2397918403148651
YDL167C,YBR094W,0,0.799214,0.2483537197113037,0.7857142686843872,0.239891916513443
YBR217W,YLL012W,0,0.79885715,0.24827586114406586,0.7857142686843872,0.23999199271202087
YBL080C,YPL170W,0,0.79852736,0.24819806218147278,0.7857142686843872,0.24009206891059875
YOR197W,YPL174C,0,0.7984105,0.24812030792236328,0.7857142686843872,0.24019216001033783
YGR056W,YKL175W,0,0.797907,0.24804259836673737,0.7857142686843872,0.2402922362089157
YBL101W-B,YJL041W,0,0.7974066,0.24796493351459503,0.7857142686843872,0.2403923124074936
YML088W,YBR146W,0,0.7968082,0.24788732826709747,0.7857142686843872,0.24049238860607147
YDR176W,YNL306W,0,0.7967614,0.2478097677230835,0.7857142686843872,0.24059247970581055
YOR080W,YNL312W,1,0.79669195,0.24804504215717316,0.7867063283920288,0.24059247970581055
YDR151C,YGL236C,0,0.7966168,0.24796748161315918,0.7867063283920288,0.24069255590438843
YGR181W,YOR343W-A,0,0.79605365,0.24788996577262878,0.7867063283920288,0.2407926321029663
YIL031W,YCR106W,0,0.795913,0.24781249463558197,0.7867063283920288,0.2408927083015442
YCR038C,YDR504C,0,0.7953089,0.24773508310317993,0.7867063283920288,0.24099279940128326
YHR214C-B,YKL086W,0,0.7950427,0.24765771627426147,0.7867063283920288,0.24109287559986115
YKL058W,YNR035C,0,0.79491776,0.2475803941488266,0.7867063283920288,0.24119295179843903
YMR053C,YCL051W,0,0.7948313,0.2475031167268753,0.7867063283920288,0.2412930279970169
YDR119W-A,YMR176W,0,0.7930437,0.2474258989095688,0.7867063283920288,0.24139311909675598
YOR119C,YPL189C-A,0,0.7929376,0.24734872579574585,0.7867063283920288,0.24149319529533386
YCL060C,YNL312W,1,0.79277426,0.24758340418338776,0.7876983880996704,0.24149319529533386
YLL034C,YOR192C-B,0,0.79264486,0.24750623106956482,0.7876983880996704,0.24159327149391174
YGL258W,YDR338C,0,0.7924208,0.24742910265922546,0.7876983880996704,0.24169334769248962
YML102W,YJL127C-A,0,0.7919974,0.2473520189523697,0.7876983880996704,0.2417934387922287
YPR182W,YMR183C,0,0.79156667,0.2472749948501587,0.7876983880996704,0.24189351499080658
YHR094C,YOL019W,0,0.79085374,0.24719800055027008,0.7876983880996704,0.24199359118938446
YBR074W,YJL053W,0,0.7908422,0.24712106585502625,0.7876983880996704,0.24209368228912354
YMR212C,YJL140W,0,0.7908091,0.247044175863266,0.7876983880996704,0.24219375848770142
YDR170W-A,YOL038W,0,0.790701,0.2469673454761505,0.7876983880996704,0.2422938346862793
YPR173C,YER138C,0,0.79038835,0.24689054489135742,0.7876983880996704,0.24239391088485718
YDR264C,YOR166C,0,0.7901182,0.2468138039112091,0.7876983880996704,0.24249400198459625
YBL014C,YCL005W-A,0,0.78931856,0.24673710763454437,0.7876983880996704,0.24259407818317413
YHR085W,YPL237W,0,0.7892886,0.24666045606136322,0.7876983880996704,0.24269415438175201
YPR158W-A,YGL029W,0,0.78912884,0.24658384919166565,0.7876983880996704,0.2427942305803299
YDL085W,YJL127C-A,0,0.7878444,0.24650730192661285,0.7876983880996704,0.24289432168006897
YPR178W,YER053C-A,0,0.7878303,0.24643078446388245,0.7876983880996704,0.24299439787864685
YNL131W,YNL245C,0,0.7859959,0.24635432660579681,0.7876983880996704,0.24309447407722473
YHR199C-A,YDR348C,0,0.78519696,0.24627791345119476,0.7876983880996704,0.2431945502758026
YIL003W,YMR050C,0,0.784447,0.2462015450000763,0.7876983880996704,0.2432946413755417
YBR158W,YPR124W,0,0.78393906,0.2461252361536026,0.7876983880996704,0.24339471757411957
YCL060C,YBR100W,1,0.7834982,0.24635884165763855,0.788690447807312,0.24339471757411957
YBR098W,YAL015C,1,0.78305715,0.24659231305122375,0.7896825671195984,0.24339471757411957
YMR234W,YCL016C,1,0.78291655,0.24682563543319702,0.79067462682724,0.24339471757411957
YPR024W,YJL065C,0,0.7820946,0.24674922227859497,0.79067462682724,0.24349479377269745
YBR108W,YLR384C,0,0.781531,0.2466728538274765,0.79067462682724,0.24359486997127533
YDR079C-A,YBL003C,0,0.7814841,0.2465965300798416,0.79067462682724,0.2436949610710144
YEL007W,YKR064W,0,0.7813396,0.2465202659368515,0.79067462682724,0.24379503726959229
YDR261C-C,YFL030W,0,0.7812134,0.24644403159618378,0.79067462682724,0.24389511346817017
YER111C,YLR035C,0,0.7810326,0.24636785686016083,0.79067462682724,0.24399518966674805
YBR012W-B,YHL039W,0,0.78097075,0.24629171192646027,0.79067462682724,0.24409528076648712
YCL001W-B,YDR400W,0,0.7808385,0.24621562659740448,0.79067462682724,0.244195356965065
YGR094W,YDL117W,0,0.78081864,0.24613958597183228,0.79067462682724,0.24429543316364288
YMR053C,YCL029C,0,0.7807678,0.24606360495090485,0.79067462682724,0.24439550936222076
YOL086W-A,YDL160C-A,1,0.78058594,0.24629630148410797,0.7916666865348816,0.24439550936222076
YNL284C-A,YLR399C,0,0.77955854,0.24622030556201935,0.7916666865348816,0.24449560046195984
YKL045W,YOL004W,1,0.7791184,0.24645280838012695,0.7926587462425232,0.24449560046195984
YJR147W,YOR123C,0,0.77875155,0.24637681245803833,0.7926587462425232,0.24459567666053772
YLR312W-A,YML043C,0,0.7784292,0.2463008612394333,0.7926587462425232,0.2446957528591156
YPR158W-A,YNL113W,0,0.7782465,0.24622495472431183,0.7926587462425232,0.24479584395885468
YIL105C,YKL057C,0,0.7781424,0.24614910781383514,0.7926587462425232,0.24489592015743256
YDL087C,YBR100W,0,0.77795213,0.24607330560684204,0.7926587462425232,0.24499599635601044
YDR119W-A,YOL065C,0,0.7779044,0.24599753320217133,0.7926587462425232,0.24509607255458832
YER116C,YML058W,0,0.77659434,0.24592182040214539,0.7926587462425232,0.2451961636543274
YBL039W-A,YLR383W,0,0.7765786,0.24584615230560303,0.7926587462425232,0.24529623985290527
YLR227W-A,YPR094W,0,0.7757016,0.24577052891254425,0.7926587462425232,0.24539631605148315
YBL103C-A,YIR021W,0,0.77454895,0.24569495022296906,0.7926587462425232,0.24549639225006104
YOR229W,YBL063W,0,0.7744953,0.24561943113803864,0.7926587462425232,0.2455964833498001
YDL215C,YDL245C,0,0.774127,0.2455439418554306,0.7926587462425232,0.245696559548378
YOR188W,YJL145W,0,0.774078,0.24546851217746735,0.7926587462425232,0.24579663574695587
YMR259C,YPR158C-C,0,0.77387017,0.24539312720298767,0.7926587462425232,0.24589671194553375
YGR202C,YHR005C,0,0.77351576,0.24531777203083038,0.7926587462425232,0.24599680304527283
YHL008C,YLR337W,0,0.7723711,0.24524247646331787,0.7926587462425232,0.2460968792438507
YAL015C,YGR048W,1,0.770733,0.24547407031059265,0.7936508059501648,0.2460968792438507
YCL029C,YMR097C,0,0.770554,0.24539877474308014,0.7936508059501648,0.2461969554424286
YPL219W,YNR043W,0,0.76920646,0.2453235238790512,0.7936508059501648,0.24629703164100647
YAL023C,YFL017C,0,0.7691591,0.24524831771850586,0.7936508059501648,0.24639712274074554
YBR043C,YPL255W,0,0.7689487,0.2451731562614441,0.7936508059501648,0.24649719893932343
YGR027W-A,YGL223C,0,0.768792,0.2450980395078659,0.7936508059501648,0.2465972751379013
YLR335W,YDR414C,0,0.7684702,0.2450229674577713,0.7936508059501648,0.2466973513364792
YDR382W,YMR194C-B,0,0.76840585,0.24494795501232147,0.7936508059501648,0.24679744243621826
YER030W,YOR166C,0,0.7683031,0.24487297236919403,0.7936508059501648,0.24689751863479614
YHR050W,YGL061C,0,0.7682827,0.24479803442955017,0.7936508059501648,0.24699759483337402
YIL170W,YIL005W,0,0.76747733,0.2447231560945511,0.7936508059501648,0.2470976710319519
YDR365W-B,YNL088W,0,0.76680726,0.24464832246303558,0.7936508059501648,0.24719776213169098
YLR333C,YLR440C,0,0.76672137,0.24457351863384247,0.7936508059501648,0.24729783833026886
YHL024W,YPL181W,1,0.76658535,0.24480439722537994,0.7946428656578064,0.24729783833026886
YDR296W,YLR442C,1,0.76634943,0.24503514170646667,0.795634925365448,0.24729783833026886
YHR017W,YNL054W-A,0,0.76631457,0.24496029317378998,0.795634925365448,0.24739791452884674
YLR430W,YJL065C,0,0.7660969,0.24488548934459686,0.795634925365448,0.24749800562858582
YLR417W,YJR002W,0,0.76551414,0.24481074512004852,0.795634925365448,0.2475980818271637
YLR139C,YDR014W-A,0,0.76548964,0.24473604559898376,0.795634925365448,0.24769815802574158
YDL230W,YIR002C,0,0.7646956,0.2446613758802414,0.795634925365448,0.24779823422431946
YHL009W-A,YDR513W,0,0.76416177,0.2445867657661438,0.795634925365448,0.24789832532405853
YCL060C,YGL251C,1,0.7633266,0.2448170781135559,0.7966269850730896,0.24789832532405853
YOL054W,YOL086W-A,0,0.7630773,0.24474245309829712,0.7966269850730896,0.2479984015226364
YKL090W,YBR078W,0,0.7624952,0.2446678876876831,0.7966269850730896,0.2480984777212143
YLR443W,YMR194C-B,0,0.76191545,0.24459336698055267,0.7966269850730896,0.24819855391979218
YDR365W-A,YDR422C,0,0.76181513,0.24451887607574463,0.7966269850730896,0.24829864501953125
YBR217W,YGR206W,0,0.7616477,0.24444444477558136,0.7966269850730896,0.24839872121810913
YDR365W-B,YMR163C,0,0.76163656,0.24437005817890167,0.7966269850730896,0.248498797416687
YGR038C-B,YNL136W,0,0.76136655,0.24429571628570557,0.7966269850730896,0.2485988736152649
YHR019C,YBL101W-B,0,0.7610838,0.24422140419483185,0.7966269850730896,0.24869896471500397
YPR135W,YDL160C-A,1,0.76057655,0.24445119500160217,0.7976190447807312,0.24869896471500397
YFL002W-B,YOR336W,0,0.7596164,0.24437689781188965,0.7976190447807312,0.24879904091358185
YHR115C,YPL283C,0,0.7588257,0.2443026453256607,0.7976190447807312,0.24889911711215973
YBR234C,YCL001W-B,0,0.7581759,0.24422843754291534,0.7976190447807312,0.2489991933107376
YHR014W,YLR240W,0,0.75765055,0.24415425956249237,0.7976190447807312,0.24909928441047668
YJL127C-A,YJL056C,0,0.757513,0.24408014118671417,0.7976190447807312,0.24919936060905457
YOL023W,YJL012C-A,0,0.7567319,0.24400606751441956,0.7976190447807312,0.24929943680763245
YER140W,YDR097C,0,0.7565307,0.24393203854560852,0.7976190447807312,0.24939951300621033
YPL112C,YER175C,0,0.75650626,0.24385805428028107,0.7976190447807312,0.2494996041059494
YDR119W-A,YNL314W,0,0.75616,0.2437841147184372,0.7976190447807312,0.24959968030452728
YGR038C-B,YEL072W,0,0.75598127,0.2437102198600769,0.7976190447807312,0.24969975650310516
YNL331C,YOL093W,0,0.7554489,0.2436363697052002,0.7976190447807312,0.24979983270168304
YNL289W,YOR245C,0,0.7552609,0.24356254935264587,0.7976190447807312,0.24989992380142212
YHR204W,YDR348C,0,0.75483936,0.24348878860473633,0.7976190447807312,0.25
YLR154C,YIL131C,1,0.7544755,0.24371783435344696,0.7986111044883728,0.25
YHR111W,YLR154W-A,0,0.7540278,0.24364407360553741,0.7986111044883728,0.2501000761985779
YNL020C,YCL058W-A,0,0.7539521,0.24357034265995026,0.7986111044883728,0.25020015239715576
YPL002C,YGL145W,0,0.75363547,0.24349667131900787,0.7986111044883728,0.25030022859573364
YKL113C,YDR099W,1,0.7536157,0.24372543394565582,0.7996031641960144,0.25030022859573364
YAL048C,YMR306W,0,0.7535741,0.24365174770355225,0.7996031641960144,0.2504003345966339
YBR152W,YLR027C,0,0.7530213,0.24357812106609344,0.7996031641960144,0.2505004107952118
YMR169C,YPR056W,0,0.7526255,0.24350453913211823,0.7996031641960144,0.2506004869937897
YML127W,YCL010C,0,0.7521526,0.2434309870004654,0.7996031641960144,0.25070056319236755
YDR329C,YLR391W,0,0.75179,0.24335749447345734,0.7996031641960144,0.25080063939094543
YHR061C,YPL152W,0,0.7511899,0.24328403174877167,0.7996031641960144,0.2509007155895233
YIR007W,YBR100W,0,0.75103885,0.24321062862873077,0.7996031641960144,0.2510007917881012
YKL112W,YJR046W,1,0.7502776,0.24343891441822052,0.800595223903656,0.2510007917881012
YCL060C,YJL047C,1,0.7501225,0.24366706609725952,0.8015872836112976,0.2510007917881012
YJR052W,YOR142W-B,0,0.7493399,0.24359360337257385,0.8015872836112976,0.2511008679866791
YGR032W,YCL001W-B,0,0.74933213,0.24352020025253296,0.8015872836112976,0.25120097398757935
YOR236W,YBR233W-A,0,0.74907637,0.24344682693481445,0.8015872836112976,0.2513010501861572
YBL103C-A,YER139C,0,0.7490249,0.24337349832057953,0.8015872836112976,0.2514011263847351
YLR117C,YML069W,1,0.74815685,0.24360132217407227,0.8025793433189392,0.2514011263847351
YHR031C,YAL005C,0,0.74814576,0.24352799355983734,0.8025793433189392,0.251501202583313
YPL027W,YDR261C-D,0,0.74754536,0.243454709649086,0.8025793433189392,0.25160127878189087
YCR066W,YJR013W,0,0.7470995,0.24338147044181824,0.8025793433189392,0.25170135498046875
YLR453C,YHR165C,0,0.7465917,0.24330827593803406,0.8025793433189392,0.25180143117904663
YGR271W,YKR058W,0,0.7465208,0.24323511123657227,0.8025793433189392,0.2519015073776245
YOR068C,YKR026C,0,0.7459933,0.24316200613975525,0.8025793433189392,0.2520016133785248
YER053C-A,YDR178W,0,0.7455981,0.24308894574642181,0.8025793433189392,0.25210168957710266
YFR040W,YJR051W,0,0.74552774,0.24301591515541077,0.8025793433189392,0.25220176577568054
YCL008C,YPL065W,0,0.7448452,0.2429429441690445,0.8025793433189392,0.2523018419742584
YLR389C,YPR032W,0,0.74395305,0.2428700029850006,0.8025793433189392,0.2524019181728363
YGL172W,YJL127C-A,0,0.7427069,0.2427971214056015,0.8025793433189392,0.2525019943714142
YMR025W,YAR014C,0,0.74244124,0.24272426962852478,0.8025793433189392,0.25260207056999207
YPL060C-A,YLR271W,0,0.7418241,0.24265146255493164,0.8025793433189392,0.25270217657089233
YNL230C,YLR206W,0,0.7408392,0.24257871508598328,0.8025793433189392,0.2528022527694702
YBR192W,YLR059C,0,0.7406476,0.2425059974193573,0.8025793433189392,0.2529023289680481
YPR116W,YHR199C-A,0,0.7399991,0.2424333244562149,0.8025793433189392,0.253002405166626
YMR175W,YLR422W,0,0.739056,0.2423606961965561,0.8025793433189392,0.25310248136520386
YPL060C-A,YLR063W,0,0.7385951,0.24228811264038086,0.8025793433189392,0.25320255756378174
YGL201C,YDL160C-A,1,0.7383798,0.242514967918396,0.8035714030265808,0.25320255756378174
YDR365W-B,YNL166C,0,0.7381533,0.24244238436222076,0.8035714030265808,0.2533026337623596
YHR039C-B,YLR386W,0,0.73728126,0.2423698455095291,0.8035714030265808,0.2534027099609375
YKL025C,YGR031C-A,0,0.7372661,0.24229733645915985,0.8035714030265808,0.25350281596183777
YKL112W,YDL160C-A,1,0.73713905,0.2425239235162735,0.8045634627342224,0.25350281596183777
YDR296W,YNL261W,1,0.737091,0.2427503764629364,0.8055555820465088,0.25350281596183777
YJL069C,YLR298C,0,0.7370716,0.24267782270908356,0.8055555820465088,0.25360289216041565
YBL080C,YDR210C-C,0,0.7364959,0.2426053136587143,0.8055555820465088,0.25370296835899353
YFL049W,YOR208W,0,0.7364527,0.2425328493118286,0.8055555820465088,0.2538030445575714
YDR350C,YGL041C-B,0,0.73644704,0.2424604296684265,0.8055555820465088,0.2539031207561493
YMR045C,YNR047W,0,0.73642075,0.242388054728508,0.8055555820465088,0.2540031969547272
YJL133C-A,YMR322C,0,0.7361486,0.24231572449207306,0.8055555820465088,0.25410327315330505
YOL148C,YCL048W-A,0,0.7360819,0.2422434389591217,0.8055555820465088,0.25420334935188293
YGR288W,YBL035C,0,0.735797,0.24217118322849274,0.8055555820465088,0.2543034553527832
YFL002W-B,YPL265W,0,0.73574495,0.24209898710250854,0.8055555820465088,0.2544035315513611
YMR059W,YCR040W,0,0.7351994,0.24202682077884674,0.8055555820465088,0.25450360774993896
YGR046W,YOR020W-A,0,0.73485976,0.2419547140598297,0.8055555820465088,0.25460368394851685
YMR217W,YCR102C,0,0.734745,0.24188263714313507,0.8055555820465088,0.2547037601470947
YOR384W,YGL041C-B,0,0.7346118,0.241810604929924,0.8055555820465088,0.2548038363456726
YLR018C,YOR354C,0,0.73459476,0.24173861742019653,0.8055555820465088,0.2549039125442505
YMR081C,YJR010C-A,0,0.73443145,0.24166665971279144,0.8055555820465088,0.25500398874282837
YHR039C-A,YMR218C,0,0.7343578,0.24159476161003113,0.8055555820465088,0.25510409474372864
YDR098C-B,YGR250C,0,0.7337931,0.2415229082107544,0.8055555820465088,0.2552041709423065
YBL039W-B,YMR148W,0,0.7337098,0.24145108461380005,0.8055555820465088,0.2553042471408844
YFR013W,YKL071W,0,0.73363405,0.24137930572032928,0.8055555820465088,0.2554043233394623
YDR522C,YBL069W,0,0.73359203,0.2413075715303421,0.8055555820465088,0.25550439953804016
YJL204C,YGR204W,0,0.73344535,0.2412358820438385,0.8055555820465088,0.25560447573661804
YER014W,YGR161C-D,0,0.7334427,0.24116423726081848,0.8055555820465088,0.2557045519351959
YOR189W,YDR486C,0,0.73336643,0.24109263718128204,0.8055555820465088,0.2558046579360962
YHR005C-A,YDR524C-B,0,0.7329894,0.2410210818052292,0.8055555820465088,0.2559047341346741
YPR036W-A,YPL186C,0,0.7328727,0.24094955623149872,0.8055555820465088,0.25600481033325195
YJL133C-A,YBR125C,0,0.7321856,0.24087807536125183,0.8055555820465088,0.25610488653182983
YNL108C,YKR007W,0,0.7321072,0.24080663919448853,0.8055555820465088,0.2562049627304077
YDR109C,YGR031C-A,0,0.7320397,0.2407352477312088,0.8055555820465088,0.2563050389289856
YDR333C,YOL103W-A,0,0.73193127,0.24066390097141266,0.8055555820465088,0.2564051151275635
YKL042W,YBL008W-A,0,0.7319161,0.2405925989151001,0.8055555820465088,0.25650519132614136
YGR278W,YNL231C,0,0.73146087,0.24052132666110992,0.8055555820465088,0.2566052973270416
YNL156C,YBR196C-A,0,0.73117554,0.24045009911060333,0.8055555820465088,0.2567053735256195
YMR136W,YLR457C,0,0.73094076,0.24037891626358032,0.8055555820465088,0.2568054497241974
YJL162C,YKR021W,0,0.73084575,0.2403077781200409,0.8055555820465088,0.25690552592277527
YBR100W,YDR217C,1,0.7307387,0.2405325472354889,0.8065476417541504,0.25690552592277527
YOR181W,YKL065W-A,0,0.73033005,0.24046140909194946,0.8065476417541504,0.25700560212135315
YKL130C,YOR020W-A,0,0.7302602,0.24039030075073242,0.8065476417541504,0.25710567831993103
YGR169C-C,YBR017C,0,0.73024935,0.24031923711299896,0.8065476417541504,0.2572057545185089
YHR191C,YDL160C-A,1,0.73007137,0.24054373800754547,0.807539701461792,0.2572057545185089
YFR024C-A,YBL008W-A,0,0.7300546,0.240472674369812,0.807539701461792,0.2573058307170868
YBR210W,YBR037C,0,0.72984177,0.24040165543556213,0.807539701461792,0.25740593671798706
YLR227W-A,YPL056C,0,0.7297712,0.24033068120479584,0.807539701461792,0.25750601291656494
YPR170W-B,YLR188W,0,0.72976017,0.24025973677635193,0.807539701461792,0.2576060891151428
YGR038C-A,YGR110W,0,0.7296495,0.2401888519525528,0.807539701461792,0.2577061653137207
YIL102C-A,YLR312W-A,0,0.7295683,0.24011799693107605,0.807539701461792,0.2578062415122986
YER140W,YPR036W-A,0,0.728934,0.24004718661308289,0.807539701461792,0.25790631771087646
YMR065W,YLR452C,0,0.728888,0.2399764209985733,0.807539701461792,0.25800639390945435
YAR066W,YIL102C-A,0,0.7287335,0.2399056851863861,0.807539701461792,0.2581064999103546
YBR111W-A,YDL124W,0,0.7284822,0.2398350089788437,0.807539701461792,0.2582065761089325
YER140W,YEL036C,0,0.72832966,0.23976436257362366,0.807539701461792,0.2583066523075104
YOR267C,YOR032W-A,0,0.7281833,0.2396937608718872,0.807539701461792,0.25840672850608826
YCR028C-A,YDR524C-B,0,0.72816485,0.23962320387363434,0.807539701461792,0.25850680470466614
YDR210W-B,YLR299W,0,0.7281504,0.23955267667770386,0.807539701461792,0.258606880903244
YHR084W,YPL115C,0,0.7269439,0.23948219418525696,0.807539701461792,0.2587069571018219
YOR343C-B,YDR160W,0,0.72690755,0.23941177129745483,0.807539701461792,0.2588070333003998
YLR072W,YOR343C-A,0,0.72690755,0.2393413633108139,0.807539701461792,0.25890713930130005
YCL001W-B,YCL012W,0,0.72690755,0.23927101492881775,0.807539701461792,0.25900721549987793
YCR070W,YDR210C-C,0,0.72690755,0.23920071125030518,0.807539701461792,0.2591072916984558
YCR096C,YDR210W-C,0,0.72690755,0.239130437374115,0.807539701461792,0.2592073678970337
YDR372C,YDR210W-D,0,0.72690755,0.2390602082014084,0.807539701461792,0.2593074440956116
YGR141W,YOR343C-B,0,0.72690755,0.23899002373218536,0.807539701461792,0.25940752029418945
YBL103C-A,YBR012W-B,0,0.72690755,0.23891986906528473,0.807539701461792,0.25950759649276733
YBL039W-B,YPL257W-A,0,0.72690755,0.23884975910186768,0.807539701461792,0.2596076726913452
YCL027C-A,YOR378W,0,0.72690755,0.2387796938419342,0.807539701461792,0.2597077786922455
YOR343C-B,YAL051W,0,0.72690755,0.23870967328548431,0.807539701461792,0.25980785489082336
YOR116C,YAR070W-A,0,0.72690755,0.238639697432518,0.807539701461792,0.25990793108940125
YGL051W,YDR210W-C,0,0.72690755,0.23856975138187408,0.807539701461792,0.2600080072879791
YHR214W-G,YDL141W,0,0.72690755,0.23849985003471375,0.807539701461792,0.260108083486557
YBR219C,YFL018W-A,0,0.72690755,0.238429993391037,0.807539701461792,0.2602081596851349
YBR196C-A,YDR210W-C,0,0.72690755,0.2383601814508438,0.807539701461792,0.26030823588371277
YAR070W-A,YCL001W-B,0,0.72690755,0.23829039931297302,0.807539701461792,0.26040831208229065
YHR081W,YDR210W-C,0,0.72690755,0.23822066187858582,0.807539701461792,0.2605084180831909
YBL100W-A,YCR070W,0,0.72690755,0.2381509691476822,0.807539701461792,0.2606084942817688
YDL144C,YCL003W,0,0.72690755,0.23808130621910095,0.807539701461792,0.2607085704803467
YBR233W-A,YDR098C-A,0,0.72690755,0.2380117028951645,0.807539701461792,0.26080864667892456
YPR011C,YJL127C-A,0,0.72690755,0.23794212937355042,0.807539701461792,0.26090872287750244
YHR214W-G,YPL259C,0,0.72690755,0.23787258565425873,0.807539701461792,0.2610087990760803
YBR219C,YFL011W-A,0,0.72690755,0.23780310153961182,0.807539701461792,0.2611088752746582
YPL264C,YCR029C-A,0,0.72690755,0.2377336472272873,0.807539701461792,0.26120898127555847
YNL014W,YAR070W-A,0,0.72690755,0.23766423761844635,0.807539701461792,0.26130905747413635
YNL213C,YJR107C-A,0,0.72690755,0.2375948578119278,0.807539701461792,0.26140913367271423
YIL011W,YOR343C-A,0,0.72690755,0.23752553761005402,0.807539701461792,0.2615092098712921
YOL054W,YHR214W-G,0,0.72690755,0.23745624721050262,0.807539701461792,0.26160928606987
YEL004W,YOR343C-A,0,0.72690755,0.23738698661327362,0.807539701461792,0.2617093622684479
YLR295C,YOR343C-B,0,0.72690755,0.2373177856206894,0.807539701461792,0.26180943846702576
YHR021C,YOR343C-B,0,0.72690755,0.23724861443042755,0.807539701461792,0.26190951466560364
YGR169C-C,YLR345W,0,0.72690755,0.2371794879436493,0.807539701461792,0.2620096206665039
YJR107C-A,YKR070W,0,0.72690755,0.23711040616035461,0.807539701461792,0.2621096968650818
YCL062W,YDR034W-B,0,0.72690755,0.23704135417938232,0.807539701461792,0.26220977306365967
YGR027W-B,YHR214W-G,0,0.72690755,0.23697234690189362,0.807539701461792,0.26230984926223755
YOL053C-A,YLR243W,0,0.72690755,0.2369033694267273,0.807539701461792,0.26240992546081543
YJR107C-A,YBL079W,0,0.72690755,0.23683445155620575,0.807539701461792,0.2625100016593933
YHR214W-G,YDR225W,0,0.72690755,0.2367655634880066,0.807539701461792,0.2626100778579712
YLR212C,YOR343C-A,0,0.72690755,0.23669672012329102,0.807539701461792,0.2627101540565491
YHR173C,YCR029C-A,0,0.72690755,0.23662790656089783,0.807539701461792,0.26281026005744934
YJR107C-A,YNL315C,0,0.72690755,0.23655913770198822,0.807539701461792,0.2629103362560272
YJL101C,YIL156W-B,0,0.7266567,0.2364904135465622,0.807539701461792,0.2630104124546051
YBR253W,YKL029C,0,0.72626096,0.23642171919345856,0.807539701461792,0.263110488653183
YBR208C,YPR036W-A,0,0.72603583,0.2363530844449997,0.807539701461792,0.26321056485176086
YGR020C,YDR210C-C,0,0.7259833,0.23628446459770203,0.807539701461792,0.26331064105033875
YOL154W,YMR128W,0,0.72579545,0.23621590435504913,0.807539701461792,0.2634107172489166
YCL066W,YPR036W-A,0,0.7257952,0.23614737391471863,0.807539701461792,0.2635108232498169
YHR098C,YOR038C,0,0.72467035,0.2360788881778717,0.807539701461792,0.2636108994483948
YMR247C,YOR020W-A,0,0.72455376,0.23601043224334717,0.807539701461792,0.26371097564697266
YBR085W,YCL045C,0,0.72449577,0.2359420359134674,0.807539701461792,0.26381105184555054
YHR079C-B,YOR079C,0,0.7243727,0.23587365448474884,0.807539701461792,0.2639111280441284
YMR099C,YNL138W-A,0,0.7243007,0.23580533266067505,0.807539701461792,0.2640112042427063
YOL138C,YGR272C,0,0.7240655,0.23573704063892365,0.807539701461792,0.2641112804412842
YBL020W,YOR032W-A,0,0.72402185,0.23566879332065582,0.807539701461792,0.26421135663986206
YPR170W-B,YMR088C,0,0.72402185,0.2356005758047104,0.807539701461792,0.26431146264076233
YLR110C,YOR032W-A,0,0.72374564,0.23553240299224854,0.807539701461792,0.2644115388393402
YDR145W,YFL022C,0,0.7235348,0.23546427488327026,0.807539701461792,0.2645116150379181
YAR007C,YKL069W,0,0.72338086,0.23539617657661438,0.807539701461792,0.26461169123649597
YOR378W,YMR194C-B,0,0.7229205,0.23532812297344208,0.807539701461792,0.26471176743507385
YPR137C-A,YER180C,0,0.7229007,0.23526011407375336,0.807539701461792,0.26481184363365173
YOL146W,YIL066C,1,0.72284186,0.23548106849193573,0.8085317611694336,0.26481184363365173
YDR524C-B,YNL317W,0,0.7226365,0.235413059592247,0.8085317611694336,0.2649119198322296
YBL035C,YCL045C,0,0.7223124,0.23534508049488068,0.8085317611694336,0.2650119960308075
YKL091C,YBR200W-A,0,0.7222198,0.23527713119983673,0.8085317611694336,0.26511210203170776
YHL009C,YER102W,0,0.72208256,0.23520924150943756,0.8085317611694336,0.26521217823028564
YER111C,YFL002W-A,0,0.72203964,0.23514136672019958,0.8085317611694336,0.2653122544288635
YFL027C,YOR046C,0,0.72202766,0.23507355153560638,0.8085317611694336,0.2654123306274414
YOR371C,YIL102C-A,0,0.72172433,0.23500576615333557,0.8085317611694336,0.2655124068260193
YLR423C,YOR140W,0,0.7215285,0.23493802547454834,0.8085317611694336,0.26561248302459717
YBR012W-B,YFL006W,0,0.7214995,0.2348703145980835,0.8085317611694336,0.26571255922317505
YML075C,YDR405W,0,0.7210217,0.23480264842510223,0.8085317611694336,0.26581263542175293
YDR508C,YKL065W-A,0,0.72070664,0.23473502695560455,0.8085317611694336,0.2659127414226532
YOL003C,YGL041C-B,0,0.72068423,0.23466743528842926,0.8085317611694336,0.2660128176212311
YDR210W-B,YLR461W,0,0.7206729,0.23459988832473755,0.8085317611694336,0.26611289381980896
YJR032W,YDR207C,0,0.7206093,0.23453237116336823,0.8085317611694336,0.26621297001838684
YBR175W,YCR097W,0,0.7205728,0.23446489870548248,0.8085317611694336,0.2663130462169647
YER145C,YBR196C-A,0,0.7204705,0.23439747095108032,0.8085317611694336,0.2664131224155426
YPR137C-A,YJR022W,0,0.72041434,0.23433007299900055,0.8085317611694336,0.2665131986141205
YJR155W,YBR060C,0,0.7203593,0.23426271975040436,0.8085317611694336,0.26661330461502075
YGL006W,YBR200W-A,0,0.7201255,0.23419539630413055,0.8085317611694336,0.26671338081359863
YFL001W,YIL084C,0,0.71999687,0.23412811756134033,0.8085317611694336,0.2668134570121765
YCR052W,YNL117W,0,0.71949416,0.2340608835220337,0.8085317611694336,0.2669135332107544
YGR161C-C,YIL042C,0,0.7194454,0.23399367928504944,0.8085317611694336,0.2670136094093323
YML045W,YCL005W-A,0,0.7189899,0.23392651975154877,0.8085317611694336,0.26711368560791016
YKL108W,YOR020W-A,0,0.7189799,0.23385939002037048,0.8085317611694336,0.26721376180648804
YJR045C,YDR436W,0,0.71879894,0.23379230499267578,0.8085317611694336,0.2673138380050659
YJL133C-A,YDR062W,0,0.71879804,0.23372526466846466,0.8085317611694336,0.2674139440059662
YBR245C,YGL186C,0,0.71868145,0.23365825414657593,0.8085317611694336,0.26751402020454407
YDR416W,YKR059W,0,0.7185442,0.23359128832817078,0.8085317611694336,0.26761409640312195
YER048C,YPR030W,0,0.7182651,0.233524352312088,0.8085317611694336,0.26771417260169983
YPR011C,YBL101W-B,0,0.7177184,0.23345746099948883,0.8085317611694336,0.2678142488002777
YOR005C,YDR210W-A,0,0.7174542,0.23339061439037323,0.8085317611694336,0.2679143249988556
YPL206C,YOR067C,0,0.71738845,0.23332379758358002,0.8085317611694336,0.26801440119743347
YGR161C-D,YOR020W-A,0,0.7173682,0.2332570105791092,0.8085317611694336,0.26811447739601135
YLR192C,YDR106W,0,0.71720374,0.23319026827812195,0.8085317611694336,0.2682145833969116
YER114C,YBL008W-A,0,0.7171815,0.2331235706806183,0.8085317611694336,0.2683146595954895
YDR037W,YDR014W-A,0,0.71621764,0.233056902885437,0.8085317611694336,0.2684147357940674
YDR069C,YNL261W,1,0.716212,0.2332761585712433,0.8095238208770752,0.2684147357940674
YHR184W,YPL275W,0,0.71616596,0.233209490776062,0.8095238208770752,0.26851481199264526
YMR256C,YDR524C-B,0,0.7158638,0.23314285278320312,0.8095238208770752,0.26861488819122314
YDR524C-B,YGR280C,0,0.71583337,0.23307625949382782,0.8095238208770752,0.268714964389801
YOR032W-A,YDR367W,0,0.715108,0.2330097109079361,0.8095238208770752,0.2688150405883789
YOR267C,YAL013W,0,0.7149772,0.23294319212436676,0.8095238208770752,0.2689151465892792
YKL002W,YCL012W,0,0.7147323,0.232876718044281,0.8095238208770752,0.26901522278785706
YKL023W,YDR173C,0,0.7145397,0.23281027376651764,0.8095238208770752,0.26911529898643494
YOL070C,YOR032W-A,0,0.7143243,0.23274387419223785,0.8095238208770752,0.2692153751850128
YNL054W-A,YDR322W,0,0.71343404,0.23267750442028046,0.8095238208770752,0.2693154513835907
YMR234W,YDL160C-A,1,0.71340984,0.23289623856544495,0.8105158805847168,0.2693154513835907
YDR365W-B,YDR016C,0,0.71297413,0.23282986879348755,0.8105158805847168,0.2694155275821686
YLR099W-A,YGR185C,0,0.7127999,0.23276352882385254,0.8105158805847168,0.26951560378074646
YJL113W,YLR099W-A,0,0.7124924,0.2326972335577011,0.8105158805847168,0.26961567997932434
YFL038C,YJL065C,0,0.71196467,0.23263098299503326,0.8105158805847168,0.2697157859802246
YDR308C,YBR196C-A,0,0.71194655,0.2325647622346878,0.8105158805847168,0.2698158621788025
YAR008W,YOR032W-A,0,0.71192527,0.23249857127666473,0.8105158805847168,0.26991593837738037
YDR503C,YHL009W-B,0,0.71189183,0.23243242502212524,0.8105158805847168,0.27001601457595825
YBR245C,YOL065C,0,0.71187407,0.23236632347106934,0.8105158805847168,0.27011609077453613
YLR452C,YBL101W-A,0,0.71167046,0.23230025172233582,0.8105158805847168,0.270216166973114
YAL067C,YHR214C-C,0,0.71148604,0.23223422467708588,0.8105158805847168,0.2703162431716919
YCL005W-A,YMR024W,0,0.7103941,0.23216822743415833,0.8105158805847168,0.2704163193702698
YKL110C,YJL204C,0,0.71015316,0.23210227489471436,0.8105158805847168,0.27051642537117004
YJL047C,YKL112W,1,0.7095694,0.2323203682899475,0.8115079402923584,0.27051642537117004
YCL005W,YPR036W-A,0,0.70924956,0.23225440084934235,0.8115079402923584,0.2706165015697479
YDR119W-A,YFL034W,0,0.7091179,0.23218847811222076,0.8115079402923584,0.2707165777683258
YOR020W-A,YIL107C,0,0.70907575,0.23212258517742157,0.8115079402923584,0.2708166539669037
YDL108W,YLR073C,0,0.7087293,0.23205673694610596,0.8115079402923584,0.27091673016548157
YLR016C,YPL193W,0,0.708536,0.23199091851711273,0.8115079402923584,0.27101680636405945
YDR461W,YLR221C,0,0.70834416,0.2319251447916031,0.8115079402923584,0.27111688256263733
YOR090C,YCL048W-A,0,0.7078361,0.23185941576957703,0.8115079402923584,0.2712169587612152
YGR294W,YOR032W-A,0,0.7077611,0.23179371654987335,0.8115079402923584,0.2713170647621155
YLR116W,YMR323W,0,0.70769554,0.23172804713249207,0.8115079402923584,0.27141714096069336
YMR194C-B,YJR161C,0,0.70732635,0.23166242241859436,0.8115079402923584,0.27151721715927124
YDR474C,YDL207W,0,0.7069313,0.23159682750701904,0.8115079402923584,0.2716172933578491
YOR032W-A,YPL059W,0,0.7069298,0.2315312772989273,0.8115079402923584,0.271717369556427
YDR098C-B,YOR061W,0,0.7068303,0.23146575689315796,0.8115079402923584,0.2718174457550049
YLL015W,YBR196C-A,0,0.7067191,0.2314002811908722,0.8115079402923584,0.27191752195358276
YBL103C-A,YER004W,0,0.70650357,0.2313348352909088,0.8115079402923584,0.27201762795448303
YCR066W,YPR170W-B,0,0.70618933,0.23126943409442902,0.8115079402923584,0.2721177041530609
YGR061C,YIL102C-A,0,0.70592916,0.2312040627002716,0.8115079402923584,0.2722177803516388
YOR249C,YPL053C,0,0.70567703,0.23113873600959778,0.8115079402923584,0.2723178565502167
YOR343W-A,YGL240W,0,0.7055193,0.23107343912124634,0.8115079402923584,0.27241793274879456
YLR225C,YPR170W-B,0,0.7054076,0.23100818693637848,0.8115079402923584,0.27251800894737244
YEL021W,YOR206W,0,0.7052006,0.230942964553833,0.8115079402923584,0.2726180851459503
YPR158C-C,YOR076C,0,0.70509714,0.23087778687477112,0.8115079402923584,0.2727181613445282
YHR039C-B,YPL216W,0,0.7048343,0.23081263899803162,0.8115079402923584,0.27281826734542847
YDL241W,YJL157C,0,0.70395786,0.2307475358247757,0.8115079402923584,0.27291834354400635
YOL120C,YOR216C,0,0.70371187,0.23068246245384216,0.8115079402923584,0.27301841974258423
YFR042W,YGR113W,0,0.7034791,0.23061741888523102,0.8115079402923584,0.2731184959411621
YCL001W-A,YKR095W-A,0,0.70323306,0.23055242002010345,0.8115079402923584,0.27321857213974
YDR263C,YMR322C,0,0.7031684,0.23048746585845947,0.8115079402923584,0.27331864833831787
YDL160C-A,YBR202W,1,0.70316607,0.23070421814918518,0.8125,0.27331864833831787
YCR002C,YOR048C,0,0.70313877,0.2306392639875412,0.8125,0.27341872453689575
YBR191W,YCL048W-A,0,0.7030135,0.2305743247270584,0.8125,0.27351880073547363
YDR069C,YLR321C,1,0.70277005,0.2307908833026886,0.8134920597076416,0.27351880073547363
YHL024W,YKL045W,1,0.7026341,0.23100732266902924,0.8144841194152832,0.27351880073547363
YOR035C,YLR115W,0,0.7021098,0.23094233870506287,0.8144841194152832,0.2736189067363739
YNL008C,YBL034C,0,0.7015112,0.23087738454341888,0.8144841194152832,0.2737189829349518
YJL101C,YBR196C-A,0,0.701464,0.23081247508525848,0.8144841194152832,0.27381905913352966
YNR011C,YOL065C,0,0.70126754,0.23074761033058167,0.8144841194152832,0.27391913533210754
YGR169C-C,YLR209C,0,0.70107,0.23068277537822723,0.8144841194152832,0.2740192115306854
YKL149C,YBL101W-A,0,0.7008932,0.2306179702281952,0.8144841194152832,0.2741192877292633
YPR107C,YPL148C,0,0.70085055,0.23055320978164673,0.8144841194152832,0.2742193639278412
YBR128C,YNL323W,0,0.70042896,0.23048849403858185,0.8144841194152832,0.27431946992874146
YGR120C,YDL194W,0,0.70028615,0.23042379319667816,0.8144841194152832,0.27441954612731934
YER053C-A,YLR193C,0,0.7002363,0.23035915195941925,0.8144841194152832,0.2745196223258972
YCL060C,YPL167C,1,0.69986737,0.23057503998279572,0.8154761791229248,0.2745196223258972
YBR073W,YGR085C,0,0.69975096,0.23051036894321442,0.8154761791229248,0.2746196985244751
YOR396W,YMR310C,0,0.69965243,0.2304457575082779,0.8154761791229248,0.274719774723053
YPL214C,YDR098C-A,0,0.69946826,0.23038116097450256,0.8154761791229248,0.27481985092163086
YKL090W,YDR414C,0,0.6989407,0.23031660914421082,0.8154761791229248,0.27491992712020874
YEL005C,YGR075C,0,0.6988571,0.23025210201740265,0.8154761791229248,0.2750200033187866
YOL021C,YIL062C,0,0.6987977,0.23018762469291687,0.8154761791229248,0.2751201093196869
YKL156W,YGL041C-B,0,0.69851506,0.23012317717075348,0.8154761791229248,0.27522018551826477
YCL001W,YLR154W-A,0,0.69832426,0.23005877435207367,0.8154761791229248,0.27532026171684265
YKL099C,YOR045W,0,0.6979844,0.22999440133571625,0.8154761791229248,0.27542033791542053
YPR109W,YBL008W-A,0,0.6979558,0.2299300730228424,0.8154761791229248,0.2755204141139984
YLR135W,YDL160C-A,1,0.69773096,0.2301454097032547,0.8164682388305664,0.2755204141139984
YDR206W,YFL002W-A,0,0.6976456,0.23008106648921967,0.8164682388305664,0.2756204903125763
YPL095C,YBR127C,0,0.69749343,0.2300167679786682,0.8164682388305664,0.2757205665111542
YGL243W,YDL195W,0,0.69732374,0.22995249927043915,0.8164682388305664,0.27582064270973206
YOR371C,YFR010W,0,0.6972775,0.22988827526569366,0.8164682388305664,0.2759207487106323
YLL038C,YNL110C,0,0.6970957,0.22982406616210938,0.8164682388305664,0.2760208249092102
YBR059C,YGL223C,0,0.696792,0.22975991666316986,0.8164682388305664,0.2761209011077881
YLR173W,YPL275W,0,0.6964021,0.22969578206539154,0.8164682388305664,0.27622097730636597
YDR261C-C,YDL149W,0,0.69626623,0.2296316921710968,0.8164682388305664,0.27632105350494385
YIL102C-A,YGL137W,0,0.69549394,0.22956764698028564,0.8164682388305664,0.27642112970352173
YLR406C,YKL065W-A,0,0.6943076,0.22950363159179688,0.8164682388305664,0.2765212059020996
YBL103C-A,YER083C,0,0.69427097,0.2294396460056305,0.8164682388305664,0.2766213119029999
YIR034C,YCL001W-B,0,0.6940763,0.2293756902217865,0.8164682388305664,0.27672138810157776
YCL058W-A,YGL082W,0,0.6936082,0.2293117791414261,0.8164682388305664,0.27682146430015564
YDR066C,YLR141W,0,0.6929786,0.22924791276454926,0.8164682388305664,0.2769215404987335
YOR274W,YNR041C,0,0.6928035,0.2291840761899948,0.8164682388305664,0.2770216166973114
YPR158W-B,YMR084W,0,0.6923321,0.22912026941776276,0.8164682388305664,0.2771216928958893
YKL049C,YPL257W-B,0,0.69209564,0.2290564924478531,0.8164682388305664,0.27722176909446716
YJL133C-A,YMR267W,0,0.69170123,0.228992760181427,0.8164682388305664,0.27732184529304504
YDL160C-A,YNL068C,1,0.69167817,0.22920723259449005,0.817460298538208,0.27732184529304504
YGR161W-B,YGL029W,0,0.6908221,0.22914348542690277,0.817460298538208,0.2774219512939453
YBR023C,YBR271W,0,0.6899572,0.22907978296279907,0.817460298538208,0.2775220274925232
YPL200W,YGL041C-B,0,0.6890735,0.22901612520217896,0.817460298538208,0.2776221036911011
YPL150W,YNL054W-B,0,0.68792874,0.22895248234272003,0.817460298538208,0.27772217988967896
YER095W,YDL160C-A,1,0.6879269,0.2291666716337204,0.8184523582458496,0.27772217988967896
YDL160C-A,YER133W,1,0.6878527,0.22938072681427002,0.8194444179534912,0.27772217988967896
YMR013C,YNL054W-B,0,0.6876357,0.22931703925132751,0.8194444179534912,0.27782225608825684
YMR194C-B,YOR298C-A,0,0.6873581,0.2292533963918686,0.8194444179534912,0.2779223322868347
YMR210W,YHR199C-A,0,0.68720734,0.22918978333473206,0.8194444179534912,0.2780224084854126
YGL219C,YBL101W-A,0,0.68703794,0.2291262149810791,0.8194444179534912,0.2781224846839905
YJR067C,YLR057W,0,0.6868185,0.22906267642974854,0.8194444179534912,0.27822259068489075
YOL156W,YDR512C,0,0.6858286,0.22899916768074036,0.8194444179534912,0.27832266688346863
YFL001W,YPR036W-A,0,0.68548113,0.22893570363521576,0.8194444179534912,0.2784227430820465
YOR037W,YJR112W-A,0,0.6848924,0.22887226939201355,0.8194444179534912,0.2785228192806244
YBR002C,YGR262C,0,0.68458265,0.22880886495113373,0.8194444179534912,0.27862289547920227
YPR056W,YHL009W-B,0,0.6841218,0.2287455052137375,0.8194444179534912,0.27872297167778015
YOL043C,YDR324C,0,0.68397325,0.22868217527866364,0.8194444179534912,0.27882304787635803
YGR038C-A,YMR212C,0,0.6839053,0.22861887514591217,0.8194444179534912,0.2789231240749359
YPR036W-A,YCL063W,0,0.68378836,0.2285556197166443,0.8194444179534912,0.2790232300758362
YNR058W,YBR200W-A,0,0.68317074,0.2284923940896988,0.8194444179534912,0.27912330627441406
YPR158W-B,YBL107C,0,0.6831326,0.22842919826507568,0.8194444179534912,0.27922338247299194
YPR019W,YDR406W,0,0.68267983,0.22836604714393616,0.8194444179534912,0.2793234586715698
YGR038C-A,YGR211W,0,0.6825202,0.22830292582511902,0.8194444179534912,0.2794235348701477
YDR069C,YMR190C,1,0.6825093,0.22851616144180298,0.8204365372657776,0.2794235348701477
YBL103C-A,YBR006W,0,0.68238294,0.22845304012298584,0.8204365372657776,0.2795236110687256
YDL231C,YER030W,0,0.6822673,0.2283899486064911,0.8204365372657776,0.27962368726730347
YPL052W-A,YPL244C,0,0.6820044,0.22832688689231873,0.8204365372657776,0.27972379326820374
YBR029C,YDR365W-A,0,0.6818985,0.22826386988162994,0.8204365372657776,0.2798238694667816
YGL194C,YML118W,0,0.6816142,0.22820088267326355,0.8204365372657776,0.2799239456653595
YLR172C,YOR192C-B,0,0.68098986,0.22813792526721954,0.8204365372657776,0.2800240218639374
YPL096C-A,YPR017C,0,0.68067485,0.22807501256465912,0.8204365372657776,0.28012409806251526
YDR381W,YLR102C,0,0.6795208,0.22801212966442108,0.8204365372657776,0.28022417426109314
YBR058C-A,YPL275W,0,0.67945796,0.22794927656650543,0.8204365372657776,0.280324250459671
YNL062C,YIL049W,0,0.67919284,0.22788646817207336,0.8204365372657776,0.2804243266582489
YGR052W,YGL135W,0,0.67858475,0.22782368957996368,0.8204365372657776,0.28052443265914917
YML029W,YPR036W-A,0,0.67850447,0.2277609407901764,0.8204365372657776,0.28062450885772705
YMR194C-B,YML112W,0,0.67832416,0.22769823670387268,0.8204365372657776,0.28072458505630493
YBR150C,YML045W-A,0,0.6780862,0.22763556241989136,0.8204365372657776,0.2808246612548828
YOR171C,YKR104W,0,0.6778164,0.22757291793823242,0.8204365372657776,0.2809247374534607
YKL173W,YIL102C-A,0,0.67781115,0.22751031816005707,0.8204365372657776,0.2810248136520386
YER118C,YKR068C,0,0.67713314,0.2274477481842041,0.8204365372657776,0.28112488985061646
YCL010C,YNL315C,0,0.6771036,0.22738520801067352,0.8204365372657776,0.28122496604919434
YJR045C,YBR196C-A,0,0.6768255,0.22732269763946533,0.8204365372657776,0.2813250720500946
YLR095C,YER169W,0,0.67678064,0.22726023197174072,0.8204365372657776,0.2814251482486725
YPR036W-A,YHR171W,0,0.67648673,0.2271977961063385,0.8204365372657776,0.28152522444725037
YHR058C,YDR171W,0,0.6762784,0.22713540494441986,0.8204365372657776,0.28162530064582825
YCR057C,YHL009W-A,0,0.6758789,0.2270730435848236,0.8204365372657776,0.28172537684440613
YPR083W,YGL237C,0,0.675775,0.22701071202754974,0.8204365372657776,0.281825453042984
YKL094W,YGR098C,0,0.6752043,0.22694841027259827,0.8204365372657776,0.2819255292415619
YIL082W-A,YDR363W-A,0,0.6747067,0.22688613831996918,0.8204365372657776,0.28202563524246216
YPL076W,YPR190C,0,0.67430013,0.22682391107082367,0.8204365372657776,0.28212571144104004
YDL175C,YKL143W,0,0.67415905,0.22676172852516174,0.8204365372657776,0.2822257876396179
YMR180C,YBL008W-A,0,0.6740412,0.226699560880661,0.8204365372657776,0.2823258638381958
YBL059C-A,YBL047C,0,0.67381364,0.22663743793964386,0.8204365372657776,0.2824259400367737
YMR112C,YDR066C,0,0.67374885,0.2265753448009491,0.8204365372657776,0.28252601623535156
YBR161W,YJR010C-A,0,0.673634,0.22651328146457672,0.8204365372657776,0.28262609243392944
YDL160C-A,YOR080W,1,0.6734583,0.22672508656978607,0.8214285969734192,0.28262609243392944
YHR088W,YKR079C,0,0.6732622,0.2266630232334137,0.8214285969734192,0.2827261686325073
YPR162C,YDR259C,0,0.6729897,0.2266009896993637,0.8214285969734192,0.2828262746334076
YDR296W,YKL130C,0,0.67245024,0.2265389859676361,0.8214285969734192,0.2829263508319855
YGR103W,YHR214C-C,0,0.6722883,0.2264770269393921,0.8214285969734192,0.28302642703056335
YER159C,YKL046C,0,0.6720488,0.22641509771347046,0.8214285969734192,0.28312650322914124
YDR448W,YHR014W,0,0.67193365,0.22635319828987122,0.8214285969734192,0.2832265794277191
YMR063W,YDL160C-A,0,0.6718858,0.22629134356975555,0.8214285969734192,0.283326655626297
YDR379C-A,YBR103W,0,0.67188567,0.2262295037508011,0.8214285969734192,0.2834267318248749
YIL021W,YPR158W-A,0,0.6718665,0.2261677086353302,0.8214285969734192,0.28352680802345276
YHL008C,YGL046W,0,0.6710131,0.2261059582233429,0.8214285969734192,0.283626914024353
YHL024W,YBR100W,1,0.67088956,0.22631722688674927,0.8224206566810608,0.283626914024353
YLR268W,YER018C,0,0.6703155,0.22625546157360077,0.8224206566810608,0.2837269902229309
YDR002W,YML045W-A,0,0.669915,0.22619372606277466,0.8224206566810608,0.2838270664215088
YNL301C,YDR217C,0,0.6697624,0.22613202035427094,0.8224206566810608,0.28392714262008667
YOR179C,YPL187W,0,0.6693017,0.2260703593492508,0.8224206566810608,0.28402721881866455
YOR179C,YJL091C,0,0.6691132,0.22600872814655304,0.8224206566810608,0.28412729501724243
YOR351C,YOR208W,0,0.6690503,0.22594712674617767,0.8224206566810608,0.2842273712158203
YDR309C,YMR269W,0,0.6684683,0.2258855551481247,0.8224206566810608,0.2843274474143982
YBR111W-A,YNR059W,0,0.66844857,0.2258240282535553,0.8224206566810608,0.28442755341529846
YGL195W,YNL024C-A,0,0.66821057,0.2257625311613083,0.8224206566810608,0.28452762961387634
YOR054C,YDL160C-A,0,0.6680261,0.22570106387138367,0.8224206566810608,0.2846277058124542
YDR440W,YGR016W,0,0.6677347,0.22563962638378143,0.8224206566810608,0.2847277820110321
YPL168W,YDR316W-A,0,0.6677092,0.22557823359966278,0.8224206566810608,0.28482785820961
YDR449C,YPR036W-A,0,0.6675543,0.22551687061786652,0.8224206566810608,0.28492793440818787
YBR173C,YMR233W,0,0.6671325,0.22545553743839264,0.8224206566810608,0.28502801060676575
YDL076C,YDR482C,0,0.6664783,0.22539423406124115,0.8224206566810608,0.285128116607666
YMR316C-A,YPR173C,0,0.6663375,0.22533297538757324,0.8224206566810608,0.2852281928062439
YFL050C,YPL138C,0,0.6660641,0.22527174651622772,0.8224206566810608,0.2853282690048218
YBL039W-B,YAR066W,0,0.666021,0.2252105474472046,0.8224206566810608,0.28542834520339966
YHL009W-B,YDL245C,0,0.6656936,0.22514937818050385,0.8224206566810608,0.28552842140197754
YBR244W,YKR034W,0,0.6650318,0.2250882387161255,0.8224206566810608,0.2856284976005554
YPL149W,YNL074C,0,0.6649324,0.2250271439552307,0.8224206566810608,0.2857285737991333
YPL117C,YJR067C,0,0.6649265,0.22496607899665833,0.8224206566810608,0.2858286499977112
YPR023C,YDR419W,1,0.6647821,0.2251763492822647,0.8234127163887024,0.2858286499977112
YEL072W,YML049C,0,0.6646028,0.22511526942253113,0.8234127163887024,0.28592875599861145
YEL041W,YKL028W,0,0.66446,0.22505423426628113,0.8234127163887024,0.28602883219718933
YHR207C,YNR056C,0,0.6641547,0.22499322891235352,0.8234127163887024,0.2861289083957672
YPR019W,YDL160C-A,1,0.6640654,0.2252032458782196,0.824404776096344,0.2861289083957672
YML002W,YKR095W-A,0,0.66405344,0.225142240524292,0.824404776096344,0.2862289845943451
YOR371C,YKR001C,0,0.6638966,0.22508125007152557,0.824404776096344,0.286329060792923
YNL131W,YPR139C,0,0.663894,0.22502030432224274,0.824404776096344,0.28642913699150085
YNL024C-A,YKL158W,0,0.6638167,0.2249593883752823,0.824404776096344,0.28652921319007874
YHR079C-B,YDR458C,0,0.66381615,0.22489851713180542,0.824404776096344,0.2866292893886566
YDL033C,YCL001W-B,0,0.66372633,0.22483766078948975,0.824404776096344,0.2867293953895569
YOL003C,YPL148C,0,0.6636604,0.22477684915065765,0.824404776096344,0.28682947158813477
YDR380W,YDR210W-A,0,0.66358393,0.22471606731414795,0.824404776096344,0.28692954778671265
YBR084C-A,YDL113C,0,0.66357285,0.22465531527996063,0.824404776096344,0.2870296239852905
YLR292C,YGL041C-B,0,0.66347986,0.2245945930480957,0.824404776096344,0.2871297001838684
YDL126C,YOL138C,0,0.66270846,0.22453391551971436,0.824404776096344,0.2872297763824463
YFL049W,YLR350W,0,0.6624536,0.2244732528924942,0.824404776096344,0.28732985258102417
YLR116W,YHR039C-B,0,0.66232556,0.22441263496875763,0.824404776096344,0.28742995858192444
YKL188C,YJR155W,0,0.6620305,0.22435204684734344,0.824404776096344,0.2875300347805023
YPR158W-A,YPL040C,0,0.66190773,0.22429150342941284,0.824404776096344,0.2876301109790802
YJL129C,YKR029C,0,0.661898,0.22423097491264343,0.824404776096344,0.2877301871776581
YAR007C,YJR040W,0,0.6618158,0.2241704910993576,0.824404776096344,0.28783026337623596
YGR082W,YLR215C,0,0.6614891,0.22411003708839417,0.824404776096344,0.28793033957481384
YDR119W-A,YMR080C,0,0.6612119,0.2240496128797531,0.824404776096344,0.2880304157733917
YOL086W-A,YLL004W,1,0.6611,0.22425876557826996,0.8253968358039856,0.2880304157733917
YDR126W,YJL099W,0,0.6610181,0.2241983264684677,0.8253968358039856,0.2881304919719696
YNL224C,YKL220C,0,0.66088516,0.22413793206214905,0.8253968358039856,0.2882305979728699
YDR332W,YOR104W,0,0.66063845,0.22407756745815277,0.8253968358039856,0.28833067417144775
YPR029C,YPR032W,0,0.6602975,0.22401723265647888,0.8253968358039856,0.28843075037002563
YKL129C,YDL160C-A,0,0.6595547,0.22395692765712738,0.8253968358039856,0.2885308265686035
YER011W,YER102W,0,0.6592616,0.22389666736125946,0.8253968358039856,0.2886309027671814
YPR052C,YJL041W,0,0.65901923,0.22383642196655273,0.8253968358039856,0.2887309789657593
YHR157W,YKR092C,0,0.65843076,0.2237762212753296,0.8253968358039856,0.28883105516433716
YBR060C,YNL230C,0,0.65811807,0.22371605038642883,0.8253968358039856,0.28893113136291504
YJL122W,YLR119W,0,0.6571146,0.22365590929985046,0.8253968358039856,0.2890312373638153
YGR052W,YBR196C-A,0,0.65652496,0.22359581291675568,0.8253968358039856,0.2891313135623932
YFL002W-B,YGL179C,0,0.6562392,0.22353573143482208,0.8253968358039856,0.28923138976097107
YPR025C,YOL086W-A,0,0.6558446,0.22347569465637207,0.8253968358039856,0.28933146595954895
YGR155W,YBR279W,0,0.65522295,0.22341568768024445,0.8253968358039856,0.28943154215812683
YDR374W-A,YLR297W,0,0.6551844,0.2233557105064392,0.8253968358039856,0.2895316183567047
YDL236W,YPL043W,0,0.6548697,0.22329576313495636,0.8253968358039856,0.2896316945552826
YLR435W,YOR020W-A,0,0.65419215,0.2232358455657959,0.8253968358039856,0.2897317707538605
YGR195W,YOR208W,0,0.65392727,0.22317597270011902,0.8253968358039856,0.28983187675476074
YAR031W,YCR093W,0,0.65318006,0.22311611473560333,0.8253968358039856,0.2899319529533386
YJL005W,YPL232W,0,0.65317833,0.22305630147457123,0.8253968358039856,0.2900320291519165
YPR029C,YJL034W,0,0.6530784,0.2229965180158615,0.8253968358039856,0.2901321053504944
YAR007C,YDR034C-D,0,0.65259033,0.22293676435947418,0.8253968358039856,0.29023218154907227
YMR268W-A,YNL306W,0,0.65258867,0.22287704050540924,0.8253968358039856,0.29033225774765015
YBL039W-A,YPR037C,0,0.65227026,0.22281736135482788,0.8253968358039856,0.290432333946228
YNL004W,YNL284C-A,0,0.6520631,0.22275769710540771,0.8253968358039856,0.2905324399471283
YLR046C,YBL069W,0,0.65121555,0.22269807755947113,0.8253968358039856,0.2906325161457062
YMR142C,YGR161C-C,0,0.65099823,0.22263847291469574,0.8253968358039856,0.29073259234428406
YBL026W,YDL083C,0,0.6498827,0.22257891297340393,0.8253968358039856,0.29083266854286194
YKL022C,YDL160C-A,1,0.64961475,0.22278684377670288,0.8263888955116272,0.29083266854286194
YBR037C,YBR088C,0,0.64940715,0.22272726893424988,0.8263888955116272,0.2909327447414398
YNL284C-B,YAL058W,0,0.64932245,0.22266773879528046,0.8263888955116272,0.2910328209400177
YDR365W-B,YLL052C,0,0.64906925,0.22260822355747223,0.8263888955116272,0.2911328971385956
YER129W,YCL016C,1,0.6488372,0.22281591594219208,0.8273809552192688,0.2911328971385956
YNL062C,YDR374W-A,0,0.6486171,0.22275641560554504,0.8273809552192688,0.29123297333717346
YOR271C,YPL112C,0,0.6483335,0.2226969301700592,0.8273809552192688,0.29133307933807373
YDR119W-A,YMR233W,0,0.6477235,0.22263747453689575,0.8273809552192688,0.2914331555366516
YCR097WB,YBL005W-B,0,0.6475175,0.22257806360721588,0.8273809552192688,0.2915332317352295
YHR173C,YHL009W-B,0,0.647353,0.2225186824798584,0.8273809552192688,0.2916333079338074
YDR494W,YDR374W-A,0,0.6470646,0.2224593162536621,0.8273809552192688,0.29173338413238525
YER016W,YNL240C,0,0.64696234,0.2223999947309494,0.8273809552192688,0.29183346033096313
YGR027W-B,YDL006W,0,0.64656013,0.22234070301055908,0.8273809552192688,0.291933536529541
YPR158W-B,YDL043C,0,0.6463372,0.22228145599365234,0.8273809552192688,0.2920336127281189
YAL015C,YGL251C,1,0.64623445,0.222488671541214,0.8283730149269104,0.2920336127281189
YDR476C,YOR396W,0,0.6460896,0.22242940962314606,0.8283730149269104,0.29213371872901917
YMR316W,YBR125C,0,0.6458453,0.2223701775074005,0.8283730149269104,0.29223379492759705
YDR163W,YHL024W,0,0.64584506,0.22231097519397736,0.8283730149269104,0.2923338711261749
YMR257C,YNL041C,0,0.6452397,0.2222518026828766,0.8283730149269104,0.2924339473247528
YDL210W,YOR192C-A,0,0.64501065,0.2221926599740982,0.8283730149269104,0.2925340235233307
YGL212W,YGR215W,0,0.6446875,0.2221335470676422,0.8283730149269104,0.29263409972190857
YHR158C,YGL196W,0,0.6446582,0.2220744639635086,0.8283730149269104,0.29273417592048645
YPR158C-D,YDL008W,0,0.64455825,0.22201542556285858,0.8283730149269104,0.2928342819213867
YML109W,YOR142W-A,0,0.6445245,0.22195640206336975,0.8283730149269104,0.2929343581199646
YNL041C,YDR422C,0,0.6444845,0.2218974232673645,0.8283730149269104,0.2930344343185425
YDR119W,YOR020W-A,0,0.6430008,0.22183847427368164,0.8283730149269104,0.29313451051712036
YBR170C,YCL034W,0,0.6429966,0.22177955508232117,0.8283730149269104,0.29323458671569824
YLR333C,YMR138W,0,0.64265555,0.22172066569328308,0.8283730149269104,0.2933346629142761
YGR038C-B,YHR149C,0,0.6425261,0.22166180610656738,0.8283730149269104,0.293434739112854
YGL231C,YBL101W-B,0,0.64252484,0.22160297632217407,0.8283730149269104,0.2935348153114319
YBL103C-A,YDR522C,0,0.64243,0.22154417634010315,0.8283730149269104,0.29363492131233215
YOR358W,YDL220C,0,0.6424163,0.22148540616035461,0.8283730149269104,0.29373499751091003
YPL097W,YDR419W,0,0.64241284,0.22142668068408966,0.8283730149269104,0.2938350737094879
YGL050W,YPL147W,0,0.64225525,0.2213679701089859,0.8283730149269104,0.2939351499080658
YHR079C-B,YPL045W,0,0.64218605,0.22130930423736572,0.8283730149269104,0.2940352261066437
YCR031C,YPL052W-A,0,0.64218324,0.22125066816806793,0.8283730149269104,0.29413530230522156
YKL180W,YNR074C,0,0.6421332,0.22119204699993134,0.8283730149269104,0.29423537850379944
YCR028C-A,YLR154C,1,0.6421073,0.22139830887317657,0.829365074634552,0.29423537850379944
YDR113C,YOL071W,0,0.6419428,0.22133968770503998,0.829365074634552,0.2943354547023773
YNL283C,YBR110W,0,0.64182395,0.22128109633922577,0.829365074634552,0.2944355607032776
YBR033W,YDR451C,0,0.64169043,0.22122254967689514,0.829365074634552,0.29453563690185547
YFR010W,YOR394W,0,0.6416624,0.2211640179157257,0.829365074634552,0.29463571310043335
YPL002C,YOR329C,0,0.64038473,0.22110553085803986,0.829365074634552,0.29473578929901123
YDR456W,YKR095W-A,0,0.639905,0.2210470587015152,0.829365074634552,0.2948358654975891
YBR195C,YOR361C,0,0.6398756,0.22098863124847412,0.829365074634552,0.294935941696167
YOR142W-B,YFL052W,0,0.6386935,0.22093023359775543,0.829365074634552,0.2950360178947449
YOR180C,YBL101W-B,0,0.6386147,0.22087186574935913,0.829365074634552,0.29513609409332275
YCR055C,YGL160W,0,0.63853425,0.22081352770328522,0.829365074634552,0.295236200094223
YER137C-A,YER153C,0,0.63802606,0.2207552194595337,0.829365074634552,0.2953362762928009
YOR213C,YLR099W-A,0,0.6373142,0.22069694101810455,0.829365074634552,0.2954363524913788
YDR436W,YLR115W,0,0.6361513,0.2206386923789978,0.829365074634552,0.29553642868995667
YNL289W,YGR204W,0,0.6360514,0.22058047354221344,0.829365074634552,0.29563650488853455
YML012W,YGL211W,0,0.6354715,0.22052228450775146,0.829365074634552,0.2957365810871124
YBR120C,YGR230W,0,0.6354334,0.22046414017677307,0.829365074634552,0.2958366572856903
YER086W,YGR056W,0,0.6353535,0.22040601074695587,0.829365074634552,0.2959367632865906
YKL199C,YLR408C,0,0.6352884,0.22034791111946106,0.829365074634552,0.29603683948516846
YIL038C,YKR078W,0,0.634764,0.22028985619544983,0.829365074634552,0.29613691568374634
YOR142W-A,YPL120W,0,0.63470966,0.2202318161725998,0.829365074634552,0.2962369918823242
YOR093C,YMR174C,0,0.63397455,0.22017382085323334,0.829365074634552,0.2963370680809021
YGR080W,YOL034W,0,0.63392276,0.22011585533618927,0.829365074634552,0.29643714427948
YGL252C,YNL257C,0,0.6338224,0.2200579047203064,0.829365074634552,0.29653722047805786
YGR168C,YOR240W,0,0.63381773,0.2199999988079071,0.829365074634552,0.29663729667663574
YFR008W,YKL065W-A,0,0.6330727,0.2199421226978302,0.829365074634552,0.296737402677536
YGL087C,YFL027C,0,0.6330094,0.21988427639007568,0.829365074634552,0.2968374788761139
YLR352W,YDR303C,0,0.632201,0.21982645988464355,0.829365074634552,0.2969375550746918
YPR144C,YNL056W,0,0.63217306,0.21976865828037262,0.829365074634552,0.29703763127326965
YPR158W-A,YCR079W,0,0.6319663,0.21971090137958527,0.829365074634552,0.29713770747184753
YBR192W,YLR020C,0,0.63172984,0.2196531742811203,0.829365074634552,0.2972377836704254
YIL102C-A,YJL047C,0,0.63030034,0.21959547698497772,0.829365074634552,0.2973378598690033
YNL024C-A,YLR166C,0,0.63018245,0.21953780949115753,0.829365074634552,0.2974379360675812
YNR032C-A,YPL257W-A,0,0.62940955,0.21948017179965973,0.829365074634552,0.29753804206848145
YDR135C,YCR087C-A,0,0.6289064,0.2194225788116455,0.829365074634552,0.2976381182670593
YCR105W,YLR033W,0,0.62868285,0.21936500072479248,0.829365074634552,0.2977381944656372
YCR086W,YKL190W,0,0.62745416,0.21930745244026184,0.829365074634552,0.2978382706642151
YHL009W-A,YMR139W,0,0.6268337,0.2192499339580536,0.829365074634552,0.29793834686279297
YHR187W,YNL067W,0,0.62611717,0.21919244527816772,0.829365074634552,0.29803842306137085
YGR161C-D,YDR065W,0,0.6260415,0.21913498640060425,0.829365074634552,0.29813849925994873
YBR110W,YBL034C,0,0.62589157,0.21907757222652435,0.829365074634552,0.298238605260849
YBR223C,YMR059W,0,0.6258116,0.21902017295360565,0.829365074634552,0.2983386814594269
YDR489W,YCL058W-A,0,0.6244117,0.21896280348300934,0.829365074634552,0.29843875765800476
YDL247W,YDL165W,0,0.62437344,0.2189054787158966,0.829365074634552,0.29853883385658264
YBR100W,YAL021C,1,0.62434375,0.21910995244979858,0.8303571343421936,0.29853883385658264
YGR161W-B,YPR160W,0,0.62304646,0.21905259788036346,0.8303571343421936,0.2986389100551605
YAL009W,YPR125W,0,0.62288815,0.21899528801441193,0.8303571343421936,0.2987389862537384
YER058W,YGR090W,0,0.622651,0.21893800795078278,0.8303571343421936,0.2988390624523163
YMR111C,YHR066W,0,0.62255543,0.218880757689476,0.8303571343421936,0.29893913865089417
YBR060C,YBR100W,1,0.62216437,0.2190849632024765,0.8313491940498352,0.29893913865089417
YCL027C-A,YGL189C,0,0.6209201,0.21902769804000854,0.8313491940498352,0.29903924465179443
YGR202C,YNL096C,0,0.62037176,0.21897047758102417,0.8313491940498352,0.2991393208503723
YDR098C-B,YMR084W,0,0.62033856,0.218913272023201,0.8313491940498352,0.2992393970489502
YDR153C,YPL192C,0,0.6201406,0.2188560962677002,0.8313491940498352,0.2993394732475281
YLL066C,YCR080W,0,0.62012035,0.2187989503145218,0.8313491940498352,0.29943954944610596
YIL039W,YDR365W-B,0,0.6195365,0.21874184906482697,0.8313491940498352,0.29953962564468384
YMR035W,YML007W,0,0.61927646,0.21868476271629333,0.8313491940498352,0.2996397018432617
YDL042C,YDR099W,1,0.6191331,0.21888859570026398,0.8323412537574768,0.2996397018432617
YLR328W,YOL053C-A,0,0.61888134,0.21883150935173035,0.8323412537574768,0.2997397780418396
YOR192C-B,YHR206W,0,0.6188094,0.2187744528055191,0.8323412537574768,0.29983988404273987
YOR192C-B,YJR041C,0,0.61795086,0.21871741116046906,0.8323412537574768,0.29993996024131775
YDR261C-D,YCR105W,0,0.6179314,0.2186604142189026,0.8323412537574768,0.30004003643989563
YLR391W,YNL288W,0,0.61781436,0.21860343217849731,0.8323412537574768,0.3001401126384735
YNL085W,YDR365W-B,0,0.6173528,0.21854649484157562,0.8323412537574768,0.3002401888370514
YLR170C,YLR154W-C,0,0.6170878,0.21848958730697632,0.8323412537574768,0.3003402650356293
YOL043C,YNL024C-A,0,0.61667615,0.2184326946735382,0.8323412537574768,0.30044034123420715
YGR161W-A,YGR136W,0,0.61636037,0.21837584674358368,0.8323412537574768,0.3005404472351074
YOL043C,YBR276C,0,0.6163562,0.21831902861595154,0.8323412537574768,0.3006405234336853
YMR230W,YGL083W,0,0.61632174,0.2182622253894806,0.8323412537574768,0.3007405996322632
YER179W,YDL033C,0,0.61621666,0.21820546686649323,0.8323412537574768,0.30084067583084106
YNL037C,YJL168C,0,0.6161525,0.21814872324466705,0.8323412537574768,0.30094075202941895
YBL082C,YPL273W,0,0.61606234,0.21809202432632446,0.8323412537574768,0.3010408282279968
YOR354C,YNL024C-A,0,0.6157034,0.21803534030914307,0.8323412537574768,0.3011409044265747
YNL024C-A,YIL042C,0,0.6156365,0.21797870099544525,0.8323412537574768,0.3012409806251526
YOL103W-A,YOR381W,0,0.61483544,0.21792207658290863,0.8323412537574768,0.30134108662605286
YGR020C,YDR082W,0,0.6146134,0.2178654968738556,0.8323412537574768,0.30144116282463074
YJR002W,YFR032C-A,0,0.61450005,0.21780893206596375,0.8323412537574768,0.3015412390232086
YCL060C,YLR113W,1,0.6139892,0.21801194548606873,0.8333333134651184,0.3015412390232086
YJR125C,YDR228C,0,0.61381716,0.21795536577701569,0.8333333134651184,0.3016413152217865
YNL130C,YPL257W-A,0,0.6136043,0.21789883077144623,0.8333333134651184,0.3017413914203644
YLR121C,YDR156W,0,0.6133955,0.21784232556819916,0.8333333134651184,0.30184146761894226
YDR425W,YMR238W,0,0.61332804,0.21778585016727448,0.8333333134651184,0.30194154381752014
YLR088W,YJR112W,0,0.61306506,0.217729389667511,0.8333333134651184,0.302041620016098
YEL047C,YML045W-A,0,0.61303,0.21767297387123108,0.8333333134651184,0.3021417260169983
YPR023C,YOL004W,1,0.6130205,0.2178756445646286,0.83432537317276,0.3021417260169983
YKL221W,YBR041W,0,0.61252964,0.2178192138671875,0.83432537317276,0.30224180221557617
YER029C,YDL137W,0,0.61227036,0.2177628129720688,0.83432537317276,0.30234187841415405
YER119C,YOR005C,0,0.6112792,0.21770644187927246,0.83432537317276,0.30244195461273193
YOR087W,YIR033W,0,0.6103324,0.21765010058879852,0.83432537317276,0.3025420308113098
YJL072C,YIL066C,1,0.61027354,0.21785251796245575,0.8353174328804016,0.3025420308113098
YNL257C,YAL053W,0,0.6102463,0.2177961766719818,0.8353174328804016,0.3026421070098877
YMR035W,YOR265W,0,0.6100735,0.21773985028266907,0.8353174328804016,0.3027421832084656
YIL117C,YGR109C,0,0.6087426,0.2176835536956787,0.8353174328804016,0.30284225940704346
YNL273W,YCL060C,1,0.6080294,0.21788576245307922,0.836309552192688,0.30284225940704346
YHR176W,YLR148W,0,0.60761136,0.21782945096492767,0.836309552192688,0.3029423654079437
YGR169C-C,YOR081C,0,0.6073178,0.2177731841802597,0.836309552192688,0.3030424416065216
YIR023W,YNL138W,0,0.607136,0.21771694719791412,0.836309552192688,0.3031425178050995
YJL104W,YML114C,0,0.60698265,0.21766072511672974,0.836309552192688,0.30324259400367737
YFR001W,YDL114W,0,0.6068303,0.21760454773902893,0.836309552192688,0.30334267020225525
YMR194C-B,YFR055W,0,0.6063742,0.21754838526248932,0.836309552192688,0.30344274640083313
YGR161W-B,YJR004C,0,0.6063731,0.2174922674894333,0.836309552192688,0.303542822599411
YPR029C,YMR162C,0,0.6061131,0.21743616461753845,0.836309552192688,0.3036429286003113
YCL060C,YPR135W,1,0.605696,0.21763795614242554,0.8373016119003296,0.3036429286003113
YDR034C-C,YJL055W,0,0.6054375,0.2175818532705307,0.8373016119003296,0.30374300479888916
YJR135W-A,YDR098C-A,0,0.60535914,0.21752578020095825,0.8373016119003296,0.30384308099746704
YDR206W,YJL035C,0,0.6046891,0.217469722032547,0.8373016119003296,0.3039431571960449
YPR158W-B,YPR011C,0,0.60444504,0.21741370856761932,0.8373016119003296,0.3040432333946228
YGR109W-A,YNL194C,0,0.6043322,0.21735771000385284,0.8373016119003296,0.3041433095932007
YIR031C,YDL170W,0,0.60423577,0.21730175614356995,0.8373016119003296,0.30424338579177856
YNL024C-A,YNL008C,0,0.60411537,0.21724581718444824,0.8373016119003296,0.30434346199035645
YIL021W,YMR197C,0,0.60360986,0.21718990802764893,0.8373016119003296,0.3044435679912567
YHR081W,YBL051C,0,0.60305315,0.2171340435743332,0.8373016119003296,0.3045436441898346
YGL124C,YGR222W,0,0.602812,0.21707819402217865,0.8373016119003296,0.3046437203884125
YDL160C-A,YBR274W,1,0.6025821,0.21727950870990753,0.8382936716079712,0.3046437203884125
YNL108C,YDR371W,0,0.6018713,0.2172236442565918,0.8382936716079712,0.30474379658699036
YIL004C,YBL045C,0,0.6013339,0.21716782450675964,0.8382936716079712,0.30484387278556824
YOR116C,YBL004W,0,0.60091156,0.21711201965808868,0.8382936716079712,0.3049439489841461
YDR474C,YOR271C,0,0.6008317,0.2170562595129013,0.8382936716079712,0.305044025182724
YEL072W,YIL165C,0,0.5998978,0.21700051426887512,0.8382936716079712,0.3051441013813019
YJL156C,YDR261W-A,0,0.5998893,0.21694479882717133,0.8382936716079712,0.30524420738220215
YBR247C,YNL299W,0,0.5998277,0.21688911318778992,0.8382936716079712,0.30534428358078003
YGR161W-A,YJL206C,0,0.59977573,0.2168334573507309,0.8382936716079712,0.3054443597793579
YGL160W,YDL160C-A,0,0.59941953,0.21677783131599426,0.8382936716079712,0.3055444359779358
YBR258C,YDR251W,0,0.5990098,0.21672223508358002,0.8382936716079712,0.30564451217651367
YDR419W,YIL066C,1,0.5989571,0.2169230729341507,0.8392857313156128,0.30564451217651367
YER053C-A,YGL075C,0,0.5983308,0.21686747670173645,0.8392857313156128,0.30574458837509155
YFL049W,YBR115C,0,0.5981745,0.2168118953704834,0.8392857313156128,0.30584466457366943
YFR046C,YBL079W,0,0.59808356,0.21675634384155273,0.8392857313156128,0.3059447705745697
YHL009W-A,YGL060W,0,0.5974389,0.21670082211494446,0.8392857313156128,0.3060448467731476
YDR477W,YCL029C,0,0.59718966,0.21664533019065857,0.8392857313156128,0.30614492297172546
YDR210C-C,YPR045C,0,0.5962297,0.21658986806869507,0.8392857313156128,0.30624499917030334
YBR101C,YLR154W-C,0,0.59577155,0.21653442084789276,0.8392857313156128,0.3063450753688812
YHR083W,YDR365W-A,0,0.59555584,0.21647901833057404,0.8392857313156128,0.3064451515674591
YDR031W,YPL222W,0,0.59508246,0.2164236307144165,0.8392857313156128,0.306545227766037
YNL024C-A,YIL157C,0,0.5949505,0.21636828780174255,0.8392857313156128,0.30664530396461487
YOR327C,YLR227W-A,0,0.5947698,0.2163129597902298,0.8392857313156128,0.30674540996551514
YNL137C,YCL008C,0,0.59438586,0.21625766158103943,0.8392857313156128,0.306845486164093
YDR098C-B,YMR020W,0,0.59425575,0.21620240807533264,0.8392857313156128,0.3069455623626709
YBL090W,YKL002W,0,0.59424263,0.21614716947078705,0.8392857313156128,0.3070456385612488
YCR035C,YDR225W,0,0.59356374,0.21609196066856384,0.8392857313156128,0.30714571475982666
YER137C-A,YDR078C,0,0.5934789,0.21603676676750183,0.8392857313156128,0.30724579095840454
YGR038C-B,YLR095C,0,0.5926375,0.2159816175699234,0.8392857313156128,0.3073458671569824
YMR182C,YDR296W,0,0.59258795,0.21592649817466736,0.8392857313156128,0.3074459433555603
YCL057C-A,YLL004W,0,0.5925153,0.2158713936805725,0.8392857313156128,0.30754604935646057
YER118C,YOR332W,0,0.5920855,0.21581633388996124,0.8392857313156128,0.30764612555503845
YKL181W,YML109W,0,0.5918495,0.21576128900051117,0.8392857313156128,0.30774620175361633
YLR067C,YOL032W,0,0.59168947,0.21570627391338348,0.8392857313156128,0.3078462779521942
YNL284C-A,YHR029C,0,0.5915783,0.21565128862857819,0.8392857313156128,0.3079463541507721
YOR002W,YLR034C,0,0.59154946,0.21559633314609528,0.8392857313156128,0.30804643034935
YOR067C,YOR016C,0,0.58992827,0.21554140746593475,0.8392857313156128,0.30814650654792786
YNL025C,YOR192C-A,0,0.5897351,0.21548649668693542,0.8392857313156128,0.30824658274650574
YBR074W,YJR076C,0,0.58967716,0.21543163061141968,0.8392857313156128,0.308346688747406
YPL167C,YNL005C,0,0.5892657,0.21537677943706512,0.8392857313156128,0.3084467649459839
YJL127C,YMR013C,0,0.58893013,0.21532195806503296,0.8392857313156128,0.30854684114456177
YLR391W,YOL090W,0,0.58860666,0.21526718139648438,0.8392857313156128,0.30864691734313965
YIL056W,YPL193W,0,0.5879918,0.21521241962909698,0.8392857313156128,0.30874699354171753
YJL083W,YER053C-A,0,0.5873382,0.21515768766403198,0.8392857313156128,0.3088470697402954
YML075C,YJL127C-A,0,0.58732593,0.21510297060012817,0.8392857313156128,0.3089471459388733
YMR134W,YIL170W,0,0.5872347,0.21504829823970795,0.8392857313156128,0.30904725193977356
YOL072W,YDR381W,0,0.5872002,0.2149936407804489,0.8392857313156128,0.30914732813835144
YAL015C,YBR160W,1,0.58702296,0.21519309282302856,0.8402777910232544,0.30914732813835144
YIL145C,YLR452C,0,0.5866911,0.21513843536376953,0.8402777910232544,0.3092474043369293
YHR072W,YJL184W,0,0.58650655,0.2150837928056717,0.8402777910232544,0.3093474805355072
YLR116W,YPR137C-B,0,0.58638346,0.21502919495105743,0.8402777910232544,0.3094475567340851
YKL172W,YCR040W,0,0.58629316,0.21497461199760437,0.8402777910232544,0.30954763293266296
YLR163C,YKR001C,0,0.5854177,0.2149200737476349,0.8402777910232544,0.30964770913124084
YHR098C,YOL086W-A,0,0.5851942,0.2148655503988266,0.8402777910232544,0.3097477853298187
YKL088W,YDR170W-A,0,0.58500737,0.2148110568523407,0.8402777910232544,0.309847891330719
YOL128C,YBL005W-A,0,0.5847801,0.21475659310817719,0.8402777910232544,0.3099479675292969
YBR141C,YPR135W,0,0.5847795,0.21470215916633606,0.8402777910232544,0.31004804372787476
YOR085W,YER012W,0,0.5844925,0.21464774012565613,0.8402777910232544,0.31014811992645264
YDR105C,YOR142W-A,0,0.58397293,0.21459336578845978,0.8402777910232544,0.3102481961250305
YBL013W,YBR121C,0,0.5835282,0.21453900635242462,0.8402777910232544,0.3103482723236084
YPL050C,YHL009W-B,0,0.58318704,0.21448467671871185,0.8402777910232544,0.3104483485221863
YLR405W,YDR252W,0,0.58306473,0.21443037688732147,0.8402777910232544,0.31054842472076416
YPL013C,YNL136W,0,0.5829999,0.21437610685825348,0.8402777910232544,0.31064853072166443
YHR072W-A,YPL183C,0,0.582311,0.21432186663150787,0.8402777910232544,0.3107486069202423
YLR364W,YIL123W,0,0.5821441,0.21426764130592346,0.8402777910232544,0.3108486831188202
YPL001W,YMR267W,0,0.5816999,0.21421346068382263,0.8402777910232544,0.31094875931739807
YOR276W,YOR145C,0,0.5812059,0.214159294962883,0.8402777910232544,0.31104883551597595
YAL003W,YOR142W-B,0,0.58101135,0.21410515904426575,0.8402777910232544,0.31114891171455383
YNR073C,YMR274C,0,0.5809788,0.2140510529279709,0.8402777910232544,0.3112489879131317
YKL190W,YLR099W-A,0,0.5807301,0.21399696171283722,0.8402777910232544,0.311349093914032
YMR244C-A,YGR169C-A,0,0.5803786,0.21394291520118713,0.8402777910232544,0.31144917011260986
YLR268W,YOR156C,0,0.57993597,0.21388888359069824,0.8402777910232544,0.31154924631118774
YOR343W-A,YML050W,0,0.57975614,0.21383489668369293,0.8402777910232544,0.3116493225097656
YOR142W-B,YIL135C,0,0.5791655,0.21378092467784882,0.8402777910232544,0.3117493987083435
YDL043C,YGR068C,0,0.5790664,0.2137269675731659,0.8402777910232544,0.3118494749069214
YOR065W,YOR351C,0,0.577987,0.21367305517196655,0.8402777910232544,0.31194955110549927
YKR076W,YHR111W,0,0.57791334,0.2136191725730896,0.8402777910232544,0.31204962730407715
YHR055C,YDR365W-A,0,0.5779042,0.21356530487537384,0.8402777910232544,0.3121497333049774
YFL002W-A,YCR093W,0,0.57706183,0.21351146697998047,0.8402777910232544,0.3122498095035553
YOR046C,YPL257W-A,0,0.57692033,0.21345765888690948,0.8402777910232544,0.3123498857021332
YNL124W,YPL169C,0,0.57673967,0.2134038805961609,0.8402777910232544,0.31244996190071106
YNL267W,YGL078C,0,0.57663506,0.21335013210773468,0.8402777910232544,0.31255003809928894
YPR158C-D,YDR534C,0,0.57617897,0.21329639852046967,0.8402777910232544,0.3126501142978668
YOR020W-A,YLR147C,0,0.57569724,0.21324269473552704,0.8402777910232544,0.3127501904964447
YNL054W-A,YDL148C,0,0.5754687,0.2131890207529068,0.8402777910232544,0.3128502666950226
YDR247W,YNL138W-A,0,0.57446104,0.21313537657260895,0.8402777910232544,0.31295037269592285
YHR069C,YLR387C,0,0.5743179,0.21308176219463348,0.8402777910232544,0.31305044889450073
YCL066W,YLR268W,0,0.5742962,0.2130281627178192,0.8402777910232544,0.3131505250930786
YFR043C,YCL048W-A,0,0.5740705,0.21297460794448853,0.8402777910232544,0.3132506012916565
YBR126C,YPL115C,0,0.573912,0.21292106807231903,0.8402777910232544,0.3133506774902344
YDL036C,YKR089C,0,0.5737545,0.21286755800247192,0.8402777910232544,0.31345075368881226
YIL033C,YBR081C,0,0.57374835,0.2128140777349472,0.8402777910232544,0.31355082988739014
YPR054W,YFL045C,0,0.5735921,0.21276061236858368,0.8402777910232544,0.313650906085968
YOR343W-A,YJL110C,0,0.57307,0.21270717680454254,0.8402777910232544,0.3137510120868683
YDR379C-A,YOR076C,0,0.57301456,0.21265378594398499,0.8402777910232544,0.31385108828544617
YHR014W,YGL038C,0,0.572252,0.21260039508342743,0.8402777910232544,0.31395116448402405
YLR328W,YPL257W-A,0,0.57220304,0.21254704892635345,0.8402777910232544,0.31405124068260193
YPR158W-A,YMR218C,0,0.57215863,0.21249373257160187,0.8402777910232544,0.3141513168811798
YML098W,YKL010C,0,0.57158536,0.21244043111801147,0.8402777910232544,0.3142513930797577
YDL121C,YOR036W,0,0.5711523,0.21238715946674347,0.8402777910232544,0.31435146927833557
YER159C,YFL055W,0,0.5708352,0.21233391761779785,0.8402777910232544,0.31445157527923584
YGR062C,YOR142W-A,0,0.57075316,0.21228070557117462,0.8402777910232544,0.3145516514778137
YLR310C,YBR293W,0,0.5698359,0.21222750842571259,0.8402777910232544,0.3146517276763916
YNL054W,YOR093C,0,0.56966645,0.21217435598373413,0.8402777910232544,0.3147518038749695
YOR361C,YDR098C-A,0,0.5693056,0.21212121844291687,0.8402777910232544,0.31485188007354736
YLR121C,YPR009W,0,0.5690845,0.2120680958032608,0.8402777910232544,0.31495195627212524
YHR050W,YBL103C,0,0.56900024,0.21201501786708832,0.8402777910232544,0.3150520324707031
YJR140C,YJL139C,0,0.5680316,0.21196195483207703,0.8402777910232544,0.315152108669281
YGR029W,YDR389W,0,0.5676709,0.21190893650054932,0.8402777910232544,0.3152522146701813
YGR169C-A,YKR061W,0,0.56748134,0.2118559330701828,0.8402777910232544,0.31535229086875916
YER160C,YNL074C,0,0.56733364,0.21180294454097748,0.8402777910232544,0.31545236706733704
YNL054W-B,YJL174W,0,0.5673276,0.21175000071525574,0.8402777910232544,0.3155524432659149
YPR019W,YBR087W,1,0.5670127,0.2119470089673996,0.841269850730896,0.3155524432659149
YIL119C,YPL055C,0,0.56668776,0.21189405024051666,0.841269850730896,0.3156525194644928
YPL217C,YFL006W,0,0.5661458,0.21184112131595612,0.841269850730896,0.3157525956630707
YKR008W,YNL284C-B,0,0.56605023,0.21178820729255676,0.841269850730896,0.31585267186164856
YPL060C-A,YGR173W,0,0.5657903,0.211735337972641,0.841269850730896,0.31595274806022644
YIL167W,YCR095C,0,0.56538373,0.2116824835538864,0.841269850730896,0.3160528540611267
YMR264W,YMR304W,0,0.56516904,0.21162964403629303,0.841269850730896,0.3161529302597046
YNL158W,YLR039C,0,0.56478715,0.21157684922218323,0.841269850730896,0.31625300645828247
YPR137C-B,YMR186W,0,0.5642156,0.21152406930923462,0.841269850730896,0.31635308265686035
YJL012C-A,YOR291W,0,0.5641387,0.2114713191986084,0.841269850730896,0.31645315885543823
YDR073W,YOR117W,0,0.5635131,0.21141859889030457,0.841269850730896,0.3165532350540161
YFL028C,YJL102W,0,0.56339025,0.21136590838432312,0.841269850730896,0.316653311252594
YMR316W,YML045W-A,0,0.56332195,0.21131323277950287,0.841269850730896,0.31675341725349426
YDR194C,YOL135C,0,0.56321377,0.211260586977005,0.841269850730896,0.31685349345207214
YIL139C,YCR079W,0,0.5632045,0.21120797097682953,0.841269850730896,0.31695356965065
YPL189C-A,YHL039W,0,0.56319755,0.21115538477897644,0.841269850730896,0.3170536458492279
YBR010W,YOR142W-A,0,0.56287926,0.21110281348228455,0.841269850730896,0.3171537220478058
YER116C,YGR239C,0,0.5628399,0.21105027198791504,0.841269850730896,0.31725379824638367
YJL186W,YLR045C,0,0.5622519,0.21099776029586792,0.841269850730896,0.31735387444496155
YJR005W,YOR351C,0,0.56177425,0.2109452784061432,0.841269850730896,0.31745395064353943
YDL232W,YLR453C,0,0.5617427,0.21089281141757965,0.841269850730896,0.3175540566444397
YDR034C-C,YPL135W,0,0.56143576,0.2108403742313385,0.841269850730896,0.3176541328430176
YMR045C,YPR165W,0,0.5605009,0.21078796684741974,0.841269850730896,0.31775420904159546
YJR043C,YDR425W,0,0.56006706,0.21073558926582336,0.841269850730896,0.31785428524017334
YBL097W,YGR055W,0,0.56002814,0.21068322658538818,0.841269850730896,0.3179543614387512
YOL066C,YER177W,0,0.5590231,0.2106308937072754,0.841269850730896,0.3180544376373291
YER048W-A,YNL153C,0,0.558717,0.21057859063148499,0.841269850730896,0.318154513835907
YPR083W,YOR126C,0,0.55871475,0.21052631735801697,0.841269850730896,0.31825459003448486
YNL015W,YOR073W,0,0.5586898,0.21047405898571014,0.841269850730896,0.31835469603538513
YDR208W,YPL176C,0,0.5584457,0.2104218304157257,0.841269850730896,0.318454772233963
YER160C,YDR137W,0,0.55844027,0.21036963164806366,0.841269850730896,0.3185548484325409
YLR408C,YMR069W,0,0.5575736,0.210317462682724,0.841269850730896,0.3186549246311188
YDR210W-B,YOR093C,0,0.5575729,0.21026530861854553,0.841269850730896,0.31875500082969666
YCL019W,YDR478W,0,0.5569075,0.21021318435668945,0.841269850730896,0.31885507702827454
YDL197C,YIR012W,0,0.5567417,0.21016108989715576,0.841269850730896,0.3189551532268524
YEL004W,YPR066W,0,0.5567205,0.21010902523994446,0.841269850730896,0.3190552294254303
YDR316W-A,YDR311W,0,0.5565241,0.21005697548389435,0.841269850730896,0.31915533542633057
YFL036W,YLR113W,1,0.55499107,0.21025259792804718,0.8422619104385376,0.31915533542633057
YOR231W,YBR049C,0,0.5548282,0.21020054817199707,0.8422619104385376,0.31925541162490845
YKL038W,YOL116W,0,0.5544756,0.21014851331710815,0.8422619104385376,0.31935548782348633
YJL162C,YCL027C-A,0,0.5542375,0.21009650826454163,0.8422619104385376,0.3194555640220642
YBL039W-A,YMR218C,0,0.5538924,0.21004453301429749,0.8422619104385376,0.3195556402206421
YGR067C,YOL034W,0,0.55367523,0.20999257266521454,0.8422619104385376,0.31965571641921997
YCR026C,YGL254W,0,0.5533933,0.20994065701961517,0.8422619104385376,0.31975579261779785
YBL100W-A,YEL050C,0,0.55324566,0.209888756275177,0.8422619104385376,0.3198558986186981
YJL124C,YOR319W,0,0.55314505,0.20983687043190002,0.8422619104385376,0.319955974817276
YDR365W-B,YFL041W,0,0.552962,0.20978502929210663,0.8422619104385376,0.3200560510158539
YKR099C-A,YLR292C,0,0.5523947,0.20973320305347443,0.8422619104385376,0.32015612721443176
YPR158C-D,YML050W,0,0.5522365,0.2096814066171646,0.8422619104385376,0.32025620341300964
YDR142C,YPL249C,0,0.5520072,0.209629625082016,0.8422619104385376,0.3203562796115875
YDR296W,YHR199C-A,0,0.5517588,0.20957788825035095,0.8422619104385376,0.3204563558101654
YGR169C-C,YNL078W,0,0.55137515,0.2095261663198471,0.8422619104385376,0.3205564320087433
YBR169C,YGL043W,0,0.5504904,0.20947445929050446,0.8422619104385376,0.32065653800964355
YPR019W,YBR266C,0,0.5496945,0.20942279696464539,0.8422619104385376,0.32075661420822144
YKL201C,YPL257W-A,0,0.5495901,0.2093711495399475,0.8422619104385376,0.3208566904067993
YNR046W,YER082C,0,0.5491263,0.20931953191757202,0.8422619104385376,0.3209567666053772
YDR098C-B,YMR131C,0,0.5490381,0.20926792919635773,0.8422619104385376,0.3210568428039551
YHR079C-A,YNR076W,0,0.5490158,0.20921635627746582,0.8422619104385376,0.32115691900253296
YER111C,YGL226C-A,0,0.5483597,0.2091648131608963,0.8422619104385376,0.32125699520111084
YLR046C,YOL038W,0,0.5481145,0.20911329984664917,0.8422619104385376,0.3213570713996887
YKL198C,YDR485C,0,0.5476733,0.20906180143356323,0.8422619104385376,0.321457177400589
YDR379C-A,YNL333W,0,0.54623157,0.20901033282279968,0.8422619104385376,0.32155725359916687
YOR087W,YDR461W,0,0.5456764,0.20895889401435852,0.8422619104385376,0.32165732979774475
YPL133C,YJR094W-A,0,0.544974,0.20890748500823975,0.8422619104385376,0.32175740599632263
YMR066W,YKR095W-A,0,0.544931,0.20885609090328217,0.8422619104385376,0.3218574821949005
YOR266W,YFR014C,0,0.54424435,0.20880472660064697,0.8422619104385376,0.3219575583934784
YIL010W,YOR060C,0,0.5439933,0.20875337719917297,0.8422619104385376,0.3220576345920563
YJL123C,YHL009W-B,0,0.5435303,0.20870205760002136,0.8422619104385376,0.32215774059295654
YIL031W,YKL198C,0,0.5435057,0.20865076780319214,0.8422619104385376,0.3222578167915344
YPR083W,YJL038C,0,0.54268086,0.2085995078086853,0.8422619104385376,0.3223578929901123
YAL011W,YOR157C,0,0.5424625,0.20854826271533966,0.8422619104385376,0.3224579691886902
YGL124C,YML094W,0,0.54216266,0.2084970474243164,0.8422619104385376,0.32255804538726807
YPL257W-B,YOR308C,0,0.5421297,0.20844586193561554,0.8422619104385376,0.32265812158584595
YMR081C,YLR390W-A,0,0.5420692,0.20839469134807587,0.8422619104385376,0.32275819778442383
YGL033W,YKL160W,0,0.5414727,0.20834356546401978,0.8422619104385376,0.3228582739830017
YGR053C,YGR048W,1,0.5413573,0.20853778719902039,0.8432539701461792,0.3228582739830017
YFL002W-B,YJL221C,0,0.5408088,0.2084866315126419,0.8432539701461792,0.322958379983902
YNL019C,YGR109C,0,0.54064465,0.20843550562858582,0.8432539701461792,0.32305845618247986
YLR227W-A,YMR125W,0,0.54037905,0.2083844095468521,0.8432539701461792,0.32315853238105774
YIL121W,YGR245C,0,0.5403561,0.2083333283662796,0.8432539701461792,0.3232586085796356
YDR375C,YDL104C,0,0.5401663,0.20828227698802948,0.8432539701461792,0.3233586847782135
YOR061W,YKL194C,0,0.5399572,0.20823125541210175,0.8432539701461792,0.3234587609767914
YJR007W,YGL228W,0,0.5398151,0.2081802636384964,0.8432539701461792,0.32355883717536926
YIL168W,YGR138C,0,0.5397288,0.20812928676605225,0.8432539701461792,0.32365891337394714
YBR035C,YMR038C,0,0.5396412,0.20807833969593048,0.8432539701461792,0.3237590193748474
YLR443W,YDR240C,0,0.53809685,0.2080274075269699,0.8432539701461792,0.3238590955734253
YMR112C,YLR138W,0,0.53794724,0.20797650516033173,0.8432539701461792,0.3239591717720032
YDR104C,YJL184W,0,0.53772444,0.20792563259601593,0.8432539701461792,0.32405924797058105
YJL133C-A,YGL126W,0,0.5361485,0.20787478983402252,0.8432539701461792,0.32415932416915894
YGL130W,YDR322W,0,0.53606206,0.2078239619731903,0.8432539701461792,0.3242594003677368
YBR019C,YGL228W,0,0.5357028,0.20777316391468048,0.8432539701461792,0.3243594765663147
YBR088C,YOR337W,0,0.5351345,0.20772238075733185,0.8432539701461792,0.3244595527648926
YKL219W,YER016W,0,0.5349691,0.2076716274023056,0.8432539701461792,0.32455965876579285
YFR026C,YDR545W,0,0.5349348,0.20762090384960175,0.8432539701461792,0.3246597349643707
YNL259C,YKR079C,0,0.53460974,0.20757021009922028,0.8432539701461792,0.3247598111629486
YGR161W-B,YLR459W,0,0.534441,0.20751953125,0.8432539701461792,0.3248598873615265
YNL023C,YGL062W,0,0.5342017,0.2074688822031021,0.8432539701461792,0.32495996356010437
YLR086W,YPL216W,0,0.53414816,0.20741824805736542,0.8432539701461792,0.32506003975868225
YPL021W,YFR055W,0,0.53398293,0.2073676437139511,0.8432539701461792,0.32516011595726013
YHR132W-A,YDR478W,0,0.5338709,0.2073170691728592,0.8432539701461792,0.3252602219581604
YGL166W,YNR057C,0,0.53289944,0.20726652443408966,0.8432539701461792,0.3253602981567383
YOR343W-A,YPL174C,0,0.5325389,0.20721599459648132,0.8432539701461792,0.32546037435531616
YER081W,YNL138W-A,0,0.53246504,0.20716549456119537,0.8432539701461792,0.32556045055389404
YLR007W,YBL027W,0,0.53166085,0.20711500942707062,0.8432539701461792,0.3256605267524719
YBL039W-A,YMR237W,0,0.53155905,0.20706455409526825,0.8432539701461792,0.3257606029510498
YDR427W,YLL001W,0,0.53143793,0.20701412856578827,0.8432539701461792,0.3258606791496277
YFR025C,YBR172C,0,0.531371,0.20696371793746948,0.8432539701461792,0.32596075534820557
YFL033C,YMR211W,0,0.5310897,0.20691333711147308,0.8432539701461792,0.32606086134910583
YFL004W,YPL032C,0,0.530465,0.20686298608779907,0.8432539701461792,0.3261609375476837
YLR024C,YLL012W,0,0.5302098,0.20681264996528625,0.8432539701461792,0.3262610137462616
YJR093C,YKL213C,0,0.52970517,0.20676234364509583,0.8432539701461792,0.3263610899448395
YLR173W,YKR008W,0,0.52965873,0.20671206712722778,0.8432539701461792,0.32646116614341736
YGR161C-D,YMR150C,0,0.5294166,0.20666180551052094,0.8432539701461792,0.32656124234199524
YOR377W,YKR036C,0,0.52917767,0.20661157369613647,0.8432539701461792,0.3266613185405731
YGR010W,YGR239C,0,0.52873594,0.2065613567829132,0.8432539701461792,0.326761394739151
YEL036C,YDR354W,0,0.5279516,0.20651116967201233,0.8432539701461792,0.32686150074005127
YLR391W,YLR142W,0,0.52791494,0.20646101236343384,0.8432539701461792,0.32696157693862915
YBR192W,YPL161C,0,0.52777153,0.20641088485717773,0.8432539701461792,0.32706165313720703
YHR132W-A,YGR027W-B,0,0.52758235,0.20636077225208282,0.8432539701461792,0.3271617293357849
YKL199C,YOR058C,0,0.5273563,0.2063106745481491,0.8432539701461792,0.3272618055343628
YML049C,YDR096W,0,0.52733237,0.20626062154769897,0.8432539701461792,0.3273618817329407
YGR038C-A,YMR238W,0,0.5267224,0.20621058344841003,0.8432539701461792,0.32746195793151855
YHR096C,YFL053W,0,0.52620053,0.2061605602502823,0.8432539701461792,0.3275620639324188
YOR341W,YPL090C,0,0.5261062,0.20611056685447693,0.8432539701461792,0.3276621401309967
YDL036C,YML094W,0,0.52608037,0.20606060326099396,0.8432539701461792,0.3277622163295746
YNL244C,YNR032C-A,0,0.525965,0.20601066946983337,0.8432539701461792,0.32786229252815247
YOL057W,YGL028C,0,0.52486813,0.20596075057983398,0.8432539701461792,0.32796236872673035
YMR036C,YCR080W,0,0.5238684,0.2059108465909958,0.8432539701461792,0.3280624449253082
YOR241W,YNL078W,0,0.52381134,0.20586098730564117,0.8432539701461792,0.3281625211238861
YAR044W,YHR089C,0,0.52365935,0.20581114292144775,0.8432539701461792,0.328262597322464
YJR104C,YJL021C,0,0.52267,0.20576131343841553,0.8432539701461792,0.32836270332336426
YFL018W-A,YDL195W,0,0.5219323,0.2057115137577057,0.8432539701461792,0.32846277952194214
YLR174W,YKL059C,0,0.5215127,0.20566174387931824,0.8432539701461792,0.32856285572052
YBL039W-B,YDL095W,0,0.5210777,0.20561200380325317,0.8432539701461792,0.3286629319190979
YDR332W,YDR246W,0,0.52047926,0.2055622786283493,0.8432539701461792,0.3287630081176758
YOR074C,YHR038W,0,0.5204653,0.20551256835460663,0.8432539701461792,0.32886308431625366
YGL043W,YLR154W-C,0,0.52032906,0.20546290278434753,0.8432539701461792,0.32896316051483154
YIL005W,YDR034C,0,0.520117,0.20541323721408844,0.8432539701461792,0.3290632367134094
YPL018W,YBL005W-B,0,0.52003133,0.20536361634731293,0.8432539701461792,0.3291633427143097
YOL103W-A,YGR199W,0,0.5198945,0.2053140103816986,0.8432539701461792,0.3292634189128876
YJL002C,YDR076W,0,0.51969606,0.20526443421840668,0.8432539701461792,0.32936349511146545
YGR161W-A,YPR151C,0,0.51944506,0.20521487295627594,0.8432539701461792,0.32946357131004333
YDR529C,YIL170W,0,0.5190393,0.2051653414964676,0.8432539701461792,0.3295636475086212
YOL094C,YML058W,1,0.5182826,0.2053571492433548,0.8442460298538208,0.3295636475086212
YJR118C,YGR095C,0,0.5181392,0.20530760288238525,0.8442460298538208,0.3296637237071991
YCL057C-A,YMR114C,0,0.51795334,0.2052580863237381,0.8442460298538208,0.329763799905777
YKR095W-A,YNL053W,0,0.5177482,0.20520858466625214,0.8442460298538208,0.32986390590667725
YIR039C,YJR057W,0,0.51690274,0.20515911281108856,0.8442460298538208,0.3299639821052551
YER140W,YGR031W,0,0.5165099,0.20510967075824738,0.8442460298538208,0.330064058303833
YIL167W,YJL057C,0,0.51636624,0.20506024360656738,0.8442460298538208,0.3301641345024109
YNL289W,YDL179W,0,0.5161828,0.20501084625720978,0.8442460298538208,0.33026421070098877
YOR278W,YPL018W,0,0.51539016,0.20496146380901337,0.8442460298538208,0.33036428689956665
YAR009C,YIL049W,0,0.5153094,0.20491211116313934,0.8442460298538208,0.33046436309814453
YBR301W,YLR033W,0,0.5152949,0.2048627883195877,0.8442460298538208,0.3305644392967224
YER137C-A,YNL132W,0,0.5152491,0.20481348037719727,0.8442460298538208,0.3306645452976227
YDR261C-D,YFR031C,0,0.5151803,0.2047642022371292,0.8442460298538208,0.33076462149620056
YHL009W-A,YDL027C,0,0.51494163,0.20471493899822235,0.8442460298538208,0.33086469769477844
YJR093C,YKL160W,0,0.5149126,0.20466570556163788,0.8442460298538208,0.3309647738933563
YPL269W,YIL044C,0,0.5146229,0.2046164870262146,0.8442460298538208,0.3310648500919342
YDL126C,YOR144C,1,0.5142809,0.20480769872665405,0.8452380895614624,0.3310648500919342
YGR161W-B,YML065W,0,0.5139021,0.20475846529006958,0.8452380895614624,0.3311649262905121
YGR053C,YGL251C,1,0.5137231,0.2049495428800583,0.846230149269104,0.3311649262905121
YBR089C-A,YBR227C,0,0.5134743,0.20490030944347382,0.846230149269104,0.33126500248908997
YHL009W-A,YMR161W,0,0.5134095,0.20485110580921173,0.846230149269104,0.33136507868766785
YER093C,YDR212W,0,0.5133135,0.20480191707611084,0.846230149269104,0.3314651846885681
YML125C,YNL088W,0,0.5116445,0.20475275814533234,0.846230149269104,0.331565260887146
YDR116C,YDR210W-B,0,0.51154566,0.20470362901687622,0.846230149269104,0.3316653370857239
YML113W,YCR073C,0,0.5110946,0.2046545147895813,0.846230149269104,0.33176541328430176
YOL102C,YDR113C,0,0.51097023,0.20460541546344757,0.846230149269104,0.33186548948287964
YDR210W-B,YPL120W,0,0.5108756,0.20455636084079742,0.846230149269104,0.3319655656814575
YOR124C,YKL220C,0,0.5108342,0.20450730621814728,0.846230149269104,0.3320656418800354
YFR001W,YPL188W,0,0.51057893,0.2044582962989807,0.846230149269104,0.3321657180786133
YML051W,YGL028C,0,0.5105495,0.20440930128097534,0.846230149269104,0.33226582407951355
YGR235C,YNL054W-B,0,0.51044697,0.20436032116413116,0.846230149269104,0.33236590027809143
YDR198C,YML091C,0,0.51011145,0.20431137084960938,0.846230149269104,0.3324659764766693
YJR045C,YMR036C,0,0.5098943,0.20426245033740997,0.846230149269104,0.3325660526752472
YOR224C,YLR227W-A,0,0.5089585,0.20421354472637177,0.846230149269104,0.3326661288738251
YDR052C,YML058W,1,0.5087963,0.20440402626991272,0.8472222089767456,0.3326661288738251
YJR066W,YDR359C,0,0.50753057,0.20435510575771332,0.8472222089767456,0.33276620507240295
YHR017W,YJR014W,0,0.5070691,0.2043062150478363,0.8472222089767456,0.33286628127098083
YHR155W,YDL004W,0,0.50702804,0.20425735414028168,0.8472222089767456,0.3329663872718811
YDR474C,YER066W,0,0.5068044,0.20420850813388824,0.8472222089767456,0.333066463470459
YPR158W-B,YDR475C,0,0.5067552,0.2041596919298172,0.8472222089767456,0.33316653966903687
YDR402C,YAL013W,0,0.5065082,0.20411090552806854,0.8472222089767456,0.33326661586761475
YOL086W-A,YPR135W,1,0.50623477,0.20430107414722443,0.8482142686843872,0.33326661586761475
YCR081W,YBR149W,0,0.506046,0.20425227284431458,0.8482142686843872,0.3333666920661926
YPL189C-A,YMR150C,0,0.50574476,0.20420348644256592,0.8482142686843872,0.3334667682647705
YIL165C,YGL079W,0,0.5044142,0.20415472984313965,0.8482142686843872,0.3335668444633484
YJL103C,YBR123C,0,0.50428796,0.20410598814487457,0.8482142686843872,0.33366692066192627
YBR170C,YAR007C,1,0.503493,0.20429594814777374,0.8492063283920288,0.33366692066192627
YIL004C,YLR385C,0,0.5024769,0.20424719154834747,0.8492063283920288,0.33376702666282654
YOL093W,YNL301C,0,0.5017899,0.20419847965240479,0.8492063283920288,0.3338671028614044
YOL086W-A,YDL042C,1,0.5017288,0.20438826084136963,0.8501983880996704,0.3338671028614044
YER128W,YGR272C,0,0.501676,0.20433953404426575,0.8501983880996704,0.3339671790599823
YER036C,YER053C-A,0,0.5006265,0.20429082214832306,0.8501983880996704,0.3340672552585602
YER095W,YPL015C,0,0.49967375,0.20424214005470276,0.8501983880996704,0.33416733145713806
YAL002W,YOR137C,0,0.49903694,0.20419347286224365,0.8501983880996704,0.33426740765571594
YLR405W,YDR206W,0,0.4986284,0.20414483547210693,0.8501983880996704,0.3343674838542938
YGR038C-B,YKL085W,0,0.49860033,0.2040962129831314,0.8501983880996704,0.3344675600528717
YGR027W-B,YAL023C,0,0.49846974,0.20404762029647827,0.8501983880996704,0.334567666053772
YKL170W,YLR369W,0,0.4984475,0.20399904251098633,0.8501983880996704,0.33466774225234985
YNL121C,YDR365W-B,0,0.4984415,0.20395049452781677,0.8501983880996704,0.33476781845092773
YKR044W,YDR381C-A,0,0.49829283,0.2039019763469696,0.8501983880996704,0.3348678946495056
YPR049C,YCL010C,0,0.4982114,0.20385347306728363,0.8501983880996704,0.3349679708480835
YAL015C,YLR381W,1,0.4979454,0.20404280722141266,0.851190447807312,0.3349679708480835
YDL005C,YEL064C,0,0.4968317,0.2039942890405655,0.851190447807312,0.3350680470466614
YAL056W,YBR075W,0,0.49657002,0.2039458006620407,0.851190447807312,0.33516812324523926
YGR140W,YLR375W,0,0.49561748,0.20389734208583832,0.851190447807312,0.3352682292461395
YLR251W,YEL030W,0,0.49477103,0.20384889841079712,0.851190447807312,0.3353683054447174
YDR098C-B,YOR255W,0,0.49455705,0.20380046963691711,0.851190447807312,0.3354683816432953
YJR066W,YHR092C,0,0.4944438,0.2037520706653595,0.851190447807312,0.33556845784187317
YER048C,YMR153W,0,0.49363193,0.20370370149612427,0.851190447807312,0.33566853404045105
YGR271W,YER138C,0,0.4933773,0.20365534722805023,0.851190447807312,0.33576861023902893
YOR343W-A,YPR144C,0,0.49216345,0.20360702276229858,0.851190447807312,0.3358686864376068
YOR234C,YMR227C,0,0.49181733,0.20355871319770813,0.851190447807312,0.3359687626361847
YDR458C,YER048C,0,0.49168912,0.20351043343544006,0.851190447807312,0.33606886863708496
YDR200C,YDR380W,0,0.49158803,0.20346218347549438,0.851190447807312,0.33616894483566284
YGR027W-A,YGL055W,0,0.4913496,0.2034139335155487,0.851190447807312,0.3362690210342407
YBR166C,YML071C,0,0.49106118,0.2033657282590866,0.851190447807312,0.3363690972328186
YML058W,YCL061C,1,0.4906306,0.20355449616909027,0.8521825671195984,0.3363690972328186
YGR247W,YPR173C,0,0.49056038,0.20350627601146698,0.8521825671195984,0.3364691734313965
YMR041C,YIR015W,0,0.4903194,0.20345807075500488,0.8521825671195984,0.33656924962997437
YBR061C,YDR427W,0,0.49008468,0.20340989530086517,0.8521825671195984,0.33666932582855225
YER133W,YAR007C,1,0.4895499,0.2035984843969345,0.85317462682724,0.33666932582855225
YDR481C,YPL164C,0,0.4894254,0.2035502940416336,0.85317462682724,0.3367694020271301
YGR109W-A,YCR017C,0,0.4886892,0.2035021334886551,0.85317462682724,0.3368695080280304
YHR017W,YEL070W,0,0.48852184,0.20345398783683777,0.85317462682724,0.3369695842266083
YBL100W-B,YIL050W,0,0.48850206,0.20340587198734283,0.85317462682724,0.33706966042518616
YOR308C,YJR121W,0,0.48775783,0.2033577710390091,0.85317462682724,0.33716973662376404
YDR533C,YNL290W,0,0.4874116,0.20330969989299774,0.85317462682724,0.3372698128223419
YGR161W-A,YGL019W,0,0.4873143,0.20326164364814758,0.85317462682724,0.3373698890209198
YKL110C,YJR110W,0,0.48726484,0.2032136172056198,0.85317462682724,0.3374699652194977
YML031W,YOR057W,0,0.48713335,0.20316560566425323,0.85317462682724,0.33757004141807556
YCL019W,YFR010W,0,0.48701373,0.20311762392520905,0.85317462682724,0.33767014741897583
YHR157W,YKR072C,0,0.48647228,0.20306965708732605,0.85317462682724,0.3377702236175537
YCR081W,YHR043C,0,0.48641363,0.20302172005176544,0.85317462682724,0.3378702998161316
YHL009W-B,YLR356W,0,0.4844649,0.20297379791736603,0.85317462682724,0.3379703760147095
YHR089C,YBL034C,0,0.48435095,0.202925905585289,0.85317462682724,0.33807045221328735
YDL007W,YHR035W,0,0.4839833,0.20287804305553436,0.85317462682724,0.33817052841186523
YAL021C,YDL042C,1,0.48370287,0.20306603610515594,0.8541666865348816,0.33817052841186523
YJR066W,YPL148C,0,0.48290214,0.2030181586742401,0.8541666865348816,0.3382706046104431
YLR347C,YOR142W-B,0,0.48285785,0.20297029614448547,0.8541666865348816,0.3383707106113434
YDR198C,YLR438C-A,0,0.4818888,0.20292246341705322,0.8541666865348816,0.33847078680992126
YLR055C,YJL047C,0,0.48058775,0.20287464559078217,0.8541666865348816,0.33857086300849915
YNL101W,YNL224C,0,0.48053303,0.2028268575668335,0.8541666865348816,0.338670939207077
YJL042W,YDL130W,0,0.47990862,0.20277908444404602,0.8541666865348816,0.3387710154056549
YKR038C,YGL108C,0,0.479894,0.20273134112358093,0.8541666865348816,0.3388710916042328
YBR109C,YDR452W,0,0.4798257,0.20268361270427704,0.8541666865348816,0.33897116780281067
YGR046W,YOR260W,0,0.47977236,0.20263591408729553,0.8541666865348816,0.33907124400138855
YNL241C,YGL134W,0,0.47964737,0.20258823037147522,0.8541666865348816,0.3391713500022888
YGL142C,YOR035C,0,0.47905478,0.2025405764579773,0.8541666865348816,0.3392714262008667
YDR450W,YNR057C,0,0.47841296,0.20249293744564056,0.8541666865348816,0.3393715023994446
YNL138W-A,YOL071W,0,0.47820082,0.20244532823562622,0.8541666865348816,0.33947157859802246
YGL226C-A,YOR046C,0,0.47805926,0.20239774882793427,0.8541666865348816,0.33957165479660034
YGR053C,YHR191C,1,0.47790816,0.20258519053459167,0.8551587462425232,0.33957165479660034
YPL280W,YNR071C,0,0.47784355,0.20253759622573853,0.8551587462425232,0.3396717309951782
YEL041W,YGR070W,0,0.47780868,0.20249001681804657,0.8551587462425232,0.3397718071937561
YML008C,YGR010W,0,0.47724363,0.202442467212677,0.8551587462425232,0.339871883392334
YPL016W,YLR193C,0,0.47706082,0.20239493250846863,0.8551587462425232,0.33997198939323425
YDR226W,YPL167C,1,0.47685668,0.20258216559886932,0.8561508059501648,0.33997198939323425
YBR101C,YDR240C,0,0.47648308,0.20253461599349976,0.8561508059501648,0.34007206559181213
YOR371C,YDR365W-B,0,0.47506174,0.20248709619045258,0.8561508059501648,0.34017214179039
YBL085W,YNR028W,0,0.47304097,0.2024395912885666,0.8561508059501648,0.3402722179889679
YKL055C,YNL196C,0,0.47286406,0.202392116189003,0.8561508059501648,0.3403722941875458
YEL072W,YGR292W,0,0.4728035,0.20234467089176178,0.8561508059501648,0.34047237038612366
YJL151C,YNL290W,0,0.472688,0.20229724049568176,0.8561508059501648,0.34057244658470154
YER137C-A,YHR057C,0,0.47219947,0.20224982500076294,0.8561508059501648,0.3406725525856018
YNL048W,YOR174W,0,0.47207108,0.2022024393081665,0.8561508059501648,0.3407726287841797
YDR164C,YNL166C,0,0.47194114,0.20215506851673126,0.8561508059501648,0.34087270498275757
YLR192C,YMR232W,0,0.4718472,0.2021077275276184,0.8561508059501648,0.34097278118133545
YCL074W,YDR308C,0,0.47138062,0.20206040143966675,0.8561508059501648,0.34107285737991333
YOR338W,YLR138W,0,0.4703476,0.20201310515403748,0.8561508059501648,0.3411729335784912
YDR206W,YLL034C,0,0.4693891,0.2019658386707306,0.8561508059501648,0.3412730097770691
YHR158C,YNL005C,0,0.46879926,0.2019185721874237,0.8561508059501648,0.341373085975647
YFR010W,YOL071W,0,0.46869716,0.2018713504076004,0.8561508059501648,0.34147319197654724
YDL005C,YHR071W,0,0.46654108,0.2018241286277771,0.8561508059501648,0.3415732681751251
YFL033C,YOR278W,0,0.4657096,0.20177695155143738,0.8561508059501648,0.341673344373703
YGL245W,YBL051C,0,0.46563116,0.20172977447509766,0.8561508059501648,0.3417734205722809
YHR198C,YPR052C,0,0.46531942,0.20168264210224152,0.8561508059501648,0.34187349677085876
YOR035C,YHR150W,0,0.46489695,0.20163550972938538,0.8561508059501648,0.34197357296943665
YKL158W,YGR292W,0,0.4648017,0.20158840715885162,0.8561508059501648,0.3420736491680145
YDR475C,YCR096C,0,0.4642482,0.20154133439064026,0.8561508059501648,0.3421737253665924
YLR364W,YLR010C,0,0.46351418,0.2014942765235901,0.8561508059501648,0.3422738313674927
YMR312W,YLL005C,0,0.46319893,0.2014472484588623,0.8561508059501648,0.34237390756607056
YIL020C,YNL075W,0,0.4618062,0.20140023529529572,0.8561508059501648,0.34247398376464844
YPR199C,YBL016W,0,0.4614934,0.20135323703289032,0.8561508059501648,0.3425740599632263
YOL078W,YEL040W,0,0.4608579,0.2013062685728073,0.8561508059501648,0.3426741361618042
YIL145C,YLL008W,0,0.46020254,0.2012593299150467,0.8561508059501648,0.3427742123603821
YBR221C,YIL016W,0,0.45965496,0.20121240615844727,0.8561508059501648,0.34287428855895996
YOL083W,YLR262C-A,0,0.45861283,0.20116549730300903,0.8561508059501648,0.34297436475753784
YIL038C,YPL165C,0,0.45784256,0.2011186182498932,0.8561508059501648,0.3430744707584381
YFR053C,YER157W,0,0.45732608,0.20107175409793854,0.8561508059501648,0.343174546957016
YDR210W-B,YPR113W,0,0.45588693,0.20102491974830627,0.8561508059501648,0.34327462315559387
YBR040W,YGR239C,0,0.45523807,0.2009781152009964,0.8561508059501648,0.34337469935417175
YER129W,YER070W,1,0.4541516,0.2011641412973404,0.8571428656578064,0.34337469935417175
YGL170C,YBL101W-A,0,0.45402822,0.20111732184886932,0.8571428656578064,0.34347477555274963
YNL064C,YHR034C,0,0.4537901,0.20107051730155945,0.8571428656578064,0.3435748517513275
YER024W,YNR057C,0,0.45374748,0.20102372765541077,0.8571428656578064,0.3436749279499054
YNL210W,YGR030C,0,0.45319685,0.20097696781158447,0.8571428656578064,0.34377503395080566
YGR222W,YOR198C,0,0.45312932,0.20093023777008057,0.8571428656578064,0.34387511014938354
YJR002W,YLR206W,0,0.45290366,0.20088352262973785,0.8571428656578064,0.3439751863479614
YGR053C,YBR087W,1,0.45210454,0.20106926560401917,0.858134925365448,0.3439751863479614
YHL050C,YLR466W,0,0.45203283,0.20102253556251526,0.858134925365448,0.3440752625465393
YDR422C,YGL237C,0,0.4517063,0.20097583532333374,0.858134925365448,0.3441753387451172
YCR070W,YGR175C,0,0.45158952,0.20092914998531342,0.858134925365448,0.34427541494369507
YBR126C,YOL013C,0,0.45137742,0.20088249444961548,0.858134925365448,0.34437549114227295
YNR063W,YKL059C,0,0.45095012,0.20083585381507874,0.858134925365448,0.34447556734085083
YPR164W,YMR316C-A,0,0.45066637,0.20078922808170319,0.858134925365448,0.3445756733417511
YDR226W,YOR217W,1,0.44999915,0.200974702835083,0.8591269850730896,0.3445756733417511
YNR073C,YOL072W,0,0.4492086,0.20092807710170746,0.8591269850730896,0.344675749540329
YBR100W,YCL012W,0,0.44879815,0.2008814662694931,0.8591269850730896,0.34477582573890686
YHR042W,YDL207W,0,0.44865435,0.20083488523960114,0.8591269850730896,0.34487590193748474
YJR019C,YPL116W,0,0.4481785,0.20078831911087036,0.8591269850730896,0.3449759781360626
YOR231W,YDL065C,0,0.4477431,0.20074176788330078,0.8591269850730896,0.3450760543346405
YBR234C,YBR240C,0,0.44749016,0.2006952464580536,0.8591269850730896,0.3451761305332184
YDR221W,YML038C,0,0.44700906,0.20064875483512878,0.8591269850730896,0.34527620673179626
YLR115W,YDR256C,0,0.4469301,0.20060226321220398,0.8591269850730896,0.34537631273269653
YPL189C-A,YGL234W,0,0.44563767,0.20055581629276276,0.8591269850730896,0.3454763889312744
YPR105C,YNL288W,0,0.4456149,0.20050938427448273,0.8591269850730896,0.3455764651298523
YPL258C,YGL263W,0,0.44539052,0.2004629671573639,0.8591269850730896,0.3456765413284302
YOR047C,YCR093W,0,0.44450927,0.20041656494140625,0.8591269850730896,0.34577661752700806
YKL133C,YOR330C,0,0.44449404,0.200370192527771,0.8591269850730896,0.34587669372558594
YML098W,YOR181W,0,0.4441132,0.20032384991645813,0.8591269850730896,0.3459767699241638
YBR061C,YLR148W,0,0.44334725,0.20027752220630646,0.8591269850730896,0.3460768759250641
YKL049C,YDR430C,0,0.44120044,0.20023120939731598,0.8591269850730896,0.34617695212364197
YKL037W,YOR192C-B,0,0.4405882,0.2001849263906479,0.8591269850730896,0.34627702832221985
YBR041W,YML039W,0,0.4404681,0.200138658285141,0.8591269850730896,0.34637710452079773
YKR099C-A,YBR055C,0,0.4402848,0.20009241998195648,0.8591269850730896,0.3464771807193756
YDR507C,YMR056C,0,0.4402723,0.20004619657993317,0.8591269850730896,0.3465772569179535
YPL089C,YGL131C,0,0.44027093,0.20000000298023224,0.8591269850730896,0.34667733311653137
YJL057C,YGL158W,0,0.43962494,0.1999538242816925,0.8591269850730896,0.34677740931510925
YML062C,YDR034C,0,0.4395741,0.19990766048431396,0.8591269850730896,0.3468775153160095
YOR150W,YBR240C,0,0.439544,0.1998615264892578,0.8591269850730896,0.3469775915145874
YOR065W,YGL136C,0,0.4394484,0.19981540739536285,0.8591269850730896,0.3470776677131653
YGR131W,YPL192C,0,0.43919322,0.19976931810379028,0.8591269850730896,0.34717774391174316
YGR161W-B,YCR008W,0,0.43914822,0.1997232437133789,0.8591269850730896,0.34727782011032104
YBL005W-B,YML094W,0,0.43897402,0.19967719912528992,0.8591269850730896,0.3473778963088989
YJL191W,YCL058W-A,0,0.43865487,0.19963116943836212,0.8591269850730896,0.3474779725074768
YER137C-A,YPR165W,0,0.43857792,0.19958515465259552,0.8591269850730896,0.3475780487060547
YOL123W,YLR176C,0,0.4385406,0.1995391696691513,0.8591269850730896,0.34767815470695496
YLR227W-A,YPL181W,0,0.4384704,0.1994931995868683,0.8591269850730896,0.34777823090553284
YER129W,YJL072C,1,0.4383029,0.19967757165431976,0.8601190447807312,0.34777823090553284
YKR077W,YEL068C,0,0.43818837,0.19963158667087555,0.8601190447807312,0.3478783071041107
YKL079W,YKL126W,0,0.43768007,0.19958563148975372,0.8601190447807312,0.3479783833026886
YEL068C,YEL040W,0,0.43737915,0.19953970611095428,0.8601190447807312,0.3480784595012665
YCR029C-A,YGL026C,0,0.4373175,0.19949378073215485,0.8601190447807312,0.34817853569984436
YKR002W,YBR065C,0,0.4369425,0.199447900056839,0.8601190447807312,0.34827861189842224
YLR083C,YDR210W-B,0,0.43634835,0.19940201938152313,0.8601190447807312,0.3483786880970001
YGL065C,YPL243W,0,0.4360951,0.19935616850852966,0.8601190447807312,0.3484787940979004
YMR220W,YKL054C,0,0.4348369,0.19931034743785858,0.8601190447807312,0.34857887029647827
YDR510W,YBR007C,0,0.4346297,0.1992645412683487,0.8601190447807312,0.34867894649505615
YHR181W,YJR141W,0,0.43460467,0.19921875,0.8601190447807312,0.34877902269363403
YGL168W,YLL004W,1,0.43421343,0.19940270483493805,0.8611111044883728,0.34877902269363403
YLR067C,YKR006C,0,0.43407527,0.19935691356658936,0.8611111044883728,0.3488790988922119
YNR075W,YLR266C,0,0.43387067,0.19931113719940186,0.8611111044883728,0.3489791750907898
YER053C-A,YDR259C,0,0.4327073,0.19926537573337555,0.8611111044883728,0.3490792512893677
YPL282C,YDR034W-B,0,0.43250906,0.19921964406967163,0.8611111044883728,0.34917935729026794
YNL284C-A,YLR451W,0,0.4318545,0.1991739273071289,0.8611111044883728,0.3492794334888458
YLR391W,YOR290C,0,0.43173668,0.19912824034690857,0.8611111044883728,0.3493795096874237
YHR032W,YGL236C,0,0.43086684,0.19908256828784943,0.8611111044883728,0.3494795858860016
YDL171C,YHR164C,0,0.43011254,0.19903691112995148,0.8611111044883728,0.34957966208457947
YCL060C,YBR088C,1,0.42983148,0.19922053813934326,0.8621031641960144,0.34957966208457947
YDR168W,YOR394W,0,0.4298261,0.1991748809814453,0.8621031641960144,0.34967973828315735
YDR436W,YAL021C,0,0.42860034,0.19912923872470856,0.8621031641960144,0.34977981448173523
YJR094C,YAL043C,0,0.42848092,0.1990836262702942,0.8621031641960144,0.3498798906803131
YDR261C-D,YKL134C,0,0.42830634,0.19903801381587982,0.8621031641960144,0.3499799966812134
YPR120C,YFL043C,0,0.427649,0.19899244606494904,0.8621031641960144,0.35008007287979126
YDL095W,YGR161C-D,0,0.42725894,0.19894689321517944,0.8621031641960144,0.35018014907836914
YGR108W,YCR020W-B,0,0.42724222,0.19890135526657104,0.8621031641960144,0.350280225276947
YIL118W,YGR264C,0,0.42708224,0.19885583221912384,0.8621031641960144,0.3503803014755249
YOR231W,YOR172W,0,0.42701396,0.19881033897399902,0.8621031641960144,0.3504803776741028
YBL100W-B,YPL256C,0,0.42680213,0.1987648606300354,0.8621031641960144,0.35058045387268066
YBR005W,YJL116C,0,0.42660695,0.19871941208839417,0.8621031641960144,0.35068053007125854
YGL058W,YPL280W,0,0.42613217,0.19867397844791412,0.8621031641960144,0.3507806360721588
YNL124W,YMR023C,0,0.42468342,0.19862857460975647,0.8621031641960144,0.3508807122707367
YLR222C,YMR225C,0,0.4238169,0.19858318567276,0.8621031641960144,0.3509807884693146
YOR090C,YKR084C,0,0.42352846,0.19853781163692474,0.8621031641960144,0.35108086466789246
YKR098C,YGR245C,0,0.42299792,0.19849246740341187,0.8621031641960144,0.35118094086647034
YGL002W,YGL005C,0,0.42286876,0.19844713807106018,0.8621031641960144,0.3512810170650482
YHR044C,YIL061C,0,0.42172512,0.1984018236398697,0.8621031641960144,0.3513810932636261
YDL126C,YNL218W,1,0.4207755,0.19858479499816895,0.863095223903656,0.3513810932636261
YGR038C-B,YBL014C,0,0.42009386,0.19853948056697845,0.863095223903656,0.35148119926452637
YLR114C,YDR470C,0,0.41930923,0.19849418103694916,0.863095223903656,0.35158127546310425
YNL182C,YLR381W,1,0.41792825,0.19867700338363647,0.8640872836112976,0.35158127546310425
YLR321C,YLR113W,1,0.41778862,0.19885975122451782,0.8650793433189392,0.35158127546310425
YNL325C,YER182W,0,0.41717997,0.19881440699100494,0.8650793433189392,0.35168135166168213
YCL038C,YJR067C,0,0.41653845,0.19876909255981445,0.8650793433189392,0.35178142786026
YBL100W-B,YMR100W,0,0.4155819,0.19872379302978516,0.8650793433189392,0.3518815040588379
YIR015W,YHR074W,0,0.41465527,0.19867850840091705,0.8650793433189392,0.35198158025741577
YGR288W,YDR201W,0,0.4144308,0.19863325357437134,0.8650793433189392,0.35208165645599365
YNR071C,YDR123C,0,0.41419002,0.19858801364898682,0.8650793433189392,0.35218173265457153
YPR181C,YJR031C,0,0.41416305,0.19854280352592468,0.8650793433189392,0.3522818386554718
YDL134C,YCL003W,0,0.41412017,0.19849760830402374,0.8650793433189392,0.3523819148540497
YBR221C,YLR337W,0,0.4137898,0.198452427983284,0.8650793433189392,0.35248199105262756
YLL026W,YDR217C,0,0.413007,0.19840727746486664,0.8650793433189392,0.35258206725120544
YDR150W,YDR329C,0,0.41283146,0.19836214184761047,0.8650793433189392,0.3526821434497833
YBR102C,YOR299W,0,0.4127055,0.1983170360326767,0.8650793433189392,0.3527822196483612
YGR212W,YCL057C-A,0,0.41241327,0.1982719451189041,0.8650793433189392,0.3528822958469391
YLR405W,YPL097W,0,0.41161543,0.19822686910629272,0.8650793433189392,0.35298237204551697
YJL104W,YLR320W,0,0.41145635,0.19818182289600372,0.8650793433189392,0.35308247804641724
YFL036W,YBR088C,1,0.41093102,0.1983640044927597,0.8660714030265808,0.35308247804641724
YDL247W,YLR057W,0,0.41060558,0.1983189433813095,0.8660714030265808,0.3531825542449951
YML008C,YLR201C,0,0.41053948,0.1982738971710205,0.8660714030265808,0.353282630443573
YIL151C,YOR035C,0,0.40958348,0.1982288807630539,0.8660714030265808,0.3533827066421509
YCR028C-A,YBR228W,1,0.40826473,0.19841089844703674,0.8670634627342224,0.3533827066421509
YMR043W,YGR170W,0,0.40797874,0.19836586713790894,0.8670634627342224,0.35348278284072876
YPR049C,YDR540C,0,0.40772086,0.19832085072994232,0.8670634627342224,0.35358285903930664
YMR015C,YGL133W,0,0.40744403,0.1982758641242981,0.8670634627342224,0.3536829352378845
YPR095C,YJL047C,0,0.40731606,0.19823089241981506,0.8670634627342224,0.3537830412387848
YHL009W-A,YAL038W,0,0.4071361,0.19818593561649323,0.8670634627342224,0.35388311743736267
YOR047C,YJL030W,0,0.4068901,0.19814100861549377,0.8670634627342224,0.35398319363594055
YPR024W,YBR012W-A,0,0.40656456,0.19809609651565552,0.8670634627342224,0.35408326983451843
YBL103C,YOR262W,0,0.40631154,0.19805121421813965,0.8670634627342224,0.3541833460330963
YHR198C,YDL165W,0,0.4060562,0.19800634682178497,0.8670634627342224,0.3542834222316742
YLR135W,YER133W,1,0.40567556,0.19818799197673798,0.8680555820465088,0.3542834222316742
YDR261C-D,YLL045C,0,0.40567034,0.1981431096792221,0.8680555820465088,0.3543834984302521
YKL141W,YJL065C,0,0.40519106,0.19809825718402863,0.8680555820465088,0.35448357462882996
YGR261C,YNL317W,0,0.4049804,0.19805341958999634,0.8680555820465088,0.3545836806297302
YDL197C,YKR095W-A,0,0.40493372,0.19800859689712524,0.8680555820465088,0.3546837568283081
YPL173W,YDR508C,0,0.40485033,0.19796380400657654,0.8680555820465088,0.354783833026886
YOL129W,YDR527W,0,0.40468696,0.19791902601718903,0.8680555820465088,0.35488390922546387
YOR143C,YKL114C,0,0.40432587,0.1978742629289627,0.8680555820465088,0.35498398542404175
YIR034C,YLR013W,0,0.40408534,0.19782952964305878,0.8680555820465088,0.35508406162261963
YPR143W,YGR277C,0,0.4027984,0.19778481125831604,0.8680555820465088,0.3551841378211975
YNL185C,YBL051C,0,0.40243304,0.1977401077747345,0.8680555820465088,0.3552842140197754
YFR048W,YOR192C-B,0,0.40229174,0.19769543409347534,0.8680555820465088,0.35538432002067566
YGR181W,YNL231C,0,0.40167028,0.19765077531337738,0.8680555820465088,0.35548439621925354
YGL143C,YJL059W,0,0.39974827,0.1976061463356018,0.8680555820465088,0.3555844724178314
YJL107C,YDR381C-A,0,0.39951798,0.19756153225898743,0.8680555820465088,0.3556845486164093
YPR023C,YHR118C,1,0.39896622,0.19774267077445984,0.8690476417541504,0.3556845486164093
YGR261C,YNR040W,0,0.3987662,0.19769804179668427,0.8690476417541504,0.3557846248149872
YNL062C,YDR371W,0,0.39855152,0.19765342772006989,0.8690476417541504,0.35588470101356506
YNL121C,YOR090C,0,0.39834103,0.1976088434457779,0.8690476417541504,0.35598477721214294
YPL257W-B,YOL073C,0,0.3982502,0.1975642740726471,0.8690476417541504,0.3560848534107208
YML129C,YLR010C,0,0.39822486,0.19751973450183868,0.8690476417541504,0.3561849594116211
YOR378W,YJL113W,0,0.39777324,0.19747520983219147,0.8690476417541504,0.356285035610199
YPR038W,YPL274W,0,0.39767143,0.19743070006370544,0.8690476417541504,0.35638511180877686
YPL163C,YNL083W,0,0.3976059,0.19738620519638062,0.8690476417541504,0.35648518800735474
YMR259C,YOR062C,0,0.39759448,0.19734174013137817,0.8690476417541504,0.3565852642059326
YPR048W,YJL184W,0,0.39626446,0.19729728996753693,0.8690476417541504,0.3566853404045105
YOR065W,YER014W,0,0.3960627,0.19725286960601807,0.8690476417541504,0.3567854166030884
YLR353W,YIR002C,0,0.39434138,0.1972084641456604,0.8690476417541504,0.35688552260398865
YDL014W,YDR381C-A,0,0.39422584,0.19716407358646393,0.8690476417541504,0.35698559880256653
YMR133W,YLR390W,0,0.39395848,0.19711971282958984,0.8690476417541504,0.3570856750011444
YDR069C,YLR002C,1,0.39325836,0.19730034470558167,0.870039701461792,0.3570856750011444
YHL009W-A,YDR283C,0,0.39301732,0.1972559541463852,0.870039701461792,0.3571857511997223
YCL066W,YGR215W,0,0.39265424,0.1972116082906723,0.870039701461792,0.35728582739830017
YAL047C,YMR051C,0,0.3926337,0.1971672624349594,0.870039701461792,0.35738590359687805
YNL231C,YAR031W,0,0.39221394,0.1971229463815689,0.870039701461792,0.35748597979545593
YBL050W,YLR154W-C,0,0.39183745,0.1970786452293396,0.870039701461792,0.3575860559940338
YGR235C,YHR039C-A,0,0.39181283,0.19703437387943268,0.870039701461792,0.3576861619949341
YOL086W-A,YMR190C,1,0.39049637,0.197214737534523,0.8710317611694336,0.3576861619949341
YIL039W,YGR005C,0,0.39040837,0.1971704512834549,0.8710317611694336,0.35778623819351196
YDR210W,YGR109W-A,0,0.39035374,0.19712617993354797,0.8710317611694336,0.35788631439208984
YAR009C,YGL240W,0,0.38987502,0.19708192348480225,0.8710317611694336,0.3579863905906677
YGL191W,YNL137C,0,0.38958526,0.1970376968383789,0.8710317611694336,0.3580864667892456
YGR027W-B,YJL084C,0,0.38956347,0.19699349999427795,0.8710317611694336,0.3581865429878235
YDR393W,YDR358W,0,0.38930622,0.196949303150177,0.8710317611694336,0.35828661918640137
YIL004C,YDL211C,0,0.38929546,0.19690513610839844,0.8710317611694336,0.35838669538497925
YJR134C,YBL045C,0,0.38924274,0.19686098396778107,0.8710317611694336,0.3584868013858795
YDL126C,YML069W,1,0.38867182,0.19704101979732513,0.8720238208770752,0.3584868013858795
YNL027W,YPL031C,0,0.38862935,0.19699686765670776,0.8720238208770752,0.3585868775844574
YDR173C,YKL025C,0,0.38582045,0.1969527155160904,0.8720238208770752,0.3586869537830353
YGR082W,YPL244C,0,0.38567045,0.1969086080789566,0.8720238208770752,0.35878702998161316
YBR233W-A,YPR106W,0,0.38526502,0.19686450064182281,0.8720238208770752,0.35888710618019104
YML127W,YHR090C,0,0.38464198,0.1968204230070114,0.8720238208770752,0.3589871823787689
YKR002W,YOR276W,0,0.38445896,0.1967763602733612,0.8720238208770752,0.3590872585773468
YJR025C,YPL097W,0,0.3844162,0.1967323124408722,0.8720238208770752,0.35918736457824707
YNL257C,YDR194C,0,0.38405487,0.19668829441070557,0.8720238208770752,0.35928744077682495
YIL033C,YML112W,0,0.38306183,0.19664429128170013,0.8720238208770752,0.35938751697540283
YMR217W,YOL070C,0,0.38136435,0.1966003179550171,0.8720238208770752,0.3594875931739807
YJR127C,YOR236W,0,0.38101676,0.19655634462833405,0.8720238208770752,0.3595876693725586
YCL074W,YJR150C,0,0.38029066,0.1965124011039734,0.8720238208770752,0.3596877455711365
YIR032C,YNL108C,0,0.3800052,0.19646848738193512,0.8720238208770752,0.35978782176971436
YCR028C-A,YJR006W,1,0.37919155,0.19664804637432098,0.8730158805847168,0.35978782176971436
YPL161C,YKR007W,0,0.37877288,0.19660411775112152,0.8730158805847168,0.35988789796829224
YCL058C,YNL248C,0,0.3782954,0.19656018912792206,0.8730158805847168,0.3599880039691925
YOR343W-A,YGL103W,0,0.3779424,0.19651630520820618,0.8730158805847168,0.3600880801677704
YBR109C,YGL245W,0,0.37790993,0.1964724212884903,0.8730158805847168,0.36018815636634827
YML064C,YKR055W,0,0.3777626,0.1964285671710968,0.8730158805847168,0.36028823256492615
YLR154C,YLL004W,1,0.3761236,0.19660790264606476,0.8740079402923584,0.36028823256492615
YOR249C,YDR171W,0,0.37548923,0.19656403362751007,0.8740079402923584,0.36038830876350403
YLR153C,YPL065W,0,0.37528324,0.19652019441127777,0.8740079402923584,0.3604883849620819
YLR120C,YBL103C,0,0.37516776,0.19647635519504547,0.8740079402923584,0.3605884611606598
YGR161W-B,YMR277W,0,0.37507394,0.19643254578113556,0.8740079402923584,0.36068853735923767
YEL005C,YPL112C,0,0.37358436,0.19638876616954803,0.8740079402923584,0.36078864336013794
YGR056W,YCR016W,0,0.37351868,0.1963450014591217,0.8740079402923584,0.3608887195587158
YOR308C,YER004W,0,0.37336048,0.19630125164985657,0.8740079402923584,0.3609887957572937
YPR196W,YKL014C,0,0.3731952,0.19625751674175262,0.8740079402923584,0.3610888719558716
YNL333W,YPL216W,0,0.37176868,0.19621381163597107,0.8740079402923584,0.36118894815444946
YGR005C,YJL082W,0,0.36931044,0.1961701214313507,0.8740079402923584,0.36128902435302734
YBR100W,YNL330C,1,0.36920577,0.19634906947612762,0.875,0.36128902435302734
YOR128C,YGL005C,0,0.36901042,0.19630536437034607,0.875,0.3613891005516052
YLR073C,YPR147C,0,0.36856014,0.1962616890668869,0.875,0.3614891767501831
YAR033W,YLR312W-A,0,0.3685165,0.19621801376342773,0.875,0.3615892827510834
YNR007C,YOR221C,0,0.3683991,0.19617438316345215,0.875,0.36168935894966125
YBR068C,YGR066C,0,0.36838397,0.19613075256347656,0.875,0.36178943514823914
YDR079C-A,YDL206W,0,0.368018,0.19608715176582336,0.875,0.361889511346817
YOR236W,YKL086W,0,0.36748627,0.19604356586933136,0.875,0.3619895875453949
YDR139C,YLR059C,0,0.36693862,0.19599999487400055,0.875,0.3620896637439728
YBR198C,YGL225W,0,0.36693722,0.19595645368099213,0.875,0.36218973994255066
YPR022C,YLR188W,0,0.3664722,0.1959129273891449,0.875,0.3622898459434509
YNL062C,YCR028C-A,0,0.3657457,0.19586941599845886,0.875,0.3623899221420288
YLR299W,YGL173C,0,0.36541575,0.19582593441009521,0.875,0.3624899983406067
YJL035C,YLR154W-A,0,0.36526632,0.19578246772289276,0.875,0.36259007453918457
YMR096W,YHR155W,0,0.36446014,0.1957390159368515,0.875,0.36269015073776245
YDL008W,YGR244C,0,0.36350164,0.19569557905197144,0.875,0.36279022693634033
YBL013W,YOL061W,0,0.36330867,0.19565217196941376,0.875,0.3628903031349182
YPL203W,YHL019C,0,0.36322117,0.19560877978801727,0.875,0.3629903793334961
YHL024W,YLR442C,1,0.3629324,0.19578714668750763,0.8759920597076416,0.3629903793334961
YFL005W,YMR059W,0,0.3628631,0.19574373960494995,0.8759920597076416,0.36309048533439636
YMR133W,YER144C,0,0.36199716,0.19570034742355347,0.8759920597076416,0.36319056153297424
YIL131C,YBR008C,0,0.36094466,0.19565698504447937,0.8759920597076416,0.3632906377315521
YIL145C,YFL011W,0,0.36080864,0.19561365246772766,0.8759920597076416,0.36339071393013
YHL048W,YKL043W,0,0.36042807,0.19557031989097595,0.8759920597076416,0.3634907901287079
YMR015C,YGL046W,0,0.35981888,0.19552701711654663,0.8759920597076416,0.36359086632728577
YFR021W,YAL025C,0,0.35958278,0.1954837292432785,0.8759920597076416,0.36369094252586365
YMR022W,YDR062W,0,0.3591826,0.19544045627117157,0.8759920597076416,0.36379101872444153
YIR024C,YPR022C,0,0.35913992,0.19539721310138702,0.8759920597076416,0.3638911247253418
YHR110W,YPL190C,0,0.3583201,0.19535398483276367,0.8759920597076416,0.3639912009239197
YGL130W,YDR381C-A,0,0.35778043,0.1953107714653015,0.8759920597076416,0.36409127712249756
YGL169W,YDL155W,0,0.3577061,0.19526758790016174,0.8759920597076416,0.36419135332107544
YNL047C,YKL110C,0,0.35769412,0.19522440433502197,0.8759920597076416,0.3642914295196533
YDR294C,YPL116W,0,0.35768926,0.1951812505722046,0.8759920597076416,0.3643915057182312
YPL115C,YOL044W,0,0.3574583,0.1951381266117096,0.8759920597076416,0.3644915819168091
YFR018C,YAL058W,0,0.3570465,0.1950950026512146,0.8759920597076416,0.36459168791770935
YOR328W,YPL210C,0,0.3568,0.195051908493042,0.8759920597076416,0.36469176411628723
YCR105W,YLR097C,0,0.35622594,0.19500882923603058,0.8759920597076416,0.3647918403148651
YBR009C,YFR005C,0,0.35576883,0.19496577978134155,0.8759920597076416,0.364891916513443
YLR353W,YHR164C,0,0.35488495,0.19492273032665253,0.8759920597076416,0.3649919927120209
YIL108W,YCR020W-B,0,0.35435298,0.1948797106742859,0.8759920597076416,0.36509206891059875
YDR458C,YIL018W,0,0.35396847,0.19483672082424164,0.8759920597076416,0.36519214510917664
YBL079W,YCL008C,0,0.35340032,0.1947937309741974,0.8759920597076416,0.3652922213077545
YJL096W,YML118W,0,0.35316807,0.19475077092647552,0.8759920597076416,0.3653923273086548
YFL035C-B,YKL207W,0,0.35300407,0.19470782577991486,0.8759920597076416,0.36549240350723267
YPL084W,YDR430C,0,0.35162812,0.19466491043567657,0.8759920597076416,0.36559247970581055
YFL060C,YGR121C,0,0.35115138,0.1946219950914383,0.8759920597076416,0.3656925559043884
YGR109C,YCL012W,0,0.35030833,0.1945791095495224,0.8759920597076416,0.3657926321029663
YOR063W,YMR122W-A,0,0.34989145,0.1945362389087677,0.8759920597076416,0.3658927083015442
YDR494W,YPL219W,0,0.3498542,0.1944933980703354,0.8759920597076416,0.36599278450012207
YPR196W,YLR457C,0,0.34944814,0.19445055723190308,0.8759920597076416,0.36609286069869995
YPL027W,YNR054C,0,0.3493261,0.19440774619579315,0.8759920597076416,0.3661929666996002
YKR099C-A,YMR075W,0,0.34873775,0.19436495006084442,0.8759920597076416,0.3662930428981781
YBR111W-A,YKR067W,0,0.34785354,0.19432218372821808,0.8759920597076416,0.366393119096756
YGR216C,YKL082C,0,0.34756145,0.19427943229675293,0.8759920597076416,0.36649319529533386
YDR105C,YDR201W,0,0.34727842,0.19423669576644897,0.8759920597076416,0.36659327149391174
YPL018W,YGR136W,0,0.34719682,0.1941939741373062,0.8759920597076416,0.3666933476924896
YLR425W,YHR184W,0,0.3470234,0.19415128231048584,0.8759920597076416,0.3667934238910675
YLR233C,YCL001W-A,0,0.34685588,0.19410859048366547,0.8759920597076416,0.3668935000896454
YDR142C,YCL020W,0,0.34640992,0.19406592845916748,0.8759920597076416,0.36699360609054565
YBL103C-A,YFL023W,0,0.34614357,0.19402329623699188,0.8759920597076416,0.36709368228912354
YKL063C,YLR070C,0,0.34607366,0.19398066401481628,0.8759920597076416,0.3671937584877014
YKR026C,YMR283C,0,0.34555686,0.19393806159496307,0.8759920597076416,0.3672938346862793
YOR214C,YCR040W,0,0.34552705,0.19389547407627106,0.8759920597076416,0.3673939108848572
YNL045W,YDR381C-A,0,0.345501,0.19385290145874023,0.8759920597076416,0.36749398708343506
YKL149C,YGL233W,0,0.34519142,0.1938103586435318,0.8759920597076416,0.36759406328201294
YGL190C,YKR056W,0,0.34497717,0.19376783072948456,0.8759920597076416,0.3676941692829132
YDR432W,YDL105W,0,0.3446512,0.1937253177165985,0.8759920597076416,0.3677942454814911
YGR278W,YBR108W,0,0.3446444,0.19368281960487366,0.8759920597076416,0.36789432168006897
YER042W,YMR225C,0,0.3440498,0.1936403512954712,0.8759920597076416,0.36799439787864685
YPL203W,YNL030W,0,0.34401262,0.19359789788722992,0.8759920597076416,0.36809447407722473
YDR231C,YBR228W,0,0.3437626,0.19355545938014984,0.8759920597076416,0.3681945502758026
YNL333W,YDR200C,0,0.34335655,0.19351303577423096,0.8759920597076416,0.3682946264743805
YPR120C,YPL189C-A,0,0.34259933,0.19347064197063446,0.8759920597076416,0.3683947026729584
YPL115C,YJR106W,0,0.34257165,0.19342826306819916,0.8759920597076416,0.36849480867385864
YOR214C,YDR179W-A,0,0.34223858,0.19338589906692505,0.8759920597076416,0.3685948848724365
YDL108W,YHR081W,0,0.3420977,0.19334354996681213,0.8759920597076416,0.3686949610710144
YJR082C,YCR029C-A,0,0.34194064,0.1933012306690216,0.8759920597076416,0.3687950372695923
YMR019W,YIL014W,0,0.3412229,0.19325891137123108,0.8759920597076416,0.36889511346817017
YHR126C,YJR094C,0,0.34058598,0.19321663677692413,0.8759920597076416,0.36899518966674805
YIR002C,YOR311C,0,0.34049124,0.1931743621826172,0.8759920597076416,0.3690952658653259
YEL070W,YGL006W,0,0.34004942,0.19313210248947144,0.8759920597076416,0.3691953420639038
YHR117W,YGR014W,0,0.33849993,0.19308987259864807,0.8759920597076416,0.3692954480648041
YBR098W,YDR099W,1,0.33820835,0.19326628744602203,0.8769841194152832,0.3692954480648041
YLR172C,YCR075C,0,0.33771983,0.19322404265403748,0.8769841194152832,0.36939552426338196
YMR093W,YGL213C,0,0.33749732,0.1931818127632141,0.8769841194152832,0.36949560046195984
YKL170W,YCR040W,0,0.33719882,0.19313961267471313,0.8769841194152832,0.3695956766605377
YHR058C,YBR274W,0,0.33639503,0.19309742748737335,0.8769841194152832,0.3696957528591156
YOR327C,YPL058C,0,0.33625242,0.19305525720119476,0.8769841194152832,0.3697958290576935
YPL014W,YDL141W,0,0.33595994,0.19301310181617737,0.8769841194152832,0.36989590525627136
YGR027W-B,YKL022C,0,0.33565822,0.19297096133232117,0.8769841194152832,0.36999601125717163
YJR057W,YKR006C,0,0.3356373,0.19292885065078735,0.8769841194152832,0.3700960874557495
YPL256C,YDR460W,0,0.3346103,0.19288675487041473,0.8769841194152832,0.3701961636543274
YPL268W,YJR051W,0,0.33440223,0.1928446739912033,0.8769841194152832,0.3702962398529053
YAL028W,YMR231W,0,0.33347324,0.19280262291431427,0.8769841194152832,0.37039631605148315
YNL092W,YHR164C,0,0.33331162,0.19276057183742523,0.8769841194152832,0.37049639225006104
YDR542W,YNL279W,0,0.33268374,0.19271855056285858,0.8769841194152832,0.3705964684486389
YGL255W,YOR069W,0,0.3319531,0.19267654418945312,0.8769841194152832,0.3706965446472168
YFR026C,YJR058C,0,0.33035192,0.19263456761837006,0.8769841194152832,0.37079665064811707
YDR529C,YHR034C,0,0.33028746,0.192592591047287,0.8769841194152832,0.37089672684669495
YNL270C,YIL040W,0,0.32975143,0.1925506442785263,0.8769841194152832,0.3709968030452728
YHR085W,YDR261C-C,0,0.3296767,0.19250871241092682,0.8769841194152832,0.3710968792438507
YDR373W,YER181C,0,0.3292027,0.19246679544448853,0.8769841194152832,0.3711969554424286
YDL105W,YJL020C,0,0.32861868,0.19242490828037262,0.8769841194152832,0.37129703164100647
YPR200C,YKR061W,0,0.3280252,0.1923830211162567,0.8769841194152832,0.37139710783958435
YKL161C,YIL135C,0,0.32784238,0.1923411637544632,0.8769841194152832,0.37149718403816223
YOR127W,YIL062C,0,0.32766792,0.19229932129383087,0.8769841194152832,0.3715972900390625
YPR121W,YBR187W,0,0.32765552,0.19225750863552094,0.8769841194152832,0.3716973662376404
YMR194W,YML015C,0,0.3268581,0.192215695977211,0.8769841194152832,0.37179744243621826
YIL137C,YKL174C,0,0.326749,0.19217391312122345,0.8769841194152832,0.37189751863479614
YFL028C,YCL012W,0,0.3265729,0.1921321451663971,0.8769841194152832,0.371997594833374
YOR319W,YHR171W,0,0.32603854,0.19209039211273193,0.8769841194152832,0.3720976710319519
YPL014W,YPR046W,0,0.32546064,0.19204866886138916,0.8769841194152832,0.3721977472305298
YLR430W,YER070W,1,0.32509118,0.1922241598367691,0.8779761791229248,0.3721977472305298
YPL281C,YMR306W,0,0.3248497,0.19218240678310394,0.8779761791229248,0.37229782342910767
YKL006C-A,YDL105W,0,0.32417136,0.19214068353176117,0.8779761791229248,0.37239792943000793
YOR328W,YHR058C,0,0.32396582,0.1920989751815796,0.8779761791229248,0.3724980056285858
YPL060C-A,YDR276C,0,0.3239531,0.1920572966337204,0.8779761791229248,0.3725980818271637
YFL028C,YAL002W,0,0.32354766,0.1920156180858612,0.8779761791229248,0.3726981580257416
YDR030C,YDR338C,0,0.32351536,0.1919739693403244,0.8779761791229248,0.37279823422431946
YOR272W,YDR385W,0,0.32333645,0.1919323354959488,0.8779761791229248,0.37289831042289734
YBR088C,YKL046C,0,0.3232343,0.19189071655273438,0.8779761791229248,0.3729983866214752
YGL136C,YLR284C,0,0.32312384,0.19184912741184235,0.8779761791229248,0.3730984926223755
YOR068C,YOR361C,0,0.32310534,0.19180753827095032,0.8779761791229248,0.37319856882095337
YDR073W,YPL189C-A,0,0.32279098,0.19176597893238068,0.8779761791229248,0.37329864501953125
YLR442C,YML058W,1,0.3225893,0.1919410675764084,0.8789682388305664,0.37329864501953125
YOR341W,YOR190W,0,0.32246143,0.19189950823783875,0.8789682388305664,0.37339872121810913
YDR069C,YCL067C,0,0.3222029,0.1918579488992691,0.8789682388305664,0.373498797416687
YLR153C,YLR284C,0,0.32198206,0.19181640446186066,0.8789682388305664,0.3735988736152649
YBR118W,YDR022C,0,0.32149476,0.1917748898267746,0.8789682388305664,0.3736989498138428
YPL001W,YGR244C,0,0.3213624,0.19173339009284973,0.8789682388305664,0.37379902601242065
YDR194C,YOL124C,0,0.32123128,0.19169190526008606,0.8789682388305664,0.3738991320133209
YIL034C,YDL044C,0,0.3209072,0.19165045022964478,0.8789682388305664,0.3739992082118988
YLR055C,YOR208W,0,0.3207104,0.1916089951992035,0.8789682388305664,0.3740992844104767
YMR177W,YER146W,0,0.32058296,0.1915675699710846,0.8789682388305664,0.37419936060905457
YCL067C,YGR230W,0,0.32050732,0.1915261596441269,0.8789682388305664,0.37429943680763245
YDR002W,YDR034C,0,0.31988207,0.19148476421833038,0.8789682388305664,0.3743995130062103
YDR192C,YMR063W,0,0.31913015,0.19144338369369507,0.8789682388305664,0.3744995892047882
YOL081W,YPL148C,0,0.31907246,0.19140203297138214,0.8789682388305664,0.3745996654033661
YLR185W,YOR142W-A,0,0.31860045,0.1913606971502304,0.8789682388305664,0.37469977140426636
YJL162C,YCL020W,0,0.31816036,0.19131937623023987,0.8789682388305664,0.37479984760284424
YCL075W,YLR011W,0,0.3179734,0.19127807021141052,0.8789682388305664,0.3748999238014221
YNL137C,YMR078C,0,0.3178251,0.19123677909374237,0.8789682388305664,0.375
YPL216W,YCR033W,0,0.31781816,0.1911955177783966,0.8789682388305664,0.3751000761985779
YBR170C,YAL015C,1,0.31630668,0.19137001037597656,0.879960298538208,0.3751000761985779
YDL126C,YOR217W,1,0.31623018,0.19154442846775055,0.8809523582458496,0.3751000761985779
YJR161C,YMR288W,0,0.31599858,0.1915031224489212,0.8809523582458496,0.37520015239715576
YDR523C,YOR378W,0,0.315741,0.19146183133125305,0.8809523582458496,0.37530022859573364
YKL016C,YCR033W,0,0.31512114,0.1914205700159073,0.8809523582458496,0.3754003345966339
YBL072C,YPR139C,0,0.31318793,0.19137930870056152,0.8809523582458496,0.3755004107952118
YGR082W,YDR301W,0,0.3121293,0.19133807718753815,0.8809523582458496,0.3756004869937897
YOR271C,YJL065C,0,0.31169596,0.19129686057567596,0.8809523582458496,0.37570056319236755
YLR395C,YKL114C,0,0.31158826,0.19125565886497498,0.8809523582458496,0.37580063939094543
YDR465C,YLR386W,0,0.31158653,0.19121447205543518,0.8809523582458496,0.3759007155895233
YCR057C,YBL005W,0,0.31150815,0.19117330014705658,0.8809523582458496,0.3760007917881012
YNL074C,YBR283C,0,0.31126928,0.19113215804100037,0.8809523582458496,0.3761008679866791
YLR115W,YDL194W,0,0.31105453,0.19109103083610535,0.8809523582458496,0.37620097398757935
YFR039C,YNL271C,0,0.3110052,0.19104991853237152,0.8809523582458496,0.3763010501861572
YDL126C,YBR060C,1,0.31006822,0.19122391939163208,0.8819444179534912,0.3763010501861572
YLL026W,YLR275W,0,0.30987254,0.19118279218673706,0.8819444179534912,0.3764011263847351
YNL275W,YCR038C,0,0.30950376,0.19114169478416443,0.8819444179534912,0.376501202583313
YOR196C,YBR103W,0,0.30931354,0.1911005973815918,0.8819444179534912,0.37660127878189087
YHR176W,YPR106W,0,0.307798,0.19105952978134155,0.8819444179534912,0.37670135498046875
YGR029W,YPR185W,0,0.30773294,0.1910184770822525,0.8819444179534912,0.37680143117904663
YJR058C,YBL015W,0,0.30681542,0.19097743928432465,0.8819444179534912,0.3769015073776245
YIL009C-A,YLL005C,0,0.30662742,0.19093643128871918,0.8819444179534912,0.3770016133785248
YPR162C,YGL245W,0,0.3065998,0.1908954232931137,0.8819444179534912,0.37710168957710266
YGR010W,YGL038C,0,0.30608517,0.19085444509983063,0.8819444179534912,0.37720176577568054
YMR036C,YHR135C,0,0.30582124,0.19081348180770874,0.8819444179534912,0.3773018419742584
YPL103C,YAL003W,0,0.30458537,0.19077253341674805,0.8819444179534912,0.3774019181728363
YKL193C,YLR114C,0,0.30349734,0.19073159992694855,0.8819444179534912,0.3775019943714142
YGL151W,YBL100W-A,0,0.3033525,0.19069069623947144,0.8819444179534912,0.37760207056999207
YER048W-A,YHR027C,0,0.30315098,0.19064979255199432,0.8819444179534912,0.37770217657089233
YDR226W,YJL173C,1,0.30306962,0.19082333147525787,0.8829365372657776,0.37770217657089233
YJL047C,YPR164W,1,0.30287656,0.19099678099155426,0.8839285969734192,0.37770217657089233
YPL084W,YDR358W,0,0.30247363,0.19095584750175476,0.8839285969734192,0.3778022527694702
YHR071W,YLR265C,0,0.30231887,0.19091492891311646,0.8839285969734192,0.3779023289680481
YJL164C,YBR095C,0,0.30203786,0.19087404012680054,0.8839285969734192,0.378002405166626
YDR121W,YNL068C,1,0.30189487,0.19104734063148499,0.8849206566810608,0.378002405166626
YLR024C,YPL232W,0,0.30107728,0.19100642204284668,0.8849206566810608,0.37810248136520386
YDR523C,YKL020C,0,0.30072457,0.19096553325653076,0.8849206566810608,0.37820255756378174
YOL018C,YPL282C,0,0.30045736,0.19092465937137604,0.8849206566810608,0.3783026337623596
YDL095W,YHR011W,0,0.30039498,0.1908838003873825,0.8849206566810608,0.3784027099609375
YDR020C,YGR006W,0,0.29967695,0.19084295630455017,0.8849206566810608,0.37850281596183777
YKL124W,YCR080W,0,0.2995799,0.19080214202404022,0.8849206566810608,0.37860289216041565
YNL331C,YOR117W,0,0.2991045,0.19076132774353027,0.8849206566810608,0.37870296835899353
YEL061C,YBR266C,0,0.29881278,0.1907205432653427,0.8849206566810608,0.3788030445575714
YBL087C,YOR313C,0,0.29827735,0.19067977368831635,0.8849206566810608,0.3789031207561493
YDL035C,YCR073C,0,0.29819182,0.19063901901245117,0.8849206566810608,0.3790031969547272
YFR025C,YLR440C,0,0.29753584,0.1905982941389084,0.8849206566810608,0.37910327315330505
YPL050C,YMR129W,0,0.29745004,0.1905575692653656,0.8849206566810608,0.37920334935188293
YPL268W,YOR299W,0,0.29719853,0.1905168741941452,0.8849206566810608,0.3793034553527832
YHR194W,YEL059C-A,0,0.2946493,0.190476194024086,0.8849206566810608,0.3794035315513611
YOL056W,YNR057C,0,0.29459032,0.190435528755188,0.8849206566810608,0.37950360774993896
YKL112W,YPL029W,1,0.29345265,0.19060832262039185,0.8859127163887024,0.37950360774993896
YNL232W,YNR027W,0,0.29212186,0.19056764245033264,0.8859127163887024,0.37960368394851685
YKR088C,YKL008C,0,0.29163876,0.19052699208259583,0.8859127163887024,0.3797037601470947
YPR129W,YER099C,0,0.2915721,0.190486341714859,0.8859127163887024,0.3798038363456726
YKR019C,YJL198W,0,0.29060715,0.19044572114944458,0.8859127163887024,0.3799039125442505
YKL067W,YGR184C,0,0.2900583,0.19040511548519135,0.8859127163887024,0.38000398874282837
YJL115W,YGL108C,0,0.28985727,0.1903645247220993,0.8859127163887024,0.38010409474372864
YMR273C,YGR004W,0,0.28972855,0.19032394886016846,0.8859127163887024,0.3802041709423065
YDR379C-A,YGR263C,0,0.28886914,0.19028340280056,0.8859127163887024,0.3803042471408844
YBR242W,YDL087C,0,0.288849,0.19024285674095154,0.8859127163887024,0.3804043233394623
YMR066W,YDR289C,0,0.28856623,0.19020234048366547,0.8859127163887024,0.38050439953804016
YFL033C,YDR243C,0,0.28748968,0.1901618391275406,0.8859127163887024,0.38060447573661804
YHR032W,YJL099W,0,0.28729108,0.1901213526725769,0.8859127163887024,0.3807045519351959
YPL083C,YDR221W,0,0.28723332,0.19008088111877441,0.8859127163887024,0.3808046579360962
YPL016W,YOR338W,0,0.28661835,0.1900404393672943,0.8859127163887024,0.3809047341346741
YCR065W,YHR027C,0,0.28660208,0.1899999976158142,0.8859127163887024,0.38100481033325195
YER058W,YDR280W,0,0.28555566,0.1899595856666565,0.8859127163887024,0.38110488653182983
YDL164C,YDL126C,1,0.2851865,0.19013185799121857,0.886904776096344,0.38110488653182983
YGR013W,YBR297W,0,0.2838766,0.19009143114089966,0.886904776096344,0.3812049627304077
YFR048W,YDL193W,0,0.28383267,0.19005101919174194,0.886904776096344,0.3813050389289856
YPR190C,YKR080W,0,0.28342894,0.19001062214374542,0.886904776096344,0.3814051151275635
YBR219C,YHR154W,0,0.28272006,0.1899702548980713,0.886904776096344,0.38150519132614136
YDR425W,YML004C,0,0.2825932,0.18992988765239716,0.886904776096344,0.3816052973270416
YDR501W,YDR338C,0,0.2824345,0.1898895502090454,0.886904776096344,0.3817053735256195
YJL063C,YBR227C,0,0.28087702,0.18984922766685486,0.886904776096344,0.3818054497241974
YDR425W,YPR002W,0,0.2801006,0.1898089200258255,0.886904776096344,0.38190552592277527
YFR001W,YOR106W,0,0.28006157,0.18976862728595734,0.886904776096344,0.38200560212135315
YAL064W-B,YPL165C,0,0.27968952,0.18972834944725037,0.886904776096344,0.38210567831993103
YNL025C,YOL136C,0,0.27963808,0.18968810141086578,0.886904776096344,0.3822057545185089
YJL151C,YBL105C,0,0.27921644,0.1896478533744812,0.886904776096344,0.3823058307170868
YNR073C,YOL155C,0,0.27918687,0.189607635140419,0.886904776096344,0.38240593671798706
YDL020C,YPR199C,0,0.27875027,0.189567431807518,0.886904776096344,0.38250601291656494
YHL001W,YMR211W,0,0.27862266,0.1895272433757782,0.886904776096344,0.3826060891151428
YMR308C,YCL032W,0,0.27838746,0.18948706984519958,0.886904776096344,0.3827061653137207
YMR180C,YBR130C,0,0.27836224,0.18944691121578217,0.886904776096344,0.3828062415122986
YBR091C,YIR007W,0,0.27692252,0.18940678238868713,0.886904776096344,0.38290631771087646
YGL213C,YLR253W,0,0.27650675,0.1893666535615921,0.886904776096344,0.38300639390945435
YLR185W,YCR073C,0,0.2762607,0.18932655453681946,0.886904776096344,0.3831064999103546
YCR077C,YBR180W,0,0.2760512,0.189286470413208,0.886904776096344,0.3832065761089325
YLL004W,YER184C,0,0.27491242,0.18924640119075775,0.886904776096344,0.3833066523075104
YOR063W,YNL138W-A,0,0.27481782,0.1892063468694687,0.886904776096344,0.38340672850608826
YDR144C,YMR128W,0,0.27475238,0.18916630744934082,0.886904776096344,0.38350680470466614
YAR042W,YPL152W,0,0.2746199,0.18912629783153534,0.886904776096344,0.383606880903244
YNL291C,YOR044W,0,0.2741737,0.18908628821372986,0.886904776096344,0.3837069571018219
YMR035W,YHR126C,0,0.27378032,0.18904630839824677,0.886904776096344,0.3838070333003998
YDR392W,YDL076C,0,0.27363893,0.18900634348392487,0.886904776096344,0.38390713930130005
YBR057C,YDR452W,0,0.27266848,0.18896639347076416,0.886904776096344,0.38400721549987793
YKL158W,YMR176W,0,0.27166602,0.18892645835876465,0.886904776096344,0.3841072916984558
YJR028W,YPR079W,0,0.27132896,0.18888653814792633,0.886904776096344,0.3842073678970337
YOR165W,YHR084W,0,0.27093267,0.1888466477394104,0.886904776096344,0.3843074440956116
YJR010W,YPR095C,0,0.2709093,0.18880675733089447,0.886904776096344,0.38440752029418945
YCL051W,YBR213W,0,0.27033457,0.18876689672470093,0.886904776096344,0.38450759649276733
YOR258W,YFR032C-A,0,0.2699204,0.18872703611850739,0.886904776096344,0.3846076726913452
YCL017C,YFR008W,0,0.26895037,0.18868720531463623,0.886904776096344,0.3847077786922455
YLR139C,YKL089W,0,0.26840198,0.18864738941192627,0.886904776096344,0.38480785489082336
YLL038C,YNL255C,0,0.26749012,0.1886075884103775,0.886904776096344,0.38490793108940125
YGR075C,YCL045C,0,0.26689374,0.18856781721115112,0.886904776096344,0.3850080072879791
YER095W,YLR070C,0,0.26663944,0.18852804601192474,0.886904776096344,0.385108083486557
YDR410C,YAR042W,0,0.2666337,0.18848830461502075,0.886904776096344,0.3852081596851349
YPR196W,YLR352W,0,0.26632908,0.18844856321811676,0.886904776096344,0.38530823588371277
YPL282C,YLR141W,0,0.26551202,0.18840885162353516,0.886904776096344,0.38540831208229065
YMR038C,YPR201W,0,0.26429135,0.18836915493011475,0.886904776096344,0.3855084180831909
YHR029C,YOL117W,0,0.26389217,0.18832947313785553,0.886904776096344,0.3856084942817688
YHL009W-A,YJR010W,0,0.26375073,0.1882898062467575,0.886904776096344,0.3857085704803467
YBR223C,YHR194W,0,0.26368472,0.18825015425682068,0.886904776096344,0.38580864667892456
YOR306C,YGL206C,0,0.26349777,0.18821053206920624,0.886904776096344,0.38590872287750244
YLR083C,YFL002W-B,0,0.263184,0.1881709098815918,0.886904776096344,0.3860087990760803
YDR308C,YPL189W,0,0.26311147,0.18813131749629974,0.886904776096344,0.3861088752746582
YNL027W,YNL281W,0,0.262897,0.1880917251110077,0.886904776096344,0.38620898127555847
YFL038C,YOL117W,0,0.26256046,0.18805216252803802,0.886904776096344,0.38630905747413635
YCR076C,YGL050W,0,0.26254117,0.18801261484622955,0.886904776096344,0.38640913367271423
YPR181C,YER028C,0,0.26222116,0.18797308206558228,0.886904776096344,0.3865092098712921
YHR114W,YPR105C,0,0.26197976,0.1879335641860962,0.886904776096344,0.38660928606987
YFL038C,YLL011W,0,0.26165956,0.1878940761089325,0.886904776096344,0.3867093622684479
YER039C,YOL044W,0,0.2616185,0.1878545880317688,0.886904776096344,0.38680943846702576
YLR332W,YDR440W,0,0.26156667,0.1878151297569275,0.886904776096344,0.38690951466560364
YOR371C,YDR034C,0,0.26098034,0.18777567148208618,0.886904776096344,0.3870096206665039
YOL086W-A,YLR113W,1,0.26049834,0.18794624507427216,0.8878968358039856,0.3870096206665039
YEL062W,YPL189W,0,0.25988534,0.18790678679943085,0.8878968358039856,0.3871096968650818
YDR264C,YPL283C,0,0.25941613,0.18786734342575073,0.8878968358039856,0.38720977306365967
YHR033W,YBL071W-A,0,0.25906467,0.1878279149532318,0.8878968358039856,0.38730984926223755
YDR496C,YPL052W-A,0,0.25840846,0.18778850138187408,0.8878968358039856,0.38740992546081543
YKL082C,YMR276W,0,0.2584,0.18774910271167755,0.8878968358039856,0.3875100016593933
YIL047C,YKL012W,0,0.2575831,0.1877097338438034,0.8878968358039856,0.3876100778579712
YNR054C,YOR377W,0,0.25726002,0.18767036497592926,0.8878968358039856,0.3877101540565491
YNR052C,YDL085W,0,0.25679457,0.1876310259103775,0.8878968358039856,0.38781026005744934
YJR147W,YGL145W,0,0.25647542,0.18759170174598694,0.8878968358039856,0.3879103362560272
YMR186W,YOR026W,0,0.2561184,0.18755239248275757,0.8878968358039856,0.3880104124546051
YPL244C,YMR276W,0,0.2559832,0.1875130981206894,0.8878968358039856,0.388110488653183
YDR183W,YKL156W,0,0.25597298,0.1874738186597824,0.8878968358039856,0.38821056485176086
YLR188W,YJL129C,0,0.25543705,0.18743455410003662,0.8878968358039856,0.38831064105033875
YGR080W,YLR398C,0,0.25537154,0.18739530444145203,0.8878968358039856,0.3884107172489166
YEL015W,YGR204W,0,0.25516948,0.18735608458518982,0.8878968358039856,0.3885108232498169
YNL210W,YLR193C,0,0.25516042,0.1873168647289276,0.8878968358039856,0.3886108994483948
YLR005W,YLR328W,0,0.25460967,0.1872776746749878,0.8878968358039856,0.38871097564697266
YPL037C,YBR005W,0,0.2534863,0.18723849952220917,0.8878968358039856,0.38881105184555054
YAL039C,YDR097C,0,0.2518497,0.18719932436943054,0.8878968358039856,0.3889111280441284
YFR019W,YFL043C,0,0.2513723,0.1871601790189743,0.8878968358039856,0.3890112042427063
YAL019W,YDL119C,0,0.25093278,0.18712104856967926,0.8878968358039856,0.3891112804412842
YJL127C,YLR243W,0,0.25077397,0.1870819330215454,0.8878968358039856,0.38921135663986206
YJL047C,YPR045C,0,0.25055286,0.18704284727573395,0.8878968358039856,0.38931146264076233
YDL236W,YLR191W,0,0.24978457,0.18700376152992249,0.8878968358039856,0.3894115388393402
YMR184W,YKL200C,0,0.24864514,0.18696469068527222,0.8878968358039856,0.3895116150379181
YNL102W,YOR080W,1,0.24852161,0.1871345043182373,0.8888888955116272,0.3895116150379181
YOR030W,YDR276C,0,0.24848233,0.18709543347358704,0.8888888955116272,0.38961169123649597
YPL117C,YBR142W,0,0.24835388,0.18705636262893677,0.8888888955116272,0.38971176743507385
YLR095C,YNR062C,0,0.24808846,0.1870173215866089,0.8888888955116272,0.38981184363365173
YDL083C,YPR190C,0,0.2475624,0.1869782954454422,0.8888888955116272,0.3899119198322296
YGR052W,YKL099C,0,0.24753748,0.1869392842054367,0.8888888955116272,0.3900119960308075
YAR010C,YHR066W,0,0.24654691,0.1869002878665924,0.8888888955116272,0.39011210203170776
YGL237C,YAL042W,0,0.24621142,0.1868613064289093,0.8888888955116272,0.39021217823028564
YMR205C,YHR092C,0,0.24611785,0.18682235479354858,0.8888888955116272,0.3903122544288635
YKL149C,YGR241C,0,0.2455558,0.18678340315818787,0.8888888955116272,0.3904123306274414
YJL012C-A,YMR068W,0,0.24510907,0.18674448132514954,0.8888888955116272,0.3905124068260193
YMR019W,YHR148W,0,0.2449374,0.1867055594921112,0.8888888955116272,0.39061248302459717
YER179W,YOR260W,0,0.24466585,0.18666666746139526,0.8888888955116272,0.39071255922317505
YGL112C,YDR255C,0,0.2434266,0.18662779033184052,0.8888888955116272,0.39081263542175293
YIL047C,YLR242C,0,0.2427697,0.18658892810344696,0.8888888955116272,0.3909127414226532
YOR005C,YER164W,1,0.24178563,0.18675827980041504,0.8898809552192688,0.3909127414226532
YHL001W,YDR086C,0,0.2415867,0.1867194026708603,0.8898809552192688,0.3910128176212311
YBR258C,YKL097W-A,0,0.24116044,0.18668054044246674,0.8898809552192688,0.39111289381980896
YDR261C,YIL061C,0,0.24058132,0.18664169311523438,0.8898809552192688,0.39121297001838684
YLR113W,YJL168C,1,0.24053507,0.18681089580059052,0.8908730149269104,0.39121297001838684
YGR053C,YLR053C,0,0.24048005,0.18677204847335815,0.8908730149269104,0.3913130462169647
YIL158W,YPL268W,0,0.24042894,0.1867332011461258,0.8908730149269104,0.3914131224155426
YER083C,YNL019C,0,0.2396182,0.18669438362121582,0.8908730149269104,0.3915131986141205
YMR182C,YDR434W,0,0.23924167,0.18665558099746704,0.8908730149269104,0.39161330461502075
YDR218C,YER074W-A,0,0.23906557,0.18661679327487946,0.8908730149269104,0.39171338081359863
YOL077W-A,YPL130W,0,0.23904108,0.18657802045345306,0.8908730149269104,0.3918134570121765
YDL231C,YDR314C,0,0.23860095,0.18653926253318787,0.8908730149269104,0.3919135332107544
YNL023C,YOR140W,0,0.23796795,0.18650051951408386,0.8908730149269104,0.3920136094093323
YBL047C,YFR005C,0,0.23737709,0.18646179139614105,0.8908730149269104,0.39211368560791016
YOR329C,YDR280W,0,0.23737626,0.18642307817935944,0.8908730149269104,0.39221376180648804
YNL262W,YOL087C,0,0.23704387,0.1863843947649002,0.8908730149269104,0.3923138380050659
YDL018C,YGR014W,0,0.2370408,0.18634571135044098,0.8908730149269104,0.3924139440059662
YKL113C,YFL036W,1,0.23676471,0.18651452660560608,0.891865074634552,0.3924139440059662
YLR364W,YER023W,0,0.2366605,0.18647582828998566,0.891865074634552,0.39251402020454407
YBR035C,YLR097C,0,0.23656629,0.18643715977668762,0.891865074634552,0.39261409640312195
YGR061C,YOR371C,0,0.2361523,0.18639850616455078,0.891865074634552,0.39271417260169983
YNL085W,YKL194C,0,0.23593782,0.18635986745357513,0.891865074634552,0.3928142488002777
YDR164C,YER133W,0,0.23502873,0.18632124364376068,0.891865074634552,0.3929143249988556
YHR072W-A,YHR150W,0,0.23410372,0.18628263473510742,0.891865074634552,0.39301440119743347
YPR094W,YKL192C,0,0.23386304,0.18624404072761536,0.891865074634552,0.39311447739601135
YPR101W,YDR522C,0,0.2331001,0.18620546162128448,0.891865074634552,0.3932145833969116
YDR072C,YDR034C-D,0,0.23277985,0.186166912317276,0.891865074634552,0.3933146595954895
YHR151C,YIL027C,0,0.2326092,0.18612836301326752,0.891865074634552,0.3934147357940674
YIL004C,YLR256W,0,0.23235185,0.18608984351158142,0.891865074634552,0.39351481199264526
YMR123W,YBR231C,0,0.2323391,0.18605132400989532,0.891865074634552,0.39361488819122314
YNL264C,YNL067W,0,0.23211475,0.18601283431053162,0.891865074634552,0.393714964389801
YLR309C,YOR156C,0,0.23128544,0.1859743446111679,0.891865074634552,0.3938150405883789
YBR170C,YML040W,0,0.23005114,0.1859358847141266,0.891865074634552,0.3939151465892792
YMR282C,YKL093W,0,0.22938184,0.18589743971824646,0.891865074634552,0.39401522278785706
YDR435C,YML017W,0,0.22932442,0.18585900962352753,0.891865074634552,0.39411529898643494
YOR065W,YLR039C,0,0.22885506,0.1858205944299698,0.891865074634552,0.3942153751850128
YOR393W,YCL050C,0,0.22879241,0.18578217923641205,0.891865074634552,0.3943154513835907
YLL031C,YHR036W,0,0.22767292,0.1857438087463379,0.891865074634552,0.3944155275821686
YOR396W,YNL102W,0,0.22738762,0.18570543825626373,0.891865074634552,0.39451560378074646
YIL013C,YPR173C,0,0.22721381,0.18566708266735077,0.891865074634552,0.39461567997932434
YBR075W,YNL090W,0,0.22639926,0.185628741979599,0.891865074634552,0.3947157859802246
YNL267W,YLR449W,0,0.22584517,0.18559041619300842,0.891865074634552,0.3948158621788025
YLR191W,YGR014W,0,0.2255859,0.18555212020874023,0.891865074634552,0.39491593837738037
YDR022C,YCL032W,0,0.22539757,0.18551382422447205,0.891865074634552,0.39501601457595825
YBR018C,YHR091C,0,0.22507988,0.18547555804252625,0.891865074634552,0.39511609077453613
YEL036C,YJL038C,0,0.22503312,0.18543729186058044,0.891865074634552,0.395216166973114
YHR109W,YBR271W,0,0.22472684,0.18539905548095703,0.891865074634552,0.3953162431716919
YHR084W,YNL030W,0,0.22414552,0.18536081910133362,0.891865074634552,0.3954163193702698
YPR026W,YKL112W,0,0.22398452,0.1853226125240326,0.891865074634552,0.39551642537117004
YDR488C,YNL284C,0,0.22279651,0.18528442084789276,0.891865074634552,0.3956165015697479
YBR161W,YNL306W,0,0.22241603,0.18524624407291412,0.891865074634552,0.3957165777683258
YPL253C,YGL053W,0,0.22181635,0.18520808219909668,0.891865074634552,0.3958166539669037
YGL166W,YDR316W,0,0.22107221,0.18516993522644043,0.891865074634552,0.39591673016548157
YML029W,YBR242W,0,0.220257,0.18513180315494537,0.891865074634552,0.39601680636405945
YGL010W,YOR338W,0,0.22014742,0.1850936859846115,0.891865074634552,0.39611688256263733
YDR227W,YER004W,0,0.21962364,0.18505558371543884,0.891865074634552,0.3962169587612152
YNL113W,YIL149C,0,0.21952502,0.18501749634742737,0.891865074634552,0.3963170647621155
YOR099W,YCR042C,0,0.21923356,0.1849794238805771,0.891865074634552,0.39641714096069336
YFL016C,YJL057C,0,0.21863441,0.184941366314888,0.891865074634552,0.39651721715927124
YFL054C,YDR381C-A,0,0.21777757,0.1849033385515213,0.891865074634552,0.3966172933578491
YDR425W,YHR072W,0,0.21643583,0.1848653107881546,0.891865074634552,0.396717369556427
YDL225W,YLR133W,0,0.21621798,0.1848272979259491,0.891865074634552,0.3968174457550049
YJL165C,YPL003W,0,0.21619327,0.18478931486606598,0.891865074634552,0.39691752195358276
YPL242C,YPL166W,0,0.21595727,0.18475133180618286,0.891865074634552,0.39701762795448303
YBL039C,YDR303C,0,0.21595334,0.18471337854862213,0.891865074634552,0.3971177041530609
YFR050C,YEL029C,0,0.21576117,0.1846754252910614,0.891865074634552,0.3972177803516388
YFL035C-B,YLR017W,0,0.21571927,0.18463750183582306,0.891865074634552,0.3973178565502167
YBR037C,YLR170C,0,0.21547039,0.1845995932817459,0.891865074634552,0.39741793274879456
YMR285C,YNL026W,0,0.21531789,0.18456168472766876,0.891865074634552,0.39751800894737244
YIL015W,YMR199W,0,0.2152281,0.184523805975914,0.891865074634552,0.3976180851459503
YER137C-A,YMR128W,0,0.21496065,0.18448594212532043,0.891865074634552,0.3977181613445282
YDL245C,YLR002C,0,0.2144294,0.18444809317588806,0.891865074634552,0.39781826734542847
YPL023C,YPL175W,0,0.21436499,0.18441025912761688,0.891865074634552,0.39791834354400635
YFL028C,YGL237C,0,0.2137769,0.1843724399805069,0.891865074634552,0.39801841974258423
YPR124W,YDL159W,0,0.21301766,0.1843346357345581,0.891865074634552,0.3981184959411621
YJR051W,YCL012W,0,0.21251984,0.1842968463897705,0.891865074634552,0.39821857213974
YNR062C,YNL322C,0,0.21206842,0.1842590719461441,0.891865074634552,0.39831864833831787
YOR088W,YHR146W,0,0.21200766,0.1842213124036789,0.891865074634552,0.39841872453689575
YMR212C,YDL195W,0,0.21175627,0.18418356776237488,0.891865074634552,0.39851880073547363
YBR060C,YHR197W,1,0.2116083,0.18435066938400269,0.8928571343421936,0.39851880073547363
YKR092C,YBR131W,0,0.2107658,0.18431292474269867,0.8928571343421936,0.3986189067363739
YOR278W,YBL066C,0,0.21041395,0.18427518010139465,0.8928571343421936,0.3987189829349518
YNL025C,YLR321C,0,0.20905675,0.18423746526241302,0.8928571343421936,0.39881905913352966
YDR482C,YKR023W,0,0.20868133,0.1841997504234314,0.8928571343421936,0.39891913533210754
YMR230W,YDR316W-A,0,0.20831574,0.18416206538677216,0.8928571343421936,0.3990192115306854
YHL040C,YLR117C,0,0.20818804,0.18412438035011292,0.8928571343421936,0.3991192877292633
YDL104C,YNL194C,0,0.20652516,0.18408672511577606,0.8928571343421936,0.3992193639278412
YNR017W,YER117W,0,0.20607741,0.1840490847826004,0.8928571343421936,0.39931946992874146
YKL067W,YJL030W,0,0.20514508,0.18401144444942474,0.8928571343421936,0.39941954612731934
YDR116C,YGR238C,0,0.20506044,0.18397383391857147,0.8928571343421936,0.3995196223258972
YER159C,YLR208W,0,0.20435236,0.1839362382888794,0.8928571343421936,0.3996196985244751
YKL180W,YEL019C,0,0.20419367,0.1838986575603485,0.8928571343421936,0.399719774723053
YJR116W,YPL030W,0,0.20376696,0.18386107683181763,0.8928571343421936,0.39981985092163086
YCL005W,YLR369W,0,0.20323111,0.18382352590560913,0.8928571343421936,0.39991992712020874
YMR034C,YLR263W,0,0.20227446,0.18378598988056183,0.8928571343421936,0.4000200033187866
YBL059C-A,YPL116W,0,0.20183565,0.18374846875667572,0.8928571343421936,0.4001201093196869
YIL069C,YIL031W,0,0.20137005,0.1837109625339508,0.8928571343421936,0.40022018551826477
YER041W,YNL284C-B,0,0.20093729,0.18367347121238708,0.8928571343421936,0.40032026171684265
YDR069C,YBL035C,1,0.2002595,0.18384003639221191,0.8938491940498352,0.40032026171684265
YDR246W,YGR133W,0,0.20017807,0.183802530169487,0.8938491940498352,0.40042033791542053
YOR293W,YOL161C,0,0.1998546,0.18376503884792328,0.8938491940498352,0.4005204141139984
YMR093W,YNL199C,0,0.19952385,0.18372756242752075,0.8938491940498352,0.4006204903125763
YGL065C,YJL099W,0,0.1994894,0.1836901158094406,0.8938491940498352,0.4007205665111542
YKL211C,YOR046C,0,0.19934784,0.18365266919136047,0.8938491940498352,0.40082064270973206
YNL079C,YOL108C,0,0.19872314,0.18361523747444153,0.8938491940498352,0.4009207487106323
YBR272C,YLR181C,0,0.19849716,0.18357783555984497,0.8938491940498352,0.4010208249092102
YKL214C,YCR030C,0,0.19768076,0.1835404336452484,0.8938491940498352,0.4011209011077881
YKL037W,YGL166W,0,0.19760424,0.18350306153297424,0.8938491940498352,0.40122097730636597
YJL010C,YAL042W,0,0.19746605,0.18346568942070007,0.8938491940498352,0.40132105350494385
YGL070C,YMR009W,0,0.19729751,0.1834283322095871,0.8938491940498352,0.40142112970352173
YPR015C,YPL116W,0,0.1970841,0.1833910048007965,0.8938491940498352,0.4015212059020996
YLR376C,YMR241W,0,0.19583406,0.18335367739200592,0.8938491940498352,0.4016213119029999
YMR238W,YIL137C,0,0.19566084,0.18331637978553772,0.8938491940498352,0.40172138810157776
YCL067C,YFL016C,0,0.19539829,0.18327908217906952,0.8938491940498352,0.40182146430015564
YJL156C,YLR079W,0,0.19495259,0.1832418143749237,0.8938491940498352,0.4019215404987335
YIL018W,YPL232W,0,0.19482525,0.1832045614719391,0.8938491940498352,0.4020216166973114
YJL156C,YMR290C,0,0.19482338,0.18316730856895447,0.8938491940498352,0.4021216928958893
YNR007C,YPL176C,0,0.19249558,0.18313008546829224,0.8938491940498352,0.40222176909446716
YDL036C,YBR019C,0,0.19249357,0.18309286236763,0.8938491940498352,0.40232184529304504
YNL230C,YER060W-A,0,0.19213508,0.18305566906929016,0.8938491940498352,0.4024219512939453
YCL027C-A,YCR060W,0,0.19208765,0.1830184906721115,0.8938491940498352,0.4025220274925232
YDL087C,YPR079W,0,0.19181755,0.18298131227493286,0.8938491940498352,0.4026221036911011
YBL047C,YKL126W,0,0.19164109,0.1829441636800766,0.8938491940498352,0.40272217988967896
YCR055C,YHR146W,0,0.1910114,0.18290702998638153,0.8938491940498352,0.40282225608825684
YAR042W,YER146W,0,0.19034807,0.18286989629268646,0.8938491940498352,0.4029223322868347
YML072C,YJL050W,0,0.19032891,0.18283279240131378,0.8938491940498352,0.4030224084854126
YFR018C,YHR065C,0,0.18895166,0.1827957034111023,0.8938491940498352,0.4031224846839905
YHL008C,YIL068C,0,0.18893698,0.1827586144208908,0.8938491940498352,0.40322259068489075
YOR062C,YBR012W-B,0,0.18788646,0.1827215552330017,0.8938491940498352,0.40332266688346863
YDR500C,YML094W,0,0.18786184,0.1826845109462738,0.8938491940498352,0.4034227430820465
YMR280C,YBR035C,0,0.18669818,0.1826474815607071,0.8938491940498352,0.4035228192806244
YJL122W,YEL001C,0,0.18666668,0.18261045217514038,0.8938491940498352,0.40362289547920227
YDR540C,YMR002W,0,0.18654494,0.18257345259189606,0.8938491940498352,0.40372297167778015
YFL050C,YBR298C,0,0.18638931,0.18253646790981293,0.8938491940498352,0.40382304787635803
YEL050C,YGL092W,0,0.18628891,0.182499498128891,0.8938491940498352,0.4039231240749359
YPL262W,YOR070C,0,0.18591486,0.18246252834796906,0.8938491940498352,0.4040232300758362
YOR143C,YLR398C,0,0.18570913,0.1824255883693695,0.8938491940498352,0.40412330627441406
YPR204W,YLR099C,0,0.18560952,0.18238866329193115,0.8938491940498352,0.40422338247299194
YBR056W,YGL131C,0,0.18548083,0.182351753115654,0.8938491940498352,0.4043234586715698
YAL013W,YHR197W,1,0.18541883,0.18251720070838928,0.8948412537574768,0.4043234586715698
YJL010C,YDR268W,0,0.18466018,0.18248027563095093,0.8948412537574768,0.4044235348701477
YOR283W,YPL002C,0,0.18414627,0.18244336545467377,0.8948412537574768,0.4045236110687256
YCR105W,YOR221C,0,0.18406922,0.1824064701795578,0.8948412537574768,0.40462368726730347
YAR010C,YAR003W,0,0.1835657,0.18236958980560303,0.8948412537574768,0.40472379326820374
YGR155W,YHR129C,0,0.18344831,0.18233272433280945,0.8948412537574768,0.4048238694667816
YML066C,YLR102C,0,0.18324716,0.18229587376117706,0.8948412537574768,0.4049239456653595
YHL024W,YJR046W,1,0.18316956,0.18246109783649445,0.8958333134651184,0.4049239456653595
YMR133W,YNL153C,0,0.18312123,0.18242424726486206,0.8958333134651184,0.4050240218639374
YDR534C,YDR457W,0,0.18248247,0.18238739669322968,0.8958333134651184,0.40512409806251526
YKL149C,YLL064C,0,0.18139122,0.18235056102275848,0.8958333134651184,0.40522417426109314
YHR173C,YDR384C,0,0.1813281,0.18231375515460968,0.8958333134651184,0.405324250459671
YPR046W,YFL011W-A,0,0.1806578,0.18227694928646088,0.8958333134651184,0.4054243266582489
YNL220W,YMR063W,0,0.1802931,0.18224015831947327,0.8958333134651184,0.40552443265914917
YLL028W,YPL062W,0,0.18013372,0.18220339715480804,0.8958333134651184,0.40562450885772705
YMR093W,YIR034C,0,0.17992024,0.18216663599014282,0.8958333134651184,0.40572458505630493
YNL094W,YCR016W,0,0.17952663,0.1821298897266388,0.8958333134651184,0.4058246612548828
YOL052C,YPL145C,0,0.1793348,0.18209315836429596,0.8958333134651184,0.4059247374534607
YPR199C,YCR017C,0,0.17873715,0.1820564568042755,0.8958333134651184,0.4060248136520386
YOR236W,YJL102W,0,0.17872378,0.18201975524425507,0.8958333134651184,0.40612488985061646
YGL135W,YMR112C,0,0.17850287,0.1819830685853958,0.8958333134651184,0.40622496604919434
YFL049W,YMR034C,0,0.1781458,0.18194639682769775,0.8958333134651184,0.4063250720500946
YER172C,YOR390W,0,0.17646039,0.18190975487232208,0.8958333134651184,0.4064251482486725
YNL062C,YPR009W,0,0.17580418,0.1818731129169464,0.8958333134651184,0.40652522444725037
YMR104C,YJL145W,0,0.17572851,0.18183648586273193,0.8958333134651184,0.40662530064582825
YBR085W,YBL052C,0,0.1753697,0.18179987370967865,0.8958333134651184,0.40672537684440613
YGR294W,YOR251C,0,0.1746922,0.18176329135894775,0.8958333134651184,0.406825453042984
YOR374W,YJL084C,0,0.17425306,0.18172670900821686,0.8958333134651184,0.4069255292415619
YGL122C,YOR106W,0,0.1739827,0.18169014155864716,0.8958333134651184,0.40702563524246216
YDR381C-A,YOL156W,0,0.17386194,0.18165358901023865,0.8958333134651184,0.40712571144104004
YJR026W,YPL132W,0,0.1733493,0.18161705136299133,0.8958333134651184,0.4072257876396179
YCR095C,YNL242W,0,0.17297606,0.1815805286169052,0.8958333134651184,0.4073258638381958
YBR118W,YPL256C,0,0.17271502,0.18154403567314148,0.8958333134651184,0.4074259400367737
YML005W,YGL058W,0,0.17201157,0.18150754272937775,0.8958333134651184,0.40752601623535156
YDR470C,YKL089W,0,0.17161928,0.1814710646867752,0.8958333134651184,0.40762609243392944
YDR143C,YNR071C,0,0.17130499,0.18143460154533386,0.8958333134651184,0.4077261686325073
YER110C,YDR236C,0,0.17113303,0.1813981533050537,0.8958333134651184,0.4078262746334076
YDR131C,YBL009W,0,0.16970275,0.18136171996593475,0.8958333134651184,0.4079263508319855
YBR040W,YPL152W,0,0.16940328,0.181325301527977,0.8958333134651184,0.40802642703056335
YKL006C-A,YDR170W-A,0,0.16903757,0.18128889799118042,0.8958333134651184,0.40812650322914124
YLR344W,YDL192W,0,0.16887505,0.18125250935554504,0.8958333134651184,0.4082265794277191
YLR117C,YGL168W,1,0.16868122,0.1814168244600296,0.89682537317276,0.4082265794277191
YLR453C,YDR444W,0,0.1682158,0.18138042092323303,0.89682537317276,0.408326655626297
YPL180W,YAL027W,0,0.1679158,0.18134403228759766,0.89682537317276,0.4084267318248749
YOR396W,YOR076C,0,0.16768713,0.18130765855312347,0.89682537317276,0.40852680802345276
YNL196C,YOL060C,0,0.16670607,0.18127129971981049,0.89682537317276,0.408626914024353
YPL281C,YLR288C,0,0.1666394,0.18123497068881989,0.89682537317276,0.4087269902229309
YGR278W,YEL020W-A,0,0.16648048,0.18119864165782928,0.89682537317276,0.4088270664215088
YNL234W,YLR453C,0,0.16624159,0.18116232752799988,0.89682537317276,0.40892714262008667
YER062C,YOR214C,0,0.1659678,0.18112602829933167,0.89682537317276,0.40902721881866455
YFL060C,YJL140W,0,0.1656719,0.18108974397182465,0.89682537317276,0.40912729501724243
YGR095C,YLR251W,0,0.16546051,0.18105347454547882,0.89682537317276,0.4092273712158203
YOR043W,YLR059C,0,0.16491418,0.1810172200202942,0.89682537317276,0.4093274474143982
YKL040C,YBR085W,0,0.16432513,0.18098098039627075,0.89682537317276,0.40942755341529846
YHR048W,YLR453C,0,0.16425464,0.1809447556734085,0.89682537317276,0.40952762961387634
YCR076C,YIL167W,0,0.16407128,0.18090854585170746,0.89682537317276,0.4096277058124542
YMR175W,YER032W,0,0.16155013,0.1808723509311676,0.89682537317276,0.4097277820110321
YOL072W,YJR034W,0,0.16083312,0.18083617091178894,0.89682537317276,0.40982785820961
YFL057C,YHR172W,0,0.16047274,0.18080000579357147,0.89682537317276,0.40992793440818787
YBR210W,YDR176W,0,0.16026515,0.180763840675354,0.89682537317276,0.41002801060676575
YHR209W,YAR042W,0,0.15906413,0.18072770535945892,0.89682537317276,0.410128116607666
YDR182W,YBR126W-A,0,0.1590404,0.18069158494472504,0.89682537317276,0.4102281928062439
YDL214C,YER087C-A,0,0.15894984,0.18065547943115234,0.89682537317276,0.4103282690048218
YJL164C,YIL046W,0,0.15844364,0.18061937391757965,0.89682537317276,0.41042834520339966
YGR181W,YNL083W,0,0.1576856,0.18058329820632935,0.89682537317276,0.41052842140197754
YMR001C,YHL018W,0,0.15754679,0.18054723739624023,0.89682537317276,0.4106284976005554
YOL021C,YGR043C,0,0.15680164,0.18051117658615112,0.89682537317276,0.4107285737991333
YBL089W,YML087C,0,0.15601213,0.1804751455783844,0.89682537317276,0.4108286499977112
YIL154C,YKL127W,0,0.15595089,0.18043911457061768,0.89682537317276,0.41092875599861145
YDR226W,YGL168W,1,0.15381558,0.18060266971588135,0.8978174328804016,0.41092875599861145
YFR052W,YMR085W,0,0.15254071,0.18056663870811462,0.8978174328804016,0.41102883219718933
YKR021W,YGL038C,0,0.15123372,0.1805306226015091,0.8978174328804016,0.4111289083957672
YML033W,YLR377C,0,0.15116651,0.18049462139606476,0.8978174328804016,0.4112289845943451
YHL028W,YER061C,0,0.15105519,0.18045862019062042,0.8978174328804016,0.411329060792923
YNL224C,YDR179W-A,0,0.15072267,0.18042264878749847,0.8978174328804016,0.41142913699150085
YHR117W,YPR052C,0,0.15046962,0.18038669228553772,0.8978174328804016,0.41152921319007874
YER088C,YDL122W,0,0.1503897,0.18035073578357697,0.8978174328804016,0.4116292893886566
YJL142C,YBL085W,0,0.15035711,0.1803148090839386,0.8978174328804016,0.4117293953895569
YLR011W,YOR045W,0,0.1503527,0.18027888238430023,0.8978174328804016,0.41182947158813477
YFL001W,YPL058C,0,0.14972757,0.18024298548698425,0.8978174328804016,0.41192954778671265
YDR369C,YDR001C,0,0.14954306,0.18020708858966827,0.8978174328804016,0.4120296239852905
YFR025C,YMR283C,0,0.14825872,0.1801712065935135,0.8978174328804016,0.4121297001838684
YKR055W,YLL049W,0,0.14788677,0.1801353543996811,0.8978174328804016,0.4122297763824463
YKL095W,YER146W,0,0.14745085,0.1800995022058487,0.8978174328804016,0.41232985258102417
YNL194C,YNL040W,0,0.14721544,0.1800636649131775,0.8978174328804016,0.41242995858192444
YPR175W,YJL026W,1,0.14670573,0.18022677302360535,0.898809552192688,0.41242995858192444
YEL063C,YIL044C,0,0.1461792,0.18019093573093414,0.898809552192688,0.4125300347805023
YGR053C,YLR310C,0,0.1460233,0.18015509843826294,0.898809552192688,0.4126301109790802
YOR096W,YBR040W,0,0.14590427,0.18011929094791412,0.898809552192688,0.4127301871776581
YGR161W-B,YKL210W,0,0.14583555,0.1800834834575653,0.898809552192688,0.41283026337623596
YKL133C,YML023C,0,0.1452549,0.18004769086837769,0.898809552192688,0.41293033957481384
YPR065W,YMR052W,0,0.14492954,0.18001192808151245,0.898809552192688,0.4130304157733917
YLR425W,YCL005W-A,0,0.1447642,0.17997616529464722,0.898809552192688,0.4131304919719696
YHR004C,YER058W,0,0.14403792,0.17994041740894318,0.898809552192688,0.4132305979728699
YAL009W,YNL328C,0,0.14374423,0.17990468442440033,0.898809552192688,0.41333067417144775
YDL247W,YNR045W,0,0.14350358,0.17986896634101868,0.898809552192688,0.41343075037002563
YIL020C,YGL258W,0,0.14348878,0.17983326315879822,0.898809552192688,0.4135308265686035
YCL062W,YEL036C,0,0.14330761,0.17979757487773895,0.898809552192688,0.4136309027671814
YGR052W,YFR010W,0,0.14284612,0.17976190149784088,0.898809552192688,0.4137309789657593
YFR005C,YDR337W,0,0.14265539,0.179726243019104,0.898809552192688,0.41383105516433716
YBR175W,YER003C,0,0.14223419,0.17969059944152832,0.898809552192688,0.41393113136291504
YPL281C,YKL086W,0,0.14180021,0.17965497076511383,0.898809552192688,0.4140312373638153
YIL151C,YOR127W,0,0.14175527,0.17961935698986053,0.898809552192688,0.4141313135623932
YPL018W,YBR180W,0,0.14138752,0.17958374321460724,0.898809552192688,0.41423138976097107
YFL002C,YNL243W,0,0.14096259,0.17954815924167633,0.898809552192688,0.41433146595954895
YOR229W,YDR448W,0,0.14083117,0.17951257526874542,0.898809552192688,0.41443154215812683
YPR026W,YFL002W-B,0,0.14075476,0.1794770210981369,0.898809552192688,0.4145316183567047
YLR417W,YDL122W,0,0.14073269,0.17944146692752838,0.898809552192688,0.4146316945552826
YMR263W,YKR075C,0,0.14068742,0.17940594255924225,0.898809552192688,0.4147317707538605
YLR029C,YAR010C,0,0.13997366,0.17937041819095612,0.898809552192688,0.41483187675476074
YNL020C,YLR256W,0,0.13989574,0.17933492362499237,0.898809552192688,0.4149319529533386
YJR116W,YPR066W,0,0.13905321,0.17929942905902863,0.898809552192688,0.4150320291519165
YMR282C,YLR047C,0,0.1382894,0.17926394939422607,0.898809552192688,0.4151321053504944
YGR095C,YBR020W,0,0.13796315,0.17922848463058472,0.898809552192688,0.41523218154907227
YPR023C,YDR303C,1,0.13729668,0.1793908178806305,0.8998016119003296,0.41523218154907227
YMR081C,YKL183W,0,0.13713,0.17935535311698914,0.8998016119003296,0.41533225774765015
YJL090C,YML058W,1,0.13706626,0.17951759696006775,0.9007936716079712,0.41533225774765015
YCL047C,YBR246W,0,0.13673557,0.1794821172952652,0.9007936716079712,0.415432333946228
YKL200C,YDL133W,0,0.13651033,0.17944663763046265,0.9007936716079712,0.4155324399471283
YBR158W,YJR112W,0,0.13619314,0.17941118776798248,0.9007936716079712,0.4156325161457062
YNL161W,YLR208W,0,0.13605256,0.17937573790550232,0.9007936716079712,0.41573259234428406
YOR359W,YBR211C,0,0.13545074,0.17934031784534454,0.9007936716079712,0.41583266854286194
YMR182C,YBR264C,0,0.13513254,0.17930489778518677,0.9007936716079712,0.4159327447414398
YGR091W,YGR175C,0,0.13450907,0.17926949262619019,0.9007936716079712,0.4160328209400177
YBR122C,YIL154C,0,0.13449004,0.1792341023683548,0.9007936716079712,0.4161328971385956
YOL061W,YDL211C,0,0.13441482,0.1791987419128418,0.9007936716079712,0.41623297333717346
YNL284C,YLR398C,0,0.13405634,0.1791633814573288,0.9007936716079712,0.41633307933807373
YOR265W,YMR053C,0,0.13301703,0.179128035902977,0.9007936716079712,0.4164331555366516
YLR263W,YKR095W-A,0,0.1326272,0.17909270524978638,0.9007936716079712,0.4165332317352295
YOR304W,YDL120W,0,0.13246417,0.17905738949775696,0.9007936716079712,0.4166333079338074
YGR055W,YIL127C,0,0.1322331,0.17902208864688873,0.9007936716079712,0.41673338413238525
YML061C,YIL066C,1,0.1322044,0.17918391525745392,0.9017857313156128,0.41673338413238525
YLR016C,YFL038C,0,0.132196,0.1791485995054245,0.9017857313156128,0.41683346033096313
YLL031C,YMR279C,0,0.13191906,0.17911329865455627,0.9017857313156128,0.416933536529541
YKL079W,YGR215W,0,0.13147081,0.17907801270484924,0.9017857313156128,0.4170336127281189
YGL124C,YML038C,0,0.13129853,0.1790427416563034,0.9017857313156128,0.41713371872901917
YKL161C,YPR119W,0,0.13122976,0.17900748550891876,0.9017857313156128,0.41723379492759705
YMR036C,YBL059W,0,0.13027243,0.1789722442626953,0.9017857313156128,0.4173338711261749
YNL259C,YPL173W,0,0.1300837,0.17893700301647186,0.9017857313156128,0.4174339473247528
YMR198W,YLL015W,0,0.1299962,0.1789017915725708,0.9017857313156128,0.4175340235233307
YBR010W,YOL092W,0,0.12989482,0.17886659502983093,0.9017857313156128,0.41763409972190857
YDR150W,YPL128C,0,0.12865849,0.17883139848709106,0.9017857313156128,0.41773417592048645
YFR021W,YIL134W,0,0.12785614,0.1787962168455124,0.9017857313156128,0.4178342819213867
YER106W,YER126C,0,0.12689565,0.1787610650062561,0.9017857313156128,0.4179343581199646
YJL103C,YCL005W,0,0.12650734,0.17872591316699982,0.9017857313156128,0.4180344343185425
YAR009C,YPR124W,0,0.12564074,0.17869077622890472,0.9017857313156128,0.41813451051712036
YIL120W,YPL009C,0,0.12524919,0.17865565419197083,0.9017857313156128,0.41823458671569824
YJL063C,YJR058C,0,0.12486793,0.17862054705619812,0.9017857313156128,0.4183346629142761
YMR274C,YER087C-A,0,0.12429859,0.1785854548215866,0.9017857313156128,0.418434739112854
YOR063W,YGR063C,0,0.12387341,0.1785503774881363,0.9017857313156128,0.4185348153114319
YNL214W,YDR475C,0,0.12141703,0.17851531505584717,0.9017857313156128,0.41863492131233215
YNL224C,YJR013W,0,0.12099196,0.17848026752471924,0.9017857313156128,0.41873499751091003
YGL091C,YML114C,0,0.120914415,0.1784452348947525,0.9017857313156128,0.4188350737094879
YHR019C,YPR135W,0,0.12082656,0.17841020226478577,0.9017857313156128,0.4189351499080658
YCL001W,YHR064C,0,0.12028183,0.17837519943714142,0.9017857313156128,0.4190352261066437
YCL067C,YER159C,0,0.119652316,0.17834019660949707,0.9017857313156128,0.41913530230522156
YCL027C-A,YGL017W,0,0.11892696,0.1783052235841751,0.9017857313156128,0.41923537850379944
YJL045W,YLR345W,0,0.118809015,0.17827025055885315,0.9017857313156128,0.4193354547023773
YPR199C,YLR084C,0,0.1187565,0.17823529243469238,0.9017857313156128,0.4194355607032776
YLR380W,YIL049W,0,0.11842339,0.1782003492116928,0.9017857313156128,0.41953563690185547
YGR053C,YHR197W,1,0.11775796,0.1783614307641983,0.9027777910232544,0.41953563690185547
YML088W,YHR146W,0,0.11766963,0.17832647264003754,0.9027777910232544,0.41963571310043335
YHL024W,YFL036W,1,0.11735873,0.17848746478557587,0.903769850730896,0.41963571310043335
YOR155C,YBL069W,0,0.11690013,0.1784524917602539,0.903769850730896,0.41973578929901123
YIL089W,YBR250W,0,0.116861686,0.17841754853725433,0.903769850730896,0.4198358654975891
YEL047C,YNL214W,0,0.116372705,0.17838260531425476,0.903769850730896,0.419935941696167
YBR242W,YML133C,0,0.116163194,0.17834769189357758,0.903769850730896,0.4200360178947449
YER118C,YGR247W,0,0.11528917,0.1783127784729004,0.903769850730896,0.42013609409332275
YMR063W,YLL040C,0,0.11514941,0.1782778799533844,0.903769850730896,0.420236200094223
YMR268C,YMR237W,0,0.11510117,0.1782430112361908,0.903769850730896,0.4203362762928009
YKL143W,YMR068W,0,0.11496544,0.1782081425189972,0.903769850730896,0.4204363524913788
YLR083C,YBR012W-B,0,0.11489269,0.17817328870296478,0.903769850730896,0.42053642868995667
YFL043C,YMR184W,0,0.11482093,0.17813844978809357,0.903769850730896,0.42063650488853455
YJL156C,YKL025C,0,0.11474042,0.17810361087322235,0.903769850730896,0.4207365810871124
YNL289W,YPR200C,0,0.113271385,0.17806880176067352,0.903769850730896,0.4208366572856903
YJR121W,YER104W,0,0.1131587,0.1780340075492859,0.903769850730896,0.4209367632865906
YGL033W,YDL027C,0,0.1131174,0.17799921333789825,0.903769850730896,0.42103683948516846
YML064C,YBR301W,0,0.1127951,0.177964448928833,0.903769850730896,0.42113691568374634
YBL100W-B,YHR152W,0,0.11265463,0.17792968451976776,0.903769850730896,0.4212369918823242
YGR086C,YDR325W,0,0.112175286,0.1778949350118637,0.903769850730896,0.4213370680809021
YDL111C,YER058W,0,0.111838445,0.17786021530628204,0.903769850730896,0.42143714427948
YDR462W,YDR097C,0,0.11160539,0.17782549560070038,0.903769850730896,0.42153722047805786
YGR180C,YBR136W,1,0.11160424,0.17798595130443573,0.9047619104385376,0.42153722047805786
YDL003W,YNL046W,0,0.111383826,0.17795121669769287,0.9047619104385376,0.42163729667663574
YMR227C,YLR008C,0,0.11118169,0.1779164969921112,0.9047619104385376,0.421737402677536
YDR474C,YEL058W,0,0.110459134,0.17788180708885193,0.9047619104385376,0.4218374788761139
YNR032W,YLR369W,0,0.109989986,0.17784711718559265,0.9047619104385376,0.4219375550746918
YDR079W,YDR291W,0,0.10983054,0.17781244218349457,0.9047619104385376,0.42203763127326965
YKR059W,YJL065C,0,0.10938336,0.17777778208255768,0.9047619104385376,0.42213770747184753
YGR211W,YPL059W,0,0.10907629,0.17774313688278198,0.9047619104385376,0.4222377836704254
YJL026W,YCR028C-A,1,0.10888876,0.17790335416793823,0.9057539701461792,0.4222377836704254
YIL039W,YHL038C,0,0.10816194,0.17786869406700134,0.9057539701461792,0.4223378598690033
YMR053C,YIL010W,0,0.10768317,0.17783404886722565,0.9057539701461792,0.4224379360675812
YMR224C,YPL031C,0,0.10759546,0.17779941856861115,0.9057539701461792,0.42253804206848145
YJR015W,YNL112W,0,0.10758087,0.17776480317115784,0.9057539701461792,0.4226381182670593
YJR015W,YNR032C-A,0,0.107543126,0.17773018777370453,0.9057539701461792,0.4227381944656372
YMR281W,YHL004W,0,0.10749264,0.1776956021785736,0.9057539701461792,0.4228382706642151
YOL057W,YGL070C,0,0.10709362,0.1776610165834427,0.9057539701461792,0.42293834686279297
YCR058C,YDR113C,0,0.10707055,0.17762646079063416,0.9057539701461792,0.42303842306137085
YOL161C,YLR390W,0,0.10592903,0.17759190499782562,0.9057539701461792,0.42313849925994873
YER005W,YDL077C,0,0.105554685,0.17755736410617828,0.9057539701461792,0.423238605260849
YBR299W,YNL326C,0,0.10538907,0.17752285301685333,0.9057539701461792,0.4233386814594269
YKR028W,YNL049C,0,0.105118796,0.17748834192752838,0.9057539701461792,0.42343875765800476
YGL127C,YIL110W,0,0.103667274,0.17745384573936462,0.9057539701461792,0.42353883385658264
YNL289W,YDR277C,0,0.103122726,0.17741934955120087,0.9057539701461792,0.4236389100551605
YBR278W,YOR221C,0,0.103110135,0.1773848831653595,0.9057539701461792,0.4237389862537384
YGR053C,YDL042C,1,0.10307738,0.17754468321800232,0.9067460298538208,0.4237389862537384
YJR125C,YHR062C,0,0.103054926,0.17751020193099976,0.9067460298538208,0.4238390624523163
YMR104C,YNL339C,0,0.10256794,0.1774757355451584,0.9067460298538208,0.42393913865089417
YOR020C,YDR540C,0,0.10158341,0.17744126915931702,0.9067460298538208,0.42403924465179443
YKL133C,YAL021C,0,0.10119723,0.17740683257579803,0.9067460298538208,0.4241393208503723
YLR425W,YKR014C,0,0.10102673,0.17737241089344025,0.9067460298538208,0.4242393970489502
YDR101C,YAR003W,0,0.10087739,0.17733798921108246,0.9067460298538208,0.4243394732475281
YKR099C-A,YHR034C,0,0.10054158,0.17730358242988586,0.9067460298538208,0.42443954944610596
YLR284C,YHL039W,0,0.10052195,0.17726920545101166,0.9067460298538208,0.42453962564468384
YPR132W,YBR081C,0,0.10008527,0.17723482847213745,0.9067460298538208,0.4246397018432617
YGR026W,YOR319W,0,0.100085065,0.17720046639442444,0.9067460298538208,0.4247397780418396
YGR168C,YGR230W,0,0.09964588,0.17716611921787262,0.9067460298538208,0.42483988404273987
YBL020W,YCR087C-A,0,0.09892163,0.177131786942482,0.9067460298538208,0.42493996024131775
YCR017C,YGL173C,0,0.098042324,0.17709745466709137,0.9067460298538208,0.42504003643989563
YER116C,YJR004C,0,0.09775779,0.17706315219402313,0.9067460298538208,0.4251401126384735
YLR238W,YLR088W,0,0.09680298,0.1770288646221161,0.9067460298538208,0.4252401888370514
YBL015W,YFL002W-A,0,0.09631859,0.17699457705020905,0.9067460298538208,0.4253402650356293
YGL237C,YML040W,0,0.09582542,0.1769603043794632,0.9067460298538208,0.42544034123420715
YJL114W,YLR394W,0,0.09550886,0.17692606151103973,0.9067460298538208,0.4255404472351074
YCL027C-A,YMR227C,0,0.09484252,0.17689181864261627,0.9067460298538208,0.4256405234336853
YFL031W,YGR075C,0,0.09445952,0.176857590675354,0.9067460298538208,0.4257405996322632
YAL064W-B,YMR097C,0,0.09418498,0.17682336270809174,0.9067460298538208,0.42584067583084106
YBR261C,YDL075W,0,0.09411159,0.17678916454315186,0.9067460298538208,0.42594075202941895
YDL175C,YDL097C,0,0.09394477,0.17675498127937317,0.9067460298538208,0.4260408282279968
YDL175C,YER165W,0,0.093942896,0.17672079801559448,0.9067460298538208,0.4261409044265747
YJL081C,YOR221C,0,0.093492925,0.17668664455413818,0.9067460298538208,0.4262409806251526
YPR129W,YDR494W,0,0.09323242,0.17665249109268188,0.9067460298538208,0.42634108662605286
YER064C,YJL109C,0,0.092786744,0.17661835253238678,0.9067460298538208,0.42644116282463074
YOL061W,YGL137W,0,0.09217957,0.17658422887325287,0.9067460298538208,0.4265412390232086
YDR018C,YGR059W,0,0.092049494,0.17655012011528015,0.9067460298538208,0.4266413152217865
YBL089W,YPR066W,0,0.09050797,0.17651602625846863,0.9067460298538208,0.4267413914203644
YKR068C,YGL192W,0,0.09045111,0.1764819473028183,0.9067460298538208,0.42684146761894226
YPL058C,YLR020C,0,0.08975233,0.17644788324832916,0.9067460298538208,0.42694154381752014
YLR032W,YOL121C,0,0.08917913,0.17641381919384003,0.9067460298538208,0.427041620016098
YOR329C,YBR094W,0,0.08904722,0.17637977004051208,0.9067460298538208,0.4271417260169983
YIL004C,YBR294W,0,0.08901738,0.17634575068950653,0.9067460298538208,0.42724180221557617
YNL307C,YOR159C,0,0.088964865,0.17631173133850098,0.9067460298538208,0.42734187841415405
YDR253C,YBR193C,0,0.08822715,0.17627772688865662,0.9067460298538208,0.42744195461273193
YHR087W,YNR070W,0,0.08770141,0.17624373733997345,0.9067460298538208,0.4275420308113098
YHR071W,YKR021W,0,0.086938545,0.17620974779129028,0.9067460298538208,0.4276421070098877
YGR181W,YOR127W,0,0.08634947,0.1761757880449295,0.9067460298538208,0.4277421832084656
YGL124C,YDL171C,0,0.08616814,0.17614184319972992,0.9067460298538208,0.42784225940704346
YGL198W,YGL086W,0,0.08538079,0.17610789835453033,0.9067460298538208,0.4279423654079437
YHR033W,YER029C,0,0.08508332,0.17607396841049194,0.9067460298538208,0.4280424416065216
YKR010C,YCR017C,0,0.084916785,0.17604006826877594,0.9067460298538208,0.4281425178050995
YFL036W,YER133W,1,0.08473174,0.17619873583316803,0.9077380895614624,0.4281425178050995
YLR042C,YHL039W,0,0.083978295,0.17616480588912964,0.9077380895614624,0.42824259400367737
YAR066W,YNL130C,0,0.083546594,0.17613089084625244,0.9077380895614624,0.42834267020225525
YCR083W,YJL113W,0,0.08342908,0.17609699070453644,0.9077380895614624,0.42844274640083313
YOR290C,YGL168W,1,0.08339198,0.17625553905963898,0.908730149269104,0.42844274640083313
YPL017C,YLR345W,0,0.0833268,0.17622162401676178,0.908730149269104,0.428542822599411
YER111C,YNR056C,0,0.08232956,0.17618772387504578,0.908730149269104,0.4286429286003113
YOR290C,YML069W,1,0.08230154,0.17634615302085876,0.9097222089767456,0.4286429286003113
YDR346C,YJL002C,0,0.08228673,0.17631225287914276,0.9097222089767456,0.42874300479888916
YDR351W,YGR175C,0,0.081884876,0.17627835273742676,0.9097222089767456,0.42884308099746704
YKL184W,YLR433C,0,0.08165558,0.17624446749687195,0.9097222089767456,0.4289431571960449
YGR053C,YDL126C,1,0.081588164,0.1764027625322342,0.9107142686843872,0.4289431571960449
YPR157W,YBR247C,0,0.08139351,0.17636887729167938,0.9107142686843872,0.4290432333946228
YOL161C,YPL173W,0,0.08111386,0.17633499205112457,0.9107142686843872,0.4291433095932007
YPL076W,YML038C,0,0.080880895,0.17630113661289215,0.9107142686843872,0.42924338579177856
YJR066W,YPL173W,0,0.08023758,0.17626728117465973,0.9107142686843872,0.42934346199035645
YDR117C,YOR362C,0,0.08003983,0.1762334406375885,0.9107142686843872,0.4294435679912567
YGR294W,YBR187W,0,0.07885003,0.17619961500167847,0.9107142686843872,0.4295436441898346
YDR069C,YLR430W,1,0.07808904,0.176357701420784,0.9117063283920288,0.4295436441898346
YDL145C,YDR071C,0,0.07804106,0.17632386088371277,0.9117063283920288,0.4296437203884125
YGR105W,YER122C,0,0.077943996,0.17629005014896393,0.9117063283920288,0.42974379658699036
YIL038C,YNL012W,0,0.0772952,0.1762562394142151,0.9117063283920288,0.42984387278556824
YOR394W,YOL026C,0,0.07724799,0.17622242867946625,0.9117063283920288,0.4299439489841461
YJL053W,YCR077C,0,0.07640959,0.1761886477470398,0.9117063283920288,0.430044025182724
YER042W,YLR068W,0,0.0763403,0.17615488171577454,0.9117063283920288,0.4301441013813019
YOL161C,YML050W,0,0.0756167,0.17612111568450928,0.9117063283920288,0.43024420738220215
YPR182W,YER117W,0,0.073935255,0.1760873794555664,0.9117063283920288,0.43034428358078003
YPL030W,YBL034C,0,0.073929355,0.17605364322662354,0.9117063283920288,0.4304443597793579
YPR023C,YJR006W,1,0.07355294,0.17621144652366638,0.9126983880996704,0.4304443597793579
YPL269W,YBR302C,0,0.07345556,0.1761777102947235,0.9126983880996704,0.4305444359779358
YDR153C,YLR034C,0,0.0729886,0.17614397406578064,0.9126983880996704,0.43064451217651367
YPL141C,YER059W,0,0.07232976,0.17611026763916016,0.9126983880996704,0.43074458837509155
YJL036W,YDR009W,0,0.07207124,0.17607656121253967,0.9126983880996704,0.43084466457366943
YDR213W,YJL057C,0,0.07192688,0.17604286968708038,0.9126983880996704,0.4309447705745697
YBR042C,YGL200C,0,0.070900485,0.1760091781616211,0.9126983880996704,0.4310448467731476
YDR183W,YPL017C,0,0.07071507,0.1759755164384842,0.9126983880996704,0.43114492297172546
YOL114C,YBR094W,0,0.06963289,0.17594186961650848,0.9126983880996704,0.43124499917030334
YOR042W,YHR184W,0,0.06946249,0.17590822279453278,0.9126983880996704,0.4313450753688812
YLR190W,YKR035W-A,0,0.06944136,0.17587459087371826,0.9126983880996704,0.4314451515674591
YDR247W,YJL146W,0,0.06869967,0.17584097385406494,0.9126983880996704,0.431545227766037
YGR013W,YCR024C,0,0.06764217,0.17580737173557281,0.9126983880996704,0.43164530396461487
YKL184W,YBR049C,0,0.066739574,0.17577378451824188,0.9126983880996704,0.43174540996551514
YPL072W,YNL243W,0,0.06633504,0.17574021220207214,0.9126983880996704,0.431845486164093
YOR062C,YPR049C,0,0.06553985,0.1757066398859024,0.9126983880996704,0.4319455623626709
YIR038C,YGL061C,0,0.06553374,0.17567309737205505,0.9126983880996704,0.4320456385612488
YLR298C,YLR411W,0,0.0653681,0.1756395548582077,0.9126983880996704,0.43214571475982666
YCR072C,YGL226C-A,0,0.06535058,0.17560602724552155,0.9126983880996704,0.43224579095840454
YDR098C,YJR026W,0,0.06522344,0.17557251453399658,0.9126983880996704,0.4323458671569824
YNL124W,YMR018W,0,0.063927874,0.1755390167236328,0.9126983880996704,0.4324459433555603
YJR028W,YNR007C,0,0.06297436,0.17550553381443024,0.9126983880996704,0.43254604935646057
YNL129W,YOL072W,0,0.062200498,0.17547205090522766,0.9126983880996704,0.43264612555503845
YLR251W,YOR106W,0,0.06202018,0.17543859779834747,0.9126983880996704,0.43274620175361633
YJL084C,YNR047W,0,0.06178456,0.17540514469146729,0.9126983880996704,0.4328462779521942
YLR433C,YLR377C,0,0.061700847,0.1753717064857483,0.9126983880996704,0.4329463541507721
YPL010W,YMR150C,0,0.061664563,0.1753382831811905,0.9126983880996704,0.43304643034935
YMR099C,YFR040W,0,0.06121659,0.17530487477779388,0.9126983880996704,0.43314650654792786
YKL040C,YCR070W,0,0.06082846,0.17527148127555847,0.9126983880996704,0.43324658274650574
YBR044C,YOR396W,0,0.060042765,0.17523810267448425,0.9126983880996704,0.433346688747406
YKL171W,YJR061W,0,0.059607204,0.17520472407341003,0.9126983880996704,0.4334467649459839
YKL004W,YGR188C,0,0.059494715,0.175171360373497,0.9126983880996704,0.43354684114456177
YJR125C,YDR104C,0,0.059161466,0.17513801157474518,0.9126983880996704,0.43364691734313965
YGR142W,YKR099W,0,0.059155237,0.17510467767715454,0.9126983880996704,0.43374699354171753
YDL021W,YER105C,0,0.059079174,0.1750713586807251,0.9126983880996704,0.4338470697402954
YLR014C,YDR429C,0,0.05892014,0.17503805458545685,0.9126983880996704,0.4339471459388733
YBR296C,YGL044C,0,0.058862444,0.1750047504901886,0.9126983880996704,0.43404725193977356
YER140W,YNL311C,0,0.058516104,0.17497147619724274,0.9126983880996704,0.43414732813835144
YNL004W,YFL035C-B,0,0.057961565,0.17493820190429688,0.9126983880996704,0.4342474043369293
YGR131W,YKL112W,0,0.05755755,0.1749049425125122,0.9126983880996704,0.4343474805355072
YJL103C,YLR446W,0,0.05613179,0.17487169802188873,0.9126983880996704,0.4344475567340851
YBR058C,YGL026C,0,0.055401634,0.17483846843242645,0.9126983880996704,0.43454763293266296
YOR117W,YNL151C,0,0.05532499,0.17480523884296417,0.9126983880996704,0.43464770913124084
YBR255W,YML040W,0,0.055235174,0.17477203905582428,0.9126983880996704,0.4347477853298187
YLR070C,YKR007W,0,0.05477109,0.1747388392686844,0.9126983880996704,0.434847891330719
YFL023W,YJL206C,0,0.054689836,0.1747056543827057,0.9126983880996704,0.4349479675292969
YOL070C,YMR053C,0,0.054487478,0.17467248439788818,0.9126983880996704,0.43504804372787476
YCL027C-A,YJL129C,0,0.054199744,0.17463932931423187,0.9126983880996704,0.43514811992645264
YMR234W,YMR318C,0,0.05418065,0.17460618913173676,0.9126983880996704,0.4352481961250305
YGR041W,YPL219W,0,0.05379073,0.17457304894924164,0.9126983880996704,0.4353482723236084
YJL103C,YDR318W,0,0.05279238,0.1745399385690689,0.9126983880996704,0.4354483485221863
YJR076C,YKR058W,0,0.052766692,0.17450682818889618,0.9126983880996704,0.43554842472076416
YML005W,YPR191W,0,0.05238698,0.17447373270988464,0.9126983880996704,0.43564853072166443
YBR147W,YGR006W,0,0.052136373,0.1744406521320343,0.9126983880996704,0.4357486069202423
YOR062C,YGR206W,0,0.052120987,0.17440758645534515,0.9126983880996704,0.4358486831188202
YDR244W,YOL105C,0,0.051351886,0.174374520778656,0.9126983880996704,0.43594875931739807
YOL070C,YOR240W,0,0.051143702,0.17434148490428925,0.9126983880996704,0.43604883551597595
YJL090C,YGL168W,1,0.05074392,0.17449791729450226,0.913690447807312,0.43604883551597595
YLL057C,YCR077C,0,0.049953084,0.1744648665189743,0.913690447807312,0.43614891171455383
YFR001W,YMR189W,0,0.049120378,0.17443181574344635,0.913690447807312,0.4362489879131317
YLL066C,YER087C-B,0,0.048677545,0.17439879477024078,0.913690447807312,0.436349093914032
YDR435C,YGL090W,0,0.0484852,0.17436577379703522,0.913690447807312,0.43644917011260986
YLR154C,YPL167C,1,0.04810266,0.1745220571756363,0.9146825671195984,0.43644917011260986
YHL012W,YMR148W,0,0.047984045,0.17448902130126953,0.9146825671195984,0.43654924631118774
YCR016W,YGL186C,0,0.047110934,0.17445600032806396,0.9146825671195984,0.4366493225097656
YLR289W,YCL058W-A,0,0.047073808,0.1744230091571808,0.9146825671195984,0.4367493987083435
YEL043W,YGL127C,0,0.047066826,0.1743900179862976,0.9146825671195984,0.4368494749069214
YDR183W,YKL069W,0,0.047042895,0.17435704171657562,0.9146825671195984,0.43694955110549927
YDR032C,YDL059C,0,0.04637192,0.17432406544685364,0.9146825671195984,0.43704962730407715
YPL094C,YPR173C,0,0.0446272,0.17429111897945404,0.9146825671195984,0.4371497333049774
YBL061C,YLR054C,0,0.044165116,0.17425817251205444,0.9146825671195984,0.4372498095035553
YGR170W,YGR163W,0,0.043966707,0.17422524094581604,0.9146825671195984,0.4373498857021332
YEL036C,YLR075W,0,0.0438054,0.17419232428073883,0.9146825671195984,0.43744996190071106
YIL168W,YCR030C,0,0.043280493,0.17415942251682281,0.9146825671195984,0.43755003809928894
YKL048C,YML042W,0,0.042516988,0.174126535654068,0.9146825671195984,0.4376501142978668
YIL139C,YML013W,0,0.04238556,0.17409364879131317,0.9146825671195984,0.4377501904964447
YDR067C,YDR001C,0,0.040975694,0.17406079173088074,0.9146825671195984,0.4378502666950226
YDL001W,YHR028C,0,0.040047,0.1740279346704483,0.9146825671195984,0.43795037269592285
YDL002C,YBR111W-A,0,0.039206263,0.17399509251117706,0.9146825671195984,0.43805044889450073
YKL016C,YNR028W,0,0.038635056,0.17396226525306702,0.9146825671195984,0.4381505250930786
YDR402C,YLR170C,0,0.038577836,0.17392945289611816,0.9146825671195984,0.4382506012916565
YGR195W,YDR524C,0,0.037693184,0.1738966405391693,0.9146825671195984,0.4383506774902344
YHR146W,YDL099W,0,0.03747919,0.17386385798454285,0.9146825671195984,0.43845075368881226
YML100W,YDR227W,0,0.037430983,0.17383107542991638,0.9146825671195984,0.43855082988739014
YCR065W,YDL075W,0,0.035901736,0.1737983077764511,0.9146825671195984,0.438650906085968
YPR025C,YGL179C,0,0.035546463,0.17376555502414703,0.9146825671195984,0.4387510120868683
YPR159W,YCR040W,0,0.035121392,0.17373280227184296,0.9146825671195984,0.43885108828544617
YDR226W,YOR080W,1,0.034997102,0.17388847470283508,0.91567462682724,0.43885108828544617
YCR076C,YEL019C,0,0.03413556,0.173855721950531,0.91567462682724,0.43895116448402405
YMR234W,YDL126C,1,0.03387193,0.17401130497455597,0.9166666865348816,0.43895116448402405
YGL150C,YPL162C,0,0.033865426,0.1739785373210907,0.9166666865348816,0.43905124068260193
YBR041W,YBL003C,0,0.033560794,0.17394578456878662,0.9166666865348816,0.4391513168811798
YLL013C,YNL067W,0,0.033298288,0.17391304671764374,0.9166666865348816,0.4392513930797577
YDL093W,YMR129W,0,0.033153962,0.17388030886650085,0.9166666865348816,0.43935146927833557
YKR099C-A,YER083C,0,0.032834392,0.17384760081768036,0.9166666865348816,0.43945157527923584
YGR294W,YJL084C,0,0.032613408,0.17381489276885986,0.9166666865348816,0.4395516514778137
YPL149W,YGR288W,0,0.03244717,0.17378221452236176,0.9166666865348816,0.4396517276763916
YKL088W,YDL006W,0,0.031781998,0.17374953627586365,0.9166666865348816,0.4397518038749695
YGL029W,YDR381C-A,0,0.031629648,0.17371685802936554,0.9166666865348816,0.43985188007354736
YIL128W,YOL061W,0,0.031519126,0.17368420958518982,0.9166666865348816,0.43995195627212524
YBR092C,YDL211C,0,0.031115625,0.1736515760421753,0.9166666865348816,0.4400520324707031
YML012W,YNL194C,0,0.030632276,0.17361894249916077,0.9166666865348816,0.440152108669281
YAL048C,YNL255C,0,0.030262496,0.17358632385730743,0.9166666865348816,0.4402522146701813
YDR226W,YDL074C,1,0.030048233,0.17374154925346375,0.9176587462425232,0.4402522146701813
YKR062W,YCL011C,0,0.029903125,0.17370891571044922,0.9176587462425232,0.44035229086875916
YLR067C,YDL194W,0,0.029684138,0.17367631196975708,0.9176587462425232,0.44045236706733704
YNL041C,YEL064C,0,0.02776764,0.17364370822906494,0.9176587462425232,0.4405524432659149
YKR028W,YKL150W,0,0.027261298,0.1736111044883728,0.9176587462425232,0.4406525194644928
YOR039W,YKL013C,0,0.027204733,0.17357853055000305,0.9176587462425232,0.4407525956630707
YPL262W,YNR043W,0,0.02713428,0.1735459715127945,0.9176587462425232,0.44085267186164856
YOR244W,YPL227C,0,0.026124131,0.17351341247558594,0.9176587462425232,0.44095274806022644
YAL009W,YLL054C,0,0.025113452,0.17348086833953857,0.9176587462425232,0.4410528540611267
YJR073C,YGL113W,0,0.024833884,0.1734483391046524,0.9176587462425232,0.4411529302597046
YAL013W,YDL101C,1,0.024619859,0.17360329627990723,0.9186508059501648,0.4411529302597046
YLR398C,YAL044C,0,0.024500143,0.17357075214385986,0.9186508059501648,0.44125300645828247
YPL016W,YJR017C,0,0.024394918,0.1735382378101349,0.9186508059501648,0.44135308265686035
YOL057W,YPR080W,0,0.024165872,0.17350570857524872,0.9186508059501648,0.44145315885543823
YNR021W,YHL018W,0,0.02397633,0.17347320914268494,0.9186508059501648,0.4415532350540161
YMR121C,YDL195W,0,0.023915436,0.17344072461128235,0.9186508059501648,0.441653311252594
YKR099C-A,YLR219W,0,0.023670282,0.17340824007987976,0.9186508059501648,0.44175341725349426
YCR024C,YMR133W,0,0.023419838,0.17337577044963837,0.9186508059501648,0.44185349345207214
YOR140W,YNR020C,0,0.02322599,0.17334331572055817,0.9186508059501648,0.44195356965065
YHR194W,YBL063W,0,0.02322347,0.17331087589263916,0.9186508059501648,0.4420536458492279
YDR346C,YJL090C,0,0.023100045,0.17327843606472015,0.9186508059501648,0.4421537220478058
YCR055C,YDR092W,0,0.02298301,0.17324602603912354,0.9186508059501648,0.44225379824638367
YLR013W,YGR172C,0,0.022152763,0.17321361601352692,0.9186508059501648,0.44235387444496155
YCR072C,YBL005W-A,0,0.022151466,0.1731812208890915,0.9186508059501648,0.44245395064353943
YBR094W,YNL113W,0,0.022110742,0.17314884066581726,0.9186508059501648,0.4425540566444397
YJL026W,YCL016C,1,0.020134892,0.17330342531204224,0.9196428656578064,0.4425540566444397
YGR241C,YOL156W,0,0.02009521,0.1732710301876068,0.9196428656578064,0.4426541328430176
YIL004C,YCR087C-A,0,0.019399788,0.17323864996433258,0.9196428656578064,0.44275420904159546
YGR162W,YFL048C,0,0.019372132,0.17320628464221954,0.9196428656578064,0.44285428524017334
YPL188W,YGR047C,0,0.019038375,0.1731739193201065,0.9196428656578064,0.4429543614387512
YGL061C,YHL044W,0,0.018912267,0.17314158380031586,0.9196428656578064,0.4430544376373291
YKR026C,YDR510W,0,0.018523347,0.1731092482805252,0.9196428656578064,0.443154513835907
YDR087C,YHL044W,0,0.01839837,0.17307692766189575,0.9196428656578064,0.44325459003448486
YHR188C,YBR299W,0,0.01836012,0.1730446219444275,0.9196428656578064,0.44335469603538513
YFR033C,YPL017C,0,0.01722769,0.17301231622695923,0.9196428656578064,0.443454772233963
YCL067C,YBL061C,0,0.017116126,0.17298004031181335,0.9196428656578064,0.4435548484325409
YNL092W,YDL007W,0,0.017056566,0.17294776439666748,0.9196428656578064,0.4436549246311188
YDR375C,YKL048C,0,0.016961541,0.1729155033826828,0.9196428656578064,0.44375500082969666
YPL095C,YGR086C,0,0.015946936,0.17288325726985931,0.9196428656578064,0.44385507702827454
YDR277C,YKL145W,0,0.0155000575,0.17285101115703583,0.9196428656578064,0.4439551532268524
YOL158C,YOR375C,0,0.01538166,0.17281879484653473,0.9196428656578064,0.4440552294254303
YGR098C,YJL020C,0,0.015243303,0.17278657853603363,0.9196428656578064,0.44415533542633057
YHR031C,YDR262W,0,0.014283966,0.17275437712669373,0.9196428656578064,0.44425541162490845
YIR007W,YGR186W,0,0.013779622,0.17272219061851501,0.9196428656578064,0.44435548782348633
YGR020C,YER018C,0,0.013300769,0.1726900190114975,0.9196428656578064,0.4444555640220642
YLR376C,YPL166W,0,0.013196867,0.17265784740447998,0.9196428656578064,0.4445556402206421
YMR314W,YCL003W,0,0.012905385,0.17262570559978485,0.9196428656578064,0.44465571641921997
YMR099C,YMR050C,0,0.012748338,0.17259356379508972,0.9196428656578064,0.44475579261779785
YPR143W,YDR496C,0,0.012470346,0.1725614368915558,0.9196428656578064,0.4448558986186981
YDL210W,YKR002W,0,0.011905517,0.17252930998802185,0.9196428656578064,0.444955974817276
YGR141W,YHR035W,0,0.011517834,0.1724972128868103,0.9196428656578064,0.4450560510158539
YCL027C-A,YKL046C,0,0.011499856,0.17246511578559875,0.9196428656578064,0.44515612721443176
YBR126W-A,YLR384C,0,0.011296462,0.1724330335855484,0.9196428656578064,0.44525620341300964
YOR191W,YDR046C,0,0.010337245,0.17240096628665924,0.9196428656578064,0.4453562796115875
YGL065C,YHL012W,0,0.010150831,0.17236891388893127,0.9196428656578064,0.4454563558101654
YDR226W,YDL102W,1,0.00997166,0.17252276837825775,0.920634925365448,0.4454563558101654
YFR027W,YML100W,0,0.009862017,0.1724907010793686,0.920634925365448,0.4455564320087433
YFR051C,YNL136W,0,0.008802738,0.17245864868164062,0.920634925365448,0.44565653800964355
YML024W,YIL016W,0,0.008698445,0.17242661118507385,0.920634925365448,0.44575661420822144
YML103C,YNL328C,0,0.008441813,0.17239457368850708,0.920634925365448,0.4458566904067993
YBR012W-B,YGR178C,0,0.006802451,0.1723625510931015,0.920634925365448,0.4459567666053772
YGR067C,YER082C,0,0.0063590147,0.17233054339885712,0.920634925365448,0.4460568428039551
YMR238W,YCR059C,0,0.0063359924,0.17229855060577393,0.920634925365448,0.44615691900253296
YAL008W,YBL009W,0,0.0062118582,0.17226657271385193,0.920634925365448,0.44625699520111084
YKL156W,YLR054C,0,0.005814966,0.17223459482192993,0.920634925365448,0.4463570713996887
YLR353W,YNL157W,0,0.005749088,0.17220263183116913,0.920634925365448,0.446457177400589
YDR283C,YHR064C,0,0.0052102767,0.17217068374156952,0.920634925365448,0.44655725359916687
YDR500C,YJR070C,0,0.0049913935,0.1721387505531311,0.920634925365448,0.44665732979774475
YPR182W,YKL207W,0,0.00491824,0.17210683226585388,0.920634925365448,0.44675740599632263
YNL047C,YPL062W,0,0.0039544664,0.17207491397857666,0.920634925365448,0.4468574821949005
YFL011W,YMR203W,0,0.0037084483,0.17204301059246063,0.920634925365448,0.4469575583934784
YLR429W,YOR335C,0,0.002955418,0.1720111221075058,0.920634925365448,0.4470576345920563
YDR081C,YNL194C,0,0.0026482344,0.17197924852371216,0.920634925365448,0.44715774059295654
YLR398C,YML042W,0,0.0014971904,0.17194737493991852,0.920634925365448,0.4472578167915344
YKR019C,YDR427W,0,0.0012091361,0.17191553115844727,0.920634925365448,0.4473578929901123
YBR005W,YPL226W,0,0.0011346638,0.171883687376976,0.920634925365448,0.4474579691886902
YDR131C,YPR169W,0,0.0010690764,0.17185185849666595,0.920634925365448,0.44755804538726807
YJR045C,YER021W,0,0.00037482008,0.1718200296163559,0.920634925365448,0.44765812158584595
YPR133W-A,YPR056W,0,0.00021567568,0.17178823053836823,0.920634925365448,0.44775819778442383
YLR188W,YML095C,0,0.00021384284,0.17175643146038055,0.920634925365448,0.4478582739830017
YDR258C,YHR154W,0,-0.0002819188,0.17172464728355408,0.920634925365448,0.447958379983902
YPL140C,YLR284C,0,-0.00029926375,0.1716928780078888,0.920634925365448,0.44805845618247986
YJL170C,YFL002W-A,0,-0.00071200356,0.1716611236333847,0.920634925365448,0.44815853238105774
YEL055C,YMR156C,0,-0.0010612197,0.17162936925888062,0.920634925365448,0.4482586085796356
YLR227C,YJR149W,0,-0.0010903962,0.17159762978553772,0.920634925365448,0.4483586847782135
YFL018W-A,YNL127W,0,-0.0013497472,0.17156590521335602,0.920634925365448,0.4484587609767914
YNL025C,YKR025W,0,-0.0015969761,0.1715341955423355,0.920634925365448,0.44855883717536926
YJL003W,YGR090W,0,-0.0019211061,0.1715025007724762,0.920634925365448,0.44865891337394714
YML129C,YMR268W-A,0,-0.0023616329,0.17147080600261688,0.920634925365448,0.4487590193748474
YMR271C,YDR416W,0,-0.002841819,0.17143912613391876,0.920634925365448,0.4488590955734253
YMR075W,YMR266W,0,-0.0036861561,0.17140746116638184,0.920634925365448,0.4489591717720032
YPL084W,YDR524C,0,-0.003887985,0.1713758111000061,0.920634925365448,0.44905924797058105
YOR340C,YOR119C,0,-0.0041383095,0.17134416103363037,0.920634925365448,0.44915932416915894
YIL109C,YJL076W,0,-0.0044163503,0.17131254076957703,0.920634925365448,0.4492594003677368
YPR196W,YJR001W,0,-0.005506266,0.17128092050552368,0.920634925365448,0.4493594765663147
YBL100W-A,YNL026W,0,-0.006065149,0.17124931514263153,0.920634925365448,0.4494595527648926
YKL157W,YOL060C,0,-0.006278146,0.17121770977973938,0.920634925365448,0.44955965876579285
YOR304W,YOR264W,0,-0.0063343532,0.17118613421916962,0.920634925365448,0.4496597349643707
YKL093W,YKR007W,0,-0.006338436,0.17115455865859985,0.920634925365448,0.4497598111629486
YOR088W,YOL126C,0,-0.0065642744,0.17112299799919128,0.920634925365448,0.4498598873615265
YBL075C,YOL091W,0,-0.006967593,0.1710914522409439,0.920634925365448,0.44995996356010437
YPL010W,YDR214W,0,-0.007919539,0.17105990648269653,0.920634925365448,0.45006003975868225
YLL051C,YOR384W,0,-0.008623589,0.17102837562561035,0.920634925365448,0.45016011595726013
YKL213C,YOL053C-A,0,-0.009202454,0.17099687457084656,0.920634925365448,0.4502602219581604
YIR015W,YLR421C,0,-0.009531546,0.17096535861492157,0.920634925365448,0.4503602981567383
YKL093W,YIR009W,0,-0.0101235695,0.17093387246131897,0.920634925365448,0.45046037435531616
YDR206W,YJR067C,0,-0.010299284,0.17090240120887756,0.920634925365448,0.45056045055389404
YGR092W,YDR523C,0,-0.010571796,0.17087092995643616,0.920634925365448,0.4506605267524719
YKR009C,YIL170W,0,-0.011503603,0.17083947360515594,0.920634925365448,0.4507606029510498
YLL066C,YHR042W,0,-0.011600319,0.17080803215503693,0.920634925365448,0.4508606791496277
YGL128C,YHR052W,0,-0.011776436,0.1707765907049179,0.920634925365448,0.45096075534820557
YOR262W,YOR106W,0,-0.011970397,0.17074516415596008,0.920634925365448,0.45106086134910583
YPR196W,YFL050C,0,-0.011981588,0.17071376740932465,0.920634925365448,0.4511609375476837
YGR174C,YHR035W,0,-0.012111176,0.17068235576152802,0.920634925365448,0.4512610137462616
YNL213C,YBL005W-A,0,-0.012126662,0.17065097391605377,0.920634925365448,0.4513610899448395
YNL085W,YKR071C,0,-0.013017453,0.17061959207057953,0.920634925365448,0.45146116614341736
YOR287C,YJL093C,0,-0.013666082,0.17058824002742767,0.920634925365448,0.45156124234199524
YOR388C,YAL048C,0,-0.0143642165,0.17055688798427582,0.920634925365448,0.4516613185405731
YBL090W,YJL019W,0,-0.014818151,0.17052553594112396,0.920634925365448,0.451761394739151
YJL122W,YDL234C,0,-0.015060205,0.1704942137002945,0.920634925365448,0.45186150074005127
YNL214W,YDR338C,0,-0.015332874,0.17046289145946503,0.920634925365448,0.45196157693862915
YMR268W-A,YOR159C,0,-0.016297843,0.17043158411979675,0.920634925365448,0.45206165313720703
YLR220W,YKR072C,0,-0.01697043,0.17040029168128967,0.920634925365448,0.4521617293357849
YNL075W,YGR208W,0,-0.017456759,0.1703690141439438,0.920634925365448,0.4522618055343628
YFL020C,YLR220W,0,-0.017690677,0.1703377366065979,0.920634925365448,0.4523618817329407
YNL267W,YPL113C,0,-0.017692525,0.1703064739704132,0.920634925365448,0.45246195793151855
YGL087C,YPL270W,0,-0.017826606,0.1702752262353897,0.920634925365448,0.4525620639324188
YDR064W,YKR089C,0,-0.01844399,0.1702439934015274,0.920634925365448,0.4526621401309967
YJL114W,YLR369W,0,-0.0184685,0.1702127605676651,0.920634925365448,0.4527622163295746
YIL151C,YDL206W,0,-0.018537682,0.17018155753612518,0.920634925365448,0.45286229252815247
YML073C,YHR177W,0,-0.019403,0.17015035450458527,0.920634925365448,0.45296236872673035
YCL057C-A,YGL070C,0,-0.019488756,0.17011915147304535,0.920634925365448,0.4530624449253082
YOL139C,YKL209C,0,-0.019543137,0.17008797824382782,0.920634925365448,0.4531625211238861
YEL029C,YLR023C,0,-0.019711602,0.1700568050146103,0.920634925365448,0.453262597322464
YDR392W,YCR011C,0,-0.019845892,0.17002564668655396,0.920634925365448,0.45336270332336426
YOL098C,YBR193C,0,-0.020259093,0.1699945032596588,0.920634925365448,0.45346277952194214
YDR185C,YGL206C,0,-0.020497162,0.16996337473392487,0.920634925365448,0.45356285572052
YFR021W,YLR357W,0,-0.020875353,0.16993224620819092,0.920634925365448,0.4536629319190979
YHL038C,YOR103C,0,-0.021942873,0.16990113258361816,0.920634925365448,0.4537630081176758
YBR210W,YBR090C-A,0,-0.022334326,0.1698700338602066,0.920634925365448,0.45386308431625366
YBR215W,YOR152C,0,-0.022723425,0.16983895003795624,0.920634925365448,0.45396316051483154
YEL012W,YMR005W,0,-0.022734974,0.16980786621570587,0.920634925365448,0.4540632367134094
YDR007W,YPR122W,0,-0.023054238,0.1697767972946167,0.920634925365448,0.4541633427143097
YPR041W,YPL283C,0,-0.023144234,0.16974574327468872,0.920634925365448,0.4542634189128876
YDL042C,YGL168W,1,-0.0233513,0.16989758610725403,0.9216269850730896,0.4542634189128876
YGR131W,YCL035C,0,-0.023947928,0.16986651718616486,0.9216269850730896,0.45436349511146545
YDR465C,YOR175C,0,-0.024143752,0.16983546316623688,0.9216269850730896,0.45446357131004333
YMR122W-A,YBL069W,0,-0.026298959,0.1698044240474701,0.9216269850730896,0.4545636475086212
YJR007W,YOR056C,0,-0.026513893,0.1697733849287033,0.9216269850730896,0.4546637237071991
YER060W-A,YML094W,0,-0.027777363,0.1697423756122589,0.9216269850730896,0.454763799905777
YOR016C,YCL063W,0,-0.028017033,0.16971136629581451,0.9216269850730896,0.45486390590667725
YCL074W,YER076C,0,-0.02810878,0.1696803718805313,0.9216269850730896,0.4549639821052551
YBL028C,YGR262C,0,-0.028747816,0.1696493774652481,0.9216269850730896,0.455064058303833
YPL283C,YLL067C,0,-0.028855156,0.1696183979511261,0.9216269850730896,0.4551641345024109
YLR450W,YOL034W,0,-0.028865594,0.16958743333816528,0.9216269850730896,0.45526421070098877
YOR099W,YLR343W,0,-0.029474396,0.16955648362636566,0.9216269850730896,0.45536428689956665
YPR086W,YDR096W,0,-0.029743176,0.16952554881572723,0.9216269850730896,0.45546436309814453
YEL043W,YER184C,0,-0.030463178,0.1694946140050888,0.9216269850730896,0.4555644392967224
YLR405W,YOL096C,0,-0.031713888,0.16946369409561157,0.9216269850730896,0.4556645452976227
YPL256C,YKL046C,0,-0.032324392,0.16943278908729553,0.9216269850730896,0.45576462149620056
YKL078W,YNL030W,0,-0.032437224,0.16940189898014069,0.9216269850730896,0.45586469769477844
YER020W,YDR016C,0,-0.03270187,0.16937100887298584,0.9216269850730896,0.4559647738933563
YFL002W-A,YLR026C,0,-0.0330482,0.1693401336669922,0.9216269850730896,0.4560648500919342
YPR071W,YBR081C,0,-0.033415515,0.16930927336215973,0.9216269850730896,0.4561649262905121
YFL056C,YOR372C,0,-0.03388283,0.16927842795848846,0.9216269850730896,0.45626500248908997
YGR116W,YOL087C,0,-0.034246985,0.1692475825548172,0.9216269850730896,0.45636507868766785
YNL307C,YGR075C,0,-0.03491811,0.16921675205230713,0.9216269850730896,0.4564651846885681
YHR192W,YIL065C,0,-0.035286907,0.16918593645095825,0.9216269850730896,0.456565260887146
YDR542W,YKL096W,0,-0.03528695,0.16915513575077057,0.9216269850730896,0.4566653370857239
YOR327C,YAL001C,0,-0.03544255,0.16912433505058289,0.9216269850730896,0.45676541328430176
YGR270W,YIL049W,0,-0.03556784,0.1690935492515564,0.9216269850730896,0.45686548948287964
YCL075W,YGR186W,0,-0.03594529,0.1690627783536911,0.9216269850730896,0.4569655656814575
YNR073C,YEL013W,0,-0.03606042,0.169032022356987,0.9216269850730896,0.4570656418800354
YNL187W,YEL006W,0,-0.0362374,0.1690012663602829,0.9216269850730896,0.4571657180786133
YBL038W,YMR072W,0,-0.036418874,0.16897054016590118,0.9216269850730896,0.45726582407951355
YER043C,YML033W,0,-0.03646365,0.16893981397151947,0.9216269850730896,0.45736590027809143
YEL049W,YFR008W,0,-0.036605615,0.16890908777713776,0.9216269850730896,0.4574659764766693
YPL276W,YPL169C,0,-0.036940217,0.16887839138507843,0.9216269850730896,0.4575660526752472
YPR055W,YGL140C,0,-0.037666988,0.1688476949930191,0.9216269850730896,0.4576661288738251
YOR236W,YGL026C,0,-0.03872593,0.16881701350212097,0.9216269850730896,0.45776620507240295
YFL036W,YKL022C,1,-0.039371092,0.16896802186965942,0.9226190447807312,0.45776620507240295
YLR370C,YPL104W,0,-0.03989323,0.1689373254776001,0.9226190447807312,0.45786628127098083
YCL067C,YPL189W,0,-0.040204693,0.16890664398670197,0.9226190447807312,0.4579663872718811
YDR296W,YER070W,1,-0.040377032,0.16905756294727325,0.9236111044883728,0.4579663872718811
YOR032C,YCR017C,0,-0.040444765,0.16902686655521393,0.9236111044883728,0.458066463470459
YJR028W,YAL060W,0,-0.04073851,0.1689961850643158,0.9236111044883728,0.45816653966903687
YKR043C,YGR031W,0,-0.040938918,0.16896551847457886,0.9236111044883728,0.45826661586761475
YGR156W,YCR023C,0,-0.041216183,0.16893485188484192,0.9236111044883728,0.4583666920661926
YOR080W,YMR190C,1,-0.041246492,0.16908563673496246,0.9246031641960144,0.4583666920661926
YFL005W,YMR284W,0,-0.04147889,0.16905495524406433,0.9246031641960144,0.4584667682647705
YDR282C,YIL048W,0,-0.04187458,0.1690243035554886,0.9246031641960144,0.4585668444633484
YJL045W,YPL152W,0,-0.04269727,0.16899365186691284,0.9246031641960144,0.45866692066192627
YNL125C,YGL216W,0,-0.043732237,0.1689630150794983,0.9246031641960144,0.45876702666282654
YGL184C,YCR073C,0,-0.043802116,0.16893239319324493,0.9246031641960144,0.4588671028614044
YMR268W-A,YIL018W,0,-0.04386944,0.16890177130699158,0.9246031641960144,0.4589671790599823
YDR131C,YMR059W,0,-0.045109022,0.1688711792230606,0.9246031641960144,0.4590672552585602
YDL177C,YLR033W,0,-0.04534531,0.16884058713912964,0.9246031641960144,0.45916733145713806
YOR388C,YPL036W,0,-0.046229113,0.16880999505519867,0.9246031641960144,0.45926740765571594
YML033W,YGL156W,0,-0.0466554,0.1687794327735901,0.9246031641960144,0.4593674838542938
YHR148W,YAL013W,0,-0.046795864,0.1687488704919815,0.9246031641960144,0.4594675600528717
YDL182W,YFL061W,0,-0.046811584,0.16871832311153412,0.9246031641960144,0.459567666053772
YNL014W,YNL019C,0,-0.046966802,0.16868777573108673,0.9246031641960144,0.45966774225234985
YML114C,YMR318C,0,-0.047166485,0.16865725815296173,0.9246031641960144,0.45976781845092773
YHR018C,YGR188C,0,-0.048326958,0.16862674057483673,0.9246031641960144,0.4598678946495056
YPL027W,YDR087C,0,-0.04871386,0.16859623789787292,0.9246031641960144,0.4599679708480835
YPL200W,YEL036C,0,-0.049947362,0.1685657501220703,0.9246031641960144,0.4600680470466614
YAR066W,YGL086W,0,-0.05028519,0.1685352623462677,0.9246031641960144,0.46016812324523926
YOR034C,YNL152W,0,-0.050525177,0.16850478947162628,0.9246031641960144,0.4602682292461395
YFL027C,YGR233C,0,-0.050891284,0.16847433149814606,0.9246031641960144,0.4603683054447174
YOL010W,YMR002W,0,-0.050962582,0.16844388842582703,0.9246031641960144,0.4604683816432953
YLL022C,YER184C,0,-0.051143326,0.168413445353508,0.9246031641960144,0.46056845784187317
YNL084C,YOR236W,0,-0.05129615,0.16838301718235016,0.9246031641960144,0.46066853404045105
YDR150W,YNR039C,0,-0.05170471,0.16835260391235352,0.9246031641960144,0.46076861023902893
YLL057C,YJL161W,0,-0.05248064,0.16832219064235687,0.9246031641960144,0.4608686864376068
YKL110C,YBR141C,0,-0.054123703,0.16829180717468262,0.9246031641960144,0.4609687626361847
YOL012C,YPL094C,0,-0.054194916,0.16826142370700836,0.9246031641960144,0.46106886863708496
YCL010C,YLR361C,0,-0.054705814,0.1682310402393341,0.9246031641960144,0.46116894483566284
YOR143C,YPL194W,0,-0.05472796,0.16820068657398224,0.9246031641960144,0.4612690210342407
YGR101W,YCL029C,0,-0.05473188,0.16817033290863037,0.9246031641960144,0.4613690972328186
YOR363C,YNL074C,0,-0.054999877,0.1681399941444397,0.9246031641960144,0.4614691734313965
YGL140C,YGR030C,0,-0.055109646,0.16810967028141022,0.9246031641960144,0.46156924962997437
YER083C,YDL211C,0,-0.055297423,0.16807934641838074,0.9246031641960144,0.46166932582855225
YER169W,YML094W,0,-0.05579293,0.16804903745651245,0.9246031641960144,0.4617694020271301
YOR371C,YKL120W,0,-0.055904828,0.16801874339580536,0.9246031641960144,0.4618695080280304
YKL091C,YGL017W,0,-0.056036253,0.16798846423625946,0.9246031641960144,0.4619695842266083
YHR017W,YLR446W,0,-0.056052517,0.16795818507671356,0.9246031641960144,0.46206966042518616
YML075C,YJL102W,0,-0.05695324,0.16792792081832886,0.9246031641960144,0.46216973662376404
YML033W,YNL279W,0,-0.057887275,0.16789767146110535,0.9246031641960144,0.4622698128223419
YDL080C,YLR343W,0,-0.05816402,0.16786743700504303,0.9246031641960144,0.4623698890209198
YHL050C,YGR213C,0,-0.058261823,0.1678372025489807,0.9246031641960144,0.4624699652194977
YAL015C,YIL066C,1,-0.05877194,0.16798703372478485,0.925595223903656,0.4624699652194977
YJL047C,YOL103W,0,-0.059264425,0.16795679926872253,0.925595223903656,0.46257004141807556
YNL108C,YBR172C,0,-0.059416834,0.16792656481266022,0.925595223903656,0.46267014741897583
YIL056W,YCL062W,0,-0.059955884,0.1678963452577591,0.925595223903656,0.4627702236175537
YJL114W,YOR336W,0,-0.06084371,0.16786614060401917,0.925595223903656,0.4628702998161316
YNL182C,YAL021C,1,-0.061893243,0.16801582276821136,0.9265872836112976,0.4628702998161316
YDL017W,YGR136W,0,-0.061933074,0.16798561811447144,0.9265872836112976,0.4629703760147095
YPR140W,YJL225C,0,-0.062256183,0.1679553985595703,0.9265872836112976,0.46307045221328735
YJR002W,YGL166W,0,-0.062525526,0.16792520880699158,0.9265872836112976,0.46317052841186523
YHR126C,YPL042C,0,-0.06314075,0.16789501905441284,0.9265872836112976,0.4632706046104431
YLR360W,YER144C,0,-0.063158736,0.1678648442029953,0.9265872836112976,0.4633707106113434
YHL038C,YER058W,0,-0.063173994,0.16783468425273895,0.9265872836112976,0.46347078680992126
YBR131W,YPL265W,0,-0.06329523,0.1678045243024826,0.9265872836112976,0.46357086300849915
YDL075W,YLR398C,0,-0.063575074,0.16777437925338745,0.9265872836112976,0.463670939207077
YKL065C,YLR328W,0,-0.06367019,0.1677442491054535,0.9265872836112976,0.4637710154056549
YFL055W,YPR063C,0,-0.06427161,0.16771413385868073,0.9265872836112976,0.4638710916042328
YGR062C,YGR216C,0,-0.06522368,0.16768401861190796,0.9265872836112976,0.46397116780281067
YGL071W,YKR080W,0,-0.06557369,0.1676539182662964,0.9265872836112976,0.46407124400138855
YLR430W,YHR032W,0,-0.065611586,0.167623832821846,0.9265872836112976,0.4641713500022888
YGR240C,YDR461W,0,-0.065992534,0.16759376227855682,0.9265872836112976,0.4642714262008667
YPL279C,YGR043C,0,-0.06601106,0.16756369173526764,0.9265872836112976,0.4643715023994446
YOR062C,YIL042C,0,-0.06727062,0.16753363609313965,0.9265872836112976,0.46447157859802246
YHR214C-B,YPR067W,0,-0.067507,0.16750358045101166,0.9265872836112976,0.46457165479660034
YMR040W,YPL017C,0,-0.06788871,0.16747355461120605,0.9265872836112976,0.4646717309951782
YHR115C,YLR141W,0,-0.06876777,0.16744352877140045,0.9265872836112976,0.4647718071937561
YFR003C,YKL158W,0,-0.069139466,0.16741351783275604,0.9265872836112976,0.464871883392334
YDL241W,YGL263W,0,-0.069377735,0.16738350689411163,0.9265872836112976,0.46497198939323425
YDR064W,YML098W,0,-0.070399314,0.1673535257577896,0.9265872836112976,0.46507206559181213
YDL113C,YOR337W,0,-0.07110943,0.1673235446214676,0.9265872836112976,0.46517214179039
YPL117C,YBL050W,0,-0.07160011,0.16729356348514557,0.9265872836112976,0.4652722179889679
YDR255C,YFL002W-A,0,-0.07234724,0.16726361215114594,0.9265872836112976,0.4653722941875458
YHR108W,YNL257C,0,-0.07274695,0.1672336608171463,0.9265872836112976,0.46547237038612366
YIL160C,YGR223C,0,-0.07275368,0.16720372438430786,0.9265872836112976,0.46557244658470154
YOR377W,YPR061C,0,-0.07287191,0.16717380285263062,0.9265872836112976,0.4656725525856018
YOR240W,YHR065C,0,-0.07290935,0.16714388132095337,0.9265872836112976,0.4657726287841797
YER133W,YJR046W,1,-0.072980225,0.16729289293289185,0.9275793433189392,0.4657726287841797
YOR119C,YML006C,0,-0.07309088,0.1672629714012146,0.9275793433189392,0.46587270498275757
YPL196W,YDL013W,0,-0.073659346,0.16723304986953735,0.9275793433189392,0.46597278118133545
YOR371C,YKR084C,0,-0.07511917,0.1672031432390213,0.9275793433189392,0.46607285737991333
YPR001W,YJR116W,0,-0.07519445,0.16717325150966644,0.9275793433189392,0.4661729335784912
YIL034C,YNL012W,0,-0.07543824,0.16714337468147278,0.9275793433189392,0.4662730097770691
YMR088C,YHR035W,0,-0.07607868,0.1671134978532791,0.9275793433189392,0.466373085975647
YDR461W,YDR363W-A,0,-0.07609378,0.16708363592624664,0.9275793433189392,0.46647319197654724
YNL038W,YIR021W,0,-0.07617259,0.16705377399921417,0.9275793433189392,0.4665732681751251
YPL084W,YFL041W,0,-0.07659623,0.1670239418745041,0.9275793433189392,0.466673344373703
YDL126C,YGL113W,1,-0.076703414,0.16717271506786346,0.9285714030265808,0.466673344373703
YLR196W,YDR450W,0,-0.07748993,0.167142853140831,0.9285714030265808,0.4667734205722809
YOR195W,YLR355C,0,-0.07826021,0.1671130210161209,0.9285714030265808,0.46687349677085876
YHL009C,YBR169C,0,-0.07870698,0.16708318889141083,0.9285714030265808,0.46697357296943665
YBL078C,YMR199W,0,-0.07883832,0.16705337166786194,0.9285714030265808,0.4670736491680145
YFL035C-B,YDR076W,0,-0.0793681,0.16702355444431305,0.9285714030265808,0.4671737253665924
YOR020C,YGL006W,0,-0.07968022,0.16699375212192535,0.9285714030265808,0.4672738313674927
YDR432W,YDR513W,0,-0.079737455,0.16696396470069885,0.9285714030265808,0.46737390756607056
YLR340W,YER098W,0,-0.07984349,0.16693419218063354,0.9285714030265808,0.46747398376464844
YBR215W,YDL055C,0,-0.08004926,0.16690441966056824,0.9285714030265808,0.4675740599632263
YDR104C,YJL020C,0,-0.08015941,0.16687466204166412,0.9285714030265808,0.4676741361618042
YML064C,YIL172C,0,-0.08074246,0.1668449193239212,0.9285714030265808,0.4677742123603821
YCL057C-A,YNL302C,0,-0.08113304,0.16681519150733948,0.9285714030265808,0.46787428855895996
YDL063C,YMR076C,0,-0.08160955,0.16678546369075775,0.9285714030265808,0.46797436475753784
YOR378W,YDL113C,0,-0.08223413,0.16675575077533722,0.9285714030265808,0.4680744707584381
YOR388C,YOR244W,0,-0.0823424,0.1667260378599167,0.9285714030265808,0.468174546957016
YDR189W,YNL146W,0,-0.082503036,0.16669635474681854,0.9285714030265808,0.46827462315559387
YMR211W,YDR266C,0,-0.08273694,0.1666666716337204,0.9285714030265808,0.46837469935417175
YLR264W,YOL092W,0,-0.08285703,0.16663698852062225,0.9285714030265808,0.46847477555274963
YKR076W,YPL085W,0,-0.08426659,0.1666073352098465,0.9285714030265808,0.4685748517513275
YHR064C,YCL050C,0,-0.08468202,0.16657768189907074,0.9285714030265808,0.4686749279499054
YMR028W,YDL185W,0,-0.08526331,0.16654804348945618,0.9285714030265808,0.46877503395080566
YDR523C,YMR262W,0,-0.085309125,0.1665184199810028,0.9285714030265808,0.46887511014938354
YPL070W,YDR315C,0,-0.08568913,0.16648879647254944,0.9285714030265808,0.4689751863479614
YOR279C,YKL141W,0,-0.08638303,0.16645918786525726,0.9285714030265808,0.4690752625465393
YGL022W,YMR237W,0,-0.08643006,0.16642959415912628,0.9285714030265808,0.4691753387451172
YBR170C,YCR028C-A,1,-0.08648981,0.1665777713060379,0.9295634627342224,0.4691753387451172
YJR010W,YHR069C,0,-0.08650282,0.16654816269874573,0.9295634627342224,0.46927541494369507
YOR239W,YNR004W,0,-0.08651388,0.16651856899261475,0.9295634627342224,0.46937549114227295
YGL037C,YNL059C,0,-0.087142795,0.16648899018764496,0.9295634627342224,0.46947556734085083
YLR222C,YOR301W,0,-0.0880042,0.16645941138267517,0.9295634627342224,0.4695756733417511
YCL074W,YOR035C,0,-0.08953823,0.16642984747886658,0.9295634627342224,0.469675749540329
YPL113C,YDR536W,0,-0.08994816,0.16640028357505798,0.9295634627342224,0.46977582573890686
YNL188W,YGR294W,0,-0.0899867,0.16637073457241058,0.9295634627342224,0.46987590193748474
YLR414C,YHR170W,0,-0.09059251,0.16634120047092438,0.9295634627342224,0.4699759781360626
YGR056W,YFR015C,0,-0.09101865,0.16631168127059937,0.9295634627342224,0.4700760543346405
YLR325C,YPL269W,0,-0.091062725,0.16628216207027435,0.9295634627342224,0.4701761305332184
YAR066W,YPL013C,0,-0.09117472,0.16625265777111053,0.9295634627342224,0.47027620673179626
YIL099W,YDR412W,0,-0.09241587,0.1662231683731079,0.9295634627342224,0.47037631273269653
YLR343W,YOR142W,0,-0.0927431,0.16619367897510529,0.9295634627342224,0.4704763889312744
YKL090W,YCR077C,0,-0.093008235,0.16616421937942505,0.9295634627342224,0.4705764651298523
YJR098C,YHR050W,0,-0.0930917,0.16613474488258362,0.9295634627342224,0.4706765413284302
YNR063W,YMR226C,0,-0.09330761,0.16610530018806458,0.9295634627342224,0.47077661752700806
YGR053C,YBR170C,1,-0.09370747,0.16625310480594635,0.9305555820465088,0.47077661752700806
YNL004W,YDL072C,0,-0.094576225,0.1662236452102661,0.9305555820465088,0.47087669372558594
YML038C,YDR363W-A,0,-0.094626635,0.16619418561458588,0.9305555820465088,0.4709767699241638
YCR067C,YDR441C,0,-0.094974786,0.16616474092006683,0.9305555820465088,0.4710768759250641
YJR076C,YDL097C,0,-0.09514661,0.16613531112670898,0.9305555820465088,0.47117695212364197
YGR282C,YPL060W,0,-0.09532723,0.16610589623451233,0.9305555820465088,0.47127702832221985
YGL227W,YAL054C,0,-0.09547843,0.16607648134231567,0.9305555820465088,0.47137710452079773
YOR267C,YDR511W,0,-0.09581274,0.1660470813512802,0.9305555820465088,0.4714771807193756
YNL335W,YLR316C,0,-0.095844164,0.16601769626140594,0.9305555820465088,0.4715772569179535
YBR088C,YCR096C,0,-0.095860064,0.16598832607269287,0.9305555820465088,0.47167733311653137
YNR067C,YLR453C,0,-0.096410856,0.1659589558839798,0.9305555820465088,0.47177740931510925
YJL216C,YCR106W,0,-0.096611306,0.16592960059642792,0.9305555820465088,0.4718775153160095
YKL124W,YLR133W,0,-0.09668243,0.16590024530887604,0.9305555820465088,0.4719775915145874
YGR178C,YJL037W,0,-0.09728959,0.16587090492248535,0.9305555820465088,0.4720776677131653
YDR185C,YOL055C,0,-0.09729484,0.16584157943725586,0.9305555820465088,0.47217774391174316
YPR071W,YOR056C,0,-0.09747049,0.16581226885318756,0.9305555820465088,0.47227782011032104
YCL005W-A,YIL120W,0,-0.09755577,0.16578295826911926,0.9305555820465088,0.4723778963088989
YOR339C,YDR141C,0,-0.097593606,0.16575366258621216,0.9305555820465088,0.4724779725074768
YLR074C,YDR294C,0,-0.09763737,0.16572438180446625,0.9305555820465088,0.4725780487060547
YBL027W,YPL283C,0,-0.09782831,0.16569510102272034,0.9305555820465088,0.47267815470695496
YDR451C,YJL008C,0,-0.0980549,0.16566583514213562,0.9305555820465088,0.47277823090553284
YGR088W,YKR075C,0,-0.09894602,0.1656365841627121,0.9305555820465088,0.4728783071041107
YDL126C,YNL262W,1,-0.099792376,0.16578389704227448,0.9315476417541504,0.4728783071041107
YLR337C,YBL005W-B,0,-0.09985292,0.16575463116168976,0.9315476417541504,0.4729783833026886
YGR082W,YNL172W,0,-0.10005975,0.16572538018226624,0.9315476417541504,0.4730784595012665
YMR232W,YOR216C,0,-0.10032596,0.1656961292028427,0.9315476417541504,0.47317853569984436
YER010C,YFL059W,0,-0.10145685,0.16566690802574158,0.9315476417541504,0.47327861189842224
YCR017C,YOL135C,0,-0.10160944,0.16563767194747925,0.9315476417541504,0.4733786880970001
YOL012C,YOL053C-A,0,-0.10196136,0.1656084656715393,0.9315476417541504,0.4734787940979004
YLR193C,YBR186W,0,-0.1023317,0.16557925939559937,0.9315476417541504,0.47357887029647827
YLR201C,YER153C,0,-0.10316825,0.16555006802082062,0.9315476417541504,0.47367894649505615
YAL055W,YDR330W,0,-0.103219554,0.16552089154720306,0.9315476417541504,0.47377902269363403
YGR225W,YLR337C,0,-0.104774654,0.1654917150735855,0.9315476417541504,0.4738790988922119
YLL061W,YDL059C,0,-0.105295464,0.16546255350112915,0.9315476417541504,0.4739791750907898
YHR142W,YDR228C,0,-0.10538338,0.16543340682983398,0.9315476417541504,0.4740792512893677
YLR274W,YIL066C,1,-0.10539156,0.1655804067850113,0.932539701461792,0.4740792512893677
YBR007C,YPL115C,0,-0.10557577,0.16555124521255493,0.932539701461792,0.47417935729026794
YAL015C,YBR100W,1,-0.10565294,0.16569818556308746,0.9335317611694336,0.47417935729026794
YDR529C,YER153C,0,-0.105777234,0.1656690090894699,0.9335317611694336,0.4742794334888458
YLR143W,YDL119C,0,-0.106085904,0.16563984751701355,0.9335317611694336,0.4743795096874237
YPL076W,YLR034C,0,-0.10655944,0.16561070084571838,0.9335317611694336,0.4744795858860016
YIL076W,YJL134W,0,-0.10704295,0.16558155417442322,0.9335317611694336,0.47457966208457947
YMR302C,YLR442C,0,-0.107075706,0.16555242240428925,0.9335317611694336,0.47467973828315735
YDR329C,YGL141W,0,-0.10708389,0.16552330553531647,0.9335317611694336,0.47477981448173523
YER015W,YOR061W,0,-0.10735904,0.16549420356750488,0.9335317611694336,0.4748798906803131
YNL075W,YLR143W,0,-0.10754804,0.1654651015996933,0.9335317611694336,0.4749799966812134
YAR008W,YKL039W,0,-0.107592866,0.1654359996318817,0.9335317611694336,0.47508007287979126
YDL120W,YJR153W,0,-0.10767026,0.16540692746639252,0.9335317611694336,0.47518014907836914
YLR024C,YIL014W,0,-0.107698515,0.16537785530090332,0.9335317611694336,0.475280225276947
YBR085W,YNR021W,0,-0.107778594,0.16534879803657532,0.9335317611694336,0.4753803014755249
YPL181W,YKL146W,0,-0.10800603,0.16531974077224731,0.9335317611694336,0.4754803776741028
YOR349W,YGL021W,0,-0.10801655,0.1652907133102417,0.9335317611694336,0.47558045387268066
YDL077C,YDR247W,0,-0.108393475,0.16526168584823608,0.9335317611694336,0.47568053007125854
YML071C,YJL174W,0,-0.10880242,0.16523265838623047,0.9335317611694336,0.4757806360721588
YGL190C,YDL020C,0,-0.10897139,0.16520364582538605,0.9335317611694336,0.4758807122707367
YGR123C,YDL097C,0,-0.10911295,0.16517464816570282,0.9335317611694336,0.4759807884693146
YHR103W,YER153C,0,-0.10913096,0.1651456654071808,0.9335317611694336,0.47608086466789246
YGR145W,YGR136W,0,-0.10917275,0.16511668264865875,0.9335317611694336,0.47618094086647034
YMR112C,YMR203W,0,-0.10942109,0.1650877147912979,0.9335317611694336,0.4762810170650482
YBR261C,YLR303W,0,-0.10968067,0.16505876183509827,0.9335317611694336,0.4763810932636261
YPL119C,YHL048W,0,-0.11047985,0.16502980887889862,0.9335317611694336,0.47648119926452637
YML055W,YNR032C-A,0,-0.11113709,0.16500087082386017,0.9335317611694336,0.47658127546310425
YER132C,YJL206C,0,-0.111273974,0.1649719476699829,0.9335317611694336,0.47668135166168213
YGR144W,YJL123C,0,-0.11177233,0.16494303941726685,0.9335317611694336,0.47678142786026
YBR183W,YML112W,0,-0.11234425,0.16491413116455078,0.9335317611694336,0.4768815040588379
YJL010C,YDR031W,0,-0.112770006,0.16488522291183472,0.9335317611694336,0.47698158025741577
YHR160C,YNL221C,0,-0.11344384,0.16485634446144104,0.9335317611694336,0.47708165645599365
YGR026W,YBL100W-A,0,-0.11358535,0.16482746601104736,0.9335317611694336,0.47718173265457153
YGR070W,YPL186C,0,-0.11403686,0.16479860246181488,0.9335317611694336,0.4772818386554718
YDR020C,YGL145W,0,-0.11433366,0.1647697389125824,0.9335317611694336,0.4773819148540497
YGR103W,YKL175W,0,-0.11499448,0.1647408902645111,0.9335317611694336,0.47748199105262756
YOL129W,YGR056W,0,-0.11526759,0.164712056517601,0.9335317611694336,0.47758206725120544
YCL067C,YHR035W,0,-0.11526796,0.1646832376718521,0.9335317611694336,0.4776821434497833
YNL084C,YPR111W,0,-0.115691796,0.1646544188261032,0.9335317611694336,0.4777822196483612
YDR314C,YJL020C,0,-0.115783885,0.1646256148815155,0.9335317611694336,0.4778822958469391
YBR148W,YIL120W,0,-0.116380185,0.1645968109369278,0.9335317611694336,0.47798237204551697
YOR254C,YIL042C,0,-0.11682542,0.16456803679466248,0.9335317611694336,0.47808247804641724
YJR028W,YAL067C,0,-0.116858765,0.16453924775123596,0.9335317611694336,0.4781825542449951
YKR059W,YER138C,0,-0.11726268,0.16451048851013184,0.9335317611694336,0.478282630443573
YGL147C,YDR156W,0,-0.11746423,0.1644817292690277,0.9335317611694336,0.4783827066421509
YBR164C,YBR293W,0,-0.1176054,0.16445298492908478,0.9335317611694336,0.47848278284072876
YML087C,YMR323W,0,-0.11771454,0.16442425549030304,0.9335317611694336,0.47858285903930664
YPL169C,YPL099C,0,-0.11833373,0.1643955260515213,0.9335317611694336,0.4786829352378845
YDL018C,YKR072C,0,-0.11838789,0.16436681151390076,0.9335317611694336,0.4787830412387848
YMR307W,YLR143W,0,-0.11860864,0.1643381118774414,0.9335317611694336,0.47888311743736267
YDR248C,YMR137C,0,-0.11864896,0.16430941224098206,0.9335317611694336,0.47898319363594055
YFR051C,YJR014W,0,-0.11948955,0.1642807275056839,0.9335317611694336,0.47908326983451843
YGR125W,YIL048W,0,-0.11967006,0.16425205767154694,0.9335317611694336,0.4791833460330963
YDL084W,YML094W,0,-0.119783774,0.16422338783740997,0.9335317611694336,0.4792834222316742
YGR227W,YNR010W,0,-0.12127252,0.1641947329044342,0.9335317611694336,0.4793834984302521
YDR252W,YLR242C,0,-0.12130435,0.16416607797145844,0.9335317611694336,0.47948357462882996
YBR100W,YIL048W,0,-0.12133597,0.16413745284080505,0.9335317611694336,0.4795836806297302
YIR028W,YLR011W,0,-0.121808305,0.16410882771015167,0.9335317611694336,0.4796837568283081
YKL037W,YHL044W,0,-0.12255484,0.1640802025794983,0.9335317611694336,0.479783833026886
YNL015W,YOR233W,0,-0.123156086,0.1640516072511673,0.9335317611694336,0.47988390922546387
YNL334C,YPL112C,0,-0.12322152,0.1640230119228363,0.9335317611694336,0.47998398542404175
YBR017C,YER003C,0,-0.12337905,0.1639944165945053,0.9335317611694336,0.48008406162261963
YMR145C,YJR010C-A,0,-0.1236693,0.1639658510684967,0.9335317611694336,0.4801841378211975
YLR037C,YKR075C,0,-0.12374021,0.1639372855424881,0.9335317611694336,0.4802842140197754
YMR268W-A,YBL002W,0,-0.124059364,0.1639087200164795,0.9335317611694336,0.48038432002067566
YGL249W,YDR214W,0,-0.12414032,0.16388018429279327,0.9335317611694336,0.48048439621925354
YGL116W,YCR048W,0,-0.12442808,0.16385164856910706,0.9335317611694336,0.4805844724178314
YIL050W,YJL045W,0,-0.1253043,0.16382311284542084,0.9335317611694336,0.4806845486164093
YJR015W,YML072C,0,-0.12538657,0.163794606924057,0.9335317611694336,0.4807846248149872
YMR214W,YPL216W,0,-0.12679924,0.16376610100269318,0.9335317611694336,0.48088470101356506
YCR020W-B,YJL082W,0,-0.12734075,0.16373759508132935,0.9335317611694336,0.48098477721214294
YMR072W,YLR050C,0,-0.12742221,0.1637091189622879,0.9335317611694336,0.4810848534107208
YMR072W,YPL065W,0,-0.12749748,0.16368064284324646,0.9335317611694336,0.4811849594116211
YDR099W,YDR489W,1,-0.12875487,0.1638260930776596,0.9345238208770752,0.4811849594116211
YDL076C,YOR207C,0,-0.12897147,0.16379760205745697,0.9345238208770752,0.481285035610199
YPL200W,YDR508C,0,-0.12969583,0.16376912593841553,0.9345238208770752,0.48138511180877686
YBR234C,YGL070C,0,-0.1302437,0.16374064981937408,0.9345238208770752,0.48148518800735474
YKL146W,YDL069C,0,-0.13030149,0.16371220350265503,0.9345238208770752,0.4815852642059326
YBR241C,YML112W,0,-0.13069402,0.16368375718593597,0.9345238208770752,0.4816853404045105
YOR393W,YKL008C,0,-0.13093682,0.16365531086921692,0.9345238208770752,0.4817854166030884
YMR065W,YER110C,0,-0.13249022,0.16362689435482025,0.9345238208770752,0.48188552260398865
YDR245W,YKL043W,0,-0.13263199,0.16359847784042358,0.9345238208770752,0.48198559880256653
YML029W,YIL162W,0,-0.13281639,0.16357006132602692,0.9345238208770752,0.4820856750011444
YGR213C,YDL247W,0,-0.13286206,0.16354165971279144,0.9345238208770752,0.4821857511997223
YGR080W,YDR420W,0,-0.13294522,0.16351327300071716,0.9345238208770752,0.48228582739830017
YML109W,YML028W,0,-0.13314927,0.16348490118980408,0.9345238208770752,0.48238590359687805
YNL263C,YPL174C,0,-0.1333725,0.163456529378891,0.9345238208770752,0.48248597979545593
YPL206C,YNL146W,0,-0.13366595,0.1634281724691391,0.9345238208770752,0.4825860559940338
YPL083C,YNL220W,0,-0.1337076,0.1633998304605484,0.9345238208770752,0.4826861619949341
YBR148W,YGL039W,0,-0.13412873,0.1633714884519577,0.9345238208770752,0.48278623819351196
YJL095W,YKL150W,0,-0.13430472,0.1633431613445282,0.9345238208770752,0.48288631439208984
YPL014W,YOL084W,0,-0.13508017,0.1633148342370987,0.9345238208770752,0.4829863905906677
YNL048W,YAL033W,0,-0.13564351,0.16328653693199158,0.9345238208770752,0.4830864667892456
YOL123W,YDL241W,0,-0.13618727,0.16325823962688446,0.9345238208770752,0.4831865429878235
YNL026W,YDL211C,0,-0.13647915,0.16322994232177734,0.9345238208770752,0.48328661918640137
YPR111W,YDR380W,0,-0.13762473,0.16320165991783142,0.9345238208770752,0.48338669538497925
YLR360W,YKL082C,0,-0.13811384,0.1631733924150467,0.9345238208770752,0.4834868013858795
YDR002W,YOR067C,0,-0.1384889,0.16314513981342316,0.9345238208770752,0.4835868775844574
YDL084W,YCL052C,0,-0.13853176,0.16311688721179962,0.9345238208770752,0.4836869537830353
YIR006C,YBR280C,0,-0.13873059,0.16308864951133728,0.9345238208770752,0.48378702998161316
YKL042W,YDL128W,0,-0.13905819,0.16306041181087494,0.9345238208770752,0.48388710618019104
YMR018W,YJL146W,0,-0.1395189,0.1630321890115738,0.9345238208770752,0.4839871823787689
YPR021C,YKL209C,0,-0.13995066,0.16300398111343384,0.9345238208770752,0.4840872585773468
YCL001W-A,YER124C,0,-0.13999599,0.16297577321529388,0.9345238208770752,0.48418736457824707
YAL025C,YJR160C,0,-0.1400026,0.16294758021831512,0.9345238208770752,0.48428744077682495
YML040W,YGL158W,0,-0.14060049,0.16291940212249756,0.9345238208770752,0.48438751697540283
YAL051W,YJR061W,0,-0.14109896,0.1628912389278412,0.9345238208770752,0.4844875931739807
YJR137C,YOR278W,0,-0.14113197,0.16286307573318481,0.9345238208770752,0.4845876693725586
YHR084W,YMR325W,0,-0.141327,0.16283491253852844,0.9345238208770752,0.4846877455711365
YFL020C,YDR359C,0,-0.14177398,0.16280677914619446,0.9345238208770752,0.48478782176971436
YFL004W,YGL213C,0,-0.14208923,0.16277864575386047,0.9345238208770752,0.48488789796829224
YJL024C,YPR016C,0,-0.142246,0.1627505123615265,0.9345238208770752,0.4849880039691925
YGR225W,YCL045C,0,-0.142252,0.1627224087715149,0.9345238208770752,0.4850880801677704
YMR166C,YDR363W-A,0,-0.14244254,0.1626943051815033,0.9345238208770752,0.48518815636634827
YDL217C,YIL154C,0,-0.14330886,0.1626662015914917,0.9345238208770752,0.48528823256492615
YKL125W,YDL111C,0,-0.14336233,0.1626381278038025,0.9345238208770752,0.48538830876350403
YJL069C,YER078C,0,-0.14411691,0.16261005401611328,0.9345238208770752,0.4854883849620819
YDR458C,YMR122W-A,0,-0.14420746,0.16258198022842407,0.9345238208770752,0.4855884611606598
YBR058C,YOR382W,0,-0.14448032,0.16255392134189606,0.9345238208770752,0.48568853735923767
YNL224C,YIR038C,0,-0.14562048,0.16252587735652924,0.9345238208770752,0.48578864336013794
YGR241C,YGL139W,0,-0.14562424,0.1624978482723236,0.9345238208770752,0.4858887195587158
YDR454C,YFR055W,0,-0.1459785,0.16246981918811798,0.9345238208770752,0.4859887957572937
YGL075C,YHR087W,0,-0.1460726,0.16244180500507355,0.9345238208770752,0.4860888719558716
YIL158W,YGR222W,0,-0.14660764,0.1624137908220291,0.9345238208770752,0.48618894815444946
YDR152W,YPR036W,0,-0.14715846,0.16238579154014587,0.9345238208770752,0.48628902435302734
YNL124W,YLR166C,0,-0.14727922,0.16235780715942383,0.9345238208770752,0.4863891005516052
YMR272C,YLR063W,0,-0.14734179,0.16232982277870178,0.9345238208770752,0.4864891767501831
YNL022C,YOR274W,0,-0.147393,0.16230186820030212,0.9345238208770752,0.4865892827510834
YBR062C,YHR127W,0,-0.1475805,0.16227389872074127,0.9345238208770752,0.48668935894966125
YAL021C,YOL090W,1,-0.14772248,0.1624181866645813,0.9355158805847168,0.48668935894966125
YBR295W,YGR047C,0,-0.1483454,0.16239021718502045,0.9355158805847168,0.48678943514823914
YLR113W,YHR118C,1,-0.1484228,0.1625344306230545,0.9365079402923584,0.48678943514823914
YCR021C,YAL061W,0,-0.14845018,0.16250646114349365,0.9365079402923584,0.486889511346817
YOR063W,YLR188W,0,-0.14859252,0.1624784916639328,0.9365079402923584,0.4869895875453949
YBL090W,YPL013C,0,-0.14866756,0.16245052218437195,0.9365079402923584,0.4870896637439728
YKL154W,YKL023W,0,-0.14869371,0.1624225676059723,0.9365079402923584,0.48718973994255066
YMR256C,YIL066C,0,-0.14889322,0.16239462792873383,0.9365079402923584,0.4872898459434509
YHR055C,YIL171W,0,-0.14926803,0.16236670315265656,0.9365079402923584,0.4873899221420288
YJL113W,YLR390W-A,0,-0.14956686,0.16233877837657928,0.9365079402923584,0.4874899983406067
YGR177C,YNR062C,0,-0.14962035,0.1623108685016632,0.9365079402923584,0.48759007453918457
YGR247W,YNL091W,0,-0.15056004,0.16228295862674713,0.9365079402923584,0.48769015073776245
YBR087W,YFL034C-A,0,-0.15076534,0.16225506365299225,0.9365079402923584,0.48779022693634033
YCR060W,YKL046C,0,-0.15112625,0.16222718358039856,0.9365079402923584,0.4878903031349182
YDL073W,YBR235W,0,-0.15134409,0.16219931840896606,0.9365079402923584,0.4879903793334961
YER103W,YIL165C,0,-0.15162413,0.16217145323753357,0.9365079402923584,0.48809048533439636
YDR099W,YPL181W,1,-0.15224709,0.16231535375118256,0.9375,0.48809048533439636
YGL087C,YCL016C,0,-0.15240645,0.16228747367858887,0.9375,0.48819056153297424
YMR120C,YDR065W,0,-0.1530462,0.16225960850715637,0.9375,0.4882906377315521
YBR244W,YJL160C,0,-0.15325342,0.16223175823688507,0.9375,0.48839071393013
YCL019W,YGR082W,0,-0.15377666,0.16220390796661377,0.9375,0.4884907901287079
YHR186C,YMR022W,0,-0.15456156,0.16217607259750366,0.9375,0.48859086632728577
YFL033C,YGL168W,0,-0.15541296,0.16214825212955475,0.9375,0.48869094252586365
YDL171C,YHR177W,0,-0.15551639,0.16212043166160583,0.9375,0.48879101872444153
YLR395C,YHR178W,0,-0.15563665,0.16209262609481812,0.9375,0.4888911247253418
YJL083W,YEL069C,0,-0.15572296,0.1620648205280304,0.9375,0.4889912009239197
YHR103W,YEL039C,0,-0.15598066,0.16203702986240387,0.9375,0.48909127712249756
YBR118W,YIL158W,0,-0.1560505,0.16200925409793854,0.9375,0.48919135332107544
YOR047C,YHL050C,0,-0.15618908,0.1619814932346344,0.9375,0.4892914295196533
YNR013C,YKL214C,0,-0.15623404,0.16195373237133026,0.9375,0.4893915057182312
YER023W,YHR101C,0,-0.15631023,0.16192597150802612,0.9375,0.4894915819168091
YGL230C,YNL248C,0,-0.15635833,0.16189824044704437,0.9375,0.48959168791770935
YIL117C,YLR413W,0,-0.15644614,0.16187050938606262,0.9375,0.48969176411628723
YJL214W,YLR285W,0,-0.15677847,0.16184277832508087,0.9375,0.4897918403148651
YLL057C,YDR071C,0,-0.15699522,0.16181506216526031,0.9375,0.489891916513443
YPR200C,YFL048C,0,-0.15728027,0.16178736090660095,0.9375,0.4899919927120209
YOR080W,YOL027C,0,-0.15734632,0.16175967454910278,0.9375,0.49009206891059875
YGR244C,YML102W,0,-0.15745436,0.16173198819160461,0.9375,0.49019214510917664
YGL128C,YGR257C,0,-0.15799053,0.16170431673526764,0.9375,0.4902922213077545
YMR051C,YKR061W,0,-0.15870285,0.16167664527893066,0.9375,0.4903923273086548
YOL129W,YGL017W,0,-0.15877093,0.16164898872375488,0.9375,0.49049240350723267
YNL244C,YJL110C,0,-0.15904693,0.1616213470697403,0.9375,0.49059247970581055
YMR322C,YDR475C,0,-0.15920089,0.1615937054157257,0.9375,0.4906925559043884
YOL062C,YHR146W,0,-0.159562,0.16156607866287231,0.9375,0.4907926321029663
YFL034C-A,YOL040C,0,-0.16007592,0.16153846681118011,0.9375,0.4908927083015442
YMR281W,YDR414C,0,-0.16024019,0.16151085495948792,0.9375,0.49099278450012207
YEL004W,YLL015W,0,-0.1603244,0.1614832580089569,0.9375,0.49109286069869995
YHR081W,YJR094W-A,0,-0.1604643,0.1614556610584259,0.9375,0.4911929666996002
YBL014C,YMR321C,0,-0.16146101,0.1614280790090561,0.9375,0.4912930428981781
YMR023C,YNR035C,0,-0.1624342,0.16140051186084747,0.9375,0.491393119096756
YOR126C,YMR262W,0,-0.16252047,0.16137294471263885,0.9375,0.49149319529533386
YOR390W,YBR213W,0,-0.16304493,0.16134539246559143,0.9375,0.49159327149391174
YKL138C,YPL048W,0,-0.16322714,0.1613178551197052,0.9375,0.4916933476924896
YBR272C,YOR188W,0,-0.16337445,0.16129031777381897,0.9375,0.4917934238910675
YBR012W-B,YDL133W,0,-0.16394873,0.16126279532909393,0.9375,0.4918935000896454
YNL220W,YOR276W,0,-0.16397737,0.1612352877855301,0.9375,0.49199360609054565
YLR316C,YNR045W,0,-0.16415754,0.16120778024196625,0.9375,0.49209368228912354
YKL037W,YDL207W,0,-0.1642813,0.1611802875995636,0.9375,0.4921937584877014
YKR026C,YKL222C,0,-0.16431972,0.16115279495716095,0.9375,0.4922938346862793
YEL063C,YHR143W-A,0,-0.16439928,0.1611253172159195,0.9375,0.4923939108848572
YCL057C-A,YDR325W,0,-0.1647842,0.16109785437583923,0.9375,0.49249398708343506
YNL315C,YNL196C,0,-0.16498695,0.16107039153575897,0.9375,0.49259406328201294
YMR176W,YDR032C,0,-0.16507351,0.1610429435968399,0.9375,0.4926941692829132
YBR279W,YOR157C,0,-0.16530153,0.16101551055908203,0.9375,0.4927942454814911
YDR159W,YKR023W,0,-0.16597125,0.16098807752132416,0.9375,0.49289432168006897
YMR212C,YKL209C,0,-0.16603063,0.16096065938472748,0.9375,0.49299439787864685
YIL078W,YBR283C,0,-0.16612193,0.1609332412481308,0.9375,0.49309447407722473
YBR089C-A,YFR024C-A,0,-0.16622822,0.1609058380126953,0.9375,0.4931945502758026
YEL027W,YOR362C,0,-0.1663513,0.16087844967842102,0.9375,0.4932946264743805
YMR157C,YGL043W,0,-0.1671602,0.16085106134414673,0.9375,0.4933947026729584
YOL102C,YDR046C,0,-0.16731825,0.16082368791103363,0.9375,0.49349480867385864
YIR032C,YOR304C-A,0,-0.16736208,0.16079632937908173,0.9375,0.4935948848724365
YGL191W,YMR286W,0,-0.1677611,0.16076897084712982,0.9375,0.4936949610710144
YJR025C,YOR216C,0,-0.1683495,0.1607416272163391,0.9375,0.4937950372695923
YLR143W,YKL171W,0,-0.1689617,0.1607142835855484,0.9375,0.49389511346817017
YJL036W,YLR151C,0,-0.16955067,0.16068695485591888,0.9375,0.49399518966674805
YDR447C,YCL008C,0,-0.169648,0.16065964102745056,0.9375,0.4940952658653259
YFL011W,YNL049C,0,-0.16969107,0.16063232719898224,0.9375,0.4941953420639038
YML037C,YEL029C,0,-0.16981053,0.1606050282716751,0.9375,0.4942954480648041
YEL043W,YIR034C,0,-0.17008917,0.16057774424552917,0.9375,0.49439552426338196
YDR329C,YBR141C,0,-0.17030233,0.16055046021938324,0.9375,0.49449560046195984
YBR246W,YJR135W-A,0,-0.17039345,0.1605231910943985,0.9375,0.4945956766605377
YIL111W,YGL174W,0,-0.17079078,0.16049592196941376,0.9375,0.4946957528591156
YNL019C,YKR058W,0,-0.17136252,0.1604686677455902,0.9375,0.4947958290576935
YCR044C,YCR068W,0,-0.17159511,0.16044142842292786,0.9375,0.49489590525627136
YFL034C-A,YDR315C,0,-0.17177792,0.1604141891002655,0.9375,0.49499601125717163
YFL021W,YPL270W,0,-0.17193078,0.16038696467876434,0.9375,0.4950960874557495
YGL096W,YNL001W,0,-0.17425692,0.16035975515842438,0.9375,0.4951961636543274
YKL067W,YDL033C,0,-0.17443131,0.1603325456380844,0.9375,0.4952962398529053
YOL119C,YMR046C,0,-0.17468654,0.16030533611774445,0.9375,0.49539631605148315
YML116W,YHR035W,0,-0.17487977,0.16027815639972687,0.9375,0.49549639225006104
YLR225C,YER011W,0,-0.17520083,0.1602509766817093,0.9375,0.4955964684486389
YKL154W,YPR016C,0,-0.17661802,0.1602238118648529,0.9375,0.4956965446472168
YGR004W,YHR048W,0,-0.17685197,0.16019664704799652,0.9375,0.49579665064811707
YDR296W,YDR303C,1,-0.17710358,0.16033898293972015,0.9384920597076416,0.49579665064811707
YPL165C,YPR147C,0,-0.17725076,0.16031181812286377,0.9384920597076416,0.49589672684669495
YHR160C,YAL058W,0,-0.17785737,0.16028465330600739,0.9384920597076416,0.4959968030452728
YGL261C,YLR432W,0,-0.17798162,0.1602575033903122,0.9384920597076416,0.4960968792438507
YGR053C,YER116C,0,-0.17803915,0.160230353474617,0.9384920597076416,0.4961969554424286
YGL046W,YOR320C,0,-0.17930502,0.160203218460083,0.9384920597076416,0.49629703164100647
YPL010W,YDL195W,0,-0.17980625,0.1601760983467102,0.9384920597076416,0.49639710783958435
YJL047C,YML068W,0,-0.18000191,0.1601489782333374,0.9384920597076416,0.49649718403816223
YJR117W,YAR014C,0,-0.18042576,0.1601218730211258,0.9384920597076416,0.4965972900390625
YLR422W,YGR239C,0,-0.18093862,0.16009476780891418,0.9384920597076416,0.4966973662376404
YML133C,YMR196W,0,-0.18125103,0.16006767749786377,0.9384920597076416,0.49679744243621826
YGR283C,YNL048W,0,-0.18135013,0.16004060208797455,0.9384920597076416,0.49689751863479614
YML074C,YDR056C,0,-0.18266542,0.16001352667808533,0.9384920597076416,0.496997594833374
YBR302C,YER059W,0,-0.18332691,0.1599864661693573,0.9384920597076416,0.4970976710319519
YLR117C,YLR113W,1,-0.18350826,0.16012850403785706,0.9394841194152832,0.4970976710319519
YCL043C,YPR042C,0,-0.18400133,0.16010144352912903,0.9394841194152832,0.4971977472305298
YEL006W,YDR034W-B,0,-0.18464237,0.1600743681192398,0.9394841194152832,0.49729782342910767
YCL010C,YLR345W,0,-0.1847344,0.16004732251167297,0.9394841194152832,0.49739792943000793
YKR077W,YMR177W,0,-0.18485612,0.16002027690410614,0.9394841194152832,0.4974980056285858
YLR424W,YOR209C,0,-0.18493427,0.1599932461977005,0.9394841194152832,0.4975980818271637
YPL282C,YGR249W,0,-0.18519197,0.15996621549129486,0.9394841194152832,0.4976981580257416
YHR158C,YLR435W,0,-0.18521996,0.15993919968605042,0.9394841194152832,0.49779823422431946
YOL053W,YGR047C,0,-0.18526366,0.15991219878196716,0.9394841194152832,0.49789831042289734
YOL070C,YMR079W,0,-0.1858948,0.1598851978778839,0.9394841194152832,0.4979983866214752
YMR162C,YJL225C,0,-0.18623936,0.15985819697380066,0.9394841194152832,0.4980984926223755
YIL119C,YPL113C,0,-0.18667197,0.1598312258720398,0.9394841194152832,0.49819856882095337
YMR045C,YNL070W,0,-0.1867673,0.15980425477027893,0.9394841194152832,0.49829864501953125
YKR070W,YLR300W,0,-0.187032,0.15977728366851807,0.9394841194152832,0.49839872121810913
YIL127C,YCL024W,0,-0.18719424,0.1597503423690796,0.9394841194152832,0.498498797416687
YHR199C,YNL304W,0,-0.18774812,0.15972338616847992,0.9394841194152832,0.4985988736152649
YGR127W,YDR240C,0,-0.18780176,0.15969645977020264,0.9394841194152832,0.4986989498138428
YEL036C,YDR196C,0,-0.18800692,0.15966953337192535,0.9394841194152832,0.49879902601242065
YPL200W,YPL191C,0,-0.18974666,0.15964262187480927,0.9394841194152832,0.4988991320133209
YJL063C,YJL136C,0,-0.1899528,0.15961571037769318,0.9394841194152832,0.4989992082118988
YDR004W,YFL041W,0,-0.19013515,0.15958881378173828,0.9394841194152832,0.4990992844104767
YHR187W,YPL030W,0,-0.19043651,0.1595619171857834,0.9394841194152832,0.49919936060905457
YLR214W,YNL131W,0,-0.190515,0.15953503549098969,0.9394841194152832,0.49929943680763245
YJR061W,YLL040C,0,-0.19164291,0.15950816869735718,0.9394841194152832,0.4993995130062103
YOR396W,YDR158W,0,-0.19205502,0.15948130190372467,0.9394841194152832,0.4994995892047882
YGL101W,YIL114C,0,-0.19212091,0.15945445001125336,0.9394841194152832,0.4995996654033661
YBR142W,YNR067C,0,-0.19232856,0.15942761301994324,0.9394841194152832,0.49969977140426636
YNL183C,YGR223C,0,-0.19233426,0.15940077602863312,0.9394841194152832,0.49979984760284424
YLR250W,YJL003W,0,-0.19234256,0.1593739539384842,0.9394841194152832,0.4998999238014221
YGL203C,YNL315C,0,-0.19240396,0.15934713184833527,0.9394841194152832,0.5
YDL214C,YBL071W-A,0,-0.1932218,0.15932032465934753,0.9394841194152832,0.5001000761985779
YCL074W,YNL081C,0,-0.19371659,0.1592935174703598,0.9394841194152832,0.5002001523971558
YGL113W,YCR058C,0,-0.19422771,0.15926674008369446,0.9394841194152832,0.5003002285957336
YNL137C,YNR072W,0,-0.19435813,0.15923994779586792,0.9394841194152832,0.5004003047943115
YHR154W,YKR081C,0,-0.19484551,0.15921318531036377,0.9394841194152832,0.5005003809928894
YKR095W,YPL271W,0,-0.19615048,0.15918642282485962,0.9394841194152832,0.5006004571914673
YNR063W,YIR010W,0,-0.19669169,0.15915966033935547,0.9394841194152832,0.5007005333900452
YNR062C,YEL030W,0,-0.19714294,0.1591329127550125,0.9394841194152832,0.5008006691932678
YDR060W,YCL050C,0,-0.19842331,0.15910618007183075,0.9394841194152832,0.5009007453918457
YMR125W,YBR130C,0,-0.198527,0.15907946228981018,0.9394841194152832,0.5010008215904236
YKL063C,YKL172W,0,-0.19854334,0.1590527445077896,0.9394841194152832,0.5011008977890015
YHR158C,YOR177C,0,-0.19874729,0.15902602672576904,0.9394841194152832,0.5012009739875793
YPR065W,YJL081C,0,-0.19878785,0.15899932384490967,0.9394841194152832,0.5013010501861572
YDR069C,YDL017W,1,-0.2000205,0.15914051234722137,0.9404761791229248,0.5013010501861572
YIL050W,YMR050C,0,-0.20113835,0.1591137945652008,0.9404761791229248,0.5014011263847351
YMR104C,YPL162C,0,-0.20117646,0.15908709168434143,0.9404761791229248,0.501501202583313
YLR131C,YNR040W,0,-0.2012295,0.15906040370464325,0.9404761791229248,0.5016012787818909
YIL162W,YMR224C,0,-0.20168553,0.15903371572494507,0.9404761791229248,0.5017013549804688
YGR207C,YOR206W,0,-0.20209143,0.15900704264640808,0.9404761791229248,0.5018014311790466
YGL127C,YJR007W,0,-0.20266457,0.1589803844690323,0.9404761791229248,0.5019015073776245
YJL154C,YKL200C,0,-0.20375767,0.1589537262916565,0.9404761791229248,0.5020015835762024
YFL006W,YOR079C,0,-0.20402627,0.1589270681142807,0.9404761791229248,0.5021016597747803
YOR086C,YBL011W,0,-0.2047925,0.1589004397392273,0.9404761791229248,0.5022017359733582
YMR218C,YPL189W,0,-0.2060575,0.1588738113641739,0.9404761791229248,0.502301812171936
YCR044C,YCL011C,0,-0.20731604,0.15884718298912048,0.9404761791229248,0.5024019479751587
YOL101C,YBR150C,0,-0.20755993,0.15882056951522827,0.9404761791229248,0.5025020241737366
YBL030C,YCL026C-B,0,-0.20851718,0.15879397094249725,0.9404761791229248,0.5026021003723145
YBR185C,YGL080W,0,-0.20891084,0.15876737236976624,0.9404761791229248,0.5027021765708923
YEL070W,YLR011W,0,-0.20939,0.1587407886981964,0.9404761791229248,0.5028022527694702
YGL141W,YNL161W,0,-0.21035342,0.15871421992778778,0.9404761791229248,0.5029023289680481
YGL234W,YJL076W,0,-0.21133175,0.15868765115737915,0.9404761791229248,0.503002405166626
YMR170C,YKL025C,0,-0.21156758,0.15866108238697052,0.9404761791229248,0.5031024813652039
YCR035C,YEL001C,0,-0.21174605,0.15863454341888428,0.9404761791229248,0.5032025575637817
YOR334W,YMR013C,0,-0.21179044,0.15860800445079803,0.9404761791229248,0.5033026337623596
YNL131W,YDR446W,0,-0.21206263,0.1585814654827118,0.9404761791229248,0.5034027099609375
YNL020C,YEL007W,0,-0.21255644,0.15855494141578674,0.9404761791229248,0.5035027861595154
YCR052W,YPL018W,0,-0.21314703,0.1585284322500229,0.9404761791229248,0.5036028623580933
YGR053C,YMR160W,0,-0.21346565,0.15850192308425903,0.9404761791229248,0.5037029385566711
YDR213W,YOR306C,0,-0.2152463,0.15847542881965637,0.9404761791229248,0.503803014755249
YIL089W,YPL279C,0,-0.21540903,0.1584489345550537,0.9404761791229248,0.5039031505584717
YAR010C,YKL039W,0,-0.21554591,0.15842245519161224,0.9404761791229248,0.5040032267570496
YDL036C,YPR198W,0,-0.21565096,0.15839599072933197,0.9404761791229248,0.5041033029556274
YJR133W,YFL052W,0,-0.2159775,0.1583695262670517,0.9404761791229248,0.5042033791542053
YBR062C,YOR350C,0,-0.21656029,0.15834307670593262,0.9404761791229248,0.5043034553527832
YMR039C,YDL004W,0,-0.21658473,0.15831662714481354,0.9404761791229248,0.5044035315513611
YNL014W,YDR256C,0,-0.21684553,0.15829019248485565,0.9404761791229248,0.504503607749939
YHR017W,YBR234C,0,-0.21731068,0.15826377272605896,0.9404761791229248,0.5046036839485168
YGR195W,YPL031C,0,-0.217902,0.15823735296726227,0.9404761791229248,0.5047037601470947
YOR054C,YNR072W,0,-0.21903186,0.15821094810962677,0.9404761791229248,0.5048038363456726
YMR052W,YFL059W,0,-0.2192327,0.15818454325199127,0.9404761791229248,0.5049039125442505
YPR004C,YJL198W,0,-0.21941397,0.15815815329551697,0.9404761791229248,0.5050039887428284
YBR065C,YDR330W,0,-0.2195715,0.15813177824020386,0.9404761791229248,0.5051040649414062
YDR287W,YJR141W,0,-0.21983601,0.15810540318489075,0.9404761791229248,0.5052041411399841
YKL055C,YBR264C,0,-0.22024822,0.15807904303073883,0.9404761791229248,0.505304217338562
YHR133C,YCR055C,0,-0.2205532,0.15805268287658691,0.9404761791229248,0.5054043531417847
YLR086W,YBL099W,0,-0.22109996,0.1580263376235962,0.9404761791229248,0.5055044293403625
YOR092W,YML106W,0,-0.22193323,0.15800000727176666,0.9404761791229248,0.5056045055389404
YDR234W,YBR112C,0,-0.22258219,0.15797367691993713,0.9404761791229248,0.5057045817375183
YBR074W,YCL037C,0,-0.22262536,0.1579473465681076,0.9404761791229248,0.5058046579360962
YJR143C,YLR399C,0,-0.22273354,0.15792104601860046,0.9404761791229248,0.5059047341346741
YJR031C,YBR046C,0,-0.2228973,0.15789473056793213,0.9404761791229248,0.506004810333252
YGR100W,YDR317W,0,-0.22345164,0.15786844491958618,0.9404761791229248,0.5061048865318298
YMR041C,YNL317W,0,-0.22345783,0.15784215927124023,0.9404761791229248,0.5062049627304077
YDL126C,YLR090W,0,-0.22352672,0.15781588852405548,0.9404761791229248,0.5063050389289856
YJR076C,YML052W,0,-0.22372757,0.15778961777687073,0.9404761791229248,0.5064051151275635
YLR344W,YDL133W,0,-0.223733,0.15776336193084717,0.9404761791229248,0.5065051913261414
YLL048C,YGR075C,0,-0.22398667,0.1577371060848236,0.9404761791229248,0.5066052675247192
YBR267W,YBL067C,0,-0.22405662,0.15771086513996124,0.9404761791229248,0.5067053437232971
YNL322C,YDR338C,0,-0.22420104,0.15768462419509888,0.9404761791229248,0.506805419921875
YNL182C,YER095W,1,-0.22432823,0.15782471001148224,0.9414682388305664,0.506805419921875
YMR065W,YDL137W,0,-0.22448754,0.15779846906661987,0.9414682388305664,0.5069054961204529
YER157W,YJL141C,0,-0.22514254,0.1577722430229187,0.9414682388305664,0.5070056319236755
YBL085W,YKL051W,0,-0.22528103,0.15774601697921753,0.9414682388305664,0.5071057081222534
YDR007W,YKL143W,0,-0.22548912,0.15771979093551636,0.9414682388305664,0.5072057843208313
YKL067W,YLR446W,0,-0.22568579,0.15769357979297638,0.9414682388305664,0.5073058605194092
YER018C,YLR001C,0,-0.22612186,0.1576673835515976,0.9414682388305664,0.5074059367179871
YDL073W,YMR306W,0,-0.22632684,0.15764120221138,0.9414682388305664,0.5075060129165649
YIL009C-A,YNL136W,0,-0.22643164,0.15761502087116241,0.9414682388305664,0.5076060891151428
YHR011W,YPR204W,0,-0.22700317,0.15758883953094482,0.9414682388305664,0.5077061653137207
YGL089C,YPR193C,0,-0.22728327,0.15756267309188843,0.9414682388305664,0.5078062415122986
YPR033C,YCR058C,0,-0.22728822,0.15753652155399323,0.9414682388305664,0.5079063177108765
YGR053C,YNL182C,1,-0.22810063,0.1576763540506363,0.942460298538208,0.5079063177108765
YDR039C,YKL012W,0,-0.22820358,0.1576501876115799,0.942460298538208,0.5080063939094543
YDL064W,YCL032W,0,-0.22842358,0.1576240211725235,0.942460298538208,0.5081064701080322
YKR030W,YMR290C,0,-0.22853617,0.1575978696346283,0.942460298538208,0.5082065463066101
YBR214W,YLR399C,0,-0.22861843,0.1575717329978943,0.942460298538208,0.508306622505188
YDR534C,YMR171C,0,-0.22972171,0.15754561126232147,0.942460298538208,0.5084066987037659
YHR042W,YBR180W,0,-0.22996643,0.15751948952674866,0.942460298538208,0.5085068345069885
YKL020C,YDL195W,0,-0.23083633,0.15749336779117584,0.942460298538208,0.5086069107055664
YML025C,YFR002W,0,-0.23103587,0.15746726095676422,0.942460298538208,0.5087069869041443
YIL070C,YMR182C,0,-0.23152466,0.1574411690235138,0.942460298538208,0.5088070631027222
YHR111W,YML002W,0,-0.23162697,0.15741507709026337,0.942460298538208,0.5089071393013
YOR039W,YPL134C,0,-0.23177688,0.15738900005817413,0.942460298538208,0.5090072154998779
YNL335W,YMR051C,0,-0.2320464,0.1573629230260849,0.942460298538208,0.5091072916984558
YLR325C,YDR168W,0,-0.23205565,0.15733686089515686,0.942460298538208,0.5092073678970337
YKL112W,YMR069W,0,-0.23282845,0.15731081366539001,0.942460298538208,0.5093074440956116
YHR038W,YHR196W,0,-0.233314,0.15728476643562317,0.942460298538208,0.5094075202941895
YNL023C,YAL061W,0,-0.23348366,0.15725873410701752,0.942460298538208,0.5095075964927673
YPR181C,YGR240C,0,-0.23361288,0.15723270177841187,0.942460298538208,0.5096076726913452
YKL116C,YER117W,0,-0.233756,0.1572066843509674,0.942460298538208,0.5097077488899231
YPL083C,YOR321W,0,-0.2340918,0.15718068182468414,0.942460298538208,0.509807825088501
YJL154C,YDR519W,0,-0.23459284,0.15715467929840088,0.942460298538208,0.5099079012870789
YLR037C,YHR072W-A,0,-0.2353245,0.15712867677211761,0.942460298538208,0.5100079774856567
YJL069C,YOR147W,0,-0.23547833,0.15710268914699554,0.942460298538208,0.5101081132888794
YDR081C,YAL042W,0,-0.23562284,0.15707671642303467,0.942460298538208,0.5102081894874573
YDR147W,YGR247W,0,-0.23568852,0.15705075860023499,0.942460298538208,0.5103082656860352
YDR308C,YPR165W,0,-0.23655024,0.1570248007774353,0.942460298538208,0.510408341884613
YKL129C,YBR058C-A,0,-0.2369985,0.15699884295463562,0.942460298538208,0.5105084180831909
YPR179C,YKL071W,0,-0.23714249,0.15697290003299713,0.942460298538208,0.5106084942817688
YOL064C,YHR090C,0,-0.23727606,0.15694697201251984,0.942460298538208,0.5107085704803467
YDR165W,YNR004W,0,-0.23753314,0.15692104399204254,0.942460298538208,0.5108086466789246
YPL096C-A,YHR101C,0,-0.23763843,0.15689513087272644,0.942460298538208,0.5109087228775024
YHR152W,YDR221W,0,-0.23787476,0.15686921775341034,0.942460298538208,0.5110087990760803
YHL024W,YPL176C,0,-0.23797353,0.15684331953525543,0.942460298538208,0.5111088752746582
YLR063W,YBR020W,0,-0.23831193,0.15681743621826172,0.942460298538208,0.5112089514732361
YNL033W,YPL003W,0,-0.2383787,0.156791552901268,0.942460298538208,0.511309027671814
YMR045C,YGR032W,0,-0.23913611,0.1567656695842743,0.942460298538208,0.5114091038703918
YER060W-A,YLL048C,0,-0.2391415,0.15673981606960297,0.942460298538208,0.5115091800689697
YDR145W,YNL200C,0,-0.23935989,0.15671396255493164,0.942460298538208,0.5116093158721924
YLR389C,YDR266C,0,-0.23942329,0.15668810904026031,0.942460298538208,0.5117093920707703
YAL064W-B,YOR181W,0,-0.2398008,0.15666227042675018,0.942460298538208,0.5118094682693481
YMR129W,YOL016C,0,-0.23988613,0.15663643181324005,0.942460298538208,0.511909544467926
YOR150W,YHR012W,0,-0.23998548,0.1566106230020523,0.942460298538208,0.5120096206665039
YJR150C,YBL066C,0,-0.24015507,0.15658479928970337,0.942460298538208,0.5121096968650818
YIL003W,YMR157C,0,-0.24018984,0.15655900537967682,0.942460298538208,0.5122097730636597
YNL054W,YPR124W,0,-0.24043523,0.15653319656848907,0.942460298538208,0.5123098492622375
YBR018C,YIL172C,0,-0.24047129,0.15650741755962372,0.942460298538208,0.5124099254608154
YNL317W,YAL021C,0,-0.24047427,0.15648163855075836,0.942460298538208,0.5125100016593933
YDR246W,YPR124W,0,-0.24123119,0.156455859541893,0.942460298538208,0.5126100778579712
YGR108W,YKR002W,0,-0.2417178,0.15643009543418884,0.942460298538208,0.5127101540565491
YPR200C,YDR091C,0,-0.24335976,0.15640434622764587,0.942460298538208,0.512810230255127
YFL030W,YDR236C,0,-0.243499,0.1563785970211029,0.942460298538208,0.5129103064537048
YDL217C,YJR026W,0,-0.24363388,0.15635286271572113,0.942460298538208,0.5130103826522827
YMR025W,YOL032W,0,-0.24411227,0.15632712841033936,0.942460298538208,0.5131104588508606
YNL234W,YOR330C,0,-0.24419291,0.15630140900611877,0.942460298538208,0.5132105946540833
YPR196W,YDL003W,0,-0.24467908,0.1562757045030594,0.942460298538208,0.5133106708526611
YDR153C,YDR034C,0,-0.24482916,0.15625,0.942460298538208,0.513410747051239
YNL146W,YPL011C,0,-0.24489109,0.1562243103981018,0.942460298538208,0.5135108232498169
YDR067C,YOR362C,0,-0.24566266,0.1561986207962036,0.942460298538208,0.5136108994483948
YNL223W,YOR044W,0,-0.24615555,0.1561729460954666,0.942460298538208,0.5137109756469727
YOR117W,YKL004W,0,-0.24644117,0.15614727139472961,0.942460298538208,0.5138110518455505
YGL145W,YLR328W,0,-0.24692999,0.1561216115951538,0.942460298538208,0.5139111280441284
YKL003C,YAL013W,0,-0.24770845,0.156095951795578,0.942460298538208,0.5140112042427063
YNL008C,YMR233W,0,-0.24800144,0.1560703068971634,0.942460298538208,0.5141112804412842
YER082C,YMR291W,0,-0.2485958,0.15604467689990997,0.942460298538208,0.5142113566398621
YOR030W,YLR059C,0,-0.24861126,0.15601904690265656,0.942460298538208,0.5143114328384399
YJL104W,YHR086W,0,-0.24864824,0.15599343180656433,0.942460298538208,0.5144115090370178
YHR115C,YLR352W,0,-0.24865791,0.1559678167104721,0.942460298538208,0.5145115852355957
YCL016C,YNL248C,0,-0.24899955,0.15594221651554108,0.942460298538208,0.5146116614341736
YGR225W,YCL050C,0,-0.24899974,0.15591663122177124,0.942460298538208,0.5147117972373962
YPL160W,YJL130C,0,-0.24910341,0.1558910459280014,0.942460298538208,0.5148118734359741
YHR149C,YNL026W,0,-0.24919967,0.15586546063423157,0.942460298538208,0.514911949634552
YJL162C,YBL045C,0,-0.25016883,0.15583989024162292,0.942460298538208,0.5150120258331299
YIL113W,YIL002C,0,-0.25032434,0.15581433475017548,0.942460298538208,0.5151121020317078
YML115C,YCR007C,0,-0.25044215,0.15578877925872803,0.942460298538208,0.5152121782302856
YDL167C,YPR006C,0,-0.25120863,0.15576323866844177,0.942460298538208,0.5153122544288635
YER163C,YER028C,0,-0.25244176,0.15573769807815552,0.942460298538208,0.5154123306274414
YDL161W,YOR362C,0,-0.25282958,0.15571217238903046,0.942460298538208,0.5155124068260193
YFL006W,YJL110C,0,-0.25303212,0.1556866616010666,0.942460298538208,0.5156124830245972
YHL024W,YER143W,1,-0.2535174,0.15582500398159027,0.9434523582458496,0.5156124830245972
YDL120W,YNR046W,0,-0.25380287,0.1557994782924652,0.9434523582458496,0.515712559223175
YGL150C,YJL172W,0,-0.25434998,0.15577395260334015,0.9434523582458496,0.5158126354217529
YBR090C-A,YAL053W,0,-0.2547999,0.15574844181537628,0.9434523582458496,0.5159127116203308
YLR211C,YLR186W,0,-0.25547832,0.1557229459285736,0.9434523582458496,0.5160127878189087
YBR133C,YER074W-A,0,-0.25548825,0.15569745004177094,0.9434523582458496,0.5161128640174866
YDR392W,YPR021C,0,-0.25601962,0.15567195415496826,0.9434523582458496,0.5162129998207092
YAL021C,YER070W,1,-0.256115,0.15581014752388,0.9444444179534912,0.5162129998207092
YGL039W,YDL098C,0,-0.2562744,0.15578465163707733,0.9444444179534912,0.5163130760192871
YKL138C,YDL138W,0,-0.25636002,0.15575915575027466,0.9444444179534912,0.516413152217865
YNR058W,YKL054C,0,-0.25638998,0.15573368966579437,0.9444444179534912,0.5165132284164429
YGR254W,YHR072W-A,0,-0.2567621,0.1557082086801529,0.9444444179534912,0.5166133046150208
YOL055C,YLR394W,0,-0.25734568,0.1556827425956726,0.9444444179534912,0.5167133808135986
YGR208W,YNL295W,0,-0.2578993,0.15565729141235352,0.9444444179534912,0.5168134570121765
YLR332W,YGR074W,0,-0.25864628,0.15563184022903442,0.9444444179534912,0.5169135332107544
YER043C,YPL138C,0,-0.25867885,0.15560640394687653,0.9444444179534912,0.5170136094093323
YFR012W,YML120C,0,-0.25944778,0.15558098256587982,0.9444444179534912,0.5171136856079102
YDR287W,YMR128W,0,-0.25959858,0.15555556118488312,0.9444444179534912,0.517213761806488
YDR392W,YER120W,0,-0.2601315,0.1555301398038864,0.9444444179534912,0.5173138380050659
YER140W,YDR444W,0,-0.2603239,0.1555047333240509,0.9444444179534912,0.5174139142036438
YGR013W,YJR135W-A,0,-0.2605425,0.1554793417453766,0.9444444179534912,0.5175139904022217
YNL115C,YGL171W,0,-0.2615805,0.15545395016670227,0.9444444179534912,0.5176140666007996
YOL098C,YLL067C,0,-0.26234573,0.15542857348918915,0.9444444179534912,0.5177141427993774
YML086C,YKL170W,0,-0.26256663,0.15540319681167603,0.9444444179534912,0.5178142786026001
YOR358W,YOL053C-A,0,-0.26269993,0.1553778350353241,0.9444444179534912,0.517914354801178
YBR007C,YDR056C,0,-0.2630575,0.15535247325897217,0.9444444179534912,0.5180144309997559
YHR133C,YFL006W,0,-0.26350698,0.15532712638378143,0.9444444179534912,0.5181145071983337
YOR389W,YOR035C,0,-0.2636998,0.1553017944097519,0.9444444179534912,0.5182145833969116
YLR372W,YNL288W,0,-0.2640709,0.15527646243572235,0.9444444179534912,0.5183146595954895
YKR092C,YMR046C,0,-0.26425475,0.155251145362854,0.9444444179534912,0.5184147357940674
YNL024C,YOR056C,0,-0.26433894,0.15522582828998566,0.9444444179534912,0.5185148119926453
YPR182W,YGR276C,0,-0.26438934,0.1552005261182785,0.9444444179534912,0.5186148881912231
YPL015C,YDR332W,0,-0.26443267,0.15517522394657135,0.9444444179534912,0.518714964389801
YOR176W,YHL009C,0,-0.26478896,0.1551499366760254,0.9444444179534912,0.5188150405883789
YPL088W,YJR150C,0,-0.26543897,0.15512464940547943,0.9444444179534912,0.5189151167869568
YMR244C-A,YDR287W,0,-0.26755995,0.15509937703609467,0.9444444179534912,0.5190151929855347
YIR012W,YML040W,0,-0.26757705,0.1550741195678711,0.9444444179534912,0.5191152691841125
YDL204W,YMR106C,0,-0.26780465,0.15504886209964752,0.9444444179534912,0.5192153453826904
YGL191W,YGL245W,0,-0.26781073,0.15502360463142395,0.9444444179534912,0.5193154811859131
YMR170C,YBL034C,0,-0.26807556,0.15499837696552277,0.9444444179534912,0.519415557384491
YPR200C,YOR193W,0,-0.26808935,0.1549731343984604,0.9444444179534912,0.5195156335830688
YLR452C,YPL243W,0,-0.268843,0.1549479216337204,0.9444444179534912,0.5196157097816467
YLR258W,YNR074C,0,-0.26890752,0.1549226939678192,0.9444444179534912,0.5197157859802246
YGL051W,YHL035C,0,-0.26939222,0.15489749610424042,0.9444444179534912,0.5198158621788025
YLR092W,YLR457C,0,-0.27009866,0.15487229824066162,0.9444444179534912,0.5199159383773804
YLL061W,YNL218W,0,-0.27037123,0.15484710037708282,0.9444444179534912,0.5200160145759583
YGL124C,YOR176W,0,-0.27037734,0.15482191741466522,0.9444444179534912,0.5201160907745361
YLR441C,YGR138C,0,-0.27050236,0.1547967493534088,0.9444444179534912,0.520216166973114
YOL086C,YBR258C,0,-0.27083686,0.1547715812921524,0.9444444179534912,0.5203162431716919
YIL114C,YDL069C,0,-0.2711018,0.1547464281320572,0.9444444179534912,0.5204163193702698
YKR103W,YBR146W,0,-0.2716782,0.15472127497196198,0.9444444179534912,0.5205163955688477
YGL191W,YCR059C,0,-0.27230513,0.15469613671302795,0.9444444179534912,0.5206164717674255
YMR274C,YOR137C,0,-0.27241814,0.15467099845409393,0.9444444179534912,0.5207165479660034
YNL182C,YHR197W,1,-0.27261508,0.15480831265449524,0.9454365372657776,0.5207165479660034
YPL146C,YJR101W,0,-0.2726391,0.15478317439556122,0.9454365372657776,0.5208166241645813
YBR164C,YDR418W,0,-0.273165,0.1547580361366272,0.9454365372657776,0.520916759967804
YDL217C,YDR007W,0,-0.27337974,0.15473291277885437,0.9454365372657776,0.5210168361663818
YKL217W,YLL018C-A,0,-0.27344018,0.15470778942108154,0.9454365372657776,0.5211169123649597
YGL175C,YDR306C,0,-0.27447513,0.1546826809644699,0.9454365372657776,0.5212169885635376
YLR005W,YOR185C,0,-0.27449375,0.15465757250785828,0.9454365372657776,0.5213170647621155
YJR124C,YCR027C,0,-0.2745384,0.15463247895240784,0.9454365372657776,0.5214171409606934
YFR005C,YPL187W,0,-0.27454522,0.1546074002981186,0.9454365372657776,0.5215172171592712
YDL121C,YNL297C,0,-0.27541894,0.15458232164382935,0.9454365372657776,0.5216172933578491
YJL113W,YLR461W,0,-0.27555582,0.1545572429895401,0.9454365372657776,0.521717369556427
YHR197W,YLL004W,1,-0.2755634,0.1546943336725235,0.9464285969734192,0.521717369556427
YGL200C,YHR062C,0,-0.27631202,0.15466925501823425,0.9464285969734192,0.5218174457550049
YNL325C,YDL148C,0,-0.27665958,0.1546441912651062,0.9464285969734192,0.5219175219535828
YHR149C,YBR092C,0,-0.276854,0.15461912751197815,0.9464285969734192,0.5220175981521606
YOR249C,YCR029C-A,0,-0.27695972,0.1545940637588501,0.9464285969734192,0.5221176743507385
YKL088W,YCR017C,0,-0.27737647,0.15456901490688324,0.9464285969734192,0.5222177505493164
YDL144C,YDR156W,0,-0.27760425,0.15454398095607758,0.9464285969734192,0.5223178267478943
YDR183W,YOL061W,0,-0.27783582,0.1545189470052719,0.9464285969734192,0.5224179625511169
YPL167C,YHR182W,0,-0.27838126,0.15449392795562744,0.9464285969734192,0.5225180387496948
YMR196W,YML036W,0,-0.2784486,0.15446890890598297,0.9464285969734192,0.5226181149482727
YMR214W,YAL036C,0,-0.27897242,0.1544439047574997,0.9464285969734192,0.5227181911468506
YFL018W-A,YHL011C,0,-0.27918816,0.15441890060901642,0.9464285969734192,0.5228182673454285
YBR085W,YGL105W,0,-0.27970034,0.15439391136169434,0.9464285969734192,0.5229183435440063
YDR179W-A,YLR345W,0,-0.27972433,0.15436893701553345,0.9464285969734192,0.5230184197425842
YDR213W,YKL120W,0,-0.27976078,0.15434396266937256,0.9464285969734192,0.5231184959411621
YPL167C,YMR186W,0,-0.2802597,0.15431898832321167,0.9464285969734192,0.52321857213974
YNL186W,YPL030W,0,-0.28129146,0.15429402887821198,0.9464285969734192,0.5233186483383179
YPL216W,YPL175W,0,-0.28141013,0.15426908433437347,0.9464285969734192,0.5234187245368958
YFL055W,YGR016W,0,-0.28240138,0.15424413979053497,0.9464285969734192,0.5235188007354736
YOL122C,YLR147C,0,-0.28309372,0.15421921014785767,0.9464285969734192,0.5236188769340515
YOR217W,YML058W,1,-0.28317747,0.15435591340065002,0.9474206566810608,0.5236188769340515
YMR031C,YCL074W,0,-0.28332222,0.15433096885681152,0.9474206566810608,0.5237189531326294
YGL111W,YCR008W,0,-0.28340223,0.15430602431297302,0.9474206566810608,0.5238190293312073
YKL161C,YOR005C,0,-0.28408372,0.15428109467029572,0.9474206566810608,0.5239191055297852
YOR287C,YMR092C,0,-0.28477347,0.1542561799287796,0.9474206566810608,0.5240192413330078
YPL094C,YMR294W,0,-0.28540257,0.1542312651872635,0.9474206566810608,0.5241193175315857
YDR200C,YMR186W,0,-0.28571695,0.15420636534690857,0.9474206566810608,0.5242193937301636
YGL089C,YBR293W,0,-0.28605452,0.15418146550655365,0.9474206566810608,0.5243194699287415
YPR159W,YFL047W,0,-0.2862831,0.15415658056735992,0.9474206566810608,0.5244195461273193
YFL028C,YNR032C-A,0,-0.28650898,0.1541316956281662,0.9474206566810608,0.5245196223258972
YDR356W,YLL012W,0,-0.28653052,0.15410682559013367,0.9474206566810608,0.5246196985244751
YFL006W,YJL165C,0,-0.28686067,0.15408195555210114,0.9474206566810608,0.524719774723053
YER118C,YDR337W,0,-0.28733242,0.1540571004152298,0.9474206566810608,0.5248198509216309
YGR288W,YDR179W-A,0,-0.2874213,0.15403226017951965,0.9474206566810608,0.5249199271202087
YMR155W,YMR228W,0,-0.28756702,0.1540074199438095,0.9474206566810608,0.5250200033187866
YBR147W,YPR161C,0,-0.28826168,0.15398257970809937,0.9474206566810608,0.5251200795173645
YOR006C,YMR184W,0,-0.28876385,0.1539577692747116,0.9474206566810608,0.5252201557159424
YHR085W,YDL046W,0,-0.288766,0.15393294394016266,0.9474206566810608,0.5253202319145203
YGL198W,YOR174W,0,-0.2888324,0.1539081335067749,0.9474206566810608,0.5254203081130981
YGR263C,YOL044W,0,-0.2888976,0.15388333797454834,0.9474206566810608,0.5255204439163208
YGL240W,YMR153W,0,-0.28897914,0.15385854244232178,0.9474206566810608,0.5256205201148987
YGR123C,YLR414C,0,-0.29007638,0.1538337618112564,0.9474206566810608,0.5257205963134766
YGL046W,YDR420W,0,-0.29015815,0.15380898118019104,0.9474206566810608,0.5258206725120544
YMR274C,YKL087C,0,-0.29031715,0.15378421545028687,0.9474206566810608,0.5259207487106323
YJL124C,YHR039C-A,0,-0.2905934,0.15375946462154388,0.9474206566810608,0.5260208249092102
YLR422W,YGL250W,0,-0.29098275,0.1537347137928009,0.9474206566810608,0.5261209011077881
YBR037C,YOR141C,0,-0.2911883,0.15370996296405792,0.9474206566810608,0.526220977306366
YNL075W,YBR283C,0,-0.29269388,0.15368522703647614,0.9474206566810608,0.5263210535049438
YGR282C,YPR003C,0,-0.29326692,0.15366050601005554,0.9474206566810608,0.5264211297035217
YIL041W,YDR071C,0,-0.29339427,0.15363578498363495,0.9474206566810608,0.5265212059020996
YKL091C,YPR042C,0,-0.2937233,0.15361106395721436,0.9474206566810608,0.5266212821006775
YGR081C,YLR388W,0,-0.29372534,0.15358635783195496,0.9474206566810608,0.5267213582992554
YHR187W,YKL104C,0,-0.29390842,0.15356166660785675,0.9474206566810608,0.5268214344978333
YJR082C,YLR023C,0,-0.29458773,0.15353697538375854,0.9474206566810608,0.5269215106964111
YHR211W,YNL001W,0,-0.29478118,0.15351229906082153,0.9474206566810608,0.5270216464996338
YLR303W,YKL207W,0,-0.29534173,0.15348762273788452,0.9474206566810608,0.5271217226982117
YGR276C,YMR251W-A,0,-0.29567346,0.1534629613161087,0.9474206566810608,0.5272217988967896
YGR027C,YPR045C,0,-0.29715005,0.15343829989433289,0.9474206566810608,0.5273218750953674
YIR021W,YOR244W,0,-0.29721814,0.15341365337371826,0.9474206566810608,0.5274219512939453
YIL040W,YNL096C,0,-0.29755682,0.15338900685310364,0.9474206566810608,0.5275220274925232
YER062C,YOR224C,0,-0.29837748,0.1533643752336502,0.9474206566810608,0.5276221036911011
YMR125W,YLL052C,0,-0.29865882,0.15333975851535797,0.9474206566810608,0.527722179889679
YOR092W,YMR321C,0,-0.2992733,0.15331514179706573,0.9474206566810608,0.5278222560882568
YDL141W,YCR075C,0,-0.29939952,0.1532905250787735,0.9474206566810608,0.5279223322868347
YML074C,YIL076W,0,-0.29949442,0.15326592326164246,0.9474206566810608,0.5280224084854126
YPR055W,YKL213C,0,-0.30025783,0.1532413363456726,0.9474206566810608,0.5281224846839905
YBL023C,YIL066C,1,-0.3004196,0.15337719023227692,0.9484127163887024,0.5281224846839905
YML064C,YOL068C,0,-0.3006022,0.15335258841514587,0.9484127163887024,0.5282225608825684
YIL015W,YGL223C,0,-0.3021952,0.15332798659801483,0.9484127163887024,0.5283226370811462
YOR047C,YKL114C,0,-0.30278382,0.15330339968204498,0.9484127163887024,0.5284227132797241
YDL022W,YNL019C,0,-0.30315995,0.15327881276607513,0.9484127163887024,0.528522789478302
YDR252W,YOL082W,0,-0.30338043,0.15325424075126648,0.9484127163887024,0.5286229252815247
YAL064W-B,YOR377W,0,-0.30422476,0.15322968363761902,0.9484127163887024,0.5287230014801025
YHL033C,YML068W,0,-0.30440152,0.15320512652397156,0.9484127163887024,0.5288230776786804
YOR274W,YDR492W,0,-0.30473873,0.1531805843114853,0.9484127163887024,0.5289231538772583
YPR088C,YOR005C,0,-0.30503362,0.15315604209899902,0.9484127163887024,0.5290232300758362
YGL252C,YDR194C,0,-0.3050591,0.15313149988651276,0.9484127163887024,0.5291233062744141
YAR009C,YDR268W,0,-0.3056983,0.15310698747634888,0.9484127163887024,0.5292233824729919
YPL100W,YJL037W,0,-0.3059723,0.1530824601650238,0.9484127163887024,0.5293234586715698
YNL315C,YML040W,0,-0.30650887,0.15305796265602112,0.9484127163887024,0.5294235348701477
YKL090W,YJL172W,0,-0.3068095,0.15303345024585724,0.9484127163887024,0.5295236110687256
YLR277C,YNL156C,0,-0.30760276,0.15300896763801575,0.9484127163887024,0.5296236872673035
YDL210W,YDR182W,0,-0.30801713,0.15298447012901306,0.9484127163887024,0.5297237634658813
YMR034C,YNL221C,0,-0.30836326,0.15296000242233276,0.9484127163887024,0.5298238396644592
YGR252W,YER037W,0,-0.3087773,0.15293553471565247,0.9484127163887024,0.5299239158630371
YIL124W,YCL045C,0,-0.30927342,0.15291106700897217,0.9484127163887024,0.530023992061615
YLR027C,YKR029C,0,-0.30965436,0.15288661420345306,0.9484127163887024,0.5301241278648376
YDR089W,YDR352W,0,-0.3096922,0.15286216139793396,0.9484127163887024,0.5302242040634155
YBR033W,YOR304C-A,0,-0.3097124,0.15283772349357605,0.9484127163887024,0.5303242802619934
YLR430W,YLR336C,0,-0.31061885,0.15281330049037933,0.9484127163887024,0.5304243564605713
YPR029C,YDR530C,0,-0.3114443,0.15278887748718262,0.9484127163887024,0.5305244326591492
YLR460C,YIL061C,0,-0.3120887,0.1527644544839859,0.9484127163887024,0.530624508857727
YML104C,YBR183W,0,-0.31239045,0.15274006128311157,0.9484127163887024,0.5307245850563049
YKL211C,YDR364C,0,-0.31269684,0.15271565318107605,0.9484127163887024,0.5308246612548828
YLR406C,YLR423C,0,-0.31272972,0.15269125998020172,0.9484127163887024,0.5309247374534607
YBR100W,YGL207W,1,-0.3129392,0.15282657742500305,0.949404776096344,0.5309247374534607
YEL015W,YNR056C,0,-0.3129495,0.15280216932296753,0.949404776096344,0.5310248136520386
YKL161C,YKL029C,0,-0.31313244,0.1527777761220932,0.949404776096344,0.5311248898506165
YBR158W,YMR042W,0,-0.31321308,0.15275339782238007,0.949404776096344,0.5312249660491943
YDR189W,YEL058W,0,-0.3133399,0.15272901952266693,0.949404776096344,0.5313250422477722
YGL079W,YPL148C,0,-0.31406906,0.1527046412229538,0.949404776096344,0.5314251184463501
YDR248C,YOR078W,0,-0.31537506,0.15268027782440186,0.949404776096344,0.531525194644928
YPL122C,YPR124W,0,-0.31561804,0.1526559293270111,0.949404776096344,0.5316252708435059
YDR316W,YKL127W,0,-0.31563833,0.15263158082962036,0.949404776096344,0.5317254066467285
YDR030C,YJL193W,0,-0.31571126,0.15260723233222961,0.949404776096344,0.5318254828453064
YKR021W,YJL172W,0,-0.31601983,0.15258291363716125,0.949404776096344,0.5319255590438843
YPR011C,YHR177W,0,-0.31618175,0.1525585800409317,0.949404776096344,0.5320256352424622
YMR095C,YDR444W,0,-0.31622872,0.15253426134586334,0.949404776096344,0.53212571144104
YGL233W,YDR510W,0,-0.31625324,0.15250995755195618,0.949404776096344,0.5322257876396179
YGL089C,YDR380W,0,-0.31628242,0.152485653758049,0.949404776096344,0.5323258638381958
YBR009C,YBR080C,0,-0.31673077,0.15246136486530304,0.949404776096344,0.5324259400367737
YNL063W,YOL055C,0,-0.31717888,0.15243707597255707,0.949404776096344,0.5325260162353516
YBR101C,YOR036W,0,-0.31778565,0.1524128019809723,0.949404776096344,0.5326260924339294
YAL008W,YGL250W,0,-0.31814513,0.1523885279893875,0.949404776096344,0.5327261686325073
YDL082W,YGR041W,0,-0.31840512,0.15236426889896393,0.949404776096344,0.5328262448310852
YMR025W,YER024W,0,-0.31858376,0.15234002470970154,0.949404776096344,0.5329263210296631
YMR313C,YFR025C,0,-0.31961182,0.15231576561927795,0.949404776096344,0.533026397228241
YHL024W,YLR113W,1,-0.31969622,0.15245066583156586,0.9503968358039856,0.533026397228241
YDR264C,YGL015C,0,-0.32061693,0.15242640674114227,0.9503968358039856,0.5331264734268188
YNL014W,YJR042W,0,-0.3216154,0.15240216255187988,0.9503968358039856,0.5332266092300415
YNR011C,YJL198W,0,-0.32300115,0.1523779183626175,0.9503968358039856,0.5333266854286194
YFL006W,YIL002C,0,-0.3231656,0.1523536890745163,0.9503968358039856,0.5334267616271973
YDR255C,YBR171W,0,-0.32345927,0.1523294597864151,0.9503968358039856,0.5335268378257751
YHR157W,YBR115C,0,-0.32348764,0.1523052453994751,0.9503968358039856,0.533626914024353
YHR026W,YAR014C,0,-0.32371888,0.1522810310125351,0.9503968358039856,0.5337269902229309
YEL064C,YDR276C,0,-0.32404312,0.1522568315267563,0.9503968358039856,0.5338270664215088
YPL062W,YKL190W,0,-0.3244867,0.15223263204097748,0.9503968358039856,0.5339271426200867
YBR106W,YIL016W,0,-0.32535577,0.15220844745635986,0.9503968358039856,0.5340272188186646
YKL158W,YHR178W,0,-0.32551697,0.15218427777290344,0.9503968358039856,0.5341272950172424
YML025C,YIL111W,0,-0.32559264,0.15216010808944702,0.9503968358039856,0.5342273712158203
YDR119W,YIL159W,0,-0.3268579,0.1521359384059906,0.9503968358039856,0.5343274474143982
YMR012W,YJL076W,0,-0.32714605,0.15211178362369537,0.9503968358039856,0.5344275236129761
YHR018C,YAL019W,0,-0.32730564,0.15208762884140015,0.9503968358039856,0.534527599811554
YGR042W,YLL004W,0,-0.32757834,0.1520634889602661,0.9503968358039856,0.5346276760101318
YNL005C,YLL003W,0,-0.32759002,0.15203936398029327,0.9503968358039856,0.5347278118133545
YNL334C,YAL001C,0,-0.32778302,0.15201523900032043,0.9503968358039856,0.5348278880119324
YDR185C,YPL120W,0,-0.32792857,0.1519911140203476,0.9503968358039856,0.5349279642105103
YBR086C,YMR001C,0,-0.3282283,0.15196700394153595,0.9503968358039856,0.5350280404090881
YIR031C,YNR058W,0,-0.3282444,0.1519429087638855,0.9503968358039856,0.535128116607666
YCL037C,YPL191C,0,-0.3284348,0.15191881358623505,0.9503968358039856,0.5352281928062439
YIL168W,YLR347C,0,-0.32877725,0.1518947184085846,0.9503968358039856,0.5353282690048218
YCR065W,YCR009C,0,-0.32889256,0.15187063813209534,0.9503968358039856,0.5354283452033997
YJR017C,YPR030W,0,-0.3289548,0.15184657275676727,0.9503968358039856,0.5355284214019775
YBL013W,YCR102C,0,-0.32931644,0.1518225073814392,0.9503968358039856,0.5356284976005554
YIL172C,YDL194W,0,-0.32953057,0.15179844200611115,0.9503968358039856,0.5357285737991333
YPL015C,YPL127C,0,-0.33044302,0.15177439153194427,0.9503968358039856,0.5358286499977112
YIL068C,YMR092C,0,-0.33046338,0.1517503559589386,0.9503968358039856,0.5359287261962891
YDL241W,YOR241W,0,-0.3305172,0.15172632038593292,0.9503968358039856,0.5360288023948669
YPL228W,YAL044C,0,-0.33084592,0.15170229971408844,0.9503968358039856,0.5361288785934448
YOR279C,YNL036W,0,-0.33098203,0.15167827904224396,0.9503968358039856,0.5362289547920227
YLR037C,YDR088C,0,-0.33186325,0.15165427327156067,0.9503968358039856,0.5363290905952454
YNL131W,YML004C,0,-0.33220968,0.15163026750087738,0.9503968358039856,0.5364291667938232
YDL225W,YJL096W,0,-0.33277145,0.1516062617301941,0.9503968358039856,0.5365292429924011
YGL010W,YBR146W,0,-0.3327859,0.1515822857618332,0.9503968358039856,0.536629319190979
YJR049C,YML018C,0,-0.3341133,0.1515582948923111,0.9503968358039856,0.5367293953895569
YHL013C,YJR051W,0,-0.33416727,0.1515343189239502,0.9503968358039856,0.5368294715881348
YGR247W,YJL104W,0,-0.33432248,0.1515103578567505,0.9503968358039856,0.5369295477867126
YKL213C,YDR315C,0,-0.33451107,0.15148639678955078,0.9503968358039856,0.5370296239852905
YIR019C,YPR173C,0,-0.33478484,0.15146245062351227,0.9503968358039856,0.5371297001838684
YBR012W-B,YHR057C,0,-0.33493236,0.15143850445747375,0.9503968358039856,0.5372297763824463
YEL043W,YJR125C,0,-0.33547577,0.15141457319259644,0.9503968358039856,0.5373298525810242
YGR075C,YDR350C,0,-0.33563882,0.15139064192771912,0.9503968358039856,0.537429928779602
YDR135C,YCR040W,0,-0.33697164,0.151366725564003,0.9503968358039856,0.5375300049781799
YNR039C,YJR110W,0,-0.33749524,0.15134280920028687,0.9503968358039856,0.5376300811767578
YHR176W,YOR014W,0,-0.33760473,0.15131890773773193,0.9503968358039856,0.5377301573753357
YBL090W,YOR396W,0,-0.3376358,0.151295006275177,0.9503968358039856,0.5378302931785583
YPR115W,YLR223C,0,-0.3378006,0.15127111971378326,0.9503968358039856,0.5379303693771362
YGR053C,YOR290C,1,-0.33844125,0.15140511095523834,0.9513888955116272,0.5379303693771362
YNL182C,YDL101C,1,-0.33854666,0.15153907239437103,0.9523809552192688,0.5379303693771362
YHL025W,YKR023W,0,-0.33861002,0.1515151560306549,0.9523809552192688,0.5380304455757141
YBL007C,YOR306C,0,-0.3389308,0.15149123966693878,0.9523809552192688,0.538130521774292
YOL109W,YCR105W,0,-0.33965155,0.15146733820438385,0.9523809552192688,0.5382305979728699
YCR002C,YJL193W,0,-0.34175706,0.1514434516429901,0.9523809552192688,0.5383306741714478
YDR453C,YML028W,0,-0.34187457,0.15141956508159637,0.9523809552192688,0.5384307503700256
YNL079C,YDR034W-B,0,-0.34220472,0.15139567852020264,0.9523809552192688,0.5385308265686035
YOR313C,YNL315C,0,-0.34244817,0.1513718068599701,0.9523809552192688,0.5386309027671814
YML114C,YMR266W,0,-0.3426121,0.15134793519973755,0.9523809552192688,0.5387309789657593
YLR086W,YOR134W,0,-0.34262067,0.1513240784406662,0.9523809552192688,0.5388310551643372
YJR028W,YGL017W,0,-0.34273618,0.15130023658275604,0.9523809552192688,0.538931131362915
YMR171C,YLR355C,0,-0.3432342,0.1512763947248459,0.9523809552192688,0.5390312075614929
YEL041W,YDR381W,0,-0.3432492,0.15125255286693573,0.9523809552192688,0.5391312837600708
YDR062W,YLR403W,0,-0.34342828,0.15122874081134796,0.9523809552192688,0.5392313599586487
YML066C,YIL172C,0,-0.3434331,0.151204913854599,0.9523809552192688,0.5393314361572266
YAR010C,YPL063W,0,-0.34344593,0.15118110179901123,0.9523809552192688,0.5394315719604492
YDL206W,YGR086C,0,-0.3435283,0.15115730464458466,0.9523809552192688,0.5395316481590271
YOL016C,YER133W,0,-0.3443469,0.15113350749015808,0.9523809552192688,0.539631724357605
YGL046W,YCL003W,0,-0.3444153,0.1511097103357315,0.9523809552192688,0.5397318005561829
YNR021W,YGL137W,0,-0.34482673,0.15108592808246613,0.9523809552192688,0.5398318767547607
YBL046W,YER081W,0,-0.34505978,0.15106216073036194,0.9523809552192688,0.5399319529533386
YOR119C,YOL163W,0,-0.34517077,0.15103839337825775,0.9523809552192688,0.5400320291519165
YDR069C,YDR148C,0,-0.34517774,0.15101462602615356,0.9523809552192688,0.5401321053504944
YNL086W,YHR117W,0,-0.34519956,0.15099087357521057,0.9523809552192688,0.5402321815490723
YGR218W,YLR219W,0,-0.34532228,0.15096713602542877,0.9523809552192688,0.5403322577476501
YPL164C,YHL039W,0,-0.34577194,0.15094339847564697,0.9523809552192688,0.540432333946228
YKL207W,YAR042W,0,-0.34603232,0.15091966092586517,0.9523809552192688,0.5405324101448059
YAR009C,YAL042W,0,-0.34633696,0.15089593827724457,0.9523809552192688,0.5406324863433838
YPL049C,YOR356W,0,-0.34654793,0.15087223052978516,0.9523809552192688,0.5407325625419617
YOR067C,YHR111W,0,-0.3466325,0.15084852278232574,0.9523809552192688,0.5408326387405396
YPL118W,YLR399C,0,-0.3466628,0.15082482993602753,0.9523809552192688,0.5409327745437622
YKR042W,YKR034W,0,-0.34666717,0.1508011370897293,0.9523809552192688,0.5410328507423401
YLR283W,YOL004W,0,-0.34678575,0.1507774442434311,0.9523809552192688,0.541132926940918
YNL224C,YJR001W,0,-0.34707478,0.15075376629829407,0.9523809552192688,0.5412330031394958
YFL055W,YKR030W,0,-0.3471102,0.15073010325431824,0.9523809552192688,0.5413330793380737
YMR113W,YEL059C-A,0,-0.34719536,0.1507064402103424,0.9523809552192688,0.5414331555366516
YBR073W,YDR380W,0,-0.34739554,0.15068277716636658,0.9523809552192688,0.5415332317352295
YMR073C,YNL088W,0,-0.34752607,0.15065912902355194,0.9523809552192688,0.5416333079338074
YDR498C,YIR011C,0,-0.34766325,0.1506354957818985,0.9523809552192688,0.5417333841323853
YNR032W,YCR060W,0,-0.3477135,0.15061186254024506,0.9523809552192688,0.5418334603309631
YGR294W,YLR143W,0,-0.34778288,0.1505882292985916,0.9523809552192688,0.541933536529541
YHR216W,YER181C,0,-0.34784895,0.15056461095809937,0.9523809552192688,0.5420336127281189
YMR006C,YNR061C,0,-0.34809908,0.1505410075187683,0.9523809552192688,0.5421336889266968
YLL010C,YOR348C,0,-0.34846205,0.15051740407943726,0.9523809552192688,0.5422337651252747
YGL020C,YML040W,0,-0.34847018,0.1504938006401062,0.9523809552192688,0.5423338413238525
YGL057C,YFR033C,0,-0.3495391,0.15047021210193634,0.9523809552192688,0.5424339175224304
YMR310C,YJL065C,0,-0.34961143,0.15044663846492767,0.9523809552192688,0.5425340533256531
YDL073W,YOR274W,0,-0.34968302,0.150423064827919,0.9523809552192688,0.542634129524231
YPL084W,YBL101C,0,-0.34971777,0.15039950609207153,0.9523809552192688,0.5427342057228088
YDR476C,YMR220W,0,-0.3500965,0.15037593245506287,0.9523809552192688,0.5428342819213867
YER145C,YDR034C,0,-0.3501483,0.1503523886203766,0.9523809552192688,0.5429343581199646
YMR289W,YHL003C,0,-0.35035726,0.1503288447856903,0.9523809552192688,0.5430344343185425
YPL019C,YHL024W,0,-0.3504036,0.15030530095100403,0.9523809552192688,0.5431345105171204
YML087C,YOL026C,0,-0.35061732,0.15028177201747894,0.9523809552192688,0.5432345867156982
YDR545W,YPL219W,0,-0.35063413,0.15025825798511505,0.9523809552192688,0.5433346629142761
YNL131W,YJL160C,0,-0.3506497,0.15023474395275116,0.9523809552192688,0.543434739112854
YDR176W,YLR460C,0,-0.35180786,0.15021122992038727,0.9523809552192688,0.5435348153114319
YJR104C,YHL031C,0,-0.35221985,0.15018773078918457,0.9523809552192688,0.5436348915100098
YPR042C,YLR345W,0,-0.35227785,0.15016424655914307,0.9523809552192688,0.5437349677085876
YCL020W,YLR151C,0,-0.35254994,0.15014076232910156,0.9523809552192688,0.5438350439071655
YBR169C,YPL275W,0,-0.35279268,0.15011727809906006,0.9523809552192688,0.5439351201057434
YOR011W,YOR271C,0,-0.35307452,0.15009380877017975,0.9523809552192688,0.5440352559089661
YKL055C,YDR316W,0,-0.35326752,0.15007033944129944,0.9523809552192688,0.544135332107544
YOR304W,YBR283C,0,-0.3536193,0.15004688501358032,0.9523809552192688,0.5442354083061218
YLR390W-A,YLR350W,0,-0.35383734,0.1500234454870224,0.9523809552192688,0.5443354845046997
YLR120C,YML127W,0,-0.3542904,0.15000000596046448,0.9523809552192688,0.5444355607032776
YPL078C,YMR225C,0,-0.35445392,0.14997656643390656,0.9523809552192688,0.5445356369018555
YMR304W,YEL001C,0,-0.35501912,0.14995314180850983,0.9523809552192688,0.5446357131004333
YLR059C,YJL185C,0,-0.3550286,0.1499297171831131,0.9523809552192688,0.5447357892990112
YBR287W,YNL214W,0,-0.35591653,0.14990630745887756,0.9523809552192688,0.5448358654975891
YJL155C,YGL223C,0,-0.35670578,0.14988289773464203,0.9523809552192688,0.544935941696167
YMR218C,YNR026C,0,-0.3567905,0.1498595029115677,0.9523809552192688,0.5450360178947449
YOR274W,YMR143W,0,-0.35694394,0.14983612298965454,0.9523809552192688,0.5451360940933228
YGR208W,YOR172W,0,-0.35717353,0.1498127281665802,0.9523809552192688,0.5452361702919006
YKR091W,YKR023W,0,-0.35738972,0.14978936314582825,0.9523809552192688,0.5453362464904785
YBL089W,YCR007C,0,-0.35767284,0.1497659832239151,0.9523809552192688,0.5454363226890564
YLR274W,YCR023C,0,-0.3581904,0.14974263310432434,0.9523809552192688,0.545536458492279
YGL224C,YPL128C,0,-0.35967687,0.14971928298473358,0.9523809552192688,0.5456365346908569
YOL129W,YDL207W,0,-0.36007106,0.14969593286514282,0.9523809552192688,0.5457366108894348
YPL010W,YGL101W,0,-0.36064222,0.14967259764671326,0.9523809552192688,0.5458366870880127
YDL193W,YDR078C,0,-0.3609183,0.1496492624282837,0.9523809552192688,0.5459367632865906
YIR034C,YKR079C,0,-0.36117125,0.14962594211101532,0.9523809552192688,0.5460368394851685
YBR296C,YGR110W,0,-0.3618132,0.14960262179374695,0.9523809552192688,0.5461369156837463
YMR099C,YER067W,0,-0.36184138,0.14957930147647858,0.9523809552192688,0.5462369918823242
YDL014W,YLR451W,0,-0.3626838,0.1495560109615326,0.9523809552192688,0.5463370680809021
YNL264C,YKL063C,0,-0.36288834,0.14953270554542542,0.9523809552192688,0.54643714427948
YHR190W,YHR139C,0,-0.36324957,0.14950941503047943,0.9523809552192688,0.5465372204780579
YDL121C,YGL056C,0,-0.36354187,0.14948613941669464,0.9523809552192688,0.5466372966766357
YNL192W,YGR178C,0,-0.36374497,0.14946286380290985,0.9523809552192688,0.5467373728752136
YMR269W,YHR024C,0,-0.36382502,0.14943960309028625,0.9523809552192688,0.5468374490737915
YDR422C,YER020W,0,-0.3645765,0.14941634237766266,0.9523809552192688,0.5469375252723694
YBR193C,YOL020W,0,-0.36497223,0.14939309656620026,0.9523809552192688,0.5470376014709473
YLR209C,YPL216W,0,-0.36522943,0.14936985075473785,0.9523809552192688,0.5471377372741699
YJR054W,YLR009W,0,-0.36584744,0.14934660494327545,0.9523809552192688,0.5472378134727478
YMR280C,YIL113W,0,-0.36592156,0.14932337403297424,0.9523809552192688,0.5473378896713257
YOL069W,YDR367W,0,-0.36648843,0.14930015802383423,0.9523809552192688,0.5474379658699036
YGR294W,YIL083C,0,-0.366758,0.1492769420146942,0.9523809552192688,0.5475380420684814
YJR010W,YEL068C,0,-0.36753583,0.1492537260055542,0.9523809552192688,0.5476381182670593
YDL114W,YKL148C,0,-0.36785343,0.14923052489757538,0.9523809552192688,0.5477381944656372
YBR012W-B,YJL146W,0,-0.3679119,0.14920733869075775,0.9523809552192688,0.5478382706642151
YLR126C,YLR228C,0,-0.36815888,0.14918415248394012,0.9523809552192688,0.547938346862793
YER041W,YGR162W,0,-0.36826137,0.1491609662771225,0.9523809552192688,0.5480384230613708
YML026C,YGR068C,0,-0.36838073,0.14913779497146606,0.9523809552192688,0.5481384992599487
YJL216C,YBR018C,0,-0.36923367,0.14911463856697083,0.9523809552192688,0.5482385754585266
YDR419W,YJL190C,0,-0.3694315,0.1490914672613144,0.9523809552192688,0.5483386516571045
YOR383C,YBR180W,0,-0.36943525,0.14906832575798035,0.9523809552192688,0.5484387278556824
YOR088W,YDR092W,0,-0.36975136,0.1490451842546463,0.9523809552192688,0.5485388040542603
YHR019C,YBR098W,0,-0.3712808,0.14902204275131226,0.9523809552192688,0.5486389398574829
YDR436W,YDR350C,0,-0.3716985,0.1489989161491394,0.9523809552192688,0.5487390160560608
YNL081C,YFL011W,0,-0.371961,0.14897578954696655,0.9523809552192688,0.5488390922546387
YLL014W,YFR013W,0,-0.37220088,0.1489526778459549,0.9523809552192688,0.5489391684532166
YIL094C,YER099C,0,-0.3723566,0.14892956614494324,0.9523809552192688,0.5490392446517944
YOL057W,YBR247C,0,-0.37286612,0.14890646934509277,0.9523809552192688,0.5491393208503723
YDL230W,YDR252W,0,-0.373176,0.1488833725452423,0.9523809552192688,0.5492393970489502
YKL210W,YKR075C,0,-0.37353966,0.14886029064655304,0.9523809552192688,0.5493394732475281
YKL127W,YDR166C,0,-0.37370992,0.14883720874786377,0.9523809552192688,0.549439549446106
YER071C,YCL008C,0,-0.37547165,0.1488141417503357,0.9523809552192688,0.5495396256446838
YJL134W,YKL074C,0,-0.37584898,0.14879107475280762,0.9523809552192688,0.5496397018432617
YDL045C,YFR014C,0,-0.3758731,0.14876800775527954,0.9523809552192688,0.5497397780418396
YGR088W,YNL246W,0,-0.37591305,0.14874497056007385,0.9523809552192688,0.5498398542404175
YLR070C,YIL018W,0,-0.3760108,0.14872191846370697,0.9523809552192688,0.5499399304389954
YER160C,YHR146W,0,-0.3761085,0.14869888126850128,0.9523809552192688,0.5500400066375732
YJR049C,YLR027C,0,-0.37619254,0.1486758589744568,0.9523809552192688,0.5501400828361511
YGR075C,YDR091C,0,-0.3763129,0.1486528366804123,0.9523809552192688,0.5502402186393738
YBR158W,YBL003C,0,-0.3778697,0.1486298143863678,0.9523809552192688,0.5503402948379517
YGL243W,YOR378W,0,-0.37796953,0.1486068069934845,0.9523809552192688,0.5504403710365295
YML064C,YDR109C,0,-0.37798223,0.1485838145017624,0.9523809552192688,0.5505404472351074
YLR367W,YHR065C,0,-0.37835327,0.14856082201004028,0.9523809552192688,0.5506405234336853
YOR236W,YMR018W,0,-0.37876716,0.14853782951831818,0.9523809552192688,0.5507405996322632
YER132C,YML073C,0,-0.3788189,0.14851485192775726,0.9523809552192688,0.5508406758308411
YBR031W,YKL214C,0,-0.37992626,0.14849187433719635,0.9523809552192688,0.550940752029419
YGL184C,YIL008W,0,-0.38006574,0.14846891164779663,0.9523809552192688,0.5510408282279968
YML075C,YJR094C,0,-0.38020608,0.1484459489583969,0.9523809552192688,0.5511409044265747
YER122C,YMR002W,0,-0.3804034,0.1484230011701584,0.9523809552192688,0.5512409806251526
YOL096C,YJR113C,0,-0.38118663,0.14840006828308105,0.9523809552192688,0.5513410568237305
YMR075W,YMR196W,0,-0.38158277,0.14837712049484253,0.9523809552192688,0.5514411330223083
YOR274W,YLR460C,0,-0.38162926,0.1483542025089264,0.9523809552192688,0.5515412092208862
YLR429W,YJR058C,0,-0.38174936,0.14833126962184906,0.9523809552192688,0.5516412854194641
YKL211C,YPL128C,0,-0.3818787,0.14830835163593292,0.9523809552192688,0.5517414212226868
YMR268C,YJR123W,0,-0.38203323,0.14828544855117798,0.9523809552192688,0.5518414974212646
YKL048C,YOL119C,0,-0.3820865,0.14826254546642303,0.9523809552192688,0.5519415736198425
YOL161C,YDR414C,0,-0.38234577,0.14823965728282928,0.9523809552192688,0.5520416498184204
YGR052W,YOR181W,0,-0.3831114,0.14821676909923553,0.9523809552192688,0.5521417260169983
YKR042W,YBR228W,0,-0.38340414,0.14819388091564178,0.9523809552192688,0.5522418022155762
YDR089W,YGR110W,0,-0.38345614,0.14817100763320923,0.9523809552192688,0.552341878414154
YOR272W,YLR129W,0,-0.38349283,0.14814814925193787,0.9523809552192688,0.5524419546127319
YLR414C,YAL032C,0,-0.38401893,0.1481252908706665,0.9523809552192688,0.5525420308113098
YOR240W,YGR206W,0,-0.38411668,0.14810243248939514,0.9523809552192688,0.5526421070098877
YJL045W,YPL036W,0,-0.38466933,0.14807958900928497,0.9523809552192688,0.5527421832084656
YJL053W,YOR034C,0,-0.38478568,0.148056760430336,0.9523809552192688,0.5528422594070435
YFL028C,YHL048W,0,-0.3850825,0.14803393185138702,0.9523809552192688,0.5529423356056213
YER131W,YGR272C,0,-0.38514933,0.14801110327243805,0.9523809552192688,0.5530424118041992
YDR416W,YOR338W,0,-0.38534436,0.14798828959465027,0.9523809552192688,0.5531424880027771
YPL195W,YMR157C,0,-0.38539732,0.1479654759168625,0.9523809552192688,0.5532426238059998
YPR085C,YER024W,0,-0.3856695,0.1479426771402359,0.9523809552192688,0.5533427000045776
YPR016C,YML076C,0,-0.3862156,0.14791987836360931,0.9523809552192688,0.5534427762031555
YOR266W,YAR044W,0,-0.38625595,0.14789709448814392,0.9523809552192688,0.5535428524017334
YFL056C,YMR051C,0,-0.38685885,0.14787431061267853,0.9523809552192688,0.5536429286003113
YMR164C,YKL051W,0,-0.38703728,0.14785152673721313,0.9523809552192688,0.5537430047988892
YKR030W,YGL228W,0,-0.3875339,0.14782875776290894,0.9523809552192688,0.553843080997467
YML037C,YIL107C,0,-0.38831052,0.14780600368976593,0.9523809552192688,0.5539431571960449
YOL078W,YCR023C,0,-0.38842794,0.14778324961662292,0.9523809552192688,0.5540432333946228
YLR072W,YDR002W,0,-0.3885126,0.1477605104446411,0.9523809552192688,0.5541433095932007
YGL085W,YMR095C,0,-0.38857654,0.1477377712726593,0.9523809552192688,0.5542433857917786
YLR173W,YMR247C,0,-0.38906893,0.1477150321006775,0.9523809552192688,0.5543434619903564
YDR247W,YBR198C,0,-0.38909212,0.14769230782985687,0.9523809552192688,0.5544435381889343
YNL025C,YBL039C,0,-0.39018235,0.14766958355903625,0.9523809552192688,0.5545436143875122
YGL143C,YOR036W,0,-0.39045507,0.14764687418937683,0.9523809552192688,0.5546436905860901
YHR069C,YLR059C,0,-0.39051616,0.1476241797208786,0.9523809552192688,0.554743766784668
YML047C,YNR027W,0,-0.39129367,0.14760147035121918,0.9523809552192688,0.5548439025878906
YJL002C,YBR040W,0,-0.39134642,0.14757879078388214,0.9523809552192688,0.5549439787864685
YKL053C-A,YCR029C-A,0,-0.39176413,0.1475560963153839,0.9523809552192688,0.5550440549850464
YDL113C,YBL045C,0,-0.39223945,0.14753343164920807,0.9523809552192688,0.5551441311836243
YMR167W,YKL071W,0,-0.39259765,0.14751075208187103,0.9523809552192688,0.5552442073822021
YNL106C,YOR272W,0,-0.3929213,0.1474880874156952,0.9523809552192688,0.55534428358078
YML002W,YLR432W,0,-0.39433163,0.14746543765068054,0.9523809552192688,0.5554443597793579
YKL100C,YGR287C,0,-0.3945093,0.1474427878856659,0.9523809552192688,0.5555444359779358
YPL014W,YDL119C,0,-0.39551458,0.14742015302181244,0.9523809552192688,0.5556445121765137
YGL234W,YER146W,0,-0.39553964,0.14739751815795898,0.9523809552192688,0.5557445883750916
YGL113W,YMR305C,0,-0.39565694,0.14737488329410553,0.9523809552192688,0.5558446645736694
YPR120C,YPR100W,0,-0.3957524,0.14735226333141327,0.9523809552192688,0.5559447407722473
YBR033W,YEL039C,0,-0.39608762,0.147329643368721,0.9523809552192688,0.5560448169708252
YNL231C,YBR065C,0,-0.3961189,0.14730703830718994,0.9523809552192688,0.5561448931694031
YDR039C,YDR266C,0,-0.3965111,0.14728444814682007,0.9523809552192688,0.556244969367981
YPL171C,YBR233W-A,0,-0.3967862,0.147261843085289,0.9523809552192688,0.5563451051712036
YER043C,YDL141W,0,-0.3978371,0.14723926782608032,0.9523809552192688,0.5564451813697815
YLR304C,YGR003W,0,-0.3979906,0.14721667766571045,0.9523809552192688,0.5565452575683594
YGR122W,YPR038W,0,-0.39833453,0.14719411730766296,0.9523809552192688,0.5566453337669373
YAL027W,YEL068C,0,-0.39835423,0.14717154204845428,0.9523809552192688,0.5567454099655151
YDR205W,YGR215W,0,-0.39848256,0.1471489816904068,0.9523809552192688,0.556845486164093
YGR282C,YNR067C,0,-0.3985586,0.1471264362335205,0.9523809552192688,0.5569455623626709
YNR058W,YNL078W,0,-0.3991434,0.14710389077663422,0.9523809552192688,0.5570456385612488
YLR037C,YJL030W,0,-0.39923337,0.14708136022090912,0.9523809552192688,0.5571457147598267
YPR128C,YOR174W,0,-0.39991692,0.14705882966518402,0.9523809552192688,0.5572457909584045
YKR099C-A,YJL127C,0,-0.40020734,0.14703629910945892,0.9523809552192688,0.5573458671569824
YGR055W,YFL059W,0,-0.40051112,0.14701378345489502,0.9523809552192688,0.5574459433555603
YGL057C,YDR448W,0,-0.4008688,0.14699126780033112,0.9523809552192688,0.5575460195541382
YKL221W,YPL056C,0,-0.40113327,0.1469687670469284,0.9523809552192688,0.5576460957527161
YGL089C,YJL146W,0,-0.40134767,0.1469462662935257,0.9523809552192688,0.557746171951294
YDR294C,YGR292W,0,-0.40140072,0.14692378044128418,0.9523809552192688,0.5578462481498718
YKL197C,YCR095C,0,-0.40209118,0.14690129458904266,0.9523809552192688,0.5579463839530945
YNL314W,YOL073C,0,-0.40211052,0.14687882363796234,0.9523809552192688,0.5580464601516724
YOR240W,YPL244C,0,-0.402117,0.14685635268688202,0.9523809552192688,0.5581465363502502
YGR156W,YDR148C,0,-0.40247208,0.1468338966369629,0.9523809552192688,0.5582466125488281
YOR149C,YDR504C,0,-0.40275872,0.14681144058704376,0.9523809552192688,0.558346688747406
YBR095C,YPL179W,0,-0.403476,0.14678898453712463,0.9523809552192688,0.5584467649459839
YDL246C,YDL211C,0,-0.40391272,0.1467665433883667,0.9523809552192688,0.5585468411445618
YML058W,YML069W,1,-0.40401912,0.14689697325229645,0.9533730149269104,0.5585468411445618
YOL128C,YNR059W,0,-0.40401945,0.14687451720237732,0.9533730149269104,0.5586469173431396
YKR053C,YBR078W,0,-0.404146,0.14685207605361938,0.9533730149269104,0.5587469935417175
YOR096W,YMR156C,0,-0.40428308,0.14682963490486145,0.9533730149269104,0.5588470697402954
YDR542W,YOR131C,0,-0.40453824,0.1468072086572647,0.9533730149269104,0.5589471459388733
YPR024W,YMR152W,0,-0.40492675,0.14678478240966797,0.9533730149269104,0.5590472221374512
YJL036W,YIL171W,0,-0.40509316,0.14676237106323242,0.9533730149269104,0.559147298336029
YGR261C,YML058W,0,-0.40547824,0.14673995971679688,0.9533730149269104,0.5592473745346069
YMR259C,YER046W,0,-0.4059779,0.14671756327152252,0.9533730149269104,0.5593474507331848
YBR074W,YDR086C,0,-0.40617865,0.14669516682624817,0.9533730149269104,0.5594475865364075
YAR044W,YFL008W,0,-0.40632805,0.14667277038097382,0.9533730149269104,0.5595476627349854
YKL197C,YJR034W,0,-0.40731102,0.14665038883686066,0.9533730149269104,0.5596477389335632
YOL101C,YMR048W,0,-0.40749326,0.1466280072927475,0.9533730149269104,0.5597478151321411
YPL156C,YCR027C,0,-0.40750718,0.14660564064979553,0.9533730149269104,0.559847891330719
YLR333C,YBL008W,0,-0.40802583,0.14658328890800476,0.9533730149269104,0.5599479675292969
YDR386W,YIL176C,0,-0.4092337,0.1465609222650528,0.9533730149269104,0.5600480437278748
YNL046W,YHR034C,0,-0.40946814,0.14653858542442322,0.9533730149269104,0.5601481199264526
YIL151C,YJL185C,0,-0.40952578,0.14651623368263245,0.9533730149269104,0.5602481961250305
YBL028C,YLR394W,0,-0.41015315,0.14649389684200287,0.9533730149269104,0.5603482723236084
YHL022C,YOR202W,0,-0.41097912,0.14647157490253448,0.9533730149269104,0.5604483485221863
YBR055C,YML026C,0,-0.411313,0.1464492529630661,0.9533730149269104,0.5605484247207642
YDR005C,YCR035C,0,-0.4113948,0.1464269459247589,0.9533730149269104,0.560648500919342
YLR006C,YDR253C,0,-0.41166952,0.14640462398529053,0.9533730149269104,0.5607485771179199
YPL163C,YDR159W,0,-0.4118441,0.14638233184814453,0.9533730149269104,0.5608486533164978
YPL280W,YBR084W,0,-0.4119808,0.14636003971099854,0.9533730149269104,0.5609487295150757
YDR129C,YMR313C,0,-0.41216785,0.14633774757385254,0.9533730149269104,0.5610488653182983
YEL032W,YIL066C,1,-0.41242114,0.14646771550178528,0.954365074634552,0.5610488653182983
YBL068W,YDL234C,0,-0.4127711,0.14644542336463928,0.954365074634552,0.5611489415168762
YOR196C,YGR031W,0,-0.41310248,0.1464231312274933,0.954365074634552,0.5612490177154541
YOR359W,YDR530C,0,-0.41419247,0.14640085399150848,0.954365074634552,0.561349093914032
YKL173W,YHR147C,0,-0.41462162,0.14637857675552368,0.954365074634552,0.5614491701126099
YGR181W,YNR056C,0,-0.41483802,0.14635629951953888,0.954365074634552,0.5615492463111877
YDR329C,YJL059W,0,-0.41495836,0.14633403718471527,0.954365074634552,0.5616493225097656
YDR179W-A,YOR182C,0,-0.41496384,0.14631178975105286,0.954365074634552,0.5617493987083435
YGL134W,YGL032C,0,-0.41520795,0.14628954231739044,0.954365074634552,0.5618494749069214
YDR150W,YMR184W,0,-0.41615286,0.14626729488372803,0.954365074634552,0.5619495511054993
YDR194C,YLR442C,0,-0.41618344,0.1462450623512268,0.954365074634552,0.5620496273040771
YNR058W,YOR075W,0,-0.41640702,0.14622282981872559,0.954365074634552,0.562149703502655
YER062C,YBR057C,0,-0.41735244,0.14620061218738556,0.954365074634552,0.5622497797012329
YBR255W,YBR029C,0,-0.41746584,0.14617839455604553,0.954365074634552,0.5623498558998108
YML039W,YLR090W,0,-0.4175037,0.1461561769247055,0.954365074634552,0.5624499320983887
YNL265C,YNL102W,0,-0.4187391,0.14613397419452667,0.954365074634552,0.5625500679016113
YDR259C,YDR082W,0,-0.41943446,0.14611178636550903,0.954365074634552,0.5626501441001892
YDR475C,YHR005C,0,-0.41982207,0.1460895985364914,0.954365074634552,0.5627502202987671
YIL083C,YMR243C,0,-0.42046443,0.14606741070747375,0.954365074634552,0.562850296497345
YMR278W,YOL082W,0,-0.4204744,0.1460452377796173,0.954365074634552,0.5629503726959229
YOR292C,YOR119C,0,-0.42076173,0.14602306485176086,0.954365074634552,0.5630504488945007
YBR085W,YPL143W,0,-0.42081276,0.1460009068250656,0.954365074634552,0.5631505250930786
YBR299W,YPL134C,0,-0.42097068,0.14597874879837036,0.954365074634552,0.5632506012916565
YOR087W,YDR089W,0,-0.421218,0.1459566056728363,0.954365074634552,0.5633506774902344
YJL113W,YLR223C,0,-0.42149982,0.14593446254730225,0.954365074634552,0.5634507536888123
YGL127C,YJR149W,0,-0.42156819,0.14591233432292938,0.954365074634552,0.5635508298873901
YHR072W,YER022W,0,-0.42193317,0.14589020609855652,0.954365074634552,0.563650906085968
YML132W,YHR146W,0,-0.42249644,0.14586807787418365,0.954365074634552,0.5637509822845459
YPL002C,YNL070W,0,-0.42325452,0.14584596455097198,0.954365074634552,0.5638510584831238
YJR109C,YJR035W,0,-0.42383182,0.1458238661289215,0.954365074634552,0.5639511346817017
YNL074C,YNL009W,0,-0.42403436,0.14580175280570984,0.954365074634552,0.5640512704849243
YIL009C-A,YPR115W,0,-0.42470762,0.14577966928482056,0.954365074634552,0.5641513466835022
YIL050W,YPR061C,0,-0.4247651,0.14575757086277008,0.954365074634552,0.5642514228820801
YOR219C,YBR110W,0,-0.42489845,0.1457354873418808,0.954365074634552,0.564351499080658
YBR108W,YOR168W,0,-0.42493203,0.1457134187221527,0.954365074634552,0.5644515752792358
YKL199C,YDR511W,0,-0.42540488,0.14569135010242462,0.954365074634552,0.5645516514778137
YBR223C,YDR086C,0,-0.4263099,0.14566929638385773,0.954365074634552,0.5646517276763916
YGL099W,YHR196W,0,-0.42759892,0.14564724266529083,0.954365074634552,0.5647518038749695
YIL168W,YDL148C,0,-0.42794964,0.14562518894672394,0.954365074634552,0.5648518800735474
YMR162C,YIL083C,0,-0.42819074,0.14560315012931824,0.954365074634552,0.5649519562721252
YCR058C,YGL083W,0,-0.42845333,0.14558111131191254,0.954365074634552,0.5650520324707031
YBR213W,YHR032W,0,-0.428521,0.14555908739566803,0.954365074634552,0.565152108669281
YHL024W,YOR291W,0,-0.42858347,0.14553706347942352,0.954365074634552,0.5652521848678589
YLR214W,YMR018W,0,-0.42869374,0.1455150544643402,0.954365074634552,0.5653522610664368
YKR076W,YDR182W,0,-0.42892346,0.1454930454492569,0.954365074634552,0.5654523372650146
YOR377W,YLR191W,0,-0.42991242,0.14547103643417358,0.954365074634552,0.5655524134635925
YBR244W,YDR540C,0,-0.4301574,0.14544904232025146,0.954365074634552,0.5656525492668152
YGR053C,YNL218W,1,-0.430316,0.14557823538780212,0.9553571343421936,0.5656525492668152
YDR346C,YFR051C,0,-0.4303585,0.1455562263727188,0.9553571343421936,0.5657526254653931
YGL135W,YLR215C,0,-0.43046814,0.1455342322587967,0.9553571343421936,0.565852701663971
YPL023C,YJL180C,0,-0.43053862,0.14551223814487457,0.9553571343421936,0.5659527778625488
YHR098C,YOL006C,0,-0.43070382,0.14549025893211365,0.9553571343421936,0.5660528540611267
YGL019W,YLR370C,0,-0.43118086,0.14546827971935272,0.9553571343421936,0.5661529302597046
YHR096C,YMR265C,0,-0.43158638,0.1454463005065918,0.9553571343421936,0.5662530064582825
YER140W,YOR126C,0,-0.43192616,0.14542433619499207,0.9553571343421936,0.5663530826568604
YHR072W-A,YMR303C,0,-0.43198168,0.14540238678455353,0.9553571343421936,0.5664531588554382
YLR192C,YDR056C,0,-0.43204346,0.145380437374115,0.9553571343421936,0.5665532350540161
YMR060C,YNL033W,0,-0.43280622,0.14535848796367645,0.9553571343421936,0.566653311252594
YOR149C,YIL064W,0,-0.43360594,0.1453365534543991,0.9553571343421936,0.5667533874511719
YOR020C,YMR052W,0,-0.43389183,0.14531461894512177,0.9553571343421936,0.5668534636497498
YML065W,YML002W,0,-0.434202,0.14529269933700562,0.9553571343421936,0.5669535398483276
YHL022C,YMR202W,0,-0.43445364,0.14527077972888947,0.9553571343421936,0.5670536160469055
YCL019W,YCL032W,0,-0.4346967,0.1452488750219345,0.9553571343421936,0.5671537518501282
YBR084C-A,YDL246C,0,-0.43474668,0.14522697031497955,0.9553571343421936,0.567253828048706
YGR207C,YCL063W,0,-0.4351439,0.1452050656080246,0.9553571343421936,0.5673539042472839
YLL015W,YGR206W,0,-0.4354596,0.14518317580223083,0.9553571343421936,0.5674539804458618
YIR025W,YPL171C,0,-0.4355317,0.14516128599643707,0.9553571343421936,0.5675540566444397
YDR333C,YPL030W,0,-0.4358162,0.1451394110918045,0.9553571343421936,0.5676541328430176
YCR007C,YPL127C,0,-0.43595403,0.14511753618717194,0.9553571343421936,0.5677542090415955
YKL156W,YMR316W,0,-0.43651453,0.14509567618370056,0.9553571343421936,0.5678542852401733
YHR050W,YOL060C,0,-0.43702802,0.1450738161802292,0.9553571343421936,0.5679543614387512
YPL152W,YGR049W,0,-0.43728283,0.145051971077919,0.9553571343421936,0.5680544376373291
YDR098C,YJL204C,0,-0.4373531,0.14503012597560883,0.9553571343421936,0.568154513835907
YOL068C,YIL137C,0,-0.43743294,0.14500828087329865,0.9553571343421936,0.5682545900344849
YIL123W,YBR081C,0,-0.4374939,0.14498645067214966,0.9553571343421936,0.5683546662330627
YOR167C,YGL103W,0,-0.43750638,0.14496462047100067,0.9553571343421936,0.5684547424316406
YLR325C,YPL012W,0,-0.43895873,0.14494280517101288,0.9553571343421936,0.5685548186302185
YOR321W,YNL053W,0,-0.43921334,0.14492098987102509,0.9553571343421936,0.5686548948287964
YHL050C,YOR083W,0,-0.4395616,0.1448991894721985,0.9553571343421936,0.568755030632019
YPR016C,YLL004W,0,-0.43965456,0.1448773890733719,0.9553571343421936,0.5688551068305969
YGR177C,YBR198C,0,-0.43966135,0.1448555886745453,0.9553571343421936,0.5689551830291748
YDR179W-A,YPL237W,0,-0.4410749,0.14483380317687988,0.9553571343421936,0.5690552592277527
YDL207W,YAL022C,0,-0.44116113,0.14481203258037567,0.9553571343421936,0.5691553354263306
YKL181W,YER155C,0,-0.44176194,0.14479026198387146,0.9553571343421936,0.5692554116249084
YGR134W,YML063W,0,-0.44216207,0.14476849138736725,0.9553571343421936,0.5693554878234863
YBR081C,YIL049W,0,-0.4428416,0.14474673569202423,0.9553571343421936,0.5694555640220642
YDL222C,YLL005C,0,-0.4428787,0.1447249799966812,0.9553571343421936,0.5695556402206421
YCR055C,YGL083W,0,-0.44311464,0.1447032243013382,0.9553571343421936,0.56965571641922
YPL043W,YBR127C,0,-0.44353494,0.14468148350715637,0.9553571343421936,0.5697557926177979
YGL134W,YKR065C,0,-0.44364718,0.14465975761413574,0.9553571343421936,0.5698558688163757
YJL057C,YCR073C,0,-0.44495675,0.1446380317211151,0.9553571343421936,0.5699559450149536
YNL272C,YNL040W,0,-0.44517004,0.14461630582809448,0.9553571343421936,0.5700560212135315
YNL023C,YKL023W,0,-0.446305,0.14459459483623505,0.9553571343421936,0.5701560974121094
YBL020W,YDR317W,0,-0.44632974,0.1445728838443756,0.9553571343421936,0.570256233215332
YGL091C,YOR145C,0,-0.44685575,0.14455118775367737,0.9553571343421936,0.5703563094139099
YDR465C,YEL030W,0,-0.44717097,0.14452949166297913,0.9553571343421936,0.5704563856124878
YNL084C,YGR031W,0,-0.44759962,0.14450781047344208,0.9553571343421936,0.5705564618110657
YGR180C,YML069W,1,-0.4477299,0.1446361541748047,0.9563491940498352,0.5705564618110657
YDR529C,YKL112W,0,-0.4477519,0.14461445808410645,0.9563491940498352,0.5706565380096436
YOR219C,YGR271C-A,0,-0.44790125,0.1445927768945694,0.9563491940498352,0.5707566142082214
YER102W,YLL049W,0,-0.44809052,0.14457108080387115,0.9563491940498352,0.5708566904067993
YGL066W,YER177W,0,-0.4486896,0.1445494145154953,0.9563491940498352,0.5709567666053772
YIL056W,YKL201C,0,-0.44884583,0.14452773332595825,0.9563491940498352,0.5710568428039551
YNR017W,YNL070W,0,-0.44903314,0.1445060670375824,0.9563491940498352,0.571156919002533
YER008C,YGL261C,0,-0.44907627,0.14448441565036774,0.9563491940498352,0.5712569952011108
YML127W,YIL010W,0,-0.44919524,0.14446276426315308,0.9563491940498352,0.5713570713996887
YMR125W,YLR092W,0,-0.44925418,0.14444111287593842,0.9563491940498352,0.5714571475982666
YJL206C,YCR105W,0,-0.44929054,0.14441947638988495,0.9563491940498352,0.5715572237968445
YER103W,YGR059W,0,-0.44956794,0.14439783990383148,0.9563491940498352,0.5716572999954224
YPR183W,YKR084C,0,-0.44992024,0.1443762183189392,0.9563491940498352,0.5717573761940002
YOR006C,YDR322W,0,-0.45012397,0.14435459673404694,0.9563491940498352,0.5718575119972229
YPL276W,YOR001W,0,-0.4503647,0.14433299005031586,0.9563491940498352,0.5719575881958008
YPL097W,YNR047W,0,-0.45133734,0.14431138336658478,0.9563491940498352,0.5720576643943787
YPL268W,YDR322W,0,-0.45152497,0.1442897766828537,0.9563491940498352,0.5721577405929565
YPL070W,YLR299W,0,-0.45165825,0.1442681849002838,0.9563491940498352,0.5722578167915344
YHL015W,YOR190W,0,-0.45242098,0.14424659311771393,0.9563491940498352,0.5723578929901123
YMR193W,YBR261C,0,-0.45290208,0.14422501623630524,0.9563491940498352,0.5724579691886902
YHR186C,YMR182C,0,-0.45316043,0.14420343935489655,0.9563491940498352,0.5725580453872681
YNL081C,YMR042W,0,-0.4536697,0.14418187737464905,0.9563491940498352,0.572658121585846
YDR073W,YOR319W,0,-0.45369396,0.14416031539440155,0.9563491940498352,0.5727581977844238
YMR078C,YGR180C,1,-0.4538558,0.14428827166557312,0.9573412537574768,0.5727581977844238
YKL095W,YOL058W,0,-0.4541445,0.14426670968532562,0.9573412537574768,0.5728582739830017
YMR125W,YPL063W,0,-0.45436698,0.14424514770507812,0.9573412537574768,0.5729583501815796
YMR084W,YGR113W,0,-0.45496255,0.14422358572483063,0.9573412537574768,0.5730584263801575
YPL113C,YDL209C,0,-0.45565686,0.14420203864574432,0.9573412537574768,0.5731585025787354
YIL031W,YBL020W,0,-0.45571387,0.14418049156665802,0.9573412537574768,0.5732585787773132
YJR048W,YPL082C,0,-0.45591125,0.14415894448757172,0.9573412537574768,0.5733587145805359
YFL021W,YDR093W,0,-0.4561113,0.1441374123096466,0.9573412537574768,0.5734587907791138
YKR088C,YDR034C,0,-0.45623606,0.1441158950328827,0.9573412537574768,0.5735588669776917
YOR234C,YER107C,0,-0.4581693,0.14409437775611877,0.9573412537574768,0.5736589431762695
YJR031C,YGL026C,0,-0.45821175,0.14407286047935486,0.9573412537574768,0.5737590193748474
YGR056W,YPL199C,0,-0.45867813,0.14405135810375214,0.9573412537574768,0.5738590955734253
YHR052W,YPR045C,0,-0.45873123,0.14402985572814941,0.9573412537574768,0.5739591717720032
YOR224C,YMR134W,0,-0.45935586,0.1440083533525467,0.9573412537574768,0.574059247970581
YMR027W,YFL008W,0,-0.45962915,0.14398686587810516,0.9573412537574768,0.5741593241691589
YOR085W,YNL058C,0,-0.46004733,0.14396539330482483,0.9573412537574768,0.5742594003677368
YMR263W,YLR378C,0,-0.460265,0.1439439207315445,0.9573412537574768,0.5743594765663147
YBL074C,YOR306C,0,-0.46077317,0.14392244815826416,0.9573412537574768,0.5744595527648926
YLR166C,YHR086W,0,-0.4612561,0.14390099048614502,0.9573412537574768,0.5745596289634705
YBL089W,YDL149W,0,-0.46146116,0.14387953281402588,0.9573412537574768,0.5746597051620483
YGL071W,YNL019C,0,-0.46163067,0.14385807514190674,0.9573412537574768,0.5747597813606262
YLR225C,YHR084W,0,-0.46200106,0.1438366323709488,0.9573412537574768,0.5748599171638489
YER005W,YGR085C,0,-0.4620727,0.14381520450115204,0.9573412537574768,0.5749599933624268
YDR079W,YER106W,0,-0.46214134,0.14379377663135529,0.9573412537574768,0.5750600695610046
YKL157W,YER182W,0,-0.46223834,0.14377234876155853,0.9573412537574768,0.5751601457595825
YKL003C,YNL031C,0,-0.46235394,0.14375093579292297,0.9573412537574768,0.5752602219581604
YIL158W,YDR294C,0,-0.46250853,0.14372952282428741,0.9573412537574768,0.5753602981567383
YIL084C,YOR369C,0,-0.46261722,0.14370810985565186,0.9573412537574768,0.5754603743553162
YER023W,YFL011W,0,-0.46343505,0.1436867117881775,0.9573412537574768,0.575560450553894
YLL015W,YJR110W,0,-0.463463,0.14366532862186432,0.9573412537574768,0.5756605267524719
YMR066W,YDR123C,0,-0.4635134,0.14364394545555115,0.9573412537574768,0.5757606029510498
YGL137W,YMR203W,0,-0.46476957,0.14362256228923798,0.9573412537574768,0.5758606791496277
YIL034C,YIL114C,0,-0.4649892,0.143601194024086,0.9573412537574768,0.5759607553482056
YNL092W,YDR087C,0,-0.46531138,0.14357982575893402,0.9573412537574768,0.5760608315467834
YDL226C,YDR330W,0,-0.46532646,0.14355845749378204,0.9573412537574768,0.5761609077453613
YNL130C,YER074W-A,0,-0.46542612,0.14353710412979126,0.9573412537574768,0.5762609839439392
YMR270C,YIL172C,0,-0.46581322,0.14351576566696167,0.9573412537574768,0.5763610601425171
YKL110C,YBR012W-A,0,-0.46638122,0.14349442720413208,0.9573412537574768,0.5764611959457397
YEL004W,YBR260C,0,-0.46649972,0.1434730887413025,0.9573412537574768,0.5765612721443176
YMR134W,YCR106W,0,-0.4670588,0.1434517651796341,0.9573412537574768,0.5766613483428955
YDR098C,YNL230C,0,-0.46753803,0.1434304416179657,0.9573412537574768,0.5767614245414734
YER127W,YLR253W,0,-0.46773744,0.1434091180562973,0.9573412537574768,0.5768615007400513
YOL081W,YNL185C,0,-0.4688628,0.1433878093957901,0.9573412537574768,0.5769615769386292
YGR003W,YPR027C,0,-0.46892452,0.1433665156364441,0.9573412537574768,0.577061653137207
YBR084C-A,YLR295C,0,-0.46914062,0.14334522187709808,0.9573412537574768,0.5771617293357849
YEL068C,YBR069C,0,-0.47005913,0.14332392811775208,0.9573412537574768,0.5772618055343628
YIL069C,YBR123C,0,-0.47014582,0.14330264925956726,0.9573412537574768,0.5773618817329407
YNL083W,YDR212W,0,-0.47050905,0.14328137040138245,0.9573412537574768,0.5774619579315186
YER086W,YPR116W,0,-0.47092095,0.14326009154319763,0.9573412537574768,0.5775620341300964
YDR385W,YPL282C,0,-0.4709725,0.143238827586174,0.9573412537574768,0.5776621103286743
YFL034C-A,YPL275W,0,-0.47139063,0.14321757853031158,0.9573412537574768,0.5777621865272522
YLR325C,YBL069W,0,-0.4714858,0.14319631457328796,0.9573412537574768,0.5778622627258301
YBR013C,YAL036C,0,-0.4714927,0.14317508041858673,0.9573412537574768,0.5779623985290527
YER145C,YLR438C-A,0,-0.47213185,0.1431538313627243,0.9573412537574768,0.5780624747276306
YHL024W,YHR197W,1,-0.4723023,0.14328092336654663,0.9583333134651184,0.5780624747276306
YJL170C,YLL067C,0,-0.47237757,0.1432596743106842,0.9583333134651184,0.5781625509262085
YDR529C,YPR178W,0,-0.47266164,0.14323844015598297,0.9583333134651184,0.5782626271247864
YER064C,YGR148C,0,-0.47282293,0.14321719110012054,0.9583333134651184,0.5783627033233643
YDL149W,YKR070W,0,-0.47286323,0.1431959718465805,0.9583333134651184,0.5784627795219421
YDR446W,YNL177C,0,-0.47294176,0.14317473769187927,0.9583333134651184,0.57856285572052
YOR038C,YCL037C,0,-0.47332495,0.14315353333950043,0.9583333134651184,0.5786629319190979
YMR313C,YDR055W,0,-0.47458503,0.1431323140859604,0.9583333134651184,0.5787630081176758
YPR144C,YLR297W,0,-0.47466946,0.14311110973358154,0.9583333134651184,0.5788630843162537
YER126C,YML118W,0,-0.47477618,0.1430899053812027,0.9583333134651184,0.5789631605148315
YBR043C,YGL230C,0,-0.47500983,0.14306871592998505,0.9583333134651184,0.5790632367134094
YGL094C,YCR044C,0,-0.47524956,0.1430475413799286,0.9583333134651184,0.5791633129119873
YER142C,YDL199C,0,-0.47552973,0.14302635192871094,0.9583333134651184,0.5792633891105652
YDR148C,YNL088W,0,-0.47561267,0.14300517737865448,0.9583333134651184,0.5793634653091431
YLL045C,YDR240C,0,-0.4760838,0.14298401772975922,0.9583333134651184,0.579463541507721
YDR201W,YKL056C,0,-0.4765192,0.14296285808086395,0.9583333134651184,0.5795636773109436
YPR022C,YMR002W,0,-0.4766663,0.1429416984319687,0.9583333134651184,0.5796637535095215
YOR207C,YOR085W,0,-0.4769795,0.14292055368423462,0.9583333134651184,0.5797638297080994
YPL043W,YGR272C,0,-0.47792575,0.14289940893650055,0.9583333134651184,0.5798639059066772
YPL262W,YDL204W,0,-0.47803348,0.14287827908992767,0.9583333134651184,0.5799639821052551
YIR015W,YKL165C,0,-0.47814354,0.1428571492433548,0.9583333134651184,0.580064058303833
YPL014W,YJL114W,0,-0.4781709,0.14283601939678192,0.9583333134651184,0.5801641345024109
YNL217W,YOL030W,0,-0.47817963,0.14281490445137024,0.9583333134651184,0.5802642107009888
YML037C,YBR244W,0,-0.47848114,0.14279378950595856,0.9583333134651184,0.5803642868995667
YDR415C,YBR007C,0,-0.47867832,0.14277268946170807,0.9583333134651184,0.5804643630981445
YER070W,YHR033W,0,-0.47869655,0.14275158941745758,0.9583333134651184,0.5805644392967224
YER094C,YJL141C,0,-0.47877312,0.1427304893732071,0.9583333134651184,0.5806645154953003
YNL302C,YNL024C,0,-0.4789655,0.1427094042301178,0.9583333134651184,0.5807645916938782
YNL123W,YPR015C,0,-0.47924253,0.1426883339881897,0.9583333134651184,0.580864667892456
YCR072C,YLR110C,0,-0.47941118,0.1426672637462616,0.9583333134651184,0.5809647440910339
YMR241W,YLR244C,0,-0.479498,0.1426461935043335,0.9583333134651184,0.5810648798942566
YDR143C,YLR105C,0,-0.47976246,0.1426251232624054,0.9583333134651184,0.5811649560928345
YGL051W,YKL211C,0,-0.4800122,0.1426040679216385,0.9583333134651184,0.5812650322914124
YGL026C,YCL032W,0,-0.48008364,0.14258302748203278,0.9583333134651184,0.5813651084899902
YGL255W,YGL050W,0,-0.4807465,0.14256198704242706,0.9583333134651184,0.5814651846885681
YFL001W,YIL003W,0,-0.4821702,0.14254094660282135,0.9583333134651184,0.581565260887146
YJL216C,YPL090C,0,-0.48257032,0.14251992106437683,0.9583333134651184,0.5816653370857239
YFR004W,YJL146W,0,-0.4826504,0.1424988955259323,0.9583333134651184,0.5817654132843018
YDL014W,YOR351C,0,-0.48293447,0.1424778699874878,0.9583333134651184,0.5818654894828796
YGR116W,YDR338C,0,-0.48341522,0.14245685935020447,0.9583333134651184,0.5819655656814575
YGR131W,YPL214C,0,-0.48343357,0.14243586361408234,0.9583333134651184,0.5820656418800354
YGL135W,YPL273W,0,-0.483529,0.1424148678779602,0.9583333134651184,0.5821657180786133
YKR095W,YML120C,0,-0.4837643,0.14239387214183807,0.9583333134651184,0.5822657942771912
YDR020C,YER049W,0,-0.48385906,0.14237287640571594,0.9583333134651184,0.582365870475769
YER016W,YIL109C,0,-0.4843599,0.142351895570755,0.9583333134651184,0.5824659466743469
YEL061C,YML050W,0,-0.48448202,0.14233092963695526,0.9583333134651184,0.5825660824775696
YGR216C,YBR034C,0,-0.48589987,0.14230996370315552,0.9583333134651184,0.5826661586761475
YDR458C,YPL076W,0,-0.48613366,0.14228899776935577,0.9583333134651184,0.5827662348747253
YKL207W,YHR046C,0,-0.48637855,0.14226804673671722,0.9583333134651184,0.5828663110733032
YCR052W,YIL046W,0,-0.48691064,0.14224709570407867,0.9583333134651184,0.5829663872718811
YFR046C,YOL114C,0,-0.48727813,0.14222614467144012,0.9583333134651184,0.583066463470459
YNL231C,YGL070C,0,-0.48748305,0.14220520853996277,0.9583333134651184,0.5831665396690369
YKL158W,YLR370C,0,-0.48766637,0.1421842873096466,0.9583333134651184,0.5832666158676147
YPL112C,YIR036C,0,-0.4876867,0.14216335117816925,0.9583333134651184,0.5833666920661926
YFR004W,YPR003C,0,-0.4895183,0.1421424299478531,0.9583333134651184,0.5834667682647705
YOR204W,YML007W,0,-0.48975775,0.14212152361869812,0.9583333134651184,0.5835668444633484
YOL061W,YIL113W,0,-0.4898574,0.14210061728954315,0.9583333134651184,0.5836669206619263
YDL085W,YGL211W,0,-0.49004063,0.14207971096038818,0.9583333134651184,0.5837669968605042
YKL133C,YCR105W,0,-0.49052483,0.1420588195323944,0.9583333134651184,0.583867073059082
YCR072C,YDL222C,0,-0.49090222,0.14203794300556183,0.9583333134651184,0.5839671492576599
YER048C,YGR043C,0,-0.49129933,0.14201705157756805,0.9583333134651184,0.5840672254562378
YLR380W,YNL301C,0,-0.49131277,0.14199617505073547,0.9583333134651184,0.5841673612594604
YLR228C,YGR158C,0,-0.4919933,0.1419753134250641,0.9583333134651184,0.5842674374580383
YGR262C,YKL029C,0,-0.49213862,0.1419544517993927,0.9583333134651184,0.5843675136566162
YDL167C,YML051W,0,-0.49267516,0.1419335901737213,0.9583333134651184,0.5844675898551941
YPL040C,YJR160C,0,-0.4928437,0.14191274344921112,0.9583333134651184,0.584567666053772
YPR029C,YBL068W,0,-0.4930082,0.14189189672470093,0.9583333134651184,0.5846677422523499
YGR227W,YBL091C,0,-0.4933618,0.14187105000019073,0.9583333134651184,0.5847678184509277
YAR020C,YNR004W,0,-0.49352768,0.14185021817684174,0.9583333134651184,0.5848678946495056
YER143W,YGL207W,1,-0.49501804,0.1419762223958969,0.95932537317276,0.5848678946495056
YDR117C,YNL078W,0,-0.49509016,0.14195537567138672,0.95932537317276,0.5849679708480835
YGR086C,YML076C,0,-0.49553928,0.14193454384803772,0.95932537317276,0.5850680470466614
YLR422W,YBL051C,0,-0.49587244,0.14191371202468872,0.95932537317276,0.5851681232452393
YJR127C,YBR231C,0,-0.49615753,0.14189288020133972,0.95932537317276,0.5852681994438171
YBL078C,YJL186W,0,-0.49622008,0.14187206327915192,0.95932537317276,0.585368275642395
YDR179W-A,YDL198C,0,-0.49678013,0.1418512612581253,0.95932537317276,0.5854683518409729
YNL172W,YOR304C-A,0,-0.49710026,0.1418304443359375,0.95932537317276,0.5855684280395508
YGR081C,YPR027C,0,-0.49722585,0.1418096423149109,0.95932537317276,0.5856685638427734
YMR022W,YOR044W,0,-0.49724954,0.14178885519504547,0.95932537317276,0.5857686400413513
YDR151C,YNL288W,0,-0.49757558,0.14176806807518005,0.95932537317276,0.5858687162399292
YOR265W,YGL098W,0,-0.49790558,0.14174728095531464,0.95932537317276,0.5859687924385071
YLR283W,YJR073C,0,-0.499146,0.1417265087366104,0.95932537317276,0.586068868637085
YIL076W,YBR282W,0,-0.49942395,0.14170575141906738,0.95932537317276,0.5861689448356628
YML012W,YDL063C,0,-0.5006833,0.14168497920036316,0.95932537317276,0.5862690210342407
YBR104W,YOR208W,0,-0.50158584,0.14166422188282013,0.95932537317276,0.5863690972328186
YGR225W,YPR109W,0,-0.5015997,0.1416434794664383,0.95932537317276,0.5864691734313965
YIR019C,YHR155W,0,-0.5020136,0.14162273705005646,0.95932537317276,0.5865692496299744
YGR063C,YNL090W,0,-0.5020985,0.14160199463367462,0.95932537317276,0.5866693258285522
YLR380W,YML006C,0,-0.50249803,0.14158125221729279,0.95932537317276,0.5867694020271301
YPL256C,YMR243C,0,-0.5026704,0.14156053960323334,0.95932537317276,0.586869478225708
YGR195W,YKL146W,0,-0.50327575,0.1415398120880127,0.95932537317276,0.5869695544242859
YDR150W,YGR227W,0,-0.50340813,0.14151909947395325,0.95932537317276,0.5870696306228638
YOR095C,YMR325W,0,-0.50384307,0.1414983868598938,0.95932537317276,0.5871697068214417
YDL232W,YBR301W,0,-0.5039585,0.14147768914699554,0.95932537317276,0.5872698426246643
YPR083W,YGR172C,0,-0.50501096,0.1414569914340973,0.95932537317276,0.5873699188232422
YIL119C,YJL145W,0,-0.5050176,0.14143630862236023,0.95932537317276,0.5874699950218201
YBL078C,YOR266W,0,-0.5055339,0.14141562581062317,0.95932537317276,0.587570071220398
YDL245C,YOR157C,0,-0.50558794,0.1413949429988861,0.95932537317276,0.5876701474189758
YFR050C,YOR171C,0,-0.5064667,0.14137427508831024,0.95932537317276,0.5877702236175537
YPL282C,YER107C,0,-0.5068455,0.14135360717773438,0.95932537317276,0.5878702998161316
YLR389C,YBR089C-A,0,-0.5079215,0.1413329392671585,0.95932537317276,0.5879703760147095
YDR462W,YLR208W,0,-0.5082841,0.14131228625774384,0.95932537317276,0.5880704522132874
YBR282W,YLR335W,0,-0.5085093,0.14129164814949036,0.95932537317276,0.5881705284118652
YOR377W,YJR143C,0,-0.50889957,0.14127099514007568,0.95932537317276,0.5882706046104431
YMR305C,YOR390W,0,-0.5094993,0.1412503719329834,0.95932537317276,0.588370680809021
YGR283C,YMR138W,0,-0.50995576,0.14122973382472992,0.95932537317276,0.5884707570075989
YDR405W,YHR172W,0,-0.5105437,0.14120911061763763,0.95932537317276,0.5885708332061768
YOR011W,YLR266C,0,-0.51091146,0.14118848741054535,0.95932537317276,0.5886709094047546
YMR138W,YGL261C,0,-0.511931,0.14116787910461426,0.95932537317276,0.5887710452079773
YDR179W-A,YOR299W,0,-0.51221895,0.14114727079868317,0.95932537317276,0.5888711214065552
YLR414C,YKR065C,0,-0.51234114,0.14112667739391327,0.95932537317276,0.5889711976051331
YOR119C,YDL083C,0,-0.5126106,0.14110608398914337,0.95932537317276,0.5890712738037109
YKR043C,YJR135W-A,0,-0.51305866,0.14108549058437347,0.95932537317276,0.5891713500022888
YML110C,YPR045C,0,-0.51408863,0.14106491208076477,0.95932537317276,0.5892714262008667
YHR182W,YGR085C,0,-0.5143552,0.14104433357715607,0.95932537317276,0.5893715023994446
YNL106C,YJL160C,0,-0.51443446,0.14102376997470856,0.95932537317276,0.5894715785980225
YNR017W,YLR328W,0,-0.5151493,0.14100320637226105,0.95932537317276,0.5895716547966003
YPL072W,YNL024C,0,-0.51553756,0.14098265767097473,0.95932537317276,0.5896717309951782
YIL063C,YPL081W,0,-0.5157169,0.14096209406852722,0.95932537317276,0.5897718071937561
YKL085W,YJL113W,0,-0.51599145,0.1409415602684021,0.95932537317276,0.589871883392334
YFL035C-B,YPL095C,0,-0.51613474,0.14092101156711578,0.95932537317276,0.5899719595909119
YJL047C,YKR072C,0,-0.5167113,0.14090047776699066,0.95932537317276,0.5900720357894897
YDR156W,YDR194C,0,-0.5174837,0.14087995886802673,0.95932537317276,0.5901721119880676
YGL168W,YKL175W,0,-0.51752144,0.1408594250679016,0.95932537317276,0.5902721881866455
YDR419W,YJR149W,0,-0.51783645,0.14083892107009888,0.95932537317276,0.5903723239898682
YJL108C,YML050W,0,-0.5179738,0.14081840217113495,0.95932537317276,0.590472400188446
YDL019C,YNR035C,0,-0.5180738,0.14079789817333221,0.95932537317276,0.5905724763870239
YER163C,YHR088W,0,-0.5184493,0.14077740907669067,0.95932537317276,0.5906725525856018
YPL276W,YDR326C,0,-0.51974845,0.14075691998004913,0.95932537317276,0.5907726287841797
YLR179C,YMR208W,0,-0.51985115,0.1407364308834076,0.95932537317276,0.5908727049827576
YCR076C,YFL004W,0,-0.5199738,0.14071594178676605,0.95932537317276,0.5909727811813354
YMR119W,YDR283C,0,-0.52003044,0.1406954824924469,0.95932537317276,0.5910728573799133
YPL056C,YGR049W,0,-0.52030855,0.14067500829696655,0.95932537317276,0.5911729335784912
YOR361C,YDL103C,0,-0.520351,0.1406545490026474,0.95932537317276,0.5912730097770691
YBR062C,YKL130C,0,-0.52039343,0.14063408970832825,0.95932537317276,0.591373085975647
YER037W,YMR018W,0,-0.52062756,0.1406136453151703,0.95932537317276,0.5914731621742249
YGL057C,YLR052W,0,-0.5211832,0.14059320092201233,0.95932537317276,0.5915732383728027
YNR038W,YLR141W,0,-0.52150756,0.14057275652885437,0.95932537317276,0.5916733145713806
YNL021W,YBR013C,0,-0.5215658,0.1405523270368576,0.95932537317276,0.5917733907699585
YAL003W,YKR080W,0,-0.5227014,0.14053189754486084,0.95932537317276,0.5918735265731812
YNL124W,YOR209C,0,-0.52299505,0.14051148295402527,0.95932537317276,0.591973602771759
YHR085W,YMR114C,0,-0.52323437,0.1404910683631897,0.95932537317276,0.5920736789703369
YOR287C,YNL036W,0,-0.52375704,0.14047065377235413,0.95932537317276,0.5921737551689148
YGR171C,YIL094C,0,-0.5238267,0.14045025408267975,0.95932537317276,0.5922738313674927
YDR385W,YPR115W,0,-0.5240922,0.14042985439300537,0.95932537317276,0.5923739075660706
YEL026W,YGR218W,0,-0.52420723,0.1404094696044922,0.95932537317276,0.5924739837646484
YOR180C,YOL013C,0,-0.5242254,0.140389084815979,0.95932537317276,0.5925740599632263
YHR104W,YGL043W,0,-0.524322,0.14036870002746582,0.95932537317276,0.5926741361618042
YCL075W,YML080W,0,-0.52476776,0.14034833014011383,0.95932537317276,0.5927742123603821
YJL045W,YDR373W,0,-0.5249914,0.14032796025276184,0.95932537317276,0.59287428855896
YOR063W,YIL016W,0,-0.52535677,0.14030760526657104,0.95932537317276,0.5929743647575378
YLL031C,YPL056C,0,-0.5256564,0.14028725028038025,0.95932537317276,0.5930744409561157
YKR042W,YDR181C,0,-0.5258353,0.14026689529418945,0.95932537317276,0.5931745171546936
YLR286C,YLR263W,0,-0.5260367,0.14024655520915985,0.95932537317276,0.5932745933532715
YER128W,YAL035W,0,-0.5261233,0.14022621512413025,0.95932537317276,0.5933747291564941
YDR324C,YHR066W,0,-0.5261711,0.14020588994026184,0.95932537317276,0.593474805355072
YKR009C,YOL005C,0,-0.5264165,0.14018556475639343,0.95932537317276,0.5935748815536499
YGR095C,YAL003W,0,-0.5268352,0.14016523957252502,0.95932537317276,0.5936749577522278
YPL283C,YHR091C,0,-0.5272132,0.1401449292898178,0.95932537317276,0.5937750339508057
YDR539W,YOR067C,0,-0.5281848,0.1401246190071106,0.95932537317276,0.5938751101493835
YMR197C,YDR256C,0,-0.5283057,0.14010432362556458,0.95932537317276,0.5939751863479614
YOR034C,YGR208W,0,-0.5284771,0.14008402824401855,0.95932537317276,0.5940752625465393
YER049W,YDR016C,0,-0.528587,0.14006373286247253,0.95932537317276,0.5941753387451172
YOR224C,YER060W-A,0,-0.5289385,0.1400434523820877,0.95932537317276,0.5942754149436951
YLR293C,YKR029C,0,-0.5291995,0.14002317190170288,0.95932537317276,0.594375491142273
YKL190W,YDR400W,0,-0.52923733,0.14000289142131805,0.95932537317276,0.5944755673408508
YPL281C,YDR533C,0,-0.5297496,0.13998262584209442,0.95932537317276,0.5945756435394287
YBR267W,YMR260C,0,-0.5303226,0.13996237516403198,0.95932537317276,0.5946757197380066
YIL011W,YHL018W,0,-0.53093034,0.13994210958480835,0.95932537317276,0.5947757959365845
YDL185W,YKR048C,0,-0.531245,0.1399218589067459,0.95932537317276,0.5948758721351624
YKR056W,YKL077W,0,-0.53187424,0.13990162312984467,0.95932537317276,0.594976007938385
YPR071W,YDR492W,0,-0.53217983,0.13988138735294342,0.95932537317276,0.5950760841369629
YKL014C,YNL019C,0,-0.53248304,0.13986115157604218,0.95932537317276,0.5951761603355408
YOR085W,YGR245C,0,-0.5327754,0.13984093070030212,0.95932537317276,0.5952762365341187
YCR017C,YPR133C,0,-0.5341388,0.13982070982456207,0.95932537317276,0.5953763127326965
YOR375C,YER153C,0,-0.5343205,0.13980048894882202,0.95932537317276,0.5954763889312744
YLR053C,YOR369C,0,-0.5346455,0.13978028297424316,0.95932537317276,0.5955764651298523
YER083C,YJL020C,0,-0.5358032,0.1397600769996643,0.95932537317276,0.5956765413284302
YIL069C,YAL028W,0,-0.5358152,0.13973988592624664,0.95932537317276,0.5957766175270081
YGR131W,YIL123W,0,-0.53692,0.13971969485282898,0.95932537317276,0.5958766937255859
YGR252W,YJL046W,0,-0.537075,0.13969950377941132,0.95932537317276,0.5959767699241638
YER017C,YPR204W,0,-0.5374732,0.13967932760715485,0.95932537317276,0.5960768461227417
YER067W,YPL199C,0,-0.5378492,0.13965915143489838,0.95932537317276,0.5961769223213196
YDL200C,YJR091C,0,-0.53843176,0.1396389901638031,0.95932537317276,0.5962769985198975
YCR009C,YOL053C-A,0,-0.53871894,0.13961882889270782,0.95932537317276,0.5963770747184753
YER043C,YPL076W,0,-0.5390716,0.13959866762161255,0.95932537317276,0.596477210521698
YJL132W,YIL049W,0,-0.54040194,0.13957852125167847,0.95932537317276,0.5965772867202759
YGR283C,YNR007C,0,-0.5404021,0.13955837488174438,0.95932537317276,0.5966773629188538
YKR091W,YLR002C,0,-0.5404786,0.1395382434129715,0.95932537317276,0.5967774391174316
YOR292C,YJL048C,0,-0.54057896,0.1395181119441986,0.95932537317276,0.5968775153160095
YHR133C,YLR277C,0,-0.54062307,0.13949798047542572,0.95932537317276,0.5969775915145874
YOR054C,YKL222C,0,-0.5406708,0.13947786390781403,0.95932537317276,0.5970776677131653
YLR447C,YLR253W,0,-0.54138666,0.13945774734020233,0.95932537317276,0.5971777439117432
YML058W-A,YPL070W,0,-0.54170245,0.13943763077259064,0.95932537317276,0.597277820110321
YBR074W,YKR068C,0,-0.54185694,0.13941752910614014,0.95932537317276,0.5973778963088989
YGL169W,YBL101C,0,-0.54233384,0.13939742743968964,0.95932537317276,0.5974779725074768
YLR425W,YER059W,0,-0.5424481,0.13937734067440033,0.95932537317276,0.5975780487060547
YOR354C,YDR291W,0,-0.5424523,0.13935725390911102,0.95932537317276,0.5976781249046326
YPR116W,YPL222W,0,-0.5429439,0.1393371820449829,0.95932537317276,0.5977782011032104
YHR004C,YDR508C,0,-0.54300743,0.1393170952796936,0.95932537317276,0.5978782773017883
YPR085C,YLL006W,0,-0.5430902,0.13929703831672668,0.95932537317276,0.5979783535003662
YDR473C,YDR093W,0,-0.54330385,0.13927696645259857,0.95932537317276,0.5980784893035889
YKL037W,YBR213W,0,-0.5442618,0.13925690948963165,0.95932537317276,0.5981785655021667
YLR449W,YBR020W,0,-0.544454,0.13923686742782593,0.95932537317276,0.5982786417007446
YMR259C,YLL062C,0,-0.5446561,0.139216810464859,0.95932537317276,0.5983787178993225
YDR488C,YLR027C,0,-0.54470265,0.13919676840305328,0.95932537317276,0.5984787940979004
YIL031W,YGL160W,0,-0.5447087,0.13917674124240875,0.95932537317276,0.5985788702964783
YGR202C,YPL166W,0,-0.5454292,0.13915671408176422,0.95932537317276,0.5986789464950562
YDR168W,YBR265W,0,-0.54553986,0.1391366869211197,0.95932537317276,0.598779022693634
YDR314C,YJL139C,0,-0.5457454,0.13911667466163635,0.95932537317276,0.5988790988922119
YNL230C,YKR099W,0,-0.5464823,0.13909666240215302,0.95932537317276,0.5989791750907898
YER007W,YOL096C,0,-0.54655,0.13907665014266968,0.95932537317276,0.5990792512893677
YAR044W,YKL146W,0,-0.5467292,0.13905665278434753,0.95932537317276,0.5991793274879456
YBR170C,YGL087C,0,-0.5483019,0.13903667032718658,0.95932537317276,0.5992794036865234
YCL034W,YDR434W,0,-0.54872453,0.13901667296886444,0.95932537317276,0.5993794798851013
YIR022W,YDR323C,0,-0.54887646,0.1389966905117035,0.95932537317276,0.5994795560836792
YOL139C,YBL061C,0,-0.54889035,0.13897672295570374,0.95932537317276,0.5995796918869019
YMR325W,YBR040W,0,-0.5492202,0.13895674049854279,0.95932537317276,0.5996797680854797
YHL019C,YIL015W,0,-0.5493956,0.13893678784370422,0.95932537317276,0.5997798442840576
YNR040W,YCR071C,0,-0.54952306,0.13891682028770447,0.95932537317276,0.5998799204826355
YGR199W,YNL090W,0,-0.54958904,0.1388968676328659,0.95932537317276,0.5999799966812134
YDR185C,YOL032W,0,-0.5506568,0.13887691497802734,0.95932537317276,0.6000800728797913
YKL091C,YOL044W,0,-0.5509552,0.13885697722434998,0.95932537317276,0.6001801490783691
YEL047C,YER070W,0,-0.55096906,0.1388370394706726,0.95932537317276,0.600280225276947
YJL142C,YOL119C,0,-0.5512515,0.13881711661815643,0.95932537317276,0.6003803014755249
YER083C,YOR159C,0,-0.55164415,0.13879719376564026,0.95932537317276,0.6004803776741028
YMR129W,YBL033C,0,-0.5518986,0.13877727091312408,0.95932537317276,0.6005804538726807
YKL052C,YDR020C,0,-0.5534254,0.1387573480606079,0.95932537317276,0.6006805300712585
YNL305C,YNL280C,0,-0.5535375,0.13873744010925293,0.95932537317276,0.6007806062698364
YIL137C,YJL160C,0,-0.55380577,0.13871754705905914,0.95932537317276,0.6008806824684143
YLL006W,YCL032W,0,-0.5539764,0.13869765400886536,0.95932537317276,0.6009807586669922
YOR336W,YMR266W,0,-0.5542856,0.13867776095867157,0.95932537317276,0.6010808944702148
YKL004W,YIR011C,0,-0.55449045,0.13865786790847778,0.95932537317276,0.6011809706687927
YMR155W,YHR191C,0,-0.55504173,0.1386379897594452,0.95932537317276,0.6012810468673706
YML115C,YKL061W,0,-0.5551654,0.1386181265115738,0.95932537317276,0.6013811230659485
YMR325W,YLR213C,0,-0.5552713,0.1385982483625412,0.95932537317276,0.6014811992645264
YMR041C,YCL050C,0,-0.55586964,0.1385783851146698,0.95932537317276,0.6015812754631042
YGR062C,YCR075C,0,-0.5559823,0.1385585367679596,0.95932537317276,0.6016813516616821
YPR091C,YDR315C,0,-0.55626506,0.1385386884212494,0.95932537317276,0.60178142786026
YDL167C,YMR013C,0,-0.55665755,0.13851884007453918,0.95932537317276,0.6018815040588379
YMR123W,YGR110W,0,-0.5570283,0.13849899172782898,0.95932537317276,0.6019815802574158
YGL130W,YDR072C,0,-0.5574519,0.13847915828227997,0.95932537317276,0.6020816564559937
YCR105W,YDL004W,0,-0.55877066,0.13845933973789215,0.95932537317276,0.6021817326545715
YJL171C,YER127W,0,-0.55949354,0.13843950629234314,0.95932537317276,0.6022818088531494
YPL242C,YPL222W,0,-0.55989754,0.13841970264911652,0.95932537317276,0.6023818850517273
YOR100C,YDL035C,0,-0.5600675,0.1383998841047287,0.95932537317276,0.6024819612503052
YOR006C,YKL114C,0,-0.5601437,0.13838008046150208,0.95932537317276,0.6025820374488831
YAL059W,YCL050C,0,-0.5609144,0.13836027681827545,0.95932537317276,0.6026821732521057
YJR124C,YGL186C,0,-0.561131,0.13834048807621002,0.95932537317276,0.6027822494506836
YKL067W,YKL057C,0,-0.56174856,0.1383206993341446,0.95932537317276,0.6028823256492615
YGL194C,YJL116C,0,-0.56208766,0.13830091059207916,0.95932537317276,0.6029824018478394
YML047C,YGL200C,0,-0.56246954,0.13828113675117493,0.95932537317276,0.6030824780464172
YOR093C,YOR381W,0,-0.562733,0.1382613629102707,0.95932537317276,0.6031825542449951
YDL122W,YNL067W,0,-0.5631228,0.13824160397052765,0.95932537317276,0.603282630443573
YPL030W,YHR122W,0,-0.56349224,0.1382218450307846,0.95932537317276,0.6033827066421509
YNR060W,YMR058W,0,-0.563984,0.13820208609104156,0.95932537317276,0.6034827828407288
YDR173C,YER063W,0,-0.564881,0.13818234205245972,0.95932537317276,0.6035828590393066
YLL064C,YOR145C,0,-0.56492776,0.13816259801387787,0.95932537317276,0.6036829352378845
YJL214W,YDR087C,0,-0.56597775,0.13814285397529602,0.95932537317276,0.6037830114364624
YML031W,YBR128C,0,-0.5671859,0.13812312483787537,0.95932537317276,0.6038830876350403
YDR333C,YHR033W,0,-0.5673209,0.1381033957004547,0.95932537317276,0.6039831638336182
YPL173W,YGR178C,0,-0.56758636,0.13808368146419525,0.95932537317276,0.604083240032196
YIL063C,YKL061W,0,-0.5677058,0.1380639672279358,0.95932537317276,0.6041833758354187
YJR015W,YMR290C,0,-0.5685027,0.13804425299167633,0.95932537317276,0.6042834520339966
YGL124C,YLR196W,0,-0.5685056,0.13802455365657806,0.95932537317276,0.6043835282325745
YCR009C,YNL067W,0,-0.56850755,0.1380048543214798,0.95932537317276,0.6044836044311523
YOR176W,YPR052C,0,-0.5688899,0.13798515498638153,0.95932537317276,0.6045836806297302
YHL048W,YDL128W,0,-0.5690063,0.13796547055244446,0.95932537317276,0.6046837568283081
YMR312W,YGL032C,0,-0.5692947,0.13794578611850739,0.95932537317276,0.604783833026886
YGR059W,YNL162W,0,-0.56935817,0.1379261165857315,0.95932537317276,0.6048839092254639
YBR080C,YLR316C,0,-0.57004404,0.13790644705295563,0.95932537317276,0.6049839854240417
YOL032W,YLR208W,0,-0.57084435,0.13788677752017975,0.95932537317276,0.6050840616226196
YNL291C,YDR243C,0,-0.57150036,0.13786712288856506,0.95932537317276,0.6051841378211975
YIL134W,YKL043W,0,-0.5716321,0.13784746825695038,0.95932537317276,0.6052842140197754
YGL057C,YCR033W,0,-0.57221675,0.1378278285264969,0.95932537317276,0.6053842902183533
YLL057C,YGL142C,0,-0.5728302,0.1378081738948822,0.95932537317276,0.6054843664169312
YML037C,YEL052W,0,-0.57300204,0.1377885490655899,0.95932537317276,0.605584442615509
YGR212W,YKR076W,0,-0.573065,0.1377689093351364,0.95932537317276,0.6056845188140869
YNL040W,YHR044C,0,-0.5735317,0.13774928450584412,0.95932537317276,0.6057846546173096
YGR042W,YNR008W,0,-0.5741717,0.137729674577713,0.95932537317276,0.6058847308158875
YBR173C,YJR150C,0,-0.57421255,0.13771004974842072,0.95932537317276,0.6059848070144653
YOL070C,YLR057W,0,-0.5742691,0.1376904398202896,0.95932537317276,0.6060848832130432
YJL143W,YBR096W,0,-0.57447344,0.1376708447933197,0.95932537317276,0.6061849594116211
YDR393W,YLR151C,0,-0.57451516,0.1376512497663498,0.95932537317276,0.606285035610199
YER160C,YOR079C,0,-0.5745627,0.13763165473937988,0.95932537317276,0.6063851118087769
YGR110W,YKL175W,0,-0.5749566,0.13761207461357117,0.95932537317276,0.6064851880073547
YCR069W,YPL095C,0,-0.57506716,0.13759249448776245,0.95932537317276,0.6065852642059326
YKL138C,YER023W,0,-0.5753863,0.13757291436195374,0.95932537317276,0.6066853404045105
YOR226C,YGL259W,0,-0.57616293,0.1375533491373062,0.95932537317276,0.6067854166030884
YJR116W,YPL188W,0,-0.5765393,0.1375337839126587,0.95932537317276,0.6068854928016663
YDR520C,YEL047C,0,-0.5765799,0.13751421868801117,0.95932537317276,0.6069855690002441
YGL236C,YER165W,0,-0.5766834,0.13749466836452484,0.95932537317276,0.607085645198822
YOR096W,YNL090W,0,-0.57675475,0.1374751180410385,0.95932537317276,0.6071857213973999
YDR218C,YPR106W,0,-0.57696086,0.13745558261871338,0.95932537317276,0.6072858572006226
YOR245C,YML042W,0,-0.5785291,0.13743604719638824,0.95932537317276,0.6073859333992004
YGR233C,YMR019W,0,-0.57853365,0.1374165117740631,0.95932537317276,0.6074860095977783
YDR116C,YIL046W,0,-0.57921994,0.13739699125289917,0.95932537317276,0.6075860857963562
YLR106C,YIL067C,0,-0.5792838,0.13737747073173523,0.95932537317276,0.6076861619949341
YBR185C,YOR069W,0,-0.5794026,0.1373579502105713,0.95932537317276,0.607786238193512
YER142C,YBR296C,0,-0.5796021,0.13733844459056854,0.95932537317276,0.6078863143920898
YKL043W,YER029C,0,-0.5796104,0.1373189389705658,0.95932537317276,0.6079863905906677
YMR097C,YER074W-A,0,-0.5800802,0.13729944825172424,0.95932537317276,0.6080864667892456
YIL118W,YLR446W,0,-0.5806654,0.1372799575328827,0.95932537317276,0.6081865429878235
YEL026W,YPR199C,0,-0.58101755,0.13726046681404114,0.95932537317276,0.6082866191864014
YGL198W,YLR289W,0,-0.58208656,0.13724099099636078,0.95932537317276,0.6083866953849792
YML054C,YBR198C,0,-0.5822739,0.13722151517868042,0.95932537317276,0.6084867715835571
YNL022C,YDL033C,0,-0.5825309,0.13720203936100006,0.95932537317276,0.608586847782135
YLR242C,YER076C,0,-0.5829218,0.1371825784444809,0.95932537317276,0.6086869239807129
YOL136C,YNR047W,0,-0.5834326,0.13716311752796173,0.95932537317276,0.6087870001792908
YLR332W,YOR066W,0,-0.5836094,0.13714367151260376,0.95932537317276,0.6088871359825134
YOR247W,YHL011C,0,-0.5836142,0.1371242254972458,0.95932537317276,0.6089872121810913
YBL023C,YLR113W,1,-0.5836509,0.13724656403064728,0.9603174328804016,0.6089872121810913
YOR149C,YHR147C,0,-0.58390963,0.1372271031141281,0.9603174328804016,0.6090872883796692
YMR036C,YNL055C,0,-0.58393013,0.13720765709877014,0.9603174328804016,0.6091873645782471
YLR408C,YER012W,0,-0.5841201,0.13718821108341217,0.9603174328804016,0.609287440776825
YLL054C,YBR017C,0,-0.5842702,0.1371687650680542,0.9603174328804016,0.6093875169754028
YMR274C,YJR133W,0,-0.5845433,0.13714933395385742,0.9603174328804016,0.6094875931739807
YAL031C,YER019W,0,-0.5846218,0.13712990283966064,0.9603174328804016,0.6095876693725586
YJR137C,YKL157W,0,-0.5847301,0.13711048662662506,0.9603174328804016,0.6096877455711365
YPL134C,YLR335W,0,-0.5861119,0.13709107041358948,0.9603174328804016,0.6097878217697144
YER043C,YML133C,0,-0.58932716,0.1370716542005539,0.9603174328804016,0.6098878979682922
YMR285C,YGL051W,0,-0.58987254,0.1370522379875183,0.9603174328804016,0.6099879741668701
YDR131C,YHR116W,0,-0.59034157,0.13703283667564392,0.9603174328804016,0.610088050365448
YNR017W,YHR165C,0,-0.590814,0.13701345026493073,0.9603174328804016,0.6101881265640259
YLL029W,YKL046C,0,-0.5909441,0.13699404895305634,0.9603174328804016,0.6102882027626038
YHR199C,YOR394W,0,-0.5912996,0.13697467744350433,0.9603174328804016,0.6103883385658264
YHL012W,YCR079W,0,-0.5921635,0.13695529103279114,0.9603174328804016,0.6104884147644043
YLR297W,YML125C,0,-0.59235346,0.13693591952323914,0.9603174328804016,0.6105884909629822
YDR073W,YBL056W,0,-0.59285873,0.13691654801368713,0.9603174328804016,0.6106885671615601
YOL123W,YIL172C,0,-0.59351206,0.13689719140529633,0.9603174328804016,0.6107886433601379
YBR299W,YGR173W,0,-0.59355825,0.13687783479690552,0.9603174328804016,0.6108887195587158
YHR028C,YIL172C,0,-0.5940073,0.1368584781885147,0.9603174328804016,0.6109887957572937
YFR001W,YHR001W-A,0,-0.5940134,0.1368391364812851,0.9603174328804016,0.6110888719558716
YAL019W,YGL256W,0,-0.5941541,0.13681979477405548,0.9603174328804016,0.6111889481544495
YGR005C,YMR087W,0,-0.59421843,0.13680045306682587,0.9603174328804016,0.6112890243530273
YNL137C,YDR461W,0,-0.5944576,0.13678112626075745,0.9603174328804016,0.6113891005516052
YCR065W,YDR322W,0,-0.5951037,0.13676179945468903,0.9603174328804016,0.6114891767501831
YKL037W,YOR228C,0,-0.5951222,0.1367424726486206,0.9603174328804016,0.611589252948761
YOR141C,YHL018W,0,-0.5956185,0.13672316074371338,0.9603174328804016,0.6116893291473389
YEL020C,YAL005C,0,-0.59669405,0.13670384883880615,0.9603174328804016,0.6117894053459167
YBL107C,YDL013W,0,-0.5968296,0.13668455183506012,0.9603174328804016,0.6118895411491394
YLL045C,YMR239C,0,-0.59763074,0.1366652548313141,0.9603174328804016,0.6119896173477173
YHR181W,YIL157C,0,-0.59764975,0.13664595782756805,0.9603174328804016,0.6120896935462952
YGR168C,YGL166W,0,-0.5977537,0.13662667572498322,0.9603174328804016,0.612189769744873
YIL089W,YGR163W,0,-0.5979874,0.13660739362239838,0.9603174328804016,0.6122898459434509
YNL130C,YHR074W,0,-0.59818476,0.13658812642097473,0.9603174328804016,0.6123899221420288
YOR136W,YLR052W,0,-0.5983986,0.1365688443183899,0.9603174328804016,0.6124899983406067
YDR205W,YIL023C,0,-0.5985288,0.13654957711696625,0.9603174328804016,0.6125900745391846
YDR517W,YNL046W,0,-0.59868574,0.1365303248167038,0.9603174328804016,0.6126901507377625
YGR292W,YLR091W,0,-0.5987846,0.13651107251644135,0.9603174328804016,0.6127902269363403
YAL030W,YGL091C,0,-0.5989811,0.1364918202161789,0.9603174328804016,0.6128903031349182
YER128W,YDR365C,0,-0.5991385,0.13647258281707764,0.9603174328804016,0.6129903793334961
YPR015C,YMR154C,0,-0.59921753,0.13645334541797638,0.9603174328804016,0.613090455532074
YOR245C,YER134C,0,-0.59925777,0.13643410801887512,0.9603174328804016,0.6131905317306519
YCL026C-A,YGL179C,0,-0.60027623,0.13641488552093506,0.9603174328804016,0.6132906079292297
YHR142W,YMR051C,0,-0.60039145,0.136395663022995,0.9603174328804016,0.6133906841278076
YJL122W,YNL040W,0,-0.6004067,0.13637644052505493,0.9603174328804016,0.6134908199310303
YHR148W,YER184C,0,-0.6018391,0.13635723292827606,0.9603174328804016,0.6135908961296082
YML031W,YBR183W,0,-0.60190165,0.1363380253314972,0.9603174328804016,0.613690972328186
YLR422W,YBR046C,0,-0.6029326,0.13631883263587952,0.9603174328804016,0.6137910485267639
YBR023C,YDL198C,0,-0.6029495,0.13629963994026184,0.9603174328804016,0.6138911247253418
YMR095C,YPL135W,0,-0.6030864,0.13628044724464417,0.9603174328804016,0.6139912009239197
YGL057C,YML125C,0,-0.603221,0.1362612545490265,0.9603174328804016,0.6140912771224976
YPL005W,YBR227C,0,-0.6032279,0.13624207675457,0.9603174328804016,0.6141913533210754
YAL048C,YMR155W,0,-0.6038772,0.13622291386127472,0.9603174328804016,0.6142914295196533
YKL053C-A,YMR174C,0,-0.60389286,0.13620373606681824,0.9603174328804016,0.6143915057182312
YBR081C,YKL222C,0,-0.60403615,0.13618458807468414,0.9603174328804016,0.6144915819168091
YBR223C,YER066W,0,-0.60449976,0.13616542518138885,0.9603174328804016,0.614591658115387
YPL096W,YPL237W,0,-0.6049682,0.13614627718925476,0.9603174328804016,0.6146917343139648
YGR106C,YIL004C,0,-0.60497767,0.13612712919712067,0.9603174328804016,0.6147918105125427
YML072C,YDR212W,0,-0.6058408,0.13610798120498657,0.9603174328804016,0.6148918867111206
YBL082C,YOR378W,0,-0.60598344,0.13608884811401367,0.9603174328804016,0.6149920225143433
YGR294W,YPR095C,0,-0.6060067,0.13606971502304077,0.9603174328804016,0.6150920987129211
YER019C-A,YGL143C,0,-0.6063697,0.13605059683322906,0.9603174328804016,0.615192174911499
YNL244C,YPL232W,0,-0.60661775,0.13603147864341736,0.9603174328804016,0.6152922511100769
YDR131C,YJR112W,0,-0.60680056,0.13601236045360565,0.9603174328804016,0.6153923273086548
YOR388C,YHL050C,0,-0.60720557,0.13599325716495514,0.9603174328804016,0.6154924035072327
YGL194C,YMR184W,0,-0.6072723,0.13597415387630463,0.9603174328804016,0.6155924797058105
YPR083W,YGR101W,0,-0.6083316,0.1359550505876541,0.9603174328804016,0.6156925559043884
YNR040W,YOR322C,0,-0.6088792,0.1359359622001648,0.9603174328804016,0.6157926321029663
YDR381W,YPL066W,0,-0.6094511,0.13591687381267548,0.9603174328804016,0.6158927083015442
YHR207C,YBR108W,0,-0.61008114,0.13589780032634735,0.9603174328804016,0.6159927845001221
YIL170W,YJL053W,0,-0.6115623,0.13587872684001923,0.9603174328804016,0.6160928606987
YIL065C,YDR238C,0,-0.6123063,0.1358596533536911,0.9603174328804016,0.6161929368972778
YMR305C,YJR031C,0,-0.6123914,0.13584057986736298,0.9603174328804016,0.6162930130958557
YFR018C,YHR084W,0,-0.61250216,0.13582152128219604,0.9603174328804016,0.6163930892944336
YGR053C,YOL056W,0,-0.6126261,0.1358024626970291,0.9603174328804016,0.6164931654930115
YDL007W,YDL199C,0,-0.61267686,0.13578341901302338,0.9603174328804016,0.6165933012962341
YJR082C,YDR461W,0,-0.61306477,0.13576437532901764,0.9603174328804016,0.616693377494812
YPR023C,YLR168C,0,-0.61361176,0.1357453316450119,0.9603174328804016,0.6167934536933899
YER105C,YLR359W,0,-0.6149864,0.13572630286216736,0.9603174328804016,0.6168935298919678
YNR032W,YJL076W,0,-0.61511594,0.13570727407932281,0.9603174328804016,0.6169936060905457
YBR079C,YLR421C,0,-0.6152933,0.13568826019763947,0.9603174328804016,0.6170936822891235
YBR086C,YFL013C,0,-0.6153255,0.13566923141479492,0.9603174328804016,0.6171937584877014
YNL110C,YKL086W,0,-0.6155454,0.13565021753311157,0.9603174328804016,0.6172938346862793
YNR032W,YEL055C,0,-0.61579865,0.13563121855258942,0.9603174328804016,0.6173939108848572
YER062C,YMR136W,0,-0.6163991,0.13561221957206726,0.9603174328804016,0.6174939870834351
YMR160W,YBR081C,0,-0.61795825,0.1355932205915451,0.9603174328804016,0.6175940632820129
YOR350C,YNL031C,0,-0.6182737,0.13557423651218414,0.9603174328804016,0.6176941394805908
YOL057W,YLR130C,0,-0.6186266,0.135555237531662,0.9603174328804016,0.6177942156791687
YMR011W,YDL177C,0,-0.6186429,0.13553626835346222,0.9603174328804016,0.6178942918777466
YER052C,YBR180W,0,-0.6186987,0.13551728427410126,0.9603174328804016,0.6179943680763245
YHR184W,YPL243W,0,-0.618744,0.1354983150959015,0.9603174328804016,0.6180945038795471
YDL167C,YDR236C,0,-0.61887634,0.13547936081886292,0.9603174328804016,0.618194580078125
YPR196W,YDR251W,0,-0.6192207,0.13546039164066315,0.9603174328804016,0.6182946562767029
YOR271C,YMR167W,0,-0.6199989,0.13544143736362457,0.9603174328804016,0.6183947324752808
YMR022W,YDR228C,0,-0.62001127,0.1354224979877472,0.9603174328804016,0.6184948086738586
YNR013C,YLR316C,0,-0.62010485,0.1354035586118698,0.9603174328804016,0.6185948848724365
YPL103C,YPR102C,0,-0.6214951,0.13538461923599243,0.9603174328804016,0.6186949610710144
YEL047C,YPL141C,0,-0.62154067,0.13536567986011505,0.9603174328804016,0.6187950372695923
YOR134W,YLR224W,0,-0.62180334,0.13534675538539886,0.9603174328804016,0.6188951134681702
YPL010W,YPR003C,0,-0.6218949,0.13532783091068268,0.9603174328804016,0.618995189666748
YNL157W,YOL034W,0,-0.62226075,0.13530892133712769,0.9603174328804016,0.6190952658653259
YKL096W-A,YBR055C,0,-0.62288636,0.1352900117635727,0.9603174328804016,0.6191953420639038
YJR143C,YER163C,0,-0.6229123,0.1352711021900177,0.9603174328804016,0.6192954182624817
YFL028C,YPL196W,0,-0.6229456,0.1352522075176239,0.9603174328804016,0.6193954944610596
YBR092C,YKL209C,0,-0.6236261,0.1352332979440689,0.9603174328804016,0.6194955706596375
YBR090C-A,YHR110W,0,-0.62388915,0.1352144181728363,0.9603174328804016,0.6195956468582153
YOR032C,YJR013W,0,-0.6244399,0.1351955235004425,0.9603174328804016,0.619695782661438
YIR007W,YGR287C,0,-0.6249363,0.1351766586303711,0.9603174328804016,0.6197958588600159
YMR119W,YGR131W,0,-0.62520266,0.1351577788591385,0.9603174328804016,0.6198959350585938
YLL045C,YKR078W,0,-0.62528354,0.13513891398906708,0.9603174328804016,0.6199960112571716
YDR372C,YFR014C,0,-0.6255433,0.13512004911899567,0.9603174328804016,0.6200960874557495
YNL210W,YJR096W,0,-0.6261073,0.13510118424892426,0.9603174328804016,0.6201961636543274
YPR116W,YMR300C,0,-0.62678224,0.13508233428001404,0.9603174328804016,0.6202962398529053
YGL203C,YHR173C,0,-0.6270705,0.13506348431110382,0.9603174328804016,0.6203963160514832
YBR066C,YMR202W,0,-0.62724847,0.1350446492433548,0.9603174328804016,0.620496392250061
YNL263C,YGL250W,0,-0.6274018,0.13502579927444458,0.9603174328804016,0.6205964684486389
YDR147W,YLR079W,0,-0.62764555,0.13500697910785675,0.9603174328804016,0.6206965446472168
YBR148W,YFR020W,0,-0.6279181,0.13498814404010773,0.9603174328804016,0.6207966208457947
YDR018C,YDL126C,0,-0.62835956,0.1349693238735199,0.9603174328804016,0.6208966970443726
YDR453C,YGL144C,0,-0.62978345,0.13495050370693207,0.9603174328804016,0.6209967732429504
YLR332W,YBR112C,0,-0.6303243,0.13493169844150543,0.9603174328804016,0.6210968494415283
YPR037C,YFR038W,0,-0.63085335,0.1349128931760788,0.9603174328804016,0.621196985244751
YIR024C,YNL036W,0,-0.63088435,0.13489408791065216,0.9603174328804016,0.6212970614433289
YDR346C,YCL027C-A,0,-0.63112,0.13487529754638672,0.9603174328804016,0.6213971376419067
YJR051W,YJL050W,0,-0.63134974,0.13485650718212128,0.9603174328804016,0.6214972138404846
YOL034W,YPR113W,0,-0.631395,0.13483771681785583,0.9603174328804016,0.6215972900390625
YLR211C,YOR134W,0,-0.63172776,0.1348189413547516,0.9603174328804016,0.6216973662376404
YDL063C,YGL228W,0,-0.63180876,0.13480016589164734,0.9603174328804016,0.6217974424362183
YLR276C,YOR344C,0,-0.63195807,0.13478140532970428,0.9603174328804016,0.6218975186347961
YJR101W,YDR362C,0,-0.63353413,0.13476262986660004,0.9603174328804016,0.621997594833374
YGL168W,YPR003C,0,-0.63429147,0.13474386930465698,0.9603174328804016,0.6220976710319519
YMR085W,YBR008C,0,-0.6349612,0.13472512364387512,0.9603174328804016,0.6221977472305298
YGR053C,YLR225C,0,-0.6352634,0.13470637798309326,0.9603174328804016,0.6222978234291077
YLR167W,YML112W,0,-0.6353863,0.1346876323223114,0.9603174328804016,0.6223978996276855
YPL194W,YPR063C,0,-0.63547015,0.13466888666152954,0.9603174328804016,0.6224979758262634
YJR104C,YKL093W,0,-0.6357302,0.13465015590190887,0.9603174328804016,0.6225980520248413
YJL093C,YBR040W,0,-0.6360844,0.1346314251422882,0.9603174328804016,0.622698187828064
YPR015C,YFL033C,0,-0.63612735,0.13461270928382874,0.9603174328804016,0.6227982640266418
YLR224W,YER138C,0,-0.63697755,0.13459399342536926,0.9603174328804016,0.6228983402252197
YBL061C,YNL280C,0,-0.63702863,0.1345752775669098,0.9603174328804016,0.6229984164237976
YDR081C,YLR359W,0,-0.63768625,0.1345565766096115,0.9603174328804016,0.6230984926223755
YDR208W,YIL083C,0,-0.63822055,0.13453787565231323,0.9603174328804016,0.6231985688209534
YIL151C,YGL101W,0,-0.6385202,0.13451917469501495,0.9603174328804016,0.6232986450195312
YNL243W,YPL173W,0,-0.6387193,0.13450048863887787,0.9603174328804016,0.6233987212181091
YOR134W,YDR205W,0,-0.6388719,0.13448180258274078,0.9603174328804016,0.623498797416687
YOR039W,YNL046W,0,-0.63890463,0.1344631165266037,0.9603174328804016,0.6235988736152649
YGR108W,YPL032C,0,-0.6389063,0.1344444453716278,0.9603174328804016,0.6236989498138428
YBR010W,YCR044C,0,-0.6393625,0.13442577421665192,0.9603174328804016,0.6237990260124207
YOL123W,YGL179C,0,-0.64063543,0.13440710306167603,0.9603174328804016,0.6238991022109985
YBR266C,YOR394W,0,-0.6421756,0.13438844680786133,0.9603174328804016,0.6239991784095764
YLR070C,YMR202W,0,-0.64234537,0.13436979055404663,0.9603174328804016,0.6240992546081543
YCL075W,YMR142C,0,-0.64235145,0.13435114920139313,0.9603174328804016,0.6241993308067322
YMR196W,YJL080C,0,-0.6432219,0.13433250784873962,0.9603174328804016,0.6242994666099548
YBR024W,YER146W,0,-0.6433485,0.13431386649608612,0.9603174328804016,0.6243995428085327
YLR388W,YPR085C,0,-0.6434061,0.13429522514343262,0.9603174328804016,0.6244996190071106
YGR283C,YDL036C,0,-0.643534,0.1342765986919403,0.9603174328804016,0.6245996952056885
YKR095W,YER087C-A,0,-0.6441554,0.134257972240448,0.9603174328804016,0.6246997714042664
YKR067W,YKR029C,0,-0.64444727,0.13423936069011688,0.9603174328804016,0.6247998476028442
YKR079C,YCR071C,0,-0.64455813,0.13422074913978577,0.9603174328804016,0.6248999238014221
YDR507C,YGL030W,0,-0.64531106,0.13420213758945465,0.9603174328804016,0.625
YOR317W,YPL213W,0,-0.6458594,0.13418352603912354,0.9603174328804016,0.6251000761985779
YJR124C,YML038C,0,-0.6460216,0.1341649293899536,0.9603174328804016,0.6252001523971558
YMR267W,YGL245W,0,-0.6464473,0.13414634764194489,0.9603174328804016,0.6253002285957336
YOR001W,YGL114W,0,-0.6477358,0.13412775099277496,0.9603174328804016,0.6254003047943115
YGR178C,YGR014W,0,-0.6478605,0.13410916924476624,0.9603174328804016,0.6255003809928894
YOL155C,YPL116W,0,-0.6479522,0.1340905874967575,0.9603174328804016,0.6256004571914673
YLL009C,YOR177C,0,-0.64804286,0.13407202064990997,0.9603174328804016,0.6257005333900452
YBR244W,YOL149W,0,-0.64828753,0.13405345380306244,0.9603174328804016,0.6258006691932678
YGR162W,YGL028C,0,-0.6484824,0.1340348869562149,0.9603174328804016,0.6259007453918457
YJR019C,YKL174C,0,-0.6491132,0.13401633501052856,0.9603174328804016,0.6260008215904236
YGR053C,YHR158C,0,-0.6494251,0.13399778306484222,0.9603174328804016,0.6261008977890015
YIR019C,YDR004W,0,-0.6497837,0.13397924602031708,0.9603174328804016,0.6262009739875793
YFL020C,YGR262C,0,-0.6498154,0.13396069407463074,0.9603174328804016,0.6263010501861572
YPR038W,YDR332W,0,-0.65114236,0.1339421570301056,0.9603174328804016,0.6264011263847351
YBL075C,YBR020W,0,-0.6512435,0.13392363488674164,0.9603174328804016,0.626501202583313
YEL043W,YAL035W,0,-0.65125316,0.1339050978422165,0.9603174328804016,0.6266012787818909
YDR020C,YLR387C,0,-0.6515197,0.13388659060001373,0.9603174328804016,0.6267013549804688
YMR008C,YPL082C,0,-0.65155256,0.13386806845664978,0.9603174328804016,0.6268014311790466
YAL002W,YGR241C,0,-0.6519576,0.13384956121444702,0.9603174328804016,0.6269015073776245
YFL053W,YKL008C,0,-0.65248007,0.13383105397224426,0.9603174328804016,0.6270015835762024
YNR013C,YMR167W,0,-0.6526506,0.1338125467300415,0.9603174328804016,0.6271016597747803
YNL333W,YKR064W,0,-0.6527297,0.13379405438899994,0.9603174328804016,0.6272017359733582
YPR179C,YLR061W,0,-0.653236,0.13377556204795837,0.9603174328804016,0.627301812171936
YNR073C,YLR163C,0,-0.6537898,0.133757084608078,0.9603174328804016,0.6274019479751587
YAL001C,YHL027W,0,-0.6539739,0.13373860716819763,0.9603174328804016,0.6275020241737366
YMR241W,YIR013C,0,-0.6546649,0.13372012972831726,0.9603174328804016,0.6276021003723145
YAL021C,YCR092C,1,-0.6548486,0.13383978605270386,0.961309552192688,0.6276021003723145
YGL184C,YFR013W,0,-0.6549184,0.1338212937116623,0.961309552192688,0.6277021765708923
YGR081C,YLR053C,0,-0.6550097,0.13380281627178192,0.961309552192688,0.6278022527694702
YER150W,YIL137C,0,-0.65520924,0.13378433883190155,0.961309552192688,0.6279023289680481
YOR285W,YMR293C,0,-0.6557237,0.13376587629318237,0.961309552192688,0.628002405166626
YNL086W,YGR085C,0,-0.6559644,0.1337474137544632,0.961309552192688,0.6281024813652039
YGR168C,YJR025C,0,-0.656102,0.13372895121574402,0.961309552192688,0.6282025575637817
YBL103C,YDR380W,0,-0.656318,0.13371050357818604,0.961309552192688,0.6283026337623596
YMR035W,YFR040W,0,-0.6565316,0.13369205594062805,0.961309552192688,0.6284027099609375
YDL117W,YJR001W,0,-0.6570862,0.13367360830307007,0.961309552192688,0.6285027861595154
YPR083W,YDR109C,0,-0.6571613,0.13365517556667328,0.961309552192688,0.6286028623580933
YHR193C,YNL221C,0,-0.6573298,0.1336367428302765,0.961309552192688,0.6287029385566711
YJR015W,YIR025W,0,-0.65887994,0.1336183100938797,0.961309552192688,0.628803014755249
YDR246W,YKR067W,0,-0.6591355,0.1335998922586441,0.961309552192688,0.6289031505584717
YML025C,YPR021C,0,-0.65913856,0.1335814744234085,0.961309552192688,0.6290032267570496
YDR055W,YPR030W,0,-0.65916055,0.1335630565881729,0.961309552192688,0.6291033029556274
YIL151C,YGL076C,0,-0.6592625,0.1335446536540985,0.961309552192688,0.6292033791542053
YAR009C,YOR255W,0,-0.66038436,0.1335262507200241,0.961309552192688,0.6293034553527832
YIL104C,YFL022C,0,-0.660548,0.1335078477859497,0.961309552192688,0.6294035315513611
YLR324W,YNL070W,0,-0.6606091,0.1334894597530365,0.961309552192688,0.629503607749939
YDR251W,YDL188C,0,-0.66079444,0.1334710717201233,0.961309552192688,0.6296036839485168
YOL052C,YOR155C,0,-0.66080505,0.13345269858837128,0.961309552192688,0.6297037601470947
YFR021W,YNL044W,0,-0.6613136,0.13343431055545807,0.961309552192688,0.6298038363456726
YMR138W,YOL163W,0,-0.66133416,0.13341593742370605,0.961309552192688,0.6299039125442505
YNL112W,YBL105C,0,-0.6623058,0.13339757919311523,0.961309552192688,0.6300039887428284
YHR216W,YMR306W,0,-0.6625671,0.13337922096252441,0.961309552192688,0.6301040649414062
YMR022W,YLR220W,0,-0.66297346,0.1333608627319336,0.961309552192688,0.6302041411399841
YOR006C,YDR359C,0,-0.662985,0.13334250450134277,0.961309552192688,0.630304217338562
YIL127C,YJL116C,0,-0.6632069,0.13332416117191315,0.961309552192688,0.6304043531417847
YNL188W,YBR106W,0,-0.6633951,0.13330581784248352,0.961309552192688,0.6305044293403625
YPL276W,YKR098C,0,-0.66342837,0.1332874894142151,0.961309552192688,0.6306045055389404
YJL163C,YHR158C,0,-0.6637302,0.13326914608478546,0.961309552192688,0.6307045817375183
YKL049C,YMR083W,0,-0.66379315,0.13325081765651703,0.961309552192688,0.6308046579360962
YNL106C,YKL003C,0,-0.66403,0.1332325041294098,0.961309552192688,0.6309047341346741
YOL129W,YHR067W,0,-0.66411334,0.13321419060230255,0.961309552192688,0.631004810333252
YCR008W,YGL157W,0,-0.66412014,0.1331958770751953,0.961309552192688,0.6311048865318298
YNL005C,YNL078W,0,-0.6643191,0.13317756354808807,0.961309552192688,0.6312049627304077
YKL010C,YGR110W,0,-0.6645355,0.13315926492214203,0.961309552192688,0.6313050389289856
YLR190W,YNL130C,0,-0.6653178,0.13314096629619598,0.961309552192688,0.6314051151275635
YJR144W,YDL222C,0,-0.66534156,0.13312268257141113,0.961309552192688,0.6315051913261414
YLR032W,YJR109C,0,-0.66547567,0.13310439884662628,0.961309552192688,0.6316052675247192
YMR305C,YER074W-A,0,-0.66578156,0.13308611512184143,0.961309552192688,0.6317053437232971
YGR200C,YNL009W,0,-0.6660329,0.13306783139705658,0.961309552192688,0.631805419921875
YPR054W,YNL220W,0,-0.66607285,0.13304956257343292,0.961309552192688,0.6319054961204529
YPL240C,YNL172W,0,-0.66745365,0.13303130865097046,0.961309552192688,0.6320056319236755
YMR217W,YMR225C,0,-0.66766065,0.1330130398273468,0.961309552192688,0.6321057081222534
YHR181W,YGR222W,0,-0.668027,0.13299478590488434,0.961309552192688,0.6322057843208313
YFR025C,YDR315C,0,-0.6681213,0.13297653198242188,0.961309552192688,0.6323058605194092
YDR135C,YPR147C,0,-0.66814214,0.1329582929611206,0.961309552192688,0.6324059367179871
YIL031W,YKL171W,0,-0.66822857,0.13294005393981934,0.961309552192688,0.6325060129165649
YKL010C,YOL005C,0,-0.6682416,0.13292181491851807,0.961309552192688,0.6326060891151428
YIL084C,YNR028W,0,-0.6682437,0.1329035758972168,0.961309552192688,0.6327061653137207
YNL295W,YLR243W,0,-0.66872364,0.13288535177707672,0.961309552192688,0.6328062415122986
YER181C,YIL172C,0,-0.668792,0.13286712765693665,0.961309552192688,0.6329063177108765
YML125C,YPR139C,0,-0.670253,0.13284891843795776,0.961309552192688,0.6330063939094543
YKL029C,YGR090W,0,-0.67032516,0.13283070921897888,0.961309552192688,0.6331064701080322
YIL056W,YGL053W,0,-0.67071044,0.1328125,0.961309552192688,0.6332065463066101
YKR003W,YHR039C,0,-0.67088467,0.1327943056821823,0.961309552192688,0.633306622505188
YKL054C,YBR078W,0,-0.6714827,0.13277609646320343,0.961309552192688,0.6334066987037659
YIL082W-A,YJL222W,0,-0.6718776,0.13275791704654694,0.961309552192688,0.6335068345069885
YLR256W,YER107C,0,-0.67196876,0.13273972272872925,0.961309552192688,0.6336069107055664
YOR026W,YDR262W,0,-0.6720564,0.13272154331207275,0.961309552192688,0.6337069869041443
YPR103W,YAL062W,0,-0.67226124,0.13270336389541626,0.961309552192688,0.6338070631027222
YNL024C,YBR006W,0,-0.67248696,0.13268519937992096,0.961309552192688,0.6339071393013
YHR175W,YGL090W,0,-0.6725744,0.13266703486442566,0.961309552192688,0.6340072154998779
YNL026W,YBR175W,0,-0.6729656,0.13264887034893036,0.961309552192688,0.6341072916984558
YMR193W,YMR238W,0,-0.67332363,0.13263072073459625,0.961309552192688,0.6342073678970337
YGR026W,YBR042C,0,-0.6736061,0.13261255621910095,0.961309552192688,0.6343074440956116
YHR001W-A,YGL079W,0,-0.6737141,0.13259442150592804,0.961309552192688,0.6344075202941895
YGL015C,YNL290W,0,-0.6738586,0.13257627189159393,0.961309552192688,0.6345075964927673
YKL053C-A,YDL069C,0,-0.67393786,0.13255813717842102,0.961309552192688,0.6346076726913452
YMR114C,YHL039W,0,-0.6747529,0.1325400024652481,0.961309552192688,0.6347077488899231
YER156C,YNR024W,0,-0.6748032,0.1325218826532364,0.961309552192688,0.634807825088501
YJL193W,YOL055C,0,-0.67514193,0.13250376284122467,0.961309552192688,0.6349079012870789
YKL020C,YMR058W,0,-0.6753104,0.13248564302921295,0.961309552192688,0.6350079774856567
YDL120W,YER049W,0,-0.6753654,0.13246753811836243,0.961309552192688,0.6351081132888794
YMR028W,YML028W,0,-0.67582136,0.1324494332075119,0.961309552192688,0.6352081894874573
YIL171W,YER021W,0,-0.67591476,0.13243132829666138,0.961309552192688,0.6353082656860352
YIL083C,YAR018C,0,-0.67610073,0.13241322338581085,0.961309552192688,0.635408341884613
YHR148W,YML096W,0,-0.67646676,0.13239513337612152,0.961309552192688,0.6355084180831909
YPL281C,YGR277C,0,-0.6771484,0.1323770433664322,0.961309552192688,0.6356084942817688
YHR004C,YOR079C,0,-0.67767453,0.13235896825790405,0.961309552192688,0.6357085704803467
YDL198C,YMR001C,0,-0.678132,0.13234089314937592,0.961309552192688,0.6358086466789246
YCL066W,YOR069W,0,-0.6786483,0.13232281804084778,0.961309552192688,0.6359087228775024
YPL049C,YEL072W,0,-0.6790449,0.13230475783348083,0.961309552192688,0.6360087990760803
YIR022W,YGL127C,0,-0.67923224,0.1322866827249527,0.961309552192688,0.6361088752746582
YPR129W,YOR283W,0,-0.6794274,0.13226863741874695,0.961309552192688,0.6362089514732361
YEL021W,YLR001C,0,-0.6800112,0.13225057721138,0.961309552192688,0.636309027671814
YJL026W,YIL150C,1,-0.6804186,0.1323689967393875,0.9623016119003296,0.636309027671814
YOR234C,YOR381W,0,-0.6806564,0.13235093653202057,0.9623016119003296,0.6364091038703918
YDL014W,YBR171W,0,-0.6808503,0.13233287632465363,0.9623016119003296,0.6365091800689697
YIL160C,YFR052W,0,-0.68104535,0.13231483101844788,0.9623016119003296,0.6366093158721924
YER019C-A,YOL159C,0,-0.68104666,0.13229678571224213,0.9623016119003296,0.6367093920707703
YML113W,YJL107C,0,-0.68115526,0.13227874040603638,0.9623016119003296,0.6368094682693481
YOR292C,YEL012W,0,-0.6814186,0.13226071000099182,0.9623016119003296,0.636909544467926
YPL276W,YJL089W,0,-0.6816193,0.13224266469478607,0.9623016119003296,0.6370096206665039
YGL122C,YDL194W,0,-0.68192,0.1322246491909027,0.9623016119003296,0.6371096968650818
YGR100W,YDR504C,0,-0.6826842,0.13220661878585815,0.9623016119003296,0.6372097730636597
YNR038W,YPL090C,0,-0.6827681,0.1321886032819748,0.9623016119003296,0.6373098492622375
YOR099W,YPL140C,0,-0.6830525,0.13217060267925262,0.9623016119003296,0.6374099254608154
YJR005W,YPL095C,0,-0.6834874,0.13215258717536926,0.9623016119003296,0.6375100016593933
YBR074W,YPL279C,0,-0.68368626,0.1321345865726471,0.9623016119003296,0.6376100778579712
YGR211W,YGR178C,0,-0.6842882,0.13211658596992493,0.9623016119003296,0.6377101540565491
YOR122C,YJR102C,0,-0.6859661,0.13209860026836395,0.9623016119003296,0.637810230255127
YBR265W,YER058W,0,-0.68609303,0.13208061456680298,0.9623016119003296,0.6379103064537048
YKL219W,YMR089C,0,-0.6865721,0.132062628865242,0.9623016119003296,0.6380103826522827
YEL022W,YBR019C,0,-0.6870746,0.13204464316368103,0.9623016119003296,0.6381104588508606
YGL227W,YPL048W,0,-0.6878094,0.13202667236328125,0.9623016119003296,0.6382105946540833
YNL022C,YOR304C-A,0,-0.68849605,0.13200871646404266,0.9623016119003296,0.6383106708526611
YOR267C,YPL099C,0,-0.68867135,0.13199074566364288,0.9623016119003296,0.638410747051239
YMR046C,YBR278W,0,-0.68898714,0.1319727897644043,0.9623016119003296,0.6385108232498169
YDL128W,YOR372C,0,-0.6893252,0.1319548338651657,0.9623016119003296,0.6386108994483948
YOR127W,YMR143W,0,-0.68958527,0.13193689286708832,0.9623016119003296,0.6387109756469727
YPL276W,YDL193W,0,-0.6906297,0.13191895186901093,0.9623016119003296,0.6388110518455505
YGL058W,YGR209C,0,-0.6910469,0.13190101087093353,0.9623016119003296,0.6389111280441284
YPR093C,YAR044W,0,-0.69154173,0.13188306987285614,0.9623016119003296,0.6390112042427063
YLL048C,YIR011C,0,-0.6921346,0.13186514377593994,0.9623016119003296,0.6391112804412842
YAR027W,YLR343W,0,-0.69214016,0.13184721767902374,0.9623016119003296,0.6392113566398621
YLR116W,YNL135C,0,-0.6922285,0.13182930648326874,0.9623016119003296,0.6393114328384399
YEL047C,YHL012W,0,-0.6927478,0.13181138038635254,0.9623016119003296,0.6394115090370178
YDL188C,YNL257C,0,-0.6936741,0.13179348409175873,0.9623016119003296,0.6395115852355957
YLR376C,YDR247W,0,-0.6938438,0.13177557289600372,0.9623016119003296,0.6396116614341736
YGR058W,YLL052C,0,-0.6941871,0.1317576766014099,0.9623016119003296,0.6397117972373962
YNL101W,YHR039C-A,0,-0.69422734,0.1317397803068161,0.9623016119003296,0.6398118734359741
YLR007W,YDR089W,0,-0.69449645,0.1317218840122223,0.9623016119003296,0.639911949634552
YBR164C,YOR007C,0,-0.6970487,0.13170400261878967,0.9623016119003296,0.6400120258331299
YNL335W,YDR415C,0,-0.6971809,0.13168612122535706,0.9623016119003296,0.6401121020317078
YBR301W,YHL018W,0,-0.69720703,0.13166825473308563,0.9623016119003296,0.6402121782302856
YOL091W,YGR042W,0,-0.6978429,0.13165037333965302,0.9623016119003296,0.6403122544288635
YOL019W,YGR096W,0,-0.69804054,0.13163252174854279,0.9623016119003296,0.6404123306274414
YGR080W,YLR209C,0,-0.6984068,0.13161465525627136,0.9623016119003296,0.6405124068260193
YMR291W,YOR156C,0,-0.69883794,0.13159680366516113,0.9623016119003296,0.6406124830245972
YOR251C,YDL027C,0,-0.69938964,0.1315789520740509,0.9623016119003296,0.640712559223175
YCR059C,YBL076C,0,-0.6994676,0.13156110048294067,0.9623016119003296,0.6408126354217529
YJL190C,YPR115W,0,-0.6995498,0.13154326379299164,0.9623016119003296,0.6409127116203308
YDL064W,YNL026W,0,-0.70169836,0.1315254271030426,0.9623016119003296,0.6410127878189087
YGR125W,YOR337W,0,-0.7017861,0.13150759041309357,0.9623016119003296,0.6411128640174866
YPL014W,YFL034W,0,-0.702359,0.13148976862430573,0.9623016119003296,0.6412129998207092
YMR145C,YER076C,0,-0.70322704,0.13147194683551788,0.9623016119003296,0.6413130760192871
YER052C,YMR308C,0,-0.7036484,0.13145412504673004,0.9623016119003296,0.641413152217865
YMR234W,YLR023C,0,-0.70380116,0.1314363181591034,0.9623016119003296,0.6415132284164429
YAL059W,YBR017C,0,-0.70385826,0.13141851127147675,0.9623016119003296,0.6416133046150208
YMR134W,YCL029C,0,-0.7039284,0.1314007043838501,0.9623016119003296,0.6417133808135986
YPR071W,YFL059W,0,-0.7043407,0.13138291239738464,0.9623016119003296,0.6418134570121765
YLR174W,YGR048W,0,-0.704588,0.1313651204109192,0.9623016119003296,0.6419135332107544
YEL063C,YGR024C,0,-0.70467657,0.13134732842445374,0.9623016119003296,0.6420136094093323
YER134C,YJL194W,0,-0.70494473,0.13132953643798828,0.9623016119003296,0.6421136856079102
YHR143W,YML046W,0,-0.70536,0.13131175935268402,0.9623016119003296,0.642213761806488
YKR042W,YHR148W,0,-0.7061897,0.13129399716854095,0.9623016119003296,0.6423138380050659
YDL033C,YGR185C,0,-0.70628315,0.1312762200832367,0.9623016119003296,0.6424139142036438
YNL012W,YLR421C,0,-0.7069295,0.13125845789909363,0.9623016119003296,0.6425139904022217
YMR308C,YPL017C,0,-0.70722234,0.13124069571495056,0.9623016119003296,0.6426140666007996
YGL018C,YLL055W,0,-0.70747095,0.1312229484319687,0.9623016119003296,0.6427141427993774
YNL048W,YJL055W,0,-0.7075413,0.13120520114898682,0.9623016119003296,0.6428142786026001
YMR195W,YLR196W,0,-0.7076009,0.13118745386600494,0.9623016119003296,0.642914354801178
YDR069C,YLR442C,1,-0.70767105,0.13130493462085724,0.9632936716079712,0.642914354801178
YHR167W,YGR209C,0,-0.7077522,0.13128718733787537,0.9632936716079712,0.6430144309997559
YFR044C,YOL102C,0,-0.70820093,0.1312694400548935,0.9632936716079712,0.6431145071983337
YMR176W,YLR241W,0,-0.708786,0.13125169277191162,0.9632936716079712,0.6432145833969116
YOL158C,YGL254W,0,-0.7093776,0.13123394548892975,0.9632936716079712,0.6433146595954895
YGR181W,YDL132W,0,-0.7095875,0.13121621310710907,0.9632936716079712,0.6434147357940674
YER066W,YGL168W,0,-0.7101632,0.1311984807252884,0.9632936716079712,0.6435148119926453
YKR082W,YKL164C,0,-0.7105991,0.1311807632446289,0.9632936716079712,0.6436148881912231
YGL190C,YCR007C,0,-0.7111672,0.13116304576396942,0.9632936716079712,0.643714964389801
YNL283C,YOL138C,0,-0.7113878,0.13114532828330994,0.9632936716079712,0.6438150405883789
YOL113W,YGL228W,0,-0.7115937,0.13112761080265045,0.9632936716079712,0.6439151167869568
YGL062W,YDR205W,0,-0.71241003,0.13110990822315216,0.9632936716079712,0.6440151929855347
YEL049W,YGR026W,0,-0.7124527,0.13109220564365387,0.9632936716079712,0.6441152691841125
YDR134C,YDR078C,0,-0.71304077,0.13107451796531677,0.9632936716079712,0.6442153453826904
YBR066C,YHL031C,0,-0.7133122,0.13105681538581848,0.9632936716079712,0.6443154811859131
YNL122C,YHR181W,0,-0.7133391,0.13103914260864258,0.9632936716079712,0.644415557384491
YJL156C,YLR216C,0,-0.71339107,0.13102145493030548,0.9632936716079712,0.6445156335830688
YDR164C,YCR027C,0,-0.7142412,0.13100378215312958,0.9632936716079712,0.6446157097816467
YPR024W,YDR316W,0,-0.71475387,0.13098610937595367,0.9632936716079712,0.6447157859802246
YDR465C,YBR169C,0,-0.7148536,0.13096843659877777,0.9632936716079712,0.6448158621788025
YJR084W,YMR203W,0,-0.71514666,0.13095077872276306,0.9632936716079712,0.6449159383773804
YGR020C,YLL064C,0,-0.7151775,0.13093312084674835,0.9632936716079712,0.6450160145759583
YJR139C,YGR277C,0,-0.7163424,0.13091546297073364,0.9632936716079712,0.6451160907745361
YOR335C,YER064C,0,-0.7167487,0.13089781999588013,0.9632936716079712,0.645216166973114
YKL129C,YDR222W,0,-0.71679485,0.1308801770210266,0.9632936716079712,0.6453162431716919
YHL024W,YDL089W,0,-0.71688086,0.1308625340461731,0.9632936716079712,0.6454163193702698
YJR047C,YOR152C,0,-0.7172515,0.13084490597248077,0.9632936716079712,0.6455163955688477
YAR071W,YNL046W,0,-0.71742815,0.13082726299762726,0.9632936716079712,0.6456164717674255
YPL078C,YGL153W,0,-0.7177995,0.13080964982509613,0.9632936716079712,0.6457165479660034
YDR165W,YPR011C,0,-0.717983,0.1307920217514038,0.9632936716079712,0.6458166241645813
YMR313C,YNL131W,0,-0.7180598,0.13077440857887268,0.9632936716079712,0.645916759967804
YDR430C,YPR149W,0,-0.7181351,0.13075679540634155,0.9632936716079712,0.6460168361663818
YMR034C,YDR315C,0,-0.7183092,0.13073919713497162,0.9632936716079712,0.6461169123649597
YCL052C,YOL117W,0,-0.7188161,0.13072159886360168,0.9632936716079712,0.6462169885635376
YPL117C,YML051W,0,-0.71936876,0.13070400059223175,0.9632936716079712,0.6463170647621155
YML066C,YEL050C,0,-0.7194366,0.13068640232086182,0.9632936716079712,0.6464171409606934
YBL047C,YLR361C,0,-0.71964794,0.13066881895065308,0.9632936716079712,0.6465172171592712
YLR274W,YDL022W,0,-0.71967906,0.13065123558044434,0.9632936716079712,0.6466172933578491
YJR080C,YEL031W,0,-0.72076195,0.1306336671113968,0.9632936716079712,0.646717369556427
YIL034C,YGR031W,0,-0.720798,0.13061608374118805,0.9632936716079712,0.6468174457550049
YDL197C,YKR081C,0,-0.7208218,0.1305985152721405,0.9632936716079712,0.6469175219535828
YDR165W,YDR156W,0,-0.72167444,0.13058096170425415,0.9632936716079712,0.6470175981521606
YMR270C,YDR338C,0,-0.7219159,0.1305633932352066,0.9632936716079712,0.6471176743507385
YJR143C,YBR136W,0,-0.7230424,0.13054583966732025,0.9632936716079712,0.6472177505493164
YGR031W,YAR014C,0,-0.7231769,0.1305283010005951,0.9632936716079712,0.6473178267478943
YGL085W,YCL018W,0,-0.7238457,0.13051074743270874,0.9632936716079712,0.6474179625511169
YLL031C,YNR008W,0,-0.7238723,0.13049320876598358,0.9632936716079712,0.6475180387496948
YAR010C,YNL137C,0,-0.7241207,0.13047568500041962,0.9632936716079712,0.6476181149482727
YOR179C,YKL080W,0,-0.7244954,0.13045814633369446,0.9632936716079712,0.6477181911468506
YLR047C,YGR263C,0,-0.72518533,0.1304406225681305,0.9632936716079712,0.6478182673454285
YBR199W,YER020W,0,-0.72531587,0.13042309880256653,0.9632936716079712,0.6479183435440063
YDL033C,YAL061W,0,-0.72533137,0.13040558993816376,0.9632936716079712,0.6480184197425842
YER014W,YLR240W,0,-0.72538316,0.130388081073761,0.9632936716079712,0.6481184959411621
YGR234W,YFR039C,0,-0.7255143,0.13037057220935822,0.9632936716079712,0.64821857213974
YPR041W,YOR393W,0,-0.72613114,0.13035306334495544,0.9632936716079712,0.6483186483383179
YHR182W,YPR115W,0,-0.7264889,0.13033556938171387,0.9632936716079712,0.6484187245368958
YDR296W,YPR019W,1,-0.7270426,0.13045229017734528,0.9642857313156128,0.6484187245368958
YLR151C,YER175C,0,-0.72776407,0.1304347813129425,0.9642857313156128,0.6485188007354736
YMR175W,YMR316W,0,-0.7277972,0.13041728734970093,0.9642857313156128,0.6486188769340515
YNL217W,YGL073W,0,-0.7281812,0.13039977848529816,0.9642857313156128,0.6487189531326294
YGR090W,YBL016W,0,-0.7287098,0.13038229942321777,0.9642857313156128,0.6488190293312073
YNL040W,YDR350C,0,-0.72901636,0.1303648054599762,0.9642857313156128,0.6489191055297852
YLR058C,YJL113W,0,-0.7291294,0.1303473263978958,0.9642857313156128,0.6490192413330078
YPL006W,YGR016W,0,-0.7304492,0.13032984733581543,0.9642857313156128,0.6491193175315857
YBL038W,YGR031W,0,-0.7304571,0.13031236827373505,0.9642857313156128,0.6492193937301636
YKL065C,YIL016W,0,-0.7306798,0.13029490411281586,0.9642857313156128,0.6493194699287415
YDR453C,YOR394W,0,-0.73119193,0.13027743995189667,0.9642857313156128,0.6494195461273193
YGL184C,YGL211W,0,-0.7319092,0.13025999069213867,0.9642857313156128,0.6495196223258972
YNL092W,YGR230W,0,-0.7321014,0.13024252653121948,0.9642857313156128,0.6496196985244751
YMR040W,YLR009W,0,-0.7321965,0.1302250772714615,0.9642857313156128,0.649719774723053
YMR018W,YKL116C,0,-0.73260695,0.13020764291286469,0.9642857313156128,0.6498198509216309
YDL210W,YAR014C,0,-0.7326995,0.1301901936531067,0.9642857313156128,0.6499199271202087
YEL043W,YJR102C,0,-0.7337608,0.1301727592945099,0.9642857313156128,0.6500200033187866
YBR081C,YPL066W,0,-0.7346824,0.13015532493591309,0.9642857313156128,0.6501200795173645
YEL004W,YJR054W,0,-0.73506755,0.13013790547847748,0.9642857313156128,0.6502201557159424
YFL052W,YDL027C,0,-0.7357288,0.13012048602104187,0.9642857313156128,0.6503202319145203
YLR328W,YJL056C,0,-0.73779297,0.13010306656360626,0.9642857313156128,0.6504203081130981
YCR007C,YMR225C,0,-0.7381943,0.13008564710617065,0.9642857313156128,0.6505204439163208
YGR004W,YDR196C,0,-0.73862284,0.13006824254989624,0.9642857313156128,0.6506205201148987
YOR143C,YGR194C,0,-0.7387449,0.13005083799362183,0.9642857313156128,0.6507205963134766
YKL087C,YML065W,0,-0.73936194,0.1300334483385086,0.9642857313156128,0.6508206725120544
YLR126C,YAR031W,0,-0.739631,0.13001605868339539,0.9642857313156128,0.6509207487106323
YOR265W,YDR423C,0,-0.7399291,0.12999866902828217,0.9642857313156128,0.6510208249092102
YHR027C,YKR014C,0,-0.740043,0.12998127937316895,0.9642857313156128,0.6511209011077881
YKL163W,YPL200W,0,-0.74062943,0.12996390461921692,0.9642857313156128,0.651220977306366
YKL016C,YPR025C,0,-0.74292165,0.1299465298652649,0.9642857313156128,0.6513210535049438
YBR031W,YKL033W,0,-0.74313,0.12992915511131287,0.9642857313156128,0.6514211297035217
YPR138C,YKL126W,0,-0.7431556,0.12991179525852203,0.9642857313156128,0.6515212059020996
YCL057W,YOL154W,0,-0.7442194,0.12989442050457,0.9642857313156128,0.6516212821006775
YOR017W,YLR099C,0,-0.74428344,0.12987707555294037,0.9642857313156128,0.6517213582992554
YPR122W,YMR121C,0,-0.745002,0.12985971570014954,0.9642857313156128,0.6518214344978333
YMR018W,YPL271W,0,-0.74513227,0.1298423707485199,0.9642857313156128,0.6519215106964111
YKL219W,YDR522C,0,-0.7458853,0.12982502579689026,0.9642857313156128,0.6520216464996338
YER078C,YDR303C,0,-0.7458901,0.12980769574642181,0.9642857313156128,0.6521217226982117
YER066W,YFL048C,0,-0.7461163,0.12979036569595337,0.9642857313156128,0.6522217988967896
YHL050C,YBR208C,0,-0.7462664,0.12977303564548492,0.9642857313156128,0.6523218750953674
YDR324C,YPR109W,0,-0.7464278,0.12975570559501648,0.9642857313156128,0.6524219512939453
YKL065C,YOR168W,0,-0.74685735,0.12973839044570923,0.9642857313156128,0.6525220274925232
YKL188C,YHR032W,0,-0.74692714,0.12972107529640198,0.9642857313156128,0.6526221036911011
YDR063W,YNL304W,0,-0.7474255,0.12970376014709473,0.9642857313156128,0.652722179889679
YJL101C,YOL073C,0,-0.7475932,0.12968645989894867,0.9642857313156128,0.6528222560882568
YIL089W,YKL204W,0,-0.7476937,0.1296691596508026,0.9642857313156128,0.6529223322868347
YOR272W,YLR367W,0,-0.7477109,0.12965185940265656,0.9642857313156128,0.6530224084854126
YFL038C,YLR073C,0,-0.748708,0.1296345740556717,0.9642857313156128,0.6531224846839905
YLR309C,YOL002C,0,-0.74929404,0.12961728870868683,0.9642857313156128,0.6532225608825684
YML087C,YER093C,0,-0.7499821,0.12960000336170197,0.9642857313156128,0.6533226370811462
YHR096C,YKL133C,0,-0.7500672,0.1295827180147171,0.9642857313156128,0.6534227132797241
YLR367W,YBR059C,0,-0.75007874,0.12956544756889343,0.9642857313156128,0.653522789478302
YEL046C,YLR355C,0,-0.75059885,0.12954817712306976,0.9642857313156128,0.6536229252815247
YER114C,YDR093W,0,-0.7507163,0.1295309215784073,0.9642857313156128,0.6537230014801025
YEL043W,YOL016C,0,-0.751306,0.12951365113258362,0.9642857313156128,0.6538230776786804
YGR053C,YJL072C,1,-0.75133115,0.12962962687015533,0.9652777910232544,0.6538230776786804
YJL048C,YLR309C,0,-0.7513395,0.12961235642433167,0.9652777910232544,0.6539231538772583
YGR227W,YDR542W,0,-0.7514973,0.1295951008796692,0.9652777910232544,0.6540232300758362
YCR044C,YHL003C,0,-0.7516704,0.1295778453350067,0.9652777910232544,0.6541233062744141
YPR020W,YDL241W,0,-0.7518274,0.12956058979034424,0.9652777910232544,0.6542233824729919
YDR104C,YBR169C,0,-0.752076,0.12954333424568176,0.9652777910232544,0.6543234586715698
YOR088W,YJL019W,0,-0.75244445,0.12952609360218048,0.9652777910232544,0.6544235348701477
YGR287C,YLR052W,0,-0.7529971,0.1295088529586792,0.9652777910232544,0.6545236110687256
YMR018W,YKR061W,0,-0.75324607,0.12949161231517792,0.9652777910232544,0.6546236872673035
YHR019C,YGL124C,0,-0.7532497,0.12947438657283783,0.9652777910232544,0.6547237634658813
YDR373W,YDR513W,0,-0.75325316,0.12945716083049774,0.9652777910232544,0.6548238396644592
YHL008C,YMR216C,0,-0.75356466,0.12943993508815765,0.9652777910232544,0.6549239158630371
YCL017C,YML120C,0,-0.75435936,0.12942272424697876,0.9652777910232544,0.655023992061615
YMR202W,YDL184C,0,-0.7549048,0.12940551340579987,0.9652777910232544,0.6551241278648376
YBR221C,YMR018W,0,-0.7550021,0.12938830256462097,0.9652777910232544,0.6552242040634155
YLR423C,YPL079W,0,-0.7553312,0.12937109172344208,0.9652777910232544,0.6553242802619934
YMR316W,YLR017W,0,-0.7554009,0.12935389578342438,0.9652777910232544,0.6554243564605713
YGR053C,YJR043C,1,-0.7557972,0.129469633102417,0.966269850730896,0.6554243564605713
YDR376W,YMR013C,0,-0.7561012,0.1294524222612381,0.966269850730896,0.6555244326591492
YOR032C,YOL038W,0,-0.75623494,0.1294352114200592,0.966269850730896,0.655624508857727
YDL206W,YDR536W,0,-0.75624657,0.1294180154800415,0.966269850730896,0.6557245850563049
YLR142W,YNL288W,0,-0.7577117,0.1294008195400238,0.966269850730896,0.6558246612548828
YDL020C,YOR089C,0,-0.7579065,0.1293836385011673,0.966269850730896,0.6559247374534607
YGR213C,YDL028C,0,-0.7582306,0.1293664425611496,0.966269850730896,0.6560248136520386
YOR266W,YMR099C,0,-0.75836676,0.12934927642345428,0.966269850730896,0.6561248898506165
YDL069C,YOL032W,0,-0.7590959,0.12933209538459778,0.966269850730896,0.6562249660491943
YNL106C,YLR328W,0,-0.75930256,0.12931492924690247,0.966269850730896,0.6563250422477722
YDR539W,YDR393W,0,-0.75962025,0.12929776310920715,0.966269850730896,0.6564251184463501
YIL145C,YNR030W,0,-0.76032597,0.12928059697151184,0.966269850730896,0.656525194644928
YMR196W,YOR066W,0,-0.7603403,0.12926343083381653,0.966269850730896,0.6566252708435059
YDR055W,YPL164C,0,-0.76083404,0.1292462795972824,0.966269850730896,0.6567254066467285
YDR245W,YOR198C,0,-0.7610174,0.12922914326190948,0.966269850730896,0.6568254828453064
YNR024W,YOL060C,0,-0.76149696,0.12921199202537537,0.966269850730896,0.6569255590438843
YFR005C,YFL052W,0,-0.7616565,0.12919485569000244,0.966269850730896,0.6570256352424622
YOR011W,YNL207W,0,-0.7618196,0.12917771935462952,0.966269850730896,0.65712571144104
YBR219C,YGR046W,0,-0.76197463,0.1291605830192566,0.966269850730896,0.6572257876396179
YOL021C,YKL133C,0,-0.7623318,0.12914346158504486,0.966269850730896,0.6573258638381958
YNL183C,YBL069W,0,-0.7626905,0.12912634015083313,0.966269850730896,0.6574259400367737
YDR371W,YMR074C,0,-0.7627263,0.1291092187166214,0.966269850730896,0.6575260162353516
YDR018C,YHR167W,0,-0.7630403,0.12909211218357086,0.966269850730896,0.6576260924339294
YDR210W,YML062C,0,-0.7630704,0.12907500565052032,0.966269850730896,0.6577261686325073
YIR034C,YMR241W,0,-0.76332676,0.1290578991174698,0.966269850730896,0.6578262448310852
YIR028W,YDR352W,0,-0.76337796,0.12904080748558044,0.966269850730896,0.6579263210296631
YHR164C,YKR081C,0,-0.7640576,0.1290237158536911,0.966269850730896,0.658026397228241
YMR308C,YJL110C,0,-0.7646423,0.12900662422180176,0.966269850730896,0.6581264734268188
YEL052W,YNR043W,0,-0.7647312,0.12898953258991241,0.966269850730896,0.6582266092300415
YNL275W,YLR035C,0,-0.7659257,0.12897245585918427,0.966269850730896,0.6583266854286194
YGR177C,YIR034C,0,-0.7663239,0.12895537912845612,0.966269850730896,0.6584267616271973
YLR196W,YDR289C,0,-0.7664947,0.12893831729888916,0.966269850730896,0.6585268378257751
YGL151W,YBR234C,0,-0.76671606,0.128921240568161,0.966269850730896,0.658626914024353
YPL156C,YDR463W,0,-0.767364,0.12890417873859406,0.966269850730896,0.6587269902229309
YMR259C,YOR063W,0,-0.76777864,0.1288871318101883,0.966269850730896,0.6588270664215088
YPL094C,YGL137W,0,-0.76795185,0.12887006998062134,0.966269850730896,0.6589271426200867
YHR149C,YJL096W,0,-0.7692712,0.12885302305221558,0.966269850730896,0.6590272188186646
YFR037C,YMR002W,0,-0.7696577,0.12883597612380981,0.966269850730896,0.6591272950172424
YAL051W,YNL128W,0,-0.76981765,0.12881894409656525,0.966269850730896,0.6592273712158203
YJR082C,YML054C,0,-0.7698768,0.12880189716815948,0.966269850730896,0.6593274474143982
YCR081W,YOR251C,0,-0.77051646,0.1287848800420761,0.966269850730896,0.6594275236129761
YOL161C,YBR213W,0,-0.7707435,0.12876784801483154,0.966269850730896,0.659527599811554
YKL056C,YHL025W,0,-0.7707625,0.12875083088874817,0.966269850730896,0.6596276760101318
YHR182W,YGL101W,0,-0.7710298,0.1287338137626648,0.966269850730896,0.6597278118133545
YJL104W,YAR010C,0,-0.771193,0.12871679663658142,0.966269850730896,0.6598278880119324
YOL020W,YER072W,0,-0.77169126,0.12869979441165924,0.966269850730896,0.6599279642105103
YLR072W,YPR149W,0,-0.7719382,0.12868279218673706,0.966269850730896,0.6600280404090881
YGR085C,YCR068W,0,-0.7720826,0.12866578996181488,0.966269850730896,0.660128116607666
YFL041W,YNR004W,0,-0.77216923,0.1286487877368927,0.966269850730896,0.6602281928062439
YHR004C,YOR236W,0,-0.7724202,0.1286318004131317,0.966269850730896,0.6603282690048218
YLR120C,YLR206W,0,-0.77295953,0.12861481308937073,0.966269850730896,0.6604283452033997
YER144C,YCL050C,0,-0.77298987,0.12859784066677094,0.966269850730896,0.6605284214019775
YJR094C,YFR055W,0,-0.77324015,0.12858085334300995,0.966269850730896,0.6606284976005554
YPR144C,YIL094C,0,-0.7736022,0.12856388092041016,0.966269850730896,0.6607285737991333
YJR048W,YKR103W,0,-0.7745982,0.12854692339897156,0.966269850730896,0.6608286499977112
YHR191C,YMR196W,0,-0.7746749,0.12852995097637177,0.966269850730896,0.6609287261962891
YMR060C,YKL071W,0,-0.7752661,0.12851299345493317,0.966269850730896,0.6610288023948669
YNL026W,YHR047C,0,-0.77556205,0.12849603593349457,0.966269850730896,0.6611288785934448
YDL102W,YGL231C,0,-0.7758001,0.12847909331321716,0.966269850730896,0.6612289547920227
YPR011C,YIL162W,0,-0.77585286,0.12846215069293976,0.966269850730896,0.6613290905952454
YNL003C,YML036W,0,-0.776104,0.12844520807266235,0.966269850730896,0.6614291667938232
YLR361C,YJL080C,0,-0.7761548,0.12842826545238495,0.966269850730896,0.6615292429924011
YMR269W,YOR262W,0,-0.77681017,0.12841133773326874,0.966269850730896,0.661629319190979
YHL032C,YNL190W,0,-0.77803195,0.12839441001415253,0.966269850730896,0.6617293953895569
YIR006C,YMR202W,0,-0.77815527,0.12837748229503632,0.966269850730896,0.6618294715881348
YLR355C,YGL111W,0,-0.77858114,0.1283605694770813,0.966269850730896,0.6619295477867126
YIL165C,YGL246C,0,-0.7788299,0.12834365665912628,0.966269850730896,0.6620296239852905
YDR129C,YJR091C,0,-0.77967024,0.12832674384117126,0.966269850730896,0.6621297001838684
YGR247W,YLL018C-A,0,-0.7798785,0.12830984592437744,0.966269850730896,0.6622297763824463
YPL220W,YER106W,0,-0.7799889,0.12829293310642242,0.966269850730896,0.6623298525810242
YAR009C,YLR375W,0,-0.7805162,0.1282760500907898,0.966269850730896,0.662429928779602
YLR014C,YER066W,0,-0.78082734,0.12825915217399597,0.966269850730896,0.6625300049781799
YOL107W,YNL001W,0,-0.78135884,0.12824226915836334,0.966269850730896,0.6626300811767578
YLR050C,YOR206W,0,-0.7823346,0.1282253861427307,0.966269850730896,0.6627301573753357
YKR021W,YMR020W,0,-0.78306574,0.12820850312709808,0.966269850730896,0.6628302931785583
YGR241C,YNR041C,0,-0.78331125,0.12819163501262665,0.966269850730896,0.6629303693771362
YBR191W,YGL019W,0,-0.7839669,0.1281747668981552,0.966269850730896,0.6630304455757141
YLR037C,YKR064W,0,-0.78435725,0.12815789878368378,0.966269850730896,0.663130521774292
YNR060W,YDR268W,0,-0.7845828,0.12814103066921234,0.966269850730896,0.6632305979728699
YDL204W,YOR251C,0,-0.78494996,0.1281241774559021,0.966269850730896,0.6633306741714478
YOL030W,YEL030W,0,-0.7851612,0.12810732424259186,0.966269850730896,0.6634307503700256
YER127W,YFR032C-A,0,-0.7853123,0.1280904859304428,0.966269850730896,0.6635308265686035
YPL180W,YKR065C,0,-0.7853438,0.12807363271713257,0.966269850730896,0.6636309027671814
YMR242C,YFL052W,0,-0.7856694,0.12805679440498352,0.966269850730896,0.6637309789657593
YHR117W,YIL048W,0,-0.7858093,0.12803995609283447,0.966269850730896,0.6638310551643372
YLR001C,YKL018W,0,-0.7862888,0.12802313268184662,0.966269850730896,0.663931131362915
YML131W,YPL276W,0,-0.78722596,0.12800630927085876,0.966269850730896,0.6640312075614929
YOR152C,YOL149W,0,-0.78768593,0.1279894858598709,0.966269850730896,0.6641312837600708
YMR095C,YGR024C,0,-0.78794587,0.12797267735004425,0.966269850730896,0.6642313599586487
YJR117W,YPL134C,0,-0.788181,0.1279558539390564,0.966269850730896,0.6643314361572266
YKL060C,YGR109C,0,-0.7883013,0.12793904542922974,0.966269850730896,0.6644315719604492
YFR018C,YPL145C,0,-0.7886374,0.12792225182056427,0.966269850730896,0.6645316481590271
YLR133W,YGL092W,0,-0.78864217,0.1279054433107376,0.966269850730896,0.664631724357605
YFL048C,YGR016W,0,-0.7891993,0.12788864970207214,0.966269850730896,0.6647318005561829
YOR103C,YNL058C,0,-0.7899705,0.12787187099456787,0.966269850730896,0.6648318767547607
YKL003C,YBR264C,0,-0.79047483,0.1278550773859024,0.966269850730896,0.6649319529533386
YOR069W,YKR058W,0,-0.79068446,0.12783829867839813,0.966269850730896,0.6650320291519165
YOR389W,YNL223W,0,-0.79072005,0.12782151997089386,0.966269850730896,0.6651321053504944
YMR060C,YOR054C,0,-0.7912387,0.12780475616455078,0.966269850730896,0.6652321815490723
YOR067C,YIL157C,0,-0.79128116,0.1277879774570465,0.966269850730896,0.6653322577476501
YIL076W,YKL069W,0,-0.7916238,0.12777121365070343,0.966269850730896,0.665432333946228
YCL057W,YMR100W,0,-0.79263055,0.12775446474552155,0.966269850730896,0.6655324101448059
YJR049C,YAR010C,0,-0.79264444,0.12773770093917847,0.966269850730896,0.6656324863433838
YNL232W,YBL069W,0,-0.7933824,0.12772095203399658,0.966269850730896,0.6657325625419617
YMR296C,YER146W,0,-0.7934734,0.1277042031288147,0.966269850730896,0.6658326387405396
YJR116W,YGR134W,0,-0.79415315,0.127687469124794,0.966269850730896,0.6659327745437622
YNL023C,YJL191W,0,-0.79426694,0.12767073512077332,0.966269850730896,0.6660328507423401
YBL098W,YLR244C,0,-0.7947934,0.12765400111675262,0.966269850730896,0.666132926940918
YOL071W,YDR338C,0,-0.79511446,0.12763726711273193,0.966269850730896,0.6662330031394958
YJR158W,YFR037C,0,-0.7952222,0.12762054800987244,0.966269850730896,0.6663330793380737
YDR333C,YGL044C,0,-0.79529446,0.12760382890701294,0.966269850730896,0.6664331555366516
YDR294C,YBR108W,0,-0.7955826,0.12758710980415344,0.966269850730896,0.6665332317352295
YAL034C,YBR019C,0,-0.7961643,0.12757040560245514,0.966269850730896,0.6666333079338074
YOR215C,YDR181C,0,-0.7962398,0.12755368649959564,0.966269850730896,0.6667333841323853
YMR180C,YDR246W,0,-0.796986,0.12753699719905853,0.966269850730896,0.6668334603309631
YLR148W,YBR069C,0,-0.7970133,0.12752029299736023,0.966269850730896,0.666933536529541
YBR214W,YGL015C,0,-0.7971319,0.12750360369682312,0.966269850730896,0.6670336127281189
YNL124W,YOL009C,0,-0.7977285,0.127486914396286,0.966269850730896,0.6671336889266968
YDR179W-A,YER127W,0,-0.7978986,0.1274702250957489,0.966269850730896,0.6672337651252747
YER049W,YER165W,0,-0.799252,0.12745355069637299,0.966269850730896,0.6673338413238525
YGL160W,YJL185C,0,-0.7993996,0.12743687629699707,0.966269850730896,0.6674339175224304
YCR067C,YLR035C,0,-0.79947627,0.12742020189762115,0.966269850730896,0.6675340533256531
YER087C-B,YKL165C,0,-0.7995645,0.12740352749824524,0.966269850730896,0.667634129524231
YAL039C,YDR444W,0,-0.7997693,0.12738686800003052,0.966269850730896,0.6677342057228088
YER063W,YNL010W,0,-0.8005535,0.1273702085018158,0.966269850730896,0.6678342819213867
YML127W,YIR019C,0,-0.8005723,0.12735356390476227,0.966269850730896,0.6679343581199646
YMR019W,YDL192W,0,-0.80080837,0.12733690440654755,0.966269850730896,0.6680344343185425
YLR116W,YOR249C,0,-0.80100566,0.12732025980949402,0.966269850730896,0.6681345105171204
YER140W,YLR277C,0,-0.8010687,0.1273036152124405,0.966269850730896,0.6682345867156982
YOR293W,YHR154W,0,-0.80113083,0.12728698551654816,0.966269850730896,0.6683346629142761
YKL004W,YHL013C,0,-0.80181855,0.12727035582065582,0.966269850730896,0.668434739112854
YLR024C,YMR310C,0,-0.8024381,0.1272537261247635,0.966269850730896,0.6685348153114319
YNL263C,YGR066C,0,-0.80262995,0.12723709642887115,0.966269850730896,0.6686348915100098
YNL244C,YML082W,0,-0.80279106,0.12722048163414001,0.966269850730896,0.6687349677085876
YIL103W,YPL132W,0,-0.8028196,0.12720386683940887,0.966269850730896,0.6688350439071655
YPR178W,YJL116C,0,-0.80284286,0.12718725204467773,0.966269850730896,0.6689351201057434
YJL093C,YDL010W,0,-0.80339843,0.1271706521511078,0.966269850730896,0.6690352559089661
YLL054C,YPR169W,0,-0.8034587,0.12715405225753784,0.966269850730896,0.669135332107544
YGR279C,YGL223C,0,-0.8035265,0.1271374523639679,0.966269850730896,0.6692354083061218
YHL028W,YCL008C,0,-0.803795,0.12712085247039795,0.966269850730896,0.6693354845046997
YKR079C,YKL069W,0,-0.80424815,0.1271042674779892,0.966269850730896,0.6694355607032776
YPL048W,YNR027W,0,-0.8046906,0.12708768248558044,0.966269850730896,0.6695356369018555
YJR058C,YHR041C,0,-0.80487174,0.1270710974931717,0.966269850730896,0.6696357131004333
YDR375C,YLR335W,0,-0.8050365,0.12705452740192413,0.966269850730896,0.6697357892990112
YMR271C,YGR127W,0,-0.80644935,0.12703795731067657,0.966269850730896,0.6698358654975891
YER181C,YPL271W,0,-0.8065775,0.12702138721942902,0.966269850730896,0.669935941696167
YKR038C,YKL120W,0,-0.8067451,0.12700483202934265,0.966269850730896,0.6700360178947449
YPR024W,YFR049W,0,-0.8067637,0.1269882619380951,0.966269850730896,0.6701360940933228
YLR268W,YIL109C,0,-0.8071261,0.12697170674800873,0.966269850730896,0.6702361702919006
YCR029C-A,YIL023C,0,-0.80758363,0.12695516645908356,0.966269850730896,0.6703362464904785
YPR183W,YML112W,0,-0.80777603,0.1269386112689972,0.966269850730896,0.6704363226890564
YMR256C,YBL079W,0,-0.8085149,0.12692207098007202,0.966269850730896,0.670536458492279
YER173W,YOL040C,0,-0.8089229,0.12690553069114685,0.966269850730896,0.6706365346908569
YGL151W,YKR081C,0,-0.809485,0.12688900530338287,0.966269850730896,0.6707366108894348
YDR534C,YNL021W,0,-0.81013364,0.1268724799156189,0.966269850730896,0.6708366870880127
YER036C,YKL174C,0,-0.8111964,0.12685595452785492,0.966269850730896,0.6709367632865906
YML029W,YDL140C,0,-0.81170857,0.12683942914009094,0.966269850730896,0.6710368394851685
YEL004W,YLR335W,0,-0.8121333,0.12682291865348816,0.966269850730896,0.6711369156837463
YGL006W,YDR071C,0,-0.81224006,0.12680640816688538,0.966269850730896,0.6712369918823242
YLR256W,YOL049W,0,-0.8127244,0.1267898976802826,0.966269850730896,0.6713370680809021
YIL119C,YAR033W,0,-0.81324035,0.126773402094841,0.966269850730896,0.67143714427948
YIL003W,YLR208W,0,-0.81328213,0.12675689160823822,0.966269850730896,0.6715372204780579
YNL087W,YDL236W,0,-0.8134423,0.12674039602279663,0.966269850730896,0.6716372966766357
YCR042C,YOR096W,0,-0.81397617,0.12672391533851624,0.966269850730896,0.6717373728752136
YLR083C,YPR144C,0,-0.8142087,0.12670743465423584,0.966269850730896,0.6718374490737915
YNL038W,YLR350W,0,-0.8142317,0.12669095396995544,0.966269850730896,0.6719375252723694
YNL054W,YDR210W,0,-0.81460184,0.12667447328567505,0.966269850730896,0.6720376014709473
YNL039W,YHR098C,0,-0.8149375,0.12665799260139465,0.966269850730896,0.6721377372741699
YDR226W,YNL261W,1,-0.8160556,0.12677155435085297,0.9672619104385376,0.6721377372741699
YNR060W,YER067W,0,-0.8164544,0.12675507366657257,0.9672619104385376,0.6722378134727478
YPL064C,YDR158W,0,-0.81659156,0.12673859298229218,0.9672619104385376,0.6723378896713257
YCR007C,YOR046C,0,-0.817739,0.12672212719917297,0.9672619104385376,0.6724379658699036
YCL026C-A,YGR277C,0,-0.8178559,0.12670564651489258,0.9672619104385376,0.6725380420684814
YJL026W,YNL261W,1,-0.81804603,0.12681913375854492,0.9682539701461792,0.6725380420684814
YGR235C,YBR068C,0,-0.8181638,0.12680265307426453,0.9682539701461792,0.6726381182670593
YGR014W,YMR276W,0,-0.8182458,0.12678617238998413,0.9682539701461792,0.6727381944656372
YLR345W,YOL103W,0,-0.818453,0.12676970660686493,0.9682539701461792,0.6728382706642151
YBR103W,YLR271W,0,-0.8188262,0.12675324082374573,0.9682539701461792,0.672938346862793
YFL022C,YER128W,0,-0.81883395,0.12673678994178772,0.9682539701461792,0.6730384230613708
YLR037C,YJR106W,0,-0.81893647,0.1267203390598297,0.9682539701461792,0.6731384992599487
YER059W,YDR436W,0,-0.8191353,0.1267038881778717,0.9682539701461792,0.6732385754585266
YGL079W,YKL017C,0,-0.8192697,0.1266874372959137,0.9682539701461792,0.6733386516571045
YGL143C,YDR222W,0,-0.821044,0.1266709864139557,0.9682539701461792,0.6734387278556824
YAL063C,YIL111W,0,-0.8210915,0.12665455043315887,0.9682539701461792,0.6735388040542603
YGL113W,YDR077W,0,-0.8219924,0.12663811445236206,0.9682539701461792,0.6736389398574829
YDR534C,YBR154C,0,-0.8223565,0.12662169337272644,0.9682539701461792,0.6737390160560608
YPL167C,YER066W,0,-0.82238156,0.12660527229309082,0.9682539701461792,0.6738390922546387
YIL114C,YIL084C,0,-0.8225888,0.1265888512134552,0.9682539701461792,0.6739391684532166
YOR057W,YDR262W,0,-0.8229412,0.12657243013381958,0.9682539701461792,0.6740392446517944
YGR170W,YKL213C,0,-0.822988,0.12655602395534515,0.9682539701461792,0.6741393208503723
YLR027C,YNL014W,0,-0.823931,0.12653960287570953,0.9682539701461792,0.6742393970489502
YDR410C,YMR291W,0,-0.8241982,0.1265232115983963,0.9682539701461792,0.6743394732475281
YMR096W,YMR087W,0,-0.8243281,0.12650680541992188,0.9682539701461792,0.674439549446106
YDR385W,YJL101C,0,-0.8244905,0.12649041414260864,0.9682539701461792,0.6745396256446838
YPL113C,YOR273C,0,-0.8245669,0.1264740228652954,0.9682539701461792,0.6746397018432617
YBR013C,YGL085W,0,-0.8248652,0.12645763158798218,0.9682539701461792,0.6747397780418396
YJL089W,YEL063C,0,-0.824979,0.12644125521183014,0.9682539701461792,0.6748398542404175
YLR084C,YJL078C,0,-0.8251844,0.1264248639345169,0.9682539701461792,0.6749399304389954
YIR019C,YFR042W,0,-0.82540464,0.12640850245952606,0.9682539701461792,0.6750400066375732
YLR337C,YPL170W,0,-0.8259226,0.12639212608337402,0.9682539701461792,0.6751400828361511
YHL022C,YOR356W,0,-0.82638884,0.12637576460838318,0.9682539701461792,0.6752402186393738
YJR145C,YKL033W,0,-0.8266542,0.12635940313339233,0.9682539701461792,0.6753402948379517
YGR038W,YOR362C,0,-0.8280623,0.1263430416584015,0.9682539701461792,0.6754403710365295
YIL076W,YHR047C,0,-0.82900393,0.12632669508457184,0.9682539701461792,0.6755404472351074
YKL022C,YNR002C,0,-0.8292932,0.126310333609581,0.9682539701461792,0.6756405234336853
YFR026C,YOL060C,0,-0.82939893,0.12629400193691254,0.9682539701461792,0.6757405996322632
YOR093C,YGR257C,0,-0.8298264,0.12627765536308289,0.9682539701461792,0.6758406758308411
YCL038C,YGR120C,0,-0.832671,0.12626132369041443,0.9682539701461792,0.675940752029419
YNL122C,YIL160C,0,-0.83268386,0.12624499201774597,0.9682539701461792,0.6760408282279968
YPL280W,YMR279C,0,-0.83296233,0.12622866034507751,0.9682539701461792,0.6761409044265747
YKL059C,YLL018C-A,0,-0.8331583,0.12621234357357025,0.9682539701461792,0.6762409806251526
YMR074C,YOR337W,0,-0.8331754,0.1261960119009018,0.9682539701461792,0.6763410568237305
YFR052W,YHL040C,0,-0.8333422,0.12617971003055573,0.9682539701461792,0.6764411330223083
YLR190W,YGR287C,0,-0.833611,0.12616339325904846,0.9682539701461792,0.6765412092208862
YHR173C,YDR427W,0,-0.8337566,0.1261470913887024,0.9682539701461792,0.6766412854194641
YNL115C,YPL002C,0,-0.8339955,0.12613078951835632,0.9682539701461792,0.6767414212226868
YGR159C,YAR010C,0,-0.8342742,0.12611448764801025,0.9682539701461792,0.6768414974212646
YNL077W,YGR036C,0,-0.83429724,0.12609818577766418,0.9682539701461792,0.6769415736198425
YFL045C,YGR030C,0,-0.83432454,0.1260818988084793,0.9682539701461792,0.6770416498184204
YDR281C,YGR103W,0,-0.83472866,0.12606561183929443,0.9682539701461792,0.6771417260169983
YOR349W,YMR169C,0,-0.8352364,0.12604933977127075,0.9682539701461792,0.6772418022155762
YIL051C,YMR325W,0,-0.8352803,0.12603305280208588,0.9682539701461792,0.677341878414154
YDL170W,YKL046C,0,-0.83548325,0.1260167807340622,0.9682539701461792,0.6774419546127319
YOL027C,YMR013C,0,-0.83582944,0.1260005235671997,0.9682539701461792,0.6775420308113098
YPL056C,YDR507C,0,-0.8368048,0.12598425149917603,0.9682539701461792,0.6776421070098877
YNL305C,YEL029C,0,-0.8372171,0.12596799433231354,0.9682539701461792,0.6777421832084656
YER106W,YHR001W-A,0,-0.83733195,0.12595173716545105,0.9682539701461792,0.6778422594070435
YEL021W,YJR096W,0,-0.8383277,0.12593547999858856,0.9682539701461792,0.6779423356056213
YMR198W,YOR155C,0,-0.83848804,0.12591923773288727,0.9682539701461792,0.6780424118041992
YDR144C,YDL140C,0,-0.83854765,0.12590299546718597,0.9682539701461792,0.6781424880027771
YOR150W,YGR041W,0,-0.83906394,0.12588675320148468,0.9682539701461792,0.6782426238059998
YKR093W,YBR040W,0,-0.83925647,0.12587052583694458,0.9682539701461792,0.6783427000045776
YDR384C,YOR152C,0,-0.83955467,0.1258542835712433,0.9682539701461792,0.6784427762031555
YML131W,YLL004W,0,-0.839727,0.12583805620670319,0.9682539701461792,0.6785428524017334
YLR086W,YLR297W,0,-0.8405699,0.12582184374332428,0.9682539701461792,0.6786429286003113
YKR044W,YGR277C,0,-0.8409477,0.12580561637878418,0.9682539701461792,0.6787430047988892
YKL182W,YNL202W,0,-0.8419189,0.12578940391540527,0.9682539701461792,0.678843080997467
YJL193W,YOL159C,0,-0.8421347,0.12577319145202637,0.9682539701461792,0.6789431571960449
YGR177C,YLR188W,0,-0.84266776,0.12575699388980865,0.9682539701461792,0.6790432333946228
YOR371C,YPR109W,0,-0.8443945,0.12574078142642975,0.9682539701461792,0.6791433095932007
YJR158W,YGR163W,0,-0.84509003,0.12572458386421204,0.9682539701461792,0.6792433857917786
YNL157W,YGL254W,0,-0.84515405,0.12570840120315552,0.9682539701461792,0.6793434619903564
YIL101C,YDL133W,0,-0.84519404,0.1256922036409378,0.9682539701461792,0.6794435381889343
YGR244C,YOR140W,0,-0.8455144,0.1256760209798813,0.9682539701461792,0.6795436143875122
YJL045W,YBR017C,0,-0.8457321,0.12565983831882477,0.9682539701461792,0.6796436905860901
YGR002C,YIL171W,0,-0.845864,0.12564367055892944,0.9682539701461792,0.679743766784668
YEL059C-A,YGR090W,0,-0.84595793,0.12562748789787292,0.9682539701461792,0.6798439025878906
YGR233C,YMR018W,0,-0.8459703,0.1256113201379776,0.9682539701461792,0.6799439787864685
YBR141C,YDR238C,0,-0.84675276,0.12559516727924347,0.9682539701461792,0.6800440549850464
YKR019C,YGR060W,0,-0.8472857,0.12557899951934814,0.9682539701461792,0.6801441311836243
YFR026C,YGR106C,0,-0.84942555,0.125562846660614,0.9682539701461792,0.6802442073822021
YPR041W,YKL027W,0,-0.84989685,0.12554669380187988,0.9682539701461792,0.68034428358078
YMR081C,YAL022C,0,-0.8503099,0.12553054094314575,0.9682539701461792,0.6804443597793579
YLR340W,YPL170W,0,-0.85052985,0.12551440298557281,0.9682539701461792,0.6805444359779358
YPL005W,YAL022C,0,-0.8510357,0.12549826502799988,0.9682539701461792,0.6806445121765137
YLL028W,YGL134W,0,-0.85109955,0.12548212707042694,0.9682539701461792,0.6807445883750916
YOR247W,YMR316C-A,0,-0.85126674,0.1254660040140152,0.9682539701461792,0.6808446645736694
YGL057C,YFL010W-A,0,-0.8527553,0.12544986605644226,0.9682539701461792,0.6809447407722473
YKL137W,YJL076W,0,-0.8532404,0.12543374300003052,0.9682539701461792,0.6810448169708252
YDL247W,YHR027C,0,-0.8532675,0.12541763484477997,0.9682539701461792,0.6811448931694031
YBR258C,YGL253W,0,-0.85334283,0.12540151178836823,0.9682539701461792,0.681244969367981
YNL115C,YDL104C,0,-0.8537763,0.12538540363311768,0.9682539701461792,0.6813451051712036
YBL005W,YOL116W,0,-0.8538241,0.12536929547786713,0.9682539701461792,0.6814451813697815
YLR228C,YKL029C,0,-0.8539819,0.12535320222377777,0.9682539701461792,0.6815452575683594
YLR426W,YCR071C,0,-0.85416675,0.12533709406852722,0.9682539701461792,0.6816453337669373
YHR174W,YER153C,0,-0.8545584,0.12532100081443787,0.9682539701461792,0.6817454099655151
YBR241C,YKL012W,0,-0.8555631,0.1253049224615097,0.9682539701461792,0.681845486164093
YJR085C,YCR048W,0,-0.85565245,0.12528882920742035,0.9682539701461792,0.6819455623626709
YDR152W,YDL211C,0,-0.8558691,0.1252727508544922,0.9682539701461792,0.6820456385612488
YDR324C,YIL050W,0,-0.85592276,0.12525667250156403,0.9682539701461792,0.6821457147598267
YMR198W,YLR300W,0,-0.85598826,0.12524059414863586,0.9682539701461792,0.6822457909584045
YNL096C,YHR046C,0,-0.8565131,0.1252245306968689,0.9682539701461792,0.6823458671569824
YLL052C,YPL092W,0,-0.8574677,0.12520846724510193,0.9682539701461792,0.6824459433555603
YEL046C,YMR048W,0,-0.85768026,0.12519240379333496,0.9682539701461792,0.6825460195541382
YER087C-A,YNR024W,0,-0.8585406,0.1251763552427292,0.9682539701461792,0.6826460957527161
YOR273C,YER061C,0,-0.85899407,0.12516029179096222,0.9682539701461792,0.682746171951294
YDR447C,YNL217W,0,-0.8593438,0.12514424324035645,0.9682539701461792,0.6828462481498718
YJL058C,YLL018C-A,0,-0.8594555,0.12512820959091187,0.9682539701461792,0.6829463839530945
YJL046W,YCR079W,0,-0.8596367,0.1251121610403061,0.9682539701461792,0.6830464601516724
YIR012W,YOR032C,0,-0.85986656,0.1250961273908615,0.9682539701461792,0.6831465363502502
YAL002W,YPL179W,0,-0.86003804,0.12508009374141693,0.9682539701461792,0.6832466125488281
YDR134C,YEL001C,0,-0.8604802,0.12506407499313354,0.9682539701461792,0.683346688747406
YDR246W,YKL213C,0,-0.8606392,0.12504804134368896,0.9682539701461792,0.6834467649459839
YAL038W,YER184C,0,-0.8608604,0.12503202259540558,0.9682539701461792,0.6835468411445618
YJL026W,YBR278W,1,-0.86089844,0.1251440942287445,0.9692460298538208,0.6835468411445618
YDR037W,YHR117W,0,-0.8614954,0.12512807548046112,0.9692460298538208,0.6836469173431396
YIL123W,YJL130C,0,-0.86281914,0.12511205673217773,0.9692460298538208,0.6837469935417175
YGR244C,YAL063C,0,-0.86447746,0.12509603798389435,0.9692460298538208,0.6838470697402954
YMR157C,YPR125W,0,-0.8645973,0.12508001923561096,0.9692460298538208,0.6839471459388733
YHL018W,YPL219W,0,-0.8648665,0.12506400048732758,0.9692460298538208,0.6840472221374512
YLR406C,YDR119W,0,-0.86569375,0.12504799664020538,0.9692460298538208,0.684147298336029
YPL052W-A,YAL039C,0,-0.86588305,0.1250319927930832,0.9692460298538208,0.6842473745346069
YNL291C,YDL067C,0,-0.8659688,0.125015988945961,0.9692460298538208,0.6843474507331848
YDL171C,YDR405W,0,-0.8664798,0.125,0.9692460298538208,0.6844475865364075
YBR293W,YDR062W,0,-0.8667142,0.124984011054039,0.9692460298538208,0.6845476627349854
YEL006W,YIL176C,0,-0.86706156,0.124968022108078,0.9692460298538208,0.6846477389335632
YHR188C,YDR533C,0,-0.8672164,0.1249520406126976,0.9692460298538208,0.6847478151321411
YIL093C,YKL192C,0,-0.86729103,0.1249360591173172,0.9692460298538208,0.684847891330719
YAL021C,YIL066C,1,-0.86774164,0.1250479519367218,0.9702380895614624,0.684847891330719
YOR246C,YDR176W,0,-0.8682021,0.1250319629907608,0.9702380895614624,0.6849479675292969
YAR033W,YJL059W,0,-0.86826926,0.1250159740447998,0.9702380895614624,0.6850480437278748
YEL005C,YGL225W,0,-0.8686637,0.125,0.9702380895614624,0.6851481199264526
YJL204C,YBR283C,0,-0.8686779,0.1249840259552002,0.9702380895614624,0.6852481961250305
YDL149W,YKL061W,0,-0.86877745,0.12496805191040039,0.9702380895614624,0.6853482723236084
YPR091C,YDR513W,0,-0.8688651,0.12495208531618118,0.9702380895614624,0.6854483485221863
YOL123W,YKR049C,0,-0.8691428,0.12493612617254257,0.9702380895614624,0.6855484247207642
YHL015W,YOL156W,0,-0.8692643,0.12492016702890396,0.9702380895614624,0.685648500919342
YLR070C,YGL079W,0,-0.86955494,0.12490421533584595,0.9702380895614624,0.6857485771179199
YDR465C,YOR128C,0,-0.8697667,0.12488826364278793,0.9702380895614624,0.6858486533164978
YKL095W,YMR196W,0,-0.8702985,0.12487231940031052,0.9702380895614624,0.6859487295150757
YOR229W,YNL083W,0,-0.87145036,0.1248563751578331,0.9702380895614624,0.6860488653182983
YLR027C,YHR164C,0,-0.8714585,0.12484043836593628,0.9702380895614624,0.6861489415168762
YJR109C,YGR216C,0,-0.8714885,0.12482450902462006,0.9702380895614624,0.6862490177154541
YOL007C,YGL258W,0,-0.8721835,0.12480857223272324,0.9702380895614624,0.686349093914032
YGL130W,YOL081W,0,-0.87260073,0.12479265034198761,0.9702380895614624,0.6864491701126099
YNR009W,YPR151C,0,-0.8726761,0.12477672845125198,0.9702380895614624,0.6865492463111877
YPL062W,YML086C,0,-0.8728932,0.12476081401109695,0.9702380895614624,0.6866493225097656
YLR130C,YGL237C,0,-0.8732607,0.12474489957094193,0.9702380895614624,0.6867493987083435
YNL178W,YDR049W,0,-0.8733372,0.1247289851307869,0.9702380895614624,0.6868494749069214
YGL056C,YKL112W,0,-0.8734936,0.12471308559179306,0.9702380895614624,0.6869495511054993
YGL006W,YER099C,0,-0.87352026,0.12469717860221863,0.9702380895614624,0.6870496273040771
YBR023C,YDR255C,0,-0.8737663,0.12468128651380539,0.9702380895614624,0.687149703502655
YPL050C,YER039C,0,-0.8738688,0.12466539442539215,0.9702380895614624,0.6872497797012329
YBR161W,YNL183C,0,-0.87489927,0.12464950233697891,0.9702380895614624,0.6873498558998108
YDR142C,YDL072C,0,-0.87588394,0.12463361769914627,0.9702380895614624,0.6874499320983887
YOR239W,YER163C,0,-0.8767913,0.12461774051189423,0.9702380895614624,0.6875500679016113
YJR019C,YDR063W,0,-0.8768857,0.12460186332464218,0.9702380895614624,0.6876501441001892
YMR316C-A,YKL214C,0,-0.87815535,0.12458598613739014,0.9702380895614624,0.6877502202987671
YHR211W,YDR037W,0,-0.87866884,0.12457011640071869,0.9702380895614624,0.687850296497345
YKL156W,YAL005C,0,-0.8788402,0.12455425411462784,0.9702380895614624,0.6879503726959229
YKL207W,YHL039W,0,-0.87964475,0.12453839182853699,0.9702380895614624,0.6880504488945007
YKL154W,YPL199C,0,-0.87985414,0.12452253699302673,0.9702380895614624,0.6881505250930786
YCL057W,YPR159W,0,-0.8801419,0.12450668215751648,0.9702380895614624,0.6882506012916565
YPR135W,YGR060W,0,-0.880557,0.12449083477258682,0.9702380895614624,0.6883506774902344
YBR070C,YLR251W,0,-0.8806943,0.12447498738765717,0.9702380895614624,0.6884507536888123
YEL043W,YDL128W,0,-0.8808424,0.1244591474533081,0.9702380895614624,0.6885508298873901
YCR076C,YLR213C,0,-0.8810025,0.12444331496953964,0.9702380895614624,0.688650906085968
YDR542W,YNL317W,0,-0.8816504,0.12442748248577118,0.9702380895614624,0.6887509822845459
YNL325C,YEL039C,0,-0.8818546,0.12441165000200272,0.9702380895614624,0.6888510584831238
YPR140W,YOR016C,0,-0.88254154,0.12439582496881485,0.9702380895614624,0.6889511346817017
YOL003C,YBR242W,0,-0.88273364,0.12438000738620758,0.9702380895614624,0.6890512704849243
YPR093C,YLR411W,0,-0.8827929,0.12436418980360031,0.9702380895614624,0.6891513466835022
YBR283C,YER107C,0,-0.88284546,0.12434837967157364,0.9702380895614624,0.6892514228820801
YMR099C,YOR054C,0,-0.8830574,0.12433256953954697,0.9702380895614624,0.689351499080658
YBR273C,YFL052W,0,-0.8838549,0.12431676685810089,0.9702380895614624,0.6894515752792358
YMR277W,YGL082W,0,-0.88398385,0.12430096417665482,0.9702380895614624,0.6895516514778137
YHR197W,YNL330C,1,-0.88438755,0.12441225349903107,0.971230149269104,0.6895516514778137
YLL008W,YPL168W,0,-0.8852033,0.1243964433670044,0.971230149269104,0.6896517276763916
YOL163W,YPL111W,0,-0.8852559,0.12438064068555832,0.971230149269104,0.6897518038749695
YDL101C,YDL133W,0,-0.88555145,0.12436483800411224,0.971230149269104,0.6898518800735474
YOL116W,YLR178C,0,-0.8864894,0.12434904277324677,0.971230149269104,0.6899519562721252
YNL333W,YBR274W,0,-0.8868974,0.12433324754238129,0.971230149269104,0.6900520324707031
YGR010W,YEL063C,0,-0.88690215,0.1243174597620964,0.971230149269104,0.690152108669281
YLR176C,YGL196W,0,-0.8874766,0.12430167943239212,0.971230149269104,0.6902521848678589
YHR052W,YEL031W,0,-0.8887597,0.12428589910268784,0.971230149269104,0.6903522610664368
YBR272C,YHR113W,0,-0.8891648,0.12427011877298355,0.971230149269104,0.6904523372650146
YOR336W,YJL160C,0,-0.8894503,0.12425434589385986,0.971230149269104,0.6905524134635925
YJL026W,YGL113W,1,-0.8898297,0.12436547875404358,0.9722222089767456,0.6905524134635925
YER156C,YMR293C,0,-0.89015657,0.1243496984243393,0.9722222089767456,0.6906525492668152
YIL172C,YHR074W,0,-0.89089686,0.1243339255452156,0.9722222089767456,0.6907526254653931
YDR385W,YIL050W,0,-0.8910452,0.12431815266609192,0.9722222089767456,0.690852701663971
YNR071C,YNL200C,0,-0.89134914,0.12430238723754883,0.9722222089767456,0.6909527778625488
YJL050W,YBR034C,0,-0.89159447,0.12428662180900574,0.9722222089767456,0.6910528540611267
YBR223C,YHL036W,0,-0.8916635,0.12427085638046265,0.9722222089767456,0.6911529302597046
YDR419W,YIL083C,0,-0.8920811,0.12425510585308075,0.9722222089767456,0.6912530064582825
YDR501W,YKL171W,0,-0.8930298,0.12423934787511826,0.9722222089767456,0.6913530826568604
YKR051W,YOR005C,0,-0.8930776,0.12422360479831696,0.9722222089767456,0.6914531588554382
YDL161W,YMR266W,0,-0.89378315,0.12420786172151566,0.9722222089767456,0.6915532350540161
YLR283W,YGR168C,0,-0.8942043,0.12419211864471436,0.9722222089767456,0.691653311252594
YGR032W,YOR163W,0,-0.8970079,0.12417638301849365,0.9722222089767456,0.6917533874511719
YPR021C,YOL159C,0,-0.8975225,0.12416064739227295,0.9722222089767456,0.6918534636497498
YNL322C,YGR074W,0,-0.89889157,0.12414491921663284,0.9722222089767456,0.6919535398483276
YLR450W,YPL127C,0,-0.8989548,0.12412919849157333,0.9722222089767456,0.6920536160469055
YER120W,YLR186W,0,-0.8990126,0.12411347776651382,0.9722222089767456,0.6921537518501282
YPR196W,YCL050C,0,-0.8996578,0.12409775704145432,0.9722222089767456,0.692253828048706
YJL171C,YIL158W,0,-0.8997237,0.1240820437669754,0.9722222089767456,0.6923539042472839
YMR162C,YKL164C,0,-0.89984864,0.12406633794307709,0.9722222089767456,0.6924539804458618
YNR058W,YCL011C,0,-0.90017277,0.12405063211917877,0.9722222089767456,0.6925540566444397
YNL123W,YCR034W,0,-0.90051305,0.12403493374586105,0.9722222089767456,0.6926541328430176
YNL110C,YDR456W,0,-0.9006931,0.12401923537254333,0.9722222089767456,0.6927542090415955
YAL032C,YNL157W,0,-0.9007558,0.12400354444980621,0.9722222089767456,0.6928542852401733
YCR067C,YJR032W,0,-0.901349,0.12398785352706909,0.9722222089767456,0.6929543614387512
YNR016C,YOR390W,0,-0.90154624,0.12397217005491257,0.9722222089767456,0.6930544376373291
YKL181W,YPL151C,0,-0.9018922,0.12395648658275604,0.9722222089767456,0.693154513835907
YDR446W,YDR214W,0,-0.90215015,0.12394081056118011,0.9722222089767456,0.6932545900344849
YBR050C,YNL216W,0,-0.9023572,0.12392514199018478,0.9722222089767456,0.6933546662330627
YMR228W,YIL171W,0,-0.9028078,0.12390947341918945,0.9722222089767456,0.6934547424316406
YPR204W,YLR168C,0,-0.9041837,0.12389380484819412,0.9722222089767456,0.6935548186302185
YDR166C,YNL135C,0,-0.9046101,0.12387814372777939,0.9722222089767456,0.6936548948287964
YIR021W,YOR393W,0,-0.904998,0.12386249005794525,0.9722222089767456,0.693755030632019
YJL010C,YBR069C,0,-0.90512633,0.12384683638811111,0.9722222089767456,0.6938551068305969
YGR007W,YOR311C,0,-0.9057294,0.12383118271827698,0.9722222089767456,0.6939551830291748
YGR212W,YNL302C,0,-0.90580535,0.12381553649902344,0.9722222089767456,0.6940552592277527
YPR196W,YLL052C,0,-0.9059095,0.1237998977303505,0.9722222089767456,0.6941553354263306
YCR035C,YAL061W,0,-0.9059288,0.12378425896167755,0.9722222089767456,0.6942554116249084
YGR032W,YNL012W,0,-0.906571,0.1237686276435852,0.9722222089767456,0.6943554878234863
YLR388W,YDR128W,0,-0.90815467,0.12375299632549286,0.9722222089767456,0.6944555640220642
YGR294W,YKL096W,0,-0.9082727,0.12373737245798111,0.9722222089767456,0.6945556402206421
YPL088W,YKR019C,0,-0.90978533,0.12372174859046936,0.9722222089767456,0.69465571641922
YLR120C,YPR042C,0,-0.9102171,0.12370613217353821,0.9722222089767456,0.6947557926177979
YML118W,YKL200C,0,-0.9111263,0.12369052320718765,0.9722222089767456,0.6948558688163757
YMR259C,YDL095W,0,-0.91148823,0.1236749142408371,0.9722222089767456,0.6949559450149536
YKL163W,YLR033W,0,-0.9115593,0.12365930527448654,0.9722222089767456,0.6950560212135315
YBR164C,YOR221C,0,-0.91234815,0.12364370375871658,0.9722222089767456,0.6951560974121094
YPR054W,YJL116C,0,-0.91272974,0.12362810969352722,0.9722222089767456,0.695256233215332
YOR246C,YBR231C,0,-0.9131941,0.12361251562833786,0.9722222089767456,0.6953563094139099
YBR121C,YDL010W,0,-0.91340387,0.1235969215631485,0.9722222089767456,0.6954563856124878
YMR027W,YNL295W,0,-0.9136963,0.12358133494853973,0.9722222089767456,0.6955564618110657
YGL015C,YOR317W,0,-0.91452116,0.12356575578451157,0.9722222089767456,0.6956565380096436
YBR042C,YFL052W,0,-0.914582,0.1235501766204834,0.9722222089767456,0.6957566142082214
YDR460W,YNL049C,0,-0.91485333,0.12353460490703583,0.9722222089767456,0.6958566904067993
YHR051W,YMR113W,0,-0.91510695,0.12351903319358826,0.9722222089767456,0.6959567666053772
YMR180C,YJL151C,0,-0.915307,0.12350346893072128,0.9722222089767456,0.6960568428039551
YML114C,YER039C,0,-0.9156969,0.12348790466785431,0.9722222089767456,0.696156919002533
YPL177C,YNL040W,0,-0.91596884,0.12347234785556793,0.9722222089767456,0.6962569952011108
YPL150W,YLL011W,0,-0.9161457,0.12345679104328156,0.9722222089767456,0.6963570713996887
YOR283W,YOL149W,0,-0.9164864,0.12344124168157578,0.9722222089767456,0.6964571475982666
YGR082W,YNR043W,0,-0.9165936,0.12342569231987,0.9722222089767456,0.6965572237968445
YML087C,YDL215C,0,-0.9167343,0.12341015040874481,0.9722222089767456,0.6966572999954224
YLR387C,YBL051C,0,-0.9168094,0.12339460849761963,0.9722222089767456,0.6967573761940002
YOR229W,YLR143W,0,-0.9185998,0.12337907403707504,0.9722222089767456,0.6968575119972229
YDL073W,YDR082W,0,-0.91915756,0.12336354702711105,0.9722222089767456,0.6969575881958008
YLR219W,YMR009W,0,-0.9192023,0.12334802001714706,0.9722222089767456,0.6970576643943787
YML060W,YJR149W,0,-0.9199291,0.12333249300718307,0.9722222089767456,0.6971577405929565
YLR337C,YBR029C,0,-0.9200485,0.12331697344779968,0.9722222089767456,0.6972578167915344
YDL166C,YMR197C,0,-0.92021984,0.12330146133899689,0.9722222089767456,0.6973578929901123
YJR116W,YFL052W,0,-0.9203969,0.12328594923019409,0.9722222089767456,0.6974579691886902
YDL055C,YGR271W,0,-0.9205623,0.1232704371213913,0.9722222089767456,0.6975580453872681
YML049C,YOL073C,0,-0.9206131,0.1232549399137497,0.9722222089767456,0.697658121585846
YIL119C,YBR035C,0,-0.92071337,0.1232394352555275,0.9722222089767456,0.6977581977844238
YGL073W,YDL093W,0,-0.9210115,0.1232239380478859,0.9722222089767456,0.6978582739830017
YER134C,YPL124W,0,-0.92144334,0.12320844829082489,0.9722222089767456,0.6979583501815796
YMR285C,YPL134C,0,-0.921664,0.12319295853376389,0.9722222089767456,0.6980584263801575
YBL079W,YNL056W,0,-0.92203385,0.12317747622728348,0.9722222089767456,0.6981585025787354
YHR051W,YPL162C,0,-0.9229807,0.12316199392080307,0.9722222089767456,0.6982585787773132
YOR246C,YDR017C,0,-0.92307884,0.12314651906490326,0.9722222089767456,0.6983587145805359
YPL084W,YAL067C,0,-0.92310554,0.12313104420900345,0.9722222089767456,0.6984587907791138
YFL028C,YNL231C,0,-0.9238246,0.12311557680368423,0.9722222089767456,0.6985588669776917
YJL163C,YGR105W,0,-0.92423487,0.12310010939836502,0.9722222089767456,0.6986589431762695
YDL036C,YER177W,0,-0.9247963,0.1230846494436264,0.9722222089767456,0.6987590193748474
YBR090C-A,YPL116W,0,-0.92549145,0.12306919693946838,0.9722222089767456,0.6988590955734253
YER126C,YNL067W,0,-0.92656606,0.12305374443531036,0.9722222089767456,0.6989591717720032
YBR115C,YPL237W,0,-0.92687154,0.12303829193115234,0.9722222089767456,0.699059247970581
YKL006W,YPL191C,0,-0.92711014,0.12302284687757492,0.9722222089767456,0.6991593241691589
YNL334C,YPL214C,0,-0.92767304,0.1230074018239975,0.9722222089767456,0.6992594003677368
YKL100C,YLR289W,0,-0.9278591,0.12299196422100067,0.9722222089767456,0.6993594765663147
YMR262W,YNL136W,0,-0.92846704,0.12297653406858444,0.9722222089767456,0.6994595527648926
YOR066W,YPL111W,0,-0.9308425,0.12296110391616821,0.9722222089767456,0.6995596289634705
YMR080C,YOR234C,0,-0.9309519,0.12294568121433258,0.9722222089767456,0.6996597051620483
YDR374C,YLR439W,0,-0.93160516,0.12293025851249695,0.9722222089767456,0.6997597813606262
YMR134W,YOL017W,0,-0.9316345,0.12291483581066132,0.9722222089767456,0.6998599171638489
YCL038C,YNL033W,0,-0.9320832,0.12289942055940628,0.9722222089767456,0.6999599933624268
YDR492W,YLR453C,0,-0.93264383,0.12288401275873184,0.9722222089767456,0.7000600695610046
YLR113W,YBR160W,1,-0.93296444,0.12299398332834244,0.9732142686843872,0.7000600695610046
YKL035W,YER157W,0,-0.9333192,0.1229785606265068,0.9732142686843872,0.7001601457595825
YDL204W,YMR316W,0,-0.93367356,0.12296314537525177,0.9732142686843872,0.7002602219581604
YMR161W,YDR352W,0,-0.9337983,0.12294773757457733,0.9732142686843872,0.7003602981567383
YHR069C,YNL320W,0,-0.93380004,0.1229323297739029,0.9732142686843872,0.7004603743553162
YNL315C,YOR046C,0,-0.935718,0.12291692942380905,0.9732142686843872,0.700560450553894
YDL122W,YER165W,0,-0.9360386,0.12290152907371521,0.9732142686843872,0.7006605267524719
YKL154W,YOR095C,0,-0.93701595,0.12288613617420197,0.9732142686843872,0.7007606029510498
YOR393W,YOL156W,0,-0.9372061,0.12287074327468872,0.9732142686843872,0.7008606791496277
YNR040W,YLR167W,0,-0.93720996,0.12285535037517548,0.9732142686843872,0.7009607553482056
YJR158W,YLL001W,0,-0.93735653,0.12283997237682343,0.9732142686843872,0.7010608315467834
YPL270W,YDL150W,0,-0.93757516,0.12282458692789078,0.9732142686843872,0.7011609077453613
YNL315C,YPL003W,0,-0.93778974,0.12280921638011932,0.9732142686843872,0.7012609839439392
YLR027C,YHR074W,0,-0.937834,0.12279383838176727,0.9732142686843872,0.7013610601425171
YGL160W,YPR139C,0,-0.9384162,0.12277847528457642,0.9732142686843872,0.7014611959457397
YKL063C,YDL171C,0,-0.93948215,0.12276311218738556,0.9732142686843872,0.7015612721443176
YKL186C,YKL039W,0,-0.9395299,0.1227477490901947,0.9732142686843872,0.7016613483428955
YHR085W,YGL084C,0,-0.9403966,0.12273239344358444,0.9732142686843872,0.7017614245414734
YGL179C,YIL171W,0,-0.9407049,0.12271703779697418,0.9732142686843872,0.7018615007400513
YIL105C,YPR115W,0,-0.94151235,0.12270168960094452,0.9732142686843872,0.7019615769386292
YBR282W,YGR138C,0,-0.9415992,0.12268634140491486,0.9732142686843872,0.702061653137207
YPL088W,YKR030W,0,-0.94166034,0.12267100065946579,0.9732142686843872,0.7021617293357849
YOR197W,YMR313C,0,-0.9419956,0.12265566736459732,0.9732142686843872,0.7022618055343628
YHL001W,YKL180W,0,-0.94293845,0.12264032661914825,0.9732142686843872,0.7023618817329407
YKL006W,YDR213W,0,-0.94305855,0.12262500077486038,0.9732142686843872,0.7024619579315186
YAL059W,YHR041C,0,-0.94337934,0.12260967493057251,0.9732142686843872,0.7025620341300964
YGL096W,YBR058C,0,-0.94356984,0.12259434908628464,0.9732142686843872,0.7026621103286743
YPL184C,YOR106W,0,-0.9445777,0.12257903069257736,0.9732142686843872,0.7027621865272522
YKR003W,YMR196W,0,-0.94511443,0.12256371974945068,0.9732142686843872,0.7028622627258301
YDR422C,YJR007W,0,-0.94535184,0.122548408806324,0.9732142686843872,0.7029623985290527
YPL124W,YLR345W,0,-0.9454849,0.12253309786319733,0.9732142686843872,0.7030624747276306
YGL056C,YDR225W,0,-0.94582015,0.12251779437065125,0.9732142686843872,0.7031625509262085
YDR129C,YOR156C,0,-0.945978,0.12250249832868576,0.9732142686843872,0.7032626271247864
YOR298C-A,YOR306C,0,-0.94710416,0.12248720228672028,0.9732142686843872,0.7033627033233643
YMR244C-A,YKR103W,0,-0.9473718,0.12247191369533539,0.9732142686843872,0.7034627795219421
YOR197W,YBR126C,0,-0.94747984,0.1224566251039505,0.9732142686843872,0.70356285572052
YDR092W,YPR045C,0,-0.94753605,0.12244133651256561,0.9732142686843872,0.7036629319190979
YGR046W,YKR091W,0,-0.9477747,0.12242605537176132,0.9732142686843872,0.7037630081176758
YPL032C,YBR183W,0,-0.947954,0.12241078168153763,0.9732142686843872,0.7038630843162537
YBR299W,YGL226C-A,0,-0.9497047,0.12239550799131393,0.9732142686843872,0.7039631605148315
YLR406C,YDR329C,0,-0.9503955,0.12238024175167084,0.9732142686843872,0.7040632367134094
YJR116W,YER017C,0,-0.95155436,0.12236497551202774,0.9732142686843872,0.7041633129119873
YOR174W,YFR055W,0,-0.9516441,0.12234971672296524,0.9732142686843872,0.7042633891105652
YGR294W,YKL171W,0,-0.95235366,0.12233445793390274,0.9732142686843872,0.7043634653091431
YGL130W,YDR251W,0,-0.9525649,0.12231919914484024,0.9732142686843872,0.704463541507721
YDR307W,YCL008C,0,-0.95258796,0.12230395525693893,0.9732142686843872,0.7045636773109436
YNL046W,YGL032C,0,-0.95270604,0.12228870391845703,0.9732142686843872,0.7046637535095215
YNL115C,YHR173C,0,-0.9529111,0.12227346748113632,0.9732142686843872,0.7047638297080994
YMR166C,YPR055W,0,-0.9539036,0.12225822359323502,0.9732142686843872,0.7048639059066772
YBL078C,YHR060W,0,-0.9541979,0.1222429871559143,0.9732142686843872,0.7049639821052551
YDR028C,YCL032W,0,-0.95431966,0.1222277581691742,0.9732142686843872,0.705064058303833
YOL012C,YMR265C,0,-0.9551758,0.12221252918243408,0.9732142686843872,0.7051641345024109
YDR226W,YNL262W,1,-0.9552221,0.12232187390327454,0.9742063283920288,0.7051641345024109
YBR008C,YMR018W,0,-0.95530003,0.12230663746595383,0.9742063283920288,0.7052642107009888
YHR170W,YJR110W,0,-0.95571476,0.12229140847921371,0.9742063283920288,0.7053642868995667
YNL264C,YPL017C,0,-0.95579845,0.1222761794924736,0.9742063283920288,0.7054643630981445
YKL088W,YPL196W,0,-0.95629174,0.12226095795631409,0.9742063283920288,0.7055644392967224
YBR062C,YLR032W,0,-0.95644873,0.12224573642015457,0.9742063283920288,0.7056645154953003
YPR047W,YDR028C,0,-0.95663345,0.12223052233457565,0.9742063283920288,0.7057645916938782
YBL018C,YER010C,0,-0.9566598,0.12221530824899673,0.9742063283920288,0.705864667892456
YOL096C,YJL146W,0,-0.9572596,0.12220010161399841,0.9742063283920288,0.7059647440910339
YDL066W,YBR086C,0,-0.95776296,0.12218489497900009,0.9742063283920288,0.7060648798942566
YNL137C,YOL071W,0,-0.95783037,0.12216969579458237,0.9742063283920288,0.7061649560928345
YDR456W,YDL013W,0,-0.95844114,0.12215449661016464,0.9742063283920288,0.7062650322914124
YFR053C,YGR171C,0,-0.959266,0.12213930487632751,0.9742063283920288,0.7063651084899902
YML088W,YJL185C,0,-0.95937246,0.12212411314249039,0.9742063283920288,0.7064651846885681
YOR047C,YMR196W,0,-0.9609435,0.12210892885923386,0.9742063283920288,0.706565260887146
YBR074W,YEL050C,0,-0.96137244,0.12209374457597733,0.9742063283920288,0.7066653370857239
YDL082W,YLR208W,0,-0.96148235,0.12207856774330139,0.9742063283920288,0.7067654132843018
YPL174C,YNR043W,0,-0.96173793,0.12206339091062546,0.9742063283920288,0.7068654894828796
YJL050W,YPL189W,0,-0.9619861,0.12204822152853012,0.9742063283920288,0.7069655656814575
YHR092C,YOR152C,0,-0.9620444,0.12203305214643478,0.9742063283920288,0.7070656418800354
YML110C,YDL045C,0,-0.96224666,0.12201789021492004,0.9742063283920288,0.7071657180786133
YLR422W,YAL021C,0,-0.9622469,0.1220027357339859,0.9742063283920288,0.7072657942771912
YHL050C,YPR112C,0,-0.9624264,0.12198758125305176,0.9742063283920288,0.707365870475769
YIL009W,YBR115C,0,-0.96305054,0.12197242677211761,0.9742063283920288,0.7074659466743469
YLR375W,YER035W,0,-0.9633234,0.12195727974176407,0.9742063283920288,0.7075660824775696
YGR260W,YLR423C,0,-0.9635088,0.12194213271141052,0.9742063283920288,0.7076661586761475
YIL124W,YGR263C,0,-0.9640133,0.12192699313163757,0.9742063283920288,0.7077662348747253
YLR095C,YOL098C,0,-0.9643156,0.12191185355186462,0.9742063283920288,0.7078663110733032
YPR199C,YER150W,0,-0.96624726,0.12189672142267227,0.9742063283920288,0.7079663872718811
YIL099W,YGL021W,0,-0.96666074,0.12188159674406052,0.9742063283920288,0.708066463470459
YGR191W,YBL051C,0,-0.966691,0.12186646461486816,0.9742063283920288,0.7081665396690369
YHR071W,YBL020W,0,-0.9677265,0.121851347386837,0.9742063283920288,0.7082666158676147
YMR012W,YMR169C,0,-0.9690228,0.12183623015880585,0.9742063283920288,0.7083666920661926
YKL080W,YKR104W,0,-0.9690599,0.12182111293077469,0.9742063283920288,0.7084667682647705
YML011C,YCR079W,0,-0.9693864,0.12180600315332413,0.9742063283920288,0.7085668444633484
YOL055C,YBR301W,0,-0.96965784,0.12179089337587357,0.9742063283920288,0.7086669206619263
YJL066C,YGL035C,0,-0.9697114,0.1217757910490036,0.9742063283920288,0.7087669968605042
YER145C,YNR004W,0,-0.9719258,0.12176069617271423,0.9742063283920288,0.708867073059082
YBR050C,YDR358W,0,-0.9726867,0.12174560129642487,0.9742063283920288,0.7089671492576599
YMR134W,YKL008C,0,-0.9728411,0.1217305064201355,0.9742063283920288,0.7090672254562378
YLR430W,YNL238W,0,-0.9729046,0.12171541899442673,0.9742063283920288,0.7091673612594604
YOL138C,YDR222W,0,-0.97338176,0.12170033156871796,0.9742063283920288,0.7092674374580383
YKL116C,YMR174C,0,-0.9734752,0.12168525159358978,0.9742063283920288,0.7093675136566162
YIL111W,YJL056C,0,-0.9747298,0.1216701790690422,0.9742063283920288,0.7094675898551941
YOR247W,YCR026C,0,-0.9748879,0.12165510654449463,0.9742063283920288,0.709567666053772
YEL026W,YOR043W,0,-0.9758436,0.12164003401994705,0.9742063283920288,0.7096677422523499
YNR019W,YBL091C,0,-0.97596216,0.12162496894598007,0.9742063283920288,0.7097678184509277
YBR204C,YOR156C,0,-0.97628015,0.12160990387201309,0.9742063283920288,0.7098678946495056
YOR237W,YPL135W,0,-0.97637737,0.12159484624862671,0.9742063283920288,0.7099679708480835
YHR174W,YML095C,0,-0.9764134,0.12157979607582092,0.9742063283920288,0.7100680470466614
YML071C,YJL091C,0,-0.97662276,0.12156474590301514,0.9742063283920288,0.7101681232452393
YNL234W,YJL190C,0,-0.9766848,0.12154969573020935,0.9742063283920288,0.7102681994438171
YOL163W,YPL090C,0,-0.9770046,0.12153465300798416,0.9742063283920288,0.710368275642395
YCR038C,YPR033C,0,-0.9781727,0.12151961028575897,0.9742063283920288,0.7104683518409729
YMR169C,YBL028C,0,-0.9781927,0.12150457501411438,0.9742063283920288,0.7105684280395508
YJR045C,YNR047W,0,-0.97844034,0.12148954719305038,0.9742063283920288,0.7106685638427734
YGR106C,YJL173C,0,-0.97868705,0.12147451937198639,0.9742063283920288,0.7107686400413513
YOL097C,YMR121C,0,-0.97894657,0.1214594915509224,0.9742063283920288,0.7108687162399292
YLR088W,YIL165C,0,-0.97901535,0.121444471180439,0.9742063283920288,0.7109687924385071
YJL143W,YML086C,0,-0.9791253,0.1214294582605362,0.9742063283920288,0.711068868637085
YBR104W,YBR058C-A,0,-0.9793615,0.1214144378900528,0.9742063283920288,0.7111689448356628
YGR187C,YLR167W,0,-0.9799293,0.12139943242073059,0.9742063283920288,0.7112690210342407
YPL089C,YNL024C,0,-0.9807092,0.12138442695140839,0.9742063283920288,0.7113690972328186
YER159C,YER134C,0,-0.98086023,0.12136942148208618,0.9742063283920288,0.7114691734313965
YOR151C,YLR345W,0,-0.98134565,0.12135442346334457,0.9742063283920288,0.7115692496299744
YMR310C,YLR284C,0,-0.98225594,0.12133942544460297,0.9742063283920288,0.7116693258285522
YER057C,YJL056C,0,-0.98244566,0.12132443487644196,0.9742063283920288,0.7117694020271301
YIL009C-A,YJL089W,0,-0.9825909,0.12130945175886154,0.9742063283920288,0.711869478225708
YER007W,YMR295C,0,-0.98290926,0.12129446864128113,0.9742063283920288,0.7119695544242859
YPR109W,YGL192W,0,-0.98394525,0.12127948552370071,0.9742063283920288,0.7120696306228638
YDL063C,YHR076W,0,-0.9844401,0.1212645098567009,0.9742063283920288,0.7121697068214417
YPL210C,YKL213C,0,-0.98484415,0.12124953418970108,0.9742063283920288,0.7122698426246643
YDR303C,YML058W,1,-0.9850561,0.12135802209377289,0.9751983880996704,0.7122698426246643
YPL049C,YJR048W,0,-0.9852106,0.12134304642677307,0.9751983880996704,0.7123699188232422
YLR251W,YJL122W,0,-0.98746765,0.12132807075977325,0.9751983880996704,0.7124699950218201
YPR017C,YDR400W,0,-0.9878234,0.12131309509277344,0.9751983880996704,0.712570071220398
YLR364W,YLR419W,0,-0.98848814,0.12129812687635422,0.9751983880996704,0.7126701474189758
YCL026C-B,YDR353W,0,-0.9884958,0.121283158659935,0.9751983880996704,0.7127702236175537
YNL186W,YML096W,0,-0.9888961,0.12126819789409637,0.9751983880996704,0.7128702998161316
YOR185C,YPL196W,0,-0.9890876,0.12125323712825775,0.9751983880996704,0.7129703760147095
YKL051W,YDL135C,0,-0.99023795,0.12123828381299973,0.9751983880996704,0.7130704522132874
YCL057W,YER144C,0,-0.9911434,0.1212233304977417,0.9751983880996704,0.7131705284118652
YIL040W,YBL061C,0,-0.99154663,0.12120838463306427,0.9751983880996704,0.7132706046104431
YJR100C,YLR432W,0,-0.99190027,0.12119343876838684,0.9751983880996704,0.713370680809021
YJR118C,YBR211C,0,-0.9919068,0.12117850035429001,0.9751983880996704,0.7134707570075989
YDR018C,YHR032W,0,-0.99276024,0.12116356194019318,0.9751983880996704,0.7135708332061768
YLR343W,YPR095C,0,-0.99313986,0.12114863097667694,0.9751983880996704,0.7136709094047546
YGL136C,YFR032C-A,0,-0.9937518,0.1211337000131607,0.9751983880996704,0.7137710452079773
YOR354C,YOR036W,0,-0.994588,0.12111877650022507,0.9751983880996704,0.7138711214065552
YGL035C,YER072W,0,-0.9954776,0.12110385298728943,0.9751983880996704,0.7139711976051331
YBR013C,YOR085W,0,-0.9958842,0.12108893692493439,0.9751983880996704,0.7140712738037109
YMR100W,YPR023C,0,-0.9959677,0.12107402086257935,0.9751983880996704,0.7141713500022888
YMR171C,YOL002C,0,-0.9964624,0.1210591122508049,0.9751983880996704,0.7142714262008667
YML051W,YDL059C,0,-0.99700636,0.12104420363903046,0.9751983880996704,0.7143715023994446
YER120W,YHL001W,0,-0.9974806,0.12102930247783661,0.9751983880996704,0.7144715785980225
YDR402C,YGR279C,0,-0.99820465,0.12101440131664276,0.9751983880996704,0.7145716547966003
YGR053C,YLR016C,0,-0.99859375,0.12099950760602951,0.9751983880996704,0.7146717309951782
YML131W,YPL190C,0,-0.9989123,0.12098461389541626,0.9751983880996704,0.7147718071937561
YBL089W,YJR161C,0,-0.99958605,0.1209697276353836,0.9751983880996704,0.714871883392334
YBL030C,YDR389W,0,-0.99977756,0.12095484137535095,0.9751983880996704,0.7149719595909119
YGL015C,YPL111W,0,-1.000203,0.1209399625658989,0.9751983880996704,0.7150720357894897
YOR291W,YNL113W,0,-1.0009727,0.12092508375644684,0.9751983880996704,0.7151721119880676
YFR025C,YKL145W,0,-1.0013489,0.12091021239757538,0.9751983880996704,0.7152721881866455
YOR085W,YGR277C,0,-1.0014256,0.12089534103870392,0.9751983880996704,0.7153723239898682
YDR501W,YDL198C,0,-1.0015831,0.12088046967983246,0.9751983880996704,0.715472400188446
YGR122W,YJR121W,0,-1.0015923,0.1208656057715416,0.9751983880996704,0.7155724763870239
YNL091W,YFR039C,0,-1.0016903,0.12085074931383133,0.9751983880996704,0.7156725525856018
YGL084C,YPL003W,0,-1.0019324,0.12083589285612106,0.9751983880996704,0.7157726287841797
YAR003W,YBR114W,0,-1.0022334,0.1208210438489914,0.9751983880996704,0.7158727049827576
YML075C,YLR223C,0,-1.0023386,0.12080619484186172,0.9751983880996704,0.7159727811813354
YML007W,YER061C,0,-1.0024494,0.12079134583473206,0.9751983880996704,0.7160728573799133
YOL113W,YDR511W,0,-1.0028687,0.12077651172876358,0.9751983880996704,0.7161729335784912
YBR158W,YMR037C,0,-1.0030544,0.12076167017221451,0.9751983880996704,0.7162730097770691
YNL103W,YDR023W,0,-1.0033696,0.12074683606624603,0.9751983880996704,0.716373085975647
YDR324C,YBR034C,0,-1.0034195,0.12073200941085815,0.9751983880996704,0.7164731621742249
YOL154W,YPR101W,0,-1.0034533,0.12071718275547028,0.9751983880996704,0.7165732383728027
YDL217C,YPL048W,0,-1.0035155,0.1207023561000824,0.9751983880996704,0.7166733145713806
YMR073C,YDR322W,0,-1.003744,0.12068753689527512,0.9751983880996704,0.7167733907699585
YLR259C,YIL113W,0,-1.0043997,0.12067272514104843,0.9751983880996704,0.7168735265731812
YBR302C,YEL006W,0,-1.0044152,0.12065791338682175,0.9751983880996704,0.716973602771759
YLR429W,YER036C,0,-1.0051264,0.12064310163259506,0.9751983880996704,0.7170736789703369
YGR191W,YOR145C,0,-1.0051919,0.12062829732894897,0.9751983880996704,0.7171737551689148
YOR204W,YOR152C,0,-1.0055462,0.12061350047588348,0.9751983880996704,0.7172738313674927
YER036C,YBR299W,0,-1.0057671,0.1205986961722374,0.9751983880996704,0.7173739075660706
YML066C,YJL222W,0,-1.0064887,0.1205839067697525,0.9751983880996704,0.7174739837646484
YLL054C,YJL096W,0,-1.0073961,0.12056911736726761,0.9751983880996704,0.7175740599632263
YJR073C,YPR066W,0,-1.0074008,0.12055432796478271,0.9751983880996704,0.7176741361618042
YNL192W,YAR003W,0,-1.0081046,0.12053954601287842,0.9751983880996704,0.7177742123603821
YDR141C,YGR127W,0,-1.0084817,0.12052476406097412,0.9751983880996704,0.71787428855896
YGL191W,YGR253C,0,-1.010286,0.12050998955965042,0.9751983880996704,0.7179743647575378
YIL034C,YDR432W,0,-1.0103227,0.12049522250890732,0.9751983880996704,0.7180744409561157
YBR062C,YGR086C,0,-1.010371,0.12048044800758362,0.9751983880996704,0.7181745171546936
YDR498C,YJL091C,0,-1.0103874,0.12046568840742111,0.9751983880996704,0.7182745933532715
YIL034C,YMR129W,0,-1.010984,0.1204509288072586,0.9751983880996704,0.7183747291564941
YJR002W,YHR027C,0,-1.0109959,0.1204361692070961,0.9751983880996704,0.718474805355072
YLR324W,YDR296W,0,-1.01142,0.12042141705751419,0.9751983880996704,0.7185748815536499
YNL101W,YOR143C,0,-1.0122977,0.12040666490793228,0.9751983880996704,0.7186749577522278
YMR212C,YPL152W,0,-1.0125886,0.12039192020893097,0.9751983880996704,0.7187750339508057
YKL059C,YKL056C,0,-1.0130588,0.12037717550992966,0.9751983880996704,0.7188751101493835
YHR032W,YBR204C,0,-1.0130872,0.12036243081092834,0.9751983880996704,0.7189751863479614
YMR161W,YGL171W,0,-1.013472,0.12034770101308823,0.9751983880996704,0.7190752625465393
YOR151C,YLL061W,0,-1.01357,0.12033296376466751,0.9751983880996704,0.7191753387451172
YJR133W,YBR171W,0,-1.0137339,0.12031823396682739,0.9751983880996704,0.7192754149436951
YMR251W-A,YBR266C,0,-1.0138519,0.12030351161956787,0.9751983880996704,0.719375491142273
YNL329C,YMR199W,0,-1.014191,0.12028878927230835,0.9751983880996704,0.7194755673408508
YBR193C,YHR175W,0,-1.0143788,0.12027407437562943,0.9751983880996704,0.7195756435394287
YMR136W,YHR117W,0,-1.0147055,0.1202593594789505,0.9751983880996704,0.7196757197380066
YDR333C,YDR079W,0,-1.0163884,0.12024465203285217,0.9751983880996704,0.7197757959365845
YGR047C,YDR065W,0,-1.0167744,0.12022994458675385,0.9751983880996704,0.7198758721351624
YCR076C,YDL101C,0,-1.0171992,0.12021523714065552,0.9751983880996704,0.719976007938385
YKL113C,YMR290C,0,-1.0172073,0.12020053714513779,0.9751983880996704,0.7200760841369629
YPR179C,YPL191C,0,-1.0175416,0.12018584460020065,0.9751983880996704,0.7201761603355408
YLL064C,YGL031C,0,-1.0184761,0.12017115205526352,0.9751983880996704,0.7202762365341187
YNL185C,YEL031W,0,-1.0187113,0.12015645951032639,0.9751983880996704,0.7203763127326965
YPL086C,YLR029C,0,-1.0188076,0.12014177441596985,0.9751983880996704,0.7204763889312744
YLL048C,YNL070W,0,-1.0188375,0.12012708932161331,0.9751983880996704,0.7205764651298523
YNL087W,YML096W,0,-1.0191097,0.12011241167783737,0.9751983880996704,0.7206765413284302
YLR067C,YPL264C,0,-1.0191767,0.12009774148464203,0.9751983880996704,0.7207766175270081
YPL011C,YCR017C,0,-1.0194198,0.12008307129144669,0.9751983880996704,0.7208766937255859
YMR232W,YGL026C,0,-1.0203273,0.12006840109825134,0.9751983880996704,0.7209767699241638
YIR039C,YNL130C,0,-1.0208341,0.1200537383556366,0.9751983880996704,0.7210768461227417
YEL051W,YGL039W,0,-1.0209745,0.12003907561302185,0.9751983880996704,0.7211769223213196
YHR053C,YNL054W,0,-1.0211712,0.1200244203209877,0.9751983880996704,0.7212769985198975
YIL095W,YOR355W,0,-1.0214219,0.12000976502895355,0.9751983880996704,0.7213770747184753
YBR029C,YMR095C,0,-1.0221903,0.1199951171875,0.9751983880996704,0.721477210521698
YGR044C,YJL206C,0,-1.0236794,0.11998046934604645,0.9751983880996704,0.7215772867202759
YBR013C,YLR090W,0,-1.0259012,0.11996582895517349,0.9751983880996704,0.7216773629188538
YML073C,YDR367W,0,-1.0262051,0.11995118856430054,0.9751983880996704,0.7217774391174316
YGR052W,YCR046C,0,-1.0266742,0.11993655562400818,0.9751983880996704,0.7218775153160095
YER103W,YGL174W,0,-1.0268557,0.11992192268371582,0.9751983880996704,0.7219775915145874
YHR127W,YLR345W,0,-1.0269148,0.11990729719400406,0.9751983880996704,0.7220776677131653
YCR007C,YGR125W,0,-1.027061,0.1198926717042923,0.9751983880996704,0.7221777439117432
YMR128W,YIL172C,0,-1.027069,0.11987804621458054,0.9751983880996704,0.722277820110321
YGR095C,YDL130W,0,-1.027373,0.11986342817544937,0.9751983880996704,0.7223778963088989
YDL237W,YOL161C,0,-1.0277324,0.1198488175868988,0.9751983880996704,0.7224779725074768
YDR462W,YPR100W,0,-1.0282819,0.11983420699834824,0.9751983880996704,0.7225780487060547
YBR192W,YBR183W,0,-1.0283877,0.11981960386037827,0.9751983880996704,0.7226781249046326
YFL022C,YDL188C,0,-1.0288013,0.1198049932718277,0.9751983880996704,0.7227782011032104
YOR181W,YMR186W,0,-1.0295192,0.11979039758443832,0.9751983880996704,0.7228782773017883
YOR328W,YFR010W,0,-1.0297669,0.11977580189704895,0.9751983880996704,0.7229783535003662
YHL036W,YKR051W,0,-1.0300355,0.11976120620965958,0.9751983880996704,0.7230784893035889
YPL187W,YLR208W,0,-1.0301572,0.1197466179728508,0.9751983880996704,0.7231785655021667
YFR025C,YFL009W,0,-1.0302322,0.11973203718662262,0.9751983880996704,0.7232786417007446
YAL013W,YML058W,1,-1.0311173,0.11983924359083176,0.976190447807312,0.7232786417007446
YJR007W,YHR047C,0,-1.0311303,0.11982464790344238,0.976190447807312,0.7233787178993225
YGL151W,YGR144W,0,-1.0313613,0.1198100596666336,0.976190447807312,0.7234787940979004
YDR156W,YPR080W,0,-1.031635,0.11979547142982483,0.976190447807312,0.7235788702964783
YOR207C,YGR174C,0,-1.0321727,0.11978089064359665,0.976190447807312,0.7236789464950562
YBR221C,YBR010W,0,-1.0323606,0.11976630985736847,0.976190447807312,0.723779022693634
YGL127C,YGR175C,0,-1.0334353,0.11975173652172089,0.976190447807312,0.7238790988922119
YOR377W,YBR078W,0,-1.0334775,0.1197371631860733,0.976190447807312,0.7239791750907898
YBR243C,YGL027C,0,-1.0340134,0.11972259730100632,0.976190447807312,0.7240792512893677
YLR333C,YKL027W,0,-1.0341613,0.11970803141593933,0.976190447807312,0.7241793274879456
YDL084W,YDL121C,0,-1.0350991,0.11969346553087234,0.976190447807312,0.7242794036865234
YJR139C,YLR390W,0,-1.035935,0.11967890709638596,0.976190447807312,0.7243794798851013
YMR143W,YBL051C,0,-1.0362532,0.11966435611248016,0.976190447807312,0.7244795560836792
YDR476C,YKL055C,0,-1.0366359,0.11964980512857437,0.976190447807312,0.7245796918869019
YDR317W,YLR056W,0,-1.0368056,0.11963526159524918,0.976190447807312,0.7246797680854797
YLL028W,YHR058C,0,-1.0370313,0.11962071806192398,0.976190447807312,0.7247798442840576
YDR530C,YMR212C,0,-1.0375086,0.11960617452859879,0.976190447807312,0.7248799204826355
YHR110W,YGR172C,0,-1.0402619,0.11959163844585419,0.976190447807312,0.7249799966812134
YOL064C,YNL311C,0,-1.0406965,0.11957710236310959,0.976190447807312,0.7250800728797913
YMR182C,YPL171C,0,-1.0408751,0.11956257373094559,0.976190447807312,0.7251801490783691
YOR100C,YLR332W,0,-1.0409915,0.11954805254936218,0.976190447807312,0.725280225276947
YBR081C,YDR134C,0,-1.0411072,0.11953353136777878,0.976190447807312,0.7253803014755249
YNL333W,YDR126W,0,-1.0415022,0.11951901018619537,0.976190447807312,0.7254803776741028
YFR033C,YPL169C,0,-1.0416061,0.11950449645519257,0.976190447807312,0.7255804538726807
YDR425W,YPR036W,0,-1.0420345,0.11948998272418976,0.976190447807312,0.7256805300712585
YMR093W,YJL046W,0,-1.0423832,0.11947547644376755,0.976190447807312,0.7257806062698364
YDL121C,YGR230W,0,-1.0425885,0.11946097016334534,0.976190447807312,0.7258806824684143
YGL084C,YLR256W,0,-1.0429518,0.11944646388292313,0.976190447807312,0.7259807586669922
YPL175W,YOL073C,0,-1.043633,0.11943197250366211,0.976190447807312,0.7260808944702148
YGR026W,YOL055C,0,-1.0444046,0.1194174736738205,0.976190447807312,0.7261809706687927
YJL034W,YJL216C,0,-1.0444809,0.11940298229455948,0.976190447807312,0.7262810468673706
YMR018W,YBL104C,0,-1.0447327,0.11938849836587906,0.976190447807312,0.7263811230659485
YOL129W,YHR117W,0,-1.0465344,0.11937401443719864,0.976190447807312,0.7264811992645264
YBL018C,YOL163W,0,-1.0468417,0.11935953050851822,0.976190447807312,0.7265812754631042
YFR039C,YPL179W,0,-1.0471585,0.1193450540304184,0.976190447807312,0.7266813516616821
YLR343W,YHR199C,0,-1.0476002,0.11933058500289917,0.976190447807312,0.72678142786026
YJL191W,YBL087C,0,-1.0482004,0.11931611597537994,0.976190447807312,0.7268815040588379
YCR076C,YDR498C,0,-1.0482548,0.11930164694786072,0.976190447807312,0.7269815802574158
YPR066W,YJR141W,0,-1.0483549,0.11928718537092209,0.976190447807312,0.7270816564559937
YNL240C,YNL271C,0,-1.0483723,0.11927272379398346,0.976190447807312,0.7271817326545715
YAL027W,YPL273W,0,-1.0487671,0.11925826966762543,0.976190447807312,0.7272818088531494
YLR285W,YFL055W,0,-1.0490572,0.11924382299184799,0.976190447807312,0.7273818850517273
YBR149W,YGR178C,0,-1.0496658,0.11922936886548996,0.976190447807312,0.7274819612503052
YNL133C,YIL067C,0,-1.0496706,0.11921492964029312,0.976190447807312,0.7275820374488831
YLR368W,YMR265C,0,-1.050803,0.11920048296451569,0.976190447807312,0.7276821732521057
YER005W,YIL034C,0,-1.0508175,0.11918604373931885,0.976190447807312,0.7277822494506836
YLR450W,YPR121W,0,-1.0509118,0.1191716119647026,0.976190447807312,0.7278823256492615
YCL001W,YMR008C,0,-1.0517033,0.11915718019008636,0.976190447807312,0.7279824018478394
YJR100C,YLR443W,0,-1.0519134,0.11914275586605072,0.976190447807312,0.7280824780464172
YHR084W,YOR291W,0,-1.0521305,0.11912833154201508,0.976190447807312,0.7281825542449951
YKL039W,YGR250C,0,-1.0522311,0.11911390721797943,0.976190447807312,0.728282630443573
YHR039C-A,YMR233W,0,-1.0528016,0.11909949034452438,0.976190447807312,0.7283827066421509
YNL108C,YNR040W,0,-1.0532923,0.11908508092164993,0.976190447807312,0.7284827828407288
YER093C,YIL114C,0,-1.0535264,0.11907067149877548,0.976190447807312,0.7285828590393066
YOR380W,YJR135W-A,0,-1.0537984,0.11905626207590103,0.976190447807312,0.7286829352378845
YGR180C,YDR054C,1,-1.0549039,0.11916283518075943,0.9771825671195984,0.7286829352378845
YOR267C,YER104W,0,-1.0550065,0.11914841830730438,0.9771825671195984,0.7287830114364624
YHR086W,YNL169C,0,-1.0551718,0.11913400888442993,0.9771825671195984,0.7288830876350403
YLR058C,YOR116C,0,-1.0556605,0.11911960691213608,0.9771825671195984,0.7289831638336182
YKL156W,YER133W,0,-1.0570123,0.11910519748926163,0.9771825671195984,0.729083240032196
YDR350C,YIL107C,0,-1.0573527,0.11909079551696777,0.9771825671195984,0.7291833758354187
YMR155W,YOR237W,0,-1.0577748,0.11907640099525452,0.9771825671195984,0.7292834520339966
YNR040W,YGL181W,0,-1.0587492,0.11906200647354126,0.9771825671195984,0.7293835282325745
YDL241W,YJR073C,0,-1.0590773,0.1190476194024086,0.9771825671195984,0.7294836044311523
YKR026C,YLR271W,0,-1.0594718,0.11903323233127594,0.9771825671195984,0.7295836806297302
YOR207C,YDL029W,0,-1.0602294,0.11901885271072388,0.9771825671195984,0.7296837568283081
YBR034C,YPL009C,0,-1.0606744,0.11900447309017181,0.9771825671195984,0.729783833026886
YLL053C,YDL042C,0,-1.0607005,0.11899009346961975,0.9771825671195984,0.7298839092254639
YOR279C,YBR246W,0,-1.0608369,0.11897572129964828,0.9771825671195984,0.7299839854240417
YJR135W-A,YEL012W,0,-1.0611005,0.11896134912967682,0.9771825671195984,0.7300840616226196
YML066C,YMR142C,0,-1.0614904,0.11894698441028595,0.9771825671195984,0.7301841378211975
YOR006C,YFR014C,0,-1.0615975,0.11893262714147568,0.9771825671195984,0.7302842140197754
YLL031C,YMR202W,0,-1.0616193,0.1189182698726654,0.9771825671195984,0.7303842902183533
YNL333W,YOR313C,0,-1.0632776,0.11890391260385513,0.9771825671195984,0.7304843664169312
YIR019C,YPR021C,0,-1.0634944,0.11888956278562546,0.9771825671195984,0.730584442615509
YLR121C,YDL033C,0,-1.0640299,0.11887521296739578,0.9771825671195984,0.7306845188140869
YLR142W,YPL064C,0,-1.0645709,0.11886086314916611,0.9771825671195984,0.7307846546173096
YLR137W,YLR151C,0,-1.0646157,0.11884652823209763,0.9771825671195984,0.7308847308158875
YMR099C,YOR123C,0,-1.0651206,0.11883218586444855,0.9771825671195984,0.7309848070144653
YPR111W,YER160C,0,-1.0651813,0.11881785094738007,0.9771825671195984,0.7310848832130432
YNL107W,YMR034C,0,-1.0656204,0.11880352348089218,0.9771825671195984,0.7311849594116211
YMR155W,YOR152C,0,-1.0662003,0.1187891960144043,0.9771825671195984,0.731285035610199
YBL102W,YPL040C,0,-1.067574,0.11877486854791641,0.9771825671195984,0.7313851118087769
YMR258C,YGR044C,0,-1.0675845,0.11876054853200912,0.9771825671195984,0.7314851880073547
YMR028W,YDL195W,0,-1.0677722,0.11874623596668243,0.9771825671195984,0.7315852642059326
YGR243W,YMR276W,0,-1.0684172,0.11873191595077515,0.9771825671195984,0.7316853404045105
YNL015W,YPL191C,0,-1.0684478,0.11871761083602905,0.9771825671195984,0.7317854166030884
YJL034W,YNL326C,0,-1.0690185,0.11870330572128296,0.9771825671195984,0.7318854928016663
YJR100C,YOR046C,0,-1.0690396,0.11868900060653687,0.9771825671195984,0.7319855690002441
YKL156W,YNL196C,0,-1.0691874,0.11867469549179077,0.9771825671195984,0.732085645198822
YMR258C,YDR374C,0,-1.070292,0.11866040527820587,0.9771825671195984,0.7321857213973999
YIR024C,YDL146W,0,-1.0703373,0.11864610761404037,0.9771825671195984,0.7322858572006226
YOR283W,YKL025C,0,-1.0705836,0.11863181740045547,0.9771825671195984,0.7323859333992004
YDR314C,YGL026C,0,-1.0705972,0.11861753463745117,0.9771825671195984,0.7324860095977783
YMR215W,YDR405W,0,-1.070664,0.11860325187444687,0.9771825671195984,0.7325860857963562
YML055W,YJL214W,0,-1.0708593,0.11858896911144257,0.9771825671195984,0.7326861619949341
YFL062W,YIL113W,0,-1.0711496,0.11857469379901886,0.9771825671195984,0.732786238193512
YNR021W,YBL045C,0,-1.0717069,0.11856042593717575,0.9771825671195984,0.7328863143920898
YLR414C,YMR226C,0,-1.0719559,0.11854615807533264,0.9771825671195984,0.7329863905906677
YKL149C,YGL189C,0,-1.0720589,0.11853189021348953,0.9771825671195984,0.7330864667892456
YDR476C,YGR195W,0,-1.0724614,0.11851762980222702,0.9771825671195984,0.7331865429878235
YGR032W,YIL009C-A,0,-1.072558,0.11850336939096451,0.9771825671195984,0.7332866191864014
YPL196W,YLL054C,0,-1.0730964,0.11848911643028259,0.9771825671195984,0.7333866953849792
YNL044W,YJR041C,0,-1.0736539,0.11847486346960068,0.9771825671195984,0.7334867715835571
YDR425W,YMR318C,0,-1.0739241,0.11846061050891876,0.9771825671195984,0.733586847782135
YDR263C,YLR377C,0,-1.0744405,0.11844636499881744,0.9771825671195984,0.7336869239807129
YKR003W,YER082C,0,-1.074573,0.11843212693929672,0.9771825671195984,0.7337870001792908
YDR098C,YLR312W-A,0,-1.0754585,0.118417888879776,0.9771825671195984,0.7338871359825134
YLR433C,YMR208W,0,-1.0757594,0.11840365082025528,0.9771825671195984,0.7339872121810913
YBR066C,YOR209C,0,-1.0759716,0.11838942021131516,0.9771825671195984,0.7340872883796692
YKR092C,YDL206W,0,-1.0764264,0.11837519705295563,0.9771825671195984,0.7341873645782471
YKL077W,YKL120W,0,-1.0765368,0.1183609738945961,0.9771825671195984,0.734287440776825
YDR205W,YPR122W,0,-1.0769596,0.11834675073623657,0.9771825671195984,0.7343875169754028
YNL178W,YDL225W,0,-1.0775659,0.11833253502845764,0.9771825671195984,0.7344875931739807
YPL271W,YGR277C,0,-1.077591,0.11831831932067871,0.9771825671195984,0.7345876693725586
YCR077C,YPR003C,0,-1.0780425,0.11830411106348038,0.9771825671195984,0.7346877455711365
YOL128C,YKR002W,0,-1.0782256,0.11828990280628204,0.9771825671195984,0.7347878217697144
YJL089W,YJL046W,0,-1.0783877,0.11827569454908371,0.9771825671195984,0.7348878979682922
YMR123W,YHR065C,0,-1.0785252,0.11826149374246597,0.9771825671195984,0.7349879741668701
YMR041C,YGL043W,0,-1.0785627,0.11824730038642883,0.9771825671195984,0.735088050365448
YLR047C,YKR084C,0,-1.0792224,0.1182331070303917,0.9771825671195984,0.7351881265640259
YPL084W,YMR088C,0,-1.0799005,0.11821891367435455,0.9771825671195984,0.7352882027626038
YLR422W,YLR105C,0,-1.0805887,0.11820472776889801,0.9771825671195984,0.7353883385658264
YDR301W,YGR125W,0,-1.0813613,0.11819054186344147,0.9771825671195984,0.7354884147644043
YKL134C,YDR178W,0,-1.0818684,0.11817636340856552,0.9771825671195984,0.7355884909629822
YML058W-A,YLR221C,0,-1.0822449,0.11816218495368958,0.9771825671195984,0.7356885671615601
YJL053W,YJL222W,0,-1.0825785,0.11814801394939423,0.9771825671195984,0.7357886433601379
YPR098C,YIL150C,0,-1.0844854,0.11813384294509888,0.9771825671195984,0.7358887195587158
YHR047C,YLR223C,0,-1.0850866,0.11811967939138412,0.9771825671195984,0.7359887957572937
YJL115W,YOL020W,0,-1.0854785,0.11810551583766937,0.9771825671195984,0.7360888719558716
YGL084C,YMR284W,0,-1.0855374,0.11809135228395462,0.9771825671195984,0.7361889481544495
YKR076W,YPL009C,0,-1.0857803,0.11807719618082047,0.9771825671195984,0.7362890243530273
YMR065W,YGL028C,0,-1.0863974,0.1180630475282669,0.9771825671195984,0.7363891005516052
YBR084C-A,YER082C,0,-1.0864247,0.11804889887571335,0.9771825671195984,0.7364891767501831
YGL089C,YPL147W,0,-1.0864706,0.11803475022315979,0.9771825671195984,0.736589252948761
YDR330W,YIL064W,0,-1.086805,0.11802060902118683,0.9771825671195984,0.7366893291473389
YMR167W,YGL030W,0,-1.0868167,0.11800646781921387,0.9771825671195984,0.7367894053459167
YNL186W,YNL046W,0,-1.0869739,0.1179923340678215,0.9771825671195984,0.7368895411491394
YDL124W,YOR276W,0,-1.0884452,0.11797820031642914,0.9771825671195984,0.7369896173477173
YFR031C,YGL256W,0,-1.0884855,0.11796407401561737,0.9771825671195984,0.7370896935462952
YBR213W,YDR119W,0,-1.0885603,0.1179499477148056,0.9771825671195984,0.737189769744873
YDR517W,YGR168C,0,-1.0887492,0.11793582141399384,0.9771825671195984,0.7372898459434509
YOR304C-A,YDR128W,0,-1.0887654,0.11792170256376266,0.9771825671195984,0.7373899221420288
YJR135W-A,YPR161C,0,-1.0888846,0.11790759116411209,0.9771825671195984,0.7374899983406067
YMR056C,YGR277C,0,-1.0890919,0.11789347976446152,0.9771825671195984,0.7375900745391846
YPL076W,YER020W,0,-1.089615,0.11787936836481094,0.9771825671195984,0.7376901507377625
YFR018C,YOR067C,0,-1.0900843,0.11786526441574097,0.9771825671195984,0.7377902269363403
YHL036W,YJR028W,0,-1.0904188,0.11785116046667099,0.9771825671195984,0.7378903031349182
YDR039C,YAL062W,0,-1.0915353,0.11783706396818161,0.9771825671195984,0.7379903793334961
YPL096W,YMR189W,0,-1.0919845,0.11782296746969223,0.9771825671195984,0.738090455532074
YHR003C,YNL265C,0,-1.0920427,0.11780887097120285,0.9771825671195984,0.7381905317306519
YCR076C,YFL005W,0,-1.0924083,0.11779478937387466,0.9771825671195984,0.7382906079292297
YPR105C,YKL151C,0,-1.0929828,0.11778070032596588,0.9771825671195984,0.7383906841278076
YML116W,YLL005C,0,-1.0929893,0.1177666187286377,0.9771825671195984,0.7384908199310303
YNL084C,YOL126C,0,-1.0930638,0.11775253713130951,0.9771825671195984,0.7385908961296082
YMR096W,YCL052C,0,-1.0930846,0.11773846298456192,0.9771825671195984,0.738690972328186
YPL022W,YLR241W,0,-1.0936611,0.11772439628839493,0.9771825671195984,0.7387910485267639
YBR035C,YKR104W,0,-1.0941128,0.11771032214164734,0.9771825671195984,0.7388911247253418
YPR071W,YGL173C,0,-1.094202,0.11769626289606094,0.9771825671195984,0.7389912009239197
YER081W,YIR005W,0,-1.0942225,0.11768219619989395,0.9771825671195984,0.7390912771224976
YIL042C,YJR113C,0,-1.094274,0.11766813695430756,0.9771825671195984,0.7391913533210754
YLR027C,YOL126C,0,-1.0949523,0.11765408515930176,0.9771825671195984,0.7392914295196533
YDR263C,YDL119C,0,-1.0955435,0.11764003336429596,0.9771825671195984,0.7393915057182312
YBR242W,YBL102W,0,-1.0956094,0.11762598156929016,0.9771825671195984,0.7394915819168091
YHL032C,YDR365C,0,-1.0960795,0.11761193722486496,0.9771825671195984,0.739591658115387
YNR074C,YER003C,0,-1.0970098,0.11759790033102036,0.9771825671195984,0.7396917343139648
YNL192W,YOR067C,0,-1.0979456,0.11758386343717575,0.9771825671195984,0.7397918105125427
YER128W,YNL301C,0,-1.0987315,0.11756982654333115,0.9771825671195984,0.7398918867111206
YMR281W,YNL113W,0,-1.0991023,0.11755579710006714,0.9771825671195984,0.7399920225143433
YMR133W,YOR306C,0,-1.0991449,0.11754176765680313,0.9771825671195984,0.7400920987129211
YML018C,YDR172W,0,-1.0993509,0.11752773821353912,0.9771825671195984,0.740192174911499
YGR216C,YML091C,0,-1.0994681,0.11751371622085571,0.9771825671195984,0.7402922511100769
YNL046W,YLR460C,0,-1.099875,0.1174997016787529,0.9771825671195984,0.7403923273086548
YDR022C,YMR266W,0,-1.1005877,0.11748568713665009,0.9771825671195984,0.7404924035072327
YLR376C,YMR194W,0,-1.1013765,0.11747167259454727,0.9771825671195984,0.7405924797058105
YDR470C,YIR036C,0,-1.1013926,0.11745766550302505,0.9771825671195984,0.7406925559043884
YPR128C,YGL058W,0,-1.1018068,0.11744366586208344,0.9771825671195984,0.7407926321029663
YPL014W,YKL064W,0,-1.1025215,0.11742965877056122,0.9771825671195984,0.7408927083015442
YLR274W,YKR006C,0,-1.1027046,0.1174156665802002,0.9771825671195984,0.7409927845001221
YFR040W,YGL012W,0,-1.1027398,0.11740166693925858,0.9771825671195984,0.7410928606987
YOR389W,YER175C,0,-1.102886,0.11738767474889755,0.9771825671195984,0.7411929368972778
YDR309C,YDR477W,0,-1.1030973,0.11737369000911713,0.9771825671195984,0.7412930130958557
YDR530C,YOR393W,0,-1.1034434,0.1173597052693367,0.9771825671195984,0.7413930892944336
YPR071W,YHR033W,0,-1.1041178,0.11734572052955627,0.9771825671195984,0.7414931654930115
YPL189W,YDL013W,0,-1.1043017,0.11733174324035645,0.9771825671195984,0.7415933012962341
YIL158W,YLR017W,0,-1.1043106,0.11731777340173721,0.9771825671195984,0.741693377494812
YJR048W,YDL236W,0,-1.1049764,0.11730379611253738,0.9771825671195984,0.7417934536933899
YPL016W,YJR048W,0,-1.1052552,0.11728983372449875,0.9771825671195984,0.7418935298919678
YLR417W,YDR444W,0,-1.1053433,0.11727586388587952,0.9771825671195984,0.7419936060905457
YOR185C,YPL264C,0,-1.1054951,0.11726190149784088,0.9771825671195984,0.7420936822891235
YDR539W,YPL164C,0,-1.105648,0.11724794656038284,0.9771825671195984,0.7421937584877014
YDL003W,YIL151C,0,-1.1065588,0.1172339916229248,0.9771825671195984,0.7422938346862793
YPL133C,YPL203W,0,-1.1066535,0.11722004413604736,0.9771825671195984,0.7423939108848572
YBR223C,YMR286W,0,-1.1070435,0.11720608919858932,0.9771825671195984,0.7424939870834351
YGL259W,YBR155W,0,-1.1073107,0.11719214916229248,0.9771825671195984,0.7425940632820129
YJR002W,YMR312W,0,-1.107366,0.11717820912599564,0.9771825671195984,0.7426941394805908
YGL056C,YNL192W,0,-1.1074533,0.11716426908969879,0.9771825671195984,0.7427942156791687
YGR120C,YFR055W,0,-1.1085775,0.11715033650398254,0.9771825671195984,0.7428942918777466
YAL060W,YDR470C,0,-1.1087055,0.1171364039182663,0.9771825671195984,0.7429943680763245
YPL050C,YDL119C,0,-1.108788,0.11712247133255005,0.9771825671195984,0.7430945038795471
YGR233C,YJR054W,0,-1.1089327,0.1171085461974144,0.9771825671195984,0.743194580078125
YKL211C,YMR218C,0,-1.1095102,0.11709462851285934,0.9771825671195984,0.7432946562767029
YGR154C,YPL256C,0,-1.1108137,0.11708071082830429,0.9771825671195984,0.7433947324752808
YAL055W,YGR136W,0,-1.1113932,0.11706679314374924,0.9771825671195984,0.7434948086738586
YDL075W,YLL048C,0,-1.11238,0.11705288290977478,0.9771825671195984,0.7435948848724365
YEL068C,YBR065C,0,-1.1123991,0.11703897267580032,0.9771825671195984,0.7436949610710144
YBR089C-A,YKL143W,0,-1.1126351,0.11702506989240646,0.9771825671195984,0.7437950372695923
YJR117W,YIL010W,0,-1.1128395,0.1170111671090126,0.9771825671195984,0.7438951134681702
YNL085W,YPR124W,0,-1.1134017,0.11699727177619934,0.9771825671195984,0.743995189666748
YDR361C,YHR047C,0,-1.1139474,0.11698337644338608,0.9771825671195984,0.7440952658653259
YNL031C,YLR361C,0,-1.115502,0.11696948111057281,0.9771825671195984,0.7441953420639038
YIL039W,YML086C,0,-1.1156205,0.11695559322834015,0.9771825671195984,0.7442954182624817
YER017C,YDL171C,0,-1.11611,0.11694170534610748,0.9771825671195984,0.7443954944610596
YBR267W,YJL151C,0,-1.1170382,0.11692782491445541,0.9771825671195984,0.7444955706596375
YMR259C,YLR179C,0,-1.117451,0.11691394448280334,0.9771825671195984,0.7445956468582153
YLR106C,YHR064C,0,-1.1176496,0.11690007150173187,0.9771825671195984,0.744695782661438
YLR047C,YGR049W,0,-1.1187195,0.1168861985206604,0.9771825671195984,0.7447958588600159
YOL083W,YDL103C,0,-1.1189896,0.11687233299016953,0.9771825671195984,0.7448959350585938
YBR195C,YCL019W,0,-1.1194963,0.11685846745967865,0.9771825671195984,0.7449960112571716
YDR476C,YPR163C,0,-1.1197736,0.11684460192918777,0.9771825671195984,0.7450960874557495
YER184C,YGL032C,0,-1.1198757,0.1168307438492775,0.9771825671195984,0.7451961636543274
YML129C,YPL270W,0,-1.1200305,0.11681688576936722,0.9771825671195984,0.7452962398529053
YER014W,YDR362C,0,-1.1200948,0.11680303514003754,0.9771825671195984,0.7453963160514832
YGL001C,YBR279W,0,-1.120578,0.11678918451070786,0.9771825671195984,0.745496392250061
YDR261C,YKR001C,0,-1.1209978,0.11677534133195877,0.9771825671195984,0.7455964684486389
YDL073W,YCR026C,0,-1.1223507,0.11676149815320969,0.9771825671195984,0.7456965446472168
YIL070C,YMR196W,0,-1.1225858,0.1167476624250412,0.9771825671195984,0.7457966208457947
YEL043W,YKR054C,0,-1.122893,0.11673382669687271,0.9771825671195984,0.7458966970443726
YHR096C,YDL018C,0,-1.1246121,0.11671999096870422,0.9771825671195984,0.7459967732429504
YNR058W,YDR158W,0,-1.1251134,0.11670616269111633,0.9771825671195984,0.7460968494415283
YML051W,YLR256W,0,-1.1252701,0.11669233441352844,0.9771825671195984,0.746196985244751
YPL064C,YLR253W,0,-1.1268098,0.11667851358652115,0.9771825671195984,0.7462970614433289
YKL185W,YDR434W,0,-1.1270766,0.11666469275951385,0.9771825671195984,0.7463971376419067
YKL057C,YDR352W,0,-1.1271476,0.11665087938308716,0.9771825671195984,0.7464972138404846
YER086W,YMR321C,0,-1.1274194,0.11663706600666046,0.9771825671195984,0.7465972900390625
YJR100C,YOR266W,0,-1.1276088,0.11662325263023376,0.9771825671195984,0.7466973662376404
YJL170C,YHR086W,0,-1.1279719,0.11660944670438766,0.9771825671195984,0.7467974424362183
YFL020C,YDR189W,0,-1.1284668,0.11659564077854156,0.9771825671195984,0.7468975186347961
YPR048W,YGL039W,0,-1.1293632,0.11658184230327606,0.9771825671195984,0.746997594833374
YHL038C,YBL107C,0,-1.1293821,0.11656804382801056,0.9771825671195984,0.7470976710319519
YNL145W,YPR116W,0,-1.1297504,0.11655425280332565,0.9771825671195984,0.7471977472305298
YCR058C,YPL183C,0,-1.1300943,0.11654046177864075,0.9771825671195984,0.7472978234291077
YHR149C,YHR087W,0,-1.130224,0.11652667820453644,0.9771825671195984,0.7473978996276855
YJL094C,YGL263W,0,-1.130695,0.11651289463043213,0.9771825671195984,0.7474979758262634
YDL185W,YOL044W,0,-1.1311358,0.11649911105632782,0.9771825671195984,0.7475980520248413
YBR013C,YCL026C-A,0,-1.1318662,0.11648533493280411,0.9771825671195984,0.747698187828064
YNL264C,YCL052C,0,-1.1321523,0.1164715588092804,0.9771825671195984,0.7477982640266418
YGL198W,YGR240C,0,-1.1321838,0.11645779013633728,0.9771825671195984,0.7478983402252197
YML088W,YLR253W,0,-1.132247,0.11644402146339417,0.9771825671195984,0.7479984164237976
YLR439W,YDR389W,0,-1.1338931,0.11643026024103165,0.9771825671195984,0.7480984926223755
YGR221C,YJL099W,0,-1.1345005,0.11641649901866913,0.9771825671195984,0.7481985688209534
YHR101C,YIL010W,0,-1.1355788,0.11640274524688721,0.9771825671195984,0.7482986450195312
YJR137C,YDL195W,0,-1.1356208,0.11638898402452469,0.9771825671195984,0.7483987212181091
YML012W,YDR338C,0,-1.1362998,0.11637523770332336,0.9771825671195984,0.748498797416687
YMR035W,YBR301W,0,-1.1363337,0.11636149138212204,0.9771825671195984,0.7485988736152649
YLR395C,YDR141C,0,-1.1366645,0.11634774506092072,0.9771825671195984,0.7486989498138428
YDR073W,YNR017W,0,-1.1367147,0.11633400619029999,0.9771825671195984,0.7487990260124207
YIL016W,YIL172C,0,-1.1370139,0.11632026731967926,0.9771825671195984,0.7488991022109985
YBR126C,YIL022W,0,-1.1371764,0.11630652844905853,0.9771825671195984,0.7489991784095764
YIR012W,YLR193C,0,-1.1372774,0.1162927970290184,0.9771825671195984,0.7490992546081543
YJL158C,YDL216C,0,-1.1374781,0.11627907305955887,0.9771825671195984,0.7491993308067322
YCR046C,YDR054C,0,-1.1376222,0.11626534163951874,0.9771825671195984,0.7492994666099548
YBR234C,YDL111C,0,-1.1378673,0.1162516251206398,0.9771825671195984,0.7493995428085327
YGR294W,YMR024W,0,-1.1379468,0.11623790115118027,0.9771825671195984,0.7494996190071106
YDR086C,YCR071C,0,-1.1384412,0.11622419208288193,0.9771825671195984,0.7495996952056885
YOL091W,YHL011C,0,-1.1394814,0.11621047556400299,0.9771825671195984,0.7496997714042664
YGR038W,YKL124W,0,-1.1396074,0.11619676649570465,0.9771825671195984,0.7497998476028442
YPL030W,YIL094C,0,-1.1400195,0.11618306487798691,0.9771825671195984,0.7498999238014221
YDR476C,YCR106W,0,-1.1401803,0.11616936326026917,0.9771825671195984,0.75
YDR415C,YMR002W,0,-1.140403,0.11615566164255142,0.9771825671195984,0.7501000761985779
YJR118C,YDR178W,0,-1.1414143,0.11614196747541428,0.9771825671195984,0.7502001523971558
YLR109W,YHR108W,0,-1.1423428,0.11612827330827713,0.9771825671195984,0.7503002285957336
YLR422W,YLR390W,0,-1.1424038,0.11611457914113998,0.9771825671195984,0.7504003047943115
YEL029C,YLR206W,0,-1.142549,0.11610089242458344,0.9771825671195984,0.7505003809928894
YKR054C,YDR236C,0,-1.1427718,0.11608721315860748,0.9771825671195984,0.7506004571914673
YPL264C,YBR084W,0,-1.1432673,0.11607353389263153,0.9771825671195984,0.7507005333900452
YBR228W,YGR138C,0,-1.1433785,0.11605985462665558,0.9771825671195984,0.7508006691932678
YOR128C,YDR262W,0,-1.1439475,0.11604618281126022,0.9771825671195984,0.7509007453918457
YMR099C,YDL111C,0,-1.144547,0.11603251099586487,0.9771825671195984,0.7510008215904236
YPL195W,YBR301W,0,-1.1448759,0.11601884663105011,0.9771825671195984,0.7511008977890015
YBL047C,YDR350C,0,-1.1448964,0.11600518226623535,0.9771825671195984,0.7512009739875793
YGL037C,YML060W,0,-1.144901,0.1159915179014206,0.9771825671195984,0.7513010501861572
YPR093C,YKR097W,0,-1.1450652,0.11597786098718643,0.9771825671195984,0.7514011263847351
YHR198C,YMR199W,0,-1.1463588,0.11596421152353287,0.9771825671195984,0.751501202583313
YJL034W,YHR149C,0,-1.1466851,0.1159505620598793,0.9771825671195984,0.7516012787818909
YMR074C,YBR204C,0,-1.1477373,0.11593691259622574,0.9771825671195984,0.7517013549804688
YPL070W,YAL054C,0,-1.1478084,0.11592327058315277,0.9771825671195984,0.7518014311790466
YNR060W,YJR121W,0,-1.148029,0.1159096285700798,0.9771825671195984,0.7519015073776245
YBR123C,YNL055C,0,-1.1480904,0.11589598655700684,0.9771825671195984,0.7520015835762024
YPR132W,YBR106W,0,-1.1483915,0.11588235199451447,0.9771825671195984,0.7521016597747803
YOR176W,YGL090W,0,-1.1492847,0.11586872488260269,0.9771825671195984,0.7522017359733582
YMR081C,YGL080W,0,-1.1497462,0.11585509032011032,0.9771825671195984,0.752301812171936
YMR077C,YNL295W,0,-1.1512088,0.11584147065877914,0.9771825671195984,0.7524019479751587
YHL024W,YBR170C,1,-1.1512187,0.11594543606042862,0.97817462682724,0.7524019479751587
YDR422C,YLL012W,0,-1.1520107,0.11593180149793625,0.97817462682724,0.7525020241737366
YJR034W,YPL055C,0,-1.1521933,0.11591817438602448,0.97817462682724,0.7526021003723145
YDR072C,YMR089C,0,-1.152322,0.1159045472741127,0.97817462682724,0.7527021765708923
YGR235C,YNL132W,0,-1.152329,0.11589092761278152,0.97817462682724,0.7528022527694702
YJL066C,YDR074W,0,-1.1525989,0.11587730795145035,0.97817462682724,0.7529023289680481
YKL181W,YJL078C,0,-1.1531545,0.11586368829011917,0.97817462682724,0.753002405166626
YLR176C,YER184C,0,-1.1543555,0.11585007607936859,0.97817462682724,0.7531024813652039
YML001W,YAL035W,0,-1.1544899,0.11583646386861801,0.97817462682724,0.7532025575637817
YBL090W,YDR352W,0,-1.1559405,0.11582285910844803,0.97817462682724,0.7533026337623596
YFR024C-A,YHR091C,0,-1.1560808,0.11580925434827805,0.97817462682724,0.7534027099609375
YDR522C,YNR021W,0,-1.1564686,0.11579565703868866,0.97817462682724,0.7535027861595154
YOR246C,YKR061W,0,-1.1567028,0.11578205972909927,0.97817462682724,0.7536028623580933
YBR014C,YNL009W,0,-1.1572666,0.11576846241950989,0.97817462682724,0.7537029385566711
YDL051W,YPR003C,0,-1.1574968,0.1157548725605011,0.97817462682724,0.753803014755249
YOR011W,YLR056W,0,-1.1578526,0.11574128270149231,0.97817462682724,0.7539031505584717
YML086C,YDL004W,0,-1.1581428,0.11572770029306412,0.97817462682724,0.7540032267570496
YOL083W,YMR182C,0,-1.1584625,0.11571411788463593,0.97817462682724,0.7541033029556274
YDR007W,YBR040W,0,-1.1590351,0.11570054292678833,0.97817462682724,0.7542033791542053
YGL057C,YGR002C,0,-1.159471,0.11568696796894073,0.97817462682724,0.7543034553527832
YDR294C,YHR147C,0,-1.1595352,0.11567339301109314,0.97817462682724,0.7544035315513611
YNL283C,YDR434W,0,-1.1598556,0.11565982550382614,0.97817462682724,0.754503607749939
YDR412W,YGR142W,0,-1.1607318,0.11564625799655914,0.97817462682724,0.7546036839485168
YPR182W,YDL185W,0,-1.1615252,0.11563269793987274,0.97817462682724,0.7547037601470947
YOR292C,YBL018C,0,-1.1617572,0.11561913788318634,0.97817462682724,0.7548038363456726
YGR118W,YDR222W,0,-1.1618592,0.11560557782649994,0.97817462682724,0.7549039125442505
YMR065W,YLR355C,0,-1.1619292,0.11559202522039413,0.97817462682724,0.7550039887428284
YJL179W,YGL026C,0,-1.1628536,0.11557848006486893,0.97817462682724,0.7551040649414062
YDL097C,YDR062W,0,-1.1638469,0.11556493490934372,0.97817462682724,0.7552041411399841
YFR003C,YPL242C,0,-1.1638675,0.11555138975381851,0.97817462682724,0.755304217338562
YHR048W,YDR530C,0,-1.164356,0.1155378520488739,0.97817462682724,0.7554043531417847
YKL100C,YFR048W,0,-1.1645354,0.11552431434392929,0.97817462682724,0.7555044293403625
YLR054C,YGR086C,0,-1.1652595,0.11551077663898468,0.97817462682724,0.7556045055389404
YPR098C,YBR172C,0,-1.165292,0.11549724638462067,0.97817462682724,0.7557045817375183
YDL055C,YGR097W,0,-1.1658175,0.11548371613025665,0.97817462682724,0.7558046579360962
YPL281C,YDL128W,0,-1.1666777,0.11547019332647324,0.97817462682724,0.7559047341346741
YDR281C,YDL060W,0,-1.1680354,0.11545667797327042,0.97817462682724,0.756004810333252
YDL167C,YLR375W,0,-1.1686769,0.115443155169487,0.97817462682724,0.7561048865318298
YLR192C,YMR085W,0,-1.1688015,0.11542963981628418,0.97817462682724,0.7562049627304077
YBR122C,YKL207W,0,-1.1695212,0.11541613191366196,0.97817462682724,0.7563050389289856
YPR147C,YPL099C,0,-1.1699867,0.11540262401103973,0.97817462682724,0.7564051151275635
YOR344C,YDR504C,0,-1.1701059,0.11538911610841751,0.97817462682724,0.7565051913261414
YDR026C,YER087W,0,-1.1701163,0.11537561565637589,0.97817462682724,0.7566052675247192
YNL131W,YLR079W,0,-1.1701925,0.11536211520433426,0.97817462682724,0.7567053437232971
YAL038W,YCR106W,0,-1.171134,0.11534862220287323,0.97817462682724,0.756805419921875
YPL103C,YJL121C,0,-1.171345,0.1153351292014122,0.97817462682724,0.7569054961204529
YHR088W,YML096W,0,-1.1719179,0.11532163619995117,0.97817462682724,0.7570056319236755
YDR129C,YCL047C,0,-1.1724718,0.11530815064907074,0.97817462682724,0.7571057081222534
YDR018C,YOR124C,0,-1.1726322,0.11529466509819031,0.97817462682724,0.7572057843208313
YOR388C,YDR245W,0,-1.172646,0.11528118699789047,0.97817462682724,0.7573058605194092
YLR113W,YOR290C,1,-1.1733732,0.11538461595773697,0.9791666865348816,0.7573058605194092
YGL140C,YMR020W,0,-1.1734368,0.11537113040685654,0.9791666865348816,0.7574059367179871
YNL041C,YMR148W,0,-1.1735517,0.1153576448559761,0.9791666865348816,0.7575060129165649
YDR018C,YPR129W,0,-1.1740255,0.11534415930509567,0.9791666865348816,0.7576060891151428
YBR118W,YJL089W,0,-1.1744984,0.11533068120479584,0.9791666865348816,0.7577061653137207
YMR142C,YIL046W,0,-1.1753393,0.1153172105550766,0.9791666865348816,0.7578062415122986
YFL010W-A,YGL105W,0,-1.1753995,0.11530373990535736,0.9791666865348816,0.7579063177108765
YLL011W,YJL055W,0,-1.1755416,0.11529026925563812,0.9791666865348816,0.7580063939094543
YFL027C,YOR202W,0,-1.1768296,0.11527680605649948,0.9791666865348816,0.7581064701080322
YBL104C,YDR387C,0,-1.1770713,0.11526334285736084,0.9791666865348816,0.7582065463066101
YDR388W,YPL152W,0,-1.1772747,0.1152498796582222,0.9791666865348816,0.758306622505188
YMR060C,YML072C,0,-1.1780865,0.11523642390966415,0.9791666865348816,0.7584066987037659
YJL139C,YPR088C,0,-1.1782976,0.1152229756116867,0.9791666865348816,0.7585068345069885
YOR283W,YOR329C,0,-1.1784543,0.11520952731370926,0.9791666865348816,0.7586069107055664
YDR097C,YDR296W,1,-1.179073,0.11531279236078262,0.9801587462425232,0.7586069107055664
YNL045W,YOR255W,0,-1.1793327,0.11529933661222458,0.9801587462425232,0.7587069869041443
YGR081C,YBL087C,0,-1.1794617,0.11528588086366653,0.9801587462425232,0.7588070631027222
YMR270C,YLR179C,0,-1.1797985,0.11527243256568909,0.9801587462425232,0.7589071393013
YMR061W,YLR056W,0,-1.179846,0.11525898426771164,0.9801587462425232,0.7590072154998779
YLR020C,YDL165W,0,-1.1805639,0.11524553596973419,0.9801587462425232,0.7591072916984558
YER154W,YPR011C,0,-1.1810896,0.11523209512233734,0.9801587462425232,0.7592073678970337
YLR450W,YMR262W,0,-1.1813638,0.11521866172552109,0.9801587462425232,0.7593074440956116
YOR042W,YGR108W,0,-1.1815369,0.11520522087812424,0.9801587462425232,0.7594075202941895
YOR207C,YDR252W,0,-1.1818199,0.11519179493188858,0.9801587462425232,0.7595075964927673
YGR086C,YMR024W,0,-1.1823039,0.11517836153507233,0.9801587462425232,0.7596076726913452
YMR161W,YPR109W,0,-1.1833882,0.11516493558883667,0.9801587462425232,0.7597077488899231
YPL150W,YBR244W,0,-1.1859214,0.11515151709318161,0.9801587462425232,0.759807825088501
YJR010W,YJR048W,0,-1.1860437,0.11513809859752655,0.9801587462425232,0.7599079012870789
YPL143W,YPL048W,0,-1.1864252,0.11512468010187149,0.9801587462425232,0.7600079774856567
YEL054C,YLR292C,0,-1.1871402,0.11511126905679703,0.9801587462425232,0.7601081132888794
YJL050W,YGL256W,0,-1.1873397,0.11509785801172256,0.9801587462425232,0.7602081894874573
YBL030C,YNL046W,0,-1.1873738,0.1150844469666481,0.9801587462425232,0.7603082656860352
YOR061W,YOR032C,0,-1.1876824,0.11507104337215424,0.9801587462425232,0.760408341884613
YGL224C,YOR223W,0,-1.1881369,0.11505764722824097,0.9801587462425232,0.7605084180831909
YPL141C,YGR194C,0,-1.1882298,0.1150442510843277,0.9801587462425232,0.7606084942817688
YPL184C,YLR449W,0,-1.1886811,0.11503085494041443,0.9801587462425232,0.7607085704803467
YER102W,YML002W,0,-1.1886853,0.11501745879650116,0.9801587462425232,0.7608086466789246
YAL030W,YLR242C,0,-1.1893544,0.11500407755374908,0.9801587462425232,0.7609087228775024
YMR210W,YNL090W,0,-1.189595,0.11499068886041641,0.9801587462425232,0.7610087990760803
YCR067C,YDL076C,0,-1.1898265,0.11497730761766434,0.9801587462425232,0.7611088752746582
YPL018W,YJR001W,0,-1.1905019,0.11496392637491226,0.9801587462425232,0.7612089514732361
YDL179W,YFL030W,0,-1.1913621,0.11495055258274078,0.9801587462425232,0.761309027671814
YML091C,YLR065C,0,-1.1920669,0.1149371787905693,0.9801587462425232,0.7614091038703918
YPL005W,YBL055C,0,-1.1921912,0.11492381244897842,0.9801587462425232,0.7615091800689697
YPR115W,YKL151C,0,-1.1923108,0.11491044610738754,0.9801587462425232,0.7616093158721924
YNL190W,YPL259C,0,-1.1932312,0.11489707976579666,0.9801587462425232,0.7617093920707703
YAL036C,YPL065W,0,-1.1936451,0.11488372087478638,0.9801587462425232,0.7618094682693481
YLL001W,YIL113W,0,-1.1939733,0.11487036198377609,0.9801587462425232,0.761909544467926
YDL146W,YCL045C,0,-1.1950101,0.1148570105433464,0.9801587462425232,0.7620096206665039
YOL010W,YPL258C,0,-1.1954087,0.11484365910291672,0.9801587462425232,0.7621096968650818
YKL043W,YKL210W,0,-1.1955798,0.11483031511306763,0.9801587462425232,0.7622097730636597
YBR183W,YPR161C,0,-1.1963427,0.11481696367263794,0.9801587462425232,0.7623098492622375
YBR035C,YPL196W,0,-1.1966347,0.11480362713336945,0.9801587462425232,0.7624099254608154
YNL046W,YBR002C,0,-1.1969724,0.11479029059410095,0.9801587462425232,0.7625100016593933
YMR081C,YMR128W,0,-1.1969954,0.11477695405483246,0.9801587462425232,0.7626100778579712
YGR195W,YLR390W-A,0,-1.1974087,0.11476361751556396,0.9801587462425232,0.7627101540565491
YLR126C,YNL214W,0,-1.1982039,0.11475028842687607,0.9801587462425232,0.762810230255127
YBR102C,YGR138C,0,-1.1991566,0.11473696678876877,0.9801587462425232,0.7629103064537048
YMR022W,YBL051C,0,-1.199625,0.11472364515066147,0.9801587462425232,0.7630103826522827
YBR149W,YML023C,0,-1.2012662,0.11471032351255417,0.9801587462425232,0.7631104588508606
YMR027W,YGR171C,0,-1.201448,0.11469700187444687,0.9801587462425232,0.7632105946540833
YPL163C,YPR003C,0,-1.2014973,0.11468368768692017,0.9801587462425232,0.7633106708526611
YGR080W,YNL003C,0,-1.2018054,0.11467038094997406,0.9801587462425232,0.763410747051239
YGR223C,YLR224W,0,-1.2018437,0.11465707421302795,0.9801587462425232,0.7635108232498169
YNL280C,YPR063C,0,-1.2021217,0.11464376747608185,0.9801587462425232,0.7636108994483948
YGR053C,YKL056C,0,-1.2023482,0.11463046818971634,0.9801587462425232,0.7637109756469727
YGR100W,YML024W,0,-1.2026916,0.11461716890335083,0.9801587462425232,0.7638110518455505
YIR039C,YMR234W,0,-1.2034907,0.11460387706756592,0.9801587462425232,0.7639111280441284
YGL122C,YOR067C,0,-1.2041794,0.114590585231781,0.9801587462425232,0.7640112042427063
YPL262W,YOL013C,0,-1.2043085,0.1145772933959961,0.9801587462425232,0.7641112804412842
YDR206W,YEL047C,0,-1.2043848,0.11456400901079178,0.9801587462425232,0.7642113566398621
YMR028W,YHR072W,0,-1.2049681,0.11455072462558746,0.9801587462425232,0.7643114328384399
YGR208W,YGR016W,0,-1.2053797,0.11453744769096375,0.9801587462425232,0.7644115090370178
YHL050C,YNL062C,0,-1.2059917,0.11452417075634003,0.9801587462425232,0.7645115852355957
YOR354C,YLR378C,0,-1.2065187,0.11451089382171631,0.9801587462425232,0.7646116614341736
YHR139C,YDL067C,0,-1.2073209,0.11449762433767319,0.9801587462425232,0.7647117972373962
YNL122C,YKL077W,0,-1.2073624,0.11448435485363007,0.9801587462425232,0.7648118734359741
YLR088W,YGR263C,0,-1.2083081,0.11447109282016754,0.9801587462425232,0.764911949634552
YMR085W,YPL264C,0,-1.2085538,0.11445783078670502,0.9801587462425232,0.7650120258331299
YBL002W,YDR056C,0,-1.2088966,0.11444457620382309,0.9801587462425232,0.7651121020317078
YLR110C,YMR233W,0,-1.2091738,0.11443132162094116,0.9801587462425232,0.7652121782302856
YBR193C,YBR183W,0,-1.2106616,0.11441806703805923,0.9801587462425232,0.7653122544288635
YMR258C,YER067W,0,-1.2107282,0.1144048199057579,0.9801587462425232,0.7654123306274414
YEL046C,YER110C,0,-1.2111745,0.11439157277345657,0.9801587462425232,0.7655124068260193
YOR313C,YKR039W,0,-1.2126858,0.11437832564115524,0.9801587462425232,0.7656124830245972
YKL028W,YNL067W,0,-1.2129767,0.11436508595943451,0.9801587462425232,0.765712559223175
YOR329C,YLL067C,0,-1.2130255,0.11435185372829437,0.9801587462425232,0.7658126354217529
YHR104W,YNR038W,0,-1.2132764,0.11433862149715424,0.9801587462425232,0.7659127116203308
YMR081C,YER163C,0,-1.213486,0.1143253892660141,0.9801587462425232,0.7660127878189087
YLR092W,YBR247C,0,-1.2151815,0.11431215703487396,0.9801587462425232,0.7661128640174866
YLR209C,YNL138W,0,-1.2157701,0.11429893225431442,0.9801587462425232,0.7662129998207092
YOR306C,YGR110W,0,-1.2172749,0.11428571492433548,0.9801587462425232,0.7663130760192871
YGL147C,YPL181W,0,-1.2173101,0.11427249759435654,0.9801587462425232,0.766413152217865
YNR059W,YLR013W,0,-1.2185645,0.1142592802643776,0.9801587462425232,0.7665132284164429
YDL005C,YGL263W,0,-1.21857,0.11424607038497925,0.9801587462425232,0.7666133046150208
YGL089C,YKR048C,0,-1.2187185,0.1142328605055809,0.9801587462425232,0.7667133808135986
YLR277C,YDL140C,0,-1.2188966,0.11421965062618256,0.9801587462425232,0.7668134570121765
YGR220C,YLR243W,0,-1.2189758,0.11420644819736481,0.9801587462425232,0.7669135332107544
YLR134W,YMR266W,0,-1.2197655,0.11419325321912766,0.9801587462425232,0.7670136094093323
YOR165W,YOR176W,0,-1.219958,0.1141800507903099,0.9801587462425232,0.7671136856079102
YOR292C,YDL044C,0,-1.2205138,0.11416685581207275,0.9801587462425232,0.767213761806488
YJL157C,YER175C,0,-1.2211936,0.1141536682844162,0.9801587462425232,0.7673138380050659
YCL067C,YPR173C,0,-1.2213974,0.11414048075675964,0.9801587462425232,0.7674139142036438
YGR007W,YDR533C,0,-1.2219388,0.11412729322910309,0.9801587462425232,0.7675139904022217
YOL058W,YDR054C,0,-1.2224848,0.11411411315202713,0.9801587462425232,0.7676140666007996
YCR102C,YGR238C,0,-1.2229282,0.11410093307495117,0.9801587462425232,0.7677141427993774
YMR025W,YNR030W,0,-1.2232016,0.11408776044845581,0.9801587462425232,0.7678142786026001
YML041C,YNL157W,0,-1.2235382,0.11407458782196045,0.9801587462425232,0.767914354801178
YHR194W,YOR313C,0,-1.2242192,0.11406141519546509,0.9801587462425232,0.7680144309997559
YLR095C,YNL305C,0,-1.2242484,0.11404825001955032,0.9801587462425232,0.7681145071983337
YLR106C,YJL080C,0,-1.2244513,0.11403508484363556,0.9801587462425232,0.7682145833969116
YGL179C,YML115C,0,-1.2258108,0.11402192711830139,0.9801587462425232,0.7683146595954895
YHR021C,YBR171W,0,-1.227545,0.11400876939296722,0.9801587462425232,0.7684147357940674
YNL007C,YOL031C,0,-1.2279999,0.11399561911821365,0.9801587462425232,0.7685148119926453
YPL048W,YGL129C,0,-1.2281941,0.11398246139287949,0.9801587462425232,0.7686148881912231
YFL005W,YGR257C,0,-1.2293441,0.11396931856870651,0.9801587462425232,0.768714964389801
YOR231W,YGR105W,0,-1.2305508,0.11395616829395294,0.9801587462425232,0.7688150405883789
YDL222C,YDL184C,0,-1.2309368,0.11394302546977997,0.9801587462425232,0.7689151167869568
YGL166W,YJR127C,0,-1.2309642,0.11392989009618759,0.9801587462425232,0.7690151929855347
YJR096W,YCL020W,0,-1.2309889,0.11391675472259521,0.9801587462425232,0.7691152691841125
YLR304C,YKL198C,0,-1.2320142,0.11390361934900284,0.9801587462425232,0.7692153453826904
YKL138C,YJL101C,0,-1.2325698,0.11389049142599106,0.9801587462425232,0.7693154811859131
YNR061C,YLR328W,0,-1.2333056,0.11387736350297928,0.9801587462425232,0.769415557384491
YLR065C,YPL151C,0,-1.2339083,0.1138642355799675,0.9801587462425232,0.7695156335830688
YDL145C,YGR263C,0,-1.2344463,0.11385111510753632,0.9801587462425232,0.7696157097816467
YML024W,YDR063W,0,-1.2347832,0.11383800208568573,0.9801587462425232,0.7697157859802246
YEL002C,YAR003W,0,-1.2349253,0.11382488161325455,0.9801587462425232,0.7698158621788025
YGR061C,YJL080C,0,-1.235008,0.11381177604198456,0.9801587462425232,0.7699159383773804
YPL150W,YHR135C,0,-1.2351356,0.11379866302013397,0.9801587462425232,0.7700160145759583
YGL029W,YOR167C,0,-1.2352146,0.11378555744886398,0.9801587462425232,0.7701160907745361
YKL217W,YHR110W,0,-1.2353739,0.113772451877594,0.9801587462425232,0.770216166973114
YKL168C,YBR172C,0,-1.2355433,0.1137593537569046,0.9801587462425232,0.7703162431716919
YOR131C,YLR056W,0,-1.2355468,0.11374625563621521,0.9801587462425232,0.7704163193702698
YOR165W,YER078C,0,-1.2357965,0.11373316496610641,0.9801587462425232,0.7705163955688477
YDL085W,YLR292C,0,-1.2370646,0.11372007429599762,0.9801587462425232,0.7706164717674255
YBR213W,YML004C,0,-1.2381066,0.11370698362588882,0.9801587462425232,0.7707165479660034
YDR246W,YMR233W,0,-1.2383537,0.11369390040636063,0.9801587462425232,0.7708166241645813
YDL049C,YNL008C,0,-1.2384294,0.11368081718683243,0.9801587462425232,0.770916759967804
YLR423C,YLL064C,0,-1.2384665,0.11366774141788483,0.9801587462425232,0.7710168361663818
YLR043C,YBL104C,0,-1.2392297,0.11365466564893723,0.9801587462425232,0.7711169123649597
YEL022W,YCL040W,0,-1.2393957,0.11364158987998962,0.9801587462425232,0.7712169885635376
YKL038W,YDR026C,0,-1.239856,0.11362852156162262,0.9801587462425232,0.7713170647621155
YDR487C,YMR294W,0,-1.2398576,0.11361545324325562,0.9801587462425232,0.7714171409606934
YBR219C,YDR050C,0,-1.2406043,0.11360239237546921,0.9801587462425232,0.7715172171592712
YEL068C,YAL058W,0,-1.2409422,0.1135893315076828,0.9801587462425232,0.7716172933578491
YDR359C,YJR065C,0,-1.2411071,0.11357627063989639,0.9801587462425232,0.771717369556427
YGR020C,YER033C,0,-1.2413634,0.11356321722269058,0.9801587462425232,0.7718174457550049
YKL087C,YGR215W,0,-1.2414339,0.11355016380548477,0.9801587462425232,0.7719175219535828
YOR228C,YIL124W,0,-1.2426106,0.11353711783885956,0.9801587462425232,0.7720175981521606
YDR308C,YLR249W,0,-1.2436748,0.11352407187223434,0.9801587462425232,0.7721176743507385
YBR056W,YML004C,0,-1.2436805,0.11351102590560913,0.9801587462425232,0.7722177505493164
YEL041W,YDR282C,0,-1.2438396,0.11349798738956451,0.9801587462425232,0.7723178267478943
YKL017C,YMR243C,0,-1.2438416,0.1134849563241005,0.9801587462425232,0.7724179625511169
YLR405W,YMR244C-A,0,-1.2440621,0.11347191780805588,0.9801587462425232,0.7725180387496948
YPL056C,YOR168W,0,-1.2445962,0.11345888674259186,0.9801587462425232,0.7726181149482727
YCR072C,YMR305C,0,-1.2450686,0.11344586312770844,0.9801587462425232,0.7727181911468506
YBR271W,YPR113W,0,-1.2454202,0.11343283951282501,0.9801587462425232,0.7728182673454285
YPR160W,YPR199C,0,-1.2456903,0.11341981589794159,0.9801587462425232,0.7729183435440063
YDL067C,YBL016W,0,-1.2460958,0.11340679228305817,0.9801587462425232,0.7730184197425842
YGL027C,YOL016C,0,-1.2470086,0.11339377611875534,0.9801587462425232,0.7731184959411621
YOR195W,YGR249W,0,-1.2470565,0.11338076740503311,0.9801587462425232,0.77321857213974
YBR161W,YPL079W,0,-1.2481873,0.11336775869131088,0.9801587462425232,0.7733186483383179
YCL026C-A,YJL221C,0,-1.2483709,0.11335474997758865,0.9801587462425232,0.7734187245368958
YIL109C,YKL064W,0,-1.2489083,0.11334174871444702,0.9801587462425232,0.7735188007354736
YML067C,YMR052W,0,-1.2493479,0.11332874745130539,0.9801587462425232,0.7736188769340515
YER066W,YKL198C,0,-1.2495573,0.11331574618816376,0.9801587462425232,0.7737189531326294
YDR382W,YCR060W,0,-1.2495623,0.11330275237560272,0.9801587462425232,0.7738190293312073
YDR098C,YMR049C,0,-1.2497892,0.11328975856304169,0.9801587462425232,0.7739191055297852
YBR298C,YJL142C,0,-1.2502545,0.11327677220106125,0.9801587462425232,0.7740192413330078
YMR230W,YLR164W,0,-1.2507117,0.11326378583908081,0.9801587462425232,0.7741193175315857
YMR200W,YNL005C,0,-1.2507213,0.11325079947710037,0.9801587462425232,0.7742193937301636
YKL010C,YDR387C,0,-1.2508166,0.11323782056570053,0.9801587462425232,0.7743194699287415
YBR006W,YLR193C,0,-1.2515855,0.11322484165430069,0.9801587462425232,0.7744195461273193
YBR149W,YGR250C,0,-1.251818,0.11321187019348145,0.9801587462425232,0.7745196223258972
YOL083W,YIL126W,0,-1.2522664,0.1131988987326622,0.9801587462425232,0.7746196985244751
YGL143C,YIR035C,0,-1.2528931,0.11318593472242355,0.9801587462425232,0.774719774723053
YBR105C,YDL184C,0,-1.2533036,0.11317296326160431,0.9801587462425232,0.7748198509216309
YBR223C,YIL146C,0,-1.2533352,0.11316000670194626,0.9801587462425232,0.7749199271202087
YIL056W,YER094C,0,-1.2541007,0.11314704269170761,0.9801587462425232,0.7750200033187866
YPL276W,YER163C,0,-1.2545085,0.11313408613204956,0.9801587462425232,0.7751200795173645
YLR121C,YJL184W,0,-1.2545724,0.1131211370229721,0.9801587462425232,0.7752201557159424
YFL005W,YIL065C,0,-1.2548939,0.11310818791389465,0.9801587462425232,0.7753202319145203
YGL234W,YEL068C,0,-1.256571,0.1130952388048172,0.9801587462425232,0.7754203081130981
YIL034C,YAR009C,0,-1.256825,0.11308229714632034,0.9801587462425232,0.7755204439163208
YDR179W-A,YER057C,0,-1.2572422,0.11306935548782349,0.9801587462425232,0.7756205201148987
YNL238W,YMR290C,0,-1.2573223,0.11305641382932663,0.9801587462425232,0.7757205963134766
YGL056C,YNL219C,0,-1.2578034,0.11304347962141037,0.9801587462425232,0.7758206725120544
YGR244C,YNL288W,0,-1.2579054,0.11303054541349411,0.9801587462425232,0.7759207487106323
YDR385W,YCR071C,0,-1.258007,0.11301761865615845,0.9801587462425232,0.7760208249092102
YMR281W,YLR459W,0,-1.2582142,0.11300469189882278,0.9801587462425232,0.7761209011077881
YDR539W,YLR009W,0,-1.258723,0.11299176514148712,0.9801587462425232,0.776220977306366
YOR304C-A,YDR414C,0,-1.2596581,0.11297884583473206,0.9801587462425232,0.7763210535049438
YGL018C,YIR038C,0,-1.2598717,0.11296592652797699,0.9801587462425232,0.7764211297035217
YNL079C,YBR180W,0,-1.2599387,0.11295301467180252,0.9801587462425232,0.7765212059020996
YBL092W,YOL018C,0,-1.2605735,0.11294010281562805,0.9801587462425232,0.7766212821006775
YMR313C,YEL063C,0,-1.260577,0.11292719095945358,0.9801587462425232,0.7767213582992554
YCL045C,YPL059W,0,-1.2623743,0.11291428655385971,0.9801587462425232,0.7768214344978333
YLR274W,YDL198C,0,-1.2635407,0.11290138214826584,0.9801587462425232,0.7769215106964111
YJL167W,YPR124W,0,-1.263669,0.11288848519325256,0.9801587462425232,0.7770216464996338
YKL003C,YLR106C,0,-1.2643125,0.11287558823823929,0.9801587462425232,0.7771217226982117
YBR207W,YER012W,0,-1.2652996,0.11286269128322601,0.9801587462425232,0.7772217988967896
YOR266W,YBR283C,0,-1.2655026,0.11284980177879333,0.9801587462425232,0.7773218750953674
YGL096W,YER010C,0,-1.2655334,0.11283691227436066,0.9801587462425232,0.7774219512939453
YFL057C,YBR096W,0,-1.2666357,0.11282402276992798,0.9801587462425232,0.7775220274925232
YDR449C,YML058W-A,0,-1.2670972,0.1128111407160759,0.9801587462425232,0.7776221036911011
YPL202C,YPL273W,0,-1.2675884,0.11279826611280441,0.9801587462425232,0.777722179889679
YNL249C,YLL061W,0,-1.2676183,0.11278539150953293,0.9801587462425232,0.7778222560882568
YLR099C,YPL059W,0,-1.2678049,0.11277251690626144,0.9801587462425232,0.7779223322868347
YHR098C,YML011C,0,-1.2681693,0.11275964230298996,0.9801587462425232,0.7780224084854126
YOR197W,YLR072W,0,-1.2683551,0.11274677515029907,0.9801587462425232,0.7781224846839905
YDR185C,YOR007C,0,-1.2684307,0.11273390799760818,0.9801587462425232,0.7782225608825684
YBL038W,YOR246C,0,-1.2690576,0.1127210482954979,0.9801587462425232,0.7783226370811462
YKL125W,YDR063W,0,-1.2695794,0.1127081885933876,0.9801587462425232,0.7784227132797241
YOL083W,YOR104W,0,-1.269681,0.11269533634185791,0.9801587462425232,0.778522789478302
YPL241C,YPL171C,0,-1.2699068,0.11268248409032822,0.9801587462425232,0.7786229252815247
YMR166C,YMR233W,0,-1.2719777,0.11266963183879852,0.9801587462425232,0.7787230014801025
YJR135W-A,YJL146W,0,-1.2726882,0.11265678703784943,0.9801587462425232,0.7788230776786804
YBR102C,YML132W,0,-1.2734416,0.11264394223690033,0.9801587462425232,0.7789231538772583
YGR144W,YDL199C,0,-1.2734528,0.11263109743595123,0.9801587462425232,0.7790232300758362
YDR307W,YMR077C,0,-1.2735785,0.11261826008558273,0.9801587462425232,0.7791233062744141
YOR123C,YFR015C,0,-1.2735827,0.11260542273521423,0.9801587462425232,0.7792233824729919
YGL198W,YPL194W,0,-1.2739064,0.11259259283542633,0.9801587462425232,0.7793234586715698
YJR100C,YDR151C,0,-1.2740817,0.11257976293563843,0.9801587462425232,0.7794235348701477
YJL101C,YGR263C,0,-1.2747061,0.11256693303585052,0.9801587462425232,0.7795236110687256
YDR039C,YPL226W,0,-1.2749975,0.11255411058664322,0.9801587462425232,0.7796236872673035
YOR226C,YMR266W,0,-1.2751435,0.11254128813743591,0.9801587462425232,0.7797237634658813
YFL033C,YLR057W,0,-1.275265,0.1125284731388092,0.9801587462425232,0.7798238396644592
YKL167C,YDL220C,0,-1.2754928,0.1125156581401825,0.9801587462425232,0.7799239158630371
YBR276C,YMR323W,0,-1.2756431,0.11250284314155579,0.9801587462425232,0.780023992061615
YDL073W,YBL045C,0,-1.2758876,0.11249003559350967,0.9801587462425232,0.7801241278648376
YER019C-A,YPL009C,0,-1.276089,0.11247722804546356,0.9801587462425232,0.7802242040634155
YAL028W,YMR008C,0,-1.2771063,0.11246442794799805,0.9801587462425232,0.7803242802619934
YOR155C,YCR068W,0,-1.2776005,0.11245162785053253,0.9801587462425232,0.7804243564605713
YJL026W,YJR006W,1,-1.278228,0.11255263537168503,0.9811508059501648,0.7804243564605713
YDR182W,YCL017C,0,-1.2787452,0.11253982782363892,0.9811508059501648,0.7805244326591492
YCR066W,YLR347C,0,-1.2790014,0.1125270202755928,0.9811508059501648,0.780624508857727
YKL058W,YFR042W,0,-1.2792733,0.11251422017812729,0.9811508059501648,0.7807245850563049
YDL111C,YGR250C,0,-1.2793117,0.11250142008066177,0.9811508059501648,0.7808246612548828
YMR195W,YDR416W,0,-1.279813,0.11248862743377686,0.9811508059501648,0.7809247374534607
YMR244C-A,YKR002W,0,-1.2799354,0.11247583478689194,0.9811508059501648,0.7810248136520386
YHR170W,YAL033W,0,-1.2805668,0.11246304214000702,0.9811508059501648,0.7811248898506165
YLR035C,YHR064C,0,-1.28116,0.1124502569437027,0.9811508059501648,0.7812249660491943
YOR219C,YCR035C,0,-1.2813517,0.11243747174739838,0.9811508059501648,0.7813250422477722
YGR091W,YGL039W,0,-1.2817829,0.11242468655109406,0.9811508059501648,0.7814251184463501
YDL231C,YMR018W,0,-1.2824697,0.11241190880537033,0.9811508059501648,0.781525194644928
YOR231W,YPR147C,0,-1.2829846,0.1123991385102272,0.9811508059501648,0.7816252708435059
YGL060W,YER052C,0,-1.2837224,0.11238636076450348,0.9811508059501648,0.7817254066467285
YPL220W,YHR149C,0,-1.2837503,0.11237359046936035,0.9811508059501648,0.7818254828453064
YOR228C,YGL136C,0,-1.2837706,0.11236082762479782,0.9811508059501648,0.7819255590438843
YHL020C,YER119C,0,-1.2843705,0.11234806478023529,0.9811508059501648,0.7820256352424622
YML131W,YER003C,0,-1.2850461,0.11233530193567276,0.9811508059501648,0.78212571144104
YGR209C,YOR106W,0,-1.2851448,0.11232254654169083,0.9811508059501648,0.7822257876396179
YOL139C,YLR347C,0,-1.2851851,0.11230979114770889,0.9811508059501648,0.7823258638381958
YPL088W,YDR212W,0,-1.2856541,0.11229703575372696,0.9811508059501648,0.7824259400367737
YBR201W,YKL029C,0,-1.2862456,0.11228428781032562,0.9811508059501648,0.7825260162353516
YBR040W,YDL206W,0,-1.2867746,0.11227153986692429,0.9811508059501648,0.7826260924339294
YDR516C,YOR190W,0,-1.2873284,0.11225879937410355,0.9811508059501648,0.7827261686325073
YLR186W,YGL053W,0,-1.2881145,0.1122460588812828,0.9811508059501648,0.7828262448310852
YLL051C,YGR142W,0,-1.2883754,0.11223331838846207,0.9811508059501648,0.7829263210296631
YDR363W,YNL048W,0,-1.288387,0.11222058534622192,0.9811508059501648,0.783026397228241
YGL196W,YBR035C,0,-1.2885904,0.11220785230398178,0.9811508059501648,0.7831264734268188
YJL134W,YDR071C,0,-1.2885954,0.11219511926174164,0.9811508059501648,0.7832266092300415
YOR103C,YMR202W,0,-1.2894194,0.11218239367008209,0.9811508059501648,0.7833266854286194
YOR202W,YLR188W,0,-1.2904397,0.11216967552900314,0.9811508059501648,0.7834267616271973
YMR313C,YLR220W,0,-1.2904958,0.1121569499373436,0.9811508059501648,0.7835268378257751
YAR027W,YLR065C,0,-1.2912256,0.11214423179626465,0.9811508059501648,0.783626914024353
YMR321C,YNL317W,0,-1.2918437,0.1121315211057663,0.9811508059501648,0.7837269902229309
YER154W,YKL023W,0,-1.2919575,0.11211881041526794,0.9811508059501648,0.7838270664215088
YDR367W,YOR221C,0,-1.292523,0.11210609972476959,0.9811508059501648,0.7839271426200867
YNL027W,YGL055W,0,-1.2925701,0.11209338903427124,0.9811508059501648,0.7840272188186646
YLR113W,YIL066C,1,-1.2941613,0.1121940165758133,0.9821428656578064,0.7840272188186646
YKL056C,YLR356W,0,-1.2942951,0.11218130588531494,0.9821428656578064,0.7841272950172424
YHR027C,YDL093W,0,-1.295259,0.11216859519481659,0.9821428656578064,0.7842273712158203
YGR047C,YLL061W,0,-1.2953429,0.11215588450431824,0.9821428656578064,0.7843274474143982
YLL011W,YMR279C,0,-1.2954341,0.11214318126440048,0.9821428656578064,0.7844275236129761
YBR241C,YHR170W,0,-1.295586,0.11213047802448273,0.9821428656578064,0.784527599811554
YEL036C,YOR009W,0,-1.295792,0.11211778223514557,0.9821428656578064,0.7846276760101318
YPL133C,YGL012W,0,-1.2970023,0.11210508644580841,0.9821428656578064,0.7847278118133545
YDR294C,YHL031C,0,-1.2972555,0.11209239065647125,0.9821428656578064,0.7848278880119324
YHL015W,YOR180C,0,-1.2975489,0.11207970231771469,0.9821428656578064,0.7849279642105103
YKL170W,YOR262W,0,-1.2977498,0.11206701397895813,0.9821428656578064,0.7850280404090881
YGL111W,YER087C-A,0,-1.2979984,0.11205433309078217,0.9821428656578064,0.785128116607666
YBR164C,YBR192W,0,-1.2981007,0.1120416447520256,0.9821428656578064,0.7852281928062439
YCR028C-A,YLR266C,0,-1.2985847,0.11202897131443024,0.9821428656578064,0.7853282690048218
YHR018C,YEL036C,0,-1.2986994,0.11201629042625427,0.9821428656578064,0.7854283452033997
YOR241W,YPR193C,0,-1.3001429,0.1120036169886589,0.9821428656578064,0.7855284214019775
YML131W,YIL095W,0,-1.3008516,0.11199095100164413,0.9821428656578064,0.7856284976005554
YER156C,YOR148C,0,-1.3009123,0.11197828501462936,0.9821428656578064,0.7857285737991333
YGL191W,YJL141C,0,-1.30107,0.1119656190276146,0.9821428656578064,0.7858286499977112
YKL188C,YMR264W,0,-1.3016913,0.11195296049118042,0.9821428656578064,0.7859287261962891
YLR413W,YJR048W,0,-1.3018287,0.11194030195474625,0.9821428656578064,0.7860288023948669
YDR097C,YGR180C,1,-1.3019927,0.1120406985282898,0.983134925365448,0.7860288023948669
YPR133W-A,YJL079C,0,-1.3021373,0.11202803254127502,0.983134925365448,0.7861288785934448
YKR053C,YHR194W,0,-1.3030238,0.11201537400484085,0.983134925365448,0.7862289547920227
YMR060C,YNL322C,0,-1.303028,0.11200271546840668,0.983134925365448,0.7863290905952454
YKL188C,YAL061W,0,-1.3032409,0.1119900569319725,0.983134925365448,0.7864291667938232
YBL051C,YDR352W,0,-1.3033967,0.11197739839553833,0.983134925365448,0.7865292429924011
YJR133W,YPL243W,0,-1.3036134,0.11196474730968475,0.983134925365448,0.786629319190979
YER049W,YDR503C,0,-1.3052294,0.11195210367441177,0.983134925365448,0.7867293953895569
YKR043C,YNR035C,0,-1.3053498,0.1119394525885582,0.983134925365448,0.7868294715881348
YPR102C,YNL280C,0,-1.3056809,0.11192681640386581,0.983134925365448,0.7869295477867126
YLR429W,YBL072C,0,-1.3056961,0.11191417276859283,0.983134925365448,0.7870296239852905
YGL228W,YJL108C,0,-1.305706,0.11190153658390045,0.983134925365448,0.7871297001838684
YLR095C,YDR064W,0,-1.3068345,0.11188890039920807,0.983134925365448,0.7872297763824463
YJL057C,YPR147C,0,-1.3074422,0.11187627166509628,0.983134925365448,0.7873298525810242
YEL054C,YER166W,0,-1.3085754,0.1118636429309845,0.983134925365448,0.787429928779602
YJL107C,YDR291W,0,-1.3087566,0.11185101419687271,0.983134925365448,0.7875300049781799
YDL124W,YPR193C,0,-1.3088274,0.11183839291334152,0.983134925365448,0.7876300811767578
YIL051C,YCL026C-A,0,-1.3089068,0.11182577162981033,0.983134925365448,0.7877301573753357
YBR001C,YGL082W,0,-1.3090816,0.11181315779685974,0.983134925365448,0.7878302931785583
YCR083W,YBR299W,0,-1.3097299,0.11180054396390915,0.983134925365448,0.7879303693771362
YHR094C,YDR325W,0,-1.30989,0.11178793013095856,0.983134925365448,0.7880304455757141
YBR227C,YGR088W,0,-1.310046,0.11177532374858856,0.983134925365448,0.788130521774292
YMR304W,YNL177C,0,-1.3104646,0.11176271736621857,0.983134925365448,0.7882305979728699
YAL017W,YPL186C,0,-1.310466,0.11175011098384857,0.983134925365448,0.7883306741714478
YML123C,YEL007W,0,-1.3107632,0.11173751205205917,0.983134925365448,0.7884307503700256
YGR235C,YBR055C,0,-1.311169,0.11172491312026978,0.983134925365448,0.7885308265686035
YGR199W,YKL220C,0,-1.3114915,0.11171232163906097,0.983134925365448,0.7886309027671814
YBR241C,YMR212C,0,-1.311651,0.11169973015785217,0.983134925365448,0.7887309789657593
YDL029W,YGL200C,0,-1.3116957,0.11168713867664337,0.983134925365448,0.7888310551643372
YPL217C,YER178W,0,-1.3119067,0.11167455464601517,0.983134925365448,0.788931131362915
YLR059C,YOR291W,0,-1.3121152,0.11166197061538696,0.983134925365448,0.7890312075614929
YJL123C,YLR378C,0,-1.3127732,0.11164939403533936,0.983134925365448,0.7891312837600708
YDR247W,YPL169C,0,-1.3129513,0.11163681745529175,0.983134925365448,0.7892313599586487
YJL173C,YBR058C-A,0,-1.31324,0.11162424087524414,0.983134925365448,0.7893314361572266
YJL173C,YMR266W,0,-1.3138487,0.11161166429519653,0.983134925365448,0.7894315719604492
YBR282W,YNL240C,0,-1.3142374,0.11159910261631012,0.983134925365448,0.7895316481590271
YLR388W,YDR004W,0,-1.3146231,0.11158653348684311,0.983134925365448,0.789631724357605
YKL077W,YHR087W,0,-1.3148984,0.1115739718079567,0.983134925365448,0.7897318005561829
YNL145W,YKL007W,0,-1.3154302,0.11156141012907028,0.983134925365448,0.7898318767547607
YGR142W,YMR184W,0,-1.3156114,0.11154884845018387,0.983134925365448,0.7899319529533386
YDR151C,YIL083C,0,-1.3163047,0.11153629422187805,0.983134925365448,0.7900320291519165
YIL077C,YOR007C,0,-1.3166616,0.11152374744415283,0.983134925365448,0.7901321053504944
YKL219W,YCL018W,0,-1.3169401,0.11151119321584702,0.983134925365448,0.7902321815490723
YOR375C,YMR208W,0,-1.3180745,0.1114986464381218,0.983134925365448,0.7903322577476501
YMR316W,YKL157W,0,-1.3183012,0.11148610711097717,0.983134925365448,0.790432333946228
YMR155W,YBR235W,0,-1.3187387,0.11147356778383255,0.983134925365448,0.7905324101448059
YLR174W,YLR332W,0,-1.3187897,0.11146102845668793,0.983134925365448,0.7906324863433838
YOR213C,YDR128W,0,-1.3189274,0.1114484965801239,0.983134925365448,0.7907325625419617
YOR143C,YBL005W,0,-1.320373,0.11143595725297928,0.983134925365448,0.7908326387405396
YGL091C,YGL231C,0,-1.320379,0.11142343282699585,0.983134925365448,0.7909327745437622
YOL058W,YGL194C,0,-1.3214436,0.11141090840101242,0.983134925365448,0.7910328507423401
YNL046W,YDR317W,0,-1.3215668,0.11139838397502899,0.983134925365448,0.791132926940918
YLR084C,YCR030C,0,-1.3223494,0.11138585954904556,0.983134925365448,0.7912330031394958
YOR063W,YDR097C,0,-1.3227296,0.11137334257364273,0.983134925365448,0.7913330793380737
YIR031C,YMR316C-A,0,-1.3234515,0.1113608255982399,0.983134925365448,0.7914331555366516
YBR266C,YBR204C,0,-1.3239887,0.11134831607341766,0.983134925365448,0.7915332317352295
YPR011C,YOL113W,0,-1.3249434,0.11133580654859543,0.983134925365448,0.7916333079338074
YML075C,YNL019C,0,-1.3252178,0.1113232970237732,0.983134925365448,0.7917333841323853
YOR007C,YCR046C,0,-1.325602,0.11131079494953156,0.983134925365448,0.7918334603309631
YLL006W,YPL222W,0,-1.3256855,0.11129829287528992,0.983134925365448,0.791933536529541
YHR096C,YDL135C,0,-1.3256959,0.11128579080104828,0.983134925365448,0.7920336127281189
YGL240W,YKR006C,0,-1.3259047,0.11127329617738724,0.983134925365448,0.7921336889266968
YML087C,YKL148C,0,-1.3268247,0.1112608090043068,0.983134925365448,0.7922337651252747
YGL084C,YLR213C,0,-1.3277185,0.11124831438064575,0.983134925365448,0.7923338413238525
YLR073C,YNL132W,0,-1.328752,0.11123582720756531,0.983134925365448,0.7924339175224304
YKL055C,YMR083W,0,-1.3289559,0.11122334748506546,0.983134925365448,0.7925340533256531
YMR121C,YLR375W,0,-1.3289949,0.11121086031198502,0.983134925365448,0.792634129524231
YOL098C,YER100W,0,-1.3290156,0.11119838058948517,0.983134925365448,0.7927342057228088
YLR121C,YOR372C,0,-1.329201,0.11118590831756592,0.983134925365448,0.7928342819213867
YLR109W,YHL004W,0,-1.3295466,0.11117343604564667,0.983134925365448,0.7929343581199646
YNL291C,YMR133W,0,-1.3308157,0.11116096377372742,0.983134925365448,0.7930344343185425
YOL143C,YNL014W,0,-1.33104,0.11114849895238876,0.983134925365448,0.7931345105171204
YML029W,YJR161C,0,-1.3312242,0.11113603413105011,0.983134925365448,0.7932345867156982
YDR287W,YOL124C,0,-1.3313892,0.11112356930971146,0.983134925365448,0.7933346629142761
YLR192C,YJR153W,0,-1.3314283,0.1111111119389534,0.983134925365448,0.793434739112854
YEL060C,YER059W,0,-1.331618,0.11109865456819534,0.983134925365448,0.7935348153114319
YHR075C,YPL264C,0,-1.3317027,0.11108620464801788,0.983134925365448,0.7936348915100098
YEL065W,YJR085C,0,-1.3341198,0.11107374727725983,0.983134925365448,0.7937349677085876
YER033C,YPL170W,0,-1.3342948,0.11106130480766296,0.983134925365448,0.7938350439071655
YML103C,YDR307W,0,-1.3350961,0.1110488548874855,0.983134925365448,0.7939351201057434
YIR022W,YOR298C-A,0,-1.3356667,0.11103641241788864,0.983134925365448,0.7940352559089661
YPR157W,YIL046W,0,-1.3359442,0.11102397739887238,0.983134925365448,0.794135332107544
YDR539W,YBR085W,0,-1.3365805,0.11101153492927551,0.983134925365448,0.7942354083061218
YDL014W,YOL005C,0,-1.3373318,0.11099910736083984,0.983134925365448,0.7943354845046997
YJL159W,YLR153C,0,-1.3377523,0.11098667234182358,0.983134925365448,0.7944355607032776
YBR205W,YPR115W,0,-1.3377764,0.11097424477338791,0.983134925365448,0.7945356369018555
YNL040W,YMR004W,0,-1.3389097,0.11096181720495224,0.983134925365448,0.7946357131004333
YGL051W,YGL083W,0,-1.3389823,0.11094939708709717,0.983134925365448,0.7947357892990112
YDR098C,YCR023C,0,-1.339026,0.1109369769692421,0.983134925365448,0.7948358654975891
YOL154W,YDR407C,0,-1.3391225,0.11092455685138702,0.983134925365448,0.794935941696167
YPR086W,YNL265C,0,-1.3392856,0.11091214418411255,0.983134925365448,0.7950360178947449
YHR003C,YDR247W,0,-1.3399067,0.11089973151683807,0.983134925365448,0.7951360940933228
YJL083W,YGR032W,0,-1.3399761,0.1108873188495636,0.983134925365448,0.7952361702919006
YGR174C,YER057C,0,-1.3402574,0.11087491363286972,0.983134925365448,0.7953362464904785
YNL004W,YKL060C,0,-1.3405894,0.11086251586675644,0.983134925365448,0.7954363226890564
YOL107W,YLR221C,0,-1.3417635,0.11085011065006256,0.983134925365448,0.795536458492279
YJR050W,YLR034C,0,-1.3419461,0.11083771288394928,0.983134925365448,0.7956365346908569
YML086C,YGL258W,0,-1.3420672,0.110825315117836,0.983134925365448,0.7957366108894348
YPR038W,YDR262W,0,-1.3423767,0.11081292480230331,0.983134925365448,0.7958366870880127
YNL305C,YDL170W,0,-1.3435775,0.11080053448677063,0.983134925365448,0.7959367632865906
YNL022C,YOL156W,0,-1.3441367,0.11078815162181854,0.983134925365448,0.7960368394851685
YJR124C,YMR269W,0,-1.3441973,0.11077576875686646,0.983134925365448,0.7961369156837463
YKL204W,YIL123W,0,-1.3447802,0.11076338589191437,0.983134925365448,0.7962369918823242
YPL160W,YKL175W,0,-1.3452044,0.11075100302696228,0.983134925365448,0.7963370680809021
YJL036W,YBR086C,0,-1.3452147,0.11073862761259079,0.983134925365448,0.79643714427948
YNL024C,YLR432W,0,-1.3458489,0.1107262596487999,0.983134925365448,0.7965372204780579
YPR004C,YKR084C,0,-1.3464837,0.1107138842344284,0.983134925365448,0.7966372966766357
YNL283C,YHR176W,0,-1.3468301,0.11070151627063751,0.983134925365448,0.7967373728752136
YOL003C,YGR249W,0,-1.3471515,0.11068915575742722,0.983134925365448,0.7968374490737915
YOL003C,YMR296C,0,-1.3476182,0.11067679524421692,0.983134925365448,0.7969375252723694
YLR401C,YHR122W,0,-1.3479447,0.11066443473100662,0.983134925365448,0.7970376014709473
YER048W-A,YNR067C,0,-1.3486235,0.11065207421779633,0.983134925365448,0.7971377372741699
YHR016C,YOR393W,0,-1.3490565,0.11063972115516663,0.983134925365448,0.7972378134727478
YHL015W,YNL003C,0,-1.3490951,0.11062737554311752,0.983134925365448,0.7973378896713257
YHL011C,YMR023C,0,-1.3500195,0.11061502248048782,0.983134925365448,0.7974379658699036
YCR076C,YDR013W,0,-1.3501209,0.11060267686843872,0.983134925365448,0.7975380420684814
YGR194C,YPR030W,0,-1.3506125,0.11059033870697021,0.983134925365448,0.7976381182670593
YGR178C,YDL199C,0,-1.3510302,0.11057799309492111,0.983134925365448,0.7977381944656372
YBR173C,YKR023W,0,-1.3519838,0.1105656623840332,0.983134925365448,0.7978382706642151
YOR247W,YNL076W,0,-1.3523371,0.1105533242225647,0.983134925365448,0.797938346862793
YGR174C,YGL022W,0,-1.3525877,0.11054099351167679,0.983134925365448,0.7980384230613708
YBL002W,YKL061W,0,-1.3535314,0.11052866280078888,0.983134925365448,0.7981384992599487
YNL158W,YMR083W,0,-1.3539374,0.11051633954048157,0.983134925365448,0.7982385754585266
YGL255W,YNL077W,0,-1.3541048,0.11050401628017426,0.983134925365448,0.7983386516571045
YOR176W,YOR152C,0,-1.3545306,0.11049169301986694,0.983134925365448,0.7984387278556824
YGR180C,YDL102W,1,-1.3549595,0.110590860247612,0.9841269850730896,0.7984387278556824
YHR216W,YFR015C,0,-1.3549651,0.11057852953672409,0.9841269850730896,0.7985388040542603
YGR271C-A,YHR044C,0,-1.3558115,0.11056620627641678,0.9841269850730896,0.7986389398574829
YBR161W,YGR250C,0,-1.3560371,0.11055388301610947,0.9841269850730896,0.7987390160560608
YMR161W,YOR073W,0,-1.3565403,0.11054156720638275,0.9841269850730896,0.7988390922546387
YML080W,YFR032C-A,0,-1.3571272,0.11052925139665604,0.9841269850730896,0.7989391684532166
YAL055W,YGR199W,0,-1.3572398,0.11051693558692932,0.9841269850730896,0.7990392446517944
YLR394W,YLL052C,0,-1.3587748,0.1105046197772026,0.9841269850730896,0.7991393208503723
YMR080C,YOR142W,0,-1.3591446,0.11049231141805649,0.9841269850730896,0.7992393970489502
YBR261C,YNL256W,0,-1.3594751,0.11048001050949097,0.9841269850730896,0.7993394732475281
YNL125C,YMR169C,0,-1.3595934,0.11046770960092545,0.9841269850730896,0.799439549446106
YDR251W,YFR025C,0,-1.3599179,0.11045540869235992,0.9841269850730896,0.7995396256446838
YMR008C,YER028C,0,-1.3600423,0.1104431077837944,0.9841269850730896,0.7996397018432617
YDR487C,YBR127C,0,-1.360693,0.11043081432580948,0.9841269850730896,0.7997397780418396
YDL087C,YOR085W,0,-1.3619109,0.11041852086782455,0.9841269850730896,0.7998398542404175
YNR039C,YJL107C,0,-1.3620744,0.11040623486042023,0.9841269850730896,0.7999399304389954
YPL160W,YDL198C,0,-1.3628174,0.1103939488530159,0.9841269850730896,0.8000400066375732
YKL181W,YOR106W,0,-1.3628217,0.11038166284561157,0.9841269850730896,0.8001400828361511
YIL027C,YOR131C,0,-1.3634124,0.11036938428878784,0.9841269850730896,0.8002402186393738
YOL078W,YHR048W,0,-1.3636639,0.11035710573196411,0.9841269850730896,0.8003402948379517
YJR049C,YKL188C,0,-1.3652375,0.11034482717514038,0.9841269850730896,0.8004403710365295
YNL046W,YHR046C,0,-1.36566,0.11033255606889725,0.9841269850730896,0.8005404472351074
YKR006C,YNR043W,0,-1.3667994,0.11032028496265411,0.9841269850730896,0.8006405234336853
YFL031W,YJR058C,0,-1.3669264,0.11030801385641098,0.9841269850730896,0.8007405996322632
YOL163W,YIL123W,0,-1.3673217,0.11029575020074844,0.9841269850730896,0.8008406758308411
YKL129C,YMR072W,0,-1.3674115,0.1102834939956665,0.9841269850730896,0.800940752029419
YKL188C,YGR080W,0,-1.368104,0.11027123034000397,0.9841269850730896,0.8010408282279968
YNL207W,YDR368W,0,-1.3681471,0.11025897413492203,0.9841269850730896,0.8011409044265747
YGL224C,YGL047W,0,-1.3681616,0.11024671792984009,0.9841269850730896,0.8012409806251526
YDL003W,YIL011W,0,-1.3684006,0.11023446917533875,0.9841269850730896,0.8013410568237305
YGR240C,YGR074W,0,-1.3686982,0.1102222204208374,0.9841269850730896,0.8014411330223083
YIL009C-A,YBR105C,0,-1.369025,0.11020997911691666,0.9841269850730896,0.8015412092208862
YPR140W,YPL097W,0,-1.3692932,0.11019773036241531,0.9841269850730896,0.8016412854194641
YCL057W,YBL089W,0,-1.3693182,0.11018549650907516,0.9841269850730896,0.8017414212226868
YKL094W,YOL082W,0,-1.3704,0.11017325520515442,0.9841269850730896,0.8018414974212646
YLR193C,YML023C,0,-1.370569,0.11016102135181427,0.9841269850730896,0.8019415736198425
YFR024C-A,YER058W,0,-1.3710666,0.11014878749847412,0.9841269850730896,0.8020416498184204
YBR040W,YGL228W,0,-1.3712025,0.11013656109571457,0.9841269850730896,0.8021417260169983
YHR112C,YPR063C,0,-1.3712099,0.11012433469295502,0.9841269850730896,0.8022418022155762
YKL071W,YGL200C,0,-1.3713237,0.11011210829019547,0.9841269850730896,0.802341878414154
YER175C,YER107C,0,-1.3722191,0.11009988933801651,0.9841269850730896,0.8024419546127319
YER134C,YNL131W,0,-1.3728325,0.11008767038583755,0.9841269850730896,0.8025420308113098
YLR389C,YMR238W,0,-1.3732786,0.1100754514336586,0.9841269850730896,0.8026421070098877
YNR013C,YML050W,0,-1.3736532,0.11006323993206024,0.9841269850730896,0.8027421832084656
YOR226C,YGL189C,0,-1.3736815,0.11005102843046188,0.9841269850730896,0.8028422594070435
YOR165W,YKL027W,0,-1.3739624,0.11003882437944412,0.9841269850730896,0.8029423356056213
YGL184C,YPR163C,0,-1.3741441,0.11002662032842636,0.9841269850730896,0.8030424118041992
YPL002C,YKR091W,0,-1.3741579,0.1100144162774086,0.9841269850730896,0.8031424880027771
YGR013W,YNL200C,0,-1.3745246,0.11000221967697144,0.9841269850730896,0.8032426238059998
YER017C,YER150W,0,-1.375201,0.10999002307653427,0.9841269850730896,0.8033427000045776
YKR049C,YMR087W,0,-1.3762008,0.1099778264760971,0.9841269850730896,0.8034427762031555
YGR026W,YDR017C,0,-1.3767737,0.10996563732624054,0.9841269850730896,0.8035428524017334
YDL085W,YOR299W,0,-1.3769438,0.10995344817638397,0.9841269850730896,0.8036429286003113
YGL085W,YPR072W,0,-1.3770032,0.1099412590265274,0.9841269850730896,0.8037430047988892
YOL007C,YGR185C,0,-1.3777938,0.10992907732725143,0.9841269850730896,0.803843080997467
YGR209C,YDR001C,0,-1.3789432,0.10991689562797546,0.9841269850730896,0.8039431571960449
YKL001C,YEL044W,0,-1.3790414,0.10990472137928009,0.9841269850730896,0.8040432333946228
YJR002W,YMR210W,0,-1.379127,0.10989254713058472,0.9841269850730896,0.8041433095932007
YGL055W,YNL268W,0,-1.3807805,0.10988037288188934,0.9841269850730896,0.8042433857917786
YCR044C,YLR079W,0,-1.380791,0.10986820608377457,0.9841269850730896,0.8043434619903564
YMR061W,YKL056C,0,-1.3817966,0.1098560318350792,0.9841269850730896,0.8044435381889343
YGL114W,YKL150W,0,-1.3825983,0.10984387248754501,0.9841269850730896,0.8045436143875122
YIL127C,YNL151C,0,-1.3827732,0.10983171314001083,0.9841269850730896,0.8046436905860901
YMR258C,YOR086C,0,-1.3832664,0.10981955379247665,0.9841269850730896,0.804743766784668
YKR056W,YHL011C,0,-1.3833774,0.10980739444494247,0.9841269850730896,0.8048439025878906
YJL069C,YGR136W,0,-1.3837311,0.10979524254798889,0.9841269850730896,0.8049439787864685
YMR232W,YMR196W,0,-1.3837826,0.10978309065103531,0.9841269850730896,0.8050440549850464
YNL257C,YPR003C,0,-1.3842844,0.10977093875408173,0.9841269850730896,0.8051441311836243
YDR542W,YNL076W,0,-1.3846377,0.10975879430770874,0.9841269850730896,0.8052442073822021
YOR285W,YLR067C,0,-1.3850849,0.10974664986133575,0.9841269850730896,0.80534428358078
YDL231C,YIL165C,0,-1.385483,0.10973451286554337,0.9841269850730896,0.8054443597793579
YDR173C,YHR199C,0,-1.3856311,0.10972237586975098,0.9841269850730896,0.8055444359779358
YAL016W,YDL122W,0,-1.3861114,0.10971023887395859,0.9841269850730896,0.8056445121765137
YMR012W,YML024W,0,-1.3874072,0.1096981093287468,0.9841269850730896,0.8057445883750916
YJR073C,YLR114C,0,-1.387826,0.109685979783535,0.9841269850730896,0.8058446645736694
YOR176W,YDR470C,0,-1.388879,0.10967385023832321,0.9841269850730896,0.8059447407722473
YGR042W,YGL142C,0,-1.3889527,0.10966172814369202,0.9841269850730896,0.8060448169708252
YGR220C,YJL185C,0,-1.389395,0.10964960604906082,0.9841269850730896,0.8061448931694031
YDR384C,YER183C,0,-1.3900366,0.10963749140501022,0.9841269850730896,0.806244969367981
YML023C,YDL027C,0,-1.390329,0.10962536931037903,0.9841269850730896,0.8063451051712036
YGL020C,YOR356W,0,-1.3904933,0.10961326211690903,0.9841269850730896,0.8064451813697815
YGL219C,YKL210W,0,-1.391098,0.10960114747285843,0.9841269850730896,0.8065452575683594
YBR008C,YDR456W,0,-1.3911227,0.10958904027938843,0.9841269850730896,0.8066453337669373
YIR023W,YGL256W,0,-1.3915056,0.10957693308591843,0.9841269850730896,0.8067454099655151
YIL165C,YMR279C,0,-1.3917063,0.10956483334302902,0.9841269850730896,0.806845486164093
YDR069C,YLR426W,0,-1.3920188,0.10955273360013962,0.9841269850730896,0.8069455623626709
YJR145C,YLR451W,0,-1.3936781,0.10954063385725021,0.9841269850730896,0.8070456385612488
YHR098C,YPR079W,0,-1.3939812,0.1095285415649414,0.9841269850730896,0.8071457147598267
YJR104C,YDL060W,0,-1.3950299,0.1095164492726326,0.9841269850730896,0.8072457909584045
YKL009W,YDL059C,0,-1.3963416,0.10950435698032379,0.9841269850730896,0.8073458671569824
YNL278W,YMR237W,0,-1.3964651,0.10949227213859558,0.9841269850730896,0.8074459433555603
YPL017C,YPR002W,0,-1.3967162,0.10948018729686737,0.9841269850730896,0.8075460195541382
YBR164C,YMR034C,0,-1.3986986,0.10946810990571976,0.9841269850730896,0.8076460957527161
YER150W,YCL029C,0,-1.3992884,0.10945603251457214,0.9841269850730896,0.807746171951294
YER023W,YAL039C,0,-1.3993807,0.10944395512342453,0.9841269850730896,0.8078462481498718
YDR296W,YCR028C-A,1,-1.4001062,0.10954219847917557,0.9851190447807312,0.8078462481498718
YMR012W,YML038C,0,-1.400162,0.10953011363744736,0.9851190447807312,0.8079463839530945
YMR307W,YMR288W,0,-1.4008836,0.10951802879571915,0.9851190447807312,0.8080464601516724
YNL101W,YJL171C,0,-1.4019341,0.10950595140457153,0.9851190447807312,0.8081465363502502
YEL026W,YOR262W,0,-1.4021034,0.10949388146400452,0.9851190447807312,0.8082466125488281
YFL050C,YNL320W,0,-1.4023143,0.1094818115234375,0.9851190447807312,0.808346688747406
YPR026W,YMR306W,0,-1.4025017,0.10946974158287048,0.9851190447807312,0.8084467649459839
YJR025C,YDR171W,0,-1.4026697,0.10945767164230347,0.9851190447807312,0.8085468411445618
YGL169W,YPL015C,0,-1.40334,0.10944560915231705,0.9851190447807312,0.8086469173431396
YOR335C,YLR251W,0,-1.4045583,0.10943354666233063,0.9851190447807312,0.8087469935417175
YDR486C,YLR378C,0,-1.4053277,0.10942148417234421,0.9851190447807312,0.8088470697402954
YKL133C,YOL163W,0,-1.405488,0.10940942913293839,0.9851190447807312,0.8089471459388733
YKL133C,YDL193W,0,-1.4059254,0.10939738154411316,0.9851190447807312,0.8090472221374512
YOR301W,YJL047C,0,-1.406125,0.10938532650470734,0.9851190447807312,0.809147298336029
YNL217W,YLR460C,0,-1.4062738,0.10937327891588211,0.9851190447807312,0.8092473745346069
YJR048W,YGR154C,0,-1.4063846,0.10936123132705688,0.9851190447807312,0.8093474507331848
YIR022W,YLR409C,0,-1.4065456,0.10934919118881226,0.9851190447807312,0.8094475865364075
YGL231C,YDL216C,0,-1.4069326,0.10933715105056763,0.9851190447807312,0.8095476627349854
YEL039C,YGR230W,0,-1.4069867,0.109325110912323,0.9851190447807312,0.8096477389335632
YKR006C,YLR188W,0,-1.4084028,0.10931307822465897,0.9851190447807312,0.8097478151321411
YDL058W,YLR241W,0,-1.4091125,0.10930104553699493,0.9851190447807312,0.809847891330719
YEL021W,YOL082W,0,-1.4096875,0.1092890128493309,0.9851190447807312,0.8099479675292969
YMR258C,YEL029C,0,-1.4102541,0.10927698761224747,0.9851190447807312,0.8100480437278748
YLR249W,YER117W,0,-1.4111197,0.10926496237516403,0.9851190447807312,0.8101481199264526
YLR310C,YDR155C,0,-1.4113557,0.1092529445886612,0.9851190447807312,0.8102481961250305
YNL216W,YLR056W,0,-1.4113953,0.10924092680215836,0.9851190447807312,0.8103482723236084
YJR054W,YNR060W,0,-1.4116422,0.10922890901565552,0.9851190447807312,0.8104483485221863
YOR128C,YGR175C,0,-1.4118373,0.10921689122915268,0.9851190447807312,0.8105484247207642
YIL088C,YDL017W,0,-1.4120803,0.10920488089323044,0.9851190447807312,0.810648500919342
YGL084C,YGL098W,0,-1.41354,0.1091928780078888,0.9851190447807312,0.8107485771179199
YGR042W,YIL108W,0,-1.414109,0.10918086767196655,0.9851190447807312,0.8108486533164978
YHR199C,YCL063W,0,-1.414704,0.10916886478662491,0.9851190447807312,0.8109487295150757
YOL077W-A,YGR262C,0,-1.4152434,0.10915686190128326,0.9851190447807312,0.8110488653182983
YBR061C,YGL259W,0,-1.4160557,0.10914486646652222,0.9851190447807312,0.8111489415168762
YHR098C,YHR046C,0,-1.4160879,0.10913287103176117,0.9851190447807312,0.8112490177154541
YLR295C,YER145C,0,-1.4162674,0.10912087559700012,0.9851190447807312,0.811349093914032
YPL078C,YOR054C,0,-1.4165342,0.10910888761281967,0.9851190447807312,0.8114491701126099
YDR273W,YER023W,0,-1.417916,0.10909689962863922,0.9851190447807312,0.8115492463111877
YEL015W,YKL043W,0,-1.4193283,0.10908491909503937,0.9851190447807312,0.8116493225097656
YOR140W,YER177W,0,-1.419332,0.10907293856143951,0.9851190447807312,0.8117493987083435
YDL111C,YPL171C,0,-1.4203682,0.10906095802783966,0.9851190447807312,0.8118494749069214
YNL145W,YOR193W,0,-1.4208523,0.10904897749423981,0.9851190447807312,0.8119495511054993
YBL087C,YKR098C,0,-1.4216219,0.10903700441122055,0.9851190447807312,0.8120496273040771
YDR060W,YAL036C,0,-1.4225656,0.1090250313282013,0.9851190447807312,0.812149703502655
YPL031C,YKL151C,0,-1.4226298,0.10901306569576263,0.9851190447807312,0.8122497797012329
YDR122W,YIR022W,0,-1.4231902,0.10900110006332397,0.9851190447807312,0.8123498558998108
YNL137C,YFR049W,0,-1.4233518,0.10898913443088531,0.9851190447807312,0.8124499320983887
YMR066W,YGL103W,0,-1.4233606,0.10897717624902725,0.9851190447807312,0.8125500679016113
YOR163W,YHR081W,0,-1.4236622,0.10896521806716919,0.9851190447807312,0.8126501441001892
YBR086C,YIL065C,0,-1.4241152,0.10895325988531113,0.9851190447807312,0.8127502202987671
YHR072W-A,YLL062C,0,-1.4244189,0.10894130915403366,0.9851190447807312,0.812850296497345
YML131W,YCL061C,0,-1.4244659,0.1089293584227562,0.9851190447807312,0.8129503726959229
YGL259W,YCL045C,0,-1.4255422,0.10891740769147873,0.9851190447807312,0.8130504488945007
YNL263C,YJR063W,0,-1.4261785,0.10890546441078186,0.9851190447807312,0.8131505250930786
YCR102C,YAL053W,0,-1.4263318,0.10889352113008499,0.9851190447807312,0.8132506012916565
YGL196W,YJR113C,0,-1.426497,0.10888157784938812,0.9851190447807312,0.8133506774902344
YNL101W,YER182W,0,-1.4265246,0.10886964201927185,0.9851190447807312,0.8134507536888123
YGL213C,YGR049W,0,-1.4268434,0.10885770618915558,0.9851190447807312,0.8135508298873901
YIR035C,YJL209W,0,-1.4275767,0.1088457778096199,0.9851190447807312,0.813650906085968
YER115C,YDR318W,0,-1.4290365,0.10883384197950363,0.9851190447807312,0.8137509822845459
YDR332W,YGL263W,0,-1.4299033,0.10882192105054855,0.9851190447807312,0.8138510584831238
YFR020W,YMR156C,0,-1.430335,0.10880999267101288,0.9851190447807312,0.8139511346817017
YAL063C,YNL153C,0,-1.4307288,0.1087980717420578,0.9851190447807312,0.8140512704849243
YMR125W,YBR008C,0,-1.4313879,0.10878615081310272,0.9851190447807312,0.8141513466835022
YJL033W,YLR178C,0,-1.4318314,0.10877423733472824,0.9851190447807312,0.8142514228820801
YPL188W,YDR089W,0,-1.4320683,0.10876232385635376,0.9851190447807312,0.814351499080658
YML087C,YGR172C,0,-1.4326155,0.10875041037797928,0.9851190447807312,0.8144515752792358
YBR217W,YLL052C,0,-1.432625,0.1087385043501854,0.9851190447807312,0.8145516514778137
YMR259C,YLR390W,0,-1.4331155,0.10872659832239151,0.9851190447807312,0.8146517276763916
YKL116C,YDR086C,0,-1.4338164,0.10871469229459763,0.9851190447807312,0.8147518038749695
YPR120C,YDR026C,0,-1.4340625,0.10870279371738434,0.9851190447807312,0.8148518800735474
YIL041W,YPL179W,0,-1.4346466,0.10869089514017105,0.9851190447807312,0.8149519562721252
YMR120C,YDL060W,0,-1.4349518,0.10867899656295776,0.9851190447807312,0.8150520324707031
YFR046C,YBR096W,0,-1.4361138,0.10866710543632507,0.9851190447807312,0.815152108669281
YLR421C,YER110C,0,-1.4362272,0.10865521430969238,0.9851190447807312,0.8152521848678589
YDR247W,YER155C,0,-1.4362532,0.10864332318305969,0.9851190447807312,0.8153522610664368
YDR462W,YLR133W,0,-1.4362996,0.1086314395070076,0.9851190447807312,0.8154523372650146
YOR369C,YDR113C,0,-1.437801,0.1086195558309555,0.9851190447807312,0.8155524134635925
YGL196W,YDR542W,0,-1.4384141,0.10860767960548401,0.9851190447807312,0.8156525492668152
YOR273C,YDR420W,0,-1.4387732,0.10859580338001251,0.9851190447807312,0.8157526254653931
YER134C,YCR024C,0,-1.4387816,0.10858392715454102,0.9851190447807312,0.815852701663971
YNL123W,YPL098C,0,-1.4391717,0.10857205092906952,0.9851190447807312,0.8159527778625488
YML116W,YOR216C,0,-1.4397161,0.10856018215417862,0.9851190447807312,0.8160528540611267
YGR213C,YGR241C,0,-1.4399421,0.10854831337928772,0.9851190447807312,0.8161529302597046
YGR026W,YPL164C,0,-1.4400866,0.10853645205497742,0.9851190447807312,0.8162530064582825
YLR006C,YGL168W,0,-1.4425341,0.10852459073066711,0.9851190447807312,0.8163530826568604
YGL114W,YLR099C,0,-1.4425666,0.10851272940635681,0.9851190447807312,0.8164531588554382
YDR513W,YMR009W,0,-1.442703,0.1085008755326271,0.9851190447807312,0.8165532350540161
YDR031W,YLR411W,0,-1.4427245,0.1084890216588974,0.9851190447807312,0.816653311252594
YLR460C,YNL127W,0,-1.4432046,0.1084771677851677,0.9851190447807312,0.8167533874511719
YOR175C,YDL130W,0,-1.4435582,0.10846532136201859,0.9851190447807312,0.8168534636497498
YNL190W,YJL146W,0,-1.4438053,0.10845347493886948,0.9851190447807312,0.8169535398483276
YNL045W,YLR406C,0,-1.4439435,0.10844162851572037,0.9851190447807312,0.8170536160469055
YOR341W,YIL008W,0,-1.4446508,0.10842978954315186,0.9851190447807312,0.8171537518501282
YMR268W-A,YDR037W,0,-1.445392,0.10841795057058334,0.9851190447807312,0.817253828048706
YNL241C,YCR048W,0,-1.44608,0.10840611159801483,0.9851190447807312,0.8173539042472839
YLR010C,YNL055C,0,-1.4464082,0.10839428007602692,0.9851190447807312,0.8174539804458618
YLL014W,YBR104W,0,-1.446754,0.108382448554039,0.9851190447807312,0.8175540566444397
YOR034C,YGL245W,0,-1.4467897,0.10837062448263168,0.9851190447807312,0.8176541328430176
YKR056W,YDL004W,0,-1.4475383,0.10835879296064377,0.9851190447807312,0.8177542090415955
YPR144C,YMR321C,0,-1.448441,0.10834696888923645,0.9851190447807312,0.8178542852401733
YGL195W,YMR049C,0,-1.4488828,0.10833515226840973,0.9851190447807312,0.8179543614387512
YER088C,YBR265W,0,-1.4500366,0.10832333564758301,0.9851190447807312,0.8180544376373291
YJL025W,YMR210W,0,-1.4500916,0.10831151902675629,0.9851190447807312,0.818154513835907
YGR234W,YAR031W,0,-1.4501066,0.10829970240592957,0.9851190447807312,0.8182545900344849
YAL008W,YER120W,0,-1.4513059,0.10828789323568344,0.9851190447807312,0.8183546662330627
YJL050W,YCR034W,0,-1.4515201,0.10827608406543732,0.9851190447807312,0.8184547424316406
YGL087C,YMR210W,0,-1.4516177,0.10826428234577179,0.9851190447807312,0.8185548186302185
YEL063C,YKL137W,0,-1.4517303,0.10825248062610626,0.9851190447807312,0.8186548948287964
YCR069W,YGR174C,0,-1.4517674,0.10824067890644073,0.9851190447807312,0.818755030632019
YJL026W,YLR113W,1,-1.4518504,0.1083378717303276,0.9861111044883728,0.818755030632019
YER183C,YKR039W,0,-1.452444,0.10832607001066208,0.9861111044883728,0.8188551068305969
YBR058C-A,YPL213W,0,-1.4527106,0.10831426084041595,0.9861111044883728,0.8189551830291748
YER025W,YPL176C,0,-1.452953,0.10830245912075043,0.9861111044883728,0.8190552592277527
YMR134W,YHR028C,0,-1.4535358,0.1082906648516655,0.9861111044883728,0.8191553354263306
YCL030C,YMR095C,0,-1.4549415,0.10827887058258057,0.9861111044883728,0.8192554116249084
YDR507C,YKL157W,0,-1.4550421,0.10826707631349564,0.9861111044883728,0.8193554878234863
YGL151W,YAL022C,0,-1.4550762,0.1082552820444107,0.9861111044883728,0.8194555640220642
YLR377C,YDR373W,0,-1.4553826,0.10824349522590637,0.9861111044883728,0.8195556402206421
YLR283W,YNR027W,0,-1.4562757,0.10823170840740204,0.9861111044883728,0.81965571641922
YOR273C,YGR024C,0,-1.456321,0.1082199215888977,0.9861111044883728,0.8197557926177979
YHR190W,YOL093W,0,-1.4566102,0.10820814222097397,0.9861111044883728,0.8198558688163757
YCR102C,YDR128W,0,-1.4570799,0.10819636285305023,0.9861111044883728,0.8199559450149536
YOR163W,YBL058W,0,-1.4571668,0.10818459093570709,0.9861111044883728,0.8200560212135315
YDL170W,YLR201C,0,-1.457366,0.10817281901836395,0.9861111044883728,0.8201560974121094
YGL057C,YLL049W,0,-1.4573936,0.10816104710102081,0.9861111044883728,0.820256233215332
YGR191W,YAL059W,0,-1.4576463,0.10814927518367767,0.9861111044883728,0.8203563094139099
YGL071W,YLL062C,0,-1.4577824,0.10813751071691513,0.9861111044883728,0.8204563856124878
YHR175W,YCR097W,0,-1.4585912,0.10812574625015259,0.9861111044883728,0.8205564618110657
YBR080C,YLR411W,0,-1.4595294,0.10811398923397064,0.9861111044883728,0.8206565380096436
YML024W,YHR122W,0,-1.4597299,0.1081022322177887,0.9861111044883728,0.8207566142082214
YEL020C,YBL107C,0,-1.4609144,0.10809047520160675,0.9861111044883728,0.8208566904067993
YML054C,YBL003C,0,-1.4619148,0.1080787181854248,0.9861111044883728,0.8209567666053772
YDL182W,YEL031W,0,-1.4631408,0.10806696861982346,0.9861111044883728,0.8210568428039551
YNL061W,YDL199C,0,-1.4636701,0.1080552265048027,0.9861111044883728,0.821156919002533
YMR092C,YCR105W,0,-1.4644316,0.10804347693920135,0.9861111044883728,0.8212569952011108
YMR265C,YDL103C,0,-1.4647353,0.1080317348241806,0.9861111044883728,0.8213570713996887
YKR093W,YIL018W,0,-1.4647632,0.10801999270915985,0.9861111044883728,0.8214571475982666
YJL026W,YLR135W,1,-1.4648361,0.10811691731214523,0.9871031641960144,0.8214571475982666
YER015W,YMR080C,0,-1.4658211,0.10810517519712448,0.9871031641960144,0.8215572237968445
YOR245C,YKL094W,0,-1.4659317,0.10809342563152313,0.9871031641960144,0.8216572999954224
YLR134W,YNL124W,0,-1.4661317,0.10808168351650238,0.9871031641960144,0.8217573761940002
YOR080W,YLR035C,0,-1.4664598,0.10806994885206223,0.9871031641960144,0.8218575119972229
YBR219C,YJR005W,0,-1.466784,0.10805820673704147,0.9871031641960144,0.8219575881958008
YNL096C,YDL234C,0,-1.4669179,0.10804647952318192,0.9871031641960144,0.8220576643943787
YHR200W,YGL084C,0,-1.4673705,0.10803474485874176,0.9871031641960144,0.8221577405929565
YBR019C,YOR273C,0,-1.4675323,0.1080230176448822,0.9871031641960144,0.8222578167915344
YBR221C,YER103W,0,-1.4677763,0.10801129043102264,0.9871031641960144,0.8223578929901123
YAL002W,YDL232W,0,-1.4678955,0.10799956321716309,0.9871031641960144,0.8224579691886902
YFL042C,YDL179W,0,-1.4681306,0.10798784345388412,0.9871031641960144,0.8225580453872681
YLR006C,YMR271C,0,-1.4683905,0.10797612369060516,0.9871031641960144,0.822658121585846
YGR213C,YPR036W,0,-1.4692028,0.1079644113779068,0.9871031641960144,0.8227581977844238
YER036C,YDR427W,0,-1.4699212,0.10795269906520844,0.9871031641960144,0.8228582739830017
YOL056W,YHR122W,0,-1.470118,0.10794098675251007,0.9871031641960144,0.8229583501815796
YKL086W,YPR003C,0,-1.4715191,0.1079292744398117,0.9871031641960144,0.8230584263801575
YKL093W,YOR147W,0,-1.4732502,0.10791756957769394,0.9871031641960144,0.8231585025787354
YNL308C,YDR020C,0,-1.4745615,0.10790586471557617,0.9871031641960144,0.8232585787773132
YML125C,YJL174W,0,-1.4759387,0.107894167304039,0.9871031641960144,0.8233587145805359
YLR387C,YPL226W,0,-1.4764161,0.10788246989250183,0.9871031641960144,0.8234587907791138
YMR214W,YNL255C,0,-1.4776964,0.10787077248096466,0.9871031641960144,0.8235588669776917
YFL010W-A,YKR076W,0,-1.4780505,0.10785907506942749,0.9871031641960144,0.8236589431762695
YFR025C,YCR106W,0,-1.4780778,0.10784738510847092,0.9871031641960144,0.8237590193748474
YHR050W,YDR453C,0,-1.4790103,0.10783570259809494,0.9871031641960144,0.8238590955734253
YNL048W,YPL171C,0,-1.4792883,0.10782401263713837,0.9871031641960144,0.8239591717720032
YCR076C,YMR157C,0,-1.4813998,0.10781233012676239,0.9871031641960144,0.824059247970581
YLR047C,YDR071C,0,-1.4827696,0.10780064761638641,0.9871031641960144,0.8241593241691589
YFR052W,YKL172W,0,-1.4832504,0.10778897255659103,0.9871031641960144,0.8242594003677368
YKL027W,YKR039W,0,-1.4834045,0.10777729749679565,0.9871031641960144,0.8243594765663147
YHR052W,YAL017W,0,-1.4838492,0.10776562243700027,0.9871031641960144,0.8244595527648926
YLL048C,YGL017W,0,-1.4840236,0.10775395482778549,0.9871031641960144,0.8245596289634705
YJR135W-A,YAR033W,0,-1.4846891,0.10774228721857071,0.9871031641960144,0.8246597051620483
YPL253C,YKL151C,0,-1.4853303,0.10773061960935593,0.9871031641960144,0.8247597813606262
YER062C,YER064C,0,-1.4855323,0.10771895945072174,0.9871031641960144,0.8248599171638489
YHR042W,YGL181W,0,-1.4855982,0.10770729929208755,0.9871031641960144,0.8249599933624268
YDL215C,YER099C,0,-1.4856395,0.10769563913345337,0.9871031641960144,0.8250600695610046
YLR240W,YKL137W,0,-1.4860091,0.10768397897481918,0.9871031641960144,0.8251601457595825
YOR149C,YCL017C,0,-1.4868344,0.1076723262667656,0.9871031641960144,0.8252602219581604
YGL140C,YDR182W,0,-1.4869151,0.1076606810092926,0.9871031641960144,0.8253602981567383
YBR139W,YLR220W,0,-1.4876926,0.10764902830123901,0.9871031641960144,0.8254603743553162
YBL091C,YDR074W,0,-1.48793,0.10763738304376602,0.9871031641960144,0.825560450553894
YJL079C,YNL037C,0,-1.4881439,0.10762574523687363,0.9871031641960144,0.8256605267524719
YOR283W,YJR116W,0,-1.488282,0.10761409997940063,0.9871031641960144,0.8257606029510498
YDR333C,YLR147C,0,-1.4887805,0.10760246217250824,0.9871031641960144,0.8258606791496277
YIL123W,YBR183W,0,-1.4903731,0.10759083181619644,0.9871031641960144,0.8259607553482056
YBR192W,YOR193W,0,-1.4904046,0.10757920145988464,0.9871031641960144,0.8260608315467834
YOL066C,YIL064W,0,-1.4909877,0.10756757110357285,0.9871031641960144,0.8261609077453613
YMR115W,YDR007W,0,-1.4940826,0.10755594074726105,0.9871031641960144,0.8262609839439392
YBR057C,YLR110C,0,-1.4949692,0.10754431784152985,0.9871031641960144,0.8263610601425171
YGL087C,YHR112C,0,-1.5000973,0.10753269493579865,0.9871031641960144,0.8264611959457397
YGR110W,YPR061C,0,-1.5001314,0.10752107203006744,0.9871031641960144,0.8265612721443176
YMR305C,YDR487C,0,-1.5003097,0.10750945657491684,0.9871031641960144,0.8266613483428955
YMR205C,YDR432W,0,-1.5009239,0.10749784111976624,0.9871031641960144,0.8267614245414734
YPL157W,YLR001C,0,-1.5015776,0.10748622566461563,0.9871031641960144,0.8268615007400513
YKR051W,YDR208W,0,-1.5017002,0.10747461766004562,0.9871031641960144,0.8269615769386292
YOR062C,YGR110W,0,-1.5018938,0.10746300965547562,0.9871031641960144,0.827061653137207
YMR291W,YOR048C,0,-1.5023026,0.10745140165090561,0.9871031641960144,0.8271617293357849
YEL005C,YPL206C,0,-1.5026493,0.1074398010969162,0.9871031641960144,0.8272618055343628
YML131W,YJL140W,0,-1.5027087,0.10742820054292679,0.9871031641960144,0.8273618817329407
YDR476C,YBL059W,0,-1.5045892,0.10741659998893738,0.9871031641960144,0.8274619579315186
YPL234C,YDL197C,0,-1.5049076,0.10740500688552856,0.9871031641960144,0.8275620341300964
YJR144W,YKL148C,0,-1.5049185,0.10739341378211975,0.9871031641960144,0.8276621103286743
YFL011W,YKL015W,0,-1.5050118,0.10738182812929153,0.9871031641960144,0.8277621865272522
YNL267W,YHL021C,0,-1.5051589,0.10737023502588272,0.9871031641960144,0.8278622627258301
YKL182W,YNL024C,0,-1.5054009,0.1073586568236351,0.9871031641960144,0.8279623985290527
YOL122C,YMR211W,0,-1.5055499,0.10734707117080688,0.9871031641960144,0.8280624747276306
YDL146W,YOL096C,0,-1.5057061,0.10733549296855927,0.9871031641960144,0.8281625509262085
YPL150W,YIL010W,0,-1.5060015,0.10732391476631165,0.9871031641960144,0.8282626271247864
YNL320W,YMR123W,0,-1.5063717,0.10731233656406403,0.9871031641960144,0.8283627033233643
YER142C,YDR077W,0,-1.5072422,0.107300765812397,0.9871031641960144,0.8284627795219421
YDR173C,YKR026C,0,-1.5072635,0.10728919506072998,0.9871031641960144,0.82856285572052
YCR067C,YDR510W,0,-1.5072773,0.10727762430906296,0.9871031641960144,0.8286629319190979
YEL029C,YPL098C,0,-1.5080577,0.10726606100797653,0.9871031641960144,0.8287630081176758
YHR018C,YPR105C,0,-1.5090873,0.1072544977068901,0.9871031641960144,0.8288630843162537
YMR015C,YER027C,0,-1.5093169,0.10724294185638428,0.9871031641960144,0.8289631605148315
YFL033C,YNL200C,0,-1.5098926,0.10723138600587845,0.9871031641960144,0.8290632367134094
YGR201C,YOR267C,0,-1.5099933,0.10721983015537262,0.9871031641960144,0.8291633129119873
YIL039W,YAL034C,0,-1.5112771,0.10720827430486679,0.9871031641960144,0.8292633891105652
YPL281C,YDR306C,0,-1.5120077,0.10719672590494156,0.9871031641960144,0.8293634653091431
YBR219C,YBR109C,0,-1.5125179,0.10718517750501633,0.9871031641960144,0.829463541507721
YNL334C,YIL076W,0,-1.5128123,0.1071736291050911,0.9871031641960144,0.8295636773109436
YBR164C,YOR278W,0,-1.5130697,0.10716208815574646,0.9871031641960144,0.8296637535095215
YKR043C,YDL097C,0,-1.5131829,0.10715054720640182,0.9871031641960144,0.8297638297080994
YFL020C,YAR018C,0,-1.5133471,0.10713901370763779,0.9871031641960144,0.8298639059066772
YER064C,YGL060W,0,-1.5138264,0.10712747275829315,0.9871031641960144,0.8299639821052551
YDL193W,YMR251W-A,0,-1.5141902,0.10711594671010971,0.9871031641960144,0.830064058303833
YDR109C,YER010C,0,-1.5153555,0.10710441321134567,0.9871031641960144,0.8301641345024109
YOR270C,YNL081C,0,-1.5160929,0.10709288716316223,0.9871031641960144,0.8302642107009888
YDR376W,YKL219W,0,-1.5164244,0.10708136111497879,0.9871031641960144,0.8303642868995667
YFR021W,YOR239W,0,-1.516459,0.10706983506679535,0.9871031641960144,0.8304643630981445
YLR214W,YLR297W,0,-1.5165648,0.1070583164691925,0.9871031641960144,0.8305644392967224
YOR094W,YGL157W,0,-1.5166316,0.10704679787158966,0.9871031641960144,0.8306645154953003
YGR056W,YLR241W,0,-1.5166991,0.10703528672456741,0.9871031641960144,0.8307645916938782
YIL176C,YOR394W,0,-1.5171778,0.10702376812696457,0.9871031641960144,0.830864667892456
YLR237W,YDR152W,0,-1.5178515,0.10701225697994232,0.9871031641960144,0.8309647440910339
YOR380W,YLR220W,0,-1.5182526,0.10700075328350067,0.9871031641960144,0.8310648798942566
YML116W,YPL188W,0,-1.5198474,0.10698924958705902,0.9871031641960144,0.8311649560928345
YFR012W,YLR453C,0,-1.5200565,0.10697774589061737,0.9871031641960144,0.8312650322914124
YJR147W,YLR163C,0,-1.5203316,0.10696624219417572,0.9871031641960144,0.8313651084899902
YDR105C,YIL049W,0,-1.5220059,0.10695474594831467,0.9871031641960144,0.8314651846885681
YLR192C,YHL024W,0,-1.5226259,0.10694324970245361,0.9871031641960144,0.831565260887146
YDR517W,YBR018C,0,-1.5234978,0.10693175345659256,0.9871031641960144,0.8316653370857239
YPR129W,YLR404W,0,-1.5241625,0.1069202646613121,0.9871031641960144,0.8317654132843018
YIL038C,YMR295C,0,-1.5242738,0.10690877586603165,0.9871031641960144,0.8318654894828796
YLR426W,YNL127W,0,-1.5248682,0.10689729452133179,0.9871031641960144,0.8319655656814575
YCR102C,YJR065C,0,-1.5263286,0.10688580572605133,0.9871031641960144,0.8320656418800354
YOR340C,YDR400W,0,-1.526993,0.10687433183193207,0.9871031641960144,0.8321657180786133
YJL033W,YLL006W,0,-1.5270908,0.10686285048723221,0.9871031641960144,0.8322657942771912
YHR192W,YLR133W,0,-1.5285621,0.10685137659311295,0.9871031641960144,0.832365870475769
YJR144W,YLR253W,0,-1.5287434,0.10683990269899368,0.9871031641960144,0.8324659466743469
YLR286C,YOL068C,0,-1.5288446,0.10682842880487442,0.9871031641960144,0.8325660824775696
YGR067C,YNR059W,0,-1.5295203,0.10681696236133575,0.9871031641960144,0.8326661586761475
YNR016C,YER134C,0,-1.5297544,0.10680549591779709,0.9871031641960144,0.8327662348747253
YJR109C,YKR001C,0,-1.5300112,0.10679402947425842,0.9871031641960144,0.8328663110733032
YLR070C,YJL093C,0,-1.5305581,0.10678257048130035,0.9871031641960144,0.8329663872718811
YDR168W,YKL051W,0,-1.5314476,0.10677111148834229,0.9871031641960144,0.833066463470459
YIL170W,YNR041C,0,-1.5316215,0.10675965994596481,0.9871031641960144,0.8331665396690369
YBR208C,YER036C,0,-1.5323473,0.10674820095300674,0.9871031641960144,0.8332666158676147
YJL079C,YJL185C,0,-1.5323567,0.10673674941062927,0.9871031641960144,0.8333666920661926
YMR318C,YPL018W,0,-1.532505,0.1067253053188324,0.9871031641960144,0.8334667682647705
YLR395C,YMR049C,0,-1.5347351,0.10671385377645493,0.9871031641960144,0.8335668444633484
YFR012W,YOR174W,0,-1.5352545,0.10670240968465805,0.9871031641960144,0.8336669206619263
YML008C,YLR452C,0,-1.5356257,0.10669097304344177,0.9871031641960144,0.8337669968605042
YFL010W-A,YBL061C,0,-1.5356773,0.1066795289516449,0.9871031641960144,0.833867073059082
YJR076C,YBR105C,0,-1.5358176,0.10666809976100922,0.9871031641960144,0.8339671492576599
YOL053W,YLR300W,0,-1.5365934,0.10665666311979294,0.9871031641960144,0.8340672254562378
YOL128C,YDR212W,0,-1.5379949,0.10664523392915726,0.9871031641960144,0.8341673612594604
YGR106C,YKR081C,0,-1.5386856,0.10663380473852158,0.9871031641960144,0.8342674374580383
YER103W,YOL065C,0,-1.5387545,0.1066223755478859,0.9871031641960144,0.8343675136566162
YGL189C,YKL020C,0,-1.5392103,0.10661095380783081,0.9871031641960144,0.8344675898551941
YJR113C,YIL107C,0,-1.5399313,0.10659953206777573,0.9871031641960144,0.834567666053772
YLR069C,YLR390W,0,-1.540272,0.10658811032772064,0.9871031641960144,0.8346677422523499
YHR087W,YBR274W,0,-1.5420104,0.10657669603824615,0.9871031641960144,0.8347678184509277
YMR149W,YLR167W,0,-1.5420411,0.10656527429819107,0.9871031641960144,0.8348678946495056
YER134C,YER036C,0,-1.5420778,0.10655386745929718,0.9871031641960144,0.8349679708480835
YBR091C,YGL234W,0,-1.5425407,0.10654245316982269,0.9871031641960144,0.8350680470466614
YBR296C,YHR172W,0,-1.5427,0.1065310463309288,0.9871031641960144,0.8351681232452393
YDL236W,YAR031W,0,-1.5433216,0.10651964694261551,0.9871031641960144,0.8352681994438171
YPL200W,YGL171W,0,-1.543784,0.10650824010372162,0.9871031641960144,0.835368275642395
YML087C,YHR064C,0,-1.544123,0.10649684071540833,0.9871031641960144,0.8354683518409729
YOL129W,YAR014C,0,-1.5458055,0.10648544877767563,0.9871031641960144,0.8355684280395508
YBL078C,YDL199C,0,-1.5460119,0.10647404938936234,0.9871031641960144,0.8356685638427734
YKL080W,YLR188W,0,-1.547759,0.10646265745162964,0.9871031641960144,0.8357686400413513
YDL049C,YKL046C,0,-1.54779,0.10645126551389694,0.9871031641960144,0.8358687162399292
YOR349W,YKL157W,0,-1.5479069,0.10643988102674484,0.9871031641960144,0.8359687924385071
YNL200C,YBR098W,0,-1.54967,0.10642849653959274,0.9871031641960144,0.836068868637085
YDL049C,YJL222W,0,-1.5501245,0.10641711205244064,0.9871031641960144,0.8361689448356628
YNL217W,YHL009C,0,-1.5516593,0.10640573501586914,0.9871031641960144,0.8362690210342407
YMR230W,YDR160W,0,-1.5516853,0.10639435052871704,0.9871031641960144,0.8363690972328186
YHR020W,YJR048W,0,-1.5529225,0.10638298094272614,0.9871031641960144,0.8364691734313965
YHR096C,YJL081C,0,-1.5531716,0.10637160390615463,0.9871031641960144,0.8365692496299744
YCR004C,YJL185C,0,-1.5540034,0.10636023432016373,0.9871031641960144,0.8366693258285522
YGR109C,YGR180C,1,-1.5546544,0.10645575076341629,0.988095223903656,0.8366693258285522
YGL031C,YML068W,0,-1.5560131,0.10644437372684479,0.988095223903656,0.8367694020271301
YNL156C,YLR102C,0,-1.5563034,0.10643299669027328,0.988095223903656,0.836869478225708
YKL058W,YNL335W,0,-1.5568123,0.10642162710428238,0.988095223903656,0.8369695544242859
YFR053C,YJR144W,0,-1.5574242,0.10641025751829147,0.988095223903656,0.8370696306228638
YNL054W,YJL108C,0,-1.5576572,0.10639888793230057,0.988095223903656,0.8371697068214417
YLR259C,YLR275W,0,-1.5578989,0.10638752579689026,0.988095223903656,0.8372698426246643
YMR195W,YKL157W,0,-1.5580685,0.10637616366147995,0.988095223903656,0.8373699188232422
YML055W,YGL245W,0,-1.5588703,0.10636480152606964,0.988095223903656,0.8374699950218201
YKL049C,YLR297W,0,-1.560061,0.10635344684123993,0.988095223903656,0.837570071220398
YLR394W,YLR398C,0,-1.5600741,0.10634208470582962,0.988095223903656,0.8376701474189758
YGR266W,YIL010W,0,-1.561406,0.1063307374715805,0.988095223903656,0.8377702236175537
YDR524C,YPL003W,0,-1.5621847,0.1063193827867508,0.988095223903656,0.8378702998161316
YLR414C,YGL250W,0,-1.5629691,0.10630803555250168,0.988095223903656,0.8379703760147095
YNL230C,YOR079C,0,-1.563519,0.10629668831825256,0.988095223903656,0.8380704522132874
YMR028W,YKL004W,0,-1.5636297,0.10628534853458405,0.988095223903656,0.8381705284118652
YLR105C,YMR215W,0,-1.5640082,0.10627400875091553,0.988095223903656,0.8382706046104431
YIL077C,YBL069W,0,-1.5641463,0.10626266896724701,0.988095223903656,0.838370680809021
YGL084C,YOL055C,0,-1.5646179,0.10625133663415909,0.988095223903656,0.8384707570075989
YHR046C,YDR400W,0,-1.5650821,0.10623999685049057,0.988095223903656,0.8385708332061768
YNL213C,YLR088W,0,-1.5658295,0.10622867196798325,0.988095223903656,0.8386709094047546
YHR027C,YER036C,0,-1.5661247,0.10621733963489532,0.988095223903656,0.8387710452079773
YBR056W,YNL321W,0,-1.5662628,0.106206014752388,0.988095223903656,0.8388711214065552
YHL048W,YLR345W,0,-1.5678194,0.10619468986988068,0.988095223903656,0.8389711976051331
YMR023C,YER025W,0,-1.5687069,0.10618337243795395,0.988095223903656,0.8390712738037109
YGL084C,YGL058W,0,-1.56894,0.10617204755544662,0.988095223903656,0.8391713500022888
YAL044C,YLR206W,0,-1.5712414,0.1061607301235199,0.988095223903656,0.8392714262008667
YPR151C,YLL055W,0,-1.5719584,0.10614942014217377,0.988095223903656,0.8393715023994446
YML025C,YFR015C,0,-1.5733317,0.10613811016082764,0.988095223903656,0.8394715785980225
YER071C,YJR099W,0,-1.5733428,0.1061268001794815,0.988095223903656,0.8395716547966003
YOL156W,YDR074W,0,-1.5739713,0.10611549019813538,0.988095223903656,0.8396717309951782
YLR164W,YGL225W,0,-1.5744724,0.10610418766736984,0.988095223903656,0.8397718071937561
YLR460C,YBR268W,0,-1.5749923,0.10609288513660431,0.988095223903656,0.839871883392334
YOR079C,YJL080C,0,-1.5765378,0.10608158260583878,0.988095223903656,0.8399719595909119
YNR061C,YAL059W,0,-1.5765421,0.10607028752565384,0.988095223903656,0.8400720357894897
YPL188W,YGR063C,0,-1.5780398,0.1060589924454689,0.988095223903656,0.8401721119880676
YEL043W,YBR109C,0,-1.5780512,0.10604769736528397,0.988095223903656,0.8402721881866455
YGL203C,YOL087C,0,-1.5797555,0.10603640973567963,0.988095223903656,0.8403723239898682
YOR246C,YCR005C,0,-1.580903,0.10602512210607529,0.988095223903656,0.840472400188446
YLR065C,YOR209C,0,-1.5811563,0.10601383447647095,0.988095223903656,0.8405724763870239
YMR258C,YOR394W,0,-1.581562,0.1060025542974472,0.988095223903656,0.8406725525856018
YLL014W,YJL121C,0,-1.5822479,0.10599127411842346,0.988095223903656,0.8407726287841797
YNL157W,YGR271W,0,-1.582976,0.10597999393939972,0.988095223903656,0.8408727049827576
YML129C,YOR141C,0,-1.5843532,0.10596872121095657,0.988095223903656,0.8409727811813354
YDR153C,YMR262W,0,-1.5847269,0.10595744848251343,0.988095223903656,0.8410728573799133
YOR154W,YGL055W,0,-1.5849866,0.10594617575407028,0.988095223903656,0.8411729335784912
YDR030C,YDL198C,0,-1.5851119,0.10593491047620773,0.988095223903656,0.8412730097770691
YDL223C,YKR051W,0,-1.5854704,0.10592363774776459,0.988095223903656,0.841373085975647
YGL062W,YIL056W,0,-1.5856179,0.10591237992048264,0.988095223903656,0.8414731621742249
YGR207C,YNL220W,0,-1.5867689,0.10590111464262009,0.988095223903656,0.8415732383728027
YKL027W,YBR019C,0,-1.5869501,0.10588985681533813,0.988095223903656,0.8416733145713806
YEL054C,YMR042W,0,-1.5874094,0.10587859898805618,0.988095223903656,0.8417733907699585
YJL026W,YBL023C,1,-1.5875623,0.10597363859415054,0.9890872836112976,0.8417733907699585
YOR208W,YLR441C,0,-1.5893068,0.105962373316288,0.9890872836112976,0.8418735265731812
YGR227W,YGR263C,0,-1.5895102,0.10595111548900604,0.9890872836112976,0.841973602771759
YGR239C,YNL177C,0,-1.5901713,0.10593985766172409,0.9890872836112976,0.8420736789703369
YBL024W,YNL008C,0,-1.5916814,0.10592859983444214,0.9890872836112976,0.8421737551689148
YDR333C,YBR017C,0,-1.5922952,0.10591734945774078,0.9890872836112976,0.8422738313674927
YIR007W,YKR091W,0,-1.592837,0.10590609908103943,0.9890872836112976,0.8423739075660706
YKR070W,YIL008W,0,-1.5930538,0.10589484870433807,0.9890872836112976,0.8424739837646484
YNL185C,YDL170W,0,-1.5938846,0.10588360577821732,0.9890872836112976,0.8425740599632263
YIR006C,YGL089C,0,-1.5941192,0.10587235540151596,0.9890872836112976,0.8426741361618042
YFL010W-A,YLR133W,0,-1.5946307,0.1058611199259758,0.9890872836112976,0.8427742123603821
YPR011C,YHR147C,0,-1.5947747,0.10584987699985504,0.9890872836112976,0.84287428855896
YPL087W,YJR106W,0,-1.5953336,0.10583864152431488,0.9890872836112976,0.8429743647575378
YOL023W,YKL096W,0,-1.5956467,0.10582740604877472,0.9890872836112976,0.8430744409561157
YLR355C,YPL050C,0,-1.5961214,0.10581617802381516,0.9890872836112976,0.8431745171546936
YMR081C,YDR282C,0,-1.5962116,0.105804942548275,0.9890872836112976,0.8432745933532715
YDR226W,YOL004W,1,-1.5962117,0.10589983314275742,0.9900793433189392,0.8432745933532715
YAR027W,YJR013W,0,-1.5969836,0.10588859766721725,0.9900793433189392,0.8433747291564941
YGR013W,YEL017C-A,0,-1.5979683,0.1058773621916771,0.9900793433189392,0.843474805355072
YNL046W,YDR481C,0,-1.5979955,0.10586612671613693,0.9900793433189392,0.8435748815536499
YIL033C,YPL113C,0,-1.5987643,0.10585489869117737,0.9900793433189392,0.8436749577522278
YMR011W,YEL031W,0,-1.5995648,0.1058436706662178,0.9900793433189392,0.8437750339508057
YBL055C,YIL046W,0,-1.599726,0.10583245009183884,0.9900793433189392,0.8438751101493835
YMR081C,YFR049W,0,-1.6006476,0.10582122951745987,0.9900793433189392,0.8439751863479614
YGR081C,YJL055W,0,-1.6008862,0.1058100089430809,0.9900793433189392,0.8440752625465393
YGR123C,YML041C,0,-1.6018602,0.10579878836870193,0.9900793433189392,0.8441753387451172
YDR064W,YGR173W,0,-1.6023456,0.10578757524490356,0.9900793433189392,0.8442754149436951
YKL133C,YKL192C,0,-1.6028621,0.1057763621211052,0.9900793433189392,0.844375491142273
YEL027W,YPL270W,0,-1.6035765,0.10576515644788742,0.9900793433189392,0.8444755673408508
YLR222C,YLR142W,0,-1.6038294,0.10575395077466965,0.9900793433189392,0.8445756435394287
YKL010C,YER003C,0,-1.6040264,0.10574274510145187,0.9900793433189392,0.8446757197380066
YBR210W,YML073C,0,-1.6048019,0.1057315394282341,0.9900793433189392,0.8447757959365845
YMR280C,YGR148C,0,-1.6051687,0.10572034120559692,0.9900793433189392,0.8448758721351624
YJR104C,YFR039C,0,-1.6053373,0.10570914298295975,0.9900793433189392,0.844976007938385
YIL040W,YGR027C,0,-1.6053746,0.10569794476032257,0.9900793433189392,0.8450760841369629
YMR015C,YGL001C,0,-1.6055024,0.10568675398826599,0.9900793433189392,0.8451761603355408
YDR465C,YAL036C,0,-1.6071256,0.10567556321620941,0.9900793433189392,0.8452762365341187
YOR359W,YKR091W,0,-1.6081022,0.10566437244415283,0.9900793433189392,0.8453763127326965
YDR456W,YGL114W,0,-1.6081461,0.10565318912267685,0.9900793433189392,0.8454763889312744
YGR092W,YLR367W,0,-1.6086962,0.10564200580120087,0.9900793433189392,0.8455764651298523
YPL092W,YDR097C,0,-1.6088183,0.10563082247972488,0.9900793433189392,0.8456765413284302
YLL013C,YGL157W,0,-1.6103686,0.1056196391582489,0.9900793433189392,0.8457766175270081
YKR003W,YPL089C,0,-1.611064,0.10560846328735352,0.9900793433189392,0.8458766937255859
YML001W,YOR239W,0,-1.6117774,0.10559729486703873,0.9900793433189392,0.8459767699241638
YJR048W,YLR284C,0,-1.6122372,0.10558611899614334,0.9900793433189392,0.8460768461227417
YGL128C,YBR121C,0,-1.6128306,0.10557495057582855,0.9900793433189392,0.8461769223213196
YMR027W,YPL173W,0,-1.614057,0.10556378215551376,0.9900793433189392,0.8462769985198975
YOR283W,YGR101W,0,-1.6142948,0.10555262118577957,0.9900793433189392,0.8463770747184753
YJR054W,YGR154C,0,-1.6143873,0.10554145276546478,0.9900793433189392,0.846477210521698
YDL087C,YOR382W,0,-1.6160686,0.10553029179573059,0.9900793433189392,0.8465772867202759
YMR203W,YJR041C,0,-1.6164823,0.105519138276577,0.9900793433189392,0.8466773629188538
YDR388W,YJL155C,0,-1.6179717,0.1055079847574234,0.9900793433189392,0.8467774391174316
YER052C,YDR238C,0,-1.6187377,0.1054968312382698,0.9900793433189392,0.8468775153160095
YLR042C,YJL167W,0,-1.6201344,0.10548567771911621,0.9900793433189392,0.8469775915145874
YNL115C,YLR390W,0,-1.6228223,0.10547453165054321,0.9900793433189392,0.8470776677131653
YOR007C,YER076C,0,-1.623377,0.10546338558197021,0.9900793433189392,0.8471777439117432
YNL108C,YPR061C,0,-1.6246479,0.10545223951339722,0.9900793433189392,0.847277820110321
YML075C,YPL097W,0,-1.6254401,0.10544110089540482,0.9900793433189392,0.8473778963088989
YPR038W,YMR246W,0,-1.6264489,0.10542996227741241,0.9900793433189392,0.8474779725074768
YLR114C,YOL159C,0,-1.626755,0.10541882365942001,0.9900793433189392,0.8475780487060547
YHR087W,YLR289W,0,-1.6280239,0.10540769249200821,0.9900793433189392,0.8476781249046326
YBL068W,YDL064W,0,-1.6288664,0.10539655387401581,0.9900793433189392,0.8477782011032104
YOL091W,YHL033C,0,-1.6299773,0.1053854301571846,0.9900793433189392,0.8478782773017883
YOR228C,YLR429W,0,-1.6326098,0.1053742989897728,0.9900793433189392,0.8479783535003662
YNL302C,YJR085C,0,-1.6327586,0.10536317527294159,0.9900793433189392,0.8480784893035889
YDR322W,YER165W,0,-1.6333154,0.10535205155611038,0.9900793433189392,0.8481785655021667
YER042W,YNR021W,0,-1.6334512,0.10534093528985977,0.9900793433189392,0.8482786417007446
YER017C,YGL039W,0,-1.6340995,0.10532981902360916,0.9900793433189392,0.8483787178993225
YML110C,YGR208W,0,-1.6342639,0.10531870275735855,0.9900793433189392,0.8484787940979004
YBR008C,YMR296C,0,-1.6355299,0.10530758649110794,0.9900793433189392,0.8485788702964783
YDR185C,YDR222W,0,-1.6358368,0.10529647767543793,0.9900793433189392,0.8486789464950562
YOR354C,YBR199W,0,-1.6359575,0.10528536885976791,0.9900793433189392,0.848779022693634
YFL045C,YPR036W,0,-1.6363028,0.1052742600440979,0.9900793433189392,0.8488790988922119
YMR150C,YOR058C,0,-1.6363962,0.10526315867900848,0.9900793433189392,0.8489791750907898
YHR021C,YDR414C,0,-1.6367958,0.10525205731391907,0.9900793433189392,0.8490792512893677
YDL141W,YKL164C,0,-1.6378582,0.10524095594882965,0.9900793433189392,0.8491793274879456
YOR285W,YDR065W,0,-1.6380975,0.10522986203432083,0.9900793433189392,0.8492794036865234
YKL046C,YML106W,0,-1.6384747,0.10521876811981201,0.9900793433189392,0.8493794798851013
YML092C,YHL040C,0,-1.6390179,0.10520767420530319,0.9900793433189392,0.8494795560836792
YGL227W,YHR043C,0,-1.6398127,0.10519658774137497,0.9900793433189392,0.8495796918869019
YDR156W,YPL258C,0,-1.6401184,0.10518549382686615,0.9900793433189392,0.8496797680854797
YBR288C,YGL030W,0,-1.6405808,0.10517441481351852,0.9900793433189392,0.8497798442840576
YJR045C,YLR192C,0,-1.6408514,0.1051633283495903,0.9900793433189392,0.8498799204826355
YGL196W,YBR268W,0,-1.6415546,0.10515224933624268,0.9900793433189392,0.8499799966812134
YDR259C,YAL022C,0,-1.6415646,0.10514117032289505,0.9900793433189392,0.8500800728797913
YCR052W,YMR293C,0,-1.6418092,0.10513009876012802,0.9900793433189392,0.8501801490783691
YEL070W,YOR063W,0,-1.6421251,0.1051190197467804,0.9900793433189392,0.850280225276947
YOR163W,YDR093W,0,-1.6433282,0.10510794818401337,0.9900793433189392,0.8503803014755249
YGL226C-A,YJL102W,0,-1.6433849,0.10509688407182693,0.9900793433189392,0.8504803776741028
YOL139C,YOL060C,0,-1.6436368,0.1050858199596405,0.9900793433189392,0.8505804538726807
YHR175W,YAL013W,0,-1.6437466,0.10507475584745407,0.9900793433189392,0.8506805300712585
YOL097C,YNL092W,0,-1.6447401,0.10506369173526764,0.9900793433189392,0.8507806062698364
YML072C,YJL055W,0,-1.6456447,0.1050526350736618,0.9900793433189392,0.8508806824684143
YPR121W,YKL151C,0,-1.6457158,0.10504157096147537,0.9900793433189392,0.8509807586669922
YDL124W,YPR006C,0,-1.6459622,0.10503052175045013,0.9900793433189392,0.8510808944702148
YHL024W,YML058W,1,-1.6465731,0.10512469708919525,0.9910714030265808,0.8510808944702148
YLR262C-A,YKL053C-A,0,-1.6467848,0.10511363297700882,0.9910714030265808,0.8511809706687927
YEL058W,YLL062C,0,-1.6472733,0.10510257631540298,0.9910714030265808,0.8512810468673706
YNL200C,YML106W,0,-1.6476432,0.10509151965379715,0.9910714030265808,0.8513811230659485
YMR313C,YML052W,0,-1.6477019,0.10508047044277191,0.9910714030265808,0.8514811992645264
YDR306C,YOR362C,0,-1.6477199,0.10506941378116608,0.9910714030265808,0.8515812754631042
YMR138W,YJL046W,0,-1.6488028,0.10505836457014084,0.9910714030265808,0.8516813516616821
YER033C,YDR381W,0,-1.6491845,0.1050473153591156,0.9910714030265808,0.85178142786026
YDR092W,YGR218W,0,-1.6497178,0.10503627359867096,0.9910714030265808,0.8518815040588379
YMR251W-A,YPL222W,0,-1.6499393,0.10502523183822632,0.9910714030265808,0.8519815802574158
YOR285W,YNR022C,0,-1.6503952,0.10501419007778168,0.9910714030265808,0.8520816564559937
YFL056C,YGR136W,0,-1.6504517,0.10500315576791763,0.9910714030265808,0.8521817326545715
YJR047C,YAL053W,0,-1.6507175,0.10499211400747299,0.9910714030265808,0.8522818088531494
YDR267C,YMR318C,0,-1.6509321,0.10498108714818954,0.9910714030265808,0.8523818850517273
YKR042W,YOL128C,0,-1.65163,0.1049700528383255,0.9910714030265808,0.8524819612503052
YBR115C,YOR167C,0,-1.6525857,0.10495902597904205,0.9910714030265808,0.8525820374488831
YKL222C,YDL124W,0,-1.6526985,0.1049479991197586,0.9910714030265808,0.8526821732521057
YMR260C,YKL085W,0,-1.6529334,0.10493697226047516,0.9910714030265808,0.8527822494506836
YLR047C,YPR165W,0,-1.6539046,0.10492595285177231,0.9910714030265808,0.8528823256492615
YOL010W,YGL173C,0,-1.6545086,0.10491493344306946,0.9910714030265808,0.8529824018478394
YLR256W,YLR345W,0,-1.654665,0.10490391403436661,0.9910714030265808,0.8530824780464172
YBR149W,YHR028C,0,-1.6550299,0.10489290207624435,0.9910714030265808,0.8531825542449951
YGL111W,YHR028C,0,-1.6550412,0.1048818901181221,0.9910714030265808,0.853282630443573
YJL050W,YJL082W,0,-1.6551263,0.10487087815999985,0.9910714030265808,0.8533827066421509
YGR257C,YML050W,0,-1.655509,0.10485987365245819,0.9910714030265808,0.8534827828407288
YHR112C,YIL067C,0,-1.6558284,0.10484886914491653,0.9910714030265808,0.8535828590393066
YOR120W,YNL320W,0,-1.6574821,0.10483786463737488,0.9910714030265808,0.8536829352378845
YBR234C,YER061C,0,-1.6577864,0.10482686012983322,0.9910714030265808,0.8537830114364624
YGL112C,YPL191C,0,-1.6580105,0.10481586307287216,0.9910714030265808,0.8538830876350403
YHR011W,YKL175W,0,-1.6580467,0.1048048660159111,0.9910714030265808,0.8539831638336182
YEL046C,YEL002C,0,-1.6582447,0.10479387640953064,0.9910714030265808,0.854083240032196
YGR122W,YDL099W,0,-1.6596501,0.10478287935256958,0.9910714030265808,0.8541833758354187
YHR158C,YOR355W,0,-1.6606119,0.10477188974618912,0.9910714030265808,0.8542834520339966
YBR101C,YMR020W,0,-1.6607187,0.10476090759038925,0.9910714030265808,0.8543835282325745
YNR032W,YDR542W,0,-1.6624233,0.10474991798400879,0.9910714030265808,0.8544836044311523
YNL275W,YOR377W,0,-1.6626956,0.10473893582820892,0.9910714030265808,0.8545836806297302
YOL061W,YBR142W,0,-1.6627223,0.10472796112298965,0.9910714030265808,0.8546837568283081
YDR306C,YDR049W,0,-1.6629133,0.10471697896718979,0.9910714030265808,0.854783833026886
YDL121C,YNL244C,0,-1.6634227,0.10470600426197052,0.9910714030265808,0.8548839092254639
YKR043C,YJR133W,0,-1.6642761,0.10469502955675125,0.9910714030265808,0.8549839854240417
YJR073C,YKL175W,0,-1.6652622,0.10468406230211258,0.9910714030265808,0.8550840616226196
YJL160C,YJR149W,0,-1.6653602,0.10467309504747391,0.9910714030265808,0.8551841378211975
YER134C,YMR160W,0,-1.6654394,0.10466212779283524,0.9910714030265808,0.8552842140197754
YHR109W,YJR139C,0,-1.666327,0.10465116053819656,0.9910714030265808,0.8553842902183533
YPR111W,YJL185C,0,-1.6664125,0.10464020073413849,0.9910714030265808,0.8554843664169312
YHR012W,YAL044C,0,-1.6670289,0.10462924093008041,0.9910714030265808,0.855584442615509
YFL020C,YCR021C,0,-1.6683033,0.10461828112602234,0.9910714030265808,0.8556845188140869
YDR192C,YLR355C,0,-1.6684675,0.10460732877254486,0.9910714030265808,0.8557846546173096
YOR202W,YMR184W,0,-1.6691362,0.10459637641906738,0.9910714030265808,0.8558847308158875
YJL161W,YPL256C,0,-1.6695794,0.1045854240655899,0.9910714030265808,0.8559848070144653
YPL010W,YOL087C,0,-1.6699898,0.10457447916269302,0.9910714030265808,0.8560848832130432
YHL033C,YLR421C,0,-1.6703652,0.10456353425979614,0.9910714030265808,0.8561849594116211
YKL214C,YKR061W,0,-1.6712577,0.10455258935689926,0.9910714030265808,0.856285035610199
YML077W,YJL172W,0,-1.6724229,0.10454165190458298,0.9910714030265808,0.8563851118087769
YEL027W,YMR208W,0,-1.673034,0.1045307070016861,0.9910714030265808,0.8564851880073547
YER063W,YKL150W,0,-1.6731851,0.10451977699995041,0.9910714030265808,0.8565852642059326
YJL083W,YPR011C,0,-1.6734275,0.10450883954763412,0.9910714030265808,0.8566853404045105
YDL200C,YIL140W,0,-1.6736887,0.10449790954589844,0.9910714030265808,0.8567854166030884
YER128W,YLR378C,0,-1.6749871,0.10448697954416275,0.9910714030265808,0.8568854928016663
YGL136C,YBL064C,0,-1.6750981,0.10447604954242706,0.9910714030265808,0.8569855690002441
YNL190W,YDR155C,0,-1.6762848,0.10446512699127197,0.9910714030265808,0.857085645198822
YDL001W,YER043C,0,-1.6764755,0.10445420444011688,0.9910714030265808,0.8571857213973999
YGR211W,YJL089W,0,-1.6778729,0.10444328188896179,0.9910714030265808,0.8572858572006226
YPL078C,YPL171C,0,-1.6779583,0.1044323667883873,0.9910714030265808,0.8573859333992004
YGL219C,YBR246W,0,-1.6793357,0.1044214516878128,0.9910714030265808,0.8574860095977783
YPL048W,YER087W,0,-1.6797724,0.10441053658723831,0.9910714030265808,0.8575860857963562
YGL147C,YKR097W,0,-1.6803153,0.10439962148666382,0.9910714030265808,0.8576861619949341
YCR044C,YDL060W,0,-1.6803765,0.10438871383666992,0.9910714030265808,0.857786238193512
YLR316C,YKL053C-A,0,-1.6805642,0.10437780618667603,0.9910714030265808,0.8578863143920898
YER139C,YML052W,0,-1.6807268,0.10436690598726273,0.9910714030265808,0.8579863905906677
YGR122W,YGL030W,0,-1.6810007,0.10435599833726883,0.9910714030265808,0.8580864667892456
YJL026W,YBR088C,1,-1.6813016,0.1044495478272438,0.9920634627342224,0.8580864667892456
YFL036W,YNR043W,0,-1.6816444,0.10443864017724991,0.9920634627342224,0.8581865429878235
YNL122C,YMR036C,0,-1.6821744,0.10442773252725601,0.9920634627342224,0.8582866191864014
YMR316C-A,YEL060C,0,-1.6829178,0.10441683232784271,0.9920634627342224,0.8583866953849792
YPL078C,YLR070C,0,-1.6831542,0.10440593212842941,0.9920634627342224,0.8584867715835571
YDR435C,YER026C,0,-1.6840801,0.10439503192901611,0.9920634627342224,0.858586847782135
YKL165C,YLR345W,0,-1.6841214,0.10438413172960281,0.9920634627342224,0.8586869239807129
YDR077W,YPR032W,0,-1.6860378,0.10437323898077011,0.9920634627342224,0.8587870001792908
YDL188C,YHR009C,0,-1.6872673,0.10436234623193741,0.9920634627342224,0.8588871359825134
YIL118W,YDR231C,0,-1.6876942,0.1043514534831047,0.9920634627342224,0.8589872121810913
YOR328W,YHR028C,0,-1.6879256,0.1043405681848526,0.9920634627342224,0.8590872883796692
YJR004C,YIR035C,0,-1.6885868,0.1043296828866005,0.9920634627342224,0.8591873645782471
YER071C,YCR044C,0,-1.6901692,0.10431879758834839,0.9920634627342224,0.859287440776825
YKR092C,YOR290C,0,-1.690347,0.10430791974067688,0.9920634627342224,0.8593875169754028
YOR283W,YML125C,0,-1.6907928,0.10429703444242477,0.9920634627342224,0.8594875931739807
YDR022C,YOR046C,0,-1.6909916,0.10428616404533386,0.9920634627342224,0.8595876693725586
YDR144C,YDL045C,0,-1.6912124,0.10427528619766235,0.9920634627342224,0.8596877455711365
YDR246W,YPL196W,0,-1.691316,0.10426441580057144,0.9920634627342224,0.8597878217697144
YDR003W,YDR450W,0,-1.6914532,0.10425354540348053,0.9920634627342224,0.8598878979682922
YOR163W,YLR061W,0,-1.6920195,0.10424267500638962,0.9920634627342224,0.8599879741668701
YIL154C,YBR108W,0,-1.6922647,0.1042318120598793,0.9920634627342224,0.860088050365448
YHR116W,YPL183C,0,-1.6923012,0.10422094911336899,0.9920634627342224,0.8601881265640259
YGL211W,YCL017C,0,-1.693853,0.10421008616685867,0.9920634627342224,0.8602882027626038
YBR158W,YMR214W,0,-1.6948678,0.10419923067092896,0.9920634627342224,0.8603883385658264
YLR134W,YNL335W,0,-1.6950669,0.10418837517499924,0.9920634627342224,0.8604884147644043
YKL057C,YBR078W,0,-1.6976511,0.10417751967906952,0.9920634627342224,0.8605884909629822
YFR001W,YBR139W,0,-1.6981812,0.1041666641831398,0.9920634627342224,0.8606885671615601
YLR072W,YNL056W,0,-1.698596,0.10415581613779068,0.9920634627342224,0.8607886433601379
YDR002W,YPR182W,0,-1.6999916,0.10414496809244156,0.9920634627342224,0.8608887195587158
YBR115C,YER021W,0,-1.7029274,0.10413412749767303,0.9920634627342224,0.8609887957572937
YJL163C,YLR413W,0,-1.7048557,0.10412327945232391,0.9920634627342224,0.8610888719558716
YJR070C,YKL120W,0,-1.7063615,0.10411243885755539,0.9920634627342224,0.8611889481544495
YAL035W,YBL072C,0,-1.7064848,0.10410160571336746,0.9920634627342224,0.8612890243530273
YFR018C,YMR027W,0,-1.7065916,0.10409076511859894,0.9920634627342224,0.8613891005516052
YKL181W,YMR037C,0,-1.7076504,0.10407993197441101,0.9920634627342224,0.8614891767501831
YNL320W,YOR196C,0,-1.7084329,0.10406909883022308,0.9920634627342224,0.861589252948761
YER083C,YMR177W,0,-1.7088083,0.10405827313661575,0.9920634627342224,0.8616893291473389
YGL142C,YKL151C,0,-1.7100449,0.10404744744300842,0.9920634627342224,0.8617894053459167
YLR164W,YLR206W,0,-1.7104797,0.10403662174940109,0.9920634627342224,0.8618895411491394
YJL078C,YJL146W,0,-1.710631,0.10402579605579376,0.9920634627342224,0.8619896173477173
YJR143C,YLR188W,0,-1.7141548,0.10401497781276703,0.9920634627342224,0.8620896935462952
YLR222C,YJR034W,0,-1.7144643,0.1040041595697403,0.9920634627342224,0.862189769744873
YMR321C,YBR059C,0,-1.7172867,0.10399334132671356,0.9920634627342224,0.8622898459434509
YOR258W,YGL231C,0,-1.7174523,0.10398253053426743,0.9920634627342224,0.8623899221420288
YNL202W,YIL044C,0,-1.7176651,0.10397171974182129,0.9920634627342224,0.8624899983406067
YEL050C,YMR300C,0,-1.7181755,0.10396090894937515,0.9920634627342224,0.8625900745391846
YBL047C,YPL009C,0,-1.7187212,0.10395010560750961,0.9920634627342224,0.8626901507377625
YHR216W,YLR058C,0,-1.7196025,0.10393930226564407,0.9920634627342224,0.8627902269363403
YIL021W,YGR191W,0,-1.7201707,0.10392849892377853,0.9920634627342224,0.8628903031349182
YJR073C,YLR201C,0,-1.7230201,0.103917695581913,0.9920634627342224,0.8629903793334961
YDL124W,YNL001W,0,-1.7246277,0.10390689969062805,0.9920634627342224,0.863090455532074
YER033C,YOR165W,0,-1.7253432,0.10389610379934311,0.9920634627342224,0.8631905317306519
YLR417W,YJR127C,0,-1.7262595,0.10388530790805817,0.9920634627342224,0.8632906079292297
YLR307W,YHL003C,0,-1.7263987,0.10387451946735382,0.9920634627342224,0.8633906841278076
YML124C,YJL047C,0,-1.7269979,0.10386373102664948,0.9920634627342224,0.8634908199310303
YDR055W,YMR143W,0,-1.7275087,0.10385294258594513,0.9920634627342224,0.8635908961296082
YJL172W,YER110C,0,-1.7279905,0.10384216159582138,0.9920634627342224,0.863690972328186
YAL067C,YGL020C,0,-1.7280489,0.10383138060569763,0.9920634627342224,0.8637910485267639
YJR085C,YJL020C,0,-1.7281694,0.10382059961557388,0.9920634627342224,0.8638911247253418
YOR074C,YLR355C,0,-1.7286952,0.10380981862545013,0.9920634627342224,0.8639912009239197
YOR320C,YPL274W,0,-1.7286997,0.10379904508590698,0.9920634627342224,0.8640912771224976
YOR293W,YAL038W,0,-1.7296493,0.10378827154636383,0.9920634627342224,0.8641913533210754
YNL122C,YMR020W,0,-1.7303202,0.10377749800682068,0.9920634627342224,0.8642914295196533
YLR308W,YMR305C,0,-1.730672,0.10376673191785812,0.9920634627342224,0.8643915057182312
YDR529C,YLR219W,0,-1.731651,0.10375596582889557,0.9920634627342224,0.8644915819168091
YJR085C,YCL011C,0,-1.732405,0.10374519973993301,0.9920634627342224,0.864591658115387
YBL061C,YJR085C,0,-1.7329521,0.10373444110155106,0.9920634627342224,0.8646917343139648
YDR534C,YBL058W,0,-1.7332164,0.1037236824631691,0.9920634627342224,0.8647918105125427
YDR341C,YCR071C,0,-1.733691,0.10371292382478714,0.9920634627342224,0.8648918867111206
YDR476C,YPL118W,0,-1.7341049,0.10370216518640518,0.9920634627342224,0.8649920225143433
YDL022W,YMR186W,0,-1.734767,0.10369141399860382,0.9920634627342224,0.8650920987129211
YGR052W,YMR087W,0,-1.7348149,0.10368066281080246,0.9920634627342224,0.865192174911499
YPL097W,YLR258W,0,-1.7349806,0.1036699116230011,0.9920634627342224,0.8652922511100769
YMR170C,YGL085W,0,-1.7356536,0.10365916788578033,0.9920634627342224,0.8653923273086548
YNL202W,YKL170W,0,-1.7357618,0.10364842414855957,0.9920634627342224,0.8654924035072327
YCL047C,YOR328W,0,-1.7358385,0.1036376804113388,0.9920634627342224,0.8655924797058105
YDL177C,YOL087C,0,-1.7358525,0.10362694412469864,0.9920634627342224,0.8656925559043884
YDR346C,YIL146C,0,-1.7366643,0.10361620783805847,0.9920634627342224,0.8657926321029663
YBL030C,YKR055W,0,-1.7366953,0.1036054715514183,0.9920634627342224,0.8658927083015442
YLR192C,YLR299W,0,-1.7373178,0.10359473526477814,0.9920634627342224,0.8659927845001221
YGR094W,YER036C,0,-1.7377169,0.10358400642871857,0.9920634627342224,0.8660928606987
YBR106W,YIL084C,0,-1.7380791,0.103573277592659,0.9920634627342224,0.8661929368972778
YOR262W,YPL227C,0,-1.738099,0.10356254875659943,0.9920634627342224,0.8662930130958557
YLR224W,YML054C,0,-1.738262,0.10355182737112045,0.9920634627342224,0.8663930892944336
YLR138W,YER004W,0,-1.7388201,0.10354110598564148,0.9920634627342224,0.8664931654930115
YCL038C,YBR092C,0,-1.7388875,0.1035303846001625,0.9920634627342224,0.8665933012962341
YGL135W,YPR063C,0,-1.7392762,0.10351967066526413,0.9920634627342224,0.866693377494812
YMR305C,YEL017C-A,0,-1.7393299,0.10350895673036575,0.9920634627342224,0.8667934536933899
YJR048W,YLR312W-A,0,-1.7395014,0.10349824279546738,0.9920634627342224,0.8668935298919678
YDL051W,YFR015C,0,-1.7397957,0.103487528860569,0.9920634627342224,0.8669936060905457
YLL031C,YOR355W,0,-1.7398331,0.10347682237625122,0.9920634627342224,0.8670936822891235
YDR425W,YGR207C,0,-1.7412035,0.10346611589193344,0.9920634627342224,0.8671937584877014
YGR106C,YLR185W,0,-1.7418661,0.10345540940761566,0.9920634627342224,0.8672938346862793
YBR241C,YDR533C,0,-1.7419891,0.10344471037387848,0.9920634627342224,0.8673939108848572
YIL040W,YGR175C,0,-1.7421591,0.1034340113401413,0.9920634627342224,0.8674939870834351
YGL191W,YBR101C,0,-1.7427034,0.10342331230640411,0.9920634627342224,0.8675940632820129
YGL234W,YLR300W,0,-1.7429414,0.10341261327266693,0.9920634627342224,0.8676941394805908
YNL088W,YBL045C,0,-1.7432823,0.10340192168951035,0.9920634627342224,0.8677942156791687
YMR011W,YMR009W,0,-1.7435365,0.10339123010635376,0.9920634627342224,0.8678942918777466
YFL033C,YGL263W,0,-1.7438813,0.10338054597377777,0.9920634627342224,0.8679943680763245
YJL157C,YKL210W,0,-1.743976,0.10336985439062119,0.9920634627342224,0.8680945038795471
YOL129W,YKL145W,0,-1.7442687,0.1033591702580452,0.9920634627342224,0.868194580078125
YBR162C,YHR046C,0,-1.7451463,0.1033484935760498,0.9920634627342224,0.8682946562767029
YNL155W,YOR344C,0,-1.7455316,0.10333780944347382,0.9920634627342224,0.8683947324752808
YPR026W,YIL023C,0,-1.7469177,0.10332713276147842,0.9920634627342224,0.8684948086738586
YGR260W,YHR133C,0,-1.7469225,0.10331645607948303,0.9920634627342224,0.8685948848724365
YAL067C,YBL099W,0,-1.7470291,0.10330578684806824,0.9920634627342224,0.8686949610710144
YDR246W,YMR095C,0,-1.7471855,0.10329511761665344,0.9920634627342224,0.8687950372695923
YLL022C,YBR139W,0,-1.7476019,0.10328444838523865,0.9920634627342224,0.8688951134681702
YDR382W,YOR182C,0,-1.747729,0.10327377915382385,0.9920634627342224,0.868995189666748
YDR144C,YOR209C,0,-1.7478994,0.10326311737298965,0.9920634627342224,0.8690952658653259
YHR139C,YPR139C,0,-1.7482624,0.10325245559215546,0.9920634627342224,0.8691953420639038
YKL057C,YOR131C,0,-1.7483716,0.10324179381132126,0.9920634627342224,0.8692954182624817
YBR191W,YCR105W,0,-1.7487215,0.10323113203048706,0.9920634627342224,0.8693954944610596
YPL036W,YDR214W,0,-1.7489296,0.10322047770023346,0.9920634627342224,0.8694955706596375
YKL064W,YDR352W,0,-1.7501367,0.10320982336997986,0.9920634627342224,0.8695956468582153
YER078C,YGL173C,0,-1.753999,0.10319917649030685,0.9920634627342224,0.869695782661438
YML047C,YGL011C,0,-1.7542979,0.10318852216005325,0.9920634627342224,0.8697958588600159
YER026C,YGR215W,0,-1.7548097,0.10317787528038025,0.9920634627342224,0.8698959350585938
YLR206W,YBR220C,0,-1.7552574,0.10316723585128784,0.9920634627342224,0.8699960112571716
YGL142C,YDR063W,0,-1.7566317,0.10315658897161484,0.9920634627342224,0.8700960874557495
YDR140W,YLR099C,0,-1.7577446,0.10314594954252243,0.9920634627342224,0.8701961636543274
YLR443W,YHR074W,0,-1.7579675,0.10313531011343002,0.9920634627342224,0.8702962398529053
YMR162C,YOR086C,0,-1.759133,0.10312467813491821,0.9920634627342224,0.8703963160514832
YDR101C,YNL155W,0,-1.7591908,0.1031140461564064,0.9920634627342224,0.870496392250061
YJL162C,YJR048W,0,-1.7592986,0.10310341417789459,0.9920634627342224,0.8705964684486389
YGL189C,YLR070C,0,-1.7593735,0.10309278219938278,0.9920634627342224,0.8706965446472168
YLR088W,YNL177C,0,-1.759779,0.10308215767145157,0.9920634627342224,0.8707966208457947
YDR481C,YGL076C,0,-1.7599003,0.10307153314352036,0.9920634627342224,0.8708966970443726
YEL060C,YDR348C,0,-1.7604953,0.10306090861558914,0.9920634627342224,0.8709967732429504
YDR231C,YHR005C,0,-1.7616434,0.10305029153823853,0.9920634627342224,0.8710968494415283
YMR215W,YLR034C,0,-1.7640264,0.10303966701030731,0.9920634627342224,0.871196985244751
YML029W,YDR380W,0,-1.7641338,0.10302905738353729,0.9920634627342224,0.8712970614433289
YFR026C,YER026C,0,-1.764468,0.10301844030618668,0.9920634627342224,0.8713971376419067
YLR450W,YCL052C,0,-1.7646472,0.10300783067941666,0.9920634627342224,0.8714972138404846
YGR235C,YBR108W,0,-1.7657778,0.10299722105264664,0.9920634627342224,0.8715972900390625
YCR071C,YIL048W,0,-1.7659581,0.10298661142587662,0.9920634627342224,0.8716973662376404
YDR185C,YMR260C,0,-1.7666109,0.1029760092496872,0.9920634627342224,0.8717974424362183
YNL334C,YOR354C,0,-1.7687614,0.10296540707349777,0.9920634627342224,0.8718975186347961
YER154W,YDR389W,0,-1.7695049,0.10295480489730835,0.9920634627342224,0.871997594833374
YPL143W,YOL117W,0,-1.7705709,0.10294420272111893,0.9920634627342224,0.8720976710319519
YDR508C,YDL195W,0,-1.7718366,0.1029336079955101,0.9920634627342224,0.8721977472305298
YIR028W,YHR028C,0,-1.7732909,0.10292301326990128,0.9920634627342224,0.8722978234291077
YJL164C,YDR542W,0,-1.7733934,0.10291241854429245,0.9920634627342224,0.8723978996276855
YNL046W,YKL080W,0,-1.7744598,0.10290183126926422,0.9920634627342224,0.8724979758262634
YKL141W,YKL145W,0,-1.7748344,0.10289124399423599,0.9920634627342224,0.8725980520248413
YPR011C,YLR213C,0,-1.7748744,0.10288065671920776,0.9920634627342224,0.872698187828064
YGR175C,YNL102W,0,-1.7751417,0.10287007689476013,0.9920634627342224,0.8727982640266418
YPL072W,YFL057C,0,-1.7751912,0.1028594970703125,0.9920634627342224,0.8728983402252197
YER078C,YGR097W,0,-1.7752337,0.10284891724586487,0.9920634627342224,0.8729984164237976
YDL166C,YHR072W,0,-1.7761823,0.10283833742141724,0.9920634627342224,0.8730984926223755
YLR390W,YKL096W,0,-1.7770329,0.1028277650475502,0.9920634627342224,0.8731985688209534
YML123C,YDR303C,0,-1.7775874,0.10281719267368317,0.9920634627342224,0.8732986450195312
YBL087C,YML011C,0,-1.7777593,0.10280662029981613,0.9920634627342224,0.8733987212181091
YHL011C,YIR012W,0,-1.7790694,0.1027960553765297,0.9920634627342224,0.873498797416687
YNL036W,YBR250W,0,-1.781003,0.10278548300266266,0.9920634627342224,0.8735988736152649
YER179W,YHR051W,0,-1.7814066,0.10277492552995682,0.9920634627342224,0.8736989498138428
YBL087C,YLR263W,0,-1.7825649,0.10276436060667038,0.9920634627342224,0.8737990260124207
YFL045C,YGR158C,0,-1.7826264,0.10275380313396454,0.9920634627342224,0.8738991022109985
YER184C,YMR226C,0,-1.7828152,0.1027432456612587,0.9920634627342224,0.8739991784095764
YJR134C,YOL058W,0,-1.783513,0.10273268818855286,0.9920634627342224,0.8740992546081543
YLR126C,YLR303W,0,-1.7841203,0.10272213816642761,0.9920634627342224,0.8741993308067322
YHR021C,YGR215W,0,-1.7854855,0.10271158814430237,0.9920634627342224,0.8742994666099548
YPR120C,YOR369C,0,-1.7858903,0.10270103812217712,0.9920634627342224,0.8743995428085327
YMR195W,YDR253C,0,-1.78655,0.10269048810005188,0.9920634627342224,0.8744996190071106
YOR116C,YOR298C-A,0,-1.7866157,0.10267994552850723,0.9920634627342224,0.8745996952056885
YDR525W-A,YOL049W,0,-1.7866436,0.10266940295696259,0.9920634627342224,0.8746997714042664
YFL056C,YPL111W,0,-1.7870793,0.10265886783599854,0.9920634627342224,0.8747998476028442
YMR200W,YDR282C,0,-1.7882202,0.10264832526445389,0.9920634627342224,0.8748999238014221
YKL163W,YGL027C,0,-1.7891002,0.10263779014348984,0.9920634627342224,0.875
YPL149W,YIL094C,0,-1.7896949,0.10262725502252579,0.9920634627342224,0.8751000761985779
YBR161W,YPR198W,0,-1.792339,0.10261672735214233,0.9920634627342224,0.8752001523971558
YMR194W,YIL114C,0,-1.7945403,0.10260619968175888,0.9920634627342224,0.8753002285957336
YKL157W,YDR178W,0,-1.7946866,0.10259567201137543,0.9920634627342224,0.8754003047943115
YKL192C,YDR031W,0,-1.7948757,0.10258514434099197,0.9920634627342224,0.8755003809928894
YLR237W,YBR192W,0,-1.7952027,0.10257462412118912,0.9920634627342224,0.8756004571914673
YER119C,YER182W,0,-1.796262,0.10256410390138626,0.9920634627342224,0.8757005333900452
YNR035C,YDL119C,0,-1.7973801,0.1025535836815834,0.9920634627342224,0.8758006691932678
YBR298C,YER083C,0,-1.7976346,0.10254307091236115,0.9920634627342224,0.8759007453918457
YDR131C,YDL027C,0,-1.7976902,0.10253255069255829,0.9920634627342224,0.8760008215904236
YPR114W,YPL164C,0,-1.7980242,0.10252204537391663,0.9920634627342224,0.8761008977890015
YMR176W,YAL060W,0,-1.7982802,0.10251153260469437,0.9920634627342224,0.8762009739875793
YIR038C,YNR035C,0,-1.7992859,0.1025010272860527,0.9920634627342224,0.8763010501861572
YFR048W,YPR063C,0,-1.7994944,0.10249052196741104,0.9920634627342224,0.8764011263847351
YLR182W,YHR174W,0,-1.8015211,0.10248001664876938,0.9920634627342224,0.876501202583313
YJL050W,YFR049W,0,-1.8026152,0.10246951878070831,0.9920634627342224,0.8766012787818909
YIL126W,YHR122W,0,-1.8034832,0.10245901346206665,0.9920634627342224,0.8767013549804688
YER049W,YOR311C,0,-1.8035399,0.10244852304458618,0.9920634627342224,0.8768014311790466
YMR198W,YIL162W,0,-1.8037623,0.10243802517652512,0.9920634627342224,0.8769015073776245
YML120C,YCL018W,0,-1.8044224,0.10242753475904465,0.9920634627342224,0.8770015835762024
YLR323C,YGR250C,0,-1.8054531,0.10241704434156418,0.9920634627342224,0.8771016597747803
YPR101W,YML042W,0,-1.8065064,0.10240655392408371,0.9920634627342224,0.8772017359733582
YKL219W,YMR291W,0,-1.8065379,0.10239607095718384,0.9920634627342224,0.877301812171936
YJR009C,YOL103W,0,-1.8075933,0.10238558053970337,0.9920634627342224,0.8774019479751587
YBR056W,YKL110C,0,-1.8079047,0.1023751050233841,0.9920634627342224,0.8775020241737366
YJL069C,YKL025C,0,-1.8084985,0.10236462205648422,0.9920634627342224,0.8776021003723145
YNL064C,YNL067W,0,-1.8085647,0.10235414654016495,0.9920634627342224,0.8777021765708923
YCR075C,YOL056W,0,-1.8091685,0.10234367102384567,0.9920634627342224,0.8778022527694702
YEL047C,YGR162W,0,-1.8096657,0.1023331955075264,0.9920634627342224,0.8779023289680481
YHR048W,YDR087C,0,-1.8099352,0.10232272744178772,0.9920634627342224,0.878002405166626
YER005W,YOL082W,0,-1.8107591,0.10231225937604904,0.9920634627342224,0.8781024813652039
YDL144C,YBR109C,0,-1.8109977,0.10230179131031036,0.9920634627342224,0.8782025575637817
YOR085W,YLR163C,0,-1.8114564,0.10229132324457169,0.9920634627342224,0.8783026337623596
YMR286W,YKL104C,0,-1.8115833,0.1022808626294136,0.9920634627342224,0.8784027099609375
YNL244C,YNL010W,0,-1.8121129,0.10227040201425552,0.9920634627342224,0.8785027861595154
YER026C,YDL165W,0,-1.8122913,0.10225994139909744,0.9920634627342224,0.8786028623580933
YDR253C,YJR013W,0,-1.8138359,0.10224948823451996,0.9920634627342224,0.8787029385566711
YML058W,YGL168W,1,-1.814394,0.10234127193689346,0.9930555820465088,0.8787029385566711
YJR015W,YLR253W,0,-1.8176502,0.10233081132173538,0.9930555820465088,0.878803014755249
YBR241C,YNL070W,0,-1.8176867,0.1023203507065773,0.9930555820465088,0.8789031505584717
YPL264C,YFL030W,0,-1.8184932,0.10230989009141922,0.9930555820465088,0.8790032267570496
YOR276W,YLR168C,0,-1.8187954,0.10229943692684174,0.9930555820465088,0.8791033029556274
YBR068C,YKL176C,0,-1.8190112,0.10228898376226425,0.9930555820465088,0.8792033791542053
YKR044W,YHR048W,0,-1.819598,0.10227853059768677,0.9930555820465088,0.8793034553527832
YPR184W,YPL017C,0,-1.8198344,0.10226808488368988,0.9930555820465088,0.8794035315513611
YEL031W,YBL099W,0,-1.821094,0.102257639169693,0.9930555820465088,0.879503607749939
YPL036W,YKR023W,0,-1.8218253,0.1022471934556961,0.9930555820465088,0.8796036839485168
YGR138C,YEL060C,0,-1.8220816,0.10223674774169922,0.9930555820465088,0.8797037601470947
YPR102C,YML011C,0,-1.8231945,0.10222630947828293,0.9930555820465088,0.8798038363456726
YOR009W,YGL171W,0,-1.8244655,0.10221587121486664,0.9930555820465088,0.8799039125442505
YLR211C,YML042W,0,-1.8249955,0.10220543295145035,0.9930555820465088,0.8800039887428284
YDR148C,YPL094C,0,-1.8272463,0.10219499468803406,0.9930555820465088,0.8801040649414062
YIL140W,YLR356W,0,-1.8281775,0.10218456387519836,0.9930555820465088,0.8802041411399841
YMR166C,YPL157W,0,-1.8289039,0.10217413306236267,0.9930555820465088,0.880304217338562
YDR494W,YAL035W,0,-1.8293471,0.10216370970010757,0.9930555820465088,0.8804043531417847
YDL226C,YGL080W,0,-1.8298786,0.10215327888727188,0.9930555820465088,0.8805044293403625
YOL123W,YGR144W,0,-1.8307077,0.10214285552501678,0.9930555820465088,0.8806045055389404
YGR148C,YBR297W,0,-1.8309547,0.10213243216276169,0.9930555820465088,0.8807045817375183
YJL158C,YFR043C,0,-1.8317323,0.10212201625108719,0.9930555820465088,0.8808046579360962
YJR040W,YIL099W,0,-1.8325232,0.10211160033941269,0.9930555820465088,0.8809047341346741
YLL038C,YHL021C,0,-1.8343375,0.10210118442773819,0.9930555820465088,0.881004810333252
YDR206W,YOR262W,0,-1.8345938,0.10209076851606369,0.9930555820465088,0.8811048865318298
YOL129W,YLL009C,0,-1.8350859,0.10208036005496979,0.9930555820465088,0.8812049627304077
YGL189C,YNR059W,0,-1.8353304,0.10206995159387589,0.9930555820465088,0.8813050389289856
YDR494W,YPR047W,0,-1.8361893,0.10205954313278198,0.9930555820465088,0.8814051151275635
YEL069C,YOR273C,0,-1.8365943,0.10204914212226868,0.9930555820465088,0.8815051913261414
YHR072W,YLR074C,0,-1.8369144,0.10203873366117477,0.9930555820465088,0.8816052675247192
YMR274C,YEL050C,0,-1.8369364,0.10202833265066147,0.9930555820465088,0.8817053437232971
YER128W,YLR133W,0,-1.8370384,0.10201793909072876,0.9930555820465088,0.881805419921875
YJL184W,YIL108W,0,-1.8393525,0.10200753808021545,0.9930555820465088,0.8819054961204529
YIL050W,YOR361C,0,-1.8417166,0.10199714452028275,0.9930555820465088,0.8820056319236755
YGL237C,YBR301W,0,-1.8422282,0.10198675841093063,0.9930555820465088,0.8821057081222534
YOL113W,YOR267C,0,-1.8424026,0.10197636485099792,0.9930555820465088,0.8822057843208313
YGR029W,YMR237W,0,-1.8425632,0.10196597874164581,0.9930555820465088,0.8823058605194092
YMR196W,YLR388W,0,-1.8445024,0.1019555926322937,0.9930555820465088,0.8824059367179871
YJL010C,YER072W,0,-1.8473685,0.10194520652294159,0.9930555820465088,0.8825060129165649
YPL113C,YLR378C,0,-1.8493724,0.10193482786417007,0.9930555820465088,0.8826060891151428
YGL061C,YGL085W,0,-1.8509594,0.10192444920539856,0.9930555820465088,0.8827061653137207
YJL052W,YPR109W,0,-1.8516325,0.10191407054662704,0.9930555820465088,0.8828062415122986
YOR285W,YBL059W,0,-1.8533766,0.10190369188785553,0.9930555820465088,0.8829063177108765
YOL139C,YJR143C,0,-1.8538169,0.10189332067966461,0.9930555820465088,0.8830063939094543
YHR098C,YIL176C,0,-1.8539654,0.1018829494714737,0.9930555820465088,0.8831064701080322
YDL121C,YER027C,0,-1.8540169,0.10187258571386337,0.9930555820465088,0.8832065463066101
YGR201C,YLR102C,0,-1.8547317,0.10186221450567245,0.9930555820465088,0.883306622505188
YOR283W,YNL271C,0,-1.8549109,0.10185185074806213,0.9930555820465088,0.8834066987037659
YGL056C,YPR033C,0,-1.856375,0.10184148699045181,0.9930555820465088,0.8835068345069885
YGL040C,YGR194C,0,-1.856548,0.10183113068342209,0.9930555820465088,0.8836069107055664
YOL098C,YDR065W,0,-1.8574156,0.10182077437639236,0.9930555820465088,0.8837069869041443
YNL015W,YFR021W,0,-1.8586123,0.10181041806936264,0.9930555820465088,0.8838070631027222
YPL154C,YHL044W,0,-1.8591398,0.10180006176233292,0.9930555820465088,0.8839071393013
YOR359W,YDL192W,0,-1.8591526,0.10178970545530319,0.9930555820465088,0.8840072154998779
YBR253W,YNL030W,0,-1.8616185,0.10177935659885406,0.9930555820465088,0.8841072916984558
YEL047C,YMR300C,0,-1.8618286,0.10176901519298553,0.9930555820465088,0.8842073678970337
YBR161W,YHR139C,0,-1.8619113,0.10175866633653641,0.9930555820465088,0.8843074440956116
YGL261C,YIL124W,0,-1.8633634,0.10174832493066788,0.9930555820465088,0.8844075202941895
YGR209C,YKL192C,0,-1.8636836,0.10173798352479935,0.9930555820465088,0.8845075964927673
YNL283C,YJL154C,0,-1.8639174,0.10172764211893082,0.9930555820465088,0.8846076726913452
YJR009C,YPR070W,0,-1.8642414,0.10171730816364288,0.9930555820465088,0.8847077488899231
YBR056W,YNR026C,0,-1.866003,0.10170696675777435,0.9930555820465088,0.884807825088501
YDL076C,YLL061W,0,-1.8662666,0.10169664025306702,0.9930555820465088,0.8849079012870789
YJR143C,YNL317W,0,-1.8675133,0.10168630629777908,0.9930555820465088,0.8850079774856567
YDL198C,YDR046C,0,-1.8676082,0.10167597979307175,0.9930555820465088,0.8851081132888794
YER067W,YHL021C,0,-1.8679461,0.10166565328836441,0.9930555820465088,0.8852081894874573
YPL196W,YJL223C,0,-1.868434,0.10165532678365707,0.9930555820465088,0.8853082656860352
YER049W,YMR114C,0,-1.8685771,0.10164500772953033,0.9930555820465088,0.885408341884613
YLR130C,YJL094C,0,-1.8712416,0.101634681224823,0.9930555820465088,0.8855084180831909
YMR184W,YDR074W,0,-1.8714267,0.10162436217069626,0.9930555820465088,0.8856084942817688
YKR077W,YDR508C,0,-1.8717288,0.10161405056715012,0.9930555820465088,0.8857085704803467
YPL022W,YLR141W,0,-1.8717698,0.10160373896360397,0.9930555820465088,0.8858086466789246
YOR152C,YLR056W,0,-1.8742073,0.10159341990947723,0.9930555820465088,0.8859087228775024
YOR128C,YJR061W,0,-1.8758296,0.10158311575651169,0.9930555820465088,0.8860087990760803
YDR050C,YDL021W,0,-1.8781729,0.10157280415296555,0.9930555820465088,0.8861088752746582
YKL077W,YEL052W,0,-1.8782716,0.1015625,0.9930555820465088,0.8862089514732361
YBL056W,YPR113W,0,-1.8789737,0.10155219584703445,0.9930555820465088,0.886309027671814
YGL135W,YLL004W,0,-1.8819017,0.10154189169406891,0.9930555820465088,0.8864091038703918
YCR095C,YLR390W-A,0,-1.882777,0.10153159499168396,0.9930555820465088,0.8865091800689697
YMR184W,YDR266C,0,-1.8830156,0.10152129828929901,0.9930555820465088,0.8866093158721924
YJL002C,YKL027W,0,-1.8845843,0.10151100158691406,0.9930555820465088,0.8867093920707703
YMR305C,YJL141C,0,-1.8846169,0.10150071233510971,0.9930555820465088,0.8868094682693481
YNL151C,YEL047C,0,-1.885629,0.10149041563272476,0.9930555820465088,0.886909544467926
YKL067W,YER067W,0,-1.8860717,0.10148012638092041,0.9930555820465088,0.8870096206665039
YNL010W,YPR193C,0,-1.8862958,0.10146984457969666,0.9930555820465088,0.8871096968650818
YPR114W,YBL091C,0,-1.8863945,0.1014595553278923,0.9930555820465088,0.8872097730636597
YIR035C,YDL206W,0,-1.886493,0.10144927352666855,0.9930555820465088,0.8873098492622375
YOL032W,YPR156C,0,-1.8868061,0.1014389917254448,0.9930555820465088,0.8874099254608154
YPL143W,YJL042W,0,-1.887367,0.10142871737480164,0.9930555820465088,0.8875100016593933
YGL259W,YDR381W,0,-1.8885431,0.10141844302415848,0.9930555820465088,0.8876100778579712
YDL014W,YOR344C,0,-1.8900497,0.10140816867351532,0.9930555820465088,0.8877101540565491
YMR060C,YDR384C,0,-1.891005,0.10139789432287216,0.9930555820465088,0.887810230255127
YPR149W,YDL133W,0,-1.8928883,0.101387619972229,0.9930555820465088,0.8879103064537048
YER169W,YMR058W,0,-1.8930124,0.10137735307216644,0.9930555820465088,0.8880103826522827
YDR060W,YNR030W,0,-1.8944349,0.10136708617210388,0.9930555820465088,0.8881104588508606
YGL166W,YLR099C,0,-1.8944795,0.10135682672262192,0.9930555820465088,0.8882105946540833
YJR104C,YOL060C,0,-1.8949968,0.10134655982255936,0.9930555820465088,0.8883106708526611
YIL088C,YNR044W,0,-1.8961504,0.10133630037307739,0.9930555820465088,0.888410747051239
YOR246C,YBR183W,0,-1.8974938,0.10132604837417603,0.9930555820465088,0.8885108232498169
YGL198W,YPR066W,0,-1.8975139,0.10131578892469406,0.9930555820465088,0.8886108994483948
YJR117W,YFR005C,0,-1.8975908,0.1013055369257927,0.9930555820465088,0.8887109756469727
YHR094C,YPL196W,0,-1.8976498,0.10129528492689133,0.9930555820465088,0.8888110518455505
YDR454C,YOR061W,0,-1.8982357,0.10128503292798996,0.9930555820465088,0.8889111280441284
YBR291C,YLR390W,0,-1.8991061,0.10127478837966919,0.9930555820465088,0.8890112042427063
YNL112W,YDR080W,0,-1.8992866,0.10126454383134842,0.9930555820465088,0.8891112804412842
YBR208C,YFL045C,0,-1.900343,0.10125429928302765,0.9930555820465088,0.8892113566398621
YIL145C,YHR198C,0,-1.9015131,0.10124405473470688,0.9930555820465088,0.8893114328384399
YBR155W,YLL012W,0,-1.9016634,0.1012338176369667,0.9930555820465088,0.8894115090370178
YIL146C,YIL042C,0,-1.9027205,0.10122358053922653,0.9930555820465088,0.8895115852355957
YOR046C,YDR063W,0,-1.9040391,0.10121334344148636,0.9930555820465088,0.8896116614341736
YPL095C,YBR293W,0,-1.9046273,0.10120311379432678,0.9930555820465088,0.8897117972373962
YJR096W,YMR037C,0,-1.9049857,0.1011928841471672,0.9930555820465088,0.8898118734359741
YBR068C,YPR016C,0,-1.9058732,0.10118265450000763,0.9930555820465088,0.889911949634552
YOR002W,YKL057C,0,-1.9076134,0.10117242485284805,0.9930555820465088,0.8900120258331299
YLR241W,YDR512C,0,-1.9077848,0.10116220265626907,0.9930555820465088,0.8901121020317078
YNR032W,YJR121W,0,-1.9080671,0.1011519804596901,0.9930555820465088,0.8902121782302856
YDR072C,YBR127C,0,-1.9084189,0.10114175826311111,0.9930555820465088,0.8903122544288635
YLR422W,YOL004W,0,-1.9089898,0.10113154351711273,0.9930555820465088,0.8904123306274414
YKL210W,YGR189C,0,-1.909628,0.10112132877111435,0.9930555820465088,0.8905124068260193
YHL032C,YLR133W,0,-1.9100127,0.10111111402511597,0.9930555820465088,0.8906124830245972
YIL078W,YNL142W,0,-1.9117496,0.10110089927911758,0.9930555820465088,0.890712559223175
YKL129C,YER134C,0,-1.912683,0.1010906919836998,0.9930555820465088,0.8908126354217529
YDR516C,YHR154W,0,-1.9138224,0.10108047723770142,0.9930555820465088,0.8909127116203308
YFL033C,YNL321W,0,-1.914567,0.10107027739286423,0.9930555820465088,0.8910127878189087
YKR003W,YFR008W,0,-1.9151447,0.10106007009744644,0.9930555820465088,0.8911128640174866
YMR325W,YLR001C,0,-1.9154578,0.10104987025260925,0.9930555820465088,0.8912129998207092
YIL003W,YER177W,0,-1.9159567,0.10103967040777206,0.9930555820465088,0.8913130760192871
YEL020C,YPR108W,0,-1.9163253,0.10102947056293488,0.9930555820465088,0.891413152217865
YNL037C,YDL145C,0,-1.9180362,0.10101927816867828,0.9930555820465088,0.8915132284164429
YMR100W,YLR350W,0,-1.9192042,0.1010090783238411,0.9930555820465088,0.8916133046150208
YCR076C,YPL210C,0,-1.9192369,0.1009988933801651,0.9930555820465088,0.8917133808135986
YMR099C,YOR156C,0,-1.9199691,0.10098870098590851,0.9930555820465088,0.8918134570121765
YKL210W,YOR209C,0,-1.9201157,0.10097851604223251,0.9930555820465088,0.8919135332107544
YJR147W,YBR299W,0,-1.9209758,0.10096833109855652,0.9930555820465088,0.8920136094093323
YJL191W,YKL015W,0,-1.9222265,0.10095814615488052,0.9930555820465088,0.8921136856079102
YDR430C,YNL061W,0,-1.9227889,0.10094796121120453,0.9930555820465088,0.892213761806488
YBR230C,YDL193W,0,-1.9242388,0.10093778371810913,0.9930555820465088,0.8923138380050659
YML100W,YGR048W,0,-1.9243845,0.10092760622501373,0.9930555820465088,0.8924139142036438
YLR061W,YNL103W,0,-1.9248853,0.10091742873191833,0.9930555820465088,0.8925139904022217
YBR158W,YGL019W,0,-1.9253844,0.10090725868940353,0.9930555820465088,0.8926140666007996
YIL088C,YDR202C,0,-1.9254115,0.10089708864688873,0.9930555820465088,0.8927141427993774
YOR246C,YJR009C,0,-1.9263139,0.10088691860437393,0.9930555820465088,0.8928142786026001
YLR413W,YPL017C,0,-1.9274071,0.10087674856185913,0.9930555820465088,0.892914354801178
YNL066W,YLR208W,0,-1.9275603,0.10086658596992493,0.9930555820465088,0.8930144309997559
YER042W,YAL033W,0,-1.928333,0.10085642337799072,0.9930555820465088,0.8931145071983337
YDR496C,YPL264C,0,-1.9284124,0.10084626078605652,0.9930555820465088,0.8932145833969116
YMR104C,YGL261C,0,-1.9285474,0.10083610564470291,0.9930555820465088,0.8933146595954895
YLR017W,YER057C,0,-1.9298409,0.1008259505033493,0.9930555820465088,0.8934147357940674
YDR447C,YJL223C,0,-1.9300272,0.1008157953619957,0.9930555820465088,0.8935148119926453
YAL059W,YDR158W,0,-1.9310915,0.10080564022064209,0.9930555820465088,0.8936148881912231
YDL209C,YOL058W,0,-1.931659,0.10079549252986908,0.9930555820465088,0.893714964389801
YMR081C,YMR291W,0,-1.931793,0.10078533738851547,0.9930555820465088,0.8938150405883789
YKR006C,YPR124W,0,-1.9322056,0.10077519714832306,0.9930555820465088,0.8939151167869568
YOR095C,YKL094W,0,-1.9330032,0.10076504945755005,0.9930555820465088,0.8940151929855347
YOR228C,YDR301W,0,-1.9330757,0.10075490921735764,0.9930555820465088,0.8941152691841125
YPL220W,YCL026C-A,0,-1.9345443,0.10074476897716522,0.9930555820465088,0.8942153453826904
YML128C,YOL071W,0,-1.9352448,0.10073462873697281,0.9930555820465088,0.8943154811859131
YOR020C,YDL198C,0,-1.9361384,0.1007244884967804,0.9930555820465088,0.894415557384491
YER165W,YNL265C,0,-1.9376855,0.10071435570716858,0.9930555820465088,0.8945156335830688
YBR149W,YDR054C,0,-1.9388721,0.10070422291755676,0.9930555820465088,0.8946157097816467
YLR225C,YIR034C,0,-1.939038,0.10069409757852554,0.9930555820465088,0.8947157859802246
YKL188C,YNL281W,0,-1.9390893,0.10068396478891373,0.9930555820465088,0.8948158621788025
YOR047C,YOL020W,0,-1.9401255,0.10067383944988251,0.9930555820465088,0.8949159383773804
YBR287W,YPL169C,0,-1.9415277,0.10066371411085129,0.9930555820465088,0.8950160145759583
YLR134W,YER104W,0,-1.9417388,0.10065359622240067,0.9930555820465088,0.8951160907745361
YKR093W,YIL111W,0,-1.9419932,0.10064347833395004,0.9930555820465088,0.895216166973114
YLR121C,YNL020C,0,-1.9432776,0.10063336044549942,0.9930555820465088,0.8953162431716919
YOR283W,YLR459W,0,-1.9433992,0.1006232425570488,0.9930555820465088,0.8954163193702698
YDR330W,YJL130C,0,-1.9436313,0.10061312466859818,0.9930555820465088,0.8955163955688477
YAR008W,YIL052C,0,-1.9452424,0.10060301423072815,0.9930555820465088,0.8956164717674255
YDR517W,YCL043C,0,-1.9458358,0.10059290379285812,0.9930555820465088,0.8957165479660034
YDL223C,YHR194W,0,-1.9460622,0.1005828008055687,0.9930555820465088,0.8958166241645813
YDL215C,YLR404W,0,-1.9461906,0.10057269036769867,0.9930555820465088,0.895916759967804
YCL035C,YGR125W,0,-1.946199,0.10056258738040924,0.9930555820465088,0.8960168361663818
YDR517W,YDR494W,0,-1.9464823,0.10055248439311981,0.9930555820465088,0.8961169123649597
YNL117W,YNR076W,0,-1.9466498,0.10054238885641098,0.9930555820465088,0.8962169885635376
YIL123W,YDR208W,0,-1.947761,0.10053228586912155,0.9930555820465088,0.8963170647621155
YER071C,YNR035C,0,-1.9511606,0.10052219033241272,0.9930555820465088,0.8964171409606934
YFL038C,YLR328W,0,-1.9515142,0.10051210224628448,0.9930555820465088,0.8965172171592712
YDR064W,YER145C,0,-1.9531207,0.10050200670957565,0.9930555820465088,0.8966172933578491
YDR101C,YCR034W,0,-1.9539311,0.10049191862344742,0.9930555820465088,0.896717369556427
YMR037C,YIL176C,0,-1.9542437,0.10048183053731918,0.9930555820465088,0.8968174457550049
YDR356W,YKL096W-A,0,-1.9558048,0.10047174245119095,0.9930555820465088,0.8969175219535828
YFR018C,YGL250W,0,-1.9571077,0.10046166181564331,0.9930555820465088,0.8970175981521606
YPL220W,YMR264W,0,-1.9571364,0.10045158118009567,0.9930555820465088,0.8971176743507385
YGR122W,YMR104C,0,-1.9600296,0.10044150054454803,0.9930555820465088,0.8972177505493164
YER037W,YGL206C,0,-1.960325,0.100431427359581,0.9930555820465088,0.8973178267478943
YBR044C,YPR184W,0,-1.9605154,0.10042134672403336,0.9930555820465088,0.8974179625511169
YKL013C,YLR375W,0,-1.9634504,0.10041127353906631,0.9930555820465088,0.8975180387496948
YKL190W,YPL196W,0,-1.9634573,0.10040120035409927,0.9930555820465088,0.8976181149482727
YJL101C,YLR142W,0,-1.9656215,0.10039113461971283,0.9930555820465088,0.8977181911468506
YJR066W,YOR234C,0,-1.9658239,0.10038106888532639,0.9930555820465088,0.8978182673454285
YPL149W,YER150W,0,-1.9669191,0.10037100315093994,0.9930555820465088,0.8979183435440063
YJL198W,YBR086C,0,-1.9680188,0.1003609374165535,0.9930555820465088,0.8980184197425842
YOR042W,YLR065C,0,-1.9693526,0.10035087913274765,0.9930555820465088,0.8981184959411621
YPR185W,YOR045W,0,-1.9704545,0.1003408208489418,0.9930555820465088,0.89821857213974
YKL184W,YOR246C,0,-1.9719374,0.10033076256513596,0.9930555820465088,0.8983186483383179
YMR049C,YJL080C,0,-1.9725348,0.10032070428133011,0.9930555820465088,0.8984187245368958
YNR052C,YBR214W,0,-1.9730253,0.10031065344810486,0.9930555820465088,0.8985188007354736
YLR214W,YJR100C,0,-1.9738793,0.10030060261487961,0.9930555820465088,0.8986188769340515
YKL188C,YIL121W,0,-1.9741507,0.10029055178165436,0.9930555820465088,0.8987189531326294
YNL217W,YMR197C,0,-1.974156,0.1002805083990097,0.9930555820465088,0.8988190293312073
YBR162C,YAR042W,0,-1.9746395,0.10027045756578445,0.9930555820465088,0.8989191055297852
YMR075W,YJL191W,0,-1.975795,0.1002604141831398,0.9930555820465088,0.8990192413330078
YAR071W,YKL049C,0,-1.9781871,0.10025037825107574,0.9930555820465088,0.8991193175315857
YBR084C-A,YBL045C,0,-1.9782038,0.10024033486843109,0.9930555820465088,0.8992193937301636
YMR119W,YDR086C,0,-1.9789165,0.10023029893636703,0.9930555820465088,0.8993194699287415
YPL203W,YLR142W,0,-1.9789417,0.10022026300430298,0.9930555820465088,0.8994195461273193
YBR241C,YKR091W,0,-1.9795251,0.10021023452281952,0.9930555820465088,0.8995196223258972
YBR070C,YJR025C,0,-1.9823534,0.10020019859075546,0.9930555820465088,0.8996196985244751
YCR035C,YKL146W,0,-1.9828043,0.100190170109272,0.9930555820465088,0.899719774723053
YOR100C,YBR149W,0,-1.9838302,0.10018014162778854,0.9930555820465088,0.8998198509216309
YIL137C,YNL010W,0,-1.9847696,0.10017012059688568,0.9930555820465088,0.8999199271202087
YJL191W,YKL174C,0,-1.9849603,0.10016009956598282,0.9930555820465088,0.9000200033187866
YER117W,YOR273C,0,-1.9860544,0.10015007853507996,0.9930555820465088,0.9001200795173645
YDR517W,YLR439W,0,-1.9874558,0.1001400575041771,0.9930555820465088,0.9002201557159424
YLR419W,YGR041W,0,-1.9875981,0.10013003647327423,0.9930555820465088,0.9003202319145203
YJL010C,YIL114C,0,-1.9884691,0.10012002289295197,0.9930555820465088,0.9004203081130981
YLL026W,YDR287W,0,-1.992493,0.1001100093126297,0.9930555820465088,0.9005204439163208
YPL214C,YER060W-A,0,-1.9931064,0.10010000318288803,0.9930555820465088,0.9006205201148987
YNL122C,YMR092C,0,-1.9934793,0.10008998960256577,0.9930555820465088,0.9007205963134766
YPL281C,YMR013C,0,-1.9935268,0.1000799834728241,0.9930555820465088,0.9008206725120544
YKL168C,YKL016C,0,-1.9936235,0.10006997734308243,0.9930555820465088,0.9009207487106323
YMR180C,YLR300W,0,-1.9940366,0.10005997866392136,0.9930555820465088,0.9010208249092102
YOR094W,YER076C,0,-1.9944378,0.10004997253417969,0.9930555820465088,0.9011209011077881
YJL036W,YKR092C,0,-1.9945934,0.10003997385501862,0.9930555820465088,0.901220977306366
YKL024C,YPL003W,0,-1.994611,0.10002998262643814,0.9930555820465088,0.9013210535049438
YOR174W,YDL133W,0,-1.9947464,0.10001998394727707,0.9930555820465088,0.9014211297035217
YAL027W,YPL265W,0,-1.9963984,0.1000099927186966,0.9930555820465088,0.9015212059020996
YER052C,YBR112C,0,-1.9967923,0.10000000149011612,0.9930555820465088,0.9016212821006775
YDL230W,YKR068C,0,-1.9976816,0.09999001026153564,0.9930555820465088,0.9017213582992554
YCL043C,YCR023C,0,-1.9977127,0.09998002648353577,0.9930555820465088,0.9018214344978333
YGR013W,YBR031W,0,-1.9979975,0.09997003525495529,0.9930555820465088,0.9019215106964111
YKL088W,YJL158C,0,-1.9985952,0.09996005892753601,0.9930555820465088,0.9020216464996338
YER036C,YDL122W,0,-2.0007155,0.09995007514953613,0.9930555820465088,0.9021217226982117
YMR027W,YBR169C,0,-2.0015092,0.09994009882211685,0.9930555820465088,0.9022217988967896
YOR006C,YKL018W,0,-2.001901,0.09993012249469757,0.9930555820465088,0.9023218750953674
YBR298C,YPL117C,0,-2.001916,0.09992014616727829,0.9930555820465088,0.9024219512939453
YCL030C,YGL141W,0,-2.0023224,0.09991016983985901,0.9930555820465088,0.9025220274925232
YIL063C,YLR390W-A,0,-2.002593,0.09990020096302032,0.9930555820465088,0.9026221036911011
YBR183W,YOL087C,0,-2.0027897,0.09989023208618164,0.9930555820465088,0.902722179889679
YCR028C-A,YKR009C,0,-2.0033402,0.09988026320934296,0.9930555820465088,0.9028222560882568
YEL047C,YMR194W,0,-2.0072236,0.09987030178308487,0.9930555820465088,0.9029223322868347
YGR159C,YMR283C,0,-2.0073626,0.09986033290624619,0.9930555820465088,0.9030224084854126
YDR476C,YOL097C,0,-2.0077238,0.0998503714799881,0.9930555820465088,0.9031224846839905
YIL109C,YBR006W,0,-2.0086687,0.09984041750431061,0.9930555820465088,0.9032225608825684
YHR182W,YMR088C,0,-2.0096169,0.09983045607805252,0.9930555820465088,0.9033226370811462
YMR220W,YJR047C,0,-2.0097408,0.09982050210237503,0.9930555820465088,0.9034227132797241
YGR010W,YMR128W,0,-2.0109851,0.09981054812669754,0.9930555820465088,0.903522789478302
YAL023C,YGR245C,0,-2.0114782,0.09980060160160065,0.9930555820465088,0.9036229252815247
YER087C-A,YOL013C,0,-2.0115905,0.09979064762592316,0.9930555820465088,0.9037230014801025
YLR134W,YPL151C,0,-2.0136783,0.09978070110082626,0.9930555820465088,0.9038230776786804
YPL187W,YDR031W,0,-2.0138202,0.09977075457572937,0.9930555820465088,0.9039231538772583
YPR098C,YFL013C,0,-2.0138366,0.09976081550121307,0.9930555820465088,0.9040232300758362
YMR214W,YKL056C,0,-2.014051,0.09975086897611618,0.9930555820465088,0.9041233062744141
YNR076W,YBR297W,0,-2.014091,0.09974092990159988,0.9930555820465088,0.9042233824729919
YMR123W,YOR355W,0,-2.0148296,0.09973099827766418,0.9930555820465088,0.9043234586715698
YML094W,YIL107C,0,-2.0154827,0.09972105920314789,0.9930555820465088,0.9044235348701477
YJL101C,YDL223C,0,-2.0171854,0.09971112757921219,0.9930555820465088,0.9045236110687256
YOL120C,YOR254C,0,-2.0179276,0.09970119595527649,0.9930555820465088,0.9046236872673035
YOR044W,YBL105C,0,-2.0182443,0.09969126433134079,0.9930555820465088,0.9047237634658813
YKL008C,YGR016W,0,-2.0182586,0.09968134015798569,0.9930555820465088,0.9048238396644592
YPL078C,YPL019C,0,-2.0183108,0.09967141598463058,0.9930555820465088,0.9049239158630371
YDL214C,YOR301W,0,-2.0227757,0.09966149181127548,0.9930555820465088,0.905023992061615
YGL087C,YKL029C,0,-2.023023,0.09965156763792038,0.9930555820465088,0.9051241278648376
YPR037C,YBR268W,0,-2.0230997,0.09964165091514587,0.9930555820465088,0.9052242040634155
YMR121C,YDR009W,0,-2.0241902,0.09963173419237137,0.9930555820465088,0.9053242802619934
YAL009W,YER004W,0,-2.0245738,0.09962181746959686,0.9930555820465088,0.9054243564605713
YDL134C,YMR300C,0,-2.0256913,0.09961190074682236,0.9930555820465088,0.9055244326591492
YBR191W,YDR420W,0,-2.0281816,0.09960199147462845,0.9930555820465088,0.905624508857727
YPR088C,YGL157W,0,-2.028751,0.09959208220243454,0.9930555820465088,0.9057245850563049
YJL171C,YKR001C,0,-2.0299752,0.09958217293024063,0.9930555820465088,0.9058246612548828
YMR230W,YLR375W,0,-2.0310965,0.09957226365804672,0.9930555820465088,0.9059247374534607
YBR298C,YHR135C,0,-2.0310977,0.09956236183643341,0.9930555820465088,0.9060248136520386
YGL055W,YLR151C,0,-2.0325708,0.0995524600148201,0.9930555820465088,0.9061248898506165
YHR112C,YPR185W,0,-2.0329332,0.09954255819320679,0.9930555820465088,0.9062249660491943
YNR039C,YMR121C,0,-2.0329473,0.09953266382217407,0.9930555820465088,0.9063250422477722
YNL044W,YGR294W,0,-2.0345068,0.09952276945114136,0.9930555820465088,0.9064251184463501
YDL182W,YIL171W,0,-2.0352776,0.09951287508010864,0.9930555820465088,0.906525194644928
YHR002W,YOR004W,0,-2.0361016,0.09950298070907593,0.9930555820465088,0.9066252708435059
YMR186W,YDR071C,0,-2.036302,0.09949309378862381,0.9930555820465088,0.9067254066467285
YOL084W,YGL107C,0,-2.039299,0.09948320686817169,0.9930555820465088,0.9068254828453064
YLL026W,YOL060C,0,-2.0393004,0.09947331994771957,0.9930555820465088,0.9069255590438843
YLR010C,YDR033W,0,-2.0396497,0.09946343302726746,0.9930555820465088,0.9070256352424622
YNL036W,YAL031C,0,-2.0398788,0.09945355355739594,0.9930555820465088,0.90712571144104
YFL038C,YLL012W,0,-2.040147,0.09944367408752441,0.9930555820465088,0.9072257876396179
YBR162C,YKL137W,0,-2.040227,0.0994337946176529,0.9930555820465088,0.9073258638381958
YIL109C,YDR415C,0,-2.0406632,0.09942391514778137,0.9930555820465088,0.9074259400367737
YPR011C,YDR194C,0,-2.041099,0.09941404312849045,0.9930555820465088,0.9075260162353516
YLR024C,YJL222W,0,-2.0413651,0.09940417110919952,0.9930555820465088,0.9076260924339294
YMR197C,YIL114C,0,-2.0414329,0.0993942990899086,0.9930555820465088,0.9077261686325073
YIL088C,YPL258C,0,-2.0424552,0.09938443452119827,0.9930555820465088,0.9078262448310852
YHL022C,YDL128W,0,-2.0452356,0.09937456250190735,0.9930555820465088,0.9079263210296631
YPR024W,YKL152C,0,-2.045721,0.09936469793319702,0.9930555820465088,0.908026397228241
YER033C,YER119C,0,-2.0458558,0.09935484081506729,0.9930555820465088,0.9081264734268188
YJR155W,YNL049C,0,-2.0464058,0.09934497624635696,0.9930555820465088,0.9082266092300415
YPL206C,YMR170C,0,-2.0464756,0.09933511912822723,0.9930555820465088,0.9083266854286194
YJR155W,YHR112C,0,-2.0484242,0.0993252620100975,0.9930555820465088,0.9084267616271973
YLR450W,YNL166C,0,-2.0494435,0.09931540489196777,0.9930555820465088,0.9085268378257751
YFR004W,YBL020W,0,-2.0496364,0.09930555522441864,0.9930555820465088,0.908626914024353
YGL056C,YOL105C,0,-2.050953,0.0992957055568695,0.9930555820465088,0.9087269902229309
YIR007W,YIR035C,0,-2.0514002,0.09928585588932037,0.9930555820465088,0.9088270664215088
YAL027W,YAL060W,0,-2.0519526,0.09927600622177124,0.9930555820465088,0.9089271426200867
YLL039C,YER181C,0,-2.052777,0.0992661640048027,0.9930555820465088,0.9090272188186646
YKL163W,YNL036W,0,-2.0530086,0.09925632178783417,0.9930555820465088,0.9091272950172424
YGL191W,YMR203W,0,-2.053176,0.09924647957086563,0.9930555820465088,0.9092273712158203
YDR492W,YDR429C,0,-2.0547132,0.09923664480447769,0.9930555820465088,0.9093274474143982
YEL054C,YDR387C,0,-2.0580158,0.09922680258750916,0.9930555820465088,0.9094275236129761
YDL070W,YDL192W,0,-2.06025,0.09921696782112122,0.9930555820465088,0.909527599811554
YOR175C,YOL071W,0,-2.0624542,0.09920713305473328,0.9930555820465088,0.9096276760101318
YIR022W,YNL301C,0,-2.0625207,0.09919730573892593,0.9930555820465088,0.9097278118133545
YGR108W,YLR167W,0,-2.0625582,0.09918747842311859,0.9930555820465088,0.9098278880119324
YIL134W,YOR140W,0,-2.0630932,0.09917765110731125,0.9930555820465088,0.9099279642105103
YDR374C,YMR089C,0,-2.0641994,0.0991678237915039,0.9930555820465088,0.9100280404090881
YAL030W,YJR013W,0,-2.0645518,0.09915799647569656,0.9930555820465088,0.910128116607666
YER154W,YPL148C,0,-2.06612,0.09914817661046982,0.9930555820465088,0.9102281928062439
YKL016C,YCL052C,0,-2.0671432,0.09913835674524307,0.9930555820465088,0.9103282690048218
YOR270C,YCR095C,0,-2.0688314,0.09912853688001633,0.9930555820465088,0.9104283452033997
YCR083W,YLR308W,0,-2.070318,0.09911872446537018,0.9930555820465088,0.9105284214019775
YBL091C,YGR175C,0,-2.0703924,0.09910891205072403,0.9930555820465088,0.9106284976005554
YGR180C,YHR085W,1,-2.0707617,0.09919809550046921,0.9940476417541504,0.9106284976005554
YPR184W,YLR196W,0,-2.0725245,0.09918828308582306,0.9940476417541504,0.9107285737991333
YGR168C,YMR024W,0,-2.0734005,0.09917846322059631,0.9940476417541504,0.9108286499977112
YKL085W,YEL064C,0,-2.0740862,0.09916864335536957,0.9940476417541504,0.9109287261962891
YFL057C,YOR311C,0,-2.07516,0.09915883094072342,0.9940476417541504,0.9110288023948669
YDR261C,YDR461W,0,-2.0774245,0.09914901852607727,0.9940476417541504,0.9111288785934448
YDR261C,YOL116W,0,-2.0780385,0.09913921356201172,0.9940476417541504,0.9112289547920227
YLR075W,YDR034C,0,-2.0780585,0.09912940114736557,0.9940476417541504,0.9113290905952454
YDL070W,YJR070C,0,-2.0788126,0.09911959618330002,0.9940476417541504,0.9114291667938232
YJR058C,YGR124W,0,-2.0798898,0.09910979121923447,0.9940476417541504,0.9115292429924011
YLR403W,YER177W,0,-2.0812595,0.09909999370574951,0.9940476417541504,0.911629319190979
YGL261C,YEL060C,0,-2.0818274,0.09909018874168396,0.9940476417541504,0.9117293953895569
YDR492W,YPL012W,0,-2.0830572,0.099080391228199,0.9940476417541504,0.9118294715881348
YCR086W,YGR254W,0,-2.0854762,0.09907059371471405,0.9940476417541504,0.9119295477867126
YNL115C,YJL005W,0,-2.0857153,0.09906080365180969,0.9940476417541504,0.9120296239852905
YKL167C,YHR018C,0,-2.0866196,0.09905100613832474,0.9940476417541504,0.9121297001838684
YDR148C,YDL177C,0,-2.0874994,0.09904121607542038,0.9940476417541504,0.9122297763824463
YKR063C,YCR079W,0,-2.088509,0.09903142601251602,0.9940476417541504,0.9123298525810242
YHR021C,YPL070W,0,-2.0889566,0.09902164340019226,0.9940476417541504,0.912429928779602
YLR109W,YJL078C,0,-2.0894728,0.0990118607878685,0.9940476417541504,0.9125300049781799
YJL157C,YBR006W,0,-2.0923176,0.09900207817554474,0.9940476417541504,0.9126300811767578
YFL062W,YLR008C,0,-2.0926404,0.09899229556322098,0.9940476417541504,0.9127301573753357
YPR132W,YBL089W,0,-2.0931716,0.09898251295089722,0.9940476417541504,0.9128302931785583
YMR193W,YOL087C,0,-2.093306,0.09897273778915405,0.9940476417541504,0.9129303693771362
YDR470C,YIL107C,0,-2.094078,0.09896296262741089,0.9940476417541504,0.9130304455757141
YLR325C,YEL046C,0,-2.0942676,0.09895318746566772,0.9940476417541504,0.913130521774292
YBR149W,YNL169C,0,-2.0951643,0.09894341975450516,0.9940476417541504,0.9132305979728699
YBR121C,YLR027C,0,-2.0976315,0.09893365204334259,0.9940476417541504,0.9133306741714478
YMR092C,YEL006W,0,-2.0981688,0.09892388433218002,0.9940476417541504,0.9134307503700256
YIL033C,YML036W,0,-2.0989077,0.09891411662101746,0.9940476417541504,0.9135308265686035
YGR213C,YPR149W,0,-2.0991793,0.09890435636043549,0.9940476417541504,0.9136309027671814
YBR035C,YAL017W,0,-2.1003017,0.09889458864927292,0.9940476417541504,0.9137309789657593
YOR228C,YML008C,0,-2.100526,0.09888482838869095,0.9940476417541504,0.9138310551643372
YMR083W,YBR204C,0,-2.1005645,0.09887507557868958,0.9940476417541504,0.913931131362915
YOR062C,YGL022W,0,-2.1040251,0.0988653153181076,0.9940476417541504,0.9140312075614929
YLR120C,YFL033C,0,-2.1043043,0.09885556250810623,0.9940476417541504,0.9141312837600708
YGL087C,YER072W,0,-2.104493,0.09884580969810486,0.9940476417541504,0.9142313599586487
YPR103W,YJL223C,0,-2.104702,0.09883606433868408,0.9940476417541504,0.9143314361572266
YGL184C,YFR050C,0,-2.1050863,0.09882631152868271,0.9940476417541504,0.9144315719604492
YOL098C,YJR010W,0,-2.1051872,0.09881656616926193,0.9940476417541504,0.9145316481590271
YOR011W,YJL145W,0,-2.1059706,0.09880682080984116,0.9940476417541504,0.914631724357605
YNL335W,YMR189W,0,-2.1063962,0.09879708290100098,0.9940476417541504,0.9147318005561829
YGL001C,YGL254W,0,-2.106817,0.0987873375415802,0.9940476417541504,0.9148318767547607
YBR161W,YOL098C,0,-2.1100245,0.09877759963274002,0.9940476417541504,0.9149319529533386
YJR145C,YKL022C,0,-2.1114142,0.09876786917448044,0.9940476417541504,0.9150320291519165
YML067C,YJL045W,0,-2.1114175,0.09875813126564026,0.9940476417541504,0.9151321053504944
YJL157C,YMR293C,0,-2.1117284,0.09874840080738068,0.9940476417541504,0.9152321815490723
YDR309C,YLR164W,0,-2.1128714,0.0987386703491211,0.9940476417541504,0.9153322577476501
YNL045W,YMR123W,0,-2.1140623,0.09872893989086151,0.9940476417541504,0.915432333946228
YAR071W,YKR097W,0,-2.1145658,0.09871920943260193,0.9940476417541504,0.9155324101448059
YDL093W,YEL011W,0,-2.1147897,0.09870948642492294,0.9940476417541504,0.9156324863433838
YKL006W,YMR228W,0,-2.1152549,0.09869976341724396,0.9940476417541504,0.9157325625419617
YMR242C,YDR410C,0,-2.116622,0.09869004040956497,0.9940476417541504,0.9158326387405396
YIL117C,YML026C,0,-2.1175413,0.09868032485246658,0.9940476417541504,0.9159327745437622
YML124C,YGL051W,0,-2.1176534,0.0986706092953682,0.9940476417541504,0.9160328507423401
YOL086C,YOR380W,0,-2.1181476,0.0986608937382698,0.9940476417541504,0.916132926940918
YMR120C,YNL257C,0,-2.1190438,0.09865117818117142,0.9940476417541504,0.9162330031394958
YIL064W,YPR070W,0,-2.119379,0.09864146262407303,0.9940476417541504,0.9163330793380737
YOR226C,YBR185C,0,-2.1198447,0.09863175451755524,0.9940476417541504,0.9164331555366516
YHL040C,YLR110C,0,-2.121023,0.09862204641103745,0.9940476417541504,0.9165332317352295
YAL044C,YDR354W,0,-2.1215978,0.09861233830451965,0.9940476417541504,0.9166333079338074
YMR035W,YHR087W,0,-2.1271753,0.09860263764858246,0.9940476417541504,0.9167333841323853
YKL080W,YBR280C,0,-2.1279655,0.09859293699264526,0.9940476417541504,0.9168334603309631
YKR100C,YHL047C,0,-2.1290927,0.09858323633670807,0.9940476417541504,0.916933536529541
YCR028C-A,YAL015C,1,-2.1307995,0.09867191314697266,0.995039701461792,0.916933536529541
YGR247W,YMR056C,0,-2.1315749,0.09866220504045486,0.995039701461792,0.9170336127281189
YAR027W,YDL237W,0,-2.1315916,0.09865250438451767,0.995039701461792,0.9171336889266968
YCL037C,YOR299W,0,-2.1323256,0.09864280372858047,0.995039701461792,0.9172337651252747
YOL061W,YEL050C,0,-2.1331499,0.09863310307264328,0.995039701461792,0.9173338413238525
YCL030C,YGR098C,0,-2.133241,0.09862340241670609,0.995039701461792,0.9174339175224304
YNL062C,YOR185C,0,-2.1341128,0.09861370921134949,0.995039701461792,0.9175340533256531
YGL234W,YPL280W,0,-2.134118,0.09860400855541229,0.995039701461792,0.917634129524231
YBL046W,YPR063C,0,-2.1353447,0.0985943153500557,0.995039701461792,0.9177342057228088
YOR359W,YJL191W,0,-2.1359348,0.0985846295952797,0.995039701461792,0.9178342819213867
YOR271C,YIL157C,0,-2.1376748,0.0985749363899231,0.995039701461792,0.9179343581199646
YOR271C,YNR038W,0,-2.1389215,0.0985652506351471,0.995039701461792,0.9180344343185425
YBL069W,YKR049C,0,-2.1395226,0.0985555648803711,0.995039701461792,0.9181345105171204
YOL064C,YML036W,0,-2.1413321,0.09854588657617569,0.995039701461792,0.9182345867156982
YDL134C,YMR241W,0,-2.142579,0.09853620082139969,0.995039701461792,0.9183346629142761
YBR037C,YOR223W,0,-2.1435301,0.09852652251720428,0.995039701461792,0.918434739112854
YEL062W,YAL038W,0,-2.14386,0.09851684421300888,0.995039701461792,0.9185348153114319
YMR145C,YDR277C,0,-2.1448326,0.09850716590881348,0.995039701461792,0.9186348915100098
YKL004W,YDR492W,0,-2.14601,0.09849749505519867,0.995039701461792,0.9187349677085876
YBR101C,YOR271C,0,-2.14936,0.09848782420158386,0.995039701461792,0.9188350439071655
YNR059W,YDL206W,0,-2.1499457,0.09847815334796906,0.995039701461792,0.9189351201057434
YNL219C,YOR122C,0,-2.150197,0.09846848249435425,0.995039701461792,0.9190352559089661
YAR071W,YOR079C,0,-2.1502132,0.09845881909132004,0.995039701461792,0.919135332107544
YKL217W,YNL240C,0,-2.1530309,0.09844915568828583,0.995039701461792,0.9192354083061218
YJL164C,YDL066W,0,-2.15455,0.09843949228525162,0.995039701461792,0.9193354845046997
YDR039C,YLR208W,0,-2.1548874,0.098429836332798,0.995039701461792,0.9194355607032776
YPR041W,YPR020W,0,-2.1594915,0.0984201729297638,0.995039701461792,0.9195356369018555
YKL174C,YOR182C,0,-2.1597364,0.09841051697731018,0.995039701461792,0.9196357131004333
YNL063W,YHR021C,0,-2.1598656,0.09840086102485657,0.995039701461792,0.9197357892990112
YGR055W,YHR017W,0,-2.1600685,0.09839121252298355,0.995039701461792,0.9198358654975891
YPL006W,YPL135W,0,-2.1608465,0.09838155657052994,0.995039701461792,0.919935941696167
YIR039C,YLR115W,0,-2.1651177,0.09837190806865692,0.995039701461792,0.9200360178947449
YIL165C,YDR182W,0,-2.1659575,0.0983622670173645,0.995039701461792,0.9201360940933228
YHR012W,YPR115W,0,-2.1672537,0.09835261851549149,0.995039701461792,0.9202361702919006
YLR153C,YHR104W,0,-2.1676438,0.09834297746419907,0.995039701461792,0.9203362464904785
YDR032C,YBL047C,0,-2.1677482,0.09833333641290665,0.995039701461792,0.9204363226890564
YOR150W,YDR079W,0,-2.1692486,0.09832369536161423,0.995039701461792,0.920536458492279
YMR262W,YLR043C,0,-2.1698678,0.09831405431032181,0.995039701461792,0.9206365346908569
YER059W,YHL021C,0,-2.1700711,0.09830442070960999,0.995039701461792,0.9207366108894348
YPR121W,YLR408C,0,-2.1705983,0.09829478710889816,0.995039701461792,0.9208366870880127
YKL192C,YNL008C,0,-2.1709785,0.09828515350818634,0.995039701461792,0.9209367632865906
YBR278W,YLR056W,0,-2.1711812,0.09827552735805511,0.995039701461792,0.9210368394851685
YMR268C,YDR050C,0,-2.1712403,0.09826589375734329,0.995039701461792,0.9211369156837463
YOL065C,YGL200C,0,-2.171289,0.09825626760721207,0.995039701461792,0.9212369918823242
YIL051C,YOL020W,0,-2.1721196,0.09824664145708084,0.995039701461792,0.9213370680809021
YNL256W,YNL284C,0,-2.1725914,0.09823702275753021,0.995039701461792,0.92143714427948
YLR120C,YPL070W,0,-2.1737423,0.09822740405797958,0.995039701461792,0.9215372204780579
YOR317W,YJR091C,0,-2.1739292,0.09821778535842896,0.995039701461792,0.9216372966766357
YDR517W,YJL034W,0,-2.1742554,0.09820816665887833,0.995039701461792,0.9217373728752136
YER078C,YCL043C,0,-2.1747637,0.0981985479593277,0.995039701461792,0.9218374490737915
YKL077W,YHR146W,0,-2.1758647,0.09818893671035767,0.995039701461792,0.9219375252723694
YNL289W,YMR217W,0,-2.1763058,0.09817932546138763,0.995039701461792,0.9220376014709473
YJL104W,YNL010W,0,-2.1763215,0.0981697142124176,0.995039701461792,0.9221377372741699
YPL196W,YPR113W,0,-2.1767612,0.09816011041402817,0.995039701461792,0.9222378134727478
YBL020W,YPR006C,0,-2.1777115,0.09815050661563873,0.995039701461792,0.9223378896713257
YHR151C,YOL058W,0,-2.1788077,0.0981409028172493,0.995039701461792,0.9224379658699036
YBR061C,YIL162W,0,-2.1807172,0.09813129901885986,0.995039701461792,0.9225380420684814
YKL137W,YMR251W-A,0,-2.1815715,0.09812169522047043,0.995039701461792,0.9226381182670593
YKR036C,YKL185W,0,-2.1820867,0.09811209887266159,0.995039701461792,0.9227381944656372
YDR268W,YAL053W,0,-2.1832135,0.09810250252485275,0.995039701461792,0.9228382706642151
YLR441C,YGR036C,0,-2.183961,0.09809290617704391,0.995039701461792,0.922938346862793
YKL188C,YPR119W,0,-2.1842222,0.09808331727981567,0.995039701461792,0.9230384230613708
YDR492W,YGR239C,0,-2.1868749,0.09807372838258743,0.995039701461792,0.9231384992599487
YCR067C,YBL040C,0,-2.1868892,0.09806413948535919,0.995039701461792,0.9232385754585266
YMR230W,YHR139C,0,-2.1869698,0.09805455058813095,0.995039701461792,0.9233386516571045
YLR163C,YLR390W,0,-2.1883633,0.0980449691414833,0.995039701461792,0.9234387278556824
YJL052W,YPL009C,0,-2.1894093,0.09803538024425507,0.995039701461792,0.9235388040542603
YGL006W,YKR058W,0,-2.190393,0.09802579879760742,0.995039701461792,0.9236389398574829
YMR312W,YDL027C,0,-2.1931033,0.09801622480154037,0.995039701461792,0.9237390160560608
YLR256W,YPL135W,0,-2.1938946,0.09800664335489273,0.995039701461792,0.9238390922546387
YHR190W,YGR148C,0,-2.2026258,0.09799706935882568,0.995039701461792,0.9239391684532166
YJL164C,YPR151C,0,-2.2060056,0.09798749536275864,0.995039701461792,0.9240392446517944
YOL098C,YGL030W,0,-2.206753,0.09797792136669159,0.995039701461792,0.9241393208503723
YJR161C,YPR023C,0,-2.2067764,0.09796835482120514,0.995039701461792,0.9242393970489502
YKL165C,YFL042C,0,-2.2074673,0.09795878827571869,0.995039701461792,0.9243394732475281
YPR102C,YDR522C,0,-2.2077425,0.09794922173023224,0.995039701461792,0.924439549446106
YKL146W,YDL067C,0,-2.2085135,0.09793965518474579,0.995039701461792,0.9245396256446838
YHR053C,YBR131W,0,-2.2087824,0.09793008863925934,0.995039701461792,0.9246397018432617
YJL026W,YDR121W,1,-2.2098174,0.09801816195249557,0.9960317611694336,0.9246397018432617
YMR256C,YJL008C,0,-2.2100892,0.09800858795642853,0.9960317611694336,0.9247397780418396
YDR381W,YGL156W,0,-2.210111,0.09799902141094208,0.9960317611694336,0.9248398542404175
YLR139C,YPR080W,0,-2.2108,0.09798946231603622,0.9960317611694336,0.9249399304389954
YDR204W,YLR224W,0,-2.2123225,0.09797989577054977,0.9960317611694336,0.9250400066375732
YOR270C,YNL267W,0,-2.2133934,0.09797033667564392,0.9960317611694336,0.9251400828361511
YJL061W,YPL265W,0,-2.2152152,0.09796077758073807,0.9960317611694336,0.9252402186393738
YLR332W,YDR034C,0,-2.21528,0.09795121848583221,0.9960317611694336,0.9253402948379517
YBR149W,YBR058C-A,0,-2.2153606,0.09794166684150696,0.9960317611694336,0.9254403710365295
YBR208C,YHR143W,0,-2.2166643,0.0979321077466011,0.9960317611694336,0.9255404472351074
YIL011W,YBR080C,0,-2.217931,0.09792255610227585,0.9960317611694336,0.9256405234336853
YML072C,YNL010W,0,-2.2179422,0.09791301190853119,0.9960317611694336,0.9257405996322632
YNL031C,YDR418W,0,-2.2201383,0.09790346026420593,0.9960317611694336,0.9258406758308411
YNL131W,YEL017C-A,0,-2.2211328,0.09789391607046127,0.9960317611694336,0.925940752029419
YLR286C,YHL036W,0,-2.2218037,0.09788437187671661,0.9960317611694336,0.9260408282279968
YIL117C,YDR407C,0,-2.2232838,0.09787482768297195,0.9960317611694336,0.9261409044265747
YHR151C,YIR036C,0,-2.2237203,0.09786529093980789,0.9960317611694336,0.9262409806251526
YIL015W,YHR209W,0,-2.2238636,0.09785575419664383,0.9960317611694336,0.9263410568237305
YOR293W,YBL005W,0,-2.2241116,0.09784621745347977,0.9960317611694336,0.9264411330223083
YOR185C,YGR243W,0,-2.2258139,0.0978366807103157,0.9960317611694336,0.9265412092208862
YOR173W,YDR231C,0,-2.2267804,0.09782714396715164,0.9960317611694336,0.9266412854194641
YLL062C,YBR078W,0,-2.2267818,0.09781761467456818,0.9960317611694336,0.9267414212226868
YOR369C,YER117W,0,-2.2288883,0.09780808538198471,0.9960317611694336,0.9268414974212646
YPR038W,YMR291W,0,-2.2295506,0.09779855608940125,0.9960317611694336,0.9269415736198425
YHR043C,YDL072C,0,-2.2329018,0.09778903424739838,0.9960317611694336,0.9270416498184204
YDR064W,YNL003C,0,-2.232911,0.09777951240539551,0.9960317611694336,0.9271417260169983
YLL061W,YMR184W,0,-2.2352421,0.09776999056339264,0.9960317611694336,0.9272418022155762
YKL060C,YDR307W,0,-2.2375731,0.09776046872138977,0.9960317611694336,0.927341878414154
YMR119W,YGL184C,0,-2.2377539,0.0977509468793869,0.9960317611694336,0.9274419546127319
YLR029C,YJL030W,0,-2.24298,0.09774143248796463,0.9960317611694336,0.9275420308113098
YLR153C,YHR001W-A,0,-2.243294,0.09773191809654236,0.9960317611694336,0.9276421070098877
YBR122C,YOR079C,0,-2.2437785,0.09772240370512009,0.9960317611694336,0.9277421832084656
YPR143W,YGR194C,0,-2.245119,0.09771289676427841,0.9960317611694336,0.9278422594070435
YLR405W,YHR092C,0,-2.248285,0.09770338982343674,0.9960317611694336,0.9279423356056213
YLR120C,YLR355C,0,-2.2487698,0.09769388288259506,0.9960317611694336,0.9280424118041992
YGR052W,YMR083W,0,-2.2511806,0.09768437594175339,0.9960317611694336,0.9281424880027771
YPR009W,YGL253W,0,-2.2548962,0.09767486900091171,0.9960317611694336,0.9282426238059998
YIL108W,YHR175W,0,-2.2554688,0.09766536951065063,0.9960317611694336,0.9283427000045776
YLR304C,YOR043W,0,-2.2566073,0.09765587002038956,0.9960317611694336,0.9284427762031555
YHR053C,YLR449W,0,-2.256617,0.09764637053012848,0.9960317611694336,0.9285428524017334
YDR117C,YJR094W-A,0,-2.2573702,0.097636878490448,0.9960317611694336,0.9286429286003113
YOL119C,YOL126C,0,-2.2585185,0.09762737900018692,0.9960317611694336,0.9287430047988892
YOR340C,YPL094C,0,-2.2586124,0.09761788696050644,0.9960317611694336,0.928843080997467
YIL124W,YGR125W,0,-2.2586157,0.09760840237140656,0.9960317611694336,0.9289431571960449
YMR310C,YHR170W,0,-2.2595487,0.09759891033172607,0.9960317611694336,0.9290432333946228
YMR136W,YER067W,0,-2.2621374,0.09758942574262619,0.9960317611694336,0.9291433095932007
YIL110W,YDL067C,0,-2.2642212,0.0975799411535263,0.9960317611694336,0.9292433857917786
YLR343W,YHR135C,0,-2.2645044,0.09757045656442642,0.9960317611694336,0.9293434619903564
YNL015W,YOR354C,0,-2.264648,0.09756097197532654,0.9960317611694336,0.9294435381889343
YOR095C,YNL036W,0,-2.2660136,0.09755149483680725,0.9960317611694336,0.9295436143875122
YLR259C,YLR384C,0,-2.2665164,0.09754201769828796,0.9960317611694336,0.9296436905860901
YHR170W,YOR156C,0,-2.2674947,0.09753254055976868,0.9960317611694336,0.929743766784668
YAL003W,YLR432W,0,-2.2701998,0.09752307087182999,0.9960317611694336,0.9298439025878906
YAL002W,YER087C-A,0,-2.2705557,0.0975136011838913,0.9960317611694336,0.9299439787864685
YOR120W,YNR059W,0,-2.2712379,0.09750412404537201,0.9960317611694336,0.9300440549850464
YLR441C,YIL171W,0,-2.2743802,0.09749466180801392,0.9960317611694336,0.9301441311836243
YLR389C,YOR301W,0,-2.2760503,0.09748519212007523,0.9960317611694336,0.9302442073822021
YDR308C,YMR303C,0,-2.2788248,0.09747572988271713,0.9960317611694336,0.93034428358078
YOL071W,YDL060W,0,-2.2794785,0.09746626764535904,0.9960317611694336,0.9304443597793579
YIL041W,YBR043C,0,-2.2805605,0.09745680540800095,0.9960317611694336,0.9305444359779358
YLR387C,YAL023C,0,-2.282881,0.09744734317064285,0.9960317611694336,0.9306445121765137
YBR008C,YGL026C,0,-2.2835677,0.09743788838386536,0.9960317611694336,0.9307445883750916
YMR241W,YER175C,0,-2.284165,0.09742843359708786,0.9960317611694336,0.9308446645736694
YIR021W,YOR204W,0,-2.2858555,0.09741897881031036,0.9960317611694336,0.9309447407722473
YJL026W,YBR160W,1,-2.2866518,0.09750654548406601,0.9970238208770752,0.9309447407722473
YJR143C,YML024W,0,-2.2866976,0.09749709069728851,0.9970238208770752,0.9310448169708252
YGL057C,YML038C,0,-2.2880101,0.09748762845993042,0.9970238208770752,0.9311448931694031
YAL060W,YJL180C,0,-2.289012,0.09747817367315292,0.9970238208770752,0.931244969367981
YHR048W,YOL038W,0,-2.2897942,0.09746872633695602,0.9970238208770752,0.9313451051712036
YBL101C,YMR157C,0,-2.2905269,0.09745927155017853,0.9970238208770752,0.9314451813697815
YDL078C,YLR345W,0,-2.2913766,0.09744982421398163,0.9970238208770752,0.9315452575683594
YPL022W,YOL040C,0,-2.2916915,0.09744036942720413,0.9970238208770752,0.9316453337669373
YKL127W,YPR002W,0,-2.2930515,0.09743092954158783,0.9970238208770752,0.9317454099655151
YKL182W,YPL170W,0,-2.2939687,0.09742148220539093,0.9970238208770752,0.931845486164093
YIL011W,YLR033W,0,-2.2946544,0.09741203486919403,0.9970238208770752,0.9319455623626709
YGR282C,YOL013C,0,-2.2959685,0.09740259498357773,0.9970238208770752,0.9320456385612488
YKR051W,YHR147C,0,-2.2961106,0.09739315509796143,0.9970238208770752,0.9321457147598267
YER048C,YNL142W,0,-2.297769,0.09738372266292572,0.9970238208770752,0.9322457909584045
YGR009C,YDR492W,0,-2.298389,0.09737428277730942,0.9970238208770752,0.9323458671569824
YJL163C,YJR054W,0,-2.299406,0.09736485034227371,0.9970238208770752,0.9324459433555603
YDR341C,YOR128C,0,-2.299889,0.097355417907238,0.9970238208770752,0.9325460195541382
YDR351W,YOL030W,0,-2.3007483,0.0973459929227829,0.9970238208770752,0.9326460957527161
YJL164C,YLL052C,0,-2.3015702,0.09733656048774719,0.9970238208770752,0.932746171951294
YML124C,YGL040C,0,-2.3026938,0.09732713550329208,0.9970238208770752,0.9328462481498718
YKL219W,YOR096W,0,-2.3030741,0.09731771051883698,0.9970238208770752,0.9329463839530945
YOR173W,YPL132W,0,-2.307126,0.09730828553438187,0.9970238208770752,0.9330464601516724
YMR302C,YKL164C,0,-2.3097982,0.09729886800050735,0.9970238208770752,0.9331465363502502
YOR344C,YBR268W,0,-2.3099902,0.09728945046663284,0.9970238208770752,0.9332466125488281
YDL144C,YPL059W,0,-2.3107471,0.09728003293275833,0.9970238208770752,0.933346688747406
YOL064C,YKR038C,0,-2.3108275,0.09727061539888382,0.9970238208770752,0.9334467649459839
YLR196W,YHR175W,0,-2.3110924,0.0972612053155899,0.9970238208770752,0.9335468411445618
YLR378C,YNL295W,0,-2.312241,0.0972517877817154,0.9970238208770752,0.9336469173431396
YJL139C,YJR001W,0,-2.3123786,0.09724237769842148,0.9970238208770752,0.9337469935417175
YKL174C,YKL069W,0,-2.3154128,0.09723297506570816,0.9970238208770752,0.9338470697402954
YPR004C,YGR136W,0,-2.3171742,0.09722356498241425,0.9970238208770752,0.9339471459388733
YGR127W,YGL206C,0,-2.317285,0.09721416234970093,0.9970238208770752,0.9340472221374512
YOL123W,YPR160W,0,-2.318933,0.09720475971698761,0.9970238208770752,0.934147298336029
YOR039W,YGR121C,0,-2.3190262,0.09719535708427429,0.9970238208770752,0.9342473745346069
YHR096C,YHR084W,0,-2.3190923,0.09718596190214157,0.9970238208770752,0.9343474507331848
YBL061C,YDR158W,0,-2.3191597,0.09717655926942825,0.9970238208770752,0.9344475865364075
YGR202C,YBR191W,0,-2.3192284,0.09716716408729553,0.9970238208770752,0.9345476627349854
YNL264C,YKL164C,0,-2.3203342,0.09715776890516281,0.9970238208770752,0.9346477389335632
YOR096W,YKL008C,0,-2.3221962,0.09714838117361069,0.9970238208770752,0.9347478151321411
YCR026C,YPL206C,0,-2.324885,0.09713899344205856,0.9970238208770752,0.934847891330719
YCL051W,YPL079W,0,-2.3263202,0.09712960571050644,0.9970238208770752,0.9349479675292969
YBR282W,YPL237W,0,-2.327643,0.09712021797895432,0.9970238208770752,0.9350480437278748
YER144C,YCR079W,0,-2.3305154,0.09711083024740219,0.9970238208770752,0.9351481199264526
YNL015W,YDR116C,0,-2.3320684,0.09710144996643066,0.9970238208770752,0.9352481961250305
YLL022C,YOR182C,0,-2.333532,0.09709206968545914,0.9970238208770752,0.9353482723236084
YML051W,YGL253W,0,-2.335062,0.09708268940448761,0.9970238208770752,0.9354483485221863
YBR086C,YNL142W,0,-2.3399444,0.09707330912351608,0.9970238208770752,0.9355484247207642
YPL193W,YHR042W,0,-2.3409157,0.09706393629312515,0.9970238208770752,0.935648500919342
YNL322C,YOL084W,0,-2.3410969,0.09705456346273422,0.9970238208770752,0.9357485771179199
YDR208W,YDR046C,0,-2.3420265,0.09704519063234329,0.9970238208770752,0.9358486533164978
YGL022W,YJR009C,0,-2.3425589,0.09703581780195236,0.9970238208770752,0.9359487295150757
YHL031C,YFL034W,0,-2.3473277,0.09702645242214203,0.9970238208770752,0.9360488653182983
YKL211C,YKL053C-A,0,-2.3473475,0.0970170870423317,0.9970238208770752,0.9361489415168762
YMR053C,YKL104C,0,-2.3489695,0.09700772166252136,0.9970238208770752,0.9362490177154541
YGL126W,YOR206W,0,-2.351095,0.09699835628271103,0.9970238208770752,0.936349093914032
YOR388C,YNL263C,0,-2.3512464,0.09698899835348129,0.9970238208770752,0.9364491701126099
YMR303C,YKL057C,0,-2.351564,0.09697964042425156,0.9970238208770752,0.9365492463111877
YLR137W,YPL188W,0,-2.351758,0.09697028249502182,0.9970238208770752,0.9366493225097656
YDR432W,YDR171W,0,-2.3529737,0.09696092456579208,0.9970238208770752,0.9367493987083435
YPL203W,YOR355W,0,-2.353949,0.09695157408714294,0.9970238208770752,0.9368494749069214
YKL006C-A,YNR076W,0,-2.3550637,0.0969422236084938,0.9970238208770752,0.9369495511054993
YER156C,YGR154C,0,-2.3557081,0.09693287312984467,0.9970238208770752,0.9370496273040771
YDL029W,YDR262W,0,-2.3559806,0.09692352265119553,0.9970238208770752,0.937149703502655
YHR174W,YMR077C,0,-2.3575587,0.09691417217254639,0.9970238208770752,0.9372497797012329
YML018C,YOR151C,0,-2.3576684,0.09690482914447784,0.9970238208770752,0.9373498558998108
YGR260W,YKL058W,0,-2.3576784,0.0968954861164093,0.9970238208770752,0.9374499320983887
YDR122W,YLR186W,0,-2.3582935,0.09688614308834076,0.9970238208770752,0.9375500679016113
YNL046W,YBR283C,0,-2.3595219,0.09687680751085281,0.9970238208770752,0.9376501441001892
YJR125C,YGL040C,0,-2.3603773,0.09686747193336487,0.9970238208770752,0.9377502202987671
YER060W-A,YIL049W,0,-2.36087,0.09685813635587692,0.9970238208770752,0.937850296497345
YBL103C,YJL158C,0,-2.3623896,0.09684880077838898,0.9970238208770752,0.9379503726959229
YCR002C,YKL146W,0,-2.3624172,0.09683946520090103,0.9970238208770752,0.9380504488945007
YHR094C,YAL017W,0,-2.3635879,0.09683013707399368,0.9970238208770752,0.9381505250930786
YBR031W,YDR119W,0,-2.363717,0.09682080894708633,0.9970238208770752,0.9382506012916565
YGL087C,YGR174C,0,-2.3645754,0.09681148082017899,0.9970238208770752,0.9383506774902344
YOL122C,YGL076C,0,-2.3661942,0.09680216014385223,0.9970238208770752,0.9384507536888123
YDR002W,YFL057C,0,-2.3663542,0.09679283201694489,0.9970238208770752,0.9385508298873901
YKL002W,YBR096W,0,-2.3663874,0.09678351134061813,0.9970238208770752,0.938650906085968
YKR077W,YGL001C,0,-2.3666945,0.09677419066429138,0.9970238208770752,0.9387509822845459
YKL181W,YPL150W,0,-2.3677015,0.09676487743854523,0.9970238208770752,0.9388510584831238
YBR033W,YHL011C,0,-2.367919,0.09675555676221848,0.9970238208770752,0.9389511346817017
YKL067W,YOR262W,0,-2.368936,0.09674624353647232,0.9970238208770752,0.9390512704849243
YPL241C,YPL134C,0,-2.369022,0.09673693031072617,0.9970238208770752,0.9391513466835022
YHR200W,YAR071W,0,-2.3695428,0.09672762453556061,0.9970238208770752,0.9392514228820801
YKR068C,YDR284C,0,-2.3695467,0.09671831130981445,0.9970238208770752,0.939351499080658
YDL045C,YGL231C,0,-2.371757,0.0967090055346489,0.9970238208770752,0.9394515752792358
YNL155W,YBR078W,0,-2.3719864,0.09669969975948334,0.9970238208770752,0.9395516514778137
YBR031W,YBR078W,0,-2.3740952,0.09669040143489838,0.9970238208770752,0.9396517276763916
YMR060C,YNL280C,0,-2.3746524,0.09668109565973282,0.9970238208770752,0.9397518038749695
YCR067C,YIL104C,0,-2.375986,0.09667179733514786,0.9970238208770752,0.9398518800735474
YKL094W,YGR162W,0,-2.3766756,0.0966624990105629,0.9970238208770752,0.9399519562721252
YDR381W,YKL060C,0,-2.3790436,0.09665320068597794,0.9970238208770752,0.9400520324707031
YKR070W,YNL240C,0,-2.3817055,0.09664390981197357,0.9970238208770752,0.940152108669281
YMR149W,YIL162W,0,-2.3824089,0.09663461893796921,0.9970238208770752,0.9402521848678589
YGL147C,YDR164C,0,-2.3829703,0.09662532806396484,0.9970238208770752,0.9403522610664368
YDR067C,YNR044W,0,-2.3835769,0.09661603718996048,0.9970238208770752,0.9404523372650146
YKR076W,YMR148W,0,-2.3840585,0.09660674631595612,0.9970238208770752,0.9405524134635925
YCR069W,YNL066W,0,-2.3857417,0.09659746289253235,0.9970238208770752,0.9406525492668152
YKL028W,YOR016C,0,-2.3872948,0.09658817946910858,0.9970238208770752,0.9407526254653931
YLR113W,YDR099W,1,-2.3894749,0.09667499363422394,0.9980158805847168,0.9407526254653931
YJR143C,YKR081C,0,-2.3899736,0.09666570276021957,0.9980158805847168,0.940852701663971
YIR032C,YCL018W,0,-2.3911884,0.0966564193367958,0.9980158805847168,0.9409527778625488
YLR295C,YDR353W,0,-2.3917067,0.09664713591337204,0.9980158805847168,0.9410528540611267
YAL060W,YLR451W,0,-2.3925397,0.09663784503936768,0.9980158805847168,0.9411529302597046
YCL043C,YGL107C,0,-2.3979893,0.0966285690665245,0.9980158805847168,0.9412530064582825
YBR298C,YGR264C,0,-2.3983226,0.09661928564310074,0.9980158805847168,0.9413530826568604
YMR029C,YLR009W,0,-2.3985288,0.09661000967025757,0.9980158805847168,0.9414531588554382
YML124C,YPL019C,0,-2.3987308,0.0966007262468338,0.9980158805847168,0.9415532350540161
YKL163W,YPR021C,0,-2.3998647,0.09659145772457123,0.9980158805847168,0.941653311252594
YER036C,YBL058W,0,-2.4037082,0.09658218175172806,0.9980158805847168,0.9417533874511719
YAR071W,YBR125C,0,-2.4089546,0.09657291322946548,0.9980158805847168,0.9418534636497498
YBR056W,YOR344C,0,-2.4100857,0.09656363725662231,0.9980158805847168,0.9419535398483276
YLL028W,YGR221C,0,-2.4103537,0.09655436873435974,0.9980158805847168,0.9420536160469055
YOR095C,YHL024W,0,-2.4110417,0.09654510766267776,0.9980158805847168,0.9421537518501282
YPL103C,YBR046C,0,-2.4111962,0.09653583914041519,0.9980158805847168,0.942253828048706
YOR143C,YMR307W,0,-2.4131355,0.09652657806873322,0.9980158805847168,0.9423539042472839
YBL092W,YLR384C,0,-2.4146557,0.09651731699705124,0.9980158805847168,0.9424539804458618
YBR104W,YDR525W-A,0,-2.4147954,0.09650805592536926,0.9980158805847168,0.9425540566444397
YIL015W,YGR174C,0,-2.4150305,0.09649880230426788,0.9980158805847168,0.9426541328430176
YDR172W,YKL035W,0,-2.4160006,0.0964895486831665,0.9980158805847168,0.9427542090415955
YDR454C,YHL019C,0,-2.416235,0.09648029506206512,0.9980158805847168,0.9428542852401733
YDR098C,YKL060C,0,-2.4203944,0.09647104144096375,0.9980158805847168,0.9429543614387512
YGL122C,YER150W,0,-2.424465,0.09646178781986237,0.9980158805847168,0.9430544376373291
YKL065C,YPL186C,0,-2.4265308,0.09645254164934158,0.9980158805847168,0.943154513835907
YMR258C,YML046W,0,-2.4276552,0.0964432954788208,0.9980158805847168,0.9432545900344849
YBR008C,YLR065C,0,-2.4311492,0.09643404930830002,0.9980158805847168,0.9433546662330627
YDR096W,YJL136C,0,-2.4355168,0.09642480313777924,0.9980158805847168,0.9434547424316406
YKL091C,YIR012W,0,-2.4355736,0.09641556441783905,0.9980158805847168,0.9435548186302185
YNL312W,YGL186C,0,-2.436346,0.09640632569789886,0.9980158805847168,0.9436548948287964
YOR038C,YLL055W,0,-2.4374588,0.09639708697795868,0.9980158805847168,0.943755030632019
YNL015W,YOR328W,0,-2.4377685,0.0963878482580185,0.9980158805847168,0.9438551068305969
YNL315C,YMR020W,0,-2.4383752,0.0963786169886589,0.9980158805847168,0.9439551830291748
YBR173C,YDR155C,0,-2.4398103,0.09636938571929932,0.9980158805847168,0.9440552592277527
YNR061C,YKR084C,0,-2.4402199,0.09636015444993973,0.9980158805847168,0.9441553354263306
YNR061C,YKR088C,0,-2.4403198,0.09635092318058014,0.9980158805847168,0.9442554116249084
YJL079C,YDR405W,0,-2.444792,0.09634169936180115,0.9980158805847168,0.9443554878234863
YEL020C,YKL067W,0,-2.4539504,0.09633246809244156,0.9980158805847168,0.9444555640220642
YDL021W,YNL169C,0,-2.4566705,0.09632324427366257,0.9980158805847168,0.9445556402206421
YBR068C,YDL019C,0,-2.4572754,0.09631402790546417,0.9980158805847168,0.94465571641922
YBR302C,YKL067W,0,-2.4587345,0.09630480408668518,0.9980158805847168,0.9447557926177979
YDR245W,YJR113C,0,-2.4593272,0.09629558771848679,0.9980158805847168,0.9448558688163757
YIR031C,YGR082W,0,-2.4606018,0.09628637135028839,0.9980158805847168,0.9449559450149536
YLL051C,YGL206C,0,-2.4627056,0.09627715498209,0.9980158805847168,0.9450560212135315
YER037W,YKL126W,0,-2.4652433,0.0962679460644722,0.9980158805847168,0.9451560974121094
YDL018C,YJR070C,0,-2.4680805,0.0962587296962738,0.9980158805847168,0.945256233215332
YGL087C,YBR291C,0,-2.4721127,0.096249520778656,0.9980158805847168,0.9453563094139099
YOR116C,YDR511W,0,-2.4729483,0.09624031186103821,0.9980158805847168,0.9454563856124878
YKL058W,YKL035W,0,-2.473508,0.09623111039400101,0.9980158805847168,0.9455564618110657
YBR088C,YBR146W,0,-2.4758437,0.09622190147638321,0.9980158805847168,0.9456565380096436
YOL019W,YBR183W,0,-2.4758723,0.09621270000934601,0.9980158805847168,0.9457566142082214
YDL006W,YMR303C,0,-2.4762044,0.09620349854230881,0.9980158805847168,0.9458566904067993
YER103W,YKL024C,0,-2.477775,0.0961943045258522,0.9980158805847168,0.9459567666053772
YGR020C,YDR508C,0,-2.4784765,0.096185103058815,0.9980158805847168,0.9460568428039551
YOL109W,YPR113W,0,-2.4797943,0.0961759090423584,0.9980158805847168,0.946156919002533
YGL189C,YGL186C,0,-2.4805655,0.0961667150259018,0.9980158805847168,0.9462569952011108
YKL163W,YGL216W,0,-2.48178,0.09615752100944519,0.9980158805847168,0.9463570713996887
YAL038W,YBR069C,0,-2.4822323,0.09614833444356918,0.9980158805847168,0.9464571475982666
YDR147W,YGR124W,0,-2.4851582,0.09613914042711258,0.9980158805847168,0.9465572237968445
YOL083W,YIL162W,0,-2.4853413,0.09612995386123657,0.9980158805847168,0.9466572999954224
YDL214C,YPL163C,0,-2.485415,0.09612077474594116,0.9980158805847168,0.9467573761940002
YLR289W,YJL052W,0,-2.4868014,0.09611158818006516,0.9980158805847168,0.9468575119972229
YML021C,YLR304C,0,-2.4887624,0.09610240906476974,0.9980158805847168,0.9469575881958008
YML106W,YLR039C,0,-2.4951038,0.09609322994947433,0.9980158805847168,0.9470576643943787
YGR177C,YKL002W,0,-2.49644,0.09608405083417892,0.9980158805847168,0.9471577405929565
YGR177C,YHR158C,0,-2.5011504,0.09607487171888351,0.9980158805847168,0.9472578167915344
YNL268W,YGR124W,0,-2.5024157,0.0960657000541687,0.9980158805847168,0.9473578929901123
YGR100W,YCR023C,0,-2.5025554,0.09605652838945389,0.9980158805847168,0.9474579691886902
YFL005W,YHL033C,0,-2.5031543,0.09604735672473907,0.9980158805847168,0.9475580453872681
YNR032C-A,YDR033W,0,-2.5031621,0.09603818506002426,0.9980158805847168,0.947658121585846
YDR306C,YFR049W,0,-2.5038822,0.09602902084589005,0.9980158805847168,0.9477581977844238
YJL026W,YLL004W,1,-2.5054727,0.09611529856920242,0.9990079402923584,0.9477581977844238
YGR118W,YBR121C,0,-2.5064638,0.09610612690448761,0.9990079402923584,0.9478582739830017
YIL154C,YLR459W,0,-2.5108862,0.0960969552397728,0.9990079402923584,0.9479583501815796
YKL094W,YKL008C,0,-2.5114584,0.09608778357505798,0.9990079402923584,0.9480584263801575
YOR011W,YOR042W,0,-2.5117092,0.09607861936092377,0.9990079402923584,0.9481585025787354
YHR158C,YHR143W,0,-2.5125785,0.09606945514678955,0.9990079402923584,0.9482585787773132
YGR266W,YOR176W,0,-2.5127468,0.09606029093265533,0.9990079402923584,0.9483587145805359
YJR139C,YHR171W,0,-2.51287,0.09605112671852112,0.9990079402923584,0.9484587907791138
YEL021W,YBR086C,0,-2.5142474,0.0960419625043869,0.9990079402923584,0.9485588669776917
YLL026W,YNL190W,0,-2.515321,0.09603280574083328,0.9990079402923584,0.9486589431762695
YGR118W,YOL058W,0,-2.5187416,0.09602364897727966,0.9990079402923584,0.9487590193748474
YLL051C,YAL036C,0,-2.5196571,0.09601449221372604,0.9990079402923584,0.9488590955734253
YOR245C,YJL214W,0,-2.5200133,0.09600533545017242,0.9990079402923584,0.9489591717720032
YOR085W,YBR287W,0,-2.5203705,0.0959961861371994,0.9990079402923584,0.949059247970581
YPL262W,YDL166C,0,-2.5210886,0.09598703682422638,0.9990079402923584,0.9491593241691589
YBL040C,YLR432W,0,-2.523307,0.09597788751125336,0.9990079402923584,0.9492594003677368
YDL007W,YOR167C,0,-2.524568,0.09596873819828033,0.9990079402923584,0.9493594765663147
YLR439W,YGR266W,0,-2.5268645,0.09595959633588791,0.9990079402923584,0.9494595527648926
YER150W,YPR156C,0,-2.5290742,0.09595045447349548,0.9990079402923584,0.9495596289634705
YBR205W,YHR199C,0,-2.5299392,0.09594131261110306,0.9990079402923584,0.9496597051620483
YMR325W,YOR067C,0,-2.5313294,0.09593217074871063,0.9990079402923584,0.9497597813606262
YGL001C,YOL020W,0,-2.5344362,0.0959230363368988,0.9990079402923584,0.9498599171638489
YNL094W,YOL083W,0,-2.535003,0.09591389447450638,0.9990079402923584,0.9499599933624268
YPR160W,YDR508C,0,-2.5372221,0.09590476006269455,0.9990079402923584,0.9500600695610046
YLR120C,YOR206W,0,-2.5375876,0.09589562565088272,0.9990079402923584,0.9501601457595825
YPL143W,YBR293W,0,-2.5410113,0.09588649868965149,0.9990079402923584,0.9502602219581604
YIL077C,YGL137W,0,-2.5411348,0.09587737172842026,0.9990079402923584,0.9503602981567383
YOR208W,YDL199C,0,-2.5420175,0.09586823731660843,0.9990079402923584,0.9504603743553162
YMR307W,YHR108W,0,-2.5422542,0.0958591178059578,0.9990079402923584,0.950560450553894
YPL032C,YER081W,0,-2.545047,0.09584999084472656,0.9990079402923584,0.9506605267524719
YLR395C,YGL137W,0,-2.5469055,0.09584087133407593,0.9990079402923584,0.9507606029510498
YMR160W,YPL274W,0,-2.547614,0.0958317443728447,0.9990079402923584,0.9508606791496277
YOR150W,YBR126C,0,-2.5477455,0.09582262486219406,0.9990079402923584,0.9509607553482056
YGR101W,YPL183C,0,-2.552527,0.09581351280212402,0.9990079402923584,0.9510608315467834
YDR306C,YJR009C,0,-2.5528016,0.09580439329147339,0.9990079402923584,0.9511609077453613
YHR094C,YBR191W,0,-2.5528698,0.09579528123140335,0.9990079402923584,0.9512609839439392
YIL053W,YBR183W,0,-2.552871,0.09578616917133331,0.9990079402923584,0.9513610601425171
YOR182C,YOR273C,0,-2.558196,0.09577705711126328,0.9990079402923584,0.9514611959457397
YMR286W,YGL022W,0,-2.5584352,0.09576795250177383,0.9990079402923584,0.9515612721443176
YKL201C,YJL121C,0,-2.5653267,0.0957588404417038,0.9990079402923584,0.9516613483428955
YNL240C,YDL184C,0,-2.565539,0.09574973583221436,0.9990079402923584,0.9517614245414734
YBR088C,YER072W,0,-2.5658848,0.09574063867330551,0.9990079402923584,0.9518615007400513
YIL043C,YKL086W,0,-2.566619,0.09573153406381607,0.9990079402923584,0.9519615769386292
YML100W,YMR307W,0,-2.567533,0.09572243690490723,0.9990079402923584,0.952061653137207
YHR026W,YML011C,0,-2.5698225,0.09571333229541779,0.9990079402923584,0.9521617293357849
YCR004C,YJL019W,0,-2.5708785,0.09570423513650894,0.9990079402923584,0.9522618055343628
YBR106W,YMR049C,0,-2.5714693,0.0956951454281807,0.9990079402923584,0.9523618817329407
YPR041W,YNL321W,0,-2.574296,0.09568604826927185,0.9990079402923584,0.9524619579315186
YKL184W,YGR086C,0,-2.5766008,0.0956769585609436,0.9990079402923584,0.9525620341300964
YGL191W,YDR516C,0,-2.576722,0.09566786885261536,0.9990079402923584,0.9526621103286743
YHR160C,YLR432W,0,-2.57735,0.09565877914428711,0.9990079402923584,0.9527621865272522
YHR094C,YDR492W,0,-2.5781286,0.09564969688653946,0.9990079402923584,0.9528622627258301
YNR022C,YLR300W,0,-2.5839043,0.09564061462879181,0.9990079402923584,0.9529623985290527
YCL001W,YAL038W,0,-2.5860758,0.09563153237104416,0.9990079402923584,0.9530624747276306
YEL001C,YIL048W,0,-2.5870638,0.09562245011329651,0.9990079402923584,0.9531625509262085
YPL119C,YAL035W,0,-2.589617,0.09561336785554886,0.9990079402923584,0.9532626271247864
YBR031W,YOR122C,0,-2.5903869,0.0956042930483818,0.9990079402923584,0.9533627033233643
YMR205C,YJR109C,0,-2.591035,0.09559521824121475,0.9990079402923584,0.9534627795219421
YBL092W,YNL243W,0,-2.5949628,0.0955861434340477,0.9990079402923584,0.95356285572052
YGL191W,YER165W,0,-2.600015,0.09557706862688065,0.9990079402923584,0.9536629319190979
YMR049C,YER004W,0,-2.6034265,0.09556800127029419,0.9990079402923584,0.9537630081176758
YML067C,YPR125W,0,-2.6062908,0.09555892646312714,0.9990079402923584,0.9538630843162537
YJL159W,YGR282C,0,-2.6062963,0.09554985910654068,0.9990079402923584,0.9539631605148315
YNL045W,YOR321W,0,-2.6070707,0.09554079920053482,0.9990079402923584,0.9540632367134094
YDR418W,YDR256C,0,-2.6079087,0.09553173184394836,0.9990079402923584,0.9541633129119873
YGL234W,YNL329C,0,-2.6088262,0.0955226719379425,0.9990079402923584,0.9542633891105652
YDR064W,YCR075C,0,-2.6089637,0.09551361203193665,0.9990079402923584,0.9543634653091431
YJL082W,YDL051W,0,-2.6107924,0.09550455212593079,0.9990079402923584,0.954463541507721
YDR072C,YGR243W,0,-2.6126838,0.09549549221992493,0.9990079402923584,0.9545636773109436
YEL020C,YJL190C,0,-2.614178,0.09548643976449966,0.9990079402923584,0.9546637535095215
YGR201C,YDL020C,0,-2.6154008,0.0954773873090744,0.9990079402923584,0.9547638297080994
YGL040C,YER110C,0,-2.6164086,0.09546833485364914,0.9990079402923584,0.9548639059066772
YDR513W,YLR138W,0,-2.6193871,0.09545928239822388,0.9990079402923584,0.9549639821052551
YOL136C,YKL183W,0,-2.6194785,0.09545023739337921,0.9990079402923584,0.955064058303833
YDL128W,YIL098C,0,-2.620344,0.09544119238853455,0.9990079402923584,0.9551641345024109
YKL013C,YLR110C,0,-2.6217895,0.09543214738368988,0.9990079402923584,0.9552642107009888
YML008C,YER026C,0,-2.632782,0.09542310237884521,0.9990079402923584,0.9553642868995667
YNL192W,YDR074W,0,-2.6388373,0.09541405737400055,0.9990079402923584,0.9554643630981445
YMR205C,YHR200W,0,-2.6422203,0.09540501981973648,0.9990079402923584,0.9555644392967224
YER071C,YNR039C,0,-2.6425126,0.09539598226547241,0.9990079402923584,0.9556645154953003
YPL271W,YLR384C,0,-2.6464677,0.09538694471120834,0.9990079402923584,0.9557645916938782
YNR044W,YBL007C,0,-2.6471095,0.09537791460752487,0.9990079402923584,0.955864667892456
YGR244C,YMR303C,0,-2.6510162,0.0953688770532608,0.9990079402923584,0.9559647440910339
YGR106C,YER053C,0,-2.6518075,0.09535984694957733,0.9990079402923584,0.9560648798942566
YIL146C,YMR083W,0,-2.65229,0.09535081684589386,0.9990079402923584,0.9561649560928345
YBL087C,YAL062W,0,-2.6535451,0.09534179419279099,0.9990079402923584,0.9562650322914124
YPL234C,YMR099C,0,-2.660005,0.09533276408910751,0.9990079402923584,0.9563651084899902
YDR487C,YDR119W,0,-2.6651688,0.09532374143600464,0.9990079402923584,0.9564651846885681
YKL167C,YOR070C,0,-2.6690443,0.09531471878290176,0.9990079402923584,0.956565260887146
YMR303C,YIL046W,0,-2.6699357,0.09530569612979889,0.9990079402923584,0.9566653370857239
YKR089C,YKL061W,0,-2.6720622,0.09529668092727661,0.9990079402923584,0.9567654132843018
YKL129C,YLR359W,0,-2.673643,0.09528765827417374,0.9990079402923584,0.9568654894828796
YMR239C,YKL035W,0,-2.6749723,0.09527864307165146,0.9990079402923584,0.9569655656814575
YLR211C,YGL198W,0,-2.6759815,0.09526962786912918,0.9990079402923584,0.9570656418800354
YLR109W,YDL083C,0,-2.6825676,0.0952606201171875,0.9990079402923584,0.9571657180786133
YNR016C,YGL179C,0,-2.683293,0.09525160491466522,0.9990079402923584,0.9572657942771912
YMR267W,YOR369C,0,-2.6835947,0.09524259716272354,0.9990079402923584,0.957365870475769
YER043C,YPL186C,0,-2.6843767,0.09523358941078186,0.9990079402923584,0.9574659466743469
YOR207C,YHR199C,0,-2.68612,0.09522458910942078,0.9990079402923584,0.9575660824775696
YMR177W,YPR113W,0,-2.6870306,0.0952155813574791,0.9990079402923584,0.9576661586761475
YDL210W,YMR121C,0,-2.6887841,0.09520658105611801,0.9990079402923584,0.9577662348747253
YER028C,YDR276C,0,-2.6895838,0.09519758075475693,0.9990079402923584,0.9578663110733032
YFL038C,YEL065W,0,-2.6898994,0.09518858045339584,0.9990079402923584,0.9579663872718811
YKL167C,YLL039C,0,-2.6931427,0.09517958760261536,0.9990079402923584,0.958066463470459
YIL104C,YGL253W,0,-2.6935,0.09517058730125427,0.9990079402923584,0.9581665396690369
YOL128C,YJR158W,0,-2.6937978,0.09516159445047379,0.9990079402923584,0.9582666158676147
YPR102C,YOL109W,0,-2.693908,0.0951526015996933,0.9990079402923584,0.9583666920661926
YLR441C,YDR487C,0,-2.6978712,0.09514361619949341,0.9990079402923584,0.9584667682647705
YDL120W,YMR058W,0,-2.70237,0.09513462334871292,0.9990079402923584,0.9585668444633484
YDR261C,YGL001C,0,-2.7031183,0.09512563794851303,0.9990079402923584,0.9586669206619263
YAL060W,YLL049W,0,-2.7058663,0.09511665254831314,0.9990079402923584,0.9587669968605042
YDL124W,YKR084C,0,-2.7072372,0.09510766714811325,0.9990079402923584,0.958867073059082
YKR042W,YDR202C,0,-2.7082253,0.09509868919849396,0.9990079402923584,0.9589671492576599
YMR120C,YDL198C,0,-2.7096562,0.09508970379829407,0.9990079402923584,0.9590672254562378
YCR065W,YHL032C,0,-2.7104495,0.09508072584867477,0.9990079402923584,0.9591673612594604
YNL133C,YLR459W,0,-2.7108812,0.09507175534963608,0.9990079402923584,0.9592674374580383
YHR110W,YOL020W,0,-2.7115638,0.09506277740001678,0.9990079402923584,0.9593675136566162
YEL054C,YDR103W,0,-2.713066,0.09505380690097809,0.9990079402923584,0.9594675898551941
YHR043C,YJL116C,0,-2.716115,0.0950448289513588,0.9990079402923584,0.959567666053772
YHR186C,YHR174W,0,-2.7237172,0.0950358659029007,0.9990079402923584,0.9596677422523499
YGR180C,YML058W,1,-2.7242084,0.09512126445770264,1.0,0.9596677422523499
YLR106C,YNL055C,0,-2.7245548,0.09511228650808334,1.0,0.9597678184509277
YKL100C,YDL137W,0,-2.724578,0.09510330855846405,1.0,0.9598678946495056
YAL060W,YIL157C,0,-2.7258024,0.09509433805942535,1.0,0.9599679708480835
YMR169C,YLR220W,0,-2.7259572,0.09508536756038666,1.0,0.9600680470466614
YDR273W,YOR067C,0,-2.7270389,0.09507639706134796,1.0,0.9601681232452393
YOR173W,YMR024W,0,-2.727645,0.09506743401288986,1.0,0.9602681994438171
YDR375C,YOL073C,0,-2.727756,0.09505847096443176,1.0,0.960368275642395
YAR071W,YJL122W,0,-2.727984,0.09504950791597366,1.0,0.9604683518409729
YBR066C,YDR384C,0,-2.72965,0.09504054486751556,1.0,0.9605684280395508
YNL083W,YML024W,0,-2.7306695,0.09503158181905746,1.0,0.9606685638427734
YBR280C,YGL186C,0,-2.7309098,0.09502262622117996,1.0,0.9607686400413513
YOR090C,YJL002C,0,-2.7476683,0.09501367062330246,1.0,0.9608687162399292
YLR259C,YCL037C,0,-2.7482257,0.09500471502542496,1.0,0.9609687924385071
YOR234C,YJL222W,0,-2.7490244,0.09499575942754745,1.0,0.961068868637085
YOR344C,YPR191W,0,-2.749589,0.09498680382966995,1.0,0.9611689448356628
YHR117W,YOR133W,0,-2.7538037,0.09497785568237305,1.0,0.9612690210342407
YKL080W,YJR160C,0,-2.7542653,0.09496890753507614,1.0,0.9613690972328186
YPL226W,YPR006C,0,-2.7564764,0.09495995938777924,1.0,0.9614691734313965
YOR272W,YHR110W,0,-2.7604775,0.09495101869106293,1.0,0.9615692496299744
YLR283W,YJL158C,0,-2.7605176,0.09494207054376602,1.0,0.9616693258285522
YIL110W,YOR306C,0,-2.765129,0.09493312984704971,1.0,0.9617694020271301
YOR141C,YOL126C,0,-2.7674775,0.0949241891503334,1.0,0.961869478225708
YIR039C,YMR256C,0,-2.768688,0.09491525590419769,1.0,0.9619695544242859
YMR035W,YHR175W,0,-2.7697196,0.09490631520748138,1.0,0.9620696306228638
YDL135C,YLL055W,0,-2.7761884,0.09489738196134567,1.0,0.9621697068214417
YHR043C,YKL120W,0,-2.7773008,0.09488844871520996,1.0,0.9622698426246643
YDL223C,YER150W,0,-2.7789688,0.09487951546907425,1.0,0.9623699188232422
YDL146W,YLL023C,0,-2.7799778,0.09487058967351913,1.0,0.9624699950218201
YIL088C,YJL005W,0,-2.7806609,0.09486165642738342,1.0,0.962570071220398
YOL097C,YFR014C,0,-2.7817497,0.09485273063182831,1.0,0.9626701474189758
YIL034C,YAL036C,0,-2.7839131,0.09484381228685379,1.0,0.9627702236175537
YFR044C,YAL027W,0,-2.7852235,0.09483488649129868,1.0,0.9628702998161316
YGL026C,YMR204C,0,-2.7864993,0.09482596069574356,1.0,0.9629703760147095
YER037W,YBR299W,0,-2.787515,0.09481704235076904,1.0,0.9630704522132874
YMR143W,YLR411W,0,-2.7875633,0.09480812400579453,1.0,0.9631705284118652
YGR197C,YJL221C,0,-2.7902884,0.0947992131114006,1.0,0.9632706046104431
YKL219W,YKL035W,0,-2.7914453,0.09479029476642609,1.0,0.963370680809021
YLL004W,YGL253W,0,-2.7936354,0.09478138387203217,1.0,0.9634707570075989
YDR077W,YLR258W,0,-2.7953308,0.09477247297763824,1.0,0.9635708332061768
YOR062C,YBR068C,0,-2.7971663,0.09476356208324432,1.0,0.9636709094047546
YDL123W,YKR088C,0,-2.7992525,0.0947546511888504,1.0,0.9637710452079773
YHR200W,YML073C,0,-2.802476,0.09474574774503708,1.0,0.9638711214065552
YDR039C,YBL072C,0,-2.8055706,0.09473684430122375,1.0,0.9639711976051331
YHR051W,YKL145W,0,-2.806607,0.09472794085741043,1.0,0.9640712738037109
YKL138C,YGR197C,0,-2.8077123,0.0947190374135971,1.0,0.9641713500022888
YER083C,YBR169C,0,-2.808105,0.09471014142036438,1.0,0.9642714262008667
YKL100C,YHL011C,0,-2.8123646,0.09470123797655106,1.0,0.9643715023994446
YAL067C,YGR234W,0,-2.8127427,0.09469234198331833,1.0,0.9644715785980225
YKR009C,YHR039C,0,-2.8157763,0.0946834459900856,1.0,0.9645716547966003
YJL158C,YIR009W,0,-2.8188806,0.09467455744743347,1.0,0.9646717309951782
YLR241W,YGR172C,0,-2.8209202,0.09466566145420074,1.0,0.9647718071937561
YMR116C,YDL138W,0,-2.8246477,0.09465677291154861,1.0,0.964871883392334
YIL046W,YDR158W,0,-2.8309455,0.09464788436889648,1.0,0.9649719595909119
YLL061W,YKL148C,0,-2.8339496,0.09463900327682495,1.0,0.9650720357894897
YBL068W,YAL031C,0,-2.8361874,0.09463011473417282,1.0,0.9651721119880676
YPL122C,YHR053C,0,-2.8376493,0.09462123364210129,1.0,0.9652721881866455
YJL157C,YKL126W,0,-2.8401344,0.09461235255002975,1.0,0.9653723239898682
YNL108C,YOL013C,0,-2.8404176,0.09460347145795822,1.0,0.965472400188446
YPL177C,YKL165C,0,-2.843202,0.09459459781646729,1.0,0.9655724763870239
YML129C,YDR309C,0,-2.8484552,0.09458571672439575,1.0,0.9656725525856018
YBR115C,YNL052W,0,-2.8514962,0.09457684308290482,1.0,0.9657726287841797
YIL160C,YNL067W,0,-2.851804,0.09456796944141388,1.0,0.9658727049827576
YOL154W,YNL271C,0,-2.8518124,0.09455909579992294,1.0,0.9659727811813354
YGR103W,YNL183C,0,-2.8529458,0.0945502296090126,1.0,0.9660728573799133
YEL005C,YLR249W,0,-2.8533597,0.09454136341810226,1.0,0.9661729335784912
YBR191W,YDR247W,0,-2.853507,0.09453249722719193,1.0,0.9662730097770691
YJR161C,YJR070C,0,-2.8550375,0.09452363103628159,1.0,0.966373085975647
YBR298C,YCR031C,0,-2.8647487,0.09451476484537125,1.0,0.9664731621742249
YNR076W,YDL185W,0,-2.8680954,0.0945059061050415,1.0,0.9665732383728027
YGL224C,YEL002C,0,-2.8692625,0.09449704736471176,1.0,0.9666733145713806
YDR256C,YDR158W,0,-2.874547,0.09448818862438202,1.0,0.9667733907699585
YER062C,YIL111W,0,-2.876083,0.09447932988405228,1.0,0.9668735265731812
YLR259C,YJR123W,0,-2.8768911,0.09447047859430313,1.0,0.966973602771759
YBL068W,YFL055W,0,-2.8831818,0.09446162730455399,1.0,0.9670736789703369
YNL129W,YOR133W,0,-2.8850183,0.09445277601480484,1.0,0.9671737551689148
YBL091C,YPL087W,0,-2.8891337,0.0944439247250557,1.0,0.9672738313674927
YBL038W,YHR028C,0,-2.8946857,0.09443507343530655,1.0,0.9673739075660706
YFR020W,YGR027C,0,-2.8959074,0.094426229596138,1.0,0.9674739837646484
YPR001W,YHR193C,0,-2.8977141,0.09441738575696945,1.0,0.9675740599632263
YHR050W,YKL065C,0,-2.9042656,0.0944085419178009,1.0,0.9676741361618042
YBR139W,YDL051W,0,-2.9074535,0.09439969807863235,1.0,0.9677742123603821
YLR109W,YAL021C,0,-2.9079494,0.0943908616900444,1.0,0.96787428855896
YER131W,YER042W,0,-2.9100204,0.09438202530145645,1.0,0.9679743647575378
YJL161W,YER025W,0,-2.9123452,0.0943731889128685,1.0,0.9680744409561157
YML123C,YKL141W,0,-2.912969,0.09436435252428055,1.0,0.9681745171546936
YGR094W,YNL321W,0,-2.9141545,0.0943555161356926,1.0,0.9682745933532715
YNL335W,YHR142W,0,-2.9161334,0.09434668719768524,1.0,0.9683747291564941
YPR191W,YGL171W,0,-2.9233322,0.09433785825967789,1.0,0.968474805355072
YHR114W,YLR056W,0,-2.9262147,0.09432902932167053,1.0,0.9685748815536499
YDR376W,YDR492W,0,-2.9272919,0.09432020038366318,1.0,0.9686749577522278
YHR039C-A,YKR097W,0,-2.930317,0.09431137889623642,1.0,0.9687750339508057
YHR176W,YKL182W,0,-2.9312248,0.09430255740880966,1.0,0.9688751101493835
YGL062W,YML028W,0,-2.9377005,0.0942937359213829,1.0,0.9689751863479614
YGL147C,YJL091C,0,-2.9386792,0.09428491443395615,1.0,0.9690752625465393
YDR456W,YNL220W,0,-2.942145,0.09427609294652939,1.0,0.9691753387451172
YOR020C,YLR153C,0,-2.9443078,0.09426727890968323,1.0,0.9692754149436951
YBL092W,YNL238W,0,-2.9447618,0.09425846487283707,1.0,0.969375491142273
YEL042W,YDR074W,0,-2.947185,0.0942496508359909,1.0,0.9694755673408508
YIL123W,YJL102W,0,-2.9471912,0.09424083679914474,1.0,0.9695756435394287
YIL065C,YOR273C,0,-2.9473915,0.09423203021287918,1.0,0.9696757197380066
YHR108W,YJR009C,0,-2.9487786,0.09422321617603302,1.0,0.9697757959365845
YHL047C,YKR072C,0,-2.948848,0.09421440958976746,1.0,0.9698758721351624
YLR237W,YIL107C,0,-2.9490838,0.09420561045408249,1.0,0.969976007938385
YIL011W,YFL048C,0,-2.9589276,0.09419680386781693,1.0,0.9700760841369629
YJL196C,YKL176C,0,-2.9599128,0.09418800473213196,1.0,0.9701761603355408
YPL156C,YNL138W,0,-2.9649963,0.09417920559644699,1.0,0.9702762365341187
YCL037C,YLR390W,0,-2.9667916,0.09417040646076202,1.0,0.9703763127326965
YJL089W,YCL043C,0,-2.9668088,0.09416160732507706,1.0,0.9704763889312744
YKL069W,YJL172W,0,-2.9704652,0.09415280818939209,1.0,0.9705764651298523
YPR024W,YBL039C,0,-2.9765193,0.09414401650428772,1.0,0.9706765413284302
YPL273W,YNL030W,0,-2.976531,0.09413522481918335,1.0,0.9707766175270081
YDR449C,YIL162W,0,-2.98007,0.09412643313407898,1.0,0.9708766937255859
YKR003W,YKL029C,0,-2.9834328,0.0941176488995552,1.0,0.9709767699241638
YMR120C,YLL006W,0,-2.9854887,0.09410885721445084,1.0,0.9710768461227417
YMR012W,YHR143W,0,-2.987117,0.09410007297992706,1.0,0.9711769223213196
YBL075C,YNL280C,0,-2.9911933,0.09409128874540329,1.0,0.9712769985198975
YGR288W,YDL075W,0,-2.9926734,0.09408251196146011,1.0,0.9713770747184753
YLR222C,YOL002C,0,-2.994894,0.09407372772693634,1.0,0.971477210521698
YMR180C,YDL130W,0,-3.0041552,0.09406495094299316,1.0,0.9715772867202759
YJR010W,YJL161W,0,-3.0094938,0.09405617415904999,1.0,0.9716773629188538
YIL043C,YEL006W,0,-3.0098672,0.09404739737510681,1.0,0.9717774391174316
YBL064C,YPL237W,0,-3.014565,0.09403862059116364,1.0,0.9718775153160095
YHR020W,YGR127W,0,-3.0148015,0.09402985125780106,1.0,0.9719775915145874
YMR274C,YBR295W,0,-3.015641,0.09402108192443848,1.0,0.9720776677131653
YOR120W,YLR384C,0,-3.0183635,0.0940123125910759,1.0,0.9721777439117432
YOL010W,YML056C,0,-3.0199456,0.09400354325771332,1.0,0.972277820110321
YLR340W,YCL018W,0,-3.0207891,0.09399478137493134,1.0,0.9723778963088989
YMR029C,YGL225W,0,-3.0209312,0.09398601204156876,1.0,0.9724779725074768
YKL084W,YML028W,0,-3.0237072,0.09397725015878677,1.0,0.9725780487060547
YER049W,YBL064C,0,-3.0249622,0.09396848827600479,1.0,0.9726781249046326
YBR118W,YPL152W,0,-3.0265846,0.0939597338438034,1.0,0.9727782011032104
YML116W,YLR439W,0,-3.0281196,0.09395097196102142,1.0,0.9728782773017883
YKL003C,YLR244C,0,-3.0331128,0.09394221752882004,1.0,0.9729783535003662
YER037W,YLR449W,0,-3.03627,0.09393346309661865,1.0,0.9730784893035889
YNL331C,YNL302C,0,-3.0417094,0.09392470866441727,1.0,0.9731785655021667
YKL152C,YDR128W,0,-3.0423808,0.09391596168279648,1.0,0.9732786417007446
YKL193C,YKL008C,0,-3.0434427,0.09390720725059509,1.0,0.9733787178993225
YDR007W,YLR347C,0,-3.0478158,0.0938984602689743,1.0,0.9734787940979004
YPL037C,YMR286W,0,-3.0484324,0.09388971328735352,1.0,0.9735788702964783
YAL030W,YHR043C,0,-3.054302,0.09388097375631332,1.0,0.9736789464950562
YBR230C,YDL029W,0,-3.0572577,0.09387222677469254,1.0,0.973779022693634
YOL155C,YOL040C,0,-3.060393,0.09386348724365234,1.0,0.9738790988922119
YHR174W,YER022W,0,-3.0625567,0.09385474771261215,1.0,0.9739791750907898
YOR099W,YDR498C,0,-3.0652547,0.09384600818157196,1.0,0.9740792512893677
YJR139C,YOR036W,0,-3.0660534,0.09383727610111237,1.0,0.9741793274879456
YGR240C,YPL152W,0,-3.0691104,0.09382853657007217,1.0,0.9742794036865234
YDL134C,YOL109W,0,-3.0691366,0.09381980448961258,1.0,0.9743794798851013
YHR019C,YDL247W,0,-3.0744789,0.09381107240915298,1.0,0.9744795560836792
YNL162W,YPL098C,0,-3.0759144,0.09380234777927399,1.0,0.9745796918869019
YNL066W,YOR355W,0,-3.0835629,0.09379361569881439,1.0,0.9746797680854797
YAL061W,YPL087W,0,-3.0842447,0.0937848910689354,1.0,0.9747798442840576
YLR134W,YLR421C,0,-3.0853724,0.0937761664390564,1.0,0.9748799204826355
YDR382W,YKL168C,0,-3.0856447,0.0937674418091774,1.0,0.9749799966812134
YPL220W,YDR092W,0,-3.0908155,0.0937587171792984,1.0,0.9750800728797913
YGR038W,YGL219C,0,-3.0910237,0.09375,1.0,0.9751801490783691
YCR002C,YKL034W,0,-3.0956566,0.0937412828207016,1.0,0.975280225276947
YDL072C,YOL040C,0,-3.0967746,0.0937325656414032,1.0,0.9753803014755249
YMR194W,YAL060W,0,-3.1009333,0.0937238484621048,1.0,0.9754803776741028
YOR271C,YNL265C,0,-3.1014714,0.093715138733387,1.0,0.9755804538726807
YLR237W,YGL001C,0,-3.101654,0.09370642155408859,1.0,0.9756805300712585
YPL262W,YDR079W,0,-3.1035352,0.09369771182537079,1.0,0.9757806062698364
YPR138C,YNL128W,0,-3.109743,0.09368900209665298,1.0,0.9758806824684143
YDR384C,YKL210W,0,-3.125055,0.09368029981851578,1.0,0.9759807586669922
YLR006C,YLR258W,0,-3.1256542,0.09367159008979797,1.0,0.9760808944702148
YGR177C,YLR312W-A,0,-3.12657,0.09366288781166077,1.0,0.9761809706687927
YPL163C,YJR048W,0,-3.130858,0.09365418553352356,1.0,0.9762810468673706
YOR374W,YPL059W,0,-3.131237,0.09364548325538635,1.0,0.9763811230659485
YDR122W,YLR372W,0,-3.1374454,0.09363678842782974,1.0,0.9764811992645264
YKR093W,YDR368W,0,-3.1375904,0.09362808614969254,1.0,0.9765812754631042
YPR198W,YCR035C,0,-3.1387267,0.09361939132213593,1.0,0.9766813516616821
YMR120C,YLR174W,0,-3.1391542,0.09361069649457932,1.0,0.97678142786026
YNL142W,YER057C,0,-3.1440878,0.0936020091176033,1.0,0.9768815040588379
YBR002C,YJL052W,0,-3.1478052,0.09359331429004669,1.0,0.9769815802574158
YLR163C,YOR142W,0,-3.1482534,0.09358462691307068,1.0,0.9770816564559937
YOR136W,YGL107C,0,-3.1496391,0.09357593953609467,1.0,0.9771817326545715
YOR332W,YFR049W,0,-3.1514416,0.09356725215911865,1.0,0.9772818088531494
YGL252C,YPL090C,0,-3.152657,0.09355856478214264,1.0,0.9773818850517273
YDR202C,YGL026C,0,-3.162853,0.09354988485574722,1.0,0.9774819612503052
YBL030C,YHR133C,0,-3.1654577,0.0935412049293518,1.0,0.9775820374488831
YER131W,YJL116C,0,-3.1675286,0.09353252500295639,1.0,0.9776821732521057
YDR245W,YNL281W,0,-3.1713743,0.09352384507656097,1.0,0.9777822494506836
YGR191W,YMR308C,0,-3.1727324,0.09351516515016556,1.0,0.9778823256492615
YDR165W,YOR306C,0,-3.1890302,0.09350649267435074,1.0,0.9779824018478394
YNL252C,YBR187W,0,-3.1969354,0.09349782019853592,1.0,0.9780824780464172
YOR009W,YEL050C,0,-3.2104998,0.0934891477227211,1.0,0.9781825542449951
YGR177C,YDR231C,0,-3.2119386,0.09348047524690628,1.0,0.978282630443573
YML024W,YDL185W,0,-3.2172751,0.09347181022167206,1.0,0.9783827066421509
YJL190C,YDL132W,0,-3.2198033,0.09346314519643784,1.0,0.9784827828407288
YKL003C,YLR450W,0,-3.228018,0.09345448017120361,1.0,0.9785828590393066
YLR405W,YCL040W,0,-3.2313786,0.09344581514596939,1.0,0.9786829352378845
YMR205C,YNR030W,0,-3.2315066,0.09343715012073517,1.0,0.9787830114364624
YMR303C,YMR153W,0,-3.235029,0.09342849254608154,1.0,0.9788830876350403
YKR042W,YPR006C,0,-3.2419634,0.09341983497142792,1.0,0.9789831638336182
YHR089C,YCL017C,0,-3.243052,0.09341117739677429,1.0,0.979083240032196
YKL009W,YJR091C,0,-3.2509422,0.09340251982212067,1.0,0.9791833758354187
YEL042W,YKR039W,0,-3.251423,0.09339386969804764,1.0,0.9792834520339966
YOR044W,YGL105W,0,-3.2523613,0.09338521212339401,1.0,0.9793835282325745
YOR375C,YEL059C-A,0,-3.2574248,0.09337656199932098,1.0,0.9794836044311523
YER043C,YHR028C,0,-3.2640834,0.09336791187524796,1.0,0.9795836806297302
YOR247W,YDR519W,0,-3.266288,0.09335926920175552,1.0,0.9796837568283081
YER011W,YDL088C,0,-3.27202,0.0933506190776825,1.0,0.979783833026886
YOR062C,YLR185W,0,-3.2760382,0.09334197640419006,1.0,0.9798839092254639
YBL078C,YLR244C,0,-3.2782419,0.09333333373069763,1.0,0.9799839854240417
YOR063W,YDR492W,0,-3.2783723,0.0933246910572052,1.0,0.9800840616226196
YOL062C,YER072W,0,-3.280497,0.09331605583429337,1.0,0.9801841378211975
YDR264C,YML132W,0,-3.294312,0.09330741316080093,1.0,0.9802842140197754
YBR191W,YEL031W,0,-3.3035731,0.0932987779378891,1.0,0.9803842902183533
YDR369C,YER072W,0,-3.3160481,0.09329014271497726,1.0,0.9804843664169312
YDR517W,YDR267C,0,-3.3162963,0.09328150749206543,1.0,0.980584442615509
YER043C,YAR033W,0,-3.3176506,0.09327287971973419,1.0,0.9806845188140869
YER145C,YJR065C,0,-3.3216658,0.09326425194740295,1.0,0.9807846546173096
YLR186W,YLR178C,0,-3.329794,0.09325561672449112,1.0,0.9808847308158875
YGR209C,YOR004W,0,-3.3301945,0.09324699640274048,1.0,0.9809848070144653
YHR094C,YBR091C,0,-3.3392637,0.09323836863040924,1.0,0.9810848832130432
YHR116W,YNL200C,0,-3.3446207,0.0932297483086586,1.0,0.9811849594116211
YDR012W,YOL084W,0,-3.3515193,0.09322112053632736,1.0,0.981285035610199
YMR241W,YDR171W,0,-3.356614,0.09321250021457672,1.0,0.9813851118087769
YNL255C,YDR380W,0,-3.361525,0.09320387989282608,1.0,0.9814851880073547
YIL073C,YJL158C,0,-3.3626294,0.09319526702165604,1.0,0.9815852642059326
YKL180W,YLR390W,0,-3.3673217,0.09318665415048599,1.0,0.9816853404045105
YPL177C,YOR133W,0,-3.3689973,0.09317803382873535,1.0,0.9817854166030884
YOR306C,YLR390W,0,-3.379526,0.09316942095756531,1.0,0.9818854928016663
YDL167C,YGL198W,0,-3.3803716,0.09316081553697586,1.0,0.9819855690002441
YOL129W,YOR239W,0,-3.3920057,0.09315220266580582,1.0,0.982085645198822
YKL096W-A,YKL024C,0,-3.3962755,0.09314359724521637,1.0,0.9821857213973999
YMR205C,YJR073C,0,-3.3982067,0.09313499182462692,1.0,0.9822858572006226
YBR121C,YFR042W,0,-3.4041936,0.09312638640403748,1.0,0.9823859333992004
YGL143C,YGL031C,0,-3.4048545,0.09311778098344803,1.0,0.9824860095977783
YNL305C,YMR291W,0,-3.4066756,0.09310918301343918,1.0,0.9825860857963562
YIL124W,YML132W,0,-3.4148903,0.09310058504343033,1.0,0.9826861619949341
YNL297C,YDL055C,0,-3.4169958,0.09309198707342148,1.0,0.982786238193512
YPR026W,YGR191W,0,-3.417009,0.09308338910341263,1.0,0.9828863143920898
YKL099C,YIL065C,0,-3.4243622,0.09307479113340378,1.0,0.9829863905906677
YJR048W,YGR162W,0,-3.4244041,0.09306620061397552,1.0,0.9830864667892456
YDR140W,YKL163W,0,-3.4252563,0.09305761009454727,1.0,0.9831865429878235
YIL011W,YNL133C,0,-3.4274585,0.09304901957511902,1.0,0.9832866191864014
YJL191W,YFL055W,0,-3.430491,0.09304042905569077,1.0,0.9833866953849792
YOL155C,YOR234C,0,-3.4349089,0.09303183853626251,1.0,0.9834867715835571
YCR011C,YNR002C,0,-3.4356523,0.09302325546741486,1.0,0.983586847782135
YBR068C,YOR044W,0,-3.436786,0.0930146723985672,1.0,0.9836869239807129
YLR172C,YML128C,0,-3.441423,0.09300608932971954,1.0,0.9837870001792908
YDL070W,YLR185W,0,-3.4415538,0.09299750626087189,1.0,0.9838871359825134
YAL059W,YLR216C,0,-3.441955,0.09298893064260483,1.0,0.9839872121810913
YGR244C,YDR454C,0,-3.4443045,0.09298035502433777,1.0,0.9840872883796692
YOR224C,YNL333W,0,-3.4758515,0.09297177940607071,1.0,0.9841873645782471
YMR307W,YGR239C,0,-3.480772,0.09296320378780365,1.0,0.984287440776825
YCR004C,YPR184W,0,-3.4808943,0.09295462816953659,1.0,0.9843875169754028
YMR272C,YGR155W,0,-3.484624,0.09294606000185013,1.0,0.9844875931739807
YDL014W,YOR208W,0,-3.4859564,0.09293749183416367,1.0,0.9845876693725586
YJL089W,YLR196W,0,-3.4866505,0.0929289236664772,1.0,0.9846877455711365
YJL034W,YBL045C,0,-3.4891016,0.09292035549879074,1.0,0.9847878217697144
YMR011W,YDR119W,0,-3.491064,0.09291178733110428,1.0,0.9848878979682922
YDR231C,YBR105C,0,-3.4921033,0.09290322661399841,1.0,0.9849879741668701
YKL065C,YPR112C,0,-3.4932427,0.09289466589689255,1.0,0.985088050365448
YBR034C,YBL015W,0,-3.4990406,0.09288610517978668,1.0,0.9851881265640259
YIL123W,YNR035C,0,-3.4997823,0.09287754446268082,1.0,0.9852882027626038
YNL297C,YLR110C,0,-3.5094671,0.09286899119615555,1.0,0.9853883385658264
YOL071W,YKR081C,0,-3.5164845,0.09286043047904968,1.0,0.9854884147644043
YEL054C,YMR180C,0,-3.5316393,0.09285187721252441,1.0,0.9855884909629822
YPL019C,YOR173W,0,-3.5374875,0.09284332394599915,1.0,0.9856885671615601
YOR298C-A,YEL040W,0,-3.5423534,0.09283477813005447,1.0,0.9857886433601379
YML091C,YKL008C,0,-3.552198,0.0928262248635292,1.0,0.9858887195587158
YPL019C,YFR015C,0,-3.5602741,0.09281767904758453,1.0,0.9859887957572937
YPR184W,YLR178C,0,-3.564874,0.09280913323163986,1.0,0.9860888719558716
YLL028W,YGR240C,0,-3.5652726,0.09280058741569519,1.0,0.9861889481544495
YHL047C,YGR136W,0,-3.5663862,0.09279204905033112,1.0,0.9862890243530273
YER131W,YKL091C,0,-3.567605,0.09278350323438644,1.0,0.9863891005516052
YDR513W,YPL265W,0,-3.5714965,0.09277496486902237,1.0,0.9864891767501831
YGL189C,YOL082W,0,-3.5729318,0.0927664265036583,1.0,0.986589252948761
YML110C,YCL030C,0,-3.573885,0.09275788813829422,1.0,0.9866893291473389
YBL092W,YBR302C,0,-3.5747333,0.09274935722351074,1.0,0.9867894053459167
YMR119W,YDL130W,0,-3.576953,0.09274081885814667,1.0,0.9868895411491394
YCR004C,YDR494W,0,-3.5796072,0.09273228794336319,1.0,0.9869896173477173
YMR169C,YOR175C,0,-3.5801334,0.09272375702857971,1.0,0.9870896935462952
YDR427W,YLR061W,0,-3.5822635,0.09271523356437683,1.0,0.987189769744873
YOR306C,YJR063W,0,-3.5876334,0.09270670264959335,1.0,0.9872898459434509
YER052C,YKL145W,0,-3.587841,0.09269817918539047,1.0,0.9873899221420288
YLR110C,YIL107C,0,-3.5917702,0.09268965572118759,1.0,0.9874899983406067
YMR194W,YLR097C,0,-3.5926032,0.09268113225698471,1.0,0.9875900745391846
YGR264C,YKR098C,0,-3.5950823,0.09267260879278183,1.0,0.9876901507377625
YMR093W,YJL034W,0,-3.610581,0.09266409277915955,1.0,0.9877902269363403
YJR004C,YGL253W,0,-3.6127882,0.09265557676553726,1.0,0.9878903031349182
YBR126C,YDR098C,0,-3.6168172,0.09264706075191498,1.0,0.9879903793334961
YPL206C,YIL111W,0,-3.624085,0.0926385447382927,1.0,0.988090455532074
YLL028W,YER086W,0,-3.6370301,0.09263002872467041,1.0,0.9881905317306519
YHR116W,YBR296C,0,-3.6372457,0.09262152016162872,1.0,0.9882906079292297
YKL004W,YBR024W,0,-3.6447167,0.09261301159858704,1.0,0.9883906841278076
YGR141W,YHR021C,0,-3.6542916,0.09260450303554535,1.0,0.9884908199310303
YKR092C,YMR302C,0,-3.6546822,0.09259599447250366,1.0,0.9885908961296082
YLR372W,YOL126C,0,-3.6572127,0.09258749336004257,1.0,0.988690972328186
YKL080W,YGR257C,0,-3.6576762,0.09257898479700089,1.0,0.9887910485267639
YBL030C,YPL143W,0,-3.67373,0.0925704836845398,1.0,0.9888911247253418
YBL039C,YMR097C,0,-3.686934,0.0925619825720787,1.0,0.9889912009239197
YER095W,YDR492W,0,-3.6936278,0.09255348145961761,1.0,0.9890912771224976
YAL051W,YCL037C,0,-3.7092695,0.09254498779773712,1.0,0.9891913533210754
YKL217W,YHR142W,0,-3.7297783,0.09253649413585663,1.0,0.9892914295196533
YLR372W,YJR133W,0,-3.7336197,0.09252800047397614,1.0,0.9893915057182312
YOR247W,YKL135C,0,-3.733942,0.09251950681209564,1.0,0.9894915819168091
YHR053C,YOL126C,0,-3.7353826,0.09251101315021515,1.0,0.989591658115387
YIR024C,YDR091C,0,-3.7409444,0.09250252693891525,1.0,0.9896917343139648
YML128C,YDR144C,0,-3.7468107,0.09249403327703476,1.0,0.9897918105125427
YJL198W,YFR042W,0,-3.7580009,0.09248554706573486,1.0,0.9898918867111206
YOR329C,YOR063W,0,-3.7609408,0.09247706085443497,1.0,0.9899920225143433
YGL037C,YFL062W,0,-3.7668977,0.09246858209371567,1.0,0.9900920987129211
YEL001C,YKL148C,0,-3.774874,0.09246009588241577,1.0,0.990192174911499
YPL220W,YDL070W,0,-3.776461,0.09245161712169647,1.0,0.9902922511100769
YIL046W,YPR124W,0,-3.781527,0.09244313836097717,1.0,0.9903923273086548
YHR018C,YBR121C,0,-3.7863264,0.09243465960025787,1.0,0.9904924035072327
YMR303C,YFR049W,0,-3.7959714,0.09242618829011917,1.0,0.9905924797058105
YJR145C,YML091C,0,-3.804478,0.09241771697998047,1.0,0.9906925559043884
YJR147W,YKR067W,0,-3.8196483,0.09240923821926117,1.0,0.9907926321029663
YBR191W,YDR512C,0,-3.82047,0.09240076690912247,1.0,0.9908927083015442
YDR171W,YGL076C,0,-3.8222876,0.09239230304956436,1.0,0.9909927845001221
YGL196W,YMR079W,0,-3.8301556,0.09238383173942566,1.0,0.9910928606987
YHR017W,YLR056W,0,-3.8358605,0.09237536787986755,1.0,0.9911929368972778
YJL103C,YBL076C,0,-3.847497,0.09236690402030945,1.0,0.9912930130958557
YOL122C,YBL076C,0,-3.86414,0.09235844016075134,1.0,0.9913930892944336
YBR244W,YPL154C,0,-3.866775,0.09234997630119324,1.0,0.9914931654930115
YFL033C,YAL036C,0,-3.875612,0.09234151989221573,1.0,0.9915933012962341
YPR041W,YPL262W,0,-3.8796632,0.09233305603265762,1.0,0.991693377494812
YEL052W,YPL258C,0,-3.8807316,0.09232459962368011,1.0,0.9917934536933899
YMR280C,YIL011W,0,-3.924027,0.0923161432147026,1.0,0.9918935298919678
YNL291C,YMR251W-A,0,-3.9295008,0.0923076942563057,1.0,0.9919936060905457
YNL284C,YLR300W,0,-3.9314141,0.09229923784732819,1.0,0.9920936822891235
YJR145C,YJR160C,0,-3.9347553,0.09229078888893127,1.0,0.9921937584877014
YJR073C,YHL047C,0,-3.9380946,0.09228233993053436,1.0,0.9922938346862793
YOR265W,YJL172W,0,-3.957285,0.09227389097213745,1.0,0.9923939108848572
YMR242C,YDR494W,0,-3.9686048,0.09226544946432114,1.0,0.9924939870834351
YKL217W,YDL095W,0,-3.978726,0.09225700050592422,1.0,0.9925940632820129
YHR194W,YPR112C,0,-3.9862618,0.09224855899810791,1.0,0.9926941394805908
YBR207W,YKR080W,0,-3.9899168,0.0922401174902916,1.0,0.9927942156791687
YIL124W,YKL060C,0,-3.9955032,0.09223167598247528,1.0,0.9928942918777466
YNL241C,YGL076C,0,-4.003968,0.09222324192523956,1.0,0.9929943680763245
YLR216C,YGL031C,0,-4.0291533,0.09221480041742325,1.0,0.9930945038795471
YHL011C,YDR368W,0,-4.036614,0.09220636636018753,1.0,0.993194580078125
YDL130W,YLR201C,0,-4.0464005,0.09219793230295181,1.0,0.9932946562767029
YMR242C,YLL055W,0,-4.0665674,0.0921894982457161,1.0,0.9933947324752808
YGL047W,YEL040W,0,-4.0727215,0.09218107163906097,1.0,0.9934948086738586
YAL060W,YBR293W,0,-4.080177,0.09217263758182526,1.0,0.9935948848724365
YBR162C,YDR358W,0,-4.121591,0.09216421097517014,1.0,0.9936949610710144
YGR213C,YAL060W,0,-4.122058,0.09215578436851501,1.0,0.9937950372695923
YIL088C,YDL083C,0,-4.1225777,0.09214736521244049,1.0,0.9938951134681702
YBR207W,YGL253W,0,-4.1315994,0.09213893860578537,1.0,0.993995189666748
YGL191W,YGL256W,0,-4.1352167,0.09213051944971085,1.0,0.9940952658653259
YGL062W,YMR205C,0,-4.13561,0.09212210029363632,1.0,0.9941953420639038
YNR032W,YBR031W,0,-4.1653495,0.0921136811375618,1.0,0.9942954182624817
YHR143W,YHR175W,0,-4.167253,0.09210526198148727,1.0,0.9943954944610596
YLR367W,YLR201C,0,-4.2023845,0.09209685027599335,1.0,0.9944955706596375
YGR106C,YMR092C,0,-4.2076616,0.09208843111991882,1.0,0.9945956468582153
YJR125C,YOL002C,0,-4.216174,0.0920800194144249,1.0,0.994695782661438
YAL016W,YML123C,0,-4.2199535,0.09207160770893097,1.0,0.9947958588600159
YPR026W,YMR194W,0,-4.2222567,0.09206320345401764,1.0,0.9948959350585938
YJR073C,YNL075W,0,-4.228118,0.09205479174852371,1.0,0.9949960112571716
YEL054C,YKL126W,0,-4.251988,0.09204638749361038,1.0,0.9950960874557495
YKL004W,YPL087W,0,-4.2625284,0.09203798323869705,1.0,0.9951961636543274
YBR031W,YNL259C,0,-4.287386,0.09202957898378372,1.0,0.9952962398529053
YEL054C,YMR322C,0,-4.2937922,0.09202118217945099,1.0,0.9953963160514832
YDL051W,YMR152W,0,-4.294376,0.09201277792453766,1.0,0.995496392250061
YDR129C,YDR454C,0,-4.3178167,0.09200438112020493,1.0,0.9955964684486389
YOR224C,YHR171W,0,-4.336317,0.09199598431587219,1.0,0.9956965446472168
YLL045C,YCL040W,0,-4.348833,0.09198758751153946,1.0,0.9957966208457947
YMR120C,YDR194C,0,-4.3521934,0.09197919815778732,1.0,0.9958966970443726
YDL084W,YCL043C,0,-4.3641768,0.09197080135345459,1.0,0.9959967732429504
YOL064C,YJR113C,0,-4.381469,0.09196241199970245,1.0,0.9960968494415283
YDL076C,YCL030C,0,-4.4424763,0.09195402264595032,1.0,0.996196985244751
YHL024W,YER072W,0,-4.452652,0.09194563329219818,1.0,0.9962970614433289
YOR374W,YIL018W,0,-4.473134,0.09193725138902664,1.0,0.9963971376419067
YOR361C,YDR214W,0,-4.473569,0.0919288620352745,1.0,0.9964972138404846
YML026C,YGR043C,0,-4.4829273,0.09192048013210297,1.0,0.9965972900390625
YBL027W,YKL034W,0,-4.4920874,0.09191209822893143,1.0,0.9966973662376404
YPL079W,YMR293C,0,-4.5043936,0.09190371632575989,1.0,0.9967974424362183
YER015W,YOR133W,0,-4.517595,0.09189534187316895,1.0,0.9968975186347961
YLR060W,YIL101C,0,-4.573818,0.091886967420578,1.0,0.996997594833374
YDR418W,YJL172W,0,-4.584283,0.09187858551740646,1.0,0.9970976710319519
YHR094C,YMR280C,0,-4.59114,0.09187021851539612,1.0,0.9971977472305298
YLR201C,YOR182C,0,-4.597398,0.09186184406280518,1.0,0.9972978234291077
YML123C,YDR067C,0,-4.615837,0.09185346961021423,1.0,0.9973978996276855
YMR120C,YJL102W,0,-4.6403484,0.09184510260820389,1.0,0.9974979758262634
YOR247W,YGR055W,0,-4.651243,0.09183673560619354,1.0,0.9975980520248413
YGR154C,YGL030W,0,-4.689883,0.0918283686041832,1.0,0.997698187828064
YPL160W,YDL223C,0,-4.770778,0.09182000160217285,1.0,0.9977982640266418
YBR183W,YHR042W,0,-4.7739506,0.0918116420507431,1.0,0.9978983402252197
YDL046W,YLR167W,0,-4.7931824,0.09180327504873276,1.0,0.9979984164237976
YBR046C,YOR206W,0,-4.809531,0.09179491549730301,1.0,0.9980984926223755
YJL103C,YBL072C,0,-4.814792,0.09178656339645386,1.0,0.9981985688209534
YJR073C,YLR344W,0,-4.837485,0.09177820384502411,1.0,0.9982986450195312
YER096W,YGL030W,0,-4.8451867,0.09176984429359436,1.0,0.9983987212181091
YNL125C,YMR260C,0,-4.846367,0.09176149219274521,1.0,0.998498797416687
YPL220W,YFR044C,0,-4.868771,0.09175314009189606,1.0,0.9985988736152649
YMR115W,YAL038W,0,-5.0637712,0.0917447879910469,1.0,0.9986989498138428
YDL046W,YPL087W,0,-5.1207256,0.09173644334077835,1.0,0.9987990260124207
YLR142W,YGL189C,0,-5.150568,0.0917280912399292,1.0,0.9988991022109985
YHL032C,YKL180W,0,-5.1620846,0.09171974658966064,1.0,0.9989991784095764
YJL103C,YJR047C,0,-5.410079,0.09171140193939209,1.0,0.9990992546081543
YDR012W,YDR533C,0,-5.4510293,0.09170305728912354,1.0,0.9991993308067322
YMR116C,YBR006W,0,-5.556529,0.09169471263885498,1.0,0.9992994666099548
YKL006W,YGR086C,0,-5.5684137,0.09168637543916702,1.0,0.9993995428085327
YER025W,YKL141W,0,-5.618058,0.09167803823947906,1.0,0.9994996190071106
YOL002C,YLR216C,0,-5.9853144,0.09166970103979111,1.0,0.9995996952056885
YDR380W,YGR204W,0,-6.0078936,0.09166136384010315,1.0,0.9996997714042664
YER096W,YBL076C,0,-6.0532618,0.09165302664041519,1.0,0.9997998476028442
YHR216W,YPL134C,0,-6.127064,0.09164469689130783,1.0,0.9998999238014221
YJL158C,YDL215C,0,-6.162669,0.09163636714220047,1.0,1.0
