Gene A,Gene B,Label,Score,Precision,Recall,False Positive Rate
YER013W,YNL262W,0,8.693413,0.0,0.0,0.00010052271682070568
YNL016W,YOL004W,0,7.981825,0.0,0.0,0.00020104543364141136
YLR430W,YOR172W,1,6.40018,0.3333333432674408,0.0009505703346803784,0.00020104543364141136
YLR353W,YOR089C,0,6.087412,0.25,0.0009505703346803784,0.00030156815773807466
YLL004W,YOL043C,0,5.869251,0.20000000298023224,0.0009505703346803784,0.00040209086728282273
YNL172W,YKL001C,0,5.7588024,0.1666666716337204,0.0009505703346803784,0.0005026136059314013
YIL021W,YDR262W,0,5.6924033,0.1428571492433548,0.0009505703346803784,0.0006031363154761493
YML112W,YEL030W,0,5.6200967,0.125,0.0009505703346803784,0.0007036590250208974
YHR029C,YCL014W,0,5.59061,0.1111111119389534,0.0009505703346803784,0.0008041817345656455
YER028C,YHL020C,1,5.54616,0.20000000298023224,0.0019011406693607569,0.0008041817345656455
YMR093W,YGR143W,0,5.5310574,0.1818181872367859,0.0019011406693607569,0.0009047044441103935
YIL108W,YIL020C,0,5.4894176,0.1666666716337204,0.0019011406693607569,0.0010052272118628025
YBR247C,YIL046W,0,5.4875574,0.1538461595773697,0.0019011406693607569,0.0011057498631998897
YGL112C,YGL019W,0,5.4789553,0.1428571492433548,0.0019011406693607569,0.0012062726309522986
YLR009W,YLL027W,0,5.424668,0.13333334028720856,0.0019011406693607569,0.0013067952822893858
YGR081C,YJL079C,0,5.4215865,0.125,0.0019011406693607569,0.0014073180500417948
YER050C,YMR176W,0,5.416056,0.11764705926179886,0.0019011406693607569,0.0015078408177942038
YGL070C,YER161C,1,5.402207,0.1666666716337204,0.002851711120456457,0.0015078408177942038
YLR321C,YLR251W,0,5.40157,0.15789473056793213,0.002851711120456457,0.001608363469131291
YGL209W,YOL038W,0,5.40054,0.15000000596046448,0.002851711120456457,0.0017088862368837
YBR081C,YDR262W,0,5.380056,0.1428571492433548,0.002851711120456457,0.001809408888220787
YLL012W,YJL213W,0,5.369373,0.13636364042758942,0.002851711120456457,0.001909931655973196
YLR206W,YOR098C,0,5.359799,0.1304347813129425,0.002851711120456457,0.002010454423725605
YMR269W,YGR255C,0,5.3567557,0.125,0.002851711120456457,0.002110977191478014
YKL205W,YCL034W,0,5.3506947,0.11999999731779099,0.002851711120456457,0.0022114997263997793
YGR134W,YOR174W,1,5.335361,0.1538461595773697,0.0038022813387215137,0.0022114997263997793
YOR224C,YLR005W,1,5.325065,0.18518517911434174,0.00475285155698657,0.0022114997263997793
YNL006W,YOR025W,0,5.3236117,0.1785714328289032,0.00475285155698657,0.0023120224941521883
YIR038C,YBL079W,0,5.3234787,0.17241379618644714,0.00475285155698657,0.0024125452619045973
YIL021W,YLL027W,0,5.319517,0.1666666716337204,0.00475285155698657,0.0025130680296570063
YNR031C,YNL121C,0,5.3158507,0.16129031777381897,0.00475285155698657,0.0026135905645787716
YEL043W,YDR260C,0,5.313894,0.15625,0.00475285155698657,0.0027141133323311806
YDR211W,YNL298W,0,5.311249,0.1515151560306549,0.00475285155698657,0.0028146361000835896
YDR146C,YDL148C,0,5.287846,0.14705882966518402,0.00475285155698657,0.0029151588678359985
YOL010W,YIL108W,0,5.25882,0.1428571492433548,0.00475285155698657,0.0030156816355884075
YOL086C,YNL050C,0,5.25291,0.1388888955116272,0.00475285155698657,0.003116204170510173
YDR411C,YPR163C,0,5.2518034,0.13513512909412384,0.00475285155698657,0.003216726938262582
YGL070C,YIL056W,1,5.2120633,0.15789473056793213,0.005703422240912914,0.003216726938262582
YGL209W,YDL111C,0,5.2120385,0.1538461595773697,0.005703422240912914,0.003317249706014991
YNL121C,YBR072W,0,5.201546,0.15000000596046448,0.005703422240912914,0.0034177724737674
YAL043C,YOR244W,1,5.201466,0.17073170840740204,0.006653992459177971,0.0034177724737674
YCL043C,YKL172W,0,5.199306,0.1666666716337204,0.006653992459177971,0.0035182952415198088
YGL209W,YIL143C,1,5.1966176,0.1860465109348297,0.0076045626774430275,0.0035182952415198088
YIL046W,YOR340C,0,5.1957564,0.1818181872367859,0.0076045626774430275,0.003618817776441574
YGR081C,YBR066C,0,5.18253,0.17777778208255768,0.0076045626774430275,0.003719340544193983
YPR189W,YHR008C,0,5.1750426,0.17391304671764374,0.0076045626774430275,0.003819863311946392
YML007W,YER164W,1,5.1745553,0.19148936867713928,0.008555132895708084,0.003819863311946392
YGR085C,YNL208W,0,5.165863,0.1875,0.008555132895708084,0.003920386079698801
YAL043C,YOR194C,1,5.151834,0.20408163964748383,0.00950570311397314,0.003920386079698801
YAL021C,YPL202C,1,5.1504216,0.2199999988079071,0.010456273332238197,0.003920386079698801
YGR081C,YDR262W,0,5.1405993,0.21568627655506134,0.010456273332238197,0.00402090884745121
YPL046C,YOR038C,1,5.137262,0.23076923191547394,0.011406844481825829,0.00402090884745121
YDR167W,YOR324C,0,5.113627,0.22641509771347046,0.011406844481825829,0.004121431615203619
YDR411C,YGR081C,0,5.1076274,0.2222222238779068,0.011406844481825829,0.004221954382956028
YNL160W,YDL225W,0,5.0952587,0.2181818187236786,0.011406844481825829,0.00432247668504715
YDR083W,YKR055W,0,5.093632,0.2142857164144516,0.011406844481825829,0.004422999452799559
YER013W,YGR216C,0,5.091592,0.21052631735801697,0.011406844481825829,0.004523522220551968
YAL022C,YDL024C,0,5.0897784,0.2068965584039688,0.011406844481825829,0.004624044988304377
YBR183W,YML112W,0,5.0879683,0.20338982343673706,0.011406844481825829,0.004724567756056786
YBR095C,YOR340C,0,5.0854974,0.20000000298023224,0.011406844481825829,0.0048250905238091946
YPR009W,YHR006W,1,5.0853877,0.21311475336551666,0.012357414700090885,0.0048250905238091946
YER022W,YIL056W,1,5.0829606,0.22580644488334656,0.013307984918355942,0.0048250905238091946
YER171W,YMR136W,0,5.077339,0.2222222238779068,0.013307984918355942,0.0049256132915616035
YLR020C,YDL024C,0,5.0707593,0.21875,0.013307984918355942,0.0050261360593140125
YOL067C,YLL029W,1,5.059752,0.23076923191547394,0.014258555136620998,0.0050261360593140125
YDR144C,YMR020W,0,5.0569787,0.22727273404598236,0.014258555136620998,0.0051266588270664215
YDR064W,YGR070W,0,5.0498204,0.2238806039094925,0.014258555136620998,0.005227181129157543
YOR123C,YBR193C,1,5.0484223,0.23529411852359772,0.015209125354886055,0.005227181129157543
YGL209W,YMR061W,0,5.041512,0.23188406229019165,0.015209125354886055,0.005327703896909952
YLL004W,YJL053W,0,5.0406017,0.22857142984867096,0.015209125354886055,0.005428226664662361
YML028W,YNL178W,0,5.036588,0.22535210847854614,0.015209125354886055,0.00552874943241477
YOR194C,YGR134W,1,5.025583,0.2361111044883728,0.016159696504473686,0.00552874943241477
YBR261C,YOR138C,0,5.0245843,0.232876718044281,0.016159696504473686,0.005629272200167179
YML015C,YML114C,1,5.0171885,0.2432432472705841,0.017110265791416168,0.005629272200167179
YPL031C,YKL112W,1,5.016403,0.25333333015441895,0.0180608369410038,0.005629272200167179
YPL213W,YOR377W,0,5.0147557,0.25,0.0180608369410038,0.005729794967919588
YGL083W,YDR351W,0,5.0120854,0.2467532455921173,0.0180608369410038,0.005830317735671997
YML028W,YNL110C,0,4.9957385,0.24358974397182465,0.0180608369410038,0.005930840503424406
YER139C,YKL112W,1,4.995171,0.2531645596027374,0.01901140622794628,0.005930840503424406
YPR198W,YPL098C,0,4.9933496,0.25,0.01901140622794628,0.006031363271176815
YIL108W,YPR163C,0,4.9923406,0.2469135820865631,0.01901140622794628,0.006131886038929224
YMR172W,YER148W,1,4.9877396,0.25609755516052246,0.019961977377533913,0.006131886038929224
YDR404C,YMR021C,1,4.983851,0.2650602459907532,0.020912546664476395,0.006131886038929224
YKR038C,YNR052C,1,4.9796033,0.2738095223903656,0.021863117814064026,0.006131886038929224
YLR452C,YIL108W,0,4.977057,0.2705882489681244,0.021863117814064026,0.006232408341020346
YNL273W,YPR091C,0,4.975599,0.26744186878204346,0.021863117814064026,0.006332931108772755
YER150W,YGR145W,0,4.9711776,0.26436781883239746,0.021863117814064026,0.006433453876525164
YPL086C,YBL103C,1,4.969238,0.27272728085517883,0.022813688963651657,0.006433453876525164
YOL082W,YOR340C,0,4.964272,0.26966291666030884,0.022813688963651657,0.006533976644277573
YGR274C,YOR038C,1,4.9639153,0.2777777910232544,0.02376425825059414,0.006533976644277573
YPR133C,YFL039C,1,4.9617934,0.2857142984867096,0.02471482940018177,0.006533976644277573
YGR032W,YDL074C,0,4.9527283,0.28260868787765503,0.02471482940018177,0.006634499412029982
YPL235W,YNL107W,1,4.951343,0.29032257199287415,0.025665398687124252,0.006634499412029982
YOR304W,YIL135C,0,4.950507,0.28723403811454773,0.025665398687124252,0.006735022179782391
YER171W,YPR070W,1,4.9496922,0.2947368323802948,0.026615969836711884,0.006735022179782391
YGR081C,YHR082C,0,4.9487557,0.2916666567325592,0.026615969836711884,0.0068355449475348
YOR274W,YOR085W,0,4.9471984,0.2886597812175751,0.026615969836711884,0.0069360677152872086
YHR030C,YLR321C,0,4.9426036,0.2857142984867096,0.026615969836711884,0.0070365904830396175
YOL165C,YMR239C,0,4.9319606,0.28282827138900757,0.026615969836711884,0.007137112785130739
YOL051W,YGL071W,1,4.92938,0.28999999165534973,0.027566539123654366,0.007137112785130739
YPR189W,YFR045W,0,4.9285283,0.2871287167072296,0.027566539123654366,0.007237635552883148
YER045C,YCL067C,1,4.9277053,0.29411765933036804,0.028517110273241997,0.007237635552883148
YLR005W,YGR229C,0,4.9248137,0.291262149810791,0.028517110273241997,0.007338158320635557
YKL130C,YMR295C,0,4.922047,0.2884615361690521,0.028517110273241997,0.007438681088387966
YMR097C,YIL021W,0,4.92114,0.2857142984867096,0.028517110273241997,0.007539203856140375
YOL082W,YDR508C,0,4.9193883,0.2830188572406769,0.028517110273241997,0.007639726623892784
YMR123W,YDL215C,0,4.9183583,0.28037384152412415,0.028517110273241997,0.007740249391645193
YOR353C,YOR338W,0,4.9120135,0.2777777910232544,0.028517110273241997,0.007840772159397602
YPR026W,YPL131W,0,4.910819,0.2752293646335602,0.028517110273241997,0.007941294461488724
YLL019C,YGR239C,0,4.892636,0.27272728085517883,0.028517110273241997,0.00804181769490242
YOR187W,YAR035W,0,4.884431,0.2702702581882477,0.028517110273241997,0.008142339996993542
YIL002C,YJL124C,0,4.8819594,0.2678571343421936,0.028517110273241997,0.008242863230407238
YMR227C,YOR028C,1,4.8816433,0.2743362784385681,0.029467681422829628,0.008242863230407238
YDR043C,YGL151W,1,4.880856,0.28070175647735596,0.03041825070977211,0.008242863230407238
YJR070C,YLL027W,0,4.878001,0.27826085686683655,0.03041825070977211,0.00834338553249836
YLR401C,YPL087W,0,4.87655,0.27586206793785095,0.03041825070977211,0.008443908765912056
YER161C,YML114C,1,4.872442,0.28205129504203796,0.03136882185935974,0.008443908765912056
YLL027W,YLR309C,0,4.870402,0.27966102957725525,0.03136882185935974,0.008544431068003178
YOR123C,YPR056W,1,4.8666234,0.2857142984867096,0.03231939300894737,0.008544431068003178
YOR355W,YBR072W,0,4.857104,0.28333333134651184,0.03231939300894737,0.0086449533700943
YGL209W,YKL175W,0,4.856666,0.28099173307418823,0.03231939300894737,0.008745476603507996
YLR429W,YLR033W,0,4.8550816,0.2786885201931,0.03231939300894737,0.008845998905599117
YOR297C,YGL113W,0,4.8540845,0.27642276883125305,0.03231939300894737,0.008946522139012814
YNL127W,YBL026W,0,4.846894,0.27419355511665344,0.03231939300894737,0.009047044441103935
YMR173W,YPL007C,0,4.846832,0.2720000147819519,0.03231939300894737,0.009147567674517632
YGR258C,YMR005W,1,4.838224,0.2777777910232544,0.033269960433244705,0.009147567674517632
YIL108W,YLR130C,0,4.83678,0.27559053897857666,0.033269960433244705,0.009248089976608753
YGL122C,YER171W,0,4.8333964,0.2734375,0.033269960433244705,0.00934861321002245
YHR143W-A,YDL080C,1,4.832791,0.27906978130340576,0.034220531582832336,0.00934861321002245
YDR411C,YLR020C,0,4.8327584,0.2769230902194977,0.034220531582832336,0.009449135512113571
YBR183W,YJR010W,0,4.8318896,0.2748091518878937,0.034220531582832336,0.009549657814204693
YJL081C,YER139C,1,4.829502,0.280303031206131,0.03517110273241997,0.009549657814204693
YKL190W,YKL022C,0,4.820894,0.27819550037384033,0.03517110273241997,0.009650181047618389
YML027W,YPL202C,1,4.816418,0.28358209133148193,0.0361216738820076,0.009650181047618389
YPL122C,YIR032C,0,4.813725,0.28148147463798523,0.0361216738820076,0.00975070334970951
YPR133C,YPL042C,1,4.8132663,0.2867647111415863,0.03707224503159523,0.00975070334970951
YPL047W,YDL080C,1,4.8118525,0.29197078943252563,0.03802281245589256,0.00975070334970951
YIL094C,YJL079C,0,4.8077497,0.28985506296157837,0.03802281245589256,0.009851226583123207
YLL041C,YOR294W,0,4.806142,0.28776979446411133,0.03802281245589256,0.009951748885214329
YJR006W,YIR032C,0,4.7931447,0.2857142984867096,0.03802281245589256,0.010052272118628025
YOL135C,YOL001W,1,4.789675,0.29078012704849243,0.038973383605480194,0.010052272118628025
YJL060W,YAL024C,0,4.7896643,0.2887323796749115,0.038973383605480194,0.010152794420719147
YOL086C,YGL212W,0,4.788047,0.28671327233314514,0.038973383605480194,0.010253317654132843
YFL014W,YOR226C,0,4.787175,0.2847222089767456,0.038973383605480194,0.010353839956223965
YGR199W,YOR089C,0,4.7864738,0.2827586233615875,0.038973383605480194,0.010454362258315086
YIL079C,YCR012W,0,4.7832513,0.28082191944122314,0.038973383605480194,0.010554885491728783
YOL062C,YBR257W,0,4.777976,0.2789115607738495,0.038973383605480194,0.010655407793819904
YOR304W,YPL096W,0,4.7720094,0.27702704071998596,0.038973383605480194,0.0107559310272336
YOR179C,YBR215W,1,4.7715645,0.281879186630249,0.039923954755067825,0.0107559310272336
YBL008W,YHR006W,1,4.7714696,0.2866666615009308,0.04087452590465546,0.0107559310272336
YPL122C,YLR005W,1,4.767014,0.29139071702957153,0.04182509332895279,0.0107559310272336
YGR144W,YFR001W,0,4.763631,0.28947368264198303,0.04182509332895279,0.010856453329324722
YLR401C,YKL168C,0,4.761037,0.2875817120075226,0.04182509332895279,0.010956976562738419
YLR277C,YPR005C,1,4.7583017,0.2922077775001526,0.04277566447854042,0.010956976562738419
YBR059C,YLL004W,0,4.754583,0.29032257199287415,0.04277566447854042,0.01105749886482954
YLL029W,YGR072W,0,4.754435,0.2884615361690521,0.04277566447854042,0.011158022098243237
YOR261C,YOL054W,0,4.753702,0.2866241931915283,0.04277566447854042,0.011258544400334358
YHR002W,YLR383W,0,4.7527847,0.2848101258277893,0.04277566447854042,0.01135906670242548
YDL024C,YOR327C,0,4.752212,0.2830188572406769,0.04277566447854042,0.011459589935839176
YLL029W,YLR440C,0,4.742254,0.28125,0.04277566447854042,0.011560112237930298
YCR052W,YDR109C,0,4.7418613,0.27950310707092285,0.04277566447854042,0.011660635471343994
YML032C,YDR416W,0,4.741081,0.2777777910232544,0.04277566447854042,0.011761157773435116
YHR143W-A,YLL029W,1,4.7409053,0.2822085916996002,0.04372623562812805,0.011761157773435116
YFR045W,YJR112W,0,4.7404623,0.2804878056049347,0.04372623562812805,0.011861681006848812
YMR269W,YJL213W,0,4.738974,0.27878788113594055,0.04372623562812805,0.011962203308939934
YOR106W,YNL314W,0,4.737396,0.27710843086242676,0.04372623562812805,0.01206272654235363
YKL022C,YMR246W,0,4.736096,0.27544909715652466,0.04372623562812805,0.012163248844444752
YLL029W,YBL028C,0,4.7338347,0.2738095223903656,0.04372623562812805,0.012263772077858448
YNL147W,YHR039C-A,0,4.729573,0.27218934893608093,0.04372623562812805,0.01236429437994957
YJL112W,YNL044W,0,4.7264714,0.2705882489681244,0.04372623562812805,0.012464816682040691
YOR230W,YBL079W,0,4.724953,0.26900583505630493,0.04372623562812805,0.012565339915454388
YML027W,YPR086W,1,4.724655,0.2732558250427246,0.04467680677771568,0.012565339915454388
YLR103C,YDL047W,0,4.723379,0.27167630195617676,0.04467680677771568,0.01266586221754551
YKL078W,YER162C,0,4.718449,0.270114928483963,0.04467680677771568,0.012766385450959206
YGR275W,YDL005C,1,4.717626,0.2742857038974762,0.045627377927303314,0.012766385450959206
YER148W,YJL089W,1,4.7152743,0.27840909361839294,0.04657794535160065,0.012766385450959206
YMR020W,YNL267W,0,4.714971,0.2768361568450928,0.04657794535160065,0.012866907753050327
YKL020C,YDR211W,0,4.713427,0.2752808928489685,0.04657794535160065,0.012967430986464024
YOR299W,YER171W,0,4.71297,0.27374300360679626,0.04657794535160065,0.013067953288555145
YGL112C,YPL047W,1,4.7064266,0.2777777910232544,0.04752851650118828,0.013067953288555145
YPR191W,YGR246C,0,4.7054424,0.27624309062957764,0.04752851650118828,0.013168476521968842
YGL130W,YIR023W,1,4.7048182,0.28021979331970215,0.04847908765077591,0.013168476521968842
YGL209W,YCR026C,0,4.6994185,0.2786885201931,0.04847908765077591,0.013268998824059963
YGL070C,YOR028C,1,4.695971,0.28260868787765503,0.04942965880036354,0.013268998824059963
YJR151C,YJL006C,0,4.6940217,0.28108108043670654,0.04942965880036354,0.013369521126151085
YMR087W,YLR130C,0,4.687876,0.2795698940753937,0.04942965880036354,0.013470044359564781
YPL167C,YNL016W,0,4.682606,0.27807486057281494,0.04942965880036354,0.013570566661655903
YPL064C,YIL135C,0,4.6822495,0.27659574151039124,0.04942965880036354,0.0136710898950696
YLR321C,YJL082W,0,4.6754622,0.27513226866722107,0.04942965880036354,0.01377161219716072
YJL192C,YDL070W,0,4.6754274,0.27368420362472534,0.04942965880036354,0.013872135430574417
YOL107W,YGL103W,0,4.6730685,0.27225130796432495,0.04942965880036354,0.013972657732665539
YGL130W,YPR008W,1,4.66893,0.2760416567325592,0.05038022994995117,0.013972657732665539
YDR411C,YNL121C,0,4.666605,0.2746114134788513,0.05038022994995117,0.014073180966079235
YCR014C,YER171W,0,4.665843,0.27319586277008057,0.05038022994995117,0.014173703268170357
YFR045W,YPL082C,0,4.662598,0.2717948853969574,0.05038022994995117,0.014274225570261478
YOR291W,YMR227C,0,4.659467,0.27040815353393555,0.05038022994995117,0.014374748803675175
YMR078C,YFL033C,0,4.659127,0.2690355181694031,0.05038022994995117,0.014475271105766296
YOR206W,YOR147W,0,4.657539,0.26767677068710327,0.05038022994995117,0.014575794339179993
YDR306C,YGR285C,0,4.6570096,0.26633167266845703,0.05038022994995117,0.014676316641271114
YLL027W,YHR085W,0,4.6567464,0.26499998569488525,0.05038022994995117,0.01477683987468481
YKR099W,YML015C,1,4.65167,0.26865673065185547,0.051330797374248505,0.01477683987468481
YKR008W,YKL015W,1,4.6515217,0.27227723598480225,0.052281368523836136,0.01477683987468481
YKL074C,YJL144W,0,4.6410785,0.27093595266342163,0.052281368523836136,0.014877362176775932
YLR228C,YPR149W,0,4.636497,0.2696078419685364,0.052281368523836136,0.014977885410189629
YGL180W,YER002W,0,4.6355357,0.26829269528388977,0.052281368523836136,0.01507840771228075
YHR012W,YGL209W,0,4.634726,0.2669903039932251,0.052281368523836136,0.015178930014371872
YDR151C,YBR061C,0,4.6345286,0.26570048928260803,0.052281368523836136,0.015279453247785568
YLR073C,YPL096W,0,4.6318116,0.26442307233810425,0.052281368523836136,0.01537997554987669
YLL012W,YDR392W,0,4.629672,0.2631579041481018,0.052281368523836136,0.015480498783290386
YJL141C,YJL176C,0,4.6266766,0.261904776096344,0.052281368523836136,0.015581021085381508
YHR012W,YLL008W,0,4.623285,0.2606635093688965,0.052281368523836136,0.015681544318795204
YJL053W,YLR344W,0,4.619838,0.25943395495414734,0.052281368523836136,0.0157820675522089
YMR077C,YLR073C,0,4.6185765,0.2582159638404846,0.052281368523836136,0.015882588922977448
YGL169W,YNL274C,0,4.6168785,0.257009357213974,0.052281368523836136,0.015983112156391144
YFL013C,YGR134W,0,4.616755,0.25581395626068115,0.052281368523836136,0.01608363538980484
YNL127W,YJL124C,0,4.616318,0.25462964177131653,0.052281368523836136,0.016184156760573387
YIL128W,YOL151W,0,4.6122503,0.2534562349319458,0.052281368523836136,0.016284679993987083
YLR401C,YLR151C,0,4.611797,0.25229358673095703,0.052281368523836136,0.01638520322740078
YNL110C,YFL013C,0,4.60873,0.2511415481567383,0.052281368523836136,0.016485726460814476
YLR073C,YGL051W,0,4.6063375,0.25,0.052281368523836136,0.016586247831583023
YNL095C,YIL135C,0,4.5981474,0.24886877834796906,0.052281368523836136,0.01668677106499672
YJR055W,YLL019C,0,4.5930896,0.2477477490901947,0.052281368523836136,0.016787294298410416
YMR172W,YBL103C,1,4.5923886,0.25112107396125793,0.05323193967342377,0.016787294298410416
YDR167W,YCR011C,0,4.5917172,0.25,0.05323193967342377,0.016887817531824112
YMR061W,YLL040C,0,4.590493,0.24888889491558075,0.05323193967342377,0.01698833890259266
YAL054C,YGL122C,0,4.585829,0.24778760969638824,0.05323193967342377,0.017088862136006355
YHR012W,YBR141C,0,4.5821767,0.24669604003429413,0.05323193967342377,0.01718938536942005
YER161C,YBL103C,1,4.5807447,0.25,0.0541825108230114,0.01718938536942005
YDR492W,YKL165C,0,4.573857,0.24890829622745514,0.0541825108230114,0.0172899067401886
YER074W,YDL170W,0,4.5711627,0.24782608449459076,0.0541825108230114,0.017390429973602295
YER161C,YBL093C,1,4.569383,0.25108224153518677,0.05513307824730873,0.017390429973602295
YDR460W,YOL135C,1,4.568467,0.25431033968925476,0.05608364939689636,0.017390429973602295
YMR179W,YBR072W,0,4.5664887,0.2532188892364502,0.05608364939689636,0.01749095320701599
YLL002W,YKL095W,0,4.565001,0.252136766910553,0.05608364939689636,0.017591476440429688
YHR205W,YMR091C,1,4.563477,0.25531914830207825,0.057034220546483994,0.017591476440429688
YLR080W,YMR179W,0,4.5571218,0.2542372941970825,0.057034220546483994,0.017691997811198235
YJR017C,YPR025C,1,4.55617,0.25738397240638733,0.057984791696071625,0.017691997811198235
YHR012W,YPL112C,0,4.551581,0.25630253553390503,0.057984791696071625,0.01779252104461193
YGR095C,YFL013C,0,4.550734,0.2552301287651062,0.057984791696071625,0.017893044278025627
YLL029W,YLL002W,0,4.5489326,0.2541666626930237,0.057984791696071625,0.017993565648794174
YDL202W,YGR077C,0,4.54822,0.2531120479106903,0.057984791696071625,0.01809408888220787
YNR057C,YLR026C,0,4.548184,0.25206610560417175,0.057984791696071625,0.018194612115621567
YER074W,YMR304W,0,4.5465245,0.25102880597114563,0.057984791696071625,0.018295135349035263
YOR159C,YDR411C,0,4.5460305,0.25,0.057984791696071625,0.01839565671980381
YPR030W,YBR129C,0,4.544904,0.2489795982837677,0.057984791696071625,0.018496179953217506
YPR035W,YPR006C,0,4.541539,0.24796748161315918,0.057984791696071625,0.018596703186631203
YGR239C,YLR309C,0,4.5401163,0.24696356058120728,0.057984791696071625,0.0186972264200449
YJR130C,YFL023W,0,4.53986,0.24596774578094482,0.057984791696071625,0.018797747790813446
YHR006W,YOR315W,1,4.53948,0.24899598956108093,0.058935362845659256,0.018797747790813446
YHR066W,YDL128W,0,4.5377855,0.24799999594688416,0.058935362845659256,0.018898271024227142
YGR163W,YKL185W,1,4.5373235,0.25099602341651917,0.05988593026995659,0.018898271024227142
YOR148C,YMR270C,0,4.5367446,0.25,0.05988593026995659,0.01899879425764084
YJL011C,YOR148C,0,4.53557,0.24901185929775238,0.05988593026995659,0.019099315628409386
YKR071C,YKR002W,0,4.5354886,0.24803149700164795,0.05988593026995659,0.019199838861823082
YGL180W,YBR172C,0,4.535364,0.24705882370471954,0.05988593026995659,0.019300362095236778
YJL178C,YHR085W,0,4.5351973,0.24609375,0.05988593026995659,0.019400885328650475
YHR167W,YPL190C,1,4.5332394,0.24902723729610443,0.06083650141954422,0.019400885328650475
YDR414C,YNL160W,0,4.53298,0.24806201457977295,0.06083650141954422,0.01950140669941902
YMR227C,YKL189W,0,4.525758,0.2471042424440384,0.06083650141954422,0.019601929932832718
YER150W,YNR067C,0,4.524427,0.2461538463830948,0.06083650141954422,0.019702453166246414
YNL044W,YNR057C,0,4.5229774,0.24521072208881378,0.06083650141954422,0.01980297639966011
YOL026C,YPR198W,0,4.522678,0.2442748099565506,0.06083650141954422,0.019903497770428658
YPL064C,YNR002C,0,4.518077,0.24334600567817688,0.06083650141954422,0.020004021003842354
YPR009W,YOR172W,1,4.515264,0.24621212482452393,0.06178707256913185,0.020004021003842354
YLR228C,YER150W,0,4.514587,0.24528302252292633,0.06178707256913185,0.02010454423725605
YDR392W,YKL172W,0,4.5122447,0.24436090886592865,0.06178707256913185,0.020205065608024597
YLR080W,YDL111C,0,4.511449,0.24344569444656372,0.06178707256913185,0.020305588841438293
YPL047W,YKL018W,1,4.5098515,0.24626865983009338,0.06273764371871948,0.020305588841438293
YBR089C-A,YNL068C,1,4.508287,0.24907062947750092,0.06368821114301682,0.020305588841438293
YGR113W,YKL094W,0,4.506109,0.2481481432914734,0.06368821114301682,0.02040611207485199
YPL150W,YJL030W,0,4.5054345,0.24723246693611145,0.06368821114301682,0.020506635308265686
YCR057C,YDR392W,0,4.5054154,0.24632352590560913,0.06368821114301682,0.020607156679034233
YJR010W,YLR251W,0,4.505225,0.24542124569416046,0.06368821114301682,0.02070767991244793
YGR246C,YIL079C,0,4.504148,0.24452555179595947,0.06368821114301682,0.020808203145861626
YOR382W,YGL174W,0,4.5041175,0.2436363697052002,0.06368821114301682,0.020908724516630173
YDR226W,YOR285W,0,4.5026717,0.24275362491607666,0.06368821114301682,0.02100924775004387
YDR460W,YOR162C,1,4.502333,0.24548736214637756,0.06463878601789474,0.02100924775004387
YGR052W,YER055C,0,4.5003295,0.24460431933403015,0.06463878601789474,0.021109770983457565
YLR353W,YLR350W,0,4.498953,0.24372759461402893,0.06463878601789474,0.02121029421687126
YML032C,YLR350W,0,4.4952765,0.24285714328289032,0.06463878601789474,0.02131081558763981
YKL041W,YDR416W,0,4.4912944,0.24199287593364716,0.06463878601789474,0.021411338821053505
YOR291W,YOR338W,0,4.488844,0.24113474786281586,0.06463878601789474,0.0215118620544672
YOL072W,YCR042C,1,4.488736,0.24381625652313232,0.06558935344219208,0.0215118620544672
YDR262W,YBR074W,0,4.4886765,0.24295774102210999,0.06558935344219208,0.021612385287880898
YLL061W,YLR251W,0,4.4838157,0.24210526049137115,0.06558935344219208,0.021712906658649445
YLL029W,YLR389C,0,4.483192,0.24125874042510986,0.06558935344219208,0.02181342989206314
YMR179W,YER130C,0,4.482713,0.24041812121868134,0.06558935344219208,0.021913953125476837
YGL050W,YJR112W,0,4.482511,0.2395833283662796,0.06558935344219208,0.022014474496245384
YJR055W,YJL004C,0,4.4803014,0.23875433206558228,0.06558935344219208,0.02211499772965908
YOR292C,YOL040C,0,4.480171,0.237931028008461,0.06558935344219208,0.022215520963072777
YDR306C,YML049C,0,4.4799476,0.23711340129375458,0.06558935344219208,0.022316044196486473
YKR026C,YDR260C,0,4.478707,0.23630136251449585,0.06558935344219208,0.02241656556725502
YML112W,YPR149W,0,4.475925,0.23549488186836243,0.06558935344219208,0.022517088800668716
YKL028W,YBR095C,1,4.47055,0.2380952388048172,0.06653992086648941,0.022517088800668716
YMR077C,YBR281C,0,4.4694834,0.23728813230991364,0.06653992086648941,0.022617612034082413
YMR005W,YPR030W,1,4.467093,0.23986487090587616,0.06749049574136734,0.022617612034082413
YAL021C,YCL067C,1,4.4651318,0.24242424964904785,0.06844106316566467,0.022617612034082413
YPR199C,YNL199C,1,4.464273,0.24496644735336304,0.0693916380405426,0.022617612034082413
YKL078W,YGR258C,0,4.4626975,0.2441471517086029,0.0693916380405426,0.02271813340485096
YDR404C,YPL047W,1,4.4625316,0.24666666984558105,0.07034220546483994,0.02271813340485096
YKR038C,YOL006C,1,4.4603667,0.24916943907737732,0.07129277288913727,0.02271813340485096
YDR263C,YHR039C-A,0,4.4577403,0.24834437668323517,0.07129277288913727,0.022818656638264656
YCL032W,YIR032C,0,4.4575524,0.24752475321292877,0.07129277288913727,0.022919179871678352
YBR282W,YJL079C,0,4.45616,0.24671052396297455,0.07129277288913727,0.02301970310509205
YCR014C,YJL176C,0,4.455992,0.24590164422988892,0.07129277288913727,0.023120224475860596
YNL127W,YMR115W,0,4.455394,0.2450980395078659,0.07129277288913727,0.023220747709274292
YCR052W,YBR253W,1,4.4541545,0.24755699932575226,0.0722433477640152,0.023220747709274292
YLR285W,YOR089C,0,4.4540067,0.2467532455921173,0.0722433477640152,0.02332127094268799
YPR023C,YGL073W,1,4.453357,0.24919094145298004,0.07319391518831253,0.02332127094268799
YGR251W,YMR228W,0,4.451278,0.24838709831237793,0.07319391518831253,0.023421794176101685
YIL021W,YPL202C,1,4.451251,0.2508038580417633,0.07414449006319046,0.023421794176101685
YLR321C,YKL005C,1,4.451102,0.2532051205635071,0.07509505748748779,0.023421794176101685
YDR414C,YBR072W,0,4.4504,0.2523961663246155,0.07509505748748779,0.02352231554687023
YHR057C,YMR229C,0,4.4496317,0.25159236788749695,0.07509505748748779,0.023622838780283928
YGR032W,YOR340C,0,4.449146,0.2507936656475067,0.07509505748748779,0.023723362013697624
YOR292C,YDR508C,0,4.4481034,0.25,0.07509505748748779,0.02382388338446617
YDR530C,YDR172W,0,4.4468713,0.2492113560438156,0.07509505748748779,0.023924406617879868
YLR224W,YJL176C,0,4.4465013,0.24842767417430878,0.07509505748748779,0.024024929851293564
YDR453C,YDL061C,0,4.44606,0.2476489096879959,0.07509505748748779,0.02412545308470726
YNL102W,YPL096W,0,4.4458737,0.24687500298023224,0.07509505748748779,0.024225974455475807
YKL041W,YLR389C,0,4.4448175,0.24610592424869537,0.07509505748748779,0.024326497688889503
YMR112C,YER169W,1,4.444019,0.2484472095966339,0.07604562491178513,0.024326497688889503
YDL206W,YHR085W,0,4.4429846,0.2476780116558075,0.07604562491178513,0.0244270209223032
YMR034C,YLR348C,0,4.441392,0.2469135820865631,0.07604562491178513,0.024527544155716896
YLL008W,YLL033W,0,4.441303,0.2461538463830948,0.07604562491178513,0.024628065526485443
YNL199C,YDL115C,1,4.439338,0.24846625328063965,0.07699619978666306,0.024628065526485443
YPL150W,YPL129W,0,4.4392285,0.24770642817020416,0.07699619978666306,0.02472858875989914
YNL288W,YOL028C,1,4.4390855,0.25,0.07794676721096039,0.02472858875989914
YNL274C,YIL133C,0,4.4371676,0.24924011528491974,0.07794676721096039,0.024829111993312836
YDR082W,YGR134W,0,4.435998,0.24848484992980957,0.07794676721096039,0.024929633364081383
YDR448W,YCL067C,1,4.4343987,0.25075528025627136,0.07889734208583832,0.024929633364081383
YER040W,YPR023C,1,4.433755,0.2530120611190796,0.07984790951013565,0.024929633364081383
YOL108C,YDR173C,1,4.4337125,0.25525525212287903,0.08079847693443298,0.024929633364081383
YEL012W,YPR080W,0,4.429033,0.25449103116989136,0.08079847693443298,0.02503015659749508
YKR044W,YBR173C,0,4.4279685,0.2537313401699066,0.08079847693443298,0.025130679830908775
YNR006W,YLR321C,0,4.425638,0.2529761791229248,0.08079847693443298,0.02523120306432247
YBR172C,YGR276C,0,4.4253097,0.25222551822662354,0.08079847693443298,0.02533172443509102
YPL050C,YFR036W,0,4.4251943,0.25147929787635803,0.08079847693443298,0.025432247668504715
YOL135C,YGL246C,1,4.4241548,0.25368732213974,0.08174905180931091,0.025432247668504715
YGL122C,YGR072W,0,4.4239974,0.25294119119644165,0.08174905180931091,0.02553277090191841
YNL107W,YNL050C,0,4.4229436,0.2521994113922119,0.08174905180931091,0.02563329227268696
YLR401C,YER162C,0,4.4177456,0.2514619827270508,0.08174905180931091,0.025733815506100655
YGL060W,YMR034C,0,4.4171734,0.25072887539863586,0.08174905180931091,0.02583433873951435
YGR032W,YNL267W,0,4.4137697,0.25,0.08174905180931091,0.025934861972928047
YDR306C,YFL023W,0,4.412062,0.2492753565311432,0.08174905180931091,0.026035383343696594
YDR090C,YGR229C,0,4.4105253,0.24855491518974304,0.08174905180931091,0.02613590657711029
YKR102W,YDR262W,0,4.410168,0.24783861637115479,0.08174905180931091,0.026236429810523987
YPR008W,YNL107W,1,4.4094024,0.25,0.08269961923360825,0.026236429810523987
YCL014W,YBR257W,0,4.4075627,0.24928367137908936,0.08269961923360825,0.026336953043937683
YDR043C,YBR049C,1,4.406874,0.2514285743236542,0.08365018665790558,0.026336953043937683
YER050C,YLL003W,0,4.405401,0.25071224570274353,0.08365018665790558,0.02643747441470623
YLR314C,YKL020C,0,4.4053016,0.25,0.08365018665790558,0.026537997648119926
YGL071W,YDL108W,1,4.4047675,0.2521246373653412,0.08460076153278351,0.026537997648119926
YBL028C,YNR057C,0,4.4042096,0.25141242146492004,0.08460076153278351,0.026638520881533623
YMR172W,YDL005C,1,4.399924,0.2535211145877838,0.08555132895708084,0.026638520881533623
YOR292C,YPL122C,0,4.399856,0.25280898809432983,0.08555132895708084,0.02673904225230217
YIL020C,YNL208W,0,4.397942,0.2521008551120758,0.08555132895708084,0.026839565485715866
YGR144W,YOR232W,0,4.39792,0.25139665603637695,0.08555132895708084,0.026940088719129562
YOR291W,YNL079C,0,4.3969707,0.2506963908672333,0.08555132895708084,0.02704061195254326
YDL028C,YPL223C,0,4.39146,0.25,0.08555132895708084,0.027141133323311806
YLR321C,YKL094W,0,4.3863235,0.24930748343467712,0.08555132895708084,0.027241656556725502
YLL034C,YJL213W,0,4.3853803,0.24861878156661987,0.08555132895708084,0.0273421797901392
YGR186W,YBL093C,1,4.3848395,0.25068870186805725,0.08650190383195877,0.0273421797901392
YMR270C,YLR224W,0,4.3847604,0.25,0.08650190383195877,0.027442701160907745
YHR006W,YOL012C,1,4.383619,0.25205478072166443,0.0874524712562561,0.027442701160907745
YPL011C,YIL036W,1,4.3831954,0.2540983557701111,0.08840303868055344,0.027442701160907745
YMR005W,YLL040C,0,4.383193,0.25340598821640015,0.08840303868055344,0.02754322439432144
YOL142W,YER150W,0,4.3817677,0.25271740555763245,0.08840303868055344,0.027643747627735138
YML007W,YPR086W,1,4.3807106,0.2547425329685211,0.08935361355543137,0.027643747627735138
YIL128W,YNL008C,0,4.380372,0.2540540397167206,0.08935361355543137,0.027744270861148834
YDL170W,YNR015W,0,4.3799715,0.2533692717552185,0.08935361355543137,0.02784479223191738
YCR093W,YCR014C,0,4.3792415,0.2526881694793701,0.08935361355543137,0.027945315465331078
YML112W,YJL085W,0,4.3792176,0.2520107328891754,0.08935361355543137,0.028045838698744774
YBR260C,YPL252C,0,4.3789425,0.2513369023799896,0.08935361355543137,0.02814636193215847
YDR499W,YML099C,0,4.3751483,0.25066667795181274,0.08935361355543137,0.028246883302927017
YLL003W,YGR020C,0,4.3734503,0.25,0.08935361355543137,0.028347406536340714
YGL158W,YGL186C,0,4.3729935,0.2493368685245514,0.08935361355543137,0.02844792976975441
YBR182C,YDL059C,0,4.371863,0.24867725372314453,0.08935361355543137,0.028548451140522957
YER150W,YML099C,0,4.3692484,0.24802111089229584,0.08935361355543137,0.028648974373936653
YLL019C,YNL016W,0,4.368615,0.24736842513084412,0.08935361355543137,0.02874949760735035
YDR405W,YBR170C,0,4.36811,0.24671916663646698,0.08935361355543137,0.028850020840764046
YMR169C,YBR061C,0,4.3667607,0.24607330560684204,0.08935361355543137,0.028950542211532593
YKL217W,YGL216W,0,4.3663487,0.2454308122396469,0.08935361355543137,0.02905106544494629
YLR203C,YOR098C,0,4.365928,0.2447916716337204,0.08935361355543137,0.029151588678359985
YOR148C,YNL092W,0,4.363204,0.24415583908557892,0.08935361355543137,0.029252110049128532
YDL055C,YOR230W,0,4.3621182,0.24352331459522247,0.08935361355543137,0.02935263328254223
YAL054C,YGL060W,0,4.359838,0.24289405345916748,0.08935361355543137,0.029453156515955925
YER008C,YGR072W,0,4.356979,0.24226804077625275,0.08935361355543137,0.02955367974936962
YNL262W,YOR008C,0,4.3566775,0.24164524674415588,0.08935361355543137,0.02965420112013817
YPR190C,YLL017W,0,4.355907,0.2410256415605545,0.08935361355543137,0.029754724353551865
YPL196W,YPL011C,0,4.3552537,0.24040921032428741,0.08935361355543137,0.02985524758696556
YGL112C,YPL177C,1,4.355147,0.24234694242477417,0.0903041809797287,0.02985524758696556
YIL079C,YOL104C,0,4.3544955,0.24173027276992798,0.0903041809797287,0.029955770820379257
YOR291W,YLR009W,0,4.354278,0.2411167472600937,0.0903041809797287,0.030056292191147804
YMR136W,YKR044W,0,4.3535395,0.2405063360929489,0.0903041809797287,0.0301568154245615
YDR410C,YMR240C,0,4.352694,0.23989899456501007,0.0903041809797287,0.030257338657975197
YPR026W,YOL052C,0,4.3518267,0.23929470777511597,0.0903041809797287,0.030357860028743744
YBR195C,YBR059C,0,4.349382,0.2386934608221054,0.0903041809797287,0.03045838326215744
YLR256W,YGL127C,1,4.3492312,0.24060150980949402,0.09125475585460663,0.03045838326215744
YBR276C,YKL022C,0,4.347655,0.23999999463558197,0.09125475585460663,0.030558906495571136
YKR038C,YER159C,1,4.3464866,0.24189525842666626,0.09220532327890396,0.030558906495571136
YBR095C,YHR119W,0,4.346019,0.2412935346364975,0.09220532327890396,0.030659429728984833
YDL140C,YBR257W,0,4.345425,0.2406947910785675,0.09220532327890396,0.03075995109975338
YMR061W,YGL256W,0,4.3452106,0.2400990128517151,0.09220532327890396,0.030860474333167076
YHR029C,YMR246W,0,4.34475,0.23950617015361786,0.09220532327890396,0.030960997566580772
YER040W,YGR005C,1,4.3441052,0.24137930572032928,0.0931558907032013,0.030960997566580772
YIL056W,YHR178W,1,4.3427386,0.2432432472705841,0.09410646557807922,0.030960997566580772
YPL094C,YOR089C,0,4.3426995,0.24264705181121826,0.09410646557807922,0.03106152079999447
YJR149W,YPR060C,0,4.342012,0.2420537918806076,0.09410646557807922,0.031162042170763016
YAL063C,YJL006C,0,4.3408794,0.24146340787410736,0.09410646557807922,0.03126256540417671
YHR030C,YOR123C,0,4.3408117,0.24087591469287872,0.09410646557807922,0.03136308863759041
YBR183W,YML097C,0,4.3389506,0.2402912676334381,0.09410646557807922,0.031463611871004105
YNL216W,YMR021C,1,4.338361,0.24213075637817383,0.09505703300237656,0.031463611871004105
YER148W,YBR279W,1,4.3376966,0.24396134912967682,0.09600760787725449,0.031463611871004105
YLL003W,YDR389W,0,4.337279,0.24337349832057953,0.09600760787725449,0.0315641351044178
YNL261W,YCR014C,0,4.3358746,0.24278846383094788,0.09600760787725449,0.0316646546125412
YKL038W,YJR112W,0,4.3350997,0.24220623075962067,0.09600760787725449,0.031765177845954895
YGR258C,YER164W,1,4.328853,0.24401913583278656,0.09695817530155182,0.031765177845954895
YDR196C,YPL129W,0,4.3274207,0.2434367537498474,0.09695817530155182,0.03186570107936859
YBL006C,YJL140W,1,4.324508,0.24523809552192688,0.09790874272584915,0.03186570107936859
YNL027W,YKL144C,0,4.3213277,0.244655579328537,0.09790874272584915,0.03196622431278229
YPL094C,YOR327C,0,4.3211746,0.24407583475112915,0.09790874272584915,0.032066747546195984
YJL081C,YBL093C,1,4.3194413,0.24586288630962372,0.09885931760072708,0.032066747546195984
YCR065W,YKL110C,1,4.3190246,0.24764150381088257,0.09980988502502441,0.032066747546195984
YHR085W,YLR350W,0,4.3171296,0.24705882370471954,0.09980988502502441,0.03216727077960968
YOR168W,YAL031C,0,4.3165975,0.246478870511055,0.09980988502502441,0.032267794013023376
YGR216C,YPL011C,0,4.316043,0.24590164422988892,0.09980988502502441,0.032368313521146774
YMR168C,YER002W,0,4.3157773,0.24532710015773773,0.09980988502502441,0.03246883675456047
YOR147W,YOR123C,0,4.3151402,0.24475523829460144,0.09980988502502441,0.03256935998797417
YML051W,YPL196W,0,4.3140283,0.24418604373931885,0.09980988502502441,0.03266988322138786
YOR038C,YNR010W,1,4.313864,0.24593967199325562,0.10076045989990234,0.03266988322138786
YKR071C,YIL159W,0,4.312227,0.24537037312984467,0.10076045989990234,0.03277040645480156
YJL081C,YMR200W,0,4.3105464,0.24480369687080383,0.10076045989990234,0.032870929688215256
YCL057W,YNL052W,0,4.307632,0.24423962831497192,0.10076045989990234,0.03297145292162895
YDL029W,YGR229C,0,4.3068438,0.24367816746234894,0.10076045989990234,0.03307197242975235
YKL082C,YPR127W,0,4.306481,0.2431192696094513,0.10076045989990234,0.033172495663166046
YOR168W,YOR279C,0,4.3063397,0.242562934756279,0.10076045989990234,0.03327301889657974
YNL216W,YMR039C,1,4.3061147,0.2442922443151474,0.10171102732419968,0.03327301889657974
YBR287W,YDR211W,0,4.3042216,0.24373576045036316,0.10171102732419968,0.03337354212999344
YDR144C,YGR032W,0,4.302842,0.24318182468414307,0.10171102732419968,0.033474065363407135
YDR527W,YBR281C,0,4.3025246,0.24263039231300354,0.10171102732419968,0.03357458859682083
YOL129W,YMR005W,0,4.302261,0.2420814484357834,0.10171102732419968,0.03367511183023453
YKR008W,YDR415C,0,4.3020234,0.2415349930524826,0.10171102732419968,0.033775635063648224
YLR277C,YGR275W,1,4.300713,0.2432432472705841,0.10266159474849701,0.033775635063648224
YKL093W,YGR095C,0,4.3000135,0.2426966279745102,0.10266159474849701,0.03387615457177162
YGR020C,YOR089C,0,4.299728,0.24215246737003326,0.10266159474849701,0.03397667780518532
YBR253W,YHR205W,1,4.299319,0.24384787678718567,0.10361216962337494,0.03397667780518532
YLR429W,YKL022C,0,4.2989163,0.2433035671710968,0.10361216962337494,0.034077201038599014
YLR113W,YLR223C,1,4.298022,0.24498885869979858,0.10456273704767227,0.034077201038599014
YGR255C,YMR246W,0,4.2958198,0.24444444477558136,0.10456273704767227,0.03417772427201271
YJR028W,YDR429C,0,4.295325,0.24390244483947754,0.10456273704767227,0.03427824750542641
YMR077C,YBL076C,0,4.2944655,0.24336282908916473,0.10456273704767227,0.0343787707388401
YNL223W,YDR364C,0,4.2941136,0.24282561242580414,0.10456273704767227,0.0344792939722538
YER022W,YMR061W,0,4.290873,0.24229075014591217,0.10456273704767227,0.0345798134803772
YLR183C,YDR262W,0,4.2907453,0.24175824224948883,0.10456273704767227,0.034680336713790894
YOR159C,YLR224W,0,4.290351,0.24122807383537292,0.10456273704767227,0.03478085994720459
YBR287W,YER137C,0,4.2903185,0.24070021510124207,0.10456273704767227,0.034881383180618286
YMR123W,YNR057C,0,4.288403,0.24017466604709625,0.10456273704767227,0.03498190641403198
YBL006C,YER161C,1,4.288022,0.24183006584644318,0.1055133044719696,0.03498190641403198
YJL029C,YKL175W,0,4.2869043,0.24130435287952423,0.1055133044719696,0.03508242964744568
YLR208W,YPR149W,0,4.2854567,0.24078090488910675,0.1055133044719696,0.035182952880859375
YKL020C,YBR215W,1,4.284503,0.24242424964904785,0.10646387934684753,0.035182952880859375
YGR081C,YGR258C,0,4.283423,0.24190065264701843,0.10646387934684753,0.03528347238898277
YER171W,YNR002C,0,4.2828417,0.24137930572032928,0.10646387934684753,0.03538399562239647
YAL040C,YBR141C,0,4.2826147,0.2408602088689804,0.10646387934684753,0.035484518855810165
YKL185W,YPR034W,1,4.282508,0.2424892634153366,0.10741444677114487,0.035484518855810165
YFR013W,YPL002C,0,4.28243,0.2419700175523758,0.10741444677114487,0.03558504208922386
YNR021W,YNL092W,0,4.2808585,0.24145299196243286,0.10741444677114487,0.03568556532263756
YPR189W,YPL196W,0,4.2805414,0.24093817174434662,0.10741444677114487,0.035786088556051254
YDR371W,YJL191W,0,4.279511,0.24042552709579468,0.10741444677114487,0.03588661178946495
YGL127C,YGL246C,1,4.2790475,0.24203822016716003,0.1083650216460228,0.03588661178946495
YGL203C,YGR239C,0,4.2788625,0.24152542650699615,0.1083650216460228,0.03598713129758835
YML049C,YOR215C,0,4.2760696,0.24101479351520538,0.1083650216460228,0.036087654531002045
YJL029C,YNR015W,0,4.275883,0.2405063360929489,0.1083650216460228,0.03618817776441574
YPL047W,YMR312W,1,4.275119,0.24210526049137115,0.10931558907032013,0.03618817776441574
YKR068C,YKR026C,0,4.2743125,0.24159663915634155,0.10931558907032013,0.03628870099782944
YPR043W,YJL213W,0,4.273036,0.24109014868736267,0.10931558907032013,0.036389224231243134
YLR417W,YBL005W,1,4.272994,0.24267782270908356,0.11026615649461746,0.036389224231243134
YDR260C,YIL047C,0,4.2696805,0.24217118322849274,0.11026615649461746,0.03648974746465683
YBR154C,YAL068C,1,4.269623,0.24375000596046448,0.11121673136949539,0.03648974746465683
YGL236C,YJL206C,0,4.269304,0.2432432472705841,0.11121673136949539,0.036590270698070526
YKL009W,YHL027W,0,4.269241,0.24273858964443207,0.11121673136949539,0.03669079393148422
YKR008W,YNL239W,0,4.2681556,0.24223601818084717,0.11121673136949539,0.03679131343960762
YOR084W,YLR401C,0,4.266002,0.2417355328798294,0.11121673136949539,0.036891836673021317
YHR006W,YML062C,1,4.263656,0.2432989627122879,0.11216729879379272,0.036891836673021317
YGL112C,YKL110C,1,4.2619886,0.24485597014427185,0.11311787366867065,0.036891836673021317
YDR172W,YPR083W,0,4.261559,0.24435319006443024,0.11311787366867065,0.03699235990643501
YPR035W,YBR129C,0,4.260732,0.24385246634483337,0.11311787366867065,0.03709288313984871
YDR263C,YPR091C,0,4.2585244,0.24335378408432007,0.11311787366867065,0.037193406373262405
YDR172W,YLR224W,0,4.258343,0.24285714328289032,0.11311787366867065,0.0372939296066761
YHR214C-B,YPR149W,0,4.2578173,0.24236252903938293,0.11311787366867065,0.0373944528400898
YOL012C,YPL177C,1,4.2574496,0.24390244483947754,0.11406844109296799,0.0373944528400898
YGR145W,YDL022W,0,4.2574153,0.2434077113866806,0.11406844109296799,0.037494972348213196
YJL110C,YJL140W,1,4.2566714,0.24493926763534546,0.11501900851726532,0.037494972348213196
YJR107W,YMR194W,0,4.2506585,0.24444444477558136,0.11501900851726532,0.03759549558162689
YCL024W,YDL022W,0,4.2487364,0.24395161867141724,0.11501900851726532,0.03769601881504059
YIL020C,YOL062C,0,4.2456045,0.2434607595205307,0.11501900851726532,0.037796542048454285
YJR055W,YBR294W,0,4.2455487,0.24297188222408295,0.11501900851726532,0.03789706528186798
YLR183C,YDL170W,0,4.245534,0.24248497188091278,0.11501900851726532,0.03799758851528168
YPL046C,YGL246C,1,4.2431984,0.24400000274181366,0.11596958339214325,0.03799758851528168
YOR377W,YOR020C,0,4.241421,0.24351297318935394,0.11596958339214325,0.038098111748695374
YKR008W,YNR002C,0,4.2398953,0.24302789568901062,0.11596958339214325,0.03819863125681877
YDR262W,YDR444W,0,4.2393203,0.2425447255373001,0.11596958339214325,0.03829915449023247
YPR199C,YAL021C,1,4.2390413,0.244047611951828,0.11692015081644058,0.03829915449023247
YCR030C,YKL041W,0,4.2383647,0.24356435239315033,0.11692015081644058,0.038399677723646164
YJL184W,YML091C,1,4.2374454,0.2450592815876007,0.11787072569131851,0.038399677723646164
YBR238C,YBR072W,0,4.236769,0.24457593262195587,0.11787072569131851,0.03850020095705986
YPR002W,YLR325C,0,4.236333,0.24409449100494385,0.11787072569131851,0.038600724190473557
YPR072W,YDR262W,0,4.2361093,0.24361492693424225,0.11787072569131851,0.03870124742388725
YIR018W,YGR275W,1,4.2354765,0.2450980395078659,0.11882129311561584,0.03870124742388725
YOL054W,YHR057C,0,4.2342305,0.24461840093135834,0.11882129311561584,0.03880177065730095
YPL235W,YKL020C,1,4.233702,0.24609375,0.11977186053991318,0.03880177065730095
YAL054C,YDR499W,0,4.2336483,0.24561403691768646,0.11977186053991318,0.03890229016542435
YJL011C,YMR054W,0,4.2314453,0.24513618648052216,0.11977186053991318,0.03900281339883804
YOR388C,YHR057C,0,4.2304926,0.24466019868850708,0.11977186053991318,0.03910333663225174
YLL029W,YIL061C,0,4.229219,0.24418604373931885,0.11977186053991318,0.039203859865665436
YJL079C,YLL012W,0,4.229078,0.24371373653411865,0.11977186053991318,0.03930438309907913
YPL129W,YCR026C,0,4.228759,0.2432432472705841,0.11977186053991318,0.03940490633249283
YGL209W,YKR056W,0,4.227842,0.24277456104755402,0.11977186053991318,0.039505429565906525
YDR083W,YML128C,0,4.2273273,0.24230769276618958,0.11977186053991318,0.03960595279932022
YCR052W,YCL067C,1,4.226854,0.24376200139522552,0.12072243541479111,0.03960595279932022
YDL142C,YPR190C,0,4.225084,0.24329501390457153,0.12072243541479111,0.03970647230744362
YMR321C,YDR262W,0,4.224838,0.242829829454422,0.12072243541479111,0.039806995540857315
YGR258C,YGR116W,1,4.2231035,0.2442748099565506,0.12167300283908844,0.039806995540857315
YDR383C,YKR102W,0,4.2220664,0.2438095211982727,0.12167300283908844,0.03990751877427101
YJL029C,YBR072W,0,4.2216287,0.24334600567817688,0.12167300283908844,0.04000804200768471
YNL172W,YBR173C,0,4.221271,0.24288424849510193,0.12167300283908844,0.040108565241098404
YNL271C,YPL208W,0,4.221127,0.24242424964904785,0.12167300283908844,0.0402090884745121
YNR067C,YAL039C,0,4.2204943,0.24196597933769226,0.12167300283908844,0.040309611707925797
YNL160W,YGR179C,0,4.2199864,0.24150943756103516,0.12167300283908844,0.040410131216049194
YHR164C,YBL034C,0,4.218969,0.24105460941791534,0.12167300283908844,0.04051065444946289
YOR287C,YGL163C,0,4.217216,0.24060150980949402,0.12167300283908844,0.04061117768287659
YKL201C,YNL138W,0,4.215485,0.2401500940322876,0.12167300283908844,0.04071170091629028
YGR264C,YML071C,0,4.2151504,0.23970037698745728,0.12167300283908844,0.04081222414970398
YKL009W,YNL335W,0,4.214526,0.23925234377384186,0.12167300283908844,0.040912747383117676
YER022W,YGR258C,1,4.213063,0.24067163467407227,0.12262357771396637,0.040912747383117676
YKL032C,YPR025C,1,4.2119203,0.24208566546440125,0.1235741451382637,0.040912747383117676
YGL244W,YMR037C,1,4.211105,0.2434944212436676,0.12452471256256104,0.040912747383117676
YOL093W,YHR082C,0,4.210716,0.24304267764091492,0.12452471256256104,0.04101327061653137
YPL196W,YGL071W,0,4.210324,0.24259258806705475,0.12452471256256104,0.04111379012465477
YPR162C,YER002W,0,4.209503,0.24214418232440948,0.12452471256256104,0.041214313358068466
YBL041W,YDL148C,0,4.209133,0.24169741570949554,0.12452471256256104,0.04131483659148216
YDR034C,YBR230C,0,4.208635,0.24125230312347412,0.12452471256256104,0.04141535982489586
YLR107W,YEL043W,0,4.2084823,0.24080882966518402,0.12452471256256104,0.041515883058309555
YMR172W,YNL052W,0,4.20712,0.24036696553230286,0.12452471256256104,0.04161640629172325
YLR165C,YLR291C,0,4.2062006,0.23992674052715302,0.12452471256256104,0.04171692952513695
YOR215C,YMR115W,0,4.2055397,0.23948810994625092,0.12452471256256104,0.041817449033260345
YJL079C,YLR073C,0,4.205459,0.23905108869075775,0.12452471256256104,0.04191797226667404
YOR204W,YFL013C,0,4.2054505,0.23861566185951233,0.12452471256256104,0.04201849550008774
YLR208W,YPL119C,0,4.204241,0.23818181455135345,0.12452471256256104,0.042119018733501434
YDR082W,YBR238C,0,4.2041755,0.23774954676628113,0.12452471256256104,0.04221954196691513
YNR017W,YMR173W,0,4.204034,0.23731884360313416,0.12452471256256104,0.04232006520032883
YMR043W,YOR194C,1,4.203426,0.23869800567626953,0.12547528743743896,0.04232006520032883
YNL076W,YAL043C,1,4.202874,0.24007220566272736,0.1264258623123169,0.04232006520032883
YOR304W,YIL035C,0,4.2028365,0.23963963985443115,0.1264258623123169,0.04242058843374252
YOR226C,YDL148C,0,4.2028346,0.2392086386680603,0.1264258623123169,0.04252110794186592
YDR460W,YGR143W,0,4.2013507,0.23877917230129242,0.1264258623123169,0.04262163117527962
YIL135C,YPL082C,0,4.200815,0.2383512556552887,0.1264258623123169,0.042722154408693314
YPR162C,YMR200W,0,4.200531,0.23792485892772675,0.1264258623123169,0.04282267764210701
YOL082W,YHL012W,0,4.200112,0.23749999701976776,0.1264258623123169,0.042923200875520706
YKL190W,YLR404W,0,4.1999526,0.23707665503025055,0.1264258623123169,0.0430237241089344
YLR430W,YGR258C,1,4.1983266,0.23843416571617126,0.12737642228603363,0.0430237241089344
YGR276C,YIL048W,0,4.1982574,0.23801065981388092,0.12737642228603363,0.0431242473423481
YLR256W,YHR205W,1,4.1979856,0.2393617033958435,0.12832699716091156,0.0431242473423481
YLL041C,YLR359W,0,4.1976957,0.23893804848194122,0.12832699716091156,0.043224770575761795
YJL155C,YLR268W,0,4.196585,0.23851589858531952,0.12832699716091156,0.04332529008388519
YPL139C,YOR148C,0,4.1958923,0.2380952388048172,0.12832699716091156,0.04342581331729889
YLR157C,YPR080W,0,4.1957912,0.23767605423927307,0.12832699716091156,0.043526336550712585
YGR200C,YGL209W,1,4.194259,0.23901581764221191,0.1292775720357895,0.043526336550712585
YIL128W,YNL239W,0,4.19221,0.23859648406505585,0.1292775720357895,0.04362685978412628
YPL002C,YFL023W,0,4.1919723,0.23817864060401917,0.1292775720357895,0.04372738301753998
YDR405W,YEL037C,0,4.191748,0.2377622425556183,0.1292775720357895,0.043827906250953674
YLR401C,YGR143W,0,4.189881,0.2373472899198532,0.1292775720357895,0.04392842948436737
YLR440C,YBR222C,0,4.189867,0.23693379759788513,0.1292775720357895,0.04402894899249077
YHL027W,YCR042C,1,4.1892686,0.23826086521148682,0.13022813200950623,0.04402894899249077
YGL244W,YKR099W,1,4.1889505,0.2395833283662796,0.13117870688438416,0.04402894899249077
YIL088C,YIL020C,0,4.1885777,0.23916810750961304,0.13117870688438416,0.044129472225904465
YBR002C,YHR079C,0,4.1885605,0.23875433206558228,0.13117870688438416,0.04422999545931816
YDR164C,YML080W,0,4.1881766,0.23834197223186493,0.13117870688438416,0.04433051869273186
YCL036W,YNL239W,0,4.1881204,0.237931028008461,0.13117870688438416,0.044431041926145554
YER138C,YBR230C,0,4.187121,0.23752151429653168,0.13117870688438416,0.04453156515955925
YIR038C,YGR239C,0,4.1859264,0.23711340129375458,0.13117870688438416,0.044632088392972946
YGL112C,YIL021W,1,4.184921,0.2384219616651535,0.13212928175926208,0.044632088392972946
YLL008W,YKL038W,0,4.1845436,0.23801369965076447,0.13212928175926208,0.044732607901096344
YLL041C,YLR401C,0,4.1838284,0.23760683834552765,0.13212928175926208,0.04483313113451004
YPL254W,YPR070W,1,4.183477,0.2389078438282013,0.13307984173297882,0.04483313113451004
YPR005C,YIL038C,1,4.1826787,0.24020442366600037,0.13403041660785675,0.04483313113451004
YOR099W,YJL095W,0,4.1816325,0.23979592323303223,0.13403041660785675,0.04493365436792374
YER068W,YBR240C,1,4.180923,0.24108658730983734,0.13498099148273468,0.04493365436792374
YGL162W,YJL206C,0,4.1807957,0.24067796766757965,0.13498099148273468,0.04503417760133743
YER055C,YKL182W,0,4.180356,0.240270733833313,0.13498099148273468,0.04513470083475113
YLR329W,YKL175W,0,4.1786265,0.23986487090587616,0.13498099148273468,0.045235224068164825
YIL108W,YPL112C,0,4.177299,0.23946036398410797,0.13498099148273468,0.04533574730157852
YHR060W,YMR200W,0,4.1765647,0.2390572428703308,0.13498099148273468,0.04543626680970192
YOR324C,YHR119W,0,4.1763473,0.2386554628610611,0.13498099148273468,0.045536790043115616
YOR038C,YDL170W,1,4.174135,0.23993287980556488,0.1359315663576126,0.045536790043115616
YER022W,YPR005C,1,4.1737113,0.24120603501796722,0.13688212633132935,0.045536790043115616
YPL042C,YNL297C,0,4.172433,0.24080267548561096,0.13688212633132935,0.04563731327652931
YGR032W,YOL102C,0,4.1722503,0.24040067195892334,0.13688212633132935,0.04573783650994301
YPR030W,YOR222W,0,4.168202,0.23999999463558197,0.13688212633132935,0.045838359743356705
YIR011C,YIL046W,0,4.167699,0.23960065841674805,0.13688212633132935,0.0459388829767704
YGR258C,YDR404C,1,4.16637,0.24086378514766693,0.13783270120620728,0.0459388829767704
YDR530C,YDR364C,0,4.1659474,0.24046434462070465,0.13783270120620728,0.0460394062101841
YJL024C,YDR170C,0,4.1658993,0.24006623029708862,0.13783270120620728,0.046139929443597794
YPL180W,YGR268C,0,4.1658344,0.23966942727565765,0.13783270120620728,0.04624044895172119
YKL015W,YER115C,0,4.165604,0.23927392065525055,0.13783270120620728,0.04634097218513489
YDR512C,YPR080W,0,4.1653733,0.2388797402381897,0.13783270120620728,0.046441495418548584
YJL005W,YLL043W,0,4.1653028,0.23848684132099152,0.13783270120620728,0.04654201865196228
YER098W,YML112W,0,4.165288,0.2380952388048172,0.13783270120620728,0.04664254188537598
YGR156W,YBL103C,1,4.163921,0.2393442690372467,0.1387832760810852,0.04664254188537598
YDL197C,YBR294W,0,4.1638036,0.23895253241062164,0.1387832760810852,0.04674306511878967
YHR069C,YCR014C,0,4.163425,0.23856209218502045,0.1387832760810852,0.04684358835220337
YGL158W,YLL043W,0,4.162557,0.23817291855812073,0.1387832760810852,0.04694410786032677
YOL057W,YLR080W,0,4.161533,0.23778501152992249,0.1387832760810852,0.04704463109374046
YGL166W,YDR217C,1,4.1609683,0.23902438580989838,0.13973383605480194,0.04704463109374046
YML080W,YDL047W,0,4.1601667,0.23863635957241058,0.13973383605480194,0.04714515432715416
YPL127C,YOR382W,0,4.159715,0.23824959993362427,0.13973383605480194,0.047245677560567856
YKL020C,YDR410C,0,4.158521,0.23786407709121704,0.13973383605480194,0.04734620079398155
YGR171C,YHR135C,0,4.1559453,0.2374798059463501,0.13973383605480194,0.04744672402739525
YIL046W,YNL258C,0,4.155765,0.23709677159786224,0.13973383605480194,0.047547247260808945
YER022W,YCR052W,1,4.1548815,0.23832528293132782,0.14068441092967987,0.047547247260808945
YHR077C,YJL149W,0,4.154476,0.23794212937355042,0.14068441092967987,0.04764776676893234
YIL135C,YKL022C,0,4.1541405,0.2375601977109909,0.14068441092967987,0.04774829000234604
YOR353C,YDR364C,0,4.151689,0.2371794879436493,0.14068441092967987,0.047848813235759735
YAL038W,YKL168C,0,4.151386,0.23680000007152557,0.14068441092967987,0.04794933646917343
YOR209C,YGL019W,0,4.1510773,0.23642171919345856,0.14068441092967987,0.04804985970258713
YPL064C,YIL142W,0,4.1494236,0.23604466021060944,0.14068441092967987,0.048150382936000824
YIR018W,YBR282W,0,4.149347,0.23566879332065582,0.14068441092967987,0.04825090616941452
YDR082W,YLR291C,0,4.148161,0.23529411852359772,0.14068441092967987,0.04835142567753792
YLR429W,YJL006C,0,4.147106,0.23492063581943512,0.14068441092967987,0.048451948910951614
YHR069C,YJR053W,0,4.1460123,0.23454833030700684,0.14068441092967987,0.04855247214436531
YPR011C,YPR135W,0,4.145903,0.23417721688747406,0.14068441092967987,0.04865299537777901
YOL148C,YKR099W,1,4.1450605,0.23538704216480255,0.1416349858045578,0.04865299537777901
YKR036C,YGL094C,0,4.143543,0.23501577973365784,0.1416349858045578,0.0487535186111927
YMR039C,YLR417W,1,4.14326,0.23622047901153564,0.14258554577827454,0.0487535186111927
YBR243C,YDR364C,0,4.143013,0.2358490526676178,0.14258554577827454,0.0488540418446064
YDR028C,YML010W,1,4.1418242,0.2370486706495285,0.14353612065315247,0.0488540418446064
YGR186W,YOR140W,1,4.1409335,0.23824451863765717,0.1444866955280304,0.0488540418446064
YER164W,YOR162C,1,4.1408,0.23943662643432617,0.14543725550174713,0.0488540418446064
YOR138C,YNL290W,0,4.140282,0.23906250298023224,0.14543725550174713,0.048954565078020096
YER175C,YGL244W,0,4.139379,0.23868954181671143,0.14543725550174713,0.04905508831143379
YML071C,YMR295C,0,4.138584,0.23831775784492493,0.14543725550174713,0.04915560781955719
YLR270W,YLR073C,0,4.13677,0.23794712126255035,0.14543725550174713,0.049256131052970886
YNL076W,YBR279W,1,4.136672,0.239130437374115,0.14638783037662506,0.049256131052970886
YMR061W,YML099C,0,4.136494,0.23875969648361206,0.14638783037662506,0.04935665428638458
YKR056W,YCR026C,0,4.1355143,0.23839008808135986,0.14638783037662506,0.04945717751979828
YDR205W,YKL020C,0,4.1342673,0.2380216419696808,0.14638783037662506,0.049557700753211975
YDR527W,YLR209C,0,4.1336226,0.23765432834625244,0.14638783037662506,0.04965822398662567
YJR138W,YLR404W,0,4.1333547,0.23728813230991364,0.14638783037662506,0.04975874722003937
YML097C,YMR295C,0,4.133308,0.23692308366298676,0.14638783037662506,0.049859266728162766
YOL158C,YKL165C,0,4.1326017,0.23655913770198822,0.14638783037662506,0.04995978996157646
YDR164C,YGR143W,0,4.13248,0.23619632422924042,0.14638783037662506,0.05006031319499016
YGL070C,YML015C,1,4.131864,0.23736600577831268,0.147338405251503,0.05006031319499016
YAR027W,YBR281C,0,4.130447,0.23700305819511414,0.147338405251503,0.050160836428403854
YOR162C,YJL140W,1,4.1287265,0.23816794157028198,0.14828898012638092,0.050160836428403854
YOL135C,YPR168W,1,4.127731,0.2393292635679245,0.14923954010009766,0.050160836428403854
YOR243C,YPL087W,0,4.1275563,0.2389649897813797,0.14923954010009766,0.05026135966181755
YML097C,YLR025W,0,4.1253476,0.23860181868076324,0.14923954010009766,0.05036188289523125
YER050C,YMR008C,0,4.125252,0.23823975026607513,0.14923954010009766,0.05046240612864494
YNR074C,YOL112W,0,4.1248965,0.23787878453731537,0.14923954010009766,0.05056292563676834
YOL090W,YLR016C,0,4.124134,0.23751890659332275,0.14923954010009766,0.05066344887018204
YOR292C,YDR404C,0,4.1238227,0.2371601164340973,0.14923954010009766,0.050763972103595734
YEL012W,YER165W,0,4.1208644,0.23680241405963898,0.14923954010009766,0.05086449533700943
YOL070C,YNL182C,0,4.120286,0.23644578456878662,0.14923954010009766,0.050965018570423126
YHR061C,YPL240C,0,4.1188326,0.23609022796154022,0.14923954010009766,0.05106554180383682
YDL028C,YNL239W,0,4.117987,0.2357357293367386,0.14923954010009766,0.05116606503725052
YMR025W,YGR185C,0,4.1179223,0.2353823035955429,0.14923954010009766,0.05126658454537392
YNR067C,YBR170C,0,4.1168365,0.235029935836792,0.14923954010009766,0.05136710777878761
YDR123C,YOL005C,1,4.11668,0.23617339134216309,0.15019011497497559,0.05136710777878761
YPR133C,YDL108W,1,4.116505,0.2373134344816208,0.15114068984985352,0.05136710777878761
YDR076W,YLR073C,0,4.1161,0.23695975542068481,0.15114068984985352,0.05146763101220131
YDR172W,YBR072W,0,4.1158795,0.2366071492433548,0.15114068984985352,0.051568154245615005
YLR182W,YDR332W,0,4.1135006,0.23625557124614716,0.15114068984985352,0.0516686774790287
YPR162C,YNL236W,0,4.1102004,0.23590505123138428,0.15114068984985352,0.0517692007124424
YMR097C,YJR021C,0,4.110025,0.23555555939674377,0.15114068984985352,0.051869723945856094
YOR071C,YEL040W,0,4.109249,0.23520709574222565,0.15114068984985352,0.05197024345397949
YLR206W,YKL015W,0,4.1086507,0.2348596751689911,0.15114068984985352,0.05207076668739319
YNL271C,YDR460W,0,4.1079865,0.2345132678747177,0.15114068984985352,0.052171289920806885
YER017C,YJR112W,0,4.1078496,0.2341678887605667,0.15114068984985352,0.05227181315422058
YGL216W,YML128C,0,4.107284,0.2338235229253769,0.15114068984985352,0.05237233638763428
YDR378C,YMR046C,0,4.10622,0.23348017036914825,0.15114068984985352,0.052472859621047974
YOR279C,YOR038C,0,4.1046023,0.2331378310918808,0.15114068984985352,0.05257338285446167
YPR187W,YLR251W,0,4.1036453,0.23279649019241333,0.15114068984985352,0.052673906087875366
YNL273W,YCL004W,0,4.103333,0.23245614767074585,0.15114068984985352,0.052774425595998764
YHR069C,YPL196W,0,4.1030087,0.23211678862571716,0.15114068984985352,0.05287494882941246
YAL016W,YIL046W,0,4.1024585,0.23177842795848846,0.15114068984985352,0.05297547206282616
YLR295C,YFR021W,0,4.1024327,0.23144105076789856,0.15114068984985352,0.05307599529623985
YGR252W,YGL112C,1,4.102404,0.23255814611911774,0.15209124982357025,0.05307599529623985
YMR112C,YMR176W,0,4.1015267,0.2322206050157547,0.15209124982357025,0.05317651852965355
YNL006W,YLR389C,0,4.1010346,0.23188406229019165,0.15209124982357025,0.053277041763067245
YGR144W,YOR212W,0,4.1004367,0.231548473238945,0.15209124982357025,0.05337756499648094
YCR046C,YGL163C,0,4.0979733,0.23121386766433716,0.15209124982357025,0.05347808450460434
YIL079C,YKL064W,0,4.094731,0.2308802306652069,0.15209124982357025,0.053578607738018036
YOR048C,YOR244W,1,4.094405,0.23198847472667694,0.15304182469844818,0.053578607738018036
YBR261C,YGL174W,0,4.0916195,0.23165467381477356,0.15304182469844818,0.05367913097143173
YIL017C,YPR065W,1,4.09115,0.23275862634181976,0.1539923995733261,0.05367913097143173
YPR125W,YJR130C,0,4.090426,0.23242467641830444,0.1539923995733261,0.05377965420484543
YOR054C,YLR401C,0,4.090138,0.23209169507026672,0.1539923995733261,0.053880177438259125
YDL140C,YHR168W,0,4.0900726,0.23175965249538422,0.1539923995733261,0.05398070067167282
YMR168C,YOL101C,0,4.089934,0.2314285784959793,0.1539923995733261,0.05408122390508652
YHR047C,YOR106W,0,4.0895166,0.23109842836856842,0.1539923995733261,0.054181743413209915
YER017C,YJL124C,0,4.0894704,0.23076923191547394,0.1539923995733261,0.05428226664662361
YJL030W,YFL001W,0,4.0880632,0.23044097423553467,0.1539923995733261,0.05438278988003731
YKR008W,YHR079C,0,4.086374,0.23011364042758942,0.1539923995733261,0.054483313113451004
YEL037C,YIL042C,0,4.086195,0.22978723049163818,0.1539923995733261,0.0545838363468647
YER049W,YER101C,0,4.083936,0.22946175932884216,0.1539923995733261,0.0546843595802784
YER133W,YDL165W,1,4.0821,0.23055163025856018,0.15494295954704285,0.0546843595802784
YOR338W,YJR102C,1,4.0820847,0.23163841664791107,0.15589353442192078,0.0546843595802784
YOR159C,YLL012W,0,4.082042,0.23131170868873596,0.15589353442192078,0.05478488281369209
YOR123C,YOL108C,1,4.0814986,0.23239436745643616,0.1568441092967987,0.05478488281369209
YGL083W,YMR046C,0,4.080242,0.2320675104856491,0.1568441092967987,0.05488540232181549
YGR144W,YOR025W,0,4.0796733,0.23174157738685608,0.1568441092967987,0.05498592555522919
YNL127W,YBR183W,0,4.0791755,0.23141655325889587,0.1568441092967987,0.05508644878864288
YGR268C,YMR075W,0,4.079075,0.2310924381017685,0.1568441092967987,0.05518697202205658
YMR005W,YNL032W,0,4.0766163,0.23076923191547394,0.1568441092967987,0.055287495255470276
YML113W,YKR038C,1,4.0765257,0.23184357583522797,0.15779468417167664,0.055287495255470276
YLR033W,YNL208W,0,4.076366,0.23152022063732147,0.15779468417167664,0.05538801848888397
YEL052W,YPR111W,0,4.0761156,0.2311977744102478,0.15779468417167664,0.05548854172229767
YJR082C,YMR308C,0,4.0747313,0.23087622225284576,0.15779468417167664,0.055589064955711365
YLR005W,YGR116W,1,4.073698,0.23194444179534912,0.15874524414539337,0.055589064955711365
YOL070C,YJL176C,0,4.0731187,0.23162274062633514,0.15874524414539337,0.05568958446383476
YLL051C,YIL021W,0,4.0722837,0.2313019335269928,0.15874524414539337,0.05579010769724846
YNL079C,YGL060W,0,4.072093,0.23098202049732208,0.15874524414539337,0.055890630930662155
YDL029W,YLR264W,0,4.07152,0.2306629866361618,0.15874524414539337,0.05599115416407585
YBR275C,YIR032C,0,4.071376,0.23034483194351196,0.15874524414539337,0.05609167739748955
YOR151C,YOL135C,1,4.070891,0.23140496015548706,0.1596958190202713,0.05609167739748955
YNL032W,YMR087W,0,4.0700097,0.23108665645122528,0.1596958190202713,0.056192200630903244
YML015C,YOR162C,1,4.070002,0.2321428507566452,0.16064639389514923,0.056192200630903244
YGL233W,YKL205W,0,4.0696445,0.23182441294193268,0.16064639389514923,0.05629272386431694
YNL008C,YML112W,0,4.0686393,0.2315068542957306,0.16064639389514923,0.05639324337244034
YLR009W,YOR317W,0,4.068618,0.23119014501571655,0.16064639389514923,0.056493766605854034
YMR270C,YCR026C,0,4.0678434,0.23087431490421295,0.16064639389514923,0.05659428983926773
YIL020C,YGL037C,0,4.0674205,0.2305593490600586,0.16064639389514923,0.05669481307268143
YFR029W,YLR300W,0,4.067406,0.23024523258209229,0.16064639389514923,0.05679533630609512
YDR512C,YLR291C,0,4.0670834,0.22993196547031403,0.16064639389514923,0.05689585953950882
YBL026W,YGL163C,0,4.0663,0.229619562625885,0.16064639389514923,0.056996382772922516
YLL029W,YCR026C,0,4.065931,0.22930800914764404,0.16064639389514923,0.057096902281045914
YDR067C,YDR034C,0,4.0644226,0.22899729013442993,0.16064639389514923,0.05719742551445961
YML099C,YGR171C,0,4.063894,0.22868742048740387,0.16064639389514923,0.057297948747873306
YGR113W,YOL062C,0,4.063374,0.22837838530540466,0.16064639389514923,0.057398471981287
YOR074C,YAR031W,0,4.062436,0.22807016968727112,0.16064639389514923,0.0574989952147007
YNL262W,YIL042C,0,4.062073,0.22776280343532562,0.16064639389514923,0.057599518448114395
YEL052W,YGR251W,0,4.0617967,0.2274562567472458,0.16064639389514923,0.05770004168152809
YLR285W,YMR034C,0,4.0617294,0.2271505445241928,0.16064639389514923,0.05780056118965149
YLR417W,YDR448W,1,4.061302,0.2281879186630249,0.16159695386886597,0.05780056118965149
YPR196W,YJL141C,0,4.059803,0.2278820425271988,0.16159695386886597,0.057901084423065186
YAL024C,YMR136W,0,4.05869,0.22757697105407715,0.16159695386886597,0.05800160765647888
YFL024C,YKL112W,1,4.0585084,0.2286096215248108,0.1625475287437439,0.05800160765647888
YJR119C,YNL192W,0,4.058061,0.2283044010400772,0.1625475287437439,0.05810213088989258
YDR146C,YDR364C,0,4.057746,0.2280000001192093,0.1625475287437439,0.058202654123306274
YML071C,YKL172W,0,4.0571394,0.22769640386104584,0.1625475287437439,0.05830317735671997
YMR077C,YLR141W,0,4.0570545,0.22739361226558685,0.1625475287437439,0.05840370059013367
YNR067C,YJL171C,0,4.0563807,0.22709164023399353,0.1625475287437439,0.058504220098257065
YDR026C,YFL057C,0,4.0540166,0.22679045796394348,0.1625475287437439,0.05860474333167076
YPL101W,YMR236W,1,4.0525627,0.22781457006931305,0.16349810361862183,0.05860474333167076
YEL040W,YJL149W,0,4.052206,0.22751322388648987,0.16349810361862183,0.05870526656508446
YAR035W,YBR010W,0,4.0521927,0.22721268236637115,0.16349810361862183,0.058805789798498154
YHR002W,YBR061C,0,4.0516114,0.22691293060779572,0.16349810361862183,0.05890631303191185
YJR082C,YLR153C,0,4.0515165,0.22661396861076355,0.16349810361862183,0.059006836265325546
YJR028W,YGR034W,0,4.0496593,0.22631579637527466,0.16349810361862183,0.05910735949873924
YLR452C,YCR014C,0,4.04864,0.22601839900016785,0.16349810361862183,0.05920788273215294
YDR083W,YPL274W,0,4.0482373,0.2257217913866043,0.16349810361862183,0.05930840224027634
YOR291W,YDR351W,0,4.0476737,0.22542594373226166,0.16349810361862183,0.05940892547369003
YGL203C,YPR152C,0,4.046926,0.22513088583946228,0.16349810361862183,0.05950944870710373
YJR119C,YNR028W,0,4.045928,0.22483660280704498,0.16349810361862183,0.059609971940517426
YJL114W,YNL127W,0,4.0437174,0.22454307973384857,0.16349810361862183,0.05971049517393112
YMR180C,YNL284C,0,4.0434394,0.22425033152103424,0.16349810361862183,0.05981101840734482
YBR182C,YIL140W,0,4.0418296,0.2239583283662796,0.16349810361862183,0.059911541640758514
YDR389W,YHR119W,0,4.0414915,0.22366710007190704,0.16349810361862183,0.06001206114888191
YMR272C,YOL104C,0,4.0402575,0.22337661683559418,0.16349810361862183,0.06011258438229561
YIL083C,YGR239C,0,4.040031,0.2230868935585022,0.16349810361862183,0.060213107615709305
YIL056W,YKL018W,1,4.0396996,0.2240932583808899,0.16444866359233856,0.060213107615709305
YOL038W,YMR065W,0,4.038706,0.2238033562898636,0.16444866359233856,0.060313630849123
YDL029W,YKR008W,0,4.038269,0.22351421415805817,0.16444866359233856,0.0604141540825367
YER008C,YKL171W,0,4.0371094,0.22322580218315125,0.16444866359233856,0.060514677315950394
YCL008C,YML080W,0,4.0370736,0.2229381501674652,0.16444866359233856,0.06061520054936409
YIL177C,YMR229C,0,4.0365376,0.22265122830867767,0.16444866359233856,0.06071572005748749
YKL020C,YJR032W,0,4.0362806,0.22236503660678864,0.16444866359233856,0.060816243290901184
YGR012W,YMR087W,0,4.035898,0.2220795899629593,0.16444866359233856,0.06091676652431488
YOL101C,YBL052C,0,4.035205,0.22179487347602844,0.16444866359233856,0.06101728975772858
YLR033W,YIR018W,1,4.035095,0.22279129922389984,0.1653992384672165,0.06101728975772858
YER117W,YGR281W,0,4.034489,0.22250638902187347,0.1653992384672165,0.06111781299114227
YKR066C,YMR065W,0,4.034201,0.2222222238779068,0.1653992384672165,0.06121833622455597
YNL050C,YKL095W,0,4.0340347,0.22193877398967743,0.1653992384672165,0.061318859457969666
YJR149W,YNR018W,0,4.033203,0.22165605425834656,0.1653992384672165,0.06141937896609306
YDR072C,YPR125W,0,4.0329304,0.221374049782753,0.1653992384672165,0.06151990219950676
YMR089C,YLR291C,0,4.032361,0.22109276056289673,0.1653992384672165,0.061620425432920456
YPL180W,YOR089C,0,4.0319,0.22081218659877777,0.1653992384672165,0.06172094866633415
YLR291C,YOR353C,0,4.03111,0.22053231298923492,0.1653992384672165,0.06182147189974785
YLL041C,YDL217C,0,4.030485,0.22025316953659058,0.1653992384672165,0.061921995133161545
YNL314W,YMR160W,0,4.030205,0.21997471153736115,0.1653992384672165,0.06202251836657524
YDR167W,YKL061W,0,4.0294123,0.21969696879386902,0.1653992384672165,0.06212304159998894
YNR004W,YLR268W,0,4.029229,0.219419926404953,0.1653992384672165,0.062223561108112335
YGL170C,YLR348C,0,4.0285807,0.2191435694694519,0.1653992384672165,0.06232408434152603
YOL072W,YGR005C,1,4.028508,0.22012577950954437,0.16634981334209442,0.06232408434152603
YKL064W,YKL205W,0,4.0273595,0.21984924376010895,0.16634981334209442,0.06242460757493973
YGR144W,YNR003C,0,4.027168,0.21957339346408844,0.16634981334209442,0.06252513080835342
YGL244W,YNL050C,0,4.026996,0.21929824352264404,0.16634981334209442,0.06262565404176712
YMR227C,YGL112C,1,4.0258536,0.22027534246444702,0.16730037331581116,0.06262565404176712
YGL112C,YMR227C,1,4.0258536,0.2212499976158142,0.1682509481906891,0.06262565404176712
YMR284W,YDR449C,0,4.0256834,0.22097378969192505,0.1682509481906891,0.06272617727518082
YOR304W,YOR038C,0,4.0253887,0.2206982523202896,0.1682509481906891,0.06282670050859451
YNL297C,YKL078W,0,4.024722,0.22042341530323029,0.1682509481906891,0.06292722374200821
YMR218C,YDL148C,0,4.023865,0.22014924883842468,0.1682509481906891,0.0630277469754219
YNL131W,YOR008C,0,4.0238233,0.2198757827281952,0.1682509481906891,0.0631282702088356
YGR282C,YER168C,0,4.023147,0.21960297226905823,0.1682509481906891,0.0632287859916687
YGR251W,YAL040C,0,4.023048,0.21933086216449738,0.1682509481906891,0.0633293092250824
YOL045W,YDL215C,0,4.0228486,0.21905940771102905,0.1682509481906891,0.0634298324584961
YMR032W,YAR031W,0,4.021247,0.21878862380981445,0.1682509481906891,0.06353035569190979
YPR030W,YOR194C,1,4.019925,0.21975308656692505,0.16920152306556702,0.06353035569190979
YBR294W,YOR123C,0,4.019517,0.21948212385177612,0.16920152306556702,0.06363087892532349
YOL136C,YDL070W,0,4.019412,0.21921181678771973,0.16920152306556702,0.06373140215873718
YLR404W,YNL239W,0,4.0191507,0.21894219517707825,0.16920152306556702,0.06383192539215088
YOR338W,YIR033W,1,4.0190196,0.21990172564983368,0.17015209794044495,0.06383192539215088
YOL045W,YPL087W,0,4.017692,0.21963189542293549,0.17015209794044495,0.06393244862556458
YKR026C,YIL048W,0,4.0176353,0.2193627506494522,0.17015209794044495,0.06403297185897827
YCR030C,YDR151C,0,4.017441,0.21909424662590027,0.17015209794044495,0.06413349509239197
YNL131W,YOR230W,0,4.016152,0.21882641315460205,0.17015209794044495,0.06423401832580566
YOL111C,YBR141C,0,4.0155163,0.21855922043323517,0.17015209794044495,0.06433454155921936
YIR017C,YOL072W,1,4.0154467,0.2195121943950653,0.17110265791416168,0.06433454155921936
YKR019C,YLR268W,0,4.0153747,0.2192448228597641,0.17110265791416168,0.06443506479263306
YNL052W,YNL239W,0,4.0149136,0.21897810697555542,0.17110265791416168,0.06453558802604675
YKR008W,YOL005C,1,4.0146894,0.2199271023273468,0.1720532327890396,0.06453558802604675
YPL240C,YLL004W,0,4.0146456,0.2196601927280426,0.1720532327890396,0.06463611125946045
YGL026C,YDL047W,0,4.014626,0.21939393877983093,0.1720532327890396,0.06473662704229355
YOR048C,YPL046C,1,4.014443,0.22033898532390594,0.17300380766391754,0.06473662704229355
YDR499W,YJL082W,0,4.0141616,0.22007255256175995,0.17300380766391754,0.06483715027570724
YGL037C,YLL040C,0,4.013431,0.2198067605495453,0.17300380766391754,0.06493767350912094
YNL304W,YGR229C,0,4.01037,0.21954160928726196,0.17300380766391754,0.06503819674253464
YMR005W,YGR179C,0,4.0099435,0.21927711367607117,0.17300380766391754,0.06513871997594833
YNL231C,YPR001W,0,4.0098495,0.2190132439136505,0.17300380766391754,0.06523924320936203
YBL028C,YJL128C,0,4.009325,0.21875,0.17300380766391754,0.06533976644277573
YNL008C,YGR285C,0,4.008515,0.21848739683628082,0.17300380766391754,0.06544028967618942
YJR017C,YLL029W,1,4.0084624,0.21942445635795593,0.17395436763763428,0.06544028967618942
YGL233W,YLR073C,0,4.0074024,0.21916167438030243,0.17395436763763428,0.06554081290960312
YOR054C,YPR171W,0,4.0062394,0.21889951825141907,0.17395436763763428,0.06564133614301682
YDR167W,YJR149W,0,4.0060477,0.21863798797130585,0.17395436763763428,0.06574185937643051
YLR165C,YNL192W,0,4.0058093,0.21837708353996277,0.17395436763763428,0.06584238260984421
YNL251C,YIL036W,1,4.0050225,0.21930870413780212,0.1749049425125122,0.06584238260984421
YER185W,YDL039C,0,4.0049005,0.21904762089252472,0.1749049425125122,0.0659429058432579
YDR144C,YAR035W,0,4.0033255,0.21878716349601746,0.1749049425125122,0.0660434290766716
YGR216C,YCL004W,0,4.0023518,0.21852731704711914,0.1749049425125122,0.0661439448595047
YDR144C,YDR076W,0,4.001791,0.21826809644699097,0.1749049425125122,0.0662444680929184
YNL216W,YGR005C,1,4.0016747,0.21919430792331696,0.17585551738739014,0.0662444680929184
YNR006W,YNL070W,0,4.0015593,0.21893490850925446,0.17585551738739014,0.06634499132633209
YPL026C,YBR095C,1,4.0008855,0.21985815465450287,0.17680607736110687,0.06634499132633209
YDR460W,YOR338W,1,4.0008636,0.22077922523021698,0.1777566522359848,0.06634499132633209
YGR246C,YGL203C,0,4.0007944,0.22051887214183807,0.1777566522359848,0.06644551455974579
YOL057W,YDR306C,0,3.9989295,0.22025913000106812,0.1777566522359848,0.06654603779315948
YOR126C,YJL155C,0,3.998786,0.2199999988079071,0.1777566522359848,0.06664656102657318
YLR130C,YLL012W,0,3.9982898,0.21974147856235504,0.1777566522359848,0.06674708425998688
YDR512C,YMR091C,1,3.9975734,0.22065727412700653,0.17870722711086273,0.06674708425998688
YER164W,YOR172W,1,3.9975429,0.2215709239244461,0.17965780198574066,0.06674708425998688
YGR268C,YNR013C,0,3.9972746,0.22131147980690002,0.17965780198574066,0.06684760749340057
YOR179C,YPL129W,1,3.9965143,0.2222222238779068,0.1806083619594574,0.06684760749340057
YLR047C,YEL056W,0,3.9963236,0.22196261584758759,0.1806083619594574,0.06694813072681427
YKR038C,YKL020C,1,3.99611,0.22287048399448395,0.18155893683433533,0.06694813072681427
YFR029W,YBR042C,0,3.9960637,0.2226107269525528,0.18155893683433533,0.06704865396022797
YHR178W,YGL043W,1,3.9959257,0.22351571917533875,0.18250951170921326,0.06704865396022797
YLR380W,YMR115W,0,3.995769,0.22325581312179565,0.18250951170921326,0.06714917719364166
YIL056W,YIR033W,1,3.9957247,0.22415795922279358,0.18346007168293,0.06714917719364166
YMR238W,YDR444W,0,3.9953284,0.22389791905879974,0.18346007168293,0.06724970042705536
YOR074C,YDL128W,0,3.9950821,0.22363847494125366,0.18346007168293,0.06735022366046906
YOR388C,YIL079C,0,3.9950457,0.22337962687015533,0.18346007168293,0.06745074689388275
YPL099C,YFL013C,0,3.9948092,0.22312138974666595,0.18346007168293,0.06755127012729645
YLR183C,YOR230W,0,3.993853,0.22286374866962433,0.18346007168293,0.06765178591012955
YPR189W,YBR282W,0,3.9935803,0.22260668873786926,0.18346007168293,0.06775230914354324
YGL122C,YNL032W,0,3.9932747,0.22235022485256195,0.18346007168293,0.06785283237695694
YOR324C,YDR449C,0,3.9930634,0.2220943570137024,0.18346007168293,0.06795335561037064
YPL098C,YKL001C,0,3.9925208,0.2218390852212906,0.18346007168293,0.06805387884378433
YDL107W,YMR300C,0,3.9918618,0.22158437967300415,0.18346007168293,0.06815440207719803
YLR266C,YCL066W,1,3.9916801,0.22247706353664398,0.18441064655780792,0.06815440207719803
YBR042C,YCL004W,0,3.9910204,0.2222222238779068,0.18441064655780792,0.06825492531061172
YBR195C,YBR095C,0,3.990725,0.22196796536445618,0.18441064655780792,0.06835544854402542
YIL080W,YPR159W,0,3.9898543,0.22171428799629211,0.18441064655780792,0.06845597177743912
YGL209W,YNL231C,0,3.9886892,0.2214611917734146,0.18441064655780792,0.06855649501085281
YLR401C,YKL094W,0,3.9880648,0.22120866179466248,0.18441064655780792,0.06865701824426651
YJR036C,YCR026C,0,3.9860663,0.2209567129611969,0.18441064655780792,0.0687575414776802
YER138C,YLR344W,0,3.9855216,0.22070534527301788,0.18441064655780792,0.0688580647110939
YLR130C,YJL206C,0,3.984655,0.22045454382896423,0.18441064655780792,0.0689585879445076
YGR034W,YOR338W,0,3.9845812,0.22020430862903595,0.18441064655780792,0.0690591037273407
YFR029W,YER002W,0,3.9843426,0.21995465457439423,0.18441064655780792,0.0691596269607544
YMR046C,YHR039C-A,0,3.9841442,0.21970555186271667,0.18441064655780792,0.06926015019416809
YOL124C,YNR057C,0,3.984006,0.2194570153951645,0.18441064655780792,0.06936067342758179
YHR143W-A,YDR311W,1,3.9826908,0.22033898532390594,0.18536122143268585,0.06936067342758179
YOL054W,YCR042C,1,3.982492,0.22121895849704742,0.1863117814064026,0.06936067342758179
YPL042C,YOR287C,0,3.982192,0.220969557762146,0.1863117814064026,0.06946119666099548
YKL013C,YLL061W,0,3.9816272,0.22072072327136993,0.1863117814064026,0.06956171989440918
YAL054C,YDL097C,0,3.9814777,0.22047244012355804,0.1863117814064026,0.06966224312782288
YPR190C,YHL027W,0,3.9813867,0.22022472321987152,0.1863117814064026,0.06976276636123657
YPR026W,YLL045C,0,3.9811246,0.21997755765914917,0.1863117814064026,0.06986328959465027
YMR172W,YBR279W,1,3.9809346,0.22085201740264893,0.18726235628128052,0.06986328959465027
YGL186C,YJR034W,0,3.9805286,0.22060470283031464,0.18726235628128052,0.06996381282806396
YMR319C,YDR310C,0,3.9801824,0.22035793960094452,0.18726235628128052,0.07006433606147766
YLR228C,YBL026W,0,3.9798586,0.22011172771453857,0.18726235628128052,0.07016485929489136
YKR101W,YBR173C,0,3.9791741,0.2198660671710968,0.18726235628128052,0.07026538252830505
YJL079C,YOR098C,0,3.978898,0.2196209579706192,0.18726235628128052,0.07036590576171875
YBR182C,YDR403W,0,3.978088,0.21937638521194458,0.18726235628128052,0.07046642899513245
YDR034C,YPL259C,0,3.9779348,0.21913236379623413,0.18726235628128052,0.07056694477796555
YOR311C,YER137C,0,3.9777353,0.21888889372348785,0.18726235628128052,0.07066746801137924
YDR067C,YLR394W,0,3.9771514,0.21864594519138336,0.18726235628128052,0.07076799124479294
YLR291C,YLR316C,0,3.9766123,0.21840354800224304,0.18726235628128052,0.07086851447820663
YMR077C,YBL028C,0,3.9760053,0.2181616872549057,0.18726235628128052,0.07096903771162033
YBR276C,YJL128C,0,3.9749951,0.21792034804821014,0.18726235628128052,0.07106956094503403
YMR172W,YBL089W,0,3.9749336,0.21767956018447876,0.18726235628128052,0.07117008417844772
YLL033W,YNL078W,0,3.9742472,0.21743929386138916,0.18726235628128052,0.07127060741186142
YDR411C,YOR123C,0,3.9739141,0.21719956398010254,0.18726235628128052,0.07137113064527512
YKL172W,YPR160W,0,3.9736886,0.2169603556394577,0.18726235628128052,0.07147165387868881
YLR020C,YAL017W,0,3.9731274,0.21672166883945465,0.18726235628128052,0.07157217711210251
YMR025W,YLL012W,0,3.9719827,0.21648351848125458,0.18726235628128052,0.0716727003455162
YHR132C,YEL036C,0,3.9711416,0.2162458896636963,0.18726235628128052,0.0717732235789299
YDR082W,YNL262W,0,3.9706614,0.2160087674856186,0.18726235628128052,0.0718737468123436
YDR082W,YLR309C,0,3.970091,0.21577218174934387,0.18726235628128052,0.0719742625951767
YER101C,YNL304W,0,3.9700708,0.21553610265254974,0.18726235628128052,0.0720747858285904
YLR005W,YPL046C,1,3.969801,0.21639344096183777,0.18821293115615845,0.0720747858285904
YGR113W,YCL052C,0,3.9689574,0.2161571979522705,0.18821293115615845,0.07217530906200409
YOR123C,YGL190C,0,3.968957,0.21592147648334503,0.18821293115615845,0.07227583229541779
YML071C,YLR440C,0,3.968935,0.21568627655506134,0.18821293115615845,0.07237635552883148
YOR377W,YNR018W,0,3.96779,0.21545158326625824,0.18821293115615845,0.07247687876224518
YDL107W,YKL175W,0,3.9675243,0.21521739661693573,0.18821293115615845,0.07257740199565887
YMR203W,YPL093W,0,3.9672446,0.2149837166070938,0.18821293115615845,0.07267792522907257
YLR164W,YDR444W,0,3.9669945,0.21475054323673248,0.18821293115615845,0.07277844846248627
YER013W,YLR191W,0,3.9668136,0.21451787650585175,0.18821293115615845,0.07287897169589996
YFR045W,YBL034C,0,3.9654813,0.2142857164144516,0.18821293115615845,0.07297949492931366
YBL052C,YNL239W,0,3.9648392,0.21405404806137085,0.18821293115615845,0.07308001816272736
YDL005C,YML114C,1,3.9634466,0.21490280330181122,0.18916349112987518,0.07308001816272736
YLR103C,YLR160C,0,3.96344,0.21467098593711853,0.18916349112987518,0.07318054139614105
YIL142W,YJR133W,0,3.9629388,0.21443966031074524,0.18916349112987518,0.07328106462955475
YGL172W,YBR257W,0,3.96241,0.21420882642269135,0.18916349112987518,0.07338158786296844
YDR306C,YDL074C,0,3.9617195,0.21397849917411804,0.18916349112987518,0.07348210364580154
YER145C,YER104W,0,3.960705,0.21374866366386414,0.18916349112987518,0.07358262687921524
YNL008C,YKR002W,0,3.9601583,0.21351931989192963,0.18916349112987518,0.07368315011262894
YDL054C,YPR163C,0,3.960061,0.21329046785831451,0.18916349112987518,0.07378367334604263
YML032C,YDR410C,0,3.959831,0.2130620926618576,0.18916349112987518,0.07388419657945633
YGR143W,YMR213W,0,3.9586966,0.2128342241048813,0.18916349112987518,0.07398471981287003
YDR067C,YJL124C,0,3.9583216,0.21260683238506317,0.18916349112987518,0.07408524304628372
YNL073W,YGR285C,0,3.9580743,0.21237993240356445,0.18916349112987518,0.07418576627969742
YKL064W,YFL023W,0,3.957962,0.21215352416038513,0.18916349112987518,0.07428628951311111
YJL053W,YGL169W,0,3.957482,0.21192757785320282,0.18916349112987518,0.07438681274652481
YNR003C,YPL129W,0,3.9566696,0.2117021232843399,0.18916349112987518,0.07448733597993851
YPL139C,YFL014W,0,3.9560087,0.2114771455526352,0.18916349112987518,0.0745878592133522
YIR011C,YDR211W,0,3.9559417,0.21125265955924988,0.18916349112987518,0.0746883824467659
YMR276W,YKL022C,0,3.9553132,0.21102863550186157,0.18916349112987518,0.0747889056801796
YOR388C,YLL045C,0,3.954835,0.21080508828163147,0.18916349112987518,0.0748894214630127
YGL209W,YNR031C,0,3.9547653,0.21058201789855957,0.18916349112987518,0.07498994469642639
YPR072W,YGL073W,1,3.953664,0.21141649782657623,0.1901140660047531,0.07498994469642639
YDR079W,YJL176C,0,3.953286,0.21119324862957,0.1901140660047531,0.07509046792984009
YPL240C,YNL238W,0,3.9526808,0.2109704613685608,0.1901140660047531,0.07519099116325378
YMR020W,YKL182W,0,3.9520633,0.21074815094470978,0.1901140660047531,0.07529151439666748
YER022W,YKL018W,1,3.9519544,0.21157895028591156,0.19106464087963104,0.07529151439666748
YKR002W,YNR002C,0,3.9517086,0.21135646104812622,0.19106464087963104,0.07539203763008118
YGR229C,YOR338W,0,3.9514568,0.21113444864749908,0.19106464087963104,0.07549256086349487
YHR030C,YMR115W,0,3.951105,0.21091291308403015,0.19106464087963104,0.07559308409690857
YGL071W,YOL072W,1,3.9507132,0.21174004673957825,0.19201521575450897,0.07559308409690857
YDR460W,YOR147W,0,3.9498093,0.2115183174610138,0.19201521575450897,0.07569360733032227
YIL128W,YGL113W,0,3.94842,0.21129706501960754,0.19201521575450897,0.07579413056373596
YNR044W,YOR123C,0,3.9478853,0.2110762745141983,0.19201521575450897,0.07589465379714966
YHR029C,YOR313C,0,3.9471722,0.21085594594478607,0.19201521575450897,0.07599517703056335
YOR285W,YMR143W,0,3.947121,0.21063607931137085,0.19201521575450897,0.07609570026397705
YLR394W,YOL108C,0,3.9463682,0.21041665971279144,0.19201521575450897,0.07619622349739075
YNL230C,YCL034W,0,3.9441626,0.21019771695137024,0.19201521575450897,0.07629674673080444
YLR430W,YER088C,1,3.9435987,0.21101871132850647,0.1929657757282257,0.07629674673080444
YBL041W,YFL021W,0,3.9430237,0.21079958975315094,0.1929657757282257,0.07639726251363754
YMR005W,YJR006W,0,3.9427905,0.21058091521263123,0.1929657757282257,0.07649778574705124
YIL177C,YOL108C,0,3.9427128,0.21036268770694733,0.1929657757282257,0.07659830898046494
YJL087C,YER162C,0,3.9411497,0.21014492213726044,0.1929657757282257,0.07669883221387863
YPR187W,YOL108C,1,3.9410815,0.2109617441892624,0.19391635060310364,0.07669883221387863
YOL108C,YPR187W,1,3.9410815,0.21177685260772705,0.19486692547798157,0.07669883221387863
YGR134W,YOR338W,1,3.9404962,0.212590292096138,0.1958174854516983,0.07669883221387863
YBL112C,YLR005W,0,3.9404435,0.21237114071846008,0.1958174854516983,0.07679935544729233
YNL192W,YDR332W,0,3.9385343,0.2121524214744568,0.1958174854516983,0.07689987868070602
YLL004W,YOR324C,0,3.9385147,0.2119341492652893,0.1958174854516983,0.07700040191411972
YMR173W,YDR226W,0,3.9381096,0.21171633899211884,0.1958174854516983,0.07710092514753342
YHL027W,YBR095C,1,3.9367595,0.21252566576004028,0.19676806032657623,0.07710092514753342
YPR162C,YMR246W,0,3.9366138,0.21230769157409668,0.19676806032657623,0.07720144838094711
YLR401C,YMR213W,0,3.93659,0.2120901644229889,0.19676806032657623,0.07730197161436081
YIR025W,YKR006C,0,3.936325,0.21187308430671692,0.19676806032657623,0.0774024948477745
YKL020C,YNL107W,1,3.9362402,0.2126789391040802,0.19771863520145416,0.0774024948477745
YLR103C,YLR016C,0,3.9361281,0.2124616950750351,0.19771863520145416,0.0775030180811882
YHR069C,YGL094C,0,3.9358015,0.2122448980808258,0.19771863520145416,0.0776035413146019
YMR194W,YJL149W,0,3.9355216,0.21202854812145233,0.19771863520145416,0.0777040645480156
YIL006W,YNL016W,0,3.9342482,0.21181263029575348,0.19771863520145416,0.0778045803308487
YDR494W,YGR095C,0,3.9340148,0.21159714460372925,0.19771863520145416,0.07790510356426239
YGR281W,YJR112W,0,3.9336786,0.21138212084770203,0.19771863520145416,0.07800562679767609
YMR032W,YER115C,0,3.933269,0.21116751432418823,0.19771863520145416,0.07810615003108978
YDR397C,YOR178C,1,3.933269,0.21196754276752472,0.1986691951751709,0.07810615003108978
YPL011C,YPR008W,1,3.9321792,0.21276596188545227,0.19961977005004883,0.07810615003108978
YGR175C,YHR119W,0,3.9321032,0.21255061030387878,0.19961977005004883,0.07820667326450348
YAL054C,YBR115C,0,3.93197,0.21233569085597992,0.19961977005004883,0.07830719649791718
YNL044W,YNL273W,0,3.9318347,0.21212121844291687,0.19961977005004883,0.07840771973133087
YKR026C,YGL051W,0,3.9308157,0.21190716326236725,0.19961977005004883,0.07850824296474457
YKR062W,YGL070C,1,3.9307196,0.21270161867141724,0.20057034492492676,0.07850824296474457
YCR014C,YNR003C,0,3.930713,0.21248741447925568,0.20057034492492676,0.07860876619815826
YPL127C,YMR034C,0,3.9306488,0.21227364242076874,0.20057034492492676,0.07870928943157196
YHR004C,YKL082C,0,3.9300804,0.21206030249595642,0.20057034492492676,0.07880981266498566
YGL035C,YDR303C,1,3.9298315,0.2128514051437378,0.2015209197998047,0.07880981266498566
YBL005W,YKL018W,1,3.9296165,0.21364092826843262,0.20247147977352142,0.07880981266498566
YLR447C,YIL048W,0,3.929421,0.2134268581867218,0.20247147977352142,0.07891033589839935
YBL112C,YNL284C,0,3.929102,0.2132132202386856,0.20247147977352142,0.07901085913181305
YFR019W,YHR039C-A,0,3.9287052,0.21299999952316284,0.20247147977352142,0.07911138236522675
YGL220W,YLR384C,1,3.928337,0.21378621459007263,0.20342205464839935,0.07911138236522675
YER159C,YNL068C,1,3.9280663,0.21457086503505707,0.20437262952327728,0.07911138236522675
YJR112W,YMR213W,0,3.9280355,0.214356929063797,0.20437262952327728,0.07921190559864044
YDR527W,YLR016C,0,3.9279628,0.21414342522621155,0.20437262952327728,0.07931242138147354
YPL101W,YDR138W,1,3.927585,0.2149253785610199,0.20532318949699402,0.07931242138147354
YLR080W,YDR527W,0,3.9274068,0.2147117257118225,0.20532318949699402,0.07941294461488724
YDR451C,YEL030W,0,3.9269314,0.21449850499629974,0.20532318949699402,0.07951346784830093
YPL150W,YML049C,0,3.9268441,0.2142857164144516,0.20532318949699402,0.07961399108171463
YJL140W,YNL078W,0,3.925978,0.21407334506511688,0.20532318949699402,0.07971451431512833
YOR106W,YNL274C,0,3.92595,0.2138613909482956,0.20532318949699402,0.07981503754854202
YKL185W,YOL006C,1,3.9259267,0.21463897824287415,0.20627376437187195,0.07981503754854202
YGL113W,YGL060W,0,3.924196,0.21442687511444092,0.20627376437187195,0.07991556078195572
YOL108C,YGR089W,0,3.923611,0.2142152041196823,0.20627376437187195,0.08001608401536942
YPR111W,YHR008C,0,3.9232907,0.21400395035743713,0.20627376437187195,0.08011660724878311
YKL090W,YJL149W,0,3.9229262,0.2137930989265442,0.20627376437187195,0.08021713048219681
YGR238C,YIL095W,0,3.9228563,0.21358267962932587,0.20627376437187195,0.0803176537156105
YPR030W,YML062C,1,3.9227881,0.2143559455871582,0.20722433924674988,0.0803176537156105
YGR251W,YJL176C,0,3.9225116,0.21414537727832794,0.20722433924674988,0.0804181769490242
YDL078C,YLR026C,0,3.9222867,0.2139352262020111,0.20722433924674988,0.0805187001824379
YBR182C,YLR033W,1,3.921555,0.21470588445663452,0.2081748992204666,0.0805187001824379
YDR498C,YLL040C,0,3.9213617,0.21449559926986694,0.2081748992204666,0.08061922341585159
YOR168W,YOR285W,0,3.9213405,0.2142857164144516,0.2081748992204666,0.08071973919868469
YBR281C,YFL023W,0,3.9212377,0.21407625079154968,0.2081748992204666,0.08082026243209839
YIL094C,YLL061W,0,3.921161,0.2138671875,0.2081748992204666,0.08092078566551208
YLR197W,YNL208W,0,3.920495,0.21365854144096375,0.2081748992204666,0.08102130889892578
YEL062W,YNR003C,0,3.920342,0.21345029771327972,0.2081748992204666,0.08112183213233948
YFR029W,YKL078W,0,3.9198515,0.21324245631694794,0.2081748992204666,0.08122235536575317
YPL122C,YNL330C,1,3.918254,0.21400777995586395,0.20912547409534454,0.08122235536575317
YBR183W,YGR072W,0,3.9173946,0.21379980444908142,0.20912547409534454,0.08132287859916687
YNL163C,YDL024C,0,3.9170084,0.21359223127365112,0.20912547409534454,0.08142340183258057
YBR118W,YMR039C,0,3.9166305,0.21338506042957306,0.20912547409534454,0.08152392506599426
YNL178W,YOR393W,0,3.91502,0.21317829191684723,0.20912547409534454,0.08162444829940796
YDR429C,YLR005W,0,3.914525,0.21297192573547363,0.20912547409534454,0.08172497153282166
YOL028C,YPR056W,1,3.9144232,0.21373307704925537,0.21007604897022247,0.08172497153282166
YBR278W,YKL144C,0,3.9133563,0.21352657675743103,0.21007604897022247,0.08182549476623535
YLR285W,YOL108C,0,3.9131465,0.21332046389579773,0.21007604897022247,0.08192601799964905
YBR072W,YIL133C,0,3.9129617,0.21311475336551666,0.21007604897022247,0.08202654123306274
YHR085W,YOR180C,0,3.912899,0.21290944516658783,0.21007604897022247,0.08212705701589584
YIL056W,YBL006C,1,3.9127817,0.21366699039936066,0.2110266089439392,0.08212705701589584
YOL158C,YMR090W,0,3.9120555,0.21346153318881989,0.2110266089439392,0.08222758024930954
YIL017C,YML015C,1,3.910497,0.21421709656715393,0.21197718381881714,0.08222758024930954
YFR013W,YGR143W,0,3.9102235,0.2140115201473236,0.21197718381881714,0.08232810348272324
YER175C,YDR389W,0,3.9082255,0.21380633115768433,0.21197718381881714,0.08242862671613693
YML073C,YIR039C,0,3.9076715,0.21360152959823608,0.21197718381881714,0.08252914994955063
YDL179W,YML080W,0,3.9074667,0.21339713037014008,0.21197718381881714,0.08262967318296432
YBR031W,YBR072W,0,3.9072688,0.2131931185722351,0.21197718381881714,0.08273019641637802
YPR052C,YEL009C,1,3.9072683,0.21394459903240204,0.21292775869369507,0.08273019641637802
YPR137W,YNL192W,0,3.907081,0.21374045312404633,0.21292775869369507,0.08283071964979172
YJR138W,YKL013C,0,3.9067044,0.21353669464588165,0.21292775869369507,0.08293124288320541
YKL020C,YGL216W,0,3.905385,0.2133333384990692,0.21292775869369507,0.08303176611661911
YDR083W,YAL039C,0,3.905126,0.21313035488128662,0.21292775869369507,0.0831322893500328
YGR034W,YML039W,0,3.9050336,0.21292775869369507,0.21292775869369507,0.0832328125834465
YDR460W,YNL182C,0,3.9049835,0.21272554993629456,0.21292775869369507,0.0833333358168602
YCL036W,YLR165C,0,3.9042592,0.2125237137079239,0.21292775869369507,0.0834338590502739
YOR089C,YLL012W,0,3.9038677,0.21232227981090546,0.21292775869369507,0.08353438228368759
YJR119C,YIL021W,0,3.9031227,0.21212121844291687,0.21292775869369507,0.08363489806652069
YLL029W,YLR115W,1,3.9029152,0.21286660432815552,0.213878333568573,0.08363489806652069
YMR043W,YPL202C,1,3.9028246,0.21361058950424194,0.21482889354228973,0.08363489806652069
YKL013C,YOR377W,0,3.902683,0.21340887248516083,0.21482889354228973,0.08373542129993439
YJL087C,YJR119C,0,3.9021564,0.21320754289627075,0.21482889354228973,0.08383594453334808
YDR383C,YOL129W,0,3.9017835,0.21300660073757172,0.21482889354228973,0.08393646776676178
YPR187W,YDR304C,0,3.9015944,0.21280603110790253,0.21482889354228973,0.08403699100017548
YOL010W,YPR152C,0,3.9001808,0.21260583400726318,0.21482889354228973,0.08413751423358917
YPL119C,YBR010W,0,3.89866,0.2124060094356537,0.21482889354228973,0.08423803746700287
YOR206W,YKL103C,0,3.8986487,0.21220657229423523,0.21482889354228973,0.08433856070041656
YMR295C,YBL034C,0,3.8985515,0.21200750768184662,0.21482889354228973,0.08443908393383026
YLR228C,YJL225C,0,3.8977466,0.21180881559848785,0.21482889354228973,0.08453960716724396
YLR088W,YHR008C,0,3.897511,0.21161048114299774,0.21482889354228973,0.08464013040065765
YHL009C,YMR037C,1,3.8973277,0.21234798431396484,0.21577946841716766,0.08464013040065765
YOL070C,YDR285W,0,3.8960838,0.21214953064918518,0.21577946841716766,0.08474065363407135
YER125W,YCR014C,0,3.8958592,0.21195144951343536,0.21577946841716766,0.08484117686748505
YMR179W,YKL062W,1,3.8958225,0.21268656849861145,0.2167300432920456,0.08484117686748505
YGL014W,YER101C,0,3.8945482,0.2124883532524109,0.2167300432920456,0.08494170010089874
YDR205W,YMR227C,0,3.8938336,0.21229049563407898,0.2167300432920456,0.08504221588373184
YGL094C,YLR016C,0,3.8934019,0.2120930254459381,0.2167300432920456,0.08514273911714554
YMR168C,YOR168W,0,3.8927717,0.2118959128856659,0.2167300432920456,0.08524326235055923
YER068W,YMR037C,1,3.8926964,0.21262766420841217,0.21768060326576233,0.08524326235055923
YDL206W,YLL061W,0,3.8924685,0.2124304324388504,0.21768060326576233,0.08534378558397293
YBR238C,YNL239W,0,3.891612,0.2122335433959961,0.21768060326576233,0.08544430881738663
YGL162W,YDR169C,1,3.8901625,0.21296297013759613,0.21863117814064026,0.08544430881738663
YNL121C,YLR164W,0,3.8898768,0.21276596188545227,0.21863117814064026,0.08554483205080032
YDL107W,YJR053W,0,3.8897564,0.21256931126117706,0.21863117814064026,0.08564535528421402
YML051W,YNR018W,0,3.8893905,0.2123730331659317,0.21863117814064026,0.08574587851762772
YJR127C,YIR032C,0,3.888414,0.2121771275997162,0.21863117814064026,0.08584640175104141
YHR143W-A,YAL021C,1,3.8883758,0.21290323138237,0.2195817530155182,0.08584640175104141
YHR211W,YLR268W,0,3.888082,0.21270717680454254,0.2195817530155182,0.08594692498445511
YJR107W,YMR008C,0,3.887753,0.21251149475574493,0.2195817530155182,0.0860474482178688
YGL014W,YMR115W,0,3.8873048,0.21231617033481598,0.2195817530155182,0.0861479714512825
YJR055W,YJR006W,0,3.8869352,0.21212121844291687,0.2195817530155182,0.0862484946846962
YGR034W,YJL213W,0,3.8865595,0.21192660927772522,0.2195817530155182,0.0863490179181099
YOL158C,YNL092W,0,3.8860407,0.21173235774040222,0.2195817530155182,0.08644954115152359
YFL048C,YDR195W,0,3.8859525,0.21153846383094788,0.2195817530155182,0.08655005693435669
YML071C,YLR309C,0,3.8846056,0.21134492754936218,0.2195817530155182,0.08665058016777039
YJR138W,YDL074C,0,3.8844535,0.21115173399448395,0.2195817530155182,0.08675110340118408
YBR247C,YPR083W,0,3.8838997,0.21095889806747437,0.2195817530155182,0.08685162663459778
YLR277C,YOL006C,1,3.8837428,0.21167883276939392,0.22053231298923492,0.08685162663459778
YKR019C,YNL078W,0,3.8835592,0.2114858776330948,0.22053231298923492,0.08695214986801147
YDR067C,YGL113W,0,3.8828838,0.2112932652235031,0.22053231298923492,0.08705267310142517
YJR082C,YDR392W,0,3.8815618,0.2111009955406189,0.22053231298923492,0.08715319633483887
YGR186W,YMR030W,1,3.8807697,0.21181818842887878,0.22148288786411285,0.08715319633483887
YPR030W,YJR140C,1,3.8803875,0.21253405511379242,0.22243346273899078,0.08715319633483887
YBR182C,YJL140W,1,3.880263,0.21324864029884338,0.2233840376138687,0.08715319633483887
YLR165C,YMR032W,0,3.8796234,0.2130552977323532,0.2233840376138687,0.08725371956825256
YDR072C,YDR364C,0,3.8795466,0.2128623127937317,0.2233840376138687,0.08735424280166626
YGR085C,YDR392W,0,3.879105,0.21266968548297882,0.2233840376138687,0.08745476603507996
YDL070W,YOR294W,0,3.878264,0.2124774008989334,0.2233840376138687,0.08755528926849365
YJL149W,YLR348C,0,3.8781042,0.21228545904159546,0.2233840376138687,0.08765581250190735
YPL150W,YHR079C,0,3.8779142,0.21209385991096497,0.2233840376138687,0.08775633573532104
YOR148C,YPR149W,0,3.8765788,0.21190261840820312,0.2233840376138687,0.08785685896873474
YCR052W,YNL092W,0,3.875412,0.21171170473098755,0.2233840376138687,0.08795737475156784
YDR527W,YGR229C,0,3.8747604,0.21152114868164062,0.2233840376138687,0.08805789798498154
YIL080W,YKL144C,0,3.874531,0.21133093535900116,0.2233840376138687,0.08815842121839523
YOR222W,YGR222W,0,3.8740146,0.21114106476306915,0.2233840376138687,0.08825894445180893
YKL078W,YFL021W,0,3.8740125,0.2109515219926834,0.2233840376138687,0.08835946768522263
YAL063C,YLL019C,0,3.8737485,0.21076233685016632,0.2233840376138687,0.08845999091863632
YLR033W,YDR497C,0,3.8735394,0.2105734795331955,0.2233840376138687,0.08856051415205002
YDR281C,YLR330W,0,3.8724933,0.21038496494293213,0.2233840376138687,0.08866103738546371
YKL082C,YHR135C,0,3.8724446,0.21019677817821503,0.2233840376138687,0.08876156061887741
YBR066C,YAL039C,0,3.8719592,0.21000893414020538,0.2233840376138687,0.08886208385229111
YNL273W,YIL080W,0,3.8716683,0.2098214328289032,0.2233840376138687,0.0889626070857048
YML010W,YNL107W,1,3.8712578,0.21052631735801697,0.22433459758758545,0.0889626070857048
YJR078W,YBR172C,0,3.8712394,0.21033868193626404,0.22433459758758545,0.0890631303191185
YGL115W,YDR145W,1,3.870469,0.21104185283184052,0.22528517246246338,0.0890631303191185
YDR464W,YKL062W,1,3.87013,0.2117437720298767,0.2262357473373413,0.0890631303191185
YKL174C,YMR176W,0,3.8700545,0.21155555546283722,0.2262357473373413,0.0891636535525322
YNL160W,YNL182C,0,3.8698254,0.211367666721344,0.2262357473373413,0.08926417678594589
YLR129W,YBR072W,0,3.8694103,0.21118012070655823,0.2262357473373413,0.08936470001935959
YML112W,YDL097C,0,3.8687146,0.21099290251731873,0.2262357473373413,0.08946521580219269
YNL202W,YKR006C,0,3.868634,0.21080602705478668,0.2262357473373413,0.08956573903560638
YOL141W,YOR147W,0,3.868055,0.2106194645166397,0.2262357473373413,0.08966626226902008
YMR046C,YOR215C,0,3.8678126,0.2104332447052002,0.2262357473373413,0.08976678550243378
YPR198W,YDL035C,0,3.8675218,0.21024735271930695,0.2262357473373413,0.08986730873584747
YGL237C,YGR229C,0,3.866845,0.21006178855895996,0.2262357473373413,0.08996783196926117
YBR294W,YNL147W,0,3.8657386,0.20987653732299805,0.2262357473373413,0.09006835520267487
YLR452C,YOR285W,0,3.8657088,0.2096916288137436,0.2262357473373413,0.09016887843608856
YDR289C,YGL209W,1,3.8655267,0.21038731932640076,0.22718630731105804,0.09016887843608856
YDR245W,YDR392W,0,3.8651116,0.21020229160785675,0.22718630731105804,0.09026940166950226
YDR090C,YOR089C,0,3.8649645,0.21001757681369781,0.22718630731105804,0.09036992490291595
YKL082C,YIL042C,0,3.8646245,0.20983318984508514,0.22718630731105804,0.09047044813632965
YDR454C,YKL001C,0,3.8645687,0.20964911580085754,0.22718630731105804,0.09057097136974335
YJL112W,YJR112W,0,3.8641744,0.2094653844833374,0.22718630731105804,0.09067149460315704
YBR095C,YPL129W,1,3.863793,0.2101576179265976,0.22813688218593597,0.09067149460315704
YHR209W,YJL200C,0,3.862465,0.2099737524986267,0.22813688218593597,0.09077201783657074
YKR071C,YNR003C,0,3.8613658,0.2097902148962021,0.22813688218593597,0.09087253361940384
YDR090C,YAL033W,0,3.861108,0.20960699021816254,0.22813688218593597,0.09097305685281754
YFL038C,YLR026C,0,3.8608685,0.20942407846450806,0.22813688218593597,0.09107358008623123
YKL186C,YPL093W,0,3.8608296,0.20924149453639984,0.22813688218593597,0.09117410331964493
YLL019C,YKL175W,0,3.860744,0.2090592384338379,0.22813688218593597,0.09127462655305862
YNR017W,YJL155C,0,3.8599184,0.20887728035449982,0.22813688218593597,0.09137514978647232
YBR128C,YKL144C,0,3.859764,0.208695650100708,0.22813688218593597,0.09147567301988602
YLR208W,YOL151W,0,3.8590598,0.20851433277130127,0.22813688218593597,0.09157619625329971
YDL217C,YBR287W,0,3.8586311,0.2083333283662796,0.22813688218593597,0.09167671948671341
YIL128W,YFR045W,0,3.8584604,0.2081526517868042,0.22813688218593597,0.0917772427201271
YOR251C,YGL060W,0,3.8578987,0.20797227323055267,0.22813688218593597,0.0918777659535408
YOL145C,YMR180C,0,3.8572073,0.20779220759868622,0.22813688218593597,0.0919782891869545
YPL230W,YCR081W,1,3.8569837,0.20847751200199127,0.2290874570608139,0.0919782891869545
YDR211W,YFR018C,0,3.8563428,0.20829732716083527,0.2290874570608139,0.0920788124203682
YKR057W,YJL079C,0,3.8555155,0.20811744034290314,0.2290874570608139,0.09217933565378189
YPL213W,YNR057C,0,3.8549335,0.20793788135051727,0.2290874570608139,0.09227985888719559
YOR147W,YNR013C,0,3.8543737,0.20775862038135529,0.2290874570608139,0.09238037467002869
YJR051W,YOR355W,0,3.8534951,0.20757967233657837,0.2290874570608139,0.09248089790344238
YLR418C,YPL177C,1,3.8533688,0.2082616239786148,0.23003801703453064,0.09248089790344238
YIL020C,YGR143W,0,3.8529239,0.20808254182338715,0.23003801703453064,0.09258142113685608
YLR305C,YOR138C,0,3.8526886,0.20790378749370575,0.23003801703453064,0.09268194437026978
YPR199C,YKL043W,1,3.8526404,0.20858369767665863,0.23098859190940857,0.09268194437026978
YBL041W,YER145C,0,3.8521843,0.2084048092365265,0.23098859190940857,0.09278246760368347
YOR301W,YDL227C,0,3.851738,0.20822621881961823,0.23098859190940857,0.09288299083709717
YGR143W,YFL023W,0,3.8515923,0.20804794132709503,0.23098859190940857,0.09298351407051086
YOR283W,YGR255C,0,3.8515763,0.2078699767589569,0.23098859190940857,0.09308403730392456
YIL035C,YOR285W,0,3.851183,0.20769231021404266,0.23098859190940857,0.09318456053733826
YKL020C,YDL197C,0,3.8509166,0.2075149416923523,0.23098859190940857,0.09328508377075195
YLR289W,YIL020C,0,3.8508787,0.207337886095047,0.23098859190940857,0.09338560700416565
YMR005W,YAL056W,1,3.8506064,0.2080136388540268,0.2319391667842865,0.09338560700416565
YGL112C,YMR136W,0,3.8500216,0.20783644914627075,0.2319391667842865,0.09348613023757935
YGL209W,YDR403W,0,3.8497868,0.20765957236289978,0.2319391667842865,0.09358665347099304
YDL024C,YOR123C,0,3.8493376,0.20748299360275269,0.2319391667842865,0.09368717670440674
YGR264C,YDR310C,0,3.8487,0.20730671286582947,0.2319391667842865,0.09378769248723984
YNL107W,YPR149W,0,3.8486738,0.20713073015213013,0.2319391667842865,0.09388821572065353
YFL057C,YBR095C,0,3.848166,0.20695504546165466,0.2319391667842865,0.09398873895406723
YNL199C,YGR063C,1,3.8472376,0.20762711763381958,0.23288972675800323,0.09398873895406723
YDR371W,YPL098C,0,3.8463397,0.20745131373405457,0.23288972675800323,0.09408926218748093
YGR229C,YLL061W,0,3.846277,0.20727580785751343,0.23288972675800323,0.09418978542089462
YCL008C,YDR222W,0,3.8462148,0.20710058510303497,0.23288972675800323,0.09429030865430832
YOL135C,YPR187W,1,3.8462145,0.20777027308940887,0.23384030163288116,0.09429030865430832
YPL259C,YGL019W,0,3.846115,0.20759493112564087,0.23384030163288116,0.09439083188772202
YGL256W,YGR070W,0,3.8458657,0.20741990208625793,0.23384030163288116,0.09449135512113571
YOR304C-A,YDR415C,0,3.8456428,0.20724515616893768,0.23384030163288116,0.09459187835454941
YJL144W,YMR308C,0,3.845547,0.2070707082748413,0.23384030163288116,0.0946924015879631
YKR071C,YNL160W,0,3.844626,0.2068965584039688,0.23384030163288116,0.0947929248213768
YDR423C,YOR172W,1,3.8442636,0.20756302773952484,0.2347908765077591,0.0947929248213768
YNL122C,YMR308C,0,3.8439152,0.2073887437582016,0.2347908765077591,0.0948934480547905
YMR172W,YIL036W,1,3.8431516,0.20805369317531586,0.23574145138263702,0.0948934480547905
YNL121C,YOR008C,0,3.8431377,0.20787928998470306,0.23574145138263702,0.0949939712882042
YOL129W,YNL182C,0,3.8429868,0.20770519971847534,0.23574145138263702,0.09509449452161789
YPR182W,YOR123C,0,3.842916,0.2075313776731491,0.23574145138263702,0.09519501775503159
YDL128W,YOR340C,0,3.8425884,0.20735785365104675,0.23574145138263702,0.09529553353786469
YOR206W,YKL168C,0,3.8424165,0.20718462765216827,0.23574145138263702,0.09539605677127838
YIL143C,YFR036W,0,3.8423052,0.20701168477535248,0.23574145138263702,0.09549658000469208
YER138C,YNR002C,0,3.8422418,0.20683903992176056,0.23574145138263702,0.09559710323810577
YMR169C,YKL203C,0,3.8419213,0.20666666328907013,0.23574145138263702,0.09569762647151947
YMR218C,YNL050C,0,3.8418083,0.20649458467960358,0.23574145138263702,0.09579814970493317
YPR196W,YFR052W,0,3.8416612,0.2063227891921997,0.23574145138263702,0.09589867293834686
YKR071C,YHR030C,0,3.8414776,0.20615129172801971,0.23574145138263702,0.09599919617176056
YGL233W,YOR180C,0,3.8412719,0.2059800624847412,0.23574145138263702,0.09609971940517426
YGR081C,YDR205W,0,3.8408713,0.20580913126468658,0.23574145138263702,0.09620024263858795
YGR288W,YNR067C,0,3.8401513,0.20563846826553345,0.23574145138263702,0.09630076587200165
YLL004W,YML109W,0,3.8389597,0.2054681032896042,0.23574145138263702,0.09640128910541534
YNL127W,YMR179W,0,3.838897,0.20529800653457642,0.23574145138263702,0.09650181233882904
YLR165C,YNL121C,0,3.8388464,0.20512820780277252,0.23574145138263702,0.09660233557224274
YKL190W,YOR145C,0,3.8384032,0.20495867729187012,0.23574145138263702,0.09670285135507584
YMR172W,YMR246W,0,3.8382092,0.2047894299030304,0.23574145138263702,0.09680337458848953
YKL093W,YLL002W,0,3.837817,0.20462046563625336,0.23574145138263702,0.09690389782190323
YPL101W,YOR244W,1,3.8376381,0.20527617633342743,0.23669201135635376,0.09690389782190323
YPR162C,YPR163C,0,3.8369238,0.20510707795619965,0.23669201135635376,0.09700442105531693
YOL045W,YLR028C,0,3.8360927,0.20493827760219574,0.23669201135635376,0.09710494428873062
YNL281W,YMR065W,0,3.8352494,0.20476973056793213,0.23669201135635376,0.09720546752214432
YDL215C,YBR281C,0,3.834718,0.2046014815568924,0.23669201135635376,0.09730599075555801
YER148W,YOL054W,1,3.8344479,0.20525451004505157,0.2376425862312317,0.09730599075555801
YGL151W,YCR042C,1,3.8329804,0.205906480550766,0.23859316110610962,0.09730599075555801
YOR287C,YMR295C,0,3.8325374,0.20573770999908447,0.23859316110610962,0.09740651398897171
YGR052W,YLR389C,0,3.831665,0.20556920766830444,0.23859316110610962,0.0975070372223854
YGR167W,YKL094W,0,3.8316362,0.2054009884595871,0.23859316110610962,0.0976075604557991
YHR058C,YGL130W,1,3.831342,0.20605069398880005,0.23954372107982635,0.0976075604557991
YOR292C,YLR440C,0,3.8311782,0.20588235557079315,0.23954372107982635,0.0977080836892128
YJR070C,YMR186W,0,3.8302274,0.20571428537368774,0.23954372107982635,0.0978086069226265
YMR019W,YJL155C,0,3.8293319,0.20554649829864502,0.23954372107982635,0.09790913015604019
YPL240C,YLR103C,0,3.8287287,0.20537897944450378,0.23954372107982635,0.09800965338945389
YJL103C,YPL104W,0,3.828504,0.20521172881126404,0.23954372107982635,0.09811017662286758
YOL010W,YPR091C,0,3.826669,0.20504474639892578,0.23954372107982635,0.09821069240570068
YPR182W,YLR452C,0,3.8261876,0.2048780471086502,0.23954372107982635,0.09831121563911438
YGR155W,YIR032C,0,3.8261573,0.20471161603927612,0.23954372107982635,0.09841173887252808
YJL178C,YNR003C,0,3.8252993,0.20454545319080353,0.23954372107982635,0.09851226210594177
YGR281W,YNL230C,0,3.8249865,0.20437955856323242,0.23954372107982635,0.09861278533935547
YGL112C,YML015C,1,3.824341,0.20502431690692902,0.24049429595470428,0.09861278533935547
YCL014W,YJR130C,0,3.8241866,0.20485830307006836,0.24049429595470428,0.09871330857276917
YJR101W,YLL012W,0,3.823883,0.2046925574541092,0.24049429595470428,0.09881383180618286
YDL070W,YDL148C,0,3.8234155,0.2045270800590515,0.24049429595470428,0.09891435503959656
YKL067W,YLR024C,0,3.8227403,0.20436187088489532,0.24049429595470428,0.09901487827301025
YDR245W,YFR036W,0,3.8226833,0.20419692993164062,0.24049429595470428,0.09911540150642395
YAL017W,YDR389W,0,3.8221045,0.20403225719928741,0.24049429595470428,0.09921592473983765
YKL028W,YOR172W,1,3.8216143,0.2046736478805542,0.24144487082958221,0.09921592473983765
YOL045W,YHR057C,0,3.8216133,0.20450885593891144,0.24144487082958221,0.09931644797325134
YOL155C,YKR069W,0,3.8215208,0.20434433221817017,0.24144487082958221,0.09941697120666504
YOL155C,YPR138C,0,3.820824,0.2041800618171692,0.24144487082958221,0.09951749444007874
YOR151C,YBR240C,1,3.8204367,0.20481927692890167,0.24239543080329895,0.09951749444007874
YDR137W,YGR113W,0,3.8195484,0.20465490221977234,0.24239543080329895,0.09961801022291183
YOL045W,YKR066C,0,3.8193457,0.2044907808303833,0.24239543080329895,0.09971853345632553
YMR145C,YOL054W,0,3.8187447,0.20432692766189575,0.24239543080329895,0.09981905668973923
YPL240C,YOR099W,0,3.818551,0.2041633278131485,0.24239543080329895,0.09991957992315292
YER185W,YJL178C,0,3.8185117,0.20399999618530273,0.24239543080329895,0.10002010315656662
YDL059C,YGR089W,0,3.8183725,0.20383693277835846,0.24239543080329895,0.10012062638998032
YLL045C,YHL027W,0,3.818213,0.20367412269115448,0.24239543080329895,0.10022114962339401
YGR264C,YOL107W,0,3.817175,0.2035115659236908,0.24239543080329895,0.10032167285680771
YLR401C,YJL149W,0,3.8168268,0.2033492773771286,0.24239543080329895,0.1004221960902214
YDR159W,YDR262W,0,3.8167813,0.2031872570514679,0.24239543080329895,0.1005227193236351
YPR091C,YEL029C,0,3.8167706,0.2030254751443863,0.24239543080329895,0.1006232425570488
YHR059W,YHR082C,0,3.8162272,0.20286396145820618,0.24239543080329895,0.1007237657904625
YLR309C,YOR008C,0,3.8161175,0.20270270109176636,0.24239543080329895,0.10082428902387619
YFR013W,YMR020W,0,3.8158166,0.20254169404506683,0.24239543080329895,0.10092481225728989
YKL168C,YDR496C,0,3.8149345,0.2023809552192688,0.24239543080329895,0.10102532804012299
YIL002C,YGL060W,0,3.814584,0.20222045481204987,0.24239543080329895,0.10112585127353668
YGR084C,YGL113W,0,3.8141694,0.20206022262573242,0.24239543080329895,0.10122637450695038
YDR460W,YOR179C,1,3.8141398,0.20269200205802917,0.24334600567817688,0.10122637450695038
YKR008W,YOL135C,1,3.8124871,0.20332278311252594,0.2442965805530548,0.10122637450695038
YER101C,YMR075W,0,3.8124433,0.2031620591878891,0.2442965805530548,0.10132689774036407
YER161C,YDR167W,1,3.810559,0.20379146933555603,0.24524715542793274,0.10132689774036407
YLR452C,YJL004C,0,3.810389,0.20363062620162964,0.24524715542793274,0.10142742097377777
YMR319C,YOR098C,0,3.8091185,0.20347003638744354,0.24524715542793274,0.10152794420719147
YDR449C,YGL220W,0,3.808021,0.20330969989299774,0.24524715542793274,0.10162846744060516
YPL110C,YPL259C,0,3.807828,0.20314960181713104,0.24524715542793274,0.10172899067401886
YMR145C,YIL083C,0,3.8078024,0.20298977196216583,0.24524715542793274,0.10182951390743256
YJR055W,YPR191W,0,3.8077803,0.20283019542694092,0.24524715542793274,0.10193003714084625
YDL121C,YPL087W,0,3.8056817,0.2026708573102951,0.24524715542793274,0.10203056037425995
YJL103C,YJL176C,0,3.8050895,0.2025117725133896,0.24524715542793274,0.10213108360767365
YHR061C,YAR027W,0,3.805037,0.20235294103622437,0.24524715542793274,0.10223160684108734
YDR245W,YBR026C,0,3.8042774,0.20219436287879944,0.24524715542793274,0.10233213007450104
YGL209W,YOR047C,1,3.803958,0.2028191089630127,0.24619771540164948,0.10233213007450104
YLR285W,YCR011C,0,3.8036127,0.20266041159629822,0.24619771540164948,0.10243265330791473
YER008C,YPR163C,0,3.8030105,0.20250195264816284,0.24619771540164948,0.10253316909074783
YAL031C,YML109W,0,3.8025641,0.20234374701976776,0.24619771540164948,0.10263369232416153
YOR162C,YMR091C,1,3.8022606,0.20296643674373627,0.2471482902765274,0.10263369232416153
YLR055C,YKL062W,1,3.8017192,0.20358814299106598,0.24809886515140533,0.10263369232416153
YOR099W,YPL093W,0,3.8010395,0.2034294605255127,0.24809886515140533,0.10273421555757523
YBR170C,YAL040C,0,3.800785,0.2032710313796997,0.24809886515140533,0.10283473879098892
YMR270C,YHR008C,0,3.8006616,0.20311284065246582,0.24809886515140533,0.10293526202440262
YER125W,YDL148C,0,3.800571,0.20295490324497223,0.24809886515140533,0.10303578525781631
YPR144C,YAL060W,0,3.7998152,0.20279720425605774,0.24809886515140533,0.10313630849123001
YDR453C,YKL166C,0,3.7995949,0.20263975858688354,0.24809886515140533,0.10323683172464371
YML099C,YLR033W,0,3.799558,0.20248255133628845,0.24809886515140533,0.1033373549580574
YGR274C,YGL043W,1,3.7992208,0.2031007707118988,0.24904942512512207,0.1033373549580574
YOR304W,YOR142W,0,3.7985773,0.20294345915317535,0.24904942512512207,0.1034378781914711
YPR162C,YDL215C,0,3.7984529,0.2027863711118698,0.24904942512512207,0.1035384014248848
YDR216W,YPL235W,1,3.7984204,0.20340293645858765,0.25,0.1035384014248848
YOL141W,YIL095W,0,3.7974477,0.20324574410915375,0.25,0.10363892465829849
YDL084W,YHR079C,0,3.7972157,0.20308880507946014,0.25,0.10373944789171219
YJL066C,YGR095C,0,3.7967572,0.20293210446834564,0.25,0.10383997112512589
YOL067C,YOR047C,1,3.7962096,0.2035466432571411,0.25095057487487793,0.10383997112512589
YDR082W,YGL203C,0,3.795647,0.20338982343673706,0.25095057487487793,0.10394048690795898
YKR054C,YDR364C,0,3.795525,0.2032332569360733,0.25095057487487793,0.10404101014137268
YNL261W,YOR299W,0,3.7954292,0.20307692885398865,0.25095057487487793,0.10414153337478638
YPR005C,YNL230C,1,3.7946856,0.20368947088718414,0.25190114974975586,0.10414153337478638
YOR106W,YAR035W,0,3.794289,0.20353302359580994,0.25190114974975586,0.10424205660820007
YER074W,YJL213W,0,3.7938814,0.20337682962417603,0.25190114974975586,0.10434257984161377
YOR028C,YBR215W,1,3.7935822,0.2039877325296402,0.2528517246246338,0.10434257984161377
YGL174W,YDR109C,0,3.793316,0.20383141934871674,0.2528517246246338,0.10444310307502747
YPR194C,YLR183C,0,3.7918153,0.20367534458637238,0.2528517246246338,0.10454362630844116
YGL010W,YDR151C,0,3.791332,0.20351950824260712,0.2528517246246338,0.10464414954185486
YMR168C,YHR066W,0,3.7910914,0.20336391031742096,0.2528517246246338,0.10474467277526855
YDL170W,YER019C-A,0,3.7907248,0.2032085508108139,0.2528517246246338,0.10484519600868225
YDL206W,YAL038W,0,3.7900958,0.20305342972278595,0.2528517246246338,0.10494571924209595
YOR147W,YNL110C,0,3.790008,0.2028985470533371,0.2528517246246338,0.10504624247550964
YDL165W,YPL042C,1,3.7891245,0.20350609719753265,0.25380226969718933,0.10504624247550964
YPL087W,YMR239C,0,3.788852,0.20335111021995544,0.25380226969718933,0.10514676570892334
YDR083W,YHR041C,0,3.788705,0.20319634675979614,0.25380226969718933,0.10524728894233704
YPL151C,YHR060W,0,3.7882562,0.20304182171821594,0.25380226969718933,0.10534781217575073
YMR186W,YOL040C,0,3.7875586,0.20288753509521484,0.25380226969718933,0.10544832795858383
YER052C,YDR260C,0,3.7873802,0.20273348689079285,0.25380226969718933,0.10554885119199753
YDR448W,YOR028C,1,3.7869358,0.2033383846282959,0.25475284457206726,0.10554885119199753
YOL155C,YMR301C,0,3.7862554,0.20318423211574554,0.25475284457206726,0.10564937442541122
YLL019C,YNL070W,0,3.7859497,0.2030303031206131,0.25475284457206726,0.10574989765882492
YLR033W,YML098W,1,3.7850096,0.2036336064338684,0.2557034194469452,0.10574989765882492
YER101C,YOR162C,0,3.7845955,0.2034795731306076,0.2557034194469452,0.10585042089223862
YPR008W,YIR018W,1,3.7842774,0.20408163964748383,0.2566539943218231,0.10585042089223862
YOL045W,YJR032W,0,3.7831473,0.20392748713493347,0.2566539943218231,0.10595094412565231
YOR106W,YER150W,0,3.7829552,0.2037735879421234,0.2566539943218231,0.10605146735906601
YDL111C,YMR075W,0,3.7825346,0.20361991226673126,0.2566539943218231,0.1061519905924797
YPR072W,YMR172W,1,3.7813153,0.20422004163265228,0.25760456919670105,0.1061519905924797
YMR136W,YLR224W,0,3.781297,0.20406626164913177,0.25760456919670105,0.1062525138258934
YOR338W,YNL330C,1,3.781131,0.2046651691198349,0.258555144071579,0.1062525138258934
YBR031W,YMR034C,0,3.7807636,0.20451128482818604,0.258555144071579,0.1063530370593071
YHL034C,YGL169W,0,3.7802098,0.20435762405395508,0.258555144071579,0.1064535602927208
YGR167W,YJL134W,0,3.779008,0.20420420169830322,0.258555144071579,0.10655408352613449
YHL020C,YML015C,1,3.7785535,0.20480120182037354,0.2595056891441345,0.10655408352613449
YCR052W,YGL019W,0,3.778543,0.20464767515659332,0.2595056891441345,0.10665460675954819
YBR193C,YCR081W,1,3.7779126,0.20524343848228455,0.26045626401901245,0.10665460675954819
YIL143C,YPR190C,0,3.777385,0.20508982241153717,0.26045626401901245,0.10675512999296188
YEL040W,YML128C,0,3.7772212,0.2049364298582077,0.26045626401901245,0.10685564577579498
YEL012W,YJL006C,0,3.7767696,0.20478326082229614,0.26045626401901245,0.10695616900920868
YIL143C,YGL019W,0,3.7756114,0.2046303153038025,0.26045626401901245,0.10705669224262238
YDR067C,YNR057C,0,3.7753994,0.20447760820388794,0.26045626401901245,0.10715721547603607
YAL054C,YDR164C,0,3.7753356,0.2043251246213913,0.26045626401901245,0.10725773870944977
YHR061C,YNL050C,0,3.774198,0.20417287945747375,0.26045626401901245,0.10735826194286346
YGR112W,YKR044W,0,3.7737582,0.20402084290981293,0.26045626401901245,0.10745878517627716
YOR106W,YAL039C,0,3.773513,0.2038690447807312,0.26045626401901245,0.10755930840969086
YDR389W,YGR222W,0,3.7731633,0.20371747016906738,0.26045626401901245,0.10765983164310455
YPR171W,YPL119C,0,3.7729013,0.20356611907482147,0.26045626401901245,0.10776035487651825
YGR145W,YMR145C,0,3.772798,0.20341499149799347,0.26045626401901245,0.10786087810993195
YGR156W,YJL056C,1,3.7722645,0.20400594174861908,0.2614068388938904,0.10786087810993195
YKL182W,YLR350W,0,3.7721388,0.20385470986366272,0.2614068388938904,0.10796140134334564
YMR168C,YGR222W,0,3.7719333,0.20370370149612427,0.2614068388938904,0.10806192457675934
YDR190C,YOR194C,1,3.7718,0.2042931169271469,0.2623574137687683,0.10806192457675934
YGR282C,YER074W,0,3.7710137,0.2041420191526413,0.2623574137687683,0.10816244781017303
YBR081C,YOR230W,0,3.7697637,0.2039911299943924,0.2623574137687683,0.10826297104358673
YJR006W,YDL197C,0,3.769004,0.2038404792547226,0.2623574137687683,0.10836348682641983
YDR172W,YBR067C,0,3.7689424,0.2036900371313095,0.2623574137687683,0.10846401005983353
YMR276W,YHR156C,0,3.768937,0.20353981852531433,0.2623574137687683,0.10856453329324722
YOL165C,YMR227C,0,3.7688348,0.20338982343673706,0.2623574137687683,0.10866505652666092
YBL011W,YPR083W,0,3.768825,0.2032400518655777,0.2623574137687683,0.10876557976007462
YKL172W,YKL095W,0,3.7685559,0.20309050381183624,0.2623574137687683,0.10886610299348831
YGR144W,YOR074C,0,3.7673726,0.2029411792755127,0.2623574137687683,0.10896662622690201
YPR196W,YJL149W,0,3.7666407,0.20279206335544586,0.2623574137687683,0.1090671494603157
YMR043W,YBR049C,1,3.7665365,0.2033773809671402,0.26330798864364624,0.1090671494603157
YIL079C,YLR213C,0,3.7661903,0.2032281756401062,0.26330798864364624,0.1091676726937294
YIL143C,YKR019C,0,3.765248,0.20307917892932892,0.26330798864364624,0.1092681959271431
YAL022C,YNL223W,0,3.7649474,0.20293040573596954,0.26330798864364624,0.1093687191605568
YOR279C,YJL029C,0,3.7642214,0.20278184115886688,0.26330798864364624,0.10946924239397049
YML036W,YEL029C,0,3.7639856,0.20263350009918213,0.26330798864364624,0.10956976562738419
YHL020C,YNL076W,1,3.7639298,0.20321637392044067,0.26425856351852417,0.10956976562738419
YDR301W,YER148W,1,3.7637002,0.20379839837551117,0.2652091383934021,0.10956976562738419
YDR378C,YMR229C,0,3.763668,0.203649640083313,0.2652091383934021,0.10967028886079788
YKL078W,YCL057W,0,3.7633593,0.20350109040737152,0.2652091383934021,0.10977080464363098
YLR321C,YOR178C,1,3.763175,0.20408163964748383,0.26615968346595764,0.10977080464363098
YIL056W,YMR042W,1,3.7628067,0.2046613246202469,0.26711025834083557,0.10977080464363098
YOL112W,YMR210W,0,3.7626448,0.20451237261295319,0.26711025834083557,0.10987132787704468
YOL066C,YDR151C,0,3.7622092,0.2043636292219162,0.26711025834083557,0.10997185111045837
YGR281W,YGL174W,0,3.7615607,0.20421510934829712,0.26711025834083557,0.11007237434387207
YOR147W,YFL054C,0,3.761189,0.20406681299209595,0.26711025834083557,0.11017289757728577
YNL258C,YER137C,0,3.7611759,0.2039187252521515,0.26711025834083557,0.11027342081069946
YJR112W,YCR012W,0,3.7608402,0.20377084612846375,0.26711025834083557,0.11037394404411316
YDR263C,YKL020C,0,3.7593613,0.2036231905221939,0.26711025834083557,0.11047446727752686
YDR530C,YKL130C,0,3.7591343,0.2034757435321808,0.26711025834083557,0.11057499051094055
YJL200C,YOL054W,0,3.759027,0.20332850515842438,0.26711025834083557,0.11067551374435425
YHR056C,YDR172W,0,3.7589993,0.20318149030208588,0.26711025834083557,0.11077603697776794
YOR283W,YFL013C,0,3.7586176,0.2030346840620041,0.26711025834083557,0.11087656021118164
YOR340C,YER104W,0,3.7584646,0.20288808643817902,0.26711025834083557,0.11097708344459534
YPR196W,YCL032W,0,3.757975,0.20274169743061066,0.26711025834083557,0.11107760667800903
YGL186C,YML071C,0,3.7574492,0.2025955319404602,0.26711025834083557,0.11117812991142273
YOR048C,YGL013C,1,3.757275,0.2031700313091278,0.2680608332157135,0.11117812991142273
YFL013C,YDR496C,0,3.7571645,0.203023761510849,0.2680608332157135,0.11127864569425583
YIR011C,YNL267W,0,3.757123,0.2028777003288269,0.2680608332157135,0.11137916892766953
YHR012W,YAR035W,0,3.7570245,0.20273184776306152,0.2680608332157135,0.11147969216108322
YMR077C,YOL062C,0,3.7559447,0.20258620381355286,0.2680608332157135,0.11158021539449692
YLR009W,YPL112C,0,3.755839,0.2024407684803009,0.2680608332157135,0.11168073862791061
YIL128W,YER168C,0,3.755381,0.20229555666446686,0.2680608332157135,0.11178126186132431
YDL028C,YDL022W,0,3.7551208,0.20215053856372833,0.2680608332157135,0.111881785094738
YKL013C,YFR031C,0,3.7539313,0.20200572907924652,0.2680608332157135,0.1119823083281517
YOR028C,YOL005C,1,3.7537339,0.20257695019245148,0.26901140809059143,0.1119823083281517
YPL150W,YMR061W,0,3.75358,0.2024320513010025,0.26901140809059143,0.1120828315615654
YJL171C,YML109W,0,3.7533488,0.20228734612464905,0.26901140809059143,0.1121833547949791
YNL147W,YKL061W,0,3.7520978,0.2021428644657135,0.26901140809059143,0.11228387802839279
YOR106W,YHR002W,0,3.7517495,0.20199857652187347,0.26901140809059143,0.11238440126180649
YLR073C,YNR002C,0,3.7516177,0.20185449719429016,0.26901140809059143,0.11248492449522018
YGR032W,YBL034C,0,3.7509875,0.20171062648296356,0.26901140809059143,0.11258544772863388
YCL036W,YJR082C,0,3.750742,0.20156694948673248,0.26901140809059143,0.11268596351146698
YDR281C,YCR012W,0,3.7504911,0.20142348110675812,0.26901140809059143,0.11278648674488068
YPL129W,YGL073W,1,3.7504086,0.201991468667984,0.26996198296546936,0.11278648674488068
YGR104C,YPR034W,1,3.7502587,0.20255863666534424,0.2709125578403473,0.11278648674488068
YKL217W,YLR043C,0,3.7497864,0.20241476595401764,0.2709125578403473,0.11288700997829437
YKL093W,YEL022W,0,3.7493718,0.20227111876010895,0.2709125578403473,0.11298753321170807
YNL008C,YPR043W,0,3.7492805,0.20212766528129578,0.2709125578403473,0.11308805644512177
YBR066C,YER165W,0,3.7492332,0.20198440551757812,0.2709125578403473,0.11318857967853546
YMR180C,YER137C,0,3.7487667,0.2018413543701172,0.2709125578403473,0.11328910291194916
YPR035W,YDR229W,0,3.748425,0.20169851183891296,0.2709125578403473,0.11338962614536285
YNL044W,YGR118W,0,3.7482076,0.20155586302280426,0.2709125578403473,0.11349014937877655
YEL052W,YKR036C,0,3.7476864,0.20141342282295227,0.2709125578403473,0.11359067261219025
YDR473C,YLR350W,0,3.747587,0.201271191239357,0.2709125578403473,0.11369119584560394
YMR168C,YOR340C,0,3.7470708,0.20112915337085724,0.2709125578403473,0.11379171907901764
YOR301W,YER002W,0,3.7466862,0.200987309217453,0.2709125578403473,0.11389224231243134
YLR025W,YPR159W,0,3.7458615,0.2008456587791443,0.2709125578403473,0.11399276554584503
YNL008C,YGR252W,0,3.7457075,0.20070423185825348,0.2709125578403473,0.11409328877925873
YNL199C,YNL107W,1,3.7452703,0.20126672089099884,0.2718631327152252,0.11409328877925873
YOL158C,YLL012W,0,3.7451725,0.20112517476081848,0.2718631327152252,0.11419380456209183
YOR178C,YNL230C,1,3.7447062,0.2016865760087967,0.27281367778778076,0.11419380456209183
YIL095W,YKL096W-A,0,3.7447057,0.20154494047164917,0.27281367778778076,0.11429432779550552
YHR066W,YJR133W,0,3.744123,0.20140351355075836,0.27281367778778076,0.11439485102891922
YPL065W,YDR444W,0,3.7422442,0.20126226544380188,0.27281367778778076,0.11449537426233292
YGR144W,YPL208W,0,3.741298,0.2011212259531021,0.27281367778778076,0.11459589749574661
YGR179C,YOR355W,0,3.7411153,0.20098039507865906,0.27281367778778076,0.11469642072916031
YIL021W,YNR010W,1,3.741081,0.2015395313501358,0.2737642526626587,0.11469642072916031
YGR085C,YGL183C,0,3.740029,0.2013985961675644,0.2737642526626587,0.114796943962574
YPR191W,YDL074C,0,3.739116,0.2012578547000885,0.2737642526626587,0.1148974671959877
YLR182W,YGL062W,0,3.7390494,0.20111732184886932,0.2737642526626587,0.1149979904294014
YKL093W,YLR305C,0,3.7381787,0.20097696781158447,0.2737642526626587,0.1150985136628151
YGR216C,YPL096W,0,3.7379007,0.20083682239055634,0.2737642526626587,0.11519903689622879
YDL208W,YNR013C,0,3.737815,0.20069687068462372,0.2737642526626587,0.11529956012964249
YOR074C,YDR497C,0,3.7367544,0.20055709779262543,0.2737642526626587,0.11540008336305618
YER139C,YGL073W,1,3.7365942,0.20111343264579773,0.2747148275375366,0.11540008336305618
YJR010W,YMR284W,0,3.735908,0.20097357034683228,0.2747148275375366,0.11550060659646988
YGR251W,YBL034C,0,3.7353647,0.20083391666412354,0.2747148275375366,0.11560112237930298
YCL018W,YDR423C,0,3.735148,0.20069444179534912,0.2747148275375366,0.11570164561271667
YOL067C,YDR169C,1,3.7342591,0.2012491375207901,0.27566540241241455,0.11570164561271667
YMR019W,YMR179W,0,3.7340622,0.20110957324504852,0.27566540241241455,0.11580216884613037
YGL203C,YML128C,0,3.7330875,0.20097020268440247,0.27566540241241455,0.11590269207954407
YIL135C,YBL028C,0,3.7328188,0.20083102583885193,0.27566540241241455,0.11600321531295776
YNL283C,YBR067C,0,3.7326186,0.2006920427083969,0.27566540241241455,0.11610373854637146
YGR034W,YHL027W,0,3.7324128,0.20055325329303741,0.27566540241241455,0.11620426177978516
YLR270W,YNR028W,0,3.732203,0.20041465759277344,0.27566540241241455,0.11630478501319885
YBL058W,YMR087W,0,3.7320504,0.2002762407064438,0.27566540241241455,0.11640530824661255
YER013W,YDR034C,0,3.732043,0.20013803243637085,0.27566540241241455,0.11650583148002625
YMR194W,YCR012W,0,3.731759,0.20000000298023224,0.27566540241241455,0.11660635471343994
YGL162W,YOR377W,0,3.7312818,0.19986216723918915,0.27566540241241455,0.11670687794685364
YJL112W,YML097C,0,3.731253,0.19972452521324158,0.27566540241241455,0.11680740118026733
YMR097C,YNR018W,0,3.7303212,0.19958706200122833,0.27566540241241455,0.11690792441368103
YBR223C,YLR291C,0,3.7299566,0.1994497925043106,0.27566540241241455,0.11700844019651413
YOL129W,YGL113W,0,3.729404,0.1993127167224884,0.27566540241241455,0.11710896342992783
YPL011C,YBR049C,1,3.729015,0.19986264407634735,0.2766159772872925,0.11710896342992783
YBL005W-B,YMR193W,0,3.728891,0.1997254639863968,0.2766159772872925,0.11720948666334152
YGL162W,YMR182C,1,3.7285852,0.20027434825897217,0.2775665521621704,0.11720948666334152
YOR145C,YDR159W,0,3.7285676,0.20013707876205444,0.2775665521621704,0.11731000989675522
YAR031W,YHR079C,0,3.7278743,0.20000000298023224,0.2775665521621704,0.11741053313016891
YLR050C,YMR229C,0,3.727498,0.19986310601234436,0.2775665521621704,0.11751105636358261
YPR091C,YLR026C,0,3.7271552,0.199726402759552,0.2775665521621704,0.11761157959699631
YHR002W,YLR026C,0,3.727127,0.19958987832069397,0.2775665521621704,0.11771210283041
YMR315W,YPL112C,0,3.7267475,0.19945354759693146,0.2775665521621704,0.1178126260638237
YBR083W,YKL020C,1,3.7266269,0.20000000298023224,0.27851709723472595,0.1178126260638237
YGL025C,YOL001W,1,3.7265792,0.20054569840431213,0.2794676721096039,0.1178126260638237
YDR216W,YLR266C,1,3.7262,0.20109066367149353,0.2804182469844818,0.1178126260638237
YKR008W,YJL187C,0,3.7261744,0.2009536772966385,0.2804182469844818,0.1179131492972374
YPR144C,YOR327C,0,3.72605,0.20081688463687897,0.2804182469844818,0.11801367253065109
YLR025W,YOR338W,0,3.72548,0.20068027079105377,0.2804182469844818,0.11811419576406479
YLR055C,YKL185W,1,3.7251678,0.20122365653514862,0.28136882185935974,0.11811419576406479
YMR005W,YMR172W,1,3.7236414,0.20176629722118378,0.28231939673423767,0.11811419576406479
YKL078W,YOL107W,0,3.7233458,0.20162932574748993,0.28231939673423767,0.11821471899747849
YCR030C,YMR179W,0,3.7232687,0.2014925330877304,0.28231939673423767,0.11831524223089218
YJR004C,YIL080W,0,3.7225304,0.2013559341430664,0.28231939673423767,0.11841576546430588
YGL180W,YGL014W,0,3.7220674,0.20121951401233673,0.28231939673423767,0.11851628124713898
YGL237C,YJL006C,0,3.7220058,0.20108327269554138,0.28231939673423767,0.11861680448055267
YKL015W,YBR279W,1,3.7217627,0.2016238123178482,0.2832699716091156,0.11861680448055267
YDR416W,YFL054C,0,3.7215962,0.2014874964952469,0.2832699716091156,0.11871732771396637
YBR274W,YNL050C,0,3.7215505,0.2013513445854187,0.2832699716091156,0.11881785094738007
YDR217C,YOL006C,1,3.7215455,0.20189061760902405,0.28422054648399353,0.11881785094738007
YNR018W,YOR194C,0,3.7209692,0.2017543911933899,0.28422054648399353,0.11891837418079376
YLR088W,YHR051W,0,3.7205563,0.20161834359169006,0.28422054648399353,0.11901889741420746
YOL145C,YGR145W,0,3.7200625,0.20148247480392456,0.28422054648399353,0.11911942064762115
YML028W,YDL083C,0,3.7194743,0.20134679973125458,0.28422054648399353,0.11921994388103485
YHR074W,YER115C,0,3.7194414,0.20121130347251892,0.28422054648399353,0.11932046711444855
YPL064C,YDR403W,0,3.7188256,0.2010759860277176,0.28422054648399353,0.11942099034786224
YGR144W,YIR011C,0,3.7187028,0.20094086229801178,0.28422054648399353,0.11952151358127594
YDR245W,YKL061W,0,3.7183578,0.2008059173822403,0.28422054648399353,0.11962203681468964
YPR162C,YPL240C,0,3.7180374,0.20067113637924194,0.28422054648399353,0.11972256004810333
YGR063C,YLR071C,1,3.7178373,0.2012072503566742,0.2851710915565491,0.11972256004810333
YCL008C,YBL085W,0,3.7175624,0.20107237994670868,0.2851710915565491,0.11982308328151703
YLR183C,YLR113W,0,3.717289,0.20093770325183868,0.2851710915565491,0.11992359906435013
YLR033W,YNR010W,1,3.7171934,0.20147255063056946,0.286121666431427,0.11992359906435013
YOL090W,YDL045C,0,3.7171078,0.2013377994298935,0.286121666431427,0.12002412229776382
YCL018W,YOR089C,0,3.716897,0.20120321214199066,0.286121666431427,0.12012464553117752
YCL008C,YCR057C,0,3.716756,0.20106880366802216,0.286121666431427,0.12022516876459122
YGR155W,YER115C,0,3.7166808,0.20093457400798798,0.286121666431427,0.12032569199800491
YNL283C,YOL155C,0,3.7161999,0.20080053806304932,0.286121666431427,0.12042621523141861
YGL172W,YGR175C,0,3.7161438,0.2006666660308838,0.286121666431427,0.1205267384648323
YOR283W,YDR137W,0,3.716107,0.2005329728126526,0.286121666431427,0.120627261698246
YLR165C,YHR209W,0,3.7157743,0.2003994733095169,0.286121666431427,0.1207277849316597
YIL143C,YBR037C,0,3.715357,0.20026613771915436,0.286121666431427,0.1208283081650734
YMR061W,YKL172W,0,3.7146115,0.20013298094272614,0.286121666431427,0.12092883139848709
YPL252C,YOR327C,0,3.7137775,0.20000000298023224,0.286121666431427,0.12102935463190079
YPR167C,YNL102W,0,3.7126966,0.19986720383167267,0.286121666431427,0.12112987786531448
YLR321C,YNL314W,1,3.712687,0.20039814710617065,0.28707224130630493,0.12112987786531448
YDR457W,YGL060W,0,3.7126079,0.20026525855064392,0.28707224130630493,0.12123040109872818
YML051W,YHR077C,0,3.7118795,0.20013253390789032,0.28707224130630493,0.12133092433214188
YDR494W,YOL101C,0,3.7116902,0.20000000298023224,0.28707224130630493,0.12143144011497498
YPL276W,YBR261C,0,3.7116692,0.1998676359653473,0.28707224130630493,0.12153196334838867
YOR106W,YEL036C,0,3.7102401,0.19973544776439667,0.28707224130630493,0.12163248658180237
YPL254W,YJL089W,1,3.7098901,0.20026437938213348,0.28802281618118286,0.12163248658180237
YPL177C,YPL202C,1,3.7093663,0.200792595744133,0.2889733910560608,0.12163248658180237
YBR193C,YLR071C,1,3.708569,0.2013201266527176,0.2899239659309387,0.12163248658180237
YIR025W,YPR152C,0,3.707962,0.2011873424053192,0.2899239659309387,0.12173300981521606
YOR317W,YAR031W,0,3.7079515,0.20105470716953278,0.2899239659309387,0.12183353304862976
YIL095W,YMR228W,0,3.707457,0.20092226564884186,0.2899239659309387,0.12193405628204346
YOR212W,YJL141C,0,3.7073,0.20078998804092407,0.2899239659309387,0.12203457951545715
YJL066C,YIL080W,0,3.7064476,0.2006578892469406,0.2899239659309387,0.12213510274887085
YKR102W,YJL213W,0,3.706194,0.20052596926689148,0.2899239659309387,0.12223562598228455
YOR226C,YDR222W,0,3.7060091,0.20039421319961548,0.2899239659309387,0.12233614921569824
YOR038C,YJL089W,1,3.7058024,0.2009192407131195,0.29087451100349426,0.12233614921569824
YMR049C,YDR453C,0,3.7052658,0.20078739523887634,0.29087451100349426,0.12243667244911194
YDR419W,YPR171W,0,3.7052324,0.2006557434797287,0.29087451100349426,0.12253719568252563
YER101C,YOL028C,0,3.7042162,0.200524240732193,0.29087451100349426,0.12263771891593933
YGR222W,YFL021W,0,3.7035966,0.2003929316997528,0.29087451100349426,0.12273824214935303
YDR392W,YMR075W,0,3.7031243,0.20026178658008575,0.29087451100349426,0.12283875793218613
YHR074W,YLR309C,0,3.7030597,0.20013080537319183,0.29087451100349426,0.12293928116559982
YOR297C,YMR090W,0,3.7030072,0.20000000298023224,0.29087451100349426,0.12303980439901352
YNL110C,YDR353W,0,3.7024531,0.19986936450004578,0.29087451100349426,0.12314032763242722
YPR026W,YMR123W,0,3.7024426,0.19973890483379364,0.29087451100349426,0.12324085086584091
YLL045C,YJL060W,0,3.7022252,0.19960860908031464,0.29087451100349426,0.12334137409925461
YOR089C,YHR079C,0,3.7022026,0.19947849214076996,0.29087451100349426,0.1234418973326683
YJL005W,YEL029C,0,3.701908,0.1993485391139984,0.29087451100349426,0.123542420566082
YML112W,YKL020C,0,3.7015166,0.19921875,0.29087451100349426,0.1236429437994957
YJR005W,YPR060C,0,3.7015047,0.1990891396999359,0.29087451100349426,0.1237434670329094
YOR194C,YNR002C,0,3.7004886,0.19895969331264496,0.29087451100349426,0.12384399026632309
YNL044W,YOR294W,0,3.6999512,0.19883041083812714,0.29087451100349426,0.12394451349973679
YOL026C,YGL216W,0,3.6995559,0.19870129227638245,0.29087451100349426,0.12404503673315048
YGL172W,YER175C,0,3.6983209,0.19857235252857208,0.29087451100349426,0.12414555996656418
YKL217W,YJR101W,0,3.6982923,0.19844357669353485,0.29087451100349426,0.12424608319997787
YLL019C,YGL071W,0,3.6979892,0.19831496477127075,0.29087451100349426,0.12434659898281097
YFR021W,YPL131W,0,3.6978931,0.19818653166294098,0.29087451100349426,0.12444712221622467
YGL209W,YGL150C,1,3.6976738,0.1987054944038391,0.2918250858783722,0.12444712221622467
YPR113W,YMR065W,0,3.6964517,0.19857697188854218,0.2918250858783722,0.12454764544963837
YKL171W,YNL107W,0,3.6963487,0.19844861328601837,0.2918250858783722,0.12464816868305206
YNL136W,YPL202C,1,3.6957517,0.19896641373634338,0.2927756607532501,0.12464816868305206
YNL008C,YMR239C,0,3.6956518,0.19883796572685242,0.2927756607532501,0.12474869191646576
YBR155W,YGL113W,0,3.6950827,0.19870968163013458,0.2927756607532501,0.12484921514987946
YJR004C,YEL012W,0,3.6947737,0.19858156144618988,0.2927756607532501,0.12494973838329315
YPR111W,YGR229C,0,3.6947436,0.1984536051750183,0.2927756607532501,0.12505026161670685
YMR186W,YIL083C,0,3.6939337,0.19832582771778107,0.2927756607532501,0.12515078485012054
YDL165W,YGL043W,1,3.692473,0.19884170591831207,0.29372623562812805,0.12515078485012054
YPR160W,YBR141C,0,3.692279,0.19871382415294647,0.29372623562812805,0.12525130808353424
YGR216C,YNL208W,0,3.6922474,0.1985861212015152,0.29372623562812805,0.12535183131694794
YBR050C,YPL046C,1,3.6918087,0.19910083711147308,0.294676810503006,0.12535183131694794
YJR078W,YNL032W,0,3.6916623,0.19897304475307465,0.294676810503006,0.12545235455036163
YPR113W,YDR369C,0,3.691617,0.19884541630744934,0.294676810503006,0.12555287778377533
YPL167C,YBR010W,0,3.6914046,0.19871795177459717,0.294676810503006,0.12565340101718903
YKR002W,YJL124C,0,3.6909504,0.19859065115451813,0.294676810503006,0.12575392425060272
YPR137W,YNL070W,0,3.6909418,0.19846351444721222,0.294676810503006,0.12585444748401642
YDR137W,YDR151C,0,3.6907258,0.19833652675151825,0.294676810503006,0.12595497071743011
YKL190W,YNR057C,0,3.6904094,0.1982097178697586,0.294676810503006,0.1260554939508438
YGR264C,YJL024C,0,3.6899428,0.1980830729007721,0.294676810503006,0.1261560171842575
YLR383W,YJL128C,0,3.68964,0.19795657694339752,0.294676810503006,0.1262565404176712
YOL104C,YLR251W,0,3.6892614,0.19783024489879608,0.294676810503006,0.1263570636510849
YMR005W,YPL180W,0,3.6891527,0.19770407676696777,0.294676810503006,0.1264575719833374
YMR172W,YPR030W,1,3.6884792,0.19821542501449585,0.2956273853778839,0.1264575719833374
YOR388C,YDR167W,0,3.688098,0.19808916747570038,0.2956273853778839,0.1265580952167511
YLR380W,YLR042C,0,3.688076,0.19796307384967804,0.2956273853778839,0.1266586184501648
YDR451C,YHR008C,0,3.687835,0.19783714413642883,0.2956273853778839,0.1267591416835785
YOR298W,YCR002C,0,3.6874325,0.19771137833595276,0.2956273853778839,0.1268596649169922
YLL008W,YOR215C,0,3.687271,0.19758576154708862,0.2956273853778839,0.12696018815040588
YPL213W,YER104W,0,3.686596,0.1974603235721588,0.2956273853778839,0.12706071138381958
YIL061C,YLR141W,0,3.6863759,0.19733501970767975,0.2956273853778839,0.12716123461723328
YOR313C,YDR109C,0,3.685485,0.197209894657135,0.2956273853778839,0.12726175785064697
YCR040W,YGL013C,1,3.6839497,0.19771863520145416,0.29657796025276184,0.12726175785064697
YML051W,YLR103C,0,3.6836412,0.19759342074394226,0.29657796025276184,0.12736228108406067
YHR069C,YGR113W,0,3.6825926,0.1974683552980423,0.29657796025276184,0.12746280431747437
YDR416W,YNL239W,0,3.6819353,0.19734345376491547,0.29657796025276184,0.12756332755088806
YFR001W,YGR134W,0,3.6817524,0.19721871614456177,0.29657796025276184,0.12766385078430176
YGR171C,YHR039C-A,0,3.6817489,0.19709412753582,0.29657796025276184,0.12776437401771545
YBR095C,YLR071C,1,3.6816528,0.19760100543498993,0.2975285053253174,0.12776437401771545
YMR137C,YDR151C,0,3.6812067,0.1974763423204422,0.2975285053253174,0.12786489725112915
YMR246W,YCL032W,0,3.681138,0.1973518282175064,0.2975285053253174,0.12796542048454285
YJL172W,YDR416W,0,3.6807919,0.19722747802734375,0.2975285053253174,0.12806594371795654
YNR067C,YHR004C,0,3.6805987,0.19710327684879303,0.2975285053253174,0.12816646695137024
YOL102C,YLL043W,0,3.6805158,0.19697923958301544,0.2975285053253174,0.12826699018478394
YDR079W,YGL169W,0,3.6805143,0.1968553513288498,0.2975285053253174,0.12836751341819763
YKL124W,YGL019W,0,3.6804762,0.19673161208629608,0.2975285053253174,0.12846803665161133
YER050C,YKL175W,0,3.6800709,0.1966080367565155,0.2975285053253174,0.12856855988502502
YDR448W,YFR037C,1,3.6792479,0.19711236655712128,0.2984790802001953,0.12856855988502502
YFL038C,YBL034C,0,3.679187,0.19698870182037354,0.2984790802001953,0.12866908311843872
YOR168W,YPL098C,0,3.6788914,0.19686520099639893,0.2984790802001953,0.12876960635185242
YER098W,YBR172C,0,3.6787891,0.19674184918403625,0.2984790802001953,0.1288701295852661
YJL110C,YOL012C,1,3.6772015,0.19724483788013458,0.29942965507507324,0.1288701295852661
YOR317W,YOR340C,0,3.6771734,0.19712139666080475,0.29942965507507324,0.1289706528186798
YMR039C,YNR018W,0,3.6769948,0.19699811935424805,0.29942965507507324,0.1290711760520935
YDR146C,YAR027W,0,3.6768787,0.19687500596046448,0.29942965507507324,0.1291716992855072
YMR137C,YPL050C,0,3.6761167,0.19675202667713165,0.29942965507507324,0.1292722225189209
YLL051C,YER050C,0,3.6759589,0.19662921130657196,0.29942965507507324,0.1293727308511734
YFL024C,YNL136W,1,3.6746638,0.19713038206100464,0.30038022994995117,0.1293727308511734
YGR274C,YOL005C,1,3.6739926,0.19763092696666718,0.3013308048248291,0.1293727308511734
YCR052W,YNL122C,0,3.6738935,0.19750778377056122,0.3013308048248291,0.1294732540845871
YPR137W,YNL284C,0,3.6737485,0.1973848044872284,0.3013308048248291,0.1295737773180008
YGR288W,YPL094C,0,3.673032,0.1972619742155075,0.3013308048248291,0.1296743005514145
YOR106W,YLR208W,0,3.6728022,0.19713930785655975,0.3013308048248291,0.12977482378482819
YMR193W,YDR226W,0,3.6720188,0.19701677560806274,0.3013308048248291,0.12987534701824188
YLR043C,YNR060W,0,3.6719666,0.19689440727233887,0.3013308048248291,0.12997587025165558
YER162C,YEL029C,0,3.6718714,0.19677218794822693,0.3013308048248291,0.13007639348506927
YKR008W,YGL127C,1,3.6718478,0.197270467877388,0.30228137969970703,0.13007639348506927
YKL090W,YOR008C,0,3.67182,0.1971481740474701,0.30228137969970703,0.13017691671848297
YFL057C,YPL122C,0,3.6717222,0.19702602922916412,0.30228137969970703,0.13027743995189667
YKL067W,YML080W,0,3.6711178,0.1969040185213089,0.30228137969970703,0.13037796318531036
YLR206W,YJL124C,0,3.670912,0.1967821717262268,0.30228137969970703,0.13047848641872406
YOL082W,YGL163C,0,3.6706517,0.19666048884391785,0.30228137969970703,0.13057900965213776
YGL025C,YOL089C,1,3.6703382,0.19715698063373566,0.3032319247722626,0.13057900965213776
YLR353W,YGR246C,0,3.6698272,0.19703520834445953,0.3032319247722626,0.13067953288555145
YLR228C,YGL103W,0,3.6694136,0.19691358506679535,0.3032319247722626,0.13078005611896515
YER050C,YMR078C,0,3.669033,0.1967921108007431,0.3032319247722626,0.13088057935237885
YOL165C,YBR182C,0,3.6680803,0.1966707706451416,0.3032319247722626,0.13098110258579254
YJR107W,YOL158C,0,3.6674266,0.19654959440231323,0.3032319247722626,0.13108162581920624
YNL282W,YBR222C,0,3.6671143,0.1964285671710968,0.3032319247722626,0.13118214905261993
YDR211W,YPL027W,0,3.666753,0.1963076889514923,0.3032319247722626,0.13128267228603363
YMR276W,YJL006C,0,3.6657948,0.19618695974349976,0.3032319247722626,0.13138319551944733
YIL021W,YGL190C,0,3.6657667,0.19606637954711914,0.3032319247722626,0.13148371875286102
YMR136W,YIL047C,0,3.6657455,0.19594594836235046,0.3032319247722626,0.13158424198627472
YGR145W,YGR255C,0,3.6654463,0.19582566618919373,0.3032319247722626,0.13168476521968842
YOL086C,YNL107W,0,3.6648378,0.19570551812648773,0.3032319247722626,0.1317852884531021
YJR004C,YDR373W,0,3.664814,0.19558553397655487,0.3032319247722626,0.1318858116865158
YDR067C,YFR036W,0,3.6646333,0.19546568393707275,0.3032319247722626,0.1319863349199295
YDR285W,YMR061W,0,3.6643841,0.19534598290920258,0.3032319247722626,0.1320868581533432
YML112W,YDL216C,0,3.6643643,0.19522643089294434,0.3032319247722626,0.1321873813867569
YOR210W,YBR279W,1,3.6636198,0.1957186609506607,0.3041824996471405,0.1321873813867569
YGR169C,YJL079C,0,3.6631193,0.1955990195274353,0.3041824996471405,0.1322878897190094
YDR460W,YNL138W,0,3.6629272,0.19547954201698303,0.3041824996471405,0.1323884129524231
YAL033W,YOR327C,0,3.6625504,0.1953601986169815,0.3041824996471405,0.1324889361858368
YPR011C,YBR182C,0,3.6623285,0.19524100422859192,0.3041824996471405,0.1325894594192505
YDR123C,YMR236W,1,3.662125,0.19573171436786652,0.30513307452201843,0.1325894594192505
YJL187C,YNR002C,0,3.6617143,0.19561243057250977,0.30513307452201843,0.13268998265266418
YPL127C,YIL061C,0,3.66132,0.19549329578876495,0.30513307452201843,0.13279050588607788
YPR008W,YBR049C,1,3.6609015,0.19598296284675598,0.30608364939689636,0.13279050588607788
YCR093W,YEL029C,0,3.6608706,0.1958637535572052,0.30608364939689636,0.13289102911949158
YOL066C,YJL128C,0,3.660521,0.19574467837810516,0.30608364939689636,0.13299155235290527
YJR127C,YGL068W,0,3.6604242,0.19562575221061707,0.30608364939689636,0.13309207558631897
YOR148C,YGL216W,0,3.66018,0.1955069750547409,0.30608364939689636,0.13319259881973267
YAR027W,YIL035C,0,3.6600413,0.19538834691047668,0.30608364939689636,0.13329312205314636
YGR179C,YKL064W,0,3.6589048,0.1952698677778244,0.30608364939689636,0.13339364528656006
YDR410C,YGR072W,0,3.6585913,0.19515150785446167,0.30608364939689636,0.13349416851997375
YPL180W,YGR012W,0,3.6585793,0.19503331184387207,0.30608364939689636,0.13359469175338745
YNR035C,YIL047C,0,3.658358,0.19491524994373322,0.30608364939689636,0.13369521498680115
YGL209W,YPL119C,0,3.6583061,0.1947973370552063,0.30608364939689636,0.13379573822021484
YLR107W,YML052W,0,3.6583054,0.19467955827713013,0.30608364939689636,0.13389626145362854
YDR167W,YOR215C,0,3.6573677,0.1945619285106659,0.30608364939689636,0.13399678468704224
YNL236W,YNL267W,0,3.6570933,0.1944444477558136,0.30608364939689636,0.13409730792045593
YOR304W,YGR020C,0,3.6569252,0.19432710111141205,0.30608364939689636,0.13419783115386963
YPL180W,YNL282W,0,3.6566823,0.19420988857746124,0.30608364939689636,0.13429835438728333
YNL231C,YOR285W,0,3.6566787,0.19409282505512238,0.30608364939689636,0.13439887762069702
YDR082W,YHR209W,0,3.6565475,0.19397591054439545,0.30608364939689636,0.13449940085411072
YCR030C,YCL014W,0,3.656369,0.19385911524295807,0.30608364939689636,0.13459992408752441
YFL033C,YNL259C,0,3.6553125,0.19374248385429382,0.30608364939689636,0.1347004473209381
YGR252W,YKL189W,0,3.6544676,0.19362597167491913,0.30608364939689636,0.1348009705543518
YPR149W,YBR257W,0,3.6535995,0.19350960850715637,0.30608364939689636,0.1349014937877655
YLR129W,YBR222C,0,3.6535614,0.19339339435100555,0.30608364939689636,0.1350020170211792
YLR390W,YER104W,0,3.652718,0.19327731430530548,0.30608364939689636,0.1351025402545929
YMR020W,YPL011C,0,3.6525998,0.19316136837005615,0.30608364939689636,0.1352030485868454
YOL102C,YGL019W,0,3.652596,0.19304555654525757,0.30608364939689636,0.1353035718202591
YGL112C,YDL202W,0,3.6524959,0.19292989373207092,0.30608364939689636,0.1354040950536728
YNL050C,YKR006C,0,3.6517441,0.19281436502933502,0.30608364939689636,0.1355046182870865
YJL155C,YDR404C,0,3.651634,0.19269898533821106,0.30608364939689636,0.13560514152050018
YLL043W,YLR151C,0,3.6515734,0.19258372485637665,0.30608364939689636,0.13570566475391388
YKL180W,YDR332W,0,3.6513762,0.19246861338615417,0.30608364939689636,0.13580618798732758
YBL008W,YDL005C,1,3.6511054,0.1929510086774826,0.3070342242717743,0.13580618798732758
YJL034W,YGR105W,0,3.6508646,0.19283582270145416,0.3070342242717743,0.13590671122074127
YML030W,YNL121C,0,3.6508226,0.19272077083587646,0.3070342242717743,0.13600723445415497
YOR038C,YFL023W,0,3.6507323,0.19260583817958832,0.3070342242717743,0.13610775768756866
YLR176C,YKR099W,1,3.6505718,0.19308701157569885,0.3079847991466522,0.13610775768756866
YDL208W,YFL054C,0,3.6501098,0.19297200441360474,0.3079847991466522,0.13620828092098236
YPL127C,YLR009W,0,3.65009,0.19285714626312256,0.3079847991466522,0.13630880415439606
YPR191W,YJL178C,0,3.6500673,0.19274242222309113,0.3079847991466522,0.13640932738780975
YKL078W,YNL335W,0,3.6499984,0.19262781739234924,0.3079847991466522,0.13650985062122345
YMR176W,YDL045C,0,3.6498592,0.1925133615732193,0.3079847991466522,0.13661037385463715
YMR089C,YBL026W,0,3.6498258,0.1923990547657013,0.3079847991466522,0.13671089708805084
YGR012W,YML036W,0,3.6492956,0.19228486716747284,0.3079847991466522,0.13681142032146454
YDR217C,YIL143C,1,3.648891,0.19276393949985504,0.30893537402153015,0.13681142032146454
YDR196C,YGR216C,0,3.6485386,0.19264967739582062,0.30893537402153015,0.13691194355487823
YMR182C,YLR268W,0,3.648272,0.19253554940223694,0.30893537402153015,0.13701246678829193
YBR282W,YDR332W,0,3.64793,0.192421555519104,0.30893537402153015,0.13711299002170563
YMR137C,YJR032W,0,3.6479008,0.19230769574642181,0.30893537402153015,0.13721351325511932
YNL314W,YGR134W,1,3.6476417,0.1927853375673294,0.3098859190940857,0.13721351325511932
YPR137W,YFL057C,0,3.6475766,0.19267138838768005,0.3098859190940857,0.13731403648853302
YPR026W,YIL020C,0,3.6473587,0.19255758821964264,0.3098859190940857,0.13741455972194672
YKR008W,YDR476C,0,3.6465852,0.19244392216205597,0.3098859190940857,0.1375150829553604
YER150W,YFL017W-A,0,3.6464748,0.19233039021492004,0.3098859190940857,0.1376156061887741
YPR011C,YGR252W,0,3.6458316,0.19221697747707367,0.3098859190940857,0.1377161294221878
YNL073W,YIL046W,0,3.6452653,0.19210371375083923,0.3098859190940857,0.1378166526556015
YDR082W,YNR002C,0,3.64515,0.19199058413505554,0.3098859190940857,0.1379171758890152
YGL203C,YLR316C,0,3.643465,0.1918775737285614,0.3098859190940857,0.1380176991224289
YMR034C,YER002W,0,3.643028,0.1917647123336792,0.3098859190940857,0.1381182074546814
YOL108C,YDR226W,0,3.6426513,0.19165197014808655,0.3098859190940857,0.1382187306880951
YJR021C,YPL011C,0,3.642282,0.19153936207294464,0.3098859190940857,0.1383192539215088
YKL085W,YHR168W,0,3.6419115,0.19142688810825348,0.3098859190940857,0.13841977715492249
YDL217C,YOR351C,0,3.6417274,0.19131454825401306,0.3098859190940857,0.13852030038833618
YGR116W,YPR086W,1,3.64121,0.19178885221481323,0.3108364939689636,0.13852030038833618
YDR371W,YDR207C,0,3.640564,0.19167643785476685,0.3108364939689636,0.13862082362174988
YCL043C,YOL101C,0,3.639481,0.19156414270401,0.3108364939689636,0.13872134685516357
YIL002C,YKL168C,0,3.6390038,0.1914519965648651,0.3108364939689636,0.13882187008857727
YKR068C,YFL001W,0,3.638617,0.19133996963500977,0.3108364939689636,0.13892239332199097
YLR103C,YGL060W,0,3.6385367,0.19122807681560516,0.3108364939689636,0.13902291655540466
YHR029C,YLR301W,0,3.6380682,0.1911163032054901,0.3108364939689636,0.13912343978881836
YGR145W,YDR109C,0,3.637487,0.191004678606987,0.3108364939689636,0.13922396302223206
YLR401C,YOR099W,0,3.6374822,0.19089317321777344,0.3108364939689636,0.13932448625564575
YOR222W,YLR350W,0,3.6367307,0.19078180193901062,0.3108364939689636,0.13942500948905945
YMR168C,YDL121C,0,3.636592,0.19067054986953735,0.3108364939689636,0.13952553272247314
YGL112C,YNL139C,1,3.636497,0.19114218652248383,0.31178706884384155,0.13952553272247314
YJR138W,YOR038C,0,3.6357653,0.19103087484836578,0.31178706884384155,0.13962605595588684
YDL028C,YMR034C,0,3.6352036,0.1909196674823761,0.31178706884384155,0.13972657918930054
YJL141C,YKL015W,0,3.635201,0.19080860912799835,0.31178706884384155,0.13982710242271423
YIL134W,YDR076W,0,3.6348147,0.19069766998291016,0.31178706884384155,0.13992762565612793
YLR187W,YEL029C,0,3.6347847,0.1905868649482727,0.31178706884384155,0.14002814888954163
YNL281W,YKL189W,0,3.6347187,0.190476194024086,0.31178706884384155,0.14012867212295532
YJL225C,YER104W,0,3.6345272,0.19036564230918884,0.31178706884384155,0.14022919535636902
YBR182C,YCL066W,1,3.6341827,0.19083526730537415,0.3127376437187195,0.14022919535636902
YER164W,YMR042W,1,3.634041,0.19130434095859528,0.3136882185935974,0.14022919535636902
YIL140W,YPL011C,0,3.6335301,0.19119350612163544,0.3136882185935974,0.14032971858978271
YOL165C,YIL021W,0,3.633412,0.19108280539512634,0.3136882185935974,0.1404302418231964
YML007W,YHR056C,1,3.633358,0.19155092537403107,0.31463879346847534,0.1404302418231964
YBR222C,YDL148C,0,3.632814,0.1914401352405548,0.31463879346847534,0.1405307650566101
YGR288W,YOR304W,0,3.6321306,0.1913294792175293,0.31463879346847534,0.1406312882900238
YDR083W,YBR230C,0,3.6319864,0.19121894240379333,0.31463879346847534,0.1407318115234375
YDR254W,YPL007C,0,3.6319032,0.19110853970050812,0.31463879346847534,0.1408323347568512
YDR254W,YGR285C,0,3.6318955,0.19099827110767365,0.31463879346847534,0.1409328579902649
YDR457W,YIL132C,0,3.6317282,0.19088812172412872,0.31463879346847534,0.1410333663225174
YLR329W,YER171W,0,3.6315293,0.19077809154987335,0.31463879346847534,0.1411338895559311
YFR021W,YEL056W,0,3.6307256,0.19066819548606873,0.31463879346847534,0.1412344127893448
YOL043C,YBL034C,0,3.6305127,0.19055843353271484,0.31463879346847534,0.14133493602275848
YLR449W,YER169W,1,3.6303537,0.19102416932582855,0.31558936834335327,0.14133493602275848
YPL213W,YPR162C,0,3.6302834,0.1909143179655075,0.31558936834335327,0.14143545925617218
YGR144W,YNR010W,0,3.6302476,0.1908046007156372,0.31558936834335327,0.14153598248958588
YDL170W,YMR091C,1,3.6301203,0.1912693828344345,0.3165399134159088,0.14153598248958588
YLR256W,YGL246C,1,3.6292949,0.19173364341259003,0.31749048829078674,0.14153598248958588
YFR013W,YPR111W,0,3.628874,0.19162364304065704,0.31749048829078674,0.14163650572299957
YMR179W,YJL149W,0,3.6284509,0.1915137618780136,0.31749048829078674,0.14173702895641327
YKR038C,YPL177C,1,3.6282253,0.19197708368301392,0.3184410631656647,0.14173702895641327
YIL002C,YPR187W,0,3.627942,0.19186712801456451,0.3184410631656647,0.14183755218982697
YOL051W,YPR072W,1,3.6272836,0.19232970476150513,0.3193916380405426,0.14183755218982697
YAL021C,YGR005C,1,3.62616,0.19279175996780396,0.32034221291542053,0.14183755218982697
YOR338W,YGL216W,0,3.6260276,0.19268153607845306,0.32034221291542053,0.14193807542324066
YLR113W,YLR384C,1,3.62578,0.1931428611278534,0.32129278779029846,0.14193807542324066
YGR171C,YLR224W,0,3.625257,0.19303254783153534,0.32129278779029846,0.14203859865665436
YGR252W,YPL104W,0,3.6252322,0.19292236864566803,0.32129278779029846,0.14213912189006805
YNR057C,YBR192W,0,3.624811,0.19281232357025146,0.32129278779029846,0.14223964512348175
YDR306C,YKR069W,0,3.624486,0.19270239770412445,0.32129278779029846,0.14234016835689545
YGL166W,YML036W,1,3.624428,0.19316239655017853,0.322243332862854,0.14234016835689545
YGL186C,YJL206C,0,3.624177,0.19305239617824554,0.322243332862854,0.14244069159030914
YNL283C,YMR046C,0,3.6240997,0.1929425150156021,0.322243332862854,0.14254121482372284
YDR308C,YIL036W,1,3.6239128,0.19340158998966217,0.32319390773773193,0.14254121482372284
YDL084W,YFL014W,0,3.6235437,0.19329164922237396,0.32319390773773193,0.14264173805713654
YMR239C,YLR042C,0,3.6234715,0.1931818127632141,0.32319390773773193,0.14274226129055023
YMR169C,YMR033W,0,3.6233983,0.1930721253156662,0.32319390773773193,0.14284278452396393
YLL019C,YDR081C,0,3.623285,0.19296254217624664,0.32319390773773193,0.14294330775737762
YER103W,YEL053C,0,3.622996,0.19285309314727783,0.32319390773773193,0.14304383099079132
YKL093W,YGR113W,0,3.6214561,0.19274376332759857,0.32319390773773193,0.14314435422420502
YDL206W,YGR012W,0,3.6208904,0.19263456761837006,0.32319390773773193,0.1432448774576187
YGL212W,YER171W,0,3.62064,0.1925254762172699,0.32319390773773193,0.1433454006910324
YJL103C,YFR036W,0,3.6205914,0.19241651892662048,0.32319390773773193,0.1434459239244461
YNL032W,YDR353W,0,3.6202052,0.19230769574642181,0.32319390773773193,0.1435464471578598
YOL086C,YKL168C,0,3.6201663,0.1921989768743515,0.32319390773773193,0.1436469703912735
YMR203W,YDL024C,0,3.6201355,0.19209039211273193,0.32319390773773193,0.1437474936246872
YKR102W,YNR010W,0,3.6195188,0.19198192656040192,0.32319390773773193,0.1438480168581009
YJL155C,YJL081C,0,3.6195076,0.19187359511852264,0.32319390773773193,0.1439485251903534
YLL019C,YMR176W,0,3.6192112,0.19176536798477173,0.32319390773773193,0.1440490484237671
YGR251W,YKR055W,0,3.6187792,0.19165727496147156,0.32319390773773193,0.1441495716571808
YNL016W,YBR192W,0,3.6183047,0.19154930114746094,0.32319390773773193,0.14425009489059448
YOL067C,YGL070C,1,3.6182897,0.1920045018196106,0.32414448261260986,0.14425009489059448
YMR049C,YHR079C,0,3.617842,0.191896453499794,0.32414448261260986,0.14435061812400818
YHR056C,YNR067C,0,3.6175194,0.19178852438926697,0.32414448261260986,0.14445114135742188
YJR127C,YPL002C,0,3.617294,0.19168071448802948,0.32414448261260986,0.14455166459083557
YOR148C,YNR003C,0,3.6170835,0.19157303869724274,0.32414448261260986,0.14465218782424927
YGR145W,YKR002W,0,3.6166954,0.19146546721458435,0.32414448261260986,0.14475271105766296
YBR260C,YDR260C,0,3.6166651,0.1913580298423767,0.32414448261260986,0.14485323429107666
YPR026W,YER074W,0,3.6164,0.19125069677829742,0.32414448261260986,0.14495375752449036
YNL236W,YKL165C,0,3.6160436,0.19114349782466888,0.32414448261260986,0.14505428075790405
YJR092W,YMR172W,0,3.6158845,0.1910364180803299,0.32414448261260986,0.14515480399131775
YGL010W,YDR207C,0,3.6157203,0.19092945754528046,0.32414448261260986,0.14525532722473145
YJL034W,YDL040C,0,3.615663,0.19082260131835938,0.32414448261260986,0.14535585045814514
YMR168C,YDL148C,0,3.6154358,0.19071587920188904,0.32414448261260986,0.14545637369155884
YLR176C,YNL230C,1,3.6152577,0.19116824865341187,0.3250950574874878,0.14545637369155884
YJR028W,YGL113W,0,3.6152158,0.19106145203113556,0.3250950574874878,0.14555689692497253
YMR182C,YML112W,0,3.6146848,0.1909547746181488,0.3250950574874878,0.14565742015838623
YNL231C,YDR369C,0,3.6138868,0.1908482164144516,0.3250950574874878,0.14575794339179993
YGR175C,YNR028W,0,3.6137915,0.19074177742004395,0.3250950574874878,0.14585846662521362
YNL153C,YJL024C,0,3.6135893,0.19063545763492584,0.3250950574874878,0.14595898985862732
YLR321C,YDR311W,1,3.6134398,0.19108635187149048,0.3260456323623657,0.14595898985862732
YJL171C,YLL033W,0,3.6132574,0.1909799575805664,0.3260456323623657,0.14605951309204102
YHR119W,YNL290W,0,3.6130464,0.19087368249893188,0.3260456323623657,0.1461600363254547
YDR030C,YGR185C,0,3.6129246,0.19076752662658691,0.3260456323623657,0.1462605595588684
YJR149W,YOR317W,0,3.6128755,0.1906614750623703,0.3260456323623657,0.1463610827922821
YMR038C,YKL124W,0,3.6127117,0.19055555760860443,0.3260456323623657,0.1464616060256958
YAL016W,YDL039C,0,3.6125891,0.19044974446296692,0.3260456323623657,0.1465621292591095
YDR306C,YGL244W,0,3.6125302,0.19034406542778015,0.3260456323623657,0.1466626524925232
YFR018C,YOL108C,0,3.61206,0.19023849070072174,0.3260456323623657,0.1467631757259369
YNL304W,YJL176C,0,3.6116874,0.19013303518295288,0.3260456323623657,0.1468636840581894
YDR392W,YBR215W,1,3.6109936,0.19058172404766083,0.32699620723724365,0.1468636840581894
YLL008W,YNL298W,0,3.6105127,0.190476194024086,0.32699620723724365,0.1469642072916031
YNL070W,YMR304W,0,3.609798,0.19037078320980072,0.32699620723724365,0.14706473052501678
YMR168C,YOR287C,0,3.6096272,0.190265491604805,0.32699620723724365,0.14716525375843048
YPR190C,YER190W,0,3.6093864,0.19016030430793762,0.32699620723724365,0.14726577699184418
YLL002W,YDR476C,0,3.6091158,0.190055251121521,0.32699620723724365,0.14736630022525787
YKL144C,YKL094W,0,3.6088452,0.18995030224323273,0.32699620723724365,0.14746682345867157
YDR262W,YDR226W,0,3.6087286,0.189845472574234,0.32699620723724365,0.14756734669208527
YIL140W,YLR278C,0,3.607952,0.18974076211452484,0.32699620723724365,0.14766786992549896
YKR071C,YJR101W,0,3.6069994,0.18963615596294403,0.32699620723724365,0.14776839315891266
YKL020C,YKL095W,0,3.606483,0.18953168392181396,0.32699620723724365,0.14786891639232635
YHR211W,YGL203C,0,3.6064706,0.18942731618881226,0.32699620723724365,0.14796943962574005
YGL244W,YDR222W,0,3.606143,0.1893230527639389,0.32699620723724365,0.14806996285915375
YNL335W,YNL290W,0,3.6058362,0.1892189234495163,0.32699620723724365,0.14817048609256744
YFR001W,YPR160W,0,3.6044574,0.18911489844322205,0.32699620723724365,0.14827100932598114
YKL110C,YER068W,1,3.6040611,0.1895604431629181,0.3279467821121216,0.14827100932598114
YJL141C,YBR074W,0,3.6039777,0.18945634365081787,0.3279467821121216,0.14837153255939484
YML097C,YPL196W,0,3.6036892,0.1893523633480072,0.3279467821121216,0.14847205579280853
YBR118W,YOR089C,0,3.603412,0.1892484873533249,0.3279467821121216,0.14857257902622223
YOR142W,YDL074C,0,3.6033354,0.18914473056793213,0.3279467821121216,0.14867310225963593
YAL063C,YGR143W,0,3.603127,0.18904109299182892,0.3279467821121216,0.14877362549304962
YNL232W,YGL060W,0,3.6029885,0.18893757462501526,0.3279467821121216,0.14887414872646332
YHR012W,YFL057C,0,3.6028552,0.18883416056632996,0.3279467821121216,0.14897467195987701
YPL104W,YBL026W,0,3.6023154,0.188730850815773,0.3279467821121216,0.1490751951932907
YGR285C,YLR219W,0,3.6022227,0.18862766027450562,0.3279467821121216,0.1491757184267044
YER164W,YFL039C,1,3.6019652,0.18907104432582855,0.3288973271846771,0.1491757184267044
YLL061W,YNR028W,0,3.6010113,0.1889677792787552,0.3288973271846771,0.1492762416601181
YOR138C,YNL262W,0,3.6009033,0.18886463344097137,0.3288973271846771,0.1493767648935318
YPL252C,YML132W,0,3.6001778,0.18876159191131592,0.3288973271846771,0.1494772881269455
YNL070W,YDR392W,0,3.5997632,0.18865866959095,0.3288973271846771,0.1495778113603592
YGL209W,YPR125W,0,3.5988789,0.18855585157871246,0.3288973271846771,0.1496783345937729
YHR058C,YLR213C,0,3.5985937,0.18845315277576447,0.3288973271846771,0.1497788429260254
YDL170W,YJR063W,0,3.5983582,0.18835057318210602,0.3288973271846771,0.1498793661594391
YJR055W,YLR425W,0,3.5977263,0.18824809789657593,0.3288973271846771,0.14997988939285278
YMR145C,YLR028C,0,3.597669,0.1881457269191742,0.3288973271846771,0.15008041262626648
YPR167C,YNL178W,0,3.5968459,0.188043475151062,0.3288973271846771,0.15018093585968018
YJR140C,YBR279W,1,3.5968409,0.18848451972007751,0.32984790205955505,0.15018093585968018
YDR173C,YNL199C,1,3.5965993,0.18892508745193481,0.330798476934433,0.15018093585968018
YNL208W,YFR036W,0,3.596451,0.18882256746292114,0.330798476934433,0.15028145909309387
YPL113C,YDL074C,0,3.5962944,0.18872016668319702,0.330798476934433,0.15038198232650757
YPL235W,YML127W,1,3.5962784,0.18915988504886627,0.3317490518093109,0.15038198232650757
YOR287C,YLR219W,0,3.5962539,0.18905742466449738,0.3317490518093109,0.15048250555992126
YCR093W,YLR270W,0,3.596236,0.18895506858825684,0.3317490518093109,0.15058302879333496
YGR171C,YKL096W-A,0,3.5959387,0.18885281682014465,0.3317490518093109,0.15068355202674866
YOR142W,YDR332W,0,3.595571,0.18875066936016083,0.3317490518093109,0.15078407526016235
YGR251W,YMR019W,0,3.595052,0.18864865601062775,0.3317490518093109,0.15088459849357605
YLR073C,YGL216W,0,3.5949488,0.18854673206806183,0.3317490518093109,0.15098512172698975
YLR163C,YMR075W,0,3.594792,0.18844492733478546,0.3317490518093109,0.15108564496040344
YIL143C,YOR180C,0,3.5945246,0.18834322690963745,0.3317490518093109,0.15118616819381714
YLL029W,YNL178W,0,3.5942826,0.188241645693779,0.3317490518093109,0.15128669142723083
YML069W,YMR005W,1,3.5941787,0.18867924809455872,0.33269962668418884,0.15128669142723083
YMR315W,YNL016W,0,3.5939283,0.1885775923728943,0.33269962668418884,0.15138721466064453
YCR081W,YPL082C,1,3.593905,0.18901453912258148,0.3336502015590668,0.15138721466064453
YJR127C,YKR102W,0,3.5936537,0.18891280889511108,0.3336502015590668,0.15148773789405823
YOL066C,YPL002C,0,3.5932393,0.18881118297576904,0.3336502015590668,0.15158826112747192
YMR115W,YJL206C,0,3.5929236,0.18870967626571655,0.3336502015590668,0.15168878436088562
YDR263C,YJL141C,0,3.5928457,0.18860827386379242,0.3336502015590668,0.15178930759429932
YOL038W,YIL132C,0,3.5925555,0.18850697576999664,0.3336502015590668,0.151889830827713
YIL002C,YER162C,0,3.5922124,0.18840579688549042,0.3336502015590668,0.1519903540611267
YKL119C,YKL205W,0,3.5920734,0.18830472230911255,0.3336502015590668,0.1520908772945404
YPL213W,YPR159W,0,3.5920606,0.18820375204086304,0.3336502015590668,0.1521914005279541
YLR440C,YMR137C,0,3.5911992,0.18810290098190308,0.3336502015590668,0.1522919237613678
YML027W,YGR116W,1,3.590826,0.18853776156902313,0.3346007466316223,0.1522919237613678
YPR135W,YLR016C,0,3.590791,0.1884368360042572,0.3346007466316223,0.1523924469947815
YDR034C,YMR308C,0,3.590675,0.18833601474761963,0.3346007466316223,0.1524929702281952
YER162C,YNL016W,0,3.5903356,0.1882352977991104,0.3346007466316223,0.1525934934616089
YBR125C,YNR010W,0,3.5893464,0.18813468515872955,0.3346007466316223,0.1526940017938614
YOR179C,YGL254W,1,3.5892982,0.1885683834552765,0.33555132150650024,0.1526940017938614
YGR251W,YNL138W,0,3.5889897,0.18846769630908966,0.33555132150650024,0.15279452502727509
YBR195C,YDR144C,0,3.5889213,0.18836712837219238,0.33555132150650024,0.15289504826068878
YIL079C,YLR278C,0,3.5888836,0.18826666474342346,0.33555132150650024,0.15299557149410248
YBR278W,YIL140W,0,3.588861,0.1881663054227829,0.33555132150650024,0.15309609472751617
YLR020C,YPR198W,0,3.588702,0.18806606531143188,0.33555132150650024,0.15319661796092987
YJR092W,YPL259C,0,3.5885477,0.18796591460704803,0.33555132150650024,0.15329714119434357
YMR172W,YMR030W,1,3.5885434,0.188398078083992,0.3365018963813782,0.15329714119434357
YOR274W,YML052W,0,3.5880184,0.18829786777496338,0.3365018963813782,0.15339766442775726
YGR144W,YKL210W,0,3.587984,0.1881977617740631,0.3365018963813782,0.15349818766117096
YNL160W,YLL040C,0,3.5872607,0.1880977749824524,0.3365018963813782,0.15359871089458466
YJR078W,YJR083C,0,3.5860612,0.18799787759780884,0.3365018963813782,0.15369923412799835
YAL060W,YOR393W,0,3.586043,0.18789808452129364,0.3365018963813782,0.15379975736141205
YMR039C,YPL252C,0,3.5858922,0.187798410654068,0.3365018963813782,0.15390028059482574
YGR052W,YNL107W,0,3.5853367,0.1876988261938095,0.3365018963813782,0.15400080382823944
YGR095C,YDR229W,0,3.5850768,0.18759936094284058,0.3365018963813782,0.15410132706165314
YGL083W,YOL111C,0,3.5835142,0.1875,0.3365018963813782,0.15420185029506683
YPL002C,YGL112C,1,3.5827801,0.1879301220178604,0.3374524712562561,0.15420185029506683
YMR005W,YHL027W,1,3.5825615,0.18835978209972382,0.33840304613113403,0.15420185029506683
YDR454C,YOL155C,0,3.5824049,0.18826018273830414,0.33840304613113403,0.15430237352848053
YJR036C,YOR209C,0,3.5822139,0.18816067278385162,0.33840304613113403,0.15440289676189423
YNL026W,YER115C,0,3.5820765,0.18806128203868866,0.33840304613113403,0.15450341999530792
YOL102C,YIR032C,0,3.5802329,0.18796198070049286,0.33840304613113403,0.15460394322872162
YML007W,YDR228C,1,3.5800033,0.18839050829410553,0.33935362100601196,0.15460394322872162
YLR107W,YOR313C,0,3.5796123,0.18829113245010376,0.33935362100601196,0.15470446646213531
YDR146C,YGL203C,0,3.5781312,0.18819187581539154,0.33935362100601196,0.154804989695549
YGL186C,YOR351C,0,3.5778759,0.18809272348880768,0.33935362100601196,0.1549055129289627
YKR099W,YCR042C,1,3.577724,0.18852026760578156,0.3403041958808899,0.1549055129289627
YCR093W,YDR285W,0,3.5777051,0.18842105567455292,0.3403041958808899,0.1550060361623764
YGR186W,YCL066W,1,3.5775237,0.18884797394275665,0.34125474095344543,0.1550060361623764
YGL083W,YGR089W,0,3.5774412,0.18874868750572205,0.34125474095344543,0.1551065593957901
YBR050C,YPL101W,1,3.5773392,0.18917497992515564,0.34220531582832336,0.1551065593957901
YIR017C,YLR451W,1,3.5772395,0.1896008402109146,0.3431558907032013,0.1551065593957901
YBR261C,YFL001W,0,3.5765426,0.1895013153553009,0.3431558907032013,0.1552070826292038
YJL087C,YNL231C,0,3.5762742,0.18940189480781555,0.3431558907032013,0.1553076058626175
YKR054C,YDR306C,0,3.5759254,0.18930256366729736,0.3431558907032013,0.1554081290960312
YPL042C,YBL011W,0,3.5756118,0.18920335173606873,0.3431558907032013,0.15550865232944489
YOR071C,YPR149W,0,3.5754004,0.18910424411296844,0.3431558907032013,0.1556091606616974
YOR283W,YMR114C,0,3.5750496,0.18900524079799652,0.3431558907032013,0.15570968389511108
YJR083C,YJL085W,0,3.5743752,0.18890632688999176,0.3431558907032013,0.15581020712852478
YIL128W,YFR021W,0,3.5737305,0.18880753219127655,0.3431558907032013,0.15591073036193848
YJL060W,YOL043C,0,3.5734477,0.1887088268995285,0.3431558907032013,0.15601125359535217
YPR026W,YHR061C,0,3.5730329,0.18861024081707,0.3431558907032013,0.15611177682876587
YGR156W,YHR041C,1,3.5728073,0.18903394043445587,0.3441064655780792,0.15611177682876587
YOR187W,YOL104C,0,3.5725284,0.1889352798461914,0.3441064655780792,0.15621230006217957
YKL058W,YGR258C,1,3.5724857,0.18935836851596832,0.34505704045295715,0.15621230006217957
YLR025W,YBL011W,0,3.5721884,0.18925964832305908,0.34505704045295715,0.15631282329559326
YDL028C,YPL129W,0,3.5719454,0.189161017537117,0.34505704045295715,0.15641334652900696
YKR008W,YLR389C,0,3.5719166,0.18906250596046448,0.34505704045295715,0.15651386976242065
YIL139C,YPL104W,0,3.5715137,0.1889640837907791,0.34505704045295715,0.15661439299583435
YJL081C,YJR140C,1,3.571474,0.1893860548734665,0.3460076153278351,0.15661439299583435
YBL085W,YHL027W,0,3.5710905,0.18928757309913635,0.3460076153278351,0.15671491622924805
YPL150W,YOR279C,0,3.5706787,0.18918919563293457,0.3460076153278351,0.15681543946266174
YJL206C,YKR044W,0,3.5705357,0.18909090757369995,0.3460076153278351,0.15691596269607544
YGL122C,YNR057C,0,3.5702388,0.1889927238225937,0.3460076153278351,0.15701648592948914
YML112W,YDR205W,0,3.5701988,0.18889465928077698,0.3460076153278351,0.15711700916290283
YMR160W,YHR135C,0,3.5694337,0.18879668414592743,0.3460076153278351,0.15721753239631653
YBR172C,YOL107W,0,3.569335,0.18869881331920624,0.3460076153278351,0.15731805562973022
YDL142C,YNL110C,0,3.5692935,0.1886010318994522,0.3460076153278351,0.15741857886314392
YBR155W,YER145C,0,3.5691862,0.18850336968898773,0.3460076153278351,0.15751910209655762
YLR291C,YDL070W,0,3.5690532,0.18840579688549042,0.3460076153278351,0.1576196253299713
YBR150C,YLL043W,0,3.568791,0.18830832839012146,0.3460076153278351,0.157720148563385
YMR049C,YPL042C,0,3.5687563,0.18821096420288086,0.3460076153278351,0.1578206717967987
YML112W,YNL026W,0,3.5685976,0.18811368942260742,0.3460076153278351,0.1579211950302124
YOR147W,YLR130C,0,3.5685039,0.18801653385162354,0.3460076153278351,0.1580217182636261
YJR092W,YPR127W,0,3.5682826,0.1879194676876068,0.3460076153278351,0.1581222414970398
YLR440C,YPL147W,0,3.5681891,0.18782249093055725,0.3460076153278351,0.1582227647304535
YDR159W,YJL206C,0,3.5679502,0.18772563338279724,0.3460076153278351,0.1583232879638672
YDR228C,YOR028C,1,3.5674655,0.18814432621002197,0.3469581604003906,0.1583232879638672
YLR291C,YPR200C,0,3.567391,0.188047394156456,0.3469581604003906,0.15842381119728088
YDR034C,YDR281C,0,3.567224,0.18795056641101837,0.3469581604003906,0.1585243195295334
YOL107W,YLR026C,0,3.5668728,0.1878538280725479,0.3469581604003906,0.15862484276294708
YNL267W,YPL087W,0,3.5667872,0.187757208943367,0.3469581604003906,0.15872536599636078
YDL142C,YDR508C,0,3.5666032,0.18766066431999207,0.3469581604003906,0.15882588922977448
YER101C,YBL034C,0,3.5656734,0.18756423890590668,0.3469581604003906,0.15892641246318817
YDR076W,YMR033W,0,3.5651278,0.18746790289878845,0.3469581604003906,0.15902693569660187
YOR148C,YJR053W,0,3.5648897,0.1873716562986374,0.3469581604003906,0.15912745893001556
YDL059C,YOR162C,0,3.5647936,0.18727552890777588,0.3469581604003906,0.15922798216342926
YLR005W,YLR451W,1,3.564485,0.1876923143863678,0.34790873527526855,0.15922798216342926
YOL135C,YNR010W,1,3.5641716,0.1881086677312851,0.3488593101501465,0.15922798216342926
YBR002C,YBR182C,0,3.5638385,0.18801230192184448,0.3488593101501465,0.15932850539684296
YDR228C,YBL005W,1,3.5633452,0.18842805922031403,0.3498098850250244,0.15932850539684296
YHR132C,YDL148C,0,3.5629945,0.18833163380622864,0.3498098850250244,0.15942902863025665
YDL142C,YDR492W,0,3.5628371,0.1882352977991104,0.3498098850250244,0.15952955186367035
YIL042C,YKR044W,0,3.562077,0.18813906610012054,0.3498098850250244,0.15963007509708405
YNL230C,YBR093C,0,3.5619802,0.18804292380809784,0.3498098850250244,0.15973059833049774
YBR238C,YDR159W,0,3.5608983,0.1879468858242035,0.3498098850250244,0.15983112156391144
YDR404C,YJR102C,1,3.5608864,0.18836140632629395,0.35076045989990234,0.15983112156391144
YOR099W,YFL021W,0,3.5607843,0.18826530873775482,0.35076045989990234,0.15993164479732513
YML015C,YDL108W,1,3.560124,0.18867924809455872,0.3517110347747803,0.15993164479732513
YNL271C,YOL026C,0,3.5593524,0.18858307600021362,0.3517110347747803,0.16003216803073883
YJL004C,YGL241W,0,3.5585659,0.1884870082139969,0.3517110347747803,0.16013269126415253
YHR069C,YNL079C,0,3.5582402,0.1883910447359085,0.3517110347747803,0.16023321449756622
YLR025W,YDL171C,0,3.5579324,0.1882951706647873,0.3517110347747803,0.16033373773097992
YLL041C,YEL029C,0,3.5578852,0.18819938600063324,0.3517110347747803,0.16043426096439362
YJL004C,YLR016C,0,3.5574496,0.18810370564460754,0.3517110347747803,0.1605347841978073
YDR494W,YNL219C,0,3.5573664,0.1880081295967102,0.3517110347747803,0.160635307431221
YPR189W,YAL016W,0,3.5573645,0.18791264295578003,0.3517110347747803,0.1607358306646347
YJL087C,YOL082W,0,3.556603,0.1878172606229782,0.3517110347747803,0.1608363538980484
YJL034W,YJL187C,0,3.5564961,0.18772196769714355,0.3517110347747803,0.1609368771314621
YMR269W,YKL175W,0,3.5562377,0.18762677907943726,0.3517110347747803,0.1610374003648758
YPR194C,YOR237W,0,3.5561078,0.18753167986869812,0.3517110347747803,0.1611379235982895
YGL203C,YHR082C,0,3.5558126,0.18743667006492615,0.3517110347747803,0.16123844683170319
YOR310C,YLR028C,0,3.5545645,0.18734177947044373,0.3517110347747803,0.1613389551639557
YLR316C,YOR162C,0,3.5543966,0.18724696338176727,0.3517110347747803,0.16143947839736938
YER013W,YGL186C,0,3.5543218,0.18715225160121918,0.3517110347747803,0.16154000163078308
YOR274W,YFL023W,0,3.5539522,0.18705762922763824,0.3517110347747803,0.16164052486419678
YNL110C,YOR226C,0,3.5534782,0.18696311116218567,0.3517110347747803,0.16174104809761047
YMR019W,YML109W,0,3.553417,0.18686868250370026,0.3517110347747803,0.16184157133102417
YLR033W,YLR055C,1,3.5532367,0.18727914988994598,0.3526616096496582,0.16184157133102417
YBR067C,YLR224W,0,3.5530689,0.1871846616268158,0.3526616096496582,0.16194209456443787
YDR457W,YIL133C,0,3.5526173,0.18709026277065277,0.3526616096496582,0.16204261779785156
YLR224W,YBR037C,0,3.5525937,0.1869959682226181,0.3526616096496582,0.16214314103126526
YDR419W,YGL071W,0,3.5522296,0.1869017630815506,0.3526616096496582,0.16224366426467896
YLR071C,YNL330C,1,3.5520139,0.18731117248535156,0.35361215472221375,0.16224366426467896
YDR351W,YDL035C,0,3.5514495,0.18721690773963928,0.35361215472221375,0.16234418749809265
YDL217C,YLL027W,0,3.5509665,0.18712273240089417,0.35361215472221375,0.16244471073150635
YOL072W,YOL001W,1,3.5508928,0.18753142654895782,0.3545627295970917,0.16244471073150635
YLR026C,YMR304W,0,3.5508897,0.18743719160556793,0.3545627295970917,0.16254523396492004
YMR238W,YLR151C,0,3.5503519,0.1873430460691452,0.3545627295970917,0.16264575719833374
YGL014W,YGR271W,0,3.5502985,0.18724898993968964,0.3545627295970917,0.16274628043174744
YKL090W,YDL021W,0,3.5502734,0.18715503811836243,0.3545627295970917,0.16284680366516113
YCR030C,YML049C,0,3.55022,0.18706119060516357,0.3545627295970917,0.16294732689857483
YPR190C,YMR240C,0,3.5500362,0.1869674175977707,0.3545627295970917,0.16304785013198853
YDR351W,YLR050C,0,3.5499725,0.18687374889850616,0.3545627295970917,0.16314837336540222
YDR405W,YJL172W,0,3.5494437,0.1867801696062088,0.3545627295970917,0.16324889659881592
YML112W,YDR245W,0,3.5493753,0.1866866797208786,0.3545627295970917,0.16334941983222961
YLR165C,YBR096W,0,3.5493746,0.18659329414367676,0.3545627295970917,0.1634499430656433
YJL187C,YBL076C,0,3.5489008,0.18649999797344208,0.3545627295970917,0.163550466299057
YDR083W,YFR018C,0,3.5486932,0.18640679121017456,0.3545627295970917,0.1636509895324707
YDR371W,YMR229C,0,3.548623,0.1863136887550354,0.3545627295970917,0.1637515127658844
YCR065W,YAL056W,1,3.5485477,0.18671992421150208,0.3555133044719696,0.1637515127658844
YEL040W,YOR194C,0,3.5482345,0.18662674725055695,0.3555133044719696,0.1638520359992981
YMR070W,YIL143C,1,3.5478725,0.18703241646289825,0.35646387934684753,0.1638520359992981
YDR473C,YLL043W,0,3.547688,0.18693917989730835,0.35646387934684753,0.1639525592327118
YIL079C,YIL140W,0,3.5473194,0.1868460327386856,0.35646387934684753,0.1640530824661255
YNL153C,YOL108C,0,3.5471141,0.18675298988819122,0.35646387934684753,0.16415360569953918
YNL102W,YBL089W,0,3.5467741,0.186660036444664,0.35646387934684753,0.1642541140317917
YOL129W,YMR179W,0,3.5460587,0.18656715750694275,0.35646387934684753,0.16435463726520538
YKL217W,YAL038W,0,3.545539,0.18647439777851105,0.35646387934684753,0.16445516049861908
YKR036C,YBR281C,0,3.5454698,0.18638171255588531,0.35646387934684753,0.16455568373203278
YPR182W,YKL130C,0,3.5451303,0.18628911674022675,0.35646387934684753,0.16465620696544647
YEL069C,YLR164W,0,3.5448787,0.18619662523269653,0.35646387934684753,0.16475673019886017
YNL107W,YGL225W,0,3.544758,0.18610422313213348,0.35646387934684753,0.16485725343227386
YKL020C,YJL004C,0,3.5447252,0.1860119104385376,0.35646387934684753,0.16495777666568756
YJL053W,YOL040C,0,3.5446632,0.18591968715190887,0.35646387934684753,0.16505829989910126
YJR032W,YAL031C,0,3.544407,0.18582755327224731,0.35646387934684753,0.16515882313251495
YMR218C,YNL052W,0,3.5437865,0.18573550879955292,0.35646387934684753,0.16525934636592865
YKL013C,YML097C,0,3.543509,0.18564356863498688,0.35646387934684753,0.16535986959934235
YBL026W,YPR152C,0,3.5431168,0.1855517029762268,0.35646387934684753,0.16546039283275604
YBR261C,YAR031W,0,3.5430248,0.1854599416255951,0.35646387934684753,0.16556091606616974
YER103W,YML099C,0,3.5419436,0.18536826968193054,0.35646387934684753,0.16566143929958344
YDR419W,YGR258C,0,3.541611,0.18527668714523315,0.35646387934684753,0.16576196253299713
YOL070C,YPR149W,0,3.541598,0.18518517911434174,0.35646387934684753,0.16586248576641083
YMR005W,YPL147W,0,3.541534,0.18509377539157867,0.35646387934684753,0.16596300899982452
YDR026C,YDR083W,0,3.5412343,0.18500246107578278,0.35646387934684753,0.16606353223323822
YKL022C,YDL208W,0,3.540999,0.18491123616695404,0.35646387934684753,0.16616405546665192
YOR215C,YNR044W,0,3.5409467,0.18482011556625366,0.35646387934684753,0.1662645787000656
YNL178W,YOR089C,0,3.5399609,0.18472906947135925,0.35646387934684753,0.1663651019334793
YMR089C,YFR021W,0,3.5397062,0.184638112783432,0.35646387934684753,0.166465625166893
YKL190W,YGR032W,0,3.5396354,0.18454724550247192,0.35646387934684753,0.1665661484003067
YCR014C,YER052C,0,3.5392573,0.184456467628479,0.35646387934684753,0.1666666716337204
YDL121C,YHR069C,0,3.5391555,0.18436577916145325,0.35646387934684753,0.1667671948671341
YJL005W,YDL047W,0,3.53869,0.18427518010139465,0.35646387934684753,0.1668677181005478
YHR005C-A,YJL053W,0,3.538081,0.18418467044830322,0.35646387934684753,0.1669682413339615
YGR020C,YIR005W,0,3.5380766,0.18409425020217896,0.35646387934684753,0.16706876456737518
YKR071C,YPR026W,0,3.5378082,0.18400391936302185,0.35646387934684753,0.16716927289962769
YDR492W,YLR208W,0,3.537213,0.1839136779308319,0.35646387934684753,0.16726979613304138
YJL187C,YDR403W,0,3.5369644,0.18382352590560913,0.35646387934684753,0.16737031936645508
YJL024C,YMR270C,0,3.5362911,0.18373346328735352,0.35646387934684753,0.16747084259986877
YDR082W,YJR040W,0,3.5358534,0.18364349007606506,0.35646387934684753,0.16757136583328247
YGL180W,YIR011C,0,3.5355918,0.18355359137058258,0.35646387934684753,0.16767188906669617
YPR086W,YCR039C,1,3.5355575,0.18395303189754486,0.35741445422172546,0.16767188906669617
YDL061C,YMR145C,0,3.5354872,0.1838630735874176,0.35741445422172546,0.16777241230010986
YMR021C,YLR357W,1,3.5353587,0.1842619776725769,0.3583650290966034,0.16777241230010986
YBR182C,YKL112W,1,3.535285,0.18466047942638397,0.3593156039714813,0.16777241230010986
YOR230W,YGR155W,0,3.5349448,0.1845703125,0.3593156039714813,0.16787293553352356
YOL028C,YER002W,0,3.5348325,0.1844802349805832,0.3593156039714813,0.16797345876693726
YLL051C,YNL110C,0,3.5346246,0.18439024686813354,0.3593156039714813,0.16807398200035095
YOL045W,YDR369C,0,3.5345104,0.18430034816265106,0.3593156039714813,0.16817450523376465
YBL076C,YNR028W,0,3.533629,0.18421052396297455,0.3593156039714813,0.16827502846717834
YMR025W,YER074W,0,3.5334928,0.1841208040714264,0.3593156039714813,0.16837555170059204
YLR176C,YPR104C,1,3.5333643,0.1845180094242096,0.36026614904403687,0.16837555170059204
YBL089W,YDL083C,0,3.533322,0.18442822992801666,0.36026614904403687,0.16847607493400574
YJL103C,YOL054W,0,3.5333142,0.1843385249376297,0.36026614904403687,0.16857659816741943
YPR200C,YGR229C,0,3.5333076,0.1842489093542099,0.36026614904403687,0.16867712140083313
YPR171W,YPL011C,0,3.5331836,0.18415938317775726,0.36026614904403687,0.16877764463424683
YKL085W,YBR257W,0,3.5327523,0.1840699315071106,0.36026614904403687,0.16887816786766052
YLL029W,YDR289C,1,3.5326948,0.18446601927280426,0.3612167239189148,0.16887816786766052
YMR019W,YPR060C,0,3.5323274,0.184376522898674,0.3612167239189148,0.16897869110107422
YBR118W,YOL043C,0,3.5322478,0.18428710103034973,0.3612167239189148,0.16907921433448792
YPL139C,YGR258C,0,3.531934,0.18419776856899261,0.3612167239189148,0.1691797375679016
YDL107W,YKL020C,0,3.531189,0.18410852551460266,0.3612167239189148,0.1692802608013153
YOR025W,YER137C,0,3.5308504,0.18401937186717987,0.3612167239189148,0.169380784034729
YJR082C,YMR300C,0,3.5308328,0.18393029272556305,0.3612167239189148,0.1694813072681427
YOR038C,YOR219C,0,3.5304904,0.18384131789207458,0.3612167239189148,0.1695818305015564
YMR054W,YBR257W,0,3.529634,0.1837524175643921,0.3612167239189148,0.1696823537349701
YKL090W,YOR148C,0,3.5295835,0.18366360664367676,0.3612167239189148,0.1697828769683838
YJL187C,YDR389W,0,3.5294328,0.1835748851299286,0.3612167239189148,0.16988340020179749
YLR278C,YJL206C,0,3.5293994,0.1834862381219864,0.3612167239189148,0.16998392343521118
YCL036W,YMR159C,0,3.5291595,0.18339768052101135,0.3612167239189148,0.17008443176746368
YBR260C,YOL040C,0,3.5291035,0.18330921232700348,0.3612167239189148,0.17018495500087738
YOL155C,YPR001W,0,3.5289404,0.18322083353996277,0.3612167239189148,0.17028547823429108
YPR024W,YOR274W,0,3.5287757,0.18313252925872803,0.3612167239189148,0.17038600146770477
YOR159C,YCL025C,0,3.5286098,0.18304431438446045,0.3612167239189148,0.17048652470111847
YPL099C,YPR138C,0,3.528368,0.18295618891716003,0.3612167239189148,0.17058704793453217
YJR053W,YFL023W,0,3.5281518,0.1828681379556656,0.3612167239189148,0.17068757116794586
YKL190W,YNL192W,0,3.5280132,0.1827801764011383,0.3612167239189148,0.17078809440135956
YPL254W,YDR464W,1,3.5278485,0.1831730753183365,0.3621672987937927,0.17078809440135956
YBL005W-B,YNR057C,0,3.5274007,0.18308505415916443,0.3621672987937927,0.17088861763477325
YHR069C,YJR036C,0,3.527259,0.18299712240695953,0.3621672987937927,0.17098914086818695
YOR297C,YLR394W,0,3.5271606,0.1829092651605606,0.3621672987937927,0.17108966410160065
YKR055W,YFL001W,0,3.5269544,0.18282149732112885,0.3621672987937927,0.17119018733501434
YOL155C,YBR155W,0,3.5269022,0.18273381888866425,0.3621672987937927,0.17129071056842804
YLR418C,YMR070W,1,3.5266519,0.1831256002187729,0.36311787366867065,0.17129071056842804
YER068W,YDR463W,1,3.5263886,0.18351700901985168,0.3640684485435486,0.17129071056842804
YGR134W,YDR167W,1,3.5263276,0.18390804529190063,0.3650190234184265,0.17129071056842804
YNL160W,YDR034C,0,3.526147,0.18382000923156738,0.3650190234184265,0.17139123380184174
YGR221C,YHR060W,0,3.526113,0.1837320625782013,0.3650190234184265,0.17149175703525543
YIL002C,YKL171W,0,3.5250723,0.18364419043064117,0.3650190234184265,0.17159228026866913
YDR254W,YOR123C,0,3.5240602,0.18355640769004822,0.3650190234184265,0.17169280350208282
YPL064C,YER017C,0,3.5239797,0.18346869945526123,0.3650190234184265,0.17179332673549652
YAL060W,YMR117C,0,3.5239434,0.1833810955286026,0.3650190234184265,0.17189384996891022
YLL029W,YDL036C,0,3.5233433,0.18329355120658875,0.3650190234184265,0.1719943732023239
YJR127C,YOL112W,0,3.523285,0.18320611119270325,0.3650190234184265,0.1720948964357376
YER125W,YDL198C,0,3.5230508,0.18311874568462372,0.3650190234184265,0.1721954196691513
YNL273W,YOR008C,0,3.5229807,0.18303145468235016,0.3650190234184265,0.172295942902565
YLL017W,YJR112W,0,3.5228775,0.18294425308704376,0.3650190234184265,0.1723964661359787
YPL099C,YPL050C,0,3.5224042,0.18285714089870453,0.3650190234184265,0.1724969893693924
YGR081C,YLR157C,0,3.5217671,0.18277010321617126,0.3650190234184265,0.1725975126028061
YJR127C,YHR085W,0,3.5217187,0.18268315494060516,0.3650190234184265,0.1726980358362198
YPL150W,YOR098C,0,3.5216637,0.18259629607200623,0.3650190234184265,0.17279855906963348
YPL151C,YOR311C,0,3.5214043,0.18250951170921326,0.3650190234184265,0.17289908230304718
YNL121C,YNL239W,0,3.5204077,0.18242280185222626,0.3650190234184265,0.17299959063529968
YML112W,YLR440C,0,3.5203876,0.18233618140220642,0.3650190234184265,0.17310011386871338
YNL314W,YNL230C,1,3.520019,0.1827242523431778,0.36596956849098206,0.17310011386871338
YPR035W,YPR198W,0,3.5199552,0.18263757228851318,0.36596956849098206,0.17320063710212708
YJR004C,YBR192W,0,3.519823,0.18255096673965454,0.36596956849098206,0.17330116033554077
YJR040W,YAR031W,0,3.5192976,0.18246445059776306,0.36596956849098206,0.17340168356895447
YJR092W,YAL054C,0,3.518844,0.18237802386283875,0.36596956849098206,0.17350220680236816
YBL058W,YPL122C,0,3.5188334,0.1822916716337204,0.36596956849098206,0.17360273003578186
YER117W,YER175C,0,3.518267,0.18220539391040802,0.36596956849098206,0.17370325326919556
YNL008C,YLR016C,0,3.5173523,0.1821192055940628,0.36596956849098206,0.17380377650260925
YBR195C,YHR039C-A,0,3.5171566,0.18203309178352356,0.36596956849098206,0.17390429973602295
YER165W,YLL027W,0,3.5169015,0.18194706737995148,0.36596956849098206,0.17400482296943665
YJR004C,YKR008W,0,3.516855,0.18186111748218536,0.36596956849098206,0.17410534620285034
YKL103C,YPR119W,0,3.5161705,0.1817752569913864,0.36596956849098206,0.17420586943626404
YPR167C,YDR415C,0,3.5160933,0.18168947100639343,0.36596956849098206,0.17430639266967773
YGR036C,YOL108C,0,3.5157523,0.18160377442836761,0.36596956849098206,0.17440691590309143
YGR020C,YJL079C,0,3.5150385,0.18151815235614777,0.36596956849098206,0.17450743913650513
YBR278W,YBR294W,0,3.5149493,0.1814326047897339,0.36596956849098206,0.17460796236991882
YDR473C,YDR508C,0,3.5148993,0.18134714663028717,0.36596956849098206,0.17470848560333252
YIL135C,YDR159W,0,3.514791,0.18126176297664642,0.36596956849098206,0.17480900883674622
YNL231C,YNL230C,0,3.514622,0.18117646872997284,0.36596956849098206,0.1749095320701599
YDR090C,YGR177C,0,3.5145514,0.18109124898910522,0.36596956849098206,0.1750100553035736
YGL158W,YKR026C,0,3.5135326,0.18100611865520477,0.36596956849098206,0.1751105785369873
YJL200C,YMR090W,0,3.513073,0.1809210479259491,0.36596956849098206,0.175211101770401
YKL170W,YPR030W,0,3.5128407,0.18083606660366058,0.36596956849098206,0.1753116250038147
YIR011C,YER168C,0,3.5127935,0.18075117468833923,0.36596956849098206,0.1754121482372284
YGR185C,YJL006C,0,3.512144,0.18066635727882385,0.36596956849098206,0.1755126714706421
YLL008W,YHR008C,0,3.5117586,0.18058161437511444,0.36596956849098206,0.1756131947040558
YMR049C,YKL124W,0,3.5116534,0.180496945977211,0.36596956849098206,0.17571371793746948
YMR005W,YPR083W,0,3.5115688,0.18041236698627472,0.36596956849098206,0.17581424117088318
YKL161C,YLR129W,0,3.5115206,0.1803278625011444,0.36596956849098206,0.17591474950313568
YPL064C,YOL043C,0,3.5105646,0.18024344742298126,0.36596956849098206,0.17601527273654938
YBL076C,YML109W,0,3.5102296,0.18015910685062408,0.36596956849098206,0.17611579596996307
YGL130W,YGR116W,1,3.509688,0.18054255843162537,0.36692014336586,0.17611579596996307
YEL037C,YER090W,0,3.5096366,0.1804581582546234,0.36692014336586,0.17621631920337677
YHR214C-B,YIL133C,0,3.5093327,0.18037383258342743,0.36692014336586,0.17631684243679047
YNL271C,YML099C,0,3.509272,0.18028958141803741,0.36692014336586,0.17641736567020416
YGL083W,YIL047C,0,3.509269,0.18020541965961456,0.36692014336586,0.17651788890361786
YOR304C-A,YGL004C,0,3.5091724,0.18012133240699768,0.36692014336586,0.17661841213703156
YPL188W,YLR160C,0,3.5091078,0.18003731966018677,0.36692014336586,0.17671893537044525
YPL196W,YBR010W,0,3.5082006,0.17995338141918182,0.36692014336586,0.17681945860385895
YIL131C,YPL190C,1,3.5081427,0.18033550679683685,0.3678707182407379,0.17681945860385895
YIL094C,YMR173W,0,3.5081198,0.18025150895118713,0.3678707182407379,0.17691998183727264
YKR066C,YDR496C,0,3.5079787,0.18016760051250458,0.3678707182407379,0.17702050507068634
YLR129W,YOR085W,0,3.507722,0.180083766579628,0.3678707182407379,0.17712102830410004
YMR269W,YFR018C,0,3.5075254,0.18000000715255737,0.3678707182407379,0.17722155153751373
YML032C,YBR066C,0,3.50708,0.17991632223129272,0.3678707182407379,0.17732207477092743
YER013W,YGR036C,0,3.5069468,0.17983271181583405,0.3678707182407379,0.17742259800434113
YML097C,YPL099C,0,3.50691,0.17974919080734253,0.3678707182407379,0.17752312123775482
YGR186W,YGL043W,1,3.5066552,0.1801299899816513,0.36882129311561584,0.17752312123775482
YIR018W,YML127W,1,3.5065818,0.18051044642925262,0.3697718679904938,0.17752312123775482
YNL032W,YMR065W,0,3.505847,0.1804267168045044,0.3697718679904938,0.17762364447116852
YBR182C,YBR081C,1,3.50559,0.18080668151378632,0.3707224428653717,0.17762364447116852
YGR118W,YPL096W,0,3.5053942,0.1807228922843933,0.3707224428653717,0.17772416770458221
YNL261W,YOR008C,0,3.5050747,0.18063917756080627,0.3707224428653717,0.1778246909379959
YDR081C,YBR215W,1,3.5047867,0.18101851642131805,0.37167301774024963,0.1778246909379959
YOL129W,YOL052C,0,3.5044453,0.18093475699424744,0.37167301774024963,0.1779252141714096
YPL276W,YDL045C,0,3.504378,0.1808510571718216,0.37167301774024963,0.1780257374048233
YJL225C,YJR040W,0,3.5042105,0.18076744675636292,0.37167301774024963,0.178126260638237
YPR026W,YLR264W,0,3.5039916,0.1806839257478714,0.37167301774024963,0.1782267838716507
YMR019W,YNL238W,0,3.503912,0.18060046434402466,0.37167301774024963,0.1783273071050644
YOL086C,YKR101W,0,3.5033598,0.1805170774459839,0.37167301774024963,0.1784278303384781
YKR008W,YER045C,1,3.503212,0.18089525401592255,0.3726235628128052,0.1784278303384781
YLR107W,YGR167W,0,3.5030155,0.180811807513237,0.3726235628128052,0.17852835357189178
YDL215C,YBR095C,0,3.5024214,0.18072845041751862,0.3726235628128052,0.17862887680530548
YPR070W,YGL150C,1,3.5023644,0.18110598623752594,0.3735741376876831,0.17862887680530548
YNL044W,YNL182C,0,3.502243,0.18102256953716278,0.3735741376876831,0.17872940003871918
YIL080W,YBR257W,0,3.5021317,0.1809392273426056,0.3735741376876831,0.17882990837097168
YBL112C,YMR061W,0,3.5019107,0.18085595965385437,0.3735741376876831,0.17893043160438538
YFL021W,YOR038C,1,3.5017686,0.181232750415802,0.37452471256256104,0.17893043160438538
YBR128C,YER090W,0,3.5014465,0.181149423122406,0.37452471256256104,0.17903095483779907
YOR313C,YGL051W,0,3.501157,0.18106617033481598,0.37452471256256104,0.17913147807121277
YBR198C,YKL005C,1,3.5009515,0.18144235014915466,0.37547528743743896,0.17913147807121277
YPL150W,YOR261C,0,3.5007117,0.18135903775691986,0.37547528743743896,0.17923200130462646
YBR050C,YOR178C,1,3.500182,0.18173474073410034,0.3764258623123169,0.17923200130462646
YPR137W,YOR349W,0,3.5001764,0.18165136873722076,0.3764258623123169,0.17933252453804016
YGL237C,YOR287C,0,3.500053,0.18156808614730835,0.3764258623123169,0.17943304777145386
YMR097C,YNR002C,0,3.5000284,0.1814848780632019,0.3764258623123169,0.17953357100486755
YER171W,YLL012W,0,3.499898,0.18140174448490143,0.3764258623123169,0.17963409423828125
YNL163C,YFL057C,0,3.499855,0.18131868541240692,0.3764258623123169,0.17973461747169495
YBR081C,YDL128W,0,3.499658,0.18123570084571838,0.3764258623123169,0.17983514070510864
YML032C,YGL122C,0,3.4994392,0.18115279078483582,0.3764258623123169,0.17993566393852234
YKL067W,YJL130C,0,3.4994302,0.18106995522975922,0.3764258623123169,0.18003618717193604
YML027W,YDR527W,1,3.499154,0.18144424259662628,0.3773764371871948,0.18003618717193604
YLL002W,YJL112W,0,3.499016,0.1813613474369049,0.3773764371871948,0.18013671040534973
YPL223C,YHR079C,0,3.4989529,0.1812785416841507,0.3773764371871948,0.18023723363876343
YKR102W,YJL128C,0,3.498941,0.18119579553604126,0.3773764371871948,0.18033775687217712
YFL014W,YJL191W,0,3.4988885,0.181113138794899,0.3773764371871948,0.18043828010559082
YLR165C,YLR325C,0,3.4979384,0.18103055655956268,0.3773764371871948,0.18053880333900452
YBR247C,YDR332W,0,3.497931,0.18094803392887115,0.3773764371871948,0.1806393265724182
YER022W,YOL155C,0,3.4978485,0.1808656007051468,0.3773764371871948,0.1807398498058319
YDR369C,YMR229C,0,3.4977238,0.1807832419872284,0.3773764371871948,0.1808403730392456
YKL078W,YPR138C,0,3.4972143,0.18070095777511597,0.3773764371871948,0.1809408962726593
YOL136C,YMR034C,0,3.4970033,0.1806187480688095,0.3773764371871948,0.181041419506073
YOL070C,YPR043W,0,3.4969888,0.18053661286830902,0.3773764371871948,0.1811419427394867
YPL083C,YGL019W,0,3.496972,0.1804545521736145,0.3773764371871948,0.1812424659729004
YOR176W,YKR056W,0,3.4969635,0.18037255108356476,0.3773764371871948,0.1813429892063141
YKL166C,YMR176W,0,3.4969068,0.18029063940048218,0.3773764371871948,0.18144351243972778
YKL144C,YJR103W,0,3.4966,0.18020880222320557,0.3773764371871948,0.18154403567314148
YMR172W,YBL092W,0,3.496069,0.18012703955173492,0.3773764371871948,0.18164455890655518
YNL008C,YDR173C,0,3.4960432,0.18004535138607025,0.3773764371871948,0.18174506723880768
YDL015C,YIR005W,0,3.4957733,0.17996373772621155,0.3773764371871948,0.18184559047222137
YOR324C,YJR112W,0,3.4952607,0.1798821985721588,0.3773764371871948,0.18194611370563507
YCL036W,YNL259C,0,3.4948747,0.17980071902275085,0.3773764371871948,0.18204663693904877
YER028C,YDR167W,1,3.4944682,0.18017202615737915,0.37832698225975037,0.18204663693904877
YKL126W,YIL079C,0,3.4942873,0.1800905019044876,0.37832698225975037,0.18214716017246246
YNL025C,YDL115C,1,3.4942691,0.1804613322019577,0.3792775571346283,0.18214716017246246
YDR460W,YOR310C,0,3.4939475,0.1803797483444214,0.3792775571346283,0.18224768340587616
YOR148C,YDL047W,0,3.4935606,0.18029823899269104,0.3792775571346283,0.18234820663928986
YJR026W,YBR192W,0,3.4933753,0.18021680414676666,0.3792775571346283,0.18244872987270355
YDR310C,YGR143W,0,3.493373,0.18013544380664825,0.3792775571346283,0.18254925310611725
YEL036C,YMR210W,0,3.4927993,0.18005415797233582,0.3792775571346283,0.18264977633953094
YBR118W,YLL017W,0,3.4927745,0.17997293174266815,0.3792775571346283,0.18275029957294464
YHR082C,YLR224W,0,3.4923615,0.17989179491996765,0.3792775571346283,0.18285082280635834
YER101C,YIL079C,0,3.4922934,0.17981073260307312,0.3792775571346283,0.18295134603977203
YCR060W,YNL107W,0,3.4918962,0.17972972989082336,0.3792775571346283,0.18305186927318573
YGR113W,YCL057W,0,3.4916086,0.17964880168437958,0.3792775571346283,0.18315239250659943
YKR103W,YBL068W,0,3.4915748,0.17956796288490295,0.3792775571346283,0.18325291574001312
YDR285W,YNL192W,0,3.491496,0.1794871836900711,0.3792775571346283,0.18335343897342682
YER185W,YPR080W,0,3.4909327,0.17940647900104523,0.3792775571346283,0.18345396220684052
YOR388C,YMR049C,0,3.4909022,0.17932584881782532,0.3792775571346283,0.1835544854402542
YKL117W,YKL205W,0,3.4903884,0.17924527823925018,0.3792775571346283,0.1836550086736679
YDR159W,YDR444W,0,3.4900641,0.1791647970676422,0.3792775571346283,0.1837555319070816
YBR202W,YOR148C,0,3.4898229,0.17908437550067902,0.3792775571346283,0.1838560551404953
YDR416W,YDL035C,0,3.4896693,0.17900404334068298,0.3792775571346283,0.183956578373909
YPR196W,YDL142C,0,3.489541,0.17892377078533173,0.3792775571346283,0.1840571016073227
YLR291C,YGR216C,0,3.4893246,0.17884357273578644,0.3792775571346283,0.1841576248407364
YOR388C,YDR392W,0,3.4892888,0.17876343429088593,0.3792775571346283,0.18425814807415009
YDR389W,YLR386W,0,3.488768,0.17868338525295258,0.3792775571346283,0.18435867130756378
YER068W,YHR205W,1,3.4887533,0.17905102670192719,0.3802281320095062,0.18435867130756378
YOR377W,YMR240C,0,3.488629,0.17897091805934906,0.3802281320095062,0.18445919454097748
YGL051W,YBR010W,0,3.4885118,0.1788908839225769,0.3802281320095062,0.18455971777439117
YNL261W,YOL004W,0,3.4884853,0.17881090939044952,0.3802281320095062,0.18466022610664368
YER050C,YIL177C,0,3.4883232,0.1787310093641281,0.3802281320095062,0.18476074934005737
YJR078W,YGR281W,0,3.4881382,0.17865118384361267,0.3802281320095062,0.18486127257347107
YKR071C,YHL012W,0,3.4879398,0.1785714328289032,0.3802281320095062,0.18496179580688477
YKL090W,YJR140C,0,3.487497,0.1784917414188385,0.3802281320095062,0.18506231904029846
YDL140C,YOR172W,1,3.4874582,0.17885816097259521,0.38117870688438416,0.18506231904029846
YML049C,YOR123C,0,3.487167,0.17877842485904694,0.38117870688438416,0.18516284227371216
YPL064C,YNR015W,0,3.4870138,0.17869874835014343,0.38117870688438416,0.18526336550712585
YBR002C,YGR255C,0,3.4869251,0.1786191463470459,0.38117870688438416,0.18536388874053955
YLR029C,YIL080W,0,3.4868693,0.17853961884975433,0.38117870688438416,0.18546441197395325
YGR081C,YJR040W,0,3.486691,0.17846016585826874,0.38117870688438416,0.18556493520736694
YKL009W,YNL138W,0,3.4865937,0.1783807873725891,0.38117870688438416,0.18566545844078064
YIL140W,YOR340C,0,3.4862833,0.17830146849155426,0.38117870688438416,0.18576598167419434
YGL200C,YPR138C,0,3.4861794,0.17822222411632538,0.38117870688438416,0.18586650490760803
YBL076C,YPR152C,0,3.4860682,0.17814305424690247,0.38117870688438416,0.18596702814102173
YLR321C,YGL233W,0,3.485201,0.17806394398212433,0.38117870688438416,0.18606755137443542
YPR194C,YOR294W,0,3.4849916,0.17798490822315216,0.38117870688438416,0.18616807460784912
YFR013W,YML071C,0,3.4849343,0.17790594696998596,0.38117870688438416,0.18626859784126282
YHR005C-A,YOL151W,0,3.4849315,0.17782704532146454,0.38117870688438416,0.1863691210746765
YLR430W,YGR274C,1,3.4848096,0.17819148302078247,0.3821292817592621,0.1863691210746765
YDR499W,YDL170W,0,3.4845028,0.17811253666877747,0.3821292817592621,0.1864696443080902
YBR066C,YBR192W,0,3.4843554,0.17803366482257843,0.3821292817592621,0.1865701675415039
YMR284W,YBR080C,0,3.4842625,0.17795485258102417,0.3821292817592621,0.1866706907749176
YIL020C,YMR099C,0,3.484238,0.17787609994411469,0.3821292817592621,0.1867712140083313
YER103W,YHR119W,0,3.4841497,0.17779743671417236,0.3821292817592621,0.186871737241745
YKR056W,YKL201C,0,3.484076,0.17771883308887482,0.3821292817592621,0.1869722604751587
YLL003W,YLR316C,0,3.4840314,0.17764030396938324,0.3821292817592621,0.1870727837085724
YML015C,YPL190C,1,3.4840143,0.17800353467464447,0.38307985663414,0.1870727837085724
YJR057W,YJL071W,0,3.4839995,0.17792494595050812,0.38307985663414,0.18717330694198608
YIL002C,YLR141W,0,3.483296,0.17784643173217773,0.38307985663414,0.18727383017539978
YBR154C,YKL005C,1,3.4832573,0.1782090812921524,0.38403043150901794,0.18727383017539978
YMR021C,YNL257C,1,3.482823,0.1785714328289032,0.3849809765815735,0.18727383017539978
YHR012W,YIL177C,0,3.482439,0.1784927248954773,0.3849809765815735,0.18737435340881348
YKL015W,YDR311W,1,3.4822366,0.17885462939739227,0.3859315514564514,0.18737435340881348
YDL217C,YLR316C,0,3.4819143,0.1787758767604828,0.3859315514564514,0.18747487664222717
YML032C,YDR392W,0,3.4818769,0.17869718372821808,0.3859315514564514,0.18757538497447968
YDR397C,YMR037C,1,3.4814534,0.1790585070848465,0.38688212633132935,0.18757538497447968
YLR291C,YJR083C,0,3.4811869,0.1789797693490982,0.38688212633132935,0.18767590820789337
YNL261W,YLR165C,0,3.480983,0.17890110611915588,0.38688212633132935,0.18777643144130707
YPL047W,YGL073W,1,3.480858,0.17926186323165894,0.3878327012062073,0.18777643144130707
YGL183C,YNL290W,0,3.4804704,0.17918314039707184,0.3878327012062073,0.18787695467472076
YER050C,YNL274C,0,3.4804425,0.17910447716712952,0.3878327012062073,0.18797747790813446
YLL019C,YGL256W,0,3.4803822,0.17902588844299316,0.3878327012062073,0.18807800114154816
YPR035W,YPL099C,0,3.4800131,0.17894737422466278,0.3878327012062073,0.18817852437496185
YEL052W,YLR244C,0,3.479837,0.17886891961097717,0.3878327012062073,0.18827904760837555
YPR080W,YDR423C,0,3.4795635,0.17879053950309753,0.3878327012062073,0.18837957084178925
YFR029W,YLR383W,0,3.4790854,0.17871221899986267,0.3878327012062073,0.18848009407520294
YOR126C,YPL273W,0,3.4788103,0.17863397300243378,0.3878327012062073,0.18858061730861664
YCR014C,YNL147W,0,3.4787765,0.17855580151081085,0.3878327012062073,0.18868114054203033
YLR026C,YOR285W,0,3.4787276,0.1784776896238327,0.3878327012062073,0.18878166377544403
YNL261W,YPL129W,0,3.4786582,0.17839965224266052,0.3878327012062073,0.18888218700885773
YDL084W,YPL096W,0,3.478654,0.17832167446613312,0.3878327012062073,0.18898271024227142
YLR073C,YOR338W,0,3.478343,0.17824377119541168,0.3878327012062073,0.18908323347568512
YOL145C,YDR473C,0,3.4783258,0.17816594243049622,0.3878327012062073,0.18918375670909882
YMR203W,YDL170W,0,3.4780512,0.17808817327022552,0.3878327012062073,0.1892842799425125
YHR060W,YPR159W,0,3.4776473,0.1780104786157608,0.3878327012062073,0.1893848031759262
YMR276W,YNL182C,0,3.4775262,0.17793284356594086,0.3878327012062073,0.1894853264093399
YLR183C,YNL208W,0,3.4774241,0.17785526812076569,0.3878327012062073,0.1895858496427536
YDR414C,YJR082C,0,3.4773571,0.17777778208255768,0.3878327012062073,0.1896863728761673
YOR274W,YJL178C,0,3.477349,0.17770035564899445,0.3878327012062073,0.189786896109581
YIL017C,YOR038C,1,3.4772773,0.17805834114551544,0.3887832760810852,0.189786896109581
YDR281C,YKR028W,0,3.4770007,0.17798085510730743,0.3887832760810852,0.1898874193429947
YBL041W,YER101C,0,3.4769669,0.1779034435749054,0.3887832760810852,0.1899879425764084
YLR165C,YBL085W,0,3.4768834,0.17782609164714813,0.3887832760810852,0.19008846580982208
YOL028C,YNL052W,0,3.476098,0.17774879932403564,0.3887832760810852,0.19018898904323578
YBR170C,YKL205W,0,3.475421,0.17767159640789032,0.3887832760810852,0.19028951227664948
YER022W,YMR210W,0,3.4753597,0.17759443819522858,0.3887832760810852,0.19039003551006317
YMR218C,YGL169W,0,3.475099,0.1775173544883728,0.3887832760810852,0.19049054384231567
YBR271W,YIR039C,0,3.4749374,0.177440345287323,0.3887832760810852,0.19059106707572937
YJL053W,YKL015W,0,3.4744115,0.17736339569091797,0.3887832760810852,0.19069159030914307
YPR001W,YLR285W,0,3.47437,0.1772865206003189,0.3887832760810852,0.19079211354255676
YHR061C,YER052C,0,3.474349,0.17720970511436462,0.3887832760810852,0.19089263677597046
YPL196W,YMR239C,0,3.4740157,0.1771329641342163,0.3887832760810852,0.19099316000938416
YDL028C,YKL095W,0,3.473711,0.17705628275871277,0.3887832760810852,0.19109368324279785
YFR021W,YNL178W,0,3.4733973,0.176979660987854,0.3887832760810852,0.19119420647621155
YOL129W,YLR401C,0,3.473394,0.1769031137228012,0.3887832760810852,0.19129472970962524
YKR068C,YOR355W,0,3.4729419,0.1768266260623932,0.3887832760810852,0.19139525294303894
YOR106W,YNL079C,0,3.4725854,0.17675021290779114,0.3887832760810852,0.19149577617645264
YDL047W,YER190W,0,3.4725306,0.17667385935783386,0.3887832760810852,0.19159629940986633
YKL064W,YLR316C,0,3.4721332,0.17659758031368256,0.3887832760810852,0.19169682264328003
YPR194C,YLR042C,0,3.4719267,0.17652136087417603,0.3887832760810852,0.19179734587669373
YPR026W,YLR285W,0,3.4718773,0.17644521594047546,0.3887832760810852,0.19189786911010742
YNL282W,YNL006W,0,3.4717836,0.17636913061141968,0.3887832760810852,0.19199839234352112
YDL074C,YHR119W,0,3.4714704,0.17629310488700867,0.3887832760810852,0.19209891557693481
YGL162W,YPL027W,0,3.4713478,0.17621715366840363,0.3887832760810852,0.1921994388103485
YJL024C,YDR472W,0,3.4713416,0.17614126205444336,0.3887832760810852,0.1922999620437622
YOR174W,YBR279W,1,3.4709766,0.17649590969085693,0.38973385095596313,0.1922999620437622
YOR338W,YJL082W,0,3.470578,0.1764199584722519,0.38973385095596313,0.1924004852771759
YLR312W-A,YLR224W,0,3.4704783,0.17634408175945282,0.38973385095596313,0.1925010085105896
YGL026C,YJR031C,0,3.47021,0.17626826465129852,0.38973385095596313,0.1926015317440033
YHR029C,YMR097C,0,3.4700682,0.1761925220489502,0.38973385095596313,0.192702054977417
YGL186C,YBR223C,0,3.4691792,0.17611683905124664,0.38973385095596313,0.1928025782108307
YGR052W,YDR527W,0,3.4681194,0.17604121565818787,0.38973385095596313,0.19290310144424438
YMR284W,YKL180W,0,3.4679585,0.17596566677093506,0.38973385095596313,0.19300362467765808
YKL082C,YLR151C,0,3.4677684,0.17589017748832703,0.38973385095596313,0.19310414791107178
YNL251C,YMR312W,1,3.467618,0.17624357342720032,0.3906843960285187,0.19310414791107178
YDL059C,YLR130C,0,3.467514,0.1761680245399475,0.3906843960285187,0.19320467114448547
YLR107W,YOL043C,0,3.467152,0.17609255015850067,0.3906843960285187,0.19330519437789917
YDR310C,YFL023W,0,3.4665303,0.1760171353816986,0.3906843960285187,0.19340570271015167
YPL240C,YJL124C,0,3.4662924,0.17594178020954132,0.3906843960285187,0.19350622594356537
YLR182W,YDR476C,0,3.4661427,0.17586649954319,0.3906843960285187,0.19360674917697906
YOR215C,YPR152C,0,3.4660263,0.17579127848148346,0.3906843960285187,0.19370727241039276
YDR351W,YNL070W,0,3.4659843,0.1757161170244217,0.3906843960285187,0.19380779564380646
YNL153C,YML128C,0,3.4659152,0.1756410300731659,0.3906843960285187,0.19390831887722015
YLL043W,YDR109C,0,3.4657998,0.17556600272655487,0.3906843960285187,0.19400884211063385
YDL179W,YLR026C,0,3.4654942,0.17549103498458862,0.3906843960285187,0.19410936534404755
YDR512C,YEL029C,0,3.4647126,0.17541612684726715,0.3906843960285187,0.19420988857746124
YLR256W,YBR182C,1,3.4644184,0.1757679134607315,0.3916349709033966,0.19420988857746124
YBL041W,YGR216C,0,3.4642649,0.17569296061992645,0.3916349709033966,0.19431041181087494
YDR351W,YDR310C,0,3.4638653,0.17561806738376617,0.3916349709033966,0.19441093504428864
YBR281C,YJR133W,0,3.4638622,0.17554324865341187,0.3916349709033966,0.19451145827770233
YMR005W,YGL254W,1,3.4636507,0.1758943796157837,0.39258554577827454,0.19451145827770233
YMR061W,YPR060C,0,3.4636278,0.1758195012807846,0.39258554577827454,0.19461198151111603
YDR383C,YER087W,0,3.4633129,0.1757446825504303,0.39258554577827454,0.19471250474452972
YJL030W,YBR141C,0,3.4630857,0.17566992342472076,0.39258554577827454,0.19481302797794342
YJR004C,YNL092W,0,3.4628966,0.1755952388048172,0.39258554577827454,0.19491355121135712
YHR029C,YDL148C,0,3.4628549,0.1755206137895584,0.39258554577827454,0.1950140744447708
YGL062W,YOR355W,0,3.462839,0.1754460483789444,0.39258554577827454,0.1951145976781845
YKL161C,YLR321C,0,3.4625506,0.17537154257297516,0.39258554577827454,0.1952151209115982
YNL085W,YHR061C,0,3.461821,0.1752971112728119,0.39258554577827454,0.1953156441450119
YMR020W,YML049C,0,3.4616272,0.1752227395772934,0.39258554577827454,0.1954161673784256
YML006C,YOL104C,0,3.4615264,0.17514842748641968,0.39258554577827454,0.1955166906118393
YBR196C,YKL082C,0,3.4614472,0.17507418990135193,0.39258554577827454,0.195617213845253
YNR057C,YCR011C,0,3.4613562,0.17499999701976776,0.39258554577827454,0.1957177370786667
YGL212W,YCR052W,0,3.4613395,0.17492587864398956,0.39258554577827454,0.19581826031208038
YGR143W,YDR226W,0,3.4602816,0.17485181987285614,0.39258554577827454,0.19591878354549408
YFL057C,YPL078C,0,3.460006,0.1747778207063675,0.39258554577827454,0.19601930677890778
YLR153C,YKL189W,0,3.4599018,0.17470389604568481,0.39258554577827454,0.19611983001232147
YAR035W,YMR246W,0,3.4598544,0.17463001608848572,0.39258554577827454,0.19622035324573517
YBR155W,YCR052W,0,3.4598217,0.1745562106370926,0.39258554577827454,0.19632086157798767
YPL177C,YCR081W,1,3.4598002,0.1749049425125122,0.39353612065315247,0.19632086157798767
YPL042C,YML112W,0,3.459617,0.1748310774564743,0.39353612065315247,0.19642138481140137
YLL029W,YDR306C,0,3.4593282,0.17475728690624237,0.39353612065315247,0.19652190804481506
YDL111C,YDL045C,0,3.4590583,0.17468354105949402,0.39353612065315247,0.19662243127822876
YOL145C,YPL098C,0,3.4584966,0.17460986971855164,0.39353612065315247,0.19672295451164246
YAL021C,YNL222W,1,3.4578462,0.17495784163475037,0.3944866955280304,0.19672295451164246
YDL107W,YJL128C,0,3.4574053,0.1748841106891632,0.3944866955280304,0.19682347774505615
YEL043W,YGR258C,0,3.4569912,0.17481043934822083,0.3944866955280304,0.19692400097846985
YLL008W,YGL216W,0,3.45689,0.1747368425130844,0.3944866955280304,0.19702452421188354
YLR380W,YOL101C,0,3.4566574,0.17466330528259277,0.3944866955280304,0.19712504744529724
YHR002W,YDR081C,0,3.4563527,0.17458981275558472,0.3944866955280304,0.19722557067871094
YNL078W,YHR057C,0,3.4562302,0.17451639473438263,0.3944866955280304,0.19732609391212463
YEL012W,YOR098C,0,3.4559517,0.17444303631782532,0.3944866955280304,0.19742661714553833
YDR373W,YCL032W,0,3.4558635,0.17436975240707397,0.3944866955280304,0.19752714037895203
YNL304W,YBR074W,0,3.455818,0.1742965131998062,0.3944866955280304,0.19762766361236572
YFR021W,YLR344W,0,3.4554772,0.17422334849834442,0.3944866955280304,0.19772818684577942
YOR377W,YMR272C,0,3.4546971,0.1741502285003662,0.3944866955280304,0.19782871007919312
YGL209W,YAL032C,1,3.4545343,0.17449665069580078,0.3954372704029083,0.19782871007919312
YGR056W,YGR169C,0,3.4540944,0.174423485994339,0.3954372704029083,0.1979292333126068
YLL029W,YDR443C,1,3.454067,0.17476949095726013,0.39638784527778625,0.1979292333126068
YKL085W,YGL051W,0,3.4539928,0.17469626665115356,0.39638784527778625,0.1980297565460205
YOR222W,YGR276C,0,3.45327,0.17462311685085297,0.39638784527778625,0.1981302797794342
YDR137W,YMR269W,0,3.4523816,0.17455002665519714,0.39638784527778625,0.1982308030128479
YMR238W,YDR496C,0,3.4516902,0.1744769811630249,0.39638784527778625,0.1983313262462616
YLR005W,YNL027W,0,3.4513745,0.17440401017665863,0.39638784527778625,0.1984318494796753
YDR453C,YMR061W,0,3.450873,0.17433109879493713,0.39638784527778625,0.198532372713089
YDR423C,YFL024C,1,3.4508,0.17467613518238068,0.3973383903503418,0.198532372713089
YKL190W,YMR228W,0,3.4505262,0.1746031790971756,0.3973383903503418,0.19863289594650269
YPR187W,YML132W,0,3.4502373,0.1745302677154541,0.3973383903503418,0.19873341917991638
YNL281W,YAL029C,0,3.4501853,0.17445743083953857,0.3973383903503418,0.19883394241333008
YGR258C,YOR382W,0,3.4501114,0.17438465356826782,0.3973383903503418,0.19893446564674377
YKL190W,YEL029C,0,3.4499593,0.17431192100048065,0.3973383903503418,0.19903498888015747
YBR118W,YPR162C,0,3.449882,0.17423926293849945,0.3973383903503418,0.19913549721240997
YEL056W,YDL045C,0,3.4498222,0.17416666448116302,0.3973383903503418,0.19923602044582367
YJR119C,YMR061W,0,3.4497619,0.17409412562847137,0.3973383903503418,0.19933654367923737
YDR457W,YGL203C,0,3.4496865,0.1740216463804245,0.3973383903503418,0.19943706691265106
YDR164C,YLR350W,0,3.4495783,0.1739492267370224,0.3973383903503418,0.19953759014606476
YKL090W,YOL107W,0,3.449514,0.17387686669826508,0.3973383903503418,0.19963811337947845
YLR182W,YIL079C,0,3.4494452,0.17380458116531372,0.3973383903503418,0.19973863661289215
YLR386W,YLR209C,0,3.4493678,0.17373234033584595,0.3973383903503418,0.19983915984630585
YNR021W,YBR067C,0,3.4493618,0.17366015911102295,0.3973383903503418,0.19993968307971954
YEL052W,YIL080W,0,3.4493334,0.17358803749084473,0.3973383903503418,0.20004020631313324
YLR020C,YIL006W,0,3.4491658,0.17351597547531128,0.3973383903503418,0.20014072954654694
YFR013W,YJL085W,0,3.4490128,0.1734439879655838,0.3973383903503418,0.20024125277996063
YLR033W,YGR005C,1,3.448936,0.17378680408000946,0.3982889652252197,0.20024125277996063
YKL061W,YOR261C,0,3.448935,0.1737147569656372,0.3982889652252197,0.20034177601337433
YNL044W,YNR044W,0,3.44883,0.17364276945590973,0.3982889652252197,0.20044229924678802
YJR149W,YJL071W,0,3.448825,0.17357084155082703,0.3982889652252197,0.20054282248020172
YMR020W,YKL172W,0,3.448422,0.1734989583492279,0.3982889652252197,0.20064334571361542
YGL113W,YGR089W,0,3.4483147,0.17342714965343475,0.3982889652252197,0.2007438689470291
YBR223C,YLL034C,0,3.4480467,0.17335540056228638,0.3982889652252197,0.2008443921804428
YJR138W,YPR035W,0,3.447915,0.17328371107578278,0.3982889652252197,0.2009449154138565
YIL159W,YPL104W,0,3.447794,0.17321206629276276,0.3982889652252197,0.2010454386472702
YDL170W,YOR098C,0,3.4477158,0.1731404960155487,0.3982889652252197,0.2011459618806839
YDR173C,YIL021W,1,3.447526,0.1734820306301117,0.39923954010009766,0.2011459618806839
YGR288W,YDR146C,0,3.4472866,0.17341040074825287,0.39923954010009766,0.2012464851140976
YMR078C,YGR134W,0,3.4471881,0.17333883047103882,0.39923954010009766,0.2013470083475113
YER008C,YIR025W,0,3.446692,0.17326731979846954,0.39923954010009766,0.201447531580925
YPL276W,YOR261C,0,3.446307,0.17319588363170624,0.39923954010009766,0.20154805481433868
YCR052W,YPL082C,1,3.4457598,0.17353668808937073,0.4001901149749756,0.20154805481433868
YBR067C,YOR204W,0,3.4456758,0.17346517741680145,0.4001901149749756,0.20164857804775238
YER049W,YMR176W,0,3.445525,0.17339374125003815,0.4001901149749756,0.20174910128116608
YJR055W,YLR187W,0,3.4451275,0.17332234978675842,0.4001901149749756,0.20184962451457977
YML051W,YIL035C,0,3.444456,0.17325103282928467,0.4001901149749756,0.20195014774799347
YOR219C,YER002W,0,3.4441526,0.1731797605752945,0.4001901149749756,0.20205065608024597
YDR026C,YKL165C,0,3.444111,0.1731085479259491,0.4001901149749756,0.20215117931365967
YGR052W,YLR009W,0,3.443509,0.17303740978240967,0.4001901149749756,0.20225170254707336
YKL093W,YMR241W,0,3.4434786,0.17296631634235382,0.4001901149749756,0.20235222578048706
YNL025C,YGL220W,1,3.4433703,0.1733059585094452,0.4011406898498535,0.20235222578048706
YFL033C,YBL052C,0,3.4430892,0.17323480546474457,0.4011406898498535,0.20245274901390076
YCL014W,YMR090W,0,3.44307,0.17316372692584991,0.4011406898498535,0.20255327224731445
YLR025W,YKR068C,0,3.4416966,0.17309269309043884,0.4011406898498535,0.20265379548072815
YGR186W,YPL047W,1,3.4414554,0.17343173921108246,0.40209126472473145,0.20265379548072815
YOR148C,YGR143W,0,3.4413927,0.1733606606721878,0.40209126472473145,0.20275431871414185
YCR087C-A,YMR200W,0,3.4409504,0.17328964173793793,0.40209126472473145,0.20285484194755554
YER068W,YKL185W,1,3.4408598,0.17362816631793976,0.4030418395996094,0.20285484194755554
YNL008C,YMR241W,0,3.4405322,0.1735571026802063,0.4030418395996094,0.20295536518096924
YKL190W,YGR113W,0,3.4401922,0.17348608374595642,0.4030418395996094,0.20305588841438293
YEL053C,YJR028W,0,3.4400654,0.1734151393175125,0.4030418395996094,0.20315641164779663
YPR171W,YAR031W,0,3.439632,0.17334423959255219,0.4030418395996094,0.20325693488121033
YER055C,YJL004C,0,3.4394274,0.17327339947223663,0.4030418395996094,0.20335745811462402
YHR175W,YDR159W,0,3.439101,0.17320261895656586,0.4030418395996094,0.20345798134803772
YGL183C,YMR296C,0,3.4384747,0.17313188314437866,0.4030418395996094,0.20355850458145142
YPR026W,YNL182C,0,3.4384437,0.17306122183799744,0.4030418395996094,0.2036590278148651
YIR011C,YMR304W,0,3.438116,0.172990620136261,0.4030418395996094,0.2037595510482788
YJL134W,YAL039C,0,3.4378717,0.17292006313800812,0.4030418395996094,0.2038600742816925
YPL244C,YLR151C,0,3.4378119,0.17284956574440002,0.4030418395996094,0.2039605975151062
YDR072C,YOR215C,0,3.4374483,0.1727791428565979,0.4030418395996094,0.2040611207485199
YHR167W,YMR227C,1,3.4371128,0.17311608791351318,0.4039923846721649,0.2040611207485199
YHR214C-B,YER104W,0,3.437028,0.17304560542106628,0.4039923846721649,0.2041616439819336
YDL206W,YLR353W,0,3.4368968,0.17297516763210297,0.4039923846721649,0.2042621672153473
YHR012W,YOR382W,0,3.4366732,0.17290480434894562,0.4039923846721649,0.204362690448761
YPL150W,YLL061W,0,3.436616,0.17283448576927185,0.4039923846721649,0.20446321368217468
YBL112C,YDR211W,0,3.4364996,0.17276422679424286,0.4039923846721649,0.20456373691558838
YCR093W,YEL030W,0,3.436113,0.17269402742385864,0.4039923846721649,0.20466426014900208
YPR204W,YPR030W,0,3.4360936,0.1726238876581192,0.4039923846721649,0.20476478338241577
YER138C,YLR390W,0,3.435934,0.17255379259586334,0.4039923846721649,0.20486530661582947
YIL017C,YNL136W,1,3.4358773,0.1728896051645279,0.40494295954704285,0.20486530661582947
YBR198C,YGL220W,1,3.4357214,0.17322514951229095,0.4058935344219208,0.20486530661582947
YIL139C,YNR021W,0,3.4350019,0.17315490543842316,0.4058935344219208,0.20496581494808197
YMR172W,YGR044C,1,3.4349627,0.17349006235599518,0.4068441092967987,0.20496581494808197
YOR138C,YOR209C,0,3.4348574,0.1734197735786438,0.4068441092967987,0.20506633818149567
YDL133C-A,YNL107W,0,3.434803,0.173349529504776,0.4068441092967987,0.20516686141490936
YOR388C,YDR496C,0,3.4345741,0.17327934503555298,0.4068441092967987,0.20526738464832306
YOR148C,YBR230C,0,3.4345524,0.17320922017097473,0.4068441092967987,0.20536790788173676
YBR287W,YOL004W,0,3.4343724,0.17313915491104126,0.4068441092967987,0.20546843111515045
YDR067C,YLR009W,0,3.4343128,0.17306914925575256,0.4068441092967987,0.20556895434856415
YGL113W,YDR444W,0,3.4340606,0.17299918830394745,0.4068441092967987,0.20566947758197784
YDR030C,YJR032W,0,3.4338741,0.1729292869567871,0.4068441092967987,0.20577000081539154
YGR268C,YKL166C,0,3.4337919,0.17285944521427155,0.4068441092967987,0.20587052404880524
YNL297C,YDR457W,0,3.4337564,0.17278966307640076,0.4068441092967987,0.20597104728221893
YGR052W,YJL192C,0,3.4334946,0.17271994054317474,0.4068441092967987,0.20607157051563263
YHR029C,YMR143W,0,3.4329283,0.1726502627134323,0.4068441092967987,0.20617209374904633
YDR449C,YER190W,0,3.4328976,0.17258064448833466,0.4068441092967987,0.20627261698246002
YCR052W,YPL208W,0,3.4327736,0.17251108586788177,0.4068441092967987,0.20637314021587372
YGR167W,YOR216C,0,3.4313922,0.17244157195091248,0.4068441092967987,0.20647366344928741
YGL172W,YOR311C,0,3.4312067,0.17237213253974915,0.4068441092967987,0.2065741866827011
YPL096W,YIL133C,0,3.4309053,0.1723027378320694,0.4068441092967987,0.2066747099161148
YDR308C,YGL150C,1,3.4308317,0.17263580858707428,0.40779468417167664,0.2066747099161148
YLR418C,YAL043C,1,3.4306886,0.17296862602233887,0.40874525904655457,0.2066747099161148
YGR251W,YOR020C,0,3.430666,0.17289908230304718,0.40874525904655457,0.2067752331495285
YNL288W,YBL103C,1,3.4296808,0.17323151230812073,0.4096958041191101,0.2067752331495285
YJL112W,YBL076C,0,3.4296536,0.17316190898418427,0.4096958041191101,0.2068757563829422
YLR187W,YKL175W,0,3.4290276,0.17309236526489258,0.4096958041191101,0.2069762796163559
YEL012W,YNL107W,0,3.428849,0.17302288115024567,0.4096958041191101,0.2070768028497696
YJR070C,YPL110C,0,3.4284048,0.17295345664024353,0.4096958041191101,0.2071773260831833
YLR383W,YLR380W,0,3.4283023,0.17288407683372498,0.4096958041191101,0.20727784931659698
YOR274W,YOR142W,0,3.4281325,0.1728147566318512,0.4096958041191101,0.20737837255001068
YBR042C,YPR152C,0,3.4279456,0.1727454960346222,0.4096958041191101,0.20747889578342438
YPR135W,YMR061W,0,3.4278216,0.17267628014087677,0.4096958041191101,0.20757941901683807
YJL155C,YLR088W,0,3.427407,0.17260712385177612,0.4096958041191101,0.20767994225025177
YDR064W,YER137C,0,3.427243,0.17253802716732025,0.4096958041191101,0.20778046548366547
YOR219C,YMR308C,0,3.426917,0.17246899008750916,0.4096958041191101,0.20788097381591797
YOR054C,YHL027W,0,3.4263356,0.17239999771118164,0.4096958041191101,0.20798149704933167
YBR183W,YER104W,0,3.4261875,0.1723310649394989,0.4096958041191101,0.20808202028274536
YLR418C,YDR392W,1,3.4261646,0.17266187071800232,0.41064637899398804,0.20808202028274536
YJR092W,YMR137C,0,3.4261558,0.172592893242836,0.41064637899398804,0.20818254351615906
YDR405W,YHR214C-B,0,3.4259384,0.17252396047115326,0.41064637899398804,0.20828306674957275
YKL119C,YMR240C,0,3.425671,0.1724550873041153,0.41064637899398804,0.20838358998298645
YMR032W,YLR224W,0,3.4254937,0.1723862737417221,0.41064637899398804,0.20848411321640015
YMR033W,YKL095W,0,3.4254007,0.1723175048828125,0.41064637899398804,0.20858463644981384
YPL129W,YER104W,0,3.425283,0.17224881052970886,0.41064637899398804,0.20868515968322754
YDL054C,YGR229C,0,3.424985,0.1721801459789276,0.41064637899398804,0.20878568291664124
YDL140C,YDR195W,1,3.424691,0.17250995337963104,0.41159695386886597,0.20878568291664124
YBR020W,YOL155C,0,3.4246583,0.1724412590265274,0.41159695386886597,0.20888620615005493
YLR157C,YDR172W,0,3.4245281,0.17237260937690735,0.41159695386886597,0.20898672938346863
YGL162W,YKL061W,0,3.423869,0.17230401933193207,0.41159695386886597,0.20908725261688232
YER171W,YPL202C,1,3.4235857,0.17263326048851013,0.4125475287437439,0.20908725261688232
YMR039C,YDR167W,1,3.4234805,0.1729622334241867,0.4134981036186218,0.20908725261688232
YER055C,YKL201C,0,3.4234776,0.1728934794664383,0.4134981036186218,0.20918777585029602
YKR008W,YLR176C,1,3.4230843,0.17322209477424622,0.41444867849349976,0.20918777585029602
YKR062W,YDR043C,1,3.4228544,0.17355044186115265,0.4153992533683777,0.20918777585029602
YNL223W,YML109W,0,3.4227493,0.1734815388917923,0.4153992533683777,0.20928829908370972
YNL079C,YDR416W,0,3.4227195,0.17341269552707672,0.4153992533683777,0.2093888223171234
YJL225C,YDL074C,0,3.4225247,0.17334391176700592,0.4153992533683777,0.2094893455505371
YOL148C,YPR133C,1,3.4219055,0.173671692609787,0.4163497984409332,0.2094893455505371
YGR251W,YPL129W,0,3.4216063,0.1736028492450714,0.4163497984409332,0.2095898687839508
YOR212W,YLR301W,0,3.421153,0.1735340654850006,0.4163497984409332,0.2096903920173645
YKL096W-A,YPL050C,0,3.4209805,0.17346534132957458,0.4163497984409332,0.2097909152507782
YJL176C,YLR088W,0,3.420536,0.17339667677879333,0.4163497984409332,0.2098914384841919
YNR031C,YDR260C,0,3.420472,0.17332805693149567,0.4163497984409332,0.2099919617176056
YML006C,YOL054W,0,3.4201312,0.17325949668884277,0.4163497984409332,0.2100924849510193
YKL020C,YBR129C,0,3.419559,0.17319098114967346,0.4163497984409332,0.21019300818443298
YPL252C,YOL108C,0,3.4190512,0.17312252521514893,0.4163497984409332,0.21029353141784668
YPR171W,YLR329W,0,3.4189672,0.17305412888526917,0.4163497984409332,0.21039405465126038
YOL028C,YNL259C,0,3.4189606,0.17298577725887299,0.4163497984409332,0.21049457788467407
YMR054W,YHR008C,0,3.4185834,0.17291748523712158,0.4163497984409332,0.21059510111808777
YPL151C,YDL111C,0,3.4185567,0.17284925282001495,0.4163497984409332,0.21069562435150146
YKL103C,YLR353W,0,3.41836,0.1727810651063919,0.4163497984409332,0.21079613268375397
YER022W,YER104W,0,3.4180284,0.17271293699741364,0.4163497984409332,0.21089665591716766
YKL013C,YMR179W,0,3.4179306,0.17264485359191895,0.4163497984409332,0.21099717915058136
YJR010W,YOL136C,0,3.417877,0.17257682979106903,0.4163497984409332,0.21109770238399506
YBR222C,YKL015W,0,3.4176412,0.1725088655948639,0.4163497984409332,0.21119822561740875
YFR029W,YNL259C,0,3.416669,0.17244094610214233,0.4163497984409332,0.21129874885082245
YDR144C,YHR132C,0,3.416482,0.17237308621406555,0.4163497984409332,0.21139927208423615
YNL297C,YGR134W,0,3.4160435,0.17230527102947235,0.4163497984409332,0.21149979531764984
YDL179W,YHR008C,0,3.416027,0.17223751544952393,0.4163497984409332,0.21160031855106354
YBL058W,YKL201C,0,3.415482,0.17216980457305908,0.4163497984409332,0.21170084178447723
YLR404W,YOR349W,0,3.4154415,0.1721021682024002,0.4163497984409332,0.21180136501789093
YDL142C,YLR278C,0,3.4150538,0.17203456163406372,0.4163497984409332,0.21190188825130463
YLR113W,YKL124W,0,3.4148855,0.171967014670372,0.4163497984409332,0.21200241148471832
YGL166W,YDR081C,1,3.4148326,0.17229199409484863,0.41730037331581116,0.21200241148471832
YDL217C,YGR258C,0,3.4147637,0.17222440242767334,0.41730037331581116,0.21210293471813202
YBR247C,YFL010W-A,0,3.41455,0.17215685546398163,0.41730037331581116,0.21220345795154572
YPR113W,YGL183C,0,3.4141912,0.1720893830060959,0.41730037331581116,0.2123039811849594
YIL021W,YHR051W,0,3.4135964,0.17202194035053253,0.41730037331581116,0.2124045044183731
YPL007C,YLR309C,0,3.4135895,0.17195455729961395,0.41730037331581116,0.2125050276517868
YHR164C,YJL130C,0,3.413515,0.17188723385334015,0.41730037331581116,0.2126055508852005
YNL202W,YHR077C,0,3.412009,0.17181995511054993,0.41730037331581116,0.2127060741186142
YOL155C,YDR508C,0,3.4116788,0.17175273597240448,0.41730037331581116,0.2128065973520279
YOR212W,YJL082W,0,3.4116478,0.1716855764389038,0.41730037331581116,0.2129071205854416
YHR074W,YGL010W,0,3.4116063,0.17161844670772552,0.41730037331581116,0.21300764381885529
YNL127W,YER168C,0,3.4115908,0.1715513914823532,0.41730037331581116,0.21310816705226898
YPL119C,YNL138W,0,3.41157,0.17148438096046448,0.41730037331581116,0.21320869028568268
YFR045W,YGR271W,0,3.411168,0.17141741514205933,0.41730037331581116,0.21330921351909637
YMR123W,YOL151W,0,3.4110408,0.17135050892829895,0.41730037331581116,0.21340973675251007
YNR031C,YBL011W,0,3.4109807,0.17128364741802216,0.41730037331581116,0.21351025998592377
YNL070W,YLR350W,0,3.4100854,0.17121684551239014,0.41730037331581116,0.21361078321933746
YMR284W,YHR214C-B,0,3.4098146,0.1711501032114029,0.41730037331581116,0.21371129155158997
YEL043W,YDL074C,0,3.4095619,0.17108340561389923,0.41730037331581116,0.21381181478500366
YKR019C,YOR287C,0,3.4090648,0.17101675271987915,0.41730037331581116,0.21391233801841736
YOL107W,YGL220W,0,3.4088655,0.17095015943050385,0.41730037331581116,0.21401286125183105
YFL048C,YJL082W,0,3.408453,0.17088361084461212,0.41730037331581116,0.21411338448524475
YCL043C,YDL039C,0,3.4084308,0.17081712186336517,0.41730037331581116,0.21421390771865845
YAR027W,YJR101W,0,3.4083924,0.1707506775856018,0.41730037331581116,0.21431443095207214
YIL135C,YJL004C,0,3.40796,0.17068429291248322,0.41730037331581116,0.21441495418548584
YDR079W,YDR072C,0,3.4071236,0.1706179529428482,0.41730037331581116,0.21451547741889954
YNL079C,YDR444W,0,3.4067054,0.17055167257785797,0.41730037331581116,0.21461600065231323
YLL045C,YJL082W,0,3.4066732,0.17048543691635132,0.41730037331581116,0.21471652388572693
YDL021W,YNL175C,0,3.4062521,0.17041926085948944,0.41730037331581116,0.21481704711914062
YFR021W,YLR025W,0,3.4062324,0.17035312950611115,0.41730037331581116,0.21491757035255432
YDR289C,YPR030W,1,3.4061046,0.17067493498325348,0.4182509481906891,0.21491757035255432
YER185W,YNL070W,0,3.405982,0.1706087589263916,0.4182509481906891,0.21501809358596802
YOL155C,YOR194C,0,3.4057279,0.1705426424741745,0.4182509481906891,0.2151186168193817
YOL054W,YMR075W,0,3.4056122,0.17047655582427979,0.4182509481906891,0.2152191400527954
YDL070W,YOR353C,0,3.4051437,0.17041052877902985,0.4182509481906891,0.2153196632862091
YHR012W,YLR353W,0,3.4045808,0.17034456133842468,0.4182509481906891,0.2154201865196228
YNL079C,YFR019W,0,3.4044042,0.1702786386013031,0.4182509481906891,0.2155207097530365
YDR137W,YKL061W,0,3.403643,0.1702127605676651,0.4182509481906891,0.2156212329864502
YJL066C,YNL172W,0,3.4033532,0.17014694213867188,0.4182509481906891,0.2157217562198639
YCR060W,YOR180C,0,3.4032626,0.17008116841316223,0.4182509481906891,0.2158222794532776
YIL021W,YNL230C,1,3.4032183,0.17040185630321503,0.419201523065567,0.2158222794532776
YLL045C,YMR295C,0,3.4030943,0.1703360378742218,0.419201523065567,0.21592280268669128
YOR239W,YNR015W,0,3.40306,0.17027026414871216,0.419201523065567,0.21602332592010498
YMR194W,YER090W,0,3.4029086,0.1702045500278473,0.419201523065567,0.21612384915351868
YDR144C,YER052C,0,3.4024422,0.1701388955116272,0.419201523065567,0.21622437238693237
YGL158W,YLR163C,0,3.4024382,0.1700732707977295,0.419201523065567,0.21632489562034607
YLR182W,YJR040W,0,3.4020236,0.17000770568847656,0.419201523065567,0.21642541885375977
YKL078W,YKR101W,0,3.401902,0.1699422001838684,0.419201523065567,0.21652594208717346
YLR418C,YJL081C,1,3.4016733,0.1702619343996048,0.42015209794044495,0.21652594208717346
YGR056W,YBR006W,0,3.4012418,0.17019638419151306,0.42015209794044495,0.21662645041942596
YLL051C,YOR138C,0,3.4011254,0.1701308637857437,0.42015209794044495,0.21672697365283966
YBR002C,YBL011W,0,3.4008894,0.17006540298461914,0.42015209794044495,0.21682749688625336
YDR308C,YNL222W,1,3.4006157,0.17038461565971375,0.4211026728153229,0.21682749688625336
YMR146C,YJR078W,0,3.400295,0.1703191101551056,0.4211026728153229,0.21692802011966705
YMR087W,YKL061W,0,3.4000988,0.17025364935398102,0.4211026728153229,0.21702854335308075
YOL066C,YDR369C,0,3.400058,0.17018824815750122,0.4211026728153229,0.21712906658649445
YDR026C,YOR147W,0,3.399768,0.170122891664505,0.4211026728153229,0.21722958981990814
YOR382W,YKL015W,0,3.3996658,0.17005757987499237,0.4211026728153229,0.21733011305332184
YIL002C,YOL111C,0,3.3995786,0.1699923276901245,0.4211026728153229,0.21743063628673553
YMR213W,YLR251W,0,3.3994348,0.16992712020874023,0.4211026728153229,0.21753115952014923
YHR132C,YKR056W,0,3.3992124,0.16986195743083954,0.4211026728153229,0.21763168275356293
YER138C,YEL056W,0,3.3991866,0.16979685425758362,0.4211026728153229,0.21773220598697662
YMR061W,YAL017W,0,3.399185,0.16973179578781128,0.4211026728153229,0.21783272922039032
YOR304C-A,YDR423C,0,3.3991148,0.16966679692268372,0.4211026728153229,0.21793325245380402
YER013W,YNR010W,0,3.3988485,0.16960184276103973,0.4211026728153229,0.2180337756872177
YBR230C,YMR034C,0,3.3981125,0.16953693330287933,0.4211026728153229,0.2181342989206314
YKL082C,YLR321C,0,3.39811,0.16947206854820251,0.4211026728153229,0.2182348221540451
YPR196W,YMR005W,0,3.3979664,0.16940726339817047,0.4211026728153229,0.2183353453874588
YDR332W,YML109W,0,3.3975434,0.169342502951622,0.4211026728153229,0.2184358686208725
YPL011C,YLR176C,1,3.3975356,0.16965991258621216,0.4220532178878784,0.2184358686208725
YBR145W,YHR168W,0,3.3974824,0.16959510743618011,0.4220532178878784,0.2185363918542862
YER017C,YFL023W,0,3.3966417,0.16953036189079285,0.4220532178878784,0.2186369150876999
YDR228C,YPR065W,1,3.3965197,0.16984732449054718,0.42300379276275635,0.2186369150876999
YIL126W,YHR178W,1,3.3962092,0.1701640635728836,0.4239543676376343,0.2186369150876999
YNL117W,YOR298W,0,3.3956027,0.1700991541147232,0.4239543676376343,0.2187374383211136
YGR258C,YLR115W,1,3.3955722,0.17041555047035217,0.4249049425125122,0.2187374383211136
YKL144C,YLR016C,0,3.395442,0.17035061120986938,0.4249049425125122,0.21883796155452728
YNL208W,YDL083C,0,3.3949947,0.17028571665287018,0.4249049425125122,0.21893848478794098
YLR107W,YKL041W,0,3.3949885,0.17022086679935455,0.4249049425125122,0.21903900802135468
YGR251W,YDR518W,0,3.3949833,0.1701560765504837,0.4249049425125122,0.21913953125476837
YBR050C,YAL013W,1,3.3945417,0.17047184705734253,0.42585551738739014,0.21913953125476837
YNL095C,YFL048C,0,3.394396,0.1704069972038269,0.42585551738739014,0.21924005448818207
YJR102C,YPL048W,1,3.3942091,0.17072243988513947,0.42680609226226807,0.21924005448818207
YBL026W,YLL027W,0,3.3940396,0.17065754532814026,0.42680609226226807,0.21934057772159576
YHR077C,YJL024C,0,3.393939,0.17059271037578583,0.42680609226226807,0.21944110095500946
YGL083W,YOR299W,0,3.3934617,0.17052792012691498,0.42680609226226807,0.21954160928726196
YML027W,YGR275W,1,3.3934612,0.17084282636642456,0.427756667137146,0.21954160928726196
YOR038C,YDR364C,0,3.3933783,0.17077799141407013,0.427756667137146,0.21964213252067566
YDR082W,YCR057C,0,3.3932552,0.17071320116519928,0.427756667137146,0.21974265575408936
YCR052W,YLL012W,0,3.3928115,0.1706484705209732,0.427756667137146,0.21984317898750305
YPL113C,YKL074C,0,3.3912454,0.17058376967906952,0.427756667137146,0.21994370222091675
YDR034C,YEL053C,0,3.3912416,0.1705191433429718,0.427756667137146,0.22004422545433044
YER115C,YDL045C,0,3.391176,0.17045454680919647,0.427756667137146,0.22014474868774414
YDR207C,YHR058C,0,3.3907213,0.17039000988006592,0.427756667137146,0.22024527192115784
YGR258C,YOL101C,0,3.3904252,0.17032551765441895,0.427756667137146,0.22034579515457153
YGL183C,YIL083C,0,3.3896875,0.17026107013225555,0.427756667137146,0.22044631838798523
YPR204W,YDR151C,0,3.3894048,0.17019666731357574,0.427756667137146,0.22054684162139893
YOR291W,YLR348C,0,3.3893845,0.1701323240995407,0.427756667137146,0.22064736485481262
YGR063C,YIL131C,1,3.3891935,0.17044594883918762,0.42870721220970154,0.22064736485481262
YOL043C,YNL302C,0,3.3891098,0.170381560921669,0.42870721220970154,0.22074788808822632
YGR027C,YPR159W,0,3.3887405,0.17031721770763397,0.42870721220970154,0.22084841132164001
YBR182C,YMR160W,0,3.3886576,0.17025291919708252,0.42870721220970154,0.2209489345550537
YHR029C,YER046W,0,3.3884919,0.17018868029117584,0.42870721220970154,0.2210494577884674
YNL282W,YKL201C,0,3.3883379,0.17012448608875275,0.42870721220970154,0.2211499810218811
YER162C,YOL054W,0,3.3883054,0.17006033658981323,0.42870721220970154,0.2212505042552948
YPR194C,YLR429W,0,3.388105,0.1699962317943573,0.42870721220970154,0.2213510274887085
YOR279C,YOR209C,0,3.3877819,0.16993217170238495,0.42870721220970154,0.2214515507221222
YMR049C,YOR148C,0,3.3875852,0.16986817121505737,0.42870721220970154,0.2215520739555359
YLR390W,YGR171C,0,3.3874676,0.16980421543121338,0.42870721220970154,0.22165259718894958
YNL008C,YOL004W,0,3.387072,0.16974030435085297,0.42870721220970154,0.22175312042236328
YPL064C,YLR182W,0,3.38661,0.16967645287513733,0.42870721220970154,0.22185364365577698
YJR082C,YFR019W,0,3.386598,0.16961263120174408,0.42870721220970154,0.22195416688919067
YMR146C,YPL082C,0,3.3865669,0.1695488691329956,0.42870721220970154,0.22205469012260437
YMR145C,YGR143W,0,3.3865638,0.1694851517677307,0.42870721220970154,0.22215521335601807
YML027W,YPR056W,1,3.386495,0.1697971522808075,0.42965778708457947,0.22215521335601807
YBR182C,YBR282W,0,3.3864524,0.16973339021205902,0.42965778708457947,0.22225573658943176
YMR093W,YNR002C,0,3.3864467,0.16966967284679413,0.42965778708457947,0.22235625982284546
YDL197C,YDL047W,0,3.385919,0.16960600018501282,0.42965778708457947,0.22245676815509796
YPL119C,YOR219C,0,3.3854442,0.16954238712787628,0.42965778708457947,0.22255729138851166
YKR099W,YIL128W,1,3.3853235,0.16985376179218292,0.4306083619594574,0.22255729138851166
YOR168W,YNL080C,0,3.3853035,0.1697901040315628,0.4306083619594574,0.22265781462192535
YGL112C,YOL089C,1,3.3851478,0.17010116577148438,0.4315589368343353,0.22265781462192535
YBR260C,YGL050W,0,3.3849587,0.17003744840621948,0.4315589368343353,0.22275833785533905
YGL071W,YIL133C,0,3.384914,0.16997379064559937,0.4315589368343353,0.22285886108875275
YPL129W,YLL017W,0,3.3847246,0.16991017758846283,0.4315589368343353,0.22295938432216644
YJR006W,YIL095W,0,3.3846805,0.16984660923480988,0.4315589368343353,0.22305990755558014
YDR067C,YLR440C,0,3.384592,0.1697831004858017,0.4315589368343353,0.22316043078899384
YLR105C,YER150W,0,3.3842385,0.1697196215391159,0.4315589368343353,0.22326095402240753
YKL013C,YOR287C,0,3.3837678,0.1696562021970749,0.4315589368343353,0.22336147725582123
YHR074W,YKL064W,0,3.3834,0.16959282755851746,0.4315589368343353,0.22346200048923492
YNL271C,YPL139C,0,3.383155,0.1695294976234436,0.4315589368343353,0.22356252372264862
YMR112C,YLR417W,1,3.3825254,0.16983948647975922,0.43250951170921326,0.22356252372264862
YGR036C,YFL013C,0,3.382127,0.16977612674236298,0.43250951170921326,0.22366304695606232
YBR274W,YNL304W,0,3.3821077,0.16971279680728912,0.43250951170921326,0.223763570189476
YDR131C,YPL129W,0,3.3808856,0.16964951157569885,0.43250951170921326,0.2238640934228897
YJR151C,YJR063W,0,3.3805974,0.16958628594875336,0.43250951170921326,0.2239646166563034
YPR200C,YDL045C,0,3.3802881,0.16952310502529144,0.43250951170921326,0.2240651398897171
YOL155C,YDR404C,0,3.3802018,0.1694599688053131,0.43250951170921326,0.2241656631231308
YLR314C,YPL218W,0,3.379478,0.16939687728881836,0.43250951170921326,0.2242661863565445
YOR106W,YMR301C,0,3.3787413,0.1693338304758072,0.43250951170921326,0.2243667095899582
YOR232W,YJR026W,0,3.3786387,0.1692708283662796,0.43250951170921326,0.2244672328233719
YKL205W,YFR052W,0,3.3781695,0.1692078858613968,0.43250951170921326,0.22456775605678558
YHR056C,YBR261C,0,3.3779354,0.16914498805999756,0.43250951170921326,0.22466827929019928
YFL001W,YAL031C,0,3.3778548,0.16908212006092072,0.43250951170921326,0.22476880252361298
YCL024W,YLL033W,0,3.37775,0.16901931166648865,0.43250951170921326,0.22486932575702667
YHR006W,YMR021C,1,3.3773608,0.16932788491249084,0.4334600865840912,0.22486932575702667
YDR419W,YEL053C,0,3.3773158,0.1692650318145752,0.4334600865840912,0.22496984899044037
YEL043W,YNR003C,0,3.3773131,0.16920222342014313,0.4334600865840912,0.22507037222385406
YEL069C,YLR309C,0,3.3771086,0.16913945972919464,0.4334600865840912,0.22517089545726776
YGR081C,YOR239W,0,3.3770287,0.16907675564289093,0.4334600865840912,0.22527141869068146
YGR134W,YPR052C,1,3.3769865,0.16938473284244537,0.43441063165664673,0.22527141869068146
YLL019C,YLR024C,0,3.3762684,0.1693219691514969,0.43441063165664673,0.22537192702293396
YOR106W,YPL223C,0,3.3762527,0.16925926506519318,0.43441063165664673,0.22547245025634766
YLR208W,YBL079W,0,3.3761053,0.16919659078121185,0.43441063165664673,0.22557297348976135
YNR057C,YGL103W,0,3.3760066,0.1691339761018753,0.43441063165664673,0.22567349672317505
YPL127C,YNL107W,0,3.3759966,0.16907140612602234,0.43441063165664673,0.22577401995658875
YBR202W,YGL207W,1,3.3757558,0.16937869787216187,0.43536120653152466,0.22577401995658875
YGL220W,YMR246W,0,3.375639,0.16931608319282532,0.43536120653152466,0.22587454319000244
YNL117W,YGR246C,0,3.375569,0.16925351321697235,0.43536120653152466,0.22597506642341614
YAL024C,YJR083C,0,3.3755198,0.16919098794460297,0.43536120653152466,0.22607558965682983
YOR176W,YLR285W,0,3.3751407,0.16912850737571716,0.43536120653152466,0.22617611289024353
YBR198C,YJL056C,1,3.3747244,0.16943521797657013,0.4363117814064026,0.22617611289024353
YKL022C,YOR355W,0,3.3739755,0.16937269270420074,0.4363117814064026,0.22627663612365723
YLR329W,YOR162C,0,3.3738837,0.16931021213531494,0.4363117814064026,0.22637715935707092
YBR042C,YJL082W,0,3.373701,0.1692477911710739,0.4363117814064026,0.22647768259048462
YPR083W,YDR332W,0,3.3733463,0.16918540000915527,0.4363117814064026,0.22657820582389832
YIL135C,YBR115C,0,3.373307,0.1691230684518814,0.4363117814064026,0.226678729057312
YKR103W,YKL061W,0,3.3728464,0.16906076669692993,0.4363117814064026,0.2267792522907257
YIL020C,YLR163C,0,3.3727472,0.16899852454662323,0.4363117814064026,0.2268797755241394
YML010W,YCR039C,1,3.3727317,0.16930438578128815,0.4372623562812805,0.2268797755241394
YNR074C,YOR239W,0,3.3726997,0.16924208402633667,0.4372623562812805,0.2269802987575531
YNL236W,YML062C,1,3.3726325,0.16954763233661652,0.43821293115615845,0.2269802987575531
YLL034C,YOL104C,0,3.3726094,0.16948530077934265,0.43821293115615845,0.2270808219909668
YLR182W,YNL163C,0,3.372567,0.16942299902439117,0.43821293115615845,0.2271813452243805
YIL132C,YFR052W,0,3.3725665,0.16936075687408447,0.43821293115615845,0.2272818684577942
YKL190W,YBR067C,0,3.372355,0.16929857432842255,0.43821293115615845,0.22738239169120789
YNL223W,YER137C,0,3.3722374,0.169236421585083,0.43821293115615845,0.22748291492462158
YDR076W,YKL175W,0,3.3721797,0.16917431354522705,0.43821293115615845,0.22758343815803528
YDR310C,YGR258C,0,3.3721137,0.16911225020885468,0.43821293115615845,0.22768396139144897
YNR003C,YLR209C,0,3.3721046,0.16905023157596588,0.43821293115615845,0.22778448462486267
YNL016W,YEL056W,0,3.372104,0.16898827254772186,0.43821293115615845,0.22788500785827637
YDR419W,YER017C,0,3.372005,0.16892634332180023,0.43821293115615845,0.22798553109169006
YDR383C,YMR019W,0,3.37198,0.16886447370052338,0.43821293115615845,0.22808605432510376
YOR038C,YGR229C,0,3.3718176,0.1688026338815689,0.43821293115615845,0.22818657755851746
YGR171C,YGR072W,0,3.3713212,0.16874085366725922,0.43821293115615845,0.22828708589076996
YGR268C,YMR115W,0,3.3711665,0.1686791032552719,0.43821293115615845,0.22838760912418365
YOR291W,YIL046W,0,3.3711388,0.16861741244792938,0.43821293115615845,0.22848813235759735
YPL180W,YGR113W,0,3.3710582,0.16855575144290924,0.43821293115615845,0.22858865559101105
YNL076W,YLR451W,1,3.3709939,0.16885964572429657,0.4391635060310364,0.22858865559101105
YMR115W,YLR350W,0,3.3709586,0.16879795491695404,0.4391635060310364,0.22868917882442474
YJL172W,YHR119W,0,3.3709064,0.1687363088130951,0.4391635060310364,0.22878970205783844
YHR056C,YBR154C,1,3.3709023,0.1690398007631302,0.4401140809059143,0.22878970205783844
YHR002W,YGL062W,0,3.3706326,0.16897809505462646,0.4401140809059143,0.22889022529125214
YLL051C,YJR130C,0,3.3702712,0.16891644895076752,0.4401140809059143,0.22899074852466583
YGR276C,YML128C,0,3.37003,0.16885484755039215,0.4401140809059143,0.22909127175807953
YDR371W,YNR018W,0,3.3692684,0.16879329085350037,0.4401140809059143,0.22919179499149323
YGR199W,YKL064W,0,3.3688462,0.16873177886009216,0.4401140809059143,0.22929231822490692
YOL155C,YDL208W,0,3.368837,0.16867031157016754,0.4401140809059143,0.22939284145832062
YCR011C,YKL003C,0,3.3688235,0.1686088889837265,0.4401140809059143,0.22949336469173431
YLR291C,YNL230C,0,3.3669963,0.16854751110076904,0.4401140809059143,0.229593887925148
YNL231C,YLR213C,0,3.3668926,0.16848617792129517,0.4401140809059143,0.2296944111585617
YEL036C,YLR394W,0,3.366746,0.16842487454414368,0.4401140809059143,0.2297949343919754
YHR004C,YLR350W,0,3.3666172,0.16836363077163696,0.4401140809059143,0.2298954576253891
YBR261C,YER002W,0,3.3666,0.16830243170261383,0.4401140809059143,0.2299959808588028
YGR056W,YER162C,0,3.3664682,0.16824127733707428,0.4401140809059143,0.2300965040922165
YNL281W,YPL050C,0,3.3660464,0.1681801676750183,0.4401140809059143,0.2301970273256302
YAR031W,YLR330W,0,3.3659732,0.16811910271644592,0.4401140809059143,0.23029755055904388
YER098W,YLL033W,0,3.3656802,0.16805808246135712,0.4401140809059143,0.23039807379245758
YBR066C,YGR214W,0,3.3656492,0.1679970920085907,0.4401140809059143,0.23049859702587128
YBR096W,YDR081C,0,3.365622,0.16793616116046906,0.4401140809059143,0.23059912025928497
YGL209W,YMR308C,0,3.365469,0.167875275015831,0.4401140809059143,0.23069964349269867
YPR204W,YDR262W,0,3.3653607,0.16781441867351532,0.4401140809059143,0.23080016672611237
YJL225C,YLR024C,0,3.3645024,0.16775362193584442,0.4401140809059143,0.23090068995952606
YER185W,YNL281W,0,3.3644516,0.1676928699016571,0.4401140809059143,0.23100121319293976
YLL051C,YNL231C,0,3.3639896,0.16763214766979218,0.4401140809059143,0.23110173642635345
YLL045C,YDL078C,0,3.3639407,0.16757148504257202,0.4401140809059143,0.23120224475860596
YDR369C,YOL040C,0,3.3638592,0.16751085221767426,0.4401140809059143,0.23130276799201965
YGR085C,YKR055W,0,3.3637886,0.16745026409626007,0.4401140809059143,0.23140329122543335
YKR055W,YJR032W,0,3.3635519,0.16738973557949066,0.4401140809059143,0.23150381445884705
YJR036C,YNR015W,0,3.363064,0.16732923686504364,0.4401140809059143,0.23160433769226074
YIL128W,YLR151C,0,3.361186,0.1672687828540802,0.4401140809059143,0.23170486092567444
YGR056W,YHR119W,0,3.3610039,0.16720837354660034,0.4401140809059143,0.23180538415908813
YCR014C,YIL047C,0,3.360897,0.16714800894260406,0.4401140809059143,0.23190590739250183
YIL002C,YMR145C,0,3.3606355,0.16708768904209137,0.4401140809059143,0.23200643062591553
YDR207C,YDL225W,0,3.3605971,0.16702741384506226,0.4401140809059143,0.23210695385932922
YMR238W,YIL080W,0,3.3599374,0.16696718335151672,0.4401140809059143,0.23220747709274292
YGR032W,YIL140W,0,3.3595004,0.16690699756145477,0.4401140809059143,0.23230800032615662
YNL160W,YGL019W,0,3.3592548,0.1668468415737152,0.4401140809059143,0.2324085235595703
YHR056C,YJL192C,0,3.359172,0.16678674519062042,0.4401140809059143,0.232509046792984
YOL142W,YBR080C,0,3.3591156,0.16672667860984802,0.4401140809059143,0.2326095700263977
YPL127C,YHR135C,0,3.3586354,0.1666666716337204,0.4401140809059143,0.2327100932598114
YIR011C,YKL022C,0,3.3581967,0.16660669445991516,0.4401140809059143,0.2328106164932251
YAR031W,YER137C,0,3.358121,0.1665467619895935,0.4401140809059143,0.2329111397266388
YDL246C,YOL108C,0,3.3579607,0.16648687422275543,0.4401140809059143,0.2330116629600525
YGR081C,YER130C,0,3.3579054,0.16642703115940094,0.4401140809059143,0.2331121861934662
YOR378W,YDR062W,0,3.357743,0.16636723279953003,0.4401140809059143,0.23321270942687988
YJR026W,YFR033C,0,3.3577256,0.1663074642419815,0.4401140809059143,0.23331323266029358
YNL297C,YHR175W,0,3.3572633,0.16624775528907776,0.4401140809059143,0.23341375589370728
YIL056W,YLR357W,1,3.3571367,0.1665470153093338,0.44106462597846985,0.23341375589370728
YOR168W,YOR209C,0,3.355978,0.16648726165294647,0.44106462597846985,0.23351427912712097
YOR138C,YOR089C,0,3.3559232,0.16642755270004272,0.44106462597846985,0.23361480236053467
YLR447C,YKR028W,0,3.3553305,0.16636787354946136,0.44106462597846985,0.23371532559394836
YCR014C,YNL239W,0,3.355205,0.1663082391023636,0.44106462597846985,0.23381584882736206
YPR189W,YML051W,0,3.355022,0.1662486493587494,0.44106462597846985,0.23391637206077576
YJR082C,YLL017W,0,3.3542733,0.16618910431861877,0.44106462597846985,0.23401688039302826
YCL043C,YBR061C,0,3.3541749,0.16612960398197174,0.44106462597846985,0.23411740362644196
YIL083C,YNR035C,0,3.3541307,0.1660701483488083,0.44106462597846985,0.23421792685985565
YOR313C,YNL239W,0,3.3541102,0.16601073741912842,0.44106462597846985,0.23431845009326935
YPL223C,YPL050C,0,3.3535597,0.16595135629177094,0.44106462597846985,0.23441897332668304
YLR016C,YBR281C,0,3.3531885,0.16589201986789703,0.44106462597846985,0.23451949656009674
YPR162C,YPL050C,0,3.3530676,0.1658327430486679,0.44106462597846985,0.23462001979351044
YLR244C,YER104W,0,3.3526971,0.16577349603176117,0.44106462597846985,0.23472054302692413
YFL048C,YOR219C,0,3.3523366,0.16571427881717682,0.44106462597846985,0.23482106626033783
YHR047C,YGR255C,0,3.3520904,0.16565512120723724,0.44106462597846985,0.23492158949375153
YLR401C,YPR127W,0,3.3519635,0.16559600830078125,0.44106462597846985,0.23502211272716522
YDR144C,YLL003W,0,3.351905,0.16553692519664764,0.44106462597846985,0.23512263596057892
YJL225C,YLR129W,0,3.3518562,0.16547788679599762,0.44106462597846985,0.23522315919399261
YIL143C,YOR244W,1,3.351498,0.16577540338039398,0.4420152008533478,0.23522315919399261
YJR017C,YMR070W,1,3.3513842,0.16607269644737244,0.4429657757282257,0.23522315919399261
YER008C,YFL021W,0,3.3513615,0.16601353883743286,0.4429657757282257,0.2353236824274063
YDR369C,YGR185C,0,3.3508253,0.16595441102981567,0.4429657757282257,0.23542420566082
YLR401C,YPR138C,0,3.3507593,0.16589534282684326,0.4429657757282257,0.2355247288942337
YPL099C,YPL011C,0,3.3507543,0.16583630442619324,0.4429657757282257,0.2356252521276474
YBR276C,YLR330W,0,3.3506575,0.1657773107290268,0.4429657757282257,0.2357257753610611
YJL214W,YOR340C,0,3.3506494,0.16571834683418274,0.4429657757282257,0.2358262985944748
YGL212W,YGR155W,0,3.3505716,0.16565944254398346,0.4429657757282257,0.2359268218278885
YJR021C,YHR041C,0,3.3502398,0.16560056805610657,0.4429657757282257,0.23602734506130219
YGR186W,YFL024C,1,3.3501413,0.16589698195457458,0.44391635060310364,0.23602734506130219
YBR081C,YNL070W,0,3.3498645,0.1658380627632141,0.44391635060310364,0.23612786829471588
YOL070C,YDR457W,0,3.3498073,0.1657792031764984,0.44391635060310364,0.23622839152812958
YER050C,YCL032W,0,3.3495479,0.1657203733921051,0.44391635060310364,0.23632891476154327
YPL110C,YBR238C,0,3.3493752,0.16566158831119537,0.44391635060310364,0.23642943799495697
YHR030C,YNL290W,0,3.3491676,0.16560283303260803,0.44391635060310364,0.23652996122837067
YPR111W,YPR163C,0,3.3491447,0.16554413735866547,0.44391635060310364,0.23663048446178436
YDL055C,YML132W,0,3.3485844,0.1654854714870453,0.44391635060310364,0.23673100769519806
YMR218C,YKL085W,0,3.3484688,0.1654268503189087,0.44391635060310364,0.23683153092861176
YOR145C,YGL212W,0,3.3484287,0.16536827385425568,0.44391635060310364,0.23693203926086426
YOL124C,YML109W,0,3.348395,0.16530972719192505,0.44391635060310364,0.23703256249427795
YHR012W,YPL011C,0,3.348063,0.1652512401342392,0.44391635060310364,0.23713308572769165
YMR296C,YOR098C,0,3.3480358,0.16519278287887573,0.44391635060310364,0.23723360896110535
YAL021C,YCL066W,1,3.3475924,0.16548797488212585,0.44486692547798157,0.23723360896110535
YPL094C,YIL177C,0,3.3473554,0.16542948782444,0.44486692547798157,0.23733413219451904
YJR102C,YMR091C,1,3.3472805,0.16572438180446625,0.4458175003528595,0.23733413219451904
YPL177C,YOL028C,1,3.3469286,0.16601906716823578,0.4467680752277374,0.23733413219451904
YPR187W,YGL026C,0,3.3458095,0.16596044600009918,0.4467680752277374,0.23743465542793274
YKL206C,YDR207C,0,3.3456216,0.16590186953544617,0.4467680752277374,0.23753517866134644
YJR021C,YDL045W-A,0,3.3454409,0.16584333777427673,0.4467680752277374,0.23763570189476013
YDR301W,YCR065W,1,3.345414,0.16613756120204926,0.44771862030029297,0.23763570189476013
YLL040C,YJR031C,0,3.3452432,0.16607898473739624,0.44771862030029297,0.23773622512817383
YJL213W,YER104W,0,3.345078,0.1660204380750656,0.44771862030029297,0.23783674836158752
YLR163C,YMR210W,0,3.3450255,0.16596195101737976,0.44771862030029297,0.23793727159500122
YOR159C,YAL063C,0,3.3448303,0.1659034937620163,0.44771862030029297,0.23803779482841492
YIL143C,YAL029C,0,3.3447094,0.16584506630897522,0.44771862030029297,0.2381383180618286
YDR030C,YER138C,0,3.3444383,0.16578669846057892,0.44771862030029297,0.2382388412952423
YJR005W,YOL028C,0,3.3443637,0.165728360414505,0.44771862030029297,0.238339364528656
YPR056W,YML098W,1,3.3442,0.16602180898189545,0.4486691951751709,0.238339364528656
YNL068C,YHL027W,1,3.3441176,0.16631504893302917,0.44961977005004883,0.238339364528656
YDR308C,YPR133C,1,3.3439896,0.1666080802679062,0.45057034492492676,0.238339364528656
YDR423C,YDL225W,0,3.3439574,0.16654954850673676,0.45057034492492676,0.2384398877620697
YLR404W,YLL061W,0,3.343947,0.1664910465478897,0.45057034492492676,0.2385404109954834
YGL050W,YJR103W,0,3.343913,0.16643258929252625,0.45057034492492676,0.2386409342288971
YCR093W,YML080W,0,3.343778,0.16637416183948517,0.45057034492492676,0.2387414574623108
YML032C,YLR130C,0,3.343233,0.16631579399108887,0.45057034492492676,0.2388419806957245
YMR137C,YKL189W,0,3.3430185,0.16625745594501495,0.45057034492492676,0.23894250392913818
YML028W,YOR294W,0,3.3428693,0.16619916260242462,0.45057034492492676,0.23904302716255188
YBR042C,YDR262W,0,3.342786,0.16614089906215668,0.45057034492492676,0.23914355039596558
YIR018W,YBR095C,1,3.3425658,0.16643308103084564,0.4515209197998047,0.23914355039596558
YOR054C,YKL190W,0,3.3418887,0.1663747876882553,0.4515209197998047,0.23924407362937927
YLL040C,YMR270C,0,3.341657,0.16631652414798737,0.4515209197998047,0.23934459686279297
YFR013W,YPL244C,0,3.3414202,0.1662583202123642,0.4515209197998047,0.23944512009620667
YNL050C,YDR403W,0,3.3412309,0.16620014607906342,0.4515209197998047,0.23954564332962036
YOR304C-A,YBR095C,0,3.3411798,0.16614200174808502,0.4515209197998047,0.23964616656303406
YDR172W,YJR031C,0,3.3411188,0.1660839170217514,0.4515209197998047,0.23974668979644775
YNL172W,YEL031W,0,3.3410666,0.16602586209774017,0.4515209197998047,0.23984719812870026
YHR214C-B,YAL063C,0,3.3409097,0.16596785187721252,0.4515209197998047,0.23994772136211395
YJR078W,YKL022C,0,3.3408656,0.16590988636016846,0.4515209197998047,0.24004824459552765
YJL079C,YIL177C,0,3.3405118,0.16585195064544678,0.4515209197998047,0.24014876782894135
YGL037C,YIL046W,0,3.3404584,0.16579405963420868,0.4515209197998047,0.24024929106235504
YPR026W,YGL112C,0,3.3403335,0.16573621332645416,0.4515209197998047,0.24034981429576874
YDR492W,YPL078C,0,3.3401399,0.16567841172218323,0.4515209197998047,0.24045033752918243
YNL008C,YIL061C,0,3.3400564,0.16562063992023468,0.4515209197998047,0.24055086076259613
YMR019W,YLR329W,0,3.3398154,0.16556291282176971,0.4515209197998047,0.24065138399600983
YJR057W,YGR229C,0,3.3397818,0.16550523042678833,0.4515209197998047,0.24075190722942352
YJL087C,YLR025W,0,3.3397377,0.16544757783412933,0.4515209197998047,0.24085243046283722
YOL045W,YDR196C,0,3.3392458,0.16538996994495392,0.4515209197998047,0.24095295369625092
YOL066C,YJR026W,0,3.339016,0.16533240675926208,0.4515209197998047,0.2410534769296646
YGR143W,YDL077C,0,3.3390102,0.16527487337589264,0.4515209197998047,0.2411540001630783
YKR056W,YFL057C,0,3.3382063,0.16521738469600677,0.4515209197998047,0.241254523396492
YNL147W,YAL038W,0,3.338096,0.1651599407196045,0.4515209197998047,0.2413550466299057
YMR112C,YKL009W,0,3.3380642,0.1651025414466858,0.4515209197998047,0.2414555698633194
YKL103C,YLR244C,0,3.33785,0.16504517197608948,0.4515209197998047,0.2415560930967331
YGL237C,YDL179W,0,3.3377054,0.16498784720897675,0.4515209197998047,0.2416566163301468
YER145C,YDR173C,0,3.3376312,0.1649305522441864,0.4515209197998047,0.24175713956356049
YBR177C,YLR389C,0,3.337427,0.16487330198287964,0.4515209197998047,0.24185766279697418
YGR264C,YPR152C,0,3.3371816,0.16481609642505646,0.4515209197998047,0.24195818603038788
YDR138W,YAR031W,0,3.3371754,0.16475893557071686,0.4515209197998047,0.24205870926380157
YGL244W,YLR145W,0,3.337133,0.16470180451869965,0.4515209197998047,0.24215923249721527
YNL257C,YGL073W,1,3.3365867,0.1649913340806961,0.4524714946746826,0.24215923249721527
YOL141W,YDR207C,0,3.3365293,0.1649341583251953,0.4524714946746826,0.24225975573062897
YJL034W,YMR019W,0,3.3363683,0.1648770421743393,0.4524714946746826,0.24236027896404266
YOR301W,YPL082C,0,3.3363557,0.16481994092464447,0.4524714946746826,0.24246080219745636
YML032C,YGR276C,0,3.3358672,0.16476289927959442,0.4524714946746826,0.24256132543087006
YOL026C,YDR369C,0,3.335855,0.16470588743686676,0.4524714946746826,0.24266184866428375
YLR141W,YMR172W,0,3.335825,0.1646489053964615,0.4524714946746826,0.24276235699653625
YHR209W,YOR123C,0,3.3351822,0.164591982960701,0.4524714946746826,0.24286288022994995
YJL213W,YLR316C,0,3.3351684,0.16453509032726288,0.4524714946746826,0.24296340346336365
YGL122C,YOR239W,0,3.3351598,0.16447822749614716,0.4524714946746826,0.24306392669677734
YBR128C,YKL210W,0,3.335129,0.16442140936851501,0.4524714946746826,0.24316444993019104
YEL052W,YJL155C,0,3.335095,0.16436463594436646,0.4524714946746826,0.24326497316360474
YDR512C,YOL054W,1,3.3350391,0.16465309262275696,0.45342203974723816,0.24326497316360474
YMR078C,YMR025W,0,3.3348248,0.16459627449512482,0.45342203974723816,0.24336549639701843
YEL012W,YBL089W,0,3.3336892,0.16453950107097626,0.45342203974723816,0.24346601963043213
YLR219W,YOL111C,0,3.333572,0.16448275744915009,0.45342203974723816,0.24356654286384583
YGR251W,YJR032W,0,3.3332431,0.1644260585308075,0.45342203974723816,0.24366706609725952
YPL252C,YGL174W,0,3.3330495,0.1643694043159485,0.45342203974723816,0.24376758933067322
YMR319C,YOL090W,0,3.332997,0.16431277990341187,0.45342203974723816,0.24386811256408691
YIL061C,YJL206C,0,3.332442,0.16425620019435883,0.45342203974723816,0.2439686357975006
YJR051W,YLR033W,0,3.3322618,0.16419965028762817,0.45342203974723816,0.2440691590309143
YBL034C,YNL092W,0,3.3318996,0.1641431450843811,0.45342203974723816,0.244169682264328
YML112W,YOR123C,0,3.3316174,0.16408668458461761,0.45342203974723816,0.2442702054977417
YNL175C,YGL051W,0,3.3315291,0.1640302687883377,0.45342203974723816,0.2443707287311554
YGR056W,YLR163C,0,3.3313684,0.163973867893219,0.45342203974723816,0.2444712519645691
YPL082C,YBL089W,0,3.3305278,0.16391752660274506,0.45342203974723816,0.2445717751979828
YPL082C,YKR044W,0,3.3305035,0.1638612151145935,0.45342203974723816,0.24467229843139648
YDR076W,YJL117W,0,3.330332,0.16380494832992554,0.45342203974723816,0.24477282166481018
YDR222W,YAR031W,0,3.3302777,0.16374871134757996,0.45342203974723816,0.24487334489822388
YGR112W,YNL219C,0,3.3298254,0.16369251906871796,0.45342203974723816,0.24497386813163757
YDR123C,YDL165W,1,3.3297696,0.1639794111251831,0.4543726146221161,0.24497386813163757
YER090W,YLR160C,0,3.3295069,0.16392318904399872,0.4543726146221161,0.24507439136505127
YHR069C,YIL047C,0,3.3293285,0.16386698186397552,0.4543726146221161,0.24517491459846497
YOL104C,YNL239W,0,3.3292642,0.1638108342885971,0.4543726146221161,0.24527543783187866
YOR048C,YIR033W,1,3.3292477,0.16409729421138763,0.455323189496994,0.24527543783187866
YBR195C,YIR032C,0,3.329101,0.16404110193252563,0.455323189496994,0.24537596106529236
YLR183C,YKL168C,0,3.3289838,0.16398493945598602,0.455323189496994,0.24547648429870605
YOL038W,YJL082W,0,3.328907,0.16392882168293,0.455323189496994,0.24557700753211975
YDR414C,YPR162C,0,3.3287601,0.16387273371219635,0.455323189496994,0.24567751586437225
YPL064C,YLR009W,0,3.3287058,0.1638166904449463,0.455323189496994,0.24577803909778595
YCR011C,YER171W,0,3.32839,0.16376067698001862,0.455323189496994,0.24587856233119965
YGR144W,YHR168W,0,3.3277748,0.16370472311973572,0.455323189496994,0.24597908556461334
YNL283C,YML071C,0,3.3276556,0.163648784160614,0.455323189496994,0.24607960879802704
YKL166C,YPL087W,0,3.3273835,0.1635928899049759,0.455323189496994,0.24618013203144073
YGL083W,YKL210W,0,3.3271322,0.16353704035282135,0.455323189496994,0.24628065526485443
YBL028C,YGR179C,0,3.3269033,0.1634812355041504,0.455323189496994,0.24638117849826813
YDR392W,YDL077C,0,3.3268042,0.16342544555664062,0.455323189496994,0.24648170173168182
YMR169C,YEL031W,0,3.3267903,0.16336971521377563,0.455323189496994,0.24658222496509552
YAL043C,YIL143C,1,3.3261104,0.16365496814250946,0.45627376437187195,0.24658222496509552
YBR195C,YGL241W,0,3.3256629,0.1635991781949997,0.45627376437187195,0.24668274819850922
YLR043C,YBR115C,0,3.3255067,0.1635434478521347,0.45627376437187195,0.2467832714319229
YER162C,YHR174W,0,3.324764,0.1634877324104309,0.45627376437187195,0.2468837946653366
YMR321C,YNL052W,0,3.3247008,0.1634320765733719,0.45627376437187195,0.2469843178987503
YGL169W,YDL128W,0,3.3243864,0.16337645053863525,0.45627376437187195,0.247084841132164
YNL073W,YJR032W,0,3.3240292,0.163320854306221,0.45627376437187195,0.2471853643655777
YGL186C,YPL276W,0,3.3239455,0.16326530277729034,0.45627376437187195,0.2472858875989914
YLR163C,YLR278C,0,3.3238375,0.16320979595184326,0.45627376437187195,0.2473864108324051
YIL177C,YKL015W,0,3.3231502,0.16315431892871857,0.45627376437187195,0.2474869340658188
YPL002C,YDR463W,1,3.3229237,0.16343866288661957,0.4572243392467499,0.2474869340658188
YHR030C,YKR028W,0,3.3228736,0.16338315606117249,0.4572243392467499,0.24758745729923248
YDL015C,YOR123C,0,3.322546,0.1633276790380478,0.4572243392467499,0.24768798053264618
YLR206W,YHR077C,0,3.3225088,0.16327223181724548,0.4572243392467499,0.24778850376605988
YNL231C,YDR195W,0,3.3220038,0.16321682929992676,0.4572243392467499,0.24788902699947357
YGR275W,YBR049C,1,3.3217282,0.16350068151950836,0.4581749141216278,0.24788902699947357
YGL186C,YPL110C,0,3.3216965,0.16344523429870605,0.4581749141216278,0.24798955023288727
YDR026C,YLR164W,0,3.3216794,0.16338983178138733,0.4581749141216278,0.24809007346630096
YLL002W,YGL244W,0,3.321641,0.163334459066391,0.4581749141216278,0.24819059669971466
YBR274W,YBR115C,0,3.3215547,0.16327913105487823,0.4581749141216278,0.24829111993312836
YGR252W,YJL005W,0,3.321407,0.16322383284568787,0.4581749141216278,0.24839164316654205
YDR240C,YBR238C,0,3.3213515,0.16316857933998108,0.4581749141216278,0.24849216639995575
YNL267W,YOR294W,0,3.3210948,0.16311337053775787,0.4581749141216278,0.24859267473220825
YPL087W,YLR316C,0,3.320353,0.16305819153785706,0.4581749141216278,0.24869319796562195
YNR067C,YCL024W,0,3.3197453,0.16300304234027863,0.4581749141216278,0.24879372119903564
YHR005C-A,YDR151C,0,3.3197236,0.16294793784618378,0.4581749141216278,0.24889424443244934
YPR083W,YNL182C,0,3.3194656,0.16289286315441132,0.4581749141216278,0.24899476766586304
YOR148C,YOL026C,0,3.3192034,0.16283783316612244,0.4581749141216278,0.24909529089927673
YHR012W,YDR306C,0,3.3191462,0.16278284788131714,0.4581749141216278,0.24919581413269043
YDR378C,YER098W,0,3.3187976,0.16272789239883423,0.4581749141216278,0.24929633736610413
YJL134W,YDR151C,0,3.318666,0.1626729667186737,0.4581749141216278,0.24939686059951782
YER098W,YJL024C,0,3.3184676,0.16261808574199677,0.4581749141216278,0.24949738383293152
YNL127W,YOR304W,0,3.3182383,0.1625632345676422,0.4581749141216278,0.24959790706634521
YMR146C,YGR052W,0,3.3177443,0.16250842809677124,0.4581749141216278,0.2496984302997589
YDR378C,YDL055C,0,3.3174658,0.16245365142822266,0.4581749141216278,0.2497989535331726
YMR169C,YPL131W,0,3.317448,0.16239891946315765,0.4581749141216278,0.2498994767665863
YNL138W,YGL030W,0,3.317441,0.16234421730041504,0.4581749141216278,0.25
YDL198C,YDL148C,0,3.316826,0.162289559841156,0.4581749141216278,0.2501005232334137
YKR071C,YER175C,0,3.3167508,0.16223493218421936,0.4581749141216278,0.2502010464668274
YPL094C,YHL027W,0,3.3166857,0.1621803492307663,0.4581749141216278,0.2503015697002411
YNL302C,YFL021W,0,3.3163295,0.16212579607963562,0.4581749141216278,0.2504020929336548
YML052W,YJL085W,0,3.3157253,0.16207128763198853,0.4581749141216278,0.2505026161670685
YFR037C,YOL001W,1,3.3156536,0.16235293447971344,0.45912548899650574,0.2505026161670685
YEL052W,YBR243C,0,3.3154922,0.16229838132858276,0.45912548899650574,0.2506031394004822
YIL038C,YBL005W,1,3.3154027,0.16257977485656738,0.4600760340690613,0.2506031394004822
YJR032W,YNL230C,0,3.3154023,0.16252519190311432,0.4600760340690613,0.2507036626338959
YEL030W,YMR229C,0,3.31488,0.16247062385082245,0.4600760340690613,0.25080418586730957
YKR038C,YDR421W,1,3.3141923,0.1627516746520996,0.4610266089439392,0.25080418586730957
YLR291C,YFL048C,0,3.3141143,0.16269707679748535,0.4610266089439392,0.25090470910072327
YMR194W,YIL048W,0,3.3139665,0.16264252364635468,0.4610266089439392,0.25100523233413696
YDR451C,YPL188W,0,3.3138871,0.1625880002975464,0.4610266089439392,0.25110575556755066
YLR219W,YDR373W,0,3.3135164,0.16253350675106049,0.4610266089439392,0.25120627880096436
YKR056W,YFL054C,0,3.3128004,0.16247905790805817,0.4610266089439392,0.25130680203437805
YJR101W,YKL172W,0,3.3125615,0.16242465376853943,0.4610266089439392,0.25140732526779175
YGR285C,YGL113W,0,3.3122888,0.16237026453018188,0.4610266089439392,0.25150784850120544
YLR160C,YEL029C,0,3.3122253,0.16231593489646912,0.4610266089439392,0.25160837173461914
YMR013C,YNL107W,0,3.311693,0.16226162016391754,0.4610266089439392,0.25170889496803284
YJR119C,YDR498C,0,3.3113,0.16220736503601074,0.4610266089439392,0.25180941820144653
YLR251W,YLR088W,0,3.3112903,0.16215312480926514,0.4610266089439392,0.25190994143486023
YMR039C,YJR140C,1,3.3111744,0.16243316233158112,0.46197718381881714,0.25190994143486023
YMR319C,YPR163C,0,3.3109422,0.16237887740135193,0.46197718381881714,0.2520104646682739
YHR209W,YOR338W,0,3.3109264,0.16232465207576752,0.46197718381881714,0.2521109879016876
YJL066C,YKL203C,0,3.3106928,0.1622704565525055,0.46197718381881714,0.2522115111351013
YPR198W,YPL244C,0,3.3103414,0.16221629083156586,0.46197718381881714,0.252312034368515
YBR275C,YDL215C,0,3.3100882,0.1621621549129486,0.46197718381881714,0.2524125576019287
YML006C,YNL092W,0,3.310027,0.16210807859897614,0.46197718381881714,0.2525130808353424
YNL258C,YML036W,0,3.3094318,0.16205401718616486,0.46197718381881714,0.2526136040687561
YKL217W,YKL175W,0,3.3093123,0.16200000047683716,0.46197718381881714,0.2527141273021698
YKL175W,YKL015W,0,3.3089128,0.16194601356983185,0.46197718381881714,0.2528146505355835
YOR106W,YHR041C,0,3.3087454,0.16189207136631012,0.46197718381881714,0.2529151439666748
YGL244W,YMR180C,0,3.3082352,0.16183815896511078,0.46197718381881714,0.2530156672000885
YHR002W,YFR036W,0,3.308102,0.16178429126739502,0.46197718381881714,0.2531161904335022
YOL038W,YER017C,0,3.3075242,0.16173045337200165,0.46197718381881714,0.2532167136669159
YBR154C,YCL066W,1,3.3072095,0.1620093137025833,0.46292775869369507,0.2532167136669159
YDR137W,YCR002C,0,3.3069701,0.16195543110370636,0.46292775869369507,0.2533172369003296
YJR031C,YPL093W,0,3.3063755,0.161901593208313,0.46292775869369507,0.2534177601337433
YLR321C,YOL072W,1,3.3057313,0.1621801257133484,0.463878333568573,0.2534177601337433
YEL041W,YOR008C,0,3.3055906,0.16212624311447144,0.463878333568573,0.253518283367157
YKL058W,YDR397C,1,3.3053522,0.16240452229976654,0.4648289084434509,0.253518283367157
YDR067C,YDL215C,0,3.3052492,0.162350594997406,0.4648289084434509,0.2536188066005707
YML069W,YOL135C,1,3.3045576,0.16262860596179962,0.46577945351600647,0.2536188066005707
YNL153C,YAL054C,0,3.3042152,0.1625746488571167,0.46577945351600647,0.2537193298339844
YIL170W,YDL047W,0,3.304153,0.16252073645591736,0.46577945351600647,0.25381985306739807
YLR440C,YLL012W,0,3.3036191,0.1624668389558792,0.46577945351600647,0.25392037630081177
YLR024C,YGL071W,0,3.3035831,0.16241298615932465,0.46577945351600647,0.25402089953422546
YNL008C,YDR444W,0,3.303543,0.16235917806625366,0.46577945351600647,0.25412142276763916
YGL183C,YLR325C,0,3.3035333,0.16230539977550507,0.46577945351600647,0.25422194600105286
YOR209C,YOR226C,0,3.3027453,0.16225165128707886,0.46577945351600647,0.25432246923446655
YBR059C,YNL121C,0,3.3025005,0.16219794750213623,0.46577945351600647,0.25442299246788025
YBL041W,YOR340C,0,3.3021512,0.162144273519516,0.46577945351600647,0.25452351570129395
YNL232W,YOR353C,0,3.300489,0.16209064424037933,0.46577945351600647,0.25462403893470764
YKR056W,YOL102C,0,3.300192,0.16203702986240387,0.46577945351600647,0.25472456216812134
YOR304W,YBR222C,0,3.3000288,0.16198347508907318,0.46577945351600647,0.25482508540153503
YCL014W,YGL071W,0,3.2998867,0.1619299352169037,0.46577945351600647,0.25492560863494873
YBR096W,YER002W,0,3.2996402,0.16187644004821777,0.46577945351600647,0.2550261318683624
YJR147W,YDR423C,0,3.2992554,0.16182298958301544,0.46577945351600647,0.2551266551017761
YDR228C,YML114C,1,3.2989028,0.1620997041463852,0.4667300283908844,0.2551266551017761
YOL010W,YDR285W,0,3.298413,0.16204620897769928,0.4667300283908844,0.2552271783351898
YGR005C,YNL167C,1,3.298276,0.16232267022132874,0.46768060326576233,0.2552271783351898
YNL231C,YPL011C,0,3.2976665,0.16226913034915924,0.46768060326576233,0.2553277015686035
YFR013W,YNL095C,0,3.297596,0.16221563518047333,0.46768060326576233,0.2554282248020172
YIL108W,YHL034C,0,3.2974784,0.1621621549129486,0.46768060326576233,0.2555287480354309
YPL122C,YGL043W,1,3.2968051,0.16243821382522583,0.46863117814064026,0.2555287480354309
YPR001W,YDR416W,0,3.2962384,0.16238471865653992,0.46863117814064026,0.2556292712688446
YPL110C,YBR141C,0,3.2958748,0.1623312532901764,0.46863117814064026,0.2557297945022583
YAL022C,YNL281W,0,3.2957568,0.16227781772613525,0.46863117814064026,0.255830317735672
YMR039C,YHR099W,1,3.2949374,0.16255347430706024,0.4695817530155182,0.255830317735672
YOR176W,YJL124C,0,3.2947326,0.16249999403953552,0.4695817530155182,0.2559308409690857
YGL226C-A,YGR155W,0,3.2946715,0.16244655847549438,0.4695817530155182,0.2560313642024994
YOR089C,YAL029C,0,3.2940826,0.16239316761493683,0.4695817530155182,0.2561318874359131
YGL148W,YBR257W,0,3.293591,0.16233979165554047,0.4695817530155182,0.2562324106693268
YPR144C,YMR090W,0,3.2935658,0.16228646039962769,0.4695817530155182,0.2563329339027405
YAL060W,YFR036W,0,3.2935658,0.1622331738471985,0.4695817530155182,0.2564334571361542
YLL008W,YIL006W,0,3.2934914,0.16217990219593048,0.4695817530155182,0.25653398036956787
YOR291W,YMR272C,0,3.2930603,0.16212667524814606,0.4695817530155182,0.25663450360298157
YBR125C,YKL082C,0,3.2925754,0.16207349300384521,0.4695817530155182,0.25673502683639526
YDL246C,YIL021W,0,3.2921138,0.16202034056186676,0.4695817530155182,0.25683555006980896
YJR004C,YBL058W,0,3.292027,0.1619672179222107,0.4695817530155182,0.25693607330322266
YJL056C,YPR052C,1,3.2913845,0.1622418910264969,0.4705323278903961,0.25693607330322266
YBR002C,YNL016W,0,3.2903547,0.16218872368335724,0.4705323278903961,0.25703659653663635
YOL112W,YMR240C,0,3.2897117,0.16213560104370117,0.4705323278903961,0.25713711977005005
YMR169C,YDR174W,0,3.2896636,0.1620825082063675,0.4705323278903961,0.25723764300346375
YPR144C,YDR164C,0,3.2893314,0.1620294600725174,0.4705323278903961,0.25733816623687744
YJL004C,YFL013C,0,3.2890532,0.16197644174098969,0.4705323278903961,0.25743868947029114
YPL129W,YNR035C,0,3.2887588,0.16192345321178436,0.4705323278903961,0.25753921270370483
YLR197W,YOR393W,0,3.2887168,0.16187050938606262,0.4705323278903961,0.25763973593711853
YDR173C,YGR262C,1,3.2884784,0.1621444970369339,0.47148290276527405,0.25763973593711853
YGR246C,YGR185C,0,3.2883792,0.16209150850772858,0.47148290276527405,0.2577402591705322
YNL095C,YDR337W,0,3.2876248,0.16203854978084564,0.47148290276527405,0.2578407824039459
YFR013W,YDR389W,0,3.287501,0.1619856357574463,0.47148290276527405,0.2579413056373596
YOL010W,YOR215C,0,3.2872603,0.16193275153636932,0.47148290276527405,0.2580418288707733
YCR060W,YCR002C,0,3.2862453,0.16187989711761475,0.47148290276527405,0.258142352104187
YDL029W,YHR069C,0,3.2860236,0.16182707250118256,0.47148290276527405,0.2582428753376007
YER130C,YNL239W,0,3.2859023,0.16177429258823395,0.47148290276527405,0.2583433985710144
YHR002W,YPR162C,0,3.285888,0.16172155737876892,0.47148290276527405,0.2584439218044281
YGR056W,YBR222C,0,3.2858074,0.1616688370704651,0.47148290276527405,0.2585444450378418
YFR013W,YNL267W,0,3.2856555,0.16161616146564484,0.47148290276527405,0.2586449682712555
YDR145W,YNL199C,1,3.285582,0.16188925504684448,0.4724334478378296,0.2586449682712555
YGR143W,YIR032C,0,3.285551,0.16183653473854065,0.4724334478378296,0.2587454617023468
YKR008W,YCR026C,0,3.2853165,0.1617838591337204,0.4724334478378296,0.2588459849357605
YDL246C,YLR404W,0,3.2851982,0.16173121333122253,0.4724334478378296,0.2589465081691742
YML010W,YPR072W,1,3.285184,0.16200390458106995,0.4733840227127075,0.2589465081691742
YDR082W,YJL171C,0,3.2851799,0.1619512140750885,0.4733840227127075,0.2590470314025879
YDR229W,YLR224W,0,3.2839398,0.16189856827259064,0.4733840227127075,0.2591475546360016
YOL001W,YEL009C,1,3.2835398,0.16217094659805298,0.47433459758758545,0.2591475546360016
YLR395C,YKR057W,0,3.2834966,0.16211825609207153,0.47433459758758545,0.2592480778694153
YAR027W,YGR271W,0,3.2833674,0.16206561028957367,0.47433459758758545,0.259348601102829
YPR001W,YDR226W,0,3.2832787,0.1620129942893982,0.47433459758758545,0.2594491243362427
YNL178W,YOL151W,0,3.2830904,0.1619604080915451,0.47433459758758545,0.25954964756965637
YDR392W,YDL005C,1,3.2829847,0.16223230957984924,0.4752851724624634,0.25954964756965637
YMR046C,YPL087W,0,3.2827547,0.16217969357967377,0.4752851724624634,0.25965017080307007
YBR128C,YGR072W,0,3.2827091,0.16212710738182068,0.4752851724624634,0.25975069403648376
YHR056C,YGL026C,0,3.2823029,0.16207455098628998,0.4752851724624634,0.25985121726989746
YHR058C,YER137C,0,3.2821498,0.16202203929424286,0.4752851724624634,0.25995174050331116
YDR026C,YGL233W,0,3.282094,0.16196954250335693,0.4752851724624634,0.26005226373672485
YKL110C,YOL071W,1,3.281694,0.16224093735218048,0.4762357473373413,0.26005226373672485
YDR263C,YJL172W,0,3.2814112,0.16218841075897217,0.4762357473373413,0.26015278697013855
YOR216C,YDR260C,0,3.2812757,0.16213592886924744,0.4762357473373413,0.26025331020355225
YOL057W,YDR415C,0,3.2805247,0.1620834618806839,0.4762357473373413,0.26035383343696594
YDR311W,YGL112C,1,3.2804666,0.1623544692993164,0.47718632221221924,0.26035383343696594
YDL055C,YNL138W,0,3.2797165,0.16230197250843048,0.47718632221221924,0.26045435667037964
YMR169C,YLL027W,0,3.2797136,0.16224952042102814,0.47718632221221924,0.26055487990379333
YLR449W,YGL073W,1,3.2787163,0.16252020001411438,0.4781368672847748,0.26055487990379333
YMR019W,YER130C,0,3.278212,0.16246770322322845,0.4781368672847748,0.26065540313720703
YMR013C,YBR155W,0,3.2781143,0.16241523623466492,0.4781368672847748,0.2607559263706207
YKL203C,YPL244C,0,3.2780447,0.16236281394958496,0.4781368672847748,0.2608564496040344
YJL060W,YOR038C,0,3.2776608,0.1623104214668274,0.4781368672847748,0.2609569728374481
YBR150C,YBR072W,0,3.277166,0.1622580587863922,0.4781368672847748,0.2610574960708618
YKL041W,YMR180C,0,3.2769225,0.1622057408094406,0.4781368672847748,0.2611580193042755
YDL165W,YML127W,1,3.2768178,0.1624758243560791,0.4790874421596527,0.2611580193042755
YER098W,YLR026C,0,3.2767358,0.16242346167564392,0.4790874421596527,0.2612585425376892
YNL008C,YNL304W,0,3.2765844,0.16237112879753113,0.4790874421596527,0.2613590657711029
YMR321C,YMR159C,0,3.2765462,0.16231884062290192,0.4790874421596527,0.2614595890045166
YGR145W,YPR159W,0,3.2761905,0.1622665822505951,0.4790874421596527,0.2615601122379303
YOR071C,YGL172W,0,3.2761736,0.16221435368061066,0.4790874421596527,0.261660635471344
YJL140W,YKL064W,0,3.2761416,0.1621621549129486,0.4790874421596527,0.2617611587047577
YDR229W,YJL206C,0,3.2760267,0.16211000084877014,0.4790874421596527,0.2618616819381714
YGR180C,YMR194W,0,3.2757351,0.16205787658691406,0.4790874421596527,0.2619622051715851
YBR182C,YDR410C,0,3.2755294,0.16200578212738037,0.4790874421596527,0.2620627284049988
YNL153C,YOR098C,0,3.2752647,0.16195373237133026,0.4790874421596527,0.2621632516384125
YKR054C,YKR055W,0,3.2751207,0.16190169751644135,0.4790874421596527,0.26226377487182617
YOR216C,YOR025W,0,3.2750692,0.161849707365036,0.4790874421596527,0.26236429810523987
YJL085W,YGL220W,0,3.274088,0.16179774701595306,0.4790874421596527,0.26246482133865356
YDR296W,YKL096W-A,0,3.2735944,0.1617458313703537,0.4790874421596527,0.26256534457206726
YJR031C,YBL034C,0,3.2735395,0.16169393062591553,0.4790874421596527,0.26266586780548096
YOR071C,YAR031W,0,3.2734451,0.16164207458496094,0.4790874421596527,0.26276639103889465
YGR225W,YMR194W,0,3.27284,0.16159024834632874,0.4790874421596527,0.26286691427230835
YDL059C,YMR229C,0,3.2726166,0.16153846681118011,0.4790874421596527,0.26296743750572205
YPL002C,YJL029C,0,3.2722,0.1614867001771927,0.4790874421596527,0.26306796073913574
YHR074W,YDR151C,0,3.27217,0.16143497824668884,0.4790874421596527,0.26316848397254944
YGL094C,YDL022W,0,3.272139,0.16138328611850739,0.4790874421596527,0.26326900720596313
YGR246C,YOL104C,0,3.2718709,0.16133162379264832,0.4790874421596527,0.26336953043937683
YKL175W,YOL090W,0,3.2718568,0.16128000617027283,0.4790874421596527,0.2634700536727905
YBR261C,YFL054C,0,3.2718341,0.16122840344905853,0.4790874421596527,0.2635705769062042
YKR020W,YLR330W,0,3.271782,0.16117684543132782,0.4790874421596527,0.2636711001396179
YDL121C,YDL111C,0,3.2716615,0.1611253172159195,0.4790874421596527,0.2637716233730316
YPL127C,YMR054W,0,3.2716553,0.16107381880283356,0.4790874421596527,0.2638721466064453
YPR008W,YLR266C,1,3.2714884,0.1613418459892273,0.48003801703453064,0.2638721466064453
YPL127C,YHL012W,0,3.2711773,0.16129031777381897,0.48003801703453064,0.263972669839859
YMR070W,YGR005C,1,3.2709916,0.1615581065416336,0.48098859190940857,0.263972669839859
YOR106W,YBR243C,0,3.27069,0.1615065485239029,0.48098859190940857,0.2640731930732727
YNR074C,YMR169C,0,3.2704654,0.16145500540733337,0.48098859190940857,0.2641737163066864
YBR066C,YEL070W,0,3.2704597,0.16140350699424744,0.48098859190940857,0.2642742395401001
YIR011C,YNR018W,0,3.2704036,0.1613520383834839,0.48098859190940857,0.2643747627735138
YPR196W,YOL107W,0,3.2696018,0.16130059957504272,0.48098859190940857,0.2644752860069275
YHR085W,YNL284C,0,3.269598,0.16124920547008514,0.48098859190940857,0.2645757794380188
YDL165W,YPR056W,1,3.2695794,0.16151641309261322,0.4819391667842865,0.2645757794380188
YHL012W,YIL135C,0,3.2689369,0.16146497428417206,0.4819391667842865,0.2646763026714325
YDR240C,YER104W,0,3.268672,0.16141356527805328,0.4819391667842865,0.2647768259048462
YBR125C,YNL032W,0,3.2685544,0.1613621860742569,0.4819391667842865,0.2648773491382599
YNL050C,YFL001W,0,3.2679758,0.1613108515739441,0.4819391667842865,0.2649778723716736
YEL036C,YHR058C,0,3.267836,0.16125954687595367,0.4819391667842865,0.2650783956050873
YDL206W,YOR313C,0,3.267789,0.16120827198028564,0.4819391667842865,0.265178918838501
YNL223W,YKR006C,0,3.267548,0.16115702688694,0.4819391667842865,0.2652794420719147
YOL054W,YDR262W,0,3.2669702,0.16110581159591675,0.4819391667842865,0.26537996530532837
YKL041W,YGR281W,0,3.2667704,0.16105464100837708,0.4819391667842865,0.26548048853874207
YML015C,YGL035C,1,3.2663865,0.16132105886936188,0.48288974165916443,0.26548048853874207
YGR063C,YBR279W,1,3.2662601,0.16158729791641235,0.48384031653404236,0.26548048853874207
YFL010W-A,YDL039C,0,3.2660627,0.16153602302074432,0.48384031653404236,0.26558101177215576
YGL026C,YGR214W,0,3.2659879,0.16148477792739868,0.48384031653404236,0.26568153500556946
YLR208W,YIL035C,0,3.2658057,0.16143356263637543,0.48384031653404236,0.26578205823898315
YOR283W,YPL112C,0,3.265502,0.16138237714767456,0.48384031653404236,0.26588258147239685
YPR149W,YKL022C,0,3.265347,0.16133122146129608,0.48384031653404236,0.26598310470581055
YER040W,YHL009C,1,3.2651842,0.16159695386886597,0.4847908616065979,0.26598310470581055
YOR324C,YCL057W,0,3.2651772,0.1615457683801651,0.4847908616065979,0.26608362793922424
YGR180C,YPL276W,0,3.2650237,0.16149461269378662,0.4847908616065979,0.26618415117263794
YNL282W,YDR392W,0,3.2648149,0.16144350171089172,0.4847908616065979,0.26628467440605164
YLR244C,YPR152C,0,3.2645738,0.16139240562915802,0.4847908616065979,0.26638519763946533
YOR048C,YNL230C,1,3.2643695,0.16165770590305328,0.48574143648147583,0.26638519763946533
YIL108W,YOR194C,0,3.264027,0.1616065800189972,0.48574143648147583,0.26648572087287903
YNL273W,YFL013C,0,3.2640224,0.1615554839372635,0.48574143648147583,0.2665862441062927
YGR199W,YDL039C,0,3.263575,0.16150441765785217,0.48574143648147583,0.2666867673397064
YDR079W,YJR140C,0,3.2633884,0.16145339608192444,0.48574143648147583,0.2667872905731201
YIL021W,YOR251C,0,3.2631824,0.1614024043083191,0.48574143648147583,0.2668878138065338
YNL304W,YDL045C,0,3.2629433,0.16135144233703613,0.48574143648147583,0.2669883370399475
YMR182C,YNL304W,0,3.2627807,0.16130051016807556,0.48574143648147583,0.2670888602733612
YBR260C,YLR009W,0,3.2624183,0.16124960780143738,0.48574143648147583,0.2671893835067749
YLR270W,YKR006C,0,3.262237,0.16119873523712158,0.48574143648147583,0.2672899067401886
YJL140W,YIL047C,0,3.2621984,0.16114790737628937,0.48574143648147583,0.2673904299736023
YKL007W,YLR141W,0,3.2616696,0.16109709441661835,0.48574143648147583,0.267490953207016
YNL307C,YOL004W,0,3.261625,0.1610463261604309,0.48574143648147583,0.2675914764404297
YDL217C,YER138C,0,3.2609649,0.16099558770656586,0.48574143648147583,0.2676919996738434
YKR103W,YBR173C,0,3.260867,0.1609448790550232,0.48574143648147583,0.2677925229072571
YMR112C,YJR140C,1,3.2606907,0.16120906174182892,0.48669201135635376,0.2677925229072571
YMR182C,YFL010W-A,0,3.2602782,0.16115832328796387,0.48669201135635376,0.2678930461406708
YBR195C,YJR147W,0,3.2597814,0.1611076146364212,0.48669201135635376,0.2679935693740845
YGL070C,YGR274C,1,3.2594118,0.16137149930000305,0.4876425862312317,0.2679935693740845
YER154W,YPR149W,0,3.259324,0.161320760846138,0.4876425862312317,0.26809409260749817
YML052W,YMR200W,0,3.2591558,0.16127003729343414,0.4876425862312317,0.26819461584091187
YCL014W,YBR192W,0,3.2591424,0.16121935844421387,0.4876425862312317,0.26829513907432556
YKR101W,YFL017W-A,0,3.2590516,0.16116870939731598,0.4876425862312317,0.26839566230773926
YBR020W,YAR027W,0,3.2588902,0.16111809015274048,0.4876425862312317,0.26849618554115295
YBR278W,YFR045W,0,3.2588844,0.16106750071048737,0.4876425862312317,0.26859670877456665
YNR074C,YHR168W,0,3.2584887,0.16101695597171783,0.4876425862312317,0.26869723200798035
YOL082W,YOR194C,0,3.2583199,0.1609664261341095,0.4876425862312317,0.26879775524139404
YOL155C,YLR050C,0,3.2572374,0.16091594099998474,0.4876425862312317,0.26889827847480774
YNL178W,YFR018C,0,3.2568512,0.16086547076702118,0.4876425862312317,0.26899880170822144
YLL003W,YGR171C,0,3.2565594,0.1608150452375412,0.4876425862312317,0.26909932494163513
YOR291W,YBR129C,0,3.256363,0.1607646495103836,0.4876425862312317,0.26919984817504883
YBR294W,YDL021W,0,3.2563055,0.1607142835855484,0.4876425862312317,0.2693003714084625
YMR005W,YGL112C,1,3.2561135,0.16097714006900787,0.4885931611061096,0.2693003714084625
YGL172W,YHR119W,0,3.2559443,0.16092674434185028,0.4885931611061096,0.2694008946418762
YDL246C,YOR355W,0,3.255392,0.16087636351585388,0.4885931611061096,0.2695014178752899
YMR112C,YPR111W,0,3.2553458,0.16082602739334106,0.4885931611061096,0.2696019411087036
YIL021W,YGL060W,0,3.2551951,0.16077572107315063,0.4885931611061096,0.2697024643421173
YBR155W,YFL054C,0,3.254836,0.1607254594564438,0.4885931611061096,0.269802987575531
YDR353W,YLR278C,0,3.2546263,0.16067521274089813,0.4885931611061096,0.2699035108089447
YKL171W,YMR078C,0,3.2546186,0.16062499582767487,0.4885931611061096,0.2700040340423584
YNR057C,YPL188W,0,3.2544818,0.16057482361793518,0.4885931611061096,0.2701045572757721
YBR276C,YCR012W,0,3.2541704,0.1605246663093567,0.4885931611061096,0.2702050805091858
YBL008W,YIL036W,1,3.2541296,0.16078676283359528,0.48954373598098755,0.2702050805091858
YIL095W,YKL124W,0,3.2532506,0.1607365757226944,0.48954373598098755,0.2703056037425995
YHR056C,YNL006W,0,3.253159,0.1606864333152771,0.48954373598098755,0.2704060971736908
YDL216C,YPL093W,0,3.2527404,0.160636305809021,0.48954373598098755,0.2705066204071045
YNL238W,YML036W,0,3.252554,0.16058622300624847,0.48954373598098755,0.2706071436405182
YER185W,YOR089C,0,3.2523644,0.16053615510463715,0.48954373598098755,0.2707076668739319
YHR005C-A,YHR174W,0,3.251954,0.1604861319065094,0.48954373598098755,0.2708081901073456
YEL030W,YKL003C,0,3.2517848,0.16043613851070404,0.48954373598098755,0.2709087133407593
YNL044W,YNL095C,0,3.2516358,0.16038617491722107,0.48954373598098755,0.271009236574173
YMR019W,YBR052C,0,3.2515898,0.16033624112606049,0.48954373598098755,0.27110975980758667
YOR038C,YMR295C,0,3.2515428,0.1602863371372223,0.48954373598098755,0.27121028304100037
YBL113C,YLR088W,0,3.2514694,0.16023646295070648,0.48954373598098755,0.27131080627441406
YMR276W,YKL166C,0,3.2512498,0.16018661856651306,0.48954373598098755,0.27141132950782776
YGR056W,YML032C,0,3.2512367,0.16013681888580322,0.48954373598098755,0.27151185274124146
YMR089C,YNR010W,0,3.2508764,0.16008703410625458,0.48954373598098755,0.27161237597465515
YJL114W,YAL063C,0,3.2507453,0.16003729403018951,0.48954373598098755,0.27171289920806885
YLR321C,YDR216W,1,3.2506773,0.16029822826385498,0.4904943108558655,0.27171289920806885
YGL244W,YNR010W,1,3.250474,0.1605590134859085,0.491444855928421,0.27171289920806885
YDL170W,YOR327C,0,3.2503352,0.1605091542005539,0.491444855928421,0.27181342244148254
YOR224C,YBR240C,1,3.25022,0.16076970100402832,0.49239543080329895,0.27181342244148254
YDL047W,YDR062W,0,3.2500362,0.1607198268175125,0.49239543080329895,0.27191394567489624
YNL284C,YDL148C,0,3.2498875,0.1606699824333191,0.49239543080329895,0.27201446890830994
YOR126C,YDR444W,0,3.249251,0.16062015295028687,0.49239543080329895,0.27211499214172363
YPR135W,YLR329W,0,3.2491598,0.16057036817073822,0.49239543080329895,0.27221551537513733
YDR494W,YLL027W,0,3.2488847,0.16052061319351196,0.49239543080329895,0.272316038608551
YBR141C,YIL048W,0,3.2484703,0.1604708731174469,0.49239543080329895,0.2724165618419647
YGL050W,YAL039C,0,3.2482486,0.16042117774486542,0.49239543080329895,0.2725170850753784
YGL169W,YML039W,0,3.2478504,0.16037151217460632,0.49239543080329895,0.2726176083087921
YNL117W,YJL178C,0,3.2475407,0.16032187640666962,0.49239543080329895,0.2727181315422058
YJL140W,YDR415C,0,3.247469,0.1602722704410553,0.49239543080329895,0.2728186547756195
YOR327C,YDR173C,0,3.2474663,0.16022270917892456,0.49239543080329895,0.2729191780090332
YOR274W,YNR003C,0,3.2474027,0.16017316281795502,0.49239543080329895,0.2730197012424469
YLL003W,YHR059W,0,3.2473826,0.16012364625930786,0.49239543080329895,0.2731202244758606
YMR145C,YOR008C,0,3.2466774,0.1600741595029831,0.49239543080329895,0.2732207477092743
YLR305C,YDL111C,0,3.2466333,0.1600247174501419,0.49239543080329895,0.273321270942688
YAL060W,YKL015W,0,3.245535,0.15997529029846191,0.49239543080329895,0.2734217941761017
YMR172W,YKL144C,0,3.245482,0.1599259078502655,0.49239543080329895,0.2735223174095154
YCL024W,YNL230C,0,3.245069,0.15987654030323029,0.49239543080329895,0.2736228406429291
YDR172W,YPR001W,0,3.2449996,0.15982721745967865,0.49239543080329895,0.2737233638763428
YDR167W,YMR176W,0,3.2449431,0.1597779095172882,0.49239543080329895,0.27382388710975647
YNL073W,YJR083C,0,3.2445934,0.15972864627838135,0.49239543080329895,0.27392441034317017
YER165W,YHL027W,0,3.2445493,0.15967941284179688,0.49239543080329895,0.27402493357658386
YOL038W,YNL110C,0,3.2445118,0.1596301943063736,0.49239543080329895,0.27412545680999756
YKL020C,YPL007C,0,3.2444372,0.1595810204744339,0.49239543080329895,0.27422598004341125
YDL045W-A,YJL200C,0,3.244329,0.1595318764448166,0.49239543080329895,0.27432650327682495
YHR029C,YPL196W,0,3.2443027,0.15948276221752167,0.49239543080329895,0.27442702651023865
YNL008C,YNL314W,0,3.2441525,0.15943367779254913,0.49239543080329895,0.27452754974365234
YDR064W,YOL104C,0,3.2438393,0.1593846082687378,0.49239543080329895,0.27462807297706604
YLR191W,YDR449C,0,3.2433293,0.15933558344841003,0.49239543080329895,0.27472859621047974
YJR078W,YGR285C,0,3.2433221,0.15928658843040466,0.49239543080329895,0.27482911944389343
YBL041W,YLR164W,0,3.2432837,0.15923762321472168,0.49239543080329895,0.27492964267730713
YMR005W,YBL058W,0,3.243282,0.15918868780136108,0.49239543080329895,0.2750301659107208
YER103W,YGR285C,0,3.2432404,0.15913978219032288,0.49239543080329895,0.2751306891441345
YBR067C,YDR496C,0,3.2429764,0.15909090638160706,0.49239543080329895,0.2752312123775482
YCL024W,YDL078C,0,3.2428174,0.15904206037521362,0.49239543080329895,0.2753317356109619
YHR066W,YPR171W,0,3.2427902,0.15899324417114258,0.49239543080329895,0.2754322588443756
YLR129W,YPR127W,0,3.242679,0.15894445776939392,0.49239543080329895,0.2755327820777893
YPR204W,YEL040W,0,3.24255,0.15889570116996765,0.49239543080329895,0.275633305311203
YKL160W,YIL036W,1,3.2425313,0.15915364027023315,0.4933460056781769,0.275633305311203
YNL208W,YJL128C,0,3.2423058,0.1591048389673233,0.4933460056781769,0.2757338285446167
YGL062W,YDR527W,0,3.2422414,0.15905608236789703,0.4933460056781769,0.2758343517780304
YPR204W,YDL035C,0,3.2421598,0.15900735557079315,0.4933460056781769,0.2759348750114441
YDR263C,YKL182W,0,3.241919,0.15895865857601166,0.4933460056781769,0.2760353982448578
YCL024W,YBR052C,0,3.2416167,0.15890997648239136,0.4933460056781769,0.2761359214782715
YGR113W,YEL062W,0,3.2416105,0.15886133909225464,0.4933460056781769,0.2762364149093628
YGL244W,YMR270C,0,3.2415252,0.1588127315044403,0.4933460056781769,0.2763369381427765
YPL129W,YPR127W,0,3.2407095,0.15876415371894836,0.4933460056781769,0.2764374613761902
YLR244C,YHR060W,0,3.2399745,0.15871559083461761,0.4933460056781769,0.2765379846096039
YLR209C,YGL190C,0,3.2397437,0.15866707265377045,0.4933460056781769,0.2766385078430176
YER013W,YPL147W,0,3.239533,0.15861858427524567,0.4933460056781769,0.2767390310764313
YJR004C,YPL167C,0,3.2393024,0.15857012569904327,0.4933460056781769,0.27683955430984497
YLR165C,YDL061C,0,3.2392373,0.15852168202400208,0.4933460056781769,0.27694007754325867
YKR069W,YNL290W,0,3.239187,0.15847328305244446,0.4933460056781769,0.27704060077667236
YAR031W,YPR159W,0,3.23873,0.15842491388320923,0.4933460056781769,0.27714112401008606
YPL007C,YJL117W,0,3.238605,0.1583765596151352,0.4933460056781769,0.27724164724349976
YDR254W,YPL112C,0,3.2385447,0.15832825005054474,0.4933460056781769,0.27734217047691345
YBR059C,YMR115W,0,3.2385073,0.15827997028827667,0.4933460056781769,0.27744269371032715
YOL045W,YKL074C,0,3.2384288,0.1582317054271698,0.4933460056781769,0.27754321694374084
YBR006W,YDR444W,0,3.2383087,0.1581834852695465,0.4933460056781769,0.27764374017715454
YNL079C,YMR172W,0,3.238111,0.1581352800130844,0.4933460056781769,0.27774426341056824
YOL010W,YGL203C,0,3.237805,0.1580871194601059,0.4933460056781769,0.27784478664398193
YMR097C,YJR112W,0,3.2372794,0.15803897380828857,0.4933460056781769,0.27794530987739563
YOR204W,YLR301W,0,3.237217,0.15799087285995483,0.4933460056781769,0.2780458331108093
YFR013W,YDL107W,0,3.2370915,0.1579427868127823,0.4933460056781769,0.278146356344223
YGL112C,YGR145W,0,3.2360606,0.15789473056793213,0.4933460056781769,0.2782468795776367
YMR097C,YKL206C,0,3.2358081,0.15784671902656555,0.4933460056781769,0.2783474028110504
YPR182W,YNL121C,0,3.2357395,0.15779872238636017,0.4933460056781769,0.2784479260444641
YOR378W,YGL236C,0,3.2352018,0.15775075554847717,0.4933460056781769,0.2785484492778778
YHR214C-B,YDR498C,0,3.234957,0.15770281851291656,0.4933460056781769,0.2786489725112915
YKL009W,YML071C,0,3.2348332,0.15765492618083954,0.4933460056781769,0.2787494957447052
YDR026C,YMR090W,0,3.2347808,0.1576070487499237,0.4933460056781769,0.2788500189781189
YPR030W,YDR259C,1,3.234734,0.15786278247833252,0.4942965805530548,0.2788500189781189
YBL041W,YEL041W,0,3.2347136,0.1578148752450943,0.4942965805530548,0.2789505422115326
YER008C,YLL033W,0,3.2341366,0.15776698291301727,0.4942965805530548,0.2790510654449463
YOL145C,YDR281C,0,3.2340322,0.15771913528442383,0.4942965805530548,0.27915158867836
YOR317W,YGR222W,0,3.2331893,0.15767131745815277,0.4942965805530548,0.2792521119117737
YAL063C,YPR160W,0,3.2328162,0.1576235294342041,0.4942965805530548,0.2793526351451874
YGR155W,YER002W,0,3.2328122,0.15757575631141663,0.4942965805530548,0.2794531583786011
YNL079C,YJR083C,0,3.2327545,0.15752802789211273,0.4942965805530548,0.27955368161201477
YOR215C,YJR063W,0,3.23265,0.15748031437397003,0.4942965805530548,0.27965420484542847
YDR423C,YAL038W,0,3.2320743,0.15743263065814972,0.4942965805530548,0.27975472807884216
YPL235W,YAL068C,1,3.231813,0.15768764913082123,0.49524715542793274,0.27975472807884216
YHR056C,YDL047W,0,3.2316098,0.15763993561267853,0.49524715542793274,0.27985525131225586
YMR089C,YKR028W,0,3.2315717,0.15759225189685822,0.49524715542793274,0.27995577454566956
YGR175C,YEL043W,0,3.2314897,0.1575445979833603,0.49524715542793274,0.28005629777908325
YBR120C,YJR053W,0,3.231463,0.15749697387218475,0.49524715542793274,0.28015682101249695
YBR089C-A,YDR311W,1,3.2314184,0.15775159001350403,0.49619773030281067,0.28015682101249695
YMR200W,YBL092W,0,3.231245,0.1577039211988449,0.49619773030281067,0.28025734424591064
YBR080C,YHR082C,0,3.2312021,0.15765629708766937,0.49619773030281067,0.28035786747932434
YPL259C,YDR281C,0,3.2308564,0.15760870277881622,0.49619773030281067,0.28045839071273804
YBR080C,YJL103C,0,3.2307363,0.15756112337112427,0.49619773030281067,0.28055891394615173
YPL213W,YEL031W,0,3.2306442,0.1575135737657547,0.49619773030281067,0.28065943717956543
YJL030W,YML052W,0,3.2303874,0.1574660688638687,0.49619773030281067,0.2807599604129791
YAL016W,YFL057C,0,3.2295184,0.15741857886314392,0.49619773030281067,0.2808604836463928
YOR298W,YPR006C,0,3.2289631,0.15737111866474152,0.49619773030281067,0.2809610068798065
YPR135W,YOL102C,0,3.228913,0.1573236882686615,0.49619773030281067,0.2810615301132202
YBR183W,YDR195W,0,3.2287893,0.15727628767490387,0.49619773030281067,0.2811620533466339
YER138C,YCR052W,0,3.2287378,0.15722891688346863,0.49619773030281067,0.2812625765800476
YNL251C,YAL021C,1,3.2284603,0.15748268365859985,0.4971482753753662,0.2812625765800476
YDL170W,YJL082W,0,3.2282803,0.15743528306484222,0.4971482753753662,0.2813630998134613
YHR060W,YBR037C,0,3.2278938,0.1573878973722458,0.4971482753753662,0.281463623046875
YBR042C,YIR005W,0,3.2274747,0.15734055638313293,0.4971482753753662,0.2815641462802887
YIL006W,YDR151C,0,3.2273006,0.15729323029518127,0.4971482753753662,0.2816646695137024
YIL061C,YGR281W,0,3.2270267,0.157245934009552,0.4971482753753662,0.2817651927471161
YOR304W,YIL079C,0,3.2269459,0.1571986824274063,0.4971482753753662,0.2818657159805298
YGR225W,YDR389W,0,3.2267997,0.15715144574642181,0.4971482753753662,0.2819662392139435
YDR369C,YOR180C,0,3.226631,0.1571042388677597,0.4971482753753662,0.2820667326450348
YFL038C,YJL029C,0,3.2265096,0.15705706179141998,0.4971482753753662,0.2821672558784485
YPL223C,YPL104W,0,3.2264545,0.15700989961624146,0.4971482753753662,0.2822677791118622
YBR196C,YHR069C,0,3.2258391,0.1569627821445465,0.4971482753753662,0.2823683023452759
YOR147W,YML071C,0,3.2257557,0.15691569447517395,0.4971482753753662,0.2824688255786896
YLR103C,YJL124C,0,3.2256293,0.15686862170696259,0.4971482753753662,0.28256934881210327
YCL018W,YNL010W,0,3.2255783,0.1568215936422348,0.4971482753753662,0.28266987204551697
YJR017C,YER068W,1,3.225521,0.15707434713840485,0.49809885025024414,0.28266987204551697
YOR261C,YLR209C,0,3.2253654,0.15702727437019348,0.49809885025024414,0.28277039527893066
YPR182W,YAR027W,0,3.225361,0.1569802314043045,0.49809885025024414,0.28287091851234436
YKR008W,YOL155C,0,3.2252579,0.15693321824073792,0.49809885025024414,0.28297144174575806
YHR041C,YDL140C,1,3.225214,0.1571856290102005,0.49904942512512207,0.28297144174575806
YJL130C,YDL039C,0,3.225191,0.15713858604431152,0.49904942512512207,0.28307196497917175
YMR218C,YBR281C,0,3.225062,0.15709155797958374,0.49904942512512207,0.28317248821258545
YNL010W,YIL177C,0,3.2247343,0.15704457461833954,0.49904942512512207,0.28327301144599915
YIL080W,YGL241W,0,3.2244983,0.15699760615825653,0.49904942512512207,0.28337353467941284
YMR284W,YGR246C,0,3.224463,0.1569506675004959,0.49904942512512207,0.28347405791282654
YKL186C,YIR005W,0,3.2244067,0.15690375864505768,0.49904942512512207,0.28357458114624023
YLR289W,YBR275C,0,3.2243416,0.15685687959194183,0.49904942512512207,0.28367510437965393
YEL031W,YLR165C,0,3.224288,0.15681003034114838,0.49904942512512207,0.2837756276130676
YDR140W,YFL021W,0,3.223883,0.1567632108926773,0.49904942512512207,0.2838761508464813
YBL026W,YFL054C,0,3.2238622,0.15671642124652863,0.49904942512512207,0.283976674079895
YPL223C,YMR186W,0,3.223607,0.15666964650154114,0.49904942512512207,0.2840771973133087
YGL237C,YDL128W,0,3.2234929,0.15662291646003723,0.49904942512512207,0.2841777205467224
YLR197W,YOR138C,0,3.2233262,0.15657620131969452,0.49904942512512207,0.2842782437801361
YJR092W,YER137C,0,3.2228465,0.1565295159816742,0.49904942512512207,0.2843787670135498
YFR018C,YIR005W,0,3.222838,0.15648286044597626,0.49904942512512207,0.2844792902469635
YNL238W,YIR039C,0,3.222578,0.1564362347126007,0.49904942512512207,0.2845798134803772
YDR411C,YGR177C,0,3.222528,0.15638963878154755,0.49904942512512207,0.2846803367137909
YJR026W,YOR393W,0,3.2223449,0.15634305775165558,0.49904942512512207,0.2847808599472046
YGL162W,YFL039C,1,3.2215595,0.15659423172473907,0.5,0.2847808599472046
YDR414C,YLR165C,0,3.2214818,0.15654762089252472,0.5,0.2848813831806183
YAL022C,YGL050W,0,3.2214513,0.15650103986263275,0.5,0.284981906414032
YBR081C,YER185W,0,3.2213285,0.15645448863506317,0.5,0.2850824296474457
YOL102C,YBR282W,0,3.2208276,0.15640796720981598,0.5,0.2851829528808594
YER162C,YIR032C,0,3.2204661,0.15636147558689117,0.5,0.28528347611427307
YNL251C,YOL028C,1,3.2204542,0.15661218762397766,0.5009505748748779,0.28528347611427307
YJL081C,YKL124W,0,3.220413,0.15656565129756927,0.5009505748748779,0.28538399934768677
YMR061W,YPR163C,0,3.2203696,0.15651915967464447,0.5009505748748779,0.28548452258110046
YBR193C,YHL020C,1,3.2200272,0.15676960349082947,0.5019011497497559,0.28548452258110046
YOL108C,YCL066W,1,3.2200055,0.15701988339424133,0.5028517246246338,0.28548452258110046
YJL071W,YHL027W,0,3.219604,0.15697328746318817,0.5028517246246338,0.28558504581451416
YNL178W,YKL201C,0,3.2195144,0.1569267213344574,0.5028517246246338,0.28568556904792786
YML113W,YIL131C,1,3.2194963,0.15717674791812897,0.5038022994995117,0.28568556904792786
YHR061C,YDL148C,0,3.2192574,0.1571301519870758,0.5038022994995117,0.28578609228134155
YHR109W,YNR002C,0,3.2192435,0.15708358585834503,0.5038022994995117,0.28588661551475525
YDR463W,YOL089C,1,3.2189379,0.15733332931995392,0.5047528743743896,0.28588661551475525
YHR209W,YLR278C,0,3.218524,0.15728673338890076,0.5047528743743896,0.28598713874816895
YEL031W,YPL259C,0,3.2179027,0.1572401523590088,0.5047528743743896,0.28608766198158264
YDR067C,YEL029C,0,3.2176917,0.1571936011314392,0.5047528743743896,0.28618818521499634
YIL088C,YKL172W,0,3.2176752,0.15714707970619202,0.5047528743743896,0.28628870844841003
YGL025C,YMR043W,1,3.2172098,0.15739645063877106,0.5057034492492676,0.28628870844841003
YOR148C,YNL208W,0,3.2170901,0.15734989941120148,0.5057034492492676,0.28638923168182373
YIR017C,YJL110C,1,3.2170775,0.1575990468263626,0.5066539645195007,0.28638923168182373
YEL030W,YDL198C,0,3.2166004,0.15755246579647064,0.5066539645195007,0.2864897549152374
YOL158C,YNL335W,0,3.216586,0.15750591456890106,0.5066539645195007,0.2865902781486511
YBR172C,YPL273W,0,3.216357,0.15745937824249268,0.5066539645195007,0.2866908013820648
YLL045C,YNL138W,0,3.2162144,0.15741287171840668,0.5066539645195007,0.2867913246154785
YMR179W,YER168C,0,3.2158701,0.15736639499664307,0.5066539645195007,0.2868918478488922
YER133W,YPR052C,1,3.2157526,0.15761511027812958,0.5076045393943787,0.2868918478488922
YMR049C,YJR083C,0,3.2156518,0.15756860375404358,0.5076045393943787,0.2869923710823059
YLR390W,YLR359W,0,3.2155876,0.15752212703227997,0.5076045393943787,0.2870928943157196
YFL057C,YMR075W,0,3.2154875,0.15747566521167755,0.5076045393943787,0.2871934175491333
YDR512C,YNL147W,0,3.2149029,0.15742924809455872,0.5076045393943787,0.287293940782547
YGR052W,YLR344W,0,3.2146149,0.15738284587860107,0.5076045393943787,0.2873944640159607
YCL036W,YLR191W,0,3.214541,0.15733647346496582,0.5076045393943787,0.2874949872493744
YEL037C,YLR026C,0,3.2144365,0.15729013085365295,0.5076045393943787,0.2875955104827881
YER046W,YDR444W,0,3.2144034,0.15724381804466248,0.5076045393943787,0.2876960337162018
YMR168C,YER022W,0,3.2142036,0.1571975201368332,0.5076045393943787,0.2877965271472931
YPL223C,YPR125W,0,3.2139773,0.1571512669324875,0.5076045393943787,0.2878970503807068
YBR081C,YJL053W,0,3.2138906,0.15710502862930298,0.5076045393943787,0.2879975736141205
YBL041W,YLL027W,0,3.2132735,0.15705882012844086,0.5076045393943787,0.2880980968475342
YMR145C,YBL034C,0,3.213111,0.15701264142990112,0.5076045393943787,0.2881986200809479
YBR276C,YGL071W,0,3.2130637,0.15696649253368378,0.5076045393943787,0.2882991433143616
YLL002W,YHR069C,0,3.213017,0.15692035853862762,0.5076045393943787,0.28839966654777527
YGL112C,YEL036C,0,3.2122774,0.15687426924705505,0.5076045393943787,0.28850018978118896
YGR252W,YDR464W,1,3.2116175,0.15712188184261322,0.5085551142692566,0.28850018978118896
YDR059C,YNL163C,0,3.2111306,0.15707574784755707,0.5085551142692566,0.28860071301460266
YBR020W,YNL274C,0,3.2106395,0.1570296436548233,0.5085551142692566,0.28870123624801636
YDR172W,YNL027W,0,3.2096364,0.15698356926441193,0.5085551142692566,0.28880175948143005
YJL172W,YHR060W,0,3.2095556,0.15693752467632294,0.5085551142692566,0.28890228271484375
YGL244W,YOR230W,0,3.2094302,0.15689149498939514,0.5085551142692566,0.28900280594825745
YOR159C,YNL117W,0,3.2088094,0.15684549510478973,0.5085551142692566,0.28910332918167114
YCL014W,YML128C,0,3.2085161,0.1567995250225067,0.5085551142692566,0.28920385241508484
YJR057W,YDR262W,0,3.2083952,0.15675358474254608,0.5085551142692566,0.28930437564849854
YER125W,YNL070W,0,3.208285,0.15670767426490784,0.5085551142692566,0.28940489888191223
YNL192W,YER090W,0,3.2077327,0.15666179358959198,0.5085551142692566,0.2895054221153259
YOR353C,YDL040C,0,3.2074127,0.15661592781543732,0.5085551142692566,0.2896059453487396
YKL003C,YMR229C,0,3.2070036,0.15657009184360504,0.5085551142692566,0.2897064685821533
YIL046W,YDR403W,0,3.2065659,0.15652428567409515,0.5085551142692566,0.289806991815567
YMR039C,YIL048W,0,3.2061758,0.15647850930690765,0.5085551142692566,0.2899075150489807
YDL202W,YLR380W,0,3.2061734,0.15643274784088135,0.5085551142692566,0.2900080382823944
YBR202W,YDR173C,1,3.2059731,0.15667933225631714,0.5095056891441345,0.2900080382823944
YCR093W,YJL053W,0,3.2059212,0.15663354098796844,0.5095056891441345,0.2901085615158081
YPR135W,YLL017W,0,3.2059195,0.15658779442310333,0.5095056891441345,0.2902090847492218
YCR060W,YPL223C,0,3.2058983,0.15654206275939941,0.5095056891441345,0.2903096079826355
YLR208W,YPL078C,0,3.205759,0.1564963459968567,0.5095056891441345,0.2904101312160492
YDR301W,YOL005C,1,3.2057166,0.15674255788326263,0.5104562640190125,0.2904101312160492
YLR103C,YOR085W,0,3.2054398,0.15669682621955872,0.5104562640190125,0.2905106544494629
YLR145W,YFR052W,0,3.204689,0.156651109457016,0.5104562640190125,0.2906111776828766
YOL045W,YNL147W,0,3.2043405,0.15660542249679565,0.5104562640190125,0.2907117009162903
YLR009W,YBR287W,0,3.2042012,0.1565597653388977,0.5104562640190125,0.290812224149704
YCL074W,YNL297C,0,3.2039733,0.15651413798332214,0.5104562640190125,0.2909127473831177
YOR378W,YLR301W,0,3.203629,0.15646852552890778,0.5104562640190125,0.29101327061653137
YCR060W,YOL107W,0,3.2035537,0.156422957777977,0.5104562640190125,0.29111379384994507
YDR167W,YJL006C,0,3.2034664,0.1563774049282074,0.5104562640190125,0.29121431708335876
YOR142W,YPR163C,0,3.2033458,0.1563318818807602,0.5104562640190125,0.29131484031677246
YOR291W,YGL050W,0,3.2028222,0.15628637373447418,0.5104562640190125,0.29141536355018616
YML010W,YJL140W,1,3.2026434,0.15653185546398163,0.5114068388938904,0.29141536355018616
YGL115W,YDR404C,1,3.2021408,0.15677720308303833,0.5123574137687683,0.29141536355018616
YKL022C,YMR159C,0,3.2021194,0.15673160552978516,0.5123574137687683,0.29151588678359985
YKR038C,YKL015W,1,3.2016063,0.15697674453258514,0.5133079886436462,0.29151588678359985
YDL198C,YGR112W,0,3.2013216,0.15693113207817078,0.5133079886436462,0.29161641001701355
YHR002W,YGR238C,0,3.2012973,0.1568855345249176,0.5133079886436462,0.29171693325042725
YER017C,YKL210W,0,3.201272,0.15683996677398682,0.5133079886436462,0.29181745648384094
YDR457W,YOL136C,0,3.201252,0.15679442882537842,0.5133079886436462,0.29191797971725464
YGL158W,YDL148C,0,3.2009358,0.1567489057779312,0.5133079886436462,0.29201850295066833
YJL191W,YIL080W,0,3.2008522,0.1567034274339676,0.5133079886436462,0.29211902618408203
YMR146C,YMR295C,0,3.2006178,0.15665796399116516,0.5133079886436462,0.2922195494174957
YPR196W,YDR059C,0,3.2000952,0.15661253035068512,0.5133079886436462,0.2923200726509094
YPL196W,YFL013C,0,3.2000904,0.15656712651252747,0.5133079886436462,0.2924205958843231
YLR394W,YEL030W,0,3.1999927,0.156521737575531,0.5133079886436462,0.2925211191177368
YPL064C,YKL007W,0,3.1993027,0.15647637844085693,0.5133079886436462,0.2926216423511505
YPR086W,YOL089C,1,3.1992745,0.15672074258327484,0.5142585635185242,0.2926216423511505
YLR395C,YIL140W,0,3.1992364,0.15667535364627838,0.5142585635185242,0.2927221655845642
YBR271W,YLR005W,0,3.198831,0.1566299945116043,0.5142585635185242,0.2928226888179779
YHR002W,YNL219C,0,3.1988182,0.15658466517925262,0.5142585635185242,0.2929232120513916
YKL180W,YPR030W,0,3.1988125,0.15653935074806213,0.5142585635185242,0.2930237352848053
YGL158W,YBL113C,0,3.1987162,0.15649406611919403,0.5142585635185242,0.293124258518219
YBR238C,YMR267W,0,3.1986585,0.15644881129264832,0.5142585635185242,0.2932247817516327
YJL225C,YML132W,0,3.1983979,0.156403586268425,0.5142585635185242,0.2933253049850464
YMR228W,YFR052W,0,3.19834,0.15635837614536285,0.5142585635185242,0.2934258282184601
YKL174C,YLR264W,0,3.198206,0.1563132107257843,0.5142585635185242,0.2935263514518738
YDR164C,YDL022W,0,3.1981425,0.15626806020736694,0.5142585635185242,0.2936268448829651
YOL010W,YOR187W,0,3.198104,0.15622292459011078,0.5142585635185242,0.2937273681163788
YDL215C,YKL015W,0,3.198048,0.1561778336763382,0.5142585635185242,0.2938278913497925
YOL124C,YPL082C,0,3.1980047,0.1561327576637268,0.5142585635185242,0.2939284145832062
YLR321C,YOL028C,1,3.1977699,0.15637622773647308,0.5152091383934021,0.2939284145832062
YMR077C,YJL176C,0,3.1974092,0.1563311219215393,0.5152091383934021,0.2940289378166199
YPR137W,YAL017W,0,3.1964607,0.15628604590892792,0.5152091383934021,0.29412946105003357
YGL237C,YEL036C,0,3.1958966,0.15624098479747772,0.5152091383934021,0.29422998428344727
YPL259C,YGR229C,0,3.1958911,0.1561959683895111,0.5152091383934021,0.29433050751686096
YDR137W,YKR019C,0,3.1949968,0.1561509668827057,0.5152091383934021,0.29443103075027466
YBL028C,YLR389C,0,3.1945188,0.15610599517822266,0.5152091383934021,0.29453155398368835
YHR079C,YOR180C,0,3.1943338,0.15606103837490082,0.5152091383934021,0.29463207721710205
YNL304W,YDR416W,0,3.1939278,0.15601612627506256,0.5152091383934021,0.29473260045051575
YGL068W,YCL032W,0,3.1938238,0.1559712290763855,0.5152091383934021,0.29483312368392944
YHR209W,YBR257W,0,3.193812,0.15592634677886963,0.5152091383934021,0.29493364691734314
YGR056W,YDR472W,0,3.1938088,0.15588150918483734,0.5152091383934021,0.29503417015075684
YEL031W,YAL054C,0,3.1937003,0.15583668649196625,0.5152091383934021,0.29513469338417053
YBR120C,YJL024C,0,3.19268,0.15579189360141754,0.5152091383934021,0.29523521661758423
YHR058C,YBL068W,0,3.1925223,0.15574713051319122,0.5152091383934021,0.2953357398509979
YER055C,YML036W,0,3.1918535,0.1557023823261261,0.5152091383934021,0.2954362630844116
YLR425W,YPR159W,0,3.191816,0.15565766394138336,0.5152091383934021,0.2955367863178253
YDL171C,YGL019W,0,3.191785,0.155612975358963,0.5152091383934021,0.295637309551239
YGL050W,YNR013C,0,3.1917236,0.15556831657886505,0.5152091383934021,0.2957378327846527
YDR351W,YJL034W,0,3.191722,0.15552367269992828,0.5152091383934021,0.2958383560180664
YLR353W,YPR200C,0,3.1916473,0.1554790586233139,0.5152091383934021,0.2959388792514801
YLR025W,YBR042C,0,3.1916015,0.1554344743490219,0.5152091383934021,0.2960394024848938
YDR174W,YHR006W,1,3.191411,0.15567660331726074,0.51615971326828,0.2960394024848938
YJR036C,YJL191W,0,3.191241,0.15563198924064636,0.51615971326828,0.2961399257183075
YBL058W,YLR309C,0,3.1911933,0.15558739006519318,0.51615971326828,0.2962404489517212
YGR246C,YPL078C,0,3.1911829,0.15554282069206238,0.51615971326828,0.2963409721851349
YNL208W,YFR019W,0,3.1911235,0.15549828112125397,0.51615971326828,0.2964414954185486
YPL252C,YDR403W,0,3.1910226,0.15545377135276794,0.51615971326828,0.2965420186519623
YER168C,YOR285W,0,3.1909642,0.15540927648544312,0.51615971326828,0.296642541885376
YLR312W-A,YER104W,0,3.1909244,0.15536481142044067,0.51615971326828,0.2967430651187897
YOR126C,YJL006C,0,3.1907878,0.15532036125659943,0.51615971326828,0.29684358835220337
YGL050W,YMR090W,0,3.1907792,0.15527595579624176,0.51615971326828,0.29694411158561707
YIL021W,YPR200C,0,3.1903927,0.1552315652370453,0.51615971326828,0.29704463481903076
YFL001W,YFR052W,0,3.1901174,0.15518718957901,0.51615971326828,0.29714515805244446
YLL002W,YNL079C,0,3.1901164,0.1551428586244583,0.51615971326828,0.29724568128585815
YHR167W,YDL115C,1,3.1900618,0.15538418292999268,0.517110288143158,0.29724568128585815
YKR103W,YLR042C,0,3.190016,0.1553398072719574,0.517110288143158,0.29734620451927185
YLR107W,YDL206W,0,3.189917,0.1552954614162445,0.517110288143158,0.29744672775268555
YDR059C,YJL029C,0,3.1896956,0.155251145362854,0.517110288143158,0.29754725098609924
YJL081C,YOR294W,0,3.189525,0.1552068442106247,0.517110288143158,0.29764777421951294
YML071C,YNR017W,0,3.1880918,0.15516257286071777,0.517110288143158,0.29774829745292664
YLR026C,YMR159C,0,3.187357,0.15511833131313324,0.517110288143158,0.29784882068634033
YPR009W,YNL278W,1,3.1871412,0.1553591787815094,0.5180608630180359,0.29784882068634033
YNL160W,YLR329W,0,3.1869702,0.15531490743160248,0.5180608630180359,0.29794934391975403
YGR118W,YIL048W,0,3.1869414,0.15527065098285675,0.5180608630180359,0.2980498671531677
YKL144C,YAR031W,0,3.1868148,0.1552264243364334,0.5180608630180359,0.2981503903865814
YLR429W,YLR278C,0,3.1868112,0.15518222749233246,0.5180608630180359,0.2982509136199951
YGL237C,YOR349W,0,3.1866179,0.1551380604505539,0.5180608630180359,0.2983514368534088
YPR001W,YBL079W,0,3.1864853,0.15509390830993652,0.5180608630180359,0.2984519600868225
YMR269W,YIR005W,0,3.1862597,0.15504978597164154,0.5180608630180359,0.2985524833202362
YBR141C,YAL039C,0,3.1860485,0.15500569343566895,0.5180608630180359,0.2986530065536499
YJL071W,YKL124W,0,3.1860082,0.15496161580085754,0.5180608630180359,0.2987535297870636
YLR025W,YFL021W,0,3.1856384,0.15491756796836853,0.5180608630180359,0.2988540530204773
YPR144C,YHR047C,0,3.185627,0.1548735499382019,0.5180608630180359,0.298954576253891
YGR252W,YPL218W,0,3.1853316,0.15482954680919647,0.5180608630180359,0.2990550994873047
YGL094C,YJL192C,0,3.18502,0.15478557348251343,0.5180608630180359,0.2991556227207184
YPL273W,YDL208W,0,3.1846228,0.15474162995815277,0.5180608630180359,0.2992561459541321
YHR209W,YFL023W,0,3.1842015,0.1546977013349533,0.5180608630180359,0.2993566691875458
YBR187W,YNR002C,0,3.1842003,0.15465380251407623,0.5180608630180359,0.2994571626186371
YGL220W,YHR051W,0,3.1841621,0.15460993349552155,0.5180608630180359,0.2995576858520508
YGR238C,YJL149W,0,3.1840682,0.15456607937812805,0.5180608630180359,0.2996582090854645
YFR013W,YOL102C,0,3.1840444,0.15452225506305695,0.5180608630180359,0.2997587323188782
YGL170C,YER171W,0,3.1839867,0.15447846055030823,0.5180608630180359,0.29985925555229187
YOL070C,YHR059W,0,3.1839352,0.1544346809387207,0.5180608630180359,0.29995977878570557
YKR066C,YJL200C,0,3.1839335,0.15439093112945557,0.5180608630180359,0.30006030201911926
YLL003W,YOR283W,0,3.1836946,0.15434721112251282,0.5180608630180359,0.30016082525253296
YKR036C,YMR008C,0,3.1836493,0.15430350601673126,0.5180608630180359,0.30026134848594666
YJL141C,YCR002C,0,3.1835818,0.1542598307132721,0.5180608630180359,0.30036187171936035
YEL043W,YNL121C,0,3.1831534,0.15421618521213531,0.5180608630180359,0.30046239495277405
YML069W,YOR162C,1,3.1830354,0.15445543825626373,0.519011378288269,0.30046239495277405
YKR002W,YLL055W,0,3.1826544,0.15441176295280457,0.519011378288269,0.30056291818618774
YDR492W,YMR039C,0,3.182551,0.1543681025505066,0.519011378288269,0.30066344141960144
YDR146C,YDR416W,0,3.182538,0.154324471950531,0.519011378288269,0.30076396465301514
YNL223W,YGL233W,0,3.1825047,0.1542808711528778,0.519011378288269,0.30086448788642883
YNL117W,YMR077C,0,3.181993,0.1542372852563858,0.519011378288269,0.30096501111984253
YFR029W,YGL256W,0,3.1819868,0.1541937291622162,0.519011378288269,0.3010655343532562
YBR083W,YCR039C,1,3.1818213,0.1544325202703476,0.519961953163147,0.3010655343532562
YOR287C,YNL084C,0,3.181222,0.1543889343738556,0.519961953163147,0.3011660575866699
YCL014W,YDL015C,0,3.1809669,0.15434537827968597,0.519961953163147,0.3012665808200836
YDL170W,YLR330W,0,3.1809294,0.15430183708667755,0.519961953163147,0.3013671040534973
YER028C,YKL020C,1,3.1808543,0.15454033017158508,0.5209125280380249,0.3013671040534973
YDR497C,YBR141C,0,3.1804566,0.15449675917625427,0.5209125280380249,0.301467627286911
YMR112C,YBR276C,0,3.1804118,0.15445321798324585,0.5209125280380249,0.3015681505203247
YNL025C,YDR228C,1,3.1803446,0.15469145774841309,0.5218631029129028,0.3015681505203247
YJR078W,YKL201C,0,3.18032,0.15464788675308228,0.5218631029129028,0.3016686737537384
YDL054C,YBL098W,0,3.1800528,0.15460433065891266,0.5218631029129028,0.3017691969871521
YLR395C,YHR109W,0,3.1800144,0.15456080436706543,0.5218631029129028,0.3018697202205658
YJR055W,YDL035C,0,3.1800117,0.1545173078775406,0.5218631029129028,0.3019702434539795
YGR264C,YPR127W,0,3.1798491,0.15447382628917694,0.5218631029129028,0.3020707666873932
YDR030C,YKL013C,0,3.1797905,0.15443037450313568,0.5218631029129028,0.3021712899208069
YMR321C,YOR338W,0,3.1797616,0.1543869525194168,0.5218631029129028,0.3022718131542206
YJL225C,YJL144W,0,3.1793873,0.15434354543685913,0.5218631029129028,0.3023723363876343
YBR260C,YPR167C,0,3.1791446,0.15430016815662384,0.5218631029129028,0.302472859621048
YPL188W,YBR173C,0,3.1787395,0.15425682067871094,0.5218631029129028,0.30257338285446167
YGR282C,YPL188W,0,3.1786532,0.15421348810195923,0.5218631029129028,0.30267390608787537
YHR012W,YBR294W,0,3.1780229,0.1541701704263687,0.5218631029129028,0.30277442932128906
YHR029C,YHR051W,0,3.1777318,0.15412689745426178,0.5218631029129028,0.30287495255470276
YNL178W,YNL258C,0,3.1776397,0.15408363938331604,0.5218631029129028,0.30297547578811646
YLR430W,YER164W,1,3.1775095,0.15432098507881165,0.5228136777877808,0.30297547578811646
YOR162C,YMR021C,1,3.177311,0.1545582115650177,0.5237642526626587,0.30297547578811646
YLR300W,YPL112C,0,3.1772652,0.1545148640871048,0.5237642526626587,0.30307599902153015
YJR107W,YDL171C,0,3.17663,0.15447154641151428,0.5237642526626587,0.30317652225494385
YKL166C,YNL230C,0,3.1764643,0.15442825853824615,0.5237642526626587,0.30327704548835754
YJR151C,YFR052W,0,3.1762924,0.15438498556613922,0.5237642526626587,0.30337756872177124
YPL119C,YMR143W,0,3.1761384,0.15434174239635468,0.5237642526626587,0.30347809195518494
YMR315W,YDR416W,0,3.1759923,0.15429851412773132,0.5237642526626587,0.30357861518859863
YNL230C,YNR044W,0,3.1759694,0.15425531566143036,0.5237642526626587,0.30367913842201233
YJR004C,YPR204W,0,3.1757803,0.15421214699745178,0.5237642526626587,0.303779661655426
YLR312W-A,YOR142W,0,3.1755128,0.1541689932346344,0.5237642526626587,0.3038801848888397
YGR238C,YMR295C,0,3.175177,0.1541258692741394,0.5237642526626587,0.3039807081222534
YDR419W,YEL040W,0,3.1751733,0.1540827751159668,0.5237642526626587,0.3040812313556671
YML032C,YCL008C,0,3.174844,0.15403969585895538,0.5237642526626587,0.3041817545890808
YDR072C,YLR251W,0,3.1748433,0.15399664640426636,0.5237642526626587,0.3042822778224945
YPL082C,YHR079C,0,3.1748247,0.15395361185073853,0.5237642526626587,0.3043828010559082
YOL165C,YIL095W,0,3.1744916,0.15391060709953308,0.5237642526626587,0.3044833242893219
YGL158W,YOR138C,0,3.1736958,0.15386763215065002,0.5237642526626587,0.3045838475227356
YKL130C,YDL045C,0,3.1733527,0.15382467210292816,0.5237642526626587,0.3046843707561493
YMR284W,YCR012W,0,3.1729727,0.1537817418575287,0.5237642526626587,0.304784893989563
YHR209W,YMR228W,0,3.1728494,0.1537388414144516,0.5237642526626587,0.3048854172229767
YHR029C,YFR045W,0,3.1721969,0.1536959558725357,0.5237642526626587,0.3049859404563904
YLR425W,YPL087W,0,3.172123,0.1536531001329422,0.5237642526626587,0.3050864636898041
YBL076C,YGL019W,0,3.1720095,0.1536102592945099,0.5237642526626587,0.3051869869232178
YCR093W,YIL046W,0,3.171733,0.15356744825839996,0.5237642526626587,0.3052874803543091
YAL022C,YBL079W,0,3.1714828,0.15352465212345123,0.5237642526626587,0.3053880035877228
YDR079W,YMR270C,0,3.1713874,0.15348190069198608,0.5237642526626587,0.3054885268211365
YDR449C,YDL128W,0,3.1713083,0.15343914926052094,0.5237642526626587,0.30558905005455017
YMR238W,YPR190C,0,3.1712055,0.15339644253253937,0.5237642526626587,0.30568957328796387
YKR055W,YLL004W,0,3.1708028,0.153353750705719,0.5237642526626587,0.30579009652137756
YDL217C,YMR200W,0,3.170433,0.15331107378005981,0.5237642526626587,0.30589061975479126
YLR073C,YNL092W,0,3.170367,0.15326842665672302,0.5237642526626587,0.30599114298820496
YNL084C,YNL335W,0,3.1701508,0.15322580933570862,0.5237642526626587,0.30609166622161865
YNL281W,YJL103C,0,3.170105,0.1531832069158554,0.5237642526626587,0.30619218945503235
YIL134W,YNL107W,0,3.170011,0.15314063429832458,0.5237642526626587,0.30629271268844604
YDR414C,YLL041C,0,3.1695704,0.15309807658195496,0.5237642526626587,0.30639323592185974
YOR315W,YDR259C,1,3.1694376,0.15333333611488342,0.5247148275375366,0.30639323592185974
YJL087C,YJR026W,0,3.169232,0.1532907485961914,0.5247148275375366,0.30649375915527344
YMR276W,YNL238W,0,3.1689544,0.15324819087982178,0.5247148275375366,0.30659428238868713
YLR208W,YFR033C,0,3.168345,0.15320566296577454,0.5247148275375366,0.30669480562210083
YML049C,YJL117W,0,3.167873,0.1531631499528885,0.5247148275375366,0.3067953288555145
YHR132C,YNR060W,0,3.1677647,0.15312066674232483,0.5247148275375366,0.3068958520889282
YDL202W,YBR281C,0,3.1676786,0.15307819843292236,0.5247148275375366,0.3069963753223419
YOR279C,YGR034W,0,3.1673765,0.15303575992584229,0.5247148275375366,0.3070968985557556
YHR077C,YOR299W,0,3.1671805,0.1529933512210846,0.5247148275375366,0.3071974217891693
YHR004C,YLL017W,0,3.1667352,0.1529509574174881,0.5247148275375366,0.307297945022583
YGR081C,YOL112W,0,3.1666937,0.152908593416214,0.5247148275375366,0.3073984682559967
YJR138W,YMR179W,0,3.16641,0.15286624431610107,0.5247148275375366,0.3074989914894104
YKL205W,YJL206C,0,3.166154,0.15282392501831055,0.5247148275375366,0.3075995147228241
YJR149W,YLR383W,0,3.16577,0.1527816206216812,0.5247148275375366,0.3077000379562378
YOR194C,YEL029C,0,3.1648655,0.15273934602737427,0.5247148275375366,0.3078005611896515
YAL056W,YPR086W,1,3.1646616,0.1529737263917923,0.5256654024124146,0.3078005611896515
YKL174C,YER052C,0,3.1645768,0.15293142199516296,0.5256654024124146,0.3079010844230652
YJL140W,YDL170W,1,3.1644275,0.15316560864448547,0.5266159772872925,0.3079010844230652
YBR202W,YMR250W,0,3.164134,0.15312327444553375,0.5266159772872925,0.3080016076564789
YEL036C,YNL259C,0,3.1639795,0.15308095514774323,0.5266159772872925,0.3081021308898926
YNL122C,YGL113W,0,3.163597,0.15303868055343628,0.5266159772872925,0.3082026541233063
YOL142W,YKL022C,0,3.163415,0.15299640595912933,0.5266159772872925,0.30830317735671997
YOR147W,YBL068W,0,3.1630836,0.15295417606830597,0.5266159772872925,0.30840370059013367
YPL213W,YJR083C,0,3.1630778,0.1529119461774826,0.5266159772872925,0.30850422382354736
YGR169C,YKR055W,0,3.1629615,0.15286976099014282,0.5266159772872925,0.30860474705696106
YKL043W,YIL143C,1,3.1627617,0.15310344099998474,0.5275665521621704,0.30860474705696106
YER133W,YDL005C,1,3.1627285,0.1533370167016983,0.5285171270370483,0.30860474705696106
YJR147W,YNL010W,0,3.1625018,0.15329472720623016,0.5285171270370483,0.30870527029037476
YBL028C,YPL163C,0,3.1619036,0.1532524824142456,0.5285171270370483,0.30880579352378845
YDR067C,YGL220W,0,3.1616845,0.15321025252342224,0.5285171270370483,0.30890631675720215
YNL172W,YNL231C,0,3.1614857,0.15316803753376007,0.5285171270370483,0.30900683999061584
YEL036C,YMR159C,0,3.1614347,0.15312586724758148,0.5285171270370483,0.30910736322402954
YMR089C,YIL035C,0,3.1611266,0.1530836969614029,0.5285171270370483,0.30920788645744324
YML112W,YHR077C,0,3.1607528,0.1530415564775467,0.5285171270370483,0.30930840969085693
YLR329W,YCR057C,0,3.1607094,0.15299944579601288,0.5285171270370483,0.30940893292427063
YER145C,YBR276C,0,3.1605034,0.15295736491680145,0.5285171270370483,0.3095094561576843
YDL097C,YGL071W,0,3.1604643,0.15291529893875122,0.5285171270370483,0.309609979391098
YER148W,YGL025C,1,3.1604638,0.15314820408821106,0.5294677019119263,0.309609979391098
YMR112C,YIR018W,1,3.1602972,0.15338097512722015,0.5304182767868042,0.309609979391098
YLR395C,YHR174W,0,3.1601772,0.15333883464336395,0.5304182767868042,0.3097105026245117
YGR020C,YCR011C,0,3.160173,0.15329670906066895,0.5304182767868042,0.3098110258579254
YNL070W,YER130C,0,3.1594849,0.15325459837913513,0.5304182767868042,0.3099115490913391
YKR071C,YPR119W,0,3.1592283,0.1532125174999237,0.5304182767868042,0.3100120723247528
YFR001W,YPL104W,0,3.1590152,0.15317046642303467,0.5304182767868042,0.3101125955581665
YDR389W,YFR001W,0,3.1588988,0.15312843024730682,0.5304182767868042,0.3102131187915802
YKR056W,YLL055W,0,3.1585813,0.15308642387390137,0.5304182767868042,0.3103136420249939
YKL090W,YJR004C,0,3.158541,0.1530444324016571,0.5304182767868042,0.3104141652584076
YBR260C,YGR020C,0,3.1582012,0.15300247073173523,0.5304182767868042,0.3105146884918213
YPL131W,YDL225W,0,3.1580758,0.15296052396297455,0.5304182767868042,0.310615211725235
YIL061C,YGL241W,0,3.1579957,0.15291860699653625,0.5304182767868042,0.3107157349586487
YNL026W,YPL196W,0,3.157948,0.15287670493125916,0.5304182767868042,0.3108162581920624
YPL188W,YFL054C,0,3.1576638,0.15283483266830444,0.5304182767868042,0.3109167814254761
YGR118W,YBR281C,0,3.1572692,0.15279299020767212,0.5304182767868042,0.31101730465888977
YCR046C,YFL023W,0,3.1570442,0.152751162648201,0.5304182767868042,0.3111177980899811
YML051W,YDR310C,0,3.1567624,0.15270936489105225,0.5304182767868042,0.3112183213233948
YCL004W,YBR281C,0,3.1560922,0.1526675820350647,0.5304182767868042,0.31131884455680847
YFR021W,YOL102C,0,3.1559381,0.15262581408023834,0.5304182767868042,0.31141936779022217
YMR179W,YIR033W,1,3.1557107,0.15285752713680267,0.5313687920570374,0.31141936779022217
YPL119C,YJL079C,0,3.155703,0.15281574428081512,0.5313687920570374,0.31151989102363586
YDR512C,YHR156C,0,3.1556563,0.15277397632598877,0.5313687920570374,0.31162041425704956
YBR276C,YNL284C,0,3.154849,0.1527322381734848,0.5313687920570374,0.31172093749046326
YEL031W,YKL064W,0,3.1547754,0.15269051492214203,0.5313687920570374,0.31182146072387695
YLR182W,YER185W,0,3.1547,0.15264882147312164,0.5313687920570374,0.31192198395729065
YML032C,YAL040C,0,3.1546874,0.15260715782642365,0.5313687920570374,0.31202250719070435
YGR134W,YPR159W,0,3.1546798,0.15256550908088684,0.5313687920570374,0.31212303042411804
YBR196C,YKL001C,0,3.154569,0.15252387523651123,0.5313687920570374,0.31222355365753174
YOL028C,YMR270C,0,3.1545622,0.152482271194458,0.5313687920570374,0.31232407689094543
YFR031C,YDL045W-A,0,3.1545115,0.15244068205356598,0.5313687920570374,0.31242460012435913
YBR093C,YPL096W,0,3.1543736,0.15239912271499634,0.5313687920570374,0.3125251233577728
YNR052C,YNL288W,1,3.1540413,0.15263015031814575,0.5323193669319153,0.3125251233577728
YDL029W,YJR101W,0,3.153911,0.15258856117725372,0.5323193669319153,0.3126256465911865
YIL135C,YNL259C,0,3.1537511,0.1525469869375229,0.5323193669319153,0.3127261698246002
YNL008C,YNL107W,0,3.153336,0.15250544250011444,0.5323193669319153,0.3128266930580139
YHR211W,YER104W,0,3.152515,0.15246392786502838,0.5323193669319153,0.3129272162914276
YCL025C,YPL011C,0,3.1523008,0.15242242813110352,0.5323193669319153,0.3130277395248413
YOR275C,YDR392W,0,3.1509666,0.15238095819950104,0.5323193669319153,0.313128262758255
YKR071C,YKR069W,0,3.1506057,0.15233950316905975,0.5323193669319153,0.3132287859916687
YGR070W,YLR042C,0,3.1502724,0.15229806303977966,0.5323193669319153,0.3133293092250824
YBR238C,YGL004C,0,3.1492853,0.15225666761398315,0.5323193669319153,0.3134298324584961
YJR004C,YPR162C,0,3.1492238,0.15221527218818665,0.5323193669319153,0.3135303556919098
YLL002W,YBR281C,0,3.149177,0.15217390656471252,0.5323193669319153,0.3136308789253235
YJR147W,YDR364C,0,3.1489458,0.1521325707435608,0.5323193669319153,0.3137314021587372
YAL016W,YLR163C,0,3.148597,0.15209124982357025,0.5323193669319153,0.3138319253921509
YHR012W,YOR301W,0,3.1483283,0.1520499587059021,0.5323193669319153,0.3139324486255646
YOL051W,YNL139C,1,3.148264,0.15228013694286346,0.5332699418067932,0.3139324486255646
YDL055C,YPL065W,0,3.1482391,0.15223880112171173,0.5332699418067932,0.31403297185897827
YOR209C,YJL081C,0,3.1480181,0.15219751000404358,0.5332699418067932,0.31413349509239197
YPR024W,YBR141C,0,3.1476827,0.15215621888637543,0.5332699418067932,0.31423401832580566
YPL213W,YDL179W,0,3.147489,0.15211497247219086,0.5332699418067932,0.31433454155921936
YKL013C,YKR008W,0,3.1474376,0.1520737260580063,0.5332699418067932,0.31443506479263306
YGR271W,YMR115W,0,3.1473842,0.1520325243473053,0.5332699418067932,0.31453558802604675
YBL041W,YLL040C,0,3.1471791,0.1519913375377655,0.5332699418067932,0.31463611125946045
YML006C,YLR050C,0,3.146782,0.1519501656293869,0.5332699418067932,0.31473663449287415
YMR296C,YOL151W,0,3.1465917,0.1519090235233307,0.5332699418067932,0.31483715772628784
YMR112C,YKL096W-A,0,3.1462147,0.15186789631843567,0.5332699418067932,0.31493768095970154
YMR276W,YNL163C,0,3.146048,0.15182679891586304,0.5332699418067932,0.31503820419311523
YMR037C,YHR205W,1,3.1456487,0.1520562767982483,0.5342205166816711,0.31503820419311523
YJL117W,YER190W,0,3.1455903,0.15201514959335327,0.5342205166816711,0.31513872742652893
YGR264C,YKL186C,0,3.1448793,0.15197403728961945,0.5342205166816711,0.3152392506599426
YBR278W,YER190W,0,3.1447778,0.151932954788208,0.5342205166816711,0.3153397738933563
YCR030C,YHR211W,0,3.1447594,0.15189188718795776,0.5342205166816711,0.31544029712677
YPR191W,YOR283W,0,3.1445312,0.1518508493900299,0.5342205166816711,0.3155408203601837
YMR176W,YGR214W,0,3.1444275,0.15180982649326324,0.5342205166816711,0.3156413435935974
YML027W,YNL216W,1,3.1444016,0.15203888714313507,0.5351710915565491,0.3156413435935974
YPL151C,YPL218W,0,3.1440358,0.15199783444404602,0.5351710915565491,0.3157418668270111
YHR179W,YLL027W,0,3.14316,0.15195681154727936,0.5351710915565491,0.3158423900604248
YPR190C,YLL061W,0,3.1424804,0.15191581845283508,0.5351710915565491,0.3159429132938385
YGL010W,YOR162C,0,3.142479,0.1518748253583908,0.5351710915565491,0.3160434365272522
YEL053C,YML049C,0,3.1420486,0.15183387696743011,0.5351710915565491,0.3161439597606659
YMR301C,YIL048W,0,3.1418638,0.15179294347763062,0.5351710915565491,0.3162444829940796
YLR417W,YDR397C,1,3.1415982,0.15202155709266663,0.536121666431427,0.3162444829940796
YER028C,YML036W,1,3.1414025,0.15225006639957428,0.5370722413063049,0.3162444829940796
YDR173C,YGR275W,1,3.1412718,0.1524784415960312,0.5380228161811829,0.3162444829940796
YEL052W,YKL161C,0,3.1411448,0.15243738889694214,0.5380228161811829,0.3163450062274933
YGL209W,YHR039C-A,0,3.141078,0.1523963361978531,0.5380228161811829,0.316445529460907
YJR082C,YDR229W,0,3.1409492,0.15235531330108643,0.5380228161811829,0.3165460526943207
YNR018W,YKL175W,0,3.1405687,0.15231432020664215,0.5380228161811829,0.3166465759277344
YBR202W,YER098W,0,3.1403239,0.15227334201335907,0.5380228161811829,0.31674709916114807
YOL142W,YHR119W,0,3.1400743,0.15223237872123718,0.5380228161811829,0.31684762239456177
YFL038C,YDL040C,0,3.1400561,0.15219144523143768,0.5380228161811829,0.3169481158256531
YOL070C,YOR008C,0,3.1399531,0.15215054154396057,0.5380228161811829,0.3170486390590668
YKL013C,YMR300C,0,3.1396768,0.15210965275764465,0.5380228161811829,0.31714916229248047
YOL129W,YER074W,0,3.1396177,0.15206877887248993,0.5380228161811829,0.31724968552589417
YML007W,YDR169C,1,3.1396122,0.1522965282201767,0.5389733910560608,0.31724968552589417
YJL053W,YKL095W,0,3.139554,0.15225563943386078,0.5389733910560608,0.31735020875930786
YLR203C,YOR084W,0,3.1395395,0.15221476554870605,0.5389733910560608,0.31745073199272156
YFR019W,YGR276C,0,3.1395183,0.15217390656471252,0.5389733910560608,0.31755125522613525
YHR056C,YDR423C,1,3.1394353,0.152401402592659,0.5399239659309387,0.31755125522613525
YDL215C,YLR005W,0,3.1393726,0.15236051380634308,0.5399239659309387,0.31765177845954895
YFR031C,YDR296W,0,3.1393416,0.15231965482234955,0.5399239659309387,0.31775230169296265
YOR283W,YDR076W,0,3.138927,0.1522788256406784,0.5399239659309387,0.31785282492637634
YGL150C,YDR451C,1,3.1388817,0.152506023645401,0.5408745408058167,0.31785282492637634
YOR126C,YOL102C,0,3.1387248,0.15246516466140747,0.5408745408058167,0.31795334815979004
YJR028W,YPL218W,0,3.1382074,0.15242432057857513,0.5408745408058167,0.31805387139320374
YNL032W,YPR083W,0,3.13804,0.15238350629806519,0.5408745408058167,0.31815439462661743
YOL111C,YER104W,0,3.1378455,0.15234270691871643,0.5408745408058167,0.31825491786003113
YOR243C,YJR083C,0,3.1373854,0.15230192244052887,0.5408745408058167,0.3183554410934448
YLR219W,YNL070W,0,3.1373348,0.1522611677646637,0.5408745408058167,0.3184559643268585
YGR282C,YIL143C,0,3.1369176,0.1522204428911209,0.5408745408058167,0.3185564875602722
YBR294W,YNL121C,0,3.1368246,0.15217973291873932,0.5408745408058167,0.3186570107936859
YPR024W,YDR146C,0,3.1368136,0.15213903784751892,0.5408745408058167,0.3187575340270996
YFL031W,YPR104C,1,3.1367772,0.15236568450927734,0.5418251156806946,0.3187575340270996
YEL030W,YNL110C,0,3.136634,0.15232495963573456,0.5418251156806946,0.3188580572605133
YBL113C,YNL052W,0,3.136449,0.15228426456451416,0.5418251156806946,0.318958580493927
YGL209W,YMR164C,1,3.1360204,0.15251068770885468,0.5427756905555725,0.318958580493927
YJR083C,YBL113C,0,3.136004,0.1524699628353119,0.5427756905555725,0.3190591037273407
YER164W,YOR140W,1,3.1359313,0.15269620716571808,0.5437262654304504,0.3190591037273407
YIL035C,YNL078W,0,3.13593,0.1526554524898529,0.5437262654304504,0.3191596269607544
YHR175W,YLR016C,0,3.1353989,0.15261472761631012,0.5437262654304504,0.3192601501941681
YDR419W,YOR393W,0,3.1353178,0.15257401764392853,0.5437262654304504,0.3193606734275818
YDR498C,YMR300C,0,3.135067,0.15253333747386932,0.5437262654304504,0.3194611966609955
YGL158W,YMR210W,0,3.1349125,0.1524926722049713,0.5437262654304504,0.3195617198944092
YBR155W,YPL098C,0,3.1348882,0.1524520218372345,0.5437262654304504,0.3196622431278229
YPL064C,YLR386W,0,3.1348162,0.15241140127182007,0.5437262654304504,0.3197627663612366
YBR093C,YBL034C,0,3.1347697,0.15237081050872803,0.5437262654304504,0.31986328959465027
YLR314C,YLL034C,0,3.1344824,0.152330219745636,0.5437262654304504,0.31996381282806396
YML028W,YNL262W,0,3.1341214,0.15228967368602753,0.5437262654304504,0.32006433606147766
YLR452C,YDR218C,0,3.1339421,0.15224912762641907,0.5437262654304504,0.32016485929489136
YNL147W,YJR028W,0,3.1337917,0.1522086262702942,0.5437262654304504,0.32026538252830505
YIL035C,YHR051W,0,3.1332874,0.1521681249141693,0.5437262654304504,0.32036590576171875
YPR024W,YDL107W,0,3.133197,0.15212765336036682,0.5437262654304504,0.32046642899513245
YOR298W,YCL004W,0,3.1331856,0.15208721160888672,0.5437262654304504,0.32056695222854614
YGL220W,YER137C,0,3.1331615,0.1520467847585678,0.5437262654304504,0.32066747546195984
YKR008W,YGR063C,1,3.1330874,0.15227212011814117,0.5446767807006836,0.32066747546195984
YDL245C,YBL092W,0,3.1327171,0.15223166346549988,0.5446767807006836,0.32076799869537354
YNL010W,YPR138C,0,3.131849,0.15219123661518097,0.5446767807006836,0.32086852192878723
YDR423C,YOR216C,0,3.1316738,0.15215082466602325,0.5446767807006836,0.3209690451622009
YPR189W,YBR042C,0,3.1316233,0.15211042761802673,0.5446767807006836,0.3210695683956146
YMR049C,YJR040W,0,3.1315272,0.1520700603723526,0.5446767807006836,0.3211700916290283
YER185W,YBL011W,0,3.1310234,0.15202972292900085,0.5446767807006836,0.321270614862442
YPL252C,YDR262W,0,3.1308932,0.1519893854856491,0.5446767807006836,0.3213711380958557
YOL141W,YBR052C,0,3.130836,0.15194907784461975,0.5446767807006836,0.3214716613292694
YNL297C,YOL004W,0,3.1307693,0.15190880000591278,0.5446767807006836,0.3215721845626831
YLR268W,YHR079C,0,3.130477,0.151868537068367,0.5446767807006836,0.3216727077960968
YCL018W,YNR004W,0,3.1303418,0.15182830393314362,0.5446767807006836,0.3217732310295105
YLR329W,YBR222C,0,3.1301508,0.15178808569908142,0.5446767807006836,0.3218737542629242
YNR074C,YJL112W,0,3.1300795,0.15174788236618042,0.5446767807006836,0.3219742774963379
YIL139C,YKR044W,0,3.1299877,0.1517077088356018,0.5446767807006836,0.3220748007297516
YDR174W,YLR270W,0,3.1298513,0.1516675502061844,0.5446767807006836,0.3221753239631653
YLR203C,YDR444W,0,3.1296184,0.15162742137908936,0.5446767807006836,0.322275847196579
YKL090W,YMR078C,0,3.1294746,0.15158730745315552,0.5446767807006836,0.3223763704299927
YDR470C,YDR508C,0,3.129294,0.15154720842838287,0.5446767807006836,0.32247689366340637
YNR003C,YDR497C,0,3.12919,0.15150713920593262,0.5446767807006836,0.32257741689682007
YMR203W,YCR057C,0,3.1290722,0.15146708488464355,0.5446767807006836,0.3226779103279114
YPL213W,YMR025W,0,3.129052,0.15142706036567688,0.5446767807006836,0.3227784335613251
YBR172C,YJL178C,0,3.1288178,0.1513870507478714,0.5446767807006836,0.32287895679473877
YNL284C,YNL239W,0,3.1285636,0.1513470709323883,0.5446767807006836,0.32297948002815247
YNL103W,YDR392W,1,3.128495,0.15157116949558258,0.5456273555755615,0.32297948002815247
YMR160W,YDL225W,0,3.1284552,0.1515311449766159,0.5456273555755615,0.32308000326156616
YJL066C,YMR143W,0,3.1284015,0.1514911651611328,0.5456273555755615,0.32318052649497986
YML051W,YLR209C,0,3.1283412,0.15145118534564972,0.5456273555755615,0.32328104972839355
YLR244C,YKL038W,0,3.12815,0.151411235332489,0.5456273555755615,0.32338157296180725
YPL007C,YDR140W,0,3.1281075,0.1513713151216507,0.5456273555755615,0.32348209619522095
YGR056W,YLR005W,1,3.128039,0.15159504115581512,0.5465779304504395,0.32348209619522095
YGR143W,YER002W,0,3.1278317,0.15155509114265442,0.5465779304504395,0.32358261942863464
YDR371W,YNL274C,0,3.127721,0.1515151560306549,0.5465779304504395,0.32368314266204834
YLR264W,YPL065W,0,3.1274114,0.1514752358198166,0.5465779304504395,0.32378366589546204
YOR025W,YDL148C,0,3.1273227,0.15143534541130066,0.5465779304504395,0.32388418912887573
YNL231C,YBR173C,0,3.127284,0.15139546990394592,0.5465779304504395,0.32398471236228943
YOR283W,YDR233C,0,3.1272514,0.15135562419891357,0.5465779304504395,0.3240852355957031
YJL024C,YDR138W,0,3.1269574,0.15131579339504242,0.5465779304504395,0.3241857588291168
YKL117W,YDR364C,0,3.126133,0.15127597749233246,0.5465779304504395,0.3242862820625305
YNL008C,YBL085W,0,3.125774,0.15123619139194489,0.5465779304504395,0.3243868052959442
YLR256W,YBR198C,1,3.1256692,0.15145938098430634,0.5475285053253174,0.3243868052959442
YBR089C-A,YJL140W,1,3.1256514,0.15168243646621704,0.5484790802001953,0.3243868052959442
YPR167C,YOR251C,0,3.1251633,0.1516425758600235,0.5484790802001953,0.3244873285293579
YDR196C,YIL170W,0,3.1249535,0.15160273015499115,0.5484790802001953,0.3245878517627716
YLR285W,YPR198W,0,3.124866,0.1515629142522812,0.5484790802001953,0.3246883749961853
YBR083W,YNL251C,1,3.1248126,0.1517857164144516,0.5494296550750732,0.3246883749961853
YGR077C,YBR129C,0,3.1243908,0.15174587070941925,0.5494296550750732,0.324788898229599
YPL240C,YLR278C,0,3.1243076,0.1517060399055481,0.5494296550750732,0.3248894214630127
YAL016W,YIL159W,0,3.1242318,0.15166622400283813,0.5494296550750732,0.3249899446964264
YJR004C,YLR440C,0,3.1242146,0.15162643790245056,0.5494296550750732,0.3250904679298401
YKL117W,YOR311C,0,3.1236696,0.15158668160438538,0.5494296550750732,0.3251909911632538
YDR263C,YGR271W,0,3.1236193,0.1515469253063202,0.5494296550750732,0.3252915143966675
YLR055C,YPR070W,1,3.1235561,0.15176932513713837,0.5503802299499512,0.3252915143966675
YGR225W,YIL035C,0,3.123331,0.151729553937912,0.5503802299499512,0.3253920376300812
YER154W,YJL141C,0,3.1232553,0.151689812541008,0.5503802299499512,0.3254925608634949
YGR085C,YDR218C,0,3.1231074,0.151650071144104,0.5503802299499512,0.32559308409690857
YDL171C,YMR179W,0,3.1230016,0.1516103744506836,0.5503802299499512,0.32569360733032227
YNL202W,YNR018W,0,3.1228657,0.15157067775726318,0.5503802299499512,0.32579413056373596
YGL244W,YDR229W,0,3.1226845,0.15153101086616516,0.5503802299499512,0.32589465379714966
YKR008W,YBR120C,0,3.1226645,0.15149135887622833,0.5503802299499512,0.32599517703056335
YGR012W,YDR207C,0,3.1225371,0.1514517366886139,0.5503802299499512,0.32609570026397705
YLR301W,YER190W,0,3.121924,0.15141212940216064,0.5503802299499512,0.32619622349739075
YOR388C,YOR148C,0,3.1218264,0.15137255191802979,0.5503802299499512,0.32629674673080444
YBR287W,YMR137C,0,3.12176,0.15133298933506012,0.5503802299499512,0.32639726996421814
YOR323C,YNL006W,0,3.1213615,0.15129344165325165,0.5503802299499512,0.32649779319763184
YGR225W,YGR185C,0,3.1212015,0.15125392377376556,0.5503802299499512,0.32659831643104553
YGL037C,YDR498C,0,3.1207461,0.15121442079544067,0.5503802299499512,0.32669883966445923
YDR240C,YNL258C,0,3.1206174,0.15117493271827698,0.5503802299499512,0.3267993628978729
YJR101W,YAL040C,0,3.1204748,0.15113547444343567,0.5503802299499512,0.3268998861312866
YLR080W,YML036W,0,3.1203132,0.15109603106975555,0.5503802299499512,0.3270004093647003
YLR208W,YBR238C,0,3.1203094,0.15105661749839783,0.5503802299499512,0.327100932598114
YKR008W,YJL192C,0,3.1201353,0.1510172188282013,0.5503802299499512,0.3272014558315277
YDL111C,YNL121C,0,3.1200473,0.15097783505916595,0.5503802299499512,0.3273019790649414
YMR077C,YNL258C,0,3.1199517,0.150938481092453,0.5503802299499512,0.3274025022983551
YGR221C,YMR019W,0,3.1194284,0.15089914202690125,0.5503802299499512,0.3275030255317688
YNL182C,YMR304W,0,3.1191502,0.15085981786251068,0.5503802299499512,0.3276035487651825
YNL230C,YGR276C,0,3.1188722,0.1508205235004425,0.5503802299499512,0.3277040719985962
YHR074W,YKL117W,0,3.118424,0.15078124403953552,0.5503802299499512,0.3278045952320099
YDR460W,YLR055C,1,3.1180985,0.15100234746932983,0.5513308048248291,0.3278045952320099
YJL066C,YAL038W,0,3.1175125,0.15096303820610046,0.5513308048248291,0.3279051184654236
YGR285C,YEL029C,0,3.1173587,0.15092375874519348,0.5513308048248291,0.3280056416988373
YAL038W,YCL052C,0,3.1173236,0.1508844941854477,0.5513308048248291,0.328106164932251
YIR025W,YJR036C,0,3.1170344,0.1508452594280243,0.5513308048248291,0.3282066881656647
YER154W,YDL077C,0,3.1169417,0.15080603957176208,0.5513308048248291,0.32830721139907837
YHR061C,YFL057C,0,3.1168442,0.15076683461666107,0.5513308048248291,0.32840773463249207
YMR315W,YKR055W,0,3.116795,0.15072764456272125,0.5513308048248291,0.3285082280635834
YOR145C,YMR078C,0,3.1167138,0.15068848431110382,0.5513308048248291,0.32860875129699707
YDR351W,YDR353W,0,3.1165273,0.15064935386180878,0.5513308048248291,0.32870927453041077
YMR097C,YNL080C,0,3.116489,0.15061023831367493,0.5513308048248291,0.32880979776382446
YBR010W,YML039W,0,3.1163387,0.15057113766670227,0.5513308048248291,0.32891032099723816
YGL070C,YDR512C,1,3.1163263,0.15079158544540405,0.552281379699707,0.32891032099723816
YHR029C,YLR141W,0,3.1163027,0.1507524698972702,0.552281379699707,0.32901084423065186
YDL133C-A,YBR294W,0,3.1159375,0.15071335434913635,0.552281379699707,0.32911136746406555
YLR129W,YHR168W,0,3.1158426,0.1506742686033249,0.552281379699707,0.32921189069747925
YDR172W,YDR159W,0,3.1157963,0.15063521265983582,0.552281379699707,0.32931241393089294
YMR218C,YCL032W,0,3.1157875,0.15059615671634674,0.552281379699707,0.32941293716430664
YAR035W,YGL030W,0,3.1152318,0.15055714547634125,0.552281379699707,0.32951346039772034
YMR049C,YBL058W,0,3.1149628,0.15051813423633575,0.552281379699707,0.32961398363113403
YDL107W,YLR208W,0,3.1149182,0.15047915279865265,0.552281379699707,0.32971450686454773
YGR180C,YIR032C,0,3.1145477,0.15044018626213074,0.552281379699707,0.3298150300979614
YKR008W,YNL167C,1,3.1143074,0.15066011250019073,0.553231954574585,0.3298150300979614
YJL087C,YLR329W,0,3.1138701,0.15062111616134644,0.553231954574585,0.3299155533313751
YDR067C,YGR252W,0,3.1127062,0.15058214962482452,0.553231954574585,0.3300160765647888
YGL010W,YOR008C,0,3.1124043,0.1505431979894638,0.553231954574585,0.3301165997982025
YGL037C,YDL140C,0,3.112358,0.15050426125526428,0.553231954574585,0.3302171230316162
YLR394W,YOR162C,0,3.1120744,0.15046535432338715,0.553231954574585,0.3303176462650299
YIL094C,YLR219W,0,3.1119618,0.1504264622926712,0.553231954574585,0.3304181694984436
YHR143W-A,YNL314W,1,3.1114447,0.15064600110054016,0.5541825294494629,0.3304181694984436
YDR371W,YOR274W,0,3.1105807,0.15060707926750183,0.5541825294494629,0.3305186927318573
YCR065W,YPL190C,1,3.1105108,0.15082643926143646,0.5551331043243408,0.3305186927318573
YPR144C,YLL043W,0,3.1101143,0.15078750252723694,0.5551331043243408,0.330619215965271
YCL018W,YBR145W,0,3.1100035,0.1507485806941986,0.5551331043243408,0.3307197391986847
YER008C,YNR006W,0,3.1097927,0.15070967376232147,0.5551331043243408,0.3308202624320984
YNR057C,YBL026W,0,3.1095,0.15067079663276672,0.5551331043243408,0.3309207856655121
YOR274W,YER052C,0,3.1094613,0.15063193440437317,0.5551331043243408,0.3310213088989258
YOR291W,YLR386W,0,3.1094208,0.1505930870771408,0.5551331043243408,0.3311218321323395
YGR084C,YOR162C,0,3.1092477,0.15055426955223083,0.5551331043243408,0.3312223553657532
YBR059C,YOL136C,0,3.109144,0.15051546692848206,0.5551331043243408,0.33132287859916687
YGR012W,YGR179C,0,3.10912,0.15047667920589447,0.5551331043243408,0.33142340183258057
YNL079C,YMR229C,0,3.1086469,0.15043792128562927,0.5551331043243408,0.33152392506599426
YLR165C,YOR025W,0,3.1083422,0.15039917826652527,0.5551331043243408,0.33162444829940796
YMR005W,YNR052C,1,3.1074712,0.15061791241168976,0.5560836791992188,0.33162444829940796
YOL001W,YIL131C,1,3.1074004,0.15083655714988708,0.5570341944694519,0.33162444829940796
YJL079C,YAR035W,0,3.106597,0.1507977396249771,0.5570341944694519,0.33172497153282166
YNL271C,YJL171C,0,3.106582,0.15075893700122833,0.5570341944694519,0.33182549476623535
YNL281W,YMR179W,0,3.106314,0.15072016417980194,0.5570341944694519,0.33192601799964905
YNL085W,YBR294W,0,3.1061764,0.15068140625953674,0.5570341944694519,0.33202654123306274
YOR291W,YDR170C,0,3.1058035,0.15064267814159393,0.5570341944694519,0.33212706446647644
YNR006W,YBL079W,0,3.1056354,0.15060396492481232,0.5570341944694519,0.33222758769989014
YGR077C,YAR031W,0,3.1051168,0.1505652666091919,0.5570341944694519,0.33232811093330383
YGR251W,YPL078C,0,3.105081,0.15052658319473267,0.5570341944694519,0.33242863416671753
YER151C,YCL032W,0,3.105063,0.15048792958259583,0.5570341944694519,0.3325291574001312
YGL019W,YIL042C,0,3.1050282,0.15044929087162018,0.5570341944694519,0.3326296806335449
YOL165C,YML109W,0,3.10477,0.15041068196296692,0.5570341944694519,0.3327302038669586
YPR011C,YKR068C,0,3.1047325,0.15037208795547485,0.5570341944694519,0.3328307271003723
YHR069C,YPL188W,0,3.10448,0.15033350884914398,0.5570341944694519,0.332931250333786
YGR052W,YDL045W-A,0,3.1041934,0.1502949446439743,0.5570341944694519,0.3330317735671997
YPR167C,YPL122C,0,3.1040425,0.15025641024112701,0.5570341944694519,0.3331322968006134
YCR052W,YGR271W,0,3.104023,0.15021789073944092,0.5570341944694519,0.3332328200340271
YPR200C,YPL244C,0,3.1037571,0.1501794010400772,0.5570341944694519,0.3333333432674408
YLR321C,YDL170W,1,3.1037483,0.1503971368074417,0.5579847693443298,0.3333333432674408
YGL209W,YJR103W,0,3.103288,0.15035860240459442,0.5579847693443298,0.3334338665008545
YOR292C,YKR002W,0,3.1031408,0.15032009780406952,0.5579847693443298,0.3335343897342682
YMR193W,YGR271W,0,3.103051,0.150281623005867,0.5579847693443298,0.3336349129676819
YJR082C,YPL252C,0,3.1029978,0.1502431482076645,0.5579847693443298,0.3337354362010956
YNL314W,YMR164C,1,3.1028674,0.1504606008529663,0.5589353442192078,0.3337354362010956
YBR067C,YKL130C,0,3.1028492,0.1504220962524414,0.5589353442192078,0.3338359594345093
YKL093W,YLR386W,0,3.1028445,0.15038363635540009,0.5589353442192078,0.333936482667923
YLL029W,YJL117W,0,3.1027756,0.15034517645835876,0.5589353442192078,0.33403700590133667
YDR233C,YIR005W,0,3.1027699,0.15030674636363983,0.5589353442192078,0.33413752913475037
YIR025W,YNR004W,0,3.1026008,0.1502683311700821,0.5589353442192078,0.33423805236816406
YIL002C,YDR072C,0,3.102488,0.15022994577884674,0.5589353442192078,0.33433854579925537
YPL151C,YGL037C,0,3.102357,0.15019157528877258,0.5589353442192078,0.33443906903266907
YOL155C,YDR173C,0,3.1019864,0.15015321969985962,0.5589353442192078,0.33453959226608276
YBL085W,YLR213C,0,3.1012912,0.15011487901210785,0.5589353442192078,0.33464011549949646
YOR212W,YJL029C,0,3.1011894,0.15007656812667847,0.5589353442192078,0.33474063873291016
YDR144C,YOL155C,0,3.1009066,0.15003827214241028,0.5589353442192078,0.33484116196632385
YDR464W,YML127W,1,3.1007679,0.15025509893894196,0.5598859190940857,0.33484116196632385
YIL140W,YFL013C,0,3.1007192,0.15021678805351257,0.5598859190940857,0.33494168519973755
YBR049C,YNL236W,1,3.100646,0.15043345093727112,0.5608364939689636,0.33494168519973755
YDL217C,YKL078W,0,3.1005132,0.15039511024951935,0.5608364939689636,0.33504220843315125
YGL062W,YBR128C,0,3.1003127,0.15035678446292877,0.5608364939689636,0.33514273166656494
YLR203C,YDL148C,0,3.1001506,0.1503184735774994,0.5608364939689636,0.33524325489997864
YOR301W,YDL171C,0,3.099986,0.1502801775932312,0.5608364939689636,0.33534377813339233
YDR079W,YBR074W,0,3.0995843,0.1502419114112854,0.5608364939689636,0.33544430136680603
YOR126C,YGR034W,0,3.0993288,0.1502036601305008,0.5608364939689636,0.3355448246002197
YLR203C,YPL011C,0,3.0992548,0.15016543865203857,0.5608364939689636,0.3356453478336334
YJR092W,YGR113W,0,3.0981965,0.15012723207473755,0.5608364939689636,0.3357458710670471
YIR018W,YML006C,0,3.0978632,0.15008904039859772,0.5608364939689636,0.3358463943004608
YDR512C,YHR039C-A,0,3.0975702,0.15005086362361908,0.5608364939689636,0.3359469175338745
YBR195C,YER171W,0,3.0975301,0.15001271665096283,0.5608364939689636,0.3360474407672882
YDR195W,YNL136W,1,3.0973952,0.15022876858711243,0.5617870688438416,0.3360474407672882
YGL172W,YOR074C,0,3.0972507,0.1501905918121338,0.5617870688438416,0.3361479640007019
YOL067C,YBR083W,1,3.096861,0.15040650963783264,0.5627376437187195,0.3361479640007019
YLR047C,YBR037C,0,3.0966043,0.15036830306053162,0.5627376437187195,0.3362484872341156
YNR067C,YBR120C,0,3.0965743,0.15033011138439178,0.5627376437187195,0.3363490104675293
YDR378C,YJR063W,0,3.0962799,0.15029194951057434,0.5627376437187195,0.336449533700943
YBR096W,YGL060W,0,3.096171,0.1502538025379181,0.5627376437187195,0.3365500569343567
YOR388C,YOL151W,0,3.096158,0.15021568536758423,0.5627376437187195,0.3366505801677704
YKL119C,YMR308C,0,3.096056,0.15017756819725037,0.5627376437187195,0.3367511034011841
YMR241W,YDL047W,0,3.0960484,0.1501394808292389,0.5627376437187195,0.3368516266345978
YNL314W,YLR223C,1,3.095963,0.15035496652126312,0.5636882185935974,0.3368516266345978
YIL083C,YOL004W,0,3.095745,0.15031684935092926,0.5636882185935974,0.3369521498680115
YJR138W,YMR250W,0,3.0956874,0.15027876198291779,0.5636882185935974,0.33705267310142517
YBR081C,YDR414C,0,3.0953758,0.1502406895160675,0.5636882185935974,0.33715319633483887
YDL202W,YGR271W,0,3.0951083,0.15020263195037842,0.5636882185935974,0.33725371956825256
YDR034C,YBR026C,0,3.094757,0.15016460418701172,0.5636882185935974,0.33735424280166626
YER049W,YLR383W,0,3.0946813,0.15012657642364502,0.5636882185935974,0.33745476603507996
YNL076W,YFR037C,1,3.0946715,0.1503416895866394,0.5646387934684753,0.33745476603507996
YOR168W,YNR060W,0,3.0945115,0.1503036469221115,0.5646387934684753,0.33755528926849365
YMR054W,YDR306C,0,3.094253,0.1502656191587448,0.5646387934684753,0.33765581250190735
YGL180W,YNL290W,0,3.094131,0.1502276211977005,0.5646387934684753,0.33775633573532104
YNL079C,YNR015W,0,3.0937815,0.15018963813781738,0.5646387934684753,0.33785685896873474
YHR030C,YNL127W,0,3.093563,0.15015166997909546,0.5646387934684753,0.33795738220214844
YCL004W,YOR327C,0,3.093433,0.15011371672153473,0.5646387934684753,0.33805790543556213
YJR127C,YBR074W,0,3.0928369,0.1500757932662964,0.5646387934684753,0.33815842866897583
YNL282W,YLR390W,0,3.0928125,0.15003788471221924,0.5646387934684753,0.3382589519023895
YLR033W,YOR123C,1,3.09257,0.15025252103805542,0.5655893683433533,0.3382589519023895
YKR008W,YFR018C,0,3.0924308,0.15021459758281708,0.5655893683433533,0.3383594751358032
YLR289W,YKL201C,0,3.0919638,0.15017667412757874,0.5655893683433533,0.3384599983692169
YHR143W-A,YOL072W,1,3.0919232,0.1503911167383194,0.5665399432182312,0.3384599983692169
YGR144W,YIL135C,0,3.091825,0.15035317838191986,0.5665399432182312,0.3385605216026306
YOL124C,YER052C,0,3.091602,0.15031525492668152,0.5665399432182312,0.3386610448360443
YDR172W,YGR113W,0,3.091521,0.15027736127376556,0.5665399432182312,0.338761568069458
YKR101W,YGL103W,0,3.0915008,0.1502394825220108,0.5665399432182312,0.3388620913028717
YNL085W,YGL051W,0,3.0914764,0.15020161867141724,0.5665399432182312,0.3389626145362854
YNR004W,YBL089W,0,3.0909915,0.15016376972198486,0.5665399432182312,0.3390631377696991
YLR141W,YBR072W,0,3.0909371,0.15012595057487488,0.5665399432182312,0.3391636610031128
YCL066W,YPL202C,1,3.0908856,0.15033996105194092,0.5674905180931091,0.3391636610031128
YLL055W,YEL056W,0,3.0906236,0.15030211210250854,0.5674905180931091,0.3392641842365265
YOL052C,YNL274C,0,3.0901349,0.15026427805423737,0.5674905180931091,0.3393647074699402
YKL117W,YLR389C,0,3.090093,0.15022647380828857,0.5674905180931091,0.3394652307033539
YKL041W,YDR285W,0,3.0900297,0.15018868446350098,0.5674905180931091,0.3395657539367676
YGR084C,YDR508C,0,3.089624,0.15015091001987457,0.5674905180931091,0.3396662771701813
YDR405W,YDL021W,0,3.0896044,0.15011315047740936,0.5674905180931091,0.33976680040359497
YBR282W,YJR032W,0,3.0895362,0.15007542073726654,0.5674905180931091,0.33986732363700867
YMR172W,YFR019W,0,3.0894713,0.15003769099712372,0.5674905180931091,0.33996784687042236
YKL041W,YLR183C,0,3.089275,0.15000000596046448,0.5674905180931091,0.34006837010383606
YGL115W,YCR052W,1,3.088634,0.15021350979804993,0.5684410929679871,0.34006837010383606
YKL082C,YPR159W,0,3.088601,0.1501757949590683,0.5684410929679871,0.34016886353492737
YBR002C,YNR044W,0,3.0883222,0.15013808012008667,0.5684410929679871,0.34026938676834106
YDR196C,YER165W,0,3.0882812,0.15010039508342743,0.5684410929679871,0.34036991000175476
YER090W,YBL085W,0,3.087856,0.15006273984909058,0.5684410929679871,0.34047043323516846
YMR182C,YNL283C,0,3.0875947,0.15002508461475372,0.5684410929679871,0.34057095646858215
YGR145W,YJR101W,0,3.0875282,0.14998745918273926,0.5684410929679871,0.34067147970199585
YDR492W,YDR415C,0,3.0874033,0.149949848651886,0.5684410929679871,0.34077200293540955
YKL020C,YGL183C,0,3.087353,0.1499122530221939,0.5684410929679871,0.34087252616882324
YDR419W,YJR140C,0,3.0869775,0.14987468719482422,0.5684410929679871,0.34097304940223694
YDL206W,YPL180W,0,3.0869186,0.14983713626861572,0.5684410929679871,0.34107357263565063
YDR301W,YBR089C-A,1,3.0868692,0.1500501036643982,0.5693916082382202,0.34107357263565063
YNL167C,YPR034W,1,3.086864,0.1502629667520523,0.5703421831130981,0.34107357263565063
YLR105C,YPL223C,0,3.0868123,0.15022534132003784,0.5703421831130981,0.34117409586906433
YPL064C,YNL284C,0,3.086588,0.15018773078918457,0.5703421831130981,0.341274619102478
YML097C,YCL057W,0,3.0863132,0.1501501500606537,0.5703421831130981,0.3413751423358917
YER074W,YIL047C,0,3.0861807,0.150112584233284,0.5703421831130981,0.3414756655693054
YGL158W,YPR167C,0,3.0856886,0.1500750333070755,0.5703421831130981,0.3415761888027191
YOL145C,YJL172W,0,3.0853348,0.1500375121831894,0.5703421831130981,0.3416767120361328
YLR043C,YJL079C,0,3.0852349,0.15000000596046448,0.5703421831130981,0.3417772352695465
YDR137W,YIL079C,0,3.085186,0.14996251463890076,0.5703421831130981,0.3418777585029602
YBR182C,YOL012C,1,3.0851808,0.15017491579055786,0.5712927579879761,0.3418777585029602
YKR057W,YOL062C,0,3.0850227,0.15013739466667175,0.5712927579879761,0.3419782817363739
YGL233W,YIL042C,0,3.0847235,0.15009990334510803,0.5712927579879761,0.3420788049697876
YOL066C,YMR038C,0,3.0843525,0.1500624269247055,0.5712927579879761,0.3421793282032013
YPL011C,YMR246W,0,3.0840821,0.15002496540546417,0.5712927579879761,0.342279851436615
YPR060C,YER190W,0,3.0840645,0.14998751878738403,0.5712927579879761,0.3423803746700287
YGR199W,YDR281C,0,3.084062,0.14995010197162628,0.5712927579879761,0.3424808979034424
YLR305C,YOL111C,0,3.0837107,0.14991270005702972,0.5712927579879761,0.3425814211368561
YER046W,YIL035C,0,3.0836246,0.14987531304359436,0.5712927579879761,0.3426819443702698
YNL073W,YJL081C,0,3.0835462,0.1498379409313202,0.5712927579879761,0.34278246760368347
YDR464W,YPR056W,1,3.0834637,0.1500498503446579,0.572243332862854,0.34278246760368347
YNL281W,YPL244C,0,3.0832965,0.15001246333122253,0.572243332862854,0.34288299083709717
YGR179C,YLR321C,0,3.0832644,0.14997509121894836,0.572243332862854,0.34298351407051086
YMR227C,YOR313C,0,3.082621,0.1499377340078354,0.572243332862854,0.34308403730392456
YJL030W,YDR444W,0,3.0825148,0.1499003916978836,0.572243332862854,0.34318456053733826
YPR190C,YMR304W,0,3.0814166,0.1498630791902542,0.572243332862854,0.34328508377075195
YML036W,YGR072W,0,3.0807905,0.149825781583786,0.572243332862854,0.34338560700416565
YLR344W,YAL040C,0,3.0805864,0.149788498878479,0.572243332862854,0.34348613023757935
YDR289C,YFL039C,1,3.080564,0.15000000596046448,0.5731939077377319,0.34348613023757935
YLR025W,YML039W,0,3.0805168,0.14996269345283508,0.5731939077377319,0.34358665347099304
YDR410C,YMR075W,0,3.0804977,0.14992541074752808,0.5731939077377319,0.34368717670440674
YOL101C,YLR330W,0,3.0804386,0.14988814294338226,0.5731939077377319,0.34378769993782043
YDR494W,YOL093W,0,3.0801105,0.14985089004039764,0.5731939077377319,0.34388822317123413
YGR251W,YGL071W,0,3.0797114,0.1498136669397354,0.5731939077377319,0.3439887464046478
YKL170W,YOL066C,0,3.0794344,0.14977645874023438,0.5731939077377319,0.3440892696380615
YHR002W,YBL034C,0,3.0790813,0.14973926544189453,0.5731939077377319,0.3441897928714752
YOL012C,YNR010W,1,3.0790474,0.14995034039020538,0.5741444826126099,0.3441897928714752
YNL267W,YHR174W,0,3.0784886,0.14991313219070435,0.5741444826126099,0.3442903161048889
YLR353W,YHR119W,0,3.0781398,0.1498759239912033,0.5741444826126099,0.3443908393383026
YDR404C,YDR303C,1,3.077897,0.15008682012557983,0.5750950574874878,0.3443908393383026
YGR084C,YBR026C,0,3.0777688,0.1500495970249176,0.5750950574874878,0.3444913625717163
YBL112C,YDL035C,0,3.0770855,0.15001240372657776,0.5750950574874878,0.34459188580513
YDR414C,YMR075W,0,3.077022,0.14997521042823792,0.5750950574874878,0.3446924090385437
YOL104C,YGL030W,0,3.0766768,0.14993804693222046,0.5750950574874878,0.3447929322719574
YJL024C,YNL230C,0,3.075862,0.1499008983373642,0.5750950574874878,0.3448934555053711
YBR182C,YPR168W,1,3.0756683,0.15011146664619446,0.5760456323623657,0.3448934555053711
YOR151C,YDR228C,1,3.0751119,0.15032194554805756,0.5769962072372437,0.3448934555053711
YDR378C,YPR083W,0,3.0751014,0.15028472244739532,0.5769962072372437,0.3449939787387848
YDR304C,YFR033C,0,3.0750823,0.15024752914905548,0.5769962072372437,0.3450945019721985
YNR017W,YJL117W,0,3.0750628,0.15021035075187683,0.5769962072372437,0.3451950252056122
YNR074C,YLL008W,0,3.0750241,0.15017318725585938,0.5769962072372437,0.3452955484390259
YMR168C,YLL012W,0,3.0749106,0.1501360386610031,0.5769962072372437,0.3453960716724396
YER185W,YDR472W,0,3.0747366,0.15009890496730804,0.5769962072372437,0.34549659490585327
YDL217C,YMR269W,0,3.0747147,0.15006180107593536,0.5769962072372437,0.34559711813926697
YER013W,YDL070W,0,3.074476,0.15002471208572388,0.5769962072372437,0.34569764137268066
YCL057W,YFR033C,0,3.0740814,0.14998763799667358,0.5769962072372437,0.34579816460609436
YDR473C,YLR141W,0,3.0738647,0.14995059370994568,0.5769962072372437,0.34589868783950806
YER022W,YNL068C,1,3.0738354,0.1501605361700058,0.5779467821121216,0.34589868783950806
YAR027W,YLR130C,0,3.073648,0.1501234620809555,0.5779467821121216,0.34599918127059937
YDL028C,YDR527W,0,3.0734868,0.1500864028930664,0.5779467821121216,0.34609970450401306
YDR172W,YDL039C,0,3.0728264,0.1500493586063385,0.5779467821121216,0.34620022773742676
YDR196C,YLR129W,0,3.0728252,0.1500123292207718,0.5779467821121216,0.34630075097084045
YJL024C,YLR026C,0,3.0723112,0.14997532963752747,0.5779467821121216,0.34640127420425415
YER138C,YIL021W,0,3.072,0.14993834495544434,0.5779467821121216,0.34650179743766785
YNR004W,YDR081C,0,3.0719614,0.1499013751745224,0.5779467821121216,0.34660232067108154
YDR260C,YOR294W,0,3.0719047,0.14986443519592285,0.5779467821121216,0.34670284390449524
YMR033W,YDL045C,0,3.071815,0.1498274952173233,0.5779467821121216,0.34680336713790894
YJL024C,YER130C,0,3.0714707,0.14979058504104614,0.5779467821121216,0.34690389037132263
YMR273C,YDR364C,0,3.0712543,0.14975368976593018,0.5779467821121216,0.34700441360473633
YKL126W,YLL061W,0,3.0711942,0.1497168242931366,0.5779467821121216,0.34710493683815
YDL128W,YNL122C,0,3.071125,0.14967995882034302,0.5779467821121216,0.3472054600715637
YGR052W,YDR083W,0,3.070618,0.14964312314987183,0.5779467821121216,0.3473059833049774
YNR067C,YOR180C,0,3.0705671,0.14960630238056183,0.5779467821121216,0.3474065065383911
YDR064W,YJR082C,0,3.0705109,0.14956949651241302,0.5779467821121216,0.3475070297718048
YDR443C,YHR187W,1,3.070216,0.14977864921092987,0.5788973569869995,0.3475070297718048
YGR199W,YBR145W,0,3.0701241,0.14974182844161987,0.5788973569869995,0.3476075530052185
YNL172W,YKR056W,0,3.0697055,0.14970500767230988,0.5788973569869995,0.3477080762386322
YGR036C,YLR353W,0,3.0695155,0.14966821670532227,0.5788973569869995,0.3478085994720459
YKR006C,YDL045C,0,3.0694394,0.14963145554065704,0.5788973569869995,0.3479091227054596
YGR052W,YMR319C,0,3.0692835,0.14959469437599182,0.5788973569869995,0.3480096459388733
YMR218C,YKR057W,0,3.0688078,0.149557963013649,0.5788973569869995,0.348110169172287
YGR144W,YPL273W,0,3.0687122,0.14952123165130615,0.5788973569869995,0.3482106924057007
YDR144C,YJR010W,0,3.0685282,0.1494845300912857,0.5788973569869995,0.3483112156391144
YER098W,YOR287C,0,3.0685065,0.14944785833358765,0.5788973569869995,0.3484117388725281
YCL036W,YIL128W,0,3.0683951,0.1494111865758896,0.5788973569869995,0.3485122621059418
YMR145C,YNL092W,0,3.0683846,0.14937454462051392,0.5788973569869995,0.34861278533935547
YDL039C,YLR151C,0,3.0682912,0.14933791756629944,0.5788973569869995,0.34871330857276917
YAL060W,YDL047W,0,3.0679822,0.14930130541324615,0.5788973569869995,0.34881383180618286
YIR017C,YBR083W,1,3.0674896,0.14950980246067047,0.5798479318618774,0.34881383180618286
YFR029W,YIL076W,0,3.06736,0.149473175406456,0.5798479318618774,0.34891435503959656
YEL012W,YPR200C,0,3.0665014,0.14943654835224152,0.5798479318618774,0.34901487827301025
YLR440C,YML052W,0,3.0662756,0.14939995110034943,0.5798479318618774,0.34911540150642395
YGR285C,YGR222W,0,3.066064,0.14936336874961853,0.5798479318618774,0.34921592473983765
YGR104C,YCL066W,1,3.065663,0.14957159757614136,0.5807985067367554,0.34921592473983765
YGL209W,YDL246C,0,3.0655353,0.14953500032424927,0.5807985067367554,0.34931644797325134
YBL052C,YNL298W,0,3.0654805,0.14949840307235718,0.5807985067367554,0.34941697120666504
YDR383C,YNL335W,0,3.0649934,0.14946183562278748,0.5807985067367554,0.34951749444007874
YOR317W,YGL060W,0,3.0646577,0.14942528307437897,0.5807985067367554,0.34961801767349243
YNL261W,YJL166W,0,3.0646427,0.14938876032829285,0.5807985067367554,0.34971854090690613
YGR134W,YBR154C,1,3.0644665,0.1495966762304306,0.5817490220069885,0.34971854090690613
YGR156W,YOR224C,1,3.0644362,0.1498045027256012,0.5826995968818665,0.34971854090690613
YOR237W,YOL040C,0,3.0641384,0.1497678905725479,0.5826995968818665,0.3498190641403198
YDR449C,YLL055W,0,3.0640469,0.14973130822181702,0.5826995968818665,0.3499195873737335
YDL036C,YCL032W,0,3.0639315,0.1496947556734085,0.5826995968818665,0.3500201106071472
YFR013W,YHR060W,0,3.0638185,0.149658203125,0.5826995968818665,0.3501206338405609
YPL027W,YDR508C,0,3.0637884,0.14962168037891388,0.5826995968818665,0.3502211570739746
YMR005W,YPR034W,1,3.063695,0.1498291790485382,0.5836501717567444,0.3502211570739746
YDR527W,YHR168W,0,3.0635374,0.1497926265001297,0.5836501717567444,0.3503216803073883
YJL029C,YHR039C-A,0,3.0635111,0.14975610375404358,0.5836501717567444,0.350422203540802
YDL107W,YNL078W,0,3.0633907,0.14971958100795746,0.5836501717567444,0.3505227267742157
YGL236C,YOR313C,0,3.0633447,0.14968308806419373,0.5836501717567444,0.3506232500076294
YKR020W,YKR102W,0,3.0632653,0.14964659512043,0.5836501717567444,0.3507237732410431
YKL174C,YNL223W,0,3.0632305,0.14961013197898865,0.5836501717567444,0.3508242964744568
YPL083C,YNR015W,0,3.0630598,0.1495736837387085,0.5836501717567444,0.3509248197078705
YBR260C,YJL030W,0,3.0627916,0.14953726530075073,0.5836501717567444,0.3510253429412842
YLR425W,YCL052C,0,3.0627594,0.14950084686279297,0.5836501717567444,0.3511258661746979
YDR296W,YLR312W-A,0,3.0627046,0.1494644582271576,0.5836501717567444,0.3512263894081116
YBL076C,YDR392W,0,3.0625372,0.1494280844926834,0.5836501717567444,0.35132691264152527
YLR449W,YML091C,1,3.062458,0.14963503181934357,0.5846007466316223,0.35132691264152527
YBR271W,YKR068C,0,3.0624378,0.1495986431837082,0.5846007466316223,0.35142743587493896
YPL127C,YER138C,0,3.0624113,0.14956225454807281,0.5846007466316223,0.35152795910835266
YER028C,YER159C,1,3.0623116,0.14976902306079865,0.5855513215065002,0.35152795910835266
YPR052C,YOR315W,1,3.0621438,0.14997568726539612,0.5865018963813782,0.35152795910835266
YGR134W,YFR037C,1,3.0610554,0.15018226206302643,0.5874524712562561,0.35152795910835266
YCR081W,YNL278W,1,3.0609047,0.15038873255252838,0.588403046131134,0.35152795910835266
YMR089C,YMR301C,0,3.0608058,0.15035219490528107,0.588403046131134,0.35162848234176636
YDR030C,YJL117W,0,3.0605295,0.15031568706035614,0.588403046131134,0.35172900557518005
YER185W,YPL274W,0,3.0598547,0.1502791941165924,0.588403046131134,0.35182949900627136
YLR430W,YER045C,1,3.0596304,0.15048544108867645,0.589353621006012,0.35182949900627136
YIL076W,YBR061C,0,3.0595613,0.15044891834259033,0.589353621006012,0.35193002223968506
YOR251C,YMR296C,0,3.0595155,0.1504124253988266,0.589353621006012,0.35203054547309875
YBR230C,YDR138W,0,3.05936,0.15037593245506287,0.589353621006012,0.35213106870651245
YML097C,YIL140W,0,3.0592706,0.15033946931362152,0.589353621006012,0.35223159193992615
YOL057W,YNR004W,0,3.0589435,0.15030303597450256,0.589353621006012,0.35233211517333984
YBR125C,YOR311C,0,3.0587664,0.1502666026353836,0.589353621006012,0.35243263840675354
YNL139C,YOL054W,1,3.0586278,0.150472491979599,0.5903041958808899,0.35243263840675354
YBR150C,YKL203C,0,3.0584652,0.15043604373931885,0.5903041958808899,0.35253316164016724
YMR061W,YJL200C,0,3.058352,0.1503996104001999,0.5903041958808899,0.35263368487358093
YGR052W,YDR138W,0,3.058282,0.15036319196224213,0.5903041958808899,0.35273420810699463
YIL140W,YOR162C,0,3.0581229,0.15032680332660675,0.5903041958808899,0.3528347313404083
YGR199W,YMR137C,0,3.0580263,0.15029041469097137,0.5903041958808899,0.352935254573822
YIR011C,YOL124C,0,3.0578604,0.1502540558576584,0.5903041958808899,0.3530357778072357
YLR105C,YKL201C,0,3.0578494,0.1502177119255066,0.5903041958808899,0.3531363010406494
YGR238C,YIL094C,0,3.0573974,0.150181382894516,0.5903041958808899,0.3532368242740631
YNL304W,YBR129C,0,3.0573187,0.15014506876468658,0.5903041958808899,0.3533373475074768
YDR405W,YJL225C,0,3.0571933,0.15010876953601837,0.5903041958808899,0.3534378707408905
YKR008W,YMR239C,0,3.0571725,0.15007250010967255,0.5903041958808899,0.3535383939743042
YMR078C,YHR168W,0,3.0567021,0.15003624558448792,0.5903041958808899,0.3536389172077179
YGL162W,YIL080W,0,3.0565639,0.15000000596046448,0.5903041958808899,0.3537394404411316
YHR066W,YBR037C,0,3.0561707,0.14996378123760223,0.5903041958808899,0.3538399636745453
YHR005C-A,YOL107W,0,3.0558467,0.14992757141590118,0.5903041958808899,0.353940486907959
YBR177C,YPL112C,0,3.055696,0.14989137649536133,0.5903041958808899,0.3540410101413727
YDR512C,YPR043W,0,3.0555906,0.14985521137714386,0.5903041958808899,0.3541415333747864
YLR129W,YJR053W,0,3.0554852,0.14981906116008759,0.5903041958808899,0.3542420566082001
YLR197W,YCL057W,0,3.055057,0.1497829258441925,0.5903041958808899,0.35434257984161377
YDL198C,YMR145C,0,3.054819,0.14974680542945862,0.5903041958808899,0.35444310307502747
YOL112W,YLR165C,0,3.0547183,0.14971069991588593,0.5903041958808899,0.35454362630844116
YGL236C,YMR246W,0,3.0538538,0.14967462420463562,0.5903041958808899,0.35464414954185486
YDL059C,YDR195W,0,3.0537338,0.14963854849338531,0.5903041958808899,0.35474467277526855
YJR083C,YGL051W,0,3.0533998,0.1496025025844574,0.5903041958808899,0.35484519600868225
YMR169C,YKR055W,0,3.0533588,0.14956647157669067,0.5903041958808899,0.35494571924209595
YPL064C,YLR033W,0,3.0529861,0.14953045547008514,0.5903041958808899,0.35504624247550964
YDL055C,YPR138C,0,3.052144,0.149494469165802,0.5903041958808899,0.35514676570892334
YDR067C,YNL079C,0,3.0520823,0.14945848286151886,0.5903041958808899,0.35524728894233704
YHR002W,YGR095C,0,3.0520616,0.1494225263595581,0.5903041958808899,0.35534781217575073
YNL283C,YDL035C,0,3.0520496,0.14938656985759735,0.5903041958808899,0.35544833540916443
YJR138W,YDR494W,0,3.0520427,0.14935064315795898,0.5903041958808899,0.3555488586425781
YHR214C-B,YDR404C,0,3.0520272,0.149314746260643,0.5903041958808899,0.3556493818759918
YNR017W,YHR041C,0,3.0517921,0.14927884936332703,0.5903041958808899,0.3557499051094055
YBR223C,YLR329W,0,3.0517898,0.14924296736717224,0.5903041958808899,0.3558504283428192
YDR137W,YPL122C,0,3.0515509,0.14920711517333984,0.5903041958808899,0.3559509515762329
YGR255C,YGL233W,0,3.0513873,0.14917127788066864,0.5903041958808899,0.3560514748096466
YLR425W,YFR001W,0,3.0512178,0.14913544058799744,0.5903041958808899,0.3561519980430603
YHR041C,YNL238W,0,3.0510263,0.14909963309764862,0.5903041958808899,0.356252521276474
YOL070C,YEL062W,0,3.0509665,0.1490638554096222,0.5903041958808899,0.3563530445098877
YBR154C,YMR236W,1,3.0507212,0.14926806092262268,0.5912547707557678,0.3563530445098877
YOL136C,YEL029C,0,3.050581,0.14923223853111267,0.5912547707557678,0.3564535677433014
YMR301C,YJR133W,0,3.050273,0.14919644594192505,0.5912547707557678,0.3565540909767151
YJL103C,YOR204W,0,3.0497231,0.14916066825389862,0.5912547707557678,0.3566546142101288
YDR254W,YNL032W,0,3.0494008,0.1491249054670334,0.5912547707557678,0.3567551374435425
YFR013W,YGR145W,0,3.048955,0.14908917248249054,0.5912547707557678,0.3568556606769562
YLR386W,YGL051W,0,3.0488586,0.1490534394979477,0.5912547707557678,0.3569561839103699
YJR057W,YDL148C,0,3.0485258,0.14901772141456604,0.5912547707557678,0.35705670714378357
YOR126C,YKL117W,0,3.0484104,0.14898203313350677,0.5912547707557678,0.35715723037719727
YDR173C,YPL086C,1,3.0480027,0.14918582141399384,0.5922053456306458,0.35715723037719727
YBR240C,YOL006C,1,3.047806,0.14938952028751373,0.5931559205055237,0.35715723037719727
YOR301W,YKR056W,0,3.0476713,0.1493537575006485,0.5931559205055237,0.35725775361061096
YGL083W,YFL033C,0,3.0474854,0.14931802451610565,0.5931559205055237,0.35735827684402466
YLR029C,YOR204W,0,3.0474172,0.1492822915315628,0.5931559205055237,0.35745880007743835
YLR033W,YML132W,0,3.0472014,0.14924658834934235,0.5931559205055237,0.35755929350852966
YKR008W,YGR095C,0,3.047122,0.14921090006828308,0.5931559205055237,0.35765981674194336
YDL015C,YLR348C,0,3.0467913,0.149175226688385,0.5931559205055237,0.35776033997535706
YKL161C,YPL112C,0,3.0467427,0.14913958311080933,0.5931559205055237,0.35786086320877075
YGR258C,YMR039C,1,3.046478,0.14934289455413818,0.5941064357757568,0.35786086320877075
YCL074W,YML056C,0,3.046468,0.1493072211742401,0.5941064357757568,0.35796138644218445
YKL217W,YGL200C,0,3.0462859,0.14927154779434204,0.5941064357757568,0.35806190967559814
YOR084W,YIL139C,0,3.0461469,0.14923591911792755,0.5941064357757568,0.35816243290901184
YPL230W,YIL143C,1,3.0461125,0.1494390070438385,0.5950570106506348,0.35816243290901184
YLR206W,YOL124C,0,3.0460577,0.14940334856510162,0.5950570106506348,0.35826295614242554
YDR378C,YOR074C,0,3.0459528,0.14936769008636475,0.5950570106506348,0.35836347937583923
YNL274C,YGL216W,0,3.0458207,0.14933206140995026,0.5950570106506348,0.35846400260925293
YMR089C,YGL051W,0,3.045127,0.14929644763469696,0.5950570106506348,0.3585645258426666
YJR004C,YOR126C,0,3.0447264,0.14926084876060486,0.5950570106506348,0.3586650490760803
YMR005W,YEL036C,0,3.0442588,0.14922526478767395,0.5950570106506348,0.358765572309494
YMR295C,YLR042C,0,3.043874,0.14918971061706543,0.5950570106506348,0.3588660955429077
YDR254W,YDL128W,0,3.0437107,0.1491541564464569,0.5950570106506348,0.3589666187763214
YDR419W,YBR238C,0,3.043652,0.14911863207817078,0.5950570106506348,0.3590671420097351
YMR272C,YOR349W,0,3.0435638,0.14908310770988464,0.5950570106506348,0.3591676652431488
YOR168W,YNL050C,0,3.0434785,0.1490476131439209,0.5950570106506348,0.3592681884765625
YLR430W,YML027W,1,3.043439,0.14925017952919006,0.5960075855255127,0.3592681884765625
YMR046C,YGR118W,0,3.0432863,0.14921465516090393,0.5960075855255127,0.3593687117099762
YOR194C,YNR013C,0,3.042771,0.14917916059494019,0.5960075855255127,0.3594692349433899
YJL071W,YHR039C-A,0,3.0418801,0.14914366602897644,0.5960075855255127,0.3595697581768036
YLR321C,YDR527W,1,3.0408263,0.1493460237979889,0.5969581604003906,0.3595697581768036
YPR008W,YDL084W,1,3.040793,0.1495482623577118,0.5979087352752686,0.3595697581768036
YNL160W,YER104W,0,3.0406592,0.14951272308826447,0.5979087352752686,0.3596702814102173
YNL073W,YGR134W,0,3.040579,0.14947718381881714,0.5979087352752686,0.359770804643631
YNL139C,YOL028C,1,3.0404155,0.1496792584657669,0.5988593101501465,0.359770804643631
YOR106W,YFR019W,0,3.0402303,0.1496437042951584,0.5988593101501465,0.3598713278770447
YPL213W,YGR155W,0,3.04019,0.14960816502571106,0.5988593101501465,0.3599718511104584
YBR294W,YOR285W,0,3.040019,0.14957265555858612,0.5988593101501465,0.36007237434387207
YOR145C,YLR278C,0,3.0399222,0.14953714609146118,0.5988593101501465,0.36017289757728577
YOR159C,YBR155W,0,3.0395699,0.14950166642665863,0.5988593101501465,0.36027342081069946
YIL094C,YDR494W,0,3.0394368,0.14946618676185608,0.5988593101501465,0.36037394404411316
YNL026W,YGL220W,0,3.0392702,0.14943073689937592,0.5988593101501465,0.36047446727752686
YLR395C,YOR243C,0,3.0391645,0.14939530193805695,0.5988593101501465,0.36057499051094055
YML051W,YNL052W,0,3.039098,0.14935988187789917,0.5988593101501465,0.36067551374435425
YFR021W,YOL052C,0,3.039085,0.14932449162006378,0.5988593101501465,0.36077603697776794
YMR008C,YNL302C,0,3.0389783,0.1492891013622284,0.5988593101501465,0.36087656021118164
YBR172C,YKL015W,0,3.0387812,0.1492537260055542,0.5988593101501465,0.36097708344459534
YLR314C,YMR025W,0,3.0386555,0.1492183804512024,0.5988593101501465,0.36107760667800903
YPL259C,YGL220W,0,3.0386357,0.14918304979801178,0.5988593101501465,0.36117812991142273
YBR243C,YNL182C,0,3.0385284,0.14914773404598236,0.5988593101501465,0.3612786531448364
YGR264C,YOR187W,0,3.0384583,0.14911243319511414,0.5988593101501465,0.3613791763782501
YHR074W,YIL094C,0,3.038332,0.1490771472454071,0.5988593101501465,0.3614796996116638
YHL034C,YJL128C,0,3.0381973,0.14904187619686127,0.5988593101501465,0.3615802228450775
YJR028W,YMR114C,0,3.0379524,0.14900662004947662,0.5988593101501465,0.3616807460784912
YDR218C,YJL213W,0,3.0378098,0.14897139370441437,0.5988593101501465,0.3617812693119049
YIL142W,YOR251C,0,3.0377574,0.1489361673593521,0.5988593101501465,0.3618817925453186
YPR002W,YMR246W,0,3.0372705,0.14890097081661224,0.5988593101501465,0.3619823157787323
YJR031C,YJR140C,0,3.0371482,0.14886578917503357,0.5988593101501465,0.362082839012146
YER171W,YKR068C,0,3.036878,0.1488306224346161,0.5988593101501465,0.3621833622455597
YBL058W,YHR164C,0,3.036265,0.1487954705953598,0.5988593101501465,0.3622838854789734
YKR002W,YOL107W,0,3.036238,0.1487603336572647,0.5988593101501465,0.3623844087123871
YPL007C,YPR138C,0,3.036207,0.1487252116203308,0.5988593101501465,0.3624849319458008
YBR050C,YGR005C,1,3.0353403,0.14892612397670746,0.5998098850250244,0.3624849319458008
YPR135W,YJR031C,0,3.0345755,0.14889098703861237,0.5998098850250244,0.3625854551792145
YPL007C,YOR349W,0,3.0345252,0.14885586500167847,0.5998098850250244,0.3626859784126282
YCR057C,YLL012W,0,3.0343757,0.14882075786590576,0.5998098850250244,0.36278650164604187
YEL022W,YOR261C,0,3.034147,0.14878566563129425,0.5998098850250244,0.36288702487945557
YBR020W,YOR251C,0,3.034066,0.14875058829784393,0.5998098850250244,0.36298754811286926
YPR190C,YGR246C,0,3.0337768,0.1487155258655548,0.5998098850250244,0.36308807134628296
YBR177C,YPR138C,0,3.0335002,0.14868049323558807,0.5998098850250244,0.36318859457969666
YOR147W,YMR267W,0,3.033359,0.14864546060562134,0.5998098850250244,0.36328911781311035
YPR144C,YNL078W,0,3.0333588,0.148610457777977,0.5998098850250244,0.36338961124420166
YML109W,YMR229C,0,3.0332289,0.14857546985149384,0.5998098850250244,0.36349013447761536
YGL103W,YAL039C,0,3.0331125,0.14854049682617188,0.5998098850250244,0.36359065771102905
YDR196C,YLR329W,0,3.0327516,0.14850552380084991,0.5998098850250244,0.36369118094444275
YKL117W,YGL241W,0,3.032746,0.14847059547901154,0.5998098850250244,0.36379170417785645
YLR386W,YJR031C,0,3.0326743,0.14843566715717316,0.5998098850250244,0.36389222741127014
YDR076W,YLR390W,0,3.0324826,0.14840075373649597,0.5998098850250244,0.36399275064468384
YNL274C,YKL001C,0,3.031735,0.14836585521697998,0.5998098850250244,0.36409327387809753
YMR039C,YHR174W,0,3.0317287,0.14833098649978638,0.5998098850250244,0.36419379711151123
YOR283W,YJR103W,0,3.031604,0.14829611778259277,0.5998098850250244,0.3642943203449249
YOR145C,YLR404W,0,3.0314043,0.14826127886772156,0.5998098850250244,0.3643948435783386
YJR026W,YFL001W,0,3.031303,0.14822645485401154,0.5998098850250244,0.3644953668117523
YPL150W,YDR207C,0,3.0310886,0.1481916457414627,0.5998098850250244,0.364595890045166
YBR067C,YBR257W,0,3.0310163,0.14815685153007507,0.5998098850250244,0.3646964132785797
YBR150C,YPL180W,0,3.030696,0.14812207221984863,0.5998098850250244,0.3647969365119934
YLR033W,YGR122W,1,3.03068,0.1483219861984253,0.6007604598999023,0.3647969365119934
YBR287W,YPL098C,0,3.0305681,0.14828719198703766,0.6007604598999023,0.3648974597454071
YAL022C,YPR111W,0,3.0294013,0.14825239777565002,0.6007604598999023,0.3649979829788208
YOR212W,YKL022C,0,3.0293264,0.14821763336658478,0.6007604598999023,0.3650985062122345
YDR405W,YJL192C,0,3.0293252,0.14818288385868073,0.6007604598999023,0.3651990294456482
YJL172W,YDR170C,0,3.029233,0.14814814925193787,0.6007604598999023,0.3652995526790619
YKL217W,YLL012W,0,3.0289698,0.1481134295463562,0.6007604598999023,0.3654000759124756
YNL127W,YOR377W,0,3.0288,0.14807872474193573,0.6007604598999023,0.3655005991458893
YJL187C,YPL098C,0,3.0286398,0.14804403483867645,0.6007604598999023,0.365601122379303
YHR047C,YLR389C,0,3.028585,0.14800937473773956,0.6007604598999023,0.3657016456127167
YPL082C,YER074W,0,3.0282514,0.14797471463680267,0.6007604598999023,0.36580216884613037
YNL008C,YBR120C,0,3.0281615,0.14794006943702698,0.6007604598999023,0.36590269207954407
YNR004W,YPR127W,0,3.0280428,0.14790545403957367,0.6007604598999023,0.36600321531295776
YNR010W,YMR213W,0,3.027964,0.14787085354328156,0.6007604598999023,0.36610373854637146
YGL026C,YIL046W,0,3.0275538,0.14783625304698944,0.6007604598999023,0.36620426177978516
YOL141W,YLR164W,0,3.027536,0.14780168235301971,0.6007604598999023,0.36630478501319885
YLL029W,YGL241W,0,3.0274289,0.14776712656021118,0.6007604598999023,0.36640530824661255
YDR174W,YMR087W,0,3.0271728,0.14773258566856384,0.6007604598999023,0.36650583148002625
YPR137W,YFL054C,0,3.0270786,0.1476980596780777,0.6007604598999023,0.36660635471343994
YOR216C,YBL079W,0,3.0268533,0.14766354858875275,0.6007604598999023,0.36670687794685364
YOR179C,YDR028C,1,3.0267434,0.14786264300346375,0.6017110347747803,0.36670687794685364
YGR052W,YER117W,0,3.0266862,0.1478281170129776,0.6017110347747803,0.36680740118026733
YNL271C,YNR015W,0,3.026659,0.14779360592365265,0.6017110347747803,0.36690792441368103
YNL127W,YOL066C,0,3.0266237,0.1477591097354889,0.6017110347747803,0.3670084476470947
YLR208W,YKR002W,0,3.026379,0.14772461354732513,0.6017110347747803,0.3671089708805084
YFR029W,YDR508C,0,3.0262215,0.14769014716148376,0.6017110347747803,0.3672094941139221
YMR097C,YGL190C,0,3.0260205,0.14765571057796478,0.6017110347747803,0.3673100173473358
YFL057C,YJR083C,0,3.0255585,0.1476212739944458,0.6017110347747803,0.3674105405807495
YDR081C,YHL027W,1,3.0252178,0.14782001078128815,0.6026616096496582,0.3674105405807495
YGL115W,YCR065W,1,3.0249393,0.14801864326000214,0.6036121845245361,0.3674105405807495
YGL158W,YDR470C,0,3.0248203,0.14798414707183838,0.6036121845245361,0.3675110638141632
YOL165C,YJL085W,0,3.0243301,0.147949680685997,0.6036121845245361,0.3676115870475769
YIL143C,YHR156C,0,3.024105,0.14791521430015564,0.6036121845245361,0.3677121102809906
YJL124C,YLR026C,0,3.0237036,0.14788076281547546,0.6036121845245361,0.3678126335144043
YPR006C,YOR085W,0,3.02349,0.14784632623195648,0.6036121845245361,0.367913156747818
YGR116W,YIL128W,1,3.023343,0.14804469048976898,0.6045627593994141,0.367913156747818
YBL058W,YGL163C,0,3.0233107,0.1480102390050888,0.6045627593994141,0.3680136799812317
YMR300C,YKL022C,0,3.023138,0.14797580242156982,0.6045627593994141,0.3681142032146454
YDR026C,YOR292C,0,3.0227795,0.14794138073921204,0.6045627593994141,0.3682147264480591
YOR292C,YMR143W,0,3.0227504,0.14790697395801544,0.6045627593994141,0.3683152496814728
YHR074W,YOR226C,0,3.0224104,0.14787258207798004,0.6045627593994141,0.3684157729148865
YJL117W,YDR497C,0,3.0219119,0.14783822000026703,0.6045627593994141,0.36851629614830017
YER125W,YAR027W,0,3.0213113,0.14780385792255402,0.6045627593994141,0.36861681938171387
YIL108W,YLR043C,0,3.020504,0.1477695107460022,0.6045627593994141,0.36871734261512756
YGR175C,YBR061C,0,3.0205007,0.14773519337177277,0.6045627593994141,0.36881786584854126
YKL144C,YMR267W,0,3.0204756,0.14770087599754333,0.6045627593994141,0.36891838908195496
YDR449C,YLR026C,0,3.0202405,0.1476665884256363,0.6045627593994141,0.36901891231536865
YNL282W,YJR101W,0,3.0202193,0.14763231575489044,0.6045627593994141,0.36911943554878235
YLR191W,YDR034C,0,3.0201154,0.1475980579853058,0.6045627593994141,0.36921992897987366
YLR449W,YOR194C,1,3.0196207,0.14779582619667053,0.605513334274292,0.36921992897987366
YOL107W,YJL176C,0,3.0195131,0.1477615386247635,0.605513334274292,0.36932045221328735
YER103W,YER125W,0,3.0194225,0.14772726595401764,0.605513334274292,0.36942097544670105
YJL172W,YAL038W,0,3.0190377,0.14769302308559418,0.605513334274292,0.36952149868011475
YMR218C,YLR251W,0,3.0186052,0.14765878021717072,0.605513334274292,0.36962202191352844
YGR238C,YDL128W,0,3.0185404,0.14762456715106964,0.605513334274292,0.36972254514694214
YIL094C,YDR364C,0,3.0183268,0.14759035408496857,0.605513334274292,0.36982306838035583
YIL128W,YKR056W,0,3.0179753,0.14755617082118988,0.605513334274292,0.36992359161376953
YBR095C,YLR268W,0,3.01693,0.1475220024585724,0.605513334274292,0.3700241148471832
YKL189W,YIR005W,0,3.016871,0.1474878489971161,0.605513334274292,0.3701246380805969
YLL034C,YNL163C,0,3.0164568,0.14745371043682098,0.605513334274292,0.3702251613140106
YBR037C,YDR218C,0,3.0162606,0.14741957187652588,0.605513334274292,0.3703256845474243
YOR243C,YPL098C,0,3.0160122,0.14738546311855316,0.605513334274292,0.370426207780838
YDL077C,YKL003C,0,3.0159614,0.14735136926174164,0.605513334274292,0.3705267310142517
YDR083W,YNR028W,0,3.015874,0.1473173052072525,0.605513334274292,0.3706272542476654
YMR168C,YLR191W,0,3.0158677,0.14728324115276337,0.605513334274292,0.3707277774810791
YER154W,YIR039C,0,3.0154595,0.14724919199943542,0.605513334274292,0.3708283007144928
YDR512C,YEL036C,0,3.0149105,0.14721515774726868,0.605513334274292,0.3709288239479065
YHR061C,YCR057C,0,3.0148606,0.14718115329742432,0.605513334274292,0.3710293471813202
YML051W,YEL056W,0,3.0148478,0.14714714884757996,0.605513334274292,0.3711298704147339
YDR512C,YLR359W,0,3.0147517,0.1471131592988968,0.605513334274292,0.3712303936481476
YJL225C,YKL015W,0,3.0147405,0.147079199552536,0.605513334274292,0.3713309168815613
YOR140W,YGL073W,1,3.0145893,0.14727608859539032,0.6064638495445251,0.3713309168815613
YJR138W,YKL168C,0,3.0144033,0.14724209904670715,0.6064638495445251,0.371431440114975
YMR319C,YDR497C,0,3.0143232,0.14720812439918518,0.6064638495445251,0.37153196334838867
YGL083W,YDR174W,0,3.0134628,0.1471741646528244,0.6064638495445251,0.37163248658180237
YOR174W,YAL056W,1,3.0132055,0.147370845079422,0.6074144244194031,0.37163248658180237
YPL064C,YGR281W,0,3.012976,0.14733687043190002,0.6074144244194031,0.37173300981521606
YFL066C,YNL259C,0,3.01292,0.14730291068553925,0.6074144244194031,0.37183353304862976
YNL073W,YPR127W,0,3.0126688,0.14726895093917847,0.6074144244194031,0.37193405628204346
YNR044W,YCR026C,0,3.0125062,0.14723502099514008,0.6074144244194031,0.37203457951545715
YOL066C,YMR240C,0,3.012217,0.14720110595226288,0.6074144244194031,0.37213510274887085
YKR008W,YOR317W,0,3.011989,0.14716720581054688,0.6074144244194031,0.37223562598228455
YAL013W,YKL018W,1,3.0118704,0.1473635733127594,0.608364999294281,0.37223562598228455
YKL210W,YGR229C,0,3.011514,0.147329643368721,0.608364999294281,0.37233614921569824
YDL107W,YHR079C,0,3.011364,0.147295743227005,0.608364999294281,0.37243667244911194
YMR295C,YNL182C,0,3.0112514,0.147261843085289,0.608364999294281,0.37253719568252563
YOR209C,YHR008C,0,3.0106654,0.14722797274589539,0.608364999294281,0.37263771891593933
YOR106W,YPR163C,0,3.0101495,0.14719411730766296,0.608364999294281,0.372738242149353
YOR168W,YLR429W,0,3.0100935,0.14716026186943054,0.608364999294281,0.3728387653827667
YMR038C,YNL138W,0,3.0099306,0.1471264362335205,0.608364999294281,0.3729392886161804
YIR011C,YKL180W,0,3.0096738,0.14709262549877167,0.608364999294281,0.3730398118495941
YIL061C,YDR444W,0,3.0096564,0.14705882966518402,0.608364999294281,0.3731403350830078
YNL231C,YDR337W,0,3.009487,0.14702503383159637,0.608364999294281,0.3732408583164215
YHR041C,YMR179W,1,3.0094557,0.1472209393978119,0.6093155741691589,0.3732408583164215
YDR332W,YMR075W,0,3.0091076,0.14718714356422424,0.6093155741691589,0.3733413815498352
YMR114C,YKR006C,0,3.0082762,0.1471533477306366,0.6093155741691589,0.3734419047832489
YPR072W,YLR160C,0,3.0082726,0.14711958169937134,0.6093155741691589,0.3735424280166626
YPR167C,YFL054C,0,3.0082254,0.14708581566810608,0.6093155741691589,0.3736429512500763
YLR321C,YCL004W,0,3.0073173,0.1470520794391632,0.6093155741691589,0.37374347448349
YPR091C,YNL262W,0,3.0071769,0.14701834321022034,0.6093155741691589,0.3738439977169037
YGR116W,YKL110C,1,3.006597,0.14721393585205078,0.6102661490440369,0.3738439977169037
YMR272C,YDR337W,0,3.0065656,0.1471801996231079,0.6102661490440369,0.3739445209503174
YDL121C,YOL104C,0,3.0064301,0.14714646339416504,0.6102661490440369,0.3740450441837311
YOL102C,YNL282W,0,3.0060573,0.14711274206638336,0.6102661490440369,0.3741455674171448
YHR109W,YGL060W,0,3.00591,0.14707903563976288,0.6102661490440369,0.37424609065055847
YBR129C,YLR050C,0,3.005838,0.1470453441143036,0.6102661490440369,0.37434661388397217
YOR232W,YDL077C,0,3.0056996,0.1470116823911667,0.6102661490440369,0.37444713711738586
YLR026C,YJL176C,0,3.0054727,0.14697802066802979,0.6102661490440369,0.37454766035079956
YDR369C,YJR140C,0,3.0054686,0.14694437384605408,0.6102661490440369,0.37464818358421326
YFR013W,YMR179W,0,3.005251,0.14691075682640076,0.6102661490440369,0.37474870681762695
YGR180C,YOR313C,0,3.0047808,0.14687713980674744,0.6102661490440369,0.37484923005104065
YGR104C,YJR140C,1,3.0046663,0.14707228541374207,0.6112167239189148,0.37484923005104065
YGR113W,YMR295C,0,3.0043492,0.14703865349292755,0.6112167239189148,0.37494975328445435
YLR289W,YDL077C,0,3.003926,0.14700503647327423,0.6112167239189148,0.37505024671554565
YJR053W,YIL035C,0,3.0038667,0.1469714343547821,0.6112167239189148,0.37515076994895935
YOL026C,YAL029C,0,3.00335,0.14693784713745117,0.6112167239189148,0.37525129318237305
YDR518W,YMR008C,0,3.0031414,0.14690427482128143,0.6112167239189148,0.37535181641578674
YJL004C,YOR180C,0,3.003131,0.1468707174062729,0.6112167239189148,0.37545233964920044
YJL112W,YAR035W,0,3.0030015,0.14683717489242554,0.6112167239189148,0.37555286288261414
YLR029C,YLL040C,0,3.0025456,0.14680364727973938,0.6112167239189148,0.37565338611602783
YDR383C,YER137C,0,3.002441,0.1467701494693756,0.6112167239189148,0.37575390934944153
YPR168W,YGR005C,1,3.0023203,0.14696486294269562,0.6121672987937927,0.37575390934944153
YJR083C,YPR030W,0,3.0022643,0.14693132042884827,0.6121672987937927,0.3758544325828552
YLR452C,YIL083C,0,3.0019977,0.1468978077173233,0.6121672987937927,0.3759549558162689
YDR079W,YPL127C,0,3.0018163,0.14686430990695953,0.6121672987937927,0.3760554790496826
YGR010W,YPL139C,0,3.001755,0.14683082699775696,0.6121672987937927,0.3761560022830963
YFR031C,YML006C,0,3.0016448,0.14679735898971558,0.6121672987937927,0.37625652551651
YKL032C,YLR033W,1,3.0012531,0.1469917893409729,0.6131178736686707,0.37625652551651
YHR005C-A,YNL138W,0,3.0008395,0.14695830643177032,0.6131178736686707,0.3763570487499237
YOL071W,YLR115W,1,3.000812,0.1471526175737381,0.6140684485435486,0.3763570487499237
YGR085C,YCL004W,0,3.0006661,0.14711910486221313,0.6140684485435486,0.3764575719833374
YKR055W,YGR216C,0,3.0006547,0.14708560705184937,0.6140684485435486,0.3765580952167511
YBR120C,YOR219C,0,3.0006175,0.1470521241426468,0.6140684485435486,0.3766586184501648
YJL155C,YDL083C,0,3.0002847,0.1470186561346054,0.6140684485435486,0.3767591416835785
YML069W,YKL185W,1,3.0002637,0.14721274375915527,0.6150190234184265,0.3767591416835785
YLL034C,YKL096W-A,0,2.9999976,0.1471792608499527,0.6150190234184265,0.3768596649169922
YHR029C,YOL124C,0,2.999671,0.14714577794075012,0.6150190234184265,0.3769601881504059
YFL033C,YOL136C,0,2.9996035,0.14711232483386993,0.6150190234184265,0.3770607113838196
YIL094C,YDL128W,0,2.999526,0.14707888662815094,0.6150190234184265,0.3771612346172333
YBR223C,YPL082C,0,2.9992626,0.14704544842243195,0.6150190234184265,0.377261757850647
YBR275C,YLR160C,0,2.9992375,0.14701204001903534,0.6150190234184265,0.37736228108406067
YIL095W,YNR010W,0,2.9991488,0.14697864651679993,0.6150190234184265,0.37746280431747437
YKR008W,YPR200C,0,2.9989917,0.1469452679157257,0.6150190234184265,0.37756332755088806
YPL042C,YEL022W,0,2.9989877,0.14691190421581268,0.6150190234184265,0.37766385078430176
YOL112W,YBR170C,0,2.9984004,0.14687854051589966,0.6150190234184265,0.37776437401771545
YDR451C,YKL175W,0,2.998203,0.14684520661830902,0.6150190234184265,0.37786489725112915
YPR001W,YMR270C,0,2.9981818,0.14681188762187958,0.6150190234184265,0.37796542048454285
YOR084W,YJL155C,0,2.997911,0.14677858352661133,0.6150190234184265,0.37806594371795654
YKL190W,YPL122C,0,2.9974413,0.14674529433250427,0.6150190234184265,0.37816646695137024
YGR056W,YGL209W,1,2.9973137,0.1469387710094452,0.6159695982933044,0.37816646695137024
YPR006C,YMR267W,0,2.9966836,0.14690546691417694,0.6159695982933044,0.37826699018478394
YPL082C,YMR193W,0,2.996583,0.1468721628189087,0.6159695982933044,0.37836751341819763
YER125W,YDR373W,0,2.9965582,0.14683888852596283,0.6159695982933044,0.37846803665161133
YMR176W,YOL101C,0,2.996119,0.14680561423301697,0.6159695982933044,0.378568559885025
YGR077C,YDR369C,0,2.9957907,0.1467723697423935,0.6159695982933044,0.3786690831184387
YLL051C,YNL258C,0,2.995442,0.14673912525177002,0.6159695982933044,0.3787696063518524
YKL126W,YOL104C,0,2.9952307,0.14670591056346893,0.6159695982933044,0.3788701295852661
YHR005C-A,YJL213W,0,2.9951878,0.14667269587516785,0.6159695982933044,0.3789706528186798
YKL119C,YJR031C,0,2.995101,0.14663951098918915,0.6159695982933044,0.3790711760520935
YOR140W,YPR072W,1,2.9950984,0.14683258533477783,0.6169201731681824,0.3790711760520935
YOR106W,YBR287W,0,2.9950194,0.14679937064647675,0.6169201731681824,0.3791716992855072
YNL262W,YLR151C,0,2.9950137,0.14676617085933685,0.6169201731681824,0.3792722225189209
YMR020W,YER115C,0,2.994895,0.14673298597335815,0.6169201731681824,0.3793727457523346
YOR393W,YLR325C,0,2.9940553,0.14669981598854065,0.6169201731681824,0.3794732689857483
YOR168W,YNL259C,0,2.9940195,0.14666666090488434,0.6169201731681824,0.379573792219162
YNL127W,YDR454C,0,2.9938903,0.14663353562355042,0.6169201731681824,0.3796743154525757
YHR119W,YDL083C,0,2.993795,0.1466004103422165,0.6169201731681824,0.3797748386859894
YOL108C,YDR262W,0,2.993454,0.14656729996204376,0.6169201731681824,0.3798753619194031
YBR129C,YCR026C,0,2.9934363,0.14653420448303223,0.6169201731681824,0.3799758851528168
YOL155C,YLL043W,0,2.9933581,0.14650112390518188,0.6169201731681824,0.38007640838623047
YGR105W,YDR109C,0,2.9930415,0.14646807312965393,0.6169201731681824,0.38017693161964417
YDR530C,YLR394W,0,2.9930189,0.14643502235412598,0.6169201731681824,0.38027745485305786
YER049W,YNL032W,0,2.9927416,0.14640198647975922,0.6169201731681824,0.38037797808647156
YNL236W,YNR010W,1,2.992498,0.14659449458122253,0.6178707480430603,0.38037797808647156
YKR008W,YPL110C,0,2.9923983,0.14656144380569458,0.6178707480430603,0.38047850131988525
YDR419W,YLR251W,0,2.9923882,0.14652840793132782,0.6178707480430603,0.38057902455329895
YAR002C-A,YGL190C,0,2.9918747,0.14649538695812225,0.6178707480430603,0.38067954778671265
YNL050C,YFR019W,0,2.9917836,0.1464623659849167,0.6178707480430603,0.38078007102012634
YMR276W,YHR058C,0,2.9917364,0.1464293748140335,0.6178707480430603,0.38088056445121765
YNL160W,YNL258C,0,2.9913461,0.14639639854431152,0.6178707480430603,0.38098108768463135
YDR079W,YDR034C,0,2.9913201,0.14636343717575073,0.6178707480430603,0.38108161091804504
YHR066W,YNL052W,0,2.9910746,0.14633047580718994,0.6178707480430603,0.38118213415145874
YJR040W,YIL042C,0,2.9910703,0.14629754424095154,0.6178707480430603,0.38128265738487244
YBR096W,YPL027W,0,2.9910226,0.14626462757587433,0.6178707480430603,0.38138318061828613
YDL107W,YDR470C,0,2.990813,0.1462317258119583,0.6178707480430603,0.38148370385169983
YAL060W,YOR382W,0,2.990714,0.1461988240480423,0.6178707480430603,0.3815842270851135
YGR171C,YHL034C,0,2.9902673,0.14616595208644867,0.6178707480430603,0.3816847503185272
YOR224C,YML113W,1,2.9902132,0.14635790884494781,0.6188212633132935,0.3816847503185272
YEL037C,YLR285W,0,2.9901414,0.146325021982193,0.6188212633132935,0.3817852735519409
YDL111C,YAL016W,0,2.990026,0.14629213511943817,0.6188212633132935,0.3818857967853546
YNL095C,YOR089C,0,2.9899964,0.14625926315784454,0.6188212633132935,0.3819863200187683
YER022W,YMR200W,0,2.9895854,0.1462264209985733,0.6188212633132935,0.382086843252182
YPR182W,YLR047C,0,2.988719,0.14619357883930206,0.6188212633132935,0.3821873664855957
YLR291C,YKL166C,0,2.988482,0.14616075158119202,0.6188212633132935,0.3822878897190094
YJL071W,YMR210W,0,2.9884691,0.14612793922424316,0.6188212633132935,0.3823884129524231
YER103W,YHR051W,0,2.9883504,0.1460951566696167,0.6188212633132935,0.3824889361858368
YLR176C,YIL143C,1,2.9883125,0.146286740899086,0.6197718381881714,0.3824889361858368
YDL246C,YNL192W,0,2.9882927,0.14625392854213715,0.6197718381881714,0.3825894594192505
YJR127C,YOR393W,0,2.9882169,0.1462211310863495,0.6197718381881714,0.3826899826526642
YHR074W,YEL036C,0,2.9879827,0.14618833363056183,0.6197718381881714,0.3827905058860779
YKL130C,YOR123C,0,2.9874058,0.14615556597709656,0.6197718381881714,0.3828910291194916
YDR310C,YLR209C,0,2.987198,0.14612281322479248,0.6197718381881714,0.3829915523529053
YLR305C,YJL213W,0,2.9865627,0.1460900753736496,0.6197718381881714,0.38309207558631897
YLR197W,YBR072W,0,2.9862106,0.1460573524236679,0.6197718381881714,0.38319259881973267
YOL070C,YLL017W,0,2.9854362,0.14602462947368622,0.6197718381881714,0.38329312205314636
YIL080W,YDL208W,0,2.985238,0.14599193632602692,0.6197718381881714,0.38339364528656006
YGR264C,YJL006C,0,2.9848785,0.1459592580795288,0.6197718381881714,0.38349416851997375
YBR282W,YHR135C,0,2.9845643,0.1459265947341919,0.6197718381881714,0.38359469175338745
YIL143C,YOR324C,0,2.9844127,0.14589393138885498,0.6197718381881714,0.38369521498680115
YNL044W,YIR038C,0,2.9841962,0.14586129784584045,0.6197718381881714,0.38379573822021484
YEL037C,YJR036C,0,2.983979,0.14582867920398712,0.6197718381881714,0.38389626145362854
YIL177C,YLR330W,0,2.9838047,0.1457960605621338,0.6197718381881714,0.38399678468704224
YAR035W,YDR472W,0,2.9833493,0.14576347172260284,0.6197718381881714,0.38409730792045593
YKL110C,YJL140W,1,2.9832354,0.14595440030097961,0.6207224130630493,0.38409730792045593
YDR159W,YFL054C,0,2.9831026,0.14592178165912628,0.6207224130630493,0.38419783115386963
YNL079C,YLR113W,0,2.9825816,0.14588919281959534,0.6207224130630493,0.3842983543872833
YML028W,YPR159W,0,2.9824247,0.1458566039800644,0.6207224130630493,0.384398877620697
YNL122C,YGR070W,0,2.982365,0.14582403004169464,0.6207224130630493,0.3844994008541107
YMR039C,YJL172W,0,2.9820814,0.14579147100448608,0.6207224130630493,0.3845999240875244
YHR041C,YGR072W,0,2.9819083,0.14575892686843872,0.6207224130630493,0.3847004473209381
YHR039C-A,YBR257W,0,2.9815972,0.14572639763355255,0.6207224130630493,0.3848009705543518
YDL021W,YLR042C,0,2.9814596,0.14569388329982758,0.6207224130630493,0.3849014937877655
YEL052W,YMR272C,0,2.98138,0.1456613838672638,0.6207224130630493,0.3850020170211792
YPR191W,YMR193W,0,2.9810016,0.1456288993358612,0.6207224130630493,0.3851025402545929
YAL060W,YOL052C,0,2.9808826,0.1455964297056198,0.6207224130630493,0.3852030634880066
YER133W,YDR176W,1,2.9807844,0.14578689634799957,0.6216729879379272,0.3852030634880066
YLL003W,YGR271W,0,2.9807458,0.1457543969154358,0.6216729879379272,0.3853035867214203
YJR021C,YMR008C,0,2.9805365,0.1457219272851944,0.6216729879379272,0.385404109954834
YCL018W,YIR018W,0,2.9799547,0.145689457654953,0.6216729879379272,0.3855046331882477
YBL076C,YNL138W,0,2.979906,0.145657017827034,0.6216729879379272,0.3856051564216614
YER068W,YPR065W,1,2.979845,0.14584724605083466,0.6226235628128052,0.3856051564216614
YKL182W,YOR219C,0,2.979821,0.14581477642059326,0.6226235628128052,0.3857056796550751
YHR056C,YMR089C,0,2.9792175,0.14578232169151306,0.6226235628128052,0.38580620288848877
YGL122C,YCR057C,0,2.9790857,0.14574988186359406,0.6226235628128052,0.38590672612190247
YBR067C,YMR300C,0,2.978979,0.14571745693683624,0.6226235628128052,0.38600724935531616
YJL194W,YFL001W,0,2.9789553,0.14568504691123962,0.6226235628128052,0.38610777258872986
YML028W,YLR103C,0,2.9788475,0.1456526517868042,0.6226235628128052,0.38620829582214355
YLL061W,YDR373W,0,2.9783866,0.14562027156352997,0.6226235628128052,0.38630881905555725
YDL107W,YIL042C,0,2.9779208,0.14558790624141693,0.6226235628128052,0.38640934228897095
YBR196C,YNR003C,0,2.977852,0.1455555558204651,0.6226235628128052,0.38650986552238464
YBR125C,YBR294W,0,2.9777298,0.14552322030067444,0.6226235628128052,0.38661038875579834
YJR078W,YOR147W,0,2.9777045,0.14549089968204498,0.6226235628128052,0.38671088218688965
YCR093W,YHR002W,0,2.977443,0.14545857906341553,0.6226235628128052,0.38681140542030334
YBR129C,YFR033C,0,2.9773998,0.14542628824710846,0.6226235628128052,0.38691192865371704
YNL314W,YBL011W,0,2.9771683,0.14539401233196259,0.6226235628128052,0.38701245188713074
YMR168C,YGR239C,0,2.9769754,0.1453617364168167,0.6226235628128052,0.38711297512054443
YAL033W,YMR115W,0,2.976916,0.14532949030399323,0.6226235628128052,0.38721349835395813
YIL088C,YJR021C,0,2.9767475,0.14529724419116974,0.6226235628128052,0.3873140215873718
YAL063C,YOR162C,0,2.976595,0.14526502788066864,0.6226235628128052,0.3874145448207855
YGL186C,YKL201C,0,2.9765463,0.14523281157016754,0.6226235628128052,0.3875150680541992
YMR179W,YFR052W,0,2.976508,0.14520062506198883,0.6226235628128052,0.3876155912876129
YIL083C,YNL016W,0,2.9764006,0.14516843855381012,0.6226235628128052,0.3877161145210266
YNL107W,YDR146C,0,2.9762104,0.1451362669467926,0.6226235628128052,0.3878166377544403
YDL133C-A,YMR210W,0,2.976114,0.14510412514209747,0.6226235628128052,0.387917160987854
YNL117W,YGR077C,0,2.9759378,0.14507198333740234,0.6226235628128052,0.3880176842212677
YCL057W,YDR410C,0,2.975436,0.1450398564338684,0.6226235628128052,0.3881182074546814
YLR312W-A,YBR173C,0,2.9753833,0.14500774443149567,0.6226235628128052,0.3882187306880951
YCR093W,YJL140W,1,2.975202,0.14519698917865753,0.6235741376876831,0.3882187306880951
YPL134C,YPR163C,0,2.9751194,0.1451648622751236,0.6235741376876831,0.3883192539215088
YOR237W,YNL267W,0,2.97502,0.14513275027275085,0.6235741376876831,0.3884197771549225
YLR289W,YBR257W,0,2.9747553,0.1451006382703781,0.6235741376876831,0.3885203003883362
YDL215C,YOR294W,0,2.9746437,0.14506855607032776,0.6235741376876831,0.3886208236217499
YDR144C,YER101C,0,2.9744773,0.1450364738702774,0.6235741376876831,0.3887213468551636
YOR283W,YFL014W,0,2.9743567,0.14500442147254944,0.6235741376876831,0.38882187008857727
YJR006W,YDL202W,0,2.9743438,0.14497236907482147,0.6235741376876831,0.38892239332199097
YDR145W,YGR262C,1,2.9742084,0.14516128599643707,0.624524712562561,0.38892239332199097
YOL010W,YER125W,0,2.973689,0.1451292186975479,0.624524712562561,0.38902291655540466
YLR009W,YDR404C,0,2.973057,0.14509716629981995,0.624524712562561,0.38912343978881836
YKL203C,YIL079C,0,2.9729562,0.14506512880325317,0.624524712562561,0.38922396302223206
YMR019W,YLR183C,0,2.9726458,0.1450331062078476,0.624524712562561,0.38932448625564575
YHR029C,YJL103C,0,2.972371,0.1450010985136032,0.624524712562561,0.38942500948905945
YLR383W,YKL038W,0,2.9721465,0.14496910572052002,0.624524712562561,0.38952553272247314
YJR151C,YPL113C,0,2.9718962,0.14493712782859802,0.624524712562561,0.38962605595588684
YFR021W,YML049C,0,2.971673,0.14490516483783722,0.624524712562561,0.38972657918930054
YOR187W,YGL259W,0,2.9712944,0.14487320184707642,0.624524712562561,0.38982710242271423
YOL165C,YMR099C,0,2.9710422,0.144841268658638,0.624524712562561,0.38992762565612793
YDR064W,YPL119C,0,2.9710267,0.14480935037136078,0.624524712562561,0.3900281488895416
YDR144C,YDL077C,0,2.97099,0.14477743208408356,0.624524712562561,0.3901286721229553
YDL217C,YOR304W,0,2.9709644,0.14474554359912872,0.624524712562561,0.390229195356369
YDL215C,YER104W,0,2.9709444,0.1447136551141739,0.624524712562561,0.3903297185897827
YGL162W,YDL054C,0,2.9709363,0.14468178153038025,0.624524712562561,0.3904302418231964
YLR105C,YEL056W,0,2.9708757,0.144649937748909,0.624524712562561,0.3905307650566101
YER164W,YPR133C,1,2.9708123,0.14483821392059326,0.625475287437439,0.3905307650566101
YGR085C,YER154W,0,2.970755,0.14480634033679962,0.625475287437439,0.3906312882900238
YGR081C,YDL045W-A,0,2.9706633,0.14477448165416718,0.625475287437439,0.3907318115234375
YPL273W,YKL096W-A,0,2.9705267,0.14474263787269592,0.625475287437439,0.3908323347568512
YLR005W,YFL021W,1,2.9704785,0.14493072032928467,0.6264258623123169,0.3908323347568512
YHR164C,YHR058C,0,2.9704537,0.14489886164665222,0.6264258623123169,0.3909328579902649
YLR316C,YHR168W,0,2.9701889,0.14486700296401978,0.6264258623123169,0.3910333812236786
YGR274C,YBR049C,1,2.9701648,0.14505495131015778,0.6273764371871948,0.3910333812236786
YPL050C,YPL011C,0,2.9701643,0.14502307772636414,0.6273764371871948,0.3911339044570923
YDR512C,YMR241W,0,2.969298,0.1449912190437317,0.6273764371871948,0.391234427690506
YJR004C,YEL022W,0,2.9692698,0.14495936036109924,0.6273764371871948,0.3913349509239197
YKL038W,YBR072W,0,2.968957,0.14492753148078918,0.6273764371871948,0.3914354741573334
YOR378W,YJL071W,0,2.9688666,0.14489571750164032,0.6273764371871948,0.39153599739074707
YDL217C,YDR416W,0,2.9685895,0.14486391842365265,0.6273764371871948,0.39163652062416077
YPL163C,YHR168W,0,2.9683404,0.14483211934566498,0.6273764371871948,0.39173704385757446
YNL147W,YOL108C,0,2.9683337,0.1448003500699997,0.6273764371871948,0.39183756709098816
YPR026W,YOR279C,0,2.9682374,0.1447685956954956,0.6273764371871948,0.39193809032440186
YLR191W,YGR084C,0,2.967903,0.14473684132099152,0.6273764371871948,0.39203861355781555
YHR066W,YOR123C,0,2.96763,0.14470510184764862,0.6273764371871948,0.39213913679122925
YKL161C,YDL215C,0,2.9676008,0.1446733921766281,0.6273764371871948,0.39223966002464294
YMR296C,YGL113W,0,2.9675417,0.1446416825056076,0.6273764371871948,0.39234018325805664
YNL070W,YHR174W,0,2.9669943,0.1446099877357483,0.6273764371871948,0.39244070649147034
YNL172W,YJR119C,0,2.9656386,0.14457830786705017,0.6273764371871948,0.39254119992256165
YJR151C,YDR476C,0,2.965446,0.14454664289951324,0.6273764371871948,0.39264172315597534
YOR148C,YDR373W,0,2.9654164,0.1445149928331375,0.6273764371871948,0.39274224638938904
YEL030W,YFL021W,0,2.9652696,0.14448335766792297,0.6273764371871948,0.39284276962280273
YDR167W,YMR077C,0,2.964926,0.14445173740386963,0.6273764371871948,0.39294329285621643
YBR222C,YDR222W,0,2.9649153,0.14442013204097748,0.6273764371871948,0.3930438160896301
YNL117W,YNL192W,0,2.9648547,0.14438854157924652,0.6273764371871948,0.3931443393230438
YBL052C,YKR044W,0,2.9648001,0.14435695111751556,0.6273764371871948,0.3932448625564575
YMR276W,YDR419W,0,2.964716,0.144325390458107,0.6273764371871948,0.3933453857898712
YFR029W,YMR203W,0,2.9646833,0.14429382979869843,0.6273764371871948,0.3934459090232849
YAR002C-A,YIL140W,0,2.9644527,0.14426229894161224,0.6273764371871948,0.3935464322566986
YBL113C,YLR268W,0,2.9644008,0.14423076808452606,0.6273764371871948,0.3936469554901123
YHR164C,YDR527W,0,2.9639828,0.14419925212860107,0.6273764371871948,0.393747478723526
YJL194W,YOR274W,0,2.9637475,0.14416776597499847,0.6273764371871948,0.3938480019569397
YLR380W,YNL239W,0,2.9634361,0.14413627982139587,0.6273764371871948,0.3939485251903534
YJL024C,YKL061W,0,2.9632132,0.14410480856895447,0.6273764371871948,0.3940490484237671
YDR460W,YHR004C,0,2.9631069,0.14407335221767426,0.6273764371871948,0.3941495716571808
YMR013C,YOL038W,0,2.9624455,0.14404189586639404,0.6273764371871948,0.3942500948905945
YBL112C,YGR177C,0,2.962441,0.14401046931743622,0.6273764371871948,0.3943506181240082
YHR164C,YLR330W,0,2.9620538,0.1439790576696396,0.6273764371871948,0.3944511413574219
YOL028C,YBL052C,0,2.9620454,0.14394766092300415,0.6273764371871948,0.39455166459083557
YJR032W,YLL055W,0,2.9619894,0.1439162641763687,0.6273764371871948,0.39465218782424927
YMR008C,YEL062W,0,2.9618478,0.14388489723205566,0.6273764371871948,0.39475271105766296
YNL084C,YHR005C-A,0,2.961791,0.14385353028774261,0.6273764371871948,0.39485323429107666
YER019C-A,YNL239W,0,2.9609928,0.14382217824459076,0.6273764371871948,0.39495375752449036
YKL090W,YFR036W,0,2.9609447,0.1437908560037613,0.6273764371871948,0.39505428075790405
YKL093W,YOR020C,0,2.9601233,0.14375953376293182,0.6273764371871948,0.39515480399131775
YOR388C,YNL223W,0,2.9600291,0.14372822642326355,0.6273764371871948,0.39525532722473145
YLR305C,YAL063C,0,2.9598558,0.14369693398475647,0.6273764371871948,0.39535585045814514
YOR084W,YAL017W,0,2.9598389,0.14366565644741058,0.6273764371871948,0.39545637369155884
YPL089C,YKL110C,1,2.9596162,0.14385201036930084,0.6283270120620728,0.39545637369155884
YDR059C,YJL130C,0,2.959615,0.14382071793079376,0.6283270120620728,0.39555689692497253
YDR457W,YLR278C,0,2.9594176,0.14378942549228668,0.6283270120620728,0.39565742015838623
YGR044C,YOL145C,1,2.959187,0.1439756453037262,0.6292775869369507,0.39565742015838623
YKR102W,YDL039C,0,2.9590554,0.14394433796405792,0.6292775869369507,0.3957579433917999
YNL107W,YHR077C,0,2.958984,0.14391304552555084,0.6292775869369507,0.3958584666252136
YLR256W,YGL013C,1,2.9588056,0.14409911632537842,0.6302281618118286,0.3958584666252136
YDR079W,YOR287C,0,2.958516,0.14406779408454895,0.6302281618118286,0.3959589898586273
YER068W,YHL027W,1,2.9583106,0.14425374567508698,0.6311787366867065,0.3959589898586273
YAL013W,YHR205W,1,2.9582458,0.14443962275981903,0.6321292519569397,0.3959589898586273
YPL134C,YER154W,0,2.9582243,0.14440825581550598,0.6321292519569397,0.396059513092041
YMR276W,YOL043C,0,2.9581232,0.14437690377235413,0.6321292519569397,0.3961600363254547
YMR020W,YDR337W,0,2.957553,0.14434556663036346,0.6321292519569397,0.3962605595588684
YDR419W,YPL180W,0,2.9575486,0.1443142294883728,0.6321292519569397,0.3963610827922821
YBR095C,YNR010W,1,2.9574223,0.14449989795684814,0.6330798268318176,0.3963610827922821
YOR251C,YDL045C,0,2.957387,0.1444685459136963,0.6330798268318176,0.3964616060256958
YGR144W,YOR298W,0,2.9572585,0.14443720877170563,0.6330798268318176,0.3965621292591095
YDR453C,YPL122C,0,2.956911,0.14440590143203735,0.6330798268318176,0.3966626524925232
YKL090W,YBR183W,0,2.9565372,0.14437459409236908,0.6330798268318176,0.3967631757259369
YDR172W,YOR020C,0,2.9562573,0.144343301653862,0.6330798268318176,0.3968636989593506
YAL033W,YGL094C,0,2.9559257,0.1443120241165161,0.6330798268318176,0.3969642221927643
YCR065W,YCL066W,1,2.9556265,0.14449739456176758,0.6340304017066956,0.3969642221927643
YOR084W,YNL223W,0,2.955358,0.1444661021232605,0.6340304017066956,0.397064745426178
YKR069W,YOR162C,0,2.9553204,0.1444348245859146,0.6340304017066956,0.3971652686595917
YKL217W,YGR222W,0,2.9550428,0.14440354704856873,0.6340304017066956,0.39726579189300537
YHR060W,YBR230C,0,2.9548378,0.14437229931354523,0.6340304017066956,0.39736631512641907
YAL024C,YKL165C,0,2.954451,0.14434105157852173,0.6340304017066956,0.39746683835983276
YNL153C,YGR199W,0,2.9544082,0.14430981874465942,0.6340304017066956,0.39756736159324646
YJL206C,YMR240C,0,2.954259,0.1442786008119583,0.6340304017066956,0.39766788482666016
YGR144W,YOR215C,0,2.9541373,0.1442473977804184,0.6340304017066956,0.39776840806007385
YFL048C,YKL203C,0,2.9540637,0.14421620965003967,0.6340304017066956,0.39786893129348755
YER162C,YDR389W,0,2.9533546,0.14418503642082214,0.6340304017066956,0.39796945452690125
YFL054C,YBL079W,0,2.9533484,0.1441538780927658,0.6340304017066956,0.39806997776031494
YHR175W,YNR028W,0,2.953139,0.14412273466587067,0.6340304017066956,0.39817050099372864
YOL082W,YMR180C,0,2.953069,0.14409159123897552,0.6340304017066956,0.39827099442481995
YDR419W,YDR245W,0,2.9530272,0.14406047761440277,0.6340304017066956,0.39837151765823364
YML032C,YGR238C,0,2.9527705,0.14402936398983002,0.6340304017066956,0.39847204089164734
YNL261W,YNL304W,0,2.9523525,0.14399828016757965,0.6340304017066956,0.39857256412506104
YKL130C,YHR051W,0,2.9521508,0.14396719634532928,0.6340304017066956,0.39867308735847473
YGL014W,YDR229W,0,2.9520624,0.1439361274242401,0.6340304017066956,0.3987736105918884
YDL171C,YHR109W,0,2.951879,0.14390507340431213,0.6340304017066956,0.3988741338253021
YER013W,YOL038W,0,2.9515743,0.14387403428554535,0.6340304017066956,0.3989746570587158
YOR106W,YOR099W,0,2.9515586,0.14384299516677856,0.6340304017066956,0.3990751802921295
YOL141W,YNL095C,0,2.9515314,0.14381198585033417,0.6340304017066956,0.3991757035255432
YHL027W,YCL034W,0,2.9513493,0.14378099143505096,0.6340304017066956,0.3992762267589569
YJR107W,YBL026W,0,2.9506505,0.14374999701976776,0.6340304017066956,0.3993767499923706
YDL055C,YOR089C,0,2.9504585,0.14371903240680695,0.6340304017066956,0.3994772732257843
YGL158W,YBR182C,0,2.9504063,0.14368806779384613,0.6340304017066956,0.399577796459198
YLR447C,YMR136W,0,2.9499595,0.1436571180820465,0.6340304017066956,0.3996783196926117
YMR049C,YHR168W,0,2.9499097,0.14362618327140808,0.6340304017066956,0.3997788429260254
YBR261C,YHR051W,0,2.9498496,0.14359526336193085,0.6340304017066956,0.3998793661594391
YER098W,YLR330W,0,2.949731,0.1435643583536148,0.6340304017066956,0.3999798893928528
YIL017C,YOL028C,1,2.9493535,0.14374865591526031,0.6349809765815735,0.3999798893928528
YNR006W,YDR173C,0,2.9493108,0.1437177211046219,0.6349809765815735,0.4000804126262665
YIL088C,YFL057C,0,2.9491417,0.14368681609630585,0.6349809765815735,0.4001809358596802
YDR460W,YAL021C,1,2.9486625,0.14387096464633942,0.6359315514564514,0.4001809358596802
YOR126C,YNL307C,0,2.9486337,0.143840029835701,0.6359315514564514,0.40028145909309387
YER098W,YDL216C,0,2.948585,0.14380910992622375,0.6359315514564514,0.40038198232650757
YLL045C,YIL177C,0,2.9478471,0.14377820491790771,0.6359315514564514,0.40048250555992126
YOL028C,YPR163C,0,2.9478383,0.14374731481075287,0.6359315514564514,0.40058302879333496
YCR057C,YML039W,0,2.9474063,0.14371643960475922,0.6359315514564514,0.40068355202674866
YOR159C,YNL314W,0,2.9472914,0.14368556439876556,0.6359315514564514,0.40078407526016235
YDR310C,YJL095W,0,2.9470673,0.1436547189950943,0.6359315514564514,0.40088459849357605
YHR074W,YGR118W,0,2.9470391,0.14362387359142303,0.6359315514564514,0.40098512172698975
YBR081C,YOL006C,1,2.946761,0.14380767941474915,0.6368821263313293,0.40098512172698975
YLR191W,YOR089C,0,2.9465485,0.1437768191099167,0.6368821263313293,0.40108564496040344
YJL053W,YEL062W,0,2.946484,0.14374597370624542,0.6368821263313293,0.40118616819381714
YML032C,YER087W,0,2.946396,0.14371514320373535,0.6368821263313293,0.40128669142723083
YNR035C,YFL017W-A,0,2.9463685,0.14368432760238647,0.6368821263313293,0.40138721466064453
YDR240C,YOL101C,0,2.9463434,0.1436535120010376,0.6368821263313293,0.4014877378940582
YGR052W,YHL034C,0,2.9461234,0.1436227262020111,0.6368821263313293,0.4015882611274719
YNL281W,YMR270C,0,2.9460995,0.14359194040298462,0.6368821263313293,0.4016887843608856
YOR222W,YBR257W,0,2.945508,0.14356116950511932,0.6368821263313293,0.4017893075942993
YKR006C,YER052C,0,2.9453714,0.14353041350841522,0.6368821263313293,0.401889830827713
YJR055W,YDR146C,0,2.945246,0.14349967241287231,0.6368821263313293,0.4019903540611267
YOL155C,YBL011W,0,2.9452448,0.1434689462184906,0.6368821263313293,0.4020908772945404
YHR012W,YMR210W,0,2.944781,0.14343823492527008,0.6368821263313293,0.4021914005279541
YDR082W,YML128C,0,2.9445262,0.14340753853321075,0.6368821263313293,0.4022919237613678
YNL085W,YKL103C,0,2.9444928,0.14337684214115143,0.6368821263313293,0.4023924469947815
YOR237W,YOR085W,0,2.9444895,0.1433461755514145,0.6368821263313293,0.4024929702281952
YOR301W,YMR240C,0,2.944386,0.14331550896167755,0.6368821263313293,0.4025934934616089
YPL042C,YDR233C,0,2.9442692,0.1432848572731018,0.6368821263313293,0.4026940166950226
YOL086C,YIL143C,0,2.943583,0.14325422048568726,0.6368821263313293,0.4027945399284363
YIR011C,YGR179C,0,2.94357,0.1432235985994339,0.6368821263313293,0.40289506316185
YDR082W,YMR295C,0,2.9434867,0.14319299161434174,0.6368821263313293,0.40299558639526367
YOR216C,YFR036W,0,2.943423,0.14316239953041077,0.6368821263313293,0.40309610962867737
YHR085W,YNL259C,0,2.943285,0.1431318074464798,0.6368821263313293,0.40319663286209106
YGR095C,YOL111C,0,2.9429963,0.14310124516487122,0.6368821263313293,0.40329715609550476
YDR144C,YPL027W,0,2.9428277,0.14307068288326263,0.6368821263313293,0.40339767932891846
YDR499W,YCL025C,0,2.9426131,0.14304013550281525,0.6368821263313293,0.40349820256233215
YBR183W,YDR410C,0,2.9423466,0.14300960302352905,0.6368821263313293,0.40359872579574585
YNL261W,YPR091C,0,2.942208,0.14297908544540405,0.6368821263313293,0.40369924902915955
YEL040W,YLR429W,0,2.940714,0.14294858276844025,0.6368821263313293,0.40379977226257324
YDL029W,YKL082C,0,2.9406643,0.14291809499263763,0.6368821263313293,0.40390029549598694
YHR041C,YMR037C,1,2.940504,0.14310087263584137,0.6378327012062073,0.40390029549598694
YNL309W,YIL170W,0,2.9401214,0.14307035505771637,0.6378327012062073,0.40400081872940063
YPL002C,YHR039C-A,0,2.9401119,0.14303986728191376,0.6378327012062073,0.40410131216049194
YBR183W,YMR240C,0,2.9395497,0.14300937950611115,0.6378327012062073,0.40420183539390564
YJL194W,YPL244C,0,2.9395282,0.14297890663146973,0.6378327012062073,0.40430235862731934
YLL033W,YDR281C,0,2.9394674,0.1429484486579895,0.6378327012062073,0.40440288186073303
YLR289W,YGL162W,0,2.9391012,0.14291799068450928,0.6378327012062073,0.40450340509414673
YLL002W,YOR008C,0,2.93883,0.14288756251335144,0.6378327012062073,0.4046039283275604
YHR060W,YBL034C,0,2.938402,0.1428571492433548,0.6378327012062073,0.4047044515609741
YKR036C,YNL231C,0,2.9382768,0.14282673597335815,0.6378327012062073,0.4048049747943878
YLR191W,YBR182C,0,2.9379377,0.1427963376045227,0.6378327012062073,0.4049054980278015
YNL232W,YBR026C,0,2.9377928,0.14276595413684845,0.6378327012062073,0.4050060212612152
YAR027W,YDR240C,0,2.9366362,0.1427355855703354,0.6378327012062073,0.4051065444946289
YGL244W,YDL198C,0,2.9365184,0.14270523190498352,0.6378327012062073,0.4052070677280426
YLR244C,YJL206C,0,2.9361243,0.14267489314079285,0.6378327012062073,0.4053075909614563
YCL036W,YJR034W,0,2.935998,0.14264455437660217,0.6378327012062073,0.40540811419487
YDR229W,YER171W,0,2.935903,0.1426142454147339,0.6378327012062073,0.4055086374282837
YLR228C,YBR129C,0,2.93583,0.1425839364528656,0.6378327012062073,0.4056091606616974
YGL083W,YHR077C,0,2.9355574,0.1425536423921585,0.6378327012062073,0.4057096838951111
YAL054C,YMR186W,0,2.9355218,0.1425233632326126,0.6378327012062073,0.4058102071285248
YPR011C,YER052C,0,2.9354606,0.1424930989742279,0.6378327012062073,0.4059107303619385
YDL142C,YEL031W,0,2.9349632,0.1424628496170044,0.6378327012062073,0.4060112535953522
YDL121C,YNL283C,0,2.9349074,0.14243260025978088,0.6378327012062073,0.40611177682876587
YBR095C,YDR415C,0,2.9348354,0.14240238070487976,0.6378327012062073,0.40621230006217957
YKR062W,YOL004W,1,2.9347057,0.14258433878421783,0.6387832760810852,0.40621230006217957
YHR175W,YML049C,0,2.9346018,0.14255408942699432,0.6387832760810852,0.40631282329559326
YGR085C,YKL165C,0,2.9345067,0.142523854970932,0.6387832760810852,0.40641334652900696
YEL043W,YGL148W,0,2.9344585,0.14249363541603088,0.6387832760810852,0.40651386976242065
YIL046W,YJR026W,0,2.934321,0.14246343076229095,0.6387832760810852,0.40661439299583435
YDR351W,YBR230C,0,2.9341092,0.14243324100971222,0.6387832760810852,0.40671491622924805
YPL150W,YER190W,0,2.9340572,0.14240305125713348,0.6387832760810852,0.40681543946266174
YPL213W,YNL262W,0,2.9339747,0.14237287640571594,0.6387832760810852,0.40691596269607544
YKL175W,YAL031C,0,2.9339466,0.1423427313566208,0.6387832760810852,0.40701648592948914
YGR167W,YLR380W,0,2.9335814,0.14231258630752563,0.6387832760810852,0.40711700916290283
YGR274C,YPL082C,1,2.9335427,0.14249417185783386,0.6397338509559631,0.40711700916290283
YKR057W,YDR218C,0,2.9331472,0.14246401190757751,0.6397338509559631,0.40721753239631653
YDR423C,YBL006C,1,2.9330409,0.14264550805091858,0.6406844258308411,0.40721753239631653
YAL022C,YOR261C,0,2.9328084,0.14261531829833984,0.6406844258308411,0.4073180556297302
YDR076W,YGR112W,0,2.9327345,0.1425851434469223,0.6406844258308411,0.4074185788631439
YEL070W,YIL046W,0,2.9326537,0.14255499839782715,0.6406844258308411,0.4075191020965576
YFL038C,YIL020C,0,2.932365,0.142524853348732,0.6406844258308411,0.4076196253299713
YGL112C,YGL103W,0,2.9323587,0.14249470829963684,0.6406844258308411,0.407720148563385
YDL036C,YGR084C,0,2.9316785,0.14246459305286407,0.6406844258308411,0.4078206717967987
YKL067W,YNR060W,0,2.9316635,0.1424344927072525,0.6406844258308411,0.4079211950302124
YGR070W,YDR062W,0,2.93164,0.14240439236164093,0.6406844258308411,0.4080217182636261
YKL093W,YER130C,0,2.9316144,0.14237430691719055,0.6406844258308411,0.4081222414970398
YLR025W,YLL055W,0,2.9316032,0.14234425127506256,0.6406844258308411,0.4082227647304535
YMR061W,YOL040C,0,2.9307942,0.14231419563293457,0.6406844258308411,0.4083232879638672
YGR104C,YNL288W,1,2.9305801,0.14249524474143982,0.641635000705719,0.4083232879638672
YMR005W,YGL200C,0,2.9303188,0.14246517419815063,0.641635000705719,0.4084238111972809
YML051W,YPR194C,0,2.9302223,0.14243511855602264,0.641635000705719,0.4085243344306946
YNL309W,YFL017W-A,0,2.9300323,0.14240506291389465,0.641635000705719,0.4086248576641083
YKL210W,YPL027W,0,2.9298666,0.14237502217292786,0.641635000705719,0.408725380897522
YLR244C,YKL013C,0,2.9291482,0.14234499633312225,0.641635000705719,0.40882590413093567
YKL090W,YOR301W,0,2.928761,0.14231498539447784,0.641635000705719,0.40892642736434937
YML049C,YMR186W,0,2.9287448,0.14228498935699463,0.641635000705719,0.40902695059776306
YLR206W,YEL029C,0,2.9278102,0.1422550082206726,0.641635000705719,0.40912747383117676
YMR097C,YMR160W,0,2.927662,0.14222502708435059,0.641635000705719,0.40922799706459045
YIL159W,YBR074W,0,2.9275897,0.14219507575035095,0.641635000705719,0.40932852029800415
YMR269W,YOR239W,0,2.9274096,0.14216512441635132,0.641635000705719,0.40942904353141785
YLR449W,YNL278W,1,2.9272394,0.14234575629234314,0.6425855755805969,0.40942904353141785
YNL080C,YNR015W,0,2.926544,0.1423157900571823,0.6425855755805969,0.40952956676483154
YEL022W,YPR083W,0,2.926421,0.14228583872318268,0.6425855755805969,0.40963008999824524
YKR102W,YMR229C,0,2.9262524,0.14225588738918304,0.6425855755805969,0.40973061323165894
YCR039C,YIL036W,1,2.9252763,0.14243635535240173,0.6435361504554749,0.40973061323165894
YDR176W,YMR043W,1,2.9252589,0.14261674880981445,0.644486665725708,0.40973061323165894
YER017C,YDR138W,0,2.9250598,0.14258675277233124,0.644486665725708,0.40983113646507263
YJR127C,YJR119C,0,2.9248407,0.14255677163600922,0.644486665725708,0.40993162989616394
YDR448W,YHR205W,1,2.9246387,0.14273701608181,0.6454372406005859,0.40993162989616394
YNL238W,YJR031C,0,2.924515,0.14270702004432678,0.6454372406005859,0.41003215312957764
YOR287C,YJR036C,0,2.9239168,0.14267703890800476,0.6454372406005859,0.41013267636299133
YNR006W,YMR210W,0,2.923881,0.14264705777168274,0.6454372406005859,0.41023319959640503
YJL087C,YDR285W,0,2.9238226,0.1426170915365219,0.6454372406005859,0.4103337228298187
YOL038W,YNL070W,0,2.9237347,0.14258715510368347,0.6454372406005859,0.4104342460632324
YER175C,YNR072W,0,2.9236474,0.14255721867084503,0.6454372406005859,0.4105347692966461
YFR045W,YNR018W,0,2.9236374,0.1425272822380066,0.6454372406005859,0.4106352925300598
YHR174W,YHR085W,0,2.9230018,0.14249737560749054,0.6454372406005859,0.4107358157634735
YDR034C,YKL203C,0,2.9229853,0.14246748387813568,0.6454372406005859,0.4108363389968872
YPR072W,YDL227C,0,2.9228883,0.14243759214878082,0.6454372406005859,0.4109368622303009
YGL037C,YKL203C,0,2.922687,0.14240771532058716,0.6454372406005859,0.4110373854637146
YDR448W,YPR056W,1,2.9223557,0.1425875425338745,0.6463878154754639,0.4110373854637146
YMR284W,YBR275C,0,2.922206,0.14255765080451965,0.6463878154754639,0.4111379086971283
YNL281W,YPL011C,0,2.9220395,0.142527773976326,0.6463878154754639,0.411238431930542
YGR052W,YKL166C,0,2.9215677,0.14249789714813232,0.6463878154754639,0.4113389551639557
YCL018W,YER185W,0,2.9215076,0.14246805012226105,0.6463878154754639,0.4114394783973694
YML036W,YDR463W,1,2.921156,0.1426476687192917,0.6473383903503418,0.4114394783973694
YER130C,YOR162C,0,2.9210033,0.14261780679225922,0.6473383903503418,0.4115400016307831
YGR169C,YLR163C,0,2.9209127,0.14258794486522675,0.6473383903503418,0.4116405248641968
YDL133C-A,YJR083C,0,2.9206324,0.14255809783935547,0.6473383903503418,0.4117410480976105
YPL016W,YIL128W,1,2.920518,0.14273755252361298,0.6482889652252197,0.4117410480976105
YPL075W,YDR527W,1,2.9205065,0.14291693270206451,0.6492395401000977,0.4117410480976105
YMR227C,YMR099C,0,2.9203362,0.14288702607154846,0.6492395401000977,0.41184157133102417
YMR097C,YGL236C,0,2.9192047,0.1428571492433548,0.6492395401000977,0.41194209456443787
YML007W,YDR311W,1,2.9184022,0.1430363804101944,0.6501901149749756,0.41194209456443787
YGR163W,YDR397C,1,2.91835,0.14321555197238922,0.6511406898498535,0.41194209456443787
YHR066W,YGR199W,0,2.9183009,0.14318561553955078,0.6511406898498535,0.41204261779785156
YJR070C,YER052C,0,2.918285,0.14315569400787354,0.6511406898498535,0.41214314103126526
YBR271W,YJL176C,0,2.9181857,0.14312578737735748,0.6511406898498535,0.41224366426467896
YMR301C,YHR168W,0,2.9181201,0.14309588074684143,0.6511406898498535,0.41234418749809265
YKL013C,YDR403W,0,2.9177246,0.14306600391864777,0.6511406898498535,0.41244471073150635
YLR386W,YNL006W,0,2.9175155,0.1430361270904541,0.6511406898498535,0.41254523396492004
YGR246C,YOR285W,0,2.9174812,0.14300626516342163,0.6511406898498535,0.41264575719833374
YHR039C-A,YLR050C,0,2.9173684,0.14297641813755035,0.6511406898498535,0.41274628043174744
YDR448W,YNL076W,1,2.9173274,0.1431552618741989,0.6520912647247314,0.41274628043174744
YER028C,YBL008W,1,2.9171762,0.1433340311050415,0.6530418395996094,0.41274628043174744
YNL257C,YML114C,1,2.9171202,0.14351272583007812,0.6539924144744873,0.41274628043174744
YDR303C,YNL167C,1,2.9167323,0.14369134604930878,0.6549429893493652,0.41274628043174744
YDR172W,YAL038W,0,2.9166298,0.14366137981414795,0.6549429893493652,0.41284680366516113
YOR230W,YGL190C,0,2.916572,0.1436314433813095,0.6549429893493652,0.41294732689857483
YMR180C,YLR024C,0,2.9165635,0.14360150694847107,0.6549429893493652,0.4130478501319885
YGL115W,YGL071W,1,2.916462,0.1437799483537674,0.6558935642242432,0.4130478501319885
YNL314W,YMR159C,0,2.9162507,0.14374999701976776,0.6558935642242432,0.4131483733654022
YOL093W,YJL214W,0,2.916172,0.14372006058692932,0.6558935642242432,0.4132488965988159
YKR019C,YJR130C,0,2.9160776,0.14369012415409088,0.6558935642242432,0.4133494198322296
YLR080W,YLR208W,0,2.9159393,0.14366021752357483,0.6558935642242432,0.4134499430656433
YGL083W,YIL139C,0,2.9157481,0.14363031089305878,0.6558935642242432,0.413550466299057
YPL252C,YNL219C,0,2.9155762,0.14360041916370392,0.6558935642242432,0.4136509895324707
YOR219C,YFR036W,0,2.915506,0.14357054233551025,0.6558935642242432,0.4137515127658844
YLR028C,YMR270C,0,2.9155002,0.1435406655073166,0.6558935642242432,0.4138520359992981
YGL083W,YGR118W,0,2.9154947,0.1435108184814453,0.6558935642242432,0.4139525592327118
YIL002C,YDR064W,0,2.91542,0.14348097145557404,0.6558935642242432,0.4140530824661255
YOL010W,YNL027W,0,2.915174,0.14345113933086395,0.6558935642242432,0.4141536056995392
YER068W,YNR052C,1,2.9151022,0.14362917840480804,0.6568440794944763,0.4141536056995392
YHR056C,YOL071W,1,2.9149327,0.14380714297294617,0.6577946543693542,0.4141536056995392
YDR028C,YEL009C,1,2.9148989,0.14398504793643951,0.6587452292442322,0.4141536056995392
YJL024C,YML006C,0,2.9147825,0.14395512640476227,0.6587452292442322,0.4142541289329529
YLR020C,YJL006C,0,2.914304,0.1439252346754074,0.6587452292442322,0.4143546521663666
YDL107W,YOR261C,0,2.913801,0.14389534294605255,0.6587452292442322,0.4144551753997803
YLR389C,YLR050C,0,2.9137402,0.14386548101902008,0.6587452292442322,0.41455569863319397
YPL127C,YOR311C,0,2.9136782,0.1438356190919876,0.6587452292442322,0.41465622186660767
YOL082W,YER138C,0,2.9130244,0.14380577206611633,0.6587452292442322,0.41475674510002136
YJR057W,YHR119W,0,2.912748,0.14377593994140625,0.6587452292442322,0.41485726833343506
YDR410C,YGL169W,0,2.9123893,0.14374610781669617,0.6587452292442322,0.41495779156684875
YEL052W,YHR109W,0,2.9119906,0.14371630549430847,0.6587452292442322,0.41505831480026245
YFL033C,YGL019W,0,2.9119134,0.14368650317192078,0.6587452292442322,0.41515883803367615
YNL261W,YCR012W,0,2.911545,0.14365671575069427,0.6587452292442322,0.41525936126708984
YHR058C,YDR404C,1,2.9112353,0.1438342034816742,0.6596958041191101,0.41525936126708984
YOR038C,YCL025C,0,2.9111447,0.1438043862581253,0.6596958041191101,0.41535988450050354
YDR451C,YNR015W,0,2.9110913,0.1437745988368988,0.6596958041191101,0.41546040773391724
YKL119C,YNR015W,0,2.9109633,0.1437448263168335,0.6596958041191101,0.41556093096733093
YDL121C,YDR170C,0,2.9109316,0.1437150537967682,0.6596958041191101,0.41566145420074463
YJR140C,YKL095W,0,2.9108562,0.14368529617786407,0.6596958041191101,0.41576194763183594
YPR171W,YNL182C,0,2.9107854,0.14365555346012115,0.6596958041191101,0.41586247086524963
YPL259C,YER145C,0,2.9105864,0.14362582564353943,0.6596958041191101,0.41596299409866333
YMR112C,YDR164C,0,2.9104657,0.1435961127281189,0.6596958041191101,0.416063517332077
YFR029W,YNL178W,0,2.9103885,0.14356639981269836,0.6596958041191101,0.4161640405654907
YPR091C,YPR125W,0,2.9101858,0.14353671669960022,0.6596958041191101,0.4162645637989044
YGL174W,YFL021W,0,2.9098635,0.14350703358650208,0.6596958041191101,0.4163650870323181
YNL262W,YDR140W,0,2.9098222,0.14347736537456512,0.6596958041191101,0.4164656102657318
YER151C,YKR056W,0,2.9093864,0.14344771206378937,0.6596958041191101,0.4165661334991455
YDR371W,YOR251C,0,2.9092686,0.1434180587530136,0.6596958041191101,0.4166666567325592
YJR055W,YNR044W,0,2.9090672,0.14338843524456024,0.6596958041191101,0.4167671799659729
YNL172W,YKL015W,0,2.908895,0.14335881173610687,0.6596958041191101,0.4168677031993866
YGL236C,YGR229C,0,2.9087038,0.1433292031288147,0.6596958041191101,0.4169682264328003
YBR287W,YML056C,0,2.9085398,0.14329960942268372,0.6596958041191101,0.417068749666214
YMR117C,YAL022C,0,2.9084153,0.14327003061771393,0.6596958041191101,0.4171692728996277
YBR066C,YNL079C,0,2.9082935,0.14324045181274414,0.6596958041191101,0.4172697961330414
YBL076C,YDL227C,0,2.9082575,0.14321090281009674,0.6596958041191101,0.4173703193664551
YMR227C,YKL205W,0,2.9081705,0.14318135380744934,0.6596958041191101,0.4174708425998688
YPR191W,YOR338W,0,2.9081666,0.14315181970596313,0.6596958041191101,0.41757136583328247
YPR167C,YMR269W,0,2.9081564,0.14312230050563812,0.6596958041191101,0.41767188906669617
YNL314W,YHR060W,0,2.9078987,0.1430927813053131,0.6596958041191101,0.41777241230010986
YML027W,YMR182C,1,2.9078689,0.14326943457126617,0.660646378993988,0.41777241230010986
YDL128W,YDR218C,0,2.9078076,0.14323990046977997,0.660646378993988,0.41787293553352356
YNR021W,YMR136W,0,2.9075632,0.14321038126945496,0.660646378993988,0.41797345876693726
YGR081C,YMR019W,0,2.9074807,0.14318087697029114,0.660646378993988,0.41807398200035095
YFL033C,YJR140C,0,2.9073014,0.1431513875722885,0.660646378993988,0.41817450523376465
YAR002C-A,YBR192W,0,2.907166,0.14312191307544708,0.660646378993988,0.41827502846717834
YKL018W,YKL112W,1,2.9067256,0.14329832792282104,0.661596953868866,0.41827502846717834
YNL223W,YDR159W,0,2.9063325,0.14326883852481842,0.661596953868866,0.41837555170059204
YOR216C,YER145C,0,2.9058447,0.1432393491268158,0.661596953868866,0.41847607493400574
YPR024W,YMR033W,0,2.9058018,0.14320987462997437,0.661596953868866,0.41857659816741943
YBR081C,YIL139C,0,2.9058013,0.14318041503429413,0.661596953868866,0.41867712140083313
YIL083C,YKR028W,0,2.9057217,0.14315097033977509,0.661596953868866,0.4187776446342468
YLR386W,YKL205W,0,2.9056334,0.14312152564525604,0.661596953868866,0.4188781678676605
YNL261W,YOR382W,0,2.9051352,0.1430921107530594,0.661596953868866,0.4189786911010742
YLR383W,YNL080C,0,2.9050944,0.14306269586086273,0.661596953868866,0.4190792143344879
YPR191W,YMR240C,0,2.9047794,0.14303329586982727,0.661596953868866,0.4191797375679016
YJR127C,YIL132C,0,2.9045908,0.143003910779953,0.661596953868866,0.4192802608013153
YOL038W,YHR060W,0,2.9043212,0.14297452569007874,0.661596953868866,0.419380784034729
YOR159C,YMR090W,0,2.9038281,0.14294517040252686,0.661596953868866,0.4194813072681427
YGL200C,YDR444W,0,2.903812,0.14291581511497498,0.661596953868866,0.4195818305015564
YJL124C,YDL097C,0,2.9037886,0.1428864747285843,0.661596953868866,0.4196823537349701
YMR228W,YKL186C,0,2.9032593,0.1428571492433548,0.661596953868866,0.4197828769683838
YGL162W,YGL241W,0,2.9030428,0.1428278237581253,0.661596953868866,0.4198834002017975
YHR056C,YGL112C,1,2.9030185,0.1430036872625351,0.6625475287437439,0.4198834002017975
YER087W,YML080W,0,2.9029381,0.1429743617773056,0.6625475287437439,0.4199839234352112
YBR081C,YOL052C,0,2.9025693,0.1429450362920761,0.6625475287437439,0.4200844466686249
YER008C,YDL097C,0,2.9023285,0.1429157257080078,0.6625475287437439,0.4201849699020386
YBR274W,YOR038C,0,2.9021826,0.1428864300251007,0.6625475287437439,0.42028549313545227
YDR512C,YLR384C,1,2.9021347,0.14306209981441498,0.6634981036186218,0.42028549313545227
YBR020W,YMR269W,0,2.901938,0.14303278923034668,0.6634981036186218,0.42038601636886597
YHR099W,YOR315W,1,2.901877,0.1432083547115326,0.6644486784934998,0.42038601636886597
YAL013W,YOL089C,1,2.90185,0.14338386058807373,0.6653992533683777,0.42038601636886597
YLR289W,YHR082C,0,2.9018214,0.14335449039936066,0.6653992533683777,0.42048653960227966
YGR199W,YJR028W,0,2.9016075,0.14332515001296997,0.6653992533683777,0.42058706283569336
YKL126W,YGR177C,0,2.901538,0.14329580962657928,0.6653992533683777,0.42068758606910706
YGR077C,YOR219C,0,2.9012804,0.1432664692401886,0.6653992533683777,0.42078810930252075
YDR034C,YJL171C,0,2.9011436,0.1432371586561203,0.6653992533683777,0.42088863253593445
YDR403W,YNR015W,0,2.9010043,0.1432078629732132,0.6653992533683777,0.42098915576934814
YFR037C,YDR259C,1,2.9008608,0.14338310062885284,0.6663498282432556,0.42098915576934814
YKL174C,YOL107W,0,2.9008563,0.14335379004478455,0.6663498282432556,0.42108967900276184
YIL017C,YIL056W,1,2.9007788,0.14352892339229584,0.6673004031181335,0.42108967900276184
YKR008W,YOL124C,0,2.90062,0.14349959790706635,0.6673004031181335,0.42119020223617554
YFR018C,YBL092W,0,2.9005141,0.14347025752067566,0.6673004031181335,0.42129072546958923
YML112W,YGL026C,0,2.8998291,0.14344094693660736,0.6673004031181335,0.42139124870300293
YMR112C,YKL201C,0,2.899819,0.14341165125370026,0.6673004031181335,0.4214917719364166
YJR138W,YHR059W,0,2.8993933,0.14338235557079315,0.6673004031181335,0.42159226536750793
YOR054C,YLR348C,0,2.8988175,0.14335307478904724,0.6673004031181335,0.42169278860092163
YKL058W,YPL254W,1,2.8985045,0.14352796971797943,0.6682509779930115,0.42169278860092163
YJR055W,YPR187W,0,2.8984098,0.14349867403507233,0.6682509779930115,0.4217933118343353
YPR196W,YDR260C,0,2.8983114,0.14346939325332642,0.6682509779930115,0.421893835067749
YCL014W,YLR321C,0,2.8982787,0.1434401124715805,0.6682509779930115,0.4219943583011627
YJL087C,YOR283W,0,2.8980496,0.1434108465909958,0.6682509779930115,0.4220948815345764
YDR026C,YLR390W,0,2.898047,0.14338161051273346,0.6682509779930115,0.4221954047679901
YDR371W,YNL052W,0,2.8979855,0.14335235953330994,0.6682509779930115,0.4222959280014038
YBR125C,YMR034C,0,2.8979793,0.1433231383562088,0.6682509779930115,0.4223964512348175
YMR186W,YPL208W,0,2.897904,0.14329393208026886,0.6682509779930115,0.4224969744682312
YOR084W,YKL095W,0,2.8978078,0.14326472580432892,0.6682509779930115,0.4225974977016449
YGL237C,YML097C,0,2.8976076,0.14323553442955017,0.6682509779930115,0.4226980209350586
YFR037C,YOR047C,1,2.8965373,0.14341005682945251,0.6692014932632446,0.4226980209350586
YMR005W,YOR126C,0,2.8964643,0.14338085055351257,0.6692014932632446,0.4227985441684723
YDR218C,YEL056W,0,2.8961735,0.14335165917873383,0.6692014932632446,0.422899067401886
YDR164C,YJL178C,0,2.8959668,0.14332248270511627,0.6692014932632446,0.4229995906352997
YDR351W,YBR260C,0,2.8957992,0.14329330623149872,0.6692014932632446,0.4231001138687134
YDR211W,YJR032W,0,2.8952882,0.14326414465904236,0.6692014932632446,0.4232006371021271
YPL119C,YOR327C,0,2.8950353,0.1432349979877472,0.6692014932632446,0.42330116033554077
YOR274W,YBR274W,0,2.8946784,0.14320585131645203,0.6692014932632446,0.42340168356895447
YKL067W,YNL070W,0,2.8944445,0.14317673444747925,0.6692014932632446,0.42350220680236816
YOR243C,YPL119C,0,2.8942745,0.14314761757850647,0.6692014932632446,0.42360273003578186
YOR176W,YMR267W,0,2.894103,0.14311851561069489,0.6692014932632446,0.42370325326919556
YPR111W,YBR230C,0,2.8939426,0.1430894285440445,0.6692014932632446,0.42380377650260925
YGR104C,YLR451W,1,2.8939404,0.1432635635137558,0.6701520681381226,0.42380377650260925
YIR025W,YMR093W,0,2.893818,0.1432344615459442,0.6701520681381226,0.42390429973602295
YJL155C,YCR012W,0,2.893456,0.14320535957813263,0.6701520681381226,0.42400482296943665
YIL020C,YMR075W,0,2.8928323,0.14317627251148224,0.6701520681381226,0.42410534620285034
YPR196W,YDL022W,0,2.8926814,0.14314721524715424,0.6701520681381226,0.42420586943626404
YPL129W,YHR168W,0,2.8923287,0.14311814308166504,0.6701520681381226,0.42430639266967773
YJR078W,YOR084W,0,2.892108,0.14308910071849823,0.6701520681381226,0.42440691590309143
YBR223C,YGR036C,0,2.891955,0.14306005835533142,0.6701520681381226,0.4245074391365051
YPR144C,YPL163C,0,2.891679,0.143031045794487,0.6701520681381226,0.4246079623699188
YDL107W,YJL005W,0,2.891622,0.14300203323364258,0.6701520681381226,0.4247084856033325
YNR074C,YMR136W,0,2.891347,0.14297302067279816,0.6701520681381226,0.4248090088367462
YNL282W,YOR085W,0,2.8908083,0.14294403791427612,0.6701520681381226,0.4249095320701599
YKL064W,YFL013C,0,2.8908062,0.1429150551557541,0.6701520681381226,0.4250100553035736
YOR298W,YLR130C,0,2.8906455,0.14288610219955444,0.6701520681381226,0.4251105785369873
YKR002W,YOR351C,0,2.890531,0.1428571492433548,0.6701520681381226,0.425211101770401
YJL079C,YDR207C,0,2.8905292,0.14282819628715515,0.6701520681381226,0.4253116250038147
YOR204W,YGR222W,0,2.890381,0.1427992731332779,0.6701520681381226,0.4254121482372284
YPR135W,YHR041C,0,2.8903744,0.14277034997940063,0.6701520681381226,0.4255126714706421
YJL200C,YIL159W,0,2.890319,0.14274144172668457,0.6701520681381226,0.4256131947040558
YGR084C,YOR098C,0,2.8901186,0.1427125483751297,0.6701520681381226,0.4257137179374695
YKL217W,YBR141C,0,2.8899374,0.14268366992473602,0.6701520681381226,0.4258142411708832
YBL085W,YJR031C,0,2.8898864,0.14265479147434235,0.6701520681381226,0.4259147644042969
YNL070W,YOR294W,0,2.889809,0.14262594282627106,0.6701520681381226,0.42601528763771057
YDR082W,YCL014W,0,2.8896167,0.14259709417819977,0.6701520681381226,0.42611581087112427
YDL179W,YPL122C,0,2.8895068,0.14256824553012848,0.6701520681381226,0.42621633410453796
YHR004C,YGL216W,0,2.8892393,0.14253942668437958,0.6701520681381226,0.42631685733795166
YKR020W,YOR349W,0,2.88919,0.14251060783863068,0.6701520681381226,0.42641738057136536
YJR006W,YNR006W,0,2.8890343,0.14248180389404297,0.6701520681381226,0.42651790380477905
YOR159C,YDR081C,0,2.8888545,0.14245301485061646,0.6701520681381226,0.42661842703819275
YJR004C,YDR034C,0,2.888843,0.14242424070835114,0.6701520681381226,0.42671895027160645
YGR034W,YLR251W,0,2.8887186,0.142395481467247,0.6701520681381226,0.42681947350502014
YIL126W,YDR145W,1,2.8885756,0.1425686627626419,0.6711026430130005,0.42681947350502014
YKL007W,YPR119W,0,2.8881364,0.1425398737192154,0.6711026430130005,0.42691999673843384
YNL271C,YGR180C,0,2.888091,0.14251109957695007,0.6711026430130005,0.42702051997184753
YLR080W,YKL003C,0,2.887816,0.14248234033584595,0.6711026430130005,0.42712104320526123
YDR144C,YDR207C,0,2.8877935,0.14245359599590302,0.6711026430130005,0.4272215664386749
YNR006W,YCR087C-A,0,2.887618,0.14242485165596008,0.6711026430130005,0.4273220896720886
YGL256W,YBR095C,0,2.8874204,0.14239612221717834,0.6711026430130005,0.42742258310317993
YDR196C,YFL057C,0,2.8872607,0.1423674076795578,0.6711026430130005,0.42752310633659363
YJR034W,YBR281C,0,2.8871865,0.14233870804309845,0.6711026430130005,0.4276236295700073
YKL190W,YDL148C,0,2.8871474,0.1423100233078003,0.6711026430130005,0.427724152803421
YDR497C,YCR012W,0,2.887004,0.14228133857250214,0.6711026430130005,0.4278246760368347
YJL112W,YAL017W,0,2.8864717,0.14225266873836517,0.6711026430130005,0.4279251992702484
YNL131W,YMR087W,0,2.8861473,0.1422240138053894,0.6711026430130005,0.4280257225036621
YGL170C,YOR226C,0,2.8858986,0.14219537377357483,0.6711026430130005,0.4281262457370758
YPR187W,YOR353C,0,2.8858337,0.14216673374176025,0.6711026430130005,0.4282267689704895
YMR078C,YPR060C,0,2.8856368,0.14213810861110687,0.6711026430130005,0.4283272922039032
YDR218C,YJR103W,0,2.8848078,0.14210949838161469,0.6711026430130005,0.4284278154373169
YAR002C-A,YPL139C,0,2.884672,0.1420809030532837,0.6711026430130005,0.4285283386707306
YGR180C,YPL196W,0,2.8842897,0.1420523077249527,0.6711026430130005,0.4286288619041443
YDR072C,YCL004W,0,2.8840928,0.1420237421989441,0.6711026430130005,0.428729385137558
YDL217C,YCR057C,0,2.884016,0.14199517667293549,0.6711026430130005,0.4288299083709717
YKR071C,YKL001C,0,2.8840067,0.14196662604808807,0.6711026430130005,0.4289304316043854
YMR117C,YLR312W-A,0,2.8840013,0.14193807542324066,0.6711026430130005,0.4290309548377991
YMR089C,YEL070W,0,2.8838675,0.14190955460071564,0.6711026430130005,0.42913147807121277
YLR107W,YOR311C,0,2.8838048,0.1418810337781906,0.6711026430130005,0.42923200130462646
YKL166C,YMR159C,0,2.8832812,0.14185252785682678,0.6711026430130005,0.42933252453804016
YHR179W,YEL030W,0,2.8831053,0.14182402193546295,0.6711026430130005,0.42943304777145386
YGL225W,YGR077C,0,2.8829195,0.1417955458164215,0.6711026430130005,0.42953357100486755
YLR113W,YGR246C,0,2.8828874,0.14176706969738007,0.6711026430130005,0.42963409423828125
YLR390W,YBR129C,0,2.8824787,0.14173860847949982,0.6711026430130005,0.42973461747169495
YEL052W,YDL084W,0,2.882103,0.14171016216278076,0.6711026430130005,0.42983514070510864
YDR090C,YOL052C,0,2.8820643,0.1416817158460617,0.6711026430130005,0.42993566393852234
YPR187W,YKL206C,0,2.8818429,0.14165328443050385,0.6711026430130005,0.43003618717193604
YAL017W,YDR449C,0,2.8817751,0.14162486791610718,0.6711026430130005,0.43013671040534973
YJR057W,YLR316C,0,2.881738,0.1415964663028717,0.6711026430130005,0.4302372336387634
YMR315W,YOR298W,0,2.881591,0.14156807959079742,0.6711026430130005,0.4303377568721771
YGL244W,YLR268W,0,2.8811712,0.14153969287872314,0.6711026430130005,0.4304382801055908
YJL130C,YKR068C,0,2.8811107,0.14151132106781006,0.6711026430130005,0.4305388033390045
YMR054W,YKL175W,0,2.8809743,0.14148296415805817,0.6711026430130005,0.4306393265724182
YER040W,YNL068C,1,2.8806577,0.14165498316287994,0.6720532178878784,0.4306393265724182
YJL034W,YJL178C,0,2.8805451,0.14162659645080566,0.6720532178878784,0.4307398498058319
YGR180C,YEL012W,0,2.8804064,0.14159823954105377,0.6720532178878784,0.4308403730392456
YJL034W,YOL026C,0,2.8803926,0.14156988263130188,0.6720532178878784,0.4309408962726593
YOL145C,YKL018W,1,2.8801317,0.14174173772335052,0.6730037927627563,0.4309408962726593
YML010W,YPR008W,1,2.879993,0.1419135332107544,0.6739543676376343,0.4309408962726593
YDR414C,YAL038W,0,2.8798876,0.14188513159751892,0.6739543676376343,0.431041419506073
YDR138W,YMR136W,0,2.8795614,0.14185674488544464,0.6739543676376343,0.4311419427394867
YLR047C,YPR001W,0,2.8789198,0.14182837307453156,0.6739543676376343,0.4312424659729004
YDR414C,YLR440C,0,2.8788614,0.14180000126361847,0.6739543676376343,0.4313429892063141
YMR284W,YDL040C,0,2.8787875,0.14177164435386658,0.6739543676376343,0.4314435124397278
YBR195C,YBR170C,0,2.8787308,0.14174330234527588,0.6739543676376343,0.4315440356731415
YNL281W,YJR032W,0,2.8787186,0.14171497523784637,0.6739543676376343,0.4316445589065552
YKL210W,YFL001W,0,2.8786507,0.14168664813041687,0.6739543676376343,0.43174508213996887
YPR024W,YDR419W,0,2.8780017,0.14165833592414856,0.6739543676376343,0.43184560537338257
YML099C,YDR332W,0,2.8779097,0.14163003861904144,0.6739543676376343,0.43194612860679626
YLR191W,YFR036W,0,2.8778305,0.14160175621509552,0.6739543676376343,0.43204665184020996
YKR062W,YDL108W,1,2.8777668,0.14177316427230835,0.6749049425125122,0.43204665184020996
YAL022C,YNL121C,0,2.877039,0.14174485206604004,0.6749049425125122,0.43214717507362366
YJR017C,YGR104C,1,2.8763433,0.1419161707162857,0.6758555173873901,0.43214717507362366
YFR036W,YKR069W,0,2.876234,0.1418878436088562,0.6758555173873901,0.43224769830703735
YMR218C,YGR175C,0,2.876233,0.1418595314025879,0.6758555173873901,0.43234822154045105
YML032C,YMR182C,0,2.8761516,0.14183123409748077,0.6758555173873901,0.43244874477386475
YLR390W,YLR042C,0,2.875719,0.14180295169353485,0.6758555173873901,0.43254926800727844
YOR020C,YML128C,0,2.8755903,0.14177466928958893,0.6758555173873901,0.43264979124069214
YGL236C,YIR005W,0,2.8755322,0.1417464166879654,0.6758555173873901,0.43275031447410583
YDR530C,YNR044W,0,2.8755054,0.14171816408634186,0.6758555173873901,0.43285083770751953
YDR067C,YBL058W,0,2.8750224,0.14168991148471832,0.6758555173873901,0.4329513609409332
YDR131C,YNL147W,0,2.8747907,0.14166168868541718,0.6758555173873901,0.4330518841743469
YKR036C,YDR508C,0,2.8746367,0.14163346588611603,0.6758555173873901,0.43315237760543823
YIL080W,YLR251W,0,2.8746338,0.14160525798797607,0.6758555173873901,0.43325290083885193
YGR238C,YLR348C,0,2.8746076,0.14157706499099731,0.6758555173873901,0.4333534240722656
YPR008W,YNL139C,1,2.8746004,0.14174796640872955,0.6768060922622681,0.4333534240722656
YLR187W,YFR036W,0,2.8744388,0.1417197436094284,0.6768060922622681,0.4334539473056793
YLR417W,YOL012C,1,2.874364,0.1418905407190323,0.677756667137146,0.4334539473056793
YCR081W,YDL084W,1,2.8743093,0.1420612782239914,0.6787072420120239,0.4334539473056793
YMR186W,YCR052W,0,2.8742692,0.14203302562236786,0.6787072420120239,0.433554470539093
YHR002W,YOR180C,0,2.87391,0.14200477302074432,0.6787072420120239,0.4336549937725067
YAR027W,YNR003C,0,2.8737106,0.14197653532028198,0.6787072420120239,0.4337555170059204
YKL117W,YDR081C,0,2.873093,0.14194831252098083,0.6787072420120239,0.4338560402393341
YNL008C,YHR002W,0,2.8730538,0.1419200897216797,0.6787072420120239,0.4339565634727478
YMR179W,YKL096W-A,0,2.8729038,0.14189189672470093,0.6787072420120239,0.4340570867061615
YJR017C,YBR050C,1,2.8727403,0.14206238090991974,0.6796578168869019,0.4340570867061615
YDR228C,YGR005C,1,2.872633,0.14223282039165497,0.6806083917617798,0.4340570867061615
YBR230C,YDR373W,0,2.8723068,0.14220456779003143,0.6806083917617798,0.4341576099395752
YLR157C,YDR138W,0,2.8717747,0.1421763300895691,0.6806083917617798,0.4342581331729889
YMR032W,YMR267W,0,2.8716655,0.14214810729026794,0.6806083917617798,0.4343586564064026
YOL145C,YDR081C,1,2.8714495,0.14231838285923004,0.6815589070320129,0.4343586564064026
YDR512C,YPR127W,0,2.871389,0.1422901302576065,0.6815589070320129,0.4344591796398163
YOR338W,YCR026C,0,2.8708098,0.14226190745830536,0.6815589070320129,0.43455970287323
YFL048C,YGR084C,0,2.8707793,0.1422336846590042,0.6815589070320129,0.4346602261066437
YCL036W,YDR332W,0,2.87049,0.14220547676086426,0.6815589070320129,0.4347607493400574
YPL254W,YOR210W,1,2.870425,0.14237557351589203,0.6825094819068909,0.4347607493400574
YIL094C,YNL147W,0,2.86995,0.14234735071659088,0.6825094819068909,0.43486127257347107
YKR026C,YAL029C,0,2.8699496,0.14231912791728973,0.6825094819068909,0.43496179580688477
YBR202W,YNR044W,0,2.8696928,0.14229092001914978,0.6825094819068909,0.43506231904029846
YPL082C,YMR246W,0,2.8696752,0.14226272702217102,0.6825094819068909,0.43516284227371216
YBR080C,YKL168C,0,2.8695598,0.14223454892635345,0.6825094819068909,0.43526336550712585
YGR167W,YMR238W,0,2.869512,0.1422063708305359,0.6825094819068909,0.43536388874053955
YDR167W,YGR276C,0,2.8695018,0.1421782225370407,0.6825094819068909,0.43546441197395325
YNL084C,YNL309W,0,2.8692632,0.14215007424354553,0.6825094819068909,0.43556493520736694
YPL218W,YMR136W,0,2.869099,0.14212192595005035,0.6825094819068909,0.43566545844078064
YMR186W,YJL006C,0,2.8688843,0.14209380745887756,0.6825094819068909,0.43576598167419434
YGR175C,YDR416W,0,2.8674178,0.14206568896770477,0.6825094819068909,0.43586650490760803
YMR065W,YDR496C,0,2.8670864,0.14203758537769318,0.6825094819068909,0.43596702814102173
YHR135C,YGR089W,0,2.8668988,0.14200949668884277,0.6825094819068909,0.4360675513744354
YDL078C,YKL001C,0,2.8665712,0.14198140799999237,0.6825094819068909,0.4361680746078491
YNL236W,YGL037C,0,2.8656752,0.14195333421230316,0.6825094819068909,0.4362685978412628
YNR074C,YNL232W,0,2.8654795,0.14192527532577515,0.6825094819068909,0.4363691210746765
YKR055W,YKL144C,0,2.8654418,0.14189723134040833,0.6825094819068909,0.4364696443080902
YOR239W,YNL070W,0,2.8652487,0.1418692022562027,0.6825094819068909,0.4365701675415039
YPR152C,YCR012W,0,2.86523,0.14184117317199707,0.6825094819068909,0.4366706907749176
YBR155W,YLR268W,0,2.864966,0.14181315898895264,0.6825094819068909,0.4367712140083313
YLL041C,YCR060W,0,2.8645453,0.1417851448059082,0.6825094819068909,0.436871737241745
YDL022W,YEL029C,0,2.864034,0.14175716042518616,0.6825094819068909,0.4369722604751587
YOR176W,YOR378W,0,2.8639333,0.1417291760444641,0.6825094819068909,0.4370727837085724
YNL281W,YMR087W,0,2.8638818,0.14170120656490326,0.6825094819068909,0.4371733069419861
YOR351C,YPR138C,0,2.8632138,0.1416732370853424,0.6825094819068909,0.4372738301753998
YPR113W,YIR032C,0,2.8631215,0.14164529740810394,0.6825094819068909,0.4373743534088135
YKR103W,YOR313C,0,2.8631184,0.14161735773086548,0.6825094819068909,0.4374748766422272
YPR162C,YIL135C,0,2.8621473,0.1415894329547882,0.6825094819068909,0.43757539987564087
YDR392W,YDR259C,1,2.8621397,0.14175868034362793,0.6834600567817688,0.43757539987564087
YDR512C,YLR300W,0,2.8620028,0.14173072576522827,0.6834600567817688,0.43767592310905457
YDR138W,YOR313C,0,2.8619928,0.141702800989151,0.6834600567817688,0.43777644634246826
YGR180C,YNR031C,0,2.8618522,0.14167487621307373,0.6834600567817688,0.43787696957588196
YNL008C,YOR297C,0,2.8617861,0.14164696633815765,0.6834600567817688,0.43797749280929565
YEL029C,YBR257W,0,2.8617444,0.14161907136440277,0.6834600567817688,0.43807801604270935
YKL062W,YMR070W,1,2.8616667,0.14178811013698578,0.6844106316566467,0.43807801604270935
YPL244C,YER115C,0,2.8613994,0.1417601853609085,0.6844106316566467,0.43817853927612305
YPL150W,YDR451C,0,2.8613737,0.14173229038715363,0.6844106316566467,0.43827906250953674
YMR182C,YBR276C,0,2.8611522,0.14170439541339874,0.6844106316566467,0.43837958574295044
YDR030C,YPR072W,0,2.8611517,0.14167650043964386,0.6844106316566467,0.43848010897636414
YGL170C,YDL245C,0,2.860841,0.14164863526821136,0.6844106316566467,0.43858063220977783
YLR244C,YDR173C,0,2.8608146,0.14162077009677887,0.6844106316566467,0.43868115544319153
YOL086C,YPL213W,0,2.8607006,0.14159291982650757,0.6844106316566467,0.4387816786766052
YPR171W,YBR261C,0,2.860424,0.14156508445739746,0.6844106316566467,0.4388822019100189
YNL251C,YMR030W,1,2.8603373,0.1417338252067566,0.6853612065315247,0.4388822019100189
YAL022C,YDL216C,0,2.860299,0.1417059749364853,0.6853612065315247,0.43898269534111023
YLR228C,YDL140C,0,2.8602276,0.141678124666214,0.6853612065315247,0.4390832185745239
YER185W,YOR216C,0,2.8601995,0.14165028929710388,0.6853612065315247,0.4391837418079376
YNL178W,YCL025C,0,2.859816,0.14162246882915497,0.6853612065315247,0.4392842650413513
YOL101C,YHR008C,0,2.859415,0.14159466326236725,0.6853612065315247,0.439384788274765
YGL158W,YCL057W,0,2.8593767,0.14156685769557953,0.6853612065315247,0.4394853115081787
YFL033C,YPL112C,0,2.859151,0.141539067029953,0.6853612065315247,0.4395858347415924
YDR138W,YMR075W,0,2.8591497,0.14151129126548767,0.6853612065315247,0.4396863579750061
YGL212W,YDR353W,0,2.8590395,0.14148351550102234,0.6853612065315247,0.4397868812084198
YPR194C,YJL191W,0,2.8587568,0.1414557546377182,0.6853612065315247,0.4398874044418335
YNL304W,YDL083C,0,2.8586397,0.14142800867557526,0.6853612065315247,0.4399879276752472
YBL005W-B,YLR348C,0,2.8582754,0.1414002776145935,0.6853612065315247,0.4400884509086609
YHR041C,YNL175C,0,2.8581922,0.14137254655361176,0.6853612065315247,0.4401889741420746
YER138C,YLR129W,0,2.8580832,0.1413448303937912,0.6853612065315247,0.4402894973754883
YJL225C,YER165W,0,2.8580291,0.14131712913513184,0.6853612065315247,0.440390020608902
YGR167W,YGR155W,0,2.857884,0.14128944277763367,0.6853612065315247,0.4404905438423157
YOR298C-A,YER045C,1,2.8577485,0.1414576768875122,0.6863117814064026,0.4404905438423157
YDL142C,YLR145W,0,2.8576493,0.14142997562885284,0.6863117814064026,0.44059106707572937
YOR230W,YKL015W,0,2.8576162,0.14140227437019348,0.6863117814064026,0.44069159030914307
YLR395C,YGR036C,0,2.857589,0.1413745880126953,0.6863117814064026,0.44079211354255676
YDL024C,YGR112W,0,2.8575664,0.14134690165519714,0.6863117814064026,0.44089263677597046
YGR180C,YKL119C,0,2.857407,0.14131924510002136,0.6863117814064026,0.44099316000938416
YKL007W,YEL053C,0,2.8573909,0.14129158854484558,0.6863117814064026,0.44109368324279785
YPR001W,YCR052W,0,2.8573718,0.141263946890831,0.6863117814064026,0.44119420647621155
YOL067C,YOR162C,1,2.8569047,0.14143192768096924,0.6872623562812805,0.44119420647621155
YLR160C,YOR311C,0,2.8566506,0.14140425622463226,0.6872623562812805,0.44129472970962524
YJR149W,YLR389C,0,2.8561902,0.14137661457061768,0.6872623562812805,0.44139525294303894
YBR287W,YLR130C,0,2.8561268,0.1413489729166031,0.6872623562812805,0.44149577617645264
YBR020W,YJL030W,0,2.8560972,0.1413213461637497,0.6872623562812805,0.44159629940986633
YDR137W,YKL067W,0,2.8559642,0.1412937194108963,0.6872623562812805,0.44169682264328003
YKL064W,YBR192W,0,2.855478,0.1412661224603653,0.6872623562812805,0.4417973458766937
YPR091C,YLR325C,0,2.8552873,0.1412385255098343,0.6872623562812805,0.4418978691101074
YPR194C,YMR097C,0,2.8551602,0.14121094346046448,0.6872623562812805,0.4419983923435211
YLR390W,YGR229C,0,2.8551579,0.14118336141109467,0.6872623562812805,0.4420989155769348
YLR312W-A,YGR113W,0,2.855115,0.14115579426288605,0.6872623562812805,0.4421994388103485
YDR082W,YGL050W,0,2.8549776,0.14112824201583862,0.6872623562812805,0.4422999620437622
YPR083W,YGL148W,0,2.8546295,0.1411007046699524,0.6872623562812805,0.4424004852771759
YJL029C,YAL029C,0,2.854614,0.14107316732406616,0.6872623562812805,0.4425010085105896
YDR378C,YOL052C,0,2.8545542,0.14104564487934113,0.6872623562812805,0.4426015317440033
YGR221C,YJL029C,0,2.8542023,0.14101813733577728,0.6872623562812805,0.442702054977417
YHR061C,YDL140C,0,2.8537023,0.14099064469337463,0.6872623562812805,0.4428025782108307
YDR067C,YNR002C,0,2.8536348,0.14096315205097198,0.6872623562812805,0.4429031014442444
YMR137C,YPR125W,0,2.853367,0.14093567430973053,0.6872623562812805,0.4430036246776581
YNR044W,YMR034C,0,2.853242,0.14090821146965027,0.6872623562812805,0.4431041479110718
YJR078W,YNL238W,0,2.8526874,0.14088074862957,0.6872623562812805,0.4432046711444855
YCR026C,YPL093W,0,2.852344,0.14085330069065094,0.6872623562812805,0.44330519437789917
YBR118W,YKR020W,0,2.8522024,0.14082586765289307,0.6872623562812805,0.44340571761131287
YNL283C,YLR359W,0,2.8521776,0.1407984346151352,0.6872623562812805,0.44350624084472656
YJL166W,YDR416W,0,2.8519664,0.1407710313796997,0.6872623562812805,0.44360676407814026
YIL095W,YOL090W,0,2.851965,0.14074362814426422,0.6872623562812805,0.44370728731155396
YGL209W,YDR530C,0,2.8515625,0.14071622490882874,0.6872623562812805,0.44380781054496765
YPL113C,YKL015W,0,2.851478,0.14068885147571564,0.6872623562812805,0.44390833377838135
YOR206W,YDL170W,0,2.8513007,0.14066147804260254,0.6872623562812805,0.44400885701179504
YHR029C,YGL094C,0,2.8510883,0.14063411951065063,0.6872623562812805,0.44410938024520874
YBR260C,YDR245W,0,2.850947,0.14060676097869873,0.6872623562812805,0.44420990347862244
YBR080C,YOL004W,0,2.8509147,0.1405794322490692,0.6872623562812805,0.44431042671203613
YAL013W,YML127W,1,2.8498235,0.14074650406837463,0.6882129311561584,0.44431042671203613
YJL053W,YJR026W,0,2.8498063,0.14071914553642273,0.6882129311561584,0.44441094994544983
YMR176W,YGL226C-A,0,2.8497858,0.14069180190563202,0.6882129311561584,0.4445114731788635
YER022W,YBR067C,0,2.8496833,0.1406644582748413,0.6882129311561584,0.4446119964122772
YGR199W,YFR019W,0,2.8495092,0.14063714444637299,0.6882129311561584,0.4447125196456909
YAL068C,YPR025C,1,2.8494768,0.14080403745174408,0.6891635060310364,0.4447125196456909
YPR026W,YBR278W,0,2.8493948,0.14077669382095337,0.6891635060310364,0.4448130130767822
YNL025C,YNL314W,1,2.8493118,0.1409435123205185,0.6901140809059143,0.4448130130767822
YHR099W,YER088C,1,2.8491235,0.14111024141311646,0.6910646557807922,0.4448130130767822
YMR269W,YDR062W,0,2.8487735,0.14108286798000336,0.6910646557807922,0.4449135363101959
YLR020C,YKL085W,0,2.8486426,0.14105549454689026,0.6910646557807922,0.4450140595436096
YGR180C,YOL028C,0,2.8483248,0.14102812111377716,0.6910646557807922,0.4451145827770233
YOL086C,YBR223C,0,2.847987,0.14100077748298645,0.6910646557807922,0.445215106010437
YBR118W,YHR175W,0,2.8477752,0.14097343385219574,0.6910646557807922,0.4453156292438507
YGL244W,YNL298W,0,2.8472667,0.14094610512256622,0.6910646557807922,0.4454161524772644
YHR059W,YDR416W,0,2.8470669,0.1409187763929367,0.6910646557807922,0.4455166757106781
YNL025C,YML098W,1,2.8468971,0.14108526706695557,0.6920152306556702,0.4455166757106781
YDR285W,YFR001W,0,2.846545,0.14105793833732605,0.6920152306556702,0.4456171989440918
YDR498C,YGL169W,0,2.8461752,0.14103060960769653,0.6920152306556702,0.4457177221775055
YGR251W,YOL158C,0,2.8461123,0.1410032957792282,0.6920152306556702,0.4458182454109192
YMR250W,YNL182C,0,2.8460212,0.1409759819507599,0.6920152306556702,0.4459187686443329
YLL017W,YLR348C,0,2.8456461,0.14094869792461395,0.6920152306556702,0.4460192918777466
YGR163W,YOL145C,1,2.8456385,0.1411149799823761,0.6929658055305481,0.4460192918777466
YMR039C,YKL110C,1,2.8449688,0.14128120243549347,0.6939163208007812,0.4460192918777466
YLL029W,YLR020C,0,2.844648,0.14125387370586395,0.6939163208007812,0.4461198151111603
YEL031W,YKL201C,0,2.8442235,0.14122654497623444,0.6939163208007812,0.446220338344574
YPL150W,YKL117W,0,2.844132,0.1411992311477661,0.6939163208007812,0.44632086157798767
YLR452C,YJL081C,0,2.8440158,0.1411719173192978,0.6939163208007812,0.44642138481140137
YOL129W,YDR337W,0,2.8439684,0.14114461839199066,0.6939163208007812,0.44652190804481506
YPR187W,YFL066C,0,2.843742,0.14111733436584473,0.6939163208007812,0.44662243127822876
YBR059C,YDR218C,0,2.8431807,0.14109006524085999,0.6939163208007812,0.44672295451164246
YLR163C,YLR026C,0,2.8430803,0.14106279611587524,0.6939163208007812,0.44682347774505615
YNL283C,YPL027W,0,2.8426497,0.1410355418920517,0.6939163208007812,0.44692400097846985
YMR168C,YIR011C,0,2.8419476,0.14100830256938934,0.6939163208007812,0.44702452421188354
YOR251C,YDR416W,0,2.8413796,0.14098107814788818,0.6939163208007812,0.44712504744529724
YLR418C,YAL068C,1,2.841323,0.1411469429731369,0.6948668956756592,0.44712504744529724
YKL064W,YOL062C,0,2.8406477,0.14111968874931335,0.6948668956756592,0.44722557067871094
YGR177C,YKL095W,0,2.8401928,0.141092449426651,0.6948668956756592,0.44732609391212463
YOL148C,YCR040W,1,2.8400235,0.14125819504261017,0.6958174705505371,0.44732609391212463
YMR203W,YGR276C,0,2.839945,0.14123094081878662,0.6958174705505371,0.44742661714553833
YKL022C,YBL098W,0,2.839933,0.14120370149612427,0.6958174705505371,0.447527140378952
YJL029C,YLR301W,0,2.8398485,0.1411764770746231,0.6958174705505371,0.4476276636123657
YJL200C,YLR268W,0,2.8397822,0.14114925265312195,0.6958174705505371,0.4477281868457794
YBR275C,YGR171C,0,2.839603,0.14112204313278198,0.6958174705505371,0.4478287100791931
YOL112W,YDR233C,0,2.8395624,0.14109483361244202,0.6958174705505371,0.4479292333126068
YNL298W,YPR152C,0,2.839363,0.14106763899326324,0.6958174705505371,0.4480297565460205
YNL271C,YDR472W,0,2.8392525,0.14104045927524567,0.6958174705505371,0.4481302797794342
YER046W,YJR112W,0,2.8391104,0.14101329445838928,0.6958174705505371,0.4482308030128479
YOR298W,YPL129W,0,2.839006,0.1409861296415329,0.6958174705505371,0.4483313262462616
YKL020C,YLR130C,0,2.8387434,0.1409589797258377,0.6958174705505371,0.4484318494796753
YHR066W,YGL162W,0,2.8386889,0.1409318447113037,0.6958174705505371,0.448532372713089
YGR175C,YDL148C,0,2.8385053,0.14090470969676971,0.6958174705505371,0.4486328959465027
YFL057C,YNR044W,0,2.8384905,0.1408776044845581,0.6958174705505371,0.4487334191799164
YKL170W,YGL004C,0,2.8383799,0.1408504843711853,0.6958174705505371,0.4488339424133301
YPL122C,YNL216W,1,2.8379147,0.14101576805114746,0.696768045425415,0.4488339424133301
YOL142W,YKR026C,0,2.837757,0.14098864793777466,0.696768045425415,0.4489344656467438
YKR103W,YIL135C,0,2.8376987,0.14096154272556305,0.696768045425415,0.44903498888015747
YLR321C,YDR508C,0,2.8376794,0.14093443751335144,0.696768045425415,0.44913551211357117
YOR338W,YPL082C,1,2.8376012,0.14109957218170166,0.697718620300293,0.44913551211357117
YOR301W,YLR130C,0,2.8375247,0.14107245206832886,0.697718620300293,0.44923603534698486
YMR089C,YBL113C,0,2.8373625,0.14104534685611725,0.697718620300293,0.44933655858039856
YDR351W,YLR325C,0,2.837175,0.14101825654506683,0.697718620300293,0.44943708181381226
YBL089W,YJL006C,0,2.8371367,0.14099116623401642,0.697718620300293,0.44953760504722595
YGL122C,YOR311C,0,2.836583,0.1409640908241272,0.697718620300293,0.44963812828063965
YOR038C,YMR179W,1,2.8364358,0.1411290317773819,0.6986691951751709,0.44963812828063965
YBR096W,YDL128W,0,2.8363502,0.14110194146633148,0.6986691951751709,0.44973865151405334
YAL021C,YPL042C,1,2.836328,0.14126679301261902,0.6996197700500488,0.44973865151405334
YLR289W,YKL170W,0,2.8359442,0.1412396878004074,0.6996197700500488,0.44983917474746704
YDR371W,YNL153C,0,2.8356016,0.1412125825881958,0.6996197700500488,0.44993969798088074
YGL170C,YLR033W,0,2.835476,0.14118549227714539,0.6996197700500488,0.45004022121429443
YGR052W,YHR057C,0,2.8352916,0.14115841686725616,0.6996197700500488,0.45014074444770813
YNL095C,YOL004W,0,2.8350883,0.14113135635852814,0.6996197700500488,0.4502412676811218
YDL246C,YPR043W,0,2.8349857,0.1411042958498001,0.6996197700500488,0.4503417909145355
YJL087C,YAL038W,0,2.8348758,0.14107725024223328,0.6996197700500488,0.4504423141479492
YPL011C,YLR055C,1,2.8345048,0.14124184846878052,0.7005703449249268,0.4504423141479492
YOR054C,YGR185C,0,2.8343928,0.1412147879600525,0.7005703449249268,0.4505428373813629
YDL227C,YPL078C,0,2.834349,0.14118774235248566,0.7005703449249268,0.4506433308124542
YGR169C,YHR174W,0,2.8341818,0.14116069674491882,0.7005703449249268,0.4507438540458679
YPR072W,YKL190W,0,2.8341432,0.14113366603851318,0.7005703449249268,0.4508443772792816
YBR278W,YFL014W,0,2.8340616,0.14110665023326874,0.7005703449249268,0.4509449005126953
YNL261W,YNL117W,0,2.8337312,0.1410796344280243,0.7005703449249268,0.451045423746109
YKR071C,YPL244C,0,2.8330817,0.14105263352394104,0.7005703449249268,0.4511459469795227
YKL078W,YLR042C,0,2.8329291,0.14102564752101898,0.7005703449249268,0.4512464702129364
YGL256W,YDR081C,0,2.832704,0.14099866151809692,0.7005703449249268,0.4513469934463501
YPR001W,YPR060C,0,2.832593,0.14097169041633606,0.7005703449249268,0.4514475166797638
YOL141W,YLR151C,0,2.83249,0.1409447342157364,0.7005703449249268,0.4515480399131775
YFR033C,YER190W,0,2.8320208,0.14091777801513672,0.7005703449249268,0.4516485631465912
YLR033W,YNL092W,0,2.8317728,0.14089083671569824,0.7005703449249268,0.4517490863800049
YNL304W,YLR213C,0,2.831674,0.14086391031742096,0.7005703449249268,0.4518496096134186
YEL052W,YHR056C,0,2.8316703,0.14083699882030487,0.7005703449249268,0.4519501328468323
YDL217C,YOR349W,0,2.8313713,0.14081008732318878,0.7005703449249268,0.45205065608024597
YOL155C,YMR203W,0,2.8309593,0.1407831907272339,0.7005703449249268,0.45215117931365967
YOR301W,YFL010W-A,0,2.8305473,0.14075630903244019,0.7005703449249268,0.45225170254707336
YPR060C,YEL029C,0,2.830473,0.14072942733764648,0.7005703449249268,0.45235222578048706
YBR118W,YPL007C,0,2.830419,0.14070256054401398,0.7005703449249268,0.45245274901390076
YDL227C,YNR018W,0,2.8302474,0.14067570865154266,0.7005703449249268,0.45255327224731445
YOR140W,YLR223C,1,2.8297815,0.14083969593048096,0.7015209197998047,0.45255327224731445
YFR013W,YBL026W,0,2.8297276,0.14081282913684845,0.7015209197998047,0.45265379548072815
YJR138W,YJL140W,0,2.8295934,0.14078596234321594,0.7015209197998047,0.45275431871414185
YDR518W,YLR264W,0,2.8295515,0.14075911045074463,0.7015209197998047,0.45285484194755554
YER148W,YDR176W,1,2.829509,0.14092296361923218,0.7024714946746826,0.45285484194755554
YML099C,YLR344W,0,2.8294008,0.14089609682559967,0.7024714946746826,0.45295536518096924
YGR252W,YBR278W,0,2.8293948,0.14086923003196716,0.7024714946746826,0.45305588841438293
YDL055C,YGL241W,0,2.8292494,0.14084239304065704,0.7024714946746826,0.45315641164779663
YOL112W,YGR285C,0,2.8289008,0.14081555604934692,0.7024714946746826,0.4532569348812103
YHL034C,YHL027W,0,2.8286815,0.1407887190580368,0.7024714946746826,0.453357458114624
YDR383C,YOR382W,0,2.8286772,0.14076191186904907,0.7024714946746826,0.4534579813480377
YNL032W,YHR008C,0,2.8283515,0.14073510468006134,0.7024714946746826,0.4535585045814514
YDR304C,YOR251C,0,2.8277178,0.1407082974910736,0.7024714946746826,0.4536590278148651
YBR066C,YGR268C,0,2.8274522,0.14068152010440826,0.7024714946746826,0.4537595510482788
YHR060W,YMR033W,0,2.8267531,0.14065474271774292,0.7024714946746826,0.4538600742816925
YJL140W,YDR449C,0,2.8263648,0.14062798023223877,0.7024714946746826,0.4539605975151062
YOL148C,YIL143C,1,2.8263302,0.14079147577285767,0.7034220695495605,0.4539605975151062
YOR232W,YDR151C,0,2.8261714,0.14076469838619232,0.7034220695495605,0.4540611207485199
YPL083C,YKR044W,0,2.8261318,0.14073792099952698,0.7034220695495605,0.4541616439819336
YGL122C,YOL026C,0,2.8257427,0.14071115851402283,0.7034220695495605,0.4542621672153473
YDL217C,YNR044W,0,2.8255603,0.14068441092967987,0.7034220695495605,0.454362690448761
YGR036C,YGL203C,0,2.8254046,0.14065766334533691,0.7034220695495605,0.4544632136821747
YNR017W,YJL214W,0,2.8251705,0.14063094556331635,0.7034220695495605,0.4545637369155884
YNL238W,YPL065W,0,2.8250134,0.14060421288013458,0.7034220695495605,0.4546642601490021
YOL129W,YMR075W,0,2.8247797,0.1405775099992752,0.7034220695495605,0.45476478338241577
YCR057C,YGR077C,0,2.8246202,0.14055080711841583,0.7034220695495605,0.45486530661582947
YBR002C,YML036W,0,2.824567,0.14052411913871765,0.7034220695495605,0.45496582984924316
YDL045W-A,YHR060W,0,2.8242161,0.14049743115901947,0.7034220695495605,0.45506635308265686
YDL028C,YOL136C,0,2.8239484,0.14047077298164368,0.7034220695495605,0.45516687631607056
YCR060W,YJL060W,0,2.8238275,0.1404440999031067,0.7034220695495605,0.45526739954948425
YDL215C,YDR476C,0,2.823797,0.1404174566268921,0.7034220695495605,0.45536792278289795
YBR223C,YJL071W,0,2.8237157,0.1403908133506775,0.7034220695495605,0.45546844601631165
YGL014W,YDR222W,0,2.823361,0.14036418497562408,0.7034220695495605,0.45556896924972534
YGR264C,YOL102C,0,2.8232841,0.14033757150173187,0.7034220695495605,0.45566949248313904
YDR196C,YER052C,0,2.8221307,0.14031095802783966,0.7034220695495605,0.45577001571655273
YLR380W,YNL027W,0,2.822129,0.14028435945510864,0.7034220695495605,0.45587053894996643
YMR168C,YHR119W,0,2.8221192,0.14025777578353882,0.7034220695495605,0.4559710621833801
YBR083W,YLR055C,1,2.82191,0.14042069017887115,0.7043726444244385,0.4559710621833801
YOL057W,YLR348C,0,2.8216162,0.14039409160614014,0.7043726444244385,0.4560715854167938
YLR291C,YLR348C,0,2.8208213,0.14036749303340912,0.7043726444244385,0.4561721086502075
YMR284W,YBL112C,0,2.8207285,0.1403409093618393,0.7043726444244385,0.4562726318836212
YPL082C,YJR032W,0,2.820701,0.14031434059143066,0.7043726444244385,0.4563731551170349
YPR091C,YOR204W,0,2.820375,0.14028777182102203,0.7043726444244385,0.4564736485481262
YNL231C,YLR209C,0,2.8198714,0.1402612179517746,0.7043726444244385,0.4565741717815399
YOR089C,YDR373W,0,2.8197892,0.14023466408252716,0.7043726444244385,0.4566746950149536
YNL032W,YPL011C,0,2.8195176,0.1402081400156021,0.7043726444244385,0.4567752182483673
YDR351W,YJR063W,0,2.8193579,0.14018161594867706,0.7043726444244385,0.456875741481781
YGL158W,YDL054C,0,2.8192124,0.14015509188175201,0.7043726444244385,0.4569762647151947
YBR002C,YNL281W,0,2.819198,0.14012859761714935,0.7043726444244385,0.4570767879486084
YPR011C,YHR174W,0,2.8189483,0.1401021033525467,0.7043726444244385,0.4571773111820221
YHR012W,YOL145C,0,2.8186164,0.14007560908794403,0.7043726444244385,0.4572778344154358
YAR035W,YMR295C,0,2.8186078,0.14004914462566376,0.7043726444244385,0.4573783576488495
YNL298W,YDR444W,0,2.8184898,0.14002268016338348,0.7043726444244385,0.4574788808822632
YDL029W,YBL052C,0,2.8184762,0.1399962157011032,0.7043726444244385,0.4575794041156769
YGR252W,YGL127C,1,2.8180099,0.14015866816043854,0.7053232192993164,0.4575794041156769
YDR167W,YKL009W,0,2.817762,0.14013220369815826,0.7053232192993164,0.4576799273490906
YCL014W,YGR179C,0,2.8175144,0.140105739235878,0.7053232192993164,0.4577804505825043
YDL107W,YML071C,0,2.8168597,0.1400792896747589,0.7053232192993164,0.45788097381591797
YBR278W,YMR020W,0,2.8167868,0.14005285501480103,0.7053232192993164,0.45798149704933167
YDR419W,YMR097C,0,2.816661,0.14002642035484314,0.7053232192993164,0.45808202028274536
YKL041W,YDR083W,0,2.8163273,0.14000000059604645,0.7053232192993164,0.45818254351615906
YJL029C,YDR449C,0,2.8162897,0.13997359573841095,0.7053232192993164,0.45828306674957275
YOR084W,YMR054W,0,2.8162248,0.13994719088077545,0.7053232192993164,0.45838358998298645
YNL010W,YDR416W,0,2.8156114,0.13992080092430115,0.7053232192993164,0.45848411321640015
YDR378C,YCL034W,0,2.815575,0.13989442586898804,0.7053232192993164,0.45858463644981384
YBR052C,YKL082C,0,2.8154845,0.13986805081367493,0.7053232192993164,0.45868515968322754
YKR055W,YFL010W-A,0,2.8148334,0.139841690659523,0.7053232192993164,0.45878568291664124
YLR157C,YJL178C,0,2.8147836,0.1398153454065323,0.7053232192993164,0.45888620615005493
YPR011C,YJL144W,0,2.8147793,0.13978900015354156,0.7053232192993164,0.45898672938346863
YLL034C,YFL054C,0,2.8145905,0.13976266980171204,0.7053232192993164,0.4590872526168823
YMR182C,YHR066W,0,2.8145847,0.1397363394498825,0.7053232192993164,0.459187775850296
YNR031C,YMR077C,0,2.8143225,0.13971003890037537,0.7053232192993164,0.4592882990837097
YGR034W,YNL262W,0,2.8141627,0.13968373835086823,0.7053232192993164,0.4593888223171234
YPR196W,YBR230C,0,2.8136728,0.13965743780136108,0.7053232192993164,0.4594893455505371
YGR010W,YBR223C,0,2.8134708,0.13963116705417633,0.7053232192993164,0.4595898687839508
YGL112C,YGR169C,0,2.8132157,0.13960489630699158,0.7053232192993164,0.4596903920173645
YDR498C,YPR127W,0,2.8132083,0.13957862555980682,0.7053232192993164,0.4597909152507782
YFR001W,YNL259C,0,2.813185,0.13955238461494446,0.7053232192993164,0.4598914384841919
YMR049C,YHR174W,0,2.8131704,0.1395261436700821,0.7053232192993164,0.4599919617176056
YBR223C,YBR031W,0,2.8131313,0.13949990272521973,0.7053232192993164,0.4600924849510193
YLL041C,YOL124C,0,2.8128695,0.13947369158267975,0.7053232192993164,0.460193008184433
YDR414C,YNR010W,0,2.8127692,0.13944746553897858,0.7053232192993164,0.4602935314178467
YGR056W,YER046W,0,2.8125916,0.1394212692975998,0.7053232192993164,0.4603940546512604
YNL070W,YKL168C,0,2.8123899,0.139395073056221,0.7053232192993164,0.4604945778846741
YDR262W,YPR138C,0,2.8123326,0.13936889171600342,0.7053232192993164,0.46059510111808777
YDR423C,YOR279C,0,2.8121603,0.13934272527694702,0.7053232192993164,0.46069562435150146
YDR205W,YMR136W,0,2.8118548,0.13931655883789062,0.7053232192993164,0.46079614758491516
YLL003W,YLR264W,0,2.8118398,0.13929040729999542,0.7053232192993164,0.46089667081832886
YDR131C,YPL011C,0,2.8117774,0.1392642706632614,0.7053232192993164,0.46099719405174255
YDL198C,YOR089C,0,2.8114371,0.1392381340265274,0.7053232192993164,0.46109771728515625
YCL008C,YAL017W,0,2.8110003,0.1392120122909546,0.7053232192993164,0.46119824051856995
YHR069C,YJL166W,0,2.8109798,0.13918589055538177,0.7053232192993164,0.46129876375198364
YDL024C,YFL017W-A,0,2.810835,0.13915978372097015,0.7053232192993164,0.46139928698539734
YNL307C,YAL040C,0,2.810831,0.13913369178771973,0.7053232192993164,0.46149981021881104
YNL070W,YOR089C,0,2.8103619,0.1391076147556305,0.7053232192993164,0.46160033345222473
YOL072W,YPL177C,1,2.8102856,0.13926897943019867,0.7062737345695496,0.46160033345222473
YLL040C,YJR103W,0,2.810032,0.13924287259578705,0.7062737345695496,0.4617008566856384
YHR056C,YGL151W,1,2.8098392,0.13940416276454926,0.7072243094444275,0.4617008566856384
YDR076W,YGL225W,0,2.809692,0.13937804102897644,0.7072243094444275,0.4618013799190521
YNL163C,YJR028W,0,2.8094933,0.13935193419456482,0.7072243094444275,0.4619019031524658
YDR026C,YPL196W,0,2.8092391,0.1393258422613144,0.7072243094444275,0.4620024263858795
YJL034W,YPL151C,0,2.8091073,0.13929975032806396,0.7072243094444275,0.4621029496192932
YMR203W,YPL082C,0,2.8090003,0.13927367329597473,0.7072243094444275,0.4622034728527069
YLR256W,YGR122W,1,2.8088531,0.13943476974964142,0.7081748843193054,0.4622034728527069
YEL022W,YMR203W,0,2.8087294,0.139408677816391,0.7081748843193054,0.4623039662837982
YHR085W,YBR276C,0,2.808601,0.13938260078430176,0.7081748843193054,0.4624044895172119
YLR278C,YDR260C,0,2.8085265,0.13935652375221252,0.7081748843193054,0.4625050127506256
YGL162W,YGR271W,0,2.8082924,0.13933046162128448,0.7081748843193054,0.4626055359840393
YGL241W,YMR301C,0,2.8082764,0.13930441439151764,0.7081748843193054,0.462706059217453
YCL014W,YPL167C,0,2.8082108,0.1392783671617508,0.7081748843193054,0.4628065824508667
YOL057W,YHR008C,0,2.808113,0.13925233483314514,0.7081748843193054,0.4629071056842804
YMR159C,YHR051W,0,2.8076992,0.13922631740570068,0.7081748843193054,0.4630076289176941
YPR026W,YDL217C,0,2.8074212,0.13920029997825623,0.7081748843193054,0.4631081521511078
YNL314W,YOL165C,0,2.8072896,0.13917429745197296,0.7081748843193054,0.4632086753845215
YML051W,YKL020C,0,2.8072886,0.1391482949256897,0.7081748843193054,0.4633091986179352
YKR071C,YJL172W,0,2.807027,0.13912232220172882,0.7081748843193054,0.4634097218513489
YGR085C,YGL026C,0,2.8068986,0.13909633457660675,0.7081748843193054,0.4635102450847626
YGR238C,YMR137C,0,2.8068242,0.13907037675380707,0.7081748843193054,0.46361076831817627
YLR020C,YJL071W,0,2.8064845,0.13904441893100739,0.7081748843193054,0.46371129155158997
YGL014W,YGR012W,0,2.8063912,0.1390184760093689,0.7081748843193054,0.46381181478500366
YBL005W-B,YLR164W,0,2.8061244,0.1389925330877304,0.7081748843193054,0.46391233801841736
YJL066C,YDR476C,0,2.805817,0.1389666050672531,0.7081748843193054,0.46401286125183105
YCR057C,YDR218C,0,2.8057048,0.138940691947937,0.7081748843193054,0.46411338448524475
YNL288W,YDR516C,1,2.8054447,0.13910125195980072,0.7091254591941833,0.46411338448524475
YDL171C,YDR218C,0,2.805441,0.13907532393932343,0.7091254591941833,0.46421390771865845
YMR200W,YDR392W,0,2.8052363,0.13904939591884613,0.7091254591941833,0.46431443095207214
YMR276W,YNR057C,0,2.8051248,0.13902348279953003,0.7091254591941833,0.46441495418548584
YML069W,YOR315W,1,2.8049011,0.139183908700943,0.7100760340690613,0.46441495418548584
YJR004C,YDR403W,0,2.8044007,0.1391579657793045,0.7100760340690613,0.46451547741889954
YCL018W,YBL011W,0,2.8043613,0.1391320526599884,0.7100760340690613,0.46461600065231323
YGR271W,YJR103W,0,2.803992,0.1391061395406723,0.7100760340690613,0.46471652388572693
YOL158C,YOL054W,0,2.8039293,0.1390802413225174,0.7100760340690613,0.4648170471191406
YGL183C,YLR389C,0,2.8037949,0.13905435800552368,0.7100760340690613,0.4649175703525543
YBR083W,YOR047C,1,2.8036644,0.13921459019184113,0.7110266089439392,0.4649175703525543
YBL008W,YDR421W,1,2.803625,0.1393747627735138,0.7119771838188171,0.4649175703525543
YOL101C,YBL079W,0,2.8035908,0.1393488347530365,0.7119771838188171,0.465018093585968
YAR035W,YFL010W-A,0,2.8035843,0.1393229216337204,0.7119771838188171,0.4651186168193817
YGL236C,YNL230C,0,2.803362,0.1392970085144043,0.7119771838188171,0.4652191400527954
YBR080C,YJL082W,0,2.8032503,0.1392711102962494,0.7119771838188171,0.4653196632862091
YGL115W,YDR190C,1,2.8021216,0.13943111896514893,0.7129277586936951,0.4653196632862091
YLR191W,YDL148C,0,2.8014534,0.13940520584583282,0.7129277586936951,0.4654201865196228
YLR277C,YER171W,1,2.8014474,0.1395651400089264,0.713878333568573,0.4654201865196228
YPR011C,YKR006C,0,2.801165,0.1395392119884491,0.713878333568573,0.4655207097530365
YEL052W,YJL005W,0,2.8011274,0.1395132839679718,0.713878333568573,0.4656212329864502
YPR080W,YLR209C,0,2.8009653,0.1394873708486557,0.713878333568573,0.4657217562198639
YOR291W,YAR027W,0,2.800857,0.1394614726305008,0.713878333568573,0.4658222794532776
YBR129C,YIL076W,0,2.800653,0.1394355744123459,0.713878333568573,0.4659228026866913
YBR050C,YDR259C,1,2.8006496,0.13959531486034393,0.7148289084434509,0.4659228026866913
YNR004W,YIR038C,0,2.8005965,0.13956941664218903,0.7148289084434509,0.466023325920105
YGL244W,YGL112C,1,2.800425,0.1397290825843811,0.7157794833183289,0.466023325920105
YOR099W,YDR364C,0,2.8002362,0.1397031545639038,0.7157794833183289,0.4661238491535187
YDR140W,YML132W,0,2.7999291,0.1396772414445877,0.7157794833183289,0.4662243723869324
YGR282C,YMR179W,0,2.7998846,0.1396513283252716,0.7157794833183289,0.46632489562034607
YLR289W,YMR203W,0,2.799809,0.1396254450082779,0.7157794833183289,0.46642541885375977
YOR216C,YER162C,0,2.799437,0.13959956169128418,0.7157794833183289,0.46652594208717346
YLR029C,YOR142W,0,2.7991846,0.13957367837429047,0.7157794833183289,0.46662646532058716
YLR321C,YDR173C,1,2.7988608,0.13973313570022583,0.7167300581932068,0.46662646532058716
YLR277C,YNL139C,1,2.7988071,0.13989253342151642,0.7176806330680847,0.46662646532058716
YDR059C,YPL167C,0,2.7987142,0.13986662030220032,0.7176806330680847,0.46672698855400085
YDL028C,YBR172C,0,2.7979054,0.13984070718288422,0.7176806330680847,0.46682751178741455
YMR241W,YOR285W,0,2.797543,0.1398148089647293,0.7176806330680847,0.46692803502082825
YER165W,YMR099C,0,2.7973862,0.1397889256477356,0.7176806330680847,0.46702855825424194
YML073C,YNL078W,0,2.7973142,0.13976305723190308,0.7176806330680847,0.46712908148765564
YLR113W,YKL201C,0,2.797096,0.13973718881607056,0.7176806330680847,0.46722960472106934
YHR074W,YMR061W,0,2.7968934,0.13971132040023804,0.7176806330680847,0.46733012795448303
YDL142C,YNR060W,0,2.7967787,0.1396854817867279,0.7176806330680847,0.46743065118789673
YLR191W,YNL027W,0,2.7967482,0.13965964317321777,0.7176806330680847,0.4675311744213104
YDR410C,YER046W,0,2.7966294,0.13963380455970764,0.7176806330680847,0.4676316976547241
YHR059W,YFR052W,0,2.7965279,0.1396079808473587,0.7176806330680847,0.4677322208881378
YMR312W,YFL039C,1,2.7963235,0.13976705074310303,0.7186312079429626,0.4677322208881378
YDL206W,YLR209C,0,2.7962778,0.1397412270307541,0.7186312079429626,0.4678327441215515
YER154W,YBR170C,0,2.796174,0.13971538841724396,0.7186312079429626,0.4679332673549652
YGL068W,YDR159W,0,2.7961698,0.1396895796060562,0.7186312079429626,0.4680337607860565
YPR187W,YPR030W,1,2.795037,0.1398485153913498,0.7195817232131958,0.4680337607860565
YBR052C,YDR240C,0,2.7949579,0.13982267677783966,0.7195817232131958,0.4681342840194702
YPL167C,YOR025W,0,2.7948406,0.13979686796665192,0.7195817232131958,0.4682348072528839
YPR200C,YPL078C,0,2.794723,0.13977104425430298,0.7195817232131958,0.4683353304862976
YDL047W,YDR444W,0,2.7945366,0.13974525034427643,0.7195817232131958,0.4684358537197113
YGR175C,YMR075W,0,2.7944732,0.13971945643424988,0.7195817232131958,0.468536376953125
YBR172C,YHR077C,0,2.7942946,0.13969367742538452,0.7195817232131958,0.4686369001865387
YER090W,YER104W,0,2.7941349,0.13966789841651917,0.7195817232131958,0.4687374234199524
YGL014W,YHR039C-A,0,2.7934368,0.139642134308815,0.7195817232131958,0.4688379466533661
YGR180C,YGR179C,0,2.7933838,0.13961638510227203,0.7195817232131958,0.4689384698867798
YOR054C,YDR195W,0,2.793242,0.13959063589572906,0.7195817232131958,0.4690389931201935
YMR112C,YAL056W,1,2.793077,0.13974925875663757,0.7205322980880737,0.4690389931201935
YGR036C,YLR300W,0,2.7929006,0.1397235095500946,0.7205322980880737,0.4691395163536072
YJL166W,YJL213W,0,2.7927985,0.13969774544239044,0.7205322980880737,0.4692400395870209
YGR255C,YOR204W,0,2.7922487,0.13967201113700867,0.7205322980880737,0.46934056282043457
YBL085W,YMR296C,0,2.7922058,0.1396462768316269,0.7205322980880737,0.46944108605384827
YJR078W,YGL148W,0,2.7920272,0.1396205574274063,0.7205322980880737,0.46954160928726196
YDR167W,YIL159W,0,2.7912457,0.13959483802318573,0.7205322980880737,0.46964213252067566
YKR006C,YDR496C,0,2.791095,0.13956913352012634,0.7205322980880737,0.46974265575408936
YNR074C,YOR304C-A,0,2.7910435,0.13954344391822815,0.7205322980880737,0.46984317898750305
YDL055C,YOR377W,0,2.7907314,0.13951776921749115,0.7205322980880737,0.46994370222091675
YDR067C,YOR239W,0,2.790446,0.13949207961559296,0.7205322980880737,0.47004422545433044
YDL246C,YBL011W,0,2.7901626,0.13946641981601715,0.7205322980880737,0.47014474868774414
YPL112C,YMR065W,0,2.790122,0.13944076001644135,0.7205322980880737,0.47024527192115784
YJL140W,YOR393W,0,2.7896247,0.13941511511802673,0.7205322980880737,0.47034579515457153
YDR392W,YGR122W,1,2.789089,0.1395733654499054,0.7214828729629517,0.47034579515457153
YOR327C,YHR057C,0,2.7889752,0.1395477056503296,0.7214828729629517,0.47044631838798523
YBL005W-B,YDL216C,0,2.7883785,0.13952206075191498,0.7214828729629517,0.4705468416213989
YNL314W,YBL085W,0,2.7879412,0.13949641585350037,0.7214828729629517,0.4706473648548126
YBL041W,YNL032W,0,2.7877245,0.13947078585624695,0.7214828729629517,0.4707478880882263
YER017C,YNL219C,0,2.7877102,0.13944515585899353,0.7214828729629517,0.47084841132164
YKL186C,YDR109C,0,2.7876904,0.1394195407629013,0.7214828729629517,0.4709489345550537
YCR039C,YPR052C,1,2.7874904,0.13957759737968445,0.7224334478378296,0.4709489345550537
YKL126W,YLR224W,0,2.7874398,0.13955196738243103,0.7224334478378296,0.4710494577884674
YLR183C,YDL077C,0,2.7873704,0.1395263373851776,0.7224334478378296,0.4711499810218811
YNL070W,YBL092W,0,2.7873378,0.13950073719024658,0.7224334478378296,0.4712505042552948
YKL210W,YOL136C,0,2.7871828,0.13947513699531555,0.7224334478378296,0.4713510274887085
YHR056C,YCL025C,0,2.7868452,0.13944953680038452,0.7224334478378296,0.4714515507221222
YHR179W,YBL034C,0,2.7866273,0.13942395150661469,0.7224334478378296,0.4715520739555359
YDR137W,YHR059W,0,2.7864413,0.13939838111400604,0.7224334478378296,0.4716525971889496
YPL167C,YER171W,0,2.7864122,0.1393728256225586,0.7224334478378296,0.4717531204223633
YOR206W,YOR209C,0,2.78635,0.13934727013111115,0.7224334478378296,0.471853643655777
YDR296W,YBR155W,0,2.786322,0.1393217295408249,0.7224334478378296,0.4719541668891907
YER098W,YPL167C,0,2.7860394,0.13929618895053864,0.7224334478378296,0.47205469012260437
YJL005W,YER137C,0,2.7853465,0.13927066326141357,0.7224334478378296,0.47215521335601807
YGR167W,YDR498C,0,2.7852583,0.1392451375722885,0.7224334478378296,0.47225573658943176
YLR055C,YNL257C,1,2.785079,0.1394028216600418,0.7233840227127075,0.47225573658943176
YLR256W,YAL056W,1,2.7848368,0.13956044614315033,0.7243345975875854,0.47225573658943176
YDR512C,YDR473C,0,2.7847424,0.13953489065170288,0.7243345975875854,0.47235625982284546
YJL194W,YIR025W,0,2.7847407,0.13950933516025543,0.7243345975875854,0.47245678305625916
YKR019C,YMR115W,0,2.7842884,0.13948379456996918,0.7243345975875854,0.47255730628967285
YJL005W,YDR518W,0,2.7842093,0.13945826888084412,0.7243345975875854,0.47265782952308655
YHR156C,YMR240C,0,2.7840903,0.13943275809288025,0.7243345975875854,0.47275835275650024
YJR057W,YKR066C,0,2.7838042,0.13940724730491638,0.7243345975875854,0.47285887598991394
YKL182W,YJL081C,0,2.7835164,0.1393817514181137,0.7243345975875854,0.47295939922332764
YLR160C,YNR015W,0,2.7832656,0.13935625553131104,0.7243345975875854,0.47305992245674133
YMR160W,YMR301C,0,2.7825592,0.13933077454566956,0.7243345975875854,0.47316044569015503
YJL130C,YMR099C,0,2.7824907,0.13930530846118927,0.7243345975875854,0.4732609689235687
YPL002C,YHR058C,1,2.7820735,0.13946262001991272,0.7252851724624634,0.4732609689235687
YOR219C,YHR057C,0,2.782046,0.13943713903427124,0.7252851724624634,0.4733614921569824
YJL166W,YMR213W,0,2.7816033,0.13941165804862976,0.7252851724624634,0.4734620153903961
YNL107W,YMR033W,1,2.7804928,0.13956886529922485,0.7262357473373413,0.4734620153903961
YNR015W,YNL078W,0,2.7799828,0.13954338431358337,0.7262357473373413,0.4735625386238098
YBR172C,YGL050W,0,2.779962,0.1395179033279419,0.7262357473373413,0.4736630618572235
YGL122C,YJR005W,0,2.7797244,0.13949242234230042,0.7262357473373413,0.4737635850906372
YML007W,YBR049C,1,2.7796814,0.13964951038360596,0.7271863222122192,0.4737635850906372
YKR101W,YBL079W,0,2.7796397,0.13962401449680328,0.7271863222122192,0.4738640785217285
YLR395C,YBR042C,0,2.7792556,0.1395985335111618,0.7271863222122192,0.4739646017551422
YML028W,YHR039C-A,0,2.7790477,0.13957306742668152,0.7271863222122192,0.4740651249885559
YJR107W,YOL004W,0,2.7789352,0.13954761624336243,0.7271863222122192,0.4741656482219696
YER098W,YJL178C,0,2.778519,0.13952216506004333,0.7271863222122192,0.4742661714553833
YKL007W,YHR085W,0,2.7785015,0.13949671387672424,0.7271863222122192,0.474366694688797
YNR060W,YLR145W,0,2.7781303,0.13947129249572754,0.7271863222122192,0.4744672179222107
YDR207C,YNL078W,0,2.7776713,0.13944585621356964,0.7271863222122192,0.4745677411556244
YGR171C,YFL017W-A,0,2.7776453,0.13942044973373413,0.7271863222122192,0.4746682643890381
YNR057C,YNL080C,0,2.7773664,0.13939504325389862,0.7271863222122192,0.4747687876224518
YIL139C,YIL079C,0,2.7771487,0.1393696516752243,0.7271863222122192,0.4748693108558655
YDR518W,YOR355W,0,2.7770534,0.13934426009655,0.7271863222122192,0.4749698340892792
YLL027W,YNL262W,0,2.7768753,0.13931888341903687,0.7271863222122192,0.47507035732269287
YGL115W,YKL110C,1,2.7767491,0.13947559893131256,0.7281368970870972,0.47507035732269287
YDR043C,YPR025C,1,2.7764063,0.13963225483894348,0.7290874719619751,0.47507035732269287
YDR207C,YLR153C,0,2.776181,0.13960684835910797,0.7290874719619751,0.47517088055610657
YOL051W,YML098W,1,2.7761612,0.13976341485977173,0.730038046836853,0.47517088055610657
YOL145C,YMR065W,0,2.776122,0.13973799347877502,0.730038046836853,0.47527140378952026
YIL083C,YJR040W,0,2.77563,0.13971257209777832,0.730038046836853,0.47537192702293396
YNL314W,YPL240C,0,2.7753596,0.1396871656179428,0.730038046836853,0.47547245025634766
YPR167C,YGR169C,0,2.775259,0.1396617591381073,0.730038046836853,0.47557297348976135
YOR224C,YNL314W,1,2.7746813,0.13981817662715912,0.730988621711731,0.47557297348976135
YOR287C,YPL011C,0,2.7745037,0.1397927701473236,0.730988621711731,0.47567349672317505
YPL218W,YLR088W,0,2.7743292,0.1397673636674881,0.730988621711731,0.47577401995658875
YGR258C,YOR174W,1,2.7743244,0.13992367684841156,0.7319391369819641,0.47577401995658875
YMR115W,YPL096W,0,2.7742796,0.13989825546741486,0.7319391369819641,0.47587454319000244
YOL158C,YGR084C,0,2.7738128,0.13987284898757935,0.7319391369819641,0.47597506642341614
YGL026C,YLR401C,0,2.7734554,0.13984744250774384,0.7319391369819641,0.47607558965682983
YGR163W,YER068W,1,2.773448,0.14000363647937775,0.732889711856842,0.47607558965682983
YJR107W,YNR044W,0,2.7733157,0.13997821509838104,0.732889711856842,0.47617611289024353
YER055C,YNR004W,0,2.773288,0.13995280861854553,0.732889711856842,0.4762766361236572
YDL206W,YBL113C,0,2.773238,0.13992740213871002,0.732889711856842,0.4763771593570709
YBL011W,YNL078W,0,2.7729247,0.1399020105600357,0.732889711856842,0.4764776825904846
YGL256W,YAL039C,0,2.772774,0.13987663388252258,0.732889711856842,0.4765782058238983
YOR301W,YER154W,0,2.7725897,0.13985125720500946,0.732889711856842,0.476678729057312
YEL062W,YBR129C,0,2.7724428,0.13982589542865753,0.732889711856842,0.4767792522907257
YNL117W,YKR026C,0,2.7723289,0.1398005485534668,0.732889711856842,0.4768797755241394
YOL010W,YDR457W,0,2.7721682,0.13977520167827606,0.732889711856842,0.4769802987575531
YML051W,YMR093W,0,2.7719889,0.13974986970424652,0.732889711856842,0.4770808219909668
YDL202W,YDR369C,0,2.771951,0.13972453773021698,0.732889711856842,0.4771813452243805
YKR068C,YPL098C,0,2.771734,0.13969922065734863,0.732889711856842,0.4772818684577942
YJL066C,YKL171W,0,2.771553,0.13967391848564148,0.732889711856842,0.4773823916912079
YOL038W,YPL131W,0,2.7714825,0.13964861631393433,0.732889711856842,0.4774829149246216
YNL163C,YJL085W,0,2.7708046,0.13962332904338837,0.732889711856842,0.4775834381580353
YJR119C,YML071C,0,2.7707531,0.1395980417728424,0.732889711856842,0.477683961391449
YDR416W,YLL033W,0,2.7706456,0.13957276940345764,0.732889711856842,0.47778448462486267
YLR191W,YCR014C,0,2.7705274,0.13954751193523407,0.732889711856842,0.47788500785827637
YMR038C,YOR294W,0,2.7703834,0.1395222544670105,0.732889711856842,0.47798553109169006
YER017C,YGL226C-A,0,2.770254,0.13949701189994812,0.732889711856842,0.47808605432510376
YNL044W,YGR239C,0,2.7701921,0.13947178423404694,0.732889711856842,0.47818657755851746
YMR210W,YNL239W,0,2.7696948,0.13944655656814575,0.732889711856842,0.47828710079193115
YIR018W,YOL111C,0,2.7694325,0.13942134380340576,0.732889711856842,0.47838762402534485
YPL254W,YGL025C,1,2.76933,0.13957692682743073,0.73384028673172,0.47838762402534485
YNL236W,YDR403W,0,2.7693253,0.13955169916152954,0.73384028673172,0.47848814725875854
YPL113C,YNR028W,0,2.7692919,0.13952647149562836,0.73384028673172,0.47858867049217224
YOR215C,YGL103W,0,2.7692633,0.13950125873088837,0.73384028673172,0.47868919372558594
YOR084W,YPL083C,0,2.769113,0.13947606086730957,0.73384028673172,0.47878971695899963
YJR006W,YJL178C,0,2.7689385,0.13945086300373077,0.73384028673172,0.47889024019241333
YHR005C-A,YDR304C,0,2.768808,0.13942568004131317,0.73384028673172,0.478990763425827
YPR113W,YDR492W,0,2.7687697,0.13940051198005676,0.73384028673172,0.4790912866592407
YJL110C,YOR194C,1,2.7685757,0.13955587148666382,0.7347908616065979,0.4790912866592407
YDL084W,YLR028C,0,2.768504,0.13953068852424622,0.7347908616065979,0.4791918098926544
YGL172W,YPL147W,0,2.7683423,0.1395055055618286,0.7347908616065979,0.4792923331260681
YER151C,YGR145W,0,2.767953,0.1394803375005722,0.7347908616065979,0.4793928563594818
YOL112W,YMR218C,0,2.7678938,0.1394551694393158,0.7347908616065979,0.4794933795928955
YOR099W,YPR043W,0,2.767867,0.13943001627922058,0.7347908616065979,0.4795939028263092
YKR036C,YPL180W,0,2.7678323,0.13940486311912537,0.7347908616065979,0.4796943962574005
YML015C,YFL039C,1,2.7672546,0.1395600438117981,0.7357414364814758,0.4796943962574005
YGR027C,YLR350W,0,2.7672439,0.13953489065170288,0.7357414364814758,0.4797949194908142
YGL004C,YGL113W,0,2.767212,0.13950973749160767,0.7357414364814758,0.4798954427242279
YFL048C,YCL004W,0,2.7671182,0.13948459923267365,0.7357414364814758,0.4799959659576416
YFR031C,YFR036W,0,2.7670765,0.13945946097373962,0.7357414364814758,0.4800964891910553
YLR197W,YOR226C,0,2.7669108,0.1394343376159668,0.7357414364814758,0.480197012424469
YOL112W,YJL128C,0,2.7669005,0.13940922915935516,0.7357414364814758,0.4802975356578827
YPR196W,YBL041W,0,2.7668188,0.13938412070274353,0.7357414364814758,0.4803980588912964
YBR059C,YLL019C,0,2.7662177,0.1393590271472931,0.7357414364814758,0.4804985821247101
YDL061C,YOL107W,0,2.7662163,0.13933393359184265,0.7357414364814758,0.4805991053581238
YJR004C,YDR476C,0,2.7660627,0.1393088549375534,0.7357414364814758,0.4806996285915375
YLR285W,YMR179W,0,2.7660189,0.13928379118442535,0.7357414364814758,0.48080015182495117
YOR301W,YMR089C,0,2.765667,0.1392587274312973,0.7357414364814758,0.48090067505836487
YML006C,YIR039C,0,2.7656097,0.13923367857933044,0.7357414364814758,0.48100119829177856
YJR127C,YOR176W,0,2.7655993,0.1392086297273636,0.7357414364814758,0.48110172152519226
YLR197W,YOR324C,0,2.7653303,0.13918359577655792,0.7357414364814758,0.48120224475860596
YJR028W,YBR128C,0,2.7651162,0.13915857672691345,0.7357414364814758,0.48130276799201965
YGR180C,YDL245C,0,2.7649653,0.13913355767726898,0.7357414364814758,0.48140329122543335
YBR198C,YOL005C,1,2.7648025,0.1392882764339447,0.7366920113563538,0.48140329122543335
YGR036C,YIL048W,0,2.764793,0.13926325738430023,0.7366920113563538,0.48150381445884705
YOR291W,YBL113C,0,2.7647922,0.13923823833465576,0.7366920113563538,0.48160433769226074
YGR145W,YML006C,0,2.7642732,0.1392132192850113,0.7366920113563538,0.48170486092567444
YLR359W,YDL070W,0,2.7640953,0.13918821513652802,0.7366920113563538,0.48180538415908813
YHR061C,YMR099C,0,2.7638505,0.13916322588920593,0.7366920113563538,0.48190590739250183
YOL082W,YBR037C,0,2.7638407,0.13913823664188385,0.7366920113563538,0.4820064306259155
YIR011C,YDR205W,0,2.7637446,0.13911326229572296,0.7366920113563538,0.4821069538593292
YJL128C,YLR042C,0,2.763709,0.13908830285072327,0.7366920113563538,0.4822074770927429
YER133W,YOL012C,1,2.763692,0.13924278318881989,0.7376425862312317,0.4822074770927429
YGL256W,YKL165C,0,2.7636342,0.1392177939414978,0.7376425862312317,0.4823080003261566
YHR174W,YBL052C,0,2.7636125,0.13919281959533691,0.7376425862312317,0.4824085235595703
YAL040C,YGL190C,0,2.7635207,0.13916786015033722,0.7376425862312317,0.482509046792984
YDR414C,YIL088C,0,2.7634969,0.13914291560649872,0.7376425862312317,0.4826095700263977
YBR278W,YAL038W,0,2.7634187,0.13911795616149902,0.7376425862312317,0.4827100932598114
YDR460W,YNL278W,1,2.7631102,0.1392722725868225,0.7385931611061096,0.4827100932598114
YJL187C,YJL141C,0,2.7630508,0.13924731314182281,0.7385931611061096,0.4828106164932251
YLR042C,YER002W,0,2.762538,0.13922236859798431,0.7385931611061096,0.4829111397266388
YMR319C,YGR285C,0,2.7623792,0.1391974240541458,0.7385931611061096,0.4830116629600525
YDL029W,YLR404W,0,2.7621431,0.1391724944114685,0.7385931611061096,0.4831121861934662
YDR164C,YEL040W,0,2.7618608,0.1391475647687912,0.7385931611061096,0.4832127094268799
YDR296W,YLR224W,0,2.7616975,0.13912265002727509,0.7385931611061096,0.4833132326602936
YDL084W,YLR145W,0,2.7616785,0.13909775018692017,0.7385931611061096,0.4834137558937073
YDR263C,YLR425W,0,2.7616286,0.13907285034656525,0.7385931611061096,0.48351427912712097
YNL261W,YHR041C,0,2.7614157,0.13904796540737152,0.7385931611061096,0.48361480236053467
YJL225C,YMR213W,0,2.7611852,0.1390230804681778,0.7385931611061096,0.48371532559394836
YLR183C,YLR329W,0,2.761118,0.13899821043014526,0.7385931611061096,0.48381584882736206
YER165W,YKL175W,0,2.7608497,0.13897335529327393,0.7385931611061096,0.48391637206077576
YJL029C,YBR037C,0,2.7606733,0.1389485001564026,0.7385931611061096,0.48401689529418945
YPL064C,YER022W,0,2.7603989,0.13892365992069244,0.7385931611061096,0.48411741852760315
YNL127W,YGL103W,0,2.7595992,0.1388988196849823,0.7385931611061096,0.48421794176101685
YPR119W,YDR195W,0,2.7594237,0.13887399435043335,0.7385931611061096,0.48431846499443054
YBR193C,YMR280C,1,2.7592015,0.13902787864208221,0.7395437359809875,0.48431846499443054
YNL284C,YBR061C,0,2.7591867,0.13900303840637207,0.7395437359809875,0.48441898822784424
YPL048W,YML098W,1,2.7591293,0.13915684819221497,0.7404943108558655,0.48441898822784424
YGL030W,YOR085W,0,2.7590427,0.13913199305534363,0.7404943108558655,0.48451951146125793
YIL108W,YKL061W,0,2.7589972,0.1391071379184723,0.7404943108558655,0.48462003469467163
YLR080W,YEL062W,0,2.7589178,0.13908231258392334,0.7404943108558655,0.4847205579280853
YMR241W,YHR214C-B,0,2.758741,0.1390574723482132,0.7404943108558655,0.484821081161499
YBR196C,YBR230C,0,2.758611,0.13903266191482544,0.7404943108558655,0.4849216043949127
YCL014W,YJL117W,0,2.758504,0.13900785148143768,0.7404943108558655,0.4850221276283264
YAL022C,YBR115C,0,2.7584586,0.13898305594921112,0.7404943108558655,0.4851226508617401
YBL113C,YIL177C,0,2.758401,0.13895826041698456,0.7404943108558655,0.4852231740951538
YER117W,YLR251W,0,2.7582254,0.1389334797859192,0.7404943108558655,0.4853236973285675
YLR300W,YCL004W,0,2.7580426,0.13890869915485382,0.7404943108558655,0.4854242205619812
YPL031C,YDR392W,1,2.7578201,0.13906222581863403,0.7414448857307434,0.4854242205619812
YLR353W,YJR034W,0,2.7577667,0.13903743028640747,0.7414448857307434,0.4855247139930725
YPR111W,YPL240C,0,2.757534,0.1390126496553421,0.7414448857307434,0.4856252372264862
YDR415C,YDR403W,0,2.7574694,0.13898788392543793,0.7414448857307434,0.4857257604598999
YCR011C,YJL079C,0,2.7573757,0.13896311819553375,0.7414448857307434,0.4858262836933136
YHR059W,YFL017W-A,0,2.756822,0.13893836736679077,0.7414448857307434,0.4859268069267273
YAL022C,YHR214C-B,0,2.756766,0.13891363143920898,0.7414448857307434,0.486027330160141
YPL002C,YKR057W,0,2.7566543,0.1388888955116272,0.7414448857307434,0.4861278533935547
YPL026C,YGR122W,1,2.7566068,0.1390421986579895,0.7423954606056213,0.4861278533935547
YBR182C,YKL168C,0,2.7561193,0.13901744782924652,0.7423954606056213,0.4862283766269684
YOL086C,YMR238W,0,2.756117,0.13899269700050354,0.7423954606056213,0.4863288998603821
YMR193W,YNL052W,0,2.7560773,0.13896797597408295,0.7423954606056213,0.4864294230937958
YML069W,YMR280C,1,2.7560372,0.1391211599111557,0.7433460354804993,0.4864294230937958
YOR304C-A,YMR077C,0,2.7557824,0.13909640908241272,0.7433460354804993,0.4865299463272095
YFL048C,YNR010W,0,2.755739,0.13907167315483093,0.7433460354804993,0.48663046956062317
YMR005W,YDR498C,0,2.7557316,0.13904693722724915,0.7433460354804993,0.48673099279403687
YLR295C,YGL113W,0,2.7555034,0.13902221620082855,0.7433460354804993,0.48683151602745056
YOL129W,YKL119C,0,2.7549062,0.13899751007556915,0.7433460354804993,0.48693203926086426
YGR238C,YMR093W,0,2.753905,0.13897280395030975,0.7433460354804993,0.48703256249427795
YML032C,YIL094C,0,2.7535145,0.13894811272621155,0.7433460354804993,0.48713308572769165
YGL050W,YDR472W,0,2.7532415,0.13892343640327454,0.7433460354804993,0.48723360896110535
YNL026W,YER074W,0,2.753149,0.13889876008033752,0.7433460354804993,0.48733413219451904
YPL016W,YHR167W,1,2.7527254,0.1390516757965088,0.7442965507507324,0.48733413219451904
YNL314W,YER090W,0,2.7526882,0.13902698457241058,0.7442965507507324,0.48743465542793274
YLL008W,YLR187W,0,2.7525182,0.13900230824947357,0.7442965507507324,0.48753517866134644
YOR038C,YPL048W,1,2.7522316,0.13915513455867767,0.7452471256256104,0.48753517866134644
YBR182C,YER125W,0,2.7521935,0.13913042843341827,0.7452471256256104,0.48763570189476013
YIL088C,YMR210W,0,2.7521882,0.13910575211048126,0.7452471256256104,0.48773622512817383
YOR206W,YER190W,0,2.7521133,0.13908107578754425,0.7452471256256104,0.4878367483615875
YBR115C,YBR129C,0,2.7520967,0.13905639946460724,0.7452471256256104,0.4879372715950012
YLR404W,YHR059W,0,2.7519886,0.13903173804283142,0.7452471256256104,0.4880377948284149
YDL021W,YMR210W,0,2.7518997,0.1390070915222168,0.7452471256256104,0.4881383180618286
YPL002C,YMR194W,0,2.7518308,0.13898244500160217,0.7452471256256104,0.4882388412952423
YGL014W,YDR140W,0,2.751783,0.13895781338214874,0.7452471256256104,0.488339364528656
YMR315W,YDR072C,0,2.7515194,0.1389331966638565,0.7452471256256104,0.4884398877620697
YLR447C,YCL052C,0,2.7515182,0.13890857994556427,0.7452471256256104,0.4885404109954834
YIL046W,YNL208W,0,2.7511551,0.13888396322727203,0.7452471256256104,0.4886409342288971
YML097C,YDR195W,0,2.7509143,0.13885937631130219,0.7452471256256104,0.4887414574623108
YGR056W,YMR273C,0,2.750856,0.13883477449417114,0.7452471256256104,0.4888419806957245
YKR101W,YML039W,0,2.750738,0.1388102024793625,0.7452471256256104,0.4889425039291382
YNL110C,YDL225W,0,2.7506003,0.13878563046455383,0.7452471256256104,0.4890430271625519
YOL124C,YGL163C,0,2.7500005,0.13876105844974518,0.7452471256256104,0.4891435503959656
YPR065W,YGL073W,1,2.749978,0.13891346752643585,0.7461977005004883,0.4891435503959656
YMR172W,YMR033W,1,2.7494876,0.13906581699848175,0.7471482753753662,0.4891435503959656
YOR204W,YNL121C,0,2.7490845,0.1390412151813507,0.7471482753753662,0.4892440736293793
YLR209C,YBL085W,0,2.7487879,0.13901662826538086,0.7471482753753662,0.48934459686279297
YMR033W,YDR190C,1,2.7486978,0.1391688734292984,0.7480988502502441,0.48934459686279297
YPL083C,YKR102W,0,2.7485757,0.13914427161216736,0.7480988502502441,0.48944512009620667
YKL093W,YDL070W,0,2.7483308,0.13911966979503632,0.7480988502502441,0.48954564332962036
YGL112C,YER154W,0,2.7480247,0.13909508287906647,0.7480988502502441,0.48964616656303406
YDR174W,YOR098C,0,2.7480178,0.1390705108642578,0.7480988502502441,0.48974668979644775
YLR033W,YPR138C,0,2.7473571,0.13904593884944916,0.7480988502502441,0.48984721302986145
YDR146C,YOR216C,0,2.7472878,0.1390213817358017,0.7480988502502441,0.48994773626327515
YJR026W,YOL101C,0,2.7472425,0.13899682462215424,0.7480988502502441,0.49004825949668884
YJR092W,YER019C-A,0,2.7468789,0.13897228240966797,0.7480988502502441,0.49014878273010254
YJR040W,YGL220W,0,2.7466512,0.1389477401971817,0.7480988502502441,0.49024930596351624
YJL066C,YOR222W,0,2.7465792,0.13892321288585663,0.7480988502502441,0.49034982919692993
YDR451C,YPR198W,0,2.7465267,0.13889870047569275,0.7480988502502441,0.49045035243034363
YPL127C,YGR036C,0,2.7460003,0.13887418806552887,0.7480988502502441,0.4905508756637573
YLR330W,YIL042C,0,2.7459748,0.138849675655365,0.7480988502502441,0.490651398897171
YJL024C,YPL027W,0,2.7458916,0.1388251930475235,0.7480988502502441,0.4907519221305847
YER165W,YLR050C,0,2.745698,0.138800710439682,0.7480988502502441,0.4908524453639984
YOR239W,YJL130C,0,2.7454145,0.13877622783184052,0.7480988502502441,0.4909529685974121
YJR138W,YBR278W,0,2.7453966,0.13875176012516022,0.7480988502502441,0.4910534918308258
YHL012W,YGL203C,0,2.7453697,0.1387273073196411,0.7480988502502441,0.4911540150642395
YJL155C,YOR299W,0,2.7451358,0.138702854514122,0.7480988502502441,0.4912545382976532
YLR183C,YOR351C,0,2.7448049,0.1386784166097641,0.7480988502502441,0.4913550317287445
YPL134C,YDL047W,0,2.743954,0.1386539787054062,0.7480988502502441,0.4914555549621582
YMR077C,YGL183C,0,2.7438066,0.13862955570220947,0.7480988502502441,0.4915560781955719
YDR034C,YMR117C,0,2.7434886,0.13860514760017395,0.7480988502502441,0.4916566014289856
YKL093W,YDL215C,0,2.7434733,0.13858073949813843,0.7480988502502441,0.4917571246623993
YCL024W,YCR002C,0,2.7434354,0.1385563313961029,0.7480988502502441,0.491857647895813
YKL180W,YJL171C,0,2.7433949,0.13853195309638977,0.7480988502502441,0.4919581711292267
YLR430W,YNL257C,1,2.742852,0.13868355751037598,0.7490494251251221,0.4919581711292267
YLR395C,YOR239W,0,2.7428133,0.13865916430950165,0.7490494251251221,0.4920586943626404
YKL170W,YPL110C,0,2.7425008,0.13863477110862732,0.7490494251251221,0.4921592175960541
YDR423C,YFL001W,0,2.7423587,0.138610377907753,0.7490494251251221,0.4922597408294678
YJR004C,YDL061C,0,2.742198,0.13858599960803986,0.7490494251251221,0.49236026406288147
YDL245C,YNL232W,0,2.7420168,0.13856163620948792,0.7490494251251221,0.49246078729629517
YAR002C-A,YJL029C,0,2.741868,0.13853727281093597,0.7490494251251221,0.49256131052970886
YJR140C,YOR311C,0,2.741661,0.13851292431354523,0.7490494251251221,0.49266183376312256
YDR159W,YHR135C,0,2.7414665,0.13848857581615448,0.7490494251251221,0.49276235699653625
YDR067C,YPR125W,0,2.741455,0.13846424221992493,0.7490494251251221,0.49286288022994995
YCL018W,YKL009W,0,2.741321,0.13843990862369537,0.7490494251251221,0.49296340346336365
YDR072C,YKR020W,0,2.7410474,0.1384156048297882,0.7490494251251221,0.49306392669677734
YCL018W,YJR053W,0,2.7409139,0.13839128613471985,0.7490494251251221,0.49316444993019104
YGR281W,YHR005C-A,0,2.7404428,0.13836698234081268,0.7490494251251221,0.49326497316360474
YJL053W,YMR213W,0,2.7404413,0.1383426934480667,0.7490494251251221,0.49336549639701843
YDL059C,YJR101W,0,2.740243,0.13831841945648193,0.7490494251251221,0.49346601963043213
YDL121C,YOL040C,0,2.7401237,0.13829414546489716,0.7490494251251221,0.4935665428638458
YER185W,YGL256W,0,2.740047,0.13826987147331238,0.7490494251251221,0.4936670660972595
YIR025W,YBL098W,0,2.739805,0.1382456123828888,0.7490494251251221,0.4937675893306732
YLR208W,YJL117W,0,2.73975,0.1382213681936264,0.7490494251251221,0.4938681125640869
YDL227C,YDR304C,0,2.7396564,0.138197124004364,0.7490494251251221,0.4939686357975006
YIL076W,YMR136W,0,2.73948,0.13817289471626282,0.7490494251251221,0.4940691590309143
YFL010W-A,YER074W,0,2.739439,0.13814866542816162,0.7490494251251221,0.494169682264328
YNR004W,YNR006W,0,2.7393394,0.13812445104122162,0.7490494251251221,0.4942702054977417
YCL043C,YOL158C,0,2.7393231,0.1381002515554428,0.7490494251251221,0.4943707287311554
YJR028W,YOL028C,0,2.7389302,0.138076052069664,0.7490494251251221,0.4944712519645691
YOR349W,YFL017W-A,0,2.7387967,0.1380518525838852,0.7490494251251221,0.4945717751979828
YIL002C,YJR040W,0,2.7386377,0.13802768290042877,0.7490494251251221,0.4946722984313965
YDR082W,YGL225W,0,2.738235,0.13800349831581116,0.7490494251251221,0.4947728216648102
YDR310C,YJL053W,0,2.7380815,0.13797934353351593,0.7490494251251221,0.4948733448982239
YNL102W,YBL041W,0,2.7377033,0.1379551887512207,0.7490494251251221,0.4949738681316376
YLR305C,YDR496C,0,2.7376325,0.13793103396892548,0.7490494251251221,0.49507439136505127
YIR018W,YPL093W,0,2.737589,0.13790689408779144,0.7490494251251221,0.49517491459846497
YOR085W,YMR143W,0,2.7374597,0.1378827691078186,0.7490494251251221,0.49527543783187866
YJL024C,YDR304C,0,2.737348,0.13785864412784576,0.7490494251251221,0.49537596106529236
YDR404C,YMR312W,1,2.7368603,0.1380094438791275,0.75,0.49537596106529236
YJR051W,YOR353C,0,2.7362661,0.13798530399799347,0.75,0.49547648429870605
YLR197W,YOL107W,0,2.736083,0.13796117901802063,0.75,0.49557700753211975
YGL170C,YNL026W,0,2.735999,0.13793706893920898,0.75,0.49567753076553345
YCL018W,YBR020W,0,2.7357063,0.13791295886039734,0.75,0.49577805399894714
YOR283W,YPR083W,0,2.735415,0.1378888487815857,0.75,0.49587857723236084
YDR076W,YGL051W,0,2.7351513,0.13786475360393524,0.75,0.49597910046577454
YDL036C,YMR065W,0,2.7344074,0.13784067332744598,0.75,0.49607962369918823
YBR155W,YOL136C,0,2.7343502,0.13781659305095673,0.75,0.49618014693260193
YBR195C,YMR194W,0,2.7340841,0.13779252767562866,0.75,0.4962806701660156
YDR138W,YDR451C,1,2.7340517,0.1379430741071701,0.7509505748748779,0.4962806701660156
YMR020W,YPR200C,0,2.7339811,0.13791899383068085,0.7509505748748779,0.4963811933994293
YJL176C,YDR404C,0,2.733973,0.1378949135541916,0.7509505748748779,0.496481716632843
YDR453C,YDR496C,0,2.733624,0.13787084817886353,0.7509505748748779,0.4965822398662567
YLR395C,YLR020C,0,2.733428,0.13784679770469666,0.7509505748748779,0.4966827630996704
YPR035W,YGL014W,0,2.732825,0.13782274723052979,0.7509505748748779,0.4967832863330841
YJR138W,YLR289W,0,2.732825,0.1377987116575241,0.7509505748748779,0.4968838095664978
YOR274W,YPL218W,0,2.7327898,0.13777467608451843,0.7509505748748779,0.4969843327999115
YOR315W,YAL032C,1,2.732644,0.13792502880096436,0.7519011497497559,0.4969843327999115
YJL087C,YJR006W,0,2.7322106,0.13790097832679749,0.7519011497497559,0.4970848560333252
YGR264C,YOR377W,0,2.7320535,0.1378769427537918,0.7519011497497559,0.4971853494644165
YPL127C,YBR275C,0,2.7320337,0.13785290718078613,0.7519011497497559,0.4972858726978302
YDL179W,YDR285W,0,2.7319942,0.13782888650894165,0.7519011497497559,0.4973863959312439
YMR049C,YPL104W,0,2.731939,0.13780488073825836,0.7519011497497559,0.4974869191646576
YLR291C,YOL102C,0,2.7318373,0.13778087496757507,0.7519011497497559,0.4975874423980713
YFR013W,YOR025W,0,2.731815,0.13775688409805298,0.7519011497497559,0.497687965631485
YKL189W,YDL045C,0,2.7317495,0.13773289322853088,0.7519011497497559,0.4977884888648987
YNL073W,YDL047W,0,2.731639,0.13770891726016998,0.7519011497497559,0.4978890120983124
YPR200C,YMR114C,0,2.7309518,0.13768494129180908,0.7519011497497559,0.4979895353317261
YOR297C,YPR127W,0,2.7301745,0.13766098022460938,0.7519011497497559,0.49809005856513977
YFL038C,YHR061C,0,2.7300787,0.13763703405857086,0.7519011497497559,0.49819058179855347
YOL158C,YFR036W,0,2.7299638,0.13761308789253235,0.7519011497497559,0.49829110503196716
YJL225C,YDL215C,0,2.7299228,0.13758914172649384,0.7519011497497559,0.49839162826538086
YKR020W,YBL026W,0,2.7297542,0.13756521046161652,0.7519011497497559,0.49849215149879456
YHR174W,YKL172W,0,2.729733,0.1375412940979004,0.7519011497497559,0.49859267473220825
YGL220W,YGL150C,1,2.7293937,0.13769124448299408,0.7528517246246338,0.49859267473220825
YLR312W-A,YDL022W,0,2.7291663,0.13766729831695557,0.7528517246246338,0.49869319796562195
YJR031C,YFR019W,0,2.729033,0.13764338195323944,0.7528517246246338,0.49879372119903564
YBR006W,YOR038C,0,2.7288928,0.13761946558952332,0.7528517246246338,0.49889424443244934
YGL183C,YHR059W,0,2.728638,0.1375955492258072,0.7528517246246338,0.49899476766586304
YGR258C,YOR298W,0,2.7278287,0.13757164776325226,0.7528517246246338,0.49909529089927673
YPR191W,YJL192C,0,2.7278085,0.13754776120185852,0.7528517246246338,0.49919581413269043
YLL003W,YGR239C,0,2.7276385,0.13752387464046478,0.7528517246246338,0.4992963373661041
YIL002C,YNL309W,0,2.727502,0.13750000298023224,0.7528517246246338,0.4993968605995178
YER154W,YJL200C,0,2.7266855,0.1374761313199997,0.7528517246246338,0.4994973838329315
YGL068W,YER190W,0,2.726288,0.13745227456092834,0.7528517246246338,0.4995979070663452
YOL072W,YFR037C,1,2.7258615,0.13760194182395935,0.7538022994995117,0.4995979070663452
YDL061C,YLR312W-A,0,2.7257504,0.1375780701637268,0.7538022994995117,0.4996984302997589
YDR072C,YDL022W,0,2.7256148,0.13755421340465546,0.7538022994995117,0.4997989535331726
YMR312W,YER045C,1,2.725472,0.1377037763595581,0.7547528743743896,0.4997989535331726
YOR038C,YLR151C,0,2.7253323,0.13767990469932556,0.7547528743743896,0.4998994767665863
YDR176W,YER139C,1,2.7250953,0.13782940804958344,0.7557034492492676,0.4998994767665863
YGR167W,YGR143W,0,2.7248893,0.1378055065870285,0.7557034492492676,0.5
YBL068W,YLR164W,0,2.7248588,0.13778163492679596,0.7557034492492676,0.5001004934310913
YML058W-A,YBR182C,0,2.7246652,0.13775774836540222,0.7557034492492676,0.5002010464668274
YDR383C,YNR015W,0,2.7246473,0.13773389160633087,0.7557034492492676,0.5003015398979187
YOR304W,YNL070W,0,2.7246017,0.13771003484725952,0.7557034492492676,0.5004020929336548
YBR274W,YLR359W,0,2.724546,0.13768617808818817,0.7557034492492676,0.5005025863647461
YNL136W,YMR091C,1,2.7241197,0.13783550262451172,0.7566539645195007,0.5005025863647461
YIL142W,YNR002C,0,2.723977,0.13781163096427917,0.7566539645195007,0.5006031394004822
YDR411C,YPL200W,0,2.7238982,0.13778777420520782,0.7566539645195007,0.5007036328315735
YGR238C,YHR079C,0,2.7234836,0.13776393234729767,0.7566539645195007,0.5008041858673096
YPL094C,YGL259W,0,2.723233,0.1377400904893875,0.7566539645195007,0.5009046792984009
YNR031C,YNL239W,0,2.7231934,0.13771626353263855,0.7566539645195007,0.501005232334137
YDL047W,YKL094W,0,2.723144,0.1376924365758896,0.7566539645195007,0.5011057257652283
YBR066C,YMR159C,0,2.723059,0.13766862452030182,0.7566539645195007,0.5012062788009644
YGR252W,YLR141W,0,2.7229707,0.13764482736587524,0.7566539645195007,0.5013067722320557
YLR395C,YER104W,0,2.722962,0.13762103021144867,0.7566539645195007,0.5014073252677917
YIL088C,YOR283W,0,2.7228303,0.1375972330570221,0.7566539645195007,0.5015078186988831
YOL155C,YGR089W,0,2.7228127,0.1375734508037567,0.7566539645195007,0.5016083717346191
YBL005W-B,YIL170W,0,2.722746,0.13754968345165253,0.7566539645195007,0.5017088651657104
YOL107W,YBL034C,0,2.722715,0.13752591609954834,0.7566539645195007,0.5018094182014465
YBR145W,YOR222W,0,2.7223384,0.13750216364860535,0.7566539645195007,0.5019099116325378
YJL029C,YBL089W,0,2.7220256,0.13747841119766235,0.7566539645195007,0.5020104646682739
YCR060W,YHL034C,0,2.7215142,0.13745467364788055,0.7566539645195007,0.5021109580993652
YPL150W,YJL053W,0,2.7214065,0.13743093609809875,0.7566539645195007,0.5022115111351013
YDL197C,YNL290W,0,2.7212956,0.13740721344947815,0.7566539645195007,0.5023120045661926
YLR312W-A,YJR005W,0,2.7211194,0.13738350570201874,0.7566539645195007,0.5024125576019287
YPR091C,YFL013C,0,2.7208233,0.13735979795455933,0.7566539645195007,0.50251305103302
YDR030C,YJL103C,0,2.7205596,0.13733609020709991,0.7566539645195007,0.5026136040687561
YJL004C,YBL011W,0,2.7204812,0.1373123973608017,0.7566539645195007,0.5027140974998474
YLR305C,YOR317W,0,2.7204583,0.13728871941566467,0.7566539645195007,0.5028146505355835
YGR180C,YPL002C,0,2.7204413,0.13726504147052765,0.7566539645195007,0.5029151439666748
YOR204W,YJR034W,0,2.719742,0.13724137842655182,0.7566539645195007,0.5030156970024109
YOR178C,YDR516C,1,2.7196827,0.1373901069164276,0.7576045393943787,0.5030156970024109
YAL068C,YLR223C,1,2.7195458,0.13753877580165863,0.7585551142692566,0.5030156970024109
YFR013W,YMR033W,0,2.7192655,0.1375150829553604,0.7585551142692566,0.5031161904335022
YGL068W,YMR213W,0,2.7191467,0.1374913901090622,0.7585551142692566,0.5032167434692383
YMR228W,YNL335W,0,2.7188978,0.13746769726276398,0.7585551142692566,0.5033172369003296
YLR228C,YOR219C,0,2.718875,0.13744401931762695,0.7585551142692566,0.5034177899360657
YOR074C,YMR218C,0,2.7185855,0.13742035627365112,0.7585551142692566,0.503518283367157
YOL124C,YOR025W,0,2.7182672,0.1373966932296753,0.7585551142692566,0.5036188364028931
YKL161C,YLR151C,0,2.717824,0.13737304508686066,0.7585551142692566,0.5037193298339844
YBR059C,YNL302C,0,2.717583,0.13734939694404602,0.7585551142692566,0.5038198828697205
YNL102W,YLR163C,0,2.7174158,0.13732576370239258,0.7585551142692566,0.5039203763008118
YMR043W,YNL257C,1,2.7171078,0.1374741941690445,0.7595056891441345,0.5039203763008118
YDR296W,YAR035W,0,2.7167578,0.13745054602622986,0.7595056891441345,0.5040209293365479
YDL059C,YMR273C,0,2.7167277,0.13742689788341522,0.7595056891441345,0.5041214227676392
YLL008W,YMR296C,0,2.716177,0.13740326464176178,0.7595056891441345,0.5042219758033752
YOR378W,YOL124C,0,2.7159772,0.13737964630126953,0.7595056891441345,0.5043224692344666
YGL203C,YDR226W,0,2.7158823,0.13735602796077728,0.7595056891441345,0.5044230222702026
YLL041C,YLL033W,0,2.715746,0.13733240962028503,0.7595056891441345,0.504523515701294
YFR013W,YBL052C,0,2.7154028,0.13730882108211517,0.7595056891441345,0.50462406873703
YGR238C,YKR028W,0,2.7145848,0.13728521764278412,0.7595056891441345,0.5047245621681213
YPL042C,YPR083W,0,2.7143683,0.13726164400577545,0.7595056891441345,0.5048251152038574
YGL127C,YDR028C,1,2.714034,0.13740982115268707,0.7604562640190125,0.5048251152038574
YDR310C,YPL167C,0,2.7137837,0.1373862326145172,0.7604562640190125,0.5049256086349487
YBR083W,YDR421W,1,2.713519,0.13753433525562286,0.7614068388938904,0.5049256086349487
YOL108C,YOR285W,0,2.71348,0.1375107318162918,0.7614068388938904,0.5050261616706848
YDR144C,YPL082C,0,2.713434,0.13748712837696075,0.7614068388938904,0.5051266551017761
YDR494W,YKL182W,0,2.713414,0.1374635249376297,0.7614068388938904,0.5052272081375122
YDR411C,YKL020C,0,2.7127748,0.13743995130062103,0.7614068388938904,0.5053277015686035
YDL142C,YPL098C,0,2.7120562,0.13741636276245117,0.7614068388938904,0.5054282546043396
YNR017W,YEL029C,0,2.7120032,0.1373927891254425,0.7614068388938904,0.5055287480354309
YDL245C,YGL244W,0,2.711924,0.13736923038959503,0.7614068388938904,0.505629301071167
YFR013W,YCL014W,0,2.7119064,0.13734567165374756,0.7614068388938904,0.5057297945022583
YJR021C,YOL108C,0,2.7112856,0.13732212781906128,0.7614068388938904,0.5058302879333496
YNL281W,YNL284C,0,2.7112043,0.1372985988855362,0.7614068388938904,0.5059308409690857
YHR004C,YIL046W,0,2.7111773,0.1372750699520111,0.7614068388938904,0.506031334400177
YKL090W,YNR074C,0,2.710915,0.13725154101848602,0.7614068388938904,0.5061318874359131
YPL163C,YEL062W,0,2.7107935,0.13722802698612213,0.7614068388938904,0.5062323808670044
YLR080W,YHR060W,0,2.7106705,0.13720452785491943,0.7614068388938904,0.5063329339027405
YBR223C,YDR140W,0,2.710552,0.13718102872371674,0.7614068388938904,0.5064334273338318
YOR274W,YJR082C,0,2.7104087,0.13715752959251404,0.7614068388938904,0.5065339803695679
YBR281C,YLR088W,0,2.7104063,0.13713404536247253,0.7614068388938904,0.5066344738006592
YFR013W,YDL206W,0,2.7103264,0.13711057603359222,0.7614068388938904,0.5067350268363953
YPL151C,YMR238W,0,2.710195,0.13708710670471191,0.7614068388938904,0.5068355202674866
YDR211W,YOL158C,0,2.7101862,0.1370636522769928,0.7614068388938904,0.5069360733032227
YKL166C,YLL017W,0,2.7099445,0.13704021275043488,0.7614068388938904,0.507036566734314
YBR031W,YPR030W,0,2.7098162,0.13701675832271576,0.7614068388938904,0.50713711977005
YDR254W,YNL284C,0,2.7094505,0.13699333369731903,0.7614068388938904,0.5072376132011414
YOR237W,YPL218W,0,2.7093925,0.1369699090719223,0.7614068388938904,0.5073381662368774
YHL012W,YKL206C,0,2.7090216,0.13694648444652557,0.7614068388938904,0.5074386596679688
YML051W,YER125W,0,2.70892,0.13692307472229004,0.7614068388938904,0.5075392127037048
YOL028C,YOL090W,0,2.7088733,0.1368996798992157,0.7614068388938904,0.5076397061347961
YGR221C,YGR095C,0,2.7087665,0.13687628507614136,0.7614068388938904,0.5077402591705322
YPL094C,YEL041W,0,2.708181,0.13685289025306702,0.7614068388938904,0.5078407526016235
YNL095C,YMR033W,0,2.7080417,0.13682952523231506,0.7614068388938904,0.5079413056373596
YDR138W,YPR060C,0,2.7078848,0.13680614531040192,0.7614068388938904,0.5080417990684509
YJR070C,YHR079C,0,2.7076907,0.13678278028964996,0.7614068388938904,0.508142352104187
YPR125W,YGR027C,0,2.7074819,0.1367594301700592,0.7614068388938904,0.5082428455352783
YDR144C,YBR061C,0,2.7073343,0.13673608005046844,0.7614068388938904,0.5083433985710144
YCL074W,YCR046C,0,2.7072577,0.13671274483203888,0.7614068388938904,0.5084438920021057
YDL140C,YGR072W,0,2.7071948,0.1366894245147705,0.7614068388938904,0.5085444450378418
YLR005W,YDR240C,0,2.707036,0.13666610419750214,0.7614068388938904,0.5086449384689331
YDR138W,YHR057C,0,2.706954,0.13664278388023376,0.7614068388938904,0.5087454915046692
YGL112C,YOR315W,1,2.7062562,0.13679003715515137,0.7623574137687683,0.5087454915046692
YMR005W,YGR262C,1,2.705477,0.1369372457265854,0.7633079886436462,0.5087454915046692
YLR020C,YKR028W,0,2.705287,0.13691389560699463,0.7633079886436462,0.5088459849357605
YDL021W,YBL085W,0,2.7048483,0.13689056038856506,0.7633079886436462,0.5089465379714966
YEL022W,YAR031W,0,2.7047007,0.1368672251701355,0.7633079886436462,0.5090470314025879
YDR460W,YBR177C,0,2.7043967,0.13684390485286713,0.7633079886436462,0.509147584438324
YDR137W,YNR044W,0,2.7043228,0.13682058453559875,0.7633079886436462,0.5092480778694153
YIL177C,YOR338W,0,2.7042751,0.13679727911949158,0.7633079886436462,0.5093486309051514
YOL057W,YBL034C,0,2.7041535,0.1367739737033844,0.7633079886436462,0.5094491243362427
YDR123C,YEL009C,1,2.7040968,0.1369209736585617,0.7642585635185242,0.5094491243362427
YLR295C,YDR281C,0,2.7035885,0.13689766824245453,0.7642585635185242,0.5095496773719788
YIL002C,YPR125W,0,2.7031648,0.13687436282634735,0.7642585635185242,0.5096501708030701
YDL206W,YBL089W,0,2.7028203,0.13685105741024017,0.7642585635185242,0.5097507238388062
YIR018W,YEL040W,0,2.7026625,0.1368277668952942,0.7642585635185242,0.5098512172698975
YOL093W,YLR389C,0,2.7024872,0.1368044912815094,0.7642585635185242,0.5099517703056335
YBR081C,YJR051W,0,2.7020783,0.1367812156677246,0.7642585635185242,0.5100522637367249
YGL244W,YDL227C,0,2.7019677,0.136757954955101,0.7642585635185242,0.5101528167724609
YMR123W,YDR472W,0,2.7019138,0.13673469424247742,0.7642585635185242,0.5102533102035522
YNL302C,YMR075W,0,2.701434,0.13671144843101501,0.7642585635185242,0.5103538632392883
YHR056C,YDL148C,0,2.7013426,0.1366882026195526,0.7642585635185242,0.5104543566703796
YPR182W,YGR052W,0,2.7009923,0.1366649717092514,0.7642585635185242,0.5105549097061157
YEL037C,YHR039C-A,0,2.7005723,0.1366417407989502,0.7642585635185242,0.510655403137207
YGR282C,YGR027C,0,2.7004633,0.13661852478981018,0.7642585635185242,0.5107559561729431
YLR005W,YNL182C,0,2.700103,0.13659530878067017,0.7642585635185242,0.5108564496040344
YDR082W,YLR141W,0,2.6999874,0.13657210767269135,0.7642585635185242,0.5109570026397705
YDR233C,YGL174W,0,2.6997726,0.13654890656471252,0.7642585635185242,0.5110574960708618
YER138C,YBL085W,0,2.6995077,0.1365257203578949,0.7642585635185242,0.5111580491065979
YML112W,YBL112C,0,2.6994243,0.13650254905223846,0.7642585635185242,0.5112585425376892
YPL213W,YKL038W,0,2.6990886,0.13647937774658203,0.7642585635185242,0.5113590955734253
YKR056W,YMR270C,0,2.6979694,0.1364562064409256,0.7642585635185242,0.5114595890045166
YKL182W,YMR065W,0,2.6978717,0.13643305003643036,0.7642585635185242,0.5115601420402527
YBR223C,YER175C,0,2.6977956,0.1364099085330963,0.7642585635185242,0.511660635471344
YGR252W,YBR067C,0,2.6977768,0.13638676702976227,0.7642585635185242,0.5117611289024353
YKL001C,YNR010W,0,2.6975305,0.13636364042758942,0.7642585635185242,0.5118616819381714
YLR395C,YDL217C,0,2.697342,0.13634051382541656,0.7642585635185242,0.5119621753692627
YGR255C,YLR278C,0,2.6971416,0.1363174021244049,0.7642585635185242,0.5120627284049988
YDL140C,YKL067W,0,2.6969957,0.13629429042339325,0.7642585635185242,0.5121632218360901
YIL094C,YMR304W,0,2.6968646,0.13627119362354279,0.7642585635185242,0.5122637748718262
YNL223W,YNL163C,0,2.6965864,0.13624809682369232,0.7642585635185242,0.5123642683029175
YGR012W,YEL070W,0,2.6965547,0.13622501492500305,0.7642585635185242,0.5124648213386536
YLR312W-A,YJL029C,0,2.6961966,0.13620193302631378,0.7642585635185242,0.5125653147697449
YMR013C,YOL107W,0,2.69599,0.1361788660287857,0.7642585635185242,0.512665867805481
YJR107W,YDR304C,0,2.6958482,0.13615579903125763,0.7642585635185242,0.5127663612365723
YOL165C,YMR020W,0,2.6955628,0.13613274693489075,0.7642585635185242,0.5128669142723083
YMR039C,YAL031C,0,2.6955194,0.13610969483852386,0.7642585635185242,0.5129674077033997
YLL034C,YNR067C,0,2.6950905,0.13608665764331818,0.7642585635185242,0.5130679607391357
YER103W,YNL309W,0,2.6946447,0.13606363534927368,0.7642585635185242,0.513168454170227
YKR057W,YOR317W,0,2.694509,0.1360406130552292,0.7642585635185242,0.5132690072059631
YNL160W,YNL079C,0,2.6944025,0.1360175907611847,0.7642585635185242,0.5133695006370544
YMR284W,YPL042C,0,2.6943846,0.1359945833683014,0.7642585635185242,0.5134700536727905
YJR006W,YGR239C,0,2.694363,0.13597159087657928,0.7642585635185242,0.5135705471038818
YLR353W,YNL259C,0,2.694149,0.13594859838485718,0.7642585635185242,0.5136711001396179
YDL217C,YGL068W,0,2.6934853,0.13592560589313507,0.7642585635185242,0.5137715935707092
YHR002W,YPL002C,0,2.69316,0.13590264320373535,0.7642585635185242,0.5138721466064453
YDR079W,YOR084W,0,2.6930242,0.13587966561317444,0.7642585635185242,0.5139726400375366
YFL038C,YLR025W,0,2.692988,0.13585670292377472,0.7642585635185242,0.5140731930732727
YKL082C,YKR006C,0,2.6927934,0.1358337551355362,0.7642585635185242,0.514173686504364
YPR072W,YJL194W,0,2.6924539,0.13581080734729767,0.7642585635185242,0.5142742395401001
YLR191W,YJR032W,0,2.692409,0.13578787446022034,0.7642585635185242,0.5143747329711914
YGL169W,YDR403W,0,2.6920524,0.135764941573143,0.7642585635185242,0.5144752860069275
YGL083W,YDL022W,0,2.6916676,0.13574202358722687,0.7642585635185242,0.5145757794380188
YBR275C,YGL060W,0,2.6913102,0.13571910560131073,0.7642585635185242,0.5146763324737549
YPL127C,YGL019W,0,2.6911764,0.1356962025165558,0.7642585635185242,0.5147768259048462
YKR102W,YNL239W,0,2.6910582,0.13567329943180084,0.7642585635185242,0.5148773789405823
YDR137W,YAL017W,0,2.6907518,0.1356504112482071,0.7642585635185242,0.5149778723716736
YNR006W,YCL032W,0,2.6904738,0.13562752306461334,0.7642585635185242,0.5150784254074097
YBR010W,YGR276C,0,2.6904063,0.1356046497821808,0.7642585635185242,0.515178918838501
YPL046C,YPR056W,1,2.6903977,0.1357504278421402,0.7652091383934021,0.515178918838501
YHR167W,YPL047W,1,2.6903327,0.13589614629745483,0.76615971326828,0.515178918838501
YDR454C,YOR219C,0,2.6902308,0.1358732283115387,0.76615971326828,0.5152794718742371
YJR017C,YGL073W,1,2.6901028,0.13601887226104736,0.767110288143158,0.5152794718742371
YNL010W,YER074W,0,2.6898224,0.13599595427513123,0.767110288143158,0.5153799653053284
YFR031C,YMR032W,0,2.6897082,0.1359730362892151,0.767110288143158,0.5154805183410645
YBR195C,YOL111C,0,2.6895466,0.13595013320446014,0.767110288143158,0.5155810117721558
YIL088C,YGL051W,0,2.6892693,0.1359272301197052,0.767110288143158,0.5156815648078918
YPL200W,YLL055W,0,2.6892576,0.13590434193611145,0.767110288143158,0.5157820582389832
YNL274C,YFL013C,0,2.688932,0.1358814686536789,0.767110288143158,0.5158826112747192
YDR173C,YDR109C,0,2.6889129,0.13585858047008514,0.767110288143158,0.5159831047058105
YBR170C,YOR219C,0,2.688312,0.13583572208881378,0.767110288143158,0.5160836577415466
YNR017W,YOR317W,0,2.6881866,0.13581286370754242,0.767110288143158,0.5161841511726379
YLR305C,YKL203C,0,2.688126,0.13579000532627106,0.767110288143158,0.516284704208374
YNL160W,YDL047W,0,2.6881227,0.1357671618461609,0.767110288143158,0.5163851976394653
YOR126C,YMR272C,0,2.6879354,0.13574431836605072,0.767110288143158,0.5164857506752014
YNL121C,YOR353C,0,2.687931,0.13572148978710175,0.767110288143158,0.5165862441062927
YJL178C,YDR222W,0,2.6877375,0.13569867610931396,0.767110288143158,0.5166867971420288
YGR238C,YMR296C,0,2.6873682,0.13567586243152618,0.767110288143158,0.5167872905731201
YJR119C,YMR173W,0,2.6873646,0.1356530487537384,0.767110288143158,0.5168878436088562
YLR244C,YNR028W,0,2.687283,0.13563024997711182,0.767110288143158,0.5169883370399475
YPL027W,YDR364C,0,2.6869042,0.13560746610164642,0.767110288143158,0.5170888900756836
YKR054C,YDL054C,0,2.6868062,0.13558468222618103,0.767110288143158,0.5171893835067749
YMR089C,YDL208W,0,2.6865306,0.13556189835071564,0.767110288143158,0.517289936542511
YGR167W,YMR319C,0,2.686501,0.13553912937641144,0.767110288143158,0.5173904299736023
YDR419W,YMR304W,0,2.6863995,0.13551637530326843,0.767110288143158,0.5174909234046936
YBR271W,YKL096W-A,0,2.6863408,0.13549362123012543,0.767110288143158,0.5175914764404297
YLR353W,YFL017W-A,0,2.6863005,0.13547086715698242,0.767110288143158,0.517691969871521
YMR169C,YGL019W,0,2.6861286,0.1354481428861618,0.767110288143158,0.5177925229072571
YDR226W,YIL042C,0,2.685872,0.13542540371418,0.767110288143158,0.5178930163383484
YIL143C,YNL281W,0,2.6856766,0.13540267944335938,0.767110288143158,0.5179935693740845
YHR209W,YGL226C-A,0,2.6856337,0.13537997007369995,0.767110288143158,0.5180940628051758
YNL302C,YER052C,0,2.6853848,0.13535726070404053,0.767110288143158,0.5181946158409119
YKL007W,YDR172W,0,2.6850824,0.1353345662355423,0.767110288143158,0.5182951092720032
YBR195C,YNL335W,0,2.6849287,0.13531187176704407,0.767110288143158,0.5183956623077393
YKR103W,YIL046W,0,2.6848836,0.13528919219970703,0.767110288143158,0.5184961557388306
YPR035W,YOR351C,0,2.6847186,0.13526651263237,0.767110288143158,0.5185967087745667
YHR156C,YML052W,0,2.6847172,0.13524384796619415,0.767110288143158,0.518697202205658
YPL002C,YLR300W,0,2.6841102,0.1352211833000183,0.767110288143158,0.518797755241394
YNR031C,YGR010W,0,2.684084,0.13519851863384247,0.767110288143158,0.5188982486724854
YNL281W,YGL010W,0,2.6839795,0.135175883769989,0.767110288143158,0.5189988017082214
YMR019W,YLR141W,0,2.6839473,0.13515323400497437,0.767110288143158,0.5190992951393127
YNL307C,YER104W,0,2.6837482,0.1351306140422821,0.767110288143158,0.5191998481750488
YML073C,YER115C,0,2.683723,0.13510797917842865,0.767110288143158,0.5193003416061401
YHL012W,YJL112W,0,2.6834543,0.13508537411689758,0.767110288143158,0.5194008946418762
YKL165C,YGR084C,0,2.6833892,0.13506275415420532,0.767110288143158,0.5195013880729675
YCL074W,YNL006W,0,2.6832905,0.13504016399383545,0.767110288143158,0.5196019411087036
YDR351W,YGL026C,0,2.6831057,0.13501757383346558,0.767110288143158,0.5197024345397949
YER008C,YDL078C,0,2.6826725,0.1349949836730957,0.767110288143158,0.519802987575531
YFL014W,YDL216C,0,2.6821387,0.13497240841388702,0.767110288143158,0.5199034810066223
YPR198W,YLL055W,0,2.6820896,0.13494983315467834,0.767110288143158,0.5200040340423584
YOL158C,YLL043W,0,2.6818564,0.13492727279663086,0.767110288143158,0.5201045274734497
YHR061C,YGR089W,0,2.6815841,0.13490471243858337,0.767110288143158,0.5202050805091858
YJL206C,YFL023W,0,2.6815805,0.13488216698169708,0.767110288143158,0.5203055739402771
YKL182W,YMR210W,0,2.6808875,0.1348596215248108,0.767110288143158,0.5204061269760132
YOR283W,YBR074W,0,2.680498,0.1348370909690857,0.767110288143158,0.5205066204071045
YMR227C,YJR026W,0,2.680472,0.1348145604133606,0.767110288143158,0.5206071734428406
YKL205W,YDR195W,0,2.6804578,0.1347920447587967,0.767110288143158,0.5207076668739319
YDR460W,YGR264C,0,2.6802266,0.13476954400539398,0.767110288143158,0.520808219909668
YDR518W,YDR332W,0,2.6796956,0.13474704325199127,0.767110288143158,0.5209087133407593
YDR254W,YLR197W,0,2.6796176,0.13472454249858856,0.767110288143158,0.5210092663764954
YER168C,YLR153C,0,2.6793506,0.13470205664634705,0.767110288143158,0.5211097598075867
YML032C,YOL082W,0,2.6793234,0.13467957079410553,0.767110288143158,0.5212103128433228
YIL088C,YOR204W,0,2.6792922,0.1346570998430252,0.767110288143158,0.5213108062744141
YGR144W,YDR530C,0,2.679165,0.13463462889194489,0.767110288143158,0.5214113593101501
YIL061C,YOR313C,0,2.679136,0.13461217284202576,0.767110288143158,0.5215118527412415
YNL121C,YJR133W,0,2.6790404,0.13458973169326782,0.767110288143158,0.5216124057769775
YOL112W,YHL034C,0,2.6784701,0.1345672905445099,0.767110288143158,0.5217128992080688
YDR173C,YEL056W,0,2.678176,0.13454484939575195,0.767110288143158,0.5218134522438049
YGL186C,YOL104C,0,2.6781306,0.1345224231481552,0.767110288143158,0.5219139456748962
YDL170W,YEL009C,1,2.6780617,0.13466666638851166,0.7680608630180359,0.5219139456748962
YGR216C,YNR035C,0,2.6778288,0.13464422523975372,0.7680608630180359,0.5220144987106323
YFR013W,YPR080W,0,2.6776004,0.13462179899215698,0.7680608630180359,0.5221149921417236
YDR414C,YLR300W,0,2.6772282,0.13459937274456024,0.7680608630180359,0.5222155451774597
YIR025W,YGL071W,0,2.6770735,0.1345769464969635,0.7680608630180359,0.522316038608551
YLR028C,YNL006W,0,2.676996,0.13455453515052795,0.7680608630180359,0.5224165916442871
YNL073W,YGL071W,0,2.6767194,0.1345321387052536,0.7680608630180359,0.5225170850753784
YNR010W,YDL115C,1,2.676602,0.13467621803283691,0.769011378288269,0.5225170850753784
YPR189W,YDR281C,0,2.6765823,0.13465379178524017,0.769011378288269,0.5226176381111145
YNL297C,YLR380W,0,2.676393,0.13463138043880463,0.769011378288269,0.5227181315422058
YLR256W,YNL314W,1,2.676361,0.13477537035942078,0.769961953163147,0.5227181315422058
YJR078W,YPR113W,0,2.6761174,0.13475295901298523,0.769961953163147,0.5228186845779419
YDR067C,YLR050C,0,2.6760778,0.1347305327653885,0.769961953163147,0.5229191780090332
YFR029W,YOL066C,0,2.6759877,0.13470813632011414,0.769961953163147,0.5230197310447693
YLR418C,YOL071W,1,2.6759005,0.13485200703144073,0.7709125280380249,0.5230197310447693
YGL094C,YBL113C,0,2.6756766,0.1348295956850052,0.7709125280380249,0.5231202244758606
YDR512C,YPL129W,1,2.6754355,0.134973406791687,0.7718631029129028,0.5231202244758606
YNR003C,YLL055W,0,2.6753511,0.13495096564292908,0.7718631029129028,0.5232207775115967
YGR271W,YLR088W,0,2.6753235,0.13492855429649353,0.7718631029129028,0.523321270942688
YAL024C,YER171W,0,2.6751103,0.1349061280488968,0.7718631029129028,0.5234217643737793
YMR193W,YLR213C,0,2.6749206,0.13488371670246124,0.7718631029129028,0.5235223174095154
YKL093W,YNL335W,0,2.6747546,0.1348613202571869,0.7718631029129028,0.5236228108406067
YGR221C,YOL141W,0,2.6746397,0.13483892381191254,0.7718631029129028,0.5237233638763428
YBR222C,YCR012W,0,2.6744878,0.13481654226779938,0.7718631029129028,0.5238238573074341
YPR005C,YNL330C,1,2.6744564,0.13496015965938568,0.7728136777877808,0.5238238573074341
YHR029C,YGL103W,0,2.6742506,0.13493776321411133,0.7728136777877808,0.5239244103431702
YLL041C,YPL139C,0,2.6740913,0.13491536676883698,0.7728136777877808,0.5240249037742615
YAR031W,YBR192W,0,2.673917,0.13489298522472382,0.7728136777877808,0.5241254568099976
YOR382W,YDR410C,0,2.6739087,0.13487060368061066,0.7728136777877808,0.5242259502410889
YGL169W,YGR089W,0,2.6739025,0.1348482370376587,0.7728136777877808,0.524326503276825
YOR299W,YMR273C,0,2.6736808,0.13482587039470673,0.7728136777877808,0.5244269967079163
YKR019C,YKL095W,0,2.6735847,0.13480351865291595,0.7728136777877808,0.5245275497436523
YIL128W,YDR233C,0,2.6735482,0.13478116691112518,0.7728136777877808,0.5246280431747437
YLR191W,YNL138W,0,2.673379,0.1347588300704956,0.7728136777877808,0.5247285962104797
YGL170C,YMR145C,0,2.6733203,0.13473649322986603,0.7728136777877808,0.524829089641571
YER117W,YDR337W,0,2.673105,0.13471417129039764,0.7728136777877808,0.5249296426773071
YPR024W,YOR388C,0,2.6730564,0.13469184935092926,0.7728136777877808,0.5250301361083984
YER125W,YBL026W,0,2.6730204,0.13466954231262207,0.7728136777877808,0.5251306891441345
YLR353W,YHR051W,0,2.6725037,0.13464723527431488,0.7728136777877808,0.5252311825752258
YPL147W,YMR301C,0,2.672422,0.13462494313716888,0.7728136777877808,0.5253317356109619
YFL038C,YDR170C,0,2.6722343,0.1346026510000229,0.7728136777877808,0.5254322290420532
YKL090W,YMR213W,0,2.6721878,0.13458037376403809,0.7728136777877808,0.5255327820777893
YNL102W,YCR002C,0,2.671982,0.13455809652805328,0.7728136777877808,0.5256332755088806
YKL007W,YPL180W,0,2.6718614,0.13453581929206848,0.7728136777877808,0.5257338285446167
YDR518W,YNL192W,0,2.6715755,0.13451357185840607,0.7728136777877808,0.525834321975708
YGR034W,YAL039C,0,2.6714828,0.13449130952358246,0.7728136777877808,0.5259348750114441
YDL142C,YJR083C,0,2.6713932,0.13446907699108124,0.7728136777877808,0.5260353684425354
YKL130C,YOR313C,0,2.6711779,0.13444682955741882,0.7728136777877808,0.5261359214782715
YLL045C,YNL092W,0,2.6710968,0.1344245970249176,0.7728136777877808,0.5262364149093628
YCR052W,YDL039C,0,2.6709685,0.13440237939357758,0.7728136777877808,0.5263369679450989
YNR003C,YDR353W,0,2.6706839,0.13438016176223755,0.7728136777877808,0.5264374613761902
YBR020W,YKL205W,0,2.6706715,0.13435795903205872,0.7728136777877808,0.5265380144119263
YBR196C,YAL039C,0,2.6706605,0.13433575630187988,0.7728136777877808,0.5266385078430176
YKL112W,YPL082C,1,2.6705978,0.13447877764701843,0.7737642526626587,0.5266385078430176
YBR059C,YPL119C,0,2.6705792,0.1344565600156784,0.7737642526626587,0.5267390608787537
YPR030W,YIL076W,0,2.6704054,0.13443435728549957,0.7737642526626587,0.526839554309845
YLR295C,YMR136W,0,2.6703668,0.13441215455532074,0.7737642526626587,0.526940107345581
YHR074W,YOL111C,0,2.6703427,0.1343899667263031,0.7737642526626587,0.5270406007766724
YOL010W,YJL081C,0,2.6702433,0.13436777889728546,0.7737642526626587,0.5271411538124084
YBR198C,YER171W,1,2.6698055,0.13451065123081207,0.7747148275375366,0.5271411538124084
YBR120C,YIR032C,0,2.66957,0.13448844850063324,0.7747148275375366,0.5272416472434998
YGR252W,YER104W,0,2.6695611,0.1344662606716156,0.7747148275375366,0.5273422002792358
YGR052W,YFL038C,0,2.6690102,0.13444407284259796,0.7747148275375366,0.5274426937103271
YGR238C,YOL107W,0,2.668984,0.13442189991474152,0.7747148275375366,0.5275432467460632
YHR214C-B,YDL197C,0,2.6688323,0.13439974188804626,0.7747148275375366,0.5276437401771545
YMR168C,YNR035C,0,2.6688285,0.13437756896018982,0.7747148275375366,0.5277442932128906
YCR030C,YER162C,0,2.6684551,0.13435542583465576,0.7747148275375366,0.5278447866439819
YDR498C,YMR137C,0,2.668255,0.1343332827091217,0.7747148275375366,0.527945339679718
YJL166W,YNL304W,0,2.668253,0.13431113958358765,0.7747148275375366,0.5280458331108093
YGR052W,YCR012W,0,2.6679382,0.13428901135921478,0.7747148275375366,0.5281463861465454
YGL130W,YPL048W,1,2.6678402,0.1344316303730011,0.7756654024124146,0.5281463861465454
YJR070C,YMR032W,0,2.6675906,0.13440948724746704,0.7756654024124146,0.5282468795776367
YDR472W,YAL029C,0,2.6673918,0.13438735902309418,0.7756654024124146,0.5283474326133728
YDR146C,YJL081C,0,2.6665974,0.13436521589756012,0.7756654024124146,0.5284479260444641
YDL140C,YOL004W,1,2.6662693,0.13450773060321808,0.7766159772872925,0.5284479260444641
YMR227C,YLR176C,1,2.6662595,0.13465020060539246,0.7775665521621704,0.5284479260444641
YOL093W,YIL079C,0,2.6660683,0.1346280425786972,0.7775665521621704,0.5285484790802002
YPR144C,YCR060W,0,2.6660557,0.13460588455200195,0.7775665521621704,0.5286489725112915
YGL212W,YDR081C,0,2.6659188,0.1345837414264679,0.7775665521621704,0.5287495255470276
YJR026W,YER190W,0,2.665724,0.13456159830093384,0.7775665521621704,0.5288500189781189
YEL069C,YNL073W,0,2.6653295,0.13453947007656097,0.7775665521621704,0.528950572013855
YPR072W,YLR309C,0,2.6652536,0.1345173418521881,0.7775665521621704,0.5290510654449463
YML073C,YPL163C,0,2.665196,0.13449522852897644,0.7775665521621704,0.5291515588760376
YLR020C,YDL128W,0,2.6650348,0.13447311520576477,0.7775665521621704,0.5292521119117737
YOR349W,YGR239C,0,2.664886,0.1344510167837143,0.7775665521621704,0.529352605342865
YJL030W,YKL206C,0,2.6647897,0.13442891836166382,0.7775665521621704,0.5294531583786011
YDR144C,YAL024C,0,2.6645565,0.13440683484077454,0.7775665521621704,0.5295536518096924
YJR092W,YKL182W,0,2.6643758,0.13438475131988525,0.7775665521621704,0.5296542048454285
YEL022W,YGL071W,0,2.6642127,0.13436268270015717,0.7775665521621704,0.5297546982765198
YDR026C,YDL084W,0,2.664042,0.13434061408042908,0.7775665521621704,0.5298552513122559
YIL088C,YDR364C,0,2.6640058,0.13431856036186218,0.7775665521621704,0.5299557447433472
YML069W,YPR187W,1,2.6638374,0.1344606727361679,0.7785171270370483,0.5299557447433472
YNL278W,YKL005C,1,2.663694,0.13460275530815125,0.7794677019119263,0.5299557447433472
YHR058C,YBR072W,0,2.6635098,0.13458067178726196,0.7794677019119263,0.5300562977790833
YNL314W,YFL021W,1,2.6634383,0.13472267985343933,0.7804182767868042,0.5300562977790833
YBR177C,YGR020C,0,2.6630614,0.13470058143138885,0.7804182767868042,0.5301567912101746
YKL007W,YOR324C,0,2.6630085,0.13467848300933838,0.7804182767868042,0.5302573442459106
YKR055W,YDL077C,0,2.6629791,0.1346563845872879,0.7804182767868042,0.530357837677002
YKL117W,YNL182C,0,2.6627269,0.13463430106639862,0.7804182767868042,0.530458390712738
YNL102W,YFL021W,0,2.662662,0.13461223244667053,0.7804182767868042,0.5305588841438293
YJL194W,YHR175W,0,2.6626587,0.13459016382694244,0.7804182767868042,0.5306594371795654
YDR453C,YJL214W,0,2.662589,0.13456811010837555,0.7804182767868042,0.5307599306106567
YDR527W,YBR128C,0,2.6622758,0.13454605638980865,0.7804182767868042,0.5308604836463928
YLR047C,YLR380W,0,2.6620398,0.13452400267124176,0.7804182767868042,0.5309609770774841
YDL059C,YOR239W,0,2.6618469,0.13450196385383606,0.7804182767868042,0.5310615301132202
YHR069C,YER125W,0,2.6617851,0.13447993993759155,0.7804182767868042,0.5311620235443115
YDL142C,YJR031C,0,2.661602,0.13445791602134705,0.7804182767868042,0.5312625765800476
YML028W,YLR278C,0,2.661429,0.13443589210510254,0.7804182767868042,0.5313630700111389
YOL145C,YJR005W,0,2.6613061,0.13441388309001923,0.7804182767868042,0.531463623046875
YGL225W,YDR403W,0,2.6610088,0.1343918740749359,0.7804182767868042,0.5315641164779663
YER022W,YJR140C,1,2.6608944,0.13453355431556702,0.7813687920570374,0.5315641164779663
YMR005W,YER138C,0,2.660677,0.1345115303993225,0.7813687920570374,0.5316646695137024
YCL018W,YNL032W,0,2.6604927,0.1344895213842392,0.7813687920570374,0.5317651629447937
YJL200C,YJL176C,0,2.6601982,0.13446752727031708,0.7813687920570374,0.5318657159805298
YPL223C,YJR034W,0,2.6599379,0.13444553315639496,0.7813687920570374,0.5319662094116211
YJL225C,YDR059C,0,2.659906,0.13442355394363403,0.7813687920570374,0.5320667624473572
YOR287C,YLR309C,0,2.6597993,0.1344015747308731,0.7813687920570374,0.5321672558784485
YBR010W,YGR222W,0,2.6595874,0.13437959551811218,0.7813687920570374,0.5322678089141846
YGR252W,YJR053W,0,2.6594038,0.13435763120651245,0.7813687920570374,0.5323683023452759
YNR021W,YER162C,0,2.6592,0.1343356817960739,0.7813687920570374,0.532468855381012
YEL062W,YBR173C,0,2.6590953,0.13431373238563538,0.7813687920570374,0.5325693488121033
YMR238W,YGR155W,0,2.6588967,0.13429178297519684,0.7813687920570374,0.5326699018478394
YKL085W,YLL033W,0,2.6588693,0.1342698484659195,0.7813687920570374,0.5327703952789307
YIL143C,YCL067C,1,2.6587315,0.13441123068332672,0.7823193669319153,0.5327703952789307
YOR147W,YOR008C,0,2.6581683,0.13438928127288818,0.7823193669319153,0.5328709483146667
YOR297C,YMR186W,0,2.6581638,0.13436734676361084,0.7823193669319153,0.5329714417457581
YLR425W,YCL057W,0,2.6579485,0.1343454122543335,0.7823193669319153,0.5330719947814941
YHR109W,YFL023W,0,2.657948,0.13432349264621735,0.7823193669319153,0.5331724882125854
YGR221C,YKL119C,0,2.657798,0.1343015730381012,0.7823193669319153,0.5332730412483215
YOR382W,YBR093C,0,2.6577601,0.13427965342998505,0.7823193669319153,0.5333735346794128
YOR275C,YFL045C,0,2.6577005,0.1342577487230301,0.7823193669319153,0.5334740877151489
YPL200W,YDL040C,0,2.6573534,0.13423584401607513,0.7823193669319153,0.5335745811462402
YLR203C,YLR073C,0,2.657345,0.13421395421028137,0.7823193669319153,0.5336751341819763
YOL062C,YDR109C,0,2.656952,0.1341920793056488,0.7823193669319153,0.5337756276130676
YLR164W,YCL052C,0,2.6568608,0.13417020440101624,0.7823193669319153,0.5338761806488037
YHR029C,YER008C,0,2.656852,0.13414832949638367,0.7823193669319153,0.533976674079895
YGR238C,YDR332W,0,2.6568375,0.1341264694929123,0.7823193669319153,0.5340772271156311
YDR151C,YER052C,0,2.6567543,0.13410460948944092,0.7823193669319153,0.5341777205467224
YPR162C,YDR494W,0,2.6567445,0.13408276438713074,0.7823193669319153,0.5342782735824585
YOL057W,YBL098W,0,2.6563673,0.13406091928482056,0.7823193669319153,0.5343787670135498
YOR147W,YMR099C,0,2.6563592,0.13403908908367157,0.7823193669319153,0.5344793200492859
YFR029W,YKL168C,0,2.6563003,0.13401725888252258,0.7823193669319153,0.5345798134803772
YHR002W,YNL290W,0,2.6558833,0.1339954435825348,0.7823193669319153,0.5346803665161133
YBR067C,YPR125W,0,2.6557145,0.133973628282547,0.7823193669319153,0.5347808599472046
YGR077C,YMR034C,0,2.655111,0.1339518278837204,0.7823193669319153,0.5348814129829407
YOR142W,YBR192W,0,2.6541495,0.1339300274848938,0.7823193669319153,0.534981906414032
YOR048C,YHR056C,1,2.6536794,0.13407094776630402,0.7832699418067932,0.534981906414032
YJL024C,YIL048W,0,2.6535058,0.13404913246631622,0.7832699418067932,0.5350823998451233
YOR301W,YJL079C,0,2.6534526,0.13402733206748962,0.7832699418067932,0.5351829528808594
YNL314W,YLR088W,0,2.6531558,0.13400553166866302,0.7832699418067932,0.5352834463119507
YFR021W,YOR292C,0,2.6529975,0.13398374617099762,0.7832699418067932,0.5353839993476868
YFL038C,YIL170W,0,2.6527271,0.13396196067333221,0.7832699418067932,0.5354844927787781
YNL290W,YBR173C,0,2.6525767,0.1339401751756668,0.7832699418067932,0.5355850458145142
YMR250W,YOR327C,0,2.652114,0.1339184194803238,0.7832699418067932,0.5356855392456055
YNL281W,YCR057C,0,2.652017,0.13389664888381958,0.7832699418067932,0.5357860922813416
YJR055W,YDR353W,0,2.6516235,0.13387489318847656,0.7832699418067932,0.5358865857124329
YFL038C,YML073C,0,2.6513333,0.13385315239429474,0.7832699418067932,0.535987138748169
YGL026C,YHL027W,0,2.651209,0.13383141160011292,0.7832699418067932,0.5360876321792603
YGR032W,YJR103W,0,2.65099,0.13380968570709229,0.7832699418067932,0.5361881852149963
YDR414C,YDR476C,0,2.6509721,0.13378795981407166,0.7832699418067932,0.5362886786460876
YKR020W,YDL170W,0,2.650937,0.13376623392105103,0.7832699418067932,0.5363892316818237
YOR138C,YBR037C,0,2.6509066,0.1337445229291916,0.7832699418067932,0.536489725112915
YMR039C,YIL140W,0,2.650528,0.13372281193733215,0.7832699418067932,0.5365902781486511
YOR382W,YIL083C,0,2.6502318,0.1337011158466339,0.7832699418067932,0.5366907715797424
YOR243C,YBR261C,0,2.6501799,0.13367943465709686,0.7832699418067932,0.5367913246154785
YAR002C-A,YDR389W,0,2.649695,0.13365773856639862,0.7832699418067932,0.5368918180465698
YNL027W,YHR008C,0,2.6496582,0.13363607227802277,0.7832699418067932,0.5369923710823059
YDL084W,YBL103C,1,2.6495352,0.13377654552459717,0.7842205166816711,0.5369923710823059
YER017C,YPR198W,0,2.6493876,0.13375486433506012,0.7842205166816711,0.5370928645133972
YGR252W,YJL171C,0,2.6491725,0.13373318314552307,0.7842205166816711,0.5371934175491333
YBR238C,YDL047W,0,2.6489863,0.13371150195598602,0.7842205166816711,0.5372939109802246
YPR200C,YPL129W,0,2.648548,0.13368983566761017,0.7842205166816711,0.5373944640159607
YJR051W,YMR194W,0,2.648529,0.1336681842803955,0.7842205166816711,0.537494957447052
YDR308C,YCL066W,1,2.6482024,0.13380852341651917,0.7851710915565491,0.537494957447052
YMR168C,YFR029W,0,2.6481445,0.13378684222698212,0.7851710915565491,0.5375955104827881
YER049W,YNL026W,0,2.6479144,0.13376517593860626,0.7851710915565491,0.5376960039138794
YLR285W,YDL128W,0,2.6476564,0.1337435245513916,0.7851710915565491,0.5377965569496155
YMR200W,YDR373W,0,2.6475692,0.13372187316417694,0.7851710915565491,0.5378970503807068
YDR429C,YIR005W,0,2.6469135,0.13370022177696228,0.7851710915565491,0.5379976034164429
YLR141W,YOL136C,0,2.6469133,0.1336785852909088,0.7851710915565491,0.5380980968475342
YHR211W,YAR002C-A,0,2.6468499,0.13365696370601654,0.7851710915565491,0.5381986498832703
YOR099W,YBR276C,0,2.6467729,0.13363532721996307,0.7851710915565491,0.5382991433143616
YGR276C,YLR251W,0,2.6467206,0.133613720536232,0.7851710915565491,0.5383996963500977
YLR291C,YGL050W,0,2.6457968,0.13359211385250092,0.7851710915565491,0.538500189781189
YOL038W,YER162C,0,2.6457253,0.13357050716876984,0.7851710915565491,0.538600742816925
YER050C,YPL082C,0,2.6454923,0.13354891538619995,0.7851710915565491,0.5387012362480164
YKL170W,YNL147W,0,2.6454704,0.13352732360363007,0.7851710915565491,0.5388017892837524
YMR046C,YHR156C,0,2.645158,0.13350573182106018,0.7851710915565491,0.5389022827148438
YDR137W,YPL104W,0,2.6447544,0.13348416984081268,0.7851710915565491,0.5390028357505798
YLR203C,YGL244W,0,2.6445282,0.133462592959404,0.7851710915565491,0.5391033291816711
YPL134C,YNR044W,0,2.6440625,0.1334410309791565,0.7851710915565491,0.5392038822174072
YEL052W,YOR297C,0,2.6440234,0.1334194839000702,0.7851710915565491,0.5393043756484985
YGR285C,YGL019W,0,2.6436284,0.1333979368209839,0.7851710915565491,0.5394049286842346
YPL147W,YDR508C,0,2.643423,0.13337638974189758,0.7851710915565491,0.5395054221153259
YLR113W,YLR050C,0,2.6434212,0.13335485756397247,0.7851710915565491,0.539605975151062
YMR112C,YCR012W,0,2.643311,0.13333334028720856,0.7851710915565491,0.5397064685821533
YDR289C,YNL139C,1,2.6429663,0.133473202586174,0.786121666431427,0.5397064685821533
YDL245C,YMR210W,0,2.642861,0.1334516704082489,0.786121666431427,0.5398070216178894
YMR049C,YOR349W,0,2.6428437,0.1334301382303238,0.786121666431427,0.5399075150489807
YHR066W,YIL047C,0,2.6425967,0.13340862095355988,0.786121666431427,0.5400080680847168
YKL217W,YNL302C,0,2.642356,0.13338710367679596,0.786121666431427,0.5401085615158081
YCR093W,YHR205W,1,2.6423354,0.13352684676647186,0.7870722413063049,0.5401085615158081
YOL124C,YLR329W,0,2.6421354,0.13350531458854675,0.7870722413063049,0.5402091145515442
YDR453C,YLL004W,0,2.64207,0.13348379731178284,0.7870722413063049,0.5403096079826355
YGL180W,YKL119C,0,2.6418264,0.13346228003501892,0.7870722413063049,0.5404101610183716
YPL119C,YLR278C,0,2.6418211,0.1334407776594162,0.7870722413063049,0.5405106544494629
YGL170C,YDL215C,0,2.6418018,0.13341927528381348,0.7870722413063049,0.540611207485199
YAL063C,YJL171C,0,2.6416826,0.13339777290821075,0.7870722413063049,0.5407117009162903
YOR054C,YKR101W,0,2.641624,0.13337628543376923,0.7870722413063049,0.5408121943473816
YAL024C,YDL021W,0,2.6410503,0.1333548128604889,0.7870722413063049,0.5409127473831177
YDL133C-A,YJR101W,0,2.640998,0.13333334028720856,0.7870722413063049,0.541013240814209
YDL121C,YDR211W,0,2.6407683,0.13331186771392822,0.7870722413063049,0.5411137938499451
YNL232W,YMR065W,0,2.6404889,0.13329041004180908,0.7870722413063049,0.5412142872810364
YOR054C,YPR198W,0,2.6401725,0.13326895236968994,0.7870722413063049,0.5413148403167725
YER098W,YGL051W,0,2.6396725,0.133247509598732,0.7870722413063049,0.5414153337478638
YKL126W,YGR179C,0,2.6396456,0.13322606682777405,0.7870722413063049,0.5415158867835999
YHL012W,YKL094W,0,2.6395738,0.1332046389579773,0.7870722413063049,0.5416163802146912
YPR189W,YAL033W,0,2.6395311,0.13318321108818054,0.7870722413063049,0.5417169332504272
YER017C,YLR028C,0,2.6394694,0.1331617832183838,0.7870722413063049,0.5418174266815186
YIL002C,YPL113C,0,2.6393335,0.13314037024974823,0.7870722413063049,0.5419179797172546
YKL103C,YPR152C,0,2.6392612,0.13311897218227386,0.7870722413063049,0.542018473148346
YHR069C,YPL252C,0,2.638631,0.1330975741147995,0.7870722413063049,0.542119026184082
YDR146C,YER104W,0,2.6383407,0.13307617604732513,0.7870722413063049,0.5422195196151733
YDR176W,YGR122W,1,2.6382792,0.13321548700332642,0.7880228161811829,0.5422195196151733
YDR419W,YHR057C,0,2.6382113,0.13319408893585205,0.7880228161811829,0.5423200726509094
YBR196C,YLR203C,0,2.6381881,0.13317269086837769,0.7880228161811829,0.5424205660820007
YMR005W,YCR081W,1,2.6380234,0.1333119124174118,0.7889733910560608,0.5424205660820007
YLR009W,YPL147W,0,2.6376047,0.13329051434993744,0.7889733910560608,0.5425211191177368
YDR207C,YHR057C,0,2.6373355,0.13326910138130188,0.7889733910560608,0.5426216125488281
YDL121C,YEL040W,0,2.6372705,0.1332477182149887,0.7889733910560608,0.5427221655845642
YNR004W,YMR200W,0,2.6372242,0.13322632014751434,0.7889733910560608,0.5428226590156555
YMR295C,YMR210W,0,2.6371176,0.13320493698120117,0.7889733910560608,0.5429232120513916
YJR140C,YOR047C,1,2.6368947,0.13334402441978455,0.7899239659309387,0.5429232120513916
YMR176W,YLR389C,0,2.6368499,0.13332264125347137,0.7899239659309387,0.5430237054824829
YDL074C,YPL129W,0,2.6368158,0.1333012580871582,0.7899239659309387,0.543124258518219
YJL034W,YNR044W,0,2.6366727,0.13327987492084503,0.7899239659309387,0.5432247519493103
YPL007C,YFL017W-A,0,2.6365716,0.13325849175453186,0.7899239659309387,0.5433253049850464
YNR074C,YKL168C,0,2.636464,0.13323713839054108,0.7899239659309387,0.5434257984161377
YGR238C,YDL021W,0,2.6364198,0.1332157701253891,0.7899239659309387,0.5435263514518738
YGL200C,YFL066C,0,2.6363943,0.13319441676139832,0.7899239659309387,0.5436268448829651
YNL238W,YOR204W,0,2.6363666,0.13317307829856873,0.7899239659309387,0.5437273979187012
YIL095W,YNR006W,0,2.6361833,0.13315173983573914,0.7899239659309387,0.5438278913497925
YNL127W,YLR182W,0,2.6360216,0.13313040137290955,0.7899239659309387,0.5439284443855286
YOL145C,YGL256W,0,2.6356883,0.13310907781124115,0.7899239659309387,0.5440289378166199
YDR205W,YGR084C,0,2.6355696,0.13308776915073395,0.7899239659309387,0.544129490852356
YDR131C,YDR072C,0,2.635508,0.13306646049022675,0.7899239659309387,0.5442299842834473
YER117W,YBR120C,0,2.635467,0.13304515182971954,0.7899239659309387,0.5443305373191833
YDL202W,YPL065W,0,2.6351595,0.13302385807037354,0.7899239659309387,0.5444310307502747
YDR306C,YLR047C,0,2.6348732,0.13300256431102753,0.7899239659309387,0.5445315837860107
YMR179W,YHR187W,1,2.634752,0.13314130902290344,0.7908745408058167,0.5445315837860107
YOR274W,YER101C,0,2.6345582,0.13312000036239624,0.7908745408058167,0.544632077217102
YJR021C,YKL203C,0,2.6344666,0.13309870660305023,0.7908745408058167,0.5447326302528381
YKL217W,YJL214W,0,2.6343727,0.13307741284370422,0.7908745408058167,0.5448331236839294
YBR155W,YML052W,0,2.634266,0.1330561339855194,0.7908745408058167,0.5449336767196655
YOR301W,YHR214C-B,0,2.634118,0.1330348551273346,0.7908745408058167,0.5450341701507568
YLR425W,YJL103C,0,2.6340976,0.13301359117031097,0.7908745408058167,0.5451347231864929
YOR377W,YBL085W,0,2.6336083,0.13299232721328735,0.7908745408058167,0.5452352166175842
YOR071C,YOR025W,0,2.633194,0.13297107815742493,0.7908745408058167,0.5453357696533203
YGR199W,YLR429W,0,2.6331403,0.1329498291015625,0.7908745408058167,0.5454362630844116
YLL051C,YKL189W,0,2.633047,0.13292858004570007,0.7908745408058167,0.5455368161201477
YBL113C,YCR026C,0,2.6327353,0.13290734589099884,0.7908745408058167,0.545637309551239
YPL101W,YPR104C,1,2.6325755,0.13304583728313446,0.7918251156806946,0.545637309551239
YKL041W,YDR059C,0,2.6323895,0.13302458822727203,0.7918251156806946,0.5457378625869751
YOR298W,YIL046W,0,2.632018,0.1330033540725708,0.7918251156806946,0.5458383560180664
YHR164C,YNL238W,0,2.6317296,0.13298211991786957,0.7918251156806946,0.5459389090538025
YER148W,YJL184W,1,2.6316624,0.13312050700187683,0.7927756905555725,0.5459389090538025
YMR269W,YLR268W,0,2.63135,0.1330992728471756,0.7927756905555725,0.5460394024848938
YMR087W,YOR204W,0,2.6311316,0.13307802379131317,0.7927756905555725,0.5461399555206299
YDL198C,YFR052W,0,2.63111,0.13305678963661194,0.7927756905555725,0.5462404489517212
YDR263C,YNL236W,0,2.6307468,0.1330355703830719,0.7927756905555725,0.5463410019874573
YGR144W,YNR004W,0,2.630311,0.13301435112953186,0.7927756905555725,0.5464414954185486
YBR294W,YDL035C,0,2.6302733,0.13299314677715302,0.7927756905555725,0.5465419888496399
YOR299W,YDR281C,0,2.630221,0.13297194242477417,0.7927756905555725,0.546642541885376
YOR151C,YDR123C,1,2.6300151,0.1331101506948471,0.7937262654304504,0.546642541885376
YAL022C,YDL227C,0,2.6299899,0.13308893144130707,0.7937262654304504,0.5467430353164673
YGL220W,YGR222W,0,2.6298323,0.13306772708892822,0.7937262654304504,0.5468435883522034
YOR251C,YNL298W,0,2.6295102,0.13304652273654938,0.7937262654304504,0.5469440817832947
YNR013C,YPR043W,0,2.6294746,0.13302533328533173,0.7937262654304504,0.5470446348190308
YLL051C,YMR168C,0,2.6294684,0.13300414383411407,0.7937262654304504,0.5471451282501221
YNR044W,YLR160C,0,2.6291752,0.13298295438289642,0.7937262654304504,0.5472456812858582
YMR008C,YJL071W,0,2.6288471,0.13296177983283997,0.7937262654304504,0.5473461747169495
YBL006C,YDL084W,1,2.6281726,0.13309982419013977,0.7946767807006836,0.5473461747169495
YDR222W,YMR075W,0,2.628079,0.13307863473892212,0.7946767807006836,0.5474467277526855
YHR041C,YPL113C,0,2.6278749,0.13305746018886566,0.7946767807006836,0.5475472211837769
YMR194W,YAR031W,0,2.6278684,0.1330362856388092,0.7946767807006836,0.5476477742195129
YMR013C,YIL088C,0,2.6278582,0.13301511108875275,0.7946767807006836,0.5477482676506042
YJL178C,YOR222W,0,2.6277952,0.13299395143985748,0.7946767807006836,0.5478488206863403
YNL271C,YLR113W,0,2.6276143,0.1329728066921234,0.7946767807006836,0.5479493141174316
YGL207W,YDR397C,1,2.6274903,0.13311068713665009,0.7956273555755615,0.5479493141174316
YPL196W,YGL030W,0,2.6273637,0.13308952748775482,0.7956273555755615,0.5480498671531677
YEL031W,YLR073C,0,2.6271257,0.13306836783885956,0.7956273555755615,0.548150360584259
YNL236W,YCL032W,0,2.6270638,0.1330472081899643,0.7956273555755615,0.5482509136199951
YDR026C,YDR211W,0,2.627049,0.13302606344223022,0.7956273555755615,0.5483514070510864
YJL112W,YKR057W,0,2.6266637,0.13300491869449615,0.7956273555755615,0.5484519600868225
YDL140C,YOR098C,0,2.626555,0.13298378884792328,0.7956273555755615,0.5485524535179138
YBL113C,YOR180C,0,2.6265306,0.1329626739025116,0.7956273555755615,0.5486530065536499
YLR203C,YLR228C,0,2.626309,0.13294154405593872,0.7956273555755615,0.5487534999847412
YNL283C,YGL183C,0,2.6261194,0.13292044401168823,0.7956273555755615,0.5488540530204773
YGL158W,YDR383C,0,2.6259713,0.13289932906627655,0.7956273555755615,0.5489545464515686
YNL271C,YOR232W,0,2.6257744,0.13287822902202606,0.7956273555755615,0.5490550994873047
YOR054C,YJR031C,0,2.6256504,0.13285714387893677,0.7956273555755615,0.549155592918396
YMR182C,YDL216C,0,2.6255977,0.13283605873584747,0.7956273555755615,0.5492561459541321
YKL119C,YNL258C,0,2.6250825,0.13281497359275818,0.7956273555755615,0.5493566393852234
YOR038C,YDR444W,0,2.6248722,0.13279390335083008,0.7956273555755615,0.5494571924209595
YDL061C,YMR032W,0,2.6248212,0.13277284801006317,0.7956273555755615,0.5495576858520508
YKL217W,YGR281W,0,2.6246715,0.13275177776813507,0.7956273555755615,0.5496582388877869
YCR030C,YKL117W,0,2.6242244,0.13273073732852936,0.7956273555755615,0.5497587323188782
YNL302C,YKL064W,0,2.6242194,0.13270968198776245,0.7956273555755615,0.5498592853546143
YPL151C,YBR120C,0,2.6240559,0.13268865644931793,0.7956273555755615,0.5499597787857056
YOR377W,YBR042C,0,2.6239324,0.13266761600971222,0.7956273555755615,0.5500603318214417
YEL053C,YMR115W,0,2.6238656,0.1326465904712677,0.7956273555755615,0.550160825252533
YPL011C,YHR041C,1,2.6234348,0.13278402388095856,0.7965779304504395,0.550160825252533
YBR120C,YGR175C,0,2.6229503,0.13276299834251404,0.7965779304504395,0.550261378288269
YPR187W,YDR404C,1,2.6223295,0.13290035724639893,0.7975285053253174,0.550261378288269
YPL213W,YGR112W,0,2.6222541,0.1328793168067932,0.7975285053253174,0.5503618717193604
YFR029W,YOR378W,0,2.6222312,0.1328582763671875,0.7975285053253174,0.5504624247550964
YDL061C,YMR137C,0,2.6219587,0.1328372359275818,0.7975285053253174,0.5505629181861877
YJL011C,YIR005W,0,2.6213188,0.13281621038913727,0.7975285053253174,0.5506634712219238
YER098W,YGR036C,0,2.6209884,0.13279518485069275,0.7975285053253174,0.5507639646530151
YGL083W,YJL171C,0,2.6209104,0.13277417421340942,0.7975285053253174,0.5508645176887512
YKR008W,YJL214W,0,2.6208932,0.1327531635761261,0.7975285053253174,0.5509650111198425
YJL066C,YKR020W,0,2.6206455,0.13273216784000397,0.7975285053253174,0.5510655641555786
YBL005W-B,YNL236W,0,2.6204891,0.13271117210388184,0.7975285053253174,0.5511660575866699
YPR189W,YBR223C,0,2.6204374,0.1326901763677597,0.7975285053253174,0.551266610622406
YDR083W,YNL016W,0,2.6202145,0.13266919553279877,0.7975285053253174,0.5513671040534973
YBL076C,YIL177C,0,2.6200767,0.13264821469783783,0.7975285053253174,0.5514676570892334
YOL045W,YHR174W,0,2.6197877,0.13262724876403809,0.7975285053253174,0.5515681505203247
YDR263C,YHR119W,0,2.6195884,0.13260629773139954,0.7975285053253174,0.5516687035560608
YHR174W,YBR276C,0,2.6192255,0.1325853317975998,0.7975285053253174,0.5517691969871521
YJL066C,YER052C,0,2.6190495,0.13256438076496124,0.7975285053253174,0.5518697500228882
YGR255C,YHR109W,0,2.6188602,0.1325434446334839,0.7975285053253174,0.5519702434539795
YLR206W,YHR135C,0,2.6186118,0.13252250850200653,0.7975285053253174,0.5520707964897156
YDR416W,YKL015W,0,2.6183782,0.13250157237052917,0.7975285053253174,0.5521712899208069
YNL070W,YDR081C,0,2.6183512,0.132480651140213,0.7975285053253174,0.552271842956543
YNL223W,YAL038W,0,2.6179702,0.13245974481105804,0.7975285053253174,0.5523723363876343
YJL200C,YML049C,0,2.617536,0.13243883848190308,0.7975285053253174,0.5524728298187256
YGL151W,YPR052C,1,2.6170793,0.13257575035095215,0.7984790802001953,0.5524728298187256
YNR067C,YBR010W,0,2.6168547,0.13255484402179718,0.7984790802001953,0.5525733828544617
YJL011C,YFR036W,0,2.616304,0.13253392279148102,0.7984790802001953,0.552673876285553
YLR187W,YMR240C,0,2.6159754,0.13251301646232605,0.7984790802001953,0.5527744293212891
YIL006W,YOR275C,0,2.6155367,0.13249211013317108,0.7984790802001953,0.5528749227523804
YOR261C,YKR069W,0,2.6154835,0.1324712187051773,0.7984790802001953,0.5529754757881165
YJR004C,YBR150C,0,2.6149187,0.13245032727718353,0.7984790802001953,0.5530759692192078
YPL026C,YPR168W,1,2.614696,0.13258710503578186,0.7994296550750732,0.5530759692192078
YFL057C,YKL210W,0,2.6146402,0.1325661987066269,0.7994296550750732,0.5531765222549438
YJR036C,YCR014C,0,2.6144514,0.13254530727863312,0.7994296550750732,0.5532770156860352
YML010W,YDR451C,1,2.6143959,0.13268201053142548,0.8003802299499512,0.5532770156860352
YBR006W,YMR218C,0,2.614174,0.1326611042022705,0.8003802299499512,0.5533775687217712
YGR052W,YLR301W,0,2.6136036,0.13264019787311554,0.8003802299499512,0.5534780621528625
YFR029W,YOR317W,0,2.6134644,0.13261930644512177,0.8003802299499512,0.5535786151885986
YDL061C,YFL057C,0,2.613348,0.13259842991828918,0.8003802299499512,0.5536791086196899
YDL245C,YOR313C,0,2.613092,0.1325775533914566,0.8003802299499512,0.553779661655426
YIL126W,YER068W,1,2.6119347,0.13271410763263702,0.8013308048248291,0.553779661655426
YDL061C,YPR149W,0,2.6119032,0.13269321620464325,0.8013308048248291,0.5538801550865173
YDR067C,YJL194W,0,2.6113923,0.13267233967781067,0.8013308048248291,0.5539807081222534
YIL170W,YBL113C,0,2.6108098,0.1326514482498169,0.8013308048248291,0.5540812015533447
YNL084C,YOR209C,0,2.6104236,0.1326305866241455,0.8013308048248291,0.5541817545890808
YDL121C,YJR028W,0,2.6104057,0.13260972499847412,0.8013308048248291,0.5542822480201721
YJL187C,YIL094C,0,2.610251,0.13258886337280273,0.8013308048248291,0.5543828010559082
YBR276C,YPR006C,0,2.61008,0.13256801664829254,0.8013308048248291,0.5544832944869995
YIL143C,YOR351C,0,2.6099017,0.13254716992378235,0.8013308048248291,0.5545838475227356
YOR298C-A,YBR240C,1,2.6098661,0.13268354535102844,0.802281379699707,0.5545838475227356
YOL129W,YJL024C,0,2.6093197,0.13266268372535706,0.802281379699707,0.5546843409538269
YGR010W,YNR017W,0,2.609079,0.13264183700084686,0.802281379699707,0.554784893989563
YPR135W,YOL111C,0,2.6089568,0.13262099027633667,0.802281379699707,0.5548853874206543
YJR127C,YMR301C,0,2.6088762,0.13260015845298767,0.802281379699707,0.5549859404563904
YDL206W,YML036W,0,2.6082911,0.13257932662963867,0.802281379699707,0.5550864338874817
YOR212W,YOL158C,0,2.6082475,0.13255850970745087,0.802281379699707,0.5551869869232178
YDL107W,YEL031W,0,2.6081624,0.13253769278526306,0.802281379699707,0.5552874803543091
YBR002C,YGR271W,0,2.6081302,0.13251687586307526,0.802281379699707,0.5553880333900452
YNL219C,YNL259C,0,2.607918,0.13249607384204865,0.802281379699707,0.5554885268211365
YBR067C,YGL113W,0,2.6077518,0.13247527182102203,0.802281379699707,0.5555890798568726
YLR278C,YNR010W,0,2.6068344,0.13245448470115662,0.802281379699707,0.5556895732879639
YGL225W,YDR304C,0,2.6066854,0.1324336975812912,0.802281379699707,0.5557901263237
YKL144C,YBR281C,0,2.6064935,0.13241292536258698,0.802281379699707,0.5558906197547913
YPL110C,YDR508C,0,2.6062999,0.13239215314388275,0.802281379699707,0.5559911727905273
YMR267W,YIR032C,0,2.6061325,0.13237139582633972,0.802281379699707,0.5560916662216187
YPL007C,YDR444W,0,2.6060977,0.1323506385087967,0.802281379699707,0.5561922192573547
YGL220W,YHL027W,1,2.6059716,0.13248667120933533,0.803231954574585,0.5561922192573547
YDR492W,YDR498C,0,2.6056883,0.1324658989906311,0.803231954574585,0.556292712688446
YPR194C,YFL017W-A,0,2.6056767,0.13244514167308807,0.803231954574585,0.5563932657241821
YOL101C,YLR325C,0,2.6056137,0.13242438435554504,0.803231954574585,0.5564937591552734
YKL201C,YOR085W,0,2.6055717,0.1324036419391632,0.803231954574585,0.5565943121910095
YDR174W,YMR114C,0,2.6043205,0.13238288462162018,0.803231954574585,0.5566948056221008
YDR512C,YDL216C,0,2.6041493,0.13236215710639954,0.803231954574585,0.5567953586578369
YJL029C,YCR046C,0,2.6040072,0.1323414295911789,0.803231954574585,0.5568958520889282
YJL053W,YER046W,0,2.6039367,0.13232070207595825,0.803231954574585,0.5569964051246643
YOL129W,YHR164C,0,2.6038816,0.1322999894618988,0.803231954574585,0.5570968985557556
YLR107W,YJR103W,0,2.6029346,0.13227927684783936,0.803231954574585,0.5571974515914917
YGR052W,YPR006C,0,2.60282,0.1322585642337799,0.803231954574585,0.557297945022583
YNL172W,YIL048W,0,2.6026168,0.13223786652088165,0.803231954574585,0.5573984980583191
YMR054W,YFR033C,0,2.6019506,0.1322171837091446,0.803231954574585,0.5574989914894104
YNL052W,YIR032C,0,2.6016526,0.13219650089740753,0.803231954574585,0.5575995445251465
YNL044W,YCL052C,0,2.601325,0.13217581808567047,0.803231954574585,0.5577000379562378
YCR093W,YHR066W,0,2.601103,0.1321551501750946,0.803231954574585,0.5578005909919739
YGR246C,YJR026W,0,2.6010096,0.13213448226451874,0.803231954574585,0.5579010844230652
YDR218C,YKL094W,0,2.60036,0.13211381435394287,0.803231954574585,0.5580016374588013
YBR282W,YEL041W,0,2.6000767,0.1320931613445282,0.803231954574585,0.5581021308898926
YMR276W,YPL094C,0,2.600064,0.13207252323627472,0.803231954574585,0.5582026243209839
YPR144C,YBR196C,0,2.5999773,0.13205188512802124,0.803231954574585,0.55830317735672
YFR021W,YOL136C,0,2.599914,0.13203124701976776,0.803231954574585,0.5584036707878113
YJR021C,YCL034W,0,2.5997515,0.13201062381267548,0.803231954574585,0.5585042238235474
YLR197W,YPL119C,0,2.5997326,0.1319900006055832,0.803231954574585,0.5586047172546387
YLR197W,YFL001W,0,2.5996327,0.1319693922996521,0.803231954574585,0.5587052702903748
YGL050W,YDR476C,0,2.5995722,0.131948783993721,0.803231954574585,0.5588057637214661
YPR189W,YNR018W,0,2.5994132,0.13192817568778992,0.803231954574585,0.5589063167572021
YKL061W,YMR193W,0,2.599255,0.13190758228302002,0.803231954574585,0.5590068101882935
YDL121C,YLR312W-A,0,2.599142,0.13188700377941132,0.803231954574585,0.5591073632240295
YOR243C,YKL053C-A,0,2.598884,0.13186641037464142,0.803231954574585,0.5592078566551208
YPR072W,YBL098W,0,2.59826,0.1318458467721939,0.803231954574585,0.5593084096908569
YDL206W,YJL130C,0,2.597791,0.1318252682685852,0.803231954574585,0.5594089031219482
YHR179W,YPL223C,0,2.5977588,0.1318047046661377,0.803231954574585,0.5595094561576843
YKL007W,YPL098C,0,2.5977151,0.13178415596485138,0.803231954574585,0.5596099495887756
YDL121C,YLL034C,0,2.597632,0.13176360726356506,0.803231954574585,0.5597105026245117
YFL066C,YMR173W,0,2.5974581,0.13174305856227875,0.803231954574585,0.559810996055603
YDR254W,YGL233W,0,2.5973725,0.13172252476215363,0.803231954574585,0.5599115490913391
YKL180W,YNR044W,0,2.5971675,0.1317019909620285,0.803231954574585,0.5600120425224304
YJL184W,YMR312W,1,2.596826,0.13183730840682983,0.8041825294494629,0.5600120425224304
YOR317W,YBR282W,0,2.5966902,0.13181675970554352,0.8041825294494629,0.5601125955581665
YBL041W,YBR257W,0,2.5965924,0.1317962259054184,0.8041825294494629,0.5602130889892578
YML099C,YBR052C,0,2.5965462,0.13177570700645447,0.8041825294494629,0.5603136420249939
YPL196W,YOL108C,0,2.5964646,0.13175517320632935,0.8041825294494629,0.5604141354560852
YER171W,YDR138W,1,2.596127,0.13189037144184113,0.8051331043243408,0.5604141354560852
YKL090W,YKR056W,0,2.595874,0.131869837641716,0.8051331043243408,0.5605146884918213
YDR460W,YLR390W,0,2.5957808,0.13184931874275208,0.8051331043243408,0.5606151819229126
YKR055W,YMR273C,0,2.5957165,0.13182879984378815,0.8051331043243408,0.5607157349586487
YJL194W,YFL066C,0,2.595362,0.13180828094482422,0.8051331043243408,0.56081622838974
YPL011C,YLR223C,1,2.5952997,0.13194335997104645,0.8060836791992188,0.56081622838974
YER013W,YDR281C,0,2.5951042,0.13192284107208252,0.8060836791992188,0.5609167814254761
YFR029W,YBR080C,0,2.5948775,0.1319023221731186,0.8060836791992188,0.5610172748565674
YML097C,YOR382W,0,2.5944917,0.13188180327415466,0.8060836791992188,0.5611178278923035
YGR144W,YJL103C,0,2.5944333,0.13186129927635193,0.8060836791992188,0.5612183213233948
YJR055W,YDL084W,0,2.5943623,0.1318407952785492,0.8060836791992188,0.5613188743591309
YBR154C,YMR182C,1,2.5943127,0.13197575509548187,0.8070341944694519,0.5613188743591309
YGL050W,YLR301W,0,2.5940874,0.13195523619651794,0.8070341944694519,0.5614193677902222
YDR351W,YMR218C,0,2.594006,0.1319347321987152,0.8070341944694519,0.5615199208259583
YOR071C,YDL097C,0,2.5938425,0.13191422820091248,0.8070341944694519,0.5616204142570496
YER050C,YKL168C,0,2.593782,0.13189373910427094,0.8070341944694519,0.5617209672927856
YKL119C,YFL023W,0,2.593638,0.1318732500076294,0.8070341944694519,0.561821460723877
YKR008W,YDR403W,0,2.5936337,0.13185277581214905,0.8070341944694519,0.561922013759613
YNR074C,YPR204W,0,2.5935078,0.1318323016166687,0.8070341944694519,0.5620225071907043
YEL052W,YLR359W,0,2.5934143,0.13181182742118835,0.8070341944694519,0.5621230602264404
YGL062W,YMR228W,0,2.5933292,0.1317913681268692,0.8070341944694519,0.5622235536575317
YKL082C,YER168C,0,2.5931575,0.13177090883255005,0.8070341944694519,0.5623241066932678
YCR014C,YDL047W,0,2.5929074,0.1317504644393921,0.8070341944694519,0.5624246001243591
YOR215C,YKL003C,0,2.59168,0.13173002004623413,0.8070341944694519,0.5625251531600952
YER154W,YDR472W,0,2.5916092,0.13170959055423737,0.8070341944694519,0.5626256465911865
YGR288W,YKL174C,0,2.5915425,0.1316891610622406,0.8070341944694519,0.5627261996269226
YLR278C,YBL098W,0,2.5915017,0.13166873157024384,0.8070341944694519,0.5628266930580139
YBL006C,YPR072W,1,2.5914867,0.13180337846279144,0.8079847693443298,0.5628266930580139
YGR229C,YKL001C,0,2.5914364,0.13178294897079468,0.8079847693443298,0.56292724609375
YPR171W,YBR061C,0,2.5914183,0.1317625194787979,0.8079847693443298,0.5630277395248413
YNL068C,YOL028C,1,2.5913467,0.13189709186553955,0.8089353442192078,0.5630277395248413
YMR321C,YGL233W,0,2.5911329,0.1318766474723816,0.8089353442192078,0.5631282925605774
YPL007C,YOR222W,0,2.5910773,0.13185621798038483,0.8089353442192078,0.5632287859916687
YOR378W,YFR052W,0,2.5909262,0.13183578848838806,0.8089353442192078,0.5633293390274048
YPR137W,YBR281C,0,2.5908604,0.1318153589963913,0.8089353442192078,0.5634298324584961
YER117W,YER115C,0,2.5908,0.13179494440555573,0.8089353442192078,0.5635303854942322
YLR141W,YGR268C,0,2.5903,0.13177454471588135,0.8089353442192078,0.5636308789253235
YJL060W,YER046W,0,2.5899699,0.13175414502620697,0.8089353442192078,0.5637314319610596
YLL055W,YJL171C,0,2.5897315,0.1317337453365326,0.8089353442192078,0.5638319253921509
YIL128W,YIL133C,0,2.5894408,0.1317133605480194,0.8089353442192078,0.563932478427887
YMR054W,YEL040W,0,2.5893767,0.13169297575950623,0.8089353442192078,0.5640329718589783
YMR123W,YMR039C,0,2.5891697,0.13167259097099304,0.8089353442192078,0.5641334652900696
YDR473C,YER165W,0,2.588694,0.13165222108364105,0.8089353442192078,0.5642340183258057
YAR035W,YKR035W-A,0,2.5886886,0.13163186609745026,0.8089353442192078,0.564334511756897
YDR144C,YDR211W,0,2.5884569,0.13161151111125946,0.8089353442192078,0.5644350647926331
YKL124W,YDR392W,0,2.5883884,0.13159115612506866,0.8089353442192078,0.5645355582237244
YNL282W,YDR332W,0,2.5879426,0.13157081604003906,0.8089353442192078,0.5646361112594604
YEL069C,YJL071W,0,2.5878854,0.13155047595500946,0.8089353442192078,0.5647366046905518
YFL033C,YGL004C,0,2.5876307,0.13153013586997986,0.8089353442192078,0.5648371577262878
YGR221C,YGL170C,0,2.5875754,0.13150981068611145,0.8089353442192078,0.5649376511573792
YDR403W,YLR325C,0,2.5870242,0.13148950040340424,0.8089353442192078,0.5650382041931152
YGR085C,YLR088W,0,2.587012,0.13146917521953583,0.8089353442192078,0.5651386976242065
YAR002C-A,YOR148C,0,2.5866652,0.1314488798379898,0.8089353442192078,0.5652392506599426
YGR238C,YMR270C,0,2.585955,0.1314285695552826,0.8089353442192078,0.5653397440910339
YMR168C,YER098W,0,2.585954,0.13140827417373657,0.8089353442192078,0.56544029712677
YOL004W,YGL150C,1,2.5858526,0.1315423846244812,0.8098859190940857,0.56544029712677
YKL013C,YGR258C,0,2.5854888,0.131522074341774,0.8098859190940857,0.5655407905578613
YDL179W,YAL016W,0,2.5849934,0.13150177896022797,0.8098859190940857,0.5656413435935974
YOR378W,YNL016W,0,2.5849202,0.13148148357868195,0.8098859190940857,0.5657418370246887
YOR071C,YMR061W,0,2.5848064,0.13146118819713593,0.8098859190940857,0.5658423900604248
YDL179W,YDR226W,0,2.5847445,0.1314409077167511,0.8098859190940857,0.5659428834915161
YHR047C,YBR052C,0,2.5840654,0.13142064213752747,0.8098859190940857,0.5660434365272522
YPL134C,YOL124C,0,2.5838368,0.13140037655830383,0.8098859190940857,0.5661439299583435
YER101C,YKR066C,0,2.5835068,0.1313801109790802,0.8098859190940857,0.5662444829940796
YOR301W,YPL112C,0,2.5834374,0.13135984539985657,0.8098859190940857,0.5663449764251709
YNL304W,YDL148C,0,2.5831141,0.13133960962295532,0.8098859190940857,0.566445529460907
YJL192C,YDR159W,0,2.583076,0.13131935894489288,0.8098859190940857,0.5665460228919983
YKR055W,YKL064W,0,2.583018,0.13129912316799164,0.8098859190940857,0.5666465759277344
YMR321C,YMR061W,0,2.582874,0.1312788873910904,0.8098859190940857,0.5667470693588257
YBR195C,YGR185C,0,2.5823503,0.13125866651535034,0.8098859190940857,0.5668476223945618
YPR190C,YNR044W,0,2.5817122,0.1312384456396103,0.8098859190940857,0.5669481158256531
YNR074C,YDR492W,0,2.581262,0.13121823966503143,0.8098859190940857,0.5670486688613892
YDR371W,YNL131W,0,2.5811567,0.13119803369045258,0.8098859190940857,0.5671491622924805
YBR195C,YPL087W,0,2.5807076,0.13117782771587372,0.8098859190940857,0.5672497153282166
YBR223C,YLR325C,0,2.580626,0.13115763664245605,0.8098859190940857,0.5673502087593079
YMR049C,YMR137C,0,2.5805693,0.1311374455690384,0.8098859190940857,0.567450761795044
YMR194W,YNL230C,0,2.5805502,0.13111726939678192,0.8098859190940857,0.5675512552261353
YCL018W,YDR146C,0,2.5802658,0.13109709322452545,0.8098859190940857,0.5676518082618713
YLL004W,YPL147W,0,2.5801096,0.13107691705226898,0.8098859190940857,0.5677523016929626
YCL018W,YHR041C,0,2.5800786,0.1310567557811737,0.8098859190940857,0.5678528547286987
YPL200W,YOL062C,0,2.5791914,0.13103660941123962,0.8098859190940857,0.56795334815979
YMR169C,YCR014C,0,2.579133,0.13101644814014435,0.8098859190940857,0.5680539011955261
YLR020C,YDR138W,0,2.5791013,0.13099631667137146,0.8098859190940857,0.5681543946266174
YIR011C,YGL220W,0,2.5788534,0.13097617030143738,0.8098859190940857,0.5682549476623535
YML051W,YIL094C,0,2.5787456,0.1309560388326645,0.8098859190940857,0.5683554410934448
YIR011C,YLR130C,0,2.5782673,0.1309359222650528,0.8098859190940857,0.5684559941291809
YKL190W,YGR027C,0,2.577366,0.1309157907962799,0.8098859190940857,0.5685564875602722
YHR029C,YMR228W,0,2.5769835,0.1308956891298294,0.8098859190940857,0.5686570405960083
YJR021C,YOL004W,0,2.576892,0.1308755725622177,0.8098859190940857,0.5687575340270996
YDR310C,YDR109C,0,2.576511,0.1308554708957672,0.8098859190940857,0.5688580870628357
YNL314W,YNL288W,1,2.5762532,0.1309889405965805,0.8108364939689636,0.5688580870628357
YEL037C,YMR061W,0,2.5761697,0.13096883893013,0.8108364939689636,0.568958580493927
YCR042C,YDR421W,1,2.5760622,0.13110223412513733,0.8117870688438416,0.568958580493927
YOL108C,YGR276C,0,2.5753436,0.13108211755752563,0.8117870688438416,0.5690591335296631
YDR473C,YEL022W,0,2.5749094,0.13106200098991394,0.8117870688438416,0.5691596269607544
YKL171W,YEL030W,0,2.5747528,0.13104188442230225,0.8117870688438416,0.5692601799964905
YMR180C,YLR278C,0,2.5746584,0.13102178275585175,0.8117870688438416,0.5693606734275818
YJR127C,YNL172W,0,2.5745933,0.13100168108940125,0.8117870688438416,0.5694612264633179
YER162C,YER165W,0,2.5742483,0.13098159432411194,0.8117870688438416,0.5695617198944092
YOR071C,YGL237C,0,2.5740411,0.13096150755882263,0.8117870688438416,0.5696622729301453
YNR031C,YMR218C,0,2.5740156,0.13094143569469452,0.8117870688438416,0.5697627663612366
YMR070W,YEL009C,1,2.5739522,0.13107465207576752,0.8127376437187195,0.5697627663612366
YER133W,YOR210W,1,2.5738716,0.13120785355567932,0.8136882185935974,0.5697627663612366
YOL112W,YGR255C,0,2.57376,0.13118773698806763,0.8136882185935974,0.5698632597923279
YHR056C,YPL190C,1,2.5733876,0.13132086396217346,0.8146387934684753,0.5698632597923279
YPL150W,YDR429C,0,2.5733848,0.13130074739456177,0.8146387934684753,0.569963812828064
YPL134C,YNL238W,0,2.5733674,0.13128063082695007,0.8146387934684753,0.5700643062591553
YLR206W,YLR042C,0,2.5727615,0.13126052916049957,0.8146387934684753,0.5701648592948914
YBR172C,YLR325C,0,2.5726578,0.13124042749404907,0.8146387934684753,0.5702653527259827
YOR142W,YJL081C,0,2.5726511,0.13122034072875977,0.8146387934684753,0.5703659057617188
YML036W,YCR012W,0,2.5726147,0.13120023906230927,0.8146387934684753,0.5704663991928101
YGR175C,YDR389W,0,2.5723467,0.13118016719818115,0.8146387934684753,0.5705669522285461
YDR518W,YGL019W,0,2.5723464,0.13116008043289185,0.8146387934684753,0.5706674456596375
YNL127W,YJL079C,0,2.5720506,0.13114000856876373,0.8146387934684753,0.5707679986953735
YMR182C,YOR355W,0,2.5719848,0.13111995160579681,0.8146387934684753,0.5708684921264648
YMR020W,YFR001W,0,2.5711632,0.1310998946428299,0.8146387934684753,0.5709690451622009
YHL009C,YOL006C,1,2.5711057,0.13123279809951782,0.8155893683433533,0.5709690451622009
YJR083C,YCL004W,0,2.5710213,0.1312127262353897,0.8155893683433533,0.5710695385932922
YDR378C,YIL006W,0,2.5705917,0.1311926543712616,0.8155893683433533,0.5711700916290283
YER165W,YBR243C,0,2.5704455,0.13117259740829468,0.8155893683433533,0.5712705850601196
YPR091C,YGR118W,0,2.5703843,0.13115255534648895,0.8155893683433533,0.5713711380958557
YDL246C,YOR340C,0,2.570383,0.13113251328468323,0.8155893683433533,0.571471631526947
YDL246C,YGR264C,0,2.5700672,0.1311124712228775,0.8155893683433533,0.5715721845626831
YHR004C,YER087W,0,2.5694323,0.13109244406223297,0.8155893683433533,0.5716726779937744
YKR071C,YLR145W,0,2.569339,0.13107241690158844,0.8155893683433533,0.5717732310295105
YHL012W,YDR416W,0,2.5693347,0.1310523897409439,0.8155893683433533,0.5718737244606018
YKR036C,YEL053C,0,2.569313,0.13103237748146057,0.8155893683433533,0.5719742774963379
YER138C,YPR091C,0,2.5692716,0.13101236522197723,0.8155893683433533,0.5720747709274292
YHR004C,YDR062W,0,2.5692198,0.1309923678636551,0.8155893683433533,0.5721753239631653
YOR323C,YJL030W,0,2.5689716,0.13097237050533295,0.8155893683433533,0.5722758173942566
YKR019C,YLR344W,0,2.5688324,0.130952388048172,0.8155893683433533,0.5723763704299927
YMR315W,YNL052W,0,2.56874,0.13093239068984985,0.8155893683433533,0.572476863861084
YFR021W,YDL059C,0,2.56844,0.1309124231338501,0.8155893683433533,0.5725774168968201
YNL073W,YEL043W,0,2.5684333,0.13089245557785034,0.8155893683433533,0.5726779103279114
YBR177C,YNL335W,0,2.5681658,0.13087248802185059,0.8155893683433533,0.5727784633636475
YAL040C,YKL003C,0,2.5679035,0.13085252046585083,0.8155893683433533,0.5728789567947388
YMR168C,YDR310C,0,2.567731,0.13083256781101227,0.8155893683433533,0.5729795098304749
YOR310C,YER115C,0,2.5676894,0.1308126300573349,0.8155893683433533,0.5730800032615662
YJR053W,YOR123C,0,2.567649,0.13079267740249634,0.8155893683433533,0.5731805562973022
YOR297C,YLL061W,0,2.5676425,0.13077275454998016,0.8155893683433533,0.5732810497283936
YIL002C,YAL038W,0,2.5676236,0.1307528167963028,0.8155893683433533,0.5733816027641296
YPL151C,YPL163C,0,2.5673175,0.13073289394378662,0.8155893683433533,0.573482096195221
YKR019C,YBR115C,0,2.5667577,0.13071298599243164,0.8155893683433533,0.573582649230957
YKL082C,YBR129C,0,2.566736,0.13069306313991547,0.8155893683433533,0.5736831426620483
YBR067C,YAL029C,0,2.566551,0.13067317008972168,0.8155893683433533,0.5737836956977844
YCL057W,YER171W,0,2.5664976,0.1306532621383667,0.8155893683433533,0.5738841891288757
YPL259C,YLR151C,0,2.5662844,0.1306333690881729,0.8155893683433533,0.5739847421646118
YDL024C,YML132W,0,2.566219,0.13061349093914032,0.8155893683433533,0.5740852355957031
YLR395C,YER175C,0,2.5661657,0.13059361279010773,0.8155893683433533,0.5741857886314392
YBR145W,YPL065W,0,2.5655885,0.13057373464107513,0.8155893683433533,0.5742862820625305
YMR179W,YOL148C,1,2.5654902,0.1307060271501541,0.8165399432182312,0.5742862820625305
YMR295C,YHR082C,0,2.5653813,0.13068613409996033,0.8165399432182312,0.5743868350982666
YDR389W,YNL259C,0,2.565231,0.13066625595092773,0.8165399432182312,0.5744873285293579
YNL008C,YDL215C,0,2.5652113,0.13064639270305634,0.8165399432182312,0.574587881565094
YNL068C,YIR023W,1,2.5651674,0.13077859580516815,0.8174905180931091,0.574587881565094
YAL016W,YOR099W,0,2.5645325,0.13075870275497437,0.8174905180931091,0.5746883749961853
YDL029W,YBL112C,0,2.5640864,0.13073882460594177,0.8174905180931091,0.5747889280319214
YKL190W,YJL213W,0,2.563653,0.13071896135807037,0.8174905180931091,0.5748894214630127
YLR206W,YHL027W,0,2.5629911,0.13069908320903778,0.8174905180931091,0.5749899744987488
YML097C,YJL071W,0,2.5629568,0.13067923486232758,0.8174905180931091,0.5750904679298401
YHR002W,YLL019C,0,2.56289,0.13065937161445618,0.8174905180931091,0.5751910209655762
YJR010W,YBR150C,0,2.562808,0.13063952326774597,0.8174905180931091,0.5752915143966675
YNR017W,YKL172W,0,2.562785,0.13061968982219696,0.8174905180931091,0.5753920674324036
YGL236C,YPL147W,0,2.5627835,0.13059984147548676,0.8174905180931091,0.5754925608634949
YDR419W,YOL043C,0,2.5624402,0.13058002293109894,0.8174905180931091,0.5755930542945862
YNR013C,YML109W,0,2.5618682,0.13056018948554993,0.8174905180931091,0.5756936073303223
YGL241W,YGL103W,0,2.561705,0.1305403709411621,0.8174905180931091,0.5757941007614136
YMR038C,YJR101W,0,2.561654,0.13052056729793549,0.8174905180931091,0.5758946537971497
YJR151C,YJR028W,0,2.5612676,0.13050076365470886,0.8174905180931091,0.575995147228241
YIR011C,YDR453C,0,2.5610871,0.13048096001148224,0.8174905180931091,0.576095700263977
YFL066C,YOR232W,0,2.56093,0.1304611712694168,0.8174905180931091,0.5761961936950684
YJR051W,YHR109W,0,2.5605159,0.13044138252735138,0.8174905180931091,0.5762967467308044
YBR081C,YNL122C,0,2.5603046,0.13042159378528595,0.8174905180931091,0.5763972401618958
YER159C,YDR138W,1,2.560257,0.1305534541606903,0.8184410929679871,0.5763972401618958
YDR518W,YNR017W,0,2.560202,0.13053365051746368,0.8184410929679871,0.5764977931976318
YJL194W,YPL083C,0,2.5600715,0.13051387667655945,0.8184410929679871,0.5765982866287231
YBL112C,YGL226C-A,0,2.5600564,0.13049408793449402,0.8184410929679871,0.5766988396644592
YOR292C,YDL198C,0,2.5600176,0.13047431409358978,0.8184410929679871,0.5767993330955505
YGR264C,YPR006C,0,2.5599687,0.13045454025268555,0.8184410929679871,0.5768998861312866
YMR186W,YNL335W,0,2.5599644,0.1304347813129425,0.8184410929679871,0.5770003795623779
YJR051W,YMR159C,0,2.5598948,0.13041502237319946,0.8184410929679871,0.577100932598114
YJR017C,YDL108W,1,2.5591695,0.1305467188358307,0.8193916082382202,0.577100932598114
YML028W,YLR163C,0,2.5580726,0.13052695989608765,0.8193916082382202,0.5772014260292053
YER017C,YMR267W,0,2.558027,0.1305071860551834,0.8193916082382202,0.5773019790649414
YKR068C,YER104W,0,2.5576181,0.13048744201660156,0.8193916082382202,0.5774024724960327
YBR202W,YLR394W,0,2.5570793,0.13046768307685852,0.8193916082382202,0.5775030255317688
YMR061W,YGR112W,0,2.556869,0.13044793903827667,0.8193916082382202,0.5776035189628601
YJR082C,YBR238C,0,2.5565903,0.13042820990085602,0.8193916082382202,0.5777040719985962
YGR216C,YOR317W,0,2.5565841,0.13040846586227417,0.8193916082382202,0.5778045654296875
YHL027W,YMR030W,1,2.5564337,0.13054001331329346,0.8203421831130981,0.5778045654296875
YDR090C,YLR270W,0,2.5562353,0.1305202692747116,0.8203421831130981,0.5779051184654236
YNR004W,YIL006W,0,2.5561106,0.13050052523612976,0.8203421831130981,0.5780056118965149
YDL245C,YPL094C,0,2.556047,0.1304807960987091,0.8203421831130981,0.578106164932251
YML056C,YBL034C,0,2.5559297,0.13046106696128845,0.8203421831130981,0.5782066583633423
YKL074C,YGR255C,0,2.5558813,0.130441352725029,0.8203421831130981,0.5783072113990784
YGR056W,YLR164W,0,2.5557714,0.13042163848876953,0.8203421831130981,0.5784077048301697
YJR004C,YER090W,0,2.5554032,0.13040193915367126,0.8203421831130981,0.5785082578659058
YNR031C,YHR074W,0,2.5552387,0.130382239818573,0.8203421831130981,0.5786087512969971
YMR186W,YPR159W,0,2.555229,0.13036254048347473,0.8203421831130981,0.5787093043327332
YNL302C,YGL060W,0,2.5549798,0.13034284114837646,0.8203421831130981,0.5788097977638245
YEL031W,YDR281C,0,2.554744,0.13032317161560059,0.8203421831130981,0.5789103507995605
YHR179W,YAR031W,0,2.5543954,0.1303034871816635,0.8203421831130981,0.5790108442306519
YDR527W,YER087W,0,2.5542586,0.13028381764888763,0.8203421831130981,0.5791113972663879
YNL085W,YLR425W,0,2.5538998,0.13026414811611176,0.8203421831130981,0.5792118906974792
YMR276W,YMR038C,0,2.5536184,0.13024449348449707,0.8203421831130981,0.5793124437332153
YJL134W,YKL095W,0,2.5535018,0.13022483885288239,0.8203421831130981,0.5794129371643066
YFL066C,YPL129W,0,2.5534234,0.1302051842212677,0.8203421831130981,0.5795134902000427
YNL172W,YOR216C,0,2.5530586,0.1301855444908142,0.8203421831130981,0.579613983631134
YGL226C-A,YNL092W,0,2.5527,0.1301659196615219,0.8203421831130981,0.5797145366668701
YNL117W,YDR207C,0,2.5524805,0.13014627993106842,0.8203421831130981,0.5798150300979614
YDR030C,YPR149W,0,2.5524776,0.13012665510177612,0.8203421831130981,0.5799155831336975
YMR168C,YER104W,0,2.5520432,0.13010704517364502,0.8203421831130981,0.5800160765647888
YEL043W,YDL078C,0,2.5518818,0.13008743524551392,0.8203421831130981,0.5801166296005249
YDR174W,YBR049C,1,2.5517724,0.1302185356616974,0.8212927579879761,0.5801166296005249
YPR167C,YIL088C,0,2.5516558,0.1301989108324051,0.8212927579879761,0.5802171230316162
YPR137W,YMR203W,0,2.5509238,0.130179300904274,0.8212927579879761,0.5803176760673523
YLR268W,YBR276C,0,2.5507395,0.13015969097614288,0.8212927579879761,0.5804181694984436
YGR246C,YLL017W,0,2.550689,0.13014008104801178,0.8212927579879761,0.5805187225341797
YDR296W,YMR078C,0,2.5506134,0.13012048602104187,0.8212927579879761,0.580619215965271
YML006C,YOR349W,0,2.550491,0.13010089099407196,0.8212927579879761,0.5807197690010071
YJR119C,YIL159W,0,2.5501943,0.13008129596710205,0.8212927579879761,0.5808202624320984
YJL079C,YHR051W,0,2.5501668,0.13006171584129333,0.8212927579879761,0.5809208154678345
YDL198C,YER046W,0,2.5500998,0.1300421506166458,0.8212927579879761,0.5810213088989258
YGL127C,YER088C,1,2.5494423,0.13017305731773376,0.822243332862854,0.5810213088989258
YOL045W,YNL230C,0,2.5493784,0.13015347719192505,0.822243332862854,0.5811218619346619
YPL094C,YDL078C,0,2.5493276,0.13013389706611633,0.822243332862854,0.5812223553657532
YLR418C,YNL330C,1,2.5491097,0.1302647441625595,0.8231939077377319,0.5812223553657532
YGL233W,YBR192W,0,2.549042,0.1302451491355896,0.8231939077377319,0.5813229084014893
YJL140W,YOR298W,0,2.5488648,0.13022556900978088,0.8231939077377319,0.5814234018325806
YKL041W,YOL062C,0,2.548583,0.13020598888397217,0.8231939077377319,0.5815238952636719
YPR182W,YMR168C,0,2.5483794,0.13018640875816345,0.8231939077377319,0.581624448299408
YOR317W,YIL006W,0,2.5482893,0.13016684353351593,0.8231939077377319,0.5817249417304993
YIL135C,YDR403W,0,2.5482538,0.1301472783088684,0.8231939077377319,0.5818254947662354
YER138C,YNR015W,0,2.548253,0.13012772798538208,0.8231939077377319,0.5819259881973267
YEL031W,YGL212W,0,2.5481143,0.13010817766189575,0.8231939077377319,0.5820265412330627
YPL042C,YKL174C,0,2.5480986,0.13008862733840942,0.8231939077377319,0.582127034664154
YPL147W,YOR349W,0,2.548071,0.1300690919160843,0.8231939077377319,0.5822275876998901
YLR330W,YKL094W,0,2.5478377,0.13004955649375916,0.8231939077377319,0.5823280811309814
YNL085W,YLR206W,0,2.5473979,0.13003003597259521,0.8231939077377319,0.5824286341667175
YHL034C,YJL085W,0,2.5469732,0.13001051545143127,0.8231939077377319,0.5825291275978088
YJR051W,YPL129W,0,2.5468678,0.12999099493026733,0.8231939077377319,0.5826296806335449
YJR083C,YOR311C,0,2.546771,0.1299714893102646,0.8231939077377319,0.5827301740646362
YMR077C,YHR209W,0,2.5466154,0.12995198369026184,0.8231939077377319,0.5828307271003723
YGR264C,YKL165C,0,2.5465922,0.1299324780702591,0.8231939077377319,0.5829312205314636
YDL045W-A,YLR103C,0,2.546577,0.12991298735141754,0.8231939077377319,0.5830317735671997
YIL108W,YMR114C,0,2.5464997,0.12989351153373718,0.8231939077377319,0.583132266998291
YGL166W,YDL080C,1,2.5463371,0.1300240010023117,0.8241444826126099,0.583132266998291
YMR227C,YOR123C,1,2.5462477,0.13015444576740265,0.8250950574874878,0.583132266998291
YDR304C,YMR239C,0,2.5461302,0.1301349252462387,0.8250950574874878,0.5832328200340271
YPR111W,YJR006W,0,2.5460584,0.13011541962623596,0.8250950574874878,0.5833333134651184
YFL066C,YKL082C,0,2.545819,0.1300959289073944,0.8250950574874878,0.5834338665008545
YHL012W,YNL079C,0,2.5457659,0.13007642328739166,0.8250950574874878,0.5835343599319458
YNL283C,YOL040C,0,2.5455499,0.1300569325685501,0.8250950574874878,0.5836349129676819
YAL033W,YCL008C,0,2.5453682,0.13003745675086975,0.8250950574874878,0.5837354063987732
YOR099W,YOR299W,0,2.5451567,0.1300179809331894,0.8250950574874878,0.5838359594345093
YPL274W,YBR061C,0,2.545034,0.12999850511550903,0.8250950574874878,0.5839364528656006
YGR169C,YPL139C,0,2.5448756,0.12997902929782867,0.8250950574874878,0.5840370059013367
YFL021W,YDR259C,1,2.5443265,0.1301092952489853,0.8260456323623657,0.5840370059013367
YMR005W,YLR103C,0,2.544105,0.13008981943130493,0.8260456323623657,0.584137499332428
YBR129C,YMR229C,0,2.543973,0.13007034361362457,0.8260456323623657,0.5842380523681641
YGR056W,YNR010W,1,2.5435386,0.13020053505897522,0.8269962072372437,0.5842380523681641
YBR002C,YNL259C,0,2.5433378,0.13018105924129486,0.8269962072372437,0.5843385457992554
YDR414C,YHR069C,0,2.5431318,0.1301615834236145,0.8269962072372437,0.5844390988349915
YLR208W,YPL200W,0,2.5425549,0.13014210760593414,0.8269962072372437,0.5845395922660828
YMR117C,YOR215C,0,2.5424588,0.13012264668941498,0.8269962072372437,0.5846401453018188
YGL162W,YMR075W,0,2.5421631,0.1301031857728958,0.8269962072372437,0.5847406387329102
YNL160W,YNL178W,0,2.5420954,0.13008372485637665,0.8269962072372437,0.5848411917686462
YML073C,YBL089W,0,2.5420427,0.13006427884101868,0.8269962072372437,0.5849416851997375
YFL014W,YMR193W,0,2.5418487,0.1300448477268219,0.8269962072372437,0.5850422382354736
YKR019C,YMR194W,0,2.5418215,0.13002540171146393,0.8269962072372437,0.5851427316665649
YDR173C,YKR044W,0,2.5414505,0.13000597059726715,0.8269962072372437,0.585243284702301
YMR182C,YER098W,0,2.5414417,0.12998655438423157,0.8269962072372437,0.5853437781333923
YBL058W,YNL121C,0,2.541422,0.12996713817119598,0.8269962072372437,0.5854443311691284
YKL062W,YFL031W,1,2.5413342,0.13009709119796753,0.8279467821121216,0.5854443311691284
YDR159W,YNR072W,0,2.5412698,0.13007766008377075,0.8279467821121216,0.5855448246002197
YLR277C,YDR404C,1,2.5411024,0.13020755350589752,0.8288973569869995,0.5855448246002197
YMR169C,YLR301W,0,2.5410004,0.13018812239170074,0.8288973569869995,0.5856453776359558
YNL153C,YPL274W,0,2.5409136,0.13016867637634277,0.8288973569869995,0.5857458710670471
YNL282W,YIR038C,0,2.5408301,0.1301492601633072,0.8288973569869995,0.5858464241027832
YOR206W,YLR348C,0,2.5407462,0.1301298290491104,0.8288973569869995,0.5859469175338745
YGR077C,YMR114C,0,2.540552,0.13011041283607483,0.8288973569869995,0.5860474705696106
YJR078W,YGL112C,0,2.5405118,0.13009099662303925,0.8288973569869995,0.5861479640007019
YLL029W,YML091C,1,2.540197,0.13022077083587646,0.8298479318618774,0.5861479640007019
YLR165C,YNL080C,0,2.54001,0.1302013397216797,0.8298479318618774,0.586248517036438
YOL141W,YGR238C,0,2.5398433,0.1301819235086441,0.8298479318618774,0.5863490104675293
YMR169C,YDR415C,0,2.5397239,0.13016252219676971,0.8298479318618774,0.5864495635032654
YJL124C,YOL104C,0,2.5397189,0.13014310598373413,0.8298479318618774,0.5865500569343567
YFL033C,YPL065W,0,2.5395565,0.13012371957302094,0.8298479318618774,0.5866506099700928
YBR177C,YOR299W,0,2.539087,0.13010431826114655,0.8298479318618774,0.5867511034011841
YKL119C,YOR355W,0,2.5389566,0.13008493185043335,0.8298479318618774,0.5868516564369202
YOL062C,YHR008C,0,2.5388398,0.13006556034088135,0.8298479318618774,0.5869521498680115
YMR146C,YBL041W,0,2.5388308,0.13004617393016815,0.8298479318618774,0.5870527029037476
YJL225C,YLR386W,0,2.5387216,0.13002680242061615,0.8298479318618774,0.5871531963348389
YDR026C,YNL073W,0,2.5386927,0.13000744581222534,0.8298479318618774,0.5872536897659302
YDR451C,YOL052C,0,2.538496,0.12998808920383453,0.8298479318618774,0.5873542428016663
YER103W,YEL031W,0,2.5383804,0.12996873259544373,0.8298479318618774,0.5874547362327576
YKL103C,YKL020C,0,2.537707,0.1299493908882141,0.8298479318618774,0.5875552892684937
YOR204W,YHR082C,0,2.5376053,0.1299300491809845,0.8298479318618774,0.587655782699585
YCL074W,YIL088C,0,2.5375128,0.12991070747375488,0.8298479318618774,0.587756335735321
YKR057W,YPR200C,0,2.537434,0.12989138066768646,0.8298479318618774,0.5878568291664124
YLR176C,YML114C,1,2.5368943,0.13002082705497742,0.8307985067367554,0.5878568291664124
YJR092W,YLR312W-A,0,2.536603,0.1300014853477478,0.8307985067367554,0.5879573822021484
YJR051W,YAL024C,0,2.5359259,0.12998215854167938,0.8307985067367554,0.5880578756332397
YML073C,YDL140C,0,2.535925,0.12996283173561096,0.8307985067367554,0.5881584286689758
YBR154C,YDR123C,1,2.535708,0.13009217381477356,0.8317490220069885,0.5881584286689758
YPL011C,YAR031W,0,2.5354853,0.13007284700870514,0.8317490220069885,0.5882589221000671
YMR308C,YKR044W,0,2.535078,0.13005350530147552,0.8317490220069885,0.5883594751358032
YOL082W,YIR032C,0,2.5350652,0.1300341784954071,0.8317490220069885,0.5884599685668945
YBR177C,YER168C,0,2.5345006,0.13001485168933868,0.8317490220069885,0.5885605216026306
YIL143C,YNR067C,0,2.5344157,0.12999553978443146,0.8317490220069885,0.5886610150337219
YBR278W,YPL223C,0,2.5342643,0.12997622787952423,0.8317490220069885,0.588761568069458
YMR276W,YGR034W,0,2.5342417,0.1299569308757782,0.8317490220069885,0.5888620615005493
YDR083W,YDL225W,0,2.5342329,0.12993763387203217,0.8317490220069885,0.5889626145362854
YOR292C,YEL070W,0,2.5340679,0.12991833686828613,0.8317490220069885,0.5890631079673767
YHR030C,YML032C,0,2.5339158,0.1298990547657013,0.8317490220069885,0.5891636610031128
YCR093W,YLR330W,0,2.5337386,0.12987977266311646,0.8317490220069885,0.5892641544342041
YKL126W,YOR126C,0,2.5336585,0.12986049056053162,0.8317490220069885,0.5893647074699402
YPL218W,YBL034C,0,2.5336046,0.12984122335910797,0.8317490220069885,0.5894652009010315
YKL009W,YGL019W,0,2.5332603,0.12982195615768433,0.8317490220069885,0.5895657539367676
YDL078C,YDR410C,0,2.5332172,0.12980270385742188,0.8317490220069885,0.5896662473678589
YKL085W,YMR240C,0,2.5326,0.12978345155715942,0.8317490220069885,0.589766800403595
YDR026C,YLL034C,0,2.5325766,0.12976419925689697,0.8317490220069885,0.5898672938346863
YPR162C,YLR301W,0,2.532114,0.12974496185779572,0.8317490220069885,0.5899678468704224
YDR470C,YBR074W,0,2.5318694,0.12972572445869446,0.8317490220069885,0.5900683403015137
YLR295C,YBR238C,0,2.5318012,0.1297064870595932,0.8317490220069885,0.5901688933372498
YIL143C,YKL020C,1,2.5317886,0.12983548641204834,0.8326995968818665,0.5901688933372498
YCR060W,YBR261C,0,2.5317206,0.12981624901294708,0.8326995968818665,0.5902693867683411
YGL256W,YPR006C,0,2.5311236,0.12979701161384583,0.8326995968818665,0.5903699398040771
YOL051W,YLR266C,1,2.5304565,0.1299259215593338,0.8336501717567444,0.5903699398040771
YKL007W,YBR192W,0,2.5299277,0.12990668416023254,0.8336501717567444,0.5904704332351685
YGR044C,YDL080C,1,2.529758,0.13003554940223694,0.8346007466316223,0.5904704332351685
YHR004C,YMR228W,0,2.5289586,0.1300162822008133,0.8346007466316223,0.5905709862709045
YOL086C,YOR025W,0,2.5287476,0.12999704480171204,0.8346007466316223,0.5906714797019958
YPL083C,YNL281W,0,2.5287292,0.12997779250144958,0.8346007466316223,0.5907720327377319
YPL240C,YPL218W,0,2.5286803,0.12995855510234833,0.8346007466316223,0.5908725261688232
YBL008W,YNL251C,1,2.528672,0.13008731603622437,0.8355513215065002,0.5908725261688232
YHR164C,YNL208W,0,2.5284047,0.13006806373596191,0.8355513215065002,0.5909730792045593
YHR164C,YOR098C,0,2.528253,0.13004882633686066,0.8355513215065002,0.5910735726356506
YLR244C,YGR012W,0,2.528123,0.1300295889377594,0.8355513215065002,0.5911741256713867
YOR084W,YBR230C,0,2.5276318,0.13001035153865814,0.8355513215065002,0.591274619102478
YPL110C,YGR089W,0,2.5274706,0.12999112904071808,0.8355513215065002,0.5913751721382141
YCR030C,YNL008C,0,2.527036,0.12997190654277802,0.8355513215065002,0.5914756655693054
YDR205W,YER130C,0,2.5267062,0.12995268404483795,0.8355513215065002,0.5915762186050415
YNL117W,YGR155W,0,2.5266118,0.12993347644805908,0.8355513215065002,0.5916767120361328
YKR008W,YLR357W,1,2.526552,0.130062073469162,0.8365018963813782,0.5916767120361328
YJR127C,YCL008C,0,2.526338,0.13004285097122192,0.8365018963813782,0.5917772650718689
YDL121C,YMR203W,0,2.5262392,0.13002364337444305,0.8365018963813782,0.5918777585029602
YMR238W,YOL054W,0,2.526162,0.13000443577766418,0.8365018963813782,0.5919783115386963
YMR321C,YAL031C,0,2.5260663,0.12998522818088531,0.8365018963813782,0.5920788049697876
YBL089W,YDR392W,0,2.5260606,0.12996603548526764,0.8365018963813782,0.5921793580055237
YOL158C,YBR243C,0,2.525773,0.12994684278964996,0.8365018963813782,0.592279851436615
YJR119C,YER137C,0,2.525154,0.1299276500940323,0.8365018963813782,0.5923804044723511
YKL171W,YOR393W,0,2.5250463,0.1299084722995758,0.8365018963813782,0.5924808979034424
YGR077C,YDR281C,0,2.5248308,0.12988929450511932,0.8365018963813782,0.5925814509391785
YJL213W,YLR301W,0,2.524205,0.12987013161182404,0.8365018963813782,0.5926819443702698
YNL281W,YDR151C,0,2.5241008,0.12985096871852875,0.8365018963813782,0.5927824974060059
YGL183C,YFL023W,0,2.5240502,0.12983180582523346,0.8365018963813782,0.5928829908370972
YKR103W,YPL007C,0,2.5239859,0.12981265783309937,0.8365018963813782,0.5929835438728333
YGR246C,YKR102W,0,2.523984,0.12979350984096527,0.8365018963813782,0.5930840373039246
YLR203C,YBR118W,0,2.5235512,0.12977437674999237,0.8365018963813782,0.5931845307350159
YLR203C,YLR244C,0,2.5232437,0.12975522875785828,0.8365018963813782,0.593285083770752
YAL063C,YLR390W,0,2.5230484,0.12973611056804657,0.8365018963813782,0.5933855772018433
YKL182W,YLR394W,0,2.5227792,0.12971697747707367,0.8365018963813782,0.5934861302375793
YLR228C,YML099C,0,2.5224764,0.12969785928726196,0.8365018963813782,0.5935866236686707
YGL010W,YGL004C,0,2.5224705,0.12967875599861145,0.8365018963813782,0.5936871767044067
YGL172W,YBR067C,0,2.5223796,0.12965963780879974,0.8365018963813782,0.593787670135498
YDR389W,YGR118W,0,2.5221715,0.12964054942131042,0.8365018963813782,0.5938882231712341
YPR083W,YKL015W,0,2.522108,0.1296214461326599,0.8365018963813782,0.5939887166023254
YEL022W,YNL297C,0,2.5220213,0.1296023577451706,0.8365018963813782,0.5940892696380615
YDL107W,YOL093W,0,2.521712,0.12958326935768127,0.8365018963813782,0.5941897630691528
YIL042C,YBL092W,0,2.5216596,0.12956419587135315,0.8365018963813782,0.5942903161048889
YLR386W,YLL055W,0,2.5215821,0.12954512238502502,0.8365018963813782,0.5943908095359802
YDR512C,YGL209W,1,2.5214205,0.12967324256896973,0.8374524712562561,0.5943908095359802
YMR033W,YGL183C,0,2.5212054,0.1296541541814804,0.8374524712562561,0.5944913625717163
YNL307C,YJL171C,0,2.521098,0.12963508069515228,0.8374524712562561,0.5945918560028076
YNL117W,YLR350W,0,2.5203178,0.12961600720882416,0.8374524712562561,0.5946924090385437
YER103W,YNL122C,0,2.5194595,0.12959693372249603,0.8374524712562561,0.594792902469635
YPR167C,YKL171W,0,2.5193996,0.1295778751373291,0.8374524712562561,0.5948934555053711
YPL064C,YPR083W,0,2.519381,0.12955881655216217,0.8374524712562561,0.5949939489364624
YJL005W,YKL172W,0,2.519331,0.12953977286815643,0.8374524712562561,0.5950945019721985
YJL071W,YJL130C,0,2.518323,0.1295207291841507,0.8374524712562561,0.5951949954032898
YCR060W,YDR508C,0,2.5183012,0.12950168550014496,0.8374524712562561,0.5952955484390259
YML032C,YNL219C,0,2.51813,0.12948265671730042,0.8374524712562561,0.5953960418701172
YDL077C,YFR052W,0,2.5179746,0.12946362793445587,0.8374524712562561,0.5954965949058533
YDR174W,YBR173C,0,2.5172768,0.12944461405277252,0.8374524712562561,0.5955970883369446
YEL022W,YGR268C,0,2.5171223,0.12942558526992798,0.8374524712562561,0.5956976413726807
YLR033W,YPL093W,0,2.5169325,0.12940658628940582,0.8374524712562561,0.595798134803772
YPR072W,YDR146C,0,2.5168068,0.12938757240772247,0.8374524712562561,0.5958986878395081
YMR032W,YIR039C,0,2.5167341,0.12936857342720032,0.8374524712562561,0.5959991812705994
YJL112W,YPL119C,0,2.5160072,0.12934957444667816,0.8374524712562561,0.5960997343063354
YGR186W,YOR174W,1,2.5158844,0.129477396607399,0.838403046131134,0.5960997343063354
YGR056W,YEL070W,0,2.5149407,0.12945838272571564,0.838403046131134,0.5962002277374268
YJR004C,YBR052C,0,2.5144308,0.12943938374519348,0.838403046131134,0.5963007807731628
YNR074C,YGR020C,0,2.5144193,0.12942039966583252,0.838403046131134,0.5964012742042542
YGL113W,YHR079C,0,2.5144005,0.12940141558647156,0.838403046131134,0.5965018272399902
YNR031C,YLL061W,0,2.51432,0.1293824315071106,0.838403046131134,0.5966023206710815
YDL121C,YBR238C,0,2.5142212,0.12936344742774963,0.838403046131134,0.5967028737068176
YDR082W,YMR114C,0,2.5139155,0.12934447824954987,0.838403046131134,0.5968033671379089
YDR207C,YDL208W,0,2.5137172,0.1293255090713501,0.838403046131134,0.596903920173645
YLL003W,YKL001C,0,2.513534,0.12930655479431152,0.838403046131134,0.5970044136047363
YDL246C,YPL042C,0,2.5131288,0.12928760051727295,0.838403046131134,0.5971049666404724
YDR353W,YGR276C,0,2.5131035,0.12926864624023438,0.838403046131134,0.5972054600715637
YDR454C,YNL202W,0,2.5128944,0.129249706864357,0.838403046131134,0.5973060131072998
YKL203C,YOR180C,0,2.5115767,0.12923076748847961,0.838403046131134,0.5974065065383911
YFR013W,YMR308C,0,2.5115604,0.12921184301376343,0.838403046131134,0.5975070595741272
YPL127C,YMR295C,0,2.5113263,0.12919290363788605,0.838403046131134,0.5976075530052185
YDR389W,YIL083C,0,2.5108829,0.12917399406433105,0.838403046131134,0.5977081060409546
YJR092W,YPL094C,0,2.510837,0.12915506958961487,0.838403046131134,0.5978085994720459
YKR056W,YIL047C,0,2.5107713,0.12913616001605988,0.838403046131134,0.597909152507782
YER117W,YNL267W,0,2.5107703,0.12911726534366608,0.838403046131134,0.5980096459388733
YJL071W,YOR393W,0,2.5105762,0.12909835577011108,0.838403046131134,0.5981101989746094
YPL240C,YPR091C,0,2.509468,0.12907946109771729,0.838403046131134,0.5982106924057007
YLL045C,YHR057C,0,2.5092916,0.12906058132648468,0.838403046131134,0.5983112454414368
YKL180W,YNL080C,0,2.508966,0.12904170155525208,0.838403046131134,0.5984117388725281
YPL240C,YIR038C,0,2.508414,0.12902282178401947,0.838403046131134,0.5985122919082642
YNL050C,YNL175C,0,2.5075219,0.12900394201278687,0.838403046131134,0.5986127853393555
YPL259C,YMR304W,0,2.5074587,0.12898507714271545,0.838403046131134,0.5987133383750916
YLR219W,YDR281C,0,2.5072062,0.12896622717380524,0.838403046131134,0.5988138318061829
YNL236W,YHL027W,1,2.5069983,0.12909357249736786,0.839353621006012,0.5988138318061829
YLR141W,YBL052C,0,2.506761,0.12907469272613525,0.839353621006012,0.5989143252372742
YDR076W,YJL079C,0,2.5067358,0.12905582785606384,0.839353621006012,0.5990148782730103
YPR119W,YDR222W,0,2.506684,0.12903697788715363,0.839353621006012,0.5991153717041016
YNL153C,YDL246C,0,2.5066376,0.12901811301708221,0.839353621006012,0.5992159247398376
YDR383C,YHL027W,0,2.506345,0.128999263048172,0.839353621006012,0.599316418170929
YOR106W,YLR047C,0,2.506096,0.12898042798042297,0.839353621006012,0.599416971206665
YDL047W,YBR173C,0,2.505794,0.12896159291267395,0.839353621006012,0.5995174646377563
YDR498C,YGR214W,0,2.5049446,0.12894275784492493,0.839353621006012,0.5996180176734924
YHR029C,YOL066C,0,2.5047626,0.1289239376783371,0.839353621006012,0.5997185111045837
YDR146C,YLR209C,0,2.5041742,0.12890510261058807,0.839353621006012,0.5998190641403198
YDR476C,YNL302C,0,2.504126,0.12888629734516144,0.839353621006012,0.5999195575714111
YNR072W,YLR145W,0,2.5040917,0.1288674771785736,0.839353621006012,0.6000201106071472
YPL252C,YDR470C,0,2.5036993,0.12884868681430817,0.839353621006012,0.6001206040382385
YBR006W,YHR174W,0,2.503504,0.12882988154888153,0.839353621006012,0.6002211570739746
YPL042C,YLR359W,0,2.5034873,0.1288110911846161,0.839353621006012,0.6003216505050659
YOR138C,YKR035W-A,0,2.5030146,0.12879230082035065,0.839353621006012,0.600422203540802
YMR241W,YKL203C,0,2.5029402,0.1287735104560852,0.839353621006012,0.6005226969718933
YMR089C,YPL147W,0,2.5028825,0.12875473499298096,0.839353621006012,0.6006232500076294
YBR125C,YGR185C,0,2.5024836,0.1287359744310379,0.839353621006012,0.6007237434387207
YDR254W,YHR079C,0,2.5023882,0.12871719896793365,0.839353621006012,0.6008242964744568
YHR039C-A,YHR057C,0,2.5018566,0.1286984384059906,0.839353621006012,0.6009247899055481
YOR292C,YMR033W,0,2.5017264,0.12867967784404755,0.839353621006012,0.6010253429412842
YDL107W,YBR096W,0,2.5013645,0.12866093218326569,0.839353621006012,0.6011258363723755
YBR150C,YMR039C,0,2.50134,0.12864218652248383,0.839353621006012,0.6012263894081116
YDR205W,YMR137C,0,2.5006647,0.12862345576286316,0.839353621006012,0.6013268828392029
YDL246C,YOR187W,0,2.5003543,0.1286047250032425,0.839353621006012,0.601427435874939
YLR321C,YLR348C,0,2.500354,0.12858599424362183,0.839353621006012,0.6015279293060303
YBR093C,YPL208W,0,2.4996872,0.12856726348400116,0.839353621006012,0.6016284823417664
YGL174W,YBR281C,0,2.49922,0.1285485476255417,0.839353621006012,0.6017289757728577
YDR030C,YDL047W,0,2.4990954,0.1285298466682434,0.839353621006012,0.6018295288085938
YGR288W,YOR084W,0,2.4990487,0.12851113080978394,0.839353621006012,0.6019300222396851
YER154W,YAL038W,0,2.4990287,0.12849242985248566,0.839353621006012,0.6020305752754211
YMR182C,YLR080W,0,2.4984856,0.12847374379634857,0.839353621006012,0.6021310687065125
YOR206W,YKL201C,0,2.4984307,0.1284550428390503,0.839353621006012,0.6022316217422485
YLR203C,YJR101W,0,2.4984276,0.1284363567829132,0.839353621006012,0.6023321151733398
YKL130C,YMR210W,0,2.497513,0.12841768562793732,0.839353621006012,0.6024326682090759
YDR263C,YDR389W,0,2.497359,0.12839901447296143,0.839353621006012,0.6025331616401672
YDR405W,YBR287W,0,2.4972382,0.12838034331798553,0.839353621006012,0.6026337146759033
YGR180C,YHR174W,0,2.497219,0.12836168706417084,0.839353621006012,0.6027342081069946
YGL158W,YAR002C-A,0,2.4971056,0.12834301590919495,0.839353621006012,0.6028347611427307
YKR035W-A,YDL047W,0,2.4968991,0.12832437455654144,0.839353621006012,0.602935254573822
YAL040C,YDR262W,0,2.496652,0.12830571830272675,0.839353621006012,0.6030358076095581
YGR175C,YIL021W,0,2.496519,0.12828707695007324,0.839353621006012,0.6031363010406494
YOR054C,YPL027W,0,2.4964232,0.12826845049858093,0.839353621006012,0.6032368540763855
YCR060W,YPL147W,0,2.4963505,0.12824982404708862,0.839353621006012,0.6033373475074768
YKR054C,YMR078C,0,2.4960756,0.1282311975955963,0.839353621006012,0.6034379005432129
YGR118W,YOR311C,0,2.495752,0.128212571144104,0.839353621006012,0.6035383939743042
YBR183W,YPL147W,0,2.4957347,0.1281939595937729,0.839353621006012,0.6036389470100403
YJR026W,YMR229C,0,2.495302,0.12817534804344177,0.839353621006012,0.6037394404411316
YEL043W,YOR239W,0,2.4951882,0.12815675139427185,0.839353621006012,0.6038399934768677
YMR160W,YDR281C,0,2.4948604,0.12813815474510193,0.839353621006012,0.603940486907959
YPR204W,YDR062W,0,2.4948015,0.128119558095932,0.839353621006012,0.6040410399436951
YPL083C,YHR156C,0,2.494678,0.12810097634792328,0.839353621006012,0.6041415333747864
YDL028C,YDR207C,0,2.4946322,0.12808239459991455,0.839353621006012,0.6042420864105225
YMR089C,YJR103W,0,2.4942312,0.12806381285190582,0.839353621006012,0.6043425798416138
YLR029C,YDR410C,0,2.4941137,0.1280452460050583,0.839353621006012,0.6044431328773499
YBL052C,YEL056W,0,2.4939046,0.12802667915821075,0.839353621006012,0.6045436263084412
YLL045C,YBR037C,0,2.493791,0.12800811231136322,0.839353621006012,0.6046441793441772
YDR211W,YOR232W,0,2.4934907,0.12798956036567688,0.839353621006012,0.6047446727752686
YOR025W,YJR140C,0,2.493467,0.12797100841999054,0.839353621006012,0.6048451662063599
YDL028C,YML099C,0,2.49298,0.1279524713754654,0.839353621006012,0.604945719242096
YNL282W,YJR112W,0,2.492722,0.12793393433094025,0.839353621006012,0.6050462126731873
YFL010W-A,YBL092W,0,2.4925623,0.1279153972864151,0.839353621006012,0.6051467657089233
YBL091C-A,YJL095W,0,2.492369,0.12789687514305115,0.839353621006012,0.6052472591400146
YPL083C,YOR377W,0,2.4918532,0.1278783529996872,0.839353621006012,0.6053478121757507
YBR129C,YCR012W,0,2.4916909,0.12785983085632324,0.839353621006012,0.605448305606842
YPL113C,YOR020C,0,2.4914026,0.12784132361412048,0.839353621006012,0.6055488586425781
YDL029W,YKL161C,0,2.491045,0.12782281637191772,0.839353621006012,0.6056493520736694
YBR020W,YHR109W,0,2.490714,0.12780430912971497,0.839353621006012,0.6057499051094055
YGL170C,YDR285W,0,2.4898996,0.1277858167886734,0.839353621006012,0.6058503985404968
YDR079W,YER008C,0,2.489656,0.12776732444763184,0.839353621006012,0.6059509515762329
YBR287W,YHR059W,0,2.4896271,0.12774884700775146,0.839353621006012,0.6060514450073242
YPL213W,YFL010W-A,0,2.4895744,0.1277303695678711,0.839353621006012,0.6061519980430603
YKR102W,YDR496C,0,2.489417,0.12771189212799072,0.839353621006012,0.6062524914741516
YHR004C,YCL025C,0,2.4893136,0.12769341468811035,0.839353621006012,0.6063530445098877
YGR134W,YML036W,1,2.489225,0.12781955301761627,0.8403041958808899,0.6063530445098877
YPR196W,YKL190W,0,2.4887292,0.1278010755777359,0.8403041958808899,0.606453537940979
YBR031W,YCL032W,0,2.488273,0.12778259813785553,0.8403041958808899,0.6065540909767151
YCL008C,YGR155W,0,2.4881587,0.12776412069797516,0.8403041958808899,0.6066545844078064
YBR243C,YAL029C,0,2.48801,0.12774565815925598,0.8403041958808899,0.6067551374435425
YOR301W,YLR073C,0,2.487994,0.127727210521698,0.8403041958808899,0.6068556308746338
YPL026C,YCR040W,1,2.487803,0.12785321474075317,0.8412547707557678,0.6068556308746338
YKL210W,YOR222W,0,2.487619,0.127834752202034,0.8412547707557678,0.6069561839103699
YDL197C,YPR171W,0,2.4869058,0.12781628966331482,0.8412547707557678,0.6070566773414612
YDL133C-A,YMR301C,0,2.4868522,0.12779782712459564,0.8412547707557678,0.6071572303771973
YMR025W,YNL259C,0,2.4867742,0.12777937948703766,0.8412547707557678,0.6072577238082886
YJL178C,YIR018W,0,2.486664,0.12776093184947968,0.8412547707557678,0.6073582768440247
YKL078W,YMR046C,0,2.4866533,0.12774249911308289,0.8412547707557678,0.607458770275116
YMR013C,YDL055C,0,2.4865594,0.1277240514755249,0.8412547707557678,0.607559323310852
YER175C,YCL043C,0,2.4864795,0.1277056336402893,0.8412547707557678,0.6076598167419434
YBR287W,YDR369C,0,2.486473,0.12768720090389252,0.8412547707557678,0.6077603697776794
YJL194W,YIL135C,0,2.4862118,0.12766878306865692,0.8412547707557678,0.6078608632087708
YER117W,YNR010W,0,2.4861264,0.12765036523342133,0.8412547707557678,0.6079614162445068
YHR002W,YBR120C,0,2.4857693,0.12763196229934692,0.8412547707557678,0.6080619096755981
YAR027W,YLL027W,0,2.485616,0.12761355936527252,0.8412547707557678,0.6081624627113342
YLR209C,YDR140W,0,2.4852371,0.12759515643119812,0.8412547707557678,0.6082629561424255
YDL029W,YNL202W,0,2.4851942,0.1275767683982849,0.8412547707557678,0.6083635091781616
YKL064W,YHR051W,0,2.4844956,0.1275583803653717,0.8412547707557678,0.6084640026092529
YFR021W,YER104W,0,2.4844527,0.1275399923324585,0.8412547707557678,0.608564555644989
YJR021C,YPR091C,0,2.4838762,0.12752161920070648,0.8412547707557678,0.6086650490760803
YLR305C,YER171W,0,2.4837217,0.12750324606895447,0.8412547707557678,0.6087656021118164
YLR264W,YOR215C,0,2.4837084,0.12748487293720245,0.8412547707557678,0.6088660955429077
YPL200W,YDL059C,0,2.483653,0.12746651470661163,0.8412547707557678,0.6089666485786438
YKL067W,YER190W,0,2.483622,0.1274481564760208,0.8412547707557678,0.6090671420097351
YMR193W,YJL006C,0,2.483291,0.12742979824543,0.8412547707557678,0.6091676950454712
YML051W,YHR174W,0,2.4832814,0.12741145491600037,0.8412547707557678,0.6092681884765625
YPR070W,YCR081W,1,2.4832668,0.1275370717048645,0.8422053456306458,0.6092681884765625
YDR383C,YCR046C,0,2.4830642,0.12751871347427368,0.8422053456306458,0.6093687415122986
YLR024C,YPR060C,0,2.4827156,0.12750035524368286,0.8422053456306458,0.6094692349433899
YDR304C,YLR088W,0,2.4826448,0.12748201191425323,0.8422053456306458,0.609569787979126
YIR025W,YBR281C,0,2.4825587,0.1274636685848236,0.8422053456306458,0.6096702814102173
YDL246C,YCR060W,0,2.482296,0.12744534015655518,0.8422053456306458,0.6097708344459534
YCR030C,YKL182W,0,2.4819007,0.12742701172828674,0.8422053456306458,0.6098713278770447
YGL180W,YDL045C,0,2.4818318,0.1274086833000183,0.8422053456306458,0.6099718809127808
YDL022W,YDL015C,0,2.481545,0.12739036977291107,0.8422053456306458,0.6100723743438721
YPR035W,YMR179W,0,2.4812083,0.12737205624580383,0.8422053456306458,0.6101729273796082
YPR024W,YGR225W,0,2.4811282,0.1273537427186966,0.8422053456306458,0.6102734208106995
YMR301C,YPR127W,0,2.4810064,0.12733544409275055,0.8422053456306458,0.6103739738464355
YMR203W,YDR211W,0,2.4808338,0.1273171454668045,0.8422053456306458,0.6104744672775269
YLR105C,YCR014C,0,2.4803014,0.12729884684085846,0.8422053456306458,0.6105749607086182
YGR034W,YIL170W,0,2.4801927,0.1272805631160736,0.8422053456306458,0.6106755137443542
YER125W,YDR218C,0,2.4801922,0.12726227939128876,0.8422053456306458,0.6107760071754456
YDR451C,YNL121C,0,2.4800196,0.1272440105676651,0.8422053456306458,0.6108765602111816
YNL085W,YPR001W,0,2.4799747,0.12722572684288025,0.8422053456306458,0.610977053642273
YIL002C,YDR460W,0,2.4798427,0.12720747292041779,0.8422053456306458,0.611077606678009
YOL026C,YMR210W,0,2.479764,0.12718920409679413,0.8422053456306458,0.6111781001091003
YCL008C,YLR088W,0,2.4794517,0.12717095017433167,0.8422053456306458,0.6112786531448364
YIL108W,YMR319C,0,2.4791949,0.1271526962518692,0.8422053456306458,0.6113791465759277
YDR146C,YJL214W,0,2.4788592,0.12713445723056793,0.8422053456306458,0.6114796996116638
YJL034W,YKL074C,0,2.4784656,0.12711621820926666,0.8422053456306458,0.6115801930427551
YNL163C,YBR192W,0,2.478323,0.1270979791879654,0.8422053456306458,0.6116807460784912
YAL063C,YPL099C,0,2.4782636,0.12707974016666412,0.8422053456306458,0.6117812395095825
YDL198C,YML052W,0,2.47799,0.12706151604652405,0.8422053456306458,0.6118817925453186
YLR312W-A,YOR393W,0,2.4779754,0.12704330682754517,0.8422053456306458,0.6119822859764099
YNL202W,YIR039C,0,2.4779499,0.1270250827074051,0.8422053456306458,0.612082839012146
YOL062C,YGL216W,0,2.477912,0.1270068734884262,0.8422053456306458,0.6121833324432373
YOR206W,YGR180C,0,2.4777975,0.12698867917060852,0.8422053456306458,0.6122838854789734
YBR066C,YFL066C,0,2.4777026,0.12697048485279083,0.8422053456306458,0.6123843789100647
YMR046C,YMR301C,0,2.4776392,0.12695229053497314,0.8422053456306458,0.6124849319458008
YER138C,YLR312W-A,0,2.4770844,0.12693409621715546,0.8422053456306458,0.6125854253768921
YPR080W,YGR246C,0,2.4768267,0.12691591680049896,0.8422053456306458,0.6126859784126282
YKL171W,YCR011C,0,2.4766712,0.12689773738384247,0.8422053456306458,0.6127864718437195
YNL281W,YBL112C,0,2.4761035,0.12687955796718597,0.8422053456306458,0.6128870248794556
YOL043C,YOR313C,0,2.4760532,0.12686139345169067,0.8422053456306458,0.6129875183105469
YDL047W,YNL284C,0,2.4760375,0.12684322893619537,0.8422053456306458,0.613088071346283
YMR117C,YNL080C,0,2.4758954,0.12682507932186127,0.8422053456306458,0.6131885647773743
YHR030C,YGR143W,0,2.4758258,0.12680692970752716,0.8422053456306458,0.6132891178131104
YBL112C,YNL302C,0,2.4758253,0.12678878009319305,0.8422053456306458,0.6133896112442017
YDR461W,YMR240C,0,2.4754763,0.12677064538002014,0.8422053456306458,0.6134901642799377
YDL206W,YFR033C,0,2.4754217,0.12675251066684723,0.8422053456306458,0.613590657711029
YLR395C,YHR082C,0,2.475347,0.12673437595367432,0.8422053456306458,0.6136912107467651
YKR103W,YKL175W,0,2.4748788,0.1267162412405014,0.8422053456306458,0.6137917041778564
YDR304C,YCL057W,0,2.4747596,0.12669812142848969,0.8422053456306458,0.6138922572135925
YKR101W,YMR296C,0,2.4743402,0.12668001651763916,0.8422053456306458,0.6139927506446838
YIR011C,YLR088W,0,2.4742682,0.12666189670562744,0.8422053456306458,0.6140933036804199
YNR074C,YKL067W,0,2.47401,0.12664379179477692,0.8422053456306458,0.6141937971115112
YER013W,YHR051W,0,2.4738293,0.12662570178508759,0.8422053456306458,0.6142943501472473
YNL258C,YBL098W,0,2.4738004,0.12660759687423706,0.8422053456306458,0.6143948435783386
YLR103C,YKL053C-A,0,2.473547,0.12658950686454773,0.8422053456306458,0.6144953966140747
YJR140C,YJL213W,0,2.473462,0.1265714317560196,0.8422053456306458,0.614595890045166
YLR395C,YKR069W,0,2.4734046,0.12655335664749146,0.8422053456306458,0.6146964430809021
YOR138C,YFL021W,0,2.473073,0.12653528153896332,0.8422053456306458,0.6147969365119934
YNR074C,YJL095W,0,2.4730003,0.12651720643043518,0.8422053456306458,0.6148974895477295
YPL094C,YDR306C,0,2.472918,0.12649914622306824,0.8422053456306458,0.6149979829788208
YDR332W,YMR159C,0,2.4719257,0.1264810860157013,0.8422053456306458,0.6150985360145569
YOL026C,YJL130C,0,2.471849,0.12646302580833435,0.8422053456306458,0.6151990294456482
YDR411C,YKR068C,0,2.471746,0.1264449805021286,0.8422053456306458,0.6152995824813843
YER074W,YJR031C,0,2.4716887,0.12642693519592285,0.8422053456306458,0.6154000759124756
YLR270W,YOR393W,0,2.4709134,0.1264089047908783,0.8422053456306458,0.6155006289482117
YDR378C,YCR002C,0,2.4708726,0.12639087438583374,0.8422053456306458,0.615601122379303
YLR191W,YOL026C,0,2.4707127,0.12637284398078918,0.8422053456306458,0.6157016754150391
YER151C,YER074W,0,2.4706914,0.12635481357574463,0.8422053456306458,0.6158021688461304
YLR043C,YLR197W,0,2.469982,0.12633679807186127,0.8422053456306458,0.6159027218818665
YBR118W,YGL014W,0,2.4696722,0.1263187974691391,0.8422053456306458,0.6160032153129578
YBL005W-B,YFR052W,0,2.4696412,0.12630078196525574,0.8422053456306458,0.6161037683486938
YLR026C,YER190W,0,2.4695325,0.12628278136253357,0.8422053456306458,0.6162042617797852
YGL172W,YBR202W,0,2.4691088,0.1262647807598114,0.8422053456306458,0.6163047552108765
YNL070W,YKL206C,0,2.468893,0.12624679505825043,0.8422053456306458,0.6164053082466125
YDR411C,YFL014W,0,2.4687781,0.12622880935668945,0.8422053456306458,0.6165058016777039
YAL016W,YJL128C,0,2.468689,0.12621082365512848,0.8422053456306458,0.6166063547134399
YKL078W,YLR005W,0,2.4686759,0.1261928528547287,0.8422053456306458,0.6167068481445312
YMR269W,YDR081C,0,2.468364,0.12617488205432892,0.8422053456306458,0.6168074011802673
YMR241W,YNL274C,0,2.4680338,0.12615691125392914,0.8422053456306458,0.6169078946113586
YEL043W,YLR301W,0,2.46801,0.12613895535469055,0.8422053456306458,0.6170084476470947
YMR117C,YGL226C-A,0,2.467143,0.12612099945545197,0.8422053456306458,0.617108941078186
YGL241W,YDR138W,0,2.4668465,0.12610304355621338,0.8422053456306458,0.6172094941139221
YJL178C,YLR278C,0,2.4668427,0.126085102558136,0.8422053456306458,0.6173099875450134
YDR518W,YMR046C,0,2.4667597,0.1260671615600586,0.8422053456306458,0.6174105405807495
YLR129W,YBL026W,0,2.4666271,0.1260492205619812,0.8422053456306458,0.6175110340118408
YKL171W,YBR222C,0,2.466612,0.126031294465065,0.8422053456306458,0.6176115870475769
YOR261C,YDL148C,0,2.4665966,0.1260133683681488,0.8422053456306458,0.6177120804786682
YDR332W,YKL001C,0,2.466405,0.1259954422712326,0.8422053456306458,0.6178126335144043
YKR062W,YGR274C,1,2.4659762,0.1261197179555893,0.8431559205055237,0.6178126335144043
YCR030C,YCL008C,0,2.4659097,0.1261017918586731,0.8431559205055237,0.6179131269454956
YDR457W,YLR390W,0,2.4652457,0.1260838657617569,0.8431559205055237,0.6180136799812317
YKL210W,YFL045C,0,2.4651997,0.1260659396648407,0.8431559205055237,0.618114173412323
YGL112C,YGL037C,0,2.465124,0.1260480284690857,0.8431559205055237,0.6182147264480591
YDL045W-A,YFR036W,0,2.4650602,0.1260301172733307,0.8431559205055237,0.6183152198791504
YDR383C,YLR103C,0,2.4646637,0.12601222097873688,0.8431559205055237,0.6184157729148865
YMR241W,YLR270W,0,2.4646406,0.12599432468414307,0.8431559205055237,0.6185162663459778
YJR055W,YOR298W,0,2.4646068,0.12597642838954926,0.8431559205055237,0.6186168193817139
YJL155C,YLR209C,0,2.4643607,0.12595853209495544,0.8431559205055237,0.6187173128128052
YGR221C,YNL314W,0,2.4639504,0.12594065070152283,0.8431559205055237,0.6188178658485413
YGL172W,YKR103W,0,2.4636688,0.1259227693080902,0.8431559205055237,0.6189183592796326
YDL084W,YMR087W,0,2.4634967,0.1259049028158188,0.8431559205055237,0.6190189123153687
YGR238C,YOL111C,0,2.4633784,0.12588702142238617,0.8431559205055237,0.61911940574646
YIL142W,YGL014W,0,2.4633467,0.12586916983127594,0.8431559205055237,0.619219958782196
YLR206W,YJR133W,0,2.4632702,0.12585130333900452,0.8431559205055237,0.6193204522132874
YLR206W,YMR077C,0,2.4632258,0.1258334517478943,0.8431559205055237,0.6194210052490234
YEL037C,YJL176C,0,2.463141,0.12581560015678406,0.8431559205055237,0.6195214986801147
YDR079W,YDR170C,0,2.4629836,0.12579776346683502,0.8431559205055237,0.6196220517158508
YHR164C,YLR145W,0,2.4629138,0.125779926776886,0.8431559205055237,0.6197225451469421
YLR325C,YJR133W,0,2.4626803,0.12576209008693695,0.8431559205055237,0.6198230981826782
YJR127C,YHR057C,0,2.462591,0.12574425339698792,0.8431559205055237,0.6199235916137695
YHR060W,YDR222W,0,2.4625216,0.12572643160820007,0.8431559205055237,0.6200241446495056
YPL200W,YMR308C,0,2.462318,0.12570860981941223,0.8431559205055237,0.6201246380805969
YBR125C,YPL273W,0,2.4619656,0.12569080293178558,0.8431559205055237,0.620225191116333
YKR019C,YJR021C,0,2.4618857,0.12567299604415894,0.8431559205055237,0.6203256845474243
YMR250W,YPL098C,0,2.4616163,0.1256551891565323,0.8431559205055237,0.6204262375831604
YBR026C,YMR308C,0,2.4614706,0.12563739717006683,0.8431559205055237,0.6205267310142517
YDR371W,YPL252C,0,2.4614506,0.12561960518360138,0.8431559205055237,0.6206272840499878
YJR078W,YBR275C,0,2.4614162,0.12560181319713593,0.8431559205055237,0.6207277774810791
YNL153C,YOL045W,0,2.4606476,0.12558403611183167,0.8431559205055237,0.6208283305168152
YNR004W,YMR238W,0,2.4606333,0.1255662441253662,0.8431559205055237,0.6209288239479065
YGR056W,YOR142W,0,2.4604099,0.12554848194122314,0.8431559205055237,0.6210293769836426
YFL048C,YNL335W,0,2.460402,0.12553070485591888,0.8431559205055237,0.6211298704147339
YFL014W,YFL013C,0,2.4595585,0.12551294267177582,0.8431559205055237,0.62123042345047
YAL017W,YBR238C,0,2.4591713,0.12549519538879395,0.8431559205055237,0.6213309168815613
YOL004W,YMR030W,1,2.459127,0.12561890482902527,0.8441064357757568,0.6213309168815613
YFL057C,YKL168C,0,2.4590855,0.125601127743721,0.8441064357757568,0.6214314699172974
YKL041W,YPR001W,0,2.4588265,0.12558336555957794,0.8441064357757568,0.6215319633483887
YDR371W,YPL259C,0,2.4587255,0.12556561827659607,0.8441064357757568,0.6216325163841248
YJR057W,YPR083W,0,2.4587245,0.125547856092453,0.8441064357757568,0.6217330098152161
YIL128W,YPL082C,1,2.4579122,0.12567147612571716,0.8450570106506348,0.6217330098152161
YOL145C,YMR159C,0,2.4577546,0.1256537139415741,0.8450570106506348,0.6218335628509521
YER117W,YHR051W,0,2.457708,0.12563595175743103,0.8450570106506348,0.6219340562820435
YNL122C,YBR072W,0,2.4575953,0.12561820447444916,0.8450570106506348,0.6220346093177795
YDR090C,YPR138C,0,2.4575884,0.12560045719146729,0.8450570106506348,0.6221351027488708
YBL041W,YMR228W,0,2.4575806,0.1255827099084854,0.8450570106506348,0.6222355961799622
YLR080W,YDR285W,0,2.4572985,0.12556497752666473,0.8450570106506348,0.6223361492156982
YLR141W,YBR187W,0,2.4572318,0.12554724514484406,0.8450570106506348,0.6224366426467896
YFR045W,YDL215C,0,2.4570704,0.12552951276302338,0.8450570106506348,0.6225371956825256
YKL067W,YMR065W,0,2.4570408,0.1255117952823639,0.8450570106506348,0.6226376891136169
YMR039C,YMR143W,0,2.456986,0.1254940778017044,0.8450570106506348,0.622738242149353
YLR219W,YKL061W,0,2.4568796,0.12547636032104492,0.8450570106506348,0.6228387355804443
YDR172W,YKL130C,0,2.4566216,0.12545865774154663,0.8450570106506348,0.6229392886161804
YPL007C,YER090W,0,2.456363,0.12544095516204834,0.8450570106506348,0.6230397820472717
YPR091C,YIL048W,0,2.456337,0.12542325258255005,0.8450570106506348,0.6231403350830078
YFL033C,YOR180C,0,2.455172,0.12540556490421295,0.8450570106506348,0.6232408285140991
YEL053C,YJR032W,0,2.4550407,0.12538787722587585,0.8450570106506348,0.6233413815498352
YKL058W,YHR167W,1,2.4548297,0.12551121413707733,0.8460075855255127,0.6233413815498352
YIL128W,YKR019C,0,2.454793,0.12549351155757904,0.8460075855255127,0.6234418749809265
YDL036C,YMR033W,0,2.4547224,0.12547582387924194,0.8460075855255127,0.6235424280166626
YOR292C,YJL140W,0,2.4544735,0.12545813620090485,0.8460075855255127,0.6236429214477539
YLL027W,YOR020C,0,2.454431,0.12544044852256775,0.8460075855255127,0.62374347448349
YLR305C,YPR138C,0,2.4544249,0.12542277574539185,0.8460075855255127,0.6238439679145813
YPL218W,YKL124W,0,2.4538233,0.12540510296821594,0.8460075855255127,0.6239445209503174
YDR419W,YGL014W,0,2.453237,0.12538743019104004,0.8460075855255127,0.6240450143814087
YCL024W,YJL071W,0,2.453036,0.12536977231502533,0.8460075855255127,0.6241455674171448
YFL033C,YDR369C,0,2.4528775,0.12535211443901062,0.8460075855255127,0.6242460608482361
YGL207W,YDR259C,1,2.4526606,0.12547528743743896,0.8469581604003906,0.6242460608482361
YPL078C,YDL077C,0,2.4525247,0.12545761466026306,0.8469581604003906,0.6243466138839722
YFR045W,YLR024C,0,2.452256,0.12543995678424835,0.8469581604003906,0.6244471073150635
YBR081C,YHR079C,0,2.452209,0.12542229890823364,0.8469581604003906,0.6245476603507996
YIL142W,YJR083C,0,2.4517035,0.12540464103221893,0.8469581604003906,0.6246481537818909
YPR024W,YGL062W,0,2.4511828,0.12538699805736542,0.8469581604003906,0.624748706817627
YLR314C,YGL026C,0,2.4509916,0.1253693550825119,0.8469581604003906,0.6248492002487183
YBL112C,YCL014W,0,2.4504585,0.1253517121076584,0.8469581604003906,0.6249497532844543
YNL153C,YDR449C,0,2.450442,0.12533408403396606,0.8469581604003906,0.6250502467155457
YPL050C,YLR330W,0,2.4500165,0.12531645596027374,0.8469581604003906,0.6251507997512817
YGL172W,YKL015W,0,2.4491172,0.12529882788658142,0.8469581604003906,0.625251293182373
YMR172W,YPL190C,1,2.4489775,0.12542182207107544,0.8479087352752686,0.625251293182373
YNL068C,YOL145C,1,2.4489164,0.12554477155208588,0.8488593101501465,0.625251293182373
YDR167W,YDR164C,0,2.4487815,0.12552712857723236,0.8488593101501465,0.6253518462181091
YMR115W,YNL092W,0,2.4484391,0.12550948560237885,0.8488593101501465,0.6254523396492004
YMR025W,YDR173C,0,2.448385,0.12549184262752533,0.8488593101501465,0.6255528926849365
YPR196W,YLR129W,0,2.4483705,0.125474214553833,0.8488593101501465,0.6256533861160278
YGR199W,YGR112W,0,2.448194,0.12545658648014069,0.8488593101501465,0.6257539391517639
YGL083W,YER017C,0,2.447863,0.12543897330760956,0.8488593101501465,0.6258544325828552
YBR223C,YNL079C,0,2.4477916,0.12542134523391724,0.8488593101501465,0.6259549856185913
YHR066W,YOR378W,0,2.4471915,0.1254037320613861,0.8488593101501465,0.6260554790496826
YPL042C,YDL179W,0,2.4471235,0.12538613379001617,0.8488593101501465,0.6261560320854187
YKR071C,YJR026W,0,2.4469543,0.12536852061748505,0.8488593101501465,0.62625652551651
YJR107W,YDR353W,0,2.4467402,0.1253509223461151,0.8488593101501465,0.6263570785522461
YKR036C,YNL121C,0,2.4463215,0.12533333897590637,0.8488593101501465,0.6264575719833374
YOR243C,YJL140W,0,2.4460454,0.12531574070453644,0.8488593101501465,0.6265581250190735
YGL212W,YER137C,0,2.445827,0.1252981573343277,0.8488593101501465,0.6266586184501648
YOL102C,YNR003C,0,2.4457154,0.12528058886528015,0.8488593101501465,0.6267591714859009
YOL026C,YOL108C,0,2.44566,0.1252630054950714,0.8488593101501465,0.6268596649169922
YGR225W,YKR044W,0,2.4455113,0.12524543702602386,0.8488593101501465,0.6269602179527283
YBL076C,YKR002W,0,2.4453554,0.1252278834581375,0.8488593101501465,0.6270607113838196
YER162C,YNL335W,0,2.4450707,0.12521031498908997,0.8488593101501465,0.6271612644195557
YKL074C,YOR204W,0,2.4447978,0.1251927614212036,0.8488593101501465,0.627261757850647
YML071C,YDR461W,0,2.444487,0.12517522275447845,0.8488593101501465,0.6273623108863831
YOR212W,YIL061C,0,2.4442003,0.1251576691865921,0.8488593101501465,0.6274628043174744
YOL145C,YER049W,0,2.444183,0.12514013051986694,0.8488593101501465,0.6275633573532104
YPL139C,YPR060C,0,2.4439683,0.12512260675430298,0.8488593101501465,0.6276638507843018
YDR144C,YOL104C,0,2.4438868,0.12510506808757782,0.8488593101501465,0.6277644038200378
YLR312W-A,YGR222W,0,2.4437864,0.12508754432201385,0.8488593101501465,0.6278648972511292
YGR084C,YNL230C,0,2.4436378,0.12507003545761108,0.8488593101501465,0.6279653906822205
YJR083C,YIL140W,0,2.4432812,0.12505251169204712,0.8488593101501465,0.6280659437179565
YER103W,YER190W,0,2.4430895,0.12503500282764435,0.8488593101501465,0.6281664371490479
YNL314W,YDR415C,0,2.44176,0.12501749396324158,0.8488593101501465,0.6282669901847839
YCR087C-A,YIL042C,0,2.4416227,0.125,0.8488593101501465,0.6283674836158752
YER154W,YOR204W,0,2.4414196,0.12498250603675842,0.8488593101501465,0.6284680366516113
YMR182C,YML036W,1,2.4412928,0.12510494887828827,0.8498098850250244,0.6284680366516113
YCL018W,YBL113C,0,2.4411802,0.1250874549150467,0.8498098850250244,0.6285685300827026
YPL078C,YJL128C,0,2.4409451,0.12506994605064392,0.8498098850250244,0.6286690831184387
YGR214W,YAL029C,0,2.4408271,0.12505245208740234,0.8498098850250244,0.62876957654953
YPR056W,YJL140W,1,2.4406905,0.12517482042312622,0.8507604598999023,0.62876957654953
YIL108W,YDR218C,0,2.440374,0.12515732645988464,0.8507604598999023,0.6288701295852661
YOR301W,YDR138W,0,2.4401293,0.12513981759548187,0.8507604598999023,0.6289706230163574
YPL274W,YGR027C,0,2.440102,0.1251223236322403,0.8507604598999023,0.6290711760520935
YDR254W,YCL008C,0,2.4392014,0.12510482966899872,0.8507604598999023,0.6291716694831848
YLR213C,YDR260C,0,2.4391239,0.12508735060691833,0.8507604598999023,0.6292722225189209
YOR138C,YNL239W,0,2.4389186,0.12506987154483795,0.8507604598999023,0.6293727159500122
YBR066C,YBL113C,0,2.438846,0.12505239248275757,0.8507604598999023,0.6294732689857483
YDR512C,YLR316C,0,2.4388413,0.12503492832183838,0.8507604598999023,0.6295737624168396
YLR425W,YOR285W,0,2.438732,0.1250174641609192,0.8507604598999023,0.6296743154525757
YOR216C,YPR159W,0,2.438615,0.125,0.8507604598999023,0.629774808883667
YJR040W,YDR081C,0,2.4377608,0.12498254328966141,0.8507604598999023,0.6298753619194031
YBR183W,YGR027C,0,2.4371579,0.12496509402990341,0.8507604598999023,0.6299758553504944
YMR203W,YPR091C,0,2.437017,0.12494764477014542,0.8507604598999023,0.6300764083862305
YJL112W,YGL163C,0,2.4367113,0.12493020296096802,0.8507604598999023,0.6301769018173218
YMR168C,YNL297C,0,2.4366012,0.12491276860237122,0.8507604598999023,0.6302774548530579
YKL093W,YHL027W,0,2.4358163,0.12489534169435501,0.8507604598999023,0.6303779482841492
YNR018W,YFL045C,0,2.4356499,0.1248779147863388,0.8507604598999023,0.6304785013198853
YBL008W,YBL005W,1,2.435646,0.125,0.8517110347747803,0.6304785013198853
YNL008C,YPL213W,0,2.4354286,0.1249825656414032,0.8517110347747803,0.6305789947509766
YHR174W,YBR026C,0,2.4352903,0.1249651312828064,0.8517110347747803,0.6306795477867126
YLR447C,YCL008C,0,2.4348364,0.12494770437479019,0.8517110347747803,0.630780041217804
YDR254W,YIR005W,0,2.4348152,0.12493028491735458,0.8517110347747803,0.63088059425354
YJR036C,YDR403W,0,2.4347055,0.12491286545991898,0.8517110347747803,0.6309810876846313
YGL026C,YNL258C,0,2.4343534,0.12489545345306396,0.8517110347747803,0.6310816407203674
YEL070W,YDR353W,0,2.4343276,0.12487804889678955,0.8517110347747803,0.6311821341514587
YDR079W,YDL029W,0,2.4342866,0.12486064434051514,0.8517110347747803,0.6312826871871948
YPR204W,YDR470C,0,2.4339375,0.12484324723482132,0.8517110347747803,0.6313831806182861
YPL046C,YEL009C,1,2.4339354,0.12496516853570938,0.8526616096496582,0.6313831806182861
YMR169C,YPL200W,0,2.4337196,0.12494776397943497,0.8526616096496582,0.6314837336540222
YGR145W,YHR039C-A,0,2.4335995,0.12493035942316055,0.8526616096496582,0.6315842270851135
YDR454C,YMR054W,0,2.4333954,0.12491296231746674,0.8526616096496582,0.6316847801208496
YMR054W,YBR222C,0,2.4333282,0.12489557266235352,0.8526616096496582,0.6317852735519409
YOR301W,YKR019C,0,2.433083,0.1248781830072403,0.8526616096496582,0.631885826587677
YGL071W,YMR182C,1,2.4329033,0.125,0.8536121845245361,0.631885826587677
YPL139C,YKL067W,0,2.4320102,0.12498260289430618,0.8536121845245361,0.6319863200187683
YHR002W,YGL212W,0,2.4318314,0.12496521323919296,0.8536121845245361,0.6320868730545044
YPL131W,YNL284C,0,2.4315662,0.12494782358407974,0.8536121845245361,0.6321873664855957
YLR213C,YMR240C,0,2.4314103,0.12493044137954712,0.8536121845245361,0.6322879195213318
YDR403W,YHL027W,0,2.4313538,0.1249130591750145,0.8536121845245361,0.6323884129524231
YCR030C,YMR203W,0,2.4313533,0.12489569187164307,0.8536121845245361,0.6324889659881592
YIL083C,YCL004W,0,2.4310346,0.12487831711769104,0.8536121845245361,0.6325894594192505
YAL024C,YKL003C,0,2.430975,0.12486095726490021,0.8536121845245361,0.6326900124549866
YMR250W,YLL017W,0,2.430964,0.12484359741210938,0.8536121845245361,0.6327905058860779
YIR039C,YIL133C,0,2.4306693,0.12482624500989914,0.8536121845245361,0.632891058921814
YOR142W,YKL205W,0,2.4305844,0.1248088926076889,0.8536121845245361,0.6329915523529053
YHR109W,YCL052C,0,2.4305663,0.12479154765605927,0.8536121845245361,0.6330921053886414
YIL142W,YNL298W,0,2.4303794,0.12477421015501022,0.8536121845245361,0.6331925988197327
YKL160W,YKL110C,1,2.430201,0.12489580363035202,0.8545627593994141,0.6331925988197327
YBR067C,YIL042C,0,2.4301882,0.12487845867872238,0.8545627593994141,0.6332931518554688
YNR002C,YNL298W,0,2.4300299,0.12486111372709274,0.8545627593994141,0.6333936452865601
YML051W,YNL172W,0,2.4298592,0.1248437687754631,0.8545627593994141,0.6334941983222961
YPL147W,YJL095W,0,2.4294384,0.12482643872499466,0.8545627593994141,0.6335946917533875
YDR518W,YMR210W,0,2.4289849,0.12480910867452621,0.8545627593994141,0.6336952447891235
YMR033W,YIL135C,0,2.4282303,0.12479177862405777,0.8545627593994141,0.6337957382202148
YPR060C,YDR218C,0,2.4278605,0.12477446347475052,0.8545627593994141,0.6338962316513062
YJL034W,YJL060W,0,2.4277534,0.12475714832544327,0.8545627593994141,0.6339967846870422
YBL076C,YDR497C,0,2.427423,0.12473983317613602,0.8545627593994141,0.6340972781181335
YDR419W,YPL113C,0,2.4272385,0.12472253292798996,0.8545627593994141,0.6341978311538696
YGL112C,YOR393W,0,2.4270182,0.1247052326798439,0.8545627593994141,0.6342983245849609
YJL060W,YLR285W,0,2.4268622,0.12468793243169785,0.8545627593994141,0.634398877620697
YBR042C,YGR143W,0,2.4268422,0.12467063963413239,0.8545627593994141,0.6344993710517883
YPR113W,YJL192C,0,2.426779,0.12465335428714752,0.8545627593994141,0.6345999240875244
YNL309W,YDR159W,0,2.4267693,0.12463607639074326,0.8545627593994141,0.6347004175186157
YDL179W,YDL045W-A,0,2.4266999,0.12461879849433899,0.8545627593994141,0.6348009705543518
YJR051W,YDL055C,0,2.4266605,0.12460152804851532,0.8545627593994141,0.6349014639854431
YHR179W,YER074W,0,2.426353,0.12458425760269165,0.8545627593994141,0.6350020170211792
YDL097C,YBR281C,0,2.4263208,0.12456699460744858,0.8545627593994141,0.6351025104522705
YLR203C,YER138C,0,2.4260685,0.1245497390627861,0.8545627593994141,0.6352030634880066
YGL166W,YBR182C,1,2.4259207,0.12467100471258163,0.855513334274292,0.6352030634880066
YLR105C,YLL061W,0,2.4258115,0.12465374171733856,0.855513334274292,0.6353035569190979
YDR026C,YMR186W,0,2.4251237,0.12463647872209549,0.855513334274292,0.635404109954834
YIL134W,YPL099C,0,2.425002,0.12461921572685242,0.855513334274292,0.6355046033859253
YGL212W,YJL171C,0,2.424457,0.12460196763277054,0.855513334274292,0.6356051564216614
YMR033W,YKL185W,1,2.4242406,0.12472314387559891,0.8564638495445251,0.6356051564216614
YNL010W,YHR085W,0,2.4240618,0.12470588088035583,0.8564638495445251,0.6357056498527527
YGR281W,YPL027W,0,2.4239156,0.12468862533569336,0.8564638495445251,0.6358062028884888
YDL036C,YOR301W,0,2.4233038,0.12467136979103088,0.8564638495445251,0.6359066963195801
YFR018C,YPL244C,0,2.4231565,0.124654121696949,0.8564638495445251,0.6360072493553162
YCL036W,YOR237W,0,2.4228647,0.12463688105344772,0.8564638495445251,0.6361077427864075
YNL335W,YMR136W,0,2.4226608,0.12461964040994644,0.8564638495445251,0.6362082958221436
YPL046C,YOL071W,1,2.4226494,0.12474069744348526,0.8574144244194031,0.6362082958221436
YIL170W,YMR250W,0,2.4224906,0.12472344934940338,0.8574144244194031,0.6363087892532349
YDR229W,YEL029C,0,2.4222822,0.1247062087059021,0.8574144244194031,0.636409342288971
YLR020C,YGR095C,0,2.4218116,0.12468896806240082,0.8574144244194031,0.6365098357200623
YMR046C,YOR355W,0,2.4213448,0.12467173486948013,0.8574144244194031,0.6366103887557983
YIR011C,YDR138W,0,2.4213142,0.12465450167655945,0.8574144244194031,0.6367108821868896
YDR026C,YLR383W,0,2.4210808,0.12463728338479996,0.8574144244194031,0.6368114352226257
YNL297C,YDL078C,0,2.4210234,0.12462005764245987,0.8574144244194031,0.636911928653717
YJL141C,YDL070W,0,2.420943,0.12460284680128098,0.8574144244194031,0.6370124816894531
YBL085W,YGL190C,0,2.4203491,0.12458563596010208,0.8574144244194031,0.6371129751205444
YMR172W,YLR050C,0,2.4202042,0.12456843256950378,0.8574144244194031,0.6372135281562805
YOR275C,YNL080C,0,2.4201968,0.12455122917890549,0.8574144244194031,0.6373140215873718
YDR296W,YOL107W,0,2.419895,0.12453403323888779,0.8574144244194031,0.6374145746231079
YKL170W,YER002W,0,2.4197536,0.12451684474945068,0.8574144244194031,0.6375150680541992
YFR018C,YNL290W,0,2.419464,0.12449965626001358,0.8574144244194031,0.6376156210899353
YIL088C,YKL166C,0,2.4192548,0.12448247522115707,0.8574144244194031,0.6377161145210266
YLR033W,YNR013C,0,2.4187837,0.12446529418230057,0.8574144244194031,0.6378166675567627
YML058W-A,YNL032W,0,2.418538,0.12444812059402466,0.8574144244194031,0.637917160987854
YCL036W,YLL012W,0,2.4184582,0.12443095445632935,0.8574144244194031,0.6380177140235901
YDR137W,YOL104C,0,2.4183266,0.12441379576921463,0.8574144244194031,0.6381182074546814
YGR282C,YMR114C,0,2.418263,0.12439663708209991,0.8574144244194031,0.6382187604904175
YNL127W,YDL198C,0,2.4181285,0.1243794783949852,0.8574144244194031,0.6383192539215088
YLL002W,YDR494W,0,2.4180317,0.12436233460903168,0.8574144244194031,0.6384198069572449
YGL068W,YFL066C,0,2.4179828,0.12434519082307816,0.8574144244194031,0.6385203003883362
YNR067C,YJL085W,0,2.4178197,0.12432804703712463,0.8574144244194031,0.6386208534240723
YPL208W,YER104W,0,2.4171965,0.1243109181523323,0.8574144244194031,0.6387213468551636
YHR002W,YDL140C,0,2.4169192,0.12429378181695938,0.8574144244194031,0.6388218998908997
YPR072W,YMR046C,0,2.4166207,0.12427666038274765,0.8574144244194031,0.638922393321991
YPR162C,YNL122C,0,2.4166088,0.12425953894853592,0.8574144244194031,0.639022946357727
YKR019C,YML039W,0,2.4165897,0.12424242496490479,0.8574144244194031,0.6391234397888184
YGR167W,YJL128C,0,2.4165576,0.12422531098127365,0.8574144244194031,0.6392239928245544
YMR269W,YMR246W,0,2.4165287,0.12420820444822311,0.8574144244194031,0.6393244862556458
YPR072W,YNL080C,0,2.4164634,0.12419110536575317,0.8574144244194031,0.6394250392913818
YPR070W,YJL184W,1,2.4162807,0.1243116706609726,0.858364999294281,0.6394250392913818
YBR006W,YHR214C-B,0,2.4161825,0.12429456412792206,0.858364999294281,0.6395255327224731
YDL055C,YHR082C,0,2.4161224,0.12427745759487152,0.858364999294281,0.6396260261535645
YLR208W,YGL220W,0,2.4154925,0.12426035851240158,0.858364999294281,0.6397265791893005
YNL084C,YIL133C,0,2.4154701,0.12424325942993164,0.858364999294281,0.6398270726203918
YDR211W,YLR151C,0,2.4147325,0.1242261677980423,0.858364999294281,0.6399276256561279
YPL087W,YER087C-B,0,2.4146972,0.12420907616615295,0.858364999294281,0.6400281190872192
YDL171C,YDR497C,0,2.4146833,0.12419199198484421,0.858364999294281,0.6401286721229553
YIL177C,YMR270C,0,2.4145932,0.12417491525411606,0.858364999294281,0.6402291655540466
YNL153C,YDR494W,0,2.4145737,0.1241578459739685,0.858364999294281,0.6403297185897827
YGL037C,YKR006C,0,2.4144824,0.12414077669382095,0.858364999294281,0.640430212020874
YMR038C,YPL087W,0,2.4143786,0.124123714864254,0.858364999294281,0.6405307650566101
YKL130C,YOR311C,0,2.414137,0.12410665303468704,0.858364999294281,0.6406312584877014
YKL119C,YBR129C,0,2.4140406,0.12408959865570068,0.858364999294281,0.6407318115234375
YNL027W,YJR026W,0,2.4140134,0.12407254427671432,0.858364999294281,0.6408323049545288
YFL010W-A,YNL290W,0,2.413875,0.12405550479888916,0.858364999294281,0.6409328579902649
YDR196C,YFR018C,0,2.4130754,0.1240384578704834,0.858364999294281,0.6410333514213562
YGR112W,YDR410C,0,2.4129088,0.12402142584323883,0.858364999294281,0.6411339044570923
YPR190C,YER087W,0,2.412608,0.12400439381599426,0.858364999294281,0.6412343978881836
YKR036C,YLL008W,0,2.4121382,0.12398736923933029,0.858364999294281,0.6413349509239197
YER074W,YHR057C,0,2.4117815,0.12397034466266632,0.858364999294281,0.641435444355011
YPL139C,YPL244C,0,2.411778,0.12395332753658295,0.858364999294281,0.6415359973907471
YGR246C,YKL001C,0,2.4115038,0.12393631786108017,0.858364999294281,0.6416364908218384
YBL112C,YBR093C,0,2.411347,0.12391930818557739,0.858364999294281,0.6417370438575745
YLR105C,YDR245W,0,2.4106512,0.12390230596065521,0.858364999294281,0.6418375372886658
YHR209W,YPL113C,0,2.4100642,0.12388530373573303,0.858364999294281,0.6419380903244019
YLR291C,YJR032W,0,2.409832,0.12386831641197205,0.858364999294281,0.6420385837554932
YPL011C,YMR296C,0,2.4096909,0.12385132163763046,0.858364999294281,0.6421391367912292
YMR267W,YDR404C,0,2.4094157,0.12383434176445007,0.858364999294281,0.6422396302223206
YGR180C,YKL165C,0,2.4094107,0.12381736189126968,0.858364999294281,0.6423401832580566
YPL223C,YJL155C,0,2.409075,0.1238003820180893,0.858364999294281,0.642440676689148
YNR060W,YDR173C,0,2.4083717,0.1237834095954895,0.858364999294281,0.642541229724884
YKL093W,YNR060W,0,2.408329,0.1237664446234703,0.858364999294281,0.6426417231559753
YBR080C,YPL273W,0,2.4082198,0.12374948710203171,0.858364999294281,0.6427422761917114
YDR530C,YLR404W,0,2.408015,0.12373252958059311,0.858364999294281,0.6428427696228027
YDR369C,YGR155W,0,2.407687,0.12371557950973511,0.858364999294281,0.6429433226585388
YDR454C,YJL081C,0,2.40765,0.1236986294388771,0.858364999294281,0.6430438160896301
YJR082C,YAL017W,0,2.407361,0.1236816868185997,0.858364999294281,0.6431443691253662
YMR284W,YMR321C,0,2.4073079,0.1236647516489029,0.858364999294281,0.6432448625564575
YLR353W,YFL054C,0,2.4071193,0.12364781647920609,0.858364999294281,0.6433454155921936
YGL244W,YPL093W,0,2.4068584,0.12363088876008987,0.858364999294281,0.6434459090232849
YIL139C,YKL186C,0,2.4065237,0.12361396104097366,0.858364999294281,0.643546462059021
YMR321C,YPL112C,0,2.4061742,0.12359704077243805,0.858364999294281,0.6436469554901123
YCL074W,YCL036W,0,2.405767,0.12358012795448303,0.858364999294281,0.6437475085258484
YKL093W,YKR066C,0,2.4057455,0.12356321513652802,0.858364999294281,0.6438480019569397
YPL134C,YGL236C,0,2.4056675,0.1235463097691536,0.858364999294281,0.6439485549926758
YGL010W,YOR180C,0,2.4055262,0.12352941185235977,0.858364999294281,0.6440490484237671
YKL165C,YLR348C,0,2.405282,0.12351251393556595,0.858364999294281,0.6441496014595032
YOR274W,YDR062W,0,2.405278,0.12349562346935272,0.858364999294281,0.6442500948905945
YBR052C,YDL128W,0,2.4052238,0.1234787330031395,0.858364999294281,0.6443506479263306
YDL206W,YCL024W,0,2.4048476,0.12346185743808746,0.858364999294281,0.6444511413574219
YDR451C,YER002W,0,2.404614,0.12344497442245483,0.858364999294281,0.644551694393158
YER154W,YMR194W,0,2.4044483,0.1234281063079834,0.858364999294281,0.6446521878242493
YKR069W,YJL095W,0,2.403905,0.12341123074293137,0.858364999294281,0.6447527408599854
YOR274W,YNL027W,0,2.4036436,0.12339437007904053,0.858364999294281,0.6448532342910767
YPL252C,YLR016C,0,2.4036322,0.12337750941514969,0.858364999294281,0.6449537873268127
YML051W,YDR195W,0,2.4034576,0.12336065620183945,0.858364999294281,0.645054280757904
YML097C,YNL122C,0,2.4032018,0.1233438029885292,0.858364999294281,0.6451548337936401
YKL190W,YBR282W,0,2.4031508,0.12332695722579956,0.858364999294281,0.6452553272247314
YLR187W,YER130C,0,2.4028335,0.12331011891365051,0.858364999294281,0.6453558206558228
YPR006C,YBR192W,0,2.4021282,0.12329328060150146,0.858364999294281,0.6454563736915588
YNL102W,YCL034W,0,2.4021037,0.12327644973993301,0.858364999294281,0.6455568671226501
YKR035W-A,YOR353C,0,2.4018378,0.12325962632894516,0.858364999294281,0.6456574201583862
YBR182C,YLR160C,0,2.4018376,0.1232428029179573,0.858364999294281,0.6457579135894775
YDL021W,YKL074C,0,2.4018111,0.12322597950696945,0.858364999294281,0.6458584666252136
YEL031W,YNL309W,0,2.4016728,0.12320917099714279,0.858364999294281,0.6459589600563049
YPL098C,YNR015W,0,2.4016576,0.12319236248731613,0.858364999294281,0.646059513092041
YMR276W,YHR051W,0,2.4011397,0.12317555397748947,0.858364999294281,0.6461600065231323
YKL130C,YBR145W,0,2.4010625,0.12315875291824341,0.858364999294281,0.6462605595588684
YBR066C,YDR457W,0,2.4009783,0.12314195930957794,0.858364999294281,0.6463610529899597
YIL095W,YLR321C,0,2.4001915,0.12312517315149307,0.858364999294281,0.6464616060256958
YML051W,YPL151C,0,2.3998413,0.1231083869934082,0.858364999294281,0.6465620994567871
YLL017W,YOR204W,0,2.3998134,0.12309160083532333,0.858364999294281,0.6466626524925232
YER138C,YKL189W,0,2.3997755,0.12307482957839966,0.858364999294281,0.6467631459236145
YBR287W,YOR351C,0,2.399736,0.12305805087089539,0.858364999294281,0.6468636989593506
YOR230W,YMR267W,0,2.3996634,0.12304128706455231,0.858364999294281,0.6469641923904419
YLR187W,YCR052W,0,2.3995237,0.12302452325820923,0.858364999294281,0.647064745426178
YMR039C,YOL111C,0,2.3991401,0.12300776690244675,0.858364999294281,0.6471652388572693
YOL104C,YOR123C,0,2.3989742,0.12299101054668427,0.858364999294281,0.6472657918930054
YLR009W,YMR193W,0,2.3989654,0.12297426164150238,0.858364999294281,0.6473662853240967
YML073C,YFR018C,0,2.3987188,0.1229575127363205,0.858364999294281,0.6474668383598328
YBR118W,YGL113W,0,2.3986793,0.1229407787322998,0.858364999294281,0.6475673317909241
YDR059C,YDR138W,0,2.3982038,0.12292403727769852,0.858364999294281,0.6476678848266602
YKL186C,YPR119W,0,2.398196,0.12290731072425842,0.858364999294281,0.6477683782577515
YPR119W,YKL001C,0,2.3978593,0.12289058417081833,0.858364999294281,0.6478689312934875
YOL010W,YNL297C,0,2.397378,0.12287385761737823,0.858364999294281,0.6479694247245789
YGR238C,YMR114C,0,2.3973312,0.12285714596509933,0.858364999294281,0.6480699777603149
YJR057W,YPL163C,0,2.3969877,0.12284042686223984,0.858364999294281,0.6481704711914062
YNL027W,YKL003C,0,2.396912,0.12282372266054153,0.858364999294281,0.6482710242271423
YDR337W,YNR028W,0,2.3967345,0.12280701845884323,0.858364999294281,0.6483715176582336
YGL070C,YGL246C,1,2.3965282,0.12292630225419998,0.8593155741691589,0.6483715176582336
YDR289C,YLR223C,1,2.396468,0.12304554879665375,0.8602661490440369,0.6483715176582336
YLR165C,YER175C,0,2.3964505,0.12302882224321365,0.8602661490440369,0.6484720706939697
YDR419W,YOR243C,0,2.39632,0.12301209568977356,0.8602661490440369,0.648572564125061
YHR209W,YDR494W,0,2.3963184,0.12299537658691406,0.8602661490440369,0.6486731171607971
YDR030C,YNL309W,0,2.3958197,0.12297866493463516,0.8602661490440369,0.6487736105918884
YBR294W,YKR044W,0,2.3956027,0.12296195328235626,0.8602661490440369,0.6488741636276245
YDL059C,YPL180W,0,2.3954637,0.12294524908065796,0.8602661490440369,0.6489746570587158
YDR131C,YER168C,0,2.395289,0.12292855232954025,0.8602661490440369,0.6490752100944519
YGL225W,YDL015C,0,2.3949366,0.12291185557842255,0.8602661490440369,0.6491757035255432
YDR353W,YKL124W,0,2.394842,0.12289516627788544,0.8602661490440369,0.6492762565612793
YJR138W,YKL166C,0,2.3947718,0.12287847697734833,0.8602661490440369,0.6493767499923706
YMR241W,YFR033C,0,2.3946404,0.12286179512739182,0.8602661490440369,0.6494773030281067
YAR002C-A,YFL021W,0,2.3945425,0.1228451207280159,0.8602661490440369,0.649577796459198
YLR191W,YDR159W,0,2.394532,0.12282844632863998,0.8602661490440369,0.6496783494949341
YEL022W,YLR009W,0,2.3944275,0.12281177937984467,0.8602661490440369,0.6497788429260254
YAL024C,YBR230C,0,2.3942056,0.12279511243104935,0.8602661490440369,0.6498793959617615
YML052W,YDR062W,0,2.3939774,0.12277845293283463,0.8602661490440369,0.6499798893928528
YER171W,YGR089W,0,2.3937702,0.1227618008852005,0.8602661490440369,0.6500804424285889
YPR149W,YJL117W,0,2.393761,0.12274514883756638,0.8602661490440369,0.6501809358596802
YJR133W,YGL190C,0,2.3934712,0.12272850424051285,0.8602661490440369,0.6502814888954163
YLR103C,YDR369C,0,2.3932362,0.12271186709403992,0.8602661490440369,0.6503819823265076
YLR312W-A,YJR130C,0,2.3931527,0.12269522994756699,0.8602661490440369,0.6504825353622437
YJR092W,YNR015W,0,2.3919353,0.12267859280109406,0.8602661490440369,0.650583028793335
YPR080W,YCL043C,0,2.3918695,0.12266197055578232,0.8602661490440369,0.650683581829071
YGR255C,YBR093C,0,2.3918662,0.12264534831047058,0.8602661490440369,0.6507840752601624
YNL032W,YBL091C-A,0,2.3915436,0.12262872606515884,0.8602661490440369,0.6508846282958984
YOR327C,YMR099C,0,2.3914487,0.1226121112704277,0.8602661490440369,0.6509851217269897
YDR512C,YDR498C,0,2.3914204,0.12259550392627716,0.8602661490440369,0.6510856747627258
YPR191W,YEL040W,0,2.3914201,0.12257889658212662,0.8602661490440369,0.6511861681938171
YPL134C,YAL016W,0,2.3909864,0.12256229668855667,0.8602661490440369,0.6512866616249084
YLR029C,YOR148C,0,2.3909447,0.12254570424556732,0.8602661490440369,0.6513872146606445
YJR119C,YMR145C,0,2.390694,0.12252911180257797,0.8602661490440369,0.6514877080917358
YDR296W,YAL017W,0,2.3903587,0.12251251935958862,0.8602661490440369,0.6515882611274719
YPR024W,YHL027W,0,2.39002,0.12249594181776047,0.8602661490440369,0.6516887545585632
YML032C,YDR226W,0,2.3895254,0.12247936427593231,0.8602661490440369,0.6517893075942993
YGR180C,YER002W,0,2.3891957,0.12246278673410416,0.8602661490440369,0.6518898010253906
YAL038W,YLR164W,0,2.3885088,0.1224462166428566,0.8602661490440369,0.6519903540611267
YMR146C,YHR135C,0,2.3882952,0.12242965400218964,0.8602661490440369,0.652090847492218
YBL058W,YNL281W,0,2.3881361,0.12241309136152267,0.8602661490440369,0.6521914005279541
YDR414C,YER019C-A,0,2.3881242,0.12239653617143631,0.8602661490440369,0.6522918939590454
YJL191W,YOR219C,0,2.3880558,0.12237998843193054,0.8602661490440369,0.6523924469947815
YMR172W,YDR449C,0,2.3877804,0.12236344069242477,0.8602661490440369,0.6524929404258728
YLR300W,YPL273W,0,2.3876753,0.1223469004034996,0.8602661490440369,0.6525934934616089
YFL002W-B,YHR085W,0,2.3876662,0.12233036011457443,0.8602661490440369,0.6526939868927002
YBR118W,YMR213W,0,2.387621,0.12231382727622986,0.8602661490440369,0.6527945399284363
YDL061C,YCL034W,0,2.3874469,0.12229729443788528,0.8602661490440369,0.6528950333595276
YLR330W,YLR350W,0,2.3872528,0.1222807765007019,0.8602661490440369,0.6529955863952637
YOR323C,YPR119W,0,2.3871708,0.12226425111293793,0.8602661490440369,0.653096079826355
YLR165C,YGL037C,0,2.386856,0.12224774062633514,0.8602661490440369,0.6531966328620911
YKR056W,YLR020C,0,2.3867695,0.12223122268915176,0.8602661490440369,0.6532971262931824
YLR206W,YAL024C,0,2.3857203,0.12221471965312958,0.8602661490440369,0.6533976793289185
YKL161C,YFL048C,0,2.3857017,0.12219821661710739,0.8602661490440369,0.6534981727600098
YPL167C,YIL047C,0,2.3850691,0.1221817210316658,0.8602661490440369,0.6535987257957458
YDR076W,YKL094W,0,2.3848474,0.12216522544622421,0.8602661490440369,0.6536992192268372
YKL126W,YEL053C,0,2.3847513,0.12214873731136322,0.8602661490440369,0.6537997722625732
YMR169C,YDR496C,0,2.3846567,0.12213225662708282,0.8602661490440369,0.6539002656936646
YNL079C,YNL230C,0,2.3844976,0.12211577594280243,0.8602661490440369,0.6540008187294006
YLR047C,YML036W,0,2.3841898,0.12209929525852203,0.8602661490440369,0.6541013121604919
YGL174W,YNR060W,0,2.3838155,0.12208282947540283,0.8602661490440369,0.654201865196228
YBR274W,YBL028C,0,2.3836715,0.12206636369228363,0.8602661490440369,0.6543023586273193
YNL110C,YNL122C,0,2.3833642,0.12204989790916443,0.8602661490440369,0.6544029116630554
YFR021W,YMR038C,0,2.3833232,0.12203343957662582,0.8602661490440369,0.6545034050941467
YJL114W,YFR052W,0,2.3828888,0.12201698869466782,0.8602661490440369,0.6546039581298828
YBR177C,YDL015C,0,2.382246,0.12200053781270981,0.8602661490440369,0.6547044515609741
YJR040W,YMR267W,0,2.3821697,0.1219840943813324,0.8602661490440369,0.6548050045967102
YOL004W,YDR195W,1,2.3819442,0.12210242450237274,0.8612167239189148,0.6548050045967102
YDL202W,YEL070W,0,2.3816762,0.12208597362041473,0.8612167239189148,0.6549054980278015
YPL110C,YBL113C,0,2.3814394,0.12206952273845673,0.8612167239189148,0.6550060510635376
YBR081C,YMR193W,0,2.3814025,0.12205307930707932,0.8612167239189148,0.6551065444946289
YOR251C,YDR444W,0,2.3808215,0.1220366358757019,0.8612167239189148,0.655207097530365
YMR194W,YML132W,0,2.3805165,0.12202019989490509,0.8612167239189148,0.6553075909614563
YGL026C,YOL040C,0,2.3804076,0.12200377136468887,0.8612167239189148,0.6554081439971924
YFL057C,YIL076W,0,2.3796244,0.12198734283447266,0.8612167239189148,0.6555086374282837
YBR026C,YPL208W,0,2.3795006,0.12197092175483704,0.8612167239189148,0.6556091904640198
YDR034C,YIL133C,0,2.378876,0.12195450067520142,0.8612167239189148,0.6557096838951111
YOR054C,YKL174C,0,2.378586,0.12193808704614639,0.8612167239189148,0.6558102369308472
YIL088C,YGL148W,0,2.3785748,0.12192168086767197,0.8612167239189148,0.6559107303619385
YDR403W,YLR301W,0,2.3785121,0.12190527468919754,0.8612167239189148,0.6560112833976746
YDL022W,YOR382W,0,2.3783326,0.12188887596130371,0.8612167239189148,0.6561117768287659
YPL083C,YGR077C,0,2.3781822,0.12187247723340988,0.8612167239189148,0.656212329864502
YER022W,YCR011C,0,2.37808,0.12185608595609665,0.8612167239189148,0.6563128232955933
YDL215C,YLR028C,0,2.377973,0.12183970212936401,0.8612167239189148,0.6564133763313293
YLR401C,YJL134W,0,2.3778605,0.12182331830263138,0.8612167239189148,0.6565138697624207
YOL158C,YOR393W,0,2.3776731,0.12180693447589874,0.8612167239189148,0.6566144227981567
YBL112C,YNR010W,0,2.3773375,0.1217905655503273,0.8612167239189148,0.656714916229248
YHL034C,YJR130C,0,2.3772578,0.12177419662475586,0.8612167239189148,0.6568154692649841
YEL070W,YMR160W,0,2.3769531,0.12175782769918442,0.8612167239189148,0.6569159626960754
YMR061W,YDR240C,0,2.3767912,0.12174146622419357,0.8612167239189148,0.6570164561271667
YPL167C,YNL026W,0,2.3764095,0.12172511219978333,0.8612167239189148,0.6571170091629028
YDR144C,YPL098C,0,2.3763573,0.12170875817537308,0.8612167239189148,0.6572175025939941
YGL225W,YOL004W,0,2.3759305,0.12169241160154343,0.8612167239189148,0.6573180556297302
YBR150C,YNL080C,0,2.3744755,0.12167606502771378,0.8612167239189148,0.6574185490608215
YOR393W,YHR168W,0,2.3736575,0.12165972590446472,0.8612167239189148,0.6575191020965576
YLR289W,YIR032C,0,2.3732183,0.12164339423179626,0.8612167239189148,0.6576195955276489
YGR282C,YPL042C,0,2.3728223,0.12162706255912781,0.8612167239189148,0.657720148563385
YGL207W,YBR049C,1,2.3726149,0.12174496799707413,0.8621672987937927,0.657720148563385
YKL020C,YDL022W,0,2.3725457,0.12172862887382507,0.8621672987937927,0.6578206419944763
YNL208W,YLR151C,0,2.372483,0.12171228975057602,0.8621672987937927,0.6579211950302124
YGR077C,YAL040C,0,2.3724225,0.12169595807790756,0.8621672987937927,0.6580216884613037
YNL314W,YML028W,0,2.3723114,0.1216796338558197,0.8621672987937927,0.6581222414970398
YGR112W,YGR118W,0,2.3720727,0.12166330963373184,0.8621672987937927,0.6582227349281311
YFR021W,YEL022W,0,2.3719583,0.12164699286222458,0.8621672987937927,0.6583232879638672
YDR285W,YGR032W,0,2.3718834,0.12163068354129791,0.8621672987937927,0.6584237813949585
YMR173W,YIR032C,0,2.3718584,0.12161437422037125,0.8621672987937927,0.6585243344306946
YDR473C,YHR061C,0,2.3717544,0.12159807235002518,0.8621672987937927,0.6586248278617859
YHR164C,YOR209C,0,2.3715465,0.12158177047967911,0.8621672987937927,0.658725380897522
YOL129W,YIL002C,0,2.3714035,0.12156547605991364,0.8621672987937927,0.6588258743286133
YIR018W,YGL004C,0,2.370982,0.12154918164014816,0.8621672987937927,0.6589264273643494
YML071C,YKL096W-A,0,2.3702238,0.12153289467096329,0.8621672987937927,0.6590269207954407
YML036W,YDR218C,0,2.3697138,0.12151661515235901,0.8621672987937927,0.6591274738311768
YPR024W,YFR045W,0,2.3693893,0.12150033563375473,0.8621672987937927,0.6592279672622681
YNL163C,YEL029C,0,2.369123,0.12148406356573105,0.8621672987937927,0.6593285202980042
YCL074W,YOL165C,0,2.3689566,0.12146779149770737,0.8621672987937927,0.6594290137290955
YJR147W,YLR353W,0,2.3688774,0.12145152688026428,0.8621672987937927,0.6595295667648315
YMR089C,YKL203C,0,2.3687203,0.1214352622628212,0.8621672987937927,0.6596300601959229
YCL074W,YMR169C,0,2.3683677,0.1214190125465393,0.8621672987937927,0.6597306132316589
YJR083C,YLR264W,0,2.3683171,0.12140275537967682,0.8621672987937927,0.6598311066627502
YPR182W,YPL011C,0,2.36827,0.12138651311397552,0.8621672987937927,0.6599316596984863
YBR182C,YOR219C,0,2.3680506,0.12137026339769363,0.8621672987937927,0.6600321531295776
YDR030C,YMR173W,0,2.3676167,0.12135402858257294,0.8621672987937927,0.6601327061653137
YMR168C,YHR056C,0,2.3671644,0.12133779376745224,0.8621672987937927,0.660233199596405
YMR089C,YMR008C,0,2.3671322,0.12132155895233154,0.8621672987937927,0.6603337526321411
YMR210W,YFL021W,0,2.367045,0.12130533903837204,0.8621672987937927,0.6604342460632324
YGR199W,YJL081C,0,2.3667605,0.12128911167383194,0.8621672987937927,0.6605347990989685
YBR187W,YDL148C,0,2.3665614,0.12127289921045303,0.8621672987937927,0.6606352925300598
YOR159C,YMR284W,0,2.3663769,0.12125668674707413,0.8621672987937927,0.6607358455657959
YBL005W-B,YER154W,0,2.366297,0.12124047428369522,0.8621672987937927,0.6608363389968872
YER164W,YDR176W,1,2.3661978,0.12135792523622513,0.8631178736686707,0.6608363389968872
YMR218C,YGL183C,0,2.3661964,0.12134170532226562,0.8631178736686707,0.6609368920326233
YDR138W,YFR052W,0,2.3661385,0.12132549285888672,0.8631178736686707,0.6610373854637146
YKR056W,YDL039C,0,2.3660505,0.12130928784608841,0.8631178736686707,0.6611379384994507
YLL051C,YHR179W,0,2.365896,0.1212930828332901,0.8631178736686707,0.661238431930542
YKL126W,YLR390W,0,2.365795,0.12127687782049179,0.8631178736686707,0.6613389849662781
YGL256W,YGR214W,0,2.3654432,0.12126068025827408,0.8631178736686707,0.6614394783973694
YMR276W,YKL186C,0,2.3653808,0.12124449014663696,0.8631178736686707,0.6615400314331055
YPR144C,YFL066C,0,2.3653665,0.12122830748558044,0.8631178736686707,0.6616405248641968
YDL040C,YJL176C,0,2.3653514,0.12121212482452393,0.8631178736686707,0.6617410778999329
YJL114W,YOL141W,0,2.3651068,0.12119594216346741,0.8631178736686707,0.6618415713310242
YDL054C,YLR316C,0,2.3649127,0.12117976695299149,0.8631178736686707,0.6619421243667603
YMR093W,YJR103W,0,2.3648438,0.12116359919309616,0.8631178736686707,0.6620426177978516
YNL027W,YNL121C,0,2.3645334,0.12114743143320084,0.8631178736686707,0.6621431708335876
YNL027W,YKR035W-A,0,2.3645334,0.12113127112388611,0.8631178736686707,0.662243664264679
YKL126W,YGL241W,0,2.3637967,0.12111511081457138,0.8631178736686707,0.662344217300415
YLR165C,YOR351C,0,2.363659,0.12109895795583725,0.8631178736686707,0.6624447107315063
YMR241W,YNL050C,0,2.363424,0.12108281254768372,0.8631178736686707,0.6625452637672424
YOL108C,YDR516C,1,2.3629732,0.12120000272989273,0.8640684485435486,0.6625452637672424
YHL034C,YNL078W,0,2.3625045,0.121183842420578,0.8640684485435486,0.6626457571983337
YDL107W,YOL111C,0,2.362431,0.12116768956184387,0.8640684485435486,0.6627463102340698
YDR296W,YKL117W,0,2.3622534,0.12115153670310974,0.8640684485435486,0.6628468036651611
YGR112W,YBR187W,0,2.362115,0.12113539129495621,0.8640684485435486,0.6629472970962524
YLR401C,YPL082C,0,2.3620777,0.12111925333738327,0.8640684485435486,0.6630478501319885
YDR195W,YCR040W,1,2.3619535,0.12123634666204453,0.8650190234184265,0.6630478501319885
YBR261C,YFR052W,0,2.3617163,0.1212201938033104,0.8650190234184265,0.6631483435630798
YBR177C,YNL044W,0,2.3608174,0.12120404839515686,0.8650190234184265,0.6632488965988159
YDR229W,YJR031C,0,2.3607888,0.12118791043758392,0.8650190234184265,0.6633493900299072
YBR120C,YAL016W,0,2.3603163,0.12117177248001099,0.8650190234184265,0.6634499430656433
YNL102W,YHR214C-B,0,2.3601768,0.12115564197301865,0.8650190234184265,0.6635504364967346
YGR105W,YLR151C,0,2.360086,0.1211395114660263,0.8650190234184265,0.6636509895324707
YHR164C,YPL218W,0,2.359763,0.12112338840961456,0.8650190234184265,0.663751482963562
YKR057W,YIL083C,0,2.359697,0.12110726535320282,0.8650190234184265,0.6638520359992981
YIL140W,YKR028W,0,2.3596368,0.12109114974737167,0.8650190234184265,0.6639525294303894
YHR175W,YBR287W,0,2.3595872,0.12107504159212112,0.8650190234184265,0.6640530824661255
YLR389C,YLR350W,0,2.3595586,0.12105893343687057,0.8650190234184265,0.6641535758972168
YFR031C,YPL167C,0,2.3592749,0.12104283273220062,0.8650190234184265,0.6642541289329529
YNL172W,YDL039C,0,2.3585293,0.12102673202753067,0.8650190234184265,0.6643546223640442
YGL122C,YBL011W,0,2.3583467,0.12101063877344131,0.8650190234184265,0.6644551753997803
YLR285W,YPL129W,0,2.3582845,0.12099454551935196,0.8650190234184265,0.6645556688308716
YLR329W,YMR145C,0,2.3580937,0.1209784597158432,0.8650190234184265,0.6646562218666077
YJL114W,YKL013C,0,2.3579535,0.12096238136291504,0.8650190234184265,0.664756715297699
YLR153C,YOR226C,0,2.357831,0.12094630300998688,0.8650190234184265,0.6648572683334351
YGR134W,YPR065W,1,2.3576877,0.12106312066316605,0.8659695982933044,0.6648572683334351
YML049C,YBR145W,0,2.3575292,0.12104703485965729,0.8659695982933044,0.6649577617645264
YPL213W,YFR033C,0,2.3572571,0.12103095650672913,0.8659695982933044,0.6650583148002625
YBR183W,YGR010W,0,2.3568907,0.12101487815380096,0.8659695982933044,0.6651588082313538
YJR151C,YMR039C,0,2.3568642,0.1209988072514534,0.8659695982933044,0.6652593612670898
YKL190W,YOR226C,0,2.3568256,0.12098273634910583,0.8659695982933044,0.6653598546981812
YGR056W,YGR255C,0,2.3566747,0.12096667289733887,0.8659695982933044,0.6654604077339172
YHR175W,YDR337W,0,2.355795,0.1209506094455719,0.8659695982933044,0.6655609011650085
YDR460W,YDR043C,1,2.3556805,0.12106730043888092,0.8669201731681824,0.6655609011650085
YER175C,YBR243C,0,2.3553174,0.12105123698711395,0.8669201731681824,0.6656614542007446
YLR203C,YPL050C,0,2.354994,0.12103516608476639,0.8669201731681824,0.6657619476318359
YIL076W,YNL284C,0,2.3540874,0.12101911008358002,0.8669201731681824,0.665862500667572
YNL309W,YBL028C,0,2.353767,0.12100305408239365,0.8669201731681824,0.6659629940986633
YDR026C,YOR287C,0,2.353734,0.12098699808120728,0.8669201731681824,0.6660635471343994
YBR059C,YNL219C,0,2.353664,0.1209709495306015,0.8669201731681824,0.6661640405654907
YNL314W,YIL143C,1,2.3534904,0.12108753621578217,0.8678707480430603,0.6661640405654907
YHL034C,YKR026C,0,2.3533883,0.1210714727640152,0.8678707480430603,0.6662645936012268
YLL034C,YBR128C,0,2.35234,0.12105542421340942,0.8678707480430603,0.6663650870323181
YCL014W,YPL274W,0,2.3521814,0.12103937566280365,0.8678707480430603,0.6664656400680542
YJL110C,YOR298C-A,1,2.351306,0.12115588784217834,0.8688212633132935,0.6664656400680542
YPL064C,YGR105W,0,2.351152,0.12113982439041138,0.8688212633132935,0.6665661334991455
YHR047C,YLR047C,0,2.3505495,0.1211237758398056,0.8688212633132935,0.6666666865348816
YDR518W,YKL038W,0,2.3504012,0.12110772728919983,0.8688212633132935,0.6667671799659729
YHR175W,YOR226C,0,2.3501873,0.12109167873859406,0.8688212633132935,0.666867733001709
YBR287W,YBL034C,0,2.3501163,0.12107563763856888,0.8688212633132935,0.6669682264328003
YLR417W,YGR122W,1,2.3499718,0.12119205296039581,0.8697718381881714,0.6669682264328003
YOR239W,YNL175C,0,2.3499665,0.12117600440979004,0.8697718381881714,0.6670687794685364
YDL055C,YGL174W,0,2.3497643,0.12115995585918427,0.8697718381881714,0.6671692728996277
YDR461W,YBL034C,0,2.3497167,0.12114391475915909,0.8697718381881714,0.6672698259353638
YGL209W,YKR057W,0,2.3495536,0.12112788110971451,0.8697718381881714,0.6673703193664551
YGR034W,YPL208W,0,2.3493857,0.12111184746026993,0.8697718381881714,0.6674708724021912
YEL052W,YDR353W,0,2.3491948,0.12109582126140594,0.8697718381881714,0.6675713658332825
YLR020C,YJL178C,0,2.3490236,0.12107979506254196,0.8697718381881714,0.6676719188690186
YLR165C,YDR281C,0,2.3488872,0.12106377631425858,0.8697718381881714,0.6677724123001099
YOR301W,YHR079C,0,2.3488731,0.12104775756597519,0.8697718381881714,0.667872965335846
YGR105W,YBR031W,0,2.3486676,0.1210317462682724,0.8697718381881714,0.6679734587669373
YNL079C,YPL218W,0,2.3486428,0.12101573497056961,0.8697718381881714,0.6680740118026733
YOL043C,YFL054C,0,2.348575,0.12099973857402802,0.8697718381881714,0.6681745052337646
YHR029C,YCL008C,0,2.3484578,0.12098373472690582,0.8697718381881714,0.6682750582695007
YLR157C,YLR404W,0,2.3481448,0.12096773833036423,0.8697718381881714,0.668375551700592
YOR142W,YLR359W,0,2.3477159,0.12095174938440323,0.8697718381881714,0.6684761047363281
YGL233W,YJL085W,0,2.3474686,0.12093576788902283,0.8697718381881714,0.6685765981674194
YAL060W,YPL150W,0,2.3473656,0.12091978639364243,0.8697718381881714,0.6686770915985107
YOL086C,YJR004C,0,2.3473072,0.12090380489826202,0.8697718381881714,0.6687776446342468
YOR048C,YPL235W,1,2.347273,0.12101995199918747,0.8707224130630493,0.6687776446342468
YLR291C,YFL001W,0,2.3468874,0.12100396305322647,0.8707224130630493,0.6688781380653381
YFR021W,YFL017W-A,0,2.3463693,0.12098798155784607,0.8707224130630493,0.6689786911010742
YPL188W,YFR019W,0,2.3457978,0.12097200006246567,0.8707224130630493,0.6690791845321655
YDR026C,YDR296W,0,2.345724,0.12095602601766586,0.8707224130630493,0.6691797375679016
YLR429W,YPL188W,0,2.3451447,0.12094005942344666,0.8707224130630493,0.6692802309989929
YOR216C,YLR264W,0,2.3451433,0.12092409282922745,0.8707224130630493,0.669380784034729
YOR099W,YLR316C,0,2.3445673,0.12090813368558884,0.8707224130630493,0.6694812774658203
YMR300C,YGR214W,0,2.3444405,0.12089217454195023,0.8707224130630493,0.6695818305015564
YOL158C,YKR026C,0,2.3443928,0.12087622284889221,0.8707224130630493,0.6696823239326477
YPR030W,YJL130C,0,2.3443875,0.1208602711558342,0.8707224130630493,0.6697828769683838
YEL031W,YOR126C,0,2.3442626,0.12084432691335678,0.8707224130630493,0.6698833703994751
YOR283W,YGR276C,0,2.3439162,0.12082839012145996,0.8707224130630493,0.6699839234352112
YNL095C,YNL273W,0,2.3437257,0.12081245332956314,0.8707224130630493,0.6700844168663025
YJL155C,YKL003C,0,2.3435576,0.12079651653766632,0.8707224130630493,0.6701849699020386
YLR395C,YOL026C,0,2.3435183,0.1207805871963501,0.8707224130630493,0.6702854633331299
YGR251W,YNR021W,0,2.3433309,0.12076466530561447,0.8707224130630493,0.670386016368866
YMR315W,YEL031W,0,2.3432698,0.12074875086545944,0.8707224130630493,0.6704865097999573
YMR013C,YNL147W,0,2.342876,0.12073282897472382,0.8707224130630493,0.6705870628356934
YLR157C,YBR276C,0,2.34284,0.12071692198514938,0.8707224130630493,0.6706875562667847
YBR183W,YOL028C,0,2.3427715,0.12070101499557495,0.8707224130630493,0.6707881093025208
YGL236C,YNL006W,0,2.3426285,0.12068511545658112,0.8707224130630493,0.6708886027336121
YDR371W,YDR494W,0,2.3420768,0.12066921591758728,0.8707224130630493,0.6709891557693481
YNL095C,YCR046C,0,2.3417785,0.12065331637859344,0.8707224130630493,0.6710896492004395
YGR179C,YPR159W,0,2.341723,0.1206374317407608,0.8707224130630493,0.6711902022361755
YBR002C,YMR008C,0,2.3413055,0.12062153965234756,0.8707224130630493,0.6712906956672668
YGR032W,YNL309W,0,2.3409748,0.12060566246509552,0.8707224130630493,0.6713912487030029
YDL028C,YGR179C,0,2.3407097,0.12058978527784348,0.8707224130630493,0.6714917421340942
YNL117W,YHR082C,0,2.340591,0.12057390809059143,0.8707224130630493,0.6715922951698303
YGR238C,YKR006C,0,2.3405743,0.12055803835391998,0.8707224130630493,0.6716927886009216
YJR051W,YKL186C,0,2.3405516,0.12054217606782913,0.8707224130630493,0.6717933416366577
YOR349W,YOR098C,0,2.340351,0.12052631378173828,0.8707224130630493,0.671893835067749
YER103W,YGL237C,0,2.3400564,0.12051045894622803,0.8707224130630493,0.6719943881034851
YMR176W,YJR130C,0,2.3400466,0.12049460411071777,0.8707224130630493,0.6720948815345764
YHR005C-A,YGR199W,0,2.339897,0.12047875672578812,0.8707224130630493,0.6721954345703125
YNL084C,YAL039C,0,2.3397884,0.12046291679143906,0.8707224130630493,0.6722959280014038
YGR214W,YBL079W,0,2.3397589,0.12044707685709,0.8707224130630493,0.6723964810371399
YGR072W,YBR010W,0,2.3396928,0.12043123692274094,0.8707224130630493,0.6724969744682312
YBR081C,YHR004C,0,2.3396091,0.12041540443897247,0.8707224130630493,0.6725975275039673
YBR182C,YDR216W,1,2.3394566,0.12053102254867554,0.8716729879379272,0.6725975275039673
YCL025C,YLR024C,0,2.3394282,0.12051518261432648,0.8716729879379272,0.6726980209350586
YJL053W,YDR281C,0,2.339178,0.12049934267997742,0.8716729879379272,0.6727985739707947
YGL186C,YBR276C,0,2.3391528,0.12048351019620895,0.8716729879379272,0.672899067401886
YPR149W,YBL089W,0,2.3390508,0.12046768516302109,0.8716729879379272,0.6729996204376221
YMR039C,YDR403W,0,2.3383608,0.12045186012983322,0.8716729879379272,0.6731001138687134
YBR198C,YLR115W,1,2.3382065,0.12056737393140793,0.8726235628128052,0.6731001138687134
YHR012W,YJR053W,0,2.3380694,0.12055154144763947,0.8726235628128052,0.6732006669044495
YMR046C,YBR141C,0,2.3377514,0.1205357164144516,0.8726235628128052,0.6733011603355408
YOR323C,YDR137W,0,2.337657,0.12051989138126373,0.8726235628128052,0.6734017133712769
YGR180C,YNL223W,0,2.3374188,0.12050406634807587,0.8726235628128052,0.6735022068023682
YHR056C,YLR325C,0,2.3368118,0.1204882562160492,0.8726235628128052,0.6736027598381042
YKL090W,YOR294W,0,2.3367817,0.12047243863344193,0.8726235628128052,0.6737032532691956
YMR112C,YLR348C,0,2.3365526,0.12045663595199585,0.8726235628128052,0.6738038063049316
YNL095C,YKL189W,0,2.3364134,0.12044082581996918,0.8726235628128052,0.673904299736023
YPR167C,YLR160C,0,2.3363688,0.1204250305891037,0.8726235628128052,0.674004852771759
YLR113W,YGL203C,0,2.3362157,0.12040923535823822,0.8726235628128052,0.6741053462028503
YGR199W,YNR072W,0,2.33614,0.12039344012737274,0.8726235628128052,0.6742058992385864
YPR119W,YLL061W,0,2.33607,0.12037765234708786,0.8726235628128052,0.6743063926696777
YLR141W,YPL110C,0,2.3357823,0.12036187201738358,0.8726235628128052,0.6744069457054138
YGL010W,YFR019W,0,2.335558,0.12034609168767929,0.8726235628128052,0.6745074391365051
YOL155C,YML036W,0,2.3348038,0.1203303188085556,0.8726235628128052,0.6746079325675964
YPL127C,YPL139C,0,2.3345299,0.12031454592943192,0.8726235628128052,0.6747084856033325
YMR308C,YGR239C,0,2.3343532,0.12029878050088882,0.8726235628128052,0.6748089790344238
YBR006W,YDR076W,0,2.3341243,0.12028302252292633,0.8726235628128052,0.6749095320701599
YBR067C,YMR186W,0,2.3340616,0.12026725709438324,0.8726235628128052,0.6750100255012512
YPL163C,YNL182C,0,2.3330421,0.12025150656700134,0.8726235628128052,0.6751105785369873
YMR308C,YGR276C,0,2.3329766,0.12023575603961945,0.8726235628128052,0.6752110719680786
YBR067C,YKL124W,0,2.3322878,0.12022001296281815,0.8726235628128052,0.6753116250038147
YDR530C,YDR207C,0,2.3321464,0.12020426988601685,0.8726235628128052,0.675412118434906
YBR177C,YGR145W,0,2.3315368,0.12018853425979614,0.8726235628128052,0.6755126714706421
YER162C,YNL284C,0,2.3314438,0.12017279863357544,0.8726235628128052,0.6756131649017334
YJL194W,YJL206C,0,2.331273,0.12015707045793533,0.8726235628128052,0.6757137179374695
YBL068W,YML039W,0,2.3310163,0.12014134228229523,0.8726235628128052,0.6758142113685608
YDR371W,YCL014W,0,2.3309574,0.12012562155723572,0.8726235628128052,0.6759147644042969
YOL112W,YGR077C,0,2.3309178,0.12010990083217621,0.8726235628128052,0.6760152578353882
YIL108W,YPR159W,0,2.3306584,0.1200941950082779,0.8726235628128052,0.6761158108711243
YJL166W,YOL090W,0,2.33036,0.12007848173379898,0.8726235628128052,0.6762163043022156
YOR291W,YIR038C,0,2.3297331,0.12006277590990067,0.8726235628128052,0.6763168573379517
YNR013C,YGL216W,0,2.3297088,0.12004707753658295,0.8726235628128052,0.676417350769043
YDR410C,YKR035W-A,0,2.3296125,0.12003137916326523,0.8726235628128052,0.676517903804779
YDR083W,YNL304W,0,2.3291194,0.1200156882405281,0.8726235628128052,0.6766183972358704
YGR229C,YKL144C,0,2.3286963,0.11999999731779099,0.8726235628128052,0.6767189502716064
YGR034W,YDL039C,0,2.3285458,0.11998431384563446,0.8726235628128052,0.6768194437026978
YER101C,YKL001C,0,2.3285246,0.11996863782405853,0.8726235628128052,0.6769199967384338
YER138C,YOL104C,0,2.328052,0.1199529618024826,0.8726235628128052,0.6770204901695251
YDL198C,YBR141C,0,2.327931,0.11993728578090668,0.8726235628128052,0.6771210432052612
YIL095W,YCR087C-A,0,2.327765,0.11992161720991135,0.8726235628128052,0.6772215366363525
YGR163W,YGR104C,1,2.3277571,0.12003657221794128,0.8735741376876831,0.6772215366363525
YER185W,YNL010W,0,2.3271625,0.12002089619636536,0.8735741376876831,0.6773220896720886
YNL302C,YHR085W,0,2.3271055,0.12000522017478943,0.8735741376876831,0.6774225831031799
YOR206W,YMR159C,0,2.3270817,0.1199895516037941,0.8735741376876831,0.677523136138916
YOL052C,YLR325C,0,2.3270516,0.11997389048337936,0.8735741376876831,0.6776236295700073
YJL214W,YER002W,0,2.3270388,0.11995822936296463,0.8735741376876831,0.6777241826057434
YMR112C,YNL080C,0,2.3268359,0.1199425756931305,0.8735741376876831,0.6778246760368347
YNL304W,YPR152C,0,2.3261168,0.11992692202329636,0.8735741376876831,0.6779252290725708
YGL050W,YPL218W,0,2.3257906,0.11991127580404282,0.8735741376876831,0.6780257225036621
YDR028C,YNL139C,1,2.3256464,0.12002608925104141,0.874524712562561,0.6780257225036621
YIL080W,YLR301W,0,2.3256314,0.12001043558120728,0.874524712562561,0.6781262755393982
YDL215C,YLR270W,0,2.3253355,0.11999478191137314,0.874524712562561,0.6782267689704895
YDL055C,YOL136C,0,2.325261,0.1199791356921196,0.874524712562561,0.6783273220062256
YBR154C,YLR451W,1,2.324969,0.12009388208389282,0.875475287437439,0.6783273220062256
YDR064W,YER087W,0,2.3246486,0.12007822841405869,0.875475287437439,0.6784278154373169
YPR196W,YDL227C,0,2.3241591,0.12006257474422455,0.875475287437439,0.678528368473053
YMR228W,YNL110C,0,2.3239563,0.12004692107439041,0.875475287437439,0.6786288619041443
YLR151C,YFL021W,0,2.3238502,0.12003127485513687,0.875475287437439,0.6787294149398804
YBR274W,YLR187W,0,2.3235683,0.12001563608646393,0.875475287437439,0.6788299083709717
YMR241W,YBR145W,0,2.3233573,0.11999999731779099,0.875475287437439,0.6789304614067078
YOL124C,YDL170W,0,2.3231192,0.11998436599969864,0.875475287437439,0.6790309548377991
YHR164C,YGR034W,0,2.3230329,0.11996873468160629,0.875475287437439,0.6791315078735352
YNL010W,YHR058C,0,2.3227983,0.11995311081409454,0.875475287437439,0.6792320013046265
YDR131C,YLL061W,0,2.3225064,0.11993749439716339,0.875475287437439,0.6793325543403625
YMR008C,YBR170C,0,2.321997,0.11992187798023224,0.875475287437439,0.6794330477714539
YER145C,YDR226W,0,2.3217344,0.11990626156330109,0.875475287437439,0.6795336008071899
YDR351W,YFL048C,0,2.321721,0.11989065259695053,0.875475287437439,0.6796340942382812
YGR044C,YER022W,1,2.3215227,0.12000520527362823,0.8764258623123169,0.6796340942382812
YGL010W,YDR226W,0,2.3212647,0.11998958885669708,0.8764258623123169,0.6797346472740173
YNL073W,YJL095W,0,2.3210108,0.11997397243976593,0.8764258623123169,0.6798351407051086
YBR271W,YPL007C,0,2.320991,0.11995836347341537,0.8764258623123169,0.6799356937408447
YBR275C,YOR216C,0,2.3209293,0.11994276195764542,0.8764258623123169,0.680036187171936
YDR082W,YDR254W,0,2.3205283,0.11992716044187546,0.8764258623123169,0.6801367402076721
YER098W,YOR393W,0,2.3202977,0.1199115589261055,0.8764258623123169,0.6802372336387634
YHR179W,YLR164W,0,2.3202932,0.11989597231149673,0.8764258623123169,0.6803377270698547
YDL165W,YMR312W,1,2.32029,0.12001039832830429,0.8773764371871948,0.6803377270698547
YLR244C,YMR186W,0,2.320002,0.11999479681253433,0.8773764371871948,0.6804382801055908
YGR258C,YPL104W,0,2.3195987,0.11997920274734497,0.8773764371871948,0.6805387735366821
YNL008C,YHR057C,0,2.319461,0.11996360868215561,0.8773764371871948,0.6806393265724182
YEL069C,YNL078W,0,2.3194432,0.11994801461696625,0.8773764371871948,0.6807398200035095
YKL170W,YOR378W,0,2.3194122,0.11993243545293808,0.8773764371871948,0.6808403730392456
YDR351W,YLR042C,0,2.3191035,0.11991684883832932,0.8773764371871948,0.6809408664703369
YOR071C,YKR002W,0,2.3182936,0.11990126967430115,0.8773764371871948,0.681041419506073
YHR214C-B,YAL040C,0,2.3182175,0.11988569796085358,0.8773764371871948,0.6811419129371643
YMR112C,YHR004C,0,2.3173254,0.119870126247406,0.8773764371871948,0.6812424659729004
YEL031W,YDL028C,0,2.317133,0.11985456198453903,0.8773764371871948,0.6813429594039917
YDL206W,YJL128C,0,2.316953,0.11983900517225266,0.8773764371871948,0.6814435124397278
YGR036C,YGR255C,0,2.3169332,0.11982344835996628,0.8773764371871948,0.6815440058708191
YPR080W,YGL019W,0,2.3168075,0.1198078915476799,0.8773764371871948,0.6816445589065552
YNL127W,YDL055C,0,2.3167512,0.11979234218597412,0.8773764371871948,0.6817450523376465
YLR256W,YFL039C,1,2.3165216,0.11990656703710556,0.8783270120620728,0.6817450523376465
YFL048C,YDL225W,0,2.3162987,0.11989101022481918,0.8783270120620728,0.6818456053733826
YGR214W,YLR088W,0,2.3162045,0.1198754534125328,0.8783270120620728,0.6819460988044739
YBR150C,YMR145C,0,2.3161783,0.11985990405082703,0.8783270120620728,0.68204665184021
YLL045C,YJR051W,0,2.3159902,0.11984435468912125,0.8783270120620728,0.6821471452713013
YMR099C,YKL003C,0,2.3159375,0.11982881277799606,0.8783270120620728,0.6822476983070374
YJL155C,YHR168W,0,2.315785,0.11981327831745148,0.8783270120620728,0.6823481917381287
YOR378W,YGR134W,0,2.315765,0.11979774385690689,0.8783270120620728,0.6824487447738647
YPR200C,YGL226C-A,0,2.3156295,0.1197822168469429,0.8783270120620728,0.682549238204956
YIL128W,YOR298W,0,2.3155885,0.11976668983697891,0.8783270120620728,0.6826497912406921
YKL174C,YKL182W,0,2.3154385,0.11975116282701492,0.8783270120620728,0.6827502846717834
YPL147W,YDR498C,0,2.314991,0.11973565071821213,0.8783270120620728,0.6828508377075195
YCL036W,YMR065W,0,2.314275,0.11972013115882874,0.8783270120620728,0.6829513311386108
YOR126C,YBR145W,0,2.3137126,0.11970462650060654,0.8783270120620728,0.6830518841743469
YDR137W,YNL238W,0,2.313634,0.11968912184238434,0.8783270120620728,0.6831523776054382
YPL134C,YLR224W,0,2.3128977,0.11967361718416214,0.8783270120620728,0.6832529306411743
YPL147W,YKL001C,0,2.3127692,0.11965811997652054,0.8783270120620728,0.6833534240722656
YOL141W,YDR310C,0,2.3125358,0.11964262276887894,0.8783270120620728,0.6834539771080017
YNL178W,YFL014W,0,2.312511,0.11962713301181793,0.8783270120620728,0.683554470539093
YBL005W-B,YPL083C,0,2.3121052,0.11961165070533752,0.8783270120620728,0.6836550235748291
YMR169C,YMR267W,0,2.3118849,0.11959616839885712,0.8783270120620728,0.6837555170059204
YDR072C,YMR228W,0,2.311582,0.1195806935429573,0.8783270120620728,0.6838560700416565
YLR344W,YNL230C,0,2.3107324,0.1195652186870575,0.8783270120620728,0.6839565634727478
YOR147W,YHR174W,0,2.3107002,0.11954975128173828,0.8783270120620728,0.6840571165084839
YER101C,YKR102W,0,2.3105965,0.11953428387641907,0.8783270120620728,0.6841576099395752
YPR191W,YER087C-B,0,2.3097992,0.11951882392168045,0.8783270120620728,0.6842581629753113
YIL142W,YAL063C,0,2.309617,0.11950336396694183,0.8783270120620728,0.6843586564064026
YBL058W,YNL298W,0,2.3095675,0.11948791146278381,0.8783270120620728,0.6844592094421387
YJL171C,YBR276C,0,2.3093944,0.1194724589586258,0.8783270120620728,0.68455970287323
YBL041W,YOR216C,0,2.3091004,0.11945701390504837,0.8783270120620728,0.6846602559089661
YDL133C-A,YDL022W,0,2.3083115,0.11944156885147095,0.8783270120620728,0.6847607493400574
YGR145W,YDR508C,0,2.3077216,0.11942613124847412,0.8783270120620728,0.6848613023757935
YEL069C,YOR285W,0,2.3076916,0.11941070109605789,0.8783270120620728,0.6849617958068848
YHR060W,YGR145W,0,2.3074284,0.11939527094364166,0.8783270120620728,0.6850623488426208
YNL202W,YBL089W,0,2.3072522,0.11937984824180603,0.8783270120620728,0.6851628422737122
YGR225W,YNR017W,0,2.307136,0.1193644255399704,0.8783270120620728,0.6852633953094482
YER171W,YHR187W,1,2.3069108,0.11947817355394363,0.8792775869369507,0.6852633953094482
YOR176W,YDL024C,0,2.3068168,0.1194627434015274,0.8792775869369507,0.6853638887405396
YGR216C,YKL210W,0,2.3062458,0.11944731324911118,0.8792775869369507,0.6854644417762756
YMR168C,YCL018W,0,2.3062406,0.11943189054727554,0.8792775869369507,0.6855649352073669
YDL107W,YMR319C,0,2.306126,0.11941647529602051,0.8792775869369507,0.685665488243103
YOL158C,YGL030W,0,2.305473,0.11940106004476547,0.8792775869369507,0.6857659816741943
YMR218C,YMR296C,0,2.3053832,0.11938564479351044,0.8792775869369507,0.6858665347099304
YBL112C,YMR194W,0,2.3051162,0.1193702444434166,0.8792775869369507,0.6859670281410217
YMR272C,YNR044W,0,2.304674,0.11935483664274216,0.8792775869369507,0.686067521572113
YJL112W,YEL022W,0,2.3046536,0.11933944374322891,0.8792775869369507,0.6861680746078491
YDL245C,YMR143W,0,2.3045025,0.11932404339313507,0.8792775869369507,0.6862685680389404
YOR219C,YHR079C,0,2.3043253,0.11930865794420242,0.8792775869369507,0.6863691210746765
YLR103C,YER104W,0,2.3036382,0.11929326504468918,0.8792775869369507,0.6864696145057678
YDL061C,YDR222W,0,2.303618,0.11927788704633713,0.8792775869369507,0.6865701675415039
YPR191W,YFL017W-A,0,2.3032272,0.11926250904798508,0.8792775869369507,0.6866706609725952
YJR057W,YIL159W,0,2.3030653,0.11924713104963303,0.8792775869369507,0.6867712140083313
YKL093W,YDL045C,0,2.3025954,0.11923176050186157,0.8792775869369507,0.6868717074394226
YDL045W-A,YHR059W,0,2.3024821,0.11921639740467072,0.8792775869369507,0.6869722604751587
YBL113C,YDR140W,0,2.3020568,0.11920103430747986,0.8792775869369507,0.68707275390625
YOL010W,YNL070W,0,2.3015401,0.119185671210289,0.8792775869369507,0.6871733069419861
YDR310C,YKR101W,0,2.30153,0.11917031556367874,0.8792775869369507,0.6872738003730774
YKR071C,YMR146C,0,2.3013244,0.11915496736764908,0.8792775869369507,0.6873743534088135
YOR353C,YOR008C,0,2.3007755,0.11913961917161942,0.8792775869369507,0.6874748468399048
YIL142W,YOR142W,0,2.3007128,0.11912427842617035,0.8792775869369507,0.6875753998756409
YHR060W,YDL055C,0,2.3005123,0.11910893768072128,0.8792775869369507,0.6876758933067322
YKL126W,YLR020C,0,2.300474,0.11909360438585281,0.8792775869369507,0.6877764463424683
YDR371W,YDL133C-A,0,2.299703,0.11907827109098434,0.8792775869369507,0.6878769397735596
YPL163C,YLR389C,0,2.2995567,0.11906294524669647,0.8792775869369507,0.6879774928092957
YCL004W,YFR033C,0,2.2995267,0.1190476194024086,0.8792775869369507,0.688077986240387
YPR113W,YGR113W,0,2.2993312,0.11903230100870132,0.8792775869369507,0.688178539276123
YDL227C,YIL042C,0,2.2992067,0.11901698261499405,0.8792775869369507,0.6882790327072144
YNL274C,YJL213W,0,2.299079,0.11900167167186737,0.8792775869369507,0.6883795857429504
YLL027W,YGL174W,0,2.2984443,0.11898636817932129,0.8792775869369507,0.6884800791740417
YFL057C,YGL071W,0,2.2977657,0.11897106468677521,0.8792775869369507,0.6885806322097778
YDL246C,YMR238W,0,2.2977126,0.11895576119422913,0.8792775869369507,0.6886811256408691
YOR292C,YER165W,0,2.2976952,0.11894046515226364,0.8792775869369507,0.6887816786766052
YDL133C-A,YHR060W,0,2.297682,0.11892517656087875,0.8792775869369507,0.6888821721076965
YBR196C,YER049W,0,2.29712,0.11890988796949387,0.8792775869369507,0.6889827251434326
YGL220W,YDL115C,1,2.2965026,0.11902313679456711,0.8802281618118286,0.6889827251434326
YNL309W,YKR102W,0,2.2961783,0.11900784075260162,0.8802281618118286,0.6890832185745239
YAL060W,YLL033W,0,2.296155,0.11899254471063614,0.8802281618118286,0.68918377161026
YNL131W,YDR062W,0,2.2960374,0.11897725611925125,0.8802281618118286,0.6892842650413513
YOR317W,YNL258C,0,2.2958205,0.11896197497844696,0.8802281618118286,0.6893848180770874
YNL084C,YBL092W,0,2.295216,0.11894669383764267,0.8802281618118286,0.6894853115081787
YOL004W,YDR169C,1,2.2952003,0.11905985325574875,0.8811787366867065,0.6894853115081787
YNL302C,YNL259C,0,2.294818,0.11904456466436386,0.8811787366867065,0.6895858645439148
YPL027W,YGL259W,0,2.2944574,0.11902927607297897,0.8811787366867065,0.6896863579750061
YBR282W,YFL010W-A,0,2.2944458,0.11901399493217468,0.8811787366867065,0.6897869110107422
YDR415C,YDR332W,0,2.2941658,0.11899871379137039,0.8811787366867065,0.6898874044418335
YLL002W,YPL082C,0,2.2939925,0.1189834401011467,0.8811787366867065,0.6899879574775696
YPL213W,YFL033C,0,2.293953,0.1189681738615036,0.8811787366867065,0.6900884509086609
YJR057W,YLR300W,0,2.2938185,0.1189529076218605,0.8811787366867065,0.690189003944397
YIR038C,YGL190C,0,2.293763,0.11893764138221741,0.8811787366867065,0.6902894973754883
YDL171C,YNL290W,0,2.2937016,0.11892238259315491,0.8811787366867065,0.6903900504112244
YDR083W,YBR282W,0,2.2936409,0.118907131254673,0.8811787366867065,0.6904905438423157
YNL163C,YJL095W,0,2.2934074,0.1188918799161911,0.8811787366867065,0.6905910968780518
YLR289W,YDR530C,0,2.2927165,0.1188766360282898,0.8811787366867065,0.6906915903091431
YLR050C,YOR351C,0,2.2923796,0.11886139214038849,0.8811787366867065,0.6907921433448792
YOR304C-A,YGR036C,0,2.2921638,0.11884615570306778,0.8811787366867065,0.6908926367759705
YBR042C,YAL039C,0,2.2915323,0.11883091926574707,0.8811787366867065,0.6909931898117065
YOL141W,YML073C,0,2.2915096,0.11881569027900696,0.8811787366867065,0.6910936832427979
YOL057W,YKL007W,0,2.2907674,0.11880046129226685,0.8811787366867065,0.6911942362785339
YPL122C,YJR040W,0,2.2907577,0.11878523975610733,0.8811787366867065,0.6912947297096252
YGR288W,YLR157C,0,2.2905796,0.11877001821994781,0.8811787366867065,0.6913952827453613
YLR206W,YGR143W,0,2.2902474,0.1187548041343689,0.8811787366867065,0.6914957761764526
YIR039C,YFL001W,0,2.2899253,0.11873959004878998,0.8811787366867065,0.6915963292121887
YPL134C,YEL040W,0,2.2892375,0.11872438341379166,0.8811787366867065,0.69169682264328
YOR251C,YGL148W,0,2.2875626,0.11870918422937393,0.8811787366867065,0.6917973756790161
YIL134W,YMR176W,0,2.2870553,0.11869398504495621,0.8811787366867065,0.6918978691101074
YPL276W,YLR312W-A,0,2.286867,0.11867878586053848,0.8811787366867065,0.6919983625411987
YER050C,YGL170C,0,2.2866797,0.11866359412670135,0.8811787366867065,0.6920989155769348
YPL213W,YEL022W,0,2.28658,0.11864840984344482,0.8811787366867065,0.6921994090080261
YDR229W,YPR160W,0,2.2857544,0.1186332255601883,0.8811787366867065,0.6922999620437622
YOR054C,YPL244C,0,2.2853994,0.11861804127693176,0.8811787366867065,0.6924004554748535
YGL226C-A,YHR168W,0,2.2851942,0.11860286444425583,0.8811787366867065,0.6925010085105896
YPL134C,YMR300C,0,2.284675,0.11858769506216049,0.8811787366867065,0.6926015019416809
YPL112C,YBR096W,0,2.2841406,0.11857252568006516,0.8811787366867065,0.692702054977417
YJR082C,YFR033C,0,2.2839298,0.11855736374855042,0.8811787366867065,0.6928025484085083
YOR071C,YNL073W,0,2.2831855,0.11854220181703568,0.8811787366867065,0.6929031014442444
YNL127W,YKL124W,0,2.282517,0.11852703988552094,0.8811787366867065,0.6930035948753357
YMR321C,YBR276C,0,2.2822495,0.11851189285516739,0.8811787366867065,0.6931041479110718
YCL008C,YKL201C,0,2.282119,0.11849673837423325,0.8811787366867065,0.6932046413421631
YGR238C,YPL065W,0,2.2819302,0.1184815987944603,0.8811787366867065,0.6933051943778992
YGR105W,YCR002C,0,2.2818322,0.11846645176410675,0.8811787366867065,0.6934056878089905
YNL131W,YNL073W,0,2.2817369,0.1184513196349144,0.8811787366867065,0.6935062408447266
YGR171C,YIL076W,0,2.281657,0.11843618005514145,0.8811787366867065,0.6936067342758179
YOL165C,YGL183C,0,2.281539,0.1184210553765297,0.8811787366867065,0.693707287311554
YBL041W,YBR274W,0,2.2814932,0.11840592324733734,0.8811787366867065,0.6938077807426453
YMR173W,YDR392W,0,2.2814374,0.11839080601930618,0.8811787366867065,0.6939083337783813
YOR311C,YOR180C,0,2.2814221,0.11837568879127502,0.8811787366867065,0.6940088272094727
YGL014W,YOR298W,0,2.281179,0.11836057156324387,0.8811787366867065,0.6941093802452087
YDR304C,YGR246C,0,2.2807975,0.1183454617857933,0.8811787366867065,0.6942098736763
YKL090W,YPL150W,0,2.2803586,0.11833035200834274,0.8811787366867065,0.6943104267120361
YMR114C,YIL047C,0,2.280353,0.11831524968147278,0.8811787366867065,0.6944109201431274
YLR330W,YJL082W,0,2.2802813,0.11830015480518341,0.8811787366867065,0.6945114731788635
YDR378C,YOR147W,0,2.2802,0.11828505992889404,0.8811787366867065,0.6946119666099548
YMR038C,YDR146C,0,2.280046,0.11826996505260468,0.8811787366867065,0.6947125196456909
YMR300C,YOR204W,0,2.279996,0.1182548776268959,0.8811787366867065,0.6948130130767822
YDL059C,YOR261C,0,2.2799907,0.11823979765176773,0.8811787366867065,0.6949135661125183
YNL073W,YNR021W,0,2.2797365,0.11822471767663956,0.8811787366867065,0.6950140595436096
YKL160W,YMR021C,1,2.2795134,0.11833716183900833,0.8821292519569397,0.6950140595436096
YLL017W,YNL121C,0,2.2793684,0.11832206696271896,0.8821292519569397,0.6951146125793457
YGR112W,YDR159W,0,2.2793634,0.11830698698759079,0.8821292519569397,0.695215106010437
YOR020C,YIL133C,0,2.2792718,0.11829190701246262,0.8821292519569397,0.6953156590461731
YCR093W,YBR238C,0,2.279041,0.11827682703733444,0.8821292519569397,0.6954161524772644
YDR371W,YER138C,0,2.2789748,0.11826175451278687,0.8821292519569397,0.6955167055130005
YIR039C,YDR218C,0,2.2787802,0.11824668943881989,0.8821292519569397,0.6956171989440918
YGR180C,YGR020C,0,2.2785969,0.1182316243648529,0.8821292519569397,0.6957177519798279
YGL068W,YBR061C,0,2.2785373,0.11821655929088593,0.8821292519569397,0.6958182454109192
YOR323C,YPL119C,0,2.2785358,0.11820150166749954,0.8821292519569397,0.6959187984466553
YIL159W,YMR295C,0,2.2777157,0.11818645149469376,0.8821292519569397,0.6960192918777466
YGR282C,YIL132C,0,2.2777073,0.11817140132188797,0.8821292519569397,0.6961198449134827
YHR109W,YFR019W,0,2.2776973,0.11815635114908218,0.8821292519569397,0.696220338344574
YER087W,YPL218W,0,2.2775223,0.118141308426857,0.8821292519569397,0.6963208913803101
YER022W,YGR036C,0,2.2774434,0.1181262731552124,0.8821292519569397,0.6964213848114014
YBL041W,YKL064W,0,2.2763355,0.11811123788356781,0.8821292519569397,0.6965219378471375
YBL093C,YGL150C,1,2.2763064,0.11822346597909927,0.8830798268318176,0.6965219378471375
YBR002C,YDL133C-A,0,2.275928,0.11820842325687408,0.8830798268318176,0.6966224312782288
YIL088C,YGL170C,0,2.2754958,0.1181933805346489,0.8830798268318176,0.6967229843139648
YFR021W,YBR276C,0,2.2753305,0.1181783452630043,0.8830798268318176,0.6968234777450562
YIL159W,YOL090W,0,2.2753248,0.11816331744194031,0.8830798268318176,0.6969240307807922
YMR020W,YDL045W-A,0,2.2748291,0.11814828962087631,0.8830798268318176,0.6970245242118835
YOL129W,YBR150C,0,2.2747142,0.11813326179981232,0.8830798268318176,0.6971250772476196
YJR057W,YPR171W,0,2.2745664,0.11811824887990952,0.8830798268318176,0.6972255706787109
YLR024C,YJR026W,0,2.2744591,0.11810322850942612,0.8830798268318176,0.697326123714447
YLR113W,YLR088W,0,2.2743692,0.11808821558952332,0.8830798268318176,0.6974266171455383
YBL076C,YLR016C,0,2.2722716,0.11807321012020111,0.8830798268318176,0.6975271701812744
YLR047C,YDL216C,0,2.2721565,0.1180582046508789,0.8830798268318176,0.6976276636123657
YMR276W,YGL122C,0,2.2717552,0.1180431991815567,0.8830798268318176,0.697728157043457
YPL230W,YNR010W,1,2.2717009,0.11815525591373444,0.8840304017066956,0.697728157043457
YMR089C,YER171W,0,2.2716932,0.11814024299383163,0.8840304017066956,0.6978287100791931
YOR274W,YBR222C,0,2.271341,0.11812523752450943,0.8840304017066956,0.6979292035102844
YDR233C,YHL027W,0,2.271213,0.11811023950576782,0.8840304017066956,0.6980297565460205
YMR272C,YJL128C,0,2.2711647,0.11809524148702621,0.8840304017066956,0.6981302499771118
YDL140C,YJL176C,0,2.2711072,0.1180802434682846,0.8840304017066956,0.6982308030128479
YNL282W,YDR364C,0,2.2709434,0.1180652529001236,0.8840304017066956,0.6983312964439392
YER017C,YEL070W,0,2.2709286,0.11805026978254318,0.8840304017066956,0.6984318494796753
YLR228C,YNL070W,0,2.2706578,0.11803528666496277,0.8840304017066956,0.6985323429107666
YPR196W,YMR319C,0,2.2704246,0.11802030354738235,0.8840304017066956,0.6986328959465027
YJL030W,YIL006W,0,2.2694654,0.11800532788038254,0.8840304017066956,0.698733389377594
YNL178W,YNL219C,0,2.2685018,0.11799035966396332,0.8840304017066956,0.6988339424133301
YBR125C,YDR351W,0,2.2681775,0.1179753914475441,0.8840304017066956,0.6989344358444214
YPL276W,YOR123C,0,2.2678623,0.11796042323112488,0.8840304017066956,0.6990349888801575
YNL309W,YNL298W,0,2.2678514,0.11794546246528625,0.8840304017066956,0.6991354823112488
YDR518W,YJR036C,0,2.2676992,0.11793050915002823,0.8840304017066956,0.6992360353469849
YJR004C,YML028W,0,2.2669027,0.1179155558347702,0.8840304017066956,0.6993365287780762
YBR278W,YJR149W,0,2.2668161,0.11790060997009277,0.8840304017066956,0.6994370818138123
YMR039C,YFL017W-A,0,2.2662516,0.11788566410541534,0.8840304017066956,0.6995375752449036
YCL074W,YBL068W,0,2.266242,0.11787072569131851,0.8840304017066956,0.6996381282806396
YMR284W,YKL061W,0,2.2660332,0.11785578727722168,0.8840304017066956,0.699738621711731
YER168C,YHR051W,0,2.2659597,0.11784084886312485,0.8840304017066956,0.699839174747467
YLL051C,YDR310C,0,2.2658901,0.11782592535018921,0.8840304017066956,0.6999396681785583
YNL131W,YNL175C,0,2.2657483,0.11781099438667297,0.8840304017066956,0.7000402212142944
YDR470C,YIL048W,0,2.2652788,0.11779607087373734,0.8840304017066956,0.7001407146453857
YPL134C,YAR035W,0,2.2652633,0.1177811548113823,0.8840304017066956,0.7002412676811218
YOR243C,YML099C,0,2.2651744,0.11776623874902725,0.8840304017066956,0.7003417611122131
YMR315W,YGR052W,0,2.2645893,0.11775133013725281,0.8840304017066956,0.7004423141479492
YJL066C,YDR410C,0,2.2642317,0.11773642152547836,0.8840304017066956,0.7005428075790405
YKR103W,YOR180C,0,2.2641962,0.11772152036428452,0.8840304017066956,0.7006433606147766
YDL028C,YGR271W,0,2.2637622,0.11770661920309067,0.8840304017066956,0.7007438540458679
YKL094W,YDR470C,0,2.2633724,0.11769172549247742,0.8840304017066956,0.700844407081604
YJL087C,YBR125C,0,2.2629075,0.11767683178186417,0.8840304017066956,0.7009449005126953
YGR238C,YKL206C,0,2.2628477,0.11766194552183151,0.8840304017066956,0.7010454535484314
YGR199W,YGR271W,0,2.2627873,0.11764705926179886,0.8840304017066956,0.7011459469795227
YOR210W,YPL046C,1,2.2627304,0.11775866150856018,0.8849809765815735,0.7011459469795227
YKL161C,YNL223W,0,2.2626412,0.11774376779794693,0.8849809765815735,0.7012465000152588
YAL024C,YLR268W,0,2.2625859,0.11772888153791428,0.8849809765815735,0.7013469934463501
YMR182C,YBL076C,0,2.2625637,0.11771399527788162,0.8849809765815735,0.7014475464820862
YGR144W,YBR257W,0,2.2624545,0.11769911646842957,0.8849809765815735,0.7015480399131775
YBR052C,YGL163C,0,2.2624183,0.11768423765897751,0.8849809765815735,0.7016485929489136
YER151C,YEL031W,0,2.262004,0.11766936630010605,0.8849809765815735,0.7017490863800049
YDR205W,YMR033W,0,2.2617865,0.11765449494123459,0.8849809765815735,0.701849639415741
YPL252C,YHR077C,0,2.261375,0.11763962358236313,0.8849809765815735,0.7019501328468323
YHR069C,YNL302C,0,2.2610831,0.11762475967407227,0.8849809765815735,0.7020506858825684
YDR449C,YGL259W,0,2.2609007,0.117609903216362,0.8849809765815735,0.7021511793136597
YNL172W,YGL190C,0,2.2607477,0.11759504675865173,0.8849809765815735,0.7022517323493958
YOL112W,YNL223W,0,2.2605584,0.11758019775152206,0.8849809765815735,0.7023522257804871
YDL015C,YNL016W,0,2.259639,0.1175653487443924,0.8849809765815735,0.7024527788162231
YNL261W,YBL091C-A,0,2.2595048,0.11755050718784332,0.8849809765815735,0.7025532722473145
YKL053C-A,YLR164W,0,2.2595046,0.11753566563129425,0.8849809765815735,0.7026538252830505
YIL134W,YLR103C,0,2.2594948,0.11752083152532578,0.8849809765815735,0.7027543187141418
YDR476C,YDL077C,0,2.2593126,0.1175059974193573,0.8849809765815735,0.7028548717498779
YLL019C,YIL048W,0,2.259244,0.11749116331338882,0.8849809765815735,0.7029553651809692
YEL037C,YPR200C,0,2.2591271,0.11747634410858154,0.8849809765815735,0.7030559182167053
YLR289W,YMR210W,0,2.2587328,0.11746151745319366,0.8849809765815735,0.7031564116477966
YLR270W,YBL098W,0,2.258574,0.11744669824838638,0.8849809765815735,0.7032569646835327
YPL129W,YDR404C,1,2.258553,0.11755802482366562,0.8859315514564514,0.7032569646835327
YLR028C,YCR052W,0,2.2579947,0.11754319816827774,0.8859315514564514,0.703357458114624
YMR123W,YNL026W,0,2.257612,0.11752837151288986,0.8859315514564514,0.7034580111503601
YGL112C,YIL170W,0,2.2574291,0.11751355230808258,0.8859315514564514,0.7035585045814514
YMR312W,YOL028C,1,2.2566948,0.11762481182813644,0.8868821263313293,0.7035585045814514
YDR028C,YMR037C,1,2.2563124,0.11773604154586792,0.8878327012062073,0.7035585045814514
YKL217W,YLR389C,0,2.2563095,0.11772119998931885,0.8878327012062073,0.7036589980125427
YMR241W,YDR451C,0,2.2560263,0.11770636588335037,0.8878327012062073,0.7037595510482788
YGL225W,YOR351C,0,2.255662,0.1176915317773819,0.8878327012062073,0.7038600444793701
YLR005W,YDL083C,0,2.2555137,0.11767670512199402,0.8878327012062073,0.7039605975151062
YJR017C,YER159C,1,2.2554426,0.11778785288333893,0.8887832760810852,0.7039605975151062
YPL099C,YLL027W,0,2.2553687,0.11777301877737045,0.8887832760810852,0.7040610909461975
YJR010W,YPL188W,0,2.255341,0.11775818467140198,0.8887832760810852,0.7041616439819336
YGR281W,YKR002W,0,2.254837,0.1177433580160141,0.8887832760810852,0.7042621374130249
YLL033W,YDL170W,0,2.2539701,0.11772853136062622,0.8887832760810852,0.704362690448761
YBR260C,YNL230C,0,2.2539215,0.11771371215581894,0.8887832760810852,0.7044631838798523
YDR371W,YLL002W,0,2.2532322,0.11769889295101166,0.8887832760810852,0.7045637369155884
YBR275C,YLR026C,0,2.2531312,0.11768408119678497,0.8887832760810852,0.7046642303466797
YEL070W,YGR276C,0,2.2529197,0.11766926944255829,0.8887832760810852,0.7047647833824158
YLR203C,YNR004W,0,2.2520523,0.1176544576883316,0.8887832760810852,0.7048652768135071
YNR006W,YPR030W,0,2.251865,0.11763966083526611,0.8887832760810852,0.7049658298492432
YNL182C,YKL003C,0,2.251803,0.11762485653162003,0.8887832760810852,0.7050663232803345
YCL036W,YKL166C,0,2.2517807,0.11761005967855453,0.8887832760810852,0.7051668763160706
YDR285W,YBR274W,0,2.2516606,0.11759527027606964,0.8887832760810852,0.7052673697471619
YLR256W-A,YMR136W,0,2.2516356,0.11758048087358475,0.8887832760810852,0.705367922782898
YDR423C,YDL108W,1,2.2513328,0.11769143491983414,0.8897338509559631,0.705367922782898
YCL074W,YPR001W,0,2.2511137,0.11767663806676865,0.8897338509559631,0.7054684162139893
YCR093W,YGL225W,0,2.2505465,0.11766184866428375,0.8897338509559631,0.7055689692497253
YKR035W-A,YMR213W,0,2.2504573,0.11764705926179886,0.8897338509559631,0.7056694626808167
YBR243C,YDR497C,0,2.2504232,0.11763226985931396,0.8897338509559631,0.7057700157165527
YMR179W,YDR464W,1,2.2503936,0.11774314939975739,0.8906844258308411,0.7057700157165527
YPL147W,YPL093W,0,2.2497272,0.11772835999727249,0.8906844258308411,0.705870509147644
YNL010W,YBR172C,0,2.2495258,0.1177135705947876,0.8906844258308411,0.7059710621833801
YGR095C,YKL205W,0,2.2495112,0.1176987811923027,0.8906844258308411,0.7060715556144714
YLR130C,YJR053W,0,2.2493362,0.11768399924039841,0.8906844258308411,0.7061721086502075
YKL009W,YLR164W,0,2.2482438,0.11766921728849411,0.8906844258308411,0.7062726020812988
YML071C,YKL001C,0,2.2477808,0.11765444278717041,0.8906844258308411,0.7063731551170349
YNR003C,YIL047C,0,2.2475686,0.11763967573642731,0.8906844258308411,0.7064736485481262
YML028W,YDR240C,0,2.2470543,0.1176249086856842,0.8906844258308411,0.7065742015838623
YHR041C,YFL033C,0,2.2470033,0.1176101416349411,0.8906844258308411,0.7066746950149536
YJL124C,YLR153C,0,2.2469926,0.1175953820347786,0.8906844258308411,0.7067752480506897
YHR214C-B,YMR246W,0,2.246338,0.11758062243461609,0.8906844258308411,0.706875741481781
YDL133C-A,YMR176W,0,2.2462606,0.11756587028503418,0.8906844258308411,0.7069762945175171
YER022W,YJR083C,0,2.245592,0.11755112558603287,0.8906844258308411,0.7070767879486084
YER055C,YPL200W,0,2.2447486,0.11753638088703156,0.8906844258308411,0.7071773409843445
YPL235W,YML036W,1,2.2447462,0.11764705926179886,0.891635000705719,0.7071773409843445
YIL134W,YOL112W,0,2.2437463,0.11763230711221695,0.891635000705719,0.7072778344154358
YDR405W,YPL274W,0,2.243524,0.11761755496263504,0.891635000705719,0.7073783874511719
YPL119C,YBR095C,0,2.2433977,0.11760281026363373,0.891635000705719,0.7074788808822632
YHR214C-B,YFL002W-B,0,2.2433612,0.11758806556463242,0.891635000705719,0.7075794339179993
YLL019C,YLR088W,0,2.2432504,0.1175733283162117,0.891635000705719,0.7076799273490906
YFR045W,YML028W,0,2.2430525,0.11755859106779099,0.891635000705719,0.7077804803848267
YNL008C,YNL223W,0,2.2427347,0.11754386126995087,0.891635000705719,0.707880973815918
YJL112W,YML030W,0,2.2420259,0.11752913147211075,0.891635000705719,0.707981526851654
YPL050C,YMR267W,0,2.241603,0.11751440912485123,0.891635000705719,0.7080820202827454
YNL127W,YLR359W,0,2.2415574,0.1174996867775917,0.891635000705719,0.7081825733184814
YKR055W,YMR090W,0,2.2413645,0.11748497188091278,0.891635000705719,0.7082830667495728
YPR200C,YBL091C-A,0,2.241013,0.11747025698423386,0.891635000705719,0.7083836197853088
YDR383C,YLR033W,0,2.2406235,0.11745554953813553,0.891635000705719,0.7084841132164001
YDR034C,YDR472W,0,2.2405443,0.1174408420920372,0.891635000705719,0.7085846662521362
YNL127W,YLR191W,0,2.2404792,0.11742614209651947,0.891635000705719,0.7086851596832275
YOL070C,YPR001W,0,2.2403212,0.11741144210100174,0.891635000705719,0.7087857127189636
YNR074C,YBR202W,0,2.2399414,0.1173967495560646,0.891635000705719,0.7088862061500549
YDR405W,YPL129W,0,2.239298,0.11738205701112747,0.891635000705719,0.708986759185791
YJR021C,YKR101W,0,2.239061,0.11736736446619034,0.891635000705719,0.7090872526168823
YJL140W,YDL083C,0,2.2389612,0.1173526868224144,0.891635000705719,0.7091878056526184
YPR200C,YNL302C,0,2.2388601,0.11733800172805786,0.891635000705719,0.7092882990837097
YPL276W,YJR036C,0,2.2387917,0.11732332408428192,0.891635000705719,0.709388792514801
YBR287W,YOR180C,0,2.2384229,0.11730865389108658,0.891635000705719,0.7094893455505371
YHR214C-B,YKR044W,0,2.2373323,0.11729398369789124,0.891635000705719,0.7095898389816284
YMR013C,YMR078C,0,2.2367992,0.11727932095527649,0.891635000705719,0.7096903920173645
YPL110C,YPL183W-A,0,2.236595,0.11726465821266174,0.891635000705719,0.7097908854484558
YEL052W,YGL233W,0,2.236304,0.1172500029206276,0.891635000705719,0.7098914384841919
YLR005W,YLR266C,1,2.2360525,0.11736033111810684,0.8925855755805969,0.7098914384841919
YDL078C,YBL091C-A,0,2.235537,0.1173456609249115,0.8925855755805969,0.7099919319152832
YNL068C,YJR140C,1,2.2353692,0.11745595186948776,0.8935361504554749,0.7099919319152832
YMR315W,YDL035C,0,2.2348416,0.11744128167629242,0.8935361504554749,0.7100924849510193
YLL061W,YMR143W,0,2.2341862,0.11742661148309708,0.8935361504554749,0.7101929783821106
YNL085W,YER171W,0,2.2340846,0.11741194128990173,0.8935361504554749,0.7102935314178467
YGL062W,YFL045C,0,2.2340724,0.11739727854728699,0.8935361504554749,0.710394024848938
YGL174W,YHR039C-A,0,2.2340646,0.11738261580467224,0.8935361504554749,0.7104945778846741
YDR351W,YPL147W,0,2.2338872,0.11736796051263809,0.8935361504554749,0.7105950713157654
YJL034W,YLL041C,0,2.2335067,0.11735330522060394,0.8935361504554749,0.7106956243515015
YNL079C,YPL223C,0,2.2330828,0.11733865737915039,0.8935361504554749,0.7107961177825928
YDL246C,YGR276C,0,2.233038,0.11732401698827744,0.8935361504554749,0.7108966708183289
YKL170W,YER052C,0,2.231471,0.11730936914682388,0.8935361504554749,0.7109971642494202
YHR012W,YLR206W,0,2.2312424,0.11729473620653152,0.8935361504554749,0.7110977172851562
YPR194C,YOR353C,0,2.2311738,0.11728010326623917,0.8935361504554749,0.7111982107162476
YDR499W,YHR005C-A,0,2.230684,0.11726547032594681,0.8935361504554749,0.7112987637519836
YDR144C,YJR051W,0,2.230219,0.11725084483623505,0.8935361504554749,0.711399257183075
YIR039C,YNL182C,0,2.2300448,0.11723621934652328,0.8935361504554749,0.711499810218811
YMR049C,YPL129W,0,2.2300375,0.11722160130739212,0.8935361504554749,0.7116003036499023
YEL052W,YLR285W,0,2.2298677,0.11720698326826096,0.8935361504554749,0.7117008566856384
YNL314W,YDR421W,1,2.2297673,0.11731704324483871,0.894486665725708,0.7117008566856384
YGL200C,YNR018W,0,2.2294648,0.11730241775512695,0.894486665725708,0.7118013501167297
YBR006W,YLR329W,0,2.2290354,0.11728779971599579,0.894486665725708,0.7119019031524658
YKR019C,YLR278C,0,2.2287765,0.11727318167686462,0.894486665725708,0.7120023965835571
YEL070W,YDL045C,0,2.228685,0.11725856363773346,0.894486665725708,0.7121029496192932
YLR389C,YLR301W,0,2.2281501,0.11724396049976349,0.894486665725708,0.7122034430503845
YDR530C,YGR271W,0,2.227919,0.11722934991121292,0.894486665725708,0.7123039960861206
YDR233C,YBL052C,0,2.2276826,0.11721474677324295,0.894486665725708,0.7124044895172119
YMR137C,YOR285W,0,2.2272377,0.11720015108585358,0.894486665725708,0.712505042552948
YMR238W,YCL052C,0,2.2271624,0.1171855553984642,0.894486665725708,0.7126055359840393
YMR039C,YLR187W,0,2.2270782,0.11717095971107483,0.894486665725708,0.7127060890197754
YPL064C,YJR083C,0,2.227024,0.11715637147426605,0.894486665725708,0.7128065824508667
YIL142W,YIL177C,0,2.2269804,0.11714179068803787,0.894486665725708,0.7129071354866028
YBR125C,YGL216W,0,2.2269504,0.11712720990180969,0.894486665725708,0.7130076289176941
YBR125C,YCR060W,0,2.2264392,0.11711262911558151,0.894486665725708,0.7131081819534302
YGL103W,YNL259C,0,2.2262383,0.11709805577993393,0.894486665725708,0.7132086753845215
YIL088C,YJL066C,0,2.2253017,0.11708348989486694,0.894486665725708,0.7133092284202576
YER154W,YDR429C,0,2.2252889,0.11706892400979996,0.894486665725708,0.7134097218513489
YLL051C,YGL225W,0,2.2250545,0.11705435812473297,0.894486665725708,0.713510274887085
YPR002W,YJL214W,0,2.2248907,0.11703979969024658,0.894486665725708,0.7136107683181763
YNR072W,YKL124W,0,2.2247095,0.11702524870634079,0.894486665725708,0.7137113213539124
YLR206W,YGL226C-A,0,2.2246387,0.1170106902718544,0.894486665725708,0.7138118147850037
YDR371W,YPL151C,0,2.2242668,0.1169961467385292,0.894486665725708,0.7139123678207397
YJR004C,YOR176W,0,2.2240376,0.11698160320520401,0.894486665725708,0.714012861251831
YKL090W,YMR300C,0,2.2233777,0.11696705967187881,0.894486665725708,0.7141134142875671
YDL202W,YFL066C,0,2.2233236,0.11695252358913422,0.894486665725708,0.7142139077186584
YMR020W,YMR143W,0,2.2231512,0.11693798750638962,0.894486665725708,0.7143144607543945
YIR017C,YDR169C,1,2.223102,0.11704771220684052,0.8954372406005859,0.7143144607543945
YPL131W,YOR180C,0,2.2229173,0.11703316867351532,0.8954372406005859,0.7144149541854858
YBL085W,YPL011C,0,2.2220187,0.11701863259077072,0.8954372406005859,0.7145155072212219
YCL074W,YER002W,0,2.2219028,0.11700409650802612,0.8954372406005859,0.7146160006523132
YOL057W,YBL092W,0,2.2203488,0.11698956787586212,0.8954372406005859,0.7147165536880493
YKL180W,YOL062C,0,2.219911,0.11697503924369812,0.8954372406005859,0.7148170471191406
YGR167W,YLR300W,0,2.219387,0.11696051806211472,0.8954372406005859,0.7149176001548767
YKR071C,YOR287C,0,2.219362,0.11694599688053131,0.8954372406005859,0.715018093585968
YDR383C,YLL002W,0,2.2189693,0.1169314831495285,0.8954372406005859,0.7151185870170593
YJR092W,YLR183C,0,2.2180169,0.1169169694185257,0.8954372406005859,0.7152191400527954
YOL155C,YFL021W,0,2.2177656,0.11690245568752289,0.8954372406005859,0.7153196334838867
YJL134W,YGL103W,0,2.21728,0.11688794940710068,0.8954372406005859,0.7154201865196228
YJR026W,YNL208W,0,2.2171042,0.11687345057725906,0.8954372406005859,0.7155206799507141
YKR057W,YBR042C,0,2.2170162,0.11685895174741745,0.8954372406005859,0.7156212329864502
YGR238C,YHR156C,0,2.2169914,0.11684445291757584,0.8954372406005859,0.7157217264175415
YAL038W,YER130C,0,2.21687,0.11682996153831482,0.8954372406005859,0.7158222794532776
YDR423C,YDL047W,0,2.2166028,0.1168154776096344,0.8954372406005859,0.7159227728843689
YML049C,YGR112W,0,2.2159245,0.11680099368095398,0.8954372406005859,0.716023325920105
YGR167W,YJL095W,0,2.215869,0.11678650975227356,0.8954372406005859,0.7161238193511963
YCL024W,YGL019W,0,2.2158163,0.11677203327417374,0.8954372406005859,0.7162243723869324
YGR167W,YOL062C,0,2.215625,0.11675756424665451,0.8954372406005859,0.7163248658180237
YDR460W,YOL101C,0,2.2151792,0.11674308776855469,0.8954372406005859,0.7164254188537598
YEL052W,YHR005C-A,0,2.2149563,0.11672862619161606,0.8954372406005859,0.7165259122848511
YGL026C,YGR134W,0,2.2148852,0.11671416461467743,0.8954372406005859,0.7166264653205872
YGL068W,YFR052W,0,2.214798,0.1166997030377388,0.8954372406005859,0.7167269587516785
YHL034C,YDR138W,0,2.2146506,0.11668524891138077,0.8954372406005859,0.7168275117874146
YLR401C,YBR080C,0,2.2140884,0.11667079478502274,0.8954372406005859,0.7169280052185059
YMR276W,YER087W,0,2.2139611,0.1166563481092453,0.8954372406005859,0.7170285582542419
YIR025W,YDR476C,0,2.2139106,0.11664190143346786,0.8954372406005859,0.7171290516853333
YIL143C,YBL005W-B,0,2.2132382,0.11662746220827103,0.8954372406005859,0.7172296047210693
YLR157C,YMR296C,0,2.2127054,0.11661302298307419,0.8954372406005859,0.7173300981521606
YKL171W,YLR425W,0,2.2126198,0.11659859120845795,0.8954372406005859,0.7174306511878967
YNL236W,YDR062W,0,2.2125132,0.1165841594338417,0.8954372406005859,0.717531144618988
YNL163C,YGR027C,0,2.2124014,0.11656973510980606,0.8954372406005859,0.7176316976547241
YDR310C,YKL067W,0,2.212348,0.11655531078577042,0.8954372406005859,0.7177321910858154
YJL187C,YDR444W,0,2.2117403,0.11654088646173477,0.8954372406005859,0.7178327441215515
YDR285W,YDL078C,0,2.211707,0.11652646958827972,0.8954372406005859,0.7179332375526428
YNR002C,YER190W,0,2.2115805,0.11651206016540527,0.8954372406005859,0.7180337905883789
YGR238C,YBL089W,0,2.2109249,0.11649765074253082,0.8954372406005859,0.7181342840194702
YGL212W,YKL201C,0,2.2109094,0.11648324131965637,0.8954372406005859,0.7182348370552063
YHR214C-B,YIL094C,0,2.2107108,0.11646883934736252,0.8954372406005859,0.7183353304862976
YBR081C,YBL079W,0,2.2104557,0.11645444482564926,0.8954372406005859,0.7184358835220337
YMR193W,YNL080C,0,2.2102327,0.116440050303936,0.8954372406005859,0.718536376953125
YLR344W,YJL128C,0,2.2101197,0.11642565578222275,0.8954372406005859,0.7186369299888611
YDR082W,YFL066C,0,2.210109,0.11641126871109009,0.8954372406005859,0.7187374234199524
YPR204W,YJR051W,0,2.2099714,0.11639688909053802,0.8954372406005859,0.7188379764556885
YHR005C-A,YML006C,0,2.2098603,0.11638250201940536,0.8954372406005859,0.7189384698867798
YPR113W,YHR060W,0,2.2093012,0.1163681298494339,0.8954372406005859,0.7190390229225159
YER049W,YJR053W,0,2.2084928,0.11635375767946243,0.8954372406005859,0.7191395163536072
YAL060W,YMR008C,0,2.208148,0.11633938550949097,0.8954372406005859,0.7192400693893433
YDL084W,YDR196C,0,2.2078936,0.1163250207901001,0.8954372406005859,0.7193405628204346
YDR233C,YIL076W,0,2.2077787,0.11631065607070923,0.8954372406005859,0.7194411158561707
YIL131C,YOL006C,1,2.2075877,0.11641975492238998,0.8963878154754639,0.7194411158561707
YNL258C,YKR069W,0,2.207583,0.11640538275241852,0.8963878154754639,0.719541609287262
YNL236W,YGR285C,0,2.2072098,0.11639101803302765,0.8963878154754639,0.719642162322998
YLR256W-A,YNL307C,0,2.2072024,0.11637665331363678,0.8963878154754639,0.7197426557540894
YPL007C,YBR061C,0,2.2071707,0.11636228859424591,0.8963878154754639,0.7198432087898254
YGR225W,YBR243C,0,2.20715,0.11634793132543564,0.8963878154754639,0.7199437022209167
YGR081C,YOR349W,0,2.2061453,0.11633358150720596,0.8963878154754639,0.7200442552566528
YNL032W,YAR027W,0,2.2059932,0.11631923168897629,0.8963878154754639,0.7201447486877441
YKL201C,YMR065W,0,2.2058628,0.11630488187074661,0.8963878154754639,0.7202453017234802
YDL206W,YKL189W,0,2.2056801,0.11629053950309753,0.8963878154754639,0.7203457951545715
YDR473C,YDL083C,0,2.2050848,0.11627620458602905,0.8963878154754639,0.7204463481903076
YLR113W,YBR215W,1,2.2047315,0.11638515442609787,0.8973383903503418,0.7204463481903076
YDR423C,YIL135C,0,2.2044477,0.11637081205844879,0.8973383903503418,0.7205468416213989
YNL102W,YHR109W,0,2.2044432,0.11635646224021912,0.8973383903503418,0.720647394657135
YOL086C,YOR317W,0,2.2043257,0.11634212732315063,0.8973383903503418,0.7207478880882263
YIL170W,YPL087W,0,2.2041953,0.11632778495550156,0.8973383903503418,0.7208484411239624
YIL017C,YPR072W,1,2.2038875,0.116436667740345,0.8982889652252197,0.7208484411239624
YJL166W,YNR057C,0,2.2035263,0.11642232537269592,0.8982889652252197,0.7209489345550537
YBR177C,YPL259C,0,2.202958,0.11640798300504684,0.8982889652252197,0.721049427986145
YBL098W,YMR229C,0,2.2028282,0.11639364808797836,0.8982889652252197,0.7211499810218811
YGR056W,YOR212W,0,2.2027998,0.11637931317090988,0.8982889652252197,0.7212504744529724
YPR002W,YLR380W,0,2.202444,0.1163649782538414,0.8982889652252197,0.7213510274887085
YEL069C,YLR380W,0,2.2023299,0.11635065078735352,0.8982889652252197,0.7214515209197998
YMR008C,YLR153C,0,2.202119,0.11633633077144623,0.8982889652252197,0.7215520739555359
YLL004W,YGR229C,0,2.2019377,0.11632201075553894,0.8982889652252197,0.7216525673866272
YDL202W,YOR313C,0,2.201609,0.11630769073963165,0.8982889652252197,0.7217531204223633
YCR087C-A,YNR013C,0,2.2012784,0.11629337817430496,0.8982889652252197,0.7218536138534546
YJR119C,YEL031W,0,2.200871,0.11627907305955887,0.8982889652252197,0.7219541668891907
YMR168C,YKR103W,0,2.2004287,0.11626476049423218,0.8982889652252197,0.722054660320282
YDL142C,YCL018W,0,2.2004158,0.11625046283006668,0.8982889652252197,0.7221552133560181
YDR174W,YMR159C,0,2.199778,0.11623616516590118,0.8982889652252197,0.7222557067871094
YGR105W,YNL078W,0,2.1987267,0.11622186750173569,0.8982889652252197,0.7223562598228455
YBR155W,YMR296C,0,2.1982708,0.11620757728815079,0.8982889652252197,0.7224567532539368
YBR118W,YLR033W,0,2.1975212,0.11619328707456589,0.8982889652252197,0.7225573062896729
YPL151C,YJR005W,0,2.197205,0.11617900431156158,0.8982889652252197,0.7226577997207642
YDL078C,YLL055W,0,2.1970906,0.11616472154855728,0.8982889652252197,0.7227583527565002
YKL013C,YNL232W,0,2.197013,0.11615043878555298,0.8982889652252197,0.7228588461875916
YBR002C,YNL238W,0,2.1969044,0.11613617092370987,0.8982889652252197,0.7229593992233276
YCL074W,YLR353W,0,2.1969032,0.11612189561128616,0.8982889652252197,0.723059892654419
YCL025C,YJL144W,0,2.1964073,0.11610762774944305,0.8982889652252197,0.723160445690155
YAL022C,YLR359W,0,2.1963995,0.11609336733818054,0.8982889652252197,0.7232609391212463
YER050C,YDR364C,0,2.1963081,0.11607910692691803,0.8982889652252197,0.7233614921569824
YBL091C-A,YIR032C,0,2.1954699,0.11606484651565552,0.8982889652252197,0.7234619855880737
YPL139C,YJR032W,0,2.1951213,0.1160505935549736,0.8982889652252197,0.7235625386238098
YOR393W,YOR020C,0,2.1945248,0.11603634804487228,0.8982889652252197,0.7236630320549011
YMR020W,YNL283C,0,2.194009,0.11602210253477097,0.8982889652252197,0.7237635850906372
YLR047C,YPR198W,0,2.1934156,0.11600785702466965,0.8982889652252197,0.7238640785217285
YLR176C,YBR095C,1,2.192093,0.11611635982990265,0.8992395401000977,0.7238640785217285
YDR464W,YCR081W,1,2.1920462,0.11622484028339386,0.9001901149749756,0.7238640785217285
YPL147W,YAL017W,0,2.19179,0.11621057987213135,0.9001901149749756,0.7239646315574646
YMR179W,YPL007C,0,2.1912127,0.11619631946086884,0.9001901149749756,0.7240651249885559
YJL141C,YOR020C,0,2.191187,0.11618206650018692,0.9001901149749756,0.724165678024292
YOR283W,YDL245C,0,2.19108,0.116167813539505,0.9001901149749756,0.7242661714553833
YGR258C,YOR047C,1,2.1910596,0.11627621948719025,0.9011406898498535,0.7242661714553833
YOR176W,YML128C,0,2.1906784,0.11626195907592773,0.9011406898498535,0.7243667244911194
YBL041W,YMR270C,0,2.1906092,0.11624769866466522,0.9011406898498535,0.7244672179222107
YPL099C,YJL128C,0,2.189847,0.1162334457039833,0.9011406898498535,0.7245677709579468
YKL117W,YPL027W,0,2.189543,0.11621920019388199,0.9011406898498535,0.7246682643890381
YIR025W,YPR127W,0,2.1894948,0.11620495468378067,0.9011406898498535,0.7247688174247742
YGR255C,YMR099C,0,2.1883955,0.11619070917367935,0.9011406898498535,0.7248693108558655
YGR036C,YPR002W,0,2.1882272,0.11617647111415863,0.9011406898498535,0.7249698638916016
YHR039C-A,YDR364C,0,2.1879146,0.11616223305463791,0.9011406898498535,0.7250703573226929
YOR323C,YGL180W,0,2.18779,0.11614800244569778,0.9011406898498535,0.725170910358429
YKR028W,YOR020C,0,2.187714,0.11613377183675766,0.9011406898498535,0.7252714037895203
YMR228W,YOL158C,0,2.187708,0.11611954867839813,0.9011406898498535,0.7253719568252563
YOR038C,YIL083C,0,2.1873515,0.1161053255200386,0.9011406898498535,0.7254724502563477
YJL034W,YPR152C,0,2.1870708,0.11609110981225967,0.9011406898498535,0.7255730032920837
YDR159W,YJR034W,0,2.1868038,0.11607689410448074,0.9011406898498535,0.725673496723175
YER154W,YMR173W,0,2.1867356,0.11606268584728241,0.9011406898498535,0.7257740497589111
YHR156C,YNL219C,0,2.186616,0.11604847759008408,0.9011406898498535,0.7258745431900024
YNR067C,YJR032W,0,2.186349,0.11603426933288574,0.9011406898498535,0.7259750962257385
YMR136W,YBR037C,0,2.1863403,0.116020068526268,0.9011406898498535,0.7260755896568298
YML039W,YFL021W,0,2.1860921,0.11600587517023087,0.9011406898498535,0.7261761426925659
YMR227C,YLR103C,0,2.1859741,0.11599168181419373,0.9011406898498535,0.7262766361236572
YOR142W,YML036W,0,2.1859455,0.11597748845815659,0.9011406898498535,0.7263771891593933
YDL029W,YFL054C,0,2.185945,0.11596330255270004,0.9011406898498535,0.7264776825904846
YOR071C,YOR145C,0,2.1852956,0.1159491166472435,0.9011406898498535,0.7265782356262207
YBL011W,YMR143W,0,2.1852565,0.11593493819236755,0.9011406898498535,0.726678729057312
YEL070W,YOR349W,0,2.1852236,0.11592075973749161,0.9011406898498535,0.7267792224884033
YLR244C,YML052W,0,2.18463,0.11590658873319626,0.9011406898498535,0.7268797755241394
YLR105C,YIL095W,0,2.1837416,0.11589241772890091,0.9011406898498535,0.7269802689552307
YDR405W,YKL085W,0,2.1834717,0.11587825417518616,0.9011406898498535,0.7270808219909668
YMR269W,YBR238C,0,2.183269,0.1158640906214714,0.9011406898498535,0.7271813154220581
YNL172W,YLR187W,0,2.1829782,0.11584993451833725,0.9011406898498535,0.7272818684577942
YLL051C,YER165W,0,2.1827064,0.1158357784152031,0.9011406898498535,0.7273823618888855
YHR164C,YGR020C,0,2.182149,0.11582162231206894,0.9011406898498535,0.7274829149246216
YCL057W,YNR035C,0,2.1819031,0.11580747365951538,0.9011406898498535,0.7275834083557129
YNL202W,YMR160W,0,2.1817834,0.11579333245754242,0.9011406898498535,0.727683961391449
YBR067C,YIL083C,0,2.1816206,0.11577919125556946,0.9011406898498535,0.7277844548225403
YMR210W,YDL077C,0,2.1815875,0.1157650500535965,0.9011406898498535,0.7278850078582764
YKR102W,YMR115W,0,2.181515,0.11575091630220413,0.9011406898498535,0.7279855012893677
YBL011W,YPL098C,0,2.1815083,0.11573678255081177,0.9011406898498535,0.7280860543251038
YDL045W-A,YPR137W,0,2.181479,0.11572265625,0.9011406898498535,0.7281865477561951
YKR020W,YJL206C,0,2.1809876,0.11570852994918823,0.9011406898498535,0.7282871007919312
YMR284W,YCL052C,0,2.18091,0.11569441109895706,0.9011406898498535,0.7283875942230225
YFR031C,YBL026W,0,2.180573,0.11568029224872589,0.9011406898498535,0.7284881472587585
YNL335W,YNR072W,0,2.1804261,0.11566618084907532,0.9011406898498535,0.7285886406898499
YOR071C,YPR159W,0,2.1801853,0.11565206944942474,0.9011406898498535,0.7286891937255859
YML032C,YJL176C,0,2.1797435,0.11563795804977417,0.9011406898498535,0.7287896871566772
YBR059C,YNL010W,0,2.1797295,0.1156238541007042,0.9011406898498535,0.7288902401924133
YGL254W,YDR176W,1,2.179493,0.11573170870542526,0.9020912647247314,0.7288902401924133
YLR404W,YBR042C,0,2.1793084,0.11571759730577469,0.9020912647247314,0.7289907336235046
YDR373W,YGR185C,0,2.1791408,0.11570348590612411,0.9020912647247314,0.7290912866592407
YOR388C,YLR130C,0,2.1789894,0.11568938195705414,0.9020912647247314,0.729191780090332
YGL237C,YPL244C,0,2.1785383,0.11567527800798416,0.9020912647247314,0.7292923331260681
YLR417W,YAL032C,1,2.1784632,0.11578305810689926,0.9030418395996094,0.7292923331260681
YNL307C,YPL129W,0,2.1784194,0.11576894670724869,0.9030418395996094,0.7293928265571594
YDL133C-A,YPL134C,0,2.1783886,0.11575484275817871,0.9030418395996094,0.7294933795928955
YNL080C,YCR046C,0,2.1777625,0.11574073880910873,0.9030418395996094,0.7295938730239868
YDL054C,YDR457W,0,2.1775892,0.11572664231061935,0.9030418395996094,0.7296944260597229
YEL012W,YGL051W,0,2.1775522,0.11571254581212997,0.9030418395996094,0.7297949194908142
YAL016W,YIL133C,0,2.1775453,0.11569845676422119,0.9030418395996094,0.7298954725265503
YHR132C,YDR170C,0,2.1774626,0.11568436771631241,0.9030418395996094,0.7299959659576416
YOR212W,YNL284C,0,2.1771746,0.11567027866840363,0.9030418395996094,0.7300965189933777
YJR051W,YML039W,0,2.1771123,0.11565619707107544,0.9030418395996094,0.730197012424469
YKR103W,YMR093W,0,2.1770332,0.11564211547374725,0.9030418395996094,0.7302975654602051
YPL163C,YKL130C,0,2.1769645,0.11562804132699966,0.9030418395996094,0.7303980588912964
YDR082W,YOL111C,0,2.1768086,0.11561397463083267,0.9030418395996094,0.7304986119270325
YGL226C-A,YGL019W,0,2.1766882,0.11559990048408508,0.9030418395996094,0.7305991053581238
YMR315W,YKL170W,0,2.176156,0.11558584123849869,0.9030418395996094,0.7306996583938599
YML073C,YDR140W,0,2.176066,0.1155717745423317,0.9030418395996094,0.7308001518249512
YJL112W,YOR313C,0,2.1760495,0.1155577152967453,0.9030418395996094,0.7309007048606873
YOL038W,YML030W,0,2.1760235,0.1155436635017395,0.9030418395996094,0.7310011982917786
YLR187W,YER052C,0,2.175988,0.1155296117067337,0.9030418395996094,0.7311017513275146
YEL069C,YOR176W,0,2.1758473,0.1155155673623085,0.9030418395996094,0.731202244758606
YBR261C,YCL043C,0,2.175807,0.1155015230178833,0.9030418395996094,0.731302797794342
YDR034C,YOR239W,0,2.1753917,0.1154874786734581,0.9030418395996094,0.7314032912254333
YMR112C,YML058W-A,0,2.1752934,0.1154734417796135,0.9030418395996094,0.7315038442611694
YDL133C-A,YMR267W,0,2.175277,0.11545940488576889,0.9030418395996094,0.7316043376922607
YJR055W,YDR285W,0,2.175221,0.11544537544250488,0.9030418395996094,0.7317048907279968
YEL052W,YPR160W,0,2.1750631,0.11543134599924088,0.9030418395996094,0.7318053841590881
YPL064C,YNL259C,0,2.1749907,0.11541732400655746,0.9030418395996094,0.7319059371948242
YLR305C,YNL231C,0,2.1742878,0.11540330201387405,0.9030418395996094,0.7320064306259155
YDL140C,YDL045C,0,2.1741333,0.11538928747177124,0.9030418395996094,0.7321069836616516
YJR034W,YGL259W,0,2.174076,0.11537527292966843,0.9030418395996094,0.7322074770927429
YPL147W,YGR143W,0,2.1740654,0.11536126583814621,0.9030418395996094,0.732308030128479
YOR126C,YOL043C,0,2.1739976,0.11534725874662399,0.9030418395996094,0.7324085235595703
YDR083W,YDL028C,0,2.1739256,0.11533325165510178,0.9030418395996094,0.7325090765953064
YOR304W,YIL076W,0,2.1732614,0.11531925201416016,0.9030418395996094,0.7326095700263977
YER050C,YKL130C,0,2.1729107,0.11530525237321854,0.9030418395996094,0.732710063457489
YDR263C,YGL037C,0,2.17289,0.11529126018285751,0.9030418395996094,0.7328106164932251
YPL274W,YPL087W,0,2.1728232,0.11527727544307709,0.9030418395996094,0.7329111099243164
YDL029W,YGR095C,0,2.172814,0.11526328325271606,0.9030418395996094,0.7330116629600525
YBR081C,YGL035C,1,2.1724765,0.11537061631679535,0.9039924144744873,0.7330116629600525
YJL087C,YOL045W,0,2.1724405,0.11535662412643433,0.9039924144744873,0.7331121563911438
YKL126W,YDL198C,0,2.172438,0.1153426319360733,0.9039924144744873,0.7332127094268799
YDL015C,YDL047W,0,2.1719196,0.11532864719629288,0.9039924144744873,0.7333132028579712
YDL246C,YOR126C,0,2.1711097,0.11531466245651245,0.9039924144744873,0.7334137558937073
YJL024C,YOL062C,0,2.170917,0.11530067771673203,0.9039924144744873,0.7335142493247986
YGR167W,YNL175C,0,2.170693,0.1152867004275322,0.9039924144744873,0.7336148023605347
YLR278C,YML056C,0,2.1705942,0.11527273058891296,0.9039924144744873,0.733715295791626
YNR060W,YGL103W,0,2.1704507,0.11525875329971313,0.9039924144744873,0.7338158488273621
YPR026W,YAL039C,0,2.1700945,0.1152447909116745,0.9039924144744873,0.7339163422584534
YBR195C,YDL171C,0,2.1697688,0.11523082852363586,0.9039924144744873,0.7340168952941895
YBR172C,YFL023W,0,2.169122,0.11521686613559723,0.9039924144744873,0.7341173887252808
YGL062W,YEL041W,0,2.1689415,0.1152029037475586,0.9039924144744873,0.7342179417610168
YBR193C,YCR040W,1,2.168173,0.11531008034944534,0.9049429893493652,0.7342179417610168
YPL119C,YAL031C,0,2.1678019,0.11529611051082611,0.9049429893493652,0.7343184351921082
YJL144W,YBR096W,0,2.1674807,0.11528214812278748,0.9049429893493652,0.7344189882278442
YJL200C,YOR313C,0,2.1672666,0.11526819318532944,0.9049429893493652,0.7345194816589355
YLR401C,YBR192W,0,2.1672406,0.1152542382478714,0.9049429893493652,0.7346200346946716
YML006C,YDL083C,0,2.1672246,0.11524028331041336,0.9049429893493652,0.7347205281257629
YNL219C,YGR027C,0,2.167047,0.11522633582353592,0.9049429893493652,0.734821081161499
YOR212W,YNR044W,0,2.1669881,0.11521239578723907,0.9049429893493652,0.7349215745925903
YGR167W,YDL055C,0,2.1668046,0.11519844830036163,0.9049429893493652,0.7350221276283264
YOL086C,YER098W,0,2.1667902,0.11518451571464539,0.9049429893493652,0.7351226210594177
YBR125C,YPR135W,0,2.1667013,0.11517057567834854,0.9049429893493652,0.7352231740951538
YNL314W,YKL166C,0,2.1665773,0.11515665054321289,0.9049429893493652,0.7353236675262451
YNL182C,YGL148W,0,2.1665366,0.11514271795749664,0.9049429893493652,0.7354242205619812
YIL108W,YKL175W,0,2.166383,0.11512879282236099,0.9049429893493652,0.7355247139930725
YBR128C,YML128C,0,2.166338,0.11511487513780594,0.9049429893493652,0.7356252670288086
YBR115C,YEL041W,0,2.165614,0.11510095745325089,0.9049429893493652,0.7357257604598999
YJR017C,YLR266C,1,2.1644812,0.11520793288946152,0.9058935642242432,0.7357257604598999
YDR210C-C,YKR057W,0,2.1644094,0.11519400775432587,0.9058935642242432,0.735826313495636
YGR169C,YIL079C,0,2.164152,0.11518008261919022,0.9058935642242432,0.7359268069267273
YJL130C,YNR035C,0,2.1640613,0.11516616493463516,0.9058935642242432,0.7360273599624634
YCR020W-B,YPL048W,1,2.163734,0.11527308076620102,0.9068440794944763,0.7360273599624634
YNL172W,YDR205W,0,2.163587,0.11525914818048477,0.9068440794944763,0.7361278533935547
YER050C,YPR137W,0,2.1627355,0.11524523049592972,0.9068440794944763,0.7362284064292908
YNL223W,YFR018C,0,2.1625013,0.11523130536079407,0.9068440794944763,0.7363288998603821
YDR090C,YAR035W,0,2.1621387,0.11521738767623901,0.9068440794944763,0.7364294528961182
YOL045W,YHR109W,0,2.162024,0.11520347744226456,0.9068440794944763,0.7365299463272095
YDR383C,YKR036C,0,2.1618476,0.1151895672082901,0.9068440794944763,0.7366304993629456
YPL139C,YML056C,0,2.1618354,0.11517566442489624,0.9068440794944763,0.7367309927940369
YMR087W,YNL078W,0,2.1615016,0.11516175419092178,0.9068440794944763,0.736831545829773
YLR285W,YGR089W,0,2.1614568,0.11514785885810852,0.9068440794944763,0.7369320392608643
YPL188W,YJR133W,0,2.1612086,0.11513396352529526,0.9068440794944763,0.7370325922966003
YER008C,YHR057C,0,2.1611476,0.115120068192482,0.9068440794944763,0.7371330857276917
YLL002W,YML056C,0,2.1606145,0.11510618031024933,0.9068440794944763,0.7372336387634277
YJL178C,YBL076C,0,2.1601624,0.11509229242801666,0.9068440794944763,0.737334132194519
YNL261W,YNL178W,0,2.16012,0.115078404545784,0.9068440794944763,0.7374346852302551
YNL236W,YER046W,0,2.1598594,0.11506452411413193,0.9068440794944763,0.7375351786613464
YLR244C,YNL080C,0,2.159506,0.11505065113306046,0.9068440794944763,0.7376357316970825
YFR029W,YDL140C,0,2.1593475,0.11503677815198898,0.9068440794944763,0.7377362251281738
YPR035W,YBL068W,0,2.1587775,0.11502290517091751,0.9068440794944763,0.7378367781639099
YKR103W,YDL133C-A,0,2.1578257,0.11500903964042664,0.9068440794944763,0.7379372715950012
YOR071C,YKR056W,0,2.1577864,0.11499518156051636,0.9068440794944763,0.7380378246307373
YGR118W,YFR052W,0,2.1574936,0.11498131603002548,0.9068440794944763,0.7381383180618286
YDR337W,YDR062W,0,2.1573894,0.1149674654006958,0.9068440794944763,0.7382388710975647
YMR089C,YIL177C,0,2.156849,0.11495360732078552,0.9068440794944763,0.738339364528656
YLR208W,YBL028C,0,2.1566434,0.11493975669145584,0.9068440794944763,0.7384398579597473
YMR182C,YML128C,0,2.1566377,0.11492591351270676,0.9068440794944763,0.7385404109954834
YBR196C,YLR404W,0,2.1562428,0.11491207033395767,0.9068440794944763,0.7386409044265747
YGL083W,YAL038W,0,2.1557722,0.11489822715520859,0.9068440794944763,0.7387414574623108
YJL089W,YML127W,1,2.1557503,0.11500481516122818,0.9077946543693542,0.7387414574623108
YLL045C,YBL079W,0,2.1546757,0.1149909719824791,0.9077946543693542,0.7388419508934021
YLR301W,YLL043W,0,2.1543622,0.11497712135314941,0.9077946543693542,0.7389425039291382
YGL207W,YNR010W,1,2.1543324,0.11508366465568542,0.9087452292442322,0.7389425039291382
YGR238C,YBR192W,0,2.154214,0.11506981402635574,0.9087452292442322,0.7390429973602295
YLR182W,YGR238C,0,2.1540866,0.11505596339702606,0.9087452292442322,0.7391435503959656
YML051W,YPR091C,0,2.1534703,0.11504212021827698,0.9087452292442322,0.7392440438270569
YPL016W,YPL086C,1,2.1534522,0.11514859646558762,0.9096958041191101,0.7392440438270569
YEL040W,YBR243C,0,2.1528409,0.11513474583625793,0.9096958041191101,0.739344596862793
YGL010W,YOL052C,0,2.152322,0.11512089520692825,0.9096958041191101,0.7394450902938843
YER175C,YGL236C,0,2.152167,0.11510705202817917,0.9096958041191101,0.7395456433296204
YDR411C,YDR109C,0,2.1520014,0.11509320139884949,0.9096958041191101,0.7396461367607117
YCL008C,YJL079C,0,2.1519198,0.115079365670681,0.9096958041191101,0.7397466897964478
YPL099C,YML030W,0,2.1514869,0.11506552994251251,0.9096958041191101,0.7398471832275391
YBR294W,YJL130C,0,2.1514695,0.11505169421434402,0.9096958041191101,0.7399477362632751
YMR267W,YGR070W,0,2.151445,0.11503786593675613,0.9096958041191101,0.7400482296943665
YDL206W,YCL052C,0,2.1514432,0.11502403765916824,0.9096958041191101,0.7401487827301025
YLR157C,YNR044W,0,2.1511285,0.11501021683216095,0.9096958041191101,0.7402492761611938
YDR454C,YDL198C,0,2.150846,0.11499639600515366,0.9096958041191101,0.7403498291969299
YOL045W,YLR348C,0,2.1505404,0.11498257517814636,0.9096958041191101,0.7404503226280212
YOR261C,YER046W,0,2.1504824,0.11496876180171967,0.9096958041191101,0.7405508756637573
YDL036C,YNR004W,0,2.1501503,0.11495495587587357,0.9096958041191101,0.7406513690948486
YDL197C,YMR203W,0,2.1499972,0.11494114995002747,0.9096958041191101,0.7407519221305847
YMR172W,YKL053C-A,0,2.14926,0.11492734402418137,0.9096958041191101,0.740852415561676
YDL245C,YCR011C,0,2.1491642,0.11491354554891586,0.9096958041191101,0.7409529685974121
YLR394W,YBL091C-A,0,2.148938,0.11489974707365036,0.9096958041191101,0.7410534620285034
YPL200W,YDR392W,0,2.148879,0.11488595604896545,0.9096958041191101,0.7411540150642395
YNL314W,YDL208W,0,2.1488392,0.11487216502428055,0.9096958041191101,0.7412545084953308
YGR199W,YCL057W,0,2.1484702,0.11485837399959564,0.9096958041191101,0.7413550615310669
YDR411C,YOR353C,0,2.1482923,0.11484459042549133,0.9096958041191101,0.7414555549621582
YLR043C,YGR012W,0,2.1482615,0.11483081430196762,0.9096958041191101,0.7415561079978943
YPL127C,YMR267W,0,2.148192,0.11481703817844391,0.9096958041191101,0.7416566014289856
YLR278C,YAL031C,0,2.147597,0.1148032620549202,0.9096958041191101,0.7417571544647217
YPR080W,YMR078C,0,2.147017,0.11478949338197708,0.9096958041191101,0.741857647895813
YMR182C,YCL034W,0,2.146881,0.11477572470903397,0.9096958041191101,0.7419582009315491
YLR025W,YDR109C,0,2.1468399,0.11476196348667145,0.9096958041191101,0.7420586943626404
YGR288W,YCL034W,0,2.146739,0.11474820226430893,0.9096958041191101,0.7421592473983765
YDR285W,YIR039C,0,2.1465697,0.11473444104194641,0.9096958041191101,0.7422597408294678
YKL061W,YNL052W,0,2.1464052,0.11472068727016449,0.9096958041191101,0.7423602938652039
YER138C,YKR066C,0,2.1463969,0.11470694094896317,0.9096958041191101,0.7424607872962952
YKL217W,YKL064W,0,2.146137,0.11469319462776184,0.9096958041191101,0.7425613403320312
YOL102C,YIL170W,0,2.1454577,0.11467944830656052,0.9096958041191101,0.7426618337631226
YDR457W,YOL026C,0,2.1453567,0.11466570943593979,0.9096958041191101,0.7427623867988586
YDR030C,YDR454C,0,2.145292,0.11465197056531906,0.9096958041191101,0.74286288022995
YKL180W,YDL039C,0,2.1449645,0.11463823914527893,0.9096958041191101,0.742963433265686
YJL005W,YOL093W,0,2.1444056,0.1146245077252388,0.9096958041191101,0.7430639266967773
YHR039C-A,YNL182C,0,2.1442091,0.11461077630519867,0.9096958041191101,0.7431644797325134
YMR005W,YGR112W,0,2.1439934,0.11459705233573914,0.9096958041191101,0.7432649731636047
YBR271W,YMR273C,0,2.1438231,0.1145833358168602,0.9096958041191101,0.7433655261993408
YMR269W,YOR279C,0,2.143576,0.11456961929798126,0.9096958041191101,0.7434660196304321
YDR090C,YOR085W,0,2.143364,0.11455590277910233,0.9096958041191101,0.7435665726661682
YJL200C,YDR416W,0,2.1431417,0.11454219371080399,0.9096958041191101,0.7436670660972595
YKL103C,YKL174C,0,2.1428094,0.11452848464250565,0.9096958041191101,0.7437676191329956
YEL062W,YAL031C,0,2.1426215,0.1145147755742073,0.9096958041191101,0.7438681125640869
YNL238W,YLR088W,0,2.1425319,0.11450107395648956,0.9096958041191101,0.743968665599823
YKR020W,YCL004W,0,2.1423547,0.11448737978935242,0.9096958041191101,0.7440691590309143
YDR083W,YGR155W,0,2.142208,0.11447368562221527,0.9096958041191101,0.7441697120666504
YFR018C,YGL163C,0,2.1420918,0.11445999145507812,0.9096958041191101,0.7442702054977417
YOR178C,YGR122W,1,2.141712,0.1145658940076828,0.910646378993988,0.7442702054977417
YLR208W,YNL080C,0,2.141078,0.11455219238996506,0.910646378993988,0.744370698928833
YJR127C,YGL237C,0,2.1410105,0.11453849822282791,0.910646378993988,0.7444712519645691
YOR159C,YDR172W,0,2.140707,0.11452480405569077,0.910646378993988,0.7445717453956604
YJL187C,YEL040W,0,2.1401927,0.11451111733913422,0.910646378993988,0.7446722984313965
YLR113W,YKR006C,0,2.1399775,0.11449743062257767,0.910646378993988,0.7447727918624878
YDL054C,YMR025W,0,2.1397479,0.11448374390602112,0.910646378993988,0.7448733448982239
YNL223W,YMR200W,0,2.139708,0.11447006464004517,0.910646378993988,0.7449738383293152
YGR177C,YGL060W,0,2.139085,0.11445639282464981,0.910646378993988,0.7450743913650513
YJL155C,YCR046C,0,2.1385846,0.11444272100925446,0.910646378993988,0.7451748847961426
YIL143C,YPR200C,0,2.1385326,0.1144290491938591,0.910646378993988,0.7452754378318787
YBR081C,YAL040C,0,2.1379235,0.11441538482904434,0.910646378993988,0.74537593126297
YDR383C,YCL043C,0,2.1377187,0.11440172046422958,0.910646378993988,0.745476484298706
YDR210C-C,YMR025W,0,2.1375923,0.11438805609941483,0.910646378993988,0.7455769777297974
YNL297C,YCL025C,0,2.1374822,0.11437440663576126,0.910646378993988,0.7456775307655334
YBR183W,YNL122C,0,2.137249,0.1143607497215271,0.910646378993988,0.7457780241966248
YGL172W,YML036W,0,2.1369224,0.11434710025787354,0.910646378993988,0.7458785772323608
YOL028C,YNL080C,0,2.13618,0.11433345079421997,0.910646378993988,0.7459790706634521
YIL170W,YMR099C,0,2.135378,0.114319808781147,0.910646378993988,0.7460796236991882
YJR026W,YGL174W,0,2.135263,0.11430616676807404,0.910646378993988,0.7461801171302795
YOL010W,YHR059W,0,2.135106,0.11429253220558167,0.910646378993988,0.7462806701660156
YHR066W,YOR239W,0,2.134579,0.1142788976430893,0.910646378993988,0.7463811635971069
YDR144C,YMR267W,0,2.134138,0.11426527053117752,0.910646378993988,0.746481716632843
YEL052W,YCL008C,0,2.1338077,0.11425164341926575,0.910646378993988,0.7465822100639343
YGR077C,YJL214W,0,2.1337938,0.11423801630735397,0.910646378993988,0.7466827630996704
YMR160W,YJR031C,0,2.1330166,0.1142243966460228,0.910646378993988,0.7467832565307617
YPR190C,YDR337W,0,2.1326978,0.11421077698469162,0.910646378993988,0.7468838095664978
YDL246C,YPR159W,0,2.1326585,0.11419716477394104,0.910646378993988,0.7469843029975891
YDL111C,YJL081C,0,2.1325102,0.11418355256319046,0.910646378993988,0.7470848560333252
YJL171C,YGL004C,0,2.1322622,0.11416994035243988,0.910646378993988,0.7471853494644165
YCR060W,YHR039C-A,0,2.1315217,0.1141563430428505,0.910646378993988,0.7472859025001526
YGR239C,YMR240C,0,2.1314633,0.11414273828268051,0.910646378993988,0.7473863959312439
YNL236W,YEL053C,0,2.1313834,0.11412914097309113,0.910646378993988,0.74748694896698
YLR295C,YOL043C,0,2.1312575,0.11411554366350174,0.910646378993988,0.7475874423980713
YDR371W,YCR002C,0,2.1312408,0.11410195380449295,0.910646378993988,0.7476879954338074
YKL172W,YNL219C,0,2.1297317,0.11408836394548416,0.910646378993988,0.7477884888648987
YPL252C,YFL017W-A,0,2.129489,0.11407478153705597,0.910646378993988,0.7478890419006348
YLR329W,YPL027W,0,2.129226,0.11406119912862778,0.910646378993988,0.7479895353317261
YMR136W,YMR099C,0,2.1289468,0.11404761672019958,0.910646378993988,0.7480900883674622
YGR034W,YER137C,0,2.128746,0.11403404176235199,0.910646378993988,0.7481905817985535
YPR137C-A,YGL103W,0,2.1286821,0.11402047425508499,0.910646378993988,0.7482911348342896
YNL127W,YDL039C,0,2.1284242,0.1140068992972374,0.910646378993988,0.7483916282653809
YDR064W,YLL061W,0,2.1273584,0.113993339240551,0.910646378993988,0.7484921813011169
YBR260C,YLR251W,0,2.1267688,0.113979771733284,0.910646378993988,0.7485926747322083
YGR036C,YOR142W,0,2.1264415,0.1139662116765976,0.910646378993988,0.7486932277679443
YBR154C,YKL015W,1,2.1261888,0.11407160758972168,0.911596953868866,0.7486932277679443
YPR137C-A,YNL307C,0,2.1261578,0.11405804008245468,0.911596953868866,0.7487937211990356
YBR081C,YKR069W,0,2.1258705,0.11404447257518768,0.911596953868866,0.7488942742347717
YKL078W,YML097C,0,2.125528,0.11403091251850128,0.911596953868866,0.748994767665863
YNL153C,YNR021W,0,2.1252255,0.11401735991239548,0.911596953868866,0.7490953207015991
YGR238C,YFL010W-A,0,2.124764,0.11400380730628967,0.911596953868866,0.7491958141326904
YIL143C,YPR159W,0,2.1242793,0.11399025470018387,0.911596953868866,0.7492963671684265
YLR208W,YFL010W-A,0,2.1236985,0.11397670209407806,0.911596953868866,0.7493968605995178
YKL090W,YBR238C,0,2.1233203,0.11396316438913345,0.911596953868866,0.7494974136352539
YOR071C,YFL057C,0,2.1231155,0.11394961923360825,0.911596953868866,0.7495979070663452
YAR002C-A,YGL014W,0,2.1225324,0.11393608152866364,0.911596953868866,0.7496984601020813
YBR128C,YLL017W,0,2.1216307,0.11392254382371902,0.911596953868866,0.7497989535331726
YHR211W,YDR473C,0,2.120966,0.11390901356935501,0.911596953868866,0.7498995065689087
YDR026C,YMR300C,0,2.1207838,0.113895483314991,0.911596953868866,0.75
YNL284C-A,YIL006W,0,2.1206086,0.11388196051120758,0.911596953868866,0.7501004934310913
YPR204W,YOR377W,0,2.1205533,0.11386843770742416,0.911596953868866,0.7502010464668274
YPR198W,YLR153C,0,2.120551,0.11385492235422134,0.911596953868866,0.7503015398979187
YBR238C,YNL121C,0,2.1204402,0.11384140700101852,0.911596953868866,0.7504020929336548
YIL006W,YFR052W,0,2.1201887,0.1138278916478157,0.911596953868866,0.7505025863647461
YGR177C,YKL186C,0,2.1201653,0.11381438374519348,0.911596953868866,0.7506031394004822
YIL088C,YPL096W,0,2.1199174,0.11380087584257126,0.911596953868866,0.7507036328315735
YFR021W,YBL034C,0,2.1195245,0.11378737539052963,0.911596953868866,0.7508041858673096
YDR304C,YLR160C,0,2.1191869,0.113773874938488,0.911596953868866,0.7509046792984009
YDR498C,YPL244C,0,2.1189988,0.11376038193702698,0.911596953868866,0.751005232334137
YLR425W,YPL099C,0,2.118958,0.11374688893556595,0.911596953868866,0.7511057257652283
YNL314W,YPR198W,0,2.1186056,0.11373339593410492,0.911596953868866,0.7512062788009644
YDL133C-A,YMR038C,0,2.118186,0.11371991038322449,0.911596953868866,0.7513067722320557
YBR170C,YBL091C-A,0,2.117484,0.11370642483234406,0.911596953868866,0.7514073252677917
YLR016C,YNL259C,0,2.1174288,0.11369294673204422,0.911596953868866,0.7515078186988831
YCL025C,YJL213W,0,2.117141,0.11367946863174438,0.911596953868866,0.7516083717346191
YDR233C,YBR294W,0,2.1164732,0.11366599798202515,0.911596953868866,0.7517088651657104
YCL004W,YLR151C,0,2.1155334,0.11365252733230591,0.911596953868866,0.7518094182014465
YMR097C,YFL010W-A,0,2.1155157,0.11363905668258667,0.911596953868866,0.7519099116325378
YLR209C,YDR222W,0,2.114861,0.11362559348344803,0.911596953868866,0.7520104646682739
YMR160W,YKR026C,0,2.1141262,0.11361213028430939,0.911596953868866,0.7521109580993652
YGR264C,YFR019W,0,2.1133657,0.11359867453575134,0.911596953868866,0.7522115111351013
YPR080W,YDL047W,0,2.1133313,0.1135852187871933,0.911596953868866,0.7523120045661926
YGR089W,YNL219C,0,2.111984,0.11357177048921585,0.911596953868866,0.7524125576019287
YOL004W,YNR013C,0,2.1119661,0.1135583221912384,0.911596953868866,0.75251305103302
YBR052C,YGL233W,0,2.1116526,0.11354487389326096,0.911596953868866,0.7526136040687561
YGL127C,YAL068C,1,2.111598,0.11364981532096863,0.9125475287437439,0.7526136040687561
YDR240C,YIL083C,0,2.1115375,0.11363636702299118,0.9125475287437439,0.7527140974998474
YDL142C,YLR160C,0,2.1112714,0.11362291127443314,0.9125475287437439,0.7528146505355835
YBR125C,YDR453C,0,2.1111708,0.11360947042703629,0.9125475287437439,0.7529151439666748
YNL131W,YKL144C,0,2.1109805,0.11359602212905884,0.9125475287437439,0.7530156970024109
YOR215C,YOR251C,0,2.1106374,0.11358258128166199,0.9125475287437439,0.7531161904335022
YJL066C,YFR018C,0,2.1104832,0.11356914788484573,0.9125475287437439,0.7532167434692383
YDR476C,YKL124W,0,2.1104233,0.11355571448802948,0.9125475287437439,0.7533172369003296
YNL304W,YNR002C,0,2.1102538,0.11354228109121323,0.9125475287437439,0.7534177899360657
YDR512C,YPR023C,1,2.1102297,0.11364711076021194,0.9134981036186218,0.7534177899360657
YHR012W,YGR155W,0,2.1101208,0.11363367736339569,0.9134981036186218,0.753518283367157
YDR076W,YIR039C,0,2.1100273,0.11362024396657944,0.9134981036186218,0.7536188364028931
YBR026C,YMR099C,0,2.1099482,0.11360681056976318,0.9134981036186218,0.7537193298339844
YJL172W,YOR099W,0,2.1091287,0.11359337717294693,0.9134981036186218,0.7538198828697205
YJR010W,YDL107W,0,2.108861,0.11357995867729187,0.9134981036186218,0.7539203763008118
YNL052W,YBR173C,0,2.1086748,0.11356653273105621,0.9134981036186218,0.7540209293365479
YOL141W,YBR115C,0,2.108493,0.11355311423540115,0.9134981036186218,0.7541214227676392
YEL043W,YHR168W,0,2.1082554,0.1135396957397461,0.9134981036186218,0.7542219758033752
YNR003C,YNR044W,0,2.1081896,0.11352628469467163,0.9134981036186218,0.7543224692344666
YMR227C,YPL167C,0,2.1077263,0.11351287364959717,0.9134981036186218,0.7544230222702026
YDR076W,YPR091C,0,2.1076086,0.1134994700551033,0.9134981036186218,0.754523515701294
YJL030W,YKL003C,0,2.1075928,0.11348606646060944,0.9134981036186218,0.75462406873703
YAR002C-A,YBR282W,0,2.106987,0.11347266286611557,0.9134981036186218,0.7547245621681213
YLR244C,YBR150C,0,2.1067224,0.1134592667222023,0.9134981036186218,0.7548251152038574
YPL259C,YJR034W,0,2.1066198,0.11344587057828903,0.9134981036186218,0.7549256086349487
YDL045W-A,YOL040C,0,2.1063213,0.11343248188495636,0.9134981036186218,0.7550261616706848
YHR109W,YML056C,0,2.1061432,0.11341909319162369,0.9134981036186218,0.7551266551017761
YJL178C,YNR028W,0,2.105492,0.11340571194887161,0.9134981036186218,0.7552272081375122
YDR369C,YMR296C,0,2.1050282,0.11339233070611954,0.9134981036186218,0.7553277015686035
YMR168C,YFR018C,0,2.1049862,0.11337894946336746,0.9134981036186218,0.7554282546043396
YLR300W,YIR038C,0,2.1041536,0.11336557567119598,0.9134981036186218,0.7555287480354309
YKL090W,YDR499W,0,2.1039796,0.1133522093296051,0.9134981036186218,0.755629301071167
YLR289W,YNR031C,0,2.1038437,0.11333883553743362,0.9134981036186218,0.7557297945022583
YOL070C,YFL054C,0,2.103436,0.11332546919584274,0.9134981036186218,0.7558302879333496
YPR149W,YNL239W,0,2.1030488,0.11331211030483246,0.9134981036186218,0.7559308409690857
YDR448W,YIL038C,1,2.1027694,0.1134166494011879,0.9144486784934998,0.7559308409690857
YKL166C,YNL262W,0,2.1023898,0.11340327560901642,0.9144486784934998,0.756031334400177
YBR177C,YBL028C,0,2.1023679,0.11338990926742554,0.9144486784934998,0.7561318874359131
YLR191W,YOR310C,0,2.101707,0.11337655037641525,0.9144486784934998,0.7562323808670044
YPL002C,YOR142W-A,0,2.101701,0.11336318403482437,0.9144486784934998,0.7563329339027405
YBR282W,YGL019W,0,2.1014,0.11334983259439468,0.9144486784934998,0.7564334273338318
YPL276W,YAL024C,0,2.1012027,0.1133364737033844,0.9144486784934998,0.7565339803695679
YMR173W,YOR089C,0,2.1010785,0.11332312226295471,0.9144486784934998,0.7566344738006592
YBR150C,YPL252C,0,2.1010337,0.11330977827310562,0.9144486784934998,0.7567350268363953
YPR204W,YMR228W,0,2.1009982,0.11329643428325653,0.9144486784934998,0.7568355202674866
YLR295C,YGL216W,0,2.100988,0.11328309029340744,0.9144486784934998,0.7569360733032227
YPL259C,YOR261C,0,2.100051,0.11326975375413895,0.9144486784934998,0.757036566734314
YEL052W,YJL191W,0,2.0999808,0.11325641721487045,0.9144486784934998,0.75713711977005
YDR207C,YNL092W,0,2.0994594,0.11324308067560196,0.9144486784934998,0.7572376132011414
YIL061C,YJR083C,0,2.0993059,0.11322975158691406,0.9144486784934998,0.7573381662368774
YBR196C,YOR209C,0,2.0992846,0.11321642994880676,0.9144486784934998,0.7574386596679688
YPL188W,YPR160W,0,2.0989745,0.11320310831069946,0.9144486784934998,0.7575392127037048
YOL101C,YER002W,0,2.0989566,0.11318978667259216,0.9144486784934998,0.7576397061347961
YJL200C,YHR077C,0,2.0985842,0.11317647248506546,0.9144486784934998,0.7577402591705322
YGR169C,YJL134W,0,2.098566,0.11316315829753876,0.9144486784934998,0.7578407526016235
YOL004W,YFL031W,1,2.0984259,0.11326746642589569,0.9153992533683777,0.7578407526016235
YNL084C,YOR251C,0,2.0982397,0.11325414478778839,0.9153992533683777,0.7579413056373596
YGL172W,YHR005C-A,0,2.0982273,0.11324083060026169,0.9153992533683777,0.7580417990684509
YOR071C,YPR083W,0,2.0982144,0.11322751641273499,0.9153992533683777,0.758142352104187
YLL055W,YPL183W-A,0,2.0982099,0.11321420222520828,0.9153992533683777,0.7582428455352783
YGR036C,YER087C-B,0,2.0981393,0.11320089548826218,0.9153992533683777,0.7583433985710144
YPL094C,YGL212W,0,2.097764,0.11318758875131607,0.9153992533683777,0.7584438920021057
YBR120C,YBR173C,0,2.0963402,0.11317428946495056,0.9153992533683777,0.7585444450378418
YKL171W,YGR175C,0,2.096316,0.11316099017858505,0.9153992533683777,0.7586449384689331
YPL163C,YLR145W,0,2.095695,0.11314769089221954,0.9153992533683777,0.7587454915046692
YDR109C,YLR350W,0,2.0956802,0.11313439905643463,0.9153992533683777,0.7588459849357605
YCR020W-B,YNL257C,1,2.095221,0.11323857307434082,0.9163498282432556,0.7588459849357605
YNL070W,YBR243C,0,2.095146,0.11322527378797531,0.9163498282432556,0.7589465379714966
YDL029W,YPL276W,0,2.0950105,0.1132119819521904,0.9163498282432556,0.7590470314025879
YOL124C,YKR006C,0,2.0949497,0.11319868266582489,0.9163498282432556,0.759147584438324
YNR074C,YJL034W,0,2.0943232,0.11318539083003998,0.9163498282432556,0.7592480778694153
YNL274C,YCR046C,0,2.0940592,0.11317210644483566,0.9163498282432556,0.7593486309051514
YIL088C,YBR128C,0,2.0937986,0.11315882205963135,0.9163498282432556,0.7594491243362427
YMR241W,YJR051W,0,2.0936701,0.11314553767442703,0.9163498282432556,0.7595496773719788
YPL134C,YPR001W,0,2.0934067,0.11313226073980331,0.9163498282432556,0.7596501708030701
YLR401C,YER052C,0,2.0933576,0.1131189838051796,0.9163498282432556,0.7597507238388062
YNL309W,YJL206C,0,2.0931783,0.11310571432113647,0.9163498282432556,0.7598512172698975
YDR195W,YER137C,0,2.0928175,0.11309244483709335,0.9163498282432556,0.7599517703056335
YMR276W,YDL107W,0,2.0927715,0.11307917535305023,0.9163498282432556,0.7600522637367249
YPR158C-C,YPL244C,0,2.0920455,0.11306591331958771,0.9163498282432556,0.7601528167724609
YGR105W,YOR298W,0,2.0911477,0.11305265873670578,0.9163498282432556,0.7602533102035522
YDR332W,YKR006C,0,2.0910704,0.11303939670324326,0.9163498282432556,0.7603538632392883
YNL297C,YOR378W,0,2.0910387,0.11302614957094193,0.9163498282432556,0.7604543566703796
YGR145W,YER168C,0,2.0908673,0.11301289498806,0.9163498282432556,0.7605549097061157
YIL108W,YOR085W,0,2.0907917,0.11299964785575867,0.9163498282432556,0.760655403137207
YJR133W,YFL017W-A,0,2.0905569,0.11298640072345734,0.9163498282432556,0.7607559561729431
YJL192C,YHR057C,0,2.0904145,0.1129731610417366,0.9163498282432556,0.7608564496040344
YIL134W,YPR135W,0,2.0903947,0.11295992136001587,0.9163498282432556,0.7609570026397705
YNL010W,YKR044W,0,2.0898266,0.11294668912887573,0.9163498282432556,0.7610574960708618
YMR180C,YBR243C,0,2.0896971,0.1129334568977356,0.9163498282432556,0.7611580491065979
YLR025W,YER087C-B,0,2.0895333,0.11292023211717606,0.9163498282432556,0.7612585425376892
YIR011C,YLR325C,0,2.0894594,0.11290700733661652,0.9163498282432556,0.7613590955734253
YER151C,YNL010W,0,2.0893695,0.11289378255605698,0.9163498282432556,0.7614595890045166
YGR221C,YBL079W,0,2.088777,0.11288056522607803,0.9163498282432556,0.7615601420402527
YHR056C,YER185W,0,2.0882518,0.11286734789609909,0.9163498282432556,0.761660635471344
YJR127C,YMR032W,0,2.0881581,0.11285413056612015,0.9163498282432556,0.7617611289024353
YIL006W,YOL111C,0,2.088017,0.1128409206867218,0.9163498282432556,0.7618616819381714
YPR162C,YEL053C,0,2.0876584,0.11282771825790405,0.9163498282432556,0.7619621753692627
YBR196C,YKL189W,0,2.087391,0.1128145083785057,0.9163498282432556,0.7620627284049988
YIL088C,YOR274W,0,2.0872078,0.11280131340026855,0.9163498282432556,0.7621632218360901
YDL015C,YNL262W,0,2.086627,0.1127881109714508,0.9163498282432556,0.7622637748718262
YDL045W-A,YMR296C,0,2.0861905,0.11277491599321365,0.9163498282432556,0.7623642683029175
YBR118W,YBR192W,0,2.0859659,0.1127617284655571,0.9163498282432556,0.7624648213386536
YLR386W,YPL050C,0,2.085943,0.11274854093790054,0.9163498282432556,0.7625653147697449
YBR120C,YDR410C,0,2.085939,0.11273535341024399,0.9163498282432556,0.762665867805481
YHR077C,YLR325C,0,2.0845757,0.11272217333316803,0.9163498282432556,0.7627663612365723
YOL101C,YFR019W,0,2.084403,0.11270899325609207,0.9163498282432556,0.7628669142723083
YMR176W,YMR300C,0,2.0838506,0.11269581317901611,0.9163498282432556,0.7629674077033997
YBR145W,YNL284C,0,2.0838346,0.11268264055252075,0.9163498282432556,0.7630679607391357
YDR310C,YOR187W,0,2.083771,0.11266947537660599,0.9163498282432556,0.763168454170227
YHR056C,YGL233W,0,2.0835018,0.11265630275011063,0.9163498282432556,0.7632690072059631
YNL117W,YEL040W,0,2.0834482,0.11264313757419586,0.9163498282432556,0.7633695006370544
YKL166C,YDL148C,0,2.0834284,0.1126299798488617,0.9163498282432556,0.7634700536727905
YIL142W,YLR009W,0,2.0832257,0.11261682212352753,0.9163498282432556,0.7635705471038818
YMR203W,YMR273C,0,2.0826502,0.11260366439819336,0.9163498282432556,0.7636711001396179
YPL276W,YMR273C,0,2.0824158,0.11259051412343979,0.9163498282432556,0.7637715935707092
YJL005W,YHR057C,0,2.0823252,0.11257737129926682,0.9163498282432556,0.7638721466064453
YPL031C,YAL032C,1,2.0813682,0.11268098652362823,0.9173004031181335,0.7638721466064453
YGR288W,YJR078W,0,2.0812328,0.11266783624887466,0.9173004031181335,0.7639726400375366
YPL167C,YDR444W,0,2.0804946,0.1126546785235405,0.9173004031181335,0.7640731930732727
YBR170C,YKL015W,0,2.0800192,0.11264152824878693,0.9173004031181335,0.764173686504364
YDL039C,YDR226W,0,2.0800114,0.11262838542461395,0.9173004031181335,0.7642742395401001
YCR093W,YER151C,0,2.079217,0.11261524260044098,0.9173004031181335,0.7643747329711914
YGR056W,YBR093C,0,2.0789964,0.112602099776268,0.9173004031181335,0.7644752860069275
YHR175W,YDL061C,0,2.0786986,0.11258896440267563,0.9173004031181335,0.7645757794380188
YGL186C,YLR401C,0,2.0785198,0.11257582902908325,0.9173004031181335,0.7646763324737549
YMR276W,YKR035W-A,0,2.078485,0.11256269365549088,0.9173004031181335,0.7647768259048462
YDR472W,YOR020C,0,2.078138,0.1125495657324791,0.9173004031181335,0.7648773789405823
YMR112C,YGR281W,0,2.0781312,0.11253644526004791,0.9173004031181335,0.7649778723716736
YOR180C,YLR251W,0,2.077112,0.11252331733703613,0.9173004031181335,0.7650784254074097
YDL215C,YER190W,0,2.076774,0.11251020431518555,0.9173004031181335,0.765178918838501
YOR261C,YPR159W,0,2.0765202,0.11249708384275436,0.9173004031181335,0.7652794718742371
YLL033W,YLR050C,0,2.0760128,0.11248397082090378,0.9173004031181335,0.7653799653053284
YPL151C,YCR046C,0,2.0753007,0.11247086524963379,0.9173004031181335,0.7654805183410645
YMR032W,YPL098C,0,2.0742528,0.1124577522277832,0.9173004031181335,0.7655810117721558
YJL184W,YIL131C,1,2.0740032,0.1125611737370491,0.9182509779930115,0.7655810117721558
YPL183W-A,YPR160W,0,2.073837,0.11254806071519852,0.9182509779930115,0.7656815648078918
YOL102C,YPR119W,0,2.0734007,0.11253494769334793,0.9182509779930115,0.7657820582389832
YBR195C,YOR349W,0,2.073376,0.11252184212207794,0.9182509779930115,0.7658826112747192
YBR080C,YMR200W,0,2.0726326,0.11250873655080795,0.9182509779930115,0.7659831047058105
YDL028C,YBL079W,0,2.0726264,0.11249563097953796,0.9182509779930115,0.7660836577415466
YJR130C,YNR035C,0,2.072487,0.11248253285884857,0.9182509779930115,0.7661841511726379
YMR020W,YJR053W,0,2.0721765,0.11246943473815918,0.9182509779930115,0.766284704208374
YKR019C,YGR143W,0,2.0720804,0.11245634406805038,0.9182509779930115,0.7663851976394653
YFL014W,YML030W,0,2.0719795,0.11244325339794159,0.9182509779930115,0.7664857506752014
YNL172W,YCL018W,0,2.0718827,0.11243017017841339,0.9182509779930115,0.7665862441062927
YJL071W,YGR239C,0,2.0718372,0.11241708695888519,0.9182509779930115,0.7666867971420288
YMR117C,YKL013C,0,2.0714025,0.112404003739357,0.9182509779930115,0.7667872905731201
YMR077C,YNL147W,0,2.0708036,0.1123909279704094,0.9182509779930115,0.7668878436088562
YLR187W,YOL004W,0,2.0705862,0.11237785220146179,0.9182509779930115,0.7669883370399475
YJR140C,YGR089W,0,2.070448,0.11236477643251419,0.9182509779930115,0.7670888900756836
YLR278C,YDR218C,0,2.0701606,0.11235170811414719,0.9182509779930115,0.7671893835067749
YMR025W,YHR051W,0,2.069705,0.11233864724636078,0.9182509779930115,0.767289936542511
YPL134C,YGR077C,0,2.0687237,0.11232557892799377,0.9182509779930115,0.7673904299736023
YML073C,YMR078C,0,2.0686078,0.11231252551078796,0.9182509779930115,0.7674909234046936
YCL074W,YLR129W,0,2.068597,0.11229946464300156,0.9182509779930115,0.7675914764404297
YHR074W,YOR377W,0,2.0682857,0.11228641122579575,0.9182509779930115,0.767691969871521
YKR066C,YAR035W,0,2.0681849,0.11227335780858994,0.9182509779930115,0.7677925229072571
YGR167W,YFL066C,0,2.0676932,0.11226031184196472,0.9182509779930115,0.7678930163383484
YDR067C,YNL006W,0,2.0673969,0.11224726587533951,0.9182509779930115,0.7679935693740845
YLR129W,YBR080C,0,2.067237,0.11223422735929489,0.9182509779930115,0.7680940628051758
YGL209W,YHR056C,1,2.066877,0.11233735829591751,0.9192014932632446,0.7680940628051758
YDR518W,YGL183C,0,2.0662966,0.1123243123292923,0.9192014932632446,0.7681946158409119
YIL095W,YKL210W,0,2.065691,0.11231126636266708,0.9192014932632446,0.7682951092720032
YMR319C,YLR359W,0,2.0653844,0.11229822039604187,0.9192014932632446,0.7683956623077393
YGL237C,YNR006W,0,2.0651886,0.11228518187999725,0.9192014932632446,0.7684961557388306
YNR021W,YMR032W,0,2.0649357,0.11227214336395264,0.9192014932632446,0.7685967087745667
YOR291W,YGL010W,0,2.0647128,0.11225911229848862,0.9192014932632446,0.768697202205658
YNL050C,YMR186W,0,2.0645914,0.1122460812330246,0.9192014932632446,0.768797755241394
YDR410C,YCR046C,0,2.0643852,0.11223305761814117,0.9192014932632446,0.7688982486724854
YEL069C,YDL054C,0,2.06421,0.11222002655267715,0.9192014932632446,0.7689988017082214
YBL005W-B,YGL060W,0,2.063967,0.11220701038837433,0.9192014932632446,0.7690992951393127
YJR078W,YAR027W,0,2.0637057,0.1121939867734909,0.9192014932632446,0.7691998481750488
YPL147W,YBR173C,0,2.0636466,0.11218097805976868,0.9192014932632446,0.7693003416061401
YGR034W,YBR037C,0,2.0634825,0.11216796189546585,0.9192014932632446,0.7694008946418762
YKL126W,YHR074W,0,2.0627117,0.11215495318174362,0.9192014932632446,0.7695013880729675
YKL038W,YGL190C,0,2.0613122,0.11214194446802139,0.9192014932632446,0.7696019411087036
YEL022W,YDL197C,0,2.0603945,0.11212894320487976,0.9192014932632446,0.7697024345397949
YOL057W,YDR453C,0,2.060256,0.11211594194173813,0.9192014932632446,0.769802987575531
YBR196C,YHR132C,0,2.059665,0.1121029481291771,0.9192014932632446,0.7699034810066223
YKL038W,YAR027W,0,2.0595257,0.11208994686603546,0.9192014932632446,0.7700040340423584
YDR083W,YDR494W,0,2.059112,0.11207696050405502,0.9192014932632446,0.7701045274734497
YOL145C,YLR105C,0,2.05901,0.11206396669149399,0.9192014932632446,0.7702050805091858
YCL074W,YJR032W,0,2.058975,0.11205098778009415,0.9192014932632446,0.7703055739402771
YBR196C,YLR164W,0,2.0589018,0.11203800141811371,0.9192014932632446,0.7704061269760132
YPL082C,YBR276C,0,2.0589,0.11202502250671387,0.9192014932632446,0.7705066204071045
YDR301W,YGR252W,1,2.0588744,0.1121278777718544,0.9201520681381226,0.7705066204071045
YLR203C,YJR083C,0,2.058684,0.11211489140987396,0.9201520681381226,0.7706071734428406
YBR080C,YDL047W,0,2.0586276,0.11210191249847412,0.9201520681381226,0.7707076668739319
YGR199W,YPL147W,0,2.0586023,0.11208893358707428,0.9201520681381226,0.770808219909668
YLR344W,YGR084C,0,2.0585396,0.11207595467567444,0.9201520681381226,0.7709087133407593
YJR127C,YPL078C,0,2.0580356,0.1120629757642746,0.9201520681381226,0.7710092663764954
YGL183C,YPL196W,0,2.0575352,0.11205000430345535,0.9201520681381226,0.7711097598075867
YCL025C,YDR207C,0,2.0555046,0.1120370402932167,0.9201520681381226,0.7712103128433228
YLL041C,YKR101W,0,2.0550213,0.11202406883239746,0.9201520681381226,0.7713108062744141
YKR020W,YBL085W,0,2.054684,0.11201110482215881,0.9201520681381226,0.7714113593101501
YBR276C,YBL098W,0,2.05463,0.11199814826250076,0.9201520681381226,0.7715118527412415
YAL060W,YGR199W,0,2.054606,0.11198519170284271,0.9201520681381226,0.7716124057769775
YIL079C,YLR130C,0,2.054471,0.11197223514318466,0.9201520681381226,0.7717128992080688
YPR187W,YBR192W,0,2.053748,0.11195928603410721,0.9201520681381226,0.7718134522438049
YDL179W,YGR118W,0,2.0532107,0.11194633692502975,0.9201520681381226,0.7719139456748962
YGR238C,YBL076C,0,2.0529253,0.1119333952665329,0.9201520681381226,0.7720144987106323
YLR183C,YBR129C,0,2.0525212,0.11192045360803604,0.9201520681381226,0.7721149921417236
YDL215C,YDL198C,0,2.0522077,0.11190751194953918,0.9201520681381226,0.7722155451774597
YAL016W,YGL030W,0,2.0518246,0.11189457774162292,0.9201520681381226,0.772316038608551
YCL018W,YOR180C,0,2.0517094,0.11188164353370667,0.9201520681381226,0.7724165916442871
YJL085W,YHR135C,0,2.0515022,0.111868716776371,0.9201520681381226,0.7725170850753784
YER022W,YKL001C,0,2.0508828,0.11185579001903534,0.9201520681381226,0.7726176381111145
YLR395C,YNL192W,0,2.0500023,0.11184286326169968,0.9201520681381226,0.7727181315422058
YLR183C,YNR015W,0,2.0498471,0.11182994395494461,0.9201520681381226,0.7728186845779419
YBR274W,YOL101C,0,2.0497432,0.11181702464818954,0.9201520681381226,0.7729191780090332
YLR029C,YIL076W,0,2.049609,0.11180411279201508,0.9201520681381226,0.7730197310447693
YJR053W,YKL053C-A,0,2.049219,0.1117912009358406,0.9201520681381226,0.7731202244758606
YCR087C-A,YER002W,0,2.0491188,0.11177828907966614,0.9201520681381226,0.7732207775115967
YLR268W,YDL225W,0,2.0489802,0.11176538467407227,0.9201520681381226,0.773321270942688
YJR032W,YDL035C,0,2.0489738,0.1117524802684784,0.9201520681381226,0.7734217643737793
YEL069C,YGL212W,0,2.048801,0.11173958331346512,0.9201520681381226,0.7735223174095154
YKL168C,YKR101W,0,2.0485082,0.11172668635845184,0.9201520681381226,0.7736228108406067
YKL110C,YCL066W,1,2.0485036,0.11182919889688492,0.9211026430130005,0.7736228108406067
YLR266C,YBL103C,1,2.0484533,0.1119316890835762,0.9220532178878784,0.7736228108406067
YLR203C,YLL055W,0,2.0478487,0.11191876977682114,0.9220532178878784,0.7737233638763428
YPL089C,YNL025C,1,2.0475707,0.11202123016119003,0.9230037927627563,0.7737233638763428
YOR209C,YLR359W,0,2.0469947,0.11200830340385437,0.9230037927627563,0.7738238573074341
YBL098W,YGL060W,0,2.046914,0.1119953840970993,0.9230037927627563,0.7739244103431702
YDR389W,YMR046C,0,2.0467994,0.11198247224092484,0.9230037927627563,0.7740249037742615
YMR241W,YKL015W,0,2.046643,0.11196956038475037,0.9230037927627563,0.7741254568099976
YLR312W-A,YLR440C,0,2.0436468,0.1119566485285759,0.9230037927627563,0.7742259502410889
YCL004W,YDL045C,0,2.0432212,0.11194373667240143,0.9230037927627563,0.774326503276825
YPL113C,YDR195W,0,2.0426052,0.11193083226680756,0.9230037927627563,0.7744269967079163
YNL284C,YLR301W,0,2.0425017,0.11191793531179428,0.9230037927627563,0.7745275497436523
YDR079W,YKR020W,0,2.0423744,0.111905038356781,0.9230037927627563,0.7746280431747437
YMR284W,YGR229C,0,2.0423262,0.11189214140176773,0.9230037927627563,0.7747285962104797
YBR278W,YBR230C,0,2.0422227,0.11187925189733505,0.9230037927627563,0.774829089641571
YDR296W,YDR229W,0,2.04197,0.11186636239290237,0.9230037927627563,0.7749296426773071
YHR005C-A,YER002W,0,2.041742,0.1118534728884697,0.9230037927627563,0.7750301361083984
YDL206W,YMR077C,0,2.041572,0.11184059083461761,0.9230037927627563,0.7751306891441345
YDL217C,YLR410W-B,0,2.0409863,0.11182770878076553,0.9230037927627563,0.7752311825752258
YCR030C,YBR196C,0,2.0404859,0.11181483417749405,0.9230037927627563,0.7753317356109619
YPR024W,YBL076C,0,2.0403962,0.11180195957422256,0.9230037927627563,0.7754322290420532
YDR062W,YOR338W,0,2.040234,0.11178908497095108,0.9230037927627563,0.7755327820777893
YPL083C,YMR194W,0,2.0400379,0.11177621781826019,0.9230037927627563,0.7756332755088806
YMR025W,YJR040W,0,2.040021,0.1117633506655693,0.9230037927627563,0.7757338285446167
YLL061W,YJL085W,0,2.039995,0.11175049096345901,0.9230037927627563,0.775834321975708
YDR245W,YPL163C,0,2.0397456,0.11173763126134872,0.9230037927627563,0.7759348750114441
YDR254W,YGL113W,0,2.0389643,0.11172477155923843,0.9230037927627563,0.7760353684425354
YOR291W,YMR180C,0,2.0384374,0.11171191930770874,0.9230037927627563,0.7761359214782715
YOR159C,YBR187W,0,2.0382917,0.11169906705617905,0.9230037927627563,0.7762364149093628
YBR195C,YOR304C-A,0,2.0380576,0.11168622225522995,0.9230037927627563,0.7763369679450989
YKL190W,YDR218C,0,2.0379603,0.11167337745428085,0.9230037927627563,0.7764374613761902
YOR301W,YKL053C-A,0,2.037732,0.11166053265333176,0.9230037927627563,0.7765380144119263
YJL114W,YDR518W,0,2.0370245,0.11164769530296326,0.9230037927627563,0.7766385078430176
YKR036C,YOL052C,0,2.0370154,0.11163485795259476,0.9230037927627563,0.7767390608787537
YOR216C,YPL274W,0,2.036494,0.11162202805280685,0.9230037927627563,0.776839554309845
YHR029C,YOR285W,0,2.034528,0.11160919815301895,0.9230037927627563,0.776940107345581
YBR020W,YIL076W,0,2.0345023,0.11159636825323105,0.9230037927627563,0.7770406007766724
YBR202W,YNL078W,0,2.0343482,0.11158354580402374,0.9230037927627563,0.7771411538124084
YDL045W-A,YKL165C,0,2.034014,0.11157072335481644,0.9230037927627563,0.7772416472434998
YBR031W,YBR141C,0,2.033464,0.11155790090560913,0.9230037927627563,0.7773422002792358
YER090W,YIL076W,0,2.0334044,0.11154508590698242,0.9230037927627563,0.7774426937103271
YJR127C,YPR204W,0,2.0327363,0.11153227835893631,0.9230037927627563,0.7775432467460632
YBR118W,YOR304C-A,0,2.0322726,0.1115194708108902,0.9230037927627563,0.7776437401771545
YJL166W,YIL046W,0,2.0316696,0.11150666326284409,0.9230037927627563,0.7777442932128906
YER145C,YKL053C-A,0,2.031573,0.11149385571479797,0.9230037927627563,0.7778447866439819
YAL038W,YLR268W,0,2.0313015,0.11148105561733246,0.9230037927627563,0.777945339679718
YOR194C,YER046W,0,2.029405,0.11146825551986694,0.9230037927627563,0.7780458331108093
YGR118W,YKR102W,0,2.0290186,0.11145546287298203,0.9230037927627563,0.7781463861465454
YGL225W,YLR389C,0,2.0282261,0.1114426702260971,0.9230037927627563,0.7782468795776367
YNL026W,YKR101W,0,2.0281606,0.11142988502979279,0.9230037927627563,0.7783474326133728
YMR020W,YKL171W,0,2.0279622,0.11141709983348846,0.9230037927627563,0.7784479260444641
YLR206W,YMR099C,0,2.0275578,0.11140431463718414,0.9230037927627563,0.7785484790802002
YGR036C,YLR389C,0,2.0274653,0.11139153689146042,0.9230037927627563,0.7786489725112915
YFR031C,YMR033W,0,2.026817,0.1113787591457367,0.9230037927627563,0.7787495255470276
YPR006C,YML132W,0,2.0267878,0.11136598140001297,0.9230037927627563,0.7788500189781189
YNL314W,YBL091C-A,0,2.0265574,0.11135321110486984,0.9230037927627563,0.778950572013855
YFL033C,YCL057W,0,2.0261393,0.11134044080972672,0.9230037927627563,0.7790510654449463
YLR141W,YOR230W,0,2.0258322,0.11132767796516418,0.9230037927627563,0.7791515588760376
YFL039C,YML098W,1,2.0257602,0.11142955720424652,0.9239543676376343,0.7791515588760376
YGR282C,YCL018W,0,2.0253484,0.1114167794585228,0.9239543676376343,0.7792521119117737
YJL172W,YEL041W,0,2.0250578,0.11140400916337967,0.9239543676376343,0.779352605342865
YMR284W,YML030W,0,2.0248017,0.11139124631881714,0.9239543676376343,0.7794531583786011
YDL133C-A,YER090W,0,2.0245435,0.11137848347425461,0.9239543676376343,0.7795536518096924
YOR388C,YLR164W,0,2.0241594,0.11136572062969208,0.9239543676376343,0.7796542048454285
YPL273W,YBR072W,0,2.0238187,0.11135295778512955,0.9239543676376343,0.7797546982765198
YPR006C,YER052C,0,2.0235586,0.11134020984172821,0.9239543676376343,0.7798552513122559
YPR204W,YDR310C,0,2.0234063,0.11132745444774628,0.9239543676376343,0.7799557447433472
YAL063C,YKL171W,0,2.0233414,0.11131470650434494,0.9239543676376343,0.7800562977790833
YDL045W-A,YBR052C,0,2.0230765,0.1113019585609436,0.9239543676376343,0.7801567912101746
YGR255C,YGR222W,0,2.0229387,0.11128921806812286,0.9239543676376343,0.7802573442459106
YJR010W,YKR035W-A,0,2.0225227,0.11127647757530212,0.9239543676376343,0.780357837677002
YER087W,YPR160W,0,2.0222788,0.11126373708248138,0.9239543676376343,0.780458390712738
YPL151C,YFR019W,0,2.0221956,0.11125100404024124,0.9239543676376343,0.7805588841438293
YAL022C,YJL191W,0,2.0220892,0.1112382709980011,0.9239543676376343,0.7806594371795654
YHR077C,YLR160C,0,2.020979,0.11122553795576096,0.9239543676376343,0.7807599306106567
YJR028W,YPL183W-A,0,2.0209596,0.11121281236410141,0.9239543676376343,0.7808604836463928
YBR150C,YGR145W,0,2.0205605,0.11120009422302246,0.9239543676376343,0.7809609770774841
YFR033C,YMR136W,0,2.020043,0.11118736863136292,0.9239543676376343,0.7810615301132202
YMR160W,YOR089C,0,2.019874,0.11117465049028397,0.9239543676376343,0.7811620235443115
YCL057W,YNL208W,0,2.0198128,0.11116193979978561,0.9239543676376343,0.7812625765800476
YJL225C,YML099C,0,2.0186436,0.11114922910928726,0.9239543676376343,0.7813630700111389
YLR197W,YJL172W,0,2.0184991,0.11113651841878891,0.9239543676376343,0.781463623046875
YOR054C,YKR020W,0,2.0183365,0.11112381517887115,0.9239543676376343,0.7815641164779663
YDL059C,YBR173C,0,2.018336,0.1111111119389534,0.9239543676376343,0.7816646695137024
YDR405W,YJR070C,0,2.0177274,0.11109840869903564,0.9239543676376343,0.7817651629447937
YLL004W,YMR308C,0,2.0174646,0.11108571290969849,0.9239543676376343,0.7818657159805298
YLR295C,YNL044W,0,2.0172348,0.11107301712036133,0.9239543676376343,0.7819662094116211
YDR205W,YNL283C,0,2.0168662,0.11106032878160477,0.9239543676376343,0.7820667624473572
YDR416W,YNR060W,0,2.0168335,0.1110476404428482,0.9239543676376343,0.7821672558784485
YGL083W,YJR127C,0,2.016657,0.11103495210409164,0.9239543676376343,0.7822678089141846
YMR173W,YNL006W,0,2.0164907,0.11102227121591568,0.9239543676376343,0.7823683023452759
YPR133W-A,YJR103W,0,2.016028,0.11100959032773972,0.9239543676376343,0.782468855381012
YMR013C,YNR006W,0,2.0159056,0.11099691689014435,0.9239543676376343,0.7825693488121033
YHR002W,YBL098W,0,2.015863,0.11098424345254898,0.9239543676376343,0.7826699018478394
YKL007W,YHR061C,0,2.0157208,0.11097157001495361,0.9239543676376343,0.7827703952789307
YPR043W,YMR246W,0,2.0150642,0.11095890402793884,0.9239543676376343,0.7828709483146667
YOR071C,YPL208W,0,2.014898,0.11094623804092407,0.9239543676376343,0.7829714417457581
YNL147W,YLR390W,0,2.0144515,0.1109335795044899,0.9239543676376343,0.7830719947814941
YDR451C,YAL016W,0,2.0135977,0.11092092096805573,0.9239543676376343,0.7831724882125854
YLR301W,YJR133W,0,2.0135307,0.11090826243162155,0.9239543676376343,0.7832730412483215
YER101C,YLR270W,0,2.013391,0.11089560389518738,0.9239543676376343,0.7833735346794128
YNL032W,YML052W,0,2.0122044,0.1108829602599144,0.9239543676376343,0.7834740877151489
YER087W,YJL029C,0,2.0120723,0.11087030917406082,0.9239543676376343,0.7835745811462402
YGR238C,YHR005C-A,0,2.0116446,0.11085766553878784,0.9239543676376343,0.7836751341819763
YMR019W,YGR214W,0,2.0110822,0.11084502190351486,0.9239543676376343,0.7837756276130676
YKR055W,YPL002C,0,2.01086,0.11083238571882248,0.9239543676376343,0.7838761806488037
YEL053C,YNL006W,0,2.0105152,0.1108197495341301,0.9239543676376343,0.783976674079895
YDR173C,YER087C-B,0,2.01011,0.11080711334943771,0.9239543676376343,0.7840772271156311
YNL102W,YOR187W,0,2.009902,0.11079448461532593,0.9239543676376343,0.7841777205467224
YCR087C-A,YDR138W,0,2.0096278,0.11078185588121414,0.9239543676376343,0.7842782735824585
YMR146C,YER087C-B,0,2.0090914,0.11076922714710236,0.9239543676376343,0.7843787670135498
YPL213W,YDR461W,0,2.0088575,0.11075660586357117,0.9239543676376343,0.7844793200492859
YNL117W,YPR043W,0,2.0085447,0.11074399203062057,0.9239543676376343,0.7845798134803772
YLR113W,YBR276C,0,2.0083299,0.11073137074708939,0.9239543676376343,0.7846803665161133
YLL045C,YKR044W,0,2.008309,0.11071876436471939,0.9239543676376343,0.7847808599472046
YMR008C,YML056C,0,2.008163,0.1107061505317688,0.9239543676376343,0.7848814129829407
YKL082C,YBR074W,0,2.007362,0.1106935441493988,0.9239543676376343,0.784981906414032
YBR141C,YER019C-A,0,2.006727,0.11068093776702881,0.9239543676376343,0.7850823998451233
YMR276W,YER014C-A,0,2.006699,0.11066833883523941,0.9239543676376343,0.7851829528808594
YOR206W,YDR218C,0,2.0063763,0.11065573990345001,0.9239543676376343,0.7852834463119507
YPR072W,YHR057C,0,2.0063312,0.11064314097166061,0.9239543676376343,0.7853839993476868
YGL037C,YOR261C,0,2.005973,0.11063054949045181,0.9239543676376343,0.7854844927787781
YMR186W,YPL196W,0,2.0057163,0.11061795800924301,0.9239543676376343,0.7855850458145142
YBR282W,YKL130C,0,2.0056195,0.11060537397861481,0.9239543676376343,0.7856855392456055
YOR148C,YLR301W,0,2.0050495,0.1105927899479866,0.9239543676376343,0.7857860922813416
YNR067C,YFL066C,0,2.0049806,0.1105802059173584,0.9239543676376343,0.7858865857124329
YLR325C,YMR213W,0,2.0049748,0.11056762933731079,0.9239543676376343,0.785987138748169
YGL186C,YOR323C,0,2.0038013,0.11055505275726318,0.9239543676376343,0.7860876321792603
YLR024C,YPR160W,0,2.0035903,0.11054247617721558,0.9239543676376343,0.7861881852149963
YKL117W,YPL098C,0,2.0035405,0.11052990704774857,0.9239543676376343,0.7862886786460876
YKL038W,YPR001W,0,2.0034811,0.11051733791828156,0.9239543676376343,0.7863892316818237
YKL170W,YFR033C,0,2.0032952,0.11050477623939514,0.9239543676376343,0.786489725112915
YDR512C,YNL259C,0,2.0029738,0.11049221456050873,0.9239543676376343,0.7865902781486511
YEL062W,YGR143W,0,2.0028327,0.11047965288162231,0.9239543676376343,0.7866907715797424
YDL059C,YGL256W,0,2.0013113,0.1104670986533165,0.9239543676376343,0.7867913246154785
YKL103C,YER130C,0,2.0013096,0.11045454442501068,0.9239543676376343,0.7868918180465698
YHR132C,YHR057C,0,2.000491,0.11044199764728546,0.9239543676376343,0.7869923710823059
YDR454C,YMR193W,0,2.0004375,0.11042945086956024,0.9239543676376343,0.7870928645133972
YDL111C,YDR245W,0,2.0002918,0.11041690409183502,0.9239543676376343,0.7871934175491333
YGR255C,YDL035C,0,2.0002446,0.1104043647646904,0.9239543676376343,0.7872939109802246
YPL276W,YAL063C,0,1.9998497,0.11039182543754578,0.9239543676376343,0.7873944640159607
YLR113W,YLR266C,1,1.9998261,0.11049284785985947,0.9249049425125122,0.7873944640159607
YDL035C,YDR226W,0,1.9992064,0.11048030108213425,0.9249049425125122,0.787494957447052
YPL127C,YOR074C,0,1.9989133,0.11046775430440903,0.9249049425125122,0.7875955104827881
YDR205W,YLR386W,0,1.9979064,0.1104552149772644,0.9249049425125122,0.7876960039138794
YMR038C,YNR072W,0,1.9971222,0.11044267565011978,0.9249049425125122,0.7877965569496155
YBR287W,YML045W-A,0,1.9969236,0.11043014377355576,0.9249049425125122,0.7878970503807068
YCL074W,YBR196C,0,1.9967893,0.11041761189699173,0.9249049425125122,0.7879976034164429
YDL246C,YNL117W,0,1.9967868,0.1104050800204277,0.9249049425125122,0.7880980968475342
YEL052W,YBR187W,0,1.9967663,0.11039255559444427,0.9249049425125122,0.7881986498832703
YDL024C,YNL138W,0,1.9964195,0.11038003116846085,0.9249049425125122,0.7882991433143616
YOR304C-A,YOR317W,0,1.9964113,0.11036751419305801,0.9249049425125122,0.7883996963500977
YDR383C,YOR393W,0,1.9963157,0.11035499721765518,0.9249049425125122,0.788500189781189
YBR274W,YMR054W,0,1.9959084,0.11034248024225235,0.9249049425125122,0.788600742816925
YKR055W,YJR005W,0,1.9955784,0.11032997071743011,0.9249049425125122,0.7887012362480164
YHR012W,YDL021W,0,1.9954113,0.11031746119260788,0.9249049425125122,0.7888017892837524
YPR024W,YGL186C,0,1.9952202,0.11030495166778564,0.9249049425125122,0.7889022827148438
YDR233C,YGR167W,0,1.995056,0.110292449593544,0.9249049425125122,0.7890028357505798
YFL017W-A,YER104W,0,1.9949726,0.11027994751930237,0.9249049425125122,0.7891033291816711
YDR261C-D,YLL040C,0,1.9947757,0.11026745289564133,0.9249049425125122,0.7892038822174072
YJL149W,YLR251W,0,1.9947513,0.11025495827198029,0.9249049425125122,0.7893043756484985
YML127W,YDR167W,1,1.9947053,0.11035576462745667,0.9258555173873901,0.7893043756484985
YOL148C,YBR049C,1,1.9945616,0.11045655608177185,0.9268060922622681,0.7893043756484985
YDR082W,YGL113W,0,1.9942974,0.11044403910636902,0.9268060922622681,0.7894049286842346
YPL094C,YOR209C,0,1.9938873,0.11043152958154678,0.9268060922622681,0.7895054221153259
YMR186W,YMR300C,0,1.9936206,0.11041902750730515,0.9268060922622681,0.789605975151062
YOR187W,YOL090W,0,1.9929811,0.11040652543306351,0.9268060922622681,0.7897064685821533
YCR087C-A,YFL001W,0,1.9926336,0.11039402335882187,0.9268060922622681,0.7898070216178894
YOR142W-B,YOR230W,0,1.992539,0.11038152128458023,0.9268060922622681,0.7899075150489807
YNL102W,YGL244W,0,1.992273,0.11036902666091919,0.9268060922622681,0.7900080680847168
YFR031C,YGR177C,0,1.9919106,0.11035653948783875,0.9268060922622681,0.7901085615158081
YBL098W,YGR134W,0,1.9918711,0.1103440448641777,0.9268060922622681,0.7902091145515442
YLR129W,YFL023W,0,1.9915442,0.11033155769109726,0.9268060922622681,0.7903096079826355
YGL150C,YKL005C,1,1.9909846,0.1104322224855423,0.927756667137146,0.7903096079826355
YGR282C,YIL177C,0,1.9906495,0.11041972786188126,0.927756667137146,0.7904101610183716
YBR287W,YEL062W,0,1.9900942,0.11040724068880081,0.927756667137146,0.7905106544494629
YMR025W,YJL085W,0,1.990048,0.11039475351572037,0.927756667137146,0.790611207485199
YEL029C,YMR143W,0,1.9899448,0.11038226634263992,0.927756667137146,0.7907117009162903
YOR142W,YLR251W,0,1.9898944,0.11036978662014008,0.927756667137146,0.7908121943473816
YFR045W,YBR128C,0,1.9891857,0.11035730689764023,0.927756667137146,0.7909127473831177
YNL085W,YJR004C,0,1.9890276,0.11034482717514038,0.927756667137146,0.791013240814209
YML058W-A,YKR056W,0,1.9888617,0.11033235490322113,0.927756667137146,0.7911137938499451
YGL127C,YPL230W,1,1.9884142,0.11043291538953781,0.9287072420120239,0.7911137938499451
YGR144W,YDR453C,0,1.9875033,0.11042043566703796,0.9287072420120239,0.7912142872810364
YDL061C,YFL010W-A,0,1.9873422,0.11040795594453812,0.9287072420120239,0.7913148403167725
YGR036C,YLR050C,0,1.9870275,0.11039548367261887,0.9287072420120239,0.7914153337478638
YLR206W,YAL031C,0,1.9858744,0.11038300395011902,0.9287072420120239,0.7915158867835999
YGL170C,YPR138C,0,1.9852103,0.11037053912878036,0.9287072420120239,0.7916163802146912
YER117W,YOL026C,0,1.9851238,0.11035807430744171,0.9287072420120239,0.7917169332504272
YPL274W,YKL085W,0,1.9844304,0.11034560948610306,0.9287072420120239,0.7918174266815186
YGR221C,YJL060W,0,1.9841857,0.1103331446647644,0.9287072420120239,0.7919179797172546
YMR042W,YOR298C-A,1,1.9834671,0.11043360084295273,0.9296578168869019,0.7919179797172546
YJL114W,YPR072W,0,1.9832841,0.11042113602161407,0.9296578168869019,0.792018473148346
YNL297C,YMR137C,0,1.9826858,0.11040867120027542,0.9296578168869019,0.792119026184082
YDR296W,YLR026C,0,1.9822158,0.11039620637893677,0.9296578168869019,0.7922195196151733
YOL129W,YFR045W,0,1.9821585,0.11038374900817871,0.9296578168869019,0.7923200726509094
YLR289W,YDL029W,0,1.982137,0.11037129163742065,0.9296578168869019,0.7924205660820007
YFL066C,YFL045C,0,1.9804801,0.1103588342666626,0.9296578168869019,0.7925211191177368
YJR006W,YOR020C,0,1.9804604,0.11034638434648514,0.9296578168869019,0.7926216125488281
YML058W-A,YML036W,0,1.9801074,0.11033393442630768,0.9296578168869019,0.7927221655845642
YER045C,YER139C,1,1.9795265,0.11043429374694824,0.9306083917617798,0.7927221655845642
YCL014W,YLR103C,0,1.9792979,0.11042183637619019,0.9306083917617798,0.7928226590156555
YNR074C,YGR167W,0,1.979258,0.11040938645601273,0.9306083917617798,0.7929232120513916
YER046W,YOR327C,0,1.9778941,0.11039692908525467,0.9306083917617798,0.7930237054824829
YNL309W,YLL061W,0,1.9778887,0.1103844866156578,0.9306083917617798,0.793124258518219
YLR386W,YMR301C,0,1.9772645,0.11037204414606094,0.9306083917617798,0.7932247519493103
YDL097C,YMR239C,0,1.9767696,0.11035960167646408,0.9306083917617798,0.7933253049850464
YOL038W,YNL026W,0,1.9762655,0.11034715920686722,0.9306083917617798,0.7934257984161377
YLR285W,YOR355W,0,1.9762076,0.11033472418785095,0.9306083917617798,0.7935263514518738
YGR225W,YGR179C,0,1.9761151,0.11032228916883469,0.9306083917617798,0.7936268448829651
YEL069C,YJR053W,0,1.975919,0.11030986160039902,0.9306083917617798,0.7937273979187012
YPR182W,YMR321C,0,1.9755698,0.11029743403196335,0.9306083917617798,0.7938278913497925
YIL021W,YER165W,0,1.9747787,0.11028500646352768,0.9306083917617798,0.7939284443855286
YJL166W,YOR194C,0,1.9746872,0.11027258634567261,0.9306083917617798,0.7940289378166199
YLR291C,YBR080C,0,1.9744812,0.11026016622781754,0.9306083917617798,0.794129490852356
YPR001W,YPR030W,0,1.97448,0.11024774610996246,0.9306083917617798,0.7942299842834473
YGL172W,YBR010W,0,1.9743946,0.11023533344268799,0.9306083917617798,0.7943305373191833
YAL024C,YGL220W,0,1.9741613,0.11022292077541351,0.9306083917617798,0.7944310307502747
YNL238W,YKL053C-A,0,1.9739909,0.11021051555871964,0.9306083917617798,0.7945315837860107
YKL190W,YFL010W-A,0,1.9738896,0.11019811034202576,0.9306083917617798,0.794632077217102
YOL082W,YKL210W,0,1.973837,0.11018570512533188,0.9306083917617798,0.7947326302528381
YOL102C,YGL226C-A,0,1.9732312,0.1101733073592186,0.9306083917617798,0.7948331236839294
YHR179W,YOL090W,0,1.9718267,0.11016090959310532,0.9306083917617798,0.7949336767196655
YDR296W,YHR175W,0,1.9717642,0.11014851182699203,0.9306083917617798,0.7950341701507568
YOR187W,YPL129W,0,1.9716276,0.11013612151145935,0.9306083917617798,0.7951347231864929
YNR021W,YNL309W,0,1.9705426,0.11012373119592667,0.9306083917617798,0.7952352166175842
YHR209W,YOR219C,0,1.9705424,0.11011134833097458,0.9306083917617798,0.7953357696533203
YER130C,YGL259W,0,1.9704992,0.11009896546602249,0.9306083917617798,0.7954362630844116
YMR241W,YNL314W,0,1.9699259,0.1100865826010704,0.9306083917617798,0.7955368161201477
YKL093W,YGR077C,0,1.9693413,0.11007420718669891,0.9306083917617798,0.795637309551239
YJL166W,YDL202W,0,1.9693016,0.11006183177232742,0.9306083917617798,0.7957378625869751
YDR518W,YBR120C,0,1.968337,0.11004946380853653,0.9306083917617798,0.7958383560180664
YHR069C,YER165W,0,1.9680996,0.11003708839416504,0.9306083917617798,0.7959389090538025
YEL031W,YDR332W,0,1.9676735,0.11002472788095474,0.9306083917617798,0.7960394024848938
YPL064C,YDR296W,0,1.9676605,0.11001235991716385,0.9306083917617798,0.7961399555206299
YER050C,YLR395C,0,1.9673433,0.10999999940395355,0.9306083917617798,0.7962404489517212
YAL016W,YFL010W-A,0,1.9673258,0.10998763889074326,0.9306083917617798,0.7963410019874573
YNL261W,YDL074C,0,1.9672134,0.10997528582811356,0.9306083917617798,0.7964414954185486
YDR423C,YGR027C,0,1.967012,0.10996293276548386,0.9306083917617798,0.7965419888496399
YDR285W,YDR332W,0,1.9667261,0.10995058715343475,0.9306083917617798,0.796642541885376
YIL006W,YJL149W,0,1.9660823,0.10993823409080505,0.9306083917617798,0.7967430353164673
YLL003W,YPL131W,0,1.9659568,0.10992589592933655,0.9306083917617798,0.7968435883522034
YHR012W,YNL138W,0,1.9654186,0.10991355031728745,0.9306083917617798,0.7969440817832947
YBR196C,YJR140C,0,1.9647061,0.10990121215581894,0.9306083917617798,0.7970446348190308
YHR214C-B,YJL187C,0,1.9640887,0.10988887399435043,0.9306083917617798,0.7971451282501221
YBL041W,YPL094C,0,1.9636271,0.10987654328346252,0.9306083917617798,0.7972456812858582
YGR036C,YBR287W,0,1.9635593,0.10986421257257462,0.9306083917617798,0.7973461747169495
YLR425W,YKR035W-A,0,1.9626616,0.1098518818616867,0.9306083917617798,0.7974467277526855
YJL194W,YDR444W,0,1.9621933,0.1098395586013794,0.9306083917617798,0.7975472211837769
YLR113W,YOR085W,0,1.9620209,0.10982723534107208,0.9306083917617798,0.7976477742195129
YKL190W,YHL034C,0,1.9615692,0.10981491953134537,0.9306083917617798,0.7977482676506042
YNL172W,YGL148W,0,1.9615604,0.10980260372161865,0.9306083917617798,0.7978488206863403
YCL024W,YBR031W,0,1.9615196,0.10979028791189194,0.9306083917617798,0.7979493141174316
YGR109W-B,YKR069W,0,1.9614781,0.10977797955274582,0.9306083917617798,0.7980498671531677
YCL024W,YPL093W,0,1.9609622,0.1097656711935997,0.9306083917617798,0.798150360584259
YDR195W,YJR140C,1,1.9608678,0.1098654717206955,0.9315589070320129,0.798150360584259
YPR158C-C,YIL020C,0,1.9608318,0.10985315591096878,0.9315589070320129,0.7982509136199951
YKR035W-A,YOR340C,0,1.960561,0.10984084010124207,0.9315589070320129,0.7983514070510864
YLR256W-A,YML052W,0,1.960291,0.10982853174209595,0.9315589070320129,0.7984519600868225
YNR074C,YOR142W-B,0,1.9602145,0.10981622338294983,0.9315589070320129,0.7985524535179138
YBR275C,YJL004C,0,1.9595796,0.10980392247438431,0.9315589070320129,0.7986530065536499
YBR183W,YDR392W,0,1.959384,0.10979162156581879,0.9315589070320129,0.7987534999847412
YML058W-A,YKL203C,0,1.959079,0.10977932065725327,0.9315589070320129,0.7988540530204773
YDR414C,YNL282W,0,1.9589127,0.10976702719926834,0.9315589070320129,0.7989545464515686
YMR087W,YKL165C,0,1.958089,0.10975473374128342,0.9315589070320129,0.7990550994873047
YLR165C,YER185W,0,1.9580017,0.10974244028329849,0.9315589070320129,0.799155592918396
YBR183W,YER008C,0,1.9575661,0.10973015427589417,0.9315589070320129,0.7992561459541321
YNL273W,YMR179W,0,1.9573809,0.10971786826848984,0.9315589070320129,0.7993566393852234
YJL172W,YLR256W-A,0,1.9570972,0.10970558971166611,0.9315589070320129,0.7994571924209595
YDR059C,YNL284C-A,0,1.9568452,0.10969330370426178,0.9315589070320129,0.7995576858520508
YKL007W,YKL096W-A,0,1.9567894,0.10968103259801865,0.9315589070320129,0.7996582388877869
YIL134W,YJL071W,0,1.9563552,0.10966875404119492,0.9315589070320129,0.7997587323188782
YOR074C,YBR145W,0,1.9563165,0.10965648293495178,0.9315589070320129,0.7998592853546143
YOL103W-B,YMR025W,0,1.9557927,0.10964421927928925,0.9315589070320129,0.7999597787857056
YDR164C,YEL036C,0,1.9556996,0.10963194817304611,0.9315589070320129,0.8000603318214417
YDL133C-A,YOR283W,0,1.9554003,0.10961968451738358,0.9315589070320129,0.800160825252533
YDL217C,YLR153C,0,1.9548638,0.10960742831230164,0.9315589070320129,0.800261378288269
YPR158C-C,YIL133C,0,1.9546913,0.1095951721072197,0.9315589070320129,0.8003618717193604
YIL142W,YOL158C,0,1.9538372,0.10958291590213776,0.9315589070320129,0.8004624247550964
YGL225W,YBR061C,0,1.9531132,0.10957065969705582,0.9315589070320129,0.8005629181861877
YGL237C,YKL161C,0,1.9523098,0.10955841094255447,0.9315589070320129,0.8006634712219238
YMR241W,YOR020C,0,1.9523066,0.10954616218805313,0.9315589070320129,0.8007639646530151
YHR074W,YDL128W,0,1.9520893,0.10953392088413239,0.9315589070320129,0.8008645176887512
YKL032C,YJR140C,1,1.9516412,0.1096334382891655,0.9325094819068909,0.8008645176887512
YPL244C,YJL095W,0,1.9510101,0.10962118953466415,0.9325094819068909,0.8009650111198425
YJL166W,YPR001W,0,1.9509296,0.10960894078016281,0.9325094819068909,0.8010655641555786
YCL043C,YKL074C,0,1.9505883,0.10959669202566147,0.9325094819068909,0.8011660575866699
YDR211W,YBR074W,0,1.9498628,0.10958445072174072,0.9325094819068909,0.801266610622406
YER050C,YDR261W-A,0,1.949808,0.10957220941781998,0.9325094819068909,0.8013671040534973
YNL016W,YML036W,0,1.949709,0.10955997556447983,0.9325094819068909,0.8014676570892334
YNL202W,YEL041W,0,1.9489752,0.10954774171113968,0.9325094819068909,0.8015681505203247
YGR109W-B,YLR348C,0,1.9469804,0.10953550785779953,0.9325094819068909,0.8016687035560608
YHR074W,YNL283C,0,1.9464755,0.10952328145503998,0.9325094819068909,0.8017691969871521
YNL103W,YDR169C,1,1.9463412,0.10962268710136414,0.9334600567817688,0.8017691969871521
YER049W,YMR246W,0,1.9462472,0.10961044579744339,0.9334600567817688,0.8018697500228882
YIR018W,YNR035C,0,1.9458052,0.10959821194410324,0.9334600567817688,0.8019702434539795
YMR169C,YPL113C,0,1.9450203,0.10958598554134369,0.9334600567817688,0.8020707964897156
YJL112W,YPL167C,0,1.944524,0.10957375913858414,0.9334600567817688,0.8021712899208069
YPR080W,YJR032W,0,1.9441702,0.10956153273582458,0.9334600567817688,0.802271842956543
YLR285W,YOL004W,0,1.94367,0.10954930633306503,0.9334600567817688,0.8023723363876343
YDR172W,YJL134W,0,1.9435478,0.10953708738088608,0.9334600567817688,0.8024728298187256
YOL129W,YNL309W,0,1.9430733,0.10952486842870712,0.9334600567817688,0.8025733828544617
YPR011C,YFL021W,0,1.9424015,0.10951265692710876,0.9334600567817688,0.802673876285553
YCL004W,YHR079C,0,1.9421886,0.1095004454255104,0.9334600567817688,0.8027744293212891
YLR447C,YMR033W,0,1.9421067,0.10948823392391205,0.9334600567817688,0.8028749227523804
YGL183C,YPR152C,0,1.9420977,0.10947602987289429,0.9334600567817688,0.8029754757881165
YKL067W,YOR180C,0,1.9418391,0.10946382582187653,0.9334600567817688,0.8030759692192078
YKL090W,YKL165C,0,1.9416277,0.10945162922143936,0.9334600567817688,0.8031765222549438
YPL147W,YPR127W,0,1.9407103,0.1094394326210022,0.9334600567817688,0.8032770156860352
YOR212W,YBR222C,0,1.9399598,0.10942723602056503,0.9334600567817688,0.8033775687217712
YPL042C,YBR096W,0,1.9393429,0.10941503942012787,0.9334600567817688,0.8034780621528625
YDL036C,YLR016C,0,1.9388368,0.1094028502702713,0.9334600567817688,0.8035786151885986
YIR023W,YDR448W,1,1.9381056,0.10950206220149994,0.9344106316566467,0.8035786151885986
YAL033W,YBL028C,0,1.9379189,0.10948986560106277,0.9344106316566467,0.8036791086196899
YMR136W,YCR026C,0,1.9375528,0.10947766900062561,0.9344106316566467,0.803779661655426
YNL107W,YPR133W-A,0,1.9371145,0.10946547985076904,0.9344106316566467,0.8038801550865173
YHR059W,YPL244C,0,1.9368669,0.10945329070091248,0.9344106316566467,0.8039807081222534
YPR182W,YKL119C,0,1.9362153,0.10944110155105591,0.9344106316566467,0.8040812015533447
YLR107W,YMR250W,0,1.9356945,0.10942891985177994,0.9344106316566467,0.8041817545890808
YGR020C,YKL175W,0,1.9353774,0.10941673815250397,0.9344106316566467,0.8042822480201721
YOL066C,YDR470C,0,1.934842,0.1094045639038086,0.9344106316566467,0.8043828010559082
YEL062W,YBR145W,0,1.933971,0.10939238965511322,0.9344106316566467,0.8044832944869995
YKL096W-A,YLR164W,0,1.9339538,0.10938021540641785,0.9344106316566467,0.8045838475227356
YNL147W,YLR264W,0,1.9339014,0.10936804860830307,0.9344106316566467,0.8046843409538269
YDL121C,YNL290W,0,1.9330219,0.1093558818101883,0.9344106316566467,0.804784893989563
YEL037C,YOL107W,0,1.9324782,0.10934371501207352,0.9344106316566467,0.8048853874206543
YMR117C,YNL050C,0,1.9320968,0.10933155566453934,0.9344106316566467,0.8049859404563904
YNR074C,YEL031W,0,1.9317164,0.10931939631700516,0.9344106316566467,0.8050864338874817
YLR383W,YNR013C,0,1.9308045,0.10930723696947098,0.9344106316566467,0.8051869869232178
YMR227C,YDL040C,0,1.9302481,0.1092950850725174,0.9344106316566467,0.8052874803543091
YNL202W,YHR156C,0,1.930117,0.10928293317556381,0.9344106316566467,0.8053880333900452
YKR071C,YDL171C,0,1.9299854,0.10927078872919083,0.9344106316566467,0.8054885268211365
YBR026C,YLR330W,0,1.9291707,0.10925864428281784,0.9344106316566467,0.8055890798568726
YOR317W,YOL107W,0,1.9291431,0.10924649983644485,0.9344106316566467,0.8056895732879639
YGL026C,YLR151C,0,1.9291323,0.10923436284065247,0.9344106316566467,0.8057901263237
YDR414C,YOR222W,0,1.9283255,0.10922222584486008,0.9344106316566467,0.8058906197547913
YBL058W,YDL047W,0,1.9281188,0.10921008884906769,0.9344106316566467,0.8059911727905273
YFL066C,YLR386W,0,1.927899,0.1091979593038559,0.9344106316566467,0.8060916662216187
YPR035W,YLL008W,0,1.9277184,0.1091858297586441,0.9344106316566467,0.8061922192573547
YGR052W,YDR261W-A,0,1.9276178,0.10917370021343231,0.9344106316566467,0.806292712688446
YEL040W,YMR267W,0,1.9273162,0.10916157811880112,0.9344106316566467,0.8063932657241821
YDL217C,YDR296W,0,1.926807,0.10914945602416992,0.9344106316566467,0.8064937591552734
YFR013W,YNL102W,0,1.926634,0.10913733392953873,0.9344106316566467,0.8065943121910095
YPR137C-A,YKL210W,0,1.9265379,0.10912521928548813,0.9344106316566467,0.8066948056221008
YOR298C-A,YIL128W,1,1.926344,0.1092241108417511,0.9353612065315247,0.8066948056221008
YGL103W,YDR470C,0,1.9261822,0.1092119887471199,0.9353612065315247,0.8067953586578369
YDR233C,YGL060W,0,1.9261346,0.10919986665248871,0.9353612065315247,0.8068958520889282
YPL075W,YPL254W,1,1.9259398,0.1092987135052681,0.9363117814064026,0.8068958520889282
YHL034C,YDL097C,0,1.9257305,0.1092865839600563,0.9363117814064026,0.8069964051246643
YBR080C,YAR031W,0,1.9253894,0.10927446186542511,0.9363117814064026,0.8070968985557556
YMR025W,YER087C-B,0,1.9248453,0.10926233977079391,0.9363117814064026,0.8071974515914917
YBR282W,YBR128C,0,1.9243083,0.10925022512674332,0.9363117814064026,0.807297945022583
YNL231C,YOL090W,0,1.9240613,0.10923810303211212,0.9363117814064026,0.8073984980583191
YKL130C,YER171W,0,1.9240007,0.10922599583864212,0.9363117814064026,0.8074989914894104
YLL034C,YPR190C,0,1.9228956,0.10921388119459152,0.9363117814064026,0.8075995445251465
YGR032W,YPR159W,0,1.9227309,0.10920177400112152,0.9363117814064026,0.8077000379562378
YCR014C,YLR219W,0,1.921944,0.10918966680765152,0.9363117814064026,0.8078005909919739
YPL007C,YJL144W,0,1.9208177,0.10917756706476212,0.9363117814064026,0.8079010844230652
YJR057W,YNR067C,0,1.920528,0.10916546732187271,0.9363117814064026,0.8080016374588013
YLL041C,YPL276W,0,1.919151,0.1091533675789833,0.9363117814064026,0.8081021308898926
YDR383C,YOR187W,0,1.9187692,0.1091412752866745,0.9363117814064026,0.8082026243209839
YGR221C,YJL155C,0,1.9186758,0.10912918299436569,0.9363117814064026,0.80830317735672
YLR401C,YPL183W-A,0,1.9182252,0.10911709070205688,0.9363117814064026,0.8084036707878113
YNL298W,YER087C-B,0,1.9176089,0.10910500586032867,0.9363117814064026,0.8085042238235474
YOL071W,YCR020W-B,1,1.9175068,0.10920367389917374,0.9372623562812805,0.8085042238235474
YPL218W,YDL083C,0,1.917237,0.10919158160686493,0.9372623562812805,0.8086047172546387
YGL068W,YDL227C,0,1.9171184,0.10917948931455612,0.9372623562812805,0.8087052702903748
YDL170W,YER087C-B,0,1.9168327,0.10916740447282791,0.9372623562812805,0.8088057637214661
YOR151C,YDR303C,1,1.9166305,0.10926602780818939,0.9382129311561584,0.8088057637214661
YPL167C,YNL175C,0,1.9165218,0.10925392806529999,0.9382129311561584,0.8089063167572021
YGR251W,YNL302C,0,1.9155401,0.10924183577299118,0.9382129311561584,0.8090068101882935
YKL020C,YPL113C,0,1.9150757,0.10922975093126297,0.9382129311561584,0.8091073632240295
YPR182W,YJL194W,0,1.9149114,0.10921765863895416,0.9382129311561584,0.8092078566551208
YOR074C,YOR222W,0,1.9132425,0.10920557379722595,0.9382129311561584,0.8093084096908569
YHR059W,YLR316C,0,1.9128524,0.10919349640607834,0.9382129311561584,0.8094089031219482
YPR171W,YMR046C,0,1.9125329,0.10918141901493073,0.9382129311561584,0.8095094561576843
YDL055C,YKR028W,0,1.9123644,0.10916934162378311,0.9382129311561584,0.8096099495887756
YBR020W,YBR074W,0,1.9113623,0.1091572642326355,0.9382129311561584,0.8097105026245117
YPL180W,YLR300W,0,1.9106284,0.10914519429206848,0.9382129311561584,0.809810996055603
YNL178W,YHR156C,0,1.9103801,0.10913312435150146,0.9382129311561584,0.8099115490913391
YBR247C,YGL148W,0,1.9098715,0.10912106186151505,0.9382129311561584,0.8100120425224304
YLR197W,YML080W,0,1.9092966,0.10910899937152863,0.9382129311561584,0.8101125955581665
YBL085W,YPL027W,0,1.9090346,0.1090969368815422,0.9382129311561584,0.8102130889892578
YJL200C,YCL026C-B,0,1.9086782,0.10908488184213638,0.9382129311561584,0.8103136420249939
YMR300C,YGR027C,0,1.9085872,0.10907282680273056,0.9382129311561584,0.8104141354560852
YPR196W,YER052C,0,1.908262,0.10906077176332474,0.9382129311561584,0.8105146884918213
YCR020W-B,YPR065W,1,1.9079815,0.1091592088341713,0.9391635060310364,0.8105146884918213
YPR002W,YNR013C,0,1.9073092,0.10914714634418488,0.9391635060310364,0.8106151819229126
YJL191W,YFR001W,0,1.9070712,0.10913509130477905,0.9391635060310364,0.8107157349586487
YOR176W,YDL070W,0,1.9067134,0.10912303626537323,0.9391635060310364,0.81081622838974
YDR196C,YDL021W,0,1.905939,0.109110988676548,0.9391635060310364,0.8109167814254761
YLL040C,YOR020C,0,1.9051368,0.10909894108772278,0.9391635060310364,0.8110172748565674
YBR276C,YGL103W,0,1.9048389,0.10908689349889755,0.9391635060310364,0.8111178278923035
YKL061W,YDR226W,0,1.9042504,0.10907485336065292,0.9391635060310364,0.8112183213233948
YIL021W,YPR190C,0,1.9036583,0.1090628132224083,0.9391635060310364,0.8113188743591309
YGR169C,YAR002C-A,0,1.9030274,0.10905077308416367,0.9391635060310364,0.8114193677902222
YGR252W,YDL061C,0,1.9029641,0.10903874039649963,0.9391635060310364,0.8115199208259583
YDR383C,YPL110C,0,1.9024096,0.1090267077088356,0.9391635060310364,0.8116204142570496
YCL018W,YBL079W,0,1.9021624,0.10901467502117157,0.9391635060310364,0.8117209672927856
YPL087W,YNL335W,0,1.9020952,0.10900264978408813,0.9391635060310364,0.811821460723877
YJL213W,YKL094W,0,1.9020122,0.1089906245470047,0.9391635060310364,0.811922013759613
YBR202W,YDR261W-A,0,1.9019015,0.10897859930992126,0.9391635060310364,0.8120225071907043
YOL129W,YOR085W,0,1.9017493,0.10896658152341843,0.9391635060310364,0.8121230602264404
YPL213W,YKL200C,0,1.9015325,0.10895456373691559,0.9391635060310364,0.8122235536575317
YBL091C-A,YKL130C,0,1.9014826,0.10894255340099335,0.9391635060310364,0.8123241066932678
YCL074W,YNL122C,0,1.9006265,0.1089305430650711,0.9391635060310364,0.8124246001243591
YGL174W,YDR173C,0,1.9002119,0.10891853272914886,0.9391635060310364,0.8125251531600952
YBR230C,YPL078C,0,1.9001448,0.10890652239322662,0.9391635060310364,0.8126256465911865
YJR151C,YLR153C,0,1.8996369,0.10889451950788498,0.9391635060310364,0.8127261996269226
YGR085C,YMR193W,0,1.8993207,0.10888252407312393,0.9391635060310364,0.8128266930580139
YOR071C,YLR285W,0,1.8991235,0.10887052118778229,0.9391635060310364,0.81292724609375
YDR304C,YBR093C,0,1.8990781,0.10885852575302124,0.9391635060310364,0.8130277395248413
YDR131C,YOR219C,0,1.8976247,0.10884653776884079,0.9391635060310364,0.8131282925605774
YDR512C,YKL130C,0,1.8975588,0.10883454233407974,0.9391635060310364,0.8132287859916687
YLR033W,YLR268W,0,1.8974017,0.10882255434989929,0.9391635060310364,0.8133293390274048
YPR191W,YNR010W,0,1.897232,0.10881057381629944,0.9391635060310364,0.8134298324584961
YOL082W,YAL039C,0,1.896972,0.10879859328269958,0.9391635060310364,0.8135303854942322
YOR054C,YOR219C,0,1.8967817,0.10878661274909973,0.9391635060310364,0.8136308789253235
YJR006W,YMR321C,0,1.8967682,0.10877463221549988,0.9391635060310364,0.8137314319610596
YBR230C,YER002W,0,1.8967092,0.10876265913248062,0.9391635060310364,0.8138319253921509
YLR157C,YIL076W,0,1.8964196,0.10875068604946136,0.9391635060310364,0.813932478427887
YLR191W,YBL085W,0,1.8963892,0.1087387204170227,0.9391635060310364,0.8140329718589783
YCR057C,YDR444W,0,1.8963104,0.10872675478458405,0.9391635060310364,0.8141334652900696
YBR195C,YDL021W,0,1.8962803,0.10871478915214539,0.9391635060310364,0.8142340183258057
YMR078C,YBL052C,0,1.8962263,0.10870283097028732,0.9391635060310364,0.814334511756897
YHR175W,YIL135C,0,1.8959203,0.10869087278842926,0.9391635060310364,0.8144350647926331
YHR004C,YLR160C,0,1.8951262,0.1086789146065712,0.9391635060310364,0.8145355582237244
YBR129C,YLR391W,0,1.8946359,0.10866695642471313,0.9391635060310364,0.8146361112594604
YCL043C,YBL011W,0,1.89442,0.10865500569343567,0.9391635060310364,0.8147366046905518
YKL003C,YOR008C,0,1.8943756,0.1086430624127388,0.9391635060310364,0.8148371577262878
YBR059C,YOL151W,0,1.8942116,0.10863111913204193,0.9391635060310364,0.8149376511573792
YLL002W,YMR203W,0,1.893601,0.10861917585134506,0.9391635060310364,0.8150382041931152
YNL202W,YBR067C,0,1.8934783,0.1086072325706482,0.9391635060310364,0.8151386976242065
YBR095C,YML056C,0,1.8933393,0.10859529674053192,0.9391635060310364,0.8152392506599426
YPL163C,YLR153C,0,1.892868,0.10858336091041565,0.9391635060310364,0.8153397440910339
YDR451C,YPR060C,0,1.8924507,0.10857142508029938,0.9391635060310364,0.81544029712677
YBL089W,YGR214W,0,1.8922453,0.1085594967007637,0.9391635060310364,0.8155407905578613
YPL188W,YPL208W,0,1.8918763,0.10854756832122803,0.9391635060310364,0.8156413435935974
YER137C-A,YGL190C,0,1.8917527,0.10853564739227295,0.9391635060310364,0.8157418370246887
YGR264C,YDR072C,0,1.8917061,0.10852372646331787,0.9391635060310364,0.8158423900604248
YPR160W,YBR173C,0,1.8916357,0.10851180553436279,0.9391635060310364,0.8159428834915161
YDR518W,YMR227C,0,1.8913207,0.10849989205598831,0.9391635060310364,0.8160434365272522
YLR206W,YNL084C,0,1.8912148,0.10848797857761383,0.9391635060310364,0.8161439299583435
YDR518W,YGL050W,0,1.8908347,0.10847606509923935,0.9391635060310364,0.8162444829940796
YDL055C,YNL230C,0,1.8906438,0.10846415907144547,0.9391635060310364,0.8163449764251709
YDR512C,YJR133W,0,1.8901635,0.10845225304365158,0.9391635060310364,0.816445529460907
YOR301W,YDR059C,0,1.8897011,0.1084403470158577,0.9391635060310364,0.8165460228919983
YMR319C,YFL017W-A,0,1.8891472,0.10842844843864441,0.9391635060310364,0.8166465759277344
YKL170W,YJL117W,0,1.889066,0.10841654986143112,0.9391635060310364,0.8167470693588257
YLR353W,YMR143W,0,1.8886606,0.10840465128421783,0.9391635060310364,0.8168476223945618
YKL144C,YOR313C,0,1.8869108,0.10839276015758514,0.9391635060310364,0.8169481158256531
YAL033W,YKL009W,0,1.8869048,0.10838086903095245,0.9391635060310364,0.8170486688613892
YJL034W,YOR292C,0,1.8866566,0.10836897790431976,0.9391635060310364,0.8171491622924805
YLR129W,YDR470C,0,1.8863252,0.10835709422826767,0.9391635060310364,0.8172497153282166
YHR041C,YCR052W,1,1.8859019,0.1084548756480217,0.9401140809059143,0.8172497153282166
YMR203W,YLR429W,0,1.8856621,0.10844298452138901,0.9401140809059143,0.8173502087593079
YNL147W,YPR200C,0,1.8848411,0.10843109339475632,0.9401140809059143,0.817450761795044
YNL314W,YGL026C,0,1.8845234,0.10841920971870422,0.9401140809059143,0.8175512552261353
YPR204W,YJL134W,0,1.8843869,0.10840731859207153,0.9401140809059143,0.8176518082618713
YOR148C,YPR127W,0,1.8843722,0.10839544236660004,0.9401140809059143,0.8177523016929626
YOR159C,YDR496C,0,1.8838856,0.10838355869054794,0.9401140809059143,0.8178528547286987
YGL115W,YLR449W,1,1.8835387,0.108481265604496,0.9410646557807922,0.8178528547286987
YKR008W,YFR036W,0,1.8830001,0.10846937447786331,0.9410646557807922,0.81795334815979
YBL101W-B,YJR036C,0,1.8824869,0.10845749080181122,0.9410646557807922,0.8180539011955261
YOR224C,YOR047C,1,1.8824397,0.1085551530122757,0.9420152306556702,0.8180539011955261
YDL142C,YFR052W,0,1.882166,0.108543261885643,0.9420152306556702,0.8181543946266174
YBL101W-B,YOL026C,0,1.8821129,0.10853137820959091,0.9420152306556702,0.8182549476623535
YDR233C,YBR037C,0,1.8818363,0.10851949453353882,0.9420152306556702,0.8183554410934448
YDR210C-C,YDL227C,0,1.8815523,0.10850761085748672,0.9420152306556702,0.8184559941291809
YKL170W,YOR176W,0,1.8815309,0.10849572718143463,0.9420152306556702,0.8185564875602722
YDL024C,YAR027W,0,1.8813694,0.10848385095596313,0.9420152306556702,0.8186570405960083
YKL117W,YOR020C,0,1.8809688,0.10847198218107224,0.9420152306556702,0.8187575340270996
YMR284W,YMR193W,0,1.8808167,0.10846010595560074,0.9420152306556702,0.8188580870628357
YNL085W,YLR203C,0,1.880627,0.10844823718070984,0.9420152306556702,0.818958580493927
YBR002C,YPL050C,0,1.8806013,0.10843636840581894,0.9420152306556702,0.8190591335296631
YIR039C,YDR496C,0,1.8805374,0.10842450708150864,0.9420152306556702,0.8191596269607544
YMR112C,YER139C,1,1.8781793,0.10852204263210297,0.9429658055305481,0.8191596269607544
YPR002W,YBL034C,0,1.8778177,0.10851017385721207,0.9429658055305481,0.8192601799964905
YLR020C,YER168C,0,1.8776139,0.10849830508232117,0.9429658055305481,0.8193606734275818
YDR240C,YOR020C,0,1.8774959,0.10848643630743027,0.9429658055305481,0.8194612264633179
YLL002W,YMR194W,0,1.877332,0.10847457498311996,0.9429658055305481,0.8195617198944092
YGR288W,YJL034W,0,1.87706,0.10846271365880966,0.9429658055305481,0.8196622729301453
YGL083W,YBL029C-A,0,1.87674,0.10845085978507996,0.9429658055305481,0.8197627663612366
YDR030C,YBL098W,0,1.8765179,0.10843900591135025,0.9429658055305481,0.8198632597923279
YOL062C,YPR160W,0,1.8764073,0.10842715203762054,0.9429658055305481,0.819963812828064
YHR029C,YMR295C,0,1.875634,0.10841529816389084,0.9429658055305481,0.8200643062591553
YDR454C,YHR039C-A,0,1.8747045,0.10840345174074173,0.9429658055305481,0.8201648592948914
YJL029C,YER052C,0,1.8744503,0.10839160531759262,0.9429658055305481,0.8202653527259827
YJR021C,YGR177C,0,1.8743174,0.10837976634502411,0.9429658055305481,0.8203659057617188
YJL079C,YCL026C-B,0,1.8730164,0.1083679273724556,0.9429658055305481,0.8204663991928101
YBL091C-A,YKL165C,0,1.8728672,0.10835608839988708,0.9429658055305481,0.8205669522285461
YGL170C,YOR327C,0,1.8727823,0.10834425687789917,0.9429658055305481,0.8206674456596375
YDR138W,YIR039C,0,1.8727561,0.10833242535591125,0.9429658055305481,0.8207679986953735
YIL142W,YNL273W,0,1.872686,0.10832059383392334,0.9429658055305481,0.8208684921264648
YLR042C,YCL026C-B,0,1.8724633,0.10830876976251602,0.9429658055305481,0.8209690451622009
YCL018W,YJR051W,0,1.872009,0.1082969456911087,0.9429658055305481,0.8210695385932922
YDR245W,YDL225W,0,1.8719584,0.10828512161970139,0.9429658055305481,0.8211700916290283
YBR118W,YFL001W,0,1.8711686,0.10827330499887466,0.9429658055305481,0.8212705850601196
YGR012W,YNL282W,0,1.8705407,0.10826148837804794,0.9429658055305481,0.8213711380958557
YMR078C,YLR301W,0,1.8697821,0.10824967175722122,0.9429658055305481,0.821471631526947
YLL051C,YBR274W,0,1.8693999,0.1082378625869751,0.9429658055305481,0.8215721845626831
YJL087C,YGL030W,0,1.8691435,0.10822605341672897,0.9429658055305481,0.8216726779937744
YPL027W,YGL216W,0,1.8691205,0.10821424424648285,0.9429658055305481,0.8217732310295105
YOR142W,YNL219C,0,1.868992,0.10820244252681732,0.9429658055305481,0.8218737244606018
YMR112C,YLR268W,0,1.8688084,0.1081906408071518,0.9429658055305481,0.8219742774963379
YFR029W,YAR035W,0,1.8679817,0.10817884653806686,0.9429658055305481,0.8220747709274292
YBR115C,YMR246W,0,1.8674778,0.10816704481840134,0.9429658055305481,0.8221753239631653
YGR180C,YMR210W,0,1.86693,0.108155257999897,0.9429658055305481,0.8222758173942566
YBR278W,YDL227C,0,1.8669035,0.10814346373081207,0.9429658055305481,0.8223763704299927
YGR264C,YOR098C,0,1.8663477,0.10813167691230774,0.9429658055305481,0.822476863861084
YOR274W,YFR019W,0,1.8660213,0.1081198900938034,0.9429658055305481,0.8225774168968201
YER046W,YMR159C,0,1.8655764,0.10810811072587967,0.9429658055305481,0.8226779103279114
YLR080W,YGR171C,0,1.8650154,0.10809633135795593,0.9429658055305481,0.8227784633636475
YKL038W,YKL053C-A,0,1.8646349,0.1080845519900322,0.9429658055305481,0.8228789567947388
YGL172W,YML045W-A,0,1.8643521,0.10807277262210846,0.9429658055305481,0.8229795098304749
YLR105C,YDL097C,0,1.8642687,0.10806100070476532,0.9429658055305481,0.8230800032615662
YPL094C,YFL017W-A,0,1.8640591,0.10804922878742218,0.9429658055305481,0.8231805562973022
YJL071W,YGL046W,0,1.8632733,0.10803746432065964,0.9429658055305481,0.8232810497283936
YGL225W,YKL053C-A,0,1.8626622,0.1080256998538971,0.9429658055305481,0.8233816027641296
YAL038W,YBR115C,0,1.8625286,0.10801393538713455,0.9429658055305481,0.823482096195221
YJL030W,YCL026C-B,0,1.8623908,0.1080021783709526,0.9429658055305481,0.823582649230957
YGR225W,YDR131C,0,1.8619239,0.10799042135477066,0.9429658055305481,0.8236831426620483
YPL235W,YBR253W,1,1.8618922,0.10808751732110977,0.9439163208007812,0.8236831426620483
YMR005W,YKL180W,0,1.8612543,0.10807575285434723,0.9439163208007812,0.8237836956977844
YOL103W-B,YHR008C,0,1.8612157,0.10806398838758469,0.9439163208007812,0.8238841891288757
YDR499W,YMR186W,0,1.8608612,0.10805223137140274,0.9439163208007812,0.8239847421646118
YBR125C,YDL047W,0,1.8608252,0.1080404743552208,0.9439163208007812,0.8240852355957031
YHR066W,YER171W,0,1.8595759,0.10802871733903885,0.9439163208007812,0.8241857886314392
YFR021W,YDL198C,0,1.8589792,0.1080169677734375,0.9439163208007812,0.8242862820625305
YDR527W,YBL028C,0,1.8587214,0.10800521820783615,0.9439163208007812,0.8243868350982666
YOR243C,YMR160W,0,1.8585659,0.1079934760928154,0.9439163208007812,0.8244873285293579
YKL064W,YIL017W,0,1.8583227,0.10798173397779465,0.9439163208007812,0.824587881565094
YNL284C-A,YBR074W,0,1.8581158,0.1079699918627739,0.9439163208007812,0.8246883749961853
YNL302C,YDR261W-A,0,1.8580551,0.10795824974775314,0.9439163208007812,0.8247889280319214
YKL093W,YOR393W,0,1.858014,0.10794651508331299,0.9439163208007812,0.8248894214630127
YOR215C,YPL183W-A,0,1.8578848,0.10793478041887283,0.9439163208007812,0.8249899744987488
YOR159C,YDL028C,0,1.8577695,0.10792305320501328,0.9439163208007812,0.8250904679298401
YNL274C,YIL048W,0,1.8576543,0.10791132599115372,0.9439163208007812,0.8251910209655762
YKR008W,YIL017W,1,1.8574427,0.1080082580447197,0.9448668956756592,0.8251910209655762
YDL045W-A,YPR160W,0,1.8568562,0.10799652338027954,0.9448668956756592,0.8252915143966675
YJL194W,YBR059C,0,1.8568372,0.10798478871583939,0.9448668956756592,0.8253920674324036
YKL200C,YPL087W,0,1.8566154,0.10797306150197983,0.9448668956756592,0.8254925608634949
YAL063C,YMR099C,0,1.8562794,0.10796133428812027,0.9448668956756592,0.8255930542945862
YIR011C,YML028W,0,1.8562119,0.10794960707426071,0.9448668956756592,0.8256936073303223
YLR228C,YGL225W,0,1.8554413,0.10793788731098175,0.9448668956756592,0.8257941007614136
YPL083C,YFL048C,0,1.8544353,0.10792616754770279,0.9448668956756592,0.8258946537971497
YKR035W-A,YGR155W,0,1.8543228,0.10791444778442383,0.9448668956756592,0.825995147228241
YBR081C,YBL029C-A,0,1.8539943,0.10790273547172546,0.9448668956756592,0.826095700263977
YCR093W,YER125W,0,1.8534056,0.1078910231590271,0.9448668956756592,0.8261961936950684
YDR353W,YKL001C,0,1.8532957,0.10787931084632874,0.9448668956756592,0.8262967467308044
YPL150W,YJL214W,0,1.8532847,0.10786760598421097,0.9448668956756592,0.8263972401618958
YDR383C,YJL081C,0,1.851906,0.1078559011220932,0.9448668956756592,0.8264977931976318
YOL145C,YGL068W,0,1.851829,0.10784420371055603,0.9448668956756592,0.8265982866287231
YBL112C,YOR324C,0,1.8517278,0.10783249884843826,0.9448668956756592,0.8266988396644592
YDR383C,YBR002C,0,1.8516577,0.10782080143690109,0.9448668956756592,0.8267993330955505
YHR002W,YLR103C,0,1.8515761,0.10780911147594452,0.9448668956756592,0.8268998861312866
YPR194C,YER046W,0,1.8513538,0.10779742151498795,0.9448668956756592,0.8270003795623779
YNL261W,YPL183W-A,0,1.8512094,0.10778573155403137,0.9448668956756592,0.827100932598114
YJR070C,YPL094C,0,1.8510789,0.1077740415930748,0.9448668956756592,0.8272014260292053
YPL147W,YER171W,0,1.8508166,0.10776235908269882,0.9448668956756592,0.8273019790649414
YKL067W,YHR059W,0,1.8506186,0.10775067657232285,0.9448668956756592,0.8274024724960327
YJL194W,YLR285W,0,1.8505529,0.10773900151252747,0.9448668956756592,0.8275030255317688
YPL083C,YOR216C,0,1.8505003,0.10772731900215149,0.9448668956756592,0.8276035189628601
YMR236W,YPL048W,1,1.8501304,0.10782401263713837,0.9458174705505371,0.8276035189628601
YLR080W,YIL170W,0,1.8500055,0.10781233012676239,0.9458174705505371,0.8277040719985962
YKL013C,YGR214W,0,1.8499168,0.10780064761638641,0.9458174705505371,0.8278045654296875
YGR036C,YGR134W,0,1.8497652,0.10778897255659103,0.9458174705505371,0.8279051184654236
YPR006C,YGL004C,0,1.8496443,0.10777729749679565,0.9458174705505371,0.8280056118965149
YDR453C,YNL202W,0,1.8477266,0.10776562243700027,0.9458174705505371,0.828106164932251
YOL028C,YOR285W,0,1.8468735,0.10775395482778549,0.9458174705505371,0.8282066583633423
YBL029C-A,YHL027W,0,1.8467095,0.10774228721857071,0.9458174705505371,0.8283072113990784
YBR182C,YML028W,0,1.8464439,0.10773061960935593,0.9458174705505371,0.8284077048301697
YBR052C,YNL335W,0,1.8458893,0.10771895945072174,0.9458174705505371,0.8285082578659058
YNL079C,YFL014W,0,1.84567,0.10770729929208755,0.9458174705505371,0.8286087512969971
YER103W,YOR317W,0,1.8444349,0.10769563913345337,0.9458174705505371,0.8287093043327332
YKL200C,YDR389W,0,1.8441075,0.10768397897481918,0.9458174705505371,0.8288097977638245
YOL108C,YNL222W,1,1.844032,0.10778054594993591,0.946768045425415,0.8288097977638245
YPR189W,YOR237W,0,1.8438922,0.10776887834072113,0.946768045425415,0.8289103507995605
YAL038W,YPL257W-B,0,1.8438404,0.10775721818208694,0.946768045425415,0.8290108442306519
YGL068W,YNL182C,0,1.8438036,0.10774556547403336,0.946768045425415,0.8291113972663879
YGR085C,YBR115C,0,1.8437823,0.10773391276597977,0.946768045425415,0.8292118906974792
YBR096W,YMR304W,0,1.8437735,0.10772226005792618,0.946768045425415,0.8293124437332153
YNL052W,YNL284C,0,1.8436123,0.10771060734987259,0.946768045425415,0.8294129371643066
YOR279C,YCL003W,0,1.8436033,0.1076989620923996,0.946768045425415,0.8295134902000427
YLR404W,YOR226C,0,1.8433435,0.1076873168349266,0.946768045425415,0.829613983631134
YOR071C,YGL180W,0,1.842464,0.10767567902803421,0.946768045425415,0.8297145366668701
YER185W,YLR050C,0,1.8417013,0.10766403377056122,0.946768045425415,0.8298150300979614
YOR243C,YGR175C,0,1.8415351,0.10765239596366882,0.946768045425415,0.8299155831336975
YBL041W,YNL284C-A,0,1.8413881,0.10764076560735703,0.946768045425415,0.8300160765647888
YPL131W,YDR472W,0,1.8409513,0.10762913525104523,0.946768045425415,0.8301166296005249
YGR155W,YLR151C,0,1.8405591,0.10761750489473343,0.946768045425415,0.8302171230316162
YDR454C,YPL027W,0,1.8405336,0.10760587453842163,0.946768045425415,0.8303176760673523
YGL225W,YNL121C,0,1.8404288,0.10759425163269043,0.946768045425415,0.8304181694984436
YPR011C,YBL029C-A,0,1.8404144,0.10758262872695923,0.946768045425415,0.8305187225341797
YBR026C,YCR097WB,0,1.8403255,0.10757101327180862,0.946768045425415,0.830619215965271
YPL273W,YBR037C,0,1.8402082,0.10755939781665802,0.946768045425415,0.8307197690010071
YPL122C,YPL101W,1,1.8391107,0.10765576362609863,0.947718620300293,0.8307197690010071
YNL044W,YIL042C,0,1.8390846,0.10764414072036743,0.947718620300293,0.8308202624320984
YDR454C,YOL136C,0,1.8384873,0.10763251781463623,0.947718620300293,0.8309208154678345
YHR012W,YPL147W,0,1.8383245,0.10762089490890503,0.947718620300293,0.8310213088989258
YJL166W,YMR319C,0,1.8381213,0.10760927945375443,0.947718620300293,0.8311218619346619
YNL304W,YCR055C,0,1.837251,0.10759767144918442,0.947718620300293,0.8312223553657532
YNL110C,YDR444W,0,1.8370298,0.10758605599403381,0.947718620300293,0.8313229084014893
YDR332W,YMR296C,0,1.836842,0.1075744479894638,0.947718620300293,0.8314234018325806
YOR142W-A,YKL189W,0,1.8367506,0.1075628474354744,0.947718620300293,0.8315238952636719
YML006C,YBR031W,0,1.8366941,0.10755123943090439,0.947718620300293,0.831624448299408
YGR288W,YGR282C,0,1.8366076,0.10753963887691498,0.947718620300293,0.8317249417304993
YDR043C,YPL177C,1,1.8364264,0.10763589292764664,0.9486691951751709,0.8317249417304993
YBR247C,YKL182W,0,1.8359941,0.10762428492307663,0.9486691951751709,0.8318254947662354
YPR137C-A,YPL223C,0,1.8354946,0.10761267691850662,0.9486691951751709,0.8319259881973267
YDR530C,YDL078C,0,1.8352867,0.10760107636451721,0.9486691951751709,0.8320265412330627
YHL009C,YCR020W-B,1,1.8351513,0.10769728571176529,0.9496197700500488,0.8320265412330627
YLR183C,YMR269W,0,1.8349913,0.10768567770719528,0.9496197700500488,0.832127034664154
YNL153C,YPL131W,0,1.834797,0.10767406970262527,0.9496197700500488,0.8322275876998901
YCR080W,YOR085W,0,1.8342725,0.10766246169805527,0.9496197700500488,0.8323280811309814
YPL002C,YBR072W,0,1.8332026,0.10765086114406586,0.9496197700500488,0.8324286341667175
YOR071C,YGR161W-B,0,1.833042,0.10763926059007645,0.9496197700500488,0.8325291275978088
YLR429W,YBL029C-A,0,1.8327602,0.10762766748666763,0.9496197700500488,0.8326296806335449
YDR378C,YGL226C-A,0,1.8323687,0.10761607438325882,0.9496197700500488,0.8327301740646362
YOR382W,YPR127W,0,1.8321992,0.10760448127985,0.9496197700500488,0.8328307271003723
YCL036W,YBL029C-A,0,1.8319914,0.10759288817644119,0.9496197700500488,0.8329312205314636
YPR137C-A,YJL030W,0,1.8314823,0.10758130252361298,0.9496197700500488,0.8330317735671997
YLR314C,YNL026W,0,1.8314782,0.10756972432136536,0.9496197700500488,0.833132266998291
YBR183W,YMR276W,0,1.831404,0.10755813866853714,0.9496197700500488,0.8332328200340271
YDR233C,YIR018W,0,1.8308378,0.10754656046628952,0.9496197700500488,0.8333333134651184
YCL003W,YER046W,0,1.8300725,0.1075349822640419,0.9496197700500488,0.8334338665008545
YMR182C,YCR097WB,0,1.8298949,0.10752341151237488,0.9496197700500488,0.8335343599319458
YKL067W,YDR304C,0,1.8298099,0.10751184076070786,0.9496197700500488,0.8336349129676819
YLL004W,YBL026W,0,1.8297837,0.10750027000904083,0.9496197700500488,0.8337354063987732
YNL131W,YNL283C,0,1.829551,0.10748869925737381,0.9496197700500488,0.8338359594345093
YNL232W,YCL026C-B,0,1.8288841,0.10747713595628738,0.9496197700500488,0.8339364528656006
YKR055W,YDL216C,0,1.8282788,0.10746558010578156,0.9496197700500488,0.8340370059013367
YGL083W,YGL259W,0,1.8278798,0.10745401680469513,0.9496197700500488,0.834137499332428
YLR295C,YPL134C,0,1.8259224,0.1074424609541893,0.9496197700500488,0.8342380523681641
YPL078C,YIL133C,0,1.8258126,0.10743090510368347,0.9496197700500488,0.8343385457992554
YJR138W,YMR276W,0,1.8253943,0.10741935670375824,0.9496197700500488,0.8344390988349915
YBL101W-B,YBR128C,0,1.8247284,0.10740780830383301,0.9496197700500488,0.8345395922660828
YMR077C,YGR027C,0,1.8244264,0.10739625990390778,0.9496197700500488,0.8346401453018188
YDR451C,YLR088W,0,1.8243799,0.10738471150398254,0.9496197700500488,0.8347406387329102
YER087W,YKL074C,0,1.8240542,0.10737317055463791,0.9496197700500488,0.8348411917686462
YHR060W,YBR128C,0,1.8240033,0.10736163705587387,0.9496197700500488,0.8349416851997375
YNL281W,YIR039C,0,1.823725,0.10735009610652924,0.9496197700500488,0.8350422382354736
YBR183W,YCL026C-B,0,1.8228797,0.1073385626077652,0.9496197700500488,0.8351427316665649
YIL083C,YDL035C,0,1.8225383,0.10732702910900116,0.9496197700500488,0.835243284702301
YPL257W-B,YLL040C,0,1.8215531,0.10731550306081772,0.9496197700500488,0.8353437781333923
YER090W,YNR013C,0,1.8215383,0.10730397701263428,0.9496197700500488,0.8354443311691284
YJL114W,YDR457W,0,1.8214056,0.10729245096445084,0.9496197700500488,0.8355448246002197
YJR082C,YLR410W-B,0,1.8213528,0.1072809249162674,0.9496197700500488,0.8356453776359558
YER165W,YPR125W,0,1.821147,0.10726940631866455,0.9496197700500488,0.8357458710670471
YNL239W,YNL259C,0,1.8208969,0.1072578877210617,0.9496197700500488,0.8358464241027832
YMR319C,YMR114C,0,1.8205775,0.10724637657403946,0.9496197700500488,0.8359469175338745
YPR072W,YJL024C,0,1.819286,0.10723486542701721,0.9496197700500488,0.8360474705696106
YKL053C-A,YPR060C,0,1.8184403,0.10722335427999496,0.9496197700500488,0.8361479640007019
YGR221C,YDL015C,0,1.8181943,0.10721185058355331,0.9496197700500488,0.836248517036438
YCL003W,YBL034C,0,1.8180261,0.10720034688711166,0.9496197700500488,0.8363490104675293
YBL029C-A,YDR218C,0,1.8179609,0.10718884319067001,0.9496197700500488,0.8364495635032654
YHR061C,YBR093C,0,1.8178009,0.10717733949422836,0.9496197700500488,0.8365500569343567
YCR087C-A,YDL083C,0,1.8166124,0.10716584324836731,0.9496197700500488,0.8366506099700928
YDR079W,YMR173W,0,1.8160777,0.10715434700250626,0.9496197700500488,0.8367511034011841
YDL171C,YPR083W,0,1.8160399,0.1071428582072258,0.9496197700500488,0.8368516564369202
YBR275C,YCL003W,0,1.8158809,0.10713136941194534,0.9496197700500488,0.8369521498680115
YIL017W,YOR355W,0,1.8157889,0.10711988061666489,0.9496197700500488,0.8370527029037476
YAR027W,YJR130C,0,1.8145039,0.10710839182138443,0.9496197700500488,0.8371531963348389
YLR264W,YFL023W,0,1.8143917,0.10709691047668457,0.9496197700500488,0.8372536897659302
YLR025W,YPR149W,0,1.8143045,0.10708542913198471,0.9496197700500488,0.8373542428016663
YBR177C,YOL124C,0,1.8142825,0.10707395523786545,0.9496197700500488,0.8374547362327576
YBR115C,YOR222W,0,1.813106,0.10706248134374619,0.9496197700500488,0.8375552892684937
YPL098C,YHR057C,0,1.8128208,0.10705100744962692,0.9496197700500488,0.837655782699585
YKL020C,YMR090W,0,1.8128101,0.10703953355550766,0.9496197700500488,0.837756335735321
YGR109W-B,YHR109W,0,1.8115519,0.107028067111969,0.9496197700500488,0.8378568291664124
YCR087C-A,YNR044W,0,1.8112406,0.10701660066843033,0.9496197700500488,0.8379573822021484
YDR494W,YKR035W-A,0,1.811201,0.10700514167547226,0.9496197700500488,0.8380578756332397
YDR389W,YCR097WB,0,1.810803,0.10699368268251419,0.9496197700500488,0.8381584286689758
YDR381C-A,YLR348C,0,1.8102821,0.10698222368955612,0.9496197700500488,0.8382589221000671
YJL114W,YCR014C,0,1.8098162,0.10697076469659805,0.9496197700500488,0.8383594751358032
YJL029C,YBR010W,0,1.8097643,0.10695931315422058,0.9496197700500488,0.8384599685668945
YMR005W,YGR020C,0,1.8089387,0.10694786161184311,0.9496197700500488,0.8385605216026306
YDR261C-D,YPL087W,0,1.8085322,0.10693641752004623,0.9496197700500488,0.8386610150337219
YLR256W-A,YLR153C,0,1.8083609,0.10692497342824936,0.9496197700500488,0.838761568069458
YBR260C,YLR256W-A,0,1.8083133,0.10691352933645248,0.9496197700500488,0.8388620615005493
YMR241W,YJL005W,0,1.8079308,0.10690208524465561,0.9496197700500488,0.8389626145362854
YJL030W,YKL007W,0,1.8076166,0.10689064860343933,0.9496197700500488,0.8390631079673767
YLR321C,YCR080W,1,1.8075837,0.10698620229959488,0.9505703449249268,0.8390631079673767
YCL074W,YDR369C,0,1.8072742,0.10697475075721741,0.9505703449249268,0.8391636610031128
YBL029C-A,YOR123C,0,1.807181,0.10696331411600113,0.9505703449249268,0.8392641544342041
YOL052C,YKL205W,0,1.8066713,0.10695187002420425,0.9505703449249268,0.8393647074699402
YJL066C,YJL024C,0,1.8066639,0.10694043338298798,0.9505703449249268,0.8394652009010315
YLR359W,YDR444W,0,1.8064967,0.1069289967417717,0.9505703449249268,0.8395657539367676
YLR208W,YDR210C-C,0,1.8058857,0.10691756755113602,0.9505703449249268,0.8396662473678589
YIL142W,YNL110C,0,1.8055236,0.10690613836050034,0.9505703449249268,0.839766800403595
YOR216C,YKR035W-A,0,1.805437,0.10689470916986465,0.9505703449249268,0.8398672938346863
YML028W,YLR256W-A,0,1.8053054,0.10688327997922897,0.9505703449249268,0.8399678468704224
YNL122C,YFL045C,0,1.8050364,0.10687185823917389,0.9505703449249268,0.8400683403015137
YJR078W,YPL223C,0,1.8038467,0.1068604439496994,0.9505703449249268,0.8401688933372498
YKL200C,YOR008C,0,1.8038203,0.10684902220964432,0.9505703449249268,0.8402693867683411
YIR038C,YDR261W-A,0,1.8035891,0.10683760792016983,0.9505703449249268,0.8403699398040771
YGR221C,YBR230C,0,1.8026496,0.10682619363069534,0.9505703449249268,0.8404704332351685
YJL011C,YDL202W,0,1.8025306,0.10681478679180145,0.9505703449249268,0.8405709862709045
YLL051C,YIL139C,0,1.8021365,0.10680337250232697,0.9505703449249268,0.8406714797019958
YGL037C,YOR219C,0,1.801573,0.10679196566343307,0.9505703449249268,0.8407720327377319
YPR149W,YGL046W,0,1.8013948,0.10678056627511978,0.9505703449249268,0.8408725261688232
YDR389W,YBL029C-A,0,1.8007811,0.10676916688680649,0.9505703449249268,0.8409730792045593
YAL033W,YNL273W,0,1.8005825,0.1067577674984932,0.9505703449249268,0.8410735726356506
YNL284C-A,YIL080W,0,1.800573,0.1067463681101799,0.9505703449249268,0.8411741256713867
YBR177C,YLR380W,0,1.8003187,0.1067349761724472,0.9505703449249268,0.841274619102478
YOL102C,YLR391W,0,1.8002831,0.10672358423471451,0.9505703449249268,0.8413751721382141
YPR158C-C,YMR284W,0,1.7996091,0.10671219974756241,0.9505703449249268,0.8414756655693054
YPR158C-C,YEL041W,0,1.7991925,0.10670080780982971,0.9505703449249268,0.8415762186050415
YOL086C,YLR440C,0,1.7987026,0.10668943077325821,0.9505703449249268,0.8416767120361328
YOR145C,YER171W,0,1.7986759,0.10667804628610611,0.9505703449249268,0.8417772650718689
YCL026C-B,YDL045C,0,1.7985765,0.1066666692495346,0.9505703449249268,0.8418777585029602
YJR051W,YDR453C,0,1.7982675,0.1066552922129631,0.9505703449249268,0.8419783115386963
YOR323C,YPL122C,0,1.7976781,0.1066439151763916,0.9505703449249268,0.8420788049697876
YIR018W,YJL103C,0,1.7975224,0.1066325455904007,0.9505703449249268,0.8421793580055237
YBL058W,YBL029C-A,0,1.7975156,0.10662117600440979,0.9505703449249268,0.842279851436615
YNL102W,YDL225W,0,1.797179,0.10660980641841888,0.9505703449249268,0.8423804044723511
YGR180C,YCL026C-B,0,1.7969068,0.10659844428300858,0.9505703449249268,0.8424808979034424
YCR039C,YDR079C-A,1,1.7967693,0.10669367015361786,0.9515209197998047,0.8424808979034424
YOR297C,YLR103C,0,1.7965527,0.10668230056762695,0.9515209197998047,0.8425814509391785
YMR300C,YBR238C,0,1.7955848,0.10667093098163605,0.9515209197998047,0.8426819443702698
YOL038W,YPL078C,0,1.7951437,0.10665956139564514,0.9515209197998047,0.8427824974060059
YPL110C,YKL210W,0,1.7950318,0.10664819926023483,0.9515209197998047,0.8428829908370972
YGR036C,YKL015W,0,1.7949404,0.10663683712482452,0.9515209197998047,0.8429835438728333
YBR031W,YDR062W,0,1.7945052,0.10662548243999481,0.9515209197998047,0.8430840373039246
YBL029C-A,YER115C,0,1.7943522,0.1066141203045845,0.9515209197998047,0.8431845307350159
YGR052W,YOR230W,0,1.7942785,0.10660276561975479,0.9515209197998047,0.843285083770752
YLR208W,YPR135W,0,1.7941815,0.10659141838550568,0.9515209197998047,0.8433855772018433
YCL057W,YGR185C,0,1.7938842,0.10658007115125656,0.9515209197998047,0.8434861302375793
YPL150W,YJR149W,0,1.793637,0.10656872391700745,0.9515209197998047,0.8435866236686707
YOR377W,YLR391W,0,1.7931343,0.10655737668275833,0.9515209197998047,0.8436871767044067
YDR245W,YBR061C,0,1.7928059,0.10654603689908981,0.9515209197998047,0.843787670135498
YOR304C-A,YIL159W,0,1.7927221,0.1065346971154213,0.9515209197998047,0.8438882231712341
YKR036C,YNL010W,0,1.7916931,0.10652335733175278,0.9515209197998047,0.8439887166023254
YMR114C,YOR085W,0,1.7916751,0.10651202499866486,0.9515209197998047,0.8440892696380615
YNL153C,YJL191W,0,1.7914269,0.10650069266557693,0.9515209197998047,0.8441897630691528
YGL014W,YPL257W-B,0,1.7913872,0.10648936033248901,0.9515209197998047,0.8442903161048889
YDR476C,YNL092W,0,1.7912816,0.10647803544998169,0.9515209197998047,0.8443908095359802
YPL087W,YNL284C,0,1.791162,0.10646671056747437,0.9515209197998047,0.8444913625717163
YDR494W,YKL064W,0,1.791061,0.10645538568496704,0.9515209197998047,0.8445918560028076
YOR142W-A,YDR373W,0,1.7909648,0.10644406825304031,0.9515209197998047,0.8446924090385437
YER098W,YPR030W,0,1.7902596,0.10643275082111359,0.9515209197998047,0.844792902469635
YEL037C,YLR227W-B,0,1.7902162,0.10642143338918686,0.9515209197998047,0.8448934555053711
YBR066C,YCR012W,0,1.79021,0.10641012340784073,0.9515209197998047,0.8449939489364624
YNL284C-A,YLR278C,0,1.7899185,0.106398805975914,0.9515209197998047,0.8450945019721985
YMR013C,YDR062W,0,1.7897874,0.10638750344514847,0.9515209197998047,0.8451949954032898
YDR451C,YBL029C-A,0,1.7896698,0.10637619346380234,0.9515209197998047,0.8452955484390259
YCL003W,YJR112W,0,1.7895015,0.1063648909330368,0.9515209197998047,0.8453960418701172
YBL101W-B,YNR072W,0,1.7887315,0.10635358840227127,0.9515209197998047,0.8454965949058533
YBL101W-B,YGL113W,0,1.7884115,0.10634229332208633,0.9515209197998047,0.8455970883369446
YOL155C,YLR047C,0,1.7883258,0.1063309982419014,0.9515209197998047,0.8456976413726807
YBR052C,YMR159C,0,1.788021,0.10631970316171646,0.9515209197998047,0.845798134803772
YMR168C,YLR227W-B,0,1.7879289,0.10630840808153152,0.9515209197998047,0.8458986878395081
YDR079C-A,YBR095C,1,1.7877132,0.10640331357717514,0.9524714946746826,0.8458986878395081
YBL041W,YML006C,0,1.787165,0.1063920184969902,0.9524714946746826,0.8459991812705994
YDR263C,YPL099C,0,1.7867805,0.10638072341680527,0.9524714946746826,0.8460997343063354
YOR176W,YLR391W,0,1.7865323,0.10636942833662033,0.9524714946746826,0.8462002277374268
YOL045W,YHR164C,0,1.7858849,0.1063581332564354,0.9524714946746826,0.8463007807731628
YLL029W,YBL029C-A,0,1.7857927,0.10634684562683105,0.9524714946746826,0.8464012742042542
YIL159W,YDR461W,0,1.7854179,0.10633556544780731,0.9524714946746826,0.8465018272399902
YFR001W,YHR109W,0,1.783524,0.10632427781820297,0.9524714946746826,0.8466023206710815
YFR029W,YOR349W,0,1.7834508,0.10631299763917923,0.9524714946746826,0.8467028737068176
YGL244W,YCR042C,1,1.7833143,0.10640780627727509,0.9534220695495605,0.8467028737068176
YDR034C,YOR074C,0,1.782848,0.10639651864767075,0.9534220695495605,0.8468033671379089
YDR079C-A,YOR028C,1,1.7827138,0.10649130493402481,0.9543726444244385,0.8468033671379089
YDR512C,YLR227W-B,0,1.7824649,0.10648000985383987,0.9543726444244385,0.846903920173645
YOR310C,YDL028C,0,1.7824454,0.10646871477365494,0.9543726444244385,0.8470044136047363
YGR282C,YGL026C,0,1.7823336,0.1064574271440506,0.9543726444244385,0.8471049666404724
YGR199W,YKR069W,0,1.7820562,0.10644613951444626,0.9543726444244385,0.8472054600715637
YML032C,YDR518W,0,1.7819897,0.10643485933542252,0.9543726444244385,0.8473060131072998
YFL038C,YEL036C,0,1.7818959,0.10642357170581818,0.9543726444244385,0.8474065065383911
YPR137W,YMR179W,0,1.7816234,0.10641229152679443,0.9543726444244385,0.8475070595741272
YOR206W,YDR210C-C,0,1.7815914,0.10640101879835129,0.9543726444244385,0.8476075530052185
YDL059C,YKL067W,0,1.7815214,0.10638974606990814,0.9543726444244385,0.8477081060409546
YPL064C,YMR269W,0,1.7812226,0.106378473341465,0.9543726444244385,0.8478085994720459
YOR343W-B,YBL028C,0,1.7807225,0.10636720061302185,0.9543726444244385,0.847909152507782
YCL057W,YHR082C,0,1.7806863,0.1063559353351593,0.9543726444244385,0.8480096459388733
YOR323C,YMR090W,0,1.7804797,0.10634467005729675,0.9543726444244385,0.8481101989746094
YKL117W,YPR080W,0,1.7804095,0.1063334047794342,0.9543726444244385,0.8482106924057007
YHR082C,YGL046W,0,1.7803634,0.10632214695215225,0.9543726444244385,0.8483112454414368
YKR054C,YNL231C,0,1.7799655,0.1063108816742897,0.9543726444244385,0.8484117388725281
YFL054C,YLR391W,0,1.7795295,0.10629963129758835,0.9543726444244385,0.8485122919082642
YOL052C,YBL113C,0,1.779472,0.1062883734703064,0.9543726444244385,0.8486127853393555
YDR083W,YPL200W,0,1.7793645,0.10627712309360504,0.9543726444244385,0.8487133383750916
YMR168C,YGR161W-B,0,1.7792863,0.10626587271690369,0.9543726444244385,0.8488138318061829
YMR123W,YDR081C,0,1.7785314,0.10625462979078293,0.9543726444244385,0.8489143252372742
YKL103C,YKL085W,0,1.7785178,0.10624338686466217,0.9543726444244385,0.8490148782730103
YLR391W,YOR351C,0,1.7784978,0.10623214393854141,0.9543726444244385,0.8491153717041016
YBL029C-A,YFL001W,0,1.7783693,0.10622090846300125,0.9543726444244385,0.8492159247398376
YKL126W,YGR199W,0,1.7782187,0.1062096655368805,0.9543726444244385,0.849316418170929
YDR371W,YLR410W-A,0,1.7781802,0.10619843751192093,0.9543726444244385,0.849416971206665
YLL041C,YPR043W,0,1.7777066,0.10618720203638077,0.9543726444244385,0.8495174646377563
YIL177C,YPR006C,0,1.777515,0.1061759740114212,0.9543726444244385,0.8496180176734924
YER014C-A,YAL038W,0,1.7775128,0.10616474598646164,0.9543726444244385,0.8497185111045837
YLL008W,YCL003W,0,1.7769961,0.10615351796150208,0.9543726444244385,0.8498190641403198
YPR086W,YDR079C-A,1,1.7769134,0.10624802112579346,0.9553232192993164,0.8498190641403198
YDR210C-C,YMR267W,0,1.7764583,0.1062367856502533,0.9553232192993164,0.8499195575714111
YDR207C,YCL026C-B,0,1.7763224,0.10622555762529373,0.9553232192993164,0.8500201106071472
YDR414C,YGR276C,0,1.7759013,0.10621432960033417,0.9553232192993164,0.8501206040382385
YDR079C-A,YDR421W,1,1.7757566,0.10630878061056137,0.9562737345695496,0.8501206040382385
YPL127C,YKR035W-A,0,1.7753245,0.10629754513502121,0.9562737345695496,0.8502211570739746
YCR030C,YBR066C,0,1.7748122,0.10628631711006165,0.9562737345695496,0.8503216505050659
YBR006W,YAL054C,0,1.773652,0.10627508908510208,0.9562737345695496,0.850422203540802
YNL178W,YGR105W,0,1.7735071,0.10626386106014252,0.9562737345695496,0.8505226969718933
YKR019C,YCL060C,0,1.773197,0.10625264048576355,0.9562737345695496,0.8506232500076294
YDL128W,YCR097WB,0,1.7728307,0.10624141991138458,0.9562737345695496,0.8507237434387207
YDR460W,YCL026C-B,0,1.7727879,0.10623019933700562,0.9562737345695496,0.8508242964744568
YER165W,YJL134W,0,1.77276,0.10621898621320724,0.9562737345695496,0.8509247899055481
YDR411C,YGR012W,0,1.7718036,0.10620777308940887,0.9562737345695496,0.8510253429412842
YGR077C,YHR174W,0,1.7715828,0.1061965599656105,0.9562737345695496,0.8511258363723755
YLR105C,YLR227W-B,0,1.7715782,0.10618534684181213,0.9562737345695496,0.8512263894081116
YCR087C-A,YHR135C,0,1.7713088,0.10617414116859436,0.9562737345695496,0.8513268828392029
YOR142W-A,YIR005W,0,1.7708808,0.10616293549537659,0.9562737345695496,0.851427435874939
YPL150W,YOR187W,0,1.7708784,0.10615173727273941,0.9562737345695496,0.8515279293060303
YDR378C,YOR020C,0,1.7704495,0.10614053905010223,0.9562737345695496,0.8516284823417664
YLR103C,YFL035C,0,1.7702951,0.10612934082746506,0.9562737345695496,0.8517289757728577
YIL108W,YCL052C,0,1.7701645,0.10611814260482788,0.9562737345695496,0.8518295288085938
YGL209W,YCR055C,0,1.7700973,0.1061069518327713,0.9562737345695496,0.8519300222396851
YGR271W,YCL026C-B,0,1.7699267,0.10609576106071472,0.9562737345695496,0.8520305752754211
YKL200C,YHR135C,0,1.7695612,0.10608457028865814,0.9562737345695496,0.8521310687065125
YIL088C,YKL038W,0,1.7694126,0.10607338696718216,0.9562737345695496,0.8522316217422485
YBL101W-B,YOR089C,0,1.7693803,0.10606220364570618,0.9562737345695496,0.8523321151733398
YDR210C-C,YER017C,0,1.7683364,0.1060510203242302,0.9562737345695496,0.8524326682090759
YGL026C,YBL029C-A,0,1.768264,0.10603984445333481,0.9562737345695496,0.8525331616401672
YHR002W,YBL029C-A,0,1.7681304,0.10602866858243942,0.9562737345695496,0.8526337146759033
YLR285W,YER145C,0,1.7674562,0.10601749271154404,0.9562737345695496,0.8527342081069946
YMR301C,YGR118W,0,1.767421,0.10600632429122925,0.9562737345695496,0.8528347611427307
YHR041C,YLR344W,0,1.7668799,0.10599515587091446,0.9562737345695496,0.852935254573822
YEL022W,YMR065W,0,1.7666233,0.10598398745059967,0.9562737345695496,0.8530358076095581
YLL045C,YPL244C,0,1.766514,0.10597281903028488,0.9562737345695496,0.8531363010406494
YER103W,YOR142W-B,0,1.7657207,0.10596165806055069,0.9562737345695496,0.8532368540763855
YNL284C-A,YDR146C,0,1.7654275,0.1059504970908165,0.9562737345695496,0.8533373475074768
YPR171W,YKL097W-A,0,1.7652813,0.1059393435716629,0.9562737345695496,0.8534379005432129
YDL217C,YBR150C,0,1.7652396,0.10592819005250931,0.9562737345695496,0.8535383939743042
YGR081C,YDL074C,0,1.7648052,0.10591703653335571,0.9562737345695496,0.8536389470100403
YOL145C,YOR209C,0,1.7642897,0.10590588301420212,0.9562737345695496,0.8537394404411316
YDR079C-A,YOR162C,1,1.7641826,0.10599999874830246,0.9572243094444275,0.8537394404411316
YNL102W,YIL017W,0,1.7641697,0.10598884522914886,0.9572243094444275,0.8538399934768677
YFL021W,YOR140W,1,1.7640272,0.10608293116092682,0.9581748843193054,0.8538399934768677
YKL161C,YLR389C,0,1.7639791,0.10607177019119263,0.9581748843193054,0.853940486907959
YIL017W,YLR016C,0,1.7635244,0.10606060922145844,0.9581748843193054,0.8540410399436951
YER090W,YGL030W,0,1.7628,0.10604944825172424,0.9581748843193054,0.8541415333747864
YFL035C,YPL208W,0,1.7624015,0.10603829473257065,0.9581748843193054,0.8542420864105225
YGR285C,YCL026C-B,0,1.7619203,0.10602714121341705,0.9581748843193054,0.8543425798416138
YJL117W,YNL122C,0,1.7618804,0.10601598769426346,0.9581748843193054,0.8544431328773499
YJL005W,YOR020C,0,1.7618213,0.10600483417510986,0.9581748843193054,0.8545436263084412
YLL034C,YNL284C-A,0,1.7617592,0.10599368810653687,0.9581748843193054,0.8546441793441772
YNL153C,YFL045C,0,1.7613211,0.10598254948854446,0.9581748843193054,0.8547446727752686
YNL147W,YNL175C,0,1.7605275,0.10597140341997147,0.9581748843193054,0.8548451662063599
YKL200C,YOR126C,0,1.7601726,0.10596026480197906,0.9581748843193054,0.854945719242096
YGL094C,YLR301W,0,1.759957,0.10594912618398666,0.9581748843193054,0.8550462126731873
YFL035C,YHR109W,0,1.7585589,0.10593799501657486,0.9581748843193054,0.8551467657089233
YPR137W,YML073C,0,1.75821,0.10592685639858246,0.9581748843193054,0.8552472591400146
YOR343W-B,YML073C,0,1.7580732,0.10591573268175125,0.9581748843193054,0.8553478121757507
YBR294W,YNR004W,0,1.7578615,0.10590460151433945,0.9581748843193054,0.855448305606842
YBL029C-A,YDR416W,0,1.7571298,0.10589347779750824,0.9581748843193054,0.8555488586425781
YER159C,YMR182C,1,1.7565414,0.10598739236593246,0.9591254591941833,0.8555488586425781
YGR258C,YMR090W,0,1.7560722,0.10597626119852066,0.9591254591941833,0.8556493520736694
YDL078C,YKL206C,0,1.7560384,0.10596513003110886,0.9591254591941833,0.8557499051094055
YKL097W-A,YPR125W,0,1.7559812,0.10595400631427765,0.9591254591941833,0.8558503985404968
YGR175C,YGR112W,0,1.7557527,0.10594288259744644,0.9591254591941833,0.8559509515762329
YOL141W,YGL062W,0,1.7553986,0.10593175888061523,0.9591254591941833,0.8560514450073242
YDR172W,YIL017W,0,1.7539053,0.10592063516378403,0.9591254591941833,0.8561519980430603
YGR056W,YKR035W-A,0,1.7537043,0.10590951889753342,0.9591254591941833,0.8562524914741516
YOR212W,YBR075W,0,1.7534932,0.1058984026312828,0.9591254591941833,0.8563530445098877
YGL050W,YDR381C-A,0,1.7534889,0.10588729381561279,0.9591254591941833,0.856453537940979
YGR229C,YDR381C-A,0,1.7534077,0.10587617754936218,0.9591254591941833,0.8565540909767151
YER138C,YNR044W,0,1.7525145,0.10586506873369217,0.9591254591941833,0.8566545844078064
YBR150C,YCL026C-B,0,1.7524468,0.10585396736860275,0.9591254591941833,0.8567551374435425
YOL028C,YCR055C,0,1.7523438,0.10584285855293274,0.9591254591941833,0.8568556308746338
YBL101W-B,YLR440C,0,1.751597,0.10583175718784332,0.9591254591941833,0.8569561839103699
YNL232W,YBL098W,0,1.751342,0.1058206632733345,0.9591254591941833,0.8570566773414612
YBL041W,YOL090W,0,1.7512323,0.10580956190824509,0.9591254591941833,0.8571572303771973
YER017C,YBL098W,0,1.751231,0.10579846799373627,0.9591254591941833,0.8572577238082886
YPR111W,YGR105W,0,1.7506617,0.10578737407922745,0.9591254591941833,0.8573582768440247
YGR161W-B,YOL107W,0,1.7503432,0.10577628761529922,0.9591254591941833,0.857458770275116
YPR137C-A,YGL259W,0,1.7502936,0.105765201151371,0.9591254591941833,0.857559323310852
YGR175C,YER017C,0,1.7498308,0.10575411468744278,0.9591254591941833,0.8576598167419434
YMR295C,YDR381C-A,0,1.7496879,0.10574302822351456,0.9591254591941833,0.8577603697776794
YBR271W,YNR017W,0,1.7493029,0.10573194921016693,0.9591254591941833,0.8578608632087708
YIL017W,YJR063W,0,1.7492938,0.1057208701968193,0.9591254591941833,0.8579614162445068
YNL117W,YDR304C,0,1.7489403,0.10570979863405228,0.9591254591941833,0.8580619096755981
YPL011C,YCL026C-B,0,1.7488246,0.10569871962070465,0.9591254591941833,0.8581624627113342
YJR053W,YLR073C,0,1.7474066,0.10568764805793762,0.9591254591941833,0.8582629561424255
YOR287C,YBL101W-B,0,1.7473139,0.10567658394575119,0.9591254591941833,0.8583635091781616
YNL304W,YGL046W,0,1.7472664,0.10566551238298416,0.9591254591941833,0.8584640026092529
YMR241W,YLL034C,0,1.7469336,0.10565444827079773,0.9591254591941833,0.858564555644989
YOL010W,YDR261W-A,0,1.7469248,0.1056433916091919,0.9591254591941833,0.8586650490760803
YNL127W,YCR097WB,0,1.7465998,0.10563232749700546,0.9591254591941833,0.8587656021118164
YDR196C,YPL273W,0,1.7465887,0.10562127083539963,0.9591254591941833,0.8588660955429077
YBR075W,YKL130C,0,1.7464088,0.10561021417379379,0.9591254591941833,0.8589666485786438
YKL200C,YKL097W-A,0,1.7464038,0.10559916496276855,0.9591254591941833,0.8590671420097351
YEL012W,YLR206W,0,1.7459377,0.10558811575174332,0.9591254591941833,0.8591676950454712
YOR388C,YCL026C-B,0,1.7457503,0.10557706654071808,0.9591254591941833,0.8592681884765625
YOR142W-A,YMR272C,0,1.7446135,0.10556601732969284,0.9591254591941833,0.8593687415122986
YHR012W,YDL133C-A,0,1.7442867,0.1055549755692482,0.9591254591941833,0.8594692349433899
YLL040C,YDR381C-A,0,1.7442048,0.10554393380880356,0.9591254591941833,0.859569787979126
YMR186W,YIL017W,0,1.7440705,0.10553289204835892,0.9591254591941833,0.8596702814102173
YER049W,YLR410W-B,0,1.7438082,0.10552185773849487,0.9591254591941833,0.8597708344459534
YFL002W-B,YKL064W,0,1.7435349,0.10551082342863083,0.9591254591941833,0.8598713278770447
YAR027W,YDR392W,0,1.743277,0.10549978911876678,0.9591254591941833,0.8599718809127808
YDR059C,YLR410W-B,0,1.7432749,0.10548876225948334,0.9591254591941833,0.8600723743438721
YGL046W,YDR109C,0,1.7427638,0.10547773540019989,0.9591254591941833,0.8601729273796082
YDR289C,YBR090C-A,1,1.742422,0.10557123273611069,0.9600760340690613,0.8601729273796082
YGR169C,YBL029C-A,0,1.7423407,0.10556019842624664,0.9600760340690613,0.8602734208106995
YDR499W,YER168C,0,1.7421429,0.1055491715669632,0.9600760340690613,0.8603739738464355
YDL084W,YLR359W,0,1.7413758,0.10553813725709915,0.9600760340690613,0.8604744672775269
YKR036C,YBL029C-A,0,1.7409828,0.1055271103978157,0.9600760340690613,0.8605749607086182
YLR024C,YNR072W,0,1.7409222,0.10551609098911285,0.9600760340690613,0.8606755137443542
YDL084W,YIL076W,0,1.7404317,0.1055050641298294,0.9600760340690613,0.8607760071754456
YPL064C,YDR261W-A,0,1.7397786,0.10549404472112656,0.9600760340690613,0.8608765602111816
YDR131C,YKL097W-A,0,1.7385659,0.1054830253124237,0.9600760340690613,0.860977053642273
YKL082C,YKL172W,0,1.7384237,0.10547201335430145,0.9600760340690613,0.861077606678009
YLR301W,YBL034C,0,1.7382154,0.1054610013961792,0.9600760340690613,0.8611781001091003
YDR381C-A,YCR002C,0,1.7380843,0.10544998943805695,0.9600760340690613,0.8612786531448364
YHR211W,YPL147W,0,1.7371238,0.10543897747993469,0.9600760340690613,0.8613791465759277
YDL111C,YIL083C,0,1.7369152,0.10542797297239304,0.9600760340690613,0.8614796996116638
YNL304W,YCL060C,0,1.7365836,0.10541696846485138,0.9600760340690613,0.8615801930427551
YJL110C,YDR079C-A,1,1.7365538,0.10551033169031143,0.9610266089439392,0.8615801930427551
YDR240C,YMR240C,0,1.7358121,0.10549931973218918,0.9610266089439392,0.8616807460784912
YER168C,YCL060C,0,1.7350715,0.10548831522464752,0.9610266089439392,0.8617812395095825
YGR175C,YDR381C-A,0,1.7335054,0.10547731071710587,0.9610266089439392,0.8618817925453186
YLR452C,YNL131W,0,1.7333227,0.10546630620956421,0.9610266089439392,0.8619822859764099
YLR425W,YKR102W,0,1.7331158,0.10545530170202255,0.9610266089439392,0.862082839012146
YDR210C-C,YKL210W,0,1.7331135,0.10544430464506149,0.9610266089439392,0.8621833324432373
YBR145W,YBL029C-A,0,1.7323117,0.10543330758810043,0.9610266089439392,0.8622838854789734
YDR261C-D,YBR129C,0,1.7316402,0.10542231798171997,0.9610266089439392,0.8623843789100647
YOL043C,YCL060C,0,1.7313293,0.10541132092475891,0.9610266089439392,0.8624849319458008
YJL112W,YCR080W,0,1.7306049,0.10540033131837845,0.9610266089439392,0.8625854253768921
YLR410W-B,YPL196W,0,1.7304962,0.10538934916257858,0.9610266089439392,0.8626859784126282
YCR030C,YOR085W,0,1.7304343,0.10537835955619812,0.9610266089439392,0.8627864718437195
YGL014W,YDR381C-A,0,1.730352,0.10536737740039825,0.9610266089439392,0.8628870248794556
YFR021W,YNL262W,0,1.7298515,0.10535639524459839,0.9610266089439392,0.8629875183105469
YDR404C,YNL259C,0,1.729801,0.10534542053937912,0.9610266089439392,0.863088071346283
YKR101W,YLR213C,0,1.7297654,0.10533444583415985,0.9610266089439392,0.8631885647773743
YHR005C-A,YBL011W,0,1.7288907,0.10532347112894058,0.9610266089439392,0.8632891178131104
YBR042C,YLR391W,0,1.7288364,0.10531249642372131,0.9610266089439392,0.8633896112442017
YBR075W,YIL048W,0,1.728342,0.10530152916908264,0.9610266089439392,0.8634901642799377
YOR126C,YDR138W,0,1.7277633,0.10529056191444397,0.9610266089439392,0.863590657711029
YNL032W,YCR080W,0,1.7275523,0.1052796021103859,0.9610266089439392,0.8636912107467651
YLR256W-A,YDL225W,0,1.7272776,0.10526863485574722,0.9610266089439392,0.8637917041778564
YGR112W,YKL064W,0,1.7263347,0.10525767505168915,0.9610266089439392,0.8638922572135925
YMR049C,YBL101W-B,0,1.7262508,0.10524672269821167,0.9610266089439392,0.8639927506446838
YOR261C,YML056C,0,1.725739,0.1052357628941536,0.9610266089439392,0.8640933036804199
YBR202W,YDL083C,0,1.7257065,0.10522481054067612,0.9610266089439392,0.8641937971115112
YJL087C,YMR246W,0,1.7256409,0.10521386563777924,0.9610266089439392,0.8642943501472473
YMR180C,YCR055C,0,1.7248019,0.10520291328430176,0.9610266089439392,0.8643948435783386
YKL190W,YGL037C,0,1.7242464,0.10519196838140488,0.9610266089439392,0.8644953966140747
YDR296W,YGR027C,0,1.7236948,0.105181023478508,0.9610266089439392,0.864595890045166
YPR204W,YPL218W,0,1.7236805,0.10517007857561111,0.9610266089439392,0.8646964430809021
YPR167C,YKL097W-A,0,1.7234094,0.10515914112329483,0.9610266089439392,0.8647969365119934
YLR395C,YJL172W,0,1.7232646,0.10514820367097855,0.9610266089439392,0.8648974895477295
YLR043C,YOR142W-A,0,1.721685,0.10513727366924286,0.9610266089439392,0.8649979829788208
YNL084C,YPR133W-A,0,1.7214434,0.10512633621692657,0.9610266089439392,0.8650985360145569
YDR254W,YDR381C-A,0,1.7212871,0.10511540621519089,0.9610266089439392,0.8651990294456482
YJR149W,YKL097W-A,0,1.7211748,0.1051044836640358,0.9610266089439392,0.8652995824813843
YGR109W-B,YJL206C,0,1.7208419,0.10509355366230011,0.9610266089439392,0.8654000759124756
YMR146C,YER168C,0,1.7207185,0.10508263111114502,0.9610266089439392,0.8655006289482117
YPR026W,YDL045W-A,0,1.7207099,0.10507170855998993,0.9610266089439392,0.865601122379303
YCL018W,YDL111C,0,1.720162,0.10506079345941544,0.9610266089439392,0.8657016754150391
YHL012W,YPR190C,0,1.719999,0.10504987835884094,0.9610266089439392,0.8658021688461304
YKL097W-A,YKL201C,0,1.7193948,0.10503896325826645,0.9610266089439392,0.8659027218818665
YBL101W-B,YPL082C,0,1.7190195,0.10502804815769196,0.9610266089439392,0.8660032153129578
YDR512C,YNL223W,0,1.7188445,0.10501714050769806,0.9610266089439392,0.8661037683486938
YLR256W-A,YJR112W,0,1.718839,0.10500623285770416,0.9610266089439392,0.8662042617797852
YPL167C,YGR255C,0,1.7185758,0.10499532520771027,0.9610266089439392,0.8663047552108765
YPL257W-B,YML056C,0,1.7175744,0.10498442500829697,0.9610266089439392,0.8664053082466125
YCL026C-B,YPR152C,0,1.7173918,0.10497352480888367,0.9610266089439392,0.8665058016777039
YLR410W-B,YDR332W,0,1.7170831,0.10496262460947037,0.9610266089439392,0.8666063547134399
YPL134C,YOR324C,0,1.7165202,0.10495173186063766,0.9610266089439392,0.8667068481445312
YIL135C,YCL026C-B,0,1.7164932,0.10494083166122437,0.9610266089439392,0.8668074011802673
YDR261C-D,YOR123C,0,1.716308,0.10492994636297226,0.9610266089439392,0.8669078946113586
YLR219W,YLR410W-A,0,1.7162998,0.10491905361413956,0.9610266089439392,0.8670084476470947
YNL079C,YFL035C,0,1.715907,0.10490816831588745,0.9610266089439392,0.867108941078186
YJR149W,YBR170C,0,1.714972,0.10489728301763535,0.9610266089439392,0.8672094941139221
YLR295C,YJL006C,0,1.7145594,0.10488639771938324,0.9610266089439392,0.8673099875450134
YDR414C,YOR343W-B,0,1.7144822,0.10487551987171173,0.9610266089439392,0.8674105405807495
YMR319C,YLR264W,0,1.7144121,0.10486464202404022,0.9610266089439392,0.8675110340118408
YNL010W,YIL006W,0,1.7130641,0.10485376417636871,0.9610266089439392,0.8676115870475769
YLR344W,YKL205W,0,1.7126536,0.1048428937792778,0.9610266089439392,0.8677120804786682
YOR071C,YLR291C,0,1.712296,0.10483202338218689,0.9610266089439392,0.8678126335144043
YKR103W,YGL014W,0,1.712153,0.10482115298509598,0.9610266089439392,0.8679131269454956
YJL011C,YLR227W-B,0,1.7121037,0.10481028258800507,0.9610266089439392,0.8680136799812317
YDL055C,YPL093W,0,1.7115726,0.10479941964149475,0.9610266089439392,0.868114173412323
YBR090C-A,YBR193C,1,1.7115422,0.10489220917224884,0.9619771838188171,0.868114173412323
YKL119C,YLR391W,0,1.7111961,0.10488133132457733,0.9619771838188171,0.8682147264480591
YPL113C,YCR055C,0,1.7109863,0.10487046837806702,0.9619771838188171,0.8683152198791504
YER098W,YDR261W-A,0,1.7104214,0.1048595979809761,0.9619771838188171,0.8684157729148865
YOL082W,YDR261C-D,0,1.7102976,0.10484873503446579,0.9619771838188171,0.8685162663459778
YOR020C,YOL040C,0,1.7101158,0.10483787208795547,0.9619771838188171,0.8686168193817139
YCL057W,YBL052C,0,1.70993,0.10482701659202576,0.9619771838188171,0.8687173128128052
YGR144W,YBL101W-B,0,1.7087958,0.10481616109609604,0.9619771838188171,0.8688178658485413
YIL170W,YIL017W,0,1.7085763,0.10480530560016632,0.9619771838188171,0.8689183592796326
YKL200C,YML071C,0,1.7085502,0.1047944501042366,0.9619771838188171,0.8690189123153687
YGL237C,YMR319C,0,1.7080775,0.10478360205888748,0.9619771838188171,0.86911940574646
YJR078W,YPR002W,0,1.7080133,0.10477275401353836,0.9619771838188171,0.869219958782196
YOR071C,YKL200C,0,1.7074312,0.10476190596818924,0.9619771838188171,0.8693204522132874
YOR142W-B,YOR148C,0,1.7071489,0.10475105792284012,0.9619771838188171,0.8694210052490234
YNL231C,YKL097W-A,0,1.7066654,0.1047402173280716,0.9619771838188171,0.8695214986801147
YKL200C,YGR077C,0,1.7064744,0.10472937673330307,0.9619771838188171,0.8696220517158508
YJL134W,YNL110C,0,1.7062443,0.10471854358911514,0.9619771838188171,0.8697225451469421
YOR142W-A,YNR003C,0,1.7062236,0.10470771044492722,0.9619771838188171,0.8698230981826782
YPR135W,YOR142W-A,0,1.7062058,0.10469687730073929,0.9619771838188171,0.8699235916137695
YPR196W,YGL226C-A,0,1.705918,0.10468604415655136,0.9619771838188171,0.8700241446495056
YER154W,YPL208W,0,1.70584,0.10467521846294403,0.9619771838188171,0.8701246380805969
YMR295C,YDL035C,0,1.7056962,0.1046643927693367,0.9619771838188171,0.870225191116333
YJL140W,YGL046W,0,1.705489,0.10465356707572937,0.9619771838188171,0.8703256845474243
YNL302C,YMR250W,0,1.7050108,0.10464274883270264,0.9619771838188171,0.8704262375831604
YLR163C,YDR470C,0,1.7046088,0.1046319305896759,0.9619771838188171,0.8705267310142517
YDR030C,YLR391W,0,1.7046059,0.10462111234664917,0.9619771838188171,0.8706272840499878
YOR298W,YNL307C,0,1.7044178,0.10461029410362244,0.9619771838188171,0.8707277774810791
YOR239W,YPL183W-A,0,1.7043809,0.1045994833111763,0.9619771838188171,0.8708283305168152
YDR176W,YBR090C-A,1,1.7042917,0.1046920195221901,0.9629277586936951,0.8708283305168152
YDR233C,YNR010W,0,1.7040628,0.10468120127916336,0.9629277586936951,0.8709288239479065
YGL050W,YPL050C,0,1.7039955,0.10467038303613663,0.9629277586936951,0.8710293769836426
YDR079C-A,YPR070W,1,1.7035333,0.10476288944482803,0.963878333568573,0.8710293769836426
YDR144C,YLR227W-B,0,1.7031709,0.1047520637512207,0.963878333568573,0.8711298704147339
YDL133C-A,YGR199W,0,1.7030674,0.10474124550819397,0.963878333568573,0.87123042345047
YJR021C,YFL002W-B,0,1.7029668,0.10473042726516724,0.963878333568573,0.8713309168815613
YBR052C,YHR156C,0,1.7018168,0.1047196090221405,0.963878333568573,0.8714314699172974
YPR158C-C,YLR183C,0,1.7013232,0.10470879822969437,0.963878333568573,0.8715319633483887
YGL237C,YBR275C,0,1.7011542,0.10469798743724823,0.963878333568573,0.8716325163841248
YBL101W-B,YLR130C,0,1.7006698,0.1046871766448021,0.963878333568573,0.8717330098152161
YLR380W,YHR058C,0,1.7003273,0.10467637330293655,0.963878333568573,0.8718335628509521
YHR047C,YAL024C,0,1.70018,0.10466556251049042,0.963878333568573,0.8719340562820435
YER151C,YOR209C,0,1.6999173,0.10465476661920547,0.963878333568573,0.8720346093177795
YFL035C,YGL241W,0,1.6996963,0.10464396327733994,0.963878333568573,0.8721351027488708
YDR254W,YCR012W,0,1.6991997,0.10463316738605499,0.963878333568573,0.8722355961799622
YBR090C-A,YNL330C,1,1.6986798,0.10472554713487625,0.9648289084434509,0.8722355961799622
YHR066W,YDR527W,0,1.6980464,0.10471474379301071,0.9648289084434509,0.8723361492156982
YER165W,YFR036W,0,1.6978084,0.10470394045114517,0.9648289084434509,0.8724366426467896
YPL064C,YOR020C,0,1.6977353,0.10469313710927963,0.9648289084434509,0.8725371956825256
YCR080W,YGL174W,0,1.6976248,0.10468234121799469,0.9648289084434509,0.8726376891136169
YOR343W-B,YHR005C-A,0,1.6974355,0.10467154532670975,0.9648289084434509,0.872738242149353
YOL124C,YPL122C,0,1.6969241,0.1046607568860054,0.9648289084434509,0.8728387355804443
YGL180W,YPR002W,0,1.6967899,0.10464996099472046,0.9648289084434509,0.8729392886161804
YHR179W,YDR410C,0,1.6964586,0.10463917255401611,0.9648289084434509,0.8730397820472717
YEL062W,YCL026C-B,0,1.6961026,0.10462839156389236,0.9648289084434509,0.8731403350830078
YBR066C,YFL002W-B,0,1.6959312,0.10461760312318802,0.9648289084434509,0.8732408285140991
YCL018W,YAL016W,0,1.6946934,0.10460682213306427,0.9648289084434509,0.8733413815498352
YKL190W,YMR099C,0,1.6946446,0.10459604114294052,0.9648289084434509,0.8734418749809265
YER014C-A,YIR038C,0,1.6943258,0.10458526760339737,0.9648289084434509,0.8735424280166626
YKL190W,YCR055C,0,1.6941496,0.10457448661327362,0.9648289084434509,0.8736429214477539
YEL052W,YLR256W-A,0,1.6939865,0.10456372052431107,0.9648289084434509,0.87374347448349
YMR276W,YER117W,0,1.6939195,0.10455294698476791,0.9648289084434509,0.8738439679145813
YDR067C,YNL281W,0,1.6939176,0.10454218089580536,0.9648289084434509,0.8739445209503174
YPL180W,YLR391W,0,1.6938391,0.10453140735626221,0.9648289084434509,0.8740450143814087
YLR300W,YCR011C,0,1.693797,0.10452064871788025,0.9648289084434509,0.8741455674171448
YOL103W-B,YBR129C,0,1.6928152,0.1045098826289177,0.9648289084434509,0.8742460608482361
YPL274W,YJR034W,0,1.6920788,0.10449912399053574,0.9648289084434509,0.8743466138839722
YNL147W,YCR055C,0,1.6917776,0.10448836535215378,0.9648289084434509,0.8744471073150635
YCR087C-A,YDR392W,0,1.6917616,0.10447761416435242,0.9648289084434509,0.8745476603507996
YBL028C,YDL208W,0,1.6911544,0.10446685552597046,0.9648289084434509,0.8746481537818909
YIL021W,YJL192C,0,1.690689,0.1044561043381691,0.9648289084434509,0.874748706817627
YOR287C,YPR133W-A,0,1.690678,0.10444536060094833,0.9648289084434509,0.8748492002487183
YGR167W,YBR173C,0,1.6902384,0.10443460941314697,0.9648289084434509,0.8749497532844543
YLL055W,YBL092W,0,1.6896853,0.10442386567592621,0.9648289084434509,0.8750502467155457
YJL172W,YHL027W,0,1.6893688,0.10441312938928604,0.9648289084434509,0.8751507997512817
YAL060W,YPL042C,0,1.6891506,0.10440238565206528,0.9648289084434509,0.875251293182373
YER117W,YBR129C,0,1.6890738,0.10439164936542511,0.9648289084434509,0.8753518462181091
YDL107W,YDL206W,0,1.6874548,0.10438091307878494,0.9648289084434509,0.8754523396492004
YMR315W,YAL016W,0,1.6867493,0.10437017679214478,0.9648289084434509,0.8755528926849365
YDR453C,YPL147W,0,1.6864983,0.1043594479560852,0.9648289084434509,0.8756533861160278
YNL284C-A,YBR061C,0,1.6857145,0.10434871912002563,0.9648289084434509,0.8757539391517639
YER014C-A,YCL004W,0,1.6849431,0.10433799028396606,0.9648289084434509,0.8758544325828552
YBR052C,YDR260C,0,1.6845404,0.10432726889848709,0.9648289084434509,0.8759549856185913
YAL063C,YBL101W-B,0,1.6843817,0.10431654751300812,0.9648289084434509,0.8760554790496826
YOR159C,YNL121C,0,1.6843022,0.10430582612752914,0.9648289084434509,0.8761560320854187
YOR147W,YGL046W,0,1.683983,0.10429511219263077,0.9648289084434509,0.87625652551651
YMR093W,YCL003W,0,1.6837176,0.1042843908071518,0.9648289084434509,0.8763570785522461
YGR251W,YPL257W-B,0,1.6834887,0.10427367687225342,0.9648289084434509,0.8764575719833374
YFL035C,YDR373W,0,1.6833471,0.10426297038793564,0.9648289084434509,0.8765581250190735
YNL284C-A,YKL003C,0,1.6829425,0.10425225645303726,0.9648289084434509,0.8766586184501648
YAL024C,YLR256W-A,0,1.682505,0.10424154996871948,0.9648289084434509,0.8767591714859009
YOL026C,YGR185C,0,1.6824164,0.1042308509349823,0.9648289084434509,0.8768596649169922
YBL101W-B,YAL039C,0,1.6822847,0.10422014445066452,0.9648289084434509,0.8769602179527283
YNL010W,YDR226W,0,1.6820877,0.10420944541692734,0.9648289084434509,0.8770607113838196
YHR058C,YDR261W-A,0,1.6816868,0.10419874638319016,0.9648289084434509,0.8771612644195557
YER017C,YDR261W-A,0,1.681656,0.10418805480003357,0.9648289084434509,0.877261757850647
YLR029C,YGL200C,0,1.6801805,0.10417735576629639,0.9648289084434509,0.8773623108863831
YOR261C,YGL233W,0,1.6794952,0.1041666641831398,0.9648289084434509,0.8774628043174744
YKL007W,YLR270W,0,1.6793984,0.10415598005056381,0.9648289084434509,0.8775633573532104
YER137C-A,YJR031C,0,1.6790414,0.10414528846740723,0.9648289084434509,0.8776638507843018
YDL022W,YDL035C,0,1.6790152,0.10413460433483124,0.9648289084434509,0.8777644038200378
YMR013C,YDR210C-C,0,1.6784655,0.10412392020225525,0.9648289084434509,0.8778648972511292
YER050C,YFL001W,0,1.677556,0.10411324352025986,0.9648289084434509,0.8779653906822205
YDL036C,YER137C,0,1.6770638,0.10410256683826447,0.9648289084434509,0.8780659437179565
YPR113W,YDL215C,0,1.6750032,0.10409189015626907,0.9648289084434509,0.8781664371490479
YNL261W,YMR099C,0,1.6743547,0.10408121347427368,0.9648289084434509,0.8782669901847839
YCR087C-A,YML109W,0,1.674076,0.10407054424285889,0.9648289084434509,0.8783674836158752
YPL042C,YBL091C-A,0,1.6740111,0.10405987501144409,0.9648289084434509,0.8784680366516113
YOR393W,YCR055C,0,1.673776,0.1040492057800293,0.9648289084434509,0.8785685300827026
YOR301W,YJL071W,0,1.673304,0.1040385439991951,0.9648289084434509,0.8786690831184387
YCL003W,YHR109W,0,1.6732029,0.1040278747677803,0.9648289084434509,0.87876957654953
YNL258C,YCL060C,0,1.672938,0.1040172129869461,0.9648289084434509,0.8788701295852661
YBR177C,YJR149W,0,1.6726986,0.1040065586566925,0.9648289084434509,0.8789706230163574
YMR169C,YDL035C,0,1.6726702,0.1039959043264389,0.9648289084434509,0.8790711760520935
YEL022W,YOR020C,0,1.6721338,0.1039852499961853,0.9648289084434509,0.8791716694831848
YGL115W,YIL017W,1,1.6720647,0.10407703369855881,0.9657794833183289,0.8791716694831848
YJL194W,YHR164C,0,1.6719563,0.10406637191772461,0.9657794833183289,0.8792722225189209
YPL257W-B,YER104W,0,1.6715802,0.10405571758747101,0.9657794833183289,0.8793727159500122
YPL274W,YJR140C,0,1.6710984,0.10404505580663681,0.9657794833183289,0.8794732689857483
YDR410C,YBR145W,0,1.6707616,0.10403440147638321,0.9657794833183289,0.8795737624168396
YDR498C,YKL097W-A,0,1.6706085,0.1040237545967102,0.9657794833183289,0.8796743154525757
YDL121C,YDL074C,0,1.6705998,0.1040131077170372,0.9657794833183289,0.879774808883667
YDR229W,YDL047W,0,1.670148,0.1040024533867836,0.9657794833183289,0.8798753619194031
YHR056C,YCR055C,0,1.6691355,0.10399181395769119,0.9657794833183289,0.8799758553504944
YKL097W-A,YBR037C,0,1.6688193,0.10398116707801819,0.9657794833183289,0.8800764083862305
YFL033C,YBR031W,0,1.6680877,0.10397052764892578,0.9657794833183289,0.8801769018173218
YPL183W-A,YBL068W,0,1.668037,0.10395988821983337,0.9657794833183289,0.8802774548530579
YNL284C-A,YDR138W,0,1.6675549,0.10394925624132156,0.9657794833183289,0.8803779482841492
YOL129W,YCR080W,0,1.66755,0.10393861681222916,0.9657794833183289,0.8804785013198853
YPR137C-A,YHR168W,0,1.667489,0.10392798483371735,0.9657794833183289,0.8805789947509766
YJR010W,YIL140W,0,1.6667145,0.10391736030578613,0.9657794833183289,0.8806795477867126
YAR002C-A,YKL061W,0,1.66635,0.10390672832727432,0.9657794833183289,0.880780041217804
YOL082W,YOL158C,0,1.6659764,0.10389610379934311,0.9657794833183289,0.88088059425354
YNL103W,YCR080W,1,1.6659702,0.10398773103952408,0.9667300581932068,0.88088059425354
YMR200W,YBR026C,0,1.6659695,0.10397709906101227,0.9667300581932068,0.8809810876846313
YBR223C,YOR204W,0,1.6654531,0.10396646708250046,0.9667300581932068,0.8810816407203674
YDR261C-D,YBR074W,0,1.6654438,0.10395584255456924,0.9667300581932068,0.8811821341514587
YHR069C,YKL097W-A,0,1.6652871,0.10394521802663803,0.9667300581932068,0.8812826871871948
YMR169C,YGR161W-B,0,1.6644479,0.10393459349870682,0.9667300581932068,0.8813831806182861
YNL282W,YLR227W-B,0,1.6641904,0.1039239764213562,0.9667300581932068,0.8814837336540222
YPL122C,YBL068W,0,1.6635624,0.10391335189342499,0.9667300581932068,0.8815842270851135
YJR092W,YPR080W,0,1.6627733,0.10390273481607437,0.9667300581932068,0.8816847801208496
YGR118W,YFL054C,0,1.66217,0.10389212518930435,0.9667300581932068,0.8817852735519409
YDR492W,YPL257W-B,0,1.6619409,0.10388150811195374,0.9667300581932068,0.881885826587677
YJR036C,YKL097W-A,0,1.6617774,0.10387089848518372,0.9667300581932068,0.8819863200187683
YJL114W,YCL026C-B,0,1.6614355,0.1038602963089943,0.9667300581932068,0.8820868730545044
YMR300C,YDR381C-A,0,1.6612643,0.10384968668222427,0.9667300581932068,0.8821873664855957
YDL140C,YCR012W,0,1.6612035,0.10383908450603485,0.9667300581932068,0.8822879195213318
YFR013W,YNL284C-A,0,1.6611835,0.10382848232984543,0.9667300581932068,0.8823884129524231
YOL053C-A,YDR173C,0,1.6610788,0.1038178876042366,0.9667300581932068,0.8824889659881592
YBR111W-A,YDL024C,0,1.6610788,0.10380728542804718,0.9667300581932068,0.8825894594192505
YLR391W-A,YOR340C,0,1.6610788,0.10379669070243835,0.9667300581932068,0.8826900124549866
YOR323C,YLR154W-A,0,1.6610788,0.10378610342741013,0.9667300581932068,0.8827905058860779
YNL138W-A,YDL083C,0,1.6610788,0.1037755087018013,0.9667300581932068,0.882891058921814
YNL138W-A,YCL026C-B,0,1.6610788,0.10376492142677307,0.9667300581932068,0.8829915523529053
YFL011W-A,YNL302C,0,1.6610788,0.10375433415174484,0.9667300581932068,0.8830921053886414
YHR066W,YNL138W-A,0,1.6610788,0.10374375432729721,0.9667300581932068,0.8831925988197327
YLR391W-A,YPR159W,0,1.6610788,0.10373316705226898,0.9667300581932068,0.8832931518554688
YNL138W-A,YDL111C,0,1.6610788,0.10372258722782135,0.9667300581932068,0.8833936452865601
YKL126W,YOL053C-A,0,1.6610788,0.10371201485395432,0.9667300581932068,0.8834941983222961
YER138C,YJL012C-A,0,1.6610788,0.10370143502950668,0.9667300581932068,0.8835946917533875
YLR154W-A,YKR044W,0,1.6610788,0.10369086265563965,0.9667300581932068,0.8836952447891235
YOL053C-A,YGL103W,0,1.6610788,0.10368029028177261,0.9667300581932068,0.8837957382202148
YBL101W-B,YKL096W-A,0,1.6610788,0.10366972535848618,0.9667300581932068,0.8838962316513062
YLR391W-A,YCR052W,0,1.6610788,0.10365916043519974,0.9667300581932068,0.8839967846870422
YER137C-A,YER087C-B,0,1.6610788,0.1036485955119133,0.9667300581932068,0.8840972781181335
YLR391W-A,YMR268W-A,0,1.6610788,0.10363803058862686,0.9667300581932068,0.8841978311538696
YLR154W-A,YIR032C,0,1.6610788,0.10362747311592102,0.9667300581932068,0.8842983245849609
YPR196W,YDR014W-A,0,1.6610788,0.10361691564321518,0.9667300581932068,0.884398877620697
YMR182C,YLR391W-A,0,1.6610788,0.10360635817050934,0.9667300581932068,0.8844993710517883
YJL124C,YLR154W-A,0,1.6610788,0.1035958006978035,0.9667300581932068,0.8845999240875244
YFL011W-A,YIL133C,0,1.6610788,0.10358525067567825,0.9667300581932068,0.8847004175186157
YDR454C,YOL053C-A,0,1.6610788,0.10357470065355301,0.9667300581932068,0.8848009705543518
YJL012C-A,YOR232W,0,1.6610788,0.10356415808200836,0.9667300581932068,0.8849014639854431
YDL040C,YMR268W-A,0,1.6610788,0.10355360805988312,0.9667300581932068,0.8850020170211792
YJL034W,YGR031C-A,0,1.6610788,0.10354306548833847,0.9667300581932068,0.8851025104522705
YDR026C,YFL011W-A,0,1.6610788,0.10353252291679382,0.9667300581932068,0.8852030634880066
YER175C,YOL053C-A,0,1.6610788,0.10352198779582977,0.9667300581932068,0.8853035569190979
YOR168W,YLR154W-A,0,1.6610788,0.10351145267486572,0.9667300581932068,0.885404109954834
YER103W,YLR154W-A,0,1.6610788,0.10350091755390167,0.9667300581932068,0.8855046033859253
YKR095W-A,YOL028C,1,1.6610788,0.10359214246273041,0.9676806330680847,0.8855046033859253
YDR026C,YLR154W-A,0,1.6610788,0.10358159989118576,0.9676806330680847,0.8856051564216614
YGR031C-A,YLR325C,0,1.6610788,0.10357106477022171,0.9676806330680847,0.8857056498527527
YPR191W,YCR080W,0,1.6610788,0.10356052964925766,0.9676806330680847,0.8858062028884888
YJL114W,YLR154W-A,0,1.6610788,0.10354999452829361,0.9676806330680847,0.8859066963195801
YMR268W-A,YML128C,0,1.6610788,0.10353945940732956,0.9676806330680847,0.8860072493553162
YGR169C,YDR014W-A,0,1.6610788,0.1035289317369461,0.9676806330680847,0.8861077427864075
YDR389W,YMR268W-A,0,1.6610788,0.10351840406656265,0.9676806330680847,0.8862082958221436
YKR103W,YNL138W-A,0,1.6610788,0.1035078763961792,0.9676806330680847,0.8863087892532349
YGR031C-A,YGL236C,0,1.6610788,0.10349735617637634,0.9676806330680847,0.886409342288971
YGR031C-A,YPR043W,0,1.6610788,0.10348683595657349,0.9676806330680847,0.8865098357200623
YNL138W-A,YLR410W-A,0,1.6610788,0.10347631573677063,0.9676806330680847,0.8866103887557983
YOR071C,YLR154W-A,0,1.6610788,0.10346580296754837,0.9676806330680847,0.8867108821868896
YBL005W-B,YOL053C-A,0,1.6610788,0.10345528274774551,0.9676806330680847,0.8868114352226257
YMR087W,YLR391W-A,0,1.6610788,0.10344476997852325,0.9676806330680847,0.886911928653717
YHR005C-A,YCR080W,0,1.6610788,0.10343426465988159,0.9676806330680847,0.8870124816894531
YGR031C-A,YDL039C,0,1.6610788,0.10342375189065933,0.9676806330680847,0.8871129751205444
YBR111W-A,YPR025C,1,1.6610788,0.10351482778787613,0.9686312079429626,0.8871129751205444
YGR031C-A,YOR292C,0,1.6610788,0.10350431501865387,0.9686312079429626,0.8872135281562805
YOR168W,YMR268W-A,0,1.6610788,0.10349380224943161,0.9686312079429626,0.8873140215873718
YMR295C,YMR268W-A,0,1.6610788,0.10348329693078995,0.9686312079429626,0.8874145746231079
YMR146C,YDR014W-A,0,1.6610788,0.10347278416156769,0.9686312079429626,0.8875150680541992
YKL117W,YJL012C-A,0,1.6610788,0.10346227884292603,0.9686312079429626,0.8876156210899353
YGR031C-A,YPR190C,0,1.6610788,0.10345177352428436,0.9686312079429626,0.8877161145210266
YDR014W-A,YMR180C,0,1.6610788,0.1034412756562233,0.9686312079429626,0.8878166675567627
YCR080W,YPL167C,0,1.6610788,0.10343077778816223,0.9686312079429626,0.887917160987854
YNL138W-A,YDL216C,0,1.6610788,0.10342027992010117,0.9686312079429626,0.8880177140235901
YML073C,YGL046W,0,1.6610788,0.1034097820520401,0.9686312079429626,0.8881182074546814
YBR111W-A,YKL064W,0,1.6610788,0.10339929163455963,0.9686312079429626,0.8882187604904175
YGR031C-A,YLL040C,0,1.6610788,0.10338880121707916,0.9686312079429626,0.8883192539215088
YKR095W-A,YBR193C,1,1.6610788,0.10347975790500641,0.9695817232131958,0.8883192539215088
YOL101C,YMR268W-A,0,1.6610788,0.10346926003694534,0.9695817232131958,0.8884198069572449
YOR172W,YIL017W,1,1.6610788,0.1035602018237114,0.9705322980880737,0.8884198069572449
YIL108W,YNL138W-A,0,1.6610788,0.10354969650506973,0.9705322980880737,0.8885203003883362
YGR031C-A,YJL171C,0,1.6610788,0.10353919118642807,0.9705322980880737,0.8886208534240723
YHR069C,YMR268W-A,0,1.6610788,0.103528693318367,0.9705322980880737,0.8887213468551636
YGR031C-A,YGL071W,0,1.6610788,0.10351820290088654,0.9705322980880737,0.8888218998908997
YDR512C,YOL053C-A,0,1.6610788,0.10350770503282547,0.9705322980880737,0.888922393321991
YGR031C-A,YNL239W,0,1.6610788,0.103497214615345,0.9705322980880737,0.889022946357727
YNL223W,YLR154W-A,0,1.6610788,0.10348672419786453,0.9705322980880737,0.8891234397888184
YDR014W-A,YCR055C,0,1.6610788,0.10347623378038406,0.9705322980880737,0.8892239928245544
YLR016C,YMR268W-A,0,1.6610788,0.10346575081348419,0.9705322980880737,0.8893244862556458
YPR001W,YOL053C-A,0,1.6610788,0.10345526039600372,0.9705322980880737,0.8894250392913818
YPL223C,YLR154W-A,0,1.6610788,0.10344478487968445,0.9705322980880737,0.8895255327224731
YJL187C,YDR014W-A,0,1.6610788,0.10343430191278458,0.9705322980880737,0.8896260261535645
YKL117W,YBR111W-A,0,1.6610788,0.1034238263964653,0.9705322980880737,0.8897265791893005
YGL122C,YLR154W-A,0,1.6610788,0.10341335088014603,0.9705322980880737,0.8898270726203918
YDR083W,YDR014W-A,0,1.6610788,0.10340287536382675,0.9705322980880737,0.8899276256561279
YDL055C,YMR268W-A,0,1.6610788,0.10339240729808807,0.9705322980880737,0.8900281190872192
YOL129W,YBR111W-A,0,1.6610788,0.1033819392323494,0.9705322980880737,0.8901286721229553
YGL062W,YBR111W-A,0,1.6610788,0.10337147116661072,0.9705322980880737,0.8902291655540466
YDR411C,YLR154W-A,0,1.6610788,0.10336100310087204,0.9705322980880737,0.8903297185897827
YCR080W,YJL130C,0,1.6610788,0.10335054248571396,0.9705322980880737,0.890430212020874
YOL057W,YBR111W-A,0,1.6610788,0.10334008187055588,0.9705322980880737,0.8905307650566101
YHR047C,YFL011W-A,0,1.6610788,0.1033296212553978,0.9705322980880737,0.8906312584877014
YBR111W-A,YPR168W,1,1.6610788,0.10342036187648773,0.9714828729629517,0.8906312584877014
YDR014W-A,YDR306C,0,1.6610788,0.10340989381074905,0.9714828729629517,0.8907318115234375
YFL035C,YGL071W,0,1.6610788,0.10339943319559097,0.9714828729629517,0.8908323049545288
YFL011W-A,YLR359W,0,1.6610788,0.10338897258043289,0.9714828729629517,0.8909328579902649
YLR300W,YOL053C-A,0,1.6610788,0.10337851196527481,0.9714828729629517,0.8910333514213562
YDR014W-A,YOR216C,0,1.6610788,0.10336805880069733,0.9714828729629517,0.8911339044570923
YFL011W-A,YDR415C,0,1.6610788,0.10335760563611984,0.9714828729629517,0.8912343978881836
YDL077C,YLR391W,0,1.6610788,0.10334715247154236,0.9714828729629517,0.8913349509239197
YHR029C,YDR014W-A,0,1.6610788,0.10333670675754547,0.9714828729629517,0.891435444355011
YDR014W-A,YLR353W,0,1.6610788,0.10332625359296799,0.9714828729629517,0.8915359973907471
YOR098C,YLR154W-A,0,1.6610788,0.1033158078789711,0.9714828729629517,0.8916364908218384
YGR031C-A,YFL011W-A,0,1.6610788,0.10330536961555481,0.9714828729629517,0.8917370438575745
YBR006W,YBR111W-A,0,1.6610788,0.10329492390155792,0.9714828729629517,0.8918375372886658
YLR182W,YLR154W-A,0,1.6610788,0.10328448563814163,0.9714828729629517,0.8919380903244019
YHR214C-B,YBL101W-B,0,1.6610788,0.10327404737472534,0.9714828729629517,0.8920385837554932
YOR142W-A,YMR268W-A,0,1.6610788,0.10326361656188965,0.9714828729629517,0.8921391367912292
YMR173W,YCR055C,0,1.6610788,0.10325318574905396,0.9714828729629517,0.8922396302223206
YMR210W,YLR154W-A,0,1.6610788,0.10324275493621826,0.9714828729629517,0.8923401832580566
YOL053C-A,YBR173C,0,1.6610788,0.10323232412338257,0.9714828729629517,0.892440676689148
YER101C,YLR391W-A,0,1.6610788,0.10322189331054688,0.9714828729629517,0.892541229724884
YBR111W-A,YNR018W,0,1.6610788,0.10321146994829178,0.9714828729629517,0.8926417231559753
YDR449C,YOL053C-A,0,1.6610788,0.10320104658603668,0.9714828729629517,0.8927422761917114
YDR014W-A,YDR062W,0,1.6610788,0.10319063067436218,0.9714828729629517,0.8928427696228027
YLR130C,YMR268W-A,0,1.6610788,0.10318021476268768,0.9714828729629517,0.8929433226585388
YNL271C,YFL035C,0,1.6610788,0.10316979885101318,0.9714828729629517,0.8930438160896301
YEL031W,YCL003W,0,1.6610788,0.10315938293933868,0.9714828729629517,0.8931443691253662
YGR010W,YDR014W-A,0,1.6610788,0.10314896702766418,0.9714828729629517,0.8932448625564575
YJL087C,YBR111W-A,0,1.6610788,0.10313855856657028,0.9714828729629517,0.8933454155921936
YOL053C-A,YDR151C,0,1.6610788,0.10312815010547638,0.9714828729629517,0.8934459090232849
YLR016C,YLR154W-A,0,1.6610788,0.10311774909496307,0.9714828729629517,0.893546462059021
YFR013W,YLR391W-A,0,1.6610788,0.10310734808444977,0.9714828729629517,0.8936469554901123
YOR206W,YFL011W-A,0,1.6610788,0.10309694707393646,0.9714828729629517,0.8937475085258484
YBR111W-A,YLR256W-A,0,1.6610788,0.10308654606342316,0.9714828729629517,0.8938480019569397
YPR001W,YLR391W-A,0,1.6610788,0.10307614505290985,0.9714828729629517,0.8939485549926758
YER150W,YLR391W-A,0,1.6610788,0.10306575149297714,0.9714828729629517,0.8940490484237671
YDL133C-A,YDR014W-A,0,1.6610788,0.10305535793304443,0.9714828729629517,0.8941496014595032
YPL083C,YMR268W-A,0,1.6610788,0.10304497182369232,0.9714828729629517,0.8942500948905945
YKR095W-A,YPL048W,1,1.6610788,0.10313539952039719,0.9724334478378296,0.8942500948905945
YKL082C,YLR391W-A,0,1.6610788,0.10312499850988388,0.9724334478378296,0.8943506479263306
YHR214C-B,YCL003W,0,1.6610788,0.10311460494995117,0.9724334478378296,0.8944511413574219
YGR031C-A,YDR337W,0,1.6610788,0.10310421139001846,0.9724334478378296,0.894551694393158
YBR111W-A,YPR187W,1,1.6610788,0.10319460183382034,0.9733840227127075,0.894551694393158
YBR111W-A,YOR098C,0,1.6610788,0.10318420082330704,0.9733840227127075,0.8946521878242493
YHR066W,YDR014W-A,0,1.6610788,0.10317379981279373,0.9733840227127075,0.8947527408599854
YMR238W,YMR268W-A,0,1.6610788,0.10316340625286102,0.9733840227127075,0.8948532342910767
YPR065W,YIL017W,1,1.6610788,0.10325375199317932,0.9743345975875854,0.8948532342910767
YKL171W,YDR014W-A,0,1.6610788,0.10324335098266602,0.9743345975875854,0.8949537873268127
YLR165C,YMR268W-A,0,1.6610788,0.1032329574227333,0.9743345975875854,0.895054280757904
YER125W,YMR268W-A,0,1.6610788,0.10322255641222,0.9743345975875854,0.8951548337936401
YJL012C-A,YBR276C,0,1.6610788,0.10321216285228729,0.9743345975875854,0.8952553272247314
YJL012C-A,YDR146C,0,1.6610788,0.10320176929235458,0.9743345975875854,0.8953558206558228
YIL021W,YLR154W-A,0,1.6610788,0.10319138318300247,0.9743345975875854,0.8954563736915588
YFL011W-A,YKL171W,0,1.6610788,0.10318099707365036,0.9743345975875854,0.8955568671226501
YLR154W-A,YFL023W,0,1.6610788,0.10317061096429825,0.9743345975875854,0.8956574201583862
YLR391W-A,YDL097C,0,1.6610788,0.10316022485494614,0.9743345975875854,0.8957579135894775
YLR391W-A,YHR039C-A,0,1.6610788,0.10314984619617462,0.9743345975875854,0.8958584666252136
YFL011W-A,YGL037C,0,1.6610788,0.1031394675374031,0.9743345975875854,0.8959589600563049
YBR006W,YNL138W-A,0,1.6610788,0.10312908887863159,0.9743345975875854,0.896059513092041
YML028W,YJL012C-A,0,1.6610788,0.10311871021986008,0.9743345975875854,0.8961600065231323
YML028W,YMR268W-A,0,1.6610788,0.10310833901166916,0.9743345975875854,0.8962605595588684
YBR111W-A,YCR087C-A,0,1.6610788,0.10309796780347824,0.9743345975875854,0.8963610529899597
YMR273C,YLR391W,0,1.6610788,0.10308759659528732,0.9743345975875854,0.8964616060256958
YPL083C,YBR111W-A,0,1.6610788,0.103077232837677,0.9743345975875854,0.8965620994567871
YKR095W-A,YOR172W,1,1.6610788,0.10316742211580276,0.9752851724624634,0.8965620994567871
YOR274W,YFL011W-A,0,1.6610788,0.10315705090761185,0.9752851724624634,0.8966626524925232
YPR194C,YOL053C-A,0,1.6610788,0.10314667969942093,0.9752851724624634,0.8967631459236145
YNL262W,YGL046W,0,1.6610788,0.10313630849123001,0.9752851724624634,0.8968636989593506
YDR014W-A,YNR010W,0,1.6610788,0.10312594473361969,0.9752851724624634,0.8969641923904419
YDL227C,YOL053C-A,0,1.6610788,0.10311558097600937,0.9752851724624634,0.897064745426178
YDR416W,YMR268W-A,0,1.6610788,0.10310521721839905,0.9752851724624634,0.8971652388572693
YPR083W,YOL053C-A,0,1.6610788,0.10309485346078873,0.9752851724624634,0.8972657918930054
YJL012C-A,YOR194C,0,1.6610788,0.103084497153759,0.9752851724624634,0.8973662853240967
YIL142W,YDR014W-A,0,1.6610788,0.10307414084672928,0.9752851724624634,0.8974668383598328
YBR081C,YCL060C,0,1.6610788,0.10306378453969955,0.9752851724624634,0.8975673317909241
YPR052C,YIL017W,1,1.6610788,0.10315387696027756,0.9762357473373413,0.8975673317909241
YDR245W,YBR075W,0,1.6610788,0.10314352065324783,0.9762357473373413,0.8976678848266602
YFL011W-A,YOL054W,0,1.6610788,0.10313315689563751,0.9762357473373413,0.8977683782577515
YDR473C,YBR111W-A,0,1.6610788,0.10312280058860779,0.9762357473373413,0.8978689312934875
YGR031C-A,YNL070W,0,1.6610788,0.10311245173215866,0.9762357473373413,0.8979694247245789
YJL012C-A,YER090W,0,1.6610788,0.10310209542512894,0.9762357473373413,0.8980699777603149
YOR084W,YFL011W-A,0,1.6610788,0.10309174656867981,0.9762357473373413,0.8981704711914062
YPR135W,YCR080W,0,1.6610788,0.10308139771223068,0.9762357473373413,0.8982710242271423
YPL002C,YBR111W-A,1,1.6610788,0.10317141562700272,0.9771863222122192,0.8982710242271423
YNL138W-A,YPL110C,0,1.6610788,0.10316106677055359,0.9771863222122192,0.8983715176582336
YDR014W-A,YLR410W-A,0,1.6610788,0.10315071046352386,0.9771863222122192,0.8984720706939697
YMR203W,YMR268W-A,0,1.6610788,0.10314036160707474,0.9771863222122192,0.898572564125061
YOL129W,YGR031C-A,0,1.6610788,0.10313001275062561,0.9771863222122192,0.8986731171607971
YFR033C,YLR154W-A,0,1.6610788,0.10311967134475708,0.9771863222122192,0.8987736105918884
YBR020W,YDR014W-A,0,1.6610788,0.10310932993888855,0.9771863222122192,0.8988741636276245
YBR002C,YLR154W-A,0,1.6610788,0.10309898853302002,0.9771863222122192,0.8989746570587158
YKL200C,YGL226C-A,0,1.6610788,0.10308864712715149,0.9771863222122192,0.8990752100944519
YKL119C,YDR014W-A,0,1.6610788,0.10307831317186356,0.9771863222122192,0.8991757035255432
YOR323C,YMR268W-A,0,1.6610788,0.10306797921657562,0.9771863222122192,0.8992762565612793
YDL246C,YDR014W-A,0,1.6610788,0.10305764526128769,0.9771863222122192,0.8993767499923706
YDR371W,YNL138W-A,0,1.6610788,0.10304731130599976,0.9771863222122192,0.8994773030281067
YLR391W-A,YCL025C,0,1.6610788,0.10303698480129242,0.9771863222122192,0.899577796459198
YDR014W-A,YNL273W,0,1.6610788,0.10302665829658508,0.9771863222122192,0.8996783494949341
YLR391W-A,YLR151C,0,1.6610788,0.10301633179187775,0.9771863222122192,0.8997788429260254
YFL011W-A,YGL233W,0,1.6610788,0.10300601273775101,0.9771863222122192,0.8998793959617615
YDR472W,YLR154W-A,0,1.6610788,0.10299569368362427,0.9771863222122192,0.8999798893928528
YGR031C-A,YNR006W,0,1.6610788,0.10298537462949753,0.9771863222122192,0.9000804424285889
YIL139C,YJL012C-A,0,1.6610788,0.10297505557537079,0.9771863222122192,0.9001809358596802
YMR114C,YLR154W-A,0,1.6610788,0.10296474397182465,0.9771863222122192,0.9002814888954163
YBR111W-A,YHL034C,0,1.6610788,0.1029544323682785,0.9771863222122192,0.9003819823265076
YNL138W-A,YLR270W,0,1.6610788,0.10294412076473236,0.9771863222122192,0.9004825353622437
YER137C-A,YCL003W,0,1.6610788,0.10293381661176682,0.9771863222122192,0.900583028793335
YJL012C-A,YDL170W,0,1.6610788,0.10292350500822067,0.9771863222122192,0.900683581829071
YLR391W-A,YOL107W,0,1.6610788,0.10291320085525513,0.9771863222122192,0.9007840752601624
YLR154W-A,YHR057C,0,1.6610788,0.10290290415287018,0.9771863222122192,0.9008846282958984
YBR111W-A,YKL186C,0,1.6610788,0.10289259999990463,0.9771863222122192,0.9009851217269897
YNL138W-A,YKL001C,0,1.6610788,0.10288230329751968,0.9771863222122192,0.9010856747627258
YBR111W-A,YBR222C,0,1.6610788,0.10287201404571533,0.9771863222122192,0.9011861681938171
YAL056W,YIL017W,1,1.6610788,0.10296177864074707,0.9781368970870972,0.9011861681938171
YMR159C,YMR268W-A,0,1.6610788,0.10295147448778152,0.9781368970870972,0.9012866616249084
YJL034W,YJL012C-A,0,1.6610788,0.10294117778539658,0.9781368970870972,0.9013872146606445
YER017C,YOL053C-A,0,1.6610788,0.10293088108301163,0.9781368970870972,0.9014877080917358
YFL011W-A,YBR059C,0,1.6610788,0.10292058438062668,0.9781368970870972,0.9015882611274719
YOL053C-A,YIL048W,0,1.6610788,0.10291028767824173,0.9781368970870972,0.9016887545585632
YMR160W,YLR154W-A,0,1.6610788,0.10289999842643738,0.9781368970870972,0.9017893075942993
YMR194W,YLR154W-A,0,1.6610788,0.10288970917463303,0.9781368970870972,0.9018898010253906
YNL283C,YLR391W-A,0,1.6610788,0.10287942737340927,0.9781368970870972,0.9019903540611267
YPL026C,YKR095W-A,1,1.6610788,0.10296911001205444,0.9790874719619751,0.9019903540611267
YGR109W-B,YER014C-A,0,1.6610788,0.1029588133096695,0.9790874719619751,0.902090847492218
YLR029C,YLR154W-A,0,1.6610788,0.10294852405786514,0.9790874719619751,0.9021914005279541
YBR195C,YOL053C-A,0,1.6610788,0.10293823480606079,0.9790874719619751,0.9022918939590454
YPR083W,YMR268W-A,0,1.6610788,0.10292795300483704,0.9790874719619751,0.9023924469947815
YCR030C,YNL138W-A,0,1.6610788,0.10291766375303268,0.9790874719619751,0.9024929404258728
YBR111W-A,YOL004W,1,1.6610788,0.10300729423761368,0.980038046836853,0.9024929404258728
YER049W,YOL053C-A,0,1.6610788,0.10299700498580933,0.980038046836853,0.9025934934616089
YGR052W,YLR154W-A,0,1.6610788,0.10298671573400497,0.980038046836853,0.9026939868927002
YEL043W,YCR097WB,0,1.6608163,0.10297642648220062,0.980038046836853,0.9027945399284363
YLR452C,YCR097WB,0,1.6606866,0.10296614468097687,0.980038046836853,0.9028950333595276
YDR451C,YCL014W,0,1.6605628,0.10295586287975311,0.980038046836853,0.9029955863952637
YJL187C,YMR093W,0,1.6601152,0.10294558107852936,0.980038046836853,0.903096079826355
YNL153C,YCR080W,0,1.6596743,0.1029353067278862,0.980038046836853,0.9031966328620911
YLL045C,YBL101W-B,0,1.6596702,0.10292502492666245,0.980038046836853,0.9032971262931824
YNL010W,YDL208W,0,1.6593493,0.10291475057601929,0.980038046836853,0.9033976793289185
YFL035C,YBR026C,0,1.658519,0.10290448367595673,0.980038046836853,0.9034981727600098
YGR169C,YLR268W,0,1.658437,0.10289420932531357,0.980038046836853,0.9035987257957458
YNL284C-A,YHR077C,0,1.6581439,0.10288394242525101,0.980038046836853,0.9036992192268372
YIL002C,YDR131C,0,1.6577421,0.10287367552518845,0.980038046836853,0.9037997722625732
YOL103W-B,YFL045C,0,1.657619,0.10286341607570648,0.980038046836853,0.9039002656936646
YLR160C,YML128C,0,1.657486,0.10285314917564392,0.980038046836853,0.9040008187294006
YOL103W-B,YEL056W,0,1.6570125,0.10284288972616196,0.980038046836853,0.9041013121604919
YKL200C,YJL095W,0,1.6563054,0.10283263772726059,0.980038046836853,0.904201865196228
YBR090C-A,YNR010W,1,1.6561629,0.10292211174964905,0.980988621711731,0.904201865196228
YLR410W-B,YLR209C,0,1.655201,0.10291184484958649,0.980988621711731,0.9043023586273193
YDR353W,YMR210W,0,1.6550258,0.10290158540010452,0.980988621711731,0.9044029116630554
YIL142W,YOL040C,0,1.6549305,0.10289132595062256,0.980988621711731,0.9045034050941467
YNL284C-A,YPL113C,0,1.6544975,0.1028810665011406,0.980988621711731,0.9046039581298828
YCL004W,YPL183W-A,0,1.654173,0.10287081450223923,0.980988621711731,0.9047044515609741
YFL035C,YPR030W,0,1.6541333,0.10286056250333786,0.980988621711731,0.9048050045967102
YCR080W,YJR083C,0,1.6537014,0.10285031050443649,0.980988621711731,0.9049054980278015
YOL086C,YFL017W-A,0,1.6536516,0.10284005850553513,0.980988621711731,0.9050060510635376
YDL021W,YNR035C,0,1.6535952,0.10282981395721436,0.980988621711731,0.9051065444946289
YGL244W,YNL262W,0,1.6533338,0.10281956940889359,0.980988621711731,0.905207097530365
YNL284C-A,YLR141W,0,1.6528339,0.10280932486057281,0.980988621711731,0.9053075909614563
YPR158C-C,YDR140W,0,1.6527046,0.10279908031225204,0.980988621711731,0.9054081439971924
YKL174C,YGR225W,0,1.6526321,0.10278884321451187,0.980988621711731,0.9055086374282837
YKL130C,YDL198C,0,1.6526115,0.1027786061167717,0.980988621711731,0.9056091904640198
YLR270W,YIL076W,0,1.6522039,0.10276837646961212,0.980988621711731,0.9057096838951111
YBR238C,YCL060C,0,1.651557,0.10275813937187195,0.980988621711731,0.9058102369308472
YBR075W,YJR063W,0,1.6514393,0.10274790972471237,0.980988621711731,0.9059107303619385
YKL013C,YJL117W,0,1.6507198,0.1027376800775528,0.980988621711731,0.9060112833976746
YKL161C,YBR075W,0,1.6505651,0.10272745043039322,0.980988621711731,0.9061117768287659
YPR158C-C,YEL036C,0,1.6502057,0.10271722823381424,0.980988621711731,0.906212329864502
YCR030C,YPR158C-C,0,1.6492432,0.10270700603723526,0.980988621711731,0.9063128232955933
YPL129W,YGR084C,0,1.6489192,0.10269678384065628,0.980988621711731,0.9064133763313293
YGR105W,YLR268W,0,1.6489056,0.1026865690946579,0.980988621711731,0.9065138697624207
YMR269W,YDR444W,0,1.6485099,0.10267634689807892,0.980988621711731,0.9066144227981567
YOL004W,YFR019W,0,1.6478027,0.10266613960266113,0.980988621711731,0.906714916229248
YPR158C-C,YMR203W,0,1.6476666,0.10265592485666275,0.980988621711731,0.9068154692649841
YFL038C,YLR251W,0,1.6476616,0.10264571011066437,0.980988621711731,0.9069159626960754
YFR029W,YLR047C,0,1.6476008,0.10263550281524658,0.980988621711731,0.9070164561271667
YMR061W,YPL257W-B,0,1.6466491,0.1026252955198288,0.980988621711731,0.9071170091629028
YER190W,YML039W,0,1.6455922,0.10261509567499161,0.980988621711731,0.9072175025939941
YMR032W,YLR227W-B,0,1.6451712,0.10260488837957382,0.980988621711731,0.9073180556297302
YGR282C,YMR054W,0,1.6445994,0.10259468853473663,0.980988621711731,0.9074185490608215
YKL103C,YDR138W,0,1.6431307,0.10258449614048004,0.980988621711731,0.9075191020965576
YNL010W,YDL040C,0,1.6425312,0.10257429629564285,0.980988621711731,0.9076195955276489
YDR210C-C,YLR024C,0,1.6411654,0.10256410390138626,0.980988621711731,0.907720148563385
YPR035W,YCR080W,0,1.640673,0.10255391150712967,0.980988621711731,0.9078206419944763
YDR146C,YBL091C-A,0,1.6403847,0.10254371911287308,0.980988621711731,0.9079211950302124
YAL017W,YML056C,0,1.6401478,0.10253353416919708,0.980988621711731,0.9080216884613037
YMR203W,YBR080C,0,1.6399299,0.10252334922552109,0.980988621711731,0.9081222414970398
YDR518W,YKL097W-A,0,1.6397642,0.10251316428184509,0.980988621711731,0.9082227349281311
YGR134W,YCR020W-B,1,1.6393303,0.10260230302810669,0.9819391369819641,0.9082227349281311
YPL134C,YOR299W,0,1.639091,0.1025921180844307,0.9819391369819641,0.9083232879638672
YCR097WB,YJL006C,0,1.6381413,0.1025819256901741,0.9819391369819641,0.9084237813949585
YNL178W,YNL027W,0,1.6380242,0.10257174074649811,0.9819391369819641,0.9085243344306946
YPR204W,YGL236C,0,1.6378996,0.10256155580282211,0.9819391369819641,0.9086248278617859
YPR043W,YLR391W,0,1.6373535,0.10255137830972672,0.9819391369819641,0.908725380897522
YPR137C-A,YGL162W,0,1.6369714,0.10254119336605072,0.9819391369819641,0.9088258743286133
YPR158C-C,YCR060W,0,1.6369387,0.10253101587295532,0.9819391369819641,0.9089264273643494
YKL097W-A,YLR301W,0,1.6368505,0.10252083837985992,0.9819391369819641,0.9090269207954407
YOR343W-B,YGL256W,0,1.6367049,0.10251066833734512,0.9819391369819641,0.9091274738311768
YFL048C,YLR391W,0,1.6364039,0.10250049829483032,0.9819391369819641,0.9092279672622681
YPL147W,YPL087W,0,1.6359907,0.10249032825231552,0.9819391369819641,0.9093285202980042
YDR151C,YOL151W,0,1.6357167,0.10248015820980072,0.9819391369819641,0.9094290137290955
YIL061C,YBR075W,0,1.6354141,0.10246999561786652,0.9819391369819641,0.9095295667648315
YOL010W,YJR032W,0,1.6351196,0.10245983302593231,0.9819391369819641,0.9096300601959229
YCR057C,YLR285W,0,1.6346021,0.10244967043399811,0.9819391369819641,0.9097306132316589
YLR256W-A,YNL080C,0,1.6341403,0.1024395078420639,0.9819391369819641,0.9098311066627502
YOR297C,YFL035C,0,1.6339263,0.1024293527007103,0.9819391369819641,0.9099316596984863
YGL094C,YDL015C,0,1.6334902,0.10241919755935669,0.9819391369819641,0.9100321531295776
YIL017W,YPL218W,0,1.6324385,0.10240904241800308,0.9819391369819641,0.9101327061653137
YKL007W,YNL284C,0,1.6324292,0.10239888727664948,0.9819391369819641,0.910233199596405
YHL012W,YCR097WB,0,1.6322101,0.10238873958587646,0.9819391369819641,0.9103337526321411
YPL257W-B,YOL093W,0,1.6311269,0.10237859189510345,0.9819391369819641,0.9104342460632324
YFL014W,YCR011C,0,1.6304423,0.10236844420433044,0.9819391369819641,0.9105347990989685
YMR284W,YJL141C,0,1.6299993,0.10235830396413803,0.9819391369819641,0.9106352925300598
YPL200W,YCR097WB,0,1.6299449,0.10234816372394562,0.9819391369819641,0.9107358455657959
YOR323C,YDR138W,0,1.6299407,0.1023380234837532,0.9819391369819641,0.9108363389968872
YDR146C,YCL003W,0,1.6289619,0.10232788324356079,0.9819391369819641,0.9109368920326233
YML045W-A,YBR192W,0,1.6286632,0.10231775045394897,0.9819391369819641,0.9110373854637146
YGR225W,YDR261C-D,0,1.6282858,0.10230761766433716,0.9819391369819641,0.9111379384994507
YCR097WB,YDR508C,0,1.627947,0.10229748487472534,0.9819391369819641,0.911238431930542
YKL130C,YDR337W,0,1.6279311,0.10228735208511353,0.9819391369819641,0.9113389849662781
YOR142W-B,YGR171C,0,1.6278352,0.1022772267460823,0.9819391369819641,0.9114394783973694
YFL038C,YPL257W-B,0,1.6271524,0.10226710140705109,0.9819391369819641,0.9115400314331055
YMR228W,YKL003C,0,1.626963,0.10225697606801987,0.9819391369819641,0.9116405248641968
YOR142W-B,YDL021W,0,1.6266584,0.10224685817956924,0.9819391369819641,0.9117410778999329
YJL030W,YCR087C-A,0,1.6244698,0.10223674029111862,0.9819391369819641,0.9118415713310242
YFL021W,YBR090C-A,1,1.6243747,0.10232558101415634,0.982889711856842,0.9118415713310242
YGR225W,YDL035C,0,1.6222106,0.10231545567512512,0.982889711856842,0.9119421243667603
YML058W-A,YNL273W,0,1.6221174,0.1023053303360939,0.982889711856842,0.9120426177978516
YDR083W,YJL134W,0,1.622069,0.10229521244764328,0.982889711856842,0.9121431708335876
YAL016W,YKL168C,0,1.6217369,0.10228509455919266,0.982889711856842,0.912243664264679
YCR080W,YDR410C,0,1.6217275,0.10227497667074203,0.982889711856842,0.912344217300415
YJL140W,YGR214W,0,1.621676,0.10226485878229141,0.982889711856842,0.9124447107315063
YGR171C,YPL167C,0,1.6215597,0.10225474834442139,0.982889711856842,0.9125452637672424
YPR137C-A,YLR289W,0,1.621001,0.10224463790655136,0.982889711856842,0.9126457571983337
YHR061C,YLR410W-B,0,1.6205901,0.10223452746868134,0.982889711856842,0.9127463102340698
YBR081C,YCR087C-A,0,1.6204926,0.10222441703081131,0.982889711856842,0.9128468036651611
YDR415C,YCR097WB,0,1.6203185,0.10221431404352188,0.982889711856842,0.9129472970962524
YJR036C,YFL033C,0,1.6201469,0.10220421105623245,0.982889711856842,0.9130478501319885
YER014C-A,YBL091C-A,0,1.6199453,0.10219410806894302,0.982889711856842,0.9131483435630798
YPR137C-A,YFL001W,0,1.6187156,0.10218401253223419,0.982889711856842,0.9132488965988159
YOL145C,YFL035C,0,1.6184946,0.10217390954494476,0.982889711856842,0.9133493900299072
YKR055W,YDR261W-A,0,1.6183487,0.10216382145881653,0.982889711856842,0.9134499430656433
YFL035C,YMR034C,0,1.6176897,0.1021537259221077,0.982889711856842,0.9135504364967346
YLR305C,YDR261C-D,0,1.6176845,0.10214363038539886,0.982889711856842,0.9136509895324707
YDL198C,YIL017W,0,1.6176561,0.10213354229927063,0.982889711856842,0.913751482963562
YAL040C,YLR391W,0,1.617273,0.1021234542131424,0.982889711856842,0.9138520359992981
YBL101W-B,YBR095C,0,1.6170136,0.10211337357759476,0.982889711856842,0.9139525294303894
YLR285W,YKR035W-A,0,1.6168886,0.10210328549146652,0.982889711856842,0.9140530824661255
YDL142C,YKL097W-A,0,1.6166359,0.10209320485591888,0.982889711856842,0.9141535758972168
YER074W,YCL060C,0,1.6164654,0.10208312422037125,0.982889711856842,0.9142541289329529
YMR112C,YLR391W,0,1.6157631,0.1020730510354042,0.982889711856842,0.9143546223640442
YLR113W,YPL257W-B,0,1.615744,0.10206297785043716,0.982889711856842,0.9144551753997803
YJR021C,YCL060C,0,1.6156968,0.10205290466547012,0.982889711856842,0.9145556688308716
YGL200C,YGR258C,0,1.6156754,0.10204283148050308,0.982889711856842,0.9146562218666077
YMR033W,YHR005C-A,0,1.6152858,0.10203275829553604,0.982889711856842,0.914756715297699
YHR059W,YPR163C,0,1.6150686,0.1020226925611496,0.982889711856842,0.9148572683334351
YDL036C,YDR240C,0,1.614925,0.10201262682676315,0.982889711856842,0.9149577617645264
YBR125C,YCL060C,0,1.6147226,0.1020025685429573,0.982889711856842,0.9150583148002625
YCR080W,YOL101C,0,1.6144013,0.10199250280857086,0.982889711856842,0.9151588082313538
YKR103W,YKL097W-A,0,1.6140488,0.10198244452476501,0.982889711856842,0.9152593612670898
YGR109W-B,YFR029W,0,1.6129398,0.10197238624095917,0.982889711856842,0.9153598546981812
YKL126W,YDR210C-C,0,1.6126589,0.10196232795715332,0.982889711856842,0.9154604077339172
YJR078W,YDR261C-D,0,1.612421,0.10195227712392807,0.982889711856842,0.9155609011650085
YOR194C,YMR143W,0,1.6123718,0.10194222629070282,0.982889711856842,0.9156614542007446
YKL038W,YHR135C,0,1.6123655,0.10193217545747757,0.982889711856842,0.9157619476318359
YFL035C,YNL284C,0,1.6119365,0.10192213207483292,0.982889711856842,0.915862500667572
YJR051W,YDR304C,0,1.6118923,0.10191208124160767,0.982889711856842,0.9159629940986633
YOR168W,YMR321C,0,1.6109134,0.10190203785896301,0.982889711856842,0.9160635471343994
YCR080W,YFL013C,0,1.6108637,0.10189200192689896,0.982889711856842,0.9161640405654907
YLR130C,YCR055C,0,1.6087868,0.1018819585442543,0.982889711856842,0.9162645936012268
YPR113W,YDR429C,0,1.6081724,0.10187192261219025,0.982889711856842,0.9163650870323181
YLR025W,YNL122C,0,1.6080934,0.10186188668012619,0.982889711856842,0.9164656400680542
YPR158C-C,YMR321C,0,1.6066259,0.10185185074806213,0.982889711856842,0.9165661334991455
YNL160W,YCR080W,0,1.6064157,0.10184182226657867,0.982889711856842,0.9166666865348816
YOL093W,YFL035C,0,1.6058732,0.10183179378509521,0.982889711856842,0.9167671799659729
YDR174W,YBL091C-A,0,1.6055802,0.10182176530361176,0.982889711856842,0.916867733001709
YLL012W,YCR097WB,0,1.605479,0.1018117368221283,0.982889711856842,0.9169682264328003
YEL022W,YGL046W,0,1.6033876,0.10180171579122543,0.982889711856842,0.9170687794685364
YGR077C,YIL017W,0,1.6029553,0.10179169476032257,0.982889711856842,0.9171692728996277
YFR001W,YPL129W,0,1.6029247,0.10178167372941971,0.982889711856842,0.9172698259353638
YPR006C,YER190W,0,1.6024386,0.10177165269851685,0.982889711856842,0.9173703193664551
YGR258C,YIL170W,0,1.6023176,0.10176163911819458,0.982889711856842,0.9174708724021912
YDR210C-C,YCL043C,0,1.602044,0.10175162553787231,0.982889711856842,0.9175713658332825
YCR014C,YKL097W-A,0,1.6018647,0.10174161195755005,0.982889711856842,0.9176719188690186
YKL200C,YLR380W,0,1.6016251,0.10173159837722778,0.982889711856842,0.9177724123001099
YJR112W,YOL040C,0,1.6014628,0.10172159224748611,0.982889711856842,0.917872965335846
YOR187W,YER171W,0,1.6008418,0.10171158611774445,0.982889711856842,0.9179734587669373
YGL200C,YCR080W,0,1.599934,0.10170157998800278,0.982889711856842,0.9180740118026733
YBR075W,YLR160C,0,1.5996152,0.1016915813088417,0.982889711856842,0.9181745052337646
YMR315W,YCL060C,0,1.5990866,0.10168158262968063,0.982889711856842,0.9182750582695007
YPL110C,YOL151W,0,1.5990009,0.10167158395051956,0.982889711856842,0.918375551700592
YFL035C,YNL070W,0,1.5980827,0.10166158527135849,0.982889711856842,0.9184761047363281
YLR020C,YDR404C,0,1.5977608,0.10165159404277802,0.982889711856842,0.9185765981674194
YEL031W,YGR239C,0,1.597375,0.10164160281419754,0.982889711856842,0.9186770915985107
YNL284C-A,YJR028W,0,1.5965618,0.10163161158561707,0.982889711856842,0.9187776446342468
YFR045W,YDR261W-A,0,1.5951301,0.10162162035703659,0.982889711856842,0.9188781380653381
YNL274C,YGL051W,0,1.5946273,0.10161163657903671,0.982889711856842,0.9189786911010742
YGL046W,YKL094W,0,1.5940751,0.10160165280103683,0.982889711856842,0.9190791845321655
YKL175W,YNL208W,0,1.5938966,0.10159166902303696,0.982889711856842,0.9191797375679016
YMR146C,YLR256W-A,0,1.5938298,0.10158168524503708,0.982889711856842,0.9192802309989929
YGR216C,YER052C,0,1.5935601,0.1015717089176178,0.982889711856842,0.919380784034729
YOR142W-A,YDR389W,0,1.5933354,0.10156173259019852,0.982889711856842,0.9194812774658203
YKL200C,YDR083W,0,1.5930297,0.10155175626277924,0.982889711856842,0.9195818305015564
YLR025W,YML045W-A,0,1.5927193,0.10154178738594055,0.982889711856842,0.9196823239326477
YHR061C,YFL002W-B,0,1.5918571,0.10153181105852127,0.982889711856842,0.9197828769683838
YLR359W,YDR353W,0,1.5904872,0.10152184218168259,0.982889711856842,0.9198833703994751
YGR109W-B,YOR226C,0,1.5904545,0.1015118807554245,0.982889711856842,0.9199839234352112
YDR337W,YGR027C,0,1.5904197,0.10150191187858582,0.982889711856842,0.9200844168663025
YCL060C,YDR262W,0,1.5899471,0.10149195045232773,0.982889711856842,0.9201849699020386
YOL112W,YML045W-A,0,1.5892364,0.10148198902606964,0.982889711856842,0.9202854633331299
YGR118W,YLR164W,0,1.5890242,0.10147203505039215,0.982889711856842,0.920386016368866
YLR105C,YJR032W,0,1.5878814,0.10146207362413406,0.982889711856842,0.9204865097999573
YGR105W,YML056C,0,1.5872437,0.10145211964845657,0.982889711856842,0.9205870628356934
YGR085C,YIL094C,0,1.5866036,0.10144216567277908,0.982889711856842,0.9206875562667847
YGR288W,YDR261W-A,0,1.5864209,0.10143221169710159,0.982889711856842,0.9207881093025208
YBR275C,YLL043W,0,1.5861691,0.1014222651720047,0.982889711856842,0.9208886027336121
YLR208W,YLR344W,0,1.5861417,0.1014123186469078,0.982889711856842,0.9209891557693481
YDL024C,YFL035C,0,1.5861417,0.10140237212181091,0.982889711856842,0.9210896492004395
YPL110C,YJR130C,0,1.5848159,0.10139243304729462,0.982889711856842,0.9211902022361755
YLR020C,YBL091C-A,0,1.5838856,0.10138248652219772,0.982889711856842,0.9212906956672668
YPR001W,YDL035C,0,1.5835223,0.10137254744768143,0.982889711856842,0.9213912487030029
YNL231C,YNR013C,0,1.5833408,0.10136260837316513,0.982889711856842,0.9214917421340942
YCL003W,YDL045C,0,1.5832397,0.10135267674922943,0.982889711856842,0.9215922951698303
YBR230C,YJL149W,0,1.5829614,0.10134274512529373,0.982889711856842,0.9216927886009216
YGR161W-B,YBR074W,0,1.5827968,0.10133281350135803,0.982889711856842,0.9217933416366577
YDR131C,YDR494W,0,1.5820497,0.10132288187742233,0.982889711856842,0.921893835067749
YBR253W,YJL184W,1,1.5818805,0.10141093283891678,0.98384028673172,0.921893835067749
YOR142W-B,YHR069C,0,1.5817324,0.10140100121498108,0.98384028673172,0.9219943881034851
YOL145C,YCL003W,0,1.5817052,0.10139106214046478,0.98384028673172,0.9220948815345764
YBR155W,YPR060C,0,1.5810949,0.10138113796710968,0.98384028673172,0.9221954345703125
YFL002W-B,YNR015W,0,1.5805591,0.10137120634317398,0.98384028673172,0.9222959280014038
YPR158C-C,YLR224W,0,1.580321,0.10136127471923828,0.98384028673172,0.9223964810371399
YBR145W,YKL001C,0,1.5800109,0.10135135054588318,0.98384028673172,0.9224969744682312
YMR276W,YDR304C,0,1.5797551,0.10134142637252808,0.98384028673172,0.9225975275039673
YFR013W,YFR021W,0,1.5794674,0.10133150219917297,0.98384028673172,0.9226980209350586
YJR026W,YGL046W,0,1.5789644,0.10132158547639847,0.98384028673172,0.9227985739707947
YKL174C,YCL003W,0,1.5784832,0.10131166875362396,0.98384028673172,0.922899067401886
YLR305C,YBR118W,0,1.5783603,0.10130175203084946,0.98384028673172,0.9229996204376221
YBR090C-A,YHR205W,1,1.5770239,0.10138970613479614,0.9847908616065979,0.9229996204376221
YLR359W,YCR055C,0,1.5767167,0.10137978196144104,0.9847908616065979,0.9231001138687134
YJL214W,YNL259C,0,1.575238,0.10136986523866653,0.9847908616065979,0.9232006669044495
YOR343W-B,YPR030W,0,1.5751091,0.10135994851589203,0.9847908616065979,0.9233011603355408
YKL117W,YPR163C,0,1.5748192,0.10135003179311752,0.9847908616065979,0.9234017133712769
YMR115W,YPR133W-A,0,1.5747823,0.10134011507034302,0.9847908616065979,0.9235022068023682
YMR276W,YJL082W,0,1.5742139,0.10133020579814911,0.9847908616065979,0.9236027598381042
YEL040W,YPR190C,0,1.5740222,0.1013202965259552,0.9847908616065979,0.9237032532691956
YIR039C,YJL082W,0,1.5737249,0.10131038725376129,0.9847908616065979,0.9238038063049316
YDL061C,YJL200C,0,1.5728666,0.10130047798156738,0.9847908616065979,0.923904299736023
YCR097WB,YCR055C,0,1.5723146,0.10129057615995407,0.9847908616065979,0.924004852771759
YOR142W-B,YMR087W,0,1.5720378,0.10128067433834076,0.9847908616065979,0.9241053462028503
YOR343W-B,YGL174W,0,1.5711519,0.10127077251672745,0.9847908616065979,0.9242058992385864
YNR004W,YLR391W,0,1.5688437,0.10126087069511414,0.9847908616065979,0.9243063926696777
YMR186W,YMR210W,0,1.5685841,0.10125097632408142,0.9847908616065979,0.9244069457054138
YDR210C-C,YGR113W,0,1.5680133,0.1012410819530487,0.9847908616065979,0.9245074391365051
YGR085C,YCR002C,0,1.5678205,0.10123118758201599,0.9847908616065979,0.9246079325675964
YBR042C,YGR118W,0,1.5677885,0.10122130066156387,0.9847908616065979,0.9247084856033325
YOL103W-B,YFL002W-B,0,1.5677651,0.10121141374111176,0.9847908616065979,0.9248089790344238
YMR319C,YDR261W-A,0,1.5662513,0.10120152682065964,0.9847908616065979,0.9249095320701599
YHR030C,YFL002W-B,0,1.5660907,0.10119163990020752,0.9847908616065979,0.9250100255012512
YKR057W,YHR005C-A,0,1.5659,0.1011817529797554,0.9847908616065979,0.9251105785369873
YFL066C,YBR115C,0,1.5647824,0.10117187350988388,0.9847908616065979,0.9252110719680786
YNL131W,YOL052C,0,1.564596,0.10116199404001236,0.9847908616065979,0.9253116250038147
YLR295C,YPR133W-A,0,1.564005,0.10115212202072144,0.9847908616065979,0.925412118434906
YLR043C,YMR115W,0,1.5635806,0.10114224255084991,0.9847908616065979,0.9255126714706421
YIL143C,YPL147W,0,1.5630877,0.10113237053155899,0.9847908616065979,0.9256131649017334
YKL171W,YLR300W,0,1.5629846,0.10112249851226807,0.9847908616065979,0.9257137179374695
YLR219W,YDR261W-A,0,1.5619637,0.10111262649297714,0.9847908616065979,0.9258142113685608
YDR261C-D,YMR228W,0,1.5607247,0.10110276192426682,0.9847908616065979,0.9259147644042969
YOR142W-A,YOR261C,0,1.5605704,0.10109289735555649,0.9847908616065979,0.9260152578353882
YJL140W,YML045W-A,0,1.5595635,0.10108303278684616,0.9847908616065979,0.9261158108711243
YLR314C,YFL002W-B,0,1.5594269,0.10107316821813583,0.9847908616065979,0.9262163043022156
YCL003W,YMR075W,0,1.5583843,0.1010633111000061,0.9847908616065979,0.9263168573379517
YMR008C,YIR038C,0,1.558072,0.10105345398187637,0.9847908616065979,0.926417350769043
YOL054W,YCR097WB,0,1.5578572,0.10104359686374664,0.9847908616065979,0.926517903804779
YGR161W-B,YDL142C,0,1.55666,0.10103373974561691,0.9847908616065979,0.9266183972358704
YDL055C,YMR078C,0,1.5565187,0.10102389007806778,0.9847908616065979,0.9267189502716064
YPR158C-C,YJL176C,0,1.5563548,0.10101404041051865,0.9847908616065979,0.9268194437026978
YNL172W,YGR214W,0,1.5562546,0.10100419074296951,0.9847908616065979,0.9269199967384338
YDR090C,YPL257W-B,0,1.5559422,0.10099434852600098,0.9847908616065979,0.9270204901695251
YIL017W,YGL073W,1,1.5546068,0.1010819748044014,0.9857414364814758,0.9270204901695251
YPL042C,YGL068W,0,1.5538589,0.10107212513685226,0.9857414364814758,0.9271210432052612
YPL134C,YNL138W,0,1.5536181,0.10106227546930313,0.9857414364814758,0.9272215366363525
YNL273W,YLR389C,0,1.5523456,0.101052425801754,0.9857414364814758,0.9273220896720886
YDR494W,YKR006C,0,1.5515735,0.10104258358478546,0.9857414364814758,0.9274225831031799
YCR080W,YBR042C,0,1.5514988,0.10103273391723633,0.9857414364814758,0.927523136138916
YOR168W,YLR130C,0,1.5509096,0.10102289170026779,0.9857414364814758,0.9276236295700073
YDR261C-D,YBR238C,0,1.5508763,0.10101304948329926,0.9857414364814758,0.9277241826057434
YPR113W,YLR227W-B,0,1.5505905,0.10100321471691132,0.9857414364814758,0.9278246760368347
YPL257W-B,YKL053C-A,0,1.5500227,0.10099337995052338,0.9857414364814758,0.9279252290725708
YLL045C,YPL093W,0,1.5495003,0.10098354518413544,0.9857414364814758,0.9280257225036621
YER151C,YGL046W,0,1.5483406,0.1009737104177475,0.9857414364814758,0.9281262755393982
YDR261C-D,YNL302C,0,1.548282,0.10096387565135956,0.9857414364814758,0.9282267689704895
YPR119W,YLR088W,0,1.547575,0.10095404833555222,0.9857414364814758,0.9283273220062256
YOL103W-B,YDR226W,0,1.5474468,0.10094422101974487,0.9857414364814758,0.9284278154373169
YOL103W-B,YGL174W,0,1.5473351,0.10093440115451813,0.9857414364814758,0.928528368473053
YBR275C,YIL021W,0,1.547217,0.10092457383871078,0.9857414364814758,0.9286288619041443
YMR276W,YBL101W-B,0,1.5471064,0.10091475397348404,0.9857414364814758,0.9287294149398804
YLR452C,YMR229C,0,1.546642,0.1009049341082573,0.9857414364814758,0.9288299083709717
YGR109W-B,YMR229C,0,1.5466337,0.10089511424303055,0.9857414364814758,0.9289304614067078
YPL167C,YCL032W,0,1.5460407,0.1008853018283844,0.9857414364814758,0.9290309548377991
YNL284C-A,YGR143W,0,1.5440544,0.10087548941373825,0.9857414364814758,0.9291315078735352
YBL101W-B,YBR096W,0,1.5438689,0.1008656769990921,0.9857414364814758,0.9292320013046265
YCR093W,YOL145C,1,1.5437417,0.1009531244635582,0.9866920113563538,0.9292320013046265
YGR221C,YIL177C,0,1.5429842,0.10094330459833145,0.9866920113563538,0.9293325543403625
YJR149W,YCL003W,0,1.5424079,0.1009334921836853,0.9866920113563538,0.9294330477714539
YHR069C,YDR210C-C,0,1.5421002,0.10092367231845856,0.9866920113563538,0.9295336008071899
YOR142W,YMR296C,0,1.5420147,0.10091385990381241,0.9866920113563538,0.9296340942382812
YDR454C,YKR044W,0,1.5417801,0.10090405493974686,0.9866920113563538,0.9297346472740173
YMR182C,YPL082C,1,1.5417581,0.10099144279956818,0.9876425862312317,0.9297346472740173
YDR530C,YPR002W,0,1.5404063,0.10098163038492203,0.9876425862312317,0.9298351407051086
YAL016W,YOR142W,0,1.5399519,0.10097181797027588,0.9876425862312317,0.9299356937408447
YOL103W-B,YDL225W,0,1.5397239,0.10096200555562973,0.9876425862312317,0.930036187171936
YJL103C,YCR055C,0,1.5392609,0.10095219314098358,0.9876425862312317,0.9301367402076721
YER137C-A,YLR321C,0,1.5386018,0.10094238817691803,0.9876425862312317,0.9302372336387634
YHR030C,YDR210C-C,0,1.538205,0.10093258321285248,0.9876425862312317,0.9303377270698547
YGL256W,YER052C,0,1.5380939,0.10092277824878693,0.9876425862312317,0.9304382801055908
YML080W,YGR118W,0,1.5380006,0.10091297328472137,0.9876425862312317,0.9305387735366821
YCR080W,YFL045C,0,1.5378995,0.10090317577123642,0.9876425862312317,0.9306393265724182
YNL102W,YDL227C,0,1.5375746,0.10089337825775146,0.9876425862312317,0.9307398200035095
YER098W,YLR227W-B,0,1.5373591,0.10088358074426651,0.9876425862312317,0.9308403730392456
YLR321C,YNL068C,1,1.5370926,0.10097087174654007,0.9885931611061096,0.9308403730392456
YOR142W-B,YJL004C,0,1.536641,0.10096107423305511,0.9885931611061096,0.9309408664703369
YGR081C,YMR123W,0,1.5362576,0.10095126926898956,0.9885931611061096,0.931041419506073
YPR137C-A,YBR172C,0,1.536053,0.10094147175550461,0.9885931611061096,0.9311419129371643
YEL037C,YPL183W-A,0,1.5356606,0.10093167424201965,0.9885931611061096,0.9312424659729004
YLR395C,YMR114C,0,1.5351707,0.1009218841791153,0.9885931611061096,0.9313429594039917
YKL200C,YPL200W,0,1.5351613,0.10091208666563034,0.9885931611061096,0.9314435124397278
YDR351W,YLR227W-B,0,1.5347925,0.10090229660272598,0.9885931611061096,0.9315440058708191
YJL034W,YKR019C,0,1.5347227,0.10089251399040222,0.9885931611061096,0.9316445589065552
YKL103C,YGR255C,0,1.5345359,0.10088272392749786,0.9885931611061096,0.9317450523376465
YOL107W,YJL144W,0,1.5344235,0.1008729413151741,0.9885931611061096,0.9318456053733826
YOR323C,YKL078W,0,1.5341002,0.10086315870285034,0.9885931611061096,0.9319460988044739
YGR085C,YPL257W-B,0,1.5336987,0.10085337609052658,0.9885931611061096,0.93204665184021
YNL052W,YCR055C,0,1.5330149,0.10084359347820282,0.9885931611061096,0.9321471452713013
YJR070C,YOR313C,0,1.5320939,0.10083381831645966,0.9885931611061096,0.9322476983070374
YLR080W,YAL054C,0,1.5309602,0.10082404315471649,0.9885931611061096,0.9323481917381287
YBR282W,YFL045C,0,1.5307679,0.10081426799297333,0.9885931611061096,0.9324487447738647
YPL257W-B,YLR321C,0,1.5305418,0.10080450028181076,0.9885931611061096,0.932549238204956
YOR324C,YCL003W,0,1.5296636,0.1007947251200676,0.9885931611061096,0.9326497912406921
YGR145W,YOR098C,0,1.5292841,0.10078495740890503,0.9885931611061096,0.9327502846717834
YOR212W,YPL167C,0,1.5288528,0.10077519714832306,0.9885931611061096,0.9328508377075195
YER055C,YDR261W-A,0,1.5285956,0.10076542943716049,0.9885931611061096,0.9329513311386108
YKR101W,YDR218C,0,1.5284064,0.10075566917657852,0.9885931611061096,0.9330518841743469
YBR075W,YDR159W,0,1.5281707,0.10074590891599655,0.9885931611061096,0.9331523776054382
YBR128C,YKR068C,0,1.5277709,0.10073614865541458,0.9885931611061096,0.9332529306411743
YGR063C,YPR187W,1,1.5262791,0.10082324594259262,0.9895437359809875,0.9332529306411743
YPL257W-B,YGR072W,0,1.5255538,0.10081347823143005,0.9895437359809875,0.9333534240722656
YER014C-A,YAL063C,0,1.525159,0.10080371797084808,0.9895437359809875,0.9334539771080017
YCL043C,YCR097WB,0,1.5244379,0.10079395771026611,0.9895437359809875,0.933554470539093
YCR080W,YDL039C,0,1.5232497,0.10078419744968414,0.9895437359809875,0.9336550235748291
YJL030W,YPL087W,0,1.5228051,0.10077444463968277,0.9895437359809875,0.9337555170059204
YPR080W,YPL050C,0,1.5226262,0.1007646918296814,0.9895437359809875,0.9338560700416565
YIL079C,YDL083C,0,1.5225358,0.10075493901968002,0.9895437359809875,0.9339565634727478
YPR158C-C,YPR163C,0,1.5222479,0.10074518620967865,0.9895437359809875,0.9340571165084839
YBR182C,YKL097W-A,0,1.5218205,0.10073543339967728,0.9895437359809875,0.9341576099395752
YGR109W-B,YLR312W-A,0,1.5212739,0.1007256880402565,0.9895437359809875,0.9342581629753113
YPR002W,YCR011C,0,1.5207212,0.10071594268083572,0.9895437359809875,0.9343586564064026
YLR410W-B,YEL070W,0,1.5207185,0.10070619732141495,0.9895437359809875,0.9344592094421387
YLR285W,YOL040C,0,1.5188855,0.10069645941257477,0.9895437359809875,0.93455970287323
YKR036C,YER137C-A,0,1.5188751,0.10068672150373459,0.9895437359809875,0.9346602559089661
YOL103W-B,YNL178W,0,1.5188273,0.10067698359489441,0.9895437359809875,0.9347607493400574
YBL101W-B,YNL208W,0,1.5187601,0.10066724568605423,0.9895437359809875,0.9348613023757935
YLR197W,YNL282W,0,1.5180167,0.10065751522779465,0.9895437359809875,0.9349617958068848
YLR301W,YKL003C,0,1.5180084,0.10064778476953506,0.9895437359809875,0.9350623488426208
YOL010W,YCR080W,0,1.5177289,0.10063805431127548,0.9895437359809875,0.9351628422737122
YPL094C,YCR055C,0,1.5176147,0.1006283238530159,0.9895437359809875,0.9352633953094482
YDR217C,YCR080W,1,1.517541,0.10071524977684021,0.9904943108558655,0.9352633953094482
YDR527W,YLR073C,0,1.5171912,0.10070551931858063,0.9904943108558655,0.9353638887405396
YBL005W-B,YBL101W-B,0,1.5169892,0.10069578886032104,0.9904943108558655,0.9354644417762756
YDR263C,YJR119C,0,1.5165675,0.10068605840206146,0.9904943108558655,0.9355649352073669
YDR454C,YPR137W,0,1.5165335,0.10067632794380188,0.9904943108558655,0.935665488243103
YDR026C,YNR021W,0,1.5163336,0.1006666049361229,0.9904943108558655,0.9357659816741943
YER098W,YBL101W-B,0,1.515807,0.10065687447786331,0.9904943108558655,0.9358665347099304
YMR123W,YLL008W,0,1.5157312,0.10064715892076492,0.9904943108558655,0.9359670281410217
YLL041C,YNL006W,0,1.5157129,0.10063743591308594,0.9904943108558655,0.936067521572113
YNL006W,YGR070W,0,1.5148255,0.10062771290540695,0.9904943108558655,0.9361680746078491
YOR142W-B,YDL208W,0,1.5132157,0.10061799734830856,0.9904943108558655,0.9362685680389404
YOR343W-B,YPL007C,0,1.513104,0.10060828179121017,0.9904943108558655,0.9363691210746765
YER137C-A,YHR156C,0,1.5124723,0.10059857368469238,0.9904943108558655,0.9364696145057678
YOR206W,YPL134C,0,1.5116463,0.100588858127594,0.9904943108558655,0.9365701675415039
YHR175W,YLR209C,0,1.5113124,0.1005791500210762,0.9904943108558655,0.9366706609725952
YPR196W,YNL284C-A,0,1.5106559,0.10056944191455841,0.9904943108558655,0.9367712140083313
YKL161C,YMR250W,0,1.510508,0.10055973380804062,0.9904943108558655,0.9368717074394226
YIL139C,YML080W,0,1.5102258,0.10055003315210342,0.9904943108558655,0.9369722604751587
YDR254W,YLR410W-B,0,1.5095228,0.10054033249616623,0.9904943108558655,0.93707275390625
YDR405W,YDL055C,0,1.509323,0.10053063184022903,0.9904943108558655,0.9371733069419861
YBR182C,YHR051W,0,1.5090777,0.10052093118429184,0.9904943108558655,0.9372738003730774
YDR499W,YDR222W,0,1.5087514,0.10051123797893524,0.9904943108558655,0.9373743534088135
YOR142W-A,YOR085W,0,1.5087178,0.10050154477357864,0.9904943108558655,0.9374748468399048
YGR161W-B,YFL066C,0,1.5079905,0.10049185156822205,0.9904943108558655,0.9375753998756409
YEL053C,YBR031W,0,1.5067257,0.10048215836286545,0.9904943108558655,0.9376758933067322
YOL136C,YCR097WB,0,1.5065032,0.10047247260808945,0.9904943108558655,0.9377764463424683
YOR219C,YPR133W-A,0,1.5058018,0.10046278685331345,0.9904943108558655,0.9378769397735596
YCR030C,YGL259W,0,1.505777,0.10045310109853745,0.9904943108558655,0.9379774928092957
YKL200C,YHR119W,0,1.505745,0.10044341534376144,0.9904943108558655,0.938077986240387
YAL024C,YDR261W-A,0,1.5049223,0.10043373703956604,0.9904943108558655,0.938178539276123
YPR035W,YNL284C-A,0,1.503453,0.10042405873537064,0.9904943108558655,0.9382790327072144
YKL200C,YBR274W,0,1.5032634,0.10041438043117523,0.9904943108558655,0.9383795857429504
YKL200C,YBR275C,0,1.5029763,0.10040470212697983,0.9904943108558655,0.9384800791740417
YML028W,YAL017W,0,1.5027891,0.10039503127336502,0.9904943108558655,0.9385806322097778
YPR137C-A,YNL223W,0,1.5023669,0.10038535296916962,0.9904943108558655,0.9386811256408691
YLR219W,YMR136W,0,1.5023504,0.1003756895661354,0.9904943108558655,0.9387816786766052
YMR173W,YMR304W,0,1.5015336,0.1003660187125206,0.9904943108558655,0.9388821721076965
YPL083C,YCL060C,0,1.5012075,0.10035635530948639,0.9904943108558655,0.9389827251434326
YNL107W,YLR391W,0,1.5007635,0.10034668445587158,0.9904943108558655,0.9390832185745239
YOR176W,YMR284W,0,1.5002381,0.10033702105283737,0.9904943108558655,0.93918377161026
YBR222C,YLR391W,0,1.499813,0.10032736510038376,0.9904943108558655,0.9392842650413513
YER008C,YBR145W,0,1.4997982,0.10031770169734955,0.9904943108558655,0.9393848180770874
YLR227W-B,YBR192W,0,1.4995667,0.10030804574489594,0.9904943108558655,0.9394853115081787
YGR264C,YMR078C,0,1.4993687,0.10029838979244232,0.9904943108558655,0.9395858645439148
YBR052C,YDL216C,0,1.4990416,0.1002887412905693,0.9904943108558655,0.9396863579750061
YKL062W,YML091C,1,1.4986566,0.10037532448768616,0.9914448857307434,0.9396863579750061
YDR144C,YDL029W,0,1.4982805,0.10036566853523254,0.9914448857307434,0.9397869110107422
YIL006W,YOL158C,0,1.4979202,0.10035600513219833,0.9914448857307434,0.9398874044418335
YGR063C,YPL129W,1,1.4975681,0.1004425659775734,0.9923954606056213,0.9398874044418335
YDR353W,YCR012W,0,1.4974664,0.10043290257453918,0.9923954606056213,0.9399879574775696
YLR227W-B,YIL133C,0,1.4974573,0.10042323917150497,0.9923954606056213,0.9400884509086609
YLR029C,YCR080W,0,1.496034,0.10041358321905136,0.9923954606056213,0.940189003944397
YGR118W,YLR316C,0,1.4949812,0.10040392726659775,0.9923954606056213,0.9402894973754883
YML058W-A,YJL149W,0,1.4945544,0.10039427131414413,0.9923954606056213,0.9403900504112244
YBR006W,YPL240C,0,1.494505,0.10038461536169052,0.9923954606056213,0.9404905438423157
YNL160W,YOR142W-A,0,1.4941329,0.1003749668598175,0.9923954606056213,0.9405910968780518
YHR175W,YNL307C,0,1.4924031,0.10036531090736389,0.9923954606056213,0.9406915903091431
YDL128W,YIL048W,0,1.4922255,0.10035566985607147,0.9923954606056213,0.9407921433448792
YNL283C,YFL021W,0,1.4911172,0.10034602135419846,0.9923954606056213,0.9408926367759705
YMR203W,YBR037C,0,1.4908575,0.10033638030290604,0.9923954606056213,0.9409931898117065
YJR078W,YFL045C,0,1.4906322,0.10032673180103302,0.9923954606056213,0.9410936832427979
YPR133W-A,YOR351C,0,1.4901556,0.1003170907497406,0.9923954606056213,0.9411942362785339
YPR158C-C,YOR126C,0,1.4887784,0.10030745714902878,0.9923954606056213,0.9412947297096252
YJL087C,YJL011C,0,1.4876808,0.10029781609773636,0.9923954606056213,0.9413952827453613
YMR093W,YLR256W-A,0,1.4874972,0.10028818249702454,0.9923954606056213,0.9414957761764526
YMR097C,YKR101W,0,1.4871647,0.10027854889631271,0.9923954606056213,0.9415963292121887
YDR261W-A,YKL095W,0,1.4867159,0.10026892274618149,0.9923954606056213,0.94169682264328
YDR079W,YDR261W-A,0,1.4862708,0.10025928914546967,0.9923954606056213,0.9417973756790161
YCR057C,YCR080W,0,1.485689,0.10024966299533844,0.9923954606056213,0.9418978691101074
YGL237C,YLR197W,0,1.4854323,0.10024003684520721,0.9923954606056213,0.9419983625411987
YMR097C,YLR227W-B,0,1.485125,0.10023041814565659,0.9923954606056213,0.9420989155769348
YLR289W,YPR002W,0,1.4850286,0.10022079199552536,0.9923954606056213,0.9421994090080261
YDR285W,YDR261W-A,0,1.4843258,0.10021117329597473,0.9923954606056213,0.9422999620437622
YOR089C,YOR285W,0,1.4838101,0.1002015545964241,0.9923954606056213,0.9424004554748535
YNL010W,YLR145W,0,1.4832491,0.10019193589687347,0.9923954606056213,0.9425010085105896
YLR029C,YKL166C,0,1.4832134,0.10018232464790344,0.9923954606056213,0.9426015019416809
YER014C-A,YKL015W,0,1.4824163,0.10017271339893341,0.9923954606056213,0.942702054977417
YDL206W,YGR010W,0,1.4807897,0.10016310214996338,0.9923954606056213,0.9428025484085083
YDR492W,YML052W,0,1.4806052,0.10015349090099335,0.9923954606056213,0.9429031014442444
YBR080C,YBR243C,0,1.4784932,0.10014388710260391,0.9923954606056213,0.9430035948753357
YLR264W,YMR300C,0,1.4780596,0.10013428330421448,0.9923954606056213,0.9431041479110718
YGR264C,YMR093W,0,1.4778668,0.10012467950582504,0.9923954606056213,0.9432046413421631
YNL284C-A,YGR134W,0,1.4751066,0.10011507570743561,0.9923954606056213,0.9433051943778992
YJL011C,YPL093W,0,1.4745241,0.10010547190904617,0.9923954606056213,0.9434056878089905
YML049C,YPL274W,0,1.4740866,0.10009587556123734,0.9923954606056213,0.9435062408447266
YNL160W,YDL140C,0,1.4728435,0.1000862792134285,0.9923954606056213,0.9436067342758179
YNL302C,YKL053C-A,0,1.472726,0.10007669031620026,0.9923954606056213,0.943707287311554
YMR020W,YPL257W-B,0,1.472458,0.10006709396839142,0.9923954606056213,0.9438077807426453
YOR206W,YNL178W,0,1.4720162,0.10005750507116318,0.9923954606056213,0.9439083337783813
YAR027W,YER087W,0,1.4716865,0.10004791617393494,0.9923954606056213,0.9440088272094727
YDR451C,YPL163C,0,1.4707057,0.1000383272767067,0.9923954606056213,0.9441093802452087
YER014C-A,YBR278W,0,1.4706951,0.10002874583005905,0.9923954606056213,0.9442098736763
YGL162W,YNL238W,0,1.4667826,0.10001916438341141,0.9923954606056213,0.9443104267120361
YDR512C,YLR301W,0,1.4662098,0.10000958293676376,0.9923954606056213,0.9444109201431274
YDL171C,YMR246W,0,1.465586,0.10000000149011612,0.9923954606056213,0.9445114731788635
YGL170C,YBL091C-A,0,1.4647273,0.09999042004346848,0.9923954606056213,0.9446119666099548
YGL068W,YDR470C,0,1.4637808,0.09998084604740143,0.9923954606056213,0.9447125196456909
YOL045W,YLR024C,0,1.4636562,0.09997127205133438,0.9923954606056213,0.9448130130767822
YER049W,YBR061C,0,1.4623367,0.09996169805526733,0.9923954606056213,0.9449135661125183
YOL103W-B,YAL063C,0,1.4622519,0.09995213150978088,0.9923954606056213,0.9450140595436096
YLR103C,YGL030W,0,1.4617945,0.09994256496429443,0.9923954606056213,0.9451146125793457
YBR006W,YNL202W,0,1.4616417,0.09993299841880798,0.9923954606056213,0.945215106010437
YKL117W,YDR261W-A,0,1.4604169,0.09992343187332153,0.9923954606056213,0.9453156590461731
YDR059C,YER137C-A,0,1.4598509,0.09991386532783508,0.9923954606056213,0.9454161524772644
YHR047C,YIL140W,0,1.4594256,0.09990430623292923,0.9923954606056213,0.9455167055130005
YNR002C,YPL096W,0,1.4588295,0.09989474713802338,0.9923954606056213,0.9456171989440918
YOR317W,YDL035C,0,1.4580323,0.09988518804311752,0.9923954606056213,0.9457177519798279
YDR296W,YJR034W,0,1.4572078,0.09987563639879227,0.9923954606056213,0.9458182454109192
YCL014W,YCR087C-A,0,1.4562446,0.09986607730388641,0.9923954606056213,0.9459187984466553
YLL034C,YLR410W-A,0,1.4544313,0.09985652565956116,0.9923954606056213,0.9460192918777466
YGR109W-B,YDR261C-D,0,1.4544003,0.0998469814658165,0.9923954606056213,0.9461198449134827
YOL145C,YAL029C,0,1.4537393,0.09983742982149124,0.9923954606056213,0.946220338344574
YMR269W,YBR026C,0,1.4536326,0.09982788562774658,0.9923954606056213,0.9463208913803101
YER055C,YBL052C,0,1.4533998,0.09981834143400192,0.9923954606056213,0.9464213848114014
YBL076C,YLR153C,0,1.453366,0.09980879724025726,0.9923954606056213,0.9465219378471375
YEL029C,YMR229C,0,1.4531946,0.0997992530465126,0.9923954606056213,0.9466224312782288
YLR197W,YNL273W,0,1.4526666,0.09978971630334854,0.9923954606056213,0.9467229843139648
YGR161W-B,YPL131W,0,1.4521049,0.09978017956018448,0.9923954606056213,0.9468234777450562
YBR196C,YER165W,0,1.4516841,0.09977064281702042,0.9923954606056213,0.9469240307807922
YLL034C,YPL122C,0,1.4516722,0.09976110607385635,0.9923954606056213,0.9470245242118835
YPR204W,YGR285C,0,1.4507961,0.09975157678127289,0.9923954606056213,0.9471250772476196
YHR209W,YHR082C,0,1.4488326,0.09974204748868942,0.9923954606056213,0.9472255706787109
YPL223C,YMR272C,0,1.4487174,0.09973251819610596,0.9923954606056213,0.947326123714447
YML097C,YGR229C,0,1.4483787,0.09972298890352249,0.9923954606056213,0.9474266171455383
YDR067C,YDL045W-A,0,1.4481846,0.09971346706151962,0.9923954606056213,0.9475271701812744
YNL238W,YJR101W,0,1.4476899,0.09970394521951675,0.9923954606056213,0.9476276636123657
YLR305C,YEL022W,0,1.4473016,0.09969442337751389,0.9923954606056213,0.947728157043457
YNL223W,YGL200C,0,1.4468632,0.09968490153551102,0.9923954606056213,0.9478287100791931
YNL314W,YHR174W,0,1.4464551,0.09967538714408875,0.9923954606056213,0.9479292035102844
YOL103W-B,YPL104W,0,1.4458934,0.09966587275266647,0.9923954606056213,0.9480297565460205
YLR029C,YDR261C-D,0,1.4458417,0.0996563583612442,0.9923954606056213,0.9481302499771118
YDL047W,YDL097C,0,1.4445776,0.09964684396982193,0.9923954606056213,0.9482308030128479
YER017C,YGR077C,0,1.4424378,0.09963733702898026,0.9923954606056213,0.9483312964439392
YEL069C,YOR343W-B,0,1.4422618,0.09962783008813858,0.9923954606056213,0.9484318494796753
YLL008W,YMR143W,0,1.4418536,0.0996183231472969,0.9923954606056213,0.9485323429107666
YJR092W,YOR187W,0,1.4415702,0.09960881620645523,0.9923954606056213,0.9486328959465027
YLR395C,YJL214W,0,1.4399756,0.09959931671619415,0.9923954606056213,0.948733389377594
YBR059C,YGL148W,0,1.4397559,0.09958980977535248,0.9923954606056213,0.9488339424133301
YIL128W,YKL182W,0,1.439627,0.0995803102850914,0.9923954606056213,0.9489344358444214
YNR013C,YDR261W-A,0,1.4395562,0.09957081824541092,0.9923954606056213,0.9490349888801575
YJL114W,YFL045C,0,1.4377191,0.09956131875514984,0.9923954606056213,0.9491354823112488
YOR237W,YBL113C,0,1.4373065,0.09955182671546936,0.9923954606056213,0.9492360353469849
YAL017W,YMR267W,0,1.4371313,0.09954233467578888,0.9923954606056213,0.9493365287780762
YER014C-A,YCL052C,0,1.436412,0.0995328426361084,0.9923954606056213,0.9494370818138123
YOL129W,YNR044W,0,1.4358599,0.09952335804700851,0.9923954606056213,0.9495375752449036
YIR025W,YER165W,0,1.4357258,0.09951386600732803,0.9923954606056213,0.9496381282806396
YPR002W,YBR145W,0,1.434213,0.09950438141822815,0.9923954606056213,0.949738621711731
YMR182C,YOR343W-B,0,1.4333196,0.09949490427970886,0.9923954606056213,0.949839174747467
YCR030C,YFL002W-B,0,1.4323272,0.09948541969060898,0.9923954606056213,0.9499396681785583
YGR262C,YDR190C,1,1.4319793,0.09957122802734375,0.9933460354804993,0.9499396681785583
YPL257W-B,YJR031C,0,1.4318017,0.09956173598766327,0.9933460354804993,0.9500402212142944
YMR272C,YDL128W,0,1.4315282,0.09955225139856339,0.9933460354804993,0.9501407146453857
YCR087C-A,YJR053W,0,1.4303279,0.0995427668094635,0.9933460354804993,0.9502412676811218
YER055C,YNL122C,0,1.4300752,0.09953328967094421,0.9933460354804993,0.9503417611122131
YBR037C,YBR192W,0,1.4297627,0.09952381253242493,0.9933460354804993,0.9504423141479492
YDR261W-A,YNL298W,0,1.4293249,0.09951433539390564,0.9933460354804993,0.9505428075790405
YER137C-A,YLR050C,0,1.4292012,0.09950485825538635,0.9933460354804993,0.9506433606147766
YNL223W,YKL189W,0,1.4287473,0.09949538111686707,0.9933460354804993,0.9507438540458679
YLR395C,YNL073W,0,1.4278845,0.09948591142892838,0.9933460354804993,0.950844407081604
YDL245C,YER137C-A,0,1.4277221,0.09947644174098969,0.9933460354804993,0.9509449005126953
YNL284C-A,YNL163C,0,1.4270731,0.099466972053051,0.9933460354804993,0.9510454535484314
YMR049C,YDR449C,0,1.4253672,0.0994575023651123,0.9933460354804993,0.9511459469795227
YPL110C,YLR227W-B,0,1.4236636,0.09944804012775421,0.9933460354804993,0.9512465000152588
YLR043C,YCR002C,0,1.4233207,0.09943857789039612,0.9933460354804993,0.9513469934463501
YJR057W,YMR321C,0,1.422258,0.09942911565303802,0.9933460354804993,0.9514475464820862
YML058W-A,YPL104W,0,1.4222516,0.09941965341567993,0.9933460354804993,0.9515480399131775
YGL200C,YOL040C,0,1.4214854,0.09941019862890244,0.9933460354804993,0.9516485929489136
YMR315W,YLR429W,0,1.4200658,0.09940074384212494,0.9933460354804993,0.9517490863800049
YDR261C-D,YKR044W,0,1.4176236,0.09939128905534744,0.9933460354804993,0.951849639415741
YBL026W,YOL104C,0,1.4175416,0.09938183426856995,0.9933460354804993,0.9519501328468323
YER165W,YDL148C,0,1.4173653,0.09937238693237305,0.9933460354804993,0.9520506858825684
YGR109W-B,YGL183C,0,1.4165877,0.09936293959617615,0.9933460354804993,0.9521511793136597
YLR410W-B,YLL061W,0,1.4158132,0.09935349225997925,0.9933460354804993,0.9522517323493958
YGR167W,YOR275C,0,1.4157828,0.09934404492378235,0.9933460354804993,0.9523522257804871
YER137C-A,YLR088W,0,1.4145434,0.09933459758758545,0.9933460354804993,0.9524527788162231
YPR002W,YIL170W,0,1.413567,0.09932515770196915,0.9933460354804993,0.9525532722473145
YJR006W,YDR261C-D,0,1.4126347,0.09931571781635284,0.9933460354804993,0.9526538252830505
YPL257W-B,YBL034C,0,1.4122481,0.09930627793073654,0.9933460354804993,0.9527543187141418
YCR093W,YDR353W,0,1.4117266,0.09929684549570084,0.9933460354804993,0.9528548717498779
YDL107W,YJL171C,0,1.4087646,0.09928741306066513,0.9933460354804993,0.9529553651809692
YOL103W-B,YLR316C,0,1.4078616,0.09927798062562943,0.9933460354804993,0.9530559182167053
YNR021W,YBL089W,0,1.4066138,0.09926854819059372,0.9933460354804993,0.9531564116477966
YHR012W,YLR264W,0,1.4043485,0.09925911575555801,0.9933460354804993,0.9532569646835327
YBL011W,YBR276C,0,1.4032389,0.0992496907711029,0.9933460354804993,0.953357458114624
YPL113C,YIL042C,0,1.4019997,0.0992402657866478,0.9933460354804993,0.9534580111503601
YPR060C,YER019C-A,0,1.4004093,0.09923084080219269,0.9933460354804993,0.9535585045814514
YDR064W,YOR168W,0,1.4000086,0.09922142326831818,0.9933460354804993,0.9536589980125427
YNL302C,YPL098C,0,1.3996211,0.09921199828386307,0.9933460354804993,0.9537595510482788
YCR014C,YPL113C,0,1.39896,0.09920258074998856,0.9933460354804993,0.9538600444793701
YOL103W-B,YDL140C,0,1.3989068,0.09919316321611404,0.9933460354804993,0.9539605975151062
YNL284C-A,YDR109C,0,1.3988446,0.09918375313282013,0.9933460354804993,0.9540610909461975
YGR200C,YMR312W,1,1.3984141,0.09926924109458923,0.9942965507507324,0.9540610909461975
YGR169C,YKL182W,0,1.3972728,0.09925982356071472,0.9942965507507324,0.9541616439819336
YLR312W-A,YFR018C,0,1.3972259,0.09925040602684021,0.9942965507507324,0.9542621374130249
YDL055C,YMR273C,0,1.3970186,0.0992409884929657,0.9942965507507324,0.954362690448761
YGR221C,YER019C-A,0,1.3960835,0.09923157095909119,0.9942965507507324,0.9544631838798523
YER137C-A,YER145C,0,1.3940424,0.09922216087579727,0.9942965507507324,0.9545637369155884
YGR161W-B,YDR304C,0,1.3921328,0.09921275079250336,0.9942965507507324,0.9546642303466797
YFL002W-B,YMR296C,0,1.3920616,0.09920334070920944,0.9942965507507324,0.9547647833824158
YFL002W-B,YNL304W,0,1.3913505,0.09919393062591553,0.9942965507507324,0.9548652768135071
YGL050W,YGR118W,0,1.3907503,0.09918452799320221,0.9942965507507324,0.9549658298492432
YGR161W-B,YGR169C,0,1.3900427,0.0991751179099083,0.9942965507507324,0.9550663232803345
YPR137C-A,YML132W,0,1.3884171,0.09916571527719498,0.9942965507507324,0.9551668763160706
YJR107W,YOL038W,0,1.3854891,0.09915632009506226,0.9942965507507324,0.9552673697471619
YMR008C,YLR028C,0,1.3846704,0.09914691746234894,0.9942965507507324,0.955367922782898
YLR209C,YGR185C,0,1.3840454,0.09913752228021622,0.9942965507507324,0.9554684162139893
YGR161W-B,YGR199W,0,1.3820845,0.0991281270980835,0.9942965507507324,0.9555689692497253
YLR295C,YPL257W-B,0,1.3820086,0.09911873191595078,0.9942965507507324,0.9556694626808167
YDR218C,YMR075W,0,1.3818903,0.09910934418439865,0.9942965507507324,0.9557700157165527
YDR371W,YKR069W,0,1.3807551,0.09909994900226593,0.9942965507507324,0.955870509147644
YOR212W,YOR343W-B,0,1.3804756,0.0990905612707138,0.9942965507507324,0.9559710621833801
YDR429C,YFL001W,0,1.3804506,0.09908118098974228,0.9942965507507324,0.9560715556144714
YIL134W,YAL029C,0,1.3790187,0.09907179325819016,0.9942965507507324,0.9561721086502075
YFR021W,YKL171W,0,1.3775513,0.09906241297721863,0.9942965507507324,0.9562726020812988
YGR072W,YLR325C,0,1.3766798,0.0990530326962471,0.9942965507507324,0.9563731551170349
YLR080W,YDR476C,0,1.3757269,0.09904365241527557,0.9942965507507324,0.9564736485481262
YHR047C,YDL029W,0,1.3751231,0.09903427213430405,0.9942965507507324,0.9565742015838623
YML058W-A,YPL050C,0,1.3728437,0.09902489930391312,0.9942965507507324,0.9566746950149536
YOR142W-B,YMR090W,0,1.3714956,0.09901552647352219,0.9942965507507324,0.9567752480506897
YOL103W-B,YOR243C,0,1.3698432,0.09900615364313126,0.9942965507507324,0.956875741481781
YJL187C,YER137C-A,0,1.3695606,0.09899678081274033,0.9942965507507324,0.9569762945175171
YKL180W,YDR081C,0,1.3669434,0.09898741543292999,0.9942965507507324,0.9570767879486084
YNL307C,YBR243C,0,1.3664197,0.09897805005311966,0.9942965507507324,0.9571773409843445
YLR105C,YLL045C,0,1.3661064,0.09896868467330933,0.9942965507507324,0.9572778344154358
YBR260C,YNL092W,0,1.3646988,0.09895931929349899,0.9942965507507324,0.9573783874511719
YLR029C,YPL183W-A,0,1.3632177,0.09894995391368866,0.9942965507507324,0.9574788808822632
YOL124C,YEL029C,0,1.363075,0.09894059598445892,0.9942965507507324,0.9575794339179993
YOR287C,YNL290W,0,1.3628539,0.09893123805522919,0.9942965507507324,0.9576799273490906
YLR182W,YDR499W,0,1.3624732,0.09892188757658005,0.9942965507507324,0.9577804803848267
YML051W,YPL183W-A,0,1.3605129,0.09891252964735031,0.9942965507507324,0.957880973815918
YFL033C,YER130C,0,1.3595318,0.09890317916870117,0.9942965507507324,0.957981526851654
YPL257W-B,YBR192W,0,1.35895,0.09889382869005203,0.9942965507507324,0.9580820202827454
YCL043C,YMR099C,0,1.356831,0.0988844782114029,0.9942965507507324,0.9581825733184814
YGR010W,YFR021W,0,1.3556255,0.09887512773275375,0.9942965507507324,0.9582830667495728
YOL052C,YOL093W,0,1.3555986,0.09886578470468521,0.9942965507507324,0.9583836197853088
YMR238W,YBR287W,0,1.3555186,0.09885644167661667,0.9942965507507324,0.9584841132164001
YGR161W-B,YOR310C,0,1.3543178,0.09884709864854813,0.9942965507507324,0.9585846662521362
YJL200C,YGR034W,0,1.3537835,0.09883775562047958,0.9942965507507324,0.9586851596832275
YER101C,YDR261W-A,0,1.3534858,0.09882842004299164,0.9942965507507324,0.9587857127189636
YLR452C,YML097C,0,1.3525611,0.09881908446550369,0.9942965507507324,0.9588862061500549
YOR142W-B,YPL050C,0,1.3525527,0.09880974888801575,0.9942965507507324,0.958986759185791
YGR161W-B,YJL225C,0,1.3490845,0.0988004133105278,0.9942965507507324,0.9590872526168823
YGR105W,YER074W,0,1.3481277,0.09879108518362045,0.9942965507507324,0.9591878056526184
YDL107W,YPL087W,0,1.3481165,0.0987817570567131,0.9942965507507324,0.9592882990837097
YPL257W-B,YLR187W,0,1.3472719,0.09877242892980576,0.9942965507507324,0.959388792514801
YDL133C-A,YNL290W,0,1.3435465,0.09876310080289841,0.9942965507507324,0.9594893455505371
YOL103W-B,YKL175W,0,1.342751,0.09875378012657166,0.9942965507507324,0.9595898389816284
YPR080W,YMR308C,0,1.3423685,0.0987444519996643,0.9942965507507324,0.9596903920173645
YEL036C,YMR194W,0,1.3416468,0.09873513132333755,0.9942965507507324,0.9597908854484558
YGR112W,YKL165C,0,1.3414407,0.0987258106470108,0.9942965507507324,0.9598914384841919
YJL024C,YPL065W,0,1.3408235,0.09871649742126465,0.9942965507507324,0.9599919319152832
YBL005W-B,YBR145W,0,1.3390968,0.0987071841955185,0.9942965507507324,0.9600924849510193
YFL002W-B,YDR416W,0,1.3380297,0.09869787096977234,0.9942965507507324,0.9601929783821106
YCL057W,YDR159W,0,1.3355795,0.09868855774402618,0.9942965507507324,0.9602935314178467
YLR227W-B,YPR043W,0,1.3348771,0.09867924451828003,0.9942965507507324,0.960394024848938
YMR194W,YCR046C,0,1.3340886,0.09866993874311447,0.9942965507507324,0.9604945778846741
YFL002W-B,YGL169W,0,1.3337733,0.09866063296794891,0.9942965507507324,0.9605950713157654
YLR300W,YJR103W,0,1.3325849,0.09865132719278336,0.9942965507507324,0.9606956243515015
YGR109W-B,YPR160W,0,1.3320607,0.0986420214176178,0.9942965507507324,0.9607961177825928
YFL001W,YLR325C,0,1.3319556,0.09863272309303284,0.9942965507507324,0.9608966708183289
YLL019C,YPL196W,0,1.3298346,0.09862341731786728,0.9942965507507324,0.9609971642494202
YDR261C-D,YNL298W,0,1.3294532,0.09861412644386292,0.9942965507507324,0.9610977172851562
YMR054W,YER137C-A,0,1.3291118,0.09860482811927795,0.9942965507507324,0.9611982107162476
YMR033W,YDL084W,1,1.329002,0.09868979454040527,0.9952471256256104,0.9611982107162476
YKL103C,YGR070W,0,1.3281475,0.09868048876523972,0.9952471256256104,0.9612987637519836
YMR114C,YDR461W,0,1.3276823,0.09867119044065475,0.9952471256256104,0.961399257183075
YOL129W,YKL093W,0,1.3253659,0.0986618921160698,0.9952471256256104,0.961499810218811
YDL111C,YMR300C,0,1.3240432,0.09865259379148483,0.9952471256256104,0.9616003036499023
YGR167W,YOL040C,0,1.3237916,0.09864330291748047,0.9952471256256104,0.9617008566856384
YER137C-A,YPR030W,0,1.3212302,0.0986340120434761,0.9952471256256104,0.9618013501167297
YPL087W,YOR089C,0,1.3194947,0.09862471371889114,0.9952471256256104,0.9619019031524658
YKR035W-A,YMR210W,0,1.3194518,0.09861543029546738,0.9952471256256104,0.9620023965835571
YFL045C,YPL098C,0,1.3190466,0.09860613942146301,0.9952471256256104,0.9621029496192932
YDR296W,YLR359W,0,1.3184191,0.09859685599803925,0.9952471256256104,0.9622034430503845
YLR244C,YPL273W,0,1.3174418,0.09858757257461548,0.9952471256256104,0.9623039960861206
YOR099W,YDR260C,0,1.3150359,0.09857828915119171,0.9952471256256104,0.9624044895172119
YGR109W-B,YJL134W,0,1.3139018,0.09856900572776794,0.9952471256256104,0.962505042552948
YLR033W,YOR025W,0,1.3126463,0.09855972975492477,0.9952471256256104,0.9626055359840393
YNL068C,YIL131C,1,1.3125371,0.09864457696676254,0.9961977005004883,0.9626055359840393
YOL103W-B,YHR179W,0,1.3119729,0.09863529354333878,0.9961977005004883,0.9627060890197754
YDR173C,YDL165W,1,1.311359,0.09872011840343475,0.9971482753753662,0.9627060890197754
YLR028C,YNR002C,0,1.3107697,0.09871082752943039,0.9971482753753662,0.9628065824508667
YER014C-A,YAL054C,0,1.3081055,0.09870154410600662,0.9971482753753662,0.9629071354866028
YOR237W,YFL057C,0,1.3074718,0.09869226068258286,0.9971482753753662,0.9630076289176941
YIL134W,YIL139C,0,1.3048799,0.09868296980857849,0.9971482753753662,0.9631081819534302
YLR410W-A,YER190W,0,1.3043228,0.09867369383573532,0.9971482753753662,0.9632086753845215
YGR285C,YFL001W,0,1.3040222,0.09866441041231155,0.9971482753753662,0.9633092284202576
YMR173W,YMR099C,0,1.3035964,0.09865512698888779,0.9971482753753662,0.9634097218513489
YDL021W,YBR096W,0,1.303465,0.09864585101604462,0.9971482753753662,0.963510274887085
YER074W,YLR073C,0,1.3030933,0.09863657504320145,0.9971482753753662,0.9636107683181763
YOL129W,YLR410W-B,0,1.3015183,0.09862730652093887,0.9971482753753662,0.9637113213539124
YGR109W-B,YDL197C,0,1.301323,0.0986180305480957,0.9971482753753662,0.9638118147850037
YAL043C,YDR516C,1,1.3008556,0.09870276600122452,0.9980988502502441,0.9638118147850037
YNL010W,YKL144C,0,1.3001671,0.09869348257780075,0.9980988502502441,0.9639123678207397
YER151C,YDR261W-A,0,1.2999932,0.09868421405553818,0.9980988502502441,0.964012861251831
YEL052W,YOR222W,0,1.2989498,0.09867493808269501,0.9980988502502441,0.9641134142875671
YJL060W,YPL110C,0,1.2984289,0.09866566210985184,0.9980988502502441,0.9642139077186584
YOR142W-B,YLR163C,0,1.2974833,0.09865639358758926,0.9980988502502441,0.9643144607543945
YOL103W-B,YPR035W,0,1.2974215,0.09864712506532669,0.9980988502502441,0.9644149541854858
YOL103W-B,YNR044W,0,1.2972032,0.09863785654306412,0.9980988502502441,0.9645155072212219
YHR175W,YHR057C,0,1.2970812,0.09862859547138214,0.9980988502502441,0.9646160006523132
YOR138C,YDR261W-A,0,1.296451,0.09861932694911957,0.9980988502502441,0.9647165536880493
YOR232W,YBR129C,0,1.2955321,0.09861006587743759,0.9980988502502441,0.9648170471191406
YER137C-A,YLR270W,0,1.29541,0.09860080480575562,0.9980988502502441,0.9649176001548767
YKR057W,YLR390W,0,1.2940742,0.09859155118465424,0.9980988502502441,0.965018093585968
YNL232W,YDR226W,0,1.2929701,0.09858229011297226,0.9980988502502441,0.9651185870170593
YDL024C,YLR270W,0,1.2909373,0.09857303649187088,0.9980988502502441,0.9652191400527954
YGR109W-B,YLR164W,0,1.29064,0.0985637828707695,0.9980988502502441,0.9653196334838867
YDR174W,YGR084C,0,1.2895259,0.09855453670024872,0.9980988502502441,0.9654201865196228
YBL058W,YKL067W,0,1.2881352,0.09854528307914734,0.9980988502502441,0.9655206799507141
YDR261C-D,YJR140C,0,1.2861749,0.09853603690862656,0.9980988502502441,0.9656212329864502
YJL191W,YNL262W,0,1.2855994,0.09852679073810577,0.9980988502502441,0.9657217264175415
YLR029C,YLR285W,0,1.2829832,0.09851754456758499,0.9980988502502441,0.9658222794532776
YPR182W,YGL030W,0,1.2828099,0.0985083058476448,0.9980988502502441,0.9659227728843689
YJR032W,YJL081C,0,1.2817715,0.09849905967712402,0.9980988502502441,0.966023325920105
YOR301W,YNL092W,0,1.2806563,0.09848982095718384,0.9980988502502441,0.9661238193511963
YOL129W,YFL048C,0,1.2785624,0.09848058223724365,0.9980988502502441,0.9662243723869324
YMR025W,YPL183W-A,0,1.27609,0.09847135096788406,0.9980988502502441,0.9663248658180237
YDL036C,YGL170C,0,1.275046,0.09846211224794388,0.9980988502502441,0.9664254188537598
YFL002W-B,YBR282W,0,1.2733848,0.09845288097858429,0.9980988502502441,0.9665259122848511
YNL010W,YLR383W,0,1.2727307,0.0984436497092247,0.9980988502502441,0.9666264653205872
YLL029W,YKL168C,0,1.2726169,0.09843442589044571,0.9980988502502441,0.9667269587516785
YJR055W,YDL171C,0,1.2723967,0.09842519462108612,0.9980988502502441,0.9668275117874146
YOL038W,YDR261C-D,0,1.2715988,0.09841597080230713,0.9980988502502441,0.9669280052185059
YGL068W,YGR177C,0,1.2708861,0.09840674698352814,0.9980988502502441,0.9670285582542419
YDR261C-D,YPL093W,0,1.2680627,0.09839752316474915,0.9980988502502441,0.9671290516853333
YKL117W,YLR227W-B,0,1.2674171,0.09838830679655075,0.9980988502502441,0.9672296047210693
YBR276C,YGR118W,0,1.2671459,0.09837909042835236,0.9980988502502441,0.9673300981521606
YBR155W,YOR098C,0,1.2658263,0.09836987406015396,0.9980988502502441,0.9674306511878967
YGL014W,YMR246W,0,1.2653946,0.09836065769195557,0.9980988502502441,0.967531144618988
YML071C,YFL002W-B,0,1.2652744,0.09835144132375717,0.9980988502502441,0.9676316976547241
YLR401C,YNR015W,0,1.2650158,0.09834223240613937,0.9980988502502441,0.9677321910858154
YJL117W,YER052C,0,1.2645909,0.09833302348852158,0.9980988502502441,0.9678327441215515
YDL029W,YHR051W,0,1.2641134,0.09832381457090378,0.9980988502502441,0.9679332375526428
YBR145W,YKL094W,0,1.264104,0.09831460565328598,0.9980988502502441,0.9680337905883789
YAR027W,YLR227W-B,0,1.2639638,0.09830540418624878,0.9980988502502441,0.9681342840194702
YDL133C-A,YGR034W,0,1.2620684,0.09829620271921158,0.9980988502502441,0.9682348370552063
YOR310C,YOL093W,0,1.2620008,0.09828700125217438,0.9980988502502441,0.9683353304862976
YDR423C,YLL017W,0,1.2617979,0.09827779978513718,0.9980988502502441,0.9684358835220337
YER175C,YLR227W-B,0,1.2613255,0.09826859831809998,0.9980988502502441,0.968536376953125
YER055C,YKL015W,0,1.2611483,0.09825940430164337,0.9980988502502441,0.9686369299888611
YLR410W-B,YOR025W,0,1.2600957,0.09825021028518677,0.9980988502502441,0.9687374234199524
YLR285W,YBR096W,0,1.2599059,0.09824101626873016,0.9980988502502441,0.9688379764556885
YJL066C,YNL092W,0,1.2588755,0.09823182970285416,0.9980988502502441,0.9689384698867798
YCL004W,YMR250W,0,1.2586792,0.09822263568639755,0.9980988502502441,0.9690390229225159
YNL302C,YPL050C,0,1.2577106,0.09821344912052155,0.9980988502502441,0.9691395163536072
YDL055C,YLR410W-A,0,1.2568252,0.09820426255464554,0.9980988502502441,0.9692400693893433
YKL126W,YPL002C,0,1.2561938,0.09819508343935013,0.9980988502502441,0.9693405628204346
YJL060W,YAL031C,0,1.2559148,0.09818589687347412,0.9980988502502441,0.9694411158561707
YNL267W,YLR410W-A,0,1.2515547,0.09817671775817871,0.9980988502502441,0.969541609287262
YLR244C,YNL121C,0,1.249458,0.0981675386428833,0.9980988502502441,0.969642162322998
YER055C,YOR074C,0,1.2469925,0.09815835952758789,0.9980988502502441,0.9697426557540894
YPL274W,YOR226C,0,1.2465754,0.09814918786287308,0.9980988502502441,0.9698432087898254
YBR276C,YDL040C,0,1.2457341,0.09814001619815826,0.9980988502502441,0.9699437022209167
YPL274W,YJL192C,0,1.2456727,0.09813084453344345,0.9980988502502441,0.9700442552566528
YBR118W,YOR243C,0,1.2455505,0.09812167286872864,0.9980988502502441,0.9701447486877441
YKR056W,YDL061C,0,1.2435979,0.09811250120401382,0.9980988502502441,0.9702453017234802
YOR168W,YER074W,0,1.2435888,0.09810333698987961,0.9980988502502441,0.9703457951545715
YJR006W,YLR113W,0,1.2429358,0.09809417277574539,0.9980988502502441,0.9704463481903076
YPL122C,YEL009C,1,1.2400948,0.0981784239411354,0.9990494251251221,0.9704463481903076
YNL297C,YPR002W,0,1.2386146,0.0981692522764206,0.9990494251251221,0.9705468416213989
YJL155C,YLR410W-B,0,1.238385,0.09816008061170578,0.9990494251251221,0.970647394657135
YMR241W,YGR169C,0,1.2381207,0.09815091639757156,0.9990494251251221,0.9707478880882263
YMR033W,YGR118W,0,1.2361594,0.09814175218343735,0.9990494251251221,0.9708484411239624
YJR149W,YNR006W,0,1.2335279,0.09813258796930313,0.9990494251251221,0.9709489345550537
YOL103W-B,YDL202W,0,1.2333804,0.09812342375516891,0.9990494251251221,0.971049427986145
YGL014W,YJR140C,0,1.2326068,0.0981142669916153,0.9990494251251221,0.9711499810218811
YKR057W,YGL019W,0,1.2323577,0.09810510277748108,0.9990494251251221,0.9712504744529724
YMR146C,YLR285W,0,1.2316535,0.09809594601392746,0.9990494251251221,0.9713510274887085
YEL031W,YGL200C,0,1.2289976,0.09808679670095444,0.9990494251251221,0.9714515209197998
YIL079C,YER074W,0,1.22897,0.09807763993740082,0.9990494251251221,0.9715520739555359
YGR145W,YMR300C,0,1.2283915,0.0980684906244278,0.9990494251251221,0.9716525673866272
YOL165C,YGR161W-B,0,1.2275702,0.09805934131145477,0.9990494251251221,0.9717531204223633
YLR183C,YNL110C,0,1.2248446,0.09805019199848175,0.9990494251251221,0.9718536138534546
YDL208W,YGR214W,0,1.224224,0.09804104268550873,0.9990494251251221,0.9719541668891907
YPL196W,YPL183W-A,0,1.2232664,0.0980319008231163,0.9990494251251221,0.972054660320282
YCL043C,YGR077C,0,1.2231132,0.09802275896072388,0.9990494251251221,0.9721552133560181
YOR142W-B,YML132W,0,1.2227244,0.09801361709833145,0.9990494251251221,0.9722557067871094
YEL069C,YML051W,0,1.2214757,0.09800447523593903,0.9990494251251221,0.9723562598228455
YLL045C,YDL055C,0,1.2202044,0.0979953408241272,0.9990494251251221,0.9724567532539368
YLR028C,YJR103W,0,1.2192386,0.09798619896173477,0.9990494251251221,0.9725573062896729
YDR460W,YMR321C,0,1.2126611,0.09797706454992294,0.9990494251251221,0.9726577997207642
YPL223C,YOR215C,0,1.2100377,0.09796793758869171,0.9990494251251221,0.9727583527565002
YML073C,YJR101W,0,1.2086029,0.09795880317687988,0.9990494251251221,0.9728588461875916
YOR142W,YOL158C,0,1.2069533,0.09794967621564865,0.9990494251251221,0.9729593992233276
YML058W-A,YGR281W,0,1.2055137,0.09794054925441742,0.9990494251251221,0.973059892654419
YPR024W,YJR005W,0,1.2045447,0.09793142229318619,0.9990494251251221,0.973160445690155
YML058W-A,YNL297C,0,1.2033685,0.09792229533195496,0.9990494251251221,0.9732609391212463
YDR451C,YIL140W,0,1.2032096,0.09791317582130432,0.9990494251251221,0.9733614921569824
YPL113C,YKL064W,0,1.2020108,0.09790404886007309,0.9990494251251221,0.9734619855880737
YOR212W,YNL302C,0,1.1997024,0.09789492934942245,0.9990494251251221,0.9735625386238098
YJL144W,YPR160W,0,1.1982218,0.09788581728935242,0.9990494251251221,0.9736630320549011
YDR205W,YDL015C,0,1.1976649,0.09787669777870178,0.9990494251251221,0.9737635850906372
YLR410W-B,YGR105W,0,1.1976026,0.09786758571863174,0.9990494251251221,0.9738640785217285
YML073C,YGL019W,0,1.1973064,0.0978584736585617,0.9990494251251221,0.9739646315574646
YNL273W,YGR185C,0,1.1943668,0.09784936159849167,0.9990494251251221,0.9740651249885559
YFL014W,YMR136W,0,1.1936206,0.09784024953842163,0.9990494251251221,0.974165678024292
YDR512C,YKL124W,0,1.1916413,0.09783114492893219,0.9990494251251221,0.9742661714553833
YAR027W,YKL124W,0,1.1872584,0.09782204031944275,0.9990494251251221,0.9743667244911194
YOL145C,YGR020C,0,1.1864897,0.09781293570995331,0.9990494251251221,0.9744672179222107
YJR101W,YNL122C,0,1.1849381,0.09780383110046387,0.9990494251251221,0.9745677709579468
YLR291C,YGR177C,0,1.1848675,0.09779473394155502,0.9990494251251221,0.9746682643890381
YNL122C,YBR037C,0,1.1843204,0.09778563678264618,0.9990494251251221,0.9747688174247742
YNL202W,YOR099W,0,1.1838815,0.09777653962373734,0.9990494251251221,0.9748693108558655
YLR410W-A,YDR170C,0,1.183513,0.09776744246482849,0.9990494251251221,0.9749698638916016
YNL163C,YBL068W,0,1.1820498,0.09775834530591965,0.9990494251251221,0.9750703573226929
YMR033W,YDR353W,0,1.1784558,0.0977492555975914,0.9990494251251221,0.975170910358429
YBR230C,YDL035C,0,1.1771564,0.09774016588926315,0.9990494251251221,0.9752714037895203
YOR147W,YLR410W-B,0,1.1758986,0.0977310761809349,0.9990494251251221,0.9753719568252563
YPL094C,YIL133C,0,1.1755856,0.09772198647260666,0.9990494251251221,0.9754724502563477
YOR168W,YJL134W,0,1.1656643,0.09771290421485901,0.9990494251251221,0.9755730032920837
YBR170C,YMR186W,0,1.1640829,0.09770382195711136,0.9990494251251221,0.975673496723175
YER055C,YKL001C,0,1.1637074,0.09769473969936371,0.9990494251251221,0.9757740497589111
YPL223C,YOL043C,0,1.1632626,0.09768565744161606,0.9990494251251221,0.9758745431900024
YNL010W,YER165W,0,1.1619385,0.097676582634449,0.9990494251251221,0.9759750962257385
YBR274W,YCL057W,0,1.1614046,0.09766750037670135,0.9990494251251221,0.9760755896568298
YLR344W,YFL023W,0,1.1579794,0.0976584255695343,0.9990494251251221,0.9761761426925659
YGL225W,YDL198C,0,1.1566161,0.09764935076236725,0.9990494251251221,0.9762766361236572
YMR049C,YKL171W,0,1.1535772,0.09764028340578079,0.9990494251251221,0.9763771891593933
YBR118W,YBR271W,0,1.1527418,0.09763120859861374,0.9990494251251221,0.9764776825904846
YFL014W,YCL043C,0,1.1502669,0.09762214124202728,0.9990494251251221,0.9765782356262207
YLR359W,YBR187W,0,1.1494639,0.09761307388544083,0.9990494251251221,0.976678729057312
YGR109W-B,YDR389W,0,1.1477927,0.09760401397943497,0.9990494251251221,0.9767792224884033
YLR228C,YLR410W-A,0,1.1468211,0.09759494662284851,0.9990494251251221,0.9768797755241394
YGR077C,YBR222C,0,1.1438341,0.09758588671684265,0.9990494251251221,0.9769802689552307
YMR114C,YJL171C,0,1.1435595,0.09757682681083679,0.9990494251251221,0.9770808219909668
YKL038W,YIR018W,0,1.1424179,0.09756776690483093,0.9990494251251221,0.9771813154220581
YFL002W-B,YOR251C,0,1.1393825,0.09755871444940567,0.9990494251251221,0.9772818684577942
YDR306C,YGL148W,0,1.1379973,0.09754965454339981,0.9990494251251221,0.9773823618888855
YDR512C,YJL144W,0,1.1347586,0.09754060208797455,0.9990494251251221,0.9774829149246216
YER162C,YJL103C,0,1.1345533,0.09753154963254929,0.9990494251251221,0.9775834083557129
YGR077C,YHR057C,0,1.1343019,0.09752250462770462,0.9990494251251221,0.977683961391449
YLR113W,YLR410W-A,0,1.1307775,0.09751345217227936,0.9990494251251221,0.9777844548225403
YGR161W-B,YOL004W,0,1.1260395,0.09750440716743469,0.9990494251251221,0.9778850078582764
YHL012W,YGL170C,0,1.1178616,0.09749536216259003,0.9990494251251221,0.9779855012893677
YGR177C,YKR026C,0,1.1171383,0.09748631715774536,0.9990494251251221,0.9780860543251038
YPR080W,YGR027C,0,1.1142446,0.09747727960348129,0.9990494251251221,0.9781865477561951
YPL134C,YOR138C,0,1.1126047,0.09746823459863663,0.9990494251251221,0.9782871007919312
YOL142W,YOR294W,0,1.1125634,0.09745919704437256,0.9990494251251221,0.9783875942230225
YDR296W,YIL006W,0,1.1109691,0.09745015949010849,0.9990494251251221,0.9784881472587585
YFL002W-B,YHR057C,0,1.1105827,0.09744112938642502,0.9990494251251221,0.9785886406898499
YLR009W,YFL045C,0,1.1093438,0.09743209183216095,0.9990494251251221,0.9786891937255859
YGL068W,YBR282W,0,1.0997142,0.09742306172847748,0.9990494251251221,0.9787896871566772
YPL094C,YOL052C,0,1.0964098,0.097414031624794,0.9990494251251221,0.9788902401924133
YLR219W,YDR461W,0,1.089398,0.09740500152111053,0.9990494251251221,0.9789907336235046
YGR229C,YGR027C,0,1.0829908,0.09739597886800766,0.9990494251251221,0.9790912866592407
YER150W,YFR045W,0,1.0780052,0.09738695621490479,0.9990494251251221,0.979191780090332
YKL180W,YBR037C,0,1.0771611,0.09737793356180191,0.9990494251251221,0.9792923331260681
YJL213W,YMR099C,0,1.0740983,0.09736891090869904,0.9990494251251221,0.9793928265571594
YER137C-A,YGR105W,0,1.0697215,0.09735988825559616,0.9990494251251221,0.9794933795928955
YDR494W,YOR261C,0,1.0697178,0.09735087305307388,0.9990494251251221,0.9795938730239868
YKL180W,YFL001W,0,1.0676625,0.0973418578505516,0.9990494251251221,0.9796944260597229
YLR291C,YNL302C,0,1.0636499,0.09733284264802933,0.9990494251251221,0.9797949194908142
YOR054C,YGR258C,0,1.0629798,0.09732382744550705,0.9990494251251221,0.9798954725265503
YER103W,YNL092W,0,1.062955,0.09731481224298477,0.9990494251251221,0.9799959659576416
YML097C,YBL052C,0,1.0616148,0.09730580449104309,0.9990494251251221,0.9800965189933777
YDL055C,YIL159W,0,1.0533874,0.09729679673910141,0.9990494251251221,0.980197012424469
YNL302C,YIL133C,0,1.0520058,0.09728778898715973,0.9990494251251221,0.9802975654602051
YDR453C,YIL170W,0,1.0509268,0.09727878868579865,0.9990494251251221,0.9803980588912964
YPR026W,YKL093W,0,1.046644,0.09726978093385696,0.9990494251251221,0.9804986119270325
YIL017C,YDR516C,1,1.0461192,0.09735332429409027,1.0,0.9804986119270325
YNL208W,YHR057C,0,1.0453498,0.09734431654214859,1.0,0.9805991053581238
YDL246C,YML039W,0,1.0417408,0.09733530879020691,1.0,0.9806996583938599
YJL134W,YER145C,0,1.0356299,0.09732630103826523,1.0,0.9808001518249512
YBR177C,YFR045W,0,1.0353881,0.09731730073690414,1.0,0.9809007048606873
YNL219C,YMR229C,0,1.0335994,0.09730830043554306,1.0,0.9810011982917786
YDL055C,YBR074W,0,1.0314605,0.09729930013418198,1.0,0.9811017513275146
YMR146C,YBR275C,0,1.0306621,0.09729029983282089,1.0,0.981202244758606
YGL225W,YLL043W,0,1.0281597,0.09728129953145981,1.0,0.981302797794342
YPL139C,YDL040C,0,1.0233805,0.09727230668067932,1.0,0.9814032912254333
YPR080W,YOL158C,0,1.0200946,0.09726331382989883,1.0,0.9815038442611694
YMR137C,YOR215C,0,1.0184615,0.09725432097911835,1.0,0.9816043376922607
YGR199W,YDL083C,0,1.0172784,0.09724533557891846,1.0,0.9817048907279968
YDR083W,YMR093W,0,1.0153173,0.09723634272813797,1.0,0.9818053841590881
YOR317W,YCR011C,0,1.0112593,0.09722735732793808,1.0,0.9819059371948242
YIL142W,YMR308C,0,1.0083408,0.09721837192773819,1.0,0.9820064306259155
YML058W-A,YNL121C,0,1.0035831,0.0972093865275383,1.0,0.9821069836616516
YKL165C,YPL244C,0,1.0032393,0.097200408577919,1.0,0.9822074770927429
YIL094C,YMR308C,0,0.9968178,0.09719142317771912,1.0,0.982308030128479
YLR029C,YNL175C,0,0.99138916,0.09718244522809982,1.0,0.9824085235595703
YAL033W,YBR187W,0,0.990276,0.09717347472906113,1.0,0.9825090765953064
YPR137W,YJL191W,0,0.9837264,0.09716449677944183,1.0,0.9826095700263977
YLR264W,YIL035C,0,0.9784776,0.09715552628040314,1.0,0.982710063457489
YIR018W,YOR230W,0,0.97599435,0.09714654833078384,1.0,0.9828106164932251
YLR344W,YOR355W,0,0.97501206,0.09713757783174515,1.0,0.9829111099243164
YMR250W,YGL259W,0,0.97438467,0.09712861478328705,1.0,0.9830116629600525
YMR090W,YGR070W,0,0.9729475,0.09711964428424835,1.0,0.9831121563911438
YER150W,YHR008C,0,0.9684802,0.09711068123579025,1.0,0.9832127094268799
YKR056W,YDR211W,0,0.9671171,0.09710171818733215,1.0,0.9833132028579712
YJR036C,YBR230C,0,0.9633,0.09709275513887405,1.0,0.9834137558937073
YMR241W,YDR083W,0,0.9628246,0.09708379209041595,1.0,0.9835142493247986
YHR209W,YJL144W,0,0.96070254,0.09707483649253845,1.0,0.9836148023605347
YEL053C,YBR187W,0,0.9592936,0.09706588089466095,1.0,0.983715295791626
YER175C,YGR155W,0,0.9539155,0.09705692529678345,1.0,0.9838158488273621
YKL082C,YBR238C,0,0.9531714,0.09704796969890594,1.0,0.9839163422584534
YBR177C,YBR173C,0,0.95068467,0.09703902155160904,1.0,0.9840168952941895
YKR057W,YBR010W,0,0.9475032,0.09703006595373154,1.0,0.9841173887252808
YJR032W,YGR155W,0,0.9427428,0.09702111780643463,1.0,0.9842179417610168
YGR229C,YBL052C,0,0.94113636,0.09701216965913773,1.0,0.9843184351921082
YLL008W,YMR239C,0,0.9356488,0.09700322896242142,1.0,0.9844189882278442
YOL010W,YOL052C,0,0.93327296,0.09699428081512451,1.0,0.9845194816589355
YJR070C,YOR222W,0,0.92846525,0.0969853401184082,1.0,0.9846200346946716
YIL139C,YOR020C,0,0.92606246,0.0969763994216919,1.0,0.9847205281257629
YDL084W,YJR006W,0,0.92462575,0.09696745872497559,1.0,0.984821081161499
YBR183W,YPR127W,0,0.91997886,0.09695852547883987,1.0,0.9849215745925903
YML056C,YLL043W,0,0.9189429,0.09694959223270416,1.0,0.9850221276283264
YGL180W,YIR039C,0,0.9147538,0.09694065898656845,1.0,0.9851226210594177
YLR165C,YPL196W,0,0.9146509,0.09693172574043274,1.0,0.9852231740951538
YLR244C,YFR001W,0,0.9129932,0.09692279249429703,1.0,0.9853236675262451
YGR167W,YNL084C,0,0.9095955,0.09691386669874191,1.0,0.9854242205619812
YMR241W,YBR061C,0,0.9091921,0.0969049409031868,1.0,0.9855247139930725
YJL166W,YOR317W,0,0.90619266,0.09689601510763168,1.0,0.9856252670288086
YPL042C,YGR084C,0,0.90588915,0.09688708931207657,1.0,0.9857257604598999
YCL034W,YHR008C,0,0.90565467,0.09687816351652145,1.0,0.985826313495636
YER117W,YGR177C,0,0.8982854,0.09686924517154694,1.0,0.9859268069267273
YBR031W,YML052W,0,0.89821196,0.09686032682657242,1.0,0.9860273599624634
YDR512C,YPR026W,0,0.89738345,0.0968514084815979,1.0,0.9861278533935547
YMR123W,YMR117C,0,0.8910353,0.09684249013662338,1.0,0.9862284064292908
YOL082W,YDL022W,0,0.89063644,0.09683357924222946,1.0,0.9863288998603821
YMR169C,YNL092W,0,0.8842218,0.09682466834783554,1.0,0.9864294528961182
YPL134C,YJR130C,0,0.8809067,0.09681575745344162,1.0,0.9865299463272095
YBR026C,YDR262W,0,0.8779386,0.0968068465590477,1.0,0.9866304993629456
YKL009W,YLR073C,0,0.872753,0.09679793566465378,1.0,0.9867309927940369
YLR291C,YER052C,0,0.86660993,0.09678903222084045,1.0,0.986831545829773
YDR059C,YNL223W,0,0.8631948,0.09678012877702713,1.0,0.9869320392608643
YFR045W,YGR112W,0,0.85949636,0.0967712253332138,1.0,0.9870325922966003
YNL273W,YGL148W,0,0.85521436,0.09676232188940048,1.0,0.9871330857276917
YMR146C,YKL082C,0,0.85478723,0.09675342589616776,1.0,0.9872336387634277
YJL011C,YNL110C,0,0.8542193,0.09674452990293503,1.0,0.987334132194519
YDL040C,YGL148W,0,0.85281706,0.0967356339097023,1.0,0.9874346852302551
YKL067W,YOR275C,0,0.8430984,0.09672673791646957,1.0,0.9875351786613464
YJL011C,YGL169W,0,0.84002566,0.09671784192323685,1.0,0.9876357316970825
YOR176W,YOR285W,0,0.83952177,0.09670895338058472,1.0,0.9877362251281738
YNL163C,YNL175C,0,0.8382293,0.09670006483793259,1.0,0.9878367781639099
YBR026C,YGL259W,0,0.8357581,0.09669117629528046,1.0,0.9879372715950012
YLR020C,YOR232W,0,0.83491504,0.09668228775262833,1.0,0.9880378246307373
YMR315W,YCL052C,0,0.8203567,0.0966734066605568,1.0,0.9881383180618286
YLR009W,YBL092W,0,0.81717217,0.09666452556848526,1.0,0.9882388710975647
YLL034C,YDL083C,0,0.8036258,0.09665564447641373,1.0,0.988339364528656
YDR079W,YBR230C,0,0.802703,0.0966467633843422,1.0,0.9884398579597473
YMR269W,YPR137W,0,0.7992017,0.09663788229227066,1.0,0.9885404109954834
YOR243C,YCR057C,0,0.79906404,0.09662900865077972,1.0,0.9886409044265747
YER168C,YMR296C,0,0.7875776,0.09662013500928879,1.0,0.9887414574623108
YGR118W,YIL035C,0,0.7822459,0.09661126136779785,1.0,0.9888419508934021
YOR232W,YLR264W,0,0.7689909,0.09660238772630692,1.0,0.9889425039291382
YFR045W,YGL259W,0,0.76377666,0.09659351408481598,1.0,0.9890429973602295
YML132W,YML128C,0,0.74704707,0.09658464789390564,1.0,0.9891435503959656
YOR323C,YFR019W,0,0.7355068,0.0965757817029953,1.0,0.9892440438270569
YHR069C,YDL061C,0,0.7353817,0.09656691551208496,1.0,0.989344596862793
YLR009W,YGL225W,0,0.73194075,0.09655805677175522,1.0,0.9894450902938843
YOR168W,YBR074W,0,0.7284504,0.09654919058084488,1.0,0.9895456433296204
YGR288W,YGL004C,0,0.72828054,0.09654033184051514,1.0,0.9896461367607117
YOR168W,YBR187W,0,0.72665274,0.0965314731001854,1.0,0.9897466897964478
YEL036C,YLR264W,0,0.7259449,0.09652261435985565,1.0,0.9898471832275391
YOL124C,YPR163C,0,0.7146447,0.0965137630701065,1.0,0.9899477362632751
YLR219W,YGR268C,0,0.71392965,0.09650490432977676,1.0,0.9900482296943665
YLR009W,YBL052C,0,0.7135657,0.09649605304002762,1.0,0.9901487827301025
YDL083C,YNL290W,0,0.7117009,0.09648720175027847,1.0,0.9902492761611938
YBR118W,YER074W,0,0.70812106,0.09647835791110992,1.0,0.9903498291969299
YOL142W,YPR137W,0,0.7009157,0.09646950662136078,1.0,0.9904503226280212
YHR012W,YMR315W,0,0.69712543,0.09646066278219223,1.0,0.9905508756637573
YGL037C,YKL064W,0,0.6933485,0.09645181894302368,1.0,0.9906513690948486
YGL030W,YOR340C,0,0.69172823,0.09644297510385513,1.0,0.9907519221305847
YMR239C,YMR229C,0,0.6855459,0.09643413871526718,1.0,0.990852415561676
YPR127W,YAL039C,0,0.66898334,0.09642529487609863,1.0,0.9909529685974121
YBR183W,YNL274C,0,0.66305256,0.09641645848751068,1.0,0.9910534620285034
YGR264C,YIL094C,0,0.6621424,0.09640762209892273,1.0,0.9911540150642395
YLL041C,YDR254W,0,0.6582241,0.09639879316091537,1.0,0.9912545084953308
YMR093W,YDL083C,0,0.65715075,0.09638995677232742,1.0,0.9913550615310669
YJR055W,YMR117C,0,0.65452945,0.09638112783432007,1.0,0.9914555549621582
YDL084W,YPL050C,0,0.6479182,0.09637229889631271,1.0,0.9915561079978943
YMR146C,YOR297C,0,0.64657474,0.09636346995830536,1.0,0.9916566014289856
YDR064W,YDL208W,0,0.6401161,0.096354641020298,1.0,0.9917571544647217
YJR107W,YBR052C,0,0.62577665,0.09634581953287125,1.0,0.991857647895813
YOR219C,YML132W,0,0.62496305,0.09633699804544449,1.0,0.9919582009315491
YOR206W,YPR163C,0,0.6245792,0.09632817655801773,1.0,0.9920586943626404
YPR144C,YOR145C,0,0.60570693,0.09631935507059097,1.0,0.9921592473983765
YDL021W,YKL064W,0,0.605325,0.09631054103374481,1.0,0.9922597408294678
YNL110C,YBR031W,0,0.6048633,0.09630171954631805,1.0,0.9923602938652039
YLR197W,YNR021W,0,0.59712875,0.0962929055094719,1.0,0.9924607872962952
YJR036C,YIR039C,0,0.59572643,0.09628409147262573,1.0,0.9925613403320312
YGR081C,YML080W,0,0.5925771,0.09627528488636017,1.0,0.9926618337631226
YNR021W,YLR359W,0,0.5727079,0.09626647084951401,1.0,0.9927623867988586
YLL034C,YGR034W,0,0.5655372,0.09625766426324844,1.0,0.99286288022995
YNL131W,YNL307C,0,0.55865383,0.09624885767698288,1.0,0.992963433265686
YKL064W,YNR002C,0,0.55413127,0.09624005109071732,1.0,0.9930639266967773
YHR004C,YDR461W,0,0.536584,0.09623124450445175,1.0,0.9931644797325134
YEL012W,YGR255C,0,0.5316421,0.09622244536876678,1.0,0.9932649731636047
YGR112W,YLR270W,0,0.52917707,0.09621364623308182,1.0,0.9933655261993408
YDL107W,YMR114C,0,0.5191985,0.09620484709739685,1.0,0.9934660196304321
YDR454C,YGR034W,0,0.5141563,0.09619604796171188,1.0,0.9935665726661682
YER117W,YPL050C,0,0.49463204,0.09618725627660751,1.0,0.9936670660972595
YKR066C,YBR230C,0,0.48189062,0.09617845714092255,1.0,0.9937676191329956
YHR004C,YIR039C,0,0.47614643,0.09616966545581818,1.0,0.9938681125640869
YPL134C,YNR002C,0,0.46657392,0.0961608812212944,1.0,0.993968665599823
YJL141C,YGR268C,0,0.4455139,0.09615208953619003,1.0,0.9940691590309143
YPR137W,YMR229C,0,0.44450432,0.09614329785108566,1.0,0.9941697120666504
YBR031W,YNL182C,0,0.4293628,0.09613451361656189,1.0,0.9942702054977417
YBR031W,YDR496C,0,0.42023253,0.09612572938203812,1.0,0.994370698928833
YDR494W,YOR187W,0,0.41123122,0.09611694514751434,1.0,0.9944712519645691
YMR146C,YMR321C,0,0.40492764,0.09610816836357117,1.0,0.9945717453956604
YEL012W,YML132W,0,0.39386347,0.09609939157962799,1.0,0.9946722984313965
YKL124W,YBR026C,0,0.3884425,0.09609060734510422,1.0,0.9947727918624878
YJR070C,YER165W,0,0.37543243,0.09608183056116104,1.0,0.9948733448982239
YJR130C,YFL045C,0,0.37471357,0.09607306122779846,1.0,0.9949738383293152
YLR264W,YML056C,0,0.3719048,0.09606428444385529,1.0,0.9950743913650513
YBR155W,YPL093W,0,0.37162027,0.0960555151104927,1.0,0.9951748847961426
YMR146C,YOR206W,0,0.36844552,0.09604674577713013,1.0,0.9952754378318787
YPR187W,YPR080W,0,0.3553186,0.09603797644376755,1.0,0.99537593126297
YMR194W,YMR239C,0,0.33483356,0.09602920711040497,1.0,0.995476484298706
YGR264C,YNL182C,0,0.31145057,0.09602044522762299,1.0,0.9955769777297974
YMR123W,YLR197W,0,0.3096502,0.096011683344841,1.0,0.9956775307655334
YKL078W,YER165W,0,0.29157668,0.09600292146205902,1.0,0.9957780241966248
YBR238C,YNL182C,0,0.27062517,0.09599415957927704,1.0,0.9958785772323608
YDL021W,YIR038C,0,0.26295078,0.09598540514707565,1.0,0.9959790706634521
YMR123W,YLR285W,0,0.26063827,0.09597664326429367,1.0,0.9960796236991882
YGR177C,YPL093W,0,0.25405288,0.09596788883209229,1.0,0.9961801171302795
YBR031W,YKR026C,0,0.24811032,0.0959591343998909,1.0,0.9962806701660156
YMR315W,YKL007W,0,0.24591428,0.09595037996768951,1.0,0.9963811635971069
YKR057W,YBR271W,0,0.24348453,0.09594163298606873,1.0,0.996481716632843
YMR169C,YDR453C,0,0.24273764,0.09593288600444794,1.0,0.9965822100639343
YBR247C,YMR269W,0,0.22611795,0.09592413902282715,1.0,0.9966827630996704
YGL010W,YIR039C,0,0.22503307,0.09591539204120636,1.0,0.9967832565307617
YOR243C,YDL074C,0,0.21574832,0.09590664505958557,1.0,0.9968838095664978
YNL110C,YLR264W,0,0.20290141,0.09589790552854538,1.0,0.9969843029975891
YDL202W,YDR337W,0,0.1778833,0.09588916599750519,1.0,0.9970848560333252
YLL045C,YEL040W,0,0.1468383,0.095880426466465,1.0,0.9971853494644165
YDL202W,YOR232W,0,0.14627269,0.0958716869354248,1.0,0.9972859025001526
YOR310C,YGL103W,0,0.13122994,0.09586294740438461,1.0,0.9973863959312439
YMR146C,YOR212W,0,0.12185493,0.09585421532392502,1.0,0.99748694896698
YAR027W,YML132W,0,0.10740706,0.09584548324346542,1.0,0.9975874423980713
YLL008W,YLR325C,0,0.09989357,0.09583675116300583,1.0,0.9976879954338074
YIR039C,YIL042C,0,0.049665958,0.09582801908254623,1.0,0.9977884888648987
YBR052C,YAL017W,0,0.047811914,0.09581929445266724,1.0,0.9978890419006348
YPL131W,YGR285C,0,0.038299114,0.09581056237220764,1.0,0.9979895353317261
YIL020C,YPR190C,0,0.033043087,0.09580183774232864,1.0,0.9980900883674622
YLR197W,YNL010W,0,0.025913268,0.09579311311244965,1.0,0.9981905817985535
YOR243C,YPR187W,0,0.018803492,0.09578439593315125,1.0,0.9982911348342896
YGR052W,YJL141C,0,0.012150809,0.09577567130327225,1.0,0.9983916282653809
YJR070C,YLR325C,0,-0.0013092309,0.09576695412397385,1.0,0.9984921813011169
YDR512C,YKL103C,0,-0.02189231,0.09575823694467545,1.0,0.9985926747322083
YMR169C,YKL085W,0,-0.05707954,0.09574951976537704,1.0,0.9986932277679443
YOR145C,YPR137W,0,-0.058113575,0.09574081003665924,1.0,0.9987937211990356
YGR095C,YNL175C,0,-0.07134165,0.09573209285736084,1.0,0.9988942742347717
YMR123W,YPR163C,0,-0.072408944,0.09572338312864304,1.0,0.998994767665863
YMR146C,YNL302C,0,-0.10093936,0.09571467339992523,1.0,0.9990953207015991
YMR321C,YPL273W,0,-0.42774943,0.09570597112178802,1.0,0.9991958141326904
YOR168W,YDR496C,0,-0.4887376,0.09569726139307022,1.0,0.9992963671684265
YKL144C,YNL175C,0,-0.50872636,0.09568855911493301,1.0,0.9993968605995178
YOR287C,YOR168W,0,-0.59793615,0.0956798568367958,1.0,0.9994974136352539
YGL037C,YBR026C,0,-0.72532,0.0956711545586586,1.0,0.9995979070663452
YMR194W,YJL191W,0,-0.82311964,0.09566245228052139,1.0,0.9996984601020813
YER117W,YGL030W,0,-0.8579011,0.09565375745296478,1.0,0.9997989535331726
YGL037C,YPL087W,0,-0.874622,0.09564505517482758,1.0,0.9998995065689087
YDR083W,YNL110C,0,-0.9983454,0.09563636034727097,1.0,1.0
