Gene A,Gene B,Label,Score,Precision,Recall,False Positive Rate
YER012W,YER094C,1,-2.86179,1.0,0.0026455025654286146,0.0
YER012W,YJL001W,1,-2.9392977,1.0,0.005291005130857229,0.0
YER012W,YDR427W,1,-3.009351,1.0,0.007936508394777775,0.0
YCL052C,YGL004C,1,-3.0951288,1.0,0.010582010261714458,0.0
YCL052C,YJL001W,1,-3.1013954,1.0,0.013227513059973717,0.0
YDL147W,YDR177W,1,-3.1172812,1.0,0.01587301678955555,0.0
YER012W,YDL147W,1,-3.1531198,1.0,0.018518518656492233,0.0
YHL027W,YOR329C,0,-3.1603563,0.875,0.018518518656492233,0.00026455026818439364
YER094C,YDL147W,1,-3.1638827,0.8888888955116272,0.021164020523428917,0.00026455026818439364
YER143W,YCL052C,1,-3.1682975,0.8999999761581421,0.02380952425301075,0.00026455026818439364
YER012W,YDL097C,1,-3.1829386,0.9090909361839294,0.026455026119947433,0.00026455026818439364
YOR160W,YMR308C,0,-3.1835172,0.8333333134651184,0.026455026119947433,0.0005291005363687873
YJL165C,YLR369W,0,-3.1881797,0.7692307829856873,0.026455026119947433,0.0007936508045531809
YCL052C,YDR330W,1,-3.194197,0.7857142686843872,0.029100529849529266,0.0007936508045531809
YKL146W,YOR329C,0,-3.234502,0.7333333492279053,0.029100529849529266,0.0010582010727375746
YKL206C,YER012W,1,-3.235262,0.75,0.0317460335791111,0.0010582010727375746
YER094C,YDL097C,1,-3.2454798,0.7647058963775635,0.034391533583402634,0.0010582010727375746
YDL126C,YJL001W,1,-3.2465956,0.7777777910232544,0.03703703731298447,0.0010582010727375746
YPL228W,YNL229C,0,-3.2472308,0.7368420958518982,0.03703703731298447,0.0013227512827143073
YJL001W,YDL097C,1,-3.2478192,0.75,0.0396825410425663,0.0013227512827143073
YKL146W,YLR193C,0,-3.2545989,0.7142857313156128,0.0396825410425663,0.0015873016091063619
YAL007C,YGR063C,0,-3.2828355,0.6818181872367859,0.0396825410425663,0.0018518518190830946
YKL146W,YHR008C,0,-3.2851064,0.6521739363670349,0.0396825410425663,0.002116402145475149
YER143W,YJL001W,1,-3.287378,0.6666666865348816,0.042328041046857834,0.002116402145475149
YPR187W,YOR294W,0,-3.3040962,0.6399999856948853,0.042328041046857834,0.0023809524718672037
YDL126C,YKL034W,1,-3.325373,0.6538461446762085,0.04497354477643967,0.0023809524718672037
YLR324W,YHR161C,0,-3.3338013,0.6296296119689941,0.04497354477643967,0.0026455025654286146
YDL126C,YDL147W,1,-3.3490798,0.6428571343421936,0.0476190485060215,0.0026455025654286146
YLR304C,YBL045C,0,-3.3664336,0.6206896305084229,0.0476190485060215,0.002910052891820669
YJL001W,YER094C,1,-3.3681796,0.6333333253860474,0.050264548510313034,0.002910052891820669
YDR294C,YKL025C,0,-3.3756325,0.6129032373428345,0.050264548510313034,0.0031746032182127237
YKR029C,YLR396C,0,-3.383355,0.59375,0.050264548510313034,0.0034391535446047783
YLR191W,YKR029C,0,-3.3864372,0.5757575631141663,0.050264548510313034,0.003703703638166189
YKL206C,YDR427W,1,-3.3933604,0.5882353186607361,0.05291005223989487,0.003703703638166189
YPL266W,YNL244C,0,-3.3967943,0.5714285969734192,0.05291005223989487,0.003968254197388887
YIR025W,YGL004C,1,-3.402061,0.5833333134651184,0.0555555559694767,0.003968254197388887
YOR353C,YLR369W,0,-3.4113696,0.5675675868988037,0.0555555559694767,0.004232804290950298
YLR448W,YER087C-B,0,-3.4118664,0.5526315569877625,0.0555555559694767,0.004497354384511709
YLR131C,YMR032W,0,-3.4139206,0.5384615659713745,0.0555555559694767,0.004761904943734407
YIR004W,YJR144W,0,-3.4152799,0.5249999761581421,0.0555555559694767,0.005026455037295818
YJR121W,YJL166W,0,-3.4239824,0.5121951103210449,0.0555555559694767,0.005291005130857229
YOL013C,YCL052C,1,-3.425391,0.523809552192688,0.05820105969905853,0.005291005130857229
YOL013C,YDR330W,1,-3.4281898,0.5348837375640869,0.06084655970335007,0.005291005130857229
YOL133W,YDR330W,1,-3.4446428,0.5454545617103577,0.0634920671582222,0.005291005130857229
YCL039W,YBR214W,0,-3.446121,0.5333333611488342,0.0634920671582222,0.0055555556900799274
YDR440W,YJR043C,0,-3.4503005,0.52173912525177,0.0634920671582222,0.005820105783641338
YKR076W,YGR141W,0,-3.4533966,0.5106382966041565,0.0634920671582222,0.006084655877202749
YHL011C,YJR007W,0,-3.4667828,0.5,0.0634920671582222,0.0063492064364254475
YLR095C,YER008C,0,-3.4673684,0.4897959232330322,0.0634920671582222,0.006613756529986858
YHR008C,YCR073W-A,0,-3.4710329,0.47999998927116394,0.0634920671582222,0.006878307089209557
YER094C,YDR177W,1,-3.4735646,0.4901960790157318,0.06613756716251373,0.006878307089209557
YJR083C,YPL139C,0,-3.4739745,0.48076921701431274,0.06613756716251373,0.0071428571827709675
YOR294W,YDL201W,0,-3.478346,0.4716981053352356,0.06613756716251373,0.007407407276332378
YER143W,YDR330W,1,-3.4818227,0.48148149251937866,0.06878306716680527,0.007407407276332378
YOL133W,YJL001W,1,-3.485171,0.4909090995788574,0.0714285746216774,0.007407407276332378
YNL002C,YHR143W-A,0,-3.485771,0.4821428656578064,0.0714285746216774,0.007671957835555077
YDL132W,YDL147W,1,-3.4893484,0.4912280738353729,0.07407407462596893,0.007671957835555077
YAL035W,YJL029C,0,-3.4966624,0.48275861144065857,0.07407407462596893,0.007936508394777775
YER143W,YER094C,1,-3.5010743,0.49152541160583496,0.07671957463026047,0.007936508394777775
YCL052C,YDR427W,1,-3.508331,0.5,0.0793650820851326,0.007936508394777775
YMR316W,YJL036W,0,-3.5091422,0.49180328845977783,0.0793650820851326,0.008201058022677898
YJR057W,YNL206C,0,-3.513401,0.4838709533214569,0.0793650820851326,0.008465608581900597
YLR075W,YDR418W,0,-3.5169268,0.4761904776096344,0.0793650820851326,0.008730159141123295
YER143W,YDL097C,1,-3.517319,0.484375,0.08201058208942413,0.008730159141123295
YGL216W,YBR095C,0,-3.5212371,0.4769230782985687,0.08201058208942413,0.008994708769023418
YDR217C,YJL029C,0,-3.5226414,0.469696968793869,0.08201058208942413,0.009259259328246117
YCR057C,YKR081C,0,-3.5230453,0.46268656849861145,0.08201058208942413,0.009523809887468815
YER008C,YNL243W,0,-3.523503,0.45588234066963196,0.08201058208942413,0.009788359515368938
YKL206C,YDL097C,1,-3.5237083,0.4637681245803833,0.08465608209371567,0.009788359515368938
YLR102C,YCL052C,1,-3.5265532,0.4714285731315613,0.0873015895485878,0.009788359515368938
YPL050C,YFR005C,0,-3.5352046,0.4647887349128723,0.0873015895485878,0.010052910074591637
YDL175C,YJR064W,0,-3.5399048,0.4583333432674408,0.0873015895485878,0.010317460633814335
YKL017C,YML049C,0,-3.5421114,0.45205479860305786,0.0873015895485878,0.010582010261714458
YOR231W,YMR013C,0,-3.5434124,0.44594594836235046,0.0873015895485878,0.010846560820937157
YDL126C,YDL097C,1,-3.5493898,0.4533333480358124,0.08994708955287933,0.010846560820937157
YGL065C,YLR368W,0,-3.5498402,0.44736841320991516,0.08994708955287933,0.011111111380159855
YER143W,YER012W,1,-3.55221,0.4545454680919647,0.09259258955717087,0.011111111380159855
YNL048W,YOR326W,0,-3.5522785,0.44871795177459717,0.09259258955717087,0.011375661008059978
YPL228W,YGR005C,0,-3.5564077,0.4430379867553711,0.09259258955717087,0.011640211567282677
YDR168W,YNL106C,0,-3.5596404,0.4375,0.09259258955717087,0.011904762126505375
YPR105C,YPL145C,0,-3.5630996,0.43209877610206604,0.09259258955717087,0.012169311754405499
YCL052C,YML029W,1,-3.5643048,0.4390243887901306,0.095238097012043,0.012169311754405499
YER143W,YKL034W,1,-3.5647724,0.4457831382751465,0.09788359701633453,0.012169311754405499
YGR147C,YKL006C-A,0,-3.5649633,0.4404761791229248,0.09788359701633453,0.012433862313628197
YLR270W,YOR329C,0,-3.5652382,0.43529412150382996,0.09788359701633453,0.012698412872850895
YOL133W,YCL052C,1,-3.5654078,0.44186046719551086,0.10052909702062607,0.012698412872850895
YCL052C,YER012W,1,-3.5659611,0.4482758641242981,0.1031746044754982,0.012698412872850895
YIL085C,YDR310C,0,-3.5724905,0.4431818127632141,0.1031746044754982,0.012962962500751019
YOR144C,YBR073W,0,-3.573372,0.43820226192474365,0.1031746044754982,0.013227513059973717
YPL053C,YNL287W,0,-3.574079,0.4333333373069763,0.1031746044754982,0.013492063619196415
YDL126C,YER143W,1,-3.5783775,0.4395604431629181,0.10582010447978973,0.013492063619196415
YDR377W,YIL138C,0,-3.5838697,0.43478259444236755,0.10582010447978973,0.013756614178419113
YDR168W,YJL085W,0,-3.5847156,0.4301075339317322,0.10582010447978973,0.014021163806319237
YLR102C,YGL004C,1,-3.5863721,0.43617022037506104,0.10846561193466187,0.014021163806319237
YLR051C,YCL059C,0,-3.5865173,0.43157893419265747,0.10846561193466187,0.014285714365541935
YNL002C,YOR341W,0,-3.588369,0.4270833432674408,0.10846561193466187,0.014550264924764633
YMR119W,YJR131W,1,-3.590718,0.4329896867275238,0.1111111119389534,0.014550264924764633
YKL144C,YMR183C,0,-3.5922396,0.4285714328289032,0.1111111119389534,0.014814814552664757
YDR201W,YPL007C,0,-3.5928724,0.42424243688583374,0.1111111119389534,0.015079365111887455
YDL147W,YDL097C,1,-3.5958292,0.4300000071525574,0.11375661194324493,0.015079365111887455
YGL078C,YNL002C,0,-3.5977716,0.42574256658554077,0.11375661194324493,0.015343915671110153
YKL206C,YER094C,1,-3.5981293,0.4313725531101227,0.11640211939811707,0.015343915671110153
YLR115W,YHR023W,0,-3.598871,0.42718446254730225,0.11640211939811707,0.015608465299010277
YMR036C,YOR213C,0,-3.6015987,0.42307692766189575,0.11640211939811707,0.01587301678955555
YLR144C,YDR379W,0,-3.6021354,0.41904762387275696,0.11640211939811707,0.016137566417455673
YPL228W,YGL216W,0,-3.602264,0.4150943458080292,0.11640211939811707,0.016402116045355797
YNL219C,YKL042W,0,-3.602652,0.4112149477005005,0.11640211939811707,0.01666666753590107
YLR033W,YKR062W,0,-3.6105072,0.40740740299224854,0.11640211939811707,0.016931217163801193
YPL119C,YJL094C,0,-3.612744,0.40366971492767334,0.11640211939811707,0.017195766791701317
YHR081W,YOR095C,0,-3.6141543,0.4000000059604645,0.11640211939811707,0.01746031828224659
YOR026W,YPL139C,0,-3.6174605,0.3963963985443115,0.11640211939811707,0.017724867910146713
YOR094W,YPL050C,0,-3.622701,0.3928571343421936,0.11640211939811707,0.017989417538046837
YNL161W,YKR062W,0,-3.6259205,0.389380544424057,0.11640211939811707,0.01825396902859211
YHR187W,YPL112C,0,-3.626875,0.38596490025520325,0.11640211939811707,0.018518518656492233
YCR002C,YPL112C,0,-3.631444,0.38260868191719055,0.11640211939811707,0.018783068284392357
YIL110W,YDL148C,0,-3.6329117,0.37931033968925476,0.11640211939811707,0.01904761977493763
YER094C,YDR427W,1,-3.6332967,0.38461539149284363,0.1190476194024086,0.01904761977493763
YKR036C,YGR072W,0,-3.6335208,0.3813559412956238,0.1190476194024086,0.019312169402837753
YMR097C,YLL040C,0,-3.6347091,0.3781512677669525,0.1190476194024086,0.019576719030737877
YGL130W,YGR005C,0,-3.635029,0.375,0.1190476194024086,0.01984127052128315
YJR069C,YIL110W,0,-3.6367242,0.3719008266925812,0.1190476194024086,0.020105820149183273
YLR115W,YML049C,0,-3.6382585,0.3688524663448334,0.1190476194024086,0.020370369777083397
YIL040W,YBR153W,0,-3.6399956,0.3658536672592163,0.1190476194024086,0.02063492126762867
YDL126C,YDR427W,1,-3.6413682,0.3709677457809448,0.12169311940670013,0.02063492126762867
YKL206C,YKL034W,1,-3.6423898,0.37599998712539673,0.12433862686157227,0.02063492126762867
YMR219W,YER133W,0,-3.6428611,0.3730158805847168,0.12433862686157227,0.020899470895528793
YJL122W,YPR112C,0,-3.6459794,0.3700787425041199,0.12433862686157227,0.021164020523428917
YBR211C,YDR251W,0,-3.646431,0.3671875,0.12433862686157227,0.02142857201397419
YDL097C,YDR427W,1,-3.6489708,0.3720930218696594,0.1269841343164444,0.02142857201397419
YOR151C,YLR396C,0,-3.6543093,0.3692307770252228,0.1269841343164444,0.021693121641874313
YKL005C,YOR127W,0,-3.65482,0.3664122223854065,0.1269841343164444,0.021957671269774437
YDR235W,YMR236W,0,-3.6555607,0.3636363744735718,0.1269841343164444,0.02222222276031971
YJR121W,YPL048W,0,-3.657488,0.36090224981307983,0.1269841343164444,0.022486772388219833
YML058W,YER074W-A,0,-3.6574905,0.35820895433425903,0.1269841343164444,0.022751322016119957
YLR033W,YNL206C,0,-3.6585052,0.35555556416511536,0.1269841343164444,0.02301587350666523
YER094C,YGL004C,1,-3.6599114,0.3602941036224365,0.12962962687015533,0.02301587350666523
YLR186W,YNL119W,0,-3.6606896,0.35766422748565674,0.12962962687015533,0.023280423134565353
YNL003C,YLR006C,0,-3.6607873,0.3550724685192108,0.12962962687015533,0.023544972762465477
YNL068C,YFR005C,0,-3.6615489,0.3525179922580719,0.12962962687015533,0.02380952425301075
YER012W,YDR177W,1,-3.6698995,0.3571428656578064,0.13227513432502747,0.02380952425301075
YKL206C,YCL052C,1,-3.6715276,0.3617021143436432,0.1349206417798996,0.02380952425301075
YMR044W,YJR043C,0,-3.6727016,0.35915493965148926,0.1349206417798996,0.024074073880910873
YER129W,YLR396C,0,-3.6755993,0.35664334893226624,0.1349206417798996,0.024338623508810997
YJL001W,YDR427W,1,-3.675811,0.3611111044883728,0.13756613433361053,0.024338623508810997
YDL147W,YDR427W,1,-3.6776881,0.3655172288417816,0.14021164178848267,0.024338623508810997
YAL056W,YHR158C,0,-3.6797645,0.36301368474960327,0.14021164178848267,0.02460317499935627
YHR187W,YML097C,0,-3.6800206,0.36054420471191406,0.14021164178848267,0.024867724627256393
YDL126C,YCL052C,1,-3.6809163,0.36486485600471497,0.1428571492433548,0.024867724627256393
YIL153W,YDR088C,0,-3.681752,0.3624161183834076,0.1428571492433548,0.025132274255156517
YOR322C,YNL243W,0,-3.685661,0.36000001430511475,0.1428571492433548,0.02539682574570179
YGL223C,YKR062W,0,-3.6861432,0.3576158881187439,0.1428571492433548,0.025661375373601913
YGL130W,YCR052W,0,-3.6890867,0.3552631437778473,0.1428571492433548,0.025925925001502037
YPL125W,YPR164W,0,-3.690397,0.3529411852359772,0.1428571492433548,0.02619047649204731
YOR191W,YGL098W,0,-3.6904452,0.350649356842041,0.1428571492433548,0.026455026119947433
YMR044W,YKL042W,0,-3.693621,0.34838709235191345,0.1428571492433548,0.026719577610492706
YGL004C,YDR330W,1,-3.69424,0.35256409645080566,0.14550264179706573,0.026719577610492706
YNL048W,YPR051W,0,-3.6951764,0.35031846165657043,0.14550264179706573,0.02698412723839283
YDL126C,YOL013C,1,-3.6966107,0.3544303774833679,0.14814814925193787,0.02698412723839283
YNL219C,YIL014W,0,-3.6979806,0.3522012531757355,0.14814814925193787,0.027248676866292953
YDR179C,YDL002C,0,-3.69853,0.3499999940395355,0.14814814925193787,0.027513228356838226
YNL218W,YER129W,0,-3.7030373,0.3478260934352875,0.14814814925193787,0.02777777798473835
YDR314C,YLR396C,0,-3.7043521,0.34567901492118835,0.14814814925193787,0.028042327612638474
YGL187C,YDR342C,0,-3.7060897,0.34355828166007996,0.14814814925193787,0.028306879103183746
YOR249C,YCL052C,1,-3.7096639,0.34756097197532654,0.15079365670681,0.028306879103183746
YAL035W,YOR294W,0,-3.7101252,0.34545454382896423,0.15079365670681,0.02857142873108387
YHR023W,YKR037C,0,-3.7117586,0.34337350726127625,0.15079365670681,0.028835978358983994
YJR019C,YLL040C,0,-3.7124152,0.341317355632782,0.15079365670681,0.029100529849529266
YCL052C,YKL034W,1,-3.7160888,0.3452380895614624,0.15343914926052094,0.029100529849529266
YPL050C,YKL028W,0,-3.7168596,0.34319525957107544,0.15343914926052094,0.02936507947742939
YJR131W,YGL004C,1,-3.7187014,0.34705883264541626,0.15608465671539307,0.02936507947742939
YOR174W,YIL021W,0,-3.719549,0.34502923488616943,0.15608465671539307,0.029629629105329514
YJR121W,YPR019W,0,-3.7241611,0.34302327036857605,0.15608465671539307,0.029894180595874786
YBR077C,YKL042W,0,-3.7257786,0.3410404622554779,0.15608465671539307,0.03015873022377491
YJL099W,YPR105C,0,-3.725859,0.33908045291900635,0.15608465671539307,0.030423279851675034
YDL112W,YLR003C,0,-3.72606,0.33714285492897034,0.15608465671539307,0.030687831342220306
YER168C,YGL172W,0,-3.7265866,0.33522728085517883,0.15608465671539307,0.03095238097012043
YEL019C,YGR006W,0,-3.729056,0.3333333432674408,0.15608465671539307,0.031216930598020554
YGR147C,YIL118W,0,-3.730405,0.3314606845378876,0.15608465671539307,0.031481482088565826
YPR171W,YLR192C,0,-3.7306187,0.3296089470386505,0.15608465671539307,0.0317460335791111
YPL069C,YDR228C,0,-3.7315848,0.32777777314186096,0.15608465671539307,0.032010581344366074
YMR150C,YBR111W-A,0,-3.732658,0.32596686482429504,0.15608465671539307,0.032275132834911346
YKR083C,YDR183W,0,-3.733711,0.3241758346557617,0.15608465671539307,0.03253968432545662
YLR219W,YLR107W,0,-3.733729,0.3224043846130371,0.15608465671539307,0.032804232090711594
YLR033W,YBL061C,0,-3.7343163,0.32065218687057495,0.15608465671539307,0.033068783581256866
YML112W,YLR147C,0,-3.7356884,0.318918913602829,0.15608465671539307,0.03333333507180214
YMR288W,YIL118W,0,-3.735699,0.3172042965888977,0.15608465671539307,0.033597882837057114
YJL058C,YDR168W,0,-3.7405045,0.31550800800323486,0.15608465671539307,0.033862434327602386
YDR251W,YJL164C,0,-3.7427034,0.31382977962493896,0.15608465671539307,0.03412698581814766
YKR036C,YFR046C,0,-3.7430809,0.31216931343078613,0.15608465671539307,0.034391533583402634
YNL084C,YKR029C,0,-3.7466686,0.3105263113975525,0.15608465671539307,0.034656085073947906
YBR193C,YDR392W,0,-3.7486482,0.30890053510665894,0.15608465671539307,0.03492063656449318
YLR186W,YGR245C,0,-3.7488492,0.3072916567325592,0.15608465671539307,0.035185184329748154
YCL052C,YER094C,1,-3.7512968,0.3108808398246765,0.1587301641702652,0.035185184329748154
YCL052C,YDL097C,1,-3.7513664,0.3144329786300659,0.16137565672397614,0.035185184329748154
YAL056W,YHR186C,0,-3.7527382,0.31282052397727966,0.16137565672397614,0.035449735820293427
YKR029C,YDR334W,0,-3.7534165,0.31122449040412903,0.16137565672397614,0.0357142873108387
YNL084C,YPL249C,0,-3.7540023,0.3096446692943573,0.16137565672397614,0.035978835076093674
YKL053C-A,YIL039W,0,-3.7553127,0.3080808222293854,0.16137565672397614,0.03624338656663895
YIL051C,YNL287W,0,-3.7553468,0.3065326511859894,0.16137565672397614,0.03650793805718422
YER143W,YOL133W,1,-3.7556908,0.3100000023841858,0.16402116417884827,0.03650793805718422
YGR147C,YNL248C,0,-3.756774,0.30845770239830017,0.16402116417884827,0.036772485822439194
YJL001W,YDL147W,1,-3.7569973,0.3118811845779419,0.1666666716337204,0.036772485822439194
YGL065C,YPL139C,0,-3.7580726,0.3103448152542114,0.1666666716337204,0.03703703731298447
YNR033W,YMR097C,0,-3.762582,0.30882352590560913,0.1666666716337204,0.03730158880352974
YJL165C,YER162C,0,-3.7645009,0.3073170781135559,0.1666666716337204,0.037566136568784714
YPR023C,YJR019C,0,-3.7645664,0.30582523345947266,0.1666666716337204,0.03783068805932999
YGL223C,YER133W,0,-3.769044,0.30434781312942505,0.1666666716337204,0.03809523954987526
YLR305C,YPL007C,0,-3.7745924,0.30288460850715637,0.1666666716337204,0.038359787315130234
YPR105C,YIL149C,0,-3.7747355,0.3014354109764099,0.1666666716337204,0.03862433880567551
YNL243W,YLL040C,0,-3.7747557,0.30000001192092896,0.1666666716337204,0.03888889029622078
YKL144C,YDR083W,0,-3.7752285,0.2985782027244568,0.1666666716337204,0.039153438061475754
YOR078W,YHR196W,0,-3.7752492,0.2971698045730591,0.1666666716337204,0.03941798955202103
YBR065C,YKL032C,0,-3.7759392,0.2957746386528015,0.1666666716337204,0.0396825410425663
YNL084C,YBL105C,0,-3.7778754,0.29439252614974976,0.1666666716337204,0.039947088807821274
YJR083C,YJL140W,0,-3.7811508,0.2930232584476471,0.1666666716337204,0.04021164029836655
YLR342W,YER089C,0,-3.7821825,0.2916666567325592,0.1666666716337204,0.04047619178891182
YDR421W,YDR217C,0,-3.7854998,0.29032257199287415,0.1666666716337204,0.040740739554166794
YOL078W,YNL029C,0,-3.7857547,0.2889908254146576,0.1666666716337204,0.04100529104471207
YOL013C,YGL004C,1,-3.7860534,0.29223743081092834,0.16931216418743134,0.04100529104471207
YKL206C,YDR177W,1,-3.786372,0.2954545319080353,0.17195767164230347,0.04100529104471207
YKL005C,YNL025C,0,-3.7864869,0.29411765933036804,0.17195767164230347,0.04126984253525734
YKL146W,YKL032C,0,-3.7872841,0.29279279708862305,0.17195767164230347,0.041534390300512314
YHR191C,YGR241C,0,-3.7876885,0.29147982597351074,0.17195767164230347,0.04179894179105759
YOL071W,YDL106C,0,-3.7881153,0.2901785671710968,0.17195767164230347,0.04206349328160286
YOR026W,YHR205W,0,-3.7895741,0.2888889014720917,0.17195767164230347,0.042328041046857834
YKL005C,YLR035C,0,-3.7896876,0.28761062026023865,0.17195767164230347,0.04259259253740311
YMR036C,YDL043C,0,-3.789708,0.28634360432624817,0.17195767164230347,0.04285714402794838
YMR030W,YJL036W,0,-3.789763,0.2850877046585083,0.17195767164230347,0.043121691793203354
YGL004C,YLR417W,1,-3.7898076,0.28820961713790894,0.1746031790971756,0.043121691793203354
YOR085W,YDR392W,0,-3.7902715,0.2869565188884735,0.1746031790971756,0.04338624328374863
YLR102C,YDR427W,1,-3.7998805,0.29004329442977905,0.17724867165088654,0.04338624328374863
YDR224C,YOL111C,0,-3.8002517,0.2887931168079376,0.17724867165088654,0.0436507947742939
YJL125C,YCL059C,0,-3.8008263,0.2875536382198334,0.17724867165088654,0.043915342539548874
YJR090C,YLR417W,1,-3.8010547,0.2905983030796051,0.17989417910575867,0.043915342539548874
YGR147C,YKL144C,0,-3.8029711,0.28936171531677246,0.17989417910575867,0.04417989403009415
YBR077C,YLR006C,0,-3.8055556,0.2881355881690979,0.17989417910575867,0.04444444552063942
YDR345C,YHR072W-A,0,-3.8061626,0.28691983222961426,0.17989417910575867,0.044708993285894394
YPR111W,YLL013C,0,-3.8068535,0.2857142984867096,0.17989417910575867,0.04497354477643967
YFL029C,YOR329C,0,-3.8081539,0.284518837928772,0.17989417910575867,0.04523809626698494
YNL025C,YER074W-A,0,-3.808181,0.28333333134651184,0.17989417910575867,0.045502644032239914
YDR281C,YHR079C-A,0,-3.8084102,0.28215768933296204,0.17989417910575867,0.04576719552278519
YER168C,YLR396C,0,-3.808687,0.28099173307418823,0.17989417910575867,0.04603174701333046
YGL004C,YDL147W,1,-3.809145,0.2839506268501282,0.1825396865606308,0.04603174701333046
YIL085C,YHR072W-A,0,-3.8094132,0.28278687596321106,0.1825396865606308,0.046296294778585434
YBR105C,YPL087W,0,-3.8097658,0.281632661819458,0.1825396865606308,0.04656084626913071
YLR033W,YKR037C,0,-3.8103156,0.2804878056049347,0.1825396865606308,0.04682539775967598
YPR175W,YOL017W,0,-3.811854,0.27935221791267395,0.1825396865606308,0.047089945524930954
YJL125C,YKR028W,0,-3.8127677,0.2782258093357086,0.1825396865606308,0.04735449701547623
YNL127W,YJL100W,0,-3.8137348,0.27710843086242676,0.1825396865606308,0.0476190485060215
YMR316W,YAR031W,0,-3.8137543,0.2759999930858612,0.1825396865606308,0.047883596271276474
YOL005C,YOL142W,0,-3.8141215,0.2749004065990448,0.1825396865606308,0.04814814776182175
YML069W,YER087C-B,0,-3.8157382,0.2738095223903656,0.1825396865606308,0.04841269925236702
YKR036C,YML097C,0,-3.8157556,0.27272728085517883,0.1825396865606308,0.048677247017621994
YCL052C,YDR177W,1,-3.8162644,0.27559053897857666,0.18518517911434174,0.048677247017621994
YHR052W,YPL050C,0,-3.8177528,0.27450981736183167,0.18518517911434174,0.04894179850816727
YBR110W,YGL130W,0,-3.8179333,0.2734375,0.18518517911434174,0.04920634999871254
YDR009W,YMR150C,0,-3.818464,0.2723735272884369,0.18518517911434174,0.049470897763967514
YGR227W,YPR074C,0,-3.8196082,0.27131783962249756,0.18518517911434174,0.04973544925451279
YER044C,YER074W-A,0,-3.822601,0.2702702581882477,0.18518517911434174,0.05000000074505806
YOR173W,YKL026C,0,-3.8226793,0.26923078298568726,0.18518517911434174,0.050264548510313034
YGL058W,YDR400W,1,-3.8240612,0.27203065156936646,0.18783068656921387,0.050264548510313034
YLR102C,YER143W,1,-3.8242817,0.2748091518878937,0.190476194024086,0.050264548510313034
YBR214W,YGR197C,0,-3.8249807,0.2737642526626587,0.190476194024086,0.05052910000085831
YGL065C,YPR019W,0,-3.8289506,0.27272728085517883,0.190476194024086,0.05079365149140358
YDL132W,YDR330W,1,-3.8319988,0.27547168731689453,0.19312168657779694,0.05079365149140358
YOR326W,YER074W-A,0,-3.8325858,0.2744360864162445,0.19312168657779694,0.051058199256658554
YHR081W,YLR357W,0,-3.832783,0.2734082341194153,0.19312168657779694,0.05132275074720383
YMR277W,YBL105C,0,-3.8334293,0.2723880708217621,0.19312168657779694,0.0515873022377491
YOR002W,YMR150C,0,-3.8340166,0.27137547731399536,0.19312168657779694,0.051851850003004074
YGR280C,YDR165W,0,-3.8353064,0.27037036418914795,0.19312168657779694,0.05211640149354935
YIR004W,YGL068W,0,-3.8363068,0.26937270164489746,0.19312168657779694,0.05238095298409462
YPL125W,YNR052C,0,-3.838196,0.26838234066963196,0.19312168657779694,0.05264550447463989
YLR006C,YBR111W-A,0,-3.842779,0.26739928126335144,0.19312168657779694,0.05291005223989487
YOR388C,YBR223C,0,-3.8460557,0.2664233446121216,0.19312168657779694,0.05317460373044014
YLR368W,YER129W,0,-3.847968,0.2654545307159424,0.19312168657779694,0.05343915522098541
YJL085W,YPL125W,0,-3.8513439,0.2644927501678467,0.19312168657779694,0.05370370298624039
YGL058W,YDL147W,1,-3.8523364,0.2671480178833008,0.19576719403266907,0.05370370298624039
YGL130W,YGL142C,0,-3.854688,0.26618704199790955,0.19576719403266907,0.05396825447678566
YOR231W,YKL079W,0,-3.8547451,0.26523298025131226,0.19576719403266907,0.05423280596733093
YNR033W,YJL031C,0,-3.8548105,0.26428571343421936,0.19576719403266907,0.05449735373258591
YBR153W,YER074W-A,0,-3.8549628,0.2633451819419861,0.19576719403266907,0.05476190522313118
YER114C,YNL262W,0,-3.8555324,0.26241135597229004,0.19576719403266907,0.05502645671367645
YDR439W,YML097C,0,-3.855731,0.2614840865135193,0.19576719403266907,0.05529100447893143
YBR073W,YLR369W,0,-3.8561466,0.26056337356567383,0.19576719403266907,0.0555555559694767
YJR131W,YDL097C,1,-3.8565996,0.2631579041481018,0.1984127014875412,0.0555555559694767
YJL085W,YPR046W,0,-3.8566792,0.2622377574443817,0.1984127014875412,0.05582010746002197
YOR191W,YJL139C,0,-3.857633,0.26132404804229736,0.1984127014875412,0.05608465522527695
YOR249C,YLR102C,1,-3.8578382,0.2638888955116272,0.20105819404125214,0.05608465522527695
YOL078W,YCR018C,0,-3.8592465,0.2629757821559906,0.20105819404125214,0.05634920671582222
YMR025W,YMR139W,0,-3.8608608,0.2620689570903778,0.20105819404125214,0.05661375820636749
YJR083C,YMR013C,0,-3.8609042,0.26116839051246643,0.20105819404125214,0.05687830597162247
YDR228C,YBR077C,0,-3.8625188,0.2602739632129669,0.20105819404125214,0.05714285746216774
YOR040W,YNL333W,0,-3.862996,0.2593856751918793,0.20105819404125214,0.05740740895271301
YMR097C,YBR111W-A,0,-3.8630571,0.25850340723991394,0.20105819404125214,0.05767195671796799
YPL133C,YNL128W,0,-3.8636634,0.25762712955474854,0.20105819404125214,0.05793650820851326
YDR480W,YDL076C,0,-3.8660169,0.2567567527294159,0.20105819404125214,0.05820105969905853
YPR171W,YIR010W,0,-3.866902,0.25589224696159363,0.20105819404125214,0.05846560746431351
YAL007C,YOR127W,0,-3.8672895,0.25503355264663696,0.20105819404125214,0.05873015895485878
YJL085W,YGL254W,0,-3.867439,0.2541806101799011,0.20105819404125214,0.05899471044540405
YGL004C,YDR427W,1,-3.8675654,0.2566666603088379,0.20370370149612427,0.05899471044540405
YGR227W,YPL050C,0,-3.8680043,0.25581395626068115,0.20370370149612427,0.05925925821065903
YCL012W,YKL032C,0,-3.8680868,0.2549668848514557,0.20370370149612427,0.0595238097012043
YHL011C,YDL047W,0,-3.8683445,0.2541254162788391,0.20370370149612427,0.05978836119174957
YOR173W,YOL151W,0,-3.8701477,0.25328946113586426,0.20370370149612427,0.06005290895700455
YNL048W,YPL007C,0,-3.870557,0.25245901942253113,0.20370370149612427,0.06031746044754982
YNL119W,YOR243C,0,-3.8727005,0.25163400173187256,0.20370370149612427,0.06058201193809509
YPR019W,YNL106C,0,-3.8729746,0.2508143186569214,0.20370370149612427,0.06084655970335007
YDL126C,YER094C,1,-3.874102,0.2532467544078827,0.2063492089509964,0.06084655970335007
YJR083C,YPL151C,0,-3.875741,0.25242719054222107,0.2063492089509964,0.06111111119389534
YPR111W,YHR073W,0,-3.8759813,0.25161290168762207,0.2063492089509964,0.06137566268444061
YDR421W,YNL317W,0,-3.8761466,0.2508038580417633,0.2063492089509964,0.06164021044969559
YNL029C,YKL186C,0,-3.8763547,0.25,0.2063492089509964,0.06190476194024086
YMR036C,YNL329C,0,-3.8766167,0.24920128285884857,0.2063492089509964,0.06216931343078613
YNL262W,YKR062W,0,-3.8768773,0.24840764701366425,0.2063492089509964,0.06243386119604111
YNL161W,YDL043C,0,-3.8772497,0.24761904776096344,0.2063492089509964,0.06269841641187668
YNL117W,YHR139C,0,-3.8781757,0.24683544039726257,0.2063492089509964,0.06296296417713165
YKL053C-A,YLR069C,0,-3.879102,0.24605678021907806,0.2063492089509964,0.06322751194238663
YIR025W,YLR417W,1,-3.8793,0.24842767417430878,0.20899471640586853,0.06322751194238663
YLR192C,YKL110C,0,-3.8796475,0.2476489096879959,0.20899471640586853,0.0634920671582222
YLR102C,YDR330W,1,-3.8799744,0.25,0.21164020895957947,0.0634920671582222
YBR279W,YOR151C,0,-3.881223,0.24922119081020355,0.21164020895957947,0.06375661492347717
YJR069C,YJL143W,0,-3.8827813,0.2484472095966339,0.21164020895957947,0.06402116268873215
YMR025W,YLR191W,0,-3.883099,0.2476780116558075,0.21164020895957947,0.06428571790456772
YPL069C,YGL190C,0,-3.8839357,0.2469135820865631,0.21164020895957947,0.06455026566982269
YMR049C,YNL248C,0,-3.8848073,0.2461538463830948,0.21164020895957947,0.06481481343507767
YML036W,YPL254W,0,-3.8848574,0.24539877474308014,0.21164020895957947,0.06507936865091324
YAL020C,YHR073W,0,-3.886081,0.24464832246303558,0.21164020895957947,0.06534391641616821
YOL017W,YDR392W,0,-3.8865063,0.24390244483947754,0.21164020895957947,0.06560846418142319
YDR235W,YEL051W,0,-3.8866408,0.24316109716892242,0.21164020895957947,0.06587301939725876
YJR093C,YOR260W,0,-3.886645,0.24242424964904785,0.21164020895957947,0.06613756716251373
YDR188W,YFR046C,0,-3.889334,0.24169184267520905,0.21164020895957947,0.06640211492776871
YLR291C,YEL051W,0,-3.8897367,0.2409638613462448,0.21164020895957947,0.06666667014360428
YFR009W,YPL050C,0,-3.8924444,0.24024024605751038,0.21164020895957947,0.06693121790885925
YDL147W,YDR330W,1,-3.8932118,0.242514967918396,0.2142857164144516,0.06693121790885925
YDR385W,YGR185C,0,-3.8932722,0.2417910397052765,0.2142857164144516,0.06719576567411423
YGL004C,YDL097C,1,-3.893916,0.244047611951828,0.21693122386932373,0.06719576567411423
YIR010W,YAL032C,0,-3.894042,0.2433234453201294,0.21693122386932373,0.0674603208899498
YJR050W,YER008C,0,-3.896229,0.24260355532169342,0.21693122386932373,0.06772486865520477
YMR277W,YNL106C,0,-3.896671,0.2418879121541977,0.21693122386932373,0.06798941642045975
YOR243C,YLR075W,0,-3.8974726,0.24117647111415863,0.21693122386932373,0.06825397163629532
YPR199C,YOL146W,0,-3.897648,0.24046920239925385,0.21693122386932373,0.06851851940155029
YLR051C,YGR272C,0,-3.8994496,0.23976607620716095,0.21693122386932373,0.06878306716680527
YER178W,YPL106C,0,-3.8997192,0.23906706273555756,0.21693122386932373,0.06904762238264084
YNL048W,YGL098W,0,-3.9006631,0.2383720874786377,0.21693122386932373,0.06931217014789581
YOR160W,YLR033W,0,-3.900678,0.23768116533756256,0.21693122386932373,0.06957671791315079
YNL084C,YBR260C,0,-3.9010313,0.23699422180652618,0.21693122386932373,0.06984127312898636
YPL241C,YLR066W,0,-3.9022584,0.23631124198436737,0.21693122386932373,0.07010582089424133
YNL229C,YML076C,0,-3.9029057,0.23563218116760254,0.21693122386932373,0.07037036865949631
YKL206C,YJL001W,1,-3.9031942,0.23782235383987427,0.21957671642303467,0.07037036865949631
YOR026W,YML011C,0,-3.9037535,0.23714286088943481,0.21957671642303467,0.07063492387533188
YER162C,YDR289C,0,-3.9041739,0.23646724224090576,0.21957671642303467,0.07089947164058685
YDR427W,YDR177W,1,-3.9058673,0.23863635957241058,0.2222222238779068,0.07089947164058685
YPR111W,YGR047C,0,-3.9060876,0.2379603385925293,0.2222222238779068,0.07116401940584183
YMR119W,YML029W,1,-3.9062574,0.24011299014091492,0.22486773133277893,0.07116401940584183
YOR160W,YBR073W,0,-3.9066677,0.23943662643432617,0.22486773133277893,0.0714285746216774
YJR083C,YFR046C,0,-3.9088068,0.23876404762268066,0.22486773133277893,0.07169312238693237
YPL119C,YBR168W,0,-3.9091039,0.2380952388048172,0.22486773133277893,0.07195767015218735
YJR069C,YMR013C,0,-3.9112644,0.2374301701784134,0.22486773133277893,0.07222222536802292
YER068W,YDL043C,0,-3.9120808,0.23676879703998566,0.22486773133277893,0.0724867731332779
YFL035C,YDL201W,0,-3.914315,0.2361111044883728,0.22486773133277893,0.07275132089853287
YPL050C,YJL192C,0,-3.9156413,0.23545706272125244,0.22486773133277893,0.07301587611436844
YDL097C,YDR330W,1,-3.9160423,0.23756906390190125,0.22751322388648987,0.07301587611436844
YIR025W,YCL052C,1,-3.9160597,0.23966942727565765,0.230158731341362,0.07301587611436844
YOR002W,YAL002W,0,-3.9164197,0.2390109896659851,0.230158731341362,0.07328042387962341
YKL021C,YDR341C,0,-3.9167144,0.23835615813732147,0.230158731341362,0.07354497164487839
YHR072W-A,YKL051W,0,-3.9173048,0.23770491778850555,0.230158731341362,0.07380952686071396
YJR093C,YNL290W,0,-3.9177332,0.23705722391605377,0.230158731341362,0.07407407462596893
YJL085W,YJR132W,0,-3.9180155,0.23641304671764374,0.230158731341362,0.07433862239122391
YKL007W,YER169W,0,-3.9181616,0.23577235639095306,0.230158731341362,0.07460317760705948
YCR005C,YLR270W,0,-3.9200914,0.23513513803482056,0.230158731341362,0.07486772537231445
YMR033W,YNL021W,0,-3.921327,0.23450134694576263,0.230158731341362,0.07513227313756943
YDR052C,YMR288W,0,-3.9214346,0.2338709682226181,0.230158731341362,0.075396828353405
YDR518W,YKL200C,0,-3.9224687,0.23324397206306458,0.230158731341362,0.07566137611865997
YOL013C,YKL034W,1,-3.923441,0.23529411852359772,0.23280423879623413,0.07566137611865997
YOL013C,YER094C,1,-3.9244387,0.23733332753181458,0.23544973134994507,0.07566137611865997
YLR002C,YDR341C,0,-3.9251628,0.23670212924480438,0.23544973134994507,0.07592592388391495
YKL025C,YGL167C,0,-3.925504,0.2360742688179016,0.23544973134994507,0.07619047909975052
YDL126C,YDR330W,1,-3.9257863,0.2380952388048172,0.2380952388048172,0.07619047909975052
YCR057C,YDL109C,0,-3.9270308,0.23746702075004578,0.2380952388048172,0.0764550268650055
YOR032C,YER138C,0,-3.9277956,0.2368421107530594,0.2380952388048172,0.07671957463026047
YJR121W,YDL178W,0,-3.927993,0.23622047901153564,0.2380952388048172,0.07698412984609604
YPL228W,YDR346C,0,-3.9289598,0.23560209572315216,0.2380952388048172,0.07724867761135101
YCL012W,YAL023C,0,-3.9292169,0.23498694598674774,0.2380952388048172,0.07751322537660599
YBL040C,YOR231W,0,-3.9294875,0.234375,0.2380952388048172,0.07777778059244156
YOL133W,YDL097C,1,-3.929764,0.23636363446712494,0.24074074625968933,0.07777778059244156
YPL133C,YJL074C,0,-3.9299126,0.23575130105018616,0.24074074625968933,0.07804232835769653
YJR057W,YIR004W,0,-3.9308662,0.23514211177825928,0.24074074625968933,0.07830687612295151
YKL034W,YDR330W,1,-3.931463,0.23711340129375458,0.24338623881340027,0.07830687612295151
YFL035C-A,YMR005W,0,-3.9314969,0.23650385439395905,0.24338623881340027,0.07857143133878708
YMR025W,YDR322C-A,0,-3.9317253,0.23589743673801422,0.24338623881340027,0.07883597910404205
YAL035W,YLL004W,0,-3.931869,0.23529411852359772,0.24338623881340027,0.07910052686929703
YGR120C,YBL040C,0,-3.9320648,0.23469388484954834,0.24338623881340027,0.0793650820851326
YMR163C,YMR097C,0,-3.9335694,0.2340966910123825,0.24338623881340027,0.07962962985038757
YHR186C,YOR060C,0,-3.936673,0.23350253701210022,0.24338623881340027,0.07989417761564255
YGL180W,YHR205W,0,-3.9387536,0.2329113930463791,0.24338623881340027,0.08015873283147812
YDL097C,YML029W,1,-3.9407005,0.2348484843969345,0.2460317462682724,0.08015873283147812
YOL133W,YDL147W,1,-3.9407892,0.23677581548690796,0.24867725372314453,0.08015873283147812
YKL017C,YDR251W,0,-3.9413512,0.23618090152740479,0.24867725372314453,0.0804232805967331
YGL167C,YDR435C,0,-3.9419696,0.23558896780014038,0.24867725372314453,0.08068782836198807
YDR432W,YDL047W,0,-3.9429915,0.23499999940395355,0.24867725372314453,0.08095238357782364
YMR044W,YDR346C,0,-3.9437144,0.2344139665365219,0.24867725372314453,0.08121693134307861
YDR170C,YOL031C,0,-3.9440346,0.23383083939552307,0.24867725372314453,0.08148147910833359
YDL126C,YER012W,1,-3.944519,0.23573200404644012,0.25132274627685547,0.08148147910833359
YAL020C,YGL167C,0,-3.9460483,0.23514851927757263,0.25132274627685547,0.08174603432416916
YJL001W,YGL004C,1,-3.9462657,0.2370370328426361,0.2539682686328888,0.08174603432416916
YDR427W,YLR417W,1,-3.9472969,0.23891626298427582,0.25661376118659973,0.08174603432416916
YPL151C,YER129W,0,-3.9473865,0.2383292317390442,0.25661376118659973,0.08201058208942413
YIR010W,YKL032C,0,-3.9511073,0.23774509131908417,0.25661376118659973,0.08227512985467911
YER168C,YPL145C,0,-3.9519935,0.23716381192207336,0.25661376118659973,0.08253968507051468
YER094C,YLR417W,1,-3.9526916,0.23902438580989838,0.25925925374031067,0.08253968507051468
YDR206W,YFL035C-A,0,-3.9531827,0.2384428232908249,0.25925925374031067,0.08280423283576965
YLR102C,YOL133W,1,-3.9532897,0.2402912676334381,0.261904776096344,0.08280423283576965
YER114C,YLR369W,0,-3.9541514,0.23970943689346313,0.261904776096344,0.08306878060102463
YBR009C,YNL291C,0,-3.954681,0.239130437374115,0.261904776096344,0.0833333358168602
YBR215W,YNL107W,0,-3.9552372,0.2385542094707489,0.261904776096344,0.08359788358211517
YNL042W,YFL035C,0,-3.9559734,0.23798076808452606,0.261904776096344,0.08386243134737015
YPR082C,YKL144C,0,-3.9562876,0.2374100685119629,0.261904776096344,0.08412698656320572
YLR192C,YOR209C,0,-3.9575105,0.2368421107530594,0.261904776096344,0.0843915343284607
YDR385W,YDR341C,0,-3.9591582,0.23627685010433197,0.261904776096344,0.08465608209371567
YOL133W,YGL058W,1,-3.9593904,0.2380952388048172,0.26455026865005493,0.08465608209371567
YMR183C,YOR142W-B,0,-3.960076,0.2375296950340271,0.26455026865005493,0.08492063730955124
YNL206C,YDR227W,0,-3.9602048,0.2369668185710907,0.26455026865005493,0.08518518507480621
YER169W,YOR142W-B,0,-3.9603252,0.2364066243171692,0.26455026865005493,0.08544973284006119
YGR092W,YPR137C-B,0,-3.960549,0.2358490526676178,0.26455026865005493,0.08571428805589676
YLR410W-A,YOR192C-B,0,-3.9608507,0.23529411852359772,0.26455026865005493,0.08597883582115173
YOR329C,YAL002W,0,-3.9611814,0.23474177718162537,0.26455026865005493,0.08624338358640671
YBR012W-A,YOR142W-B,0,-3.9613378,0.23419204354286194,0.26455026865005493,0.08650793880224228
YGL068W,YNL310C,0,-3.9621785,0.23364485800266266,0.26455026865005493,0.08677248656749725
YGL004C,YKL034W,1,-3.9625306,0.2354312390089035,0.26719576120376587,0.08677248656749725
YDR176W,YHR119W,0,-3.963191,0.23488372564315796,0.26719576120376587,0.08703703433275223
YFL011W-A,YFL035C-A,0,-3.9633627,0.23433874547481537,0.26719576120376587,0.0873015895485878
YKR062W,YJL114W,0,-3.9642048,0.23379629850387573,0.26719576120376587,0.08756613731384277
YDR188W,YDL046W,0,-3.9644988,0.23325635492801666,0.26719576120376587,0.08783068507909775
YMR061W,YLR022C,0,-3.9650464,0.23271889984607697,0.26719576120376587,0.08809524029493332
YGL004C,YDR177W,1,-3.9666793,0.2344827651977539,0.2698412835597992,0.08809524029493332
YPL018W,YER074W-A,0,-3.9667394,0.23394495248794556,0.2698412835597992,0.0883597880601883
YFL029C,YDR096W,0,-3.9669235,0.23340961337089539,0.2698412835597992,0.08862433582544327
YDL175C,YDR098C-B,0,-3.9670715,0.232876718044281,0.2698412835597992,0.08888889104127884
YOR160W,YGR272C,0,-3.9671826,0.23234623670578003,0.2698412835597992,0.08915343880653381
YGL180W,YOL071W,0,-3.9674842,0.23181818425655365,0.2698412835597992,0.08941798657178879
YKL005C,YKL200C,0,-3.9677174,0.2312925159931183,0.2698412835597992,0.08968254178762436
YER178W,YML025C,0,-3.9678705,0.23076923191547394,0.2698412835597992,0.08994708955287933
YIL085C,YPR110C,0,-3.967953,0.23024830222129822,0.2698412835597992,0.09021163731813431
YER089C,YDR341C,0,-3.9695714,0.22972972691059113,0.2698412835597992,0.09047619253396988
YIL084C,YER074W-A,0,-3.9696112,0.22921347618103027,0.2698412835597992,0.09074074029922485
YOL133W,YER012W,1,-3.9696774,0.23094169795513153,0.27248677611351013,0.09074074029922485
YPR175W,YDR499W,0,-3.9699032,0.23042505979537964,0.27248677611351013,0.09100528806447983
YER012W,YLR417W,1,-3.9700246,0.2321428507566452,0.27513226866722107,0.09100528806447983
YGL142C,YKR062W,0,-3.9705467,0.23162584006786346,0.27513226866722107,0.0912698432803154
YGR284C,YNL263C,0,-3.9705904,0.23111110925674438,0.27513226866722107,0.09153439104557037
YFL011W-A,YER174C,0,-3.9710267,0.23059867322444916,0.27513226866722107,0.09179893881082535
YIR004W,YOL146W,0,-3.9713118,0.2300885021686554,0.27513226866722107,0.09206349402666092
YJR043C,YHR119W,0,-3.9714727,0.2295805811882019,0.27513226866722107,0.0923280417919159
YLR102C,YIR025W,1,-3.9715917,0.23127754032611847,0.2777777910232544,0.0923280417919159
YML047C,YDR210W-B,0,-3.971686,0.23076923191547394,0.2777777910232544,0.09259258955717087
YLR391W-A,YBR077C,0,-3.9723718,0.23026315867900848,0.2777777910232544,0.09285714477300644
YPR193C,YLR410W-A,0,-3.9730737,0.2297593057155609,0.2777777910232544,0.09312169253826141
YJR139C,YDR225W,0,-3.9731152,0.22925764322280884,0.2777777910232544,0.09338624030351639
YKL034W,YML029W,1,-3.973266,0.23093682527542114,0.28042328357696533,0.09338624030351639
YLR329W,YER087C-B,0,-3.9733508,0.23043477535247803,0.28042328357696533,0.09365079551935196
YBL022C,YOR088W,0,-3.973687,0.2299349308013916,0.28042328357696533,0.09391534328460693
YHR072W-A,YGR178C,0,-3.9741328,0.2294372320175171,0.28042328357696533,0.09417989104986191
YGL058W,YDR427W,1,-3.9745936,0.23110151290893555,0.28306877613067627,0.09417989104986191
YJR121W,YJL186W,0,-3.9746468,0.2306034415960312,0.28306877613067627,0.09444444626569748
YDR156W,YDR341C,0,-3.9758399,0.23010753095149994,0.28306877613067627,0.09470899403095245
YFL011W-A,YEL030W,0,-3.9763505,0.22961373627185822,0.28306877613067627,0.09497354179620743
YFL035C,YBR188C,0,-3.9767406,0.22912205755710602,0.28306877613067627,0.095238097012043
YHR150W,YOR049C,0,-3.9771934,0.22863247990608215,0.28306877613067627,0.09550264477729797
YDL132W,YER143W,1,-3.9776857,0.2302771806716919,0.2857142984867096,0.09550264477729797
YFL011W-A,YBR213W,0,-3.9778697,0.22978723049163818,0.2857142984867096,0.09576719254255295
YCR002C,YBL040C,0,-3.9779923,0.2292993664741516,0.2857142984867096,0.09603174775838852
YML086C,YJL093C,0,-3.9794357,0.2288135588169098,0.2857142984867096,0.0962962955236435
YDL043C,YIR026C,0,-3.9796555,0.22832980751991272,0.2857142984867096,0.09656084328889847
YJL001W,YDR330W,1,-3.9797156,0.22995780408382416,0.28835979104042053,0.09656084328889847
YDL207W,YDR098C-B,0,-3.9798856,0.22947368025779724,0.28835979104042053,0.09682539850473404
YGL068W,YLR227W-A,0,-3.980079,0.22899159789085388,0.28835979104042053,0.09708994626998901
YOR032C,YJL114W,0,-3.9806156,0.2285115271806717,0.28835979104042053,0.09735449403524399
YKL120W,YKR028W,0,-3.980932,0.22803346812725067,0.28835979104042053,0.09761904925107956
YOL142W,YDR240C,0,-3.9810255,0.22755740582942963,0.28835979104042053,0.09788359701633453
YOL013C,YDL097C,1,-3.9813726,0.2291666716337204,0.29100528359413147,0.09788359701633453
YBR077C,YNL263C,0,-3.9817054,0.2286902219057083,0.29100528359413147,0.09814814478158951
YGL058W,YDL097C,1,-3.9819434,0.2302904576063156,0.2936508059501648,0.09814814478158951
YHR164C,YJR093C,0,-3.9820318,0.22981366515159607,0.2936508059501648,0.09841269999742508
YCL052C,YDL147W,1,-3.982038,0.23140496015548706,0.29629629850387573,0.09841269999742508
YER155C,YNL325C,0,-3.9820504,0.23092783987522125,0.29629629850387573,0.09867724776268005
YLR186W,YLR227W-A,0,-3.9823809,0.23045267164707184,0.29629629850387573,0.09894179552793503
YOR249C,YGL004C,1,-3.9823873,0.23203285038471222,0.29894179105758667,0.09894179552793503
YOL013C,YOL133W,1,-3.9828124,0.23360656201839447,0.30158731341362,0.09894179552793503
YGL194C,YFL035C,0,-3.9836576,0.23312883079051971,0.30158731341362,0.0992063507437706
YKR055W,YDR365W-B,0,-3.9843414,0.23265306651592255,0.30158731341362,0.09947089850902557
YGL216W,YML049C,0,-3.9862225,0.23217922449111938,0.30158731341362,0.09973544627428055
YOR249C,YDL147W,1,-3.986278,0.23373983800411224,0.30423280596733093,0.09973544627428055
YKL017C,YGR038C-A,0,-3.9863155,0.2332657128572464,0.30423280596733093,0.10000000149011612
YER008C,YDL015C,0,-3.9869802,0.23279352486133575,0.30423280596733093,0.1002645492553711
YAL023C,YLR066W,0,-3.9871233,0.23232322931289673,0.30423280596733093,0.10052909702062607
YER143W,YDR427W,1,-3.988692,0.2338709682226181,0.30687829852104187,0.10052909702062607
YJL165C,YHR186C,0,-3.9890385,0.2334004044532776,0.30687829852104187,0.10079365223646164
YBR215W,YNL229C,0,-3.9892094,0.2329317331314087,0.30687829852104187,0.10105820000171661
YGL180W,YPR137C-B,0,-3.989372,0.23246492445468903,0.30687829852104187,0.10132274776697159
YPL248C,YMR036C,0,-3.990192,0.23199999332427979,0.30687829852104187,0.10158730298280716
YKL200C,YHR139C,0,-3.9916558,0.23153692483901978,0.30687829852104187,0.10185185074806213
YPL106C,YHR039C-B,0,-3.9916594,0.2310757040977478,0.30687829852104187,0.10211639851331711
YNL291C,YFL034C-B,0,-3.991873,0.23061630129814148,0.30687829852104187,0.10238095372915268
YJR064W,YDR227W,0,-3.9920678,0.230158731341362,0.30687829852104187,0.10264550149440765
YMR032W,YIL039W,0,-3.992099,0.22970296442508698,0.30687829852104187,0.10291004925966263
YGR163W,YHR178W,0,-3.992534,0.2292490154504776,0.30687829852104187,0.1031746044754982
YKL200C,YDR456W,0,-3.9929404,0.2287968397140503,0.30687829852104187,0.10343915224075317
YMR061W,YAL047C,0,-3.994085,0.22834645211696625,0.30687829852104187,0.10370370000600815
YOR031W,YDR365W-B,0,-3.99542,0.22789783775806427,0.30687829852104187,0.10396825522184372
YIR025W,YGL058W,1,-3.995519,0.2294117659330368,0.3095238208770752,0.10396825522184372
YGL130W,YPR141C,0,-3.9959173,0.22896282374858856,0.3095238208770752,0.1042328029870987
YDR022C,YGR006W,0,-3.996752,0.228515625,0.3095238208770752,0.10449735820293427
YHR052W,YGR038C-A,0,-3.9971766,0.22807016968727112,0.3095238208770752,0.10476190596818924
YPL240C,YPL257W-B,0,-3.9978848,0.22762645781040192,0.3095238208770752,0.10502645373344421
YHR059W,YML059C,0,-3.998677,0.22718445956707,0.3095238208770752,0.10529100894927979
YGR147C,YPR055W,0,-3.9987752,0.22674418985843658,0.3095238208770752,0.10555555671453476
YDL076C,YPR055W,0,-3.9989712,0.22630560398101807,0.3095238208770752,0.10582010447978973
YDR420W,YOL156W,0,-3.999497,0.22586873173713684,0.3095238208770752,0.1060846596956253
YMR277W,YJL029C,0,-4.000061,0.22543352842330933,0.3095238208770752,0.10634920746088028
YGL130W,YGR272C,0,-4.000662,0.22499999403953552,0.3095238208770752,0.10661375522613525
YPR164W,YOL128C,0,-4.000689,0.22456814348697662,0.3095238208770752,0.10687831044197083
YGL142C,YDR365W-B,0,-4.0011573,0.22413793206214905,0.3095238208770752,0.1071428582072258
YLL001W,YER087C-B,0,-4.001249,0.223709374666214,0.3095238208770752,0.10740740597248077
YGR097W,YBR256C,0,-4.001394,0.22328244149684906,0.3095238208770752,0.10767196118831635
YJR121W,YBR223C,0,-4.0016613,0.22285714745521545,0.3095238208770752,0.10793650895357132
YOR250C,YBL005W-A,0,-4.0023804,0.22243346273899078,0.3095238208770752,0.1082010567188263
YOL013C,YML029W,1,-4.003227,0.2239089161157608,0.31216931343078613,0.1082010567188263
YPR164W,YML049C,0,-4.0035677,0.2234848439693451,0.31216931343078613,0.10846561193466187
YPR105C,YIL022W,0,-4.003588,0.22306238114833832,0.31216931343078613,0.10873015969991684
YAL023C,YNL287W,0,-4.004148,0.22264151275157928,0.31216931343078613,0.10899470746517181
YJL203W,YOR192C-A,0,-4.0046515,0.2222222238779068,0.31216931343078613,0.10925926268100739
YPL169C,YIL147C,0,-4.0046864,0.22180451452732086,0.31216931343078613,0.10952381044626236
YHL028W,YDR098C-B,0,-4.0048895,0.22138836979866028,0.31216931343078613,0.10978835821151733
YGL240W,YGL004C,1,-4.004959,0.22284644842147827,0.31481480598449707,0.10978835821151733
YOL102C,YGR161C-C,0,-4.0049686,0.22242990136146545,0.31481480598449707,0.1100529134273529
YJL203W,YDL064W,0,-4.005836,0.222014918923378,0.31481480598449707,0.11031746119260788
YEL029C,YEL027W,0,-4.0059137,0.2216014862060547,0.31481480598449707,0.11058200895786285
YGR289C,YLR227W-A,0,-4.00733,0.22118958830833435,0.31481480598449707,0.11084656417369843
YOL133W,YER094C,1,-4.0079064,0.22263450920581818,0.3174603283405304,0.11084656417369843
YHR150W,YGR109W-A,0,-4.008733,0.2222222238779068,0.3174603283405304,0.1111111119389534
YOL111C,YML059C,0,-4.0093513,0.2218114584684372,0.3174603283405304,0.11137565970420837
YGL016W,YDL064W,0,-4.009409,0.22140221297740936,0.3174603283405304,0.11164021492004395
YJL165C,YOR209C,0,-4.009832,0.2209944725036621,0.3174603283405304,0.11190476268529892
YNR019W,YDR098C-B,0,-4.0101395,0.22058823704719543,0.3174603283405304,0.1121693104505539
YJL099W,YML112W,0,-4.010947,0.22018349170684814,0.3174603283405304,0.11243386566638947
YGL004C,YDR400W,1,-4.0110664,0.22161172330379486,0.32010582089424133,0.11243386566638947
YNR033W,YGR241C,0,-4.0112157,0.22120657563209534,0.32010582089424133,0.11269841343164444
YDR173C,YDR176W,0,-4.011273,0.2208029180765152,0.32010582089424133,0.11296296119689941
YDR083W,YGR272C,0,-4.011748,0.22040073573589325,0.32010582089424133,0.11322751641273499
YFL011W-A,YOL078W,0,-4.0119767,0.2199999988079071,0.32010582089424133,0.11349206417798996
YDL132W,YCL052C,1,-4.0120516,0.22141560912132263,0.32275131344795227,0.11349206417798996
YLR372W,YHR039C-B,0,-4.0129304,0.22101449966430664,0.32275131344795227,0.11375661194324493
YDL132W,YDR177W,1,-4.013333,0.22242315113544464,0.3253968358039856,0.11375661194324493
YKL206C,YML029W,1,-4.0142174,0.22382672131061554,0.32804232835769653,0.11375661194324493
YDR318W,YOR266W,0,-4.0142765,0.22342342138290405,0.32804232835769653,0.1140211671590805
YMR150C,YPR002W,0,-4.014346,0.22302158176898956,0.32804232835769653,0.11428571492433548
YML049C,YOR162C,0,-4.015105,0.22262118756771088,0.32804232835769653,0.11455026268959045
YJL093C,YDR365W-B,0,-4.015438,0.2222222238779068,0.32804232835769653,0.11481481790542603
YHR007C,YDR316W-B,0,-4.015438,0.22182469069957733,0.32804232835769653,0.115079365670681
YPR199C,YGR120C,0,-4.015494,0.22142857313156128,0.32804232835769653,0.11534391343593597
YLR148W,YGR038C-A,0,-4.0159974,0.22103387117385864,0.32804232835769653,0.11560846865177155
YDR022C,YLR369W,0,-4.0160174,0.22064056992530823,0.32804232835769653,0.11587301641702652
YML123C,YGR038C-A,0,-4.016408,0.22024866938591003,0.32804232835769653,0.1161375641822815
YPR112C,YGR063C,0,-4.01684,0.21985815465450287,0.32804232835769653,0.11640211939811707
YNL021W,YOR191W,0,-4.0183177,0.21946902573108673,0.32804232835769653,0.11666666716337204
YER138C,YLR410W-A,0,-4.0184307,0.21908126771450043,0.32804232835769653,0.11693121492862701
YDL002C,YDR210W-A,0,-4.0185146,0.21869488060474396,0.32804232835769653,0.11719577014446259
YJL122W,YFL035C-A,0,-4.018616,0.21830986440181732,0.32804232835769653,0.11746031790971756
YPR082C,YML011C,0,-4.0188937,0.21792618930339813,0.32804232835769653,0.11772486567497253
YHR191C,YDR379W,0,-4.0189033,0.2175438553094864,0.32804232835769653,0.1179894208908081
YLR102C,YJL001W,1,-4.019385,0.2189141809940338,0.33068782091140747,0.1179894208908081
YKR076W,YOR192C-B,0,-4.019961,0.21853147447109222,0.33068782091140747,0.11825396865606308
YPL228W,YDR251W,0,-4.0199676,0.2181500941514969,0.33068782091140747,0.11851851642131805
YMR119W,YOL013C,1,-4.019972,0.2195121943950653,0.3333333432674408,0.11851851642131805
YBR211C,YKR029C,0,-4.021576,0.21913044154644012,0.3333333432674408,0.11878307163715363
YKR028W,YJL093C,0,-4.0216093,0.21875,0.3333333432674408,0.1190476194024086
YGL216W,YCR061W,0,-4.0223746,0.21837088465690613,0.3333333432674408,0.11931216716766357
YDR330W,YML029W,1,-4.0227466,0.219723179936409,0.33597883582115173,0.11931216716766357
YOR249C,YDR177W,1,-4.0231204,0.2210708111524582,0.33862432837486267,0.11931216716766357
YLR192C,YFL035C-A,0,-4.023228,0.22068965435028076,0.33862432837486267,0.11957672238349915
YLR141W,YLR066W,0,-4.023362,0.2203098088502884,0.33862432837486267,0.11984127014875412
YPL249C,YGR044C,0,-4.023891,0.21993127465248108,0.33862432837486267,0.1201058179140091
YLR391W-A,YPR105C,0,-4.0241723,0.21955403685569763,0.33862432837486267,0.12037037312984467
YJL094C,YNL312W,0,-4.0242286,0.21917808055877686,0.33862432837486267,0.12063492089509964
YPR187W,YHR039C-B,0,-4.025108,0.21880342066287994,0.33862432837486267,0.12089946866035461
YNL084C,YAL047C,0,-4.025169,0.2184300273656845,0.33862432837486267,0.12116402387619019
YPL267W,YKL186C,0,-4.0252166,0.21805791556835175,0.33862432837486267,0.12142857164144516
YLR391W-A,YMR168C,0,-4.0254674,0.21768707036972046,0.33862432837486267,0.12169311940670013
YER143W,YOL013C,1,-4.025689,0.21901528537273407,0.341269850730896,0.12169311940670013
YJL001W,YML029W,1,-4.0258765,0.22033898532390594,0.34391534328460693,0.12169311940670013
YLR275W,YOR192C-B,0,-4.026591,0.21996615827083588,0.34391534328460693,0.1219576746225357
YDR263C,YGR161C-C,0,-4.0284014,0.21959459781646729,0.34391534328460693,0.12222222238779068
YDL178W,YHR039C-B,0,-4.0285177,0.21922428905963898,0.34391534328460693,0.12248677015304565
YLR391W-A,YMR078C,0,-4.029167,0.21885521709918976,0.34391534328460693,0.12275132536888123
YKL042W,YOR192C-B,0,-4.0292344,0.21848739683628082,0.34391534328460693,0.1230158731341362
YKR063C,YMR183C,0,-4.0293517,0.21812079846858978,0.34391534328460693,0.12328042089939117
YJL031C,YIL098C,0,-4.029531,0.21775543689727783,0.34391534328460693,0.12354497611522675
YML006C,YOR106W,0,-4.029632,0.21739129722118378,0.34391534328460693,0.12380952388048172
YPL116W,YOR191W,0,-4.029854,0.21702837944030762,0.34391534328460693,0.1240740716457367
YDR126W,YGR038C-B,0,-4.02989,0.21666666865348816,0.34391534328460693,0.12433862686157227
YGR227W,YGR077C,0,-4.0303473,0.2163061499595642,0.34391534328460693,0.12460317462682724
YLR391W-A,YNL218W,0,-4.0310955,0.21594683825969696,0.34391534328460693,0.12486772239208221
YJL085W,YCR089W,0,-4.0324335,0.21558871865272522,0.34391534328460693,0.12513227760791779
YJR139C,YGR109W-A,0,-4.0324945,0.215231791138649,0.34391534328460693,0.12539683282375336
YPR023C,YMR100W,0,-4.032979,0.21487602591514587,0.34391534328460693,0.12566137313842773
YCR028C-A,YDR478W,0,-4.033271,0.21452145278453827,0.34391534328460693,0.1259259283542633
YCL012W,YBR026C,0,-4.0334926,0.21416804194450378,0.34391534328460693,0.12619048357009888
YBL005W-A,YDR365W-B,0,-4.0344,0.21381579339504242,0.34391534328460693,0.12645502388477325
YHR186C,YGR109W-A,0,-4.0344296,0.21346469223499298,0.34391534328460693,0.12671957910060883
YGR044C,YOR192C-B,0,-4.0351167,0.21311475336551666,0.34391534328460693,0.1269841343164444
YCR089W,YDR210W-B,0,-4.0353346,0.21276596188545227,0.34391534328460693,0.12724867463111877
YIL149C,YBR279W,0,-4.0357447,0.2124183028936386,0.34391534328460693,0.12751322984695435
YPR171W,YBR009C,0,-4.0357504,0.21207177639007568,0.34391534328460693,0.12777778506278992
YEL029C,YGR272C,0,-4.0364785,0.2117263823747635,0.34391534328460693,0.1280423253774643
YMR275C,YOR162C,0,-4.036613,0.21138212084770203,0.34391534328460693,0.12830688059329987
YIR013C,YGR059W,0,-4.036669,0.2110389620065689,0.34391534328460693,0.12857143580913544
YDR240C,YDR392W,0,-4.0374937,0.21069692075252533,0.34391534328460693,0.12883597612380981
YPR075C,YGR161C-D,0,-4.03767,0.2103559821844101,0.34391534328460693,0.12910053133964539
YOR319W,YPL145C,0,-4.038216,0.2100161612033844,0.34391534328460693,0.12936508655548096
YLR102C,YOL013C,1,-4.038426,0.21129032969474792,0.34656083583831787,0.12936508655548096
YPR105C,YPL040C,0,-4.0384493,0.2109500765800476,0.34656083583831787,0.12962962687015533
YDL137W,YER030W,0,-4.0390353,0.21061092615127563,0.34656083583831787,0.1298941820859909
YDL126C,YGL004C,1,-4.0401015,0.21187801659107208,0.3492063581943512,0.1298941820859909
YNR033W,YER087C-B,0,-4.0402827,0.21153846383094788,0.3492063581943512,0.13015873730182648
YOR377W,YGR272C,0,-4.0408287,0.21119999885559082,0.3492063581943512,0.13042327761650085
YOL151W,YGR038C-B,0,-4.041163,0.21086262166500092,0.3492063581943512,0.13068783283233643
YDR499W,YGR038C-B,0,-4.041586,0.21052631735801697,0.3492063581943512,0.130952388048172
YML059C,YBR153W,0,-4.0417895,0.21019108593463898,0.3492063581943512,0.13121692836284637
YDR040C,YDR210W-A,0,-4.0419793,0.20985691249370575,0.3492063581943512,0.13148148357868195
YIR004W,YDR365W-B,0,-4.0421934,0.20952381193637848,0.3492063581943512,0.13174603879451752
YCL029C,YBR256C,0,-4.0424995,0.20919175446033478,0.3492063581943512,0.1320105791091919
YFR009W,YBL023C,0,-4.0425334,0.20886075496673584,0.3492063581943512,0.13227513432502747
YBR156C,YGR038C-A,0,-4.042677,0.20853079855442047,0.3492063581943512,0.13253968954086304
YOL133W,YKL034W,1,-4.042746,0.20977917313575745,0.35185185074806213,0.13253968954086304
YER108C,YLR059C,0,-4.042967,0.20944881439208984,0.35185185074806213,0.13280422985553741
YGR038C-A,YLR227W-A,0,-4.0435157,0.2091194987297058,0.35185185074806213,0.13306878507137299
YBR009C,YBL061C,0,-4.043545,0.20879121124744415,0.35185185074806213,0.13333334028720856
YOR094W,YPR112C,0,-4.0436225,0.20846395194530487,0.35185185074806213,0.13359788060188293
YDL002C,YDR341C,0,-4.0439334,0.20813772082328796,0.35185185074806213,0.1338624358177185
YFL011W-A,YCR089W,0,-4.0441794,0.20781250298023224,0.35185185074806213,0.13412699103355408
YNL139C,YPL087W,0,-4.044455,0.2074882984161377,0.35185185074806213,0.13439153134822845
YPR171W,YNL291C,0,-4.044625,0.20716510713100433,0.35185185074806213,0.13465608656406403
YDR009W,YDR365W-B,0,-4.044738,0.20684292912483215,0.35185185074806213,0.1349206417798996
YMR288W,YBL022C,0,-4.0456963,0.20652173459529877,0.35185185074806213,0.13518518209457397
YOR026W,YPR019W,0,-4.0457425,0.20620155334472656,0.35185185074806213,0.13544973731040955
YHR030C,YIL138C,0,-4.045956,0.20588235557079315,0.35185185074806213,0.13571429252624512
YJL058C,YBL040C,0,-4.0461755,0.20556414127349854,0.35185185074806213,0.1359788328409195
YNL328C,YLR157C-B,0,-4.0465903,0.2052469104528427,0.35185185074806213,0.13624338805675507
YKR036C,YOR192C-A,0,-4.046815,0.20493066310882568,0.35185185074806213,0.13650794327259064
YDR206W,YKR063C,0,-4.046838,0.20461538434028625,0.35185185074806213,0.13677248358726501
YJL099W,YGR141W,0,-4.0469666,0.20430107414722443,0.35185185074806213,0.13703703880310059
YER168C,YBR038W,0,-4.047405,0.2039877325296402,0.35185185074806213,0.13730159401893616
YJR093C,YBL023C,0,-4.0476894,0.20367534458637238,0.35185185074806213,0.13756613433361053
YDL097C,YDR400W,1,-4.047749,0.20489296317100525,0.35449734330177307,0.13756613433361053
YBL040C,YBR205W,0,-4.0487266,0.204580157995224,0.35449734330177307,0.1378306895494461
YLR405W,YDL064W,0,-4.048855,0.20426829159259796,0.35449734330177307,0.13809524476528168
YMR061W,YMR005W,0,-4.0488715,0.20395737886428833,0.35449734330177307,0.13835978507995605
YJL098W,YJL114W,0,-4.049369,0.2036474198102951,0.35449734330177307,0.13862434029579163
YPL157W,YIR026C,0,-4.0495477,0.2033383846282959,0.35449734330177307,0.1388888955116272
YIR025W,YJR131W,1,-4.050465,0.20454545319080353,0.3571428656578064,0.1388888955116272
YOL133W,YIR025W,1,-4.0506253,0.20574887096881866,0.35978835821151733,0.1388888955116272
YHR023W,YLR396C,0,-4.050857,0.2054380625486374,0.35978835821151733,0.13915343582630157
YGR141W,YDR316W-B,0,-4.0514975,0.20512820780277252,0.35978835821151733,0.13941799104213715
YGR245C,YDR346C,0,-4.051824,0.20481927692890167,0.35978835821151733,0.13968254625797272
YML132W,YMR236W,0,-4.051992,0.20451128482818604,0.35978835821151733,0.1399470865726471
YPL127C,YLR059C,0,-4.0521035,0.20420420169830322,0.35978835821151733,0.14021164178848267
YPL069C,YOR160W,0,-4.052157,0.20389805734157562,0.35978835821151733,0.14047619700431824
YJL094C,YGR161C-D,0,-4.0524526,0.20359280705451965,0.35978835821151733,0.14074073731899261
YPR164W,YJL029C,0,-4.0525427,0.2032884955406189,0.35978835821151733,0.14100529253482819
YPL200W,YGR161C-C,0,-4.0526443,0.20298507809638977,0.35978835821151733,0.14126984775066376
YHR034C,YJL114W,0,-4.0527835,0.20268256962299347,0.35978835821151733,0.14153438806533813
YJR090C,YDL147W,1,-4.053368,0.2038690447807312,0.36243385076522827,0.14153438806533813
YJL095W,YKL045W,0,-4.0540266,0.20356611907482147,0.36243385076522827,0.1417989432811737
YPR052C,YDR365W-B,0,-4.055209,0.20326410233974457,0.36243385076522827,0.14206349849700928
YPL106C,YDR316W-B,0,-4.055668,0.2029629647731781,0.36243385076522827,0.14232803881168365
YHR158C,YKL045W,0,-4.0556955,0.20266272127628326,0.36243385076522827,0.14259259402751923
YIL036W,YOR192C-B,0,-4.056427,0.20236337184906006,0.36243385076522827,0.1428571492433548
YER044C,YLR410W-A,0,-4.0564904,0.2020649015903473,0.36243385076522827,0.14312168955802917
YDL002C,YGR245C,0,-4.0571666,0.20176731050014496,0.36243385076522827,0.14338624477386475
YDR126W,YPL257W-A,0,-4.0574822,0.20147058367729187,0.36243385076522827,0.14365079998970032
YKL093W,YJL143W,0,-4.057552,0.20117473602294922,0.36243385076522827,0.1439153403043747
YGL240W,YOL013C,1,-4.057579,0.2023460417985916,0.3650793731212616,0.1439153403043747
YML006C,YPL254W,0,-4.0577292,0.20204977691173553,0.3650793731212616,0.14417989552021027
YDR052C,YLL043W,0,-4.0579686,0.2017543911933899,0.3650793731212616,0.14444445073604584
YIL124W,YKL119C,0,-4.060495,0.2014598548412323,0.3650793731212616,0.14470899105072021
YPR111W,YHR164C,0,-4.060647,0.20116618275642395,0.3650793731212616,0.1449735462665558
YFR005C,YLR227W-A,0,-4.0608563,0.20087336003780365,0.3650793731212616,0.14523810148239136
YGL190C,YDR098C-B,0,-4.061282,0.2005814015865326,0.3650793731212616,0.14550264179706573
YPR122W,YMR044W,0,-4.0614476,0.2002902776002884,0.3650793731212616,0.1457671970129013
YJL036W,YCR081W,0,-4.061983,0.20000000298023224,0.3650793731212616,0.14603175222873688
YFL035C-A,YCL033C,0,-4.06199,0.19971056282520294,0.3650793731212616,0.14629629254341125
YMR026C,YDR365W-B,0,-4.0622735,0.1994219720363617,0.3650793731212616,0.14656084775924683
YGL078C,YKL021C,0,-4.062698,0.1991342008113861,0.3650793731212616,0.1468254029750824
YPR112C,YGR161C-C,0,-4.0635276,0.19884726405143738,0.3650793731212616,0.14708994328975677
YCL039W,YMR190C,0,-4.0637965,0.1985611468553543,0.3650793731212616,0.14735449850559235
YPR055W,YGR161C-C,0,-4.064138,0.1982758641242981,0.3650793731212616,0.14761905372142792
YDL245C,YPR137C-B,0,-4.064257,0.19799138605594635,0.3650793731212616,0.1478835940361023
YER179W,YPL257W-A,0,-4.0643315,0.19770774245262146,0.3650793731212616,0.14814814925193787
YKR083C,YPL257W-A,0,-4.0643315,0.19742488861083984,0.3650793731212616,0.14841270446777344
YGL130W,YJL101C,0,-4.0644507,0.1971428543329239,0.3650793731212616,0.14867724478244781
YJR083C,YER108C,0,-4.064614,0.1968616247177124,0.3650793731212616,0.1489417999982834
YER143W,YGL004C,1,-4.0647993,0.19800569117069244,0.36772486567497253,0.1489417999982834
YER012W,YML029W,1,-4.0648985,0.19914650917053223,0.37037035822868347,0.1489417999982834
YER008C,YKR037C,0,-4.064985,0.19886364042758942,0.37037035822868347,0.14920635521411896
YGR161C-C,YOR338W,0,-4.065017,0.19858156144618988,0.37037035822868347,0.14947089552879333
YGR241C,YDR098C-B,0,-4.065777,0.1983002871274948,0.37037035822868347,0.1497354507446289
YLR431C,YJR033C,0,-4.067149,0.19801980257034302,0.37037035822868347,0.15000000596046448
YJL085W,YBR061C,0,-4.0674157,0.1977401077747345,0.37037035822868347,0.15026454627513885
YJL186W,YDL236W,0,-4.068851,0.19746121764183044,0.37037035822868347,0.15052910149097443
YPL228W,YOR192C-B,0,-4.0689197,0.19718310236930847,0.37037035822868347,0.15079365670681
YDR188W,YER151C,0,-4.069098,0.19690576195716858,0.37037035822868347,0.15105819702148438
YLR006C,YLR410W-A,0,-4.0691457,0.19662921130657196,0.37037035822868347,0.15132275223731995
YOL133W,YGL004C,1,-4.069299,0.19775596261024475,0.3730158805847168,0.15132275223731995
YGL223C,YDR210W-A,0,-4.0694056,0.1974789947271347,0.3730158805847168,0.15158730745315552
YDR273W,YFL035C-A,0,-4.0695124,0.19720280170440674,0.3730158805847168,0.1518518477678299
YOL043C,YGR161C-C,0,-4.0695987,0.19692736864089966,0.3730158805847168,0.15211640298366547
YDL105W,YKR037C,0,-4.069762,0.19665272533893585,0.3730158805847168,0.15238095819950104
YCL012W,YOR031W,0,-4.0698466,0.19637882709503174,0.3730158805847168,0.15264549851417542
YJR050W,YPR137C-B,0,-4.0700502,0.1961057037115097,0.3730158805847168,0.152910053730011
YBR192W,YEL002C,0,-4.0700617,0.19583334028720856,0.3730158805847168,0.15317460894584656
YIL098C,YNL037C,0,-4.070565,0.1955617219209671,0.3730158805847168,0.15343914926052094
YNL229C,YLR003C,0,-4.070606,0.19529086351394653,0.3730158805847168,0.1537037044763565
YGR006W,YAL002W,0,-4.070676,0.19502075016498566,0.3730158805847168,0.15396825969219208
YIL149C,YDR210W-A,0,-4.070788,0.19475138187408447,0.3730158805847168,0.15423280000686646
YER143W,YDL147W,1,-4.070834,0.1958620697259903,0.37566137313842773,0.15423280000686646
YER143W,YML029W,1,-4.0710087,0.19696970283985138,0.37830686569213867,0.15423280000686646
YNL262W,YER129W,0,-4.0715055,0.19669875502586365,0.37830686569213867,0.15449735522270203
YLR035C,YOR142W-A,0,-4.072736,0.1964285671710968,0.37830686569213867,0.1547619104385376
YOR151C,YNL243W,0,-4.0728183,0.19615912437438965,0.37830686569213867,0.15502645075321198
YDR365C,YOR142W-A,0,-4.0728903,0.195890411734581,0.37830686569213867,0.15529100596904755
YBR153W,YOR341W,0,-4.072986,0.19562242925167084,0.37830686569213867,0.15555556118488312
YKR076W,YER074W-A,0,-4.073307,0.19535519182682037,0.37830686569213867,0.1558201014995575
YPR178W,YGR161C-C,0,-4.073328,0.19508866965770721,0.37830686569213867,0.15608465671539307
YOR002W,YDR210W-A,0,-4.0737042,0.19482289254665375,0.37830686569213867,0.15634921193122864
YLR191W,YPL257W-A,0,-4.073852,0.1945578157901764,0.37830686569213867,0.15661375224590302
YGL144C,YDR088C,0,-4.073869,0.19429348409175873,0.37830686569213867,0.1568783074617386
YDR173C,YFL035C-A,0,-4.0744796,0.19402985274791718,0.37830686569213867,0.15714286267757416
YLR131C,YOL156W,0,-4.074696,0.19376693665981293,0.37830686569213867,0.15740740299224854
YIL098C,YML069W,0,-4.0747623,0.19350473582744598,0.37830686569213867,0.1576719582080841
YPR164W,YDR098C-B,0,-4.0748773,0.19324325025081635,0.37830686569213867,0.15793651342391968
YDR272W,YER129W,0,-4.075347,0.19298245012760162,0.37830686569213867,0.15820105373859406
YDR040C,YKL079W,0,-4.075829,0.1927223652601242,0.37830686569213867,0.15846560895442963
YBR168W,YLR227W-A,0,-4.0760946,0.1924629807472229,0.37830686569213867,0.1587301641702652
YIL098C,YCL033C,0,-4.0768676,0.1922042965888977,0.37830686569213867,0.15899470448493958
YLR318W,YOR192C-A,0,-4.076925,0.19194631278514862,0.37830686569213867,0.15925925970077515
YBR193C,YLL013C,0,-4.076935,0.19168901443481445,0.37830686569213867,0.15952381491661072
YJL166W,YGR038C-B,0,-4.076973,0.1914324015378952,0.37830686569213867,0.1597883552312851
YCR057C,YJL114W,0,-4.077364,0.19117647409439087,0.37830686569213867,0.16005291044712067
YIL051C,YMR013C,0,-4.0776277,0.19092123210430145,0.37830686569213867,0.16031746566295624
YDR518W,YBL005W-A,0,-4.0780926,0.19066666066646576,0.37830686569213867,0.16058200597763062
YOR344C,YDR210W-B,0,-4.0782228,0.19041278958320618,0.37830686569213867,0.1608465611934662
YLR186W,YDR365W-B,0,-4.078608,0.19015957415103912,0.37830686569213867,0.16111111640930176
YHR079C,YDR261C-C,0,-4.0795,0.189907044172287,0.37830686569213867,0.16137565672397614
YFL011W-A,YKR063C,0,-4.0796366,0.18965516984462738,0.37830686569213867,0.1616402119398117
YJR132W,YDR261C-C,0,-4.0805597,0.1894039660692215,0.37830686569213867,0.16190476715564728
YGL223C,YCL074W,0,-4.0809965,0.18915343284606934,0.37830686569213867,0.16216930747032166
YMR308C,YBR111W-A,0,-4.0813828,0.1889035701751709,0.37830686569213867,0.16243386268615723
YPL128C,YPL257W-A,0,-4.081443,0.1886543482542038,0.37830686569213867,0.1626984179019928
YDL095W,YOR343C-A,0,-4.0817184,0.18840579688549042,0.37830686569213867,0.16296295821666718
YER108C,YNR064C,0,-4.0817184,0.18815790116786957,0.37830686569213867,0.16322751343250275
YLR391W-A,YOR142W-B,0,-4.0817184,0.18791064620018005,0.37830686569213867,0.16349206864833832
YLR095C,YGR161C-D,0,-4.0817184,0.18766404688358307,0.37830686569213867,0.1637566089630127
YDR435C,YOR192C-B,0,-4.0817184,0.18741808831691742,0.37830686569213867,0.16402116417884827
YCL012W,YDR316W-B,0,-4.0817184,0.1871727705001831,0.37830686569213867,0.16428571939468384
YER087C-B,YGR161C-D,0,-4.0817184,0.18692810833454132,0.37830686569213867,0.16455025970935822
YLR160C,YOR343C-A,0,-4.0817184,0.18668407201766968,0.37830686569213867,0.1648148149251938
YGL086W,YOR343C-A,0,-4.0817184,0.18644067645072937,0.37830686569213867,0.16507937014102936
YPR112C,YOR343C-A,0,-4.0817184,0.1861979216337204,0.37830686569213867,0.16534391045570374
YER074W-A,YGR038C-A,0,-4.0817184,0.18595579266548157,0.37830686569213867,0.1656084656715393
YFL011W-A,YHR138C,0,-4.0817184,0.18571428954601288,0.37830686569213867,0.16587302088737488
YBL005W-A,YOR343C-A,0,-4.0817184,0.18547341227531433,0.37830686569213867,0.16613756120204926
YFL035C,YOR338W,0,-4.0817184,0.18523316085338593,0.37830686569213867,0.16640211641788483
YNL161W,YOR343C-A,0,-4.0817184,0.18499353528022766,0.37830686569213867,0.1666666716337204
YDR206W,YLR410W-A,0,-4.0817184,0.18475452065467834,0.37830686569213867,0.16693121194839478
YFL011W-A,YPL276W,0,-4.0817184,0.18451613187789917,0.37830686569213867,0.16719576716423035
YDR346C,YOR192C-A,0,-4.0817184,0.18427835404872894,0.37830686569213867,0.16746032238006592
YOR240W,YDR098C-B,0,-4.0817184,0.18404118716716766,0.37830686569213867,0.1677248626947403
YPR019W,YDR316W-B,0,-4.0823417,0.18380463123321533,0.37830686569213867,0.16798941791057587
YOR322C,YLR157C-B,0,-4.082743,0.18356867134571075,0.37830686569213867,0.16825397312641144
YNR016C,YOR192C-A,0,-4.0832634,0.18333333730697632,0.37830686569213867,0.16851851344108582
YHR119W,YDR098C-B,0,-4.0834455,0.18309858441352844,0.37830686569213867,0.1687830686569214
YIL103W,YDR225W,0,-4.083485,0.1828644573688507,0.37830686569213867,0.16904762387275696
YJL026W,YLR157C-B,0,-4.0847244,0.18263091146945953,0.37830686569213867,0.16931216418743134
YER108C,YDR289C,0,-4.084965,0.1823979616165161,0.37830686569213867,0.1695767194032669
YOR078W,YBL003C,0,-4.084984,0.18216560781002045,0.37830686569213867,0.16984127461910248
YKR037C,YKL028W,0,-4.0852337,0.18193383514881134,0.37830686569213867,0.17010581493377686
YDR345C,YLR410W-A,0,-4.0854683,0.18170267343521118,0.37830686569213867,0.17037037014961243
YLR158C,YDR098C-B,0,-4.0854716,0.1814720779657364,0.37830686569213867,0.170634925365448
YGL098W,YKL119C,0,-4.085506,0.18124207854270935,0.37830686569213867,0.17089946568012238
YGL240W,YOL133W,1,-4.0856194,0.18227848410606384,0.380952388048172,0.17089946568012238
YPL112C,YDL112W,0,-4.0861835,0.182048037648201,0.380952388048172,0.17116402089595795
YIL103W,YER129W,0,-4.0864935,0.1818181872367859,0.380952388048172,0.17142857611179352
YMR267W,YDR235W,0,-4.086531,0.18158890306949615,0.380952388048172,0.1716931164264679
YLR285W,YLR227W-A,0,-4.086626,0.18136020004749298,0.380952388048172,0.17195767164230347
YBR065C,YJR093C,0,-4.0867214,0.18113207817077637,0.380952388048172,0.17222222685813904
YGR276C,YGR161C-D,0,-4.0870137,0.18090452253818512,0.380952388048172,0.17248676717281342
YDR224C,YLR200W,0,-4.087052,0.18067754805088043,0.380952388048172,0.172751322388649
YIL153W,YOR142W-A,0,-4.0871997,0.18045112490653992,0.380952388048172,0.17301587760448456
YLR115W,YHR119W,0,-4.088022,0.18022528290748596,0.380952388048172,0.17328041791915894
YPR128C,YFL035C,0,-4.088563,0.18000000715255737,0.380952388048172,0.1735449731349945
YDR106W,YHR072W-A,0,-4.0891585,0.17977528274059296,0.380952388048172,0.17380952835083008
YNR052C,YOR192C-A,0,-4.0891666,0.1795511245727539,0.380952388048172,0.17407406866550446
YPL053C,YPL239W,0,-4.089427,0.17932751774787903,0.380952388048172,0.17433862388134003
YNL084C,YHR023W,0,-4.089599,0.17910447716712952,0.380952388048172,0.1746031790971756
YOR322C,YMR100W,0,-4.089982,0.17888198792934418,0.380952388048172,0.17486771941184998
YHR164C,YJL165C,0,-4.0900145,0.178660050034523,0.380952388048172,0.17513227462768555
YLR148W,YBR130C,0,-4.0902042,0.17843866348266602,0.380952388048172,0.17539682984352112
YPL119C,YHR178W,0,-4.0906615,0.1782178282737732,0.380952388048172,0.1756613701581955
YAL044C,YDR261C-C,0,-4.0911665,0.17799752950668335,0.380952388048172,0.17592592537403107
YMR210W,YOR142W-A,0,-4.0912085,0.17777778208255768,0.380952388048172,0.17619048058986664
YGL216W,YFL035C-A,0,-4.0915394,0.17755857110023499,0.380952388048172,0.17645502090454102
YOR094W,YOR192C-A,0,-4.091614,0.17733989655971527,0.380952388048172,0.1767195761203766
YNL003C,YPR137C-B,0,-4.091932,0.17712177336215973,0.380952388048172,0.17698413133621216
YDR179C,YLR227W-A,0,-4.092104,0.17690417170524597,0.380952388048172,0.17724867165088654
YGL130W,YDR040C,0,-4.0923395,0.1766871213912964,0.380952388048172,0.1775132268667221
YJL092W,YLR227W-A,0,-4.0932994,0.1764705926179886,0.380952388048172,0.17777778208255768
YGL223C,YKR031C,0,-4.093512,0.17625458538532257,0.380952388048172,0.17804232239723206
YDL059C,YHR039C-B,0,-4.093658,0.17603911459445953,0.380952388048172,0.17830687761306763
YML086C,YKR083C,0,-4.09408,0.17582418024539948,0.380952388048172,0.1785714328289032
YDR168W,YDR217C,0,-4.0944586,0.17560975253582,0.380952388048172,0.17883597314357758
YDL106C,YOR106W,0,-4.0945063,0.17539586126804352,0.380952388048172,0.17910052835941315
YGR085C,YDR210W-A,0,-4.0947356,0.17518247663974762,0.380952388048172,0.17936508357524872
YCL012W,YOL146W,0,-4.0948,0.1749696284532547,0.380952388048172,0.1796296238899231
YLR102C,YDL132W,1,-4.0952544,0.1759708672761917,0.38359788060188293,0.1796296238899231
YDR418W,YIL022W,0,-4.0953984,0.17575757205486298,0.38359788060188293,0.17989417910575867
YGL222C,YDR261C-C,0,-4.0955434,0.17554479837417603,0.38359788060188293,0.18015873432159424
YMR113W,YPR137C-B,0,-4.0956044,0.17533253133296967,0.38359788060188293,0.18042327463626862
YBR036C,YNL084C,0,-4.0957336,0.1751207709312439,0.38359788060188293,0.1806878298521042
YLR074C,YDR261C-C,0,-4.0960793,0.1749095320701599,0.38359788060188293,0.18095238506793976
YDR281C,YDR210W-A,0,-4.096256,0.17469879984855652,0.38359788060188293,0.18121692538261414
YNL288W,YJL094C,0,-4.096305,0.17448857426643372,0.38359788060188293,0.1814814805984497
YNL222W,YDR261C-C,0,-4.096405,0.1742788404226303,0.38359788060188293,0.18174603581428528
YBR215W,YKR031C,0,-4.0966344,0.1740696281194687,0.38359788060188293,0.18201057612895966
YGL062W,YPR137C-B,0,-4.0970674,0.17386090755462646,0.38359788060188293,0.18227513134479523
YCR002C,YOR192C-B,0,-4.0971575,0.17365269362926483,0.38359788060188293,0.1825396865606308
YOL055C,YDR261C-C,0,-4.097312,0.1734449714422226,0.38359788060188293,0.18280422687530518
YJR050W,YDR365W-B,0,-4.097364,0.17323775589466095,0.38359788060188293,0.18306878209114075
YGR140W,YHR039C-B,0,-4.0973754,0.1730310320854187,0.38359788060188293,0.18333333730697632
YDR342C,YBR111W-A,0,-4.09739,0.17282478511333466,0.38359788060188293,0.1835978776216507
YLR193C,YGR038C-B,0,-4.0982146,0.1726190447807312,0.38359788060188293,0.18386243283748627
YLR102C,YLR417W,1,-4.0985923,0.1736028492450714,0.38624337315559387,0.18386243283748627
YHR187W,YLR320W,0,-4.0989447,0.17339667677879333,0.38624337315559387,0.18412698805332184
YLR191W,YGR241C,0,-4.099151,0.17319098114967346,0.38624337315559387,0.18439152836799622
YJL098W,YOR229W,0,-4.0991592,0.17298577725887299,0.38624337315559387,0.1846560835838318
YNL312W,YDR365W-B,0,-4.099352,0.1727810651063919,0.38624337315559387,0.18492063879966736
YPL228W,YMR316W,0,-4.0994215,0.17257682979106903,0.38624337315559387,0.18518517911434174
YMR049C,YDR365W-B,0,-4.099473,0.17237308621406555,0.38624337315559387,0.1854497343301773
YLR075W,YCL074W,0,-4.0997252,0.17216980457305908,0.38624337315559387,0.18571428954601288
YLR102C,YDR177W,1,-4.1007576,0.1731448769569397,0.3888888955116272,0.18571428954601288
YOR249C,YDR400W,1,-4.101415,0.17411763966083527,0.39153438806533813,0.18571428954601288
YOR240W,YPR193C,0,-4.1014547,0.17391304671764374,0.39153438806533813,0.18597882986068726
YPL139C,YLR157C-B,0,-4.10154,0.17370891571044922,0.39153438806533813,0.18624338507652283
YNL048W,YGL142C,0,-4.1020627,0.1735052764415741,0.39153438806533813,0.1865079402923584
YDR098C-B,YLL056C,0,-4.102298,0.17330211400985718,0.39153438806533813,0.18677248060703278
YKL144C,YOR192C-B,0,-4.1025505,0.17309941351413727,0.39153438806533813,0.18703703582286835
YPL086C,YMR013C,0,-4.102583,0.17289718985557556,0.39153438806533813,0.18730159103870392
YNL283C,YOR142W-B,0,-4.1031947,0.17269544303417206,0.39153438806533813,0.1875661313533783
YNL031C,YOR192C-A,0,-4.1033335,0.17249417304992676,0.39153438806533813,0.18783068656921387
YHR068W,YBR143C,0,-4.1033754,0.17229336500167847,0.39153438806533813,0.18809524178504944
YOL133W,YDR427W,1,-4.10358,0.1732558161020279,0.3941798806190491,0.18809524178504944
YOR249C,YDL132W,1,-4.104135,0.17421603202819824,0.3968254029750824,0.18809524178504944
YDR096W,YNL138W,0,-4.104244,0.1740139275789261,0.3968254029750824,0.18835978209972382
YPR171W,YML025C,0,-4.1042604,0.17381228506565094,0.3968254029750824,0.1886243373155594
YDL145C,YDR261C-C,0,-4.1043844,0.1736111044883728,0.3968254029750824,0.18888889253139496
YER068W,YLR357W,0,-4.10497,0.17341040074825287,0.3968254029750824,0.18915343284606934
YER030W,YIL070C,0,-4.1050367,0.17321015894412994,0.3968254029750824,0.1894179880619049
YKL220C,YGR109W-A,0,-4.1051617,0.17301037907600403,0.3968254029750824,0.18968254327774048
YMR288W,YLR059C,0,-4.105374,0.17281106114387512,0.3968254029750824,0.18994708359241486
YAR031W,YLR227W-A,0,-4.105434,0.17261220514774323,0.3968254029750824,0.19021163880825043
YKL206C,YER143W,1,-4.106324,0.17356321215629578,0.39947089552879333,0.19021163880825043
YCR057C,YDR210W-A,0,-4.106349,0.17336395382881165,0.39947089552879333,0.190476194024086
YLR221C,YLR157C-B,0,-4.107203,0.17316514253616333,0.39947089552879333,0.19074073433876038
YML123C,YDR098C-B,0,-4.107451,0.17296677827835083,0.39947089552879333,0.19100528955459595
YDR022C,YDR261C-C,0,-4.1079183,0.17276887595653534,0.39947089552879333,0.19126984477043152
YKL045W,YLR147C,0,-4.108194,0.17257143557071686,0.39947089552879333,0.1915343850851059
YCR018C,YGR141W,0,-4.108237,0.172374427318573,0.39947089552879333,0.19179894030094147
YLR304C,YPL132W,0,-4.1082625,0.17217788100242615,0.39947089552879333,0.19206349551677704
YOL005C,YLR066W,0,-4.10847,0.1719817817211151,0.39947089552879333,0.19232803583145142
YOR160W,YGR063C,0,-4.1084805,0.1717861145734787,0.39947089552879333,0.192592591047287
YNR033W,YGR038C-A,0,-4.1087956,0.1715909093618393,0.39947089552879333,0.19285714626312256
YPL169C,YDR365W-B,0,-4.1089954,0.1713961362838745,0.39947089552879333,0.19312168657779694
YBR038W,YDR365W-B,0,-4.1090407,0.17120181024074554,0.39947089552879333,0.1933862417936325
YNL153C,YHR039C-B,0,-4.1093087,0.1710079312324524,0.39947089552879333,0.19365079700946808
YJR069C,YJR144W,0,-4.1094236,0.17081448435783386,0.39947089552879333,0.19391533732414246
YPL139C,YDL109C,0,-4.1094394,0.17062146961688995,0.39947089552879333,0.19417989253997803
YCR028C-A,YHR214C-B,0,-4.1095676,0.17042888700962067,0.39947089552879333,0.1944444477558136
YJL035C,YLR410W-A,0,-4.1097445,0.1702367514371872,0.39947089552879333,0.19470898807048798
YNL148C,YDR210W-A,0,-4.109913,0.17004504799842834,0.39947089552879333,0.19497354328632355
YMR119W,YCL052C,1,-4.1100497,0.1709786206483841,0.4021163880825043,0.19497354328632355
YCR040W,YGR161C-D,0,-4.110127,0.170786514878273,0.4021163880825043,0.19523809850215912
YCR057C,YPL257W-B,0,-4.110265,0.17059484124183655,0.4021163880825043,0.1955026388168335
YLR353W,YGR161C-D,0,-4.1103716,0.1704035848379135,0.4021163880825043,0.19576719403266907
YMR033W,YNL244C,0,-4.110472,0.1702127605676651,0.4021163880825043,0.19603174924850464
YKL025C,YCR028C-A,0,-4.110582,0.1700223684310913,0.4021163880825043,0.19629628956317902
YGR092W,YNL317W,0,-4.111357,0.16983240842819214,0.4021163880825043,0.1965608447790146
YKR036C,YPL007C,0,-4.11151,0.1696428507566452,0.4021163880825043,0.19682539999485016
YBR129C,YKL119C,0,-4.1116247,0.16945374011993408,0.4021163880825043,0.19708994030952454
YJR131W,YKL034W,1,-4.1118107,0.17037862539291382,0.4047619104385376,0.19708994030952454
YOR136W,YOR192C-A,0,-4.1119385,0.17018909752368927,0.4047619104385376,0.1973544955253601
YDR083W,YBL061C,0,-4.1122007,0.17000000178813934,0.4047619104385376,0.19761905074119568
YBR136W,YKL200C,0,-4.1123185,0.16981132328510284,0.4047619104385376,0.19788359105587006
YJL140W,YIL147C,0,-4.112501,0.16962306201457977,0.4047619104385376,0.19814814627170563
YER133W,YDR261C-C,0,-4.1126847,0.16943521797657013,0.4047619104385376,0.1984127014875412
YKL206C,YOL013C,1,-4.113687,0.1703539788722992,0.40740740299224854,0.1984127014875412
YCL052C,YDR400W,1,-4.1137815,0.1712707132101059,0.4100528955459595,0.1984127014875412
YCL061C,YPR178W,0,-4.114182,0.17108167707920074,0.4100528955459595,0.19867724180221558
YLR405W,YGR109W-A,0,-4.114353,0.17089305818080902,0.4100528955459595,0.19894179701805115
YDR427W,YKL034W,1,-4.1145077,0.17180617153644562,0.4126984179019928,0.19894179701805115
YKR081C,YDL109C,0,-4.1149774,0.17161716520786285,0.4126984179019928,0.19920635223388672
YPL228W,YGR038C-A,0,-4.1153073,0.17142857611179352,0.4126984179019928,0.1994708925485611
YDL079C,YDL109C,0,-4.115389,0.17124038934707642,0.4126984179019928,0.19973544776439667
YDR439W,YOR192C-A,0,-4.11562,0.17105263471603394,0.4126984179019928,0.20000000298023224
YGR063C,YPL257W-B,0,-4.1161356,0.1708652824163437,0.4126984179019928,0.20026454329490662
YDR330W,YLR417W,1,-4.116191,0.17177243530750275,0.41534391045570374,0.20026454329490662
YDL047W,YGR038C-B,0,-4.1162767,0.17158469557762146,0.41534391045570374,0.2005290985107422
YFL029C,YML132W,0,-4.116407,0.1713973730802536,0.41534391045570374,0.20079365372657776
YBR009C,YDR098C-B,0,-4.116857,0.17121046781539917,0.41534391045570374,0.20105819404125214
YJL165C,YOR192C-A,0,-4.1171355,0.17102396488189697,0.41534391045570374,0.2013227492570877
YPR074C,YOR142W-A,0,-4.1176076,0.170837864279747,0.41534391045570374,0.20158730447292328
YNL084C,YJL029C,0,-4.117922,0.17065218091011047,0.41534391045570374,0.20185184478759766
YPR187W,YLR157C-B,0,-4.118034,0.17046688497066498,0.41534391045570374,0.20211640000343323
YFL039C,YLR075W,0,-4.1183896,0.17028199136257172,0.41534391045570374,0.2023809552192688
YDR322C-A,YDR210W-A,0,-4.119335,0.17009751498699188,0.41534391045570374,0.20264549553394318
YGR055W,YJL114W,0,-4.1196957,0.1699134260416031,0.41534391045570374,0.20291005074977875
YOR240W,YGR178C,0,-4.1199718,0.16972972452640533,0.41534391045570374,0.20317460596561432
YEL069C,YKL053C-A,0,-4.1202064,0.169546440243721,0.41534391045570374,0.2034391462802887
YDL043C,YKL125W,0,-4.1202917,0.16936354339122772,0.41534391045570374,0.20370370149612427
YNL318C,YCL074W,0,-4.121521,0.16918103396892548,0.41534391045570374,0.20396825671195984
YOR144C,YDR261C-C,0,-4.121804,0.16899892687797546,0.41534391045570374,0.20423279702663422
YPL106C,YIL022W,0,-4.1218114,0.1688172072172165,0.41534391045570374,0.2044973522424698
YMR119W,YKL034W,1,-4.122647,0.16970999538898468,0.41798943281173706,0.2044973522424698
YBR188C,YKR029C,0,-4.123561,0.16952790319919586,0.41798943281173706,0.20476190745830536
YNL048W,YPL257W-B,0,-4.1236734,0.16934619843959808,0.41798943281173706,0.20502644777297974
YDR439W,YGR038C-A,0,-4.123793,0.16916488111019135,0.41798943281173706,0.2052910029888153
YLR095C,YKL045W,0,-4.124313,0.16898395121097565,0.41798943281173706,0.20555555820465088
YHR072W-A,YOR142W-B,0,-4.124632,0.16880342364311218,0.41798943281173706,0.20582009851932526
YDL178W,YDR210W-A,0,-4.1248617,0.16862326860427856,0.41798943281173706,0.20608465373516083
YMR267W,YPL257W-B,0,-4.125033,0.168443500995636,0.41798943281173706,0.2063492089509964
YBR066C,YDR098C-B,0,-4.125396,0.16826410591602325,0.41798943281173706,0.20661374926567078
YCR002C,YKL122C,0,-4.1257787,0.16808511316776276,0.41798943281173706,0.20687830448150635
YLR192C,YOL005C,0,-4.125826,0.1679064780473709,0.41798943281173706,0.20714285969734192
YJL143W,YDR365W-B,0,-4.125968,0.1677282303571701,0.41798943281173706,0.2074074000120163
YLR221C,YDR210W-A,0,-4.1260085,0.16755037009716034,0.41798943281173706,0.20767195522785187
YDR217C,YLR369W,0,-4.1260896,0.16737288236618042,0.41798943281173706,0.20793651044368744
YLR147C,YLR396C,0,-4.1261525,0.16719576716423035,0.41798943281173706,0.20820105075836182
YMR139W,YDR218C,0,-4.1263294,0.16701902449131012,0.41798943281173706,0.2084656059741974
YHR164C,YOR142W-A,0,-4.1267533,0.16684265434741974,0.41798943281173706,0.20873016119003296
YIL103W,YKR028W,0,-4.126939,0.1666666716337204,0.41798943281173706,0.20899471640586853
YNL219C,YHR158C,0,-4.1271615,0.1664910465478897,0.41798943281173706,0.2092592567205429
YOR026W,YKR034W,0,-4.127889,0.16631579399108887,0.41798943281173706,0.20952381193637848
YPR105C,YDR314C,0,-4.1281404,0.16614089906215668,0.41798943281173706,0.20978836715221405
YLR304C,YDR316W-B,0,-4.1283193,0.16596639156341553,0.41798943281173706,0.21005290746688843
YNL231C,YJL166W,0,-4.1285653,0.16579224169254303,0.41798943281173706,0.210317462682724
YDR083W,YBR069C,0,-4.1287117,0.16561844944953918,0.41798943281173706,0.21058201789855957
YJL166W,YCL074W,0,-4.128929,0.16544502973556519,0.41798943281173706,0.21084655821323395
YKL200C,YHL025W,0,-4.1290793,0.16527196764945984,0.41798943281173706,0.21111111342906952
YNL161W,YNL218W,0,-4.129103,0.16509926319122314,0.41798943281173706,0.2113756686449051
YGL254W,YKL064W,0,-4.129606,0.1649269312620163,0.41798943281173706,0.21164020895957947
YKR031C,YCL074W,0,-4.1296973,0.1647549569606781,0.41798943281173706,0.21190476417541504
YGL150C,YOR142W-A,0,-4.1297574,0.16458334028720856,0.41798943281173706,0.2121693193912506
YLR324W,YHR178W,0,-4.1297855,0.16441206634044647,0.41798943281173706,0.212433859705925
YBR110W,YLL013C,0,-4.1299486,0.16424116492271423,0.41798943281173706,0.21269841492176056
YPR051W,YDR316W-B,0,-4.129961,0.16407060623168945,0.41798943281173706,0.21296297013759613
YNL206C,YJL168C,0,-4.1299915,0.16390042006969452,0.41798943281173706,0.2132275104522705
YDR379W,YNL263C,0,-4.130364,0.16373057663440704,0.41798943281173706,0.21349206566810608
YGR140W,YCR020C,0,-4.1314073,0.16356107592582703,0.41798943281173706,0.21375662088394165
YBR080C,YDR227W,0,-4.131464,0.16339193284511566,0.41798943281173706,0.21402116119861603
YPR112C,YER129W,0,-4.1318336,0.16322314739227295,0.41798943281173706,0.2142857164144516
YDL112W,YGR185C,0,-4.1319385,0.1630546897649765,0.41798943281173706,0.21455027163028717
YNR033W,YPR019W,0,-4.1325564,0.1628866046667099,0.41798943281173706,0.21481481194496155
YOR380W,YHR178W,0,-4.1334043,0.16271884739398956,0.41798943281173706,0.21507936716079712
YPR093C,YGR038C-A,0,-4.1334357,0.16255144774913788,0.41798943281173706,0.2153439223766327
YJL165C,YIL149C,0,-4.1334715,0.16238437592983246,0.41798943281173706,0.21560846269130707
YKL110C,YBL023C,0,-4.1334796,0.1622176617383957,0.41798943281173706,0.21587301790714264
YEL027W,YDL236W,0,-4.1337304,0.1620512753725052,0.41798943281173706,0.2161375731229782
YLR009W,YPR137C-B,0,-4.1340594,0.16188524663448334,0.41798943281173706,0.2164021134376526
YDR478W,YPL128C,0,-4.1342807,0.16171954572200775,0.41798943281173706,0.21666666865348816
YGL021W,YMR078C,0,-4.1353364,0.16155418753623962,0.41798943281173706,0.21693122386932373
YCR067C,YOR192C-B,0,-4.13618,0.16138917207717896,0.41798943281173706,0.2171957641839981
YDR385W,YLR372W,0,-4.1371536,0.16122448444366455,0.41798943281173706,0.21746031939983368
YNL317W,YFL060C,0,-4.1381364,0.1610601395368576,0.41798943281173706,0.21772487461566925
YDL056W,YPL257W-A,0,-4.138295,0.16089613735675812,0.41798943281173706,0.21798941493034363
YHR187W,YDL109C,0,-4.138848,0.1607324481010437,0.41798943281173706,0.2182539701461792
YMR116C,YBR192W,0,-4.139013,0.16056910157203674,0.41798943281173706,0.21851852536201477
YGL247W,YJL019W,0,-4.139177,0.16040609776973724,0.41798943281173706,0.21878306567668915
YLR115W,YPL082C,0,-4.139674,0.16024340689182281,0.41798943281173706,0.21904762089252472
YOR295W,YPR137C-B,0,-4.1397963,0.16008105874061584,0.41798943281173706,0.2193121761083603
YER133W,YDR478W,0,-4.139803,0.15991902351379395,0.41798943281173706,0.21957671642303467
YMR044W,YIL061C,0,-4.139807,0.1597573310136795,0.41798943281173706,0.21984127163887024
YGR241C,YER138C,0,-4.1399,0.15959596633911133,0.41798943281173706,0.2201058268547058
YLR431C,YDR289C,0,-4.1405654,0.15943491458892822,0.41798943281173706,0.2203703671693802
YDR342C,YPR052C,0,-4.1407084,0.15927419066429138,0.41798943281173706,0.22063492238521576
YJL019W,YPL283C,0,-4.140974,0.1591137945652008,0.41798943281173706,0.22089947760105133
YJL062W,YOR142W-A,0,-4.141849,0.1589537262916565,0.41798943281173706,0.2211640179157257
YCL052C,YLR417W,1,-4.1419377,0.1597989946603775,0.420634925365448,0.2211640179157257
YNL111C,YPL257W-B,0,-4.1420302,0.15963855385780334,0.420634925365448,0.22142857313156128
YDL105W,YLL056C,0,-4.1420965,0.15947844088077545,0.420634925365448,0.22169312834739685
YHL022C,YOR192C-B,0,-4.142272,0.15931864082813263,0.420634925365448,0.22195766866207123
YIR025W,YDR427W,1,-4.142971,0.1601601541042328,0.42328041791915894,0.22195766866207123
YKR055W,YLR227W-A,0,-4.1436,0.1599999964237213,0.42328041791915894,0.2222222238779068
YMR119W,YGL058W,1,-4.144201,0.16083915531635284,0.42592594027519226,0.2222222238779068
YDR206W,YJL085W,0,-4.1443105,0.16067864000797272,0.42592594027519226,0.22248677909374237
YIL098C,YIL077C,0,-4.144814,0.16051843762397766,0.42592594027519226,0.22275131940841675
YDL236W,YML076C,0,-4.1456833,0.16035856306552887,0.42592594027519226,0.22301587462425232
YLL043W,YJL165C,0,-4.145803,0.16019900143146515,0.42592594027519226,0.2232804298400879
YER133W,YMR032W,0,-4.145892,0.1600397676229477,0.42592594027519226,0.22354497015476227
YJR132W,YEL051W,0,-4.146059,0.1598808318376541,0.42592594027519226,0.22380952537059784
YHR034C,YER169W,0,-4.1462135,0.1597222238779068,0.42592594027519226,0.2240740805864334
YPL248C,YHR214C-B,0,-4.1466556,0.15956392884254456,0.42592594027519226,0.2243386209011078
YMR267W,YHL022C,0,-4.1468363,0.15940594673156738,0.42592594027519226,0.22460317611694336
YJR090C,YKL034W,1,-4.1468916,0.1602373868227005,0.4285714328289032,0.22460317611694336
YML112W,YFL017W-A,0,-4.147936,0.16007904708385468,0.4285714328289032,0.22486773133277893
YHR081W,YBR143C,0,-4.1497884,0.15992102026939392,0.4285714328289032,0.2251322716474533
YMR190C,YAL047C,0,-4.1508155,0.15976330637931824,0.4285714328289032,0.22539682686328888
YGR276C,YBR080C,0,-4.150929,0.15960590541362762,0.4285714328289032,0.22566138207912445
YPR023C,YBR012W-A,0,-4.1510005,0.15944881737232208,0.4285714328289032,0.22592592239379883
YML112W,YFR034C,0,-4.1511364,0.1592920422554016,0.4285714328289032,0.2261904776096344
YDL097C,YDR177W,1,-4.1511374,0.16011787950992584,0.43121692538261414,0.2261904776096344
YNL312W,YCR067C,0,-4.1513534,0.15996074676513672,0.43121692538261414,0.22645503282546997
YHR191C,YBR009C,0,-4.1518407,0.15980392694473267,0.43121692538261414,0.22671957314014435
YOR250C,YMR025W,0,-4.152295,0.1596474051475525,0.43121692538261414,0.22698412835597992
YER114C,YJL114W,0,-4.1526103,0.15949119627475739,0.43121692538261414,0.2272486835718155
YBL040C,YNL153C,0,-4.15345,0.15933528542518616,0.43121692538261414,0.22751322388648987
YOL156W,YGR161C-D,0,-4.154151,0.1591796875,0.43121692538261414,0.22777777910232544
YER166W,YML025C,0,-4.1541524,0.15902438759803772,0.43121692538261414,0.228042334318161
YFL057C,YDR183W,0,-4.1547437,0.1588694006204605,0.43121692538261414,0.2283068746328354
YBR153W,YLR022C,0,-4.1550484,0.15871469676494598,0.43121692538261414,0.22857142984867096
YLR051C,YDR235W,0,-4.155622,0.15856030583381653,0.43121692538261414,0.22883598506450653
YGL223C,YFL017W-A,0,-4.1556854,0.15840621292591095,0.43121692538261414,0.2291005253791809
YDR294C,YFL059W,0,-4.15573,0.15825243294239044,0.43121692538261414,0.22936508059501648
YKL025C,YMR053C,0,-4.1560073,0.15809893608093262,0.43121692538261414,0.22962963581085205
YNL084C,YPL169C,0,-4.1560173,0.15794573724269867,0.43121692538261414,0.22989417612552643
YOR193W,YDR201W,0,-4.156054,0.1577928364276886,0.43121692538261414,0.230158731341362
YLR452C,YDR310C,0,-4.1563487,0.1576402336359024,0.43121692538261414,0.23042328655719757
YOR240W,YKL042W,0,-4.156449,0.1574879288673401,0.43121692538261414,0.23068782687187195
YOL013C,YJL001W,1,-4.1566052,0.15830115973949432,0.43386244773864746,0.23068782687187195
YOR249C,YOL133W,1,-4.156675,0.1591128259897232,0.4365079402923584,0.23068782687187195
YFR009W,YML039W,0,-4.1573067,0.1589595377445221,0.4365079402923584,0.23095238208770752
YER174C,YMR026C,0,-4.157743,0.15880654752254486,0.4365079402923584,0.2312169373035431
YHR073W,YIL138C,0,-4.1577835,0.1586538404226303,0.4365079402923584,0.23148147761821747
YLR102C,YDL097C,1,-4.158307,0.15946204960346222,0.43915343284606934,0.23148147761821747
YPR093C,YER108C,0,-4.1583743,0.1593090146780014,0.43915343284606934,0.23174603283405304
YGL180W,YMR190C,0,-4.159584,0.15915627777576447,0.43915343284606934,0.2320105880498886
YOL078W,YLL004W,0,-4.160269,0.1590038239955902,0.43915343284606934,0.232275128364563
YGR072W,YOR088W,0,-4.160409,0.15885166823863983,0.43915343284606934,0.23253968358039856
YLR191W,YOL055C,0,-4.160449,0.15869981050491333,0.43915343284606934,0.23280423879623413
YML076C,YDR210W-B,0,-4.1604676,0.1585482358932495,0.43915343284606934,0.2330687791109085
YDR225W,YLR221C,0,-4.1607866,0.15839694440364838,0.43915343284606934,0.23333333432674408
YJR064W,YDL106C,0,-4.1608987,0.15824595093727112,0.43915343284606934,0.23359788954257965
YNL042W,YPR178W,0,-4.161392,0.15809524059295654,0.43915343284606934,0.23386242985725403
YNR019W,YJL114W,0,-4.163155,0.15794481337070465,0.43915343284606934,0.2341269850730896
YDL126C,YML029W,1,-4.1646566,0.15874524414539337,0.44179895520210266,0.2341269850730896
YJR131W,YML029W,1,-4.165149,0.15954415500164032,0.4444444477558136,0.2341269850730896
YDL056W,YDL135C,0,-4.1656938,0.15939278900623322,0.4444444477558136,0.23439154028892517
YHR116W,YAL032C,0,-4.16605,0.1592417061328888,0.4444444477558136,0.23465608060359955
YMR044W,YLR147C,0,-4.166156,0.15909090638160706,0.4444444477558136,0.23492063581943512
YDR225W,YIL149C,0,-4.1662292,0.1589404046535492,0.4444444477558136,0.2351851910352707
YBR129C,YKL058W,0,-4.166481,0.15879017114639282,0.4444444477558136,0.23544973134994507
YOR353C,YLL021W,0,-4.166483,0.15864022076129913,0.4444444477558136,0.23571428656578064
YDL015C,YDR316W-B,0,-4.166659,0.15849056839942932,0.4444444477558136,0.2359788417816162
YFL029C,YJL164C,0,-4.167246,0.158341184258461,0.4444444477558136,0.2362433820962906
YPR093C,YLR219W,0,-4.1674166,0.15819208323955536,0.4444444477558136,0.23650793731212616
YJL111W,YAR018C,0,-4.1674314,0.1580432802438736,0.4444444477558136,0.23677249252796173
YHR186C,YLR193C,0,-4.167833,0.15789473056793213,0.4444444477558136,0.2370370328426361
YIL149C,YJL098W,0,-4.168397,0.15774647891521454,0.4444444477558136,0.23730158805847168
YMR026C,YGR077C,0,-4.1700735,0.15759849548339844,0.4444444477558136,0.23756614327430725
YLR158C,YGL229C,0,-4.170075,0.15745079517364502,0.4444444477558136,0.23783068358898163
YAL020C,YLR192C,0,-4.171076,0.15730337798595428,0.4444444477558136,0.2380952388048172
YOR160W,YMR267W,0,-4.171153,0.15715621411800385,0.4444444477558136,0.23835979402065277
YLR405W,YIR008C,0,-4.171423,0.15700934827327728,0.4444444477558136,0.23862433433532715
YPR110C,YPL257W-A,0,-4.1715345,0.1568627506494522,0.4444444477558136,0.23888888955116272
YGL240W,YCL052C,1,-4.1720557,0.15764924883842468,0.44708994030952454,0.23888888955116272
YLL043W,YHR158C,0,-4.173312,0.15750232338905334,0.44708994030952454,0.2391534447669983
YBR026C,YDL109C,0,-4.173624,0.1573556810617447,0.44708994030952454,0.23941798508167267
YER094C,YKL034W,1,-4.174068,0.15813954174518585,0.44973546266555786,0.23941798508167267
YNL107W,YHL012W,0,-4.1741104,0.15799257159233093,0.44973546266555786,0.23968254029750824
YFR046C,YBR026C,0,-4.1744556,0.1578458696603775,0.44973546266555786,0.2399470955133438
YDL105W,YCR018C,0,-4.1745105,0.15769945085048676,0.44973546266555786,0.2402116358280182
YGL021W,YJL129C,0,-4.174999,0.1575532853603363,0.44973546266555786,0.24047619104385376
YDR272W,YJR033C,0,-4.1751857,0.15740740299224854,0.44973546266555786,0.24074074625968933
YLR035C,YEL051W,0,-4.175264,0.15726178884506226,0.44973546266555786,0.2410052865743637
YLR186W,YIL118W,0,-4.1757665,0.15711645781993866,0.44973546266555786,0.24126984179019928
YJL166W,YIL029C,0,-4.175914,0.15697138011455536,0.44973546266555786,0.24153439700603485
YJR144W,YNR052C,0,-4.1763864,0.15682657063007355,0.44973546266555786,0.24179893732070923
YLR381W,YHR039C-B,0,-4.1768103,0.15668202936649323,0.44973546266555786,0.2420634925365448
YDL148C,YDR240C,0,-4.1770453,0.1565377563238144,0.44973546266555786,0.24232804775238037
YJR090C,YDR177W,1,-4.1770725,0.15731370449066162,0.4523809552192688,0.24232804775238037
YLR009W,YDL109C,0,-4.1771297,0.15716911852359772,0.4523809552192688,0.24259258806705475
YDL175C,YCL074W,0,-4.1791897,0.1570248007774353,0.4523809552192688,0.24285714328289032
YNL329C,YKL042W,0,-4.1799517,0.15688073635101318,0.4523809552192688,0.2431216984987259
YOR231W,YKR031C,0,-4.180805,0.15673694014549255,0.4523809552192688,0.24338623881340027
YKL146W,YER095W,0,-4.1821117,0.1565934121608734,0.4523809552192688,0.24365079402923584
YPL125W,YOR060C,0,-4.1821814,0.15645013749599457,0.4523809552192688,0.2439153492450714
YPR002W,YNL003C,0,-4.183113,0.1563071310520172,0.4523809552192688,0.2441798895597458
YBR041W,YPL249C,0,-4.183382,0.15616437792778015,0.4523809552192688,0.24444444477558136
YFL034C-B,YER072W,0,-4.183422,0.15602189302444458,0.4523809552192688,0.24470899999141693
YDR439W,YJR007W,0,-4.1835275,0.1558796763420105,0.4523809552192688,0.2449735403060913
YDR407C,YHR039C-B,0,-4.18388,0.15573769807815552,0.4523809552192688,0.24523809552192688
YML019W,YHR119W,0,-4.1841774,0.15559600293636322,0.4523809552192688,0.24550265073776245
YMR163C,YDR341C,0,-4.184522,0.15545454621315002,0.4523809552192688,0.24576719105243683
YJR093C,YOR274W,0,-4.1848717,0.15531335771083832,0.4523809552192688,0.2460317462682724
YPR042C,YNL138W,0,-4.1848764,0.1551724076271057,0.4523809552192688,0.24629630148410797
YDL147W,YKL034W,1,-4.1855454,0.15593835711479187,0.45502644777297974,0.24629630148410797
YCL061C,YCL074W,0,-4.185647,0.1557970941066742,0.45502644777297974,0.24656084179878235
YJL190C,YDR210W-B,0,-4.1857843,0.1556561142206192,0.45502644777297974,0.24682539701461792
YDL132W,YER094C,1,-4.186038,0.1564195305109024,0.45767197012901306,0.24682539701461792
YBL003C,YGR280C,0,-4.186383,0.15627822279930115,0.45767197012901306,0.2470899522304535
YDR435C,YDR181C,0,-4.186455,0.15613718330860138,0.45767197012901306,0.24735449254512787
YDR022C,YML001W,0,-4.186486,0.1559963971376419,0.45767197012901306,0.24761904776096344
YPL125W,YNL243W,0,-4.187144,0.15585584938526154,0.45767197012901306,0.247883602976799
YPL086C,YFR005C,0,-4.187274,0.15571556985378265,0.45767197012901306,0.2481481432914734
YMR113W,YNL025C,0,-4.187743,0.15557554364204407,0.45767197012901306,0.24841269850730896
YKL125W,YOR229W,0,-4.1878033,0.15543575584888458,0.45767197012901306,0.24867725372314453
YER030W,YNL310C,0,-4.1878996,0.1552962362766266,0.45767197012901306,0.2489417940378189
YDR377W,YHR163W,0,-4.188136,0.1551569551229477,0.45767197012901306,0.24920634925365448
YKL025C,YOR338W,0,-4.188227,0.1550179272890091,0.45767197012901306,0.24947090446949005
YOR098C,YOL142W,0,-4.188301,0.1548791378736496,0.45767197012901306,0.24973544478416443
YGL240W,YGL058W,1,-4.1884847,0.1556350588798523,0.460317462682724,0.24973544478416443
YPL145C,YMR005W,0,-4.188571,0.15549597144126892,0.460317462682724,0.25
YNL287W,YHL012W,0,-4.188678,0.15535713732242584,0.460317462682724,0.25026455521583557
YJL092W,YBR111W-A,0,-4.188878,0.15521855652332306,0.460317462682724,0.25052911043167114
YJR090C,YOL013C,1,-4.189061,0.1559714823961258,0.46296295523643494,0.25052911043167114
YLR329W,YIL084C,0,-4.1896725,0.15583258867263794,0.46296295523643494,0.2507936656475067
YLR320W,YPL151C,0,-4.189864,0.15569394826889038,0.46296295523643494,0.2510581910610199
YBR215W,YOR043W,0,-4.190895,0.15555556118488312,0.46296295523643494,0.25132274627685547
YER072W,YNL263C,0,-4.191017,0.15541741251945496,0.46296295523643494,0.25158730149269104
YEL029C,YDR228C,0,-4.1911693,0.1552795022726059,0.46296295523643494,0.2518518567085266
YJL001W,YDR177W,1,-4.191395,0.1560283750295639,0.46560847759246826,0.2518518567085266
YDR188W,YDR480W,0,-4.191563,0.15589016675949097,0.46560847759246826,0.2521164119243622
YFR046C,YMR025W,0,-4.192631,0.15575221180915833,0.46560847759246826,0.25238096714019775
YGR140W,YLR035C,0,-4.193122,0.15561449527740479,0.46560847759246826,0.25264549255371094
YLR191W,YNL243W,0,-4.193502,0.15547703206539154,0.46560847759246826,0.2529100477695465
YKL007W,YOR266W,0,-4.1935782,0.1553398072719574,0.46560847759246826,0.2531746029853821
YGR227W,YPR042C,0,-4.193627,0.15520282089710236,0.46560847759246826,0.25343915820121765
YNR033W,YPL169C,0,-4.1939607,0.15506607294082642,0.46560847759246826,0.2537037134170532
YNL021W,YDR183W,0,-4.1943183,0.15492957830429077,0.46560847759246826,0.2539682686328888
YJR155W,YGL130W,0,-4.194974,0.15479332208633423,0.46560847759246826,0.254232794046402
YPL249C,YCR067C,0,-4.195277,0.1546572893857956,0.46560847759246826,0.25449734926223755
YPR122W,YLR396C,0,-4.1953287,0.15452151000499725,0.46560847759246826,0.2547619044780731
YLL042C,YDR225W,0,-4.195344,0.15438596904277802,0.46560847759246826,0.2550264596939087
YGL167C,YOR106W,0,-4.195503,0.15425065159797668,0.46560847759246826,0.25529101490974426
YDL097C,YKL034W,1,-4.1965456,0.1549912393093109,0.4682539701461792,0.25529101490974426
YOR240W,YJR112W,0,-4.197033,0.1548556387424469,0.4682539701461792,0.25555557012557983
YOL043C,YIL031W,0,-4.1972885,0.154720276594162,0.4682539701461792,0.255820095539093
YIL084C,YDR240C,0,-4.19766,0.15458515286445618,0.4682539701461792,0.2560846507549286
YMR048W,YIL070C,0,-4.197815,0.15445026755332947,0.4682539701461792,0.25634920597076416
YDR480W,YPL276W,0,-4.198079,0.15431560575962067,0.4682539701461792,0.25661376118659973
YPL254W,YLR055C,0,-4.198226,0.15418118238449097,0.4682539701461792,0.2568783164024353
YPL145C,YKL119C,0,-4.1982384,0.15404699742794037,0.4682539701461792,0.2571428716182709
YPR171W,YDL046W,0,-4.198352,0.15391305088996887,0.4682539701461792,0.25740739703178406
YNL153C,YCR052W,0,-4.198473,0.15377932786941528,0.4682539701461792,0.25767195224761963
YDR191W,YGR054W,0,-4.1992536,0.1536458283662796,0.4682539701461792,0.2579365074634552
YKL120W,YDR228C,0,-4.1993103,0.15351258218288422,0.4682539701461792,0.25820106267929077
YCL012W,YOR099W,0,-4.200977,0.15337954461574554,0.4682539701461792,0.25846561789512634
YGL004C,YML029W,1,-4.2020817,0.1541125476360321,0.47089946269989014,0.25846561789512634
YER068W,YOR047C,0,-4.202347,0.15397924184799194,0.47089946269989014,0.2587301731109619
YPL119C,YGR197C,0,-4.202623,0.1538461595773697,0.47089946269989014,0.2589946985244751
YOR266W,YPR042C,0,-4.20392,0.15371330082416534,0.47089946269989014,0.25925925374031067
YCL061C,YGR141W,0,-4.2040377,0.1535806655883789,0.47089946269989014,0.25952380895614624
YML077W,YJL036W,0,-4.204483,0.15344826877117157,0.47089946269989014,0.2597883641719818
YPL248C,YGR059W,0,-4.204863,0.15331611037254333,0.47089946269989014,0.2600529193878174
YBL002W,YOR045W,0,-4.2052875,0.15318416059017181,0.47089946269989014,0.26031747460365295
YDR225W,YPR051W,0,-4.205685,0.1530524492263794,0.47089946269989014,0.26058200001716614
YDR258C,YIL029C,0,-4.2059045,0.15292096138000488,0.47089946269989014,0.2608465552330017
YMR119W,YDR330W,1,-4.206024,0.15364806354045868,0.47354498505592346,0.2608465552330017
YDR224C,YEL002C,0,-4.206376,0.15351629257202148,0.47354498505592346,0.2611111104488373
YMR219W,YMR100W,0,-4.206663,0.1533847451210022,0.47354498505592346,0.26137566566467285
YLR102C,YER012W,1,-4.207072,0.15410958230495453,0.4761904776096344,0.26137566566467285
YPL069C,YBR193C,0,-4.2080064,0.15397775173187256,0.4761904776096344,0.2616402208805084
YPR171W,YGR006W,0,-4.208019,0.1538461595773697,0.4761904776096344,0.261904776096344
YDL045C,YDR009W,0,-4.2081747,0.15371477603912354,0.4761904776096344,0.2621693015098572
YPL169C,YNL236W,0,-4.208722,0.1535836160182953,0.4761904776096344,0.26243385672569275
YAL059W,YML064C,0,-4.2094107,0.15345267951488495,0.4761904776096344,0.2626984119415283
YDR224C,YGR285C,0,-4.209645,0.1533219814300537,0.4761904776096344,0.2629629671573639
YDL126C,YLR417W,1,-4.209999,0.1540425568819046,0.47883597016334534,0.2629629671573639
YDL095W,YIR008C,0,-4.2104063,0.1539115607738495,0.47883597016334534,0.26322752237319946
YOR094W,YLR396C,0,-4.210491,0.15378080308437347,0.47883597016334534,0.26349207758903503
YJR017C,YLL040C,0,-4.210494,0.15365025401115417,0.47883597016334534,0.2637566030025482
YPL154C,YGL167C,0,-4.211096,0.15351992845535278,0.47883597016334534,0.2640211582183838
YCL052C,YGL058W,1,-4.2112985,0.1542372852563858,0.48148149251937866,0.2640211582183838
YDR294C,YNL021W,0,-4.2113934,0.15410669147968292,0.48148149251937866,0.26428571343421936
YGL167C,YDR289C,0,-4.2121983,0.15397630631923676,0.48148149251937866,0.26455026865005493
YPR046W,YMR050C,0,-4.2123475,0.1538461595773697,0.48148149251937866,0.2648148238658905
YCL029C,YCL039W,0,-4.212908,0.15371622145175934,0.48148149251937866,0.2650793790817261
YML059C,YDR450W,0,-4.213172,0.1535864919424057,0.48148149251937866,0.26534390449523926
YBR215W,YOR243C,0,-4.213826,0.15345700085163116,0.48148149251937866,0.26560845971107483
YDR440W,YOR388C,0,-4.214082,0.15332771837711334,0.48148149251937866,0.2658730149269104
YMR048W,YMR050C,0,-4.2145143,0.15319865942001343,0.48148149251937866,0.26613757014274597
YJL122W,YNL206C,0,-4.2145824,0.15306980907917023,0.48148149251937866,0.26640212535858154
YOR249C,YDL097C,1,-4.2146373,0.15378151834011078,0.4841269850730896,0.26640212535858154
YPR135W,YJR093C,0,-4.2150545,0.1536523997783661,0.4841269850730896,0.2666666805744171
YML086C,YBR095C,0,-4.2153993,0.1535234898328781,0.4841269850730896,0.2669312059879303
YKL165C,YEL002C,0,-4.215598,0.15339480340480804,0.4841269850730896,0.26719576120376587
YLR219W,YBR168W,0,-4.215741,0.1532663255929947,0.4841269850730896,0.26746031641960144
YDR392W,YHR214C-B,0,-4.2158327,0.15313807129859924,0.4841269850730896,0.267724871635437
YDR379W,YMR183C,0,-4.216035,0.1530100405216217,0.4841269850730896,0.2679894268512726
YNL219C,YBR188C,0,-4.2161965,0.15288220345973969,0.4841269850730896,0.26825398206710815
YMR119W,YDL097C,1,-4.2166586,0.15358930826187134,0.48677247762680054,0.26825398206710815
YJR090C,YDR330W,1,-4.2174897,0.15429525077342987,0.48941799998283386,0.26825398206710815
YIR025W,YER012W,1,-4.217531,0.1550000011920929,0.4920634925365448,0.26825398206710815
YHR023W,YHR196W,0,-4.21791,0.15487094223499298,0.4920634925365448,0.26851850748062134
YER012W,YGL004C,1,-4.218264,0.1555740386247635,0.49470898509025574,0.26851850748062134
YMR190C,YKL035W,0,-4.2186646,0.15544472634792328,0.49470898509025574,0.2687830626964569
YNL317W,YDR170C,0,-4.219306,0.1553156077861786,0.49470898509025574,0.2690476179122925
YER087C-B,YML027W,0,-4.2194943,0.155186727643013,0.49470898509025574,0.26931217312812805
YPL028W,YJR017C,0,-4.2198334,0.15505804121494293,0.49470898509025574,0.2695767283439636
YGL206C,YDR183W,0,-4.2208614,0.15492957830429077,0.49470898509025574,0.2698412835597992
YNL029C,YDL076C,0,-4.2210245,0.15480132400989532,0.49470898509025574,0.2701058089733124
YKL005C,YLL040C,0,-4.2211227,0.1546732783317566,0.49470898509025574,0.27037036418914795
YER044C,YGR038C-A,0,-4.221436,0.15454545617103577,0.49470898509025574,0.2706349194049835
YGR092W,YOL091W,0,-4.222576,0.15441784262657166,0.49470898509025574,0.2708994746208191
YGL051W,YMR030W,0,-4.2225847,0.15429042279720306,0.49470898509025574,0.27116402983665466
YOR078W,YKL042W,0,-4.222792,0.15416322648525238,0.49470898509025574,0.27142858505249023
YPR122W,YPL007C,0,-4.223064,0.1540362387895584,0.49470898509025574,0.2716931104660034
YKL025C,YHR138C,0,-4.22429,0.15390945971012115,0.49470898509025574,0.271957665681839
YFR046C,YGR054W,0,-4.2244496,0.1537828892469406,0.49470898509025574,0.27222222089767456
YEL027W,YPL106C,0,-4.2245636,0.15365652740001678,0.49470898509025574,0.27248677611351013
YER166W,YGR163W,0,-4.22469,0.15353037416934967,0.49470898509025574,0.2727513313293457
YOL043C,YOL102C,0,-4.2250237,0.15340442955493927,0.49470898509025574,0.2730158865451813
YML047C,YHR079C-A,0,-4.2250824,0.15327869355678558,0.49470898509025574,0.27328041195869446
YBR009C,YKL028W,0,-4.2255754,0.15315315127372742,0.49470898509025574,0.27354496717453003
YJR083C,YNL117W,0,-4.2256055,0.15302781760692596,0.49470898509025574,0.2738095223903656
YGR288W,YIL077C,0,-4.225876,0.15290269255638123,0.49470898509025574,0.27407407760620117
YOR002W,YJR093C,0,-4.2260666,0.1527777761220932,0.49470898509025574,0.27433863282203674
YDL245C,YHR072W-A,0,-4.226855,0.1526530683040619,0.49470898509025574,0.2746031880378723
YHR067W,YOR326W,0,-4.2274547,0.1525285542011261,0.49470898509025574,0.2748677134513855
YJR132W,YGR276C,0,-4.2275968,0.15240423381328583,0.49470898509025574,0.27513226866722107
YPR051W,YML076C,0,-4.2277355,0.15228013694286346,0.49470898509025574,0.27539682388305664
YJR083C,YDR040C,0,-4.2278214,0.15215621888637543,0.49470898509025574,0.2756613790988922
YCL012W,YNL263C,0,-4.228207,0.1520325243473053,0.49470898509025574,0.2759259343147278
YKL079W,YBR012W-A,0,-4.2289195,0.1519090235233307,0.49470898509025574,0.27619048953056335
YAL035W,YDR251W,0,-4.2291603,0.1517857164144516,0.49470898509025574,0.27645501494407654
YJR090C,YOL133W,1,-4.229355,0.15247364342212677,0.49735450744628906,0.27645501494407654
YGL150C,YBL061C,0,-4.2294254,0.15235008299350739,0.49735450744628906,0.2767195701599121
YPR055W,YJL036W,0,-4.22979,0.15222671627998352,0.49735450744628906,0.2769841253757477
YGL172W,YMR190C,0,-4.2298703,0.15210355818271637,0.49735450744628906,0.27724868059158325
YBR156C,YJL074C,0,-4.2301803,0.15198059380054474,0.49735450744628906,0.2775132358074188
YML132W,YOR319W,0,-4.2305627,0.15185783803462982,0.49735450744628906,0.2777777910232544
YPL249C,YPL053C,0,-4.230569,0.15173527598381042,0.49735450744628906,0.2780423164367676
YNL048W,YGR038C-B,0,-4.230734,0.15161290764808655,0.49735450744628906,0.27830687165260315
YJR093C,YPL085W,0,-4.230962,0.1514907330274582,0.49735450744628906,0.2785714268684387
YCR010C,YGL216W,0,-4.2309904,0.15136876702308655,0.49735450744628906,0.2788359820842743
YKL206C,YLR102C,1,-4.231012,0.15205149352550507,0.5,0.2788359820842743
YKR031C,YDR407C,0,-4.231041,0.15192925930023193,0.5,0.27910053730010986
YOR127W,YKL122C,0,-4.231845,0.15180723369121552,0.5,0.27936509251594543
YLR006C,YIL029C,0,-4.232116,0.15168538689613342,0.5,0.2796296179294586
YDR421W,YGR288W,0,-4.2321644,0.15156374871730804,0.5,0.2798941731452942
YBR129C,YDR435C,0,-4.2331753,0.15144230425357819,0.5,0.28015872836112976
YDL132W,YOL013C,1,-4.2333326,0.15212169289588928,0.5026454925537109,0.28015872836112976
YPL133C,YKR037C,0,-4.233637,0.15199999511241913,0.5026454925537109,0.28042328357696533
YOL002C,YGR038C-A,0,-4.2338166,0.1518784910440445,0.5026454925537109,0.2806878387928009
YDR456W,YGL062W,0,-4.234013,0.15175719559192657,0.5026454925537109,0.2809523940086365
YJL095W,YML076C,0,-4.2345257,0.15163607895374298,0.5026454925537109,0.28121691942214966
YDR480W,YDR407C,0,-4.2349916,0.1515151560306549,0.5026454925537109,0.28148147463798523
YPL028W,YJL019W,0,-4.2355094,0.15139442682266235,0.5026454925537109,0.2817460298538208
YKL220C,YER008C,0,-4.2358513,0.15127389132976532,0.5026454925537109,0.28201058506965637
YKL093W,YOR162C,0,-4.2366323,0.1511535346508026,0.5026454925537109,0.28227514028549194
YNL042W,YMR236W,0,-4.2367783,0.15103338658809662,0.5026454925537109,0.2825396955013275
YNL317W,YDL059C,0,-4.236968,0.15091341733932495,0.5026454925537109,0.2828042209148407
YML112W,YCR061W,0,-4.2373514,0.15079365670681,0.5026454925537109,0.28306877613067627
YMR113W,YBR080C,0,-4.23805,0.15067407488822937,0.5026454925537109,0.28333333134651184
YPL139C,YHL012W,0,-4.238184,0.15055467188358307,0.5026454925537109,0.2835978865623474
YPL266W,YIL009W,0,-4.238848,0.15043547749519348,0.5026454925537109,0.283862441778183
YML112W,YNL068C,0,-4.2395706,0.15031646192073822,0.5026454925537109,0.28412699699401855
YFL017W-A,YGR285C,0,-4.2396493,0.15019762516021729,0.5026454925537109,0.28439152240753174
YDR235W,YCR018C,0,-4.24047,0.15007898211479187,0.5026454925537109,0.2846560776233673
YPR019W,YMR183C,0,-4.240898,0.14996053278446198,0.5026454925537109,0.2849206328392029
YDR432W,YDL064W,0,-4.2412615,0.1498422771692276,0.5026454925537109,0.28518518805503845
YOL156W,YMR069W,0,-4.241592,0.14972418546676636,0.5026454925537109,0.285449743270874
YER133W,YLR466W,0,-4.241604,0.14960630238056183,0.5026454925537109,0.2857142984867096
YOR315W,YDR341C,0,-4.2417088,0.14948859810829163,0.5026454925537109,0.2859788239002228
YDR440W,YAL023C,0,-4.241916,0.14937107264995575,0.5026454925537109,0.28624337911605835
YOR106W,YGR141W,0,-4.2420025,0.1492537260055542,0.5026454925537109,0.2865079343318939
YCR081W,YHL012W,0,-4.242243,0.14913657307624817,0.5026454925537109,0.2867724895477295
YIL061C,YKL042W,0,-4.242326,0.14901961386203766,0.5026454925537109,0.28703704476356506
YHR073W,YJL139C,0,-4.242427,0.14890281856060028,0.5026454925537109,0.28730159997940063
YGL144C,YHR143W-A,0,-4.243005,0.14878621697425842,0.5026454925537109,0.2875661253929138
YKL005C,YAL035W,0,-4.243014,0.1486697942018509,0.5026454925537109,0.2878306806087494
YGL240W,YLR417W,1,-4.243805,0.14933541417121887,0.5052909851074219,0.2878306806087494
YDR450W,YGR161C-D,0,-4.243893,0.14921875298023224,0.5052909851074219,0.28809523582458496
YER166W,YGL097W,0,-4.2439604,0.14910227060317993,0.5052909851074219,0.28835979104042053
YJL140W,YDL076C,0,-4.244516,0.14898595213890076,0.5052909851074219,0.2886243462562561
YPR199C,YML069W,0,-4.244728,0.1488698422908783,0.5052909851074219,0.2888889014720917
YHR023W,YML076C,0,-4.245209,0.14875389635562897,0.5052909851074219,0.28915342688560486
YNL031C,YLR075W,0,-4.2452674,0.14863812923431396,0.5052909851074219,0.28941798210144043
YOL013C,YJR131W,1,-4.245322,0.14930015802383423,0.5079365372657776,0.28941798210144043
YHL011C,YHR030C,0,-4.2455263,0.14918415248394012,0.5079365372657776,0.289682537317276
YML036W,YML069W,0,-4.2456064,0.14906832575798035,0.5079365372657776,0.2899470925331116
YLL042C,YNL334C,0,-4.2456565,0.1489526778459549,0.5079365372657776,0.29021164774894714
YFR008W,YHL022C,0,-4.2459555,0.14883720874786377,0.5079365372657776,0.2904762029647827
YDL106C,YOR127W,0,-4.245958,0.14872191846370697,0.5079365372657776,0.2907407283782959
YER012W,YDR400W,1,-4.2460103,0.14938080310821533,0.5105820298194885,0.2907407283782959
YJR131W,YDR400W,1,-4.246813,0.1500386744737625,0.5132275223731995,0.2907407283782959
YDR439W,YMR050C,0,-4.2474833,0.149922713637352,0.5132275223731995,0.29100528359413147
YNL127W,YBL022C,0,-4.2482314,0.149806946516037,0.5132275223731995,0.29126983880996704
YDR170C,YAL047C,0,-4.2482944,0.1496913582086563,0.5132275223731995,0.2915343940258026
YER087C-B,YHR161C,0,-4.248969,0.14957594871520996,0.5132275223731995,0.2917989492416382
YGR284C,YLL040C,0,-4.249914,0.14946070313453674,0.5132275223731995,0.29206350445747375
YNL317W,YBR223C,0,-4.2504435,0.14934565126895905,0.5132275223731995,0.29232802987098694
YIR010W,YNL310C,0,-4.2507935,0.14923076331615448,0.5132275223731995,0.2925925850868225
YMR097C,YMR005W,0,-4.2508435,0.14911606907844543,0.5132275223731995,0.2928571403026581
YGL051W,YNR064C,0,-4.250872,0.14900153875350952,0.5132275223731995,0.29312169551849365
YLR193C,YMR293C,0,-4.2511005,0.14888718724250793,0.5132275223731995,0.2933862507343292
YKL064W,YER095W,0,-4.251147,0.14877299964427948,0.5132275223731995,0.2936508059501648
YDL132W,YGL004C,1,-4.251201,0.14942528307437897,0.5158730149269104,0.2936508059501648
YML077W,YLR200W,0,-4.25139,0.1493108719587326,0.5158730149269104,0.293915331363678
YLR369W,YIL022W,0,-4.2518563,0.14919663965702057,0.5158730149269104,0.29417988657951355
YPL200W,YMR277W,0,-4.252326,0.14908257126808167,0.5158730149269104,0.2944444417953491
YLR095C,YOR322C,0,-4.2524986,0.1489686816930771,0.5158730149269104,0.2947089970111847
YJR090C,YCL052C,1,-4.252865,0.14961832761764526,0.5185185074806213,0.2947089970111847
YDR478W,YOL091W,0,-4.2531633,0.14950419962406158,0.5185185074806213,0.29497355222702026
YFL060C,YIL029C,0,-4.2533836,0.14939025044441223,0.5185185074806213,0.29523810744285583
YNL231C,YNL107W,0,-4.2535033,0.149276465177536,0.5185185074806213,0.295502632856369
YDL132W,YJL001W,1,-4.2535114,0.1499238908290863,0.5211640000343323,0.295502632856369
YER089C,YJL138C,0,-4.2537966,0.14980988204479218,0.5211640000343323,0.2957671880722046
YER094C,YDR330W,1,-4.25397,0.15045592188835144,0.523809552192688,0.2957671880722046
YOR047C,YGR072W,0,-4.254648,0.1503416895866394,0.523809552192688,0.29603174328804016
YIR025W,YJL001W,1,-4.255123,0.15098634362220764,0.5264550447463989,0.29603174328804016
YPR082C,YOR326W,0,-4.2554502,0.1508718729019165,0.5264550447463989,0.29629629850387573
YML011C,YOR127W,0,-4.255604,0.1507575809955597,0.5264550447463989,0.2965608537197113
YPR051W,YGR285C,0,-4.2558365,0.150643453001976,0.5264550447463989,0.2968254089355469
YOR377W,YGL223C,0,-4.256058,0.15052950382232666,0.5264550447463989,0.29708993434906006
YDR022C,YLR320W,0,-4.256207,0.15041571855545044,0.5264550447463989,0.29735448956489563
YMR119W,YDR427W,1,-4.256401,0.1510574072599411,0.5291005373001099,0.29735448956489563
YDR427W,YDR330W,1,-4.256473,0.15169811248779297,0.5317460298538208,0.29735448956489563
YEL027W,YHR119W,0,-4.256608,0.1515837162733078,0.5317460298538208,0.2976190447807312
YOL133W,YJR131W,1,-4.257226,0.15222306549549103,0.5343915224075317,0.2976190447807312
YLR431C,YPL069C,0,-4.257899,0.15210843086242676,0.5343915224075317,0.2978835999965668
YHL022C,YBR012W-A,0,-4.2582064,0.15199397504329681,0.5343915224075317,0.29814815521240234
YPL069C,YOR088W,0,-4.258265,0.1518796980381012,0.5343915224075317,0.2984127104282379
YLR069C,YDR181C,0,-4.258412,0.1517655849456787,0.5343915224075317,0.2986772358417511
YNL042W,YML058W-A,0,-4.258592,0.15165165066719055,0.5343915224075317,0.29894179105758667
YOR193W,YNL334C,0,-4.259174,0.15153788030147552,0.5343915224075317,0.29920634627342224
YDR478W,YJR007W,0,-4.260562,0.15142428874969482,0.5343915224075317,0.2994709014892578
YIL036W,YGL229C,0,-4.260574,0.15131086111068726,0.5343915224075317,0.2997354567050934
YJL063C,YJL093C,0,-4.2615013,0.15119759738445282,0.5343915224075317,0.30000001192092896
YDL045C,YHL027W,0,-4.26176,0.1510845124721527,0.5343915224075317,0.30026453733444214
YIR008C,YIL021W,0,-4.2619386,0.15097160637378693,0.5343915224075317,0.3005290925502777
YBR129C,YLR268W,0,-4.2627935,0.15085884928703308,0.5343915224075317,0.3007936477661133
YLR148W,YIR008C,0,-4.2631626,0.15074627101421356,0.5343915224075317,0.30105820298194885
YMR097C,YIL022W,0,-4.2631764,0.15063385665416718,0.5343915224075317,0.3013227581977844
YGL065C,YER138C,0,-4.264382,0.15052160620689392,0.5343915224075317,0.30158731341362
YMR168C,YNR052C,0,-4.2647448,0.150409534573555,0.5343915224075317,0.3018518388271332
YOL013C,YLR417W,1,-4.265046,0.1510416716337204,0.5370370149612427,0.3018518388271332
YGR163W,YLR066W,0,-4.265208,0.15092936158180237,0.5370370149612427,0.30211639404296875
YLR148W,YPR055W,0,-4.265445,0.15081723034381866,0.5370370149612427,0.3023809492588043
YAR018C,YLL021W,0,-4.2658906,0.1507052779197693,0.5370370149612427,0.3026455044746399
YEL030W,YHL022C,0,-4.2661514,0.15059347450733185,0.5370370149612427,0.30291005969047546
YDR480W,YNL214W,0,-4.2663946,0.15048183500766754,0.5370370149612427,0.30317461490631104
YJR043C,YKL028W,0,-4.2666287,0.15037037432193756,0.5370370149612427,0.3034391403198242
YDR420W,YDL056W,0,-4.267152,0.15025906264781952,0.5370370149612427,0.3037036955356598
YHR186C,YPL133C,0,-4.2675943,0.1501479297876358,0.5370370149612427,0.30396825075149536
YER114C,YGL063W,0,-4.267969,0.15003696084022522,0.5370370149612427,0.30423280596733093
YPR019W,YGR005C,0,-4.2681227,0.14992614090442657,0.5370370149612427,0.3044973611831665
YNL003C,YIL039W,0,-4.268135,0.14981549978256226,0.5370370149612427,0.3047619163990021
YPL240C,YDL076C,0,-4.2689214,0.14970500767230988,0.5370370149612427,0.30502644181251526
YKR054C,YLR301W,0,-4.269812,0.14959469437599182,0.5370370149612427,0.30529099702835083
YGL130W,YHR072W-A,0,-4.2700133,0.1494845300912857,0.5370370149612427,0.3055555522441864
YDL126C,YJR131W,1,-4.2710648,0.1501103788614273,0.5396825671195984,0.3055555522441864
YPL228W,YDL105W,0,-4.2714543,0.15000000596046448,0.5396825671195984,0.305820107460022
YCR089W,YER074W-A,0,-4.27155,0.1498897820711136,0.5396825671195984,0.30608466267585754
YNL291C,YPR164W,0,-4.271701,0.14977973699569702,0.5396825671195984,0.3063492178916931
YNL116W,YBL023C,0,-4.2717643,0.1496698409318924,0.5396825671195984,0.3066137433052063
YKL206C,YGL240W,1,-4.272108,0.1502932608127594,0.5423280596733093,0.3066137433052063
YLR102C,YDL126C,1,-4.272132,0.15091575682163239,0.5449735522270203,0.3066137433052063
YMR150C,YHL012W,0,-4.2726917,0.15080526471138,0.5449735522270203,0.30687829852104187
YGL247W,YPL266W,0,-4.273487,0.15069495141506195,0.5449735522270203,0.30714285373687744
YGL222C,YJL164C,0,-4.2734876,0.15058480203151703,0.5449735522270203,0.307407408952713
YNL148C,YLR200W,0,-4.2736464,0.15047480165958405,0.5449735522270203,0.3076719641685486
YJR093C,YJL100W,0,-4.2736826,0.1503649652004242,0.5449735522270203,0.30793651938438416
YHR073W,YNL290W,0,-4.2737856,0.15025529265403748,0.5449735522270203,0.30820104479789734
YGL021W,YBR130C,0,-4.273911,0.1501457691192627,0.5449735522270203,0.3084656000137329
YDR177W,YDR400W,1,-4.2739987,0.15076474845409393,0.5476190447807312,0.3084656000137329
YHR079C-A,YGR054W,0,-4.274988,0.15065501630306244,0.5476190447807312,0.3087301552295685
YKL007W,YMR163C,0,-4.275217,0.15054544806480408,0.5476190447807312,0.30899471044540405
YLR115W,YNL068C,0,-4.2756033,0.15043604373931885,0.5476190447807312,0.3092592656612396
YLR109W,YNR052C,0,-4.2758546,0.15032680332660675,0.5476190447807312,0.3095238208770752
YIL110W,YOR266W,0,-4.275979,0.1502177119255066,0.5476190447807312,0.3097883462905884
YJR050W,YOR229W,0,-4.2761526,0.15010876953601837,0.5476190447807312,0.31005290150642395
YPR075C,YLL040C,0,-4.276428,0.15000000596046448,0.5476190447807312,0.3103174567222595
YGR288W,YBR012W-A,0,-4.276465,0.14989137649536133,0.5476190447807312,0.3105820119380951
YGL058W,YML029W,1,-4.2766013,0.15050651133060455,0.5502645373344421,0.3105820119380951
YBR188C,YGR161C-D,0,-4.2770615,0.15039768815040588,0.5502645373344421,0.31084656715393066
YJL063C,YHR039C-B,0,-4.277083,0.15028901398181915,0.5502645373344421,0.31111112236976624
YNL218W,YNL231C,0,-4.2779655,0.15018050372600555,0.5502645373344421,0.3113756477832794
YGR178C,YOR151C,0,-4.277971,0.1500721573829651,0.5502645373344421,0.311640202999115
YGR097W,YJL026W,0,-4.2780733,0.14996394515037537,0.5502645373344421,0.31190475821495056
YCL061C,YOR106W,0,-4.278345,0.14985591173171997,0.5502645373344421,0.31216931343078613
YKL206C,YLR417W,1,-4.2788754,0.15046796202659607,0.5529100298881531,0.31216931343078613
YKL206C,YMR119W,1,-4.279222,0.15107913315296173,0.5555555820465088,0.31216931343078613
YOR174W,YKL200C,0,-4.279456,0.15097051858901978,0.5555555820465088,0.3124338686466217
YHR059W,YNL333W,0,-4.279631,0.15086206793785095,0.5555555820465088,0.3126984238624573
YOR322C,YDR235W,0,-4.2799754,0.15075376629829407,0.5555555820465088,0.31296294927597046
YOR388C,YDR392W,0,-4.2799997,0.15064562857151031,0.5555555820465088,0.31322750449180603
YPR111W,YGR072W,0,-4.280116,0.1505376398563385,0.5555555820465088,0.3134920597076416
YDL097C,YLR417W,1,-4.2803555,0.15114612877368927,0.5582010746002197,0.3134920597076416
YGR092W,YEL019C,0,-4.2804856,0.15103793144226074,0.5582010746002197,0.3137566149234772
YOR295W,YLR193C,0,-4.281087,0.15092989802360535,0.5582010746002197,0.31402117013931274
YOR377W,YHR214C-B,0,-4.281514,0.1508220136165619,0.5582010746002197,0.3142857253551483
YKL006C-A,YGR047C,0,-4.2816625,0.15071429312229156,0.5582010746002197,0.3145502507686615
YJL166W,YHR214C-B,0,-4.282443,0.15060670673847198,0.5582010746002197,0.31481480598449707
YGR204W,YGR227W,0,-4.2829814,0.15049928426742554,0.5582010746002197,0.31507936120033264
YOR011W,YHL027W,0,-4.283121,0.15039201080799103,0.5582010746002197,0.3153439164161682
YKR101W,YLR396C,0,-4.283278,0.15028490126132965,0.5582010746002197,0.3156084716320038
YJL092W,YMR190C,0,-4.283497,0.1501779407262802,0.5582010746002197,0.31587302684783936
YNL068C,YJL203W,0,-4.2837152,0.1500711292028427,0.5582010746002197,0.31613755226135254
YPR199C,YDR251W,0,-4.2838726,0.14996446669101715,0.5582010746002197,0.3164021074771881
YDR377W,YKL045W,0,-4.2839446,0.14985795319080353,0.5582010746002197,0.3166666626930237
YDR126W,YKL028W,0,-4.284078,0.14975160360336304,0.5582010746002197,0.31693121790885925
YPR175W,YDR463W,0,-4.284555,0.1496453881263733,0.5582010746002197,0.3171957731246948
YFR046C,YKL079W,0,-4.2847557,0.14953933656215668,0.5582010746002197,0.3174603283405304
YOR326W,YCR052W,0,-4.2856355,0.149433434009552,0.5582010746002197,0.3177248537540436
YOR026W,YNL119W,0,-4.2859697,0.14932766556739807,0.5582010746002197,0.31798940896987915
YBR205W,YIL021W,0,-4.2860355,0.14922206103801727,0.5582010746002197,0.3182539641857147
YMR168C,YGL223C,0,-4.28623,0.1491166055202484,0.5582010746002197,0.3185185194015503
YML036W,YNL075W,0,-4.2866645,0.1490112990140915,0.5582010746002197,0.31878307461738586
YDL178W,YAL007C,0,-4.2866745,0.1489061415195465,0.5582010746002197,0.31904762983322144
YER133W,YDR240C,0,-4.2870245,0.14880113303661346,0.5582010746002197,0.3193121552467346
YHR158C,YBL005W-A,0,-4.2871675,0.14869625866413116,0.5582010746002197,0.3195767104625702
YGL065C,YJL165C,0,-4.287181,0.148591548204422,0.5582010746002197,0.31984126567840576
YPL125W,YLR357W,0,-4.2876754,0.14848698675632477,0.5582010746002197,0.32010582089424133
YGL065C,YOR060C,0,-4.2879195,0.14838255941867828,0.5582010746002197,0.3203703761100769
YEL029C,YHR073W,0,-4.2879944,0.14827828109264374,0.5582010746002197,0.3206349313259125
YJL186W,YLR141W,0,-4.289037,0.14817415177822113,0.5582010746002197,0.32089945673942566
YGL150C,YMR013C,0,-4.289138,0.14807017147541046,0.5582010746002197,0.32116401195526123
YBL040C,YFL002C,0,-4.289199,0.14796634018421173,0.5582010746002197,0.3214285671710968
YBR105C,YPL276W,0,-4.289241,0.14786264300346375,0.5582010746002197,0.3216931223869324
YKL206C,YIR025W,1,-4.289262,0.14845938980579376,0.5608465671539307,0.3216931223869324
YDL245C,YGR248W,0,-4.2895,0.14835549890995026,0.5608465671539307,0.32195767760276794
YFR046C,YMR236W,0,-4.289509,0.1482517421245575,0.5608465671539307,0.3222222328186035
YGR077C,YLR369W,0,-4.2899055,0.14814814925193787,0.5608465671539307,0.3224867582321167
YDL045C,YIL147C,0,-4.290303,0.14804469048976898,0.5608465671539307,0.32275131344795227
YDR365C,YGR185C,0,-4.2903485,0.14794138073921204,0.5608465671539307,0.32301586866378784
YGL180W,YNL042W,0,-4.2904673,0.14783822000026703,0.5608465671539307,0.3232804238796234
YGR092W,YGL229C,0,-4.29126,0.14773519337177277,0.5608465671539307,0.323544979095459
YLL027W,YLR396C,0,-4.2916985,0.14763231575489044,0.5608465671539307,0.32380953431129456
YAL035W,YER178W,0,-4.291973,0.14752957224845886,0.5608465671539307,0.32407405972480774
YDR040C,YBR213W,0,-4.291979,0.14742697775363922,0.5608465671539307,0.3243386149406433
YLR368W,YGL144C,0,-4.292431,0.14732453227043152,0.5608465671539307,0.3246031701564789
YER166W,YKL020C,0,-4.2924824,0.14722222089767456,0.5608465671539307,0.32486772537231445
YJR064W,YOR144C,0,-4.2925816,0.14712005853652954,0.5608465671539307,0.32513228058815
YMR100W,YGR044C,0,-4.292618,0.14701803028583527,0.5608465671539307,0.3253968358039856
YGL021W,YMR139W,0,-4.2932296,0.14691615104675293,0.5608465671539307,0.3256613612174988
YPL018W,YML039W,0,-4.293325,0.14681440591812134,0.5608465671539307,0.32592591643333435
YLL021W,YAL002W,0,-4.2935085,0.14671280980110168,0.5608465671539307,0.3261904716491699
YDR168W,YKL045W,0,-4.2936487,0.14661134779453278,0.5608465671539307,0.3264550268650055
YLR051C,YBL002W,0,-4.29496,0.1465100198984146,0.5608465671539307,0.32671958208084106
YJL138C,YDL112W,0,-4.295591,0.1464088410139084,0.5608465671539307,0.32698413729667664
YLR431C,YBR215W,0,-4.296813,0.1463077962398529,0.5608465671539307,0.3272486627101898
YPL145C,YHL027W,0,-4.2968187,0.14620690047740936,0.5608465671539307,0.3275132179260254
YMR168C,YDR227W,0,-4.297033,0.14610613882541656,0.5608465671539307,0.32777777314186096
YBR065C,YER087C-B,0,-4.29734,0.1460055112838745,0.5608465671539307,0.32804232835769653
YJL099W,YFR046C,0,-4.2978306,0.1459050178527832,0.5608465671539307,0.3283068835735321
YGR227W,YPR051W,0,-4.2980423,0.14580467343330383,0.5608465671539307,0.3285714387893677
YBR188C,YDR113C,0,-4.2981415,0.1457044631242752,0.5608465671539307,0.32883596420288086
YCR073W-A,YNR064C,0,-4.2981696,0.14560440182685852,0.5608465671539307,0.32910051941871643
YJR069C,YKR037C,0,-4.298235,0.14550445973873138,0.5608465671539307,0.329365074634552
YHL022C,YHR178W,0,-4.2983356,0.1454046666622162,0.5608465671539307,0.3296296298503876
YJR083C,YJR139C,0,-4.2989426,0.14530500769615173,0.5608465671539307,0.32989418506622314
YDR173C,YHR214C-B,0,-4.298963,0.14520548284053802,0.5608465671539307,0.3301587402820587
YPL200W,YGR197C,0,-4.299005,0.14510609209537506,0.5608465671539307,0.3304232656955719
YLR192C,YOL020W,0,-4.2991753,0.14500683546066284,0.5608465671539307,0.33068782091140747
YCR020C,YCR081W,0,-4.299474,0.14490772783756256,0.5608465671539307,0.33095237612724304
YOL146W,YHR214C-B,0,-4.2996016,0.14480873942375183,0.5608465671539307,0.3312169313430786
YPR019W,YPL125W,0,-4.300461,0.14470990002155304,0.5608465671539307,0.3314814865589142
YIR010W,YIL077C,0,-4.3007956,0.1446111798286438,0.5608465671539307,0.33174604177474976
YMR316W,YJR043C,0,-4.301511,0.1445126086473465,0.5608465671539307,0.33201056718826294
YMR061W,YCR067C,0,-4.301609,0.14441417157649994,0.5608465671539307,0.3322751224040985
YOR388C,YPL112C,0,-4.3018913,0.14431585371494293,0.5608465671539307,0.3325396776199341
YDR345C,YPR164W,0,-4.302165,0.14421768486499786,0.5608465671539307,0.33280423283576965
YPR105C,YHR059W,0,-4.302522,0.14411965012550354,0.5608465671539307,0.3330687880516052
YAL007C,YJL168C,0,-4.3025274,0.14402173459529877,0.5608465671539307,0.3333333432674408
YBR065C,YML047C,0,-4.304464,0.14392396807670593,0.5608465671539307,0.33359789848327637
YPR042C,YLL013C,0,-4.304534,0.14382632076740265,0.5608465671539307,0.33386242389678955
YLR405W,YGL068W,0,-4.3046374,0.1437288075685501,0.5608465671539307,0.3341269791126251
YLL043W,YHR214C-B,0,-4.3051825,0.1436314433813095,0.5608465671539307,0.3343915343284607
YMR311C,YDR439W,0,-4.3052597,0.14353418350219727,0.5608465671539307,0.33465608954429626
YNL075W,YDR418W,0,-4.3052816,0.14343707263469696,0.5608465671539307,0.33492064476013184
YMR267W,YOR127W,0,-4.305918,0.1433400958776474,0.5608465671539307,0.3351851999759674
YOL013C,YDL147W,1,-4.3061576,0.14391891658306122,0.5634920597076416,0.3351851999759674
YBR136W,YLR010C,0,-4.30618,0.14382174611091614,0.5634920597076416,0.3354497253894806
YLR115W,YPL119C,0,-4.3061867,0.1437246948480606,0.5634920597076416,0.33571428060531616
YPL200W,YOL102C,0,-4.307324,0.14362777769565582,0.5634920597076416,0.33597883582115173
YLR405W,YBL003C,0,-4.3078303,0.14353099465370178,0.5634920597076416,0.3362433910369873
YJL036W,YLL040C,0,-4.3079634,0.1434343457221985,0.5634920597076416,0.3365079462528229
YJL001W,YKL034W,1,-4.308672,0.1440107673406601,0.5661375522613525,0.3365079462528229
YHR081W,YPL128C,0,-4.309021,0.14391392469406128,0.5661375522613525,0.33677250146865845
YDR191W,YFR005C,0,-4.3097844,0.14381720125675201,0.5661375522613525,0.33703702688217163
YJL165C,YDR463W,0,-4.3099866,0.1437206119298935,0.5661375522613525,0.3373015820980072
YLR320W,YIL084C,0,-4.3101635,0.14362415671348572,0.5661375522613525,0.3375661373138428
YDR235W,YLR059C,0,-4.3107433,0.1435278356075287,0.5661375522613525,0.33783069252967834
YDL132W,YLR417W,1,-4.310899,0.14410187304019928,0.5687830448150635,0.33783069252967834
YDR181C,YHR214C-B,0,-4.311401,0.14400535821914673,0.5687830448150635,0.3380952477455139
YMR150C,YDR379W,0,-4.311595,0.14390896260738373,0.5687830448150635,0.3383598029613495
YJR057W,YER133W,0,-4.3119135,0.14381271600723267,0.5687830448150635,0.33862432837486267
YER143W,YJR131W,1,-4.312105,0.14438502490520477,0.5714285969734192,0.33862432837486267
YJR139C,YJR010C-A,0,-4.3121796,0.1442885845899582,0.5714285969734192,0.33888888359069824
YJR090C,YGL004C,1,-4.3122215,0.14485980570316315,0.5740740895271301,0.33888888359069824
YMR025W,YHR079C-A,0,-4.312912,0.14476317167282104,0.5740740895271301,0.3391534388065338
YMR049C,YNL068C,0,-4.3131337,0.1446666717529297,0.5740740895271301,0.3394179940223694
YNR052C,YJL139C,0,-4.313492,0.14457029104232788,0.5740740895271301,0.33968254923820496
YCR020C,YLR301W,0,-4.3135777,0.14447402954101562,0.5740740895271301,0.3399471044540405
YDL175C,YLL021W,0,-4.314116,0.1443779170513153,0.5740740895271301,0.3402116298675537
YMR139W,YML039W,0,-4.3143687,0.14428190886974335,0.5740740895271301,0.3404761850833893
YDR435C,YER169W,0,-4.3158555,0.14418604969978333,0.5740740895271301,0.34074074029922485
YMR163C,YGL086W,0,-4.3159237,0.14409030973911285,0.5740740895271301,0.3410052955150604
YLR102C,YML029W,1,-4.3159966,0.14465826749801636,0.5767195820808411,0.3410052955150604
YCR066W,YOR151C,0,-4.316393,0.14456233382225037,0.5767195820808411,0.341269850730896
YBR279W,YJL114W,0,-4.3167515,0.14446653425693512,0.5767195820808411,0.34153440594673157
YDL147W,YLR417W,1,-4.3173294,0.1450331062078476,0.579365074634552,0.34153440594673157
YOL071W,YDL043C,0,-4.3173804,0.14493712782859802,0.579365074634552,0.34179893136024475
YPL169C,YJL019W,0,-4.317626,0.144841268658638,0.579365074634552,0.3420634865760803
YIR025W,YDR330W,1,-4.317858,0.14540648460388184,0.5820105671882629,0.3420634865760803
YPR171W,YNL153C,0,-4.3179803,0.1453104317188263,0.5820105671882629,0.3423280417919159
YPR019W,YDR439W,0,-4.318243,0.1452145278453827,0.5820105671882629,0.34259259700775146
YNR052C,YOR329C,0,-4.3184614,0.14511872828006744,0.5820105671882629,0.34285715222358704
YFR005C,YGL097W,0,-4.31895,0.14502307772636414,0.5820105671882629,0.3431217074394226
YNL161W,YOR193W,0,-4.319377,0.14492753148078918,0.5820105671882629,0.3433862328529358
YPL213W,YHR023W,0,-4.3195677,0.14483211934566498,0.5820105671882629,0.34365078806877136
YNL312W,YIL077C,0,-4.3208303,0.14473684132099152,0.5820105671882629,0.34391534328460693
YOR274W,YGR178C,0,-4.321295,0.1446416825056076,0.5820105671882629,0.3441798985004425
YIL014W,YJL093C,0,-4.3213468,0.14454664289951324,0.5820105671882629,0.3444444537162781
YLR115W,YDR432W,0,-4.321397,0.14445173740386963,0.5820105671882629,0.34470900893211365
YGR063C,YJL139C,0,-4.321845,0.14435695111751556,0.5820105671882629,0.34497353434562683
YPR135W,YMR288W,0,-4.3226604,0.14426229894161224,0.5820105671882629,0.3452380895614624
YEL030W,YMR236W,0,-4.3229885,0.14416776597499847,0.5820105671882629,0.345502644777298
YGL051W,YOR106W,0,-4.3236227,0.14407335221767426,0.5820105671882629,0.34576719999313354
YDR188W,YDL245C,0,-4.324038,0.1439790576696396,0.5820105671882629,0.3460317552089691
YBR188C,YBR012W-A,0,-4.324538,0.14388489723205566,0.5820105671882629,0.3462963104248047
YNL206C,YER072W,0,-4.324561,0.1437908560037613,0.5820105671882629,0.34656083583831787
YIL110W,YDR397C,0,-4.324604,0.14369693398475647,0.5820105671882629,0.34682539105415344
YGR227W,YOR329C,0,-4.3252316,0.1436031311750412,0.5820105671882629,0.347089946269989
YPR082C,YBR215W,0,-4.3258057,0.14350946247577667,0.5820105671882629,0.3473545014858246
YDR188W,YAR031W,0,-4.3270187,0.1434159129858017,0.5820105671882629,0.34761905670166016
YPR171W,YGL098W,0,-4.3270607,0.14332248270511627,0.5820105671882629,0.3478836119174957
YPL145C,YBR279W,0,-4.3275146,0.1432291716337204,0.5820105671882629,0.3481481373310089
YER133W,YMR210W,0,-4.327765,0.14313597977161407,0.5820105671882629,0.3484126925468445
YOR144C,YMR210W,0,-4.3279047,0.1430429071187973,0.5820105671882629,0.34867724776268005
YFL034C-B,YIL153W,0,-4.327982,0.14294996857643127,0.5820105671882629,0.3489418029785156
YGR289C,YER074W-A,0,-4.328007,0.1428571492433548,0.5820105671882629,0.3492063581943512
YML086C,YKL079W,0,-4.3280087,0.14276443421840668,0.5820105671882629,0.34947091341018677
YMR275C,YPL106C,0,-4.328066,0.1426718533039093,0.5820105671882629,0.34973543882369995
YDL052C,YPR080W,0,-4.328067,0.14257939159870148,0.5820105671882629,0.3499999940395355
YJL219W,YKR037C,0,-4.328278,0.1424870491027832,0.5820105671882629,0.3502645492553711
YDR113C,YER151C,0,-4.3292503,0.14239482581615448,0.5820105671882629,0.35052910447120667
YGL223C,YGL229C,0,-4.329399,0.1423027217388153,0.5820105671882629,0.35079365968704224
YMR119W,YGL004C,1,-4.329416,0.1428571492433548,0.5846560597419739,0.35079365968704224
YDR346C,YDL109C,0,-4.3299403,0.1427648514509201,0.5846560597419739,0.3510582149028778
YNL219C,YCL029C,0,-4.3305235,0.14267268776893616,0.5846560597419739,0.351322740316391
YMR100W,YPL106C,0,-4.330934,0.14258064329624176,0.5846560597419739,0.35158729553222656
YJL099W,YJL114W,0,-4.3311834,0.14248871803283691,0.5846560597419739,0.35185185074806213
YNL068C,YPL283C,0,-4.3319244,0.14239691197872162,0.5846560597419739,0.3521164059638977
YLR009W,YER087C-B,0,-4.332241,0.14230521023273468,0.5846560597419739,0.3523809611797333
YBR192W,YDR170C,0,-4.33269,0.1422136425971985,0.5846560597419739,0.35264551639556885
YKL206C,YDL147W,1,-4.33273,0.14276526868343353,0.5873016119003296,0.35264551639556885
YDR188W,YOR098C,0,-4.3338423,0.142673522233963,0.5873016119003296,0.35291004180908203
YER068W,YFR005C,0,-4.3351064,0.14258189499378204,0.5873016119003296,0.3531745970249176
YCR098C,YJR132W,0,-4.3351073,0.14249037206172943,0.5873016119003296,0.3534391522407532
YOR249C,YKL034W,1,-4.335478,0.14304040372371674,0.5899471044540405,0.3534391522407532
YJL101C,YDL059C,0,-4.335508,0.142948716878891,0.5899471044540405,0.35370370745658875
YKL206C,YDL126C,1,-4.3356576,0.1434977650642395,0.5925925970077515,0.35370370745658875
YDL126C,YOL133W,1,-4.335699,0.1440460979938507,0.5952380895614624,0.35370370745658875
YLR320W,YLR219W,0,-4.335744,0.14395393431186676,0.5952380895614624,0.3539682626724243
YPL116W,YOR151C,0,-4.3357887,0.14386188983917236,0.5952380895614624,0.3542328178882599
YML049C,YDR240C,0,-4.336319,0.14376996457576752,0.5952380895614624,0.35449734330177307
YKL032C,YDR201W,0,-4.336954,0.14367815852165222,0.5952380895614624,0.35476189851760864
YMR119W,YDL126C,1,-4.3372517,0.1442246288061142,0.5978835821151733,0.35476189851760864
YJR010C-A,YHL012W,0,-4.3374104,0.14413265883922577,0.5978835821151733,0.3550264537334442
YPR141C,YOR151C,0,-4.3380485,0.1440407931804657,0.5978835821151733,0.3552910089492798
YGL120C,YLL056C,0,-4.3383026,0.14394904673099518,0.5978835821151733,0.35555556416511536
YOR188W,YML039W,0,-4.3387065,0.1438574194908142,0.5978835821151733,0.3558201193809509
YKL005C,YEL069C,0,-4.3390183,0.1437658965587616,0.5978835821151733,0.3560846447944641
YMR032W,YEL051W,0,-4.3394146,0.14367450773715973,0.5978835821151733,0.3563492000102997
YIR025W,YML029W,1,-4.3395605,0.1442185491323471,0.6005290746688843,0.3563492000102997
YLL001W,YDR407C,0,-4.3406997,0.1441269814968109,0.6005290746688843,0.35661375522613525
YAL056W,YGL137W,0,-4.3415346,0.14403553307056427,0.6005290746688843,0.3568783104419708
YHR143W-A,YAL047C,0,-4.341772,0.14394420385360718,0.6005290746688843,0.3571428656578064
YKL020C,YHR178W,0,-4.341892,0.14385297894477844,0.6005290746688843,0.35740742087364197
YJL035C,YML001W,0,-4.341921,0.14376187324523926,0.6005290746688843,0.35767194628715515
YKR054C,YBR009C,0,-4.342181,0.14367088675498962,0.6005290746688843,0.3579365015029907
YHR067W,YNL329C,0,-4.342787,0.14358001947402954,0.6005290746688843,0.3582010567188263
YOL147C,YOR380W,0,-4.342802,0.14348925650119781,0.6005290746688843,0.35846561193466187
YMR263W,YOR060C,0,-4.3432145,0.14339861273765564,0.6005290746688843,0.35873016715049744
YKR083C,YBR093C,0,-4.3436403,0.14330808818340302,0.6005290746688843,0.358994722366333
YOR249C,YDR330W,1,-4.3436446,0.14384858310222626,0.60317462682724,0.358994722366333
YHR068W,YBR153W,0,-4.343908,0.1437578797340393,0.60317462682724,0.3592592477798462
YDR420W,YDR379W,0,-4.3442907,0.1436672955751419,0.60317462682724,0.35952380299568176
YDL132W,YJR090C,1,-4.345375,0.14420655369758606,0.6058201193809509,0.35952380299568176
YGL167C,YML001W,0,-4.345465,0.14411579072475433,0.6058201193809509,0.35978835821151733
YNL048W,YFR005C,0,-4.345767,0.14402516186237335,0.6058201193809509,0.3600529134273529
YPL116W,YDL052C,0,-4.3457975,0.14393463730812073,0.6058201193809509,0.3603174686431885
YKL146W,YGL062W,0,-4.346985,0.14384421706199646,0.6058201193809509,0.36058202385902405
YOL013C,YER012W,1,-4.3471193,0.14438167214393616,0.6084656119346619,0.36058202385902405
YER143W,YIR025W,1,-4.3480563,0.14491844177246094,0.6111111044883728,0.36058202385902405
YGL222C,YHR138C,0,-4.348451,0.14482758939266205,0.6111111044883728,0.36084654927253723
YDR113C,YDL095W,0,-4.3485947,0.14473684132099152,0.6111111044883728,0.3611111044883728
YGL172W,YBR143C,0,-4.349488,0.14464621245861053,0.6111111044883728,0.3613756597042084
YCR018C,YNL128W,0,-4.349588,0.1445556879043579,0.6111111044883728,0.36164021492004395
YMR044W,YEL002C,0,-4.349618,0.14446529746055603,0.6111111044883728,0.3619047701358795
YPL082C,YDR235W,0,-4.349886,0.1443749964237213,0.6111111044883728,0.3621693253517151
YDL178W,YOR162C,0,-4.351223,0.14428481459617615,0.6111111044883728,0.36243385076522827
YBR279W,YLR305C,0,-4.351459,0.14419475197792053,0.6111111044883728,0.36269840598106384
YOR144C,YMR026C,0,-4.3519373,0.14410480856895447,0.6111111044883728,0.3629629611968994
YNL153C,YLR369W,0,-4.352234,0.14401496946811676,0.6111111044883728,0.363227516412735
YNL029C,YIL039W,0,-4.3522444,0.1439252346754074,0.6111111044883728,0.36349207162857056
YOR249C,YER143W,1,-4.3527913,0.14445827901363373,0.6137565970420837,0.36349207162857056
YER155C,YGL254W,0,-4.353328,0.14436839520931244,0.6137565970420837,0.36375662684440613
YPR046W,YDL015C,0,-4.3534975,0.1442786008119583,0.6137565970420837,0.3640211522579193
YMR119W,YER012W,1,-4.353757,0.14481043815612793,0.6164020895957947,0.3640211522579193
YLL027W,YPL145C,0,-4.353819,0.14472049474716187,0.6164020895957947,0.3642857074737549
YLR160C,YJL094C,0,-4.353828,0.14463067054748535,0.6164020895957947,0.36455026268959045
YLR059C,YHR214C-B,0,-4.353878,0.144540935754776,0.6164020895957947,0.364814817905426
YER114C,YKR062W,0,-4.353901,0.1444513350725174,0.6164020895957947,0.3650793731212616
YKR028W,YKL051W,0,-4.354887,0.14436183869838715,0.6164020895957947,0.36534392833709717
YPR051W,YLR141W,0,-4.3555346,0.14427244663238525,0.6164020895957947,0.36560845375061035
YNL288W,YHR196W,0,-4.355544,0.1441831737756729,0.6164020895957947,0.3658730089664459
YER074W-A,YGL255W,0,-4.35615,0.14409400522708893,0.6164020895957947,0.3661375641822815
YIR010W,YOR160W,0,-4.356203,0.1440049409866333,0.6164020895957947,0.36640211939811707
YDL105W,YNR064C,0,-4.356411,0.14391599595546722,0.6164020895957947,0.36666667461395264
YBR260C,YHR178W,0,-4.3564897,0.1438271552324295,0.6164020895957947,0.3669312298297882
YLL027W,YNL290W,0,-4.356945,0.14373843371868134,0.6164020895957947,0.3671957552433014
YJL186W,YHR143W-A,0,-4.3573647,0.14364981651306152,0.6164020895957947,0.36746031045913696
YDR022C,YGL194C,0,-4.3574514,0.14356130361557007,0.6164020895957947,0.36772486567497253
YLR113W,YOR338W,0,-4.3575425,0.14347290992736816,0.6164020895957947,0.3679894208908081
YMR048W,YPL254W,0,-4.3578935,0.14338462054729462,0.6164020895957947,0.3682539761066437
YBR156C,YDL109C,0,-4.3578954,0.14329643547534943,0.6164020895957947,0.36851853132247925
YKL206C,YJR131W,1,-4.358457,0.14382298290729523,0.6190476417541504,0.36851853132247925
YNL243W,YER072W,0,-4.3591633,0.1437346488237381,0.6190476417541504,0.36878305673599243
YDR217C,YMR013C,0,-4.359825,0.14364640414714813,0.6190476417541504,0.369047611951828
YML058W-A,YPR075C,0,-4.360409,0.14355827867984772,0.6190476417541504,0.3693121671676636
YLR192C,YPL127C,0,-4.360869,0.14347025752067566,0.6190476417541504,0.36957672238349915
YIR033W,YJL192C,0,-4.3613005,0.14338235557079315,0.6190476417541504,0.3698412775993347
YOL128C,YDL109C,0,-4.3616505,0.1432945430278778,0.6190476417541504,0.3701058328151703
YBR211C,YIR013C,0,-4.363038,0.14320684969425201,0.6190476417541504,0.37037035822868347
YBR211C,YJR033C,0,-4.363411,0.14311926066875458,0.6190476417541504,0.37063491344451904
YKL017C,YBR077C,0,-4.3635783,0.1430317908525467,0.6190476417541504,0.3708994686603546
YGR177C,YJL085W,0,-4.363787,0.14294441044330597,0.6190476417541504,0.3711640238761902
YNL329C,YMR050C,0,-4.3637967,0.1428571492433548,0.6190476417541504,0.37142857909202576
YPL241C,YNL222W,0,-4.363902,0.1427699774503708,0.6190476417541504,0.37169313430786133
YDL132W,YGL058W,1,-4.3640175,0.14329268038272858,0.6216931343078613,0.37169313430786133
YBL022C,YER169W,0,-4.364232,0.14320535957813263,0.6216931343078613,0.3719576597213745
YOR260W,YLR141W,0,-4.364375,0.14311814308166504,0.6216931343078613,0.3722222149372101
YNL329C,YGL167C,0,-4.365205,0.143031045794487,0.6216931343078613,0.37248677015304565
YDR294C,YBR214W,0,-4.3652477,0.14294403791427612,0.6216931343078613,0.3727513253688812
YIL098C,YNL291C,0,-4.3654146,0.1428571492433548,0.6216931343078613,0.3730158805847168
YHR072W-A,YDR289C,0,-4.365663,0.14277034997940063,0.6216931343078613,0.37328043580055237
YJL140W,YIL153W,0,-4.365799,0.14268366992473602,0.6216931343078613,0.37354496121406555
YER143W,YLR417W,1,-4.3658266,0.14320388436317444,0.6243386268615723,0.37354496121406555
YOR388C,YML097C,0,-4.366321,0.1431170403957367,0.6243386268615723,0.3738095164299011
YJL031C,YBR036C,0,-4.367234,0.1430303007364273,0.6243386268615723,0.3740740716457367
YJR131W,YLR417W,1,-4.3672705,0.1435493677854538,0.6269841194152832,0.3740740716457367
YDR252W,YKL005C,0,-4.368135,0.14346246421337128,0.6269841194152832,0.37433862686157227
YIL124W,YFR008W,0,-4.368374,0.1433756798505783,0.6269841194152832,0.37460318207740784
YIL036W,YDL059C,0,-4.368539,0.1432889997959137,0.6269841194152832,0.3748677372932434
YDR225W,YBR061C,0,-4.369048,0.14320242404937744,0.6269841194152832,0.3751322627067566
YAL044C,YKL152C,0,-4.369624,0.14311593770980835,0.6269841194152832,0.37539681792259216
YOR100C,YJL094C,0,-4.369886,0.1430295705795288,0.6269841194152832,0.37566137313842773
YBR213W,YMR210W,0,-4.37115,0.14294330775737762,0.6269841194152832,0.3759259283542633
YLR320W,YPL157W,0,-4.3713875,0.1428571492433548,0.6269841194152832,0.3761904835700989
YOL002C,YGL255W,0,-4.3723087,0.14277108013629913,0.6269841194152832,0.37645503878593445
YIL110W,YDL236W,0,-4.3723407,0.14268513023853302,0.6269841194152832,0.37671956419944763
YLR033W,YML001W,0,-4.3728523,0.14259928464889526,0.6269841194152832,0.3769841194152832
YLR009W,YML097C,0,-4.3730965,0.14251352846622467,0.6269841194152832,0.3772486746311188
YMR168C,YDR201W,0,-4.37348,0.14242789149284363,0.6269841194152832,0.37751322984695435
YEL069C,YIL118W,0,-4.373897,0.14234234392642975,0.6269841194152832,0.3777777850627899
YJR093C,YEL069C,0,-4.374028,0.14225690066814423,0.6269841194152832,0.3780423402786255
YLR095C,YIL147C,0,-4.374175,0.14217156171798706,0.6269841194152832,0.37830686569213867
YBR042C,YML123C,0,-4.374407,0.14208632707595825,0.6269841194152832,0.37857142090797424
YGR227W,YNL214W,0,-4.37449,0.1420011967420578,0.6269841194152832,0.3788359761238098
YER008C,YDR478W,0,-4.3746395,0.1419161707162857,0.6269841194152832,0.3791005313396454
YBL045C,YOR322C,0,-4.375291,0.14183123409748077,0.6269841194152832,0.37936508655548096
YCR073W-A,YOL055C,0,-4.3754344,0.1417464166879654,0.6269841194152832,0.37962964177131653
YOR346W,YDR450W,0,-4.375807,0.14166168868541718,0.6269841194152832,0.3798941671848297
YNL075W,YDR217C,0,-4.3760185,0.14157706499099731,0.6269841194152832,0.3801587224006653
YHR164C,YAL056W,0,-4.3765087,0.14149253070354462,0.6269841194152832,0.38042327761650085
YGL172W,YHR150W,0,-4.377712,0.14140811562538147,0.6269841194152832,0.3806878328323364
YDR499W,YJL203W,0,-4.3777456,0.14132378995418549,0.6269841194152832,0.380952388048172
YKR034W,YOR329C,0,-4.377933,0.14123956859111786,0.6269841194152832,0.38121694326400757
YPR019W,YGR284C,0,-4.3780026,0.1411554515361786,0.6269841194152832,0.38148146867752075
YOR380W,YKR031C,0,-4.378296,0.14107142388820648,0.6269841194152832,0.3817460238933563
YLR009W,YNL206C,0,-4.379218,0.14098750054836273,0.6269841194152832,0.3820105791091919
YLL001W,YGL016W,0,-4.3799877,0.14090368151664734,0.6269841194152832,0.38227513432502747
YML086C,YGR163W,0,-4.38027,0.1408199667930603,0.6269841194152832,0.38253968954086304
YHR160C,YNL334C,0,-4.380455,0.14073634147644043,0.6269841194152832,0.3828042447566986
YMR119W,YER094C,1,-4.380763,0.14124628901481628,0.6296296119689941,0.3828042447566986
YER008C,YIL031W,0,-4.381653,0.14116251468658447,0.6296296119689941,0.3830687701702118
YER030W,YGR085C,0,-4.3817253,0.14107884466648102,0.6296296119689941,0.38333332538604736
YDR456W,YPR002W,0,-4.381732,0.14099526405334473,0.6296296119689941,0.38359788060188293
YKR083C,YDR379W,0,-4.382256,0.1409117877483368,0.6296296119689941,0.3838624358177185
YMR061W,YNL263C,0,-4.3830056,0.14082840085029602,0.6296296119689941,0.3841269910335541
YOL078W,YDR385W,0,-4.3832436,0.1407451182603836,0.6296296119689941,0.38439154624938965
YJR064W,YIR010W,0,-4.3835034,0.14066193997859955,0.6296296119689941,0.38465607166290283
YNR019W,YNL025C,0,-4.384472,0.14057885110378265,0.6296296119689941,0.3849206268787384
YLL004W,YDR165W,0,-4.3854017,0.14049586653709412,0.6296296119689941,0.385185182094574
YJL165C,YNL244C,0,-4.385433,0.14041298627853394,0.6296296119689941,0.38544973731040955
YML112W,YOR338W,0,-4.3854685,0.14033019542694092,0.6296296119689941,0.3857142925262451
YDL145C,YDR463W,0,-4.3856945,0.14024749398231506,0.6296296119689941,0.3859788477420807
YKL146W,YFR046C,0,-4.385852,0.14016489684581757,0.6296296119689941,0.38624337315559387
YJL168C,YOL102C,0,-4.386676,0.14008240401744843,0.6296296119689941,0.38650792837142944
YEL069C,YPL112C,0,-4.3867936,0.14000000059604645,0.6296296119689941,0.386772483587265
YDL126C,YDR177W,1,-4.3868995,0.1405055820941925,0.6322751045227051,0.386772483587265
YPR019W,YGL068W,0,-4.387055,0.1404230296611786,0.6322751045227051,0.3870370388031006
YER174C,YNL244C,0,-4.3873844,0.14034058153629303,0.6322751045227051,0.38730159401893616
YHR164C,YDR251W,0,-4.3885527,0.14025822281837463,0.6322751045227051,0.38756614923477173
YMR119W,YOL133W,1,-4.3886175,0.14076246321201324,0.6349206566810608,0.38756614923477173
YML058W-A,YML097C,0,-4.3891373,0.1406799554824829,0.6349206566810608,0.3878306746482849
YDR456W,YMR030W,0,-4.3891635,0.14059753715991974,0.6349206566810608,0.3880952298641205
YJL019W,YGL097W,0,-4.3893976,0.14051522314548492,0.6349206566810608,0.38835978507995605
YDL126C,YDL132W,1,-4.3899717,0.14101813733577728,0.6375661492347717,0.38835978507995605
YIL009W,YDR217C,0,-4.3905416,0.14093567430973053,0.6375661492347717,0.3886243402957916
YBR193C,YGR044C,0,-4.3908033,0.14085330069065094,0.6375661492347717,0.3888888955116272
YER012W,YKL034W,1,-4.391144,0.14135514199733734,0.6402116417884827,0.3888888955116272
YDR499W,YMR069W,0,-4.3912444,0.1412726193666458,0.6402116417884827,0.38915345072746277
YIL124W,YNL329C,0,-4.3913093,0.14119020104408264,0.6402116417884827,0.38941797614097595
YKL220C,YBR077C,0,-4.3918605,0.14110787212848663,0.6402116417884827,0.3896825313568115
YLR381W,YOR322C,0,-4.3921013,0.14102564752101898,0.6402116417884827,0.3899470865726471
YOR326W,YLR466W,0,-4.3921604,0.1409435123205185,0.6402116417884827,0.39021164178848267
YNL206C,YOR060C,0,-4.3932123,0.14086146652698517,0.6402116417884827,0.39047619700431824
YJR069C,YPL139C,0,-4.393283,0.1407795250415802,0.6402116417884827,0.3907407522201538
YMR287C,YLR291C,0,-4.393499,0.1406976729631424,0.6402116417884827,0.391005277633667
YGL058W,YGL004C,1,-4.393906,0.14119698107242584,0.6428571343421936,0.391005277633667
YGR177C,YOR099W,0,-4.394346,0.1411149799823761,0.6428571343421936,0.39126983284950256
YPL217C,YCR018C,0,-4.394833,0.1410330832004547,0.6428571343421936,0.39153438806533813
YOR250C,YIL029C,0,-4.39532,0.1409512758255005,0.6428571343421936,0.3917989432811737
YML029W,YLR417W,1,-4.3953676,0.14144927263259888,0.6455026268959045,0.3917989432811737
YCR065W,YLL021W,0,-4.3955455,0.14136731624603271,0.6455026268959045,0.3920634984970093
YOR260W,YGR185C,0,-4.3960376,0.1412854641675949,0.6455026268959045,0.39232805371284485
YDR206W,YNL139C,0,-4.3961887,0.14120370149612427,0.6455026268959045,0.39259257912635803
YDR096W,YOR193W,0,-4.396497,0.14112204313278198,0.6455026268959045,0.3928571343421936
YPR105C,YCR040W,0,-4.396547,0.14104045927524567,0.6455026268959045,0.3931216895580292
YGR120C,YDR083W,0,-4.396762,0.1409589797258377,0.6455026268959045,0.39338624477386475
YMR287C,YEL051W,0,-4.3967743,0.1408776044845581,0.6455026268959045,0.3936507999897003
YPL119C,YMR210W,0,-4.396781,0.14079630374908447,0.6455026268959045,0.3939153552055359
YOL156W,YJL203W,0,-4.396906,0.1407151073217392,0.6455026268959045,0.3941798806190491
YOL133W,YLR417W,1,-4.3971114,0.1412103772163391,0.6481481194496155,0.3941798806190491
YHL028W,YBL005W-A,0,-4.397378,0.1411290317773819,0.6481481194496155,0.39444443583488464
YPR164W,YNL287W,0,-4.397513,0.14104779064655304,0.6481481194496155,0.3947089910507202
YNL161W,YIL118W,0,-4.397649,0.14096662402153015,0.6481481194496155,0.3949735462665558
YDR385W,YHR214C-B,0,-4.3981223,0.14088556170463562,0.6481481194496155,0.39523810148239136
YBR038W,YNR064C,0,-4.398466,0.14080460369586945,0.6481481194496155,0.39550265669822693
YMR036C,YIL077C,0,-4.398734,0.14072372019290924,0.6481481194496155,0.3957671821117401
YPR199C,YIR004W,0,-4.399085,0.1406429409980774,0.6481481194496155,0.3960317373275757
YMR026C,YFR034C,0,-4.3995543,0.1405622512102127,0.6481481194496155,0.39629629254341125
YCL029C,YPL249C,0,-4.3996067,0.14048165082931519,0.6481481194496155,0.3965608477592468
YDL045C,YNL312W,0,-4.4007072,0.14040113985538483,0.6481481194496155,0.3968254029750824
YDL148C,YHR154W,0,-4.401145,0.14032073318958282,0.6481481194496155,0.39708995819091797
YIR004W,YNL214W,0,-4.401293,0.14024041593074799,0.6481481194496155,0.39735448360443115
YKL045W,YJL026W,0,-4.401368,0.1401601880788803,0.6481481194496155,0.3976190388202667
YOR181W,YKL028W,0,-4.402095,0.1400800496339798,0.6481481194496155,0.3978835940361023
YCR048W,YBL105C,0,-4.4024076,0.14000000059604645,0.6481481194496155,0.39814814925193787
YPL266W,YMR113W,0,-4.402663,0.13992004096508026,0.6481481194496155,0.39841270446777344
YIR025W,YER094C,1,-4.402788,0.14041095972061157,0.6507936716079712,0.39841270446777344
YPL248C,YJL164C,0,-4.4032397,0.14033086597919464,0.6507936716079712,0.398677259683609
YOR249C,YER012W,1,-4.4034114,0.14082098007202148,0.6534391641616821,0.398677259683609
YAR031W,YJL036W,0,-4.403946,0.14074073731899261,0.6534391641616821,0.3989417850971222
YGL078C,YMR183C,0,-4.404183,0.1406605988740921,0.6534391641616821,0.39920634031295776
YML086C,YDL105W,0,-4.404255,0.14058053493499756,0.6534391641616821,0.39947089552879333
YER095W,YDR088C,0,-4.4043875,0.14050057530403137,0.6534391641616821,0.3997354507446289
YFR008W,YGL086W,0,-4.404868,0.14042069017887115,0.6534391641616821,0.4000000059604645
YER166W,YCR073W-A,0,-4.405206,0.1403409093618393,0.6534391641616821,0.40026456117630005
YGL247W,YGR284C,0,-4.40532,0.1402612179517746,0.6534391641616821,0.40052908658981323
YDL126C,YGL240W,1,-4.4053745,0.14074914157390594,0.6560846567153931,0.40052908658981323
YGR163W,YDR228C,0,-4.406015,0.1406693160533905,0.6560846567153931,0.4007936418056488
YDR365C,YJL125C,0,-4.406083,0.14058956503868103,0.6560846567153931,0.4010581970214844
YJL062W,YMR210W,0,-4.4060955,0.14050991833209991,0.6560846567153931,0.40132275223731995
YPR193C,YPR164W,0,-4.4063773,0.14043034613132477,0.6560846567153931,0.4015873074531555
YER094C,YML029W,1,-4.4066505,0.14091680943965912,0.658730149269104,0.4015873074531555
YLR102C,YKL034W,1,-4.4068975,0.1414027214050293,0.6613756418228149,0.4015873074531555
YKL053C-A,YBR073W,0,-4.407776,0.1413227766752243,0.6613756418228149,0.4018518626689911
YJR131W,YGL058W,1,-4.4077773,0.1418079137802124,0.6640211343765259,0.4018518626689911
YDL178W,YOR144C,0,-4.4084377,0.14172783493995667,0.6640211343765259,0.4021163880825043
YIL098C,YPR002W,0,-4.4091673,0.14164786040782928,0.6640211343765259,0.40238094329833984
YKL032C,YCL034W,0,-4.4096937,0.14156796038150787,0.6640211343765259,0.4026454985141754
YKL120W,YLR148W,0,-4.4102087,0.14148816466331482,0.6640211343765259,0.402910053730011
YIL149C,YFR005C,0,-4.410285,0.14140844345092773,0.6640211343765259,0.40317460894584656
YBR136W,YER089C,0,-4.4107394,0.141328826546669,0.6640211343765259,0.40343916416168213
YDL236W,YGR047C,0,-4.410985,0.14124929904937744,0.6640211343765259,0.4037036895751953
YFL029C,YLR200W,0,-4.411036,0.14116986095905304,0.6640211343765259,0.4039682447910309
YOR085W,YOR151C,0,-4.4110794,0.1410904973745346,0.6640211343765259,0.40423280000686646
YGL150C,YJL074C,0,-4.41133,0.14101123809814453,0.6640211343765259,0.404497355222702
YJL094C,YCR028C-A,0,-4.411853,0.14093205332756042,0.6640211343765259,0.4047619104385376
YLR107W,YML064C,0,-4.4121113,0.14085297286510468,0.6640211343765259,0.40502646565437317
YNL318C,YPL154C,0,-4.4121895,0.1407739818096161,0.6640211343765259,0.40529099106788635
YPL086C,YOR209C,0,-4.4132085,0.14069506525993347,0.6640211343765259,0.4055555462837219
YLR109W,YLR160C,0,-4.4144616,0.1406162530183792,0.6640211343765259,0.4058201014995575
YPL048W,YDR418W,0,-4.414467,0.14053751528263092,0.6640211343765259,0.40608465671539307
YKL220C,YLL013C,0,-4.414814,0.1404588669538498,0.6640211343765259,0.40634921193122864
YJL085W,YJL108C,0,-4.414845,0.14038030803203583,0.6640211343765259,0.4066137671470642
YER129W,YMR053C,0,-4.415629,0.14030183851718903,0.6640211343765259,0.4068782925605774
YOR151C,YLL056C,0,-4.415738,0.1402234584093094,0.6640211343765259,0.40714284777641296
YKL034W,YDR177W,1,-4.4158754,0.14070351421833038,0.6666666865348816,0.40714284777641296
YGL206C,YOR319W,0,-4.41594,0.140625,0.6666666865348816,0.40740740299224854
YBR009C,YDR345C,0,-4.415942,0.14054657518863678,0.6666666865348816,0.4076719582080841
YLR342W,YHL012W,0,-4.4161663,0.14046822488307953,0.6666666865348816,0.4079365134239197
YER095W,YIL066C,0,-4.4162483,0.14038997888565063,0.6666666865348816,0.40820106863975525
YDL145C,YBR223C,0,-4.416583,0.1403118073940277,0.6666666865348816,0.40846559405326843
YIL070C,YBR260C,0,-4.4170856,0.14023372530937195,0.6666666865348816,0.408730149269104
YEL051W,YOR129C,0,-4.4171042,0.14015573263168335,0.6666666865348816,0.4089947044849396
YBR211C,YLR305C,0,-4.4173183,0.14007781445980072,0.6666666865348816,0.40925925970077515
YIL103W,YML064C,0,-4.4175014,0.14000000059604645,0.6666666865348816,0.4095238149166107
YJL058C,YDL059C,0,-4.4179206,0.13992226123809814,0.6666666865348816,0.4097883701324463
YBL002W,YLR009W,0,-4.4184294,0.139844611287117,0.6666666865348816,0.4100528955459595
YHL027W,YOR049C,0,-4.4187512,0.13976705074310303,0.6666666865348816,0.41031745076179504
YOR249C,YDR427W,1,-4.4188075,0.14024390280246735,0.6693121790885925,0.41031745076179504
YJL098W,YER138C,0,-4.4188843,0.14016620814800262,0.6693121790885925,0.4105820059776306
YJR090C,YIR025W,1,-4.419386,0.14064230024814606,0.6719576716423035,0.4105820059776306
YDR289C,YOL055C,0,-4.420349,0.1405644714832306,0.6719576716423035,0.4108465611934662
YOR322C,YLR191W,0,-4.4206395,0.1404867321252823,0.6719576716423035,0.41111111640930176
YER030W,YLL056C,0,-4.420765,0.14040906727313995,0.6719576716423035,0.41137567162513733
YNL278W,YHR214C-B,0,-4.420973,0.14033149182796478,0.6719576716423035,0.4116401970386505
YLR353W,YPL133C,0,-4.421977,0.14025400578975677,0.6719576716423035,0.4119047522544861
YNR019W,YLR329W,0,-4.422097,0.14017659425735474,0.6719576716423035,0.41216930747032166
YGL194C,YML097C,0,-4.4224563,0.14009928703308105,0.6719576716423035,0.4124338626861572
YNL153C,YPR052C,0,-4.4224696,0.14002205431461334,0.6719576716423035,0.4126984179019928
YLR102C,YJR131W,1,-4.422717,0.14049586653709412,0.6746031641960144,0.4126984179019928
YDR289C,YFL059W,0,-4.423748,0.14041849970817566,0.6746031641960144,0.41296297311782837
YKL206C,YDR330W,1,-4.423912,0.14089158177375793,0.6772486567497253,0.41296297311782837
YAL020C,YGL137W,0,-4.424078,0.14081408083438873,0.6772486567497253,0.41322749853134155
YOL151W,YBR097W,0,-4.424609,0.1407366693019867,0.6772486567497253,0.4134920537471771
YDR342C,YNL333W,0,-4.424799,0.14065934717655182,0.6772486567497253,0.4137566089630127
YPL249C,YGL172W,0,-4.4249177,0.1405820995569229,0.6772486567497253,0.41402116417884827
YMR316W,YHR079C,0,-4.425065,0.14050494134426117,0.6772486567497253,0.41428571939468384
YJL001W,YGL058W,1,-4.4254084,0.1409764140844345,0.679894208908081,0.41428571939468384
YJR139C,YKL028W,0,-4.425469,0.14089912176132202,0.679894208908081,0.4145502746105194
YML006C,YHR160C,0,-4.425851,0.1408219188451767,0.679894208908081,0.4148148000240326
YCR066W,YNL107W,0,-4.426099,0.14074479043483734,0.679894208908081,0.41507935523986816
YIL118W,YLR268W,0,-4.4261403,0.14066776633262634,0.679894208908081,0.41534391045570374
YLR144C,YMR025W,0,-4.4262905,0.1405908167362213,0.679894208908081,0.4156084656715393
YBR095C,YMR236W,0,-4.4263844,0.14051394164562225,0.679894208908081,0.4158730208873749
YLL001W,YKL026C,0,-4.426403,0.14043715596199036,0.679894208908081,0.41613757610321045
YHR139C,YCR061W,0,-4.4266977,0.14036045968532562,0.679894208908081,0.41640210151672363
YJR050W,YBR080C,0,-4.4267483,0.14028383791446686,0.679894208908081,0.4166666567325592
YBL045C,YNL312W,0,-4.4270864,0.14020730555057526,0.679894208908081,0.4169312119483948
YPL069C,YPR141C,0,-4.42735,0.14013086259365082,0.679894208908081,0.41719576716423035
YOR326W,YHR119W,0,-4.427901,0.14005449414253235,0.679894208908081,0.4174603223800659
YOR168W,YNL021W,0,-4.4279375,0.13997821509838104,0.679894208908081,0.4177248775959015
YDL045C,YGR288W,0,-4.428091,0.1399020105600357,0.679894208908081,0.41798943281173706
YIR008C,YLR059C,0,-4.428703,0.13982589542865753,0.679894208908081,0.41825395822525024
YDR281C,YLL056C,0,-4.4289427,0.13974986970424652,0.679894208908081,0.4185185134410858
YAL032C,YPL128C,0,-4.4291754,0.13967391848564148,0.679894208908081,0.4187830686569214
YJL186W,YIL029C,0,-4.4295006,0.1395980417728424,0.679894208908081,0.41904762387275696
YDR397C,YFL060C,0,-4.4297523,0.1395222544670105,0.679894208908081,0.41931217908859253
YNL127W,YHL027W,0,-4.429897,0.13944655656814575,0.679894208908081,0.4195767343044281
YOR249C,YER094C,1,-4.430106,0.13991323113441467,0.682539701461792,0.4195767343044281
YJL192C,YOR106W,0,-4.430476,0.13983739912509918,0.682539701461792,0.4198412597179413
YFR009W,YGR280C,0,-4.4306808,0.13976164162158966,0.682539701461792,0.42010581493377686
YPL133C,YPR055W,0,-4.4308605,0.1396859735250473,0.682539701461792,0.4203703701496124
YOL133W,YDR177W,1,-4.4309998,0.1401515156030655,0.6851851940155029,0.4203703701496124
YDR272W,YNL128W,0,-4.431099,0.1400757133960724,0.6851851940155029,0.420634925365448
YGR047C,YLR200W,0,-4.431164,0.14000000059604645,0.6851851940155029,0.42089948058128357
YDR206W,YLR192C,0,-4.4314785,0.13992436230182648,0.6851851940155029,0.42116403579711914
YMR032W,YGL172W,0,-4.4317613,0.13984881341457367,0.6851851940155029,0.4214285612106323
YJR093C,YGL142C,0,-4.431996,0.13977333903312683,0.6851851940155029,0.4216931164264679
YPR023C,YBL023C,0,-4.4322104,0.13969795405864716,0.6851851940155029,0.42195767164230347
YAL007C,YKL144C,0,-4.4325943,0.13962264358997345,0.6851851940155029,0.42222222685813904
YOL043C,YLL021W,0,-4.433685,0.1395474076271057,0.6851851940155029,0.4224867820739746
YGR109C,YER138C,0,-4.433729,0.13947226107120514,0.6851851940155029,0.4227513372898102
YAL056W,YGR054W,0,-4.4349995,0.13939720392227173,0.6851851940155029,0.42301586270332336
YHR030C,YDR088C,0,-4.435484,0.1393222212791443,0.6851851940155029,0.42328041791915894
YCR002C,YNL310C,0,-4.4355607,0.13924731314182281,0.6851851940155029,0.4235449731349945
YOR026W,YMR168C,0,-4.4358807,0.1391724944114685,0.6851851940155029,0.4238095283508301
YDR272W,YIL077C,0,-4.4360714,0.13909775018692017,0.6851851940155029,0.42407408356666565
YDL002C,YOL142W,0,-4.436145,0.1390230804681778,0.6851851940155029,0.4243386387825012
YEL029C,YHR079C-A,0,-4.4362106,0.1389485001564026,0.6851851940155029,0.4246031641960144
YNL106C,YNR064C,0,-4.436863,0.13887399435043335,0.6851851940155029,0.42486771941185
YLR109W,YMR100W,0,-4.436985,0.13879957795143127,0.6851851940155029,0.42513227462768555
YLL042C,YIL009W,0,-4.437148,0.13872522115707397,0.6851851940155029,0.4253968298435211
YGR097W,YML076C,0,-4.437567,0.13865096867084503,0.6851851940155029,0.4256613850593567
YLL043W,YGR059W,0,-4.438196,0.13857677578926086,0.6851851940155029,0.42592594027519226
YNL317W,YOR127W,0,-4.4384203,0.13850267231464386,0.6851851940155029,0.42619046568870544
YGR047C,YML097C,0,-4.438672,0.13842864334583282,0.6851851940155029,0.426455020904541
YDR176W,YML039W,0,-4.439537,0.13835470378398895,0.6851851940155029,0.4267195761203766
YKL206C,YOL133W,1,-4.4396405,0.13881473243236542,0.6878306865692139,0.4267195761203766
YDR294C,YMR287C,0,-4.440057,0.1387406587600708,0.6878306865692139,0.42698413133621216
YIL014W,YBR129C,0,-4.4406166,0.13866665959358215,0.6878306865692139,0.42724868655204773
YDR427W,YML029W,1,-4.441229,0.139125794172287,0.6904761791229248,0.42724868655204773
YFL045C,YFL017W-A,0,-4.441759,0.1390516757965088,0.6904761791229248,0.4275132417678833
YIL110W,YOR098C,0,-4.442332,0.13897763192653656,0.6904761791229248,0.4277777671813965
YOL013C,YDR177W,1,-4.442388,0.13943587243556976,0.6931216716766357,0.4277777671813965
YOR094W,YPR111W,0,-4.442942,0.13936170935630798,0.6931216716766357,0.42804232239723206
YOR249C,YJR090C,1,-4.4432335,0.13981924951076508,0.6957672238349915,0.42804232239723206
YBR168W,YOR329C,0,-4.443694,0.13974495232105255,0.6957672238349915,0.4283068776130676
YLR051C,YDL015C,0,-4.444318,0.1396707445383072,0.6957672238349915,0.4285714328289032
YLR102C,YER094C,1,-4.4447002,0.14012739062309265,0.6984127163887024,0.4285714328289032
YIL147C,YHR178W,0,-4.4449387,0.14005304872989655,0.6984127163887024,0.42883598804473877
YNR057C,YOR338W,0,-4.444954,0.1399787962436676,0.6984127163887024,0.42910054326057434
YJR132W,YCR018C,0,-4.445445,0.13990460336208344,0.6984127163887024,0.4293650686740875
YDL132W,YER012W,1,-4.446085,0.14036017656326294,0.7010582089424133,0.4293650686740875
YEL030W,YOR049C,0,-4.446145,0.14028586447238922,0.7010582089424133,0.4296296238899231
YGL137W,YJL074C,0,-4.44633,0.14021164178848267,0.7010582089424133,0.42989417910575867
YGR284C,YPL213W,0,-4.44653,0.14013749361038208,0.7010582089424133,0.43015873432159424
YOR347C,YDL015C,0,-4.446618,0.14006341993808746,0.7010582089424133,0.4304232895374298
YNL290W,YPL239W,0,-4.4469213,0.13998943567276,0.7010582089424133,0.4306878447532654
YNL328C,YIL066C,0,-4.447359,0.13991552591323853,0.7010582089424133,0.43095237016677856
YJR083C,YJL062W,0,-4.4475946,0.139841690659523,0.7010582089424133,0.43121692538261414
YNL288W,YDR456W,0,-4.448556,0.13976792991161346,0.7010582089424133,0.4314814805984497
YGL051W,YER089C,0,-4.448607,0.13969425857067108,0.7010582089424133,0.4317460358142853
YDR106W,YDR263C,0,-4.4491377,0.13962064683437347,0.7010582089424133,0.43201059103012085
YLR431C,YJL140W,0,-4.4492836,0.13954712450504303,0.7010582089424133,0.4322751462459564
YPL248C,YNL128W,0,-4.449363,0.13947369158267975,0.7010582089424133,0.4325396716594696
YOR250C,YML058W,0,-4.4495273,0.13940031826496124,0.7010582089424133,0.4328042268753052
YNL236W,YGR063C,0,-4.4496446,0.1393270194530487,0.7010582089424133,0.43306878209114075
YIL153W,YIL147C,0,-4.44965,0.13925381004810333,0.7010582089424133,0.4333333373069763
YFR009W,YNL283C,0,-4.449795,0.13918067514896393,0.7010582089424133,0.4335978925228119
YNL278W,YGR227W,0,-4.4498568,0.1391076147556305,0.7010582089424133,0.43386244773864746
YNL119W,YDL047W,0,-4.4499407,0.13903462886810303,0.7010582089424133,0.43412697315216064
YDR040C,YNL002C,0,-4.4500766,0.13896171748638153,0.7010582089424133,0.4343915283679962
YJL111W,YOL151W,0,-4.4501357,0.1388888955116272,0.7010582089424133,0.4346560835838318
YPR046W,YJR112W,0,-4.4501996,0.13881613314151764,0.7010582089424133,0.43492063879966736
YKR083C,YPR075C,0,-4.4502487,0.13874346017837524,0.7010582089424133,0.43518519401550293
YGR177C,YFR005C,0,-4.4524727,0.13867084681987762,0.7010582089424133,0.4354497492313385
YIL022W,YNR064C,0,-4.4527655,0.13859832286834717,0.7010582089424133,0.4357142746448517
YJR007W,YNR064C,0,-4.452852,0.13852587342262268,0.7010582089424133,0.43597882986068726
YKR081C,YLL056C,0,-4.4531035,0.13845349848270416,0.7010582089424133,0.4362433850765228
YHL038C,YGR120C,0,-4.453415,0.1383811980485916,0.7010582089424133,0.4365079402923584
YOL151W,YJL074C,0,-4.4537354,0.13830897212028503,0.7010582089424133,0.43677249550819397
YBR213W,YLR148W,0,-4.453923,0.13823683559894562,0.7010582089424133,0.43703705072402954
YJR090C,YDL097C,1,-4.453983,0.1386861354112625,0.7037037014961243,0.43703705072402954
YJR007W,YKL028W,0,-4.4555807,0.13861386477947235,0.7037037014961243,0.4373015761375427
YKL005C,YBR026C,0,-4.4556313,0.13854166865348816,0.7037037014961243,0.4375661313533783
YFR046C,YER178W,0,-4.4558167,0.13846954703330994,0.7037037014961243,0.43783068656921387
YIR025W,YDL147W,1,-4.4559693,0.13891778886318207,0.7063491940498352,0.43783068656921387
YDR400W,YLR417W,1,-4.4561777,0.1393655687570572,0.7089946866035461,0.43783068656921387
YIL009W,YJR069C,0,-4.4566317,0.1392931342124939,0.7089946866035461,0.43809524178504944
YPR019W,YOR106W,0,-4.4567704,0.13922077417373657,0.7089946866035461,0.438359797000885
YLR095C,YGR005C,0,-4.4571667,0.13914848864078522,0.7089946866035461,0.4386243522167206
YGR097W,YPL249C,0,-4.457397,0.13907627761363983,0.7089946866035461,0.43888887763023376
YOL078W,YDR272W,0,-4.4579306,0.1390041559934616,0.7089946866035461,0.43915343284606934
YOR249C,YLR417W,1,-4.458024,0.13945049047470093,0.7116402387619019,0.43915343284606934
YJR153W,YDL106C,0,-4.4580755,0.13937823474407196,0.7116402387619019,0.4394179880619049
YJR090C,YML029W,1,-4.4580903,0.13982392847537994,0.7142857313156128,0.4394179880619049
YMR163C,YKL020C,0,-4.4582415,0.13975155353546143,0.7142857313156128,0.4396825432777405
YBR129C,YKL028W,0,-4.4586253,0.13967925310134888,0.7142857313156128,0.43994709849357605
YDR176W,YMR139W,0,-4.4599886,0.1396070271730423,0.7142857313156128,0.4402116537094116
YHL024W,YDR058C,0,-4.460171,0.13953489065170288,0.7142857313156128,0.4404761791229248
YDL132W,YDL097C,1,-4.460807,0.13997933268547058,0.7169312238693237,0.4404761791229248
YCL029C,YJR132W,0,-4.46146,0.1399070769548416,0.7169312238693237,0.4407407343387604
YDL079C,YNL003C,0,-4.462467,0.13983488082885742,0.7169312238693237,0.44100528955459595
YLL001W,YEL069C,0,-4.462537,0.1397627592086792,0.7169312238693237,0.4412698447704315
YEL027W,YIL149C,0,-4.4629135,0.13969072699546814,0.7169312238693237,0.4415343999862671
YCR065W,YBR192W,0,-4.4629216,0.13961875438690186,0.7169312238693237,0.44179895520210266
YFL011W-A,YIL123W,0,-4.4629383,0.13954685628414154,0.7169312238693237,0.44206348061561584
YIR010W,YPR112C,0,-4.462967,0.1394750326871872,0.7169312238693237,0.4423280358314514
YDL002C,YKL120W,0,-4.46356,0.1394032984972,0.7169312238693237,0.442592591047287
YBL003C,YER008C,0,-4.463592,0.1393316239118576,0.7169312238693237,0.44285714626312256
YIR010W,YNL075W,0,-4.4638753,0.13926002383232117,0.7169312238693237,0.44312170147895813
YKL125W,YGR059W,0,-4.464489,0.1391884982585907,0.7169312238693237,0.4433862566947937
YHR079C-A,YBR097W,0,-4.4647083,0.1391170471906662,0.7169312238693237,0.4436507821083069
YOR319W,YOR098C,0,-4.464999,0.13904567062854767,0.7169312238693237,0.44391533732414246
YNL318C,YOR326W,0,-4.46506,0.1389743536710739,0.7169312238693237,0.444179892539978
YPL082C,YPR132W,0,-4.465211,0.13890312612056732,0.7169312238693237,0.4444444477558136
YPR122W,YHR191C,0,-4.465302,0.1388319730758667,0.7169312238693237,0.44470900297164917
YDR156W,YMR210W,0,-4.465962,0.13876087963581085,0.7169312238693237,0.44497355818748474
YBR042C,YBR136W,0,-4.4663067,0.13868986070156097,0.7169312238693237,0.4452380836009979
YLL027W,YOL142W,0,-4.466832,0.13861893117427826,0.7169312238693237,0.4455026388168335
YOL146W,YGR059W,0,-4.466874,0.13854806125164032,0.7169312238693237,0.44576719403266907
YLR192C,YDR183W,0,-4.4678392,0.13847726583480835,0.7169312238693237,0.44603174924850464
YIR013C,YOL031C,0,-4.4680076,0.13840653002262115,0.7169312238693237,0.4462963044643402
YKL053C-A,YOL146W,0,-4.468153,0.13833588361740112,0.7169312238693237,0.4465608596801758
YOR099W,YPR055W,0,-4.468769,0.13826531171798706,0.7169312238693237,0.44682538509368896
YEL027W,YPR164W,0,-4.4689164,0.13819479942321777,0.7169312238693237,0.44708994030952454
YGR280C,YLR200W,0,-4.469067,0.13812436163425446,0.7169312238693237,0.4473544955253601
YHR191C,YBR061C,0,-4.469103,0.1380539983510971,0.7169312238693237,0.4476190507411957
YML006C,YBR097W,0,-4.4694076,0.13798370957374573,0.7169312238693237,0.44788360595703125
YJL111W,YNL310C,0,-4.469603,0.13791348040103912,0.7169312238693237,0.4481481611728668
YPR093C,YLR193C,0,-4.4696693,0.13784334063529968,0.7169312238693237,0.44841268658638
YPL145C,YDR449C,0,-4.4705133,0.13777326047420502,0.7169312238693237,0.4486772418022156
YOR274W,YIL039W,0,-4.470546,0.13770325481891632,0.7169312238693237,0.44894179701805115
YER030W,YOR295W,0,-4.4711094,0.1376333236694336,0.7169312238693237,0.4492063522338867
YPR002W,YOR329C,0,-4.4711866,0.13756345212459564,0.7169312238693237,0.4494709074497223
YOR266W,YFL045C,0,-4.4716086,0.13749365508556366,0.7169312238693237,0.44973546266555786
YKR028W,YPL085W,0,-4.4716506,0.13742393255233765,0.7169312238693237,0.44999998807907104
YGL150C,YLR193C,0,-4.472164,0.1373542845249176,0.7169312238693237,0.4502645432949066
YLR084C,YKR101W,0,-4.472214,0.13728469610214233,0.7169312238693237,0.4505290985107422
YGL021W,YKL079W,0,-4.472427,0.13721519708633423,0.7169312238693237,0.45079365372657776
YPR105C,YKR034W,0,-4.4726534,0.1371457427740097,0.7169312238693237,0.45105820894241333
YHR191C,YHL028W,0,-4.4741964,0.13707637786865234,0.7169312238693237,0.4513227641582489
YOR250C,YNL107W,0,-4.4745855,0.13700707256793976,0.7169312238693237,0.4515872895717621
YIR025W,YKL034W,1,-4.474727,0.1374431550502777,0.7195767164230347,0.4515872895717621
YDR263C,YDL043C,0,-4.475357,0.13737373054027557,0.7195767164230347,0.45185184478759766
YOL156W,YCR028C-A,0,-4.4753695,0.1373043954372406,0.7195767164230347,0.4521164000034332
YJL001W,YLR417W,1,-4.475417,0.1377396583557129,0.7222222089767456,0.4521164000034332
YJR090C,YJL001W,1,-4.4754868,0.13817448914051056,0.7248677015304565,0.4521164000034332
YER089C,YFL060C,0,-4.4762387,0.13810484111309052,0.7248677015304565,0.4523809552192688
YJR064W,YMR219W,0,-4.476307,0.13803526759147644,0.7248677015304565,0.45264551043510437
YER030W,YPL028W,0,-4.4764237,0.13796575367450714,0.7248677015304565,0.45291006565093994
YGL206C,YMR263W,0,-4.4765277,0.137896329164505,0.7248677015304565,0.4531745910644531
YML086C,YPL217C,0,-4.4767804,0.13782696425914764,0.7248677015304565,0.4534391462802887
YLR342W,YPR075C,0,-4.477088,0.13775767385959625,0.7248677015304565,0.45370370149612427
YMR287C,YOL043C,0,-4.4772615,0.13768844306468964,0.7248677015304565,0.45396825671195984
YNL318C,YJR033C,0,-4.4773,0.137619286775589,0.7248677015304565,0.4542328119277954
YPR141C,YDL112W,0,-4.4774246,0.1375502049922943,0.7248677015304565,0.454497367143631
YPR105C,YLR329W,0,-4.4784193,0.1374811828136444,0.7248677015304565,0.45476189255714417
YDR449C,YGR054W,0,-4.4790645,0.13741223514080048,0.7248677015304565,0.45502644777297974
YNL139C,YDL052C,0,-4.479329,0.1373433619737625,0.7248677015304565,0.4552910029888153
YOR319W,YJR112W,0,-4.4798093,0.13727454841136932,0.7248677015304565,0.4555555582046509
YOL156W,YBR095C,0,-4.4798193,0.1372058093547821,0.7248677015304565,0.45582011342048645
YNL214W,YER095W,0,-4.479841,0.13713712990283966,0.7248677015304565,0.456084668636322
YLR381W,YJL101C,0,-4.479965,0.13706853985786438,0.7248677015304565,0.4563491940498352
YBR073W,YHL012W,0,-4.480839,0.13699999451637268,0.7248677015304565,0.4566137492656708
YFR034C,YLR084C,0,-4.480889,0.13693153858184814,0.7248677015304565,0.45687830448150635
YIL117C,YBR260C,0,-4.4814916,0.13686314225196838,0.7248677015304565,0.4571428596973419
YPR042C,YHR163W,0,-4.481517,0.1367948055267334,0.7248677015304565,0.4574074149131775
YER044C,YER108C,0,-4.4821115,0.13672654330730438,0.7248677015304565,0.45767197012901306
YER127W,YDL105W,0,-4.482235,0.13665835559368134,0.7248677015304565,0.45793649554252625
YLR285W,YIL138C,0,-4.4822984,0.13659022748470306,0.7248677015304565,0.4582010507583618
YCL039W,YGL144C,0,-4.4823036,0.13652217388153076,0.7248677015304565,0.4584656059741974
YPR199C,YNL127W,0,-4.4825525,0.13645417988300323,0.7248677015304565,0.45873016119003296
YNL274C,YKL119C,0,-4.4826083,0.13638626039028168,0.7248677015304565,0.45899471640586853
YDL132W,YDR427W,1,-4.483289,0.13681592047214508,0.7275132536888123,0.45899471640586853
YPL040C,YFL059W,0,-4.4833646,0.13674788177013397,0.7275132536888123,0.4592592716217041
YDR181C,YKL051W,0,-4.4840503,0.13667991757392883,0.7275132536888123,0.4595237970352173
YBR080C,YOL102C,0,-4.4842525,0.13661202788352966,0.7275132536888123,0.45978835225105286
YPR052C,YBR192W,0,-4.484333,0.13654419779777527,0.7275132536888123,0.4600529074668884
YOL013C,YDR427W,1,-4.4846277,0.13697271049022675,0.7301587462425232,0.4600529074668884
YPR141C,YOR315W,0,-4.484993,0.1369047611951828,0.7301587462425232,0.460317462682724
YFR027W,YJR033C,0,-4.4854474,0.13683688640594482,0.7301587462425232,0.46058201789855957
YKL120W,YER072W,0,-4.4857283,0.13676907122135162,0.7301587462425232,0.46084657311439514
YLR059C,YJL036W,0,-4.4867506,0.1367013305425644,0.7301587462425232,0.4611110985279083
YNL048W,YHR008C,0,-4.4867716,0.13663366436958313,0.7301587462425232,0.4613756537437439
YJL019W,YDR456W,0,-4.486888,0.13656605780124664,0.7301587462425232,0.46164020895957947
YKL007W,YNL218W,0,-4.486912,0.13649851083755493,0.7301587462425232,0.46190476417541504
YOR094W,YOL156W,0,-4.48695,0.1364310383796692,0.7301587462425232,0.4621693193912506
YML058W-A,YIL118W,0,-4.4871225,0.13636364042758942,0.7301587462425232,0.4624338746070862
YBR026C,YDL245C,0,-4.487637,0.13629630208015442,0.7301587462425232,0.46269840002059937
YGR288W,YOL055C,0,-4.487993,0.1362290233373642,0.7301587462425232,0.46296295523643494
YDR040C,YGR163W,0,-4.488038,0.13616181910037994,0.7301587462425232,0.4632275104522705
YEL069C,YBR213W,0,-4.4882298,0.13609467446804047,0.7301587462425232,0.4634920656681061
YBR095C,YCL074W,0,-4.488763,0.13602760434150696,0.7301587462425232,0.46375662088394165
YMR061W,YGR245C,0,-4.4888005,0.13596059381961823,0.7301587462425232,0.4640211760997772
YFL039C,YGL223C,0,-4.4891524,0.13589364290237427,0.7301587462425232,0.4642857015132904
YBL040C,YGL016W,0,-4.489196,0.13582676649093628,0.7301587462425232,0.464550256729126
YPL132W,YBR080C,0,-4.4895515,0.13575996458530426,0.7301587462425232,0.46481481194496155
YOR388C,YGL098W,0,-4.489735,0.13569322228431702,0.7301587462425232,0.4650793671607971
YOL002C,YER072W,0,-4.490032,0.13562653958797455,0.7301587462425232,0.4653439223766327
YPR199C,YNL084C,0,-4.4901013,0.13555991649627686,0.7301587462425232,0.46560847759246826
YJR090C,YER012W,1,-4.4904404,0.13598428666591644,0.7328042387962341,0.46560847759246826
YNL084C,YLR268W,0,-4.4905066,0.1359175592660904,0.7328042387962341,0.46587300300598145
YGL240W,YDR427W,1,-4.4905357,0.13634134829044342,0.7354497313499451,0.46587300300598145
YML132W,YDR258C,0,-4.490631,0.136274516582489,0.7354497313499451,0.466137558221817
YCR098C,YNL218W,0,-4.490966,0.13620774447917938,0.7354497313499451,0.4664021134376526
YNL128W,YLL056C,0,-4.4911213,0.13614103198051453,0.7354497313499451,0.46666666865348816
YEL027W,YGL051W,0,-4.4917736,0.13607439398765564,0.7354497313499451,0.46693122386932373
YIL149C,YGR280C,0,-4.492193,0.13600783050060272,0.7354497313499451,0.4671957790851593
YPR105C,YML058W-A,0,-4.492201,0.13594132661819458,0.7354497313499451,0.4674603044986725
YJR090C,YDR427W,1,-4.4924836,0.13636364042758942,0.738095223903656,0.4674603044986725
YKR029C,YIL031W,0,-4.492572,0.13629701733589172,0.738095223903656,0.46772485971450806
YLR320W,YFR034C,0,-4.493207,0.13623046875,0.738095223903656,0.46798941493034363
YMR048W,YDL052C,0,-4.4933467,0.13616397976875305,0.738095223903656,0.4682539701461792
YPR135W,YJL219W,0,-4.493746,0.13609756529331207,0.738095223903656,0.46851852536201477
YPL145C,YHL028W,0,-4.4938526,0.13603121042251587,0.738095223903656,0.46878308057785034
YJL168C,YER138C,0,-4.496293,0.13596491515636444,0.738095223903656,0.4690476059913635
YDR173C,YML069W,0,-4.4967337,0.1358986794948578,0.738095223903656,0.4693121612071991
YCR089W,YGL142C,0,-4.4968853,0.1358325183391571,0.738095223903656,0.46957671642303467
YDR179C,YLR268W,0,-4.4969873,0.1357664167881012,0.738095223903656,0.46984127163887024
YNL031C,YMR050C,0,-4.497769,0.13570038974285126,0.738095223903656,0.4701058268547058
YJL165C,YCL059C,0,-4.499317,0.1356344223022461,0.738095223903656,0.4703703820705414
YLR285W,YBR097W,0,-4.499463,0.1355685144662857,0.738095223903656,0.47063490748405457
YDR345C,YIL077C,0,-4.499605,0.1355026662349701,0.738095223903656,0.47089946269989014
YLR084C,YBR153W,0,-4.500036,0.13543689250946045,0.738095223903656,0.4711640179157257
YJL094C,YDR227W,0,-4.500155,0.13537117838859558,0.738095223903656,0.4714285731315613
YDR058C,YNR064C,0,-4.5002704,0.1353055238723755,0.738095223903656,0.47169312834739685
YLR102C,YGL240W,1,-4.500292,0.13572467863559723,0.7407407164573669,0.47169312834739685
YPR122W,YPL154C,0,-4.5009117,0.13565891981124878,0.7407407164573669,0.4719576835632324
YDR009W,YNL128W,0,-4.5011125,0.1355932205915451,0.7407407164573669,0.4722222089767456
YIL036W,YGL222C,0,-4.5015507,0.1355275958776474,0.7407407164573669,0.4724867641925812
YNL218W,YMR053C,0,-4.5015574,0.13546201586723328,0.7407407164573669,0.47275131940841675
YFL029C,YNL206C,0,-4.501603,0.13539652526378632,0.7407407164573669,0.4730158746242523
YGR177C,YGL063W,0,-4.501814,0.13533107936382294,0.7407407164573669,0.4732804298400879
YKL051W,YFL017W-A,0,-4.502748,0.13526569306850433,0.7407407164573669,0.47354498505592346
YOR319W,YOR294W,0,-4.503189,0.1352003812789917,0.7407407164573669,0.47380951046943665
YHR164C,YML025C,0,-4.503409,0.13513512909412384,0.7407407164573669,0.4740740656852722
YLR051C,YMR036C,0,-4.5038023,0.13506995141506195,0.7407407164573669,0.4743386209011078
YKL020C,YPL283C,0,-4.504189,0.13500481843948364,0.7407407164573669,0.47460317611694336
YNL037C,YJR033C,0,-4.504664,0.1349397599697113,0.7407407164573669,0.47486773133277893
YIL040W,YHR034C,0,-4.5047793,0.13487476110458374,0.7407407164573669,0.4751322865486145
YJR131W,YER012W,1,-4.5051365,0.13529127836227417,0.7433862686157227,0.4751322865486145
YER143W,YJR090C,1,-4.5056567,0.13570740818977356,0.7460317611694336,0.4751322865486145
YIL124W,YJL092W,0,-4.5058517,0.1356421411037445,0.7460317611694336,0.4753968119621277
YBL045C,YLR141W,0,-4.5075545,0.13557691872119904,0.7460317611694336,0.47566136717796326
YDR263C,YBR205W,0,-4.5076227,0.13551177084445953,0.7460317611694336,0.47592592239379883
YDR392W,YMR183C,0,-4.508563,0.1354466825723648,0.7460317611694336,0.4761904776096344
YEL030W,YER169W,0,-4.5087433,0.13538165390491486,0.7460317611694336,0.47645503282546997
YNL116W,YLR301W,0,-4.5087576,0.13531669974327087,0.7460317611694336,0.47671958804130554
YBL045C,YJL092W,0,-4.509019,0.13525180518627167,0.7460317611694336,0.4769841134548187
YNL003C,YKL028W,0,-4.509163,0.13518695533275604,0.7460317611694336,0.4772486686706543
YOR032C,YOR344C,0,-4.509512,0.1351221799850464,0.7460317611694336,0.47751322388648987
YLR219W,YPL112C,0,-4.5096016,0.1350574642419815,0.7460317611694336,0.47777777910232544
YJL219W,YBR256C,0,-4.509883,0.1349928230047226,0.7460317611694336,0.478042334318161
YGL190C,YHR196W,0,-4.51062,0.13492822647094727,0.7460317611694336,0.4783068895339966
YDR456W,YOL146W,0,-4.510954,0.1348637044429779,0.7460317611694336,0.47857141494750977
YPR019W,YDR435C,0,-4.510969,0.13479924201965332,0.7460317611694336,0.47883597016334534
YOR002W,YIL084C,0,-4.511428,0.13473482429981232,0.7460317611694336,0.4791005253791809
YLL042C,YJL143W,0,-4.512553,0.13467048108577728,0.7460317611694336,0.4793650805950165
YIL118W,YML064C,0,-4.5128455,0.13460621237754822,0.7460317611694336,0.47962963581085205
YER095W,YJR033C,0,-4.5129848,0.13454198837280273,0.7460317611694336,0.4798941910266876
YPR105C,YHL028W,0,-4.513281,0.13447782397270203,0.7460317611694336,0.4801587164402008
YHR067W,YPL128C,0,-4.514243,0.1344137340784073,0.7460317611694336,0.4804232716560364
YCR057C,YMR013C,0,-4.5143003,0.13434968888759613,0.7460317611694336,0.48068782687187195
YLR051C,YKL058W,0,-4.5144043,0.13428571820259094,0.7460317611694336,0.4809523820877075
YER143W,YGL058W,1,-4.514413,0.13469776511192322,0.7486772537231445,0.4809523820877075
YKL206C,YDR400W,1,-4.5145397,0.13510942459106445,0.7513227462768555,0.4809523820877075
YOR326W,YLR200W,0,-4.51457,0.13504517078399658,0.7513227462768555,0.4812169373035431
YJL122W,YJL186W,0,-4.514611,0.13498099148273468,0.7513227462768555,0.48148149251937866
YOR040W,YNL329C,0,-4.514738,0.13491687178611755,0.7513227462768555,0.48174601793289185
YDR052C,YOL055C,0,-4.5149837,0.134852796792984,0.7513227462768555,0.4820105731487274
YGR185C,YLL056C,0,-4.515376,0.13478879630565643,0.7513227462768555,0.482275128364563
YBR213W,YOR231W,0,-4.515605,0.13472485542297363,0.7513227462768555,0.48253968358039856
YMR056C,YDL079C,0,-4.5159655,0.1346609741449356,0.7513227462768555,0.48280423879623413
YER089C,YPR042C,0,-4.516359,0.13459715247154236,0.7513227462768555,0.4830687940120697
YPR042C,YMR293C,0,-4.5169134,0.13453339040279388,0.7513227462768555,0.4833333194255829
YGR092W,YLR059C,0,-4.5170174,0.13446970283985138,0.7513227462768555,0.48359787464141846
YIL084C,YKR037C,0,-4.517329,0.13440605998039246,0.7513227462768555,0.48386242985725403
YNR016C,YKL032C,0,-4.5174417,0.1343424767255783,0.7513227462768555,0.4841269850730896
YGR097W,YCR065W,0,-4.5175977,0.13427895307540894,0.7513227462768555,0.48439154028892517
YIL085C,YLR452C,0,-4.517889,0.13421550393104553,0.7513227462768555,0.48465609550476074
YGL062W,YNL229C,0,-4.5181913,0.1341520994901657,0.7513227462768555,0.4849206209182739
YOL146W,YLR221C,0,-4.518655,0.13408876955509186,0.7513227462768555,0.4851851761341095
YPL267W,YPL125W,0,-4.5187063,0.1340254843235016,0.7513227462768555,0.48544973134994507
YOR100C,YMR026C,0,-4.51962,0.1339622586965561,0.7513227462768555,0.48571428656578064
YAL059W,YDL047W,0,-4.519827,0.13389910757541656,0.7513227462768555,0.4859788417816162
YPL254W,YBR213W,0,-4.5202227,0.13383600115776062,0.7513227462768555,0.4862433969974518
YBL045C,YOR329C,0,-4.520336,0.13377296924591064,0.7513227462768555,0.48650792241096497
YCL034W,YHR160C,0,-4.5203643,0.13370998203754425,0.7513227462768555,0.48677247762680054
YPL249C,YKL119C,0,-4.5206947,0.13364705443382263,0.7513227462768555,0.4870370328426361
YJR139C,YLR095C,0,-4.520709,0.13358420133590698,0.7513227462768555,0.4873015880584717
YMR183C,YHL028W,0,-4.5208583,0.13352139294147491,0.7513227462768555,0.48756614327430725
YHR034C,YGL063W,0,-4.521061,0.13345864415168762,0.7513227462768555,0.4878306984901428
YER166W,YDL079C,0,-4.521181,0.1333959549665451,0.7513227462768555,0.488095223903656
YOL043C,YPL283C,0,-4.521869,0.13333334028720856,0.7513227462768555,0.4883597791194916
YHL011C,YNL287W,0,-4.5220942,0.1332707703113556,0.7513227462768555,0.48862433433532715
YOR266W,YML064C,0,-4.5231953,0.1332082599401474,0.7513227462768555,0.4888888895511627
YJL058C,YHR023W,0,-4.5233154,0.13314580917358398,0.7513227462768555,0.4891534447669983
YDR052C,YLR452C,0,-4.523712,0.13308341801166534,0.7513227462768555,0.48941799998283386
YBR009C,YNL329C,0,-4.5241528,0.13302107155323029,0.7513227462768555,0.48968252539634705
YKL220C,YLR147C,0,-4.524177,0.1329587996006012,0.7513227462768555,0.4899470806121826
YJL122W,YJL085W,0,-4.5242405,0.13289658725261688,0.7513227462768555,0.4902116358280182
YMR277W,YIL138C,0,-4.524517,0.13283441960811615,0.7513227462768555,0.49047619104385376
YJR064W,YOL005C,0,-4.5249777,0.1327723264694214,0.7513227462768555,0.49074074625968933
YJR112W,YMR267W,0,-4.525352,0.1327102780342102,0.7513227462768555,0.4910053014755249
YNL139C,YOR294W,0,-4.5253935,0.1326482892036438,0.7513227462768555,0.4912698268890381
YOR011W,YLL040C,0,-4.525506,0.13258637487888336,0.7513227462768555,0.49153438210487366
YER179W,YDL245C,0,-4.5255156,0.1325245052576065,0.7513227462768555,0.49179893732070923
YNR017W,YHL012W,0,-4.5257235,0.13246268033981323,0.7513227462768555,0.4920634925365448
YBR256C,YOR213C,0,-4.5259643,0.13240092992782593,0.7513227462768555,0.49232804775238037
YGR140W,YCR067C,0,-4.5260496,0.1323392391204834,0.7513227462768555,0.49259260296821594
YML058W-A,YDL015C,0,-4.5260553,0.13227759301662445,0.7513227462768555,0.4928571283817291
YDL245C,YLR357W,0,-4.5265102,0.13221602141857147,0.7513227462768555,0.4931216835975647
YBR065C,YPL053C,0,-4.526518,0.13215449452400208,0.7513227462768555,0.49338623881340027
YKL026C,YLL040C,0,-4.5265384,0.13209302723407745,0.7513227462768555,0.49365079402923584
YGL247W,YBR205W,0,-4.526713,0.1320316195487976,0.7513227462768555,0.4939153492450714
YIR025W,YDR400W,1,-4.526816,0.13243494927883148,0.7539682388305664,0.4939153492450714
YGL222C,YGL142C,0,-4.527709,0.13237343728542328,0.7539682388305664,0.494179904460907
YOL133W,YML029W,1,-4.5285835,0.13277623057365417,0.7566137313842773,0.494179904460907
YPL240C,YMR053C,0,-4.5288796,0.13271461427211761,0.7566137313842773,0.49444442987442017
YDL178W,YOR346W,0,-4.52897,0.13265305757522583,0.7566137313842773,0.49470898509025574
YDL126C,YJR090C,1,-4.529514,0.1330551654100418,0.7592592835426331,0.49470898509025574
YPL048W,YOR040W,0,-4.529887,0.13299351930618286,0.7592592835426331,0.4949735403060913
YNL031C,YBR279W,0,-4.5304193,0.1329319179058075,0.7592592835426331,0.4952380955219269
YPR164W,YKR101W,0,-4.5308175,0.1328703761100769,0.7592592835426331,0.49550265073776245
YMR033W,YJL186W,0,-4.5313087,0.1328088790178299,0.7592592835426331,0.495767205953598
YNL084C,YGR072W,0,-4.5325003,0.13274745643138885,0.7592592835426331,0.4960317313671112
YPR171W,YCL054W,0,-4.5325108,0.1326860785484314,0.7592592835426331,0.4962962865829468
YOR377W,YGR241C,0,-4.5328636,0.1326247751712799,0.7592592835426331,0.49656084179878235
YMR026C,YOR179C,0,-4.533119,0.132563516497612,0.7592592835426331,0.4968253970146179
YOR078W,YAL047C,0,-4.533179,0.13250230252742767,0.7592592835426331,0.4970899522304535
YDR342C,YIL029C,0,-4.5333347,0.13244116306304932,0.7592592835426331,0.49735450744628906
YHR160C,YER169W,0,-4.5337143,0.13238006830215454,0.7592592835426331,0.49761903285980225
YNL219C,YBR256C,0,-4.533721,0.13231904804706573,0.7592592835426331,0.4978835880756378
YER143W,YDR400W,1,-4.53379,0.13271889090538025,0.761904776096344,0.4978835880756378
YOL016C,YOR353C,0,-4.533792,0.13265776634216309,0.761904776096344,0.4981481432914734
YGR055W,YOR266W,0,-4.534088,0.1325966864824295,0.761904776096344,0.49841269850730896
YDL132W,YOL133W,1,-4.53432,0.1329958587884903,0.7645502686500549,0.49841269850730896
YGL240W,YDR400W,1,-4.5347605,0.13339465856552124,0.7671957612037659,0.49841269850730896
YGL130W,YBR136W,0,-4.535323,0.13333334028720856,0.7671957612037659,0.49867725372314453
YPL082C,YLR147C,0,-4.5356274,0.13327205181121826,0.7671957612037659,0.4989418089389801
YIL066C,YGL096W,0,-4.53619,0.13321083784103394,0.7671957612037659,0.4992063343524933
YDL056W,YIL084C,0,-4.536352,0.13314968347549438,0.7671957612037659,0.49947088956832886
YDR176W,YPL087W,0,-4.53648,0.13308857381343842,0.7671957612037659,0.49973544478416443
YDL132W,YML029W,1,-4.5366406,0.13348624110221863,0.7698412537574768,0.49973544478416443
YOL111C,YLR033W,0,-4.537263,0.1334250271320343,0.7698412537574768,0.5
YBL023C,YDL236W,0,-4.5378656,0.13336388766765594,0.7698412537574768,0.5002645254135132
YPL248C,YOL142W,0,-4.5385056,0.13330279290676117,0.7698412537574768,0.5005291104316711
YMR048W,YDR420W,0,-4.5391707,0.13324175775051117,0.7698412537574768,0.5007936358451843
YMR025W,YGR288W,0,-4.5393233,0.13318078219890594,0.7698412537574768,0.5010582208633423
YJR047C,YJL138C,0,-4.5394344,0.1331198513507843,0.7698412537574768,0.5013227462768555
YHL047C,YGL172W,0,-4.5395293,0.13305898010730743,0.7698412537574768,0.5015873312950134
YFR027W,YPL112C,0,-4.5402994,0.13299816846847534,0.7698412537574768,0.5018518567085266
YCR065W,YBR193C,0,-4.54142,0.13293741643428802,0.7698412537574768,0.5021163821220398
YCL039W,YOR319W,0,-4.541451,0.1328767091035843,0.7698412537574768,0.5023809671401978
YJR131W,YER094C,1,-4.541549,0.13327248394489288,0.7724867463111877,0.5023809671401978
YDR126W,YML076C,0,-4.5422564,0.1332116723060608,0.7724867463111877,0.5026454925537109
YKL150W,YBR097W,0,-4.542558,0.13315093517303467,0.7724867463111877,0.5029100775718689
YLL042C,YEL069C,0,-4.5427384,0.13309024274349213,0.7724867463111877,0.5031746029853821
YHR023W,YKL025C,0,-4.5433044,0.13302960991859436,0.7724867463111877,0.5034391283988953
YBL045C,YOR173W,0,-4.5436316,0.13296903669834137,0.7724867463111877,0.5037037134170532
YHL047C,YNL229C,0,-4.5438547,0.13290850818157196,0.7724867463111877,0.5039682388305664
YBL045C,YIL147C,0,-4.5441523,0.13284803926944733,0.7724867463111877,0.5042328238487244
YER155C,YMR113W,0,-4.544196,0.13278762996196747,0.7724867463111877,0.5044973492622375
YLR192C,YHR034C,0,-4.544344,0.1327272653579712,0.7724867463111877,0.5047619342803955
YOR377W,YNL325C,0,-4.544517,0.13266697525978088,0.7724867463111877,0.5050264596939087
YML086C,YAL047C,0,-4.5453987,0.13260671496391296,0.7724867463111877,0.5052909851074219
YNL037C,YER087C-B,0,-4.546158,0.132546529173851,0.7724867463111877,0.5055555701255798
YJL060W,YPL283C,0,-4.5467167,0.13248638808727264,0.7724867463111877,0.505820095539093
YNL214W,YHR034C,0,-4.547151,0.13242630660533905,0.7724867463111877,0.506084680557251
YML132W,YNL231C,0,-4.547247,0.13236626982688904,0.7724867463111877,0.5063492059707642
YPL048W,YKR054C,0,-4.5472813,0.1323062926530838,0.7724867463111877,0.5066137313842773
YBR073W,YLR141W,0,-4.5472984,0.13224637508392334,0.7724867463111877,0.5068783164024353
YLR102C,YDL147W,1,-4.5484905,0.13263919949531555,0.7751322984695435,0.5068783164024353
YGL130W,YOR144C,0,-4.5491567,0.13257919251918793,0.7751322984695435,0.5071428418159485
YLR304C,YKL032C,0,-4.549299,0.1325192153453827,0.7751322984695435,0.5074074268341064
YFL045C,YDR310C,0,-4.549579,0.13245931267738342,0.7751322984695435,0.5076719522476196
YPL228W,YBR136W,0,-4.5496454,0.13239945471286774,0.7751322984695435,0.5079365372657776
YNL328C,YMR139W,0,-4.550021,0.13233965635299683,0.7751322984695435,0.5082010626792908
YNL029C,YNL283C,0,-4.5506105,0.1322799026966095,0.7751322984695435,0.508465588092804
YGL240W,YKL034W,1,-4.55089,0.13267147541046143,0.7777777910232544,0.508465588092804
YPR141C,YDR058C,0,-4.551358,0.13261163234710693,0.7777777910232544,0.5087301731109619
YJR139C,YHR214C-B,0,-4.5519433,0.13255184888839722,0.7777777910232544,0.5089946985244751
YFR008W,YBR215W,0,-4.552084,0.13249211013317108,0.7777777910232544,0.5092592835426331
YNL262W,YML039W,0,-4.552189,0.13243243098258972,0.7777777910232544,0.5095238089561462
YOR249C,YJL001W,1,-4.552456,0.13282305002212524,0.7804232835769653,0.5095238089561462
YOR213C,YGL097W,0,-4.5526237,0.13276328146457672,0.7804232835769653,0.5097883343696594
YGR147C,YGR197C,0,-4.5533524,0.13270355761051178,0.7804232835769653,0.5100529193878174
YOR099W,YNL312W,0,-4.5534077,0.13264387845993042,0.7804232835769653,0.5103174448013306
YPL018W,YOL111C,0,-4.554002,0.13258427381515503,0.7804232835769653,0.5105820298194885
YHL007C,YER072W,0,-4.554038,0.13252471387386322,0.7804232835769653,0.5108465552330017
YDL236W,YMR061W,0,-4.554095,0.132465198636055,0.7804232835769653,0.5111111402511597
YGR006W,YFL017W-A,0,-4.555178,0.13240574300289154,0.7804232835769653,0.5113756656646729
YGR254W,YCR028C-A,0,-4.555376,0.13234634697437286,0.7804232835769653,0.511640191078186
YBR279W,YGR077C,0,-4.5559115,0.13228699564933777,0.7804232835769653,0.511904776096344
YBL023C,YDR126W,0,-4.556192,0.13222770392894745,0.7804232835769653,0.5121693015098572
YOR322C,YDR126W,0,-4.5571613,0.1321684569120407,0.7804232835769653,0.5124338865280151
YGL172W,YMR293C,0,-4.557274,0.13210926949977875,0.7804232835769653,0.5126984119415283
YPL267W,YMR013C,0,-4.557341,0.13205014169216156,0.7804232835769653,0.5129629373550415
YNL031C,YHR034C,0,-4.5573463,0.13199105858802795,0.7804232835769653,0.5132275223731995
YCL061C,YDR314C,0,-4.5574284,0.13193202018737793,0.7804232835769653,0.5134920477867126
YPL116W,YAL023C,0,-4.557455,0.13187304139137268,0.7804232835769653,0.5137566328048706
YJR083C,YPL145C,0,-4.558488,0.1318141222000122,0.7804232835769653,0.5140211582183838
YJR121W,YJL101C,0,-4.558619,0.13175524771213531,0.7804232835769653,0.5142857432365417
YMR026C,YNL334C,0,-4.55902,0.1316964328289032,0.7804232835769653,0.5145502686500549
YPL266W,YHR073W,0,-4.5590334,0.13163766264915466,0.7804232835769653,0.5148147940635681
YKL025C,YGL096W,0,-4.5593195,0.1315789520740509,0.7804232835769653,0.5150793790817261
YOL078W,YDR435C,0,-4.5593505,0.13152028620243073,0.7804232835769653,0.5153439044952393
YGL051W,YDL043C,0,-4.5598354,0.13146167993545532,0.7804232835769653,0.5156084895133972
YCR010C,YKL119C,0,-4.5604587,0.1314031183719635,0.7804232835769653,0.5158730149269104
YDL236W,YJL139C,0,-4.5607195,0.13134461641311646,0.7804232835769653,0.5161375403404236
YLR157C,YDR397C,0,-4.5609026,0.131286159157753,0.7804232835769653,0.5164021253585815
YDR377W,YLR141W,0,-4.5609503,0.1312277615070343,0.7804232835769653,0.5166666507720947
YBR129C,YDR463W,0,-4.5615234,0.1311694085597992,0.7804232835769653,0.5169312357902527
YGL142C,YBR213W,0,-4.561537,0.13111111521720886,0.7804232835769653,0.5171957612037659
YIL070C,YDR251W,0,-4.5618925,0.1310528665781021,0.7804232835769653,0.5174603462219238
YDR385W,YDL002C,0,-4.5620995,0.13099467754364014,0.7804232835769653,0.517724871635437
YJL186W,YIL023C,0,-4.5621166,0.13093653321266174,0.7804232835769653,0.5179893970489502
YER044C,YHR160C,0,-4.56257,0.13087843358516693,0.7804232835769653,0.5182539820671082
YER012W,YGL058W,1,-4.5637503,0.1312638521194458,0.7830687761306763,0.5182539820671082
YGR037C,YDR377W,0,-4.564279,0.13120567798614502,0.7830687761306763,0.5185185074806213
YCR020C,YOR380W,0,-4.564301,0.13114753365516663,0.7830687761306763,0.5187830924987793
YLR102C,YGL058W,1,-4.565493,0.13153232634067535,0.7857142686843872,0.5187830924987793
YDR206W,YJL203W,0,-4.5658026,0.131474107503891,0.7857142686843872,0.5190476179122925
YDR499W,YLR084C,0,-4.567018,0.1314159333705902,0.7857142686843872,0.5193121433258057
YPR187W,YER151C,0,-4.567606,0.131357803940773,0.7857142686843872,0.5195767283439636
YER127W,YNR064C,0,-4.5679083,0.13129973411560059,0.7857142686843872,0.5198412537574768
YDR173C,YGR284C,0,-4.568058,0.13124170899391174,0.7857142686843872,0.5201058387756348
YLR051C,YML025C,0,-4.568119,0.13118374347686768,0.7857142686843872,0.520370364189148
YDR450W,YNL236W,0,-4.5690484,0.1311258226633072,0.7857142686843872,0.5206349492073059
YLR329W,YGR054W,0,-4.569065,0.13106796145439148,0.7857142686843872,0.5208994746208191
YMR219W,YDR478W,0,-4.5691895,0.13101014494895935,0.7857142686843872,0.5211640000343323
YDL207W,YGL068W,0,-4.569499,0.130952388048172,0.7857142686843872,0.5214285850524902
YJR131W,YDR330W,1,-4.569526,0.13133539259433746,0.7883597612380981,0.5214285850524902
YLR318W,YNR064C,0,-4.56964,0.13127753138542175,0.7883597612380981,0.5216931104660034
YJL098W,YKR031C,0,-4.57014,0.13121972978115082,0.7883597612380981,0.5219576954841614
YGL254W,YBR279W,0,-4.570228,0.13116197288036346,0.7883597612380981,0.5222222208976746
YIR033W,YMR036C,0,-4.5703435,0.1311042606830597,0.7883597612380981,0.5224867463111877
YOR249C,YGL240W,1,-4.5708094,0.13148637115955353,0.7910053133964539,0.5224867463111877
YBR042C,YCR098C,0,-4.571016,0.1314285695552826,0.7910053133964539,0.5227513313293457
YGL150C,YGR185C,0,-4.571018,0.13137082755565643,0.7910053133964539,0.5230158567428589
YJL122W,YHR119W,0,-4.5712075,0.13131313025951385,0.7910053133964539,0.5232804417610168
YJR043C,YLR305C,0,-4.57135,0.13125549256801605,0.7910053133964539,0.52354496717453
YCL029C,YHR178W,0,-4.5726724,0.13119789958000183,0.7910053133964539,0.523809552192688
YML036W,YPR132W,0,-4.5730305,0.1311403512954712,0.7910053133964539,0.5240740776062012
YJL219W,YNL003C,0,-4.5734806,0.13108286261558533,0.7910053133964539,0.5243386030197144
YBR182C,YOR106W,0,-4.5736537,0.13102541863918304,0.7910053133964539,0.5246031880378723
YDR224C,YNL310C,0,-4.573786,0.13096801936626434,0.7910053133964539,0.5248677134513855
YGL240W,YER012W,1,-4.5739546,0.13134850561618805,0.7936508059501648,0.5248677134513855
YGR097W,YLR396C,0,-4.5741043,0.13129103183746338,0.7936508059501648,0.5251322984695435
YIL085C,YLR066W,0,-4.5741787,0.1312336027622223,0.7936508059501648,0.5253968238830566
YML025C,YLL056C,0,-4.574232,0.13117621839046478,0.7936508059501648,0.5256613492965698
YDR206W,YHR030C,0,-4.5742784,0.13111887872219086,0.7936508059501648,0.5259259343147278
YDR040C,YJR007W,0,-4.5744643,0.1310615986585617,0.7936508059501648,0.526190459728241
YDL147W,YDR400W,1,-4.575492,0.13144104182720184,0.7962962985038757,0.526190459728241
YDR440W,YJL139C,0,-4.5758457,0.13138367235660553,0.7962962985038757,0.5264550447463989
YBR042C,YLR342W,0,-4.5764017,0.1313263475894928,0.7962962985038757,0.5267195701599121
YBR211C,YPL239W,0,-4.5766296,0.13126908242702484,0.7962962985038757,0.5269841551780701
YDR400W,YML029W,1,-4.576989,0.13164778053760529,0.7989417910575867,0.5269841551780701
YER114C,YKL186C,0,-4.577518,0.13159041106700897,0.7989417910575867,0.5272486805915833
YHL011C,YLR268W,0,-4.577565,0.13153310120105743,0.7989417910575867,0.5275132060050964
YGL206C,YMR048W,0,-4.577756,0.13147583603858948,0.7989417910575867,0.5277777910232544
YBL045C,YDR379W,0,-4.579092,0.1314186304807663,0.7989417910575867,0.5280423164367676
YNL111C,YDL109C,0,-4.579117,0.1313614547252655,0.7989417910575867,0.5283069014549255
YGL021W,YJL186W,0,-4.579179,0.13130435347557068,0.7989417910575867,0.5285714268684387
YDR440W,YBR143C,0,-4.57949,0.13124728202819824,0.7989417910575867,0.5288359522819519
YDR397C,YOL128C,0,-4.57977,0.13119027018547058,0.7989417910575867,0.5291005373001099
YGR288W,YLR369W,0,-4.580105,0.1311333030462265,0.7989417910575867,0.529365062713623
YDL059C,YOR162C,0,-4.580204,0.1310763955116272,0.7989417910575867,0.529629647731781
YGL180W,YLR115W,0,-4.580468,0.13101951777935028,0.7989417910575867,0.5298941731452942
YPR111W,YPL248C,0,-4.580967,0.13096269965171814,0.7989417910575867,0.5301587581634521
YNL328C,YDL106C,0,-4.580996,0.13090594112873077,0.7989417910575867,0.5304232835769653
YBR041W,YDR345C,0,-4.5811725,0.130849227309227,0.7989417910575867,0.5306878089904785
YDR314C,YMR013C,0,-4.5814037,0.1307925581932068,0.7989417910575867,0.5309523940086365
YDL178W,YFL034C-B,0,-4.581576,0.13073593378067017,0.7989417910575867,0.5312169194221497
YPL028W,YLR301W,0,-4.581745,0.13067935407161713,0.7989417910575867,0.5314815044403076
YDR177W,YDR330W,1,-4.582288,0.13105536997318268,0.8015872836112976,0.5314815044403076
YML059C,YOR162C,0,-4.5824227,0.13099870085716248,0.8015872836112976,0.5317460298538208
YOR243C,YBR130C,0,-4.583235,0.13094209134578705,0.8015872836112976,0.532010555267334
YGR120C,YPL040C,0,-4.583373,0.1308855265378952,0.8015872836112976,0.5322751402854919
YPR082C,YIL084C,0,-4.583812,0.13082902133464813,0.8015872836112976,0.5325396656990051
YKL058W,YGR241C,0,-4.5838165,0.13077254593372345,0.8015872836112976,0.5328042507171631
YGL240W,YML029W,1,-4.5842557,0.13114753365516663,0.8042327761650085,0.5328042507171631
YDR040C,YGR077C,0,-4.5844736,0.13109098374843597,0.8042327761650085,0.5330687761306763
YNL218W,YMR308C,0,-4.5847015,0.1310344785451889,0.8042327761650085,0.5333333611488342
YPR171W,YLR009W,0,-4.584855,0.1309780329465866,0.8042327761650085,0.5335978865623474
YNR016C,YAL020C,0,-4.584964,0.1309216171503067,0.8042327761650085,0.5338624119758606
YBR214W,YOR043W,0,-4.585026,0.13086526095867157,0.8042327761650085,0.5341269969940186
YOL013C,YIR025W,1,-4.5850577,0.13123923540115356,0.8068783283233643,0.5341269969940186
YOL078W,YGL254W,0,-4.5854673,0.13118278980255127,0.8068783283233643,0.5343915224075317
YNR016C,YOR168W,0,-4.5855236,0.13112640380859375,0.8068783283233643,0.5346561074256897
YDL148C,YGR063C,0,-4.585654,0.13107004761695862,0.8068783283233643,0.5349206328392029
YGL130W,YAL002W,0,-4.5861325,0.13101375102996826,0.8068783283233643,0.5351851582527161
YOR127W,YGL255W,0,-4.5866337,0.1309574991464615,0.8068783283233643,0.535449743270874
YDR106W,YDL056W,0,-4.5879383,0.1309012919664383,0.8068783283233643,0.5357142686843872
YBR042C,YJL143W,0,-4.5879874,0.13084512948989868,0.8068783283233643,0.5359788537025452
YLL001W,YGR241C,0,-4.5882874,0.13078902661800385,0.8068783283233643,0.5362433791160583
YGL016W,YOR043W,0,-4.5884786,0.1307329684495926,0.8068783283233643,0.5365079641342163
YGL190C,YHR081W,0,-4.58861,0.13067695498466492,0.8068783283233643,0.5367724895477295
YLR329W,YLR059C,0,-4.5887084,0.13062098622322083,0.8068783283233643,0.5370370149612427
YHR073W,YPL157W,0,-4.590374,0.13056506216526031,0.8068783283233643,0.5373015999794006
YDL105W,YCR081W,0,-4.591424,0.13050919771194458,0.8068783283233643,0.5375661253929138
YGL062W,YOR329C,0,-4.591466,0.13045337796211243,0.8068783283233643,0.5378307104110718
YER133W,YLR324W,0,-4.592241,0.13039760291576385,0.8068783283233643,0.538095235824585
YPR093C,YGR072W,0,-4.5922513,0.13034188747406006,0.8068783283233643,0.5383597612380981
YDR177W,YLR417W,1,-4.5922894,0.13071337342262268,0.8095238208770752,0.5383597612380981
YNL075W,YGR005C,0,-4.59239,0.13065755367279053,0.8095238208770752,0.5386243462562561
YBL003C,YFL002C,0,-4.592451,0.13060179352760315,0.8095238208770752,0.5388888716697693
YLR353W,YLR396C,0,-4.592705,0.13054607808589935,0.8095238208770752,0.5391534566879272
YLR431C,YLR396C,0,-4.593016,0.13049040734767914,0.8095238208770752,0.5394179821014404
YGL058W,YKL034W,1,-4.593767,0.1308610439300537,0.8121693134307861,0.5394179821014404
YBR213W,YGR047C,0,-4.594613,0.13080528378486633,0.8121693134307861,0.5396825671195984
YPL169C,YLR148W,0,-4.5946283,0.13074956834316254,0.8121693134307861,0.5399470925331116
YLL042C,YCR066W,0,-4.5951905,0.13069391250610352,0.8121693134307861,0.5402116179466248
YML059C,YKL122C,0,-4.596236,0.13063830137252808,0.8121693134307861,0.5404762029647827
YJR057W,YHR015W,0,-4.5968285,0.13058273494243622,0.8121693134307861,0.5407407283782959
YBL040C,YDL059C,0,-4.59694,0.13052721321582794,0.8121693134307861,0.5410053133964539
YML077W,YLR003C,0,-4.596982,0.13047173619270325,0.8121693134307861,0.541269838809967
YJR131W,YJL001W,1,-4.5975256,0.13084112107753754,0.8148148059844971,0.541269838809967
YMR288W,YHR067W,0,-4.5977716,0.13078556954860687,0.8148148059844971,0.5415343642234802
YJR131W,YCL052C,1,-4.5986567,0.13115449249744415,0.817460298538208,0.5415343642234802
YFL039C,YPL248C,0,-4.598871,0.13109885156154633,0.817460298538208,0.5417989492416382
YLL042C,YBR205W,0,-4.5989804,0.13104325532913208,0.817460298538208,0.5420634746551514
YBR193C,YHR154W,0,-4.5990734,0.13098770380020142,0.817460298538208,0.5423280596733093
YCL029C,YPR001W,0,-4.599475,0.13093219697475433,0.817460298538208,0.5425925850868225
YJL095W,YKR054C,0,-4.5996428,0.13087674975395203,0.817460298538208,0.5428571701049805
YPL082C,YNL107W,0,-4.599841,0.1308213323354721,0.817460298538208,0.5431216955184937
YBL045C,YOR085W,0,-4.5998755,0.13076597452163696,0.817460298538208,0.5433862209320068
YML123C,YLR221C,0,-4.600369,0.1307106614112854,0.817460298538208,0.5436508059501648
YIR025W,YDL097C,1,-4.6004663,0.13107822835445404,0.820105791091919,0.5436508059501648
YOR136W,YHR163W,0,-4.6005,0.13102282583713531,0.820105791091919,0.543915331363678
YJL165C,YNL333W,0,-4.600851,0.13096746802330017,0.820105791091919,0.5441799163818359
YLR022C,YOL102C,0,-4.600877,0.1309121549129486,0.820105791091919,0.5444444417953491
YCR002C,YGL001C,0,-4.6009007,0.13085690140724182,0.820105791091919,0.5447089672088623
YDR040C,YOR243C,0,-4.6010513,0.13080169260501862,0.820105791091919,0.5449735522270203
YMR048W,YMR308C,0,-4.601264,0.1307465136051178,0.820105791091919,0.5452380776405334
YDR179C,YHR163W,0,-4.6022286,0.13069139420986176,0.820105791091919,0.5455026626586914
YDR427W,YDR400W,1,-4.6029186,0.1310577392578125,0.8227513432502747,0.5455026626586914
YPR135W,YNR064C,0,-4.6029634,0.1310025304555893,0.8227513432502747,0.5457671880722046
YGL058W,YDR330W,1,-4.603588,0.13136842846870422,0.8253968358039856,0.5457671880722046
YLR115W,YJR153W,0,-4.6038127,0.13131313025951385,0.8253968358039856,0.5460317730903625
YMR030W,YOR129C,0,-4.6040072,0.13125789165496826,0.8253968358039856,0.5462962985038757
YHL047C,YMR061W,0,-4.6044874,0.13120269775390625,0.8253968358039856,0.5465608239173889
YPL241C,YIL009W,0,-4.6047535,0.13114753365516663,0.8253968358039856,0.5468254089355469
YLR369W,YER072W,0,-4.604837,0.13109244406223297,0.8253968358039856,0.5470899343490601
YPR134W,YER008C,0,-4.605254,0.1310373842716217,0.8253968358039856,0.547354519367218
YHR187W,YLR141W,0,-4.6056824,0.13098236918449402,0.8253968358039856,0.5476190447807312
YLR109W,YJL111W,0,-4.6057577,0.13092739880084991,0.8253968358039856,0.5478835701942444
YAL047C,YER072W,0,-4.6060944,0.13087248802185059,0.8253968358039856,0.5481481552124023
YJL063C,YDL046W,0,-4.60634,0.13081760704517365,0.8253968358039856,0.5484126806259155
YPR046W,YAL032C,0,-4.606415,0.13076278567314148,0.8253968358039856,0.5486772656440735
YNL117W,YNL333W,0,-4.606481,0.1307080090045929,0.8253968358039856,0.5489417910575867
YAL035W,YLR368W,0,-4.6073837,0.1306532621383667,0.8253968358039856,0.5492063760757446
YPL106C,YOR338W,0,-4.6074114,0.13059857487678528,0.8253968358039856,0.5494709014892578
YDR314C,YLR141W,0,-4.6074452,0.13054393231868744,0.8253968358039856,0.549735426902771
YDR173C,YDR235W,0,-4.6074586,0.13048933446407318,0.8253968358039856,0.550000011920929
YOR319W,YHR163W,0,-4.607501,0.1304347813129425,0.8253968358039856,0.5502645373344421
YKL146W,YCR067C,0,-4.6075296,0.1303802728652954,0.8253968358039856,0.5505291223526001
YGR177C,YFR034C,0,-4.6077805,0.1303258091211319,0.8253968358039856,0.5507936477661133
YBR136W,YML069W,0,-4.60785,0.13027140498161316,0.8253968358039856,0.5510581731796265
YLR113W,YJL164C,0,-4.6078844,0.1302170306444168,0.8253968358039856,0.5513227581977844
YPL228W,YDL201W,0,-4.608175,0.13016270101070404,0.8253968358039856,0.5515872836112976
YHR059W,YGL096W,0,-4.608639,0.13010843098163605,0.8253968358039856,0.5518518686294556
YJR112W,YMR005W,0,-4.608718,0.13005419075489044,0.8253968358039856,0.5521163940429688
YDR294C,YGR044C,0,-4.609108,0.12999999523162842,0.8253968358039856,0.5523809790611267
YFL002C,YIL029C,0,-4.6093397,0.12994585931301117,0.8253968358039856,0.5526455044746399
YHR079C-A,YKL051W,0,-4.6100955,0.1298917531967163,0.8253968358039856,0.5529100298881531
YBR026C,YOL146W,0,-4.6103115,0.12983770668506622,0.8253968358039856,0.553174614906311
YNL318C,YLR059C,0,-4.6103916,0.12978368997573853,0.8253968358039856,0.5534391403198242
YMR033W,YMR316W,0,-4.6105757,0.1297297328710556,0.8253968358039856,0.5537037253379822
YNL219C,YOR045W,0,-4.610649,0.12967580556869507,0.8253968358039856,0.5539682507514954
YPR082C,YGR141W,0,-4.611133,0.1296219378709793,0.8253968358039856,0.5542327761650085
YMR316W,YOR380W,0,-4.61135,0.12956809997558594,0.8253968358039856,0.5544973611831665
YBR155W,YHR158C,0,-4.611459,0.12951432168483734,0.8253968358039856,0.5547618865966797
YOL111C,YJL166W,0,-4.611577,0.12946058809757233,0.8253968358039856,0.5550264716148376
YJR057W,YPR193C,0,-4.6127954,0.1294068843126297,0.8253968358039856,0.5552909970283508
YDR385W,YJR153W,0,-4.6128902,0.12935324013233185,0.8253968358039856,0.5555555820465088
YOR249C,YGL058W,1,-4.613414,0.12971404194831848,0.8280423283576965,0.5555555820465088
YCR010C,YBR193C,0,-4.6136293,0.12966030836105347,0.8280423283576965,0.555820107460022
YDR439W,YGR185C,0,-4.6138754,0.12960661947727203,0.8280423283576965,0.5560846328735352
YAL020C,YHR138C,0,-4.6146383,0.12955297529697418,0.8280423283576965,0.5563492178916931
YJL192C,YKL028W,0,-4.615012,0.1294993758201599,0.8280423283576965,0.5566137433052063
YGL194C,YKL006C-A,0,-4.615073,0.12944582104682922,0.8280423283576965,0.5568783283233643
YJL140W,YHR178W,0,-4.615307,0.12939231097698212,0.8280423283576965,0.5571428537368774
YDL126C,YIR025W,1,-4.615383,0.12975206971168518,0.8306878209114075,0.5571428537368774
YNL031C,YHL027W,0,-4.615862,0.1296984702348709,0.8306878209114075,0.5574073791503906
YHR163W,YDR392W,0,-4.6159735,0.12964491546154022,0.8306878209114075,0.5576719641685486
YDL076C,YML058W,0,-4.616069,0.1295914202928543,0.8306878209114075,0.5579364895820618
YLR431C,YLR069C,0,-4.6162186,0.12953795492649078,0.8306878209114075,0.5582010746002197
YCR089W,YER095W,0,-4.6162653,0.12948453426361084,0.8306878209114075,0.5584656000137329
YGL021W,YCR065W,0,-4.6163597,0.12943115830421448,0.8306878209114075,0.5587301850318909
YHR081W,YBR192W,0,-4.616364,0.1293778270483017,0.8306878209114075,0.558994710445404
YPL048W,YPL028W,0,-4.616936,0.1293245404958725,0.8306878209114075,0.5592592358589172
YEL019C,YLR268W,0,-4.617232,0.12927129864692688,0.8306878209114075,0.5595238208770752
YKR054C,YOR226C,0,-4.6172833,0.12921810150146484,0.8306878209114075,0.5597883462905884
YDR085C,YLR035C,0,-4.617371,0.1291649490594864,0.8306878209114075,0.5600529313087463
YDL147W,YML029W,1,-4.6173763,0.12952302396297455,0.8333333134651184,0.5600529313087463
YML077W,YLR069C,0,-4.617428,0.12946979701519012,0.8333333134651184,0.5603174567222595
YDR420W,YGL063W,0,-4.6179256,0.1294165998697281,0.8333333134651184,0.5605819821357727
YLR353W,YJR139C,0,-4.6183424,0.12936344742774963,0.8333333134651184,0.5608465671539307
YJL058C,YHR073W,0,-4.618376,0.12931033968925476,0.8333333134651184,0.5611110925674438
YMR119W,YDL147W,1,-4.6186323,0.12966762483119965,0.8359788656234741,0.5611110925674438
YNR033W,YDR440W,0,-4.619134,0.1296144425868988,0.8359788656234741,0.5613756775856018
YGR055W,YGR063C,0,-4.6196685,0.12956129014492035,0.8359788656234741,0.561640202999115
YOR377W,YLR192C,0,-4.619863,0.12950819730758667,0.8359788656234741,0.561904788017273
YFR008W,YER151C,0,-4.620226,0.12945513427257538,0.8359788656234741,0.5621693134307861
YHR079C,YIL070C,0,-4.6202397,0.12940213084220886,0.8359788656234741,0.5624338388442993
YDR168W,YOR099W,0,-4.6205864,0.12934915721416473,0.8359788656234741,0.5626984238624573
YOL016C,YBR105C,0,-4.6208344,0.1292962282896042,0.8359788656234741,0.5629629492759705
YFR046C,YJL219W,0,-4.6208553,0.12924335896968842,0.8359788656234741,0.5632275342941284
YNL288W,YGL222C,0,-4.6209435,0.12919051945209503,0.8359788656234741,0.5634920597076416
YGR059W,YCR081W,0,-4.620962,0.12913772463798523,0.8359788656234741,0.5637565851211548
YER177W,YDL236W,0,-4.621688,0.129084974527359,0.8359788656234741,0.5640211701393127
YGL254W,YBR168W,0,-4.6217685,0.12903225421905518,0.8359788656234741,0.5642856955528259
YGL240W,YDR330W,1,-4.6224327,0.1293877512216568,0.8386243581771851,0.5642856955528259
YOR098C,YPL106C,0,-4.6224923,0.1293349713087082,0.8386243581771851,0.5645502805709839
YGL142C,YBR182C,0,-4.6232624,0.12928222119808197,0.8386243581771851,0.5648148059844971
YDR263C,YOR231W,0,-4.623417,0.12922951579093933,0.8386243581771851,0.565079391002655
YOR002W,YEL019C,0,-4.623439,0.12917685508728027,0.8386243581771851,0.5653439164161682
YFL057C,YDR206W,0,-4.62379,0.1291242390871048,0.8386243581771851,0.5656084418296814
YGL200C,YKL035W,0,-4.624412,0.1290716677904129,0.8386243581771851,0.5658730268478394
YMR267W,YOR095C,0,-4.6249747,0.1290191262960434,0.8386243581771851,0.5661375522613525
YLR158C,YPL248C,0,-4.625752,0.12896664440631866,0.8386243581771851,0.5664021372795105
YFL034C-B,YGL120C,0,-4.6258163,0.12891419231891632,0.8386243581771851,0.5666666626930237
YLR109W,YIL153W,0,-4.6258316,0.12886178493499756,0.8386243581771851,0.5669311881065369
YMR078C,YDR420W,0,-4.626012,0.12880942225456238,0.8386243581771851,0.5671957731246948
YOL156W,YGR072W,0,-4.6265936,0.12875710427761078,0.8386243581771851,0.567460298538208
YJL219W,YKL122C,0,-4.627305,0.12870483100414276,0.8386243581771851,0.567724883556366
YMR168C,YJR144W,0,-4.6275826,0.12865260243415833,0.8386243581771851,0.5679894089698792
YOR231W,YPR134W,0,-4.6276765,0.12860040366649628,0.8386243581771851,0.5682539939880371
YER030W,YLR186W,0,-4.6279287,0.1285482496023178,0.8386243581771851,0.5685185194015503
YNR057C,YLL043W,0,-4.627963,0.12849615514278412,0.8386243581771851,0.5687830448150635
YDR052C,YDR365C,0,-4.628523,0.12844409048557281,0.8386243581771851,0.5690476298332214
YPL154C,YKL028W,0,-4.6297636,0.1283920556306839,0.8386243581771851,0.5693121552467346
YOR388C,YKL064W,0,-4.629868,0.12834008038043976,0.8386243581771851,0.5695767402648926
YBR038W,YOR347C,0,-4.630162,0.1282881498336792,0.8386243581771851,0.5698412656784058
YNR016C,YHR186C,0,-4.6303806,0.12823624908924103,0.8386243581771851,0.570105791091919
YAL020C,YGR284C,0,-4.630574,0.12818439304828644,0.8386243581771851,0.5703703761100769
YJL125C,YPR055W,0,-4.633359,0.12813258171081543,0.8386243581771851,0.5706349015235901
YBR214W,YLR301W,0,-4.6333933,0.128080815076828,0.8386243581771851,0.570899486541748
YLR318W,YML058W,0,-4.633545,0.12802907824516296,0.8386243581771851,0.5711640119552612
YKL206C,YDL132W,1,-4.634189,0.12838110327720642,0.841269850730896,0.5711640119552612
YLL043W,YPL085W,0,-4.635244,0.1283292919397354,0.841269850730896,0.5714285969734192
YDR392W,YDL201W,0,-4.635419,0.12827752530574799,0.841269850730896,0.5716931223869324
YIL124W,YNL214W,0,-4.635588,0.12822580337524414,0.841269850730896,0.5719576478004456
YJL108C,YKL144C,0,-4.636154,0.12817412614822388,0.841269850730896,0.5722222328186035
YER177W,YML058W-A,0,-4.636158,0.128122478723526,0.841269850730896,0.5724867582321167
YER068W,YIL153W,0,-4.636323,0.1280708760023117,0.841269850730896,0.5727513432502747
YDR314C,YOR344C,0,-4.6369553,0.128019317984581,0.841269850730896,0.5730158686637878
YLR035C,YPR052C,0,-4.637334,0.12796780467033386,0.841269850730896,0.573280394077301
YGL247W,YJR112W,0,-4.637528,0.1279163360595703,0.841269850730896,0.573544979095459
YDR206W,YPR046W,0,-4.637971,0.12786489725112915,0.841269850730896,0.5738095045089722
YGL223C,YGR059W,0,-4.638109,0.12781350314617157,0.841269850730896,0.5740740895271301
YDR177W,YML029W,1,-4.638213,0.1281639188528061,0.8439153432846069,0.5740740895271301
YJL001W,YDR400W,1,-4.638251,0.12851405143737793,0.8465608358383179,0.5740740895271301
YJR093C,YHR178W,0,-4.6390324,0.12846246361732483,0.8465608358383179,0.5743386149406433
YFR046C,YBR077C,0,-4.639311,0.1284109205007553,0.8465608358383179,0.5746031999588013
YLR318W,YML047C,0,-4.6394415,0.12835940718650818,0.8465608358383179,0.5748677253723145
YGR085C,YML039W,0,-4.6394873,0.12830793857574463,0.8465608358383179,0.5751322507858276
YGL006W,YER151C,0,-4.6397247,0.12825651466846466,0.8465608358383179,0.5753968358039856
YPR001W,YGR163W,0,-4.640292,0.12820513546466827,0.8465608358383179,0.5756613612174988
YNL042W,YLR291C,0,-4.6406913,0.12815378606319427,0.8465608358383179,0.5759259462356567
YNL291C,YBR188C,0,-4.641057,0.12810248136520386,0.8465608358383179,0.5761904716491699
YMR119W,YDR177W,1,-4.64137,0.1284513771533966,0.8492063283920288,0.5761904716491699
YMR030W,YPL283C,0,-4.6414,0.12839999794960022,0.8492063283920288,0.5764549970626831
YDR113C,YGR141W,0,-4.6415253,0.12834866344928741,0.8492063283920288,0.5767195820808411
YDR294C,YBR105C,0,-4.641676,0.128297358751297,0.8492063283920288,0.5769841074943542
YML077W,YCL034W,0,-4.641802,0.12824609875679016,0.8492063283920288,0.5772486925125122
YGR140W,YPR019W,0,-4.642561,0.1281948834657669,0.8492063283920288,0.5775132179260254
YPL217C,YJR017C,0,-4.6433,0.12814371287822723,0.8492063283920288,0.5777778029441833
YPR052C,YKR031C,0,-4.644125,0.12809257209300995,0.8492063283920288,0.5780423283576965
YPL266W,YKL058W,0,-4.6444025,0.12804149091243744,0.8492063283920288,0.5783068537712097
YFL056C,YDL059C,0,-4.644746,0.12799042463302612,0.8492063283920288,0.5785714387893677
YOL071W,YGL200C,0,-4.644755,0.12793941795825958,0.8492063283920288,0.5788359642028809
YPR093C,YOR106W,0,-4.6450677,0.12788844108581543,0.8492063283920288,0.5791005492210388
YDR314C,YGR005C,0,-4.6455135,0.12783750891685486,0.8492063283920288,0.579365074634552
YMR026C,YER095W,0,-4.6463966,0.12778662145137787,0.8492063283920288,0.5796296000480652
YBR065C,YBR156C,0,-4.647005,0.12773577868938446,0.8492063283920288,0.5798941850662231
YLR381W,YKL021C,0,-4.6470194,0.12768496572971344,0.8492063283920288,0.5801587104797363
YJL058C,YER089C,0,-4.6481647,0.127634197473526,0.8492063283920288,0.5804232954978943
YPR105C,YKL120W,0,-4.648244,0.12758345901966095,0.8492063283920288,0.5806878209114075
YLL042C,YDR289C,0,-4.649011,0.12753278017044067,0.8492063283920288,0.5809524059295654
YCL039W,YNL328C,0,-4.6491175,0.12748213112354279,0.8492063283920288,0.5812169313430786
YOR295W,YGL255W,0,-4.649249,0.12743152678012848,0.8492063283920288,0.5814814567565918
YER178W,YJL093C,0,-4.6494217,0.12738095223903656,0.8492063283920288,0.5817460417747498
YJL094C,YFL059W,0,-4.649764,0.12733042240142822,0.8492063283920288,0.5820105671882629
YPR052C,YMR061W,0,-4.6509895,0.12727993726730347,0.8492063283920288,0.5822751522064209
YPL228W,YLR372W,0,-4.6530676,0.1272294819355011,0.8492063283920288,0.5825396776199341
YCR005C,YGR044C,0,-4.653355,0.1271790862083435,0.8492063283920288,0.5828042030334473
YGL240W,YJL001W,1,-4.6536503,0.1275247484445572,0.8518518805503845,0.5828042030334473
YLR448W,YIL123W,0,-4.653863,0.12747426331043243,0.8518518805503845,0.5830687880516052
YCL034W,YBR168W,0,-4.6541157,0.12742382287979126,0.8518518805503845,0.5833333134651184
YPL069C,YOR181W,0,-4.65444,0.12737341225147247,0.8518518805503845,0.5835978984832764
YGR288W,YCR018C,0,-4.654953,0.12732304632663727,0.8518518805503845,0.5838624238967896
YKL206C,YJR090C,1,-4.6550245,0.12766797840595245,0.8544973731040955,0.5838624238967896
YOR026W,YJL164C,0,-4.6551356,0.12761753797531128,0.8544973731040955,0.5841270089149475
YGL144C,YOR084W,0,-4.6553564,0.1275671422481537,0.8544973731040955,0.5843915343284607
YOR049C,YLR305C,0,-4.655426,0.12751677632331848,0.8544973731040955,0.5846560597419739
YGL247W,YGR241C,0,-4.656147,0.12746645510196686,0.8544973731040955,0.5849206447601318
YLR131C,YOR085W,0,-4.6562576,0.12741617858409882,0.8544973731040955,0.585185170173645
YJL125C,YGL216W,0,-4.656746,0.12736593186855316,0.8544973731040955,0.585449755191803
YNL222W,YJL129C,0,-4.6572933,0.1273157298564911,0.8544973731040955,0.5857142806053162
YBR065C,YDR420W,0,-4.6573563,0.1272655576467514,0.8544973731040955,0.5859788656234741
YLR022C,YDR126W,0,-4.6573973,0.1272154450416565,0.8544973731040955,0.5862433910369873
YLR102C,YMR119W,1,-4.657482,0.12755905091762543,0.8571428656578064,0.5862433910369873
YFR009W,YMR036C,0,-4.657522,0.12750884890556335,0.8571428656578064,0.5865079164505005
YMR303C,YDR397C,0,-4.6581306,0.12745869159698486,0.8571428656578064,0.5867725014686584
YOR031W,YLR147C,0,-4.658618,0.12740857899188995,0.8571428656578064,0.5870370268821716
YML059C,YOR380W,0,-4.658703,0.12735849618911743,0.8571428656578064,0.5873016119003296
YFR008W,YPL040C,0,-4.6593423,0.1273084431886673,0.8571428656578064,0.5875661373138428
YMR119W,YDL132W,1,-4.660055,0.12765121459960938,0.8597883582115173,0.5875661373138428
YFL045C,YJL129C,0,-4.6607137,0.12760110199451447,0.8597883582115173,0.587830662727356
YNL127W,YBR205W,0,-4.660866,0.12755101919174194,0.8597883582115173,0.5880952477455139
YJL100W,YPL128C,0,-4.6610904,0.127500981092453,0.8597883582115173,0.5883597731590271
YEL027W,YDR407C,0,-4.661317,0.12745098769664764,0.8597883582115173,0.5886243581771851
YLR304C,YOR144C,0,-4.6615324,0.12740102410316467,0.8597883582115173,0.5888888835906982
YCR040W,YEL051W,0,-4.661548,0.1273510903120041,0.8597883582115173,0.5891534686088562
YNL031C,YNR017W,0,-4.661578,0.12730121612548828,0.8597883582115173,0.5894179940223694
YPL151C,YHR163W,0,-4.6616287,0.12725137174129486,0.8597883582115173,0.5896825194358826
YDR179C,YNL229C,0,-4.6620893,0.12720157206058502,0.8597883582115173,0.5899471044540405
YPL157W,YOR162C,0,-4.662133,0.12715180218219757,0.8597883582115173,0.5902116298675537
YNL021W,YDL148C,0,-4.6623445,0.1271020770072937,0.8597883582115173,0.5904762148857117
YPR019W,YGL187C,0,-4.6635704,0.12705238163471222,0.8597883582115173,0.5907407402992249
YHR174W,YKR028W,0,-4.663812,0.12700273096561432,0.8597883582115173,0.591005265712738
YNL068C,YDR456W,0,-4.6640444,0.126953125,0.8597883582115173,0.591269850730896
YHR079C,YGL016W,0,-4.664317,0.12690354883670807,0.8597883582115173,0.5915343761444092
YNL128W,YJL029C,0,-4.6649218,0.12685401737689972,0.8597883582115173,0.5917989611625671
YOR026W,YBL040C,0,-4.6649566,0.12680453062057495,0.8597883582115173,0.5920634865760803
YPR093C,YKR101W,0,-4.665132,0.12675507366657257,0.8597883582115173,0.5923280715942383
YLR353W,YFL060C,0,-4.665468,0.12670564651489258,0.8597883582115173,0.5925925970077515
YBR026C,YJL108C,0,-4.666662,0.12665627896785736,0.8597883582115173,0.5928571224212646
YPR105C,YDR263C,0,-4.6667075,0.12660694122314453,0.8597883582115173,0.5931217074394226
YLR102C,YJR090C,1,-4.667091,0.1269470453262329,0.8624338507652283,0.5931217074394226
YML077W,YIL118W,0,-4.6672773,0.12689761817455292,0.8624338507652283,0.5933862328529358
YPL018W,YLR084C,0,-4.667444,0.1268482506275177,0.8624338507652283,0.5936508178710938
YML123C,YKL028W,0,-4.669034,0.12679891288280487,0.8624338507652283,0.5939153432846069
YGL222C,YAL007C,0,-4.6690445,0.12674960494041443,0.8624338507652283,0.5941798686981201
YAR018C,YOR181W,0,-4.669732,0.12670035660266876,0.8624338507652283,0.5944444537162781
YKL093W,YKR031C,0,-4.670832,0.1266511231660843,0.8624338507652283,0.5947089791297913
YDL175C,YCL059C,0,-4.671061,0.1266019344329834,0.8624338507652283,0.5949735641479492
YPR111W,YOR049C,0,-4.671427,0.1265527904033661,0.8624338507652283,0.5952380895614624
YPR135W,YHR139C,0,-4.6715927,0.12650369107723236,0.8624338507652283,0.5955026745796204
YBL023C,YLR448W,0,-4.6731863,0.12645462155342102,0.8624338507652283,0.5957671999931335
YPR023C,YOL102C,0,-4.673259,0.12640558183193207,0.8624338507652283,0.5960317254066467
YDR345C,YDR217C,0,-4.6733856,0.1263565868139267,0.8624338507652283,0.5962963104248047
YPR112C,YIL138C,0,-4.6738815,0.1263076364994049,0.8624338507652283,0.5965608358383179
YER179W,YOR040W,0,-4.6741776,0.1262587159872055,0.8624338507652283,0.5968254208564758
YPL048W,YFL059W,0,-4.6742134,0.12620984017848969,0.8624338507652283,0.597089946269989
YNR052C,YHL022C,0,-4.6750126,0.12616099417209625,0.8624338507652283,0.5973544716835022
YPL069C,YMR026C,0,-4.6753817,0.1261121928691864,0.8624338507652283,0.5976190567016602
YML011C,YHR138C,0,-4.6755514,0.12606342136859894,0.8624338507652283,0.5978835821151733
YER179W,YDR176W,0,-4.675767,0.12601469457149506,0.8624338507652283,0.5981481671333313
YGR288W,YOR049C,0,-4.6781383,0.12596599757671356,0.8624338507652283,0.5984126925468445
YFL039C,YOL156W,0,-4.678607,0.12591734528541565,0.8624338507652283,0.5986772775650024
YBR110W,YOL017W,0,-4.678609,0.12586872279644012,0.8624338507652283,0.5989418029785156
YOR319W,YHR205W,0,-4.6787357,0.12582014501094818,0.8624338507652283,0.5992063283920288
YKL144C,YPL085W,0,-4.6789594,0.12577161192893982,0.8624338507652283,0.5994709134101868
YGR288W,YLR010C,0,-4.6791396,0.12572309374809265,0.8624338507652283,0.5997354388237
YDR272W,YPL040C,0,-4.679385,0.12567463517189026,0.8624338507652283,0.6000000238418579
YEL030W,YER008C,0,-4.679412,0.12562620639801025,0.8624338507652283,0.6002645492553711
YCR048W,YGR197C,0,-4.679989,0.12557780742645264,0.8624338507652283,0.6005290746688843
YPL217C,YIL149C,0,-4.6807814,0.1255294531583786,0.8624338507652283,0.6007936596870422
YMR119W,YLR417W,1,-4.681531,0.12586605548858643,0.8650793433189392,0.6007936596870422
YIR013C,YDL047W,0,-4.6823363,0.12581762671470642,0.8650793433189392,0.6010581851005554
YHL040C,YGL190C,0,-4.683176,0.1257692277431488,0.8650793433189392,0.6013227701187134
YPL069C,YBR168W,0,-4.68321,0.12572087347507477,0.8650793433189392,0.6015872955322266
YFL029C,YOR031W,0,-4.6832466,0.12567256391048431,0.8650793433189392,0.6018518805503845
YFR046C,YJR017C,0,-4.683646,0.12562428414821625,0.8650793433189392,0.6021164059638977
YER162C,YER095W,0,-4.683756,0.12557603418827057,0.8650793433189392,0.6023809313774109
YMR033W,YGR077C,0,-4.6838274,0.12552782893180847,0.8650793433189392,0.6026455163955688
YBR065C,YLR055C,0,-4.683962,0.12547966837882996,0.8650793433189392,0.602910041809082
YDR469W,YLR193C,0,-4.6843777,0.12543153762817383,0.8650793433189392,0.60317462682724
YOR098C,YNL329C,0,-4.685769,0.1253834366798401,0.8650793433189392,0.6034391522407532
YPR122W,YNL236W,0,-4.685872,0.12533538043498993,0.8650793433189392,0.6037036776542664
YDR440W,YGL167C,0,-4.6859674,0.12528735399246216,0.8650793433189392,0.6039682626724243
YOR173W,YLR006C,0,-4.6860323,0.12523937225341797,0.8650793433189392,0.6042327880859375
YLL027W,YBR080C,0,-4.6860933,0.12519142031669617,0.8650793433189392,0.6044973731040955
YLR431C,YCL026C-A,0,-4.687126,0.12514351308345795,0.8650793433189392,0.6047618985176086
YNL290W,YLR003C,0,-4.6874866,0.12509563565254211,0.8650793433189392,0.6050264835357666
YMR056C,YFL059W,0,-4.6879416,0.12504780292510986,0.8650793433189392,0.6052910089492798
YOR249C,YIR025W,1,-4.6884084,0.12538225948810577,0.8677248954772949,0.6052910089492798
YGL240W,YJR131W,1,-4.688505,0.1257164627313614,0.8703703880310059,0.6052910089492798
YMR033W,YOL017W,0,-4.6891537,0.1256684511899948,0.8703703880310059,0.605555534362793
YMR139W,YBR156C,0,-4.6898546,0.12562046945095062,0.8703703880310059,0.6058201193809509
YDR318W,YOR213C,0,-4.690137,0.12557251751422882,0.8703703880310059,0.6060846447944641
YCR028C-A,YJL026W,0,-4.6901875,0.1255246102809906,0.8703703880310059,0.6063492298126221
YLR221C,YJL168C,0,-4.690322,0.12547673285007477,0.8703703880310059,0.6066137552261353
YPL169C,YDR314C,0,-4.690771,0.12542890012264252,0.8703703880310059,0.6068782806396484
YOR144C,YBR136W,0,-4.690837,0.12538109719753265,0.8703703880310059,0.6071428656578064
YIL051C,YKL122C,0,-4.6912394,0.12533333897590637,0.8703703880310059,0.6074073910713196
YDR052C,YPR134W,0,-4.6913004,0.12528561055660248,0.8703703880310059,0.6076719760894775
YOR168W,YPL116W,0,-4.691478,0.12523791193962097,0.8703703880310059,0.6079365015029907
YLR157C,YOR127W,0,-4.691559,0.12519025802612305,0.8703703880310059,0.6082010865211487
YER030W,YHL027W,0,-4.6919594,0.1251426339149475,0.8703703880310059,0.6084656119346619
YLL013C,YML097C,0,-4.6919713,0.12509505450725555,0.8703703880310059,0.608730137348175
YDR113C,YER089C,0,-4.692884,0.125047504901886,0.8703703880310059,0.608994722366333
YPR111W,YOL147C,0,-4.6928864,0.125,0.8703703880310059,0.6092592477798462
YHR007C,YNL334C,0,-4.693269,0.1249525249004364,0.8703703880310059,0.6095238327980042
YOR168W,YDL056W,0,-4.6932898,0.12490508705377579,0.8703703880310059,0.6097883582115173
YDR224C,YDL109C,0,-4.693605,0.12485768646001816,0.8703703880310059,0.6100528836250305
YDR206W,YOR040W,0,-4.693608,0.12481031566858292,0.8703703880310059,0.6103174686431885
YGR140W,YOR084W,0,-4.6967173,0.12476298958063126,0.8703703880310059,0.6105819940567017
YKR063C,YML059C,0,-4.69722,0.12471569329500198,0.8703703880310059,0.6108465790748596
YAR015W,YBR069C,0,-4.6972837,0.1246684342622757,0.8703703880310059,0.6111111044883728
YOR181W,YBR097W,0,-4.697468,0.12462121248245239,0.8703703880310059,0.6113756895065308
YAL023C,YAL032C,0,-4.698471,0.12457402795553207,0.8703703880310059,0.611640214920044
YLR113W,YPL040C,0,-4.6985316,0.12452687323093414,0.8703703880310059,0.6119047403335571
YGL137W,YGR005C,0,-4.6988263,0.1244797557592392,0.8703703880310059,0.6121693253517151
YPL086C,YOR129C,0,-4.69891,0.12443267554044724,0.8703703880310059,0.6124338507652283
YDL132W,YGL240W,1,-4.6995697,0.12476370483636856,0.8730158805847168,0.6124338507652283
YGL142C,YBL022C,0,-4.6999726,0.12471655011177063,0.8730158805847168,0.6126984357833862
YKR034W,YAL044C,0,-4.700078,0.12466944009065628,0.8730158805847168,0.6129629611968994
YGL187C,YHR154W,0,-4.700297,0.12462235987186432,0.8730158805847168,0.6132274866104126
YJL036W,YDR310C,0,-4.700565,0.12457530945539474,0.8730158805847168,0.6134920716285706
YHR073W,YER169W,0,-4.7007046,0.12452830374240875,0.8730158805847168,0.6137565970420837
YJR050W,YDR449C,0,-4.700843,0.12448132783174515,0.8730158805847168,0.6140211820602417
YCR098C,YAL047C,0,-4.701149,0.12443438917398453,0.8730158805847168,0.6142857074737549
YGR072W,YOR060C,0,-4.7022405,0.12438748776912689,0.8730158805847168,0.6145502924919128
YKL206C,YOR249C,1,-4.7022424,0.12471740692853928,0.8756613731384277,0.6145502924919128
YNL003C,YDL047W,0,-4.7026396,0.12467043101787567,0.8756613731384277,0.614814817905426
YAL007C,YLR035C,0,-4.7031803,0.12462349236011505,0.8756613731384277,0.6150793433189392
YAL044C,YBL105C,0,-4.7033124,0.12457659095525742,0.8756613731384277,0.6153439283370972
YHR154W,YEL002C,0,-4.7053795,0.12452971935272217,0.8756613731384277,0.6156084537506104
YLR141W,YHR008C,0,-4.7054005,0.1244828850030899,0.8756613731384277,0.6158730387687683
YBR080C,YOR060C,0,-4.7054825,0.12443608790636063,0.8756613731384277,0.6161375641822815
YOR249C,YDL126C,1,-4.7056117,0.12476512789726257,0.8783068656921387,0.6161375641822815
YAR015W,YDR346C,0,-4.7061653,0.12471825629472733,0.8783068656921387,0.6164020895957947
YGL130W,YDR191W,0,-4.706256,0.12467142194509506,0.8783068656921387,0.6166666746139526
YDL126C,YDR400W,1,-4.7062864,0.125,0.8809523582458496,0.6166666746139526
YPL200W,YDL245C,0,-4.7063446,0.12495309859514236,0.8809523582458496,0.6169312000274658
YDL132W,YKL034W,1,-4.7064304,0.12528131902217865,0.8835979104042053,0.6169312000274658
YMR316W,YMR219W,0,-4.7077246,0.12523435056209564,0.8835979104042053,0.6171957850456238
YMR069W,YOL043C,0,-4.7078376,0.12518741190433502,0.8835979104042053,0.617460310459137
YLR157C,YNL290W,0,-4.7081842,0.1251405030488968,0.8835979104042053,0.6177248954772949
YBR038W,YDR096W,0,-4.708539,0.12509363889694214,0.8835979104042053,0.6179894208908081
YBR009C,YLR006C,0,-4.7088914,0.12504680454730988,0.8835979104042053,0.6182539463043213
YIR025W,YDR177W,1,-4.7090816,0.12537425756454468,0.8862434029579163,0.6182539463043213
YLR107W,YPL239W,0,-4.7095995,0.12532734870910645,0.8862434029579163,0.6185185313224792
YCR066W,YNL128W,0,-4.7096453,0.1252804845571518,0.8862434029579163,0.6187830567359924
YJL108C,YGR248W,0,-4.7108808,0.12523365020751953,0.8862434029579163,0.6190476417541504
YOR249C,YOL013C,1,-4.711532,0.12556053698062897,0.8888888955116272,0.6190476417541504
YOR032C,YNL138W,0,-4.7121735,0.12551362812519073,0.8888888955116272,0.6193121671676636
YPL082C,YGR063C,0,-4.7122602,0.12546676397323608,0.8888888955116272,0.6195766925811768
YPL267W,YCR040W,0,-4.7123322,0.12541992962360382,0.8888888955116272,0.6198412775993347
YLR033W,YJL164C,0,-4.712371,0.12537313997745514,0.8888888955116272,0.6201058030128479
YBR036C,YEL030W,0,-4.7124066,0.12532636523246765,0.8888888955116272,0.6203703880310059
YNL025C,YBR061C,0,-4.712535,0.12527963519096375,0.8888888955116272,0.620634913444519
YHR164C,YGR288W,0,-4.7137003,0.12523294985294342,0.8888888955116272,0.620899498462677
YJL060W,YKR028W,0,-4.7147627,0.12518629431724548,0.8888888955116272,0.6211640238761902
YDR263C,YNL318C,0,-4.7148924,0.12513966858386993,0.8888888955116272,0.6214285492897034
YOR344C,YML001W,0,-4.716508,0.12509307265281677,0.8888888955116272,0.6216931343078613
YOL091W,YNL263C,0,-4.7165413,0.1250465214252472,0.8888888955116272,0.6219576597213745
YGL240W,YDL147W,1,-4.7167883,0.1253720223903656,0.8915343880653381,0.6219576597213745
YJL111W,YBR065C,0,-4.7168455,0.12532539665699005,0.8915343880653381,0.6222222447395325
YDR009W,YIL123W,0,-4.717103,0.12527881562709808,0.8915343880653381,0.6224867701530457
YMR036C,YLL040C,0,-4.7179756,0.1252322494983673,0.8915343880653381,0.6227512955665588
YIL153W,YLR301W,0,-4.718348,0.12518572807312012,0.8915343880653381,0.6230158805847168
YDR113C,YDR314C,0,-4.719075,0.1251392513513565,0.8915343880653381,0.62328040599823
YDL178W,YGL098W,0,-4.719408,0.12509280443191528,0.8915343880653381,0.6235449910163879
YCR057C,YLR369W,0,-4.7194843,0.12504638731479645,0.8915343880653381,0.6238095164299011
YFR027W,YOR179C,0,-4.7211494,0.125,0.8915343880653381,0.6240741014480591
YDR450W,YBR097W,0,-4.72127,0.12495364993810654,0.8915343880653381,0.6243386268615723
YCR089W,YAL032C,0,-4.721657,0.12490733712911606,0.8915343880653381,0.6246031522750854
YIL040W,YJR050W,0,-4.7216673,0.12486106157302856,0.8915343880653381,0.6248677372932434
YJL166W,YCR018C,0,-4.722132,0.12481481581926346,0.8915343880653381,0.6251322627067566
YML132W,YDR499W,0,-4.7225046,0.12476860731840134,0.8915343880653381,0.6253968477249146
YLR368W,YJL192C,0,-4.7225304,0.1247224286198616,0.8915343880653381,0.6256613731384277
YNR033W,YDR480W,0,-4.7230387,0.12467628717422485,0.8915343880653381,0.6259258985519409
YDR096W,YBR156C,0,-4.7253876,0.12463017553091049,0.8915343880653381,0.6261904835700989
YDR420W,YOR295W,0,-4.7261324,0.12458410114049911,0.8915343880653381,0.6264550089836121
YML036W,YDL055C,0,-4.7262154,0.12453806400299072,0.8915343880653381,0.62671959400177
YNL231C,YHR030C,0,-4.726596,0.12449205666780472,0.8915343880653381,0.6269841194152832
YDR106W,YKL051W,0,-4.7267275,0.1244460865855217,0.8915343880653381,0.6272487044334412
YLR270W,YNL231C,0,-4.7270455,0.12440014630556107,0.8915343880653381,0.6275132298469543
YDL105W,YMR030W,0,-4.7270904,0.12435424327850342,0.8915343880653381,0.6277777552604675
YDR188W,YGL078C,0,-4.7279196,0.12430837005376816,0.8915343880653381,0.6280423402786255
YCR073W-A,YMR005W,0,-4.7287817,0.12426253408193588,0.8915343880653381,0.6283068656921387
YPL119C,YEL002C,0,-4.729084,0.12421673536300659,0.8915343880653381,0.6285714507102966
YJL192C,YDR165W,0,-4.729414,0.12417096644639969,0.8915343880653381,0.6288359761238098
YGR284C,YPR193C,0,-4.729576,0.12412522733211517,0.8915343880653381,0.629100501537323
YNR033W,YPL048W,0,-4.729762,0.12407952547073364,0.8915343880653381,0.629365086555481
YGR147C,YJL166W,0,-4.730656,0.1240338608622551,0.8915343880653381,0.6296296119689941
YJR121W,YKR062W,0,-4.730979,0.12398822605609894,0.8915343880653381,0.6298941969871521
YNL029C,YBR223C,0,-4.7324724,0.12394262850284576,0.8915343880653381,0.6301587224006653
YLR405W,YCR018C,0,-4.732709,0.12389706075191498,0.8915343880653381,0.6304233074188232
YML036W,YNL333W,0,-4.733205,0.12385152280330658,0.8915343880653381,0.6306878328323364
YGL068W,YPR134W,0,-4.733629,0.12380602210760117,0.8915343880653381,0.6309523582458496
YGR254W,YHR007C,0,-4.733681,0.12376055866479874,0.8915343880653381,0.6312169432640076
YJL111W,YJL108C,0,-4.73403,0.1237151250243187,0.8915343880653381,0.6314814686775208
YCR002C,YDR096W,0,-4.734263,0.12366972118616104,0.8915343880653381,0.6317460536956787
YML132W,YMR030W,0,-4.7343264,0.12362435460090637,0.8915343880653381,0.6320105791091919
YBR026C,YLR396C,0,-4.734959,0.12357902526855469,0.8915343880653381,0.6322751045227051
YGR097W,YPL086C,0,-4.7360744,0.12353372573852539,0.8915343880653381,0.632539689540863
YFL029C,YOL147C,0,-4.737185,0.12348845601081848,0.8915343880653381,0.6328042149543762
YPR175W,YGR085C,0,-4.7376184,0.12344322353601456,0.8915343880653381,0.6330687999725342
YBL045C,YAL044C,0,-4.7376375,0.12339802086353302,0.8915343880653381,0.6333333253860474
YER178W,YDR341C,0,-4.7379093,0.12335285544395447,0.8915343880653381,0.6335979104042053
YPL133C,YDL201W,0,-4.738097,0.1233077198266983,0.8915343880653381,0.6338624358177185
YLR320W,YOR344C,0,-4.738435,0.12326262146234512,0.8915343880653381,0.6341269612312317
YOR249C,YMR119W,1,-4.7385893,0.12358318269252777,0.8941798806190491,0.6341269612312317
YGR289C,YGR077C,0,-4.7386484,0.12353800982236862,0.8941798806190491,0.6343915462493896
YCR005C,YOR173W,0,-4.738909,0.12349287420511246,0.8941798806190491,0.6346560716629028
YFR034C,YOR049C,0,-4.738965,0.12344776839017868,0.8941798806190491,0.6349206566810608
YOR388C,YPL058C,0,-4.739079,0.12340269982814789,0.8941798806190491,0.635185182094574
YPR075C,YML001W,0,-4.739272,0.12335766106843948,0.8941798806190491,0.6354497075080872
YJR050W,YHR030C,0,-4.739351,0.12331265956163406,0.8941798806190491,0.6357142925262451
YKL034W,YDR400W,1,-4.739358,0.12363238632678986,0.89682537317276,0.6357142925262451
YER012W,YDR330W,1,-4.7406654,0.12395187467336655,0.8994709253311157,0.6357142925262451
YLR192C,YBR069C,0,-4.740861,0.123906709253788,0.8994709253311157,0.6359788179397583
YNL278W,YJL143W,0,-4.741415,0.12386156618595123,0.8994709253311157,0.6362434029579163
YOR388C,YOL151W,0,-4.741544,0.12381646037101746,0.8994709253311157,0.6365079283714294
YDL046W,YOR353C,0,-4.741562,0.12377138435840607,0.8994709253311157,0.6367725133895874
YNL037C,YOR162C,0,-4.741834,0.12372634559869766,0.8994709253311157,0.6370370388031006
YPL169C,YCR020C,0,-4.7423167,0.12368133664131165,0.8994709253311157,0.6373015642166138
YDR179C,YPL087W,0,-4.7423887,0.12363636493682861,0.8994709253311157,0.6375661492347717
YLL043W,YJL026W,0,-4.742418,0.12359142303466797,0.8994709253311157,0.6378306746482849
YPL116W,YCR081W,0,-4.742668,0.12354651093482971,0.8994709253311157,0.6380952596664429
YCR040W,YJL108C,0,-4.7427177,0.12350163608789444,0.8994709253311157,0.638359785079956
YLR318W,YOR136W,0,-4.742859,0.12345679104328156,0.8994709253311157,0.6386243104934692
YMR078C,YNL244C,0,-4.743074,0.12341197580099106,0.8994709253311157,0.6388888955116272
YLR144C,YMR030W,0,-4.743357,0.12336719781160355,0.8994709253311157,0.6391534209251404
YDR365C,YLL027W,0,-4.7433786,0.12332244962453842,0.8994709253311157,0.6394180059432983
YKL079W,YJL138C,0,-4.7436657,0.12327773869037628,0.8994709253311157,0.6396825313568115
YFL034C-B,YDR322C-A,0,-4.74387,0.12323305755853653,0.8994709253311157,0.6399471163749695
YIL014W,YGR285C,0,-4.7442102,0.12318840622901917,0.8994709253311157,0.6402116417884827
YCR005C,YDR407C,0,-4.7443867,0.12314379215240479,0.8994709253311157,0.6404761672019958
YPR199C,YDL201W,0,-4.7444754,0.1230992004275322,0.8994709253311157,0.6407407522201538
YNL042W,YGR288W,0,-4.7445,0.12305465340614319,0.8994709253311157,0.641005277633667
YDR188W,YML058W-A,0,-4.7453194,0.12301012873649597,0.8994709253311157,0.641269862651825
YMR219W,YLR285W,0,-4.7458944,0.12296564131975174,0.8994709253311157,0.6415343880653381
YNL312W,YLR010C,0,-4.746663,0.1229211837053299,0.8994709253311157,0.6417989134788513
YDR365C,YKL051W,0,-4.7467136,0.12287676334381104,0.8994709253311157,0.6420634984970093
YIR008C,YCR067C,0,-4.746821,0.12283237278461456,0.8994709253311157,0.6423280239105225
YIL110W,YNL222W,0,-4.7475634,0.12278801202774048,0.8994709253311157,0.6425926089286804
YPR122W,YDR281C,0,-4.747674,0.12274368107318878,0.8994709253311157,0.6428571343421936
YHR187W,YOL147C,0,-4.748553,0.12269938737154007,0.8994709253311157,0.6431217193603516
YLR113W,YEL069C,0,-4.7488084,0.12265512347221375,0.8994709253311157,0.6433862447738647
YJR050W,YER095W,0,-4.7490177,0.12261088937520981,0.8994709253311157,0.6436507701873779
YLR329W,YOR294W,0,-4.7494555,0.12256669253110886,0.8994709253311157,0.6439153552055359
YDR342C,YJL164C,0,-4.749651,0.12252252548933029,0.8994709253311157,0.6441798806190491
YPL254W,YER089C,0,-4.7497416,0.12247838824987411,0.8994709253311157,0.644444465637207
YLR160C,YLR107W,0,-4.749814,0.12243428081274033,0.8994709253311157,0.6447089910507202
YNL084C,YOR085W,0,-4.750562,0.12239021062850952,0.8994709253311157,0.6449735164642334
YIL098C,YPL239W,0,-4.750596,0.1223461702466011,0.8994709253311157,0.6452381014823914
YKL053C-A,YPR178W,0,-4.7510967,0.12230215966701508,0.8994709253311157,0.6455026268959045
YBR093C,YML064C,0,-4.7515287,0.12225817888975143,0.8994709253311157,0.6457672119140625
YDL245C,YJL026W,0,-4.7515693,0.12221423536539078,0.8994709253311157,0.6460317373275757
YFL017W-A,YCR061W,0,-4.751603,0.12217032164335251,0.8994709253311157,0.6462963223457336
YGL086W,YLR466W,0,-4.751672,0.12212643772363663,0.8994709253311157,0.6465608477592468
YNL042W,YHL022C,0,-4.7521486,0.12208258360624313,0.8994709253311157,0.64682537317276
YGL247W,YER162C,0,-4.752473,0.12203876674175262,0.8994709253311157,0.647089958190918
YDR176W,YBR214W,0,-4.7537403,0.1219949796795845,0.8994709253311157,0.6473544836044312
YKL206C,YGL004C,1,-4.75445,0.12230990082025528,0.9021164178848267,0.6473544836044312
YNR057C,YKL028W,0,-4.754593,0.12226604670286179,0.9021164178848267,0.6476190686225891
YER133W,YGL062W,0,-4.7562504,0.12222222238779068,0.9021164178848267,0.6478835940361023
YHR174W,YFR034C,0,-4.7570877,0.12217842787504196,0.9021164178848267,0.6481481194496155
YDR397C,YFR034C,0,-4.758225,0.12213467061519623,0.9021164178848267,0.6484127044677734
YLR270W,YKL125W,0,-4.758875,0.12209094315767288,0.9021164178848267,0.6486772298812866
YHL022C,YOR043W,0,-4.758934,0.12204724550247192,0.9021164178848267,0.6489418148994446
YDR181C,YOL055C,0,-4.759097,0.12200357764959335,0.9021164178848267,0.6492063403129578
YNL274C,YGL137W,0,-4.7600446,0.12195993959903717,0.9021164178848267,0.6494709253311157
YOR243C,YIL031W,0,-4.7602468,0.12191633880138397,0.9021164178848267,0.6497354507446289
YMR119W,YJL001W,1,-4.7604127,0.122230164706707,0.9047619104385376,0.6497354507446289
YKR055W,YOR047C,0,-4.760971,0.12218649685382843,0.9047619104385376,0.6499999761581421
YNL334C,YJL036W,0,-4.7611465,0.12214285880327225,0.9047619104385376,0.6502645611763
YGL058W,YLR417W,1,-4.762739,0.12245626747608185,0.9074074029922485,0.6502645611763
YGL001C,YGL063W,0,-4.762767,0.12241256237030029,0.9074074029922485,0.6505290865898132
YKL042W,YDR165W,0,-4.7628727,0.12236888706684113,0.9074074029922485,0.6507936716079712
YHL038C,YOL020W,0,-4.7630405,0.12232524901628494,0.9074074029922485,0.6510581970214844
YBR168W,YCR061W,0,-4.763088,0.12228164076805115,0.9074074029922485,0.6513227224349976
YKL026C,YHR079C,0,-4.763381,0.12223806232213974,0.9074074029922485,0.6515873074531555
YDR397C,YNL138W,0,-4.7641788,0.12219451367855072,0.9074074029922485,0.6518518328666687
YJR090C,YER094C,1,-4.764214,0.12250712513923645,0.9100528955459595,0.6518518328666687
YGR097W,YLR275W,0,-4.764722,0.12246350944042206,0.9100528955459595,0.6521164178848267
YMR116C,YML001W,0,-4.765213,0.12241993099451065,0.9100528955459595,0.6523809432983398
YBR164C,YCR073W-A,0,-4.7654266,0.12237637490034103,0.9100528955459595,0.6526455283164978
YHR186C,YKL110C,0,-4.7659492,0.1223328560590744,0.9100528955459595,0.652910053730011
YBL045C,YAL007C,0,-4.7662477,0.12228937447071075,0.9100528955459595,0.6531745791435242
YDR106W,YBR215W,0,-4.7662706,0.1222459152340889,0.9100528955459595,0.6534391641616821
YCL029C,YHR160C,0,-4.7667212,0.12220248579978943,0.9100528955459595,0.6537036895751953
YPR128C,YLL004W,0,-4.7668447,0.12215909361839294,0.9100528955459595,0.6539682745933533
YLR431C,YIR013C,0,-4.767684,0.12211572378873825,0.9100528955459595,0.6542328000068665
YMR275C,YDR126W,0,-4.767845,0.12207239121198654,0.9100528955459595,0.6544973254203796
YNL048W,YCR040W,0,-4.767994,0.12202908843755722,0.9100528955459595,0.6547619104385376
YNL127W,YJL143W,0,-4.7687216,0.12198581546545029,0.9100528955459595,0.6550264358520508
YOR040W,YIL022W,0,-4.769031,0.12194257229566574,0.9100528955459595,0.6552910208702087
YMR287C,YPL145C,0,-4.770011,0.12189935892820358,0.9100528955459595,0.6555555462837219
YDR201W,YJR007W,0,-4.7701144,0.12185618281364441,0.9100528955459595,0.6558201313018799
YNL068C,YPL106C,0,-4.770115,0.12181302905082703,0.9100528955459595,0.6560846567153931
YGR254W,YNL318C,0,-4.7707453,0.12176991254091263,0.9100528955459595,0.6563491821289062
YDL046W,YJL168C,0,-4.7708054,0.12172682583332062,0.9100528955459595,0.6566137671470642
YLR186W,YJR050W,0,-4.7710648,0.1216837614774704,0.9100528955459595,0.6568782925605774
YBR260C,YOR179C,0,-4.771755,0.12164073437452316,0.9100528955459595,0.6571428775787354
YCR028C-A,YHR161C,0,-4.771858,0.12159773707389832,0.9100528955459595,0.6574074029922485
YJR160C,YLR372W,0,-4.7720175,0.12155476957559586,0.9100528955459595,0.6576719284057617
YHR068W,YCR081W,0,-4.7723007,0.12151183187961578,0.9100528955459595,0.6579365134239197
YGL200C,YIL110W,0,-4.7728477,0.1214689239859581,0.9100528955459595,0.6582010388374329
YJL092W,YOR193W,0,-4.7734814,0.1214260533452034,0.9100528955459595,0.6584656238555908
YCR048W,YPR093C,0,-4.7738266,0.12138320505619049,0.9100528955459595,0.658730149269104
YEL029C,YGL150C,0,-4.774133,0.12134038656949997,0.9100528955459595,0.658994734287262
YEL030W,YIL138C,0,-4.77554,0.12129760533571243,0.9100528955459595,0.6592592597007751
YGR006W,YOL031C,0,-4.7761364,0.12125484645366669,0.9100528955459595,0.6595237851142883
YGR059W,YMR005W,0,-4.77622,0.12121212482452393,0.9100528955459595,0.6597883701324463
YLR035C,YKL120W,0,-4.776875,0.12116942554712296,0.9100528955459595,0.6600528955459595
YDL055C,YHR214C-B,0,-4.777754,0.12112676352262497,0.9100528955459595,0.6603174805641174
YAL020C,YKL093W,0,-4.778351,0.12108412384986877,0.9100528955459595,0.6605820059776306
YGL223C,YPL266W,0,-4.7783794,0.12104152143001556,0.9100528955459595,0.6608465313911438
YDR224C,YOR243C,0,-4.779273,0.12099894136190414,0.9100528955459595,0.6611111164093018
YNL148C,YOR085W,0,-4.779537,0.12095639854669571,0.9100528955459595,0.6613756418228149
YCL026C-A,YOL031C,0,-4.779608,0.12091388553380966,0.9100528955459595,0.6616402268409729
YDR281C,YOR266W,0,-4.7798505,0.1208713948726654,0.9100528955459595,0.6619047522544861
YMR116C,YMR050C,0,-4.7804003,0.12082894146442413,0.9100528955459595,0.662169337272644
YPL169C,YIL039W,0,-4.780408,0.12078651785850525,0.9100528955459595,0.6624338626861572
YJL085W,YPR052C,0,-4.7808166,0.12074412405490875,0.9100528955459595,0.6626983880996704
YLR158C,YDR432W,0,-4.780859,0.12070175260305405,0.9100528955459595,0.6629629731178284
YBR213W,YOR049C,0,-4.7809124,0.12065941840410233,0.9100528955459595,0.6632274985313416
YPL133C,YOR129C,0,-4.7812676,0.12061711400747299,0.9100528955459595,0.6634920835494995
YDR173C,YOL017W,0,-4.781837,0.12057483196258545,0.9100528955459595,0.6637566089630127
YIR010W,YFR034C,0,-4.783023,0.12053258717060089,0.9100528955459595,0.6640211343765259
YML123C,YLR357W,0,-4.783536,0.12049036473035812,0.9100528955459595,0.6642857193946838
YIR013C,YLR324W,0,-4.783717,0.12044817954301834,0.9100528955459595,0.664550244808197
YOL078W,YDL236W,0,-4.7845545,0.12040601670742035,0.9100528955459595,0.664814829826355
YJR090C,YGL058W,1,-4.7847934,0.12071378529071808,0.9126983880996704,0.664814829826355
YNL325C,YKL220C,0,-4.7851133,0.12067156285047531,0.9126983880996704,0.6650793552398682
YNL278W,YJR017C,0,-4.78538,0.12062937021255493,0.9126983880996704,0.6653439402580261
YGL021W,YNL127W,0,-4.7857113,0.12058720737695694,0.9126983880996704,0.6656084656715393
YER089C,YNL334C,0,-4.7859387,0.12054507434368134,0.9126983880996704,0.6658729910850525
YOR231W,YBR182C,0,-4.788053,0.12050297111272812,0.9126983880996704,0.6661375761032104
YHL047C,YDR126W,0,-4.78823,0.1204608902335167,0.9126983880996704,0.6664021015167236
YDR165W,YJL029C,0,-4.788312,0.12041884660720825,0.9126983880996704,0.6666666865348816
YER155C,YCL033C,0,-4.788439,0.1203768327832222,0.9126983880996704,0.6669312119483948
YGL016W,YER095W,0,-4.7885075,0.12033484131097794,0.9126983880996704,0.6671957969665527
YNL042W,YGR197C,0,-4.789034,0.12029288709163666,0.9126983880996704,0.6674603223800659
YCL034W,YJL129C,0,-4.7891874,0.12025095522403717,0.9126983880996704,0.6677248477935791
YDR252W,YIL149C,0,-4.78936,0.12020906060934067,0.9126983880996704,0.6679894328117371
YLR074C,YMR061W,0,-4.789381,0.12016718834638596,0.9126983880996704,0.6682539582252502
YHL040C,YKL017C,0,-4.789504,0.12012534588575363,0.9126983880996704,0.6685185432434082
YPR051W,YHR030C,0,-4.7902,0.1200835332274437,0.9126983880996704,0.6687830686569214
YDR420W,YPL239W,0,-4.790313,0.12004175037145615,0.9126983880996704,0.6690475940704346
YNL119W,YDR113C,0,-4.790577,0.11999999731779099,0.9126983880996704,0.6693121790885925
YMR275C,YJL026W,0,-4.7905946,0.11995827406644821,0.9126983880996704,0.6695767045021057
YDR318W,YLR357W,0,-4.791112,0.11991658061742783,0.9126983880996704,0.6698412895202637
YMR311C,YNL328C,0,-4.791197,0.11987490952014923,0.9126983880996704,0.6701058149337769
YDR106W,YPR135W,0,-4.7914953,0.11983327567577362,0.9126983880996704,0.6703703999519348
YIL051C,YDR281C,0,-4.7917447,0.1197916641831398,0.9126983880996704,0.670634925365448
YNL148C,YLR305C,0,-4.7921104,0.11975008994340897,0.9126983880996704,0.6708994507789612
YDR022C,YOR229W,0,-4.792147,0.11970853805541992,0.9126983880996704,0.6711640357971191
YAL059W,YKR062W,0,-4.792304,0.11966701596975327,0.9126983880996704,0.6714285612106323
YBR193C,YGL006W,0,-4.7936735,0.119625523686409,0.9126983880996704,0.6716931462287903
YJR155W,YJR160C,0,-4.793685,0.11958405375480652,0.9126983880996704,0.6719576716423035
YAL044C,YPR187W,0,-4.7938156,0.11954262107610703,0.9126983880996704,0.6722221970558167
YLR320W,YDL079C,0,-4.7945304,0.11950121074914932,0.9126983880996704,0.6724867820739746
YPR122W,YML025C,0,-4.7953253,0.11945983022451401,0.9126983880996704,0.6727513074874878
YNL291C,YDR228C,0,-4.7958193,0.11941848695278168,0.9126983880996704,0.6730158925056458
YKL064W,YBR129C,0,-4.795903,0.11937716603279114,0.9126983880996704,0.6732804179191589
YML036W,YKR034W,0,-4.796051,0.11933586746454239,0.9126983880996704,0.6735450029373169
YPR111W,YJL203W,0,-4.796488,0.11929460614919662,0.9126983880996704,0.6738095283508301
YJL095W,YOR188W,0,-4.7967925,0.11925336718559265,0.9126983880996704,0.6740740537643433
YAL032C,YML027W,0,-4.7970986,0.11921216547489166,0.9126983880996704,0.6743386387825012
YNL248C,YJL168C,0,-4.7974153,0.11917098611593246,0.9126983880996704,0.6746031641960144
YKR036C,YIR013C,0,-4.797903,0.11912983655929565,0.9126983880996704,0.6748677492141724
YDR228C,YOL031C,0,-4.7981124,0.11908870935440063,0.9126983880996704,0.6751322746276855
YOR377W,YJL164C,0,-4.7981377,0.1190476194024086,0.9126983880996704,0.6753968000411987
YDR228C,YDL095W,0,-4.798635,0.11900655180215836,0.9126983880996704,0.6756613850593567
YNL288W,YKL093W,0,-4.79875,0.1189655140042305,0.9126983880996704,0.6759259104728699
YJL095W,YNL214W,0,-4.7992644,0.11892450600862503,0.9126983880996704,0.6761904954910278
YGL216W,YER127W,0,-4.799429,0.11888352781534195,0.9126983880996704,0.676455020904541
YGR204W,YAR031W,0,-4.799578,0.11884257942438126,0.9126983880996704,0.676719605922699
YDR096W,YPL133C,0,-4.7998185,0.11880165338516235,0.9126983880996704,0.6769841313362122
YGR077C,YCR052W,0,-4.800137,0.11876075714826584,0.9126983880996704,0.6772486567497253
YAL047C,YCL033C,0,-4.800545,0.11871989071369171,0.9126983880996704,0.6775132417678833
YHL047C,YKL045W,0,-4.8005867,0.11867905408143997,0.9126983880996704,0.6777777671813965
YOR319W,YLL021W,0,-4.8009934,0.11863823980093002,0.9126983880996704,0.6780423521995544
YLR084C,YER151C,0,-4.802313,0.11859745532274246,0.9126983880996704,0.6783068776130676
YNL029C,YJR160C,0,-4.803111,0.11855670064687729,0.9126983880996704,0.6785714030265808
YLR113W,YOR315W,0,-4.804083,0.1185159757733345,0.9126983880996704,0.6788359880447388
YMR139W,YOL091W,0,-4.8041096,0.11847527325153351,0.9126983880996704,0.679100513458252
YBR073W,YDR346C,0,-4.804539,0.1184346005320549,0.9126983880996704,0.6793650984764099
YML006C,YGL120C,0,-4.8045807,0.11839395761489868,0.9126983880996704,0.6796296238899231
YJL095W,YNL116W,0,-4.8047886,0.11835334450006485,0.9126983880996704,0.679894208908081
YOR249C,YJR131W,1,-4.8054476,0.11865568906068802,0.9153439402580261,0.679894208908081
YAL044C,YOL142W,0,-4.805589,0.11861501634120941,0.9153439402580261,0.6801587343215942
YLR055C,YLR010C,0,-4.806535,0.1185743659734726,0.9153439402580261,0.6804232597351074
YIL061C,YIL138C,0,-4.8067174,0.11853374540805817,0.9153439402580261,0.6806878447532654
YPL040C,YMR236W,0,-4.8069963,0.11849314719438553,0.9153439402580261,0.6809523701667786
YPL266W,YGL222C,0,-4.8070326,0.11845258623361588,0.9153439402580261,0.6812169551849365
YKL032C,YLR002C,0,-4.807066,0.11841204762458801,0.9153439402580261,0.6814814805984497
YPR164W,YGL096W,0,-4.807275,0.11837153881788254,0.9153439402580261,0.6817460060119629
YDR206W,YAR018C,0,-4.807312,0.11833105236291885,0.9153439402580261,0.6820105910301208
YLR318W,YJL125C,0,-4.8076053,0.11829059571027756,0.9153439402580261,0.682275116443634
YPR122W,YFL059W,0,-4.807695,0.11825016885995865,0.9153439402580261,0.682539701461792
YGR204W,YDR435C,0,-4.8079796,0.11820977181196213,0.9153439402580261,0.6828042268753052
YPR052C,YML047C,0,-4.808199,0.1181693971157074,0.9153439402580261,0.6830688118934631
YHR119W,YNL128W,0,-4.8082604,0.11812905222177505,0.9153439402580261,0.6833333373069763
YOR094W,YEL030W,0,-4.8090096,0.1180887371301651,0.9153439402580261,0.6835978627204895
YKL007W,YPL128C,0,-4.809439,0.11804844439029694,0.9153439402580261,0.6838624477386475
YKL152C,YBR093C,0,-4.8096027,0.11800818890333176,0.9153439402580261,0.6841269731521606
YLR074C,YIR008C,0,-4.809865,0.11796794831752777,0.9153439402580261,0.6843915581703186
YGL021W,YJL098W,0,-4.809961,0.11792774498462677,0.9153439402580261,0.6846560835838318
YOR011W,YBR156C,0,-4.8102713,0.11788756400346756,0.9153439402580261,0.684920608997345
YER030W,YNL111C,0,-4.811513,0.11784741282463074,0.9153439402580261,0.6851851940155029
YMR116C,YKL028W,0,-4.8117123,0.1178072839975357,0.9153439402580261,0.6854497194290161
YCL029C,YPL133C,0,-4.81193,0.11776718497276306,0.9153439402580261,0.6857143044471741
YOL005C,YKR081C,0,-4.811933,0.1177271157503128,0.9153439402580261,0.6859788298606873
YPL241C,YHL007C,0,-4.8126254,0.11768707633018494,0.9153439402580261,0.6862434148788452
YAL020C,YMR025W,0,-4.812814,0.11764705926179886,0.9153439402580261,0.6865079402923584
YOR011W,YAL035W,0,-4.8147173,0.11760707199573517,0.9153439402580261,0.6867724657058716
YJL026W,YIL022W,0,-4.8151703,0.11756710708141327,0.9153439402580261,0.6870370507240295
YLR095C,YMR308C,0,-4.815838,0.11752717196941376,0.9153439402580261,0.6873015761375427
YPR199C,YCR098C,0,-4.8160944,0.11748726665973663,0.9153439402580261,0.6875661611557007
YDR252W,YDL135C,0,-4.8162494,0.1174473837018013,0.9153439402580261,0.6878306865692139
YAL023C,YKL006C-A,0,-4.8163404,0.11740753054618835,0.9153439402580261,0.688095211982727
YER143W,YGL240W,1,-4.8167505,0.11770691722631454,0.9179894328117371,0.688095211982727
YBR164C,YBL002W,0,-4.8173885,0.11766700446605682,0.9179894328117371,0.688359797000885
YCR065W,YLR285W,0,-4.8180757,0.11762712150812149,0.9179894328117371,0.6886243224143982
YER094C,YDR400W,1,-4.8187075,0.11792612820863724,0.920634925365448,0.6886243224143982
YNL153C,YNL329C,0,-4.818847,0.11788617819547653,0.920634925365448,0.6888889074325562
YGL254W,YLR219W,0,-4.818955,0.11784625798463821,0.920634925365448,0.6891534328460693
YOR388C,YOL102C,0,-4.8192425,0.11780636757612228,0.920634925365448,0.6894180178642273
YBL045C,YPL133C,0,-4.8204207,0.11776649951934814,0.920634925365448,0.6896825432777405
YDL135C,YDL047W,0,-4.820961,0.11772666126489639,0.920634925365448,0.6899470686912537
YKR036C,YGL222C,0,-4.8210535,0.11768684536218643,0.920634925365448,0.6902116537094116
YHR015W,YOR326W,0,-4.8212233,0.11764705926179886,0.920634925365448,0.6904761791229248
YPR128C,YHR164C,0,-4.821306,0.11760730296373367,0.920634925365448,0.6907407641410828
YLL013C,YPR080W,0,-4.8217816,0.11756756901741028,0.920634925365448,0.691005289554596
YER030W,YLR055C,0,-4.8222384,0.11752786487340927,0.920634925365448,0.6912698149681091
YKL026C,YJR160C,0,-4.822483,0.11748818308115005,0.920634925365448,0.6915343999862671
YDR022C,YLR141W,0,-4.822993,0.11744853109121323,0.920634925365448,0.6917989253997803
YJR144W,YML123C,0,-4.8232336,0.11740890890359879,0.920634925365448,0.6920635104179382
YFL029C,YPL128C,0,-4.8233185,0.11736930906772614,0.920634925365448,0.6923280358314514
YHL038C,YER166W,0,-4.823824,0.11732973903417587,0.920634925365448,0.6925926208496094
YLR191W,YLR452C,0,-4.8245144,0.1172901913523674,0.920634925365448,0.6928571462631226
YDR318W,YPL082C,0,-4.8245916,0.11725067347288132,0.920634925365448,0.6931216716766357
YDL137W,YOR346W,0,-4.8246746,0.11721118539571762,0.920634925365448,0.6933862566947937
YLR270W,YPR055W,0,-4.8248014,0.11717171967029572,0.920634925365448,0.6936507821083069
YKL152C,YLR305C,0,-4.825179,0.1171322762966156,0.920634925365448,0.6939153671264648
YGL051W,YLR369W,0,-4.825186,0.11709287017583847,0.920634925365448,0.694179892539978
YDR377W,YFR034C,0,-4.825962,0.11705347895622253,0.920634925365448,0.6944444179534912
YOR032C,YER169W,0,-4.8269362,0.11701412498950958,0.920634925365448,0.6947090029716492
YER166W,YMR263W,0,-4.827221,0.11697479337453842,0.920634925365448,0.6949735283851624
YML058W-A,YDR170C,0,-4.8274193,0.11693548411130905,0.920634925365448,0.6952381134033203
YIL009W,YKL120W,0,-4.8277698,0.11689620465040207,0.920634925365448,0.6955026388168335
YNL142W,YIL031W,0,-4.8280177,0.11685694754123688,0.920634925365448,0.6957672238349915
YDR085C,YMR182C,0,-4.8280287,0.11681772768497467,0.920634925365448,0.6960317492485046
YLR329W,YCR028C-A,0,-4.8283644,0.11677852272987366,0.920634925365448,0.6962962746620178
YDL145C,YNL206C,0,-4.829004,0.11673934757709503,0.920634925365448,0.6965608596801758
YJL094C,YMR183C,0,-4.829866,0.1167002022266388,0.920634925365448,0.696825385093689
YOL013C,YDR400W,1,-4.830132,0.11699631065130234,0.9232804179191589,0.696825385093689
YKL152C,YIL153W,0,-4.8309317,0.11695710569620132,0.9232804179191589,0.6970899701118469
YKL120W,YJL139C,0,-4.831168,0.1169179230928421,0.9232804179191589,0.6973544955253601
YPR001W,YAR031W,0,-4.832322,0.11687877029180527,0.9232804179191589,0.6976190209388733
YGL247W,YOR040W,0,-4.832807,0.11683963984251022,0.9232804179191589,0.6978836059570312
YOL147C,YJL093C,0,-4.833873,0.11680053919553757,0.9232804179191589,0.6981481313705444
YDR439W,YJL190C,0,-4.8350725,0.1167614609003067,0.9232804179191589,0.6984127163887024
YPL116W,YOR274W,0,-4.835833,0.11672240495681763,0.9232804179191589,0.6986772418022156
YIL149C,YNL248C,0,-4.8363366,0.11668338626623154,0.9232804179191589,0.6989418268203735
YDR168W,YFL045C,0,-4.8368387,0.11664438247680664,0.9232804179191589,0.6992063522338867
YNL278W,YBR080C,0,-4.8369923,0.11660541594028473,0.9232804179191589,0.6994708776473999
YGR077C,YKR037C,0,-4.83714,0.11656646430492401,0.9232804179191589,0.6997354626655579
YKL032C,YBR066C,0,-4.837205,0.11652754247188568,0.9232804179191589,0.699999988079071
YIL021W,YMR030W,0,-4.8383636,0.11648865044116974,0.9232804179191589,0.700264573097229
YHR178W,YOR043W,0,-4.83859,0.11644978076219559,0.9232804179191589,0.7005290985107422
YLR304C,YJL186W,0,-4.838623,0.11641094088554382,0.9232804179191589,0.7007936239242554
YJL063C,YPR080W,0,-4.8390493,0.11637212336063385,0.9232804179191589,0.7010582089424133
YBR065C,YCR018C,0,-4.840694,0.11633333563804626,0.9232804179191589,0.7013227343559265
YEL069C,YDL059C,0,-4.8409705,0.11629457026720047,0.9232804179191589,0.7015873193740845
YKL165C,YGR178C,0,-4.84114,0.11625582724809647,0.9232804179191589,0.7018518447875977
YPL018W,YLR141W,0,-4.8411703,0.11621711403131485,0.9232804179191589,0.7021164298057556
YGL240W,YIR025W,1,-4.8412056,0.11651131510734558,0.9259259104728699,0.7021164298057556
YBR155W,YCL061C,0,-4.841292,0.11647254228591919,0.9259259104728699,0.7023809552192688
YLR160C,YML001W,0,-4.8413577,0.11643379926681519,0.9259259104728699,0.702645480632782
YJR132W,YOR085W,0,-4.8421116,0.11639507859945297,0.9259259104728699,0.7029100656509399
YNL127W,YMR005W,0,-4.842126,0.11635638028383255,0.9259259104728699,0.7031745910644531
YOR315W,YJL129C,0,-4.8425064,0.11631771177053452,0.9259259104728699,0.7034391760826111
YDR263C,YDR518W,0,-4.8428044,0.11627907305955887,0.9259259104728699,0.7037037014961243
YGL194C,YKL125W,0,-4.842843,0.11624044924974442,0.9259259104728699,0.7039682269096375
YBR211C,YBR223C,0,-4.8433294,0.11620186269283295,0.9259259104728699,0.7042328119277954
YBL003C,YBL022C,0,-4.84342,0.11616329103708267,0.9259259104728699,0.7044973373413086
YML047C,YLR033W,0,-4.8444176,0.11612474918365479,0.9259259104728699,0.7047619223594666
YLR095C,YLL027W,0,-4.844658,0.11608623713254929,0.9259259104728699,0.7050264477729797
YBL022C,YOR229W,0,-4.8456707,0.11604774743318558,0.9259259104728699,0.7052910327911377
YDR085C,YKR055W,0,-4.8457136,0.11600928008556366,0.9259259104728699,0.7055555582046509
YLR157C,YJR160C,0,-4.845727,0.11597084254026413,0.9259259104728699,0.7058200836181641
YJL093C,YLR200W,0,-4.8468823,0.11593242734670639,0.9259259104728699,0.706084668636322
YNL148C,YIL066C,0,-4.8472347,0.11589404195547104,0.9259259104728699,0.7063491940498352
YOL002C,YGR288W,0,-4.8476777,0.11585567891597748,0.9259259104728699,0.7066137790679932
YBR164C,YOR231W,0,-4.8479013,0.11581733822822571,0.9259259104728699,0.7068783044815063
YIL036W,YOR045W,0,-4.8485584,0.11577902734279633,0.9259259104728699,0.7071428298950195
YBR211C,YML058W,0,-4.8487754,0.11574073880910873,0.9259259104728699,0.7074074149131775
YNL334C,YKL122C,0,-4.849121,0.11570248007774353,0.9259259104728699,0.7076719403266907
YLR102C,YDR400W,1,-4.849198,0.11599471420049667,0.9285714030265808,0.7076719403266907
YGL137W,YKL042W,0,-4.8492756,0.1159563958644867,0.9285714030265808,0.7079365253448486
YNL153C,YKL165C,0,-4.852648,0.1159180998802185,0.9285714030265808,0.7082010507583618
YLR353W,YOL017W,0,-4.8527527,0.11587982624769211,0.9285714030265808,0.7084656357765198
YGL254W,YBR069C,0,-4.8528996,0.1158415824174881,0.9285714030265808,0.708730161190033
YFL039C,YCR052W,0,-4.853842,0.11580336838960648,0.9285714030265808,0.7089946866035461
YDR258C,YEL069C,0,-4.853986,0.11576516926288605,0.9285714030265808,0.7092592716217041
YCR081W,YLR200W,0,-4.854623,0.115726999938488,0.9285714030265808,0.7095237970352173
YJL219W,YPL082C,0,-4.854919,0.11568886041641235,0.9285714030265808,0.7097883820533752
YHR081W,YPR042C,0,-4.855159,0.11565074324607849,0.9285714030265808,0.7100529074668884
YPR122W,YJL026W,0,-4.8552494,0.11561264842748642,0.9285714030265808,0.7103174328804016
YGL068W,YCR052W,0,-4.8554306,0.11557458341121674,0.9285714030265808,0.7105820178985596
YKL125W,YOL055C,0,-4.855611,0.11553654074668884,0.9285714030265808,0.7108465433120728
YPL040C,YOL002C,0,-4.8558187,0.11549852043390274,0.9285714030265808,0.7111111283302307
YHL024W,YFL060C,0,-4.855858,0.11546052992343903,0.9285714030265808,0.7113756537437439
YGL216W,YNR017W,0,-4.8562326,0.1154225617647171,0.9285714030265808,0.7116402387619019
YMR078C,YIL070C,0,-4.8563266,0.11538461595773697,0.9285714030265808,0.711904764175415
YLR074C,YBR156C,0,-4.8565693,0.11534669995307922,0.9285714030265808,0.7121692895889282
YNL206C,YHL025W,0,-4.8566685,0.11530880630016327,0.9285714030265808,0.7124338746070862
YDR281C,YLR369W,0,-4.858014,0.1152709349989891,0.9285714030265808,0.7126984000205994
YJL031C,YHR079C-A,0,-4.858293,0.11523309350013733,0.9285714030265808,0.7129629850387573
YHR163W,YMR005W,0,-4.860132,0.11519527435302734,0.9285714030265808,0.7132275104522705
YBR129C,YGR006W,0,-4.8604727,0.11515747755765915,0.9285714030265808,0.7134920358657837
YKL026C,YOR181W,0,-4.861367,0.11511971056461334,0.9285714030265808,0.7137566208839417
YMR287C,YMR182C,0,-4.861521,0.11508196592330933,0.9285714030265808,0.7140211462974548
YPR019W,YLR221C,0,-4.8615446,0.1150442510843277,0.9285714030265808,0.7142857313156128
YCR065W,YGR185C,0,-4.861914,0.11500655114650726,0.9285714030265808,0.714550256729126
YLR158C,YPL128C,0,-4.8630376,0.11496888101100922,0.9285714030265808,0.7148148417472839
YFR046C,YMR032W,0,-4.8636227,0.11493124067783356,0.9285714030265808,0.7150793671607971
YNL116W,YJL129C,0,-4.8640623,0.11489361524581909,0.9285714030265808,0.7153438925743103
YGR097W,YPL028W,0,-4.864302,0.11485601961612701,0.9285714030265808,0.7156084775924683
YKL150W,YPR164W,0,-4.864461,0.11481844633817673,0.9285714030265808,0.7158730030059814
YMR032W,YGR077C,0,-4.8655224,0.11478090286254883,0.9285714030265808,0.7161375880241394
YHR023W,YHR163W,0,-4.866033,0.11474338173866272,0.9285714030265808,0.7164021134376526
YLR107W,YNL222W,0,-4.866082,0.1147058829665184,0.9285714030265808,0.7166666388511658
YGL062W,YCR028C-A,0,-4.866224,0.11466840654611588,0.9285714030265808,0.7169312238693237
YJL100W,YPL106C,0,-4.867215,0.11463095992803574,0.9285714030265808,0.7171957492828369
YNL048W,YGR254W,0,-4.8676004,0.11459353566169739,0.9285714030265808,0.7174603343009949
YPR080W,YML064C,0,-4.867673,0.11455613374710083,0.9285714030265808,0.7177248597145081
YDR106W,YOR049C,0,-4.868293,0.11451876163482666,0.9285714030265808,0.717989444732666
YJL095W,YLR095C,0,-4.8691225,0.11448141187429428,0.9285714030265808,0.7182539701461792
YGR044C,YOR353C,0,-4.8691425,0.11444408446550369,0.9285714030265808,0.7185184955596924
YJR139C,YJR019C,0,-4.8695335,0.1144067794084549,0.9285714030265808,0.7187830805778503
YDR252W,YDR181C,0,-4.870434,0.11436950415372849,0.9285714030265808,0.7190476059913635
YBR036C,YHL011C,0,-4.870515,0.11433225125074387,0.9285714030265808,0.7193121910095215
YOL002C,YMR100W,0,-4.871997,0.11429502069950104,0.9285714030265808,0.7195767164230347
YDL137W,YGR085C,0,-4.872442,0.1142578125,0.9285714030265808,0.7198412418365479
YML006C,YLR113W,0,-4.87296,0.11422063410282135,0.9285714030265808,0.7201058268547058
YGL086W,YGR289C,0,-4.8731537,0.1141834706068039,0.9285714030265808,0.720370352268219
YBR110W,YIL118W,0,-4.8732476,0.11414634436368942,0.9285714030265808,0.720634937286377
YIL009W,YOR045W,0,-4.87336,0.11410923302173615,0.9285714030265808,0.7208994626998901
YGL058W,YDR177W,1,-4.873875,0.11439713835716248,0.9312169551849365,0.7208994626998901
YFR034C,YLR107W,0,-4.874166,0.11435997486114502,0.9312169551849365,0.7211640477180481
YIL098C,YGL051W,0,-4.874554,0.11432283371686935,0.9312169551849365,0.7214285731315613
YNL042W,YLR353W,0,-4.8747234,0.11428571492433548,0.9312169551849365,0.7216930985450745
YDR240C,YDR058C,0,-4.8753595,0.1142486184835434,0.9312169551849365,0.7219576835632324
YFR046C,YNL068C,0,-4.876486,0.1142115518450737,0.9312169551849365,0.7222222089767456
YIL098C,YLR084C,0,-4.8766217,0.1141745075583458,0.9312169551849365,0.7224867939949036
YIL118W,YHL027W,0,-4.876869,0.11413748562335968,0.9312169551849365,0.7227513194084167
YDR365C,YKL017C,0,-4.877225,0.11410048604011536,0.9312169551849365,0.7230158448219299
YDR439W,YPL106C,0,-4.877421,0.11406351625919342,0.9312169551849365,0.7232804298400879
YDR345C,YNL329C,0,-4.877511,0.11402656137943268,0.9312169551849365,0.7235449552536011
YOR168W,YIR008C,0,-4.878397,0.11398963630199432,0.9312169551849365,0.723809540271759
YDR294C,YDR240C,0,-4.87905,0.11395273357629776,0.9312169551849365,0.7240740656852722
YGL086W,YJL063C,0,-4.879661,0.11391586065292358,0.9312169551849365,0.7243386507034302
YNL288W,YCL034W,0,-4.879759,0.1138790026307106,0.9312169551849365,0.7246031761169434
YHR150W,YHR143W-A,0,-4.879881,0.11384217441082001,0.9312169551849365,0.7248677015304565
YKL146W,YIL051C,0,-4.8808737,0.1138053685426712,0.9312169551849365,0.7251322865486145
YLR115W,YMR308C,0,-4.880994,0.11376858502626419,0.9312169551849365,0.7253968119621277
YDR450W,YER008C,0,-4.8830123,0.11373182386159897,0.9312169551849365,0.7256613969802856
YJR083C,YLR304C,0,-4.8830166,0.11369509249925613,0.9312169551849365,0.7259259223937988
YLR304C,YMR048W,0,-4.883869,0.1136583760380745,0.9312169551849365,0.726190447807312
YML132W,YPR175W,0,-4.883978,0.11362168937921524,0.9312169551849365,0.72645503282547
YLR342W,YPL151C,0,-4.8843317,0.11358502507209778,0.9312169551849365,0.7267195582389832
YCL039W,YJL019W,0,-4.8844557,0.1135483905673027,0.9312169551849365,0.7269841432571411
YGL063W,YMR030W,0,-4.8848815,0.11351177096366882,0.9312169551849365,0.7272486686706543
YLR381W,YDR342C,0,-4.8850517,0.11347517371177673,0.9312169551849365,0.7275132536888123
YNL106C,YOL020W,0,-4.885136,0.11343860626220703,0.9312169551849365,0.7277777791023254
YGR037C,YHR205W,0,-4.885454,0.11340206116437912,0.9312169551849365,0.7280423045158386
YBL022C,YOL020W,0,-4.8858843,0.113365538418293,0.9312169551849365,0.7283068895339966
YPR019W,YNL334C,0,-4.8866024,0.11332903802394867,0.9312169551849365,0.7285714149475098
YJR017C,YML027W,0,-4.8873158,0.11329256743192673,0.9312169551849365,0.7288359999656677
YJR153W,YDR156W,0,-4.8877993,0.11325611174106598,0.9312169551849365,0.7291005253791809
YPL248C,YNL312W,0,-4.8893094,0.11321968585252762,0.9312169551849365,0.7293650507926941
YLR324W,YNL229C,0,-4.8893476,0.11318328231573105,0.9312169551849365,0.729629635810852
YFL039C,YGR141W,0,-4.8898354,0.11314690113067627,0.9312169551849365,0.7298941612243652
YOR100C,YHR191C,0,-4.889887,0.11311054229736328,0.9312169551849365,0.7301587462425232
YJR153W,YDR227W,0,-4.890392,0.11307420581579208,0.9312169551849365,0.7304232716560364
YDR322C-A,YIL023C,0,-4.89071,0.11303789168596268,0.9312169551849365,0.7306878566741943
YKR054C,YGR141W,0,-4.891162,0.11300160735845566,0.9312169551849365,0.7309523820877075
YER143W,YDR177W,1,-4.8917646,0.11328626424074173,0.9338624477386475,0.7309523820877075
YHR139C,YOL128C,0,-4.892059,0.11324992030858994,0.9338624477386475,0.7312169075012207
YNL278W,YBR156C,0,-4.8923063,0.11321359872817993,0.9338624477386475,0.7314814925193787
YDR330W,YDR400W,1,-4.892658,0.11349791288375854,0.9365079402923584,0.7314814925193787
YGL016W,YOR315W,0,-4.892819,0.11346153914928436,0.9365079402923584,0.7317460179328918
YDR272W,YKL051W,0,-4.892832,0.11342518776655197,0.9365079402923584,0.7320106029510498
YNR019W,YDR289C,0,-4.8932753,0.11338885128498077,0.9365079402923584,0.732275128364563
YDL126C,YGL058W,1,-4.894061,0.11367274820804596,0.9391534328460693,0.732275128364563
YGR177C,YOL020W,0,-4.8944473,0.11363636702299118,0.9391534328460693,0.7325396537780762
YKL026C,YOL002C,0,-4.894488,0.1136000007390976,0.9391534328460693,0.7328042387962341
YAR018C,YDR346C,0,-4.895054,0.1135636568069458,0.9391534328460693,0.7330687642097473
YIL103W,YOR181W,0,-4.8952236,0.1135273426771164,0.9391534328460693,0.7333333492279053
YJR090C,YJR131W,1,-4.895601,0.11381074041128159,0.9417989253997803,0.7333333492279053
YIL123W,YEL002C,0,-4.8957777,0.1137743666768074,0.9417989253997803,0.7335978746414185
YLR074C,YMR288W,0,-4.8968053,0.11373802274465561,0.9417989253997803,0.7338624596595764
YEL027W,YPR075C,0,-4.897003,0.11370169371366501,0.9417989253997803,0.7341269850730896
YPL132W,YGR059W,0,-4.897485,0.1136653870344162,0.9417989253997803,0.7343915104866028
YEL029C,YPL085W,0,-4.8982687,0.11362911015748978,0.9417989253997803,0.7346560955047607
YJR131W,YDR427W,1,-4.898445,0.113911934196949,0.9444444179534912,0.7346560955047607
YGR288W,YDL047W,0,-4.8986497,0.11387559771537781,0.9444444179534912,0.7349206209182739
YER030W,YOR209C,0,-4.8986764,0.1138392835855484,0.9444444179534912,0.7351852059364319
YMR311C,YLR059C,0,-4.898743,0.11380299925804138,0.9444444179534912,0.7354497313499451
YCR098C,YHR119W,0,-4.8994627,0.11376672983169556,0.9444444179534912,0.7357142567634583
YIL040W,YMR081C,0,-4.900543,0.11373049020767212,0.9444444179534912,0.7359788417816162
YDR173C,YIL039W,0,-4.9027796,0.11369426548480988,0.9444444179534912,0.7362433671951294
YOR031W,YNL218W,0,-4.9029055,0.11365807056427002,0.9444444179534912,0.7365079522132874
YDR088C,YHL028W,0,-4.9046793,0.11362189799547195,0.9444444179534912,0.7367724776268005
YBL002W,YPR042C,0,-4.9046946,0.11358574777841568,0.9444444179534912,0.7370370626449585
YEL027W,YJL074C,0,-4.9049087,0.1135496199131012,0.9444444179534912,0.7373015880584717
YGR120C,YMR053C,0,-4.9049997,0.1135135143995285,0.9444444179534912,0.7375661134719849
YGL016W,YER178W,0,-4.9051714,0.1134774312376976,0.9444444179534912,0.7378306984901428
YKL032C,YGL229C,0,-4.905416,0.11344137042760849,0.9444444179534912,0.738095223903656
YJL060W,YDR263C,0,-4.905864,0.11340533941984177,0.9444444179534912,0.738359808921814
YDL105W,YLR009W,0,-4.9064465,0.11336932331323624,0.9444444179534912,0.7386243343353271
YMR119W,YER143W,1,-4.906584,0.11365079134702682,0.9470899701118469,0.7386243343353271
YAL040C,YKL021C,0,-4.906786,0.11361472308635712,0.9470899701118469,0.7388888597488403
YHL040C,YMR267W,0,-4.906867,0.1135786771774292,0.9470899701118469,0.7391534447669983
YER174C,YLR010C,0,-4.90858,0.11354266107082367,0.9470899701118469,0.7394179701805115
YHR034C,YBR069C,0,-4.9091997,0.11350665986537933,0.9470899701118469,0.7396825551986694
YPL028W,YOL017W,0,-4.9102182,0.11347068101167679,0.9470899701118469,0.7399470806121826
YOR168W,YMR182C,0,-4.9104495,0.11343472450971603,0.9470899701118469,0.7402116656303406
YER155C,YBR183W,0,-4.91128,0.11339879781007767,0.9470899701118469,0.7404761910438538
YIL098C,YPL082C,0,-4.9113874,0.1133628860116005,0.9470899701118469,0.7407407164573669
YOL102C,YJL129C,0,-4.911476,0.11332700401544571,0.9470899701118469,0.7410053014755249
YHR015W,YDL148C,0,-4.911572,0.11329113692045212,0.9470899701118469,0.7412698268890381
YDR420W,YPR134W,0,-4.9117627,0.11325529962778091,0.9470899701118469,0.741534411907196
YGR177C,YNL111C,0,-4.9119596,0.1132194846868515,0.9470899701118469,0.7417989373207092
YML006C,YJR139C,0,-4.912241,0.11318368464708328,0.9470899701118469,0.7420634627342224
YNL142W,YNL263C,0,-4.9134607,0.11314791440963745,0.9470899701118469,0.7423280477523804
YDL137W,YLL043W,0,-4.9138594,0.11311216652393341,0.9470899701118469,0.7425925731658936
YOR193W,YGR197C,0,-4.9149714,0.11307643353939056,0.9470899701118469,0.7428571581840515
YHR174W,YDR379W,0,-4.915074,0.1130407303571701,0.9470899701118469,0.7431216835975647
YDR106W,YKL150W,0,-4.915331,0.11300504952669144,0.9470899701118469,0.7433862686157227
YBL045C,YHR079C-A,0,-4.9157887,0.11296939104795456,0.9470899701118469,0.7436507940292358
YLL042C,YJR144W,0,-4.9158363,0.11293375492095947,0.9470899701118469,0.743915319442749
YBL002W,YML058W-A,0,-4.9164014,0.11289814114570618,0.9470899701118469,0.744179904460907
YKL042W,YOL128C,0,-4.9170446,0.11286254972219467,0.9470899701118469,0.7444444298744202
YJL168C,YML001W,0,-4.91738,0.11282698065042496,0.9470899701118469,0.7447090148925781
YDR085C,YNL329C,0,-4.9173813,0.11279143393039703,0.9470899701118469,0.7449735403060913
YJL019W,YHR139C,0,-4.9182916,0.1127559021115303,0.9470899701118469,0.7452380657196045
YHR174W,YLR329W,0,-4.9186487,0.11272040009498596,0.9470899701118469,0.7455026507377625
YIL098C,YDR449C,0,-4.91872,0.11268492043018341,0.9470899701118469,0.7457671761512756
YGL194C,YJR007W,0,-4.9190464,0.11264946311712265,0.9470899701118469,0.7460317611694336
YHR030C,YHR008C,0,-4.9197044,0.11261402815580368,0.9470899701118469,0.7462962865829468
YOL142W,YBR182C,0,-4.920008,0.1125786155462265,0.9470899701118469,0.7465608716011047
YLR109W,YKR101W,0,-4.920009,0.11254322528839111,0.9470899701118469,0.7468253970146179
YJL166W,YLR055C,0,-4.9201236,0.11250785738229752,0.9470899701118469,0.7470899224281311
YJL190C,YNL206C,0,-4.920767,0.11247251182794571,0.9470899701118469,0.7473545074462891
YLR381W,YNL119W,0,-4.9213095,0.1124371886253357,0.9470899701118469,0.7476190328598022
YER166W,YMR032W,0,-4.9215965,0.11240188032388687,0.9470899701118469,0.7478836178779602
YMR033W,YOR136W,0,-4.921641,0.11236660182476044,0.9470899701118469,0.7481481432914734
YNL048W,YOL016C,0,-4.9217606,0.1123313456773758,0.9470899701118469,0.7484126687049866
YDR252W,YNL003C,0,-4.9220276,0.11229611188173294,0.9470899701118469,0.7486772537231445
YJL101C,YDR126W,0,-4.922212,0.11226090043783188,0.9470899701118469,0.7489417791366577
YJL092W,YMR069W,0,-4.9223776,0.11222570389509201,0.9470899701118469,0.7492063641548157
YOR078W,YLR066W,0,-4.922675,0.11219053715467453,0.9470899701118469,0.7494708895683289
YMR069W,YKL058W,0,-4.922926,0.11215538531541824,0.9470899701118469,0.7497354745864868
YIL149C,YGL096W,0,-4.92298,0.11212026327848434,0.9470899701118469,0.75
YMR119W,YGL240W,1,-4.9233084,0.11239824444055557,0.9497354626655579,0.75
YLR109W,YJL139C,0,-4.924012,0.1123630702495575,0.9497354626655579,0.7502645254135132
YPL267W,YDL079C,0,-4.9246216,0.11232791095972061,0.9497354626655579,0.7505291104316711
YPR199C,YLR372W,0,-4.925016,0.11229277402162552,0.9497354626655579,0.7507936358451843
YPL248C,YBR077C,0,-4.92516,0.11225765943527222,0.9497354626655579,0.7510582208633423
YIL149C,YHR030C,0,-4.925646,0.1122225672006607,0.9497354626655579,0.7513227462768555
YKR055W,YLR006C,0,-4.9258156,0.11218749731779099,0.9497354626655579,0.7515873312950134
YKL125W,YMR053C,0,-4.927577,0.11215244978666306,0.9497354626655579,0.7518518567085266
YDR252W,YBR080C,0,-4.9276137,0.11211742460727692,0.9497354626655579,0.7521163821220398
YNL325C,YGR288W,0,-4.927634,0.11208242177963257,0.9497354626655579,0.7523809671401978
YAL059W,YPR046W,0,-4.9279256,0.11204744130373001,0.9497354626655579,0.7526454925537109
YNR017W,YOR341W,0,-4.928794,0.11201248317956924,0.9497354626655579,0.7529100775718689
YCR048W,YKL079W,0,-4.9289446,0.11197753995656967,0.9497354626655579,0.7531746029853821
YBR188C,YHR030C,0,-4.929048,0.11194262653589249,0.9497354626655579,0.7534391283988953
YLR051C,YLR368W,0,-4.9291887,0.1119077280163765,0.9497354626655579,0.7537037134170532
YJL108C,YDR126W,0,-4.9293594,0.11187285929918289,0.9497354626655579,0.7539682388305664
YJR050W,YPR075C,0,-4.9303455,0.11183800548315048,0.9497354626655579,0.7542328238487244
YCR010C,YLR033W,0,-4.9305315,0.11180317401885986,0.9497354626655579,0.7544973492622375
YJL063C,YGL167C,0,-4.9311705,0.11176836490631104,0.9497354626655579,0.7547619342803955
YHL040C,YOR151C,0,-4.9317083,0.1117335855960846,0.9497354626655579,0.7550264596939087
YLR157C,YKL122C,0,-4.933015,0.11169882118701935,0.9497354626655579,0.7552909851074219
YNL148C,YLR075W,0,-4.933208,0.1116640716791153,0.9497354626655579,0.7555555701255798
YLR002C,YPL283C,0,-4.933503,0.11162935197353363,0.9497354626655579,0.755820095539093
YMR056C,YDR318W,0,-4.933791,0.11159465461969376,0.9497354626655579,0.756084680557251
YPR052C,YBR097W,0,-4.934909,0.11155997216701508,0.9497354626655579,0.7563492059707642
YLR342W,YGL098W,0,-4.935136,0.11152531951665878,0.9497354626655579,0.7566137313842773
YHR007C,YHR139C,0,-4.935521,0.11149068176746368,0.9497354626655579,0.7568783164024353
YNL116W,YOR193W,0,-4.935671,0.11145606637001038,0.9497354626655579,0.7571428418159485
YJL095W,YCR028C-A,0,-4.9359603,0.11142148077487946,0.9497354626655579,0.7574074268341064
YMR150C,YPL133C,0,-4.9360657,0.11138691008090973,0.9497354626655579,0.7576719522476196
YNL328C,YHL027W,0,-4.9363866,0.1113523542881012,0.9497354626655579,0.7579365372657776
YHR007C,YKR037C,0,-4.937482,0.11131782829761505,0.9497354626655579,0.7582010626792908
YHR079C,YPR055W,0,-4.937571,0.1112833246588707,0.9497354626655579,0.758465588092804
YAL035W,YIL153W,0,-4.93797,0.11124883592128754,0.9497354626655579,0.7587301731109619
YMR049C,YER133W,0,-4.938126,0.11121437698602676,0.9497354626655579,0.7589946985244751
YKR054C,YFL045C,0,-4.9394655,0.11117993295192719,0.9497354626655579,0.7592592835426331
YPL200W,YLR200W,0,-4.939599,0.1111455112695694,0.9497354626655579,0.7595238089561462
YMR303C,YLL043W,0,-4.9408946,0.1111111119389534,0.9497354626655579,0.7597883343696594
YOR100C,YGL062W,0,-4.9411917,0.1110767349600792,0.9497354626655579,0.7600529193878174
YLR342W,YDL079C,0,-4.941455,0.11104237288236618,0.9497354626655579,0.7603174448013306
YLR353W,YGL150C,0,-4.9415784,0.11100804060697556,0.9497354626655579,0.7605820298194885
YKR083C,YGL096W,0,-4.941579,0.11097372323274612,0.9497354626655579,0.7608465552330017
YNL325C,YLR113W,0,-4.9416275,0.11093942821025848,0.9497354626655579,0.7611111402511597
YER095W,YHL022C,0,-4.9420023,0.11090515553951263,0.9497354626655579,0.7613756656646729
YIL149C,YGL062W,0,-4.942527,0.11087090522050858,0.9497354626655579,0.761640191078186
YDR421W,YGR280C,0,-4.9427147,0.11083667725324631,0.9497354626655579,0.761904776096344
YLR186W,YKR029C,0,-4.9428844,0.11080247163772583,0.9497354626655579,0.7621693015098572
YDL052C,YPL007C,0,-4.942967,0.11076828092336655,0.9497354626655579,0.7624338865280151
YMR033W,YPL058C,0,-4.9436693,0.11073411256074905,0.9497354626655579,0.7626984119415283
YGL240W,YER094C,1,-4.944064,0.11100832372903824,0.9523809552192688,0.7626984119415283
YJR144W,YJL138C,0,-4.9440713,0.11097410321235657,0.9523809552192688,0.7629629373550415
YPR074C,YKL058W,0,-4.944919,0.11093990504741669,0.9523809552192688,0.7632275223731995
YGL180W,YDR440W,0,-4.9461384,0.1109057292342186,0.9523809552192688,0.7634920477867126
YHL040C,YOR353C,0,-4.946244,0.1108715757727623,0.9523809552192688,0.7637566328048706
YPL217C,YER089C,0,-4.947199,0.1108374372124672,0.9523809552192688,0.7640211582183838
YDL137W,YGR185C,0,-4.947282,0.11080332100391388,0.9523809552192688,0.7642857432365417
YHR116W,YDL236W,0,-4.947304,0.11076922714710236,0.9523809552192688,0.7645502686500549
YKR034W,YNL262W,0,-4.947994,0.11073515564203262,0.9523809552192688,0.7648147940635681
YDR201W,YKL035W,0,-4.9481635,0.11070110648870468,0.9523809552192688,0.7650793790817261
YAR015W,YGL254W,0,-4.9484386,0.11066707968711853,0.9523809552192688,0.7653439044952393
YLR069C,YJR112W,0,-4.9484553,0.11063306778669357,0.9523809552192688,0.7656084895133972
YPR199C,YPL116W,0,-4.9484806,0.1105990782380104,0.9523809552192688,0.7658730149269104
YNR052C,YOR347C,0,-4.948955,0.11056511104106903,0.9523809552192688,0.7661375403404236
YNR016C,YBR129C,0,-4.949013,0.11053116619586945,0.9523809552192688,0.7664021253585815
YOL071W,YMR277W,0,-4.9496202,0.11049723625183105,0.9523809552192688,0.7666666507720947
YBL105C,YPR187W,0,-4.950218,0.11046332865953445,0.9523809552192688,0.7669312357902527
YPR019W,YMR311C,0,-4.950486,0.11042945086956024,0.9523809552192688,0.7671957612037659
YML058W-A,YOR188W,0,-4.9506245,0.11039558053016663,0.9523809552192688,0.7674603462219238
YMR049C,YGR006W,0,-4.9530253,0.1103617399930954,0.9523809552192688,0.767724871635437
YER094C,YGL058W,1,-4.9541273,0.11063438653945923,0.9550264477729797,0.767724871635437
YDR342C,YGL216W,0,-4.9543777,0.11060049384832382,0.9550264477729797,0.7679893970489502
YKL093W,YBR129C,0,-4.9545913,0.11056661605834961,0.9550264477729797,0.7682539820671082
YPL249C,YIL118W,0,-4.955024,0.11053276062011719,0.9550264477729797,0.7685185074806213
YMR013C,YNL334C,0,-4.9553976,0.11049892753362656,0.9550264477729797,0.7687830924987793
YMR048W,YBL002W,0,-4.955632,0.11046511679887772,0.9550264477729797,0.7690476179122925
YKR036C,YGR245C,0,-4.9556527,0.11043132096529007,0.9550264477729797,0.7693121433258057
YNR057C,YKR063C,0,-4.956122,0.11039755493402481,0.9550264477729797,0.7695767283439636
YPL266W,YOR209C,0,-4.956212,0.11036380380392075,0.9550264477729797,0.7698412537574768
YGR006W,YLR003C,0,-4.9562545,0.11033007502555847,0.9550264477729797,0.7701058387756348
YHR059W,YGL144C,0,-4.9566784,0.11029636114835739,0.9550264477729797,0.770370364189148
YER177W,YMR168C,0,-4.956799,0.1102626770734787,0.9550264477729797,0.7706349492073059
YEL030W,YHR007C,0,-4.9570594,0.1102290078997612,0.9550264477729797,0.7708994746208191
YMR049C,YDR310C,0,-4.9576654,0.11019536107778549,0.9550264477729797,0.7711640000343323
YMR116C,YML059C,0,-4.9588203,0.11016173660755157,0.9550264477729797,0.7714285850524902
YMR277W,YGL051W,0,-4.958912,0.11012812703847885,0.9550264477729797,0.7716931104660034
YLR095C,YJL129C,0,-4.9595995,0.11009453982114792,0.9550264477729797,0.7719576954841614
YDR206W,YHR059W,0,-4.960133,0.11006097495555878,0.9550264477729797,0.7722222208976746
YMR069W,YDR432W,0,-4.960164,0.11002743244171143,0.9550264477729797,0.7724867463111877
YMR316W,YBR009C,0,-4.961033,0.10999390482902527,0.9550264477729797,0.7727513313293457
YLR353W,YOR274W,0,-4.9616013,0.1099603995680809,0.9550264477729797,0.7730158567428589
YBL002W,YOR084W,0,-4.962373,0.10992691665887833,0.9550264477729797,0.7732804417610168
YKL146W,YOR353C,0,-4.963372,0.10989345610141754,0.9550264477729797,0.77354496717453
YPR082C,YJL035C,0,-4.9636793,0.10986001044511795,0.9550264477729797,0.773809552192688
YGL098W,YOR084W,0,-4.9637957,0.10982658714056015,0.9550264477729797,0.7740740776062012
YDR258C,YPL145C,0,-4.9638863,0.10979318618774414,0.9550264477729797,0.7743386030197144
YGR059W,YBR069C,0,-4.964564,0.10975980758666992,0.9550264477729797,0.7746031880378723
YNR057C,YNL031C,0,-4.9649305,0.1097264438867569,0.9550264477729797,0.7748677134513855
YLR192C,YFL034C-B,0,-4.9655957,0.10969310253858566,0.9550264477729797,0.7751322984695435
YCR010C,YDR183W,0,-4.967212,0.10965978354215622,0.9550264477729797,0.7753968238830566
YER044C,YKL058W,0,-4.9674687,0.10962647944688797,0.9550264477729797,0.7756613492965698
YJL063C,YLR264W,0,-4.9677424,0.10959319770336151,0.9550264477729797,0.7759259343147278
YDR225W,YMR053C,0,-4.9688463,0.10955993831157684,0.9550264477729797,0.776190459728241
YAL040C,YOL147C,0,-4.9689636,0.10952670127153397,0.9550264477729797,0.7764550447463989
YMR013C,YML027W,0,-4.969508,0.10949347913265228,0.9550264477729797,0.7767195701599121
YMR078C,YKL150W,0,-4.969969,0.10946027934551239,0.9550264477729797,0.7769841551780701
YOL147C,YER095W,0,-4.970832,0.10942710191011429,0.9550264477729797,0.7772486805915833
YNL274C,YOR226C,0,-4.971269,0.10939393937587738,0.9550264477729797,0.7775132060050964
YER127W,YML001W,0,-4.9715333,0.10936079919338226,0.9550264477729797,0.7777777910232544
YPL119C,YDL135C,0,-4.971693,0.10932768136262894,0.9550264477729797,0.7780423164367676
YPL058C,YNL262W,0,-4.974106,0.1092945784330368,0.9550264477729797,0.7783069014549255
YJL063C,YDR281C,0,-4.974222,0.10926149785518646,0.9550264477729797,0.7785714268684387
YLR431C,YBR038W,0,-4.9742694,0.10922843962907791,0.9550264477729797,0.7788359522819519
YGR092W,YBR193C,0,-4.9743915,0.10919540375471115,0.9550264477729797,0.7791005373001099
YJL095W,YJL129C,0,-4.974475,0.10916238278150558,0.9550264477729797,0.779365062713623
YIR033W,YBR073W,0,-4.975191,0.10912938416004181,0.9550264477729797,0.779629647731781
YPR001W,YLR275W,0,-4.9756374,0.10909640043973923,0.9550264477729797,0.7798941731452942
YPL082C,YDL135C,0,-4.9761014,0.10906344652175903,0.9550264477729797,0.7801587581634521
YMR119W,YDR400W,1,-4.9772186,0.10933252424001694,0.9576719403266907,0.7801587581634521
YDL207W,YIL066C,0,-4.97758,0.10929951816797256,0.9576719403266907,0.7804232835769653
YOL043C,YDR281C,0,-4.978189,0.10926652699708939,0.9576719403266907,0.7806878089904785
YOL151W,YMR236W,0,-4.978453,0.109233558177948,0.9576719403266907,0.7809523940086365
YBR188C,YCR061W,0,-4.9791813,0.1092006042599678,0.9576719403266907,0.7812169194221497
YLR035C,YBR105C,0,-4.979389,0.1091676726937294,0.9576719403266907,0.7814815044403076
YHR186C,YNL214W,0,-4.979987,0.10913476347923279,0.9576719403266907,0.7817460298538208
YPL267W,YHR186C,0,-4.980081,0.10910186916589737,0.9576719403266907,0.782010555267334
YER030W,YOR322C,0,-4.980155,0.10906899720430374,0.9576719403266907,0.7822751402854919
YLR084C,YOR127W,0,-4.980304,0.1090361475944519,0.9576719403266907,0.7825396656990051
YDL132W,YJR131W,1,-4.980674,0.10930442810058594,0.9603174328804016,0.7825396656990051
YKR034W,YGR241C,0,-4.9809093,0.10927152633666992,0.9603174328804016,0.7828042507171631
YGL254W,YIR033W,0,-4.981903,0.1092386394739151,0.9603174328804016,0.7830687761306763
YDL148C,YIL138C,0,-4.982795,0.10920577496290207,0.9603174328804016,0.7833333611488342
YDR342C,YLR107W,0,-4.9830465,0.10917293280363083,0.9603174328804016,0.7835978865623474
YGR140W,YER072W,0,-4.9834795,0.10914010554552078,0.9603174328804016,0.7838624119758606
YPR001W,YCR089W,0,-4.9839764,0.10910730063915253,0.9603174328804016,0.7841269969940186
YKL152C,YOR338W,0,-4.984727,0.10907451808452606,0.9603174328804016,0.7843915224075317
YPR122W,YOR162C,0,-4.985218,0.10904175788164139,0.9603174328804016,0.7846561074256897
YDR432W,YLL040C,0,-4.985995,0.10900901257991791,0.9603174328804016,0.7849206328392029
YAR031W,YHR143W-A,0,-4.9860916,0.10897628217935562,0.9603174328804016,0.7851851582527161
YCL061C,YLR075W,0,-4.98724,0.10894357413053513,0.9603174328804016,0.785449743270874
YLR160C,YML027W,0,-4.9873886,0.10891088843345642,0.9603174328804016,0.7857142686843872
YPR093C,YHR034C,0,-4.9875755,0.1088782250881195,0.9603174328804016,0.7859788537025452
YKR054C,YOR347C,0,-4.9892225,0.10884557664394379,0.9603174328804016,0.7862433791160583
YOR099W,YGL063W,0,-4.9900575,0.10881295055150986,0.9603174328804016,0.7865079641342163
YJL192C,YLR452C,0,-4.990349,0.10878033936023712,0.9603174328804016,0.7867724895477295
YBR211C,YMR116C,0,-4.991093,0.10874775052070618,0.9603174328804016,0.7870370149612427
YLR066W,YML027W,0,-4.99152,0.10871518403291702,0.9603174328804016,0.7873015999794006
YLR157C,YOR045W,0,-4.992401,0.10868263244628906,0.9603174328804016,0.7875661253929138
YPR178W,YNL287W,0,-4.9925423,0.1086501032114029,0.9603174328804016,0.7878307104110718
YHR068W,YMR061W,0,-4.9927807,0.10861759632825851,0.9603174328804016,0.788095235824585
YBR041W,YBR069C,0,-4.993002,0.10858510434627533,0.9603174328804016,0.7883597612380981
YLR191W,YBR143C,0,-4.9930863,0.10855263471603394,0.9603174328804016,0.7886243462562561
YOL016C,YNL236W,0,-4.9932528,0.10852017998695374,0.9603174328804016,0.7888888716697693
YIL051C,YPL133C,0,-4.99327,0.10848774760961533,0.9603174328804016,0.7891534566879272
YDR225W,YBR093C,0,-4.99333,0.10845533013343811,0.9603174328804016,0.7894179821014404
YBR256C,YOL128C,0,-4.9935646,0.10842294245958328,0.9603174328804016,0.7896825671195984
YAR015W,YLR035C,0,-4.9937944,0.10839056223630905,0.9603174328804016,0.7899470925331116
YDR252W,YAL044C,0,-4.994067,0.10835821181535721,0.9603174328804016,0.7902116179466248
YLR191W,YKR081C,0,-4.994301,0.10832587629556656,0.9603174328804016,0.7904762029647827
YKL220C,YJL125C,0,-4.994748,0.1082935556769371,0.9603174328804016,0.7907407283782959
YPL266W,YPL151C,0,-4.9950657,0.10826125741004944,0.9603174328804016,0.7910053133964539
YGL190C,YOR295W,0,-4.9961586,0.10822898149490356,0.9603174328804016,0.791269838809967
YPR134W,YDR126W,0,-4.996161,0.10819672048091888,0.9603174328804016,0.7915343642234802
YBR066C,YLR033W,0,-4.9963603,0.108164481818676,0.9603174328804016,0.7917989492416382
YHL040C,YDR228C,0,-4.9966445,0.1081322580575943,0.9603174328804016,0.7920634746551514
YPL254W,YPR193C,0,-4.9985275,0.1081000566482544,0.9603174328804016,0.7923280596733093
YHR163W,YAL047C,0,-5.0001783,0.10806787759065628,0.9603174328804016,0.7925925850868225
YLR158C,YDR235W,0,-5.000386,0.10803571343421936,0.9603174328804016,0.7928571701049805
YLR369W,YGR185C,0,-5.0005345,0.10800357162952423,0.9603174328804016,0.7931216955184937
YMR049C,YNR052C,0,-5.0008483,0.1079714447259903,0.9603174328804016,0.7933862209320068
YHR174W,YHR079C-A,0,-5.0011344,0.10793934017419815,0.9603174328804016,0.7936508059501648
YBR065C,YNL263C,0,-5.001931,0.1079072505235672,0.9603174328804016,0.793915331363678
YKL006C-A,YMR053C,0,-5.002469,0.10787518322467804,0.9603174328804016,0.7941799163818359
YJL031C,YPL082C,0,-5.0025663,0.10784313827753067,0.9603174328804016,0.7944444417953491
YAL056W,YBR205W,0,-5.0027275,0.1078111082315445,0.9603174328804016,0.7947089672088623
YGR109C,YDL043C,0,-5.0028825,0.10777910053730011,0.9603174328804016,0.7949735522270203
YKR036C,YAL044C,0,-5.0031586,0.10774710774421692,0.9603174328804016,0.7952380776405334
YKR029C,YCL033C,0,-5.0032835,0.10771512985229492,0.9603174328804016,0.7955026626586914
YNR019W,YHL040C,0,-5.003498,0.10768318176269531,0.9603174328804016,0.7957671880722046
YDL106C,YBR061C,0,-5.0036736,0.1076512485742569,0.9603174328804016,0.7960317730903625
YGR288W,YBL061C,0,-5.004081,0.10761933028697968,0.9603174328804016,0.7962962985038757
YLL043W,YOR346W,0,-5.0041056,0.10758743435144424,0.9603174328804016,0.7965608239173889
YNL142W,YPR042C,0,-5.004664,0.10755555331707001,0.9603174328804016,0.7968254089355469
YPL249C,YNL328C,0,-5.0051637,0.10752369463443756,0.9603174328804016,0.7970899343490601
YBL002W,YJR043C,0,-5.005635,0.1074918583035469,0.9603174328804016,0.797354519367218
YGL206C,YKL186C,0,-5.0061016,0.10746003687381744,0.9603174328804016,0.7976190447807312
YOL151W,YOL091W,0,-5.0066223,0.10742823034524918,0.9603174328804016,0.7978835701942444
YPL018W,YBL040C,0,-5.0072937,0.1073964461684227,0.9603174328804016,0.7981481552124023
YBR213W,YJL074C,0,-5.0077295,0.10736468434333801,0.9603174328804016,0.7984126806259155
YOL133W,YDR400W,1,-5.0080414,0.10762862116098404,0.9629629850387573,0.7984126806259155
YMR308C,YDR126W,0,-5.008129,0.10759680718183517,0.9629629850387573,0.7986772656440735
YHR023W,YLR221C,0,-5.0085807,0.1075650081038475,0.9629629850387573,0.7989417910575867
YBR093C,YHR119W,0,-5.0087466,0.10753323137760162,0.9629629850387573,0.7992063760757446
YNL148C,YDR096W,0,-5.00893,0.10750147700309753,0.9629629850387573,0.7994709014892578
YJL108C,YFR005C,0,-5.009098,0.10746973752975464,0.9629629850387573,0.799735426902771
YDL095W,YBR073W,0,-5.009674,0.10743801295757294,0.9629629850387573,0.800000011920929
YPL240C,YJL168C,0,-5.010728,0.10740631818771362,0.9629629850387573,0.8002645373344421
YBR182C,YDR201W,0,-5.0114894,0.1073746308684349,0.9629629850387573,0.8005291223526001
YGL240W,YJR090C,1,-5.0117598,0.10763786733150482,0.9656084775924683,0.8005291223526001
YPL069C,YDR273W,0,-5.0117645,0.10760613530874252,0.9656084775924683,0.8007936477661133
YKL034W,YLR417W,1,-5.0122023,0.10786914080381393,0.9682539701461792,0.8007936477661133
YJL063C,YNL329C,0,-5.012431,0.10783735662698746,0.9682539701461792,0.8010581731796265
YHR007C,YML076C,0,-5.0149,0.10780559480190277,0.9682539701461792,0.8013227581977844
YCR020C,YIL066C,0,-5.015361,0.10777384787797928,0.9682539701461792,0.8015872836112976
YDR345C,YLR035C,0,-5.01575,0.10774212330579758,0.9682539701461792,0.8018518686294556
YML058W-A,YMR100W,0,-5.016686,0.10771042108535767,0.9682539701461792,0.8021163940429688
YLR270W,YPL169C,0,-5.0170703,0.10767872631549835,0.9682539701461792,0.8023809790611267
YOR078W,YLR466W,0,-5.0176296,0.10764706134796143,0.9682539701461792,0.8026455044746399
YPR134W,YIL118W,0,-5.017686,0.1076154038310051,0.9682539701461792,0.8029100298881531
YMR119W,YIR025W,1,-5.017948,0.107877716422081,0.9708994626998901,0.8029100298881531
YOR319W,YMR190C,0,-5.018205,0.10784602165222168,0.9708994626998901,0.803174614906311
YOL146W,YJL138C,0,-5.0184994,0.10781433433294296,0.9708994626998901,0.8034391403198242
YGR177C,YDR318W,0,-5.0186825,0.10778266936540604,0.9708994626998901,0.8037037253379822
YBR130C,YKL035W,0,-5.0201235,0.1077510267496109,0.9708994626998901,0.8039682507514954
YDR224C,YOR344C,0,-5.0203037,0.10771939903497696,0.9708994626998901,0.8042327761650085
YPR080W,YGR005C,0,-5.0203276,0.10768779367208481,0.9708994626998901,0.8044973611831665
YAL007C,YMR219W,0,-5.0203533,0.10765620321035385,0.9708994626998901,0.8047618865966797
YLR160C,YDR310C,0,-5.023366,0.10762463510036469,0.9708994626998901,0.8050264716148376
YML112W,YOR226C,0,-5.023682,0.10759308189153671,0.9708994626998901,0.8052909970283508
YMR116C,YML047C,0,-5.023878,0.10756155103445053,0.9708994626998901,0.8055555820465088
YNR016C,YOL005C,0,-5.02406,0.10753003507852554,0.9708994626998901,0.805820107460022
YOL031C,YOR162C,0,-5.0242395,0.10749853402376175,0.9708994626998901,0.8060846328735352
YML036W,YDR314C,0,-5.0248184,0.10746705532073975,0.9708994626998901,0.8063492178916931
YGL187C,YGR254W,0,-5.025255,0.10743559896945953,0.9708994626998901,0.8066137433052063
YER114C,YNL231C,0,-5.0252886,0.10740415751934052,0.9708994626998901,0.8068783283233643
YPR093C,YLL021W,0,-5.026145,0.10737273097038269,0.9708994626998901,0.8071428537368774
YDR365C,YPL112C,0,-5.0264425,0.10734132677316666,0.9708994626998901,0.8074073791503906
YOL017W,YMR081C,0,-5.026535,0.10730994492769241,0.9708994626998901,0.8076719641685486
YHR163W,YNL107W,0,-5.026594,0.10727857053279877,0.9708994626998901,0.8079364895820618
YGR204W,YGL130W,0,-5.0266037,0.10724722594022751,0.9708994626998901,0.8082010746002197
YNL127W,YNL068C,0,-5.030742,0.10721588879823685,0.9708994626998901,0.8084656000137329
YPL154C,YDL059C,0,-5.0313244,0.10718458145856857,0.9708994626998901,0.8087301850318909
YER168C,YGR288W,0,-5.031722,0.1071532815694809,0.9708994626998901,0.808994710445404
YOR266W,YLR372W,0,-5.032053,0.1071220114827156,0.9708994626998901,0.8092592358589172
YER155C,YPL086C,0,-5.0321603,0.10709074884653091,0.9708994626998901,0.8095238208770752
YOR326W,YOR315W,0,-5.032562,0.10705950856208801,0.9708994626998901,0.8097883462905884
YPL248C,YML097C,0,-5.033491,0.1070282906293869,0.9708994626998901,0.8100529313087463
YMR316W,YOL091W,0,-5.0345016,0.10699708759784698,0.9708994626998901,0.8103174567222595
YOR341W,YDR227W,0,-5.035172,0.10696589946746826,0.9708994626998901,0.8105819821357727
YFL056C,YMR287C,0,-5.0353565,0.10693473368883133,0.9708994626998901,0.8108465671539307
YML077W,YHR196W,0,-5.0359616,0.10690358281135559,0.9708994626998901,0.8111110925674438
YFL029C,YAL040C,0,-5.036225,0.10687245428562164,0.9708994626998901,0.8113756775856018
YGL001C,YJL186W,0,-5.0371437,0.10684134066104889,0.9708994626998901,0.811640202999115
YAL007C,YBR214W,0,-5.0383825,0.10681024193763733,0.9708994626998901,0.811904788017273
YLR095C,YOR243C,0,-5.0384183,0.10677916556596756,0.9708994626998901,0.8121693134307861
YOL147C,YIL066C,0,-5.0407896,0.10674811154603958,0.9708994626998901,0.8124338388442993
YML019W,YKL042W,0,-5.040867,0.1067170724272728,0.9708994626998901,0.8126984238624573
YKL150W,YAL032C,0,-5.041138,0.1066860482096672,0.9708994626998901,0.8129629492759705
YKL165C,YHR015W,0,-5.041586,0.10665503889322281,0.9708994626998901,0.8132275342941284
YLR157C,YJR132W,0,-5.0437098,0.1066240593791008,0.9708994626998901,0.8134920597076416
YKL006C-A,YGR141W,0,-5.0439644,0.10659308731555939,0.9708994626998901,0.8137565851211548
YCL026C-A,YOR099W,0,-5.04417,0.10656213760375977,0.9708994626998901,0.8140211701393127
YOR002W,YJL100W,0,-5.0442166,0.10653120279312134,0.9708994626998901,0.8142856955528259
YLR009W,YOR129C,0,-5.04533,0.1065002903342247,0.9708994626998901,0.8145502805709839
YJL099W,YJL125C,0,-5.0457487,0.10646939277648926,0.9708994626998901,0.8148148059844971
YIL123W,YAL002W,0,-5.0462894,0.1064385175704956,0.9708994626998901,0.815079391002655
YKL150W,YKL006C-A,0,-5.0475655,0.10640765726566315,0.9708994626998901,0.8153439164161682
YCR002C,YER044C,0,-5.048106,0.10637681186199188,0.9708994626998901,0.8156084418296814
YMR116C,YHL007C,0,-5.048124,0.10634598881006241,0.9708994626998901,0.8158730268478394
YDR206W,YPL249C,0,-5.048499,0.10631518065929413,0.9708994626998901,0.8161375522613525
YFR009W,YJR050W,0,-5.049096,0.10628438740968704,0.9708994626998901,0.8164021372795105
YDR113C,YCL033C,0,-5.049243,0.10625361651182175,0.9708994626998901,0.8166666626930237
YDR009W,YPL128C,0,-5.049886,0.10622286796569824,0.9708994626998901,0.8169311881065369
YBR213W,YNL002C,0,-5.050109,0.10619212687015533,0.9708994626998901,0.8171957731246948
YNL325C,YML027W,0,-5.050569,0.10616140812635422,0.9708994626998901,0.817460298538208
YGL240W,YDR177W,1,-5.0510044,0.10641989856958389,0.9735449552536011,0.817460298538208
YDL132W,YDR400W,1,-5.0511484,0.10667823255062103,0.976190447807312,0.817460298538208
YDR113C,YOR193W,0,-5.0515914,0.10664740204811096,0.976190447807312,0.817724883556366
YKL005C,YOR095C,0,-5.052417,0.10661658644676208,0.976190447807312,0.8179894089698792
YHR007C,YMR097C,0,-5.052747,0.1065857857465744,0.976190447807312,0.8182539939880371
YMR081C,YEL019C,0,-5.0529532,0.10655500739812851,0.976190447807312,0.8185185194015503
YBR009C,YLR107W,0,-5.0541935,0.10652425140142441,0.976190447807312,0.8187830448150635
YGL223C,YPL154C,0,-5.054533,0.1064935028553009,0.976190447807312,0.8190476298332214
YPL267W,YER114C,0,-5.054723,0.10646278411149979,0.976190447807312,0.8193121552467346
YNL119W,YDR407C,0,-5.0551906,0.10643207281827927,0.976190447807312,0.8195767402648926
YPR135W,YOL002C,0,-5.0553074,0.10640138387680054,0.976190447807312,0.8198412656784058
YNR057C,YBR129C,0,-5.0553207,0.106370709836483,0.976190447807312,0.820105791091919
YHR174W,YNL243W,0,-5.0556436,0.10634005814790726,0.976190447807312,0.8203703761100769
YDL148C,YDR126W,0,-5.056776,0.1063094213604927,0.976190447807312,0.8206349015235901
YDL132W,YIR025W,1,-5.0570683,0.10656681656837463,0.9788359999656677,0.8206349015235901
YIL153W,YLR268W,0,-5.0576124,0.1065361350774765,0.9788359999656677,0.820899486541748
YGL240W,YDL097C,1,-5.0583863,0.10679332166910172,0.9814814925193787,0.820899486541748
YPL213W,YJR112W,0,-5.0590286,0.1067625880241394,0.9814814925193787,0.8211640119552612
YJR131W,YDR177W,1,-5.0590787,0.1070195659995079,0.9841269850730896,0.8211640119552612
YAL040C,YLR066W,0,-5.0604525,0.10698878020048141,0.9841269850730896,0.8214285969734192
YDL002C,YGR006W,0,-5.0618114,0.10695802420377731,0.9841269850730896,0.8216931223869324
YER177W,YCR081W,0,-5.062714,0.10692727565765381,0.9841269850730896,0.8219576478004456
YOL013C,YGL058W,1,-5.0628157,0.10718391090631485,0.9867724776268005,0.8219576478004456
YCR002C,YBL061C,0,-5.0638027,0.10715311765670776,0.9867724776268005,0.8222222328186035
YJL036W,YLR010C,0,-5.0649595,0.10712234675884247,0.9867724776268005,0.8224867582321167
YKR055W,YDR156W,0,-5.0651107,0.10709159076213837,0.9867724776268005,0.8227513432502747
YCR048W,YDL236W,0,-5.065716,0.10706084966659546,0.9867724776268005,0.8230158686637878
YPL169C,YGL229C,0,-5.065786,0.10703013092279434,0.9867724776268005,0.823280394077301
YKR036C,YCL026C-A,0,-5.065868,0.10699942708015442,0.9867724776268005,0.823544979095459
YNL031C,YOR315W,0,-5.0665073,0.10696873813867569,0.9867724776268005,0.8238095045089722
YHL047C,YKR034W,0,-5.066938,0.10693807154893875,0.9867724776268005,0.8240740895271301
YMR275C,YPR001W,0,-5.0671706,0.106907419860363,0.9867724776268005,0.8243386149406433
YKL093W,YOL102C,0,-5.06764,0.10687679052352905,0.9867724776268005,0.8246031999588013
YGL001C,YLR369W,0,-5.067685,0.10684617608785629,0.9867724776268005,0.8248677253723145
YDR418W,YNL283C,0,-5.067868,0.10681557655334473,0.9867724776268005,0.8251322507858276
YNR057C,YJL140W,0,-5.069105,0.10678499937057495,0.9867724776268005,0.8253968358039856
YBL040C,YHR160C,0,-5.069294,0.10675443708896637,0.9867724776268005,0.8256613612174988
YGR120C,YGL006W,0,-5.0693817,0.10672388970851898,0.9867724776268005,0.8259259462356567
YDR440W,YOL020W,0,-5.0694385,0.10669336467981339,0.9867724776268005,0.8261904716491699
YJL058C,YOR162C,0,-5.0703616,0.10666285455226898,0.9867724776268005,0.8264549970626831
YKL032C,YJL108C,0,-5.0708055,0.10663235932588577,0.9867724776268005,0.8267195820808411
YIL117C,YJR007W,0,-5.071023,0.10660188645124435,0.9867724776268005,0.8269841074943542
YGR288W,YBR066C,0,-5.0712714,0.10657142847776413,0.9867724776268005,0.8272486925125122
YAL056W,YKL058W,0,-5.0724583,0.1065409854054451,0.9867724776268005,0.8275132179260254
YHR015W,YMR013C,0,-5.072541,0.10651056468486786,0.9867724776268005,0.8277778029441833
YLR141W,YHR030C,0,-5.072908,0.10648015886545181,0.9867724776268005,0.8280423283576965
YMR168C,YHR015W,0,-5.073022,0.10644977539777756,0.9867724776268005,0.8283068537712097
YJR121W,YML006C,0,-5.0740056,0.1064193993806839,0.9867724776268005,0.8285714387893677
YOL016C,YNL206C,0,-5.0744944,0.10638904571533203,0.9867724776268005,0.8288359642028809
YBR143C,YML076C,0,-5.075936,0.10635871440172195,0.9867724776268005,0.8291005492210388
YDR420W,YGR055W,0,-5.077153,0.10632839053869247,0.9867724776268005,0.829365074634552
YHR079C-A,YGL137W,0,-5.077645,0.10629808902740479,0.9867724776268005,0.8296296000480652
YKL146W,YER168C,0,-5.078291,0.10626780986785889,0.9867724776268005,0.8298941850662231
YOR032C,YHR034C,0,-5.078574,0.10623753815889359,0.9867724776268005,0.8301587104797363
YBR188C,YJL190C,0,-5.079614,0.10620728880167007,0.9867724776268005,0.8304232954978943
YLR320W,YPR110C,0,-5.0797796,0.10617705434560776,0.9867724776268005,0.8306878209114075
YIL085C,YKL165C,0,-5.079813,0.10614684224128723,0.9867724776268005,0.8309524059295654
YNL231C,YMR013C,0,-5.0799747,0.1061166450381279,0.9867724776268005,0.8312169313430786
YJR033C,YNL222W,0,-5.081145,0.10608646273612976,0.9867724776268005,0.8314814567565918
YDL055C,YGR280C,0,-5.081609,0.10605629533529282,0.9867724776268005,0.8317460417747498
YER179W,YLR192C,0,-5.082261,0.10602615028619766,0.9867724776268005,0.8320105671882629
YFR009W,YLR107W,0,-5.082314,0.1059960201382637,0.9867724776268005,0.8322751522064209
YHL040C,YLR193C,0,-5.0827866,0.10596591234207153,0.9867724776268005,0.8325396776199341
YLR131C,YJL166W,0,-5.08422,0.10593581199645996,0.9867724776268005,0.8328042030334473
YMR113W,YNL333W,0,-5.0870056,0.10590573400259018,0.9867724776268005,0.8330687880516052
YGR284C,YLR264W,0,-5.087831,0.10587567090988159,0.9867724776268005,0.8333333134651184
YAL035W,YMR097C,0,-5.0885963,0.1058456301689148,0.9867724776268005,0.8335978984832764
YPL082C,YMR182C,0,-5.0889053,0.10581560432910919,0.9867724776268005,0.8338624238967896
YPL069C,YCR098C,0,-5.08908,0.10578559339046478,0.9867724776268005,0.8341270089149475
YDR217C,YGR044C,0,-5.0894947,0.10575559735298157,0.9867724776268005,0.8343915343284607
YPR193C,YKR037C,0,-5.0896835,0.10572562366724014,0.9867724776268005,0.8346560597419739
YJL063C,YML011C,0,-5.090837,0.10569566488265991,0.9867724776268005,0.8349206447601318
YMR275C,YJR132W,0,-5.092043,0.10566572099924088,0.9867724776268005,0.835185170173645
YPL116W,YNL117W,0,-5.09382,0.10563579946756363,0.9867724776268005,0.835449755191803
YGL078C,YOR045W,0,-5.0940094,0.10560588538646698,0.9867724776268005,0.8357142806053162
YJL058C,YDR281C,0,-5.094739,0.10557600110769272,0.9867724776268005,0.8359788656234741
YKL220C,YCR028C-A,0,-5.095289,0.10554612427949905,0.9867724776268005,0.8362433910369873
YLR157C,YJL035C,0,-5.095677,0.10551626235246658,0.9867724776268005,0.8365079164505005
YPL200W,YKL021C,0,-5.0956955,0.1054864227771759,0.9867724776268005,0.8367725014686584
YOR032C,YJL074C,0,-5.0957212,0.10545659810304642,0.9867724776268005,0.8370370268821716
YBR038W,YDR345C,0,-5.0959272,0.10542679578065872,0.9867724776268005,0.8373016119003296
YBR093C,YAR031W,0,-5.096299,0.10539700835943222,0.9867724776268005,0.8375661373138428
YMR303C,YJL129C,0,-5.0964794,0.10536722838878632,0.9867724776268005,0.837830662727356
YPL028W,YIL149C,0,-5.097727,0.1053374782204628,0.9867724776268005,0.8380952477455139
YLR342W,YAR031W,0,-5.099271,0.10530773550271988,0.9867724776268005,0.8383597731590271
YOR179C,YIL023C,0,-5.102603,0.10527801513671875,0.9867724776268005,0.8386243581771851
YLR109W,YIL084C,0,-5.1027784,0.10524830967187881,0.9867724776268005,0.8388888835906982
YLR074C,YDL045C,0,-5.1036277,0.10521861910820007,0.9867724776268005,0.8391534686088562
YPL228W,YIL117C,0,-5.104567,0.10518894344568253,0.9867724776268005,0.8394179940223694
YOL111C,YNL119W,0,-5.106164,0.10515929013490677,0.9867724776268005,0.8396825194358826
YJR090C,YDR400W,1,-5.10711,0.10541149973869324,0.9894179701805115,0.8396825194358826
YHL038C,YPL128C,0,-5.1092844,0.1053817942738533,0.9894179701805115,0.8399471044540405
YMR303C,YDR342C,0,-5.111228,0.10535211116075516,0.9894179701805115,0.8402116298675537
YLR144C,YGL062W,0,-5.1116467,0.1053224429488182,0.9894179701805115,0.8404762148857117
YIL153W,YDL201W,0,-5.1134605,0.10529278963804245,0.9894179701805115,0.8407407402992249
YBR066C,YKL079W,0,-5.115003,0.10526315867900848,0.9894179701805115,0.841005265712738
YDR113C,YML011C,0,-5.115878,0.10523354262113571,0.9894179701805115,0.841269850730896
YNL278W,YJL098W,0,-5.1158867,0.10520394146442413,0.9894179701805115,0.8415343761444092
YDL236W,YJL036W,0,-5.116831,0.10517435520887375,0.9894179701805115,0.8417989611625671
YBR093C,YOR380W,0,-5.1175995,0.10514478385448456,0.9894179701805115,0.8420634865760803
YGR254W,YHR154W,0,-5.117611,0.10511523485183716,0.9894179701805115,0.8423280715942383
YOR095C,YOL102C,0,-5.1176987,0.10508570075035095,0.9894179701805115,0.8425925970077515
YJL111W,YDR022C,0,-5.1196184,0.10505618155002594,0.9894179701805115,0.8428571224212646
YBL003C,YJL139C,0,-5.1199307,0.10502667725086212,0.9894179701805115,0.8431217074394226
YDR440W,YLR113W,0,-5.1200905,0.1049971953034401,0.9894179701805115,0.8433862328529358
YHR007C,YPR075C,0,-5.120351,0.10496772080659866,0.9894179701805115,0.8436508178710938
YNL222W,YJL143W,0,-5.121299,0.10493826866149902,0.9894179701805115,0.8439153432846069
YOR078W,YHR164C,0,-5.121564,0.10490883886814117,0.9894179701805115,0.8441798686981201
YCR010C,YJL203W,0,-5.1218433,0.10487941652536392,0.9894179701805115,0.8444444537162781
YBR182C,YOR162C,0,-5.1226497,0.10485001653432846,0.9894179701805115,0.8447089791297913
YKL152C,YDR088C,0,-5.1236525,0.1048206314444542,0.9894179701805115,0.8449735641479492
YCL061C,YBR066C,0,-5.1237135,0.10479126125574112,0.9894179701805115,0.8452380895614624
YEL029C,YIR033W,0,-5.1243525,0.10476190596818924,0.9894179701805115,0.8455026745796204
YJL094C,YCR052W,0,-5.1244106,0.10473256558179855,0.9894179701805115,0.8457671999931335
YCR065W,YGR085C,0,-5.124449,0.10470324754714966,0.9894179701805115,0.8460317254066467
YGL078C,YOL002C,0,-5.1254377,0.10467394441366196,0.9894179701805115,0.8462963104248047
YKL152C,YPL254W,0,-5.125826,0.10464465618133545,0.9894179701805115,0.8465608358383179
YIL103W,YBR097W,0,-5.126066,0.10461538285017014,0.9894179701805115,0.8468254208564758
YML036W,YGR289C,0,-5.1276336,0.10458613187074661,0.9894179701805115,0.847089946269989
YNL218W,YBR223C,0,-5.128063,0.10455688834190369,0.9894179701805115,0.8473544716835022
YER174C,YLR466W,0,-5.1284275,0.10452766716480255,0.9894179701805115,0.8476190567016602
YMR078C,YHL027W,0,-5.129199,0.10449846088886261,0.9894179701805115,0.8478835821151733
YHL047C,YBR155W,0,-5.1315556,0.10446927696466446,0.9894179701805115,0.8481481671333313
YDR176W,YDL055C,0,-5.131929,0.1044401004910469,0.9894179701805115,0.8484126925468445
YPL018W,YBR009C,0,-5.1322327,0.10441094636917114,0.9894179701805115,0.8486772775650024
YHR174W,YDR456W,0,-5.132491,0.10438179969787598,0.9894179701805115,0.8489418029785156
YPR187W,YNL138W,0,-5.1330338,0.1043526753783226,0.9894179701805115,0.8492063283920288
YFR008W,YOR346W,0,-5.133112,0.10432357341051102,0.9894179701805115,0.8494709134101868
YIL070C,YDR310C,0,-5.1332407,0.10429447889328003,0.9894179701805115,0.8497354388237
YJL122W,YGR005C,0,-5.1336136,0.10426539927721024,0.9894179701805115,0.8500000238418579
YJL063C,YJL098W,0,-5.1341763,0.10423634201288223,0.9894179701805115,0.8502645492553711
YPR075C,YGR285C,0,-5.1347027,0.10420729964971542,0.9894179701805115,0.8505290746688843
YAL035W,YDR218C,0,-5.135155,0.10417827218770981,0.9894179701805115,0.8507936596870422
YLR192C,YML019W,0,-5.135763,0.10414925962686539,0.9894179701805115,0.8510581851005554
YDL056W,YAL023C,0,-5.1382475,0.10412026941776276,0.9894179701805115,0.8513227701187134
YJL095W,YDR432W,0,-5.1383324,0.10409128665924072,0.9894179701805115,0.8515872955322266
YCR081W,YLR372W,0,-5.1408916,0.10406232625246048,0.9894179701805115,0.8518518805503845
YPR019W,YGL255W,0,-5.1411543,0.10403338074684143,0.9894179701805115,0.8521164059638977
YML123C,YMR182C,0,-5.1417403,0.10400445014238358,0.9894179701805115,0.8523809313774109
YIL009W,YKL035W,0,-5.1425323,0.10397553443908691,0.9894179701805115,0.8526455163955688
YBR256C,YJL143W,0,-5.142551,0.10394663363695145,0.9894179701805115,0.852910041809082
YFL057C,YML086C,0,-5.144144,0.10391775518655777,0.9894179701805115,0.85317462682724
YIR010W,YOR127W,0,-5.1441483,0.10388889163732529,0.9894179701805115,0.8534391522407532
YHR163W,YDR463W,0,-5.144872,0.1038600355386734,0.9894179701805115,0.8537036776542664
YKR076W,YDR217C,0,-5.1460743,0.1038312017917633,0.9894179701805115,0.8539682626724243
YLR074C,YCR065W,0,-5.1466565,0.103802390396595,0.9894179701805115,0.8542327880859375
YNL288W,YDL236W,0,-5.1474094,0.1037735864520073,0.9894179701805115,0.8544973731040955
YBR155W,YLR396C,0,-5.1481338,0.10374479740858078,0.9894179701805115,0.8547618985176086
YDR181C,YOR229W,0,-5.1482477,0.10371603071689606,0.9894179701805115,0.8550264835357666
YDR294C,YGL194C,0,-5.148759,0.10368727147579193,0.9894179701805115,0.8552910089492798
YOR100C,YIL147C,0,-5.1500835,0.1036585345864296,0.9894179701805115,0.855555534362793
YMR113W,YDR009W,0,-5.15018,0.10362981259822845,0.9894179701805115,0.8558201193809509
YAR015W,YLR320W,0,-5.1503916,0.10360110551118851,0.9894179701805115,0.8560846447944641
YHR007C,YMR032W,0,-5.1508007,0.10357242077589035,0.9894179701805115,0.8563492298126221
YGR284C,YNL068C,0,-5.1511507,0.10354374349117279,0.9894179701805115,0.8566137552261353
YGL001C,YOR136W,0,-5.1513743,0.10351508110761642,0.9894179701805115,0.8568782806396484
YPL240C,YJL203W,0,-5.1514473,0.10348644107580185,0.9894179701805115,0.8571428656578064
YGL006W,YGL063W,0,-5.151659,0.10345781594514847,0.9894179701805115,0.8574073910713196
YMR116C,YGL063W,0,-5.1519246,0.10342920571565628,0.9894179701805115,0.8576719760894775
YMR069W,YNL317W,0,-5.1519985,0.10340061038732529,0.9894179701805115,0.8579365015029907
YCR010C,YGR254W,0,-5.152467,0.10337202996015549,0.9894179701805115,0.8582010865211487
YNL274C,YJL019W,0,-5.152627,0.10334346443414688,0.9894179701805115,0.8584656119346619
YGR055W,YHR079C-A,0,-5.15384,0.10331491380929947,0.9894179701805115,0.858730137348175
YCR048W,YPR134W,0,-5.156338,0.10328638553619385,0.9894179701805115,0.858994722366333
YLR304C,YCL033C,0,-5.15909,0.10325787216424942,0.9894179701805115,0.8592592477798462
YOL016C,YOR260W,0,-5.1594687,0.10322936624288559,0.9894179701805115,0.8595238327980042
YLR186W,YLR466W,0,-5.1598015,0.10320088267326355,0.9894179701805115,0.8597883582115173
YBR066C,YMR005W,0,-5.1599283,0.1031724140048027,0.9894179701805115,0.8600528836250305
YMR081C,YOL031C,0,-5.1600456,0.10314396023750305,0.9894179701805115,0.8603174686431885
YLR221C,YOR162C,0,-5.1604223,0.1031155213713646,0.9894179701805115,0.8605819940567017
YML036W,YOR031W,0,-5.161178,0.10308709740638733,0.9894179701805115,0.8608465790748596
YMR119W,YJR090C,1,-5.161484,0.10333425551652908,0.9920634627342224,0.8608465790748596
YOR181W,YGL006W,0,-5.16261,0.10330578684806824,0.9920634627342224,0.8611111044883728
YJR047C,YOR174W,0,-5.1642156,0.10327733308076859,0.9920634627342224,0.8613756895065308
YOR377W,YJL125C,0,-5.166749,0.10324890166521072,0.9920634627342224,0.861640214920044
YER044C,YCR089W,0,-5.168008,0.10322047770023346,0.9920634627342224,0.8619047403335571
YGR178C,YJL026W,0,-5.1691337,0.10319207608699799,0.9920634627342224,0.8621693253517151
YGR037C,YAL056W,0,-5.170395,0.1031636893749237,0.9920634627342224,0.8624338507652283
YOL017W,YNL244C,0,-5.170624,0.10313531011343002,0.9920634627342224,0.8626984357833862
YDR377W,YPR055W,0,-5.1710114,0.10310695320367813,0.9920634627342224,0.8629629611968994
YHR007C,YBR066C,0,-5.171517,0.10307861119508743,0.9920634627342224,0.8632274866104126
YHR116W,YPL154C,0,-5.1723666,0.10305029153823853,0.9920634627342224,0.8634920716285706
YCL059C,YBR066C,0,-5.1742225,0.10302197933197021,0.9920634627342224,0.8637565970420837
YOR347C,YPL133C,0,-5.1745768,0.1029936820268631,0.9920634627342224,0.8640211820602417
YPL058C,YDR183W,0,-5.1751356,0.10296540707349777,0.9920634627342224,0.8642857074737549
YBR042C,YJL108C,0,-5.175652,0.10293713957071304,0.9920634627342224,0.8645502924919128
YPL069C,YLR193C,0,-5.17603,0.1029088944196701,0.9920634627342224,0.864814817905426
YMR056C,YOR127W,0,-5.178033,0.10288065671920776,0.9920634627342224,0.8650793433189392
YKL025C,YLR221C,0,-5.1783714,0.10285244137048721,0.9920634627342224,0.8653439283370972
YFL057C,YGR177C,0,-5.1786857,0.10282424092292786,0.9920634627342224,0.8656084537506104
YMR168C,YOL020W,0,-5.179488,0.1027960553765297,0.9920634627342224,0.8658730387687683
YNL329C,YBR214W,0,-5.1797686,0.10276788473129272,0.9920634627342224,0.8661375641822815
YNL148C,YBL003C,0,-5.179803,0.10273972898721695,0.9920634627342224,0.8664020895957947
YDR252W,YGR072W,0,-5.1800604,0.10271158814430237,0.9920634627342224,0.8666666746139526
YJL125C,YOR344C,0,-5.181861,0.10268346220254898,0.9920634627342224,0.8669312000274658
YBR093C,YJL138C,0,-5.182509,0.10265535116195679,0.9920634627342224,0.8671957850456238
YNL111C,YKR037C,0,-5.1836557,0.10262725502252579,0.9920634627342224,0.867460310459137
YLR158C,YOR188W,0,-5.1840577,0.10259918123483658,0.9920634627342224,0.8677248954772949
YAL040C,YGR120C,0,-5.1872244,0.10257111489772797,0.9920634627342224,0.8679894208908081
YKL206C,YGL058W,1,-5.187421,0.10281651467084885,0.9947090148925781,0.8679894208908081
YGR204W,YDR176W,0,-5.188302,0.10278841108083725,0.9947090148925781,0.8682539463043213
YDR083W,YIL039W,0,-5.1889353,0.10276031494140625,0.9947090148925781,0.8685185313224792
YLR074C,YJL092W,0,-5.189292,0.10273224115371704,0.9947090148925781,0.8687830567359924
YOR011W,YGR289C,0,-5.1907716,0.10270418226718903,0.9947090148925781,0.8690476417541504
YOR249C,YML029W,1,-5.194505,0.10294920951128006,0.9973545074462891,0.8690476417541504
YOL151W,YOL005C,0,-5.194686,0.10292110592126846,0.9973545074462891,0.8693121671676636
YOR274W,YDL079C,0,-5.1957674,0.10289300978183746,0.9973545074462891,0.8695766925811768
YGR177C,YNL318C,0,-5.19739,0.10286493599414825,0.9973545074462891,0.8698412775993347
YIR013C,YDR225W,0,-5.2000723,0.10283687710762024,0.9973545074462891,0.8701058030128479
YDR281C,YML097C,0,-5.200158,0.10280883312225342,0.9973545074462891,0.8703703880310059
YPL132W,YAL059W,0,-5.201213,0.10278080403804779,0.9973545074462891,0.870634913444519
YNL218W,YJR010C-A,0,-5.202339,0.10275279730558395,0.9973545074462891,0.870899498462677
YNL274C,YPR051W,0,-5.202904,0.10272479802370071,0.9973545074462891,0.8711640238761902
YJR083C,YAL040C,0,-5.2029285,0.10269681364297867,0.9973545074462891,0.8714285492897034
YOR002W,YIL098C,0,-5.203372,0.10266884416341782,0.9973545074462891,0.8716931343078613
YMR275C,YOR188W,0,-5.2046733,0.10264088958501816,0.9973545074462891,0.8719576597213745
YJL111W,YNL328C,0,-5.204986,0.10261295735836029,0.9973545074462891,0.8722222447395325
YJL060W,YPL112C,0,-5.205563,0.10258503258228302,0.9973545074462891,0.8724867701530457
YGL254W,YKL165C,0,-5.205715,0.10255713015794754,0.9973545074462891,0.8727512955665588
YHR164C,YBL003C,0,-5.206805,0.10252923518419266,0.9973545074462891,0.8730158805847168
YOR347C,YMR013C,0,-5.207533,0.10250136256217957,0.9973545074462891,0.87328040599823
YMR100W,YOL142W,0,-5.2077436,0.10247349739074707,0.9973545074462891,0.8735449910163879
YIL036W,YBR061C,0,-5.208361,0.10244565457105637,0.9973545074462891,0.8738095164299011
YLR381W,YHR007C,0,-5.2087154,0.10241781920194626,0.9973545074462891,0.8740741014480591
YMR182C,YLR010C,0,-5.209202,0.10239000618457794,0.9973545074462891,0.8743386268615723
YGL120C,YKR037C,0,-5.210618,0.10236220806837082,0.9973545074462891,0.8746031522750854
YNR019W,YJL092W,0,-5.210951,0.1023344174027443,0.9973545074462891,0.8748677372932434
YGL016W,YOR049C,0,-5.2118387,0.10230664908885956,0.9973545074462891,0.8751322627067566
YDR435C,YJL074C,0,-5.211939,0.10227889567613602,0.9973545074462891,0.8753968477249146
YPR171W,YGL001C,0,-5.213277,0.10225114971399307,0.9973545074462891,0.8756613731384277
YJL108C,YLR193C,0,-5.2142053,0.10222342610359192,0.9973545074462891,0.8759258985519409
YDR176W,YIR026C,0,-5.2144413,0.10219571739435196,0.9973545074462891,0.8761904835700989
YIL051C,YIL014W,0,-5.216224,0.1021680235862732,0.9973545074462891,0.8764550089836121
YGL021W,YOR162C,0,-5.2164583,0.10214034467935562,0.9973545074462891,0.87671959400177
YDR040C,YIL070C,0,-5.216483,0.10211267322301865,0.9973545074462891,0.8769841194152832
YCR057C,YLR193C,0,-5.2170954,0.10208502411842346,0.9973545074462891,0.8772487044334412
YJR043C,YGL096W,0,-5.2173586,0.10205738991498947,0.9973545074462891,0.8775132298469543
YDL079C,YKL125W,0,-5.21779,0.10202977061271667,0.9973545074462891,0.8777777552604675
YLL001W,YPR080W,0,-5.2206507,0.10200216621160507,0.9973545074462891,0.8780423402786255
YMR168C,YLR009W,0,-5.221528,0.10197457671165466,0.9973545074462891,0.8783068656921387
YER168C,YGR141W,0,-5.2224865,0.10194699466228485,0.9973545074462891,0.8785714507102966
YLR095C,YDR126W,0,-5.222784,0.10191943496465683,0.9973545074462891,0.8788359761238098
YPR001W,YKL165C,0,-5.2243323,0.10189189016819,0.9973545074462891,0.879100501537323
YKR054C,YER127W,0,-5.2249374,0.10186436027288437,0.9973545074462891,0.879365086555481
YIL098C,YLR002C,0,-5.2254677,0.10183684527873993,0.9973545074462891,0.8796296119689941
YPL086C,YML058W-A,0,-5.2265334,0.10180934518575668,0.9973545074462891,0.8798941969871521
YPL050C,YOR084W,0,-5.2269163,0.10178185999393463,0.9973545074462891,0.8801587224006653
YLR186W,YDL135C,0,-5.2302604,0.10175438225269318,0.9973545074462891,0.8804233074188232
YPR046W,YGL096W,0,-5.2311745,0.10172692686319351,0.9973545074462891,0.8806878328323364
YMR182C,YFL059W,0,-5.2312284,0.10169948637485504,0.9973545074462891,0.8809523582458496
YNL329C,YKL122C,0,-5.2321944,0.10167206078767776,0.9973545074462891,0.8812169432640076
YDR342C,YHL007C,0,-5.2322216,0.10164465010166168,0.9973545074462891,0.8814814686775208
YJL125C,YGL098W,0,-5.232637,0.1016172543168068,0.9973545074462891,0.8817460536956787
YHR160C,YIL123W,0,-5.232708,0.1015898659825325,0.9973545074462891,0.8820105791091919
YGR092W,YMR081C,0,-5.2334137,0.1015625,0.9973545074462891,0.8822751045227051
YLR109W,YML077W,0,-5.234745,0.10153514891862869,0.9973545074462891,0.882539689540863
YOR045W,YCR061W,0,-5.236269,0.10150780528783798,0.9973545074462891,0.8828042149543762
YIL040W,YJL101C,0,-5.236759,0.10148048400878906,0.9973545074462891,0.8830687999725342
YOR100C,YGR276C,0,-5.237365,0.10145317763090134,0.9973545074462891,0.8833333253860474
YHR081W,YHL027W,0,-5.2401648,0.10142587870359421,0.9973545074462891,0.8835979104042053
YNR016C,YNL218W,0,-5.240555,0.10139860212802887,0.9973545074462891,0.8838624358177185
YAR015W,YOL102C,0,-5.242132,0.10137133300304413,0.9973545074462891,0.8841269612312317
YHR191C,YPL106C,0,-5.2433233,0.10134408622980118,0.9973545074462891,0.8843915462493896
YKR083C,YOR095C,0,-5.2447076,0.10131684690713882,0.9973545074462891,0.8846560716629028
YLR069C,YOR043W,0,-5.245191,0.10128962993621826,0.9973545074462891,0.8849206566810608
YDL002C,YGL255W,0,-5.245243,0.1012624204158783,0.9973545074462891,0.885185182094574
YDR449C,YIL077C,0,-5.2455072,0.10123523324728012,0.9973545074462891,0.8854497075080872
YPL248C,YDR113C,0,-5.2465024,0.10120805352926254,0.9973545074462891,0.8857142925262451
YHR007C,YCR081W,0,-5.2467003,0.10118088871240616,0.9973545074462891,0.8859788179397583
YPL240C,YIL061C,0,-5.2473516,0.10115374624729156,0.9973545074462891,0.8862434029579163
YLR157C,YJR057W,0,-5.2476654,0.10112661123275757,0.9973545074462891,0.8865079283714294
YDR314C,YGR063C,0,-5.2482257,0.10109949111938477,0.9973545074462891,0.8867725133895874
YNL075W,YBR260C,0,-5.249178,0.10107238590717316,0.9973545074462891,0.8870370388031006
YMR032W,YOL128C,0,-5.2492323,0.10104529559612274,0.9973545074462891,0.8873015642166138
YLR192C,YML027W,0,-5.2517986,0.10101822018623352,0.9973545074462891,0.8875661492347717
YGL229C,YKR101W,0,-5.2536826,0.1009911596775055,0.9973545074462891,0.8878306746482849
YCL039W,YNL291C,0,-5.2537766,0.10096411406993866,0.9973545074462891,0.8880952596664429
YLR160C,YML123C,0,-5.2551327,0.10093708336353302,0.9973545074462891,0.888359785079956
YJL108C,YCR057C,0,-5.258318,0.10091006755828857,0.9973545074462891,0.8886243104934692
YDR206W,YMR032W,0,-5.258874,0.10088305920362473,0.9973545074462891,0.8888888955116272
YFL056C,YER072W,0,-5.259461,0.10085607320070267,0.9973545074462891,0.8891534209251404
YJR093C,YIL066C,0,-5.2600765,0.1008291020989418,0.9973545074462891,0.8894180059432983
YDL148C,YBR182C,0,-5.2612395,0.10080213844776154,0.9973545074462891,0.8896825313568115
YML123C,YDR289C,0,-5.2627664,0.10077519714832306,0.9973545074462891,0.8899471163749695
YJR050W,YJR112W,0,-5.263338,0.10074826329946518,0.9973545074462891,0.8902116417884827
YOR094W,YDR252W,0,-5.263423,0.1007213443517685,0.9973545074462891,0.8904761672019958
YDL145C,YMR316W,0,-5.2634535,0.1006944477558136,0.9973545074462891,0.8907407522201538
YOR243C,YBR260C,0,-5.2634544,0.1006675586104393,0.9973545074462891,0.891005277633667
YOR243C,YCR073W-A,0,-5.263942,0.1006406843662262,0.9973545074462891,0.891269862651825
YLR074C,YLR396C,0,-5.2641153,0.10061382502317429,0.9973545074462891,0.8915343880653381
YCR002C,YNL068C,0,-5.2657313,0.10058698058128357,0.9973545074462891,0.8917989134788513
YMR025W,YDR418W,0,-5.266693,0.10056015104055405,0.9973545074462891,0.8920634984970093
YNL068C,YLL040C,0,-5.2671814,0.10053333640098572,0.9973545074462891,0.8923280239105225
YNR033W,YNL244C,0,-5.269788,0.10050652921199799,0.9973545074462891,0.8925926089286804
YFR009W,YHR008C,0,-5.270815,0.10047974437475204,0.9973545074462891,0.8928571343421936
YDR439W,YDL052C,0,-5.271528,0.1004529744386673,0.9973545074462891,0.8931217193603516
YJR050W,YOR315W,0,-5.2715435,0.10042621195316315,0.9973545074462891,0.8933862447738647
YNR052C,YHR139C,0,-5.2716703,0.10039946436882019,0.9973545074462891,0.8936507701873779
YKL093W,YBL022C,0,-5.2717314,0.10037273913621902,0.9973545074462891,0.8939153552055359
YGR227W,YMR030W,0,-5.273088,0.10034602135419846,0.9973545074462891,0.8941798806190491
YJR131W,YDL147W,1,-5.274477,0.10058541595935822,1.0,0.8941798806190491
YLR320W,YNL138W,0,-5.2749605,0.10055866092443466,1.0,0.894444465637207
YGL180W,YIL138C,0,-5.275281,0.1005319133400917,1.0,0.8947089910507202
YGR077C,YLR084C,0,-5.275975,0.10050518810749054,1.0,0.8949735164642334
YDR432W,YGL006W,0,-5.2764573,0.10047847032546997,1.0,0.8952381014823914
YMR113W,YGR248W,0,-5.276555,0.1004517674446106,1.0,0.8955026268959045
YER030W,YIR033W,0,-5.27892,0.10042507946491241,1.0,0.8957672119140625
YIL009W,YCR098C,0,-5.2789702,0.10039840638637543,1.0,0.8960317373275757
YMR303C,YKR083C,0,-5.2797947,0.10037174820899963,1.0,0.8962963223457336
YOR100C,YLR033W,0,-5.279872,0.10034510493278503,1.0,0.8965608477592468
YKL150W,YBR105C,0,-5.282552,0.10031846910715103,1.0,0.89682537317276
YJR069C,YOR179C,0,-5.2830296,0.10029185563325882,1.0,0.897089958190918
YPL240C,YLR285W,0,-5.28362,0.1002652496099472,1.0,0.8973544836044312
YDR085C,YMR078C,0,-5.284087,0.10023866593837738,1.0,0.8976190686225891
YKL152C,YOR047C,0,-5.2845783,0.10021208971738815,1.0,0.8978835940361023
YKL165C,YER169W,0,-5.288818,0.10018552839756012,1.0,0.8981481194496155
YLR304C,YAL020C,0,-5.2905874,0.10015898197889328,1.0,0.8984127044677734
YKL058W,YGL096W,0,-5.290809,0.10013245046138763,1.0,0.8986772298812866
YPL132W,YPL213W,0,-5.2913632,0.10010593384504318,1.0,0.8989418148994446
YMR303C,YPR110C,0,-5.291956,0.10007942467927933,1.0,0.8992063403129578
YFL056C,YML097C,0,-5.292116,0.10005293786525726,1.0,0.8994709253311157
YDR421W,YGL097W,0,-5.2935977,0.1000264585018158,1.0,0.8997354507446289
YCR005C,YOL147C,0,-5.293905,0.10000000149011612,1.0,0.8999999761581421
YDR179C,YDL095W,0,-5.294716,0.09997355192899704,1.0,0.9002645611763
YPL125W,YDL055C,0,-5.295352,0.09994711726903915,1.0,0.9005290865898132
YJL026W,YHR163W,0,-5.2956057,0.09992069751024246,1.0,0.9007936716079712
YDR096W,YKL110C,0,-5.295833,0.09989429265260696,1.0,0.9010581970214844
YBR164C,YGR059W,0,-5.2972116,0.09986790269613266,1.0,0.9013227224349976
YLR291C,YPL040C,0,-5.297239,0.09984152019023895,1.0,0.9015873074531555
YCR065W,YPR134W,0,-5.2980633,0.09981516003608704,1.0,0.9018518328666687
YPL119C,YDR235W,0,-5.298376,0.09978880733251572,1.0,0.9021164178848267
YLR109W,YIR013C,0,-5.303932,0.09976246953010559,1.0,0.9023809432983398
YKL021C,YHR178W,0,-5.3039455,0.09973614662885666,1.0,0.9026455283164978
YNL021W,YJL164C,0,-5.3054447,0.09970983862876892,1.0,0.902910053730011
YCR010C,YKL042W,0,-5.305908,0.09968354552984238,1.0,0.9031745791435242
YOR380W,YCL054W,0,-5.3070936,0.09965725988149643,1.0,0.9034391641616821
YHR023W,YOR294W,0,-5.31012,0.09963099658489227,1.0,0.9037036895751953
YMR263W,YBR214W,0,-5.3113165,0.09960474073886871,1.0,0.9039682745933533
YNL148C,YOR260W,0,-5.3113728,0.09957850724458694,1.0,0.9042328000068665
YNL214W,YBR061C,0,-5.311962,0.09955228120088577,1.0,0.9044973254203796
YDL236W,YDR407C,0,-5.312708,0.0995260700583458,1.0,0.9047619104385376
YPR093C,YML058W,0,-5.3127193,0.09949986636638641,1.0,0.9050264358520508
YAL059W,YLL027W,0,-5.3129497,0.09947368502616882,1.0,0.9052910208702087
YHR164C,YLR075W,0,-5.3146696,0.09944751113653183,1.0,0.9055555462837219
YCR020C,YBR168W,0,-5.3164487,0.09942135959863663,1.0,0.9058201313018799
YLR074C,YBR073W,0,-5.3167915,0.09939521551132202,1.0,0.9060846567153931
YJR047C,YCR067C,0,-5.3175583,0.09936908632516861,1.0,0.9063491821289062
YOL016C,YNL037C,0,-5.3193626,0.09934297204017639,1.0,0.9066137671470642
YOR031W,YGR092W,0,-5.3201704,0.09931686520576477,1.0,0.9068782925605774
YGR280C,YNL287W,0,-5.3213286,0.09929078072309494,1.0,0.9071428775787354
YMR303C,YBR211C,0,-5.324171,0.0992647036910057,1.0,0.9074074029922485
YLR353W,YGL254W,0,-5.3261414,0.09923864901065826,1.0,0.9076719284057617
YER044C,YMR288W,0,-5.3268805,0.09921260178089142,1.0,0.9079365134239197
YJL125C,YKL051W,0,-5.3275485,0.09918656200170517,1.0,0.9082010388374329
YOR341W,YBR097W,0,-5.3289404,0.09916054457426071,1.0,0.9084656238555908
YCR010C,YHR007C,0,-5.3327556,0.09913454204797745,1.0,0.908730149269104
YMR303C,YDR106W,0,-5.3348837,0.09910854697227478,1.0,0.908994734287262
YKL146W,YKL021C,0,-5.3351254,0.0990825667977333,1.0,0.9092592597007751
YDR377W,YHR158C,0,-5.335416,0.09905660152435303,1.0,0.9095237851142883
YMR277W,YML011C,0,-5.3396792,0.09903065115213394,1.0,0.9097883701324463
YCR066W,YPR132W,0,-5.340438,0.09900471568107605,1.0,0.9100528955459595
YCR089W,YKL035W,0,-5.340706,0.09897878766059875,1.0,0.9103174805641174
YNL048W,YML097C,0,-5.343545,0.09895288199186325,1.0,0.9105820059776306
YMR139W,YFL045C,0,-5.344016,0.09892698377370834,1.0,0.9108465313911438
YGR092W,YGR245C,0,-5.3451376,0.09890110045671463,1.0,0.9111111164093018
YCR002C,YDL201W,0,-5.345457,0.09887523204088211,1.0,0.9113756418228149
YNL068C,YHR161C,0,-5.3487644,0.09884937107563019,1.0,0.9116402268409729
YMR025W,YJL138C,0,-5.3497252,0.09882353246212006,1.0,0.9119047522544861
YMR182C,YGR285C,0,-5.3513145,0.09879770129919052,1.0,0.912169337272644
YER169W,YKL058W,0,-5.3527217,0.09877188503742218,1.0,0.9124338626861572
YMR303C,YLR055C,0,-5.356677,0.09874608367681503,1.0,0.9126983880996704
YPR112C,YML049C,0,-5.35845,0.09872028976678848,1.0,0.9129629731178284
YER114C,YJL063C,0,-5.3590493,0.09869451820850372,1.0,0.9132274985313416
YHR187W,YGL062W,0,-5.3593082,0.09866875410079956,1.0,0.9134920835494995
YJL026W,YPL085W,0,-5.3605785,0.09864300489425659,1.0,0.9137566089630127
YOR274W,YJL140W,0,-5.3606415,0.09861727058887482,1.0,0.9140211343765259
YDR432W,YGL062W,0,-5.3606477,0.09859155118465424,1.0,0.9142857193946838
YPL267W,YDR083W,0,-5.360803,0.09856583923101425,1.0,0.914550244808197
YJL122W,YNL084C,0,-5.3613963,0.09854014962911606,1.0,0.914814829826355
YBR066C,YDL095W,0,-5.361723,0.09851446747779846,1.0,0.9150793552398682
YGL229C,YHR205W,0,-5.361767,0.09848879277706146,1.0,0.9153439402580261
YER162C,YMR182C,0,-5.362423,0.09846314042806625,1.0,0.9156084656715393
YPR199C,YLR192C,0,-5.363016,0.09843750298023224,1.0,0.9158729910850525
YCR089W,YLR324W,0,-5.3671255,0.09841187298297882,1.0,0.9161375761032104
YBR164C,YOL020W,0,-5.367538,0.0983862578868866,1.0,0.9164021015167236
YDR342C,YFL017W-A,0,-5.368436,0.09836065769195557,1.0,0.9166666865348816
YGR204W,YPR112C,0,-5.369159,0.09833506494760513,1.0,0.9169312119483948
YEL029C,YNL274C,0,-5.3713007,0.09830949455499649,1.0,0.9171957969665527
YJR033C,YLR200W,0,-5.372443,0.09828393161296844,1.0,0.9174603223800659
YBR143C,YDR407C,0,-5.3733463,0.09825838357210159,1.0,0.9177248477935791
YMR263W,YBR183W,0,-5.373452,0.09823285043239594,1.0,0.9179894328117371
YOR099W,YPL058C,0,-5.373948,0.09820732474327087,1.0,0.9182539582252502
YIL110W,YOR193W,0,-5.374126,0.0981818214058876,1.0,0.9185185432434082
YKR034W,YKL122C,0,-5.3804417,0.09815632551908493,1.0,0.9187830686569214
YBR042C,YNL003C,0,-5.3806214,0.09813084453344345,1.0,0.9190475940704346
YGL172W,YGR248W,0,-5.38108,0.09810537099838257,1.0,0.9193121790885925
YDL046W,YLR275W,0,-5.3813343,0.09807991981506348,1.0,0.9195767045021057
YBR077C,YBR069C,0,-5.3820457,0.09805447608232498,1.0,0.9198412895202637
YDR240C,YCR073W-A,0,-5.3840194,0.09802904725074768,1.0,0.9201058149337769
YDL148C,YNL025C,0,-5.38521,0.09800363332033157,1.0,0.9203703999519348
YKL007W,YJR132W,0,-5.386428,0.09797822684049606,1.0,0.920634925365448
YHR116W,YGL097W,0,-5.387288,0.09795283526182175,1.0,0.9208994507789612
YIL103W,YHL024W,0,-5.3875203,0.09792745858430862,1.0,0.9211640357971191
YLR186W,YCR066W,0,-5.388035,0.0979020968079567,1.0,0.9214285612106323
YLR285W,YBR066C,0,-5.3903103,0.09787674993276596,1.0,0.9216931462287903
YPL082C,YHR161C,0,-5.3919973,0.09785141050815582,1.0,0.9219576716423035
YKL007W,YDR113C,0,-5.3937483,0.09782608598470688,1.0,0.9222221970558167
YGL254W,YML001W,0,-5.3941593,0.09780077636241913,1.0,0.9224867820739746
YGR284C,YLR452C,0,-5.3943243,0.09777548164129257,1.0,0.9227513074874878
YBL045C,YCL026C-A,0,-5.3977203,0.09775019437074661,1.0,0.9230158925056458
YNR033W,YOR226C,0,-5.4006605,0.09772492200136185,1.0,0.9232804179191589
YDR156W,YIL031W,0,-5.4013247,0.09769966453313828,1.0,0.9235450029373169
YOR173W,YPL151C,0,-5.4045515,0.0976744219660759,1.0,0.9238095283508301
YER068W,YOR095C,0,-5.4072657,0.09764918684959412,1.0,0.9240740537643433
YDR225W,YGR289C,0,-5.412184,0.09762396663427353,1.0,0.9243386387825012
YPL240C,YOR049C,0,-5.412799,0.09759876132011414,1.0,0.9246031641960144
YMR303C,YCR065W,0,-5.4128456,0.09757357090711594,1.0,0.9248677492141724
YOR011W,YLR264W,0,-5.41442,0.09754838794469833,1.0,0.9251322746276855
YGR055W,YML025C,0,-5.417005,0.09752321988344193,1.0,0.9253968000411987
YNL142W,YIL117C,0,-5.4170227,0.09749806672334671,1.0,0.9256613850593567
YOR315W,YNL333W,0,-5.417099,0.09747292101383209,1.0,0.9259259104728699
YJR047C,YGL216W,0,-5.418947,0.09744779765605927,1.0,0.9261904954910278
YJR121W,YGR072W,0,-5.420266,0.09742268174886703,1.0,0.926455020904541
YBR155W,YHR030C,0,-5.421543,0.097397580742836,1.0,0.926719605922699
YFL057C,YDR113C,0,-5.4225645,0.09737248718738556,1.0,0.9269841313362122
YMR078C,YDR273W,0,-5.422946,0.09734740853309631,1.0,0.9272486567497253
YPL217C,YNL111C,0,-5.423933,0.09732234477996826,1.0,0.9275132417678833
YJR155W,YKR037C,0,-5.424661,0.0972972959280014,1.0,0.9277777671813965
YOR188W,YJL108C,0,-5.426749,0.09727226197719574,1.0,0.9280423521995544
YDL137W,YHR081W,0,-5.426853,0.09724723547697067,1.0,0.9283068776130676
YDL148C,YMR293C,0,-5.4288287,0.0972222238779068,1.0,0.9285714030265808
YNR016C,YGR109C,0,-5.4302635,0.09719721972942352,1.0,0.9288359880447388
YDL137W,YOR315W,0,-5.4322085,0.09717223793268204,1.0,0.929100513458252
YOL020W,YOR344C,0,-5.4331675,0.09714726358652115,1.0,0.9293650984764099
YGR037C,YKL125W,0,-5.437728,0.09712230414152145,1.0,0.9296296238899231
YDR085C,YML097C,0,-5.438609,0.09709735214710236,1.0,0.929894208908081
YNL031C,YJR019C,0,-5.4391403,0.09707242250442505,1.0,0.9301587343215942
YCR018C,YGL096W,0,-5.439533,0.09704750031232834,1.0,0.9304232597351074
YBR164C,YDR258C,0,-5.441578,0.09702258557081223,1.0,0.9306878447532654
YPL082C,YGL229C,0,-5.445915,0.0969976931810379,1.0,0.9309523701667786
YIL138C,YBR183W,0,-5.446157,0.09697280824184418,1.0,0.9312169551849365
YNL068C,YOR040W,0,-5.447578,0.09694793820381165,1.0,0.9314814805984497
YAL040C,YCR020C,0,-5.4487,0.09692307561635971,1.0,0.9317460060119629
YDR421W,YDR449C,0,-5.449065,0.09689822793006897,1.0,0.9320105910301208
YDR022C,YKL120W,0,-5.4495444,0.09687339514493942,1.0,0.932275116443634
YDR168W,YIR026C,0,-5.450118,0.09684857726097107,1.0,0.932539701461792
YOR100C,YHR163W,0,-5.453496,0.09682376682758331,1.0,0.9328042268753052
YDL112W,YLR193C,0,-5.4541216,0.09679897874593735,1.0,0.9330688118934631
YMR277W,YGL006W,0,-5.4563937,0.09677419066429138,1.0,0.9333333373069763
YHR052W,YBR213W,0,-5.4569597,0.09674942493438721,1.0,0.9335978627204895
YLL004W,YGL229C,0,-5.4585257,0.09672466665506363,1.0,0.9338624477386475
YIL051C,YLR009W,0,-5.4601393,0.09669992327690125,1.0,0.9341269731521606
YIR033W,YGR185C,0,-5.463152,0.09667519479990005,1.0,0.9343915581703186
YOL043C,YIR026C,0,-5.4639645,0.09665047377347946,1.0,0.9346560835838318
YGL078C,YKL220C,0,-5.4664526,0.09662576764822006,1.0,0.934920608997345
YMR048W,YGR248W,0,-5.466601,0.09660107642412186,1.0,0.9351851940155029
YNL278W,YFR009W,0,-5.4701557,0.09657639265060425,1.0,0.9354497194290161
YER178W,YNL248C,0,-5.47066,0.09655172377824783,1.0,0.9357143044471741
YNL042W,YGR063C,0,-5.47111,0.09652706980705261,1.0,0.9359788298606873
YLR158C,YKL125W,0,-5.472341,0.09650242328643799,1.0,0.9362434148788452
YER127W,YBR168W,0,-5.474248,0.09647779166698456,1.0,0.9365079402923584
YDR385W,YGR197C,0,-5.474921,0.09645317494869232,1.0,0.9367724657058716
YER177W,YDR126W,0,-5.481286,0.09642857313156128,1.0,0.9370370507240295
YHR015W,YGL062W,0,-5.4837513,0.09640397876501083,1.0,0.9373015761375427
YNR016C,YCL054W,0,-5.48386,0.09637939929962158,1.0,0.9375661611557007
YKL007W,YOR294W,0,-5.4878774,0.09635482728481293,1.0,0.9378306865692139
YPL254W,YLL040C,0,-5.490501,0.09633027762174606,1.0,0.938095211982727
YDR188W,YJL092W,0,-5.490701,0.0963057354092598,1.0,0.938359797000885
YHR007C,YOR043W,0,-5.4917226,0.09628120064735413,1.0,0.9386243224143982
YML132W,YPR132W,0,-5.4938564,0.09625668078660965,1.0,0.9388889074325562
YDR258C,YHR187W,0,-5.4966617,0.09623217582702637,1.0,0.9391534328460693
YAR015W,YMR190C,0,-5.496968,0.09620768576860428,1.0,0.9394180178642273
YEL027W,YGR197C,0,-5.4975395,0.09618320316076279,1.0,0.9396825432777405
YER044C,YML097C,0,-5.498698,0.09615873545408249,1.0,0.9399470686912537
YHR007C,YIL098C,0,-5.499104,0.09613428264856339,1.0,0.9402116537094116
YJL122W,YDR392W,0,-5.501163,0.09610983729362488,1.0,0.9404761791229248
YJR069C,YMR182C,0,-5.501602,0.09608540683984756,1.0,0.9407407641410828
YKL152C,YBR095C,0,-5.5017047,0.09606099128723145,1.0,0.941005289554596
YMR049C,YJR050W,0,-5.5034733,0.09603658318519592,1.0,0.9412698149681091
YNL111C,YKL025C,0,-5.5038147,0.0960121899843216,1.0,0.9415343999862671
YOR100C,YLR003C,0,-5.504279,0.09598781168460846,1.0,0.9417989253997803
YLR069C,YBR279W,0,-5.5058594,0.09596344083547592,1.0,0.9420635104179382
YHR079C-A,YPL239W,0,-5.506606,0.09593908488750458,1.0,0.9423280358314514
YER169W,YIL123W,0,-5.508889,0.09591474384069443,1.0,0.9425926208496094
YOR049C,YDL112W,0,-5.5115643,0.09589041024446487,1.0,0.9428571462631226
YAL020C,YNR057C,0,-5.515626,0.09586609154939651,1.0,0.9431216716766357
YML123C,YGL255W,0,-5.51589,0.09584178775548935,1.0,0.9433862566947937
YPL127C,YCR057C,0,-5.5168567,0.09581749141216278,1.0,0.9436507821083069
YDR342C,YPL239W,0,-5.519225,0.0957932099699974,1.0,0.9439153671264648
YBR036C,YOR315W,0,-5.5202966,0.09576893597841263,1.0,0.944179892539978
YIL066C,YDL112W,0,-5.520751,0.09574468433856964,1.0,0.9444444179534912
YHL047C,YER044C,0,-5.522171,0.09572043269872665,1.0,0.9447090029716492
YIR033W,YOR243C,0,-5.5241203,0.09569620341062546,1.0,0.9449735283851624
YKR055W,YIR026C,0,-5.5253096,0.09567198157310486,1.0,0.9452381134033203
YDR258C,YNL283C,0,-5.5256977,0.09564777463674545,1.0,0.9455026388168335
YBR026C,YPL239W,0,-5.5269537,0.09562357515096664,1.0,0.9457672238349915
YPR023C,YKL165C,0,-5.528017,0.09559939056634903,1.0,0.9460317492485046
YDR273W,YER174C,0,-5.528468,0.09557522088289261,1.0,0.9462962746620178
YGL051W,YIR026C,0,-5.5297103,0.09555105865001678,1.0,0.9465608596801758
YHR052W,YOL043C,0,-5.5299015,0.09552691131830215,1.0,0.946825385093689
YHL040C,YER174C,0,-5.538301,0.09550277888774872,1.0,0.9470899701118469
YKL093W,YOR326W,0,-5.541627,0.09547865390777588,1.0,0.9473544955253601
YIL009W,YHR030C,0,-5.542391,0.09545454382896423,1.0,0.9476190209388733
YOR226C,YBR069C,0,-5.5424895,0.09543044865131378,1.0,0.9478836059570312
YHR007C,YOR095C,0,-5.549427,0.09540636092424393,1.0,0.9481481313705444
YBL040C,YFR034C,0,-5.5536747,0.09538228809833527,1.0,0.9484127163887024
YMR049C,YJR139C,0,-5.556572,0.0953582227230072,1.0,0.9486772418022156
YDL148C,YCR073W-A,0,-5.5590143,0.09533417224884033,1.0,0.9489418268203735
YML132W,YJL125C,0,-5.5595217,0.09531013667583466,1.0,0.9492063522338867
YMR081C,YFL045C,0,-5.559944,0.09528610855340958,1.0,0.9494708776473999
YNL025C,YLR003C,0,-5.561643,0.09526209533214569,1.0,0.9497354626655579
YGL078C,YDR318W,0,-5.562928,0.095238097012043,1.0,0.949999988079071
YMR049C,YKL020C,0,-5.569011,0.0952141061425209,1.0,0.950264573097229
YMR303C,YAL035W,0,-5.56953,0.09519013017416,1.0,0.9505290985107422
YHL024W,YBR105C,0,-5.5700755,0.0951661616563797,1.0,0.9507936239242554
YDR258C,YBL003C,0,-5.571349,0.09514220803976059,1.0,0.9510582089424133
YOR078W,YFR008W,0,-5.572539,0.09511826932430267,1.0,0.9513227343559265
YNL127W,YOR315W,0,-5.574465,0.09509433805942535,1.0,0.9515873193740845
YDR345C,YLR009W,0,-5.574867,0.09507042169570923,1.0,0.9518518447875977
YHR079C,YLR448W,0,-5.5759478,0.0950465202331543,1.0,0.9521164298057556
YMR116C,YML049C,0,-5.578282,0.09502262622117996,1.0,0.9523809552192688
YOR250C,YJL098W,0,-5.580021,0.09499874711036682,1.0,0.952645480632782
YGR204W,YOR173W,0,-5.580308,0.09497487545013428,1.0,0.9529100656509399
YOR078W,YIR033W,0,-5.5816956,0.09495101869106293,1.0,0.9531745910644531
YOR032C,YML027W,0,-5.581727,0.09492716938257217,1.0,0.9534391760826111
YER044C,YFR034C,0,-5.5822773,0.09490334242582321,1.0,0.9537037014961243
YGR055W,YHR154W,0,-5.5831337,0.09487951546907425,1.0,0.9539682269096375
YJL219W,YGR245C,0,-5.584077,0.09485571086406708,1.0,0.9542328119277954
YIL118W,YHR030C,0,-5.5861454,0.0948319137096405,1.0,0.9544973373413086
YDR096W,YJL190C,0,-5.586321,0.09480812400579453,1.0,0.9547619223594666
YLR075W,YCL033C,0,-5.5874515,0.09478435665369034,1.0,0.9550264477729797
YKR034W,YCL059C,0,-5.591716,0.09476058930158615,1.0,0.9552910327911377
YLR051C,YIL123W,0,-5.5925417,0.09473684430122375,1.0,0.9555555582046509
YNL325C,YLR221C,0,-5.59278,0.09471310675144196,1.0,0.9558200836181641
YPL058C,YDL052C,0,-5.5946107,0.09468937665224075,1.0,0.956084668636322
YIL103W,YPR193C,0,-5.596732,0.09466566145420074,1.0,0.9563491940498352
YGL016W,YHR160C,0,-5.6006556,0.09464196115732193,1.0,0.9566137790679932
YBR182C,YJL138C,0,-5.6023026,0.09461827576160431,1.0,0.9568783044815063
YHL040C,YDR365C,0,-5.606097,0.09459459781646729,1.0,0.9571428298950195
YLR270W,YML027W,0,-5.608287,0.09457092732191086,1.0,0.9574074149131775
YML077W,YGL096W,0,-5.608632,0.09454727172851562,1.0,0.9576719403266907
YMR081C,YBL023C,0,-5.6154537,0.09452363103628159,1.0,0.9579365253448486
YLR320W,YLR448W,0,-5.615896,0.09449999779462814,1.0,0.9582010507583618
YLR186W,YNL329C,0,-5.6177816,0.0944763794541359,1.0,0.9584656357765198
YCL034W,YJR007W,0,-5.61837,0.09445277601480484,1.0,0.958730161190033
YOR377W,YHR008C,0,-5.6188006,0.09442918002605438,1.0,0.9589946866035461
YFL056C,YDR083W,0,-5.6209435,0.09440559148788452,1.0,0.9592592716217041
YCL026C-A,YPR187W,0,-5.6211977,0.09438202530145645,1.0,0.9595237970352173
YER044C,YDR228C,0,-5.62674,0.09435845911502838,1.0,0.9597883820533752
YGL098W,YML027W,0,-5.633398,0.0943349152803421,1.0,0.9600529074668884
YPL119C,YNL287W,0,-5.633949,0.09431137889623642,1.0,0.9603174328804016
YIL103W,YDR294C,0,-5.6355934,0.09428784996271133,1.0,0.9605820178985596
YFL029C,YPR187W,0,-5.638485,0.09426433593034744,1.0,0.9608465433120728
YDL045C,YLR221C,0,-5.6415167,0.09424083679914474,1.0,0.9611111283302307
YOR100C,YMR032W,0,-5.643325,0.09421734511852264,1.0,0.9613756537437439
YGL001C,YDR463W,0,-5.6441774,0.09419386833906174,1.0,0.9616402387619019
YKR034W,YJR069C,0,-5.644989,0.09417040646076202,1.0,0.961904764175415
YOL016C,YBR073W,0,-5.645772,0.09414695203304291,1.0,0.9621692895889282
YJL026W,YJR010C-A,0,-5.6459355,0.09412350505590439,1.0,0.9624338746070862
YNL262W,YIL117C,0,-5.6487064,0.09410007297992706,1.0,0.9626984000205994
YAL040C,YIR010W,0,-5.651148,0.09407665580511093,1.0,0.9629629850387573
YPR093C,YKL021C,0,-5.6548324,0.0940532460808754,1.0,0.9632275104522705
YNL214W,YDR449C,0,-5.6552763,0.09402985125780106,1.0,0.9634920358657837
YOL091W,YOL020W,0,-5.6565895,0.09400646388530731,1.0,0.9637566208839417
YML123C,YHL024W,0,-5.6588087,0.09398309141397476,1.0,0.9640211462974548
YDR450W,YOR084W,0,-5.6589937,0.0939597338438034,1.0,0.9642857313156128
YEL029C,YBR093C,0,-5.6594067,0.09393638372421265,1.0,0.964550256729126
YGL078C,YNL222W,0,-5.6602116,0.09391304105520248,1.0,0.9648148417472839
YER179W,YNL248C,0,-5.6604853,0.09388971328735352,1.0,0.9650793671607971
YLR264W,YIL153W,0,-5.6617203,0.09386640042066574,1.0,0.9653438925743103
YHL011C,YBR077C,0,-5.6637974,0.09384309500455856,1.0,0.9656084775924683
YIL117C,YJR010C-A,0,-5.666496,0.09381980448961258,1.0,0.9658730030059814
YLR084C,YHL027W,0,-5.6675444,0.09379652887582779,1.0,0.9661375880241394
YCR057C,YNL333W,0,-5.668371,0.0937732607126236,1.0,0.9664021134376526
YOR260W,YKL093W,0,-5.671934,0.09375,1.0,0.9666666388511658
YOR031W,YLR221C,0,-5.6755633,0.0937267541885376,1.0,0.9669312238693237
YDR258C,YDR113C,0,-5.6759605,0.09370352327823639,1.0,0.9671957492828369
YPL267W,YIL023C,0,-5.6760874,0.09368029981851578,1.0,0.9674603343009949
YMR025W,YOR168W,0,-5.6761494,0.09365708380937576,1.0,0.9677248597145081
YCR002C,YLR051C,0,-5.6766376,0.09363389015197754,1.0,0.967989444732666
YNL278W,YDR345C,0,-5.6782026,0.09361069649457932,1.0,0.9682539701461792
YJL122W,YMR100W,0,-5.6786013,0.09358752518892288,1.0,0.9685184955596924
YBR036C,YDR449C,0,-5.686638,0.09356435388326645,1.0,0.9687830805778503
YKL026C,YDR432W,0,-5.6910715,0.0935412049293518,1.0,0.9690476059913635
YAL035W,YOR032C,0,-5.7018127,0.09351806342601776,1.0,0.9693121910095215
YOR011W,YNL119W,0,-5.7071743,0.09349492937326431,1.0,0.9695767164230347
YCR089W,YBL003C,0,-5.7073536,0.09347181022167206,1.0,0.9698412418365479
YIL117C,YGR248W,0,-5.710917,0.0934486985206604,1.0,0.9701058268547058
YLR448W,YBR080C,0,-5.7117014,0.09342560917139053,1.0,0.970370352268219
YNL037C,YIR026C,0,-5.7191286,0.09340251982212067,1.0,0.970634937286377
YJL125C,YIL117C,0,-5.7248487,0.093379445374012,1.0,0.9708994626998901
YEL029C,YJR019C,0,-5.7319446,0.09335638582706451,1.0,0.9711640477180481
YJR155W,YDL175C,0,-5.731947,0.09333333373069763,1.0,0.9714285731315613
YLL043W,YKL150W,0,-5.7375507,0.09331029653549194,1.0,0.9716930985450745
YDL059C,YBR183W,0,-5.7375555,0.09328726679086685,1.0,0.9719576835632324
YOR031W,YOR315W,0,-5.7420526,0.09326425194740295,1.0,0.9722222089767456
YLR074C,YOL031C,0,-5.746088,0.09324124455451965,1.0,0.9724867939949036
YKL110C,YPL087W,0,-5.7495604,0.09321825206279755,1.0,0.9727513194084167
YLR405W,YMR311C,0,-5.7540436,0.09319526702165604,1.0,0.9730158448219299
YCL061C,YLR009W,0,-5.754282,0.09317229688167572,1.0,0.9732804298400879
YBR155W,YGR284C,0,-5.757617,0.093149334192276,1.0,0.9735449552536011
YLL043W,YOR193W,0,-5.7633033,0.09312638640403748,1.0,0.973809540271759
YOR173W,YHR007C,0,-5.7701235,0.09310344606637955,1.0,0.9740740656852722
YGR288W,YBR143C,0,-5.7767706,0.09308052062988281,1.0,0.9743386507034302
YBR026C,YDL052C,0,-5.779584,0.09305761009454727,1.0,0.9746031761169434
YAL059W,YKR031C,0,-5.779665,0.09303470700979233,1.0,0.9748677015304565
YNL111C,YDR272W,0,-5.7862377,0.09301181137561798,1.0,0.9751322865486145
YGR197C,YGL255W,0,-5.796801,0.09298893064260483,1.0,0.9753968119621277
YAL023C,YDR058C,0,-5.801343,0.09296605736017227,1.0,0.9756613969802856
YJR153W,YGR245C,0,-5.8019595,0.09294319897890091,1.0,0.9759259223937988
YPL119C,YLR186W,0,-5.803069,0.09292035549879074,1.0,0.976190447807312
YNL278W,YPL106C,0,-5.8130717,0.09289751946926117,1.0,0.97645503282547
YDR385W,YKL026C,0,-5.8196383,0.0928746908903122,1.0,0.9767195582389832
YGR092W,YGR280C,0,-5.821403,0.09285187721252441,1.0,0.9769841432571411
YHR007C,YDR478W,0,-5.823715,0.09282907843589783,1.0,0.9772486686706543
YLR074C,YKR034W,0,-5.829856,0.09280628710985184,1.0,0.9775132536888123
YLR009W,YNL128W,0,-5.831108,0.09278350323438644,1.0,0.9777777791023254
YJL099W,YGL078C,0,-5.833412,0.09276073426008224,1.0,0.9780423045158386
YIL124W,YFL002C,0,-5.834445,0.09273798018693924,1.0,0.9783068895339966
YEL027W,YKL026C,0,-5.835533,0.09271523356437683,1.0,0.9785714149475098
YGL142C,YGR085C,0,-5.8400583,0.09269249439239502,1.0,0.9788359999656677
YNL119W,YDL046W,0,-5.8408422,0.0926697701215744,1.0,0.9791005253791809
YOL017W,YDR449C,0,-5.842082,0.09264706075191498,1.0,0.9793650507926941
YMR116C,YJR033C,0,-5.8456545,0.09262435883283615,1.0,0.979629635810852
YDR251W,YDR165W,0,-5.8479714,0.09260166436433792,1.0,0.9798941612243652
YGL206C,YDR165W,0,-5.850175,0.09257898479700089,1.0,0.9801587462425232
YLR304C,YPL058C,0,-5.8554783,0.09255632013082504,1.0,0.9804232716560364
YHR034C,YBR183W,0,-5.8586283,0.0925336629152298,1.0,0.9806878566741943
YNR017W,YJL140W,0,-5.8707924,0.09251101315021515,1.0,0.9809523820877075
YOR078W,YBR077C,0,-5.872169,0.0924883782863617,1.0,0.9812169075012207
YMR081C,YOL142W,0,-5.874279,0.09246575087308884,1.0,0.9814814925193787
YDR421W,YDR418W,0,-5.878862,0.09244313836097717,1.0,0.9817460179328918
YJR155W,YDR341C,0,-5.8868523,0.0924205407500267,1.0,0.9820106029510498
YCR089W,YPL127C,0,-5.8895903,0.09239794313907623,1.0,0.982275128364563
YBR110W,YNL248C,0,-5.890126,0.09237536787986755,1.0,0.9825396537780762
YGR254W,YGR245C,0,-5.8921432,0.09235280007123947,1.0,0.9828042387962341
YOR078W,YCL039W,0,-5.897642,0.09233023971319199,1.0,0.9830687642097473
YMR303C,YOR094W,0,-5.9051313,0.0923076942563057,1.0,0.9833333492279053
YIL117C,YOR341W,0,-5.907443,0.09228515625,1.0,0.9835978746414185
YLR372W,YLR193C,0,-5.9084044,0.0922626331448555,1.0,0.9838624596595764
YOL002C,YCR052W,0,-5.909487,0.0922401174902916,1.0,0.9841269850730896
YDR314C,YDR449C,0,-5.911212,0.09221761673688889,1.0,0.9843915104866028
YPR178W,YIL123W,0,-5.9171963,0.09219512343406677,1.0,0.9846560955047607
YBL002W,YLR452C,0,-5.918229,0.09217263758182526,1.0,0.9849206209182739
YOR031W,YJR132W,0,-5.923663,0.09215017408132553,1.0,0.9851852059364319
YDR040C,YDR058C,0,-5.9371004,0.0921277105808258,1.0,0.9854497313499451
YER174C,YBR182C,0,-5.9376454,0.09210526198148727,1.0,0.9857142567634583
YGR085C,YHR139C,0,-5.9397497,0.09208282828330994,1.0,0.9859788417816162
YMR308C,YDR058C,0,-5.949087,0.0920604020357132,1.0,0.9862433671951294
YKL021C,YGR289C,0,-5.9524436,0.09203798323869705,1.0,0.9865079522132874
YOL020W,YHR161C,0,-5.9551907,0.0920155793428421,1.0,0.9867724776268005
YDR009W,YNL002C,0,-5.9568014,0.09199318289756775,1.0,0.9870370626449585
YJR033C,YOR294W,0,-5.962904,0.09197080135345459,1.0,0.9873015880584717
YLL043W,YBR183W,0,-5.965479,0.09194843471050262,1.0,0.9875661134719849
YCL059C,YPR134W,0,-5.968652,0.09192606806755066,1.0,0.9878306984901428
YNL119W,YBR077C,0,-5.978917,0.09190371632575989,1.0,0.988095223903656
YGL068W,YJL026W,0,-5.990218,0.09188137948513031,1.0,0.988359808921814
YGL001C,YCR057C,0,-6.0190377,0.09185905009508133,1.0,0.9886243343353271
YBR223C,YDR165W,0,-6.0327163,0.09183673560619354,1.0,0.9888888597488403
YNL248C,YIL123W,0,-6.0359216,0.09181442856788635,1.0,0.9891534447669983
YOR032C,YER127W,0,-6.055051,0.09179212898015976,1.0,0.9894179701805115
YDR022C,YPR132W,0,-6.0560627,0.09176984429359436,1.0,0.9896825551986694
YCR073W-A,YHR196W,0,-6.0610085,0.09174757450819016,1.0,0.9899470806121826
YJR155W,YIL123W,0,-6.0667286,0.09172531217336655,1.0,0.9902116656303406
YCR057C,YOR084W,0,-6.071355,0.09170305728912354,1.0,0.9904761910438538
YCR005C,YER095W,0,-6.072256,0.09168081730604172,1.0,0.9907407164573669
YGR245C,YCL033C,0,-6.072591,0.0916585847735405,1.0,0.9910053014755249
YDR342C,YIL110W,0,-6.090908,0.09163636714220047,1.0,0.9912698268890381
YHR052W,YBR077C,0,-6.1066732,0.09161415696144104,1.0,0.991534411907196
YGR289C,YLR200W,0,-6.1190667,0.09159195423126221,1.0,0.9917989373207092
YNL037C,YOR047C,0,-6.1238346,0.09156976640224457,1.0,0.9920634627342224
YKL165C,YJR112W,0,-6.1285105,0.09154759347438812,1.0,0.9923280477523804
YGL223C,YMR049C,0,-6.1413417,0.09152542054653168,1.0,0.9925925731658936
YDR085C,YDR478W,0,-6.150572,0.09150326997041702,1.0,0.9928571581840515
YCR005C,YPL086C,0,-6.1516004,0.09148111939430237,1.0,0.9931216835975647
YLR074C,YDR456W,0,-6.168408,0.0914589911699295,1.0,0.9933862686157227
YNR019W,YDR418W,0,-6.204948,0.09143686294555664,1.0,0.9936507940292358
YPR134W,YKR081C,0,-6.2052975,0.09141474962234497,1.0,0.993915319442749
YJR155W,YDL112W,0,-6.2077312,0.0913926512002945,1.0,0.994179904460907
YGL078C,YPL087W,0,-6.2140512,0.09137056022882462,1.0,0.9944444298744202
YJL100W,YLR264W,0,-6.2360888,0.09134847670793533,1.0,0.9947090148925781
YJL099W,YFL045C,0,-6.2932515,0.09132640808820724,1.0,0.9949735403060913
YDR085C,YPR112C,0,-6.303178,0.09130434691905975,1.0,0.9952380657196045
YGL078C,YJL101C,0,-6.330559,0.09128230065107346,1.0,0.9955026507377625
YOL147C,YDR449C,0,-6.3623915,0.09126026183366776,1.0,0.9957671761512756
YJL122W,YGL180W,0,-6.367113,0.09123823046684265,1.0,0.9960317611694336
YOR173W,YIR008C,0,-6.3671722,0.09121621400117874,1.0,0.9962962865829468
YIL124W,YGL255W,0,-6.377948,0.09119421243667603,1.0,0.9965608716011047
YOL151W,YPR110C,0,-6.3907647,0.09117221087217331,1.0,0.9968253970146179
YLR264W,YJR019C,0,-6.3945065,0.09115023165941238,1.0,0.9970899224281311
YOR095C,YOL031C,0,-6.425823,0.09112825244665146,1.0,0.9973545074462891
YGL078C,YGL062W,0,-6.538396,0.09110628813505173,1.0,0.9976190328598022
YOR100C,YIR026C,0,-6.5466776,0.09108433872461319,1.0,0.9978836178779602
YMR316W,YPR080W,0,-6.585493,0.09106239676475525,1.0,0.9981481432914734
YGR204W,YCL059C,0,-6.641774,0.0910404622554779,1.0,0.9984126687049866
YJL060W,YLR074C,0,-6.691224,0.09101854264736176,1.0,0.9986772537231445
YNL142W,YGR280C,0,-6.6993732,0.0909966304898262,1.0,0.9989417791366577
YDL148C,YPL087W,0,-6.7071667,0.09097472578287125,1.0,0.9992063641548157
YOL151W,YLR022C,0,-6.8857193,0.09095283597707748,1.0,0.9994708895683289
YLR270W,YPR110C,0,-6.946274,0.09093096107244492,1.0,0.9997354745864868
YGR280C,YOR347C,0,-7.016845,0.09090909361839294,1.0,1.0
