Gene A,Gene B,Label,Score,Precision,Recall,False Positive Rate
YBR023C,YOR326W,1,-3.3197951,1.0,0.0010000000474974513,0.0
YNL188W,YKL028W,0,-3.3207061,0.5,0.0010000000474974513,9.999999747378752e-05
YDR309C,YMR032W,1,-3.3302858,0.6666666865348816,0.0020000000949949026,9.999999747378752e-05
YBR198C,YDL235C,0,-3.4282906,0.5,0.0020000000949949026,0.00019999999494757503
YJR076C,YMR032W,1,-3.429376,0.6000000238418579,0.003000000026077032,0.00019999999494757503
YEL029C,YNL192W,1,-3.4303365,0.6666666865348816,0.004000000189989805,0.00019999999494757503
YOR326W,YIL068C,1,-3.4515872,0.7142857313156128,0.004999999888241291,0.00019999999494757503
YOL064C,YDL135C,0,-3.4536004,0.625,0.004999999888241291,0.0003000000142492354
YBR276C,YDR407C,0,-3.4580562,0.5555555820465088,0.004999999888241291,0.00039999998989515007
YLR319C,YLR314C,1,-3.4603655,0.6000000238418579,0.006000000052154064,0.00039999998989515007
YHR061C,YMR109W,1,-3.4968903,0.6363636255264282,0.007000000216066837,0.00039999998989515007
YEL029C,YPR055W,1,-3.5183983,0.6666666865348816,0.00800000037997961,0.00039999998989515007
YBR023C,YLR166C,1,-3.5367684,0.692307710647583,0.008999999612569809,0.00039999998989515007
YDL117W,YHR023W,1,-3.5421917,0.7142857313156128,0.009999999776482582,0.00039999998989515007
YBR133C,YPL128C,0,-3.5540817,0.6666666865348816,0.009999999776482582,0.0005000000237487257
YNL267W,YPR055W,1,-3.5668104,0.6875,0.010999999940395355,0.0005000000237487257
YMR211W,YIL109C,0,-3.5688164,0.6470588445663452,0.010999999940395355,0.0006000000284984708
YOR160W,YGL122C,0,-3.5772755,0.6111111044883728,0.010999999940395355,0.000699999975040555
YGL001C,YOR085W,0,-3.5827105,0.5789473652839661,0.010999999940395355,0.0007999999797903001
YOL004W,YGR047C,0,-3.5924308,0.550000011920929,0.010999999940395355,0.0008999999845400453
YJR076C,YNL298W,1,-3.6035626,0.5714285969734192,0.012000000104308128,0.0008999999845400453
YBR004C,YLR384C,0,-3.6184719,0.5454545617103577,0.012000000104308128,0.0010000000474974513
YNR027W,YHR023W,1,-3.619365,0.5652173757553101,0.013000000268220901,0.0010000000474974513
YPL256C,YLR095C,0,-3.6197364,0.5416666865348816,0.013000000268220901,0.0010999999940395355
YPL069C,YDL226C,0,-3.6213377,0.5199999809265137,0.013000000268220901,0.0012000000569969416
YDR263C,YNL262W,0,-3.6220376,0.5,0.013000000268220901,0.0013000000035390258
YDR457W,YDL058W,0,-3.6269522,0.48148149251937866,0.013000000268220901,0.00139999995008111
YBR245C,YGR007W,0,-3.6344435,0.4642857015132904,0.013000000268220901,0.001500000013038516
YHR204W,YGR270W,0,-3.6384242,0.4482758641242981,0.013000000268220901,0.0015999999595806003
YOR123C,YNR026C,0,-3.6481118,0.4333333373069763,0.013000000268220901,0.0017000000225380063
YER107C,YLR293C,0,-3.648266,0.4193548262119293,0.013000000268220901,0.0017999999690800905
YOR181W,YOR326W,1,-3.651047,0.4375,0.014000000432133675,0.0017999999690800905
YER008C,YLL021W,1,-3.6517289,0.4545454680919647,0.014999999664723873,0.0017999999690800905
YEL029C,YLR314C,1,-3.6542614,0.47058823704719543,0.01600000075995922,0.0017999999690800905
YHR013C,YGL019W,0,-3.6546943,0.4571428596973419,0.01600000075995922,0.0019000000320374966
YJR092W,YLR166C,1,-3.6593604,0.4722222089767456,0.017000000923871994,0.0019000000320374966
YLR319C,YNL154C,1,-3.6643395,0.4864864945411682,0.017999999225139618,0.0019000000320374966
YLR314C,YPR055W,1,-3.668607,0.5,0.01899999938905239,0.0019000000320374966
YER008C,YLR337C,1,-3.6866763,0.5128205418586731,0.019999999552965164,0.0019000000320374966
YPR122W,YDR420W,1,-3.691546,0.5249999761581421,0.020999999716877937,0.0019000000320374966
YDL232W,YGR285C,0,-3.6950305,0.5121951103210449,0.020999999716877937,0.0020000000949949026
YHR061C,YOR326W,1,-3.7072034,0.523809552192688,0.02199999988079071,0.0020000000949949026
YGL143C,YKL194C,0,-3.7188962,0.5116279125213623,0.02199999988079071,0.002099999925121665
YBL032W,YMR235C,0,-3.7199273,0.5,0.02199999988079071,0.002199999988079071
YHR061C,YHR023W,1,-3.721622,0.5111111402511597,0.023000000044703484,0.002199999988079071
YMR043W,YPL193W,0,-3.7220595,0.5,0.023000000044703484,0.002300000051036477
YLR319C,YIL095W,1,-3.727159,0.5106382966041565,0.024000000208616257,0.002300000051036477
YGR166W,YNL229C,0,-3.7406626,0.5,0.024000000208616257,0.002400000113993883
YPR055W,YLL021W,1,-3.741208,0.5102040767669678,0.02500000037252903,0.002400000113993883
YOR085W,YMR079W,0,-3.7427099,0.5,0.02500000037252903,0.0024999999441206455
YGR109C,YBR283C,0,-3.7439344,0.4901960790157318,0.02500000037252903,0.0026000000070780516
YLR314C,YBR023C,1,-3.7455556,0.5,0.026000000536441803,0.0026000000070780516
YLR319C,YLL021W,1,-3.746313,0.5094339847564697,0.027000000700354576,0.0026000000070780516
YCL014W,YLR337C,1,-3.7545722,0.5185185074806213,0.02800000086426735,0.0026000000070780516
YJR076C,YLR166C,1,-3.7558372,0.5272727012634277,0.028999999165534973,0.0026000000070780516
YKL212W,YMR013C,0,-3.7561843,0.5178571343421936,0.028999999165534973,0.0027000000700354576
YNL298W,YPL242C,1,-3.7567,0.5263158082962036,0.029999999329447746,0.0027000000700354576
YJR076C,YLR337C,1,-3.758787,0.5344827771186829,0.03099999949336052,0.0027000000700354576
YML065W,YPR162C,0,-3.7644274,0.5254237055778503,0.03099999949336052,0.00279999990016222
YBR160W,YDR432W,0,-3.764477,0.5166666507720947,0.03099999949336052,0.002899999963119626
YJR076C,YBL061C,1,-3.771138,0.5245901346206665,0.03200000151991844,0.002899999963119626
YHR158C,YOL031C,0,-3.7746937,0.5161290168762207,0.03200000151991844,0.003000000026077032
YGR276C,YJL035C,0,-3.7794425,0.5079365372657776,0.03200000151991844,0.003100000089034438
YAL041W,YIL149C,0,-3.7815392,0.5,0.03200000151991844,0.0031999999191612005
YPL160W,YBR198C,0,-3.7858534,0.4923076927661896,0.03200000151991844,0.0032999999821186066
YNL199C,YGL016W,0,-3.7867064,0.4848484992980957,0.03200000151991844,0.0034000000450760126
YNL020C,YEL029C,1,-3.78709,0.49253731966018677,0.032999999821186066,0.0034000000450760126
YGR041W,YLR314C,1,-3.791284,0.5,0.03400000184774399,0.0034000000450760126
YLR314C,YHR023W,1,-3.7918398,0.5072463750839233,0.03500000014901161,0.0034000000450760126
YIL068C,YPR055W,1,-3.797511,0.5142857432365417,0.035999998450279236,0.0034000000450760126
YOR269W,YNL079C,0,-3.8013432,0.5070422291755676,0.035999998450279236,0.0035000001080334187
YCR038C,YLR353W,1,-3.8031774,0.5138888955116272,0.03700000047683716,0.0035000001080334187
YLR314C,YGR152C,1,-3.8063812,0.5205479264259338,0.03799999877810478,0.0035000001080334187
YMR177W,YPL235W,0,-3.8070114,0.5135135054588318,0.03799999877810478,0.003599999938160181
YDR469W,YML027W,0,-3.8082306,0.5066666603088379,0.03799999877810478,0.003700000001117587
YPL086C,YGL049C,0,-3.8148315,0.5,0.03799999877810478,0.003800000064074993
YNL020C,YJR076C,1,-3.8165083,0.5064935088157654,0.039000000804662704,0.003800000064074993
YOR212W,YIL138C,0,-3.817394,0.5,0.039000000804662704,0.0038999998942017555
YKL110C,YGR270W,0,-3.819647,0.49367088079452515,0.039000000804662704,0.004000000189989805
YMR305C,YIL073C,0,-3.819836,0.48750001192092896,0.039000000804662704,0.004100000020116568
YLR078C,YFL031W,0,-3.8211563,0.48148149251937866,0.039000000804662704,0.00419999985024333
YLR319C,YHR061C,1,-3.8219514,0.4878048896789551,0.03999999910593033,0.00419999985024333
YOL043C,YNL282W,0,-3.8246233,0.4819277226924896,0.03999999910593033,0.00430000014603138
YGL174W,YDR309C,1,-3.8301053,0.488095223903656,0.04100000113248825,0.00430000014603138
YLR319C,YGL054C,1,-3.8314464,0.4941176474094391,0.041999999433755875,0.00430000014603138
YBR275C,YNL126W,0,-3.8320599,0.4883720874786377,0.041999999433755875,0.004399999976158142
YCR002C,YGL054C,1,-3.8323562,0.49425286054611206,0.0430000014603138,0.004399999976158142
YKL048C,YDL225W,1,-3.8371222,0.5,0.04399999976158142,0.004399999976158142
YNL094W,YGR217W,0,-3.841707,0.49438202381134033,0.04399999976158142,0.0044999998062849045
YIL159W,YHR023W,1,-3.8420703,0.5,0.04500000178813934,0.0044999998062849045
YMR109W,YBL061C,1,-3.8451676,0.5054945349693298,0.04600000008940697,0.0044999998062849045
YIR033W,YDR170C,0,-3.8515923,0.5,0.04600000008940697,0.004600000102072954
YDR345C,YPL126W,0,-3.85229,0.49462366104125977,0.04600000008940697,0.004699999932199717
YGL027C,YGL195W,0,-3.8538878,0.4893617033958435,0.04600000008940697,0.004800000227987766
YCR098C,YJL074C,0,-3.8571794,0.4842105209827423,0.04600000008940697,0.004900000058114529
YFR028C,YER123W,0,-3.8596227,0.4791666567325592,0.04600000008940697,0.004999999888241291
YDR235W,YJL192C,0,-3.8623712,0.47422680258750916,0.04600000008940697,0.005100000184029341
YML012W,YDR407C,0,-3.8633304,0.4693877696990967,0.04600000008940697,0.005200000014156103
YER178W,YPL188W,0,-3.8655396,0.46464645862579346,0.04600000008940697,0.0052999998442828655
YMR032W,YHR023W,1,-3.866785,0.4699999988079071,0.04699999839067459,0.0052999998442828655
YBR023C,YIR006C,1,-3.8679607,0.4752475321292877,0.04800000041723251,0.0052999998442828655
YDR300C,YGR169C,0,-3.8745573,0.47058823704719543,0.04800000041723251,0.005400000140070915
YMR032W,YDL225W,1,-3.874637,0.4757281541824341,0.04899999871850014,0.005400000140070915
YGL195W,YDR103W,0,-3.8759007,0.4711538553237915,0.04899999871850014,0.005499999970197678
YJR089W,YGR229C,0,-3.8791597,0.46666666865348816,0.04899999871850014,0.00559999980032444
YIL159W,YNL267W,1,-3.8801656,0.4716981053352356,0.05000000074505806,0.00559999980032444
YNL192W,YHR061C,1,-3.8830254,0.47663551568984985,0.050999999046325684,0.00559999980032444
YPL241C,YER012W,0,-3.88337,0.4722222089767456,0.050999999046325684,0.00570000009611249
YOL069W,YLR447C,0,-3.885341,0.4678899049758911,0.050999999046325684,0.005799999926239252
YBR164C,YPR187W,0,-3.8859682,0.4636363685131073,0.050999999046325684,0.005900000222027302
YJR092W,YDL225W,1,-3.8885403,0.46846845746040344,0.052000001072883606,0.005900000222027302
YNR027W,YMR109W,1,-3.8902686,0.4732142984867096,0.05299999937415123,0.005900000222027302
YGL174W,YEL029C,1,-3.890474,0.47787609696388245,0.05400000140070915,0.005900000222027302
YNL245C,YPR138C,0,-3.8972409,0.4736842215061188,0.05400000140070915,0.006000000052154064
YLR314C,YDL225W,1,-3.8985755,0.47826087474823,0.054999999701976776,0.006000000052154064
YGL238W,YJL148W,0,-3.9030602,0.47413793206214905,0.054999999701976776,0.006099999882280827
YHR191C,YOL042W,0,-3.9045026,0.470085471868515,0.054999999701976776,0.006200000178068876
YLR314C,YLL021W,1,-3.9045115,0.47457626461982727,0.0560000017285347,0.006200000178068876
YDL008W,YNR052C,0,-3.9051263,0.47058823704719543,0.0560000017285347,0.006300000008195639
YGR152C,YLR166C,1,-3.908609,0.4749999940395355,0.05700000002980232,0.006300000008195639
YDR158W,YDR308C,0,-3.9087646,0.4710743725299835,0.05700000002980232,0.006399999838322401
YHR061C,YKL129C,1,-3.9108822,0.4754098355770111,0.057999998331069946,0.006399999838322401
YMR014W,YDL225W,1,-3.9122167,0.4796747863292694,0.05900000035762787,0.006399999838322401
YBR023C,YDR245W,1,-3.912873,0.4838709533214569,0.05999999865889549,0.006399999838322401
YLR314C,YKL048C,1,-3.9137185,0.4880000054836273,0.061000000685453415,0.006399999838322401
YLL013C,YBR258C,0,-3.9143944,0.4841269850730896,0.061000000685453415,0.006500000134110451
YAR018C,YGR074W,0,-3.9146602,0.4803149700164795,0.061000000685453415,0.006599999964237213
YBR210W,YDR245W,1,-3.914753,0.484375,0.06199999898672104,0.006599999964237213
YEL029C,YNL267W,1,-3.9153545,0.4883720874786377,0.06300000101327896,0.006599999964237213
YFR055W,YAR018C,0,-3.9159734,0.48461538553237915,0.06300000101327896,0.0066999997943639755
YDR420W,YNL243W,1,-3.918278,0.4885496199131012,0.06400000303983688,0.0066999997943639755
YDR280W,YDR381W,0,-3.918314,0.4848484992980957,0.06400000303983688,0.006800000090152025
YJL085W,YNL110C,1,-3.918587,0.4887218177318573,0.06499999761581421,0.006800000090152025
YOL068C,YIL109C,0,-3.9207819,0.48507463932037354,0.06499999761581421,0.006899999920278788
YFL013C,YER112W,0,-3.9221509,0.48148149251937866,0.06499999761581421,0.007000000216066837
YPR122W,YDL117W,1,-3.9255495,0.4852941036224365,0.06599999964237213,0.007000000216066837
YMR199W,YCR044C,0,-3.9264028,0.48175182938575745,0.06599999964237213,0.0071000000461936
YJR006W,YMR112C,0,-3.9306037,0.47826087474823,0.06599999964237213,0.007199999876320362
YNL014W,YOR148C,0,-3.9314687,0.4748201370239258,0.06599999964237213,0.007300000172108412
YCR044C,YOL031C,0,-3.93201,0.4714285731315613,0.06599999964237213,0.007400000002235174
YNL267W,YIL095W,1,-3.935949,0.4751773178577423,0.06700000166893005,0.007400000002235174
YDR245W,YGR152C,1,-3.937046,0.47887325286865234,0.06800000369548798,0.007400000002235174
YLR060W,YDR407C,0,-3.9371889,0.4755244851112366,0.06800000369548798,0.007499999832361937
YGR041W,YNL298W,1,-3.9375885,0.4791666567325592,0.0689999982714653,0.007499999832361937
YFR002W,YDR325W,0,-3.9409664,0.475862056016922,0.0689999982714653,0.007600000128149986
YIR006C,YER008C,1,-3.9446235,0.4794520437717438,0.07000000029802322,0.007600000128149986
YNL271C,YFL023W,1,-3.9449809,0.4829931855201721,0.07100000232458115,0.007600000128149986
YMR037C,YLR265C,0,-3.9489305,0.4797297418117523,0.07100000232458115,0.007699999958276749
YMR032W,YOR326W,1,-3.9502938,0.48322147130966187,0.07199999690055847,0.007699999958276749
YNL327W,YBL061C,1,-3.952212,0.4866666793823242,0.0729999989271164,0.007699999958276749
YNL192W,YNL298W,1,-3.952254,0.4900662302970886,0.07400000095367432,0.007699999958276749
YBR038W,YNL267W,1,-3.952731,0.4934210479259491,0.07500000298023224,0.007699999958276749
YAL013W,YDR146C,0,-3.9537895,0.4901960790157318,0.07500000298023224,0.007799999788403511
YKL015W,YCR084C,0,-3.9563642,0.48701298236846924,0.07500000298023224,0.007899999618530273
YPL124W,YLR277C,0,-3.9564092,0.4838709533214569,0.07500000298023224,0.00800000037997961
YNL020C,YLR314C,1,-3.9587047,0.4871794879436493,0.07599999755620956,0.00800000037997961
YLR274W,YMR236W,0,-3.95955,0.48407644033432007,0.07599999755620956,0.008100000210106373
YHR036W,YHR205W,0,-3.96043,0.4810126721858978,0.07599999755620956,0.008200000040233135
YCR002C,YPR188C,1,-3.9619262,0.48427674174308777,0.07699999958276749,0.008200000040233135
YKR027W,YER164W,0,-3.9640408,0.48124998807907104,0.07699999958276749,0.008299999870359898
YLR310C,YDR477W,0,-3.964286,0.47826087474823,0.07699999958276749,0.00839999970048666
YDR309C,YGL106W,1,-3.9653146,0.48148149251937866,0.07800000160932541,0.00839999970048666
YLR314C,YCR057C,1,-3.9671118,0.48466256260871887,0.07900000363588333,0.00839999970048666
YOL068C,YOR315W,0,-3.9680538,0.48170730471611023,0.07900000363588333,0.008500000461935997
YJR092W,YNL267W,1,-3.9689944,0.4848484992980957,0.07999999821186066,0.008500000461935997
YHR061C,YMR032W,1,-3.9695425,0.4879518151283264,0.08100000023841858,0.008500000461935997
YAL024C,YDL077C,0,-3.9701793,0.485029935836792,0.08100000023841858,0.00860000029206276
YDL117W,YDR245W,1,-3.9709353,0.488095223903656,0.0820000022649765,0.00860000029206276
YDR312W,YBL034C,0,-3.973105,0.48520711064338684,0.0820000022649765,0.008700000122189522
YBR112C,YDR404C,0,-3.973321,0.48235294222831726,0.0820000022649765,0.008799999952316284
YER019W,YPL253C,0,-3.9759054,0.4795321524143219,0.0820000022649765,0.008899999782443047
YMR032W,YPR188C,1,-3.9767404,0.48255813121795654,0.08299999684095383,0.008899999782443047
YKR065C,YBR022W,0,-3.9767606,0.4797687828540802,0.08299999684095383,0.008999999612569809
YGL252C,YJL192C,0,-3.977432,0.477011501789093,0.08299999684095383,0.009100000374019146
YOL004W,YDR464W,0,-3.9788578,0.47428572177886963,0.08299999684095383,0.009200000204145908
YGR229C,YML021C,0,-3.9841263,0.47159090638160706,0.08299999684095383,0.00930000003427267
YNL329C,YMR061W,0,-3.9852638,0.4689265489578247,0.08299999684095383,0.009399999864399433
YLR319C,YBR023C,1,-3.9859636,0.47191011905670166,0.08399999886751175,0.009399999864399433
YNL166C,YMR032W,1,-3.989932,0.4748603403568268,0.08500000089406967,0.009399999864399433
YBR023C,YOR301W,1,-3.9900992,0.47777777910232544,0.0860000029206276,0.009399999864399433
YNR035C,YIL004C,0,-3.991297,0.4751381278038025,0.0860000029206276,0.009499999694526196
YOR181W,YBL061C,1,-3.9913695,0.4780219793319702,0.08699999749660492,0.009499999694526196
YLR319C,YER149C,1,-3.9917471,0.48087432980537415,0.08799999952316284,0.009499999694526196
YLR314C,YIL068C,1,-3.9929814,0.4836956560611725,0.08900000154972076,0.009499999694526196
YOR160W,YLR442C,0,-3.9935367,0.4810810685157776,0.08900000154972076,0.009600000455975533
YLR342W,YIL030C,0,-3.9937103,0.4784946143627167,0.08900000154972076,0.009700000286102295
YGR227W,YLR447C,0,-3.9940553,0.47593581676483154,0.08900000154972076,0.009800000116229057
YMR072W,YPL193W,0,-3.9942648,0.47340425848960876,0.08900000154972076,0.00989999994635582
YFR019W,YER075C,0,-3.9943383,0.47089946269989014,0.08900000154972076,0.009999999776482582
YIL075C,YPL235W,0,-3.9966872,0.4684210419654846,0.08900000154972076,0.010099999606609344
YOR078W,YKL220C,0,-3.996836,0.4659685790538788,0.08900000154972076,0.010200000368058681
YNR027W,YOR326W,1,-3.997021,0.46875,0.09000000357627869,0.010200000368058681
YKL073W,YPR162C,0,-3.9970543,0.4663212299346924,0.09000000357627869,0.010300000198185444
YKR101W,YDR464W,0,-3.997496,0.4639175236225128,0.09000000357627869,0.010400000028312206
YDR180W,YHR099W,0,-3.9977648,0.4615384638309479,0.09000000357627869,0.010499999858438969
YHR023W,YNL110C,1,-3.9991179,0.4642857015132904,0.09099999815225601,0.010499999858438969
YNL328C,YER075C,0,-3.9992478,0.46192893385887146,0.09099999815225601,0.010599999688565731
YLR353W,YNL154C,1,-4.001805,0.46464645862579346,0.09200000017881393,0.010599999688565731
YGL071W,YML032C,0,-4.0022264,0.4623115658760071,0.09200000017881393,0.010700000450015068
YMR032W,YPL242C,1,-4.0028377,0.4650000035762787,0.09300000220537186,0.010700000450015068
YFL023W,YDR166C,1,-4.004472,0.46766167879104614,0.09399999678134918,0.010700000450015068
YOR094W,YDR440W,0,-4.0057535,0.4653465449810028,0.09399999678134918,0.01080000028014183
YGR217W,YAL026C,0,-4.0085454,0.46305418014526367,0.09399999678134918,0.010900000110268593
YNL267W,YBL061C,1,-4.0130296,0.46568626165390015,0.0949999988079071,0.010900000110268593
YGR167W,YGL201C,0,-4.0136,0.46341463923454285,0.0949999988079071,0.010999999940395355
YNL004W,YDR469W,0,-4.016532,0.46116504073143005,0.0949999988079071,0.011099999770522118
YIL068C,YDL225W,1,-4.019142,0.4637681245803833,0.09600000083446503,0.011099999770522118
YER167W,YIL038C,0,-4.021311,0.4615384638309479,0.09600000083446503,0.01119999960064888
YIL147C,YER151C,0,-4.022563,0.45933014154434204,0.09600000083446503,0.011300000362098217
YGR140W,YNL030W,0,-4.0226846,0.4571428596973419,0.09600000083446503,0.01140000019222498
YJR022W,YGR270W,0,-4.0227156,0.45497629046440125,0.09600000083446503,0.011500000022351742
YCR002C,YHR107C,1,-4.023945,0.4575471580028534,0.09700000286102295,0.011500000022351742
YNL267W,YER008C,1,-4.024266,0.4600938856601715,0.09799999743700027,0.011500000022351742
YIL149C,YIL123W,0,-4.0254087,0.4579439163208008,0.09799999743700027,0.011599999852478504
YBR210W,YBL061C,1,-4.0271072,0.46046510338783264,0.0989999994635582,0.011599999852478504
YBR167C,YPR137W,0,-4.0288415,0.4583333432674408,0.0989999994635582,0.011699999682605267
YCR027C,YKR014C,0,-4.0296392,0.45622119307518005,0.0989999994635582,0.011800000444054604
YML081C-A,YGL236C,0,-4.03752,0.4541284441947937,0.0989999994635582,0.011900000274181366
YIL053W,YGL135W,0,-4.0382466,0.45205479860305786,0.0989999994635582,0.012000000104308128
YER155C,YDR457W,0,-4.0382714,0.44999998807907104,0.0989999994635582,0.01209999993443489
YPR128C,YIR012W,0,-4.038456,0.44796380400657654,0.0989999994635582,0.012199999764561653
YLR114C,YDR170C,0,-4.0390906,0.44594594836235046,0.0989999994635582,0.012299999594688416
YEL029C,YOR301W,1,-4.039615,0.44843047857284546,0.10000000149011612,0.012299999594688416
YLR335W,YIL031W,0,-4.040286,0.4464285671710968,0.10000000149011612,0.012400000356137753
YNL281W,YDR407C,0,-4.040872,0.4444444477558136,0.10000000149011612,0.012500000186264515
YNR056C,YOL128C,0,-4.0416927,0.44247788190841675,0.10000000149011612,0.012600000016391277
YMR036C,YBL025W,0,-4.042964,0.44052863121032715,0.10000000149011612,0.01269999984651804
YLR069C,YJL054W,0,-4.0431695,0.4385964870452881,0.10000000149011612,0.012799999676644802
YLR399C,YER075C,0,-4.0433183,0.43668121099472046,0.10000000149011612,0.012900000438094139
YPR046W,YOR307C,0,-4.0433917,0.43478259444236755,0.10000000149011612,0.013000000268220901
YNL327W,YHR023W,1,-4.045405,0.4372294247150421,0.10100000351667404,0.013000000268220901
YEL029C,YLR166C,1,-4.0469933,0.4396551847457886,0.10199999809265137,0.013000000268220901
YPL161C,YEL032W,0,-4.0483575,0.43776825070381165,0.10199999809265137,0.013100000098347664
YFL025C,YHR205W,0,-4.048478,0.43589743971824646,0.10199999809265137,0.013199999928474426
YOR109W,YMR216C,0,-4.04858,0.4340425431728363,0.10199999809265137,0.013299999758601189
YLL021W,YHR135C,1,-4.0491176,0.43644067645072937,0.10300000011920929,0.013299999758601189
YNL188W,YLR105C,0,-4.049729,0.4345991611480713,0.10300000011920929,0.013399999588727951
YOL095C,YKL099C,0,-4.0511093,0.4327731132507324,0.10300000011920929,0.013500000350177288
YKL179C,YJL006C,0,-4.0519123,0.43096235394477844,0.10300000011920929,0.01360000018030405
YHR107C,YER149C,1,-4.0519185,0.4333333373069763,0.10400000214576721,0.01360000018030405
YCR002C,YBR143C,1,-4.052069,0.4356846511363983,0.10499999672174454,0.01360000018030405
YGR041W,YDL225W,1,-4.052706,0.43801653385162354,0.10599999874830246,0.01360000018030405
YHR073W,YDR165W,0,-4.052934,0.43621399998664856,0.10599999874830246,0.013700000010430813
YNR027W,YNL192W,1,-4.054974,0.43852460384368896,0.10700000077486038,0.013700000010430813
YOL034W,YIL061C,0,-4.0566254,0.43673470616340637,0.10700000077486038,0.013799999840557575
YBL079W,YCR014C,0,-4.0575395,0.434959352016449,0.10700000077486038,0.013899999670684338
YGL174W,YPR055W,1,-4.05761,0.43724697828292847,0.1080000028014183,0.013899999670684338
YCL014W,YLR319C,1,-4.058625,0.4395161271095276,0.10899999737739563,0.013899999670684338
YMR079W,YCR084C,0,-4.058924,0.43775099515914917,0.10899999737739563,0.014000000432133675
YNR026C,YKR056W,0,-4.0589843,0.4359999895095825,0.10899999737739563,0.014100000262260437
YML010W,YMR106C,0,-4.061224,0.4342629611492157,0.10899999737739563,0.0142000000923872
YGR145W,YJL204C,0,-4.062869,0.4325396716594696,0.10899999737739563,0.014299999922513962
YOR168W,YKR062W,0,-4.0643888,0.4308300316333771,0.10899999737739563,0.014399999752640724
YHL002W,YOR319W,0,-4.064628,0.4291338622570038,0.10899999737739563,0.014499999582767487
YGL019W,YBR022W,0,-4.06566,0.4274509847164154,0.10899999737739563,0.014600000344216824
YGR216C,YHR165C,0,-4.065952,0.42578125,0.10899999737739563,0.014700000174343586
YGL178W,YPL042C,0,-4.066623,0.42412450909614563,0.10899999737739563,0.014800000004470348
YBR023C,YHR023W,1,-4.068765,0.42635658383369446,0.10999999940395355,0.014800000004470348
YEL029C,YNL298W,1,-4.0702453,0.4285714328289032,0.11100000143051147,0.014800000004470348
YEL029C,YIL068C,1,-4.070709,0.4307692348957062,0.1120000034570694,0.014800000004470348
YJL081C,YOR322C,0,-4.070967,0.4291187822818756,0.1120000034570694,0.01489999983459711
YDL117W,YLR166C,1,-4.071382,0.4312977194786072,0.11299999803304672,0.01489999983459711
YCL014W,YLR353W,1,-4.071468,0.4334600865840912,0.11400000005960464,0.01489999983459711
YFR055W,YHL003C,0,-4.0716453,0.4318181872367859,0.11400000005960464,0.014999999664723873
YJL124C,YER005W,0,-4.073987,0.43018868565559387,0.11400000005960464,0.01510000042617321
YNL298W,YNL267W,1,-4.0745535,0.43233081698417664,0.11500000208616257,0.01510000042617321
YBR245C,YAL043C,0,-4.0766597,0.4307115972042084,0.11500000208616257,0.015200000256299973
YGL016W,YBR057C,0,-4.0776896,0.4291044771671295,0.11500000208616257,0.015300000086426735
YEL029C,YLR319C,1,-4.0788016,0.4312267601490021,0.11599999666213989,0.015300000086426735
YJR082C,YPL140C,0,-4.0788193,0.4296296238899231,0.11599999666213989,0.015399999916553497
YLR060W,YLR026C,0,-4.0803757,0.42804428935050964,0.11599999666213989,0.01549999974668026
YBL057C,YGL207W,0,-4.08174,0.4264705777168274,0.11599999666213989,0.015599999576807022
YGL021W,YDR182W,0,-4.082096,0.42490842938423157,0.11599999666213989,0.015699999406933784
YJR068W,YDR487C,0,-4.0825505,0.42335766553878784,0.11599999666213989,0.015799999237060547
YIL159W,YCR038C,1,-4.0828404,0.4254545569419861,0.11699999868869781,0.015799999237060547
YGR261C,YOR079C,0,-4.0830235,0.42391303181648254,0.11699999868869781,0.01590000092983246
YLR098C,YIL061C,0,-4.083899,0.4223826825618744,0.11699999868869781,0.01600000075995922
YOR299W,YLR353W,1,-4.0840263,0.42446044087409973,0.11800000071525574,0.01600000075995922
YNL166C,YNL298W,1,-4.0878553,0.4265232980251312,0.11900000274181366,0.01600000075995922
YNL298W,YMR032W,1,-4.087906,0.4285714328289032,0.11999999731779099,0.01600000075995922
YLR015W,YDL013W,0,-4.0881424,0.4270462691783905,0.11999999731779099,0.016100000590085983
YAL041W,YMR287C,0,-4.088238,0.42553192377090454,0.11999999731779099,0.016200000420212746
YLR319C,YIL068C,1,-4.088374,0.42756184935569763,0.12099999934434891,0.016200000420212746
YNL047C,YJL004C,0,-4.0892534,0.4260563254356384,0.12099999934434891,0.016300000250339508
YKR022C,YDR181C,0,-4.0901213,0.42456141114234924,0.12099999934434891,0.01640000008046627
YML071C,YLR033W,0,-4.090505,0.42307692766189575,0.12099999934434891,0.016499999910593033
YOL130W,YFL025C,0,-4.0935817,0.4216027855873108,0.12099999934434891,0.016599999740719795
YGL099W,YML005W,0,-4.095082,0.4201388955116272,0.12099999934434891,0.016699999570846558
YNL267W,YLL021W,1,-4.0955515,0.4221453368663788,0.12200000137090683,0.016699999570846558
YNL271C,YLR337C,1,-4.096219,0.4241379201412201,0.12300000339746475,0.016699999570846558
YLR069C,YPR002W,0,-4.096233,0.42268040776252747,0.12300000339746475,0.01679999940097332
YMR113W,YIL114C,0,-4.0973973,0.4212328791618347,0.12300000339746475,0.016899999231100082
YDL226C,YJL133W,0,-4.100009,0.4197952151298523,0.12300000339746475,0.017000000923871994
YGL048C,YMR054W,0,-4.100195,0.4183673560619354,0.12300000339746475,0.017100000753998756
YIL061C,YHR090C,0,-4.1005096,0.41694915294647217,0.12300000339746475,0.01720000058412552
YLR274W,YNL088W,0,-4.1009073,0.41554054617881775,0.12300000339746475,0.01730000041425228
YDL042C,YKR031C,0,-4.1033535,0.4141414165496826,0.12300000339746475,0.017400000244379044
YML029W,YML025C,0,-4.1038027,0.4127516746520996,0.12300000339746475,0.017500000074505806
YHR107C,YMR032W,1,-4.1042314,0.4147157073020935,0.12399999797344208,0.017500000074505806
YOR061W,YHR118C,0,-4.1048236,0.41333332657814026,0.12399999797344208,0.01759999990463257
YCR082W,YOR284W,0,-4.1054683,0.4119601249694824,0.12399999797344208,0.01769999973475933
YBL079W,YHR050W,0,-4.1063647,0.41059601306915283,0.12399999797344208,0.017799999564886093
YCR089W,YCL027W,0,-4.106711,0.4092409312725067,0.12399999797344208,0.017899999395012856
YEL063C,YBR133C,0,-4.107453,0.40789473056793213,0.12399999797344208,0.017999999225139618
YMR308C,YIL109C,0,-4.108625,0.4065573811531067,0.12399999797344208,0.01810000091791153
YJL050W,YOR216C,0,-4.1091647,0.40522876381874084,0.12399999797344208,0.018200000748038292
YGR116W,YGR047C,0,-4.1100273,0.40390878915786743,0.12399999797344208,0.018300000578165054
YDL101C,YPR042C,0,-4.110594,0.4025973975658417,0.12399999797344208,0.018400000408291817
YLR310C,YDR407C,0,-4.1110053,0.4012944996356964,0.12399999797344208,0.01850000023841858
YPR104C,YML127W,0,-4.1124353,0.4000000059604645,0.12399999797344208,0.01860000006854534
YDR245W,YIR006C,1,-4.113135,0.40192925930023193,0.125,0.01860000006854534
YCR057C,YDL225W,1,-4.1139674,0.4038461446762085,0.12600000202655792,0.01860000006854534
YOR299W,YHR023W,1,-4.115257,0.4057508111000061,0.12700000405311584,0.01860000006854534
YBL024W,YPR133C,0,-4.118648,0.404458612203598,0.12700000405311584,0.018699999898672104
YHR107C,YMR109W,1,-4.12115,0.40634921193122864,0.12800000607967377,0.018699999898672104
YCR020W-B,YER112W,0,-4.121347,0.40506330132484436,0.12800000607967377,0.018799999728798866
YGL106W,YNL154C,1,-4.122886,0.4069400727748871,0.1289999932050705,0.018799999728798866
YBR160W,YDR308C,0,-4.122899,0.40566039085388184,0.1289999932050705,0.01889999955892563
YDR394W,YPL193W,0,-4.1239157,0.4043887257575989,0.1289999932050705,0.01899999938905239
YML102W,YML015C,0,-4.1242642,0.40312498807907104,0.1289999932050705,0.019099999219179153
YFL023W,YJR076C,1,-4.124306,0.40498441457748413,0.12999999523162842,0.019099999219179153
YGL105W,YMR013C,0,-4.1243076,0.4037266969680786,0.12999999523162842,0.019200000911951065
YDR393W,YNL079C,0,-4.1246843,0.40247678756713867,0.12999999523162842,0.019300000742077827
YPL228W,YDR296W,0,-4.1266828,0.40123456716537476,0.12999999523162842,0.01940000057220459
YCR086W,YGL252C,0,-4.127014,0.4000000059604645,0.12999999523162842,0.019500000402331352
YNL225C,YOR241W,0,-4.1288266,0.3987730145454407,0.12999999523162842,0.019600000232458115
YMR076C,YPL124W,0,-4.129661,0.3975535035133362,0.12999999523162842,0.019700000062584877
YGL190C,YCR008W,0,-4.131364,0.396341472864151,0.12999999523162842,0.01979999989271164
YMR073C,YNL222W,0,-4.132014,0.3951367735862732,0.12999999523162842,0.019899999722838402
YBR041W,YPL253C,0,-4.13212,0.39393940567970276,0.12999999523162842,0.019999999552965164
YLR431C,YGL062W,0,-4.1333213,0.39274924993515015,0.12999999523162842,0.020099999383091927
YOR026W,YLR272C,0,-4.1333838,0.39156627655029297,0.12999999523162842,0.02019999921321869
YDR309C,YIL068C,1,-4.1333857,0.3933933973312378,0.13099999725818634,0.02019999921321869
YPR029C,YJL192C,0,-4.134194,0.3922155797481537,0.13099999725818634,0.0203000009059906
YHR042W,YOL105C,0,-4.1347113,0.3910447657108307,0.13099999725818634,0.020400000736117363
YJL006C,YJL093C,0,-4.136464,0.3898809552192688,0.13099999725818634,0.020500000566244125
YKL048C,YPR055W,1,-4.1369414,0.3916913866996765,0.13199999928474426,0.020500000566244125
YNR027W,YGL106W,1,-4.1400275,0.39349111914634705,0.13300000131130219,0.020500000566244125
YFR013W,YER082C,0,-4.1404724,0.3923303782939911,0.13300000131130219,0.020600000396370888
YGL054C,YLR337C,1,-4.1408057,0.39411765336990356,0.1340000033378601,0.020600000396370888
YEL015W,YFL037W,0,-4.1441107,0.39296188950538635,0.1340000033378601,0.02070000022649765
YDR518W,YDR407C,0,-4.144869,0.39181286096572876,0.1340000033378601,0.020800000056624413
YGR108W,YDR147W,0,-4.144995,0.3906705677509308,0.1340000033378601,0.020899999886751175
YNR067C,YBR210W,1,-4.1452026,0.39244186878204346,0.13500000536441803,0.020899999886751175
YLR266C,YDR207C,0,-4.145365,0.3913043439388275,0.13500000536441803,0.020999999716877937
YEL029C,YBL061C,1,-4.1493225,0.39306357502937317,0.13600000739097595,0.020999999716877937
YDL031W,YPR162C,0,-4.152687,0.39193084836006165,0.13600000739097595,0.0210999995470047
YJR068W,YGR013W,0,-4.1527286,0.39080458879470825,0.13600000739097595,0.021199999377131462
YLR433C,YDR489W,0,-4.1529164,0.3896848261356354,0.13600000739097595,0.021299999207258224
YFL023W,YHR023W,1,-4.15393,0.39142856001853943,0.13699999451637268,0.021299999207258224
YNL130C,YGL142C,0,-4.1554255,0.39031338691711426,0.13699999451637268,0.021400000900030136
YNL271C,YHR061C,1,-4.156627,0.3920454680919647,0.1379999965429306,0.021400000900030136
YDR251W,YDL042C,0,-4.15702,0.39093485474586487,0.1379999965429306,0.0215000007301569
YER001W,YMR218C,0,-4.157432,0.38983049988746643,0.1379999965429306,0.02160000056028366
YDR309C,YOR326W,1,-4.1580954,0.391549289226532,0.13899999856948853,0.02160000056028366
YOR299W,YCR057C,1,-4.158968,0.3932584226131439,0.14000000059604645,0.02160000056028366
YJL092W,YOR148C,0,-4.1638927,0.3921568691730499,0.14000000059604645,0.021700000390410423
YJL115W,YBR098W,0,-4.1647844,0.3910614550113678,0.14000000059604645,0.021800000220537186
YHR115C,YJL035C,0,-4.165099,0.38997215032577515,0.14000000059604645,0.021900000050663948
YNL330C,YPL234C,0,-4.165491,0.3888888955116272,0.14000000059604645,0.02199999988079071
YKR059W,YGL049C,0,-4.1660156,0.3878116309642792,0.14000000059604645,0.022099999710917473
YDL117W,YMR032W,1,-4.166131,0.38950276374816895,0.14100000262260437,0.022099999710917473
YJR092W,YLR286C,1,-4.16784,0.39118456840515137,0.1420000046491623,0.022099999710917473
YIL128W,YMR314W,0,-4.169191,0.3901098966598511,0.1420000046491623,0.022199999541044235
YPL051W,YMR047C,0,-4.1693625,0.38904109597206116,0.1420000046491623,0.022299999371170998
YPL161C,YJL194W,0,-4.1709723,0.38797813653945923,0.1420000046491623,0.02239999920129776
YBR159W,YER005W,0,-4.171771,0.3869209885597229,0.1420000046491623,0.02250000089406967
YOR085W,YPL124W,0,-4.1719375,0.385869562625885,0.1420000046491623,0.022600000724196434
YGR024C,YIL008W,0,-4.172599,0.38482385873794556,0.1420000046491623,0.022700000554323196
YAL026C,YOR087W,0,-4.1731725,0.3837837874889374,0.1420000046491623,0.02280000038444996
YER164W,YGL049C,0,-4.1738586,0.3827493190765381,0.1420000046491623,0.02290000021457672
YDL175C,YJL054W,0,-4.174993,0.3817204236984253,0.1420000046491623,0.023000000044703484
YPL082C,YER116C,0,-4.1750097,0.3806970417499542,0.1420000046491623,0.023099999874830246
YOR241W,YGL044C,0,-4.1753035,0.3796791434288025,0.1420000046491623,0.02319999970495701
YOR249C,YJL092W,0,-4.1764417,0.3786666691303253,0.1420000046491623,0.02329999953508377
YDR235W,YDR308C,0,-4.176632,0.3776595890522003,0.1420000046491623,0.023399999365210533
YGL135W,YLR208W,0,-4.177012,0.3766578137874603,0.1420000046491623,0.023499999195337296
YJL072C,YBR192W,0,-4.177208,0.37566137313842773,0.1420000046491623,0.023600000888109207
YJR057W,YGL229C,0,-4.177357,0.3746701776981354,0.1420000046491623,0.02370000071823597
YJL072C,YGL070C,0,-4.177566,0.37368419766426086,0.1420000046491623,0.023800000548362732
YER149C,YPR055W,1,-4.177851,0.37532809376716614,0.14300000667572021,0.023800000548362732
YER183C,YGR082W,0,-4.178399,0.3743455410003662,0.14300000667572021,0.023900000378489494
YOL104C,YMR235C,0,-4.1786366,0.37336814403533936,0.14300000667572021,0.024000000208616257
YBR038W,YIR006C,1,-4.1794376,0.375,0.14399999380111694,0.024000000208616257
YJR083C,YKR022C,0,-4.1795382,0.37402597069740295,0.14399999380111694,0.02410000003874302
YER155C,YIL118W,0,-4.1804824,0.3730570077896118,0.14399999380111694,0.02419999986886978
YNR052C,YKL122C,0,-4.1815023,0.3720930218696594,0.14399999380111694,0.024299999698996544
YAL007C,YIL075C,0,-4.1838727,0.3711340129375458,0.14399999380111694,0.024399999529123306
YLR329W,YPL128C,0,-4.185222,0.3701799511909485,0.14399999380111694,0.02449999935925007
YNR067C,YER149C,1,-4.187052,0.3717948794364929,0.14499999582767487,0.02449999935925007
YJR092W,YNL298W,1,-4.187169,0.3734015226364136,0.1459999978542328,0.02449999935925007
YLR131C,YGL150C,0,-4.1873803,0.37244898080825806,0.1459999978542328,0.02459999918937683
YGR218W,YDR346C,0,-4.18745,0.37150126695632935,0.1459999978542328,0.024700000882148743
YKL170W,YLL013C,0,-4.1880445,0.37055838108062744,0.1459999978542328,0.024800000712275505
YKL040C,YDR527W,0,-4.1881824,0.36962026357650757,0.1459999978542328,0.024900000542402267
YMR014W,YCR002C,1,-4.1885047,0.3712121248245239,0.1469999998807907,0.024900000542402267
YGL065C,YOR254C,0,-4.189055,0.37027707695961,0.1469999998807907,0.02500000037252903
YER088C,YPL082C,0,-4.189755,0.3693467378616333,0.1469999998807907,0.025100000202655792
YMR091C,YML021C,0,-4.190532,0.3684210479259491,0.1469999998807907,0.025200000032782555
YNL192W,YCR057C,1,-4.1907287,0.3700000047683716,0.14800000190734863,0.025200000032782555
YJL092W,YJL098W,0,-4.191103,0.36907729506492615,0.14800000190734863,0.025299999862909317
YJR139C,YLR448W,0,-4.192799,0.3681592047214508,0.14800000190734863,0.02539999969303608
YDR153C,YLR079W,0,-4.1942873,0.3672456443309784,0.14800000190734863,0.025499999523162842
YLR335W,YLR410W,0,-4.1972947,0.3663366436958313,0.14800000190734863,0.025599999353289604
YDR182W,YHR039C,0,-4.197507,0.36543211340904236,0.14800000190734863,0.025699999183416367
YLR353W,YIL095W,1,-4.19855,0.36699506640434265,0.14900000393390656,0.025699999183416367
YNL166C,YLR166C,1,-4.1985593,0.3685503602027893,0.15000000596046448,0.025699999183416367
YHR163W,YOL148C,0,-4.1993904,0.36764705181121826,0.15000000596046448,0.025800000876188278
YOR326W,YDL225W,1,-4.1997337,0.3691931664943695,0.1509999930858612,0.025800000876188278
YLR342W,YDR211W,0,-4.2024074,0.3682926893234253,0.1509999930858612,0.02590000070631504
YHR107C,YPL242C,1,-4.2051163,0.3698296844959259,0.15199999511241913,0.02590000070631504
YMR264W,YMR235C,0,-4.205515,0.3689320385456085,0.15199999511241913,0.026000000536441803
YBL040C,YGR170W,0,-4.205536,0.36803874373435974,0.15199999511241913,0.026100000366568565
YHR042W,YML031W,0,-4.2066197,0.3671497702598572,0.15199999511241913,0.026200000196695328
YGR041W,YHR061C,1,-4.2069235,0.36867469549179077,0.15299999713897705,0.026200000196695328
YGR041W,YLR166C,1,-4.207326,0.3701923191547394,0.15399999916553497,0.026200000196695328
YGL232W,YLR212C,0,-4.207659,0.3693045675754547,0.15399999916553497,0.02630000002682209
YHR143W-A,YNL222W,0,-4.2077904,0.3684210479259491,0.15399999916553497,0.026399999856948853
YER149C,YGR152C,1,-4.2117543,0.36992838978767395,0.1550000011920929,0.026399999856948853
YPR112C,YBL079W,0,-4.212371,0.369047611951828,0.1550000011920929,0.026499999687075615
YLR166C,YNL154C,1,-4.213431,0.3705463111400604,0.15600000321865082,0.026499999687075615
YGL111W,YDL190C,0,-4.213437,0.36966824531555176,0.15600000321865082,0.026599999517202377
YNL021W,YGL045W,0,-4.214371,0.368794322013855,0.15600000321865082,0.02669999934732914
YPL155C,YOR241W,0,-4.2152247,0.3679245412349701,0.15600000321865082,0.026799999177455902
YMR014W,YLR319C,1,-4.215587,0.36941176652908325,0.15700000524520874,0.026799999177455902
YHR174W,YJR139C,0,-4.216239,0.3685446083545685,0.15700000524520874,0.026900000870227814
YBR004C,YLR195C,0,-4.2180114,0.36768150329589844,0.15700000524520874,0.027000000700354576
YKL114C,YNL004W,0,-4.219761,0.36682242155075073,0.15700000524520874,0.02710000053048134
YPR188C,YGR152C,1,-4.2198896,0.36829838156700134,0.15800000727176666,0.02710000053048134
YLR131C,YDL138W,0,-4.22023,0.367441862821579,0.15800000727176666,0.0272000003606081
YGR217W,YDR142C,0,-4.221128,0.36658933758735657,0.15800000727176666,0.027300000190734863
YLR314C,YDR309C,1,-4.221727,0.3680555522441864,0.1589999943971634,0.027300000190734863
YBR236C,YHR013C,0,-4.222189,0.36720553040504456,0.1589999943971634,0.027400000020861626
YLR320W,YLR105C,0,-4.223074,0.3663594424724579,0.1589999943971634,0.027499999850988388
YPR181C,YHR084W,0,-4.2231374,0.3655172288417816,0.1589999943971634,0.02759999968111515
YDR182W,YNL099C,0,-4.223402,0.36467888951301575,0.1589999943971634,0.027699999511241913
YGL223C,YGR158C,0,-4.223565,0.3638443946838379,0.1589999943971634,0.027799999341368675
YCR107W,YOR330C,0,-4.2262244,0.36301368474960327,0.1589999943971634,0.027899999171495438
YDR163W,YHR005C,0,-4.2271366,0.3621867895126343,0.1589999943971634,0.02800000086426735
YNL099C,YGR118W,0,-4.2277308,0.36136364936828613,0.1589999943971634,0.02810000069439411
YGL071W,YDL040C,0,-4.2280817,0.36054420471191406,0.1589999943971634,0.028200000524520874
YNL258C,YJL087C,0,-4.2292185,0.35972851514816284,0.1589999943971634,0.028300000354647636
YDR331W,YLR086W,0,-4.2292466,0.3589164912700653,0.1589999943971634,0.0284000001847744
YHR107C,YHR061C,1,-4.230263,0.36036035418510437,0.1599999964237213,0.0284000001847744
YGR262C,YDL117W,1,-4.2302723,0.3617977499961853,0.16099999845027924,0.0284000001847744
YOL123W,YOL066C,0,-4.2306027,0.3609865605831146,0.16099999845027924,0.02850000001490116
YJL085W,YLL021W,1,-4.2312045,0.3624161183834076,0.16200000047683716,0.02850000001490116
YBR038W,YNL298W,1,-4.231626,0.3638392984867096,0.16300000250339508,0.02850000001490116
YCL014W,YDL117W,1,-4.232178,0.365256130695343,0.164000004529953,0.02850000001490116
YHR061C,YNL154C,1,-4.2331195,0.36666667461395264,0.16500000655651093,0.02850000001490116
YNL172W,YDR298C,0,-4.2338605,0.3658536672592163,0.16500000655651093,0.028599999845027924
YGR188C,YBR049C,0,-4.234433,0.3650442361831665,0.16500000655651093,0.028699999675154686
YBR121C,YMR013C,0,-4.2356477,0.3642384111881256,0.16500000655651093,0.02879999950528145
YBR023C,YBL061C,1,-4.2365513,0.36563876271247864,0.16599999368190765,0.02879999950528145
YJL031C,YBR254C,0,-4.237125,0.3648351728916168,0.16599999368190765,0.02889999933540821
YJL074C,YLR369W,0,-4.2371593,0.36403509974479675,0.16599999368190765,0.028999999165534973
YMR012W,YPL118W,0,-4.237424,0.36323851346969604,0.16599999368190765,0.029100000858306885
YNL020C,YJR092W,1,-4.2379074,0.3646288216114044,0.16699999570846558,0.029100000858306885
YDR440W,YOL031C,0,-4.2385616,0.363834410905838,0.16699999570846558,0.029200000688433647
YOL144W,YDR460W,0,-4.238889,0.36304348707199097,0.16699999570846558,0.02930000051856041
YLR233C,YNL282W,0,-4.2397346,0.3622559607028961,0.16699999570846558,0.029400000348687172
YNL192W,YIR006C,1,-4.242582,0.3636363744735718,0.1679999977350235,0.029400000348687172
YLR319C,YGR152C,1,-4.243431,0.3650107979774475,0.16899999976158142,0.029400000348687172
YHR165C,YHR090C,0,-4.243694,0.3642241358757019,0.16899999976158142,0.029500000178813934
YML055W,YPL007C,0,-4.2439876,0.3634408712387085,0.16899999976158142,0.029600000008940697
YKR065C,YOL005C,0,-4.2441077,0.3626609444618225,0.16899999976158142,0.02969999983906746
YNL288W,YBL040C,0,-4.2446446,0.36188435554504395,0.16899999976158142,0.02979999966919422
YIL131C,YIL031W,0,-4.244925,0.3611111044883728,0.16899999976158142,0.029899999499320984
YGL016W,YGR280C,0,-4.2455096,0.3603411614894867,0.16899999976158142,0.029999999329447746
YLR286C,YPR188C,1,-4.245647,0.3617021143436432,0.17000000178813934,0.029999999329447746
YGR041W,YNL267W,1,-4.245862,0.36305731534957886,0.17100000381469727,0.029999999329447746
YNL099C,YLR033W,0,-4.24676,0.36228814721107483,0.17100000381469727,0.03009999915957451
YLR098C,YLR320W,0,-4.246883,0.36152219772338867,0.17100000381469727,0.03020000085234642
YMR184W,YPL128C,0,-4.2470956,0.3607594966888428,0.17100000381469727,0.030300000682473183
YMR047C,YGL207W,0,-4.248303,0.36000001430511475,0.17100000381469727,0.030400000512599945
YOR046C,YBR276C,0,-4.2504363,0.3592436909675598,0.17100000381469727,0.030500000342726707
YGL155W,YDR527W,0,-4.251902,0.35849055647850037,0.17100000381469727,0.03060000017285347
YGR135W,YML105C,0,-4.2523685,0.357740581035614,0.17100000381469727,0.030700000002980232
YOR269W,YML055W,0,-4.253503,0.35699373483657837,0.17100000381469727,0.030799999833106995
YKL011C,YNL004W,0,-4.2538767,0.35624998807907104,0.17100000381469727,0.030899999663233757
YJR092W,YKL129C,1,-4.2553806,0.35758835077285767,0.1720000058412552,0.030899999663233757
YML099C,YDL197C,0,-4.2575326,0.35684648156166077,0.1720000058412552,0.03099999949336052
YGL105W,YDR182W,0,-4.2589736,0.3561076521873474,0.1720000058412552,0.031099999323487282
YCR094W,YIR010W,0,-4.2591224,0.35537189245224,0.1720000058412552,0.031199999153614044
YJR064W,YFL048C,0,-4.2592096,0.3546391725540161,0.1720000058412552,0.031300000846385956
YDR143C,YDR409W,0,-4.2592645,0.3539094626903534,0.1720000058412552,0.03139999881386757
YPL146C,YBR171W,0,-4.259739,0.35318276286125183,0.1720000058412552,0.03150000050663948
YNL192W,YKL048C,1,-4.260553,0.3545081913471222,0.17299999296665192,0.03150000050663948
YNL021W,YNR026C,0,-4.2607207,0.3537832200527191,0.17299999296665192,0.031599998474121094
YMR109W,YLR337C,1,-4.2609096,0.3551020324230194,0.17399999499320984,0.031599998474121094
YJR050W,YPL146C,0,-4.260943,0.3543788194656372,0.17399999499320984,0.031700000166893005
YBR112C,YPR161C,0,-4.2610555,0.353658527135849,0.17399999499320984,0.03180000185966492
YER174C,YNL323W,0,-4.2614408,0.3529411852359772,0.17399999499320984,0.03189999982714653
YPR055W,YDL225W,1,-4.2615433,0.3542509973049164,0.17499999701976776,0.03189999982714653
YPR104C,YOR018W,0,-4.2630706,0.35353535413742065,0.17499999701976776,0.03200000151991844
YNL026W,YLR321C,0,-4.263119,0.35282257199287415,0.17499999701976776,0.032099999487400055
YHR119W,YGL169W,0,-4.2640986,0.35211268067359924,0.17499999701976776,0.03220000118017197
YMR224C,YMR216C,0,-4.264582,0.35140562057495117,0.17499999701976776,0.03229999914765358
YHR026W,YMR236W,0,-4.265493,0.35070139169692993,0.17499999701976776,0.03240000084042549
YDR091C,YDR372C,0,-4.2672143,0.3499999940395355,0.17499999701976776,0.032499998807907104
YOR181W,YDL225W,1,-4.267483,0.35129740834236145,0.17599999904632568,0.032499998807907104
YJL024C,YGL195W,0,-4.268337,0.350597620010376,0.17599999904632568,0.032600000500679016
YHR073W,YPL237W,0,-4.2683625,0.34990060329437256,0.17599999904632568,0.03269999846816063
YER008C,YHR135C,1,-4.2692204,0.3511904776096344,0.1770000010728836,0.03269999846816063
YGR199W,YGL127C,0,-4.2708783,0.35049504041671753,0.1770000010728836,0.03280000016093254
YHR169W,YML088W,0,-4.2713723,0.3498023748397827,0.1770000010728836,0.03290000185370445
YDR009W,YOR140W,0,-4.2714124,0.3491124212741852,0.1770000010728836,0.032999999821186066
YLR353W,YDL225W,1,-4.271666,0.35039371252059937,0.17800000309944153,0.032999999821186066
YDR141C,YBR245C,0,-4.2720966,0.349705308675766,0.17800000309944153,0.03310000151395798
YMR032W,YER008C,1,-4.272262,0.35098040103912354,0.17900000512599945,0.03310000151395798
YER003C,YOR332W,0,-4.272479,0.3502935469150543,0.17900000512599945,0.03319999948143959
YER068W,YOR191W,0,-4.272738,0.349609375,0.17900000512599945,0.0333000011742115
YKL011C,YJR135C,0,-4.2728324,0.34892788529396057,0.17900000512599945,0.033399999141693115
YOR074C,YNL147W,0,-4.2749796,0.34824901819229126,0.17900000512599945,0.03350000083446503
YDR469W,YOR179C,0,-4.2755985,0.34757280349731445,0.17900000512599945,0.03359999880194664
YBR237W,YLR003C,0,-4.276484,0.34689921140670776,0.17900000512599945,0.03370000049471855
YNL271C,YBL061C,1,-4.2765446,0.3481624722480774,0.18000000715255737,0.03370000049471855
YDR309C,YDR166C,1,-4.2773566,0.34942084550857544,0.1809999942779541,0.03370000049471855
YPL169C,YOR217W,0,-4.277375,0.348747581243515,0.1809999942779541,0.033799998462200165
YDR062W,YBR154C,0,-4.27785,0.3480769097805023,0.1809999942779541,0.033900000154972076
YBR160W,YEL061C,0,-4.2780704,0.34740883111953735,0.1809999942779541,0.03400000184774399
YGL174W,YJR076C,1,-4.2788334,0.3486590087413788,0.18199999630451202,0.03400000184774399
YNL271C,YNL267W,1,-4.2799616,0.3499043881893158,0.18299999833106995,0.03400000184774399
YDR320C-A,YOL042W,0,-4.280509,0.3492366373538971,0.18299999833106995,0.0340999998152256
YJL008C,YOR209C,0,-4.2805533,0.34857141971588135,0.18299999833106995,0.03420000150799751
YBR279W,YOR216C,0,-4.280667,0.34790873527526855,0.18299999833106995,0.034299999475479126
YLR052W,YDR172W,0,-4.281811,0.3472485840320587,0.18299999833106995,0.03440000116825104
YDL101C,YLR277C,0,-4.282169,0.34659090638160706,0.18299999833106995,0.03449999913573265
YBR205W,YIL076W,0,-4.2822914,0.34593573212623596,0.18299999833106995,0.03460000082850456
YIL106W,YJL011C,0,-4.282535,0.34528303146362305,0.18299999833106995,0.034699998795986176
YMR113W,YOL146W,0,-4.2825756,0.3446327745914459,0.18299999833106995,0.03480000048875809
YBR079C,YEL002C,0,-4.282722,0.3439849615097046,0.18299999833106995,0.0348999984562397
YDR309C,YLR337C,1,-4.28359,0.345215767621994,0.18400000035762787,0.0348999984562397
YCR038C,YBR038W,1,-4.283699,0.34644195437431335,0.1850000023841858,0.0348999984562397
YJL061W,YEL031W,0,-4.2842216,0.3457943797111511,0.1850000023841858,0.03500000014901161
YIL002C,YGR270W,0,-4.284305,0.3451492488384247,0.1850000023841858,0.035100001841783524
YOR326W,YER008C,1,-4.284611,0.3463687002658844,0.1860000044107437,0.035100001841783524
YOR130C,YLR181C,0,-4.2849426,0.3457249104976654,0.1860000044107437,0.03519999980926514
YOR025W,YDR469W,0,-4.2850437,0.34508347511291504,0.1860000044107437,0.03530000150203705
YMR277W,YDL100C,0,-4.285088,0.3444444537162781,0.1860000044107437,0.03539999946951866
YMR177W,YFL034C-B,0,-4.2873144,0.34380775690078735,0.1860000044107437,0.03550000116229057
YAL022C,YAL010C,0,-4.288199,0.34317344427108765,0.1860000044107437,0.035599999129772186
YFL023W,YLR319C,1,-4.288736,0.3443830609321594,0.18700000643730164,0.035599999129772186
YHR107C,YLL021W,1,-4.28883,0.34558823704719543,0.18799999356269836,0.035599999129772186
YGR108W,YOL088C,0,-4.2891655,0.34495413303375244,0.18799999356269836,0.0357000008225441
YFL025C,YPL069C,0,-4.2909513,0.3443223536014557,0.18799999356269836,0.03579999879002571
YJL034W,YLR026C,0,-4.2925096,0.3436928689479828,0.18799999356269836,0.03590000048279762
YJR031C,YIL149C,0,-4.293488,0.34306567907333374,0.18799999356269836,0.035999998450279236
YFR041C,YDR002W,0,-4.2941046,0.34244081377983093,0.18799999356269836,0.03610000014305115
YLR382C,YGR213C,0,-4.294272,0.3418181836605072,0.18799999356269836,0.03620000183582306
YKR095W,YER161C,0,-4.294529,0.34119781851768494,0.18799999356269836,0.03629999980330467
YPR187W,YHR163W,0,-4.2948737,0.34057971835136414,0.18799999356269836,0.036400001496076584
YBR179C,YHR119W,0,-4.295444,0.3399638235569,0.18799999356269836,0.0364999994635582
YAL012W,YCR044C,0,-4.2954674,0.3393501937389374,0.18799999356269836,0.03660000115633011
YJL192C,YKL080W,0,-4.2959056,0.33873873949050903,0.18799999356269836,0.03669999912381172
YNL085W,YCL004W,0,-4.2970567,0.3381294906139374,0.18799999356269836,0.03680000081658363
YOL001W,YER053C,0,-4.297164,0.3375224471092224,0.18799999356269836,0.03689999878406525
YHR052W,YBR167C,0,-4.2972546,0.33691754937171936,0.18799999356269836,0.03700000047683716
YPR188C,YLR337C,1,-4.298413,0.3381037712097168,0.1889999955892563,0.03700000047683716
YML021C,YMR243C,0,-4.2984824,0.3375000059604645,0.1889999955892563,0.03709999844431877
YGL014W,YOR290C,0,-4.299234,0.3368983864784241,0.1889999955892563,0.03720000013709068
YCR028C-A,YGL100W,0,-4.3000617,0.33629894256591797,0.1889999955892563,0.037300001829862595
YKL048C,YHR061C,1,-4.3026333,0.33747780323028564,0.1899999976158142,0.037300001829862595
YPL195W,YMR270C,0,-4.3029323,0.3368794322013855,0.1899999976158142,0.03739999979734421
YDR280W,YIL138C,0,-4.302949,0.3362831771373749,0.1899999976158142,0.03750000149011612
YGL247W,YMR216C,0,-4.304773,0.3356890380382538,0.1899999976158142,0.03759999945759773
YDL042C,YOR290C,0,-4.304831,0.3350970149040222,0.1899999976158142,0.037700001150369644
YBR210W,YDR309C,1,-4.3050437,0.3362676203250885,0.19099999964237213,0.037700001150369644
YNL202W,YMR053C,0,-4.30516,0.3356766402721405,0.19099999964237213,0.03779999911785126
YHR107C,YBR143C,1,-4.305583,0.3368421196937561,0.19200000166893005,0.03779999911785126
YNR027W,YDR309C,1,-4.3058963,0.3380035161972046,0.19300000369548798,0.03779999911785126
YKL019W,YBR037C,0,-4.3060064,0.33741259574890137,0.19300000369548798,0.03790000081062317
YFL025C,YMR067C,0,-4.306024,0.3368237316608429,0.19300000369548798,0.03799999877810478
YCR086W,YCR042C,0,-4.3063626,0.3362369239330292,0.19300000369548798,0.038100000470876694
YEL037C,YPR074C,0,-4.30648,0.3356521725654602,0.19300000369548798,0.03819999843835831
YBR245C,YLR138W,0,-4.3076305,0.3350694477558136,0.19300000369548798,0.03830000013113022
YLR433C,YMR234W,0,-4.307645,0.33448874950408936,0.19300000369548798,0.03840000182390213
YBR091C,YFR051C,0,-4.3076797,0.3339100480079651,0.19300000369548798,0.03849999979138374
YOR221C,YKR090W,0,-4.3089848,0.3333333432674408,0.19300000369548798,0.038600001484155655
YPL255W,YHR012W,0,-4.309527,0.3327586352825165,0.19300000369548798,0.03869999945163727
YGL093W,YDR086C,0,-4.3099027,0.33218589425086975,0.19300000369548798,0.03880000114440918
YKL101W,YHR214C-B,0,-4.309957,0.3316151201725006,0.19300000369548798,0.03889999911189079
YPL228W,YGL100W,0,-4.310476,0.33104631304740906,0.19300000369548798,0.039000000804662704
YER165W,YOL121C,0,-4.31109,0.3304794430732727,0.19300000369548798,0.03909999877214432
YFR055W,YOR295W,0,-4.3111863,0.32991454005241394,0.19300000369548798,0.03920000046491623
YIL046W,YLR371W,0,-4.311317,0.329351544380188,0.19300000369548798,0.03929999843239784
YOR191W,YGL144C,0,-4.3126707,0.32879045605659485,0.19300000369548798,0.039400000125169754
YML071C,YJL072C,0,-4.312818,0.3282313048839569,0.19300000369548798,0.039500001817941666
YPL163C,YBR127C,0,-4.312986,0.3276740312576294,0.19300000369548798,0.03959999978542328
YER183C,YDR469W,0,-4.313329,0.3271186351776123,0.19300000369548798,0.03970000147819519
YPR119W,YIR004W,0,-4.314506,0.326565146446228,0.19300000369548798,0.039799999445676804
YHR107C,YJL085W,1,-4.314554,0.32770270109176636,0.1940000057220459,0.039799999445676804
YMR052W,YLR277C,0,-4.3146214,0.3271500766277313,0.1940000057220459,0.039900001138448715
YOR299W,YHR135C,1,-4.317518,0.32828283309936523,0.19499999284744263,0.039900001138448715
YDR243C,YAL016W,0,-4.3180337,0.32773110270500183,0.19499999284744263,0.03999999910593033
YFL023W,YIR006C,1,-4.3183513,0.3288590610027313,0.19599999487400055,0.03999999910593033
YOR326W,YDR129C,1,-4.3185782,0.32998326420783997,0.19699999690055847,0.03999999910593033
YNL192W,YGL054C,1,-4.3187947,0.33110368251800537,0.1979999989271164,0.03999999910593033
YEL027W,YKL165C,0,-4.3188033,0.3305509090423584,0.1979999989271164,0.04010000079870224
YOR241W,YGR078C,0,-4.318974,0.33000001311302185,0.1979999989271164,0.04019999876618385
YDR097C,YMR183C,0,-4.3190174,0.32945090532302856,0.1979999989271164,0.040300000458955765
YDL006W,YGR276C,0,-4.3197603,0.3289036452770233,0.1979999989271164,0.04039999842643738
YGL169W,YBR198C,0,-4.3202357,0.3283582031726837,0.1979999989271164,0.04050000011920929
YLR353W,YAR019C,1,-4.3203764,0.3294701874256134,0.19900000095367432,0.04050000011920929
YKL073W,YHR073W,0,-4.3204,0.32892560958862305,0.19900000095367432,0.0406000018119812
YJR068W,YGR104C,0,-4.321097,0.32838284969329834,0.19900000095367432,0.040699999779462814
YLR380W,YJL133W,0,-4.3221498,0.3278418481349945,0.19900000095367432,0.040800001472234726
YLR103C,YDR189W,0,-4.322167,0.32730263471603394,0.19900000095367432,0.04089999943971634
YDL117W,YGR152C,1,-4.3242297,0.3284072279930115,0.20000000298023224,0.04089999943971634
YAR002W,YPL029W,0,-4.3249927,0.32786884903907776,0.20000000298023224,0.04100000113248825
YLR328W,YHL011C,0,-4.325364,0.3273322284221649,0.20000000298023224,0.041099999099969864
YER149C,YDL225W,1,-4.325394,0.3284313678741455,0.20100000500679016,0.041099999099969864
YNL278W,YML091C,0,-4.3258185,0.3278955817222595,0.20100000500679016,0.041200000792741776
YDR377W,YOL122C,0,-4.325829,0.3273615539073944,0.20100000500679016,0.04129999876022339
YPR183W,YDR236C,0,-4.3270316,0.3268292546272278,0.20100000500679016,0.0414000004529953
YKR095W,YBR294W,0,-4.327537,0.32629871368408203,0.20100000500679016,0.04149999842047691
YCR002C,YIR006C,1,-4.3279066,0.3273906111717224,0.20200000703334808,0.04149999842047691
YML092C,YOR308C,0,-4.3285437,0.32686084508895874,0.20200000703334808,0.041600000113248825
YCL014W,YOR181W,1,-4.3286076,0.32794830203056335,0.2029999941587448,0.041600000113248825
YNL166C,YGL106W,1,-4.3289557,0.3290322721004486,0.20399999618530273,0.041600000113248825
YLR085C,YCR084C,0,-4.3298087,0.3285024166107178,0.20399999618530273,0.04170000180602074
YBL016W,YLR277C,0,-4.3298717,0.3279742896556854,0.20399999618530273,0.04179999977350235
YOL089C,YMR204C,0,-4.330524,0.3274478316307068,0.20399999618530273,0.04190000146627426
YHR193C,YBR088C,0,-4.331054,0.32692307233810425,0.20399999618530273,0.041999999433755875
YLR429W,YOR085W,0,-4.3315773,0.3264000117778778,0.20399999618530273,0.042100001126527786
YMR038C,YIL154C,0,-4.334625,0.3258785903453827,0.20399999618530273,0.0421999990940094
YER019W,YPL218W,0,-4.334849,0.3253588378429413,0.20399999618530273,0.04230000078678131
YLR394W,YOR098C,0,-4.334882,0.3248407542705536,0.20399999618530273,0.042399998754262924
YJL076W,YLR272C,0,-4.33498,0.3243243098258972,0.20399999618530273,0.042500000447034836
YNR067C,YDR309C,1,-4.335719,0.3253968358039856,0.20499999821186066,0.042500000447034836
YOR260W,YOL034W,0,-4.33588,0.3248811364173889,0.20499999821186066,0.04259999841451645
YOL008W,YOR144C,0,-4.3362727,0.32436707615852356,0.20499999821186066,0.04270000010728836
YDR075W,YDR362C,0,-4.3375106,0.3238546550273895,0.20499999821186066,0.04280000180006027
YHR142W,YNR038W,0,-4.3376346,0.32334384322166443,0.20499999821186066,0.042899999767541885
YGR262C,YOR326W,1,-4.3377166,0.32440945506095886,0.20600000023841858,0.042899999767541885
YDR414C,YLR051C,0,-4.3382773,0.32389935851097107,0.20600000023841858,0.0430000014603138
YNL130C,YBR276C,0,-4.3382964,0.3233909010887146,0.20600000023841858,0.04309999942779541
YEL029C,YJL085W,1,-4.338552,0.32445141673088074,0.2070000022649765,0.04309999942779541
YGL027C,YNL099C,0,-4.338626,0.3239436745643616,0.2070000022649765,0.04320000112056732
YKL112W,YBR289W,0,-4.3396535,0.32343751192092896,0.2070000022649765,0.043299999088048935
YHR036W,YGR014W,0,-4.339734,0.3229329288005829,0.2070000022649765,0.04340000078082085
YKL019W,YHR172W,0,-4.340156,0.322429895401001,0.2070000022649765,0.04349999874830246
YER151C,YML029W,0,-4.340776,0.321928471326828,0.2070000022649765,0.04360000044107437
YDL145C,YIL147C,0,-4.341217,0.3214285671710968,0.2070000022649765,0.043699998408555984
YJR092W,YNR067C,1,-4.342108,0.32248061895370483,0.20800000429153442,0.043699998408555984
YGL116W,YHR158C,0,-4.343034,0.32198143005371094,0.20800000429153442,0.043800000101327896
YGL150C,YGR054W,0,-4.3436904,0.3214837610721588,0.20800000429153442,0.04390000179409981
YLL042C,YLL003W,0,-4.344026,0.32098764181137085,0.20800000429153442,0.04399999976158142
YCL055W,YNL248C,0,-4.3449106,0.32049307227134705,0.20800000429153442,0.04410000145435333
YGR275W,YDR486C,0,-4.3450336,0.3199999928474426,0.20800000429153442,0.044199999421834946
YGL071W,YDR118W,0,-4.3453918,0.31950846314430237,0.20800000429153442,0.04430000111460686
YLR002C,YGL100W,0,-4.3468513,0.3190183937549591,0.20800000429153442,0.04439999908208847
YGR220C,YDR180W,0,-4.3478446,0.31852987408638,0.20800000429153442,0.04450000077486038
YGR246C,YKL011C,0,-4.349322,0.3180428147315979,0.20800000429153442,0.044599998742341995
YDR385W,YMR011W,0,-4.3498936,0.3175572454929352,0.20800000429153442,0.04470000043511391
YGR261C,YNL099C,0,-4.350305,0.31707316637039185,0.20800000429153442,0.04479999840259552
YLR319C,YER008C,1,-4.3505273,0.31811264157295227,0.20900000631809235,0.04479999840259552
YNR008W,YER031C,0,-4.350701,0.3176291882991791,0.20900000631809235,0.04490000009536743
YNL123W,YDL064W,0,-4.3509607,0.3171471953392029,0.20900000631809235,0.04500000178813934
YGR275W,YOR254C,0,-4.3511367,0.3166666626930237,0.20900000631809235,0.045099999755620956
YGL029W,YIL038C,0,-4.351501,0.3161875903606415,0.20900000631809235,0.04520000144839287
YLL002W,YER074W-A,0,-4.352065,0.3157099783420563,0.20900000631809235,0.04529999941587448
YJR092W,YJL085W,1,-4.3523574,0.31674209237098694,0.20999999344348907,0.04529999941587448
YJL183W,YDL195W,0,-4.353153,0.3162650465965271,0.20999999344348907,0.04540000110864639
YJL081C,YOR340C,0,-4.353577,0.31578946113586426,0.20999999344348907,0.045499999076128006
YBR038W,YBL061C,1,-4.3537207,0.3168168067932129,0.210999995470047,0.045499999076128006
YCR057C,YER008C,1,-4.3544426,0.3178410828113556,0.21199999749660492,0.045499999076128006
YPL140C,YMR234W,0,-4.355286,0.31736525893211365,0.21199999749660492,0.04560000076889992
YAL041W,YIL014W,0,-4.3554316,0.3168908953666687,0.21199999749660492,0.04569999873638153
YJR092W,YHR023W,1,-4.3565555,0.31791046261787415,0.21299999952316284,0.04569999873638153
YPL227C,YAL021C,0,-4.3566365,0.31743666529655457,0.21299999952316284,0.04580000042915344
YMR076C,YOL034W,0,-4.3572526,0.3169642984867096,0.21299999952316284,0.045899998396635056
YPL137C,YDL138W,0,-4.358649,0.31649330258369446,0.21299999952316284,0.04600000008940697
YPL126W,YPL007C,0,-4.359007,0.31602373719215393,0.21299999952316284,0.04610000178217888
YNL327W,YGL054C,1,-4.3596334,0.31703704595565796,0.21400000154972076,0.04610000178217888
YFL034C-B,YNL032W,0,-4.3598332,0.3165680468082428,0.21400000154972076,0.04619999974966049
YPR122W,YEL029C,1,-4.3604035,0.3175775408744812,0.2150000035762787,0.04619999974966049
YGL105W,YLR360W,0,-4.36041,0.3171091377735138,0.2150000035762787,0.046300001442432404
YOR301W,YBR143C,1,-4.361211,0.31811487674713135,0.2160000056028366,0.046300001442432404
YPR034W,YOL148C,0,-4.361506,0.3176470696926117,0.2160000056028366,0.04639999940991402
YGL174W,YPR188C,1,-4.361804,0.3186490535736084,0.21699999272823334,0.04639999940991402
YGL119W,YNL023C,0,-4.3619447,0.3181818127632141,0.21699999272823334,0.04650000110268593
YJL024C,YOL112W,0,-4.3621917,0.31771597266197205,0.21699999272823334,0.04659999907016754
YJL133W,YML045W,0,-4.362306,0.3172514736652374,0.21699999272823334,0.04670000076293945
YLL011W,YJL154C,0,-4.3623905,0.31678831577301025,0.21699999272823334,0.046799998730421066
YOR144C,YOR265W,0,-4.362413,0.3163265287876129,0.21699999272823334,0.04690000042319298
YOL115W,YER012W,0,-4.3628573,0.315866082906723,0.21699999272823334,0.04699999839067459
YPR190C,YDR213W,0,-4.3629746,0.3154069781303406,0.21699999272823334,0.0471000000834465
YBR260C,YLR447C,0,-4.3633146,0.3149492144584656,0.21699999272823334,0.047200001776218414
YMR137C,YPL138C,0,-4.36362,0.31449276208877563,0.21699999272823334,0.04729999974370003
YNL307C,YMR305C,0,-4.3641334,0.31403762102127075,0.21699999272823334,0.04740000143647194
YPL061W,YFL033C,0,-4.364209,0.3135838210582733,0.21699999272823334,0.04749999940395355
YJR076C,YNL110C,1,-4.364986,0.31457430124282837,0.21799999475479126,0.04749999940395355
YOL063C,YHR154W,0,-4.365156,0.3141210377216339,0.21799999475479126,0.047600001096725464
YPL086C,YOR025W,0,-4.365166,0.3136690557003021,0.21799999475479126,0.04769999906420708
YDL137W,YOR298C-A,0,-4.3652296,0.3132183849811554,0.21799999475479126,0.04780000075697899
YML126C,YNR052C,0,-4.3655286,0.31276899576187134,0.21799999475479126,0.0478999987244606
YIR002C,YLR086W,0,-4.3660836,0.31232091784477234,0.21799999475479126,0.04800000041723251
YPL241C,YOR159C,0,-4.3666215,0.3118740916252136,0.21799999475479126,0.04809999838471413
YJL081C,YPL253C,0,-4.3672423,0.31142857670783997,0.21799999475479126,0.04820000007748604
YNL331C,YDR473C,0,-4.3674397,0.3109843134880066,0.21799999475479126,0.04830000177025795
YML092C,YOR275C,0,-4.367659,0.3105413019657135,0.21799999475479126,0.04839999973773956
YJR076C,YDR309C,1,-4.3688073,0.3115220367908478,0.21899999678134918,0.04839999973773956
YMR153W,YJL154C,0,-4.369342,0.3110795319080353,0.21899999678134918,0.048500001430511475
YKL112W,YIR025W,0,-4.369762,0.31063830852508545,0.21899999678134918,0.04859999939799309
YLR026C,YBR061C,0,-4.370135,0.3101983070373535,0.21899999678134918,0.048700001090765
YKL048C,YMR032W,1,-4.3703885,0.3111739754676819,0.2199999988079071,0.048700001090765
YEL036C,YML071C,0,-4.3721075,0.31073445081710815,0.2199999988079071,0.04879999905824661
YGL058W,YDR346C,0,-4.3725934,0.3102961778640747,0.2199999988079071,0.048900000751018524
YBR245C,YPL063W,0,-4.3730426,0.30985915660858154,0.2199999988079071,0.04899999871850014
YDL117W,YIL095W,1,-4.3731427,0.3108298182487488,0.22100000083446503,0.04899999871850014
YPL169C,YDL081C,0,-4.37318,0.31039324402809143,0.22100000083446503,0.04910000041127205
YDR235W,YKL015W,0,-4.373232,0.30995792150497437,0.22100000083446503,0.04919999837875366
YNL166C,YGL174W,1,-4.37368,0.31092438101768494,0.22200000286102295,0.04919999837875366
YPL242C,YCR057C,1,-4.3737397,0.31188809871673584,0.22300000488758087,0.04919999837875366
YPR137W,YMR005W,0,-4.3741374,0.3114525079727173,0.22300000488758087,0.049300000071525574
YKL048C,YDR166C,1,-4.3747096,0.312412828207016,0.2240000069141388,0.049300000071525574
YJL124C,YBL041W,0,-4.3748584,0.31197771430015564,0.2240000069141388,0.049400001764297485
YOR354C,YGL236C,0,-4.3749485,0.3115438222885132,0.2240000069141388,0.0494999997317791
YOL060C,YOL112W,0,-4.3751197,0.31111112236976624,0.2240000069141388,0.04960000142455101
YDR461W,YIL030C,0,-4.375659,0.3106796145439148,0.2240000069141388,0.04969999939203262
YKR022C,YPL212C,0,-4.375721,0.31024929881095886,0.2240000069141388,0.049800001084804535
YBR023C,YBR210W,1,-4.3759594,0.31120333075523376,0.22499999403953552,0.049800001084804535
YDL040C,YER089C,0,-4.375991,0.31077349185943604,0.22499999403953552,0.04989999905228615
YDR235W,YLR181C,0,-4.376453,0.3103448152542114,0.22499999403953552,0.05000000074505806
YNL020C,YBR038W,1,-4.3767076,0.3112947642803192,0.22599999606609344,0.05000000074505806
YCR002C,YDR129C,1,-4.377396,0.3122420907020569,0.22699999809265137,0.05000000074505806
YMR032W,YER149C,1,-4.377418,0.3131868243217468,0.2280000001192093,0.05000000074505806
YBR106W,YDL190C,0,-4.379604,0.3127571940422058,0.2280000001192093,0.05009999871253967
YIL106W,YER178W,0,-4.3803177,0.3123287558555603,0.2280000001192093,0.050200000405311584
YDL008W,YFL025C,0,-4.380465,0.3119015097618103,0.2280000001192093,0.0502999983727932
YDR498C,YKL042W,0,-4.380528,0.31147539615631104,0.2280000001192093,0.05040000006556511
YDR263C,YDR093W,0,-4.3807464,0.3110504746437073,0.2280000001192093,0.05050000175833702
YLR314C,YBR210W,1,-4.38105,0.31198909878730774,0.2290000021457672,0.05050000175833702
YPL001W,YNL250W,0,-4.3814816,0.3115646243095398,0.2290000021457672,0.050599999725818634
YER177W,YBR175W,0,-4.3817735,0.31114131212234497,0.2290000021457672,0.050700001418590546
YAL007C,YDR131C,0,-4.3821063,0.3107191324234009,0.2290000021457672,0.05079999938607216
YMR014W,YJR092W,1,-4.38301,0.31165310740470886,0.23000000417232513,0.05079999938607216
YCL043C,YDR382W,0,-4.383204,0.311231404542923,0.23000000417232513,0.05090000107884407
YJL115W,YDR078C,0,-4.3833194,0.31081080436706543,0.23000000417232513,0.050999999046325684
YDL117W,YCR009C,1,-4.3837323,0.311740905046463,0.23100000619888306,0.050999999046325684
YER174C,YMR161W,0,-4.383844,0.3113207519054413,0.23100000619888306,0.051100000739097595
YHR115C,YMR164C,0,-4.3840504,0.3109017610549927,0.23100000619888306,0.05119999870657921
YDR524C,YJR006W,0,-4.3857217,0.3104838728904724,0.23100000619888306,0.05130000039935112
YJL024C,YDR280W,0,-4.386716,0.3100671172142029,0.23100000619888306,0.05139999836683273
YFR048W,YBR293W,0,-4.386774,0.3096514642238617,0.23100000619888306,0.051500000059604645
YKL165C,YBR022W,0,-4.387573,0.30923694372177124,0.23100000619888306,0.051600001752376556
YLR320W,YKL126W,0,-4.3878484,0.30882352590560913,0.23100000619888306,0.05169999971985817
YLR399C,YER151C,0,-4.388305,0.30841121077537537,0.23100000619888306,0.05180000141263008
YPL253C,YPL283C,0,-4.388718,0.30799999833106995,0.23100000619888306,0.051899999380111694
YHR061C,YPL242C,1,-4.3891253,0.3089214265346527,0.23199999332427979,0.051899999380111694
YGL155W,YPL268W,0,-4.3894615,0.3085106313228607,0.23199999332427979,0.052000001072883606
YER019W,YLR066W,0,-4.389486,0.30810093879699707,0.23199999332427979,0.05209999904036522
YLR381W,YIL014W,0,-4.3894887,0.3076923191547394,0.23199999332427979,0.05220000073313713
YFR002W,YLR316C,0,-4.389667,0.30728477239608765,0.23199999332427979,0.052299998700618744
YBR175W,YER005W,0,-4.3899236,0.30687829852104187,0.23199999332427979,0.052400000393390656
YJL092W,YEL037C,0,-4.390167,0.30647292733192444,0.23199999332427979,0.05249999836087227
YAL047C,YGR270W,0,-4.3901677,0.3060685992240906,0.23199999332427979,0.05260000005364418
YGL092W,YFL004W,0,-4.3904595,0.30566534399986267,0.23199999332427979,0.05270000174641609
YEL029C,YMR032W,1,-4.3911786,0.30657893419265747,0.2329999953508377,0.05270000174641609
YKL048C,YNL243W,1,-4.3912225,0.30749014019966125,0.23399999737739563,0.05270000174641609
YJR040W,YDR205W,0,-4.3916173,0.30708661675453186,0.23399999737739563,0.052799999713897705
YMR113W,YJL098W,0,-4.3920364,0.30668413639068604,0.23399999737739563,0.05290000140666962
YEL029C,YLR353W,1,-4.3931985,0.30759161710739136,0.23499999940395355,0.05290000140666962
YLR342W,YML031W,0,-4.39349,0.30718955397605896,0.23499999940395355,0.05299999937415123
YNL090W,YKL028W,0,-4.394247,0.30678850412368774,0.23499999940395355,0.05310000106692314
YDL112W,YDR381W,0,-4.394338,0.3063885271549225,0.23499999940395355,0.053199999034404755
YPR187W,YML127W,0,-4.3944316,0.3059895932674408,0.23499999940395355,0.053300000727176666
YLR384C,YAR018C,0,-4.3947806,0.3055916726589203,0.23499999940395355,0.05339999869465828
YGR056W,YER161C,0,-4.3951564,0.30519479513168335,0.23499999940395355,0.05350000038743019
YGR007W,YNL070W,0,-4.3956294,0.30479896068573,0.23499999940395355,0.053599998354911804
YLR242C,YKL081W,0,-4.395781,0.3044041395187378,0.23499999940395355,0.053700000047683716
YGL142C,YOL012C,0,-4.3965135,0.3040103614330292,0.23499999940395355,0.05380000174045563
YDL137W,YJL003W,0,-4.3966107,0.30361756682395935,0.23499999940395355,0.05389999970793724
YIL010W,YMR218C,0,-4.3975873,0.3032258152961731,0.23499999940395355,0.05400000140070915
YFL041W,YLR459W,0,-4.398435,0.30283504724502563,0.23499999940395355,0.054099999368190765
YDR195W,YHR099W,0,-4.3984637,0.30244529247283936,0.23499999940395355,0.05420000106096268
YMR184W,YOR194C,0,-4.3989706,0.30205655097961426,0.23499999940395355,0.05429999902844429
YOR239W,YOR159C,0,-4.399981,0.30166879296302795,0.23499999940395355,0.0544000007212162
YGL070C,YJL054W,0,-4.4005203,0.30128204822540283,0.23499999940395355,0.054499998688697815
YPL101W,YPR086W,0,-4.4010243,0.3008962869644165,0.23499999940395355,0.05460000038146973
YNL166C,YNL267W,1,-4.4019504,0.3017902672290802,0.23600000143051147,0.05460000038146973
YJL060W,YBR207W,0,-4.4021173,0.3014048635959625,0.23600000143051147,0.05469999834895134
YPL231W,YPL110C,0,-4.404984,0.30102041363716125,0.23600000143051147,0.05480000004172325
YNL201C,YOR129C,0,-4.4051156,0.3006369471549988,0.23600000143051147,0.05490000173449516
YGR217W,YNL268W,0,-4.4053698,0.3002544641494751,0.23600000143051147,0.054999999701976776
YDL117W,YNL110C,1,-4.405883,0.3011435866355896,0.2370000034570694,0.054999999701976776
YPL195W,YNL273W,0,-4.4060454,0.3007614314556122,0.2370000034570694,0.05510000139474869
YMR301C,YER028C,0,-4.4070773,0.30038022994995117,0.2370000034570694,0.0551999993622303
YCR060W,YIL063C,0,-4.4072366,0.30000001192092896,0.2370000034570694,0.05530000105500221
YPR094W,YIL063C,0,-4.407865,0.29962074756622314,0.2370000034570694,0.055399999022483826
YCL014W,YCR058C,1,-4.4080977,0.30050504207611084,0.23800000548362732,0.055399999022483826
YPR070W,YDL235C,0,-4.4085646,0.3001261055469513,0.23800000548362732,0.05550000071525574
YGL090W,YHR120W,0,-4.4087205,0.29974812269210815,0.23800000548362732,0.05559999868273735
YDR079C-A,YAL001C,0,-4.4088755,0.29937106370925903,0.23800000548362732,0.05570000037550926
YHR107C,YOR326W,1,-4.4092145,0.3002512454986572,0.23899999260902405,0.05570000037550926
YPL208W,YBR171W,0,-4.409371,0.29987454414367676,0.23899999260902405,0.055799998342990875
YOR239W,YGL207W,0,-4.410124,0.2994987368583679,0.23899999260902405,0.05590000003576279
YML023C,YIL018W,0,-4.411755,0.2991239130496979,0.23899999260902405,0.0560000017285347
YNR027W,YGR152C,1,-4.4123454,0.30000001192092896,0.23999999463558197,0.0560000017285347
YOR098C,YOR060C,0,-4.412603,0.2996254563331604,0.23999999463558197,0.05609999969601631
YNR017W,YCR073W-A,0,-4.413337,0.29925188422203064,0.23999999463558197,0.05620000138878822
YNL094W,YBR060C,0,-4.4134994,0.2988792061805725,0.23999999463558197,0.056299999356269836
YGL014W,YMR054W,0,-4.413833,0.2985074520111084,0.23999999463558197,0.05640000104904175
YDR188W,YPL126W,0,-4.414063,0.2981366515159607,0.23999999463558197,0.05649999901652336
YKR036C,YLR321C,0,-4.4141126,0.2977667450904846,0.23999999463558197,0.05660000070929527
YPR122W,YGL054C,1,-4.414228,0.29863691329956055,0.2409999966621399,0.05660000070929527
YNL293W,YGL167C,0,-4.4142346,0.29826733469963074,0.2409999966621399,0.056699998676776886
YDR434W,YGR212W,0,-4.414469,0.29789865016937256,0.2409999966621399,0.0568000003695488
YGR083C,YDL077C,0,-4.4147844,0.297530859708786,0.2409999966621399,0.05689999833703041
YLR242C,YIL129C,0,-4.414886,0.2971639931201935,0.2409999966621399,0.05700000002980232
YNL327W,YGR152C,1,-4.415454,0.2980295419692993,0.24199999868869781,0.05700000002980232
YPR057W,YOL115W,0,-4.4160137,0.29766297340393066,0.24199999868869781,0.057100001722574234
YIL095W,YIL068C,1,-4.416328,0.2985258102416992,0.24300000071525574,0.057100001722574234
YFL023W,YGL106W,1,-4.4164796,0.29938650131225586,0.24400000274181366,0.057100001722574234
YCR038C,YIL095W,1,-4.4167104,0.30024510622024536,0.24500000476837158,0.057100001722574234
YOR243C,YBR254C,0,-4.4168816,0.2998776137828827,0.24500000476837158,0.05719999969005585
YNL271C,YNL154C,1,-4.4178834,0.3007335066795349,0.2460000067949295,0.05719999969005585
YDR280W,YMR210W,0,-4.418395,0.3003663122653961,0.2460000067949295,0.05730000138282776
YAL053W,YDL042C,0,-4.4184175,0.30000001192092896,0.2460000067949295,0.05739999935030937
YIL004C,YFR029W,0,-4.4191422,0.2996346056461334,0.2460000067949295,0.057500001043081284
YOR239W,YPR198W,0,-4.419418,0.29927006363868713,0.2460000067949295,0.0575999990105629
YDR499W,YER068W,0,-4.419607,0.29890644550323486,0.2460000067949295,0.05770000070333481
YLR139C,YMR218C,0,-4.420186,0.29854369163513184,0.2460000067949295,0.05779999867081642
YGL100W,YOR308C,0,-4.4220166,0.29818183183670044,0.2460000067949295,0.05790000036358833
YBR038W,YBR210W,1,-4.422132,0.29903146624565125,0.24699999392032623,0.05790000036358833
YFR029W,YBL034C,0,-4.422164,0.2986699044704437,0.24699999392032623,0.057999998331069946
YDL155W,YLR263W,0,-4.4224396,0.29830917716026306,0.24699999392032623,0.05810000002384186
YGR262C,YMR032W,1,-4.422843,0.2991556227207184,0.24799999594688416,0.05810000002384186
YML071C,YJL167W,0,-4.423022,0.2987951934337616,0.24799999594688416,0.05820000171661377
YER149C,YHR135C,1,-4.423116,0.2996389865875244,0.24899999797344208,0.05820000171661377
YKL005C,YKL173W,0,-4.4234233,0.2992788553237915,0.24899999797344208,0.05829999968409538
YGL027C,YIL016W,0,-4.4234915,0.29891955852508545,0.24899999797344208,0.058400001376867294
YFL023W,YER149C,1,-4.424057,0.29976019263267517,0.25,0.058400001376867294
YPL124W,YER148W,0,-4.424077,0.299401193857193,0.25,0.05849999934434891
YCL014W,YCR002C,1,-4.4245906,0.300239235162735,0.25099998712539673,0.05849999934434891
YCR037C,YOR172W,0,-4.4247684,0.2998805344104767,0.25099998712539673,0.05860000103712082
YHR027C,YDL064W,0,-4.4256864,0.29952266812324524,0.25099998712539673,0.05869999900460243
YIR021W,YNR031C,0,-4.426186,0.29916566610336304,0.25099998712539673,0.058800000697374344
YJR092W,YDR245W,1,-4.426191,0.30000001192092896,0.25200000405311584,0.058800000697374344
YAL041W,YDL148C,0,-4.426987,0.29964327812194824,0.25200000405311584,0.05889999866485596
YGL246C,YDL064W,0,-4.427694,0.2992874085903168,0.25200000405311584,0.05900000035762787
YOR330C,YOR048C,0,-4.428123,0.29893237352371216,0.25200000405311584,0.05909999832510948
YGR230W,YDR320C-A,0,-4.4288735,0.2985782027244568,0.25200000405311584,0.05920000001788139
YJR076C,YNL243W,1,-4.429065,0.29940828680992126,0.2529999911785126,0.05920000001788139
YBL013W,YPL029W,0,-4.429088,0.2990543842315674,0.2529999911785126,0.059300001710653305
YOR269W,YPL235W,0,-4.429132,0.29870128631591797,0.2529999911785126,0.05939999967813492
YDR404C,YOR159C,0,-4.4314413,0.2983490526676178,0.2529999911785126,0.05950000137090683
YJR092W,YHR107C,1,-4.4314466,0.299175500869751,0.2540000081062317,0.05950000137090683
YLR147C,YKL041W,0,-4.431586,0.2988235354423523,0.2540000081062317,0.05959999933838844
YGL174W,YGR041W,1,-4.4320188,0.2996474802494049,0.2549999952316284,0.05959999933838844
YIL095W,YPR055W,1,-4.4324474,0.3004694879055023,0.25600001215934753,0.05959999933838844
YKR038C,YPL146C,0,-4.4325128,0.30011722445487976,0.25600001215934753,0.059700001031160355
YLR405W,YCR042C,0,-4.4325433,0.29976579546928406,0.25600001215934753,0.05979999899864197
YBR081C,YGL243W,0,-4.432612,0.2994152009487152,0.25600001215934753,0.05990000069141388
YGR109C,YJL065C,0,-4.4327617,0.29906541109085083,0.25600001215934753,0.05999999865889549
YIL014W,YEL016C,0,-4.4330683,0.2987164556980133,0.25600001215934753,0.060100000351667404
YER019W,YGL201C,0,-4.4336715,0.29836830496788025,0.25600001215934753,0.06019999831914902
YNL027W,YLR033W,0,-4.433955,0.29802095890045166,0.25600001215934753,0.06030000001192093
YDR251W,YDR243C,0,-4.4351254,0.29767441749572754,0.25600001215934753,0.06040000170469284
YBL014C,YML114C,0,-4.4351907,0.2973286807537079,0.25600001215934753,0.060499999672174454
YNL032W,YER031C,0,-4.4353447,0.2969837486743927,0.25600001215934753,0.060600001364946365
YIL131C,YLL043W,0,-4.4358006,0.296639621257782,0.25600001215934753,0.06069999933242798
YDR191W,YGR074W,0,-4.435951,0.29629629850387573,0.25600001215934753,0.06080000102519989
YNL147W,YDL002C,0,-4.4360833,0.29595375061035156,0.25600001215934753,0.0608999989926815
YOL165C,YMR092C,0,-4.436223,0.29561200737953186,0.25600001215934753,0.061000000685453415
YLR329W,YDR143C,0,-4.437326,0.29527103900909424,0.25600001215934753,0.06109999865293503
YEL018W,YDL059C,0,-4.4375434,0.2949308753013611,0.25600001215934753,0.06120000034570694
YJL092W,YIL022W,0,-4.438727,0.29459148645401,0.25600001215934753,0.06129999831318855
YDR118W,YDR228C,0,-4.4397945,0.294252872467041,0.25600001215934753,0.061400000005960464
YKL192C,YDR235W,0,-4.4399724,0.2939150333404541,0.25600001215934753,0.061500001698732376
YLR153C,YOL013C,0,-4.440981,0.29357796907424927,0.25600001215934753,0.06159999966621399
YHR023W,YIL095W,1,-4.4410357,0.29438716173171997,0.25699999928474426,0.06159999966621399
YDR386W,YDR473C,0,-4.4413376,0.29405033588409424,0.25699999928474426,0.0617000013589859
YBR065C,YBR276C,0,-4.442201,0.2937142848968506,0.25699999928474426,0.061799999326467514
YJL209W,YFL037W,0,-4.442324,0.293379008769989,0.25699999928474426,0.061900001019239426
YLR318W,YJL134W,0,-4.442589,0.29304447770118713,0.25699999928474426,0.06199999898672104
YPL086C,YGR119C,0,-4.4428177,0.29271069169044495,0.25699999928474426,0.06210000067949295
YMR076C,YEL050C,0,-4.4428444,0.2923777103424072,0.25699999928474426,0.062199998646974564
YDR141C,YHR073W,0,-4.4428844,0.2920454442501068,0.25699999928474426,0.062300000339746475
YBR098W,YMR270C,0,-4.4430466,0.2917139530181885,0.25699999928474426,0.06239999830722809
YBL079W,YDR177W,0,-4.4431067,0.29138320684432983,0.25699999928474426,0.0625
YHR023W,YCR009C,1,-4.4433603,0.2921857237815857,0.257999986410141,0.0625
YML008C,YKL154W,0,-4.4439464,0.29185521602630615,0.257999986410141,0.06260000169277191
YDR440W,YLL002W,0,-4.4439697,0.2915254235267639,0.257999986410141,0.06270000338554382
YER045C,YNL268W,0,-4.4440722,0.29119637608528137,0.257999986410141,0.06279999762773514
YLR447C,YBL005W-B,0,-4.4441843,0.2908681035041809,0.257999986410141,0.06289999932050705
YDR195W,YDR379W,0,-4.4442587,0.29054054617881775,0.257999986410141,0.06300000101327896
YDR280W,YOL034W,0,-4.444866,0.2902137339115143,0.257999986410141,0.06310000270605087
YPR054W,YNL064C,0,-4.445252,0.2898876368999481,0.257999986410141,0.06319999694824219
YBL019W,YBL063W,0,-4.4452653,0.28956228494644165,0.257999986410141,0.0632999986410141
YLR433C,YKR095W,0,-4.445376,0.2892376780509949,0.257999986410141,0.06340000033378601
YHR115C,YDL019C,0,-4.4457693,0.2889137864112854,0.257999986410141,0.06350000202655792
YGL054C,YIR006C,1,-4.445873,0.2897091805934906,0.2590000033378601,0.06350000202655792
YOR326W,YPR055W,1,-4.445943,0.29050278663635254,0.25999999046325684,0.06350000202655792
YDR162C,YKL040C,0,-4.4462676,0.2901785671710968,0.25999999046325684,0.06360000371932983
YPR082C,YNL098C,0,-4.446836,0.28985506296157837,0.25999999046325684,0.06369999796152115
YNL225C,YFR002W,0,-4.447026,0.28953230381011963,0.25999999046325684,0.06379999965429306
YLR114C,YFR051C,0,-4.4470725,0.2892102301120758,0.25999999046325684,0.06390000134706497
YDR180W,YNL339C,0,-4.4471946,0.2888889014720917,0.25999999046325684,0.06400000303983688
YLR085C,YNL016W,0,-4.448363,0.28856825828552246,0.25999999046325684,0.0640999972820282
YCR038C,YKL048C,1,-4.4484253,0.2893569767475128,0.26100000739097595,0.0640999972820282
YPL256C,YMR167W,0,-4.448434,0.2890365421772003,0.26100000739097595,0.06419999897480011
YLR286C,YER149C,1,-4.4484954,0.2898229956626892,0.2619999945163727,0.06419999897480011
YIL103W,YGR006W,0,-4.4488425,0.2895027697086334,0.2619999945163727,0.06430000066757202
YMR047C,YNR026C,0,-4.4488473,0.28918322920799255,0.2619999945163727,0.06440000236034393
YLR098C,YNL090W,0,-4.449181,0.2888643741607666,0.2619999945163727,0.06449999660253525
YOL112W,YHR167W,0,-4.4496737,0.28854626417160034,0.2619999945163727,0.06459999829530716
YOL066C,YER138C,0,-4.4496994,0.2882288098335266,0.2619999945163727,0.06469999998807907
YMR033W,YHR072W,0,-4.449778,0.2879121005535126,0.2619999945163727,0.06480000168085098
YGR041W,YPR188C,1,-4.4500403,0.28869375586509705,0.2630000114440918,0.06480000168085098
YPL256C,YOR320C,0,-4.4503827,0.28837719559669495,0.2630000114440918,0.0649000033736229
YNL020C,YKL048C,1,-4.450415,0.28915661573410034,0.2639999985694885,0.0649000033736229
YOR239W,YDR363W,0,-4.4504294,0.28884026408195496,0.2639999985694885,0.06499999761581421
YML081C-A,YER075C,0,-4.4505973,0.2885245978832245,0.2639999985694885,0.06509999930858612
YMR042W,YNL014W,0,-4.4507494,0.28820961713790894,0.2639999985694885,0.06520000100135803
YDR309C,YPL242C,1,-4.451034,0.28898581862449646,0.26499998569488525,0.06520000100135803
YJR076C,YIR006C,1,-4.4520884,0.2897603511810303,0.26600000262260437,0.06520000100135803
YOL069W,YKL108W,0,-4.452148,0.28944504261016846,0.26600000262260437,0.06530000269412994
YJL090C,YNL164C,0,-4.4522333,0.28913044929504395,0.26600000262260437,0.06539999693632126
YHR204W,YDR477W,0,-4.453198,0.28881651163101196,0.26600000262260437,0.06549999862909317
YBR253W,YPR173C,0,-4.4535785,0.2885032594203949,0.26600000262260437,0.06560000032186508
YDR211W,YMR270C,0,-4.4541197,0.28819069266319275,0.26600000262260437,0.065700002014637
YDL017W,YGR285C,0,-4.4541216,0.28787878155708313,0.26600000262260437,0.0658000037074089
YLR433C,YLR022C,0,-4.45505,0.2875675559043884,0.26600000262260437,0.06589999794960022
YNL020C,YNL154C,1,-4.455117,0.28833693265914917,0.2669999897480011,0.06589999794960022
YFL003C,YOR064C,0,-4.455173,0.2880258858203888,0.2669999897480011,0.06599999964237213
YBR185C,YNR031C,0,-4.455575,0.28771552443504333,0.2669999897480011,0.06610000133514404
YCL014W,YNL243W,1,-4.4561024,0.2884822487831116,0.2680000066757202,0.06610000133514404
YOR332W,YEL051W,0,-4.4561496,0.28817203640937805,0.2680000066757202,0.06620000302791595
YDR331W,YDR240C,0,-4.4561877,0.28786250948905945,0.2680000066757202,0.06629999727010727
YJR076C,YDL225W,1,-4.456198,0.28862661123275757,0.26899999380111694,0.06629999727010727
YJR042W,YML097C,0,-4.4565487,0.2883172631263733,0.26899999380111694,0.06639999896287918
YDR518W,YBR061C,0,-4.456569,0.28800857067108154,0.26899999380111694,0.06650000065565109
YCR002C,YDR309C,1,-4.4567094,0.28877004981040955,0.27000001072883606,0.06650000065565109
YDR211W,YNL188W,0,-4.4570394,0.2884615361690521,0.27000001072883606,0.066600002348423
YKR022C,YDR416W,0,-4.4572577,0.28815367817878723,0.27000001072883606,0.06669999659061432
YER110C,YJL154C,0,-4.4576063,0.28784647583961487,0.27000001072883606,0.06679999828338623
YPL086C,YNL085W,0,-4.4592023,0.28753992915153503,0.27000001072883606,0.06689999997615814
YHR142W,YLR009W,0,-4.459665,0.28723403811454773,0.27000001072883606,0.06700000166893005
YGL054C,YIL068C,1,-4.4599204,0.2879914939403534,0.2709999978542328,0.06700000166893005
YLR254C,YDL059C,0,-4.4604893,0.2876857817173004,0.2709999978542328,0.06710000336170197
YLR084C,YBL061C,1,-4.460523,0.28844115138053894,0.2720000147819519,0.06710000336170197
YDR378C,YKL194C,0,-4.4606633,0.2881355881690979,0.2720000147819519,0.06719999760389328
YNR027W,YLR166C,1,-4.4609,0.2888889014720917,0.27300000190734863,0.06719999760389328
YGR264C,YGR116W,0,-4.461258,0.28858351707458496,0.27300000190734863,0.06729999929666519
YNL016W,YGL255W,0,-4.461364,0.2882787883281708,0.27300000190734863,0.0674000009894371
YMR264W,YER110C,0,-4.4615765,0.28797468543052673,0.27300000190734863,0.06750000268220901
YJR092W,YNL110C,1,-4.461692,0.28872495889663696,0.27399998903274536,0.06750000268220901
YLR223C,YML107C,0,-4.4627433,0.28842106461524963,0.27399998903274536,0.06759999692440033
YHL003C,YIL084C,0,-4.46277,0.28811776638031006,0.27399998903274536,0.06769999861717224
YNL166C,YDR245W,1,-4.4628,0.2888655364513397,0.2750000059604645,0.06769999861717224
YLR166C,YBR143C,1,-4.4633956,0.2896117568016052,0.2759999930858612,0.06769999861717224
YHR005C,YML062C,0,-4.4642463,0.28930819034576416,0.2759999930858612,0.06780000030994415
YEL018W,YBL057C,0,-4.4650836,0.28900524973869324,0.2759999930858612,0.06790000200271606
YFL010W-A,YER074W-A,0,-4.46553,0.28870293498039246,0.2759999930858612,0.06800000369548798
YIL095W,YDR166C,1,-4.4655795,0.2894461750984192,0.2770000100135803,0.06800000369548798
YPR188C,YDR388W,1,-4.4665422,0.29018789529800415,0.27799999713897705,0.06800000369548798
YDR245W,YPR055W,1,-4.466632,0.29092803597450256,0.27900001406669617,0.06800000369548798
YBR038W,YMR109W,1,-4.466638,0.2916666567325592,0.2800000011920929,0.06800000369548798
YFR051C,YKR057W,0,-4.467275,0.2913631498813629,0.2800000011920929,0.06809999793767929
YDR211W,YOR216C,0,-4.4673448,0.29106029868125916,0.2800000011920929,0.0681999996304512
YMR033W,YNL118C,0,-4.467647,0.29075804352760315,0.2800000011920929,0.06830000132322311
YPR002W,YHR119W,0,-4.4684205,0.2904564440250397,0.2800000011920929,0.06840000301599503
YLR015W,YDL028C,0,-4.468797,0.29015544056892395,0.2800000011920929,0.06849999725818634
YMR288W,YJL183W,0,-4.468982,0.28985506296157837,0.2800000011920929,0.06859999895095825
YMR014W,YIL068C,1,-4.4691825,0.29058945178985596,0.2809999883174896,0.06859999895095825
YLR328W,YOR194C,0,-4.469362,0.2902892529964447,0.2809999883174896,0.06870000064373016
YBL035C,YBR167C,0,-4.4697304,0.2899896800518036,0.2809999883174896,0.06880000233650208
YJR076C,YNL267W,1,-4.4697766,0.2907216548919678,0.28200000524520874,0.06880000233650208
YFL017W-A,YLR277C,0,-4.4701843,0.2904222309589386,0.28200000524520874,0.06889999657869339
YMR014W,YHR023W,1,-4.470229,0.2911522686481476,0.28299999237060547,0.06889999657869339
YBR236C,YOR308C,0,-4.471494,0.29085302352905273,0.28299999237060547,0.0689999982714653
YLR166C,YER008C,1,-4.4725657,0.29158109426498413,0.2840000092983246,0.0689999982714653
YDR182W,YBR095C,0,-4.4728646,0.291282057762146,0.2840000092983246,0.06909999996423721
YHR072W,YLR301W,0,-4.4736385,0.2909836173057556,0.2840000092983246,0.06920000165700912
YBR038W,YIL068C,1,-4.473748,0.291709303855896,0.2849999964237213,0.06920000165700912
YMR236W,YML038C,0,-4.4739714,0.29141104221343994,0.2849999964237213,0.06930000334978104
YLR011W,YGL115W,0,-4.4740825,0.29111337661743164,0.2849999964237213,0.06939999759197235
YBR060C,YPR181C,0,-4.474617,0.2908163368701935,0.2849999964237213,0.06949999928474426
YDR434W,YDR260C,0,-4.4752607,0.2905198633670807,0.2849999964237213,0.06960000097751617
YJL121C,YLR033W,0,-4.475272,0.2902240455150604,0.2849999964237213,0.06970000267028809
YNL259C,YJL143W,0,-4.4753947,0.2899287939071655,0.2849999964237213,0.0697999969124794
YBR167C,YNL229C,0,-4.4756494,0.2896341383457184,0.2849999964237213,0.06989999860525131
YJL124C,YDR268W,0,-4.475735,0.2893401086330414,0.2849999964237213,0.07000000029802322
YHR061C,YDR129C,1,-4.4766693,0.2900608479976654,0.28600001335144043,0.07000000029802322
YJL167W,YKR101W,0,-4.4773765,0.28976696729660034,0.28600001335144043,0.07010000199079514
YNL166C,YLR337C,1,-4.4778895,0.29048582911491394,0.28700000047683716,0.07010000199079514
YGL122C,YOR332W,0,-4.4780116,0.2901921272277832,0.28700000047683716,0.07020000368356705
YLR110C,YDR079C-A,0,-4.478028,0.28989899158477783,0.28700000047683716,0.07029999792575836
YDR206W,YPL153C,0,-4.4788356,0.2896064519882202,0.28700000047683716,0.07039999961853027
YKR036C,YDR228C,0,-4.479656,0.28931450843811035,0.28700000047683716,0.07050000131130219
YDR137W,YMR016C,0,-4.4799476,0.28902316093444824,0.28700000047683716,0.0706000030040741
YOL063C,YML010W,0,-4.4799523,0.2887323796749115,0.28700000047683716,0.07069999724626541
YOR269W,YML039W,0,-4.4800777,0.2884422242641449,0.28700000047683716,0.07079999893903732
YNL166C,YLL021W,1,-4.4800854,0.28915661573410034,0.2879999876022339,0.07079999893903732
YJL008C,YGR169C,0,-4.4804826,0.2888666093349457,0.2879999876022339,0.07090000063180923
YLR015W,YDL244W,0,-4.4806905,0.2885771691799164,0.2879999876022339,0.07100000232458115
YGR200C,YAL009W,0,-4.480847,0.28828829526901245,0.2879999876022339,0.07109999656677246
YMR076C,YOL148C,0,-4.4811325,0.2879999876022339,0.2879999876022339,0.07119999825954437
YKL172W,YIL009C-A,0,-4.481155,0.2877122759819031,0.2879999876022339,0.07129999995231628
YNL199C,YOL012C,0,-4.4811893,0.28742516040802,0.2879999876022339,0.0714000016450882
YOR039W,YGL143C,0,-4.4813685,0.28713858127593994,0.2879999876022339,0.07150000333786011
YMR150C,YNL121C,0,-4.481392,0.2868525981903076,0.2879999876022339,0.07159999758005142
YOR074C,YDR195W,0,-4.481442,0.28656715154647827,0.2879999876022339,0.07169999927282333
YJL081C,YDL213C,0,-4.48178,0.2862823009490967,0.2879999876022339,0.07180000096559525
YOL165C,YHL048W,0,-4.4820395,0.28599801659584045,0.2879999876022339,0.07190000265836716
YJR022W,YDR207C,0,-4.4830756,0.2857142984867096,0.2879999876022339,0.07199999690055847
YFL023W,YCR038C,1,-4.4830947,0.2864221930503845,0.289000004529953,0.07199999690055847
YHR005C-A,YAL015C,0,-4.483256,0.2861386239528656,0.289000004529953,0.07209999859333038
YOL008W,YLR086W,0,-4.483282,0.28585559129714966,0.289000004529953,0.0722000002861023
YHR120W,YDR240C,0,-4.483335,0.2855731248855591,0.289000004529953,0.0723000019788742
YLR319C,YOR301W,1,-4.484076,0.2862783670425415,0.28999999165534973,0.0723000019788742
YHR061C,YDR309C,1,-4.484824,0.2869822382926941,0.29100000858306885,0.0723000019788742
YLR263W,YKL126W,0,-4.4848833,0.286699503660202,0.29100000858306885,0.07240000367164612
YOR266W,YCR028C-A,0,-4.4857097,0.2864173352718353,0.29100000858306885,0.07249999791383743
YER114C,YMR164C,0,-4.486672,0.2861357033252716,0.29100000858306885,0.07259999960660934
YPR122W,YAR019C,1,-4.486891,0.2868369221687317,0.2919999957084656,0.07259999960660934
YGL229C,YGR279C,0,-4.487625,0.2865554392337799,0.2919999957084656,0.07270000129938126
YPL268W,YPL163C,0,-4.4877515,0.2862745225429535,0.2919999957084656,0.07280000299215317
YBL034C,YNL121C,0,-4.4878554,0.28599411249160767,0.2919999957084656,0.07289999723434448
YER148W,YML045W,0,-4.4881325,0.2857142984867096,0.2919999957084656,0.0729999989271164
YEL016C,YOR069W,0,-4.4885373,0.2854349911212921,0.2919999957084656,0.0731000006198883
YNL327W,YPL242C,1,-4.488587,0.2861328125,0.2930000126361847,0.0731000006198883
YMR001C,YLR292C,0,-4.490023,0.28585365414619446,0.2930000126361847,0.07320000231266022
YPL212C,YGL210W,0,-4.4903574,0.2855750620365143,0.2930000126361847,0.07329999655485153
YPR199C,YIL023C,0,-4.4906344,0.2852969765663147,0.2930000126361847,0.07339999824762344
YBL025W,YDL185W,0,-4.491405,0.2850194573402405,0.2930000126361847,0.07349999994039536
YOR188W,YDR314C,0,-4.4915266,0.28474247455596924,0.2930000126361847,0.07360000163316727
YGL018C,YMR270C,0,-4.4916883,0.284466028213501,0.2930000126361847,0.07370000332593918
YPL008W,YML071C,0,-4.4919343,0.2841901183128357,0.2930000126361847,0.0737999975681305
YMR234W,YBR077C,0,-4.4930778,0.283914715051651,0.2930000126361847,0.0738999992609024
YOR254C,YPR016C,0,-4.493579,0.2836398780345917,0.2930000126361847,0.07400000095367432
YDL155W,YDR013W,0,-4.4935966,0.2833655774593353,0.2930000126361847,0.07410000264644623
YGR113W,YGR200C,0,-4.4952903,0.28309178352355957,0.2930000126361847,0.07419999688863754
YOR061W,YKR095W,0,-4.495375,0.2828185260295868,0.2930000126361847,0.07429999858140945
YDR062W,YCL054W,0,-4.4954753,0.282545804977417,0.2930000126361847,0.07440000027418137
YOR315W,YOL102C,0,-4.4955993,0.2822735905647278,0.2930000126361847,0.07450000196695328
YER183C,YGR158C,0,-4.4957614,0.28200191259384155,0.2930000126361847,0.07460000365972519
YJR074W,YDR356W,0,-4.496333,0.2817307710647583,0.2930000126361847,0.0746999979019165
YPR005C,YHR001W-A,0,-4.4967437,0.28146013617515564,0.2930000126361847,0.07479999959468842
YKL179C,YGL162W,0,-4.49693,0.28119000792503357,0.2930000126361847,0.07490000128746033
YDL017W,YDL195W,0,-4.497016,0.2809204161167145,0.2930000126361847,0.07500000298023224
YDR320C-A,YCR028C-A,0,-4.497573,0.280651330947876,0.2930000126361847,0.07509999722242355
YOL112W,YOR157C,0,-4.497721,0.28038278222084045,0.2930000126361847,0.07519999891519547
YNL027W,YDR021W,0,-4.497772,0.28011471033096313,0.2930000126361847,0.07530000060796738
YNL003C,YJL203W,0,-4.4978414,0.2798471748828888,0.2930000126361847,0.07540000230073929
YLR059C,YDR207C,0,-4.4980454,0.27958014607429504,0.2930000126361847,0.0754999965429306
YLR319C,YNL243W,1,-4.4981694,0.2802669107913971,0.2939999997615814,0.0754999965429306
YDR481C,YOR254C,0,-4.4982038,0.2800000011920929,0.2939999997615814,0.07559999823570251
YGR041W,YER149C,1,-4.4987574,0.28068506717681885,0.29499998688697815,0.07559999823570251
YDR382W,YGR275W,0,-4.4993186,0.2804182469844818,0.29499998688697815,0.07569999992847443
YFL024C,YML045W,0,-4.4996142,0.28015193343162537,0.29499998688697815,0.07580000162124634
YEL037C,YJR029W,0,-4.499884,0.2798861563205719,0.29499998688697815,0.07590000331401825
YBR234C,YJR031C,0,-4.501141,0.27962085604667664,0.29499998688697815,0.07599999755620956
YNL326C,YMR149W,0,-4.502079,0.27935606241226196,0.29499998688697815,0.07609999924898148
YDL140C,YGL049C,0,-4.5031905,0.2790917754173279,0.29499998688697815,0.07620000094175339
YMR012W,YMR234W,0,-4.504043,0.278827965259552,0.29499998688697815,0.0763000026345253
YDR361C,YPL155C,0,-4.504509,0.2785646915435791,0.29499998688697815,0.07639999687671661
YHR175W,YHR012W,0,-4.505751,0.2783018946647644,0.29499998688697815,0.07649999856948853
YKR090W,YJL109C,0,-4.5057783,0.2780395746231079,0.29499998688697815,0.07660000026226044
YNL129W,YER075C,0,-4.505838,0.2777777910232544,0.29499998688697815,0.07670000195503235
YPL133C,YPL033C,0,-4.505996,0.2775164544582367,0.29499998688697815,0.07680000364780426
YIR006C,YDR129C,1,-4.5063634,0.27819550037384033,0.29600000381469727,0.07680000364780426
YNL117W,YPR007C,0,-4.5067687,0.2779342830181122,0.29600000381469727,0.07689999788999557
YMR054W,YDR400W,0,-4.508029,0.27767354249954224,0.29600000381469727,0.07699999958276749
YPR020W,YNR064C,0,-4.5085464,0.2774133086204529,0.29600000381469727,0.0771000012755394
YFL023W,YCL012W,1,-4.5091424,0.27808988094329834,0.296999990940094,0.0771000012755394
YOR210W,YIL073C,0,-4.509791,0.27782973647117615,0.296999990940094,0.07720000296831131
YHR062C,YPL007C,0,-4.510879,0.27757009863853455,0.296999990940094,0.07729999721050262
YDL166C,YLR442C,0,-4.5109067,0.27731093764305115,0.296999990940094,0.07739999890327454
YHR186C,YNL329C,0,-4.5113435,0.27705225348472595,0.296999990940094,0.07750000059604645
YBL032W,YFR051C,0,-4.511459,0.27679404616355896,0.296999990940094,0.07760000228881836
YLR084C,YLR166C,1,-4.51177,0.27746739983558655,0.2980000078678131,0.07760000228881836
YNL267W,YCR057C,1,-4.51184,0.27813953161239624,0.29899999499320984,0.07760000228881836
YOR079C,YEL022W,0,-4.5118456,0.27788102626800537,0.29899999499320984,0.07769999653100967
YPR082C,YGR048W,0,-4.512242,0.2776230275630951,0.29899999499320984,0.07779999822378159
YLR319C,YLR166C,1,-4.5122743,0.2782931327819824,0.30000001192092896,0.07779999822378159
YML010W,YPL029W,0,-4.512352,0.2780352234840393,0.30000001192092896,0.0778999999165535
YPR141C,YCR039C,0,-4.512445,0.2777777910232544,0.30000001192092896,0.07800000160932541
YNL153C,YMR067C,0,-4.513273,0.2775208055973053,0.30000001192092896,0.07810000330209732
YHR024C,YMR061W,0,-4.5144744,0.2772643268108368,0.30000001192092896,0.07819999754428864
YJL194W,YMR037C,0,-4.5145836,0.2770083248615265,0.30000001192092896,0.07829999923706055
YJL121C,YHR214C-B,0,-4.5146594,0.276752769947052,0.30000001192092896,0.07840000092983246
YGL021W,YBR155W,0,-4.5149884,0.2764976918697357,0.30000001192092896,0.07850000262260437
YPR019W,YDL097C,0,-4.515392,0.27624309062957764,0.30000001192092896,0.07859999686479568
YPL242C,YGR152C,1,-4.5154295,0.2769089341163635,0.3009999990463257,0.07859999686479568
YBL006C,YBR098W,0,-4.5154567,0.2766544222831726,0.3009999990463257,0.0786999985575676
YGL174W,YDL117W,1,-4.516191,0.2773186266422272,0.3019999861717224,0.0786999985575676
YHR107C,YOL113W,1,-4.516464,0.27798163890838623,0.30300000309944153,0.0786999985575676
YNR027W,YNL327W,1,-4.516805,0.2786434590816498,0.30399999022483826,0.0786999985575676
YBR102C,YLR452C,0,-4.51824,0.27838829159736633,0.30399999022483826,0.07880000025033951
YPL117C,YJL098W,0,-4.5189734,0.2781335711479187,0.30399999022483826,0.07890000194311142
YJR118C,YOL031C,0,-4.519662,0.2778793275356293,0.30399999022483826,0.07900000363588333
YNL268W,YBL005W-B,0,-4.5197277,0.27762556076049805,0.30399999022483826,0.07909999787807465
YCL004W,YLR292C,0,-4.5198607,0.277372270822525,0.30399999022483826,0.07919999957084656
YNL003C,YDR146C,0,-4.520063,0.2771194279193878,0.30399999022483826,0.07930000126361847
YHR013C,YHR118C,0,-4.520804,0.2768670320510864,0.30399999022483826,0.07940000295639038
YGL066W,YDR240C,0,-4.5209756,0.27661511301994324,0.30399999022483826,0.0794999971985817
YKR022C,YDR172W,0,-4.521019,0.27636364102363586,0.30399999022483826,0.07959999889135361
YLR335W,YCR044C,0,-4.522096,0.2761126160621643,0.30399999022483826,0.07970000058412552
YPR105C,YEL032W,0,-4.522286,0.27586206793785095,0.30399999022483826,0.07980000227689743
YBR038W,YLL021W,1,-4.5226135,0.2765185832977295,0.3050000071525574,0.07980000227689743
YBL084C,YGL207W,0,-4.5226235,0.2762681245803833,0.3050000071525574,0.07989999651908875
YLR353W,YOL113W,1,-4.522981,0.2769230902194977,0.3059999942779541,0.07989999651908875
YBL022C,YLR234W,0,-4.523394,0.27667269110679626,0.3059999942779541,0.07999999821186066
YOL068C,YNR031C,0,-4.523406,0.27642276883125305,0.3059999942779541,0.08009999990463257
YDR320C,YFL037W,0,-4.523436,0.27617329359054565,0.3059999942779541,0.08020000159740448
YPR083W,YBR257W,0,-4.5234847,0.2759242653846741,0.3059999942779541,0.08030000329017639
YJR006W,YPR070W,0,-4.523748,0.2756756842136383,0.3059999942779541,0.0803999975323677
YER165W,YBL105C,0,-4.5240507,0.27542755007743835,0.3059999942779541,0.08049999922513962
YJR135W-A,YML097C,0,-4.5245185,0.2751798629760742,0.3059999942779541,0.08060000091791153
YOR160W,YER089C,0,-4.524712,0.2749326229095459,0.3059999942779541,0.08070000261068344
YLR067C,YLR371W,0,-4.52474,0.2746858298778534,0.3059999942779541,0.08079999685287476
YKL055C,YAL047C,0,-4.525746,0.2744394540786743,0.3059999942779541,0.08089999854564667
YPR178W,YLR033W,0,-4.5268426,0.27419355511665344,0.3059999942779541,0.08100000023841858
YJL133W,YDL229W,0,-4.5270524,0.273948073387146,0.3059999942779541,0.08110000193119049
YBL102W,YNL045W,0,-4.527117,0.27370303869247437,0.3059999942779541,0.0812000036239624
YGL008C,YLL024C,0,-4.5276065,0.27345845103263855,0.3059999942779541,0.08129999786615372
YDR464W,YLR212C,0,-4.527774,0.27321428060531616,0.3059999942779541,0.08139999955892563
YJR118C,YJL093C,0,-4.528456,0.2729705572128296,0.3059999942779541,0.08150000125169754
YBL020W,YMR272C,0,-4.528539,0.27272728085517883,0.3059999942779541,0.08160000294446945
YPL091W,YBR253W,0,-4.5293975,0.2724844217300415,0.3059999942779541,0.08169999718666077
YMR109W,YNL267W,1,-4.5296464,0.27313166856765747,0.3070000112056732,0.08169999718666077
YAL041W,YLR381W,0,-4.5297017,0.2728888988494873,0.3070000112056732,0.08179999887943268
YJR069C,YGR013W,0,-4.5297637,0.27264654636383057,0.3070000112056732,0.08190000057220459
YJL034W,YER111C,0,-4.529777,0.27240461111068726,0.3070000112056732,0.0820000022649765
YJL115W,YOL066C,0,-4.5304666,0.27216312289237976,0.3070000112056732,0.08209999650716782
YGL071W,YNL304W,0,-4.5305696,0.2719220519065857,0.3070000112056732,0.08219999819993973
YER038C,YNL046W,0,-4.5307474,0.27168142795562744,0.3070000112056732,0.08229999989271164
YML103C,YFL002C,0,-4.531058,0.27144119143486023,0.3070000112056732,0.08240000158548355
YJL024C,YER165W,0,-4.531334,0.27120140194892883,0.3070000112056732,0.08250000327825546
YJL178C,YJR082C,0,-4.5318527,0.27096205949783325,0.3070000112056732,0.08259999752044678
YJL133W,YPR113W,0,-4.5319486,0.2707231044769287,0.3070000112056732,0.08269999921321869
YBR059C,YAL024C,0,-4.532045,0.2704845666885376,0.3070000112056732,0.0828000009059906
YLR100W,YCR065W,0,-4.53233,0.2702464759349823,0.3070000112056732,0.08290000259876251
YKL185W,YER133W,0,-4.5323806,0.27000880241394043,0.3070000112056732,0.08299999684095383
YDR459C,YML093W,0,-4.532446,0.2697715163230896,0.3070000112056732,0.08309999853372574
YJR092W,YDL117W,1,-4.5325503,0.2704126536846161,0.30799999833106995,0.08309999853372574
YML086C,YOR250C,0,-4.532851,0.27017542719841003,0.30799999833106995,0.08320000022649765
YOR373W,YDR498C,0,-4.5335517,0.2699386477470398,0.30799999833106995,0.08330000191926956
YKR097W,YFR034C,0,-4.5335975,0.269702285528183,0.30799999833106995,0.08340000361204147
YDR529C,YDL170W,0,-4.5348787,0.2694663107395172,0.30799999833106995,0.08349999785423279
YGL205W,YMR101C,0,-4.5352983,0.26923078298568726,0.30799999833106995,0.0835999995470047
YNL219C,YNL248C,0,-4.5355067,0.26899564266204834,0.30799999833106995,0.08370000123977661
YLR319C,YGL106W,1,-4.535558,0.2696335017681122,0.3089999854564667,0.08370000123977661
YFL009W,YIR010W,0,-4.5358787,0.26939842104911804,0.3089999854564667,0.08380000293254852
YLR098C,YER110C,0,-4.5362906,0.26916375756263733,0.3089999854564667,0.08389999717473984
YJL209W,YML064C,0,-4.5363545,0.26892951130867004,0.3089999854564667,0.08399999886751175
YAL003W,YLR260W,0,-4.5366907,0.2686956524848938,0.3089999854564667,0.08410000056028366
YBL022C,YDR235W,0,-4.5368276,0.268462210893631,0.3089999854564667,0.08420000225305557
YOR127W,YMR203W,0,-4.536904,0.2682291567325592,0.3089999854564667,0.08429999649524689
YGR113W,YOR233W,0,-4.5371404,0.26799651980400085,0.3089999854564667,0.0843999981880188
YJR031C,YIL112W,0,-4.5375957,0.26776430010795593,0.3089999854564667,0.08449999988079071
YAL007C,YJL121C,0,-4.53797,0.26753246784210205,0.3089999854564667,0.08460000157356262
YCR039C,YHL009C,0,-4.538215,0.2673010528087616,0.3089999854564667,0.08470000326633453
YGL062W,YER005W,0,-4.538618,0.2670699954032898,0.3089999854564667,0.08479999750852585
YFL023W,YHR107C,1,-4.538668,0.26770293712615967,0.3100000023841858,0.08479999750852585
YLR260W,YLR320W,0,-4.539124,0.26747196912765503,0.3100000023841858,0.08489999920129776
YLR098C,YLR033W,0,-4.539164,0.26724138855934143,0.3100000023841858,0.08500000089406967
YCR012W,YGL137W,0,-4.539251,0.26701119542121887,0.3100000023841858,0.08510000258684158
YBR142W,YER116C,0,-4.54016,0.26678141951560974,0.3100000023841858,0.0851999968290329
YOR039W,YNL129W,0,-4.540544,0.26655203104019165,0.3100000023841858,0.08529999852180481
YIL035C,YDR013W,0,-4.541066,0.2663230299949646,0.3100000023841858,0.08540000021457672
YGR040W,YNL293W,0,-4.541981,0.2660944163799286,0.3100000023841858,0.08550000190734863
YIL095W,YHR135C,1,-4.5420475,0.2667238414287567,0.3109999895095825,0.08550000190734863
YEL071W,YKL126W,0,-4.5428143,0.2664952874183655,0.3109999895095825,0.08560000360012054
YJL085W,YDL225W,1,-4.543187,0.267123281955719,0.31200000643730164,0.08560000360012054
YMR043W,YHR119W,0,-4.543246,0.26689478754997253,0.31200000643730164,0.08569999784231186
YMR285C,YAL032C,0,-4.543513,0.2666666805744171,0.31200000643730164,0.08579999953508377
YML105C,YLR020C,0,-4.5444393,0.26643893122673035,0.31200000643730164,0.08590000122785568
YLR106C,YDL244W,0,-4.544719,0.266211599111557,0.31200000643730164,0.0860000029206276
YJL033W,YLR010C,0,-4.544747,0.2659846544265747,0.31200000643730164,0.08609999716281891
YNL084C,YER149C,1,-4.545434,0.26660987734794617,0.31299999356269836,0.08609999716281891
YNL330C,YOR295W,0,-4.546119,0.26638299226760864,0.31299999356269836,0.08619999885559082
YPR122W,YNR067C,1,-4.546127,0.2670068144798279,0.3140000104904175,0.08619999885559082
YPL192C,YOL117W,0,-4.546169,0.26677995920181274,0.3140000104904175,0.08630000054836273
YDR258C,YPR155C,0,-4.5462713,0.26655349135398865,0.3140000104904175,0.08640000224113464
YNL021W,YDR180W,0,-4.5464454,0.2663274109363556,0.3140000104904175,0.08649999648332596
YDL192W,YOR087W,0,-4.5465794,0.2661016881465912,0.3140000104904175,0.08659999817609787
YLR103C,YOR085W,0,-4.5473404,0.2658763825893402,0.3140000104904175,0.08669999986886978
YBR038W,YDR388W,1,-4.547698,0.2664974629878998,0.3149999976158142,0.08669999986886978
YMR014W,YDR245W,1,-4.5479994,0.2671175003051758,0.3160000145435333,0.08669999986886978
YBR098W,YOR056C,0,-4.548161,0.2668918967247009,0.3160000145435333,0.0868000015616417
YDL231C,YML023C,0,-4.5481825,0.2666666805744171,0.3160000145435333,0.0869000032544136
YKL108W,YHR012W,0,-4.5484433,0.26644182205200195,0.3160000145435333,0.08699999749660492
YHR142W,YJL050W,0,-4.5485444,0.26621735095977783,0.3160000145435333,0.08709999918937683
YPL256C,YGL014W,0,-4.5488396,0.26599326729774475,0.3160000145435333,0.08720000088214874
YOL145C,YGL090W,0,-4.5489755,0.2657695412635803,0.3160000145435333,0.08730000257492065
YAL007C,YMR246W,0,-4.549213,0.2655462324619293,0.3160000145435333,0.08739999681711197
YCL016C,YGR014W,0,-4.549932,0.2653232514858246,0.3160000145435333,0.08749999850988388
YGL003C,YNL201C,0,-4.550218,0.2651006579399109,0.3160000145435333,0.08760000020265579
YGL190C,YNL245C,0,-4.550856,0.26487845182418823,0.3160000145435333,0.0877000018954277
YMR014W,YGR262C,1,-4.5509243,0.26549413800239563,0.31700000166893005,0.0877000018954277
YGL155W,YOR144C,0,-4.5509257,0.26527196168899536,0.31700000166893005,0.08780000358819962
YDL117W,YER149C,1,-4.551301,0.2658862769603729,0.3179999887943268,0.08780000358819962
YLR100W,YNL206C,0,-4.551833,0.26566416025161743,0.3179999887943268,0.08789999783039093
YLR314C,YOR181W,1,-4.5520997,0.26627713441848755,0.3190000057220459,0.08789999783039093
YJR007W,YDR381W,0,-4.552734,0.26605504751205444,0.3190000057220459,0.08799999952316284
YJL085W,YPR055W,1,-4.5533137,0.2666666805744171,0.3199999928474426,0.08799999952316284
YLR098C,YLR384C,0,-4.5534806,0.2664446234703064,0.3199999928474426,0.08810000121593475
YBR218C,YGR212W,0,-4.5542626,0.2662229537963867,0.3199999928474426,0.08820000290870667
YOR320C,YLR442C,0,-4.554353,0.2660016715526581,0.3199999928474426,0.08829999715089798
YBR145W,YOL105C,0,-4.5545754,0.2657807171344757,0.3199999928474426,0.08839999884366989
YJL099W,YKR095W,0,-4.5552974,0.26556017994880676,0.3199999928474426,0.0885000005364418
YEL063C,YFL024C,0,-4.5554237,0.2653399705886841,0.3199999928474426,0.08860000222921371
YHR107C,YLR166C,1,-4.555487,0.265948623418808,0.32100000977516174,0.08860000222921371
YNL004W,YDR386W,0,-4.555775,0.2657284736633301,0.32100000977516174,0.08869999647140503
YGR152C,YER008C,1,-4.5558352,0.2663358151912689,0.32199999690055847,0.08869999647140503
YBR210W,YNL267W,1,-4.555864,0.2669421434402466,0.3230000138282776,0.08869999647140503
YBR023C,YCR057C,1,-4.556069,0.26754748821258545,0.3240000009536743,0.08869999647140503
YLR295C,YOL023W,0,-4.5561824,0.2673267424106598,0.3240000009536743,0.08879999816417694
YLR459W,YJL145W,0,-4.55673,0.2671063542366028,0.3240000009536743,0.08889999985694885
YNL264C,YIL139C,0,-4.5570555,0.26688632369041443,0.3240000009536743,0.08900000154972076
YJL134W,YGL244W,0,-4.557403,0.2666666805744171,0.3240000009536743,0.08910000324249268
YHR204W,YHR205W,0,-4.557755,0.26644736528396606,0.3240000009536743,0.08919999748468399
YJR092W,YER149C,1,-4.557853,0.2670501172542572,0.32499998807907104,0.08919999748468399
YOR123C,YGR212W,0,-4.5586123,0.2668308615684509,0.32499998807907104,0.0892999991774559
YBL102W,YMR134W,0,-4.558818,0.2666119635105133,0.32499998807907104,0.08940000087022781
YML062C,YLR014C,0,-4.5590606,0.2663934528827667,0.32499998807907104,0.08950000256299973
YKL186C,YDR013W,0,-4.559158,0.2661752700805664,0.32499998807907104,0.08959999680519104
YER075C,YKR089C,0,-4.5592484,0.26595744490623474,0.32499998807907104,0.08969999849796295
YML061C,YNL007C,0,-4.559426,0.26573997735977173,0.32499998807907104,0.08980000019073486
YMR312W,YDR337W,0,-4.5594764,0.26552286744117737,0.32499998807907104,0.08990000188350677
YCL055W,YMR203W,0,-4.5595326,0.26530611515045166,0.32499998807907104,0.09000000357627869
YER174C,YDL058W,0,-4.5604515,0.2650897204875946,0.32499998807907104,0.09009999781847
YBL019W,YMR308C,0,-4.5606894,0.2648736834526062,0.32499998807907104,0.09019999951124191
YIL131C,YDR213W,0,-4.56111,0.26465797424316406,0.32499998807907104,0.09030000120401382
YBR211C,YBL102W,0,-4.5612497,0.2644426226615906,0.32499998807907104,0.09040000289678574
YLR295C,YDR265W,0,-4.5614595,0.26422762870788574,0.32499998807907104,0.09049999713897705
YLR085C,YLR318W,0,-4.561593,0.26401299238204956,0.32499998807907104,0.09059999883174896
YLR078C,YGR211W,0,-4.5620217,0.26379871368408203,0.32499998807907104,0.09070000052452087
YIL159W,YDR245W,1,-4.562318,0.2643957734107971,0.32600000500679016,0.09070000052452087
YBR278W,YFR052W,0,-4.562945,0.264181524515152,0.32600000500679016,0.09080000221729279
YJL194W,YGL089C,0,-4.56312,0.2639676034450531,0.32600000500679016,0.0908999964594841
YAL024C,YDR409W,0,-4.563346,0.2637540400028229,0.32600000500679016,0.09099999815225601
YBR009C,YLR197W,0,-4.563749,0.2635408341884613,0.32600000500679016,0.09109999984502792
YML098W,YPL129W,0,-4.563818,0.263327956199646,0.32600000500679016,0.09120000153779984
YDR457W,YBR284W,0,-4.5638866,0.26311540603637695,0.32600000500679016,0.09130000323057175
YJR092W,YIL095W,1,-4.5643945,0.2637096643447876,0.3269999921321869,0.09130000323057175
YMR285C,YDR207C,0,-4.564422,0.26349717378616333,0.3269999921321869,0.09139999747276306
YCR098C,YDR545W,0,-4.5645905,0.2632850110530853,0.3269999921321869,0.09149999916553497
YKL016C,YGR056W,0,-4.565207,0.263073205947876,0.3269999921321869,0.09160000085830688
YDR300C,YPR032W,0,-4.5656514,0.2628617286682129,0.3269999921321869,0.0917000025510788
YHL002W,YOL128C,0,-4.5658846,0.26265060901641846,0.3269999921321869,0.09179999679327011
YGL136C,YBL018C,0,-4.565991,0.2624398171901703,0.3269999921321869,0.09189999848604202
YKR101W,YEL051W,0,-4.5660577,0.2622293531894684,0.3269999921321869,0.09200000017881393
YDR331W,YNL164C,0,-4.566115,0.26201921701431274,0.3269999921321869,0.09210000187158585
YNL227C,YJL154C,0,-4.5664306,0.26180943846702576,0.3269999921321869,0.09220000356435776
YLR085C,YHR060W,0,-4.5665727,0.26159998774528503,0.3269999921321869,0.09229999780654907
YNR059W,YOR346W,0,-4.566617,0.26139089465141296,0.3269999921321869,0.09239999949932098
YDR158W,YOL031C,0,-4.5666404,0.26118209958076477,0.3269999921321869,0.0925000011920929
YDL195W,YGR128C,0,-4.5673757,0.26097366213798523,0.3269999921321869,0.09260000288486481
YOR098C,YBL025W,0,-4.567727,0.26076555252075195,0.3269999921321869,0.09269999712705612
YDR310C,YLR277C,0,-4.567806,0.26055777072906494,0.3269999921321869,0.09279999881982803
YHR107C,YBR023C,1,-4.5680933,0.2611464858055115,0.328000009059906,0.09279999881982803
YBR131W,YEL037C,0,-4.5684056,0.26093873381614685,0.328000009059906,0.09290000051259995
YBR079C,YKL042W,0,-4.5684085,0.2607313096523285,0.328000009059906,0.09300000220537186
YNR059W,YGL115W,0,-4.5684614,0.2605242133140564,0.328000009059906,0.09309999644756317
YLR079W,YBR103W,0,-4.569014,0.26031747460365295,0.328000009059906,0.09319999814033508
YPL174C,YMR183C,0,-4.5691257,0.2601110339164734,0.328000009059906,0.093299999833107
YPR128C,YDR195W,0,-4.56933,0.2599049210548401,0.328000009059906,0.0934000015258789
YPL270W,YCR081W,0,-4.569369,0.25969913601875305,0.328000009059906,0.09350000321865082
YDR464W,YDR310C,0,-4.569544,0.2594936788082123,0.328000009059906,0.09359999746084213
YKL192C,YOR038C,0,-4.5696883,0.2592885494232178,0.328000009059906,0.09369999915361404
YLR319C,YDR388W,1,-4.569775,0.259873628616333,0.32899999618530273,0.09369999915361404
YOR157C,YNR026C,0,-4.5697923,0.2596684992313385,0.32899999618530273,0.09380000084638596
YOR299W,YNL154C,1,-4.569923,0.26025235652923584,0.33000001311302185,0.09380000084638596
YJL014W,YIL123W,0,-4.57062,0.2600472867488861,0.33000001311302185,0.09390000253915787
YMR076C,YJL156C,0,-4.571571,0.25984251499176025,0.33000001311302185,0.09399999678134918
YCR038C,YLL021W,1,-4.5718484,0.2604248523712158,0.3310000002384186,0.09399999678134918
YJR057W,YHR142W,0,-4.572071,0.26022014021873474,0.3310000002384186,0.0940999984741211
YKR086W,YJL204C,0,-4.572632,0.26001569628715515,0.3310000002384186,0.094200000166893
YJL058C,YDR486C,0,-4.57264,0.2598116099834442,0.3310000002384186,0.09430000185966492
YJR076C,YNL154C,1,-4.5726714,0.2603921592235565,0.3319999873638153,0.09430000185966492
YER155C,YDR146C,0,-4.5731645,0.2601880729198456,0.3319999873638153,0.09440000355243683
YNL020C,YMR109W,1,-4.573232,0.2607674300670624,0.3330000042915344,0.09440000355243683
YJL085W,YPL242C,1,-4.5737805,0.26134586334228516,0.33399999141693115,0.09440000355243683
YDR277C,YPL174C,0,-4.574016,0.26114150881767273,0.33399999141693115,0.09449999779462814
YKR027W,YOR270C,0,-4.574181,0.26093751192092896,0.33399999141693115,0.09459999948740005
YEL030W,YBL106C,0,-4.574326,0.26073381304740906,0.33399999141693115,0.09470000118017197
YPL101W,YDL140C,0,-4.5745206,0.26053041219711304,0.33399999141693115,0.09480000287294388
YJL085W,YER149C,1,-4.5749226,0.26110678911209106,0.33500000834465027,0.09480000287294388
YKL170W,YIL077C,0,-4.575089,0.26090341806411743,0.33500000834465027,0.09489999711513519
YMR270C,YIL039W,0,-4.5751786,0.26070037484169006,0.33500000834465027,0.0949999988079071
YNR027W,YLR312C-B,1,-4.5758862,0.2612752616405487,0.335999995470047,0.0949999988079071
YBR015C,YOR332W,0,-4.576636,0.2610722482204437,0.335999995470047,0.09510000050067902
YJL060W,YHR158C,0,-4.5771327,0.260869562625885,0.335999995470047,0.09520000219345093
YGR158C,YPL208W,0,-4.5773234,0.26066717505455017,0.335999995470047,0.09529999643564224
YGR036C,YER019W,0,-4.5776834,0.2604651153087616,0.335999995470047,0.09539999812841415
YDR518W,YLR059C,0,-4.5781107,0.2602633535861969,0.335999995470047,0.09549999982118607
YPL242C,YDL225W,1,-4.578469,0.2608359158039093,0.3370000123977661,0.09549999982118607
YJL168C,YGL097W,0,-4.5791636,0.260634183883667,0.3370000123977661,0.09560000151395798
YNL142W,YMR293C,0,-4.5797977,0.26043277978897095,0.3370000123977661,0.09570000320672989
YDR086C,YNL310C,0,-4.5798664,0.2602316737174988,0.3370000123977661,0.0957999974489212
YIL026C,YML103C,0,-4.580356,0.2600308656692505,0.3370000123977661,0.09589999914169312
YMR312W,YLR386W,0,-4.5803847,0.25983038544654846,0.3370000123977661,0.09600000083446503
YML023C,YML039W,0,-4.5805387,0.2596302032470703,0.3370000123977661,0.09610000252723694
YIL040W,YPL188W,0,-4.580602,0.25943031907081604,0.3370000123977661,0.09619999676942825
YEL037C,YLR292C,0,-4.5809665,0.25923076272010803,0.3370000123977661,0.09629999846220016
YDR206W,YML103C,0,-4.5810575,0.2590315043926239,0.3370000123977661,0.09640000015497208
YJL062W,YDR281C,0,-4.581159,0.25883257389068604,0.3370000123977661,0.09650000184774399
YHR174W,YGR229C,0,-4.581391,0.25863391160964966,0.3370000123977661,0.0966000035405159
YJR144W,YMR224C,0,-4.5815144,0.25843557715415955,0.3370000123977661,0.09669999778270721
YDL220C,YER038C,0,-4.5817037,0.2582375407218933,0.3370000123977661,0.09679999947547913
YAL043C,YHR203C,0,-4.5817657,0.25803980231285095,0.3370000123977661,0.09690000116825104
YJL196C,YDR356W,0,-4.582301,0.25784239172935486,0.3370000123977661,0.09700000286102295
YDR320C-A,YDR103W,0,-4.582336,0.25764524936676025,0.3370000123977661,0.09709999710321426
YDR345C,YOR209C,0,-4.582346,0.2574484348297119,0.3370000123977661,0.09719999879598618
YGR247W,YPL200W,0,-4.582612,0.25725191831588745,0.3370000123977661,0.09730000048875809
YNL219C,YMR202W,0,-4.582653,0.2570556700229645,0.3370000123977661,0.09740000218153
YLR106C,YGL172W,0,-4.5832987,0.25685974955558777,0.3370000123977661,0.09749999642372131
YIL040W,YJL168C,0,-4.583551,0.25666412711143494,0.3370000123977661,0.09759999811649323
YJR064W,YIL026C,0,-4.584064,0.256468802690506,0.3370000123977661,0.09769999980926514
YEL019C,YLR090W,0,-4.5847487,0.2562737762928009,0.3370000123977661,0.09780000150203705
YGL097W,YPR086W,0,-4.584962,0.2560790181159973,0.3370000123977661,0.09790000319480896
YER075C,YER070W,0,-4.5850687,0.25588458776474,0.3370000123977661,0.09799999743700027
YGR140W,YGL150C,0,-4.585397,0.25569042563438416,0.3370000123977661,0.09809999912977219
YLR342W,YER178W,0,-4.586019,0.2554965913295746,0.3370000123977661,0.0982000008225441
YLR248W,YCR073C,0,-4.586038,0.2553030252456665,0.3370000123977661,0.09830000251531601
YMR033W,YJL145W,0,-4.5861173,0.2551097571849823,0.3370000123977661,0.09839999675750732
YCR002C,YOL113W,1,-4.586295,0.25567322969436646,0.33799999952316284,0.09839999675750732
YAL040C,YBR123C,0,-4.5863447,0.25547996163368225,0.33799999952316284,0.09849999845027924
YDL216C,YPL128C,0,-4.5864015,0.2552870213985443,0.33799999952316284,0.09860000014305115
YBR038W,YER149C,1,-4.5864844,0.25584906339645386,0.33899998664855957,0.09860000014305115
YCR065W,YOR266W,0,-4.5865054,0.2556561231613159,0.33899998664855957,0.09870000183582306
YIL159W,YNL327W,1,-4.586878,0.25621703267097473,0.3400000035762787,0.09870000183582306
YOR026W,YIL056W,0,-4.5871725,0.2560240924358368,0.3400000035762787,0.09880000352859497
YLR022C,YKL079W,0,-4.5872893,0.25583145022392273,0.3400000035762787,0.09889999777078629
YNR044W,YCL059C,0,-4.58765,0.25563910603523254,0.3400000035762787,0.0989999994635582
YPR018W,YBR171W,0,-4.5890603,0.25544703006744385,0.3400000035762787,0.09910000115633011
YMR219W,YKR101W,0,-4.5892463,0.25525525212287903,0.3400000035762787,0.09920000284910202
YJL125C,YDR170C,0,-4.589378,0.2550637722015381,0.3400000035762787,0.09929999709129333
YNL220W,YBR058C,0,-4.589558,0.25487256050109863,0.3400000035762787,0.09939999878406525
YGL174W,YCR057C,1,-4.589724,0.2554306983947754,0.3409999907016754,0.09939999878406525
YLR405W,YNL029C,0,-4.589851,0.2552395164966583,0.3409999907016754,0.09950000047683716
YDR062W,YDL093W,0,-4.590079,0.25504860281944275,0.3409999907016754,0.09960000216960907
YPR199C,YOL095C,0,-4.590196,0.25485798716545105,0.3409999907016754,0.09969999641180038
YJL165C,YFL004W,0,-4.5903077,0.2546676695346832,0.3409999907016754,0.0997999981045723
YIL119C,YJL129C,0,-4.5905523,0.2544776201248169,0.3409999907016754,0.09989999979734421
YPL255W,YGR167W,0,-4.5907598,0.25428783893585205,0.3409999907016754,0.10000000149011612
YIL123W,YDR381W,0,-4.5910506,0.2540983557701111,0.3409999907016754,0.10010000318288803
YPL061W,YOL088C,0,-4.5913763,0.253909170627594,0.3409999907016754,0.10019999742507935
YJL065C,YJR007W,0,-4.592239,0.253720223903656,0.3409999907016754,0.10029999911785126
YNL149C,YDR416W,0,-4.592296,0.2535316050052643,0.3409999907016754,0.10040000081062317
YNL329C,YDR372C,0,-4.5923104,0.25334322452545166,0.3409999907016754,0.10050000250339508
YMR076C,YNL310C,0,-4.592597,0.2531551718711853,0.3409999907016754,0.1005999967455864
YDR096W,YBR136W,0,-4.5928144,0.25296735763549805,0.3409999907016754,0.1006999984383583
YML092C,YNL253W,0,-4.5936694,0.25277984142303467,0.3409999907016754,0.10080000013113022
YOR354C,YJR029W,0,-4.5943217,0.2525925934314728,0.3409999907016754,0.10090000182390213
YPL078C,YGR060W,0,-4.594398,0.2524056136608124,0.3409999907016754,0.10100000351667404
YOR002W,YJR131W,0,-4.5947704,0.25221893191337585,0.3409999907016754,0.10109999775886536
YMR014W,YDR328C,1,-4.5953603,0.25277161598205566,0.34200000762939453,0.10109999775886536
YGR218W,YHR068W,0,-4.5956287,0.25258493423461914,0.34200000762939453,0.10119999945163727
YIL123W,YER161C,0,-4.59567,0.2523985207080841,0.34200000762939453,0.10130000114440918
YJL006C,YNL116W,0,-4.595823,0.25221237540245056,0.34200000762939453,0.10140000283718109
YDR182W,YKL012W,0,-4.596653,0.2520265281200409,0.34200000762939453,0.1014999970793724
YHR107C,YIR006C,1,-4.596739,0.2525773048400879,0.34299999475479126,0.1014999970793724
YJL003W,YPR067W,0,-4.597161,0.2523914575576782,0.34299999475479126,0.10159999877214432
YLR318W,YLR069C,0,-4.5973687,0.25220587849617004,0.34299999475479126,0.10170000046491623
YPR122W,YPR055W,1,-4.597902,0.2527553141117096,0.3440000116825104,0.10170000046491623
YBL016W,YLL013C,0,-4.5989685,0.2525697648525238,0.3440000116825104,0.10180000215768814
YDR188W,YMR218C,0,-4.598978,0.2523844540119171,0.3440000116825104,0.10189999639987946
YLR201C,YBR279W,0,-4.5990596,0.2521994113922119,0.3440000116825104,0.10199999809265137
YHR107C,YKL048C,1,-4.599277,0.2527472674846649,0.3449999988079071,0.10199999809265137
YNL029C,YML069W,0,-4.5993752,0.2525622248649597,0.3449999988079071,0.10209999978542328
YNL192W,YNL327W,1,-4.599996,0.25310900807380676,0.34599998593330383,0.10209999978542328
YGR047C,YML045W,0,-4.6001186,0.25292396545410156,0.34599998593330383,0.10220000147819519
YMR234W,YOL142W,0,-4.6005692,0.25273922085762024,0.34599998593330383,0.1023000031709671
YNL288W,YBR233W-A,0,-4.6008563,0.2525547444820404,0.34599998593330383,0.10239999741315842
YKL197C,YLR321C,0,-4.6008706,0.25237053632736206,0.34599998593330383,0.10249999910593033
YEL065W,YKL173W,0,-4.601161,0.2521865963935852,0.34599998593330383,0.10260000079870224
YJL061W,YLR268W,0,-4.6014,0.25200292468070984,0.34599998593330383,0.10270000249147415
YGR033C,YOR356W,0,-4.601499,0.2518194913864136,0.34599998593330383,0.10279999673366547
YDR017C,YJR102C,0,-4.6017413,0.2516363561153412,0.34599998593330383,0.10289999842643738
YGR261C,YHR172W,0,-4.602515,0.2514534890651703,0.34599998593330383,0.10300000011920929
YDR376W,YLR332W,0,-4.6025257,0.2512708902359009,0.34599998593330383,0.1031000018119812
YGR013W,YLR447C,0,-4.6031857,0.25108852982521057,0.34599998593330383,0.10320000350475311
YPL181W,YOL102C,0,-4.603653,0.25090646743774414,0.34599998593330383,0.10329999774694443
YPL012W,YDR159W,0,-4.603736,0.2507246434688568,0.34599998593330383,0.10339999943971634
YNL192W,YDL225W,1,-4.6038547,0.2512671947479248,0.34700000286102295,0.10339999943971634
YGL105W,YOR334W,0,-4.603917,0.2510853707790375,0.34700000286102295,0.10350000113248825
YNL084C,YGR152C,1,-4.60412,0.2516269087791443,0.3479999899864197,0.10350000113248825
YJL209W,YIL035C,0,-4.6041837,0.25144508481025696,0.3479999899864197,0.10360000282526016
YBR136W,YDR079C-A,0,-4.604706,0.2512635290622711,0.3479999899864197,0.10369999706745148
YBR233W-A,YBL025W,0,-4.6049104,0.25108224153518677,0.3479999899864197,0.10379999876022339
YDR118W,YDL198C,0,-4.60562,0.2509012222290039,0.3479999899864197,0.1039000004529953
YDL143W,YOR346W,0,-4.6057696,0.25072047114372253,0.3479999899864197,0.10400000214576721
YJL021C,YDR081C,0,-4.6060348,0.25053995847702026,0.3479999899864197,0.10409999638795853
YKL011C,YIR005W,0,-4.6062226,0.2503597140312195,0.3479999899864197,0.10419999808073044
YDR147W,YLR265C,0,-4.606295,0.2501797378063202,0.3479999899864197,0.10429999977350235
YPL202C,YBR131W,0,-4.6065044,0.25,0.3479999899864197,0.10440000146627426
YGR227W,YGR185C,0,-4.606576,0.2498205304145813,0.3479999899864197,0.10450000315904617
YGL195W,YKL042W,0,-4.6065993,0.2496413141489029,0.3479999899864197,0.10459999740123749
YFR033C,YML039W,0,-4.6070256,0.24946236610412598,0.3479999899864197,0.1046999990940094
YER133W,YNL221C,0,-4.6072483,0.24928367137908936,0.3479999899864197,0.10480000078678131
YEL063C,YOL128C,0,-4.607285,0.24910522997379303,0.3479999899864197,0.10490000247955322
YGL016W,YHR042W,0,-4.6076303,0.248927041888237,0.3479999899864197,0.10499999672174454
YJL008C,YGR033C,0,-4.6078463,0.24874910712242126,0.3479999899864197,0.10509999841451645
YDR101C,YDR170C,0,-4.6084433,0.24857142567634583,0.3479999899864197,0.10520000010728836
YIL037C,YDL039C,0,-4.6090755,0.24839399755001068,0.3479999899864197,0.10530000180006027
YGL016W,YJL207C,0,-4.6093497,0.24821683764457703,0.3479999899864197,0.10540000349283218
YBR136W,YOR380W,0,-4.6094265,0.24803991615772247,0.3479999899864197,0.1054999977350235
YML093W,YBL055C,0,-4.609634,0.24786324799060822,0.3479999899864197,0.10559999942779541
YOR038C,YKL025C,0,-4.60987,0.24768683314323425,0.3479999899864197,0.10570000112056732
YPR029C,YGL053W,0,-4.609897,0.24751067161560059,0.3479999899864197,0.10580000281333923
YMR296C,YDR312W,0,-4.6113625,0.24733474850654602,0.3479999899864197,0.10589999705553055
YGL071W,YPR161C,0,-4.6115427,0.24715909361839294,0.3479999899864197,0.10599999874830246
YGR262C,YCR009C,1,-4.611659,0.24769340455532074,0.3490000069141388,0.10599999874830246
YBL057C,YBR079C,0,-4.6123543,0.24751773476600647,0.3490000069141388,0.10610000044107437
YJR025C,YJL034W,0,-4.612582,0.2473423033952713,0.3490000069141388,0.10620000213384628
YCL054W,YIL144W,0,-4.6126285,0.24716714024543762,0.3490000069141388,0.1062999963760376
YBR110W,YCL004W,0,-4.612662,0.24699221551418304,0.3490000069141388,0.10639999806880951
YHR107C,YLR084C,1,-4.612898,0.24752475321292877,0.3499999940395355,0.10639999806880951
YBR029C,YCL010C,0,-4.612977,0.2473498284816742,0.3499999940395355,0.10649999976158142
YKL195W,YGR013W,0,-4.6131043,0.24717514216899872,0.3499999940395355,0.10660000145435333
YKL054C,YMR011W,0,-4.613159,0.24700070917606354,0.3499999940395355,0.10670000314712524
YJR017C,YOR373W,0,-4.6133313,0.24682651460170746,0.3499999940395355,0.10679999738931656
YDR143C,YJR049C,0,-4.613631,0.24665257334709167,0.3499999940395355,0.10689999908208847
YPL125W,YDR359C,0,-4.614034,0.246478870511055,0.3499999940395355,0.10700000077486038
YPL018W,YOR140W,0,-4.6140666,0.2463054209947586,0.3499999940395355,0.1071000024676323
YLR060W,YOL049W,0,-4.6142197,0.24613220989704132,0.3499999940395355,0.10719999670982361
YIL095W,YGR152C,1,-4.614259,0.246661975979805,0.35100001096725464,0.10719999670982361
YOR265W,YCR060W,0,-4.614288,0.2464887648820877,0.35100001096725464,0.10729999840259552
YKL006C-A,YNR064C,0,-4.614384,0.24631579220294952,0.35100001096725464,0.10740000009536743
YOR147W,YHR205W,0,-4.614557,0.24614305794239044,0.35100001096725464,0.10750000178813934
YPL029W,YPL139C,0,-4.615006,0.24597056210041046,0.35100001096725464,0.10760000348091125
YGR227W,YLR009W,0,-4.6151485,0.24579831957817078,0.35100001096725464,0.10769999772310257
YLR131C,YDR363W-A,0,-4.615626,0.2456263154745102,0.35100001096725464,0.10779999941587448
YNL166C,YKL048C,1,-4.6159887,0.2461538463830948,0.35199999809265137,0.10779999941587448
YPL242C,YOR181W,1,-4.616462,0.24668064713478088,0.3529999852180481,0.10779999941587448
YOL008W,YER072W,0,-4.616749,0.2465083748102188,0.3529999852180481,0.10790000110864639
YML113W,YGL207W,0,-4.6168485,0.24633635580539703,0.3529999852180481,0.1080000028014183
YDL149W,YPL040C,0,-4.6168714,0.24616457521915436,0.3529999852180481,0.10809999704360962
YPR019W,YMR231W,0,-4.6170707,0.24599303305149078,0.3529999852180481,0.10819999873638153
YBR079C,YNL311C,0,-4.6171355,0.2458217293024063,0.3529999852180481,0.10830000042915344
YLR008C,YDL195W,0,-4.6172376,0.24565066397190094,0.3529999852180481,0.10840000212192535
YLR131C,YBR179C,0,-4.6176753,0.24547983705997467,0.3529999852180481,0.10849999636411667
YNR052C,YMR305C,0,-4.61795,0.2453092485666275,0.3529999852180481,0.10859999805688858
YDR309C,YIL095W,1,-4.618124,0.24583333730697632,0.3540000021457672,0.10859999805688858
YJR031C,YDL111C,0,-4.6184583,0.24566273391246796,0.3540000021457672,0.10869999974966049
YCR002C,YDL117W,1,-4.6186285,0.24618585407733917,0.35499998927116394,0.10869999974966049
YJL091C,YKL126W,0,-4.618823,0.2460152506828308,0.35499998927116394,0.1088000014424324
YIL004C,YNL031C,0,-4.6188602,0.24584487080574036,0.35499998927116394,0.10890000313520432
YCR002C,YIL068C,1,-4.619089,0.24636678397655487,0.35600000619888306,0.10890000313520432
YNL166C,YDR309C,1,-4.6192765,0.2468879669904709,0.3569999933242798,0.10890000313520432
YBR278W,YOR334W,0,-4.619426,0.24671734869480133,0.3569999933242798,0.10899999737739563
YNL039W,YDL042C,0,-4.619431,0.24654695391654968,0.3569999933242798,0.10909999907016754
YKR095W-A,YFR048W,0,-4.619485,0.24637681245803833,0.3569999933242798,0.10920000076293945
YJL011C,YDR308C,0,-4.619741,0.24620689451694489,0.3569999933242798,0.10930000245571136
YDR052C,YJL125C,0,-4.620424,0.24603721499443054,0.3569999933242798,0.10939999669790268
YNR075W,YPL085W,0,-4.620933,0.2458677738904953,0.3569999933242798,0.10949999839067459
YKR068C,YOR149C,0,-4.62128,0.24569855630397797,0.3569999933242798,0.1096000000834465
YNL039W,YLR386W,0,-4.622065,0.24552957713603973,0.3569999933242798,0.10970000177621841
YJL207C,YHR001W,0,-4.6225357,0.2453608214855194,0.3569999933242798,0.10980000346899033
YNL330C,YBR079C,0,-4.6230345,0.24519230425357819,0.3569999933242798,0.10989999771118164
YNL030W,YPL007C,0,-4.623035,0.24502402544021606,0.3569999933242798,0.10999999940395355
YCR020W-B,YKR028W,0,-4.623449,0.24485597014427185,0.3569999933242798,0.11010000109672546
YMR078C,YER068W,0,-4.623983,0.24468813836574554,0.3569999933242798,0.11020000278949738
YBL040C,YPL146C,0,-4.6242685,0.24452054500579834,0.3569999933242798,0.11029999703168869
YGL167C,YCL031C,0,-4.624448,0.24435319006443024,0.3569999933242798,0.1103999987244606
YOL135C,YPL098C,0,-4.6246514,0.24418604373931885,0.3569999933242798,0.11050000041723251
YGR199W,YDL042C,0,-4.6248803,0.24401913583278656,0.3569999933242798,0.11060000211000443
YNR027W,YPL242C,1,-4.6253223,0.24453552067279816,0.3580000102519989,0.11060000211000443
YAR018C,YHR118C,0,-4.62541,0.24436859786510468,0.3580000102519989,0.11069999635219574
YOR074C,YPR072W,0,-4.62632,0.2442019134759903,0.3580000102519989,0.11079999804496765
YDR469W,YBR030W,0,-4.626988,0.24403545260429382,0.3580000102519989,0.11089999973773956
YML071C,YPR036W,0,-4.6273074,0.24386921525001526,0.3580000102519989,0.11100000143051147
YPR020W,YHR083W,0,-4.6274056,0.2437032014131546,0.3580000102519989,0.11110000312328339
YPL059W,YMR203W,0,-4.6278214,0.24353741109371185,0.3580000102519989,0.1111999973654747
YNR067C,YGL054C,1,-4.628414,0.24405166506767273,0.35899999737739563,0.1111999973654747
YER065C,YPL193W,0,-4.6285005,0.24388587474822998,0.35899999737739563,0.11129999905824661
YOL089C,YCR014C,0,-4.6286426,0.24372029304504395,0.35899999737739563,0.11140000075101852
YDR375C,YGL018C,0,-4.6290283,0.243554949760437,0.35899999737739563,0.11150000244379044
YLR138W,YLR321C,0,-4.629228,0.24338982999324799,0.35899999737739563,0.11159999668598175
YLR222C,YGR270W,0,-4.6293597,0.24322493374347687,0.35899999737739563,0.11169999837875366
YER051W,YNL047C,0,-4.629505,0.24306026101112366,0.35899999737739563,0.11180000007152557
YLR214W,YPL139C,0,-4.629898,0.24289581179618835,0.35899999737739563,0.11190000176429749
YAL025C,YDL076C,0,-4.630011,0.24273157119750977,0.35899999737739563,0.1120000034570694
YDL138W,YPR161C,0,-4.6300316,0.24256756901741028,0.35899999737739563,0.11209999769926071
YML102W,YDL226C,0,-4.6305003,0.2424037754535675,0.35899999737739563,0.11219999939203262
YBR217W,YDR397C,0,-4.6305575,0.24224022030830383,0.35899999737739563,0.11230000108480453
YNL288W,YEL050C,0,-4.630613,0.24207687377929688,0.35899999737739563,0.11240000277757645
YPL269W,YGL090W,0,-4.6311603,0.24191375076770782,0.35899999737739563,0.11249999701976776
YEL027W,YIR026C,0,-4.6312633,0.2417508363723755,0.35899999737739563,0.11259999871253967
YPL101W,YPR163C,0,-4.6313024,0.24158816039562225,0.35899999737739563,0.11270000040531158
YHR053C,YBL106C,0,-4.6315055,0.24142569303512573,0.35899999737739563,0.1128000020980835
YAL022C,YKR031C,0,-4.6323237,0.24126343429088593,0.35899999737739563,0.11289999634027481
YLR145W,YDR280W,0,-4.6323795,0.24110141396522522,0.35899999737739563,0.11299999803304672
YBL023C,YDL038C,0,-4.632404,0.24093960225582123,0.35899999737739563,0.11309999972581863
YGR218W,YOR287C,0,-4.6329765,0.24077799916267395,0.35899999737739563,0.11320000141859055
YLR228C,YDR165W,0,-4.633064,0.24061661958694458,0.35899999737739563,0.11330000311136246
YLR084C,YDL225W,1,-4.633539,0.24112525582313538,0.36000001430511475,0.11330000311136246
YBR210W,YLL021W,1,-4.633879,0.24163320660591125,0.3610000014305115,0.11330000311136246
YDL069C,YDR325W,0,-4.6348042,0.2414715737104416,0.3610000014305115,0.11339999735355377
YDR159W,YGR181W,0,-4.635559,0.24131016433238983,0.3610000014305115,0.11349999904632568
YLL061W,YHR008C,0,-4.635841,0.2411489635705948,0.3610000014305115,0.1136000007390976
YGR262C,YBR023C,1,-4.6367297,0.24165554344654083,0.3619999885559082,0.1136000007390976
YJR040W,YML059C,0,-4.6367393,0.2414943277835846,0.3619999885559082,0.1137000024318695
YKL139W,YFR031C,0,-4.6367435,0.24133333563804626,0.3619999885559082,0.11379999667406082
YMR208W,YGL142C,0,-4.6367865,0.24117255210876465,0.3619999885559082,0.11389999836683273
YOR301W,YDR388W,1,-4.6369395,0.24167776107788086,0.3630000054836273,0.11389999836683273
YNR052C,YOR048C,0,-4.637283,0.24151696264743805,0.3630000054836273,0.11400000005960464
YLL009C,YOL027C,0,-4.6373568,0.24135638773441315,0.3630000054836273,0.11410000175237656
YDR432W,YDL058W,0,-4.6374326,0.24119600653648376,0.3630000054836273,0.11420000344514847
YNL136W,YDL013W,0,-4.6379795,0.24103586375713348,0.3630000054836273,0.11429999768733978
YGL105W,YDR489W,0,-4.6380754,0.24087591469287872,0.3630000054836273,0.1143999993801117
YLR233C,YBR049C,0,-4.638434,0.24071617424488068,0.3630000054836273,0.1145000010728836
YDR498C,YDR451C,0,-4.638726,0.24055665731430054,0.3630000054836273,0.11460000276565552
YGL119W,YBR228W,0,-4.6388345,0.2403973489999771,0.3630000054836273,0.11469999700784683
YPR122W,YHR107C,1,-4.638858,0.24090006947517395,0.36399999260902405,0.11469999700784683
YBR038W,YNL154C,1,-4.639085,0.24140211939811707,0.36500000953674316,0.11469999700784683
YOR299W,YDL225W,1,-4.639792,0.24190349876880646,0.3659999966621399,0.11469999700784683
YDR142C,YOR213C,0,-4.6398444,0.24174372851848602,0.3659999966621399,0.11479999870061874
YDR091C,YLR417W,0,-4.640076,0.2415841519832611,0.3659999966621399,0.11490000039339066
YOL001W,YGR047C,0,-4.6404076,0.2414247989654541,0.3659999966621399,0.11500000208616257
YDR394W,YDR416W,0,-4.6411724,0.2412656545639038,0.3659999966621399,0.11509999632835388
YKL074C,YOR310C,0,-4.6414914,0.24110671877861023,0.3659999966621399,0.1151999980211258
YPR046W,YDL109C,0,-4.641519,0.24094799160957336,0.3659999966621399,0.1152999997138977
YBL047C,YGR281W,0,-4.6417084,0.2407894730567932,0.3659999966621399,0.11540000140666962
YIR004W,YMR089C,0,-4.6417236,0.24063116312026978,0.3659999966621399,0.11550000309944153
YJR082C,YDR148C,0,-4.6420255,0.24047306180000305,0.3659999966621399,0.11559999734163284
YDR434W,YJL168C,0,-4.642235,0.24031516909599304,0.3659999966621399,0.11569999903440475
YMR006C,YBR002C,0,-4.6424413,0.24015748500823975,0.3659999966621399,0.11580000072717667
YHR061C,YDR245W,1,-4.643455,0.24065573513507843,0.367000013589859,0.11580000072717667
YJR022W,YDL087C,0,-4.6435375,0.24049803614616394,0.367000013589859,0.11590000241994858
YDR388W,YBR143C,1,-4.6441064,0.24099542200565338,0.36800000071525574,0.11590000241994858
YAL041W,YKL110C,0,-4.6443214,0.2408376932144165,0.36800000071525574,0.11599999666213989
YDR378C,YGR007W,0,-4.6446476,0.24068018794059753,0.36800000071525574,0.1160999983549118
YLR459W,YLR285W,0,-4.644757,0.24052287638187408,0.36800000071525574,0.11620000004768372
YDL013W,YLR052W,0,-4.6447754,0.24036577343940735,0.36800000071525574,0.11630000174045563
YFL023W,YNL192W,1,-4.6449714,0.24086162447929382,0.36899998784065247,0.11630000174045563
YDR379W,YDR498C,0,-4.6451707,0.2407045066356659,0.36899998784065247,0.11640000343322754
YGL005C,YDR434W,0,-4.645329,0.24054758250713348,0.36899998784065247,0.11649999767541885
YOR064C,YDR018C,0,-4.645825,0.24039088189601898,0.36899998784065247,0.11659999936819077
YJL148W,YPL139C,0,-4.6459966,0.240234375,0.36899998784065247,0.11670000106096268
YDR173C,YCL062W,0,-4.646113,0.24007807672023773,0.36899998784065247,0.11680000275373459
YDR166C,YHR135C,1,-4.646354,0.24057216942310333,0.3700000047683716,0.11680000275373459
YEL037C,YPR137W,0,-4.646617,0.24041585624217987,0.3700000047683716,0.1168999969959259
YLR438C-A,YGL124C,0,-4.64663,0.24025973677635193,0.3700000047683716,0.11699999868869781
YOR181W,YNL154C,1,-4.6471815,0.24075275659561157,0.3709999918937683,0.11699999868869781
YKL152C,YJR069C,0,-4.6473937,0.24059662222862244,0.3709999918937683,0.11710000038146973
YER016W,YNL281W,0,-4.648148,0.24044069647789001,0.3709999918937683,0.11720000207424164
YOL139C,YKL079W,0,-4.6489778,0.2402849793434143,0.3709999918937683,0.11729999631643295
YMR072W,YDR167W,0,-4.649107,0.24012945592403412,0.3709999918937683,0.11739999800920486
YBR009C,YOR210W,0,-4.6492267,0.23997412621974945,0.3709999918937683,0.11749999970197678
YMR211W,YNL182C,0,-4.6492357,0.2398190051317215,0.3709999918937683,0.11760000139474869
YGL048C,YML049C,0,-4.6493974,0.23966407775878906,0.3709999918937683,0.1177000030875206
YGR167W,YEL032W,0,-4.6497664,0.23950935900211334,0.3709999918937683,0.11779999732971191
YPL059W,YKL018W,0,-4.6498284,0.23935483396053314,0.3709999918937683,0.11789999902248383
YFL048C,YDR324C,0,-4.6502223,0.23920051753520966,0.3709999918937683,0.11800000071525574
YOR269W,YMR305C,0,-4.6506667,0.2390463948249817,0.3709999918937683,0.11810000240802765
YFR055W,YOL045W,0,-4.6509113,0.23889246582984924,0.3709999918937683,0.11819999665021896
YMR311C,YMR224C,0,-4.6516175,0.2387387454509735,0.3709999918937683,0.11829999834299088
YOR241W,YJR110W,0,-4.6518273,0.2385852038860321,0.3709999918937683,0.11840000003576279
YPL022W,YNL070W,0,-4.6529827,0.2384318709373474,0.3709999918937683,0.1185000017285347
YNL288W,YFL002C,0,-4.6530986,0.23827874660491943,0.3709999918937683,0.11860000342130661
YFL009W,YLR183C,0,-4.6535835,0.23812580108642578,0.3709999918937683,0.11869999766349792
YLR319C,YLR084C,1,-4.653756,0.2386144995689392,0.3720000088214874,0.11869999766349792
YDL017W,YDR036C,0,-4.6539936,0.23846153914928436,0.3720000088214874,0.11879999935626984
YBR091C,YGL122C,0,-4.654187,0.23830877244472504,0.3720000088214874,0.11890000104904175
YPR135W,YLR147C,0,-4.6543736,0.23815621435642242,0.3720000088214874,0.11900000274181366
YHR107C,YHR135C,1,-4.6544533,0.23864363133907318,0.37299999594688416,0.11900000274181366
YPL149W,YMR060C,0,-4.6548095,0.23849104344844818,0.37299999594688416,0.11909999698400497
YDR320C-A,YPR198W,0,-4.6554513,0.2383386641740799,0.37299999594688416,0.11919999867677689
YDR320C-A,YJR069C,0,-4.6555867,0.23818646371364594,0.37299999594688416,0.1193000003695488
YGL195W,YDR300C,0,-4.6557465,0.2380344569683075,0.37299999594688416,0.11940000206232071
YPL022W,YML105C,0,-4.6558785,0.23788265883922577,0.37299999594688416,0.11949999630451202
YGR267C,YNL334C,0,-4.6559434,0.23773103952407837,0.37299999594688416,0.11959999799728394
YJL085W,YDR245W,1,-4.6560426,0.2382165640592575,0.37400001287460327,0.11959999799728394
YLL018C-A,YDL147W,0,-4.6560674,0.2380649298429489,0.37400001287460327,0.11969999969005585
YNL192W,YBR038W,1,-4.6563716,0.2385496199131012,0.375,0.11969999969005585
YNL065W,YGL207W,0,-4.656485,0.2383979707956314,0.375,0.11980000138282776
YOR217W,YDR310C,0,-4.6570554,0.23824650049209595,0.375,0.11990000307559967
YDL002C,YJL036W,0,-4.6574855,0.2380952388048172,0.375,0.11999999731779099
YGR166W,YER074W-A,0,-4.6578417,0.23794415593147278,0.375,0.1200999990105629
YBR199W,YOL038W,0,-4.6579466,0.23779328167438507,0.375,0.12020000070333481
YLR138W,YIL139C,0,-4.658146,0.2376425862312317,0.375,0.12030000239610672
YIL079C,YDR461W,0,-4.6586947,0.23749208450317383,0.375,0.12039999663829803
YFL010W-A,YJR158W,0,-4.658795,0.2373417764902115,0.375,0.12049999833106995
YNL245C,YOL122C,0,-4.660079,0.23719164729118347,0.375,0.12060000002384186
YNL326C,YLL011W,0,-4.6603885,0.23704172670841217,0.375,0.12070000171661377
YDR397C,YFR029W,0,-4.6605363,0.236891970038414,0.375,0.12080000340938568
YDR130C,YPR131C,0,-4.660569,0.23674242198467255,0.375,0.120899997651577
YGR280C,YMR077C,0,-4.6607604,0.23659305274486542,0.375,0.12099999934434891
YPL211W,YML045W,0,-4.661508,0.2364438772201538,0.375,0.12110000103712082
YOL165C,YJR027W,0,-4.6619215,0.23629489541053772,0.375,0.12120000272989273
YPR046W,YGR006W,0,-4.6622157,0.23614609241485596,0.375,0.12129999697208405
YOR181W,YNL243W,1,-4.6622367,0.23662680387496948,0.37599998712539673,0.12129999697208405
YHR118C,YOL004W,0,-4.66256,0.23647798597812653,0.37599998712539673,0.12139999866485596
YBR164C,YOR315W,0,-4.6630516,0.2363293468952179,0.37599998712539673,0.12150000035762787
YNL262W,YPL180W,0,-4.66373,0.23618090152740479,0.37599998712539673,0.12160000205039978
YKL112W,YLR007W,0,-4.663753,0.2360326498746872,0.37599998712539673,0.1216999962925911
YGR169C,YMR089C,0,-4.663853,0.23588456213474274,0.37599998712539673,0.121799997985363
YDL101C,YDR268W,0,-4.6643767,0.235736683011055,0.37599998712539673,0.12189999967813492
YLR342W,YOR355W,0,-4.6646056,0.23558896780014038,0.37599998712539673,0.12200000137090683
YDL008W,YMR190C,0,-4.664994,0.2354414463043213,0.37599998712539673,0.12210000306367874
YLR006C,YOR287C,0,-4.6650033,0.23529411852359772,0.37599998712539673,0.12219999730587006
YKL006C-A,YPL237W,0,-4.6654387,0.23514696955680847,0.37599998712539673,0.12229999899864197
YIL018W,YPR181C,0,-4.665458,0.23499999940395355,0.37599998712539673,0.12240000069141388
YOL144W,YER123W,0,-4.6654897,0.23485322296619415,0.37599998712539673,0.12250000238418579
YDL087C,YNL047C,0,-4.6655416,0.23470661044120789,0.37599998712539673,0.1225999966263771
YGR262C,YGR041W,1,-4.6655974,0.23518402874469757,0.37700000405311584,0.1225999966263771
YPR019W,YJL034W,0,-4.6668315,0.2350374013185501,0.37700000405311584,0.12269999831914902
YKL017C,YBR257W,0,-4.667059,0.23489096760749817,0.37700000405311584,0.12280000001192093
YER127W,YML061C,0,-4.667367,0.23474471271038055,0.37700000405311584,0.12290000170469284
YGL106W,YPR055W,1,-4.667478,0.23522090911865234,0.3779999911785126,0.12290000170469284
YGL106W,YHR023W,1,-4.667622,0.23569652438163757,0.3790000081062317,0.12290000170469284
YLL043W,YMR288W,0,-4.6677036,0.23555003106594086,0.3790000081062317,0.12300000339746475
YMR044W,YFR002W,0,-4.667719,0.23540373146533966,0.3790000081062317,0.12309999763965607
YKL135C,YJL011C,0,-4.667765,0.2352576106786728,0.3790000081062317,0.12319999933242798
YBR008C,YBR012W-A,0,-4.667797,0.23511166870594025,0.3790000081062317,0.12330000102519989
YGR262C,YBR210W,1,-4.668244,0.23558586835861206,0.3799999952316284,0.12330000102519989
YML099C,YLL009C,0,-4.669392,0.23543989658355713,0.3799999952316284,0.1234000027179718
YGR217W,YIR013C,0,-4.6695943,0.23529411852359772,0.3799999952316284,0.12349999696016312
YBR059C,YML065W,0,-4.669621,0.23514851927757263,0.3799999952316284,0.12359999865293503
YGL246C,YBR081C,0,-4.669678,0.23500309884548187,0.3799999952316284,0.12370000034570694
YLR399C,YOR172W,0,-4.669696,0.23485784232616425,0.3799999952316284,0.12380000203847885
YER167W,YOR217W,0,-4.6699533,0.23471277952194214,0.3799999952316284,0.12389999628067017
YCL010C,YBR162C,0,-4.6701293,0.23456789553165436,0.3799999952316284,0.12399999797344208
YJL058C,YAL042W,0,-4.6703,0.2344231903553009,0.3799999952316284,0.12409999966621399
YIL112W,YMR053C,0,-4.670539,0.23427866399288177,0.3799999952316284,0.1242000013589859
YGL238W,YAL024C,0,-4.670838,0.23413431644439697,0.3799999952316284,0.12430000305175781
YML062C,YBR253W,0,-4.6708856,0.2339901477098465,0.3799999952316284,0.12439999729394913
YER133W,YJL087C,0,-4.6710277,0.23384615778923035,0.3799999952316284,0.12449999898672104
YLR459W,YGR264C,0,-4.671146,0.23370233178138733,0.3799999952316284,0.12460000067949295
YBL017C,YDR227W,0,-4.6712146,0.23355869948863983,0.3799999952316284,0.12470000237226486
YEL017C-A,YMR183C,0,-4.671984,0.23341523110866547,0.3799999952316284,0.12479999661445618
YGR024C,YOL102C,0,-4.672094,0.23327194154262543,0.3799999952316284,0.12489999830722809
YLL018C-A,YNL107W,0,-4.6723676,0.23312883079051971,0.3799999952316284,0.125
YFL011W-A,YER074W-A,0,-4.672468,0.23298589885234833,0.3799999952316284,0.1251000016927719
YIL139C,YOR340C,0,-4.672526,0.23284313082695007,0.3799999952316284,0.12520000338554382
YBR155W,YLR301W,0,-4.673111,0.23270055651664734,0.3799999952316284,0.12530000507831573
YLR310C,YNL206C,0,-4.6732655,0.23255814611911774,0.3799999952316284,0.12540000677108765
YCR086W,YKR003W,0,-4.673445,0.23241589963436127,0.3799999952316284,0.12549999356269836
YPL069C,YIL075C,0,-4.6741304,0.23227383196353912,0.3799999952316284,0.12559999525547028
YLR095C,YOR172W,0,-4.674701,0.2321319431066513,0.3799999952316284,0.1256999969482422
YNL151C,YDR131C,0,-4.674812,0.23199023306369781,0.3799999952316284,0.1257999986410141
YHR142W,YDR017C,0,-4.6752996,0.23184868693351746,0.3799999952316284,0.125900000333786
YMR042W,YML027W,0,-4.67534,0.23170731961727142,0.3799999952316284,0.12600000202655792
YJL209W,YDR362C,0,-4.675635,0.23156611621379852,0.3799999952316284,0.12610000371932983
YML103C,YKL134C,0,-4.675944,0.23142509162425995,0.3799999952316284,0.12620000541210175
YOR236W,YGR179C,0,-4.676169,0.2312842309474945,0.3799999952316284,0.12630000710487366
YKL146W,YAL040C,0,-4.676207,0.2311435490846634,0.3799999952316284,0.12639999389648438
YNL312W,YHR163W,0,-4.676744,0.2310030460357666,0.3799999952316284,0.1264999955892563
YJR068W,YDR495C,0,-4.676832,0.23086269199848175,0.3799999952316284,0.1265999972820282
YOR299W,YNL243W,1,-4.676893,0.23132969439029694,0.38100001215934753,0.1265999972820282
YKL160W,YHL003C,0,-4.677116,0.2311893254518509,0.38100001215934753,0.1266999989748001
YGL032C,YPL125W,0,-4.6773887,0.23104912042617798,0.38100001215934753,0.12680000066757202
YPR057W,YCL001W,0,-4.67772,0.2309090942144394,0.38100001215934753,0.12690000236034393
YGR179C,YPL011C,0,-4.678468,0.23076923191547394,0.38100001215934753,0.12700000405311584
YPL069C,YBR253W,0,-4.6787376,0.23062953352928162,0.38100001215934753,0.12710000574588776
YPR188C,YBR143C,1,-4.6788325,0.23109498620033264,0.38199999928474426,0.12710000574588776
YHR074W,YDL120W,0,-4.6789107,0.23095525801181793,0.38199999928474426,0.12720000743865967
YBL032W,YDR190C,0,-4.678968,0.23081570863723755,0.38199999928474426,0.12729999423027039
YGL106W,YDR245W,1,-4.678985,0.23128019273281097,0.382999986410141,0.12729999423027039
YGR036C,YDL140C,0,-4.6793423,0.2311406135559082,0.382999986410141,0.1273999959230423
YDR477W,YNR039C,0,-4.679727,0.23100121319293976,0.382999986410141,0.1274999976158142
YJR082C,YDR317W,0,-4.679974,0.23086196184158325,0.382999986410141,0.12759999930858612
YDR098C,YML031W,0,-4.6800084,0.23072288930416107,0.382999986410141,0.12770000100135803
YDL102W,YJL204C,0,-4.680267,0.23058398067951202,0.382999986410141,0.12780000269412994
YKL101W,YGR054W,0,-4.6806426,0.2304452508687973,0.382999986410141,0.12790000438690186
YAL013W,YDL002C,0,-4.6806827,0.23030667006969452,0.382999986410141,0.12800000607967377
YIL103W,YPR046W,0,-4.681109,0.23016826808452606,0.382999986410141,0.12809999287128448
YJL085W,YBL061C,1,-4.681117,0.23063063621520996,0.3840000033378601,0.12809999287128448
YBL008W,YDR013W,0,-4.681174,0.23049218952655792,0.3840000033378601,0.1281999945640564
YFR028C,YBR123C,0,-4.6812844,0.2303539365530014,0.3840000033378601,0.1282999962568283
YDR236C,YOR322C,0,-4.6814165,0.23021583259105682,0.3840000033378601,0.12839999794960022
YEL015W,YJL098W,0,-4.681485,0.23007789254188538,0.3840000033378601,0.12849999964237213
YCR002C,YCR009C,1,-4.681518,0.23053891956806183,0.38499999046325684,0.12849999964237213
YNL020C,YIL095W,1,-4.681788,0.2309993952512741,0.38600000739097595,0.12849999964237213
YKL144C,YNL229C,0,-4.681862,0.23086124658584595,0.38600000739097595,0.12860000133514404
YER051W,YDR059C,0,-4.6823277,0.23072324693202972,0.38600000739097595,0.12870000302791595
YCR034W,YKR090W,0,-4.6824484,0.23058542609214783,0.38600000739097595,0.12880000472068787
YPR104C,YPL140C,0,-4.6824956,0.23044775426387787,0.38600000739097595,0.12890000641345978
YNL281W,YDR172W,0,-4.682713,0.23031026124954224,0.38600000739097595,0.1289999932050705
YER024W,YOR129C,0,-4.6827874,0.23017293214797974,0.38600000739097595,0.1290999948978424
YOR217W,YHR203C,0,-4.683365,0.23003575205802917,0.38600000739097595,0.12919999659061432
YDR245W,YER149C,1,-4.6836214,0.23049433529376984,0.3869999945163727,0.12919999659061432
YPL228W,YGL144C,0,-4.6836257,0.23035714030265808,0.3869999945163727,0.12929999828338623
YKR027W,YBR233W-A,0,-4.684547,0.23022010922431946,0.3869999945163727,0.12939999997615814
YLR107W,YOR194C,0,-4.6846633,0.23008322715759277,0.3869999945163727,0.12950000166893005
YOL027C,YCL004W,0,-4.684786,0.22994652390480042,0.3869999945163727,0.12960000336170197
YMR240C,YML027W,0,-4.6849804,0.22980996966362,0.3869999945163727,0.12970000505447388
YFL024C,YPR032W,0,-4.685165,0.2296735942363739,0.3869999945163727,0.1298000067472458
YKL053C-A,YKR007W,0,-4.685279,0.22953736782073975,0.3869999945163727,0.1298999935388565
YLL022C,YER075C,0,-4.685509,0.22940130531787872,0.3869999945163727,0.12999999523162842
YOR095C,YMR210W,0,-4.68568,0.22926540672779083,0.3869999945163727,0.13009999692440033
YDR201W,YER148W,0,-4.6858897,0.22912965714931488,0.3869999945163727,0.13019999861717224
YNL103W,YKR022C,0,-4.6859403,0.22899408638477325,0.3869999945163727,0.13030000030994415
YFL057C,YDR227W,0,-4.6861925,0.22885866463184357,0.3869999945163727,0.13040000200271606
YCL014W,YCR057C,1,-4.6862226,0.2293144166469574,0.3880000114440918,0.13040000200271606
YNL004W,YGR169C,0,-4.686453,0.22917896509170532,0.3880000114440918,0.13050000369548798
YHR107C,YNL243W,1,-4.6864886,0.22963400185108185,0.3889999985694885,0.13050000369548798
YMR167W,YHR005C-A,0,-4.68681,0.22949852049350739,0.3889999985694885,0.1306000053882599
YOR002W,YER005W,0,-4.6872025,0.22936320304870605,0.3889999985694885,0.1307000070810318
YBL025W,YDR285W,0,-4.68735,0.22922804951667786,0.3889999985694885,0.13079999387264252
YLR233C,YMR190C,0,-4.6874475,0.2290930449962616,0.3889999985694885,0.13089999556541443
YOL078W,YLL061W,0,-4.6877766,0.22895820438861847,0.3889999985694885,0.13099999725818634
YBR245C,YMR060C,0,-4.687872,0.22882352769374847,0.3889999985694885,0.13109999895095825
YDL102W,YHR186C,0,-4.688037,0.22868900001049042,0.3889999985694885,0.13120000064373016
YER114C,YCR081W,0,-4.6881776,0.2285546362400055,0.3889999985694885,0.13130000233650208
YNL020C,YIL159W,1,-4.688334,0.22900763154029846,0.38999998569488525,0.13130000233650208
YNL020C,YNL267W,1,-4.6884007,0.22946009039878845,0.39100000262260437,0.13130000233650208
YDL102W,YJR119C,0,-4.68889,0.22932551801204681,0.39100000262260437,0.131400004029274
YNL041C,YBR258C,0,-4.689243,0.22919109463691711,0.39100000262260437,0.1315000057220459
YMR288W,YGR143W,0,-4.6892514,0.22905682027339935,0.39100000262260437,0.1316000074148178
YFR052W,YOL034W,0,-4.689318,0.22892270982265472,0.39100000262260437,0.13169999420642853
YLR360W,YIL080W,0,-4.6896977,0.22878876328468323,0.39100000262260437,0.13179999589920044
YGR109C,YOR103C,0,-4.689921,0.22865496575832367,0.39100000262260437,0.13189999759197235
YIL009C-A,YGR009C,0,-4.6899753,0.22852133214473724,0.39100000262260437,0.13199999928474426
YIL068C,YBL061C,1,-4.690143,0.2289719581604004,0.3919999897480011,0.13199999928474426
YMR277W,YJL109C,0,-4.690617,0.22883829474449158,0.3919999897480011,0.13210000097751617
YPL127C,YBL102W,0,-4.6906276,0.2287047803401947,0.3919999897480011,0.13220000267028809
YAL033W,YCL019W,0,-4.690732,0.22857142984867096,0.3919999897480011,0.13230000436306
YER013W,YGR056W,0,-4.690904,0.22843822836875916,0.3919999897480011,0.1324000060558319
YBR068C,YLR435W,0,-4.690975,0.22830519080162048,0.3919999897480011,0.13249999284744263
YCR037C,YMR060C,0,-4.691169,0.22817228734493256,0.3919999897480011,0.13259999454021454
YAL022C,YLR207W,0,-4.691225,0.22803956270217896,0.3919999897480011,0.13269999623298645
YNL062C,YDR308C,0,-4.691238,0.2279069721698761,0.3919999897480011,0.13279999792575836
YNL020C,YDR245W,1,-4.691377,0.22835560142993927,0.3930000066757202,0.13279999792575836
YOR257W,YMR060C,0,-4.6918626,0.22822299599647522,0.3930000066757202,0.13289999961853027
YOR236W,YFL034C-B,0,-4.6919246,0.2280905395746231,0.3930000066757202,0.13300000131130219
YOR328W,YFR031C,0,-4.6923146,0.22795823216438293,0.3930000066757202,0.1331000030040741
YGR224W,YBR112C,0,-4.6926727,0.2278260886669159,0.3930000066757202,0.133200004696846
YBR042C,YBL020W,0,-4.692962,0.2276940941810608,0.3930000066757202,0.13330000638961792
YLR095C,YDR532C,0,-4.693335,0.22756224870681763,0.3930000066757202,0.13339999318122864
YDR529C,YHR138C,0,-4.693654,0.2274305522441864,0.3930000066757202,0.13349999487400055
YKL114C,YDR211W,0,-4.6936693,0.2272990196943283,0.3930000066757202,0.13359999656677246
YGR246C,YER082C,0,-4.69406,0.22716763615608215,0.3930000066757202,0.13369999825954437
YGL016W,YDL003W,0,-4.69426,0.22703640162944794,0.3930000066757202,0.13379999995231628
YIL149C,YDR195W,0,-4.694889,0.22690531611442566,0.3930000066757202,0.1339000016450882
YDR213W,YNL304W,0,-4.6949587,0.22677437961101532,0.3930000066757202,0.1340000033378601
YNR067C,YDL225W,1,-4.695014,0.2272202968597412,0.39399999380111694,0.1340000033378601
YMR288W,YNL103W,0,-4.6959167,0.22708933055400848,0.39399999380111694,0.13410000503063202
YBR145W,YCR024C-A,0,-4.6959414,0.2269585281610489,0.39399999380111694,0.13420000672340393
YER107C,YOL068C,0,-4.6962514,0.22682785987854004,0.39399999380111694,0.13429999351501465
YBL084C,YJR028W,0,-4.6963563,0.22669735550880432,0.39399999380111694,0.13439999520778656
YGR152C,YBR143C,1,-4.6964307,0.22714203596115112,0.39500001072883606,0.13439999520778656
YJR076C,YPL242C,1,-4.696544,0.22758620977401733,0.3959999978542328,0.13439999520778656
YOL139C,YJR144W,0,-4.6965866,0.2274554818868637,0.3959999978542328,0.13449999690055847
YLR025W,YGR186W,0,-4.696762,0.22732491791248322,0.3959999978542328,0.13459999859333038
YBR192W,YLR386W,0,-4.6980505,0.22719448804855347,0.3959999978542328,0.1347000002861023
YKL019W,YOR315W,0,-4.6988363,0.22706422209739685,0.3959999978542328,0.1348000019788742
YOL077W-A,YOL117W,0,-4.6989584,0.22693409025669098,0.3959999978542328,0.13490000367164612
YPL242C,YBL061C,1,-4.6989794,0.22737686336040497,0.3970000147819519,0.13490000367164612
YNL020C,YIL068C,1,-4.6991334,0.22781911492347717,0.39800000190734863,0.13490000367164612
YHR072W,YJR028W,0,-4.699764,0.22768878936767578,0.39800000190734863,0.13500000536441803
YHR205W,YBL005W-B,0,-4.699782,0.22755859792232513,0.39800000190734863,0.13510000705718994
YNL161W,YGL150C,0,-4.700097,0.22742857038974762,0.39800000190734863,0.13519999384880066
YGR267C,YHR119W,0,-4.7001343,0.22729869186878204,0.39800000190734863,0.13529999554157257
YNL271C,YMR109W,1,-4.7006073,0.22773972153663635,0.39899998903274536,0.13529999554157257
YDR421W,YCR042C,0,-4.700752,0.2276098132133484,0.39899998903274536,0.13539999723434448
YPL152W,YDR409W,0,-4.7008758,0.22748003900051117,0.39899998903274536,0.1354999989271164
YOL023W,YHR119W,0,-4.701054,0.22735042870044708,0.39899998903274536,0.1356000006198883
YDL059C,YPL138C,0,-4.7010856,0.22722095251083374,0.39899998903274536,0.13570000231266022
YHL047C,YOR233W,0,-4.7012343,0.22709164023399353,0.39899998903274536,0.13580000400543213
YKL101W,YDL052C,0,-4.701238,0.22696246206760406,0.39899998903274536,0.13590000569820404
YJL134W,YDR235W,0,-4.701614,0.22683343291282654,0.39899998903274536,0.13600000739097595
YGR152C,YNL154C,1,-4.7017536,0.22727273404598236,0.4000000059604645,0.13600000739097595
YJR144W,YMR285C,0,-4.702103,0.22714367508888245,0.4000000059604645,0.13609999418258667
YIL095W,YCR057C,1,-4.702185,0.22758229076862335,0.4009999930858612,0.13609999418258667
YBL040C,YKR055W,0,-4.702252,0.22745320200920105,0.4009999930858612,0.13619999587535858
YHR005C,YGL095C,0,-4.702351,0.22732426226139069,0.4009999930858612,0.1362999975681305
YCR055C,YLR312C-B,1,-4.702366,0.22776204347610474,0.4020000100135803,0.1362999975681305
YER001W,YPR161C,0,-4.702526,0.22763307392597198,0.4020000100135803,0.1363999992609024
YOR233W,YBR022W,0,-4.7028403,0.22750423848628998,0.4020000100135803,0.13650000095367432
YGR167W,YDR400W,0,-4.7028775,0.2273755669593811,0.4020000100135803,0.13660000264644623
YLR292C,YKL056C,0,-4.7028966,0.22724702954292297,0.4020000100135803,0.13670000433921814
YDR378C,YBL080C,0,-4.7029757,0.22711864113807678,0.4020000100135803,0.13680000603199005
YBR102C,YIL061C,0,-4.703033,0.22699040174484253,0.4020000100135803,0.13689999282360077
YBR065C,YHR197W,0,-4.703245,0.22686229646205902,0.4020000100135803,0.13699999451637268
YER019W,YML103C,0,-4.7035813,0.22673435509204865,0.4020000100135803,0.1370999962091446
YLR069C,YDR167W,0,-4.703915,0.22660653293132782,0.4020000100135803,0.1371999979019165
YJL014W,YOR182C,0,-4.7044363,0.22647887468338013,0.4020000100135803,0.13729999959468842
YGL174W,YDL225W,1,-4.7045603,0.2269144207239151,0.40299999713897705,0.13729999959468842
YGR041W,YKL048C,1,-4.704597,0.22734946012496948,0.40400001406669617,0.13729999959468842
YFL025C,YEL062W,0,-4.704886,0.22722159326076508,0.40400001406669617,0.13740000128746033
YOL001W,YGR135W,0,-4.705395,0.2270938754081726,0.40400001406669617,0.13750000298023224
YCR042C,YNL121C,0,-4.7054315,0.22696629166603088,0.40400001406669617,0.13760000467300415
YER107C,YOR272W,0,-4.705503,0.2268388569355011,0.40400001406669617,0.13770000636577606
YPL022W,YMR234W,0,-4.706244,0.22671155631542206,0.40400001406669617,0.13779999315738678
YBR258C,YDR324C,0,-4.706333,0.22658440470695496,0.40400001406669617,0.1378999948501587
YOR160W,YGL255W,0,-4.7064705,0.2264574021100998,0.40400001406669617,0.1379999965429306
YNL230C,YGL063W,0,-4.706604,0.22633053362369537,0.40400001406669617,0.13809999823570251
YBR202W,YPL022W,0,-4.7069597,0.2262038141489029,0.40400001406669617,0.13819999992847443
YJR042W,YGL011C,0,-4.706989,0.22607722878456116,0.40400001406669617,0.13830000162124634
YMR319C,YGR185C,0,-4.707401,0.22595077753067017,0.40400001406669617,0.13840000331401825
YJR140C,YGL178W,0,-4.7074695,0.2258244901895523,0.40400001406669617,0.13850000500679016
YOR026W,YJL104W,0,-4.707888,0.225698322057724,0.40400001406669617,0.13860000669956207
YPR105C,YBR133C,0,-4.7085524,0.22557230293750763,0.40400001406669617,0.1386999934911728
YDR265W,YJL074C,0,-4.708557,0.2254464328289032,0.40400001406669617,0.1387999951839447
YEL029C,YOR299W,1,-4.708567,0.22587841749191284,0.4050000011920929,0.1387999951839447
YOR319W,YNR059W,0,-4.708572,0.22575250267982483,0.4050000011920929,0.1388999968767166
YPL242C,YOR326W,1,-4.7085795,0.22618384659290314,0.4059999883174896,0.1388999968767166
YIL010W,YDR208W,0,-4.7088923,0.22605790197849274,0.4059999883174896,0.13899999856948853
YKL138C-A,YNL147W,0,-4.708901,0.22593210637569427,0.4059999883174896,0.13910000026226044
YDR456W,YNR032W,0,-4.7091527,0.22580644488334656,0.4059999883174896,0.13920000195503235
YJL209W,YLL024C,0,-4.709313,0.22568093240261078,0.4059999883174896,0.13930000364780426
YAR019C,YNR067C,1,-4.709331,0.22611111402511597,0.40700000524520874,0.13930000364780426
YBL016W,YKL088W,0,-4.710021,0.2259855568408966,0.40700000524520874,0.13940000534057617
YOR148C,YPL258C,0,-4.7103257,0.22586014866828918,0.40700000524520874,0.13950000703334808
YPR052C,YPL010W,0,-4.710617,0.2257348895072937,0.40700000524520874,0.1395999938249588
YLL034C,YLR145W,0,-4.710838,0.22560974955558777,0.40700000524520874,0.1396999955177307
YEL002C,YDR131C,0,-4.7109475,0.22548475861549377,0.40700000524520874,0.13979999721050262
YBR049C,YCL031C,0,-4.711015,0.22535991668701172,0.40700000524520874,0.13989999890327454
YGL174W,YLR166C,1,-4.711218,0.22578859329223633,0.40799999237060547,0.13989999890327454
YBR217W,YCL066W,0,-4.711345,0.22566372156143188,0.40799999237060547,0.14000000059604645
YGL035C,YHR118C,0,-4.7114787,0.225538969039917,0.40799999237060547,0.14010000228881836
YNL147W,YDR057W,0,-4.712091,0.22541436553001404,0.40799999237060547,0.14020000398159027
YDR166C,YLR337C,1,-4.712616,0.22584207355976105,0.4090000092983246,0.14020000398159027
YDR123C,YKL212W,0,-4.712672,0.2257174402475357,0.4090000092983246,0.14030000567436218
YFL048C,YHR048W,0,-4.712705,0.2255929410457611,0.4090000092983246,0.1404000073671341
YLR133W,YKL138C-A,0,-4.712944,0.22546857595443726,0.4090000092983246,0.1404999941587448
YFL024C,YMR021C,0,-4.7130733,0.22534435987472534,0.4090000092983246,0.14059999585151672
YBR121C,YDR135C,0,-4.7133346,0.22522026300430298,0.4090000092983246,0.14069999754428864
YMR164C,YPL190C,0,-4.7134805,0.22509631514549255,0.4090000092983246,0.14079999923706055
YGR227W,YPR190C,0,-4.7144594,0.22497250139713287,0.4090000092983246,0.14090000092983246
YNR067C,YJL085W,1,-4.7145925,0.22539857029914856,0.4099999964237213,0.14090000092983246
YLR391W,YGR244C,0,-4.7147546,0.2252747267484665,0.4099999964237213,0.14100000262260437
YBL024W,YDL077C,0,-4.7147636,0.22515101730823517,0.4099999964237213,0.14110000431537628
YOR320C,YPL140C,0,-4.714783,0.2250274419784546,0.4099999964237213,0.1412000060081482
YGR041W,YLR286C,1,-4.714949,0.22545255720615387,0.41100001335144043,0.1412000060081482
YNL245C,YPR140W,0,-4.7149644,0.2253289520740509,0.41100001335144043,0.1412999927997589
YML061C,YML105C,0,-4.7153544,0.22520548105239868,0.41100001335144043,0.14139999449253082
YHL040C,YKL182W,0,-4.71545,0.2250821441411972,0.41100001335144043,0.14149999618530273
YLR139C,YHR050W,0,-4.715696,0.22495895624160767,0.41100001335144043,0.14159999787807465
YFL024C,YGR074W,0,-4.7157884,0.22483588755130768,0.41100001335144043,0.14169999957084656
YLR215C,YIL105C,0,-4.716078,0.22471295297145844,0.41100001335144043,0.14180000126361847
YBR015C,YOR361C,0,-4.71616,0.22459016740322113,0.41100001335144043,0.14190000295639038
YJL042W,YPL167C,0,-4.7162557,0.22446750104427338,0.41100001335144043,0.1420000046491623
YDL093W,YLR197W,0,-4.7168603,0.22434498369693756,0.41100001335144043,0.1421000063419342
YDL161W,YGL111W,0,-4.716939,0.2242225855588913,0.41100001335144043,0.14219999313354492
YMR208W,YLR097C,0,-4.71703,0.22410032153129578,0.41100001335144043,0.14229999482631683
YDL031W,YIL030C,0,-4.717036,0.2239782065153122,0.41100001335144043,0.14239999651908875
YJL058C,YIL147C,0,-4.717255,0.22385621070861816,0.41100001335144043,0.14249999821186066
YNL130C,YOL129W,0,-4.717397,0.22373434901237488,0.41100001335144043,0.14259999990463257
YGL223C,YKL182W,0,-4.717512,0.22361262142658234,0.41100001335144043,0.14270000159740448
YGL174W,YPL242C,1,-4.7175527,0.22403480112552643,0.41200000047683716,0.14270000159740448
YFL011W,YGR144W,0,-4.7175756,0.2239130437374115,0.41200000047683716,0.1428000032901764
YPR057W,YOR340C,0,-4.7180276,0.22379142045974731,0.41200000047683716,0.1429000049829483
YLR220W,YOR140W,0,-4.7181,0.22366993129253387,0.41200000047683716,0.14300000667572021
YGL054C,YER149C,1,-4.7184176,0.22409115731716156,0.4129999876022339,0.14300000667572021
YGR116W,YDR146C,0,-4.718591,0.22396963834762573,0.4129999876022339,0.14309999346733093
YNL020C,YFL023W,1,-4.719239,0.22439023852348328,0.414000004529953,0.14309999346733093
YMR220W,YIL038C,0,-4.7193704,0.22426868975162506,0.414000004529953,0.14319999516010284
YKR086W,YHR214C-B,0,-4.719476,0.2241472601890564,0.414000004529953,0.14329999685287476
YGR157W,YNL085W,0,-4.720217,0.22402597963809967,0.414000004529953,0.14339999854564667
YOL108C,YOL128C,0,-4.7202725,0.2239048182964325,0.414000004529953,0.14350000023841858
YMR032W,YIL068C,1,-4.7206283,0.2243243306875229,0.41499999165534973,0.14350000023841858
YOL156W,YER003C,0,-4.7206903,0.22420313954353333,0.41499999165534973,0.1436000019311905
YOR204W,YNL053W,0,-4.721236,0.2240820676088333,0.41499999165534973,0.1437000036239624
YGR217W,YPL193W,0,-4.721782,0.22396114468574524,0.41499999165534973,0.14380000531673431
YPR128C,YNL113W,0,-4.7218976,0.22384034097194672,0.41499999165534973,0.14390000700950623
YDR298C,YNR001C,0,-4.7220225,0.22371967136859894,0.41499999165534973,0.14399999380111694
YIL159W,YDL117W,1,-4.722026,0.22413793206214905,0.41600000858306885,0.14399999380111694
YMR119W,YDR331W,0,-4.7220726,0.22401723265647888,0.41600000858306885,0.14409999549388885
YKL017C,YOL010W,0,-4.7221446,0.22389666736125946,0.41600000858306885,0.14419999718666077
YBR111W-A,YBR105C,0,-4.7225137,0.2237762212753296,0.41600000858306885,0.14429999887943268
YIL095W,YNL154C,1,-4.7226605,0.2241935431957245,0.4169999957084656,0.14429999887943268
YPL018W,YHR174W,0,-4.7226706,0.22407308220863342,0.4169999957084656,0.1444000005722046
YMR184W,YCR034W,0,-4.7227235,0.2239527404308319,0.4169999957084656,0.1445000022649765
YCR002C,YBR210W,1,-4.7228475,0.22436930239200592,0.4180000126361847,0.1445000022649765
YPL210C,YLR452C,0,-4.722876,0.22424893081188202,0.4180000126361847,0.1446000039577484
YOR211C,YBR087W,0,-4.722913,0.22412869334220886,0.4180000126361847,0.14470000565052032
YPL051W,YOR179C,0,-4.723018,0.22400857508182526,0.4180000126361847,0.14480000734329224
YHR082C,YHL036W,0,-4.723128,0.2238885909318924,0.4180000126361847,0.14489999413490295
YDL175C,YFL031W,0,-4.72365,0.22376874089241028,0.4180000126361847,0.14499999582767487
YJR093C,YGR166W,0,-4.7238812,0.2236490100622177,0.4180000126361847,0.14509999752044678
YHR175W,YBL035C,0,-4.724302,0.2235294133424759,0.4180000126361847,0.1451999992132187
YJR108W,YDR335W,0,-4.724444,0.22340993583202362,0.4180000126361847,0.1453000009059906
YGR213C,YHR214C-B,0,-4.724546,0.2232905924320221,0.4180000126361847,0.1454000025987625
YKL034W,YML045W,0,-4.7248044,0.2231713831424713,0.4180000126361847,0.14550000429153442
YJR076C,YHR107C,1,-4.724942,0.22358591854572296,0.4189999997615814,0.14550000429153442
YFL048C,YOR083W,0,-4.725166,0.2234666645526886,0.4189999997615814,0.14560000598430634
YMR076C,YNR064C,0,-4.725203,0.22334754467010498,0.4189999997615814,0.14569999277591705
YNL323W,YMR270C,0,-4.725227,0.2232285588979721,0.4189999997615814,0.14579999446868896
YDR207C,YMR087W,0,-4.726038,0.22310969233512878,0.4189999997615814,0.14589999616146088
YOL146W,YMR293C,0,-4.7260447,0.2229909598827362,0.4189999997615814,0.1459999978542328
YIL159W,YFL023W,1,-4.7261653,0.22340425848960876,0.41999998688697815,0.1459999978542328
YBR210W,YIL068C,1,-4.726728,0.2238171249628067,0.42100000381469727,0.1459999978542328
YDL148C,YNL262W,0,-4.7268186,0.2236981987953186,0.42100000381469727,0.1460999995470047
YDR168W,YCR053W,0,-4.72704,0.22357939183712006,0.42100000381469727,0.1462000012397766
YGL174W,YNL154C,1,-4.7271185,0.2239915132522583,0.421999990940094,0.1462000012397766
YFL025C,YML080W,0,-4.7271514,0.22387267649173737,0.421999990940094,0.14630000293254852
YPL161C,YJR025C,0,-4.7277617,0.22375397384166718,0.421999990940094,0.14640000462532043
YEL019C,YGR002C,0,-4.7279754,0.22363540530204773,0.421999990940094,0.14650000631809235
YIL139C,YPL139C,0,-4.7280354,0.22351695597171783,0.421999990940094,0.14659999310970306
YGR197C,YBR294W,0,-4.728207,0.2233986258506775,0.421999990940094,0.14669999480247498
YHR169W,YOR140W,0,-4.728497,0.2232804298400879,0.421999990940094,0.1467999964952469
YKL182W,YPL022W,0,-4.728507,0.22316235303878784,0.421999990940094,0.1468999981880188
YMR113W,YDR146C,0,-4.7285695,0.22304439544677734,0.421999990940094,0.1469999998807907
YBL079W,YML103C,0,-4.728623,0.2229265719652176,0.421999990940094,0.14710000157356262
YGR041W,YLR337C,1,-4.729112,0.223336860537529,0.4230000078678131,0.14710000157356262
YPL008W,YOL051W,0,-4.729175,0.22321899235248566,0.4230000078678131,0.14720000326633453
YMR043W,YDR195W,0,-4.7298155,0.22310127317905426,0.4230000078678131,0.14730000495910645
YIL106W,YKR002W,0,-4.730352,0.22298365831375122,0.4230000078678131,0.14740000665187836
YDR312W,YNR048W,0,-4.7309914,0.22286617755889893,0.4230000078678131,0.14749999344348907
YCR088W,YNL309W,0,-4.731041,0.22274881601333618,0.4230000078678131,0.147599995136261
YAL007C,YPL085W,0,-4.731289,0.222631573677063,0.4230000078678131,0.1476999968290329
YKL059C,YKL203C,0,-4.731335,0.22251446545124054,0.4230000078678131,0.1477999985218048
YOR361C,YMR263W,0,-4.7314076,0.22239747643470764,0.4230000078678131,0.14790000021457672
YNL110C,YDR328C,1,-4.7314982,0.22280609607696533,0.42399999499320984,0.14790000021457672
YCR038C,YPR188C,1,-4.73215,0.2232142835855484,0.42500001192092896,0.14790000021457672
YPL145C,YGR040W,0,-4.732692,0.22309711575508118,0.42500001192092896,0.14800000190734863
YMR072W,YFL011W-A,0,-4.732991,0.2229800671339035,0.42500001192092896,0.14810000360012054
YPL008W,YPR141C,0,-4.733764,0.22286313772201538,0.42500001192092896,0.14820000529289246
YKL190W,YBR171W,0,-4.7341914,0.2227463275194168,0.42500001192092896,0.14830000698566437
YKL220C,YKL186C,0,-4.7348146,0.22262965142726898,0.42500001192092896,0.14839999377727509
YPR119W,YJL154C,0,-4.735131,0.2225130945444107,0.42500001192092896,0.148499995470047
YDL088C,YML015C,0,-4.7351785,0.22239665687084198,0.42500001192092896,0.1485999971628189
YCR038C,YPR055W,1,-4.735265,0.22280335426330566,0.4259999990463257,0.1485999971628189
YLR002C,YNL107W,0,-4.7353826,0.22268687188625336,0.4259999990463257,0.14869999885559082
YDR320C-A,YER087C-B,0,-4.735559,0.222570538520813,0.4259999990463257,0.14880000054836273
YPL256C,YOR083W,0,-4.736179,0.22245430946350098,0.4259999990463257,0.14890000224113464
YER088C,YCL075W,0,-4.7366905,0.22233819961547852,0.4259999990463257,0.14900000393390656
YCR093W,YMR208W,0,-4.736852,0.2222222238779068,0.4259999990463257,0.14910000562667847
YKL112W,YAL034W-A,0,-4.7371545,0.22210636734962463,0.4259999990463257,0.14920000731945038
YDL138W,YGR033C,0,-4.7371926,0.22199061512947083,0.4259999990463257,0.1492999941110611
YMR065W,YGL252C,0,-4.7374277,0.22187499701976776,0.4259999990463257,0.149399995803833
YFL023W,YLL021W,1,-4.7374454,0.22228005528450012,0.4269999861717224,0.149399995803833
YOR216C,YMR210W,0,-4.7374587,0.22216440737247467,0.4269999861717224,0.14949999749660492
YGR262C,YPL242C,1,-4.7376533,0.22256889939308167,0.42800000309944153,0.14949999749660492
YKL032C,YOR004W,0,-4.737672,0.22245322167873383,0.42800000309944153,0.14959999918937683
YGR262C,YPR055W,1,-4.737917,0.22285714745521545,0.42899999022483826,0.14959999918937683
YPL209C,YOL069W,0,-4.738135,0.22274143993854523,0.42899999022483826,0.14970000088214874
YLR127C,YAR031W,0,-4.738458,0.22262583673000336,0.42899999022483826,0.14980000257492065
YLR100W,YDR398W,0,-4.7387156,0.22251036763191223,0.42899999022483826,0.14990000426769257
YNR052C,YGR270W,0,-4.739219,0.22239501774311066,0.42899999022483826,0.15000000596046448
YNL282W,YGL252C,0,-4.7395134,0.22227978706359863,0.42899999022483826,0.1500999927520752
YKL205W,YCL008C,0,-4.7395983,0.22216467559337616,0.42899999022483826,0.1501999944448471
YAL002W,YOR129C,0,-4.739634,0.22204968333244324,0.42899999022483826,0.15029999613761902
YDR317W,YNL142W,0,-4.7398915,0.22193481028079987,0.42899999022483826,0.15039999783039093
YPL242C,YMR109W,1,-4.740338,0.22233712673187256,0.4300000071525574,0.15039999783039093
YLR051C,YDR062W,0,-4.740872,0.2222222238779068,0.4300000071525574,0.15049999952316284
YNL027W,YLR381W,0,-4.7409434,0.2221074402332306,0.4300000071525574,0.15060000121593475
YPL255W,YBL103C,0,-4.7410045,0.22199277579784393,0.4300000071525574,0.15070000290870667
YJR092W,YCR058C,1,-4.741032,0.22239422798156738,0.4309999942779541,0.15070000290870667
YPR032W,YDL128W,0,-4.741264,0.22227951884269714,0.4309999942779541,0.15080000460147858
YAL040C,YDR040C,0,-4.7413087,0.22216494381427765,0.4309999942779541,0.1509000062942505
YCR002C,YGL106W,1,-4.7414494,0.2225656807422638,0.4320000112056732,0.1509000062942505
YLR238W,YKL017C,0,-4.741494,0.2224510759115219,0.4320000112056732,0.1509999930858612
YLR214W,YMR061W,0,-4.7418475,0.22233659029006958,0.4320000112056732,0.15109999477863312
YHR200W,YER148W,0,-4.74207,0.2222222238779068,0.4320000112056732,0.15119999647140503
YDL059C,YIL031W,0,-4.7422986,0.22210796177387238,0.4320000112056732,0.15129999816417694
YML013W,YER074W-A,0,-4.7423224,0.2219938337802887,0.4320000112056732,0.15139999985694885
YBR039W,YMR076C,0,-4.7427053,0.22187981009483337,0.4320000112056732,0.15150000154972076
YPR006C,YDR451C,0,-4.742784,0.2217659205198288,0.4320000112056732,0.15160000324249268
YOR326W,YCR009C,1,-4.742885,0.22216521203517914,0.43299999833106995,0.15160000324249268
YDR477W,YKL095W,0,-4.7434177,0.22205127775669098,0.43299999833106995,0.1517000049352646
YGR108W,YLR005W,0,-4.7437286,0.22193746268749237,0.43299999833106995,0.1518000066280365
YLR320W,YIL138C,0,-4.743995,0.2218237668275833,0.43299999833106995,0.15189999341964722
YDR420W,YDR388W,1,-4.7440495,0.2222222238779068,0.4339999854564667,0.15189999341964722
YFL039C,YCR002C,1,-4.7440863,0.22262026369571686,0.4350000023841858,0.15189999341964722
YDR524C,YDR013W,0,-4.7442174,0.22250638902187347,0.4350000023841858,0.15199999511241913
YOR232W,YML031W,0,-4.744218,0.22239263355731964,0.4350000023841858,0.15209999680519104
YPR162C,YDL039C,0,-4.7442718,0.22227899730205536,0.4350000023841858,0.15219999849796295
YCL012W,YNL110C,1,-4.7447987,0.22267620265483856,0.4359999895095825,0.15219999849796295
YCR027C,YML029W,0,-4.744868,0.2225625365972519,0.4359999895095825,0.15230000019073486
YKL101W,YBR168W,0,-4.7448735,0.22244897484779358,0.4359999895095825,0.15240000188350677
YOR224C,YNL206C,0,-4.7452884,0.222335547208786,0.4359999895095825,0.1525000035762787
YAL041W,YDR142C,0,-4.74546,0.2222222238779068,0.4359999895095825,0.1526000052690506
YDL226C,YPL131W,0,-4.745605,0.22210901975631714,0.4359999895095825,0.1527000069618225
YLR381W,YMR156C,0,-4.745708,0.22199591994285583,0.4359999895095825,0.15279999375343323
YOL095C,YHR119W,0,-4.7457843,0.22188295423984528,0.4359999895095825,0.15289999544620514
YGR246C,YPR083W,0,-4.74586,0.22177009284496307,0.4359999895095825,0.15299999713897705
YOL008W,YDL036C,0,-4.7462664,0.22165735065937042,0.4359999895095825,0.15309999883174896
YJR092W,YCR002C,1,-4.746285,0.22205284237861633,0.43700000643730164,0.15309999883174896
YKL170W,YPL174C,0,-4.747017,0.2219400703907013,0.43700000643730164,0.15320000052452087
YNL117W,YAR010C,0,-4.747573,0.2218274176120758,0.43700000643730164,0.15330000221729279
YGL174W,YIL068C,1,-4.747578,0.2222222238779068,0.43799999356269836,0.15330000221729279
YBL008W,YML021C,0,-4.747793,0.22210952639579773,0.43799999356269836,0.1534000039100647
YLR353W,YCR055C,1,-4.7478366,0.22250379621982574,0.4390000104904175,0.1534000039100647
YJL117W,YBL022C,0,-4.7479205,0.22239108383655548,0.4390000104904175,0.1535000056028366
YGR199W,YPR054W,0,-4.748203,0.22227847576141357,0.4390000104904175,0.15360000729560852
YNL334C,YJR110W,0,-4.7482657,0.22216598689556122,0.4390000104904175,0.15369999408721924
YLR103C,YBR257W,0,-4.7484508,0.2220536172389984,0.4390000104904175,0.15379999577999115
YJR050W,YIL031W,0,-4.7485023,0.22194135189056396,0.4390000104904175,0.15389999747276306
YJL024C,YGL035C,0,-4.7485213,0.22182920575141907,0.4390000104904175,0.15399999916553497
YCR075C,YJR010C-A,0,-4.748545,0.22171717882156372,0.4390000104904175,0.15410000085830688
YIL118W,YLR033W,0,-4.748948,0.22160525619983673,0.4390000104904175,0.1542000025510788
YIR033W,YDL055C,0,-4.7492065,0.2214934378862381,0.4390000104904175,0.1543000042438507
YKL191W,YDL077C,0,-4.74925,0.22138173878192902,0.4390000104904175,0.15440000593662262
YML099C,YPL137C,0,-4.7492642,0.22127015888690948,0.4390000104904175,0.15449999272823334
YFL045C,YJL192C,0,-4.749277,0.2211586833000183,0.4390000104904175,0.15459999442100525
YOR194C,YER074W-A,0,-4.7499704,0.2210473269224167,0.4390000104904175,0.15469999611377716
YPL233W,YOR179C,0,-4.750239,0.22093608975410461,0.4390000104904175,0.15479999780654907
YOR307C,YKR089C,0,-4.750393,0.2208249568939209,0.4390000104904175,0.15489999949932098
YFL023W,YLR312C-B,1,-4.7505083,0.22121669352054596,0.4399999976158142,0.15489999949932098
YJL207C,YKR048C,0,-4.7507453,0.22110553085803986,0.4399999976158142,0.1550000011920929
YDR440W,YHR154W,0,-4.750861,0.2209944725036621,0.4399999976158142,0.1551000028848648
YFL048C,YBR123C,0,-4.7509475,0.2208835333585739,0.4399999976158142,0.15520000457763672
YDR243C,YLR316C,0,-4.7509637,0.22077269852161407,0.4399999976158142,0.15530000627040863
YER164W,YPR037C,0,-4.7511225,0.2206619828939438,0.4399999976158142,0.15539999306201935
YML113W,YBL103C,0,-4.7513385,0.22055137157440186,0.4399999976158142,0.15549999475479126
YNL166C,YBR143C,1,-4.751517,0.22094188630580902,0.4410000145435333,0.15549999475479126
YLR277C,YBL005W-A,0,-4.7518754,0.2208312451839447,0.4410000145435333,0.15559999644756317
YBL084C,YOR038C,0,-4.751909,0.22072072327136993,0.4410000145435333,0.15569999814033508
YHR142W,YBR142W,0,-4.7519374,0.22061030566692352,0.4410000145435333,0.155799999833107
YJR070C,YMR214W,0,-4.75195,0.22050000727176666,0.4410000145435333,0.1559000015258789
YKL182W,YDR320C,0,-4.7520084,0.22038979828357697,0.4410000145435333,0.15600000321865082
YMR214W,YLR249W,0,-4.7526813,0.220279723405838,0.4410000145435333,0.15610000491142273
YOL077W-A,YBR111W-A,0,-4.752943,0.22016973793506622,0.4410000145435333,0.15620000660419464
YKR024C,YDR079C-A,0,-4.7539415,0.22005988657474518,0.4410000145435333,0.15629999339580536
YEL029C,YNL327W,1,-4.754294,0.22044888138771057,0.44200000166893005,0.15629999339580536
YOL145C,YBR289W,0,-4.754499,0.22033898532390594,0.44200000166893005,0.15639999508857727
YLR242C,YBR073W,0,-4.754973,0.22022919356822968,0.44200000166893005,0.15649999678134918
YMR246W,YCR020W-B,0,-4.7549844,0.22011952102184296,0.44200000166893005,0.1565999984741211
YPR057W,YDL112W,0,-4.755483,0.2200099527835846,0.44200000166893005,0.156700000166893
YBR260C,YOR356W,0,-4.7555428,0.21990050375461578,0.44200000166893005,0.15680000185966492
YNL094W,YGR097W,0,-4.7556043,0.21979114413261414,0.44200000166893005,0.15690000355243683
YDL155W,YPL237W,0,-4.755736,0.21968190371990204,0.44200000166893005,0.15700000524520874
YMR224C,YBR002C,0,-4.7558107,0.2195727825164795,0.44200000166893005,0.15710000693798065
YDR180W,YFL026W,0,-4.756148,0.2194637507200241,0.44200000166893005,0.15719999372959137
YBL002W,YLR265C,0,-4.756169,0.21935483813285828,0.44200000166893005,0.15729999542236328
YPL101W,YNL047C,0,-4.7562995,0.2192460298538208,0.44200000166893005,0.1573999971151352
YNL268W,YML021C,0,-4.756354,0.21913732588291168,0.44200000166893005,0.1574999988079071
YOR224C,YGR229C,0,-4.756396,0.21902874112129211,0.44200000166893005,0.15760000050067902
YIL095W,YBR143C,1,-4.756727,0.219415545463562,0.4429999887943268,0.15760000050067902
YHR011W,YCR065W,0,-4.756907,0.21930693089962006,0.4429999887943268,0.15770000219345093
YDR276C,YOR356W,0,-4.7572055,0.21919842064380646,0.4429999887943268,0.15780000388622284
YEL029C,YER149C,1,-4.757396,0.21958456933498383,0.4440000057220459,0.15780000388622284
YDR151C,YGR113W,0,-4.7579403,0.21947602927684784,0.4440000057220459,0.15790000557899475
YLR242C,YOR098C,0,-4.758015,0.2193675935268402,0.4440000057220459,0.15800000727176666
YJL122W,YPR086W,0,-4.758268,0.21925926208496094,0.4440000057220459,0.15809999406337738
YDR244W,YER160C,0,-4.7586093,0.21915103495121002,0.4440000057220459,0.1581999957561493
YBR210W,YHR061C,1,-4.758676,0.21953625977039337,0.4449999928474426,0.1581999957561493
YJL204C,YNL339C,0,-4.7587447,0.21942800283432007,0.4449999928474426,0.1582999974489212
YCR066W,YOR140W,0,-4.758817,0.21931986510753632,0.4449999928474426,0.15839999914169312
YMR301C,YNL061W,0,-4.758985,0.21921181678771973,0.4449999928474426,0.15850000083446503
YKL179C,YML092C,0,-4.7591953,0.2191038876771927,0.4449999928474426,0.15860000252723694
YNR059W,YDR488C,0,-4.7596793,0.218996062874794,0.4449999928474426,0.15870000422000885
YPL016W,YIL080W,0,-4.759749,0.21888834238052368,0.4449999928474426,0.15880000591278076
YGR188C,YHR124W,0,-4.7598667,0.2187807261943817,0.4449999928474426,0.15889999270439148
YHR157W,YNL046W,0,-4.7603855,0.2186732143163681,0.4449999928474426,0.1589999943971634
YDR046C,YHR194W,0,-4.7605224,0.21856582164764404,0.4449999928474426,0.1590999960899353
YDL155W,YMR079W,0,-4.7605805,0.21845851838588715,0.4449999928474426,0.15919999778270721
YMR012W,YOR367W,0,-4.7606997,0.2183513194322586,0.4449999928474426,0.15929999947547913
YGR040W,YOR098C,0,-4.760766,0.21824423968791962,0.4449999928474426,0.15940000116825104
YBL032W,YDR146C,0,-4.7611356,0.2181372493505478,0.4449999928474426,0.15950000286102295
YDR182W,YJL203W,0,-4.761637,0.21803037822246552,0.4449999928474426,0.15960000455379486
YDR017C,YBR103W,0,-4.7622066,0.2179236114025116,0.4449999928474426,0.15970000624656677
YMR001C,YBR193C,0,-4.762254,0.21781693398952484,0.4449999928474426,0.1597999930381775
YDR298C,YBR168W,0,-4.762611,0.21771037578582764,0.4449999928474426,0.1598999947309494
YMR113W,YBL018C,0,-4.763347,0.2176039069890976,0.4449999928474426,0.1599999964237213
YKL028W,YDR341C,0,-4.763391,0.2174975574016571,0.4449999928474426,0.16009999811649323
YDL029W,YPL228W,0,-4.763533,0.21739129722118378,0.4449999928474426,0.16019999980926514
YMR153W,YLR014C,0,-4.763579,0.21728515625,0.4449999928474426,0.16030000150203705
YJL061W,YMR005W,0,-4.7642546,0.2171791046857834,0.4449999928474426,0.16040000319480896
YGR108W,YDR499W,0,-4.764262,0.21707317233085632,0.4449999928474426,0.16050000488758087
YFL024C,YNL268W,0,-4.7645283,0.21696732938289642,0.4449999928474426,0.16060000658035278
YBR023C,YGR152C,1,-4.7651715,0.21734893321990967,0.44600000977516174,0.16060000658035278
YLR353W,YPR055W,1,-4.7653313,0.21773014962673187,0.44699999690055847,0.16060000658035278
YMR078C,YIR010W,0,-4.765932,0.21762414276599884,0.44699999690055847,0.1606999933719635
YOL069W,YBR073W,0,-4.7665534,0.21751825511455536,0.44699999690055847,0.1607999950647354
YBR152W,YGR090W,0,-4.7666945,0.21741245687007904,0.44699999690055847,0.16089999675750732
YEL032W,YMR088C,0,-4.766747,0.21730676293373108,0.44699999690055847,0.16099999845027924
YLR321C,YMR146C,0,-4.7674775,0.21720117330551147,0.44699999690055847,0.16110000014305115
YGL155W,YBR272C,0,-4.767509,0.21709567308425903,0.44699999690055847,0.16120000183582306
YAL035W,YMR153W,0,-4.7676134,0.21699029207229614,0.44699999690055847,0.16130000352859497
YHR074W,YOR297C,0,-4.7676215,0.21688500046730042,0.44699999690055847,0.16140000522136688
YGL257C,YLR212C,0,-4.76775,0.21677982807159424,0.44699999690055847,0.1615000069141388
YML120C,YOR008C,0,-4.768584,0.21667474508285522,0.44699999690055847,0.1615999937057495
YBL025W,YMR060C,0,-4.768789,0.21656976640224457,0.44699999690055847,0.16169999539852142
YNL298W,YBR210W,1,-4.7688627,0.21694914996623993,0.4480000138282776,0.16169999539852142
YGL025C,YOR346W,0,-4.7690496,0.21684414148330688,0.4480000138282776,0.16179999709129333
YOR233W,YER138C,0,-4.7692146,0.2167392373085022,0.4480000138282776,0.16189999878406525
YMR220W,YIL061C,0,-4.7695956,0.21663442254066467,0.4480000138282776,0.16200000047683716
YCR075C,YML015C,0,-4.7696657,0.2165297269821167,0.4480000138282776,0.16210000216960907
YJL081C,YJL198W,0,-4.7699,0.2164251208305359,0.4480000138282776,0.16220000386238098
YLR100W,YBL023C,0,-4.770271,0.21632061898708344,0.4480000138282776,0.1623000055551529
YDR151C,YDR013W,0,-4.770291,0.21621622145175934,0.4480000138282776,0.1624000072479248
YML062C,YLR141W,0,-4.7709556,0.2161119133234024,0.4480000138282776,0.16249999403953552
YMR055C,YPL132W,0,-4.7710304,0.21600770950317383,0.4480000138282776,0.16259999573230743
YLR116W,YKR095W-A,0,-4.772354,0.2159036099910736,0.4480000138282776,0.16269999742507935
YOL145C,YBR015C,0,-4.7727785,0.21579961478710175,0.4480000138282776,0.16279999911785126
YBR038W,YNR067C,1,-4.77285,0.21617718040943146,0.4490000009536743,0.16279999911785126
YOL005C,YKL122C,0,-4.7730966,0.216073140501976,0.4490000009536743,0.16290000081062317
YDR461W,YDR228C,0,-4.773126,0.21596921980381012,0.4490000009536743,0.16300000250339508
YDR345C,YGR057C,0,-4.7732806,0.2158653885126114,0.4490000009536743,0.163100004196167
YOR241W,YEL002C,0,-4.7740073,0.21576164662837982,0.4490000009536743,0.1632000058889389
YMR240C,YOR322C,0,-4.774037,0.2156580239534378,0.4490000009536743,0.16329999268054962
YJL133W,YDL212W,0,-4.7743506,0.21555449068546295,0.4490000009536743,0.16339999437332153
YHL003C,YOL090W,0,-4.7743993,0.21545106172561646,0.4490000009536743,0.16349999606609344
YLR127C,YDR424C,0,-4.7748218,0.21534772217273712,0.4490000009536743,0.16359999775886536
YJR022W,YMR235C,0,-4.7751765,0.21524448692798615,0.4490000009536743,0.16369999945163727
YLR138W,YIL056W,0,-4.7753386,0.21514135599136353,0.4490000009536743,0.16380000114440918
YJL168C,YMR216C,0,-4.7754536,0.21503831446170807,0.4490000009536743,0.1639000028371811
YGL006W,YDL128W,0,-4.7754683,0.21493537724018097,0.4490000009536743,0.164000004529953
YAL022C,YFR002W,0,-4.775759,0.21483252942562103,0.4490000009536743,0.16410000622272491
YDR515W,YDR451C,0,-4.7758965,0.21472980082035065,0.4490000009536743,0.16419999301433563
YBR110W,YDR142C,0,-4.776034,0.21462714672088623,0.4490000009536743,0.16429999470710754
YER165W,YKR031C,0,-4.776154,0.21452461183071136,0.4490000009536743,0.16439999639987946
YMR070W,YKL070W,0,-4.7763114,0.21442215144634247,0.4490000009536743,0.16449999809265137
YPR128C,YBL102W,0,-4.7765636,0.21431981027126312,0.4490000009536743,0.16459999978542328
YGR140W,YOL135C,0,-4.7765994,0.21421755850315094,0.4490000009536743,0.1647000014781952
YLR153C,YKL176C,0,-4.7766323,0.21411539614200592,0.4490000009536743,0.1648000031709671
YDL006W,YHR048W,0,-4.776691,0.21401335299015045,0.4490000009536743,0.164900004863739
YPR019W,YLR069C,0,-4.776818,0.21391138434410095,0.4490000009536743,0.16500000655651093
YEL019C,YDR207C,0,-4.776877,0.2138095200061798,0.4490000009536743,0.16509999334812164
YBR021W,YLL017W,0,-4.7768793,0.21370775997638702,0.4490000009536743,0.16519999504089355
YNL145W,YOR290C,0,-4.7769785,0.2136060893535614,0.4490000009536743,0.16529999673366547
YBR158W,YLR285W,0,-4.777537,0.21350452303886414,0.4490000009536743,0.16539999842643738
YER149C,YNL243W,1,-4.7778,0.213878333568573,0.44999998807907104,0.16539999842643738
YIR002C,YDR081C,0,-4.777812,0.21377672255039215,0.44999998807907104,0.1655000001192093
YDR279W,YDL098C,0,-4.777843,0.21367521584033966,0.44999998807907104,0.1656000018119812
YNL078W,YNL207W,0,-4.7778635,0.21357379853725433,0.44999998807907104,0.1657000035047531
YOL077W-A,YFL048C,0,-4.7778835,0.21347248554229736,0.44999998807907104,0.16580000519752502
YLL018C-A,YLR254C,0,-4.7779183,0.21337126195430756,0.44999998807907104,0.16590000689029694
YIL138C,YGR270W,0,-4.778115,0.2132701426744461,0.44999998807907104,0.16599999368190765
YMR032W,YLR337C,1,-4.7785406,0.21364282071590424,0.45100000500679016,0.16599999368190765
YLR286C,YMR032W,1,-4.778663,0.2140151560306549,0.4519999921321869,0.16599999368190765
YLR397C,YJR022W,0,-4.7788463,0.21391387283802032,0.4519999921321869,0.16609999537467957
YHR205W,YDL109C,0,-4.778916,0.2138126790523529,0.4519999921321869,0.16619999706745148
YIL159W,YOR299W,1,-4.779121,0.21418440341949463,0.453000009059906,0.16619999706745148
YBR048W,YLR301W,0,-4.7792115,0.21408317983150482,0.453000009059906,0.1662999987602234
YNL131W,YJR110W,0,-4.7794366,0.21398204565048218,0.453000009059906,0.1664000004529953
YHR107C,YOR181W,1,-4.779793,0.21435315907001495,0.45399999618530273,0.1664000004529953
YGL061C,YLR292C,0,-4.7799954,0.21425200998783112,0.45399999618530273,0.1665000021457672
YKL179C,YGL200C,0,-4.780382,0.21415095031261444,0.45399999618530273,0.16660000383853912
YJL008C,YLR069C,0,-4.7804575,0.21404998004436493,0.45399999618530273,0.16670000553131104
YHR188C,YGR006W,0,-4.780668,0.21394909918308258,0.45399999618530273,0.16680000722408295
YGL256W,YGL008C,0,-4.780984,0.2138483226299286,0.45399999618530273,0.16689999401569366
YMR012W,YOL135C,0,-4.781112,0.21374765038490295,0.45399999618530273,0.16699999570846558
YGL016W,YNR052C,0,-4.781265,0.2136470526456833,0.45399999618530273,0.1670999974012375
YMR038C,YPL274W,0,-4.7813,0.21354655921459198,0.45399999618530273,0.1671999990940094
YPL231W,YLR371W,0,-4.781648,0.21344617009162903,0.45399999618530273,0.1673000007867813
YNL257C,YLR372W,0,-4.7819915,0.21334587037563324,0.45399999618530273,0.16740000247955322
YDL225W,YLR337W,1,-4.782467,0.2137153595685959,0.45500001311302185,0.16740000247955322
YLR381W,YGL136C,0,-4.7824764,0.2136150300502777,0.45500001311302185,0.16750000417232513
YJL085W,YCR009C,1,-4.7825227,0.21398404240608215,0.4560000002384186,0.16750000417232513
YLR215C,YML107C,0,-4.782818,0.2138836830854416,0.4560000002384186,0.16760000586509705
YDR385W,YBR079C,0,-4.7829337,0.213783398270607,0.4560000002384186,0.16769999265670776
YBR058C-A,YKL041W,0,-4.782952,0.21368321776390076,0.4560000002384186,0.16779999434947968
YOR061W,YBL034C,0,-4.783067,0.21358314156532288,0.4560000002384186,0.1678999960422516
YCR002C,YBR038W,1,-4.783162,0.21395130455493927,0.4569999873638153,0.1678999960422516
YOL049W,YGR276C,0,-4.7833295,0.213851198554039,0.4569999873638153,0.1679999977350235
YBR100W,YLR145W,0,-4.7840967,0.2137511670589447,0.4569999873638153,0.1680999994277954
YPL256C,YIL082W-A,0,-4.784244,0.21365123987197876,0.4569999873638153,0.16820000112056732
YOR290C,YPR032W,0,-4.7844257,0.21355140209197998,0.4569999873638153,0.16830000281333923
YPL101W,YOR210W,0,-4.7844434,0.21345165371894836,0.4569999873638153,0.16840000450611115
YMR296C,YHR020W,0,-4.7851243,0.2133520096540451,0.4569999873638153,0.16850000619888306
YJR092W,YHR135C,1,-4.785559,0.21371908485889435,0.4580000042915344,0.16850000619888306
YHR197W,YGR047C,0,-4.78658,0.2136193960905075,0.4580000042915344,0.16859999299049377
YDR062W,YJR007W,0,-4.7870197,0.21351981163024902,0.4580000042915344,0.16869999468326569
YLR355C,YGR185C,0,-4.7870555,0.2134203165769577,0.4580000042915344,0.1687999963760376
YHL040C,YMR134W,0,-4.7873225,0.21332091093063354,0.4580000042915344,0.1688999980688095
YNL298W,YIL095W,1,-4.7874017,0.21368715167045593,0.45899999141693115,0.1688999980688095
YJL091C,YBR022W,0,-4.7874064,0.2135877162218094,0.45899999141693115,0.16899999976158142
YIR010W,YBR041W,0,-4.787626,0.21348837018013,0.45899999141693115,0.16910000145435333
YLR384C,YGR116W,0,-4.7877617,0.21338912844657898,0.45899999141693115,0.16920000314712524
YHR026W,YOR290C,0,-4.7878494,0.21328996121883392,0.45899999141693115,0.16930000483989716
YGL073W,YGR056W,0,-4.787881,0.21319089829921722,0.45899999141693115,0.16940000653266907
YBR284W,YPL144W,0,-4.787933,0.2130919247865677,0.45899999141693115,0.16949999332427979
YNL020C,YHR135C,1,-4.787993,0.21345707774162292,0.46000000834465027,0.16949999332427979
YOR354C,YMR203W,0,-4.7881036,0.213358074426651,0.46000000834465027,0.1695999950170517
YPL253C,YGR296W,0,-4.78846,0.21325916051864624,0.46000000834465027,0.1696999967098236
YMR070W,YKL041W,0,-4.788525,0.21316033601760864,0.46000000834465027,0.16979999840259552
YGR262C,YLR166C,1,-4.7887473,0.21352477371692657,0.460999995470047,0.16979999840259552
YLR141W,YGR033C,0,-4.788812,0.2134259194135666,0.460999995470047,0.16990000009536743
YHR167W,YCR053W,0,-4.789148,0.21332716941833496,0.460999995470047,0.17000000178813934
YPR017C,YNR048W,0,-4.7891574,0.2132284939289093,0.460999995470047,0.17010000348091125
YGR186W,YLR435W,0,-4.789688,0.2131299078464508,0.460999995470047,0.17020000517368317
YOR233W,YLR079W,0,-4.7904077,0.21303142607212067,0.460999995470047,0.17030000686645508
YKR008W,YOR367W,0,-4.7906127,0.2129330188035965,0.460999995470047,0.1703999936580658
YHL047C,YNL201C,0,-4.7909493,0.21283471584320068,0.460999995470047,0.1704999953508377
YLR319C,YHR135C,1,-4.7910323,0.2131979763507843,0.4620000123977661,0.1704999953508377
YCL066W,YFL017W-A,0,-4.7910943,0.2130996286869049,0.4620000123977661,0.17059999704360962
YOR330C,YCR106W,0,-4.7911687,0.21300138533115387,0.4620000123977661,0.17069999873638153
YDR437W,YNL046W,0,-4.7914023,0.21290323138237,0.4620000123977661,0.17080000042915344
YNL222W,YIR026C,0,-4.7914586,0.2128051519393921,0.4620000123977661,0.17090000212192535
YIL128W,YOL143C,0,-4.79163,0.21270717680454254,0.4620000123977661,0.17100000381469727
YMR240C,YMR232W,0,-4.7917686,0.21260929107666016,0.4620000123977661,0.17110000550746918
YKL008C,YAL047C,0,-4.792484,0.21251149475574493,0.4620000123977661,0.1712000072002411
YJL133W,YOR270C,0,-4.792656,0.21241378784179688,0.4620000123977661,0.1712999939918518
YER178W,YKL086W,0,-4.7932925,0.21231617033481598,0.4620000123977661,0.17139999568462372
YBR083W,YOR106W,0,-4.7934604,0.21221864223480225,0.4620000123977661,0.17149999737739563
YJL165C,YOL105C,0,-4.7937036,0.21212121844291687,0.4620000123977661,0.17159999907016754
YDR126W,YOR162C,0,-4.7943115,0.21202386915683746,0.4620000123977661,0.17170000076293945
YMR288W,YMR101C,0,-4.7943234,0.21192660927772522,0.4620000123977661,0.17180000245571136
YDR168W,YKL110C,0,-4.7945194,0.21182943880558014,0.4620000123977661,0.17190000414848328
YOL066C,YHR167W,0,-4.795099,0.21173235774040222,0.4620000123977661,0.1720000058412552
YJL111W,YIL149C,0,-4.7951875,0.21163536608219147,0.4620000123977661,0.1720999926328659
YGL053W,YMR234W,0,-4.7952304,0.21153846383094788,0.4620000123977661,0.17219999432563782
YJL115W,YNL213C,0,-4.795275,0.21144165098667145,0.4620000123977661,0.17229999601840973
YKR038C,YNL282W,0,-4.795362,0.21134492754936218,0.4620000123977661,0.17239999771118164
YHR174W,YHR070W,0,-4.7961693,0.2112482786178589,0.4620000123977661,0.17249999940395355
YKL015W,YKL203C,0,-4.796677,0.21115173399448395,0.4620000123977661,0.17260000109672546
YDL117W,YDR328C,1,-4.7967186,0.21151210367679596,0.46299999952316284,0.17260000109672546
YPL242C,YER008C,1,-4.796836,0.2118721455335617,0.46399998664855957,0.17260000109672546
YPR008W,YPR134W,0,-4.7973447,0.21177545189857483,0.46399998664855957,0.17270000278949738
YER107C,YLR355C,0,-4.7974477,0.21167883276939392,0.46399998664855957,0.1728000044822693
YCR082W,YLR023C,0,-4.79746,0.21158230304718018,0.46399998664855957,0.1729000061750412
YNL023C,YDR308C,0,-4.7976165,0.2114858776330948,0.46399998664855957,0.17299999296665192
YJL093C,YCL019W,0,-4.797851,0.21138952672481537,0.46399998664855957,0.17309999465942383
YIL159W,YHR135C,1,-4.797874,0.2117486298084259,0.4650000035762787,0.17309999465942383
YOL005C,YGL093W,0,-4.7979226,0.2116522490978241,0.4650000035762787,0.17319999635219574
YIL002C,YMR070W,0,-4.7979636,0.21155595779418945,0.4650000035762787,0.17329999804496765
YKL017C,YKL021C,0,-4.798106,0.21145975589752197,0.4650000035762787,0.17339999973773956
YJL081C,YJL054W,0,-4.798537,0.21136364340782166,0.4650000035762787,0.17350000143051147
YNL207W,YJL035C,0,-4.7985573,0.2112676054239273,0.4650000035762787,0.1736000031232834
YGR036C,YGL162W,0,-4.798699,0.21117165684700012,0.4650000035762787,0.1737000048160553
YNL275W,YGL092W,0,-4.798964,0.2110758125782013,0.4650000035762787,0.1738000065088272
YER159C,YJR004C,0,-4.7990375,0.21098004281520844,0.4650000035762787,0.17389999330043793
YDR118W,YGR108W,0,-4.799714,0.21088434755802155,0.4650000035762787,0.17399999499320984
YDR103W,YIL056W,0,-4.7998886,0.210788756608963,0.4650000035762787,0.17409999668598175
YIR006C,YHR135C,1,-4.800116,0.21114635467529297,0.4659999907016754,0.17409999668598175
YLR286C,YKL048C,1,-4.800634,0.21150362491607666,0.46700000762939453,0.17409999668598175
YNL085W,YBL041W,0,-4.800648,0.211407870054245,0.46700000762939453,0.17419999837875366
YML034W,YGR122W,0,-4.800904,0.2113122195005417,0.46700000762939453,0.17430000007152557
YNL094W,YGL190C,0,-4.8009114,0.21121664345264435,0.46700000762939453,0.17440000176429749
YGR191W,YBR175W,0,-4.800996,0.21112115681171417,0.46700000762939453,0.1745000034570694
YBR133C,YMR026C,0,-4.8013067,0.21102575957775116,0.46700000762939453,0.1746000051498413
YDR397C,YPL152W,0,-4.8016295,0.21093043684959412,0.46700000762939453,0.17470000684261322
YLR399C,YBR015C,0,-4.8018193,0.21083521842956543,0.46700000762939453,0.17479999363422394
YGL021W,YER074W-A,0,-4.801906,0.2107400745153427,0.46700000762939453,0.17489999532699585
YNL271C,YLR353W,1,-4.801931,0.21109607815742493,0.46799999475479126,0.17489999532699585
YAL021C,YLR086W,0,-4.802041,0.21100090444087982,0.46799999475479126,0.17499999701976776
YJL006C,YLR248W,0,-4.802276,0.21090582013130188,0.46799999475479126,0.17509999871253967
YOR127W,YML038C,0,-4.8022776,0.2108108103275299,0.46799999475479126,0.17520000040531158
YDR009W,YPR164W,0,-4.80267,0.2107158899307251,0.46799999475479126,0.1753000020980835
YPL275W,YKL150W,0,-4.802796,0.21062105894088745,0.46799999475479126,0.1754000037908554
YDL088C,YBR100W,0,-4.803125,0.21052631735801697,0.46799999475479126,0.17550000548362732
YDL031W,YDR414C,0,-4.8032136,0.21043165028095245,0.46799999475479126,0.17560000717639923
YIL095W,YCR009C,1,-4.803282,0.21078652143478394,0.4690000116825104,0.17560000717639923
YGL236C,YIL082W-A,0,-4.8037877,0.21069182455539703,0.4690000116825104,0.17569999396800995
YKL173W,YDR310C,0,-4.8039346,0.2105972170829773,0.4690000116825104,0.17579999566078186
YBR177C,YER112W,0,-4.804296,0.21050269901752472,0.4690000116825104,0.17589999735355377
YMR001C,YOR275C,0,-4.8045506,0.2104082554578781,0.4690000116825104,0.17599999904632568
YOR198C,YNL088W,0,-4.804574,0.21031390130519867,0.4690000116825104,0.1761000007390976
YGL071W,YBR286W,0,-4.804869,0.2102196365594864,0.4690000116825104,0.1762000024318695
YGL247W,YGR083C,0,-4.805289,0.21012544631958008,0.4690000116825104,0.17630000412464142
YER012W,YHR079C-A,0,-4.8053236,0.21003134548664093,0.4690000116825104,0.17640000581741333
YGL065C,YBR048W,0,-4.805432,0.20993733406066895,0.4690000116825104,0.17649999260902405
YEL050C,YKL079W,0,-4.8054614,0.20984339714050293,0.4690000116825104,0.17659999430179596
YHR150W,YBR218C,0,-4.8056903,0.20974954962730408,0.4690000116825104,0.17669999599456787
YCL043C,YPR016C,0,-4.8058505,0.2096557915210724,0.4690000116825104,0.17679999768733978
YNL172W,YDL074C,0,-4.8058643,0.20956210792064667,0.4690000116825104,0.1768999993801117
YHR059W,YDL235C,0,-4.805966,0.2094685137271881,0.4690000116825104,0.1770000010728836
YGL124C,YCR028C-A,0,-4.806043,0.20937499403953552,0.4690000116825104,0.17710000276565552
YBR198C,YLR277C,0,-4.806078,0.2092815637588501,0.4690000116825104,0.17720000445842743
YMR047C,YHR012W,0,-4.8061852,0.20918822288513184,0.4690000116825104,0.17730000615119934
YGL008C,YMR305C,0,-4.806222,0.20909495651721954,0.4690000116825104,0.17739999294281006
YGR003W,YPL244C,0,-4.806411,0.20900177955627441,0.4690000116825104,0.17749999463558197
YIL160C,YPL133C,0,-4.806618,0.20890869200229645,0.4690000116825104,0.17759999632835388
YMR014W,YNL267W,1,-4.806707,0.20926091074943542,0.4699999988079071,0.17759999632835388
YOL077W-A,YGR108W,0,-4.8067575,0.20916777849197388,0.4699999988079071,0.1776999980211258
YDR448W,YFL050C,0,-4.8072224,0.2090747356414795,0.4699999988079071,0.1777999997138977
YDL099W,YBR111W-A,0,-4.807351,0.20898176729679108,0.4699999988079071,0.17790000140666962
YCR002C,YGR152C,1,-4.8073955,0.20933333039283752,0.47099998593330383,0.17790000140666962
YPL078C,YMR293C,0,-4.807407,0.20924033224582672,0.47099998593330383,0.17800000309944153
YGR177C,YPL145C,0,-4.8074718,0.20914742350578308,0.47099998593330383,0.17810000479221344
YDL087C,YKL175W,0,-4.8076954,0.2090545892715454,0.47099998593330383,0.17820000648498535
YNR027W,YPR188C,1,-4.8080535,0.20940549671649933,0.47200000286102295,0.17820000648498535
YKL139W,YER183C,0,-4.808116,0.20931263267993927,0.47200000286102295,0.17829999327659607
YCR002C,YPR055W,1,-4.8081193,0.20966312289237976,0.4729999899864197,0.17829999327659607
YER111C,YKL099C,0,-4.8081713,0.20957022905349731,0.4729999899864197,0.17839999496936798
YLR380W,YDR356W,0,-4.808542,0.20947740972042084,0.4729999899864197,0.1784999966621399
YIL079C,YPR121W,0,-4.808661,0.20938467979431152,0.4729999899864197,0.1785999983549118
YMR001C,YML013W,0,-4.808706,0.20929203927516937,0.4729999899864197,0.17870000004768372
YDR174W,YGL135W,0,-4.808782,0.2091994732618332,0.4729999899864197,0.17880000174045563
YBR131W,YIL056W,0,-4.8090587,0.20910698175430298,0.4729999899864197,0.17890000343322754
YER028C,YMR088C,0,-4.809125,0.20901457965373993,0.4729999899864197,0.17900000512599945
YDR446W,YBR088C,0,-4.8092866,0.20892226696014404,0.4729999899864197,0.17910000681877136
YBR274W,YJL128C,0,-4.8095937,0.20883002877235413,0.4729999899864197,0.17919999361038208
YNL275W,YPL163C,0,-4.8101153,0.20873786509037018,0.4729999899864197,0.179299995303154
YCL016C,YBL020W,0,-4.8102565,0.2086457908153534,0.4729999899864197,0.1793999969959259
YPR067W,YDR435C,0,-4.8103175,0.20855379104614258,0.4729999899864197,0.17949999868869781
YLR100W,YGR057C,0,-4.8106375,0.20846188068389893,0.4729999899864197,0.17960000038146973
YHR083W,YJR120W,0,-4.8106475,0.20837004482746124,0.4729999899864197,0.17970000207424164
YML092C,YOL039W,0,-4.811281,0.20827829837799072,0.4729999899864197,0.17980000376701355
YEL050C,YPR140W,0,-4.811396,0.20818662643432617,0.4729999899864197,0.17990000545978546
YOR030W,YDR142C,0,-4.8117537,0.2080950289964676,0.4729999899864197,0.18000000715255737
YCL014W,YLR286C,1,-4.8122163,0.2084432691335678,0.4740000069141388,0.18000000715255737
YMR078C,YMR210W,0,-4.812773,0.20835164189338684,0.4740000069141388,0.1800999939441681
YHR068W,YOR241W,0,-4.813076,0.20826010406017303,0.4740000069141388,0.18019999563694
YBR085W,YJL113W,0,-4.8130774,0.2081686407327652,0.4740000069141388,0.18029999732971191
YLR015W,YLR201C,0,-4.8132653,0.20807726681232452,0.4740000069141388,0.18039999902248383
YMR153W,YHR200W,0,-4.8133426,0.20798595249652863,0.4740000069141388,0.18050000071525574
YOR346W,YML010W,0,-4.813358,0.20789474248886108,0.4740000069141388,0.18060000240802765
YIL159W,YER149C,1,-4.813603,0.2082419991493225,0.4749999940395355,0.18060000240802765
YPR037C,YDR459C,0,-4.8138685,0.2081507444381714,0.4749999940395355,0.18070000410079956
YGL174W,YNL327W,1,-4.8146076,0.20849758386611938,0.47600001096725464,0.18070000410079956
YGL174W,YHR135C,1,-4.8147182,0.2088441401720047,0.47699999809265137,0.18070000410079956
YOR181W,YLR312C-B,1,-4.8149033,0.20919036865234375,0.4779999852180481,0.18070000410079956
YLR207W,YDR243C,0,-4.8150086,0.20909886062145233,0.4779999852180481,0.18080000579357147
YML023C,YPL128C,0,-4.8150334,0.20900742709636688,0.4779999852180481,0.1808999925851822
YIL009W,YML032C,0,-4.815064,0.2089160829782486,0.4779999852180481,0.1809999942779541
YDR393W,YPL122C,0,-4.815074,0.20882481336593628,0.4779999852180481,0.181099995970726
YCL069W,YJR028W,0,-4.8156104,0.20873361825942993,0.4779999852180481,0.18119999766349792
YPL001W,YNL210W,0,-4.815619,0.20864251255989075,0.4779999852180481,0.18129999935626984
YCR094W,YBR061C,0,-4.8157043,0.20855148136615753,0.4779999852180481,0.18140000104904175
YLR353W,YLR314C,1,-4.8157134,0.20889663696289062,0.4790000021457672,0.18140000104904175
YOR103C,YGL144C,0,-4.8158464,0.20880557596683502,0.4790000021457672,0.18150000274181366
YPL075W,YKR090W,0,-4.816115,0.20871460437774658,0.4790000021457672,0.18160000443458557
YHR107C,YNL110C,1,-4.8161297,0.2090592384338379,0.47999998927116394,0.18160000443458557
YMR198W,YAR033W,0,-4.816158,0.20896822214126587,0.47999998927116394,0.18170000612735748
YLR197W,YHR084W,0,-4.816412,0.20887728035449982,0.47999998927116394,0.1817999929189682
YCR009C,YDR129C,1,-4.816487,0.20922140777111053,0.48100000619888306,0.1817999929189682
YIR006C,YBR143C,1,-4.8166933,0.20956522226333618,0.4819999933242798,0.1817999929189682
YPL061W,YNL304W,0,-4.81706,0.20947414636611938,0.4819999933242798,0.1818999946117401
YER112W,YDR131C,0,-4.8171005,0.20938314497470856,0.4819999933242798,0.18199999630451202
YJL006C,YGL095C,0,-4.8174767,0.2092922329902649,0.4819999933242798,0.18209999799728394
YLR145W,YOR270C,0,-4.8181205,0.2092013955116272,0.4819999933242798,0.18219999969005585
YPR017C,YLR298C,0,-4.8183017,0.20911063253879547,0.4819999933242798,0.18230000138282776
YMR068W,YDR079C-A,0,-4.818808,0.20901994407176971,0.4819999933242798,0.18240000307559967
YOR307C,YDR341C,0,-4.8191457,0.20892934501171112,0.4819999933242798,0.18250000476837158
YPL221W,YFR029W,0,-4.8194804,0.2088388204574585,0.4819999933242798,0.1826000064611435
YPR122W,YNL110C,1,-4.819667,0.20918145775794983,0.4830000102519989,0.1826000064611435
YGR041W,YCR057C,1,-4.819699,0.20952381193637848,0.48399999737739563,0.1826000064611435
YOR085W,YHR172W,0,-4.8197255,0.2094331532716751,0.48399999737739563,0.1826999932527542
YLR431C,YKL032C,0,-4.819813,0.20934255421161652,0.48399999737739563,0.18279999494552612
YLR131C,YCL055W,0,-4.820005,0.20925205945968628,0.48399999737739563,0.18289999663829803
YJL021C,YDR126W,0,-4.8200364,0.20916162431240082,0.48399999737739563,0.18299999833106995
YJR040W,YCR053W,0,-4.8201175,0.20907127857208252,0.48399999737739563,0.18310000002384186
YOL051W,YOR230W,0,-4.820173,0.2089810073375702,0.48399999737739563,0.18320000171661377
YPL082C,YOR048C,0,-4.8202457,0.20889081060886383,0.48399999737739563,0.18330000340938568
YBL057C,YOL066C,0,-4.8203807,0.20880068838596344,0.48399999737739563,0.1834000051021576
YDR469W,YBR294W,0,-4.820467,0.2087106555700302,0.48399999737739563,0.1835000067949295
YHR139C,YDR079C-A,0,-4.8207064,0.20862068235874176,0.48399999737739563,0.18359999358654022
YOL091W,YNL310C,0,-4.821225,0.20853079855442047,0.48399999737739563,0.18369999527931213
YDR434W,YPL129W,0,-4.821457,0.20844100415706635,0.48399999737739563,0.18379999697208405
YPL242C,YDR129C,1,-4.8216996,0.20878174901008606,0.48500001430511475,0.18379999697208405
YGL105W,YJR084W,0,-4.8221,0.20869190990924835,0.48500001430511475,0.18389999866485596
YNR010W,YNL182C,0,-4.8222623,0.2086021453142166,0.48500001430511475,0.18400000035762787
YLR405W,YLR316C,0,-4.8224607,0.20851247012615204,0.48500001430511475,0.18410000205039978
YGR003W,YBR258C,0,-4.8230143,0.20842286944389343,0.48500001430511475,0.1842000037431717
YCL012W,YDR245W,1,-4.823092,0.20876288414001465,0.4860000014305115,0.1842000037431717
YBR059C,YHR079C-B,0,-4.8234043,0.20867325365543365,0.4860000014305115,0.1843000054359436
YBR253W,YER005W,0,-4.823486,0.20858369767665863,0.4860000014305115,0.18440000712871552
YNL062C,YDR017C,0,-4.8235707,0.20849420130252838,0.4860000014305115,0.18449999392032623
YKL190W,YOR085W,0,-4.8241286,0.2084048092365265,0.4860000014305115,0.18459999561309814
YMR138W,YNL111C,0,-4.824384,0.20831547677516937,0.4860000014305115,0.18469999730587006
YGR036C,YPL228W,0,-4.824431,0.20822621881961823,0.4860000014305115,0.18479999899864197
YGR262C,YCR002C,1,-4.8247633,0.20856530964374542,0.4869999885559082,0.18479999899864197
YNR075W,YLR262C,0,-4.8257947,0.2084760218858719,0.4869999885559082,0.18490000069141388
YLR242C,YKL055C,0,-4.8259673,0.20838682353496552,0.4869999885559082,0.1850000023841858
YMR109W,YBR143C,1,-4.8260245,0.20872540771961212,0.4880000054836273,0.1850000023841858
YDR009W,YHL006C,0,-4.826514,0.20863616466522217,0.4880000054836273,0.1851000040769577
YOR078W,YOL069W,0,-4.8268156,0.20854701101779938,0.4880000054836273,0.18520000576972961
YGL195W,YPL208W,0,-4.8268538,0.20845791697502136,0.4880000054836273,0.18529999256134033
YGR057C,YDR456W,0,-4.826855,0.2083689123392105,0.4880000054836273,0.18539999425411224
YLR319C,YDR420W,1,-4.82686,0.2087067812681198,0.48899999260902405,0.18539999425411224
YLR028C,YER018C,0,-4.82702,0.20861774682998657,0.48899999260902405,0.18549999594688416
YDR317W,YMR077C,0,-4.827103,0.2085287868976593,0.48899999260902405,0.18559999763965607
YGR109C,YOR048C,0,-4.82711,0.208439901471138,0.48899999260902405,0.18569999933242798
YIL014W,YML105C,0,-4.82711,0.20835109055042267,0.48899999260902405,0.1858000010251999
YKL032C,YDR293C,0,-4.8272586,0.2082623541355133,0.48899999260902405,0.1859000027179718
YJL047C,YPL157W,0,-4.827443,0.2081736922264099,0.48899999260902405,0.1860000044107437
YML055W,YNL079C,0,-4.827616,0.2080851048231125,0.48899999260902405,0.18610000610351562
YGR041W,YCR055C,1,-4.8277836,0.20842194557189941,0.49000000953674316,0.18610000610351562
YNL047C,YDR172W,0,-4.8280935,0.2083333283662796,0.49000000953674316,0.18619999289512634
YGL106W,YIR006C,1,-4.828117,0.2086697816848755,0.4909999966621399,0.18619999289512634
YLR105C,YKL214C,0,-4.828153,0.2085811346769333,0.4909999966621399,0.18629999458789825
YPL096C-A,YOR127W,0,-4.8284936,0.20849256217479706,0.4909999966621399,0.18639999628067017
YJL091C,YCL003W,0,-4.828996,0.208404079079628,0.4909999966621399,0.18649999797344208
YOR034C,YBL005W-A,0,-4.8291545,0.2083156555891037,0.4909999966621399,0.186599999666214
YDR378C,YOR193W,0,-4.8292565,0.20822730660438538,0.4909999966621399,0.1867000013589859
YJR017C,YEL002C,0,-4.82958,0.20813904702663422,0.4909999966621399,0.1868000030517578
YJL085W,YIL095W,1,-4.830346,0.20847457647323608,0.492000013589859,0.1868000030517578
YAR019C,YDR166C,1,-4.830614,0.20880982279777527,0.49300000071525574,0.1868000030517578
YIL038C,YDR137W,0,-4.83063,0.20872142910957336,0.49300000071525574,0.18690000474452972
YEL026W,YDL080C,0,-4.8306737,0.20863309502601624,0.49300000071525574,0.18700000643730164
YBR042C,YFR048W,0,-4.8307767,0.20854483544826508,0.49300000071525574,0.18709999322891235
YPL101W,YMR047C,0,-4.8308234,0.20845666527748108,0.49300000071525574,0.18719999492168427
YML086C,YER114C,0,-4.830914,0.20836855471134186,0.49300000071525574,0.18729999661445618
YBR038W,YPR188C,1,-4.830951,0.20870299637317657,0.49399998784065247,0.18729999661445618
YGL135W,YBR172C,0,-4.8311577,0.20861487090587616,0.49399998784065247,0.1873999983072281
YPR018W,YBR253W,0,-4.831432,0.20852680504322052,0.49399998784065247,0.1875
YHR200W,YPL122C,0,-4.831515,0.20843881368637085,0.49399998784065247,0.1876000016927719
YLR145W,YCL031C,0,-4.831833,0.20835091173648834,0.49399998784065247,0.18770000338554382
YPL132W,YIR021W,0,-4.832027,0.2082630693912506,0.49399998784065247,0.18780000507831573
YLR391W,YKR003W,0,-4.83262,0.20817530155181885,0.49399998784065247,0.18790000677108765
YCL008C,YMR046C,0,-4.8326287,0.20808762311935425,0.49399998784065247,0.18799999356269836
YER107C,YCR081W,0,-4.832867,0.20800000429153442,0.49399998784065247,0.18809999525547028
YKR095W,YBR275C,0,-4.8330946,0.20791245996952057,0.49399998784065247,0.1881999969482422
YNL127W,YGL150C,0,-4.8333383,0.20782499015331268,0.49399998784065247,0.1882999986410141
YHR024C,YER087C-B,0,-4.8345895,0.20773759484291077,0.49399998784065247,0.188400000333786
YMR044W,YKL108W,0,-4.834888,0.20765027403831482,0.49399998784065247,0.18850000202655792
YLR242C,YNL032W,0,-4.8354177,0.20756302773952484,0.49399998784065247,0.18860000371932983
YHR107C,YLR337W,1,-4.836157,0.20789584517478943,0.4950000047683716,0.18860000371932983
YER174C,YDR285W,0,-4.836208,0.20780856907367706,0.4950000047683716,0.18870000541210175
YPR199C,YER107C,0,-4.836393,0.20772135257720947,0.4950000047683716,0.18880000710487366
YGL012W,YJR042W,0,-4.8366647,0.20763422548770905,0.4950000047683716,0.18889999389648438
YOL139C,YLR010C,0,-4.8368235,0.2075471729040146,0.4950000047683716,0.1889999955892563
YGL174W,YCR055C,1,-4.8370833,0.20787928998470306,0.4959999918937683,0.1889999955892563
YJL214W,YGL089C,0,-4.837091,0.20779220759868622,0.4959999918937683,0.1890999972820282
YER106W,YMR101C,0,-4.8370996,0.20770519971847534,0.4959999918937683,0.1891999989748001
YPL076W,YML025C,0,-4.8373203,0.20761825144290924,0.4959999918937683,0.18930000066757202
YLR391W-A,YLR043C,0,-4.8373246,0.2075313776731491,0.4959999918937683,0.18940000236034393
YHR191C,YKR063C,0,-4.8377743,0.20744457840919495,0.4959999918937683,0.18950000405311584
YBR201W,YGL167C,0,-4.8378987,0.20735785365104675,0.4959999918937683,0.18960000574588776
YJL031C,YJR064W,0,-4.837999,0.20727120339870453,0.4959999918937683,0.18970000743865967
YJR150C,YKL117W,0,-4.838202,0.20718462765216827,0.4959999918937683,0.18979999423027039
YGL003C,YNR032W,0,-4.8382688,0.207098126411438,0.4959999918937683,0.1898999959230423
YCR002C,YNL243W,1,-4.8384366,0.20742905139923096,0.4970000088214874,0.1898999959230423
YDR130C,YFL008W,0,-4.8388057,0.2073425054550171,0.4970000088214874,0.1899999976158142
YAL041W,YLR233C,0,-4.839187,0.20725604891777039,0.4970000088214874,0.19009999930858612
YKL051W,YMR146C,0,-4.8397603,0.20716965198516846,0.4970000088214874,0.19020000100135803
YMR001C,YOR349W,0,-4.839788,0.2070833295583725,0.4970000088214874,0.19030000269412994
YDR062W,YBR090C-A,0,-4.8398767,0.2069970816373825,0.4970000088214874,0.19040000438690186
YER177W,YGL173C,0,-4.8402247,0.2069109082221985,0.4970000088214874,0.19050000607967377
YGR167W,YLR438C-A,0,-4.840301,0.20682480931282043,0.4970000088214874,0.19059999287128448
YOR193W,YKL070W,0,-4.8407626,0.20673877000808716,0.4970000088214874,0.1906999945640564
YIL079C,YIL056W,0,-4.841006,0.20665280520915985,0.4970000088214874,0.1907999962568283
YCR038C,YDR166C,1,-4.841142,0.2069825381040573,0.49799999594688416,0.1907999962568283
YER073W,YGR199W,0,-4.8412685,0.2068965584039688,0.49799999594688416,0.19089999794960022
YMR319C,YDR165W,0,-4.8414483,0.20681063830852509,0.49799999594688416,0.19099999964237213
YOL008W,YMR236W,0,-4.8414893,0.20672477781772614,0.49799999594688416,0.19110000133514404
YDR268W,YOL005C,0,-4.841713,0.20663900673389435,0.49799999594688416,0.19120000302791595
YML032C,YMR061W,0,-4.8418922,0.20655329525470734,0.49799999594688416,0.19130000472068787
YDL143W,YNL072W,0,-4.842022,0.2064676582813263,0.49799999594688416,0.19140000641345978
YNL271C,YNL243W,1,-4.8428097,0.20679651200771332,0.49900001287460327,0.19140000641345978
YLR098C,YDR397C,0,-4.842835,0.20671086013317108,0.49900001287460327,0.1914999932050705
YJR045C,YER111C,0,-4.843267,0.20662525296211243,0.49900001287460327,0.1915999948978424
YMR167W,YML010W,0,-4.8434014,0.20653973519802094,0.49900001287460327,0.19169999659061432
YHR152W,YGR002C,0,-4.8434396,0.20645427703857422,0.49900001287460327,0.19179999828338623
YNL186W,YHR090C,0,-4.844313,0.20636889338493347,0.49900001287460327,0.19189999997615814
YNL206C,YPL106C,0,-4.8443675,0.2062835842370987,0.49900001287460327,0.19200000166893005
YMR214W,YOL105C,0,-4.8443785,0.20619834959506989,0.49900001287460327,0.19210000336170197
YLR107W,YDR213W,0,-4.844854,0.20611317455768585,0.49900001287460327,0.19220000505447388
YGL106W,YNL243W,1,-4.844918,0.20644095540046692,0.5,0.19220000505447388
YNL020C,YLR337C,1,-4.8452516,0.2067684680223465,0.5009999871253967,0.19220000505447388
YML029W,YML039W,0,-4.845304,0.2066831737756729,0.5009999871253967,0.1923000067472458
YBR278W,YEL050C,0,-4.8454146,0.2065979391336441,0.5009999871253967,0.1923999935388565
YDR190C,YPL235W,0,-4.8456225,0.20651277899742126,0.5009999871253967,0.19249999523162842
YFL023W,YDL225W,1,-4.8458643,0.20683972537517548,0.5019999742507935,0.19249999523162842
YBR049C,YIL105C,0,-4.8461785,0.20675453543663025,0.5019999742507935,0.19259999692440033
YNL020C,YNL110C,1,-4.8462777,0.20708110928535461,0.503000020980835,0.19259999692440033
YOL020W,YHR012W,0,-4.8468556,0.206995889544487,0.503000020980835,0.19269999861717224
YDR228C,YKL042W,0,-4.847695,0.20691072940826416,0.503000020980835,0.19280000030994415
YDR245W,YDL225W,1,-4.8477287,0.20723684132099152,0.5040000081062317,0.19280000030994415
YCR038C,YNL298W,1,-4.8479037,0.20756268501281738,0.5049999952316284,0.19280000030994415
YKR038C,YPR144C,0,-4.848102,0.207477405667305,0.5049999952316284,0.19290000200271606
YPL151C,YJL054W,0,-4.848125,0.20739220082759857,0.5049999952316284,0.19300000369548798
YOL090W,YPR162C,0,-4.848165,0.20730705559253693,0.5049999952316284,0.1931000053882599
YLR342W,YHR214C-B,0,-4.848461,0.20722199976444244,0.5049999952316284,0.1932000070810318
YJL196C,YPL096C-A,0,-4.8485737,0.20713700354099274,0.5049999952316284,0.19329999387264252
YLR078C,YPL194W,0,-4.8490705,0.2070520669221878,0.5049999952316284,0.19339999556541443
YPL269W,YHR004C,0,-4.849106,0.20696721971035004,0.5049999952316284,0.19349999725818634
YHL031C,YCR073W-A,0,-4.8492446,0.20688243210315704,0.5049999952316284,0.19359999895095825
YIL004C,YML093W,0,-4.8493714,0.20679770410060883,0.5049999952316284,0.19370000064373016
YLR353W,YDR388W,1,-4.8496566,0.20712238550186157,0.5059999823570251,0.19370000064373016
YDR302W,YJL121C,0,-4.8501167,0.20703764259815216,0.5059999823570251,0.19380000233650208
YDL175C,YOR367W,0,-4.850516,0.20695295929908752,0.5059999823570251,0.193900004029274
YOR061W,YNL025C,0,-4.8508887,0.20686835050582886,0.5059999823570251,0.1940000057220459
YDR443C,YPL283C,0,-4.8509426,0.20678381621837616,0.5059999823570251,0.1941000074148178
YML098W,YBR162C,0,-4.850972,0.20669934153556824,0.5059999823570251,0.19419999420642853
YLR314C,YLR286C,1,-4.8509912,0.2070232778787613,0.5070000290870667,0.19419999420642853
YAR002W,YPL268W,0,-4.851169,0.20693877339363098,0.5070000290870667,0.19429999589920044
YLR394W,YMR089C,0,-4.8511786,0.20685434341430664,0.5070000290870667,0.19439999759197235
YBR060C,YKL214C,0,-4.851331,0.20676998794078827,0.5070000290870667,0.19449999928474426
YOR335C,YOL112W,0,-4.851471,0.20668569207191467,0.5070000290870667,0.19460000097751617
YKR063C,YDR362C,0,-4.851584,0.20660147070884705,0.5070000290870667,0.19470000267028809
YGR113W,YKL117W,0,-4.8516183,0.2065173089504242,0.5070000290870667,0.19480000436306
YMR109W,YGR152C,1,-4.851998,0.2068403959274292,0.5080000162124634,0.19480000436306
YLR095C,YBR092C,0,-4.852018,0.20675620436668396,0.5080000162124634,0.1949000060558319
YGL190C,YMR162C,0,-4.852285,0.2066720873117447,0.5080000162124634,0.19499999284744263
YOL039W,YIR022W,0,-4.8524356,0.2065880447626114,0.5080000162124634,0.19509999454021454
YBR109C,YBR221C,0,-4.8525996,0.20650406181812286,0.5080000162124634,0.19519999623298645
YDR420W,YOR181W,1,-4.8526692,0.20682649314403534,0.5090000033378601,0.19519999623298645
YDR302W,YDR181C,0,-4.853122,0.20674248039722443,0.5090000033378601,0.19529999792575836
YGL192W,YMR022W,0,-4.8533425,0.20665854215621948,0.5090000033378601,0.19539999961853027
YMR021C,YMR008C,0,-4.8533444,0.2065746784210205,0.5090000033378601,0.19550000131130219
YMR095C,YCL075W,0,-4.853706,0.2064908742904663,0.5090000033378601,0.1956000030040741
YDL161W,YGR111W,0,-4.8539386,0.20640712976455688,0.5090000033378601,0.195700004696846
YGL012W,YDR235W,0,-4.854316,0.20632347464561462,0.5090000033378601,0.19580000638961792
YOL042W,YML038C,0,-4.854589,0.20623986423015594,0.5090000033378601,0.19589999318122864
YOR148C,YCL062W,0,-4.8548694,0.20615634322166443,0.5090000033378601,0.19599999487400055
YDR363W,YNL294C,0,-4.854982,0.2060728818178177,0.5090000033378601,0.19609999656677246
YLR220W,YOR005C,0,-4.8550158,0.20598948001861572,0.5090000033378601,0.19619999825954437
YPL016W,YOR008C-A,0,-4.855285,0.20590615272521973,0.5090000033378601,0.19629999995231628
YHR067W,YML127W,0,-4.8553195,0.2058228850364685,0.5090000033378601,0.1964000016450882
YBR091C,YHR021C,0,-4.855347,0.20573969185352325,0.5090000033378601,0.1965000033378601
YGR191W,YIL014W,0,-4.855432,0.20565655827522278,0.5090000033378601,0.19660000503063202
YOR073W,YPL210C,0,-4.8556437,0.20557349920272827,0.5090000033378601,0.19670000672340393
YGR036C,YOR330C,0,-4.855687,0.20549051463603973,0.5090000033378601,0.19679999351501465
YBR256C,YGR024C,0,-4.8557696,0.20540758967399597,0.5090000033378601,0.19689999520778656
YJL208C,YKR095W-A,0,-4.855908,0.20532472431659698,0.5090000033378601,0.19699999690055847
YJL090C,YLR382C,0,-4.8560786,0.20524193346500397,0.5090000033378601,0.19709999859333038
YJR084W,YER165W,0,-4.8561234,0.20515921711921692,0.5090000033378601,0.1972000002861023
YER164W,YGL163C,0,-4.85652,0.20507654547691345,0.5090000033378601,0.1973000019788742
YPL242C,YIL095W,1,-4.8565693,0.20539669692516327,0.5099999904632568,0.1973000019788742
YLR010C,YPL144W,0,-4.8567348,0.2053140103816986,0.5099999904632568,0.19740000367164612
YAR042W,YCL074W,0,-4.856771,0.20523138344287872,0.5099999904632568,0.19750000536441803
YNR044W,YML055W,0,-4.856869,0.2051488310098648,0.5099999904632568,0.19760000705718994
YOR269W,YNL290W,0,-4.8570065,0.20506633818149567,0.5099999904632568,0.19769999384880066
YNR067C,YKL048C,1,-4.857116,0.20538584887981415,0.5109999775886536,0.19769999384880066
YGR140W,YCR093W,0,-4.8571963,0.2053033411502838,0.5109999775886536,0.19779999554157257
YBR041W,YER178W,0,-4.857638,0.20522087812423706,0.5109999775886536,0.19789999723434448
YPL256C,YNL029C,0,-4.858113,0.20513850450515747,0.5109999775886536,0.1979999989271164
YGL019W,YDL230W,0,-4.858346,0.20505617558956146,0.5109999775886536,0.1981000006198883
YBR009C,YGR296W,0,-4.8584747,0.20497392117977142,0.5109999775886536,0.19820000231266022
YOL009C,YOR330C,0,-4.8587236,0.20489174127578735,0.5109999775886536,0.19830000400543213
YNL118C,YIL149C,0,-4.859553,0.20480962097644806,0.5109999775886536,0.19840000569820404
YPL190C,YMR061W,0,-4.8597584,0.20472756028175354,0.5109999775886536,0.19850000739097595
YER165W,YGL162W,0,-4.860059,0.204645574092865,0.5109999775886536,0.19859999418258667
YJL065C,YML025C,0,-4.860758,0.20456364750862122,0.5109999775886536,0.19869999587535858
YGL106W,YCR057C,1,-4.860953,0.204881951212883,0.5120000243186951,0.19869999587535858
YMR164C,YOR254C,0,-4.861078,0.20479999482631683,0.5120000243186951,0.1987999975681305
YCR002C,YNL327W,1,-4.861219,0.20511795580387115,0.5130000114440918,0.1987999975681305
YMR137C,YDR065W,0,-4.861405,0.2050359696149826,0.5130000114440918,0.1988999992609024
YLR309C,YAL034W-A,0,-4.861588,0.20495405793190002,0.5130000114440918,0.19900000095367432
YOR212W,YIL129C,0,-4.861632,0.20487220585346222,0.5130000114440918,0.19910000264644623
YFR033C,YIL139C,0,-4.8617554,0.2047904133796692,0.5130000114440918,0.19920000433921814
YLR131C,YMR296C,0,-4.8617887,0.20470869541168213,0.5130000114440918,0.19930000603199005
YDR245W,YNL154C,1,-4.8620844,0.20502592623233795,0.5139999985694885,0.19930000603199005
YBR179C,YMR161W,0,-4.8622975,0.2049441784620285,0.5139999985694885,0.19939999282360077
YEL026W,YIL017W,0,-4.8623147,0.20486249029636383,0.5139999985694885,0.19949999451637268
YPR113W,YDR389W,0,-4.8625283,0.20478087663650513,0.5139999985694885,0.1995999962091446
YOL008W,YCL001W,0,-4.8625345,0.2046993225812912,0.5139999985694885,0.1996999979019165
YMR014W,YMR109W,1,-4.8625755,0.20501592755317688,0.5149999856948853,0.1996999979019165
YJL145W,YNL044W,0,-4.8627543,0.20493434369564056,0.5149999856948853,0.19979999959468842
YER112W,YCR040W,0,-4.862972,0.20485281944274902,0.5149999856948853,0.19990000128746033
YKL059C,YBR221C,0,-4.8630867,0.20477136969566345,0.5149999856948853,0.20000000298023224
YMR208W,YDR205W,0,-4.863503,0.20468997955322266,0.5149999856948853,0.20010000467300415
YDL102W,YMR201C,0,-4.863631,0.20460866391658783,0.5149999856948853,0.20020000636577606
YGL049C,YDR065W,0,-4.863668,0.20452740788459778,0.5149999856948853,0.20029999315738678
YOL010W,YGR082W,0,-4.863914,0.2044462114572525,0.5149999856948853,0.2003999948501587
YDR201W,YOL102C,0,-4.8642983,0.204365074634552,0.5149999856948853,0.2004999965429306
YMR033W,YPL124W,0,-4.864326,0.20428401231765747,0.5149999856948853,0.20059999823570251
YMR220W,YOR088W,0,-4.864562,0.20420300960540771,0.5149999856948853,0.20069999992847443
YDL105W,YIL023C,0,-4.864578,0.20412208139896393,0.5149999856948853,0.20080000162124634
YLR360W,YHR020W,0,-4.864624,0.20404119789600372,0.5149999856948853,0.20090000331401825
YDR129C,YER008C,1,-4.864663,0.20435643196105957,0.515999972820282,0.20090000331401825
YPL059W,YOR210W,0,-4.8654165,0.20427553355693817,0.515999972820282,0.20100000500679016
YOR074C,YNR008W,0,-4.8657537,0.20419469475746155,0.515999972820282,0.20110000669956207
YKR036C,YGL070C,0,-4.8659024,0.2041139304637909,0.515999972820282,0.2011999934911728
YLR337C,YHR135C,1,-4.866406,0.20442862808704376,0.5170000195503235,0.2011999934911728
YLR433C,YDL140C,0,-4.8665075,0.20434781908988953,0.5170000195503235,0.2012999951839447
YOR322C,YLR240W,0,-4.866572,0.20426708459854126,0.5170000195503235,0.2013999968767166
YCL016C,YAL025C,0,-4.8665776,0.20418640971183777,0.5170000195503235,0.20149999856948853
YGR220C,YJL145W,0,-4.866593,0.20410580933094025,0.5170000195503235,0.20160000026226044
YGL173C,YBR253W,0,-4.867122,0.2040252536535263,0.5170000195503235,0.20170000195503235
YER174C,YML038C,0,-4.86715,0.20394477248191833,0.5170000195503235,0.20180000364780426
YJL062W,YIL016W,0,-4.867496,0.20386435091495514,0.5170000195503235,0.20190000534057617
YKR081C,YNL222W,0,-4.867699,0.2037840038537979,0.5170000195503235,0.20200000703334808
YCR081W,YKR059W,0,-4.8679585,0.20370370149612427,0.5170000195503235,0.2020999938249588
YNL020C,YMR014W,1,-4.86877,0.20401732623577118,0.5180000066757202,0.2020999938249588
YDR421W,YPR199C,0,-4.868814,0.20393700897693634,0.5180000066757202,0.2021999955177307
YJL014W,YIL138C,0,-4.8688245,0.20385675132274628,0.5180000066757202,0.20229999721050262
YML080W,YBL002W,0,-4.869313,0.203776553273201,0.5180000066757202,0.20239999890327454
YNL231C,YFL045C,0,-4.869795,0.20369641482830048,0.5180000066757202,0.20250000059604645
YCL027W,YDR473C,0,-4.869943,0.20361635088920593,0.5180000066757202,0.20260000228881836
YNR052C,YDR238C,0,-4.8710856,0.20353634655475616,0.5180000066757202,0.20270000398159027
YPL160W,YLR342W,0,-4.871389,0.20345640182495117,0.5180000066757202,0.20280000567436218
YGL205W,YHR139C,0,-4.8715167,0.20337651669979095,0.5180000066757202,0.2029000073671341
YLR192C,YCL003W,0,-4.8715453,0.2032967060804367,0.5180000066757202,0.2029999941587448
YOR182C,YHR041C,0,-4.871766,0.20321695506572723,0.5180000066757202,0.20309999585151672
YLR381W,YDR143C,0,-4.8719277,0.20313724875450134,0.5180000066757202,0.20319999754428864
YOL067C,YLL056C,0,-4.8724027,0.20305763185024261,0.5180000066757202,0.20329999923706055
YJR017C,YER012W,0,-4.872927,0.20297805964946747,0.5180000066757202,0.20340000092983246
YIR019C,YOR287C,0,-4.8732877,0.2028985470533371,0.5180000066757202,0.20350000262260437
YDR093W,YBR083W,0,-4.873407,0.2028191089630127,0.5180000066757202,0.20360000431537628
YLR405W,YJR045C,0,-4.873673,0.20273973047733307,0.5180000066757202,0.2037000060081482
YNL023C,YOR209C,0,-4.873879,0.20266041159629822,0.5180000066757202,0.2037999927997589
YDR116C,YGR007W,0,-4.8739038,0.20258115231990814,0.5180000066757202,0.20389999449253082
YBR087W,YLL012W,0,-4.8739667,0.20250195264816284,0.5180000066757202,0.20399999618530273
YAL007C,YIL018W,0,-4.8742366,0.2024228274822235,0.5180000066757202,0.20409999787807465
YOR266W,YML033W,0,-4.87427,0.20234374701976776,0.5180000066757202,0.20419999957084656
YCL062W,YNL304W,0,-4.874583,0.20226474106311798,0.5180000066757202,0.20430000126361847
YOR340C,YCR062W,0,-4.8747554,0.20218579471111298,0.5180000066757202,0.20440000295639038
YDR093W,YHR158C,0,-4.8750668,0.20210690796375275,0.5180000066757202,0.2045000046491623
YBL023C,YDL147W,0,-4.875097,0.2020280808210373,0.5180000066757202,0.2046000063419342
YER183C,YOR243C,0,-4.8752437,0.2019493132829666,0.5180000066757202,0.20469999313354492
YBR065C,YDR318W,0,-4.8754086,0.2018706202507019,0.5180000066757202,0.20479999482631683
YOR034C,YDR310C,0,-4.8754277,0.20179197192192078,0.5180000066757202,0.20489999651908875
YGR113W,YEL057C,0,-4.8755784,0.20171339809894562,0.5180000066757202,0.20499999821186066
YML123C,YDL058W,0,-4.875706,0.20163488388061523,0.5180000066757202,0.20509999990463257
YKL005C,YPL170W,0,-4.8762097,0.20155641436576843,0.5180000066757202,0.20520000159740448
YDR263C,YHR084W,0,-4.876395,0.2014780193567276,0.5180000066757202,0.2053000032901764
YKL017C,YPL128C,0,-4.8764553,0.20139968395233154,0.5180000066757202,0.2054000049829483
YNR027W,YDR245W,1,-4.876514,0.2017100602388382,0.5189999938011169,0.2054000049829483
YIL026C,YHR205W,0,-4.87666,0.20163169503211975,0.5189999938011169,0.20550000667572021
YLR380W,YIL002C,0,-4.8769536,0.20155340433120728,0.5189999938011169,0.20559999346733093
YOR274W,YML040W,0,-4.876974,0.20147515833377838,0.5189999938011169,0.20569999516010284
YIL026C,YKL095W,0,-4.877362,0.20139697194099426,0.5189999938011169,0.20579999685287476
YNL182C,YLR008C,0,-4.87765,0.20131884515285492,0.5189999938011169,0.20589999854564667
YNL004W,YLR442C,0,-4.8778563,0.20124079287052155,0.5189999938011169,0.20600000023841858
YGR109C,YBR254C,0,-4.878011,0.20116278529167175,0.5189999938011169,0.2061000019311905
YNL020C,YLR312C-B,1,-4.878425,0.20147229731082916,0.5199999809265137,0.2061000019311905
YGR262C,YBR038W,1,-4.8786063,0.20178157091140747,0.5210000276565552,0.2061000019311905
YBL022C,YER022W,0,-4.8786435,0.20170344412326813,0.5210000276565552,0.2062000036239624
YFR051C,YDR175C,0,-4.879011,0.20162539184093475,0.5210000276565552,0.20630000531673431
YPR138C,YHR026W,0,-4.879068,0.20154738426208496,0.5210000276565552,0.20640000700950623
YCL012W,YNL327W,1,-4.8792424,0.20185615122318268,0.5220000147819519,0.20640000700950623
YNL094W,YHL040C,0,-4.879457,0.2017781287431717,0.5220000147819519,0.20649999380111694
YBR186W,YOL121C,0,-4.879492,0.2017001509666443,0.5220000147819519,0.20659999549388885
YLR433C,YNR075W,0,-4.880254,0.20162224769592285,0.5220000147819519,0.20669999718666077
YDR439W,YGR239C,0,-4.880416,0.2015444040298462,0.5220000147819519,0.20679999887943268
YPL177C,YJR120W,0,-4.880444,0.2014666199684143,0.5220000147819519,0.2069000005722046
YMR015C,YCL060C,0,-4.880522,0.2013888955116272,0.5220000147819519,0.2070000022649765
YOR216C,YPR198W,0,-4.8808393,0.20131121575832367,0.5220000147819519,0.2071000039577484
YMR236W,YLR410W,0,-4.881059,0.2012336105108261,0.5220000147819519,0.20720000565052032
YLR095C,YBL005W-B,0,-4.881365,0.20115606486797333,0.5220000147819519,0.20730000734329224
YDR207C,YDR200C,0,-4.881795,0.20107857882976532,0.5220000147819519,0.20739999413490295
YER174C,YDR265W,0,-4.881856,0.2010011523962021,0.5220000147819519,0.20749999582767487
YIL026C,YNL206C,0,-4.8819857,0.20092378556728363,0.5220000147819519,0.20759999752044678
YAR019C,YNL243W,1,-4.8820624,0.2012312412261963,0.5230000019073486,0.20759999752044678
YAL021C,YNL103W,0,-4.882668,0.20115384459495544,0.5230000019073486,0.2076999992132187
YJR084W,YBL035C,0,-4.882815,0.20107650756835938,0.5230000019073486,0.2078000009059906
YGL061C,YJL167W,0,-4.883162,0.20099923014640808,0.5230000019073486,0.2079000025987625
YML069W,YDL098C,0,-4.883472,0.20092201232910156,0.5230000019073486,0.20800000429153442
YHR158C,YPL058C,0,-4.8835063,0.20084485411643982,0.5230000019073486,0.20810000598430634
YOR313C,YDL185W,0,-4.883553,0.20076775550842285,0.5230000019073486,0.20819999277591705
YNL129W,YLR026C,0,-4.883572,0.20069071650505066,0.5230000019073486,0.20829999446868896
YFL023W,YHR135C,1,-4.8838277,0.20099730789661407,0.5239999890327454,0.20829999446868896
YGR220C,YOL127W,0,-4.8839107,0.2009202390909195,0.5239999890327454,0.20839999616146088
YJL063C,YOR321W,0,-4.884582,0.2008432298898697,0.5239999890327454,0.2084999978542328
YGL020C,YDR174W,0,-4.885098,0.20076628029346466,0.5239999890327454,0.2085999995470047
YDL008W,YJL094C,0,-4.885163,0.2006893903017044,0.5239999890327454,0.2087000012397766
YML061C,YOL093W,0,-4.885352,0.20061255991458893,0.5239999890327454,0.20880000293254852
YIL139C,YLR301W,0,-4.885374,0.20053578913211823,0.5239999890327454,0.20890000462532043
YDR424C,YNL031C,0,-4.8857074,0.2004590630531311,0.5239999890327454,0.20900000631809235
YNL242W,YLR369W,0,-4.8857303,0.20038241147994995,0.5239999890327454,0.20909999310970306
YOR245C,YNL239W,0,-4.885756,0.20030580461025238,0.5239999890327454,0.20919999480247498
YNL298W,YLR286C,1,-4.885882,0.20061138272285461,0.5249999761581421,0.20919999480247498
YDR424C,YOL090W,0,-4.8859844,0.20053476095199585,0.5249999761581421,0.2092999964952469
YOL164W,YBR253W,0,-4.8860507,0.20045818388462067,0.5249999761581421,0.2093999981880188
YPL051W,YML131W,0,-4.886361,0.20038168132305145,0.5249999761581421,0.2094999998807907
YCR094W,YDR170C,0,-4.886477,0.20030522346496582,0.5249999761581421,0.20960000157356262
YOL080C,YGR116W,0,-4.8866796,0.20022884011268616,0.5249999761581421,0.20970000326633453
YMR238W,YOR160W,0,-4.8868003,0.20015250146389008,0.5249999761581421,0.20980000495910645
YEL027W,YLR459W,0,-4.8872313,0.20007622241973877,0.5249999761581421,0.20990000665187836
YML086C,YML023C,0,-4.8877397,0.20000000298023224,0.5249999761581421,0.20999999344348907
YOR377W,YHR036W,0,-4.8877864,0.19992384314537048,0.5249999761581421,0.210099995136261
YPL101W,YGL122C,0,-4.8878756,0.1998477280139923,0.5249999761581421,0.2101999968290329
YGL236C,YFR048W,0,-4.8880763,0.1997716873884201,0.5249999761581421,0.2102999985218048
YEL063C,YIL061C,0,-4.8880796,0.19969570636749268,0.5249999761581421,0.21040000021457672
YHR107C,YBR038W,1,-4.8887887,0.20000000298023224,0.5260000228881836,0.21040000021457672
YJL190C,YER138C,0,-4.888845,0.19992397725582123,0.5260000228881836,0.21050000190734863
YKL060C,YDR218C,0,-4.8890395,0.1998480260372162,0.5260000228881836,0.21060000360012054
YGL090W,YFL035C,0,-4.8890867,0.19977211952209473,0.5260000228881836,0.21070000529289246
YLR097C,YMR285C,0,-4.88916,0.19969627261161804,0.5260000228881836,0.21080000698566437
YLR214W,YPL218W,0,-4.8893523,0.19962050020694733,0.5260000228881836,0.21089999377727509
YKR095W,YDR243C,0,-4.8895135,0.199544757604599,0.5260000228881836,0.210999995470047
YDR440W,YBL005W-B,0,-4.8895392,0.19946908950805664,0.5260000228881836,0.2110999971628189
YEL022W,YOR265W,0,-4.889622,0.19939348101615906,0.5260000228881836,0.21119999885559082
YBR029C,YML023C,0,-4.889649,0.19931791722774506,0.5260000228881836,0.21130000054836273
YBR057C,YOL010W,0,-4.890082,0.19924242794513702,0.5260000228881836,0.21140000224113464
YJL085W,YDR309C,1,-4.8904433,0.19954562187194824,0.5270000100135803,0.21140000224113464
YJR084W,YEL022W,0,-4.8905616,0.19947010278701782,0.5270000100135803,0.21150000393390656
YNL214W,YKR020W,0,-4.890636,0.19939462840557098,0.5270000100135803,0.21160000562667847
YFL039C,YCR055C,1,-4.8906474,0.19969743490219116,0.527999997138977,0.21160000562667847
YFL039C,YCR058C,1,-4.8906474,0.20000000298023224,0.5289999842643738,0.21160000562667847
YGL016W,YEL031W,0,-4.8908477,0.19992440938949585,0.5289999842643738,0.21170000731945038
YGL166W,YPL174C,0,-4.8908534,0.19984889030456543,0.5289999842643738,0.2117999941110611
YHR081W,YKL122C,0,-4.891025,0.1997734159231186,0.5289999842643738,0.211899995803833
YML034W,YLL017W,0,-4.8916583,0.19969800114631653,0.5289999842643738,0.21199999749660492
YOR160W,YGR129W,0,-4.8917446,0.19962264597415924,0.5289999842643738,0.21209999918937683
YBR256C,YKR020W,0,-4.891975,0.19954733550548553,0.5289999842643738,0.21220000088214874
YCR002C,YOR181W,1,-4.8919854,0.1998491734266281,0.5299999713897705,0.21220000088214874
YGL106W,YDR328C,1,-4.892016,0.2001507729291916,0.531000018119812,0.21220000088214874
YJR108W,YDR179C,0,-4.8929434,0.20007535815238953,0.531000018119812,0.21230000257492065
YPR081C,YDL105W,0,-4.893023,0.20000000298023224,0.531000018119812,0.21240000426769257
YOR034C,YDR182W,0,-4.8930326,0.19992469251155853,0.531000018119812,0.21250000596046448
YDL140C,YBR175W,0,-4.893133,0.1998494565486908,0.531000018119812,0.2125999927520752
YPL119C,YPL180W,0,-4.893389,0.19977426528930664,0.531000018119812,0.2126999944448471
YJR070C,YPR113W,0,-4.893778,0.19969913363456726,0.531000018119812,0.21279999613761902
YDR375C,YJL139C,0,-4.893882,0.19962406158447266,0.531000018119812,0.21289999783039093
YCR055C,YGR152C,1,-4.894044,0.19992484152317047,0.5320000052452087,0.21289999783039093
YCR058C,YGR152C,1,-4.894044,0.20022539794445038,0.5329999923706055,0.21289999783039093
YBR036C,YPL128C,0,-4.8942204,0.20015020668506622,0.5329999923706055,0.21299999952316284
YOR206W,YBR093C,0,-4.894394,0.20007507503032684,0.5329999923706055,0.21310000121593475
YPL242C,YNL243W,1,-4.89442,0.20037522912025452,0.5339999794960022,0.21310000121593475
YHR074W,YIL076W,0,-4.8946023,0.20030006766319275,0.5339999794960022,0.21320000290870667
YDL226C,YDR345C,0,-4.8946843,0.20022496581077576,0.5339999794960022,0.21330000460147858
YJR042W,YKR101W,0,-4.8956127,0.20014992356300354,0.5339999794960022,0.2134000062942505
YDR151C,YBL005W-A,0,-4.8956766,0.2000749409198761,0.5339999794960022,0.2134999930858612
YDR081C,YNL222W,0,-4.8958683,0.20000000298023224,0.5339999794960022,0.21359999477863312
YBR199W,YOR330C,0,-4.8961806,0.19992512464523315,0.5339999794960022,0.21369999647140503
YLR103C,YCL062W,0,-4.896342,0.19985030591487885,0.5339999794960022,0.21379999816417694
YMR220W,YKL212W,0,-4.8966093,0.19977553188800812,0.5339999794960022,0.21389999985694885
YDR377W,YMR237W,0,-4.8967834,0.19970081746578217,0.5339999794960022,0.21400000154972076
YLR127C,YJL125C,0,-4.8968067,0.199626162648201,0.5339999794960022,0.21410000324249268
YOR160W,YKL006C-A,0,-4.8968606,0.1995515674352646,0.5339999794960022,0.2142000049352646
YEL029C,YLR084C,1,-4.8972716,0.19985057413578033,0.5350000262260437,0.2142000049352646
YBR024W,YIL017W,0,-4.89748,0.19977594912052155,0.5350000262260437,0.2143000066280365
YLR310C,YDR116C,0,-4.8976874,0.19970138370990753,0.5350000262260437,0.21439999341964722
YLR286C,YNL267W,1,-4.898204,0.20000000298023224,0.5360000133514404,0.21439999341964722
YGL098W,YER138C,0,-4.898435,0.19992540776729584,0.5360000133514404,0.21449999511241913
YOR213C,YNL025C,0,-4.898552,0.19985085725784302,0.5360000133514404,0.21459999680519104
YKL038W,YNR015W,0,-4.8986883,0.19977636635303497,0.5360000133514404,0.21469999849796295
YLR026C,YER116C,0,-4.898914,0.1997019350528717,0.5360000133514404,0.21480000019073486
YMR211W,YAL043C,0,-4.8990235,0.1996275633573532,0.5360000133514404,0.21490000188350677
YDR317W,YJR127C,0,-4.8995805,0.1995532363653183,0.5360000133514404,0.2150000035762787
YNL094W,YMR060C,0,-4.8996153,0.19947896897792816,0.5360000133514404,0.2151000052690506
YPR100W,YDR057W,0,-4.9002686,0.1994047611951828,0.5360000133514404,0.2152000069618225
YNL199C,YNR023W,0,-4.900377,0.19933061301708221,0.5360000133514404,0.21529999375343323
YOR198C,YCR073C,0,-4.9005637,0.1992565095424652,0.5360000133514404,0.21539999544620514
YMR312W,YJR026W,0,-4.9007277,0.19918246567249298,0.5360000133514404,0.21549999713897705
YCL012W,YER149C,1,-4.900847,0.19947993755340576,0.5370000004768372,0.21549999713897705
YDL040C,YMR089C,0,-4.9010305,0.19940586388111115,0.5370000004768372,0.21559999883174896
YIL053W,YKL028W,0,-4.9012165,0.1993318498134613,0.5370000004768372,0.21570000052452087
YDR263C,YLR051C,0,-4.9014506,0.19925788044929504,0.5370000004768372,0.21580000221729279
YER008C,YLR337W,1,-4.901579,0.19955489039421082,0.5379999876022339,0.21580000221729279
YGR279C,YNL088W,0,-4.901721,0.19948090612888336,0.5379999876022339,0.2159000039100647
YKL194C,YPR133C,0,-4.901833,0.1994069665670395,0.5379999876022339,0.2160000056028366
YNL298W,YLR337W,1,-4.9023023,0.19970358908176422,0.5389999747276306,0.2160000056028366
YNL030W,YKL040C,0,-4.9024405,0.19962963461875916,0.5389999747276306,0.21610000729560852
YIL075C,YDR167W,0,-4.902658,0.19955572485923767,0.5389999747276306,0.21619999408721924
YBR154C,YDR170C,0,-4.9028387,0.19948185980319977,0.5389999747276306,0.21629999577999115
YJL111W,YDR079C-A,0,-4.9028554,0.19940806925296783,0.5389999747276306,0.21639999747276306
YDR093W,YER138C,0,-4.902964,0.19933432340621948,0.5389999747276306,0.21649999916553497
YMR056C,YPL188W,0,-4.903478,0.1992606222629547,0.5389999747276306,0.21660000085830688
YCR002C,YER149C,1,-4.9037557,0.19955654442310333,0.5400000214576721,0.21660000085830688
YIL159W,YHR107C,1,-4.9038186,0.19985222816467285,0.5410000085830688,0.21660000085830688
YOR373W,YDL006W,0,-4.9039497,0.19977843761444092,0.5410000085830688,0.2167000025510788
YBL040C,YPL031C,0,-4.904079,0.19970469176769257,0.5410000085830688,0.2168000042438507
YAL058W,YCR042C,0,-4.904339,0.1996309906244278,0.5410000085830688,0.21690000593662262
YLR431C,YNL278W,0,-4.9043665,0.199557363986969,0.5410000085830688,0.21699999272823334
YNL112W,YFR051C,0,-4.9044304,0.19948378205299377,0.5410000085830688,0.21709999442100525
YER133W,YOR243C,0,-4.9048343,0.19941024482250214,0.5410000085830688,0.21719999611377716
YJL092W,YOR361C,0,-4.905071,0.19933676719665527,0.5410000085830688,0.21729999780654907
YBR278W,YOL009C,0,-4.905161,0.19926334917545319,0.5410000085830688,0.21739999949932098
YDL102W,YDR179C,0,-4.905206,0.19918999075889587,0.5410000085830688,0.2175000011920929
YPL146C,YIL017W,0,-4.905344,0.19911667704582214,0.5410000085830688,0.2176000028848648
YGL021W,YCR072C,0,-4.9055276,0.199043408036232,0.5410000085830688,0.21770000457763672
YER108C,YKL220C,0,-4.9055405,0.19897021353244781,0.5410000085830688,0.21780000627040863
YHR024C,YIR025W,0,-4.9055924,0.19889706373214722,0.5410000085830688,0.21789999306201935
YAR019C,YKL129C,1,-4.905812,0.19919148087501526,0.5419999957084656,0.21789999306201935
YBR202W,YLR342W,0,-4.9058146,0.19911830127239227,0.5419999957084656,0.21799999475479126
YHR052W,YGL025C,0,-4.90618,0.19904516637325287,0.5419999957084656,0.21809999644756317
YNR027W,YCR009C,1,-4.9062104,0.19933921098709106,0.5429999828338623,0.21809999644756317
YGL190C,YOR297C,0,-4.9064937,0.19926606118679047,0.5429999828338623,0.21819999814033508
YPL231W,YKL041W,0,-4.9065766,0.19919295608997345,0.5429999828338623,0.218299999833107
YOR031W,YEL019C,0,-4.907413,0.1991199105978012,0.5429999828338623,0.2184000015258789
YPL177C,YKL205W,0,-4.907648,0.19904692471027374,0.5429999828338623,0.21850000321865082
YML071C,YOL102C,0,-4.9078064,0.19897398352622986,0.5429999828338623,0.21860000491142273
YIL119C,YPR032W,0,-4.9083667,0.19890110194683075,0.5429999828338623,0.21870000660419464
YPR181C,YOR315W,0,-4.908661,0.19882826507091522,0.5429999828338623,0.21879999339580536
YNL006W,YEL004W,0,-4.908726,0.19875548779964447,0.5429999828338623,0.21889999508857727
YMR182C,YLR386W,0,-4.908895,0.1986827701330185,0.5429999828338623,0.21899999678134918
YFR034C,YOR048C,0,-4.908903,0.1986100971698761,0.5429999828338623,0.2190999984741211
YKR062W,YPL007C,0,-4.908912,0.19853748381137848,0.5429999828338623,0.219200000166893
YCL014W,YDR309C,1,-4.9092393,0.19883041083812714,0.5440000295639038,0.219200000166893
YPR133W-A,YJR026W,0,-4.90939,0.19875776767730713,0.5440000295639038,0.21930000185966492
YCL060C,YOR297C,0,-4.90958,0.1986851692199707,0.5440000295639038,0.21940000355243683
YCL014W,YAR019C,1,-4.9105115,0.19897772371768951,0.5450000166893005,0.21940000355243683
YDR075W,YPR178W,0,-4.9105163,0.1989051103591919,0.5450000166893005,0.21950000524520874
YKL138C-A,YPL174C,0,-4.9107695,0.19883254170417786,0.5450000166893005,0.21960000693798065
YAL033W,YBR250W,0,-4.9108768,0.1987600326538086,0.5450000166893005,0.21969999372959137
YCR028C,YMR235C,0,-4.911102,0.1986875683069229,0.5450000166893005,0.21979999542236328
YEL026W,YML015C,0,-4.9116044,0.198615163564682,0.5450000166893005,0.2198999971151352
YDR524C,YDL028C,0,-4.9116683,0.19854280352592468,0.5450000166893005,0.2199999988079071
YLR028C,YGR097W,0,-4.9119005,0.19847050309181213,0.5450000166893005,0.22010000050067902
YDR434W,YPR095C,0,-4.912102,0.19839824736118317,0.5450000166893005,0.22020000219345093
YNL025C,YPR140W,0,-4.9121966,0.19832605123519897,0.5450000166893005,0.22030000388622284
YLR223C,YJL074C,0,-4.912402,0.19825391471385956,0.5450000166893005,0.22040000557899475
YBR167C,YKL144C,0,-4.912658,0.19818182289600372,0.5450000166893005,0.22050000727176666
YPL242C,YIR006C,1,-4.912954,0.19847328960895538,0.5460000038146973,0.22050000727176666
YJL061W,YPL063W,0,-4.9130974,0.19840116798877716,0.5460000038146973,0.22059999406337738
YHR023W,YLR084C,1,-4.9133296,0.19869233667850494,0.546999990940094,0.22059999406337738
YGL005C,YEL065W,0,-4.9135966,0.19862018525600433,0.546999990940094,0.2206999957561493
YLR052W,YMR037C,0,-4.9137607,0.1985480934381485,0.546999990940094,0.2207999974489212
YPL049C,YLR134W,0,-4.914498,0.19847604632377625,0.546999990940094,0.22089999914169312
YLR026C,YPL283C,0,-4.914574,0.19840405881404877,0.546999990940094,0.22100000083446503
YLR131C,YIL016W,0,-4.914637,0.19833213090896606,0.546999990940094,0.22110000252723694
YOL017W,YOR320C,0,-4.914678,0.19826023280620575,0.546999990940094,0.22120000422000885
YKL150W,YDR265W,0,-4.914944,0.1981884092092514,0.546999990940094,0.22130000591278076
YIL026C,YLR371W,0,-4.91528,0.19811663031578064,0.546999990940094,0.22139999270439148
YFL050C,YDR013W,0,-4.915316,0.19804489612579346,0.546999990940094,0.2214999943971634
YDR320C-A,YDR343C,0,-4.915726,0.19797322154045105,0.546999990940094,0.2215999960899353
YNL219C,YNR052C,0,-4.915813,0.19790159165859222,0.546999990940094,0.22169999778270721
YFL011W-A,YHR096C,0,-4.915813,0.19783002138137817,0.546999990940094,0.22179999947547913
YPL128C,YKL034W,0,-4.9159026,0.1977584958076477,0.546999990940094,0.22190000116825104
YNL099C,YML123C,0,-4.9161267,0.197687029838562,0.546999990940094,0.22200000286102295
YCR044C,YDR353W,0,-4.9161625,0.1976156085729599,0.546999990940094,0.22210000455379486
YML055W,YPL020C,0,-4.916333,0.19754424691200256,0.546999990940094,0.22220000624656677
YOL059W,YKL099C,0,-4.9163694,0.1974729299545288,0.546999990940094,0.2222999930381775
YGR156W,YDR485C,0,-4.916634,0.19740165770053864,0.546999990940094,0.2223999947309494
YMR014W,YNL084C,1,-4.9168563,0.1976912021636963,0.5479999780654907,0.2223999947309494
YKL048C,YNL154C,1,-4.9171095,0.19798052310943604,0.5490000247955322,0.2223999947309494
YNL258C,YGL100W,0,-4.917191,0.1979091614484787,0.5490000247955322,0.2224999964237213
YER119C,YDL154W,0,-4.9173713,0.19783784449100494,0.5490000247955322,0.22259999811649323
YNL327W,YIR006C,1,-4.9174066,0.19812680780887604,0.550000011920929,0.22259999811649323
YPR029C,YBR083W,0,-4.9176316,0.1980554610490799,0.550000011920929,0.22269999980926514
YMR238W,YOR088W,0,-4.9180226,0.19798415899276733,0.550000011920929,0.22280000150203705
YMR198W,YGR024C,0,-4.9181848,0.19791291654109955,0.550000011920929,0.22290000319480896
YLR438C-A,YMR076C,0,-4.918404,0.19784173369407654,0.550000011920929,0.22300000488758087
YKL048C,YHR135C,1,-4.9191008,0.19813017547130585,0.5509999990463257,0.22300000488758087
YLR051C,YNL332W,0,-4.919115,0.19805894792079926,0.5509999990463257,0.22310000658035278
YNL282W,YIL114C,0,-4.919188,0.19798777997493744,0.5509999990463257,0.2231999933719635
YKL114C,YDL083C,0,-4.9194093,0.1979166716337204,0.5509999990463257,0.2232999950647354
YCR024C-A,YLR059C,0,-4.9197364,0.19784560799598694,0.5509999990463257,0.22339999675750732
YDR414C,YJL025W,0,-4.91989,0.19777458906173706,0.5509999990463257,0.22349999845027924
YBR023C,YJL085W,1,-4.920029,0.19806243479251862,0.5519999861717224,0.22349999845027924
YGL247W,YDR201W,0,-4.9202247,0.19799138605594635,0.5519999861717224,0.22360000014305115
YHR039C-B,YLR447C,0,-4.9203134,0.19792039692401886,0.5519999861717224,0.22370000183582306
YOL146W,YMR087W,0,-4.9203362,0.19784946739673615,0.5519999861717224,0.22380000352859497
YKR027W,YOR140W,0,-4.9204097,0.19777856767177582,0.5519999861717224,0.22390000522136688
YLR231C,YDR320C-A,0,-4.920568,0.19770774245262146,0.5519999861717224,0.2240000069141388
YKL129C,YCR058C,1,-4.9206343,0.19799499213695526,0.5529999732971191,0.2240000069141388
YER179W,YPL231W,0,-4.9209394,0.19792412221431732,0.5529999732971191,0.2240999937057495
YKL011C,YDR532C,0,-4.9210925,0.19785331189632416,0.5529999732971191,0.22419999539852142
YDL035C,YGL163C,0,-4.9215713,0.19778254628181458,0.5529999732971191,0.22429999709129333
YCR037C,YGR129W,0,-4.921837,0.19771184027194977,0.5529999732971191,0.22439999878406525
YGL247W,YDR302W,0,-4.922041,0.19764117896556854,0.5529999732971191,0.22450000047683716
YOR008C,YER116C,0,-4.9224877,0.1975705623626709,0.5529999732971191,0.22460000216960907
YFL025C,YBR142W,0,-4.9229207,0.19750000536441803,0.5529999732971191,0.22470000386238098
YNL258C,YPR133C,0,-4.922975,0.19742949306964874,0.5529999732971191,0.2248000055551529
YFL003C,YML059C,0,-4.9230056,0.19735902547836304,0.5529999732971191,0.2249000072479248
YML059C,YDR363W-A,0,-4.9230404,0.1972886174917221,0.5529999732971191,0.22499999403953552
YMR270C,YMR229C,0,-4.9231186,0.19721825420856476,0.5529999732971191,0.22509999573230743
YGL089C,YBR294W,0,-4.9231753,0.19714795053005219,0.5529999732971191,0.22519999742507935
YOR148C,YCR080W,0,-4.923406,0.1970776915550232,0.5529999732971191,0.22529999911785126
YLR399C,YML071C,0,-4.9235234,0.19700747728347778,0.5529999732971191,0.22540000081062317
YML008C,YKL138C-A,0,-4.9239626,0.19693732261657715,0.5529999732971191,0.22550000250339508
YNL020C,YLR337W,1,-4.924253,0.1972232162952423,0.5540000200271606,0.22550000250339508
YOR136W,YNL304W,0,-4.924498,0.1971530318260193,0.5540000200271606,0.225600004196167
YOR039W,YBL105C,0,-4.9245257,0.19708289206027985,0.5540000200271606,0.2257000058889389
YLR314C,YNL327W,1,-4.924592,0.19736842811107635,0.5550000071525574,0.2257000058889389
YLR147C,YBR254C,0,-4.924875,0.19729825854301453,0.5550000071525574,0.22579999268054962
YLR084C,YLR337W,1,-4.925356,0.19758351147174835,0.5559999942779541,0.22579999268054962
YJR144W,YMR070W,0,-4.92538,0.19751332700252533,0.5559999942779541,0.22589999437332153
YCR081W,YJL154C,0,-4.925535,0.1974431872367859,0.5559999942779541,0.22599999606609344
YPL255W,YER155C,0,-4.925642,0.19737309217453003,0.5559999942779541,0.22609999775886536
YDL220C,YPR162C,0,-4.92571,0.19730305671691895,0.5559999942779541,0.22619999945163727
YNL021W,YBL100W-B,0,-4.9257607,0.19723306596279144,0.5559999942779541,0.22630000114440918
YDL185W,YIR018W,0,-4.9258904,0.19716311991214752,0.5559999942779541,0.2264000028371811
YMR298W,YNL222W,0,-4.9259014,0.19709323346614838,0.5559999942779541,0.226500004529953
YER183C,YJR063W,0,-4.926135,0.1970233917236328,0.5559999942779541,0.22660000622272491
YKL004W,YGL033W,0,-4.926412,0.19695359468460083,0.5559999942779541,0.22669999301433563
YCL069W,YDR018C,0,-4.9266315,0.19688385725021362,0.5559999942779541,0.22679999470710754
YCL012W,YNL298W,1,-4.9269795,0.19716814160346985,0.5569999814033508,0.22679999470710754
YCR002C,YOR301W,1,-4.9277034,0.19745223224163055,0.5580000281333923,0.22679999470710754
YKL134C,YBL100W-B,0,-4.9278126,0.197382390499115,0.5580000281333923,0.22689999639987946
YLR425W,YDR341C,0,-4.928043,0.197312593460083,0.5580000281333923,0.22699999809265137
YCR075C,YMR069W,0,-4.9283576,0.1972428411245346,0.5580000281333923,0.22709999978542328
YBR260C,YKR079C,0,-4.9286594,0.19717314839363098,0.5580000281333923,0.2272000014781952
YAL003W,YBR258C,0,-4.928963,0.19710350036621094,0.5580000281333923,0.2273000031709671
YNL110C,YLR312C-B,1,-4.9289923,0.19738700985908508,0.5590000152587891,0.2273000031709671
YLL050C,YIL128W,0,-4.929066,0.19731733202934265,0.5590000152587891,0.227400004863739
YNL016W,YBR077C,0,-4.929573,0.197247713804245,0.5590000152587891,0.22750000655651093
YAL012W,YKL040C,0,-4.9296355,0.19717812538146973,0.5590000152587891,0.22759999334812164
YKL205W,YBR103W,0,-4.929681,0.19710859656333923,0.5590000152587891,0.22769999504089355
YCR040W,YAR009C,0,-4.929725,0.19703912734985352,0.5590000152587891,0.22779999673366547
YLR360W,YGL095C,0,-4.9301105,0.19696970283985138,0.5590000152587891,0.22789999842643738
YOR099W,YBR127C,0,-4.9308395,0.19690032303333282,0.5590000152587891,0.2280000001192093
YBR114W,YBR254C,0,-4.930841,0.19683098793029785,0.5590000152587891,0.2281000018119812
YBR100W,YDR251W,0,-4.931002,0.19676169753074646,0.5590000152587891,0.2282000035047531
YDR268W,YML033W,0,-4.9311576,0.19669246673583984,0.5590000152587891,0.22830000519752502
YNL267W,YDR129C,1,-4.9311676,0.19697502255439758,0.5600000023841858,0.22830000519752502
YNL182C,YLR141W,0,-4.931175,0.19690576195716858,0.5600000023841858,0.22840000689029694
YBR090C-A,YGR085C,0,-4.9312043,0.19683656096458435,0.5600000023841858,0.22849999368190765
YER051W,YJL011C,0,-4.931252,0.1967673897743225,0.5600000023841858,0.22859999537467957
YBR211C,YDR276C,0,-4.9313226,0.19669827818870544,0.5600000023841858,0.22869999706745148
YBR038W,YBR143C,1,-4.9315324,0.1969803422689438,0.5609999895095825,0.22869999706745148
YER051W,YDL079C,0,-4.931997,0.19691120088100433,0.5609999895095825,0.2287999987602234
YHR005C-A,YDR162C,0,-4.9323177,0.19684210419654846,0.5609999895095825,0.2289000004529953
YJL063C,YKR086W,0,-4.9323936,0.19677306711673737,0.5609999895095825,0.2290000021457672
YFL039C,YGL054C,1,-4.9324555,0.1970546990633011,0.5619999766349792,0.2290000021457672
YIL079C,YAL043C,0,-4.9328275,0.1969856321811676,0.5619999766349792,0.22910000383853912
YDR129C,YDL225W,1,-4.9328485,0.19726699590682983,0.5630000233650208,0.22910000383853912
YCL014W,YMR032W,1,-4.9332414,0.19754816591739655,0.5640000104904175,0.22910000383853912
YNL142W,YHR124W,0,-4.933251,0.1974789947271347,0.5640000104904175,0.22920000553131104
YDR435C,YIL029C,0,-4.933418,0.19740986824035645,0.5640000104904175,0.22930000722408295
YCR093W,YDL013W,0,-4.9338555,0.19734080135822296,0.5640000104904175,0.22939999401569366
YGL001C,YDL232W,0,-4.934568,0.19727177917957306,0.5640000104904175,0.22949999570846558
YGR140W,YKL032C,0,-4.9346414,0.19720280170440674,0.5640000104904175,0.2295999974012375
YDR320C-A,YDR409W,0,-4.93531,0.197133868932724,0.5640000104904175,0.2296999990940094
YDR040C,YLR020C,0,-4.9353127,0.19706499576568604,0.5640000104904175,0.2298000007867813
YLR016C,YHR167W,0,-4.935323,0.19699615240097046,0.5640000104904175,0.22990000247955322
YPL270W,YDR337W,0,-4.935541,0.19692736864089966,0.5640000104904175,0.23000000417232513
YGR281W,YJR027W,0,-4.935732,0.19685864448547363,0.5640000104904175,0.23010000586509705
YIL084C,YHR119W,0,-4.9364257,0.19678995013237,0.5640000104904175,0.23019999265670776
YGR179C,YGL171W,0,-4.9364324,0.19672131538391113,0.5640000104904175,0.23029999434947968
YGR191W,YKR095W-A,0,-4.936563,0.19665272533893585,0.5640000104904175,0.2303999960422516
YOR171C,YBR218C,0,-4.936587,0.19658417999744415,0.5640000104904175,0.2304999977350235
YDR040C,YMR296C,0,-4.9372005,0.19651567935943604,0.5640000104904175,0.2305999994277954
YNL258C,YJL053W,0,-4.9375005,0.1964472383260727,0.5640000104904175,0.23070000112056732
YOL068C,YOL009C,0,-4.9375415,0.19637882709503174,0.5640000104904175,0.23080000281333923
YDL008W,YNL164C,0,-4.9375634,0.19631047546863556,0.5640000104904175,0.23090000450611115
YOL130W,YLR215C,0,-4.93759,0.19624216854572296,0.5640000104904175,0.23100000619888306
YNR075W,YGR113W,0,-4.937717,0.19617390632629395,0.5640000104904175,0.23109999299049377
YMR276W,YPL283C,0,-4.9377246,0.1961057037115097,0.5640000104904175,0.23119999468326569
YOR260W,YNL268W,0,-4.9379625,0.19603754580020905,0.5640000104904175,0.2312999963760376
YOR011W,YML031W,0,-4.9380517,0.19596941769123077,0.5640000104904175,0.2313999980688095
YIL009W,YCL004W,0,-4.93813,0.19590134918689728,0.5640000104904175,0.23149999976158142
YEL036C,YNL279W,0,-4.9381757,0.19583334028720856,0.5640000104904175,0.23160000145435333
YDL145C,YNL262W,0,-4.9382224,0.19576536118984222,0.5640000104904175,0.23170000314712524
YPL265W,YDR437W,0,-4.938585,0.19569742679595947,0.5640000104904175,0.23180000483989716
YCR107W,YCR080W,0,-4.9386573,0.1956295520067215,0.5640000104904175,0.23190000653266907
YDR182W,YCL017C,0,-4.9391313,0.1955617219209671,0.5640000104904175,0.23199999332427979
YLR309C,YNL126W,0,-4.93935,0.1954939365386963,0.5640000104904175,0.2320999950170517
YOR005C,YML065W,0,-4.939426,0.19542619585990906,0.5640000104904175,0.2321999967098236
YGL174W,YGL054C,1,-4.9395404,0.1957048773765564,0.5649999976158142,0.2321999967098236
YPR128C,YER169W,0,-4.939558,0.19563712179660797,0.5649999976158142,0.23229999840259552
YDR206W,YJR027W,0,-4.9396057,0.19556939601898193,0.5649999976158142,0.23240000009536743
YMR298W,YNL107W,0,-4.9396586,0.19550172984600067,0.5649999976158142,0.23250000178813934
YBR236C,YIL106W,0,-4.939669,0.195434108376503,0.5649999976158142,0.23260000348091125
YNL153C,YDR195W,0,-4.9400153,0.1953665316104889,0.5649999976158142,0.23270000517368317
YFL002C,YNL054W,0,-4.940085,0.19529899954795837,0.5649999976158142,0.23280000686645508
YML086C,YOL021C,0,-4.940398,0.19523151218891144,0.5649999976158142,0.2328999936580658
YOR301W,YNL154C,1,-4.9406095,0.19550949335098267,0.5659999847412109,0.2328999936580658
YDR270W,YJL146W,0,-4.9406214,0.19544199109077454,0.5659999847412109,0.2329999953508377
YGL054C,YOR301W,1,-4.9406247,0.19571970403194427,0.5669999718666077,0.2329999953508377
YLR117C,YHR214C-B,0,-4.9406657,0.19565217196941376,0.5669999718666077,0.23309999704360962
YNL188W,YCR033W,0,-4.9406667,0.19558468461036682,0.5669999718666077,0.23319999873638153
YJR144W,YMR153W,0,-4.940739,0.19551724195480347,0.5669999718666077,0.23330000042915344
YER073W,YDR485C,0,-4.9409432,0.1954498440027237,0.5669999718666077,0.23340000212192535
YDR191W,YHR172W,0,-4.9409814,0.1953824907541275,0.5669999718666077,0.23350000381469727
YMR037C,YBR103W,0,-4.941159,0.1953151971101761,0.5669999718666077,0.23360000550746918
YER016W,YGL155W,0,-4.9411783,0.19524793326854706,0.5669999718666077,0.2337000072002411
YPL101W,YMR234W,0,-4.9412827,0.1951807290315628,0.5669999718666077,0.2337999939918518
YBR112C,YGL226C-A,0,-4.941604,0.19511355459690094,0.5669999718666077,0.23389999568462372
YNL161W,YLR201C,0,-4.9417853,0.19504643976688385,0.5669999718666077,0.23399999737739563
YCL027W,YOR243C,0,-4.9418616,0.19497936964035034,0.5669999718666077,0.23409999907016754
YBR131W,YNL090W,0,-4.9421296,0.19491234421730042,0.5669999718666077,0.23420000076293945
YGR158C,YLL013C,0,-4.942522,0.19484536349773407,0.5669999718666077,0.23430000245571136
YJL121C,YPL128C,0,-4.942559,0.1947784274816513,0.5669999718666077,0.23440000414848328
YJL165C,YGL097W,0,-4.942903,0.19471153616905212,0.5669999718666077,0.2345000058412552
YKR086W,YNR026C,0,-4.943023,0.19464468955993652,0.5669999718666077,0.2345999926328659
YIL035C,YJR029W,0,-4.9430375,0.1945779025554657,0.5669999718666077,0.23469999432563782
YAL021C,YLR266C,0,-4.943078,0.19451114535331726,0.5669999718666077,0.23479999601840973
YNL110C,YHR135C,1,-4.943117,0.1947873830795288,0.5680000185966492,0.23479999601840973
YIL004C,YDL100C,0,-4.943354,0.19472059607505798,0.5680000185966492,0.23489999771118164
YKL008C,YEL031W,0,-4.9434757,0.19465386867523193,0.5680000185966492,0.23499999940395355
YGL151W,YGL169W,0,-4.943868,0.19458718597888947,0.5680000185966492,0.23510000109672546
YDL147W,YLL003W,0,-4.9440513,0.19452054798603058,0.5680000185966492,0.23520000278949738
YMR225C,YOR008C-A,0,-4.944077,0.19445395469665527,0.5680000185966492,0.2353000044822693
YGL078C,YLR455W,0,-4.9440813,0.19438740611076355,0.5680000185966492,0.2354000061750412
YLR166C,YLR337W,1,-4.944226,0.19466301798820496,0.5690000057220459,0.2354000061750412
YJR097W,YFR029W,0,-4.9443073,0.19459643959999084,0.5690000057220459,0.23549999296665192
YPR187W,YDR002W,0,-4.9443965,0.1945299208164215,0.5690000057220459,0.23559999465942383
YBL005W,YIR015W,0,-4.944675,0.19446343183517456,0.5690000057220459,0.23569999635219574
YDR191W,YFL017W-A,0,-4.94496,0.1943969875574112,0.5690000057220459,0.23579999804496765
YEL018W,YOL002C,0,-4.945144,0.1943306028842926,0.5690000057220459,0.23589999973773956
YCL026C-A,YBR254C,0,-4.9452453,0.1942642480134964,0.5690000057220459,0.23600000143051147
YDR375C,YBR274W,0,-4.945449,0.19419795274734497,0.5690000057220459,0.2361000031232834
YLR127C,YHR073W,0,-4.945928,0.19413170218467712,0.5690000057220459,0.2362000048160553
YDR284C,YAL024C,0,-4.945931,0.19406548142433167,0.5690000057220459,0.2363000065088272
YOL038W,YDL052C,0,-4.9459543,0.19399932026863098,0.5690000057220459,0.23639999330043793
YGR262C,YLR353W,1,-4.9461823,0.19427402317523956,0.5699999928474426,0.23639999330043793
YMR275C,YPL180W,0,-4.9462743,0.1942078322172165,0.5699999928474426,0.23649999499320984
YCR055C,YDL225W,1,-4.946338,0.19448228180408478,0.5709999799728394,0.23649999499320984
YBR049C,YNL299W,0,-4.946411,0.1944160759449005,0.5709999799728394,0.23659999668598175
YOL016C,YBR177C,0,-4.946476,0.19434989988803864,0.5709999799728394,0.23669999837875366
YCL012W,YNR067C,1,-4.9466205,0.19462402164936066,0.5720000267028809,0.23669999837875366
YER159C,YMR039C,0,-4.946669,0.1945578157901764,0.5720000267028809,0.23680000007152557
YLR078C,YIL009W,0,-4.946998,0.1944916695356369,0.5720000267028809,0.23690000176429749
YGR152C,YOL113W,1,-4.947146,0.19476546347141266,0.5730000138282776,0.23690000176429749
YNL326C,YLR107W,0,-4.9475408,0.19469928741455078,0.5730000138282776,0.2370000034570694
YMR029C,YLR259C,0,-4.9476647,0.19463315606117249,0.5730000138282776,0.2371000051498413
YGL174W,YLR337C,1,-4.9477434,0.19490662217140198,0.5740000009536743,0.2371000051498413
YPR105C,YFL002W-A,0,-4.947841,0.1948404610157013,0.5740000009536743,0.23720000684261322
YHR142W,YPL256C,0,-4.948032,0.1947743445634842,0.5740000009536743,0.23729999363422394
YGR003W,YNL230C,0,-4.9481225,0.19470827281475067,0.5740000009536743,0.23739999532699585
YJL062W,YCL005W-A,0,-4.9482665,0.19464224576950073,0.5740000009536743,0.23749999701976776
YOR160W,YEL026W,0,-4.9486094,0.19457627832889557,0.5740000009536743,0.23759999871253967
YBL002W,YLR043C,0,-4.948689,0.1945103406906128,0.5740000009536743,0.23770000040531158
YOR211C,YHR042W,0,-4.9487166,0.1944444477558136,0.5740000009536743,0.2378000020980835
YLR079W,YIL105C,0,-4.949017,0.19437859952449799,0.5740000009536743,0.2379000037908554
YDL055C,YPL124W,0,-4.9492526,0.19431279599666595,0.5740000009536743,0.23800000548362732
YNL161W,YGR095C,0,-4.9492664,0.1942470371723175,0.5740000009536743,0.23810000717639923
YCR058C,YNL154C,1,-4.949515,0.19451962411403656,0.574999988079071,0.23810000717639923
YOL113W,YLR312C-B,1,-4.9498963,0.1947920173406601,0.5759999752044678,0.23810000717639923
YMR032W,YKL129C,1,-4.9500365,0.1950642317533493,0.5770000219345093,0.23810000717639923
YOR217W,YDL097C,0,-4.9501996,0.19499830901622772,0.5770000219345093,0.23819999396800995
YKL048C,YNL084C,1,-4.9505277,0.19527027010917664,0.578000009059906,0.23819999396800995
YGL142C,YBR162C,0,-4.9506516,0.19520431756973267,0.578000009059906,0.23829999566078186
YLR078C,YKR072C,0,-4.95066,0.19513842463493347,0.578000009059906,0.23839999735355377
YKR079C,YDR213W,0,-4.950851,0.19507256150245667,0.578000009059906,0.23849999904632568
YNL199C,YPL060W,0,-4.9511952,0.19500674307346344,0.578000009059906,0.2386000007390976
YMR014W,YGL106W,1,-4.951246,0.19527824223041534,0.5789999961853027,0.2386000007390976
YDR106W,YPL140C,0,-4.951748,0.19521240890026093,0.5789999961853027,0.2387000024318695
YGL210W-A,YMR095C,0,-4.9517875,0.1951466053724289,0.5789999961853027,0.23880000412464142
YER022W,YOR295W,0,-4.951922,0.19508086144924164,0.5789999961853027,0.23890000581741333
YGR013W,YBR058C,0,-4.9520135,0.19501516222953796,0.5789999961853027,0.23899999260902405
YNL280C,YJL192C,0,-4.9520445,0.19494949281215668,0.5789999961853027,0.23909999430179596
YOR078W,YER005W,0,-4.952295,0.19488388299942017,0.5789999961853027,0.23919999599456787
YDR524C,YIR026C,0,-4.952306,0.19481830298900604,0.5789999961853027,0.23929999768733978
YDR158W,YEL054C,0,-4.952357,0.1947527676820755,0.5789999961853027,0.2393999993801117
YOR191W,YAL016W,0,-4.95256,0.19468729197978973,0.5789999961853027,0.2395000010728836
YOL068C,YGL100W,0,-4.9525795,0.19462184607982635,0.5789999961853027,0.23960000276565552
YGR009C,YLR410W,0,-4.952599,0.19455644488334656,0.5789999961853027,0.23970000445842743
YGR040W,YMR308C,0,-4.952682,0.19449110329151154,0.5789999961853027,0.23980000615119934
YJR093C,YKR089C,0,-4.9528832,0.1944257915019989,0.5789999961853027,0.23989999294281006
YDL160C,YLR195C,0,-4.9529195,0.19436052441596985,0.5789999961853027,0.23999999463558197
YPL137C,YPL270W,0,-4.9529424,0.19429530203342438,0.5789999961853027,0.24009999632835388
YIL159W,YNL084C,1,-4.9529676,0.1945655792951584,0.5799999833106995,0.24009999632835388
YOL060C,YLR442C,0,-4.9530606,0.19450034201145172,0.5799999833106995,0.2401999980211258
YBR110W,YNL094W,0,-4.953066,0.19443513453006744,0.5799999833106995,0.2402999997138977
YML033W,YBR254C,0,-4.953345,0.19436997175216675,0.5799999833106995,0.24040000140666962
YAL040C,YDR201W,0,-4.953437,0.19430485367774963,0.5799999833106995,0.24050000309944153
YCR044C,YLR410W,0,-4.953439,0.1942397803068161,0.5799999833106995,0.24060000479221344
YGL054C,YBL061C,1,-4.9535904,0.19450953602790833,0.5809999704360962,0.24060000479221344
YCL003W,YMR203W,0,-4.9538083,0.1944444477558136,0.5809999704360962,0.24070000648498535
YDR122W,YNL186W,0,-4.9539704,0.19437938928604126,0.5809999704360962,0.24079999327659607
YIL139C,YCL005W-A,0,-4.95412,0.1943143755197525,0.5809999704360962,0.24089999496936798
YPR100W,YDL128W,0,-4.954295,0.19424942135810852,0.5809999704360962,0.2409999966621399
YPR072W,YGR122W,0,-4.9543567,0.19418449699878693,0.5809999704360962,0.2410999983549118
YBR211C,YDR174W,0,-4.9543653,0.1941196173429489,0.5809999704360962,0.24120000004768372
YEL066W,YGL073W,0,-4.9547524,0.19405478239059448,0.5809999704360962,0.24130000174045563
YHR175W,YNL294C,0,-4.9548736,0.19398997724056244,0.5809999704360962,0.24140000343322754
YDR498C,YDR393W,0,-4.954948,0.19392523169517517,0.5809999704360962,0.24150000512599945
YDL029W,YKL008C,0,-4.9551096,0.19386053085327148,0.5809999704360962,0.24160000681877136
YNL298W,YCR055C,1,-4.9552655,0.19412942230701447,0.5820000171661377,0.24160000681877136
YNR054C,YIL009C-A,0,-4.95552,0.1940646916627884,0.5820000171661377,0.24169999361038208
YNL078W,YMR235C,0,-4.955774,0.1940000057220459,0.5820000171661377,0.241799995303154
YCR086W,YKL045W,0,-4.956248,0.1939353495836258,0.5820000171661377,0.2418999969959259
YHR143W-A,YJL087C,0,-4.9567122,0.19387075304985046,0.5820000171661377,0.24199999868869781
YOR193W,YKR059W,0,-4.956797,0.19380620121955872,0.5820000171661377,0.24210000038146973
YBR050C,YNR064C,0,-4.9571576,0.19374167919158936,0.5820000171661377,0.24220000207424164
YOL049W,YPL190C,0,-4.9571614,0.19367720186710358,0.5820000171661377,0.24230000376701355
YBR210W,YCR058C,1,-4.957328,0.19394543766975403,0.5830000042915344,0.24230000376701355
YNL298W,YLR312C-B,1,-4.9575934,0.19421349465847015,0.5839999914169312,0.24230000376701355
YOL139C,YDL038C,0,-4.957601,0.1941489428281784,0.5839999914169312,0.24240000545978546
YDR216W,YER054C,0,-4.9582047,0.19408442080020905,0.5839999914169312,0.24250000715255737
YLR433C,YDR369C,0,-4.958653,0.19401992857456207,0.5839999914169312,0.2425999939441681
YAL021C,YOR308C,0,-4.9587164,0.19395549595355988,0.5839999914169312,0.24269999563694
YDR034C-C,YOR343W-A,0,-4.95878,0.19389110803604126,0.5839999914169312,0.24279999732971191
YLR147C,YIL082W-A,0,-4.958923,0.19382674992084503,0.5839999914169312,0.24289999902248383
YPL259C,YGR063C,0,-4.958924,0.19376243650913239,0.5839999914169312,0.24300000071525574
YNL084C,YHR023W,1,-4.9589386,0.19402985274791718,0.5849999785423279,0.24300000071525574
YML061C,YOL102C,0,-4.9589744,0.19396552443504333,0.5849999785423279,0.24310000240802765
YMR164C,YOR332W,0,-4.959211,0.19390122592449188,0.5849999785423279,0.24320000410079956
YER108C,YDR450W,0,-4.9593115,0.193836972117424,0.5849999785423279,0.24330000579357147
YDR201W,YDR486C,0,-4.9594274,0.19377277791500092,0.5849999785423279,0.2433999925851822
YHR188C,YKL176C,0,-4.9594917,0.1937086135149002,0.5849999785423279,0.2434999942779541
YJL024C,YDR424C,0,-4.9595256,0.19364449381828308,0.5849999785423279,0.243599995970726
YKR022C,YML010W,0,-4.960076,0.19358040392398834,0.5849999785423279,0.24369999766349792
YER161C,YOL124C,0,-4.960076,0.19351637363433838,0.5849999785423279,0.24379999935626984
YPR134W,YML033W,0,-4.960102,0.193452388048172,0.5849999785423279,0.24390000104904175
YPR200C,YLR346C,0,-4.96031,0.193388432264328,0.5849999785423279,0.24400000274181366
YCL012W,YNL192W,1,-4.9610066,0.19365498423576355,0.5860000252723694,0.24400000274181366
YLL002W,YBR012W-B,0,-4.961015,0.19359101355075836,0.5860000252723694,0.24410000443458557
YDR298C,YCR081W,0,-4.961186,0.19352708756923676,0.5860000252723694,0.24420000612735748
YGL035C,YHR214C-B,0,-4.9612,0.19346319139003754,0.5860000252723694,0.2442999929189682
YDL100C,YLR264W,0,-4.961325,0.1933993399143219,0.5860000252723694,0.2443999946117401
YNL142W,YER095W,0,-4.9617076,0.19333553314208984,0.5860000252723694,0.24449999630451202
YOL082W,YGL175C,0,-4.961804,0.19327177107334137,0.5860000252723694,0.24459999799728394
YER174C,YPL012W,0,-4.9620786,0.19320803880691528,0.5860000252723694,0.24469999969005585
YBR042C,YGL011C,0,-4.9621434,0.19314436614513397,0.5860000252723694,0.24480000138282776
YLR405W,YOR221C,0,-4.962748,0.19308072328567505,0.5860000252723694,0.24490000307559967
YGL027C,YJR135W-A,0,-4.963045,0.1930171251296997,0.5860000252723694,0.24500000476837158
YGL172W,YNL070W,0,-4.963215,0.19295357167720795,0.5860000252723694,0.2451000064611435
YFL023W,YMR032W,1,-4.963558,0.19321922957897186,0.5870000123977661,0.2451000064611435
YLR248W,YLR234W,0,-4.963737,0.19315564632415771,0.5870000123977661,0.2451999932527542
YHR114W,YMR087W,0,-4.963782,0.19309210777282715,0.5870000123977661,0.24529999494552612
YIL009W,YGL145W,0,-4.9638495,0.19302861392498016,0.5870000123977661,0.24539999663829803
YAR031W,YKL006C-A,0,-4.963865,0.19296514987945557,0.5870000123977661,0.24549999833106995
YCL012W,YDL117W,1,-4.9639106,0.19323036074638367,0.5879999995231628,0.24549999833106995
YMR150C,YBL022C,0,-4.9639277,0.19316688179969788,0.5879999995231628,0.24560000002384186
YHR188C,YDR247W,0,-4.9641104,0.19310344755649567,0.5879999995231628,0.24570000171661377
YPL167C,YMR087W,0,-4.9642997,0.19304005801677704,0.5879999995231628,0.24580000340938568
YOR171C,YOL105C,0,-4.964377,0.1929766982793808,0.5879999995231628,0.2459000051021576
YJL063C,YOL039W,0,-4.964413,0.19291338324546814,0.5879999995231628,0.2460000067949295
YHL002W,YPL043W,0,-4.964435,0.19285011291503906,0.5879999995231628,0.24609999358654022
YBL035C,YCL019W,0,-4.9647574,0.19278688728809357,0.5879999995231628,0.24619999527931213
YFR019W,YPR133C,0,-4.964782,0.19272369146347046,0.5879999995231628,0.24629999697208405
YNL020C,YCR055C,1,-4.964911,0.19298820197582245,0.5889999866485596,0.24629999697208405
YDR087C,YFL037W,0,-4.9656696,0.19292499125003815,0.5889999866485596,0.24639999866485596
YKR090W,YKL034W,0,-4.9657483,0.19286182522773743,0.5889999866485596,0.24650000035762787
YJL072C,YDL058W,0,-4.965777,0.1927986890077591,0.5889999866485596,0.24660000205039978
YJR070C,YBR111W-A,0,-4.965933,0.19273559749126434,0.5889999866485596,0.2467000037431717
YDR439W,YPL152W,0,-4.965989,0.19267255067825317,0.5889999866485596,0.2468000054359436
YIL037C,YML045W,0,-4.9659934,0.19260954856872559,0.5889999866485596,0.24690000712871552
YAL021C,YDR065W,0,-4.966474,0.19254659116268158,0.5889999866485596,0.24699999392032623
YDL088C,YNL251C,0,-4.9664865,0.19248366355895996,0.5889999866485596,0.24709999561309814
YHR186C,YKL019W,0,-4.966537,0.19242078065872192,0.5889999866485596,0.24719999730587006
YJL050W,YML032C,0,-4.9665794,0.19235794246196747,0.5889999866485596,0.24729999899864197
YMR101C,YLR005W,0,-4.967053,0.1922951340675354,0.5889999866485596,0.24740000069141388
YOL045W,YOL102C,0,-4.9671206,0.19223237037658691,0.5889999866485596,0.2475000023841858
YFR024C,YNL131W,0,-4.967216,0.192169651389122,0.5889999866485596,0.2476000040769577
YKL053C-A,YMR134W,0,-4.967283,0.19210697710514069,0.5889999866485596,0.24770000576972961
YMR219W,YDR108W,0,-4.9672856,0.19204434752464294,0.5889999866485596,0.24779999256134033
YJL184W,YEL034W,0,-4.9675927,0.1919817477464676,0.5889999866485596,0.24789999425411224
YCL059C,YPR162C,0,-4.9676156,0.19191919267177582,0.5889999866485596,0.24799999594688416
YOL115W,YDL244W,0,-4.967757,0.19185668230056763,0.5889999866485596,0.24809999763965607
YDR376W,YGR118W,0,-4.9680843,0.19179420173168182,0.5889999866485596,0.24819999933242798
YCL014W,YHR135C,1,-4.9682965,0.1920572966337204,0.5899999737739563,0.24819999933242798
YGL200C,YKR020W,0,-4.968321,0.1919947862625122,0.5899999737739563,0.2483000010251999
YNL101W,YKL019W,0,-4.968409,0.1919323354959488,0.5899999737739563,0.2484000027179718
YPL137C,YCL020W,0,-4.9684763,0.19186991453170776,0.5899999737739563,0.2485000044107437
YMR043W,YOR346W,0,-4.9688315,0.19180753827095032,0.5899999737739563,0.24860000610351562
YGR261C,YFR024C,0,-4.968948,0.19174520671367645,0.5899999737739563,0.24869999289512634
YDL244W,YGR144W,0,-4.9690075,0.19168290495872498,0.5899999737739563,0.24879999458789825
YPR165W,YNL206C,0,-4.969064,0.19162066280841827,0.5899999737739563,0.24889999628067017
YCR002C,YHR135C,1,-4.969311,0.1918831169605255,0.5910000205039978,0.24889999628067017
YOR232W,YPR018W,0,-4.96953,0.19182083010673523,0.5910000205039978,0.24899999797344208
YOR269W,YNL025C,0,-4.9696016,0.19175860285758972,0.5910000205039978,0.249099999666214
YMR053C,YLR157C-B,0,-4.9696765,0.1916964054107666,0.5910000205039978,0.2492000013589859
YPL100W,YCL066W,0,-4.96969,0.19163423776626587,0.5910000205039978,0.2493000030517578
YKL079W,YLR417W,0,-4.9703507,0.1915721297264099,0.5910000205039978,0.24940000474452972
YNL268W,YGR104C,0,-4.9704466,0.19151005148887634,0.5910000205039978,0.24950000643730164
YML008C,YHR005C-A,0,-4.970902,0.19144800305366516,0.5910000205039978,0.24959999322891235
YOR257W,YBR095C,0,-4.971125,0.19138601422309875,0.5910000205039978,0.24969999492168427
YNL258C,YGR276C,0,-4.9712653,0.19132405519485474,0.5910000205039978,0.24979999661445618
YMR312W,YDR153C,0,-4.9713163,0.1912621408700943,0.5910000205039978,0.2498999983072281
YPR017C,YDL232W,0,-4.9717183,0.19120025634765625,0.5910000205039978,0.25
YMR264W,YDR160W,0,-4.971849,0.19113841652870178,0.5910000205039978,0.2500999867916107
YHR148W,YMR231W,0,-4.971893,0.1910766214132309,0.5910000205039978,0.2502000033855438
YCR048W,YLR263W,0,-4.9719195,0.1910148710012436,0.5910000205039978,0.25029999017715454
YDR208W,YLR321C,0,-4.9719257,0.19095315039157867,0.5910000205039978,0.25040000677108765
YLR207W,YHR039C-B,0,-4.971951,0.19089147448539734,0.5910000205039978,0.25049999356269836
YDR456W,YNL257C,0,-4.9720883,0.1908298283815384,0.5910000205039978,0.25060001015663147
YIL079C,YMR164C,0,-4.972297,0.19076824188232422,0.5910000205039978,0.2506999969482422
YOR319W,YBR253W,0,-4.972421,0.19070668518543243,0.5910000205039978,0.2508000135421753
YCL012W,YOL113W,1,-4.9724884,0.19096773862838745,0.5920000076293945,0.2508000135421753
YCL014W,YLR337W,1,-4.9727855,0.19122864305973053,0.5929999947547913,0.2508000135421753
YOL009C,YPL016W,0,-4.9729767,0.1911669820547104,0.5929999947547913,0.250900000333786
YKR048C,YKR101W,0,-4.9730005,0.19110538065433502,0.5929999947547913,0.25099998712539673
YGL163C,YCR080W,0,-4.9731364,0.19104380905628204,0.5929999947547913,0.25110000371932983
YCR065W,YIL072W,0,-4.9732537,0.19098228216171265,0.5929999947547913,0.25119999051094055
YKR095W,YGL058W,0,-4.973374,0.19092079997062683,0.5929999947547913,0.25130000710487366
YGL020C,YPR137W,0,-4.97375,0.1908593475818634,0.5929999947547913,0.2513999938964844
YIL079C,YDR261C-D,0,-4.9740143,0.19079793989658356,0.5929999947547913,0.2515000104904175
YPR120C,YLR320W,0,-4.9741015,0.1907365769147873,0.5929999947547913,0.2515999972820282
YHR015W,YLR022C,0,-4.974137,0.19067524373531342,0.5929999947547913,0.2517000138759613
YNL020C,YNL084C,1,-4.9743476,0.1909353882074356,0.593999981880188,0.2517000138759613
YPL008W,YPR037C,0,-4.974498,0.19087404012680054,0.593999981880188,0.251800000667572
YOL145C,YIL117C,0,-4.974862,0.19081272184848785,0.593999981880188,0.25189998745918274
YKR079C,YOR060C,0,-4.9749656,0.19075144827365875,0.593999981880188,0.25200000405311584
YNL250W,YBR231C,0,-4.975687,0.19069020450115204,0.593999981880188,0.25209999084472656
YLR353W,YDL117W,1,-4.975736,0.1909499317407608,0.5950000286102295,0.25209999084472656
YBR049C,YDL042C,0,-4.9762664,0.1908886730670929,0.5950000286102295,0.25220000743865967
YKR002W,YBR061C,0,-4.9763894,0.19082745909690857,0.5950000286102295,0.2522999942302704
YPR162C,YDR087C,0,-4.9764934,0.19076627492904663,0.5950000286102295,0.2524000108242035
YNL206C,YNR006W,0,-4.9765143,0.19070513546466827,0.5950000286102295,0.2524999976158142
YCR027C,YBR240C,0,-4.976582,0.1906440258026123,0.5950000286102295,0.2526000142097473
YLR303W,YFL037W,0,-4.977134,0.19058296084403992,0.5950000286102295,0.25270000100135803
YMR014W,YNR067C,1,-4.9772615,0.1908421367406845,0.5960000157356262,0.25270000100135803
YMR266W,YJR102C,0,-4.9772763,0.19078105688095093,0.5960000157356262,0.25279998779296875
YOL144W,YBR012W-B,0,-4.9776278,0.19072000682353973,0.5960000157356262,0.25290000438690186
YNL230C,YBR218C,0,-4.9778037,0.19065898656845093,0.5960000157356262,0.2529999911785126
YGR040W,YFR048W,0,-4.978044,0.1905980110168457,0.5960000157356262,0.2531000077724457
YOR123C,YMR026C,0,-4.9788685,0.19053708016872406,0.5960000157356262,0.2531999945640564
YPL060W,YER106W,0,-4.9791303,0.190476194024086,0.5960000157356262,0.2533000111579895
YLR117C,YLR157C-B,0,-4.979135,0.19041533768177032,0.5960000157356262,0.2533999979496002
YIL098C,YBR185C,0,-4.979304,0.19035452604293823,0.5960000157356262,0.2535000145435333
YDL197C,YPR158C-D,0,-4.979677,0.19029374420642853,0.5960000157356262,0.25360000133514404
YCR098C,YLR002C,0,-4.979763,0.1902330070734024,0.5960000157356262,0.25369998812675476
YFL024C,YDR281C,0,-4.9797807,0.19017229974269867,0.5960000157356262,0.25380000472068787
YCR009C,YDL225W,1,-4.9798346,0.1904306262731552,0.597000002861023,0.25380000472068787
YAL026C,YLL056C,0,-4.979918,0.19036990404129028,0.597000002861023,0.2538999915122986
YDL028C,YER138C,0,-4.9799476,0.19030921161174774,0.597000002861023,0.2540000081062317
YLL002W,YOR060C,0,-4.9801,0.19024856388568878,0.597000002861023,0.2540999948978424
YMR076C,YNL202W,0,-4.980552,0.1901879608631134,0.597000002861023,0.2542000114917755
YCR048W,YPL122C,0,-4.980574,0.1901273876428604,0.597000002861023,0.25429999828338623
YJL021C,YDR281C,0,-4.9808273,0.190066859126091,0.597000002861023,0.25440001487731934
YPR164W,YMR134W,0,-4.980945,0.19000636041164398,0.597000002861023,0.25450000166893005
YDR159W,YIL073C,0,-4.980984,0.18994590640068054,0.597000002861023,0.25459998846054077
YGL246C,YLL002W,0,-4.9810963,0.18988549709320068,0.597000002861023,0.2547000050544739
YER019W,YDR013W,0,-4.9812064,0.1898251175880432,0.597000002861023,0.2547999918460846
YKL139W,YIL026C,0,-4.981286,0.18976478278636932,0.597000002861023,0.2549000084400177
YDR477W,YAL047C,0,-4.9815717,0.18970447778701782,0.597000002861023,0.2549999952316284
YBL084C,YNL088W,0,-4.9817243,0.1896442174911499,0.597000002861023,0.2551000118255615
YMR137C,YGR161C-D,0,-4.9817853,0.18958400189876556,0.597000002861023,0.25519999861717224
YCR020W-B,YOR172W,0,-4.9823194,0.1895238161087036,0.597000002861023,0.25529998540878296
YJR076C,YCR055C,1,-4.98235,0.18978102505207062,0.5979999899864197,0.25529998540878296
YKL117W,YJL054W,0,-4.9825635,0.18972080945968628,0.5979999899864197,0.25540000200271606
YGR091W,YJL121C,0,-4.982623,0.18966063857078552,0.5979999899864197,0.2554999887943268
YHR091C,YDR086C,0,-4.982949,0.18960051238536835,0.5979999899864197,0.2556000053882599
YHL006C,YIL056W,0,-4.983007,0.18954041600227356,0.5979999899864197,0.2556999921798706
YOR188W,YJR068W,0,-4.9830527,0.18948034942150116,0.5979999899864197,0.2558000087738037
YNL280C,YFR024C-A,0,-4.9834275,0.18942034244537354,0.5979999899864197,0.25589999556541443
YCR002C,YCR055C,1,-4.9835463,0.18967701494693756,0.5989999771118164,0.25589999556541443
YCR002C,YCR058C,1,-4.9835463,0.18993352353572845,0.6000000238418579,0.25589999556541443
YPL006W,YIL082W-A,0,-4.9835715,0.18987341225147247,0.6000000238418579,0.25600001215934753
YDR261C-D,YGR161W-B,0,-4.9836535,0.18981334567070007,0.6000000238418579,0.25609999895095825
YJR064W,YCL069W,0,-4.9840035,0.18975332379341125,0.6000000238418579,0.25619998574256897
YPL096W,YPR178W,0,-4.984005,0.18969333171844482,0.6000000238418579,0.2563000023365021
YDR137W,YIL080W,0,-4.9840474,0.18963336944580078,0.6000000238418579,0.2563999891281128
YAL053W,YPR006C,0,-4.984236,0.1895734667778015,0.6000000238418579,0.2565000057220459
YHR165C,YOR057W,0,-4.9844766,0.18951357901096344,0.6000000238418579,0.2565999925136566
YBL042C,YCR106W,0,-4.9849315,0.18945373594760895,0.6000000238418579,0.2567000091075897
YDR477W,YER031C,0,-4.9851723,0.18939393758773804,0.6000000238418579,0.25679999589920044
YCL027W,YPL007C,0,-4.9852085,0.18933416903018951,0.6000000238418579,0.25690001249313354
YOR211C,YOL103W-B,0,-4.9852796,0.18927444517612457,0.6000000238418579,0.25699999928474426
YJR084W,YOR144C,0,-4.985861,0.1892147660255432,0.6000000238418579,0.257099986076355
YGL175C,YDR165W,0,-4.98589,0.18915510177612305,0.6000000238418579,0.2572000026702881
YCL055W,YKR002W,0,-4.985943,0.18909549713134766,0.6000000238418579,0.2572999894618988
YDR361C,YIL030C,0,-4.985961,0.18903592228889465,0.6000000238418579,0.2574000060558319
YDR310C,YNR047W,0,-4.9860377,0.18897637724876404,0.6000000238418579,0.2574999928474426
YFL011W-A,YNR026C,0,-4.9861465,0.188916876912117,0.6000000238418579,0.25760000944137573
YIL036W,YAL056W,0,-4.986193,0.18885740637779236,0.6000000238418579,0.25769999623298645
YGR222W,YKL175W,0,-4.9863033,0.1887979805469513,0.6000000238418579,0.25780001282691956
YLR186W,YDL140C,0,-4.9863205,0.1887385994195938,0.6000000238418579,0.2578999996185303
YNL166C,YPL242C,1,-4.9863515,0.18899370729923248,0.6010000109672546,0.2578999996185303
YJR140C,YMR060C,0,-4.9864564,0.1889342963695526,0.6010000109672546,0.257999986410141
YOL054W,YML040W,0,-4.986463,0.18887491524219513,0.6010000109672546,0.2581000030040741
YBR296C,YOR230W,0,-4.9869785,0.18881557881832123,0.6010000109672546,0.2581999897956848
YIL009C-A,YLR448W,0,-4.987372,0.1887562870979309,0.6010000109672546,0.2583000063896179
YER016W,YDR177W,0,-4.987432,0.18869701027870178,0.6010000109672546,0.25839999318122864
YBR015C,YMR314W,0,-4.9879575,0.18863779306411743,0.6010000109672546,0.25850000977516174
YMR312W,YEL057C,0,-4.987975,0.18857860565185547,0.6010000109672546,0.25859999656677246
YLR114C,YFR024C,0,-4.988156,0.1885194480419159,0.6010000109672546,0.25870001316070557
YLR145W,YJR110W,0,-4.9881606,0.1884603351354599,0.6010000109672546,0.2587999999523163
YMR305C,YBL100W-B,0,-4.988186,0.1884012520313263,0.6010000109672546,0.258899986743927
YMR052W,YDR018C,0,-4.988362,0.18834221363067627,0.6010000109672546,0.2590000033378601
YDL117W,YDR129C,1,-4.988965,0.18859648704528809,0.6019999980926514,0.2590000033378601
YGL205W,YPL033C,0,-4.9890456,0.18853741884231567,0.6019999980926514,0.2590999901294708
YFL011W-A,YOL026C,0,-4.9892645,0.18847839534282684,0.6019999980926514,0.25920000672340393
YBR079C,YBL100W-B,0,-4.989677,0.1884194016456604,0.6019999980926514,0.25929999351501465
YHR169W,YJR027W,0,-4.9898305,0.18836045265197754,0.6019999980926514,0.25940001010894775
YMR033W,YER114C,0,-4.990172,0.18830153346061707,0.6019999980926514,0.25949999690055847
YAL042W,YOR232W,0,-4.990239,0.18824265897274017,0.6019999980926514,0.2596000134944916
YDR081C,YDR002W,0,-4.990353,0.18818381428718567,0.6019999980926514,0.2597000002861023
YGR152C,YLR337W,1,-4.990434,0.18843750655651093,0.6029999852180481,0.2597000002861023
YGR179C,YER075C,0,-4.9905972,0.18837863206863403,0.6029999852180481,0.259799987077713
YDL045C,YDR265W,0,-4.990754,0.18831980228424072,0.6029999852180481,0.2599000036716461
YAR002W,YBR077C,0,-4.990786,0.1882610023021698,0.6029999852180481,0.25999999046325684
YDR345C,YPR046W,0,-4.990888,0.18820224702358246,0.6029999852180481,0.26010000705718994
YGL070C,YGR038C-A,0,-4.9912133,0.1881435215473175,0.6029999852180481,0.26019999384880066
YAR007C,YDR393W,0,-4.9914756,0.18808484077453613,0.6029999852180481,0.26030001044273376
YHR191C,YOL001W,0,-4.9922547,0.18802618980407715,0.6029999852180481,0.2603999972343445
YNL282W,YKL212W,0,-4.9923053,0.18796758353710175,0.6029999852180481,0.2605000138282776
YBL069W,YLR067C,0,-4.992398,0.18790900707244873,0.6029999852180481,0.2606000006198883
YGR186W,YJL059W,0,-4.9925504,0.1878504604101181,0.6029999852180481,0.260699987411499
YLR220W,YMR234W,0,-4.9926276,0.18779195845127106,0.6029999852180481,0.26080000400543213
YLR097C,YLR262C,0,-4.992663,0.1877335011959076,0.6029999852180481,0.26089999079704285
YOR109W,YLL002W,0,-4.99281,0.18767507374286652,0.6029999852180481,0.26100000739097595
YJL085W,YLR337W,1,-4.9931073,0.18792781233787537,0.6039999723434448,0.26100000739097595
YJL191W,YDR261W-A,0,-4.993171,0.1878693550825119,0.6039999723434448,0.26109999418258667
YJL184W,YDL216C,0,-4.993256,0.18781094253063202,0.6039999723434448,0.2612000107765198
YJL093C,YJL113W,0,-4.9933567,0.18775255978107452,0.6039999723434448,0.2612999975681305
YPL121C,YDR356W,0,-4.993589,0.1876942217350006,0.6039999723434448,0.2614000141620636
YNR056C,YBL005W-A,0,-4.9936223,0.18763591349124908,0.6039999723434448,0.2615000009536743
YNL166C,YLR084C,1,-4.99377,0.18788820505142212,0.6050000190734863,0.2615000009536743
YDL099W,YAL010C,0,-4.993859,0.1878298670053482,0.6050000190734863,0.26159998774528503
YJR092W,YBR143C,1,-4.9939,0.18808193504810333,0.6060000061988831,0.26159998774528503
YER108C,YEL051W,0,-4.993901,0.18802358210086823,0.6060000061988831,0.26170000433921814
YNL030W,YER151C,0,-4.994153,0.1879652589559555,0.6060000061988831,0.26179999113082886
YCR088W,YML013W,0,-4.9941607,0.18790698051452637,0.6060000061988831,0.26190000772476196
YPR135W,YNL098C,0,-4.9941635,0.18784873187541962,0.6060000061988831,0.2619999945163727
YKR007W,YHR143W-A,0,-4.994192,0.18779051303863525,0.6060000061988831,0.2621000111103058
YDL154W,YIL076W,0,-4.9944468,0.18773233890533447,0.6060000061988831,0.2621999979019165
YKR009C,YAL047C,0,-4.994447,0.18767420947551727,0.6060000061988831,0.2623000144958496
YFL018C,YML039W,0,-4.9949327,0.18761609494686127,0.6060000061988831,0.2624000012874603
YOR301W,YLL021W,1,-4.9952073,0.18786753714084625,0.6069999933242798,0.2624000012874603
YGR086C,YLR346C,0,-4.9952602,0.18780940771102905,0.6069999933242798,0.26249998807907104
YNL166C,YCR055C,1,-4.9954247,0.18806062638759613,0.6079999804496765,0.26249998807907104
YLR328W,YNL299W,0,-4.9955664,0.18800246715545654,0.6079999804496765,0.26260000467300415
YER082C,YDR027C,0,-4.9956083,0.18794435262680054,0.6079999804496765,0.26269999146461487
YFL004W,YNL054W-A,0,-4.9956117,0.1878862828016281,0.6079999804496765,0.262800008058548
YBR041W,YOR332W,0,-4.9956117,0.18782824277877808,0.6079999804496765,0.2628999948501587
YCL060C,YOL069W,0,-4.995768,0.18777023255825043,0.6079999804496765,0.2630000114440918
YLR085C,YCL019W,0,-4.995917,0.18771225214004517,0.6079999804496765,0.2630999982357025
YPL221W,YLR006C,0,-4.9959984,0.1876543164253235,0.6079999804496765,0.2632000148296356
YBL058W,YDL052C,0,-4.9960732,0.1875964254140854,0.6079999804496765,0.26330000162124634
YOR193W,YNL151C,0,-4.996136,0.18753854930400848,0.6079999804496765,0.26339998841285706
YKL214C,YOR172W,0,-4.996268,0.18748073279857635,0.6079999804496765,0.26350000500679016
YHR059W,YJL204C,0,-4.996323,0.18742293119430542,0.6079999804496765,0.2635999917984009
YNL327W,YGL106W,1,-4.9965796,0.18767334520816803,0.609000027179718,0.2635999917984009
YJR092W,YPL242C,1,-4.9966273,0.1879235953092575,0.6100000143051147,0.2635999917984009
YML062C,YEL065W,0,-4.9967294,0.1878657191991806,0.6100000143051147,0.263700008392334
YKL032C,YIL149C,0,-4.996755,0.18780788779258728,0.6100000143051147,0.2637999951839447
YKL172W,YBR231C,0,-4.9972153,0.18775007128715515,0.6100000143051147,0.2639000117778778
YKL212W,YOR129C,0,-4.9972644,0.1876923143863678,0.6100000143051147,0.2639999985694885
YDR518W,YAL022C,0,-4.9976163,0.18763457238674164,0.6100000143051147,0.26409998536109924
YBR020W,YFL002W-B,0,-4.9979005,0.18757687509059906,0.6100000143051147,0.26420000195503235
YGL119W,YKL051W,0,-4.997993,0.18751920759677887,0.6100000143051147,0.26429998874664307
YMR162C,YOR142W-B,0,-4.998172,0.18746158480644226,0.6100000143051147,0.26440000534057617
YOR147W,YML045W,0,-4.998538,0.18740399181842804,0.6100000143051147,0.2644999921321869
YDL231C,YNL161W,0,-4.9986486,0.1873464435338974,0.6100000143051147,0.26460000872612
YKR090W,YNR039C,0,-4.998657,0.18728891015052795,0.6100000143051147,0.2646999955177307
YDR302W,YKR048C,0,-4.9986773,0.18723143637180328,0.6100000143051147,0.2648000121116638
YDR108W,YGR085C,0,-4.9986815,0.1871739774942398,0.6100000143051147,0.26489999890327454
YMR073C,YIL119C,0,-4.998795,0.1871165633201599,0.6100000143051147,0.26499998569488525
YDR363W,YMR134W,0,-4.9988265,0.1870591789484024,0.6100000143051147,0.26510000228881836
YDL198C,YPL244C,0,-4.9990907,0.18700183928012848,0.6100000143051147,0.2651999890804291
YKL029C,YBL055C,0,-4.999189,0.18694452941417694,0.6100000143051147,0.2653000056743622
YLR314C,YDR420W,1,-4.999191,0.1871936321258545,0.6110000014305115,0.2653000056743622
YFR028C,YOL103W-A,0,-4.9995275,0.18713629245758057,0.6110000014305115,0.2653999924659729
YAR002C-A,YJR118C,0,-4.9995627,0.18707899749279022,0.6110000014305115,0.265500009059906
YGL167C,YLR009W,0,-4.9996448,0.18702173233032227,0.6110000014305115,0.2655999958515167
YPL161C,YLL009C,0,-4.999738,0.1869644969701767,0.6110000014305115,0.26570001244544983
YPR154W,YOR142W-A,0,-5.0000696,0.1869073063135147,0.6110000014305115,0.26579999923706055
YLR411W,YNL111C,0,-5.0000806,0.1868501454591751,0.6110000014305115,0.26589998602867126
YNR072W,YDR207C,0,-5.000172,0.1867930293083191,0.6110000014305115,0.26600000262260437
YOR191W,YGL162W,0,-5.000189,0.18673594295978546,0.6110000014305115,0.2660999894142151
YDL069C,YDR021W,0,-5.0001917,0.18667888641357422,0.6110000014305115,0.2662000060081482
YPR154W,YDR210C-D,0,-5.0002203,0.18662187457084656,0.6110000014305115,0.2662999927997589
YDR037W,YML103C,0,-5.000254,0.18656489253044128,0.6110000014305115,0.266400009393692
YFL048C,YGL257C,0,-5.000323,0.1865079402923584,0.6110000014305115,0.26649999618530273
YDL004W,YJL156C,0,-5.0003514,0.1864510178565979,0.6110000014305115,0.26660001277923584
YDR163W,YIR010W,0,-5.000603,0.18639414012432098,0.6110000014305115,0.26669999957084656
YNL259C,YGL200C,0,-5.000932,0.18633729219436646,0.6110000014305115,0.2667999863624573
YDR446W,YDR086C,0,-5.001208,0.1862804889678955,0.6110000014305115,0.2669000029563904
YGL119W,YHR005C,0,-5.0013814,0.18622371554374695,0.6110000014305115,0.2669999897480011
YPL061W,YMR301C,0,-5.001447,0.18616697192192078,0.6110000014305115,0.2671000063419342
YAL010C,YDR316W-B,0,-5.0016356,0.186110258102417,0.6110000014305115,0.2671999931335449
YLR007W,YKR020W,0,-5.0016847,0.1860535889863968,0.6110000014305115,0.267300009727478
YDR173C,YER051W,0,-5.0020766,0.18599694967269897,0.6110000014305115,0.26739999651908875
YER174C,YDR145W,0,-5.0021253,0.18594035506248474,0.6110000014305115,0.26750001311302185
YJL069C,YIL080W,0,-5.0021434,0.1858837902545929,0.6110000014305115,0.26759999990463257
YLR391W,YJL191W,0,-5.002181,0.18582725524902344,0.6110000014305115,0.2676999866962433
YNL267W,YOL113W,1,-5.0024123,0.18607479333877563,0.6119999885559082,0.2676999866962433
YBL005W,YDR457W,0,-5.0030704,0.18601824343204498,0.6119999885559082,0.2678000032901764
YHR200W,YJL054W,0,-5.003227,0.18596170842647552,0.6119999885559082,0.2678999900817871
YBL105C,YDL170W,0,-5.003244,0.18590521812438965,0.6119999885559082,0.2680000066757202
YBR073W,YDL235C,0,-5.0032687,0.18584877252578735,0.6119999885559082,0.26809999346733093
YKR057W,YOR008C-A,0,-5.0033126,0.18579235672950745,0.6119999885559082,0.26820001006126404
YHR005C,YER019C-A,0,-5.003382,0.18573597073554993,0.6119999885559082,0.26829999685287476
YNL110C,YOL113W,1,-5.0034018,0.18598301708698273,0.6129999756813049,0.26829999685287476
YIR004W,YNL030W,0,-5.0037117,0.18592660129070282,0.6129999756813049,0.26840001344680786
YBR077C,YGR038C-B,0,-5.003985,0.1858702301979065,0.6129999756813049,0.2685000002384186
YLR256W,YBL005W-A,0,-5.0039864,0.18581388890743256,0.6129999756813049,0.2685999870300293
YPR120C,YDR210W-B,0,-5.004256,0.185757577419281,0.6129999756813049,0.2687000036239624
YPL051W,YLR009W,0,-5.004309,0.18570129573345184,0.6129999756813049,0.2687999904155731
YNL068C,YBR205W,0,-5.004462,0.18564505875110626,0.6129999756813049,0.2689000070095062
YLR238W,YJR144W,0,-5.004535,0.18558885157108307,0.6129999756813049,0.26899999380111694
YBR110W,YMR183C,0,-5.0046716,0.18553268909454346,0.6129999756813049,0.26910001039505005
YDL039C,YBL005W-A,0,-5.004779,0.18547655642032623,0.6129999756813049,0.26919999718666077
YLR109W,YOR182C,0,-5.0048413,0.1854204535484314,0.6129999756813049,0.26930001378059387
YDL175C,YBL040C,0,-5.005075,0.18536438047885895,0.6129999756813049,0.2694000005722046
YDR376W,YLR085C,0,-5.0052395,0.1853083372116089,0.6129999756813049,0.2694999873638153
YDL035C,YLR384C,0,-5.0052843,0.1852523386478424,0.6129999756813049,0.2696000039577484
YKR002W,YOR142W-A,0,-5.005732,0.18519636988639832,0.6129999756813049,0.26969999074935913
YJL141C,YOR142W-B,0,-5.0057626,0.1851404458284378,0.6129999756813049,0.26980000734329224
YMR218C,YMR243C,0,-5.0058575,0.1850845366716385,0.6129999756813049,0.26989999413490295
YNL259C,YDL142C,0,-5.0059204,0.18502867221832275,0.6129999756813049,0.27000001072883606
YML095C,YGL095C,0,-5.0059443,0.1849728375673294,0.6129999756813049,0.2700999975204468
YFL039C,YNR067C,1,-5.005947,0.1852187067270279,0.6140000224113464,0.2700999975204468
YPL200W,YIL014W,0,-5.006004,0.18516284227371216,0.6140000224113464,0.2702000141143799
YHR188C,YCL062W,0,-5.0060735,0.18510702252388,0.6140000224113464,0.2703000009059906
YGR217W,YBR221C,0,-5.006198,0.18505123257637024,0.6140000224113464,0.2703999876976013
YIL139C,YOR076C,0,-5.006217,0.18499548733234406,0.6140000224113464,0.2705000042915344
YHR061C,YBL061C,1,-5.006326,0.1852409690618515,0.6150000095367432,0.2705000042915344
YLR008C,YNL264C,0,-5.006371,0.18518517911434174,0.6150000095367432,0.27059999108314514
YGL012W,YIL075C,0,-5.0065513,0.18512943387031555,0.6150000095367432,0.27070000767707825
YNL101W,YOR140W,0,-5.0065613,0.18507373332977295,0.6150000095367432,0.27079999446868896
YER169W,YPL257W-B,0,-5.006666,0.18501804769039154,0.6150000095367432,0.27090001106262207
YKR059W,YDR135C,0,-5.007681,0.1849624067544937,0.6150000095367432,0.2709999978542328
YJL024C,YDL081C,0,-5.007687,0.18490679562091827,0.6150000095367432,0.2711000144481659
YMR101C,YPL257W-B,0,-5.007892,0.18485121428966522,0.6150000095367432,0.2712000012397766
YAL031C,YIL029C,0,-5.007948,0.18479567766189575,0.6150000095367432,0.27129998803138733
YLR350W,YBL005W-A,0,-5.008431,0.18474015593528748,0.6150000095367432,0.27140000462532043
YJL081C,YOR371C,0,-5.0085545,0.18468467891216278,0.6150000095367432,0.27149999141693115
YDR388W,YLR312C-B,1,-5.0088058,0.18492944538593292,0.6159999966621399,0.27149999141693115
YER087C-B,YKR020W,0,-5.008937,0.18487395346164703,0.6159999966621399,0.27160000801086426
YER038C,YIR021W,0,-5.0089965,0.18481847643852234,0.6159999966621399,0.271699994802475
YPR103W,YOR087W,0,-5.0091662,0.18476304411888123,0.6159999966621399,0.2718000113964081
YNL059C,YCR040W,0,-5.0091896,0.1847076416015625,0.6159999966621399,0.2718999981880188
YPL139C,YGR038C-A,0,-5.0095596,0.18465228378772736,0.6159999966621399,0.2720000147819519
YIL154C,YNL213C,0,-5.009747,0.1845969408750534,0.6159999966621399,0.2721000015735626
YNL327W,YCR055C,1,-5.009766,0.18484121561050415,0.6169999837875366,0.2721000015735626
YNL327W,YCR058C,1,-5.009766,0.18508535623550415,0.6179999709129333,0.2721000015735626
YMR276W,YJR063W,0,-5.0098248,0.18502993881702423,0.6179999709129333,0.27219998836517334
YOR005C,YDR490C,0,-5.0102515,0.1849745512008667,0.6179999709129333,0.27230000495910645
YGL200C,YDR002W,0,-5.0104346,0.18491920828819275,0.6179999709129333,0.27239999175071716
YDL085W,YDR316W-B,0,-5.010449,0.1848638951778412,0.6179999709129333,0.27250000834465027
YNR056C,YLR391W,0,-5.0110984,0.184808611869812,0.6179999709129333,0.272599995136261
YMR184W,YML127W,0,-5.011136,0.18475335836410522,0.6179999709129333,0.2727000117301941
YPR008W,YOR008C,0,-5.0112853,0.18469814956188202,0.6179999709129333,0.2727999985218048
YLR007W,YOR193W,0,-5.0114365,0.1846429705619812,0.6179999709129333,0.2728999853134155
YBR210W,YNL110C,1,-5.0114436,0.18488650023937225,0.6190000176429749,0.2728999853134155
YPL051W,YER162C,0,-5.0114803,0.18483129143714905,0.6190000176429749,0.27300000190734863
YJR076C,YLR084C,1,-5.0114956,0.18507462739944458,0.6200000047683716,0.27300000190734863
YOR250C,YDL052C,0,-5.011553,0.18501940369606018,0.6200000047683716,0.27309998869895935
YNL085W,YPR158C-D,0,-5.0116725,0.18496419489383698,0.6200000047683716,0.27320000529289246
YBR081C,YOR344C,0,-5.0117507,0.18490903079509735,0.6200000047683716,0.2732999920845032
YNR056C,YDR040C,0,-5.0118484,0.1848539113998413,0.6200000047683716,0.2734000086784363
YBR073W,YDL195W,0,-5.0123563,0.18479880690574646,0.6200000047683716,0.273499995470047
YPL275W,YCR102C,0,-5.0123706,0.1847437471151352,0.6200000047683716,0.2736000120639801
YMR140W,YOR142W-A,0,-5.012395,0.1846887171268463,0.6200000047683716,0.2736999988555908
YER151C,YHR090C,0,-5.0124593,0.18463371694087982,0.6200000047683716,0.27379998564720154
YEL029C,YCL012W,1,-5.012735,0.1848764568567276,0.6209999918937683,0.27379998564720154
YOL043C,YMR175W,0,-5.0127635,0.18482142686843872,0.6209999918937683,0.27390000224113464
YNL084C,YHR061C,1,-5.012774,0.18506397306919098,0.621999979019165,0.27390000224113464
YDR324C,YPL257W-B,0,-5.012784,0.1850089281797409,0.621999979019165,0.27399998903274536
YGR014W,YOR367W,0,-5.012893,0.18495391309261322,0.621999979019165,0.27410000562667847
YNL062C,YOR048C,0,-5.013067,0.18489892780780792,0.621999979019165,0.2741999924182892
YIL131C,YEL034W,0,-5.013476,0.1848439872264862,0.621999979019165,0.2743000090122223
YOL165C,YJL003W,0,-5.013478,0.18478906154632568,0.621999979019165,0.274399995803833
YOR113W,YPR158C-D,0,-5.0136175,0.18473418056964874,0.621999979019165,0.2745000123977661
YGL238W,YIL037C,0,-5.0136323,0.1846793293952942,0.621999979019165,0.27459999918937683
YOR239W,YDR263C,0,-5.0137944,0.18462452292442322,0.621999979019165,0.27469998598098755
YMR164C,YDR210W-B,0,-5.014257,0.18456973135471344,0.621999979019165,0.27480000257492065
YMR153W,YGR111W,0,-5.014273,0.18451498448848724,0.621999979019165,0.27489998936653137
YML004C,YOR083W,0,-5.0143566,0.18446026742458344,0.621999979019165,0.2750000059604645
YIL077C,YOR343W-B,0,-5.014396,0.18440558016300201,0.621999979019165,0.2750999927520752
YML012W,YER159C-A,0,-5.0145907,0.18435092270374298,0.621999979019165,0.2752000093460083
YHR079C-B,YLR321C,0,-5.014701,0.18429629504680634,0.621999979019165,0.275299996137619
YDR424C,YPR067W,0,-5.015239,0.18424171209335327,0.621999979019165,0.2754000127315521
YGL032C,YBR041W,0,-5.0152917,0.1841871440410614,0.621999979019165,0.27549999952316284
YJL090C,YDR316W-B,0,-5.015536,0.1841326206922531,0.621999979019165,0.27559998631477356
YLR166C,YLR312C-B,1,-5.0155683,0.18437407910823822,0.6230000257492065,0.27559998631477356
YPL042C,YGR161W-A,0,-5.0156193,0.18431952595710754,0.6230000257492065,0.27570000290870667
YMR198W,YMR190C,0,-5.0156665,0.18426501750946045,0.6230000257492065,0.2757999897003174
YDR085C,YDR098C-B,0,-5.015675,0.18421052396297455,0.6230000257492065,0.2759000062942505
YGL019W,YCR065W,0,-5.015686,0.18415607511997223,0.6230000257492065,0.2759999930858612
YNL327W,YDR245W,1,-5.015815,0.1843971610069275,0.6240000128746033,0.2759999930858612
YFL033C,YHR014W,0,-5.0160356,0.18434268236160278,0.6240000128746033,0.2761000096797943
YKL172W,YCL004W,0,-5.016107,0.18428824841976166,0.6240000128746033,0.27619999647140503
YIL030C,YEL051W,0,-5.016121,0.18423382937908173,0.6240000128746033,0.27630001306533813
YBR212W,YDR316W-B,0,-5.016203,0.18417945504188538,0.6240000128746033,0.27639999985694885
YLR234W,YPR158C-D,0,-5.0164256,0.1841251105070114,0.6240000128746033,0.27649998664855957
YJR042W,YPR036W,0,-5.016667,0.18407079577445984,0.6240000128746033,0.2766000032424927
YFL031W,YLL017W,0,-5.016756,0.18401651084423065,0.6240000128746033,0.2766999900341034
YPL021W,YBR020W,0,-5.01695,0.18396227061748505,0.6240000128746033,0.2768000066280365
YLR262C,YDR210C-C,0,-5.017175,0.18390804529190063,0.6240000128746033,0.2768999934196472
YLL043W,YBR123C,0,-5.0174713,0.1838538646697998,0.6240000128746033,0.2770000100135803
YLR309C,YPL257W-B,0,-5.017593,0.18379969894886017,0.6240000128746033,0.27709999680519104
YIR018W,YPR158W-A,0,-5.017926,0.1837455779314041,0.6240000128746033,0.27720001339912415
YLR133W,YBR159W,0,-5.0181193,0.18369148671627045,0.6240000128746033,0.27730000019073486
YGR177C,YDR017C,0,-5.0182796,0.18363744020462036,0.6240000128746033,0.2773999869823456
YMR109W,YCR058C,1,-5.018288,0.1838776171207428,0.625,0.2773999869823456
YDR359C,YER159C-A,0,-5.0183153,0.18382352590560913,0.625,0.2775000035762787
YJL146W,YGL087C,0,-5.018578,0.18376947939395905,0.625,0.2775999903678894
YGR296W,YDR365W-B,0,-5.0185933,0.18371546268463135,0.625,0.2777000069618225
YFL009W,YDR261C-D,0,-5.0189548,0.18366147577762604,0.625,0.2777999937534332
YCR086W,YOL004W,0,-5.0189643,0.18360751867294312,0.625,0.27790001034736633
YBR073W,YHR079C-B,0,-5.018992,0.18355359137058258,0.625,0.27799999713897705
YPL275W,YHR079C-B,0,-5.0191855,0.18349970877170563,0.625,0.27810001373291016
YJL104W,YDR261W-A,0,-5.019205,0.18344584107398987,0.625,0.2782000005245209
YMR011W,YHR034C,0,-5.019414,0.1833920180797577,0.625,0.2782999873161316
YDL002C,YPR137C-B,0,-5.019428,0.1833382248878479,0.625,0.2784000039100647
YDR190C,YBR111W-A,0,-5.019487,0.1832844614982605,0.625,0.2784999907016754
YDL101C,YGR014W,0,-5.019754,0.18323072791099548,0.625,0.2786000072956085
YPL118W,YML131W,0,-5.0198817,0.18317702412605286,0.625,0.27869999408721924
YDR446W,YNL117W,0,-5.019895,0.18312335014343262,0.625,0.27880001068115234
YNR052C,YIR026C,0,-5.020282,0.18306970596313477,0.625,0.27889999747276306
YLR286C,YCR009C,1,-5.0202885,0.1833089292049408,0.6259999871253967,0.27889999747276306
YOL078W,YBR037C,0,-5.020638,0.18325527012348175,0.6259999871253967,0.27900001406669617
YHR068W,YDR251W,0,-5.020657,0.1832016408443451,0.6259999871253967,0.2791000008583069
YFL024C,YBR012W-B,0,-5.02082,0.18314804136753082,0.6259999871253967,0.2791999876499176
YJL121C,YJL109C,0,-5.02087,0.18309447169303894,0.6259999871253967,0.2793000042438507
YOL002C,YFL002W-B,0,-5.020942,0.18304093182086945,0.6259999871253967,0.2793999910354614
YAL032C,YIL084C,0,-5.020971,0.18298743665218353,0.6259999871253967,0.27950000762939453
YPL006W,YOR142W-A,0,-5.0210814,0.1829339563846588,0.6259999871253967,0.27959999442100525
YDR331W,YDR116C,0,-5.021318,0.18288052082061768,0.6259999871253967,0.27970001101493835
YGR217W,YDR365W-B,0,-5.021359,0.18282710015773773,0.6259999871253967,0.2797999978065491
YDR137W,YOR367W,0,-5.021706,0.18277372419834137,0.6259999871253967,0.2799000144004822
YOL069W,YNL032W,0,-5.021773,0.1827203780412674,0.6259999871253967,0.2800000011920929
YDL245C,YGR090W,0,-5.022047,0.1826670616865158,0.6259999871253967,0.2800999879837036
YBR218C,YDL140C,0,-5.0220523,0.1826137751340866,0.6259999871253967,0.2802000045776367
YAR019C,YER008C,1,-5.022238,0.1828521490097046,0.6269999742507935,0.2802000045776367
YMR232W,YGR161C-D,0,-5.0222487,0.182798832654953,0.6269999742507935,0.28029999136924744
YPR171W,YPR137C-B,0,-5.0222626,0.182745561003685,0.6269999742507935,0.28040000796318054
YAR002W,YCL010C,0,-5.0223393,0.18269230425357819,0.6269999742507935,0.28049999475479126
YCR044C,YER159C-A,0,-5.022415,0.18263909220695496,0.6269999742507935,0.28060001134872437
YAR019C,YLR312C-B,1,-5.022458,0.18287710845470428,0.628000020980835,0.28060001134872437
YNL068C,YNL117W,0,-5.022697,0.18282386660575867,0.628000020980835,0.2806999981403351
YGR179C,YER137C-A,0,-5.022763,0.18277066946029663,0.628000020980835,0.2808000147342682
YDR435C,YEL051W,0,-5.0228763,0.1827174872159958,0.628000020980835,0.2809000015258789
YDR052C,YAL035W,0,-5.0229697,0.18266433477401733,0.628000020980835,0.2809999883174896
YCR065W,YKL055C,0,-5.0230026,0.18261122703552246,0.628000020980835,0.28110000491142273
YDR489W,YCR033W,0,-5.023397,0.18255813419818878,0.628000020980835,0.28119999170303345
YOL028C,YGR027W-B,0,-5.0234437,0.18250508606433868,0.628000020980835,0.28130000829696655
YIL016W,YHR214C-B,0,-5.0234456,0.18245206773281097,0.628000020980835,0.28139999508857727
YGR262C,YCR057C,1,-5.0234838,0.18268951773643494,0.6290000081062317,0.28139999508857727
YBR234C,YFL002W-B,0,-5.0235553,0.18263646960258484,0.6290000081062317,0.2815000116825104
YLR423C,YDR098C-A,0,-5.0235963,0.18258345127105713,0.6290000081062317,0.2815999984741211
YMR001C,YDR210C-C,0,-5.0236936,0.1825304627418518,0.6290000081062317,0.2816999852657318
YJL108C,YHR039C-B,0,-5.02379,0.18247751891613007,0.6290000081062317,0.2818000018596649
YPR023C,YOR343W-B,0,-5.024055,0.18242458999156952,0.6290000081062317,0.28189998865127563
YBL093C,YMR046C,0,-5.0240884,0.18237170577049255,0.6290000081062317,0.28200000524520874
YNL225C,YOR304W,0,-5.0242143,0.18231883645057678,0.6290000081062317,0.28209999203681946
YDR065W,YGR038C-A,0,-5.024264,0.1822660118341446,0.6290000081062317,0.28220000863075256
YDL147W,YPR158C-D,0,-5.0245004,0.1822132170200348,0.6290000081062317,0.2822999954223633
YOR260W,YJL207C,0,-5.0245366,0.18216043710708618,0.6290000081062317,0.2824000120162964
YOR181W,YCR058C,1,-5.0245757,0.18239721655845642,0.6299999952316284,0.2824000120162964
YOR181W,YCR055C,1,-5.0245757,0.18263386189937592,0.6309999823570251,0.2824000120162964
YHR148W,YLL017W,0,-5.0245833,0.18258102238178253,0.6309999823570251,0.2824999988079071
YOL012C,YPR042C,0,-5.0247035,0.18252819776535034,0.6309999823570251,0.2825999855995178
YOL082W,YDR316W-B,0,-5.02482,0.18247541785240173,0.6309999823570251,0.2827000021934509
YBR212W,YDR261C-D,0,-5.0248895,0.1824226677417755,0.6309999823570251,0.28279998898506165
YPL156C,YPR158C-D,0,-5.0249305,0.18236994743347168,0.6309999823570251,0.28290000557899475
YGL232W,YNL054W-A,0,-5.0252414,0.18231724202632904,0.6309999823570251,0.28299999237060547
YOR157C,YGR038C-B,0,-5.0253654,0.18226458132266998,0.6309999823570251,0.2831000089645386
YOR078W,YNR064C,0,-5.0253797,0.1822119504213333,0.6309999823570251,0.2831999957561493
YMR012W,YPL262W,0,-5.025472,0.18215934932231903,0.6309999823570251,0.2833000123500824
YFL011W,YGL025C,0,-5.0255947,0.18210677802562714,0.6309999823570251,0.2833999991416931
YJR049C,YLR410W-B,0,-5.0257897,0.18205423653125763,0.6309999823570251,0.28349998593330383
YDL017W,YJR135W-A,0,-5.025806,0.1820017248392105,0.6309999823570251,0.28360000252723694
YCR053W,YCR062W,0,-5.0258503,0.18194924294948578,0.6309999823570251,0.28369998931884766
YNL084C,YGL054C,1,-5.0259013,0.1821850687265396,0.6320000290870667,0.28369998931884766
YJL117W,YPR158W-B,0,-5.0259347,0.1821325719356537,0.6320000290870667,0.28380000591278076
YCR089W,YDR210W-B,0,-5.026038,0.18208009004592896,0.6320000290870667,0.2838999927043915
YGR082W,YER159C-A,0,-5.0260797,0.1820276528596878,0.6320000290870667,0.2840000092983246
YDR082W,YDR316W-B,0,-5.026152,0.18197523057460785,0.6320000290870667,0.2840999960899353
YKL022C,YBR061C,0,-5.0261626,0.18192285299301147,0.6320000290870667,0.2842000126838684
YER133W,YOR106W,0,-5.026197,0.1818705052137375,0.6320000290870667,0.2842999994754791
YFL050C,YKL022C,0,-5.0263243,0.1818181872367859,0.6320000290870667,0.28439998626708984
YLR309C,YDR076W,0,-5.0263314,0.18176588416099548,0.6320000290870667,0.28450000286102295
YPR178W,YDR210W-A,0,-5.0263896,0.18171362578868866,0.6320000290870667,0.28459998965263367
YLR193C,YDR098C-A,0,-5.026587,0.18166139721870422,0.6320000290870667,0.2847000062465668
YLR410W,YDR210W-A,0,-5.0266795,0.18160919845104218,0.6320000290870667,0.2847999930381775
YMR211W,YFL002W-A,0,-5.026815,0.18155702948570251,0.6320000290870667,0.2849000096321106
YCR038C,YLR337C,1,-5.0269246,0.18179208040237427,0.6330000162124634,0.2849000096321106
YBR217W,YLR438C-A,0,-5.0269246,0.18173988163471222,0.6330000162124634,0.2849999964237213
YNL111C,YDR394W,0,-5.0269666,0.18168771266937256,0.6330000162124634,0.2851000130176544
YCL017C,YHR090C,0,-5.027105,0.18163558840751648,0.6330000162124634,0.28519999980926514
YBR186W,YBR171W,0,-5.0271225,0.1815834790468216,0.6330000162124634,0.28529998660087585
YNL241C,YGR161C-D,0,-5.0271974,0.1815313994884491,0.6330000162124634,0.28540000319480896
YLR175W,YEL015W,0,-5.0275464,0.18147936463356018,0.6330000162124634,0.2854999899864197
YNL042W,YOL138C,0,-5.0276113,0.18142734467983246,0.6330000162124634,0.2856000065803528
YBL019W,YBL042C,0,-5.027639,0.18137535452842712,0.6330000162124634,0.2856999933719635
YKR095W,YBR012W-B,0,-5.0277376,0.18132340908050537,0.6330000162124634,0.2858000099658966
YNL008C,YDR210W-B,0,-5.0277767,0.1812714785337448,0.6330000162124634,0.2858999967575073
YML008C,YOL040C,0,-5.027888,0.18121957778930664,0.6330000162124634,0.28600001335144043
YKL129C,YLR337W,1,-5.027906,0.18145392835140228,0.6340000033378601,0.28600001335144043
YNL239W,YJL100W,0,-5.0279756,0.18140199780464172,0.6340000033378601,0.28610000014305115
YNL166C,YLR337W,1,-5.0281434,0.18163615465164185,0.6349999904632568,0.28610000014305115
YDL105W,YHR074W,0,-5.028214,0.1815842092037201,0.6349999904632568,0.28619998693466187
YNR067C,YLR166C,1,-5.028252,0.1818181872367859,0.6359999775886536,0.28619998693466187
YNR074C,YNL310C,0,-5.028271,0.18176621198654175,0.6359999775886536,0.28630000352859497
YJR074W,YPR137C-A,0,-5.0282836,0.1817142814397812,0.6359999775886536,0.2863999903202057
YEL022W,YLL034C,0,-5.028415,0.18166238069534302,0.6359999775886536,0.2865000069141388
YGR186W,YOL103W-A,0,-5.0285006,0.18161050975322723,0.6359999775886536,0.2865999937057495
YGL172W,YLR410W-B,0,-5.028542,0.18155866861343384,0.6359999775886536,0.2867000102996826
YKL004W,YKL205W,0,-5.0285993,0.18150684237480164,0.6359999775886536,0.28679999709129333
YPR057W,YCR033W,0,-5.0290437,0.18145506083965302,0.6359999775886536,0.28690001368522644
YDR424C,YLR316C,0,-5.029289,0.18140330910682678,0.6359999775886536,0.28700000047683716
YAL013W,YMR216C,0,-5.0293365,0.18135158717632294,0.6359999775886536,0.2870999872684479
YGR279C,YCL062W,0,-5.029622,0.18129988014698029,0.6359999775886536,0.287200003862381
YKL028W,YGR161C-D,0,-5.029804,0.18124821782112122,0.6359999775886536,0.2872999906539917
YNL317W,YGR038C-B,0,-5.0298147,0.18119658529758453,0.6359999775886536,0.2874000072479248
YGL049C,YDR316W-A,0,-5.0299077,0.18114496767520905,0.6359999775886536,0.2874999940395355
YNR049C,YDR261C-D,0,-5.029918,0.18109339475631714,0.6359999775886536,0.28760001063346863
YOR297C,YPR158C-D,0,-5.0299287,0.18104185163974762,0.6359999775886536,0.28769999742507935
YBR272C,YML095C,0,-5.029965,0.1809903234243393,0.6359999775886536,0.28780001401901245
YHR205W,YDR098C-B,0,-5.030001,0.18093883991241455,0.6359999775886536,0.28790000081062317
YBR110W,YBR106W,0,-5.0300603,0.180887371301651,0.6359999775886536,0.2879999876022339
YJL008C,YBR030W,0,-5.030092,0.18083593249320984,0.6359999775886536,0.288100004196167
YMR078C,YBR060C,0,-5.030277,0.18078453838825226,0.6359999775886536,0.2881999909877777
YPR144C,YGR027W-B,0,-5.030291,0.18073315918445587,0.6359999775886536,0.2883000075817108
YMR113W,YBR245C,0,-5.030318,0.18068182468414307,0.6359999775886536,0.28839999437332153
YOR080W,YIL063C,0,-5.030461,0.18063050508499146,0.6359999775886536,0.28850001096725464
YGL033W,YBR077C,0,-5.0306797,0.18057921528816223,0.6359999775886536,0.28859999775886536
YCR065W,YKR062W,0,-5.030706,0.1805279552936554,0.6359999775886536,0.28870001435279846
YOL165C,YBR253W,0,-5.0307913,0.18047672510147095,0.6359999775886536,0.2888000011444092
YFR024C,YBR049C,0,-5.0308766,0.1804255247116089,0.6359999775886536,0.2888999879360199
YDL076C,YPR137C-B,0,-5.030984,0.1803743690252304,0.6359999775886536,0.289000004529953
YCL075W,YOR343W-B,0,-5.0310664,0.18032322824001312,0.6359999775886536,0.2890999913215637
YDL198C,YAR009C,0,-5.031382,0.18027210235595703,0.6359999775886536,0.2892000079154968
YER015W,YKR031C,0,-5.0314393,0.18022102117538452,0.6359999775886536,0.28929999470710754
YGL021W,YNL159C,0,-5.0314693,0.1801699697971344,0.6359999775886536,0.28940001130104065
YNL065W,YDR485C,0,-5.031565,0.18011894822120667,0.6359999775886536,0.28949999809265137
YML095C,YFR005C,0,-5.0315833,0.18006795644760132,0.6359999775886536,0.2896000146865845
YDR210W-A,YNL046W,0,-5.0317497,0.18001697957515717,0.6359999775886536,0.2897000014781952
YNL041C,YNL111C,0,-5.0318217,0.1799660474061966,0.6359999775886536,0.2897999882698059
YDR145W,YHL009C,0,-5.0318265,0.17991513013839722,0.6359999775886536,0.289900004863739
YCR073W-A,YER018C,0,-5.0319076,0.17986425757408142,0.6359999775886536,0.28999999165534973
YJR104C,YLR157C-B,0,-5.0319257,0.17981339991092682,0.6359999775886536,0.29010000824928284
YMR250W,YGR161W-B,0,-5.032086,0.1797625720500946,0.6359999775886536,0.29019999504089355
YPL181W,YDR210W-A,0,-5.032474,0.17971178889274597,0.6359999775886536,0.29030001163482666
YGR152C,YLR312C-B,1,-5.032516,0.1799435019493103,0.6370000243186951,0.29030001163482666
YHR115C,YPL188W,0,-5.0327287,0.17989268898963928,0.6370000243186951,0.2903999984264374
YBL014C,YLR035C-A,0,-5.032845,0.17984189093112946,0.6370000243186951,0.2904999852180481
YJL090C,YBR102C,0,-5.032871,0.1797911375761032,0.6370000243186951,0.2906000018119812
YPR201W,YPR158W-A,0,-5.032924,0.17974039912223816,0.6370000243186951,0.2906999886035919
YBR260C,YDL112W,0,-5.0329533,0.1796897053718567,0.6370000243186951,0.290800005197525
YDR437W,YPR158W-B,0,-5.033033,0.1796390265226364,0.6370000243186951,0.29089999198913574
YDR243C,YGR161C-D,0,-5.033089,0.17958837747573853,0.6370000243186951,0.29100000858306885
YDR301W,YDR293C,0,-5.0331264,0.17953777313232422,0.6370000243186951,0.29109999537467957
YDL166C,YDR098C-A,0,-5.0331674,0.1794871836900711,0.6370000243186951,0.29120001196861267
YIL016W,YKL166C,0,-5.0332623,0.17943662405014038,0.6370000243186951,0.2912999987602234
YKL178C,YBL005W-B,0,-5.033363,0.17938609421253204,0.6370000243186951,0.2913999855518341
YJL115W,YLR256W-A,0,-5.0333686,0.1793355792760849,0.6370000243186951,0.2915000021457672
YFL010W-A,YIL029C,0,-5.033401,0.17928510904312134,0.6370000243186951,0.29159998893737793
YKL208W,YKL138C-A,0,-5.0335155,0.17923466861248016,0.6370000243186951,0.29170000553131104
YGR027W-B,YLR301W,0,-5.0337157,0.17918424308300018,0.6370000243186951,0.29179999232292175
YDL031W,YDR316W-B,0,-5.033783,0.17913386225700378,0.6370000243186951,0.29190000891685486
YML023C,YDR316W-B,0,-5.0338087,0.17908349633216858,0.6370000243186951,0.2919999957084656
YDL192W,YOR204W,0,-5.033854,0.17903316020965576,0.6370000243186951,0.2921000123023987
YDL045C,YPL129W,0,-5.0340133,0.17898285388946533,0.6370000243186951,0.2921999990940094
YPL200W,YPL154C,0,-5.0340314,0.1789325773715973,0.6370000243186951,0.2922999858856201
YLR309C,YOR142W-B,0,-5.0341606,0.17888233065605164,0.6370000243186951,0.2924000024795532
YLR007W,YLR009W,0,-5.0341754,0.17883211374282837,0.6370000243186951,0.29249998927116394
YJR031C,YDR365W-B,0,-5.034264,0.1787819266319275,0.6370000243186951,0.29260000586509705
YNL323W,YKL166C,0,-5.034374,0.178731769323349,0.6370000243186951,0.29269999265670776
YPR019W,YOR367W,0,-5.034576,0.1786816269159317,0.6370000243186951,0.29280000925064087
YNL225C,YPL153C,0,-5.034716,0.1786315143108368,0.6370000243186951,0.2928999960422516
YGL252C,YGR038C-A,0,-5.0347195,0.17858144640922546,0.6370000243186951,0.2930000126361847
YDR207C,YIL008W,0,-5.0348883,0.17853139340877533,0.6370000243186951,0.2930999994277954
YER151C,YPR137C-A,0,-5.0349674,0.17848137021064758,0.6370000243186951,0.29319998621940613
YMR220W,YDL098C,0,-5.0350146,0.17843137681484222,0.6370000243186951,0.29330000281333923
YNR031C,YIL022W,0,-5.0350175,0.17838139832019806,0.6370000243186951,0.29339998960494995
YPR122W,YHR023W,1,-5.0350356,0.17861142754554749,0.6380000114440918,0.29339998960494995
YDR345C,YDR386W,0,-5.0351415,0.17856143414974213,0.6380000114440918,0.29350000619888306
YKL034W,YDR316W-A,0,-5.0352006,0.17851147055625916,0.6380000114440918,0.2935999929904938
YGL062W,YOR343W-A,0,-5.0352263,0.17846153676509857,0.6380000114440918,0.2937000095844269
YMR014W,YOR301W,1,-5.0352273,0.17869126796722412,0.6389999985694885,0.2937000095844269
YPL155C,YOL090W,0,-5.035233,0.17864131927490234,0.6389999985694885,0.2937999963760376
YJR140C,YFL002W-B,0,-5.0352626,0.17859138548374176,0.6389999985694885,0.2939000129699707
YPR122W,YDR129C,1,-5.035298,0.1788208931684494,0.6399999856948853,0.2939000129699707
YGR262C,YDR166C,1,-5.035398,0.1790502816438675,0.640999972820282,0.2939000129699707
YJL090C,YDL148C,0,-5.0355096,0.17900027334690094,0.640999972820282,0.2939999997615814
YPL051W,YFL002W-B,0,-5.0355625,0.17895030975341797,0.640999972820282,0.29409998655319214
YLR391W-A,YKR048C,0,-5.0355654,0.1789003610610962,0.640999972820282,0.29420000314712524
YGR276C,YPL029W,0,-5.035726,0.1788504421710968,0.640999972820282,0.29429998993873596
YBR289W,YGR161W-B,0,-5.03595,0.1788005530834198,0.640999972820282,0.29440000653266907
YDL132W,YOR254C,0,-5.0360847,0.17875069379806519,0.640999972820282,0.2944999933242798
YNR044W,YPL128C,0,-5.0360904,0.17870086431503296,0.640999972820282,0.2946000099182129
YJR019C,YGR038C-A,0,-5.0361266,0.17865106463432312,0.640999972820282,0.2946999967098236
YFR031C,YLL012W,0,-5.0361485,0.17860127985477448,0.640999972820282,0.2948000133037567
YDR328C,YLR337W,1,-5.036388,0.178830087184906,0.6420000195503235,0.2948000133037567
YNL210W,YGL127C,0,-5.0364785,0.17878028750419617,0.6420000195503235,0.29490000009536743
YHR114W,YOR060C,0,-5.036512,0.17873051762580872,0.6420000195503235,0.29499998688697815
YNL075W,YDR210W-B,0,-5.0365405,0.17868076264858246,0.6420000195503235,0.29510000348091125
YOR061W,YDR261W-A,0,-5.036866,0.17863105237483978,0.6420000195503235,0.295199990272522
YOL031C,YGR027W-B,0,-5.0369077,0.1785813570022583,0.6420000195503235,0.2953000068664551
YBR090C-A,YNL304W,0,-5.036913,0.1785317063331604,0.6420000195503235,0.2953999936580658
YGL194C,YGR038C-B,0,-5.036959,0.1784820705652237,0.6420000195503235,0.2955000102519989
YJL081C,YBR290W,0,-5.0371146,0.17843246459960938,0.6420000195503235,0.2955999970436096
YHR205W,YCL032W,0,-5.037122,0.17838288843631744,0.6420000195503235,0.2957000136375427
YDL137W,YOR142W-B,0,-5.037145,0.1783333271741867,0.6420000195503235,0.29580000042915344
YGL226C-A,YGR211W,0,-5.0371675,0.17828381061553955,0.6420000195503235,0.29589998722076416
YJL170C,YLR034C,0,-5.0371747,0.1782343089580536,0.6420000195503235,0.29600000381469727
YJL011C,YJL074C,0,-5.0371895,0.1781848520040512,0.6420000195503235,0.296099990606308
YPR078C,YPR137C-B,0,-5.037197,0.17813540995121002,0.6420000195503235,0.2962000072002411
YDR129C,YOL113W,1,-5.0375066,0.1783633828163147,0.6430000066757202,0.2962000072002411
YKL146W,YDR375C,0,-5.037537,0.17831392586231232,0.6430000066757202,0.2962999939918518
YJL026W,YDR316W-A,0,-5.0375466,0.17826448380947113,0.6430000066757202,0.2964000105857849
YGR170W,YNL054W-A,0,-5.0375876,0.17821507155895233,0.6430000066757202,0.29649999737739563
YDR143C,YOL034W,0,-5.037626,0.17816570401191711,0.6430000066757202,0.29660001397132874
YGL124C,YGR027W-B,0,-5.0376887,0.1781163364648819,0.6430000066757202,0.29670000076293945
YLR328W,YDR210C-D,0,-5.0377097,0.17806701362133026,0.6430000066757202,0.29679998755455017
YOL112W,YDR210W-B,0,-5.037712,0.178017720580101,0.6430000066757202,0.2969000041484833
YCR075C,YOR099W,0,-5.037829,0.17796844244003296,0.6430000066757202,0.296999990940094
YOL088C,YLR256W-A,0,-5.037844,0.1779192090034485,0.6430000066757202,0.2971000075340271
YGL223C,YIR015W,0,-5.037889,0.1778699904680252,0.6430000066757202,0.2971999943256378
YGR036C,YDR457W,0,-5.0382304,0.17782080173492432,0.6430000066757202,0.2973000109195709
YGL004C,YDR210W-B,0,-5.038237,0.17777162790298462,0.6430000066757202,0.29739999771118164
YOL023W,YDR034C-C,0,-5.03847,0.1777224987745285,0.6430000066757202,0.29750001430511475
YPL127C,YOR290C,0,-5.038477,0.17767338454723358,0.6430000066757202,0.29760000109672546
YKL060C,YCL019W,0,-5.0385323,0.17762431502342224,0.6430000066757202,0.2976999878883362
YBL013W,YGR191W,0,-5.038654,0.1775752604007721,0.6430000066757202,0.2978000044822693
YNL094W,YGR038C-B,0,-5.0387,0.17752623558044434,0.6430000066757202,0.29789999127388
YOR230W,YPL257W-B,0,-5.038796,0.17747722566127777,0.6430000066757202,0.2980000078678131
YGR222W,YPR187W,0,-5.039037,0.1774282604455948,0.6430000066757202,0.29809999465942383
YJL063C,YGR027W-B,0,-5.0391498,0.177379310131073,0.6430000066757202,0.29820001125335693
YBR250W,YKL099C,0,-5.0391994,0.1773303896188736,0.6430000066757202,0.29829999804496765
YCL017C,YJL128C,0,-5.0393443,0.17728149890899658,0.6430000066757202,0.29840001463890076
YOR025W,YHR074W,0,-5.0394335,0.17723263800144196,0.6430000066757202,0.2985000014305115
YAL012W,YLL034C,0,-5.039498,0.17718379199504852,0.6430000066757202,0.2985999882221222
YIR010W,YCR098C,0,-5.0395827,0.17713499069213867,0.6430000066757202,0.2987000048160553
YBR123C,YLR035C-A,0,-5.0396304,0.17708620429039001,0.6430000066757202,0.298799991607666
YKR097W,YER137C-A,0,-5.039666,0.17703744769096375,0.6430000066757202,0.2989000082015991
YDR135C,YGR161W-B,0,-5.039679,0.17698872089385986,0.6430000066757202,0.29899999499320984
YBR152W,YGR038C-B,0,-5.0401125,0.17694000899791718,0.6430000066757202,0.29910001158714294
YPR100W,YDR460W,0,-5.0403047,0.17689132690429688,0.6430000066757202,0.29919999837875366
YLR219W,YDR210W-A,0,-5.040361,0.17684268951416016,0.6430000066757202,0.2992999851703644
YDR375C,YMR078C,0,-5.04038,0.17679406702518463,0.6430000066757202,0.2994000017642975
YCL012W,YLR312C-B,1,-5.0404935,0.1770203411579132,0.6439999938011169,0.2994000017642975
YOR048C,YNL046W,0,-5.0405,0.1769716888666153,0.6439999938011169,0.2994999885559082
YLR328W,YNL284C-B,0,-5.040548,0.17692308127880096,0.6439999938011169,0.2996000051498413
YNL062C,YGL058W,0,-5.040879,0.17687448859214783,0.6439999938011169,0.299699991941452
YDR511W,YPR158C-D,0,-5.0409846,0.17682592570781708,0.6439999938011169,0.29980000853538513
YAR002C-A,YNL284C-B,0,-5.0411544,0.17677737772464752,0.6439999938011169,0.29989999532699585
YJL125C,YLR256W-A,0,-5.0412097,0.17672887444496155,0.6439999938011169,0.30000001192092896
YAR007C,YCR080W,0,-5.0412107,0.17668038606643677,0.6439999938011169,0.3000999987125397
YLR298C,YDR098C-B,0,-5.041315,0.17663192749023438,0.6439999938011169,0.3001999855041504
YPL218W,YNR046W,0,-5.0413203,0.17658349871635437,0.6439999938011169,0.3003000020980835
YBR284W,YOR084W,0,-5.0414314,0.17653508484363556,0.6439999938011169,0.3003999888896942
YPL270W,YGR161W-B,0,-5.0414977,0.17648671567440033,0.6439999938011169,0.3005000054836273
YPL174C,YOR329C,0,-5.041628,0.1764383614063263,0.6439999938011169,0.30059999227523804
YNL094W,YLR321C,0,-5.0417066,0.17639003694057465,0.6439999938011169,0.30070000886917114
YDR040C,YGL209W,0,-5.041778,0.1763417273759842,0.6439999938011169,0.30079999566078186
YLR347C,YGL173C,0,-5.0418315,0.17629346251487732,0.6439999938011169,0.30090001225471497
YGL019W,YPL128C,0,-5.041957,0.17624521255493164,0.6439999938011169,0.3009999990463257
YDR453C,YDR210C-C,0,-5.0420036,0.17619699239730835,0.6439999938011169,0.3010999858379364
YNL274C,YBL101W-A,0,-5.042169,0.17614880204200745,0.6439999938011169,0.3012000024318695
YJL047C,YDR210W-B,0,-5.042169,0.17610062658786774,0.6439999938011169,0.3012999892234802
YPL006W,YOR343C-A,0,-5.042169,0.17605248093605042,0.6439999938011169,0.30140000581741333
YDR435C,YBL101W-B,0,-5.042169,0.17600437998771667,0.6439999938011169,0.30149999260902405
YHR079C-B,YER160C,0,-5.042169,0.17595627903938293,0.6439999938011169,0.30160000920295715
YLR109W,YBL101W-B,0,-5.042169,0.17590822279453278,0.6439999938011169,0.30169999599456787
YNL131W,YOR343C-B,0,-5.042169,0.1758601814508438,0.6439999938011169,0.301800012588501
YOL082W,YBL101W-A,0,-5.042169,0.17581216990947723,0.6439999938011169,0.3018999993801117
YOR137C,YBL101W-A,0,-5.042169,0.17576418817043304,0.6439999938011169,0.3019999861717224
YNR074C,YOR343C-B,0,-5.042169,0.17571623623371124,0.6439999938011169,0.3021000027656555
YDR464W,YDR210W-C,0,-5.042169,0.17566829919815063,0.6439999938011169,0.30219998955726624
YNL299W,YPR036W-A,0,-5.042169,0.17562039196491241,0.6439999938011169,0.30230000615119934
YLR248W,YPR036W-A,0,-5.042169,0.17557251453399658,0.6439999938011169,0.30239999294281006
YMR139W,YLR157C-A,0,-5.042169,0.17552466690540314,0.6439999938011169,0.30250000953674316
YDR421W,YGR027W-B,0,-5.042169,0.1754768341779709,0.6439999938011169,0.3025999963283539
YOR064C,YPR036W-A,0,-5.042169,0.17542903125286102,0.6439999938011169,0.302700012922287
YKR024C,YPR036W-A,0,-5.042169,0.17538125813007355,0.6439999938011169,0.3027999997138977
YHR001W,YPR036W-A,0,-5.042169,0.17533351480960846,0.6439999938011169,0.3028999865055084
YFL008W,YOR343C-A,0,-5.042169,0.17528578639030457,0.6439999938011169,0.30300000309944153
YBR136W,YOR142W-A,0,-5.042169,0.17523810267448425,0.6439999938011169,0.30309998989105225
YHR079C-B,YPR158W-B,0,-5.042169,0.17519041895866394,0.6439999938011169,0.30320000648498535
YDR172W,YLR157C-A,0,-5.042169,0.1751427799463272,0.6439999938011169,0.30329999327659607
YKR008W,YPR036W-A,0,-5.042169,0.17509515583515167,0.6439999938011169,0.3034000098705292
YJL094C,YLR157C-A,0,-5.042169,0.17504756152629852,0.6439999938011169,0.3034999966621399
YLR060W,YDR210W-C,0,-5.042169,0.17499999701976776,0.6439999938011169,0.303600013256073
YMR039C,YDR210W-C,0,-5.042169,0.1749524623155594,0.6439999938011169,0.3037000000476837
YHR169W,YPR036W-A,0,-5.042169,0.1749049425125122,0.6439999938011169,0.30379998683929443
YDR258C,YDR210W-C,0,-5.042169,0.17485745251178741,0.6439999938011169,0.30390000343322754
YNL113W,YLR157C-A,0,-5.042169,0.174809992313385,0.6439999938011169,0.30399999022483826
YGL071W,YDR210W-C,0,-5.042169,0.1747625470161438,0.6439999938011169,0.30410000681877136
YNL318C,YLR157C-A,0,-5.042169,0.17471513152122498,0.6439999938011169,0.3041999936103821
YFL033C,YOR343C-A,0,-5.042169,0.17466774582862854,0.6439999938011169,0.3043000102043152
YML065W,YOR343C-A,0,-5.042169,0.1746203899383545,0.6439999938011169,0.3043999969959259
YKL150W,YDR210W-C,0,-5.042169,0.17457304894924164,0.6439999938011169,0.304500013589859
YHR169W,YOR343C-A,0,-5.042169,0.17452575266361237,0.6439999938011169,0.3046000003814697
YOR182C,YOR343C-A,0,-5.042169,0.1744784563779831,0.6439999938011169,0.30469998717308044
YNR047W,YOR343C-B,0,-5.042169,0.1744312047958374,0.6439999938011169,0.30480000376701355
YNL039W,YBL101W-B,0,-5.042169,0.1743839681148529,0.6439999938011169,0.30489999055862427
YDR280W,YDR210W-C,0,-5.042169,0.1743367612361908,0.6439999938011169,0.3050000071525574
YHR039C,YPR036W-A,0,-5.042169,0.17428958415985107,0.6439999938011169,0.3050999939441681
YHR039C-B,YBL101W-A,0,-5.042169,0.17424242198467255,0.6439999938011169,0.3052000105381012
YNL278W,YBL101W-B,0,-5.042169,0.1741952896118164,0.6439999938011169,0.3052999973297119
YHR008C,YPR036W-A,0,-5.042169,0.17414818704128265,0.6439999938011169,0.305400013923645
YOR351C,YOR343C-A,0,-5.042169,0.1741011142730713,0.6439999938011169,0.30550000071525574
YER180C-A,YDR210W-C,0,-5.042169,0.17405405640602112,0.6439999938011169,0.30559998750686646
YIR021W,YOR343C-B,0,-5.042169,0.17400702834129333,0.6439999938011169,0.30570000410079956
YGR030C,YBL101W-B,0,-5.042169,0.17396001517772675,0.6439999938011169,0.3057999908924103
YHR096C,YLR157C-A,0,-5.042169,0.17391304671764374,0.6439999938011169,0.3059000074863434
YNL281W,YLR157C-A,0,-5.042169,0.17386609315872192,0.6439999938011169,0.3059999942779541
YBR100W,YLL056C,0,-5.042169,0.1738191694021225,0.6439999938011169,0.3061000108718872
YER108C,YEL057C,0,-5.042169,0.17377226054668427,0.6439999938011169,0.3061999976634979
YBR289W,YOR343C-A,0,-5.042169,0.17372538149356842,0.6439999938011169,0.30630001425743103
YGL227W,YDR316W-B,0,-5.042169,0.17367853224277496,0.6439999938011169,0.30640000104904175
YCR044C,YBL101W-B,0,-5.042169,0.1736317127943039,0.6439999938011169,0.30649998784065247
YPL241C,YOR343C-A,0,-5.042169,0.17358490824699402,0.6439999938011169,0.30660000443458557
YDR240C,YDR210W-C,0,-5.042169,0.17353813350200653,0.6439999938011169,0.3066999912261963
YBR073W,YDR365W-B,0,-5.042169,0.17349137365818024,0.6439999938011169,0.3068000078201294
YFR024C,YBL100W-B,0,-5.042169,0.17344465851783752,0.6439999938011169,0.3068999946117401
YOR343C-A,YPR078C,0,-5.042169,0.173397958278656,0.6439999938011169,0.3070000112056732
YGR264C,YOR343C-B,0,-5.042169,0.17335127294063568,0.6439999938011169,0.30709999799728394
YPR008W,YLR157C-A,0,-5.042169,0.17330463230609894,0.6439999938011169,0.30720001459121704
YNL253W,YBL101W-B,0,-5.042169,0.1732580065727234,0.6439999938011169,0.30730000138282776
YCL060C,YAR009C,0,-5.042169,0.17321141064167023,0.6439999938011169,0.3073999881744385
YBR170C,YOR343C-A,0,-5.042169,0.17316482961177826,0.6439999938011169,0.3075000047683716
YFL029C,YPR158W-A,0,-5.042169,0.17311827838420868,0.6439999938011169,0.3075999915599823
YDR314C,YDR261C-D,0,-5.042169,0.1730717569589615,0.6439999938011169,0.3077000081539154
YGR248W,YOR343C-A,0,-5.042169,0.1730252504348755,0.6439999938011169,0.3077999949455261
YCL003W,YDR341C,0,-5.042169,0.17297877371311188,0.6439999938011169,0.30790001153945923
YER032W,YPR137C-B,0,-5.042169,0.17293232679367065,0.6439999938011169,0.30799999833106995
YCR071C,YBL101W-B,0,-5.042169,0.17288590967655182,0.6439999938011169,0.30809998512268066
YDR317W,YBL101W-A,0,-5.042169,0.17283950746059418,0.6439999938011169,0.30820000171661377
YJL093C,YBL101W-B,0,-5.042169,0.17279313504695892,0.6439999938011169,0.3082999885082245
YJL052W,YLR157C-A,0,-5.042169,0.17274677753448486,0.6439999938011169,0.3084000051021576
YGL210W-A,YOR338W,0,-5.042169,0.1727004498243332,0.6439999938011169,0.3084999918937683
YHL009W-B,YIL039W,0,-5.0422297,0.1726541519165039,0.6439999938011169,0.3086000084877014
YKL093W,YDR261W-A,0,-5.0423083,0.172607883810997,0.6439999938011169,0.30869999527931213
YDL161W,YER161C,0,-5.0423217,0.1725616306066513,0.6439999938011169,0.30880001187324524
YPL060W,YAR009C,0,-5.0424614,0.172515407204628,0.6439999938011169,0.30889999866485596
YDR301W,YPL181W,0,-5.042526,0.17246919870376587,0.6439999938011169,0.3089999854564667
YHR074W,YDR034C-C,0,-5.0427537,0.17242302000522614,0.6439999938011169,0.3091000020503998
YMR236W,YJR026W,0,-5.0427837,0.1723768711090088,0.6439999938011169,0.3091999888420105
YLR155C,YDR098C-A,0,-5.0427985,0.17233075201511383,0.6439999938011169,0.3093000054359436
YOL121C,YDR422C,0,-5.042871,0.17228464782238007,0.6439999938011169,0.3093999922275543
YDR093W,YGL012W,0,-5.0429153,0.1722385734319687,0.6439999938011169,0.3095000088214874
YBR234C,YOL103W-B,0,-5.0430913,0.1721925139427185,0.6439999938011169,0.30959999561309814
YBR107C,YDR499W,0,-5.0431886,0.1721464842557907,0.6439999938011169,0.30970001220703125
YDR210W-B,YER159C-A,0,-5.0431905,0.1721004843711853,0.6439999938011169,0.30979999899864197
YJL146W,YDR210W-A,0,-5.0432534,0.1720544993877411,0.6439999938011169,0.3098999857902527
YGR109C,YDR103W,0,-5.0432878,0.17200854420661926,0.6439999938011169,0.3100000023841858
YGL073W,YFL002W-B,0,-5.043409,0.17196261882781982,0.6439999938011169,0.3100999891757965
YNL245C,YFR024C,0,-5.043499,0.17191670835018158,0.6439999938011169,0.3102000057697296
YJR074W,YOL103W-B,0,-5.043663,0.17187082767486572,0.6439999938011169,0.31029999256134033
YGL020C,YHR062C,0,-5.0436664,0.17182497680187225,0.6439999938011169,0.31040000915527344
YPL001W,YDR365W-B,0,-5.0437007,0.17177914083003998,0.6439999938011169,0.31049999594688416
YPL256C,YHR021C,0,-5.043805,0.1717333346605301,0.6439999938011169,0.31060001254081726
YPL075W,YBR100W,0,-5.043893,0.1716875433921814,0.6439999938011169,0.310699999332428
YIR004W,YER137C-A,0,-5.043909,0.17164179682731628,0.6439999938011169,0.3107999861240387
YOR073W,YOL103W-A,0,-5.0440392,0.17159605026245117,0.6439999938011169,0.3109000027179718
YLR103C,YPL270W,0,-5.0440407,0.17155034840106964,0.6439999938011169,0.3109999895095825
YHR148W,YLR145W,0,-5.044143,0.1715046614408493,0.6439999938011169,0.3111000061035156
YBR129C,YOR343W-B,0,-5.0442104,0.17145900428295135,0.6439999938011169,0.31119999289512634
YNL164C,YDR210W-B,0,-5.0442576,0.1714133620262146,0.6439999938011169,0.31130000948905945
YML069W,YDR210C-D,0,-5.0443482,0.17136774957180023,0.6439999938011169,0.31139999628067017
YCL020W,YGR161W-A,0,-5.044534,0.17132216691970825,0.6439999938011169,0.31150001287460327
YGL033W,YOR142W-B,0,-5.0446754,0.17127659916877747,0.6439999938011169,0.311599999666214
YGR191W,YOR142W-B,0,-5.044721,0.17123106122016907,0.6439999938011169,0.3116999864578247
YHL006C,YLR256W-A,0,-5.0448995,0.17118553817272186,0.6439999938011169,0.3118000030517578
YPL048W,YPR158W-B,0,-5.0450077,0.17114004492759705,0.6439999938011169,0.31189998984336853
YPR034W,YGR161C-D,0,-5.04502,0.17109458148479462,0.6439999938011169,0.31200000643730164
YOR344C,YDR210W-A,0,-5.0450296,0.17104913294315338,0.6439999938011169,0.31209999322891235
YHL003C,YGR161W-A,0,-5.0451384,0.17100371420383453,0.6439999938011169,0.31220000982284546
YBR041W,YGL062W,0,-5.0451875,0.17095832526683807,0.6439999938011169,0.3122999966144562
YMR096W,YIL173W,0,-5.0453,0.1709129512310028,0.6439999938011169,0.3124000132083893
YGR003W,YDR316W-B,0,-5.045347,0.17086760699748993,0.6439999938011169,0.3125
YMR112C,YOR142W-A,0,-5.0454135,0.17082227766513824,0.6439999938011169,0.3125999867916107
YNL118C,YIR033W,0,-5.0454335,0.17077697813510895,0.6439999938011169,0.3127000033855438
YLR260W,YPR158C-D,0,-5.0456595,0.17073170840740204,0.6439999938011169,0.31279999017715454
YMR038C,YEL037C,0,-5.0457683,0.17068645358085632,0.6439999938011169,0.31290000677108765
YHR188C,YDR210W-B,0,-5.045837,0.170641228556633,0.6439999938011169,0.31299999356269836
YML029W,YOL103W-A,0,-5.0460286,0.17059603333473206,0.6439999938011169,0.31310001015663147
YLR380W,YBR012W-A,0,-5.046059,0.1705508530139923,0.6439999938011169,0.3131999969482422
YEL061C,YKL165C,0,-5.046212,0.17050568759441376,0.6439999938011169,0.3133000135421753
YIL048W,YDR098C-B,0,-5.046415,0.1704605668783188,0.6439999938011169,0.313400000333786
YOR159C,YGL210W,0,-5.046453,0.170415461063385,0.6439999938011169,0.31349998712539673
YIR015W,YDR078C,0,-5.0465274,0.17037037014961243,0.6439999938011169,0.31360000371932983
YHR081W,YGR059W,0,-5.046605,0.17032530903816223,0.6439999938011169,0.31369999051094055
YDR206W,YJL148W,0,-5.0466847,0.17028027772903442,0.6439999938011169,0.31380000710487366
YKR054C,YML023C,0,-5.0467706,0.1702352613210678,0.6439999938011169,0.3138999938964844
YFR041C,YER160C,0,-5.04684,0.17019027471542358,0.6439999938011169,0.3140000104904175
YER087C-A,YDR210W-A,0,-5.046959,0.17014530301094055,0.6439999938011169,0.3140999972820282
YLR266C,YDR265W,0,-5.0469675,0.1701003760099411,0.6439999938011169,0.3142000138759613
YBR162C,YGR161W-A,0,-5.0470767,0.17005544900894165,0.6439999938011169,0.314300000667572
YNL278W,YDR316W-B,0,-5.0471854,0.17001056671142578,0.6439999938011169,0.31439998745918274
YFR024C-A,YGR038C-B,0,-5.0472493,0.1699656844139099,0.6439999938011169,0.31450000405311584
YNL278W,YJR135C,0,-5.0474267,0.16992084681987762,0.6439999938011169,0.31459999084472656
YOR079C,YDL042C,0,-5.04746,0.16987602412700653,0.6439999938011169,0.31470000743865967
YBL002W,YDR210C-C,0,-5.047626,0.16983121633529663,0.6439999938011169,0.3147999942302704
YFR053C,YDR034C-C,0,-5.0477786,0.1697864532470703,0.6439999938011169,0.3149000108242035
YPR198W,YOL103W-B,0,-5.0480094,0.169741690158844,0.6439999938011169,0.3149999976158142
YNL029C,YGR038C-B,0,-5.048049,0.16969697177410126,0.6439999938011169,0.3151000142097473
YCL069W,YDR098C-A,0,-5.0480886,0.16965226829051971,0.6439999938011169,0.31520000100135803
YLR193C,YGR038C-B,0,-5.048246,0.16960757970809937,0.6439999938011169,0.31529998779296875
YLR223C,YGL229C,0,-5.048325,0.1695629209280014,0.6439999938011169,0.31540000438690186
YKL080W,YPR158W-B,0,-5.0483446,0.16951829195022583,0.6439999938011169,0.3154999911785126
YKR095W-A,YER087C-A,0,-5.048373,0.16947367787361145,0.6439999938011169,0.3156000077724457
YFR055W,YDR145W,0,-5.048482,0.16942909359931946,0.6439999938011169,0.3156999945640564
YOR335C,YPR137C-A,0,-5.0485463,0.16938453912734985,0.6439999938011169,0.3158000111579895
YBL040C,YNL304W,0,-5.0486465,0.16933999955654144,0.6439999938011169,0.3158999979496002
YAL043C,YPR158C-D,0,-5.0488315,0.16929547488689423,0.6439999938011169,0.3160000145435333
YNL126W,YPR133W-A,0,-5.0491433,0.1692509800195694,0.6439999938011169,0.31610000133514404
YPR137W,YBL005W-A,0,-5.0492554,0.16920651495456696,0.6439999938011169,0.31619998812675476
YFR052W,YDR210C-C,0,-5.0493293,0.1691620647907257,0.6439999938011169,0.31630000472068787
YIL123W,YKL042W,0,-5.0500903,0.16911764442920685,0.6439999938011169,0.3163999915122986
YGR199W,YML005W,0,-5.0502477,0.16907325387001038,0.6439999938011169,0.3165000081062317
YBR158W,YNL284C-B,0,-5.050299,0.1690288782119751,0.6439999938011169,0.3165999948978424
YNR002C,YDR210W-B,0,-5.050393,0.168984517455101,0.6439999938011169,0.3167000114917755
YGR082W,YDR210W-A,0,-5.050546,0.16894018650054932,0.6439999938011169,0.31679999828338623
YPR185W,YOR088W,0,-5.0506005,0.16889588534832,0.6439999938011169,0.31690001487731934
YHL003C,YOR142W-A,0,-5.050605,0.1688515990972519,0.6439999938011169,0.31700000166893005
YLR303W,YKL018W,0,-5.050625,0.16880734264850616,0.6439999938011169,0.31709998846054077
YBR236C,YPR158C-D,0,-5.0506587,0.16876310110092163,0.6439999938011169,0.3172000050544739
YMR184W,YLR285W,0,-5.050693,0.16871888935565948,0.6439999938011169,0.3172999918460846
YDR231C,YHR001W,0,-5.051233,0.16867469251155853,0.6439999938011169,0.3174000084400177
YPL117C,YJL134W,0,-5.0515504,0.16863052546977997,0.6439999938011169,0.3174999952316284
YNL084C,YDR309C,1,-5.0518003,0.1688481718301773,0.6449999809265137,0.3174999952316284
YOR039W,YGL244W,0,-5.051912,0.16880397498607635,0.6449999809265137,0.3176000118255615
YMR029C,YGR161C-D,0,-5.052156,0.1687598079442978,0.6449999809265137,0.31769999861717224
YMR042W,YLR256W-A,0,-5.052205,0.1687156707048416,0.6449999809265137,0.31779998540878296
YLR175W,YBR098W,0,-5.0522327,0.16867154836654663,0.6449999809265137,0.31790000200271606
YDR210C-C,YGL039W,0,-5.0522637,0.16862745583057404,0.6449999809265137,0.3179999887943268
YCL066W,YEL050C,0,-5.0522785,0.16858337819576263,0.6449999809265137,0.3181000053882599
YNR067C,YDR420W,1,-5.052322,0.16880062222480774,0.6460000276565552,0.3181000053882599
YPL069C,YLR342W,0,-5.052404,0.16875652968883514,0.6460000276565552,0.3181999921798706
YKL192C,YDR254W,0,-5.0525064,0.16871245205402374,0.6460000276565552,0.3183000087738037
YCR061W,YPR137C-B,0,-5.052712,0.16866840422153473,0.6460000276565552,0.31839999556541443
YHR191C,YOL038W,0,-5.0528026,0.1686243861913681,0.6460000276565552,0.31850001215934753
YGR156W,YDR362C,0,-5.0529394,0.16858038306236267,0.6460000276565552,0.31859999895095825
YBL020W,YGR038C-B,0,-5.053057,0.16853639483451843,0.6460000276565552,0.31869998574256897
YBR211C,YDR210W-A,0,-5.053106,0.16849243640899658,0.6460000276565552,0.3188000023365021
YLR084C,YLR312C-B,1,-5.0531225,0.16870926320552826,0.6470000147819519,0.3188000023365021
YDR434W,YDR261C-D,0,-5.053283,0.16866527497768402,0.6470000147819519,0.3188999891281128
YER112W,YPR137C-B,0,-5.0534606,0.16862131655216217,0.6470000147819519,0.3190000057220459
YDR488C,YPR078C,0,-5.0535016,0.1685773879289627,0.6470000147819519,0.3190999925136566
YPL145C,YDR365W-B,0,-5.053559,0.16853347420692444,0.6470000147819519,0.3192000091075897
YJR090C,YDR404C,0,-5.053655,0.16848959028720856,0.6470000147819519,0.31929999589920044
YBR093C,YDR418W,0,-5.0539393,0.16844572126865387,0.6470000147819519,0.31940001249313354
YNL026W,YFL002W-B,0,-5.053967,0.16840186715126038,0.6470000147819519,0.31949999928474426
YLR056W,YLR318W,0,-5.0540347,0.16835805773735046,0.6470000147819519,0.319599986076355
YNR056C,YKL175W,0,-5.0540566,0.16831426322460175,0.6470000147819519,0.3197000026702881
YPL221W,YDR481C,0,-5.0541015,0.16827048361301422,0.6470000147819519,0.3197999894618988
YNL003C,YHR172W,0,-5.0541396,0.16822673380374908,0.6470000147819519,0.3199000060558319
YPL188W,YKR031C,0,-5.05424,0.16818299889564514,0.6470000147819519,0.3199999928474426
YPL163C,YDL170W,0,-5.0544114,0.1681392937898636,0.6470000147819519,0.32010000944137573
YBR267W,YKL041W,0,-5.054523,0.16809560358524323,0.6470000147819519,0.32019999623298645
YGL238W,YDR261C-D,0,-5.054542,0.16805194318294525,0.6470000147819519,0.32030001282691956
YDR378C,YBL103C,0,-5.054572,0.16800831258296967,0.6470000147819519,0.3203999996185303
YNL302C,YNL209W,0,-5.0546002,0.16796469688415527,0.6470000147819519,0.320499986410141
YNL253W,YFL002W-B,0,-5.054604,0.16792109608650208,0.6470000147819519,0.3206000030040741
YCL010C,YDR365W-B,0,-5.054624,0.16787752509117126,0.6470000147819519,0.3206999897956848
YKL001C,YKR081C,0,-5.054738,0.16783398389816284,0.6470000147819519,0.3208000063896179
YLR391W-A,YLR368W,0,-5.0549417,0.1677904576063156,0.6470000147819519,0.32089999318122864
YDR210C-D,YOL103W-A,0,-5.055179,0.16774694621562958,0.6470000147819519,0.32100000977516174
YOR232W,YDR210C-D,0,-5.0552506,0.16770347952842712,0.6470000147819519,0.32109999656677246
YPL012W,YOR008C-A,0,-5.055274,0.16766001284122467,0.6470000147819519,0.32120001316070557
YMR137C,YJR102C,0,-5.055339,0.1676165759563446,0.6470000147819519,0.3212999999523163
YOL113W,YLR337W,1,-5.0553994,0.1678321659564972,0.6480000019073486,0.3212999999523163
YPL118W,YPR158C-D,0,-5.055487,0.16778871417045593,0.6480000019073486,0.321399986743927
YKL170W,YGR161W-B,0,-5.055538,0.16774527728557587,0.6480000019073486,0.3215000033378601
YDR434W,YER028C,0,-5.0556374,0.1677018702030182,0.6480000019073486,0.3215999901294708
YDR200C,YPR158W-A,0,-5.0556617,0.1676584780216217,0.6480000019073486,0.32170000672340393
YLR035C-A,YOL103W-B,0,-5.055712,0.1676151007413864,0.6480000019073486,0.32179999351501465
YNL328C,YPL011C,0,-5.05586,0.1675717681646347,0.6480000019073486,0.32190001010894775
YFL048C,YBL005W,0,-5.0558844,0.167528435587883,0.6480000019073486,0.32199999690055847
YGR222W,YGR024C,0,-5.055924,0.16748513281345367,0.6480000019073486,0.3221000134944916
YNL112W,YOL103W-A,0,-5.055969,0.16744185984134674,0.6480000019073486,0.3222000002861023
YNR032W,YJL113W,0,-5.05603,0.167398601770401,0.6480000019073486,0.322299987077713
YOL027C,YGR161C-D,0,-5.056031,0.16735537350177765,0.6480000019073486,0.3224000036716461
YOL115W,YPR158C-C,0,-5.0562463,0.1673121601343155,0.6480000019073486,0.32249999046325684
YDR028C,YNL121C,0,-5.0563517,0.16726897656917572,0.6480000019073486,0.32260000705718994
YOL009C,YNL222W,0,-5.0563717,0.16722580790519714,0.6480000019073486,0.32269999384880066
YOR030W,YLR272C,0,-5.056417,0.16718266904354095,0.6480000019073486,0.32280001044273376
YNR072W,YPL096W,0,-5.0566225,0.16713954508304596,0.6480000019073486,0.3228999972343445
YJL003W,YDR062W,0,-5.0566335,0.16709643602371216,0.6480000019073486,0.3230000138282776
YCL016C,YEL004W,0,-5.05668,0.16705337166786194,0.6480000019073486,0.3231000006198883
YDR188W,YLR035C-A,0,-5.0567193,0.16701030731201172,0.6480000019073486,0.323199987411499
YER016W,YGR161W-A,0,-5.0568833,0.1669672727584839,0.6480000019073486,0.32330000400543213
YHR050W,YCR080W,0,-5.0572667,0.16692426800727844,0.6480000019073486,0.32339999079704285
YGL001C,YDR034C-C,0,-5.0573764,0.1668812781572342,0.6480000019073486,0.32350000739097595
YOR002W,YJL072C,0,-5.0574055,0.16683831810951233,0.6480000019073486,0.32359999418258667
YFL056C,YDR205W,0,-5.057579,0.16679537296295166,0.6480000019073486,0.3237000107765198
YOL117W,YNR026C,0,-5.0577435,0.16675244271755219,0.6480000019073486,0.3237999975681305
YPR119W,YGL238W,0,-5.0579324,0.1667095422744751,0.6480000019073486,0.3239000141620636
YHR096C,YGR161W-A,0,-5.0580335,0.1666666716337204,0.6480000019073486,0.3240000009536743
YDR005C,YGR038C-A,0,-5.0580745,0.1666238158941269,0.6480000019073486,0.32409998774528503
YNL101W,YPL049C,0,-5.058133,0.16658097505569458,0.6480000019073486,0.32420000433921814
YLR212C,YGR038C-B,0,-5.058146,0.16653816401958466,0.6480000019073486,0.32429999113082886
YPR029C,YBR231C,0,-5.0581617,0.16649536788463593,0.6480000019073486,0.32440000772476196
YJL165C,YLR010C,0,-5.0582047,0.16645260155200958,0.6480000019073486,0.3244999945163727
YOR157C,YGR090W,0,-5.0583797,0.16640986502170563,0.6480000019073486,0.3246000111103058
YPL231W,YJR104C,0,-5.0588565,0.16636714339256287,0.6480000019073486,0.3246999979019165
YKL017C,YPL126W,0,-5.0588565,0.1663244366645813,0.6480000019073486,0.3248000144958496
YNL025C,YHL009W-B,0,-5.0588956,0.16628175973892212,0.6480000019073486,0.3249000012874603
YDR435C,YDR131C,0,-5.059245,0.16623909771442413,0.6480000019073486,0.32499998807907104
YDL028C,YJR029W,0,-5.059251,0.16619646549224854,0.6480000019073486,0.32510000467300415
YKL048C,YLR337W,1,-5.0592732,0.16641025245189667,0.6489999890327454,0.32510000467300415
YLR158C,YNR052C,0,-5.0594077,0.16636760532855988,0.6489999890327454,0.32519999146461487
YPL211W,YDR181C,0,-5.0595956,0.16632495820522308,0.6489999890327454,0.325300008058548
YDR302W,YFR052W,0,-5.059607,0.16628234088420868,0.6489999890327454,0.3253999948501587
YPR037C,YDL111C,0,-5.0596213,0.16623975336551666,0.6489999890327454,0.3255000114440918
YLR424W,YOL148C,0,-5.0597625,0.16619718074798584,0.6489999890327454,0.3255999982357025
YCR009C,YBR143C,1,-5.059809,0.1664106547832489,0.6499999761581421,0.3255999982357025
YIL159W,YLR337W,1,-5.059833,0.1666240096092224,0.6510000228881836,0.3255999982357025
YDL243C,YDR210C-C,0,-5.0598507,0.16658137738704681,0.6510000228881836,0.3257000148296356
YLR262C,YOR142W-B,0,-5.059871,0.1665387600660324,0.6510000228881836,0.32580000162124634
YNL047C,YDR261W-A,0,-5.059912,0.1664961576461792,0.6510000228881836,0.32589998841285706
YDR159W,YMR046C,0,-5.060024,0.16645358502864838,0.6510000228881836,0.32600000500679016
YNL059C,YGR027W-B,0,-5.060076,0.16641104221343994,0.6510000228881836,0.3260999917984009
YBR250W,YAR042W,0,-5.0601883,0.1663685142993927,0.6510000228881836,0.326200008392334
YJL125C,YMR234W,0,-5.060262,0.16632601618766785,0.6510000228881836,0.3262999951839447
YBL019W,YMR039C,0,-5.0605035,0.166283518075943,0.6510000228881836,0.3264000117778778
YPL001W,YML040W,0,-5.060556,0.16624106466770172,0.6510000228881836,0.3264999985694885
YML032C,YLR410W-B,0,-5.0606074,0.16619862616062164,0.6510000228881836,0.32659998536109924
YBR233W-A,YPL119C,0,-5.0607457,0.16615620255470276,0.6510000228881836,0.32670000195503235
YNL243W,YBR143C,1,-5.0607767,0.1663689762353897,0.6520000100135803,0.32670000195503235
YJR082C,YFL059W,0,-5.06078,0.16632653772830963,0.6520000100135803,0.32679998874664307
YDR446W,YGL232W,0,-5.0610766,0.16628411412239075,0.6520000100135803,0.32690000534057617
YDR174W,YPL257W-B,0,-5.0611305,0.16624172031879425,0.6520000100135803,0.3269999921321869
YPL149W,YBR100W,0,-5.061191,0.16619934141635895,0.6520000100135803,0.32710000872612
YGL195W,YCL020W,0,-5.0612063,0.16615697741508484,0.6520000100135803,0.3271999955177307
YOR023C,YDL064W,0,-5.061316,0.16611464321613312,0.6520000100135803,0.3273000121116638
YDR210W-B,YLL056C,0,-5.0614114,0.16607233881950378,0.6520000100135803,0.32739999890327454
YJR076C,YOR301W,1,-5.061564,0.1662846952676773,0.652999997138977,0.32739999890327454
YLR274W,YOL103W-B,0,-5.0618577,0.16624236106872559,0.652999997138977,0.32749998569488525
YDR129C,YLR337W,1,-5.0620456,0.16645456850528717,0.6539999842643738,0.32749998569488525
YLR127C,YCL075W,0,-5.0622473,0.16641221940517426,0.6539999842643738,0.32760000228881836
YCR072C,YHR039C-B,0,-5.062387,0.16636988520622253,0.6539999842643738,0.3276999890804291
YDR425W,YPL011C,0,-5.062405,0.166327565908432,0.6539999842643738,0.3278000056743622
YLR425W,YOR142W-B,0,-5.062419,0.16628527641296387,0.6539999842643738,0.3278999924659729
YJL054W,YLR410W-B,0,-5.062444,0.16624301671981812,0.6539999842643738,0.328000009059906
YHR187W,YFL034C-B,0,-5.062484,0.16620075702667236,0.6539999842643738,0.3280999958515167
YJR084W,YOR224C,0,-5.0625443,0.1661585420370102,0.6539999842643738,0.32820001244544983
YAR002C-A,YGR027W-B,0,-5.0625463,0.16611632704734802,0.6539999842643738,0.32829999923706055
YDR375C,YDR098C-B,0,-5.0625463,0.16607415676116943,0.6539999842643738,0.32839998602867126
YPL210C,YNL064C,0,-5.0626354,0.16603198647499084,0.6539999842643738,0.32850000262260437
YCR027C,YJR104C,0,-5.062755,0.16598984599113464,0.6539999842643738,0.3285999894142151
YFL017W-A,YOR179C,0,-5.062814,0.16594773530960083,0.6539999842643738,0.3287000060081482
YDR524C,YLL043W,0,-5.062891,0.16590562462806702,0.6539999842643738,0.3287999927997589
YMR137C,YGR161W-A,0,-5.0630956,0.16586355865001678,0.6539999842643738,0.328900009393692
YER106W,YDR469W,0,-5.063153,0.16582150757312775,0.6539999842643738,0.32899999618530273
YOR304W,YDL080C,0,-5.0632787,0.1657794713973999,0.6539999842643738,0.32910001277923584
YCL060C,YAL009W,0,-5.063355,0.16573745012283325,0.6539999842643738,0.32919999957084656
YDR358W,YHR039C-B,0,-5.0633693,0.165695458650589,0.6539999842643738,0.3292999863624573
YOL126C,YPL085W,0,-5.063421,0.16565349698066711,0.6539999842643738,0.3294000029563904
YEL032W,YDR027C,0,-5.063463,0.16561155021190643,0.6539999842643738,0.3294999897480011
YDR414C,YFL035C,0,-5.063573,0.16556961834430695,0.6539999842643738,0.3296000063419342
YDL013W,YML097C,0,-5.063611,0.16552771627902985,0.6539999842643738,0.3296999931335449
YGL172W,YDR422C,0,-5.0636168,0.16548582911491394,0.6539999842643738,0.329800009727478
YMR083W,YPR137C-B,0,-5.063657,0.16544397175312042,0.6539999842643738,0.32989999651908875
YCL060C,YMR079W,0,-5.0636754,0.1654021292924881,0.6539999842643738,0.33000001311302185
YML051W,YJL011C,0,-5.0637107,0.16536030173301697,0.6539999842643738,0.33009999990463257
YPL259C,YPR158C-D,0,-5.0637584,0.16531850397586823,0.6539999842643738,0.3301999866962433
YJL124C,YDR034C-C,0,-5.063784,0.16527672111988068,0.6539999842643738,0.3303000032901764
YPL132W,YDR261C-D,0,-5.0639114,0.16523496806621552,0.6539999842643738,0.3303999900817871
YIR005W,YIL167W,0,-5.0641246,0.16519322991371155,0.6539999842643738,0.3305000066757202
YDR150W,YDR330W,0,-5.0642943,0.16515152156352997,0.6539999842643738,0.33059999346733093
YMR237W,YBR159W,0,-5.064363,0.16510982811450958,0.6539999842643738,0.33070001006126404
YPL031C,YCR073C,0,-5.064446,0.1650681495666504,0.6539999842643738,0.33079999685287476
YJL050W,YNL284C-B,0,-5.064549,0.1650265008211136,0.6539999842643738,0.33090001344680786
YBR109C,YOL004W,0,-5.064551,0.16498486697673798,0.6539999842643738,0.3310000002384186
YMR089C,YDR316W-A,0,-5.064677,0.16494324803352356,0.6539999842643738,0.3310999870300293
YOL005C,YMR101C,0,-5.0650005,0.16490165889263153,0.6539999842643738,0.3312000036239624
YJR050W,YPR158C-C,0,-5.0650086,0.1648600995540619,0.6539999842643738,0.3312999904155731
YCL060C,YDR532C,0,-5.0650334,0.16481855511665344,0.6539999842643738,0.3314000070095062
YIL159W,YLR312C-B,1,-5.065099,0.16502897441387177,0.6549999713897705,0.3314000070095062
YAL009W,YBR284W,0,-5.065175,0.16498740017414093,0.6549999713897705,0.33149999380111694
YNR049C,YGR161W-A,0,-5.0652637,0.16494585573673248,0.6549999713897705,0.33160001039505005
YNL250W,YCL069W,0,-5.065342,0.16490432620048523,0.6549999713897705,0.33169999718666077
YLR391W-A,YNL031C,0,-5.065356,0.16486282646656036,0.6549999713897705,0.33180001378059387
YKL008C,YOR295W,0,-5.065435,0.1648213416337967,0.6549999713897705,0.3319000005722046
YGL054C,YLR312C-B,1,-5.065459,0.16503144800662994,0.656000018119812,0.3319000005722046
YIL132C,YCL008C,0,-5.0654664,0.16498993337154388,0.656000018119812,0.3319999873638153
YPR134W,YGR038C-A,0,-5.065519,0.1649484485387802,0.656000018119812,0.3321000039577484
YDR309C,YGR152C,1,-5.0658135,0.16515837609767914,0.6570000052452087,0.3321000039577484
YPL202C,YPR042C,0,-5.0658216,0.16511686146259308,0.6570000052452087,0.33219999074935913
YGR074W,YHR014W,0,-5.065946,0.1650753766298294,0.6570000052452087,0.33230000734329224
YML103C,YGR027W-B,0,-5.066004,0.16503390669822693,0.6570000052452087,0.33239999413490295
YLR153C,YKL212W,0,-5.066186,0.16499246656894684,0.6570000052452087,0.33250001072883606
YDR093W,YGL227W,0,-5.0661983,0.16495104134082794,0.6570000052452087,0.3325999975204468
YGR191W,YIL048W,0,-5.0662074,0.16490964591503143,0.6570000052452087,0.3327000141143799
YGR036C,YJL129C,0,-5.0663276,0.16486825048923492,0.6570000052452087,0.3328000009059906
YGR074W,YDR365W-B,0,-5.0664887,0.164826899766922,0.6570000052452087,0.3328999876976013
YML103C,YBR111W-A,0,-5.0665183,0.16478554904460907,0.6570000052452087,0.3330000042915344
YHR188C,YDL039C,0,-5.0665746,0.16474422812461853,0.6570000052452087,0.33309999108314514
YLR026C,YNL054W-A,0,-5.066718,0.16470293700695038,0.6570000052452087,0.33320000767707825
YDR141C,YGR038C-A,0,-5.066973,0.16466166079044342,0.6570000052452087,0.33329999446868896
YNR053C,YDR365W-B,0,-5.066973,0.16462039947509766,0.6570000052452087,0.33340001106262207
YDR365C,YNL262W,0,-5.0670567,0.16457915306091309,0.6570000052452087,0.3334999978542328
YDR320C,YDR316W-A,0,-5.0672793,0.1645379364490509,0.6570000052452087,0.3336000144481659
YJR135W-A,YHL009W-B,0,-5.0673556,0.1644967496395111,0.6570000052452087,0.3337000012397766
YLR231C,YPL177C,0,-5.0673766,0.1644555628299713,0.6570000052452087,0.33379998803138733
YNL116W,YMR037C,0,-5.0674043,0.1644144207239151,0.6570000052452087,0.33390000462532043
YML064C,YLR256W-A,0,-5.067458,0.1643732786178589,0.6570000052452087,0.33399999141693115
YBR278W,YLR256W-A,0,-5.06756,0.16433216631412506,0.6570000052452087,0.33410000801086426
YGL055W,YDR018C,0,-5.0675826,0.16429106891155243,0.6570000052452087,0.334199994802475
YKL191W,YOL156W,0,-5.0679717,0.16425000131130219,0.6570000052452087,0.3343000113964081
YGR095C,YDR308C,0,-5.068126,0.16420894861221313,0.6570000052452087,0.3343999981880188
YDL143W,YER160C,0,-5.068151,0.16416791081428528,0.6570000052452087,0.3345000147819519
YOR307C,YLR035C-A,0,-5.068155,0.1641269028186798,0.6570000052452087,0.3346000015735626
YGL190C,YDR191W,0,-5.0681705,0.16408590972423553,0.6570000052452087,0.33469998836517334
YMR243C,YNL284C-B,0,-5.068173,0.16404494643211365,0.6570000052452087,0.33480000495910645
YLR145W,YDR210W-A,0,-5.0682235,0.16400399804115295,0.6570000052452087,0.33489999175071716
YLR320W,YMR201C,0,-5.0683637,0.16396306455135345,0.6570000052452087,0.33500000834465027
YLR384C,YBR129C,0,-5.068629,0.16392216086387634,0.6570000052452087,0.335099995136261
YNL148C,YNL029C,0,-5.069017,0.16388127207756042,0.6570000052452087,0.3352000117301941
YPR019W,YML045W,0,-5.069143,0.1638403981924057,0.6570000052452087,0.3352999985218048
YJR158W,YER111C,0,-5.0694866,0.16379955410957336,0.6570000052452087,0.3353999853134155
YPL133C,YCR080W,0,-5.069537,0.16375872492790222,0.6570000052452087,0.33550000190734863
YLR003C,YPR158W-B,0,-5.06955,0.16371791064739227,0.6570000052452087,0.33559998869895935
YNR049C,YCR062W,0,-5.06976,0.1636771261692047,0.6570000052452087,0.33570000529289246
YLR014C,YER138C,0,-5.0699105,0.16363635659217834,0.6570000052452087,0.3357999920845032
YOR147W,YPL193W,0,-5.069978,0.16359561681747437,0.6570000052452087,0.3359000086784363
YBR037C,YGR038C-B,0,-5.0700097,0.16355489194393158,0.6570000052452087,0.335999995470047
YPL069C,YML131W,0,-5.0700145,0.16351418197155,0.6570000052452087,0.3361000120639801
YCL026C-A,YCR080W,0,-5.070086,0.16347350180149078,0.6570000052452087,0.3361999988555908
YLR394W,YDR236C,0,-5.0701213,0.16343283653259277,0.6570000052452087,0.33629998564720154
YDR207C,YDR098C-A,0,-5.0702434,0.16339218616485596,0.6570000052452087,0.33640000224113464
YGR078C,YDR316W-A,0,-5.070296,0.16335156559944153,0.6570000052452087,0.33649998903274536
YPR183W,YHR079C-B,0,-5.070418,0.1633109599351883,0.6570000052452087,0.33660000562667847
YKL055C,YOL028C,0,-5.0704384,0.16327038407325745,0.6570000052452087,0.3366999924182892
YJR140C,YPL212C,0,-5.0704412,0.1632298082113266,0.6570000052452087,0.3368000090122223
YGL245W,YFL013C,0,-5.070575,0.16318927705287933,0.6570000052452087,0.336899995803833
YNL326C,YER013W,0,-5.07061,0.16314874589443207,0.6570000052452087,0.3370000123977661
YGL048C,YER005W,0,-5.0707965,0.1631082445383072,0.6570000052452087,0.33709999918937683
YPL127C,YKR095W,0,-5.0710235,0.1630677580833435,0.6570000052452087,0.33719998598098755
YGL173C,YDL003W,0,-5.071056,0.1630273014307022,0.6570000052452087,0.33730000257492065
YBL003C,YCL010C,0,-5.07111,0.1629868447780609,0.6570000052452087,0.33739998936653137
YOL139C,YOR236W,0,-5.0711412,0.1629464328289032,0.6570000052452087,0.3375000059604645
YHR183W,YBL003C,0,-5.071148,0.16290602087974548,0.6570000052452087,0.3375999927520752
YDR337W,YPR140W,0,-5.071162,0.16286563873291016,0.6570000052452087,0.3377000093460083
YMR312W,YLR318W,0,-5.071276,0.16282527148723602,0.6570000052452087,0.337799996137619
YKL185W,YNL280C,0,-5.0714455,0.16278493404388428,0.6570000052452087,0.3379000127315521
YEL009C,YGR038C-A,0,-5.0716457,0.16274461150169373,0.6570000052452087,0.33799999952316284
YJL031C,YDR135C,0,-5.071815,0.16270430386066437,0.6570000052452087,0.33809998631477356
YLR286C,YIL068C,1,-5.071854,0.16291160881519318,0.6579999923706055,0.33809998631477356
YML065W,YJL098W,0,-5.0718575,0.16287128627300262,0.6579999923706055,0.33820000290870667
YNL070W,YDR027C,0,-5.071984,0.16283097863197327,0.6579999923706055,0.3382999897003174
YOR233W,YIR018W,0,-5.0720887,0.1627907007932663,0.6579999923706055,0.3384000062942505
YER008C,YLR312C-B,1,-5.072131,0.162997767329216,0.6589999794960022,0.3384000062942505
YMR281W,YBR097W,0,-5.072147,0.16295747458934784,0.6589999794960022,0.3384999930858612
YPL265W,YHR205W,0,-5.0722,0.16291718184947968,0.6589999794960022,0.3386000096797943
YLR014C,YJR033C,0,-5.072351,0.1628769189119339,0.6589999794960022,0.33869999647140503
YJR160C,YCL003W,0,-5.072384,0.16283667087554932,0.6589999794960022,0.33880001306533813
YNL145W,YOR098C,0,-5.072745,0.16279643774032593,0.6589999794960022,0.33889999985694885
YDR301W,YNL248C,0,-5.072891,0.16275623440742493,0.6589999794960022,0.33899998664855957
YIL114C,YER151C,0,-5.072932,0.16271604597568512,0.6589999794960022,0.3391000032424927
YHR039C-B,YOR087W,0,-5.072977,0.1626758873462677,0.6589999794960022,0.3391999900341034
YCR061W,YOR338W,0,-5.073027,0.16263572871685028,0.6589999794960022,0.3393000066280365
YNL299W,YAR009C,0,-5.073165,0.16259561479091644,0.6589999794960022,0.3393999934196472
YHR205W,YCL075W,0,-5.0732,0.1625555008649826,0.6589999794960022,0.3395000100135803
YLR228C,YAL005C,0,-5.073539,0.16251541674137115,0.6589999794960022,0.33959999680519104
YNR053C,YGR059W,0,-5.0738626,0.1624753475189209,0.6589999794960022,0.33970001339912415
YBR254C,YIR026C,0,-5.073872,0.16243529319763184,0.6589999794960022,0.33980000019073486
YGL012W,YCL060C,0,-5.074122,0.16239526867866516,0.6589999794960022,0.3398999869823456
YLR328W,YOR308C,0,-5.0741496,0.16235525906085968,0.6589999794960022,0.3400000035762787
YMR184W,YFR048W,0,-5.074347,0.1623152643442154,0.6589999794960022,0.3400999903678894
YPR095C,YFR003C,0,-5.0745244,0.1622752994298935,0.6589999794960022,0.3402000069618225
YMR312W,YGR027W-B,0,-5.0745277,0.1622353494167328,0.6589999794960022,0.3402999937534332
YNR026C,YIL022W,0,-5.074648,0.16219542920589447,0.6589999794960022,0.34040001034736633
YGR024C,YFL002W-B,0,-5.0747094,0.16215550899505615,0.6589999794960022,0.34049999713897705
YPL049C,YJL033W,0,-5.074743,0.16211561858654022,0.6589999794960022,0.34060001373291016
YNL290W,YDR135C,0,-5.0748386,0.16207574307918549,0.6589999794960022,0.3407000005245209
YNL192W,YHR135C,1,-5.0748787,0.16228178143501282,0.6600000262260437,0.3407000005245209
YPL146C,YBR221C,0,-5.0749235,0.1622418910264969,0.6600000262260437,0.3407999873161316
YPR033C,YDR261C-D,0,-5.075151,0.16220201551914215,0.6600000262260437,0.3409000039100647
YOR079C,YGL019W,0,-5.0753427,0.1621621549129486,0.6600000262260437,0.3409999907016754
YJL145W,YPL139C,0,-5.0753827,0.16212232410907745,0.6600000262260437,0.3411000072956085
YDR098C-A,YOR060C,0,-5.075436,0.1620825082063675,0.6600000262260437,0.34119999408721924
YBR100W,YLR010C,0,-5.0755725,0.16204272210597992,0.6600000262260437,0.34130001068115234
YLR078C,YLR175W,0,-5.075713,0.16200295090675354,0.6600000262260437,0.34139999747276306
YPL137C,YMR283C,0,-5.075827,0.16196319460868835,0.6600000262260437,0.34150001406669617
YGL255W,YER137C-A,0,-5.0758777,0.16192345321178436,0.6600000262260437,0.3416000008583069
YCL031C,YDR365W-B,0,-5.0758777,0.16188374161720276,0.6600000262260437,0.3416999876499176
YCL012W,YNL084C,1,-5.07595,0.1620892584323883,0.6610000133514404,0.3416999876499176
YEL022W,YGL099W,0,-5.076061,0.16204951703548431,0.6610000133514404,0.3418000042438507
YOL054W,YOL121C,0,-5.0762963,0.1620098054409027,0.6610000133514404,0.3418999910354614
YLR380W,YCL051W,0,-5.076345,0.1619701087474823,0.6610000133514404,0.34200000762939453
YJR063W,YJL113W,0,-5.0764146,0.16193042695522308,0.6610000133514404,0.34209999442100525
YBR023C,YOL113W,1,-5.0765467,0.16213569045066833,0.6620000004768372,0.34209999442100525
YFL023W,YGR262C,1,-5.076556,0.16234084963798523,0.6629999876022339,0.34209999442100525
YGL012W,YGR181W,0,-5.076672,0.16230110824108124,0.6629999876022339,0.34220001101493835
YDR216W,YGR047C,0,-5.076742,0.16226138174533844,0.6629999876022339,0.3422999978065491
YNL214W,YOL146W,0,-5.0767694,0.16222168505191803,0.6629999876022339,0.3424000144004822
YNL130C,YCL005W-A,0,-5.077585,0.1621820032596588,0.6629999876022339,0.3425000011920929
YEL003W,YAL025C,0,-5.077791,0.1621423363685608,0.6629999876022339,0.3425999879837036
YCL043C,YKR072C,0,-5.077942,0.16210268437862396,0.6629999876022339,0.3427000045776367
YFL011W,YFL008W,0,-5.07819,0.16206306219100952,0.6629999876022339,0.34279999136924744
YLR284C,YDR451C,0,-5.078201,0.16202345490455627,0.6629999876022339,0.34290000796318054
YIR033W,YCL060C,0,-5.078321,0.16198387742042542,0.6629999876022339,0.34299999475479126
YOR232W,YCL062W,0,-5.0783477,0.16194431483745575,0.6629999876022339,0.34310001134872437
YHL019C,YCR039C,0,-5.0783844,0.16190476715564728,0.6629999876022339,0.3431999981403351
YMR272C,YKL006C-A,0,-5.0786295,0.161865234375,0.6629999876022339,0.3433000147342682
YLR005W,YPR137C-A,0,-5.0786686,0.1618257313966751,0.6629999876022339,0.3434000015258789
YDR077W,YCR062W,0,-5.0787272,0.1617862433195114,0.6629999876022339,0.3434999883174896
YML132W,YNL031C,0,-5.0787425,0.1617467701435089,0.6629999876022339,0.34360000491142273
YOR299W,YDR388W,1,-5.078794,0.1619512140750885,0.6639999747276306,0.34360000491142273
YMR287C,YDR422C,0,-5.0788946,0.1619117259979248,0.6639999747276306,0.34369999170303345
YPL208W,YBR012W-B,0,-5.079613,0.1618722528219223,0.6639999747276306,0.34380000829696655
YKL042W,YKR056W,0,-5.079716,0.1618328094482422,0.6639999747276306,0.34389999508857727
YML098W,YDL080C,0,-5.079852,0.16179336607456207,0.6639999747276306,0.3440000116825104
YDL148C,YMR214W,0,-5.0798783,0.16175395250320435,0.6639999747276306,0.3440999984741211
YDR150W,YDR034C-C,0,-5.080047,0.161714568734169,0.6639999747276306,0.3441999852657318
YEL036C,YPL060W,0,-5.0800853,0.16167518496513367,0.6639999747276306,0.3443000018596649
YMR287C,YPL147W,0,-5.080195,0.16163583099842072,0.6639999747276306,0.34439998865127563
YHR106W,YER159C-A,0,-5.0803976,0.16159649193286896,0.6639999747276306,0.34450000524520874
YEL016C,YCR062W,0,-5.0804124,0.1615571826696396,0.6639999747276306,0.34459999203681946
YFL036W,YER161C,0,-5.0804276,0.16151787340641022,0.6639999747276306,0.34470000863075256
YDL155W,YDR098C-A,0,-5.0804415,0.16147859394550323,0.6639999747276306,0.3447999954223633
YLL019C,YER159C-A,0,-5.0804415,0.16143934428691864,0.6639999747276306,0.3449000120162964
YCL032W,YDR098C-A,0,-5.0804634,0.16140009462833405,0.6639999747276306,0.3449999988079071
YBL093C,YPR158W-A,0,-5.080507,0.16136087477207184,0.6639999747276306,0.3450999855995178
YIL073C,YER148W,0,-5.0807114,0.16132166981697083,0.6639999747276306,0.3452000021934509
YDR420W,YBL061C,1,-5.080775,0.16152538359165192,0.6650000214576721,0.3452000021934509
YDL126C,YHR102W,0,-5.080785,0.1614861637353897,0.6650000214576721,0.34529998898506165
YFR051C,YCR080W,0,-5.08081,0.1614469587802887,0.6650000214576721,0.34540000557899475
YJR084W,YOR085W,0,-5.0808415,0.16140776872634888,0.6650000214576721,0.34549999237060547
YMR287C,YNR017W,0,-5.080885,0.16136859357357025,0.6650000214576721,0.3456000089645386
YNL061W,YOR157C,0,-5.08099,0.161329448223114,0.6650000214576721,0.3456999957561493
YPL268W,YDR261W-A,0,-5.081054,0.16129031777381897,0.6650000214576721,0.3458000123500824
YDR385W,YFL002W-B,0,-5.0811634,0.1612512171268463,0.6650000214576721,0.3458999991416931
YJR073C,YCR062W,0,-5.081728,0.16121211647987366,0.6650000214576721,0.34599998593330383
YPR122W,YMR032W,1,-5.081767,0.16141541302204132,0.6660000085830688,0.34599998593330383
YLR100W,YJL033W,0,-5.0819197,0.16137629747390747,0.6660000085830688,0.34610000252723694
YEL063C,YDR201W,0,-5.082008,0.161337211728096,0.6660000085830688,0.34619998931884766
YDR386W,YGR161W-A,0,-5.0820613,0.16129814088344574,0.6660000085830688,0.34630000591278076
YPR057W,YOR191W,0,-5.08211,0.16125908493995667,0.6660000085830688,0.3463999927043915
YPR199C,YOR056C,0,-5.082371,0.16122004389762878,0.6660000085830688,0.3465000092983246
YKL064W,YLL017W,0,-5.082474,0.1611810326576233,0.6660000085830688,0.3465999960899353
YOR310C,YKL015W,0,-5.082583,0.1611420214176178,0.6660000085830688,0.3467000126838684
YPR025C,YPL117C,0,-5.082887,0.1611030548810959,0.6660000085830688,0.3467999994754791
YLR264W,YOL103W-B,0,-5.083155,0.16106408834457397,0.6660000085830688,0.34689998626708984
YHR006W,YBR284W,0,-5.083163,0.16102515161037445,0.6660000085830688,0.34700000286102295
YHR053C,YHR079C-B,0,-5.083355,0.16098621487617493,0.6660000085830688,0.34709998965263367
YBR004C,YJL210W,0,-5.083376,0.16094732284545898,0.6660000085830688,0.3472000062465668
YNL074C,YKL070W,0,-5.083409,0.16090843081474304,0.6660000085830688,0.3472999930381775
YNR056C,YER159C-A,0,-5.0834618,0.1608695685863495,0.6660000085830688,0.3474000096321106
YBR283C,YOR142W-A,0,-5.083483,0.16083072125911713,0.6660000085830688,0.3474999964237213
YPL271W,YER035W,0,-5.0834947,0.16079188883304596,0.6660000085830688,0.3476000130176544
YOR233W,YLR455W,0,-5.0837483,0.160753071308136,0.6660000085830688,0.34769999980926514
YDR457W,YBR061C,0,-5.083759,0.1607142835855484,0.6660000085830688,0.34779998660087585
YDR440W,YDR167W,0,-5.0838017,0.160675510764122,0.6660000085830688,0.34790000319480896
YLR026C,YOR272W,0,-5.083834,0.1606367528438568,0.6660000085830688,0.3479999899864197
YOL142W,YDR210C-D,0,-5.0839653,0.160598024725914,0.6660000085830688,0.3481000065803528
YDR259C,YIL063C,0,-5.083992,0.16055931150913239,0.6660000085830688,0.3481999933719635
YPL129W,YGR161C-D,0,-5.0840306,0.16052061319351196,0.6660000085830688,0.3483000099658966
YFL039C,YNL327W,1,-5.0842485,0.16072289645671844,0.6669999957084656,0.3483000099658966
YPL117C,YLR410W-B,0,-5.0842934,0.16068416833877563,0.6669999957084656,0.3483999967575073
YPR007C,YNL007C,0,-5.0843954,0.1606454700231552,0.6669999957084656,0.34850001335144043
YLR353W,YBR023C,1,-5.084559,0.16084757447242737,0.6679999828338623,0.34850001335144043
YPL212C,YLR455W,0,-5.084618,0.16080886125564575,0.6679999828338623,0.34860000014305115
YGR276C,YHL025W,0,-5.084746,0.16077016294002533,0.6679999828338623,0.34869998693466187
YOR011W,YLR391W,0,-5.08503,0.1607314795255661,0.6679999828338623,0.34880000352859497
YMR281W,YDR280W,0,-5.085319,0.16069281101226807,0.6679999828338623,0.3488999903202057
YGR057C,YGR147C,0,-5.085629,0.16065415740013123,0.6679999828338623,0.3490000069141388
YBR091C,YML040W,0,-5.085819,0.16061553359031677,0.6679999828338623,0.3490999937057495
YGL012W,YPR054W,0,-5.0859714,0.1605769246816635,0.6679999828338623,0.3492000102996826
YML107C,YIL029C,0,-5.0860333,0.16053833067417145,0.6679999828338623,0.34929999709129333
YAL033W,YDR065W,0,-5.086531,0.16049976646900177,0.6679999828338623,0.34940001368522644
YHR072W,YJL069C,0,-5.0865617,0.1604612022638321,0.6679999828338623,0.34950000047683716
YJR140C,YPL147W,0,-5.086582,0.1604226678609848,0.6679999828338623,0.3495999872684479
YCL055W,YIL119C,0,-5.086792,0.1603841483592987,0.6679999828338623,0.349700003862381
YMR014W,YGR152C,1,-5.0869,0.1605856865644455,0.6690000295639038,0.349700003862381
YPR105C,YOL102C,0,-5.0869956,0.1605471521615982,0.6690000295639038,0.3497999906539917
YOR079C,YLR139C,0,-5.087099,0.1605086326599121,0.6690000295639038,0.3499000072479248
YGR082W,YDR261C-D,0,-5.087183,0.1604701429605484,0.6690000295639038,0.3499999940395355
YNL116W,YPR178W,0,-5.087216,0.1604316532611847,0.6690000295639038,0.35010001063346863
YDR106W,YOL008W,0,-5.0872216,0.16039319336414337,0.6690000295639038,0.35019999742507935
YJL134W,YGR181W,0,-5.087393,0.16035474836826324,0.6690000295639038,0.35030001401901245
YOL059W,YDR418W,0,-5.087753,0.1603163182735443,0.6690000295639038,0.35040000081062317
YNR067C,YDR328C,1,-5.0878625,0.16051748394966125,0.6700000166893005,0.35040000081062317
YDR188W,YDL064W,0,-5.0879936,0.16047903895378113,0.6700000166893005,0.3504999876022339
YBR245C,YPL212C,0,-5.088106,0.1604406088590622,0.6700000166893005,0.350600004196167
YJR126C,YAR010C,0,-5.088331,0.16040220856666565,0.6700000166893005,0.3506999909877777
YER126C,YOL103W-B,0,-5.0885835,0.1603638082742691,0.6700000166893005,0.3508000075817108
YOR133W,YDR261C-D,0,-5.0886707,0.16032543778419495,0.6700000166893005,0.35089999437332153
YGR041W,YDR129C,1,-5.0888186,0.1605263203382492,0.6710000038146973,0.35089999437332153
YPR183W,YOR343W-A,0,-5.0893273,0.16048792004585266,0.6710000038146973,0.35100001096725464
YGR200C,YDL084W,0,-5.0893393,0.1604495495557785,0.6710000038146973,0.35109999775886536
YER116C,YDL190C,0,-5.089394,0.16041119396686554,0.6710000038146973,0.35120001435279846
YDR473C,YPL210C,0,-5.0897703,0.16037285327911377,0.6710000038146973,0.3513000011444092
YEL027W,YKL176C,0,-5.09018,0.1603345274925232,0.6710000038146973,0.3513999879360199
YKL048C,YCR009C,1,-5.090644,0.16053511202335358,0.671999990940094,0.3513999879360199
YPR182W,YMR284W,0,-5.090691,0.1604967713356018,0.671999990940094,0.351500004529953
YCR107W,YIL173W,0,-5.0908017,0.16045844554901123,0.671999990940094,0.3515999913215637
YPR100W,YBR289W,0,-5.0908713,0.16042014956474304,0.671999990940094,0.3517000079154968
YLR147C,YPL020C,0,-5.090877,0.16038186848163605,0.671999990940094,0.35179999470710754
YER177W,YGR161W-B,0,-5.091122,0.16034358739852905,0.671999990940094,0.35190001130104065
YGL021W,YKL004W,0,-5.091128,0.16030533611774445,0.671999990940094,0.35199999809265137
YML116W,YJL062W,0,-5.091305,0.16026711463928223,0.671999990940094,0.3521000146865845
YKL150W,YLR455W,0,-5.0914435,0.16022889316082,0.671999990940094,0.3522000014781952
YNL206C,YOR159C,0,-5.091447,0.16019070148468018,0.671999990940094,0.3522999882698059
YPL110C,YGR161W-A,0,-5.0914726,0.16015252470970154,0.671999990940094,0.352400004863739
YDR081C,YGR143W,0,-5.091583,0.1601143628358841,0.671999990940094,0.35249999165534973
YNL230C,YFR055W,0,-5.09176,0.16007623076438904,0.671999990940094,0.35260000824928284
YDL083C,YPR158W-B,0,-5.0918226,0.16003809869289398,0.671999990940094,0.35269999504089355
YLL061W,YHR214C-B,0,-5.0918756,0.1599999964237213,0.671999990940094,0.35280001163482666
YER019W,YLR266C,0,-5.091947,0.15996190905570984,0.671999990940094,0.3528999984264374
YFR019W,YGL205W,0,-5.0920215,0.15992385149002075,0.671999990940094,0.3529999852180481
YFL041W,YFR040W,0,-5.0921607,0.15988579392433167,0.671999990940094,0.3531000018119812
YDR141C,YJL091C,0,-5.0921817,0.15984776616096497,0.671999990940094,0.3531999886035919
YBR040W,YLR467W,0,-5.0921884,0.15980975329875946,0.671999990940094,0.353300005197525
YBR097W,YLR020C,0,-5.0922575,0.15977175533771515,0.671999990940094,0.35339999198913574
YER007W,YBR294W,0,-5.092468,0.15973377227783203,0.671999990940094,0.35350000858306885
YDR432W,YDR363W-A,0,-5.0928288,0.1596958190202713,0.671999990940094,0.35359999537467957
YDR265W,YER075C,0,-5.0929723,0.15965788066387177,0.671999990940094,0.35370001196861267
YNL166C,YKL129C,1,-5.093572,0.15985748171806335,0.6729999780654907,0.35370001196861267
YPL194W,YOR144C,0,-5.093618,0.15981951355934143,0.6729999780654907,0.3537999987602234
YPR105C,YDR260C,0,-5.0937257,0.1597815752029419,0.6729999780654907,0.3538999855518341
YIL040W,YKL208W,0,-5.09397,0.15974365174770355,0.6729999780654907,0.3540000021457672
YER161C,YPL122C,0,-5.0940285,0.1597057431936264,0.6729999780654907,0.35409998893737793
YDR245W,YCR057C,1,-5.0941467,0.1599051058292389,0.6740000247955322,0.35409998893737793
YLR411W,YHR026W,0,-5.094363,0.15986716747283936,0.6740000247955322,0.35420000553131104
YLR304C,YPL033C,0,-5.094377,0.1598292589187622,0.6740000247955322,0.35429999232292175
YKR027W,YNL113W,0,-5.0945325,0.15979136526584625,0.6740000247955322,0.35440000891685486
YMR149W,YDR322C-A,0,-5.0947022,0.15975350141525269,0.6740000247955322,0.3544999957084656
YJR145C,YOR343W-A,0,-5.0947995,0.15971563756465912,0.6740000247955322,0.3546000123023987
YDL226C,YNL284C-B,0,-5.0947995,0.15967780351638794,0.6740000247955322,0.3546999990940094
YJL117W,YDR260C,0,-5.094874,0.15963998436927795,0.6740000247955322,0.3547999858856201
YBR210W,YLR312C-B,1,-5.0949144,0.1598389744758606,0.675000011920929,0.3547999858856201
YMR288W,YDR322C-A,0,-5.0950866,0.15980114042758942,0.675000011920929,0.3549000024795532
YDR036C,YHR084W,0,-5.095618,0.15976330637931824,0.675000011920929,0.35499998927116394
YDL134C,YNL044W,0,-5.095795,0.15972550213336945,0.675000011920929,0.35510000586509705
YCL043C,YOR343W-B,0,-5.0962,0.15968772768974304,0.675000011920929,0.35519999265670776
YCL012W,YLR084C,1,-5.0963063,0.1598864644765854,0.6759999990463257,0.35519999265670776
YDR182W,YOR106W,0,-5.09642,0.1598486602306366,0.6759999990463257,0.35530000925064087
YHR050W,YLR386W,0,-5.0968895,0.159810870885849,0.6759999990463257,0.3553999960422516
YDL078C,YER087C-A,0,-5.0969357,0.1597730964422226,0.6759999990463257,0.3555000126361847
YHR011W,YIL123W,0,-5.09712,0.15973535180091858,0.6759999990463257,0.3555999994277954
YHR187W,YPR187W,0,-5.0971985,0.15969760715961456,0.6759999990463257,0.35569998621940613
YDL161W,YOR346W,0,-5.0972376,0.15965989232063293,0.6759999990463257,0.35580000281333923
YOR103C,YJL098W,0,-5.097465,0.1596221923828125,0.6759999990463257,0.35589998960494995
YER164W,YNL207W,0,-5.0975432,0.15958450734615326,0.6759999990463257,0.35600000619888306
YGR095C,YGL066W,0,-5.097953,0.1595468521118164,0.6759999990463257,0.3560999929904938
YER087C-A,YBR077C,0,-5.0981393,0.15950919687747955,0.6759999990463257,0.3562000095844269
YGR113W,YDR498C,0,-5.0983367,0.1594715714454651,0.6759999990463257,0.3562999963760376
YGL021W,YHR183W,0,-5.0984044,0.15943396091461182,0.6759999990463257,0.3564000129699707
YLR391W-A,YDR162C,0,-5.0984263,0.15939636528491974,0.6759999990463257,0.3564999997615814
YPR070W,YDR457W,0,-5.0985475,0.15935879945755005,0.6759999990463257,0.35659998655319214
YOR226C,YPR198W,0,-5.098776,0.15932123363018036,0.6759999990463257,0.35670000314712524
YLR274W,YEL030W,0,-5.09878,0.15928369760513306,0.6759999990463257,0.35679998993873596
YER174C,YCR091W,0,-5.0990443,0.15924617648124695,0.6759999990463257,0.35690000653266907
YDR421W,YJR029W,0,-5.099417,0.15920867025852203,0.6759999990463257,0.3569999933242798
YNL009W,YJR050W,0,-5.099524,0.1591711789369583,0.6759999990463257,0.3571000099182129
YCR086W,YML038C,0,-5.0997186,0.15913371741771698,0.6759999990463257,0.3571999967098236
YBL040C,YPL188W,0,-5.0998683,0.15909625589847565,0.6759999990463257,0.3573000133037567
YFR046C,YKL032C,0,-5.100023,0.1590588241815567,0.6759999990463257,0.35740000009536743
YER073W,YJR120W,0,-5.1000524,0.15902140736579895,0.6759999990463257,0.35749998688697815
YMR288W,YHR024C,0,-5.100736,0.1589840054512024,0.6759999990463257,0.35760000348091125
YJL168C,YGR181W,0,-5.100748,0.15894663333892822,0.6759999990463257,0.357699990272522
YBR121C,YNR059W,0,-5.10082,0.15890926122665405,0.6759999990463257,0.3578000068664551
YBR210W,YIL095W,1,-5.100875,0.15910694003105164,0.6769999861717224,0.3578000068664551
YEL029C,YDR129C,1,-5.100954,0.15930451452732086,0.6779999732971191,0.3578000068664551
YBR039W,YIR015W,0,-5.1009793,0.15926708281040192,0.6779999732971191,0.3578999936580658
YDL134C,YGL053W,0,-5.101226,0.15922968089580536,0.6779999732971191,0.3580000102519989
YGR249W,YKL043W,0,-5.101679,0.15919229388237,0.6779999732971191,0.3580999970436096
YKR019C,YLR292C,0,-5.1020894,0.15915493667125702,0.6779999732971191,0.3582000136375427
YLR314C,YNL243W,1,-5.102184,0.15935225784778595,0.6790000200271606,0.3582000136375427
YCL055W,YKL051W,0,-5.102388,0.15931487083435059,0.6790000200271606,0.35830000042915344
YLR135W,YLR222C,0,-5.1025715,0.15927749872207642,0.6790000200271606,0.35839998722076416
YFL011W-A,YJL210W,0,-5.102615,0.15924015641212463,0.6790000200271606,0.35850000381469727
YOR249C,YLR417W,0,-5.102652,0.15920281410217285,0.6790000200271606,0.358599990606308
YKR003W,YDR459C,0,-5.1031995,0.15916550159454346,0.6790000200271606,0.3587000072002411
YDL035C,YBR223C,0,-5.1036744,0.15912818908691406,0.6790000200271606,0.3587999939918518
YLR381W,YNL123W,0,-5.1039286,0.15909090638160706,0.6790000200271606,0.3589000105857849
YPL231W,YIL173W,0,-5.1041474,0.15905363857746124,0.6790000200271606,0.35899999737739563
YMR216C,YOR308C,0,-5.104174,0.15901640057563782,0.6790000200271606,0.35910001397132874
YCL017C,YOL028C,0,-5.104175,0.1589791625738144,0.6790000200271606,0.35920000076293945
YDL245C,YNR052C,0,-5.1043305,0.15894195437431335,0.6790000200271606,0.35929998755455017
YAL010C,YIR022W,0,-5.104461,0.15890474617481232,0.6790000200271606,0.3594000041484833
YBL005W,YNL330C,0,-5.1047025,0.15886756777763367,0.6790000200271606,0.359499990940094
YGR144W,YLR035C-A,0,-5.104928,0.1588304042816162,0.6790000200271606,0.3596000075340271
YAR019C,YLR337W,1,-5.105169,0.1590271294116974,0.6800000071525574,0.3596000075340271
YDL112W,YNL044W,0,-5.1051984,0.15898995101451874,0.6800000071525574,0.3596999943256378
YER028C,YJL133W,0,-5.105574,0.15895278751850128,0.6800000071525574,0.3598000109195709
YDR211W,YJL148W,0,-5.1057067,0.15891563892364502,0.6800000071525574,0.35989999771118164
YPR171W,YDL126C,0,-5.106046,0.15887850522994995,0.6800000071525574,0.36000001430511475
YNL293W,YOR008C-A,0,-5.106066,0.15884138643741608,0.6800000071525574,0.36010000109672546
YNR067C,YCR057C,1,-5.1062713,0.15903782844543457,0.6809999942779541,0.36010000109672546
YDR254W,YLR139C,0,-5.106443,0.1590006947517395,0.6809999942779541,0.3601999878883362
YNL250W,YOR338W,0,-5.106831,0.15896359086036682,0.6809999942779541,0.3603000044822693
YJR017C,YDR116C,0,-5.1070905,0.15892648696899414,0.6809999942779541,0.36039999127388
YEL022W,YDR167W,0,-5.107132,0.15888941287994385,0.6809999942779541,0.3605000078678131
YOR005C,YPL275W,0,-5.1073637,0.15885233879089355,0.6809999942779541,0.36059999465942383
YBR158W,YER041W,0,-5.107611,0.15881529450416565,0.6809999942779541,0.36070001125335693
YOR361C,YKL117W,0,-5.107649,0.15877826511859894,0.6809999942779541,0.36079999804496765
YCR039C,YJL203W,0,-5.1078353,0.15874126553535461,0.6809999942779541,0.36090001463890076
YMR116C,YML010W,0,-5.1078877,0.1587042659521103,0.6809999942779541,0.3610000014305115
YDL143W,YHR079C-B,0,-5.108133,0.15866728127002716,0.6809999942779541,0.3610999882221222
YPL170W,YMR150C,0,-5.10825,0.15863032639026642,0.6809999942779541,0.3612000048160553
YNR074C,YJL192C,0,-5.1083417,0.15859338641166687,0.6809999942779541,0.361299991607666
YLR391W-A,YPL174C,0,-5.1083994,0.15855646133422852,0.6809999942779541,0.3614000082015991
YGR118W,YDR316W-B,0,-5.108676,0.15851955115795135,0.6809999942779541,0.36149999499320984
YMR043W,YGR158C,0,-5.108817,0.1584826558828354,0.6809999942779541,0.36160001158714294
YGR014W,YDR247W,0,-5.1089664,0.1584457904100418,0.6809999942779541,0.36169999837875366
YPL049C,YPL275W,0,-5.1091323,0.15840892493724823,0.6809999942779541,0.3617999851703644
YOL091W,YLR386W,0,-5.1091533,0.15837208926677704,0.6809999942779541,0.3619000017642975
YLR391W,YDL017W,0,-5.1104856,0.15833526849746704,0.6809999942779541,0.3619999885559082
YDR163W,YMR272C,0,-5.1108956,0.15829846262931824,0.6809999942779541,0.3621000051498413
YKL165C,YGR099W,0,-5.111193,0.15826167166233063,0.6809999942779541,0.362199991941452
YGR191W,YFL035C,0,-5.1112113,0.1582249104976654,0.6809999942779541,0.36230000853538513
YLR242C,YGL062W,0,-5.1112475,0.15818814933300018,0.6809999942779541,0.36239999532699585
YJL061W,YDR200C,0,-5.1113114,0.15815141797065735,0.6809999942779541,0.36250001192092896
YEL003W,YBL102W,0,-5.111481,0.1581147015094757,0.6809999942779541,0.3625999987125397
YBR010W,YPR018W,0,-5.1114993,0.15807799994945526,0.6809999942779541,0.3626999855041504
YDL022W,YDR079C-A,0,-5.1115823,0.158041313290596,0.6809999942779541,0.3628000020980835
YGL200C,YNL290W,0,-5.1117463,0.15800464153289795,0.6809999942779541,0.3628999888896942
YMR220W,YLR332W,0,-5.1117463,0.15796798467636108,0.6809999942779541,0.3630000054836273
YOL164W,YER012W,0,-5.1120143,0.1579313576221466,0.6809999942779541,0.36309999227523804
YGR166W,YKL045W,0,-5.112268,0.15789473056793213,0.6809999942779541,0.36320000886917114
YNL271C,YDL225W,1,-5.1127024,0.15808993577957153,0.6819999814033508,0.36320000886917114
YPR141C,YBR136W,0,-5.1131887,0.15805330872535706,0.6819999814033508,0.36329999566078186
YFR024C,YMR142C,0,-5.1134133,0.15801668167114258,0.6819999814033508,0.36340001225471497
YGR121C,YDR529C,0,-5.113417,0.1579800844192505,0.6819999814033508,0.3634999990463257
YCL060C,YPL016W,0,-5.1134934,0.1579434871673584,0.6819999814033508,0.3635999858379364
YHR091C,YHL009C,0,-5.113644,0.1579069197177887,0.6819999814033508,0.3637000024318695
YDR174W,YOR361C,0,-5.1139026,0.1578703671693802,0.6819999814033508,0.3637999892234802
YGL073W,YOR373W,0,-5.1140914,0.15783382952213287,0.6819999814033508,0.36390000581741333
YJR092W,YLR312C-B,1,-5.1140914,0.15802869200706482,0.6830000281333923,0.36390000581741333
YLR381W,YDR265W,0,-5.114262,0.1579921394586563,0.6830000281333923,0.36399999260902405
YER178W,YDL195W,0,-5.1143785,0.157955601811409,0.6830000281333923,0.36410000920295715
YGR097W,YHR205W,0,-5.1144276,0.15791907906532288,0.6830000281333923,0.36419999599456787
YPL275W,YKL012W,0,-5.114439,0.15788257122039795,0.6830000281333923,0.364300012588501
YFL010W-A,YNL210W,0,-5.1149297,0.15784607827663422,0.6830000281333923,0.3643999993801117
YDR414C,YMR224C,0,-5.1149344,0.15780961513519287,0.6830000281333923,0.3644999861717224
YLR107W,YER160C,0,-5.114969,0.15777315199375153,0.6830000281333923,0.3646000027656555
YGL105W,YAL013W,0,-5.1153846,0.15773671865463257,0.6830000281333923,0.36469998955726624
YIL079C,YNL273W,0,-5.1156926,0.1577003002166748,0.6830000281333923,0.36480000615119934
YPL200W,YOL021C,0,-5.1157246,0.15766389667987823,0.6830000281333923,0.36489999294281006
YDR363W,YER087C-B,0,-5.1161256,0.15762750804424286,0.6830000281333923,0.36500000953674316
YIL159W,YPL242C,1,-5.116231,0.1578218787908554,0.6840000152587891,0.36500000953674316
YFL033C,YOR084W,0,-5.1165185,0.15778546035289764,0.6840000152587891,0.3650999963283539
YDL008W,YKL085W,0,-5.1165805,0.15774907171726227,0.6840000152587891,0.365200012922287
YGR256W,YPL016W,0,-5.116696,0.15771269798278809,0.6840000152587891,0.3652999997138977
YBR143C,YLR337W,1,-5.1167245,0.15790687501430511,0.6850000023841858,0.3652999997138977
YIL017W,YMR104C,0,-5.116731,0.15787047147750854,0.6850000023841858,0.3653999865055084
YLR095C,YDR443C,0,-5.117079,0.15783409774303436,0.6850000023841858,0.36550000309944153
YPL010W,YGL135W,0,-5.117105,0.15779773890972137,0.6850000023841858,0.36559998989105225
YFR013W,YCL051W,0,-5.117159,0.15776139497756958,0.6850000023841858,0.36570000648498535
YNL271C,YDR166C,1,-5.1175675,0.1579553335905075,0.6859999895095825,0.36570000648498535
YOR018W,YCL069W,0,-5.1177573,0.15791897475719452,0.6859999895095825,0.36579999327659607
YIL118W,YBL106C,0,-5.118015,0.15788263082504272,0.6859999895095825,0.3659000098705292
YOR061W,YER019C-A,0,-5.118151,0.15784630179405212,0.6859999895095825,0.3659999966621399
YHR061C,YCR057C,1,-5.1181884,0.15804003179073334,0.6869999766349792,0.3659999966621399
YMR198W,YNL330C,0,-5.1182632,0.15800367295742035,0.6869999766349792,0.366100013256073
YIR010W,YER018C,0,-5.1183114,0.15796734392642975,0.6869999766349792,0.3662000000476837
YER149C,YCR058C,1,-5.1184087,0.15816092491149902,0.6880000233650208,0.3662000000476837
YER149C,YCR055C,1,-5.1184087,0.15835440158843994,0.6890000104904175,0.3662000000476837
YDL185W,YPL283C,0,-5.118656,0.15831801295280457,0.6890000104904175,0.36629998683929443
YNL259C,YGR008C,0,-5.1188607,0.15828163921833038,0.6890000104904175,0.36640000343322754
YFL011W-A,YBR121C,0,-5.1190434,0.1582452952861786,0.6890000104904175,0.36649999022483826
YDR189W,YGL210W,0,-5.119465,0.1582089513540268,0.6890000104904175,0.36660000681877136
YML012W,YDR365C,0,-5.11951,0.1581726372241974,0.6890000104904175,0.3666999936103821
YPL170W,YBR050C,0,-5.1196113,0.15813633799552917,0.6890000104904175,0.3668000102043152
YCL051W,YJL104W,0,-5.119614,0.15810003876686096,0.6890000104904175,0.3668999969959259
YLL026W,YLR320W,0,-5.1196404,0.15806376934051514,0.6890000104904175,0.367000013589859
YJL092W,YOR076C,0,-5.1196733,0.1580275297164917,0.6890000104904175,0.3671000003814697
YOR326W,YLR312C-B,1,-5.119712,0.1582205891609192,0.6899999976158142,0.3671000003814697
YBR121C,YDR065W,0,-5.120118,0.15818431973457336,0.6899999976158142,0.36719998717308044
YLR391W-A,YMR202W,0,-5.1201625,0.15814806520938873,0.6899999976158142,0.36730000376701355
YAR010C,YDL109C,0,-5.1202607,0.1581118255853653,0.6899999976158142,0.36739999055862427
YPR082C,YJL036W,0,-5.120321,0.15807560086250305,0.6899999976158142,0.3675000071525574
YCR080W,YML098W,0,-5.1204405,0.158039391040802,0.6899999976158142,0.3675999939441681
YJL100W,YFL002W-A,0,-5.1206374,0.15800321102142334,0.6899999976158142,0.3677000105381012
YGL122C,YDR057W,0,-5.1206965,0.15796703100204468,0.6899999976158142,0.3677999973297119
YPL118W,YIL023C,0,-5.1208816,0.1579308807849884,0.6899999976158142,0.367900013923645
YLR085C,YOR269W,0,-5.120923,0.15789473056793213,0.6899999976158142,0.36800000071525574
YHR073W,YIL056W,0,-5.1213317,0.15785861015319824,0.6899999976158142,0.36809998750686646
YBR257W,YLR263W,0,-5.1213884,0.15782250463962555,0.6899999976158142,0.36820000410079956
YGL201C,YCL008C,0,-5.1214843,0.15778641402721405,0.6899999976158142,0.3682999908924103
YHR061C,YLL021W,1,-5.1216865,0.15797896683216095,0.6909999847412109,0.3682999908924103
YMR234W,YOR315W,0,-5.1220417,0.15794286131858826,0.6909999847412109,0.3684000074863434
YER012W,YLR139C,0,-5.1228976,0.15790677070617676,0.6909999847412109,0.3684999942779541
YPL200W,YMR225C,0,-5.1229177,0.15787069499492645,0.6909999847412109,0.3686000108718872
YOR250C,YJL109C,0,-5.1230464,0.15783463418483734,0.6909999847412109,0.3686999976634979
YKL112W,YLR005W,0,-5.123199,0.15779858827590942,0.6909999847412109,0.36880001425743103
YOL113W,YLR337C,1,-5.123325,0.15799087285995483,0.6919999718666077,0.36880001425743103
YGR247W,YBL103C,0,-5.123446,0.15795481204986572,0.6919999718666077,0.36890000104904175
YPL132W,YGL172W,0,-5.123506,0.1579187512397766,0.6919999718666077,0.36899998784065247
YOR136W,YCR106W,0,-5.1238084,0.15788273513317108,0.6919999718666077,0.36910000443458557
YMR240C,YDR515W,0,-5.1242394,0.15784671902656555,0.6919999718666077,0.3691999912261963
YDL079C,YOR003W,0,-5.124393,0.15781071782112122,0.6919999718666077,0.3693000078201294
YDR238C,YGR013W,0,-5.1245055,0.15777473151683807,0.6919999718666077,0.3693999946117401
YLR026C,YEL002C,0,-5.124536,0.15773877501487732,0.6919999718666077,0.3695000112056732
YFL039C,YKL048C,1,-5.124555,0.15793071687221527,0.6930000185966492,0.3695000112056732
YNL245C,YLR086W,0,-5.124886,0.15789473056793213,0.6930000185966492,0.36959999799728394
YBR023C,YLR337W,1,-5.1253014,0.15808655321598053,0.6940000057220459,0.36959999799728394
YGR145W,YDR379W,0,-5.125324,0.1580505520105362,0.6940000057220459,0.36970001459121704
YML127W,YCR080W,0,-5.125482,0.15801456570625305,0.6940000057220459,0.36980000138282776
YDR283C,YJL183W,0,-5.125502,0.1579786092042923,0.6940000057220459,0.3698999881744385
YDL232W,YIL082W-A,0,-5.125566,0.15794265270233154,0.6940000057220459,0.3700000047683716
YBR158W,YDL031W,0,-5.1259627,0.15790671110153198,0.6940000057220459,0.3700999915599823
YLR256W,YPL212C,0,-5.125972,0.15787078440189362,0.6940000057220459,0.3702000081539154
YLR153C,YFR005C,0,-5.1261554,0.15783488750457764,0.6940000057220459,0.3702999949455261
YPL119C,YGL236C,0,-5.1262345,0.15779900550842285,0.6940000057220459,0.37040001153945923
YFL024C,YLR288C,0,-5.126309,0.15776312351226807,0.6940000057220459,0.37049999833106995
YOR056C,YNR048W,0,-5.126764,0.15772727131843567,0.6940000057220459,0.37059998512268066
YPR052C,YIL030C,0,-5.127042,0.15769143402576447,0.6940000057220459,0.37070000171661377
YPR200C,YMR216C,0,-5.1271873,0.15765561163425446,0.6940000057220459,0.3707999885082245
YGL256W,YKL191W,0,-5.1272283,0.15761980414390564,0.6940000057220459,0.3709000051021576
YIL040W,YDR381W,0,-5.1275616,0.15758401155471802,0.6940000057220459,0.3709999918937683
YOR299W,YAR019C,1,-5.1279063,0.15777525305747986,0.6949999928474426,0.3709999918937683
YKL004W,YNL280C,0,-5.12795,0.15773944556713104,0.6949999928474426,0.3711000084877014
YGL089C,YFL003C,0,-5.1280346,0.15770365297794342,0.6949999928474426,0.37119999527931213
YKL059C,YOR160W,0,-5.128097,0.157667875289917,0.6949999928474426,0.37130001187324524
YNL118C,YHR115C,0,-5.1281123,0.15763211250305176,0.6949999928474426,0.37139999866485596
YGR091W,YKR059W,0,-5.1281667,0.15759636461734772,0.6949999928474426,0.3714999854564667
YDR377W,YDL058W,0,-5.128223,0.15756064653396606,0.6949999928474426,0.3716000020503998
YBR155W,YPR082C,0,-5.128226,0.1575249284505844,0.6949999928474426,0.3716999888420105
YDL022W,YLR455W,0,-5.1283593,0.15748924016952515,0.6949999928474426,0.3718000054359436
YKL070W,YLR455W,0,-5.1283674,0.15745355188846588,0.6949999928474426,0.3718999922275543
YNL172W,YOR209C,0,-5.128368,0.157417893409729,0.6949999928474426,0.3720000088214874
YPR141C,YHL006C,0,-5.128389,0.15738224983215332,0.6949999928474426,0.37209999561309814
YNL084C,YBR143C,1,-5.1285768,0.15757301449775696,0.6959999799728394,0.37209999561309814
YDL087C,YPL022W,0,-5.12884,0.1575373411178589,0.6959999799728394,0.37220001220703125
YPR002W,YJL143W,0,-5.1290083,0.1575016975402832,0.6959999799728394,0.37229999899864197
YGL014W,YLL003W,0,-5.1290092,0.1574660688638687,0.6959999799728394,0.3723999857902527
YCR057C,YLR337C,1,-5.129087,0.15765663981437683,0.6970000267028809,0.3723999857902527
YEL063C,YDR480W,0,-5.1293316,0.15762098133563995,0.6970000267028809,0.3725000023841858
YJR092W,YOR301W,1,-5.129888,0.15781143307685852,0.6980000138282776,0.3725000023841858
YGL257C,YNR048W,0,-5.13005,0.15777577459812164,0.6980000138282776,0.3725999891757965
YHL011C,YFL017W-A,0,-5.130072,0.15774011611938477,0.6980000138282776,0.3727000057697296
YEL017C-A,YDL244W,0,-5.1300726,0.15770447254180908,0.6980000138282776,0.37279999256134033
YGR081C,YGR054W,0,-5.130386,0.1576688438653946,0.6980000138282776,0.37290000915527344
YLR259C,YOR172W,0,-5.130403,0.1576332449913025,0.6980000138282776,0.37299999594688416
YOL069W,YOL143C,0,-5.1304765,0.1575976461172104,0.6980000138282776,0.37310001254081726
YMR109W,YPR055W,1,-5.1306357,0.15778781473636627,0.6990000009536743,0.37310001254081726
YBR160W,YGR013W,0,-5.1307135,0.15775220096111298,0.6990000009536743,0.373199999332428
YOL026C,YCL020W,0,-5.130742,0.15771660208702087,0.6990000009536743,0.3732999861240387
YLR405W,YNL046W,0,-5.130801,0.15768103301525116,0.6990000009536743,0.3734000027179718
YML081C-A,YMR210W,0,-5.131187,0.15764546394348145,0.6990000009536743,0.3734999895095825
YOR179C,YJL059W,0,-5.1313453,0.15760992467403412,0.6990000009536743,0.3736000061035156
YBR004C,YPR068C,0,-5.1313577,0.1575743854045868,0.6990000009536743,0.37369999289512634
YGL150C,YLR048W,0,-5.131465,0.15753887593746185,0.6990000009536743,0.37380000948905945
YBR211C,YOR210W,0,-5.131498,0.1575033813714981,0.6990000009536743,0.37389999628067017
YDR529C,YDR076W,0,-5.131964,0.15746790170669556,0.6990000009536743,0.37400001287460327
YFR021W,YPR070W,0,-5.1322985,0.1574324369430542,0.6990000009536743,0.374099999666214
YJR074W,YJL129C,0,-5.132341,0.15739698708057404,0.6990000009536743,0.3741999864578247
YGR218W,YDR318W,0,-5.132615,0.15736155211925507,0.6990000009536743,0.3743000030517578
YDR195W,YOR140W,0,-5.13271,0.1573261320590973,0.6990000009536743,0.37439998984336853
YPR103W,YFL026W,0,-5.1328626,0.1572907269001007,0.6990000009536743,0.37450000643730164
YJL209W,YML012W,0,-5.1328993,0.15725533664226532,0.6990000009536743,0.37459999322891235
YNL166C,YPR188C,1,-5.1328998,0.15744489431381226,0.699999988079071,0.37459999322891235
YLR399C,YNL281W,0,-5.132944,0.15740948915481567,0.699999988079071,0.37470000982284546
YCL043C,YMR134W,0,-5.1331725,0.15737409889698029,0.699999988079071,0.3747999966144562
YJR050W,YLR424W,0,-5.1332498,0.1573387235403061,0.699999988079071,0.3749000132083893
YHR154W,YCR053W,0,-5.1333494,0.15730337798595428,0.699999988079071,0.375
YLR391W-A,YDR322C-A,0,-5.1337695,0.15726803243160248,0.699999988079071,0.3750999867916107
YJL125C,YGR212W,0,-5.13386,0.15723270177841187,0.699999988079071,0.3752000033855438
YNL332W,YCL075W,0,-5.13388,0.15719740092754364,0.699999988079071,0.37529999017715454
YEL003W,YGL092W,0,-5.1342683,0.15716210007667542,0.699999988079071,0.37540000677108765
YJR108W,YMR055C,0,-5.134341,0.15712682902812958,0.699999988079071,0.37549999356269836
YBR029C,YDR181C,0,-5.1344357,0.15709155797958374,0.699999988079071,0.37560001015663147
YNL332W,YMR197C,0,-5.1344438,0.1570563167333603,0.699999988079071,0.3756999969482422
YDR245W,YDR166C,1,-5.134568,0.15724539756774902,0.7009999752044678,0.3756999969482422
YML071C,YFL017W-A,0,-5.1347175,0.15721014142036438,0.7009999752044678,0.3758000135421753
YGL201C,YDR359C,0,-5.1349955,0.15717488527297974,0.7009999752044678,0.375900000333786
YNL142W,YCL075W,0,-5.135135,0.15713965892791748,0.7009999752044678,0.37599998712539673
YIL010W,YPL155C,0,-5.1352305,0.15710443258285522,0.7009999752044678,0.37610000371932983
YLR084C,YDR129C,1,-5.135434,0.15729330480098724,0.7020000219345093,0.37610000371932983
YJL085W,YLR312C-B,1,-5.13571,0.1574820727109909,0.703000009059906,0.37610000371932983
YCR028C,YPL026C,0,-5.135896,0.15744680166244507,0.703000009059906,0.37619999051094055
YHR143W-A,YPL042C,0,-5.135984,0.15741156041622162,0.703000009059906,0.37630000710487366
YNL123W,YCL001W,0,-5.1360946,0.15737631916999817,0.703000009059906,0.3763999938964844
YLR133W,YNL126W,0,-5.136208,0.1573410928249359,0.703000009059906,0.3765000104904175
YMR150C,YCR042C,0,-5.1364646,0.15730588138103485,0.703000009059906,0.3765999972820282
YBR022W,YOL054W,0,-5.136548,0.15727069973945618,0.703000009059906,0.3767000138759613
YPR138C,YDL105W,0,-5.1366,0.1572355180978775,0.703000009059906,0.376800000667572
YBR286W,YHR050W,0,-5.1367254,0.15720035135746002,0.703000009059906,0.37689998745918274
YCR055C,YLR084C,1,-5.136777,0.15738877654075623,0.7039999961853027,0.37689998745918274
YGR200C,YNL201C,0,-5.136823,0.15735359489917755,0.7039999961853027,0.37700000405311584
YJL085W,YPR188C,1,-5.137037,0.1575419008731842,0.7049999833106995,0.37700000405311584
YKL195W,YKL154W,0,-5.137115,0.15750670433044434,0.7049999833106995,0.37709999084472656
YNL166C,YNL084C,1,-5.1371226,0.15769489109516144,0.7059999704360962,0.37709999084472656
YKL146W,YBL079W,0,-5.13714,0.15765966475009918,0.7059999704360962,0.37720000743865967
YLR195C,YDL229W,0,-5.137227,0.15762446820735931,0.7059999704360962,0.3772999942302704
YPL149W,YKL015W,0,-5.137234,0.15758928656578064,0.7059999704360962,0.3774000108242035
YOR046C,YML023C,0,-5.1373863,0.15755411982536316,0.7059999704360962,0.3774999976158142
YNL186W,YNR064C,0,-5.137919,0.15751896798610687,0.7059999704360962,0.3776000142097473
YPL132W,YMR182C,0,-5.1379457,0.15748383104801178,0.7059999704360962,0.37770000100135803
YHR043C,YAR018C,0,-5.1381736,0.15744870901107788,0.7059999704360962,0.37779998779296875
YGL029W,YDR153C,0,-5.1382093,0.15741360187530518,0.7059999704360962,0.37790000438690186
YNL271C,YGL106W,1,-5.1383567,0.15760143101215363,0.7070000171661377,0.37790000438690186
YMR280C,YMR199W,0,-5.138442,0.15756630897521973,0.7070000171661377,0.3779999911785126
YDR081C,YMR313C,0,-5.1384587,0.15753118693828583,0.7070000171661377,0.3781000077724457
YGR170W,YDR443C,0,-5.138509,0.15749609470367432,0.7070000171661377,0.3781999945640564
YDR450W,YEL065W,0,-5.1392508,0.157461017370224,0.7070000171661377,0.3783000111579895
YNL053W,YPL167C,0,-5.139511,0.15742596983909607,0.7070000171661377,0.3783999979496002
YJL081C,YOR377W,0,-5.1395936,0.15739092230796814,0.7070000171661377,0.3785000145435333
YMR301C,YCL019W,0,-5.1398225,0.1573558896780014,0.7070000171661377,0.37860000133514404
YNL245C,YHR193C,0,-5.139827,0.15732087194919586,0.7070000171661377,0.37869998812675476
YOL040C,YIL039W,0,-5.1403184,0.1572858691215515,0.7070000171661377,0.37880000472068787
YJL060W,YDR251W,0,-5.1408534,0.15725089609622955,0.7070000171661377,0.3788999915122986
YNL221C,YNR046W,0,-5.141069,0.1572159230709076,0.7070000171661377,0.3790000081062317
YGL032C,YKL135C,0,-5.141127,0.15718096494674683,0.7070000171661377,0.3790999948978424
YMR285C,YBR097W,0,-5.1413198,0.15714603662490845,0.7070000171661377,0.3792000114917755
YPR122W,YIL095W,1,-5.1413703,0.15733332931995392,0.7080000042915344,0.3792000114917755
YKR081C,YBL005W-A,0,-5.14163,0.15729837119579315,0.7080000042915344,0.37929999828338623
YCL012W,YJL085W,1,-5.141752,0.15748555958271027,0.7089999914169312,0.37929999828338623
YOR133W,YDL036C,0,-5.141891,0.1574505865573883,0.7089999914169312,0.37940001487731934
YNR027W,YCR057C,1,-5.141915,0.15763765573501587,0.7099999785423279,0.37940001487731934
YCL059C,YJR029W,0,-5.1419597,0.15760266780853271,0.7099999785423279,0.37950000166893005
YPL171C,YGL044C,0,-5.141972,0.15756769478321075,0.7099999785423279,0.37959998846054077
YDL087C,YDR213W,0,-5.142014,0.1575327217578888,0.7099999785423279,0.3797000050544739
YBR211C,YML049C,0,-5.1424184,0.15749777853488922,0.7099999785423279,0.3797999918460846
YLR206W,YKL070W,0,-5.142426,0.15746285021305084,0.7099999785423279,0.3799000084400177
YDL117W,YCR058C,1,-5.1425757,0.1576496660709381,0.7110000252723694,0.3799000084400177
YBR142W,YHR024C,0,-5.142899,0.15761472284793854,0.7110000252723694,0.3799999952316284
YHR099W,YGR211W,0,-5.1430507,0.15757979452610016,0.7110000252723694,0.3801000118255615
YGR109C,YNL245C,0,-5.1432385,0.15754486620426178,0.7110000252723694,0.38019999861717224
YOL095C,YER012W,0,-5.1433372,0.1575099676847458,0.7110000252723694,0.38029998540878296
YDR388W,YDR166C,1,-5.1433935,0.15769656002521515,0.7120000123977661,0.38029998540878296
YDR527W,YDL109C,0,-5.143525,0.15766164660453796,0.7120000123977661,0.38040000200271606
YOL156W,YGL063W,0,-5.143528,0.15762674808502197,0.7120000123977661,0.3804999887943268
YGL084C,YOR008C-A,0,-5.143629,0.15759184956550598,0.7120000123977661,0.3806000053882599
YCL055W,YCL074W,0,-5.143826,0.15755698084831238,0.7120000123977661,0.3806999921798706
YPR094W,YNL045W,0,-5.1439586,0.15752212703227997,0.7120000123977661,0.3808000087738037
YER107C,YJR028W,0,-5.143989,0.15748728811740875,0.7120000123977661,0.38089999556541443
YHR158C,YLR016C,0,-5.1440015,0.15745244920253754,0.7120000123977661,0.38100001215934753
YOR080W,YIL002C,0,-5.144034,0.1574176400899887,0.7120000123977661,0.38109999895095825
YBL079W,YNL046W,0,-5.144038,0.15738284587860107,0.7120000123977661,0.38119998574256897
YML061C,YEL060C,0,-5.144113,0.15734806656837463,0.7120000123977661,0.3813000023365021
YDR318W,YBL050W,0,-5.144308,0.1573133021593094,0.7120000123977661,0.3813999891281128
YJL021C,YDR359C,0,-5.14457,0.15727855265140533,0.7120000123977661,0.3815000057220459
YKR027W,YPL097W,0,-5.145047,0.15724381804466248,0.7120000123977661,0.3815999925136566
YBR029C,YDL109C,0,-5.145297,0.1572090983390808,0.7120000123977661,0.3817000091075897
YPL177C,YKL220C,0,-5.1453915,0.15717439353466034,0.7120000123977661,0.38179999589920044
YDR153C,YBR283C,0,-5.14545,0.15713970363140106,0.7120000123977661,0.38190001249313354
YBL042C,YGR211W,0,-5.1456122,0.15710502862930298,0.7120000123977661,0.38199999928474426
YFL023W,YPR188C,1,-5.1456213,0.157290980219841,0.7129999995231628,0.38199999928474426
YDL102W,YBL005W-B,0,-5.145628,0.15725629031658173,0.7129999995231628,0.382099986076355
YNL323W,YDL028C,0,-5.1459603,0.15722161531448364,0.7129999995231628,0.3822000026702881
YMR238W,YCL039W,0,-5.146251,0.15718695521354675,0.7129999995231628,0.3822999894618988
YPL149W,YOL051W,0,-5.1463842,0.15715231001377106,0.7129999995231628,0.3824000060558319
YOR119C,YGL212W,0,-5.146792,0.15711767971515656,0.7129999995231628,0.3824999928474426
YJL004C,YDL128W,0,-5.1472163,0.15708306431770325,0.7129999995231628,0.38260000944137573
YLR286C,YLR166C,1,-5.147374,0.1572687178850174,0.7139999866485596,0.38260000944137573
YNL138W,YDR172W,0,-5.147703,0.1572340875864029,0.7139999866485596,0.38269999623298645
YGR070W,YKL095W,0,-5.147769,0.15719947218894958,0.7139999866485596,0.38280001282691956
YPR029C,YPL082C,0,-5.1480465,0.15716487169265747,0.7139999866485596,0.3828999996185303
YPL228W,YML127W,0,-5.1480584,0.15713028609752655,0.7139999866485596,0.382999986410141
YBR081C,YGL227W,0,-5.1480694,0.15709571540355682,0.7139999866485596,0.3831000030040741
YDR385W,YDR362C,0,-5.1481233,0.1570611596107483,0.7139999866485596,0.3831999897956848
YFL050C,YOL138C,0,-5.148452,0.15702660381793976,0.7139999866485596,0.3833000063896179
YJL063C,YDR325W,0,-5.14868,0.1569920778274536,0.7139999866485596,0.38339999318122864
YFR024C,YBL058W,0,-5.148718,0.15695756673812866,0.7139999866485596,0.38350000977516174
YLR401C,YOR103C,0,-5.1487784,0.1569230705499649,0.7139999866485596,0.38359999656677246
YIR025W,YGL212W,0,-5.148872,0.15688858926296234,0.7139999866485596,0.38370001316070557
YNL271C,YCR055C,1,-5.148873,0.15707381069660187,0.7149999737739563,0.38370001316070557
YDR055W,YOL148C,0,-5.148892,0.1570393145084381,0.7149999737739563,0.3837999999523163
YCR057C,YIL068C,1,-5.149051,0.15722441673278809,0.7160000205039978,0.3837999999523163
YJR091C,YOR233W,0,-5.1490617,0.15718990564346313,0.7160000205039978,0.383899986743927
YNR054C,YHR186C,0,-5.149075,0.15715539455413818,0.7160000205039978,0.3840000033378601
YHR165C,YNR034W,0,-5.14913,0.15712091326713562,0.7160000205039978,0.3840999901294708
YLR347C,YER022W,0,-5.149181,0.15708644688129425,0.7160000205039978,0.38420000672340393
YFL017W-A,YML040W,0,-5.149416,0.15705198049545288,0.7160000205039978,0.38429999351501465
YGL223C,YHR060W,0,-5.1495223,0.1570175439119339,0.7160000205039978,0.38440001010894775
YBR077C,YOR129C,0,-5.1495757,0.1569831222295761,0.7160000205039978,0.38449999690055847
YBL102W,YOR088W,0,-5.1498,0.15694870054721832,0.7160000205039978,0.3846000134944916
YNR044W,YKL029C,0,-5.1498346,0.15691430866718292,0.7160000205039978,0.3847000002861023
YJR119C,YLR135W,0,-5.149978,0.15687993168830872,0.7160000205039978,0.384799987077713
YGR249W,YLR181C,0,-5.1501355,0.1568455696105957,0.7160000205039978,0.3849000036716461
YGL150C,YBR057C,0,-5.1503453,0.1568112075328827,0.7160000205039978,0.38499999046325684
YDR243C,YPR054W,0,-5.1505036,0.15677687525749207,0.7160000205039978,0.38510000705718994
YHR019C,YKL053C-A,0,-5.1507044,0.15674255788326263,0.7160000205039978,0.38519999384880066
YPL209C,YOR057W,0,-5.150723,0.1567082554101944,0.7160000205039978,0.38530001044273376
YBR041W,YDR122W,0,-5.1508603,0.15667396783828735,0.7160000205039978,0.3853999972343445
YNL065W,YKL017C,0,-5.1509166,0.1566396802663803,0.7160000205039978,0.3855000138282776
YOR061W,YDR457W,0,-5.1511016,0.15660542249679565,0.7160000205039978,0.3856000006198883
YJR076C,YLR312C-B,1,-5.1512427,0.1567898541688919,0.7170000076293945,0.3856000006198883
YGR247W,YOR356W,0,-5.151301,0.15675558149814606,0.7170000076293945,0.385699987411499
YEL062W,YNL312W,0,-5.151526,0.1567213088274002,0.7170000076293945,0.38580000400543213
YGL210W-A,YJL076W,0,-5.1515584,0.15668706595897675,0.7170000076293945,0.38589999079704285
YDR320C-A,YBL047C,0,-5.1515985,0.15665282309055328,0.7170000076293945,0.38600000739097595
YFR030W,YLR059C,0,-5.1519046,0.1566186100244522,0.7170000076293945,0.38609999418258667
YNL220W,YLR231C,0,-5.152018,0.15658441185951233,0.7170000076293945,0.3862000107765198
YJR091C,YCR027C,0,-5.1521134,0.15655021369457245,0.7170000076293945,0.3862999975681305
YDL099W,YDR238C,0,-5.152246,0.15651604533195496,0.7170000076293945,0.3864000141620636
YHR043C,YCR034W,0,-5.1522546,0.15648189187049866,0.7170000076293945,0.3865000009536743
YDR478W,YDR532C,0,-5.1523795,0.15644773840904236,0.7170000076293945,0.38659998774528503
YER087C-A,YLR425W,0,-5.1526284,0.15641361474990845,0.7170000076293945,0.38670000433921814
YDR101C,YKL160W,0,-5.1529,0.15637949109077454,0.7170000076293945,0.38679999113082886
YNL123W,YHR034C,0,-5.1529408,0.156345397233963,0.7170000076293945,0.38690000772476196
YPL155C,YOL004W,0,-5.153106,0.15631131827831268,0.7170000076293945,0.3869999945163727
YPL227C,YGL210W,0,-5.1532283,0.15627723932266235,0.7170000076293945,0.3871000111103058
YOR243C,YDR200C,0,-5.15334,0.1562431901693344,0.7170000076293945,0.3871999979019165
YOL066C,YDR400W,0,-5.1535554,0.15620915591716766,0.7170000076293945,0.3873000144958496
YDL135C,YML005W,0,-5.1537213,0.15617512166500092,0.7170000076293945,0.3874000012874603
YHR079C-A,YPR133W-A,0,-5.154122,0.15614111721515656,0.7170000076293945,0.38749998807907104
YHR019C,YJR145C,0,-5.1541834,0.1561071127653122,0.7170000076293945,0.38760000467300415
YNL173C,YBL020W,0,-5.154616,0.15607313811779022,0.7170000076293945,0.38769999146461487
YNR072W,YLR329W,0,-5.1549315,0.15603917837142944,0.7170000076293945,0.387800008058548
YOR211C,YGR185C,0,-5.1551185,0.15600521862506866,0.7170000076293945,0.3878999948501587
YBR294W,YCR102C,0,-5.1552615,0.15597128868103027,0.7170000076293945,0.3880000114440918
YBR210W,YPR188C,1,-5.155306,0.15615485608577728,0.7179999947547913,0.3880000114440918
YNL041C,YNL326C,0,-5.1553674,0.1561208963394165,0.7179999947547913,0.3880999982357025
YMR015C,YBR049C,0,-5.15538,0.15608695149421692,0.7179999947547913,0.3882000148296356
YNR008W,YPR140W,0,-5.1555247,0.15605303645133972,0.7179999947547913,0.38830000162124634
YLR068W,YCR033W,0,-5.155836,0.15601912140846252,0.7179999947547913,0.38839998841285706
YNL110C,YNL267W,1,-5.156061,0.15620248019695282,0.718999981880188,0.38839998841285706
YMR216C,YLR410W,0,-5.1563025,0.15616855025291443,0.718999981880188,0.38850000500679016
YMR238W,YIL103W,0,-5.156387,0.15613463521003723,0.718999981880188,0.3885999917984009
YER051W,YDL003W,0,-5.1564097,0.15610073506832123,0.718999981880188,0.388700008392334
YBR158W,YJR082C,0,-5.156533,0.15606684982776642,0.718999981880188,0.3887999951839447
YDL161W,YCR080W,0,-5.1565366,0.1560329794883728,0.718999981880188,0.3889000117778778
YML093W,YDR200C,0,-5.156833,0.15599913895130157,0.718999981880188,0.3889999985694885
YIR002C,YGL243W,0,-5.1569057,0.15596529841423035,0.718999981880188,0.38909998536109924
YGR262C,YNL110C,1,-5.156924,0.15614834427833557,0.7200000286102295,0.38909998536109924
YFL035C,YLR067C,0,-5.15708,0.15611448884010315,0.7200000286102295,0.38920000195503235
YDL002C,YIL038C,0,-5.157858,0.15608064830303192,0.7200000286102295,0.38929998874664307
YBR155W,YHR039C-B,0,-5.1579566,0.1560468077659607,0.7200000286102295,0.38940000534057617
YPL209C,YOL117W,0,-5.1584253,0.15601299703121185,0.7200000286102295,0.3894999921321869
YLR242C,YPR020W,0,-5.1586375,0.1559792011976242,0.7200000286102295,0.38960000872612
YJR139C,YDR363W-A,0,-5.158982,0.15594542026519775,0.7200000286102295,0.3896999955177307
YOR284W,YHR214C-B,0,-5.158996,0.1559116542339325,0.7200000286102295,0.3898000121116638
YGL119W,YNL323W,0,-5.159147,0.15587788820266724,0.7200000286102295,0.38989999890327454
YPR199C,YDR145W,0,-5.1596804,0.15584415197372437,0.7200000286102295,0.38999998569488525
YPR165W,YNL332W,0,-5.1596894,0.1558104306459427,0.7200000286102295,0.39010000228881836
YMR043W,YBR250W,0,-5.159738,0.1557767242193222,0.7200000286102295,0.3901999890804291
YBL019W,YLR003C,0,-5.159957,0.15574301779270172,0.7200000286102295,0.3903000056743622
YGL018C,YDL020C,0,-5.16052,0.15570934116840363,0.7200000286102295,0.3903999924659729
YMR237W,YBR109C,0,-5.160572,0.15567567944526672,0.7200000286102295,0.390500009059906
YBR186W,YDR324C,0,-5.1605725,0.15564201772212982,0.7200000286102295,0.3905999958515167
YLR391W,YDL042C,0,-5.160633,0.1556083858013153,0.7200000286102295,0.39070001244544983
YDL135C,YPR018W,0,-5.1608443,0.155574768781662,0.7200000286102295,0.39079999923706055
YGR280C,YLR145W,0,-5.160849,0.15554115176200867,0.7200000286102295,0.39089998602867126
YNL068C,YAR018C,0,-5.160931,0.15550756454467773,0.7200000286102295,0.39100000262260437
YLR391W,YHR115C,0,-5.160994,0.1554739773273468,0.7200000286102295,0.3910999894142151
YKL135C,YBR171W,0,-5.161156,0.15544041991233826,0.7200000286102295,0.3912000060081482
YEL029C,YCR038C,1,-5.161364,0.1556227058172226,0.7210000157356262,0.3912000060081482
YBL063W,YOR084W,0,-5.1614337,0.15558911859989166,0.7210000157356262,0.3912999927997589
YBR159W,YDR451C,0,-5.1615148,0.15555556118488312,0.7210000157356262,0.391400009393692
YDR245W,YCR058C,1,-5.1617713,0.15573769807815552,0.722000002861023,0.391400009393692
YHR079C-B,YKR079C,0,-5.1618457,0.15570412576198578,0.722000002861023,0.39149999618530273
YOL061W,YML027W,0,-5.1618524,0.15567055344581604,0.722000002861023,0.39160001277923584
YOR328W,YDL128W,0,-5.161942,0.1556369960308075,0.722000002861023,0.39169999957084656
YGR145W,YGR057C,0,-5.162038,0.15560345351696014,0.722000002861023,0.3917999863624573
YNR044W,YOR362C,0,-5.162147,0.155569925904274,0.722000002861023,0.3919000029563904
YKL166C,YCL074W,0,-5.1623836,0.15553641319274902,0.722000002861023,0.3919999897480011
YDL081C,YFL004W,0,-5.1627655,0.15550290048122406,0.722000002861023,0.3921000063419342
YOL051W,YLR025W,0,-5.1628,0.15546941757202148,0.722000002861023,0.3921999931335449
YOR095C,YDR477W,0,-5.162823,0.1554359495639801,0.722000002861023,0.392300009727478
YNL020C,YNL271C,1,-5.1630397,0.15561772882938385,0.7229999899864197,0.392300009727478
YNL159C,YMR167W,0,-5.163133,0.15558424592018127,0.7229999899864197,0.39239999651908875
YNL129W,YIL075C,0,-5.16315,0.1555507779121399,0.7229999899864197,0.39250001311302185
YNL227C,YJL054W,0,-5.1632066,0.1555173099040985,0.7229999899864197,0.39259999990463257
YOR099W,YPR094W,0,-5.163259,0.15548387169837952,0.7229999899864197,0.3926999866962433
YKL212W,YKL079W,0,-5.1634517,0.15545043349266052,0.7229999899864197,0.3928000032901764
YOR211C,YJL192C,0,-5.1637034,0.15541702508926392,0.7229999899864197,0.3928999900817871
YMR277W,YHR015W,0,-5.1639004,0.1553836166858673,0.7229999899864197,0.3930000066757202
YNL123W,YPL239W,0,-5.1642585,0.1553502380847931,0.7229999899864197,0.39309999346733093
YPR113W,YNL294C,0,-5.1643944,0.15531685948371887,0.7229999899864197,0.39320001006126404
YIR019C,YPL087W,0,-5.1647034,0.15528351068496704,0.7229999899864197,0.39329999685287476
YMR008C,YDL140C,0,-5.1648583,0.1552501618862152,0.7229999899864197,0.39340001344680786
YMR219W,YDR122W,0,-5.1649585,0.15521682798862457,0.7229999899864197,0.3935000002384186
YDR076W,YOR048C,0,-5.164969,0.15518350899219513,0.7229999899864197,0.3935999870300293
YOL113W,YBL061C,1,-5.165262,0.15536481142044067,0.7239999771118164,0.3935999870300293
YLL034C,YLR141W,0,-5.1653285,0.15533147752285004,0.7239999771118164,0.3937000036239624
YDL198C,YOR179C,0,-5.1655145,0.1552981585264206,0.7239999771118164,0.3937999904155731
YKL134C,YPR032W,0,-5.165846,0.15526485443115234,0.7239999771118164,0.3939000070095062
YDR254W,YHR086W,0,-5.1659346,0.1552315652370453,0.7239999771118164,0.39399999380111694
YLL015W,YDL126C,0,-5.1663995,0.15519829094409943,0.7239999771118164,0.39410001039505005
YMR033W,YPL224C,0,-5.1664004,0.15516501665115356,0.7239999771118164,0.39419999718666077
YLR007W,YDR077W,0,-5.1664233,0.1551317721605301,0.7239999771118164,0.39430001378059387
YKL008C,YPR086W,0,-5.166908,0.1550985425710678,0.7239999771118164,0.3944000005722046
YLR355C,YMR210W,0,-5.167343,0.15506532788276672,0.7239999771118164,0.3944999873638153
YKL017C,YOR098C,0,-5.167627,0.15503211319446564,0.7239999771118164,0.3946000039577484
YHR107C,YDR328C,1,-5.167773,0.15521301329135895,0.7250000238418579,0.3946000039577484
YER183C,YGR010W,0,-5.1677833,0.15517979860305786,0.7250000238418579,0.39469999074935913
YOL066C,YHR079C-B,0,-5.1678247,0.15514658391475677,0.7250000238418579,0.39480000734329224
YLR425W,YOR172W,0,-5.167953,0.15511339902877808,0.7250000238418579,0.39489999413490295
YOR180C,YNR006W,0,-5.1679645,0.15508021414279938,0.7250000238418579,0.39500001072883606
YGL021W,YMR225C,0,-5.16823,0.15504704415798187,0.7250000238418579,0.3950999975204468
YLR138W,YDR478W,0,-5.16824,0.15501390397548676,0.7250000238418579,0.3952000141143799
YPL049C,YHR005C,0,-5.168308,0.15498076379299164,0.7250000238418579,0.3953000009059906
YNL302C,YMR060C,0,-5.1684284,0.15494763851165771,0.7250000238418579,0.3953999876976013
YLR016C,YPR078C,0,-5.168487,0.15491452813148499,0.7250000238418579,0.3955000042915344
YLR157C,YJL094C,0,-5.1685987,0.15488143265247345,0.7250000238418579,0.39559999108314514
YDR302W,YDR078C,0,-5.168624,0.1548483520746231,0.7250000238418579,0.39570000767707825
YDR388W,YLR337C,1,-5.168629,0.155028834939003,0.7260000109672546,0.39570000767707825
YAL034W-A,YKR022C,0,-5.1689124,0.15499572455883026,0.7260000109672546,0.39579999446868896
YDL098C,YDR362C,0,-5.169305,0.15496264398097992,0.7260000109672546,0.39590001106262207
YBR286W,YDR318W,0,-5.1693444,0.15492957830429077,0.7260000109672546,0.3959999978542328
YPL051W,YKL193C,0,-5.1693873,0.15489652752876282,0.7260000109672546,0.3961000144481659
YDR174W,YOR182C,0,-5.16939,0.15486347675323486,0.7260000109672546,0.3962000012397766
YDR108W,YJL108C,0,-5.1693997,0.1548304557800293,0.7260000109672546,0.39629998803138733
YPL153C,YJL168C,0,-5.169464,0.15479743480682373,0.7260000109672546,0.39640000462532043
YCR028C,YER178W,0,-5.1697116,0.15476444363594055,0.7260000109672546,0.39649999141693115
YNR027W,YOR181W,1,-5.169808,0.15494458377361298,0.7269999980926514,0.39649999141693115
YOL151W,YMR087W,0,-5.1700387,0.1549115777015686,0.7269999980926514,0.39660000801086426
YJL167W,YLR384C,0,-5.1704307,0.15487857162952423,0.7269999980926514,0.396699994802475
YNL293W,YOL129W,0,-5.1704593,0.15484558045864105,0.7269999980926514,0.3968000113964081
YJR078W,YBR112C,0,-5.170752,0.15481260418891907,0.7269999980926514,0.3968999981880188
YLR231C,YDR434W,0,-5.170921,0.15477964282035828,0.7269999980926514,0.3970000147819519
YNL029C,YMR190C,0,-5.171042,0.15474669635295868,0.7269999980926514,0.3971000015735626
YKR038C,YNL302C,0,-5.1710744,0.15471376478672028,0.7269999980926514,0.39719998836517334
YBR223C,YOR083W,0,-5.1713657,0.15468084812164307,0.7269999980926514,0.39730000495910645
YNL032W,YDR515W,0,-5.1715055,0.15464794635772705,0.7269999980926514,0.39739999175071716
YLR233C,YPR138C,0,-5.171701,0.15461505949497223,0.7269999980926514,0.39750000834465027
YDR385W,YCL066W,0,-5.171864,0.1545821875333786,0.7269999980926514,0.397599995136261
YDR277C,YLR346C,0,-5.1718755,0.15454931557178497,0.7269999980926514,0.3977000117301941
YKR057W,YHR070W,0,-5.171933,0.15451647341251373,0.7269999980926514,0.3977999985218048
YJL101C,YDR495C,0,-5.171993,0.1544836312532425,0.7269999980926514,0.3978999853134155
YAL053W,YGR132C,0,-5.1720653,0.15445081889629364,0.7269999980926514,0.39800000190734863
YIR004W,YLR214W,0,-5.172192,0.1544180065393448,0.7269999980926514,0.39809998869895935
YGR030C,YOR048C,0,-5.1722426,0.15438522398471832,0.7269999980926514,0.39820000529289246
YDR101C,YOL135C,0,-5.1722627,0.15435244143009186,0.7269999980926514,0.3982999920845032
YOL043C,YLR266C,0,-5.1724772,0.1543196737766266,0.7269999980926514,0.3984000086784363
YMR014W,YPR188C,1,-5.1727057,0.15449915826320648,0.7279999852180481,0.3984000086784363
YDR148C,YDR135C,0,-5.172746,0.15446637570858002,0.7279999852180481,0.398499995470047
YDR478W,YKR059W,0,-5.1728044,0.15443360805511475,0.7279999852180481,0.3986000120639801
YLL050C,YNL041C,0,-5.173522,0.15440085530281067,0.7279999852180481,0.3986999988555908
YDL020C,YDR362C,0,-5.173637,0.1543681025505066,0.7279999852180481,0.39879998564720154
YNL020C,YGL106W,1,-5.1736436,0.15454737842082977,0.7289999723434448,0.39879998564720154
YCR094W,YHR039C-B,0,-5.1738725,0.1545146256685257,0.7289999723434448,0.39890000224113464
YMR301C,YBR250W,0,-5.173891,0.1544818878173828,0.7289999723434448,0.39899998903274536
YMR109W,YHR135C,1,-5.173901,0.15466101467609406,0.7300000190734863,0.39899998903274536
YMR014W,YCL014W,1,-5.173925,0.15484008193016052,0.7310000061988831,0.39899998903274536
YPL202C,YLR328W,0,-5.174078,0.15480728447437286,0.7310000061988831,0.39910000562667847
YGR249W,YGR006W,0,-5.174213,0.1547745019197464,0.7310000061988831,0.3991999924182892
YOR063W,YOR254C,0,-5.1742396,0.15474174916744232,0.7310000061988831,0.3993000090122223
YKL053C-A,YPR165W,0,-5.1742435,0.15470899641513824,0.7310000061988831,0.399399995803833
YJR140C,YBL106C,0,-5.174725,0.15467625856399536,0.7310000061988831,0.3995000123977661
YER110C,YPR173C,0,-5.17473,0.15464353561401367,0.7310000061988831,0.39959999918937683
YGR225W,YLR014C,0,-5.17479,0.15461082756519318,0.7310000061988831,0.39969998598098755
YPL096C-A,YDR027C,0,-5.174915,0.15457813441753387,0.7310000061988831,0.39980000257492065
YNR015W,YML055W,0,-5.175086,0.15454545617103577,0.7310000061988831,0.39989998936653137
YNR035C,YDL138W,0,-5.1754365,0.15451279282569885,0.7310000061988831,0.4000000059604645
YDR191W,YCL069W,0,-5.175553,0.15448012948036194,0.7310000061988831,0.4000999927520752
YKR068C,YOR085W,0,-5.175554,0.1544474959373474,0.7310000061988831,0.4002000093460083
YPR104C,YML123C,0,-5.175903,0.15441487729549408,0.7310000061988831,0.400299996137619
YMR234W,YAL047C,0,-5.1762247,0.15438225865364075,0.7310000061988831,0.4004000127315521
YNL078W,YBR250W,0,-5.176256,0.1543496549129486,0.7310000061988831,0.40049999952316284
YPL048W,YKL214C,0,-5.176371,0.15431708097457886,0.7310000061988831,0.40059998631477356
YDR191W,YMR270C,0,-5.1764045,0.1542845070362091,0.7310000061988831,0.40070000290870667
YIR033W,YNL201C,0,-5.176433,0.15425194799900055,0.7310000061988831,0.4007999897003174
YEL034W,YER082C,0,-5.1765337,0.15421940386295319,0.7310000061988831,0.4009000062942505
YER008C,YDL225W,1,-5.1766186,0.15439780056476593,0.7319999933242798,0.4009000062942505
YIL002C,YHR005C-A,0,-5.177155,0.15436524152755737,0.7319999933242798,0.4009999930858612
YMR049C,YBL032W,0,-5.1772075,0.15433269739151,0.7319999933242798,0.4011000096797943
YDR480W,YMR044W,0,-5.1772847,0.15430016815662384,0.7319999933242798,0.40119999647140503
YOL045W,YIL123W,0,-5.17738,0.15426765382289886,0.7319999933242798,0.40130001306533813
YGR133W,YDR167W,0,-5.1776567,0.1542351394891739,0.7319999933242798,0.40139999985694885
YDR077W,YDR131C,0,-5.177773,0.1542026549577713,0.7319999933242798,0.40149998664855957
YOL089C,YKR003W,0,-5.1779037,0.1541701704263687,0.7319999933242798,0.4016000032424927
YAL042W,YEL022W,0,-5.1782327,0.1541377156972885,0.7319999933242798,0.4016999900341034
YNL053W,YNR026C,0,-5.1782484,0.1541052609682083,0.7319999933242798,0.4018000066280365
YER164W,YOL101C,0,-5.178695,0.1540728211402893,0.7319999933242798,0.4018999934196472
YLR312C-B,YHR135C,1,-5.1787505,0.1542508453130722,0.7329999804496765,0.4018999934196472
YNL094W,YDL198C,0,-5.178754,0.154218390583992,0.7329999804496765,0.4020000100135803
YOR204W,YGR119C,0,-5.178885,0.154185950756073,0.7329999804496765,0.40209999680519104
YNR017W,YPL233W,0,-5.1789284,0.15415352582931519,0.7329999804496765,0.40220001339912415
YJR097W,YOR270C,0,-5.1793733,0.15412111580371857,0.7329999804496765,0.40230000019073486
YOR226C,YBR060C,0,-5.179477,0.15408870577812195,0.7329999804496765,0.4023999869823456
YDR477W,YIL077C,0,-5.179662,0.15405632555484772,0.7329999804496765,0.4025000035762787
YJR017C,YIR013C,0,-5.179777,0.15402396023273468,0.7329999804496765,0.4025999903678894
YPL177C,YDR103W,0,-5.1798673,0.15399159491062164,0.7329999804496765,0.4027000069618225
YBL019W,YOR287C,0,-5.180097,0.153959259390831,0.7329999804496765,0.4027999937534332
YOR284W,YOR295W,0,-5.1802573,0.15392692387104034,0.7329999804496765,0.40290001034736633
YHR203C,YCL008C,0,-5.180273,0.1538946032524109,0.7329999804496765,0.40299999713897705
YER045C,YDR141C,0,-5.180278,0.15386229753494263,0.7329999804496765,0.40310001373291016
YBL102W,YNR023W,0,-5.180397,0.15383000671863556,0.7329999804496765,0.4032000005245209
YJL065C,YLL002W,0,-5.180495,0.15379773080348969,0.7329999804496765,0.4032999873161316
YGR246C,YBR185C,0,-5.1807027,0.153765469789505,0.7329999804496765,0.4034000039100647
YBR059C,YLR233C,0,-5.1809287,0.15373322367668152,0.7329999804496765,0.4034999907016754
YMR246W,YLL043W,0,-5.1811466,0.15370099246501923,0.7329999804496765,0.4036000072956085
YJL065C,YKR048C,0,-5.181251,0.15366876125335693,0.7329999804496765,0.40369999408721924
YNL280C,YHR157W,0,-5.181323,0.15363655984401703,0.7329999804496765,0.40380001068115234
YIL122W,YPL258C,0,-5.1814284,0.15360435843467712,0.7329999804496765,0.40389999747276306
YLR127C,YPR033C,0,-5.181644,0.1535721719264984,0.7329999804496765,0.40400001406669617
YGR057C,YKL178C,0,-5.1817565,0.1535400152206421,0.7329999804496765,0.4041000008583069
YJR017C,YOL044W,0,-5.182053,0.15350785851478577,0.7329999804496765,0.4041999876499176
YPR119W,YOL012C,0,-5.1821575,0.15347571671009064,0.7329999804496765,0.4043000042438507
YKR046C,YIL029C,0,-5.1825376,0.1534435898065567,0.7329999804496765,0.4043999910354614
YDR375C,YCR039C,0,-5.182621,0.15341146290302277,0.7329999804496765,0.40450000762939453
YGL100W,YHR012W,0,-5.18263,0.15337936580181122,0.7329999804496765,0.40459999442100525
YJL065C,YJL059W,0,-5.18269,0.15334728360176086,0.7329999804496765,0.40470001101493835
YEL061C,YNL145W,0,-5.182799,0.1533152014017105,0.7329999804496765,0.4047999978065491
YJL111W,YBL047C,0,-5.1829643,0.15328314900398254,0.7329999804496765,0.4049000144004822
YOR233W,YOR149C,0,-5.18302,0.15325109660625458,0.7329999804496765,0.4050000011920929
YER169W,YDR460W,0,-5.1830544,0.1532190591096878,0.7329999804496765,0.4050999879837036
YFL002C,YLR066W,0,-5.183295,0.15318703651428223,0.7329999804496765,0.4052000045776367
YLL060C,YDL134C,0,-5.1832986,0.15315502882003784,0.7329999804496765,0.40529999136924744
YPL192C,YGR170W,0,-5.1835318,0.15312303602695465,0.7329999804496765,0.40540000796318054
YKL186C,YKR002W,0,-5.183539,0.15309105813503265,0.7329999804496765,0.40549999475479126
YDR148C,YAR042W,0,-5.1835837,0.15305909514427185,0.7329999804496765,0.40560001134872437
YOR094W,YGL013C,0,-5.1836305,0.15302714705467224,0.7329999804496765,0.4056999981403351
YDL154W,YPL129W,0,-5.1836667,0.15299519896507263,0.7329999804496765,0.4058000147342682
YGL070C,YJL113W,0,-5.183925,0.15296326577663422,0.7329999804496765,0.4059000015258789
YFL039C,YNL243W,1,-5.184138,0.15313999354839325,0.734000027179718,0.4059000015258789
YGL089C,YGL067W,0,-5.184594,0.15310804545879364,0.734000027179718,0.4059999883174896
YBL025W,YML013W,0,-5.1846566,0.15307612717151642,0.734000027179718,0.40610000491142273
YOR123C,YOR036W,0,-5.1847615,0.1530442088842392,0.734000027179718,0.40619999170303345
YPL069C,YDR487C,0,-5.1847663,0.15301230549812317,0.734000027179718,0.40630000829696655
YKL021C,YMR270C,0,-5.185432,0.15298040211200714,0.734000027179718,0.40639999508857727
YOR193W,YLR079W,0,-5.185587,0.1529485285282135,0.734000027179718,0.4065000116825104
YCL012W,YBR210W,1,-5.1857686,0.15312500298023224,0.7350000143051147,0.4065000116825104
YMR012W,YOL121C,0,-5.1859965,0.1530930995941162,0.7350000143051147,0.4065999984741211
YMR263W,YOL124C,0,-5.1860147,0.15306122601032257,0.7350000143051147,0.4066999852657318
YNL318C,YDR207C,0,-5.1863003,0.15302935242652893,0.7350000143051147,0.4068000018596649
YBL006C,YOR344C,0,-5.186337,0.15299750864505768,0.7350000143051147,0.40689998865127563
YBR004C,YLR272C,0,-5.1863704,0.15296566486358643,0.7350000143051147,0.40700000524520874
YPL262W,YNL318C,0,-5.1864433,0.15293383598327637,0.7350000143051147,0.40709999203681946
YOR039W,YBL013W,0,-5.186519,0.1529020220041275,0.7350000143051147,0.40720000863075256
YER127W,YHR039C-A,0,-5.1865754,0.15287022292613983,0.7350000143051147,0.4072999954223633
YCL014W,YJL085W,1,-5.1866975,0.1530463695526123,0.7360000014305115,0.4072999954223633
YMR246W,YPL248C,0,-5.1870337,0.15301455557346344,0.7360000014305115,0.4074000120162964
YDR437W,YAL043C,0,-5.187124,0.15298274159431458,0.7360000014305115,0.4074999988079071
YMR202W,YCR062W,0,-5.187232,0.1529509574174881,0.7360000014305115,0.4075999855995178
YEL015W,YHL025W,0,-5.1873994,0.15291917324066162,0.7360000014305115,0.4077000021934509
YNL331C,YOR284W,0,-5.1877036,0.15288741886615753,0.7360000014305115,0.40779998898506165
YGL190C,YPR052C,0,-5.187754,0.15285566449165344,0.7360000014305115,0.40790000557899475
YPL156C,YPL234C,0,-5.187965,0.15282392501831055,0.7360000014305115,0.40799999237060547
YPL086C,YIL084C,0,-5.188062,0.15279220044612885,0.7360000014305115,0.4081000089645386
YGR041W,YAR019C,1,-5.188111,0.15296803414821625,0.7369999885559082,0.4081000089645386
YOL040C,YKL099C,0,-5.1881127,0.15293629467487335,0.7369999885559082,0.4081999957561493
YBL045C,YOR119C,0,-5.188115,0.15290457010269165,0.7369999885559082,0.4083000123500824
YGL252C,YOR060C,0,-5.188144,0.15287284553050995,0.7369999885559082,0.4083999991416931
YPR199C,YBR112C,0,-5.1881547,0.15284115076065063,0.7369999885559082,0.40849998593330383
YPL138C,YML033W,0,-5.188522,0.15280945599079132,0.7369999885559082,0.40860000252723694
YDL175C,YKL073W,0,-5.1886,0.1527777761220932,0.7369999885559082,0.40869998931884766
YMR308C,YOR008C-A,0,-5.1886153,0.15274611115455627,0.7369999885559082,0.40880000591278076
YDR244W,YMR229C,0,-5.18875,0.15271446108818054,0.7369999885559082,0.4088999927043915
YOR377W,YKL022C,0,-5.1889925,0.152682825922966,0.7369999885559082,0.4090000092983246
YNL029C,YPL212C,0,-5.189304,0.15265120565891266,0.7369999885559082,0.4090999960899353
YLR429W,YDR195W,0,-5.1894703,0.15261958539485931,0.7369999885559082,0.4092000126838684
YGL068W,YBR171W,0,-5.189527,0.15258799493312836,0.7369999885559082,0.4092999994754791
YNL192W,YCR058C,1,-5.1895547,0.15276339650154114,0.7379999756813049,0.4092999994754791
YNL016W,YKL175W,0,-5.1896467,0.152731791138649,0.7379999756813049,0.40939998626708984
YOL164W,YDR137W,0,-5.1897335,0.15270018577575684,0.7379999756813049,0.40950000286102295
YBR210W,YLR084C,1,-5.1897416,0.15287546813488007,0.7390000224113464,0.40950000286102295
YMR285C,YJL054W,0,-5.189849,0.15284384787082672,0.7390000224113464,0.40959998965263367
YPR105C,YOR004W,0,-5.1898785,0.15281224250793457,0.7390000224113464,0.4097000062465668
YOR299W,YNL327W,1,-5.1899543,0.15298739075660706,0.7400000095367432,0.4097000062465668
YML059C,YGL011C,0,-5.1900506,0.1529557704925537,0.7400000095367432,0.4097999930381775
YGL226C-A,YMR149W,0,-5.1901,0.15292416512966156,0.7400000095367432,0.4099000096321106
YDL161W,YMR060C,0,-5.190263,0.1528925597667694,0.7400000095367432,0.4099999964237213
YMR220W,YJL146W,0,-5.1902723,0.15286098420619965,0.7400000095367432,0.4101000130176544
YDL244W,YDR322C-A,0,-5.190372,0.15282940864562988,0.7400000095367432,0.41019999980926514
YDL069C,YLL022C,0,-5.190395,0.1527978479862213,0.7400000095367432,0.41029998660087585
YOR304W,YHR039C-A,0,-5.190438,0.15276630222797394,0.7400000095367432,0.41040000319480896
YOR206W,YNL222W,0,-5.190515,0.15273477137088776,0.7400000095367432,0.4104999899864197
YDL029W,YGR222W,0,-5.1910625,0.15270325541496277,0.7400000095367432,0.4106000065803528
YKL022C,YJR127C,0,-5.191184,0.15267175436019897,0.7400000095367432,0.4106999933719635
YER088C,YHR067W,0,-5.1914144,0.15264026820659637,0.7400000095367432,0.4108000099658966
YBR283C,YPL063W,0,-5.1915903,0.15260878205299377,0.7400000095367432,0.4108999967575073
YPR018W,YPL106C,0,-5.191605,0.15257732570171356,0.7400000095367432,0.41100001335144043
YNL032W,YDL080C,0,-5.1918054,0.15254586935043335,0.7400000095367432,0.41110000014305115
YLR051C,YJR135W-A,0,-5.192038,0.15251442790031433,0.7400000095367432,0.41119998693466187
YML073C,YJR120W,0,-5.1924453,0.1524830013513565,0.7400000095367432,0.41130000352859497
YFL039C,YNL020C,1,-5.192491,0.15265759825706482,0.7409999966621399,0.41130000352859497
YNR010W,YDL226C,0,-5.1927013,0.1526261568069458,0.7409999966621399,0.4113999903202057
YDR174W,YDR177W,0,-5.1930504,0.15259473025798798,0.7409999966621399,0.4115000069141388
YBR060C,YML039W,0,-5.1930957,0.15256330370903015,0.7409999966621399,0.4115999937057495
YER019W,YFR029W,0,-5.1934714,0.15253190696239471,0.7409999966621399,0.4117000102996826
YDR005C,YOR007C,0,-5.193848,0.15250051021575928,0.7409999966621399,0.41179999709129333
YPL208W,YIL030C,0,-5.1941266,0.15246912837028503,0.7409999966621399,0.41190001368522644
YFL057C,YBR020W,0,-5.194158,0.15243777632713318,0.7409999966621399,0.41200000047683716
YML113W,YNL188W,0,-5.1942515,0.15240642428398132,0.7409999966621399,0.4120999872684479
YBL022C,YER160C,0,-5.194319,0.15237507224082947,0.7409999966621399,0.412200003862381
YMR149W,YMR218C,0,-5.19434,0.15234375,0.7409999966621399,0.4122999906539917
YHR120W,YCR012W,0,-5.194486,0.15231244266033173,0.7409999966621399,0.4124000072479248
YLR176C,YOR212W,0,-5.1948876,0.15228113532066345,0.7409999966621399,0.4124999940395355
YOR281C,YDR486C,0,-5.194997,0.15224984288215637,0.7409999966621399,0.41260001063346863
YGR118W,YHR048W,0,-5.1952786,0.15221856534481049,0.7409999966621399,0.41269999742507935
YHR059W,YLR346C,0,-5.1953254,0.1521873027086258,0.7409999966621399,0.41280001401901245
YGR152C,YDR328C,1,-5.195359,0.15236139297485352,0.7419999837875366,0.41280001401901245
YNL032W,YJR049C,0,-5.19612,0.15233011543750763,0.7419999837875366,0.41290000081062317
YKL179C,YBR012W-B,0,-5.1962147,0.15229885280132294,0.7419999837875366,0.4129999876022339
YER127W,YMR231W,0,-5.1962304,0.15226759016513824,0.7419999837875366,0.413100004196167
YJL085W,YHR135C,1,-5.19636,0.15244153141975403,0.7429999709129333,0.413100004196167
YML051W,YGR119C,0,-5.1963744,0.15241025388240814,0.7429999709129333,0.4131999909877777
YJL117W,YEL002C,0,-5.196611,0.15237900614738464,0.7429999709129333,0.4133000075817108
YJR076C,YDR328C,1,-5.196614,0.1525527983903885,0.7440000176429749,0.4133000075817108
YHR115C,YGR111W,0,-5.1970997,0.1525215208530426,0.7440000176429749,0.41339999437332153
YDL161W,YOR014W,0,-5.1971264,0.1524902582168579,0.7440000176429749,0.41350001096725464
YEL029C,YLR286C,1,-5.19713,0.1526639312505722,0.7450000047683716,0.41350001096725464
YGL122C,YLR435W,0,-5.197184,0.15263265371322632,0.7450000047683716,0.41359999775886536
YDL226C,YOR272W,0,-5.197491,0.15260139107704163,0.7450000047683716,0.41370001435279846
YNR054C,YJR017C,0,-5.197602,0.15257014334201813,0.7450000047683716,0.4138000011444092
YLR309C,YJR131W,0,-5.197619,0.15253889560699463,0.7450000047683716,0.4138999879360199
YMR022W,YJR120W,0,-5.197946,0.15250767767429352,0.7450000047683716,0.414000004529953
YOR198C,YHR039C-B,0,-5.1979475,0.1524764597415924,0.7450000047683716,0.4140999913215637
YFR008W,YMR283C,0,-5.1980577,0.1524452567100525,0.7450000047683716,0.4142000079154968
YPL153C,YBR254C,0,-5.198179,0.15241406857967377,0.7450000047683716,0.41429999470710754
YJL054W,YDR027C,0,-5.198457,0.15238289535045624,0.7450000047683716,0.41440001130104065
YNL275W,YMR055C,0,-5.1986456,0.1523517370223999,0.7450000047683716,0.41449999809265137
YBR202W,YKL191W,0,-5.198662,0.15232059359550476,0.7450000047683716,0.4146000146865845
YDR236C,YOR307C,0,-5.1988025,0.15228945016860962,0.7450000047683716,0.4147000014781952
YOL078W,YDR489W,0,-5.199083,0.15225832164287567,0.7450000047683716,0.4147999882698059
YFL010W-A,YOR103C,0,-5.1992536,0.1522272229194641,0.7450000047683716,0.414900004863739
YAL044C,YOL009C,0,-5.1994357,0.15219612419605255,0.7450000047683716,0.41499999165534973
YDR228C,YML040W,0,-5.199599,0.152165025472641,0.7450000047683716,0.41510000824928284
YJL085W,YDR420W,1,-5.199883,0.1523381620645523,0.7459999918937683,0.41510000824928284
YGR099W,YKR062W,0,-5.199919,0.15230706334114075,0.7459999918937683,0.41519999504089355
YHR186C,YOR048C,0,-5.2000155,0.15227597951889038,0.7459999918937683,0.41530001163482666
YLR442C,YNL186W,0,-5.200154,0.15224489569664001,0.7459999918937683,0.4153999984264374
YER028C,YDL212W,0,-5.2005153,0.15221382677555084,0.7459999918937683,0.4154999852180481
YIL128W,YOR027W,0,-5.200791,0.15218278765678406,0.7459999918937683,0.4156000018119812
YHR021C,YGR081C,0,-5.2009063,0.15215174853801727,0.7459999918937683,0.4156999886035919
YOL165C,YFR024C-A,0,-5.201105,0.15212072432041168,0.7459999918937683,0.415800005197525
YHR082C,YGL011C,0,-5.201337,0.1520897001028061,0.7459999918937683,0.41589999198913574
YDR216W,YOR313C,0,-5.2014394,0.1520587056875229,0.7459999918937683,0.41600000858306885
YOR026W,YJR120W,0,-5.2018,0.15202771127223969,0.7459999918937683,0.41609999537467957
YMR012W,YGL006W,0,-5.201804,0.15199674665927887,0.7459999918937683,0.41620001196861267
YOR002W,YER107C,0,-5.2019057,0.15196578204631805,0.7459999918937683,0.4162999987602234
YLR353W,YHR107C,1,-5.2021937,0.15213848650455475,0.746999979019165,0.4162999987602234
YBR296C,YNL045W,0,-5.2022123,0.15210750699043274,0.746999979019165,0.4163999855518341
YEL071W,YOL009C,0,-5.2025323,0.15207654237747192,0.746999979019165,0.4165000021457672
YKL060C,YCL060C,0,-5.202679,0.1520455926656723,0.746999979019165,0.41659998893737793
YGR224W,YHR188C,0,-5.2030177,0.15201465785503387,0.746999979019165,0.41670000553131104
YBR297W,YDR116C,0,-5.203245,0.15198372304439545,0.746999979019165,0.41679999232292175
YPR201W,YDR486C,0,-5.2034698,0.1519528031349182,0.746999979019165,0.41690000891685486
YKL194C,YHR039C-A,0,-5.2036304,0.15192189812660217,0.746999979019165,0.4169999957084656
YPL018W,YDR158W,0,-5.203709,0.15189100801944733,0.746999979019165,0.4171000123023987
YMR202W,YDR457W,0,-5.203775,0.15186013281345367,0.746999979019165,0.4171999990940094
YPL181W,YGR008C,0,-5.2038045,0.15182927250862122,0.746999979019165,0.4172999858856201
YBR159W,YDR532C,0,-5.203839,0.15179841220378876,0.746999979019165,0.4174000024795532
YNL084C,YIR006C,1,-5.204369,0.1519707441329956,0.7480000257492065,0.4174000024795532
YIR013C,YDR443C,0,-5.2044773,0.15193986892700195,0.7480000257492065,0.41749998927116394
YDL059C,YHR039C-B,0,-5.2044816,0.1519090235233307,0.7480000257492065,0.41760000586509705
YJL128C,YJL198W,0,-5.2048917,0.15187817811965942,0.7480000257492065,0.41769999265670776
YLR397C,YMR208W,0,-5.2049146,0.15184734761714935,0.7480000257492065,0.41780000925064087
YHR061C,YDR328C,1,-5.205027,0.15201948583126068,0.7490000128746033,0.41780000925064087
YLR105C,YHR041C,0,-5.2051044,0.15198864042758942,0.7490000128746033,0.4178999960422516
YKL051W,YKL099C,0,-5.2051277,0.15195779502391815,0.7490000128746033,0.4180000126361847
YAL015C,YNL121C,0,-5.2051883,0.15192697942256927,0.7490000128746033,0.4180999994277954
YOR181W,YDR388W,1,-5.2052226,0.15209896862506866,0.75,0.4180999994277954
YNL023C,YMR096W,0,-5.2053227,0.1520681232213974,0.75,0.41819998621940613
YCL026C-A,YJL093C,0,-5.205512,0.15203729271888733,0.75,0.41830000281333923
YLR220W,YML045W,0,-5.2055774,0.15200649201869965,0.75,0.41839998960494995
YNR019W,YPR131C,0,-5.205618,0.15197569131851196,0.75,0.41850000619888306
YOL123W,YPL058C,0,-5.206162,0.15194489061832428,0.75,0.4185999929904938
YCL017C,YMR013C,0,-5.206205,0.15191411972045898,0.75,0.4187000095844269
YBR100W,YEL041W,0,-5.2062116,0.1518833488225937,0.75,0.4187999963760376
YDL105W,YGR135W,0,-5.206448,0.15185260772705078,0.75,0.4189000129699707
YDR174W,YNL323W,0,-5.2065597,0.15182186663150787,0.75,0.4189999997615814
YGR088W,YBR090C-A,0,-5.2066483,0.15179114043712616,0.75,0.41909998655319214
YHR052W,YPL268W,0,-5.2068744,0.15176041424274445,0.75,0.41920000314712524
YPR154W,YNL213C,0,-5.2070837,0.15172971785068512,0.75,0.41929998993873596
YDR409W,YJL113W,0,-5.207216,0.151699036359787,0.75,0.41940000653266907
YGL210W,YGR122W,0,-5.207897,0.15166835486888885,0.75,0.4194999933242798
YGL171W,YDR207C,0,-5.207967,0.15163768827915192,0.75,0.4196000099182129
YKL134C,YIL119C,0,-5.208158,0.15160703659057617,0.75,0.4196999967098236
YGR085C,YHR084W,0,-5.2084813,0.15157639980316162,0.75,0.4198000133037567
YKL012W,YHR203C,0,-5.208519,0.15154576301574707,0.75,0.41990000009536743
YNL037C,YCL075W,0,-5.2093396,0.1515151560306549,0.75,0.41999998688697815
YML071C,YLR309C,0,-5.209514,0.15148454904556274,0.75,0.42010000348091125
YHL006C,YGL115W,0,-5.2095265,0.15145395696163177,0.75,0.420199990272522
YJL081C,YOR088W,0,-5.209849,0.151423379778862,0.75,0.4203000068664551
YOR310C,YOR217W,0,-5.2099175,0.15139281749725342,0.75,0.4203999936580658
YML051W,YMR146C,0,-5.2103496,0.15136225521564484,0.75,0.4205000102519989
YDR461W,YLR442C,0,-5.210387,0.15133172273635864,0.75,0.4205999970436096
YJL196C,YMR013C,0,-5.210693,0.15130119025707245,0.75,0.4207000136375427
YMR275C,YMR283C,0,-5.2108235,0.15127067267894745,0.75,0.42080000042915344
YGL073W,YGR116W,0,-5.2108912,0.15124017000198364,0.75,0.42089998722076416
YNL110C,YOR301W,1,-5.210917,0.1514112949371338,0.7509999871253967,0.42089998722076416
YDR489W,YOR297C,0,-5.2110143,0.1513807773590088,0.7509999871253967,0.42100000381469727
YFL016C,YLR455W,0,-5.211035,0.1513502597808838,0.7509999871253967,0.421099990606308
YLR347C,YLR193C,0,-5.2110705,0.15131977200508118,0.7509999871253967,0.4212000072002411
YJR092W,YBR210W,1,-5.2129836,0.1514907330274582,0.7519999742507935,0.4212000072002411
YCL012W,YCR038C,1,-5.212988,0.15166163444519043,0.753000020980835,0.4212000072002411
YDL002C,YAL015C,0,-5.2130847,0.15163108706474304,0.753000020980835,0.4212999939918518
YBR155W,YOR334W,0,-5.2131176,0.15160056948661804,0.753000020980835,0.4214000105857849
YHR114W,YPL152W,0,-5.2132564,0.15157005190849304,0.753000020980835,0.42149999737739563
YJR057W,YGR013W,0,-5.2133756,0.15153954923152924,0.753000020980835,0.42160001397132874
YGR078C,YLR090W,0,-5.213493,0.15150906145572662,0.753000020980835,0.42170000076293945
YNL016W,YOR213C,0,-5.213494,0.151478573679924,0.753000020980835,0.42179998755455017
YDR206W,YCL062W,0,-5.2136455,0.1514481157064438,0.753000020980835,0.4219000041484833
YHR061C,YOL113W,1,-5.213734,0.15161873400211334,0.7540000081062317,0.4219000041484833
YHL009C,YBR284W,0,-5.213758,0.15158826112747192,0.7540000081062317,0.421999990940094
YFL023W,YNL298W,1,-5.213846,0.15175879001617432,0.7549999952316284,0.421999990940094
YEL022W,YOL133W,0,-5.213961,0.1517283022403717,0.7549999952316284,0.4221000075340271
YPL174C,YKR079C,0,-5.2142396,0.1516978144645691,0.7549999952316284,0.4221999943256378
YAL056W,YML114C,0,-5.214317,0.15166734158992767,0.7549999952316284,0.4223000109195709
YLR068W,YMR013C,0,-5.214344,0.15163686871528625,0.7549999952316284,0.42239999771118164
YCR038C,YHR135C,1,-5.2146416,0.15180723369121552,0.7559999823570251,0.42239999771118164
YDR343C,YJR104C,0,-5.21503,0.1517767459154129,0.7559999823570251,0.42250001430511475
YDL031W,YLR233C,0,-5.215036,0.15174628794193268,0.7559999823570251,0.42260000109672546
YML120C,YKL058W,0,-5.215221,0.15171582996845245,0.7559999823570251,0.4226999878883362
YPL051W,YGR202C,0,-5.2153115,0.15168538689613342,0.7559999823570251,0.4228000044822693
YNL004W,YER087C-A,0,-5.2153277,0.15165495872497559,0.7559999823570251,0.42289999127388
YFR048W,YBR198C,0,-5.2155223,0.15162454545497894,0.7559999823570251,0.4230000078678131
YNL259C,YGL066W,0,-5.2155766,0.1515941470861435,0.7559999823570251,0.42309999465942383
YDL116W,YDR027C,0,-5.215884,0.15156374871730804,0.7559999823570251,0.42320001125335693
YBR088C,YMR190C,0,-5.216188,0.15153338015079498,0.7559999823570251,0.42329999804496765
YER019C-A,YDL128W,0,-5.2166195,0.15150301158428192,0.7559999823570251,0.42340001463890076
YOL164W,YDR457W,0,-5.2166314,0.15147265791893005,0.7559999823570251,0.4235000014305115
YBL008W,YER117W,0,-5.216634,0.15144230425357819,0.7559999823570251,0.4235999882221222
YDL004W,YJL214W,0,-5.2167163,0.1514119803905487,0.7559999823570251,0.4237000048160553
YJR108W,YNL061W,0,-5.216912,0.15138165652751923,0.7559999823570251,0.423799991607666
YMR014W,YDR166C,1,-5.2169724,0.15155154466629028,0.7570000290870667,0.423799991607666
YNL126W,YDR079C-A,0,-5.216986,0.1515212208032608,0.7570000290870667,0.4239000082015991
YOR103C,YBR012W-B,0,-5.2173095,0.15149089694023132,0.7570000290870667,0.42399999499320984
YIL016W,YGR129W,0,-5.2177615,0.15146058797836304,0.7570000290870667,0.42410001158714294
YOR181W,YBR143C,1,-5.2177825,0.15163032710552216,0.7580000162124634,0.42410001158714294
YAL044C,YAL030W,0,-5.2178855,0.15160000324249268,0.7580000162124634,0.42419999837875366
YML047C,YPL033C,0,-5.217901,0.1515696793794632,0.7580000162124634,0.4242999851703644
YDR040C,YOR038C,0,-5.218163,0.1515393853187561,0.7580000162124634,0.4244000017642975
YAL022C,YGR116W,0,-5.218269,0.151509091258049,0.7580000162124634,0.4244999885559082
YDR158W,YER012W,0,-5.2186685,0.1514788120985031,0.7580000162124634,0.4246000051498413
YHR001W,YGR212W,0,-5.218915,0.1514485478401184,0.7580000162124634,0.424699991941452
YKL040C,YDL058W,0,-5.218972,0.1514182984828949,0.7580000162124634,0.42480000853538513
YAL058W,YML064C,0,-5.2193255,0.15138806402683258,0.7580000162124634,0.42489999532699585
YOL113W,YLL021W,1,-5.2194123,0.15155750513076782,0.7590000033378601,0.42489999532699585
YDR178W,YCL019W,0,-5.2195287,0.1515272557735443,0.7590000033378601,0.42500001192092896
YDR059C,YJR028W,0,-5.2196345,0.1514970064163208,0.7590000033378601,0.4250999987125397
YPL119C,YCL062W,0,-5.2196565,0.15146677196025848,0.7590000033378601,0.4251999855041504
YHR091C,YOR014W,0,-5.2198005,0.15143655240535736,0.7590000033378601,0.4253000020980835
YDR243C,YOL146W,0,-5.2201085,0.15140634775161743,0.7590000033378601,0.4253999888896942
YBR121C,YLR014C,0,-5.2201734,0.1513761430978775,0.7590000033378601,0.4255000054836273
YPR135W,YOL135C,0,-5.220182,0.15134596824645996,0.7590000033378601,0.42559999227523804
YPR105C,YLR197W,0,-5.220366,0.15131579339504242,0.7590000033378601,0.42570000886917114
YIL040W,YEL050C,0,-5.2205067,0.15128563344478607,0.7590000033378601,0.42579999566078186
YBR207W,YPL098C,0,-5.220512,0.15125547349452972,0.7590000033378601,0.42590001225471497
YOL095C,YBR136W,0,-5.2206893,0.15122534334659576,0.7590000033378601,0.4259999990463257
YGR158C,YLR254C,0,-5.220859,0.1511952131986618,0.7590000033378601,0.4260999858379364
YHR026W,YMR268C,0,-5.2214074,0.15116511285305023,0.7590000033378601,0.4262000024318695
YNL103W,YOL091W,0,-5.2215447,0.15113501250743866,0.7590000033378601,0.4262999892234802
YGL099W,YER180C-A,0,-5.221726,0.1511049121618271,0.7590000033378601,0.42640000581741333
YNL130C,YOR315W,0,-5.2219577,0.1510748416185379,0.7590000033378601,0.42649999260902405
YCR082W,YLR086W,0,-5.2219944,0.15104477107524872,0.7590000033378601,0.42660000920295715
YML116W,YMR235C,0,-5.2221856,0.15101473033428192,0.7590000033378601,0.42669999599456787
YPL227C,YPR164W,0,-5.222358,0.15098468959331512,0.7590000033378601,0.426800012588501
YFL008W,YGR082W,0,-5.2224994,0.15095464885234833,0.7590000033378601,0.4268999993801117
YJL115W,YOR371C,0,-5.2228456,0.15092463791370392,0.7590000033378601,0.4269999861717224
YMR015C,YGR192C,0,-5.223116,0.1508946269750595,0.7590000033378601,0.4271000027656555
YPR181C,YGL137W,0,-5.223615,0.1508646458387375,0.7590000033378601,0.42719998955726624
YBR133C,YNL007C,0,-5.2238455,0.15083466470241547,0.7590000033378601,0.42730000615119934
YDR448W,YBR186W,0,-5.2238927,0.15080468356609344,0.7590000033378601,0.42739999294281006
YBR004C,YBR095C,0,-5.22404,0.1507747322320938,0.7590000033378601,0.42750000953674316
YNL101W,YER180C-A,0,-5.224693,0.15074478089809418,0.7590000033378601,0.4275999963283539
YHR193C,YHR172W,0,-5.225081,0.15071485936641693,0.7590000033378601,0.427700012922287
YPL008W,YLR298C,0,-5.225527,0.15068493783473969,0.7590000033378601,0.4277999997138977
YNL003C,YLL056C,0,-5.2257056,0.15065501630306244,0.7590000033378601,0.4278999865055084
YFL009W,YMR296C,0,-5.225804,0.15062512457370758,0.7590000033378601,0.42800000309944153
YDR288W,YCR073C,0,-5.225937,0.15059523284435272,0.7590000033378601,0.42809998989105225
YGL033W,YDR393W,0,-5.2261367,0.15056537091732025,0.7590000033378601,0.42820000648498535
YDR309C,YNL110C,1,-5.2262754,0.1507338285446167,0.7599999904632568,0.42820000648498535
YBR234C,YCL074W,0,-5.226279,0.15070395171642303,0.7599999904632568,0.42829999327659607
YOL026C,YAR010C,0,-5.2265105,0.15067407488822937,0.7599999904632568,0.4284000098705292
YOR274W,YNL304W,0,-5.2266483,0.1506441980600357,0.7599999904632568,0.4284999966621399
YBR152W,YIL017C,0,-5.226689,0.15061435103416443,0.7599999904632568,0.428600013256073
YKL025C,YOR049C,0,-5.2268147,0.15058450400829315,0.7599999904632568,0.4287000000476837
YBL017C,YMR190C,0,-5.2269106,0.15055467188358307,0.7599999904632568,0.42879998683929443
YNL094W,YGR040W,0,-5.226961,0.15052485466003418,0.7599999904632568,0.42890000343322754
YNL245C,YHR005C,0,-5.2270975,0.15049505233764648,0.7599999904632568,0.42899999022483826
YPL200W,YBL023C,0,-5.227197,0.1504652500152588,0.7599999904632568,0.42910000681877136
YNL331C,YER051W,0,-5.2276044,0.15043547749519348,0.7599999904632568,0.4291999936103821
YGR060W,YJL010C,0,-5.2276845,0.15040570497512817,0.7599999904632568,0.4293000102043152
YPR188C,YOL113W,1,-5.2278385,0.15057380497455597,0.7609999775886536,0.4293000102043152
YBR085W,YDR093W,0,-5.22792,0.15054401755332947,0.7609999775886536,0.4293999969959259
YMR246W,YPL032C,0,-5.2282224,0.15051424503326416,0.7609999775886536,0.429500013589859
YGL087C,YJR026W,0,-5.228323,0.15048447251319885,0.7609999775886536,0.4296000003814697
YCR094W,YLR394W,0,-5.228328,0.15045472979545593,0.7609999775886536,0.42969998717308044
YGR024C,YGR033C,0,-5.2286634,0.150424987077713,0.7609999775886536,0.42980000376701355
YHR039C,YDR181C,0,-5.2287793,0.1503952592611313,0.7609999775886536,0.42989999055862427
YOR185C,YDR227W,0,-5.228888,0.15036554634571075,0.7609999775886536,0.4300000071525574
YHR061C,YLR084C,1,-5.229653,0.15053339302539825,0.7620000243186951,0.4300000071525574
YFL034C-B,YPL124W,0,-5.229785,0.15050365030765533,0.7620000243186951,0.4300999939441681
YFL013C,YKR028W,0,-5.229975,0.1504739373922348,0.7620000243186951,0.4302000105381012
YOL042W,YDR137W,0,-5.2299776,0.15044422447681427,0.7620000243186951,0.4302999973297119
YLR157C,YDR400W,0,-5.2300916,0.15041452646255493,0.7620000243186951,0.430400013923645
YDR216W,YPL283C,0,-5.230122,0.1503848433494568,0.7620000243186951,0.43050000071525574
YHR015W,YLR067C,0,-5.2301536,0.15035517513751984,0.7620000243186951,0.43059998750686646
YPR120C,YEL030W,0,-5.23025,0.15032550692558289,0.7620000243186951,0.43070000410079956
YPL051W,YIL022W,0,-5.230306,0.15029585361480713,0.7620000243186951,0.4307999908924103
YKL197C,YGL244W,0,-5.2311406,0.15026621520519257,0.7620000243186951,0.4309000074863434
YLL015W,YDR238C,0,-5.231296,0.1502365916967392,0.7620000243186951,0.4309999942779541
YKL022C,YGR123C,0,-5.2315426,0.15020698308944702,0.7620000243186951,0.4311000108718872
YIR012W,YGR185C,0,-5.231776,0.15017737448215485,0.7620000243186951,0.4311999976634979
YFL021W,YMR061W,0,-5.231851,0.15014778077602386,0.7620000243186951,0.43130001425743103
YDR437W,YKL035W,0,-5.2318974,0.15011820197105408,0.7620000243186951,0.43140000104904175
YLR100W,YFR034C,0,-5.2319255,0.15008863806724548,0.7620000243186951,0.43149998784065247
YOR193W,YMR054W,0,-5.23218,0.1500590741634369,0.7620000243186951,0.43160000443458557
YOL165C,YPL096W,0,-5.2321873,0.15002954006195068,0.7620000243186951,0.4316999912261963
YBR185C,YHR090C,0,-5.2324486,0.15000000596046448,0.7620000243186951,0.4318000078201294
YKL205W,YMR283C,0,-5.2326674,0.14997047185897827,0.7620000243186951,0.4318999946117401
YLR110C,YLR346C,0,-5.232981,0.14994096755981445,0.7620000243186951,0.4320000112056732
YLR116W,YBR284W,0,-5.2331643,0.14991146326065063,0.7620000243186951,0.43209999799728394
YOR330C,YMR139W,0,-5.2333894,0.1498819887638092,0.7620000243186951,0.43220001459121704
YBR038W,YOL113W,1,-5.2337956,0.15004916489124298,0.7630000114440918,0.43220001459121704
YNR075W,YBR106W,0,-5.233848,0.15001966059207916,0.7630000114440918,0.43230000138282776
YOL021C,YPR095C,0,-5.2341537,0.14999017119407654,0.7630000114440918,0.4323999881744385
YOL054W,YDR018C,0,-5.234278,0.1499606966972351,0.7630000114440918,0.4325000047683716
YPR111W,YDR437W,0,-5.234347,0.14993122220039368,0.7630000114440918,0.4325999915599823
YBR085W,YIL002C,0,-5.2343936,0.14990176260471344,0.7630000114440918,0.4327000081539154
YPL117C,YHR001W-A,0,-5.234403,0.1498723179101944,0.7630000114440918,0.4327999949455261
YNL103W,YNL061W,0,-5.234613,0.14984288811683655,0.7630000114440918,0.43290001153945923
YJL058C,YIL144W,0,-5.235008,0.1498134732246399,0.7630000114440918,0.43299999833106995
YOR206W,YHL009C,0,-5.235026,0.14978405833244324,0.7630000114440918,0.43309998512268066
YGL192W,YML062C,0,-5.2351046,0.14975465834140778,0.7630000114440918,0.43320000171661377
YCR009C,YDR328C,1,-5.2351766,0.1499215066432953,0.7639999985694885,0.43320000171661377
YOR322C,YNL047C,0,-5.2354894,0.14989209175109863,0.7639999985694885,0.4332999885082245
YDL143W,YBR240C,0,-5.2355647,0.14986269176006317,0.7639999985694885,0.4334000051021576
YLR321C,YMR203W,0,-5.23572,0.1498333066701889,0.7639999985694885,0.4334999918937683
YGR014W,YNL151C,0,-5.235743,0.14980392158031464,0.7639999985694885,0.4336000084877014
YDR309C,YDR328C,1,-5.2358403,0.14997059106826782,0.7649999856948853,0.4336000084877014
YML058W-A,YKL029C,0,-5.2358537,0.14994120597839355,0.7649999856948853,0.43369999527931213
YPR005C,YOR014W,0,-5.2358975,0.1499118208885193,0.7649999856948853,0.43380001187324524
YMR036C,YDR381W,0,-5.2359037,0.1498824506998062,0.7649999856948853,0.43389999866485596
YBR100W,YKL040C,0,-5.2362094,0.14985308051109314,0.7649999856948853,0.4339999854564667
YER003C,YPR032W,0,-5.2367067,0.14982374012470245,0.7649999856948853,0.4341000020503998
YDR481C,YLR455W,0,-5.2368503,0.14979439973831177,0.7649999856948853,0.4341999888420105
YNL070W,YHR020W,0,-5.2369256,0.14976507425308228,0.7649999856948853,0.4343000054359436
YLL050C,YML039W,0,-5.237085,0.14973576366901398,0.7649999856948853,0.4343999922275543
YER008C,YNL154C,1,-5.2371206,0.14990215003490448,0.765999972820282,0.4343999922275543
YLR106C,YNL253W,0,-5.237146,0.149872824549675,0.765999972820282,0.4345000088214874
YCR057C,YOL113W,1,-5.237146,0.15003912150859833,0.7670000195503235,0.4345000088214874
YPR113W,YLR448W,0,-5.2375636,0.15000978112220764,0.7670000195503235,0.43459999561309814
YGR262C,YKL129C,1,-5.237577,0.15017598867416382,0.7680000066757202,0.43459999561309814
YBR201W,YPL085W,0,-5.237903,0.15014663338661194,0.7680000066757202,0.43470001220703125
YPL020C,YDL128W,0,-5.237909,0.15011727809906006,0.7680000066757202,0.43479999899864197
YNL098C,YIR015W,0,-5.237968,0.15008793771266937,0.7680000066757202,0.4348999857902527
YKL009W,YKR065C,0,-5.2380223,0.15005861222743988,0.7680000066757202,0.4350000023841858
YPR068C,YGR170W,0,-5.2382364,0.15002930164337158,0.7680000066757202,0.4350999891757965
YIL046W,YNL206C,0,-5.2382727,0.15000000596046448,0.7680000066757202,0.4352000057697296
YPR135W,YDR151C,0,-5.2383866,0.14997071027755737,0.7680000066757202,0.43529999256134033
YER072W,YDL235C,0,-5.238447,0.14994142949581146,0.7680000066757202,0.43540000915527344
YBR106W,YDL093W,0,-5.2384734,0.14991216361522675,0.7680000066757202,0.43549999594688416
YOR039W,YOR133W,0,-5.2386045,0.14988289773464203,0.7680000066757202,0.43560001254081726
YJL047C,YBR231C,0,-5.2388773,0.1498536616563797,0.7680000066757202,0.435699999332428
YPR164W,YHR154W,0,-5.238918,0.14982442557811737,0.7680000066757202,0.4357999861240387
YPL078C,YBR193C,0,-5.239045,0.14979520440101624,0.7680000066757202,0.4359000027179718
YLR329W,YIL129C,0,-5.239075,0.1497659832239151,0.7680000066757202,0.4359999895095825
YDL039C,YPL258C,0,-5.2392898,0.14973679184913635,0.7680000066757202,0.4361000061035156
YIR013C,YBR198C,0,-5.2395053,0.1497076004743576,0.7680000066757202,0.43619999289512634
YMR113W,YHR081W,0,-5.23952,0.14967842400074005,0.7680000066757202,0.43630000948905945
YPL159C,YGL205W,0,-5.23952,0.1496492624282837,0.7680000066757202,0.43639999628067017
YER019C-A,YLR417W,0,-5.239597,0.14962010085582733,0.7680000066757202,0.43650001287460327
YOR034C,YOR315W,0,-5.240267,0.14959096908569336,0.7680000066757202,0.436599999666214
YMR305C,YOR313C,0,-5.2404633,0.1495618373155594,0.7680000066757202,0.4366999864578247
YOR109W,YLL017W,0,-5.2404637,0.14953270554542542,0.7680000066757202,0.4368000030517578
YBR192W,YLR079W,0,-5.2405825,0.14950360357761383,0.7680000066757202,0.43689998984336853
YDR098C,YDR488C,0,-5.2407036,0.14947450160980225,0.7680000066757202,0.43700000643730164
YIL004C,YOR119C,0,-5.240747,0.14944541454315186,0.7680000066757202,0.43709999322891235
YEL063C,YHR203C,0,-5.240916,0.14941634237766266,0.7680000066757202,0.43720000982284546
YNL262W,YHR050W,0,-5.240918,0.14938728511333466,0.7680000066757202,0.4372999966144562
YJL063C,YBR295W,0,-5.240935,0.14935822784900665,0.7680000066757202,0.4374000132083893
YBR207W,YML064C,0,-5.241018,0.14932918548583984,0.7680000066757202,0.4375
YDR205W,YCL005W-A,0,-5.2411513,0.14930015802383423,0.7680000066757202,0.4375999867916107
YDL111C,YNL045W,0,-5.2413917,0.1492711305618286,0.7680000066757202,0.4377000033855438
YJL178C,YMR143W,0,-5.241482,0.14924213290214539,0.7680000066757202,0.43779999017715454
YOR075W,YGL039W,0,-5.2416835,0.14921313524246216,0.7680000066757202,0.43790000677108765
YOL108C,YOL116W,0,-5.241816,0.14918415248394012,0.7680000066757202,0.43799999356269836
YJL098W,YJR126C,0,-5.2418876,0.1491551697254181,0.7680000066757202,0.43810001015663147
YPR095C,YLR262C,0,-5.2421384,0.14912621676921844,0.7680000066757202,0.4381999969482422
YPL256C,YMR285C,0,-5.2422957,0.1490972638130188,0.7680000066757202,0.4383000135421753
YER108C,YPR141C,0,-5.2424545,0.14906832575798035,0.7680000066757202,0.438400000333786
YDR308C,YDR131C,0,-5.2426724,0.1490393877029419,0.7680000066757202,0.43849998712539673
YPL195W,YPL188W,0,-5.2430487,0.14901047945022583,0.7680000066757202,0.43860000371932983
YJL129C,YGR094W,0,-5.243077,0.14898157119750977,0.7680000066757202,0.43869999051094055
YPR081C,YHL006C,0,-5.2432876,0.1489526778459549,0.7680000066757202,0.43880000710487366
YFR024C,YHR048W,0,-5.2434306,0.14892379939556122,0.7680000066757202,0.4388999938964844
YDR461W,YOR140W,0,-5.2434716,0.14889492094516754,0.7680000066757202,0.4390000104904175
YMR316W,YDL112W,0,-5.2435555,0.14886605739593506,0.7680000066757202,0.4390999972820282
YCR089W,YIR013C,0,-5.243569,0.14883720874786377,0.7680000066757202,0.4392000138759613
YHR034C,YOL094C,0,-5.2441487,0.14880837500095367,0.7680000066757202,0.439300000667572
YMR026C,YOL038W,0,-5.2445893,0.14877954125404358,0.7680000066757202,0.43939998745918274
YOR313C,YHR214C-B,0,-5.244642,0.14875072240829468,0.7680000066757202,0.43950000405311584
YJR090C,YJL001W,0,-5.24469,0.14872191846370697,0.7680000066757202,0.43959999084472656
YJL021C,YOR226C,0,-5.2448235,0.14869312942028046,0.7680000066757202,0.43970000743865967
YCR088W,YGL063W,0,-5.2449985,0.14866434037685394,0.7680000066757202,0.4397999942302704
YML065W,YPR137W,0,-5.245278,0.14863556623458862,0.7680000066757202,0.4399000108242035
YDR529C,YNR023W,0,-5.2452826,0.1486068069934845,0.7680000066757202,0.4399999976158142
YDR369C,YKL088W,0,-5.245377,0.14857806265354156,0.7680000066757202,0.4401000142097473
YBR041W,YPL151C,0,-5.2458854,0.14854931831359863,0.7680000066757202,0.44020000100135803
YGL174W,YKL129C,1,-5.246341,0.14871397614479065,0.7689999938011169,0.44020000100135803
YCL012W,YDR309C,1,-5.2466893,0.1488785743713379,0.7699999809265137,0.44020000100135803
YLL015W,YLR405W,0,-5.246798,0.14884980022907257,0.7699999809265137,0.44029998779296875
YPR046W,YIL117C,0,-5.246972,0.14882102608680725,0.7699999809265137,0.44040000438690186
YDR439W,YHR181W,0,-5.2475057,0.14879226684570312,0.7699999809265137,0.4404999911785126
YIL114C,YOR229W,0,-5.2477574,0.1487635225057602,0.7699999809265137,0.4406000077724457
YDR411C,YOR099W,0,-5.247815,0.14873479306697845,0.7699999809265137,0.4406999945640564
YMR238W,YJR145C,0,-5.247846,0.14870606362819672,0.7699999809265137,0.4408000111579895
YLR186W,YNL312W,0,-5.247956,0.14867734909057617,0.7699999809265137,0.4408999979496002
YIL119C,YLR268W,0,-5.2481303,0.14864864945411682,0.7699999809265137,0.4410000145435333
YOR099W,YGL058W,0,-5.2482224,0.14861996471881866,0.7699999809265137,0.44110000133514404
YIR037W,YNL312W,0,-5.2482557,0.1485912799835205,0.7699999809265137,0.44119998812675476
YJL010C,YIL123W,0,-5.2483754,0.14856261014938354,0.7699999809265137,0.44130000472068787
YPL265W,YKR053C,0,-5.248609,0.14853395521640778,0.7699999809265137,0.4413999915122986
YER161C,YHR090C,0,-5.2486396,0.148505300283432,0.7699999809265137,0.4415000081062317
YDR302W,YER006W,0,-5.248653,0.14847667515277863,0.7699999809265137,0.4415999948978424
YMR198W,YJL033W,0,-5.2488284,0.14844805002212524,0.7699999809265137,0.4417000114917755
YER169W,YMR134W,0,-5.248986,0.14841942489147186,0.7699999809265137,0.44179999828338623
YOR185C,YDL181W,0,-5.2490535,0.14839082956314087,0.7699999809265137,0.44190001487731934
YBR179C,YGL092W,0,-5.2494984,0.14836223423480988,0.7699999809265137,0.44200000166893005
YDL006W,YLR026C,0,-5.2496448,0.14833365380764008,0.7699999809265137,0.44209998846054077
YMR038C,YMR308C,0,-5.2497096,0.14830508828163147,0.7699999809265137,0.4422000050544739
YDR365C,YCL027W,0,-5.2498717,0.14827652275562286,0.7699999809265137,0.4422999918460846
YKR008W,YBR165W,0,-5.2498727,0.14824797213077545,0.7699999809265137,0.4424000084400177
YLL060C,YPL206C,0,-5.2498775,0.14821943640708923,0.7699999809265137,0.4424999952316284
YIL124W,YDR235W,0,-5.249946,0.1481909155845642,0.7699999809265137,0.4426000118255615
YDR208W,YPL016W,0,-5.250029,0.14816239476203918,0.7699999809265137,0.44269999861717224
YER019W,YML032C,0,-5.2501483,0.14813390374183655,0.7699999809265137,0.44279998540878296
YJL090C,YBR079C,0,-5.25025,0.14810539782047272,0.7699999809265137,0.44290000200271606
YPR029C,YDL088C,0,-5.250256,0.14807692170143127,0.7699999809265137,0.4429999887943268
YFL009W,YLR288C,0,-5.2506404,0.14804844558238983,0.7699999809265137,0.4431000053882599
YNL029C,YBR162C,0,-5.250945,0.14801999926567078,0.7699999809265137,0.4431999921798706
YDR208W,YHL006C,0,-5.2511144,0.14799153804779053,0.7699999809265137,0.4433000087738037
YIL114C,YCL005W-A,0,-5.251237,0.14796310663223267,0.7699999809265137,0.44339999556541443
YOR362C,YOR191W,0,-5.251257,0.1479346752166748,0.7699999809265137,0.44350001215934753
YPL227C,YDL192W,0,-5.251306,0.14790625870227814,0.7699999809265137,0.44359999895095825
YML059C,YLR193C,0,-5.2513685,0.14787785708904266,0.7699999809265137,0.44369998574256897
YDL028C,YER022W,0,-5.25149,0.1478494554758072,0.7699999809265137,0.4438000023365021
YLR086W,YML098W,0,-5.251604,0.1478210836648941,0.7699999809265137,0.4438999891281128
YJL021C,YBL057C,0,-5.2516313,0.14779271185398102,0.7699999809265137,0.4440000057220459
YDL166C,YDL154W,0,-5.251676,0.14776434004306793,0.7699999809265137,0.4440999925136566
YPR201W,YMR060C,0,-5.2517447,0.14773599803447723,0.7699999809265137,0.4442000091075897
YKL139W,YNL030W,0,-5.2520614,0.14770765602588654,0.7699999809265137,0.44429999589920044
YIL103W,YBR253W,0,-5.2521214,0.14767932891845703,0.7699999809265137,0.44440001249313354
YPR183W,YBR091C,0,-5.252259,0.14765100181102753,0.7699999809265137,0.44449999928474426
YNL270C,YDL058W,0,-5.252348,0.1476227045059204,0.7699999809265137,0.444599986076355
YOR181W,YLR337W,1,-5.2525773,0.14778608083724976,0.7710000276565552,0.444599986076355
YDL004W,YCL062W,0,-5.2529674,0.14775776863098145,0.7710000276565552,0.4447000026702881
YNL251C,YKL012W,0,-5.2530684,0.14772945642471313,0.7710000276565552,0.4447999894618988
YPR008W,YDL150W,0,-5.253212,0.14770114421844482,0.7710000276565552,0.4449000060558319
YKL112W,YPL118W,0,-5.2532554,0.1476728618144989,0.7710000276565552,0.4449999928474426
YJR042W,YML039W,0,-5.2532926,0.14764457941055298,0.7710000276565552,0.44510000944137573
YLR332W,YLR141W,0,-5.253447,0.14761631190776825,0.7710000276565552,0.44519999623298645
YDR361C,YBR103W,0,-5.253797,0.14758805930614471,0.7710000276565552,0.44530001282691956
YDR377W,YDR499W,0,-5.253816,0.14755980670452118,0.7710000276565552,0.4453999996185303
YLR231C,YMR272C,0,-5.253856,0.14753156900405884,0.7710000276565552,0.445499986410141
YGR262C,YDR328C,1,-5.2540054,0.1476946622133255,0.7720000147819519,0.445499986410141
YPL190C,YBL105C,0,-5.25404,0.14766640961170197,0.7720000147819519,0.4456000030040741
YDR515W,YNL309W,0,-5.2542763,0.14763817191123962,0.7720000147819519,0.4456999897956848
YHR043C,YOL028C,0,-5.254377,0.14760994911193848,0.7720000147819519,0.4458000063896179
YER054C,YEL004W,0,-5.254434,0.14758172631263733,0.7720000147819519,0.44589999318122864
YKL074C,YKR053C,0,-5.254576,0.14755351841449738,0.7720000147819519,0.44600000977516174
YCR058C,YPR055W,1,-5.2547317,0.14771641790866852,0.7730000019073486,0.44600000977516174
YMR276W,YML021C,0,-5.254843,0.14768819510936737,0.7730000019073486,0.44609999656677246
YPL200W,YEL034W,0,-5.255367,0.14765998721122742,0.7730000019073486,0.44620001316070557
YPR075C,YEL051W,0,-5.2556863,0.14763177931308746,0.7730000019073486,0.4462999999523163
YEL056W,YCL074W,0,-5.2557735,0.1476035863161087,0.7730000019073486,0.446399986743927
YGR186W,YDR486C,0,-5.255903,0.14757540822029114,0.7730000019073486,0.4465000033378601
YDL097C,YDL185W,0,-5.2560205,0.14754724502563477,0.7730000019073486,0.4465999901294708
YFL048C,YJR093C,0,-5.256285,0.1475190818309784,0.7730000019073486,0.44670000672340393
YDR448W,YDR158W,0,-5.2563024,0.14749093353748322,0.7730000019073486,0.44679999351501465
YMR188C,YBR231C,0,-5.2565613,0.14746280014514923,0.7730000019073486,0.44690001010894775
YGR145W,YNR039C,0,-5.2566504,0.14743468165397644,0.7730000019073486,0.44699999690055847
YCL014W,YGR152C,1,-5.2568636,0.14759725332260132,0.7739999890327454,0.44699999690055847
YKL004W,YMR005W,0,-5.2569404,0.14756911993026733,0.7739999890327454,0.4471000134944916
YKR068C,YGR155W,0,-5.257087,0.14754098653793335,0.7739999890327454,0.4472000002861023
YCL012W,YPL242C,1,-5.2572794,0.14770345389842987,0.7749999761581421,0.4472000002861023
YOR322C,YPR113W,0,-5.2573857,0.1476753056049347,0.7749999761581421,0.447299987077713
YKR052C,YKL058W,0,-5.2576947,0.1476471722126007,0.7749999761581421,0.4474000036716461
YNL126W,YDR381W,0,-5.2578254,0.14761905372142792,0.7749999761581421,0.44749999046325684
YPL275W,YCR033W,0,-5.2580132,0.14759093523025513,0.7749999761581421,0.44760000705718994
YDR318W,YDR081C,0,-5.258342,0.14756283164024353,0.7749999761581421,0.44769999384880066
YDR077W,YCR081W,0,-5.258617,0.14753474295139313,0.7749999761581421,0.44780001044273376
YBL024W,YDL140C,0,-5.258901,0.14750665426254272,0.7749999761581421,0.4478999972343445
YMR055C,YKL056C,0,-5.2589183,0.1474785953760147,0.7749999761581421,0.4480000138282776
YOL139C,YOR172W,0,-5.258983,0.1474505364894867,0.7749999761581421,0.4481000006198883
YBR279W,YIL077C,0,-5.2591496,0.14742247760295868,0.7749999761581421,0.448199987411499
YBR090C-A,YPL203W,0,-5.2597013,0.14739444851875305,0.7749999761581421,0.44830000400543213
YLR381W,YJR069C,0,-5.259731,0.14736641943454742,0.7749999761581421,0.44839999079704285
YOL090W,YFL026W,0,-5.259985,0.147338405251503,0.7749999761581421,0.44850000739097595
YPL174C,YDR190C,0,-5.260081,0.14731039106845856,0.7749999761581421,0.44859999418258667
YNR019W,YJR026W,0,-5.2607093,0.1472824066877365,0.7749999761581421,0.4487000107765198
YPL001W,YPL147W,0,-5.2607336,0.14725442230701447,0.7749999761581421,0.4487999975681305
YFL023W,YOL113W,1,-5.2608857,0.14741641283035278,0.7760000228881836,0.4487999975681305
YDL213C,YKL042W,0,-5.260914,0.14738841354846954,0.7760000228881836,0.4489000141620636
YHR167W,YNL045W,0,-5.2612085,0.1473604291677475,0.7760000228881836,0.4490000009536743
YOL042W,YLR025W,0,-5.2612205,0.14733244478702545,0.7760000228881836,0.44909998774528503
YOR080W,YJL191W,0,-5.261502,0.1473044753074646,0.7760000228881836,0.44920000433921814
YIL026C,YKL008C,0,-5.2616153,0.14727652072906494,0.7760000228881836,0.44929999113082886
YMR219W,YOR367W,0,-5.2621183,0.14724858105182648,0.7760000228881836,0.44940000772476196
YOR094W,YHR039C-B,0,-5.262126,0.147220641374588,0.7760000228881836,0.4494999945163727
YNL084C,YNL154C,1,-5.2622237,0.14738239347934723,0.7770000100135803,0.4494999945163727
YPR068C,YDR175C,0,-5.262256,0.14735445380210876,0.7770000100135803,0.4496000111103058
YHR030C,YPL128C,0,-5.262495,0.1473265141248703,0.7770000100135803,0.4496999979019165
YNL271C,YGR152C,1,-5.2630296,0.14748814702033997,0.777999997138977,0.4496999979019165
YBR040W,YPR054W,0,-5.263164,0.1474601924419403,0.777999997138977,0.4498000144958496
YNL029C,YGR095C,0,-5.2633224,0.14743225276470184,0.777999997138977,0.4499000012874603
YJL072C,YBR218C,0,-5.2634425,0.14740431308746338,0.777999997138977,0.44999998807907104
YNL099C,YPL106C,0,-5.263724,0.1473764032125473,0.777999997138977,0.45010000467300415
YGL008C,YLR105C,0,-5.2639675,0.14734847843647003,0.777999997138977,0.45019999146461487
YMR285C,YGR128C,0,-5.2642026,0.14732058346271515,0.777999997138977,0.450300008058548
YDL088C,YLR452C,0,-5.264236,0.14729268848896027,0.777999997138977,0.4503999948501587
YPR122W,YDR309C,1,-5.264406,0.14745409786701202,0.7789999842643738,0.4503999948501587
YLR268W,YJR029W,0,-5.264611,0.14742618799209595,0.7789999842643738,0.4505000114440918
YKL129C,YLR166C,1,-5.264653,0.14758750796318054,0.7799999713897705,0.4505000114440918
YOL012C,YBR082C,0,-5.2649255,0.14755959808826447,0.7799999713897705,0.4505999982357025
YBR274W,YJR131W,0,-5.264938,0.1475316882133484,0.7799999713897705,0.4507000148296356
YMR076C,YGL252C,0,-5.2655644,0.1475037783384323,0.7799999713897705,0.45080000162124634
YDR448W,YGL006W,0,-5.2655725,0.14747589826583862,0.7799999713897705,0.45089998841285706
YEL017C-A,YNL299W,0,-5.265716,0.14744801819324493,0.7799999713897705,0.45100000500679016
YHR082C,YLL056C,0,-5.265905,0.14742015302181244,0.7799999713897705,0.4510999917984009
YLR220W,YGR078C,0,-5.2659287,0.14739228785037994,0.7799999713897705,0.451200008392334
YDL137W,YPR182W,0,-5.2661443,0.14736443758010864,0.7799999713897705,0.4512999951839447
YFL034C-B,YKL117W,0,-5.266449,0.14733660221099854,0.7799999713897705,0.4514000117778778
YGR262C,YCR058C,1,-5.2666593,0.14749763906002045,0.781000018119812,0.4514000117778778
YGR262C,YCR055C,1,-5.2666593,0.14765861630439758,0.7820000052452087,0.4514000117778778
YBR159W,YOR380W,0,-5.26676,0.1476307362318039,0.7820000052452087,0.4514999985694885
YBR161W,YKL073W,0,-5.2669997,0.1476028710603714,0.7820000052452087,0.45159998536109924
YHR072W,YOR188W,0,-5.2670016,0.1475750207901001,0.7820000052452087,0.45170000195503235
YBR177C,YJL141C,0,-5.26712,0.1475471705198288,0.7820000052452087,0.45179998874664307
YBR272C,YPL193W,0,-5.2671666,0.1475193351507187,0.7820000052452087,0.45190000534057617
YMR240C,YGL143C,0,-5.2672315,0.14749151468276978,0.7820000052452087,0.4519999921321869
YOL069W,YOR035C,0,-5.26726,0.14746369421482086,0.7820000052452087,0.45210000872612
YMR153W,YNL201C,0,-5.2672668,0.14743590354919434,0.7820000052452087,0.4521999955177307
YGL001C,YLR240W,0,-5.2673826,0.1474081128835678,0.7820000052452087,0.4523000121116638
YIR025W,YML131W,0,-5.26741,0.14738032221794128,0.7820000052452087,0.45239999890327454
YGR247W,YLR069C,0,-5.26771,0.14735254645347595,0.7820000052452087,0.45249998569488525
YBL023C,YNL273W,0,-5.2683334,0.14732478559017181,0.7820000052452087,0.45260000228881836
YCR040W,YOR147W,0,-5.2683835,0.14729703962802887,0.7820000052452087,0.4526999890804291
YFL011W-A,YOL139C,0,-5.268398,0.14726930856704712,0.7820000052452087,0.4528000056743622
YMR208W,YDL217C,0,-5.2684054,0.14724157750606537,0.7820000052452087,0.4528999924659729
YMR116C,YNL229C,0,-5.268514,0.1472138613462448,0.7820000052452087,0.453000009059906
YDR448W,YML097C,0,-5.268527,0.14718614518642426,0.7820000052452087,0.4530999958515167
YNL147W,YJL004C,0,-5.268909,0.1471584439277649,0.7820000052452087,0.45320001244544983
YNL263C,YER138C,0,-5.2690024,0.14713075757026672,0.7820000052452087,0.45329999923706055
YOR213C,YNR015W,0,-5.2690024,0.14710308611392975,0.7820000052452087,0.45339998602867126
YGR254W,YEL057C,0,-5.269342,0.14707541465759277,0.7820000052452087,0.45350000262260437
YJR160C,YLR005W,0,-5.269364,0.147047758102417,0.7820000052452087,0.4535999894142151
YGL027C,YDL230W,0,-5.269385,0.1470201164484024,0.7820000052452087,0.4537000060081482
YLR265C,YCR061W,0,-5.269398,0.14699247479438782,0.7820000052452087,0.4537999927997589
YGR262C,YLR337C,1,-5.269507,0.14715279638767242,0.7829999923706055,0.4537999927997589
YBR068C,YDL245C,0,-5.2696366,0.14712513983249664,0.7829999923706055,0.453900009393692
YCR065W,YML015C,0,-5.2696652,0.14709749817848206,0.7829999923706055,0.45399999618530273
YOR373W,YNL279W,0,-5.2696676,0.14706987142562866,0.7829999923706055,0.45410001277923584
YMR137C,YMR197C,0,-5.2698874,0.14704225957393646,0.7829999923706055,0.45419999957084656
YBR015C,YCR027C,0,-5.2702947,0.14701464772224426,0.7829999923706055,0.4542999863624573
YLR060W,YNL312W,0,-5.2704782,0.14698705077171326,0.7829999923706055,0.4544000029563904
YLR266C,YHR079C-A,0,-5.270834,0.14695945382118225,0.7829999923706055,0.4544999897480011
YPL159C,YLR329W,0,-5.2708383,0.14693188667297363,0.7829999923706055,0.4546000063419342
YMR052W,YHR001W-A,0,-5.271011,0.14690431952476501,0.7829999923706055,0.4546999931335449
YKL043W,YPL042C,0,-5.271151,0.1468767523765564,0.7829999923706055,0.454800009727478
YKL160W,YHR187W,0,-5.2715993,0.14684921503067017,0.7829999923706055,0.45489999651908875
YNR074C,YKL019W,0,-5.2716994,0.14682167768478394,0.7829999923706055,0.45500001311302185
YDL019C,YDL120W,0,-5.271786,0.1467941552400589,0.7829999923706055,0.45509999990463257
YPR199C,YLR386W,0,-5.271833,0.14676663279533386,0.7829999923706055,0.4551999866962433
YGL173C,YCR060W,0,-5.2718835,0.14673912525177002,0.7829999923706055,0.4553000032901764
YNR032W,YLR079W,0,-5.2722673,0.14671163260936737,0.7829999923706055,0.4553999900817871
YDL245C,YDR018C,0,-5.2725916,0.14668415486812592,0.7829999923706055,0.4555000066757202
YHR142W,YPL133C,0,-5.272618,0.14665667712688446,0.7829999923706055,0.45559999346733093
YGL032C,YKL054C,0,-5.272756,0.1466292142868042,0.7829999923706055,0.45570001006126404
YDR046C,YNL090W,0,-5.2727704,0.14660176634788513,0.7829999923706055,0.45579999685287476
YLR384C,YGR006W,0,-5.2730136,0.14657431840896606,0.7829999923706055,0.45590001344680786
YHR160C,YDR279W,0,-5.273127,0.1465468853712082,0.7829999923706055,0.4560000002384186
YBL013W,YGR081C,0,-5.273508,0.1465194672346115,0.7829999923706055,0.4560999870300293
YDL198C,YOR056C,0,-5.2735615,0.14649204909801483,0.7829999923706055,0.4562000036239624
YIR013C,YBL006C,0,-5.27374,0.14646464586257935,0.7829999923706055,0.4562999904155731
YER042W,YJL145W,0,-5.2737913,0.14643725752830505,0.7829999923706055,0.4564000070095062
YBR217W,YAL007C,0,-5.2738442,0.14640986919403076,0.7829999923706055,0.45649999380111694
YDR101C,YLR394W,0,-5.2738495,0.14638249576091766,0.7829999923706055,0.45660001039505005
YOR299W,YCR058C,1,-5.273929,0.14654205739498138,0.7839999794960022,0.45660001039505005
YKR081C,YNL206C,0,-5.2740774,0.1465146690607071,0.7839999794960022,0.45669999718666077
YNR067C,YDR388W,1,-5.274669,0.14667414128780365,0.7850000262260437,0.45669999718666077
YBR284W,YEL057C,0,-5.2748084,0.14664673805236816,0.7850000262260437,0.45680001378059387
YKL129C,YIL095W,1,-5.2748885,0.14680612087249756,0.7860000133514404,0.45680001378059387
YDR130C,YIL118W,0,-5.274979,0.14677871763706207,0.7860000133514404,0.4569000005722046
YNR049C,YML039W,0,-5.275042,0.1467512995004654,0.7860000133514404,0.4569999873638153
YDL160C,YEL041W,0,-5.275113,0.1467239111661911,0.7860000133514404,0.4571000039577484
YGL190C,YKR095W-A,0,-5.275183,0.1466965228319168,0.7860000133514404,0.45719999074935913
YDL055C,YGL030W,0,-5.275238,0.1466691493988037,0.7860000133514404,0.45730000734329224
YBR129C,YOL143C,0,-5.2752986,0.1466417908668518,0.7860000133514404,0.45739999413490295
YOR085W,YOR088W,0,-5.2753,0.1466144323348999,0.7860000133514404,0.45750001072883606
YBL008W,YOR281C,0,-5.275392,0.1465870887041092,0.7860000133514404,0.4575999975204468
YFL025C,YGL192W,0,-5.2754865,0.14655975997447968,0.7860000133514404,0.4577000141143799
YKL208W,YLL002W,0,-5.275846,0.14653243124485016,0.7860000133514404,0.4578000009059906
YNL312W,YGR033C,0,-5.275947,0.14650513231754303,0.7860000133514404,0.4578999876976013
YNL153C,YOL095C,0,-5.276026,0.1464778184890747,0.7860000133514404,0.4580000042915344
YHR116W,YGL150C,0,-5.276107,0.14645053446292877,0.7860000133514404,0.45809999108314514
YAL047C,YNR064C,0,-5.276119,0.14642325043678284,0.7860000133514404,0.45820000767707825
YJL025W,YLR212C,0,-5.276722,0.1463959813117981,0.7860000133514404,0.45829999446868896
YMR238W,YDL111C,0,-5.276867,0.14636871218681335,0.7860000133514404,0.45840001106262207
YPL048W,YPL144W,0,-5.276941,0.1463414579629898,0.7860000133514404,0.4584999978542328
YDR108W,YCL062W,0,-5.2771935,0.14631421864032745,0.7860000133514404,0.4586000144481659
YDR434W,YOL027C,0,-5.2773075,0.1462869942188263,0.7860000133514404,0.4587000012397766
YBR038W,YLR084C,1,-5.277508,0.1464458554983139,0.7870000004768372,0.4587000012397766
YDR456W,YJL128C,0,-5.278244,0.14641860127449036,0.7870000004768372,0.45879998803138733
YJL128C,YNL248C,0,-5.2784047,0.146391361951828,0.7870000004768372,0.45890000462532043
YER073W,YGR155W,0,-5.2785516,0.14636413753032684,0.7870000004768372,0.45899999141693115
YKL182W,YDL134C,0,-5.278832,0.14633692800998688,0.7870000004768372,0.45910000801086426
YMR234W,YJR027W,0,-5.2790184,0.1463097184896469,0.7870000004768372,0.459199994802475
YLR098C,YDL161W,0,-5.2790985,0.14628252387046814,0.7870000004768372,0.4593000113964081
YJL018W,YML049C,0,-5.2793107,0.14625534415245056,0.7870000004768372,0.4593999981880188
YFL029C,YPR191W,0,-5.2793565,0.14622816443443298,0.7870000004768372,0.4595000147819519
YDL117W,YPR188C,1,-5.2796836,0.1463867723941803,0.7879999876022339,0.4595000147819519
YDR256C,YNL068C,0,-5.2797375,0.14635957777500153,0.7879999876022339,0.4596000015735626
YBL040C,YOR347C,0,-5.2797866,0.14633239805698395,0.7879999876022339,0.45969998836517334
YDR097C,YLR181C,0,-5.2802544,0.14630523324012756,0.7879999876022339,0.45980000495910645
YMR204C,YKL015W,0,-5.280319,0.14627808332443237,0.7879999876022339,0.45989999175071716
YLR009W,YGL249W,0,-5.2809653,0.14625093340873718,0.7879999876022339,0.46000000834465027
YER019W,YNL302C,0,-5.2811704,0.146223783493042,0.7879999876022339,0.460099995136261
YJL081C,YPL167C,0,-5.281228,0.1461966633796692,0.7879999876022339,0.4602000117301941
YJL214W,YER024W,0,-5.2813644,0.1461695432662964,0.7879999876022339,0.4602999985218048
YHR124W,YNL213C,0,-5.2813725,0.14614243805408478,0.7879999876022339,0.4603999853134155
YPL259C,YOL148C,0,-5.2815356,0.14611533284187317,0.7879999876022339,0.46050000190734863
YDL236W,YDR353W,0,-5.2815394,0.14608824253082275,0.7879999876022339,0.46059998869895935
YDL140C,YDR260C,0,-5.2816644,0.14606116712093353,0.7879999876022339,0.46070000529289246
YAL042W,YJL183W,0,-5.2818136,0.1460341066122055,0.7879999876022339,0.4607999920845032
YKL192C,YOR346W,0,-5.2818723,0.14600704610347748,0.7879999876022339,0.4609000086784363
YLR170C,YDR126W,0,-5.28207,0.14597998559474945,0.7879999876022339,0.460999995470047
YIR033W,YHR026W,0,-5.282246,0.1459529548883438,0.7879999876022339,0.4611000120639801
YOR213C,YDR201W,0,-5.282615,0.14592592418193817,0.7879999876022339,0.4611999988555908
YKL017C,YLR288C,0,-5.282739,0.14589890837669373,0.7879999876022339,0.46129998564720154
YDR247W,YDR018C,0,-5.282748,0.14587189257144928,0.7879999876022339,0.46140000224113464
YDL147W,YGR186W,0,-5.282908,0.14584490656852722,0.7879999876022339,0.46149998903274536
YOR221C,YIL080W,0,-5.2831864,0.14581790566444397,0.7879999876022339,0.46160000562667847
YJR158W,YOR064C,0,-5.2832513,0.1457909345626831,0.7879999876022339,0.4616999924182892
YGL190C,YBL034C,0,-5.283659,0.14576396346092224,0.7879999876022339,0.4618000090122223
YBR260C,YER138C,0,-5.2841506,0.14573700726032257,0.7879999876022339,0.461899995803833
YOR267C,YGR047C,0,-5.284302,0.1457100659608841,0.7879999876022339,0.4620000123977661
YBR290W,YEL032W,0,-5.284513,0.14568312466144562,0.7879999876022339,0.46209999918937683
YCR055C,YHR135C,1,-5.284639,0.14584103226661682,0.7889999747276306,0.46209999918937683
YGR224W,YJL089W,0,-5.2847543,0.14581407606601715,0.7889999747276306,0.46219998598098755
YOR079C,YGL097W,0,-5.284763,0.14578713476657867,0.7889999747276306,0.46230000257492065
YDR283C,YHR188C,0,-5.2851844,0.1457602083683014,0.7889999747276306,0.46239998936653137
YNL110C,YER008C,1,-5.2852335,0.14591799676418304,0.7900000214576721,0.46239998936653137
YGL098W,YOR129C,0,-5.285354,0.14589104056358337,0.7900000214576721,0.4625000059604645
YBR058C-A,YDR200C,0,-5.2854714,0.1458640992641449,0.7900000214576721,0.4625999927520752
YGR264C,YDR346C,0,-5.2856393,0.14583717286586761,0.7900000214576721,0.4627000093460083
YJR108W,YOL044W,0,-5.2863917,0.14581026136875153,0.7900000214576721,0.462799996137619
YBL040C,YER068W,0,-5.286431,0.14578334987163544,0.7900000214576721,0.4629000127315521
YGL163C,YIL061C,0,-5.2865324,0.14575645327568054,0.7900000214576721,0.46299999952316284
YPR042C,YML033W,0,-5.2866936,0.14572957158088684,0.7900000214576721,0.46309998631477356
YKL062W,YNL128W,0,-5.2870164,0.14570268988609314,0.7900000214576721,0.46320000290870667
YNL231C,YMR183C,0,-5.2871647,0.14567582309246063,0.7900000214576721,0.4632999897003174
YBL045C,YDR058C,0,-5.2872863,0.14564897119998932,0.7900000214576721,0.4634000062942505
YNL041C,YKR055W,0,-5.2874055,0.145622119307518,0.7900000214576721,0.4634999930858612
YFR021W,YOL012C,0,-5.287783,0.14559528231620789,0.7900000214576721,0.4636000096797943
YHR005C,YJR029W,0,-5.288037,0.14556846022605896,0.7900000214576721,0.46369999647140503
YHR197W,YOL028C,0,-5.288222,0.14554163813591003,0.7900000214576721,0.46380001306533813
YGL019W,YGR180C,0,-5.2882705,0.1455148309469223,0.7900000214576721,0.46389999985694885
YGL174W,YHR061C,1,-5.2885623,0.14567218720912933,0.7910000085830688,0.46389999985694885
YPR070W,YLR386W,0,-5.2887335,0.1456453651189804,0.7910000085830688,0.46399998664855957
YGL195W,YDL154W,0,-5.2888746,0.14561855792999268,0.7910000085830688,0.4641000032424927
YNL172W,YFR046C,0,-5.288893,0.14559175074100494,0.7910000085830688,0.4641999900341034
YOR005C,YLR284C,0,-5.2889047,0.1455649584531784,0.7910000085830688,0.4643000066280365
YLR377C,YKL038W,0,-5.288935,0.14553818106651306,0.7910000085830688,0.4643999934196472
YJR078W,YHR154W,0,-5.2891273,0.14551140367984772,0.7910000085830688,0.4645000100135803
YML071C,YDR495C,0,-5.2892203,0.14548464119434357,0.7910000085830688,0.46459999680519104
YOR078W,YMR288W,0,-5.2892575,0.1454578936100006,0.7910000085830688,0.46470001339912415
YHR183W,YOR160W,0,-5.289316,0.14543114602565765,0.7910000085830688,0.46480000019073486
YOL027C,YDR461W,0,-5.2895308,0.1454044133424759,0.7910000085830688,0.4648999869823456
YMR225C,YLR006C,0,-5.289715,0.14537768065929413,0.7910000085830688,0.4650000035762787
YNL090W,YLR147C,0,-5.2898154,0.14535097777843475,0.7910000085830688,0.4650999903678894
YHR091C,YPR133C,0,-5.2899246,0.14532427489757538,0.7910000085830688,0.4652000069618225
YNL065W,YJL034W,0,-5.2899466,0.145297572016716,0.7910000085830688,0.4652999937534332
YLR052W,YDL154W,0,-5.290028,0.14527088403701782,0.7910000085830688,0.46540001034736633
YJL108C,YKR086W,0,-5.2905035,0.14524421095848083,0.7910000085830688,0.46549999713897705
YPL149W,YHR183W,0,-5.2905087,0.14521755278110504,0.7910000085830688,0.46560001373291016
YMR153W,YGR033C,0,-5.2907004,0.14519089460372925,0.7910000085830688,0.4657000005245209
YLR033W,YNR064C,0,-5.290734,0.14516425132751465,0.7910000085830688,0.4657999873161316
YOR351C,YMR037C,0,-5.2907615,0.14513760805130005,0.7910000085830688,0.4659000039100647
YDR423C,YGR056W,0,-5.2908278,0.14511099457740784,0.7910000085830688,0.4659999907016754
YGR202C,YDR175C,0,-5.2910175,0.14508436620235443,0.7910000085830688,0.4661000072956085
YPR188C,YDR328C,1,-5.291303,0.1452411562204361,0.7919999957084656,0.4661000072956085
YNR017W,YBR250W,0,-5.291372,0.1452145278453827,0.7919999957084656,0.46619999408721924
YGR244C,YDL059C,0,-5.2916446,0.14518789947032928,0.7919999957084656,0.46630001068115234
YOL148C,YKL086W,0,-5.291804,0.14516128599643707,0.7919999957084656,0.46639999747276306
YPR188C,YCR009C,1,-5.292156,0.145317941904068,0.7929999828338623,0.46639999747276306
YBR161W,YAL003W,0,-5.2922053,0.1452913135290146,0.7929999828338623,0.46650001406669617
YEL017C-A,YKR055W,0,-5.2922435,0.14526470005512238,0.7929999828338623,0.4666000008583069
YOL016C,YLR394W,0,-5.292501,0.14523810148239136,0.7929999828338623,0.4666999876499176
YDR434W,YOR229W,0,-5.292558,0.14521150290966034,0.7929999828338623,0.4668000042438507
YPL106C,YCL063W,0,-5.2926955,0.14518491923809052,0.7929999828338623,0.4668999910354614
YMR319C,YDR345C,0,-5.292765,0.1451583355665207,0.7929999828338623,0.46700000762939453
YOR182C,YLR277C,0,-5.292869,0.14513176679611206,0.7929999828338623,0.46709999442100525
YKL208W,YOR148C,0,-5.2931376,0.14510521292686462,0.7929999828338623,0.46720001101493835
YGR181W,YNL273W,0,-5.293329,0.14507867395877838,0.7929999828338623,0.4672999978065491
YGL209W,YEL065W,0,-5.2934694,0.14505213499069214,0.7929999828338623,0.4674000144004822
YBR171W,YDR362C,0,-5.2936487,0.1450256109237671,0.7929999828338623,0.4675000011920929
YOL009C,YMR188C,0,-5.293793,0.14499908685684204,0.7929999828338623,0.4675999879837036
YKR024C,YBR279W,0,-5.293795,0.14497257769107819,0.7929999828338623,0.4677000045776367
YEL029C,YNL084C,1,-5.294136,0.14512886106967926,0.7940000295639038,0.4677000045776367
YNL084C,YCR058C,1,-5.294206,0.14528508484363556,0.7950000166893005,0.4677000045776367
YNL148C,YPR133C,0,-5.294372,0.14525854587554932,0.7950000166893005,0.46779999136924744
YIL095W,YLR312C-B,1,-5.294884,0.14541468024253845,0.7960000038146973,0.46779999136924744
YOR265W,YGR144W,0,-5.295193,0.14538812637329102,0.7960000038146973,0.46790000796318054
YMR078C,YJL113W,0,-5.295407,0.14536157250404358,0.7960000038146973,0.46799999475479126
YIR022W,YOR140W,0,-5.2955313,0.14533503353595734,0.7960000038146973,0.46810001134872437
YAL002W,YGR270W,0,-5.2956123,0.1453085094690323,0.7960000038146973,0.4681999981403351
YPR113W,YOL004W,0,-5.295641,0.14528198540210724,0.7960000038146973,0.4683000147342682
YOR269W,YNL222W,0,-5.2959137,0.14525547623634338,0.7960000038146973,0.4684000015258789
YFL050C,YGL167C,0,-5.295938,0.14522896707057953,0.7960000038146973,0.4684999883174896
YGR262C,YJR092W,1,-5.2962413,0.14538489282131195,0.796999990940094,0.4684999883174896
YFL004W,YMR210W,0,-5.2965207,0.1453583836555481,0.796999990940094,0.46860000491142273
YPL096W,YKR028W,0,-5.2966313,0.14533187448978424,0.796999990940094,0.46869999170303345
YLR007W,YDL111C,0,-5.2968717,0.14530538022518158,0.796999990940094,0.46880000829696655
YPL021W,YPR164W,0,-5.297038,0.14527888596057892,0.796999990940094,0.46889999508857727
YKR009C,YPL174C,0,-5.2971673,0.14525242149829865,0.796999990940094,0.4690000116825104
YAL033W,YKR020W,0,-5.297479,0.14522594213485718,0.796999990940094,0.4690999984741211
YFR021W,YMR089C,0,-5.2975326,0.1451994925737381,0.796999990940094,0.4691999852657318
YDL231C,YIL142W,0,-5.2977233,0.14517304301261902,0.796999990940094,0.4693000018596649
YOL123W,YER072W,0,-5.2979302,0.14514660835266113,0.796999990940094,0.46939998865127563
YDL143W,YNL138W,0,-5.2980943,0.14512017369270325,0.796999990940094,0.46950000524520874
YNL029C,YER074W-A,0,-5.298343,0.14509375393390656,0.796999990940094,0.46959999203681946
YLR127C,YDR137W,0,-5.298428,0.14506734907627106,0.796999990940094,0.46970000863075256
YCL012W,YMR032W,1,-5.2985806,0.14522293210029602,0.7979999780654907,0.46970000863075256
YDL004W,YPL209C,0,-5.298673,0.14519651234149933,0.7979999780654907,0.4697999954223633
YER088C,YJL166W,0,-5.298813,0.14517009258270264,0.7979999780654907,0.4699000120162964
YBR245C,YCR040W,0,-5.2989717,0.14514368772506714,0.7979999780654907,0.4699999988079071
YKL032C,YBL014C,0,-5.2993245,0.14511729776859283,0.7979999780654907,0.4700999855995178
YPL149W,YGR086C,0,-5.2993493,0.14509090781211853,0.7979999780654907,0.4702000021934509
YOR299W,YPL242C,1,-5.2995496,0.14524631202220917,0.7990000247955322,0.4702000021934509
YLR342W,YML038C,0,-5.299571,0.14521992206573486,0.7990000247955322,0.47029998898506165
YGR220C,YNL047C,0,-5.299646,0.14519353210926056,0.7990000247955322,0.47040000557899475
YFR013W,YAR042W,0,-5.2998147,0.14516715705394745,0.7990000247955322,0.47049999237060547
YOL063C,YPL110C,0,-5.3001895,0.14514078199863434,0.7990000247955322,0.4706000089645386
YCR091W,YGR220C,0,-5.3003087,0.14511442184448242,0.7990000247955322,0.4706999957561493
YIL038C,YPL159C,0,-5.3006372,0.1450880765914917,0.7990000247955322,0.4708000123500824
YNL323W,YOR193W,0,-5.3010483,0.14506173133850098,0.7990000247955322,0.4708999991416931
YJL192C,YGR111W,0,-5.301105,0.14503540098667145,0.7990000247955322,0.47099998593330383
YOR113W,YDR254W,0,-5.3017898,0.14500907063484192,0.7990000247955322,0.47110000252723694
YPR138C,YDR265W,0,-5.301793,0.14498275518417358,0.7990000247955322,0.47119998931884766
YPR042C,YIL029C,0,-5.302081,0.14495645463466644,0.7990000247955322,0.47130000591278076
YMR068W,YHR090C,0,-5.302256,0.1449301689863205,0.7990000247955322,0.4713999927043915
YCL012W,YDR129C,1,-5.302262,0.14508523046970367,0.800000011920929,0.4713999927043915
YDR231C,YNL214W,0,-5.3026557,0.14505892992019653,0.800000011920929,0.4715000092983246
YGR140W,YMR156C,0,-5.3027296,0.1450326293706894,0.800000011920929,0.4715999960899353
YNL084C,YLR337W,1,-5.302769,0.1451876014471054,0.8009999990463257,0.4715999960899353
YKL045W,YDR160W,0,-5.302851,0.14516128599643707,0.8009999990463257,0.4717000126838684
YMR290C,YGR099W,0,-5.3036957,0.14513498544692993,0.8009999990463257,0.4717999994754791
YBR256C,YJL047C,0,-5.30374,0.14510869979858398,0.8009999990463257,0.47189998626708984
YGR267C,YNL311C,0,-5.303774,0.14508241415023804,0.8009999990463257,0.47200000286102295
YML081C-A,YJR022W,0,-5.3038,0.14505614340305328,0.8009999990463257,0.47209998965263367
YER051W,YMR313C,0,-5.3038015,0.14502987265586853,0.8009999990463257,0.4722000062465668
YMR047C,YDL033C,0,-5.304061,0.14500361680984497,0.8009999990463257,0.4722999930381775
YBR175W,YPL033C,0,-5.304152,0.1449773758649826,0.8009999990463257,0.4724000096321106
YOR299W,YGR152C,1,-5.3044057,0.14513210952281952,0.8019999861717224,0.4724000096321106
YAR033W,YML039W,0,-5.3046994,0.14510583877563477,0.8019999861717224,0.4724999964237213
YDL143W,YDR259C,0,-5.3047547,0.1450795978307724,0.8019999861717224,0.4726000130176544
YDR420W,YOR301W,1,-5.3049946,0.14523421227931976,0.8029999732971191,0.4726000130176544
YLR423C,YOL051W,0,-5.305173,0.1452079564332962,0.8029999732971191,0.47269999980926514
YMR238W,YGR181W,0,-5.3053718,0.14518170058727264,0.8029999732971191,0.47279998660087585
YPR075C,YLR350W,0,-5.3054004,0.14515545964241028,0.8029999732971191,0.47290000319480896
YLL050C,YLR447C,0,-5.3054404,0.1451292186975479,0.8029999732971191,0.4729999899864197
YJR091C,YMR167W,0,-5.3055677,0.14510299265384674,0.8029999732971191,0.4731000065803528
YMR280C,YEL057C,0,-5.305577,0.14507678151130676,0.8029999732971191,0.4731999933719635
YOL043C,YBR168W,0,-5.3058133,0.14505058526992798,0.8029999732971191,0.4733000099658966
YFR003C,YBR012W-A,0,-5.3058662,0.145024374127388,0.8029999732971191,0.4733999967575073
YDR498C,YNR015W,0,-5.306201,0.1449981927871704,0.8029999732971191,0.47350001335144043
YPL137C,YKL017C,0,-5.306295,0.14497201144695282,0.8029999732971191,0.47360000014305115
YPL167C,YBR103W,0,-5.3063188,0.14494584500789642,0.8029999732971191,0.47369998693466187
YJR078W,YMR281W,0,-5.3065414,0.14491969347000122,0.8029999732971191,0.47380000352859497
YPR075C,YHR074W,0,-5.3067627,0.14489354193210602,0.8029999732971191,0.4738999903202057
YEL030W,YBR159W,0,-5.3071647,0.144867405295372,0.8029999732971191,0.4740000069141388
YGR246C,YKL197C,0,-5.307248,0.144841268658638,0.8029999732971191,0.4740999937057495
YPR083W,YLR135W,0,-5.307362,0.14481514692306519,0.8029999732971191,0.4742000102996826
YNL267W,YHR135C,1,-5.3073974,0.14496934413909912,0.8040000200271606,0.4742000102996826
YML102W,YDR205W,0,-5.3075333,0.1449432075023651,0.8040000200271606,0.47429999709129333
YBR029C,YMR076C,0,-5.3077617,0.1449170857667923,0.8040000200271606,0.47440001368522644
YAR002C-A,YPL275W,0,-5.307905,0.14489096403121948,0.8040000200271606,0.47450000047683716
YJL042W,YLR006C,0,-5.3079667,0.14486487209796906,0.8040000200271606,0.4745999872684479
YPR201W,YKL009W,0,-5.3079934,0.14483876526355743,0.8040000200271606,0.474700003862381
YBL008W,YGL192W,0,-5.308129,0.144812673330307,0.8040000200271606,0.4747999906539917
YDR420W,YLR084C,1,-5.3085685,0.14496669173240662,0.8050000071525574,0.4747999906539917
YER001W,YDR495C,0,-5.308741,0.144940584897995,0.8050000071525574,0.4749000072479248
YNL271C,YDR129C,1,-5.3089447,0.14509451389312744,0.8059999942779541,0.4749000072479248
YER065C,YDR330W,0,-5.3090725,0.14506839215755463,0.8059999942779541,0.4749999940395355
YGL245W,YNR064C,0,-5.3092723,0.145042285323143,0.8059999942779541,0.47510001063346863
YIL122W,YIL063C,0,-5.3094745,0.14501619338989258,0.8059999942779541,0.47519999742507935
YLL034C,YKL203C,0,-5.310007,0.14499010145664215,0.8059999942779541,0.47530001401901245
YDR439W,YPL163C,0,-5.3100486,0.14496402442455292,0.8059999942779541,0.47540000081062317
YGL144C,YDR545W,0,-5.310081,0.14493796229362488,0.8059999942779541,0.4754999876022339
YOR039W,YDR481C,0,-5.3101325,0.14491190016269684,0.8059999942779541,0.475600004196167
YJL059W,YLR455W,0,-5.3103366,0.14488585293293,0.8059999942779541,0.4756999909877777
YAL035W,YHR059W,0,-5.3104854,0.14485980570316315,0.8059999942779541,0.4758000075817108
YGL245W,YFR030W,0,-5.3105936,0.1448337882757187,0.8059999942779541,0.47589999437332153
YPR002W,YLR369W,0,-5.310853,0.14480775594711304,0.8059999942779541,0.47600001096725464
YOR301W,YPR055W,1,-5.310868,0.1449613869190216,0.8069999814033508,0.47600001096725464
YKR007W,YOL090W,0,-5.3109064,0.14493533968925476,0.8069999814033508,0.47609999775886536
YGL030W,YLR249W,0,-5.3110385,0.1449093222618103,0.8069999814033508,0.47620001435279846
YDR189W,YJR110W,0,-5.3110614,0.14488330483436584,0.8069999814033508,0.4763000011444092
YJR064W,YLR264W,0,-5.3111653,0.14485730230808258,0.8069999814033508,0.4763999879360199
YDL160C,YGR254W,0,-5.3112073,0.14483129978179932,0.8069999814033508,0.476500004529953
YPL061W,YNL312W,0,-5.311214,0.14480531215667725,0.8069999814033508,0.4765999913215637
YPR017C,YBR049C,0,-5.311414,0.14477933943271637,0.8069999814033508,0.4767000079154968
YDL216C,YBR284W,0,-5.3115335,0.1447533667087555,0.8069999814033508,0.47679999470710754
YIL160C,YBR284W,0,-5.311573,0.1447274088859558,0.8069999814033508,0.47690001130104065
YKL074C,YCR024C-A,0,-5.311645,0.14470145106315613,0.8069999814033508,0.47699999809265137
YOL010W,YGR063C,0,-5.3117056,0.14467550814151764,0.8069999814033508,0.4771000146865845
YOR265W,YNL213C,0,-5.311868,0.14464958012104034,0.8069999814033508,0.4772000014781952
YLR153C,YBL069W,0,-5.312073,0.14462365210056305,0.8069999814033508,0.4772999882698059
YIL070C,YLR147C,0,-5.3121076,0.14459773898124695,0.8069999814033508,0.477400004863739
YMR014W,YGR041W,1,-5.3121986,0.14475098252296448,0.8080000281333923,0.477400004863739
YJR065C,YGR185C,0,-5.3122106,0.14472505450248718,0.8080000281333923,0.47749999165534973
YER003C,YPR178W,0,-5.312285,0.14469914138317108,0.8080000281333923,0.47760000824928284
YPL255W,YDR527W,0,-5.312464,0.14467322826385498,0.8080000281333923,0.47769999504089355
YCL026C-A,YOR328W,0,-5.312715,0.14464733004570007,0.8080000281333923,0.47780001163482666
YJR090C,YOR049C,0,-5.312836,0.14462144672870636,0.8080000281333923,0.4778999984264374
YNL334C,YNR006W,0,-5.313178,0.14459556341171265,0.8080000281333923,0.4779999852180481
YOR226C,YPL011C,0,-5.3133526,0.14456969499588013,0.8080000281333923,0.4781000018119812
YDR335W,YER041W,0,-5.3136888,0.1445438265800476,0.8080000281333923,0.4781999886035919
YMR052W,YLR011W,0,-5.313735,0.14451797306537628,0.8080000281333923,0.478300005197525
YGR191W,YGR264C,0,-5.313788,0.14449213445186615,0.8080000281333923,0.47839999198913574
YOL077W-A,YOL039W,0,-5.3139777,0.14446629583835602,0.8080000281333923,0.47850000858306885
YPL233W,YBR093C,0,-5.314088,0.14444047212600708,0.8080000281333923,0.47859999537467957
YNL278W,YJL063C,0,-5.31446,0.14441466331481934,0.8080000281333923,0.47870001196861267
YPR083W,YKL197C,0,-5.314476,0.1443888545036316,0.8080000281333923,0.4787999987602234
YDR013W,YLR417W,0,-5.314478,0.14436304569244385,0.8080000281333923,0.4788999855518341
YPL101W,YNL075W,0,-5.314892,0.1443372666835785,0.8080000281333923,0.4790000021457672
YDL022W,YMR272C,0,-5.3150744,0.14431148767471313,0.8080000281333923,0.47909998893737793
YPL046C,YLR212C,0,-5.3151,0.14428570866584778,0.8080000281333923,0.47920000553131104
YML062C,YKL051W,0,-5.3151402,0.1442599594593048,0.8080000281333923,0.47929999232292175
YDL087C,YMR214W,0,-5.3153358,0.14423419535160065,0.8080000281333923,0.47940000891685486
YLR138W,YNL282W,0,-5.315639,0.14420846104621887,0.8080000281333923,0.4794999957084656
YDR459C,YJR027W,0,-5.3158984,0.1441827267408371,0.8080000281333923,0.4796000123023987
YPR025C,YDR135C,0,-5.3159413,0.14415700733661652,0.8080000281333923,0.4796999990940094
YLR069C,YGL205W,0,-5.3160486,0.14413128793239594,0.8080000281333923,0.4797999858856201
YKL045W,YDR177W,0,-5.316104,0.14410558342933655,0.8080000281333923,0.4799000024795532
YDR437W,YPL125W,0,-5.3161654,0.14407987892627716,0.8080000281333923,0.47999998927116394
YLR380W,YAL034W-A,0,-5.316237,0.14405420422554016,0.8080000281333923,0.48010000586509705
YNL221C,YNL054W,0,-5.3162436,0.14402851462364197,0.8080000281333923,0.48019999265670776
YOR209C,YDR190C,0,-5.3163276,0.14400285482406616,0.8080000281333923,0.48030000925064087
YBR142W,YPL133C,0,-5.316472,0.14397719502449036,0.8080000281333923,0.4803999960422516
YLR103C,YPL097W,0,-5.31666,0.14395153522491455,0.8080000281333923,0.4805000126361847
YMR001C,YGL227W,0,-5.316794,0.14392590522766113,0.8080000281333923,0.4805999994277954
YGL151W,YPL106C,0,-5.316859,0.14390026032924652,0.8080000281333923,0.48069998621940613
YLR263W,YHR167W,0,-5.3169055,0.1438746452331543,0.8080000281333923,0.48080000281333923
YER146W,YLR145W,0,-5.317199,0.14384903013706207,0.8080000281333923,0.48089998960494995
YNL245C,YNL309W,0,-5.3178496,0.14382342994213104,0.8080000281333923,0.48100000619888306
YML034W,YML015C,0,-5.3179154,0.1437978297472,0.8080000281333923,0.4810999929904938
YBR023C,YIL068C,1,-5.3181796,0.1439501792192459,0.8090000152587891,0.4810999929904938
YDR481C,YEL031W,0,-5.3182073,0.1439245641231537,0.8090000152587891,0.4812000095844269
YNR067C,YER008C,1,-5.3184695,0.14407683908939362,0.8100000023841858,0.4812000095844269
YNL110C,YDR166C,1,-5.318687,0.14422905445098877,0.8109999895095825,0.4812000095844269
YPL195W,YBL039C,0,-5.318774,0.14420340955257416,0.8109999895095825,0.4812999963760376
YCL027W,YBR049C,0,-5.318809,0.14417777955532074,0.8109999895095825,0.4814000129699707
YPL048W,YPL209C,0,-5.318894,0.14415214955806732,0.8109999895095825,0.4814999997615814
YKL060C,YLR105C,0,-5.3190503,0.1441265344619751,0.8109999895095825,0.48159998655319214
YCL001W,YLR025W,0,-5.3193097,0.14410091936588287,0.8109999895095825,0.48170000314712524
YPL149W,YOL028C,0,-5.319705,0.14407531917095184,0.8109999895095825,0.48179998993873596
YGL173C,YLR328W,0,-5.3197117,0.144049733877182,0.8109999895095825,0.48190000653266907
YMR301C,YPL091W,0,-5.3197293,0.14402414858341217,0.8109999895095825,0.4819999933242798
YGR239C,YDR389W,0,-5.3198195,0.14399857819080353,0.8109999895095825,0.4821000099182129
YBR110W,YML032C,0,-5.3201313,0.14397302269935608,0.8109999895095825,0.4821999967098236
YHL048W,YOL089C,0,-5.320232,0.14394746720790863,0.8109999895095825,0.4823000133037567
YPL078C,YBR245C,0,-5.3207,0.14392191171646118,0.8109999895095825,0.48240000009536743
YLL018C-A,YDL194W,0,-5.320787,0.14389638602733612,0.8109999895095825,0.48249998688697815
YCL026C-A,YHR194W,0,-5.3210588,0.14387086033821106,0.8109999895095825,0.48260000348091125
YDR158W,YNL186W,0,-5.321082,0.143845334649086,0.8109999895095825,0.482699990272522
YDL226C,YML040W,0,-5.321241,0.14381982386112213,0.8109999895095825,0.4828000068664551
YHL040C,YPR095C,0,-5.321363,0.14379432797431946,0.8109999895095825,0.4828999936580658
YLR303W,YCR081W,0,-5.321401,0.14376883208751678,0.8109999895095825,0.4830000102519989
YOL101C,YPR141C,0,-5.3216534,0.1437433511018753,0.8109999895095825,0.4830999970436096
YGR170W,YOR083W,0,-5.3221054,0.14371788501739502,0.8109999895095825,0.4832000136375427
YPL202C,YDR425W,0,-5.3222504,0.14369241893291473,0.8109999895095825,0.48330000042915344
YDR284C,YML038C,0,-5.3223166,0.14366696774959564,0.8109999895095825,0.48339998722076416
YHR015W,YGR185C,0,-5.3227067,0.14364151656627655,0.8109999895095825,0.48350000381469727
YDR167W,YOL028C,0,-5.3227286,0.14361608028411865,0.8109999895095825,0.483599990606308
YDL143W,YLR309C,0,-5.322864,0.14359065890312195,0.8109999895095825,0.4837000072002411
YOR236W,YLR056W,0,-5.322885,0.14356523752212524,0.8109999895095825,0.4837999939918518
YNL329C,YCL010C,0,-5.3229146,0.14353981614112854,0.8109999895095825,0.4839000105857849
YPL086C,YMR039C,0,-5.32315,0.14351442456245422,0.8109999895095825,0.48399999737739563
YNL323W,YIL061C,0,-5.3234763,0.1434890329837799,0.8109999895095825,0.48410001397132874
YDL217C,YLR193C,0,-5.3234944,0.1434636414051056,0.8109999895095825,0.48420000076293945
YNL264C,YGR116W,0,-5.323748,0.14343827962875366,0.8109999895095825,0.48429998755455017
YER008C,YOL113W,1,-5.3240657,0.14358974993228912,0.8119999766349792,0.48429998755455017
YCR060W,YCR083W,0,-5.3241153,0.1435643583536148,0.8119999766349792,0.4844000041484833
YOL078W,YMR296C,0,-5.3247647,0.14353898167610168,0.8119999766349792,0.484499990940094
YDL090C,YPR074C,0,-5.3248887,0.14351360499858856,0.8119999766349792,0.4846000075340271
YKL179C,YLR176C,0,-5.3251166,0.14348824322223663,0.8119999766349792,0.4846999943256378
YAL056W,YDL213C,0,-5.325241,0.1434628963470459,0.8119999766349792,0.4848000109195709
YPL121C,YJR004C,0,-5.32527,0.14343754947185516,0.8119999766349792,0.48489999771118164
YDR423C,YGL090W,0,-5.325333,0.14341221749782562,0.8119999766349792,0.48500001430511475
YDR260C,YJL154C,0,-5.325374,0.14338690042495728,0.8119999766349792,0.48510000109672546
YDR301W,YGR155W,0,-5.32542,0.14336158335208893,0.8119999766349792,0.4851999878883362
YKL016C,YMR238W,0,-5.3254724,0.14333628118038177,0.8119999766349792,0.4853000044822693
YOR002W,YGR002C,0,-5.3255,0.14331097900867462,0.8119999766349792,0.48539999127388
YBR164C,YBR103W,0,-5.3256555,0.14328569173812866,0.8119999766349792,0.4855000078678131
YDR434W,YIL008W,0,-5.325748,0.1432604044675827,0.8119999766349792,0.48559999465942383
YPR181C,YNL167C,0,-5.325955,0.14323513209819794,0.8119999766349792,0.48570001125335693
YDR021W,YCR033W,0,-5.326087,0.14320987462997437,0.8119999766349792,0.48579999804496765
YGL054C,YDR328C,1,-5.3267455,0.1433609575033188,0.8130000233650208,0.48579999804496765
YJR089W,YCR060W,0,-5.326891,0.14333568513393402,0.8130000233650208,0.48590001463890076
YKL053C-A,YIL077C,0,-5.3271213,0.14331041276454926,0.8130000233650208,0.4860000014305115
YLR220W,YJL059W,0,-5.327186,0.14328515529632568,0.8130000233650208,0.4860999882221222
YPR119W,YBR142W,0,-5.3271933,0.1432599127292633,0.8130000233650208,0.4862000048160553
YKL190W,YDR485C,0,-5.3273253,0.14323467016220093,0.8130000233650208,0.486299991607666
YGL073W,YER074W-A,0,-5.327379,0.14320944249629974,0.8130000233650208,0.4864000082015991
YNL111C,YMR022W,0,-5.3276725,0.14318421483039856,0.8130000233650208,0.48649999499320984
YJR022W,YDR314C,0,-5.3277783,0.14315900206565857,0.8130000233650208,0.48660001158714294
YDL074C,YKL099C,0,-5.3279996,0.14313380420207977,0.8130000233650208,0.48669999837875366
YPR057W,YOR080W,0,-5.3280673,0.14310860633850098,0.8130000233650208,0.4867999851703644
YHL031C,YPR134W,0,-5.328348,0.14308342337608337,0.8130000233650208,0.4869000017642975
YER117W,YEL057C,0,-5.328486,0.14305824041366577,0.8130000233650208,0.4869999885559082
YLR293C,YDR422C,0,-5.328539,0.14303307235240936,0.8130000233650208,0.4871000051498413
YER089C,YBL005W-A,0,-5.328754,0.14300791919231415,0.8130000233650208,0.487199991941452
YLR192C,YDR126W,0,-5.329,0.14298276603221893,0.8130000233650208,0.48730000853538513
YGR177C,YOL002C,0,-5.329079,0.1429576277732849,0.8130000233650208,0.48739999532699585
YDR130C,YNL072W,0,-5.3291388,0.1429324895143509,0.8130000233650208,0.48750001192092896
YMR177W,YDL098C,0,-5.329539,0.14290736615657806,0.8130000233650208,0.4875999987125397
YBR212W,YDR159W,0,-5.3296165,0.14288224279880524,0.8130000233650208,0.4876999855041504
YCR048W,YMR101C,0,-5.329673,0.1428571492433548,0.8130000233650208,0.4878000020980835
YMR260C,YAR009C,0,-5.329783,0.14283204078674316,0.8130000233650208,0.4878999888896942
YPL209C,YMR112C,0,-5.3298106,0.14280696213245392,0.8130000233650208,0.4880000054836273
YKL112W,YJR064W,0,-5.330109,0.14278186857700348,0.8130000233650208,0.48809999227523804
YKL144C,YJR046W,0,-5.3303494,0.14275680482387543,0.8130000233650208,0.48820000886917114
YDL040C,YJR028W,0,-5.330465,0.14273174107074738,0.8130000233650208,0.48829999566078186
YJR131W,YGR214W,0,-5.330683,0.14270669221878052,0.8130000233650208,0.48840001225471497
YGL073W,YPL208W,0,-5.3308578,0.14268164336681366,0.8130000233650208,0.4884999990463257
YER133W,YDR296W,0,-5.331387,0.142656609416008,0.8130000233650208,0.4885999858379364
YJL047C,YGL162W,0,-5.3314767,0.14263157546520233,0.8130000233650208,0.4887000024318695
YDL220C,YER095W,0,-5.3317256,0.14260655641555786,0.8130000233650208,0.4887999892234802
YLR380W,YIR015W,0,-5.3318744,0.14258155226707458,0.8130000233650208,0.48890000581741333
YJR135C,YFR030W,0,-5.332171,0.1425565481185913,0.8130000233650208,0.48899999260902405
YNR027W,YNL110C,1,-5.3323503,0.14270687103271484,0.8140000104904175,0.48899999260902405
YNL037C,YBR257W,0,-5.3324094,0.14268185198307037,0.8140000104904175,0.48910000920295715
YEL018W,YLL061W,0,-5.332644,0.1426568478345871,0.8140000104904175,0.48919999599456787
YLR078C,YNL025C,0,-5.333011,0.14263185858726501,0.8140000104904175,0.489300012588501
YER075C,YER087C-B,0,-5.333052,0.14260686933994293,0.8140000104904175,0.4893999993801117
YKL060C,YDR393W,0,-5.333287,0.14258189499378204,0.8140000104904175,0.4894999861717224
YOR310C,YCR044C,0,-5.3334966,0.14255692064762115,0.8140000104904175,0.4896000027656555
YLL018C-A,YDR213W,0,-5.333554,0.14253196120262146,0.8140000104904175,0.48969998955726624
YHR181W,YJR009C,0,-5.333623,0.14250700175762177,0.8140000104904175,0.48980000615119934
YMR049C,YOL148C,0,-5.333652,0.14248205721378326,0.8140000104904175,0.48989999294281006
YDR411C,YGR116W,0,-5.3343515,0.14245712757110596,0.8140000104904175,0.49000000953674316
YJL165C,YGL212W,0,-5.334494,0.14243219792842865,0.8140000104904175,0.4900999963283539
YBL069W,YGL035C,0,-5.334743,0.14240728318691254,0.8140000104904175,0.490200012922287
YNL110C,YBL061C,1,-5.3347993,0.1425572782754898,0.8149999976158142,0.490200012922287
YKL040C,YIL084C,0,-5.3349915,0.1425323486328125,0.8149999976158142,0.4902999997138977
YJR127C,YMR197C,0,-5.335179,0.1425074338912964,0.8149999976158142,0.4903999865055084
YER035W,YJR050W,0,-5.335265,0.14248251914978027,0.8149999976158142,0.49050000309944153
YOR080W,YOL128C,0,-5.335384,0.14245761930942535,0.8149999976158142,0.49059998989105225
YDR256C,YPL117C,0,-5.335522,0.14243271946907043,0.8149999976158142,0.49070000648498535
YPL248C,YMR150C,0,-5.335727,0.1424078345298767,0.8149999976158142,0.49079999327659607
YEL015W,YIL061C,0,-5.3360224,0.14238294959068298,0.8149999976158142,0.4909000098705292
YER133W,YDR499W,0,-5.336122,0.14235807955265045,0.8149999976158142,0.4909999966621399
YLR429W,YBR193C,0,-5.336568,0.14233320951461792,0.8149999976158142,0.491100013256073
YDR302W,YHR165C,0,-5.3365855,0.14230836927890778,0.8149999976158142,0.4912000000476837
YHR059W,YDR322C-A,0,-5.3366113,0.14228351414203644,0.8149999976158142,0.49129998683929443
YPL195W,YOL135C,0,-5.336933,0.1422586888074875,0.8149999976158142,0.49140000343322754
YDR388W,YLR166C,1,-5.3371053,0.1424083709716797,0.8159999847412109,0.49140000343322754
YAL003W,YDL111C,0,-5.3371854,0.14238353073596954,0.8159999847412109,0.49149999022483826
YPL096C-A,YLL012W,0,-5.337493,0.1423586905002594,0.8159999847412109,0.49160000681877136
YMR231W,YAL017W,0,-5.3375335,0.14233385026454926,0.8159999847412109,0.4916999936103821
YLL022C,YIL149C,0,-5.33754,0.1423090398311615,0.8159999847412109,0.4918000102043152
YOR315W,YNL064C,0,-5.337668,0.14228421449661255,0.8159999847412109,0.4918999969959259
YJR065C,YNL153C,0,-5.3383718,0.142259418964386,0.8159999847412109,0.492000013589859
YNL136W,YLR346C,0,-5.3385625,0.14223462343215942,0.8159999847412109,0.4921000003814697
YKL062W,YGL039W,0,-5.3385954,0.14220982789993286,0.8159999847412109,0.49219998717308044
YOR005C,YDR126W,0,-5.3387785,0.1421850472688675,0.8159999847412109,0.49230000376701355
YLR286C,YJL085W,1,-5.339098,0.1423344910144806,0.8169999718666077,0.49230000376701355
YHR107C,YDR388W,1,-5.339148,0.1424838900566101,0.8180000185966492,0.49230000376701355
YNL275W,YIL026C,0,-5.3392205,0.14245907962322235,0.8180000185966492,0.49239999055862427
YIR006C,YLR312C-B,1,-5.339294,0.1426083892583847,0.8190000057220459,0.49239999055862427
YGL116W,YBR274W,0,-5.339339,0.14258356392383575,0.8190000057220459,0.4925000071525574
YNR049C,YDR285W,0,-5.339404,0.142558753490448,0.8190000057220459,0.4925999939441681
YBR039W,YGL122C,0,-5.33964,0.14253394305706024,0.8190000057220459,0.4927000105381012
YOR298C-A,YHR027C,0,-5.3397117,0.14250913262367249,0.8190000057220459,0.4927999973297119
YHR001W,YIL008W,0,-5.339841,0.14248433709144592,0.8190000057220459,0.492900013923645
YLR304C,YLR201C,0,-5.3400664,0.14245955646038055,0.8190000057220459,0.49300000071525574
YOR188W,YDL230W,0,-5.340301,0.14243477582931519,0.8190000057220459,0.49309998750686646
YMR083W,YKR048C,0,-5.3405633,0.142410010099411,0.8190000057220459,0.49320000410079956
YCR066W,YLR301W,0,-5.34061,0.14238525927066803,0.8190000057220459,0.4932999908924103
YMR208W,YLR328W,0,-5.3412576,0.14236050844192505,0.8190000057220459,0.4934000074863434
YHR107C,YDR420W,1,-5.3412676,0.1425095647573471,0.8199999928474426,0.4934000074863434
YGL200C,YKL029C,0,-5.3413672,0.14248479902744293,0.8199999928474426,0.4934999942779541
YJL170C,YJL194W,0,-5.3413777,0.14246004819869995,0.8199999928474426,0.4936000108718872
YMR204C,YDL235C,0,-5.3415475,0.14243529736995697,0.8199999928474426,0.4936999976634979
YLR138W,YIL042C,0,-5.3417873,0.14241056144237518,0.8199999928474426,0.49380001425743103
YNR074C,YJL003W,0,-5.341953,0.1423858255147934,0.8199999928474426,0.49390000104904175
YJL048C,YJR120W,0,-5.3421106,0.1423611044883728,0.8199999928474426,0.49399998784065247
YHR191C,YOR132W,0,-5.342561,0.1423363983631134,0.8199999928474426,0.49410000443458557
YMR173W,YOL090W,0,-5.342665,0.142311692237854,0.8199999928474426,0.4941999912261963
YMR290C,YBR218C,0,-5.3427444,0.1422870010137558,0.8199999928474426,0.4943000078201294
YEL036C,YDR200C,0,-5.3428397,0.1422623246908188,0.8199999928474426,0.4943999946117401
YGR244C,YOR188W,0,-5.3429275,0.14223764836788177,0.8199999928474426,0.4945000112056732
YDL132W,YMR153W,0,-5.34306,0.14221297204494476,0.8199999928474426,0.49459999799728394
YHR081W,YDR177W,0,-5.343218,0.14218831062316895,0.8199999928474426,0.49470001459121704
YHR204W,YKR101W,0,-5.343512,0.14216366410255432,0.8199999928474426,0.49480000138282776
YIL109C,YOR064C,0,-5.343721,0.1421390175819397,0.8199999928474426,0.4948999881744385
YLR411W,YBR121C,0,-5.3440666,0.14211438596248627,0.8199999928474426,0.4950000047683716
YAL053W,YBR024W,0,-5.344272,0.14208975434303284,0.8199999928474426,0.4950999915599823
YPL174C,YKL012W,0,-5.34438,0.1420651376247406,0.8199999928474426,0.4952000081539154
YLR259C,YOR140W,0,-5.3444314,0.14204053580760956,0.8199999928474426,0.4952999949455261
YOR026W,YHR086W,0,-5.3444333,0.14201593399047852,0.8199999928474426,0.49540001153945923
YOL009C,YOL034W,0,-5.3444695,0.14199134707450867,0.8199999928474426,0.49549999833106995
YLR284C,YJR144W,0,-5.344758,0.14196676015853882,0.8199999928474426,0.49559998512268066
YDR273W,YER169W,0,-5.34485,0.14194218814373016,0.8199999928474426,0.49570000171661377
YOL027C,YDL002C,0,-5.345019,0.1419176161289215,0.8199999928474426,0.4957999885082245
YOR232W,YKL144C,0,-5.3450665,0.14189305901527405,0.8199999928474426,0.4959000051021576
YCR093W,YGR070W,0,-5.3451076,0.14186851680278778,0.8199999928474426,0.4959999918937683
YLR201C,YML107C,0,-5.3451624,0.1418439745903015,0.8199999928474426,0.4961000084877014
YHR175W,YEL019C,0,-5.3455462,0.14181943237781525,0.8199999928474426,0.49619999527931213
YLR110C,YNL310C,0,-5.345625,0.14179491996765137,0.8199999928474426,0.49630001187324524
YGR030C,YMR268C,0,-5.346439,0.1417704075574875,0.8199999928474426,0.49639999866485596
YBR131W,YJL035C,0,-5.346544,0.1417458951473236,0.8199999928474426,0.4964999854564667
YHR082C,YHL006C,0,-5.3465686,0.14172139763832092,0.8199999928474426,0.4966000020503998
YOL034W,YDL217C,0,-5.346763,0.14169690012931824,0.8199999928474426,0.4966999888420105
YPL275W,YDR308C,0,-5.3469076,0.14167243242263794,0.8199999928474426,0.4968000054359436
YGL150C,YOR281C,0,-5.346912,0.14164794981479645,0.8199999928474426,0.4968999922275543
YPL194W,YOR018W,0,-5.3469687,0.14162348210811615,0.8199999928474426,0.4970000088214874
YBL103C,YDR359C,0,-5.346973,0.14159902930259705,0.8199999928474426,0.49709999561309814
YGL223C,YBR058C-A,0,-5.3471923,0.14157459139823914,0.8199999928474426,0.49720001220703125
YJL143W,YGR094W,0,-5.347494,0.14155015349388123,0.8199999928474426,0.49729999899864197
YDL076C,YAL047C,0,-5.34792,0.14152571558952332,0.8199999928474426,0.4973999857902527
YER108C,YBR123C,0,-5.3480735,0.1415012925863266,0.8199999928474426,0.4975000023841858
YNL221C,YDR515W,0,-5.3482127,0.14147688448429108,0.8199999928474426,0.4975999891757965
YLR153C,YML021C,0,-5.3482156,0.14145247638225555,0.8199999928474426,0.4977000057697296
YGL111W,YEL037C,0,-5.3485627,0.14142808318138123,0.8199999928474426,0.49779999256134033
YOR204W,YHR019C,0,-5.348606,0.1414036899805069,0.8199999928474426,0.49790000915527344
YER159C,YNL222W,0,-5.3487773,0.14137931168079376,0.8199999928474426,0.49799999594688416
YDL017W,YCL017C,0,-5.349122,0.14135493338108063,0.8199999928474426,0.49810001254081726
YHL011C,YDR238C,0,-5.349151,0.1413305699825287,0.8199999928474426,0.498199999332428
YOL115W,YMR272C,0,-5.349568,0.14130622148513794,0.8199999928474426,0.4982999861240387
YNL059C,YGR033C,0,-5.349769,0.1412818729877472,0.8199999928474426,0.4984000027179718
YMR112C,YCR027C,0,-5.3498597,0.14125753939151764,0.8199999928474426,0.4984999895095825
YGL212W,YKR014C,0,-5.350128,0.14123320579528809,0.8199999928474426,0.4986000061035156
YJL102W,YNL126W,0,-5.3501296,0.14120888710021973,0.8199999928474426,0.49869999289512634
YNL044W,YJR027W,0,-5.3502927,0.14118456840515137,0.8199999928474426,0.49880000948905945
YDR013W,YBL033C,0,-5.350483,0.1411602646112442,0.8199999928474426,0.49889999628067017
YNL317W,YJR120W,0,-5.350599,0.14113597571849823,0.8199999928474426,0.49900001287460327
YDR096W,YER074W-A,0,-5.350777,0.14111168682575226,0.8199999928474426,0.499099999666214
YAL024C,YMR153W,0,-5.3510723,0.1410873979330063,0.8199999928474426,0.4991999864578247
YKR068C,YDR143C,0,-5.3512664,0.1410631388425827,0.8199999928474426,0.4993000030517578
YDR205W,YIL031W,0,-5.3513346,0.14103886485099792,0.8199999928474426,0.49939998984336853
YLR078C,YBR048W,0,-5.351369,0.14101462066173553,0.8199999928474426,0.49950000643730164
YGL180W,YCR028C-A,0,-5.3520036,0.14099037647247314,0.8199999928474426,0.49959999322891235
YJL069C,YDR018C,0,-5.352039,0.14096613228321075,0.8199999928474426,0.49970000982284546
YER032W,YPR163C,0,-5.3522716,0.14094190299510956,0.8199999928474426,0.4997999966144562
YNL331C,YDR288W,0,-5.352395,0.14091768860816956,0.8199999928474426,0.4999000132083893
YLR106C,YBR254C,0,-5.3524423,0.14089347422122955,0.8199999928474426,0.5
YLR411W,YCL019W,0,-5.352445,0.14086925983428955,0.8199999928474426,0.5001000165939331
YDR159W,YDR059C,0,-5.3525715,0.14084507524967194,0.8199999928474426,0.5001999735832214
YMR014W,YLR337C,1,-5.352759,0.14099261164665222,0.8209999799728394,0.5001999735832214
YPR037C,YNR017W,0,-5.3532205,0.1409684121608734,0.8209999799728394,0.5002999901771545
YLL022C,YDR288W,0,-5.3533645,0.1409442126750946,0.8209999799728394,0.5004000067710876
YEL027W,YER160C,0,-5.3535004,0.1409200131893158,0.8209999799728394,0.5005000233650208
YDR437W,YIL017W,0,-5.353684,0.14089582860469818,0.8209999799728394,0.5005999803543091
YLL013C,YDR320C,0,-5.3539867,0.14087165892124176,0.8209999799728394,0.5006999969482422
YIL004C,YJR131W,0,-5.354154,0.14084748923778534,0.8209999799728394,0.5008000135421753
YHR004C,YEL051W,0,-5.354361,0.1408233344554901,0.8209999799728394,0.5008999705314636
YHR091C,YDR409W,0,-5.354471,0.14079917967319489,0.8209999799728394,0.5009999871253967
YBR234C,YDR143C,0,-5.354699,0.14077503979206085,0.8209999799728394,0.5011000037193298
YDR328C,YNL154C,1,-5.354758,0.14092233777046204,0.8220000267028809,0.5011000037193298
YNL118C,YDL109C,0,-5.355128,0.1408981829881668,0.8220000267028809,0.5012000203132629
YDL074C,YNL046W,0,-5.355329,0.14087404310703278,0.8220000267028809,0.5012999773025513
YBR284W,YCL075W,0,-5.3553324,0.14084990322589874,0.8220000267028809,0.5013999938964844
YMR039C,YCL062W,0,-5.355354,0.1408257633447647,0.8220000267028809,0.5015000104904175
YLR264W,YOL128C,0,-5.3555017,0.14080163836479187,0.8220000267028809,0.5016000270843506
YLR052W,YBL102W,0,-5.3555408,0.14077752828598022,0.8220000267028809,0.5016999840736389
YGR133W,YDR469W,0,-5.35564,0.14075341820716858,0.8220000267028809,0.501800000667572
YGL065C,YFL018C,0,-5.3560038,0.14072932302951813,0.8220000267028809,0.5019000172615051
YOR149C,YOR075W,0,-5.356039,0.14070524275302887,0.8220000267028809,0.5019999742507935
YPR017C,YDR439W,0,-5.3563023,0.1406811624765396,0.8220000267028809,0.5020999908447266
YIL030C,YDR027C,0,-5.3564153,0.14065708220005035,0.8220000267028809,0.5022000074386597
YIR033W,YOR127W,0,-5.35644,0.1406330168247223,0.8220000267028809,0.5023000240325928
YKR068C,YPL130W,0,-5.3565154,0.14060896635055542,0.8220000267028809,0.5023999810218811
YNL214W,YHR099W,0,-5.3565173,0.14058491587638855,0.8220000267028809,0.5024999976158142
YIL098C,YOR332W,0,-5.356654,0.14056088030338287,0.8220000267028809,0.5026000142097473
YPR113W,YOR008C-A,0,-5.356885,0.1405368447303772,0.8220000267028809,0.5026999711990356
YCL003W,YDR320C,0,-5.356973,0.14051282405853271,0.8220000267028809,0.5027999877929688
YGR055W,YDR477W,0,-5.35708,0.14048880338668823,0.8220000267028809,0.5029000043869019
YIL033C,YJR135W-A,0,-5.357239,0.14046479761600494,0.8220000267028809,0.503000020980835
YMR072W,YKL214C,0,-5.3572736,0.14044080674648285,0.8220000267028809,0.5030999779701233
YER073W,YJL115W,0,-5.3573174,0.14041681587696075,0.8220000267028809,0.5031999945640564
YFL029C,YBR098W,0,-5.3574862,0.14039282500743866,0.8220000267028809,0.5033000111579895
YPL157W,YCR053W,0,-5.357801,0.14036884903907776,0.8220000267028809,0.5034000277519226
YDL143W,YJL076W,0,-5.357819,0.14034488797187805,0.8220000267028809,0.5034999847412109
YBR073W,YMR283C,0,-5.358098,0.14032092690467834,0.8220000267028809,0.503600001335144
YPL022W,YBR002C,0,-5.3584385,0.14029698073863983,0.8220000267028809,0.5037000179290771
YDL106C,YBL020W,0,-5.358471,0.14027303457260132,0.8220000267028809,0.5037999749183655
YPL228W,YCR028C,0,-5.35854,0.140249103307724,0.8220000267028809,0.5038999915122986
YGL054C,YCR058C,1,-5.358602,0.14039577543735504,0.8230000138282776,0.5038999915122986
YNL053W,YBR196C,0,-5.358683,0.14037182927131653,0.8230000138282776,0.5040000081062317
YNL258C,YOR211C,0,-5.358998,0.14034788310527802,0.8230000138282776,0.5041000247001648
YDL190C,YLR301W,0,-5.3589997,0.1403239518404007,0.8230000138282776,0.5041999816894531
YDR437W,YMR285C,0,-5.3591437,0.14030003547668457,0.8230000138282776,0.5042999982833862
YNL084C,YCR009C,1,-5.3593373,0.14044655859470367,0.8240000009536743,0.5042999982833862
YOR149C,YML098W,0,-5.359667,0.14042262732982635,0.8240000009536743,0.5044000148773193
YCR055C,YBL061C,1,-5.3599105,0.14056909084320068,0.824999988079071,0.5044000148773193
YJL081C,YOR256C,0,-5.360028,0.14054514467716217,0.824999988079071,0.5044999718666077
YNL074C,YDR335W,0,-5.3600287,0.14052119851112366,0.824999988079071,0.5045999884605408
YDL226C,YDR422C,0,-5.3602,0.14049728214740753,0.824999988079071,0.5047000050544739
YOR144C,YDR293C,0,-5.3603597,0.1404733508825302,0.824999988079071,0.504800021648407
YPL170W,YMR106C,0,-5.3603997,0.1404494345188141,0.824999988079071,0.5048999786376953
YLR431C,YER044C,0,-5.3604693,0.14042553305625916,0.824999988079071,0.5049999952316284
YMR238W,YNL282W,0,-5.3605804,0.14040163159370422,0.824999988079071,0.5051000118255615
YJL018W,YNL206C,0,-5.3608046,0.14037774503231049,0.824999988079071,0.5052000284194946
YPL121C,YFL004W,0,-5.3610334,0.14035385847091675,0.824999988079071,0.505299985408783
YOR355W,YNL098C,0,-5.3613877,0.1403299868106842,0.824999988079071,0.5054000020027161
YLR170C,YOR211C,0,-5.36157,0.14030611515045166,0.824999988079071,0.5055000185966492
YGR167W,YPL130W,0,-5.361759,0.1402822583913803,0.824999988079071,0.5055999755859375
YOR319W,YNR072W,0,-5.3620677,0.14025841653347015,0.824999988079071,0.5056999921798706
YDR163W,YOR216C,0,-5.3622875,0.14023457467556,0.824999988079071,0.5058000087738037
YBR260C,YJL148W,0,-5.3623176,0.14021074771881104,0.824999988079071,0.5059000253677368
YJR031C,YLR134W,0,-5.3625693,0.14018692076206207,0.824999988079071,0.5059999823570251
YBR048W,YJL035C,0,-5.362639,0.1401630938053131,0.824999988079071,0.5060999989509583
YNL219C,YMR164C,0,-5.3637586,0.14013929665088654,0.824999988079071,0.5062000155448914
YOR078W,YGL255W,0,-5.363816,0.14011548459529877,0.824999988079071,0.5062999725341797
YOR061W,YMR293C,0,-5.364058,0.1400917023420334,0.824999988079071,0.5063999891281128
YDR040C,YCL004W,0,-5.3641863,0.1400679051876068,0.824999988079071,0.5065000057220459
YEL022W,YOR287C,0,-5.364255,0.14004413783550262,0.824999988079071,0.506600022315979
YLR044C,YJR120W,0,-5.364438,0.14002037048339844,0.824999988079071,0.5066999793052673
YFR046C,YEL050C,0,-5.364638,0.13999660313129425,0.824999988079071,0.5067999958992004
YJL210W,YDL090C,0,-5.364816,0.13997285068035126,0.824999988079071,0.5069000124931335
YIR013C,YFL008W,0,-5.3653336,0.13994911313056946,0.824999988079071,0.5070000290870667
YKL073W,YPR198W,0,-5.3654675,0.13992537558078766,0.824999988079071,0.507099986076355
YEL026W,YOR087W,0,-5.365585,0.13990163803100586,0.824999988079071,0.5072000026702881
YKR002W,YAL047C,0,-5.365829,0.13987793028354645,0.824999988079071,0.5073000192642212
YGR225W,YMR096W,0,-5.365927,0.13985420763492584,0.824999988079071,0.5073999762535095
YGL142C,YOL143C,0,-5.3660326,0.13983051478862762,0.824999988079071,0.5074999928474426
YNL147W,YOR373W,0,-5.3660817,0.1398068070411682,0.824999988079071,0.5076000094413757
YGL045W,YBR006W,0,-5.366102,0.1397831290960312,0.824999988079071,0.5077000260353088
YGR121C,YMR006C,0,-5.366166,0.13975945115089417,0.824999988079071,0.5077999830245972
YCR073C,YHR060W,0,-5.3662925,0.13973577320575714,0.824999988079071,0.5078999996185303
YDL074C,YJR026W,0,-5.366325,0.1397121101617813,0.824999988079071,0.5080000162124634
YCL016C,YOL091W,0,-5.366385,0.13968844711780548,0.824999988079071,0.5080999732017517
YER164W,YJR158W,0,-5.36641,0.13966479897499084,0.824999988079071,0.5081999897956848
YPR187W,YJR102C,0,-5.366697,0.1396411657333374,0.824999988079071,0.5083000063896179
YML102W,YDL064W,0,-5.366709,0.13961753249168396,0.824999988079071,0.508400022983551
YLR316C,YGR296W,0,-5.366772,0.1395939141511917,0.824999988079071,0.5084999799728394
YGL092W,YNL334C,0,-5.3671694,0.13957029581069946,0.824999988079071,0.5085999965667725
YHR193C,YHR062C,0,-5.3671737,0.13954667747020721,0.824999988079071,0.5087000131607056
YJL165C,YPL131W,0,-5.367332,0.13952308893203735,0.824999988079071,0.5088000297546387
YBR240C,YOR344C,0,-5.367434,0.1394994854927063,0.824999988079071,0.508899986743927
YEL050C,YHR027C,0,-5.36772,0.13947591185569763,0.824999988079071,0.5090000033378601
YMR036C,YGL006W,0,-5.367801,0.13945233821868896,0.824999988079071,0.5091000199317932
YIL046W,YNL045W,0,-5.3678617,0.1394287645816803,0.824999988079071,0.5091999769210815
YPL007C,YJR028W,0,-5.368008,0.13940520584583282,0.824999988079071,0.5092999935150146
YER001W,YCR037C,0,-5.368017,0.13938164710998535,0.824999988079071,0.5094000101089478
YHR193C,YKR057W,0,-5.3682218,0.13935810327529907,0.824999988079071,0.5095000267028809
YNL062C,YKL095W,0,-5.3682437,0.139334574341774,0.824999988079071,0.5095999836921692
YLR295C,YDR141C,0,-5.368328,0.1393110454082489,0.824999988079071,0.5097000002861023
YKR095W-A,YKR089C,0,-5.3687224,0.13928751647472382,0.824999988079071,0.5098000168800354
YLR160C,YML008C,0,-5.36895,0.13926401734352112,0.824999988079071,0.5098999738693237
YDR167W,YNL128W,0,-5.3691826,0.13924050331115723,0.824999988079071,0.5099999904632568
YMR049C,YJL004C,0,-5.369406,0.13921700417995453,0.824999988079071,0.5101000070571899
YOR099W,YNL323W,0,-5.369495,0.13919351994991302,0.824999988079071,0.510200023651123
YPL255W,YNL222W,0,-5.3698125,0.13917003571987152,0.824999988079071,0.5102999806404114
YDL031W,YJR126C,0,-5.3703685,0.1391465663909912,0.824999988079071,0.5103999972343445
YHL031C,YML031W,0,-5.370687,0.1391230970621109,0.824999988079071,0.5105000138282776
YGR057C,YNR026C,0,-5.371097,0.13909964263439178,0.824999988079071,0.5105999708175659
YHR183W,YGR078C,0,-5.3714433,0.13907620310783386,0.824999988079071,0.510699987411499
YJR155W,YOL164W,0,-5.3714876,0.13905274868011475,0.824999988079071,0.5108000040054321
YMR109W,YLR312C-B,1,-5.371554,0.13919784128665924,0.8259999752044678,0.5108000040054321
YCR093W,YOR123C,0,-5.371859,0.13917438685894012,0.8259999752044678,0.5109000205993652
YIL112W,YNR006W,0,-5.3718796,0.1391509473323822,0.8259999752044678,0.5109999775886536
YER155C,YJR145C,0,-5.3721194,0.13912750780582428,0.8259999752044678,0.5110999941825867
YGR268C,YDR017C,0,-5.3725405,0.13910406827926636,0.8259999752044678,0.5112000107765198
YJR057W,YLR372W,0,-5.3725553,0.13908065855503082,0.8259999752044678,0.5113000273704529
YOR099W,YOL144W,0,-5.37275,0.1390572339296341,0.8259999752044678,0.5113999843597412
YMR162C,YML028W,0,-5.372767,0.13903383910655975,0.8259999752044678,0.5115000009536743
YPR188C,YKL129C,1,-5.3727765,0.13917872309684753,0.8270000219345093,0.5115000009536743
YAL035W,YDR170C,0,-5.3734446,0.139155313372612,0.8270000219345093,0.5116000175476074
YJR160C,YJL025W,0,-5.373464,0.13913190364837646,0.8270000219345093,0.5116999745368958
YDL029W,YLR100W,0,-5.373558,0.13910849392414093,0.8270000219345093,0.5117999911308289
YGR254W,YDL227C,0,-5.3736515,0.1390850991010666,0.8270000219345093,0.511900007724762
YBR079C,YGR033C,0,-5.3738313,0.13906171917915344,0.8270000219345093,0.5120000243186951
YLR411W,YPL248C,0,-5.373906,0.1390383392572403,0.8270000219345093,0.5120999813079834
YER031C,YMR293C,0,-5.3740134,0.13901495933532715,0.8270000219345093,0.5121999979019165
YFL039C,YPR055W,1,-5.374117,0.1391596645116806,0.828000009059906,0.5121999979019165
YIL070C,YNL045W,0,-5.3741717,0.13913628458976746,0.828000009059906,0.5123000144958496
YEL061C,YPR005C,0,-5.374382,0.1391129046678543,0.828000009059906,0.5123999714851379
YCL055W,YDR227W,0,-5.3744903,0.13908953964710236,0.828000009059906,0.512499988079071
YNL065W,YMR204C,0,-5.374745,0.1390661746263504,0.828000009059906,0.5126000046730042
YGL256W,YFL034C-B,0,-5.3748136,0.13904282450675964,0.828000009059906,0.5127000212669373
YOR037W,YPR042C,0,-5.3751845,0.13901947438716888,0.828000009059906,0.5127999782562256
YPL237W,YDR200C,0,-5.3753333,0.13899613916873932,0.828000009059906,0.5128999948501587
YBL084C,YDR527W,0,-5.37612,0.13897280395030975,0.828000009059906,0.5130000114440918
YBR010W,YKL194C,0,-5.3761573,0.13894948363304138,0.828000009059906,0.5131000280380249
YKL185W,YOL122C,0,-5.37693,0.1389261782169342,0.828000009059906,0.5131999850273132
YLR353W,YBR038W,1,-5.3770413,0.13907063007354736,0.8289999961853027,0.5131999850273132
YBL084C,YOR037W,0,-5.377176,0.1390472948551178,0.8289999961853027,0.5133000016212463
YOL021C,YNL138W,0,-5.377442,0.13902397453784943,0.8289999961853027,0.5134000182151794
YDR191W,YLR417W,0,-5.3774877,0.13900066912174225,0.8289999961853027,0.5134999752044678
YBR020W,YPR181C,0,-5.3774962,0.13897736370563507,0.8289999961853027,0.5135999917984009
YOR018W,YKR014C,0,-5.3777027,0.1389540731906891,0.8289999961853027,0.513700008392334
YMR211W,YBR091C,0,-5.3779655,0.1389307826757431,0.8289999961853027,0.5138000249862671
YNL065W,YOR061W,0,-5.378098,0.1389075070619583,0.8289999961853027,0.5138999819755554
YJL026W,YDR356W,0,-5.3783703,0.13888423144817352,0.8289999961853027,0.5139999985694885
YDR141C,YPR144C,0,-5.378499,0.13886097073554993,0.8289999961853027,0.5141000151634216
YAL012W,YDL031W,0,-5.378722,0.13883771002292633,0.8289999961853027,0.51419997215271
YOR026W,YBL032W,0,-5.378919,0.13881446421146393,0.8289999961853027,0.5142999887466431
YOR347C,YOL122C,0,-5.379084,0.13879123330116272,0.8289999961853027,0.5144000053405762
YOR030W,YHR020W,0,-5.3794827,0.13876798748970032,0.8289999961853027,0.5145000219345093
YLR044C,YOL122C,0,-5.3795743,0.1387447714805603,0.8289999961853027,0.5145999789237976
YMR199W,YJL093C,0,-5.3796935,0.1387215554714203,0.8289999961853027,0.5146999955177307
YCR024C-A,YJR049C,0,-5.37978,0.13869833946228027,0.8289999961853027,0.5148000121116638
YER133W,YNR072W,0,-5.3798995,0.13867513835430145,0.8289999961853027,0.5149000287055969
YIL132C,YKL025C,0,-5.3799605,0.13865195214748383,0.8289999961853027,0.5149999856948853
YMR042W,YML015C,0,-5.3800397,0.1386287659406662,0.8289999961853027,0.5151000022888184
YDL008W,YBR221C,0,-5.380119,0.13860557973384857,0.8289999961853027,0.5152000188827515
YPR005C,YMR313C,0,-5.3808537,0.13858240842819214,0.8289999961853027,0.5152999758720398
YNR027W,YCR058C,1,-5.3812623,0.1387263983488083,0.8299999833106995,0.5152999758720398
YHR090C,YIL029C,0,-5.3816085,0.13870321214199066,0.8299999833106995,0.5153999924659729
YML132W,YOL129W,0,-5.381873,0.13868004083633423,0.8299999833106995,0.515500009059906
YDL099W,YNL147W,0,-5.381951,0.1386568695306778,0.8299999833106995,0.5156000256538391
YFL003C,YGL025C,0,-5.382294,0.13863371312618256,0.8299999833106995,0.5156999826431274
YBR133C,YAL030W,0,-5.3827624,0.13861055672168732,0.8299999833106995,0.5157999992370605
YDL161W,YGL173C,0,-5.3830466,0.13858741521835327,0.8299999833106995,0.5159000158309937
YLR009W,YAR009C,0,-5.3835387,0.13856427371501923,0.8299999833106995,0.515999972820282
YNL279W,YML027W,0,-5.3837156,0.13854114711284637,0.8299999833106995,0.5160999894142151
YJR089W,YJR017C,0,-5.3838487,0.13851802051067352,0.8299999833106995,0.5162000060081482
YBR221C,YDR473C,0,-5.3841786,0.13849490880966187,0.8299999833106995,0.5163000226020813
YDL078C,YKL134C,0,-5.3845053,0.1384718120098114,0.8299999833106995,0.5163999795913696
YDL112W,YGR281W,0,-5.3846993,0.13844870030879974,0.8299999833106995,0.5164999961853027
YER117W,YIL016W,0,-5.384729,0.13842561841011047,0.8299999833106995,0.5166000127792358
YBR085W,YPR052C,0,-5.384955,0.1384025365114212,0.8299999833106995,0.516700029373169
YOL126C,YHR073W,0,-5.3853164,0.13837945461273193,0.8299999833106995,0.5167999863624573
YDR191W,YDL064W,0,-5.3853173,0.13835638761520386,0.8299999833106995,0.5169000029563904
YHR116W,YLR309C,0,-5.385379,0.13833333551883698,0.8299999833106995,0.5170000195503235
YNL103W,YDR481C,0,-5.3854685,0.1383102834224701,0.8299999833106995,0.5170999765396118
YOR133W,YPL126W,0,-5.385555,0.1382872313261032,0.8299999833106995,0.5171999931335449
YML073C,YGR033C,0,-5.385578,0.13826419413089752,0.8299999833106995,0.517300009727478
YNL259C,YMR006C,0,-5.385782,0.13824117183685303,0.8299999833106995,0.5174000263214111
YDR228C,YDL212W,0,-5.385819,0.13821814954280853,0.8299999833106995,0.5174999833106995
YIL154C,YML092C,0,-5.385842,0.13819514214992523,0.8299999833106995,0.5175999999046326
YKL055C,YBR114W,0,-5.3860936,0.13817213475704193,0.8299999833106995,0.5177000164985657
YML102W,YJR040W,0,-5.3861256,0.13814912736415863,0.8299999833106995,0.517799973487854
YER044C,YKL117W,0,-5.3864827,0.13812614977359772,0.8299999833106995,0.5178999900817871
YJR118C,YGR276C,0,-5.386557,0.1381031572818756,0.8299999833106995,0.5180000066757202
YDR422C,YMR096W,0,-5.386605,0.1380801796913147,0.8299999833106995,0.5181000232696533
YKL172W,YDR409W,0,-5.3868437,0.13805721700191498,0.8299999833106995,0.5181999802589417
YDR158W,YOL110W,0,-5.3869057,0.13803425431251526,0.8299999833106995,0.5182999968528748
YOR315W,YNL304W,0,-5.3870177,0.13801130652427673,0.8299999833106995,0.5184000134468079
YBR015C,YBR105C,0,-5.387185,0.1379883587360382,0.8299999833106995,0.5184999704360962
YLR023C,YPR178W,0,-5.387201,0.13796542584896088,0.8299999833106995,0.5185999870300293
YDL198C,YAL034W-A,0,-5.3872294,0.13794249296188354,0.8299999833106995,0.5187000036239624
YPR070W,YCL008C,0,-5.3873143,0.1379195749759674,0.8299999833106995,0.5188000202178955
YLL018C-A,YIL017C,0,-5.3875017,0.13789665699005127,0.8299999833106995,0.5188999772071838
YFR041C,YOR008C-A,0,-5.3875775,0.13787375390529633,0.8299999833106995,0.5189999938011169
YDR498C,YNL044W,0,-5.387964,0.13785085082054138,0.8299999833106995,0.51910001039505
YLR342W,YOR367W,0,-5.387977,0.13782796263694763,0.8299999833106995,0.5192000269889832
YJL065C,YNL186W,0,-5.3881135,0.13780507445335388,0.8299999833106995,0.5192999839782715
YDL160C,YDR131C,0,-5.388247,0.13778220117092133,0.8299999833106995,0.5194000005722046
YJL085W,YDR328C,1,-5.3883033,0.13792531192302704,0.8309999704360962,0.5194000005722046
YLR295C,YPR124W,0,-5.3884807,0.1379024237394333,0.8309999704360962,0.5195000171661377
YJR108W,YOR008C,0,-5.388625,0.13787953555583954,0.8309999704360962,0.519599974155426
YGR159C,YGL127C,0,-5.388731,0.13785666227340698,0.8309999704360962,0.5196999907493591
YIL009W,YBR058C,0,-5.3888254,0.13783380389213562,0.8309999704360962,0.5198000073432922
YNL219C,YLR005W,0,-5.389049,0.13781094551086426,0.8309999704360962,0.5199000239372253
YNL084C,YDR245W,1,-5.389358,0.13795390725135803,0.8320000171661377,0.5199000239372253
YIL033C,YJL166W,0,-5.389608,0.13793103396892548,0.8320000171661377,0.5199999809265137
YGR217W,YBR111W-A,0,-5.390126,0.1379081755876541,0.8320000171661377,0.5200999975204468
YPL078C,YNL046W,0,-5.390511,0.13788531720638275,0.8320000171661377,0.5202000141143799
YGR284C,YGR082W,0,-5.390554,0.13786247372627258,0.8320000171661377,0.5202999711036682
YBR129C,YJR120W,0,-5.3907723,0.13783963024616241,0.8320000171661377,0.5203999876976013
YJR135C,YDR369C,0,-5.3911614,0.13781680166721344,0.8320000171661377,0.5205000042915344
YJL134W,YPL097W,0,-5.391217,0.13779397308826447,0.8320000171661377,0.5206000208854675
YDL217C,YGL249W,0,-5.391463,0.13777115941047668,0.8320000171661377,0.5206999778747559
YIL118W,YOR119C,0,-5.3919578,0.1377483457326889,0.8320000171661377,0.520799994468689
YDL126C,YBL008W,0,-5.392671,0.13772554695606232,0.8320000171661377,0.5209000110626221
YAL022C,YGR249W,0,-5.3930326,0.13770274817943573,0.8320000171661377,0.5210000276565552
YHR118C,YDR459C,0,-5.3930774,0.13767996430397034,0.8320000171661377,0.5210999846458435
YHL025W,YLR025W,0,-5.3935895,0.13765718042850494,0.8320000171661377,0.5212000012397766
YJL020C,YKR095W-A,0,-5.393853,0.13763441145420074,0.8320000171661377,0.5213000178337097
YGL174W,YCL014W,1,-5.3938823,0.13777704536914825,0.8330000042915344,0.5213000178337097
YNL275W,YNL318C,0,-5.393924,0.13775426149368286,0.8330000042915344,0.521399974822998
YPL048W,YGR285C,0,-5.394252,0.13773147761821747,0.8330000042915344,0.5214999914169312
YEL032W,YHR138C,0,-5.3942924,0.13770870864391327,0.8330000042915344,0.5216000080108643
YPL265W,YNL293W,0,-5.394363,0.13768595457077026,0.8330000042915344,0.5217000246047974
YGR003W,YMR210W,0,-5.3944077,0.13766320049762726,0.8330000042915344,0.5217999815940857
YKL146W,YOL067C,0,-5.3946805,0.13764044642448425,0.8330000042915344,0.5218999981880188
YKL002W,YBR081C,0,-5.3952866,0.13761770725250244,0.8330000042915344,0.5220000147819519
YPL048W,YDR207C,0,-5.395353,0.13759498298168182,0.8330000042915344,0.5220999717712402
YCR107W,YKL043W,0,-5.395356,0.1375722587108612,0.8330000042915344,0.5221999883651733
YPR135W,YNR032W,0,-5.395617,0.1375495344400406,0.8330000042915344,0.5223000049591064
YKL112W,YHR191C,0,-5.3957753,0.13752682507038116,0.8330000042915344,0.5224000215530396
YDR425W,YAR009C,0,-5.3960967,0.13750413060188293,0.8330000042915344,0.5224999785423279
YOR181W,YCR009C,1,-5.3965173,0.13764648139476776,0.8339999914169312,0.5224999785423279
YAR031W,YCL069W,0,-5.39709,0.13762375712394714,0.8339999914169312,0.522599995136261
YGR185C,YER082C,0,-5.3973236,0.1376010626554489,0.8339999914169312,0.5227000117301941
YPL060W,YHR031C,0,-5.397352,0.1375783532857895,0.8339999914169312,0.5228000283241272
YOR014W,YLR066W,0,-5.39773,0.13755565881729126,0.8339999914169312,0.5228999853134155
YDR214W,YBL022C,0,-5.3978744,0.13753297924995422,0.8339999914169312,0.5230000019073486
YKL139W,YDL036C,0,-5.3980255,0.1375102996826172,0.8339999914169312,0.5231000185012817
YLR438C-A,YPL169C,0,-5.3986745,0.13748763501644135,0.8339999914169312,0.5231999754905701
YHR139C,YIL017W,0,-5.398762,0.1374649703502655,0.8339999914169312,0.5232999920845032
YPR037C,YGL255W,0,-5.3987694,0.13744232058525085,0.8339999914169312,0.5234000086784363
YNL138W,YDR027C,0,-5.399035,0.1374196708202362,0.8339999914169312,0.5235000252723694
YGL106W,YCR009C,1,-5.3991036,0.13756178319454193,0.8349999785423279,0.5235000252723694
YNL074C,YBR103W,0,-5.399557,0.1375391185283661,0.8349999785423279,0.5235999822616577
YDL220C,YHR183W,0,-5.399642,0.13751646876335144,0.8349999785423279,0.5236999988555908
YDL031W,YOR204W,0,-5.399756,0.1374938189983368,0.8349999785423279,0.5238000154495239
YMR311C,YJL074C,0,-5.3998666,0.13747118413448334,0.8349999785423279,0.5238999724388123
YOL090W,YDR356W,0,-5.3999352,0.13744856417179108,0.8349999785423279,0.5239999890327454
YDR270W,YIL139C,0,-5.400039,0.13742594420909882,0.8349999785423279,0.5241000056266785
YPL097W,YNR048W,0,-5.400261,0.13740332424640656,0.8349999785423279,0.5242000222206116
YPR025C,YLR066W,0,-5.4006195,0.1373807191848755,0.8349999785423279,0.5242999792098999
YFL039C,YDR129C,1,-5.40085,0.1375226229429245,0.8360000252723694,0.5242999792098999
YAL040C,YOR095C,0,-5.401089,0.13750000298023224,0.8360000252723694,0.524399995803833
YKR054C,YMR044W,0,-5.4011874,0.13747738301753998,0.8360000252723694,0.5245000123977661
YKL179C,YCR106W,0,-5.4012046,0.1374547779560089,0.8360000252723694,0.5246000289916992
YMR083W,YPL155C,0,-5.401284,0.13743218779563904,0.8360000252723694,0.5246999859809875
YMR001C,YBR010W,0,-5.401325,0.13740959763526917,0.8360000252723694,0.5248000025749207
YGL178W,YDR028C,0,-5.401555,0.13738702237606049,0.8360000252723694,0.5249000191688538
YMR083W,YER019C-A,0,-5.401803,0.1373644471168518,0.8360000252723694,0.5249999761581421
YPL059W,YGR085C,0,-5.4022474,0.13734187185764313,0.8360000252723694,0.5250999927520752
YER032W,YIL072W,0,-5.402407,0.13731931149959564,0.8360000252723694,0.5252000093460083
YOL112W,YHR070W,0,-5.4029245,0.13729676604270935,0.8360000252723694,0.5253000259399414
YPL233W,YGR239C,0,-5.4030004,0.13727422058582306,0.8360000252723694,0.5253999829292297
YFL010W-A,YNL339C,0,-5.4030623,0.13725169003009796,0.8360000252723694,0.5254999995231628
YJL100W,YHR200W,0,-5.4031477,0.13722915947437286,0.8360000252723694,0.525600016117096
YPL275W,YNL131W,0,-5.403166,0.13720662891864777,0.8360000252723694,0.5256999731063843
YMR037C,YDR379W,0,-5.4032083,0.13718411326408386,0.8360000252723694,0.5257999897003174
YBL045C,YNR017W,0,-5.403211,0.13716161251068115,0.8360000252723694,0.5259000062942505
YNL148C,YPL138C,0,-5.4034624,0.13713911175727844,0.8360000252723694,0.5260000228881836
YMR041C,YMR216C,0,-5.4034686,0.13711661100387573,0.8360000252723694,0.5260999798774719
YCR038C,YDR328C,1,-5.4037714,0.1372581124305725,0.8370000123977661,0.5260999798774719
YMR033W,YOR147W,0,-5.403853,0.1372356116771698,0.8370000123977661,0.526199996471405
YJR155W,YMR044W,0,-5.4042096,0.1372131109237671,0.8370000123977661,0.5263000130653381
YDL106C,YML034W,0,-5.4043317,0.13719062507152557,0.8370000123977661,0.5264000296592712
YJL062W,YLR107W,0,-5.4043965,0.13716813921928406,0.8370000123977661,0.5264999866485596
YNL159C,YLR447C,0,-5.4046607,0.13714566826820374,0.8370000123977661,0.5266000032424927
YER110C,YAL034W-A,0,-5.4047427,0.1371231973171234,0.8370000123977661,0.5267000198364258
YPR019W,YOL042W,0,-5.404885,0.13710074126720428,0.8370000123977661,0.5267999768257141
YGR041W,YMR109W,1,-5.405207,0.13724206387996674,0.8379999995231628,0.5267999768257141
YBL032W,YPL274W,0,-5.405264,0.13721957802772522,0.8379999995231628,0.5268999934196472
YOL071W,YOR088W,0,-5.4054227,0.1371971219778061,0.8379999995231628,0.5270000100135803
YLL019C,YHL025W,0,-5.4054832,0.13717466592788696,0.8379999995231628,0.5271000266075134
YOR301W,YCR009C,1,-5.4060283,0.13731586933135986,0.8389999866485596,0.5271000266075134
YNL003C,YGL115W,0,-5.406047,0.13729339838027954,0.8389999866485596,0.5271999835968018
YDL029W,YDR302W,0,-5.4061556,0.1372709423303604,0.8389999866485596,0.5273000001907349
YCL014W,YGL054C,1,-5.4064136,0.13741207122802734,0.8399999737739563,0.5273000001907349
YGL093W,YLR020C,0,-5.4064436,0.13738960027694702,0.8399999737739563,0.527400016784668
YPL194W,YDL217C,0,-5.406671,0.1373671293258667,0.8399999737739563,0.5274999737739563
YDR345C,YNR031C,0,-5.406712,0.13734467327594757,0.8399999737739563,0.5275999903678894
YBR210W,YDR388W,1,-5.4068346,0.13748569786548615,0.8410000205039978,0.5275999903678894
YIR019C,YOL061W,0,-5.4068904,0.13746322691440582,0.8410000205039978,0.5277000069618225
YOR182C,YIL147C,0,-5.406945,0.1374407559633255,0.8410000205039978,0.5278000235557556
YHR174W,YOR362C,0,-5.407239,0.13741829991340637,0.8410000205039978,0.527899980545044
YBR158W,YOR008C,0,-5.4074597,0.13739584386348724,0.8410000205039978,0.527999997138977
YOR212W,YMR088C,0,-5.4079337,0.1373734027147293,0.8410000205039978,0.5281000137329102
YHR053C,YPL218W,0,-5.408095,0.13735097646713257,0.8410000205039978,0.5281999707221985
YFL025C,YNL078W,0,-5.408462,0.13732855021953583,0.8410000205039978,0.5282999873161316
YHR042W,YDR165W,0,-5.4088254,0.1373061239719391,0.8410000205039978,0.5284000039100647
YDR277C,YHR079C-B,0,-5.4093924,0.13728371262550354,0.8410000205039978,0.5285000205039978
YGL089C,YMR069W,0,-5.40941,0.137261301279068,0.8410000205039978,0.5285999774932861
YBR038W,YHR061C,1,-5.409452,0.13740208745002747,0.8420000076293945,0.5285999774932861
YPL181W,YGR009C,0,-5.409509,0.13737967610359192,0.8420000076293945,0.5286999940872192
YMR033W,YKR101W,0,-5.409653,0.13735726475715637,0.8420000076293945,0.5288000106811523
YDR040C,YPR121W,0,-5.4098783,0.13733485341072083,0.8420000076293945,0.5289000272750854
YJL124C,YOR001W,0,-5.4104114,0.13731245696544647,0.8420000076293945,0.5289999842643738
YHR070W,YOR087W,0,-5.41157,0.1372900754213333,0.8420000076293945,0.5291000008583069
YML095C,YHL006C,0,-5.411573,0.13726769387722015,0.8420000076293945,0.52920001745224
YOR233W,YDL232W,0,-5.4116488,0.137245312333107,0.8420000076293945,0.5292999744415283
YKR024C,YOR064C,0,-5.411658,0.13722294569015503,0.8420000076293945,0.5293999910354614
YNL153C,YNL207W,0,-5.411705,0.13720059394836426,0.8420000076293945,0.5295000076293945
YGR083C,YPR033C,0,-5.411821,0.1371782273054123,0.8420000076293945,0.5296000242233276
YKL021C,YIL119C,0,-5.411862,0.13715589046478271,0.8420000076293945,0.529699981212616
YER167W,YOR304W,0,-5.4118776,0.13713355362415314,0.8420000076293945,0.5297999978065491
YNL275W,YIR022W,0,-5.4118943,0.13711121678352356,0.8420000076293945,0.5299000144004822
YJR108W,YLR369W,0,-5.4119325,0.13708889484405518,0.8420000076293945,0.5299999713897705
YGL061C,YIL123W,0,-5.412118,0.1370665729045868,0.8420000076293945,0.5300999879837036
YKL022C,YNL279W,0,-5.4124675,0.1370442658662796,0.8420000076293945,0.5302000045776367
YLR347C,YGL246C,0,-5.412479,0.1370219737291336,0.8420000076293945,0.5303000211715698
YKL108W,YBR127C,0,-5.4125295,0.1369996815919876,0.8420000076293945,0.5303999781608582
YDR378C,YKL021C,0,-5.4129987,0.1369773894548416,0.8420000076293945,0.5304999947547913
YFR014C,YGL089C,0,-5.4130006,0.1369551122188568,0.8420000076293945,0.5306000113487244
YMR029C,YCL004W,0,-5.4130177,0.136932834982872,0.8420000076293945,0.5307000279426575
YML099C,YLR192C,0,-5.4130588,0.1369105726480484,0.8420000076293945,0.5307999849319458
YEL027W,YJL090C,0,-5.41315,0.1368883103132248,0.8420000076293945,0.5309000015258789
YJL170C,YLR431C,0,-5.413486,0.13686606287956238,0.8420000076293945,0.531000018119812
YOL060C,YIL109C,0,-5.4135056,0.13684381544589996,0.8420000076293945,0.5310999751091003
YOR354C,YNL053W,0,-5.413678,0.13682158291339874,0.8420000076293945,0.5311999917030334
YNL288W,YDR329C,0,-5.4140267,0.13679935038089752,0.8420000076293945,0.5313000082969666
YOL164W,YML113W,0,-5.414041,0.1367771327495575,0.8420000076293945,0.5314000248908997
YHR043C,YOR144C,0,-5.4140706,0.13675491511821747,0.8420000076293945,0.531499981880188
YEL063C,YDR451C,0,-5.414264,0.13673271238803864,0.8420000076293945,0.5315999984741211
YCL014W,YGR041W,1,-5.4143443,0.13687287271022797,0.8429999947547913,0.5315999984741211
YJR002W,YAL032C,0,-5.414368,0.13685065507888794,0.8429999947547913,0.5317000150680542
YPR122W,YKL129C,1,-5.414444,0.1369907408952713,0.843999981880188,0.5317000150680542
YHR072W,YDR027C,0,-5.4146576,0.13696852326393127,0.843999981880188,0.5317999720573425
YCR082W,YML069W,0,-5.414762,0.13694629073143005,0.843999981880188,0.5318999886512756
YCR038C,YNL154C,1,-5.415149,0.13708630204200745,0.8450000286102295,0.5318999886512756
YMR014W,YOR181W,1,-5.4152093,0.13722628355026245,0.8460000157356262,0.5318999886512756
YHR175W,YDL217C,0,-5.415261,0.13720402121543884,0.8460000157356262,0.5320000052452087
YGL256W,YBR267W,0,-5.4154778,0.13718177378177643,0.8460000157356262,0.5321000218391418
YDL132W,YIL112W,0,-5.4154954,0.137159526348114,0.8460000157356262,0.5321999788284302
YNL188W,YJL143W,0,-5.415567,0.1371372938156128,0.8460000157356262,0.5322999954223633
YOR160W,YCL033C,0,-5.415622,0.13711507618427277,0.8460000157356262,0.5324000120162964
YDR301W,YGR267C,0,-5.4162955,0.13709285855293274,0.8460000157356262,0.5325000286102295
YNL037C,YJL100W,0,-5.416393,0.1370706409215927,0.8460000157356262,0.5325999855995178
YDL132W,YDL236W,0,-5.416517,0.13704843819141388,0.8460000157356262,0.5327000021934509
YKL129C,YLR084C,1,-5.416776,0.13718821108341217,0.847000002861023,0.5327000021934509
YJL111W,YPL174C,0,-5.416802,0.13716599345207214,0.847000002861023,0.532800018787384
YJL062W,YLR266C,0,-5.417112,0.13714377582073212,0.847000002861023,0.5328999757766724
YHR027C,YDR078C,0,-5.417703,0.13712157309055328,0.847000002861023,0.5329999923706055
YML078W,YIL009C-A,0,-5.417891,0.13709938526153564,0.847000002861023,0.5331000089645386
YJR097W,YAL015C,0,-5.4184976,0.137077197432518,0.847000002861023,0.5332000255584717
YGL173C,YPL012W,0,-5.418612,0.13705500960350037,0.847000002861023,0.53329998254776
YLR431C,YBR098W,0,-5.41873,0.13703283667564392,0.847000002861023,0.5333999991416931
YOR137C,YIL123W,0,-5.418888,0.13701067864894867,0.847000002861023,0.5335000157356262
YIL079C,YHR053C,0,-5.4189324,0.13698852062225342,0.847000002861023,0.5335999727249146
YCR028C,YKL009W,0,-5.41928,0.13696636259555817,0.847000002861023,0.5336999893188477
YDL004W,YBR090C-A,0,-5.4198313,0.1369442194700241,0.847000002861023,0.5338000059127808
YHR174W,YER127W,0,-5.419851,0.13692207634449005,0.847000002861023,0.5339000225067139
YEL062W,YGR144W,0,-5.4199357,0.1368999481201172,0.847000002861023,0.5339999794960022
YKL012W,YJL093C,0,-5.420092,0.13687783479690552,0.847000002861023,0.5340999960899353
YDL213C,YOR075W,0,-5.4201202,0.13685570657253265,0.847000002861023,0.5342000126838684
YHL025W,YDR346C,0,-5.420166,0.13683360815048218,0.847000002861023,0.5343000292778015
YER112W,YIR019C,0,-5.420591,0.1368114948272705,0.847000002861023,0.5343999862670898
YDL030W,YGR279C,0,-5.420635,0.13678941130638123,0.847000002861023,0.534500002861023
YLR355C,YGL232W,0,-5.4212785,0.13676731288433075,0.847000002861023,0.534600019454956
YAL007C,YPR138C,0,-5.421418,0.13674524426460266,0.847000002861023,0.5346999764442444
YBR177C,YOR148C,0,-5.421455,0.13672316074371338,0.847000002861023,0.5347999930381775
YIL068C,YNL243W,1,-5.421498,0.13686248660087585,0.8479999899864197,0.5347999930381775
YML065W,YPR133W-A,0,-5.421638,0.13684040307998657,0.8479999899864197,0.5349000096321106
YGL021W,YIL105C,0,-5.421841,0.13681833446025848,0.8479999899864197,0.5350000262260437
YPR185W,YLR342W,0,-5.4219375,0.1367962509393692,0.8479999899864197,0.535099983215332
YBR210W,YNL243W,1,-5.421964,0.13693548738956451,0.8489999771118164,0.535099983215332
YGL232W,YNL339C,0,-5.4219646,0.13691340386867523,0.8489999771118164,0.5351999998092651
YOR011W,YBR175W,0,-5.4220386,0.13689132034778595,0.8489999771118164,0.5353000164031982
YJL054W,YBR165W,0,-5.422092,0.13686925172805786,0.8489999771118164,0.5353999733924866
YKL112W,YNL042W,0,-5.4222245,0.13684719800949097,0.8489999771118164,0.5354999899864197
YOR181W,YOL113W,1,-5.4222765,0.13698630034923553,0.8500000238418579,0.5354999899864197
YPR067W,YKL085W,0,-5.422315,0.13696423172950745,0.8500000238418579,0.5356000065803528
YGR155W,YPL231W,0,-5.422482,0.13694216310977936,0.8500000238418579,0.5357000231742859
YGL025C,YLR292C,0,-5.422488,0.13692010939121246,0.8500000238418579,0.5357999801635742
YBR077C,YIL080W,0,-5.4230676,0.13689805567264557,0.8500000238418579,0.5358999967575073
YNL094W,YPL193W,0,-5.4236646,0.13687600195407867,0.8500000238418579,0.5360000133514404
YPL233W,YPR095C,0,-5.423883,0.13685396313667297,0.8500000238418579,0.5360999703407288
YOL063C,YIR002C,0,-5.4239197,0.13683193922042847,0.8500000238418579,0.5361999869346619
YML097C,YAR010C,0,-5.423936,0.13680991530418396,0.8500000238418579,0.536300003528595
YDR180W,YKL080W,0,-5.42396,0.13678789138793945,0.8500000238418579,0.5364000201225281
YOR100C,YPL124W,0,-5.4240894,0.13676588237285614,0.8500000238418579,0.5364999771118164
YOR106W,YPL253C,0,-5.424169,0.13674388825893402,0.8500000238418579,0.5365999937057495
YJR135W-A,YMR104C,0,-5.424184,0.1367218941450119,0.8500000238418579,0.5367000102996826
YGL256W,YBR211C,0,-5.4247527,0.13669990003108978,0.8500000238418579,0.5368000268936157
YIL095W,YOR301W,1,-5.4253855,0.13683871924877167,0.8510000109672546,0.5368000268936157
YPL049C,YJR110W,0,-5.4254866,0.13681672513484955,0.8510000109672546,0.536899983882904
YDR085C,YDR277C,0,-5.4263887,0.13679473102092743,0.8510000109672546,0.5370000004768372
YIL051C,YKR086W,0,-5.426566,0.1367727369070053,0.8510000109672546,0.5371000170707703
YLR006C,YBR061C,0,-5.426647,0.13675075769424438,0.8510000109672546,0.5371999740600586
YLR295C,YPL271W,0,-5.4269404,0.13672879338264465,0.8510000109672546,0.5372999906539917
YEL071W,YOL042W,0,-5.427232,0.13670682907104492,0.8510000109672546,0.5374000072479248
YKL135C,YHR068W,0,-5.427792,0.1366848647594452,0.8510000109672546,0.5375000238418579
YDL090C,YBR105C,0,-5.427977,0.13666291534900665,0.8510000109672546,0.5375999808311462
YGR200C,YMR312W,0,-5.4280653,0.1366409808397293,0.8510000109672546,0.5376999974250793
YJL011C,YLR022C,0,-5.4281354,0.13661904633045197,0.8510000109672546,0.5378000140190125
YHR142W,YER018C,0,-5.4281583,0.13659711182117462,0.8510000109672546,0.5378999710083008
YLL050C,YPL086C,0,-5.4283385,0.13657519221305847,0.8510000109672546,0.5379999876022339
YDL090C,YOR008C-A,0,-5.428352,0.13655327260494232,0.8510000109672546,0.538100004196167
YAL024C,YHR026W,0,-5.428606,0.13653136789798737,0.8510000109672546,0.5382000207901001
YMR047C,YLR467W,0,-5.4286776,0.1365094631910324,0.8510000109672546,0.5382999777793884
YDL013W,YNL012W,0,-5.4287267,0.13648757338523865,0.8510000109672546,0.5383999943733215
YGL172W,YLR043C,0,-5.4287944,0.13646568357944489,0.8510000109672546,0.5385000109672546
YDR151C,YKL117W,0,-5.428911,0.13644380867481232,0.8510000109672546,0.5386000275611877
YML078W,YIL030C,0,-5.428947,0.13642193377017975,0.8510000109672546,0.5386999845504761
YPL125W,YLR026C,0,-5.4291453,0.13640005886554718,0.8510000109672546,0.5388000011444092
YPR023C,YNL202W,0,-5.4292383,0.1363781988620758,0.8510000109672546,0.5389000177383423
YIR022W,YLR447C,0,-5.4292455,0.13635635375976562,0.8510000109672546,0.5389999747276306
YOR048C,YGL145W,0,-5.429258,0.13633450865745544,0.8510000109672546,0.5390999913215637
YNL245C,YBL040C,0,-5.429436,0.13631266355514526,0.8510000109672546,0.5392000079154968
YIL167W,YDR425W,0,-5.4296317,0.13629083335399628,0.8510000109672546,0.5393000245094299
YLR109W,YNR074C,0,-5.4299426,0.13626901805400848,0.8510000109672546,0.5393999814987183
YDL017W,YDR314C,0,-5.429975,0.1362472027540207,0.8510000109672546,0.5394999980926514
YIL132C,YMR139W,0,-5.43014,0.1362253874540329,0.8510000109672546,0.5396000146865845
YBR177C,YFR008W,0,-5.4302497,0.1362035870552063,0.8510000109672546,0.5396999716758728
YLR314C,YKL129C,1,-5.4302998,0.13634181022644043,0.8519999980926514,0.5396999716758728
YDR216W,YPL151C,0,-5.430349,0.13631999492645264,0.8519999980926514,0.5397999882698059
YBR234C,YJL034W,0,-5.4306583,0.13629819452762604,0.8519999980926514,0.539900004863739
YMR240C,YHL006C,0,-5.430755,0.13627639412879944,0.8519999980926514,0.5400000214576721
YNL253W,YBL100W-B,0,-5.430879,0.13625459372997284,0.8519999980926514,0.5400999784469604
YGL256W,YOL066C,0,-5.430905,0.13623280823230743,0.8519999980926514,0.5401999950408936
YER041W,YBL055C,0,-5.43103,0.13621103763580322,0.8519999980926514,0.5403000116348267
YMR070W,YLR145W,0,-5.4310575,0.13618925213813782,0.8519999980926514,0.5404000282287598
YNL288W,YGR091W,0,-5.431149,0.1361674964427948,0.8519999980926514,0.5404999852180481
YMR037C,YOR085W,0,-5.431754,0.13614574074745178,0.8519999980926514,0.5406000018119812
YBR192W,YJL139C,0,-5.4317746,0.13612398505210876,0.8519999980926514,0.5407000184059143
YER088C,YGL135W,0,-5.4319444,0.13610222935676575,0.8519999980926514,0.5407999753952026
YPL255W,YNR039C,0,-5.431958,0.13608050346374512,0.8519999980926514,0.5408999919891357
YHR079C-B,YPL274W,0,-5.432035,0.1360587626695633,0.8519999980926514,0.5410000085830688
YNL116W,YOL031C,0,-5.4323564,0.13603703677654266,0.8519999980926514,0.541100025177002
YKR054C,YPR008W,0,-5.4324484,0.13601532578468323,0.8519999980926514,0.5411999821662903
YBR102C,YPL275W,0,-5.432464,0.1359936147928238,0.8519999980926514,0.5412999987602234
YIL013C,YLR208W,0,-5.4324994,0.13597191870212555,0.8519999980926514,0.5414000153541565
YOR030W,YLR309C,0,-5.4325843,0.1359502226114273,0.8519999980926514,0.5414999723434448
YPR201W,YHR008C,0,-5.432772,0.13592852652072906,0.8519999980926514,0.5415999889373779
YNR067C,YOR301W,1,-5.432809,0.13606636226177216,0.8529999852180481,0.5415999889373779
YGL194C,YOR136W,0,-5.4328127,0.13604465126991272,0.8529999852180481,0.541700005531311
YBR107C,YPL097W,0,-5.4328623,0.13602297008037567,0.8529999852180481,0.5418000221252441
YLR380W,YER183C,0,-5.4330673,0.13600127398967743,0.8529999852180481,0.5418999791145325
YER159C,YAL031C,0,-5.4336085,0.13597959280014038,0.8529999852180481,0.5419999957084656
YKL029C,YNL221C,0,-5.434524,0.13595792651176453,0.8529999852180481,0.5421000123023987
YLR207W,YLR350W,0,-5.4346337,0.13593626022338867,0.8529999852180481,0.5422000288963318
YPL151C,YPL274W,0,-5.434713,0.13591459393501282,0.8529999852180481,0.5422999858856201
YMR167W,YIR015W,0,-5.43508,0.13589294254779816,0.8529999852180481,0.5424000024795532
YNL075W,YNL016W,0,-5.435387,0.1358712911605835,0.8529999852180481,0.5425000190734863
YER127W,YHR124W,0,-5.4359264,0.13584965467453003,0.8529999852180481,0.5425999760627747
YPL268W,YOR313C,0,-5.435972,0.13582801818847656,0.8529999852180481,0.5426999926567078
YOL130W,YHR152W,0,-5.4361157,0.1358063966035843,0.8529999852180481,0.5428000092506409
YER169W,YBR253W,0,-5.436241,0.13578477501869202,0.8529999852180481,0.542900025844574
YBR114W,YHR039C-A,0,-5.436309,0.13576316833496094,0.8529999852180481,0.5429999828338623
YPL149W,YOL145C,0,-5.4365892,0.13574156165122986,0.8529999852180481,0.5430999994277954
YOR002W,YGR132C,0,-5.436612,0.13571996986865997,0.8529999852180481,0.5432000160217285
YAL051W,YGL098W,0,-5.4373846,0.1356983780860901,0.8529999852180481,0.5432999730110168
YCR071C,YMR087W,0,-5.437446,0.1356767863035202,0.8529999852180481,0.54339998960495
YER114C,YKL021C,0,-5.4375434,0.1356552094221115,0.8529999852180481,0.5435000061988831
YDR163W,YGR123C,0,-5.4379826,0.135633647441864,0.8529999852180481,0.5436000227928162
YLR033W,YDL120W,0,-5.4382653,0.13561208546161652,0.8529999852180481,0.5436999797821045
YCL026C-A,YDL245C,0,-5.4387956,0.13559052348136902,0.8529999852180481,0.5437999963760376
YPR086W,YDL170W,0,-5.4392,0.13556897640228271,0.8529999852180481,0.5439000129699707
YJL194W,YBL100W-B,0,-5.4394517,0.1355474293231964,0.8529999852180481,0.5440000295639038
YNR017W,YOR191W,0,-5.43992,0.1355258971452713,0.8529999852180481,0.5440999865531921
YNL145W,YPL151C,0,-5.4400153,0.1355043649673462,0.8529999852180481,0.5442000031471252
YLR332W,YNL304W,0,-5.440331,0.13548284769058228,0.8529999852180481,0.5443000197410583
YFR048W,YKL020C,0,-5.440857,0.13546133041381836,0.8529999852180481,0.5443999767303467
YLR332W,YML088W,0,-5.4409614,0.13543982803821564,0.8529999852180481,0.5444999933242798
YGR179C,YNL253W,0,-5.4410396,0.13541832566261292,0.8529999852180481,0.5446000099182129
YER042W,YIL038C,0,-5.4410443,0.1353968232870102,0.8529999852180481,0.544700026512146
YBR172C,YNL107W,0,-5.4411645,0.13537533581256866,0.8529999852180481,0.5447999835014343
YMR290C,YOR007C,0,-5.441424,0.13535386323928833,0.8529999852180481,0.5449000000953674
YGL200C,YNL007C,0,-5.441618,0.1353323757648468,0.8529999852180481,0.5450000166893005
YKL110C,YHR143W-A,0,-5.4418426,0.13531091809272766,0.8529999852180481,0.5450999736785889
YPL202C,YDL160C,0,-5.4420466,0.13528944551944733,0.8529999852180481,0.545199990272522
YDL244W,YML038C,0,-5.442243,0.13526800274848938,0.8529999852180481,0.5453000068664551
YNL127W,YIL017W,0,-5.4422793,0.13524654507637024,0.8529999852180481,0.5454000234603882
YLR286C,YKL129C,1,-5.442513,0.13538363575935364,0.8539999723434448,0.5454000234603882
YAL042W,YPR164W,0,-5.4426093,0.1353621780872345,0.8539999723434448,0.5454999804496765
YJL034W,YMR070W,0,-5.4427247,0.13534073531627655,0.8539999723434448,0.5455999970436096
YDR129C,YIL068C,1,-5.4428744,0.13547773659229279,0.8550000190734863,0.5455999970436096
YEL032W,YAL047C,0,-5.4430146,0.13545627892017365,0.8550000190734863,0.5457000136375427
YDR118W,YGL003C,0,-5.443216,0.1354348212480545,0.8550000190734863,0.545799970626831
YNR023W,YOR087W,0,-5.443238,0.13541336357593536,0.8550000190734863,0.5458999872207642
YNL279W,YOR060C,0,-5.4439235,0.13539192080497742,0.8550000190734863,0.5460000038146973
YBR059C,YKL138C-A,0,-5.444595,0.13537049293518066,0.8550000190734863,0.5461000204086304
YJR004C,YBR182C,0,-5.444756,0.1353490650653839,0.8550000190734863,0.5461999773979187
YDL077C,YDR018C,0,-5.4448476,0.13532763719558716,0.8550000190734863,0.5462999939918518
YMR055C,YDL128W,0,-5.445333,0.1353062242269516,0.8550000190734863,0.5464000105857849
YEL071W,YOL034W,0,-5.445594,0.13528481125831604,0.8550000190734863,0.546500027179718
YBR154C,YHR172W,0,-5.4457054,0.13526341319084167,0.8550000190734863,0.5465999841690063
YNL298W,YOL113W,1,-5.4457946,0.13540019094944,0.8560000061988831,0.5465999841690063
YCR028C,YGR192C,0,-5.4460287,0.13537877798080444,0.8560000061988831,0.5467000007629395
YKL054C,YMR190C,0,-5.446037,0.13535736501216888,0.8560000061988831,0.5468000173568726
YHL019C,YDR040C,0,-5.44605,0.13533596694469452,0.8560000061988831,0.5468999743461609
YGR083C,YGL219C,0,-5.446165,0.13531456887722015,0.8560000061988831,0.546999990940094
YNL074C,YDL109C,0,-5.4463086,0.13529318571090698,0.8560000061988831,0.5471000075340271
YPR201W,YLR377C,0,-5.446694,0.1352718025445938,0.8560000061988831,0.5472000241279602
YPL008W,YJR010C-A,0,-5.44715,0.13525043427944183,0.8560000061988831,0.5472999811172485
YBR207W,YDL194W,0,-5.447153,0.13522906601428986,0.8560000061988831,0.5473999977111816
YOL147C,YMR272C,0,-5.447847,0.13520771265029907,0.8560000061988831,0.5475000143051147
YPR046W,YKR055W,0,-5.447908,0.1351863592863083,0.8560000061988831,0.5475999712944031
YLR223C,YCL020W,0,-5.4479375,0.1351650059223175,0.8560000061988831,0.5476999878883362
YNL161W,YIL046W,0,-5.4480376,0.13514366745948792,0.8560000061988831,0.5478000044822693
YAL044C,YKL126W,0,-5.4482236,0.13512232899665833,0.8560000061988831,0.5479000210762024
YPL200W,YHR005C,0,-5.448333,0.13510100543498993,0.8560000061988831,0.5479999780654907
YDL115C,YDR378C,0,-5.4484706,0.13507969677448273,0.8560000061988831,0.5480999946594238
YHR005C,YCL020W,0,-5.4485717,0.13505837321281433,0.8560000061988831,0.5482000112533569
YKL048C,YOR301W,1,-5.449206,0.1351948231458664,0.8569999933242798,0.5482000112533569
YBL047C,YER095W,0,-5.4492836,0.135173499584198,0.8569999933242798,0.54830002784729
YLL043W,YOL117W,0,-5.449775,0.1351521909236908,0.8569999933242798,0.5483999848365784
YCR040W,YGR147C,0,-5.449839,0.1351308673620224,0.8569999933242798,0.5485000014305115
YLR318W,YDR122W,0,-5.4505677,0.1351095736026764,0.8569999933242798,0.5486000180244446
YGR179C,YDR285W,0,-5.4506097,0.1350882649421692,0.8569999933242798,0.5486999750137329
YNL103W,YPR181C,0,-5.450641,0.13506698608398438,0.8569999933242798,0.548799991607666
YOR371C,YDR335W,0,-5.4507904,0.13504569232463837,0.8569999933242798,0.5489000082015991
YJR065C,YGL045W,0,-5.450832,0.13502442836761475,0.8569999933242798,0.5490000247955322
YPL177C,YOR265W,0,-5.45091,0.13500314950942993,0.8569999933242798,0.5490999817848206
YDR424C,YHR138C,0,-5.4511104,0.1349818855524063,0.8569999933242798,0.5491999983787537
YMR287C,YER117W,0,-5.4512086,0.13496063649654388,0.8569999933242798,0.5493000149726868
YKL042W,YDL217C,0,-5.4515834,0.13493937253952026,0.8569999933242798,0.5493999719619751
YLR079W,YNL253W,0,-5.4518247,0.13491813838481903,0.8569999933242798,0.5494999885559082
YOR144C,YBR154C,0,-5.451895,0.1348969042301178,0.8569999933242798,0.5496000051498413
YLL061W,YCL001W,0,-5.4519553,0.13487567007541656,0.8569999933242798,0.5497000217437744
YOL008W,YDR040C,0,-5.452054,0.13485445082187653,0.8569999933242798,0.5497999787330627
YIL009W,YLR181C,0,-5.452184,0.1348332315683365,0.8569999933242798,0.5498999953269958
YPR188C,YCR057C,1,-5.452221,0.1349693238735199,0.8579999804496765,0.5498999953269958
YER142C,YER022W,0,-5.452228,0.13494808971881866,0.8579999804496765,0.550000011920929
YBR106W,YJR007W,0,-5.4522395,0.13492687046527863,0.8579999804496765,0.5501000285148621
YOL110W,YNL202W,0,-5.452395,0.13490566611289978,0.8579999804496765,0.5501999855041504
YOL042W,YHR172W,0,-5.452738,0.13488444685935974,0.8579999804496765,0.5503000020980835
YIL159W,YDR388W,1,-5.4528484,0.1350204348564148,0.859000027179718,0.5503000020980835
YGL166W,YNL031C,0,-5.453234,0.13499921560287476,0.859000027179718,0.5504000186920166
YMR068W,YIL002C,0,-5.4533687,0.13497799634933472,0.859000027179718,0.5504999756813049
YHR174W,YGR170W,0,-5.453446,0.13495679199695587,0.859000027179718,0.550599992275238
YPL046C,YMR235C,0,-5.4537373,0.13493560254573822,0.859000027179718,0.5507000088691711
YGL173C,YNL044W,0,-5.453954,0.13491439819335938,0.859000027179718,0.5508000254631042
YPL202C,YHL003C,0,-5.4541874,0.13489320874214172,0.859000027179718,0.5508999824523926
YGR059W,YHR012W,0,-5.454243,0.13487203419208527,0.859000027179718,0.5509999990463257
YJR108W,YGL150C,0,-5.454276,0.1348508596420288,0.859000027179718,0.5511000156402588
YCL017C,YDL212W,0,-5.45451,0.13482969999313354,0.859000027179718,0.5511999726295471
YFL003C,YDR346C,0,-5.4545245,0.13480854034423828,0.859000027179718,0.5512999892234802
YMR167W,YGL067W,0,-5.454585,0.13478738069534302,0.859000027179718,0.5514000058174133
YAL012W,YCL055W,0,-5.4547763,0.13476623594760895,0.859000027179718,0.5515000224113464
YIL040W,YJR102C,0,-5.4548054,0.13474509119987488,0.859000027179718,0.5515999794006348
YER075C,YJL054W,0,-5.4548683,0.134723961353302,0.859000027179718,0.5516999959945679
YER042W,YDL059C,0,-5.4549417,0.13470283150672913,0.859000027179718,0.551800012588501
YJR093C,YIL066C,0,-5.4550743,0.13468171656131744,0.859000027179718,0.5519000291824341
YER114C,YPL256C,0,-5.455211,0.13466060161590576,0.859000027179718,0.5519999861717224
YNL312W,YJR027W,0,-5.455498,0.13463950157165527,0.859000027179718,0.5521000027656555
YIR013C,YOR269W,0,-5.455626,0.13461840152740479,0.859000027179718,0.5522000193595886
YHR183W,YPL240C,0,-5.4557223,0.1345973014831543,0.859000027179718,0.552299976348877
YDR435C,YKL173W,0,-5.4561357,0.134576216340065,0.859000027179718,0.5523999929428101
YJL033W,YHR181W,0,-5.456136,0.1345551311969757,0.859000027179718,0.5525000095367432
YPL155C,YOL054W,0,-5.45629,0.1345340609550476,0.859000027179718,0.5526000261306763
YBR177C,YHR081W,0,-5.4562945,0.1345129907131195,0.859000027179718,0.5526999831199646
YLR079W,YBR198C,0,-5.4563212,0.1344919353723526,0.859000027179718,0.5527999997138977
YNL192W,YMR109W,1,-5.45711,0.13462743163108826,0.8600000143051147,0.5527999997138977
YCR034W,YMR270C,0,-5.4571767,0.13460636138916016,0.8600000143051147,0.5529000163078308
YMR142C,YPL210C,0,-5.457232,0.13458529114723206,0.8600000143051147,0.5529999732971191
YDR437W,YIR037W,0,-5.4573474,0.13456423580646515,0.8600000143051147,0.5530999898910522
YOR266W,YNL072W,0,-5.4573646,0.13454318046569824,0.8600000143051147,0.5532000064849854
YOL090W,YBL005W-A,0,-5.45744,0.13452214002609253,0.8600000143051147,0.5533000230789185
YLR095C,YMR143W,0,-5.4580054,0.13450109958648682,0.8600000143051147,0.5533999800682068
YHR193C,YGR033C,0,-5.458291,0.1344800591468811,0.8600000143051147,0.5534999966621399
YPL221W,YDR456W,0,-5.4583173,0.13445903360843658,0.8600000143051147,0.553600013256073
YIR033W,YLR191W,0,-5.458737,0.13443802297115326,0.8600000143051147,0.5536999702453613
YMR188C,YMR047C,0,-5.458868,0.13441701233386993,0.8600000143051147,0.5537999868392944
YJR019C,YKR014C,0,-5.4590816,0.1343960016965866,0.8600000143051147,0.5539000034332275
YNL298W,YNL084C,1,-5.459103,0.13453124463558197,0.8610000014305115,0.5539000034332275
YBL041W,YBL005W-B,0,-5.459126,0.13451023399829865,0.8610000014305115,0.5540000200271606
YDR398W,YDR359C,0,-5.459165,0.13448922336101532,0.8610000014305115,0.554099977016449
YOR250C,YCR042C,0,-5.4593015,0.134468212723732,0.8610000014305115,0.5541999936103821
YJL178C,YDR254W,0,-5.4593296,0.13444721698760986,0.8610000014305115,0.5543000102043152
YEL016C,YOR179C,0,-5.459583,0.13442623615264893,0.8610000014305115,0.5544000267982483
YPR131C,YBR231C,0,-5.459888,0.1344052404165268,0.8610000014305115,0.5544999837875366
YBL019W,YOR284W,0,-5.460155,0.13438427448272705,0.8610000014305115,0.5546000003814697
YCL040W,YPL283C,0,-5.460637,0.1343632936477661,0.8610000014305115,0.5547000169754028
YDL132W,YNL131W,0,-5.4614263,0.13434232771396637,0.8610000014305115,0.5547999739646912
YCR020W-B,YJR127C,0,-5.4614534,0.13432137668132782,0.8610000014305115,0.5548999905586243
YOR074C,YOR149C,0,-5.461625,0.13430042564868927,0.8610000014305115,0.5550000071525574
YDR240C,YJR010C-A,0,-5.461698,0.13427947461605072,0.8610000014305115,0.5551000237464905
YLL002W,YDR545W,0,-5.46195,0.13425853848457336,0.8610000014305115,0.5551999807357788
YDR256C,YBL005W-B,0,-5.4619517,0.134237602353096,0.8610000014305115,0.5552999973297119
YML080W,YKL081W,0,-5.4619613,0.13421668112277985,0.8610000014305115,0.555400013923645
YNR010W,YOR216C,0,-5.4621387,0.13419575989246368,0.8610000014305115,0.5554999709129333
YGR180C,YLR181C,0,-5.4623036,0.13417485356330872,0.8610000014305115,0.5555999875068665
YDR414C,YHR048W,0,-5.462411,0.13415394723415375,0.8610000014305115,0.5557000041007996
YNL251C,YGR199W,0,-5.4625,0.13413304090499878,0.8610000014305115,0.5558000206947327
YJL133W,YPR080W,0,-5.462516,0.134112149477005,0.8610000014305115,0.555899977684021
YGL143C,YDR473C,0,-5.462527,0.13409125804901123,0.8610000014305115,0.5559999942779541
YOL112W,YER007W,0,-5.4626675,0.13407038152217865,0.8610000014305115,0.5561000108718872
YDL134C,YKL088W,0,-5.462771,0.13404950499534607,0.8610000014305115,0.5562000274658203
YHR091C,YGL135W,0,-5.462795,0.13402864336967468,0.8610000014305115,0.5562999844551086
YLR370C,YOR149C,0,-5.4632344,0.1340077817440033,0.8610000014305115,0.5564000010490417
YBL079W,YMR149W,0,-5.4633794,0.1339869350194931,0.8610000014305115,0.5565000176429749
YKL186C,YPL126W,0,-5.4634004,0.13396607339382172,0.8610000014305115,0.5565999746322632
YPR171W,YOR088W,0,-5.463803,0.13394524157047272,0.8610000014305115,0.5566999912261963
YOR038C,YFL018C,0,-5.464118,0.13392440974712372,0.8610000014305115,0.5568000078201294
YMR232W,YMR235C,0,-5.4642916,0.13390357792377472,0.8610000014305115,0.5569000244140625
YER045C,YIL144W,0,-5.46448,0.13388276100158691,0.8610000014305115,0.5569999814033508
YLR186W,YPL011C,0,-5.464522,0.1338619440793991,0.8610000014305115,0.5570999979972839
YPL059W,YDR362C,0,-5.4646335,0.1338411271572113,0.8610000014305115,0.557200014591217
YPR081C,YGR199W,0,-5.4649673,0.1338203251361847,0.8610000014305115,0.5572999715805054
YBR170C,YEL031W,0,-5.4655,0.13379953801631927,0.8610000014305115,0.5573999881744385
YBR038W,YPL242C,1,-5.4655824,0.1339341253042221,0.8619999885559082,0.5573999881744385
YNL030W,YIL118W,0,-5.465796,0.1339133083820343,0.8619999885559082,0.5575000047683716
YPR111W,YOR334W,0,-5.4658246,0.1338925063610077,0.8619999885559082,0.5576000213623047
YIR013C,YER031C,0,-5.465834,0.13387171924114227,0.8619999885559082,0.557699978351593
YFL013C,YER161C,0,-5.4661007,0.13385093212127686,0.8619999885559082,0.5577999949455261
YPL177C,YLR014C,0,-5.466393,0.13383014500141144,0.8619999885559082,0.5579000115394592
YLR368W,YBR089C-A,0,-5.4665027,0.13380937278270721,0.8619999885559082,0.5580000281333923
YDR235W,YML073C,0,-5.4665956,0.133788600564003,0.8619999885559082,0.5580999851226807
YPR019W,YNL046W,0,-5.46672,0.13376784324645996,0.8619999885559082,0.5582000017166138
YDR150W,YIL017C,0,-5.466809,0.13374708592891693,0.8619999885559082,0.5583000183105469
YKL059C,YPL122C,0,-5.4671664,0.1337263435125351,0.8619999885559082,0.5583999752998352
YPL194W,YPL133C,0,-5.4676476,0.13370560109615326,0.8619999885559082,0.5584999918937683
YNL331C,YGL194C,0,-5.467733,0.13368485867977142,0.8619999885559082,0.5586000084877014
YPL151C,YPL210C,0,-5.46775,0.13366413116455078,0.8619999885559082,0.5587000250816345
YLR116W,YOR004W,0,-5.4680676,0.13364340364933014,0.8619999885559082,0.5587999820709229
YKL101W,YBR037C,0,-5.4681053,0.1336226910352707,0.8619999885559082,0.558899998664856
YJL111W,YMR006C,0,-5.4683414,0.13360197842121124,0.8619999885559082,0.5590000152587891
YER007W,YOR036W,0,-5.4686484,0.133581280708313,0.8619999885559082,0.5590999722480774
YGR262C,YLR084C,1,-5.468801,0.13371552526950836,0.8629999756813049,0.5590999722480774
YLR353W,YDR328C,1,-5.468829,0.13384972512722015,0.8640000224113464,0.5590999722480774
YKR002W,YJR027W,0,-5.468852,0.1338289976119995,0.8640000224113464,0.5591999888420105
YBR279W,YLR006C,0,-5.468883,0.13380827009677887,0.8640000224113464,0.5593000054359436
YJR069C,YOR008C,0,-5.4688954,0.13378755748271942,0.8640000224113464,0.5594000220298767
YDL052C,YLR417W,0,-5.4690156,0.13376682996749878,0.8640000224113464,0.559499979019165
YLL061W,YBL105C,0,-5.469068,0.13374613225460052,0.8640000224113464,0.5595999956130981
YPL117C,YJL034W,0,-5.4694586,0.13372543454170227,0.8640000224113464,0.5597000122070312
YPL048W,YNL182C,0,-5.469473,0.13370473682880402,0.8640000224113464,0.5598000288009644
YDR254W,YGL209W,0,-5.469664,0.13368405401706696,0.8640000224113464,0.5598999857902527
YDR243C,YIL129C,0,-5.4697666,0.1336633712053299,0.8640000224113464,0.5600000023841858
YBR038W,YMR032W,1,-5.470365,0.13379737734794617,0.8650000095367432,0.5600000023841858
YMR202W,YDL166C,0,-5.4705825,0.1337766796350479,0.8650000095367432,0.5601000189781189
YJL170C,YCL008C,0,-5.4708877,0.13375599682331085,0.8650000095367432,0.5601999759674072
YDR236C,YFR013W,0,-5.470905,0.1337353140115738,0.8650000095367432,0.5602999925613403
YCL035C,YMR298W,0,-5.4709535,0.13371464610099792,0.8650000095367432,0.5604000091552734
YER149C,YDR166C,1,-5.4709754,0.13384853303432465,0.8659999966621399,0.5604000091552734
YAL051W,YFL008W,0,-5.4713626,0.13382785022258759,0.8659999966621399,0.5605000257492065
YLR370C,YPR070W,0,-5.471807,0.13380716741085052,0.8659999966621399,0.5605999827384949
YPL060W,YMR284W,0,-5.4719386,0.13378649950027466,0.8659999966621399,0.560699999332428
YOR307C,YMR146C,0,-5.472448,0.1337658315896988,0.8659999966621399,0.5608000159263611
YOL077W-A,YNL014W,0,-5.47259,0.13374517858028412,0.8659999966621399,0.5608999729156494
YFR046C,YBR050C,0,-5.472605,0.13372452557086945,0.8659999966621399,0.5609999895095825
YPR185W,YDR529C,0,-5.472634,0.13370387256145477,0.8659999966621399,0.5611000061035156
YDR081C,YCL001W,0,-5.472643,0.1336832344532013,0.8659999966621399,0.5612000226974487
YBL016W,YLR086W,0,-5.4730606,0.13366259634494781,0.8659999966621399,0.5612999796867371
YOR265W,YML028W,0,-5.473184,0.13364197313785553,0.8659999966621399,0.5613999962806702
YML008C,YGR128C,0,-5.473412,0.13362134993076324,0.8659999966621399,0.5615000128746033
YKR027W,YOL044W,0,-5.4736733,0.13360074162483215,0.8659999966621399,0.5616000294685364
YJL090C,YDL161W,0,-5.4736795,0.13358013331890106,0.8659999966621399,0.5616999864578247
YJR084W,YEL065W,0,-5.474399,0.13355952501296997,0.8659999966621399,0.5618000030517578
YHR086W,YML069W,0,-5.4744506,0.13353893160820007,0.8659999966621399,0.5619000196456909
YNL037C,YFR003C,0,-5.47483,0.13351835310459137,0.8659999966621399,0.5619999766349792
YFR029W,YBR077C,0,-5.4748955,0.13349775969982147,0.8659999966621399,0.5620999932289124
YHR158C,YJL045W,0,-5.474898,0.13347719609737396,0.8659999966621399,0.5622000098228455
YHR194W,YOL102C,0,-5.4753647,0.13345661759376526,0.8659999966621399,0.5623000264167786
YDR440W,YDL216C,0,-5.4754004,0.13343605399131775,0.8659999966621399,0.5623999834060669
YPL061W,YGR279C,0,-5.4761434,0.13341550529003143,0.8659999966621399,0.5625
YPL146C,YOR159C,0,-5.47635,0.13339494168758392,0.8659999966621399,0.5626000165939331
YLR007W,YMR203W,0,-5.4765005,0.1333744078874588,0.8659999966621399,0.5626999735832214
YMR012W,YOR046C,0,-5.4768205,0.13335385918617249,0.8659999966621399,0.5627999901771545
YNL219C,YIL017W,0,-5.4768305,0.13333334028720856,0.8659999966621399,0.5629000067710876
YNR075W,YMR049C,0,-5.47689,0.13331280648708344,0.8659999966621399,0.5630000233650208
YML071C,YHR086W,0,-5.4769635,0.1332922875881195,0.8659999966621399,0.5630999803543091
YLR186W,YDL098C,0,-5.47699,0.13327176868915558,0.8659999966621399,0.5631999969482422
YBL102W,YJL004C,0,-5.47708,0.13325126469135284,0.8659999966621399,0.5633000135421753
YHR062C,YLL024C,0,-5.4771442,0.1332307755947113,0.8659999966621399,0.5633999705314636
YPR119W,YOR063W,0,-5.4772487,0.13321027159690857,0.8659999966621399,0.5634999871253967
YJR031C,YBR050C,0,-5.47734,0.13318978250026703,0.8659999966621399,0.5636000037193298
YDR309C,YNL243W,1,-5.4776754,0.1333230882883072,0.8669999837875366,0.5636000037193298
YDR480W,YER142C,0,-5.477679,0.13330258429050446,0.8669999837875366,0.5637000203132629
YMR056C,YKL134C,0,-5.477925,0.13328209519386292,0.8669999837875366,0.5637999773025513
YHR053C,YOL051W,0,-5.477941,0.13326160609722137,0.8669999837875366,0.5638999938964844
YBR091C,YOL045W,0,-5.4780736,0.13324113190174103,0.8669999837875366,0.5640000104904175
YPL262W,YJL210W,0,-5.4781413,0.13322065770626068,0.8669999837875366,0.5641000270843506
YPR025C,YDR228C,0,-5.478167,0.13320018351078033,0.8669999837875366,0.5641999840736389
YBR207W,YOL010W,0,-5.4781833,0.13317972421646118,0.8669999837875366,0.564300000667572
YLR109W,YMR069W,0,-5.4787,0.13315926492214203,0.8669999837875366,0.5644000172615051
YBR085W,YJL035C,0,-5.478824,0.13313882052898407,0.8669999837875366,0.5644999742507935
YAL030W,YER018C,0,-5.479106,0.1331183761358261,0.8669999837875366,0.5645999908447266
YDL208W,YOR087W,0,-5.4791713,0.13309794664382935,0.8669999837875366,0.5647000074386597
YHL048W,YER151C,0,-5.479607,0.13307751715183258,0.8669999837875366,0.5648000240325928
YJL060W,YJL054W,0,-5.479773,0.13305708765983582,0.8669999837875366,0.5648999810218811
YNL278W,YOR179C,0,-5.480086,0.13303667306900024,0.8669999837875366,0.5649999976158142
YOL135C,YLL056C,0,-5.4802194,0.13301625847816467,0.8669999837875366,0.5651000142097473
YNL242W,YMR047C,0,-5.480373,0.1329958587884903,0.8669999837875366,0.5651999711990356
YPL106C,YLR240W,0,-5.4806123,0.13297545909881592,0.8669999837875366,0.5652999877929688
YPL046C,YML032C,0,-5.480703,0.13295507431030273,0.8669999837875366,0.5654000043869019
YLR384C,YDR456W,0,-5.480857,0.13293468952178955,0.8669999837875366,0.565500020980835
YMR237W,YDR002W,0,-5.4810452,0.13291430473327637,0.8669999837875366,0.5655999779701233
YDR363W,YLR360W,0,-5.4811206,0.13289393484592438,0.8669999837875366,0.5656999945640564
YPL082C,YDL208W,0,-5.4811225,0.1328735649585724,0.8669999837875366,0.5658000111579895
YDL033C,YBR083W,0,-5.4811416,0.1328532099723816,0.8669999837875366,0.5659000277519226
YGL061C,YDR409W,0,-5.4812336,0.1328328549861908,0.8669999837875366,0.5659999847412109
YBR185C,YDR279W,0,-5.481415,0.1328125,0.8669999837875366,0.566100001335144
YGR261C,YMR204C,0,-5.4814706,0.1327921599149704,0.8669999837875366,0.5662000179290771
YNL275W,YIR021W,0,-5.4816155,0.1327718198299408,0.8669999837875366,0.5662999749183655
YLR127C,YOR284W,0,-5.4817123,0.1327514946460724,0.8669999837875366,0.5663999915122986
YML065W,YHR106W,0,-5.4820104,0.13273116946220398,0.8669999837875366,0.5665000081062317
YBR023C,YMR032W,1,-5.482185,0.13286392390727997,0.8679999709129333,0.5665000081062317
YMR288W,YDR017C,0,-5.482186,0.13284358382225037,0.8679999709129333,0.5666000247001648
YPR016C,YML014W,0,-5.482304,0.13282325863838196,0.8679999709129333,0.5666999816894531
YLR155C,YOL059W,0,-5.4825196,0.13280293345451355,0.8679999709129333,0.5667999982833862
YDR418W,YBR127C,0,-5.482592,0.13278262317180634,0.8679999709129333,0.5669000148773193
YGL053W,YOL129W,0,-5.4828362,0.13276231288909912,0.8679999709129333,0.5669999718666077
YAR002W,YKL038W,0,-5.48309,0.1327420026063919,0.8679999709129333,0.5670999884605408
YML013W,YHR084W,0,-5.4834046,0.1327217072248459,0.8679999709129333,0.5672000050544739
YER107C,YML131W,0,-5.483418,0.13270142674446106,0.8679999709129333,0.567300021648407
YDR191W,YLR303W,0,-5.483435,0.13268113136291504,0.8679999709129333,0.5673999786376953
YER155C,YIL132C,0,-5.4839635,0.1326608657836914,0.8679999709129333,0.5674999952316284
YOL104C,YDR159W,0,-5.4845557,0.13264058530330658,0.8679999709129333,0.5676000118255615
YIL095W,YNL243W,1,-5.4849286,0.13277311623096466,0.8690000176429749,0.5676000118255615
YOL151W,YBR279W,0,-5.4850364,0.13275282084941864,0.8690000176429749,0.5677000284194946
YML062C,YLR006C,0,-5.485109,0.132732555270195,0.8690000176429749,0.567799985408783
YDL192W,YOR078W,0,-5.485484,0.13271227478981018,0.8690000176429749,0.5679000020027161
YDR378C,YJR102C,0,-5.4855676,0.13269200921058655,0.8690000176429749,0.5680000185966492
YPL241C,YCR067C,0,-5.4857183,0.1326717585325241,0.8690000176429749,0.5680999755859375
YLR368W,YJL109C,0,-5.4860387,0.13265150785446167,0.8690000176429749,0.5681999921798706
YHR204W,YOR048C,0,-5.4861903,0.13263125717639923,0.8690000176429749,0.5683000087738037
YLR238W,YBR240C,0,-5.486237,0.13261102139949799,0.8690000176429749,0.5684000253677368
YNL153C,YPR042C,0,-5.4863033,0.13259078562259674,0.8690000176429749,0.5684999823570251
YNL085W,YDR190C,0,-5.4863048,0.1325705498456955,0.8690000176429749,0.5685999989509583
YKR068C,YOR025W,0,-5.4870186,0.13255032896995544,0.8690000176429749,0.5687000155448914
YJL099W,YDR362C,0,-5.4873195,0.1325301229953766,0.8690000176429749,0.5687999725341797
YJL178C,YMR243C,0,-5.4873548,0.13250991702079773,0.8690000176429749,0.5688999891281128
YDR173C,YNL245C,0,-5.487598,0.13248971104621887,0.8690000176429749,0.5690000057220459
YHR055C,YGR202C,0,-5.4876084,0.13246950507164001,0.8690000176429749,0.569100022315979
YOR039W,YPR182W,0,-5.4879837,0.13244932889938354,0.8690000176429749,0.5691999793052673
YKR054C,YBR294W,0,-5.4882026,0.13242913782596588,0.8690000176429749,0.5692999958992004
YJR140C,YFR048W,0,-5.488359,0.1324089616537094,0.8690000176429749,0.5694000124931335
YMR150C,YHR143W-A,0,-5.4883885,0.13238878548145294,0.8690000176429749,0.5695000290870667
YHR143W-A,YDR398W,0,-5.488526,0.13236862421035767,0.8690000176429749,0.569599986076355
YGR247W,YML092C,0,-5.4891458,0.1323484629392624,0.8690000176429749,0.5697000026702881
YGL033W,YDL052C,0,-5.489173,0.13232830166816711,0.8690000176429749,0.5698000192642212
YBR129C,YPL206C,0,-5.489253,0.13230815529823303,0.8690000176429749,0.5698999762535095
YBL093C,YER082C,0,-5.489434,0.13228802382946014,0.8690000176429749,0.5699999928474426
YHR114W,YGL246C,0,-5.489555,0.13226787745952606,0.8690000176429749,0.5701000094413757
YBR131W,YML008C,0,-5.4900756,0.13224776089191437,0.8690000176429749,0.5702000260353088
YOL069W,YJR033C,0,-5.490112,0.13222762942314148,0.8690000176429749,0.5702999830245972
YDL230W,YPL212C,0,-5.4901175,0.13220751285552979,0.8690000176429749,0.5703999996185303
YKR066C,YMR101C,0,-5.4901185,0.13218741118907928,0.8690000176429749,0.5705000162124634
YGL116W,YBL005W-A,0,-5.4902973,0.1321672946214676,0.8690000176429749,0.5705999732017517
YJR125C,YMR314W,0,-5.4903436,0.13214720785617828,0.8690000176429749,0.5706999897956848
YDL142C,YIL036W,0,-5.490462,0.13212710618972778,0.8690000176429749,0.5708000063896179
YGL116W,YCR034W,0,-5.490546,0.13210701942443848,0.8690000176429749,0.570900022983551
YCL026C-A,YJL143W,0,-5.490948,0.13208694756031036,0.8690000176429749,0.5709999799728394
YLR284C,YGL173C,0,-5.4911213,0.13206687569618225,0.8690000176429749,0.5710999965667725
YML102W,YER042W,0,-5.491179,0.13204680383205414,0.8690000176429749,0.5712000131607056
YIL124W,YJL168C,0,-5.491214,0.13202674686908722,0.8690000176429749,0.5713000297546387
YEL018W,YPL192C,0,-5.4913616,0.1320066899061203,0.8690000176429749,0.571399986743927
YGL166W,YDL097C,0,-5.4915214,0.13198663294315338,0.8690000176429749,0.5715000033378601
YDR181C,YMR088C,0,-5.4917426,0.13196659088134766,0.8690000176429749,0.5716000199317932
YKL194C,YBR162C,0,-5.49185,0.13194654881954193,0.8690000176429749,0.5716999769210815
YBR021W,YMR089C,0,-5.491978,0.1319265216588974,0.8690000176429749,0.5717999935150146
YGL030W,YBL039C,0,-5.492022,0.13190649449825287,0.8690000176429749,0.5719000101089478
YMR202W,YDL044C,0,-5.4920397,0.13188648223876953,0.8690000176429749,0.5720000267028809
YKL146W,YER019W,0,-5.492065,0.1318664699792862,0.8690000176429749,0.5720999836921692
YGR179C,YJL001W,0,-5.49213,0.13184645771980286,0.8690000176429749,0.5722000002861023
YAL015C,YMR190C,0,-5.4922504,0.1318264603614807,0.8690000176429749,0.5723000168800354
YHR191C,YPL130W,0,-5.492305,0.13180646300315857,0.8690000176429749,0.5723999738693237
YMR096W,YDR218C,0,-5.4929547,0.13178646564483643,0.8690000176429749,0.5724999904632568
YCR009C,YER008C,1,-5.4929843,0.13191811740398407,0.8700000047683716,0.5724999904632568
YGL256W,YNL257C,0,-5.4932494,0.13189812004566193,0.8700000047683716,0.5726000070571899
YBL026W,YAL015C,0,-5.493339,0.13187812268733978,0.8700000047683716,0.572700023651123
YDL105W,YOL105C,0,-5.493544,0.13185814023017883,0.8700000047683716,0.5727999806404114
YDL155W,YEL004W,0,-5.4937334,0.13183815777301788,0.8700000047683716,0.5728999972343445
YDR283C,YHR039C-A,0,-5.493834,0.13181817531585693,0.8700000047683716,0.5730000138282776
YML065W,YIL022W,0,-5.494245,0.13179820775985718,0.8700000047683716,0.5730999708175659
YBR161W,YDR018C,0,-5.494601,0.13177825510501862,0.8700000047683716,0.573199987411499
YER003C,YER018C,0,-5.4946966,0.13175828754901886,0.8700000047683716,0.5733000040054321
YLR014C,YDR404C,0,-5.4947476,0.1317383348941803,0.8700000047683716,0.5734000205993652
YLR353W,YDR309C,1,-5.4947844,0.13186979293823242,0.8709999918937683,0.5734000205993652
YER149C,YLR084C,1,-5.495101,0.13200120627880096,0.871999979019165,0.5734000205993652
YIL106W,YNR064C,0,-5.495146,0.1319812387228012,0.871999979019165,0.5734999775886536
YBL040C,YJL033W,0,-5.4952826,0.13196125626564026,0.871999979019165,0.5735999941825867
YMR042W,YGR229C,0,-5.4952855,0.1319412887096405,0.871999979019165,0.5737000107765198
YNL110C,YIR006C,1,-5.495377,0.13207261264324188,0.8730000257492065,0.5737000107765198
YPR057W,YMR161W,0,-5.4960666,0.13205264508724213,0.8730000257492065,0.5738000273704529
YDR302W,YOL044W,0,-5.4962773,0.13203266263008118,0.8730000257492065,0.5738999843597412
YNL286W,YPR103W,0,-5.496637,0.13201269507408142,0.8730000257492065,0.5740000009536743
YKR076W,YOR140W,0,-5.4968457,0.13199274241924286,0.8730000257492065,0.5741000175476074
YKR027W,YDR268W,0,-5.4970345,0.1319727897644043,0.8730000257492065,0.5741999745368958
YCR073W-A,YDR131C,0,-5.497336,0.13195283710956573,0.8730000257492065,0.5742999911308289
YOR320C,YBR030W,0,-5.497453,0.13193289935588837,0.8730000257492065,0.574400007724762
YBL045C,YNL199C,0,-5.497477,0.131912961602211,0.8730000257492065,0.5745000243186951
YPR111W,YOL102C,0,-5.4976544,0.13189303874969482,0.8730000257492065,0.5745999813079834
YMR044W,YAR009C,0,-5.4977427,0.13187311589717865,0.8730000257492065,0.5746999979019165
YJR082C,YBR020W,0,-5.49794,0.13185319304466248,0.8730000257492065,0.5748000144958496
YJR139C,YDR495C,0,-5.4981604,0.1318332850933075,0.8730000257492065,0.5748999714851379
YIL142W,YNL145W,0,-5.4982405,0.13181337714195251,0.8730000257492065,0.574999988079071
YDR093W,YBL041W,0,-5.4983015,0.13179348409175873,0.8730000257492065,0.5751000046730042
YBL084C,YBR297W,0,-5.4983134,0.13177359104156494,0.8730000257492065,0.5752000212669373
YPL132W,YOR344C,0,-5.498567,0.13175369799137115,0.8730000257492065,0.5752999782562256
YML051W,YML098W,0,-5.4990697,0.13173381984233856,0.8730000257492065,0.5753999948501587
YBR142W,YNL045W,0,-5.499209,0.13171394169330597,0.8730000257492065,0.5755000114440918
YNL172W,YKL093W,0,-5.4995785,0.13169407844543457,0.8730000257492065,0.5756000280380249
YLR304C,YLL041C,0,-5.499752,0.13167421519756317,0.8730000257492065,0.5756999850273132
YCR075C,YCR073W-A,0,-5.4998956,0.13165435194969177,0.8730000257492065,0.5758000016212463
YKL032C,YKL062W,0,-5.500141,0.13163450360298157,0.8730000257492065,0.5759000182151794
YNR017W,YJL042W,0,-5.500217,0.13161465525627136,0.8730000257492065,0.5759999752044678
YPL046C,YMR277W,0,-5.5003576,0.13159482181072235,0.8730000257492065,0.5760999917984009
YMR296C,YPR182W,0,-5.5007234,0.13157498836517334,0.8730000257492065,0.576200008392334
YGR132C,YHR214C-B,0,-5.500856,0.13155515491962433,0.8730000257492065,0.5763000249862671
YMR109W,YDR328C,1,-5.501062,0.1316860020160675,0.8740000128746033,0.5763000249862671
YOL090W,YNL332W,0,-5.5014014,0.1316661685705185,0.8740000128746033,0.5763999819755554
YHR043C,YCL054W,0,-5.5014977,0.13164633512496948,0.8740000128746033,0.5764999985694885
YLR114C,YLR141W,0,-5.5016313,0.13162650167942047,0.8740000128746033,0.5766000151634216
YOL130W,YGL099W,0,-5.502092,0.13160668313503265,0.8740000128746033,0.57669997215271
YKL182W,YOR171C,0,-5.5021763,0.13158686459064484,0.8740000128746033,0.5767999887466431
YNL327W,YER008C,1,-5.5023212,0.13171759247779846,0.875,0.5767999887466431
YIL009W,YOR130C,0,-5.502431,0.13169777393341064,0.875,0.5769000053405762
YJL128C,YPL274W,0,-5.5024495,0.13167795538902283,0.875,0.5770000219345093
YNL271C,YGR041W,1,-5.5024705,0.13180860877037048,0.8759999871253967,0.5770000219345093
YFR002W,YKL086W,0,-5.502541,0.13178877532482147,0.8759999871253967,0.5770999789237976
YPL029W,YPR016C,0,-5.5026226,0.13176895678043365,0.8759999871253967,0.5771999955177307
YDR298C,YOR035C,0,-5.502837,0.13174913823604584,0.8759999871253967,0.5773000121116638
YLR067C,YOR367W,0,-5.503056,0.13172931969165802,0.8759999871253967,0.5774000287055969
YPL048W,YNL064C,0,-5.5032773,0.1317095160484314,0.8759999871253967,0.5774999856948853
YMR138W,YKL080W,0,-5.5032897,0.13168971240520477,0.8759999871253967,0.5776000022888184
YBR008C,YER162C,0,-5.503881,0.13166992366313934,0.8759999871253967,0.5777000188827515
YLR195C,YLL017W,0,-5.5045547,0.1316501349210739,0.8759999871253967,0.5777999758720398
YLR433C,YFL018C,0,-5.504805,0.13163034617900848,0.8759999871253967,0.5778999924659729
YLR353W,YNR067C,1,-5.5048757,0.13176082074642181,0.8769999742507935,0.5778999924659729
YLR431C,YDR361C,0,-5.505236,0.1317410171031952,0.8769999742507935,0.578000009059906
YNL130C,YBR196C,0,-5.5052657,0.13172124326229095,0.8769999742507935,0.5781000256538391
YMR021C,YAR033W,0,-5.505315,0.13170145452022552,0.8769999742507935,0.5781999826431274
YDL033C,YOL124C,0,-5.5056806,0.1316816806793213,0.8769999742507935,0.5782999992370605
YGR246C,YAR033W,0,-5.5057445,0.13166190683841705,0.8769999742507935,0.5784000158309937
YJL034W,YDR300C,0,-5.5058208,0.131642147898674,0.8769999742507935,0.578499972820282
YNL323W,YLR447C,0,-5.505835,0.13162238895893097,0.8769999742507935,0.5785999894142151
YLL018C-A,YBR161W,0,-5.5058866,0.13160264492034912,0.8769999742507935,0.5787000060081482
YOR284W,YJR131W,0,-5.5063663,0.13158290088176727,0.8769999742507935,0.5788000226020813
YMR275C,YAL005C,0,-5.5065184,0.13156315684318542,0.8769999742507935,0.5788999795913696
YMR246W,YBR154C,0,-5.5068283,0.13154342770576477,0.8769999742507935,0.5789999961853027
YDL181W,YHR124W,0,-5.506901,0.13152369856834412,0.8769999742507935,0.5791000127792358
YBR020W,YMR293C,0,-5.506994,0.13150396943092346,0.8769999742507935,0.579200029373169
YJR140C,YPR163C,0,-5.5071454,0.131484255194664,0.8769999742507935,0.5792999863624573
YNL327W,YNL154C,1,-5.507158,0.13161444664001465,0.878000020980835,0.5792999863624573
YMR276W,YMR283C,0,-5.5072227,0.131594717502594,0.878000020980835,0.5794000029563904
YDR378C,YDL064W,0,-5.5072947,0.13157500326633453,0.878000020980835,0.5795000195503235
YGL016W,YIL114C,0,-5.5073104,0.13155528903007507,0.878000020980835,0.5795999765396118
YNL159C,YPL258C,0,-5.507486,0.1315355747938156,0.878000020980835,0.5796999931335449
YOL051W,YMR161W,0,-5.508084,0.13151587545871735,0.878000020980835,0.579800009727478
YDR040C,YGR033C,0,-5.5081162,0.13149617612361908,0.878000020980835,0.5799000263214111
YMR199W,YNL299W,0,-5.508235,0.131476491689682,0.878000020980835,0.5799999833106995
YJR069C,YER075C,0,-5.508579,0.13145680725574493,0.878000020980835,0.5800999999046326
YOL008W,YGR192C,0,-5.508921,0.13143712282180786,0.878000020980835,0.5802000164985657
YEL027W,YAL010C,0,-5.509087,0.13141745328903198,0.878000020980835,0.580299973487854
YJR050W,YHR030C,0,-5.5092463,0.1313977837562561,0.878000020980835,0.5803999900817871
YPR138C,YDR346C,0,-5.5094957,0.13137812912464142,0.878000020980835,0.5805000066757202
YDL175C,YHR008C,0,-5.5095057,0.13135847449302673,0.878000020980835,0.5806000232696533
YBL098W,YNR034W,0,-5.5097446,0.13133881986141205,0.878000020980835,0.5806999802589417
YIL124W,YPL283C,0,-5.5098453,0.13131918013095856,0.878000020980835,0.5807999968528748
YMR033W,YHR006W,0,-5.5102596,0.13129954040050507,0.878000020980835,0.5809000134468079
YDR411C,YPR072W,0,-5.5102735,0.13127990067005157,0.878000020980835,0.5809999704360962
YHL040C,YHR001W,0,-5.5103655,0.13126027584075928,0.878000020980835,0.5810999870300293
YBL003C,YAL015C,0,-5.511169,0.13124065101146698,0.878000020980835,0.5812000036239624
YBR278W,YEL051W,0,-5.5113125,0.13122104108333588,0.878000020980835,0.5813000202178955
YDR238C,YNL047C,0,-5.5115466,0.13120143115520477,0.878000020980835,0.5813999772071838
YOR191W,YKL099C,0,-5.511665,0.13118183612823486,0.878000020980835,0.5814999938011169
YOR080W,YNL103W,0,-5.511906,0.13116224110126495,0.878000020980835,0.58160001039505
YGL252C,YDL112W,0,-5.5119433,0.13114264607429504,0.878000020980835,0.5817000269889832
YDR096W,YMR073C,0,-5.512026,0.13112306594848633,0.878000020980835,0.5817999839782715
YDR446W,YER007W,0,-5.512056,0.1311034858226776,0.878000020980835,0.5819000005722046
YCR088W,YKL064W,0,-5.5123553,0.1310839056968689,0.878000020980835,0.5820000171661377
YDR098C,YDR477W,0,-5.512395,0.13106434047222137,0.878000020980835,0.582099974155426
YDR153C,YHR062C,0,-5.5125365,0.13104477524757385,0.878000020980835,0.5821999907493591
YGR218W,YMR016C,0,-5.513061,0.13102522492408752,0.878000020980835,0.5823000073432922
YGL256W,YAL022C,0,-5.513077,0.1310056746006012,0.878000020980835,0.5824000239372253
YJR069C,YMR043W,0,-5.513348,0.13098612427711487,0.878000020980835,0.5824999809265137
YPL040C,YGL124C,0,-5.513352,0.13096658885478973,0.878000020980835,0.5825999975204468
YLR117C,YJL117W,0,-5.5133824,0.1309470534324646,0.878000020980835,0.5827000141143799
YDL069C,YNL037C,0,-5.5134273,0.13092753291130066,0.878000020980835,0.5827999711036682
YKL160W,YHR081W,0,-5.513641,0.13090801239013672,0.878000020980835,0.5828999876976013
YDR386W,YJL045W,0,-5.51368,0.13088849186897278,0.878000020980835,0.5830000042915344
YML086C,YDR411C,0,-5.513739,0.13086898624897003,0.878000020980835,0.5831000208854675
YGR113W,YBR012W-A,0,-5.5138683,0.13084948062896729,0.878000020980835,0.5831999778747559
YPR183W,YDL019C,0,-5.514211,0.13082997500896454,0.878000020980835,0.583299994468689
YAL041W,YGR010W,0,-5.514232,0.13081048429012299,0.878000020980835,0.5834000110626221
YLR266C,YJL191W,0,-5.5142627,0.13079100847244263,0.878000020980835,0.5835000276565552
YIL118W,YOL091W,0,-5.5145125,0.13077151775360107,0.878000020980835,0.5835999846458435
YER146W,YOR361C,0,-5.514671,0.13075204193592072,0.878000020980835,0.5837000012397766
YFR046C,YHR048W,0,-5.514789,0.13073258101940155,0.878000020980835,0.5838000178337097
YMR164C,YBL103C,0,-5.5149994,0.13071312010288239,0.878000020980835,0.583899974822998
YJR089W,YMR312W,0,-5.5152726,0.13069365918636322,0.878000020980835,0.5839999914169312
YOL088C,YIL030C,0,-5.515886,0.13067421317100525,0.878000020980835,0.5841000080108643
YLR153C,YGL095C,0,-5.5161233,0.13065476715564728,0.878000020980835,0.5842000246047974
YJL111W,YGR296W,0,-5.516286,0.1306353211402893,0.878000020980835,0.5842999815940857
YIL112W,YGR276C,0,-5.517162,0.13061589002609253,0.878000020980835,0.5843999981880188
YLR231C,YNL136W,0,-5.5173573,0.13059645891189575,0.878000020980835,0.5845000147819519
YIL037C,YGL058W,0,-5.5173583,0.13057704269886017,0.878000020980835,0.5845999717712402
YDR166C,YNL154C,1,-5.517486,0.130706325173378,0.8790000081062317,0.5845999717712402
YNL220W,YBL033C,0,-5.517596,0.1306868940591812,0.8790000081062317,0.5846999883651733
YLR270W,YBL100W-B,0,-5.517826,0.13066746294498444,0.8790000081062317,0.5848000049591064
YGL048C,YPL163C,0,-5.5179334,0.13064803183078766,0.8790000081062317,0.5849000215530396
YML031W,YCL054W,0,-5.517987,0.13062861561775208,0.8790000081062317,0.5849999785423279
YNL258C,YNL323W,0,-5.518338,0.13060921430587769,0.8790000081062317,0.585099995136261
YMR225C,YAR033W,0,-5.5183406,0.1305898129940033,0.8790000081062317,0.5852000117301941
YNL293W,YFL003C,0,-5.5184064,0.1305704116821289,0.8790000081062317,0.5853000283241272
YPL060W,YKR079C,0,-5.518622,0.13055101037025452,0.8790000081062317,0.5853999853134155
YKL160W,YER007W,0,-5.518675,0.13053162395954132,0.8790000081062317,0.5855000019073486
YDR214W,YER041W,0,-5.519587,0.13051225244998932,0.8790000081062317,0.5856000185012817
YOR232W,YFL003C,0,-5.519792,0.13049288094043732,0.8790000081062317,0.5856999754905701
YFL011W,YPL016W,0,-5.519954,0.13047350943088531,0.8790000081062317,0.5857999920845032
YML008C,YDR343C,0,-5.520061,0.1304541379213333,0.8790000081062317,0.5859000086784363
YMR199W,YKL074C,0,-5.520108,0.1304347813129425,0.8790000081062317,0.5860000252723694
YEL018W,YMR167W,0,-5.52021,0.1304154247045517,0.8790000081062317,0.5860999822616577
YPR187W,YDR218C,0,-5.5202327,0.13039608299732208,0.8790000081062317,0.5861999988555908
YLR011W,YDL064W,0,-5.5204053,0.13037674129009247,0.8790000081062317,0.5863000154495239
YER065C,YJL059W,0,-5.5205503,0.13035741448402405,0.8790000081062317,0.5863999724388123
YDR424C,YML008C,0,-5.5209985,0.13033807277679443,0.8790000081062317,0.5864999890327454
YKR008W,YMR216C,0,-5.521038,0.1303187608718872,0.8790000081062317,0.5866000056266785
YMR014W,YCR055C,1,-5.5210466,0.13044767081737518,0.8799999952316284,0.5866000056266785
YMR014W,YCR058C,1,-5.5210466,0.13057655096054077,0.8809999823570251,0.5866000056266785
YBL024W,YOL121C,0,-5.521127,0.13055720925331116,0.8809999823570251,0.5867000222206116
YJR160C,YMR210W,0,-5.5211325,0.13053785264492035,0.8809999823570251,0.5867999792098999
YPL118W,YER007W,0,-5.5212345,0.13051852583885193,0.8809999823570251,0.586899995803833
YPL086C,YNL262W,0,-5.521241,0.13049918413162231,0.8809999823570251,0.5870000123977661
YOR130C,YKR072C,0,-5.5215507,0.1304798573255539,0.8809999823570251,0.5871000289916992
YNL110C,YCR058C,1,-5.5217023,0.13060861825942993,0.8820000290870667,0.5871000289916992
YNL004W,YOR182C,0,-5.5217423,0.13058927655220032,0.8820000290870667,0.5871999859809875
YHR171W,YJL166W,0,-5.521957,0.1305699497461319,0.8820000290870667,0.5873000025749207
YGL119W,YLR141W,0,-5.5223546,0.13055062294006348,0.8820000290870667,0.5874000191688538
YPL283C,YLL056C,0,-5.522409,0.13053129613399506,0.8820000290870667,0.5874999761581421
YNL020C,YLR166C,1,-5.52281,0.13065995275974274,0.8830000162124634,0.5874999761581421
YDL074C,YIR019C,0,-5.5229325,0.13064062595367432,0.8830000162124634,0.5875999927520752
YNR035C,YKR063C,0,-5.523414,0.1306212991476059,0.8830000162124634,0.5877000093460083
YER149C,YOR301W,1,-5.5235457,0.1307498961687088,0.8840000033378601,0.5877000093460083
YPL170W,YLR318W,0,-5.523555,0.1307305544614792,0.8840000033378601,0.5878000259399414
YDR022C,YDR362C,0,-5.5235944,0.13071122765541077,0.8840000033378601,0.5878999829292297
YOR147W,YBR091C,0,-5.5236297,0.13069190084934235,0.8840000033378601,0.5879999995231628
YLR268W,YOR027W,0,-5.5236893,0.13067257404327393,0.8840000033378601,0.588100016117096
YJR083C,YMR096W,0,-5.5239143,0.1306532621383667,0.8840000033378601,0.5881999731063843
YER107C,YNL046W,0,-5.5239506,0.13063396513462067,0.8840000033378601,0.5882999897003174
YDL137W,YGL145W,0,-5.524103,0.13061465322971344,0.8840000033378601,0.5884000062942505
YFR008W,YLR263W,0,-5.524192,0.1305953562259674,0.8840000033378601,0.5885000228881836
YJL194W,YML027W,0,-5.524198,0.13057607412338257,0.8840000033378601,0.5885999798774719
YDR358W,YPL125W,0,-5.524333,0.13055679202079773,0.8840000033378601,0.588699996471405
YLR117C,YLL009C,0,-5.5243645,0.1305375099182129,0.8840000033378601,0.5888000130653381
YGL062W,YGL098W,0,-5.5247517,0.13051822781562805,0.8840000033378601,0.5889000296592712
YDR143C,YGL115W,0,-5.5248723,0.1304989606142044,0.8840000033378601,0.5889999866485596
YIL040W,YLR248W,0,-5.5250926,0.13047970831394196,0.8840000033378601,0.5891000032424927
YLR263W,YKL088W,0,-5.5253344,0.1304604560136795,0.8840000033378601,0.5892000198364258
YAL056W,YIL076W,0,-5.5258937,0.13044120371341705,0.8840000033378601,0.5892999768257141
YOR315W,YJR027W,0,-5.5259366,0.1304219514131546,0.8840000033378601,0.5893999934196472
YDR437W,YBR058C-A,0,-5.526376,0.13040271401405334,0.8840000033378601,0.5895000100135803
YBR160W,YHR001W,0,-5.5264053,0.1303834766149521,0.8840000033378601,0.5896000266075134
YDL126C,YLL017W,0,-5.5264354,0.13036425411701202,0.8840000033378601,0.5896999835968018
YNL111C,YGL167C,0,-5.5264444,0.13034503161907196,0.8840000033378601,0.5898000001907349
YLR318W,YMR088C,0,-5.5264544,0.1303258091211319,0.8840000033378601,0.589900016784668
YEL034W,YNL253W,0,-5.526503,0.13030660152435303,0.8840000033378601,0.5899999737739563
YKL182W,YPR140W,0,-5.5265126,0.13028739392757416,0.8840000033378601,0.5900999903678894
YIL004C,YMR283C,0,-5.526759,0.13026820123195648,0.8840000033378601,0.5902000069618225
YML081C-A,YJR078W,0,-5.5267797,0.1302490085363388,0.8840000033378601,0.5903000235557556
YLR242C,YER161C,0,-5.5275545,0.13022981584072113,0.8840000033378601,0.590399980545044
YEL029C,YMR014W,1,-5.527588,0.13035793602466583,0.8849999904632568,0.590399980545044
YPR137W,YDL038C,0,-5.527695,0.13033872842788696,0.8849999904632568,0.590499997138977
YDR098C,YPL016W,0,-5.528352,0.1303195357322693,0.8849999904632568,0.5906000137329102
YBL084C,YGL245W,0,-5.5283628,0.1303003579378128,0.8849999904632568,0.5906999707221985
YGR143W,YKL020C,0,-5.5283847,0.13028116524219513,0.8849999904632568,0.5907999873161316
YMR288W,YGR082W,0,-5.528499,0.13026200234889984,0.8849999904632568,0.5909000039100647
YBR132C,YDR270W,0,-5.528614,0.13024282455444336,0.8849999904632568,0.5910000205039978
YLR286C,YBR143C,1,-5.528621,0.13037081062793732,0.8859999775886536,0.5910000205039978
YGL155W,YOL133W,0,-5.52872,0.13035163283348083,0.8859999775886536,0.5910999774932861
YNL328C,YPL270W,0,-5.5287795,0.13033245503902435,0.8859999775886536,0.5911999940872192
YDL140C,YML064C,0,-5.5291677,0.13031327724456787,0.8859999775886536,0.5913000106811523
YIL026C,YDR165W,0,-5.5292115,0.13029411435127258,0.8859999775886536,0.5914000272750854
YFL057C,YMR006C,0,-5.529319,0.1302749663591385,0.8859999775886536,0.5914999842643738
YJL085W,YOR181W,1,-5.5294275,0.1304028183221817,0.8870000243186951,0.5914999842643738
YPL202C,YML049C,0,-5.5294976,0.1303836554288864,0.8870000243186951,0.5916000008583069
YDR375C,YBR165W,0,-5.5296025,0.13036449253559113,0.8870000243186951,0.59170001745224
YHL019C,YDL033C,0,-5.5297556,0.13034532964229584,0.8870000243186951,0.5917999744415283
YKR055W,YIL129C,0,-5.5301156,0.13032618165016174,0.8870000243186951,0.5918999910354614
YOL088C,YJL204C,0,-5.5302863,0.13030703365802765,0.8870000243186951,0.5920000076293945
YOR260W,YCR060W,0,-5.5303082,0.13028790056705475,0.8870000243186951,0.5921000242233276
YAR033W,YJL025W,0,-5.530479,0.13026876747608185,0.8870000243186951,0.592199981212616
YDR236C,YLR316C,0,-5.530536,0.13024963438510895,0.8870000243186951,0.5922999978065491
YNL286W,YOR274W,0,-5.5305476,0.13023051619529724,0.8870000243186951,0.5924000144004822
YOR367W,YDR353W,0,-5.5311255,0.13021139800548553,0.8870000243186951,0.5924999713897705
YJR160C,YLR382C,0,-5.531331,0.13019227981567383,0.8870000243186951,0.5925999879837036
YGR006W,YPR065W,0,-5.5314555,0.13017317652702332,0.8870000243186951,0.5927000045776367
YBR129C,YBR293W,0,-5.531708,0.1301540732383728,0.8870000243186951,0.5928000211715698
YEL071W,YOL128C,0,-5.5319467,0.1301349699497223,0.8870000243186951,0.5928999781608582
YHR191C,YNL311C,0,-5.5320487,0.13011588156223297,0.8870000243186951,0.5929999947547913
YER065C,YDL020C,0,-5.532252,0.13009680807590485,0.8870000243186951,0.5931000113487244
YMR056C,YPL026C,0,-5.5324883,0.13007771968841553,0.8870000243186951,0.5932000279426575
YIL117C,YOL124C,0,-5.5326047,0.1300586462020874,0.8870000243186951,0.5932999849319458
YDL243C,YOR036W,0,-5.5326533,0.13003958761692047,0.8870000243186951,0.5934000015258789
YKR036C,YHL006C,0,-5.5328493,0.13002052903175354,0.8870000243186951,0.593500018119812
YEL030W,YAL010C,0,-5.532947,0.1300014704465866,0.8870000243186951,0.5935999751091003
YJR150C,YPL133C,0,-5.5333076,0.12998241186141968,0.8870000243186951,0.5936999917030334
YMR153W,YCR060W,0,-5.53425,0.12996336817741394,0.8870000243186951,0.5938000082969666
YOR181W,YDR129C,1,-5.5343885,0.1300908327102661,0.8880000114440918,0.5938000082969666
YBR210W,YMR109W,1,-5.53441,0.1302182525396347,0.8889999985694885,0.5938000082969666
YDR314C,YLR448W,0,-5.534847,0.13019917905330658,0.8889999985694885,0.5939000248908997
YIL026C,YOL010W,0,-5.5349593,0.13018012046813965,0.8889999985694885,0.593999981880188
YPR178W,YMR308C,0,-5.535014,0.13016104698181152,0.8889999985694885,0.5940999984741211
YPR001W,YKR014C,0,-5.535284,0.1301420032978058,0.8889999985694885,0.5942000150680542
YJL148W,YJL139C,0,-5.5353665,0.13012294471263885,0.8889999985694885,0.5942999720573425
YJL050W,YLR141W,0,-5.535574,0.13010390102863312,0.8889999985694885,0.5943999886512756
YLR304C,YPL244C,0,-5.5358663,0.13008487224578857,0.8889999985694885,0.5945000052452087
YMR116C,YMR235C,0,-5.535915,0.13006584346294403,0.8889999985694885,0.5946000218391418
YDR418W,YPL131W,0,-5.5359707,0.1300468146800995,0.8889999985694885,0.5946999788284302
YDR036C,YPL031C,0,-5.536009,0.13002778589725494,0.8889999985694885,0.5947999954223633
YDR335W,YNL330C,0,-5.536077,0.1300087720155716,0.8889999985694885,0.5949000120162964
YLR207W,YMR005W,0,-5.5363746,0.12998975813388824,0.8889999985694885,0.5950000286102295
YGL255W,YAR009C,0,-5.5367165,0.1299707591533661,0.8889999985694885,0.5950999855995178
YCR075C,YFL003C,0,-5.53696,0.12995176017284393,0.8889999985694885,0.5952000021934509
YPR001W,YHR116W,0,-5.5369935,0.12993276119232178,0.8889999985694885,0.595300018787384
YBR164C,YCR106W,0,-5.537104,0.12991377711296082,0.8889999985694885,0.5953999757766724
YEL018W,YOR193W,0,-5.5373826,0.12989479303359985,0.8889999985694885,0.5954999923706055
YCR008W,YIL073C,0,-5.5376625,0.12987582385540009,0.8889999985694885,0.5956000089645386
YNL223W,YDR077W,0,-5.5383954,0.12985685467720032,0.8889999985694885,0.5957000255584717
YAL022C,YOR025W,0,-5.538407,0.12983788549900055,0.8889999985694885,0.59579998254776
YLR116W,YJR068W,0,-5.5385284,0.12981893122196198,0.8889999985694885,0.5958999991416931
YLR006C,YPR016C,0,-5.538837,0.1297999769449234,0.8889999985694885,0.5960000157356262
YLR215C,YML014W,0,-5.5395207,0.12978102266788483,0.8889999985694885,0.5960999727249146
YDR116C,YER082C,0,-5.540231,0.12976208329200745,0.8889999985694885,0.5961999893188477
YMR240C,YOR008C,0,-5.540458,0.12974314391613007,0.8889999985694885,0.5963000059127808
YGL092W,YDR091C,0,-5.5406146,0.12972420454025269,0.8889999985694885,0.5964000225067139
YHR081W,YGR094W,0,-5.540747,0.1297052800655365,0.8889999985694885,0.5964999794960022
YPL194W,YJL166W,0,-5.5408235,0.1296863555908203,0.8889999985694885,0.5965999960899353
YFL024C,YDR318W,0,-5.5409837,0.12966744601726532,0.8889999985694885,0.5967000126838684
YNR072W,YDR322C-A,0,-5.541321,0.12964853644371033,0.8889999985694885,0.5968000292778015
YNL294C,YDR240C,0,-5.5414605,0.12962962687015533,0.8889999985694885,0.5968999862670898
YPR037C,YLR193C,0,-5.5415673,0.12961073219776154,0.8889999985694885,0.597000002861023
YPL048W,YKL176C,0,-5.5416236,0.12959183752536774,0.8889999985694885,0.597100019454956
YPL156C,YIL029C,0,-5.5417514,0.12957294285297394,0.8889999985694885,0.5971999764442444
YFR041C,YGL030W,0,-5.5418983,0.12955406308174133,0.8889999985694885,0.5972999930381775
YGL223C,YDR335W,0,-5.5419106,0.12953518331050873,0.8889999985694885,0.5974000096321106
YIL030C,YJL141C,0,-5.5422854,0.12951631844043732,0.8889999985694885,0.5975000262260437
YPL075W,YDR443C,0,-5.543159,0.1294974535703659,0.8889999985694885,0.597599983215332
YLR259C,YBR060C,0,-5.5431848,0.1294785887002945,0.8889999985694885,0.5976999998092651
YDR216W,YOR056C,0,-5.543264,0.12945973873138428,0.8889999985694885,0.5978000164031982
YGL032C,YMR208W,0,-5.5436215,0.12944088876247406,0.8889999985694885,0.5978999733924866
YHR079C-B,YJR004C,0,-5.5438423,0.12942203879356384,0.8889999985694885,0.5979999899864197
YOR095C,YOR064C,0,-5.543857,0.12940320372581482,0.8889999985694885,0.5981000065803528
YGL194C,YNR015W,0,-5.5443044,0.1293843686580658,0.8889999985694885,0.5982000231742859
YGR261C,YER038C,0,-5.544333,0.12936554849147797,0.8889999985694885,0.5982999801635742
YEL061C,YGR118W,0,-5.544539,0.12934671342372894,0.8889999985694885,0.5983999967575073
YKL085W,YOL038W,0,-5.5446143,0.1293279081583023,0.8889999985694885,0.5985000133514404
YMR091C,YER018C,0,-5.5448775,0.12930908799171448,0.8889999985694885,0.5985999703407288
YPR037C,YDL229W,0,-5.5448804,0.12929028272628784,0.8889999985694885,0.5986999869346619
YPL190C,YGL135W,0,-5.5449977,0.1292714774608612,0.8889999985694885,0.598800003528595
YMR231W,YBR250W,0,-5.5450416,0.12925268709659576,0.8889999985694885,0.5989000201225281
YDR218C,YBR081C,0,-5.545047,0.12923389673233032,0.8889999985694885,0.5989999771118164
YBR042C,YML113W,0,-5.545339,0.12921512126922607,0.8889999985694885,0.5990999937057495
YKL129C,YGR152C,1,-5.545444,0.12934166193008423,0.8899999856948853,0.5990999937057495
YHR115C,YLR060W,0,-5.5457172,0.1293228715658188,0.8899999856948853,0.5992000102996826
YMR287C,YMR015C,0,-5.545741,0.12930408120155334,0.8899999856948853,0.5993000268936157
YDR263C,YKL186C,0,-5.546083,0.1292853057384491,0.8899999856948853,0.599399983882904
YNL084C,YNL110C,1,-5.5461187,0.12941177189350128,0.890999972820282,0.599399983882904
YDR085C,YLR335W,0,-5.5462117,0.12939296662807465,0.890999972820282,0.5995000004768372
YPL101W,YJR091C,0,-5.546635,0.1293741762638092,0.890999972820282,0.5996000170707703
YGL245W,YDR416W,0,-5.5475307,0.12935540080070496,0.890999972820282,0.5996999740600586
YER177W,YBR161W,0,-5.5477643,0.1293366253376007,0.890999972820282,0.5997999906539917
YPR020W,YPL031C,0,-5.5478997,0.12931784987449646,0.890999972820282,0.5999000072479248
YIL132C,YLR347C,0,-5.5479903,0.1292990893125534,0.890999972820282,0.6000000238418579
YBR092C,YDR013W,0,-5.548021,0.12928032875061035,0.890999972820282,0.6000999808311462
YIR022W,YNL334C,0,-5.5486417,0.1292615681886673,0.890999972820282,0.6001999974250793
YJR082C,YPR052C,0,-5.548857,0.12924282252788544,0.890999972820282,0.6003000140190125
YGR157W,YDR277C,0,-5.5490937,0.12922407686710358,0.890999972820282,0.6003999710083008
YDL083C,YDR325W,0,-5.5491476,0.12920533120632172,0.890999972820282,0.6004999876022339
YHR169W,YKL195W,0,-5.5496297,0.12918660044670105,0.890999972820282,0.600600004196167
YMR301C,YDL078C,0,-5.549668,0.12916786968708038,0.890999972820282,0.6007000207901001
YGL236C,YDR028C,0,-5.5506234,0.1291491538286209,0.890999972820282,0.6007999777793884
YMR264W,YPL131W,0,-5.5507255,0.12913043797016144,0.890999972820282,0.6008999943733215
YOL135C,YDR486C,0,-5.5513797,0.12911172211170197,0.890999972820282,0.6010000109672546
YLL050C,YEL041W,0,-5.551766,0.1290930211544037,0.890999972820282,0.6011000275611877
YKR027W,YER177W,0,-5.55181,0.1290743201971054,0.890999972820282,0.6011999845504761
YCL012W,YIL095W,1,-5.552178,0.12920045852661133,0.8920000195503235,0.6011999845504761
YFL029C,YIR018W,0,-5.5525293,0.12918175756931305,0.8920000195503235,0.6013000011444092
YNL008C,YFL009W,0,-5.5525374,0.12916304171085358,0.8920000195503235,0.6014000177383423
YAL043C,YOR063W,0,-5.552698,0.1291443407535553,0.8920000195503235,0.6014999747276306
YIL072W,YHR062C,0,-5.5527887,0.1291256546974182,0.8920000195503235,0.6015999913215637
YAR018C,YPR100W,0,-5.553287,0.12910696864128113,0.8920000195503235,0.6017000079154968
YAL017W,YBL102W,0,-5.5533843,0.12908828258514404,0.8920000195503235,0.6018000245094299
YJL178C,YLR268W,0,-5.5537643,0.12906959652900696,0.8920000195503235,0.6018999814987183
YDR450W,YJR102C,0,-5.5538716,0.12905092537403107,0.8920000195503235,0.6019999980926514
YER020W,YDR260C,0,-5.554026,0.12903225421905518,0.8920000195503235,0.6021000146865845
YGL005C,YHR194W,0,-5.5542603,0.12901359796524048,0.8920000195503235,0.6021999716758728
YKL173W,YOR003W,0,-5.5544167,0.12899494171142578,0.8920000195503235,0.6022999882698059
YGR036C,YDR195W,0,-5.554463,0.12897628545761108,0.8920000195503235,0.602400004863739
YER075C,YPL087W,0,-5.554606,0.12895764410495758,0.8920000195503235,0.6025000214576721
YMR311C,YBL063W,0,-5.554787,0.12893900275230408,0.8920000195503235,0.6025999784469604
YMR049C,YML123C,0,-5.5548277,0.12892036139965057,0.8920000195503235,0.6026999950408936
YOR046C,YML107C,0,-5.554919,0.12890173494815826,0.8920000195503235,0.6028000116348267
YDL197C,YAR007C,0,-5.5549674,0.12888310849666595,0.8920000195503235,0.6029000282287598
YER008C,YNL243W,1,-5.555305,0.1290089637041092,0.8930000066757202,0.6029000282287598
YPL202C,YBL022C,0,-5.5560536,0.1289903223514557,0.8930000066757202,0.6029999852180481
YOL156W,YKL012W,0,-5.5561757,0.12897169589996338,0.8930000066757202,0.6031000018119812
YKL048C,YDR420W,1,-5.5564275,0.12909747660160065,0.8939999938011169,0.6031000018119812
YOR320C,YAL033W,0,-5.556787,0.12907883524894714,0.8939999938011169,0.6032000184059143
YAR019C,YJL085W,1,-5.5570397,0.12920455634593964,0.8949999809265137,0.6032000184059143
YOR039W,YDR243C,0,-5.557074,0.12918591499328613,0.8949999809265137,0.6032999753952026
YKL015W,YLL003W,0,-5.5573535,0.12916727364063263,0.8949999809265137,0.6033999919891357
YLR011W,YDR177W,0,-5.557378,0.12914863228797913,0.8949999809265137,0.6035000085830688
YOR198C,YCL054W,0,-5.5574956,0.12912999093532562,0.8949999809265137,0.603600025177002
YGR214W,YGL048C,0,-5.5576167,0.1291113644838333,0.8949999809265137,0.6036999821662903
YNL219C,YAL016W,0,-5.5581093,0.129092738032341,0.8949999809265137,0.6037999987602234
YLR098C,YER161C,0,-5.558735,0.1290741264820099,0.8949999809265137,0.6039000153541565
YML080W,YHR079C-A,0,-5.558838,0.12905551493167877,0.8949999809265137,0.6039999723434448
YPL076W,YKR031C,0,-5.558882,0.12903690338134766,0.8949999809265137,0.6040999889373779
YOR274W,YDL134C,0,-5.558898,0.12901830673217773,0.8949999809265137,0.604200005531311
YGL219C,YDR362C,0,-5.5590096,0.1289997100830078,0.8949999809265137,0.6043000221252441
YKL205W,YBL018C,0,-5.559483,0.12898112833499908,0.8949999809265137,0.6043999791145325
YGL174W,YDR328C,1,-5.559565,0.12910662591457367,0.8960000276565552,0.6043999791145325
YJR025C,YOL031C,0,-5.559586,0.12908802926540375,0.8960000276565552,0.6044999957084656
YER117W,YHR030C,0,-5.5602403,0.12906943261623383,0.8960000276565552,0.6046000123023987
YCL010C,YOL138C,0,-5.5606065,0.1290508359670639,0.8960000276565552,0.6047000288963318
YDR459C,YLR435W,0,-5.560642,0.12903225421905518,0.8960000276565552,0.6047999858856201
YML102W,YBL105C,0,-5.560866,0.12901367247104645,0.8960000276565552,0.6049000024795532
YJL210W,YDR451C,0,-5.561013,0.1289951056241989,0.8960000276565552,0.6050000190734863
YLR429W,YOR007C,0,-5.561114,0.12897653877735138,0.8960000276565552,0.6050999760627747
YDR363W,YNL241C,0,-5.561128,0.12895797193050385,0.8960000276565552,0.6051999926567078
YBR042C,YER111C,0,-5.561667,0.1289394199848175,0.8960000276565552,0.6053000092506409
YHR053C,YJL047C,0,-5.562306,0.12892086803913116,0.8960000276565552,0.605400025844574
YNL192W,YCR009C,1,-5.5623937,0.12904618680477142,0.8970000147819519,0.605400025844574
YMR199W,YNL044W,0,-5.562474,0.1290276199579239,0.8970000147819519,0.6054999828338623
YJL076W,YOR076C,0,-5.562753,0.12900906801223755,0.8970000147819519,0.6055999994277954
YNL003C,YOL127W,0,-5.5627713,0.1289905160665512,0.8970000147819519,0.6057000160217285
YLR206W,YLR116W,0,-5.5629344,0.12897196412086487,0.8970000147819519,0.6057999730110168
YCR039C,YKL020C,0,-5.5629992,0.12895342707633972,0.8970000147819519,0.60589998960495
YDR279W,YNL197C,0,-5.5630703,0.12893489003181458,0.8970000147819519,0.6060000061988831
YMR211W,YIL114C,0,-5.563375,0.12891635298728943,0.8970000147819519,0.6061000227928162
YOR257W,YBR175W,0,-5.5635037,0.12889783084392548,0.8970000147819519,0.6061999797821045
YDR345C,YER075C,0,-5.5635724,0.12887930870056152,0.8970000147819519,0.6062999963760376
YHR158C,YPL274W,0,-5.5639353,0.12886080145835876,0.8970000147819519,0.6064000129699707
YGL175C,YER041W,0,-5.564008,0.1288422793149948,0.8970000147819519,0.6065000295639038
YDL008W,YML065W,0,-5.5640464,0.12882378697395325,0.8970000147819519,0.6065999865531921
YAL056W,YOR056C,0,-5.5640774,0.1288052797317505,0.8970000147819519,0.6067000031471252
YLR382C,YGL226C-A,0,-5.5641174,0.12878678739070892,0.8970000147819519,0.6068000197410583
YNL230C,YKL088W,0,-5.56488,0.12876830995082855,0.8970000147819519,0.6068999767303467
YPR023C,YBR170C,0,-5.564905,0.128749817609787,0.8970000147819519,0.6069999933242798
YHR042W,YOR048C,0,-5.56504,0.12873134016990662,0.8970000147819519,0.6071000099182129
YJL090C,YDL087C,0,-5.5650954,0.12871287763118744,0.8970000147819519,0.607200026512146
YPR111W,YDL002C,0,-5.5651326,0.12869440019130707,0.8970000147819519,0.6072999835014343
YOL164W,YIL106W,0,-5.5652704,0.1286759376525879,0.8970000147819519,0.6074000000953674
YJR090C,YNL293W,0,-5.5652986,0.1286574900150299,0.8970000147819519,0.6075000166893005
YPL221W,YMR106C,0,-5.5658975,0.12863904237747192,0.8970000147819519,0.6075999736785889
YER106W,YAL001C,0,-5.566192,0.12862059473991394,0.8970000147819519,0.607699990272522
YNL281W,YJL069C,0,-5.566729,0.12860214710235596,0.8970000147819519,0.6078000068664551
YPR111W,YMR311C,0,-5.5668197,0.12858371436595917,0.8970000147819519,0.6079000234603882
YOL164W,YER123W,0,-5.5668874,0.12856528162956238,0.8970000147819519,0.6079999804496765
YLR078C,YMR140W,0,-5.567731,0.12854686379432678,0.8970000147819519,0.6080999970436096
YGR060W,YKL117W,0,-5.567752,0.1285284459590912,0.8970000147819519,0.6082000136375427
YDR343C,YBR228W,0,-5.5677776,0.1285100281238556,0.8970000147819519,0.608299970626831
YBR089C-A,YER117W,0,-5.568072,0.1284916251897812,0.8970000147819519,0.6083999872207642
YHL019C,YML047C,0,-5.568103,0.1284732222557068,0.8970000147819519,0.6085000038146973
YIL038C,YPL130W,0,-5.568488,0.12845481932163239,0.8970000147819519,0.6086000204086304
YPR033C,YIL167W,0,-5.568499,0.12843643128871918,0.8970000147819519,0.6086999773979187
YPL126W,YLR176C,0,-5.5685377,0.12841804325580597,0.8970000147819519,0.6087999939918518
YDR158W,YKR020W,0,-5.5686235,0.12839965522289276,0.8970000147819519,0.6089000105857849
YDL029W,YJR028W,0,-5.568908,0.12838128209114075,0.8970000147819519,0.609000027179718
YGL174W,YOR181W,1,-5.5692496,0.12850600481033325,0.8980000019073486,0.609000027179718
YER007W,YDR322C-A,0,-5.569324,0.12848761677742004,0.8980000019073486,0.6090999841690063
YER020W,YKL051W,0,-5.569654,0.12846924364566803,0.8980000019073486,0.6092000007629395
YDR251W,YDL135C,0,-5.569943,0.12845087051391602,0.8980000019073486,0.6093000173568726
YJR040W,YPR016C,0,-5.570465,0.128432497382164,0.8980000019073486,0.6093999743461609
YLR314C,YNL084C,1,-5.570824,0.12855713069438934,0.8989999890327454,0.6093999743461609
YOL009C,YDR150W,0,-5.5713654,0.12853874266147614,0.8989999890327454,0.609499990940094
YDL087C,YMR026C,0,-5.5713906,0.12852036952972412,0.8989999890327454,0.6096000075340271
YLR431C,YKL074C,0,-5.571444,0.1285019963979721,0.8989999890327454,0.6097000241279602
YLR381W,YML038C,0,-5.571688,0.1284836381673813,0.8989999890327454,0.6097999811172485
YKR027W,YGR013W,0,-5.571795,0.12846527993679047,0.8989999890327454,0.6098999977111816
YLL034C,YDL111C,0,-5.5719166,0.12844692170619965,0.8989999890327454,0.6100000143051147
YGR179C,YJL139C,0,-5.5719476,0.12842857837677002,0.8989999890327454,0.6100999712944031
YBR130C,YMR134W,0,-5.572143,0.1284102201461792,0.8989999890327454,0.6101999878883362
YDR375C,YER035W,0,-5.5722365,0.12839189171791077,0.8989999890327454,0.6103000044822693
YOR005C,YPL188W,0,-5.5723987,0.12837354838848114,0.8989999890327454,0.6104000210762024
YNL041C,YDR409W,0,-5.572906,0.1283552199602127,0.8989999890327454,0.6104999780654907
YBL006C,YHR091C,0,-5.5730176,0.12833690643310547,0.8989999890327454,0.6105999946594238
YNL021W,YPL156C,0,-5.5730553,0.12831857800483704,0.8989999890327454,0.6107000112533569
YOR380W,YOL066C,0,-5.573484,0.1283002644777298,0.8989999890327454,0.61080002784729
YIL103W,YGR060W,0,-5.5739055,0.12828196585178375,0.8989999890327454,0.6108999848365784
YJR063W,YOR229W,0,-5.5740542,0.1282636672258377,0.8989999890327454,0.6110000014305115
YML091C,YOL117W,0,-5.5742745,0.12824536859989166,0.8989999890327454,0.6111000180244446
YPL265W,YFR052W,0,-5.5747614,0.12822706997394562,0.8989999890327454,0.6111999750137329
YPL233W,YLL034C,0,-5.574933,0.12820878624916077,0.8989999890327454,0.611299991607666
YLR410W,YCL020W,0,-5.5750566,0.12819050252437592,0.8989999890327454,0.6114000082015991
YOR168W,YEL057C,0,-5.5750694,0.12817223370075226,0.8989999890327454,0.6115000247955322
YDL198C,YIL120W,0,-5.5750804,0.1281539499759674,0.8989999890327454,0.6115999817848206
YDR283C,YNL293W,0,-5.5754895,0.12813569605350494,0.8989999890327454,0.6116999983787537
YPL268W,YBL102W,0,-5.5759053,0.1281174272298813,0.8989999890327454,0.6118000149726868
YMR225C,YOR137C,0,-5.576192,0.12809917330741882,0.8989999890327454,0.6118999719619751
YLR368W,YAL017W,0,-5.576361,0.12808091938495636,0.8989999890327454,0.6119999885559082
YIL014W,YNL025C,0,-5.576394,0.1280626803636551,0.8989999890327454,0.6121000051498413
YKL101W,YPL082C,0,-5.5765557,0.12804444134235382,0.8989999890327454,0.6122000217437744
YJR084W,YGR060W,0,-5.5766387,0.12802620232105255,0.8989999890327454,0.6122999787330627
YOL026C,YMR229C,0,-5.576671,0.12800797820091248,0.8989999890327454,0.6123999953269958
YOL127W,YNL332W,0,-5.5767026,0.1279897540807724,0.8989999890327454,0.612500011920929
YHR194W,YGL014W,0,-5.576767,0.12797152996063232,0.8989999890327454,0.6126000285148621
YDL008W,YEL057C,0,-5.576797,0.12795332074165344,0.8989999890327454,0.6126999855041504
YFR048W,YNL138W,0,-5.5769706,0.12793511152267456,0.8989999890327454,0.6128000020980835
YDR118W,YOR088W,0,-5.577007,0.12791690230369568,0.8989999890327454,0.6129000186920166
YLR103C,YCR102C,0,-5.57703,0.127898707985878,0.8989999890327454,0.6129999756813049
YIL084C,YHR167W,0,-5.577215,0.1278805136680603,0.8989999890327454,0.613099992275238
YGL175C,YIL105C,0,-5.5772157,0.12786231935024261,0.8989999890327454,0.6132000088691711
YDR046C,YDR487C,0,-5.5775566,0.12784413993358612,0.8989999890327454,0.6133000254631042
YKL053C-A,YGL111W,0,-5.57812,0.12782596051692963,0.8989999890327454,0.6133999824523926
YMR177W,YPR095C,0,-5.5781693,0.12780779600143433,0.8989999890327454,0.6134999990463257
YLR109W,YIL039W,0,-5.578247,0.12778961658477783,0.8989999890327454,0.6136000156402588
YMR072W,YKL205W,0,-5.5784845,0.12777146697044373,0.8989999890327454,0.6136999726295471
YPR002W,YPR173C,0,-5.5785995,0.12775330245494843,0.8989999890327454,0.6137999892234802
YPL046C,YKL045W,0,-5.578637,0.12773515284061432,0.8989999890327454,0.6139000058174133
YNL227C,YLR417W,0,-5.5787396,0.1277170032262802,0.8989999890327454,0.6140000224113464
YPL046C,YGR028W,0,-5.579135,0.1276988685131073,0.8989999890327454,0.6140999794006348
YKL152C,YGR048W,0,-5.5792737,0.1276807337999344,0.8989999890327454,0.6141999959945679
YDL079C,YDR335W,0,-5.579381,0.12766259908676147,0.8989999890327454,0.614300012588501
YKL004W,YOR266W,0,-5.5797715,0.12764446437358856,0.8989999890327454,0.6144000291824341
YML102W,YLR372W,0,-5.5798435,0.12762634456157684,0.8989999890327454,0.6144999861717224
YLR066W,YJR009C,0,-5.579889,0.12760823965072632,0.8989999890327454,0.6146000027656555
YMR224C,YLR043C,0,-5.580393,0.1275901198387146,0.8989999890327454,0.6147000193595886
YOR048C,YPL026C,0,-5.5810513,0.12757201492786407,0.8989999890327454,0.614799976348877
YJR090C,YPL031C,0,-5.5815034,0.12755391001701355,0.8989999890327454,0.6148999929428101
YGR028W,YKL178C,0,-5.581624,0.12753582000732422,0.8989999890327454,0.6150000095367432
YDR097C,YOR287C,0,-5.582169,0.1275177299976349,0.8989999890327454,0.6151000261306763
YGR267C,YDL081C,0,-5.5822215,0.12749963998794556,0.8989999890327454,0.6151999831199646
YGR222W,YIL122W,0,-5.5822906,0.12748156487941742,0.8989999890327454,0.6152999997138977
YOR181W,YLR166C,1,-5.582351,0.12760527431964874,0.8999999761581421,0.6152999997138977
YMR287C,YLR424W,0,-5.5826707,0.1275871843099594,0.8999999761581421,0.6154000163078308
YLR380W,YLR260W,0,-5.582892,0.12756909430027008,0.8999999761581421,0.6154999732971191
YMR164C,YLR350W,0,-5.582976,0.12755101919174194,0.8999999761581421,0.6155999898910522
YLR056W,YPR005C,0,-5.583123,0.1275329440832138,0.8999999761581421,0.6157000064849854
YDR268W,YOR243C,0,-5.583492,0.12751488387584686,0.8999999761581421,0.6158000230789185
YKL139W,YDL055C,0,-5.583556,0.12749680876731873,0.8999999761581421,0.6158999800682068
YIR010W,YER042W,0,-5.5835814,0.12747874855995178,0.8999999761581421,0.6159999966621399
YDR388W,YDL225W,1,-5.5836787,0.12760232388973236,0.9010000228881836,0.6159999966621399
YEL036C,YGL062W,0,-5.584351,0.12758424878120422,0.9010000228881836,0.616100013256073
YBR020W,YPR065W,0,-5.584782,0.12756618857383728,0.9010000228881836,0.6161999702453613
YNL251C,YJR046W,0,-5.585325,0.12754812836647034,0.9010000228881836,0.6162999868392944
YPL069C,YJR017C,0,-5.585336,0.1275300830602646,0.9010000228881836,0.6164000034332275
YPL241C,YDR036C,0,-5.585501,0.12751202285289764,0.9010000228881836,0.6165000200271606
YNL097C,YPL031C,0,-5.5857306,0.1274939924478531,0.9010000228881836,0.616599977016449
YPL069C,YIL084C,0,-5.5857797,0.12747594714164734,0.9010000228881836,0.6166999936103821
YGR028W,YDR329C,0,-5.5858765,0.12745791673660278,0.9010000228881836,0.6168000102043152
YOR188W,YML027W,0,-5.585877,0.12743988633155823,0.9010000228881836,0.6169000267982483
YNR038W,YML058W-A,0,-5.586303,0.12742187082767487,0.9010000228881836,0.6169999837875366
YDL029W,YGL098W,0,-5.586777,0.1274038404226303,0.9010000228881836,0.6171000003814697
YIL030C,YGL249W,0,-5.586929,0.12738583981990814,0.9010000228881836,0.6172000169754028
YDL149W,YMR137C,0,-5.5869365,0.12736782431602478,0.9010000228881836,0.6172999739646912
YBR158W,YMR202W,0,-5.58711,0.1273498237133026,0.9010000228881836,0.6173999905586243
YCR086W,YGL087C,0,-5.5873876,0.12733182311058044,0.9010000228881836,0.6175000071525574
YML123C,YOR270C,0,-5.5874395,0.12731383740901947,0.9010000228881836,0.6176000237464905
YNL023C,YFL037W,0,-5.587622,0.1272958517074585,0.9010000228881836,0.6176999807357788
YJL115W,YLR219W,0,-5.5876937,0.12727786600589752,0.9010000228881836,0.6177999973297119
YML073C,YDR175C,0,-5.5877323,0.12725988030433655,0.9010000228881836,0.617900013923645
YHR081W,YOR356W,0,-5.5881367,0.12724190950393677,0.9010000228881836,0.6179999709129333
YBR102C,YMR013C,0,-5.5881853,0.12722395360469818,0.9010000228881836,0.6180999875068665
YHR114W,YOR132W,0,-5.5882564,0.1272059828042984,0.9010000228881836,0.6182000041007996
YMR238W,YDL090C,0,-5.588478,0.12718802690505981,0.9010000228881836,0.6183000206947327
YMR012W,YER003C,0,-5.588567,0.12717007100582123,0.9010000228881836,0.618399977684021
YCR075C,YKL053C-A,0,-5.5887837,0.12715213000774384,0.9010000228881836,0.6184999942779541
YDR211W,YDR317W,0,-5.5888224,0.12713418900966644,0.9010000228881836,0.6186000108718872
YHR175W,YNL279W,0,-5.5888543,0.12711624801158905,0.9010000228881836,0.6187000274658203
YLR117C,YNL054W,0,-5.5890374,0.12709832191467285,0.9010000228881836,0.6187999844551086
YOL127W,YGR185C,0,-5.589454,0.12708039581775665,0.9010000228881836,0.6189000010490417
YLR116W,YPL012W,0,-5.589558,0.12706246972084045,0.9010000228881836,0.6190000176429749
YEL017C-A,YGL063W,0,-5.589598,0.12704455852508545,0.9010000228881836,0.6190999746322632
YOR377W,YBR050C,0,-5.5898843,0.12702664732933044,0.9010000228881836,0.6191999912261963
YIL037C,YGL100W,0,-5.590456,0.12700873613357544,0.9010000228881836,0.6193000078201294
YOR373W,YNL054W,0,-5.5912786,0.12699083983898163,0.9010000228881836,0.6194000244140625
YHR096C,YKR095W,0,-5.5913405,0.12697294354438782,0.9010000228881836,0.6194999814033508
YPL195W,YNL332W,0,-5.5916324,0.126955047249794,0.9010000228881836,0.6195999979972839
YMR319C,YDR235W,0,-5.5920725,0.1269371658563614,0.9010000228881836,0.619700014591217
YNL138W,YDR312W,0,-5.592292,0.12691928446292877,0.9010000228881836,0.6197999715805054
YMR038C,YGR128C,0,-5.5923667,0.12690140306949615,0.9010000228881836,0.6198999881744385
YOR362C,YNL229C,0,-5.5924687,0.12688353657722473,0.9010000228881836,0.6200000047683716
YHR036W,YGL005C,0,-5.593023,0.1268656700849533,0.9010000228881836,0.6201000213623047
YIL009W,YOL138C,0,-5.593415,0.12684780359268188,0.9010000228881836,0.620199978351593
YNL136W,YIL120W,0,-5.5936856,0.12682995200157166,0.9010000228881836,0.6202999949455261
YDR091C,YHR181W,0,-5.5945764,0.12681210041046143,0.9010000228881836,0.6204000115394592
YJR031C,YLR003C,0,-5.594932,0.1267942637205124,0.9010000228881836,0.6205000281333923
YNL253W,YDR002W,0,-5.5953593,0.12677641212940216,0.9010000228881836,0.6205999851226807
YJL178C,YMR162C,0,-5.5953937,0.12675857543945312,0.9010000228881836,0.6207000017166138
YKL182W,YOR232W,0,-5.595918,0.12674075365066528,0.9010000228881836,0.6208000183105469
YDR376W,YLR254C,0,-5.5960507,0.12672293186187744,0.9010000228881836,0.6208999752998352
YKL220C,YHR082C,0,-5.5962157,0.1267051100730896,0.9010000228881836,0.6209999918937683
YJL178C,YDR143C,0,-5.5962205,0.12668728828430176,0.9010000228881836,0.6211000084877014
YBR068C,YDR473C,0,-5.5962377,0.1266694813966751,0.9010000228881836,0.6212000250816345
YDR345C,YDR532C,0,-5.5963035,0.12665167450904846,0.9010000228881836,0.6212999820709229
YJR118C,YBR280C,0,-5.5964303,0.12663386762142181,0.9010000228881836,0.621399998664856
YGR055W,YLR272C,0,-5.5968833,0.12661607563495636,0.9010000228881836,0.6215000152587891
YLR380W,YKL018W,0,-5.5972266,0.1265982836484909,0.9010000228881836,0.6215999722480774
YJL100W,YDR379W,0,-5.597322,0.12658050656318665,0.9010000228881836,0.6216999888420105
YAR019C,YDL117W,1,-5.597362,0.1267031878232956,0.9020000100135803,0.6216999888420105
YHR148W,YML098W,0,-5.59745,0.12668539583683014,0.9020000100135803,0.6218000054359436
YOR377W,YGL122C,0,-5.597501,0.12666760385036469,0.9020000100135803,0.6219000220298767
YDL002C,YOL055C,0,-5.597518,0.12664981186389923,0.9020000100135803,0.621999979019165
YJR017C,YGL004C,0,-5.597676,0.12663203477859497,0.9020000100135803,0.6220999956130981
YKL035W,YOR332W,0,-5.5978684,0.1266142576932907,0.9020000100135803,0.6222000122070312
YBR009C,YNL117W,0,-5.59794,0.12659649550914764,0.9020000100135803,0.6223000288009644
YER068W,YDR178W,0,-5.5981345,0.12657871842384338,0.9020000100135803,0.6223999857902527
YDR424C,YGL084C,0,-5.598246,0.1265609711408615,0.9020000100135803,0.6225000023841858
YML008C,YPR178W,0,-5.598288,0.12654320895671844,0.9020000100135803,0.6226000189781189
YDR312W,YDR341C,0,-5.5984855,0.12652546167373657,0.9020000100135803,0.6226999759674072
YHR068W,YPR165W,0,-5.59906,0.1265077143907547,0.9020000100135803,0.6227999925613403
YNL164C,YOR334W,0,-5.5996447,0.12648996710777283,0.9020000100135803,0.6229000091552734
YPR065W,YDR495C,0,-5.599729,0.12647223472595215,0.9020000100135803,0.6230000257492065
YAL012W,YGR128C,0,-5.599871,0.12645450234413147,0.9020000100135803,0.6230999827384949
YNL223W,YPR019W,0,-5.5999007,0.12643678486347198,0.9020000100135803,0.623199999332428
YNL219C,YDR451C,0,-5.5999265,0.1264190673828125,0.9020000100135803,0.6233000159263611
YJL178C,YKL055C,0,-5.6002254,0.12640134990215302,0.9020000100135803,0.6233999729156494
YMR283C,YDR409W,0,-5.6006594,0.12638363242149353,0.9020000100135803,0.6234999895095825
YOR266W,YHR006W,0,-5.600667,0.12636592984199524,0.9020000100135803,0.6236000061035156
YFL016C,YAL015C,0,-5.600674,0.12634822726249695,0.9020000100135803,0.6237000226974487
YAL035W,YHR197W,0,-5.6006894,0.12633053958415985,0.9020000100135803,0.6237999796867371
YMR240C,YER106W,0,-5.6009173,0.12631283700466156,0.9020000100135803,0.6238999962806702
YGL226C-A,YLR234W,0,-5.6011343,0.12629514932632446,0.9020000100135803,0.6240000128746033
YKL043W,YNL090W,0,-5.6012073,0.12627747654914856,0.9020000100135803,0.6241000294685364
YLR166C,YOL113W,1,-5.601293,0.12639977037906647,0.902999997138977,0.6241000294685364
YJL031C,YDL080C,0,-5.6013384,0.12638208270072937,0.902999997138977,0.6241999864578247
YKL194C,YGR186W,0,-5.601374,0.12636439502239227,0.902999997138977,0.6243000030517578
YNL166C,YOR181W,1,-5.6014423,0.1264866441488266,0.9039999842643738,0.6243000030517578
YER167W,YNL130C,0,-5.6014714,0.1264689415693283,0.9039999842643738,0.6244000196456909
YEL066W,YIL073C,0,-5.6015096,0.1264512538909912,0.9039999842643738,0.6244999766349792
YAL034W-A,YHR165C,0,-5.6015725,0.1264335662126541,0.9039999842643738,0.6245999932289124
YGL073W,YBR198C,0,-5.601644,0.12641587853431702,0.9039999842643738,0.6247000098228455
YBR274W,YMR156C,0,-5.601922,0.1263982057571411,0.9039999842643738,0.6248000264167786
YER106W,YGL257C,0,-5.601944,0.1263805329799652,0.9039999842643738,0.6248999834060669
YIL036W,YKL079W,0,-5.6019945,0.1263628751039505,0.9039999842643738,0.625
YDL115C,YGL039W,0,-5.602142,0.1263452172279358,0.9039999842643738,0.6251000165939331
YER073W,YDR337W,0,-5.602164,0.12632755935192108,0.9039999842643738,0.6251999735832214
YKL152C,YMR150C,0,-5.6021724,0.12630990147590637,0.9039999842643738,0.6252999901771545
YLR423C,YOR147W,0,-5.602326,0.12629225850105286,0.9039999842643738,0.6254000067710876
YLR085C,YMR281W,0,-5.6025057,0.12627461552619934,0.9039999842643738,0.6255000233650208
YAL007C,YJR027W,0,-5.602698,0.12625698745250702,0.9039999842643738,0.6255999803543091
YPL085W,YJR049C,0,-5.6027083,0.1262393593788147,0.9039999842643738,0.6256999969482422
YNL131W,YPL253C,0,-5.602746,0.12622173130512238,0.9039999842643738,0.6258000135421753
YFL021W,YOR226C,0,-5.6032796,0.12620410323143005,0.9039999842643738,0.6258999705314636
YDL232W,YOR018W,0,-5.603291,0.12618649005889893,0.9039999842643738,0.6259999871253967
YDR174W,YPR137W,0,-5.6034293,0.1261688768863678,0.9039999842643738,0.6261000037193298
YOR281C,YMR260C,0,-5.6034837,0.12615126371383667,0.9039999842643738,0.6262000203132629
YDR377W,YDL097C,0,-5.6038575,0.12613366544246674,0.9039999842643738,0.6262999773025513
YNR074C,YKL139W,0,-5.60403,0.1261160671710968,0.9039999842643738,0.6263999938964844
YER110C,YBR297W,0,-5.6040635,0.12609848380088806,0.9039999842643738,0.6265000104904175
YPL042C,YBR097W,0,-5.6041765,0.12608088552951813,0.9039999842643738,0.6266000270843506
YOL054W,YGL066W,0,-5.604211,0.12606331706047058,0.9039999842643738,0.6266999840736389
YLR353W,YPR188C,1,-5.604239,0.12618516385555267,0.9049999713897705,0.6266999840736389
YBR161W,YKL038W,0,-5.6043983,0.12616756558418274,0.9049999713897705,0.626800000667572
YEL016C,YPL011C,0,-5.6045375,0.126149982213974,0.9049999713897705,0.6269000172615051
YOR037W,YLR197W,0,-5.6047244,0.12613239884376526,0.9049999713897705,0.6269999742507935
YOL078W,YMR146C,0,-5.604752,0.1261148303747177,0.9049999713897705,0.6270999908447266
YNL074C,YLR025W,0,-5.604875,0.12609726190567017,0.9049999713897705,0.6272000074386597
YMR142C,YER019C-A,0,-5.6050563,0.12607969343662262,0.9049999713897705,0.6273000240325928
YDL093W,YPL096W,0,-5.6050596,0.12606212496757507,0.9049999713897705,0.6273999810218811
YGR276C,YMR284W,0,-5.6055093,0.12604457139968872,0.9049999713897705,0.6274999976158142
YBR272C,YNL075W,0,-5.605556,0.12602701783180237,0.9049999713897705,0.6276000142097473
YIL159W,YKL129C,1,-5.605667,0.12614870071411133,0.906000018119812,0.6276000142097473
YLR110C,YJL089W,0,-5.6056957,0.12613114714622498,0.906000018119812,0.6276999711990356
YFR013W,YDR005C,0,-5.605854,0.12611357867717743,0.906000018119812,0.6277999877929688
YPL221W,YOR003W,0,-5.6063666,0.12609604001045227,0.906000018119812,0.6279000043869019
YPL085W,YBR058C,0,-5.6064596,0.12607848644256592,0.906000018119812,0.628000020980835
YIL035C,YDR409W,0,-5.6065373,0.12606094777584076,0.906000018119812,0.6280999779701233
YLR438C-A,YNL145W,0,-5.6067085,0.1260434091091156,0.906000018119812,0.6281999945640564
YHR157W,YPL193W,0,-5.6068892,0.12602587044239044,0.906000018119812,0.6283000111579895
YDR361C,YGL135W,0,-5.6070027,0.12600834667682648,0.906000018119812,0.6284000277519226
YLR127C,YPR178W,0,-5.607124,0.1259908229112625,0.906000018119812,0.6284999847412109
YDR443C,YBR123C,0,-5.60745,0.12597329914569855,0.906000018119812,0.628600001335144
YJL004C,YMR146C,0,-5.60757,0.12595579028129578,0.906000018119812,0.6287000179290771
YEL018W,YJL018W,0,-5.6078296,0.125938281416893,0.906000018119812,0.6287999749183655
YPR190C,YML038C,0,-5.6080575,0.12592077255249023,0.906000018119812,0.6288999915122986
YMR277W,YJL214W,0,-5.6085076,0.12590327858924866,0.906000018119812,0.6290000081062317
YLR270W,YJR031C,0,-5.608548,0.12588578462600708,0.906000018119812,0.6291000247001648
YDR400W,YIL056W,0,-5.6087117,0.1258682906627655,0.906000018119812,0.6291999816894531
YLR176C,YPL130W,0,-5.6091204,0.12585081160068512,0.906000018119812,0.6292999982833862
YKL195W,YOR212W,0,-5.60947,0.12583333253860474,0.906000018119812,0.6294000148773193
YAL024C,YER126C,0,-5.6100817,0.12581585347652435,0.906000018119812,0.6294999718666077
YJL085W,YNL243W,1,-5.6105623,0.12593723833560944,0.9070000052452087,0.6294999718666077
YFR053C,YNR034W,0,-5.6105895,0.12591975927352905,0.9070000052452087,0.6295999884605408
YKR055W,YOR297C,0,-5.610909,0.12590228021144867,0.9070000052452087,0.6297000050544739
YBR065C,YNL317W,0,-5.611384,0.1258848011493683,0.9070000052452087,0.629800021648407
YPL177C,YLR272C,0,-5.612161,0.1258673369884491,0.9070000052452087,0.6298999786376953
YKL059C,YPR032W,0,-5.612573,0.1258498728275299,0.9070000052452087,0.6299999952316284
YDR037W,YDR300C,0,-5.6126914,0.12583240866661072,0.9070000052452087,0.6301000118255615
YIL065C,YPL234C,0,-5.612758,0.12581495940685272,0.9070000052452087,0.6302000284194946
YGL243W,YOR230W,0,-5.61306,0.12579751014709473,0.9070000052452087,0.630299985408783
YMR287C,YOL091W,0,-5.6130953,0.12578006088733673,0.9070000052452087,0.6304000020027161
YLL002W,YBR083W,0,-5.613177,0.12576261162757874,0.9070000052452087,0.6305000185966492
YOL126C,YEL051W,0,-5.6137276,0.12574517726898193,0.9070000052452087,0.6305999755859375
YDL231C,YCR053W,0,-5.613732,0.12572775781154633,0.9070000052452087,0.6306999921798706
YBR029C,YCR073W-A,0,-5.613774,0.12571032345294952,0.9070000052452087,0.6308000087738037
YHR042W,YOR224C,0,-5.6151967,0.12569290399551392,0.9070000052452087,0.6309000253677368
YNL023C,YKR009C,0,-5.6163583,0.1256754845380783,0.9070000052452087,0.6309999823570251
YLR397C,YHR200W,0,-5.616481,0.1256580799818039,0.9070000052452087,0.6310999989509583
YNL225C,YIL042C,0,-5.6166368,0.12564067542552948,0.9070000052452087,0.6312000155448914
YER169W,YKL166C,0,-5.6166654,0.12562327086925507,0.9070000052452087,0.6312999725341797
YDR511W,YDR106W,0,-5.6171093,0.12560586631298065,0.9070000052452087,0.6313999891281128
YOL151W,YIL063C,0,-5.6171193,0.12558847665786743,0.9070000052452087,0.6315000057220459
YNR017W,YOR265W,0,-5.6171927,0.1255710870027542,0.9070000052452087,0.631600022315979
YNL331C,YOR149C,0,-5.61742,0.12555371224880219,0.9070000052452087,0.6316999793052673
YCL001W,YNL032W,0,-5.618172,0.12553633749485016,0.9070000052452087,0.6317999958992004
YLR353W,YBR143C,1,-5.6182384,0.1256573498249054,0.9079999923706055,0.6317999958992004
YML097C,YLL056C,0,-5.618361,0.12563996016979218,0.9079999923706055,0.6319000124931335
YER018C,YDL217C,0,-5.618652,0.12562258541584015,0.9079999923706055,0.6320000290870667
YAR042W,YPL007C,0,-5.618669,0.12560519576072693,0.9079999923706055,0.632099986076355
YFR055W,YER111C,0,-5.6188807,0.1255878359079361,0.9079999923706055,0.6322000026702881
YDL105W,YOR380W,0,-5.619443,0.12557046115398407,0.9079999923706055,0.6323000192642212
YPL119C,YIR004W,0,-5.6198707,0.12555310130119324,0.9079999923706055,0.6323999762535095
YDL142C,YBR015C,0,-5.6199174,0.1255357414484024,0.9079999923706055,0.6324999928474426
YMR041C,YDR478W,0,-5.6199574,0.12551838159561157,0.9079999923706055,0.6326000094413757
YLR157C,YPL106C,0,-5.6203985,0.12550103664398193,0.9079999923706055,0.6327000260353088
YMR218C,YJR120W,0,-5.620509,0.1254836916923523,0.9079999923706055,0.6327999830245972
YHR194W,YDL120W,0,-5.6206985,0.12546634674072266,0.9079999923706055,0.6328999996185303
YLR028C,YGR070W,0,-5.6208453,0.1254490166902542,0.9079999923706055,0.6330000162124634
YMR052W,YOR304W,0,-5.6210313,0.12543168663978577,0.9079999923706055,0.6330999732017517
YMR202W,YIR037W,0,-5.621096,0.12541437149047852,0.9079999923706055,0.6331999897956848
YER038C,YJL011C,0,-5.6211066,0.12539704144001007,0.9079999923706055,0.6333000063896179
YDR244W,YGR141W,0,-5.6211705,0.12537972629070282,0.9079999923706055,0.633400022983551
YOR007C,YDR443C,0,-5.621562,0.12536242604255676,0.9079999923706055,0.6334999799728394
YDL142C,YOL055C,0,-5.621629,0.1253451108932495,0.9079999923706055,0.6335999965667725
YLR303W,YCR072C,0,-5.6217294,0.12532781064510345,0.9079999923706055,0.6337000131607056
YOR213C,YLL041C,0,-5.6220107,0.1253105103969574,0.9079999923706055,0.6338000297546387
YCL017C,YBL020W,0,-5.6221647,0.12529322504997253,0.9079999923706055,0.633899986743927
YLR431C,YGR083C,0,-5.6221843,0.12527593970298767,0.9079999923706055,0.6340000033378601
YBR037C,YGR143W,0,-5.6224732,0.1252586543560028,0.9079999923706055,0.6341000199317932
YBR066C,YBL075C,0,-5.622497,0.12524138391017914,0.9079999923706055,0.6341999769210815
YJL018W,YCL005W-A,0,-5.62252,0.12522411346435547,0.9079999923706055,0.6342999935150146
YLR266C,YGR296W,0,-5.622664,0.1252068430185318,0.9079999923706055,0.6344000101089478
YPR190C,YPL032C,0,-5.6227264,0.12518957257270813,0.9079999923706055,0.6345000267028809
YDR277C,YDR435C,0,-5.6229835,0.12517231702804565,0.9079999923706055,0.6345999836921692
YNL192W,YDR388W,1,-5.623285,0.12529289722442627,0.9089999794960022,0.6345999836921692
YJR069C,YPR016C,0,-5.6233325,0.1252756267786026,0.9089999794960022,0.6347000002861023
YDL116W,YKR055W,0,-5.623433,0.12525837123394012,0.9089999794960022,0.6348000168800354
YOR023C,YFR021W,0,-5.62359,0.12524111568927765,0.9089999794960022,0.6348999738693237
YNL223W,YDR103W,0,-5.6239853,0.12522386014461517,0.9089999794960022,0.6349999904632568
YHL047C,YGR216C,0,-5.624106,0.1252066045999527,0.9089999794960022,0.6351000070571899
YNL230C,YDR065W,0,-5.6241264,0.12518936395645142,0.9089999794960022,0.635200023651123
YNL148C,YKR031C,0,-5.6241455,0.12517212331295013,0.9089999794960022,0.6352999806404114
YHR148W,YGL209W,0,-5.624294,0.12515489757061005,0.9089999794960022,0.6353999972343445
YBL106C,YJL087C,0,-5.6246133,0.12513767182826996,0.9089999794960022,0.6355000138282776
YML126C,YNL061W,0,-5.6246686,0.12512044608592987,0.9089999794960022,0.6355999708175659
YPL147W,YNL222W,0,-5.6253734,0.12510322034358978,0.9089999794960022,0.635699987411499
YLR405W,YLR256W,0,-5.6255355,0.1250860095024109,0.9089999794960022,0.6358000040054321
YCR067C,YOR148C,0,-5.6256104,0.125068798661232,0.9089999794960022,0.6359000205993652
YDR385W,YGL099W,0,-5.6256166,0.1250515878200531,0.9089999794960022,0.6359999775886536
YDR158W,YPR086W,0,-5.625634,0.1250343918800354,0.9089999794960022,0.6360999941825867
YPL069C,YHR006W,0,-5.6257634,0.1250171959400177,0.9089999794960022,0.6362000107765198
YMR285C,YLR034C,0,-5.6260076,0.125,0.9089999794960022,0.6363000273704529
YIR025W,YMR236W,0,-5.626098,0.1249828115105629,0.9089999794960022,0.6363999843597412
YBR107C,YMR070W,0,-5.6262555,0.12496563047170639,0.9089999794960022,0.6365000009536743
YJR006W,YGR002C,0,-5.6263914,0.12494845688343048,0.9089999794960022,0.6366000175476074
YGR185C,YDR369C,0,-5.626709,0.12493128329515457,0.9089999794960022,0.6366999745368958
YIL154C,YKL079W,0,-5.6267185,0.12491410970687866,0.9089999794960022,0.6367999911308289
YIR019C,YDR259C,0,-5.6271605,0.12489695101976395,0.9089999794960022,0.636900007724762
YIR004W,YJL196C,0,-5.6271877,0.12487979233264923,0.9089999794960022,0.6370000243186951
YGL012W,YOR119C,0,-5.627358,0.12486263364553452,0.9089999794960022,0.6370999813079834
YGL012W,YDR478W,0,-5.6282597,0.124845489859581,0.9089999794960022,0.6371999979019165
YCR044C,YLR016C,0,-5.6287456,0.12482834607362747,0.9089999794960022,0.6373000144958496
YBR199W,YGR180C,0,-5.6288686,0.12481120228767395,0.9089999794960022,0.6373999714851379
YML091C,YDR457W,0,-5.6291566,0.12479406595230103,0.9089999794960022,0.637499988079071
YIL040W,YDR135C,0,-5.629286,0.1247769370675087,0.9089999794960022,0.6376000046730042
YLR002C,YMR229C,0,-5.6293445,0.12475981563329697,0.9089999794960022,0.6377000212669373
YNL282W,YKR053C,0,-5.6298833,0.12474269419908524,0.9089999794960022,0.6377999782562256
YLR397C,YOR320C,0,-5.6301627,0.1247255727648735,0.9089999794960022,0.6378999948501587
YDL243C,YGL227W,0,-5.6305003,0.12470846623182297,0.9089999794960022,0.6380000114440918
YJL209W,YDR236C,0,-5.630624,0.12469135969877243,0.9089999794960022,0.6381000280380249
YDL148C,YGL070C,0,-5.6307535,0.1246742531657219,0.9089999794960022,0.6381999850273132
YPL032C,YJL139C,0,-5.630978,0.12465716153383255,0.9089999794960022,0.6383000016212463
YOR085W,YGR275W,0,-5.6309886,0.12464006245136261,0.9089999794960022,0.6384000182151794
YAR019C,YGR152C,1,-5.6315365,0.12476007640361786,0.9100000262260437,0.6384000182151794
YCL017C,YIL139C,0,-5.6315427,0.12474297732114792,0.9100000262260437,0.6384999752044678
YOR160W,YBR231C,0,-5.6317163,0.12472587823867798,0.9100000262260437,0.6385999917984009
YOR334W,YGR030C,0,-5.6317887,0.12470878660678864,0.9100000262260437,0.638700008392334
YPR075C,YKL070W,0,-5.6322746,0.12469169497489929,0.9100000262260437,0.6388000249862671
YER177W,YGL238W,0,-5.632547,0.12467461079359055,0.9100000262260437,0.6388999819755554
YGL021W,YNL334C,0,-5.6329923,0.1246575340628624,0.9100000262260437,0.6389999985694885
YAL034W-A,YBR218C,0,-5.63304,0.12464045733213425,0.9100000262260437,0.6391000151634216
YIR005W,YNR032W,0,-5.6331635,0.1246233880519867,0.9100000262260437,0.63919997215271
YLR158C,YOR328W,0,-5.6338363,0.12460632622241974,0.9100000262260437,0.6392999887466431
YPL119C,YJL168C,0,-5.6338954,0.12458926439285278,0.9100000262260437,0.6394000053405762
YGR159C,YOR085W,0,-5.6339383,0.12457221001386642,0.9100000262260437,0.6395000219345093
YCR098C,YDL055C,0,-5.634116,0.12455516308546066,0.9100000262260437,0.6395999789237976
YCL003W,YDR457W,0,-5.6342845,0.1245381161570549,0.9100000262260437,0.6396999955177307
YOL130W,YGL049C,0,-5.634668,0.12452106922864914,0.9100000262260437,0.6398000121116638
YNL275W,YPR178W,0,-5.6346903,0.12450403720140457,0.9100000262260437,0.6399000287055969
YNL042W,YJL166W,0,-5.6348486,0.12448700517416,0.9100000262260437,0.6399999856948853
YER073W,YML098W,0,-5.635139,0.12446997314691544,0.9100000262260437,0.6401000022888184
YOR377W,YOR008C,0,-5.6351395,0.12445295602083206,0.9100000262260437,0.6402000188827515
YIL033C,YOR137C,0,-5.635355,0.12443593889474869,0.9100000262260437,0.6402999758720398
YPR104C,YCR091W,0,-5.6355076,0.12441892176866531,0.9100000262260437,0.6403999924659729
YOR224C,YDR146C,0,-5.635628,0.12440191209316254,0.9100000262260437,0.640500009059906
YDR116C,YML013W,0,-5.636101,0.12438490986824036,0.9100000262260437,0.6406000256538391
YMR044W,YDR238C,0,-5.6361904,0.12436790764331818,0.9100000262260437,0.6406999826431274
YPR020W,YGL247W,0,-5.6362586,0.12435091286897659,0.9100000262260437,0.6407999992370605
YDL166C,YFR003C,0,-5.6362686,0.1243339255452156,0.9100000262260437,0.6409000158309937
YCR040W,YJL117W,0,-5.6362853,0.12431693822145462,0.9100000262260437,0.640999972820282
YAL042W,YKR055W,0,-5.6366525,0.12429995834827423,0.9100000262260437,0.6410999894142151
YBR107C,YOR211C,0,-5.636723,0.12428298592567444,0.9100000262260437,0.6412000060081482
YOR148C,YGL162W,0,-5.6369066,0.12426601350307465,0.9100000262260437,0.6413000226020813
YJR078W,YKR038C,0,-5.6370463,0.12424904108047485,0.9100000262260437,0.6413999795913696
YOL089C,YPR068C,0,-5.6375318,0.12423208355903625,0.9100000262260437,0.6414999961853027
YLL015W,YDL145C,0,-5.6378155,0.12421512603759766,0.9100000262260437,0.6416000127792358
YLR078C,YCR073W-A,0,-5.6379757,0.12419816851615906,0.9100000262260437,0.641700029373169
YKR024C,YDL013W,0,-5.6381736,0.12418122589588165,0.9100000262260437,0.6417999863624573
YMR083W,YBR091C,0,-5.638358,0.12416427582502365,0.9100000262260437,0.6419000029563904
YNR053C,YPL218W,0,-5.6386743,0.12414734065532684,0.9100000262260437,0.6420000195503235
YGR040W,YBR048W,0,-5.6389976,0.12413040548563004,0.9100000262260437,0.6420999765396118
YGR158C,YLR141W,0,-5.639118,0.12411347776651382,0.9100000262260437,0.6421999931335449
YOR257W,YFL004W,0,-5.6391587,0.12409655004739761,0.9100000262260437,0.642300009727478
YJR150C,YBR231C,0,-5.639318,0.124079629778862,0.9100000262260437,0.6424000263214111
YML004C,YDL109C,0,-5.639755,0.12406270951032639,0.9100000262260437,0.6424999833106995
YMR001C,YDL230W,0,-5.639789,0.12404580414295197,0.9100000262260437,0.6425999999046326
YAL053W,YMR167W,0,-5.6399455,0.12402889132499695,0.9100000262260437,0.6427000164985657
YMR068W,YBL057C,0,-5.640058,0.12401199340820312,0.9100000262260437,0.642799973487854
YML116W,YAL016W,0,-5.6404347,0.1239950954914093,0.9100000262260437,0.6428999900817871
YGL078C,YLR059C,0,-5.6406856,0.12397820502519608,0.9100000262260437,0.6430000066757202
YLL034C,YLR090W,0,-5.640876,0.12396131455898285,0.9100000262260437,0.6431000232696533
YHL019C,YBR105C,0,-5.6411347,0.12394443154335022,0.9100000262260437,0.6431999802589417
YJL192C,YLR452C,0,-5.6412005,0.12392754852771759,0.9100000262260437,0.6432999968528748
YGR163W,YBR082C,0,-5.6412525,0.12391067296266556,0.9100000262260437,0.6434000134468079
YGL087C,YDL058W,0,-5.6413994,0.12389380484819412,0.9100000262260437,0.6434999704360962
YBR293W,YHR090C,0,-5.64156,0.12387693673372269,0.9100000262260437,0.6435999870300293
YNL182C,YDR488C,0,-5.641702,0.12386007606983185,0.9100000262260437,0.6437000036239624
YMR198W,YOR018W,0,-5.641752,0.1238432228565216,0.9100000262260437,0.6438000202178955
YER044C,YMR095C,0,-5.641813,0.12382636964321136,0.9100000262260437,0.6438999772071838
YJR042W,YAR010C,0,-5.642012,0.12380952388048172,0.9100000262260437,0.6439999938011169
YJR074W,YJL166W,0,-5.6432433,0.12379267811775208,0.9100000262260437,0.64410001039505
YHR197W,YDR545W,0,-5.643746,0.12377583980560303,0.9100000262260437,0.6442000269889832
YHR013C,YJR127C,0,-5.6437526,0.12375900894403458,0.9100000262260437,0.6442999839782715
YER070W,YPL026C,0,-5.643994,0.12374217808246613,0.9100000262260437,0.6444000005722046
YLR219W,YML032C,0,-5.6442685,0.12372535467147827,0.9100000262260437,0.6445000171661377
YMR275C,YBL032W,0,-5.6443815,0.12370853871107101,0.9100000262260437,0.644599974155426
YDR123C,YHR139C,0,-5.644666,0.12369172275066376,0.9100000262260437,0.6446999907493591
YER015W,YDR005C,0,-5.6448464,0.1236749142408371,0.9100000262260437,0.6448000073432922
YBR199W,YNL145W,0,-5.644886,0.12365810573101044,0.9100000262260437,0.6449000239372253
YKL194C,YBR212W,0,-5.6450925,0.12364130467176437,0.9100000262260437,0.6449999809265137
YMR014W,YBR143C,1,-5.645232,0.12376035749912262,0.9110000133514404,0.6449999809265137
YGR055W,YGR285C,0,-5.6452727,0.12374354898929596,0.9110000133514404,0.6450999975204468
YIL149C,YER162C,0,-5.645592,0.1237267404794693,0.9110000133514404,0.6452000141143799
YJR160C,YDL090C,0,-5.645673,0.12370993942022324,0.9110000133514404,0.6452999711036682
YEL071W,YLR011W,0,-5.6457305,0.12369314581155777,0.9110000133514404,0.6453999876976013
YDL040C,YKL041W,0,-5.6457562,0.1236763522028923,0.9110000133514404,0.6455000042915344
YNL101W,YKL054C,0,-5.6460404,0.12365956604480743,0.9110000133514404,0.6456000208854675
YDR382W,YIL008W,0,-5.6463237,0.12364277988672256,0.9110000133514404,0.6456999778747559
YNL164C,YFL026W,0,-5.6463737,0.12362600117921829,0.9110000133514404,0.645799994468689
YGL167C,YBR280C,0,-5.646392,0.12360922992229462,0.9110000133514404,0.6459000110626221
YJL063C,YOL115W,0,-5.646687,0.12359245866537094,0.9110000133514404,0.6460000276565552
YOL164W,YIL004C,0,-5.6468863,0.12357569485902786,0.9110000133514404,0.6460999846458435
YBR159W,YPL154C,0,-5.6470456,0.12355893105268478,0.9110000133514404,0.6462000012397766
YPR122W,YDL225W,1,-5.6470714,0.12367779016494751,0.9120000004768372,0.6462000012397766
YFL041W,YLR329W,0,-5.647861,0.12366101890802383,0.9120000004768372,0.6463000178337097
YLR310C,YMR311C,0,-5.6480794,0.12364425510168076,0.9120000004768372,0.646399974822998
YIL124W,YDR325W,0,-5.64816,0.12362749129533768,0.9120000004768372,0.6464999914169312
YNL210W,YPR103W,0,-5.6481686,0.1236107349395752,0.9120000004768372,0.6466000080108643
YGR166W,YER070W,0,-5.6481767,0.12359398603439331,0.9120000004768372,0.6467000246047974
YGL061C,YDL052C,0,-5.648292,0.12357723712921143,0.9120000004768372,0.6467999815940857
YBR256C,YJL026W,0,-5.648378,0.12356049567461014,0.9120000004768372,0.6468999981880188
YLR205C,YDR208W,0,-5.648771,0.12354375422000885,0.9120000004768372,0.6470000147819519
YER044C,YBL057C,0,-5.6488047,0.12352702021598816,0.9120000004768372,0.6470999717712402
YFL021W,YGL068W,0,-5.6489134,0.12351029366254807,0.9120000004768372,0.6471999883651733
YER035W,YER138C,0,-5.6489983,0.12349356710910797,0.9120000004768372,0.6473000049591064
YPL228W,YPL046C,0,-5.6493564,0.12347684800624847,0.9120000004768372,0.6474000215530396
YGR040W,YPR132W,0,-5.649799,0.12346013635396957,0.9120000004768372,0.6474999785423279
YGR188C,YDL033C,0,-5.649814,0.12344342470169067,0.9120000004768372,0.647599995136261
YNR038W,YOR351C,0,-5.649976,0.12342671304941177,0.9120000004768372,0.6477000117301941
YGL013C,YGR030C,0,-5.650429,0.12341001629829407,0.9120000004768372,0.6478000283241272
YBR068C,YKR065C,0,-5.6504626,0.12339331954717636,0.9120000004768372,0.6478999853134155
YOR284W,YNL098C,0,-5.6505017,0.12337662279605865,0.9120000004768372,0.6480000019073486
YJL104W,YER178W,0,-5.6505313,0.12335993349552155,0.9120000004768372,0.6481000185012817
YBR021W,YLR355C,0,-5.651162,0.12334325164556503,0.9120000004768372,0.6481999754905701
YOL142W,YBR294W,0,-5.651171,0.12332656979560852,0.9120000004768372,0.6482999920845032
YOR304W,YBR081C,0,-5.651172,0.1233098953962326,0.9120000004768372,0.6484000086784363
YGL033W,YKL073W,0,-5.651236,0.12329322844743729,0.9120000004768372,0.6485000252723694
YGL172W,YDR435C,0,-5.651238,0.12327656149864197,0.9120000004768372,0.6485999822616577
YNL074C,YLR272C,0,-5.651253,0.12325990200042725,0.9120000004768372,0.6486999988555908
YPL132W,YCR089W,0,-5.651856,0.12324324250221252,0.9120000004768372,0.6488000154495239
YLR411W,YPR165W,0,-5.6518593,0.1232265904545784,0.9120000004768372,0.6488999724388123
YHR165C,YDR077W,0,-5.651904,0.12320994585752487,0.9120000004768372,0.6489999890327454
YNR038W,YPL127C,0,-5.652174,0.12319330126047134,0.9120000004768372,0.6491000056266785
YHR021C,YPR133C,0,-5.6523757,0.12317666411399841,0.9120000004768372,0.6492000222206116
YKL055C,YDL106C,0,-5.6525626,0.12316002696752548,0.9120000004768372,0.6492999792098999
YGL053W,YPL130W,0,-5.6526656,0.12314339727163315,0.9120000004768372,0.649399995803833
YML069W,YHR030C,0,-5.653298,0.12312677502632141,0.9120000004768372,0.6495000123977661
YIL112W,YDR260C,0,-5.6536736,0.12311015278100967,0.9120000004768372,0.6496000289916992
YLR068W,YGL195W,0,-5.6539836,0.12309353798627853,0.9120000004768372,0.6496999859809875
YNL061W,YNL309W,0,-5.654093,0.1230769231915474,0.9120000004768372,0.6498000025749207
YKL191W,YGL066W,0,-5.6542573,0.12306031584739685,0.9120000004768372,0.6499000191688538
YMR177W,YML023C,0,-5.6542954,0.1230437159538269,0.9120000004768372,0.6499999761581421
YLR452C,YLR298C,0,-5.654334,0.12302711606025696,0.9120000004768372,0.6500999927520752
YHR120W,YBR152W,0,-5.654371,0.12301052361726761,0.9120000004768372,0.6502000093460083
YBR278W,YDR243C,0,-5.6544814,0.12299393117427826,0.9120000004768372,0.6503000259399414
YDR021W,YPR046W,0,-5.655335,0.1229773461818695,0.9120000004768372,0.6503999829292297
YOR310C,YJL139C,0,-5.656116,0.12296076864004135,0.9120000004768372,0.6504999995231628
YBR186W,YLR455W,0,-5.6565356,0.1229441910982132,0.9120000004768372,0.650600016117096
YHR119W,YBR182C,0,-5.656918,0.12292762100696564,0.9120000004768372,0.6506999731063843
YBR186W,YDR453C,0,-5.657064,0.12291105091571808,0.9120000004768372,0.6507999897003174
YNL008C,YCL003W,0,-5.6570888,0.12289448827505112,0.9120000004768372,0.6509000062942505
YIR037W,YOL128C,0,-5.657321,0.12287793308496475,0.9120000004768372,0.6510000228881836
YHL036W,YOL148C,0,-5.657431,0.12286137789487839,0.9120000004768372,0.6510999798774719
YPR199C,YDR363W-A,0,-5.657682,0.12284483015537262,0.9120000004768372,0.651199996471405
YAL058W,YKR019C,0,-5.6581798,0.12282828241586685,0.9120000004768372,0.6513000130653381
YNR008W,YPL206C,0,-5.658185,0.12281174212694168,0.9120000004768372,0.6514000296592712
YDR379W,YDR087C,0,-5.6582775,0.1227952092885971,0.9120000004768372,0.6514999866485596
YDR002W,YOR287C,0,-5.65829,0.12277867645025253,0.9120000004768372,0.6516000032424927
YPL091W,YBR083W,0,-5.659143,0.12276215106248856,0.9120000004768372,0.6517000198364258
YJL167W,YIL009W,0,-5.6591496,0.12274562567472458,0.9120000004768372,0.6517999768257141
YOR136W,YPL218W,0,-5.659204,0.1227291077375412,0.9120000004768372,0.6518999934196472
YGR132C,YBR175W,0,-5.6597385,0.12271259725093842,0.9120000004768372,0.6520000100135803
YLR109W,YBR273C,0,-5.6599355,0.12269608676433563,0.9120000004768372,0.6521000266075134
YBR029C,YGL008C,0,-5.6600833,0.12267958372831345,0.9120000004768372,0.6521999835968018
YGL236C,YLR329W,0,-5.6602473,0.12266308069229126,0.9120000004768372,0.6523000001907349
YLR133W,YPR068C,0,-5.6605816,0.12264658510684967,0.9120000004768372,0.652400016784668
YOR371C,YER019C-A,0,-5.660627,0.12263008952140808,0.9120000004768372,0.6524999737739563
YAR019C,YNL192W,1,-5.6606956,0.12274804711341858,0.9129999876022339,0.6524999737739563
YMR042W,YDL055C,0,-5.6609864,0.12273155152797699,0.9129999876022339,0.6525999903678894
YOR074C,YOL044W,0,-5.661189,0.1227150559425354,0.9129999876022339,0.6527000069618225
YBR107C,YNL311C,0,-5.6612067,0.12269856035709381,0.9129999876022339,0.6528000235557556
YMR035W,YFR005C,0,-5.6613116,0.12268207222223282,0.9129999876022339,0.652899980545044
YGL252C,YDL077C,0,-5.6614947,0.12266559153795242,0.9129999876022339,0.652999997138977
YPL194W,YHR072W,0,-5.6615353,0.12264911085367203,0.9129999876022339,0.6531000137329102
YCL001W,YKR072C,0,-5.661904,0.12263263761997223,0.9129999876022339,0.6531999707221985
YLR059C,YBR256C,0,-5.6620016,0.12261617183685303,0.9129999876022339,0.6532999873161316
YNL023C,YOR083W,0,-5.6625543,0.12259970605373383,0.9129999876022339,0.6534000039100647
YPL101W,YOL038W,0,-5.6626306,0.12258324027061462,0.9129999876022339,0.6535000205039978
YPL086C,YOR224C,0,-5.6627154,0.12256678938865662,0.9129999876022339,0.6535999774932861
YPR185W,YPR007C,0,-5.6629477,0.12255033850669861,0.9129999876022339,0.6536999940872192
YER018C,YMR053C,0,-5.6629615,0.1225338876247406,0.9129999876022339,0.6538000106811523
YLR332W,YCL032W,0,-5.663008,0.12251744419336319,0.9129999876022339,0.6539000272750854
YFL029C,YDR206W,0,-5.663023,0.12250100821256638,0.9129999876022339,0.6539999842643738
YGR095C,YJR110W,0,-5.6630335,0.12248457223176956,0.9129999876022339,0.6541000008583069
YLR371W,YIL039W,0,-5.663287,0.12246814370155334,0.9129999876022339,0.65420001745224
YJL090C,YDR077W,0,-5.6633916,0.12245171517133713,0.9129999876022339,0.6542999744415283
YAL042W,YPL274W,0,-5.6634107,0.12243529409170151,0.9129999876022339,0.6543999910354614
YLR411W,YNL054W,0,-5.663565,0.12241888046264648,0.9129999876022339,0.6545000076293945
YHR050W,YMR183C,0,-5.663759,0.12240246683359146,0.9129999876022339,0.6546000242233276
YLR127C,YPL210C,0,-5.663931,0.12238606065511703,0.9129999876022339,0.654699981212616
YLR028C,YLR207W,0,-5.6639667,0.12236965447664261,0.9129999876022339,0.6547999978065491
YER162C,YPR173C,0,-5.6640286,0.12235325574874878,0.9129999876022339,0.6549000144004822
YLR028C,YDR142C,0,-5.6642976,0.12233686447143555,0.9129999876022339,0.6549999713897705
YER106W,YPR190C,0,-5.664558,0.12232047319412231,0.9129999876022339,0.6550999879837036
YBR286W,YDR532C,0,-5.664964,0.12230408936738968,0.9129999876022339,0.6552000045776367
YMR276W,YLR438C-A,0,-5.665936,0.12228770554065704,0.9129999876022339,0.6553000211715698
YCL035C,YDR027C,0,-5.665995,0.122271329164505,0.9129999876022339,0.6553999781608582
YDR394W,YIL023C,0,-5.666294,0.12225495278835297,0.9129999876022339,0.6554999947547913
YDR165W,YOR064C,0,-5.6665406,0.12223858386278152,0.9129999876022339,0.6556000113487244
YBR289W,YJR120W,0,-5.6665993,0.12222222238779068,0.9129999876022339,0.6557000279426575
YHR193C,YNL311C,0,-5.666751,0.12220586091279984,0.9129999876022339,0.6557999849319458
YMR047C,YNL334C,0,-5.666884,0.12218950688838959,0.9129999876022339,0.6559000015258789
YDL212W,YNL064C,0,-5.6668983,0.12217316031455994,0.9129999876022339,0.656000018119812
YLR201C,YIL105C,0,-5.6669426,0.12215681374073029,0.9129999876022339,0.6560999751091003
YLR186W,YAL053W,0,-5.6675215,0.12214046716690063,0.9129999876022339,0.6561999917030334
YLR109W,YOL023W,0,-5.6680646,0.12212412804365158,0.9129999876022339,0.6563000082969666
YBR193C,YER165W,0,-5.6680813,0.12210779637098312,0.9129999876022339,0.6564000248908997
YER065C,YIR017C,0,-5.668717,0.12209146469831467,0.9129999876022339,0.656499981880188
YPL101W,YGR145W,0,-5.6687646,0.1220751404762268,0.9129999876022339,0.6565999984741211
YMR201C,YFL059W,0,-5.668836,0.12205882370471954,0.9129999876022339,0.6567000150680542
YGL008C,YML028W,0,-5.669024,0.12204250693321228,0.9129999876022339,0.6567999720573425
YFL025C,YKL086W,0,-5.669051,0.12202619761228561,0.9129999876022339,0.6568999886512756
YGL035C,YDR312W,0,-5.669085,0.12200988829135895,0.9129999876022339,0.6570000052452087
YPR057W,YDL245C,0,-5.6691384,0.12199358642101288,0.9129999876022339,0.6571000218391418
YPL255W,YIL120W,0,-5.669638,0.12197728455066681,0.9129999876022339,0.6571999788284302
YDL112W,YDR057W,0,-5.6696854,0.12196099013090134,0.9129999876022339,0.6572999954223633
YKL179C,YML058W-A,0,-5.669851,0.12194470316171646,0.9129999876022339,0.6574000120162964
YOR193W,YAL005C,0,-5.669964,0.12192841619253159,0.9129999876022339,0.6575000286102295
YIL159W,YDR309C,1,-5.670069,0.12204566597938538,0.9139999747276306,0.6575000286102295
YJR074W,YAL051W,0,-5.6703954,0.1220293715596199,0.9139999747276306,0.6575999855995178
YIL038C,YPR191W,0,-5.6706395,0.12201308459043503,0.9139999747276306,0.6577000021934509
YOR185C,YMR026C,0,-5.6710935,0.12199679762125015,0.9139999747276306,0.657800018787384
YNL197C,YGR211W,0,-5.6712956,0.12198051810264587,0.9139999747276306,0.6578999757766724
YMR298W,YDL052C,0,-5.6717596,0.1219642385840416,0.9139999747276306,0.6579999923706055
YNL278W,YHR060W,0,-5.671949,0.12194796651601791,0.9139999747276306,0.6581000089645386
YML127W,YHR006W,0,-5.6724105,0.12193169444799423,0.9139999747276306,0.6582000255584717
YER003C,YFR048W,0,-5.672639,0.12191542983055115,0.9139999747276306,0.65829998254776
YOR245C,YDR302W,0,-5.6732116,0.12189917266368866,0.9139999747276306,0.6583999991416931
YCL016C,YCR102C,0,-5.673387,0.12188291549682617,0.9139999747276306,0.6585000157356262
YHR187W,YIL160C,0,-5.6735177,0.12186666578054428,0.9139999747276306,0.6585999727249146
YIL018W,YPR095C,0,-5.6735744,0.12185042351484299,0.9139999747276306,0.6586999893188477
YPL153C,YDL080C,0,-5.674485,0.1218341812491417,0.9139999747276306,0.6588000059127808
YPR083W,YDL148C,0,-5.6745195,0.1218179389834404,0.9139999747276306,0.6589000225067139
YCR091W,YJL042W,0,-5.6746483,0.1218017041683197,0.9139999747276306,0.6589999794960022
YPL171C,YLR272C,0,-5.6747193,0.1217854768037796,0.9139999747276306,0.6590999960899353
YBR207W,YLR442C,0,-5.6751065,0.1217692494392395,0.9139999747276306,0.6592000126838684
YER177W,YBR127C,0,-5.675189,0.12175302952528,0.9139999747276306,0.6593000292778015
YMR043W,YGL252C,0,-5.6751986,0.12173681706190109,0.9139999747276306,0.6593999862670898
YNL014W,YGR229C,0,-5.675486,0.12172060459852219,0.9139999747276306,0.659500002861023
YOR313C,YOR194C,0,-5.675734,0.12170439213514328,0.9139999747276306,0.659600019454956
YBR276C,YGL004C,0,-5.675814,0.12168818712234497,0.9139999747276306,0.6596999764442444
YGL084C,YPR113W,0,-5.6761136,0.12167198956012726,0.9139999747276306,0.6597999930381775
YHR157W,YOR179C,0,-5.6764474,0.12165579944849014,0.9139999747276306,0.6599000096321106
YLR044C,YJR009C,0,-5.677318,0.12163960933685303,0.9139999747276306,0.6600000262260437
YLL003W,YHR163W,0,-5.67734,0.12162341922521591,0.9139999747276306,0.660099983215332
YDL220C,YOL055C,0,-5.6775746,0.1216072365641594,0.9139999747276306,0.6601999998092651
YLR081W,YCR042C,0,-5.6777334,0.12159106135368347,0.9139999747276306,0.6603000164031982
YCR086W,YDR093W,0,-5.6780763,0.12157488614320755,0.9139999747276306,0.6603999733924866
YNL123W,YNL310C,0,-5.678272,0.12155871838331223,0.9139999747276306,0.6604999899864197
YKR065C,YER022W,0,-5.6787624,0.1215425506234169,0.9139999747276306,0.6606000065803528
YMR101C,YEL057C,0,-5.679219,0.12152639031410217,0.9139999747276306,0.6607000231742859
YNL298W,YDR129C,1,-5.67961,0.12164317816495895,0.9150000214576721,0.6607000231742859
YPL181W,YDL208W,0,-5.6796613,0.12162701040506363,0.9150000214576721,0.6607999801635742
YBR010W,YOR313C,0,-5.679836,0.1216108426451683,0.9150000214576721,0.6608999967575073
YPR034W,YHL036W,0,-5.680277,0.12159468233585358,0.9150000214576721,0.6610000133514404
YDL170W,YJL069C,0,-5.6806607,0.12157852947711945,0.9150000214576721,0.6610999703407288
YPL224C,YBR058C,0,-5.680739,0.12156237661838531,0.9150000214576721,0.6611999869346619
YPR082C,YDR343C,0,-5.6807795,0.12154622375965118,0.9150000214576721,0.661300003528595
YLR008C,YKL043W,0,-5.680858,0.12153008580207825,0.9150000214576721,0.6614000201225281
YJL072C,YFL059W,0,-5.6813416,0.12151394784450531,0.9150000214576721,0.6614999771118164
YIL149C,YKL038W,0,-5.681476,0.12149780988693237,0.9150000214576721,0.6615999937057495
YML086C,YGR010W,0,-5.681706,0.12148167937994003,0.9150000214576721,0.6617000102996826
YLR095C,YPL192C,0,-5.681732,0.12146554887294769,0.9150000214576721,0.6618000268936157
YDR365C,YBR256C,0,-5.6817527,0.12144942581653595,0.9150000214576721,0.661899983882904
YPR005C,YLR145W,0,-5.682267,0.1214333102107048,0.9150000214576721,0.6620000004768372
YCR066W,YOL129W,0,-5.683588,0.12141719460487366,0.9150000214576721,0.6621000170707703
YOR032C,YDR195W,0,-5.6836953,0.12140108644962311,0.9150000214576721,0.6621999740600586
YDL044C,YGL111W,0,-5.6837306,0.12138498574495316,0.9150000214576721,0.6622999906539917
YGL180W,YOR076C,0,-5.6855717,0.1213688850402832,0.9150000214576721,0.6624000072479248
YBR132C,YGL089C,0,-5.6856503,0.12135278433561325,0.9150000214576721,0.6625000238418579
YMR280C,YGL122C,0,-5.6860504,0.1213366910815239,0.9150000214576721,0.6625999808311462
YHR165C,YLR193C,0,-5.6860723,0.12132060527801514,0.9150000214576721,0.6626999974250793
YPL177C,YGR099W,0,-5.6864667,0.12130451947450638,0.9150000214576721,0.6628000140190125
YMR164C,YGR082W,0,-5.6869984,0.12128844112157822,0.9150000214576721,0.6628999710083008
YDR284C,YCR073C,0,-5.687094,0.12127236276865005,0.9150000214576721,0.6629999876022339
YPL110C,YPR187W,0,-5.687122,0.12125629186630249,0.9150000214576721,0.663100004196167
YAL013W,YOL054W,0,-5.68732,0.12124022841453552,0.9150000214576721,0.6632000207901001
YJR089W,YFL059W,0,-5.687357,0.12122416496276855,0.9150000214576721,0.6632999777793884
YDR335W,YAR033W,0,-5.6875978,0.12120810896158218,0.9150000214576721,0.6633999943733215
YOR037W,YPL010W,0,-5.6876874,0.12119205296039581,0.9150000214576721,0.6635000109672546
YPR178W,YPL128C,0,-5.6878724,0.12117600440979004,0.9150000214576721,0.6636000275611877
YLL042C,YNL186W,0,-5.688003,0.12115995585918427,0.9150000214576721,0.6636999845504761
YPR018W,YHR138C,0,-5.68871,0.12114391475915909,0.9150000214576721,0.6638000011444092
YDL052C,YLR262C,0,-5.6890817,0.12112788110971451,0.9150000214576721,0.6639000177383423
YML028W,YKL214C,0,-5.6891074,0.12111184746026993,0.9150000214576721,0.6639999747276306
YHR174W,YHR119W,0,-5.6892476,0.12109582126140594,0.9150000214576721,0.6640999913215637
YOL164W,YOR027W,0,-5.689587,0.12107979506254196,0.9150000214576721,0.6642000079154968
YOR301W,YOL113W,1,-5.689859,0.12119608372449875,0.9160000085830688,0.6642000079154968
YPL133C,YIL066C,0,-5.690761,0.12118005007505417,0.9160000085830688,0.6643000245094299
YBR201W,YGR086C,0,-5.690849,0.12116402387619019,0.9160000085830688,0.6643999814987183
YAL013W,YIL018W,0,-5.6908917,0.1211479976773262,0.9160000085830688,0.6644999980926514
YOR079C,YHR124W,0,-5.691088,0.12113197892904282,0.9160000085830688,0.6646000146865845
YMR065W,YPR100W,0,-5.691302,0.12111596018075943,0.9160000085830688,0.6646999716758728
YBR110W,YPL212C,0,-5.691337,0.12109994888305664,0.9160000085830688,0.6647999882698059
YMR044W,YDR456W,0,-5.691564,0.12108393758535385,0.9160000085830688,0.664900004863739
YIR021W,YML013W,0,-5.691903,0.12106793373823166,0.9160000085830688,0.6650000214576721
YKL172W,YDR469W,0,-5.692162,0.12105193734169006,0.9160000085830688,0.6650999784469604
YGR074W,YBR294W,0,-5.692583,0.12103594094514847,0.9160000085830688,0.6651999950408936
YPL181W,YMR308C,0,-5.6927752,0.12101995199918747,0.9160000085830688,0.6653000116348267
YDR244W,YBR182C,0,-5.692841,0.12100396305322647,0.9160000085830688,0.6654000282287598
YDR420W,YCR057C,1,-5.6929593,0.12112006545066833,0.9169999957084656,0.6654000282287598
YBR142W,YOR315W,0,-5.693068,0.12110406905412674,0.9169999957084656,0.6654999852180481
YHR011W,YLR248W,0,-5.6930923,0.12108807265758514,0.9169999957084656,0.6656000018119812
YNL008C,YCL026C-A,0,-5.6931725,0.12107209116220474,0.9169999957084656,0.6657000184059143
YOL126C,YBR193C,0,-5.6931763,0.12105610221624374,0.9169999957084656,0.6657999753952026
YAL013W,YDR130C,0,-5.6934648,0.12104012817144394,0.9169999957084656,0.6658999919891357
YOL089C,YGR059W,0,-5.6935105,0.12102415412664413,0.9169999957084656,0.6660000085830688
YPR201W,YCR060W,0,-5.6937985,0.12100818008184433,0.9169999957084656,0.666100025177002
YHR118C,YGR181W,0,-5.693832,0.12099221348762512,0.9169999957084656,0.6661999821662903
YER167W,YLR410W,0,-5.693894,0.12097625434398651,0.9169999957084656,0.6662999987602234
YML058W-A,YDL020C,0,-5.694097,0.1209602952003479,0.9169999957084656,0.6664000153541565
YEL061C,YOR287C,0,-5.6941104,0.12094434350728989,0.9169999957084656,0.6664999723434448
YHL006C,YHR060W,0,-5.6941934,0.12092839181423187,0.9169999957084656,0.6665999889373779
YFR030W,YHR172W,0,-5.6944146,0.12091244757175446,0.9169999957084656,0.666700005531311
YLR201C,YMR232W,0,-5.6945276,0.12089650332927704,0.9169999957084656,0.6668000221252441
YOL016C,YIL098C,0,-5.6947136,0.12088056653738022,0.9169999957084656,0.6668999791145325
YGL180W,YDR461W,0,-5.694852,0.120864637196064,0.9169999957084656,0.6669999957084656
YNL159C,YHL031C,0,-5.695354,0.12084870785474777,0.9169999957084656,0.6671000123023987
YHR053C,YIL119C,0,-5.6957636,0.12083278596401215,0.9169999957084656,0.6672000288963318
YOR157C,YCR106W,0,-5.696163,0.12081686407327652,0.9169999957084656,0.6672999858856201
YER177W,YGR156W,0,-5.6962013,0.12080094963312149,0.9169999957084656,0.6674000024795532
YNL172W,YFL041W,0,-5.696214,0.12078503519296646,0.9169999957084656,0.6675000190734863
YKL101W,YML131W,0,-5.696648,0.12076912820339203,0.9169999957084656,0.6675999760627747
YDL243C,YEL016C,0,-5.696752,0.1207532286643982,0.9169999957084656,0.6676999926567078
YBL022C,YPR178W,0,-5.6969714,0.12073732912540436,0.9169999957084656,0.6678000092506409
YHR148W,YKL070W,0,-5.697148,0.12072142958641052,0.9169999957084656,0.667900025844574
YIL084C,YBR097W,0,-5.697626,0.12070554494857788,0.9169999957084656,0.6679999828338623
YCL039W,YLR067C,0,-5.697863,0.12068965286016464,0.9169999957084656,0.6680999994277954
YNL220W,YJL065C,0,-5.6979456,0.1206737756729126,0.9169999957084656,0.6682000160217285
YDR151C,YOR320C,0,-5.6979933,0.12065789103507996,0.9169999957084656,0.6682999730110168
YKR007W,YPL237W,0,-5.698257,0.12064202129840851,0.9169999957084656,0.66839998960495
YDL132W,YOR056C,0,-5.6983953,0.12062615156173706,0.9169999957084656,0.6685000061988831
YJL003W,YDR346C,0,-5.6985703,0.12061028182506561,0.9169999957084656,0.6686000227928162
YOR266W,YDR075W,0,-5.6995378,0.12059442698955536,0.9169999957084656,0.6686999797821045
YNL020C,YNL327W,1,-5.699973,0.12071006000041962,0.9179999828338623,0.6686999797821045
YPR187W,YLR452C,0,-5.7000833,0.12069419026374817,0.9179999828338623,0.6687999963760376
YHL036W,YDR238C,0,-5.7002554,0.12067832052707672,0.9179999828338623,0.6689000129699707
YHR015W,YOR157C,0,-5.7003303,0.12066245824098587,0.9179999828338623,0.6690000295639038
YGR078C,YLR067C,0,-5.7005744,0.12064660340547562,0.9179999828338623,0.6690999865531921
YGL236C,YNL202W,0,-5.700666,0.12063074856996536,0.9179999828338623,0.6692000031471252
YIL065C,YNL164C,0,-5.700713,0.1206149011850357,0.9179999828338623,0.6693000197410583
YOL055C,YMR197C,0,-5.7011366,0.12059905380010605,0.9179999828338623,0.6693999767303467
YDL019C,YDR322C-A,0,-5.701361,0.12058321386575699,0.9179999828338623,0.6694999933242798
YML080W,YDR078C,0,-5.701603,0.12056737393140793,0.9179999828338623,0.6696000099182129
YMR305C,YMR104C,0,-5.701847,0.12055154144763947,0.9179999828338623,0.669700026512146
YDR091C,YDR515W,0,-5.7020645,0.1205357164144516,0.9179999828338623,0.6697999835014343
YOL043C,YAL017W,0,-5.7022824,0.12051989138126373,0.9179999828338623,0.6699000000953674
YDR318W,YDL085W,0,-5.7023354,0.12050406634807587,0.9179999828338623,0.6700000166893005
YCR093W,YLR133W,0,-5.7025304,0.1204882562160492,0.9179999828338623,0.6700999736785889
YLR405W,YIR012W,0,-5.703381,0.12047243863344193,0.9179999828338623,0.670199990272522
YML116W,YCR073C,0,-5.70371,0.12045663595199585,0.9179999828338623,0.6703000068664551
YDR377W,YHL036W,0,-5.7038035,0.12044082581996918,0.9179999828338623,0.6704000234603882
YBR121C,YGL066W,0,-5.704053,0.1204250305891037,0.9179999828338623,0.6704999804496765
YPR122W,YCL014W,1,-5.7047772,0.12054039537906647,0.9190000295639038,0.6704999804496765
YFL010W-A,YKL144C,0,-5.705174,0.12052459269762039,0.9190000295639038,0.6705999970436096
YFR024C-A,YCR008W,0,-5.705715,0.12050878256559372,0.9190000295639038,0.6707000136375427
YAL026C,YAR008W,0,-5.705831,0.12049298733472824,0.9190000295639038,0.670799970626831
YMR137C,YEL041W,0,-5.705872,0.12047719210386276,0.9190000295639038,0.6708999872207642
YOR298C-A,YDL200C,0,-5.706249,0.12046139687299728,0.9190000295639038,0.6710000038146973
YPL170W,YOL094C,0,-5.7062826,0.1204456090927124,0.9190000295639038,0.6711000204086304
YBL032W,YDR486C,0,-5.706305,0.12042982876300812,0.9190000295639038,0.6711999773979187
YLR056W,YGL044C,0,-5.706372,0.12041404843330383,0.9190000295639038,0.6712999939918518
YMR112C,YOR027W,0,-5.7067876,0.12039826810359955,0.9190000295639038,0.6714000105857849
YOL064C,YGL087C,0,-5.706912,0.12038250267505646,0.9190000295639038,0.671500027179718
YIR041W,YLR346C,0,-5.7069464,0.12036672979593277,0.9190000295639038,0.6715999841690063
YIL097W,YNR011C,0,-5.7069807,0.12035097181797028,0.9190000295639038,0.6717000007629395
YCR088W,YPR068C,0,-5.7081723,0.12033521384000778,0.9190000295639038,0.6718000173568726
YJR078W,YML023C,0,-5.708219,0.12031945586204529,0.9190000295639038,0.6718999743461609
YIL097W,YER089C,0,-5.7083507,0.12030370533466339,0.9190000295639038,0.671999990940094
YPL110C,YPL138C,0,-5.709293,0.1202879548072815,0.9190000295639038,0.6721000075340271
YCL025C,YDR284C,0,-5.709464,0.12027221918106079,0.9190000295639038,0.6722000241279602
YBL075C,YNL088W,0,-5.7094693,0.12025647610425949,0.9190000295639038,0.6722999811172485
YNR072W,YML034W,0,-5.7099843,0.12024074047803879,0.9190000295639038,0.6723999977111816
YFL010W-A,YPL146C,0,-5.710196,0.12022501230239868,0.9190000295639038,0.6725000143051147
YPL259C,YGL212W,0,-5.710999,0.12020928412675858,0.9190000295639038,0.6725999712944031
YPR135W,YNL210W,0,-5.711037,0.12019356340169907,0.9190000295639038,0.6726999878883362
YNR053C,YIL173W,0,-5.711214,0.12017785012722015,0.9190000295639038,0.6728000044822693
YAL003W,YDR320C,0,-5.7113748,0.12016213685274124,0.9190000295639038,0.6729000210762024
YCL032W,YDR320C,0,-5.7116017,0.12014642357826233,0.9190000295639038,0.6729999780654907
YPR042C,YML114C,0,-5.711654,0.12013071775436401,0.9190000295639038,0.6730999946594238
YPL006W,YLR240W,0,-5.7116714,0.1201150193810463,0.9190000295639038,0.6732000112533569
YHR082C,YLR026C,0,-5.711799,0.12009932100772858,0.9190000295639038,0.67330002784729
YBR217W,YOL066C,0,-5.7123113,0.12008363008499146,0.9190000295639038,0.6733999848365784
YMR038C,YGR123C,0,-5.7124333,0.12006793916225433,0.9190000295639038,0.6735000014305115
YBR186W,YPR181C,0,-5.712584,0.12005225569009781,0.9190000295639038,0.6736000180244446
YBL050W,YGR047C,0,-5.7125916,0.12003657221794128,0.9190000295639038,0.6736999750137329
YMR056C,YBL022C,0,-5.7134166,0.12002089619636536,0.9190000295639038,0.673799991607666
YOL061W,YGR111W,0,-5.7134457,0.12000522017478943,0.9190000295639038,0.6739000082015991
YNL166C,YOR301W,1,-5.7136025,0.12012012302875519,0.9200000166893005,0.6739000082015991
YML005W,YIR026C,0,-5.713687,0.12010443955659866,0.9200000166893005,0.6740000247955322
YOL069W,YCR073C,0,-5.714013,0.12008876353502274,0.9200000166893005,0.6740999817848206
YKR048C,YIL017C,0,-5.7144604,0.12007308751344681,0.9200000166893005,0.6741999983787537
YPL031C,YBR171W,0,-5.715277,0.12005741894245148,0.9200000166893005,0.6743000149726868
YDR420W,YGR152C,1,-5.7153773,0.12017223238945007,0.9210000038146973,0.6743000149726868
YGL173C,YOR130C,0,-5.715435,0.12015655636787415,0.9210000038146973,0.6743999719619751
YDR251W,YHR001W-A,0,-5.715597,0.12014088034629822,0.9210000038146973,0.6744999885559082
YNL142W,YKL079W,0,-5.715799,0.12012521177530289,0.9210000038146973,0.6746000051498413
YHR193C,YCL069W,0,-5.715917,0.12010954320430756,0.9210000038146973,0.6747000217437744
YNR049C,YGL162W,0,-5.7168984,0.12009388208389282,0.9210000038146973,0.6747999787330627
YDR358W,YLR321C,0,-5.716942,0.12007822841405869,0.9210000038146973,0.6748999953269958
YOL044W,YMR234W,0,-5.7175155,0.12006257474422455,0.9210000038146973,0.675000011920929
YLR056W,YOL023W,0,-5.7175345,0.12004692107439041,0.9210000038146973,0.6751000285148621
YOR032C,YDR477W,0,-5.717611,0.12003127485513687,0.9210000038146973,0.6751999855041504
YLR009W,YDR190C,0,-5.717758,0.12001563608646393,0.9210000038146973,0.6753000020980835
YOL082W,YPL130W,0,-5.7178206,0.11999999731779099,0.9210000038146973,0.6754000186920166
YKL114C,YKL117W,0,-5.7181315,0.11998436599969864,0.9210000038146973,0.6754999756813049
YPR144C,YDR200C,0,-5.718229,0.11996873468160629,0.9210000038146973,0.675599992275238
YEL030W,YBL093C,0,-5.7184114,0.11995311081409454,0.9210000038146973,0.6757000088691711
YGL256W,YIL073C,0,-5.719219,0.11993749439716339,0.9210000038146973,0.6758000254631042
YCL051W,YMR053C,0,-5.719242,0.11992187798023224,0.9210000038146973,0.6758999824523926
YKL021C,YHR042W,0,-5.7196136,0.11990626156330109,0.9210000038146973,0.6759999990463257
YMR260C,YDR027C,0,-5.7197347,0.11989065259695053,0.9210000038146973,0.6761000156402588
YJR076C,YDR166C,1,-5.719817,0.12000520527362823,0.921999990940094,0.6761000156402588
YJL194W,YNR038W,0,-5.7199244,0.11998958885669708,0.921999990940094,0.6761999726295471
YOL016C,YLR260W,0,-5.7202277,0.11997397243976593,0.921999990940094,0.6762999892234802
YHL003C,YJR126C,0,-5.7202377,0.11995836347341537,0.921999990940094,0.6764000058174133
YML086C,YJR097W,0,-5.7203574,0.11994276195764542,0.921999990940094,0.6765000224113464
YDL019C,YJR010C-A,0,-5.720514,0.11992716044187546,0.921999990940094,0.6765999794006348
YBR079C,YLR448W,0,-5.7206044,0.1199115589261055,0.921999990940094,0.6766999959945679
YOR094W,YHR169W,0,-5.7206903,0.11989597231149673,0.921999990940094,0.676800012588501
YNL130C,YPR187W,0,-5.7211814,0.11988037824630737,0.921999990940094,0.6769000291824341
YNL334C,YMR054W,0,-5.7213225,0.11986479163169861,0.921999990940094,0.6769999861717224
YOL016C,YPR181C,0,-5.7214394,0.11984921246767044,0.921999990940094,0.6771000027656555
YPL268W,YNL229C,0,-5.7214727,0.11983363330364227,0.921999990940094,0.6772000193595886
YPL194W,YOR073W,0,-5.721803,0.1198180615901947,0.921999990940094,0.677299976348877
YPR200C,YOR272W,0,-5.7221384,0.11980249732732773,0.921999990940094,0.6773999929428101
YPR164W,YBR293W,0,-5.722252,0.11978693306446075,0.921999990940094,0.6775000095367432
YCR039C,YDR464W,0,-5.7224174,0.11977136880159378,0.921999990940094,0.6776000261306763
YOL144W,YLR372W,0,-5.7226243,0.1197558119893074,0.921999990940094,0.6776999831199646
YDR123C,YBL057C,0,-5.7231846,0.11974026262760162,0.921999990940094,0.6777999997138977
YCR002C,YAR019C,1,-5.7239776,0.11985456198453903,0.9229999780654907,0.6777999997138977
YOL133W,YGR280C,0,-5.7240233,0.11983900517225266,0.9229999780654907,0.6779000163078308
YBR286W,YKR046C,0,-5.724167,0.11982344835996628,0.9229999780654907,0.6779999732971191
YBL002W,YBL035C,0,-5.7244887,0.1198078915476799,0.9229999780654907,0.6780999898910522
YBL045C,YEL051W,0,-5.7244897,0.11979234218597412,0.9229999780654907,0.6782000064849854
YJR091C,YGL210W,0,-5.725424,0.11977680027484894,0.9229999780654907,0.6783000230789185
YIL132C,YJL059W,0,-5.7254825,0.11976125836372375,0.9229999780654907,0.6783999800682068
YMR246W,YOR290C,0,-5.7258086,0.11974571645259857,0.9229999780654907,0.6784999966621399
YJR125C,YOR221C,0,-5.725817,0.11973018199205399,0.9229999780654907,0.678600013256073
YKR002W,YLR191W,0,-5.725824,0.11971465498209,0.9229999780654907,0.6786999702453613
YIL037C,YDR167W,0,-5.726007,0.11969912797212601,0.9229999780654907,0.6787999868392944
YMR316W,YBR021W,0,-5.726175,0.11968360841274261,0.9229999780654907,0.6789000034332275
YNR019W,YER161C,0,-5.726321,0.11966809630393982,0.9229999780654907,0.6790000200271606
YPL075W,YHR165C,0,-5.7266593,0.11965257674455643,0.9229999780654907,0.679099977016449
YGL062W,YDR065W,0,-5.726709,0.11963707208633423,0.9229999780654907,0.6791999936103821
YNL166C,YLR286C,1,-5.726816,0.11975116282701492,0.9240000247955322,0.6791999936103821
YDR397C,YNL025C,0,-5.7273393,0.11973565071821213,0.9240000247955322,0.6793000102043152
YBR290W,YIL109C,0,-5.7273836,0.11972013115882874,0.9240000247955322,0.6794000267982483
YLR127C,YDL216C,0,-5.727573,0.11970462650060654,0.9240000247955322,0.6794999837875366
YHR175W,YNL062C,0,-5.7279525,0.11968912184238434,0.9240000247955322,0.6796000003814697
YCR088W,YPR185W,0,-5.728975,0.11967361718416214,0.9240000247955322,0.6797000169754028
YCR067C,YHR152W,0,-5.729406,0.11965811997652054,0.9240000247955322,0.6797999739646912
YDR369C,YOR172W,0,-5.730104,0.11964262276887894,0.9240000247955322,0.6798999905586243
YKL051W,YDR416W,0,-5.7301803,0.11962713301181793,0.9240000247955322,0.6800000071525574
YDR388W,YNL243W,1,-5.7305408,0.11974109709262848,0.925000011920929,0.6800000071525574
YDL200C,YNL072W,0,-5.7305703,0.11972559988498688,0.925000011920929,0.6801000237464905
YNL101W,YGL098W,0,-5.7306495,0.11971011012792587,0.925000011920929,0.6801999807357788
YML031W,YLL056C,0,-5.7309365,0.11969462037086487,0.925000011920929,0.6802999973297119
YMR095C,YKR031C,0,-5.7309556,0.11967913061380386,0.925000011920929,0.680400013923645
YLR220W,YBR093C,0,-5.731156,0.11966364830732346,0.925000011920929,0.6804999709129333
YPR112C,YKL019W,0,-5.7315474,0.11964816600084305,0.925000011920929,0.6805999875068665
YOL094C,YBR154C,0,-5.7316327,0.11963269859552383,0.925000011920929,0.6807000041007996
YDL115C,YER082C,0,-5.731651,0.11961722373962402,0.925000011920929,0.6808000206947327
YDR244W,YFL059W,0,-5.731748,0.11960175633430481,0.925000011920929,0.680899977684021
YBL098W,YDR098C,0,-5.732103,0.11958629637956619,0.925000011920929,0.6809999942779541
YDL227C,YKL095W,0,-5.7334223,0.11957083642482758,0.925000011920929,0.6811000108718872
YKL193C,YLR321C,0,-5.733747,0.11955538392066956,0.925000011920929,0.6812000274658203
YBL078C,YPL170W,0,-5.733781,0.11953993141651154,0.925000011920929,0.6812999844551086
YOR335C,YBR168W,0,-5.733856,0.11952448636293411,0.925000011920929,0.6814000010490417
YDL079C,YHR143W-A,0,-5.7340097,0.11950904130935669,0.925000011920929,0.6815000176429749
YJL129C,YEL041W,0,-5.73411,0.11949360370635986,0.925000011920929,0.6815999746322632
YAR008W,YLR147C,0,-5.7343373,0.11947817355394363,0.925000011920929,0.6816999912261963
YEL018W,YPR133W-A,0,-5.734515,0.1194627434015274,0.925000011920929,0.6818000078201294
YOR026W,YDR425W,0,-5.7347035,0.11944731324911118,0.925000011920929,0.6819000244140625
YFR014C,YEL050C,0,-5.7347503,0.11943189054727554,0.925000011920929,0.6819999814033508
YGR224W,YOR003W,0,-5.7352657,0.11941647529602051,0.925000011920929,0.6820999979972839
YDL220C,YMR137C,0,-5.735328,0.11940106004476547,0.925000011920929,0.682200014591217
YDR450W,YDR167W,0,-5.735974,0.11938564479351044,0.925000011920929,0.6822999715805054
YHR169W,YLR002C,0,-5.7362475,0.1193702444434166,0.925000011920929,0.6823999881744385
YKL191W,YMR096W,0,-5.736919,0.11935483664274216,0.925000011920929,0.6825000047683716
YHL048W,YDR407C,0,-5.7370276,0.11933944374322891,0.925000011920929,0.6826000213623047
YOR057W,YOR297C,0,-5.737143,0.11932404339313507,0.925000011920929,0.682699978351593
YKL185W,YJL069C,0,-5.737214,0.11930865794420242,0.925000011920929,0.6827999949455261
YDR166C,YDR328C,1,-5.737393,0.11942223459482193,0.9259999990463257,0.6827999949455261
YNL075W,YJR010C-A,0,-5.737677,0.11940683424472809,0.9259999990463257,0.6829000115394592
YLL009C,YBL041W,0,-5.7381134,0.11939144134521484,0.9259999990463257,0.6830000281333923
YHR072W,YKL051W,0,-5.738376,0.1193760484457016,0.9259999990463257,0.6830999851226807
YDR480W,YPR083W,0,-5.7385626,0.11936066299676895,0.9259999990463257,0.6832000017166138
YDL101C,YDR381W,0,-5.739008,0.1193452775478363,0.9259999990463257,0.6833000183105469
YAR019C,YOR301W,1,-5.73906,0.11945876479148865,0.9269999861717224,0.6833000183105469
YJR125C,YGR281W,0,-5.7391105,0.1194433718919754,0.9269999861717224,0.6833999752998352
YBR245C,YGL035C,0,-5.7394276,0.11942797899246216,0.9269999861717224,0.6834999918937683
YIR005W,YAL025C,0,-5.7394385,0.11941260099411011,0.9269999861717224,0.6836000084877014
YOR377W,YCR098C,0,-5.7395387,0.11939721554517746,0.9269999861717224,0.6837000250816345
YHR001W-A,YFR031C,0,-5.7398067,0.119381844997406,0.9269999861717224,0.6837999820709229
YLR097C,YPL121C,0,-5.7402616,0.11936646699905396,0.9269999861717224,0.683899998664856
YML092C,YPL283C,0,-5.7402935,0.1193511039018631,0.9269999861717224,0.6840000152587891
YBR155W,YDR218C,0,-5.7404838,0.11933573335409164,0.9269999861717224,0.6840999722480774
YHR072W,YDR487C,0,-5.7405734,0.11932037770748138,0.9269999861717224,0.6841999888420105
YBR059C,YLR256W,0,-5.7407184,0.11930502206087112,0.9269999861717224,0.6843000054359436
YJR125C,YLR147C,0,-5.740823,0.11928966641426086,0.9269999861717224,0.6844000220298767
YNR010W,YGL167C,0,-5.7408967,0.1192743182182312,0.9269999861717224,0.684499979019165
YCR093W,YBL040C,0,-5.741231,0.11925897002220154,0.9269999861717224,0.6845999956130981
YJL006C,YBL093C,0,-5.741654,0.11924362927675247,0.9269999861717224,0.6847000122070312
YKL062W,YGL212W,0,-5.7416983,0.119228295981884,0.9269999861717224,0.6848000288009644
YKL129C,YDR328C,1,-5.742143,0.11934156715869904,0.9279999732971191,0.6848000288009644
YIL033C,YCR020W-B,0,-5.7421794,0.11932621896266937,0.9279999732971191,0.6848999857902527
YKR055W,YCR042C,0,-5.742355,0.1193108782172203,0.9279999732971191,0.6850000023841858
YBR177C,YEL022W,0,-5.7424426,0.11929553747177124,0.9279999732971191,0.6851000189781189
YIL018W,YNL064C,0,-5.742555,0.11928020417690277,0.9279999732971191,0.6851999759674072
YDR440W,YBR093C,0,-5.742983,0.1192648783326149,0.9279999732971191,0.6852999925613403
YLR411W,YDL097C,0,-5.742988,0.11924955248832703,0.9279999732971191,0.6854000091552734
YDR009W,YOR087W,0,-5.7432933,0.11923422664403915,0.9279999732971191,0.6855000257492065
YPL159C,YBR256C,0,-5.743497,0.11921890825033188,0.9279999732971191,0.6855999827384949
YIL004C,YDL083C,0,-5.743509,0.1192035973072052,0.9279999732971191,0.685699999332428
YLR206W,YDR078C,0,-5.74357,0.11918828636407852,0.9279999732971191,0.6858000159263611
YJR119C,YKR059W,0,-5.7436156,0.11917298287153244,0.9279999732971191,0.6858999729156494
YGR040W,YGL035C,0,-5.7436604,0.11915767937898636,0.9279999732971191,0.6859999895095825
YGR213C,YBL055C,0,-5.7439723,0.11914238333702087,0.9279999732971191,0.6861000061035156
YPL212C,YFL036W,0,-5.744146,0.11912708729505539,0.9279999732971191,0.6862000226974487
YNL188W,YHR197W,0,-5.744514,0.1191117987036705,0.9279999732971191,0.6862999796867371
YMR073C,YPL118W,0,-5.74519,0.11909651011228561,0.9279999732971191,0.6863999962806702
YCR094W,YFL018C,0,-5.745531,0.11908122897148132,0.9279999732971191,0.6865000128746033
YGL016W,YER024W,0,-5.746202,0.11906594783067703,0.9279999732971191,0.6866000294685364
YOR367W,YBR077C,0,-5.746253,0.11905067414045334,0.9279999732971191,0.6866999864578247
YMR260C,YOR064C,0,-5.7463794,0.11903540045022964,0.9279999732971191,0.6868000030517578
YHR030C,YGR129W,0,-5.746593,0.11902013421058655,0.9279999732971191,0.6869000196456909
YKL176C,YNL264C,0,-5.7467103,0.11900487542152405,0.9279999732971191,0.6869999766349792
YGR119C,YAL005C,0,-5.746753,0.11898961663246155,0.9279999732971191,0.6870999932289124
YOL148C,YKL035W,0,-5.7473254,0.11897435784339905,0.9279999732971191,0.6872000098228455
YLR158C,YBR217W,0,-5.7473836,0.11895910650491714,0.9279999732971191,0.6873000264167786
YOR249C,YGR059W,0,-5.7480006,0.11894386261701584,0.9279999732971191,0.6873999834060669
YNL259C,YMR285C,0,-5.7487435,0.11892861872911453,0.9279999732971191,0.6875
YML093W,YHR048W,0,-5.7488003,0.11891337484121323,0.9279999732971191,0.6876000165939331
YNL004W,YER018C,0,-5.7488365,0.11889814585447311,0.9279999732971191,0.6876999735832214
YDR236C,YPL248C,0,-5.749195,0.1188829094171524,0.9279999732971191,0.6877999901771545
YFR014C,YPL098C,0,-5.7494082,0.11886768043041229,0.9279999732971191,0.6879000067710876
YLR295C,YMR005W,0,-5.7500834,0.11885245889425278,0.9279999732971191,0.6880000233650208
YGR267C,YDR116C,0,-5.7507963,0.11883723735809326,0.9279999732971191,0.6880999803543091
YPR052C,YDR065W,0,-5.751929,0.11882202327251434,0.9279999732971191,0.6881999969482422
YOR371C,YNL330C,0,-5.7521873,0.11880680918693542,0.9279999732971191,0.6883000135421753
YDR288W,YKR014C,0,-5.752724,0.1187916025519371,0.9279999732971191,0.6883999705314636
YML123C,YKR089C,0,-5.7528424,0.11877639591693878,0.9279999732971191,0.6884999871253967
YHR053C,YPR067W,0,-5.752997,0.11876119673252106,0.9279999732971191,0.6886000037193298
YML095C,YDL059C,0,-5.753117,0.11874600499868393,0.9279999732971191,0.6887000203132629
YLR295C,YDL138W,0,-5.753574,0.1187308058142662,0.9279999732971191,0.6887999773025513
YAL035W,YER042W,0,-5.7535768,0.11871562153100967,0.9279999732971191,0.6888999938964844
YOR299W,YNL110C,1,-5.753984,0.11882834136486053,0.9290000200271606,0.6888999938964844
YNL129W,YDL036C,0,-5.7541513,0.11881314963102341,0.9290000200271606,0.6890000104904175
YKL048C,YGL054C,1,-5.7543006,0.11892583221197128,0.9300000071525574,0.6890000104904175
YCR089W,YOR157C,0,-5.754548,0.11891062557697296,0.9300000071525574,0.6891000270843506
YNR044W,YMR199W,0,-5.754768,0.11889542639255524,0.9300000071525574,0.6891999840736389
YJL006C,YHR055C,0,-5.7547817,0.11888022720813751,0.9300000071525574,0.689300000667572
YKL185W,YPL269W,0,-5.755225,0.11886502802371979,0.9300000071525574,0.6894000172615051
YLR158C,YBR273C,0,-5.755372,0.11884984374046326,0.9300000071525574,0.6894999742507935
YMR078C,YJL011C,0,-5.7555075,0.11883465200662613,0.9300000071525574,0.6895999908447266
YDL175C,YLR069C,0,-5.7555804,0.1188194677233696,0.9300000071525574,0.6897000074386597
YER070W,YJL059W,0,-5.7556367,0.11880429089069366,0.9300000071525574,0.6898000240325928
YML071C,YFL033C,0,-5.75567,0.11878911405801773,0.9300000071525574,0.6898999810218811
YBL069W,YKR031C,0,-5.756001,0.1187739446759224,0.9300000071525574,0.6899999976158142
YDR162C,YJL204C,0,-5.756108,0.11875878274440765,0.9300000071525574,0.6901000142097473
YPL167C,YAL005C,0,-5.756376,0.11874361336231232,0.9300000071525574,0.6901999711990356
YMR237W,YLR309C,0,-5.7564483,0.11872845888137817,0.9300000071525574,0.6902999877929688
YNL302C,YGR002C,0,-5.756676,0.11871330440044403,0.9300000071525574,0.6904000043869019
YLR170C,YPR134W,0,-5.7567873,0.11869814991950989,0.9300000071525574,0.690500020980835
YGL025C,YER024W,0,-5.7568994,0.11868300288915634,0.9300000071525574,0.6905999779701233
YER116C,YAL009W,0,-5.757075,0.1186678558588028,0.9300000071525574,0.6906999945640564
YBR079C,YOR027W,0,-5.757389,0.11865271627902985,0.9300000071525574,0.6908000111579895
YPL154C,YLR193C,0,-5.7577095,0.1186375841498375,0.9300000071525574,0.6909000277519226
YEL062W,YLR240W,0,-5.7577395,0.11862245202064514,0.9300000071525574,0.6909999847412109
YOR037W,YEL032W,0,-5.7583766,0.11860731989145279,0.9300000071525574,0.691100001335144
YKL011C,YAL030W,0,-5.7585683,0.11859219521284103,0.9300000071525574,0.6912000179290771
YFR029W,YOR106W,0,-5.7586884,0.11857707798480988,0.9300000071525574,0.6912999749183655
YLR068W,YOR362C,0,-5.758696,0.11856196075677872,0.9300000071525574,0.6913999915122986
YNL223W,YGL144C,0,-5.758783,0.11854684352874756,0.9300000071525574,0.6915000081062317
YBR036C,YLR193C,0,-5.759089,0.118531733751297,0.9300000071525574,0.6916000247001648
YER106W,YLR292C,0,-5.7592816,0.11851663142442703,0.9300000071525574,0.6916999816894531
YBR154C,YHR083W,0,-5.759366,0.11850152909755707,0.9300000071525574,0.6917999982833862
YOL013C,YIR018W,0,-5.7595735,0.1184864342212677,0.9300000071525574,0.6919000148773193
YDR055W,YFR040W,0,-5.760024,0.11847133934497833,0.9300000071525574,0.6919999718666077
YDR009W,YGL115W,0,-5.760112,0.11845624446868896,0.9300000071525574,0.6920999884605408
YGL012W,YFR003C,0,-5.760404,0.11844116449356079,0.9300000071525574,0.6922000050544739
YJR118C,YDL120W,0,-5.7607064,0.11842607706785202,0.9300000071525574,0.692300021648407
YOR023C,YNL138W,0,-5.760936,0.11841099709272385,0.9300000071525574,0.6923999786376953
YJL058C,YLR263W,0,-5.761147,0.11839592456817627,0.9300000071525574,0.6924999952316284
YGR239C,YJR049C,0,-5.761375,0.11838085204362869,0.9300000071525574,0.6926000118255615
YPL125W,YBR223C,0,-5.7614603,0.11836578696966171,0.9300000071525574,0.6927000284194946
YOR136W,YKL006C-A,0,-5.7618456,0.11835072189569473,0.9300000071525574,0.692799985408783
YDL102W,YHR079C-A,0,-5.762588,0.11833566427230835,0.9300000071525574,0.6929000020027161
YNL173C,YHR200W,0,-5.7628403,0.11832061409950256,0.9300000071525574,0.6930000185966492
YHR043C,YBL017C,0,-5.7631836,0.11830555647611618,0.9300000071525574,0.6930999755859375
YLR424W,YOR129C,0,-5.7632947,0.11829051375389099,0.9300000071525574,0.6931999921798706
YPL154C,YOL147C,0,-5.7643223,0.1182754710316658,0.9300000071525574,0.6933000087738037
YNL112W,YNL263C,0,-5.7645183,0.11826042830944061,0.9300000071525574,0.6934000253677368
YLR084C,YOL113W,1,-5.764685,0.11837253719568253,0.9309999942779541,0.6934000253677368
YJR078W,YDR386W,0,-5.7646976,0.11835748702287674,0.9309999942779541,0.6934999823570251
YGL175C,YBR258C,0,-5.7658553,0.11834244430065155,0.9309999942779541,0.6935999989509583
YOL077W-A,YMR036C,0,-5.766016,0.11832740157842636,0.9309999942779541,0.6937000155448914
YLR141W,YIL061C,0,-5.7660966,0.11831236630678177,0.9309999942779541,0.6937999725341797
YKR024C,YDR218C,0,-5.7662425,0.11829733103513718,0.9309999942779541,0.6938999891281128
YPL063W,YDR451C,0,-5.7666373,0.11828230321407318,0.9309999942779541,0.6940000057220459
YNL008C,YPL161C,0,-5.766847,0.11826727539300919,0.9309999942779541,0.694100022315979
YNR010W,YDR190C,0,-5.7669663,0.11825225502252579,0.9309999942779541,0.6941999793052673
YOR085W,YJL098W,0,-5.767124,0.11823723465204239,0.9309999942779541,0.6942999958992004
YJR076C,YDR420W,1,-5.7672057,0.11834920942783356,0.9319999814033508,0.6942999958992004
YCR040W,YDR382W,0,-5.767424,0.11833418160676956,0.9319999814033508,0.6944000124931335
YDR159W,YGR197C,0,-5.7677617,0.11831915378570557,0.9319999814033508,0.6945000290870667
YNL186W,YIL077C,0,-5.7677817,0.11830414086580276,0.9319999814033508,0.694599986076355
YCR075C,YOL102C,0,-5.767819,0.11828912049531937,0.9319999814033508,0.6947000026702881
YLR380W,YKR065C,0,-5.7680764,0.11827411502599716,0.9319999814033508,0.6948000192642212
YPL159C,YJR046W,0,-5.768346,0.11825910210609436,0.9319999814033508,0.6948999762535095
YGL087C,YLR016C,0,-5.768951,0.11824410408735275,0.9319999814033508,0.6949999928474426
YJR040W,YPL174C,0,-5.769132,0.11822909861803055,0.9319999814033508,0.6951000094413757
YBL026W,YOR298C-A,0,-5.769154,0.11821410804986954,0.9319999814033508,0.6952000260353088
YAL056W,YFL004W,0,-5.769195,0.11819911003112793,0.9319999814033508,0.6952999830245972
YJL198W,YDR057W,0,-5.7696576,0.11818412691354752,0.9319999814033508,0.6953999996185303
YIL066C,YIL016W,0,-5.769872,0.1181691363453865,0.9319999814033508,0.6955000162124634
YLR228C,YPR138C,0,-5.7699676,0.11815416067838669,0.9319999814033508,0.6955999732017517
YOR245C,YNL328C,0,-5.770266,0.11813917756080627,0.9319999814033508,0.6956999897956848
YBR093C,YOR256C,0,-5.7702775,0.11812420934438705,0.9319999814033508,0.6958000063896179
YHR061C,YNL110C,1,-5.770319,0.11823596805334091,0.9330000281333923,0.6958000063896179
YCL059C,YDL134C,0,-5.770406,0.1182209849357605,0.9330000281333923,0.695900022983551
YBR236C,YPL153C,0,-5.770719,0.11820600181818008,0.9330000281333923,0.6959999799728394
YLR106C,YNR034W,0,-5.7710905,0.11819103360176086,0.9330000281333923,0.6960999965667725
YLL022C,YGL257C,0,-5.771334,0.11817605793476105,0.9330000281333923,0.6962000131607056
YLR216C,YNL318C,0,-5.7715383,0.11816109716892242,0.9330000281333923,0.6963000297546387
YGL004C,YDL064W,0,-5.7718124,0.1181461289525032,0.9330000281333923,0.696399986743927
YOR079C,YER159C,0,-5.771835,0.11813117563724518,0.9330000281333923,0.6965000033378601
YIL002C,YNL317W,0,-5.7726417,0.11811621487140656,0.9330000281333923,0.6966000199317932
YCR071C,YLR424W,0,-5.7727304,0.11810126900672913,0.9330000281333923,0.6966999769210815
YJR069C,YJR074W,0,-5.7728105,0.1180863156914711,0.9330000281333923,0.6967999935150146
YAL044C,YKL166C,0,-5.7728715,0.11807137727737427,0.9330000281333923,0.6969000101089478
YPL140C,YGR135W,0,-5.7728796,0.11805643141269684,0.9330000281333923,0.6970000267028809
YGR224W,YLR350W,0,-5.773669,0.1180415004491806,0.9330000281333923,0.6970999836921692
YKL108W,YIL056W,0,-5.774413,0.11802656203508377,0.9330000281333923,0.6972000002861023
YKL011C,YBR079C,0,-5.774572,0.11801163852214813,0.9330000281333923,0.6973000168800354
YER035W,YGL039W,0,-5.7748346,0.1179967150092125,0.9330000281333923,0.6973999738693237
YDL192W,YHR188C,0,-5.7748485,0.11798179149627686,0.9330000281333923,0.6974999904632568
YBR020W,YDR389W,0,-5.7752156,0.11796687543392181,0.9330000281333923,0.6976000070571899
YJR158W,YLR014C,0,-5.7756867,0.11795195937156677,0.9330000281333923,0.697700023651123
YDR005C,YGR212W,0,-5.775705,0.11793705075979233,0.9330000281333923,0.6977999806404114
YJL008C,YHR014W,0,-5.7757225,0.11792214214801788,0.9330000281333923,0.6978999972343445
YPR052C,YPL157W,0,-5.7761464,0.11790724098682404,0.9330000281333923,0.6980000138282776
YKR003W,YAL002W,0,-5.7763934,0.11789233982563019,0.9330000281333923,0.6980999708175659
YGL171W,YBR048W,0,-5.7770114,0.11787744611501694,0.9330000281333923,0.698199987411499
YNL271C,YCR002C,1,-5.7773085,0.11798888444900513,0.9340000152587891,0.698199987411499
YOR193W,YCL020W,0,-5.7774057,0.11797398328781128,0.9340000152587891,0.6983000040054321
YDR046C,YCL010C,0,-5.7775445,0.11795908212661743,0.9340000152587891,0.6984000205993652
YNL147W,YDR409W,0,-5.777893,0.11794418841600418,0.9340000152587891,0.6984999775886536
YOR236W,YOL044W,0,-5.7781825,0.11792929470539093,0.9340000152587891,0.6985999941825867
YAL005C,YIL063C,0,-5.7784085,0.11791440844535828,0.9340000152587891,0.6987000107765198
YOL090W,YAR031W,0,-5.778418,0.11789952218532562,0.9340000152587891,0.6988000273704529
YKL146W,YPL146C,0,-5.778772,0.11788464337587357,0.9340000152587891,0.6988999843597412
YML129C,YGL018C,0,-5.7789025,0.11786976456642151,0.9340000152587891,0.6990000009536743
YOR310C,YNL304W,0,-5.779094,0.11785489320755005,0.9340000152587891,0.6991000175476074
YMR161W,YNL070W,0,-5.7794385,0.11784002184867859,0.9340000152587891,0.6991999745368958
YOL059W,YGR121C,0,-5.779473,0.11782515794038773,0.9340000152587891,0.6992999911308289
YEL003W,YGL068W,0,-5.779588,0.11781029403209686,0.9340000152587891,0.699400007724762
YMR219W,YJL072C,0,-5.779814,0.1177954375743866,0.9340000152587891,0.6995000243186951
YJR025C,YGR188C,0,-5.779881,0.11778058111667633,0.9340000152587891,0.6995999813079834
YNL173C,YAL010C,0,-5.779987,0.11776573210954666,0.9340000152587891,0.6996999979019165
YLR219W,YKL214C,0,-5.7799964,0.11775088310241699,0.9340000152587891,0.6998000144958496
YIR018W,YDL120W,0,-5.7800226,0.11773604154586792,0.9340000152587891,0.6998999714851379
YER155C,YJL026W,0,-5.780125,0.11772119998931885,0.9340000152587891,0.699999988079071
YBR205W,YNL054W,0,-5.7801623,0.11770636588335037,0.9340000152587891,0.7001000046730042
YPL021W,YNL026W,0,-5.780516,0.1176915317773819,0.9340000152587891,0.7002000212669373
YLR066W,YDR260C,0,-5.7805314,0.11767670512199402,0.9340000152587891,0.7002999782562256
YKR068C,YLR438C-A,0,-5.7806964,0.11766187846660614,0.9340000152587891,0.7003999948501587
YBR171W,YOR344C,0,-5.781326,0.11764705926179886,0.9340000152587891,0.7005000114440918
YKL025C,YEL041W,0,-5.781343,0.11763224005699158,0.9340000152587891,0.7006000280380249
YMR056C,YAL034W-A,0,-5.781453,0.11761742830276489,0.9340000152587891,0.7006999850273132
YOR023C,YDR021W,0,-5.781585,0.11760261654853821,0.9340000152587891,0.7008000016212463
YMR316W,YMR052W,0,-5.781775,0.11758781224489212,0.9340000152587891,0.7009000182151794
YER127W,YKL055C,0,-5.78196,0.11757300794124603,0.9340000152587891,0.7009999752044678
YDR309C,YDR129C,1,-5.7820153,0.11768408119678497,0.9350000023841858,0.7009999752044678
YCR088W,YBL019W,0,-5.7821965,0.11766926944255829,0.9350000023841858,0.7010999917984009
YDR118W,YHR015W,0,-5.7825828,0.1176544576883316,0.9350000023841858,0.701200008392334
YNL173C,YLR002C,0,-5.782763,0.11763966083526611,0.9350000023841858,0.7013000249862671
YJR084W,YLR254C,0,-5.782888,0.11762485653162003,0.9350000023841858,0.7013999819755554
YOL044W,YOR027W,0,-5.783474,0.11761005967855453,0.9350000023841858,0.7014999985694885
YDR216W,YBR109C,0,-5.783534,0.11759527027606964,0.9350000023841858,0.7016000151634216
YDR363W,YHR187W,0,-5.783543,0.11758048087358475,0.9350000023841858,0.70169997215271
YAR033W,YDL106C,0,-5.7838216,0.11756569892168045,0.9350000023841858,0.7017999887466431
YLR384C,YDR297W,0,-5.7842984,0.11755091696977615,0.9350000023841858,0.7019000053405762
YBR205W,YJL210W,0,-5.784485,0.11753614246845245,0.9350000023841858,0.7020000219345093
YNL065W,YPR016C,0,-5.784515,0.11752136796712875,0.9350000023841858,0.7020999789237976
YHR086W,YPR191W,0,-5.784723,0.11750660091638565,0.9350000023841858,0.7021999955177307
YGR119C,YOR356W,0,-5.7848415,0.11749183386564255,0.9350000023841858,0.7023000121116638
YER006W,YOR315W,0,-5.785119,0.11747706681489944,0.9350000023841858,0.7024000287055969
YMR250W,YDR288W,0,-5.7853885,0.11746231466531754,0.9350000023841858,0.7024999856948853
YPL170W,YDR478W,0,-5.785415,0.11744755506515503,0.9350000023841858,0.7026000022888184
YBR145W,YER151C,0,-5.785573,0.11743280291557312,0.9350000023841858,0.7027000188827515
YPR111W,YDL006W,0,-5.7858233,0.11741805821657181,0.9350000023841858,0.7027999758720398
YDR093W,YKL021C,0,-5.7858424,0.1174033135175705,0.9350000023841858,0.7028999924659729
YDR386W,YLR266C,0,-5.78589,0.11738857626914978,0.9350000023841858,0.703000009059906
YDR432W,YBR081C,0,-5.786263,0.11737383902072906,0.9350000023841858,0.7031000256538391
YIL124W,YPL262W,0,-5.7864614,0.11735910922288895,0.9350000023841858,0.7031999826431274
YGL236C,YGR091W,0,-5.7864833,0.11734437942504883,0.9350000023841858,0.7032999992370605
YER177W,YNL014W,0,-5.7868485,0.11732964962720871,0.9350000023841858,0.7034000158309937
YDR141C,YHR034C,0,-5.7868514,0.11731492727994919,0.9350000023841858,0.703499972820282
YIL002C,YDL020C,0,-5.78797,0.11730021238327026,0.9350000023841858,0.7035999894142151
YCL026C-A,YLR264W,0,-5.788022,0.11728549748659134,0.9350000023841858,0.7037000060081482
YLR259C,YDR341C,0,-5.7881484,0.11727079004049301,0.9350000023841858,0.7038000226020813
YLR117C,YMR011W,0,-5.788197,0.11725608259439468,0.9350000023841858,0.7038999795913696
YPR185W,YOL017W,0,-5.7882075,0.11724138259887695,0.9350000023841858,0.7039999961853027
YMR052W,YDR208W,0,-5.7882953,0.11722668260335922,0.9350000023841858,0.7041000127792358
YNL128W,YGR186W,0,-5.788669,0.11721198260784149,0.9350000023841858,0.704200029373169
YGL166W,YIL072W,0,-5.7890162,0.11719729006290436,0.9350000023841858,0.7042999863624573
YBR202W,YDR231C,0,-5.7891135,0.11718260496854782,0.9350000023841858,0.7044000029563904
YLR145W,YGR296W,0,-5.789556,0.11716791987419128,0.9350000023841858,0.7045000195503235
YNL021W,YJR127C,0,-5.790485,0.11715324223041534,0.9350000023841858,0.7045999765396118
YNL074C,YGR181W,0,-5.79057,0.1171385645866394,0.9350000023841858,0.7046999931335449
YLR452C,YIL077C,0,-5.790605,0.11712388694286346,0.9350000023841858,0.704800009727478
YPR030W,YMR073C,0,-5.7907853,0.11710921674966812,0.9350000023841858,0.7049000263214111
YIL132C,YDR190C,0,-5.7909293,0.11709455400705338,0.9350000023841858,0.7049999833106995
YGL105W,YDR018C,0,-5.791118,0.11707989126443863,0.9350000023841858,0.7050999999046326
YIL124W,YGR180C,0,-5.7911577,0.11706522852182388,0.9350000023841858,0.7052000164985657
YBR276C,YOR229W,0,-5.7911725,0.11705057322978973,0.9350000023841858,0.705299973487854
YAL051W,YGR213C,0,-5.791384,0.11703592538833618,0.9350000023841858,0.7053999900817871
YPR135W,YMR298W,0,-5.791989,0.11702127754688263,0.9350000023841858,0.7055000066757202
YJR084W,YGR048W,0,-5.7921925,0.11700662970542908,0.9350000023841858,0.7056000232696533
YDR320C,YDR359C,0,-5.792254,0.11699198931455612,0.9350000023841858,0.7056999802589417
YNL331C,YER112W,0,-5.7923417,0.11697735637426376,0.9350000023841858,0.7057999968528748
YMR161W,YOR322C,0,-5.7924037,0.1169627234339714,0.9350000023841858,0.7059000134468079
YNL031C,YBR081C,0,-5.79263,0.11694809049367905,0.9350000023841858,0.7059999704360962
YNL318C,YMR011W,0,-5.792916,0.11693346500396729,0.9350000023841858,0.7060999870300293
YJR089W,YAL017W,0,-5.7931514,0.11691884696483612,0.9350000023841858,0.7062000036239624
YLR158C,YDR356W,0,-5.793282,0.11690422892570496,0.9350000023841858,0.7063000202178955
YOL069W,YFL017W-A,0,-5.7935295,0.11688961088657379,0.9350000023841858,0.7063999772071838
YML126C,YLR205C,0,-5.7936835,0.11687500029802322,0.9350000023841858,0.7064999938011169
YOL031C,YML098W,0,-5.793858,0.11686038970947266,0.9350000023841858,0.70660001039505
YER020W,YDR435C,0,-5.794027,0.11684578657150269,0.9350000023841858,0.7067000269889832
YMR146C,YNL046W,0,-5.7945485,0.11683119088411331,0.9350000023841858,0.7067999839782715
YJR089W,YMR053C,0,-5.7947,0.11681659519672394,0.9350000023841858,0.7069000005722046
YLR355C,YMR044W,0,-5.794767,0.11680199950933456,0.9350000023841858,0.7070000171661377
YDR297W,YMR260C,0,-5.7947907,0.11678741127252579,0.9350000023841858,0.707099974155426
YLR215C,YDL105W,0,-5.7948074,0.11677282303571701,0.9350000023841858,0.7071999907493591
YMR240C,YFR030W,0,-5.794885,0.11675824224948883,0.9350000023841858,0.7073000073432922
YOL089C,YOL126C,0,-5.794993,0.11674366146326065,0.9350000023841858,0.7074000239372253
YIL144W,YLR043C,0,-5.795154,0.11672908812761307,0.9350000023841858,0.7074999809265137
YPL190C,YNL026W,0,-5.7956996,0.11671451479196548,0.9350000023841858,0.7075999975204468
YOL089C,YGL226C-A,0,-5.7957253,0.1166999489068985,0.9350000023841858,0.7077000141143799
YMR164C,YIR018W,0,-5.796042,0.11668538302183151,0.9350000023841858,0.7077999711036682
YPR187W,YPR080W,0,-5.796201,0.11667082458734512,0.9350000023841858,0.7078999876976013
YDR075W,YLR022C,0,-5.7968755,0.11665626615285873,0.9350000023841858,0.7080000042915344
YDL231C,YDR435C,0,-5.7971025,0.11664171516895294,0.9350000023841858,0.7081000208854675
YKL129C,YBL061C,1,-5.7971845,0.11675190180540085,0.9359999895095825,0.7081000208854675
YDR488C,YJR045C,0,-5.7975507,0.11673734337091446,0.9359999895095825,0.7081999778747559
YNL039W,YOR346W,0,-5.797877,0.11672278493642807,0.9359999895095825,0.708299994468689
YFL029C,YOR157C,0,-5.797934,0.11670822650194168,0.9359999895095825,0.7084000110626221
YHL048W,YKL093W,0,-5.7979836,0.11669367551803589,0.9359999895095825,0.7085000276565552
YPL248C,YJL100W,0,-5.798163,0.1166791319847107,0.9359999895095825,0.7085999846458435
YCR082W,YAL026C,0,-5.7986307,0.1166645884513855,0.9359999895095825,0.7087000012397766
YAL010C,YOR003W,0,-5.798969,0.1166500523686409,0.9359999895095825,0.7088000178337097
YFL023W,YNL084C,1,-5.799289,0.11676012724637985,0.9369999766349792,0.7088000178337097
YIL132C,YDL154W,0,-5.80006,0.11674557626247406,0.9369999766349792,0.708899974822998
YEL029C,YCR058C,1,-5.8003373,0.11685561388731003,0.9380000233650208,0.708899974822998
YDL100C,YJR074W,0,-5.8003902,0.11684105545282364,0.9380000233650208,0.7089999914169312
YDR317W,YDR450W,0,-5.800591,0.11682650446891785,0.9380000233650208,0.7091000080108643
YJR158W,YHR150W,0,-5.800794,0.11681195348501205,0.9380000233650208,0.7092000246047974
YIL131C,YJL089W,0,-5.8008256,0.11679740995168686,0.9380000233650208,0.7092999815940857
YDR479C,YNL202W,0,-5.800937,0.11678286641836166,0.9380000233650208,0.7093999981880188
YPR122W,YJR092W,1,-5.801148,0.11689281463623047,0.9390000104904175,0.7093999981880188
YPL118W,YER162C,0,-5.801421,0.11687826365232468,0.9390000104904175,0.7095000147819519
YCL025C,YAL042W,0,-5.801858,0.11686372011899948,0.9390000104904175,0.7095999717712402
YGR254W,YOR064C,0,-5.8021655,0.11684917658567429,0.9390000104904175,0.7096999883651733
YMR173W,YDL006W,0,-5.8023186,0.11683464050292969,0.9390000104904175,0.7098000049591064
YFR055W,YOL026C,0,-5.8027196,0.11682010442018509,0.9390000104904175,0.7099000215530396
YHR114W,YOR355W,0,-5.8028216,0.11680557578802109,0.9390000104904175,0.7099999785423279
YHR034C,YLR447C,0,-5.8030057,0.11679104715585709,0.9390000104904175,0.710099995136261
YLR109W,YDR330W,0,-5.8032136,0.11677651852369308,0.9390000104904175,0.7102000117301941
YEL003W,YNL317W,0,-5.8032312,0.11676199734210968,0.9390000104904175,0.7103000283241272
YDL105W,YDR247W,0,-5.8032413,0.11674748361110687,0.9390000104904175,0.7103999853134155
YBR092C,YOR069W,0,-5.8032775,0.11673296988010406,0.9390000104904175,0.7105000019073486
YGL105W,YLR288C,0,-5.8037057,0.11671845614910126,0.9390000104904175,0.7106000185012817
YLR429W,YDR057W,0,-5.8038497,0.11670394986867905,0.9390000104904175,0.7106999754905701
YNL210W,YNL032W,0,-5.803883,0.11668945103883743,0.9390000104904175,0.7107999920845032
YHR205W,YDR002W,0,-5.804008,0.11667495220899582,0.9390000104904175,0.7109000086784363
YIL079C,YMR235C,0,-5.8040395,0.1166604533791542,0.9390000104904175,0.7110000252723694
YMR182C,YDR407C,0,-5.8040953,0.11664596199989319,0.9390000104904175,0.7110999822616577
YLR216C,YIL080W,0,-5.804219,0.11663147807121277,0.9390000104904175,0.7111999988555908
YER042W,YDL084W,0,-5.8042436,0.11661698669195175,0.9390000104904175,0.7113000154495239
YGR218W,YPL123C,0,-5.8042526,0.11660251021385193,0.9390000104904175,0.7113999724388123
YJL196C,YML131W,0,-5.8044825,0.1165880337357521,0.9390000104904175,0.7114999890327454
YGL003C,YAL024C,0,-5.804737,0.11657355725765228,0.9390000104904175,0.7116000056266785
YBL006C,YOR380W,0,-5.805137,0.11655908823013306,0.9390000104904175,0.7117000222206116
YLR448W,YNR046W,0,-5.805473,0.11654461920261383,0.9390000104904175,0.7117999792098999
YLR219W,YNL250W,0,-5.8056674,0.1165301576256752,0.9390000104904175,0.711899995803833
YLR238W,YCR091W,0,-5.8058076,0.11651569604873657,0.9390000104904175,0.7120000123977661
YPL170W,YDR153C,0,-5.8060546,0.11650124192237854,0.9390000104904175,0.7121000289916992
YMR204C,YML069W,0,-5.806738,0.11648678779602051,0.9390000104904175,0.7121999859809875
YFL039C,YPL242C,1,-5.8067827,0.11659637838602066,0.9399999976158142,0.7121999859809875
YPR185W,YMR264W,0,-5.806872,0.11658191680908203,0.9399999976158142,0.7123000025749207
YJL065C,YAL051W,0,-5.8071947,0.116567462682724,0.9399999976158142,0.7124000191688538
YKL208W,YJL128C,0,-5.8077574,0.11655300855636597,0.9399999976158142,0.7124999761581421
YGR264C,YPL097W,0,-5.8077836,0.11653855443000793,0.9399999976158142,0.7125999927520752
YFR024C-A,YNL121C,0,-5.807998,0.1165241077542305,0.9399999976158142,0.7127000093460083
YPL060W,YPL180W,0,-5.8081927,0.11650966852903366,0.9399999976158142,0.7128000259399414
YKL146W,YHR187W,0,-5.808453,0.11649522930383682,0.9399999976158142,0.7128999829292297
YBR068C,YOL012C,0,-5.808514,0.11648079007863998,0.9399999976158142,0.7129999995231628
YOR073W,YIL030C,0,-5.8087134,0.11646635830402374,0.9399999976158142,0.713100016117096
YMR092C,YDR281C,0,-5.8089557,0.1164519339799881,0.9399999976158142,0.7131999731063843
YOR023C,YDR247W,0,-5.8090487,0.11643750965595245,0.9399999976158142,0.7132999897003174
YGR230W,YGL099W,0,-5.809316,0.11642308533191681,0.9399999976158142,0.7134000062942505
YBR065C,YPR132W,0,-5.8096533,0.11640866845846176,0.9399999976158142,0.7135000228881836
YER054C,YJR140C,0,-5.809705,0.11639425158500671,0.9399999976158142,0.7135999798774719
YDR150W,YDR308C,0,-5.810013,0.11637984216213226,0.9399999976158142,0.713699996471405
YNR075W,YLR424W,0,-5.8101563,0.11636544018983841,0.9399999976158142,0.7138000130653381
YOR257W,YPL177C,0,-5.8102946,0.11635103076696396,0.9399999976158142,0.7139000296592712
YBR029C,YGR249W,0,-5.810328,0.1163366362452507,0.9399999976158142,0.7139999866485596
YNR001C,YJL065C,0,-5.8104086,0.11632223427295685,0.9399999976158142,0.7141000032424927
YLR056W,YGR135W,0,-5.810748,0.11630784720182419,0.9399999976158142,0.7142000198364258
YKL193C,YGR141W,0,-5.8109384,0.11629345268011093,0.9399999976158142,0.7142999768257141
YOL139C,YMR266W,0,-5.8109818,0.11627907305955887,0.9399999976158142,0.7143999934196472
YDR191W,YNL334C,0,-5.811196,0.11626468598842621,0.9399999976158142,0.7145000100135803
YHL040C,YDR081C,0,-5.811456,0.11625030636787415,0.9399999976158142,0.7146000266075134
YOR078W,YLR467W,0,-5.811684,0.11623593419790268,0.9399999976158142,0.7146999835968018
YDL055C,YGR197C,0,-5.811899,0.11622156202793121,0.9399999976158142,0.7148000001907349
YDR256C,YJL196C,0,-5.8119264,0.11620719730854034,0.9399999976158142,0.714900016784668
YDR231C,YHR167W,0,-5.8120265,0.11619283258914948,0.9399999976158142,0.7149999737739563
YDR289C,YIL144W,0,-5.812146,0.1161784678697586,0.9399999976158142,0.7150999903678894
YGR188C,YJL194W,0,-5.812147,0.11616411060094833,0.9399999976158142,0.7152000069618225
YBR168W,YPL147W,0,-5.812261,0.11614976078271866,0.9399999976158142,0.7153000235557556
YOR185C,YCR084C,0,-5.8134055,0.11613541096448898,0.9399999976158142,0.715399980545044
YLR231C,YDR498C,0,-5.813803,0.11612106114625931,0.9399999976158142,0.715499997138977
YHL048W,YJL104W,0,-5.814036,0.11610671877861023,0.9399999976158142,0.7156000137329102
YGL194C,YNL209W,0,-5.8141265,0.11609237641096115,0.9399999976158142,0.7156999707221985
YDR205W,YOL124C,0,-5.8141503,0.11607804149389267,0.9399999976158142,0.7157999873161316
YPL078C,YKL166C,0,-5.814198,0.11606371402740479,0.9399999976158142,0.7159000039100647
YNL097C,YHR083W,0,-5.8142004,0.1160493791103363,0.9399999976158142,0.7160000205039978
YEL002C,YMR293C,0,-5.814573,0.11603505909442902,0.9399999976158142,0.7160999774932861
YDL149W,YBL041W,0,-5.8146586,0.11602073907852173,0.9399999976158142,0.7161999940872192
YNL271C,YBR210W,1,-5.814817,0.11612983047962189,0.9409999847412109,0.7161999940872192
YER146W,YOR209C,0,-5.814876,0.1161154955625534,0.9409999847412109,0.7163000106811523
YDL115C,YMR021C,0,-5.81492,0.11610117554664612,0.9409999847412109,0.7164000272750854
YGR200C,YKL205W,0,-5.815059,0.11608684808015823,0.9409999847412109,0.7164999842643738
YFL002C,YIL008W,0,-5.8151717,0.11607252806425095,0.9409999847412109,0.7166000008583069
YHR020W,YMR087W,0,-5.8154197,0.11605821549892426,0.9409999847412109,0.71670001745224
YDR488C,YBR092C,0,-5.815445,0.11604390293359756,0.9409999847412109,0.7167999744415283
YGR247W,YPL126W,0,-5.815499,0.11602959036827087,0.9409999847412109,0.7168999910354614
YPL256C,YCR073C,0,-5.8155885,0.11601528525352478,0.9409999847412109,0.7170000076293945
YCL035C,YML045W,0,-5.815779,0.11600098758935928,0.9409999847412109,0.7171000242233276
YPL048W,YMR006C,0,-5.816347,0.11598668992519379,0.9409999847412109,0.717199981212616
YJL108C,YPL032C,0,-5.8163996,0.11597239226102829,0.9409999847412109,0.7172999978065491
YIL139C,YML028W,0,-5.8166685,0.11595810204744339,0.9409999847412109,0.7174000144004822
YCR048W,YIL002C,0,-5.816754,0.11594381183385849,0.9409999847412109,0.7174999713897705
YOL101C,YNL206C,0,-5.816914,0.11592952907085419,0.9409999847412109,0.7175999879837036
YLR260W,YGR028W,0,-5.817134,0.11591525375843048,0.9409999847412109,0.7177000045776367
YDL069C,YBR294W,0,-5.8174567,0.11590097099542618,0.9409999847412109,0.7178000211715698
YNL101W,YAL024C,0,-5.817584,0.11588670313358307,0.9409999847412109,0.7178999781608582
YBL105C,YCR014C,0,-5.8176627,0.11587242782115936,0.9409999847412109,0.7179999947547913
YNL065W,YNL159C,0,-5.817779,0.11585815995931625,0.9409999847412109,0.7181000113487244
YIL046W,YCL031C,0,-5.8178363,0.11584389954805374,0.9409999847412109,0.7182000279426575
YBR223C,YML029W,0,-5.818537,0.11582963913679123,0.9409999847412109,0.7182999849319458
YNR075W,YIR004W,0,-5.8186374,0.11581538617610931,0.9409999847412109,0.7184000015258789
YNL027W,YNL074C,0,-5.8186984,0.1158011332154274,0.9409999847412109,0.718500018119812
YNL282W,YLR043C,0,-5.8187776,0.11578688025474548,0.9409999847412109,0.7185999751091003
YGL014W,YDR515W,0,-5.8198323,0.11577263474464417,0.9409999847412109,0.7186999917030334
YJR040W,YGL044C,0,-5.8203406,0.11575839668512344,0.9409999847412109,0.7188000082969666
YJL003W,YMR277W,0,-5.8203506,0.11574415862560272,0.9409999847412109,0.7189000248908997
YMR203W,YIL063C,0,-5.8210783,0.115729920566082,0.9409999847412109,0.718999981880188
YNR074C,YOL108C,0,-5.821261,0.11571568995714188,0.9409999847412109,0.7190999984741211
YMR143W,YLL056C,0,-5.8213,0.11570146679878235,0.9409999847412109,0.7192000150680542
YOR034C,YBL093C,0,-5.8214817,0.11568723618984222,0.9409999847412109,0.7192999720573425
YMR092C,YGL030W,0,-5.821505,0.1156730204820633,0.9409999847412109,0.7193999886512756
YGR028W,YDR459C,0,-5.821525,0.11565879732370377,0.9409999847412109,0.7195000052452087
YBR168W,YJR007W,0,-5.821713,0.11564458906650543,0.9409999847412109,0.7196000218391418
YLR023C,YDR289C,0,-5.821733,0.1156303733587265,0.9409999847412109,0.7196999788284302
YGL068W,YCR053W,0,-5.8225503,0.11561617255210876,0.9409999847412109,0.7197999954223633
YGR276C,YOR014W,0,-5.823028,0.11560196429491043,0.9409999847412109,0.7199000120162964
YGR056W,YNL007C,0,-5.8230433,0.1155877634882927,0.9409999847412109,0.7200000286102295
YOR193W,YBR275C,0,-5.823507,0.11557357013225555,0.9409999847412109,0.7200999855995178
YJR025C,YBR093C,0,-5.8236127,0.11555937677621841,0.9409999847412109,0.7202000021934509
YNL098C,YBR081C,0,-5.8244147,0.11554518342018127,0.9409999847412109,0.720300018787384
YDL022W,YBR037C,0,-5.82469,0.11553099751472473,0.9409999847412109,0.7203999757766724
YOL139C,YDR341C,0,-5.8248143,0.11551681905984879,0.9409999847412109,0.7204999923706055
YMR314W,YER018C,0,-5.8248878,0.11550264060497284,0.9409999847412109,0.7206000089645386
YNL159C,YGR144W,0,-5.8251805,0.1154884621500969,0.9409999847412109,0.7207000255584717
YPR141C,YPL058C,0,-5.825337,0.11547429114580154,0.9409999847412109,0.72079998254776
YNR002C,YER169W,0,-5.825497,0.1154601201415062,0.9409999847412109,0.7208999991416931
YGR222W,YMR016C,0,-5.825913,0.11544595658779144,0.9409999847412109,0.7210000157356262
YCL004W,YPL153C,0,-5.8259263,0.11543179303407669,0.9409999847412109,0.7210999727249146
YPL018W,YBR087W,0,-5.8262563,0.11541763693094254,0.9409999847412109,0.7211999893188477
YBL039C,YDR057W,0,-5.8262925,0.11540348082780838,0.9409999847412109,0.7213000059127808
YER164W,YIL098C,0,-5.82645,0.11538933217525482,0.9409999847412109,0.7214000225067139
YJL047C,YPR036W,0,-5.827151,0.11537518352270126,0.9409999847412109,0.7214999794960022
YPL262W,YKL041W,0,-5.8273535,0.1153610423207283,0.9409999847412109,0.7215999960899353
YPL171C,YIL031W,0,-5.827449,0.11534690111875534,0.9409999847412109,0.7217000126838684
YGR157W,YOR250C,0,-5.82772,0.11533275991678238,0.9409999847412109,0.7218000292778015
YGL084C,YJR019C,0,-5.8279285,0.11531862616539001,0.9409999847412109,0.7218999862670898
YGR145W,YNL164C,0,-5.82805,0.11530449986457825,0.9409999847412109,0.722000002861023
YGR180C,YML093W,0,-5.8280625,0.11529037356376648,0.9409999847412109,0.722100019454956
YJL072C,YDR143C,0,-5.828197,0.11527624726295471,0.9409999847412109,0.7221999764442444
YLR397C,YKR068C,0,-5.828832,0.11526212841272354,0.9409999847412109,0.7222999930381775
YMR201C,YOR172W,0,-5.828991,0.11524800956249237,0.9409999847412109,0.7224000096321106
YNL220W,YMR138W,0,-5.8290076,0.1152338981628418,0.9409999847412109,0.7225000262260437
YDL213C,YPR133W-A,0,-5.829179,0.11521978676319122,0.9409999847412109,0.722599983215332
YGL058W,YBL020W,0,-5.8292613,0.11520568281412125,0.9409999847412109,0.7226999998092651
YGR225W,YML059C,0,-5.829539,0.11519157886505127,0.9409999847412109,0.7228000164031982
YGR264C,YDR150W,0,-5.8299527,0.11517747491598129,0.9409999847412109,0.7228999733924866
YPL135W,YFL018C,0,-5.8299975,0.11516338586807251,0.9409999847412109,0.7229999899864197
YDR382W,YDR359C,0,-5.8301597,0.11514928936958313,0.9409999847412109,0.7231000065803528
YFL024C,YEL004W,0,-5.830523,0.11513520032167435,0.9409999847412109,0.7232000231742859
YDL013W,YLR303W,0,-5.830558,0.11512111872434616,0.9409999847412109,0.7232999801635742
YKL019W,YNL088W,0,-5.830748,0.11510703712701797,0.9409999847412109,0.7233999967575073
YFR029W,YER072W,0,-5.830753,0.11509295552968979,0.9409999847412109,0.7235000133514404
YDR377W,YML058W-A,0,-5.830832,0.1150788813829422,0.9409999847412109,0.7235999703407288
YLR028C,YPR120C,0,-5.831371,0.11506480723619461,0.9409999847412109,0.7236999869346619
YMR014W,YDR388W,1,-5.8315654,0.11517300456762314,0.9419999718666077,0.7236999869346619
YDL197C,YOR109W,0,-5.832134,0.11515892297029495,0.9419999718666077,0.723800003528595
YNL085W,YDL033C,0,-5.832665,0.11514484882354736,0.9419999718666077,0.7239000201225281
YMR214W,YER018C,0,-5.83272,0.11513077467679977,0.9419999718666077,0.7239999771118164
YDR363W,YDR487C,0,-5.8334136,0.11511670798063278,0.9419999718666077,0.7240999937057495
YHR175W,YBR127C,0,-5.8342204,0.11510264128446579,0.9419999718666077,0.7242000102996826
YHR053C,YDL039C,0,-5.8342366,0.1150885745882988,0.9419999718666077,0.7243000268936157
YPR068C,YOL002C,0,-5.834387,0.1150745153427124,0.9419999718666077,0.724399983882904
YGR097W,YIL154C,0,-5.83449,0.1150604635477066,0.9419999718666077,0.7245000004768372
YLR028C,YBL093C,0,-5.8345175,0.1150464117527008,0.9419999718666077,0.7246000170707703
YNL334C,YJL154C,0,-5.8348627,0.11503235995769501,0.9419999718666077,0.7246999740600586
YIL033C,YFL029C,0,-5.835223,0.1150183156132698,0.9419999718666077,0.7247999906539917
YBR089C-A,YML027W,0,-5.835254,0.1150042712688446,0.9419999718666077,0.7249000072479248
YOR133W,YPL262W,0,-5.8356056,0.114990234375,0.9419999718666077,0.7250000238418579
YIL034C,YKL008C,0,-5.835859,0.1149761974811554,0.9419999718666077,0.7250999808311462
YNL062C,YIL002C,0,-5.8360558,0.11496216803789139,0.9419999718666077,0.7251999974250793
YER051W,YMR013C,0,-5.8362126,0.11494813859462738,0.9419999718666077,0.7253000140190125
YNR019W,YAL022C,0,-5.836673,0.11493411660194397,0.9419999718666077,0.7253999710083008
YNL220W,YIL013C,0,-5.837031,0.11492009460926056,0.9419999718666077,0.7254999876022339
YML081C-A,YDL216C,0,-5.8370423,0.11490607261657715,0.9419999718666077,0.725600004196167
YDR448W,YDR329C,0,-5.8372493,0.11489205807447433,0.9419999718666077,0.7257000207901001
YDR343C,YKR055W,0,-5.8376484,0.11487805098295212,0.9419999718666077,0.7257999777793884
YGL071W,YFL010W-A,0,-5.837858,0.1148640438914299,0.9419999718666077,0.7258999943733215
YBR039W,YGR144W,0,-5.8381314,0.11485003679990768,0.9419999718666077,0.7260000109672546
YJR119C,YPR075C,0,-5.8384295,0.11483603715896606,0.9419999718666077,0.7261000275611877
YHR052W,YDR488C,0,-5.838438,0.11482203751802444,0.9419999718666077,0.7261999845504761
YDL181W,YKR072C,0,-5.8389354,0.11480804532766342,0.9419999718666077,0.7263000011444092
YPL076W,YFL013C,0,-5.8389573,0.1147940531373024,0.9419999718666077,0.7264000177383423
YBR092C,YNL207W,0,-5.839275,0.11478006839752197,0.9419999718666077,0.7264999747276306
YPL060W,YDR177W,0,-5.839311,0.11476608365774155,0.9419999718666077,0.7265999913215637
YER183C,YBR295W,0,-5.839561,0.11475209891796112,0.9419999718666077,0.7267000079154968
YMR161W,YLR009W,0,-5.840131,0.11473812162876129,0.9419999718666077,0.7268000245094299
YML081C-A,YLR410W,0,-5.840237,0.11472415179014206,0.9419999718666077,0.7268999814987183
YDR227W,YDR324C,0,-5.840382,0.11471018195152283,0.9419999718666077,0.7269999980926514
YNL223W,YKL020C,0,-5.840671,0.1146962121129036,0.9419999718666077,0.7271000146865845
YMR272C,YPR074C,0,-5.840776,0.11468224972486496,0.9419999718666077,0.7271999716758728
YBR234C,YCR039C,0,-5.840859,0.11466828733682632,0.9419999718666077,0.7272999882698059
YOL133W,YPR086W,0,-5.840885,0.11465433239936829,0.9419999718666077,0.727400004863739
YCL055W,YKR097W,0,-5.8410625,0.11464037746191025,0.9419999718666077,0.7275000214576721
YLR103C,YGL227W,0,-5.841082,0.1146264299750328,0.9419999718666077,0.7275999784469604
YGL166W,YHR072W,0,-5.841287,0.11461248248815536,0.9419999718666077,0.7276999950408936
YJR084W,YGL162W,0,-5.841354,0.11459854245185852,0.9419999718666077,0.7278000116348267
YOL133W,YOR188W,0,-5.841883,0.11458460241556168,0.9419999718666077,0.7279000282287598
YLR009W,YML028W,0,-5.841905,0.11457066237926483,0.9419999718666077,0.7279999852180481
YOR245C,YGL209W,0,-5.841992,0.11455672979354858,0.9419999718666077,0.7281000018119812
YGL005C,YIL097W,0,-5.8422456,0.11454280465841293,0.9419999718666077,0.7282000184059143
YLR286C,YDL225W,1,-5.8426557,0.11465045809745789,0.9430000185966492,0.7282000184059143
YNL317W,YPR198W,0,-5.842748,0.11463651806116104,0.9430000185966492,0.7282999753952026
YDR122W,YLR360W,0,-5.8429036,0.1146225854754448,0.9430000185966492,0.7283999919891357
YPR052C,YBR077C,0,-5.8430943,0.11460865288972855,0.9430000185966492,0.7285000085830688
YLR014C,YLR234W,0,-5.8431134,0.1145947277545929,0.9430000185966492,0.728600025177002
YNL090W,YIL119C,0,-5.843299,0.11458080261945724,0.9430000185966492,0.7286999821662903
YHR143W-A,YIL077C,0,-5.8433924,0.11456688493490219,0.9430000185966492,0.7287999987602234
YPL022W,YKL214C,0,-5.843799,0.11455296725034714,0.9430000185966492,0.7289000153541565
YPR138C,YDL232W,0,-5.8439116,0.11453904956579208,0.9430000185966492,0.7289999723434448
YBR160W,YPL075W,0,-5.8439283,0.11452513933181763,0.9430000185966492,0.7290999889373779
YER068W,YPR103W,0,-5.844027,0.11451122909784317,0.9430000185966492,0.729200005531311
YDR450W,YFR031C,0,-5.8440804,0.11449732631444931,0.9430000185966492,0.7293000221252441
YBR234C,YBR250W,0,-5.8442106,0.11448343098163605,0.9430000185966492,0.7293999791145325
YIL131C,YDL213C,0,-5.8445992,0.11446952819824219,0.9430000185966492,0.7294999957084656
YNR056C,YDR369C,0,-5.8446097,0.11445564031600952,0.9430000185966492,0.7296000123023987
YCL026C-A,YGR070W,0,-5.8447757,0.11444174498319626,0.9430000185966492,0.7297000288963318
YGR059W,YLR386W,0,-5.845221,0.11442785710096359,0.9430000185966492,0.7297999858856201
YPR025C,YOR229W,0,-5.8452387,0.11441397666931152,0.9430000185966492,0.7299000024795532
YJR155W,YLR380W,0,-5.8453155,0.11440009623765945,0.9430000185966492,0.7300000190734863
YOR008C,YBL106C,0,-5.845688,0.11438622325658798,0.9430000185966492,0.7300999760627747
YMR011W,YLR025W,0,-5.845763,0.11437235027551651,0.9430000185966492,0.7301999926567078
YDR439W,YML073C,0,-5.845934,0.11435847729444504,0.9430000185966492,0.7303000092506409
YOR256C,YNL304W,0,-5.8459373,0.11434461176395416,0.9430000185966492,0.730400025844574
YER028C,YLR007W,0,-5.8462186,0.11433074623346329,0.9430000185966492,0.7304999828338623
YCR024C-A,YGL208W,0,-5.8462877,0.11431688815355301,0.9430000185966492,0.7305999994277954
YGR086C,YDL212W,0,-5.846419,0.11430303007364273,0.9430000185966492,0.7307000160217285
YPL060W,YNL251C,0,-5.8465734,0.11428917944431305,0.9430000185966492,0.7307999730110168
YNL065W,YBL042C,0,-5.8470407,0.11427532881498337,0.9430000185966492,0.73089998960495
YGR167W,YBL039C,0,-5.847344,0.11426147818565369,0.9430000185966492,0.7310000061988831
YDR296W,YMR293C,0,-5.8481174,0.1142476350069046,0.9430000185966492,0.7311000227928162
YKL192C,YGR007W,0,-5.8483977,0.11423379927873611,0.9430000185966492,0.7311999797821045
YPL135W,YHR001W,0,-5.848455,0.11421996355056763,0.9430000185966492,0.7312999963760376
YJR073C,YPL058C,0,-5.8488,0.11420612782239914,0.9430000185966492,0.7314000129699707
YIL013C,YDR495C,0,-5.8490777,0.11419229954481125,0.9430000185966492,0.7315000295639038
YLR157C,YJL061W,0,-5.8492303,0.11417847126722336,0.9430000185966492,0.7315999865531921
YLL026W,YMR095C,0,-5.849567,0.11416465044021606,0.9430000185966492,0.7317000031471252
YFL031W,YOL005C,0,-5.850535,0.11415082961320877,0.9430000185966492,0.7318000197410583
YGL219C,YBR256C,0,-5.8505406,0.11413701623678207,0.9430000185966492,0.7318999767303467
YER107C,YML034W,0,-5.8508773,0.11412320286035538,0.9430000185966492,0.7319999933242798
YBR040W,YJR031C,0,-5.851607,0.11410938948392868,0.9430000185966492,0.7321000099182129
YIL084C,YML055W,0,-5.851999,0.11409558355808258,0.9430000185966492,0.732200026512146
YMR202W,YAL030W,0,-5.8524184,0.11408177763223648,0.9430000185966492,0.7322999835014343
YKL002W,YIL160C,0,-5.8525167,0.11406797915697098,0.9430000185966492,0.7324000000953674
YCR009C,YLR166C,1,-5.8527265,0.11417513340711594,0.9440000057220459,0.7324000000953674
YKL040C,YHR041C,0,-5.8535843,0.11416132748126984,0.9440000057220459,0.7325000166893005
YDR300C,YHR205W,0,-5.853806,0.11414752155542374,0.9440000057220459,0.7325999736785889
YMR287C,YPR007C,0,-5.8549767,0.11413372308015823,0.9440000057220459,0.732699990272522
YJL050W,YGR059W,0,-5.855252,0.11411992460489273,0.9440000057220459,0.7328000068664551
YDL055C,YPL212C,0,-5.85529,0.11410612612962723,0.9440000057220459,0.7329000234603882
YLL019C,YDR310C,0,-5.855764,0.11409233510494232,0.9440000057220459,0.7329999804496765
YGL200C,YBR015C,0,-5.8558297,0.11407855153083801,0.9440000057220459,0.7330999970436096
YMR138W,YCR073W-A,0,-5.855884,0.1140647679567337,0.9440000057220459,0.7332000136375427
YER095W,YGR056W,0,-5.8559403,0.1140509843826294,0.9440000057220459,0.733299970626831
YLR060W,YFR030W,0,-5.8559637,0.11403720825910568,0.9440000057220459,0.7333999872207642
YPL262W,YOL115W,0,-5.856651,0.11402343213558197,0.9440000057220459,0.7335000038146973
YPR005C,YBR272C,0,-5.856977,0.11400966346263885,0.9440000057220459,0.7336000204086304
YLR423C,YLL012W,0,-5.8570285,0.11399589478969574,0.9440000057220459,0.7336999773979187
YNL318C,YDR312W,0,-5.857046,0.11398213356733322,0.9440000057220459,0.7337999939918518
YHR074W,YIL066C,0,-5.8570943,0.1139683723449707,0.9440000057220459,0.7339000105857849
YOR320C,YDR265W,0,-5.8581414,0.11395461112260818,0.9440000057220459,0.734000027179718
YLR304C,YJR097W,0,-5.858191,0.11394085735082626,0.9440000057220459,0.7340999841690063
YHL019C,YPL147W,0,-5.8584495,0.11392710357904434,0.9440000057220459,0.7342000007629395
YIL037C,YMR149W,0,-5.8589683,0.11391335725784302,0.9440000057220459,0.7343000173568726
YJL214W,YIR022W,0,-5.859374,0.1138996109366417,0.9440000057220459,0.7343999743461609
YOR074C,YPL058C,0,-5.859385,0.11388587206602097,0.9440000057220459,0.734499990940094
YBR294W,YMR067C,0,-5.859904,0.11387213319540024,0.9440000057220459,0.7346000075340271
YML099C,YPL069C,0,-5.8601046,0.11385840177536011,0.9440000057220459,0.7347000241279602
YNL116W,YIL037C,0,-5.860888,0.11384467035531998,0.9440000057220459,0.7347999811172485
YGL205W,YHR008C,0,-5.861417,0.11383093893527985,0.9440000057220459,0.7348999977111816
YOL077W-A,YMR243C,0,-5.861791,0.11381721496582031,0.9440000057220459,0.7350000143051147
YGR147C,YEL065W,0,-5.8618617,0.11380349844694138,0.9440000057220459,0.7350999712944031
YHR114W,YER111C,0,-5.8619037,0.11378978192806244,0.9440000057220459,0.7351999878883362
YGR088W,YDR469W,0,-5.8619704,0.1137760654091835,0.9440000057220459,0.7353000044822693
YER044C,YJL203W,0,-5.8621464,0.11376234889030457,0.9440000057220459,0.7354000210762024
YNL270C,YNR035C,0,-5.862284,0.11374864727258682,0.9440000057220459,0.7354999780654907
YFR030W,YGR048W,0,-5.86268,0.11373493820428848,0.9440000057220459,0.7355999946594238
YAR019C,YER149C,1,-5.8633757,0.1138417050242424,0.9449999928474426,0.7355999946594238
YPL242C,YDR328C,1,-5.8634086,0.11394844949245453,0.9459999799728394,0.7355999946594238
YDL192W,YJL210W,0,-5.8635135,0.113934725522995,0.9459999799728394,0.7357000112533569
YER045C,YKL021C,0,-5.863545,0.11392100155353546,0.9459999799728394,0.73580002784729
YOR032C,YKR022C,0,-5.8638473,0.11390728503465652,0.9459999799728394,0.7358999848365784
YAL053W,YMR091C,0,-5.8639092,0.11389356851577759,0.9459999799728394,0.7360000014305115
YPL154C,YBR275C,0,-5.864431,0.11387985944747925,0.9459999799728394,0.7361000180244446
YGR143W,YBR175W,0,-5.8653717,0.11386615037918091,0.9459999799728394,0.7361999750137329
YMR116C,YPL177C,0,-5.8659263,0.11385244876146317,0.9459999799728394,0.736299991607666
YKR065C,YIL147C,0,-5.8665304,0.11383874714374542,0.9459999799728394,0.7364000082015991
YMR208W,YOR049C,0,-5.866589,0.11382505297660828,0.9459999799728394,0.7365000247955322
YNL068C,YNL061W,0,-5.8665977,0.11381135880947113,0.9459999799728394,0.7365999817848206
YKL192C,YDL079C,0,-5.866814,0.11379766464233398,0.9459999799728394,0.7366999983787537
YHR197W,YLR043C,0,-5.8671403,0.11378397792577744,0.9459999799728394,0.7368000149726868
YPR121W,YBR183W,0,-5.867393,0.11377029120922089,0.9459999799728394,0.7368999719619751
YPL021W,YBR136W,0,-5.8677435,0.11375661194324493,0.9459999799728394,0.7369999885559082
YML099C,YOR073W,0,-5.8677607,0.11374293267726898,0.9459999799728394,0.7371000051498413
YPL160W,YKL002W,0,-5.8678584,0.11372926086187363,0.9459999799728394,0.7372000217437744
YLR191W,YBR123C,0,-5.868236,0.11371558904647827,0.9459999799728394,0.7372999787330627
YJL036W,YDR207C,0,-5.8682365,0.11370192468166351,0.9459999799728394,0.7373999953269958
YLR238W,YNL186W,0,-5.868304,0.11368826031684875,0.9459999799728394,0.737500011920929
YBR210W,YOL113W,1,-5.8683925,0.11379475891590118,0.9470000267028809,0.737500011920929
YMR240C,YDR330W,0,-5.868542,0.11378108710050583,0.9470000267028809,0.7376000285148621
YLR316C,YOL055C,0,-5.868585,0.11376742273569107,0.9470000267028809,0.7376999855041504
YMR246W,YDR369C,0,-5.868592,0.11375375092029572,0.9470000267028809,0.7378000020980835
YIL034C,YBR297W,0,-5.8686657,0.11374009400606155,0.9470000267028809,0.7379000186920166
YMR316W,YHL009C,0,-5.868959,0.1137264296412468,0.9470000267028809,0.7379999756813049
YEL036C,YDR425W,0,-5.869105,0.11371277272701263,0.9470000267028809,0.738099992275238
YIL167W,YDR238C,0,-5.86978,0.11369912326335907,0.9470000267028809,0.7382000088691711
YER045C,YMR312W,0,-5.869798,0.1136854737997055,0.9470000267028809,0.7383000254631042
YIL033C,YGL223C,0,-5.8698497,0.11367183178663254,0.9470000267028809,0.7383999824523926
YGL078C,YPR016C,0,-5.8698545,0.11365818232297897,0.9470000267028809,0.7384999990463257
YDR091C,YIL039W,0,-5.8699427,0.1136445477604866,0.9470000267028809,0.7386000156402588
YCR088W,YOL044W,0,-5.8700633,0.11363091319799423,0.9470000267028809,0.7386999726295471
YGR155W,YBR009C,0,-5.8701897,0.11361727863550186,0.9470000267028809,0.7387999892234802
YNL027W,YPL097W,0,-5.870618,0.11360364407300949,0.9470000267028809,0.7389000058174133
YER169W,YNR023W,0,-5.870712,0.11359001696109772,0.9470000267028809,0.7390000224113464
YBL045C,YNL268W,0,-5.8708105,0.11357639729976654,0.9470000267028809,0.7390999794006348
YNL099C,YOL044W,0,-5.8710065,0.11356277763843536,0.9470000267028809,0.7391999959945679
YPR120C,YGR244C,0,-5.871511,0.11354915797710419,0.9470000267028809,0.739300012588501
YLR310C,YNL053W,0,-5.8716855,0.11353554576635361,0.9470000267028809,0.7394000291824341
YFL041W,YKR101W,0,-5.8717246,0.11352193355560303,0.9470000267028809,0.7394999861717224
YGL090W,YHR014W,0,-5.872672,0.11350832879543304,0.9470000267028809,0.7396000027656555
YPR200C,YJL061W,0,-5.87271,0.11349472403526306,0.9470000267028809,0.7397000193595886
YLR109W,YNL229C,0,-5.8727355,0.11348112672567368,0.9470000267028809,0.739799976348877
YKL191W,YDL150W,0,-5.873791,0.11346752941608429,0.9470000267028809,0.7398999929428101
YPR122W,YHR135C,1,-5.87393,0.11357373744249344,0.9480000138282776,0.7398999929428101
YLR310C,YAL015C,0,-5.8746104,0.11356013268232346,0.9480000138282776,0.7400000095367432
YML105C,YLR034C,0,-5.8746886,0.11354653537273407,0.9480000138282776,0.7401000261306763
YFL039C,YCR057C,1,-5.8756027,0.11365269124507904,0.9490000009536743,0.7401000261306763
YPL006W,YDR488C,0,-5.8758307,0.11363908648490906,0.9490000009536743,0.7401999831199646
YBR010W,YDL150W,0,-5.8763914,0.11362548172473907,0.9490000009536743,0.7402999997138977
YMR201C,YML127W,0,-5.8767695,0.11361187696456909,0.9490000009536743,0.7404000163078308
YMR275C,YGR082W,0,-5.877693,0.1135982796549797,0.9490000009536743,0.7404999732971191
YNL009W,YMR096W,0,-5.8779044,0.11358468234539032,0.9490000009536743,0.7405999898910522
YPL135W,YAL051W,0,-5.878007,0.11357108503580093,0.9490000009536743,0.7407000064849854
YPL031C,YLR208W,0,-5.8789277,0.11355749517679214,0.9490000009536743,0.7408000230789185
YER095W,YDR353W,0,-5.8793225,0.11354391276836395,0.9490000009536743,0.7408999800682068
YHR114W,YPL248C,0,-5.879349,0.11353032290935516,0.9490000009536743,0.7409999966621399
YFL018C,YGR074W,0,-5.8795877,0.11351674795150757,0.9490000009536743,0.741100013256073
YNL008C,YOR188W,0,-5.8796096,0.11350317299365997,0.9490000009536743,0.7411999702453613
YMR001C,YJR019C,0,-5.8801007,0.11348959803581238,0.9490000009536743,0.7412999868392944
YJR125C,YHR004C,0,-5.8801074,0.11347602307796478,0.9490000009536743,0.7414000034332275
YGR254W,YJL025W,0,-5.8803687,0.11346245557069778,0.9490000009536743,0.7415000200271606
YNL242W,YNL317W,0,-5.880416,0.11344889551401138,0.9490000009536743,0.741599977016449
YDR098C,YPR181C,0,-5.880441,0.11343533545732498,0.9490000009536743,0.7416999936103821
YMR161W,YBL039C,0,-5.880576,0.11342177540063858,0.9490000009536743,0.7418000102043152
YDL076C,YNL167C,0,-5.880757,0.11340822279453278,0.9490000009536743,0.7419000267982483
YKR009C,YJL143W,0,-5.880852,0.11339467018842697,0.9490000009536743,0.7419999837875366
YAL021C,YDR153C,0,-5.880888,0.11338112503290176,0.9490000009536743,0.7421000003814697
YLR401C,YLR435W,0,-5.882054,0.11336757987737656,0.9490000009536743,0.7422000169754028
YNL258C,YKR020W,0,-5.8820724,0.11335403472185135,0.9490000009536743,0.7422999739646912
YPL177C,YOL126C,0,-5.8820863,0.11334049701690674,0.9490000009536743,0.7423999905586243
YLR110C,YGL245W,0,-5.883343,0.11332696676254272,0.9490000009536743,0.7425000071525574
YGR258C,YOR049C,0,-5.883451,0.11331343650817871,0.9490000009536743,0.7426000237464905
YJR063W,YNL332W,0,-5.884495,0.1132999062538147,0.9490000009536743,0.7426999807357788
YDR358W,YOL089C,0,-5.8851013,0.11328637599945068,0.9490000009536743,0.7427999973297119
YMR078C,YER126C,0,-5.885325,0.11327286064624786,0.9490000009536743,0.742900013923645
YNL230C,YMR272C,0,-5.8858557,0.11325933784246445,0.9490000009536743,0.7429999709129333
YPR057W,YOR298C-A,0,-5.886454,0.11324582248926163,0.9490000009536743,0.7430999875068665
YER041W,YKL196C,0,-5.886563,0.1132323145866394,0.9490000009536743,0.7432000041007996
YPL018W,YJR125C,0,-5.88672,0.11321879923343658,0.9490000009536743,0.7433000206947327
YMR044W,YBR066C,0,-5.886744,0.11320529878139496,0.9490000009536743,0.743399977684021
YLR397C,YOL039W,0,-5.886932,0.11319179087877274,0.9490000009536743,0.7434999942779541
YJL196C,YML120C,0,-5.8869376,0.1131782978773117,0.9490000009536743,0.7436000108718872
YJR144W,YIL123W,0,-5.887132,0.11316479742527008,0.9490000009536743,0.7437000274658203
YGR036C,YAL003W,0,-5.887906,0.11315130442380905,0.9490000009536743,0.7437999844551086
YMR173W,YER087C-B,0,-5.8880363,0.11313781887292862,0.9490000009536743,0.7439000010490417
YDR022C,YLR347C,0,-5.8880515,0.11312432587146759,0.9490000009536743,0.7440000176429749
YGR256W,YDR078C,0,-5.8880725,0.11311084777116776,0.9490000009536743,0.7440999746322632
YER019W,YOL060C,0,-5.888519,0.11309736967086792,0.9490000009536743,0.7441999912261963
YFL031W,YGL053W,0,-5.8886027,0.11308389157056808,0.9490000009536743,0.7443000078201294
YJR025C,YBL045C,0,-5.888668,0.11307041347026825,0.9490000009536743,0.7444000244140625
YHR052W,YMR202W,0,-5.88889,0.11305694282054901,0.9490000009536743,0.7444999814033508
YLR131C,YCR034W,0,-5.8892875,0.11304347962141037,0.9490000009536743,0.7445999979972839
YLR205C,YGR180C,0,-5.889902,0.11303001642227173,0.9490000009536743,0.744700014591217
YIL155C,YDR330W,0,-5.8906446,0.11301655322313309,0.9490000009536743,0.7447999715805054
YMR234W,YAL030W,0,-5.8906846,0.11300309747457504,0.9490000009536743,0.7448999881744385
YKL055C,YBR024W,0,-5.890864,0.112989641726017,0.9490000009536743,0.7450000047683716
YNL151C,YDL194W,0,-5.890964,0.11297619342803955,0.9490000009536743,0.7451000213623047
YPR034W,YEL041W,0,-5.891549,0.1129627451300621,0.9490000009536743,0.745199978351593
YGL004C,YFL059W,0,-5.8916535,0.11294929683208466,0.9490000009536743,0.7452999949455261
YPR199C,YBR040W,0,-5.891675,0.1129358559846878,0.9490000009536743,0.7454000115394592
YOR267C,YDR028C,0,-5.891809,0.11292241513729095,0.9490000009536743,0.7455000281333923
YIL124W,YPL163C,0,-5.892089,0.1129089817404747,0.9490000009536743,0.7455999851226807
YIR037W,YBR260C,0,-5.892525,0.11289554834365845,0.9490000009536743,0.7457000017166138
YCL059C,YPL235W,0,-5.8927407,0.11288212239742279,0.9490000009536743,0.7458000183105469
YMR216C,YHR152W,0,-5.893046,0.11286869645118713,0.9490000009536743,0.7458999752998352
YMR150C,YOR290C,0,-5.8938146,0.11285527050495148,0.9490000009536743,0.7459999918937683
YBL035C,YKL117W,0,-5.894188,0.11284185200929642,0.9490000009536743,0.7461000084877014
YLR353W,YGL106W,1,-5.8942122,0.11294732987880707,0.949999988079071,0.7461000084877014
YNL223W,YGL044C,0,-5.894588,0.11293390393257141,0.949999988079071,0.7462000250816345
YDR037W,YGR030C,0,-5.8947363,0.11292047798633575,0.949999988079071,0.7462999820709229
YDL208W,YPL237W,0,-5.8951,0.1129070594906807,0.949999988079071,0.746399998664856
YML047C,YKL015W,0,-5.8955903,0.11289364099502563,0.949999988079071,0.7465000152587891
YGR158C,YDR359C,0,-5.896411,0.11288022994995117,0.949999988079071,0.7465999722480774
YBR295W,YIL037C,0,-5.896693,0.11286681890487671,0.949999988079071,0.7466999888420105
YLR310C,YIL023C,0,-5.8969145,0.11285340785980225,0.949999988079071,0.7468000054359436
YER179W,YOL043C,0,-5.8970356,0.11284000426530838,0.949999988079071,0.7469000220298767
YLL042C,YFR053C,0,-5.8973117,0.11282660067081451,0.949999988079071,0.746999979019165
YKL203C,YGR094W,0,-5.8973165,0.11281320452690125,0.949999988079071,0.7470999956130981
YJR084W,YJR033C,0,-5.8973174,0.11279980838298798,0.949999988079071,0.7472000122070312
YKL112W,YFR003C,0,-5.897527,0.1127864196896553,0.949999988079071,0.7473000288009644
YAL026C,YIL072W,0,-5.897981,0.11277303099632263,0.949999988079071,0.7473999857902527
YBR029C,YPL159C,0,-5.8982444,0.11275964230298996,0.949999988079071,0.7475000023841858
YJL208C,YHR041C,0,-5.898667,0.11274626106023788,0.949999988079071,0.7476000189781189
YIL010W,YPL063W,0,-5.898892,0.11273287981748581,0.949999988079071,0.7476999759674072
YJR158W,YDR062W,0,-5.8989587,0.11271950602531433,0.949999988079071,0.7477999925613403
YJL170C,YKL054C,0,-5.8989882,0.11270613223314285,0.949999988079071,0.7479000091552734
YDR302W,YNL037C,0,-5.899368,0.11269276589155197,0.949999988079071,0.7480000257492065
YKL016C,YOR109W,0,-5.899545,0.11267939954996109,0.949999988079071,0.7480999827384949
YJL053W,YLR079W,0,-5.899569,0.11266603320837021,0.949999988079071,0.748199999332428
YIL097W,YOL009C,0,-5.899835,0.11265267431735992,0.949999988079071,0.7483000159263611
YGL247W,YPR133W-A,0,-5.899866,0.11263931542634964,0.949999988079071,0.7483999729156494
YNL039W,YKL203C,0,-5.900019,0.11262596398591995,0.949999988079071,0.7484999895095825
YNL231C,YDR213W,0,-5.9000773,0.11261261254549026,0.949999988079071,0.7486000061035156
YOR073W,YNL167C,0,-5.900254,0.11259926855564117,0.949999988079071,0.7487000226974487
YBR193C,YLR266C,0,-5.900306,0.11258591711521149,0.949999988079071,0.7487999796867371
YDL084W,YDR532C,0,-5.900556,0.112572580575943,0.949999988079071,0.7488999962806702
YPL221W,YIL076W,0,-5.9006057,0.1125592440366745,0.949999988079071,0.7490000128746033
YML073C,YLR268W,0,-5.9007564,0.112545907497406,0.949999988079071,0.7491000294685364
YOR011W,YPR105C,0,-5.9011497,0.11253257840871811,0.949999988079071,0.7491999864578247
YGR268C,YGR197C,0,-5.901238,0.11251924932003021,0.949999988079071,0.7493000030517578
YIL131C,YLR222C,0,-5.9014964,0.11250592023134232,0.949999988079071,0.7494000196456909
YCL039W,YLR069C,0,-5.901562,0.11249259859323502,0.949999988079071,0.7494999766349792
YDR481C,YML038C,0,-5.901761,0.11247927695512772,0.949999988079071,0.7495999932289124
YMR073C,YDR178W,0,-5.901913,0.11246596276760101,0.949999988079071,0.7497000098228455
YOL147C,YLR301W,0,-5.902099,0.11245264858007431,0.949999988079071,0.7498000264167786
YJL003W,YBR240C,0,-5.902515,0.1124393418431282,0.949999988079071,0.7498999834060669
YPR030W,YHR150W,0,-5.9026713,0.1124260351061821,0.949999988079071,0.75
YLL015W,YNR047W,0,-5.902867,0.11241273581981659,0.949999988079071,0.7501000165939331
YDL166C,YEL026W,0,-5.9029346,0.11239942908287048,0.949999988079071,0.7501999735832214
YBR177C,YBR168W,0,-5.902948,0.11238613724708557,0.949999988079071,0.7502999901771545
YOR063W,YIL061C,0,-5.903478,0.11237283796072006,0.949999988079071,0.7504000067710876
YDL013W,YLR301W,0,-5.9035516,0.11235955357551575,0.949999988079071,0.7505000233650208
YGR224W,YNR059W,0,-5.9037976,0.11234626173973083,0.949999988079071,0.7505999803543091
YLR195C,YBR066C,0,-5.9038596,0.11233297735452652,0.949999988079071,0.7506999969482422
YER035W,YDR379W,0,-5.9047656,0.1123197004199028,0.949999988079071,0.7508000135421753
YGL256W,YNL286W,0,-5.904997,0.11230641603469849,0.949999988079071,0.7508999705314636
YHR165C,YDL229W,0,-5.905056,0.11229314655065536,0.949999988079071,0.7509999871253967
YBR098W,YMR008C,0,-5.905147,0.11227986961603165,0.949999988079071,0.7511000037193298
YNL288W,YMR218C,0,-5.9051614,0.11226660013198853,0.949999988079071,0.7512000203132629
YOR328W,YDR178W,0,-5.905258,0.112253338098526,0.949999988079071,0.7512999773025513
YOL043C,YDR091C,0,-5.9055996,0.11224007606506348,0.949999988079071,0.7513999938964844
YJR104C,YGR296W,0,-5.905606,0.11222681403160095,0.949999988079071,0.7515000104904175
YOR328W,YDR259C,0,-5.90572,0.11221355944871902,0.949999988079071,0.7516000270843506
YDR216W,YDR495C,0,-5.90632,0.1122003048658371,0.949999988079071,0.7516999840736389
YKL197C,YDL090C,0,-5.9074726,0.11218705773353577,0.949999988079071,0.751800000667572
YNL145W,YNL117W,0,-5.9076552,0.11217381060123444,0.949999988079071,0.7519000172615051
YPL195W,YJR009C,0,-5.9080415,0.1121605634689331,0.949999988079071,0.7519999742507935
YDR081C,YER095W,0,-5.9082346,0.11214732378721237,0.949999988079071,0.7520999908447266
YJL094C,YPL058C,0,-5.9082413,0.11213409155607224,0.949999988079071,0.7522000074386597
YNL317W,YLR424W,0,-5.9089456,0.1121208518743515,0.949999988079071,0.7523000240325928
YBR162C,YGR090W,0,-5.908947,0.11210761964321136,0.949999988079071,0.7523999810218811
YOR245C,YIL048W,0,-5.9090543,0.11209439486265182,0.949999988079071,0.7524999976158142
YJR158W,YML005W,0,-5.9090676,0.11208117008209229,0.949999988079071,0.7526000142097473
YOR094W,YJR078W,0,-5.909146,0.11206794530153275,0.949999988079071,0.7526999711990356
YOL151W,YHR050W,0,-5.909406,0.1120547279715538,0.949999988079071,0.7527999877929688
YGL212W,YMR088C,0,-5.9098306,0.11204151064157486,0.949999988079071,0.7529000043869019
YDR437W,YDR362C,0,-5.910131,0.11202830076217651,0.949999988079071,0.753000020980835
YMR055C,YJR145C,0,-5.910167,0.11201509088277817,0.949999988079071,0.7530999779701233
YLR025W,YNL241C,0,-5.910334,0.11200188845396042,0.949999988079071,0.7531999945640564
YJR065C,YOR069W,0,-5.9105973,0.11198868602514267,0.949999988079071,0.7533000111579895
YMR275C,YLR175W,0,-5.9110007,0.11197548359632492,0.949999988079071,0.7534000277519226
YNL286W,YGL067W,0,-5.911185,0.11196228861808777,0.949999988079071,0.7534999847412109
YNR075W,YOR294W,0,-5.9112906,0.11194909363985062,0.949999988079071,0.753600001335144
YGL172W,YMR293C,0,-5.911527,0.11193589866161346,0.949999988079071,0.7537000179290771
YOR226C,YOL055C,0,-5.9115415,0.11192271113395691,0.949999988079071,0.7537999749183655
YOL104C,YHR106W,0,-5.9118075,0.11190953105688095,0.949999988079071,0.7538999915122986
YNL327W,YDR166C,1,-5.91192,0.11201413720846176,0.9509999752044678,0.7538999915122986
YBR039W,YOL093W,0,-5.911996,0.11200094223022461,0.9509999752044678,0.7540000081062317
YNL075W,YMR037C,0,-5.9129405,0.11198775470256805,0.9509999752044678,0.7541000247001648
YDR173C,YJR074W,0,-5.9129853,0.1119745671749115,0.9509999752044678,0.7541999816894531
YLR303W,YAR042W,0,-5.913238,0.11196138709783554,0.9509999752044678,0.7542999982833862
YLL043W,YGR197C,0,-5.9133897,0.11194820702075958,0.9509999752044678,0.7544000148773193
YKL022C,YOL127W,0,-5.91343,0.11193502694368362,0.9509999752044678,0.7544999718666077
YOL021C,YGL097W,0,-5.913653,0.11192185431718826,0.9509999752044678,0.7545999884605408
YLR219W,YPL188W,0,-5.913833,0.1119086816906929,0.9509999752044678,0.7547000050544739
YPR033C,YML061C,0,-5.9138665,0.11189551651477814,0.9509999752044678,0.754800021648407
YHR026W,YMR197C,0,-5.9141593,0.11188235133886337,0.9509999752044678,0.7548999786376953
YNL280C,YJL025W,0,-5.9141917,0.1118691936135292,0.9509999752044678,0.7549999952316284
YKL146W,YML047C,0,-5.914433,0.11185603588819504,0.9509999752044678,0.7551000118255615
YBL050W,YBR077C,0,-5.9148917,0.11184287816286087,0.9509999752044678,0.7552000284194946
YER012W,YER116C,0,-5.9150624,0.1118297278881073,0.9509999752044678,0.755299985408783
YMR296C,YKL040C,0,-5.9150867,0.11181657761335373,0.9509999752044678,0.7554000020027161
YMR056C,YHR167W,0,-5.915961,0.11180343478918076,0.9509999752044678,0.7555000185966492
YKR046C,YKL117W,0,-5.9167414,0.11179029196500778,0.9509999752044678,0.7555999755859375
YOR232W,YAL051W,0,-5.916842,0.11177714914083481,0.9509999752044678,0.7556999921798706
YFL008W,YOR230W,0,-5.916872,0.11176401376724243,0.9509999752044678,0.7558000087738037
YDR409W,YPR133W-A,0,-5.916947,0.11175087839365005,0.9509999752044678,0.7559000253677368
YPL240C,YDL216C,0,-5.9170036,0.11173775047063828,0.9509999752044678,0.7559999823570251
YDR130C,YJL052W,0,-5.918109,0.1117246225476265,0.9509999752044678,0.7560999989509583
YLR205C,YPL192C,0,-5.9185047,0.11171150207519531,0.9509999752044678,0.7562000155448914
YDL200C,YGR078C,0,-5.9187555,0.11169838160276413,0.9509999752044678,0.7562999725341797
YKL004W,YNL044W,0,-5.919122,0.11168526113033295,0.9509999752044678,0.7563999891281128
YGL030W,YCR033W,0,-5.9193025,0.11167214810848236,0.9509999752044678,0.7565000057220459
YIL167W,YDR059C,0,-5.919391,0.11165903508663177,0.9509999752044678,0.756600022315979
YMR296C,YFL026W,0,-5.9194884,0.11164592951536179,0.9509999752044678,0.7566999793052673
YBR155W,YNL209W,0,-5.919619,0.1116328239440918,0.9509999752044678,0.7567999958992004
YCR028C-A,YLL012W,0,-5.920136,0.11161971837282181,0.9509999752044678,0.7569000124931335
YHR114W,YMR238W,0,-5.9201775,0.11160662025213242,0.9509999752044678,0.7570000290870667
YGL084C,YPL212C,0,-5.920673,0.11159352213144302,0.9509999752044678,0.757099986076355
YDL083C,YDR359C,0,-5.9210143,0.11158043146133423,0.9509999752044678,0.7572000026702881
YGL073W,YMR043W,0,-5.921262,0.11156734079122543,0.9509999752044678,0.7573000192642212
YBR207W,YPL208W,0,-5.921997,0.11155425012111664,0.9509999752044678,0.7573999762535095
YGL016W,YPR075C,0,-5.9224534,0.11154116690158844,0.9509999752044678,0.7574999928474426
YGR097W,YDR002W,0,-5.9225516,0.11152808368206024,0.9509999752044678,0.7576000094413757
YOL101C,YMR142C,0,-5.92308,0.11151500791311264,0.9509999752044678,0.7577000260353088
YOR127W,YBR048W,0,-5.9231734,0.11150193214416504,0.9509999752044678,0.7577999830245972
YKL002W,YLR191W,0,-5.9235215,0.11148886382579803,0.9509999752044678,0.7578999996185303
YIL036W,YER024W,0,-5.9237285,0.11147579550743103,0.9509999752044678,0.7580000162124634
YCR034W,YNL072W,0,-5.923921,0.11146272718906403,0.9509999752044678,0.7580999732017517
YMR077C,YKL126W,0,-5.925058,0.11144966632127762,0.9509999752044678,0.7581999897956848
YLR286C,YNL084C,1,-5.925467,0.11155378818511963,0.9520000219345093,0.7581999897956848
YBR179C,YOL088C,0,-5.92617,0.11154071241617203,0.9520000219345093,0.7583000063896179
YPL262W,YGR229C,0,-5.926987,0.11152764409780502,0.9520000219345093,0.758400022983551
YOL143C,YNL294C,0,-5.92707,0.11151458323001862,0.9520000219345093,0.7584999799728394
YHR013C,YIL124W,0,-5.92714,0.11150152236223221,0.9520000219345093,0.7585999965667725
YGL068W,YMR142C,0,-5.927524,0.1114884614944458,0.9520000219345093,0.7587000131607056
YBR223C,YHR048W,0,-5.927568,0.11147540807723999,0.9520000219345093,0.7588000297546387
YGR180C,YOR290C,0,-5.9275956,0.11146235466003418,0.9520000219345093,0.758899986743927
YBR272C,YOR321W,0,-5.92775,0.11144930869340897,0.9520000219345093,0.7590000033378601
YJR155W,YKR027W,0,-5.9279065,0.11143626272678375,0.9520000219345093,0.7591000199317932
YNL225C,YER041W,0,-5.9288163,0.11142322421073914,0.9520000219345093,0.7591999769210815
YCR091W,YDR378C,0,-5.9290175,0.11141017824411392,0.9520000219345093,0.7592999935150146
YGR247W,YDR324C,0,-5.929148,0.1113971471786499,0.9520000219345093,0.7594000101089478
YLR081W,YGR276C,0,-5.929276,0.11138410866260529,0.9520000219345093,0.7595000267028809
YMR092C,YGR111W,0,-5.9293,0.11137107759714127,0.9520000219345093,0.7595999836921692
YBR010W,YPR191W,0,-5.9298625,0.11135805398225784,0.9520000219345093,0.7597000002861023
YBR236C,YBR182C,0,-5.9300056,0.11134503036737442,0.9520000219345093,0.7598000168800354
YBL002W,YER165W,0,-5.9303355,0.111332006752491,0.9520000219345093,0.7598999738693237
YFR041C,YPR032W,0,-5.930632,0.11131899058818817,0.9520000219345093,0.7599999904632568
YNL259C,YIL084C,0,-5.9306817,0.11130597442388535,0.9520000219345093,0.7601000070571899
YOR136W,YOL143C,0,-5.9307113,0.11129296571016312,0.9520000219345093,0.760200023651123
YOL008W,YOR267C,0,-5.9307504,0.11127994954586029,0.9520000219345093,0.7602999806404114
YDL148C,YDR175C,0,-5.930966,0.11126694828271866,0.9520000219345093,0.7603999972343445
YLR157C,YIL018W,0,-5.931823,0.11125394701957703,0.9520000219345093,0.7605000138282776
YJR057W,YPR164W,0,-5.9318585,0.1112409457564354,0.9520000219345093,0.7605999708175659
YLR260W,YLR006C,0,-5.932217,0.11122794449329376,0.9520000219345093,0.760699987411499
YNL317W,YGR258C,0,-5.9322953,0.11121495068073273,0.9520000219345093,0.7608000040054321
YDR376W,YBR273C,0,-5.9326,0.11120196431875229,0.9520000219345093,0.7609000205993652
YML004C,YER022W,0,-5.9326925,0.11118897795677185,0.9520000219345093,0.7609999775886536
YGR055W,YGL095C,0,-5.9327164,0.11117599159479141,0.9520000219345093,0.7610999941825867
YDL088C,YMR060C,0,-5.9328494,0.11116300523281097,0.9520000219345093,0.7612000107765198
YBR132C,YOR129C,0,-5.933248,0.11115002632141113,0.9520000219345093,0.7613000273704529
YNL149C,YOL138C,0,-5.93329,0.11113705486059189,0.9520000219345093,0.7613999843597412
YDL132W,YPL151C,0,-5.9333625,0.11112408339977264,0.9520000219345093,0.7615000009536743
YOR185C,YNL253W,0,-5.9334245,0.1111111119389534,0.9520000219345093,0.7616000175476074
YPL012W,YLR005W,0,-5.9341846,0.11109814792871475,0.9520000219345093,0.7616999745368958
YPR200C,YCR083W,0,-5.9352946,0.1110851839184761,0.9520000219345093,0.7617999911308289
YPR094W,YLR135W,0,-5.9364486,0.11107221990823746,0.9520000219345093,0.761900007724762
YLR318W,YGL033W,0,-5.936673,0.1110592633485794,0.9520000219345093,0.7620000243186951
YBR155W,YPR138C,0,-5.936732,0.11104630678892136,0.9520000219345093,0.7620999813079834
YGR216C,YGR121C,0,-5.937279,0.1110333576798439,0.9520000219345093,0.7621999979019165
YOR100C,YHR005C,0,-5.9373,0.11102040857076645,0.9520000219345093,0.7623000144958496
YLR286C,YNL154C,1,-5.9374948,0.11112406849861145,0.953000009059906,0.7623000144958496
YOR297C,YDR486C,0,-5.93761,0.1111111119389534,0.953000009059906,0.7623999714851379
YLR106C,YPL010W,0,-5.937754,0.11109815537929535,0.953000009059906,0.762499988079071
YIR037W,YGR059W,0,-5.9378104,0.1110852062702179,0.953000009059906,0.7626000046730042
YNL318C,YOL054W,0,-5.9379115,0.11107226461172104,0.953000009059906,0.7627000212669373
YMR264W,YPL012W,0,-5.9380918,0.11105931550264359,0.953000009059906,0.7627999782562256
YGL099W,YPR074C,0,-5.9386353,0.11104637384414673,0.953000009059906,0.7628999948501587
YER045C,YKL146W,0,-5.9390664,0.11103343963623047,0.953000009059906,0.7630000114440918
YNL274C,YNL323W,0,-5.939239,0.11102050542831421,0.953000009059906,0.7631000280380249
YHR187W,YNL334C,0,-5.939298,0.11100757122039795,0.953000009059906,0.7631999850273132
YFR030W,YDR400W,0,-5.939498,0.11099464446306229,0.953000009059906,0.7633000016212463
YLR438C-A,YER116C,0,-5.9396586,0.11098171770572662,0.953000009059906,0.7634000182151794
YPR187W,YJL047C,0,-5.939881,0.11096879094839096,0.953000009059906,0.7634999752044678
YDR298C,YIL105C,0,-5.93991,0.1109558716416359,0.953000009059906,0.7635999917984009
YOR002W,YHL036W,0,-5.939984,0.11094295978546143,0.953000009059906,0.763700008392334
YKL004W,YAL032C,0,-5.9400105,0.11093004047870636,0.953000009059906,0.7638000249862671
YIR004W,YLR003C,0,-5.9400535,0.11091712862253189,0.953000009059906,0.7638999819755554
YPR082C,YMR069W,0,-5.9404435,0.11090422421693802,0.953000009059906,0.7639999985694885
YBL045C,YPR017C,0,-5.940457,0.11089131981134415,0.953000009059906,0.7641000151634216
YJR068W,YOR084W,0,-5.940594,0.11087841540575027,0.953000009059906,0.76419997215271
YFL056C,YOL034W,0,-5.9406114,0.110865518450737,0.953000009059906,0.7642999887466431
YFR003C,YLR346C,0,-5.940908,0.11085262149572372,0.953000009059906,0.7644000053405762
YPL008W,YJR049C,0,-5.940953,0.11083973199129105,0.953000009059906,0.7645000219345093
YJR040W,YBR250W,0,-5.941282,0.11082684248685837,0.953000009059906,0.7645999789237976
YPR080W,YOR129C,0,-5.9413695,0.11081395298242569,0.953000009059906,0.7646999955177307
YGL194C,YDR081C,0,-5.9418464,0.11080107092857361,0.953000009059906,0.7648000121116638
YMR016C,YGR094W,0,-5.9422936,0.11078818887472153,0.953000009059906,0.7649000287055969
YMR219W,YKL144C,0,-5.9423347,0.11077531427145004,0.953000009059906,0.7649999856948853
YDL213C,YOR224C,0,-5.9427176,0.11076243966817856,0.953000009059906,0.7651000022888184
YOR023C,YBR185C,0,-5.9427648,0.11074956506490707,0.953000009059906,0.7652000188827515
YLR051C,YMR026C,0,-5.942838,0.11073669791221619,0.953000009059906,0.7652999758720398
YGL078C,YGR030C,0,-5.9429975,0.1107238307595253,0.953000009059906,0.7653999924659729
YAL044C,YDR057W,0,-5.9434547,0.11071096360683441,0.953000009059906,0.765500009059906
YBR199W,YER070W,0,-5.943501,0.11069810390472412,0.953000009059906,0.7656000256538391
YLR158C,YIL004C,0,-5.943809,0.11068525165319443,0.953000009059906,0.7656999826431274
YPR008W,YPL237W,0,-5.944222,0.11067239940166473,0.953000009059906,0.7657999992370605
YBR057C,YNR039C,0,-5.9443274,0.11065954715013504,0.953000009059906,0.7659000158309937
YKL150W,YIL173W,0,-5.9444814,0.11064669489860535,0.953000009059906,0.765999972820282
YHR059W,YOR132W,0,-5.944548,0.11063385009765625,0.953000009059906,0.7660999894142151
YDR190C,YHL006C,0,-5.9451137,0.11062101274728775,0.953000009059906,0.7662000060081482
YJR045C,YJL035C,0,-5.9454455,0.11060816794633865,0.953000009059906,0.7663000226020813
YBR057C,YPR052C,0,-5.945679,0.11059533804655075,0.953000009059906,0.7663999795913696
YKL011C,YFR040W,0,-5.946079,0.11058250069618225,0.953000009059906,0.7664999961853027
YMR119W,YKR097W,0,-5.946278,0.11056967079639435,0.953000009059906,0.7666000127792358
YGL100W,YKR014C,0,-5.94634,0.11055684089660645,0.953000009059906,0.766700029373169
YDL101C,YBL020W,0,-5.946549,0.11054401844739914,0.953000009059906,0.7667999863624573
YPL046C,YGR191W,0,-5.94667,0.11053119599819183,0.953000009059906,0.7669000029563904
YLR216C,YKL173W,0,-5.9467463,0.11051838099956512,0.953000009059906,0.7670000195503235
YFR021W,YKL074C,0,-5.9471583,0.11050556600093842,0.953000009059906,0.7670999765396118
YPR112C,YMR293C,0,-5.9479938,0.1104927510023117,0.953000009059906,0.7671999931335449
YLR009W,YFL026W,0,-5.948034,0.1104799434542656,0.953000009059906,0.767300009727478
YPR105C,YHR194W,0,-5.9484,0.11046713590621948,0.953000009059906,0.7674000263214111
YDR302W,YDR293C,0,-5.9484587,0.11045433580875397,0.953000009059906,0.7674999833106995
YHR079C-A,YIL129C,0,-5.948486,0.11044153571128845,0.953000009059906,0.7675999999046326
YNL159C,YOR073W,0,-5.948508,0.11042873561382294,0.953000009059906,0.7677000164985657
YGR264C,YLR248W,0,-5.9487004,0.11041594296693802,0.953000009059906,0.767799973487854
YDR279W,YFR003C,0,-5.948841,0.1104031503200531,0.953000009059906,0.7678999900817871
YGR030C,YKR081C,0,-5.948871,0.11039036512374878,0.953000009059906,0.7680000066757202
YMR113W,YHR139C,0,-5.9490943,0.11037757992744446,0.953000009059906,0.7681000232696533
YCL010C,YDR409W,0,-5.9493165,0.11036479473114014,0.953000009059906,0.7681999802589417
YCR038C,YDR388W,1,-5.9495316,0.1104678064584732,0.9539999961853027,0.7681999802589417
YDL003W,YOR132W,0,-5.9496446,0.11045502126216888,0.9539999961853027,0.7682999968528748
YBR006W,YNL304W,0,-5.9496636,0.11044222861528397,0.9539999961853027,0.7684000134468079
YLR401C,YML013W,0,-5.950644,0.11042945086956024,0.9539999961853027,0.7684999704360962
YLL009C,YDR143C,0,-5.9508867,0.11041666567325592,0.9539999961853027,0.7685999870300293
YOR142W,YOR275C,0,-5.951576,0.1104038879275322,0.9539999961853027,0.7687000036239624
YOR221C,YPR182W,0,-5.951615,0.11039111018180847,0.9539999961853027,0.7688000202178955
YER051W,YIL114C,0,-5.952149,0.11037833988666534,0.9539999961853027,0.7688999772071838
YKL064W,YGR181W,0,-5.9526963,0.11036556959152222,0.9539999961853027,0.7689999938011169
YJL011C,YJR126C,0,-5.9527783,0.11035280674695969,0.9539999961853027,0.76910001039505
YOR048C,YPL193W,0,-5.9529767,0.11034004390239716,0.9539999961853027,0.7692000269889832
YDL160C,YMR095C,0,-5.953224,0.11032728105783463,0.9539999961853027,0.7692999839782715
YOL021C,YLL011W,0,-5.9533725,0.11031452566385269,0.9539999961853027,0.7694000005722046
YKR068C,YJL214W,0,-5.953802,0.11030177026987076,0.9539999961853027,0.7695000171661377
YCR082W,YDR488C,0,-5.9539227,0.11028901487588882,0.9539999961853027,0.769599974155426
YNL030W,YOR188W,0,-5.9540343,0.11027626693248749,0.9539999961853027,0.7696999907493591
YCR038C,YOR181W,1,-5.9542136,0.11037909984588623,0.9549999833106995,0.7696999907493591
YIR017C,YJL143W,0,-5.9543605,0.1103663444519043,0.9549999833106995,0.7698000073432922
YOR148C,YMR106C,0,-5.9548182,0.11035359650850296,0.9549999833106995,0.7699000239372253
YLR401C,YBR077C,0,-5.9550405,0.11034084111452103,0.9549999833106995,0.7699999809265137
YMR142C,YNL046W,0,-5.95534,0.11032809317111969,0.9549999833106995,0.7700999975204468
YFL034C-B,YHR157W,0,-5.955495,0.11031535267829895,0.9549999833106995,0.7702000141143799
YFL021W,YLR025W,0,-5.955558,0.11030261218547821,0.9549999833106995,0.7702999711036682
YLL022C,YKR052C,0,-5.9557166,0.11028987169265747,0.9549999833106995,0.7703999876976013
YDL102W,YMR156C,0,-5.9564204,0.11027713865041733,0.9549999833106995,0.7705000042915344
YIR017C,YLR181C,0,-5.956443,0.11026440560817719,0.9549999833106995,0.7706000208854675
YIL132C,YDR300C,0,-5.9564443,0.11025167256593704,0.9549999833106995,0.7706999778747559
YDR202C,YGR056W,0,-5.9569716,0.1102389469742775,0.9549999833106995,0.770799994468689
YIL132C,YDR081C,0,-5.9573226,0.11022622138261795,0.9549999833106995,0.7709000110626221
YLR288C,YGL068W,0,-5.957685,0.110213503241539,0.9549999833106995,0.7710000276565552
YJR025C,YOR100C,0,-5.957721,0.11020078510046005,0.9549999833106995,0.7710999846458435
YLR007W,YGL137W,0,-5.957888,0.1101880669593811,0.9549999833106995,0.7712000012397766
YDL013W,YOR267C,0,-5.9580245,0.11017535626888275,0.9549999833106995,0.7713000178337097
YMR277W,YLR048W,0,-5.9583774,0.1101626455783844,0.9549999833106995,0.771399974822998
YEL034W,YDR488C,0,-5.959127,0.11014994233846664,0.9549999833106995,0.7714999914169312
YFL024C,YJL026W,0,-5.9595637,0.11013723909854889,0.9549999833106995,0.7716000080108643
YDR277C,YOR362C,0,-5.959739,0.11012453585863113,0.9549999833106995,0.7717000246047974
YPR037C,YBR058C,0,-5.9600377,0.11011184006929398,0.9549999833106995,0.7717999815940857
YIR021W,YIL167W,0,-5.961081,0.11009914427995682,0.9549999833106995,0.7718999981880188
YER117W,YHR048W,0,-5.961677,0.11008645594120026,0.9549999833106995,0.7720000147819519
YAL044C,YKL170W,0,-5.9617486,0.1100737676024437,0.9549999833106995,0.7720999717712402
YGL166W,YDR078C,0,-5.961765,0.11006107926368713,0.9549999833106995,0.7721999883651733
YMR078C,YMR006C,0,-5.9618793,0.11004839837551117,0.9549999833106995,0.7723000049591064
YGL044C,YBR152W,0,-5.962021,0.1100357174873352,0.9549999833106995,0.7724000215530396
YJL033W,YOR274W,0,-5.9623237,0.11002304404973984,0.9549999833106995,0.7724999785423279
YIL051C,YMR190C,0,-5.9625187,0.11001037061214447,0.9549999833106995,0.772599995136261
YFL011W,YDR200C,0,-5.96273,0.1099976971745491,0.9549999833106995,0.7727000117301941
YJL178C,YLR448W,0,-5.9630685,0.10998503118753433,0.9549999833106995,0.7728000283241272
YLR274W,YPR134W,0,-5.9630885,0.10997236520051956,0.9549999833106995,0.7728999853134155
YKL194C,YDR277C,0,-5.963243,0.10995969921350479,0.9549999833106995,0.7730000019073486
YPL058C,YDR379W,0,-5.9632664,0.10994704067707062,0.9549999833106995,0.7731000185012817
YLR170C,YOR011W,0,-5.9633937,0.10993438214063644,0.9549999833106995,0.7731999754905701
YJL124C,YGL025C,0,-5.9637685,0.10992173105478287,0.9549999833106995,0.7732999920845032
YHR191C,YLL060C,0,-5.9637747,0.10990907996892929,0.9549999833106995,0.7734000086784363
YBR212W,YCR066W,0,-5.963949,0.10989643633365631,0.9549999833106995,0.7735000252723694
YDR244W,YOR315W,0,-5.9642367,0.10988378524780273,0.9549999833106995,0.7735999822616577
YJL111W,YGL236C,0,-5.9645886,0.10987114906311035,0.9549999833106995,0.7736999988555908
YDL033C,YGR111W,0,-5.9651165,0.10985850542783737,0.9549999833106995,0.7738000154495239
YMR298W,YDR337W,0,-5.9663987,0.10984586924314499,0.9549999833106995,0.7738999724388123
YDL220C,YOL094C,0,-5.9665217,0.1098332405090332,0.9549999833106995,0.7739999890327454
YGL208W,YER005W,0,-5.9665246,0.10982060432434082,0.9549999833106995,0.7741000056266785
YPR112C,YDL083C,0,-5.96656,0.10980798304080963,0.9549999833106995,0.7742000222206116
YCR071C,YMR153W,0,-5.967197,0.10979535430669785,0.9549999833106995,0.7742999792098999
YCR028C,YMR263W,0,-5.9679,0.10978273302316666,0.9549999833106995,0.774399995803833
YNL054W,YKL041W,0,-5.9680467,0.10977011173963547,0.9549999833106995,0.7745000123977661
YJL108C,YML047C,0,-5.968181,0.10975749790668488,0.9549999833106995,0.7746000289916992
YOR355W,YMR243C,0,-5.9682994,0.10974488407373428,0.9549999833106995,0.7746999859809875
YBR002C,YOR297C,0,-5.9684386,0.10973227769136429,0.9549999833106995,0.7748000025749207
YFL031W,YDL130W-A,0,-5.968906,0.1097196713089943,0.9549999833106995,0.7749000191688538
YDR096W,YMR175W,0,-5.9692826,0.1097070649266243,0.9549999833106995,0.7749999761581421
YDL181W,YMR305C,0,-5.969533,0.1096944659948349,0.9549999833106995,0.7750999927520752
YPL132W,YLR068W,0,-5.969706,0.1096818670630455,0.9549999833106995,0.7752000093460083
YDR314C,YKL203C,0,-5.9697423,0.1096692681312561,0.9549999833106995,0.7753000259399414
YJL062W,YJL052W,0,-5.9704742,0.1096566766500473,0.9549999833106995,0.7753999829292297
YPL075W,YFL011W,0,-5.97072,0.1096440851688385,0.9549999833106995,0.7754999995231628
YOL064C,YCR033W,0,-5.970951,0.1096315011382103,0.9549999833106995,0.775600016117096
YPR122W,YDR328C,1,-5.971053,0.1097337007522583,0.9559999704360962,0.775600016117096
YFL039C,YOR299W,1,-5.9713674,0.10983587801456451,0.9570000171661377,0.775600016117096
YLR347C,YJR002W,0,-5.971685,0.10982327163219452,0.9570000171661377,0.7756999731063843
YLR155C,YGL053W,0,-5.9721093,0.10981067270040512,0.9570000171661377,0.7757999897003174
YIR015W,YHR021C,0,-5.9724135,0.10979807376861572,0.9570000171661377,0.7759000062942505
YDR085C,YBR207W,0,-5.972591,0.10978547483682632,0.9570000171661377,0.7760000228881836
YPL242C,YCR009C,1,-5.972658,0.10988759249448776,0.9580000042915344,0.7760000228881836
YLL015W,YPL031C,0,-5.973599,0.10987498611211777,0.9580000042915344,0.7760999798774719
YNL223W,YNL130C,0,-5.973687,0.10986238718032837,0.9580000042915344,0.776199996471405
YKL108W,YGR197C,0,-5.97389,0.10984978824853897,0.9580000042915344,0.7763000130653381
YDR122W,YNL078W,0,-5.975184,0.10983719676733017,0.9580000042915344,0.7764000296592712
YNL219C,YPL154C,0,-5.975497,0.10982460528612137,0.9580000042915344,0.7764999866485596
YDR179C,YDR341C,0,-5.976043,0.10981201380491257,0.9580000042915344,0.7766000032424927
YCL035C,YOR008C,0,-5.9768453,0.10979942977428436,0.9580000042915344,0.7767000198364258
YLR295C,YBR154C,0,-5.977073,0.10978684574365616,0.9580000042915344,0.7767999768257141
YOR322C,YNL107W,0,-5.9773364,0.10977426171302795,0.9580000042915344,0.7768999934196472
YNL271C,YNL327W,1,-5.9777594,0.10987626016139984,0.9589999914169312,0.7768999934196472
YHR013C,YLR372W,0,-5.9784646,0.10986367613077164,0.9589999914169312,0.7770000100135803
YLL050C,YIL018W,0,-5.978709,0.10985108464956284,0.9589999914169312,0.7771000266075134
YPL118W,YMR285C,0,-5.9789495,0.10983850806951523,0.9589999914169312,0.7771999835968018
YGL087C,YPL146C,0,-5.979482,0.10982592403888702,0.9589999914169312,0.7773000001907349
YOL151W,YBR092C,0,-5.9795575,0.10981335490942001,0.9589999914169312,0.777400016784668
YFL013C,YGR048W,0,-5.9798,0.1098007783293724,0.9589999914169312,0.7774999737739563
YFR046C,YJL141C,0,-5.9800806,0.1097882091999054,0.9589999914169312,0.7775999903678894
YMR177W,YKL175W,0,-5.9804187,0.10977564007043839,0.9589999914169312,0.7777000069618225
YGL045W,YDL064W,0,-5.9805408,0.10976307839155197,0.9589999914169312,0.7778000235557556
YBR275C,YDL052C,0,-5.9814606,0.10975051671266556,0.9589999914169312,0.777899980545044
YKL146W,YOL156W,0,-5.9815273,0.10973795503377914,0.9589999914169312,0.777999997138977
YPR112C,YJR033C,0,-5.98194,0.10972540080547333,0.9589999914169312,0.7781000137329102
YLR166C,YNL243W,1,-5.9822593,0.10982725024223328,0.9599999785423279,0.7781000137329102
YER183C,YDR293C,0,-5.9824753,0.10981468856334686,0.9599999785423279,0.7781999707221985
YNL149C,YJL089W,0,-5.9824805,0.10980212688446045,0.9599999785423279,0.7782999873161316
YHL019C,YOR211C,0,-5.98401,0.10978957265615463,0.9599999785423279,0.7784000039100647
YDL229W,YOL129W,0,-5.9841156,0.10977701842784882,0.9599999785423279,0.7785000205039978
YNL182C,YIR018W,0,-5.984452,0.109764464199543,0.9599999785423279,0.7785999774932861
YNL127W,YNL054W,0,-5.984458,0.10975191742181778,0.9599999785423279,0.7786999940872192
YBL042C,YPL274W,0,-5.984814,0.10973937064409256,0.9599999785423279,0.7788000106811523
YLR005W,YJR103W,0,-5.984984,0.10972682386636734,0.9599999785423279,0.7789000272750854
YGR132C,YIL073C,0,-5.985186,0.10971428453922272,0.9599999785423279,0.7789999842643738
YOR133W,YGL099W,0,-5.985419,0.1097017452120781,0.9599999785423279,0.7791000008583069
YCR028C,YOL091W,0,-5.9854846,0.10968921333551407,0.9599999785423279,0.77920001745224
YMR047C,YHR160C,0,-5.9856343,0.10967668145895004,0.9599999785423279,0.7792999744415283
YBL032W,YDL014W,0,-5.9860864,0.10966415703296661,0.9599999785423279,0.7793999910354614
YDL230W,YNR064C,0,-5.986439,0.10965162515640259,0.9599999785423279,0.7795000076293945
YDR421W,YJL033W,0,-5.9868937,0.10963910818099976,0.9599999785423279,0.7796000242233276
YKR065C,YLR248W,0,-5.987042,0.10962658375501633,0.9599999785423279,0.779699981212616
YDL134C,YOR347C,0,-5.987554,0.1096140667796135,0.9599999785423279,0.7797999978065491
YOL038W,YNR011C,0,-5.987623,0.10960154980421066,0.9599999785423279,0.7799000144004822
YBR142W,YOR334W,0,-5.9878345,0.10958904027938843,0.9599999785423279,0.7799999713897705
YIL070C,YHR001W,0,-5.987846,0.10957653075456619,0.9599999785423279,0.7800999879837036
YFL041W,YPL012W,0,-5.9879494,0.10956402868032455,0.9599999785423279,0.7802000045776367
YBL041W,YPL133C,0,-5.9881654,0.10955152660608292,0.9599999785423279,0.7803000211715698
YCR098C,YJL093C,0,-5.988486,0.10953902453184128,0.9599999785423279,0.7803999781608582
YPL161C,YMR143W,0,-5.9884963,0.10952652245759964,0.9599999785423279,0.7804999947547913
YML095C,YDR382W,0,-5.9887886,0.1095140278339386,0.9599999785423279,0.7806000113487244
YJL214W,YCR073W-A,0,-5.9890847,0.10950154066085815,0.9599999785423279,0.7807000279426575
YJR150C,YCL017C,0,-5.989569,0.10948905348777771,0.9599999785423279,0.7807999849319458
YBR065C,YNR023W,0,-5.989922,0.10947656631469727,0.9599999785423279,0.7809000015258789
YJL178C,YOL071W,0,-5.990363,0.10946407914161682,0.9599999785423279,0.781000018119812
YOR182C,YDL120W,0,-5.9908137,0.10945159941911697,0.9599999785423279,0.7810999751091003
YNL239W,YMR061W,0,-5.990948,0.10943912714719772,0.9599999785423279,0.7811999917030334
YER119C,YLR263W,0,-5.9909544,0.10942664742469788,0.9599999785423279,0.7813000082969666
YER142C,YJL093C,0,-5.991752,0.10941417515277863,0.9599999785423279,0.7814000248908997
YPR037C,YOR162C,0,-5.9921756,0.10940171033143997,0.9599999785423279,0.781499981880188
YOR037W,YGL035C,0,-5.992766,0.10938924551010132,0.9599999785423279,0.7815999984741211
YEL022W,YCR073C,0,-5.992773,0.10937678068876266,0.9599999785423279,0.7817000150680542
YLR103C,YOR144C,0,-5.9929233,0.10936432331800461,0.9599999785423279,0.7817999720573425
YMR055C,YOL016C,0,-5.9932513,0.10935186594724655,0.9599999785423279,0.7818999886512756
YER119C,YHR172W,0,-5.9933534,0.1093394085764885,0.9599999785423279,0.7820000052452087
YBR059C,YEL015W,0,-5.9938827,0.10932695865631104,0.9599999785423279,0.7821000218391418
YBR185C,YCL054W,0,-5.994225,0.10931450873613358,0.9599999785423279,0.7821999788284302
YNL117W,YMR231W,0,-5.9947147,0.10930205881595612,0.9599999785423279,0.7822999954223633
YOL164W,YPL086C,0,-5.995199,0.10928961634635925,0.9599999785423279,0.7824000120162964
YJL060W,YOR233W,0,-5.9953685,0.10927717387676239,0.9599999785423279,0.7825000286102295
YML107C,YNL312W,0,-5.9954762,0.10926473885774612,0.9599999785423279,0.7825999855995178
YNL027W,YKL194C,0,-5.9955716,0.10925230383872986,0.9599999785423279,0.7827000021934509
YNL094W,YLR066W,0,-5.995627,0.10923987627029419,0.9599999785423279,0.782800018787384
YKL093W,YGL095C,0,-5.9959493,0.10922744125127792,0.9599999785423279,0.7828999757766724
YIL035C,YKL051W,0,-5.9960556,0.10921501368284225,0.9599999785423279,0.7829999923706055
YOR030W,YDR096W,0,-5.9963374,0.10920259356498718,0.9599999785423279,0.7831000089645386
YDR046C,YMR037C,0,-5.9965873,0.10919017344713211,0.9599999785423279,0.7832000255584717
YGL192W,YGR214W,0,-5.996674,0.10917775332927704,0.9599999785423279,0.78329998254776
YAL044C,YIR018W,0,-5.9973598,0.10916534066200256,0.9599999785423279,0.7833999991416931
YGR155W,YGL171W,0,-5.99758,0.10915292799472809,0.9599999785423279,0.7835000157356262
YKL139W,YPL026C,0,-5.99829,0.10914051532745361,0.9599999785423279,0.7835999727249146
YPL181W,YOL144W,0,-5.99845,0.10912811011075974,0.9599999785423279,0.7836999893188477
YER065C,YGR007W,0,-5.9986663,0.10911570489406586,0.9599999785423279,0.7838000059127808
YEL032W,YDR059C,0,-5.9987693,0.10910330712795258,0.9599999785423279,0.7839000225067139
YOL145C,YAL002W,0,-5.999789,0.1090909093618393,0.9599999785423279,0.7839999794960022
YDR358W,YGL035C,0,-5.9998364,0.10907851159572601,0.9599999785423279,0.7840999960899353
YML126C,YHL002W,0,-6.001144,0.10906612128019333,0.9599999785423279,0.7842000126838684
YPR008W,YGR024C,0,-6.0013785,0.10905373096466064,0.9599999785423279,0.7843000292778015
YFR021W,YAL010C,0,-6.0026693,0.10904134809970856,0.9599999785423279,0.7843999862670898
YER142C,YGL229C,0,-6.002786,0.10902895778417587,0.9599999785423279,0.784500002861023
YOL116W,YGR008C,0,-6.002855,0.10901658236980438,0.9599999785423279,0.784600019454956
YPL231W,YNR049C,0,-6.003309,0.1090041995048523,0.9599999785423279,0.7846999764442444
YCL043C,YBR275C,0,-6.0033135,0.1089918240904808,0.9599999785423279,0.7847999930381775
YGR167W,YDL035C,0,-6.003946,0.10897945612668991,0.9599999785423279,0.7849000096321106
YNL111C,YHR091C,0,-6.0041986,0.10896708071231842,0.9599999785423279,0.7850000262260437
YDL022W,YOL045W,0,-6.0045075,0.10895471274852753,0.9599999785423279,0.785099983215332
YIL042C,YOR217W,0,-6.004655,0.10894235223531723,0.9599999785423279,0.7851999998092651
YMR219W,YDL100C,0,-6.004703,0.10892999172210693,0.9599999785423279,0.7853000164031982
YPR201W,YGL135W,0,-6.0050416,0.10891763120889664,0.9599999785423279,0.7853999733924866
YNL130C,YIL155C,0,-6.005182,0.10890527814626694,0.9599999785423279,0.7854999899864197
YML091C,YDR359C,0,-6.0052276,0.10889292508363724,0.9599999785423279,0.7856000065803528
YGL178W,YJL104W,0,-6.005503,0.10888057202100754,0.9599999785423279,0.7857000231742859
YBR207W,YPR113W,0,-6.0056853,0.10886822640895844,0.9599999785423279,0.7857999801635742
YMR083W,YJL214W,0,-6.0058055,0.10885588079690933,0.9599999785423279,0.7858999967575073
YJL184W,YML095C,0,-6.0058417,0.10884353518486023,0.9599999785423279,0.7860000133514404
YDR376W,YKR066C,0,-6.0063972,0.10883119702339172,0.9599999785423279,0.7860999703407288
YNR002C,YPL193W,0,-6.0064087,0.10881885886192322,0.9599999785423279,0.7861999869346619
YDL085W,YOL148C,0,-6.0065336,0.10880652815103531,0.9599999785423279,0.786300003528595
YBR040W,YDR478W,0,-6.006846,0.1087941974401474,0.9599999785423279,0.7864000201225281
YIR005W,YNL099C,0,-6.0069513,0.10878186672925949,0.9599999785423279,0.7864999771118164
YGR074W,YCR073C,0,-6.0074506,0.10876954346895218,0.9599999785423279,0.7865999937057495
YHR036W,YJL164C,0,-6.0078278,0.10875722020864487,0.9599999785423279,0.7867000102996826
YPR001W,YBL005W,0,-6.0079513,0.10874490439891815,0.9599999785423279,0.7868000268936157
YER042W,YIL022W,0,-6.0088367,0.10873258858919144,0.9599999785423279,0.786899983882904
YOR031W,YPR154W,0,-6.0088606,0.10872027277946472,0.9599999785423279,0.7870000004768372
YJR040W,YMR037C,0,-6.0090423,0.108707956969738,0.9599999785423279,0.7871000170707703
YDR123C,YNR049C,0,-6.009118,0.10869564861059189,0.9599999785423279,0.7871999740600586
YOR046C,YAL022C,0,-6.009744,0.10868334770202637,0.9599999785423279,0.7872999906539917
YLR002C,YER162C,0,-6.0099483,0.10867104679346085,0.9599999785423279,0.7874000072479248
YDR231C,YGR135W,0,-6.010525,0.10865874588489532,0.9599999785423279,0.7875000238418579
YGR216C,YPL224C,0,-6.010861,0.1086464449763298,0.9599999785423279,0.7875999808311462
YOL023W,YNL221C,0,-6.0116477,0.10863415151834488,0.9599999785423279,0.7876999974250793
YLR304C,YGR248W,0,-6.0117,0.10862185806035995,0.9599999785423279,0.7878000140190125
YJR093C,YHR160C,0,-6.011913,0.10860957205295563,0.9599999785423279,0.7878999710083008
YLL043W,YOR328W,0,-6.0122848,0.1085972860455513,0.9599999785423279,0.7879999876022339
YGR227W,YDR532C,0,-6.0129695,0.10858500003814697,0.9599999785423279,0.788100004196167
YLR368W,YAL015C,0,-6.0130897,0.10857272148132324,0.9599999785423279,0.7882000207901001
YLR060W,YOR354C,0,-6.0132723,0.10856044292449951,0.9599999785423279,0.7882999777793884
YKL146W,YBR079C,0,-6.0137944,0.10854817181825638,0.9599999785423279,0.7883999943733215
YOR266W,YJL093C,0,-6.014356,0.10853589326143265,0.9599999785423279,0.7885000109672546
YBR207W,YBL042C,0,-6.0144086,0.10852362960577011,0.9599999785423279,0.7886000275611877
YCR028C-A,YGL097W,0,-6.014472,0.10851135849952698,0.9599999785423279,0.7886999845504761
YPR007C,YDR181C,0,-6.0155144,0.10849909484386444,0.9599999785423279,0.7888000011444092
YGR104C,YLR417W,0,-6.0169873,0.1084868311882019,0.9599999785423279,0.7889000177383423
YBR040W,YML028W,0,-6.017111,0.10847457498311996,0.9599999785423279,0.7889999747276306
YGR214W,YLL003W,0,-6.0171456,0.10846231877803802,0.9599999785423279,0.7890999913215637
YKR076W,YIR018W,0,-6.0174108,0.10845007002353668,0.9599999785423279,0.7892000079154968
YMR055C,YHL036W,0,-6.0177636,0.10843782126903534,0.9599999785423279,0.7893000245094299
YMR035W,YAR002W,0,-6.018208,0.108425572514534,0.9599999785423279,0.7893999814987183
YER164W,YML008C,0,-6.018556,0.10841332376003265,0.9599999785423279,0.7894999980926514
YGL223C,YCR098C,0,-6.019202,0.10840108245611191,0.9599999785423279,0.7896000146865845
YDR009W,YGL045W,0,-6.0193305,0.10838884860277176,0.9599999785423279,0.7896999716758728
YBR085W,YEL004W,0,-6.0207467,0.10837660729885101,0.9599999785423279,0.7897999882698059
YJR065C,YLR205C,0,-6.021007,0.10836437344551086,0.9599999785423279,0.789900004863739
YOL012C,YOR084W,0,-6.0212016,0.10835214704275131,0.9599999785423279,0.7900000214576721
YDR195W,YLR048W,0,-6.021411,0.10833991318941116,0.9599999785423279,0.7900999784469604
YFR028C,YOL002C,0,-6.022285,0.10832769423723221,0.9599999785423279,0.7901999950408936
YJL210W,YOR217W,0,-6.0227947,0.10831546783447266,0.9599999785423279,0.7903000116348267
YNL008C,YML021C,0,-6.0230584,0.1083032488822937,0.9599999785423279,0.7904000282287598
YDR353W,YML029W,0,-6.02354,0.10829102993011475,0.9599999785423279,0.7904999852180481
YOR094W,YFL029C,0,-6.023648,0.10827881842851639,0.9599999785423279,0.7906000018119812
YJL045W,YOR060C,0,-6.0238814,0.10826660692691803,0.9599999785423279,0.7907000184059143
YGR254W,YDR393W,0,-6.0242615,0.10825439542531967,0.9599999785423279,0.7907999753952026
YKL179C,YOR075W,0,-6.0247617,0.10824219137430191,0.9599999785423279,0.7908999919891357
YOL156W,YBL075C,0,-6.0250335,0.10822998732328415,0.9599999785423279,0.7910000085830688
YPR105C,YKR019C,0,-6.0255427,0.10821779072284698,0.9599999785423279,0.791100025177002
YOR274W,YDR453C,0,-6.0259414,0.10820559412240982,0.9599999785423279,0.7911999821662903
YOR320C,YMR035W,0,-6.0259776,0.10819339752197266,0.9599999785423279,0.7912999987602234
YJR009C,YKR079C,0,-6.026077,0.10818120092153549,0.9599999785423279,0.7914000153541565
YHR019C,YEL026W,0,-6.0262203,0.10816901177167892,0.9599999785423279,0.7914999723434448
YDR256C,YLL041C,0,-6.0263443,0.10815683007240295,0.9599999785423279,0.7915999889373779
YBR236C,YGR296W,0,-6.026543,0.10814464092254639,0.9599999785423279,0.791700005531311
YJR074W,YDR086C,0,-6.027345,0.10813245922327042,0.9599999785423279,0.7918000221252441
YKL004W,YGR070W,0,-6.02746,0.10812028497457504,0.9599999785423279,0.7918999791145325
YMR164C,YBR273C,0,-6.027537,0.10810811072587967,0.9599999785423279,0.7919999957084656
YKL176C,YGR270W,0,-6.0279183,0.1080959364771843,0.9599999785423279,0.7921000123023987
YJR155W,YPL001W,0,-6.027983,0.10808376222848892,0.9599999785423279,0.7922000288963318
YOL071W,YPL270W,0,-6.028787,0.10807159543037415,0.9599999785423279,0.7922999858856201
YOR185C,YMR218C,0,-6.0293307,0.10805943608283997,0.9599999785423279,0.7924000024795532
YDL142C,YOL088C,0,-6.0294347,0.10804726928472519,0.9599999785423279,0.7925000190734863
YPR183W,YJL050W,0,-6.029543,0.10803510993719101,0.9599999785423279,0.7925999760627747
YNL128W,YDL235C,0,-6.0296335,0.10802295804023743,0.9599999785423279,0.7926999926567078
YBR279W,YGR070W,0,-6.029738,0.10801079869270325,0.9599999785423279,0.7928000092506409
YPL194W,YPR046W,0,-6.029906,0.10799864679574966,0.9599999785423279,0.792900025844574
YJR070C,YOL116W,0,-6.029965,0.10798650234937668,0.9599999785423279,0.7929999828338623
YNL230C,YKL009W,0,-6.0303106,0.10797435790300369,0.9599999785423279,0.7930999994277954
YHR021C,YPR095C,0,-6.0304213,0.1079622134566307,0.9599999785423279,0.7932000160217285
YBR296C,YNL253W,0,-6.0307074,0.10795007646083832,0.9599999785423279,0.7932999730110168
YDL197C,YCL017C,0,-6.030735,0.10793793201446533,0.9599999785423279,0.79339998960495
YIL066C,YMR087W,0,-6.0308204,0.10792580246925354,0.9599999785423279,0.7935000061988831
YDR524C,YKL160W,0,-6.031066,0.10791366547346115,0.9599999785423279,0.7936000227928162
YLR424W,YGR296W,0,-6.0325475,0.10790154337882996,0.9599999785423279,0.7936999797821045
YNL230C,YPL218W,0,-6.032723,0.10788941383361816,0.9599999785423279,0.7937999963760376
YDR481C,YBR082C,0,-6.0332055,0.10787729173898697,0.9599999785423279,0.7939000129699707
YBR020W,YML069W,0,-6.033272,0.10786516964435577,0.9599999785423279,0.7940000295639038
YEL041W,YDL120W,0,-6.033584,0.10785304754972458,0.9599999785423279,0.7940999865531921
YNL173C,YMR026C,0,-6.03374,0.10784093290567398,0.9599999785423279,0.7942000031471252
YPR083W,YNL248C,0,-6.034222,0.10782881826162338,0.9599999785423279,0.7943000197410583
YPL132W,YDL100C,0,-6.034585,0.10781671106815338,0.9599999785423279,0.7943999767303467
YOL164W,YPR138C,0,-6.0349402,0.10780460387468338,0.9599999785423279,0.7944999933242798
YMR038C,YKL165C,0,-6.035151,0.10779249668121338,0.9599999785423279,0.7946000099182129
YGR177C,YOR037W,0,-6.035234,0.10778039693832397,0.9599999785423279,0.794700026512146
YGR220C,YOR272W,0,-6.0355687,0.10776829719543457,0.9599999785423279,0.7947999835014343
YGR214W,YNL007C,0,-6.035642,0.10775620490312576,0.9599999785423279,0.7949000000953674
YMR056C,YMR161W,0,-6.035893,0.10774410516023636,0.9599999785423279,0.7950000166893005
YJR118C,YBR049C,0,-6.0359244,0.10773202031850815,0.9599999785423279,0.7950999736785889
YMR150C,YOR049C,0,-6.035929,0.10771992802619934,0.9599999785423279,0.795199990272522
YOR061W,YIL046W,0,-6.036328,0.10770784318447113,0.9599999785423279,0.7953000068664551
YCR065W,YBL106C,0,-6.0363994,0.10769575834274292,0.9599999785423279,0.7954000234603882
YJL178C,YBR081C,0,-6.036448,0.1076836809515953,0.9599999785423279,0.7954999804496765
YLR353W,YGR152C,1,-6.0364566,0.10778375715017319,0.9610000252723694,0.7954999804496765
YHR086W,YDL106C,0,-6.0365252,0.10777167230844498,0.9610000252723694,0.7955999970436096
YBR059C,YHR008C,0,-6.036657,0.10775958746671677,0.9610000252723694,0.7957000136375427
YGR123C,YGR118W,0,-6.03679,0.10774750262498856,0.9610000252723694,0.795799970626831
YBR201W,YJL166W,0,-6.038091,0.10773542523384094,0.9610000252723694,0.7958999872207642
YIL154C,YBR196C,0,-6.0383973,0.10772334784269333,0.9610000252723694,0.7960000038146973
YBR160W,YOR180C,0,-6.0394473,0.10771127790212631,0.9610000252723694,0.7961000204086304
YBR098W,YDR400W,0,-6.039821,0.1076992079615593,0.9610000252723694,0.7961999773979187
YPR023C,YNL121C,0,-6.0398307,0.10768713802099228,0.9610000252723694,0.7962999939918518
YPL086C,YDL148C,0,-6.040664,0.10767506808042526,0.9610000252723694,0.7964000105857849
YFL039C,YIL159W,1,-6.0412316,0.10777503997087479,0.9620000123977661,0.7964000105857849
YGL065C,YDR202C,0,-6.041983,0.10776296257972717,0.9620000123977661,0.796500027179718
YLR109W,YMR211W,0,-6.0422816,0.10775089263916016,0.9620000123977661,0.7965999841690063
YNL258C,YOL108C,0,-6.0424695,0.10773883014917374,0.9620000123977661,0.7967000007629395
YPL135W,YOL102C,0,-6.0427547,0.10772676020860672,0.9620000123977661,0.7968000173568726
YHR115C,YEL060C,0,-6.0428643,0.1077147051692009,0.9620000123977661,0.7968999743461609
YGR109C,YMR162C,0,-6.0432105,0.10770264267921448,0.9620000123977661,0.796999990940094
YPR120C,YOR162C,0,-6.043329,0.10769058763980865,0.9620000123977661,0.7971000075340271
YNL020C,YDR328C,1,-6.0441737,0.10779046267271042,0.9629999995231628,0.7971000075340271
YNL085W,YHR138C,0,-6.0446796,0.107778400182724,0.9629999995231628,0.7972000241279602
YLR007W,YNL090W,0,-6.044844,0.10776633769273758,0.9629999995231628,0.7972999811172485
YDR022C,YDR331W,0,-6.045269,0.10775428265333176,0.9629999995231628,0.7973999977111816
YNR067C,YDR166C,1,-6.045341,0.10785410553216934,0.9639999866485596,0.7973999977111816
YDR096W,YGR276C,0,-6.045526,0.10784204304218292,0.9639999866485596,0.7975000143051147
YDL078C,YDR097C,0,-6.045768,0.1078299805521965,0.9639999866485596,0.7975999712944031
YDL079C,YDR146C,0,-6.045929,0.10781791806221008,0.9639999866485596,0.7976999878883362
YBR068C,YHL003C,0,-6.046621,0.10780586302280426,0.9639999866485596,0.7978000044822693
YML113W,YIL013C,0,-6.0479617,0.10779380798339844,0.9639999866485596,0.7979000210762024
YKR038C,YOR036W,0,-6.0480046,0.10778175294399261,0.9639999866485596,0.7979999780654907
YLR138W,YGR078C,0,-6.0481744,0.10776970535516739,0.9639999866485596,0.7980999946594238
YLR371W,YNL007C,0,-6.048872,0.10775765776634216,0.9639999866485596,0.7982000112533569
YJR082C,YGR239C,0,-6.049273,0.10774561017751694,0.9639999866485596,0.79830002784729
YKL062W,YMR285C,0,-6.0493507,0.10773357003927231,0.9639999866485596,0.7983999848365784
YMR014W,YDR420W,1,-6.0500064,0.10783328115940094,0.9649999737739563,0.7983999848365784
YDR439W,YHR160C,0,-6.0500274,0.10782122611999512,0.9649999737739563,0.7985000014305115
YBR136W,YGR118W,0,-6.050342,0.10780918598175049,0.9649999737739563,0.7986000180244446
YLR284C,YLR329W,0,-6.050503,0.10779713839292526,0.9649999737739563,0.7986999750137329
YDL243C,YGR279C,0,-6.050689,0.10778509825468063,0.9649999737739563,0.798799991607666
YOR030W,YJL035C,0,-6.050847,0.1077730655670166,0.9649999737739563,0.7989000082015991
YOR119C,YML091C,0,-6.051893,0.10776102542877197,0.9649999737739563,0.7990000247955322
YCL027W,YGR197C,0,-6.053061,0.10774899274110794,0.9649999737739563,0.7990999817848206
YNL136W,YPR074C,0,-6.0534,0.1077369675040245,0.9649999737739563,0.7991999983787537
YOR211C,YIL017C,0,-6.053539,0.10772494226694107,0.9649999737739563,0.7993000149726868
YDL142C,YBR294W,0,-6.0535774,0.10771291702985764,0.9649999737739563,0.7993999719619751
YOR026W,YDL194W,0,-6.0538573,0.1077008917927742,0.9649999737739563,0.7994999885559082
YMR092C,YJL111W,0,-6.0538697,0.10768887400627136,0.9649999737739563,0.7996000051498413
YPR124W,YFL004W,0,-6.053888,0.10767685621976852,0.9649999737739563,0.7997000217437744
YNL008C,YGR181W,0,-6.054957,0.10766484588384628,0.9649999737739563,0.7997999787330627
YOL013C,YOR119C,0,-6.055104,0.10765283554792404,0.9649999737739563,0.7998999953269958
YDR288W,YPL063W,0,-6.0553813,0.1076408252120018,0.9649999737739563,0.800000011920929
YLR205C,YCR061W,0,-6.0554,0.10762882232666016,0.9649999737739563,0.8001000285148621
YAR033W,YDL042C,0,-6.05541,0.10761681944131851,0.9649999737739563,0.8001999855041504
YDL243C,YDR318W,0,-6.055468,0.10760481655597687,0.9649999737739563,0.8003000020980835
YGL195W,YPR075C,0,-6.0557013,0.10759282112121582,0.9649999737739563,0.8004000186920166
YCR089W,YML027W,0,-6.0557623,0.10758082568645477,0.9649999737739563,0.8004999756813049
YNL084C,YDR388W,1,-6.0562916,0.1076803058385849,0.9660000205039978,0.8004999756813049
YIL070C,YKL043W,0,-6.0567384,0.10766830295324326,0.9660000205039978,0.800599992275238
YOR094W,YNL294C,0,-6.056791,0.10765630006790161,0.9660000205039978,0.8007000088691711
YFR019W,YLR208W,0,-6.057039,0.10764430463314056,0.9660000205039978,0.8008000254631042
YDL212W,YMR096W,0,-6.057153,0.10763230919837952,0.9660000205039978,0.8008999824523926
YLR153C,YBR162C,0,-6.057328,0.10762032121419907,0.9660000205039978,0.8009999990463257
YHL047C,YOR281C,0,-6.0574627,0.10760833323001862,0.9660000205039978,0.8011000156402588
YCL025C,YHR181W,0,-6.057541,0.10759634524583817,0.9660000205039978,0.8011999726295471
YJR084W,YGL212W,0,-6.0582056,0.10758436471223831,0.9660000205039978,0.8012999892234802
YKL021C,YPL106C,0,-6.058266,0.10757238417863846,0.9660000205039978,0.8014000058174133
YGL127C,YJL154C,0,-6.058527,0.1075604036450386,0.9660000205039978,0.8015000224113464
YMR198W,YKR076W,0,-6.058685,0.10754843056201935,0.9660000205039978,0.8015999794006348
YLR350W,YDR165W,0,-6.0593543,0.10753645747900009,0.9660000205039978,0.8016999959945679
YHR059W,YOR149C,0,-6.0599813,0.10752448439598083,0.9660000205039978,0.801800012588501
YOR328W,YOR340C,0,-6.0602236,0.10751251876354218,0.9660000205039978,0.8019000291824341
YNL148C,YMR298W,0,-6.0606,0.10750055313110352,0.9660000205039978,0.8019999861717224
YPR200C,YEL009C,0,-6.0608506,0.10748859494924545,0.9660000205039978,0.8021000027656555
YOR233W,YKL053C-A,0,-6.060863,0.10747663676738739,0.9660000205039978,0.8022000193595886
YMR240C,YER178W,0,-6.061705,0.10746467858552933,0.9660000205039978,0.802299976348877
YBR170C,YNL310C,0,-6.0619025,0.10745272785425186,0.9660000205039978,0.8023999929428101
YLR318W,YOR027W,0,-6.0620713,0.1074407771229744,0.9660000205039978,0.8025000095367432
YLR145W,YPL206C,0,-6.0622993,0.10742882639169693,0.9660000205039978,0.8026000261306763
YLR259C,YPR134W,0,-6.0624404,0.10741688311100006,0.9660000205039978,0.8026999831199646
YLL009C,YNR006W,0,-6.062857,0.10740493983030319,0.9660000205039978,0.8027999997138977
YDL198C,YCL051W,0,-6.063207,0.10739299654960632,0.9660000205039978,0.8029000163078308
YLR157C,YAR018C,0,-6.064668,0.10738106071949005,0.9660000205039978,0.8029999732971191
YLR401C,YOL054W,0,-6.0651984,0.10736912488937378,0.9660000205039978,0.8030999898910522
YLR216C,YNL112W,0,-6.065541,0.10735718905925751,0.9660000205039978,0.8032000064849854
YLR270W,YNL070W,0,-6.065705,0.10734526067972183,0.9660000205039978,0.8033000230789185
YPL026C,YMR284W,0,-6.0663323,0.10733333230018616,0.9660000205039978,0.8033999800682068
YKL062W,YBR273C,0,-6.066643,0.10732141137123108,0.9660000205039978,0.8034999966621399
YNR019W,YDR473C,0,-6.0669503,0.107309490442276,0.9660000205039978,0.803600013256073
YMR275C,YLR110C,0,-6.0670395,0.10729756951332092,0.9660000205039978,0.8036999702453613
YNL021W,YGR010W,0,-6.067208,0.10728564858436584,0.9660000205039978,0.8037999868392944
YNL286W,YOR361C,0,-6.067229,0.10727373510599136,0.9660000205039978,0.8039000034332275
YLR208W,YDR322C-A,0,-6.067284,0.10726182907819748,0.9660000205039978,0.8040000200271606
YOR249C,YNL159C,0,-6.068024,0.107249915599823,0.9660000205039978,0.804099977016449
YCL035C,YML097C,0,-6.068171,0.10723800957202911,0.9660000205039978,0.8041999936103821
YOR367W,YAL002W,0,-6.0687785,0.10722610354423523,0.9660000205039978,0.8043000102043152
YBR059C,YGR144W,0,-6.0689454,0.10721420496702194,0.9660000205039978,0.8044000267982483
YJL094C,YDR389W,0,-6.069036,0.10720230638980865,0.9660000205039978,0.8044999837875366
YGL061C,YDL080C,0,-6.069282,0.10719041526317596,0.9660000205039978,0.8046000003814697
YMR287C,YCL027W,0,-6.0696545,0.10717851668596268,0.9660000205039978,0.8047000169754028
YDR018C,YLR301W,0,-6.0697412,0.10716663300991058,0.9660000205039978,0.8047999739646912
YLR293C,YOR001W,0,-6.070104,0.1071547418832779,0.9660000205039978,0.8048999905586243
YMR161W,YOL066C,0,-6.070392,0.1071428582072258,0.9660000205039978,0.8050000071525574
YBR036C,YPL129W,0,-6.0704775,0.1071309745311737,0.9660000205039978,0.8051000237464905
YOR221C,YDR177W,0,-6.0705223,0.10711909830570221,0.9660000205039978,0.8051999807357788
YMR301C,YDR451C,0,-6.0712075,0.10710721462965012,0.9660000205039978,0.8052999973297119
YLR254C,YOR315W,0,-6.07153,0.10709534585475922,0.9660000205039978,0.805400013923645
YOL143C,YOR018W,0,-6.0715466,0.10708346962928772,0.9660000205039978,0.8054999709129333
YGL166W,YBR127C,0,-6.071753,0.10707160085439682,0.9660000205039978,0.8055999875068665
YLR259C,YMR046C,0,-6.0717607,0.10705973953008652,0.9660000205039978,0.8057000041007996
YDR163W,YNR059W,0,-6.072202,0.10704787075519562,0.9660000205039978,0.8058000206947327
YFL039C,YHR107C,1,-6.0725074,0.10714681446552277,0.9670000076293945,0.8058000206947327
YHL040C,YGL223C,0,-6.072511,0.10713494569063187,0.9670000076293945,0.805899977684021
YMR316W,YGL062W,0,-6.072569,0.10712307691574097,0.9670000076293945,0.8059999942779541
YJL074C,YOR064C,0,-6.07272,0.10711120814085007,0.9670000076293945,0.8061000108718872
YJL194W,YHL031C,0,-6.0727763,0.10709934681653976,0.9670000076293945,0.8062000274658203
YNL331C,YGR225W,0,-6.0730214,0.10708748549222946,0.9670000076293945,0.8062999844551086
YGR258C,YBR172C,0,-6.073666,0.10707563161849976,0.9670000076293945,0.8064000010490417
YMR298W,YMR046C,0,-6.0737543,0.10706377029418945,0.9670000076293945,0.8065000176429749
YDR385W,YPR065W,0,-6.0742993,0.10705192387104034,0.9670000076293945,0.8065999746322632
YDR365C,YCR091W,0,-6.0754085,0.10704006999731064,0.9670000076293945,0.8066999912261963
YDR394W,YJL154C,0,-6.075762,0.10702822357416153,0.9670000076293945,0.8068000078201294
YPR052C,YNL167C,0,-6.0766907,0.10701637715101242,0.9670000076293945,0.8069000244140625
YHR171W,YNR032W,0,-6.0767565,0.10700453817844391,0.9670000076293945,0.8069999814033508
YBR085W,YFR052W,0,-6.0768266,0.1069926992058754,0.9670000076293945,0.8070999979972839
YDR365C,YAR033W,0,-6.0768704,0.10698086023330688,0.9670000076293945,0.807200014591217
YGL180W,YHR150W,0,-6.0770907,0.10696902871131897,0.9670000076293945,0.8072999715805054
YGR262C,YDR388W,1,-6.0781384,0.10706780105829239,0.9679999947547913,0.8072999715805054
YEL009C,YML127W,0,-6.078452,0.10705596208572388,0.9679999947547913,0.8073999881744385
YFL013C,YNL113W,0,-6.07873,0.10704412311315536,0.9679999947547913,0.8075000047683716
YGR246C,YMR177W,0,-6.0792723,0.10703228414058685,0.9679999947547913,0.8076000213623047
YCR048W,YOL108C,0,-6.0798087,0.10702045261859894,0.9679999947547913,0.807699978351593
YPR185W,YLR417W,0,-6.0807076,0.10700862109661102,0.9679999947547913,0.8077999949455261
YBR112C,YHR096C,0,-6.0807414,0.1069967970252037,0.9679999947547913,0.8079000115394592
YJL101C,YJL035C,0,-6.081029,0.10698496550321579,0.9679999947547913,0.8080000281333923
YGL219C,YKL212W,0,-6.082005,0.10697314888238907,0.9679999947547913,0.8080999851226807
YPR119W,YNL280C,0,-6.082009,0.10696132481098175,0.9679999947547913,0.8082000017166138
YHR001W,YBR267W,0,-6.082109,0.10694950819015503,0.9679999947547913,0.8083000183105469
YJR078W,YKL108W,0,-6.082585,0.10693769156932831,0.9679999947547913,0.8083999752998352
YGL058W,YOR149C,0,-6.082621,0.10692588239908218,0.9679999947547913,0.8084999918937683
YHR026W,YDR359C,0,-6.0829043,0.10691407322883606,0.9679999947547913,0.8086000084877014
YIL048W,YOL121C,0,-6.0838265,0.10690226405858994,0.9679999947547913,0.8087000250816345
YOR380W,YMR197C,0,-6.084115,0.10689046233892441,0.9679999947547913,0.8087999820709229
YNL331C,YKR008W,0,-6.0842805,0.10687866061925888,0.9679999947547913,0.808899998664856
YPL160W,YMR140W,0,-6.084561,0.10686685889959335,0.9679999947547913,0.8090000152587891
YBL079W,YBR024W,0,-6.0852485,0.10685506463050842,0.9679999947547913,0.8090999722480774
YJL166W,YFR048W,0,-6.085775,0.10684327036142349,0.9679999947547913,0.8091999888420105
YFR028C,YNL339C,0,-6.0858617,0.10683147609233856,0.9679999947547913,0.8093000054359436
YMR026C,YLR222C,0,-6.085895,0.10681968927383423,0.9679999947547913,0.8094000220298767
YMR276W,YPL118W,0,-6.0866184,0.1068079024553299,0.9679999947547913,0.809499979019165
YOR245C,YGL178W,0,-6.086648,0.10679611563682556,0.9679999947547913,0.8095999956130981
YHL002W,YGR055W,0,-6.087193,0.10678433626890182,0.9679999947547913,0.8097000122070312
YER006W,YHL006C,0,-6.0878515,0.10677255690097809,0.9679999947547913,0.8098000288009644
YDL166C,YBR199W,0,-6.088045,0.10676077753305435,0.9679999947547913,0.8098999857902527
YGR188C,YFR055W,0,-6.0888405,0.10674900561571121,0.9679999947547913,0.8100000023841858
YMR287C,YAL044C,0,-6.089115,0.10673723369836807,0.9679999947547913,0.8101000189781189
YPR086W,YGR033C,0,-6.089241,0.10672546923160553,0.9679999947547913,0.8101999759674072
YOL068C,YPL135W,0,-6.089318,0.10671370476484299,0.9679999947547913,0.8102999925613403
YOR250C,YEL017C-A,0,-6.089927,0.10670194029808044,0.9679999947547913,0.8104000091552734
YDR173C,YGR229C,0,-6.090201,0.1066901832818985,0.9679999947547913,0.8105000257492065
YOR315W,YBL102W,0,-6.0903206,0.10667841881513596,0.9679999947547913,0.8105999827384949
YLR068W,YGR199W,0,-6.090528,0.1066666692495346,0.9679999947547913,0.810699999332428
YLR401C,YGL252C,0,-6.090577,0.10665491223335266,0.9679999947547913,0.8108000159263611
YBR121C,YJR050W,0,-6.090697,0.10664316266775131,0.9679999947547913,0.8108999729156494
YLR015W,YDR077W,0,-6.090787,0.10663141310214996,0.9679999947547913,0.8109999895095825
YNR001C,YJR022W,0,-6.0909786,0.10661967098712921,0.9679999947547913,0.8111000061035156
YLL026W,YNL339C,0,-6.091656,0.10660792887210846,0.9679999947547913,0.8112000226974487
YPL259C,YKL108W,0,-6.0916944,0.10659618675708771,0.9679999947547913,0.8112999796867371
YGR170W,YGR070W,0,-6.0917306,0.10658445209264755,0.9679999947547913,0.8113999962806702
YKL093W,YLR301W,0,-6.092578,0.1065727174282074,0.9679999947547913,0.8115000128746033
YOR284W,YHR197W,0,-6.0926843,0.10656098276376724,0.9679999947547913,0.8116000294685364
YDR320C,YLR043C,0,-6.093587,0.10654925554990768,0.9679999947547913,0.8116999864578247
YMR149W,YBR105C,0,-6.0939374,0.10653752833604813,0.9679999947547913,0.8118000030517578
YBL041W,YMR089C,0,-6.0959916,0.10652580857276917,0.9679999947547913,0.8119000196456909
YKR002W,YML013W,0,-6.0962095,0.1065140813589096,0.9679999947547913,0.8119999766349792
YPR082C,YDL019C,0,-6.0962553,0.10650236904621124,0.9679999947547913,0.8120999932289124
YOL104C,YGL004C,0,-6.09739,0.10649064928293228,0.9679999947547913,0.8122000098228455
YDL220C,YCL031C,0,-6.097891,0.10647893697023392,0.9679999947547913,0.8123000264167786
YMR246W,YCR037C,0,-6.098007,0.10646722465753555,0.9679999947547913,0.8123999834060669
YPR001W,YOR087W,0,-6.0987353,0.10645551234483719,0.9679999947547913,0.8125
YDR150W,YDR381W,0,-6.0989156,0.10644380748271942,0.9679999947547913,0.8126000165939331
YGL115W,YGR197C,0,-6.0993056,0.10643210262060165,0.9679999947547913,0.8126999735832214
YKL011C,YJR104C,0,-6.099466,0.10642040520906448,0.9679999947547913,0.8127999901771545
YNL270C,YMR149W,0,-6.0995364,0.10640870779752731,0.9679999947547913,0.8129000067710876
YML132W,YMR308C,0,-6.0995564,0.10639701038599014,0.9679999947547913,0.8130000233650208
YDL088C,YIL114C,0,-6.099647,0.10638532042503357,0.9679999947547913,0.8130999803543091
YOR329C,YLR360W,0,-6.0998235,0.1063736230134964,0.9679999947547913,0.8131999969482422
YOR032C,YOR361C,0,-6.100553,0.10636194050312042,0.9679999947547913,0.8133000135421753
YOR113W,YAL009W,0,-6.1006246,0.10635025054216385,0.9679999947547913,0.8133999705314636
YJL143W,YBR058C,0,-6.100722,0.10633856803178787,0.9679999947547913,0.8134999871253967
YER127W,YMR006C,0,-6.100883,0.10632689297199249,0.9679999947547913,0.8136000037193298
YDR268W,YJL052W,0,-6.101142,0.10631521046161652,0.9679999947547913,0.8137000203132629
YIL142W,YGR247W,0,-6.101381,0.10630353540182114,0.9679999947547913,0.8137999773025513
YDR175C,YDR389W,0,-6.101665,0.10629186034202576,0.9679999947547913,0.8138999938964844
YGL035C,YPL140C,0,-6.1017885,0.10628019273281097,0.9679999947547913,0.8140000104904175
YDL101C,YLL061W,0,-6.1019692,0.10626852512359619,0.9679999947547913,0.8141000270843506
YGR284C,YNL047C,0,-6.102272,0.10625685751438141,0.9679999947547913,0.8141999840736389
YLR060W,YMR281W,0,-6.102393,0.10624519735574722,0.9679999947547913,0.814300000667572
YNL223W,YBR152W,0,-6.102441,0.10623353719711304,0.9679999947547913,0.8144000172615051
YOR157C,YKL034W,0,-6.1024466,0.10622188448905945,0.9679999947547913,0.8144999742507935
YLR023C,YKR101W,0,-6.102789,0.10621022433042526,0.9679999947547913,0.8145999908447266
YER073W,YML116W,0,-6.103252,0.10619857162237167,0.9679999947547913,0.8147000074386597
YDR358W,YKL062W,0,-6.103569,0.10618692636489868,0.9679999947547913,0.8148000240325928
YNL041C,YDR162C,0,-6.103848,0.10617527365684509,0.9679999947547913,0.8148999810218811
YML051W,YKL134C,0,-6.1047444,0.1061636358499527,0.9679999947547913,0.8149999976158142
YKR024C,YGL008C,0,-6.105105,0.1061519905924797,0.9679999947547913,0.8151000142097473
YLR207W,YGR128C,0,-6.105124,0.10614035278558731,0.9679999947547913,0.8151999711990356
YBR170C,YPL210C,0,-6.1052737,0.10612871497869492,0.9679999947547913,0.8152999877929688
YDR273W,YML128C,0,-6.105432,0.10611707717180252,0.9679999947547913,0.8154000043869019
YDR147W,YOR371C,0,-6.1057234,0.10610544681549072,0.9679999947547913,0.815500020980835
YIR017C,YGR009C,0,-6.105846,0.10609381645917892,0.9679999947547913,0.8155999779701233
YML058W-A,YNL003C,0,-6.105908,0.10608219355344772,0.9679999947547913,0.8156999945640564
YJL178C,YGL144C,0,-6.1059327,0.10607057064771652,0.9679999947547913,0.8158000111579895
YAR031W,YBR152W,0,-6.107609,0.10605894774198532,0.9679999947547913,0.8159000277519226
YJR064W,YDR057W,0,-6.1082177,0.10604732483625412,0.9679999947547913,0.8159999847412109
YML129C,YKL012W,0,-6.108637,0.10603570938110352,0.9679999947547913,0.816100001335144
YGL062W,YPL210C,0,-6.10883,0.10602409392595291,0.9679999947547913,0.8162000179290771
YDR263C,YPL262W,0,-6.108847,0.1060124859213829,0.9679999947547913,0.8162999749183655
YLR116W,YDL055C,0,-6.109031,0.1060008779168129,0.9679999947547913,0.8163999915122986
YMR033W,YGL045W,0,-6.109112,0.10598926991224289,0.9679999947547913,0.8165000081062317
YPL231W,YMR281W,0,-6.109244,0.10597766935825348,0.9679999947547913,0.8166000247001648
YOL045W,YGR008C,0,-6.1093993,0.10596606135368347,0.9679999947547913,0.8166999816894531
YKL192C,YOR328W,0,-6.1097264,0.10595446825027466,0.9679999947547913,0.8167999982833862
YIL009C-A,YOL067C,0,-6.109773,0.10594286769628525,0.9679999947547913,0.8169000148773193
YNL023C,YOR137C,0,-6.1098056,0.10593127459287643,0.9679999947547913,0.8169999718666077
YPR124W,YDR093W,0,-6.1103063,0.10591968148946762,0.9679999947547913,0.8170999884605408
YKR066C,YML078W,0,-6.1103525,0.1059080958366394,0.9679999947547913,0.8172000050544739
YNL293W,YOR056C,0,-6.1107535,0.10589651018381119,0.9679999947547913,0.817300021648407
YJL108C,YHR167W,0,-6.111103,0.10588492453098297,0.9679999947547913,0.8173999786376953
YGL256W,YOR229W,0,-6.112305,0.10587334632873535,0.9679999947547913,0.8174999952316284
YEL066W,YDR477W,0,-6.1123457,0.10586176812648773,0.9679999947547913,0.8176000118255615
YOR233W,YOR287C,0,-6.112904,0.10585018992424011,0.9679999947547913,0.8177000284194946
YHR001W,YKL080W,0,-6.112964,0.10583861917257309,0.9679999947547913,0.817799985408783
YPL270W,YKL059C,0,-6.113855,0.10582704842090607,0.9679999947547913,0.8179000020027161
YLR263W,YPL042C,0,-6.114349,0.10581547766923904,0.9679999947547913,0.8180000185966492
YGR169C,YCL032W,0,-6.1145034,0.10580391436815262,0.9679999947547913,0.8180999755859375
YLR206W,YNL032W,0,-6.1145444,0.10579235106706619,0.9679999947547913,0.8181999921798706
YFL039C,YLR353W,1,-6.1146264,0.10589006543159485,0.968999981880188,0.8181999921798706
YML058W-A,YOL001W,0,-6.1152277,0.10587849467992783,0.968999981880188,0.8183000087738037
YJR092W,YPR188C,1,-6.115392,0.1059761792421341,0.9700000286102295,0.8183000087738037
YGL209W,YGR055W,0,-6.1154904,0.10596460849046707,0.9700000286102295,0.8184000253677368
YGR123C,YMR060C,0,-6.1155934,0.10595303028821945,0.9700000286102295,0.8184999823570251
YOL133W,YDL019C,0,-6.1156163,0.10594145953655243,0.9700000286102295,0.8185999989509583
YGR086C,YAL033W,0,-6.1156545,0.1059298887848854,0.9700000286102295,0.8187000155448914
YOL071W,YDL020C,0,-6.116929,0.10591832548379898,0.9700000286102295,0.8187999725341797
YBR079C,YDL194W,0,-6.1170297,0.10590675473213196,0.9700000286102295,0.8188999891281128
YLR382C,YBR231C,0,-6.117114,0.10589519888162613,0.9700000286102295,0.8190000057220459
YNL065W,YMR008C,0,-6.1185193,0.1058836355805397,0.9700000286102295,0.819100022315979
YKL152C,YJR103W,0,-6.119191,0.10587207973003387,0.9700000286102295,0.8191999793052673
YDL142C,YCR061W,0,-6.119209,0.10586052387952805,0.9700000286102295,0.8192999958992004
YPL127C,YKL173W,0,-6.1192336,0.10584897547960281,0.9700000286102295,0.8194000124931335
YFL031W,YKL041W,0,-6.1194935,0.10583742707967758,0.9700000286102295,0.8195000290870667
YCR038C,YNL327W,1,-6.119571,0.1059349775314331,0.9710000157356262,0.8195000290870667
YNL294C,YCL033C,0,-6.1201262,0.10592342168092728,0.9710000157356262,0.819599986076355
YGL201C,YDL020C,0,-6.121119,0.10591186583042145,0.9710000157356262,0.8197000026702881
YMR199W,YOR048C,0,-6.121451,0.10590031743049622,0.9710000157356262,0.8198000192642212
YML086C,YJL047C,0,-6.1220107,0.10588876903057098,0.9710000157356262,0.8198999762535095
YBR212W,YML015C,0,-6.1220126,0.10587722063064575,0.9710000157356262,0.8199999928474426
YMR280C,YER116C,0,-6.1223006,0.10586567968130112,0.9710000157356262,0.8201000094413757
YBL078C,YFL026W,0,-6.122568,0.10585413873195648,0.9710000157356262,0.8202000260353088
YKR024C,YAL022C,0,-6.1228137,0.10584259778261185,0.9710000157356262,0.8202999830245972
YHR139C,YBR165W,0,-6.123493,0.10583106428384781,0.9710000157356262,0.8203999996185303
YOR011W,YPL156C,0,-6.123708,0.10581953078508377,0.9710000157356262,0.8205000162124634
YOR362C,YAL047C,0,-6.124191,0.10580799728631973,0.9710000157356262,0.8205999732017517
YML058W-A,YOR057W,0,-6.1247106,0.10579647123813629,0.9710000157356262,0.8206999897956848
YMR014W,YLR084C,1,-6.125933,0.10589388757944107,0.972000002861023,0.8206999897956848
YHR004C,YGR135W,0,-6.1260133,0.10588235408067703,0.972000002861023,0.8208000063896179
YLR216C,YPL152W,0,-6.12611,0.105870820581913,0.972000002861023,0.820900022983551
YFL017W-A,YHR014W,0,-6.1265984,0.10585928708314896,0.972000002861023,0.8209999799728394
YLR304C,YKL056C,0,-6.126717,0.10584776103496552,0.972000002861023,0.8210999965667725
YPL130W,YIR026C,0,-6.1269455,0.10583623498678207,0.972000002861023,0.8212000131607056
YLR219W,YGR059W,0,-6.126998,0.10582471638917923,0.972000002861023,0.8213000297546387
YGL084C,YLR022C,0,-6.1274076,0.10581319034099579,0.972000002861023,0.821399986743927
YPL018W,YNR034W,0,-6.1275744,0.10580167919397354,0.972000002861023,0.8215000033378601
YCR048W,YIL008W,0,-6.128155,0.1057901605963707,0.972000002861023,0.8216000199317932
YJL058C,YML028W,0,-6.1288104,0.10577864944934845,0.972000002861023,0.8216999769210815
YLR158C,YKR008W,0,-6.129125,0.1057671383023262,0.972000002861023,0.8217999935150146
YKL191W,YGL111W,0,-6.1291857,0.10575562715530396,0.972000002861023,0.8219000101089478
YMR276W,YDL115C,0,-6.129675,0.1057441234588623,0.972000002861023,0.8220000267028809
YLR405W,YJL108C,0,-6.129685,0.10573261976242065,0.972000002861023,0.8220999836921692
YLR355C,YLR234W,0,-6.1305127,0.1057211235165596,0.972000002861023,0.8222000002861023
YDR394W,YOR014W,0,-6.1313615,0.10570962727069855,0.972000002861023,0.8223000168800354
YPR030W,YHR118C,0,-6.133495,0.1056981310248375,0.972000002861023,0.8223999738693237
YML132W,YHR055C,0,-6.1339955,0.10568663477897644,0.972000002861023,0.8224999904632568
YCR071C,YAL005C,0,-6.134045,0.10567514598369598,0.972000002861023,0.8226000070571899
YMR143W,YDR460W,0,-6.134615,0.10566365718841553,0.972000002861023,0.822700023651123
YNL009W,YHR004C,0,-6.1346297,0.10565217584371567,0.972000002861023,0.8227999806404114
YPL018W,YNL012W,0,-6.134683,0.10564069449901581,0.972000002861023,0.8228999972343445
YKL129C,YDR388W,1,-6.1352983,0.10573787987232208,0.9729999899864197,0.8228999972343445
YHL047C,YGL145W,0,-6.1364264,0.10572639107704163,0.9729999899864197,0.8230000138282776
YKR024C,YAL033W,0,-6.1366305,0.10571490973234177,0.9729999899864197,0.8230999708175659
YOR113W,YEL050C,0,-6.1373568,0.10570342093706131,0.9729999899864197,0.823199987411499
YFL039C,YDR166C,1,-6.1374164,0.105800561606884,0.9739999771118164,0.823199987411499
YIL009C-A,YBL106C,0,-6.1375484,0.10578907281160355,0.9739999771118164,0.8233000040054321
YFL039C,YJR092W,1,-6.137756,0.10588618367910385,0.9750000238418579,0.8233000040054321
YBR286W,YCL054W,0,-6.1378713,0.1058746874332428,0.9750000238418579,0.8234000205993652
YJL062W,YIL008W,0,-6.137881,0.10586319118738174,0.9750000238418579,0.8234999775886536
YOL049W,YNL055C,0,-6.13809,0.10585170239210129,0.9750000238418579,0.8235999941825867
YNL016W,YMR095C,0,-6.138168,0.10584020614624023,0.9750000238418579,0.8237000107765198
YBR077C,YGL093W,0,-6.138227,0.10582871735095978,0.9750000238418579,0.8238000273704529
YIL044C,YJR091C,0,-6.138596,0.10581723600625992,0.9750000238418579,0.8238999843597412
YBR272C,YDR479C,0,-6.1386275,0.10580575466156006,0.9750000238418579,0.8240000009536743
YBR020W,YMR225C,0,-6.1387124,0.1057942733168602,0.9750000238418579,0.8241000175476074
YLR155C,YPR081C,0,-6.1390452,0.10578279197216034,0.9750000238418579,0.8241999745368958
YPL119C,YMR281W,0,-6.139114,0.10577131807804108,0.9750000238418579,0.8242999911308289
YNL220W,YPL139C,0,-6.1394114,0.10575984418392181,0.9750000238418579,0.824400007724762
YCR039C,YDR075W,0,-6.1396775,0.10574837028980255,0.9750000238418579,0.8245000243186951
YOL095C,YKL197C,0,-6.1397877,0.10573690384626389,0.9750000238418579,0.8245999813079834
YMR188C,YPR140W,0,-6.1411924,0.10572543740272522,0.9750000238418579,0.8246999979019165
YNL042W,YIR037W,0,-6.1413064,0.10571397840976715,0.9750000238418579,0.8248000144958496
YLR328W,YOR057W,0,-6.1417584,0.10570251196622849,0.9750000238418579,0.8248999714851379
YDR173C,YOR267C,0,-6.1418395,0.10569106042385101,0.9750000238418579,0.824999988079071
YOL147C,YMR013C,0,-6.1419454,0.10567960143089294,0.9750000238418579,0.8251000046730042
YJR046W,YPL063W,0,-6.142076,0.10566814988851547,0.9750000238418579,0.8252000212669373
YAR019C,YGL106W,1,-6.14228,0.10576505959033966,0.9760000109672546,0.8252000212669373
YOR340C,YDR260C,0,-6.143673,0.10575360059738159,0.9760000109672546,0.8252999782562256
YOR209C,YIL144W,0,-6.144336,0.10574214160442352,0.9760000109672546,0.8253999948501587
YLR028C,YOR004W,0,-6.144956,0.10573069006204605,0.9760000109672546,0.8255000114440918
YFR053C,YKR014C,0,-6.145808,0.10571923851966858,0.9760000109672546,0.8256000280380249
YDR116C,YDR091C,0,-6.146047,0.10570778697729111,0.9760000109672546,0.8256999850273132
YDR256C,YGR143W,0,-6.146126,0.10569634288549423,0.9760000109672546,0.8258000016212463
YDR256C,YOR095C,0,-6.1465983,0.10568489134311676,0.9760000109672546,0.8259000182151794
YIL048W,YLR350W,0,-6.1473613,0.10567345470190048,0.9760000109672546,0.8259999752044678
YOR310C,YKR079C,0,-6.148223,0.10566201061010361,0.9760000109672546,0.8260999917984009
YOR349W,YHR191C,0,-6.1491256,0.10565057396888733,0.9760000109672546,0.826200008392334
YKR046C,YLL041C,0,-6.1496854,0.10563913732767105,0.9760000109672546,0.8263000249862671
YDL126C,YIL039W,0,-6.149752,0.10562770813703537,0.9760000109672546,0.8263999819755554
YDR322C-A,YBL039C,0,-6.150165,0.10561627894639969,0.9760000109672546,0.8264999985694885
YOL049W,YIL122W,0,-6.1502213,0.10560484975576401,0.9760000109672546,0.8266000151634216
YDR318W,YJL053W,0,-6.1504426,0.10559342056512833,0.9760000109672546,0.82669997215271
YGL087C,YOR098C,0,-6.150534,0.10558199882507324,0.9760000109672546,0.8267999887466431
YLR207W,YJR033C,0,-6.150715,0.10557057708501816,0.9760000109672546,0.8269000053405762
YLR160C,YBR240C,0,-6.1510506,0.10555916279554367,0.9760000109672546,0.8270000219345093
YMR038C,YJL156C,0,-6.1512074,0.10554774850606918,0.9760000109672546,0.8270999789237976
YMR038C,YBR257W,0,-6.1512356,0.1055363342165947,0.9760000109672546,0.8271999955177307
YNL282W,YJL011C,0,-6.151771,0.10552491992712021,0.9760000109672546,0.8273000121116638
YDR487C,YAL047C,0,-6.152325,0.10551351308822632,0.9760000109672546,0.8274000287055969
YBR245C,YKR014C,0,-6.1524167,0.10550210624933243,0.9760000109672546,0.8274999856948853
YPR144C,YOR162C,0,-6.152428,0.10549070686101913,0.9760000109672546,0.8276000022888184
YDR377W,YOL045W,0,-6.1524787,0.10547930747270584,0.9760000109672546,0.8277000188827515
YDL132W,YGR141W,0,-6.1526713,0.10546790808439255,0.9760000109672546,0.8277999758720398
YIL040W,YKL032C,0,-6.1531568,0.10545650869607925,0.9760000109672546,0.8278999924659729
YPL010W,YIL066C,0,-6.1533895,0.10544511675834656,0.9760000109672546,0.828000009059906
YPR200C,YDR361C,0,-6.1534686,0.10543372482061386,0.9760000109672546,0.8281000256538391
YIL124W,YOR298C-A,0,-6.153485,0.10542234033346176,0.9760000109672546,0.8281999826431274
YMR232W,YKL175W,0,-6.1534967,0.10541094839572906,0.9760000109672546,0.8282999992370605
YAL040C,YPR144C,0,-6.1536746,0.10539957135915756,0.9760000109672546,0.8284000158309937
YKL146W,YGL126W,0,-6.1537185,0.10538818687200546,0.9760000109672546,0.828499972820282
YKL062W,YBL014C,0,-6.153746,0.10537680983543396,0.9760000109672546,0.8285999894142151
YNR049C,YKL154W,0,-6.154092,0.10536543279886246,0.9760000109672546,0.8287000060081482
YDL079C,YDR443C,0,-6.1541243,0.10535405576229095,0.9760000109672546,0.8288000226020813
YPR030W,YLR425W,0,-6.1541786,0.10534268617630005,0.9760000109672546,0.8288999795913696
YHR115C,YDL232W,0,-6.1546197,0.10533131659030914,0.9760000109672546,0.8289999961853027
YDR298C,YPL241C,0,-6.1548896,0.10531995445489883,0.9760000109672546,0.8291000127792358
YDR446W,YNL330C,0,-6.154985,0.10530859231948853,0.9760000109672546,0.829200029373169
YLR026C,YKR031C,0,-6.15532,0.10529723018407822,0.9760000109672546,0.8292999863624573
YAL054C,YOR236W,0,-6.1560836,0.10528586804866791,0.9760000109672546,0.8294000029563904
YCR091W,YIL038C,0,-6.1561723,0.1052745133638382,0.9760000109672546,0.8295000195503235
YOL027C,YDR346C,0,-6.1569333,0.10526315867900848,0.9760000109672546,0.8295999765396118
YNL279W,YPL131W,0,-6.1577415,0.10525180399417877,0.9760000109672546,0.8296999931335449
YLR134W,YLR321C,0,-6.1585608,0.10524045675992966,0.9760000109672546,0.829800009727478
YDL004W,YDL132W,0,-6.159014,0.10522910952568054,0.9760000109672546,0.8299000263214111
YPL255W,YJR082C,0,-6.1594634,0.10521776974201202,0.9760000109672546,0.8299999833106995
YAL054C,YDR283C,0,-6.160273,0.10520642250776291,0.9760000109672546,0.8300999999046326
YIL117C,YDR170C,0,-6.160487,0.10519508272409439,0.9760000109672546,0.8302000164985657
YGR081C,YDR058C,0,-6.1618075,0.10518375039100647,0.9760000109672546,0.830299973487854
YBR234C,YER106W,0,-6.161875,0.10517241060733795,0.9760000109672546,0.8303999900817871
YEL063C,YBR260C,0,-6.1620364,0.10516107827425003,0.9760000109672546,0.8305000066757202
YMR316W,YLR069C,0,-6.1623898,0.1051497533917427,0.9760000109672546,0.8306000232696533
YLR133W,YCR040W,0,-6.162419,0.10513842850923538,0.9760000109672546,0.8306999802589417
YJR086W,YKL081W,0,-6.1624513,0.10512710362672806,0.9760000109672546,0.8307999968528748
YIL123W,YJR102C,0,-6.1632085,0.10511577874422073,0.9760000109672546,0.8309000134468079
YIL038C,YGR159C,0,-6.1638646,0.105104461312294,0.9760000109672546,0.8309999704360962
YOL135C,YBR212W,0,-6.163872,0.10509314388036728,0.9760000109672546,0.8310999870300293
YOR329C,YMR088C,0,-6.1648893,0.10508182644844055,0.9760000109672546,0.8312000036239624
YML107C,YMR143W,0,-6.165668,0.10507051646709442,0.9760000109672546,0.8313000202178955
YML061C,YGR248W,0,-6.1658187,0.10505920648574829,0.9760000109672546,0.8313999772071838
YBR234C,YLR216C,0,-6.1673455,0.10504789650440216,0.9760000109672546,0.8314999938011169
YIR037W,YJL139C,0,-6.167399,0.10503659397363663,0.9760000109672546,0.83160001039505
YLR110C,YDR059C,0,-6.167568,0.1050252914428711,0.9760000109672546,0.8317000269889832
YPR199C,YJL134W,0,-6.1676745,0.10501398891210556,0.9760000109672546,0.8317999839782715
YPL075W,YHR014W,0,-6.1678653,0.10500268638134003,0.9760000109672546,0.8319000005722046
YMR264W,YPL130W,0,-6.168085,0.10499139130115509,0.9760000109672546,0.8320000171661377
YHR181W,YBR097W,0,-6.1687264,0.10498010367155075,0.9760000109672546,0.832099974155426
YNL008C,YOR032C,0,-6.1689706,0.10496880859136581,0.9760000109672546,0.8321999907493591
YPR104C,YBR169C,0,-6.169002,0.10495752096176147,0.9760000109672546,0.8323000073432922
YGR030C,YAL002W,0,-6.1696773,0.10494623333215714,0.9760000109672546,0.8324000239372253
YGL029W,YGL068W,0,-6.169857,0.10493495315313339,0.9760000109672546,0.8324999809265137
YPR030W,YMR006C,0,-6.1699214,0.10492367297410965,0.9760000109672546,0.8325999975204468
YCR060W,YOR083W,0,-6.170679,0.10491239279508591,0.9760000109672546,0.8327000141143799
YNL101W,YGL143C,0,-6.171013,0.10490112006664276,0.9760000109672546,0.8327999711036682
YMR006C,YJR049C,0,-6.171124,0.10488984733819962,0.9760000109672546,0.8328999876976013
YJR057W,YGL008C,0,-6.1711946,0.10487857460975647,0.9760000109672546,0.8330000042915344
YNL199C,YNL210W,0,-6.17217,0.10486730188131332,0.9760000109672546,0.8331000208854675
YGL247W,YLL019C,0,-6.172183,0.10485603660345078,0.9760000109672546,0.8331999778747559
YMR092C,YGR258C,0,-6.172548,0.10484477132558823,0.9760000109672546,0.833299994468689
YOR136W,YKL144C,0,-6.172768,0.10483351349830627,0.9760000109672546,0.8334000110626221
YBR274W,YDR078C,0,-6.1732926,0.10482225567102432,0.9760000109672546,0.8335000276565552
YAR007C,YDR394W,0,-6.173763,0.10481099784374237,0.9760000109672546,0.8335999846458435
YGL087C,YGL095C,0,-6.1745734,0.10479974001646042,0.9760000109672546,0.8337000012397766
YOR180C,YOL026C,0,-6.1746264,0.10478848963975906,0.9760000109672546,0.8338000178337097
YMR052W,YBR048W,0,-6.1751175,0.10477723926305771,0.9760000109672546,0.833899974822998
YMR283C,YDL052C,0,-6.1755586,0.10476599633693695,0.9760000109672546,0.8339999914169312
YNL323W,YMR104C,0,-6.176466,0.1047547459602356,0.9760000109672546,0.8341000080108643
YEL056W,YDR201W,0,-6.176733,0.10474351048469543,0.9760000109672546,0.8342000246047974
YHR174W,YNL332W,0,-6.176739,0.10473226755857468,0.9760000109672546,0.8342999815940857
YBL041W,YOR084W,0,-6.177152,0.10472103208303452,0.9760000109672546,0.8343999981880188
YMR301C,YJR019C,0,-6.1773906,0.10470979660749435,0.9760000109672546,0.8345000147819519
YPL177C,YBR272C,0,-6.177569,0.1046985611319542,0.9760000109672546,0.8345999717712402
YLR175W,YIL061C,0,-6.1777716,0.10468733310699463,0.9760000109672546,0.8346999883651733
YPL101W,YJL047C,0,-6.178221,0.10467610508203506,0.9760000109672546,0.8348000049591064
YGL097W,YJL059W,0,-6.178432,0.1046648770570755,0.9760000109672546,0.8349000215530396
YOR221C,YNL113W,0,-6.178516,0.10465365648269653,0.9760000109672546,0.8349999785423279
YOR005C,YGL098W,0,-6.178844,0.10464243590831757,0.9760000109672546,0.835099995136261
YDL142C,YMR013C,0,-6.1790824,0.1046312153339386,0.9760000109672546,0.8352000117301941
YGR143W,YAL047C,0,-6.1800065,0.10462000221014023,0.9760000109672546,0.8353000283241272
YOR322C,YBR185C,0,-6.1810374,0.10460878908634186,0.9760000109672546,0.8353999853134155
YNL006W,YGR094W,0,-6.1815567,0.10459757596254349,0.9760000109672546,0.8355000019073486
YBR201W,YGL236C,0,-6.181961,0.10458637028932571,0.9760000109672546,0.8356000185012817
YNL223W,YEL032W,0,-6.1828427,0.10457516461610794,0.9760000109672546,0.8356999754905701
YJR070C,YAR008W,0,-6.1829386,0.10456395894289017,0.9760000109672546,0.8357999920845032
YLR069C,YHL025W,0,-6.183727,0.10455276072025299,0.9760000109672546,0.8359000086784363
YMR029C,YBR093C,0,-6.183828,0.10454156249761581,0.9760000109672546,0.8360000252723694
YJL024C,YDL132W,0,-6.1852317,0.10453036427497864,0.9760000109672546,0.8360999822616577
YBR160W,YPR083W,0,-6.1852584,0.10451916605234146,0.9760000109672546,0.8361999988555908
YDR382W,YJR104C,0,-6.185723,0.10450797528028488,0.9760000109672546,0.8363000154495239
YEL054C,YBL102W,0,-6.1859784,0.1044967845082283,0.9760000109672546,0.8363999724388123
YDR022C,YDR002W,0,-6.1862206,0.10448560118675232,0.9760000109672546,0.8364999890327454
YPL145C,YJR104C,0,-6.186296,0.10447441786527634,0.9760000109672546,0.8366000056266785
YPL181W,YOL060C,0,-6.186795,0.10446323454380035,0.9760000109672546,0.8367000222206116
YDR151C,YNR059W,0,-6.1871457,0.10445205122232437,0.9760000109672546,0.8367999792098999
YLR081W,YMR065W,0,-6.1877313,0.10444087535142899,0.9760000109672546,0.836899995803833
YER054C,YPL152W,0,-6.187918,0.1044296994805336,0.9760000109672546,0.8370000123977661
YCL039W,YER068W,0,-6.1882863,0.10441853106021881,0.9760000109672546,0.8371000289916992
YBR290W,YKR065C,0,-6.188606,0.10440736263990402,0.9760000109672546,0.8371999859809875
YHR197W,YKL144C,0,-6.1886964,0.10439619421958923,0.9760000109672546,0.8373000025749207
YJR144W,YMR142C,0,-6.188926,0.10438502579927444,0.9760000109672546,0.8374000191688538
YFR041C,YNL012W,0,-6.189471,0.10437386482954025,0.9760000109672546,0.8374999761581421
YER107C,YLR266C,0,-6.189551,0.10436270385980606,0.9760000109672546,0.8375999927520752
YNL151C,YNL209W,0,-6.1900945,0.10435154289007187,0.9760000109672546,0.8377000093460083
YKL108W,YGL249W,0,-6.1901593,0.10434038937091827,0.9760000109672546,0.8378000259399414
YHR171W,YLR394W,0,-6.1902385,0.10432923585176468,0.9760000109672546,0.8378999829292297
YJR125C,YDL052C,0,-6.190351,0.10431808233261108,0.9760000109672546,0.8379999995231628
YPR122W,YNL327W,1,-6.1904893,0.10441380739212036,0.9769999980926514,0.8379999995231628
YOR144C,YPL031C,0,-6.1906543,0.10440264642238617,0.9769999980926514,0.838100016117096
YML012W,YER142C,0,-6.1909266,0.10439149290323257,0.9769999980926514,0.8381999731063843
YHR019C,YOL010W,0,-6.191198,0.10438033938407898,0.9769999980926514,0.8382999897003174
YPR132W,YGL210W,0,-6.1912265,0.10436919331550598,0.9769999980926514,0.8384000062942505
YNR023W,YGL249W,0,-6.1915145,0.10435803979635239,0.9769999980926514,0.8385000228881836
YDL160C,YDR486C,0,-6.192325,0.10434689372777939,0.9769999980926514,0.8385999798774719
YJL089W,YBR240C,0,-6.1930556,0.10433575510978699,0.9769999980926514,0.838699996471405
YJL094C,YDR116C,0,-6.193288,0.10432461649179459,0.9769999980926514,0.8388000130653381
YML129C,YDL020C,0,-6.193357,0.10431347787380219,0.9769999980926514,0.8389000296592712
YDR488C,YPR103W,0,-6.1939263,0.10430233925580978,0.9769999980926514,0.8389999866485596
YIL009W,YLR205C,0,-6.194663,0.10429120063781738,0.9769999980926514,0.8391000032424927
YDR256C,YGL014W,0,-6.194699,0.10428006947040558,0.9769999980926514,0.8392000198364258
YLR411W,YOR256C,0,-6.1948094,0.10426894575357437,0.9769999980926514,0.8392999768257141
YPL240C,YPR163C,0,-6.1950316,0.10425781458616257,0.9769999980926514,0.8393999934196472
YLR270W,YOL128C,0,-6.195466,0.10424669086933136,0.9769999980926514,0.8395000100135803
YCL039W,YER031C,0,-6.195555,0.10423556715250015,0.9769999980926514,0.8396000266075134
YDR143C,YPL203W,0,-6.1957817,0.10422445088624954,0.9769999980926514,0.8396999835968018
YHL047C,YAL003W,0,-6.198507,0.10421333461999893,0.9769999980926514,0.8398000001907349
YFL034C-B,YOR083W,0,-6.1986213,0.10420221835374832,0.9769999980926514,0.839900016784668
YPL181W,YLR060W,0,-6.198674,0.10419110953807831,0.9769999980926514,0.8399999737739563
YPR154W,YMR016C,0,-6.2002525,0.1041799932718277,0.9769999980926514,0.8400999903678894
YGL027C,YBL016W,0,-6.2006803,0.10416888445615768,0.9769999980926514,0.8402000069618225
YOR349W,YMR013C,0,-6.2012415,0.10415778309106827,0.9769999980926514,0.8403000235557556
YIL132C,YMR006C,0,-6.2017717,0.10414668172597885,0.9769999980926514,0.840399980545044
YDL117W,YKL129C,1,-6.2018123,0.10424216836690903,0.9779999852180481,0.840399980545044
YAR019C,YDR309C,1,-6.2023225,0.10433763265609741,0.9789999723434448,0.840399980545044
YNR059W,YNL293W,0,-6.2032065,0.1043265163898468,0.9789999723434448,0.840499997138977
YKL179C,YNL014W,0,-6.2033343,0.10431540012359619,0.9789999723434448,0.8406000137329102
YGL155W,YPR005C,0,-6.2033553,0.10430428385734558,0.9789999723434448,0.8406999707221985
YMR231W,YJL089W,0,-6.203675,0.10429317504167557,0.9789999723434448,0.8407999873161316
YDR148C,YOR057W,0,-6.203876,0.10428205877542496,0.9789999723434448,0.8409000039100647
YOR275C,YNR046W,0,-6.204755,0.10427095741033554,0.9789999723434448,0.8410000205039978
YJL146W,YJL128C,0,-6.2048793,0.10425984859466553,0.9789999723434448,0.8410999774932861
YGR247W,YPR163C,0,-6.2051167,0.10424874722957611,0.9789999723434448,0.8411999940872192
YCR009C,YDR388W,1,-6.2051754,0.10434412211179733,0.9800000190734863,0.8411999940872192
YLR219W,YKL197C,0,-6.205539,0.10433301329612732,0.9800000190734863,0.8413000106811523
YEL018W,YEL041W,0,-6.2065606,0.1043219044804573,0.9800000190734863,0.8414000272750854
YFR053C,YOL026C,0,-6.2067633,0.10431080311536789,0.9800000190734863,0.8414999842643738
YBR234C,YDR145W,0,-6.2069116,0.10429970175027847,0.9800000190734863,0.8416000008583069
YNL127W,YNR032W,0,-6.207167,0.10428860038518906,0.9800000190734863,0.84170001745224
YOL016C,YNL248C,0,-6.207249,0.10427750647068024,0.9800000190734863,0.8417999744415283
YOR294W,YER148W,0,-6.207519,0.10426641255617142,0.9800000190734863,0.8418999910354614
YLR193C,YHR016C,0,-6.207663,0.1042553186416626,0.9800000190734863,0.8420000076293945
YNR075W,YNL245C,0,-6.207936,0.10424423217773438,0.9800000190734863,0.8421000242233276
YHR083W,YDR409W,0,-6.2083397,0.10423313826322556,0.9800000190734863,0.842199981212616
YDL045C,YOR171C,0,-6.208798,0.10422205924987793,0.9800000190734863,0.8422999978065491
YLR295C,YDR211W,0,-6.20898,0.10421097278594971,0.9800000190734863,0.8424000144004822
YAL015C,YDR027C,0,-6.209497,0.10419989377260208,0.9800000190734863,0.8424999713897705
YNL042W,YKR081C,0,-6.209696,0.10418881475925446,0.9800000190734863,0.8425999879837036
YBL008W,YCL008C,0,-6.2098255,0.10417774319648743,0.9800000190734863,0.8427000045776367
YFL014W,YOR308C,0,-6.210654,0.1041666641831398,0.9800000190734863,0.8428000211715698
YGR152C,YDR129C,1,-6.2108874,0.10426187515258789,0.9810000061988831,0.8428000211715698
YDR188W,YJR119C,0,-6.212058,0.10425079613924026,0.9810000061988831,0.8428999781608582
YJL052W,YDR341C,0,-6.212187,0.10423971712589264,0.9810000061988831,0.8429999947547913
YCR048W,YIL138C,0,-6.2123857,0.10422864556312561,0.9810000061988831,0.8431000113487244
YPL093W,YMR146C,0,-6.2126956,0.10421757400035858,0.9810000061988831,0.8432000279426575
YER178W,YHR139C,0,-6.212854,0.10420650243759155,0.9810000061988831,0.8432999849319458
YDR296W,YDR382W,0,-6.2131658,0.10419543087482452,0.9810000061988831,0.8434000015258789
YML116W,YGR078C,0,-6.2132154,0.10418436676263809,0.9810000061988831,0.843500018119812
YIR002C,YBR129C,0,-6.2134166,0.10417330265045166,0.9810000061988831,0.8435999751091003
YPR025C,YDR359C,0,-6.2137413,0.10416224598884583,0.9810000061988831,0.8436999917030334
YDL085W,YLR272C,0,-6.2150936,0.1041511818766594,0.9810000061988831,0.8438000082969666
YLR342W,YAL030W,0,-6.215677,0.10414012521505356,0.9810000061988831,0.8439000248908997
YGR177C,YPL118W,0,-6.215765,0.10412907600402832,0.9810000061988831,0.843999981880188
YLL026W,YBR024W,0,-6.2162933,0.10411801934242249,0.9810000061988831,0.8440999984741211
YPL242C,YOR301W,1,-6.21635,0.10421309620141983,0.9819999933242798,0.8440999984741211
YDR363W,YJL089W,0,-6.216357,0.104202039539814,0.9819999933242798,0.8442000150680542
YDR439W,YAL005C,0,-6.216682,0.10419098287820816,0.9819999933242798,0.8442999720573425
YPL159C,YFR005C,0,-6.2168517,0.10417992621660233,0.9819999933242798,0.8443999886512756
YBR066C,YMR026C,0,-6.217738,0.10416887700557709,0.9819999933242798,0.8445000052452087
YDR168W,YGL013C,0,-6.2181296,0.10415782779455185,0.9819999933242798,0.8446000218391418
YHR114W,YLR403W,0,-6.2184587,0.10414677858352661,0.9819999933242798,0.8446999788284302
YBR196C,YJL059W,0,-6.2186375,0.10413573682308197,0.9819999933242798,0.8447999954223633
YPR201W,YOR079C,0,-6.218673,0.10412469506263733,0.9819999933242798,0.8449000120162964
YBR278W,YKL034W,0,-6.2190824,0.10411365330219269,0.9819999933242798,0.8450000286102295
YDL132W,YKL002W,0,-6.219773,0.10410261899232864,0.9819999933242798,0.8450999855995178
YMR022W,YHR138C,0,-6.22078,0.1040915846824646,0.9819999933242798,0.8452000021934509
YGR247W,YNR023W,0,-6.220886,0.10408055037260056,0.9819999933242798,0.845300018787384
YER001W,YJL048C,0,-6.221383,0.10406952351331711,0.9819999933242798,0.8453999757766724
YCR012W,YGR141W,0,-6.2218113,0.10405849665403366,0.9819999933242798,0.8454999923706055
YDL149W,YBR201W,0,-6.2221456,0.10404746979475021,0.9819999933242798,0.8456000089645386
YOL089C,YDL014W,0,-6.2227283,0.10403644293546677,0.9819999933242798,0.8457000255584717
YMR198W,YKR097W,0,-6.22304,0.10402542352676392,0.9819999933242798,0.84579998254776
YIL119C,YLR022C,0,-6.223209,0.10401440411806107,0.9819999933242798,0.8458999991416931
YDL232W,YBR168W,0,-6.2234335,0.10400339215993881,0.9819999933242798,0.8460000157356262
YPR128C,YLL015W,0,-6.2236876,0.10399237275123596,0.9819999933242798,0.8460999727249146
YPL160W,YIL154C,0,-6.224517,0.10398136079311371,0.9819999933242798,0.8461999893188477
YMR225C,YDR083W,0,-6.2246556,0.10397035628557205,0.9819999933242798,0.8463000059127808
YPR201W,YAL009W,0,-6.225115,0.1039593443274498,0.9819999933242798,0.8464000225067139
YMR208W,YHL002W,0,-6.225743,0.10394833981990814,0.9819999933242798,0.8464999794960022
YLR377C,YBL025W,0,-6.2258706,0.10393734276294708,0.9819999933242798,0.8465999960899353
YDL022W,YDR353W,0,-6.226133,0.10392633825540543,0.9819999933242798,0.8467000126838684
YOL108C,YGR220C,0,-6.226211,0.10391534119844437,0.9819999933242798,0.8468000292778015
YLR215C,YJL036W,0,-6.2270274,0.1039043515920639,0.9819999933242798,0.8468999862670898
YOR002W,YOL028C,0,-6.227105,0.10389335453510284,0.9819999933242798,0.847000002861023
YER045C,YPR008W,0,-6.2282352,0.10388236492872238,0.9819999933242798,0.847100019454956
YDL004W,YMR008C,0,-6.228789,0.10387137532234192,0.9819999933242798,0.8471999764442444
YIR017C,YDL212W,0,-6.229076,0.10386039316654205,0.9819999933242798,0.8472999930381775
YAL007C,YGL089C,0,-6.229082,0.10384941101074219,0.9819999933242798,0.8474000096321106
YER044C,YDR330W,0,-6.229277,0.10383842885494232,0.9819999933242798,0.8475000262260437
YGR010W,YHR001W,0,-6.2293773,0.10382744669914246,0.9819999933242798,0.847599983215332
YOL130W,YER012W,0,-6.229945,0.10381647199392319,0.9819999933242798,0.8476999998092651
YBR079C,YJR104C,0,-6.230575,0.10380549728870392,0.9819999933242798,0.8478000164031982
YBR217W,YOR100C,0,-6.2306204,0.10379452258348465,0.9819999933242798,0.8478999733924866
YBR102C,YDR244W,0,-6.230662,0.10378355532884598,0.9819999933242798,0.8479999899864197
YDL194W,YKL122C,0,-6.2306743,0.1037725880742073,0.9819999933242798,0.8481000065803528
YCR038C,YCR009C,1,-6.231622,0.10386728495359421,0.9829999804496765,0.8481000065803528
YMR069W,YGR091W,0,-6.23192,0.10385631024837494,0.9829999804496765,0.8482000231742859
YKR019C,YPL063W,0,-6.2324486,0.10384534299373627,0.9829999804496765,0.8482999801635742
YOL147C,YJR126C,0,-6.2327223,0.1038343757390976,0.9829999804496765,0.8483999967575073
YPR181C,YDR453C,0,-6.232776,0.10382340848445892,0.9829999804496765,0.8485000133514404
YNL008C,YKL122C,0,-6.2329416,0.10381244122982025,0.9829999804496765,0.8485999703407288
YOR023C,YOL130W,0,-6.233259,0.10380148142576218,0.9829999804496765,0.8486999869346619
YOR226C,YKR081C,0,-6.233437,0.1037905216217041,0.9829999804496765,0.848800003528595
YHR011W,YER088C,0,-6.2341256,0.10377956181764603,0.9829999804496765,0.8489000201225281
YNL280C,YFL013C,0,-6.2341404,0.10376860201358795,0.9829999804496765,0.8489999771118164
YFR040W,YPL032C,0,-6.234507,0.10375764966011047,0.9829999804496765,0.8490999937057495
YDL031W,YJR131W,0,-6.234992,0.10374670475721359,0.9829999804496765,0.8492000102996826
YHL031C,YOR007C,0,-6.235544,0.10373575240373611,0.9829999804496765,0.8493000268936157
YMR308C,YIR026C,0,-6.2361465,0.10372480750083923,0.9829999804496765,0.849399983882904
YGL055W,YNL121C,0,-6.236904,0.10371386259794235,0.9829999804496765,0.8495000004768372
YPL154C,YHR106W,0,-6.2369256,0.10370292514562607,0.9829999804496765,0.8496000170707703
YPL194W,YOL135C,0,-6.2376456,0.10369198024272919,0.9829999804496765,0.8496999740600586
YEL016C,YOR027W,0,-6.2379293,0.1036810427904129,0.9829999804496765,0.8497999906539917
YDR137W,YKR072C,0,-6.2380805,0.10367011278867722,0.9829999804496765,0.8499000072479248
YPL210C,YHR161C,0,-6.238201,0.10365918278694153,0.9829999804496765,0.8500000238418579
YIL079C,YDL081C,0,-6.238349,0.10364825278520584,0.9829999804496765,0.8500999808311462
YGR155W,YNL030W,0,-6.2384305,0.10363732278347015,0.9829999804496765,0.8501999974250793
YBR114W,YOR315W,0,-6.23844,0.10362640023231506,0.9829999804496765,0.8503000140190125
YNL259C,YLR191W,0,-6.238781,0.10361547023057938,0.9829999804496765,0.8503999710083008
YDR411C,YML058W-A,0,-6.2390676,0.10360455513000488,0.9829999804496765,0.8504999876022339
YNL042W,YBL024W,0,-6.239718,0.10359363257884979,0.9829999804496765,0.850600004196167
YAL041W,YNL074C,0,-6.23996,0.1035827174782753,0.9829999804496765,0.8507000207901001
YDR036C,YGR033C,0,-6.2402854,0.1035718023777008,0.9829999804496765,0.8507999777793884
YFL016C,YNL312W,0,-6.2410955,0.10356089472770691,0.9829999804496765,0.8508999943733215
YJR125C,YOR001W,0,-6.241698,0.10354998707771301,0.9829999804496765,0.8510000109672546
YGL062W,YMR104C,0,-6.242157,0.10353907942771912,0.9829999804496765,0.8511000275611877
YER127W,YIL070C,0,-6.243296,0.10352817177772522,0.9829999804496765,0.8511999845504761
YBR257W,YKL034W,0,-6.243381,0.10351727157831192,0.9829999804496765,0.8513000011444092
YFR040W,YDL212W,0,-6.2443976,0.10350637137889862,0.9829999804496765,0.8514000177383423
YOL101C,YHL009C,0,-6.2445865,0.10349547117948532,0.9829999804496765,0.8514999747276306
YDR036C,YLR298C,0,-6.2447386,0.10348457843065262,0.9829999804496765,0.8515999913215637
YJL196C,YDL181W,0,-6.24558,0.10347368568181992,0.9829999804496765,0.8517000079154968
YBR037C,YKR101W,0,-6.2461357,0.10346279293298721,0.9829999804496765,0.8518000245094299
YPL049C,YOR136W,0,-6.246155,0.10345190763473511,0.9829999804496765,0.8518999814987183
YDR214W,YOL060C,0,-6.246236,0.103441022336483,0.9829999804496765,0.8519999980926514
YLR233C,YEL054C,0,-6.2463593,0.1034301370382309,0.9829999804496765,0.8521000146865845
YOL164W,YBL047C,0,-6.2466197,0.10341925173997879,0.9829999804496765,0.8521999716758728
YBR290W,YMR314W,0,-6.247155,0.10340837389230728,0.9829999804496765,0.8522999882698059
YJR025C,YPL274W,0,-6.2473483,0.10339749604463577,0.9829999804496765,0.852400004863739
YJL020C,YOL091W,0,-6.247501,0.10338661819696426,0.9829999804496765,0.8525000214576721
YER045C,YHR194W,0,-6.2480416,0.10337574779987335,0.9829999804496765,0.8525999784469604
YMR092C,YIL112W,0,-6.248222,0.10336487740278244,0.9829999804496765,0.8526999950408936
YJL052W,YLR386W,0,-6.248389,0.10335401445627213,0.9829999804496765,0.8528000116348267
YNL149C,YGL162W,0,-6.249145,0.10334314405918121,0.9829999804496765,0.8529000282287598
YDL030W,YBR165W,0,-6.249397,0.1033322811126709,0.9829999804496765,0.8529999852180481
YDL115C,YFL018C,0,-6.2503,0.10332141816616058,0.9829999804496765,0.8531000018119812
YNR059W,YGR104C,0,-6.250806,0.10331056267023087,0.9829999804496765,0.8532000184059143
YHR139C,YPL128C,0,-6.2515197,0.10329970717430115,0.9829999804496765,0.8532999753952026
YLR081W,YOL068C,0,-6.2515435,0.10328885167837143,0.9829999804496765,0.8533999919891357
YOR185C,YKL032C,0,-6.251905,0.10327799618244171,0.9829999804496765,0.8535000085830688
YOR078W,YOR136W,0,-6.2519946,0.10326714813709259,0.9829999804496765,0.853600025177002
YPR001W,YFL048C,0,-6.2521343,0.10325630009174347,0.9829999804496765,0.8536999821662903
YNL148C,YGL205W,0,-6.252406,0.10324545949697495,0.9829999804496765,0.8537999987602234
YMR164C,YPL211W,0,-6.2534685,0.10323461145162582,0.9829999804496765,0.8539000153541565
YOR023C,YER169W,0,-6.2544093,0.1032237708568573,0.9829999804496765,0.8539999723434448
YDL022W,YGL229C,0,-6.254646,0.10321293771266937,0.9829999804496765,0.8540999889373779
YBL008W,YDR247W,0,-6.2546754,0.10320209711790085,0.9829999804496765,0.854200005531311
YDR418W,YAL047C,0,-6.254723,0.10319126397371292,0.9829999804496765,0.8543000221252441
YFR021W,YKL193C,0,-6.254929,0.103180430829525,0.9829999804496765,0.8543999791145325
YBL084C,YKL166C,0,-6.2549396,0.10316960513591766,0.9829999804496765,0.8544999957084656
YNL151C,YBL050W,0,-6.2550063,0.10315877944231033,0.9829999804496765,0.8546000123023987
YHR096C,YOR123C,0,-6.2563124,0.103147953748703,0.9829999804496765,0.8547000288963318
YDR153C,YBR207W,0,-6.2578845,0.10313712805509567,0.9829999804496765,0.8547999858856201
YMR177W,YLR134W,0,-6.2580647,0.10312630981206894,0.9829999804496765,0.8549000024795532
YDR027C,YLR249W,0,-6.258627,0.1031154915690422,0.9829999804496765,0.8550000190734863
YNL112W,YFL026W,0,-6.259031,0.10310468077659607,0.9829999804496765,0.8550999760627747
YCL043C,YDR028C,0,-6.2596164,0.10309386253356934,0.9829999804496765,0.8551999926567078
YDR353W,YHR161C,0,-6.259777,0.1030830517411232,0.9829999804496765,0.8553000092506409
YLL042C,YBR274W,0,-6.2598042,0.10307224839925766,0.9829999804496765,0.855400025844574
YOR023C,YJL063C,0,-6.2599893,0.10306143760681152,0.9829999804496765,0.8554999828338623
YBR278W,YBL075C,0,-6.2610564,0.10305063426494598,0.9829999804496765,0.8555999994277954
YBL069W,YNL334C,0,-6.261089,0.10303983092308044,0.9829999804496765,0.8557000160217285
YKR036C,YNR034W,0,-6.261104,0.1030290350317955,0.9829999804496765,0.8557999730110168
YHR081W,YDR359C,0,-6.261333,0.10301823168992996,0.9829999804496765,0.85589998960495
YJR150C,YBR186W,0,-6.262134,0.10300744324922562,0.9829999804496765,0.8560000061988831
YPR133C,YBR273C,0,-6.262529,0.10299664735794067,0.9829999804496765,0.8561000227928162
YDR418W,YDR177W,0,-6.2625737,0.10298585891723633,0.9829999804496765,0.8561999797821045
YMR201C,YDR453C,0,-6.2635255,0.10297507047653198,0.9829999804496765,0.8562999963760376
YOR036W,YKL035W,0,-6.263869,0.10296428203582764,0.9829999804496765,0.8564000129699707
YER044C,YAL047C,0,-6.2642164,0.10295350104570389,0.9829999804496765,0.8565000295639038
YOR198C,YMR280C,0,-6.2642193,0.10294272005558014,0.9829999804496765,0.8565999865531921
YDL181W,YMR039C,0,-6.2643204,0.10293193906545639,0.9829999804496765,0.8567000031471252
YNL094W,YCR012W,0,-6.2643256,0.10292115807533264,0.9829999804496765,0.8568000197410583
YGL065C,YLR411W,0,-6.264332,0.10291038453578949,0.9829999804496765,0.8568999767303467
YAL031C,YDL111C,0,-6.2648435,0.10289961099624634,0.9829999804496765,0.8569999933242798
YER053C,YEL037C,0,-6.265225,0.10288884490728378,0.9829999804496765,0.8571000099182129
YLR231C,YLR384C,0,-6.2653403,0.10287807136774063,0.9829999804496765,0.857200026512146
YPL021W,YML097C,0,-6.2653694,0.10286730527877808,0.9829999804496765,0.8572999835014343
YCR048W,YGR192C,0,-6.265476,0.10285654664039612,0.9829999804496765,0.8574000000953674
YPR171W,YIL070C,0,-6.266151,0.10284578055143356,0.9829999804496765,0.8575000166893005
YPR154W,YDR276C,0,-6.2667413,0.1028350219130516,0.9829999804496765,0.8575999736785889
YKR007W,YMR106C,0,-6.2674327,0.10282427072525024,0.9829999804496765,0.857699990272522
YPL200W,YNL201C,0,-6.2676334,0.10281351208686829,0.9829999804496765,0.8578000068664551
YMR083W,YNL294C,0,-6.268218,0.10280276089906693,0.9829999804496765,0.8579000234603882
YOL082W,YKL064W,0,-6.2683573,0.10279200971126556,0.9829999804496765,0.8579999804496765
YOL165C,YGL030W,0,-6.268831,0.1027812659740448,0.9829999804496765,0.8580999970436096
YOR031W,YMR240C,0,-6.269195,0.10277051478624344,0.9829999804496765,0.8582000136375427
YOL049W,YGR002C,0,-6.2698193,0.10275977104902267,0.9829999804496765,0.858299970626831
YOL005C,YER024W,0,-6.2706237,0.10274903476238251,0.9829999804496765,0.8583999872207642
YPR201W,YLL026W,0,-6.2707686,0.10273829102516174,0.9829999804496765,0.8585000038146973
YIL155C,YFR029W,0,-6.2708755,0.10272755473852158,0.9829999804496765,0.8586000204086304
YCL043C,YGL048C,0,-6.2711263,0.102716825902462,0.9829999804496765,0.8586999773979187
YDL106C,YCR053W,0,-6.271482,0.10270608961582184,0.9829999804496765,0.8587999939918518
YJL033W,YKL197C,0,-6.2717814,0.10269536077976227,0.9829999804496765,0.8589000105857849
YHR106W,YBL055C,0,-6.271979,0.1026846319437027,0.9829999804496765,0.859000027179718
YEL062W,YNL113W,0,-6.2721324,0.10267391055822372,0.9829999804496765,0.8590999841690063
YLL002W,YNL160W,0,-6.2728868,0.10266318172216415,0.9829999804496765,0.8592000007629395
YDR162C,YGR133W,0,-6.272895,0.10265246778726578,0.9829999804496765,0.8593000173568726
YJR022W,YML047C,0,-6.2730155,0.1026417464017868,0.9829999804496765,0.8593999743461609
YJR040W,YOL116W,0,-6.2730227,0.10263103246688843,0.9829999804496765,0.859499990940094
YJL085W,YER008C,1,-6.2733417,0.10272470861673355,0.984000027179718,0.859499990940094
YPL170W,YGL030W,0,-6.2738805,0.10271398723125458,0.984000027179718,0.8596000075340271
YLR201C,YPL274W,0,-6.2739453,0.1027032658457756,0.984000027179718,0.8597000241279602
YPR075C,YPL122C,0,-6.2740245,0.10269255191087723,0.984000027179718,0.8597999811172485
YIL112W,YOR347C,0,-6.274529,0.10268183052539825,0.984000027179718,0.8598999977111816
YPR138C,YKL056C,0,-6.274689,0.10267111659049988,0.984000027179718,0.8600000143051147
YGR225W,YPR154W,0,-6.274876,0.1026604101061821,0.984000027179718,0.8600999712944031
YBR048W,YGR013W,0,-6.275199,0.10264969617128372,0.984000027179718,0.8601999878883362
YOR386W,YNL241C,0,-6.2752924,0.10263898968696594,0.984000027179718,0.8603000044822693
YDR093W,YDR259C,0,-6.2753124,0.10262828320264816,0.984000027179718,0.8604000210762024
YDR087C,YMR229C,0,-6.2755284,0.10261758416891098,0.984000027179718,0.8604999780654907
YMR068W,YBR283C,0,-6.275726,0.1026068851351738,0.984000027179718,0.8605999946594238
YBR109C,YFL013C,0,-6.275843,0.10259618610143661,0.984000027179718,0.8607000112533569
YLR103C,YOR226C,0,-6.2768025,0.10258548706769943,0.984000027179718,0.86080002784729
YLR127C,YBR293W,0,-6.277371,0.10257479548454285,0.984000027179718,0.8608999848365784
YDR231C,YHR172W,0,-6.2774386,0.10256410390138626,0.984000027179718,0.8610000014305115
YJL089W,YKL122C,0,-6.2774487,0.10255341231822968,0.984000027179718,0.8611000180244446
YBR008C,YBR240C,0,-6.278525,0.10254272818565369,0.984000027179718,0.8611999750137329
YLR109W,YPR016C,0,-6.2790394,0.1025320440530777,0.984000027179718,0.861299991607666
YDL142C,YHR118C,0,-6.279238,0.10252135992050171,0.984000027179718,0.8614000082015991
YBL022C,YGL255W,0,-6.2792387,0.10251067578792572,0.984000027179718,0.8615000247955322
YJL099W,YPR032W,0,-6.2792425,0.10249999910593033,0.984000027179718,0.8615999817848206
YIL066C,YBR228W,0,-6.2793264,0.10248932242393494,0.984000027179718,0.8616999983787537
YOL051W,YGR128C,0,-6.279528,0.10247865319252014,0.984000027179718,0.8618000149726868
YNL210W,YNL221C,0,-6.2797513,0.10246797651052475,0.984000027179718,0.8618999719619751
YPL001W,YPR075C,0,-6.2803206,0.10245730727910995,0.984000027179718,0.8619999885559082
YMR137C,YLR268W,0,-6.280343,0.10244664549827576,0.984000027179718,0.8621000051498413
YJL081C,YKR054C,0,-6.280744,0.10243597626686096,0.984000027179718,0.8622000217437744
YNL280C,YGR128C,0,-6.2809167,0.10242531448602676,0.984000027179718,0.8622999787330627
YPL255W,YPR007C,0,-6.280972,0.10241465270519257,0.984000027179718,0.8623999953269958
YKL134C,YDL150W,0,-6.281754,0.10240399837493896,0.984000027179718,0.862500011920929
YOR294W,YCR081W,0,-6.283235,0.10239333659410477,0.984000027179718,0.8626000285148621
YCR091W,YOR256C,0,-6.283503,0.10238268971443176,0.984000027179718,0.8626999855041504
YPL171C,YEL060C,0,-6.28365,0.10237203538417816,0.984000027179718,0.8628000020980835
YPL156C,YKR062W,0,-6.285332,0.10236138850450516,0.984000027179718,0.8629000186920166
YPR065W,YJL121C,0,-6.2858877,0.10235074162483215,0.984000027179718,0.8629999756813049
YBL032W,YIL046W,0,-6.285914,0.10234009474515915,0.984000027179718,0.863099992275238
YAL041W,YGL166W,0,-6.2862706,0.10232944786548615,0.984000027179718,0.8632000088691711
YDL002C,YGL175C,0,-6.2866845,0.10231880843639374,0.984000027179718,0.8633000254631042
YDL192W,YLR233C,0,-6.286966,0.10230816900730133,0.984000027179718,0.8633999824523926
YGL035C,YIL014W,0,-6.2870283,0.10229753702878952,0.984000027179718,0.8634999990463257
YGR200C,YDL078C,0,-6.28715,0.10228690505027771,0.984000027179718,0.8636000156402588
YOR144C,YDR059C,0,-6.2877073,0.1022762730717659,0.984000027179718,0.8636999726295471
YEL009C,YER148W,0,-6.2887297,0.10226564109325409,0.984000027179718,0.8637999892234802
YLL041C,YML034W,0,-6.289649,0.10225501656532288,0.984000027179718,0.8639000058174133
YOL067C,YKR056W,0,-6.291057,0.10224439203739166,0.984000027179718,0.8640000224113464
YOR267C,YOR159C,0,-6.2911143,0.10223376750946045,0.984000027179718,0.8640999794006348
YPL188W,YOR179C,0,-6.291721,0.10222314298152924,0.984000027179718,0.8641999959945679
YHR171W,YOR229W,0,-6.2926316,0.10221252590417862,0.984000027179718,0.864300012588501
YHR004C,YDL106C,0,-6.2927074,0.102201908826828,0.984000027179718,0.8644000291824341
YBR177C,YNL248C,0,-6.2931466,0.10219129920005798,0.984000027179718,0.8644999861717224
YBR267W,YMR142C,0,-6.293721,0.10218068212270737,0.984000027179718,0.8646000027656555
YJR019C,YCL033C,0,-6.294081,0.10217007249593735,0.984000027179718,0.8647000193595886
YBL045C,YGR284C,0,-6.294467,0.10215947031974792,0.984000027179718,0.864799976348877
YLR207W,YAL005C,0,-6.294562,0.1021488606929779,0.984000027179718,0.8648999929428101
YHR013C,YDR284C,0,-6.2952538,0.10213825851678848,0.984000027179718,0.8650000095367432
YKL129C,YNL154C,1,-6.2954326,0.1022314503788948,0.9850000143051147,0.8650000095367432
YPL209C,YGR214W,0,-6.29567,0.10222084075212479,0.9850000143051147,0.8651000261306763
YJL099W,YBR168W,0,-6.295995,0.10221023112535477,0.9850000143051147,0.8651999831199646
YIL124W,YER148W,0,-6.2963824,0.10219962894916534,0.9850000143051147,0.8652999997138977
YPR120C,YKL182W,0,-6.297472,0.10218902677297592,0.9850000143051147,0.8654000163078308
YBR275C,YGR214W,0,-6.29757,0.1021784245967865,0.9850000143051147,0.8654999732971191
YDR122W,YJL191W,0,-6.2976785,0.10216782242059708,0.9850000143051147,0.8655999898910522
YDL181W,YPL144W,0,-6.298022,0.10215722769498825,0.9850000143051147,0.8657000064849854
YPL248C,YDL003W,0,-6.298103,0.10214663296937943,0.9850000143051147,0.8658000230789185
YDL197C,YML004C,0,-6.2981544,0.1021360456943512,0.9850000143051147,0.8658999800682068
YKL152C,YBR123C,0,-6.298756,0.10212545096874237,0.9850000143051147,0.8659999966621399
YGR268C,YFR040W,0,-6.2989116,0.10211486369371414,0.9850000143051147,0.866100013256073
YGL067W,YAL005C,0,-6.2989745,0.10210428386926651,0.9850000143051147,0.8661999702453613
YBR036C,YJL124C,0,-6.299132,0.10209369659423828,0.9850000143051147,0.8662999868392944
YOR046C,YBR185C,0,-6.2997036,0.10208311676979065,0.9850000143051147,0.8664000034332275
YCL025C,YJL166W,0,-6.2998366,0.10207253694534302,0.9850000143051147,0.8665000200271606
YDL035C,YKL099C,0,-6.300061,0.10206196457147598,0.9850000143051147,0.866599977016449
YIR010W,YNL274C,0,-6.3007436,0.10205138474702835,0.9850000143051147,0.8666999936103821
YDL132W,YGR180C,0,-6.3010044,0.10204081982374191,0.9850000143051147,0.8668000102043152
YDL085W,YOR001W,0,-6.3012657,0.10203024744987488,0.9850000143051147,0.8669000267982483
YKR019C,YDR175C,0,-6.301824,0.10201968252658844,0.9850000143051147,0.8669999837875366
YPR002W,YKL058W,0,-6.302625,0.1020091101527214,0.9850000143051147,0.8671000003814697
YDL116W,YPL159C,0,-6.30277,0.10199855268001556,0.9850000143051147,0.8672000169754028
YDL126C,YKL043W,0,-6.302863,0.10198798775672913,0.9850000143051147,0.8672999739646912
YIL079C,YDR256C,0,-6.3037972,0.10197743028402328,0.9850000143051147,0.8673999905586243
YNL129W,YHR021C,0,-6.3038087,0.10196687281131744,0.9850000143051147,0.8675000071525574
YJL124C,YPR163C,0,-6.3047595,0.1019563227891922,0.9850000143051147,0.8676000237464905
YGR055W,YJR102C,0,-6.304789,0.10194576531648636,0.9850000143051147,0.8676999807357788
YBR212W,YGR132C,0,-6.3056335,0.10193521529436111,0.9850000143051147,0.8677999973297119
YPL060W,YPR072W,0,-6.305919,0.10192466527223587,0.9850000143051147,0.867900013923645
YFL056C,YCL040W,0,-6.3068147,0.10191412270069122,0.9850000143051147,0.8679999709129333
YDR231C,YPL122C,0,-6.3069286,0.10190358012914658,0.9850000143051147,0.8680999875068665
YPL123C,YDL097C,0,-6.307529,0.10189303755760193,0.9850000143051147,0.8682000041007996
YER065C,YER148W,0,-6.3077993,0.10188250243663788,0.9850000143051147,0.8683000206947327
YNL101W,YIL120W,0,-6.309069,0.10187195986509323,0.9850000143051147,0.868399977684021
YNL318C,YJL011C,0,-6.309687,0.10186142474412918,0.9850000143051147,0.8684999942779541
YOR236W,YLL034C,0,-6.309691,0.10185089707374573,0.9850000143051147,0.8686000108718872
YLR433C,YGL226C-A,0,-6.3100004,0.10184036195278168,0.9850000143051147,0.8687000274658203
YIL034C,YKR062W,0,-6.310224,0.10182983428239822,0.9850000143051147,0.8687999844551086
YJR025C,YPL060W,0,-6.310799,0.10181930661201477,0.9850000143051147,0.8689000010490417
YEL056W,YER013W,0,-6.311153,0.10180878639221191,0.9850000143051147,0.8690000176429749
YBR026C,YCR065W,0,-6.312245,0.10179826617240906,0.9850000143051147,0.8690999746322632
YGR244C,YJR049C,0,-6.3136554,0.1017877459526062,0.9850000143051147,0.8691999912261963
YLL041C,YBR103W,0,-6.31374,0.10177722573280334,0.9850000143051147,0.8693000078201294
YDR293C,YLR277C,0,-6.313926,0.10176671296358109,0.9850000143051147,0.8694000244140625
YER179W,YKL073W,0,-6.3143964,0.10175620019435883,0.9850000143051147,0.8694999814033508
YPL153C,YNR006W,0,-6.3148475,0.10174568742513657,0.9850000143051147,0.8695999979972839
YNL041C,YBR107C,0,-6.3150277,0.1017351821064949,0.9850000143051147,0.869700014591217
YDL003W,YDL085W,0,-6.3153653,0.10172466933727264,0.9850000143051147,0.8697999715805054
YOR233W,YHR106W,0,-6.315576,0.10171416401863098,0.9850000143051147,0.8698999881744385
YBR068C,YPR103W,0,-6.3159695,0.10170366615056992,0.9850000143051147,0.8700000047683716
YBR010W,YOL138C,0,-6.3160357,0.10169316828250885,0.9850000143051147,0.8701000213623047
YJL122W,YBR002C,0,-6.3163905,0.10168267041444778,0.9850000143051147,0.870199978351593
YJL090C,YOR344C,0,-6.3165336,0.10167217254638672,0.9850000143051147,0.8702999949455261
YLR158C,YDR320C,0,-6.3170266,0.10166167467832565,0.9850000143051147,0.8704000115394592
YCR044C,YBL103C,0,-6.317247,0.10165118426084518,0.9850000143051147,0.8705000281333923
YDL040C,YOR018W,0,-6.3174214,0.10164069384336472,0.9850000143051147,0.8705999851226807
YDR263C,YDL230W,0,-6.31792,0.10163021087646484,0.9850000143051147,0.8707000017166138
YNL312W,YHR027C,0,-6.3191714,0.10161972790956497,0.9850000143051147,0.8708000183105469
YLR157C,YGL145W,0,-6.3195066,0.1016092449426651,0.9850000143051147,0.8708999752998352
YLR068W,YGR118W,0,-6.319611,0.10159876197576523,0.9850000143051147,0.8709999918937683
YNL286W,YPR036W,0,-6.32006,0.10158828645944595,0.9850000143051147,0.8711000084877014
YDR314C,YPL020C,0,-6.320599,0.10157781094312668,0.9850000143051147,0.8712000250816345
YOR031W,YDL022W,0,-6.3222938,0.1015673354268074,0.9850000143051147,0.8712999820709229
YMR175W,YKR062W,0,-6.3235316,0.10155685991048813,0.9850000143051147,0.871399998664856
YJL026W,YDR297W,0,-6.323657,0.10154639184474945,0.9850000143051147,0.8715000152587891
YER032W,YBR183W,0,-6.3236704,0.10153592377901077,0.9850000143051147,0.8715999722480774
YEL036C,YLR205C,0,-6.32368,0.1015254557132721,0.9850000143051147,0.8716999888420105
YGL045W,YIL008W,0,-6.3242593,0.10151499509811401,0.9850000143051147,0.8718000054359436
YPR198W,YER116C,0,-6.324718,0.10150453448295593,0.9850000143051147,0.8719000220298767
YNL270C,YDR398W,0,-6.324884,0.10149407386779785,0.9850000143051147,0.871999979019165
YER119C,YGR109C,0,-6.3253837,0.10148362070322037,0.9850000143051147,0.8720999956130981
YHR183W,YFR029W,0,-6.325704,0.10147316008806229,0.9850000143051147,0.8722000122070312
YNR056C,YLL050C,0,-6.326282,0.1014627143740654,0.9850000143051147,0.8723000288009644
YJR160C,YFL002C,0,-6.326679,0.10145226120948792,0.9850000143051147,0.8723999857902527
YOR014W,YKR014C,0,-6.3270555,0.10144181549549103,0.9850000143051147,0.8725000023841858
YLR231C,YGL011C,0,-6.3277144,0.10143136978149414,0.9850000143051147,0.8726000189781189
YAL044C,YML038C,0,-6.3279285,0.10142092406749725,0.9850000143051147,0.8726999759674072
YAL044C,YGL084C,0,-6.3290772,0.10141047835350037,0.9850000143051147,0.8727999925613403
YGR284C,YJR063W,0,-6.32909,0.10140004009008408,0.9850000143051147,0.8729000091552734
YER044C,YDR341C,0,-6.329199,0.10138960182666779,0.9850000143051147,0.8730000257492065
YMR068W,YML128C,0,-6.329308,0.10137917101383209,0.9850000143051147,0.8730999827384949
YNL318C,YPL097W,0,-6.329496,0.1013687327504158,0.9850000143051147,0.873199999332428
YLR155C,YOL061W,0,-6.3297877,0.10135830193758011,0.9850000143051147,0.8733000159263611
YBR257W,YGR248W,0,-6.329984,0.10134787857532501,0.9850000143051147,0.8733999729156494
YLR103C,YDR330W,0,-6.3299913,0.10133744776248932,0.9850000143051147,0.8734999895095825
YBL024W,YGR086C,0,-6.3307414,0.10132702440023422,0.9850000143051147,0.8736000061035156
YBR006W,YJR126C,0,-6.331278,0.10131660103797913,0.9850000143051147,0.8737000226974487
YOL165C,YMR231W,0,-6.332477,0.10130617767572403,0.9850000143051147,0.8737999796867371
YDR214W,YBR088C,0,-6.332602,0.10129576176404953,0.9850000143051147,0.8738999962806702
YNL278W,YHR167W,0,-6.3329663,0.10128534585237503,0.9850000143051147,0.8740000128746033
YJL060W,YOR137C,0,-6.333096,0.10127492994070053,0.9850000143051147,0.8741000294685364
YJR150C,YCL016C,0,-6.333446,0.10126452147960663,0.9850000143051147,0.8741999864578247
YJL072C,YMR156C,0,-6.3336816,0.10125411301851273,0.9850000143051147,0.8743000030517578
YGL068W,YML093W,0,-6.334336,0.10124370455741882,0.9850000143051147,0.8744000196456909
YLR155C,YOL095C,0,-6.3343415,0.10123329609632492,0.9850000143051147,0.8744999766349792
YDR481C,YML029W,0,-6.3347564,0.10122289508581161,0.9850000143051147,0.8745999932289124
YKL002W,YCR072C,0,-6.334933,0.10121249407529831,0.9850000143051147,0.8747000098228455
YNL008C,YOR123C,0,-6.3349757,0.101202093064785,0.9850000143051147,0.8748000264167786
YDL132W,YFR014C,0,-6.335607,0.1011916995048523,0.9850000143051147,0.8748999834060669
YCL039W,YNL299W,0,-6.33563,0.10118130594491959,0.9850000143051147,0.875
YFR014C,YHR048W,0,-6.3364854,0.10117091238498688,0.9850000143051147,0.8751000165939331
YDR437W,YPL026C,0,-6.3370743,0.10116051882505417,0.9850000143051147,0.8751999735832214
YGR055W,YDR359C,0,-6.3373184,0.10115013271570206,0.9850000143051147,0.8752999901771545
YGR200C,YNL074C,0,-6.33915,0.10113974660634995,0.9850000143051147,0.8754000067710876
YPR052C,YPR191W,0,-6.339462,0.10112936049699783,0.9850000143051147,0.8755000233650208
YJR155W,YNL219C,0,-6.339499,0.10111898183822632,0.9850000143051147,0.8755999803543091
YPR154W,YHL025W,0,-6.3397517,0.1011086031794548,0.9850000143051147,0.8756999969482422
YKR008W,YMR053C,0,-6.339873,0.10109822452068329,0.9850000143051147,0.8758000135421753
YPR128C,YOR031W,0,-6.340222,0.10108784586191177,0.9850000143051147,0.8758999705314636
YML012W,YDL022W,0,-6.340777,0.10107747465372086,0.9850000143051147,0.8759999871253967
YMR011W,YDR486C,0,-6.341171,0.10106710344552994,0.9850000143051147,0.8761000037193298
YDR214W,YGR276C,0,-6.3412495,0.10105673223733902,0.9850000143051147,0.8762000203132629
YNL127W,YBR022W,0,-6.341266,0.1010463684797287,0.9850000143051147,0.8762999773025513
YHR116W,YLR009W,0,-6.341434,0.10103600472211838,0.9850000143051147,0.8763999938964844
YOR056C,YDR329C,0,-6.3415036,0.10102564096450806,0.9850000143051147,0.8765000104904175
YKR019C,YBR205W,0,-6.342488,0.10101527720689774,0.9850000143051147,0.8766000270843506
YNL299W,YLR249W,0,-6.3427424,0.10100492089986801,0.9850000143051147,0.8766999840736389
YDL115C,YDR443C,0,-6.3431845,0.10099456459283829,0.9850000143051147,0.876800000667572
YNR002C,YGR279C,0,-6.3445883,0.10098420828580856,0.9850000143051147,0.8769000172615051
YLR201C,YPL210C,0,-6.345093,0.10097385942935944,0.9850000143051147,0.8769999742507935
YBR123C,YNR064C,0,-6.345159,0.10096351057291031,0.9850000143051147,0.8770999908447266
YLR201C,YNL274C,0,-6.3452835,0.10095316171646118,0.9850000143051147,0.8772000074386597
YNL031C,YPL006W,0,-6.3456206,0.10094281286001205,0.9850000143051147,0.8773000240325928
YBR217W,YKR065C,0,-6.3459992,0.10093247145414352,0.9850000143051147,0.8773999810218811
YDR179C,YOR217W,0,-6.3471985,0.100922130048275,0.9850000143051147,0.8774999976158142
YNR002C,YML027W,0,-6.3482995,0.10091178864240646,0.9850000143051147,0.8776000142097473
YPL265W,YLR059C,0,-6.3484306,0.10090145468711853,0.9850000143051147,0.8776999711990356
YLR158C,YAL010C,0,-6.3497477,0.1008911207318306,0.9850000143051147,0.8777999877929688
YNL221C,YHR157W,0,-6.3506866,0.10088078677654266,0.9850000143051147,0.8779000043869019
YJL042W,YDR478W,0,-6.3509355,0.10087045282125473,0.9850000143051147,0.878000020980835
YDR077W,YNL241C,0,-6.3509436,0.1008601263165474,0.9850000143051147,0.8780999779701233
YPR155C,YML047C,0,-6.3510003,0.10084979981184006,0.9850000143051147,0.8781999945640564
YPL100W,YBR223C,0,-6.3514886,0.10083947330713272,0.9850000143051147,0.8783000111579895
YOR080W,YOL071W,0,-6.3532224,0.10082915425300598,0.9850000143051147,0.8784000277519226
YDL231C,YOL020W,0,-6.3535166,0.10081883519887924,0.9850000143051147,0.8784999847412109
YCR057C,YLR084C,1,-6.3541627,0.10091085731983185,0.9860000014305115,0.8784999847412109
YOL151W,YKR059W,0,-6.3543,0.10090053081512451,0.9860000014305115,0.878600001335144
YHL019C,YMR235C,0,-6.354339,0.10089020431041718,0.9860000014305115,0.8787000179290771
YGL099W,YJR063W,0,-6.3558016,0.10087988525629044,0.9860000014305115,0.8787999749183655
YGR284C,YPL151C,0,-6.357363,0.1008695662021637,0.9860000014305115,0.8788999915122986
YFL057C,YDR174W,0,-6.35753,0.10085924714803696,0.9860000014305115,0.8790000081062317
YDR085C,YNL210W,0,-6.3575625,0.10084892809391022,0.9860000014305115,0.8791000247001648
YAL035W,YJL036W,0,-6.358145,0.10083861649036407,0.9860000014305115,0.8791999816894531
YFR053C,YHR026W,0,-6.3581557,0.10082830488681793,0.9860000014305115,0.8792999982833862
YKL064W,YJL001W,0,-6.358723,0.10081799328327179,0.9860000014305115,0.8794000148773193
YOL060C,YKR056W,0,-6.359753,0.10080768913030624,0.9860000014305115,0.8794999718666077
YLL019C,YNL016W,0,-6.3598304,0.1007973849773407,0.9860000014305115,0.8795999884605408
YLR186W,YGR086C,0,-6.3600626,0.10078708082437515,0.9860000014305115,0.8797000050544739
YLR233C,YMR260C,0,-6.360393,0.1007767766714096,0.9860000014305115,0.879800021648407
YKL051W,YAR042W,0,-6.3610396,0.10076647996902466,0.9860000014305115,0.8798999786376953
YIR041W,YNL121C,0,-6.362169,0.10075618326663971,0.9860000014305115,0.8799999952316284
YOL078W,YKL009W,0,-6.363495,0.10074588656425476,0.9860000014305115,0.8801000118255615
YIL034C,YDR058C,0,-6.3636866,0.10073559731245041,0.9860000014305115,0.8802000284194946
YDR487C,YIL031W,0,-6.3642235,0.10072530061006546,0.9860000014305115,0.880299985408783
YJL020C,YPL203W,0,-6.3642745,0.1007150188088417,0.9860000014305115,0.8804000020027161
YNL270C,YMR013C,0,-6.3646684,0.10070472955703735,0.9860000014305115,0.8805000185966492
YDR273W,YLR183C,0,-6.365871,0.1006944477558136,0.9860000014305115,0.8805999755859375
YNL312W,YBR105C,0,-6.366092,0.10068415850400925,0.9860000014305115,0.8806999921798706
YDR283C,YOR281C,0,-6.367578,0.10067388415336609,0.9860000014305115,0.8808000087738037
YIL066C,YGL145W,0,-6.3675823,0.10066360235214233,0.9860000014305115,0.8809000253677368
YCR044C,YNL097C,0,-6.368056,0.10065332800149918,0.9860000014305115,0.8809999823570251
YGL136C,YKR002W,0,-6.36815,0.10064305365085602,0.9860000014305115,0.8810999989509583
YML004C,YHR060W,0,-6.3685136,0.10063277930021286,0.9860000014305115,0.8812000155448914
YCR071C,YOL091W,0,-6.3691278,0.1006225124001503,0.9860000014305115,0.8812999725341797
YDR365C,YHL011C,0,-6.37034,0.10061224550008774,0.9860000014305115,0.8813999891281128
YDR423C,YGL095C,0,-6.3713264,0.10060197860002518,0.9860000014305115,0.8815000057220459
YNL258C,YNL074C,0,-6.371364,0.10059171915054321,0.9860000014305115,0.881600022315979
YER167W,YMR077C,0,-6.3735814,0.10058145225048065,0.9860000014305115,0.8816999793052673
YLL061W,YGR028W,0,-6.374167,0.10057119280099869,0.9860000014305115,0.8817999958992004
YOL016C,YMR156C,0,-6.374599,0.10056094080209732,0.9860000014305115,0.8819000124931335
YDL019C,YJR019C,0,-6.375031,0.10055068135261536,0.9860000014305115,0.8820000290870667
YIL097W,YBL006C,0,-6.3753805,0.10054042935371399,0.9860000014305115,0.882099986076355
YBL002W,YNL268W,0,-6.3754344,0.10053017735481262,0.9860000014305115,0.8822000026702881
YGR166W,YOL126C,0,-6.375524,0.10051993280649185,0.9860000014305115,0.8823000192642212
YMR225C,YGR059W,0,-6.3759174,0.10050968080759048,0.9860000014305115,0.8823999762535095
YIL124W,YDL181W,0,-6.3762527,0.10049943625926971,0.9860000014305115,0.8824999928474426
YDR273W,YDR058C,0,-6.376316,0.10048919916152954,0.9860000014305115,0.8826000094413757
YOR023C,YMR290C,0,-6.3775024,0.10047895461320877,0.9860000014305115,0.8827000260353088
YKL152C,YEL016C,0,-6.377866,0.1004687175154686,0.9860000014305115,0.8827999830245972
YGR191W,YNL025C,0,-6.3781047,0.10045848041772842,0.9860000014305115,0.8828999996185303
YBR029C,YDL154W,0,-6.378512,0.10044825077056885,0.9860000014305115,0.8830000162124634
YOR023C,YLL011W,0,-6.378513,0.10043801367282867,0.9860000014305115,0.8830999732017517
YNL286W,YEL009C,0,-6.378564,0.1004277840256691,0.9860000014305115,0.8831999897956848
YNL113W,YBR103W,0,-6.378956,0.10041755437850952,0.9860000014305115,0.8833000063896179
YJL053W,YDR137W,0,-6.3790736,0.10040733218193054,0.9860000014305115,0.883400022983551
YDR256C,YPR187W,0,-6.3796096,0.10039710998535156,0.9860000014305115,0.8834999799728394
YPR001W,YMR077C,0,-6.379742,0.10038688778877258,0.9860000014305115,0.8835999965667725
YGL065C,YDR256C,0,-6.3801365,0.1003766655921936,0.9860000014305115,0.8837000131607056
YGR086C,YNL138W,0,-6.3804507,0.10036645084619522,0.9860000014305115,0.8838000297546387
YMR188C,YLR301W,0,-6.380507,0.10035623610019684,0.9860000014305115,0.883899986743927
YPL170W,YNR046W,0,-6.3810573,0.10034602135419846,0.9860000014305115,0.8840000033378601
YKL017C,YML034W,0,-6.381741,0.10033580660820007,0.9860000014305115,0.8841000199317932
YPL012W,YOR014W,0,-6.381936,0.10032559931278229,0.9860000014305115,0.8841999769210815
YCL059C,YPR095C,0,-6.382006,0.1003153920173645,0.9860000014305115,0.8842999935150146
YER179W,YOR087W,0,-6.3827834,0.10030518472194672,0.9860000014305115,0.8844000101089478
YPR113W,YDR490C,0,-6.3833075,0.10029498487710953,0.9860000014305115,0.8845000267028809
YHR015W,YAL043C,0,-6.3842673,0.10028478503227234,0.9860000014305115,0.8845999836921692
YDR028C,YNR034W,0,-6.3845334,0.10027458518743515,0.9860000014305115,0.8847000002861023
YOR014W,YJR009C,0,-6.3847575,0.10026438534259796,0.9860000014305115,0.8848000168800354
YDR490C,YFR003C,0,-6.3852787,0.10025419294834137,0.9860000014305115,0.8848999738693237
YLR377C,YNL282W,0,-6.3859434,0.10024400055408478,0.9860000014305115,0.8849999904632568
YMR036C,YOR075W,0,-6.3867025,0.10023380815982819,0.9860000014305115,0.8851000070571899
YLR266C,YBR228W,0,-6.386869,0.10022362321615219,0.9860000014305115,0.885200023651123
YJR083C,YLR060W,0,-6.3869963,0.1002134382724762,0.9860000014305115,0.8852999806404114
YDL132W,YJL184W,0,-6.38767,0.1002032533288002,0.9860000014305115,0.8853999972343445
YIL037C,YJL191W,0,-6.388198,0.1001930683851242,0.9860000014305115,0.8855000138282776
YGR261C,YER042W,0,-6.3893685,0.10018289089202881,0.9860000014305115,0.8855999708175659
YDR077W,YKL166C,0,-6.389916,0.10017271339893341,0.9860000014305115,0.885699987411499
YFR031C,YKL035W,0,-6.3909974,0.10016253590583801,0.9860000014305115,0.8858000040054321
YPR083W,YLR197W,0,-6.391975,0.10015235841274261,0.9860000014305115,0.8859000205993652
YFL009W,YML091C,0,-6.392016,0.10014218837022781,0.9860000014305115,0.8859999775886536
YFL016C,YDR386W,0,-6.3922772,0.10013201832771301,0.9860000014305115,0.8860999941825867
YPR200C,YGR212W,0,-6.3922963,0.10012185573577881,0.9860000014305115,0.8862000107765198
YJR065C,YLR056W,0,-6.3937182,0.10011168569326401,0.9860000014305115,0.8863000273704529
YHR171W,YER068W,0,-6.394244,0.1001015231013298,0.9860000014305115,0.8863999843597412
YPR162C,YDR077W,0,-6.3945813,0.1000913605093956,0.9860000014305115,0.8865000009536743
YMR219W,YHR157W,0,-6.394974,0.10008120536804199,0.9860000014305115,0.8866000175476074
YCR071C,YMR069W,0,-6.395186,0.10007104277610779,0.9860000014305115,0.8866999745368958
YBR289W,YHR161C,0,-6.395468,0.10006088763475418,0.9860000014305115,0.8867999911308289
YFR024C-A,YDR097C,0,-6.3965077,0.10005073249340057,0.9860000014305115,0.886900007724762
YER159C,YOR315W,0,-6.397147,0.10004058480262756,0.9860000014305115,0.8870000243186951
YPL016W,YHR060W,0,-6.397719,0.10003043711185455,0.9860000014305115,0.8870999813079834
YPR008W,YBR024W,0,-6.3980684,0.10002028942108154,0.9860000014305115,0.8871999979019165
YPR135W,YHR174W,0,-6.398418,0.10001014173030853,0.9860000014305115,0.8873000144958496
YNR056C,YBR160W,0,-6.3992414,0.10000000149011612,0.9860000014305115,0.8873999714851379
YJL085W,YDR129C,1,-6.39928,0.10009127110242844,0.9869999885559082,0.8873999714851379
YGR088W,YOL105C,0,-6.3993397,0.10008111596107483,0.9869999885559082,0.887499988079071
YJR125C,YDR481C,0,-6.399855,0.10007097572088242,0.9869999885559082,0.8876000046730042
YIL044C,YBR294W,0,-6.3999014,0.1000608280301094,0.9869999885559082,0.8877000212669373
YPL200W,YKL073W,0,-6.4002204,0.10005068778991699,0.9869999885559082,0.8877999782562256
YJR093C,YJL048C,0,-6.4005685,0.10004054009914398,0.9869999885559082,0.8878999948501587
YHL025W,YDR259C,0,-6.401071,0.10003040730953217,0.9869999885559082,0.8880000114440918
YGR159C,YLR176C,0,-6.4013166,0.10002026706933975,0.9869999885559082,0.8881000280380249
YOR046C,YMR216C,0,-6.402415,0.10001013427972794,0.9869999885559082,0.8881999850273132
YOL017W,YHL025W,0,-6.402513,0.10000000149011612,0.9869999885559082,0.8883000016212463
YPR200C,YAL013W,0,-6.402676,0.0999898687005043,0.9869999885559082,0.8884000182151794
YJL166W,YDR416W,0,-6.4029765,0.09997974336147308,0.9869999885559082,0.8884999752044678
YDR284C,YPL146C,0,-6.4033203,0.09996961057186127,0.9869999885559082,0.8885999917984009
YDL045C,YIL076W,0,-6.404145,0.09995949268341064,0.9869999885559082,0.888700008392334
YIR025W,YKL062W,0,-6.404783,0.09994936734437943,0.9869999885559082,0.8888000249862671
YLR160C,YER110C,0,-6.4054174,0.0999392494559288,0.9869999885559082,0.8888999819755554
YLL019C,YKL197C,0,-6.4057517,0.09992913156747818,0.9869999885559082,0.8889999985694885
YOL016C,YEL026W,0,-6.405888,0.09991901367902756,0.9869999885559082,0.8891000151634216
YPR100W,YPL190C,0,-6.407042,0.09990889579057693,0.9869999885559082,0.88919997215271
YDL102W,YOR032C,0,-6.407091,0.09989878535270691,0.9869999885559082,0.8892999887466431
YCR098C,YIL167W,0,-6.407132,0.09988867491483688,0.9869999885559082,0.8894000053405762
YLL060C,YOR060C,0,-6.408132,0.09987856447696686,0.9869999885559082,0.8895000219345093
YNL021W,YER053C,0,-6.408358,0.09986846148967743,0.9869999885559082,0.8895999789237976
YPR067W,YGL037C,0,-6.4089036,0.099858358502388,0.9869999885559082,0.8896999955177307
YDR511W,YNL111C,0,-6.409076,0.09984825551509857,0.9869999885559082,0.8898000121116638
YKL005C,YJR084W,0,-6.409574,0.09983815252780914,0.9869999885559082,0.8899000287055969
YBR293W,YIL017C,0,-6.4106245,0.09982805699110031,0.9869999885559082,0.8899999856948853
YGL092W,YMR284W,0,-6.4113665,0.09981796145439148,0.9869999885559082,0.8901000022888184
YHL025W,YOL129W,0,-6.412087,0.09980786591768265,0.9869999885559082,0.8902000188827515
YLR411W,YMR197C,0,-6.4136806,0.09979777783155441,0.9869999885559082,0.8902999758720398
YPR124W,YIL139C,0,-6.4140477,0.09978768229484558,0.9869999885559082,0.8903999924659729
YOR274W,YLL024C,0,-6.414163,0.09977760165929794,0.9869999885559082,0.890500009059906
YBR129C,YBR240C,0,-6.4146247,0.09976751357316971,0.9869999885559082,0.8906000256538391
YGL172W,YOL147C,0,-6.4146643,0.09975742548704147,0.9869999885559082,0.8906999826431274
YOR005C,YDR358W,0,-6.415272,0.09974734485149384,0.9869999885559082,0.8907999992370605
YDL208W,YOR027W,0,-6.4164863,0.0997372642159462,0.9869999885559082,0.8909000158309937
YBR121C,YGR159C,0,-6.416528,0.09972719103097916,0.9869999885559082,0.890999972820282
YHR001W-A,YGL048C,0,-6.4171104,0.09971711784601212,0.9869999885559082,0.8910999894142151
YLR256W,YGR086C,0,-6.4174867,0.09970704466104507,0.9869999885559082,0.8912000060081482
YCR086W,YPR007C,0,-6.4181914,0.09969697147607803,0.9869999885559082,0.8913000226020813
YBR039W,YJR073C,0,-6.418826,0.09968689829111099,0.9869999885559082,0.8913999795913696
YDL020C,YMR104C,0,-6.4189935,0.09967683255672455,0.9869999885559082,0.8914999961853027
YDR361C,YDR254W,0,-6.420648,0.0996667668223381,0.9869999885559082,0.8916000127792358
YPR134W,YAR007C,0,-6.4210606,0.09965670108795166,0.9869999885559082,0.891700029373169
YGR239C,YFR040W,0,-6.4242387,0.09964664280414581,0.9869999885559082,0.8917999863624573
YDR022C,YDR353W,0,-6.4246163,0.09963658452033997,0.9869999885559082,0.8919000029563904
YHR191C,YER015W,0,-6.425125,0.09962652623653412,0.9869999885559082,0.8920000195503235
YLL041C,YNL007C,0,-6.4255753,0.09961646795272827,0.9869999885559082,0.8920999765396118
YPL157W,YDR330W,0,-6.4261947,0.09960641711950302,0.9869999885559082,0.8921999931335449
YDL154W,YLR043C,0,-6.4266253,0.09959636628627777,0.9869999885559082,0.892300009727478
YJL194W,YKL035W,0,-6.4283633,0.09958631545305252,0.9869999885559082,0.8924000263214111
YOR185C,YDR207C,0,-6.4284663,0.09957627207040787,0.9869999885559082,0.8924999833106995
YOR181W,YNL110C,1,-6.4284735,0.09966710209846497,0.9879999756813049,0.8924999833106995
YER012W,YDL097C,0,-6.4288197,0.09965705126523972,0.9879999756813049,0.8925999999046326
YJL166W,YOL128C,0,-6.4297833,0.09964700043201447,0.9879999756813049,0.8927000164985657
YOR245C,YML014W,0,-6.4299855,0.09963694959878922,0.9879999756813049,0.892799973487854
YDL115C,YDR165W,0,-6.430321,0.09962690621614456,0.9879999756813049,0.8928999900817871
YOR211C,YBR182C,0,-6.4315596,0.09961685538291931,0.9879999756813049,0.8930000066757202
YKL005C,YGL200C,0,-6.4319434,0.09960681200027466,0.9879999756813049,0.8931000232696533
YPR001W,YNL085W,0,-6.4323115,0.0995967760682106,0.9879999756813049,0.8931999802589417
YPR122W,YCR009C,1,-6.4330325,0.09968753159046173,0.9890000224113464,0.8931999802589417
YBR066C,YBR024W,0,-6.433188,0.09967748075723648,0.9890000224113464,0.8932999968528748
YOR185C,YBR087W,0,-6.4332128,0.09966743737459183,0.9890000224113464,0.8934000134468079
YHR114W,YAL031C,0,-6.4335184,0.09965739399194717,0.9890000224113464,0.8934999704360962
YLR295C,YMR038C,0,-6.433984,0.09964735805988312,0.9890000224113464,0.8935999870300293
YAR002C-A,YPL152W,0,-6.4343066,0.09963731467723846,0.9890000224113464,0.8937000036239624
YGL208W,YJR110W,0,-6.4343443,0.09962727874517441,0.9890000224113464,0.8938000202178955
YOR098C,YHR157W,0,-6.4346166,0.09961724281311035,0.9890000224113464,0.8938999772071838
YOL151W,YOL002C,0,-6.434999,0.09960721433162689,0.9890000224113464,0.8939999938011169
YDR085C,YOR209C,0,-6.4351254,0.09959717839956284,0.9890000224113464,0.89410001039505
YGR268C,YFR033C,0,-6.436005,0.09958714991807938,0.9890000224113464,0.8942000269889832
YDR173C,YER020W,0,-6.4361606,0.09957712143659592,0.9890000224113464,0.8942999839782715
YMR188C,YIL075C,0,-6.4373975,0.09956710040569305,0.9890000224113464,0.8944000005722046
YLR321C,YBL075C,0,-6.4389176,0.09955707937479019,0.9890000224113464,0.8945000171661377
YMR078C,YDR453C,0,-6.439366,0.09954705834388733,0.9890000224113464,0.894599974155426
YIL155C,YNL025C,0,-6.439408,0.09953703731298447,0.9890000224113464,0.8946999907493591
YMR162C,YLR197W,0,-6.4399548,0.0995270237326622,0.9890000224113464,0.8948000073432922
YBR039W,YBR283C,0,-6.440318,0.09951700270175934,0.9890000224113464,0.8949000239372253
YLR370C,YLL022C,0,-6.44146,0.09950698912143707,0.9890000224113464,0.8949999809265137
YGR121C,YGL011C,0,-6.442226,0.0994969829916954,0.9890000224113464,0.8950999975204468
YBR290W,YCR098C,0,-6.443596,0.09948697686195374,0.9890000224113464,0.8952000141143799
YJL214W,YDL212W,0,-6.4445434,0.09947696328163147,0.9890000224113464,0.8952999711036682
YCR061W,YNR047W,0,-6.444946,0.0994669646024704,0.9890000224113464,0.8953999876976013
YOL126C,YJL089W,0,-6.4450274,0.09945695847272873,0.9890000224113464,0.8955000042915344
YBR223C,YKL056C,0,-6.445086,0.09944695979356766,0.9890000224113464,0.8956000208854675
YKL135C,YJR126C,0,-6.44513,0.09943696111440659,0.9890000224113464,0.8956999778747559
YDR231C,YOR275C,0,-6.445255,0.09942696243524551,0.9890000224113464,0.895799994468689
YOR298C-A,YGL100W,0,-6.4452744,0.09941697120666504,0.9890000224113464,0.8959000110626221
YDR123C,YNL145W,0,-6.4454913,0.09940697252750397,0.9890000224113464,0.8960000276565552
YOR149C,YFL059W,0,-6.4459987,0.09939698129892349,0.9890000224113464,0.8960999846458435
YBR059C,YLR370C,0,-6.4462056,0.09938699752092361,0.9890000224113464,0.8962000012397766
YEL016C,YOL093W,0,-6.4463935,0.09937700629234314,0.9890000224113464,0.8963000178337097
YOR256C,YKR014C,0,-6.4478827,0.09936702251434326,0.9890000224113464,0.896399974822998
YNL110C,YDR388W,1,-6.448246,0.0994575023651123,0.9900000095367432,0.896399974822998
YPL256C,YMR188C,0,-6.448912,0.09944751113653183,0.9900000095367432,0.8964999914169312
YOL026C,YOL147C,0,-6.448968,0.09943752735853195,0.9900000095367432,0.8966000080108643
YBR145W,YNL288W,0,-6.4511056,0.09942753612995148,0.9900000095367432,0.8967000246047974
YFL023W,YDR129C,1,-6.45146,0.09951797872781754,0.9909999966621399,0.8967000246047974
YBR198C,YBR240C,0,-6.4519963,0.09950798004865646,0.9909999966621399,0.8967999815940857
YER051W,YJL117W,0,-6.4542217,0.09949798882007599,0.9909999966621399,0.8968999981880188
YFL011W,YKR081C,0,-6.45498,0.09948800504207611,0.9909999966621399,0.8970000147819519
YOL082W,YPL256C,0,-6.4553657,0.09947801381349564,0.9909999966621399,0.8970999717712402
YJL214W,YNL250W,0,-6.4555483,0.09946803003549576,0.9909999966621399,0.8971999883651733
YDR270W,YDL229W,0,-6.455915,0.09945804625749588,0.9909999966621399,0.8973000049591064
YJR155W,YPR154W,0,-6.456201,0.0994480699300766,0.9909999966621399,0.8974000215530396
YBR040W,YBR008C,0,-6.4563107,0.09943808615207672,0.9909999966621399,0.8974999785423279
YMR015C,YML114C,0,-6.457893,0.09942810982465744,0.9909999966621399,0.897599995136261
YOL124C,YCR061W,0,-6.457998,0.09941814094781876,0.9909999966621399,0.8977000117301941
YPL008W,YPR075C,0,-6.458279,0.09940816462039948,0.9909999966621399,0.8978000283241272
YJL058C,YKL193C,0,-6.45884,0.09939819574356079,0.9909999966621399,0.8978999853134155
YPR188C,YBL061C,1,-6.45908,0.0994885191321373,0.9919999837875366,0.8978999853134155
YGL247W,YBR072W,0,-6.459306,0.09947854280471802,0.9919999837875366,0.8980000019073486
YGL098W,YML097C,0,-6.4607167,0.09946856647729874,0.9919999837875366,0.8981000185012817
YNL250W,YJL035C,0,-6.4612026,0.09945859014987946,0.9919999837875366,0.8981999754905701
YKL146W,YGL151W,0,-6.461536,0.09944862127304077,0.9919999837875366,0.8982999920845032
YKL022C,YAL005C,0,-6.461539,0.09943865239620209,0.9919999837875366,0.8984000086784363
YBR091C,YLL012W,0,-6.4615893,0.0994286835193634,0.9919999837875366,0.8985000252723694
YMR041C,YKL175W,0,-6.4625707,0.09941872209310532,0.9919999837875366,0.8985999822616577
YOR005C,YLR222C,0,-6.463355,0.09940876066684723,0.9919999837875366,0.8986999988555908
YHR001W-A,YER151C,0,-6.4634624,0.09939879924058914,0.9919999837875366,0.8988000154495239
YDR171W,YGL173C,0,-6.4637914,0.09938883781433105,0.9919999837875366,0.8988999724388123
YLR133W,YHR050W,0,-6.463828,0.09937888383865356,0.9919999837875366,0.8989999890327454
YFR028C,YMR272C,0,-6.464126,0.09936892986297607,0.9919999837875366,0.8991000056266785
YLR284C,YGR163W,0,-6.464317,0.09935897588729858,0.9919999837875366,0.8992000222206116
YLL026W,YNL262W,0,-6.4644594,0.0993490219116211,0.9919999837875366,0.8992999792098999
YML132W,YBR037C,0,-6.464618,0.0993390753865242,0.9919999837875366,0.899399995803833
YKL016C,YFL031W,0,-6.4650645,0.09932912886142731,0.9919999837875366,0.8995000123977661
YOL049W,YIL119C,0,-6.465182,0.09931918233633041,0.9919999837875366,0.8996000289916992
YMR014W,YDR129C,1,-6.465553,0.09940934926271439,0.9929999709129333,0.8996000289916992
YNL042W,YEL027W,0,-6.4672146,0.09939940273761749,0.9929999709129333,0.8996999859809875
YBR196C,YDR425W,0,-6.4692636,0.09938944876194,0.9929999709129333,0.8998000025749207
YPR023C,YGL067W,0,-6.4696712,0.09937950223684311,0.9929999709129333,0.8999000191688538
YAL005C,YJL087C,0,-6.470135,0.09936955571174622,0.9929999709129333,0.8999999761581421
YOR226C,YHR200W,0,-6.4706054,0.09935961663722992,0.9929999709129333,0.9000999927520752
YHR068W,YMR029C,0,-6.470672,0.09934967756271362,0.9929999709129333,0.9002000093460083
YLR028C,YGR225W,0,-6.471471,0.09933973848819733,0.9929999709129333,0.9003000259399414
YAL026C,YBR172C,0,-6.471817,0.09932979941368103,0.9929999709129333,0.9003999829292297
YHR004C,YGR095C,0,-6.472076,0.09931986033916473,0.9929999709129333,0.9004999995231628
YKL165C,YFR030W,0,-6.4721565,0.09930992871522903,0.9929999709129333,0.900600016117096
YGR030C,YLL011W,0,-6.47324,0.09929999709129333,0.9929999709129333,0.9006999731063843
YAL003W,YDR078C,0,-6.4740663,0.09929007291793823,0.9929999709129333,0.9007999897003174
YNL042W,YNL030W,0,-6.4741597,0.09928014129400253,0.9929999709129333,0.9009000062942505
YDL166C,YGL205W,0,-6.474343,0.09927021712064743,0.9929999709129333,0.9010000228881836
YOR056C,YLR048W,0,-6.4745326,0.09926029294729233,0.9929999709129333,0.9010999798774719
YHL047C,YDR058C,0,-6.47467,0.09925037622451782,0.9929999709129333,0.901199996471405
YMR137C,YPR074C,0,-6.4749656,0.09924045205116272,0.9929999709129333,0.9013000130653381
YFL041W,YER106W,0,-6.475006,0.09923053532838821,0.9929999709129333,0.9014000296592712
YOL078W,YKL051W,0,-6.475062,0.0992206260561943,0.9929999709129333,0.9014999866485596
YGL099W,YAL030W,0,-6.4752107,0.0992107093334198,0.9929999709129333,0.9016000032424927
YDL039C,YFL059W,0,-6.4755707,0.09920080006122589,0.9929999709129333,0.9017000198364258
YDR101C,YLL009C,0,-6.4759955,0.09919089078903198,0.9929999709129333,0.9017999768257141
YOR099W,YDR335W,0,-6.477141,0.09918098151683807,0.9929999709129333,0.9018999934196472
YLR085C,YDR202C,0,-6.47754,0.09917107969522476,0.9929999709129333,0.9020000100135803
YKL139W,YDR009W,0,-6.4780602,0.09916117787361145,0.9929999709129333,0.9021000266075134
YOR250C,YMR035W,0,-6.4797063,0.09915127605199814,0.9929999709129333,0.9021999835968018
YMR119W,YKR068C,0,-6.4800973,0.09914137423038483,0.9929999709129333,0.9023000001907349
YDL132W,YLR034C,0,-6.480993,0.09913147985935211,0.9929999709129333,0.902400016784668
YJL060W,YCR098C,0,-6.482345,0.0991215780377388,0.9929999709129333,0.9024999737739563
YMR314W,YAL030W,0,-6.4826593,0.09911169111728668,0.9929999709129333,0.9025999903678894
YBR036C,YMR073C,0,-6.4831805,0.09910179674625397,0.9929999709129333,0.9027000069618225
YHR160C,YBR082C,0,-6.483769,0.09909190982580185,0.9929999709129333,0.9028000235557556
YPR124W,YCL032W,0,-6.484148,0.09908202290534973,0.9929999709129333,0.902899980545044
YPL271W,YJR068W,0,-6.4861755,0.09907213598489761,0.9929999709129333,0.902999997138977
YOL133W,YDR314C,0,-6.4865704,0.0990622490644455,0.9929999709129333,0.9031000137329102
YLR266C,YJL190C,0,-6.4869037,0.09905236959457397,0.9929999709129333,0.9031999707221985
YKL146W,YDR285W,0,-6.4870963,0.09904249012470245,0.9929999709129333,0.9032999873161316
YBL080C,YDL081C,0,-6.487132,0.09903261065483093,0.9929999709129333,0.9034000039100647
YDR453C,YGR211W,0,-6.488851,0.09902273863554001,0.9929999709129333,0.9035000205039978
YKL022C,YDL083C,0,-6.489496,0.09901285916566849,0.9929999709129333,0.9035999774932861
YNL153C,YBR136W,0,-6.490273,0.09900299459695816,0.9929999709129333,0.9036999940872192
YAL041W,YDR460W,0,-6.4924617,0.09899312257766724,0.9929999709129333,0.9038000106811523
YKL160W,YPR007C,0,-6.4932694,0.09898325055837631,0.9929999709129333,0.9039000272750854
YGR246C,YCL035C,0,-6.49332,0.09897338598966599,0.9929999709129333,0.9039999842643738
YML051W,YNL055C,0,-6.4940906,0.09896352142095566,0.9929999709129333,0.9041000008583069
YLL026W,YIL037C,0,-6.494293,0.09895366430282593,0.9929999709129333,0.90420001745224
YPL194W,YBL106C,0,-6.4945283,0.0989437997341156,0.9929999709129333,0.9042999744415283
YBR272C,YKR097W,0,-6.4945464,0.09893394261598587,0.9929999709129333,0.9043999910354614
YLR220W,YER022W,0,-6.495089,0.09892408549785614,0.9929999709129333,0.9045000076293945
YKL197C,YDL170W,0,-6.4960103,0.098914235830307,0.9929999709129333,0.9046000242233276
YKL114C,YOR347C,0,-6.4968195,0.09890438616275787,0.9929999709129333,0.904699981212616
YOL044W,YNL079C,0,-6.4997973,0.09889452904462814,0.9929999709129333,0.9047999978065491
YBR201W,YIL046W,0,-6.4999294,0.0988846868276596,0.9929999709129333,0.9049000144004822
YAL015C,YNL264C,0,-6.5000253,0.09887483716011047,0.9929999709129333,0.9049999713897705
YFL036W,YJL191W,0,-6.500811,0.09886499494314194,0.9929999709129333,0.9050999879837036
YGR214W,YGL229C,0,-6.5008464,0.0988551527261734,0.9929999709129333,0.9052000045776367
YBR036C,YEL041W,0,-6.5011544,0.09884531050920486,0.9929999709129333,0.9053000211715698
YCL027W,YPR133W-A,0,-6.5013356,0.09883547574281693,0.9929999709129333,0.9053999781608582
YCL027W,YIL018W,0,-6.502721,0.09882563352584839,0.9929999709129333,0.9054999947547913
YNL008C,YDR036C,0,-6.5027757,0.09881580621004105,0.9929999709129333,0.9056000113487244
YNR034W,YPL106C,0,-6.5031257,0.0988059714436531,0.9929999709129333,0.9057000279426575
YFL039C,YGR262C,1,-6.5037365,0.09889563173055649,0.9940000176429749,0.9057000279426575
YDR171W,YGL090W,0,-6.5053644,0.09888579696416855,0.9940000176429749,0.9057999849319458
YMR038C,YNL054W,0,-6.5054193,0.09887595474720001,0.9940000176429749,0.9059000015258789
YLL012W,YMR104C,0,-6.505551,0.09886611998081207,0.9940000176429749,0.906000018119812
YLR259C,YJR007W,0,-6.5057893,0.09885629266500473,0.9940000176429749,0.9060999751091003
YLR117C,YCL039W,0,-6.5070753,0.09884645789861679,0.9940000176429749,0.9061999917030334
YLR192C,YJR070C,0,-6.5071216,0.09883663058280945,0.9940000176429749,0.9063000082969666
YDR404C,YPL203W,0,-6.5071335,0.0988268032670021,0.9940000176429749,0.9064000248908997
YDL099W,YDL128W,0,-6.507541,0.09881698340177536,0.9940000176429749,0.906499981880188
YDR236C,YNL209W,0,-6.509625,0.09880715608596802,0.9940000176429749,0.9065999984741211
YPL202C,YMR250W,0,-6.509686,0.09879733622074127,0.9940000176429749,0.9067000150680542
YIL079C,YBR082C,0,-6.5100374,0.09878751635551453,0.9940000176429749,0.9067999720573425
YDR486C,YHR016C,0,-6.510309,0.09877770394086838,0.9940000176429749,0.9068999886512756
YDR298C,YPL169C,0,-6.5104203,0.09876788407564163,0.9940000176429749,0.9070000052452087
YIL070C,YML021C,0,-6.5112176,0.09875807166099548,0.9940000176429749,0.9071000218391418
YMR056C,YIL105C,0,-6.5114603,0.09874825924634933,0.9940000176429749,0.9071999788284302
YER107C,YHR082C,0,-6.5115156,0.09873845428228378,0.9940000176429749,0.9072999954223633
YJL047C,YFR003C,0,-6.511976,0.09872864186763763,0.9940000176429749,0.9074000120162964
YPL200W,YGL097W,0,-6.5127425,0.09871883690357208,0.9940000176429749,0.9075000286102295
YLR216C,YPL012W,0,-6.51279,0.09870903939008713,0.9940000176429749,0.9075999855995178
YMR065W,YFR024C-A,0,-6.513867,0.09869923442602158,0.9940000176429749,0.9077000021934509
YHR086W,YGL111W,0,-6.5138707,0.09868943691253662,0.9940000176429749,0.907800018787384
YOL124C,YDL128W,0,-6.514345,0.09867963939905167,0.9940000176429749,0.9078999757766724
YDR270W,YGL020C,0,-6.5147367,0.09866984188556671,0.9940000176429749,0.9079999923706055
YLR268W,YNR047W,0,-6.5165896,0.09866005182266235,0.9940000176429749,0.9081000089645386
YLR270W,YBR280C,0,-6.516867,0.098650261759758,0.9940000176429749,0.9082000255584717
YGR197C,YML029W,0,-6.5170484,0.09864047169685364,0.9940000176429749,0.90829998254776
YBR236C,YKL086W,0,-6.5176635,0.09863068163394928,0.9940000176429749,0.9083999991416931
YML129C,YEL002C,0,-6.518831,0.09862089157104492,0.9940000176429749,0.9085000157356262
YAL015C,YJL045W,0,-6.5189176,0.09861110895872116,0.9940000176429749,0.9085999727249146
YPR154W,YBR198C,0,-6.5189347,0.0986013263463974,0.9940000176429749,0.9086999893188477
YNL008C,YDR432W,0,-6.519916,0.09859155118465424,0.9940000176429749,0.9088000059127808
YGL205W,YOR230W,0,-6.520599,0.09858176857233047,0.9940000176429749,0.9089000225067139
YGL048C,YDR058C,0,-6.5207124,0.09857199341058731,0.9940000176429749,0.9089999794960022
YDR365C,YJL042W,0,-6.5207667,0.09856221824884415,0.9940000176429749,0.9090999960899353
YDL198C,YOR049C,0,-6.520783,0.09855245053768158,0.9940000176429749,0.9092000126838684
YPR001W,YOL088C,0,-6.5234323,0.09854267537593842,0.9940000176429749,0.9093000292778015
YEL016C,YJR073C,0,-6.5237136,0.09853290766477585,0.9940000176429749,0.9093999862670898
YKL152C,YKL186C,0,-6.524448,0.09852314740419388,0.9940000176429749,0.909500002861023
YFL048C,YLL026W,0,-6.5246677,0.09851337969303131,0.9940000176429749,0.909600019454956
YHR157W,YMR016C,0,-6.5261703,0.09850361943244934,0.9940000176429749,0.9096999764442444
YER107C,YIR041W,0,-6.5290666,0.09849385917186737,0.9940000176429749,0.9097999930381775
YJL065C,YGR141W,0,-6.5296826,0.0984840989112854,0.9940000176429749,0.9099000096321106
YPL160W,YHR150W,0,-6.530688,0.09847433865070343,0.9940000176429749,0.9100000262260437
YPL211W,YJL198W,0,-6.5321326,0.09846458584070206,0.9940000176429749,0.910099983215332
YGL006W,YLR272C,0,-6.5323887,0.09845483303070068,0.9940000176429749,0.9101999998092651
YPL190C,YGL252C,0,-6.5332475,0.09844508022069931,0.9940000176429749,0.9103000164031982
YLR295C,YDR297W,0,-6.5357313,0.09843533486127853,0.9940000176429749,0.9103999733924866
YPL133C,YLR240W,0,-6.5361934,0.09842558950185776,0.9940000176429749,0.9104999899864197
YLR231C,YGL163C,0,-6.536325,0.09841584414243698,0.9940000176429749,0.9106000065803528
YGR086C,YMR013C,0,-6.537309,0.0984060987830162,0.9940000176429749,0.9107000231742859
YDL197C,YJR010C-A,0,-6.5376964,0.09839636087417603,0.9940000176429749,0.9107999801635742
YML062C,YJL053W,0,-6.537928,0.09838661551475525,0.9940000176429749,0.9108999967575073
YNL103W,YDR479C,0,-6.538731,0.09837687760591507,0.9940000176429749,0.9110000133514404
YOR245C,YJL061W,0,-6.5391717,0.09836714714765549,0.9940000176429749,0.9110999703407288
YNL331C,YNR002C,0,-6.5392733,0.09835740923881531,0.9940000176429749,0.9111999869346619
YOR136W,YNL145W,0,-6.539478,0.09834767878055573,0.9940000176429749,0.911300003528595
YIL044C,YPR001W,0,-6.5403733,0.09833794832229614,0.9940000176429749,0.9114000201225281
YOL061W,YGL004C,0,-6.5413747,0.09832822531461716,0.9940000176429749,0.9114999771118164
YFL013C,YOL126C,0,-6.541385,0.09831849485635757,0.9940000176429749,0.9115999937057495
YAR019C,YBR023C,1,-6.5415654,0.09840767830610275,0.9950000047683716,0.9115999937057495
YHL036W,YDL039C,0,-6.542583,0.09839794039726257,0.9950000047683716,0.9117000102996826
YGR123C,YPR137W,0,-6.5432754,0.09838820993900299,0.9950000047683716,0.9118000268936157
YIR037W,YMR156C,0,-6.543305,0.098378486931324,0.9950000047683716,0.911899983882904
YIL034C,YDR059C,0,-6.5437446,0.09836875647306442,0.9950000047683716,0.9120000004768372
YJL090C,YMR143W,0,-6.543816,0.09835903346538544,0.9950000047683716,0.9121000170707703
YNL009W,YBR168W,0,-6.545716,0.09834931045770645,0.9950000047683716,0.9121999740600586
YDL149W,YML069W,0,-6.546692,0.09833959490060806,0.9950000047683716,0.9122999906539917
YBL019W,YLL042C,0,-6.5470467,0.09832987189292908,0.9950000047683716,0.9124000072479248
YPL119C,YKL081W,0,-6.5476413,0.09832015633583069,0.9950000047683716,0.9125000238418579
YNL182C,YGR086C,0,-6.54767,0.0983104407787323,0.9950000047683716,0.9125999808311462
YKL021C,YBR294W,0,-6.5479674,0.09830073267221451,0.9950000047683716,0.9126999974250793
YHR086W,YJL145W,0,-6.54874,0.09829101711511612,0.9950000047683716,0.9128000140190125
YGR133W,YNL079C,0,-6.549503,0.09828130900859833,0.9950000047683716,0.9128999710083008
YNR038W,YNL214W,0,-6.549826,0.09827160835266113,0.9950000047683716,0.9129999876022339
YIL070C,YOL144W,0,-6.550529,0.09826190024614334,0.9950000047683716,0.913100004196167
YPL228W,YDR247W,0,-6.550874,0.09825219959020615,0.9950000047683716,0.9132000207901001
YLR131C,YDR055W,0,-6.5509334,0.09824249893426895,0.9950000047683716,0.9132999777793884
YDR511W,YJL133W,0,-6.552685,0.09823279827833176,0.9950000047683716,0.9133999943733215
YGR216C,YKL195W,0,-6.5535626,0.09822309762239456,0.9950000047683716,0.9135000109672546
YBR040W,YDR281C,0,-6.5541263,0.09821340441703796,0.9950000047683716,0.9136000275611877
YJL125C,YJR091C,0,-6.5549045,0.09820371121168137,0.9950000047683716,0.9136999845504761
YHR160C,YGL137W,0,-6.5552864,0.09819401800632477,0.9950000047683716,0.9138000011444092
YPL240C,YGL089C,0,-6.5557733,0.09818433225154877,0.9950000047683716,0.9139000177383423
YBR198C,YJL141C,0,-6.5561604,0.09817463904619217,0.9950000047683716,0.9139999747276306
YGL003C,YDR337W,0,-6.5563164,0.09816495329141617,0.9950000047683716,0.9140999913215637
YPL110C,YNL026W,0,-6.556668,0.09815527498722076,0.9950000047683716,0.9142000079154968
YKL212W,YDL128W,0,-6.55676,0.09814558923244476,0.9950000047683716,0.9143000245094299
YIL076W,YHR008C,0,-6.558165,0.09813591092824936,0.9950000047683716,0.9143999814987183
YMR220W,YDR353W,0,-6.5587144,0.09812623262405396,0.9950000047683716,0.9144999980926514
YLR411W,YDL045C,0,-6.5589395,0.09811655431985855,0.9950000047683716,0.9146000146865845
YNL148C,YOR100C,0,-6.5593157,0.09810688346624374,0.9950000047683716,0.9146999716758728
YML128C,YOL004W,0,-6.559974,0.09809721261262894,0.9950000047683716,0.9147999882698059
YLR423C,YOR132W,0,-6.560298,0.09808754175901413,0.9950000047683716,0.914900004863739
YMR041C,YML103C,0,-6.560983,0.09807787090539932,0.9950000047683716,0.9150000214576721
YML091C,YHR200W,0,-6.561004,0.09806820750236511,0.9950000047683716,0.9150999784469604
YCL016C,YJL001W,0,-6.56117,0.0980585366487503,0.9950000047683716,0.9151999950408936
YOR180C,YBR293W,0,-6.561272,0.0980488732457161,0.9950000047683716,0.9153000116348267
YMR052W,YDR258C,0,-6.561745,0.09803921729326248,0.9950000047683716,0.9154000282287598
YJL178C,YBR297W,0,-6.5620246,0.09802955389022827,0.9950000047683716,0.9154999852180481
YNR019W,YJR070C,0,-6.562165,0.09801989793777466,0.9950000047683716,0.9156000018119812
YDL085W,YGR002C,0,-6.5626674,0.09801024198532104,0.9950000047683716,0.9157000184059143
YJR046W,YGR185C,0,-6.5630097,0.09800059348344803,0.9950000047683716,0.9157999753952026
YDR009W,YLR448W,0,-6.5661216,0.09799093753099442,0.9950000047683716,0.9158999919891357
YKL093W,YDL039C,0,-6.5669894,0.0979812890291214,0.9950000047683716,0.9160000085830688
YPR171W,YEL066W,0,-6.567022,0.09797164052724838,0.9950000047683716,0.916100025177002
YDL087C,YDR353W,0,-6.5672317,0.09796199947595596,0.9950000047683716,0.9161999821662903
YBR048W,YBR182C,0,-6.56774,0.09795235097408295,0.9950000047683716,0.9162999987602234
YOR354C,YHR139C,0,-6.5681095,0.09794270992279053,0.9950000047683716,0.9164000153541565
YDL145C,YDR244W,0,-6.5691714,0.09793306887149811,0.9950000047683716,0.9164999723434448
YLR368W,YCL043C,0,-6.5692525,0.09792343527078629,0.9950000047683716,0.9165999889373779
YCR081W,YJR103W,0,-6.5695357,0.09791379421949387,0.9950000047683716,0.916700005531311
YDR284C,YHR041C,0,-6.5702395,0.09790416061878204,0.9950000047683716,0.9168000221252441
YER073W,YKR066C,0,-6.5710726,0.09789452701807022,0.9950000047683716,0.9168999791145325
YPR141C,YDL083C,0,-6.57132,0.097884900867939,0.9950000047683716,0.9169999957084656
YOL020W,YBR123C,0,-6.571377,0.09787526726722717,0.9950000047683716,0.9171000123023987
YHR124W,YNL138W,0,-6.5721,0.09786564111709595,0.9950000047683716,0.9172000288963318
YIL033C,YML132W,0,-6.5729423,0.09785602241754532,0.9950000047683716,0.9172999858856201
YGR010W,YER165W,0,-6.5751443,0.09784639626741409,0.9950000047683716,0.9174000024795532
YKL004W,YKL085W,0,-6.5762625,0.09783677756786346,0.9950000047683716,0.9175000190734863
YBR036C,YOR063W,0,-6.57661,0.09782715886831284,0.9950000047683716,0.9175999760627747
YCL026C-A,YDR296W,0,-6.5775614,0.09781754016876221,0.9950000047683716,0.9176999926567078
YDR174W,YFL059W,0,-6.578955,0.09780792146921158,0.9950000047683716,0.9178000092506409
YMR041C,YNR006W,0,-6.5793037,0.09779831022024155,0.9950000047683716,0.917900025844574
YOL060C,YLR195C,0,-6.5793967,0.09778869897127151,0.9950000047683716,0.9179999828338623
YOL156W,YBR183W,0,-6.57984,0.09777908772230148,0.9950000047683716,0.9180999994277954
YLR081W,YDR281C,0,-6.5799203,0.09776948392391205,0.9950000047683716,0.9182000160217285
YLR081W,YGL030W,0,-6.5802445,0.09775987267494202,0.9950000047683716,0.9182999730110168
YHR165C,YPL123C,0,-6.580628,0.09775026887655258,0.9950000047683716,0.91839998960495
YMR116C,YHR005C,0,-6.58157,0.09774066507816315,0.9950000047683716,0.9185000061988831
YBR036C,YLR145W,0,-6.5816207,0.09773106873035431,0.9950000047683716,0.9186000227928162
YDR208W,YJL035C,0,-6.5817757,0.09772147238254547,0.9950000047683716,0.9186999797821045
YAR042W,YDR451C,0,-6.5838456,0.09771187603473663,0.9950000047683716,0.9187999963760376
YJR108W,YBR066C,0,-6.5840745,0.0977022796869278,0.9950000047683716,0.9189000129699707
YPL248C,YGR007W,0,-6.5843425,0.09769268333911896,0.9950000047683716,0.9190000295639038
YLR048W,YOR179C,0,-6.584742,0.09768309444189072,0.9950000047683716,0.9190999865531921
YOR290C,YNR034W,0,-6.587292,0.09767350554466248,0.9950000047683716,0.9192000031471252
YOR103C,YGL163C,0,-6.5874033,0.09766391664743423,0.9950000047683716,0.9193000197410583
YHR086W,YNR011C,0,-6.587808,0.09765433520078659,0.9950000047683716,0.9193999767303467
YGR264C,YOL117W,0,-6.588094,0.09764474630355835,0.9950000047683716,0.9194999933242798
YPL170W,YJL192C,0,-6.588223,0.0976351648569107,0.9950000047683716,0.9196000099182129
YOR185C,YMR266W,0,-6.589582,0.09762559086084366,0.9950000047683716,0.919700026512146
YOR362C,YBL025W,0,-6.590666,0.09761600941419601,0.9950000047683716,0.9197999835014343
YNL160W,YNR039C,0,-6.5926776,0.09760643541812897,0.9950000047683716,0.9199000000953674
YNL167C,YFL026W,0,-6.594403,0.09759686142206192,0.9950000047683716,0.9200000166893005
YPL132W,YNR038W,0,-6.5955734,0.09758728742599487,0.9950000047683716,0.9200999736785889
YLR266C,YMR260C,0,-6.5966187,0.09757772088050842,0.9950000047683716,0.920199990272522
YPR124W,YOL002C,0,-6.597178,0.09756815433502197,0.9950000047683716,0.9203000068664551
YOL040C,YOR307C,0,-6.597605,0.09755858778953552,0.9950000047683716,0.9204000234603882
YER179W,YOR008C,0,-6.598416,0.09754902124404907,0.9950000047683716,0.9204999804496765
YIL034C,YLR228C,0,-6.598655,0.09753945469856262,0.9950000047683716,0.9205999970436096
YJL006C,YDR353W,0,-6.6006975,0.09752989560365677,0.9950000047683716,0.9207000136375427
YNL014W,YDL116W,0,-6.6008162,0.09752033650875092,0.9950000047683716,0.920799970626831
YPL256C,YOL110W,0,-6.601817,0.09751077741384506,0.9950000047683716,0.9208999872207642
YFR014C,YDR489W,0,-6.6020336,0.0975012257695198,0.9950000047683716,0.9210000038146973
YKR052C,YOR063W,0,-6.60365,0.09749167412519455,0.9950000047683716,0.9211000204086304
YOR100C,YOR221C,0,-6.603926,0.0974821224808693,0.9950000047683716,0.9211999773979187
YIL070C,YPL012W,0,-6.605413,0.09747257083654404,0.9950000047683716,0.9212999939918518
YOL110W,YML064C,0,-6.6055717,0.09746301919221878,0.9950000047683716,0.9214000105857849
YMR231W,YNL025C,0,-6.6056924,0.09745347499847412,0.9950000047683716,0.921500027179718
YOL059W,YMR096W,0,-6.607631,0.09744393080472946,0.9950000047683716,0.9215999841690063
YLR158C,YPR104C,0,-6.607757,0.0974343940615654,0.9950000047683716,0.9217000007629395
YLR048W,YOR064C,0,-6.6091824,0.09742484986782074,0.9950000047683716,0.9218000173568726
YOR249C,YIL034C,0,-6.609306,0.09741531312465668,0.9950000047683716,0.9218999743461609
YDL197C,YBL040C,0,-6.60977,0.09740577638149261,0.9950000047683716,0.921999990940094
YCR082W,YGR264C,0,-6.610026,0.09739623963832855,0.9950000047683716,0.9221000075340271
YJL053W,YCR014C,0,-6.6102757,0.09738671034574509,0.9950000047683716,0.9222000241279602
YER142C,YDL208W,0,-6.6107564,0.09737718105316162,0.9950000047683716,0.9222999811172485
YDL045C,YEL031W,0,-6.6107883,0.09736765176057816,0.9950000047683716,0.9223999977111816
YML028W,YPL020C,0,-6.6111054,0.09735812246799469,0.9950000047683716,0.9225000143051147
YER068W,YPR155C,0,-6.6120396,0.09734859317541122,0.9950000047683716,0.9225999712944031
YPL155C,YBR037C,0,-6.612703,0.09733907133340836,0.9950000047683716,0.9226999878883362
YPR025C,YGR268C,0,-6.612718,0.09732954949140549,0.9950000047683716,0.9228000044822693
YMR035W,YPR190C,0,-6.6128383,0.09732002764940262,0.9950000047683716,0.9229000210762024
YHR157W,YJL052W,0,-6.6131635,0.09731051325798035,0.9950000047683716,0.9229999780654907
YEL009C,YGR141W,0,-6.614432,0.09730099886655807,0.9950000047683716,0.9230999946594238
YEL063C,YHL011C,0,-6.6147547,0.0972914844751358,0.9950000047683716,0.9232000112533569
YOR182C,YKR089C,0,-6.6167965,0.09728197008371353,0.9950000047683716,0.92330002784729
YIR005W,YKL001C,0,-6.61785,0.09727246314287186,0.9950000047683716,0.9233999848365784
YCL016C,YPL091W,0,-6.61785,0.09726294875144958,0.9950000047683716,0.9235000014305115
YOL116W,YDR382W,0,-6.618061,0.09725344181060791,0.9950000047683716,0.9236000180244446
YMR301C,YJL210W,0,-6.6186175,0.09724394232034683,0.9950000047683716,0.9236999750137329
YNL127W,YGR275W,0,-6.6189523,0.09723443537950516,0.9950000047683716,0.923799991607666
YJR078W,YKR055W,0,-6.619473,0.09722493588924408,0.9950000047683716,0.9239000082015991
YGL089C,YEL054C,0,-6.619672,0.097215436398983,0.9950000047683716,0.9240000247955322
YOR298C-A,YMR140W,0,-6.619801,0.09720593690872192,0.9950000047683716,0.9240999817848206
YOR023C,YMR038C,0,-6.6203713,0.09719644486904144,0.9950000047683716,0.9241999983787537
YOR031W,YPL218W,0,-6.6217346,0.09718695282936096,0.9950000047683716,0.9243000149726868
YOR298C-A,YDR165W,0,-6.621868,0.09717746078968048,0.9950000047683716,0.9243999719619751
YDR173C,YHR161C,0,-6.6226163,0.09716796875,0.9950000047683716,0.9244999885559082
YBR182C,YPL258C,0,-6.623445,0.09715848416090012,0.9950000047683716,0.9246000051498413
YGR214W,YDR289C,0,-6.6245418,0.09714899212121964,0.9950000047683716,0.9247000217437744
YKL150W,YDL085W,0,-6.624898,0.09713950753211975,0.9950000047683716,0.9247999787330627
YOR136W,YNL151C,0,-6.6255794,0.09713003039360046,0.9950000047683716,0.9248999953269958
YMR083W,YNR072W,0,-6.627029,0.09712054580450058,0.9950000047683716,0.925000011920929
YGL115W,YBR083W,0,-6.627318,0.09711106866598129,0.9950000047683716,0.9251000285148621
YMR319C,YLR254C,0,-6.6273227,0.097101591527462,0.9950000047683716,0.9251999855041504
YIR017C,YOL142W,0,-6.62964,0.09709211438894272,0.9950000047683716,0.9253000020980835
YPL098C,YCR014C,0,-6.63034,0.09708264470100403,0.9950000047683716,0.9254000186920166
YBR072W,YPL128C,0,-6.633035,0.09707316756248474,0.9950000047683716,0.9254999756813049
YMR237W,YJR050W,0,-6.633564,0.09706369787454605,0.9950000047683716,0.925599992275238
YAL041W,YDR330W,0,-6.63462,0.09705423563718796,0.9950000047683716,0.9257000088691711
YKR024C,YIR018W,0,-6.6350055,0.09704476594924927,0.9950000047683716,0.9258000254631042
YFL011W,YML088W,0,-6.63543,0.09703530371189117,0.9950000047683716,0.9258999824523926
YPL240C,YNL117W,0,-6.6355057,0.09702584147453308,0.9950000047683716,0.9259999990463257
YPL159C,YDR478W,0,-6.636082,0.09701637923717499,0.9950000047683716,0.9261000156402588
YCR012W,YIL160C,0,-6.638991,0.09700692445039749,0.9950000047683716,0.9261999726295471
YKL008C,YEL054C,0,-6.639314,0.0969974622130394,0.9950000047683716,0.9262999892234802
YNL101W,YER015W,0,-6.63946,0.0969880074262619,0.9950000047683716,0.9264000058174133
YDR511W,YOR294W,0,-6.6395726,0.096978560090065,0.9950000047683716,0.9265000224113464
YJL042W,YLL061W,0,-6.6399255,0.0969691053032875,0.9950000047683716,0.9265999794006348
YDR490C,YLR197W,0,-6.640203,0.0969596579670906,0.9950000047683716,0.9266999959945679
YOL066C,YJR009C,0,-6.6410375,0.09695021063089371,0.9950000047683716,0.926800012588501
YNL112W,YLR009W,0,-6.6411057,0.09694076329469681,0.9950000047683716,0.9269000291824341
YIL117C,YER041W,0,-6.6416593,0.0969313234090805,0.9950000047683716,0.9269999861717224
YKL135C,YLR259C,0,-6.64251,0.0969218760728836,0.9950000047683716,0.9271000027656555
YPL271W,YOR098C,0,-6.643057,0.0969124361872673,0.9950000047683716,0.9272000193595886
YIL033C,YJR144W,0,-6.6436567,0.096902996301651,0.9950000047683716,0.927299976348877
YNL145W,YCL017C,0,-6.6437273,0.0968935638666153,0.9950000047683716,0.9273999929428101
YOL147C,YOR048C,0,-6.6463246,0.09688413143157959,0.9950000047683716,0.9275000095367432
YDL079C,YDL148C,0,-6.648368,0.09687469899654388,0.9950000047683716,0.9276000261306763
YMR173W,YMR316W,0,-6.6493406,0.09686526656150818,0.9950000047683716,0.9276999831199646
YHR072W,YKL150W,0,-6.6495757,0.09685583412647247,0.9950000047683716,0.9277999997138977
YJL091C,YLR298C,0,-6.649615,0.09684640914201736,0.9950000047683716,0.9279000163078308
YDR174W,YJL102W,0,-6.6500597,0.09683698415756226,0.9950000047683716,0.9279999732971191
YDR421W,YGR285C,0,-6.650477,0.09682755917310715,0.9950000047683716,0.9280999898910522
YGR180C,YIL167W,0,-6.650952,0.09681813418865204,0.9950000047683716,0.9282000064849854
YGR256W,YOL146W,0,-6.651996,0.09680871665477753,0.9950000047683716,0.9283000230789185
YDR423C,YPL135W,0,-6.652309,0.09679929912090302,0.9950000047683716,0.9283999800682068
YGR078C,YKL086W,0,-6.65404,0.0967898815870285,0.9950000047683716,0.9284999966621399
YDL102W,YBR182C,0,-6.654162,0.09678047150373459,0.9950000047683716,0.928600013256073
YMR143W,YOR148C,0,-6.654941,0.09677105396986008,0.9950000047683716,0.9286999702453613
YBR234C,YNL112W,0,-6.6549726,0.09676164388656616,0.9950000047683716,0.9287999868392944
YCR071C,YJR004C,0,-6.6551957,0.09675223380327225,0.9950000047683716,0.9289000034332275
YOR349W,YOR284W,0,-6.6555457,0.09674283117055893,0.9950000047683716,0.9290000200271606
YCL054W,YMR197C,0,-6.6557164,0.09673342108726501,0.9950000047683716,0.929099977016449
YIR041W,YHR021C,0,-6.656959,0.0967240184545517,0.9950000047683716,0.9291999936103821
YGL166W,YMR173W,0,-6.656972,0.09671461582183838,0.9950000047683716,0.9293000102043152
YCL026C-A,YPR190C,0,-6.657309,0.09670522063970566,0.9950000047683716,0.9294000267982483
YMR029C,YIL018W,0,-6.6576467,0.09669581800699234,0.9950000047683716,0.9294999837875366
YGL256W,YHR150W,0,-6.657745,0.09668642282485962,0.9950000047683716,0.9296000003814697
YJL006C,YKL064W,0,-6.657899,0.0966770276427269,0.9950000047683716,0.9297000169754028
YDR284C,YJL164C,0,-6.6588216,0.09666763991117477,0.9950000047683716,0.9297999739646912
YPR029C,YDR055W,0,-6.6597176,0.09665824472904205,0.9950000047683716,0.9298999905586243
YHR082C,YGR244C,0,-6.66145,0.09664885699748993,0.9950000047683716,0.9300000071525574
YPR183W,YHR048W,0,-6.6630654,0.0966394692659378,0.9950000047683716,0.9301000237464905
YPL211W,YER095W,0,-6.663662,0.09663008898496628,0.9950000047683716,0.9301999807357788
YER095W,YCR072C,0,-6.6650405,0.09662070125341415,0.9950000047683716,0.9302999973297119
YAL017W,YJR009C,0,-6.6653,0.09661132097244263,0.9950000047683716,0.930400013923645
YOL130W,YDL078C,0,-6.666302,0.0966019406914711,0.9950000047683716,0.9304999709129333
YBR192W,YCR083W,0,-6.6667943,0.09659256041049957,0.9950000047683716,0.9305999875068665
YLR205C,YLR452C,0,-6.668564,0.09658318758010864,0.9950000047683716,0.9307000041007996
YNL331C,YDR353W,0,-6.6694627,0.09657381474971771,0.9950000047683716,0.9308000206947327
YKL176C,YHR139C,0,-6.669681,0.09656444191932678,0.9950000047683716,0.930899977684021
YMR042W,YDL022W,0,-6.67001,0.09655506908893585,0.9950000047683716,0.9309999942779541
YGL071W,YDR171W,0,-6.670836,0.09654570370912552,0.9950000047683716,0.9311000108718872
YER073W,YNL294C,0,-6.6709814,0.09653633087873459,0.9950000047683716,0.9312000274658203
YIL155C,YGR040W,0,-6.671275,0.09652697294950485,0.9950000047683716,0.9312999844551086
YMR246W,YDL194W,0,-6.671408,0.09651760756969452,0.9950000047683716,0.9314000010490417
YNR038W,YNL074C,0,-6.671702,0.09650824218988419,0.9950000047683716,0.9315000176429749
YPL010W,YPL203W,0,-6.673205,0.09649888426065445,0.9950000047683716,0.9315999746322632
YPL147W,YDL150W,0,-6.6733613,0.09648952633142471,0.9950000047683716,0.9316999912261963
YBR021W,YLR068W,0,-6.6735015,0.09648016840219498,0.9950000047683716,0.9318000078201294
YMR068W,YNL026W,0,-6.675343,0.09647081792354584,0.9950000047683716,0.9319000244140625
YGR256W,YLR135W,0,-6.6761465,0.0964614674448967,0.9950000047683716,0.9319999814033508
YHL040C,YOR171C,0,-6.676629,0.09645210951566696,0.9950000047683716,0.9320999979972839
YDR147W,YNL007C,0,-6.676675,0.09644276648759842,0.9950000047683716,0.932200014591217
YMR119W,YBR155W,0,-6.6781993,0.09643341600894928,0.9950000047683716,0.9322999715805054
YPR081C,YJL192C,0,-6.678711,0.09642407298088074,0.9950000047683716,0.9323999881744385
YBL045C,YDR086C,0,-6.6791325,0.0964147299528122,0.9950000047683716,0.9325000047683716
YHR120W,YNL202W,0,-6.6801248,0.09640538692474365,0.9950000047683716,0.9326000213623047
YNL192W,YKL129C,1,-6.681506,0.09649293124675751,0.9959999918937683,0.9326000213623047
YDR227W,YKL035W,0,-6.6817746,0.09648358076810837,0.9959999918937683,0.932699978351593
YDR214W,YCR024C-A,0,-6.6818404,0.09647423774003983,0.9959999918937683,0.9327999949455261
YDR270W,YMR243C,0,-6.68209,0.09646489471197128,0.9959999918937683,0.9329000115394592
YPL224C,YDL111C,0,-6.6834197,0.09645555168390274,0.9959999918937683,0.9330000281333923
YER183C,YKL085W,0,-6.6863475,0.0964462086558342,0.9959999918937683,0.9330999851226807
YNL111C,YPL211W,0,-6.687984,0.09643687307834625,0.9959999918937683,0.9332000017166138
YKL135C,YHR096C,0,-6.688191,0.0964275375008583,0.9959999918937683,0.9333000183105469
YDR148C,YBR123C,0,-6.688268,0.09641820192337036,0.9959999918937683,0.9333999752998352
YLR377C,YDR358W,0,-6.689145,0.09640886634588242,0.9959999918937683,0.9334999918937683
YMR214W,YBR024W,0,-6.6891584,0.09639953821897507,0.9959999918937683,0.9336000084877014
YIL120W,YIR012W,0,-6.6894355,0.09639020264148712,0.9959999918937683,0.9337000250816345
YJR031C,YDR453C,0,-6.690925,0.09638088196516037,0.9959999918937683,0.9337999820709229
YJL042W,YMR235C,0,-6.69143,0.09637155383825302,0.9959999918937683,0.933899998664856
YHR157W,YKR055W,0,-6.692798,0.09636222571134567,0.9959999918937683,0.9340000152587891
YDR085C,YHR175W,0,-6.6928306,0.09635290503501892,0.9959999918937683,0.9340999722480774
YLR023C,YML010W,0,-6.694802,0.09634358435869217,0.9959999918937683,0.9341999888420105
YFL034C-B,YIL120W,0,-6.6953692,0.09633427113294601,0.9959999918937683,0.9343000054359436
YLR110C,YDR398W,0,-6.69639,0.09632495045661926,0.9959999918937683,0.9344000220298767
YDL160C,YKL017C,0,-6.6966443,0.09631563723087311,0.9959999918937683,0.934499979019165
YPR124W,YOR087W,0,-6.6969075,0.09630632400512695,0.9959999918937683,0.9345999956130981
YBR286W,YMR316W,0,-6.6972804,0.0962970107793808,0.9959999918937683,0.9347000122070312
YNL242W,YMR298W,0,-6.6981134,0.09628770500421524,0.9959999918937683,0.9348000288009644
YPL171C,YMR214W,0,-6.698441,0.09627839177846909,0.9959999918937683,0.9348999857902527
YLR205C,YIL013C,0,-6.6998763,0.09626908600330353,0.9959999918937683,0.9350000023841858
YDR158W,YGR070W,0,-6.7004876,0.09625978767871857,0.9959999918937683,0.9351000189781189
YGR170W,YBR024W,0,-6.7005324,0.09625048190355301,0.9959999918937683,0.9351999759674072
YIL155C,YHR060W,0,-6.7031913,0.09624118357896805,0.9959999918937683,0.9352999925613403
YBR145W,YLR023C,0,-6.703358,0.09623188525438309,0.9959999918937683,0.9354000091552734
YML132W,YPL203W,0,-6.7047086,0.09622258692979813,0.9959999918937683,0.9355000257492065
YDR005C,YOR004W,0,-6.7052865,0.09621328860521317,0.9959999918937683,0.9355999827384949
YMR246W,YPR002W,0,-6.706104,0.0962039977312088,0.9959999918937683,0.935699999332428
YER119C,YJL011C,0,-6.706536,0.09619470685720444,0.9959999918937683,0.9358000159263611
YNR001C,YEL017C-A,0,-6.7066574,0.09618541598320007,0.9959999918937683,0.9358999729156494
YPL265W,YOR084W,0,-6.7075667,0.0961761325597763,0.9959999918937683,0.9359999895095825
YLR078C,YBR026C,0,-6.707644,0.09616684168577194,0.9959999918937683,0.9361000061035156
YHR203C,YPL258C,0,-6.7091484,0.09615755826234818,0.9959999918937683,0.9362000226974487
YDR361C,YIR012W,0,-6.709577,0.09614827483892441,0.9959999918937683,0.9362999796867371
YNL062C,YNL012W,0,-6.7099247,0.09613899886608124,0.9959999918937683,0.9363999962806702
YEL060C,YOR217W,0,-6.7107377,0.09612971544265747,0.9959999918937683,0.9365000128746033
YDL132W,YNL098C,0,-6.7108264,0.0961204394698143,0.9959999918937683,0.9366000294685364
YNL142W,YGL244W,0,-6.7114224,0.09611116349697113,0.9959999918937683,0.9366999864578247
YAL003W,YPR008W,0,-6.7118106,0.09610188752412796,0.9959999918937683,0.9368000030517578
YLR157C,YER116C,0,-6.711957,0.09609261900186539,0.9959999918937683,0.9369000196456909
YAL040C,YHR053C,0,-6.7121406,0.09608335047960281,0.9959999918937683,0.9369999766349792
YMR006C,YNL250W,0,-6.712947,0.09607408195734024,0.9959999918937683,0.9370999932289124
YBR132C,YBR196C,0,-6.7136617,0.09606481343507767,0.9959999918937683,0.9372000098228455
YKR024C,YGR123C,0,-6.713674,0.09605555236339569,0.9959999918937683,0.9373000264167786
YMR280C,YPL237W,0,-6.715979,0.09604628384113312,0.9959999918937683,0.9373999834060669
YMR250W,YPR133W-A,0,-6.716145,0.09603702276945114,0.9959999918937683,0.9375
YDL022W,YBR010W,0,-6.716493,0.09602776914834976,0.9959999918937683,0.9376000165939331
YPR124W,YFR055W,0,-6.718123,0.09601850807666779,0.9959999918937683,0.9376999735832214
YNL274C,YMR263W,0,-6.7185254,0.0960092544555664,0.9959999918937683,0.9377999901771545
YBR085W,YBR260C,0,-6.719176,0.09600000083446503,0.9959999918937683,0.9379000067710876
YER107C,YOL110W,0,-6.7192903,0.09599074721336365,0.9959999918937683,0.9380000233650208
YNL173C,YIR026C,0,-6.7194157,0.09598150104284286,0.9959999918937683,0.9380999803543091
YMR316W,YDR005C,0,-6.7196164,0.09597224742174149,0.9959999918937683,0.9381999969482422
YIL097W,YBR037C,0,-6.7228956,0.0959630012512207,0.9959999918937683,0.9383000135421753
YDR256C,YDL003W,0,-6.7235293,0.09595375508069992,0.9959999918937683,0.9383999705314636
YIL103W,YMR197C,0,-6.724074,0.09594451636075974,0.9959999918937683,0.9384999871253967
YDR122W,YKL015W,0,-6.7247005,0.09593527019023895,0.9959999918937683,0.9386000037193298
YJL026W,YJR145C,0,-6.725081,0.09592603147029877,0.9959999918937683,0.9387000203132629
YHR008C,YMR218C,0,-6.725223,0.09591679275035858,0.9959999918937683,0.9387999773025513
YDL078C,YJL109C,0,-6.725512,0.09590756148099899,0.9959999918937683,0.9388999938964844
YER054C,YMR177W,0,-6.725637,0.09589832276105881,0.9959999918937683,0.9390000104904175
YOL082W,YDR279W,0,-6.7263675,0.09588909149169922,0.9959999918937683,0.9391000270843506
YMR049C,YKR089C,0,-6.7265506,0.09587986022233963,0.9959999918937683,0.9391999840736389
YNR002C,YPL124W,0,-6.7271924,0.09587062895298004,0.9959999918937683,0.939300000667572
YJL128C,YNL339C,0,-6.7304006,0.09586140513420105,0.9959999918937683,0.9394000172615051
YMR119W,YNL113W,0,-6.730874,0.09585218131542206,0.9959999918937683,0.9394999742507935
YJR126C,YDR057W,0,-6.73353,0.09584295749664307,0.9959999918937683,0.9395999908447266
YBR170C,YBR182C,0,-6.73622,0.09583373367786407,0.9959999918937683,0.9397000074386597
YMR035W,YOR004W,0,-6.7365847,0.09582451730966568,0.9959999918937683,0.9398000240325928
YDL115C,YLR208W,0,-6.7375884,0.09581529349088669,0.9959999918937683,0.9398999810218811
YPL200W,YBR072W,0,-6.7378235,0.0958060771226883,0.9959999918937683,0.9399999976158142
YNR032W,YBR105C,0,-6.7397866,0.0957968682050705,0.9959999918937683,0.9401000142097473
YHR052W,YOR236W,0,-6.7406087,0.0957876518368721,0.9959999918937683,0.9401999711990356
YNL331C,YLL024C,0,-6.740892,0.0957784429192543,0.9959999918937683,0.9402999877929688
YDR529C,YDR165W,0,-6.7409396,0.0957692340016365,0.9959999918937683,0.9404000043869019
YDR425W,YKL214C,0,-6.7419353,0.09576002508401871,0.9959999918937683,0.940500020980835
YPR008W,YIL072W,0,-6.742397,0.09575081616640091,0.9959999918937683,0.9405999779701233
YDL045C,YDR479C,0,-6.7443748,0.09574161469936371,0.9959999918937683,0.9406999945640564
YJR155W,YOR074C,0,-6.744923,0.09573241323232651,0.9959999918937683,0.9408000111579895
YNL241C,YHR020W,0,-6.746606,0.0957232117652893,0.9959999918937683,0.9409000277519226
YAL058W,YBR026C,0,-6.74735,0.0957140102982521,0.9959999918937683,0.9409999847412109
YLR160C,YCL016C,0,-6.749341,0.0957048162817955,0.9959999918937683,0.941100001335144
YLL009C,YLR009W,0,-6.7512493,0.0956956222653389,0.9959999918937683,0.9412000179290771
YML129C,YBR201W,0,-6.752736,0.0956864282488823,0.9959999918937683,0.9412999749183655
YDL231C,YBR109C,0,-6.7532825,0.09567723423242569,0.9959999918937683,0.9413999915122986
YCL039W,YHR160C,0,-6.755697,0.09566804021596909,0.9959999918937683,0.9415000081062317
YOR386W,YBR273C,0,-6.7569194,0.09565885365009308,0.9959999918937683,0.9416000247001648
YOR046C,YMR022W,0,-6.7585626,0.09564966708421707,0.9959999918937683,0.9416999816894531
YLR109W,YPR075C,0,-6.758722,0.09564048051834106,0.9959999918937683,0.9417999982833862
YPL126W,YOR386W,0,-6.759134,0.09563130140304565,0.9959999918937683,0.9419000148773193
YDL128W,YDR341C,0,-6.7610364,0.09562212228775024,0.9959999918937683,0.9419999718666077
YJL098W,YKL099C,0,-6.7632732,0.09561294317245483,0.9959999918937683,0.9420999884605408
YGR225W,YLR048W,0,-6.7633443,0.09560376405715942,0.9959999918937683,0.9422000050544739
YML128C,YLR079W,0,-6.7635674,0.09559458494186401,0.9959999918937683,0.942300021648407
YFL057C,YGR128C,0,-6.7638206,0.0955854132771492,0.9959999918937683,0.9423999786376953
YJR127C,YKL212W,0,-6.766457,0.09557624161243439,0.9959999918937683,0.9424999952316284
YIL033C,YLR417W,0,-6.7664886,0.09556706994771957,0.9959999918937683,0.9426000118255615
YGR200C,YOR032C,0,-6.768594,0.09555789828300476,0.9959999918937683,0.9427000284194946
YOL071W,YDR394W,0,-6.7688794,0.09554873406887054,0.9959999918937683,0.942799985408783
YBR293W,YNL310C,0,-6.7689853,0.09553956985473633,0.9959999918937683,0.9429000020027161
YPR023C,YOR347C,0,-6.770612,0.09553040564060211,0.9959999918937683,0.9430000185966492
YHR171W,YLR223C,0,-6.7707243,0.0955212414264679,0.9959999918937683,0.9430999755859375
YOR113W,YPL101W,0,-6.7717605,0.09551208466291428,0.9959999918937683,0.9431999921798706
YHR172W,YPL206C,0,-6.7718863,0.09550292789936066,0.9959999918937683,0.9433000087738037
YBR160W,YDR256C,0,-6.772668,0.09549377113580704,0.9959999918937683,0.9434000253677368
YLL041C,YGR211W,0,-6.7734466,0.09548461437225342,0.9959999918937683,0.9434999823570251
YKL018W,YLR467W,0,-6.7743363,0.0954754576086998,0.9959999918937683,0.9435999989509583
YER126C,YNR015W,0,-6.774443,0.09546630829572678,0.9959999918937683,0.9437000155448914
YEL060C,YGL004C,0,-6.7759795,0.09545715898275375,0.9959999918937683,0.9437999725341797
YDL039C,YGR197C,0,-6.776608,0.09544800966978073,0.9959999918937683,0.9438999891281128
YLR155C,YBR169C,0,-6.777197,0.0954388678073883,0.9959999918937683,0.9440000057220459
YLR007W,YGR141W,0,-6.7776804,0.09542971849441528,0.9959999918937683,0.944100022315979
YJR155W,YOL020W,0,-6.7782445,0.09542057663202286,0.9959999918937683,0.9441999793052673
YKL064W,YNR053C,0,-6.7785,0.09541143476963043,0.9959999918937683,0.9442999958992004
YGR036C,YAL005C,0,-6.778936,0.0954023003578186,0.9959999918937683,0.9444000124931335
YIL160C,YOR035C,0,-6.7796144,0.09539315849542618,0.9959999918937683,0.9445000290870667
YMR041C,YJL145W,0,-6.7806034,0.09538402408361435,0.9959999918937683,0.944599986076355
YOR241W,YOR328W,0,-6.7807355,0.09537488967180252,0.9959999918937683,0.9447000026702881
YDL155W,YHR160C,0,-6.7813296,0.09536576271057129,0.9959999918937683,0.9448000192642212
YLR394W,YML073C,0,-6.7813725,0.09535662829875946,0.9959999918937683,0.9448999762535095
YLR216C,YMR061W,0,-6.781979,0.09534750133752823,0.9959999918937683,0.9449999928474426
YOR185C,YPR094W,0,-6.7820787,0.095338374376297,0.9959999918937683,0.9451000094413757
YBR036C,YPL063W,0,-6.782457,0.09532924741506577,0.9959999918937683,0.9452000260353088
YCL026C-A,YOR095C,0,-6.788641,0.09532012790441513,0.9959999918937683,0.9452999830245972
YJL102W,YOL104C,0,-6.7902346,0.0953110083937645,0.9959999918937683,0.9453999996185303
YCL040W,YHR183W,0,-6.790713,0.09530188143253326,0.9959999918937683,0.9455000162124634
YLR133W,YJR033C,0,-6.7943616,0.09529276937246323,0.9959999918937683,0.9455999732017517
YGR177C,YJL089W,0,-6.7955956,0.09528364986181259,0.9959999918937683,0.9456999897956848
YBL078C,YDR369C,0,-6.798405,0.09527453780174255,0.9959999918937683,0.9458000063896179
YGR254W,YHR082C,0,-6.798755,0.09526542574167252,0.9959999918937683,0.945900022983551
YLL034C,YFR003C,0,-6.8010154,0.09525631368160248,0.9959999918937683,0.9459999799728394
YDL003W,YNR047W,0,-6.8011866,0.09524720162153244,0.9959999918937683,0.9460999965667725
YBR169C,YOR027W,0,-6.804713,0.095238097012043,0.9959999918937683,0.9462000131607056
YDR085C,YOR243C,0,-6.804845,0.09522899240255356,0.9959999918937683,0.9463000297546387
YLR303W,YOL039W,0,-6.8066053,0.09521988779306412,0.9959999918937683,0.946399986743927
YHR082C,YBR092C,0,-6.8076186,0.09521078318357468,0.9959999918937683,0.9465000033378601
YLR206W,YNL031C,0,-6.8077283,0.09520167857408524,0.9959999918937683,0.9466000199317932
YPL194W,YHR041C,0,-6.807815,0.09519258141517639,0.9959999918937683,0.9466999769210815
YBR256C,YCR061W,0,-6.812554,0.09518348425626755,0.9959999918937683,0.9467999935150146
YDL155W,YDR258C,0,-6.8133655,0.0951743945479393,0.9959999918937683,0.9469000101089478
YNL220W,YKR046C,0,-6.8142514,0.09516529738903046,0.9959999918937683,0.9470000267028809
YIL155C,YHR186C,0,-6.8152537,0.09515620768070221,0.9959999918937683,0.9470999836921692
YPR191W,YMR229C,0,-6.8159795,0.09514711797237396,0.9959999918937683,0.9472000002861023
YGL027C,YNL332W,0,-6.817434,0.09513802826404572,0.9959999918937683,0.9473000168800354
YPL224C,YGL145W,0,-6.8185,0.09512893855571747,0.9959999918937683,0.9473999738693237
YOR206W,YGL062W,0,-6.81877,0.09511985629796982,0.9959999918937683,0.9474999904632568
YIL097W,YGL006W,0,-6.818845,0.09511077404022217,0.9959999918937683,0.9476000070571899
YKL085W,YCL043C,0,-6.8190026,0.09510169178247452,0.9959999918937683,0.947700023651123
YLR002C,YJL141C,0,-6.8208947,0.09509260952472687,0.9959999918937683,0.9477999806404114
YIL122W,YLR022C,0,-6.822386,0.09508353471755981,0.9959999918937683,0.9478999972343445
YFL041W,YOR032C,0,-6.8226905,0.09507445245981216,0.9959999918937683,0.9480000138282776
YMR052W,YLR417W,0,-6.8238907,0.09506537765264511,0.9959999918937683,0.9480999708175659
YML091C,YJR010C-A,0,-6.8259006,0.09505631029605865,0.9959999918937683,0.948199987411499
YNL042W,YOL013C,0,-6.827442,0.0950472354888916,0.9959999918937683,0.9483000040054321
YGL105W,YIR037W,0,-6.8275943,0.09503816813230515,0.9959999918937683,0.9484000205993652
YGR188C,YLR183C,0,-6.827802,0.09502910077571869,0.9959999918937683,0.9484999775886536
YBR068C,YJL047C,0,-6.8289447,0.09502003341913223,0.9959999918937683,0.9485999941825867
YER015W,YNL310C,0,-6.830156,0.09501097351312637,0.9959999918937683,0.9487000107765198
YKR052C,YNL113W,0,-6.8306537,0.09500190615653992,0.9959999918937683,0.9488000273704529
YDR414C,YIL160C,0,-6.8319173,0.09499284625053406,0.9959999918937683,0.9488999843597412
YMR015C,YDL052C,0,-6.833279,0.0949837863445282,0.9959999918937683,0.9490000009536743
YIL154C,YPL139C,0,-6.8335657,0.09497473388910294,0.9959999918937683,0.9491000175476074
YKL146W,YIL076W,0,-6.8355765,0.09496567398309708,0.9959999918937683,0.9491999745368958
YJL139C,YCL033C,0,-6.8358455,0.09495662152767181,0.9959999918937683,0.9492999911308289
YDR479C,YBR082C,0,-6.837579,0.09494756907224655,0.9959999918937683,0.949400007724762
YOL108C,YOL040C,0,-6.8395953,0.09493851661682129,0.9959999918937683,0.9495000243186951
YMR041C,YNL072W,0,-6.840585,0.09492947161197662,0.9959999918937683,0.9495999813079834
YGL037C,YDL217C,0,-6.841954,0.09492042660713196,0.9959999918937683,0.9496999979019165
YGR177C,YCL039W,0,-6.8422284,0.09491138160228729,0.9959999918937683,0.9498000144958496
YFL026W,YDR322C-A,0,-6.843347,0.09490233659744263,0.9959999918937683,0.9498999714851379
YGR088W,YGR104C,0,-6.843403,0.09489329159259796,0.9959999918937683,0.949999988079071
YOR354C,YHR106W,0,-6.8443656,0.09488425403833389,0.9959999918937683,0.9501000046730042
YMR260C,YAL002W,0,-6.8449636,0.09487521648406982,0.9959999918937683,0.9502000212669373
YMR012W,YER053C,0,-6.8465247,0.09486617892980576,0.9959999918937683,0.9502999782562256
YKL060C,YKR089C,0,-6.846996,0.09485714137554169,0.9959999918937683,0.9503999948501587
YDR425W,YHR167W,0,-6.8471313,0.09484811127185822,0.9959999918937683,0.9505000114440918
YOR133W,YOR275C,0,-6.849275,0.09483908116817474,0.9959999918937683,0.9506000280380249
YPL170W,YKL054C,0,-6.8496184,0.09483005106449127,0.9959999918937683,0.9506999850273132
YBR026C,YOR123C,0,-6.850352,0.0948210209608078,0.9959999918937683,0.9508000016212463
YBR088C,YHR106W,0,-6.851329,0.09481199085712433,0.9959999918937683,0.9509000182151794
YBR004C,YOR185C,0,-6.8522744,0.09480296820402145,0.9959999918937683,0.9509999752044678
YMR041C,YFL026W,0,-6.8524303,0.09479394555091858,0.9959999918937683,0.9510999917984009
YOL038W,YIL053W,0,-6.852919,0.0947849228978157,0.9959999918937683,0.951200008392334
YGR280C,YGR214W,0,-6.853063,0.09477590769529343,0.9959999918937683,0.9513000249862671
YJL008C,YHR001W-A,0,-6.8541512,0.09476688504219055,0.9959999918937683,0.9513999819755554
YPR155C,YLR066W,0,-6.8553095,0.09475786983966827,0.9959999918937683,0.9514999985694885
YIL123W,YDR453C,0,-6.8561134,0.09474886208772659,0.9959999918937683,0.9516000151634216
YPL100W,YKR002W,0,-6.8562684,0.09473984688520432,0.9959999918937683,0.95169997215271
YDL243C,YBR236C,0,-6.85687,0.09473083168268204,0.9959999918937683,0.9517999887466431
YOR103C,YKL038W,0,-6.857659,0.09472182393074036,0.9959999918937683,0.9519000053405762
YIL124W,YDR046C,0,-6.8580346,0.09471281617879868,0.9959999918937683,0.9520000219345093
YMR250W,YOR266W,0,-6.8583603,0.09470381587743759,0.9959999918937683,0.9520999789237976
YNL159C,YNL041C,0,-6.859994,0.09469480812549591,0.9959999918937683,0.9521999955177307
YJR025C,YNL123W,0,-6.8619328,0.09468580782413483,0.9959999918937683,0.9523000121116638
YBL050W,YJR049C,0,-6.863508,0.09467680752277374,0.9959999918937683,0.9524000287055969
YOR100C,YGR099W,0,-6.8645,0.09466780722141266,0.9959999918937683,0.9524999856948853
YLR216C,YGL087C,0,-6.865661,0.09465880692005157,0.9959999918937683,0.9526000022888184
YNR032W,YDR259C,0,-6.8725743,0.09464981406927109,0.9959999918937683,0.9527000188827515
YKL112W,YDL022W,0,-6.873939,0.0946408212184906,0.9959999918937683,0.9527999758720398
YNL173C,YGL172W,0,-6.873944,0.09463182836771011,0.9959999918937683,0.9528999924659729
YNL182C,YPL026C,0,-6.8744836,0.09462283551692963,0.9959999918937683,0.953000009059906
YLR284C,YNL025C,0,-6.875011,0.09461385011672974,0.9959999918937683,0.9531000256538391
YJL060W,YBR040W,0,-6.8759203,0.09460486471652985,0.9959999918937683,0.9531999826431274
YDR148C,YOR270C,0,-6.876617,0.09459587931632996,0.9959999918937683,0.9532999992370605
YKL016C,YOL151W,0,-6.877932,0.09458689391613007,0.9959999918937683,0.9534000158309937
YER110C,YOR004W,0,-6.878119,0.09457791596651077,0.9959999918937683,0.953499972820282
YJR065C,YMR104C,0,-6.8783255,0.09456893056631088,0.9959999918937683,0.9535999894142151
YNR001C,YGR229C,0,-6.8786736,0.09455995261669159,0.9959999918937683,0.9537000060081482
YMR042W,YLR175W,0,-6.878696,0.0945509746670723,0.9959999918937683,0.9538000226020813
YGR167W,YHR161C,0,-6.881106,0.0945420041680336,0.9959999918937683,0.9538999795913696
YKR076W,YLL019C,0,-6.8812795,0.0945330262184143,0.9959999918937683,0.9539999961853027
YIL155C,YIL017C,0,-6.882027,0.09452405571937561,0.9959999918937683,0.9541000127792358
YAR007C,YKL035W,0,-6.882932,0.09451508522033691,0.9959999918937683,0.954200029373169
YDR150W,YDL081C,0,-6.884359,0.09450612217187881,0.9959999918937683,0.9542999863624573
YKL146W,YDL116W,0,-6.884373,0.09449715167284012,0.9959999918937683,0.9544000029563904
YMR301C,YAL017W,0,-6.8850083,0.09448818862438202,0.9959999918937683,0.9545000195503235
YPL018W,YBR193C,0,-6.88713,0.09447922557592392,0.9959999918937683,0.9545999765396118
YDL036C,YMR140W,0,-6.8876257,0.09447026252746582,0.9959999918937683,0.9546999931335449
YMR119W,YBR068C,0,-6.8885174,0.09446130692958832,0.9959999918937683,0.954800009727478
YHL048W,YLL041C,0,-6.8895507,0.09445234388113022,0.9959999918937683,0.9549000263214111
YFR055W,YMR175W,0,-6.8923154,0.09444338828325272,0.9959999918937683,0.9549999833106995
YDL022W,YHR024C,0,-6.8929896,0.09443443268537521,0.9959999918937683,0.9550999999046326
YOR142W,YIR019C,0,-6.8940387,0.09442548453807831,0.9959999918937683,0.9552000164985657
YMR116C,YFR030W,0,-6.8947134,0.0944165289402008,0.9959999918937683,0.955299973487854
YMR041C,YGR099W,0,-6.8948035,0.0944075807929039,0.9959999918937683,0.9553999900817871
YMR139W,YHR016C,0,-6.8974504,0.094398632645607,0.9959999918937683,0.9555000066757202
YPL006W,YBR002C,0,-6.900545,0.09438969194889069,0.9959999918937683,0.9556000232696533
YJL035C,YGR141W,0,-6.9047008,0.09438074380159378,0.9959999918937683,0.9556999802589417
YOL071W,YLL061W,0,-6.9066434,0.09437180310487747,0.9959999918937683,0.9557999968528748
YML049C,YPL203W,0,-6.9075313,0.09436286240816116,0.9959999918937683,0.9559000134468079
YIL036W,YFR053C,0,-6.911826,0.09435392171144485,0.9959999918937683,0.9559999704360962
YER028C,YDL130W-A,0,-6.912502,0.09434498101472855,0.9959999918937683,0.9560999870300293
YER006W,YML014W,0,-6.913923,0.09433604776859283,0.9959999918937683,0.9562000036239624
YKL134C,YGL037C,0,-6.9164705,0.09432711452245712,0.9959999918937683,0.9563000202178955
YBL098W,YML062C,0,-6.9166527,0.09431818127632141,0.9959999918937683,0.9563999772071838
YGR090W,YCL033C,0,-6.9169574,0.0943092480301857,0.9959999918937683,0.9564999938011169
YOL002C,YBL034C,0,-6.9179416,0.09430032223463058,0.9959999918937683,0.95660001039505
YLR100W,YBL033C,0,-6.918368,0.09429139643907547,0.9959999918937683,0.9567000269889832
YFL056C,YIL053W,0,-6.9195914,0.09428247064352036,0.9959999918937683,0.9567999839782715
YML092C,YBL106C,0,-6.921308,0.09427354484796524,0.9959999918937683,0.9569000005722046
YOR185C,YHR008C,0,-6.922452,0.09426461905241013,0.9959999918937683,0.9570000171661377
YGL073W,YAR033W,0,-6.922929,0.09425570070743561,0.9959999918937683,0.957099974155426
YER073W,YDR058C,0,-6.924399,0.09424678236246109,0.9959999918937683,0.9571999907493591
YDL142C,YDL216C,0,-6.9257894,0.09423786401748657,0.9959999918937683,0.9573000073432922
YKR076W,YLL024C,0,-6.9260945,0.09422895312309265,0.9959999918937683,0.9574000239372253
YDR511W,YNR023W,0,-6.926104,0.09422003477811813,0.9959999918937683,0.9574999809265137
YCL025C,YKR076W,0,-6.9266143,0.09421112388372421,0.9959999918937683,0.9575999975204468
YBL045C,YDR087C,0,-6.927009,0.09420221298933029,0.9959999918937683,0.9577000141143799
YOL013C,YMR077C,0,-6.93104,0.09419330209493637,0.9959999918937683,0.9577999711036682
YIL154C,YGL092W,0,-6.931846,0.09418439865112305,0.9959999918937683,0.9578999876976013
YGR083C,YNL202W,0,-6.9327693,0.09417549520730972,0.9959999918937683,0.9580000042915344
YOR063W,YCR061W,0,-6.933364,0.0941665843129158,0.9959999918937683,0.9581000208854675
YPL170W,YKL154W,0,-6.933394,0.09415768831968307,0.9959999918937683,0.9581999778747559
YGR008C,YPL063W,0,-6.935172,0.09414878487586975,0.9959999918937683,0.958299994468689
YGR088W,YDL135C,0,-6.935433,0.09413988888263702,0.9959999918937683,0.9584000110626221
YOR335C,YHR096C,0,-6.935464,0.0941309928894043,0.9959999918937683,0.9585000276565552
YDR258C,YDR416W,0,-6.936569,0.09412209689617157,0.9959999918937683,0.9585999846458435
YCL025C,YGL232W,0,-6.936768,0.09411320090293884,0.9959999918937683,0.9587000012397766
YKL205W,YHR106W,0,-6.937547,0.09410430490970612,0.9959999918937683,0.9588000178337097
YDR214W,YIR033W,0,-6.937714,0.09409541636705399,0.9959999918937683,0.958899974822998
YNL151C,YLR197W,0,-6.9410386,0.09408652782440186,0.9959999918937683,0.9589999914169312
YHL019C,YNL302C,0,-6.9417853,0.09407763928174973,0.9959999918937683,0.9591000080108643
YOR036W,YDR059C,0,-6.9436398,0.09406875818967819,0.9959999918937683,0.9592000246047974
YDR256C,YPR132W,0,-6.9442525,0.09405987709760666,0.9959999918937683,0.9592999815940857
YDL045C,YMR229C,0,-6.9449677,0.09405098855495453,0.9959999918937683,0.9593999981880188
YOR239W,YJL100W,0,-6.9458537,0.09404211491346359,0.9959999918937683,0.9595000147819519
YHL048W,YPL012W,0,-6.9460344,0.09403323382139206,0.9959999918937683,0.9595999717712402
YDR258C,YOR232W,0,-6.95119,0.09402435272932053,0.9959999918937683,0.9596999883651733
YMR140W,YDR002W,0,-6.9529405,0.09401547908782959,0.9959999918937683,0.9598000049591064
YGR258C,YGR085C,0,-6.9530287,0.09400660544633865,0.9959999918937683,0.9599000215530396
YLR175W,YGL055W,0,-6.9545465,0.09399773180484772,0.9959999918937683,0.9599999785423279
YNL031C,YJR091C,0,-6.955768,0.09398886561393738,0.9959999918937683,0.960099995136261
YMR173W,YMR037C,0,-6.956702,0.09397999942302704,0.9959999918937683,0.9602000117301941
YDR273W,YMR188C,0,-6.95684,0.0939711257815361,0.9959999918937683,0.9603000283241272
YOL051W,YGR275W,0,-6.958529,0.09396226704120636,0.9959999918937683,0.9603999853134155
YGR158C,YML093W,0,-6.9589114,0.09395340085029602,0.9959999918937683,0.9605000019073486
YBR185C,YPR190C,0,-6.9598947,0.09394454210996628,0.9959999918937683,0.9606000185012817
YMR142C,YEL041W,0,-6.961884,0.09393567591905594,0.9959999918937683,0.9606999754905701
YGL099W,YPR112C,0,-6.961956,0.0939268171787262,0.9959999918937683,0.9607999920845032
YOR245C,YGR099W,0,-6.964458,0.09391796588897705,0.9959999918937683,0.9609000086784363
YLR215C,YHR052W,0,-6.966703,0.09390910714864731,0.9959999918937683,0.9610000252723694
YBR066C,YDR418W,0,-6.967824,0.09390025585889816,0.9959999918937683,0.9610999822616577
YDR268W,YNL160W,0,-6.971258,0.09389140456914902,0.9959999918937683,0.9611999988555908
YDR423C,YJL164C,0,-6.973349,0.09388255327939987,0.9959999918937683,0.9613000154495239
YGL055W,YDL106C,0,-6.975777,0.09387370198965073,0.9959999918937683,0.9613999724388123
YNL223W,YER003C,0,-6.976144,0.09386485815048218,0.9959999918937683,0.9614999890327454
YJR139C,YKL193C,0,-6.9763827,0.09385601431131363,0.9959999918937683,0.9616000056266785
YPL123C,YKR014C,0,-6.9807725,0.09384717047214508,0.9959999918937683,0.9617000222206116
YMR056C,YLR397C,0,-6.981211,0.09383832663297653,0.9959999918937683,0.9617999792098999
YGL171W,YNL202W,0,-6.9819913,0.09382949024438858,0.9959999918937683,0.961899995803833
YDR479C,YDR280W,0,-6.9858193,0.09382064640522003,0.9959999918937683,0.9620000123977661
YOR377W,YIL070C,0,-6.9881454,0.09381181001663208,0.9959999918937683,0.9621000289916992
YHR139C,YDR165W,0,-6.99068,0.09380297362804413,0.9959999918937683,0.9621999859809875
YHR082C,YPL010W,0,-6.992164,0.09379414469003677,0.9959999918937683,0.9623000025749207
YIL103W,YLL019C,0,-6.9922767,0.09378530830144882,0.9959999918937683,0.9624000191688538
YLR370C,YDR259C,0,-6.994851,0.09377647936344147,0.9959999918937683,0.9624999761581421
YFR024C-A,YNL129W,0,-6.99838,0.09376765042543411,0.9959999918937683,0.9625999927520752
YGL078C,YOL051W,0,-6.999022,0.09375882148742676,0.9959999918937683,0.9627000093460083
YOL059W,YPL159C,0,-7.001005,0.09375,0.9959999918937683,0.9628000259399414
YFL014W,YDR122W,0,-7.0016923,0.09374117851257324,0.9959999918937683,0.9628999829292297
YJL001W,YML029W,0,-7.0046954,0.09373235702514648,0.9959999918937683,0.9629999995231628
YPL190C,YJL036W,0,-7.005192,0.09372353553771973,0.9959999918937683,0.963100016117096
YDR148C,YMR067C,0,-7.009031,0.09371471405029297,0.9959999918937683,0.9631999731063843
YGR200C,YER162C,0,-7.0091014,0.09370590001344681,0.9959999918937683,0.9632999897003174
YIL155C,YFL003C,0,-7.0092874,0.09369708597660065,0.9959999918937683,0.9634000062942505
YML008C,YOR328W,0,-7.0107265,0.09368827193975449,0.9959999918937683,0.9635000228881836
YIL117C,YGR214W,0,-7.0115085,0.09367945790290833,0.9959999918937683,0.9635999798774719
YJL034W,YJR073C,0,-7.0149617,0.09367065131664276,0.9959999918937683,0.963699996471405
YPL195W,YNL009W,0,-7.0160403,0.0936618372797966,0.9959999918937683,0.9638000130653381
YNL331C,YDL143W,0,-7.016287,0.09365303069353104,0.9959999918937683,0.9639000296592712
YOL130W,YEL050C,0,-7.016928,0.09364422410726547,0.9959999918937683,0.9639999866485596
YNL239W,YPL144W,0,-7.025377,0.0936354249715805,0.9959999918937683,0.9641000032424927
YPL137C,YDL022W,0,-7.0261974,0.09362661838531494,0.9959999918937683,0.9642000198364258
YFR055W,YBR273C,0,-7.0265737,0.09361781924962997,0.9959999918937683,0.9642999768257141
YPR105C,YKL085W,0,-7.027717,0.09360902011394501,0.9959999918937683,0.9643999934196472
YMR204C,YOR386W,0,-7.0291543,0.09360022842884064,0.9959999918937683,0.9645000100135803
YDR487C,YOR162C,0,-7.0350084,0.09359142929315567,0.9959999918937683,0.9646000266075134
YLR342W,YHR008C,0,-7.035595,0.0935826376080513,0.9959999918937683,0.9646999835968018
YNL206C,YPL203W,0,-7.037727,0.09357384592294693,0.9959999918937683,0.9648000001907349
YCR034W,YLR350W,0,-7.0387444,0.09356505423784256,0.9959999918937683,0.964900016784668
YPL123C,YBL106C,0,-7.0392103,0.09355626255273819,0.9959999918937683,0.9649999737739563
YGR166W,YDL194W,0,-7.0399427,0.09354747831821442,0.9959999918937683,0.9650999903678894
YOL020W,YMR104C,0,-7.043057,0.09353869408369064,0.9959999918937683,0.9652000069618225
YOR005C,YGR055W,0,-7.043716,0.09352990984916687,0.9959999918937683,0.9653000235557556
YDR231C,YDR190C,0,-7.043854,0.0935211256146431,0.9959999918937683,0.965399980545044
YEL056W,YLR219W,0,-7.045461,0.09351234883069992,0.9959999918937683,0.965499997138977
YMR232W,YMR139W,0,-7.050332,0.09350356459617615,0.9959999918937683,0.9656000137329102
YPL001W,YGR008C,0,-7.050637,0.09349478781223297,0.9959999918937683,0.9656999707221985
YLR295C,YMR006C,0,-7.0530725,0.0934860110282898,0.9959999918937683,0.9657999873161316
YGL037C,YLR424W,0,-7.056328,0.09347724169492722,0.9959999918937683,0.9659000039100647
YOR185C,YGL229C,0,-7.0589924,0.09346846491098404,0.9959999918937683,0.9660000205039978
YOR133W,YLR219W,0,-7.0609536,0.09345969557762146,0.9959999918937683,0.9660999774932861
YMR272C,YDR486C,0,-7.0662575,0.09345092624425888,0.9959999918937683,0.9661999940872192
YLL022C,YJR070C,0,-7.067264,0.0934421643614769,0.9959999918937683,0.9663000106811523
YKL146W,YGR086C,0,-7.0684485,0.09343339502811432,0.9959999918937683,0.9664000272750854
YER044C,YDR329C,0,-7.070935,0.09342463314533234,0.9959999918937683,0.9664999842643738
YPR008W,YOL039W,0,-7.0718446,0.09341587126255035,0.9959999918937683,0.9666000008583069
YLR382C,YLR452C,0,-7.0752583,0.09340710937976837,0.9959999918937683,0.96670001745224
YBR068C,YFL013C,0,-7.0757494,0.09339834749698639,0.9959999918937683,0.9667999744415283
YML059C,YPR154W,0,-7.0785956,0.093389593064785,0.9959999918937683,0.9668999910354614
YPR134W,YGL067W,0,-7.078629,0.09338083863258362,0.9959999918937683,0.9670000076293945
YDR231C,YBR002C,0,-7.0790954,0.09337208420038223,0.9959999918937683,0.9671000242233276
YNL159C,YOR260W,0,-7.0799127,0.09336332976818085,0.9959999918937683,0.967199981212616
YMR138W,YDL022W,0,-7.081663,0.09335457533597946,0.9959999918937683,0.9672999978065491
YNR010W,YPR006C,0,-7.0839677,0.09334582835435867,0.9959999918937683,0.9674000144004822
YOL016C,YPL110C,0,-7.085253,0.09333708137273788,0.9959999918937683,0.9674999713897705
YBL017C,YBR256C,0,-7.087,0.0933283343911171,0.9959999918937683,0.9675999879837036
YER054C,YDR177W,0,-7.0901713,0.0933195948600769,0.9959999918937683,0.9677000045776367
YDL145C,YLR254C,0,-7.090862,0.09331084787845612,0.9959999918937683,0.9678000211715698
YER035W,YFR005C,0,-7.0923457,0.09330210834741592,0.9959999918937683,0.9678999781608582
YMR026C,YOR361C,0,-7.093023,0.09329336881637573,0.9959999918937683,0.9679999947547913
YNL055C,YBR254C,0,-7.0951877,0.09328462928533554,0.9959999918937683,0.9681000113487244
YBR145W,YOR031W,0,-7.0962043,0.09327589720487595,0.9959999918937683,0.9682000279426575
YPL221W,YPL240C,0,-7.0968223,0.09326715767383575,0.9959999918937683,0.9682999849319458
YBR089C-A,YLR048W,0,-7.0971637,0.09325842559337616,0.9959999918937683,0.9684000015258789
YNL331C,YEL015W,0,-7.0988555,0.09324969351291656,0.9959999918937683,0.968500018119812
YBL045C,YLR380W,0,-7.0990424,0.09324096888303757,0.9959999918937683,0.9685999751091003
YOR113W,YNL075W,0,-7.100261,0.09323223680257797,0.9959999918937683,0.9686999917030334
YOL013C,YDL020C,0,-7.100651,0.09322351217269897,0.9959999918937683,0.9688000082969666
YGL029W,YIR037W,0,-7.1022954,0.09321478754281998,0.9959999918937683,0.9689000248908997
YKL146W,YBL106C,0,-7.102855,0.09320606291294098,0.9959999918937683,0.968999981880188
YGL008C,YJL141C,0,-7.1052437,0.09319734573364258,0.9959999918937683,0.9690999984741211
YMR047C,YMR272C,0,-7.1078076,0.09318862110376358,0.9959999918937683,0.9692000150680542
YER107C,YLL060C,0,-7.113034,0.09317990392446518,0.9959999918937683,0.9692999720573425
YFL014W,YJL025W,0,-7.114573,0.09317118674516678,0.9959999918937683,0.9693999886512756
YOL051W,YJL052W,0,-7.116728,0.09316246956586838,0.9959999918937683,0.9695000052452087
YJL024C,YNR002C,0,-7.116774,0.09315375983715057,0.9959999918937683,0.9696000218391418
YHR001W-A,YNL294C,0,-7.1190467,0.09314505010843277,0.9959999918937683,0.9696999788284302
YLR133W,YER179W,0,-7.1204715,0.09313634037971497,0.9959999918937683,0.9697999954223633
YDR236C,YHR034C,0,-7.121016,0.09312763065099716,0.9959999918937683,0.9699000120162964
YDR329C,YBR171W,0,-7.121928,0.09311892092227936,0.9959999918937683,0.9700000286102295
YKL093W,YPL239W,0,-7.1221957,0.09311021864414215,0.9959999918937683,0.9700999855995178
YDR178W,YDR259C,0,-7.12374,0.09310151636600494,0.9959999918937683,0.9702000021934509
YFR014C,YNL231C,0,-7.123943,0.09309281408786774,0.9959999918937683,0.970300018787384
YNL012W,YDR324C,0,-7.1243873,0.09308411180973053,0.9959999918937683,0.9703999757766724
YNL257C,YPL033C,0,-7.128539,0.09307541698217392,0.9959999918937683,0.9704999923706055
YLR284C,YLR435W,0,-7.128548,0.09306671470403671,0.9959999918937683,0.9706000089645386
YHR186C,YPL203W,0,-7.1304207,0.0930580198764801,0.9959999918937683,0.9707000255584717
YNL016W,YLL041C,0,-7.1328006,0.09304932504892349,0.9959999918937683,0.97079998254776
YOL055C,YCR061W,0,-7.1330643,0.09304063767194748,0.9959999918937683,0.9708999991416931
YDL017W,YGR008C,0,-7.136006,0.09303194284439087,0.9959999918937683,0.9710000157356262
YDR277C,YER072W,0,-7.136712,0.09302325546741486,0.9959999918937683,0.9710999727249146
YLR435W,YNL186W,0,-7.140759,0.09301456809043884,0.9959999918937683,0.9711999893188477
YDR273W,YJR007W,0,-7.141449,0.09300588071346283,0.9959999918937683,0.9713000059127808
YDL243C,YML103C,0,-7.1441665,0.09299720078706741,0.9959999918937683,0.9714000225067139
YMR140W,YGR181W,0,-7.1476116,0.0929885134100914,0.9959999918937683,0.9714999794960022
YIL120W,YLR020C,0,-7.149778,0.09297983348369598,0.9959999918937683,0.9715999960899353
YDR182W,YCL035C,0,-7.150171,0.09297115355730057,0.9959999918937683,0.9717000126838684
YER053C,YDR083W,0,-7.151724,0.09296248108148575,0.9959999918937683,0.9718000292778015
YIL042C,YML014W,0,-7.151837,0.09295380115509033,0.9959999918937683,0.9718999862670898
YGR095C,YDR077W,0,-7.1527267,0.09294512867927551,0.9959999918937683,0.972000002861023
YOL068C,YBL033C,0,-7.1530285,0.0929364562034607,0.9959999918937683,0.972100019454956
YDL143W,YOR230W,0,-7.1555343,0.09292778372764587,0.9959999918937683,0.9721999764442444
YBL075C,YFL004W,0,-7.1564064,0.09291911870241165,0.9959999918937683,0.9722999930381775
YGR088W,YOL054W,0,-7.1621003,0.09291044622659683,0.9959999918937683,0.9724000096321106
YIL097W,YOL143C,0,-7.163895,0.09290178120136261,0.9959999918937683,0.9725000262260437
YLR380W,YBR089C-A,0,-7.1642656,0.09289311617612839,0.9959999918937683,0.972599983215332
YDL019C,YIL053W,0,-7.166738,0.09288445115089417,0.9959999918937683,0.9726999998092651
YKR081C,YJR045C,0,-7.1668487,0.09287579357624054,0.9959999918937683,0.9728000164031982
YJL062W,YKL093W,0,-7.1674395,0.09286713600158691,0.9959999918937683,0.9728999733924866
YMR014W,YCR057C,1,-7.170296,0.0929517075419426,0.996999979019165,0.9728999733924866
YPL100W,YFR030W,0,-7.171021,0.09294304251670837,0.996999979019165,0.9729999899864197
YHR160C,YMR308C,0,-7.1746883,0.09293437749147415,0.996999979019165,0.9731000065803528
YER112W,YGL055W,0,-7.174932,0.09292571246623993,0.996999979019165,0.9732000231742859
YHR089C,YPL026C,0,-7.1751943,0.0929170548915863,0.996999979019165,0.9732999801635742
YNL006W,YLR264W,0,-7.1752644,0.09290839731693268,0.996999979019165,0.9733999967575073
YMR316W,YBR185C,0,-7.1754007,0.09289973974227905,0.996999979019165,0.9735000133514404
YNL055C,YMR314W,0,-7.1757894,0.09289108216762543,0.996999979019165,0.9735999703407288
YLL026W,YKL043W,0,-7.185985,0.0928824320435524,0.996999979019165,0.9736999869346619
YER020W,YAR033W,0,-7.1865573,0.09287377446889877,0.996999979019165,0.973800003528595
YKL056C,YKL034W,0,-7.187141,0.09286512434482574,0.996999979019165,0.9739000201225281
YDR216W,YHR048W,0,-7.1889653,0.09285647422075272,0.996999979019165,0.9739999771118164
YDR254W,YDR256C,0,-7.189179,0.09284783154726028,0.996999979019165,0.9740999937057495
YNL331C,YMR308C,0,-7.1924615,0.09283918142318726,0.996999979019165,0.9742000102996826
YOL164W,YJR131W,0,-7.1957154,0.09283053874969482,0.996999979019165,0.9743000268936157
YHR089C,YBL039C,0,-7.1963835,0.09282189607620239,0.996999979019165,0.974399983882904
YNL239W,YOL020W,0,-7.199336,0.09281325340270996,0.996999979019165,0.9745000004768372
YFL041W,YCL027W,0,-7.203751,0.09280461817979813,0.996999979019165,0.9746000170707703
YDR298C,YJR070C,0,-7.205548,0.0927959755063057,0.996999979019165,0.9746999740600586
YDL100C,YNL142W,0,-7.2066846,0.09278734028339386,0.996999979019165,0.9747999906539917
YML120C,YBL057C,0,-7.2097344,0.09277870506048203,0.996999979019165,0.9749000072479248
YER054C,YBR127C,0,-7.210215,0.09277007728815079,0.996999979019165,0.9750000238418579
YAL031C,YPL135W,0,-7.21133,0.09276144206523895,0.996999979019165,0.9750999808311462
YIL114C,YGL208W,0,-7.2128053,0.09275281429290771,0.996999979019165,0.9751999974250793
YIL036W,YMR006C,0,-7.2130375,0.09274418652057648,0.996999979019165,0.9753000140190125
YLR160C,YGL061C,0,-7.2131486,0.09273555874824524,0.996999979019165,0.9753999710083008
YMR246W,YDR058C,0,-7.2158284,0.092726930975914,0.996999979019165,0.9754999876022339
YIR037W,YGL243W,0,-7.216723,0.09271831065416336,0.996999979019165,0.975600004196167
YOR335C,YKL009W,0,-7.2171874,0.09270969033241272,0.996999979019165,0.9757000207901001
YDR273W,YDR369C,0,-7.2192082,0.09270107001066208,0.996999979019165,0.9757999777793884
YIL046W,YGL135W,0,-7.2192893,0.09269244968891144,0.996999979019165,0.9758999943733215
YCL035C,YBL039C,0,-7.220369,0.0926838368177414,0.996999979019165,0.9760000109672546
YDL022W,YDR145W,0,-7.2208486,0.09267521649599075,0.996999979019165,0.9761000275611877
YJL190C,YHR090C,0,-7.2267804,0.09266660362482071,0.996999979019165,0.9761999845504761
YMR006C,YMR284W,0,-7.227175,0.09265799075365067,0.996999979019165,0.9763000011444092
YGR090W,YBR183W,0,-7.228894,0.09264938533306122,0.996999979019165,0.9764000177383423
YLR397C,YBL039C,0,-7.230123,0.09264077246189117,0.996999979019165,0.9764999747276306
YCR034W,YGL136C,0,-7.232254,0.09263216704130173,0.996999979019165,0.9765999913215637
YOR241W,YML120C,0,-7.237346,0.09262356162071228,0.996999979019165,0.9767000079154968
YDR280W,YNR047W,0,-7.237942,0.09261495620012283,0.996999979019165,0.9768000245094299
YKL093W,YJR103W,0,-7.2385535,0.09260635077953339,0.996999979019165,0.9768999814987183
YIL033C,YOL094C,0,-7.2395983,0.09259775280952454,0.996999979019165,0.9769999980926514
YDR487C,YDR058C,0,-7.2400746,0.09258915483951569,0.996999979019165,0.9771000146865845
YBR072W,YKL019W,0,-7.243694,0.09258055686950684,0.996999979019165,0.9771999716758728
YCL040W,YBR082C,0,-7.249983,0.09257195889949799,0.996999979019165,0.9772999882698059
YJR073C,YCR053W,0,-7.2523875,0.09256336092948914,0.996999979019165,0.977400004863739
YHR174W,YLR205C,0,-7.2566066,0.09255477041006088,0.996999979019165,0.9775000214576721
YGL142C,YGR211W,0,-7.2588077,0.09254617989063263,0.996999979019165,0.9775999784469604
YGL078C,YGR280C,0,-7.2626243,0.09253758937120438,0.996999979019165,0.9776999950408936
YKL085W,YGR249W,0,-7.26307,0.09252899885177612,0.996999979019165,0.9778000116348267
YKL064W,YNL310C,0,-7.263245,0.09252041578292847,0.996999979019165,0.9779000282287598
YML132W,YLL024C,0,-7.26329,0.09251183271408081,0.996999979019165,0.9779999852180481
YCL035C,YFL026W,0,-7.264702,0.09250324964523315,0.996999979019165,0.9781000018119812
YAL030W,YPR163C,0,-7.265038,0.0924946665763855,0.996999979019165,0.9782000184059143
YGR258C,YNL241C,0,-7.2730155,0.09248608350753784,0.996999979019165,0.9782999753952026
YLR284C,YAL025C,0,-7.2747235,0.09247750788927078,0.996999979019165,0.9783999919891357
YPL259C,YJL045W,0,-7.276018,0.09246893227100372,0.996999979019165,0.9785000085830688
YDR277C,YNL099C,0,-7.276597,0.09246035665273666,0.996999979019165,0.978600025177002
YDR173C,YGR123C,0,-7.2772565,0.0924517810344696,0.996999979019165,0.9786999821662903
YDR188W,YNL160W,0,-7.2881856,0.09244320541620255,0.996999979019165,0.9787999987602234
YEL003W,YDR148C,0,-7.2898164,0.09243463724851608,0.996999979019165,0.9789000153541565
YJL209W,YJR103W,0,-7.2899337,0.09242606908082962,0.996999979019165,0.9789999723434448
YML128C,YMR203W,0,-7.290471,0.09241750091314316,0.996999979019165,0.9790999889373779
YLR405W,YCR091W,0,-7.293668,0.0924089327454567,0.996999979019165,0.979200005531311
YGL001C,YJL100W,0,-7.29748,0.09240037202835083,0.996999979019165,0.9793000221252441
YBR145W,YBR026C,0,-7.2996964,0.09239181131124496,0.996999979019165,0.9793999791145325
YPR030W,YMR079W,0,-7.2997794,0.0923832431435585,0.996999979019165,0.9794999957084656
YKL001C,YPR134W,0,-7.302049,0.09237468987703323,0.996999979019165,0.9796000123023987
YNL239W,YPL131W,0,-7.3030343,0.09236612915992737,0.996999979019165,0.9797000288963318
YPL227C,YNL055C,0,-7.3048964,0.0923575758934021,0.996999979019165,0.9797999858856201
YMR184W,YDR293C,0,-7.3049436,0.09234901517629623,0.996999979019165,0.9799000024795532
YDR148C,YOR241W,0,-7.304972,0.09234046190977097,0.996999979019165,0.9800000190734863
YPL160W,YDR273W,0,-7.3052006,0.0923319160938263,0.996999979019165,0.9800999760627747
YNR019W,YBL018C,0,-7.305309,0.09232336282730103,0.996999979019165,0.9801999926567078
YLR008C,YBL075C,0,-7.312097,0.09231481701135635,0.996999979019165,0.9803000092506409
YKL085W,YPL087W,0,-7.3179173,0.09230627119541168,0.996999979019165,0.980400025844574
YJL063C,YAL005C,0,-7.3188205,0.09229772537946701,0.996999979019165,0.9804999828338623
YBR154C,YDR077W,0,-7.32862,0.09228917956352234,0.996999979019165,0.9805999994277954
YDL231C,YPL123C,0,-7.332188,0.09228063374757767,0.996999979019165,0.9807000160217285
YER015W,YBR079C,0,-7.334316,0.09227209538221359,0.996999979019165,0.9807999730110168
YLR160C,YFL002C,0,-7.338018,0.09226355701684952,0.996999979019165,0.98089998960495
YOR232W,YGR248W,0,-7.344043,0.09225501865148544,0.996999979019165,0.9810000061988831
YGL190C,YGR248W,0,-7.34407,0.09224648773670197,0.996999979019165,0.9811000227928162
YKL016C,YDR353W,0,-7.3442807,0.09223794937133789,0.996999979019165,0.9811999797821045
YDR256C,YLR020C,0,-7.346533,0.09222941845655441,0.996999979019165,0.9812999963760376
YBL078C,YOR204W,0,-7.3527684,0.09222088754177094,0.996999979019165,0.9814000129699707
YER169W,YGL030W,0,-7.3552923,0.09221235662698746,0.996999979019165,0.9815000295639038
YDR377W,YDR276C,0,-7.355666,0.09220382571220398,0.996999979019165,0.9815999865531921
YFL002C,YNL241C,0,-7.355778,0.0921953022480011,0.996999979019165,0.9817000031471252
YMR250W,YBR175W,0,-7.357755,0.09218677878379822,0.996999979019165,0.9818000197410583
YFL057C,YOL031C,0,-7.3584228,0.09217825531959534,0.996999979019165,0.9818999767303467
YJR064W,YMR104C,0,-7.363657,0.09216973185539246,0.996999979019165,0.9819999933242798
YGR185C,YEL041W,0,-7.3638663,0.09216121584177017,0.996999979019165,0.9821000099182129
YNL331C,YLL041C,0,-7.36999,0.09215269237756729,0.996999979019165,0.982200026512146
YCR034W,YDR078C,0,-7.373529,0.09214417636394501,0.996999979019165,0.9822999835014343
YER162C,YBR130C,0,-7.375998,0.09213566035032272,0.996999979019165,0.9824000000953674
YMR250W,YGL066W,0,-7.3812537,0.09212715178728104,0.996999979019165,0.9825000166893005
YOL031C,YNL202W,0,-7.3831797,0.09211863577365875,0.996999979019165,0.9825999736785889
YOR100C,YNL075W,0,-7.3860164,0.09211012721061707,0.996999979019165,0.982699990272522
YOR100C,YBL105C,0,-7.3869576,0.09210161864757538,0.996999979019165,0.9828000068664551
YDR421W,YDL014W,0,-7.388247,0.09209311008453369,0.996999979019165,0.9829000234603882
YMR290C,YHR008C,0,-7.390015,0.092084601521492,0.996999979019165,0.9829999804496765
YDL197C,YPR183W,0,-7.393557,0.09207610040903091,0.996999979019165,0.9830999970436096
YDL192W,YDR178W,0,-7.394194,0.09206759929656982,0.996999979019165,0.9832000136375427
YPL170W,YGL171W,0,-7.396013,0.09205909818410873,0.996999979019165,0.983299970626831
YEL009C,YOR347C,0,-7.396049,0.09205059707164764,0.996999979019165,0.9833999872207642
YML071C,YMR250W,0,-7.4056635,0.09204209595918655,0.996999979019165,0.9835000038146973
YNR049C,YML093W,0,-7.4113708,0.09203360229730606,0.996999979019165,0.9836000204086304
YOR063W,YLR193C,0,-7.4134116,0.09202510863542557,0.996999979019165,0.9836999773979187
YDL081C,YKL020C,0,-7.4137034,0.09201661497354507,0.996999979019165,0.9837999939918518
YNL042W,YIL018W,0,-7.4151306,0.09200812131166458,0.996999979019165,0.9839000105857849
YLR176C,YDR418W,0,-7.4164844,0.09199962764978409,0.996999979019165,0.984000027179718
YGL037C,YHR084W,0,-7.4211144,0.09199114143848419,0.996999979019165,0.9840999841690063
YPR124W,YDR147W,0,-7.421602,0.0919826552271843,0.996999979019165,0.9842000007629395
YKL016C,YLR448W,0,-7.427735,0.0919741690158844,0.996999979019165,0.9843000173568726
YOR168W,YDL085W,0,-7.4289985,0.0919656828045845,0.996999979019165,0.9843999743461609
YIL155C,YPL087W,0,-7.4336667,0.0919572040438652,0.996999979019165,0.984499990940094
YML128C,YPL274W,0,-7.434981,0.0919487252831459,0.996999979019165,0.9846000075340271
YLR068W,YDR148C,0,-7.4354997,0.0919402465224266,0.996999979019165,0.9847000241279602
YDR162C,YBL075C,0,-7.4386344,0.0919317677617073,0.996999979019165,0.9847999811172485
YMR068W,YJL192C,0,-7.4400616,0.091923289000988,0.996999979019165,0.9848999977111816
YDR202C,YBR260C,0,-7.4443192,0.0919148176908493,0.996999979019165,0.9850000143051147
YDL147W,YBL075C,0,-7.447981,0.09190633893013,0.996999979019165,0.9850999712944031
YLR069C,YGL255W,0,-7.449423,0.0918978676199913,0.996999979019165,0.9851999878883362
YKL001C,YPL156C,0,-7.4563727,0.0918894037604332,0.996999979019165,0.9853000044822693
YDR279W,YGR248W,0,-7.457376,0.0918809324502945,0.996999979019165,0.9854000210762024
YBR085W,YIL097W,0,-7.4721966,0.09187246859073639,0.996999979019165,0.9854999780654907
YGL073W,YDR487C,0,-7.4788957,0.09186399728059769,0.996999979019165,0.9855999946594238
YOL071W,YKR038C,0,-7.5025306,0.09185553342103958,0.996999979019165,0.9857000112533569
YBR114W,YKL203C,0,-7.504046,0.09184707701206207,0.996999979019165,0.98580002784729
YOL064C,YGR008C,0,-7.504683,0.09183861315250397,0.996999979019165,0.9858999848365784
YEL009C,YOL013C,0,-7.5153165,0.09183015674352646,0.996999979019165,0.9860000014305115
YGL055W,YHR196W,0,-7.515334,0.09182170033454895,0.996999979019165,0.9861000180244446
YNL239W,YLR022C,0,-7.516829,0.09181324392557144,0.996999979019165,0.9861999750137329
YER015W,YBR093C,0,-7.519274,0.09180478751659393,0.996999979019165,0.986299991607666
YIL160C,YLR249W,0,-7.5211453,0.09179633855819702,0.996999979019165,0.9864000082015991
YEL066W,YDL083C,0,-7.522619,0.09178788214921951,0.996999979019165,0.9865000247955322
YOR056C,YML091C,0,-7.5319867,0.0917794331908226,0.996999979019165,0.9865999817848206
YFR053C,YLR014C,0,-7.5329633,0.09177098423242569,0.996999979019165,0.9866999983787537
YPL202C,YLR048W,0,-7.535728,0.09176254272460938,0.996999979019165,0.9868000149726868
YOR204W,YBR169C,0,-7.536626,0.09175409376621246,0.996999979019165,0.9868999719619751
YGL151W,YBL033C,0,-7.54527,0.09174565225839615,0.996999979019165,0.9869999885559082
YNL274C,YJL168C,0,-7.549336,0.09173721075057983,0.996999979019165,0.9871000051498413
YMR264W,YBR169C,0,-7.5501356,0.09172876924276352,0.996999979019165,0.9872000217437744
YBR274W,YIL160C,0,-7.556147,0.0917203277349472,0.996999979019165,0.9872999787330627
YDL078C,YDR259C,0,-7.5578284,0.09171189367771149,0.996999979019165,0.9873999953269958
YBR296C,YJR103W,0,-7.5613756,0.09170345962047577,0.996999979019165,0.987500011920929
YMR116C,YHL036W,0,-7.5623307,0.09169502556324005,0.996999979019165,0.9876000285148621
YDL003W,YER053C,0,-7.5662584,0.09168659150600433,0.996999979019165,0.9876999855041504
YAL054C,YNL149C,0,-7.5705385,0.09167815744876862,0.996999979019165,0.9878000020980835
YNL008C,YGR118W,0,-7.57432,0.0916697308421135,0.996999979019165,0.9879000186920166
YFR021W,YFL014W,0,-7.574323,0.09166130423545837,0.996999979019165,0.9879999756813049
YKL146W,YCL040W,0,-7.5752254,0.09165287762880325,0.996999979019165,0.988099992275238
YBR142W,YPL171C,0,-7.5824165,0.09164445102214813,0.996999979019165,0.9882000088691711
YDL226C,YIL017C,0,-7.5847964,0.09163603186607361,0.996999979019165,0.9883000254631042
YNL223W,YPL093W,0,-7.588344,0.09162760525941849,0.996999979019165,0.9883999824523926
YPL010W,YGR070W,0,-7.589892,0.09161918610334396,0.996999979019165,0.9884999990463257
YOR386W,YHR062C,0,-7.6113935,0.09161076694726944,0.996999979019165,0.9886000156402588
YFR053C,YMR021C,0,-7.61593,0.09160235524177551,0.996999979019165,0.9886999726295471
YGL055W,YJR063W,0,-7.623759,0.09159393608570099,0.996999979019165,0.9887999892234802
YER019W,YFL016C,0,-7.6244397,0.09158552438020706,0.996999979019165,0.9889000058174133
YHL036W,YNR053C,0,-7.6267495,0.09157711267471313,0.996999979019165,0.9890000224113464
YDL161W,YOL126C,0,-7.6303234,0.09156870096921921,0.996999979019165,0.9890999794006348
YLR248W,YKL081W,0,-7.6325927,0.09156028926372528,0.996999979019165,0.9891999959945679
YCR072C,YJL048C,0,-7.63817,0.09155188500881195,0.996999979019165,0.989300012588501
YLR270W,YJL048C,0,-7.6426907,0.09154347330331802,0.996999979019165,0.9894000291824341
YER165W,YBR183W,0,-7.648658,0.0915350690484047,0.996999979019165,0.9894999861717224
YGL119W,YFL014W,0,-7.65959,0.09152666479349136,0.996999979019165,0.9896000027656555
YPL171C,YPR163C,0,-7.65976,0.09151826798915863,0.996999979019165,0.9897000193595886
YOR245C,YDR300C,0,-7.6707425,0.0915098637342453,0.996999979019165,0.989799976348877
YKR002W,YJR049C,0,-7.6725574,0.09150146692991257,0.996999979019165,0.9898999929428101
YGR118W,YDR178W,0,-7.6733055,0.09149307012557983,0.996999979019165,0.9900000095367432
YBR093C,YDR202C,0,-7.679071,0.0914846733212471,0.996999979019165,0.9901000261306763
YMR069W,YOR281C,0,-7.684219,0.09147628396749496,0.996999979019165,0.9901999831199646
YLL019C,YHR203C,0,-7.6854997,0.09146788716316223,0.996999979019165,0.9902999997138977
YCL040W,YPR094W,0,-7.687164,0.0914594978094101,0.996999979019165,0.9904000163078308
YGL030W,YJR004C,0,-7.6934686,0.09145110845565796,0.996999979019165,0.9904999732971191
YGR145W,YPL224C,0,-7.6957173,0.09144271910190582,0.996999979019165,0.9905999898910522
YBR155W,YPR154W,0,-7.7061405,0.09143433719873428,0.996999979019165,0.9907000064849854
YHR082C,YKR057W,0,-7.711265,0.09142594784498215,0.996999979019165,0.9908000230789185
YOR095C,YBR183W,0,-7.722753,0.09141756594181061,0.996999979019165,0.9908999800682068
YML129C,YBL079W,0,-7.7232847,0.09140918403863907,0.996999979019165,0.9909999966621399
YHL047C,YDL022W,0,-7.7362113,0.09140080958604813,0.996999979019165,0.991100013256073
YNL239W,YHR021C,0,-7.737597,0.09139242768287659,0.996999979019165,0.9911999702453613
YPL211W,YOL117W,0,-7.738724,0.09138405323028564,0.996999979019165,0.9912999868392944
YKL191W,YBR024W,0,-7.743463,0.0913756787776947,0.996999979019165,0.9914000034332275
YOR340C,YPR140W,0,-7.75176,0.09136730432510376,0.996999979019165,0.9915000200271606
YPR124W,YPL144W,0,-7.7577057,0.09135892987251282,0.996999979019165,0.991599977016449
YML120C,YBR061C,0,-7.768581,0.09135055541992188,0.996999979019165,0.9916999936103821
YLR270W,YOR254C,0,-7.772207,0.09134218841791153,0.996999979019165,0.9918000102043152
YDR171W,YDR341C,0,-7.792298,0.09133382141590118,0.996999979019165,0.9919000267982483
YMR014W,YNL110C,1,-7.796035,0.09141705930233002,0.9980000257492065,0.9919000267982483
YLR060W,YCL033C,0,-7.804923,0.09140868484973907,0.9980000257492065,0.9919999837875366
YPR001W,YPR113W,0,-7.8137603,0.09140031039714813,0.9980000257492065,0.9921000003814697
YBR179C,YOL026C,0,-7.817216,0.09139194339513779,0.9980000257492065,0.9922000169754028
YPR190C,YGL227W,0,-7.8286443,0.09138357639312744,0.9980000257492065,0.9922999739646912
YGR083C,YBR006W,0,-7.832479,0.0913752093911171,0.9980000257492065,0.9923999905586243
YOR100C,YER107C,0,-7.843496,0.09136684238910675,0.9980000257492065,0.9925000071525574
YFR014C,YFL045C,0,-7.8460765,0.0913584753870964,0.9980000257492065,0.9926000237464905
YGR155W,YPL123C,0,-7.873488,0.09135011583566666,0.9980000257492065,0.9926999807357788
YGL037C,YJL054W,0,-7.8883896,0.09134175628423691,0.9980000257492065,0.9927999973297119
YDR365C,YPL043W,0,-7.9084544,0.09133339673280716,0.9980000257492065,0.992900013923645
YIL033C,YJR070C,0,-7.9089465,0.09132503718137741,0.9980000257492065,0.9929999709129333
YLR192C,YDL181W,0,-7.913811,0.09131667762994766,0.9980000257492065,0.9930999875068665
YDL181W,YOL093W,0,-7.9150605,0.09130832552909851,0.9980000257492065,0.9932000041007996
YMR041C,YGL246C,0,-7.92074,0.09129997342824936,0.9980000257492065,0.9933000206947327
YJL198W,YMR139W,0,-7.9277873,0.09129162132740021,0.9980000257492065,0.993399977684021
YOL064C,YIL160C,0,-7.9314866,0.09128326922655106,0.9980000257492065,0.9934999942779541
YKL152C,YPL159C,0,-7.9348273,0.0912749245762825,0.9980000257492065,0.9936000108718872
YPR075C,YNR034W,0,-7.9378057,0.09126657247543335,0.9980000257492065,0.9937000274658203
YOR168W,YDR059C,0,-7.942057,0.0912582278251648,0.9980000257492065,0.9937999844551086
YJR073C,YDL077C,0,-7.957522,0.09124988317489624,0.9980000257492065,0.9939000010490417
YMR311C,YJL190C,0,-7.9655976,0.09124154597520828,0.9980000257492065,0.9940000176429749
YMR250W,YNL099C,0,-7.9681015,0.09123320132493973,0.9980000257492065,0.9940999746322632
YBL003C,YML128C,0,-7.971061,0.09122486412525177,0.9980000257492065,0.9941999912261963
YPL221W,YMR250W,0,-7.9763355,0.09121652692556381,0.9980000257492065,0.9943000078201294
YDL083C,YJR004C,0,-7.9798894,0.09120818972587585,0.9980000257492065,0.9944000244140625
YLR133W,YIL066C,0,-7.985203,0.0911998525261879,0.9980000257492065,0.9944999814033508
YBR041W,YPR065W,0,-7.991649,0.09119152277708054,0.9980000257492065,0.9945999979972839
YER054C,YDR418W,0,-8.015354,0.09118318557739258,0.9980000257492065,0.994700014591217
YEL018W,YEL060C,0,-8.017681,0.09117485582828522,0.9980000257492065,0.9947999715805054
YPL262W,YPL240C,0,-8.026757,0.09116652607917786,0.9980000257492065,0.9948999881744385
YPR005C,YNL302C,0,-8.035173,0.09115820378065109,0.9980000257492065,0.9950000047683716
YGR256W,YOL127W,0,-8.055244,0.09114987403154373,0.9980000257492065,0.9951000213623047
YDL111C,YBR006W,0,-8.059697,0.09114155173301697,0.9980000257492065,0.995199978351593
YFR053C,YPR163C,0,-8.064744,0.0911332294344902,0.9980000257492065,0.9952999949455261
YFL016C,YJL098W,0,-8.105404,0.09112490713596344,0.9980000257492065,0.9954000115394592
YDR331W,YFL014W,0,-8.116633,0.09111659228801727,0.9980000257492065,0.9955000281333923
YKR076W,YMR049C,0,-8.124336,0.09110826998949051,0.9980000257492065,0.9955999851226807
YOL082W,YLR060W,0,-8.131256,0.09109995514154434,0.9980000257492065,0.9957000017166138
YER053C,YKR079C,0,-8.137403,0.09109164029359818,0.9980000257492065,0.9958000183105469
YBR169C,YML014W,0,-8.149398,0.09108332544565201,0.9980000257492065,0.9958999752998352
YNL242W,YOR310C,0,-8.154262,0.09107501059770584,0.9980000257492065,0.9959999918937683
YDR147W,YGL205W,0,-8.170122,0.09106670320034027,0.9980000257492065,0.9961000084877014
YDR059C,YOR272W,0,-8.213983,0.0910583958029747,0.9980000257492065,0.9962000250816345
YLR270W,YMR214W,0,-8.229213,0.09105008840560913,0.9980000257492065,0.9962999820709229
YOL044W,YJL190C,0,-8.229832,0.09104178100824356,0.9980000257492065,0.996399998664856
YMR173W,YNR015W,0,-8.24095,0.09103347361087799,0.9980000257492065,0.9965000152587891
YNL274C,YLR106C,0,-8.254644,0.09102517366409302,0.9980000257492065,0.9965999722480774
YML128C,YOL124C,0,-8.256998,0.09101687371730804,0.9980000257492065,0.9966999888420105
YDL045C,YBR048W,0,-8.265139,0.09100857377052307,0.9980000257492065,0.9968000054359436
YDR365C,YEL060C,0,-8.26926,0.0910002738237381,0.9980000257492065,0.9969000220298767
YDR214W,YNL061W,0,-8.28055,0.09099197387695312,0.9980000257492065,0.996999979019165
YMR319C,YBR183W,0,-8.285062,0.09098368138074875,0.9980000257492065,0.9970999956130981
YJL101C,YBL075C,0,-8.31721,0.09097538888454437,0.9980000257492065,0.9972000122070312
YFL014W,YAR033W,0,-8.356369,0.09096709638834,0.9980000257492065,0.9973000288009644
YGR008C,YKL028W,0,-8.38563,0.09095880389213562,0.9980000257492065,0.9973999857902527
YAL017W,YHR197W,0,-8.3927765,0.09095051139593124,0.9980000257492065,0.9975000023841858
YNL061W,YEL060C,0,-8.451485,0.09094222635030746,0.9980000257492065,0.9976000189781189
YGR088W,YPL131W,0,-8.459408,0.09093394130468369,0.9980000257492065,0.9976999759674072
YGR088W,YPR132W,0,-8.465455,0.0909256562590599,0.9980000257492065,0.9977999925613403
YIL053W,YCR083W,0,-8.482422,0.09091737121343613,0.9980000257492065,0.9979000091552734
YBR132C,YOL080C,0,-8.523869,0.09090909361839294,0.9980000257492065,0.9980000257492065
YML128C,YCR072C,0,-8.553535,0.09090080857276917,0.9980000257492065,0.9980999827384949
YMR229C,YNL160W,0,-8.588337,0.09089253097772598,0.9980000257492065,0.998199999332428
YDR148C,YEL026W,0,-8.623479,0.0908842533826828,0.9980000257492065,0.9983000159263611
YMR056C,YKL073W,0,-8.628769,0.09087597578763962,0.9980000257492065,0.9983999729156494
YMR056C,YLR293C,0,-8.800123,0.09086770564317703,0.9980000257492065,0.9984999895095825
YLR060W,YLL026W,0,-8.807127,0.09085943549871445,0.9980000257492065,0.9986000061035156
YBR169C,YML097C,0,-8.8546715,0.09085115790367126,0.9980000257492065,0.9987000226974487
YML120C,YHR197W,0,-8.8733635,0.09084288775920868,0.9980000257492065,0.9987999796867371
YAL054C,YDR171W,0,-8.886296,0.09083462506532669,0.9980000257492065,0.9988999962806702
YDR258C,YGR030C,0,-8.889671,0.0908263549208641,0.9980000257492065,0.9990000128746033
YDL083C,YBR273C,0,-8.932133,0.09081809222698212,0.9980000257492065,0.9991000294685364
YML120C,YJR063W,0,-8.950619,0.09080982953310013,0.9980000257492065,0.9991999864578247
YNL113W,YGR248W,0,-9.04652,0.09080156683921814,0.9980000257492065,0.9993000030517578
YML128C,YGR285C,0,-9.201908,0.09079330414533615,0.9980000257492065,0.9994000196456909
YDR171W,YOL080C,0,-9.258726,0.09078504145145416,0.9980000257492065,0.9994999766349792
YGR088W,YJL191W,0,-9.269302,0.09077678620815277,0.9980000257492065,0.9995999932289124
YMR116C,YBR006W,0,-9.278595,0.09076853096485138,0.9980000257492065,0.9997000098228455
YCL040W,YER126C,0,-9.346609,0.09076027572154999,0.9980000257492065,0.9998000264167786
YJL125C,YPL123C,0,-9.455544,0.0907520204782486,0.9980000257492065,0.9998999834060669
YOL082W,YGL078C,0,-9.498497,0.0907437726855278,0.9980000257492065,1.0
YLR337C,YLR337W,1,-9.741379,0.09082643687725067,0.9990000128746033,1.0
YCR057C,YCR055C,1,-10.665618,0.09090909361839294,1.0,1.0
