Gene A,Gene B,Label,Score,Precision,Recall,False Positive Rate
YIL036W,YHL027W,0,-3.7033947,0.0,0.0,0.00015873015217948705
YPL049C,YOR371C,1,-4.2072563,0.5,0.0015873016091063619,0.00015873015217948705
YOR212W,YDR103W,1,-4.2708583,0.6666666865348816,0.0031746032182127237,0.00015873015217948705
YOL051W,YOR275C,1,-4.4440694,0.75,0.004761904943734407,0.00015873015217948705
YPL084W,YNR047W,0,-4.4570966,0.6000000238418579,0.004761904943734407,0.0003174603043589741
YIL033C,YER089C,0,-4.476241,0.5,0.004761904943734407,0.0004761904710903764
YOR371C,YPL203W,1,-4.486082,0.5714285969734192,0.0063492064364254475,0.0004761904710903764
YDR085C,YJR059W,0,-4.4897265,0.5,0.0063492064364254475,0.0006349206087179482
YAL056W,YOR275C,1,-4.4941783,0.5555555820465088,0.007936508394777775,0.0006349206087179482
YHR073W,YNL294C,1,-4.5136905,0.6000000238418579,0.009523809887468815,0.0006349206087179482
YDR085C,YNR044W,0,-4.5292444,0.5454545617103577,0.009523809887468815,0.0007936508045531809
YCR089W,YPL203W,1,-4.5330505,0.5833333134651184,0.011111111380159855,0.0007936508045531809
YLR229C,YAL056W,1,-4.5529037,0.6153846383094788,0.012698412872850895,0.0007936508045531809
YIL147C,YIL129C,0,-4.557025,0.5714285969734192,0.012698412872850895,0.0009523809421807528
YGR040W,YPL203W,1,-4.571314,0.6000000238418579,0.014285714365541935,0.0009523809421807528
YOR371C,YHR073W,1,-4.5834336,0.625,0.01587301678955555,0.0009523809421807528
YDR103W,YPL203W,1,-4.602791,0.6470588445663452,0.01746031828224659,0.0009523809421807528
YIL033C,YHR161C,0,-4.6199784,0.6111111044883728,0.01746031828224659,0.0011111111380159855
YJL146W,YPR121W,0,-4.644686,0.5789473652839661,0.01746031828224659,0.0012698412174358964
YGL045W,YDL159W,1,-4.680798,0.6000000238418579,0.01904761977493763,0.0012698412174358964
YDL230W,YDR477W,1,-4.7067914,0.6190476417541504,0.02063492126762867,0.0012698412174358964
YOR275C,YDL159W,1,-4.710818,0.6363636255264282,0.02222222276031971,0.0012698412174358964
YOL051W,YDR477W,1,-4.754318,0.6521739363670349,0.02380952425301075,0.0012698412174358964
YHR073W,YOR275C,1,-4.7546306,0.6666666865348816,0.02539682574570179,0.0012698412174358964
YHR084W,YDR103W,1,-4.7683554,0.6800000071525574,0.02698412723839283,0.0012698412174358964
YPR081C,YNL053W,0,-4.7748547,0.6538461446762085,0.02698412723839283,0.0014285714132711291
YOL013C,YML016C,0,-4.7778826,0.6296296119689941,0.02698412723839283,0.0015873016091063619
YDL106C,YIL017C,0,-4.7883143,0.6071428656578064,0.02698412723839283,0.0017460316885262728
YDR477W,YDR392W,1,-4.7912083,0.6206896305084229,0.02857142873108387,0.0017460316885262728
YOL060C,YCR008W,0,-4.791322,0.6000000238418579,0.02857142873108387,0.0019047618843615055
YPL084W,YJR127C,0,-4.8062835,0.5806451439857483,0.02857142873108387,0.0020634920801967382
YCR089W,YGL045W,1,-4.829615,0.59375,0.03015873022377491,0.0020634920801967382
YDR480W,YGL045W,1,-4.8306775,0.6060606241226196,0.0317460335791111,0.0020634920801967382
YFL016C,YDL079C,0,-4.833451,0.5882353186607361,0.0317460335791111,0.002222222276031971
YDR477W,YPL203W,1,-4.8435025,0.6000000238418579,0.03333333507180214,0.002222222276031971
YDR477W,YHR084W,1,-4.8606153,0.6111111044883728,0.03492063656449318,0.002222222276031971
YER020W,YDR477W,1,-4.8678207,0.6216216087341309,0.03650793805718422,0.002222222276031971
YAL031C,YPL053C,0,-4.8833146,0.6052631735801697,0.03650793805718422,0.0023809524718672037
YPR030W,YDR251W,0,-4.88624,0.5897436141967773,0.03650793805718422,0.002539682434871793
YLR205C,YIR033W,0,-4.9151664,0.574999988079071,0.03650793805718422,0.0026984126307070255
YGL045W,YGL208W,1,-4.9160676,0.5853658318519592,0.03809523954987526,0.0026984126307070255
YOL051W,YGL208W,1,-4.921077,0.5952380895614624,0.0396825410425663,0.0026984126307070255
YOL051W,YHR084W,1,-4.9280925,0.604651153087616,0.04126984253525734,0.0026984126307070255
YLR229C,YOR275C,1,-4.9562836,0.6136363744735718,0.04285714402794838,0.0026984126307070255
YNL027W,YPL224C,0,-4.9879923,0.6000000238418579,0.04285714402794838,0.0028571428265422583
YGR040W,YGL208W,1,-4.9951735,0.6086956262588501,0.04444444552063942,0.0028571428265422583
YHR030C,YDR464W,0,-4.9990077,0.5957446694374084,0.04444444552063942,0.003015873022377491
YHR084W,YPL203W,1,-5.0010343,0.6041666865348816,0.04603174701333046,0.003015873022377491
YCR089W,YGL208W,1,-5.001971,0.6122449040412903,0.0476190485060215,0.003015873022377491
YOL016C,YPR055W,0,-5.011226,0.6000000238418579,0.0476190485060215,0.0031746032182127237
YOR371C,YGL045W,1,-5.032411,0.6078431606292725,0.04920634999871254,0.0031746032182127237
YNL317W,YHR030C,0,-5.0397468,0.5961538553237915,0.04920634999871254,0.0033333334140479565
YOR371C,YOR275C,1,-5.0430856,0.6037735939025879,0.05079365149140358,0.0033333334140479565
YER020W,YOR275C,1,-5.0479774,0.6111111044883728,0.05238095298409462,0.0033333334140479565
YLR229C,YDR477W,1,-5.0589013,0.6181818246841431,0.05396825447678566,0.0033333334140479565
YJL146W,YDL079C,0,-5.059118,0.6071428656578064,0.05396825447678566,0.0034920633770525455
YAL056W,YGL045W,1,-5.065453,0.6140350699424744,0.0555555559694767,0.0034920633770525455
YGR040W,YDR103W,1,-5.067147,0.6206896305084229,0.05714285746216774,0.0034920633770525455
YER020W,YDL230W,1,-5.074767,0.6271186470985413,0.05873015895485878,0.0034920633770525455
YLR114C,YMR197C,0,-5.0752454,0.6166666746139526,0.05873015895485878,0.0036507935728877783
YIR019C,YOR275C,1,-5.098122,0.6229507923126221,0.06031746044754982,0.0036507935728877783
YCR088W,YJR110W,0,-5.113856,0.6129032373428345,0.06031746044754982,0.003809523768723011
YMR316W,YDR480W,1,-5.1178,0.6190476417541504,0.06190476194024086,0.003809523768723011
YDL079C,YLR119W,0,-5.1203494,0.609375,0.06190476194024086,0.003968254197388887
YER020W,YOR212W,1,-5.1211143,0.6153846383094788,0.0634920671582222,0.003968254197388887
YOR275C,YPL203W,1,-5.1225967,0.6212121248245239,0.06507936865091324,0.003968254197388887
YNL116W,YJR103W,0,-5.1268783,0.611940324306488,0.06507936865091324,0.0041269841603934765
YIL033C,YHR107C,0,-5.130106,0.6029411554336548,0.06507936865091324,0.004285714123398066
YIR019C,YDR103W,1,-5.131206,0.6086956262588501,0.06666667014360428,0.004285714123398066
YDL197C,YER040W,0,-5.1517262,0.6000000238418579,0.06666667014360428,0.004444444552063942
YOR080W,YHR084W,1,-5.158077,0.6056337952613831,0.06825397163629532,0.004444444552063942
YLR403W,YBR162C,0,-5.165004,0.5972222089767456,0.06825397163629532,0.004603174515068531
YPL084W,YLR390W-A,0,-5.165359,0.5890411138534546,0.06825397163629532,0.004761904943734407
YGL208W,YCR084C,1,-5.165487,0.5945945978164673,0.06984127312898636,0.004761904943734407
YDR151C,YOR178C,0,-5.1668124,0.5866666436195374,0.06984127312898636,0.0049206349067389965
YBR112C,YML013W,0,-5.172802,0.5789473652839661,0.06984127312898636,0.005079364869743586
YKL129C,YKL028W,0,-5.1732945,0.5714285969734192,0.06984127312898636,0.005238095298409462
YJL106W,YMR037C,0,-5.174602,0.5641025900840759,0.06984127312898636,0.005396825261414051
YOR371C,YIR019C,1,-5.1862483,0.5696202516555786,0.0714285746216774,0.005396825261414051
YHR084W,YCR084C,1,-5.195405,0.574999988079071,0.07301587611436844,0.005396825261414051
YGL003C,YBR086C,0,-5.1961174,0.5679012537002563,0.07301587611436844,0.0055555556900799274
YPL221W,YER125W,0,-5.200446,0.5609756112098694,0.07301587611436844,0.0057142856530845165
YOR371C,YAL056W,1,-5.20161,0.5662650465965271,0.07460317760705948,0.0057142856530845165
YNL103W,YDR027C,0,-5.204267,0.5595238208770752,0.07460317760705948,0.005873016081750393
YPL049C,YHR111W,1,-5.207626,0.5647059082984924,0.07619047909975052,0.005873016081750393
YJL106W,YGL037C,0,-5.2135377,0.5581395626068115,0.07619047909975052,0.006031746044754982
YGL208W,YOR212W,1,-5.2280035,0.5632184147834778,0.07777778059244156,0.006031746044754982
YHR073W,YDL230W,1,-5.233314,0.5681818127632141,0.0793650820851326,0.006031746044754982
YOR275C,YGL045W,1,-5.2371507,0.5730336904525757,0.08095238357782364,0.006031746044754982
YHR205W,YGL100W,0,-5.241443,0.5666666626930237,0.08095238357782364,0.006190476007759571
YJL146W,YOR081C,0,-5.250882,0.5604395866394043,0.08095238357782364,0.0063492064364254475
YER020W,YGR040W,1,-5.2555604,0.5652173757553101,0.08253968507051468,0.0063492064364254475
YCR089W,YER020W,1,-5.262113,0.5698924660682678,0.08412698656320572,0.0063492064364254475
YDL106C,YNR039C,0,-5.2658114,0.563829779624939,0.08412698656320572,0.0065079363994300365
YOL051W,YOR371C,1,-5.2689767,0.5684210658073425,0.08571428805589676,0.0065079363994300365
YBR199W,YDR251W,0,-5.2707314,0.5625,0.08571428805589676,0.006666666828095913
YNL230C,YNL268W,0,-5.273007,0.5567010045051575,0.08571428805589676,0.006825396791100502
YOR371C,YHR084W,1,-5.273213,0.5612244606018066,0.0873015895485878,0.006825396791100502
YNL294C,YOR212W,1,-5.273414,0.5656565427780151,0.08888889104127884,0.006825396791100502
YPL049C,YCR084C,1,-5.281035,0.5699999928474426,0.09047619253396988,0.006825396791100502
YPL089C,YGL049C,0,-5.282659,0.5643564462661743,0.09047619253396988,0.006984126754105091
YGR244C,YGR193C,0,-5.297295,0.5588235259056091,0.09047619253396988,0.0071428571827709675
YAL041W,YFR024C-A,0,-5.297319,0.553398072719574,0.09047619253396988,0.0073015871457755566
YGL208W,YDR477W,1,-5.300904,0.557692289352417,0.09206349402666092,0.0073015871457755566
YDL230W,YNL197C,1,-5.3035593,0.561904788017273,0.09365079551935196,0.0073015871457755566
YJL013C,YHR135C,0,-5.3096824,0.5566037893295288,0.09365079551935196,0.007460317574441433
YDL079C,YML013W,0,-5.3099484,0.5514018535614014,0.09365079551935196,0.007619047537446022
YGL045W,YOR212W,1,-5.3192706,0.5555555820465088,0.095238097012043,0.007619047537446022
YHR073W,YOR290C,1,-5.3274817,0.5596330165863037,0.09682539850473404,0.007619047537446022
YPR122W,YOR299W,0,-5.3286977,0.5545454621315002,0.09682539850473404,0.007777777966111898
YPR122W,YLR288C,0,-5.3304915,0.5495495200157166,0.09682539850473404,0.007936508394777775
YER020W,YGL208W,1,-5.331248,0.5535714030265808,0.09841269999742508,0.007936508394777775
YLR248W,YJR049C,0,-5.333967,0.5486725568771362,0.09841269999742508,0.008095238357782364
YFL009W,YPL221W,0,-5.334214,0.5438596606254578,0.09841269999742508,0.008253968320786953
YHR102W,YJL012C,0,-5.3370147,0.539130449295044,0.09841269999742508,0.008412698283791542
YOL051W,YER020W,1,-5.3424554,0.5431034564971924,0.10000000149011612,0.008412698283791542
YER020W,YCR084C,1,-5.343601,0.5470085740089417,0.10158730298280716,0.008412698283791542
YNL294C,YGL045W,1,-5.3481603,0.5508474707603455,0.1031746044754982,0.008412698283791542
YGL194C,YDR162C,0,-5.3482437,0.5462185144424438,0.1031746044754982,0.008571428246796131
YLR370C,YJL106W,0,-5.3538623,0.5416666865348816,0.1031746044754982,0.008730159141123295
YBR036C,YMR052W,0,-5.3575025,0.5371900796890259,0.1031746044754982,0.008888889104127884
YPL049C,YGR040W,1,-5.35933,0.5409836173057556,0.10476190596818924,0.008888889104127884
YGL208W,YDL159W,1,-5.3607955,0.5447154641151428,0.10634920746088028,0.008888889104127884
YJL110C,YJR091C,0,-5.365358,0.5403226017951965,0.10634920746088028,0.009047619067132473
YKL025C,YER005W,0,-5.3683944,0.5360000133514404,0.10634920746088028,0.009206349030137062
YOL051W,YNL294C,1,-5.373569,0.5396825671195984,0.10793650895357132,0.009206349030137062
YPL049C,YOL051W,1,-5.3772736,0.5433070659637451,0.10952381044626236,0.009206349030137062
YDR005C,YDR490C,0,-5.381311,0.5390625,0.10952381044626236,0.009365078993141651
YAL056W,YHR084W,1,-5.381399,0.5426356792449951,0.1111111119389534,0.009365078993141651
YAL017W,YDR145W,0,-5.3847804,0.5384615659713745,0.1111111119389534,0.009523809887468815
YDL115C,YIL119C,0,-5.3888197,0.5343511700630188,0.1111111119389534,0.009682539850473404
YMR184W,YDL132W,0,-5.392748,0.5303030014038086,0.1111111119389534,0.009841269813477993
YLR229C,YPL203W,1,-5.3934264,0.5338345766067505,0.11269841343164444,0.009841269813477993
YDR480W,YHR111W,1,-5.3982496,0.5373134613037109,0.11428571492433548,0.009841269813477993
YGL208W,YHR084W,1,-5.3988023,0.5407407283782959,0.11587301641702652,0.009841269813477993
YHR073W,YHR084W,1,-5.4018493,0.5441176295280457,0.11746031790971756,0.009841269813477993
YKR052C,YLR234W,0,-5.4039817,0.540145993232727,0.11746031790971756,0.009999999776482582
YOR275C,YDR103W,1,-5.406076,0.54347825050354,0.1190476194024086,0.009999999776482582
YDL230W,YHR111W,1,-5.4092617,0.5467625856399536,0.12063492089509964,0.009999999776482582
YIL106W,YGR221C,0,-5.4093423,0.5428571701049805,0.12063492089509964,0.010158729739487171
YER120W,YNR047W,0,-5.410834,0.5390070676803589,0.12063492089509964,0.010317460633814335
YDR072C,YLR248W,0,-5.413634,0.5352112650871277,0.12063492089509964,0.010476190596818924
YPR023C,YNL145W,0,-5.414709,0.5314685106277466,0.12063492089509964,0.010634920559823513
YNL294C,YHR111W,1,-5.4181113,0.5347222089767456,0.12222222238779068,0.010634920559823513
YPL049C,YPL203W,1,-5.4286723,0.5379310250282288,0.12380952388048172,0.010634920559823513
YOR371C,YDL159W,1,-5.4353757,0.5410959124565125,0.12539683282375336,0.010634920559823513
YDR480W,YER020W,1,-5.4445558,0.5442177057266235,0.1269841343164444,0.010634920559823513
YOL051W,YJL089W,1,-5.445541,0.5472972989082336,0.12857143580913544,0.010634920559823513
YPL049C,YDL230W,1,-5.4484982,0.5503355860710144,0.13015873730182648,0.010634920559823513
YPL049C,YGL208W,1,-5.4537144,0.5533333420753479,0.13174603879451752,0.010634920559823513
YCL035C,YNL283C,0,-5.453797,0.5496688485145569,0.13174603879451752,0.010793650522828102
YCR091W,YIL109C,0,-5.454944,0.5460526347160339,0.13174603879451752,0.010952381417155266
YDL197C,YGL066W,0,-5.457029,0.5424836874008179,0.13174603879451752,0.011111111380159855
YOR080W,YDR103W,1,-5.45747,0.5454545617103577,0.13333334028720856,0.011111111380159855
YPL026C,YPR095C,0,-5.458369,0.5419355034828186,0.13333334028720856,0.011269841343164444
YBR107C,YLR005W,0,-5.460752,0.5384615659713745,0.13333334028720856,0.011428571306169033
YPL049C,YER020W,1,-5.4756465,0.5414012670516968,0.1349206417798996,0.011428571306169033
YGL208W,YHR111W,1,-5.489734,0.5443037748336792,0.13650794327259064,0.011428571306169033
YGR040W,YDR477W,1,-5.493942,0.5471698045730591,0.13809524476528168,0.011428571306169033
YGR040W,YOR212W,1,-5.4973454,0.550000011920929,0.13968254625797272,0.011428571306169033
YGL006W,YPR178W,0,-5.5036225,0.5465838313102722,0.13968254625797272,0.011587301269173622
YML118W,YPL026C,0,-5.503727,0.5432098507881165,0.13968254625797272,0.011746032163500786
YOR018W,YHR006W,0,-5.5064416,0.5398772954940796,0.13968254625797272,0.011904762126505375
YER162C,YKL020C,0,-5.507147,0.5365853905677795,0.13968254625797272,0.012063492089509964
YOR290C,YHR084W,1,-5.5179253,0.539393961429596,0.14126984775066376,0.012063492089509964
YOL082W,YLR039C,0,-5.518893,0.5361445546150208,0.14126984775066376,0.012222222052514553
YOR290C,YPL203W,1,-5.520888,0.538922131061554,0.1428571492433548,0.012222222052514553
YGL195W,YDR420W,0,-5.5258155,0.5357142686843872,0.1428571492433548,0.012380952015519142
YOL082W,YCR091W,0,-5.5276046,0.5325443744659424,0.1428571492433548,0.012539682909846306
YAL056W,YDL159W,1,-5.528495,0.5352941155433655,0.14444445073604584,0.012539682909846306
YMR153W,YLR248W,0,-5.5336385,0.5321637392044067,0.14444445073604584,0.012698412872850895
YGR040W,YOR275C,1,-5.537729,0.5348837375640869,0.14603175222873688,0.012698412872850895
YGL208W,YOR290C,1,-5.5440235,0.5375722646713257,0.14761905372142792,0.012698412872850895
YOL016C,YBR065C,0,-5.544685,0.5344827771186829,0.14761905372142792,0.012857142835855484
YCR089W,YNL294C,1,-5.5509973,0.5371428728103638,0.14920635521411896,0.012857142835855484
YBR156C,YDL194W,0,-5.5518622,0.5340909361839294,0.14920635521411896,0.013015872798860073
YIR019C,YNL294C,1,-5.555921,0.5367231369018555,0.15079365670681,0.013015872798860073
YGR040W,YCR084C,1,-5.556965,0.5393258333206177,0.15238095819950104,0.013015872798860073
YBR109C,YOR269W,0,-5.5599704,0.5363128781318665,0.15238095819950104,0.013174602761864662
YOR127W,YHR084W,1,-5.560043,0.5388888716697693,0.15396825969219208,0.013174602761864662
YPL049C,YDR477W,1,-5.5631814,0.541436493396759,0.15555556118488312,0.013174602761864662
YAL041W,YPL196W,0,-5.567394,0.5384615659713745,0.15555556118488312,0.013333333656191826
YHR073W,YOR212W,1,-5.5706916,0.5409836173057556,0.15714286267757416,0.013333333656191826
YNL294C,YGL208W,1,-5.5712976,0.54347825050354,0.1587301641702652,0.013333333656191826
YER088C,YEL041W,0,-5.5723224,0.5405405163764954,0.1587301641702652,0.013492063619196415
YPL256C,YMR164C,0,-5.5744343,0.5376344323158264,0.1587301641702652,0.013650793582201004
YFL021W,YBL105C,0,-5.5821443,0.5347593426704407,0.1587301641702652,0.013809523545205593
YPL084W,YKL028W,0,-5.592298,0.5319148898124695,0.1587301641702652,0.013968253508210182
YNL294C,YHR084W,1,-5.602508,0.5343915224075317,0.16031746566295624,0.013968253508210182
YOR028C,YAL042W,0,-5.603197,0.5315789580345154,0.16031746566295624,0.014126984402537346
YAL056W,YHR111W,1,-5.604071,0.5340313911437988,0.16190476715564728,0.014126984402537346
YER020W,YDR103W,1,-5.6045938,0.5364583134651184,0.16349206864833832,0.014126984402537346
YCR089W,YDL230W,1,-5.605574,0.5388600826263428,0.16507937014102936,0.014126984402537346
YCR084C,YNL197C,1,-5.609568,0.5412371158599854,0.1666666716337204,0.014126984402537346
YMR116C,YOR127W,1,-5.610749,0.5435897707939148,0.16825397312641144,0.014126984402537346
YHR073W,YGL208W,1,-5.6138244,0.545918345451355,0.16984127461910248,0.014126984402537346
YGL045W,YCR084C,1,-5.6139684,0.5482233762741089,0.17142857611179352,0.014126984402537346
YER020W,YOR290C,1,-5.61566,0.5505050420761108,0.17301587760448456,0.014126984402537346
YLR229C,YPL049C,1,-5.615926,0.552763819694519,0.1746031790971756,0.014126984402537346
YDR477W,YOR290C,1,-5.624764,0.5550000071525574,0.17619048058986664,0.014126984402537346
YNL074C,YOR208W,0,-5.6253734,0.5522388219833374,0.17619048058986664,0.014285714365541935
YNL223W,YNL268W,0,-5.6285176,0.5495049357414246,0.17619048058986664,0.014444444328546524
YOR371C,YOR127W,1,-5.630202,0.5517241358757019,0.17777778208255768,0.014444444328546524
YMR081C,YJL129C,0,-5.6325903,0.5490196347236633,0.17777778208255768,0.014603174291551113
YLR310C,YPR030W,0,-5.6357627,0.5463414788246155,0.17777778208255768,0.014761905185878277
YDL230W,YGL045W,1,-5.636981,0.5485436916351318,0.17936508357524872,0.014761905185878277
YOR371C,YDR392W,1,-5.638105,0.5507246255874634,0.18095238506793976,0.014761905185878277
YKR028W,YGL115W,0,-5.640082,0.5480769276618958,0.18095238506793976,0.014920635148882866
YJL024C,YIL135C,0,-5.640434,0.5454545617103577,0.18095238506793976,0.015079365111887455
YIR019C,YPL203W,1,-5.646724,0.5476190447807312,0.1825396865606308,0.015079365111887455
YLR246W,YDL095W,0,-5.6506763,0.5450236797332764,0.1825396865606308,0.015238095074892044
YGL045W,YHR111W,1,-5.6542525,0.5471698045730591,0.18412698805332184,0.015238095074892044
YMR316W,YGL208W,1,-5.6550317,0.5492957830429077,0.18571428954601288,0.015238095074892044
YOR290C,YHR111W,1,-5.6583977,0.5514018535614014,0.18730159103870392,0.015238095074892044
YJL090C,YBR298C,0,-5.661575,0.5488371849060059,0.18730159103870392,0.015396825037896633
YMR238W,YIL129C,0,-5.6651907,0.5462962985038757,0.18730159103870392,0.015555555932223797
YOR239W,YOL068C,0,-5.675408,0.5437787771224976,0.18730159103870392,0.015714285895228386
YMR128W,YFL003C,0,-5.6779723,0.5412843823432922,0.18730159103870392,0.01587301678955555
YJL089W,YDR103W,1,-5.6819625,0.543379008769989,0.18888889253139496,0.01587301678955555
YCR089W,YIR019C,1,-5.683042,0.5454545617103577,0.190476194024086,0.01587301678955555
YAL038W,YHR115C,0,-5.683098,0.5429864525794983,0.190476194024086,0.016031745821237564
YOL051W,YPL203W,1,-5.6910367,0.545045018196106,0.19206349551677704,0.016031745821237564
YIR019C,YGL208W,1,-5.691067,0.5470852255821228,0.19365079700946808,0.016031745821237564
YNL020C,YML034W,0,-5.6973786,0.5446428656578064,0.19365079700946808,0.016190476715564728
YAL016W,YAR035W,0,-5.699118,0.5422222018241882,0.19365079700946808,0.016349205747246742
YIR002C,YOR054C,0,-5.7004724,0.5398229956626892,0.19365079700946808,0.016507936641573906
YNL287W,YMR053C,0,-5.70104,0.5374449491500854,0.19365079700946808,0.01666666753590107
YNL116W,YKR014C,0,-5.704963,0.5350877046585083,0.19365079700946808,0.016825396567583084
YNL023C,YJL101C,0,-5.7049975,0.5327510833740234,0.19365079700946808,0.016984127461910248
YDR189W,YNR023W,0,-5.708578,0.530434787273407,0.19365079700946808,0.017142856493592262
YOR127W,YPL203W,1,-5.715406,0.5324675440788269,0.19523809850215912,0.017142856493592262
YMR316W,YDL159W,1,-5.716474,0.5344827771186829,0.19682539999485016,0.017142856493592262
YJR083C,YJR004C,0,-5.7176876,0.5321888327598572,0.19682539999485016,0.017301587387919426
YPL049C,YCR089W,1,-5.7192388,0.5341880321502686,0.1984127014875412,0.017301587387919426
YHR073W,YPL203W,1,-5.7218575,0.5361701846122742,0.20000000298023224,0.017301587387919426
YOL051W,YGR040W,1,-5.722965,0.5381355881690979,0.20158730447292328,0.017301587387919426
YLR229C,YHR084W,1,-5.725124,0.5400843620300293,0.20317460596561432,0.017301587387919426
YOL051W,YOR290C,1,-5.732182,0.5420168042182922,0.20476190745830536,0.017301587387919426
YER020W,YNL294C,1,-5.732258,0.5439330339431763,0.2063492089509964,0.017301587387919426
YLR231C,YLR328W,0,-5.7331667,0.5416666865348816,0.2063492089509964,0.01746031828224659
YOR127W,YCR084C,1,-5.733989,0.54356849193573,0.20793651044368744,0.01746031828224659
YGL166W,YJR119C,0,-5.735619,0.5413222908973694,0.20793651044368744,0.017619047313928604
YDR263C,YMR313C,0,-5.7358646,0.5390946269035339,0.20793651044368744,0.017777778208255768
YDL024C,YGR040W,1,-5.742278,0.5409836173057556,0.20952381193637848,0.017777778208255768
YDR477W,YBR289W,1,-5.7461824,0.5428571701049805,0.21111111342906952,0.017777778208255768
YER020W,YHR084W,1,-5.7462153,0.5447154641151428,0.21269841492176056,0.017777778208255768
YDL024C,YCR089W,1,-5.7480664,0.546558678150177,0.2142857164144516,0.017777778208255768
YDL005C,YMR070W,0,-5.751595,0.5443548560142517,0.2142857164144516,0.017936507239937782
YOR002W,YOL001W,0,-5.754658,0.5421686768531799,0.2142857164144516,0.018095238134264946
YCR107W,YDR247W,0,-5.756454,0.5400000214576721,0.2142857164144516,0.01825396902859211
YDL083C,YNR031C,0,-5.758178,0.5378485918045044,0.2142857164144516,0.018412698060274124
YNL294C,YDL159W,1,-5.7599797,0.5396825671195984,0.21587301790714264,0.018412698060274124
YOR371C,YOR290C,1,-5.763863,0.5415019989013672,0.21746031939983368,0.018412698060274124
YPL049C,YHR073W,1,-5.7670836,0.5433070659637451,0.21904762089252472,0.018412698060274124
YAL056W,YPL203W,1,-5.7682805,0.545098066329956,0.22063492238521576,0.018412698060274124
YOR080W,YOR212W,1,-5.771129,0.546875,0.2222222238779068,0.018412698060274124
YOL051W,YDR392W,1,-5.772903,0.548638105392456,0.22380952537059784,0.018412698060274124
YIL119C,YKL018W,0,-5.7732387,0.5465116500854492,0.22380952537059784,0.018571428954601288
YER020W,YHR073W,1,-5.773544,0.5482625365257263,0.22539682686328888,0.018571428954601288
YKL064W,YDR479C,0,-5.775822,0.5461538434028625,0.22539682686328888,0.018730157986283302
YLR353W,YNL291C,0,-5.7763295,0.5440613031387329,0.22539682686328888,0.018888888880610466
YBL105C,YNR031C,0,-5.7765555,0.5419847369194031,0.22539682686328888,0.01904761977493763
YKL186C,YFL033C,0,-5.7823195,0.5399239659309387,0.22539682686328888,0.019206348806619644
YCR089W,YOR127W,1,-5.7865634,0.5416666865348816,0.22698412835597992,0.019206348806619644
YMR316W,YNL197C,1,-5.787479,0.5433962345123291,0.22857142984867096,0.019206348806619644
YKL138C-A,YPL124W,0,-5.7901096,0.5413534045219421,0.22857142984867096,0.019365079700946808
YLR229C,YOL051W,1,-5.796148,0.5430711507797241,0.230158731341362,0.019365079700946808
YHR084W,YNL197C,1,-5.7983356,0.5447761416435242,0.23174603283405304,0.019365079700946808
YOL117W,YAL016W,0,-5.7985053,0.5427509546279907,0.23174603283405304,0.019523808732628822
YPL049C,YOR290C,1,-5.7998786,0.5444444417953491,0.23333333432674408,0.019523808732628822
YPL133C,YKR050W,0,-5.799944,0.5424354076385498,0.23333333432674408,0.019682539626955986
YAL051W,YPL268W,0,-5.8046775,0.5404411554336548,0.23333333432674408,0.01984127052128315
YGL206C,YER154W,0,-5.807689,0.5384615659713745,0.23333333432674408,0.019999999552965164
YLR110C,YHR108W,0,-5.8095183,0.5364963412284851,0.23333333432674408,0.020158730447292328
YHR001W,YJR004C,0,-5.8103347,0.5345454812049866,0.23333333432674408,0.020317459478974342
YMR316W,YOR275C,1,-5.816194,0.5362318754196167,0.23492063581943512,0.020317459478974342
YOR371C,YDR477W,1,-5.817099,0.5379061102867126,0.23650793731212616,0.020317459478974342
YGL208W,YPL203W,1,-5.8215966,0.5395683646202087,0.2380952388048172,0.020317459478974342
YIL123W,YDR218C,0,-5.82196,0.5376344323158264,0.2380952388048172,0.020476190373301506
YIL036W,YPL224C,0,-5.8227134,0.5357142686843872,0.2380952388048172,0.02063492126762867
YNL223W,YKL204W,0,-5.823836,0.5338078141212463,0.2380952388048172,0.020793650299310684
YOR221C,YHR161C,0,-5.825793,0.5319148898124695,0.2380952388048172,0.020952381193637848
YEL009C,YPR110C,0,-5.8266687,0.5300353169441223,0.2380952388048172,0.021111110225319862
YNL294C,YOR290C,1,-5.831756,0.5316901206970215,0.23968254029750824,0.021111110225319862
YMR316W,YDR477W,1,-5.832086,0.5333333611488342,0.24126984179019928,0.021111110225319862
YOR127W,YNL294C,1,-5.8325996,0.5349650382995605,0.24285714328289032,0.021111110225319862
YOR275C,YGL208W,1,-5.839189,0.5365853905677795,0.24444444477558136,0.021111110225319862
YIL125W,YHR102W,0,-5.839275,0.5347222089767456,0.24444444477558136,0.021269841119647026
YGL032C,YMR273C,0,-5.8405814,0.5328719615936279,0.24444444477558136,0.02142857201397419
YPL048W,YLR417W,0,-5.8413615,0.5310344696044922,0.24444444477558136,0.021587301045656204
YDR255C,YPL002C,0,-5.84226,0.5292096138000488,0.24444444477558136,0.021746031939983368
YOR127W,YDR103W,1,-5.844933,0.5308219194412231,0.2460317462682724,0.021746031939983368
YHR096C,YMR139W,0,-5.8509846,0.5290102362632751,0.2460317462682724,0.02190476283431053
YIL106W,YGR132C,0,-5.8515244,0.5272108912467957,0.2460317462682724,0.022063491865992546
YOL051W,YOR212W,1,-5.851849,0.5288135409355164,0.24761904776096344,0.022063491865992546
YGR217W,YER052C,0,-5.852461,0.5270270109176636,0.24761904776096344,0.02222222276031971
YNL042W,YJL168C,0,-5.852753,0.5252525210380554,0.24761904776096344,0.022380951792001724
YOR127W,YOR275C,1,-5.853933,0.5268456339836121,0.24920634925365448,0.022380951792001724
YGL045W,YPL203W,1,-5.8591714,0.5284280776977539,0.2507936656475067,0.022380951792001724
YOR275C,YNL294C,1,-5.859984,0.5299999713897705,0.25238096714019775,0.022380951792001724
YDL019C,YIL017C,0,-5.8601623,0.5282391905784607,0.25238096714019775,0.022539682686328888
YLR229C,YMR316W,1,-5.8621,0.5298013091087341,0.2539682686328888,0.022539682686328888
YER020W,YOR371C,1,-5.865163,0.5313531160354614,0.25555557012557983,0.022539682686328888
YDR477W,YOR212W,1,-5.865195,0.5328947305679321,0.2571428716182709,0.022539682686328888
YOR371C,YGL208W,1,-5.8688574,0.534426212310791,0.2587301731109619,0.022539682686328888
YMR311C,YER051W,0,-5.871346,0.5326797366142273,0.2587301731109619,0.02269841358065605
YMR043W,YOR083W,0,-5.8715525,0.5309446454048157,0.2587301731109619,0.022857142612338066
YBR198C,YIL135C,0,-5.8720174,0.5292207598686218,0.2587301731109619,0.02301587350666523
YHR108W,YDR072C,0,-5.8720746,0.5275080800056458,0.2587301731109619,0.023174602538347244
YIL109C,YLR006C,0,-5.873839,0.5258064270019531,0.2587301731109619,0.023333333432674408
YGL044C,YNR047W,0,-5.8754563,0.5241157412528992,0.2587301731109619,0.02349206432700157
YDL137W,YER125W,0,-5.8782773,0.5224359035491943,0.2587301731109619,0.023650793358683586
YDR480W,YDL159W,1,-5.879927,0.5239616632461548,0.26031747460365295,0.023650793358683586
YJR060W,YPL232W,0,-5.8806577,0.522292971611023,0.26031747460365295,0.02380952425301075
YHR111W,YNL197C,1,-5.8816047,0.523809552192688,0.261904776096344,0.02380952425301075
YNL230C,YHR187W,0,-5.8818088,0.5221518874168396,0.261904776096344,0.023968253284692764
YDL230W,YGL208W,1,-5.8830547,0.5236592888832092,0.26349207758903503,0.023968253284692764
YER088C,YGL212W,0,-5.887775,0.5220125913619995,0.26349207758903503,0.024126984179019928
YPR093C,YIL147C,0,-5.888485,0.5203761458396912,0.26349207758903503,0.02428571507334709
YOL051W,YIR019C,1,-5.8964543,0.5218750238418579,0.2650793790817261,0.02428571507334709
YLR390W-A,YDR479C,0,-5.900271,0.5202492475509644,0.2650793790817261,0.024444444105029106
YPR122W,YNL025C,0,-5.9011383,0.5186335444450378,0.2650793790817261,0.02460317499935627
YMR135C,YLR425W,0,-5.9019485,0.5170278549194336,0.2650793790817261,0.024761904031038284
YDL159W,YNL197C,1,-5.9024196,0.5185185074806213,0.2666666805744171,0.024761904031038284
YOR371C,YOR212W,1,-5.902564,0.5199999809265137,0.26825398206710815,0.024761904031038284
YER089C,YCR009C,0,-5.9028316,0.5184049010276794,0.26825398206710815,0.024920634925365448
YIL109C,YIL129C,0,-5.904468,0.5168195962905884,0.26825398206710815,0.02507936581969261
YLR229C,YER020W,1,-5.9055667,0.5182926654815674,0.2698412835597992,0.02507936581969261
YPL049C,YGL045W,1,-5.9088283,0.5197568535804749,0.27142858505249023,0.02507936581969261
YML057W,YJR040W,0,-5.9125476,0.5181818008422852,0.27142858505249023,0.025238094851374626
YGL256W,YPL110C,0,-5.913328,0.5166162848472595,0.27142858505249023,0.02539682574570179
YOL044W,YKR062W,0,-5.9169946,0.5150602459907532,0.27142858505249023,0.025555554777383804
YBR237W,YKR029C,0,-5.9182944,0.5135135054588318,0.27142858505249023,0.025714285671710968
YPR008W,YOR237W,0,-5.9183035,0.5119760632514954,0.27142858505249023,0.02587301656603813
YOR290C,YCR084C,1,-5.9195685,0.5134328603744507,0.2730158865451813,0.02587301656603813
YDL230W,YJL089W,1,-5.9199452,0.5148809552192688,0.2746031880378723,0.02587301656603813
YLR229C,YNL294C,1,-5.9264812,0.5163204669952393,0.27619048953056335,0.02587301656603813
YBR036C,YGL066W,0,-5.9276323,0.5147929191589355,0.27619048953056335,0.026031745597720146
YHR019C,YNL084C,0,-5.9302835,0.5132743120193481,0.27619048953056335,0.02619047649204731
YFR014C,YNL267W,0,-5.9310975,0.5117647051811218,0.27619048953056335,0.026349205523729324
YMR153W,YJL127C,0,-5.931373,0.5102639198303223,0.27619048953056335,0.026507936418056488
YER089C,YCR008W,0,-5.9333873,0.5087719559669495,0.27619048953056335,0.02666666731238365
YNL085W,YDR486C,0,-5.938823,0.5072886347770691,0.27619048953056335,0.026825396344065666
YBR234C,YFL005W,0,-5.938927,0.5058139562606812,0.27619048953056335,0.02698412723839283
YHR073W,YOR127W,1,-5.93895,0.5072463750839233,0.2777777910232544,0.02698412723839283
YLR075W,YDR422C,0,-5.9418006,0.5057803392410278,0.2777777910232544,0.027142856270074844
YFL029C,YKL015W,0,-5.943772,0.5043227672576904,0.2777777910232544,0.027301587164402008
YOR371C,YJL089W,1,-5.9439216,0.5057471394538879,0.27936509251594543,0.027301587164402008
YDR103W,YDL159W,1,-5.951612,0.5071633458137512,0.2809523940086365,0.027301587164402008
YOR178C,YIL123W,0,-5.9523916,0.5057142972946167,0.2809523940086365,0.027460318058729172
YPR161C,YLR005W,0,-5.95464,0.504273533821106,0.2809523940086365,0.027619047090411186
YPL049C,YOR275C,1,-5.9547486,0.5056818127632141,0.2825396955013275,0.027619047090411186
YDR480W,YDR477W,1,-5.95637,0.5070821642875671,0.28412699699401855,0.027619047090411186
YGR092W,YPR140W,0,-5.956696,0.505649745464325,0.28412699699401855,0.02777777798473835
YAL041W,YDR460W,0,-5.958391,0.5042253732681274,0.28412699699401855,0.027936507016420364
YOR322C,YGR289C,0,-5.961782,0.5028089880943298,0.28412699699401855,0.028095237910747528
YLR266C,YOR081C,0,-5.96295,0.5014005899429321,0.28412699699401855,0.028253968805074692
YJR125C,YDR317W,0,-5.965787,0.5,0.28412699699401855,0.028412697836756706
YNL294C,YNL197C,1,-5.970582,0.5013927817344666,0.2857142984867096,0.028412697836756706
YDR294C,YLR417W,0,-5.9716353,0.5,0.2857142984867096,0.02857142873108387
YMR316W,YCR089W,1,-5.9719787,0.5013850331306458,0.28730159997940063,0.02857142873108387
YAL026C,YCR037C,0,-5.972058,0.5,0.28730159997940063,0.028730159625411034
YDL079C,YJL210W,0,-5.9733377,0.4986225962638855,0.28730159997940063,0.028888888657093048
YHR084W,YOR212W,1,-5.9734244,0.5,0.2888889014720917,0.028888888657093048
YLR229C,YNL197C,1,-5.9737754,0.501369833946228,0.2904762029647827,0.028888888657093048
YGL045W,YOR290C,1,-5.9739647,0.5027322173118591,0.29206350445747375,0.028888888657093048
YFL029C,YNL127W,0,-5.9742794,0.5013623833656311,0.29206350445747375,0.029047619551420212
YMR092C,YBR136W,0,-5.978262,0.5,0.29206350445747375,0.029206348583102226
YDR135C,YOR172W,0,-5.978728,0.49864497780799866,0.29206350445747375,0.02936507947742939
YLR399C,YGL129C,0,-5.9795704,0.4972972869873047,0.29206350445747375,0.029523810371756554
YGL178W,YDR523C,0,-5.981192,0.4959568679332733,0.29206350445747375,0.029682539403438568
YDR392W,YHR084W,1,-5.9816337,0.4973118305206299,0.2936508059501648,0.029682539403438568
YBR289W,YHR084W,1,-5.9845996,0.49865952134132385,0.29523810744285583,0.029682539403438568
YHR073W,YHR111W,1,-5.986551,0.5,0.2968254089355469,0.029682539403438568
YGR003W,YGL025C,0,-5.988048,0.4986666738986969,0.2968254089355469,0.029841270297765732
YER133W,YNR039C,0,-5.988266,0.4973404109477997,0.2968254089355469,0.029999999329447746
YNL099C,YGR180C,0,-5.9911323,0.49602121114730835,0.2968254089355469,0.03015873022377491
YMR184W,YDR432W,0,-5.9912934,0.49470898509025574,0.2968254089355469,0.030317461118102074
YLR229C,YOR290C,1,-5.992723,0.4960422217845917,0.2984127104282379,0.030317461118102074
YJL058C,YOR328W,0,-5.9966645,0.49473685026168823,0.2984127104282379,0.030476190149784088
YCR089W,YOR275C,1,-5.997988,0.4960629940032959,0.30000001192092896,0.030476190149784088
YBR236C,YMR072W,0,-5.9992466,0.49476438760757446,0.30000001192092896,0.030634921044111252
YLR229C,YDL159W,1,-6.00258,0.4960835576057434,0.30158731341362,0.030634921044111252
YDR480W,YDR103W,1,-6.0025973,0.4973958432674408,0.30317461490631104,0.030634921044111252
YOR371C,YDL230W,1,-6.0059643,0.4987013041973114,0.3047619163990021,0.030634921044111252
YNL053W,YDL020C,0,-6.0073466,0.49740931391716003,0.3047619163990021,0.030793650075793266
YFR021W,YMR135C,0,-6.0078983,0.4961240291595459,0.3047619163990021,0.03095238097012043
YCR089W,YOR290C,1,-6.0084987,0.4974226951599121,0.3063492178916931,0.03095238097012043
YKL110C,YGR193C,0,-6.010972,0.49614396691322327,0.3063492178916931,0.031111111864447594
YBR236C,YPR032W,0,-6.011905,0.4948717951774597,0.3063492178916931,0.03126984089612961
YIL124W,YDR490C,0,-6.012018,0.4936061501502991,0.3063492178916931,0.03142857179045677
YOR080W,YGR040W,1,-6.0125246,0.4948979616165161,0.30793651938438416,0.03142857179045677
YPR171W,YML013W,0,-6.0134583,0.49363866448402405,0.30793651938438416,0.031587302684783936
YOL012C,YKL043W,0,-6.018169,0.49238577485084534,0.30793651938438416,0.0317460335791111
YOR137C,YPL128C,0,-6.0188766,0.4911392331123352,0.30793651938438416,0.031904760748147964
YMR036C,YJL140W,0,-6.0191607,0.4898989796638489,0.30793651938438416,0.03206349164247513
YIL126W,YJR103W,0,-6.020902,0.48866498470306396,0.30793651938438416,0.03222222253680229
YJR090C,YBR168W,0,-6.022988,0.4874371886253357,0.30793651938438416,0.032380953431129456
YPL075W,YPR198W,0,-6.025244,0.4862155318260193,0.30793651938438416,0.03253968432545662
YNR075W,YDR011W,0,-6.026014,0.48500001430511475,0.30793651938438416,0.032698411494493484
YNL055C,YPR032W,0,-6.0304394,0.4837905168533325,0.30793651938438416,0.03285714238882065
YLR310C,YFL033C,0,-6.0323386,0.482587069272995,0.30793651938438416,0.03301587328314781
YPL128C,YDL224C,0,-6.03253,0.481389582157135,0.30793651938438416,0.033174604177474976
YJR084W,YOL100W,0,-6.0341544,0.4801980257034302,0.30793651938438416,0.03333333507180214
YDL024C,YGL045W,1,-6.034163,0.48148149251937866,0.3095238208770752,0.03333333507180214
YOR275C,YOR290C,1,-6.034361,0.48275861144065857,0.31111112236976624,0.03333333507180214
YCR089W,YOL051W,1,-6.0378757,0.48402947187423706,0.3126984238624573,0.03333333507180214
YIR019C,YHR073W,1,-6.039001,0.4852941036224365,0.3142857253551483,0.03333333507180214
YHR004C,YPR125W,0,-6.0397806,0.4841075837612152,0.3142857253551483,0.033492062240839005
YPR023C,YFL003C,0,-6.0412498,0.4829268157482147,0.3142857253551483,0.03365079313516617
YER167W,YBR218C,0,-6.0432253,0.48175182938575745,0.3142857253551483,0.03380952402949333
YOR322C,YJL129C,0,-6.0462604,0.4805825352668762,0.3142857253551483,0.033968254923820496
YPL155C,YLR417W,0,-6.0476356,0.47941887378692627,0.3142857253551483,0.03412698581814766
YMR316W,YHR073W,1,-6.048552,0.4806763231754303,0.31587302684783936,0.03412698581814766
YDR480W,YCR089W,1,-6.049316,0.4819277226924896,0.3174603283405304,0.03412698581814766
YPL202C,YHR154W,0,-6.0536447,0.48076921701431274,0.3174603283405304,0.034285712987184525
YJL047C,YBR081C,0,-6.05395,0.47961631417274475,0.3174603283405304,0.03444444388151169
YAL056W,YCR084C,1,-6.055059,0.48086124658584595,0.31904762983322144,0.03444444388151169
YNL294C,YJL089W,1,-6.056176,0.482100248336792,0.3206349313259125,0.03444444388151169
YNL271C,YOL117W,0,-6.062196,0.4809523820877075,0.3206349313259125,0.03460317477583885
YLR353W,YPR005C,0,-6.0641046,0.47980996966362,0.3206349313259125,0.034761905670166016
YER020W,YNL197C,1,-6.064222,0.48104265332221985,0.3222222328186035,0.034761905670166016
YJL090C,YBL046W,0,-6.0651135,0.4799054265022278,0.3222222328186035,0.03492063656449318
YDL022W,YDR320C,0,-6.066074,0.4787735939025879,0.3222222328186035,0.035079363733530045
YLR205C,YPR074C,0,-6.0664725,0.477647066116333,0.3222222328186035,0.03523809462785721
YAL017W,YEL013W,0,-6.0745215,0.47652581334114075,0.3222222328186035,0.03539682552218437
YPR034W,YER114C,0,-6.075805,0.4754098355770111,0.3222222328186035,0.035555556416511536
YDL194W,YBR216C,0,-6.07744,0.4742990732192993,0.3222222328186035,0.0357142873108387
YOL051W,YGL045W,1,-6.078141,0.4755244851112366,0.32380953431129456,0.0357142873108387
YOR371C,YDR103W,1,-6.080116,0.4767441749572754,0.3253968358039856,0.0357142873108387
YPR049C,YPL016W,0,-6.0804734,0.4756380617618561,0.3253968358039856,0.035873014479875565
YOR113W,YGR274C,0,-6.0825133,0.47453704476356506,0.3253968358039856,0.03603174537420273
YDL045C,YOR213C,0,-6.0830383,0.47344109416007996,0.3253968358039856,0.03619047626852989
YDL076C,YKR053C,0,-6.084315,0.47235023975372314,0.3253968358039856,0.036349207162857056
YOR171C,YLR447C,0,-6.0845466,0.4712643623352051,0.3253968358039856,0.03650793805718422
YDR392W,YNL197C,1,-6.0872636,0.4724770784378052,0.32698413729667664,0.03650793805718422
YDR005C,YNL053W,0,-6.090806,0.471395879983902,0.32698413729667664,0.036666665226221085
YGL133W,YOR230W,0,-6.0912833,0.47031962871551514,0.32698413729667664,0.03682539612054825
YMR316W,YOL051W,1,-6.0913854,0.47152620553970337,0.3285714387893677,0.03682539612054825
YKL152C,YIL149C,0,-6.0919075,0.47045454382896423,0.3285714387893677,0.03698412701487541
YCR008W,YGR162W,0,-6.0921025,0.4693877696990967,0.3285714387893677,0.037142857909202576
YLR229C,YGL208W,1,-6.0955653,0.47058823704719543,0.3301587402820587,0.037142857909202576
YBR234C,YKL189W,0,-6.0970283,0.4695259630680084,0.3301587402820587,0.03730158880352974
YCR028C,YGR002C,0,-6.097281,0.46846845746040344,0.3301587402820587,0.037460315972566605
YCR091W,YIL147C,0,-6.1002154,0.4674157202243805,0.3301587402820587,0.03761904686689377
YOR275C,YOR212W,1,-6.104533,0.46860986948013306,0.33174604177474976,0.03761904686689377
YPL149W,YGL232W,0,-6.10607,0.4675615131855011,0.33174604177474976,0.03777777776122093
YHR004C,YJL076W,0,-6.106565,0.4665178656578064,0.33174604177474976,0.037936508655548096
YDL160C,YPL206C,0,-6.106832,0.4654788374900818,0.33174604177474976,0.03809523954987526
YDL003W,YPL089C,0,-6.107443,0.46444445848464966,0.33174604177474976,0.038253966718912125
YGL119W,YBR097W,0,-6.107553,0.46341463923454285,0.33174604177474976,0.03841269761323929
YLR214W,YBL103C,0,-6.1103745,0.46238937973976135,0.33174604177474976,0.03857142850756645
YOR371C,YNL294C,1,-6.1121144,0.46357616782188416,0.3333333432674408,0.03857142850756645
YFL039C,YMR167W,0,-6.1124086,0.46255508065223694,0.3333333432674408,0.038730159401893616
YLR026C,YPL214C,0,-6.113016,0.4615384638309479,0.3333333432674408,0.03888889029622078
YLR229C,YHR073W,1,-6.1134872,0.46271929144859314,0.33492064476013184,0.03888889029622078
YDR456W,YJR127C,0,-6.1146617,0.4617067873477936,0.33492064476013184,0.039047617465257645
YCR093W,YLR328W,0,-6.114789,0.4606986939907074,0.33492064476013184,0.03920634835958481
YAL056W,YGL208W,1,-6.116025,0.4618736505508423,0.3365079462528229,0.03920634835958481
YDL095W,YOR054C,0,-6.1165166,0.46086955070495605,0.3365079462528229,0.03936507925391197
YCL040W,YLR006C,0,-6.1170373,0.4598698616027832,0.3365079462528229,0.039523810148239136
YPL135W,YOR171C,0,-6.1216874,0.4588744640350342,0.3365079462528229,0.0396825410425663
YDL165W,YDL190C,0,-6.1250567,0.457883358001709,0.3365079462528229,0.039841268211603165
YPR021C,YDR394W,0,-6.126546,0.4568965435028076,0.3365079462528229,0.03999999910593033
YML004C,YJL094C,0,-6.1270003,0.4559139907360077,0.3365079462528229,0.04015873000025749
YHR073W,YDR477W,1,-6.1293254,0.45708155632019043,0.3380952477455139,0.04015873000025749
YLR357W,YIL076W,0,-6.129988,0.45610278844833374,0.3380952477455139,0.040317460894584656
YCR084C,YHR111W,1,-6.1305633,0.4572649598121643,0.33968254923820496,0.040317460894584656
YOR290C,YDL159W,1,-6.131115,0.4584221839904785,0.341269850730896,0.040317460894584656
YFR014C,YGL073W,0,-6.1314073,0.457446813583374,0.341269850730896,0.04047619178891182
YMR037C,YDR404C,0,-6.1321306,0.4564755856990814,0.341269850730896,0.040634918957948685
YKL204W,YBR173C,0,-6.1328845,0.4555084705352783,0.341269850730896,0.04079364985227585
YMR128W,YPL192C,0,-6.1354156,0.4545454680919647,0.341269850730896,0.04095238074660301
YDR421W,YLR316C,0,-6.136207,0.45358648896217346,0.341269850730896,0.041111111640930176
YGL219C,YHR150W,0,-6.136302,0.4526315927505493,0.341269850730896,0.04126984253525734
YER020W,YDR392W,1,-6.136615,0.45378151535987854,0.34285715222358704,0.04126984253525734
YNL267W,YEL013W,0,-6.1367526,0.4528301954269409,0.34285715222358704,0.041428569704294205
YPL203W,YNL197C,1,-6.1368737,0.4539749026298523,0.3444444537162781,0.041428569704294205
YDR346C,YGR241C,0,-6.1388497,0.4530271291732788,0.3444444537162781,0.04158730059862137
YKL092C,YFR040W,0,-6.140799,0.4520833194255829,0.3444444537162781,0.04174603149294853
YIL009W,YIL147C,0,-6.1414847,0.45114344358444214,0.3444444537162781,0.041904762387275696
YPL049C,YDR103W,1,-6.1470056,0.4522821605205536,0.3460317552089691,0.041904762387275696
YDR477W,YDL159W,1,-6.147186,0.4534161388874054,0.34761905670166016,0.041904762387275696
YCR091W,YFR003C,0,-6.147369,0.4524793326854706,0.34761905670166016,0.04206349328160286
YLR067C,YBL103C,0,-6.1473966,0.45154640078544617,0.34761905670166016,0.042222220450639725
YHR190W,YOL123W,0,-6.1482205,0.4506172835826874,0.34761905670166016,0.04238095134496689
YPR075C,YBL046W,0,-6.149573,0.4496919810771942,0.34761905670166016,0.04253968223929405
YPL053C,YCR053W,0,-6.1513767,0.4487704932689667,0.34761905670166016,0.042698413133621216
YPL049C,YOR127W,1,-6.1516094,0.44989773631095886,0.3492063581943512,0.042698413133621216
YGL119W,YJL222W,0,-6.156288,0.44897958636283875,0.3492063581943512,0.04285714402794838
YGL073W,YKR089C,0,-6.1591735,0.4480651617050171,0.3492063581943512,0.043015871196985245
YPL110C,YJL002C,0,-6.159537,0.4471544623374939,0.3492063581943512,0.04317460209131241
YKL025C,YNR026C,0,-6.1598897,0.4462474584579468,0.3492063581943512,0.04333333298563957
YCR042C,YER072W,0,-6.161657,0.44534412026405334,0.3492063581943512,0.043492063879966736
YGL028C,YNL032W,0,-6.1617475,0.4444444477558136,0.3492063581943512,0.0436507947742939
YGL133W,YDR312W,0,-6.1617775,0.44354838132858276,0.3492063581943512,0.04380952566862106
YHR039C,YOR137C,0,-6.162227,0.44265592098236084,0.3492063581943512,0.04396825283765793
YDR517W,YBR213W,0,-6.166758,0.4417670667171478,0.3492063581943512,0.04412698373198509
YOR290C,YDR392W,1,-6.167849,0.44288578629493713,0.35079365968704224,0.04412698373198509
YCR089W,YDL159W,1,-6.168902,0.4440000057220459,0.3523809611797333,0.04412698373198509
YHR174W,YGR135W,0,-6.1710877,0.443113774061203,0.3523809611797333,0.044285714626312256
YOL051W,YNL197C,1,-6.172268,0.4442231059074402,0.3539682626724243,0.044285714626312256
YHR191C,YPR006C,0,-6.173435,0.4433399736881256,0.3539682626724243,0.04444444552063942
YJL101C,YIL109C,0,-6.1743703,0.4424603283405304,0.3539682626724243,0.04460317641496658
YPR049C,YDR490C,0,-6.1750827,0.44158416986465454,0.3539682626724243,0.04476190358400345
YDL019C,YGL113W,0,-6.1764374,0.44071146845817566,0.3539682626724243,0.04492063447833061
YMR116C,YDL159W,1,-6.176853,0.4418146014213562,0.35555556416511536,0.04492063447833061
YPL049C,YNL197C,1,-6.1785903,0.44291338324546814,0.3571428656578064,0.04492063447833061
YGL017W,YJL141C,0,-6.1786494,0.4420432150363922,0.3571428656578064,0.045079365372657776
YDL099W,YLR286C,0,-6.1789966,0.44117647409439087,0.3571428656578064,0.04523809626698494
YBR295W,YDR436W,0,-6.1792245,0.44031310081481934,0.3571428656578064,0.0453968271613121
YPL075W,YPR088C,0,-6.1830373,0.439453125,0.3571428656578064,0.04555555433034897
YGR134W,YDL188C,0,-6.183503,0.4385964870452881,0.3571428656578064,0.04571428522467613
YDR208W,YDR289C,0,-6.186983,0.4377431869506836,0.3571428656578064,0.045873016119003296
YLR312C-B,YJR110W,0,-6.187694,0.43689319491386414,0.3571428656578064,0.04603174701333046
YDL024C,YOR212W,1,-6.1881638,0.43798449635505676,0.35873016715049744,0.04603174701333046
YKL064W,YKL025C,0,-6.193318,0.43713733553886414,0.35873016715049744,0.04619047790765762
YKL046C,YPL176C,0,-6.1938415,0.43629342317581177,0.35873016715049744,0.04634920507669449
YMR052W,YGL144C,0,-6.19511,0.43545278906822205,0.35873016715049744,0.04650793597102165
YFR021W,YMR186W,0,-6.195959,0.4346153736114502,0.35873016715049744,0.046666666865348816
YHR108W,YMR192W,0,-6.1975207,0.4337811768054962,0.35873016715049744,0.04682539775967598
YPR155C,YHR030C,0,-6.2007976,0.4329501986503601,0.35873016715049744,0.04698412865400314
YHR073W,YDR392W,1,-6.201734,0.43403440713882446,0.3603174686431885,0.04698412865400314
YKL213C,YOR209C,0,-6.202561,0.43320611119270325,0.3603174686431885,0.04714285582304001
YOR127W,YGL208W,1,-6.203371,0.4342857003211975,0.3619047701358795,0.04714285582304001
YGR040W,YOR127W,1,-6.2042003,0.43536120653152466,0.36349207162857056,0.04714285582304001
YGL208W,YDR392W,1,-6.205549,0.4364326298236847,0.3650793731212616,0.04714285582304001
YOR002W,YKL032C,0,-6.2058616,0.43560606241226196,0.3650793731212616,0.04730158671736717
YFR024C-A,YMR026C,0,-6.206112,0.43478259444236755,0.3650793731212616,0.047460317611694336
YIL044C,YGL173C,0,-6.2088733,0.43396225571632385,0.3650793731212616,0.0476190485060215
YOL067C,YCR008W,0,-6.209163,0.43314501643180847,0.3650793731212616,0.04777777940034866
YDL024C,YOR371C,1,-6.2108564,0.43421053886413574,0.36666667461395264,0.04777777940034866
YHR158C,YOL117W,0,-6.212004,0.4333958625793457,0.36666667461395264,0.04793650656938553
YMR316W,YPL049C,1,-6.213024,0.4344569146633148,0.3682539761066437,0.04793650656938553
YMR316W,YER020W,1,-6.2153234,0.43551403284072876,0.3698412775993347,0.04793650656938553
YMR255W,YNL283C,0,-6.215921,0.43470150232315063,0.3698412775993347,0.04809523746371269
YAL040C,YGL192W,0,-6.218679,0.43389198184013367,0.3698412775993347,0.048253968358039856
YNL294C,YCR084C,1,-6.2187467,0.4349442422389984,0.37142857909202576,0.048253968358039856
YNL220W,YLR119W,0,-6.2215056,0.4341372847557068,0.37142857909202576,0.04841269925236702
YIR019C,YOR290C,1,-6.221844,0.43518519401550293,0.3730158805847168,0.04841269925236702
YNR049C,YLR039C,0,-6.2277246,0.43438076972961426,0.3730158805847168,0.04857143014669418
YEL062W,YDL188C,0,-6.2279735,0.43357932567596436,0.3730158805847168,0.04873015731573105
YDR005C,YPL006W,0,-6.2286143,0.4327808618545532,0.3730158805847168,0.04888888821005821
YOL051W,YHR073W,1,-6.2324686,0.43382352590560913,0.37460318207740784,0.04888888821005821
YGR040W,YOR290C,1,-6.2327724,0.4348623752593994,0.3761904835700989,0.04888888821005821
YNL323W,YFL003C,0,-6.233276,0.43406593799591064,0.3761904835700989,0.049047619104385376
YGL025C,YMR016C,0,-6.233645,0.4332723915576935,0.3761904835700989,0.04920634999871254
YDR317W,YNL093W,0,-6.2353845,0.4324817657470703,0.3761904835700989,0.0493650808930397
YER020W,YIR019C,1,-6.237372,0.4335154891014099,0.3777777850627899,0.0493650808930397
YOR275C,YJL089W,1,-6.2384124,0.43454545736312866,0.37936508655548096,0.0493650808930397
YDL159W,YPL203W,1,-6.2402945,0.43557170033454895,0.380952388048172,0.0493650808930397
YOR299W,YLR368W,0,-6.2420316,0.43478259444236755,0.380952388048172,0.04952380806207657
YOR193W,YMR273C,0,-6.2426324,0.43399637937545776,0.380952388048172,0.04968253895640373
YHR206W,YDR515W,0,-6.243645,0.4332129955291748,0.380952388048172,0.049841269850730896
YAL041W,YJR040W,0,-6.2461314,0.4324324429035187,0.380952388048172,0.05000000074505806
YDR473C,YOR380W,0,-6.250291,0.4316546618938446,0.380952388048172,0.05015873163938522
YLR342W,YGL252C,0,-6.251409,0.43087971210479736,0.380952388048172,0.05031745880842209
YKL204W,YKR014C,0,-6.253116,0.4301075339317322,0.380952388048172,0.05047618970274925
YBR289W,YCR084C,1,-6.2534156,0.43112701177597046,0.38253968954086304,0.05047618970274925
YNL123W,YAL016W,0,-6.25543,0.4303571283817291,0.38253968954086304,0.050634920597076416
YHR165C,YPR125W,0,-6.256248,0.42959001660346985,0.38253968954086304,0.05079365149140358
YOR080W,YCR089W,1,-6.2588124,0.4306049942970276,0.3841269910335541,0.05079365149140358
YGR040W,YGL045W,1,-6.260077,0.43161633610725403,0.3857142925262451,0.05079365149140358
YNL085W,YNL231C,0,-6.2603965,0.4308510720729828,0.3857142925262451,0.05095238238573074
YOR127W,YOR290C,1,-6.2618833,0.4318584203720093,0.38730159401893616,0.05095238238573074
YOR212W,YHR111W,1,-6.2619195,0.43286219239234924,0.3888888955116272,0.05095238238573074
YBR107C,YJL222W,0,-6.2622294,0.43209877610206604,0.3888888955116272,0.05111110955476761
YHR073W,YJL089W,1,-6.2631497,0.43309858441352844,0.39047619700431824,0.05111110955476761
YJR025C,YOR172W,0,-6.2635617,0.4323374330997467,0.39047619700431824,0.05126984044909477
YGR040W,YNL119W,1,-6.2687593,0.4333333373069763,0.3920634984970093,0.05126984044909477
YJL100W,YKR055W,0,-6.269403,0.43257442116737366,0.3920634984970093,0.051428571343421936
YIL140W,YEL069C,0,-6.270181,0.4318181872367859,0.3920634984970093,0.0515873022377491
YCR089W,YDR103W,1,-6.270517,0.4328097701072693,0.3936507999897003,0.0515873022377491
YKL040C,YGR133W,0,-6.27184,0.4320557415485382,0.3936507999897003,0.05174603313207626
YGR225W,YPR082C,0,-6.2724733,0.43130433559417725,0.3936507999897003,0.05190476030111313
YDL024C,YHR084W,1,-6.274685,0.4322916567325592,0.39523810148239136,0.05190476030111313
YPL203W,YHR111W,1,-6.27605,0.4332755506038666,0.3968254029750824,0.05190476030111313
YBR233W-A,YDR135C,0,-6.276792,0.43252596259117126,0.3968254029750824,0.05206349119544029
YBR130C,YCL008C,0,-6.277799,0.4317789375782013,0.3968254029750824,0.052222222089767456
YDL230W,YCR084C,1,-6.2811127,0.432758629322052,0.39841270446777344,0.052222222089767456
YLR201C,YDR523C,0,-6.281909,0.43201377987861633,0.39841270446777344,0.05238095298409462
YAL056W,YOR212W,1,-6.2846527,0.4329896867275238,0.4000000059604645,0.05238095298409462
YJR150C,YCL055W,0,-6.2850823,0.43224701285362244,0.4000000059604645,0.05253968387842178
YJR084W,YFR040W,0,-6.28544,0.43150684237480164,0.4000000059604645,0.05269841104745865
YDL087C,YKL043W,0,-6.287166,0.4307692348957062,0.4000000059604645,0.05285714194178581
YDL230W,YOR275C,1,-6.2880464,0.4317406117916107,0.4015873074531555,0.05285714194178581
YKR019C,YNL216W,0,-6.2909636,0.4310051202774048,0.4015873074531555,0.053015872836112976
YJR060W,YLR136C,0,-6.2910347,0.43027210235595703,0.4015873074531555,0.05317460373044014
YAL024C,YNL257C,0,-6.2927895,0.42954158782958984,0.4015873074531555,0.0533333346247673
YDR062W,YLR067C,0,-6.294905,0.42881354689598083,0.4015873074531555,0.05349206179380417
YNL271C,YDR490C,0,-6.29538,0.42808797955513,0.4015873074531555,0.05365079268813133
YKR067W,YNL293W,0,-6.2975736,0.42736485600471497,0.4015873074531555,0.053809523582458496
YDL230W,YNL294C,1,-6.298179,0.42833051085472107,0.40317460894584656,0.053809523582458496
YOR018W,YPL138C,0,-6.3006396,0.4276094138622284,0.40317460894584656,0.05396825447678566
YLR229C,YOR080W,1,-6.3009806,0.4285714328289032,0.4047619104385376,0.05396825447678566
YDL159W,YCR084C,1,-6.30275,0.42953020334243774,0.40634921193122864,0.05396825447678566
YMR061W,YBR156C,0,-6.307074,0.428810715675354,0.40634921193122864,0.054126985371112823
YER020W,YGL045W,1,-6.307278,0.42976588010787964,0.4079365134239197,0.054126985371112823
YHR158C,YCR008W,0,-6.310377,0.42904841899871826,0.4079365134239197,0.05428571254014969
YBR234C,YER005W,0,-6.310662,0.4283333420753479,0.4079365134239197,0.05444444343447685
YDR103W,YCR084C,1,-6.313025,0.4292845129966736,0.4095238149166107,0.05444444343447685
YAL056W,YHR073W,1,-6.3131137,0.43023255467414856,0.41111111640930176,0.05444444343447685
YBR059C,YDL247W,0,-6.3149905,0.42951905727386475,0.41111111640930176,0.054603174328804016
YPL140C,YGL048C,0,-6.3162374,0.42880794405937195,0.41111111640930176,0.05476190522313118
YDL024C,YOL051W,1,-6.3178983,0.42975205183029175,0.4126984179019928,0.05476190522313118
YMR016C,YJL045W,0,-6.3179326,0.42904290556907654,0.4126984179019928,0.054920636117458344
YIL010W,YOR322C,0,-6.3188634,0.42833608388900757,0.4126984179019928,0.05507936328649521
YIR019C,YJL089W,1,-6.319799,0.42927631735801697,0.41428571939468384,0.05507936328649521
YDR182W,YJL005W,0,-6.3200126,0.4285714328289032,0.41428571939468384,0.05523809418082237
YMR116C,YOR080W,1,-6.320022,0.4295082092285156,0.4158730208873749,0.05523809418082237
YOR127W,YOR212W,1,-6.3202605,0.43044188618659973,0.4174603223800659,0.05523809418082237
YMR204C,YGL055W,0,-6.321057,0.4297385513782501,0.4174603223800659,0.055396825075149536
YPR049C,YDR011W,0,-6.321783,0.42903751134872437,0.4174603223800659,0.0555555559694767
YIR033W,YJL087C,0,-6.3246965,0.42833876609802246,0.4174603223800659,0.055714286863803864
YDL020C,YBR081C,0,-6.325996,0.427642285823822,0.4174603223800659,0.05587301403284073
YKL204W,YPL171C,0,-6.3260827,0.42694804072380066,0.4174603223800659,0.05603174492716789
YDR480W,YHR084W,1,-6.3286457,0.4278768301010132,0.41904762387275696,0.05603174492716789
YAL056W,YDL230W,1,-6.3291745,0.42880257964134216,0.420634925365448,0.05603174492716789
YOL012C,YKR029C,0,-6.329314,0.4281098544597626,0.420634925365448,0.056190475821495056
YPR017C,YFR008W,0,-6.3297315,0.42741936445236206,0.420634925365448,0.05634920671582222
YDR206W,YJL047C,0,-6.33046,0.42673107981681824,0.420634925365448,0.056507937610149384
YMR316W,YOR212W,1,-6.3311677,0.4276527464389801,0.42222222685813904,0.056507937610149384
YOL064C,YKR079C,0,-6.3326316,0.42696627974510193,0.42222222685813904,0.05666666850447655
YPL049C,YAL056W,1,-6.3331256,0.42788460850715637,0.4238095283508301,0.05666666850447655
YBR289W,YHR111W,1,-6.333855,0.42879998683929443,0.4253968298435211,0.05666666850447655
YPL118W,YDL140C,0,-6.3381944,0.42811501026153564,0.4253968298435211,0.05682539567351341
YOR212W,YNL197C,1,-6.339547,0.42902711033821106,0.42698413133621216,0.05682539567351341
YER045C,YHR204W,0,-6.340348,0.4283439517021179,0.42698413133621216,0.056984126567840576
YNR059W,YJL019W,0,-6.3409925,0.4276629686355591,0.42698413133621216,0.05714285746216774
YLR080W,YPR095C,0,-6.3410697,0.42698413133621216,0.42698413133621216,0.057301588356494904
YNL027W,YJL030W,0,-6.3418884,0.42630743980407715,0.42698413133621216,0.05746031925082207
YPL096C-A,YLR350W,0,-6.342109,0.42563292384147644,0.42698413133621216,0.05761904641985893
YJR049C,YDR259C,0,-6.342254,0.42496049404144287,0.42698413133621216,0.057777777314186096
YPL203W,YCR084C,1,-6.342874,0.42586749792099,0.4285714328289032,0.057777777314186096
YBR279W,YML013W,0,-6.344792,0.4251968562602997,0.4285714328289032,0.05793650820851326
YCR093W,YEL013W,0,-6.3476233,0.4245283007621765,0.4285714328289032,0.058095239102840424
YPR183W,YJR110W,0,-6.347661,0.42386186122894287,0.4285714328289032,0.05825396999716759
YLR220W,YER116C,0,-6.347981,0.423197478055954,0.4285714328289032,0.05841269716620445
YNL294C,YPL203W,1,-6.351941,0.4241001605987549,0.43015873432159424,0.05841269716620445
YAL010C,YER068W,0,-6.355268,0.4234375059604645,0.43015873432159424,0.058571428060531616
YLR229C,YDR392W,1,-6.3579373,0.4243369698524475,0.4317460358142853,0.058571428060531616
YBR289W,YNL197C,1,-6.3589573,0.4252336323261261,0.4333333373069763,0.058571428060531616
YJR091C,YPR113W,0,-6.3608704,0.42457231879234314,0.4333333373069763,0.05873015895485878
YMR070W,YCR053W,0,-6.3619094,0.42391303181648254,0.4333333373069763,0.058888889849185944
YDR480W,YGL208W,1,-6.36426,0.4248062074184418,0.43492063879966736,0.058888889849185944
YLR098C,YJR090C,0,-6.3665733,0.4241486191749573,0.43492063879966736,0.05904762074351311
YGR133W,YGR002C,0,-6.366825,0.42349305748939514,0.43492063879966736,0.05920634791254997
YML006C,YKL020C,0,-6.366897,0.422839492559433,0.43492063879966736,0.059365078806877136
YJL020C,YMR137C,0,-6.367372,0.4221879839897156,0.43492063879966736,0.0595238097012043
YDL230W,YOR212W,1,-6.3678784,0.42307692766189575,0.4365079402923584,0.0595238097012043
YDL230W,YDR392W,1,-6.368091,0.42396312952041626,0.43809524178504944,0.0595238097012043
YEL069C,YGR086C,0,-6.3693147,0.42331287264823914,0.43809524178504944,0.059682540595531464
YDR477W,YDR103W,1,-6.3694263,0.4241960048675537,0.4396825432777405,0.059682540595531464
YMR264W,YMR125W,0,-6.369674,0.4235473871231079,0.4396825432777405,0.05984127148985863
YGL190C,YPL160W,0,-6.371632,0.4229007661342621,0.4396825432777405,0.05999999865889549
YLR095C,YNR023W,0,-6.3726325,0.42225611209869385,0.4396825432777405,0.060158729553222656
YBR135W,YNL127W,0,-6.374064,0.4216133952140808,0.4396825432777405,0.06031746044754982
YDL106C,YOR054C,0,-6.375326,0.42097264528274536,0.4396825432777405,0.060476191341876984
YER053C,YDL194W,0,-6.377583,0.4203338325023651,0.4396825432777405,0.06063492223620415
YOR180C,YBL002W,0,-6.3799796,0.41969695687294006,0.4396825432777405,0.06079364940524101
YBR109C,YOR129C,0,-6.3818536,0.4190620183944702,0.4396825432777405,0.060952380299568176
YBR256C,YPL042C,0,-6.38273,0.41842901706695557,0.4396825432777405,0.06111111119389534
YOR267C,YIL014W,0,-6.385693,0.41779789328575134,0.4396825432777405,0.061269842088222504
YPL049C,YIR019C,1,-6.385814,0.4186747074127197,0.4412698447704315,0.061269842088222504
YGL045W,YNL197C,1,-6.3859096,0.4195488691329956,0.44285714626312256,0.061269842088222504
YMR316W,YOR290C,1,-6.3886614,0.42042040824890137,0.4444444477558136,0.061269842088222504
YER021W,YCL031C,0,-6.390011,0.419790118932724,0.4444444477558136,0.06142857298254967
YOL071W,YEL037C,0,-6.390659,0.41916167736053467,0.4444444477558136,0.06158730015158653
YOR275C,YDR477W,1,-6.391682,0.4200299084186554,0.44603174924850464,0.06158730015158653
YLR080W,YCL067C,0,-6.399157,0.41940298676490784,0.44603174924850464,0.061746031045913696
YOR036W,YPR056W,0,-6.4002914,0.4187779426574707,0.44603174924850464,0.06190476194024086
YOR381W,YMR192W,0,-6.403358,0.418154776096344,0.44603174924850464,0.062063492834568024
YIL073C,YPL138C,0,-6.4039383,0.41753342747688293,0.44603174924850464,0.06222222372889519
YLR229C,YOR127W,1,-6.4049134,0.4183976352214813,0.4476190507411957,0.06222222372889519
YGR040W,YJL089W,1,-6.4064665,0.419259250164032,0.4492063522338867,0.06222222372889519
YDL230W,YOR127W,1,-6.407404,0.4201183319091797,0.45079365372657776,0.06222222372889519
YLR096W,YGR009C,0,-6.407656,0.4194977879524231,0.45079365372657776,0.06238095089793205
YDR009W,YJR131W,0,-6.4097075,0.41887906193733215,0.45079365372657776,0.06253968179225922
YDR432W,YML032C,0,-6.410216,0.41826215386390686,0.45079365372657776,0.06269841641187668
YBR289W,YDR103W,1,-6.4118066,0.41911765933036804,0.4523809552192688,0.06269841641187668
YNL116W,YHR206W,0,-6.4145246,0.41850221157073975,0.4523809552192688,0.06285714358091354
YMR275C,YML007W,0,-6.415046,0.4178885519504547,0.4523809552192688,0.06301587074995041
YER026C,YPL121C,0,-6.4174356,0.4172767102718353,0.4523809552192688,0.06317460536956787
YDL024C,YIR019C,1,-6.4176383,0.4181286692619324,0.45396825671195984,0.06317460536956787
YFL005W,YKR059W,0,-6.417665,0.4175182580947876,0.45396825671195984,0.06333333253860474
YGL045W,YHR084W,1,-6.417691,0.4183673560619354,0.4555555582046509,0.06333333253860474
YBR297W,YLR007W,0,-6.4183345,0.41775837540626526,0.4555555582046509,0.0634920671582222
YPL200W,YPL095C,0,-6.4204497,0.41715115308761597,0.4555555582046509,0.06365079432725906
YOR290C,YNL197C,1,-6.421744,0.4179970920085907,0.4571428596973419,0.06365079432725906
YOR011W,YNR075W,0,-6.4233165,0.417391300201416,0.4571428596973419,0.06380952149629593
YCR075C,YBL056W,0,-6.4236817,0.4167872667312622,0.4571428596973419,0.06396825611591339
YBR295W,YKL173W,0,-6.424522,0.4161849617958069,0.4571428596973419,0.06412698328495026
YKL112W,YER167W,0,-6.4250607,0.41558441519737244,0.4571428596973419,0.06428571790456772
YBR200W,YIR011C,0,-6.4255643,0.4149855971336365,0.4571428596973419,0.06444444507360458
YOR275C,YDR392W,1,-6.4264636,0.41582733392715454,0.45873016119003296,0.06444444507360458
YDR480W,YPL203W,1,-6.4268045,0.4166666567325592,0.460317462682724,0.06444444507360458
YJL020C,YDR436W,0,-6.428254,0.4160688519477844,0.460317462682724,0.06460317224264145
YDL024C,YGL208W,1,-6.4288507,0.4169054329395294,0.46190476417541504,0.06460317224264145
YMR065W,YLR043C,0,-6.433948,0.4163089990615845,0.46190476417541504,0.06476190686225891
YPR093C,YOR299W,0,-6.4352612,0.415714293718338,0.46190476417541504,0.06492063403129578
YLL060C,YPL138C,0,-6.4357185,0.41512125730514526,0.46190476417541504,0.06507936865091324
YKR019C,YIR022W,0,-6.43681,0.4145299196243286,0.46190476417541504,0.0652380958199501
YNL323W,YEL060C,0,-6.436846,0.4139402508735657,0.46190476417541504,0.06539682298898697
YGL001C,YIL147C,0,-6.4378366,0.41335228085517883,0.46190476417541504,0.06555555760860443
YDR151C,YDR335W,0,-6.438565,0.4127659499645233,0.46190476417541504,0.0657142847776413
YJR052W,YDR379W,0,-6.438643,0.4121813178062439,0.46190476417541504,0.06587301939725876
YMR186W,YDR419W,0,-6.4386454,0.4115982949733734,0.46190476417541504,0.06603174656629562
YKL043W,YLR234W,0,-6.4399104,0.41101694107055664,0.46190476417541504,0.06619047373533249
YMR037C,YIL115C,0,-6.441476,0.4104372262954712,0.46190476417541504,0.06634920835494995
YOR028C,YDR311W,0,-6.4425445,0.40985915064811707,0.46190476417541504,0.06650793552398682
YGL090W,YPR072W,0,-6.4440436,0.40928271412849426,0.46190476417541504,0.06666667014360428
YJL133W,YML029W,0,-6.445247,0.408707857131958,0.46190476417541504,0.06682539731264114
YKL043W,YMR156C,0,-6.446727,0.4081346392631531,0.46190476417541504,0.06698412448167801
YER020W,YJL089W,1,-6.447017,0.4089635908603668,0.4634920656681061,0.06698412448167801
YER045C,YBR126C,0,-6.447766,0.4083915948867798,0.4634920656681061,0.06714285910129547
YJL111W,YDL095W,0,-6.4481015,0.4078212380409241,0.4634920656681061,0.06730158627033234
YBR289W,YDL159W,1,-6.4493995,0.4086471498012543,0.4650793671607971,0.06730158627033234
YGR133W,YDR498C,0,-6.4518857,0.40807798504829407,0.4650793671607971,0.0674603208899498
YKL074C,YDR488C,0,-6.4531884,0.4075104296207428,0.4650793671607971,0.06761904805898666
YDR072C,YGL028C,0,-6.4545383,0.4069444537162781,0.4650793671607971,0.06777777522802353
YDL245C,YCR037C,0,-6.4575763,0.4063800275325775,0.4650793671607971,0.06793650984764099
YBR160W,YNL074C,0,-6.4578204,0.4058171808719635,0.4650793671607971,0.06809523701667786
YDR069C,YKL060C,0,-6.459194,0.40525588393211365,0.4650793671607971,0.06825397163629532
YKL043W,YHL025W,0,-6.4602265,0.40469613671302795,0.4650793671607971,0.06841269880533218
YER159C,YML065W,0,-6.4602737,0.4041379392147064,0.4650793671607971,0.06857142597436905
YER028C,YOR036W,0,-6.4605517,0.40358126163482666,0.4650793671607971,0.06873016059398651
YML086C,YOR115C,0,-6.460676,0.40302613377571106,0.4650793671607971,0.06888888776302338
YMR116C,YOR290C,1,-6.4613595,0.4038461446762085,0.46666666865348816,0.06888888776302338
YOR127W,YDR477W,1,-6.463616,0.40466392040252686,0.4682539701461792,0.06888888776302338
YDR130C,YCL066W,0,-6.4638944,0.4041095972061157,0.4682539701461792,0.06904762238264084
YGL028C,YNR047W,0,-6.4640346,0.403556764125824,0.4682539701461792,0.0692063495516777
YPL224C,YDR329C,0,-6.464058,0.403005450963974,0.4682539701461792,0.06936507672071457
YNL073W,YLR328W,0,-6.464748,0.4024556577205658,0.4682539701461792,0.06952381134033203
YAL026C,YNR026C,0,-6.464798,0.401907354593277,0.4682539701461792,0.0696825385093689
YGR085C,YHR079C-B,0,-6.4657955,0.40136054158210754,0.4682539701461792,0.06984127312898636
YDL024C,YNL294C,1,-6.46603,0.4021739065647125,0.46984127163887024,0.06984127312898636
YCR089W,YHR073W,1,-6.466122,0.4029850661754608,0.4714285731315613,0.06984127312898636
YJL090C,YKL196C,0,-6.467126,0.40243902802467346,0.4714285731315613,0.07000000029802322
YOR080W,YOR290C,1,-6.468812,0.4032476246356964,0.4730158746242523,0.07000000029802322
YBR073W,YHR030C,0,-6.4707923,0.4027026891708374,0.4730158746242523,0.07015872746706009
YBL098W,YNR010W,0,-6.4719167,0.4021592438220978,0.4730158746242523,0.07031746208667755
YMR316W,YDR103W,1,-6.4724917,0.4029649496078491,0.47460317611694336,0.07031746208667755
YOR080W,YHR073W,1,-6.472973,0.40376850962638855,0.4761904776096344,0.07031746208667755
YER174C,YPL159C,0,-6.474467,0.4032258093357086,0.4761904776096344,0.07047618925571442
YOR127W,YNL197C,1,-6.4752355,0.4040268361568451,0.47777777910232544,0.07047618925571442
YAL007C,YJR127C,0,-6.4774413,0.4034852683544159,0.47777777910232544,0.07063492387533188
YGR200C,YER133W,0,-6.4800124,0.4029451012611389,0.47777777910232544,0.07079365104436874
YOR371C,YHR111W,1,-6.48089,0.40374332666397095,0.4793650805950165,0.07079365104436874
YNL116W,YOL128C,0,-6.481675,0.4032042622566223,0.4793650805950165,0.07095237821340561
YDL116W,YLR360W,0,-6.4834647,0.4026666581630707,0.4793650805950165,0.07111111283302307
YOR112W,YAR044W,0,-6.485514,0.40213048458099365,0.4793650805950165,0.07126984000205994
YAL056W,YIR019C,1,-6.4857154,0.4029255211353302,0.4809523820877075,0.07126984000205994
YBR286W,YPL224C,0,-6.4858603,0.4023904502391815,0.4809523820877075,0.0714285746216774
YGL208W,YDR103W,1,-6.4874125,0.4031830132007599,0.48253968358039856,0.0714285746216774
YOR212W,YPL203W,1,-6.488031,0.4039735198020935,0.4841269850730896,0.0714285746216774
YPL213W,YKL073W,0,-6.4885516,0.40343916416168213,0.4841269850730896,0.07158730179071426
YOR080W,YOR127W,1,-6.48875,0.40422722697257996,0.48571428656578064,0.07158730179071426
YBR102C,YMR058W,0,-6.4892883,0.40369394421577454,0.48571428656578064,0.07174602895975113
YIR023W,YPR037C,0,-6.4895387,0.40316206216812134,0.48571428656578064,0.07190476357936859
YLR098C,YKL068W,0,-6.4897685,0.40263158082962036,0.48571428656578064,0.07206349074840546
YDL008W,YJR147W,0,-6.4906325,0.4021025002002716,0.48571428656578064,0.07222222536802292
YER016W,YIL073C,0,-6.4933176,0.4015747904777527,0.48571428656578064,0.07238095253705978
YNL236W,YOR338W,0,-6.4960065,0.401048481464386,0.48571428656578064,0.07253967970609665
YPR034W,YNL066W,0,-6.4967566,0.4005235731601715,0.48571428656578064,0.07269841432571411
YOL008W,YCR075C,0,-6.4971023,0.4000000059604645,0.48571428656578064,0.07285714149475098
YKL007W,YLR166C,0,-6.497162,0.3994778096675873,0.48571428656578064,0.07301587611436844
YGR040W,YNL294C,1,-6.49751,0.4002607464790344,0.4873015880584717,0.07301587611436844
YNL085W,YDL106C,0,-6.4978824,0.3997395932674408,0.4873015880584717,0.0731746032834053
YBL085W,YDR523C,0,-6.4985404,0.3992197513580322,0.4873015880584717,0.07333333045244217
YKL048C,YLR312C-B,0,-6.498853,0.3987013101577759,0.4873015880584717,0.07349206507205963
YMR316W,YHR111W,1,-6.5004716,0.3994812071323395,0.4888888895511627,0.07349206507205963
YPL098C,YBR093C,0,-6.502894,0.39896371960639954,0.4888888895511627,0.0736507922410965
YPL268W,YDR166C,0,-6.5030446,0.39844760298728943,0.4888888895511627,0.07380952686071396
YBR200W,YMR036C,0,-6.5038753,0.39793282747268677,0.4888888895511627,0.07396825402975082
YNL074C,YHR014W,0,-6.504054,0.39741936326026917,0.4888888895511627,0.07412698119878769
YPR198W,YOL055C,0,-6.504064,0.3969072103500366,0.4888888895511627,0.07428571581840515
YCR089W,YHR084W,1,-6.5045476,0.39768341183662415,0.49047619104385376,0.07428571581840515
YHR114W,YMR236W,0,-6.5049367,0.3971722424030304,0.49047619104385376,0.07444444298744202
YOR113W,YPL145C,0,-6.504967,0.3966623842716217,0.49047619104385376,0.07460317760705948
YPR009W,YMR293C,0,-6.505788,0.39615383744239807,0.49047619104385376,0.07476190477609634
YJL060W,YMR275C,0,-6.507911,0.3956466019153595,0.49047619104385376,0.07492063194513321
YDR507C,YJL124C,0,-6.510223,0.395140677690506,0.49047619104385376,0.07507936656475067
YLR229C,YGL045W,1,-6.51092,0.39591315388679504,0.4920634925365448,0.07507936656475067
YKL190W,YLR425W,0,-6.5127687,0.39540815353393555,0.4920634925365448,0.07523809373378754
YKL130C,YLR385C,0,-6.5141783,0.3949044644832611,0.4920634925365448,0.075396828353405
YKL022C,YPR018W,0,-6.514349,0.39440202713012695,0.4920634925365448,0.07555555552244186
YFL005W,YPR101W,0,-6.514807,0.39390090107917786,0.4920634925365448,0.07571428269147873
YER162C,YDR453C,0,-6.5167465,0.39340102672576904,0.4920634925365448,0.07587301731109619
YPL192C,YLR090W,0,-6.5178714,0.3929024040699005,0.4920634925365448,0.07603174448013306
YPL084W,YGL212W,0,-6.51833,0.39240506291389465,0.4920634925365448,0.07619047909975052
YNL294C,YDR392W,1,-6.518436,0.3931731879711151,0.49365079402923584,0.07619047909975052
YPL170W,YGL173C,0,-6.5216556,0.39267677068710327,0.49365079402923584,0.07634920626878738
YIL131C,YJL117W,0,-6.5224633,0.3921815752983093,0.49365079402923584,0.07650793343782425
YDR151C,YMR224C,0,-6.52571,0.39168766140937805,0.49365079402923584,0.07666666805744171
YDR480W,YCR084C,1,-6.5260277,0.39245283603668213,0.4952380955219269,0.07666666805744171
YPR005C,YDR167W,0,-6.526651,0.3919597864151001,0.4952380955219269,0.07682539522647858
YOL077W-A,YML067C,0,-6.528155,0.39146801829338074,0.4952380955219269,0.07698412984609604
YBR156C,YHL022C,0,-6.5281777,0.3909774422645569,0.4952380955219269,0.0771428570151329
YMR041C,YDR461W,0,-6.529295,0.3904881179332733,0.4952380955219269,0.07730158418416977
YGR048W,YNL154C,0,-6.5295315,0.38999998569488525,0.4952380955219269,0.07746031880378723
YOL051W,YCR084C,1,-6.5304875,0.3907615542411804,0.4968253970146179,0.07746031880378723
YKL085W,YPR095C,0,-6.5327497,0.390274316072464,0.4968253970146179,0.0776190459728241
YGL045W,YDR477W,1,-6.533981,0.3910336196422577,0.49841269850730896,0.0776190459728241
YDL056W,YPR164W,0,-6.5366826,0.3905472755432129,0.49841269850730896,0.07777778059244156
YOR025W,YPL232W,0,-6.5375586,0.3900621235370636,0.49841269850730896,0.07793650776147842
YOR275C,YHR084W,1,-6.5399485,0.39081886410713196,0.5,0.07793650776147842
YER174C,YBR050C,0,-6.54022,0.3903345763683319,0.5,0.07809523493051529
YPL181W,YLR417W,0,-6.5408216,0.38985148072242737,0.5,0.07825396955013275
YGL090W,YDR092W,0,-6.5413604,0.3893696069717407,0.5,0.07841269671916962
YGL174W,YAL031C,0,-6.541631,0.3888888955116272,0.5,0.07857143133878708
YIL035C,YMR313C,0,-6.541737,0.3884093761444092,0.5,0.07873015850782394
YOR028C,YDR039C,0,-6.5425735,0.38793104887008667,0.5,0.07888888567686081
YOR080W,YNL197C,1,-6.5427775,0.38868388533592224,0.5015873312950134,0.07888888567686081
YOL017W,YKR062W,0,-6.5432234,0.3882063925266266,0.5015873312950134,0.07904762029647827
YBR133C,YNL053W,0,-6.5447583,0.38773006200790405,0.5015873312950134,0.07920634746551514
YER014C-A,YMR052W,0,-6.547271,0.38725489377975464,0.5015873312950134,0.0793650820851326
YJR094C,YEL013W,0,-6.548434,0.38678091764450073,0.5015873312950134,0.07952380925416946
YHR107C,YCR093W,0,-6.5525355,0.38630807399749756,0.5015873312950134,0.07968253642320633
YMR116C,YCR089W,1,-6.5529246,0.3870573937892914,0.5031746029853821,0.07968253642320633
YML130C,YMR192W,0,-6.5529714,0.3865853548049927,0.5031746029853821,0.07984127104282379
YDR484W,YDR532C,0,-6.55378,0.3861145079135895,0.5031746029853821,0.07999999821186066
YGR218W,YPL269W,0,-6.553946,0.3856447637081146,0.5031746029853821,0.08015873283147812
YLR246W,YER072W,0,-6.554788,0.3851761817932129,0.5031746029853821,0.08031746000051498
YAL056W,YDR103W,1,-6.5548444,0.3859223425388336,0.5047619342803955,0.08031746000051498
YHR005C,YMR167W,0,-6.555552,0.38545453548431396,0.5047619342803955,0.08047618716955185
YNL116W,YPR154W,0,-6.5578856,0.38498789072036743,0.5047619342803955,0.08063492178916931
YDL165W,YLR084C,0,-6.557984,0.38452237844467163,0.5047619342803955,0.08079364895820618
YNL123W,YPR165W,0,-6.55828,0.3840579688549042,0.5047619342803955,0.08095238357782364
YPL181W,YKR095W-A,0,-6.5593605,0.38359469175338745,0.5047619342803955,0.0811111107468605
YKR099W,YML032C,0,-6.5594807,0.3831325173377991,0.5047619342803955,0.08126983791589737
YFL031W,YIR008C,0,-6.5608473,0.3826714754104614,0.5047619342803955,0.08142857253551483
YDR392W,YDR103W,1,-6.5610175,0.3834134638309479,0.5063492059707642,0.08142857253551483
YOL077W-A,YDR077W,0,-6.562464,0.3829531669616699,0.5063492059707642,0.0815872997045517
YOR058C,YPL194W,0,-6.563088,0.3824940025806427,0.5063492059707642,0.08174603432416916
YGR040W,YNL197C,1,-6.563577,0.38323354721069336,0.5079365372657776,0.08174603432416916
YDR244W,YML007W,0,-6.564829,0.38277512788772583,0.5079365372657776,0.08190476149320602
YIL122W,YKL015W,0,-6.564943,0.38231781125068665,0.5079365372657776,0.08206348866224289
YDL230W,YBR289W,1,-6.5653853,0.3830548822879791,0.5095238089561462,0.08206348866224289
YOR381W,YPL218W,0,-6.566624,0.382598340511322,0.5095238089561462,0.08222222328186035
YPL049C,YNL294C,1,-6.5675435,0.38333332538604736,0.5111111402511597,0.08222222328186035
YIR019C,YDL230W,1,-6.56838,0.3840665817260742,0.5126984119415283,0.08222222328186035
YPR095C,YER005W,0,-6.56855,0.38361045718193054,0.5126984119415283,0.08238095045089722
YNL127W,YDL190C,0,-6.569758,0.3831554055213928,0.5126984119415283,0.08253968507051468
YNL172W,YLR399C,0,-6.5700574,0.38270142674446106,0.5126984119415283,0.08269841223955154
YKL025C,YOR217W,0,-6.571795,0.38224852085113525,0.5126984119415283,0.08285713940858841
YDL230W,YOR290C,1,-6.5721326,0.38297873735427856,0.5142857432365417,0.08285713940858841
YOR005C,YGR288W,0,-6.5733676,0.38252657651901245,0.5142857432365417,0.08301587402820587
YIL123W,YBL007C,0,-6.574922,0.3820754587650299,0.5142857432365417,0.08317460119724274
YAL021C,YOR354C,0,-6.574944,0.3816254436969757,0.5142857432365417,0.0833333358168602
YGR193C,YML014W,0,-6.576625,0.3811764717102051,0.5142857432365417,0.08349206298589706
YBR112C,YOR354C,0,-6.57689,0.380728542804718,0.5142857432365417,0.08365079015493393
YGR216C,YNR052C,0,-6.577515,0.3802816867828369,0.5142857432365417,0.08380952477455139
YDR072C,YOR329C,0,-6.5775776,0.3798358738422394,0.5142857432365417,0.08396825194358826
YER119C,YGL003C,0,-6.5785356,0.3793911039829254,0.5142857432365417,0.08412698656320572
YDR118W,YNR059W,0,-6.5796847,0.378947377204895,0.5142857432365417,0.08428571373224258
YMR127C,YBR240C,0,-6.5804505,0.3785046637058258,0.5142857432365417,0.08444444090127945
YGL208W,YNL197C,1,-6.5838275,0.379229873418808,0.5158730149269104,0.08444444090127945
YOL063C,YPL138C,0,-6.5866065,0.3787878751754761,0.5158730149269104,0.08460317552089691
YDR516C,YOR181W,0,-6.5886273,0.37834692001342773,0.5158730149269104,0.08476190268993378
YDR490C,YOR359W,0,-6.591043,0.3779069781303406,0.5158730149269104,0.08492063730955124
YGL190C,YKL134C,0,-6.5919724,0.3774680495262146,0.5158730149269104,0.0850793644785881
YNL027W,YLL001W,0,-6.5926433,0.3770301640033722,0.5158730149269104,0.08523809164762497
YNL007C,YNL229C,0,-6.5930634,0.37659329175949097,0.5158730149269104,0.08539682626724243
YAL020C,YML092C,0,-6.593323,0.37615740299224854,0.5158730149269104,0.0855555534362793
YDR192C,YBL022C,0,-6.5936093,0.3757225573062897,0.5158730149269104,0.08571428805589676
YNL288W,YCR075C,0,-6.595929,0.3752886950969696,0.5158730149269104,0.08587301522493362
YOR335C,YOR380W,0,-6.5962605,0.37485581636428833,0.5158730149269104,0.08603174239397049
YEL061C,YDR040C,0,-6.597296,0.37442395091056824,0.5158730149269104,0.08619047701358795
YDR480W,YOR127W,1,-6.598019,0.3751438558101654,0.5174603462219238,0.08619047701358795
YML061C,YOR208W,0,-6.5980773,0.37471264600753784,0.5174603462219238,0.08634920418262482
YGL045W,YDR103W,1,-6.601621,0.37543055415153503,0.5190476179122925,0.08634920418262482
YOR320C,YOR122C,0,-6.602797,0.375,0.5190476179122925,0.08650793880224228
YHR001W,YKL212W,0,-6.6044354,0.37457045912742615,0.5190476179122925,0.08666666597127914
YOR057W,YPL033C,0,-6.604464,0.3741418719291687,0.5190476179122925,0.08682539314031601
YPR108W,YHR178W,0,-6.6057057,0.37371429800987244,0.5190476179122925,0.08698412775993347
YEL062W,YDR092W,0,-6.6061125,0.3732876777648926,0.5190476179122925,0.08714285492897034
YPL119C,YJL210W,0,-6.608113,0.3728620409965515,0.5190476179122925,0.0873015895485878
YKL165C,YGL028C,0,-6.6091437,0.37243735790252686,0.5190476179122925,0.08746031671762466
YAR002C-A,YBL046W,0,-6.6093316,0.372013658285141,0.5190476179122925,0.08761905133724213
YBR100W,YDR004W,0,-6.6099415,0.37159091234207153,0.5190476179122925,0.08777777850627899
YNL027W,YLR285W,0,-6.610548,0.3711691200733185,0.5190476179122925,0.08793650567531586
YEL009C,YGL095C,0,-6.610849,0.3707483112812042,0.5190476179122925,0.08809524029493332
YKR066C,YHL006C,0,-6.6112456,0.370328426361084,0.5190476179122925,0.08825396746397018
YBR193C,YGL049C,0,-6.6117682,0.36990949511528015,0.5190476179122925,0.08841270208358765
YJL194W,YIL105C,0,-6.612331,0.3694915175437927,0.5190476179122925,0.08857142925262451
YBR050C,YHR172W,0,-6.6132035,0.3690744936466217,0.5190476179122925,0.08873015642166138
YDR005C,YBR216C,0,-6.615545,0.3686583936214447,0.5190476179122925,0.08888889104127884
YGR040W,YHR084W,1,-6.6160774,0.36936935782432556,0.5206349492073059,0.08888889104127884
YBR077C,YLR005W,0,-6.6180644,0.3689538836479187,0.5206349492073059,0.0890476182103157
YOR208W,YBR080C,0,-6.6216865,0.36853933334350586,0.5206349492073059,0.08920635282993317
YOR112W,YDR517W,0,-6.622579,0.36812570691108704,0.5206349492073059,0.08936507999897003
YDL149W,YIL119C,0,-6.6227136,0.36771300435066223,0.5206349492073059,0.0895238071680069
YDL207W,YPL019C,0,-6.6231456,0.36730122566223145,0.5206349492073059,0.08968254178762436
YOR080W,YOR275C,1,-6.6232953,0.36800894141197205,0.5222222208976746,0.08968254178762436
YLR229C,YBR289W,1,-6.624597,0.3687150776386261,0.523809552192688,0.08968254178762436
YDL216C,YLR025W,0,-6.627109,0.3683035671710968,0.523809552192688,0.08984126895666122
YJL089W,YDR477W,1,-6.627372,0.36900779604911804,0.5253968238830566,0.08984126895666122
YDL100C,YHR016C,0,-6.6275864,0.3685968816280365,0.5253968238830566,0.09000000357627869
YHR073W,YNL197C,1,-6.62858,0.3692992329597473,0.5269841551780701,0.09000000357627869
YAR015W,YLR423C,0,-6.629235,0.36888888478279114,0.5269841551780701,0.09015873074531555
YJR125C,YDR142C,0,-6.6295934,0.368479460477829,0.5269841551780701,0.09031745791435242
YCR089W,YDR392W,1,-6.629644,0.3691796064376831,0.5285714268684387,0.09031745791435242
YER108C,YML107C,0,-6.6320233,0.3687707781791687,0.5285714268684387,0.09047619253396988
YPL248C,YKL059C,0,-6.632787,0.3683628439903259,0.5285714268684387,0.09063491970300674
YLR098C,YDR255C,0,-6.6330247,0.3679558038711548,0.5285714268684387,0.0907936543226242
YNL008C,YOR162C,0,-6.6341844,0.3675496578216553,0.5285714268684387,0.09095238149166107
YJR060W,YPL221W,0,-6.6358943,0.3671444356441498,0.5285714268684387,0.09111110866069794
YGL144C,YLR425W,0,-6.6374664,0.36674007773399353,0.5285714268684387,0.0912698432803154
YDR421W,YCR083W,0,-6.6380887,0.3663366436958313,0.5285714268684387,0.09142857044935226
YPL049C,YDR392W,1,-6.6403956,0.3670329749584198,0.5301587581634521,0.09142857044935226
YJL101C,YPL020C,0,-6.641372,0.36663007736206055,0.5301587581634521,0.09158730506896973
YNL294C,YDR103W,1,-6.6415772,0.367324560880661,0.5317460298538208,0.09158730506896973
YHR073W,YGL045W,1,-6.6418986,0.3680175244808197,0.5333333611488342,0.09158730506896973
YDR150W,YKL015W,0,-6.6433206,0.36761486530303955,0.5333333611488342,0.09174603223800659
YOR080W,YDR477W,1,-6.6439605,0.3683060109615326,0.5349206328392029,0.09174603223800659
YNL223W,YNL275W,0,-6.644438,0.3679039180278778,0.5349206328392029,0.09190475940704346
YMR070W,YGL011C,0,-6.644856,0.36750271916389465,0.5349206328392029,0.09206349402666092
YHR114W,YPL196W,0,-6.646472,0.36710238456726074,0.5349206328392029,0.09222222119569778
YPL200W,YFL049W,0,-6.6467433,0.36670294404029846,0.5349206328392029,0.09238095581531525
YOR233W,YBL022C,0,-6.648044,0.36630433797836304,0.5349206328392029,0.09253968298435211
YLR226W,YBR201W,0,-6.6495333,0.36590662598609924,0.5349206328392029,0.09269841015338898
YML118W,YKL041W,0,-6.6495786,0.3655097484588623,0.5349206328392029,0.09285714477300644
YLR370C,YKR046C,0,-6.6506305,0.365113765001297,0.5349206328392029,0.0930158719420433
YDR480W,YNL197C,1,-6.6515155,0.3658008575439453,0.5365079641342163,0.0930158719420433
YOR209C,YDR436W,0,-6.65562,0.365405410528183,0.5365079641342163,0.09317460656166077
YOR194C,YPR139C,0,-6.656431,0.3650107979774475,0.5365079641342163,0.09333333373069763
YCR093W,YDL185W,0,-6.656839,0.3646170496940613,0.5365079641342163,0.0934920608997345
YER133W,YOR081C,0,-6.6574388,0.3642241358757019,0.5365079641342163,0.09365079551935196
YDR480W,YOR371C,1,-6.658852,0.36490851640701294,0.538095235824585,0.09365079551935196
YPL069C,YGR252W,0,-6.6590495,0.36451613903045654,0.538095235824585,0.09380952268838882
YKL013C,YMR026C,0,-6.6595798,0.364124596118927,0.538095235824585,0.09396825730800629
YOR371C,YBR289W,1,-6.660435,0.3648068606853485,0.5396825671195984,0.09396825730800629
YKL185W,YJL154C,0,-6.661423,0.36441585421562195,0.5396825671195984,0.09412698447704315
YMR311C,YJR091C,0,-6.6615124,0.36402568221092224,0.5396825671195984,0.09428571164608002
YBR036C,YPL176C,0,-6.662414,0.3636363744735718,0.5396825671195984,0.09444444626569748
YPR154W,YNL054W,0,-6.6632333,0.3632478713989258,0.5396825671195984,0.09460317343473434
YOR322C,YNL154C,0,-6.6633143,0.36286020278930664,0.5396825671195984,0.0947619080543518
YNR027W,YHR161C,0,-6.6638913,0.36247333884239197,0.5396825671195984,0.09492063522338867
YOR080W,YOR371C,1,-6.66491,0.36315229535102844,0.541269838809967,0.09492063522338867
YOR080W,YIR019C,1,-6.6650424,0.3638297915458679,0.5428571701049805,0.09492063522338867
YPL002C,YAR010C,0,-6.6651106,0.36344313621520996,0.5428571701049805,0.09507936239242554
YER068W,YIL173W,0,-6.665219,0.36305731534957886,0.5428571701049805,0.095238097012043
YER054C,YDL138W,0,-6.6652207,0.3626723289489746,0.5428571701049805,0.09539682418107986
YPR179C,YDR281C,0,-6.665268,0.36228814721107483,0.5428571701049805,0.09555555880069733
YJL008C,YGL066W,0,-6.666145,0.3619047701358795,0.5428571701049805,0.09571428596973419
YNR075W,YHL006C,0,-6.666375,0.36152219772338867,0.5428571701049805,0.09587301313877106
YML132W,YHR030C,0,-6.6666374,0.3611404299736023,0.5428571701049805,0.09603174775838852
YEL069C,YML131W,0,-6.66939,0.3607594966888428,0.5428571701049805,0.09619047492742538
YOL051W,YDL230W,1,-6.6709437,0.36143308877944946,0.5444444417953491,0.09619047492742538
YGR029W,YDR177W,0,-6.6714816,0.36105263233184814,0.5444444417953491,0.09634920954704285
YIL037C,YJL047C,0,-6.674111,0.3606729805469513,0.5444444417953491,0.09650793671607971
YMR236W,YJL012C,0,-6.674356,0.3602941036224365,0.5444444417953491,0.09666666388511658
YCR089W,YJL089W,1,-6.676792,0.360965371131897,0.5460317730903625,0.09666666388511658
YOL156W,YPR108W,0,-6.676829,0.3605870008468628,0.5460317730903625,0.09682539850473404
YOR171C,YDR407C,0,-6.6806703,0.3602094352245331,0.5460317730903625,0.0969841256737709
YOR322C,YGR009C,0,-6.6817737,0.35983264446258545,0.5460317730903625,0.09714286029338837
YMR139W,YOR057W,0,-6.6825013,0.3594566285610199,0.5460317730903625,0.09730158746242523
YCR038C,YHR021C,0,-6.683438,0.3590814173221588,0.5460317730903625,0.0974603146314621
YOR032C,YML107C,0,-6.6834617,0.3587069809436798,0.5460317730903625,0.09761904925107956
YOR148C,YIL173W,0,-6.683636,0.3583333194255829,0.5460317730903625,0.09777777642011642
YDL138W,YDR059C,0,-6.684146,0.35796046257019043,0.5460317730903625,0.09793651103973389
YHR073W,YCR084C,1,-6.6851234,0.3586278557777405,0.5476190447807312,0.09793651103973389
YER025W,YJR119C,0,-6.6853156,0.35825544595718384,0.5476190447807312,0.09809523820877075
YPR181C,YDL195W,0,-6.6856437,0.3578838109970093,0.5476190447807312,0.09825396537780762
YKL052C,YGL113W,0,-6.6862864,0.3575129508972168,0.5476190447807312,0.09841269999742508
YIL009W,YOR060C,0,-6.686684,0.3571428656578064,0.5476190447807312,0.09857142716646194
YPL049C,YHR084W,1,-6.687139,0.3578076660633087,0.5492063760757446,0.09857142716646194
YDR323C,YIL066C,0,-6.6879888,0.35743802785873413,0.5492063760757446,0.0987301617860794
YER020W,YDL159W,1,-6.6881676,0.35810112953186035,0.5507936477661133,0.0987301617860794
YNR010W,YHR075C,0,-6.6916537,0.35773196816444397,0.5507936477661133,0.09888888895511627
YMR316W,YDL230W,1,-6.6920824,0.3583934009075165,0.5523809790611267,0.09888888895511627
YPL174C,YMR133W,0,-6.6938863,0.3580246865749359,0.5523809790611267,0.09904761612415314
YMR316W,YOR080W,1,-6.694397,0.3586844801902771,0.5539682507514954,0.09904761612415314
YPR113W,YPL007C,0,-6.6957383,0.35831621289253235,0.5539682507514954,0.0992063507437706
YDR163W,YKL062W,0,-6.6970716,0.3579487204551697,0.5539682507514954,0.09936507791280746
YFL056C,YML046W,0,-6.6974015,0.3575819730758667,0.5539682507514954,0.09952381253242493
YHL027W,YNR039C,0,-6.697698,0.3572159707546234,0.5539682507514954,0.09968253970146179
YDR480W,YAL056W,1,-6.6985593,0.35787320137023926,0.5555555820465088,0.09968253970146179
YCR037C,YGR086C,0,-6.699188,0.3575076460838318,0.5555555820465088,0.09984126687049866
YPR049C,YDR273W,0,-6.700233,0.3571428656578064,0.5555555820465088,0.10000000149011612
YIL109C,YOR353C,0,-6.70112,0.3567788004875183,0.5555555820465088,0.10015872865915298
YMR281W,YBR093C,0,-6.701231,0.3564154803752899,0.5555555820465088,0.10031746327877045
YLR034C,YML124C,0,-6.7013264,0.3560529053211212,0.5555555820465088,0.10047619044780731
YLR229C,YDR103W,1,-6.70256,0.35670730471611023,0.5571428537368774,0.10047619044780731
YJL030W,YCL032W,0,-6.7025976,0.35634517669677734,0.5571428537368774,0.10063491761684418
YOR112W,YNL267W,0,-6.702722,0.35598376393318176,0.5571428537368774,0.10079365223646164
YGL252C,YNR031C,0,-6.7045856,0.3556230962276459,0.5571428537368774,0.1009523794054985
YGL216W,YML029W,0,-6.704984,0.3552631437778473,0.5571428537368774,0.10111111402511597
YLR195C,YPL232W,0,-6.7052197,0.3549039363861084,0.5571428537368774,0.10126984119415283
YDR081C,YLL024C,0,-6.70531,0.3545454442501068,0.5571428537368774,0.1014285683631897
YML130C,YER146W,0,-6.7060437,0.3541876971721649,0.5571428537368774,0.10158730298280716
YMR116C,YDR392W,1,-6.706102,0.35483869910240173,0.5587301850318909,0.10158730298280716
YPR046W,YBR100W,0,-6.7062836,0.35448136925697327,0.5587301850318909,0.10174603015184402
YLR353W,YDL020C,0,-6.7063494,0.3541247546672821,0.5587301850318909,0.10190476477146149
YHR160C,YOR047C,0,-6.707605,0.35376885533332825,0.5587301850318909,0.10206349194049835
YOL016C,YOR137C,0,-6.707816,0.3534136414527893,0.5587301850318909,0.10222221910953522
YNL288W,YJR045C,0,-6.7078323,0.35305917263031006,0.5587301850318909,0.10238095372915268
YGR179C,YMR197C,0,-6.7090755,0.3527054190635681,0.5587301850318909,0.10253968089818954
YKR052C,YBL061C,0,-6.709405,0.3523523509502411,0.5587301850318909,0.102698415517807
YOR298C-A,YGL092W,0,-6.7094994,0.35199999809265137,0.5587301850318909,0.10285714268684387
YDR208W,YMR305C,0,-6.710484,0.35164836049079895,0.5587301850318909,0.10301586985588074
YPR104C,YKL043W,0,-6.7108903,0.35129740834236145,0.5587301850318909,0.1031746044754982
YKL043W,YDL120W,0,-6.711506,0.35094717144966125,0.5587301850318909,0.10333333164453506
YMR042W,YKL059C,0,-6.7127957,0.350597620010376,0.5587301850318909,0.10349206626415253
YLR044C,YPR161C,0,-6.712912,0.3502487540245056,0.5587301850318909,0.10365079343318939
YPR037C,YKL129C,0,-6.7163854,0.34990060329437256,0.5587301850318909,0.10380952060222626
YOR098C,YIL076W,0,-6.7168345,0.3495531380176544,0.5587301850318909,0.10396825522184372
YNL145W,YGL167C,0,-6.7172303,0.3492063581943512,0.5587301850318909,0.10412698239088058
YPR200C,YNL241C,0,-6.7174354,0.3488602638244629,0.5587301850318909,0.10428571701049805
YJR121W,YHR114W,0,-6.717592,0.3485148549079895,0.5587301850318909,0.10444444417953491
YOR290C,YDR103W,1,-6.7181783,0.34915924072265625,0.5603174567222595,0.10444444417953491
YJR004C,YBR126C,0,-6.7181907,0.3488142192363739,0.5603174567222595,0.10460317134857178
YML062C,YJL002C,0,-6.718928,0.34846988320350647,0.5603174567222595,0.10476190596818924
YMR026C,YAL011W,0,-6.7202125,0.34812623262405396,0.5603174567222595,0.1049206331372261
YFL056C,YNL264C,0,-6.7205873,0.34778323769569397,0.5603174567222595,0.10507936775684357
YLR266C,YHR098C,0,-6.7225327,0.3474409580230713,0.5603174567222595,0.10523809492588043
YIR019C,YBR289W,1,-6.722673,0.34808260202407837,0.561904788017273,0.10523809492588043
YPL125W,YBR089C-A,0,-6.7230654,0.34774067997932434,0.561904788017273,0.1053968220949173
YIL128W,YER072W,0,-6.723378,0.34739941358566284,0.561904788017273,0.10555555671453476
YLR260W,YNL085W,0,-6.7240076,0.34705883264541626,0.561904788017273,0.10571428388357162
YDR189W,YML058W,0,-6.724136,0.3467189073562622,0.561904788017273,0.10587301850318909
YDR446W,YDR487C,0,-6.7252717,0.3463796377182007,0.561904788017273,0.10603174567222595
YOL051W,YDR103W,1,-6.7273164,0.3470185697078705,0.5634920597076416,0.10603174567222595
YPR005C,YOR372C,0,-6.7282004,0.3466796875,0.5634920597076416,0.10619047284126282
YMR116C,YDR103W,1,-6.7284036,0.34731706976890564,0.565079391002655,0.10619047284126282
YOR212W,YCR084C,1,-6.729076,0.3479532301425934,0.5666666626930237,0.10619047284126282
YGL180W,YGL173C,0,-6.7312264,0.3476144075393677,0.5666666626930237,0.10634920746088028
YHR171W,YIL173W,0,-6.731651,0.3472762703895569,0.5666666626930237,0.10650793462991714
YOR036W,YGR129W,0,-6.7317376,0.3469387888908386,0.5666666626930237,0.1066666692495346
YGR286C,YER051W,0,-6.733516,0.3466019332408905,0.5666666626930237,0.10682539641857147
YPL125W,YDR146C,0,-6.7342496,0.3462657630443573,0.5666666626930237,0.10698412358760834
YFR014C,YJR153W,0,-6.7357745,0.34593021869659424,0.5666666626930237,0.1071428582072258
YGR286C,YER095W,0,-6.736279,0.3455953598022461,0.5666666626930237,0.10730158537626266
YCR089W,YOR371C,1,-6.736452,0.3462282419204712,0.5682539939880371,0.10730158537626266
YLR233C,YCR040W,0,-6.738103,0.3458937108516693,0.5682539939880371,0.10746031999588013
YKL213C,YOL039W,0,-6.7384057,0.34555983543395996,0.5682539939880371,0.10761904716491699
YHR183W,YJL093C,0,-6.73994,0.34522661566734314,0.5682539939880371,0.10777777433395386
YLR378C,YJR086W,0,-6.7403846,0.34489402174949646,0.5682539939880371,0.10793650895357132
YPL049C,YDR480W,1,-6.742098,0.34552454948425293,0.5698412656784058,0.10793650895357132
YMR316W,YNL294C,1,-6.7421336,0.3461538553237915,0.5714285969734192,0.10793650895357132
YFL049W,YLL012W,0,-6.744344,0.3458213210105896,0.5714285969734192,0.10809523612260818
YLR260W,YMR026C,0,-6.7444215,0.3454894423484802,0.5714285969734192,0.10825397074222565
YGR289C,YMR053C,0,-6.7444415,0.345158189535141,0.5714285969734192,0.10841269791126251
YAL010C,YDR217C,0,-6.744697,0.3448275923728943,0.5714285969734192,0.10857142508029938
YLR381W,YBR186W,0,-6.745012,0.3444976210594177,0.5714285969734192,0.10873015969991684
YMR190C,YOR089C,0,-6.7453485,0.3441682457923889,0.5714285969734192,0.1088888868689537
YER020W,YHR111W,1,-6.7453904,0.3447946608066559,0.5730158686637878,0.1088888868689537
YDR141C,YJL145W,0,-6.746211,0.3444656431674957,0.5730158686637878,0.10904762148857117
YKR072C,YIL023C,0,-6.7475123,0.3441372811794281,0.5730158686637878,0.10920634865760803
YDR477W,YHR111W,1,-6.7485714,0.3447619080543518,0.5746031999588013,0.10920634865760803
YHR073W,YDR103W,1,-6.750314,0.34538534283638,0.5761904716491699,0.10920634865760803
YOR127W,YJL089W,1,-6.7510695,0.3460076153278351,0.5777778029441833,0.10920634865760803
YDR182W,YOR329C,0,-6.751111,0.34567901492118835,0.5777778029441833,0.1093650758266449
YPR023C,YER019W,0,-6.7511897,0.34535104036331177,0.5777778029441833,0.10952381044626236
YOR181W,YGL151W,0,-6.751266,0.3450236916542053,0.5777778029441833,0.10968253761529922
YGR225W,YDR516C,0,-6.7514915,0.344696968793869,0.5777778029441833,0.10984127223491669
YLR226W,YKR001C,0,-6.752086,0.34437087178230286,0.5777778029441833,0.10999999940395355
YMR052W,YBR098W,0,-6.7523,0.34404537081718445,0.5777778029441833,0.11015872657299042
YOR080W,YNL294C,1,-6.753114,0.3446647822856903,0.579365074634552,0.11015872657299042
YLR127C,YGR120C,0,-6.753826,0.34433960914611816,0.579365074634552,0.11031746119260788
YOR377W,YCL016C,0,-6.753938,0.34401509165763855,0.579365074634552,0.11047618836164474
YLR260W,YOR147W,0,-6.754764,0.3436911404132843,0.579365074634552,0.11063492298126221
YNL287W,YPL138C,0,-6.7548385,0.3433678150177002,0.579365074634552,0.11079365015029907
YJR090C,YER065C,0,-6.754878,0.34304511547088623,0.579365074634552,0.11095237731933594
YDR173C,YFR003C,0,-6.7553215,0.34272301197052,0.579365074634552,0.1111111119389534
YIR002C,YJR021C,0,-6.7553706,0.34240150451660156,0.579365074634552,0.11126983910799026
YAL020C,YDR420W,0,-6.757525,0.34208059310913086,0.579365074634552,0.11142857372760773
YOR320C,YLR148W,0,-6.7575765,0.3417603075504303,0.579365074634552,0.11158730089664459
YPL121C,YIL106W,0,-6.758598,0.3414405882358551,0.579365074634552,0.11174602806568146
YLR219W,YDR030C,0,-6.75897,0.34112149477005005,0.579365074634552,0.11190476268529892
YER167W,YGL190C,0,-6.759175,0.34080299735069275,0.579365074634552,0.11206348985433578
YLR007W,YGL115W,0,-6.761591,0.3404850661754608,0.579365074634552,0.11222222447395325
YDR191W,YPL234C,0,-6.7618136,0.340167760848999,0.579365074634552,0.11238095164299011
YCR037C,YML069W,0,-6.7643914,0.3398510217666626,0.579365074634552,0.11253968626260757
YGR188C,YNL093W,0,-6.764415,0.3395348787307739,0.579365074634552,0.11269841343164444
YOR245C,YOR367W,0,-6.7644944,0.339219331741333,0.579365074634552,0.1128571406006813
YMR052W,YGL096W,0,-6.7646194,0.33890435099601746,0.579365074634552,0.11301587522029877
YGR040W,YDL159W,1,-6.7658496,0.33951762318611145,0.5809524059295654,0.11301587522029877
YMR116C,YOR275C,1,-6.7658553,0.3401297628879547,0.5825396776199341,0.11301587522029877
YFL033C,YGL233W,0,-6.766442,0.33981481194496155,0.5825396776199341,0.11317460238933563
YOR049C,YLR105C,0,-6.767054,0.33950045704841614,0.5825396776199341,0.1133333370089531
YGL208W,YJL089W,1,-6.7676787,0.3401108980178833,0.5841270089149475,0.1133333370089531
YGL229C,YDR469W,0,-6.7679067,0.33979687094688416,0.5841270089149475,0.11349206417798996
YGR261C,YDL020C,0,-6.767945,0.339483380317688,0.5841270089149475,0.11365079134702682
YBR286W,YDR039C,0,-6.770622,0.33917051553726196,0.5841270089149475,0.11380952596664429
YCR012W,YGR143W,0,-6.770777,0.3388581871986389,0.5841270089149475,0.11396825313568115
YLR353W,YBR057C,0,-6.7719812,0.3385464549064636,0.5841270089149475,0.11412698775529861
YGL045W,YDR392W,1,-6.772685,0.3391544222831726,0.5857142806053162,0.11412698775529861
YNL223W,YLR056W,0,-6.7732105,0.3388429880142212,0.5857142806053162,0.11428571492433548
YLR176C,YIL129C,0,-6.7737193,0.33853211998939514,0.5857142806053162,0.11444444209337234
YKL043W,YJL048C,0,-6.77457,0.33822181820869446,0.5857142806053162,0.11460317671298981
YDR216W,YCL008C,0,-6.776459,0.33791208267211914,0.5857142806053162,0.11476190388202667
YDR480W,YOR212W,1,-6.777061,0.33851784467697144,0.5873016119003296,0.11476190388202667
YKL190W,YKL150W,0,-6.777672,0.33820840716362,0.5873016119003296,0.11492063850164413
YDR459C,YHR135C,0,-6.7797174,0.3378995358943939,0.5873016119003296,0.115079365670681
YBR188C,YNR032W,0,-6.780039,0.3375912308692932,0.5873016119003296,0.11523809283971786
YJL024C,YDR141C,0,-6.7811074,0.33728349208831787,0.5873016119003296,0.11539682745933533
YML065W,YBR097W,0,-6.78128,0.3369763195514679,0.5873016119003296,0.11555555462837219
YNL268W,YNL123W,0,-6.782389,0.3366697132587433,0.5873016119003296,0.11571428924798965
YPL015C,YBL020W,0,-6.783154,0.33636364340782166,0.5873016119003296,0.11587301641702652
YGL180W,YDR314C,0,-6.7843423,0.3360581398010254,0.5873016119003296,0.11603174358606339
YOR233W,YGL219C,0,-6.784368,0.3357531726360321,0.5873016119003296,0.11619047820568085
YBR136W,YLR425W,0,-6.785295,0.3354487717151642,0.5873016119003296,0.11634920537471771
YLR263W,YKL035W,0,-6.78659,0.33514493703842163,0.5873016119003296,0.11650793999433517
YDL160C,YGL030W,0,-6.7870393,0.33484163880348206,0.5873016119003296,0.11666666716337204
YBR233W-A,YEL051W,0,-6.78715,0.33453887701034546,0.5873016119003296,0.1168253943324089
YBR298C,YGL252C,0,-6.7874084,0.33423668146133423,0.5873016119003296,0.11698412895202637
YPR134W,YBR223C,0,-6.789426,0.333935022354126,0.5873016119003296,0.11714285612106323
YOR127W,YHR111W,1,-6.7905707,0.3345356285572052,0.5888888835906982,0.11714285612106323
YFL039C,YNL275W,0,-6.7918305,0.33423423767089844,0.5888888835906982,0.1173015907406807
YGL155W,YJL101C,0,-6.792852,0.33393338322639465,0.5888888835906982,0.11746031790971756
YDR258C,YIL135C,0,-6.7946324,0.33363309502601624,0.5888888835906982,0.11761904507875443
YDR255C,YML013W,0,-6.7947955,0.3333333432674408,0.5888888835906982,0.11777777969837189
YPL269W,YMR106C,0,-6.79489,0.33303409814834595,0.5888888835906982,0.11793650686740875
YER035W,YBL056W,0,-6.795298,0.33273541927337646,0.5888888835906982,0.11809524148702621
YGL066W,YNL311C,0,-6.7955403,0.33243727684020996,0.5888888835906982,0.11825396865606308
YDR179C,YDL245C,0,-6.7955527,0.33213967084884644,0.5888888835906982,0.11841269582509995
YJL076W,YER095W,0,-6.7956038,0.3318425714969635,0.5888888835906982,0.11857143044471741
YAL056W,YOR127W,1,-6.7958274,0.33243969082832336,0.5904762148857117,0.11857143044471741
YDR221W,YML118W,0,-6.7958884,0.3321428596973419,0.5904762148857117,0.11873015761375427
YLR015W,YIR033W,0,-6.7962112,0.33184656500816345,0.5904762148857117,0.11888889223337173
YDR069C,YJR021C,0,-6.7979407,0.33155080676078796,0.5904762148857117,0.1190476194024086
YPL061W,YNL317W,0,-6.7995934,0.33125555515289307,0.5904762148857117,0.11920634657144547
YOR008C,YDR260C,0,-6.7997355,0.33096083998680115,0.5904762148857117,0.11936508119106293
YDR179C,YPL121C,0,-6.799806,0.3306666612625122,0.5904762148857117,0.11952380836009979
YGR036C,YDL160C,0,-6.800793,0.33037298917770386,0.5904762148857117,0.11968254297971725
YBR215W,YPR168W,0,-6.800799,0.3300798535346985,0.5904762148857117,0.11984127014875412
YKL138C-A,YBR055C,0,-6.801351,0.3297872245311737,0.5904762148857117,0.11999999731779099
YDL095W,YPL122C,0,-6.8015237,0.3294951319694519,0.5904762148857117,0.12015873193740845
YOR288C,YMR008C,0,-6.803172,0.3292035460472107,0.5904762148857117,0.12031745910644531
YPL121C,YEL060C,0,-6.8043113,0.3289124667644501,0.5904762148857117,0.12047619372606277
YGL013C,YJR110W,0,-6.805139,0.32862189412117004,0.5904762148857117,0.12063492089509964
YNL294C,YBR289W,1,-6.806304,0.329214483499527,0.5920634865760803,0.12063492089509964
YLL042C,YLR116W,0,-6.806791,0.32892414927482605,0.5920634865760803,0.1207936480641365
YMR238W,YPL179W,0,-6.8068233,0.3286343514919281,0.5920634865760803,0.12095238268375397
YER159C,YOR260W,0,-6.806871,0.32834506034851074,0.5920634865760803,0.12111110985279083
YBR112C,YDL236W,0,-6.806983,0.328056275844574,0.5920634865760803,0.1212698444724083
YML130C,YGR086C,0,-6.807374,0.3277680277824402,0.5920634865760803,0.12142857164144516
YMR220W,YDR238C,0,-6.8082376,0.3274802565574646,0.5920634865760803,0.12158729881048203
YGR046W,YBR223C,0,-6.8082776,0.3271929919719696,0.5920634865760803,0.12174603343009949
YOR275C,YCR084C,1,-6.8099856,0.32778266072273254,0.5936508178710938,0.12174603343009949
YKL212W,YDR523C,0,-6.810107,0.32749563455581665,0.5936508178710938,0.12190476059913635
YIR037W,YIL121W,0,-6.811106,0.32720908522605896,0.5936508178710938,0.12206349521875381
YDR318W,YHR206W,0,-6.8114986,0.32692307233810425,0.5936508178710938,0.12222222238779068
YGR214W,YBR081C,0,-6.81157,0.3266375660896301,0.5936508178710938,0.12238094955682755
YPR199C,YIL076W,0,-6.8126907,0.3263525366783142,0.5936508178710938,0.12253968417644501
YIL031W,YLR447C,0,-6.812917,0.3260680139064789,0.5936508178710938,0.12269841134548187
YFL033C,YNL241C,0,-6.8135905,0.32578396797180176,0.5936508178710938,0.12285714596509933
YOR005C,YJL121C,0,-6.8140965,0.3255004286766052,0.5936508178710938,0.1230158731341362
YHR084W,YHR111W,1,-6.8162394,0.32608696818351746,0.5952380895614624,0.1230158731341362
YGR056W,YJR046W,0,-6.817286,0.32580363750457764,0.5952380895614624,0.12317460030317307
YDR432W,YJL156C,0,-6.8178325,0.3255208432674408,0.5952380895614624,0.12333333492279053
YDL117W,YMR136W,0,-6.8179517,0.32523849606513977,0.5952380895614624,0.12349206209182739
YLR133W,YML069W,0,-6.818244,0.3249566853046417,0.5952380895614624,0.12365079671144485
YOL078W,YJL012C,0,-6.8189974,0.3246753215789795,0.5952380895614624,0.12380952388048172
YPL069C,YGL173C,0,-6.819268,0.32439446449279785,0.5952380895614624,0.12396825104951859
YLR229C,YDR480W,1,-6.819796,0.32497838139533997,0.5968254208564758,0.12396825104951859
YBR245C,YPL268W,0,-6.822019,0.3246977627277374,0.5968254208564758,0.12412698566913605
YER019W,YGR165W,0,-6.8230324,0.3244175910949707,0.5968254208564758,0.12428571283817291
YHR073W,YDL159W,1,-6.8232207,0.32499998807907104,0.5984126925468445,0.12428571283817291
YCL029C,YJR147W,0,-6.823584,0.3247200548648834,0.5984126925468445,0.12444444745779037
YCR093W,YEL015W,0,-6.8236504,0.3244406282901764,0.5984126925468445,0.12460317462682724
YDR103W,YHR111W,1,-6.8240895,0.32502150535583496,0.6000000238418579,0.12460317462682724
YML016C,YBL058W,0,-6.8241777,0.32474225759506226,0.6000000238418579,0.1247619017958641
YIL131C,YOR060C,0,-6.825785,0.32446351647377014,0.6000000238418579,0.12492063641548157
YDR464W,YJR049C,0,-6.8263497,0.32418525218963623,0.6000000238418579,0.12507936358451843
YOL065C,YOL002C,0,-6.826587,0.3239074647426605,0.6000000238418579,0.1252380907535553
YGR092W,YDR317W,0,-6.827138,0.32363012433052063,0.6000000238418579,0.12539683282375336
YPL016W,YER100W,0,-6.8282228,0.32335329055786133,0.6000000238418579,0.12555555999279022
YJL106W,YGL062W,0,-6.8283067,0.32307693362236023,0.6000000238418579,0.1257142871618271
YAL056W,YNL197C,1,-6.828817,0.32365500926971436,0.6015872955322266,0.1257142871618271
YDR331W,YGL194C,0,-6.829452,0.3233788311481476,0.6015872955322266,0.12587301433086395
YJL081C,YAL044C,0,-6.8295813,0.3231031596660614,0.6015872955322266,0.12603174149990082
YGR086C,YML064C,0,-6.8320656,0.32282793521881104,0.6015872955322266,0.12619048357009888
YPR165W,YIL073C,0,-6.8324227,0.32255318760871887,0.6015872955322266,0.12634921073913574
YLR229C,YCR084C,1,-6.8326497,0.323129266500473,0.60317462682724,0.12634921073913574
YBR236C,YOL006C,0,-6.8332705,0.3228547275066376,0.60317462682724,0.1265079379081726
YNL271C,YPR140W,0,-6.834225,0.32258063554763794,0.60317462682724,0.12666666507720947
YGR261C,YPR121W,0,-6.8348117,0.3223070502281189,0.60317462682724,0.12682539224624634
YGL254W,YCL001W,0,-6.8354573,0.32203391194343567,0.60317462682724,0.1269841343164444
YCR077C,YBR186W,0,-6.8385205,0.32176122069358826,0.60317462682724,0.12714286148548126
YML132W,YDR389W,0,-6.838535,0.32148900628089905,0.60317462682724,0.12730158865451813
YLR229C,YOR212W,1,-6.8388495,0.32206255197525024,0.6047618985176086,0.12730158865451813
YAL056W,YGR040W,1,-6.840504,0.32263514399528503,0.6063492298126221,0.12730158865451813
YGL119W,YAL020C,0,-6.8413634,0.32236286997795105,0.6063492298126221,0.127460315823555
YPR095C,YNL093W,0,-6.8418365,0.32209107279777527,0.6063492298126221,0.12761904299259186
YNL334C,YDR145W,0,-6.8423233,0.3218197226524353,0.6063492298126221,0.12777778506278992
YDL212W,YIL031W,0,-6.8433228,0.32154881954193115,0.6063492298126221,0.12793651223182678
YNL294C,YDR477W,1,-6.8439775,0.32211941480636597,0.6079365015029907,0.12793651223182678
YBR100W,YMR268C,0,-6.8448434,0.3218487501144409,0.6079365015029907,0.12809523940086365
YBR193C,YIL105C,0,-6.845362,0.3215785026550293,0.6079365015029907,0.1282539665699005
YPL221W,YPR138C,0,-6.846677,0.3213087320327759,0.6079365015029907,0.12841269373893738
YBR086C,YPL237W,0,-6.847052,0.3210394084453583,0.6079365015029907,0.12857143580913544
YJR105W,YOR259C,0,-6.847679,0.3207705318927765,0.6079365015029907,0.1287301629781723
YLR363C,YDL065C,0,-6.848242,0.3205021023750305,0.6079365015029907,0.12888889014720917
YOL051W,YOR127W,1,-6.8483624,0.32107022404670715,0.6095238327980042,0.12888889014720917
YDR009W,YOR151C,0,-6.84892,0.3208020031452179,0.6095238327980042,0.12904761731624603
YGR288W,YOL128C,0,-6.850553,0.32053422927856445,0.6095238327980042,0.1292063444852829
YPR111W,YPL028W,0,-6.8510823,0.3202669024467468,0.6095238327980042,0.12936508655548096
YOR320C,YFL060C,0,-6.851152,0.3199999928474426,0.6095238327980042,0.12952381372451782
YNL127W,YGL063W,0,-6.8536124,0.31973356008529663,0.6095238327980042,0.1296825408935547
YNR075W,YGL061C,0,-6.8544135,0.31946754455566406,0.6095238327980042,0.12984126806259155
YHR079C,YJL156C,0,-6.855282,0.3192020058631897,0.6095238327980042,0.12999999523162842
YGL019W,YER054C,0,-6.855429,0.31893688440322876,0.6095238327980042,0.13015873730182648
YHR079C,YPL179W,0,-6.8556504,0.31867220997810364,0.6095238327980042,0.13031746447086334
YDL024C,YAL056W,1,-6.8557677,0.3192371428012848,0.6111111044883728,0.13031746447086334
YNL220W,YLR117C,0,-6.8561587,0.318972647190094,0.6111111044883728,0.1304761916399002
YDL230W,YDL159W,1,-6.8589025,0.319536417722702,0.6126984357833862,0.1304761916399002
YER109C,YOL060C,0,-6.8596406,0.31927213072776794,0.6126984357833862,0.13063491880893707
YNL230C,YDR318W,0,-6.860054,0.3190082609653473,0.6126984357833862,0.13079364597797394
YBR068C,YGL143C,0,-6.8607,0.31874483823776245,0.6126984357833862,0.130952388048172
YJL089W,YPL203W,1,-6.862166,0.3193069398403168,0.6142857074737549,0.130952388048172
YMR316W,YOR371C,1,-6.86219,0.3198680877685547,0.6158730387687683,0.130952388048172
YER056C,YAR044W,0,-6.8621964,0.3196046054363251,0.6158730387687683,0.13111111521720886
YBR102C,YDR159W,0,-6.8630085,0.3193415701389313,0.6158730387687683,0.13126984238624573
YCR089W,YCR084C,1,-6.863293,0.31990131735801697,0.617460310459137,0.13126984238624573
YNL066W,YDR059C,0,-6.863443,0.3196384608745575,0.617460310459137,0.1314285695552826
YER020W,YPL203W,1,-6.86359,0.32019704580307007,0.6190476417541504,0.1314285695552826
YAL056W,YDR392W,1,-6.864424,0.3207547068595886,0.620634913444519,0.1314285695552826
YNL145W,YIL135C,0,-6.867512,0.3204917907714844,0.620634913444519,0.13158729672431946
YPL154C,YLR119W,0,-6.8684907,0.32022932171821594,0.620634913444519,0.13174603879451752
YLR229C,YOR371C,1,-6.868746,0.32078561186790466,0.6222222447395325,0.13174603879451752
YLL018C-A,YML074C,0,-6.8690867,0.32052329182624817,0.6222222447395325,0.13190476596355438
YPL053C,YLR262C,0,-6.8701677,0.3202614486217499,0.6222222447395325,0.13206349313259125
YDR236C,YGL194C,0,-6.871679,0.3199999928474426,0.6222222447395325,0.1322222203016281
YDR189W,YCL005W-A,0,-6.8720527,0.3197389841079712,0.6222222447395325,0.13238094747066498
YMR036C,YNL055C,0,-6.872497,0.3194783926010132,0.6222222447395325,0.13253968954086304
YDR480W,YOR290C,1,-6.872935,0.3200325667858124,0.6238095164299011,0.13253968954086304
YIR019C,YHR084W,1,-6.8734856,0.32058584690093994,0.6253968477249146,0.13253968954086304
YMR316W,YGL045W,1,-6.8768125,0.3211382031440735,0.6269841194152832,0.13253968954086304
YEL061C,YER001W,0,-6.877317,0.320877343416214,0.6269841194152832,0.1326984167098999
YDR251W,YGR180C,0,-6.877476,0.32061687111854553,0.6269841194152832,0.13285714387893677
YLL022C,YLR097C,0,-6.8778043,0.3203568458557129,0.6269841194152832,0.13301587104797363
YDL024C,YOR127W,1,-6.8780265,0.3209076225757599,0.6285714507102966,0.13301587104797363
YPR075C,YLR039C,0,-6.8795023,0.3206477761268616,0.6285714507102966,0.1331745982170105
YGR004W,YGL104C,0,-6.8796916,0.3203883469104767,0.6285714507102966,0.13333334028720856
YBR272C,YLR321C,0,-6.8797197,0.3201293349266052,0.6285714507102966,0.13349206745624542
YCR040W,YPR134W,0,-6.879807,0.3198707699775696,0.6285714507102966,0.1336507946252823
YDR480W,YNL119W,1,-6.88005,0.32041969895362854,0.6301587224006653,0.1336507946252823
YPL036W,YIL105C,0,-6.8805056,0.32016128301620483,0.6301587224006653,0.13380952179431915
YAL041W,YKL068W,0,-6.881167,0.31990331411361694,0.6301587224006653,0.13396824896335602
YFR047C,YER180C-A,0,-6.8817816,0.3196457326412201,0.6301587224006653,0.13412699103355408
YPR049C,YNL186W,0,-6.88189,0.31938856840133667,0.6301587224006653,0.13428571820259094
YOL063C,YDR394W,0,-6.8846235,0.3191318213939667,0.6301587224006653,0.1344444453716278
YNL031C,YNL264C,0,-6.8847947,0.3188754916191101,0.6301587224006653,0.13460317254066467
YMR232W,YMR214W,0,-6.8848834,0.31861957907676697,0.6301587224006653,0.13476189970970154
YBR243C,YMR137C,0,-6.885367,0.31836408376693726,0.6301587224006653,0.1349206417798996
YDR477W,YNL197C,1,-6.888353,0.31891027092933655,0.6317460536956787,0.1349206417798996
YPL140C,YLR034C,0,-6.8889213,0.3186549246311188,0.6317460536956787,0.13507936894893646
YBR236C,YBL097W,0,-6.889391,0.31839999556541443,0.6317460536956787,0.13523809611797333
YNL326C,YLR312C-B,0,-6.8896866,0.3181454837322235,0.6317460536956787,0.1353968232870102
YDR488C,YKL193C,0,-6.8898363,0.31789135932922363,0.6317460536956787,0.13555555045604706
YGL158W,YGL233W,0,-6.8902063,0.31763768196105957,0.6317460536956787,0.13571429252624512
YDR424C,YMR052W,0,-6.8909564,0.31738436222076416,0.6317460536956787,0.13587301969528198
YOL104C,YGL095C,0,-6.892428,0.3171314597129822,0.6317460536956787,0.13603174686431885
YLR097C,YMR022W,0,-6.8928638,0.3168789744377136,0.6317460536956787,0.1361904740333557
YOL012C,YPR074C,0,-6.893125,0.3166268765926361,0.6317460536956787,0.13634920120239258
YAL056W,YOR290C,1,-6.893283,0.317170113325119,0.6333333253860474,0.13634920120239258
YPL040C,YJL019W,0,-6.8937364,0.31691819429397583,0.6333333253860474,0.13650794327259064
YDR317W,YBR156C,0,-6.8961954,0.3166666626930237,0.6333333253860474,0.1366666704416275
YGL025C,YDR312W,0,-6.8973017,0.31641554832458496,0.6333333253860474,0.13682539761066437
YDR392W,YHR111W,1,-6.897514,0.3169572055339813,0.6349206566810608,0.13682539761066437
YMR116C,YER020W,1,-6.898248,0.31749802827835083,0.6365079283714294,0.13682539761066437
YLR229C,YCR089W,1,-6.899222,0.3180379867553711,0.6380952596664429,0.13682539761066437
YDL106C,YGR185C,0,-6.8994603,0.3177865743637085,0.6380952596664429,0.13698412477970123
YDR301W,YML052W,0,-6.8998075,0.31753554940223694,0.6380952596664429,0.1371428519487381
YER020W,YOR127W,1,-6.9000726,0.31807419657707214,0.6396825313568115,0.1371428519487381
YPL112C,YDR311W,0,-6.900333,0.3178233504295349,0.6396825313568115,0.13730159401893616
YMR316W,YAL056W,1,-6.9006824,0.31836092472076416,0.641269862651825,0.13730159401893616
YOR232W,YPR125W,0,-6.902957,0.31811022758483887,0.641269862651825,0.13746032118797302
YCR107W,YBR036C,0,-6.903682,0.317859947681427,0.641269862651825,0.1376190483570099
YMR220W,YPL218W,0,-6.9044805,0.3176100552082062,0.641269862651825,0.13777777552604675
YOL051W,YAL056W,1,-6.9049,0.31814610958099365,0.6428571343421936,0.13777777552604675
YHR205W,YBL058W,0,-6.905249,0.31789639592170715,0.6428571343421936,0.13793650269508362
YGL213C,YMR284W,0,-6.905338,0.3176470696926117,0.6428571343421936,0.13809524476528168
YKL068W,YGR009C,0,-6.9079075,0.3173981308937073,0.6428571343421936,0.13825397193431854
YOR080W,YIL008W,1,-6.908665,0.317932665348053,0.644444465637207,0.13825397193431854
YGR040W,YDR392W,1,-6.909324,0.3184663653373718,0.6460317373275757,0.13825397193431854
YLL043W,YHR008C,0,-6.910278,0.31821736693382263,0.6460317373275757,0.1384126991033554
YCR091W,YFL005W,0,-6.910883,0.3179687559604645,0.6460317373275757,0.13857142627239227
YHR115C,YAL026C,0,-6.9117355,0.31772053241729736,0.6460317373275757,0.13873015344142914
YDL154W,YHR001W,0,-6.9120665,0.3174726963043213,0.6460317373275757,0.1388888955116272
YLR114C,YER174C,0,-6.913418,0.31722524762153625,0.6460317373275757,0.13904762268066406
YJL178C,YOR048C,0,-6.913716,0.31697818636894226,0.6460317373275757,0.13920634984970093
YCR089W,YGR040W,1,-6.9144716,0.3175097405910492,0.6476190686225891,0.13920634984970093
YPL154C,YBR097W,0,-6.916928,0.31726282835006714,0.6476190686225891,0.1393650770187378
YCL039W,YHR092C,0,-6.917107,0.3170163035392761,0.6476190686225891,0.13952380418777466
YOR113W,YMR264W,0,-6.9218583,0.31677019596099854,0.6476190686225891,0.13968254625797272
YLR088W,YDR072C,0,-6.9231052,0.3165244460105896,0.6476190686225891,0.13984127342700958
YNR008W,YOR148C,0,-6.9231772,0.3162790834903717,0.6476190686225891,0.14000000059604645
YKR035W-A,YCR024C-A,0,-6.9237657,0.31603407859802246,0.6476190686225891,0.1401587277650833
YOR371C,YNL197C,1,-6.9241204,0.3165634572505951,0.6492063403129578,0.1401587277650833
YDR179C,YOR344C,0,-6.9243317,0.3163186311721802,0.6492063403129578,0.14031745493412018
YCL055W,YJL019W,0,-6.9248195,0.3160741925239563,0.6492063403129578,0.14047619700431824
YGR044C,YMR218C,0,-6.9248624,0.3158301115036011,0.6492063403129578,0.1406349241733551
YEL015W,YJL012C,0,-6.924909,0.3155864179134369,0.6492063403129578,0.14079365134239197
YHR183W,YJL012C-A,0,-6.9250665,0.31534311175346375,0.6492063403129578,0.14095237851142883
YIL018W,YMR179W,0,-6.9267783,0.31510016322135925,0.6492063403129578,0.1411111056804657
YHR188C,YNL291C,0,-6.9291644,0.3148575723171234,0.6492063403129578,0.14126984775066376
YDR025W,YMR273C,0,-6.930838,0.314615398645401,0.6492063403129578,0.14142857491970062
YHL031C,YNL317W,0,-6.9333324,0.31437355279922485,0.6492063403129578,0.1415873020887375
YHR166C,YML029W,0,-6.933458,0.31413209438323975,0.6492063403129578,0.14174602925777435
YDR153C,YGL133W,0,-6.9334598,0.3138910233974457,0.6492063403129578,0.14190475642681122
YNL003C,YOR230W,0,-6.9335318,0.31365031003952026,0.6492063403129578,0.14206349849700928
YOR079C,YKR066C,0,-6.934522,0.3134099543094635,0.6492063403129578,0.14222222566604614
YFR021W,YBR218C,0,-6.9352612,0.3131699860095978,0.6492063403129578,0.142380952835083
YKL179C,YOR142W,0,-6.935819,0.3129303753376007,0.6492063403129578,0.14253968000411987
YDR174W,YHR074W,0,-6.9365964,0.3126911222934723,0.6492063403129578,0.14269840717315674
YDR309C,YNL253W,0,-6.9371624,0.3124522566795349,0.6492063403129578,0.1428571492433548
YML074C,YIL029C,0,-6.937325,0.3122137486934662,0.6492063403129578,0.14301587641239166
YOR035C,YMR104C,0,-6.938333,0.3119755983352661,0.6492063403129578,0.14317460358142853
YNL220W,YDL069C,0,-6.939301,0.3117378056049347,0.6492063403129578,0.1433333307504654
YML005W,YOR075W,0,-6.941131,0.3115003705024719,0.6492063403129578,0.14349205791950226
YOL065C,YOR008C,0,-6.9430985,0.3112633228302002,0.6492063403129578,0.14365079998970032
YJL122W,YLL016W,0,-6.94393,0.31102660298347473,0.6492063403129578,0.14380952715873718
YGR040W,YDL230W,1,-6.9461794,0.3115501403808594,0.6507936716079712,0.14380952715873718
YCL034W,YGL209W,0,-6.9463105,0.31131359934806824,0.6507936716079712,0.14396825432777405
YHR111W,YIL008W,1,-6.946921,0.3118361234664917,0.6523809432983398,0.14396825432777405
YHR034C,YOR256C,0,-6.947039,0.3115997016429901,0.6523809432983398,0.1441269814968109
YJL201W,YIR033W,0,-6.947559,0.3113636374473572,0.6523809432983398,0.14428570866584778
YIR019C,YNL197C,1,-6.947581,0.31188493967056274,0.6539682745933533,0.14428570866584778
YNR039C,YLR426W,0,-6.9479213,0.31164902448654175,0.6539682745933533,0.14444445073604584
YHR073W,YBR289W,1,-6.9486957,0.31216931343078613,0.6555555462837219,0.14444445073604584
YOR298W,YDR201W,0,-6.9486995,0.3119335472583771,0.6555555462837219,0.1446031779050827
YLR013W,YMR167W,0,-6.949197,0.3116981089115143,0.6555555462837219,0.14476190507411957
YJL089W,YHR111W,1,-6.950991,0.31221720576286316,0.6571428775787354,0.14476190507411957
YDR055W,YDR240C,0,-6.9511366,0.3119819164276123,0.6571428775787354,0.14492063224315643
YLR201C,YBR065C,0,-6.9519477,0.3117469847202301,0.6571428775787354,0.1450793594121933
YDL149W,YPR086W,0,-6.9528913,0.31151241064071655,0.6571428775787354,0.14523810148239136
YKL213C,YLR011W,0,-6.9529476,0.31127819418907166,0.6571428775787354,0.14539682865142822
YLR390W-A,YAL041W,0,-6.9537888,0.3110443353652954,0.6571428775787354,0.1455555558204651
YKL213C,YDR166C,0,-6.954257,0.31081080436706543,0.6571428775787354,0.14571428298950195
YDR273W,YIL077C,0,-6.955367,0.3105776309967041,0.6571428775787354,0.14587301015853882
YDR301W,YPR183W,0,-6.9570937,0.3103448152542114,0.6571428775787354,0.14603175222873688
YDR009W,YCL055W,0,-6.9586124,0.3101123571395874,0.6571428775787354,0.14619047939777374
YAL021C,YLL006W,0,-6.959397,0.30988022685050964,0.6571428775787354,0.1463492065668106
YAL040C,YAR002W,0,-6.9598794,0.30964845418930054,0.6571428775787354,0.14650793373584747
YIR019C,YDR392W,1,-6.9600434,0.3101644217967987,0.658730149269104,0.14650793373584747
YJR137C,YHR183W,0,-6.960165,0.30993279814720154,0.658730149269104,0.14666666090488434
YFL009W,YNL073W,0,-6.960742,0.30970150232315063,0.658730149269104,0.1468254029750824
YDL019C,YLR014C,0,-6.9614325,0.309470534324646,0.658730149269104,0.14698413014411926
YOR080W,YAL056W,1,-6.9623904,0.30998510122299194,0.6603174805641174,0.14698413014411926
YER120W,YDR065W,0,-6.962917,0.30975428223609924,0.6603174805641174,0.14714285731315613
YER045C,YNL156C,0,-6.9638033,0.3095238208770752,0.6603174805641174,0.147301584482193
YGR220C,YHR135C,0,-6.964998,0.3092936873435974,0.6603174805641174,0.14746031165122986
YDR108W,YIL042C,0,-6.965607,0.3090638816356659,0.6603174805641174,0.14761905372142792
YDR138W,YAL051W,0,-6.966123,0.308834433555603,0.6603174805641174,0.14777778089046478
YDL013W,YCR055C,0,-6.9685254,0.3086053431034088,0.6603174805641174,0.14793650805950165
YNR038W,YKR028W,0,-6.968882,0.30837658047676086,0.6603174805641174,0.1480952352285385
YDR072C,YER087C-B,0,-6.969093,0.3081481456756592,0.6603174805641174,0.14825396239757538
YKL146W,YDL005C,0,-6.9693627,0.30792006850242615,0.6603174805641174,0.14841270446777344
YNL160W,YNR039C,0,-6.9699235,0.3076923191547394,0.6603174805641174,0.1485714316368103
YBR098W,YDR490C,0,-6.969958,0.3074648976325989,0.6603174805641174,0.14873015880584717
YDR168W,YKR052C,0,-6.970915,0.30723780393600464,0.6603174805641174,0.14888888597488403
YDR281C,YMR106C,0,-6.9713664,0.30701106786727905,0.6603174805641174,0.1490476131439209
YCR014C,YIR011C,0,-6.972047,0.30678465962409973,0.6603174805641174,0.14920635521411896
YNR007C,YBR228W,0,-6.9722257,0.3065585792064667,0.6603174805641174,0.14936508238315582
YDR446W,YNL103W,0,-6.9722605,0.30633285641670227,0.6603174805641174,0.1495238095521927
YJR017C,YIL105C,0,-6.973061,0.30610743165016174,0.6603174805641174,0.14968253672122955
YDL159W,YHR111W,1,-6.9747863,0.3066176474094391,0.6619047522544861,0.14968253672122955
YOR159C,YOR115C,0,-6.974829,0.3063923716545105,0.6619047522544861,0.14984126389026642
YMR113W,YDR292C,0,-6.9757447,0.3061673939228058,0.6619047522544861,0.15000000596046448
YNL274C,YNL330C,0,-6.9770494,0.3059427738189697,0.6619047522544861,0.15015873312950134
YDL137W,YKL129C,0,-6.977423,0.30571848154067993,0.6619047522544861,0.1503174602985382
YJR052W,YPL128C,0,-6.9791656,0.3054945170879364,0.6619047522544861,0.15047618746757507
YHR036W,YPL047W,0,-6.9796205,0.30527085065841675,0.6619047522544861,0.15063491463661194
YJL207C,YGR111W,0,-6.980026,0.30504754185676575,0.6619047522544861,0.15079365670681
YLL060C,YML062C,0,-6.9802113,0.304824560880661,0.6619047522544861,0.15095238387584686
YMR133W,YKR050W,0,-6.9806857,0.30460190773010254,0.6619047522544861,0.15111111104488373
YCL011C,YPL214C,0,-6.981092,0.30437955260276794,0.6619047522544861,0.1512698382139206
YGR060W,YGR002C,0,-6.9823446,0.304157555103302,0.6619047522544861,0.15142856538295746
YJL124C,YDR435C,0,-6.982772,0.30393585562705994,0.6619047522544861,0.15158730745315552
YPL137C,YCR014C,0,-6.9828706,0.30371448397636414,0.6619047522544861,0.15174603462219238
YEL009C,YJL139C,0,-6.983849,0.3034934401512146,0.6619047522544861,0.15190476179122925
YPL096C-A,YKL079W,0,-6.9841814,0.30327272415161133,0.6619047522544861,0.1520634889602661
YLR248W,YMR243C,0,-6.98434,0.3030523359775543,0.6619047522544861,0.15222221612930298
YCR089W,YNL197C,1,-6.9849477,0.30355846881866455,0.6634920835494995,0.15222221612930298
YER040W,YPL254W,0,-6.985204,0.3033381700515747,0.6634920835494995,0.15238095819950104
YHR015W,YBR283C,0,-6.986415,0.30311819911003113,0.6634920835494995,0.1525396853685379
YGL062W,YEL037C,0,-6.9876475,0.3028985559940338,0.6634920835494995,0.15269841253757477
YHL034C,YDL190C,0,-6.9878564,0.3026792109012604,0.6634920835494995,0.15285713970661163
YIL122W,YOR297C,0,-6.9881253,0.3024601936340332,0.6634920835494995,0.1530158668756485
YMR281W,YOL002C,0,-6.9883103,0.3022415041923523,0.6634920835494995,0.15317460894584656
YDR103W,YNL197C,1,-6.9895997,0.30274567008018494,0.6650793552398682,0.15317460894584656
YDR009W,YLR005W,0,-6.9899955,0.3025270700454712,0.6650793552398682,0.15333333611488342
YEL019C,YBR273C,0,-6.9901547,0.3023087978363037,0.6650793552398682,0.1534920632839203
YIL139C,YJR103W,0,-6.9905953,0.3020908534526825,0.6650793552398682,0.15365079045295715
YKR050W,YPL020C,0,-6.9907484,0.30187320709228516,0.6650793552398682,0.15380951762199402
YJL012C,YJL222W,0,-6.991485,0.3016558587551117,0.6650793552398682,0.15396825969219208
YGL045W,YIL008W,1,-6.9931855,0.30215826630592346,0.6666666865348816,0.15396825969219208
YDR279W,YDR065W,0,-6.9939733,0.30194103717803955,0.6666666865348816,0.15412698686122894
YPR128C,YPL089C,0,-6.9941015,0.3017241358757019,0.6666666865348816,0.1542857140302658
YGL003C,YMR137C,0,-6.995123,0.30150753259658813,0.6666666865348816,0.15444444119930267
YDR214W,YDR527W,0,-6.997309,0.30129125714302063,0.6666666865348816,0.15460316836833954
YGR092W,YBR210W,0,-6.9979186,0.301075279712677,0.6666666865348816,0.1547619104385376
YPL192C,YJR046W,0,-6.997994,0.30085960030555725,0.6666666865348816,0.15492063760757446
YDR480W,YOL051W,1,-6.9985423,0.3013600707054138,0.6682539582252502,0.15492063760757446
YPL125W,YHR205W,0,-6.998832,0.30114448070526123,0.6682539582252502,0.15507936477661133
YKL052C,YJL060W,0,-6.9996805,0.3009292483329773,0.6682539582252502,0.1552380919456482
YHR190W,YOR126C,0,-7.000386,0.30071428418159485,0.6682539582252502,0.15539681911468506
YCR089W,YOR212W,1,-7.0012712,0.30121341347694397,0.6698412895202637,0.15539681911468506
YKL002W,YML115C,0,-7.00131,0.3009985685348511,0.6698412895202637,0.15555556118488312
YML042W,YPR081C,0,-7.0029445,0.30078402161598206,0.6698412895202637,0.15571428835391998
YNL293W,YAL023C,0,-7.0035243,0.3005698025226593,0.6698412895202637,0.15587301552295685
YGR040W,YBR289W,1,-7.0038676,0.30106762051582336,0.6714285612106323,0.15587301552295685
YDL106C,YMR101C,0,-7.0045133,0.3008534908294678,0.6714285612106323,0.1560317426919937
YGR216C,YJL145W,0,-7.005133,0.30063965916633606,0.6714285612106323,0.15619046986103058
YPR183W,YAL016W,0,-7.005396,0.3004261255264282,0.6714285612106323,0.15634921193122864
YPL110C,YGL097W,0,-7.006147,0.30021291971206665,0.6714285612106323,0.1565079391002655
YPR185W,YHR096C,0,-7.0078664,0.30000001192092896,0.6714285612106323,0.15666666626930237
YAR002C-A,YPL154C,0,-7.008325,0.29978737235069275,0.6714285612106323,0.15682539343833923
YOL051W,YIL008W,1,-7.00847,0.300283282995224,0.6730158925056458,0.15682539343833923
YFR014C,YHR161C,0,-7.008825,0.30007076263427734,0.6730158925056458,0.1569841206073761
YIL044C,YKL186C,0,-7.009174,0.29985857009887695,0.6730158925056458,0.15714286267757416
YGR156W,YPL129W,0,-7.009846,0.29964664578437805,0.6730158925056458,0.15730158984661102
YGL175C,YNR047W,0,-7.0103326,0.299435019493103,0.6730158925056458,0.1574603170156479
YMR052W,YML014W,0,-7.010543,0.29922372102737427,0.6730158925056458,0.15761904418468475
YKR027W,YFL037W,0,-7.01104,0.299012690782547,0.6730158925056458,0.15777777135372162
YDL106C,YOR187W,0,-7.0114264,0.2988019585609436,0.6730158925056458,0.15793651342391968
YGL021W,YPL121C,0,-7.011867,0.2985915541648865,0.6730158925056458,0.15809524059295654
YLR310C,YMR109W,0,-7.0120845,0.29838141798973083,0.6730158925056458,0.1582539677619934
YFR013W,YBR199W,0,-7.0122485,0.2981715798377991,0.6730158925056458,0.15841269493103027
YHL019C,YDL188C,0,-7.012391,0.2979620397090912,0.6730158925056458,0.15857142210006714
YBR236C,YBR117C,0,-7.0125356,0.2977527976036072,0.6730158925056458,0.1587301641702652
YPR165W,YER147C,0,-7.013553,0.29754385352134705,0.6730158925056458,0.15888889133930206
YOR371C,YGR040W,1,-7.013685,0.29803645610809326,0.6746031641960144,0.15888889133930206
YGR040W,YIR019C,1,-7.014295,0.29852837324142456,0.6761904954910278,0.15888889133930206
YLR391W,YDL111C,0,-7.0183463,0.29831933975219727,0.6761904954910278,0.15904761850833893
YGL037C,YDR218C,0,-7.018438,0.29811057448387146,0.6761904954910278,0.1592063456773758
YJR031C,YCL043C,0,-7.0185533,0.29790210723876953,0.6761904954910278,0.15936507284641266
YOR173W,YPR121W,0,-7.0191464,0.2976939082145691,0.6761904954910278,0.15952381491661072
YBR038W,YBR088C,0,-7.0194364,0.2974860370159149,0.6761904954910278,0.15968254208564758
YDR174W,YGL252C,0,-7.0204186,0.29727843403816223,0.6761904954910278,0.15984126925468445
YDR188W,YBR038W,0,-7.0210786,0.2970711290836334,0.6761904954910278,0.1599999964237213
YDR456W,YBR080C,0,-7.0219207,0.2968641221523285,0.6761904954910278,0.16015872359275818
YHR005C,YDR479C,0,-7.0229135,0.29665738344192505,0.6761904954910278,0.16031746566295624
YML132W,YER089C,0,-7.0234294,0.2964509427547455,0.6761904954910278,0.1604761928319931
YLR347C,YJL156C,0,-7.0255547,0.2962447702884674,0.6761904954910278,0.16063492000102997
YDL230W,YDR103W,1,-7.0260434,0.2967338562011719,0.6777777671813965,0.16063492000102997
YIR019C,YOR212W,1,-7.0266595,0.29722222685813904,0.6793650984764099,0.16063492000102997
YOL143C,YLR141W,0,-7.0266643,0.2970159649848938,0.6793650984764099,0.16079364717006683
YDL024C,YDR477W,1,-7.027796,0.2975034713745117,0.6809523701667786,0.16079364717006683
YDR017C,YML029W,0,-7.0284553,0.29729729890823364,0.6809523701667786,0.1609523743391037
YDR477W,YCR084C,1,-7.0291495,0.2977839410305023,0.682539701461792,0.1609523743391037
YGL020C,YHR082C,0,-7.0300403,0.2975778579711914,0.682539701461792,0.16111111640930176
YHR143W,YPL095C,0,-7.0308824,0.29737207293510437,0.682539701461792,0.16126984357833862
YML102W,YJL034W,0,-7.0317664,0.2971665561199188,0.682539701461792,0.1614285707473755
YOR157C,YEL051W,0,-7.031939,0.29696133732795715,0.682539701461792,0.16158729791641235
YER095W,YGL115W,0,-7.0321126,0.296756386756897,0.682539701461792,0.16174602508544922
YKL080W,YJL056C,0,-7.0325503,0.29655173420906067,0.682539701461792,0.16190476715564728
YOL077W-A,YPL128C,0,-7.0329766,0.29634734988212585,0.682539701461792,0.16206349432468414
YKR055W,YGL129C,0,-7.0339303,0.2961432635784149,0.682539701461792,0.162222221493721
YOR267C,YFL036W,0,-7.033974,0.29593944549560547,0.682539701461792,0.16238094866275787
YDR148C,YPL234C,0,-7.034188,0.2957358956336975,0.682539701461792,0.16253967583179474
YLR013W,YDR238C,0,-7.0341883,0.2955326437950134,0.682539701461792,0.1626984179019928
YBR218C,YOL138C,0,-7.0349765,0.29532966017723083,0.682539701461792,0.16285714507102966
YLR078C,YDR422C,0,-7.035069,0.2951269745826721,0.682539701461792,0.16301587224006653
YHR074W,YER169W,0,-7.036037,0.2949245572090149,0.682539701461792,0.1631745994091034
YOR033C,YOR008C,0,-7.0378604,0.29472240805625916,0.682539701461792,0.16333332657814026
YNL219C,YPR189W,0,-7.0384355,0.2945205569267273,0.682539701461792,0.16349206864833832
YOR299W,YJR031C,0,-7.038503,0.2943189740180969,0.682539701461792,0.16365079581737518
YGL206C,YGR120C,0,-7.0389047,0.29411765933036804,0.682539701461792,0.16380952298641205
YOL044W,YPL042C,0,-7.0390534,0.29391661286354065,0.682539701461792,0.1639682501554489
YIR009W,YOL121C,0,-7.0393033,0.29371583461761475,0.682539701461792,0.16412697732448578
YNR067C,YOR259C,0,-7.04092,0.2935153543949127,0.682539701461792,0.16428571939468384
YOR257W,YOR156C,0,-7.042361,0.2933151423931122,0.682539701461792,0.1644444465637207
YMR116C,YPL203W,1,-7.0439715,0.2937968671321869,0.6841269731521606,0.1644444465637207
YBR039W,YBR097W,0,-7.0440574,0.2935967445373535,0.6841269731521606,0.16460317373275757
YER035W,YLL022C,0,-7.044062,0.29339686036109924,0.6841269731521606,0.16476190090179443
YBR272C,YDR523C,0,-7.0441065,0.29319727420806885,0.6841269731521606,0.1649206280708313
YIR005W,YNL036W,0,-7.0457797,0.29299795627593994,0.6841269731521606,0.16507937014102936
YDL140C,YNL287W,0,-7.045981,0.2927989065647125,0.6841269731521606,0.16523809731006622
YNL118C,YHR138C,0,-7.0461154,0.2926001250743866,0.6841269731521606,0.1653968244791031
YAL056W,YNL294C,1,-7.0503306,0.29308006167411804,0.6857143044471741,0.1653968244791031
YIL009W,YLR342W,0,-7.051133,0.2928813695907593,0.6857143044471741,0.16555555164813995
YOL069W,YOR256C,0,-7.0515275,0.2926829159259796,0.6857143044471741,0.16571427881717682
YCL027W,YNL099C,0,-7.05163,0.29248476028442383,0.6857143044471741,0.16587302088737488
YPL094C,YOR230W,0,-7.0521073,0.29228687286376953,0.6857143044471741,0.16603174805641174
YCL027W,YML115C,0,-7.0528646,0.2920892536640167,0.6857143044471741,0.1661904752254486
YJR125C,YFL037W,0,-7.0539007,0.2918919026851654,0.6857143044471741,0.16634920239448547
YCR089W,YAL056W,1,-7.054017,0.2923700213432312,0.6873015761375427,0.16634920239448547
YDR392W,YOR212W,1,-7.055142,0.29284751415252686,0.6888889074325562,0.16634920239448547
YML052W,YMR218C,0,-7.05639,0.292650043964386,0.6888889074325562,0.16650792956352234
YER020W,YAL056W,1,-7.0573754,0.2931266725063324,0.6904761791229248,0.16650792956352234
YNL244C,YHR135C,0,-7.0585985,0.2929292917251587,0.6904761791229248,0.1666666716337204
YGR010W,YOR209C,0,-7.0615387,0.2927321791648865,0.6904761791229248,0.16682539880275726
YAR044W,YER093C,0,-7.0623145,0.29253530502319336,0.6904761791229248,0.16698412597179413
YNL256W,YER169W,0,-7.0639243,0.29233869910240173,0.6904761791229248,0.167142853140831
YMR030W,YKL018W,0,-7.0648265,0.292142391204834,0.6904761791229248,0.16730158030986786
YDL209C,YMR052W,0,-7.0649943,0.29194632172584534,0.6904761791229248,0.16746032238006592
YBR129C,YER031C,0,-7.065177,0.2917504906654358,0.6904761791229248,0.16761904954910278
YDR436W,YGL093W,0,-7.0655084,0.2915549576282501,0.6904761791229248,0.16777777671813965
YNL219C,YDR036C,0,-7.0667114,0.29135969281196594,0.6904761791229248,0.1679365038871765
YBR059C,YBL026W,0,-7.0681887,0.29116466641426086,0.6904761791229248,0.16809523105621338
YNR032C-A,YBL056W,0,-7.0699744,0.2909699082374573,0.6904761791229248,0.16825397312641144
YKL150W,YBR162C,0,-7.070038,0.2907753884792328,0.6904761791229248,0.1684127002954483
YHR172W,YHR138C,0,-7.070746,0.2905811667442322,0.6904761791229248,0.16857142746448517
YEL060C,YDR369C,0,-7.071038,0.29038718342781067,0.6904761791229248,0.16873015463352203
YGL020C,YMR216C,0,-7.0711603,0.29019346833229065,0.6904761791229248,0.1688888818025589
YOR354C,YKL040C,0,-7.071447,0.28999999165534973,0.6904761791229248,0.16904762387275696
YNL242W,YNR008W,0,-7.0714984,0.2898067831993103,0.6904761791229248,0.16920635104179382
YAL024C,YMR013C,0,-7.071543,0.28961384296417236,0.6904761791229248,0.1693650782108307
YGL021W,YPL119C,0,-7.072445,0.2894211709499359,0.6904761791229248,0.16952380537986755
YKL040C,YGL100W,0,-7.0745487,0.28922873735427856,0.6904761791229248,0.16968253254890442
YOR147W,YGR165W,0,-7.0751038,0.2890365421772003,0.6904761791229248,0.16984127461910248
YLR361C,YLR312C-B,0,-7.075151,0.28884461522102356,0.6904761791229248,0.17000000178813934
YOR153W,YGR086C,0,-7.0759587,0.2886529564857483,0.6904761791229248,0.1701587289571762
YDR151C,YER065C,0,-7.075972,0.2884615361690521,0.6904761791229248,0.17031745612621307
YLR135W,YIL056W,0,-7.076762,0.28827038407325745,0.6904761791229248,0.17047618329524994
YLR390W-A,YJL053W,0,-7.0773253,0.28807947039604187,0.6904761791229248,0.170634925365448
YBR198C,YKL034W,0,-7.0786057,0.2878888249397278,0.6904761791229248,0.17079365253448486
YDL198C,YCL067C,0,-7.0791793,0.2876984179019928,0.6904761791229248,0.17095237970352173
YLR032W,YGL011C,0,-7.080957,0.2875082492828369,0.6904761791229248,0.1711111068725586
YMR165C,YMR218C,0,-7.0813117,0.2873183488845825,0.6904761791229248,0.17126983404159546
YKL008C,YNR008W,0,-7.0814366,0.2871287167072296,0.6904761791229248,0.17142857611179352
YFR041C,YLR425W,0,-7.081556,0.2869393229484558,0.6904761791229248,0.17158730328083038
YCR009C,YLR135W,0,-7.081992,0.2867501676082611,0.6904761791229248,0.17174603044986725
YCR008W,YGR229C,0,-7.082072,0.2865612506866455,0.6904761791229248,0.1719047576189041
YOR142W,YKL043W,0,-7.082749,0.2863726019859314,0.6904761791229248,0.17206348478794098
YDL197C,YEL012W,0,-7.0841613,0.2861842215061188,0.6904761791229248,0.17222222685813904
YOL051W,YBR289W,1,-7.0856013,0.2866535186767578,0.6920635104179382,0.17222222685813904
YOR233W,YNL231C,0,-7.0857964,0.2864651679992676,0.6920635104179382,0.1723809540271759
YPL049C,YJL089W,1,-7.0860205,0.28693369030952454,0.6936507821083069,0.1723809540271759
YDL024C,YDR103W,1,-7.0862994,0.28740158677101135,0.6952381134033203,0.1723809540271759
YBR041W,YNL142W,0,-7.086364,0.28721311688423157,0.6952381134033203,0.17253968119621277
YDR392W,YPL203W,1,-7.08682,0.2876802086830139,0.696825385093689,0.17253968119621277
YCR073C,YKL140W,0,-7.086971,0.2874918282032013,0.696825385093689,0.17269840836524963
YNL074C,YMR243C,0,-7.0879664,0.2873036563396454,0.696825385093689,0.1728571355342865
YNR044W,YER054C,0,-7.088016,0.28711575269699097,0.696825385093689,0.17301587760448456
YJL076W,YNL032W,0,-7.0880437,0.28692811727523804,0.696825385093689,0.17317460477352142
YDR005C,YGL096W,0,-7.0883646,0.2867406904697418,0.696825385093689,0.1733333319425583
YMR038C,YIL061C,0,-7.088861,0.2865535318851471,0.696825385093689,0.17349205911159515
YBR234C,YBR114W,0,-7.0893307,0.28636661171913147,0.696825385093689,0.17365078628063202
YNR049C,YLR277C,0,-7.089627,0.28617992997169495,0.696825385093689,0.17380952835083008
YDL105W,YGR231C,0,-7.0896807,0.2859934866428375,0.696825385093689,0.17396825551986694
YLR078C,YBR274W,0,-7.0905433,0.2858072817325592,0.696825385093689,0.1741269826889038
YDL100C,YPR133C,0,-7.0907493,0.2856213450431824,0.696825385093689,0.17428570985794067
YAR015W,YNL293W,0,-7.0915647,0.28543561697006226,0.696825385093689,0.17444443702697754
YKL046C,YLR106C,0,-7.092213,0.28525015711784363,0.696825385093689,0.1746031790971756
YIL002C,YNL071W,0,-7.0945773,0.2850649356842041,0.696825385093689,0.17476190626621246
YPL096C-A,YNL142W,0,-7.094705,0.2848799526691437,0.696825385093689,0.17492063343524933
YAL021C,YKL152C,0,-7.0960507,0.28469520807266235,0.696825385093689,0.1750793606042862
YDR392W,YDL159W,1,-7.096172,0.28515878319740295,0.6984127163887024,0.1750793606042862
YGL144C,YHR135C,0,-7.1000056,0.2849740982055664,0.6984127163887024,0.17523810267448425
YJL134W,YDR523C,0,-7.1004143,0.28478965163230896,0.6984127163887024,0.17539682984352112
YAL056W,YIL008W,1,-7.100924,0.28525227308273315,0.699999988079071,0.17539682984352112
YBR286W,YDL192W,0,-7.1015525,0.2850678861141205,0.699999988079071,0.17555555701255798
YNL027W,YPL135W,0,-7.102883,0.2848837077617645,0.699999988079071,0.17571428418159485
YDR236C,YGL233W,0,-7.103069,0.28469979763031006,0.699999988079071,0.1758730113506317
YAL009W,YDR285W,0,-7.1034207,0.2845161259174347,0.699999988079071,0.17603175342082977
YMR212C,YJL030W,0,-7.1041284,0.2843326926231384,0.699999988079071,0.17619048058986664
YIL073C,YOL129W,0,-7.1042776,0.28414949774742126,0.699999988079071,0.1763492077589035
YLR399C,YJL073W,0,-7.105821,0.2839665114879608,0.699999988079071,0.17650793492794037
YOR320C,YFL018W-A,0,-7.106628,0.28378379344940186,0.699999988079071,0.17666666209697723
YMR116C,YOL051W,1,-7.1071925,0.2842443585395813,0.7015873193740845,0.17666666209697723
YDL164C,YCR077C,0,-7.1075845,0.2840617001056671,0.7015873193740845,0.1768254041671753
YCL061C,YBR162C,0,-7.1086335,0.28387925028800964,0.7015873193740845,0.17698413133621216
YDR457W,YHR135C,0,-7.1106315,0.2836970388889313,0.7015873193740845,0.17714285850524902
YJL005W,YBR093C,0,-7.112532,0.283515065908432,0.7015873193740845,0.1773015856742859
YBR289W,YOR212W,1,-7.112746,0.2839743494987488,0.7031745910644531,0.1773015856742859
YBR114W,YCL005W-A,0,-7.1130056,0.2837924361228943,0.7031745910644531,0.17746031284332275
YLR353W,YOR298W,0,-7.113134,0.2836107611656189,0.7031745910644531,0.1776190549135208
YOR299W,YNL131W,0,-7.1147914,0.2834292948246002,0.7031745910644531,0.17777778208255768
YIL061C,YIL063C,0,-7.1148257,0.28324809670448303,0.7031745910644531,0.17793650925159454
YFR024C-A,YER147C,0,-7.1159,0.28306710720062256,0.7031745910644531,0.1780952364206314
YFL056C,YDR216W,0,-7.115977,0.2828863263130188,0.7031745910644531,0.17825396358966827
YHR107C,YMR026C,0,-7.116385,0.28270581364631653,0.7031745910644531,0.17841270565986633
YMR316W,YJL089W,1,-7.116548,0.28316327929496765,0.7047619223594666,0.17841270565986633
YOR127W,YBR289W,1,-7.116581,0.283620148897171,0.7063491940498352,0.17841270565986633
YPR075C,YOL038W,0,-7.1166153,0.2834394872188568,0.7063491940498352,0.1785714328289032
YLR127C,YCL060C,0,-7.1175036,0.2832590639591217,0.7063491940498352,0.17873015999794006
YJL080C,YDR247W,0,-7.1177535,0.2830788791179657,0.7063491940498352,0.17888888716697693
YOR005C,YOR047C,0,-7.118484,0.2828989326953888,0.7063491940498352,0.1790476143360138
YCR002C,YNL246W,0,-7.118638,0.2827191948890686,0.7063491940498352,0.17920635640621185
YGR044C,YDR404C,0,-7.118834,0.2825396955013275,0.7063491940498352,0.17936508357524872
YDR039C,YNL006W,0,-7.119326,0.28236040472984314,0.7063491940498352,0.17952381074428558
YMR311C,YIL117C,0,-7.120273,0.28218135237693787,0.7063491940498352,0.17968253791332245
YPL152W,YDR058C,0,-7.1204877,0.2820025384426117,0.7063491940498352,0.17984126508235931
YPL240C,YAR044W,0,-7.121308,0.28182393312454224,0.7063491940498352,0.18000000715255737
YOR078W,YGR143W,0,-7.121578,0.2816455662250519,0.7063491940498352,0.18015873432159424
YNL118C,YIR002C,0,-7.1217155,0.2814674377441406,0.7063491940498352,0.1803174614906311
YKL004W,YLR399C,0,-7.1218596,0.2812895178794861,0.7063491940498352,0.18047618865966797
YOR240W,YFR051C,0,-7.123162,0.28111180663108826,0.7063491940498352,0.18063491582870483
YJL101C,YML062C,0,-7.1244607,0.28093433380126953,0.7063491940498352,0.1807936578989029
YPL100W,YHR036W,0,-7.124754,0.2807570993900299,0.7063491940498352,0.18095238506793976
YAL040C,YFL024C,0,-7.1251054,0.280580073595047,0.7063491940498352,0.18111111223697662
YMR316W,YDR392W,1,-7.1263337,0.28103339672088623,0.7079365253448486,0.18111111223697662
YBR243C,YHR082C,0,-7.126632,0.2808564305305481,0.7079365253448486,0.1812698394060135
YIL042C,YDR334W,0,-7.127026,0.2806796729564667,0.7079365253448486,0.18142856657505035
YLR238W,YKL020C,0,-7.127396,0.28050315380096436,0.7079365253448486,0.1815873086452484
YHL031C,YMR167W,0,-7.1276097,0.28032684326171875,0.7079365253448486,0.18174603581428528
YGR216C,YJR044C,0,-7.128305,0.28015074133872986,0.7079365253448486,0.18190476298332214
YLR229C,YDL024C,1,-7.1283927,0.2806026339530945,0.7095237970352173,0.18190476298332214
YLR286C,YCR092C,0,-7.1287847,0.28042659163475037,0.7095237970352173,0.182063490152359
YMR316W,YOR127W,1,-7.1297746,0.2808777391910553,0.7111111283302307,0.182063490152359
YDL024C,YDL230W,1,-7.129806,0.28132832050323486,0.7126984000205994,0.182063490152359
YML104C,YGL049C,0,-7.130522,0.2811521589756012,0.7126984000205994,0.18222221732139587
YMR038C,YOR115C,0,-7.130525,0.28097620606422424,0.7126984000205994,0.18238095939159393
YDR499W,YOR230W,0,-7.130647,0.2808004915714264,0.7126984000205994,0.1825396865606308
YOR127W,YDL159W,1,-7.1307673,0.28125,0.7142857313156128,0.1825396865606308
YOR288C,YBR279W,0,-7.1308513,0.28107431530952454,0.7142857313156128,0.18269841372966766
YPL053C,YDL216C,0,-7.132137,0.2808988690376282,0.7142857313156128,0.18285714089870453
YMR219W,YJR110W,0,-7.13345,0.2807236313819885,0.7142857313156128,0.1830158680677414
YDL160C,YBL020W,0,-7.1344895,0.280548632144928,0.7142857313156128,0.18317461013793945
YGL045W,YJL089W,1,-7.135101,0.2809968888759613,0.7158730030059814,0.18317461013793945
YKL130C,YIR011C,0,-7.135363,0.28082191944122314,0.7158730030059814,0.18333333730697632
YDR218C,YDR311W,0,-7.135411,0.2806471586227417,0.7158730030059814,0.18349206447601318
YAL026C,YDR192C,0,-7.136589,0.28047263622283936,0.7158730030059814,0.18365079164505005
YLR350W,YBR097W,0,-7.1391497,0.2802983224391937,0.7158730030059814,0.18380951881408691
YCL040W,YOR181W,0,-7.1397657,0.2801242172718048,0.7158730030059814,0.18396826088428497
YDR216W,YBR059C,0,-7.14263,0.279950350522995,0.7158730030059814,0.18412698805332184
YCR089W,YIL008W,1,-7.1432815,0.2803970277309418,0.7174603343009949,0.18412698805332184
YGR252W,YGL014W,0,-7.144139,0.28022319078445435,0.7174603343009949,0.1842857152223587
YLR011W,YDR341C,0,-7.144152,0.28004956245422363,0.7174603343009949,0.18444444239139557
YML132W,YGR216C,0,-7.144551,0.279876172542572,0.7174603343009949,0.18460316956043243
YOL077W-A,YOR149C,0,-7.150518,0.27970296144485474,0.7174603343009949,0.1847619116306305
YFL057C,YPL047W,0,-7.1514363,0.27952998876571655,0.7174603343009949,0.18492063879966736
YLR229C,YDL230W,1,-7.154866,0.2799752652645111,0.7190476059913635,0.18492063879966736
YDR524C,YLR096W,0,-7.1552997,0.2798023521900177,0.7190476059913635,0.18507936596870422
YGR143W,YDR065W,0,-7.1553397,0.2796296179294586,0.7190476059913635,0.1852380931377411
YPL155C,YHR042W,0,-7.1557813,0.27945712208747864,0.7190476059913635,0.18539682030677795
YGR200C,YOL133W,0,-7.156288,0.27928483486175537,0.7190476059913635,0.185555562376976
YJR083C,YGR009C,0,-7.15655,0.2791127562522888,0.7190476059913635,0.18571428954601288
YDL045C,YHR118C,0,-7.1569715,0.278940886259079,0.7190476059913635,0.18587301671504974
YKL110C,YAL030W,0,-7.157432,0.27876922488212585,0.7190476059913635,0.1860317438840866
YDL137W,YFR041C,0,-7.158401,0.27859777212142944,0.7190476059913635,0.18619047105312347
YJL039C,YGL151W,0,-7.1585493,0.27842655777931213,0.7190476059913635,0.18634921312332153
YIR019C,YGL045W,1,-7.1586747,0.27886977791786194,0.720634937286377,0.18634921312332153
YMR068W,YNL326C,0,-7.1593595,0.278698593378067,0.720634937286377,0.1865079402923584
YER052C,YPL232W,0,-7.1598654,0.2785276174545288,0.720634937286377,0.18666666746139526
YBL007C,YOL072W,0,-7.1613536,0.2783568501472473,0.720634937286377,0.18682539463043213
YOR349W,YDR146C,0,-7.1618266,0.27818626165390015,0.720634937286377,0.186984121799469
YER073W,YIL076W,0,-7.162041,0.2780159115791321,0.720634937286377,0.18714286386966705
YKL048C,YBR298C,0,-7.162062,0.2778457701206207,0.720634937286377,0.18730159103870392
YPL174C,YGR119C,0,-7.1621532,0.2776758372783661,0.720634937286377,0.18746031820774078
YFL041W,YBR244W,0,-7.162392,0.27750611305236816,0.720634937286377,0.18761904537677765
YMR072W,YHR019C,0,-7.162589,0.27733659744262695,0.720634937286377,0.18777777254581451
YOR275C,YHR111W,1,-7.1626544,0.2777777910232544,0.7222222089767456,0.18777777254581451
YAL015C,YBL022C,0,-7.1641555,0.27760830521583557,0.7222222089767456,0.18793651461601257
YPL061W,YDR236C,0,-7.1641936,0.27743902802467346,0.7222222089767456,0.18809524178504944
YGR118W,YDR523C,0,-7.165044,0.27726995944976807,0.7222222089767456,0.1882539689540863
YOL005C,YDR175C,0,-7.1652436,0.2771010994911194,0.7222222089767456,0.18841269612312317
YGR225W,YBR211C,0,-7.1658006,0.2769324481487274,0.7222222089767456,0.18857142329216003
YKL179C,YMR292W,0,-7.1661725,0.2767639756202698,0.7222222089767456,0.1887301653623581
YML118W,YCR024C-A,0,-7.166815,0.27659574151039124,0.7222222089767456,0.18888889253139496
YDR480W,YJL089W,1,-7.168289,0.2770352363586426,0.723809540271759,0.18888889253139496
YPR093C,YMR214W,0,-7.1682897,0.2768670320510864,0.723809540271759,0.18904761970043182
YLR238W,YDR472W,0,-7.1684594,0.276699036359787,0.723809540271759,0.1892063468694687
YKL204W,YFL035C-A,0,-7.1685247,0.2765312194824219,0.723809540271759,0.18936507403850555
YDR221W,YFL036W,0,-7.170838,0.27636364102363586,0.723809540271759,0.1895238161087036
YML118W,YDR276C,0,-7.171134,0.2761962413787842,0.723809540271759,0.18968254327774048
YDL024C,YER020W,1,-7.171961,0.2766343951225281,0.7253968119621277,0.18968254327774048
YJL089W,YDR392W,1,-7.1722813,0.2770719826221466,0.7269841432571411,0.18968254327774048
YKL112W,YDL207W,0,-7.173374,0.27690446376800537,0.7269841432571411,0.18984127044677734
YDL197C,YCR055C,0,-7.173506,0.27673715353012085,0.7269841432571411,0.1899999976158142
YDL227C,YBR080C,0,-7.1738133,0.27657005190849304,0.7269841432571411,0.19015872478485107
YOR182C,YBL103C,0,-7.1754317,0.27640312910079956,0.7269841432571411,0.19031746685504913
YOR137C,YHR152W,0,-7.175606,0.2762364149093628,0.7269841432571411,0.190476194024086
YIL159W,YFR050C,0,-7.17625,0.27606990933418274,0.7269841432571411,0.19063492119312286
YJR084W,YGR192C,0,-7.176761,0.2759036123752594,0.7269841432571411,0.19079364836215973
YGL251C,YIL077C,0,-7.176997,0.2757374942302704,0.7269841432571411,0.1909523755311966
YKR086W,YIL119C,0,-7.1777873,0.2755716145038605,0.7269841432571411,0.19111111760139465
YNL111C,YMR313C,0,-7.1779003,0.2754058837890625,0.7269841432571411,0.19126984477043152
YER054C,YNL253W,0,-7.1781225,0.27524039149284363,0.7269841432571411,0.19142857193946838
YIR028W,YPL234C,0,-7.180335,0.2750750780105591,0.7269841432571411,0.19158729910850525
YPL149W,YLR166C,0,-7.1826615,0.27490997314453125,0.7269841432571411,0.19174602627754211
YGR014W,YPR095C,0,-7.182956,0.27474504709243774,0.7269841432571411,0.19190476834774017
YDL024C,YOR290C,1,-7.183995,0.2751798629760742,0.7285714149475098,0.19190476834774017
YDL137W,YJL104W,0,-7.1849084,0.2750149667263031,0.7285714149475098,0.19206349551677704
YPL061W,YJL140W,0,-7.1852345,0.2748503088951111,0.7285714149475098,0.1922222226858139
YMR316W,YDL024C,1,-7.185904,0.2752842605113983,0.7301587462425232,0.1922222226858139
YMR213W,YOR122C,0,-7.1860013,0.2751196026802063,0.7301587462425232,0.19238094985485077
YOR113W,YGL205W,0,-7.186134,0.2749551832675934,0.7301587462425232,0.19253967702388763
YML121W,YGR289C,0,-7.1866455,0.2747909128665924,0.7301587462425232,0.1926984190940857
YDR294C,YER122C,0,-7.187101,0.27462685108184814,0.7301587462425232,0.19285714626312256
YGR252W,YDL188C,0,-7.1874385,0.2744629979133606,0.7301587462425232,0.19301587343215942
YGL013C,YCR106W,0,-7.188457,0.27429935336112976,0.7301587462425232,0.1931746006011963
YER155C,YDR529C,0,-7.189777,0.27413588762283325,0.7301587462425232,0.19333332777023315
YKL185W,YKR086W,0,-7.190348,0.27397260069847107,0.7301587462425232,0.1934920698404312
YLL050C,YLR141W,0,-7.1910777,0.2738095223903656,0.7301587462425232,0.19365079700946808
YOR171C,YOR201C,0,-7.192633,0.27364665269851685,0.7301587462425232,0.19380952417850494
YBR098W,YOR224C,0,-7.1931105,0.2734839618206024,0.7301587462425232,0.1939682513475418
YHR007C,YPL020C,0,-7.193229,0.2733214497566223,0.7301587462425232,0.19412697851657867
YNR011C,YMR227C,0,-7.1937737,0.2731591463088989,0.7301587462425232,0.19428572058677673
YDL115C,YCR037C,0,-7.1943073,0.27299702167510986,0.7301587462425232,0.1944444477558136
YOR011W,YJL210W,0,-7.194387,0.2728351056575775,0.7301587462425232,0.19460317492485046
YMR264W,YHR205W,0,-7.1949944,0.2726733982563019,0.7301587462425232,0.19476190209388733
YMR238W,YJL183W,0,-7.1950755,0.2725118398666382,0.7301587462425232,0.1949206292629242
YGR191W,YKR062W,0,-7.1950955,0.2723504900932312,0.7301587462425232,0.19507937133312225
YBR236C,YPL170W,0,-7.195378,0.27218934893608093,0.7301587462425232,0.19523809850215912
YKL092C,YHR160C,0,-7.1965137,0.272028386592865,0.7301587462425232,0.19539682567119598
YGR218W,YOL158C,0,-7.1976933,0.2718676030635834,0.7301587462425232,0.19555555284023285
YOR367W,YNL079C,0,-7.1978374,0.27170702815055847,0.7301587462425232,0.19571428000926971
YER154W,YHR074W,0,-7.198897,0.2715466320514679,0.7301587462425232,0.19587302207946777
YFL029C,YJL019W,0,-7.1992745,0.27138644456863403,0.7301587462425232,0.19603174924850464
YML077W,YBR037C,0,-7.1995807,0.2712264060974121,0.7301587462425232,0.1961904764175415
YPR134W,YML118W,0,-7.199975,0.2710665762424469,0.7301587462425232,0.19634920358657837
YHL024W,YLR090W,0,-7.200287,0.2709069550037384,0.7301587462425232,0.19650793075561523
YNL259C,YBL002W,0,-7.201784,0.27074751257896423,0.7301587462425232,0.1966666728258133
YOR080W,YPL203W,1,-7.202065,0.27117645740509033,0.7317460179328918,0.1966666728258133
YHL019C,YGR132C,0,-7.203511,0.27101704478263855,0.7317460179328918,0.19682539999485016
YGL027C,YLR233C,0,-7.2038856,0.2708578109741211,0.7317460179328918,0.19698412716388702
YCR086W,YLR360W,0,-7.2057595,0.27069875597953796,0.7317460179328918,0.1971428543329239
YFL029C,YBR215W,0,-7.2068677,0.27053990960121155,0.7317460179328918,0.19730158150196075
YFR047C,YGR199W,0,-7.206889,0.27038124203681946,0.7317460179328918,0.1974603235721588
YCL060C,YDR030C,0,-7.2068896,0.2702227532863617,0.7317460179328918,0.19761905074119568
YKL060C,YML105C,0,-7.2081337,0.27006444334983826,0.7317460179328918,0.19777777791023254
YBR233W-A,YGR046W,0,-7.208414,0.26990631222724915,0.7317460179328918,0.1979365050792694
YDR320C,YOL072W,0,-7.2085443,0.26974838972091675,0.7317460179328918,0.19809523224830627
YMR083W,YOL091W,0,-7.210353,0.2695906460285187,0.7317460179328918,0.19825397431850433
YBR041W,YJR156C,0,-7.2108855,0.26943308115005493,0.7317460179328918,0.1984127014875412
YHR079C,YGR288W,0,-7.2131066,0.2692756950855255,0.7317460179328918,0.19857142865657806
YDR147W,YDL128W,0,-7.213368,0.2691185176372528,0.7317460179328918,0.19873015582561493
YER014C-A,YAL032C,0,-7.214048,0.26896148920059204,0.7317460179328918,0.1988888829946518
YJL207C,YPL232W,0,-7.2141986,0.268804669380188,0.7317460179328918,0.19904762506484985
YNL127W,YLR107W,0,-7.2142005,0.26864802837371826,0.7317460179328918,0.19920635223388672
YPR037C,YDR437W,0,-7.214311,0.26849156618118286,0.7317460179328918,0.19936507940292358
YJR092W,YLR403W,0,-7.215492,0.2683352828025818,0.7317460179328918,0.19952380657196045
YKL200C,YGR274C,0,-7.216199,0.26817917823791504,0.7317460179328918,0.19968253374099731
YDR480W,YOR275C,1,-7.217693,0.26860466599464417,0.7333333492279053,0.19968253374099731
YBR298C,YFR040W,0,-7.2184663,0.2684485912322998,0.7333333492279053,0.19984127581119537
YGL219C,YOL111C,0,-7.218693,0.26829269528388977,0.7333333492279053,0.20000000298023224
YGL005C,YMR190C,0,-7.2190566,0.26813697814941406,0.7333333492279053,0.2001587301492691
YCR005C,YMR311C,0,-7.219156,0.2679814398288727,0.7333333492279053,0.20031745731830597
YOR080W,YHR111W,1,-7.2192836,0.2684057950973511,0.7349206209182739,0.20031745731830597
YLR011W,YMR016C,0,-7.219507,0.2682502865791321,0.7349206209182739,0.20047618448734283
YHR055C,YNL253W,0,-7.220511,0.2680949568748474,0.7349206209182739,0.2006349265575409
YJR125C,YLR385C,0,-7.220932,0.26793980598449707,0.7349206209182739,0.20079365372657776
YPL049C,YBR289W,1,-7.221165,0.26836320757865906,0.7365079522132874,0.20079365372657776
YDL197C,YOR319W,0,-7.2221923,0.2682080864906311,0.7365079522132874,0.20095238089561462
YJL194W,YGL066W,0,-7.2232533,0.2680531442165375,0.7365079522132874,0.2011111080646515
YLR206W,YML064C,0,-7.2247467,0.2678983807563782,0.7365079522132874,0.20126983523368835
YGL240W,YAR042W,0,-7.227775,0.2677437961101532,0.7365079522132874,0.2014285773038864
YER035W,YJR046W,0,-7.228285,0.26758939027786255,0.7365079522132874,0.20158730447292328
YDR479C,YCR024C-A,0,-7.2294564,0.2674351632595062,0.7365079522132874,0.20174603164196014
YOR362C,YOR344C,0,-7.2298017,0.26728111505508423,0.7365079522132874,0.201904758810997
YBR243C,YDR379W,0,-7.2301836,0.26712724566459656,0.7365079522132874,0.20206348598003387
YMR138W,YOL013C,0,-7.230991,0.2669735252857208,0.7365079522132874,0.20222222805023193
YGL195W,YHL022C,0,-7.2310786,0.2668200135231018,0.7365079522132874,0.2023809552192688
YAL056W,YDR477W,1,-7.231411,0.26724138855934143,0.738095223903656,0.2023809552192688
YFL029C,YDR255C,0,-7.231522,0.2670878767967224,0.738095223903656,0.20253968238830566
YKL112W,YMR198W,0,-7.232386,0.2669345438480377,0.738095223903656,0.20269840955734253
YJR076C,YGL092W,0,-7.233065,0.26678141951560974,0.738095223903656,0.2028571367263794
YER026C,YKR087C,0,-7.233168,0.2666284441947937,0.738095223903656,0.20301587879657745
YPL132W,YDR446W,0,-7.233415,0.266475647687912,0.738095223903656,0.20317460596561432
YGL180W,YGL086W,0,-7.2337565,0.2663230299949646,0.738095223903656,0.20333333313465118
YBR042C,YLR116W,0,-7.234381,0.26617059111595154,0.738095223903656,0.20349206030368805
YDR017C,YLR268W,0,-7.2346077,0.2660183012485504,0.738095223903656,0.20365078747272491
YGL020C,YMR164C,0,-7.234831,0.265866219997406,0.738095223903656,0.20380952954292297
YDL149W,YGR275W,0,-7.2354274,0.26571428775787354,0.738095223903656,0.20396825671195984
YPR108W,YIL129C,0,-7.235504,0.2655625343322754,0.738095223903656,0.2041269838809967
YNR027W,YDL185W,0,-7.2357264,0.2654109597206116,0.738095223903656,0.20428571105003357
YCL025C,YLR246W,0,-7.236,0.2652595639228821,0.738095223903656,0.20444443821907043
YKR087C,YPR101W,0,-7.236434,0.2651083171367645,0.738095223903656,0.2046031802892685
YNL323W,YAL029C,0,-7.236977,0.2649572789669037,0.738095223903656,0.20476190745830536
YNL119W,YNL197C,1,-7.2373714,0.26537585258483887,0.7396825551986694,0.20476190745830536
YLR127C,YMR164C,0,-7.2374177,0.265224814414978,0.7396825551986694,0.20492063462734222
YNL042W,YDR322C-A,0,-7.2375846,0.2650739550590515,0.7396825551986694,0.2050793617963791
YIR033W,YER072W,0,-7.237743,0.26492324471473694,0.7396825551986694,0.20523808896541595
YOL009C,YAL032C,0,-7.2394505,0.2647727131843567,0.7396825551986694,0.205396831035614
YAL040C,YLR005W,0,-7.239469,0.26462236046791077,0.7396825551986694,0.20555555820465088
YKL186C,YHR161C,0,-7.239759,0.26447218656539917,0.7396825551986694,0.20571428537368774
YCL011C,YLR090W,0,-7.240232,0.2643221914768219,0.7396825551986694,0.2058730125427246
YDL135C,YHR135C,0,-7.2403936,0.26417234539985657,0.7396825551986694,0.20603173971176147
YER159C,YFR050C,0,-7.2406983,0.2640226483345032,0.7396825551986694,0.20619048178195953
YDR487C,YGR275W,0,-7.2409215,0.2638731598854065,0.7396825551986694,0.2063492089509964
YLR242C,YHL020C,0,-7.2410736,0.26372382044792175,0.7396825551986694,0.20650793612003326
YGL173C,YBL079W,0,-7.2411137,0.26357465982437134,0.7396825551986694,0.20666666328907013
YOL158C,YOR136W,0,-7.2415137,0.26342567801475525,0.7396825551986694,0.206825390458107
YGL194C,YNL323W,0,-7.242536,0.2632768452167511,0.7396825551986694,0.20698413252830505
YGL233W,YDR260C,0,-7.2426767,0.2631281614303589,0.7396825551986694,0.20714285969734192
YJL039C,YDR484W,0,-7.2430778,0.2629796862602234,0.7396825551986694,0.20730158686637878
YGL130W,YDL108W,0,-7.243389,0.26283136010169983,0.7396825551986694,0.20746031403541565
YKR039W,YOR089C,0,-7.244372,0.2626832127571106,0.7396825551986694,0.20761904120445251
YJL006C,YFL016C,0,-7.244662,0.2625352144241333,0.7396825551986694,0.20777778327465057
YHL048W,YLR088W,0,-7.244996,0.26238739490509033,0.7396825551986694,0.20793651044368744
YGR134W,YDR432W,0,-7.2469535,0.2622397243976593,0.7396825551986694,0.2080952376127243
YOR080W,YGL208W,1,-7.249141,0.2626546621322632,0.7412698268890381,0.2080952376127243
YDR480W,YBR289W,1,-7.249312,0.26306915283203125,0.7428571581840515,0.2080952376127243
YGL092W,YCL069W,0,-7.2493634,0.26292136311531067,0.7428571581840515,0.20825396478176117
YLR032W,YDR422C,0,-7.2500167,0.262773722410202,0.7428571581840515,0.20841269195079803
YLR368W,YPL112C,0,-7.25104,0.2626262605190277,0.7428571581840515,0.2085714340209961
YDR040C,YNL133C,0,-7.2517624,0.2624789774417877,0.7428571581840515,0.20873016119003296
YPL119C,YHR187W,0,-7.2525353,0.26233184337615967,0.7428571581840515,0.20888888835906982
YIL114C,YER125W,0,-7.2529664,0.26218488812446594,0.7428571581840515,0.2090476155281067
YMR275C,YER110C,0,-7.25298,0.26203808188438416,0.7428571581840515,0.20920634269714355
YNL257C,YOR054C,0,-7.2531223,0.2618914246559143,0.7428571581840515,0.2093650847673416
YML006C,YDL128W,0,-7.2536607,0.26174497604370117,0.7428571581840515,0.20952381193637848
YML130C,YGR046W,0,-7.253986,0.2615986466407776,0.7428571581840515,0.20968253910541534
YOR074C,YBR126C,0,-7.254089,0.2614525258541107,0.7428571581840515,0.2098412662744522
YKL165C,YCL017C,0,-7.254955,0.2613065242767334,0.7428571581840515,0.20999999344348907
YKR065C,YPL042C,0,-7.255466,0.2611607015132904,0.7428571581840515,0.21015873551368713
YDL135C,YNL054W,0,-7.2561574,0.26101505756378174,0.7428571581840515,0.210317462682724
YLR048W,YDR167W,0,-7.258618,0.260869562625885,0.7428571581840515,0.21047618985176086
YML010W,YFR003C,0,-7.2588396,0.2607242465019226,0.7428571581840515,0.21063491702079773
YJR086W,YLR467W,0,-7.258879,0.26057907938957214,0.7428571581840515,0.2107936441898346
YCR077C,YAR003W,0,-7.2588964,0.2604340612888336,0.7428571581840515,0.21095238626003265
YMR038C,YLR095C,0,-7.2614083,0.2602892220020294,0.7428571581840515,0.21111111342906952
YDR382W,YDR135C,0,-7.261728,0.26014453172683716,0.7428571581840515,0.21126984059810638
YOR039W,YHR115C,0,-7.2622356,0.25999999046325684,0.7428571581840515,0.21142856776714325
YNR056C,YLR360W,0,-7.262566,0.25985562801361084,0.7428571581840515,0.21158729493618011
YKL035W,YDR369C,0,-7.2631707,0.25971144437789917,0.7428571581840515,0.21174603700637817
YKR019C,YKR038C,0,-7.2634835,0.25956737995147705,0.7428571581840515,0.21190476417541504
YHR059W,YCR028C-A,0,-7.26403,0.25942349433898926,0.7428571581840515,0.2120634913444519
YGL055W,YPL235W,0,-7.2651143,0.2592797875404358,0.7428571581840515,0.21222221851348877
YPR165W,YML109W,0,-7.265181,0.2591361999511719,0.7428571581840515,0.21238094568252563
YGR134W,YCL026C-A,0,-7.2660155,0.2589927911758423,0.7428571581840515,0.2125396877527237
YPL040C,YBR100W,0,-7.266347,0.258849561214447,0.7428571581840515,0.21269841492176056
YMR220W,YGL158W,0,-7.2663627,0.2587064802646637,0.7428571581840515,0.21285714209079742
YDR179C,YFL013C,0,-7.2666492,0.2585635483264923,0.7428571581840515,0.2130158692598343
YMR316W,YCR084C,1,-7.267531,0.2589729428291321,0.7444444298744202,0.2130158692598343
YMR023C,YMR061W,0,-7.2678623,0.2588300108909607,0.7444444298744202,0.21317459642887115
YIL036W,YEL051W,0,-7.2680173,0.25868725776672363,0.7444444298744202,0.2133333384990692
YIR019C,YDR477W,1,-7.2687135,0.2590959072113037,0.7460317611694336,0.2133333384990692
YGR252W,YPR108W,0,-7.26887,0.25895315408706665,0.7460317611694336,0.21349206566810608
YGR274C,YDR018C,0,-7.268928,0.2588105797767639,0.7460317611694336,0.21365079283714294
YOR079C,YER095W,0,-7.2692323,0.25866812467575073,0.7460317611694336,0.2138095200061798
YLL031C,YNL251C,0,-7.27088,0.2585258483886719,0.7460317611694336,0.21396824717521667
YFR047C,YLR378C,0,-7.2712092,0.25838372111320496,0.7460317611694336,0.21412698924541473
YDR231C,YOR372C,0,-7.2728024,0.25824177265167236,0.7460317611694336,0.2142857164144516
YOR275C,YNL197C,1,-7.2732596,0.258649080991745,0.7476190328598022,0.2142857164144516
YKL135C,YMR246W,0,-7.2732797,0.2585071325302124,0.7476190328598022,0.21444444358348846
YCR077C,YHR178W,0,-7.273364,0.25836533308029175,0.7476190328598022,0.21460317075252533
YBR092C,YML092C,0,-7.273537,0.25822368264198303,0.7476190328598022,0.2147618979215622
YLL041C,YLR467W,0,-7.274032,0.25808218121528625,0.7476190328598022,0.21492063999176025
YMR168C,YKL122C,0,-7.2743473,0.2579408586025238,0.7476190328598022,0.21507936716079712
YGL084C,YDR240C,0,-7.2749557,0.2577996850013733,0.7476190328598022,0.21523809432983398
YMR250W,YDR369C,0,-7.275563,0.25765863060951233,0.7476190328598022,0.21539682149887085
YBR050C,YEL041W,0,-7.2762203,0.2575177550315857,0.7476190328598022,0.21555554866790771
YOL082W,YHR152W,0,-7.277477,0.2573770582675934,0.7476190328598022,0.21571429073810577
YML062C,YJL047C,0,-7.2780786,0.2572364807128906,0.7476190328598022,0.21587301790714264
YIL035C,YDR218C,0,-7.278753,0.2570960819721222,0.7476190328598022,0.2160317450761795
YKL040C,YIL042C,0,-7.2792144,0.2569558024406433,0.7476190328598022,0.21619047224521637
YOR181W,YDL170W,0,-7.2793,0.25681570172309875,0.7476190328598022,0.21634919941425323
YKL125W,YJR049C,0,-7.2795224,0.25667575001716614,0.7476190328598022,0.2165079414844513
YHR055C,YOR054C,0,-7.279611,0.25653594732284546,0.7476190328598022,0.21666666865348816
YKL016C,YBR129C,0,-7.2801366,0.2563962936401367,0.7476190328598022,0.21682539582252502
YBL022C,YGL167C,0,-7.2804313,0.2562567889690399,0.7476190328598022,0.2169841229915619
YKL062W,YLR363C,0,-7.280597,0.25611746311187744,0.7476190328598022,0.21714285016059875
YJL201W,YLR368W,0,-7.280971,0.2559782564640045,0.7476190328598022,0.21730159223079681
YPR072W,YKL095W,0,-7.2819543,0.2558392286300659,0.7476190328598022,0.21746031939983368
YGR289C,YHR001W,0,-7.28348,0.25570032000541687,0.7476190328598022,0.21761904656887054
YLR081W,YMR167W,0,-7.283927,0.25556159019470215,0.7476190328598022,0.2177777737379074
YDR448W,YDL224C,0,-7.284312,0.255422979593277,0.7476190328598022,0.21793650090694427
YOR023C,YGR132C,0,-7.284727,0.25528454780578613,0.7476190328598022,0.21809524297714233
YOR377W,YDL188C,0,-7.2848034,0.2551462650299072,0.7476190328598022,0.2182539701461792
YMR316W,YPL203W,1,-7.285401,0.2555495500564575,0.7492063641548157,0.2182539701461792
YBR228W,YMR016C,0,-7.286025,0.2554112672805786,0.7492063641548157,0.21841269731521606
YEL056W,YNR032W,0,-7.286732,0.25527313351631165,0.7492063641548157,0.21857142448425293
YDR421W,YPL187W,0,-7.2875175,0.2551351487636566,0.7492063641548157,0.2187301516532898
YOR080W,YOL051W,1,-7.287663,0.2555375397205353,0.7507936358451843,0.2187301516532898
YPL188W,YKL028W,0,-7.2881713,0.25539955496788025,0.7507936358451843,0.21888889372348785
YGR275W,YGR129W,0,-7.288473,0.25526174902915955,0.7507936358451843,0.21904762089252472
YPR179C,YNL012W,0,-7.2887316,0.2551240622997284,0.7507936358451843,0.21920634806156158
YDL099W,YBR296C,0,-7.2888646,0.2549865245819092,0.7507936358451843,0.21936507523059845
YGL045W,YBR289W,1,-7.288963,0.25538793206214905,0.7523809671401978,0.21936507523059845
YJL002C,YMR087W,0,-7.2895055,0.25525039434432983,0.7523809671401978,0.21952380239963531
YLR131C,YFR041C,0,-7.289973,0.25511303544044495,0.7523809671401978,0.21968254446983337
YKL043W,YOL146W,0,-7.290862,0.2549757957458496,0.7523809671401978,0.21984127163887024
YMR052W,YDR009W,0,-7.291057,0.2548387050628662,0.7523809671401978,0.2199999988079071
YFR014C,YJR156C,0,-7.2922897,0.25470176339149475,0.7523809671401978,0.22015872597694397
YNL148C,YOR075W,0,-7.294556,0.25456497073173523,0.7523809671401978,0.22031745314598083
YDL024C,YNL197C,1,-7.295691,0.2549650967121124,0.7539682388305664,0.22031745314598083
YJL128C,YLL012W,0,-7.2966304,0.2548283338546753,0.7539682388305664,0.2204761952161789
YJL128C,YML064C,0,-7.2968307,0.2546916902065277,0.7539682388305664,0.22063492238521576
YPR034W,YBL007C,0,-7.2968574,0.25455519556999207,0.7539682388305664,0.22079364955425262
YOR028C,YNL153C,0,-7.298714,0.25441884994506836,0.7539682388305664,0.2209523767232895
YLR314C,YML016C,0,-7.2991967,0.2542826533317566,0.7539682388305664,0.22111110389232635
YDR180W,YLR006C,0,-7.2996373,0.25414660573005676,0.7539682388305664,0.22126984596252441
YPL028W,YGR086C,0,-7.3005404,0.25401070713996887,0.7539682388305664,0.22142857313156128
YEL019C,YGL030W,0,-7.30057,0.25387492775917053,0.7539682388305664,0.22158730030059814
YGL206C,YCL055W,0,-7.3009105,0.2537393271923065,0.7539682388305664,0.221746027469635
YDL045C,YKL214C,0,-7.302215,0.25360384583473206,0.7539682388305664,0.22190475463867188
YOR178C,YPR086W,0,-7.3027606,0.25346851348876953,0.7539682388305664,0.22206349670886993
YPR134W,YGL051W,0,-7.3027864,0.25333333015441895,0.7539682388305664,0.2222222238779068
YNL031C,YAR044W,0,-7.303181,0.2531982958316803,0.7539682388305664,0.22238095104694366
YNL268W,YLR288C,0,-7.3043265,0.2530634105205536,0.7539682388305664,0.22253967821598053
YDR182W,YMR232W,0,-7.305329,0.25292864441871643,0.7539682388305664,0.2226984053850174
YER087C-B,YJL127C,0,-7.306058,0.2527940273284912,0.7539682388305664,0.22285714745521545
YDR331W,YPL192C,0,-7.3063035,0.2526595890522003,0.7539682388305664,0.22301587462425232
YKR076W,YBR086C,0,-7.3065405,0.2525252401828766,0.7539682388305664,0.22317460179328918
YJL117W,YML124C,0,-7.3078904,0.2523910701274872,0.7539682388305664,0.22333332896232605
YBR228W,YIL030C,0,-7.3081055,0.2522570490837097,0.7539682388305664,0.22349205613136292
YKL002W,YLL017W,0,-7.3081636,0.2521231472492218,0.7539682388305664,0.22365079820156097
YDR118W,YDR182W,0,-7.3085036,0.2519893944263458,0.7539682388305664,0.22380952537059784
YBL103C,YDL042C,0,-7.3092027,0.2518557906150818,0.7539682388305664,0.2239682525396347
YBR036C,YGL150C,0,-7.3092847,0.2517223060131073,0.7539682388305664,0.22412697970867157
YMR032W,YPL232W,0,-7.3103194,0.25158897042274475,0.7539682388305664,0.22428570687770844
YCR058C,YBL103C,0,-7.3108287,0.25145578384399414,0.7539682388305664,0.2244444489479065
YGL208W,YBR289W,1,-7.3116975,0.2518518567085266,0.7555555701255798,0.2244444489479065
YHR008C,YKL058W,0,-7.3120275,0.251718670129776,0.7555555701255798,0.22460317611694336
YEL003W,YGR135W,0,-7.3120465,0.25158563256263733,0.7555555701255798,0.22476190328598022
YPL028W,YNR048W,0,-7.3126035,0.2514527142047882,0.7555555701255798,0.2249206304550171
YDL115C,YBL061C,0,-7.31265,0.251319944858551,0.7555555701255798,0.22507937252521515
YMR116C,YGR040W,1,-7.3132453,0.2517150342464447,0.7571428418159485,0.22507937252521515
YJR118C,YLR275W,0,-7.3132625,0.2515822649002075,0.7571428418159485,0.22523809969425201
YCR048W,YOR089C,0,-7.3134418,0.2514496445655823,0.7571428418159485,0.22539682686328888
YKL189W,YNL066W,0,-7.3138676,0.25131717324256897,0.7571428418159485,0.22555555403232574
YBL040C,YPL138C,0,-7.314223,0.2511848211288452,0.7571428418159485,0.2257142812013626
YDR141C,YDR359C,0,-7.3142486,0.2510526180267334,0.7571428418159485,0.22587302327156067
YPL117C,YLR447C,0,-7.31481,0.2509205639362335,0.7571428418159485,0.22603175044059753
YKL213C,YDL120W,0,-7.315326,0.2507886290550232,0.7571428418159485,0.2261904776096344
YNL280C,YDR285W,0,-7.316509,0.2506568431854248,0.7571428418159485,0.22634920477867126
YDR072C,YER093C,0,-7.317824,0.25052520632743835,0.7571428418159485,0.22650793194770813
YOR299W,YMR023C,0,-7.3185787,0.25039368867874146,0.7571428418159485,0.2266666740179062
YOR085W,YOL113W,0,-7.3186045,0.2502623200416565,0.7571428418159485,0.22682540118694305
YLR229C,YHR111W,1,-7.3186727,0.25065547227859497,0.7587301731109619,0.22682540118694305
YOL151W,YKR050W,0,-7.318809,0.25052410364151,0.7587301731109619,0.22698412835597992
YDL024C,YHR111W,1,-7.3196135,0.2509167194366455,0.7603174448013306,0.22698412835597992
YER143W,YML010W,0,-7.319771,0.25078535079956055,0.7603174448013306,0.22714285552501678
YBR089C-A,YHR152W,0,-7.3202825,0.25065410137176514,0.7603174448013306,0.22730158269405365
YDR512C,YIL101C,0,-7.320733,0.25052300095558167,0.7603174448013306,0.2274603247642517
YJL080C,YDL224C,0,-7.3228536,0.25039204955101013,0.7603174448013306,0.22761905193328857
YJL036W,YDR293C,0,-7.3237805,0.25026124715805054,0.7603174448013306,0.22777777910232544
YOR295W,YDR065W,0,-7.3241525,0.2501305341720581,0.7603174448013306,0.2279365062713623
YHR058C,YDR346C,0,-7.324728,0.25,0.7603174448013306,0.22809523344039917
YDR009W,YDL058W,0,-7.3248267,0.24986958503723145,0.7603174448013306,0.22825397551059723
YNL161W,YKR054C,0,-7.325703,0.24973931908607483,0.7603174448013306,0.2284127026796341
YLR304C,YLR347C,0,-7.326188,0.24960917234420776,0.7603174448013306,0.22857142984867096
YDL024C,YDR392W,1,-7.326829,0.25,0.761904776096344,0.22857142984867096
YHR150W,YIL077C,0,-7.3278403,0.24986985325813293,0.761904776096344,0.22873015701770782
YLR110C,YDR164C,0,-7.3281837,0.2497398555278778,0.761904776096344,0.2288888841867447
YNL012W,YIL031W,0,-7.32828,0.24960997700691223,0.761904776096344,0.22904762625694275
YKR036C,YNL250W,0,-7.329554,0.2494802474975586,0.761904776096344,0.22920635342597961
YGR177C,YBR173C,0,-7.329749,0.2493506520986557,0.761904776096344,0.22936508059501648
YNL118C,YMR143W,0,-7.3298807,0.24922119081020355,0.761904776096344,0.22952380776405334
YJL124C,YDR404C,0,-7.330053,0.24909184873104095,0.761904776096344,0.2296825349330902
YOR057W,YMR260C,0,-7.330885,0.2489626556634903,0.761904776096344,0.22984127700328827
YMR192W,YPR068C,0,-7.331306,0.24883359670639038,0.761904776096344,0.23000000417232513
YNR074C,YOL151W,0,-7.332159,0.24870465695858002,0.761904776096344,0.230158731341362
YPL049C,YOR212W,1,-7.332395,0.24909374117851257,0.7634920477867126,0.230158731341362
YPL275W,YDR293C,0,-7.333117,0.2489648014307022,0.7634920477867126,0.23031745851039886
YJR119C,YOR157C,0,-7.333361,0.24883601069450378,0.7634920477867126,0.23047618567943573
YDL197C,YER173W,0,-7.334453,0.2487073391675949,0.7634920477867126,0.2306349277496338
YGL254W,YGR172C,0,-7.3345275,0.24857881665229797,0.7634920477867126,0.23079365491867065
YCR106W,YDR238C,0,-7.3349853,0.2484504133462906,0.7634920477867126,0.23095238208770752
YOR201C,YJL001W,0,-7.335405,0.24832214415073395,0.7634920477867126,0.23111110925674438
YKR008W,YBL106C,0,-7.3356442,0.24819400906562805,0.7634920477867126,0.23126983642578125
YAL021C,YBL041W,0,-7.336653,0.2480660080909729,0.7634920477867126,0.2314285784959793
YPR183W,YIL022W,0,-7.3367724,0.2479381412267685,0.7634920477867126,0.23158730566501617
YIR019C,YOR127W,1,-7.3387413,0.24832560122013092,0.7650793790817261,0.23158730566501617
YBR179C,YDL116W,0,-7.339041,0.2481977343559265,0.7650793790817261,0.23174603283405304
YPL121C,YJR131W,0,-7.339598,0.24807000160217285,0.7650793790817261,0.2319047600030899
YIR019C,YHR111W,1,-7.340114,0.24845679104328156,0.7666666507720947,0.2319047600030899
YMR116C,YAL056W,1,-7.340628,0.24884319305419922,0.7682539820671082,0.2319047600030899
YER026C,YDR484W,0,-7.3411183,0.24871531128883362,0.7682539820671082,0.23206348717212677
YPL061W,YJL201W,0,-7.3412557,0.24858756363391876,0.7682539820671082,0.23222222924232483
YHR194W,YMR227C,0,-7.3416023,0.24845996499061584,0.7682539820671082,0.2323809564113617
YHR019C,YLL016W,0,-7.3432765,0.24833248555660248,0.7682539820671082,0.23253968358039856
YDL230W,YPL203W,1,-7.343336,0.24871794879436493,0.7698412537574768,0.23253968358039856
YLR133W,YNL154C,0,-7.3438773,0.24859046936035156,0.7698412537574768,0.23269841074943542
YOL078W,YLR368W,0,-7.344009,0.24846310913562775,0.7698412537574768,0.2328571379184723
YIL159W,YKL220C,0,-7.344407,0.24833589792251587,0.7698412537574768,0.23301587998867035
YHR119W,YCR042C,0,-7.3447075,0.24820880591869354,0.7698412537574768,0.23317460715770721
YIL138C,YDR092W,0,-7.345245,0.24808184802532196,0.7698412537574768,0.23333333432674408
YDR486C,YER123W,0,-7.3465977,0.24795500934123993,0.7698412537574768,0.23349206149578094
YLR114C,YPL196W,0,-7.346738,0.24782830476760864,0.7698412537574768,0.2336507886648178
YKL045W,YCR083W,0,-7.3473997,0.2477017343044281,0.7698412537574768,0.23380953073501587
YPR029C,YOR157C,0,-7.3482347,0.2475752979516983,0.7698412537574768,0.23396825790405273
YJL201W,YCR009C,0,-7.349151,0.24744898080825806,0.7698412537574768,0.2341269850730896
YKR008W,YOR057W,0,-7.3497744,0.24732279777526855,0.7698412537574768,0.23428571224212646
YBL106C,YIL017C,0,-7.3507867,0.2471967339515686,0.7698412537574768,0.23444443941116333
YNR032W,YOR057W,0,-7.3509097,0.2470708042383194,0.7698412537574768,0.2346031814813614
YDL024C,YDL159W,1,-7.3509564,0.2474541813135147,0.7714285850524902,0.2346031814813614
YMR113W,YNL093W,0,-7.351178,0.2473282516002655,0.7714285850524902,0.23476190865039825
YJR127C,YLR403W,0,-7.351303,0.24720244109630585,0.7714285850524902,0.23492063581943512
YCR048W,YER104W,0,-7.3517804,0.24707676470279694,0.7714285850524902,0.23507936298847198
YER154W,YJR102C,0,-7.3525634,0.24695122241973877,0.7714285850524902,0.23523809015750885
YOL063C,YOL006C,0,-7.353499,0.24682579934597015,0.7714285850524902,0.2353968322277069
YLR286C,YLR166C,0,-7.353506,0.24670051038265228,0.7714285850524902,0.23555555939674377
YER114C,YBR131W,0,-7.3547397,0.24657534062862396,0.7714285850524902,0.23571428656578064
YIR013C,YLR139C,0,-7.3557873,0.2464503049850464,0.7714285850524902,0.2358730137348175
YJL110C,YBR106W,0,-7.3565955,0.24632538855075836,0.7714285850524902,0.23603174090385437
YKL190W,YML107C,0,-7.357662,0.24620060622692108,0.7714285850524902,0.23619048297405243
YKL007W,YNL264C,0,-7.3576674,0.24607594311237335,0.7714285850524902,0.2363492101430893
YIL124W,YBL097W,0,-7.3584676,0.24595141410827637,0.7714285850524902,0.23650793731212616
YML069W,YOR261C,0,-7.3586955,0.24582700431346893,0.7714285850524902,0.23666666448116302
YMR038C,YGR206W,0,-7.358866,0.24570272862911224,0.7714285850524902,0.2368253916501999
YBR211C,YGL238W,0,-7.3597455,0.2455785721540451,0.7714285850524902,0.23698413372039795
YJL076W,YER180C-A,0,-7.3600297,0.2454545497894287,0.7714285850524902,0.23714286088943481
YPL100W,YDR329C,0,-7.360244,0.24533064663410187,0.7714285850524902,0.23730158805847168
YPL135W,YOR279C,0,-7.3606334,0.24520686268806458,0.7714285850524902,0.23746031522750854
YKR067W,YHR034C,0,-7.361593,0.24508321285247803,0.7714285850524902,0.2376190423965454
YMR116C,YHR084W,1,-7.362015,0.24546371400356293,0.7730158567428589,0.2376190423965454
YBR160W,YBR182C,0,-7.3622985,0.24534004926681519,0.7730158567428589,0.23777778446674347
YPR104C,YML098W,0,-7.362658,0.2452165186405182,0.7730158567428589,0.23793651163578033
YGR092W,YDR240C,0,-7.3627706,0.24509310722351074,0.7730158567428589,0.2380952388048172
YKL190W,YAL010C,0,-7.362837,0.24496981501579285,0.7730158567428589,0.23825396597385406
YER040W,YOR063W,0,-7.363051,0.2448466569185257,0.7730158567428589,0.23841269314289093
YDR317W,YDR178W,0,-7.363219,0.2447236180305481,0.7730158567428589,0.238571435213089
YBR080C,YPR161C,0,-7.364474,0.24460069835186005,0.7730158567428589,0.23873016238212585
YER044C,YHR157W,0,-7.364924,0.24447791278362274,0.7730158567428589,0.23888888955116272
YGL119W,YKL166C,0,-7.3650327,0.244355246424675,0.7730158567428589,0.23904761672019958
YFL031W,YMR165C,0,-7.3659034,0.24423269927501678,0.7730158567428589,0.23920634388923645
YPL069C,YPL075W,0,-7.3670783,0.24411027133464813,0.7730158567428589,0.2393650859594345
YFL016C,YLR376C,0,-7.367347,0.24398797750473022,0.7730158567428589,0.23952381312847137
YBR084W,YFL018W-A,0,-7.368139,0.24386580288410187,0.7730158567428589,0.23968254029750824
YGL037C,YMR137C,0,-7.3684487,0.24374374747276306,0.7730158567428589,0.2398412674665451
YHR181W,YOR068C,0,-7.3689237,0.2436218112707138,0.7730158567428589,0.23999999463558197
YKL129C,YNR032W,0,-7.369988,0.2434999942779541,0.7730158567428589,0.24015873670578003
YBR070C,YOR297C,0,-7.3701606,0.24337831139564514,0.7730158567428589,0.2403174638748169
YDR192C,YJL035C,0,-7.3706613,0.24325674772262573,0.7730158567428589,0.24047619104385376
YLR078C,YLR207W,0,-7.3708787,0.24313530325889587,0.7730158567428589,0.24063491821289062
YDL105W,YBR240C,0,-7.371,0.24301397800445557,0.7730158567428589,0.2407936453819275
YIL010W,YMR104C,0,-7.3715577,0.2428927719593048,0.7730158567428589,0.24095238745212555
YJL146W,YBL041W,0,-7.372333,0.2427716851234436,0.7730158567428589,0.24111111462116241
YER120W,YDR080W,0,-7.373156,0.24265071749687195,0.7730158567428589,0.24126984179019928
YDR038C,YBR170C,0,-7.3740344,0.24252988398075104,0.7730158567428589,0.24142856895923615
YJL201W,YML114C,0,-7.3744617,0.24240915477275848,0.7730158567428589,0.241587296128273
YMR043W,YLR335W,0,-7.3752627,0.24228855967521667,0.7730158567428589,0.24174603819847107
YDR141C,YPR133C,0,-7.3759074,0.24216806888580322,0.7730158567428589,0.24190476536750793
YIL085C,YOR069W,0,-7.3760195,0.24204771220684052,0.7730158567428589,0.2420634925365448
YFL005W,YIL123W,0,-7.377015,0.24192747473716736,0.7730158567428589,0.24222221970558167
YHL048W,YBR080C,0,-7.377382,0.24180734157562256,0.7730158567428589,0.24238094687461853
YNL031C,YMR284W,0,-7.3779883,0.2416873425245285,0.7730158567428589,0.2425396889448166
YPL053C,YOR330C,0,-7.3788443,0.241567462682724,0.7730158567428589,0.24269841611385345
YDR076W,YDR058C,0,-7.379707,0.24144768714904785,0.7730158567428589,0.24285714328289032
YPL051W,YPR007C,0,-7.3804717,0.24132804572582245,0.7730158567428589,0.24301587045192719
YDR490C,YGL232W,0,-7.381388,0.2412085235118866,0.7730158567428589,0.24317459762096405
YFR048W,YOR259C,0,-7.381799,0.2410891056060791,0.7730158567428589,0.2433333396911621
YDR162C,YMR095C,0,-7.3819423,0.24096982181072235,0.7730158567428589,0.24349206686019897
YPL076W,YOL023W,0,-7.3825192,0.24085064232349396,0.7730158567428589,0.24365079402923584
YJL186W,YGR275W,0,-7.3830094,0.24073158204555511,0.7730158567428589,0.2438095211982727
YDR005C,YGR111W,0,-7.3830523,0.24061264097690582,0.7730158567428589,0.24396824836730957
YOR290C,YOR212W,1,-7.3833265,0.2409876585006714,0.7746031880378723,0.24396824836730957
YKL108W,YIL039W,0,-7.3838105,0.2408687025308609,0.7746031880378723,0.24412699043750763
YHL038C,YHR004C,0,-7.3849273,0.24074988067150116,0.7746031880378723,0.2442857176065445
YAL013W,YEL020W-A,0,-7.385556,0.24063116312026978,0.7746031880378723,0.24444444477558136
YIL098C,YIL173W,0,-7.3873744,0.24051256477832794,0.7746031880378723,0.24460317194461823
YDR480W,YIL008W,1,-7.3874893,0.24088670313358307,0.776190459728241,0.24460317194461823
YOL123W,YIL016W,0,-7.389504,0.24076808989048004,0.776190459728241,0.2447618991136551
YNL293W,YDL090C,0,-7.389623,0.24064961075782776,0.776190459728241,0.24492064118385315
YJL183W,YJL012C,0,-7.389887,0.24053123593330383,0.776190459728241,0.24507936835289001
YNL293W,YOR328W,0,-7.39022,0.24041298031806946,0.776190459728241,0.24523809552192688
YJR069C,YOR087W,0,-7.3904347,0.24029484391212463,0.776190459728241,0.24539682269096375
YCL016C,YBL102W,0,-7.3904576,0.24017681181430817,0.776190459728241,0.2455555498600006
YGL183C,YOR194C,0,-7.3905387,0.24005891382694244,0.776190459728241,0.24571429193019867
YDR512C,YPR133C,0,-7.390913,0.23994112014770508,0.776190459728241,0.24587301909923553
YER133W,YOL111C,0,-7.3909845,0.23982344567775726,0.776190459728241,0.2460317462682724
YPL242C,YNL032W,0,-7.3919587,0.2397058755159378,0.776190459728241,0.24619047343730927
YNR058W,YLR417W,0,-7.391988,0.2395884394645691,0.776190459728241,0.24634920060634613
YBR059C,YDR110W,0,-7.392798,0.23947110772132874,0.776190459728241,0.2465079426765442
YOR100C,YOR159C,0,-7.394543,0.23935389518737793,0.776190459728241,0.24666666984558105
YCR039C,YKL062W,0,-7.394567,0.23923678696155548,0.776190459728241,0.24682539701461792
YJR119C,YKL025C,0,-7.396481,0.23911979794502258,0.776190459728241,0.24698412418365479
YBL046W,YIL167W,0,-7.3966136,0.23900292813777924,0.776190459728241,0.24714285135269165
YJR040W,YPL029W,0,-7.397398,0.23888617753982544,0.776190459728241,0.2473015934228897
YKL013C,YHR077C,0,-7.397472,0.23876953125,0.776190459728241,0.24746032059192657
YER133W,YIL022W,0,-7.3981376,0.2386530041694641,0.776190459728241,0.24761904776096344
YHR091C,YHR205W,0,-7.3982882,0.23853658139705658,0.776190459728241,0.2477777749300003
YOR074C,YOL100W,0,-7.3986373,0.2384202778339386,0.776190459728241,0.24793650209903717
YIL030C,YEL002C,0,-7.399622,0.23830409348011017,0.776190459728241,0.24809524416923523
YNL192W,YLR080W,0,-7.4019904,0.2381880134344101,0.776190459728241,0.2482539713382721
YPL084W,YDR151C,0,-7.402062,0.23807205259799957,0.776190459728241,0.24841269850730896
YLR342W,YLR163C,0,-7.4026403,0.2379562109708786,0.776190459728241,0.24857142567634583
YPL042C,YDR369C,0,-7.403125,0.237840473651886,0.776190459728241,0.2487301528453827
YPL270W,YJL140W,0,-7.403206,0.23772484064102173,0.776190459728241,0.24888889491558075
YDR404C,YAR044W,0,-7.4054503,0.23760932683944702,0.776190459728241,0.24904762208461761
YPL053C,YPL218W,0,-7.406688,0.23749393224716187,0.776190459728241,0.24920634925365448
YFL008W,YNL025C,0,-7.40822,0.23737864196300507,0.776190459728241,0.24936507642269135
YFR028C,YKL015W,0,-7.408528,0.23726347088813782,0.776190459728241,0.2495238035917282
YPR037C,YOL128C,0,-7.4086466,0.23714840412139893,0.776190459728241,0.24968254566192627
YNL268W,YER180C-A,0,-7.408952,0.2370334416627884,0.776190459728241,0.24984127283096313
YGR220C,YOR129C,0,-7.409882,0.2369185984134674,0.776190459728241,0.25
YDL024C,YPL049C,1,-7.4107943,0.23728813230991364,0.7777777910232544,0.25
YJL089W,YHR084W,1,-7.411124,0.2376573085784912,0.779365062713623,0.25
YIL002C,YGR169C,0,-7.411437,0.23754233121871948,0.779365062713623,0.25015872716903687
YMR138W,YPL232W,0,-7.41169,0.2374274730682373,0.779365062713623,0.25031745433807373
YPL194W,YDR314C,0,-7.412723,0.2373127043247223,0.779365062713623,0.2504761815071106
YPR023C,YLR079W,0,-7.4127517,0.23719806969165802,0.779365062713623,0.25063490867614746
YNL042W,YNL053W,0,-7.4138904,0.2370835393667221,0.779365062713623,0.2507936656475067
YLL004W,YMR008C,0,-7.4147563,0.23696911334991455,0.779365062713623,0.2509523928165436
YER157W,YDR072C,0,-7.41529,0.23685480654239655,0.779365062713623,0.25111111998558044
YHL003C,YLR166C,0,-7.4154525,0.2367406040430069,0.779365062713623,0.2512698471546173
YAR031W,YJR021C,0,-7.4158616,0.2366265058517456,0.779365062713623,0.2514285743236542
YDR490C,YOR083W,0,-7.4163384,0.23651252686977386,0.779365062713623,0.25158730149269104
YKL200C,YJL061W,0,-7.417031,0.23639865219593048,0.779365062713623,0.2517460286617279
YPL121C,YNL291C,0,-7.417233,0.23628489673137665,0.779365062713623,0.25190475583076477
YML069W,YBR216C,0,-7.4173007,0.23617123067378998,0.779365062713623,0.25206348299980164
YGR191W,YLR163C,0,-7.418018,0.23605769872665405,0.779365062713623,0.2522222101688385
YGL003C,YJR102C,0,-7.4182496,0.2359442561864853,0.779365062713623,0.25238096714019775
YMR164C,YGL151W,0,-7.41839,0.23583093285560608,0.779365062713623,0.2525396943092346
YDL149W,YIL138C,0,-7.418882,0.23571771383285522,0.779365062713623,0.2526984214782715
YPL227C,YBR081C,0,-7.4194,0.23560459911823273,0.779365062713623,0.25285714864730835
YDR055W,YMR284W,0,-7.419531,0.23549160361289978,0.779365062713623,0.2530158758163452
YDL192W,YFL049W,0,-7.4199457,0.2353787124156952,0.779365062713623,0.2531746029853821
YAR042W,YMR236W,0,-7.4205756,0.23526592552661896,0.779365062713623,0.25333333015441895
YKL213C,YBR165W,0,-7.420702,0.23515325784683228,0.779365062713623,0.2534920573234558
YDL165W,YNL332W,0,-7.421146,0.23504069447517395,0.779365062713623,0.2536507844924927
YDL024C,YCR084C,1,-7.421903,0.23540669679641724,0.7809523940086365,0.2536507844924927
YFR002W,YIL063C,0,-7.4224668,0.23529411852359772,0.7809523940086365,0.25380951166152954
YLR233C,YOR117W,0,-7.422989,0.23518164455890656,0.7809523940086365,0.2539682686328888
YDL058W,YLR447C,0,-7.423285,0.23506927490234375,0.7809523940086365,0.25412699580192566
YIL073C,YKL095W,0,-7.4245534,0.2349570244550705,0.7809523940086365,0.2542857229709625
YDR081C,YOR261C,0,-7.4246516,0.2348448634147644,0.7809523940086365,0.2544444501399994
YGR286C,YPR108W,0,-7.4248586,0.23473282158374786,0.7809523940086365,0.25460317730903625
YMR041C,YDR141C,0,-7.424952,0.23462088406085968,0.7809523940086365,0.2547619044780731
YAL041W,YOL061W,0,-7.425913,0.23450905084609985,0.7809523940086365,0.25492063164711
YOR209C,YPL047W,0,-7.426672,0.23439733684062958,0.7809523940086365,0.25507935881614685
YDR392W,YCR084C,1,-7.427819,0.23476190865039825,0.7825396656990051,0.25507935881614685
YHR158C,YPL006W,0,-7.4279523,0.2346501648426056,0.7825396656990051,0.2552380859851837
YOR288C,YLR067C,0,-7.427999,0.23453854024410248,0.7825396656990051,0.2553968131542206
YGR041W,YPL254W,0,-7.4282775,0.23442700505256653,0.7825396656990051,0.25555557012557983
YDL247W,YJL127C,0,-7.428367,0.23431558907032013,0.7825396656990051,0.2557142972946167
YOL077W-A,YBR173C,0,-7.428859,0.2342042773962021,0.7825396656990051,0.25587302446365356
YKR083C,YLR008C,0,-7.4291615,0.2340930700302124,0.7825396656990051,0.25603175163269043
YIL002C,YDR378C,0,-7.430514,0.23398196697235107,0.7825396656990051,0.2561904788017273
YCR002C,YCL040W,0,-7.430639,0.2338709682226181,0.7825396656990051,0.25634920597076416
YFR031C,YDR523C,0,-7.4309506,0.2337600737810135,0.7825396656990051,0.256507933139801
YDR118W,YOR353C,0,-7.4316344,0.23364928364753723,0.7825396656990051,0.2566666603088379
YER167W,YML132W,0,-7.4328704,0.23353861272335052,0.7825396656990051,0.25682538747787476
YDL197C,YNL054W,0,-7.432935,0.23342803120613098,0.7825396656990051,0.2569841146469116
YHR108W,YGR169C,0,-7.4336095,0.2333175539970398,0.7825396656990051,0.2571428716182709
YDR459C,YDR276C,0,-7.433683,0.23320719599723816,0.7825396656990051,0.25730159878730774
YAL020C,YCR002C,0,-7.4342794,0.2330969274044037,0.7825396656990051,0.2574603259563446
YGL216W,YOR288C,0,-7.434668,0.23298676311969757,0.7825396656990051,0.25761905312538147
YJL030W,YDR473C,0,-7.4347005,0.232876718044281,0.7825396656990051,0.25777778029441833
YFR041C,YDL015C,0,-7.434999,0.2327667623758316,0.7825396656990051,0.2579365074634552
YOR127W,YDR392W,1,-7.4350767,0.23312883079051971,0.7841269969940186,0.2579365074634552
YKL190W,YHR120W,0,-7.43625,0.2330188751220703,0.7841269969940186,0.25809523463249207
YML132W,YPL175W,0,-7.4366426,0.23290900886058807,0.7841269969940186,0.25825396180152893
YFL035C-A,YBR173C,0,-7.4370856,0.2327992469072342,0.7841269969940186,0.2584126889705658
YMR056C,YMR042W,0,-7.437192,0.23268958926200867,0.7841269969940186,0.25857141613960266
YHR115C,YML098W,0,-7.437957,0.2325800359249115,0.7841269969940186,0.2587301731109619
YCR083W,YPR139C,0,-7.4383826,0.2324705868959427,0.7841269969940186,0.2588889002799988
YOR182C,YNL025C,0,-7.438435,0.23236124217510223,0.7841269969940186,0.25904762744903564
YDR295C,YDR113C,0,-7.4393153,0.23225200176239014,0.7841269969940186,0.2592063546180725
YDR175C,YLR234W,0,-7.4404655,0.2321428507566452,0.7841269969940186,0.2593650817871094
YGL001C,YBR030W,0,-7.4409566,0.23203381896018982,0.7841269969940186,0.25952380895614624
YCR106W,YJL141C,0,-7.441481,0.2319248765707016,0.7841269969940186,0.2596825361251831
YDR251W,YNL055C,0,-7.441869,0.23181605339050293,0.7841269969940186,0.25984126329421997
YGL180W,YIR002C,0,-7.442234,0.23170731961727142,0.7841269969940186,0.25999999046325684
YMR038C,YDR180W,0,-7.443283,0.23159869015216827,0.7841269969940186,0.2601587176322937
YKL185W,YNL317W,0,-7.4439845,0.23149016499519348,0.7841269969940186,0.26031747460365295
YOR349W,YIL042C,0,-7.4449153,0.23138172924518585,0.7841269969940186,0.2604762017726898
YKL200C,YPR144C,0,-7.445214,0.23127341270446777,0.7841269969940186,0.2606349289417267
YLR216C,YEL009C,0,-7.4461317,0.23116518557071686,0.7841269969940186,0.26079365611076355
YKL025C,YGR020C,0,-7.4462996,0.2310570627450943,0.7841269969940186,0.2609523832798004
YDR480W,YDL230W,1,-7.4464364,0.23141655325889587,0.7857142686843872,0.2609523832798004
YDR481C,YOR049C,0,-7.446527,0.23130841553211212,0.7857142686843872,0.2611111104488373
YNL280C,YGR197C,0,-7.4475594,0.23120036721229553,0.7857142686843872,0.26126983761787415
YER087C-B,YMR273C,0,-7.448483,0.2310924381017685,0.7857142686843872,0.261428564786911
YOR080W,YCR084C,1,-7.449369,0.23145124316215515,0.7873015999794006,0.261428564786911
YML016C,YBR172C,0,-7.4496098,0.23134328424930573,0.7873015999794006,0.2615872919559479
YOL017W,YLR347C,0,-7.45054,0.23123542964458466,0.7873015999794006,0.26174601912498474
YGL119W,YCL016C,0,-7.450872,0.23112767934799194,0.7873015999794006,0.261904776096344
YJL019W,YBR254C,0,-7.451193,0.2310200333595276,0.7873015999794006,0.26206350326538086
YNL119W,YNL294C,1,-7.451947,0.23137801885604858,0.7888888716697693,0.26206350326538086
YDR503C,YJR110W,0,-7.453587,0.23127035796642303,0.7888888716697693,0.2622222304344177
YNL264C,YML005W,0,-7.4545712,0.23116278648376465,0.7888888716697693,0.2623809576034546
YLR210W,YKR095W-A,0,-7.456056,0.23105531930923462,0.7888888716697693,0.26253968477249146
YHR055C,YNR011C,0,-7.4563394,0.23094795644283295,0.7888888716697693,0.2626984119415283
YBR182C,YDR086C,0,-7.456795,0.23084068298339844,0.7888888716697693,0.2628571391105652
YIL066C,YDR092W,0,-7.458215,0.23073351383209229,0.7888888716697693,0.26301586627960205
YOR113W,YNL009W,0,-7.4583316,0.2306264489889145,0.7888888716697693,0.2631745934486389
YHR072W-A,YGL055W,0,-7.4584546,0.23051947355270386,0.7888888716697693,0.2633333206176758
YPR189W,YGR002C,0,-7.4584785,0.23041261732578278,0.7888888716697693,0.26349207758903503
YJR001W,YER032W,0,-7.458821,0.23030583560466766,0.7888888716697693,0.2636508047580719
YMR264W,YEL002C,0,-7.4592533,0.2301991730928421,0.7888888716697693,0.26380953192710876
YOR298W,YJL140W,0,-7.46075,0.2300925999879837,0.7888888716697693,0.26396825909614563
YIL009C-A,YNL106C,0,-7.461046,0.22998611629009247,0.7888888716697693,0.2641269862651825
YIL119C,YLR034C,0,-7.4622216,0.2298797369003296,0.7888888716697693,0.26428571343421936
YCL066W,YKL134C,0,-7.462662,0.22977346181869507,0.7888888716697693,0.2644444406032562
YOR113W,YJL006C,0,-7.4634686,0.2296672761440277,0.7888888716697693,0.2646031677722931
YDR173C,YKL212W,0,-7.4638457,0.2295611947774887,0.7888888716697693,0.26476189494132996
YEL050C,YJR004C,0,-7.464854,0.22945521771907806,0.7888888716697693,0.2649206221103668
YMR255W,YCR052W,0,-7.4655585,0.22934933006763458,0.7888888716697693,0.2650793790817261
YNL192W,YBR057C,0,-7.465692,0.22924354672431946,0.7888888716697693,0.26523810625076294
YJR082C,YGR158C,0,-7.466045,0.2291378527879715,0.7888888716697693,0.2653968334197998
YOR250C,YBR036C,0,-7.466319,0.2290322631597519,0.7888888716697693,0.26555556058883667
YDR141C,YER028C,0,-7.466398,0.22892676293849945,0.7888888716697693,0.26571428775787354
YOL088C,YJR086W,0,-7.466664,0.22882136702537537,0.7888888716697693,0.2658730149269104
YAR019C,YKL017C,0,-7.4668746,0.22871606051921844,0.7888888716697693,0.26603174209594727
YJL110C,YDL065C,0,-7.4677563,0.22861085832118988,0.7888888716697693,0.26619046926498413
YPR111W,YER007W,0,-7.4682736,0.22850574553012848,0.7888888716697693,0.266349196434021
YKR009C,YDR198C,0,-7.469358,0.22840073704719543,0.7888888716697693,0.26650792360305786
YJR040W,YER005W,0,-7.470979,0.22829581797122955,0.7888888716697693,0.2666666805744171
YDR103W,YIL008W,1,-7.4714847,0.22865013778209686,0.7904762029647827,0.2666666805744171
YPR057W,YIR028W,0,-7.4721704,0.2285452038049698,0.7904762029647827,0.266825407743454
YLR450W,YKL073W,0,-7.4728,0.22844037413597107,0.7904762029647827,0.26698413491249084
YDL065C,YML061C,0,-7.4735236,0.22833561897277832,0.7904762029647827,0.2671428620815277
YOR123C,YJL210W,0,-7.473961,0.22823098301887512,0.7904762029647827,0.2673015892505646
YDR516C,YLR039C,0,-7.4748855,0.2281264364719391,0.7904762029647827,0.26746031641960144
YKL129C,YNL272C,0,-7.474931,0.22802197933197021,0.7904762029647827,0.2676190435886383
YLR214W,YHL003C,0,-7.474953,0.2279176265001297,0.7904762029647827,0.26777777075767517
YPR164W,YHR206W,0,-7.4750752,0.22781336307525635,0.7904762029647827,0.26793649792671204
YGR041W,YIL072W,0,-7.475548,0.22770918905735016,0.7904762029647827,0.2680952250957489
YBR086C,YDR082W,0,-7.4755883,0.22760511934757233,0.7904762029647827,0.26825398206710815
YNL325C,YLR045C,0,-7.4771905,0.22750113904476166,0.7904762029647827,0.268412709236145
YBL074C,YJL106W,0,-7.479229,0.22739726305007935,0.7904762029647827,0.2685714364051819
YPL192C,YDR247W,0,-7.4796195,0.2272934764623642,0.7904762029647827,0.26873016357421875
YIR023W,YNL099C,0,-7.47988,0.2271897792816162,0.7904762029647827,0.2688888907432556
YGR175C,YGL066W,0,-7.483051,0.22708618640899658,0.7904762029647827,0.2690476179122925
YOR127W,YGL045W,1,-7.4831176,0.22743846476078033,0.7920634746551514,0.2690476179122925
YOL016C,YLR288C,0,-7.4843874,0.2273348569869995,0.7920634746551514,0.26920634508132935
YJR094C,YIR008C,0,-7.484571,0.22723132371902466,0.7920634746551514,0.2693650722503662
YHR084W,YDL159W,1,-7.484695,0.22758306562900543,0.7936508059501648,0.2693650722503662
YFL056C,YDR264C,0,-7.485543,0.22747953236103058,0.7936508059501648,0.2695237994194031
YDL160C,YML062C,0,-7.485872,0.2273760735988617,0.7936508059501648,0.26968252658843994
YPR021C,YPL082C,0,-7.486477,0.22727273404598236,0.7936508059501648,0.2698412835597992
YNL008C,YJL036W,0,-7.4867654,0.227169468998909,0.7936508059501648,0.27000001072883606
YBR170C,YAL011W,0,-7.48729,0.227066308259964,0.7936508059501648,0.2701587378978729
YJR021C,YOR116C,0,-7.4874163,0.22696323692798615,0.7936508059501648,0.2703174650669098
YGL032C,YNL186W,0,-7.4877844,0.22686025500297546,0.7936508059501648,0.27047619223594666
YER014C-A,YLR319C,0,-7.4880195,0.22675736248493195,0.7936508059501648,0.2706349194049835
YDL074C,YDR251W,0,-7.4880958,0.22665457427501678,0.7936508059501648,0.2707936465740204
YDR147W,YCR058C,0,-7.488788,0.2265518754720688,0.7936508059501648,0.27095237374305725
YJL157C,YMR277W,0,-7.489538,0.22644928097724915,0.7936508059501648,0.2711111009120941
YDR439W,YNL036W,0,-7.4901824,0.22634676098823547,0.7936508059501648,0.271269828081131
YJL101C,YOR001W,0,-7.4905686,0.22624434530735016,0.7936508059501648,0.27142858505249023
YOL012C,YJL190C,0,-7.491142,0.226142019033432,0.7936508059501648,0.2715873122215271
YNR016C,YBL015W,0,-7.49183,0.22603978216648102,0.7936508059501648,0.27174603939056396
YNL145W,YMR224C,0,-7.4926558,0.2259376347064972,0.7936508059501648,0.27190476655960083
YML116W,YGL120C,0,-7.49286,0.22583559155464172,0.7936508059501648,0.2720634937286377
YFL056C,YCR091W,0,-7.493465,0.22573363780975342,0.7936508059501648,0.27222222089767456
YOR080W,YPL049C,1,-7.4939456,0.22608302533626556,0.7952380776405334,0.27222222089767456
YER168C,YNL138W,0,-7.493984,0.22598105669021606,0.7952380776405334,0.2723809480667114
YHR067W,YOR148C,0,-7.494966,0.22587917745113373,0.7952380776405334,0.2725396752357483
YJL146W,YLR363C,0,-7.495491,0.22577737271785736,0.7952380776405334,0.27269840240478516
YHR204W,YHL036W,0,-7.49565,0.22567567229270935,0.7952380776405334,0.272857129573822
YNL020C,YKL015W,0,-7.4962616,0.2255740612745285,0.7952380776405334,0.2730158865451813
YJR105W,YMR227C,0,-7.496361,0.225472554564476,0.7952380776405334,0.27317461371421814
YJL071W,YPL275W,0,-7.49662,0.2253711223602295,0.7952380776405334,0.273333340883255
YOR328W,YPL016W,0,-7.497417,0.22526977956295013,0.7952380776405334,0.27349206805229187
YDR182W,YOL044W,0,-7.4987617,0.22516854107379913,0.7952380776405334,0.27365079522132874
YOL008W,YLR286C,0,-7.4988527,0.2250673919916153,0.7952380776405334,0.2738095223903656
YPR029C,YER025W,0,-7.4991975,0.22496631741523743,0.7952380776405334,0.27396824955940247
YNL119W,YDR477W,1,-7.4993014,0.2253141850233078,0.7968254089355469,0.27396824955940247
YNL161W,YHR005C-A,0,-7.500975,0.22521309554576874,0.7968254089355469,0.27412697672843933
YDL024C,YHR073W,1,-7.5021377,0.2255605310201645,0.7984126806259155,0.27412697672843933
YLR011W,YNL156C,0,-7.5021954,0.22545944154262543,0.7984126806259155,0.2742857038974762
YIL062C,YGR075C,0,-7.5024295,0.22535842657089233,0.7984126806259155,0.27444443106651306
YIL114C,YGL066W,0,-7.502483,0.2252575010061264,0.7984126806259155,0.2746031880378723
YER119C,YDR174W,0,-7.5025635,0.22515666484832764,0.7984126806259155,0.2747619152069092
YOR157C,YLR090W,0,-7.502668,0.22505593299865723,0.7984126806259155,0.27492064237594604
YOR349W,YNR043W,0,-7.502786,0.22495527565479279,0.7984126806259155,0.2750793695449829
YOR185C,YLL022C,0,-7.5030675,0.2248547226190567,0.7984126806259155,0.2752380967140198
YMR287C,YDL190C,0,-7.503075,0.2247542440891266,0.7984126806259155,0.27539682388305664
YJL203W,YHR200W,0,-7.5036297,0.22465386986732483,0.7984126806259155,0.2755555510520935
YHR115C,YGR014W,0,-7.503925,0.22455357015132904,0.7984126806259155,0.27571427822113037
YOR284W,YKL080W,0,-7.5039353,0.2244533747434616,0.7984126806259155,0.27587300539016724
YIL072W,YAR007C,0,-7.5041614,0.22435325384140015,0.7984126806259155,0.2760317325592041
YIL115C,YMR076C,0,-7.504292,0.22425323724746704,0.7984126806259155,0.27619048953056335
YGR217W,YPL094C,0,-7.504647,0.2241532951593399,0.7984126806259155,0.2763492166996002
YGL151W,YNL044W,0,-7.504673,0.22405345737934113,0.7984126806259155,0.2765079438686371
YER133W,YLR145W,0,-7.5046763,0.22395369410514832,0.7984126806259155,0.27666667103767395
YNL099C,YMR293C,0,-7.5050616,0.22385402023792267,0.7984126806259155,0.2768253982067108
YJL179W,YDL020C,0,-7.506762,0.22375445067882538,0.7984126806259155,0.2769841253757477
YOL051W,YDL159W,1,-7.507024,0.22409960627555847,0.800000011920929,0.2769841253757477
YPL224C,YBR256C,0,-7.5078764,0.2240000069141388,0.800000011920929,0.27714285254478455
YKL189W,YOL088C,0,-7.508667,0.22390048205852509,0.800000011920929,0.2773015797138214
YKL206C,YJL063C,0,-7.511249,0.22380106151103973,0.800000011920929,0.2774603068828583
YKL208W,YDR206W,0,-7.512105,0.22370173037052155,0.800000011920929,0.27761903405189514
YLR350W,YPR010C,0,-7.5122895,0.22360248863697052,0.800000011920929,0.2777777910232544
YDL024C,YIL008W,1,-7.513265,0.22394677996635437,0.8015872836112976,0.2777777910232544
YDR030C,YDR289C,0,-7.5138025,0.22384752333164215,0.8015872836112976,0.27793651819229126
YER088C,YHR102W,0,-7.5155087,0.2237483412027359,0.8015872836112976,0.2780952453613281
YCL017C,YNL149C,0,-7.516046,0.22364924848079681,0.8015872836112976,0.278253972530365
YCL011C,YLR450W,0,-7.516548,0.2235502451658249,0.8015872836112976,0.27841269969940186
YNL293W,YGR257C,0,-7.516589,0.22345133125782013,0.8015872836112976,0.2785714268684387
YBR286W,YIL124W,0,-7.5170207,0.22335249185562134,0.8015872836112976,0.2787301540374756
YHR174W,YJR004C,0,-7.5177093,0.2232537567615509,0.8015872836112976,0.27888888120651245
YDR376W,YDR488C,0,-7.517777,0.22315511107444763,0.8015872836112976,0.2790476083755493
YBL079W,YML013W,0,-7.5184894,0.22305653989315033,0.8015872836112976,0.2792063355445862
YNL199C,YAR044W,0,-7.519446,0.2229580581188202,0.8015872836112976,0.27936509251594543
YPL256C,YDR151C,0,-7.5196548,0.22285966575145721,0.8015872836112976,0.2795238196849823
YER065C,YGR179C,0,-7.5202208,0.2227613627910614,0.8015872836112976,0.27968254685401917
YHR005C,YOR269W,0,-7.5203567,0.22266313433647156,0.8015872836112976,0.27984127402305603
YNL138W,YCL069W,0,-7.520429,0.22256501019001007,0.8015872836112976,0.2800000011920929
YMR316W,YBR289W,1,-7.5219526,0.22290748357772827,0.803174614906311,0.2800000011920929
YDR069C,YOR327C,0,-7.521997,0.2228093296289444,0.803174614906311,0.28015872836112976
YBR201W,YCR028C-A,0,-7.523218,0.22271126508712769,0.803174614906311,0.2803174555301666
YOR023C,YOR319W,0,-7.523317,0.22261328995227814,0.803174614906311,0.2804761826992035
YKL206C,YMR112C,0,-7.5249395,0.22251538932323456,0.803174614906311,0.28063490986824036
YPR042C,YDL111C,0,-7.5249586,0.22241757810115814,0.803174614906311,0.2807936370372772
YKL200C,YNL044W,0,-7.525376,0.2223198562860489,0.803174614906311,0.2809523940086365
YLR384C,YGR099W,0,-7.5257254,0.2222222238779068,0.803174614906311,0.28111112117767334
YKR038C,YIL138C,0,-7.526711,0.22212466597557068,0.803174614906311,0.2812698483467102
YFL050C,YLR097C,0,-7.5277495,0.22202719748020172,0.803174614906311,0.28142857551574707
YHR030C,YKL035W,0,-7.5280643,0.22192981839179993,0.803174614906311,0.28158730268478394
YMR116C,YBR289W,1,-7.5280695,0.2222709357738495,0.8047618865966797,0.28158730268478394
YIR033W,YHR163W,0,-7.5282106,0.2221735268831253,0.8047618865966797,0.2817460298538208
YPL140C,YER003C,0,-7.528359,0.22207622230052948,0.8047618865966797,0.28190475702285767
YOR151C,YML015C,0,-7.5292025,0.22197897732257843,0.8047618865966797,0.28206348419189453
YPL213W,YLL012W,0,-7.529594,0.22188183665275574,0.8047618865966797,0.2822222113609314
YMR116C,YDR477W,1,-7.529984,0.2222222238779068,0.8063492178916931,0.2822222113609314
YLR033W,YML013W,0,-7.530535,0.22212505340576172,0.8063492178916931,0.28238093852996826
YIL009C-A,YOR069W,0,-7.5307636,0.2220279723405838,0.8063492178916931,0.2825396955013275
YLR310C,YDR086C,0,-7.531258,0.22193098068237305,0.8063492178916931,0.2826984226703644
YPL010W,YMR089C,0,-7.5314765,0.22183406352996826,0.8063492178916931,0.28285714983940125
YJR102C,YOR129C,0,-7.5316706,0.22173723578453064,0.8063492178916931,0.2830158770084381
YDR477W,YIL008W,1,-7.5319695,0.22207678854465485,0.8079364895820618,0.2830158770084381
YHR059W,YPL127C,0,-7.5319996,0.22197994589805603,0.8079364895820618,0.283174604177475
YBR026C,YML038C,0,-7.532102,0.22188317775726318,0.8079364895820618,0.28333333134651184
YNR038W,YLR107W,0,-7.532506,0.2217864990234375,0.8079364895820618,0.2834920585155487
YNL328C,YML038C,0,-7.5340037,0.22168989479541779,0.8079364895820618,0.28365078568458557
YGR030C,YIL119C,0,-7.534129,0.22159337997436523,0.8079364895820618,0.28380951285362244
YLR263W,YDR198C,0,-7.5341997,0.22149695456027985,0.8079364895820618,0.2839682400226593
YDR424C,YDR175C,0,-7.535049,0.22140060365200043,0.8079364895820618,0.28412699699401855
YMR168C,YGL005C,0,-7.535316,0.22130434215068817,0.8079364895820618,0.2842857241630554
YHL031C,YDL015C,0,-7.5359464,0.22120817005634308,0.8079364895820618,0.2844444513320923
YJL019W,YDR027C,0,-7.536223,0.22111207246780396,0.8079364895820618,0.28460317850112915
YNL130C,YAR044W,0,-7.536429,0.221016064286232,0.8079364895820618,0.284761905670166
YFL050C,YJL036W,0,-7.536561,0.2209201455116272,0.8079364895820618,0.2849206328392029
YOL026C,YDL154W,0,-7.538313,0.22082430124282837,0.8079364895820618,0.28507936000823975
YPR005C,YHR098C,0,-7.5386696,0.2207285314798355,0.8079364895820618,0.2852380871772766
YOR231W,YLR167W,0,-7.5386724,0.22063285112380981,0.8079364895820618,0.2853968143463135
YBR216C,YNR048W,0,-7.539269,0.22053726017475128,0.8079364895820618,0.28555554151535034
YCR024C-A,YMR125W,0,-7.539436,0.22044174373149872,0.8079364895820618,0.2857142984867096
YJL012C,YNL160W,0,-7.539783,0.22034631669521332,0.8079364895820618,0.28587302565574646
YIL140W,YOL091W,0,-7.5398383,0.22025097906589508,0.8079364895820618,0.2860317528247833
YML052W,YNL246W,0,-7.540343,0.2201557159423828,0.8079364895820618,0.2861904799938202
YMR137C,YDL060W,0,-7.54114,0.2200605273246765,0.8079364895820618,0.28634920716285706
YOR209C,YCR080W,0,-7.541287,0.21996542811393738,0.8079364895820618,0.2865079343318939
YFL035C,YPR031W,0,-7.541327,0.2198704034090042,0.8079364895820618,0.2866666615009308
YGL054C,YDR108W,0,-7.541551,0.2197754681110382,0.8079364895820618,0.28682538866996765
YIR023W,YEL032W,0,-7.54208,0.21968062222003937,0.8079364895820618,0.2869841158390045
YDL143W,YNR034W,0,-7.542716,0.2195858508348465,0.8079364895820618,0.2871428430080414
YML031W,YGL008C,0,-7.542763,0.2194911539554596,0.8079364895820618,0.28730159997940063
YFL031W,YJL203W,0,-7.545463,0.21939654648303986,0.8079364895820618,0.2874603271484375
YOR079C,YKR052C,0,-7.5455756,0.21930202841758728,0.8079364895820618,0.28761905431747437
YBL041W,YER104W,0,-7.546106,0.21920758485794067,0.8079364895820618,0.28777778148651123
YGR077C,YMR283C,0,-7.5474696,0.21911321580410004,0.8079364895820618,0.2879365086555481
YDR419W,YGR272C,0,-7.5495434,0.21901893615722656,0.8079364895820618,0.28809523582458496
YDL090C,YHL027W,0,-7.5497017,0.21892473101615906,0.8079364895820618,0.2882539629936218
YIL035C,YDR040C,0,-7.5497956,0.21883061528205872,0.8079364895820618,0.2884126901626587
YKR067W,YKL196C,0,-7.54983,0.21873657405376434,0.8079364895820618,0.28857141733169556
YNL230C,YJL133W,0,-7.5498414,0.21864260733127594,0.8079364895820618,0.2887301445007324
YBR279W,YER031C,0,-7.5499616,0.2185487300157547,0.8079364895820618,0.2888889014720917
YLR117C,YOR188W,0,-7.5502467,0.21845494210720062,0.8079364895820618,0.28904762864112854
YDR028C,YBL025W,0,-7.5504313,0.21836121380329132,0.8079364895820618,0.2892063558101654
YER133W,YBR022W,0,-7.5508533,0.21826757490634918,0.8079364895820618,0.28936508297920227
YJR083C,YCL001W,0,-7.551081,0.2181740254163742,0.8079364895820618,0.28952381014823914
YLR381W,YPL010W,0,-7.5512977,0.2180805504322052,0.8079364895820618,0.289682537317276
YCL016C,YMR117C,0,-7.5516105,0.21798714995384216,0.8079364895820618,0.28984126448631287
YNL042W,YPL097W,0,-7.551857,0.2178938388824463,0.8079364895820618,0.28999999165534973
YFR041C,YJL134W,0,-7.5518775,0.21780060231685638,0.8079364895820618,0.2901587188243866
YDL164C,YJL047C,0,-7.553365,0.21770744025707245,0.8079364895820618,0.29031744599342346
YHR067W,YPL057C,0,-7.5543447,0.21761436760425568,0.8079364895820618,0.2904762029647827
YNR010W,YJR021C,0,-7.5546317,0.21752136945724487,0.8079364895820618,0.2906349301338196
YJR064W,YCR091W,0,-7.5556393,0.21742844581604004,0.8079364895820618,0.29079365730285645
YOR127W,YIL008W,1,-7.5560746,0.21776258945465088,0.8095238208770752,0.29079365730285645
YDR040C,YGL168W,0,-7.5564666,0.21766965091228485,0.8095238208770752,0.2909523844718933
YJL019W,YBR114W,0,-7.558055,0.2175767868757248,0.8095238208770752,0.2911111116409302
YKR055W,YGR192C,0,-7.5580564,0.2174840122461319,0.8095238208770752,0.29126983880996704
YBR084W,YJL093C,0,-7.5581756,0.21739129722118378,0.8095238208770752,0.2914285659790039
YGL025C,YMR106C,0,-7.558555,0.217298686504364,0.8095238208770752,0.29158729314804077
YDL208W,YCR008W,0,-7.5587173,0.21720613539218903,0.8095238208770752,0.29174602031707764
YGR258C,YDR293C,0,-7.5607996,0.21711365878582,0.8095238208770752,0.2919047474861145
YNL078W,YKL035W,0,-7.5609326,0.21702127158641815,0.8095238208770752,0.29206350445747375
YNL106C,YNL090W,0,-7.5614376,0.21692897379398346,0.8095238208770752,0.2922222316265106
YOR023C,YMR243C,0,-7.562122,0.21683673560619354,0.8095238208770752,0.2923809587955475
YIL049W,YGL236C,0,-7.562439,0.2167445868253708,0.8095238208770752,0.29253968596458435
YDR079W,YNR064C,0,-7.562816,0.216652512550354,0.8095238208770752,0.2926984131336212
YDL165W,YHR118C,0,-7.563213,0.2165605127811432,0.8095238208770752,0.2928571403026581
YJL133W,YOR230W,0,-7.5636477,0.21646858751773834,0.8095238208770752,0.29301586747169495
YGL254W,YLR193C,0,-7.563687,0.21637675166130066,0.8095238208770752,0.2931745946407318
YGR041W,YJL003W,0,-7.563976,0.21628499031066895,0.8095238208770752,0.2933333218097687
YGL151W,YNL292W,0,-7.5640645,0.2161933034658432,0.8095238208770752,0.29349204897880554
YLR148W,YHR041C,0,-7.5646214,0.21610169112682343,0.8095238208770752,0.2936508059501648
YNL009W,YJL076W,0,-7.5650077,0.2160101681947708,0.8095238208770752,0.29380953311920166
YOR313C,YGR033C,0,-7.565473,0.21591871976852417,0.8095238208770752,0.2939682602882385
YFR014C,YHL024W,0,-7.5655913,0.2158273309469223,0.8095238208770752,0.2941269874572754
YOL016C,YPL235W,0,-7.5657825,0.2157360464334488,0.8095238208770752,0.29428571462631226
YER108C,YDR009W,0,-7.5660963,0.21564482152462006,0.8095238208770752,0.2944444417953491
YLL022C,YBL058W,0,-7.566127,0.2155536711215973,0.8095238208770752,0.294603168964386
YNL041C,YDL160C,0,-7.566343,0.2154626101255417,0.8095238208770752,0.29476189613342285
YIL051C,YML069W,0,-7.567281,0.21537162363529205,0.8095238208770752,0.2949206233024597
YBR084W,YGL013C,0,-7.5676513,0.2152807116508484,0.8095238208770752,0.2950793504714966
YOR368W,YFL005W,0,-7.567683,0.2151898741722107,0.8095238208770752,0.29523810744285583
YPR093C,YGL113W,0,-7.570615,0.21509911119937897,0.8095238208770752,0.2953968346118927
YJL157C,YDR113C,0,-7.5711055,0.2150084376335144,0.8095238208770752,0.29555556178092957
YIL079C,YLR385C,0,-7.57239,0.21491782367229462,0.8095238208770752,0.29571428894996643
YOR245C,YHR154W,0,-7.573073,0.214827299118042,0.8095238208770752,0.2958730161190033
YNL251C,YML124C,0,-7.5731015,0.21473684906959534,0.8095238208770752,0.29603174328804016
YDL227C,YIL068C,0,-7.5731363,0.21464645862579346,0.8095238208770752,0.296190470457077
YMR116C,YHR111W,1,-7.5731397,0.21497686207294464,0.8111110925674438,0.296190470457077
YOR257W,YCL034W,0,-7.574698,0.21488645672798157,0.8111110925674438,0.2963491976261139
YPL232W,YGR274C,0,-7.575558,0.21479612588882446,0.8111110925674438,0.29650792479515076
YOL064C,YDL190C,0,-7.576485,0.21470588445663452,0.8111110925674438,0.2966666519641876
YFL056C,YIL065C,0,-7.5766892,0.21461570262908936,0.8111110925674438,0.2968254089355469
YHR034C,YDR436W,0,-7.577925,0.21452561020851135,0.8111110925674438,0.29698413610458374
YNL094W,YJL060W,0,-7.5780687,0.21443559229373932,0.8111110925674438,0.2971428632736206
YOR011W,YMR236W,0,-7.5780754,0.21434563398361206,0.8111110925674438,0.29730159044265747
YLR223C,YMR125W,0,-7.5783534,0.21425576508045197,0.8111110925674438,0.29746031761169434
YJR094C,YOR344C,0,-7.578383,0.21416597068309784,0.8111110925674438,0.2976190447807312
YMR068W,YMR137C,0,-7.5787606,0.21407625079154968,0.8111110925674438,0.29777777194976807
YJL089W,YDL159W,1,-7.5789347,0.214405357837677,0.8126984238624573,0.29777777194976807
YPL096C-A,YOL020W,0,-7.579887,0.21431560814380646,0.8126984238624573,0.29793649911880493
YIL159W,YPL139C,0,-7.5812883,0.21422594785690308,0.8126984238624573,0.2980952262878418
YGL201C,YLR425W,0,-7.581673,0.21413634717464447,0.8126984238624573,0.29825395345687866
YIL159W,YIL138C,0,-7.581701,0.21404682099819183,0.8126984238624573,0.2984127104282379
YAL026C,YML069W,0,-7.5817547,0.21395736932754517,0.8126984238624573,0.2985714375972748
YKL213C,YML062C,0,-7.581802,0.21386800706386566,0.8126984238624573,0.29873016476631165
YNL039W,YOR329C,0,-7.5820894,0.21377870440483093,0.8126984238624573,0.2988888919353485
YPR178W,YBR218C,0,-7.5826564,0.21368947625160217,0.8126984238624573,0.2990476191043854
YPR037C,YOR354C,0,-7.5827503,0.21360033750534058,0.8126984238624573,0.29920634627342224
YFL056C,YOR083W,0,-7.582987,0.21351125836372375,0.8126984238624573,0.2993650734424591
YBR026C,YBL093C,0,-7.5832725,0.2134222537279129,0.8126984238624573,0.29952380061149597
YBR254C,YAR035W,0,-7.5836825,0.2133333384990692,0.8126984238624573,0.29968252778053284
YGR167W,YKL062W,0,-7.58379,0.2132444828748703,0.8126984238624573,0.2998412549495697
YBL022C,YIL138C,0,-7.5838227,0.21315570175647736,0.8126984238624573,0.30000001192092896
YOR284W,YGL178W,0,-7.5854983,0.21306699514389038,0.8126984238624573,0.3001587390899658
YOL101C,YJR141W,0,-7.5868115,0.21297836303710938,0.8126984238624573,0.3003174662590027
YHR108W,YGR046W,0,-7.586971,0.21288982033729553,0.8126984238624573,0.30047619342803955
YMR043W,YBR183W,0,-7.58707,0.21280133724212646,0.8126984238624573,0.3006349205970764
YDL174C,YGL061C,0,-7.587501,0.21271291375160217,0.8126984238624573,0.3007936477661133
YHR079C,YBR195C,0,-7.588168,0.21262457966804504,0.8126984238624573,0.30095237493515015
YOR275C,YBR289W,1,-7.5886707,0.2129514366388321,0.8142856955528259,0.30095237493515015
YLR110C,YHR150W,0,-7.588697,0.21286307275295258,0.8142856955528259,0.301111102104187
YJL089W,YBR289W,1,-7.590221,0.21318954229354858,0.8158730268478394,0.301111102104187
YDL033C,YLR313C,0,-7.590746,0.21310116350650787,0.8158730268478394,0.3012698292732239
YHL038C,YCL026C-A,0,-7.593394,0.21301284432411194,0.8158730268478394,0.30142858624458313
YCR089W,YDR477W,1,-7.5935807,0.21333885192871094,0.817460298538208,0.30142858624458313
YDL022W,YBR196C,0,-7.59547,0.2132505178451538,0.817460298538208,0.30158731341362
YFR008W,YPR018W,0,-7.5957603,0.21316225826740265,0.817460298538208,0.30174604058265686
YHL036W,YKL154W,0,-7.5960035,0.21307405829429626,0.817460298538208,0.3019047677516937
YPL179W,YAR007C,0,-7.5971656,0.21298593282699585,0.817460298538208,0.3020634949207306
YDR480W,YHR073W,1,-7.597236,0.21331128478050232,0.8190476298332214,0.3020634949207306
YDL232W,YNL202W,0,-7.5973935,0.2132231444120407,0.8190476298332214,0.30222222208976746
YPR008W,YDR198C,0,-7.5978804,0.21313506364822388,0.8190476298332214,0.3023809492588043
YDL029W,YBR131W,0,-7.5994077,0.2130470722913742,0.8190476298332214,0.3025396764278412
YPL227C,YGR289C,0,-7.599502,0.2129591405391693,0.8190476298332214,0.30269840359687805
YOR349W,YPL176C,0,-7.599856,0.21287128329277039,0.8190476298332214,0.3028571307659149
YDL024C,YBR289W,1,-7.601089,0.21319587528705597,0.8206349015235901,0.3028571307659149
YBL097W,YDL007W,0,-7.6012444,0.21310800313949585,0.8206349015235901,0.30301588773727417
YEL061C,YPL124W,0,-7.6019416,0.2130201905965805,0.8206349015235901,0.30317461490631104
YDR513W,YDL005C,0,-7.60197,0.21293245255947113,0.8206349015235901,0.3033333420753479
YNR044W,YNL250W,0,-7.602177,0.21284478902816772,0.8206349015235901,0.30349206924438477
YAL054C,YJR093C,0,-7.602488,0.2127572000026703,0.8206349015235901,0.30365079641342163
YPL117C,YDL087C,0,-7.6030555,0.21266968548297882,0.8206349015235901,0.3038095235824585
YBR085W,YCL055W,0,-7.6034617,0.21258223056793213,0.8206349015235901,0.30396825075149536
YDL085W,YLL036C,0,-7.6037965,0.2124948650598526,0.8206349015235901,0.3041269779205322
YAL030W,YGL104C,0,-7.6038747,0.21240755915641785,0.8206349015235901,0.3042857050895691
YBR160W,YKR067W,0,-7.6049075,0.21232032775878906,0.8206349015235901,0.30444443225860596
YBL063W,YBL056W,0,-7.604942,0.21223317086696625,0.8206349015235901,0.3046031892299652
YOR080W,YER020W,1,-7.605122,0.21255642175674438,0.8222222328186035,0.3046031892299652
YDL137W,YDR460W,0,-7.605141,0.21246923506259918,0.8222222328186035,0.3047619163990021
YGL021W,YPR111W,0,-7.605461,0.21238212287425995,0.8222222328186035,0.30492064356803894
YPR200C,YPL151C,0,-7.6055083,0.21229508519172668,0.8222222328186035,0.3050793707370758
YDR118W,YGL054C,0,-7.6056094,0.2122081071138382,0.8222222328186035,0.30523809790611267
YMR078C,YNL279W,0,-7.605903,0.21212121844291687,0.8222222328186035,0.30539682507514954
YKL206C,YNL103W,0,-7.6060233,0.21203438937664032,0.8222222328186035,0.3055555522441864
YKL001C,YOR274W,0,-7.607226,0.21194761991500854,0.8222222328186035,0.30571427941322327
YOR371C,YCR084C,1,-7.6076927,0.21226993203163147,0.8238095045089722,0.30571427941322327
YLR176C,YPL002C,0,-7.607855,0.2121831625699997,0.8238095045089722,0.30587300658226013
YIL159W,YJL076W,0,-7.610455,0.2120964378118515,0.8238095045089722,0.306031733751297
YMR316W,YIL008W,1,-7.6106067,0.2124183028936386,0.8253968358039856,0.306031733751297
YDR045C,YLL017W,0,-7.610634,0.21233156323432922,0.8253968358039856,0.30619049072265625
YMR199W,YIL114C,0,-7.6117215,0.2122448980808258,0.8253968358039856,0.3063492178916931
YBR133C,YGR221C,0,-7.612383,0.21215830743312836,0.8253968358039856,0.30650794506073
YJL124C,YJR059W,0,-7.6127944,0.21207177639007568,0.8253968358039856,0.30666667222976685
YER014C-A,YMR179W,0,-7.6128125,0.21198531985282898,0.8253968358039856,0.3068253993988037
YOL078W,YKL204W,0,-7.6130023,0.21189893782138824,0.8253968358039856,0.3069841265678406
YOR099W,YKL150W,0,-7.613875,0.21181263029575348,0.8253968358039856,0.30714285373687744
YML113W,YBR201W,0,-7.6156363,0.2117263823747635,0.8253968358039856,0.3073015809059143
YDR206W,YBR223C,0,-7.6165123,0.21164020895957947,0.8253968358039856,0.30746030807495117
YBR039W,YDR311W,0,-7.616842,0.21155411005020142,0.8253968358039856,0.30761903524398804
YKL152C,YEL037C,0,-7.6171823,0.21146807074546814,0.8253968358039856,0.3077777922153473
YJR025C,YOL151W,0,-7.6173935,0.21138212084770203,0.8253968358039856,0.30793651938438416
YER061C,YIL131C,0,-7.6174545,0.2112962156534195,0.8253968358039856,0.308095246553421
YOL051W,YNL119W,1,-7.618243,0.21161657571792603,0.8269841074943542,0.308095246553421
YJL207C,YIL017C,0,-7.61877,0.2115306556224823,0.8269841074943542,0.3082539737224579
YLR450W,YMR076C,0,-7.6189017,0.21144481003284454,0.8269841074943542,0.30841270089149475
YAL020C,YCR014C,0,-7.619496,0.21135902404785156,0.8269841074943542,0.3085714280605316
YNL130C,YNR052C,0,-7.619731,0.21127331256866455,0.8269841074943542,0.3087301552295685
YPR199C,YMR255W,0,-7.6197333,0.2111876755952835,0.8269841074943542,0.30888888239860535
YJR092W,YBR097W,0,-7.619837,0.21110211312770844,0.8269841074943542,0.3090476095676422
YPL133C,YLR026C,0,-7.6202908,0.21101661026477814,0.8269841074943542,0.3092063367366791
YJL100W,YDR484W,0,-7.62084,0.21093116700649261,0.8269841074943542,0.30936509370803833
YJL008C,YIL017C,0,-7.621,0.21084581315517426,0.8269841074943542,0.3095238208770752
YCR094W,YLR266C,0,-7.621817,0.21076051890850067,0.8269841074943542,0.30968254804611206
YJL024C,YDR022C,0,-7.6218214,0.21067529916763306,0.8269841074943542,0.3098412752151489
YGR216C,YPR133W-A,0,-7.6232677,0.21059013903141022,0.8269841074943542,0.3100000023841858
YLR008C,YIL017C,0,-7.623336,0.21050505340099335,0.8269841074943542,0.31015872955322266
YJR089W,YOR049C,0,-7.623937,0.21042002737522125,0.8269841074943542,0.3103174567222595
YKL017C,YLR263W,0,-7.624288,0.21033507585525513,0.8269841074943542,0.3104761838912964
YMR319C,YDL116W,0,-7.6253643,0.21025019884109497,0.8269841074943542,0.31063491106033325
YIL132C,YBR117C,0,-7.625658,0.21016539633274078,0.8269841074943542,0.3107936382293701
YOR116C,YML001W,0,-7.62611,0.21008063852787018,0.8269841074943542,0.31095239520072937
YBL099W,YJR103W,0,-7.6273,0.20999597012996674,0.8269841074943542,0.31111112236976624
YNR016C,YGR119C,0,-7.6284223,0.20991136133670807,0.8269841074943542,0.3112698495388031
YKL192C,YGL183C,0,-7.628531,0.20982682704925537,0.8269841074943542,0.31142857670783997
YIL124W,YLR314C,0,-7.629391,0.20974235236644745,0.8269841074943542,0.31158730387687683
YJL178C,YGR211W,0,-7.629502,0.2096579521894455,0.8269841074943542,0.3117460310459137
YMR135C,YFR031C,0,-7.6311984,0.20957361161708832,0.8269841074943542,0.31190475821495056
YFR002W,YBR279W,0,-7.631315,0.2094893455505371,0.8269841074943542,0.3120634853839874
YEL037C,YHR008C,0,-7.6317315,0.20940513908863068,0.8269841074943542,0.3122222125530243
YKL025C,YOR254C,0,-7.6324663,0.2093210071325302,0.8269841074943542,0.31238093972206116
YLL015W,YDR420W,0,-7.6331663,0.20923694968223572,0.8269841074943542,0.3125396966934204
YDR231C,YMR023C,0,-7.633213,0.209152951836586,0.8269841074943542,0.3126984238624573
YBR089C-A,YIL030C,0,-7.6334276,0.20906901359558105,0.8269841074943542,0.31285715103149414
YPR057W,YJL207C,0,-7.6340227,0.20898516476154327,0.8269841074943542,0.313015878200531
YML004C,YPR108W,0,-7.6341243,0.20890136063098907,0.8269841074943542,0.31317460536956787
YAL015C,YCL069W,0,-7.634204,0.20881763100624084,0.8269841074943542,0.31333333253860474
YGL016W,YML069W,0,-7.6353416,0.20873397588729858,0.8269841074943542,0.3134920597076416
YPL131W,YPL138C,0,-7.6373744,0.2086503803730011,0.8269841074943542,0.31365078687667847
YGR258C,YML131W,0,-7.6377945,0.20856685936450958,0.8269841074943542,0.31380951404571533
YLL004W,YLR200W,0,-7.6387753,0.20848339796066284,0.8269841074943542,0.3139682412147522
YOR047C,YOR081C,0,-7.638789,0.20839999616146088,0.8269841074943542,0.31412699818611145
YPL076W,YDR317W,0,-7.6388426,0.20831666886806488,0.8269841074943542,0.3142857253551483
YGL054C,YLR116W,0,-7.639298,0.20823341608047485,0.8269841074943542,0.3144444525241852
YOR031W,YPL028W,0,-7.639347,0.2081502228975296,0.8269841074943542,0.31460317969322205
YOR011W,YOL158C,0,-7.639582,0.20806708931922913,0.8269841074943542,0.3147619068622589
YBR233W-A,YDL092W,0,-7.6396556,0.20798403024673462,0.8269841074943542,0.3149206340312958
YIR019C,YCR084C,1,-7.6397185,0.20830008387565613,0.8285714387893677,0.3149206340312958
YEL003W,YIL173W,0,-7.640496,0.20821699500083923,0.8285714387893677,0.31507936120033264
YPL049C,YIL008W,1,-7.6406703,0.2085326910018921,0.8301587104797363,0.31507936120033264
YCR028C,YER111C,0,-7.64134,0.208449587225914,0.8301587104797363,0.3152380883693695
YPL156C,YJL145W,0,-7.641607,0.2083665281534195,0.8301587104797363,0.31539681553840637
YOR113W,YNL099C,0,-7.642799,0.20828355848789215,0.8301587104797363,0.31555554270744324
YGR118W,YHR056C,0,-7.6429315,0.2082006335258484,0.8301587104797363,0.3157142996788025
YHR116W,YKR019C,0,-7.6431575,0.2081177830696106,0.8301587104797363,0.31587302684783936
YOL020W,YOL006C,0,-7.644709,0.20803500711917877,0.8301587104797363,0.3160317540168762
YPL096C-A,YAL023C,0,-7.6452136,0.20795229077339172,0.8301587104797363,0.3161904811859131
YDL137W,YPL096C-A,0,-7.6454043,0.20786963403224945,0.8301587104797363,0.31634920835494995
YNL334C,YGR002C,0,-7.645715,0.20778705179691315,0.8301587104797363,0.3165079355239868
YJL165C,YKL053C-A,0,-7.6463633,0.20770452916622162,0.8301587104797363,0.3166666626930237
YLR417W,YDR306C,0,-7.6465325,0.20762206614017487,0.8301587104797363,0.31682538986206055
YBR100W,YBR256C,0,-7.6467032,0.20753967761993408,0.8301587104797363,0.3169841170310974
YMR041C,YGR059W,0,-7.6470065,0.20745736360549927,0.8301587104797363,0.3171428442001343
YLR220W,YOR116C,0,-7.6470094,0.20737509429454803,0.8301587104797363,0.31730160117149353
YGR177C,YOR005C,0,-7.6474333,0.20729289948940277,0.8301587104797363,0.3174603283405304
YPL192C,YJL087C,0,-7.6476274,0.20721077919006348,0.8301587104797363,0.31761905550956726
YDR017C,YDR479C,0,-7.6476884,0.20712871849536896,0.8301587104797363,0.3177777826786041
YNR059W,YJR044C,0,-7.649655,0.2070467174053192,0.8301587104797363,0.317936509847641
YOL033W,YPR101W,0,-7.650951,0.20696477591991425,0.8301587104797363,0.31809523701667786
YGR134W,YML104C,0,-7.6513963,0.20688290894031525,0.8301587104797363,0.3182539641857147
YLR350W,YNL054W,0,-7.6518407,0.20680110156536102,0.8301587104797363,0.3184126913547516
YOR349W,YJL156C,0,-7.652165,0.20671936869621277,0.8301587104797363,0.31857141852378845
YCL035C,YHL034C,0,-7.652744,0.2066376954317093,0.8301587104797363,0.3187301456928253
YJL178C,YCL001W,0,-7.6538672,0.20655608177185059,0.8301587104797363,0.31888890266418457
YDL099W,YDR004W,0,-7.6540785,0.20647454261779785,0.8301587104797363,0.31904762983322144
YGL071W,YKL004W,0,-7.6545057,0.2063930481672287,0.8301587104797363,0.3192063570022583
YOL077W-A,YER065C,0,-7.655955,0.2063116431236267,0.8301587104797363,0.31936508417129517
YOR098C,YKR020W,0,-7.656833,0.2062302827835083,0.8301587104797363,0.31952381134033203
YDR182W,YBR109C,0,-7.656857,0.20614899694919586,0.8301587104797363,0.3196825385093689
YKL007W,YDR080W,0,-7.657006,0.2060677707195282,0.8301587104797363,0.31984126567840576
YJR076C,YMR312W,0,-7.657257,0.2059866040945053,0.8301587104797363,0.3199999928474426
YGL222C,YLR260W,0,-7.6573567,0.2059055119752884,0.8301587104797363,0.3201587200164795
YMR264W,YHR204W,0,-7.657884,0.20582447946071625,0.8301587104797363,0.32031744718551636
YHR143W,YCR080W,0,-7.6578927,0.20574350655078888,0.8301587104797363,0.3204762041568756
YNL288W,YKL179C,0,-7.657938,0.20566260814666748,0.8301587104797363,0.3206349313259125
YMR036C,YBR002C,0,-7.6582446,0.20558175444602966,0.8301587104797363,0.32079365849494934
YDR276C,YIL077C,0,-7.6583314,0.20550097525119781,0.8301587104797363,0.3209523856639862
YDR182W,YDL092W,0,-7.6584754,0.20542027056217194,0.8301587104797363,0.32111111283302307
YOR349W,YDR072C,0,-7.6596684,0.20533961057662964,0.8301587104797363,0.32126984000205994
YBR022W,YPL176C,0,-7.6602216,0.2052590250968933,0.8301587104797363,0.3214285671710968
YDR174W,YDL108W,0,-7.660233,0.20517849922180176,0.8301587104797363,0.32158729434013367
YPR034W,YDL164C,0,-7.660412,0.20509803295135498,0.8301587104797363,0.32174602150917053
YGL143C,YDR297W,0,-7.6609206,0.20501764118671417,0.8301587104797363,0.3219047486782074
YNL268W,YER149C,0,-7.6610665,0.20493730902671814,0.8301587104797363,0.32206350564956665
YAL024C,YML115C,0,-7.6610847,0.20485703647136688,0.8301587104797363,0.3222222328186035
YAL056W,YNL119W,1,-7.661704,0.20516836643218994,0.8317460417747498,0.3222222328186035
YGR262C,YIL035C,0,-7.661881,0.2050880640745163,0.8317460417747498,0.3223809599876404
YNL216W,YER180C-A,0,-7.662681,0.20500782132148743,0.8317460417747498,0.32253968715667725
YBR055C,YIL068C,0,-7.663469,0.20492765307426453,0.8317460417747498,0.3226984143257141
YOR308C,YPL232W,0,-7.6638846,0.2048475444316864,0.8317460417747498,0.322857141494751
YDR176W,YPR113W,0,-7.6642995,0.20476748049259186,0.8317460417747498,0.32301586866378784
YMR081C,YHR015W,0,-7.6645164,0.20468750596046448,0.8317460417747498,0.3231745958328247
YMR316W,YIR019C,1,-7.6646724,0.20499804615974426,0.8333333134651184,0.3231745958328247
YAL026C,YMR292W,0,-7.6656156,0.2049180269241333,0.8333333134651184,0.3233333230018616
YLR081W,YIL042C,0,-7.6656632,0.2048380821943283,0.8333333134651184,0.32349205017089844
YKL179C,YDR420W,0,-7.665992,0.2047581970691681,0.8333333134651184,0.3236508071422577
YMR055C,YDR320C,0,-7.666937,0.20467835664749146,0.8333333134651184,0.32380953431129456
YOR240W,YKL099C,0,-7.6672072,0.2045985907316208,0.8333333134651184,0.3239682614803314
YML129C,YPL139C,0,-7.6674743,0.2045188993215561,0.8333333134651184,0.3241269886493683
YBR086C,YPL133C,0,-7.66808,0.20443925261497498,0.8333333134651184,0.32428571581840515
YLL050C,YBR256C,0,-7.668264,0.20435968041419983,0.8333333134651184,0.324444442987442
YHL048W,YBR081C,0,-7.6687183,0.20428015291690826,0.8333333134651184,0.3246031701564789
YNR075W,YPR141C,0,-7.669022,0.20420069992542267,0.8333333134651184,0.32476189732551575
YBR057C,YLL004W,0,-7.6691556,0.20412130653858185,0.8333333134651184,0.3249206244945526
YFL041W,YHR027C,0,-7.669292,0.2040419727563858,0.8333333134651184,0.3250793516635895
YER088C,YOR060C,0,-7.6695714,0.20396269857883453,0.8333333134651184,0.32523810863494873
YFL029C,YOL094C,0,-7.669587,0.20388349890708923,0.8333333134651184,0.3253968358039856
YOL104C,YER089C,0,-7.669971,0.20380434393882751,0.8333333134651184,0.32555556297302246
YDR036C,YPL270W,0,-7.6707606,0.20372526347637177,0.8333333134651184,0.3257142901420593
YGL003C,YER026C,0,-7.671385,0.2036462426185608,0.8333333134651184,0.3258730173110962
YOL071W,YGL175C,0,-7.6717496,0.2035672813653946,0.8333333134651184,0.32603174448013306
YIL080W,YLL017W,0,-7.671957,0.20348836481571198,0.8333333134651184,0.3261904716491699
YGL240W,YJR049C,0,-7.672914,0.20340953767299652,0.8333333134651184,0.3263491988182068
YLR158C,YER138C,0,-7.6729846,0.20333075523376465,0.8333333134651184,0.32650792598724365
YJL115W,YCR060W,0,-7.6748023,0.20325203239917755,0.8333333134651184,0.3266666531562805
YLR231C,YGR134W,0,-7.6759086,0.20317336916923523,0.8333333134651184,0.32682541012763977
YER025W,YBR077C,0,-7.676378,0.20309478044509888,0.8333333134651184,0.32698413729667664
YJL089W,YOR290C,1,-7.6763883,0.20340293645858765,0.8349206447601318,0.32698413729667664
YKR083C,YOR130C,0,-7.6787753,0.2033243179321289,0.8349206447601318,0.3271428644657135
YLR117C,YOL133W,0,-7.679967,0.20324574410915375,0.8349206447601318,0.32730159163475037
YBR070C,YKL034W,0,-7.6803,0.20316724479198456,0.8349206447601318,0.32746031880378723
YLR131C,YPR081C,0,-7.680323,0.20308880507946014,0.8349206447601318,0.3276190459728241
YDL116W,YBR030W,0,-7.680328,0.2030104249715805,0.8349206447601318,0.32777777314186096
YBR050C,YLR360W,0,-7.680422,0.20293210446834564,0.8349206447601318,0.3279365003108978
YKL192C,YPL256C,0,-7.680435,0.20285384356975555,0.8349206447601318,0.3280952274799347
YHR204W,YLR312C-B,0,-7.680777,0.20277564227581024,0.8349206447601318,0.32825395464897156
YBR131W,YPR016C,0,-7.6809,0.2026975005865097,0.8349206447601318,0.3284127116203308
YLR405W,YOL129W,0,-7.6809297,0.20261941850185394,0.8349206447601318,0.3285714387893677
YBL023C,YGL151W,0,-7.6812863,0.20254139602184296,0.8349206447601318,0.32873016595840454
YBR107C,YGL233W,0,-7.681823,0.20246343314647675,0.8349206447601318,0.3288888931274414
YIL076W,YPR095C,0,-7.6818814,0.2023855298757553,0.8349206447601318,0.32904762029647827
YIL062C,YMR199W,0,-7.6821523,0.20230768620967865,0.8349206447601318,0.32920634746551514
YLR401C,YNL186W,0,-7.682465,0.20222991704940796,0.8349206447601318,0.329365074634552
YBR171W,YLR425W,0,-7.682538,0.20215219259262085,0.8349206447601318,0.32952380180358887
YOR008C,YBR061C,0,-7.6827226,0.20207452774047852,0.8349206447601318,0.32968252897262573
YDR436W,YCL075W,0,-7.6832128,0.20199692249298096,0.8349206447601318,0.3298412561416626
YLR102C,YPR186C,0,-7.6836457,0.20191939175128937,0.8349206447601318,0.33000001311302185
YOR299W,YDR170C,0,-7.6837926,0.20184190571308136,0.8349206447601318,0.3301587402820587
YGL183C,YOL044W,0,-7.6841655,0.20176447927951813,0.8349206447601318,0.3303174674510956
YMR116C,YOR371C,1,-7.684224,0.20207054913043976,0.8365079164505005,0.3303174674510956
YJR001W,YDR362C,0,-7.6845336,0.20199310779571533,0.8365079164505005,0.33047619462013245
YJR131W,YIL061C,0,-7.684715,0.2019157111644745,0.8365079164505005,0.3306349217891693
YBR114W,YBL058W,0,-7.685204,0.20183837413787842,0.8365079164505005,0.3307936489582062
YCL061C,YGR206W,0,-7.685251,0.20176109671592712,0.8365079164505005,0.33095237612724304
YPL179W,YBR253W,0,-7.6859803,0.2016838937997818,0.8365079164505005,0.3311111032962799
YJL117W,YDL084W,0,-7.6860366,0.20160673558712006,0.8365079164505005,0.3312698304653168
YCR077C,YJL222W,0,-7.686156,0.2015296369791031,0.8365079164505005,0.33142855763435364
YOR037W,YGL061C,0,-7.6865697,0.2014525979757309,0.8365079164505005,0.3315873146057129
YOR100C,YLR205C,0,-7.686724,0.20137561857700348,0.8365079164505005,0.33174604177474976
YIL036W,YBR061C,0,-7.687675,0.20129869878292084,0.8365079164505005,0.3319047689437866
YPL149W,YNL036W,0,-7.687712,0.20122183859348297,0.8365079164505005,0.3320634961128235
YBL058W,YLR277C,0,-7.6879525,0.20114503800868988,0.8365079164505005,0.33222222328186035
YCR075C,YPR193C,0,-7.689092,0.20106829702854156,0.8365079164505005,0.3323809504508972
YGR135W,YCR028C-A,0,-7.689472,0.20099161565303802,0.8365079164505005,0.3325396776199341
YML113W,YHR086W,0,-7.6897626,0.20091497898101807,0.8365079164505005,0.33269840478897095
YNL239W,YJL140W,0,-7.690511,0.20083841681480408,0.8365079164505005,0.3328571319580078
YBR272C,YGL092W,0,-7.691187,0.20076189935207367,0.8365079164505005,0.3330158591270447
YNL259C,YGR230W,0,-7.6913543,0.20068545639514923,0.8365079164505005,0.33317461609840393
YPR134W,YGR213C,0,-7.692178,0.20060905814170837,0.8365079164505005,0.3333333432674408
YDR376W,YEL013W,0,-7.6924076,0.2005327194929123,0.8365079164505005,0.33349207043647766
YCR075C,YHR023W,0,-7.6925883,0.200456440448761,0.8365079164505005,0.3336507976055145
YML098W,YGL096W,0,-7.69335,0.20038022100925446,0.8365079164505005,0.3338095247745514
YGL130W,YMR087W,0,-7.693574,0.2003040611743927,0.8365079164505005,0.33396825194358826
YBR042C,YBR295W,0,-7.6939054,0.20022796094417572,0.8365079164505005,0.3341269791126251
YMR048W,YLR116W,0,-7.6942077,0.20015192031860352,0.8365079164505005,0.334285706281662
YER167W,YPL047W,0,-7.696594,0.2000759243965149,0.8365079164505005,0.33444443345069885
YML091C,YPL026C,0,-7.696641,0.20000000298023224,0.8365079164505005,0.3346031606197357
YDR192C,YML052W,0,-7.696659,0.19992412626743317,0.8365079164505005,0.33476191759109497
YIL085C,YLR084C,0,-7.6968026,0.19984830915927887,0.8365079164505005,0.33492064476013184
YNL130C,YIL070C,0,-7.697609,0.19977255165576935,0.8365079164505005,0.3350793719291687
YJR010C-A,YLR337W,0,-7.6981893,0.1996968537569046,0.8365079164505005,0.33523809909820557
YKL073W,YKL086W,0,-7.6988044,0.19962121546268463,0.8365079164505005,0.33539682626724243
YMR021C,YMR224C,0,-7.6990266,0.19954562187194824,0.8365079164505005,0.3355555534362793
YLL031C,YGL151W,0,-7.699139,0.19947010278701782,0.8365079164505005,0.33571428060531616
YIR013C,YKR053C,0,-7.699448,0.19939462840557098,0.8365079164505005,0.335873007774353
YNL264C,YDR183W,0,-7.700354,0.19931921362876892,0.8365079164505005,0.3360317349433899
YLR201C,YIL149C,0,-7.701039,0.19924385845661163,0.8365079164505005,0.33619046211242676
YOR319W,YOR284W,0,-7.7023664,0.19916856288909912,0.8365079164505005,0.336349219083786
YHR115C,YPL135W,0,-7.702995,0.1990933120250702,0.8365079164505005,0.3365079462528229
YDL116W,YDR057W,0,-7.703048,0.19901812076568604,0.8365079164505005,0.33666667342185974
YLR170C,YMR156C,0,-7.703563,0.19894300401210785,0.8365079164505005,0.3368254005908966
YDL105W,YDR004W,0,-7.703852,0.19886793196201324,0.8365079164505005,0.33698412775993347
YOR080W,YBR289W,1,-7.7044325,0.19917012751102448,0.8380952477455139,0.33698412775993347
YGL094C,YOR254C,0,-7.7046866,0.19909502565860748,0.8380952477455139,0.33714285492897034
YJL157C,YMR283C,0,-7.7046933,0.19901998341083527,0.8380952477455139,0.3373015820980072
YNL118C,YJR156C,0,-7.7050095,0.19894498586654663,0.8380952477455139,0.33746030926704407
YJR064W,YLR032W,0,-7.705745,0.19887006282806396,0.8380952477455139,0.33761903643608093
YDR277C,YIL121W,0,-7.7057652,0.19879518449306488,0.8380952477455139,0.3377777636051178
YER008C,YML085C,0,-7.705927,0.19872036576271057,0.8380952477455139,0.33793652057647705
YDL132W,YHR015W,0,-7.706715,0.19864559173583984,0.8380952477455139,0.3380952477455139
YIL085C,YOR313C,0,-7.7067685,0.19857089221477509,0.8380952477455139,0.3382539749145508
YGL238W,YMR139W,0,-7.7072434,0.1984962373971939,0.8380952477455139,0.33841270208358765
YBR289W,YIL008W,1,-7.707335,0.19879744946956635,0.8396825194358826,0.33841270208358765
YBL023C,YIL105C,0,-7.707728,0.19872276484966278,0.8396825194358826,0.3385714292526245
YKL026C,YDL116W,0,-7.707745,0.198648139834404,0.8396825194358826,0.3387301564216614
YKL032C,YGR075C,0,-7.7084317,0.19857357442378998,0.8396825194358826,0.33888888359069824
YDR264C,YMR283C,0,-7.709376,0.19849906861782074,0.8396825194358826,0.3390476107597351
YFL016C,YHL009C,0,-7.709802,0.19842460751533508,0.8396825194358826,0.339206337928772
YLL018C-A,YHR096C,0,-7.71003,0.1983502060174942,0.8396825194358826,0.33936506509780884
YNL271C,YKL049C,0,-7.710936,0.1982758641242981,0.8396825194358826,0.3395238220691681
YLR098C,YDL036C,0,-7.711841,0.19820156693458557,0.8396825194358826,0.33968254923820496
YKL190W,YPR086W,0,-7.711847,0.19812734425067902,0.8396825194358826,0.3398412764072418
YBR179C,YML047C,0,-7.7120337,0.19805316627025604,0.8396825194358826,0.3400000035762787
YKL204W,YHR090C,0,-7.7121787,0.19797904789447784,0.8396825194358826,0.34015873074531555
YKR086W,YOR151C,0,-7.7124662,0.19790497422218323,0.8396825194358826,0.3403174579143524
YMR041C,YOR388C,0,-7.7132335,0.1978309601545334,0.8396825194358826,0.3404761850833893
YPR068C,YNL085W,0,-7.7134604,0.19775700569152832,0.8396825194358826,0.34063491225242615
YFL011W-A,YKL190W,0,-7.713777,0.19768311083316803,0.8396825194358826,0.340793639421463
YEL024W,YLR410W-B,0,-7.713877,0.19760926067829132,0.8396825194358826,0.3409523665904999
YDL149W,YCL066W,0,-7.71405,0.1975354701280594,0.8396825194358826,0.34111112356185913
YCL061C,YLR363C,0,-7.715166,0.19746173918247223,0.8396825194358826,0.341269850730896
YNL288W,YHR079C,0,-7.7159348,0.19738805294036865,0.8396825194358826,0.34142857789993286
YGR216C,YLR138W,0,-7.7161984,0.19731444120407104,0.8396825194358826,0.3415873050689697
YPR179C,YIL030C,0,-7.7170625,0.19724085927009583,0.8396825194358826,0.3417460322380066
YDR079W,YOL072W,0,-7.7172465,0.19716735184192657,0.8396825194358826,0.34190475940704346
YBR008C,YKL017C,0,-7.7178416,0.1970938891172409,0.8396825194358826,0.3420634865760803
YHR073W,YIL008W,1,-7.7184997,0.19739292562007904,0.841269850730896,0.3420634865760803
YLR391W,YOL008W,0,-7.7189965,0.19731943309307098,0.841269850730896,0.3422222137451172
YNL223W,YLR328W,0,-7.7192335,0.1972460001707077,0.841269850730896,0.34238094091415405
YHR024C,YBR136W,0,-7.719756,0.197172611951828,0.841269850730896,0.3425396680831909
YOR080W,YGL045W,1,-7.719879,0.19747117161750793,0.8428571224212646,0.3425396680831909
YBR106W,YPR182W,0,-7.7211995,0.19739776849746704,0.8428571224212646,0.34269842505455017
YCL067C,YLR163C,0,-7.721331,0.19732441008090973,0.8428571224212646,0.34285715222358704
YJR089W,YGL039W,0,-7.7216477,0.1972511112689972,0.8428571224212646,0.3430158793926239
YLR056W,YOR003W,0,-7.722399,0.19717787206172943,0.8428571224212646,0.34317460656166077
YMR026C,YIL126W,0,-7.7227397,0.19710467755794525,0.8428571224212646,0.34333333373069763
YKR063C,YPR002W,0,-7.7234063,0.19703154265880585,0.8428571224212646,0.3434920608997345
YDR488C,YDR334W,0,-7.7242846,0.19695845246315002,0.8428571224212646,0.34365078806877136
YDL102W,YGL025C,0,-7.724668,0.19688542187213898,0.8428571224212646,0.3438095152378082
YKL148C,YPL139C,0,-7.72589,0.1968124508857727,0.8428571224212646,0.3439682424068451
YDR480W,YIR019C,1,-7.7265964,0.19711004197597504,0.8444444537162781,0.3439682424068451
YDR498C,YGL115W,0,-7.72689,0.19703704118728638,0.8444444537162781,0.34412696957588196
YPL265W,YPL270W,0,-7.7271585,0.1969640851020813,0.8444444537162781,0.3442857265472412
YNL230C,YJL098W,0,-7.7274737,0.196891188621521,0.8444444537162781,0.3444444537162781
YDR439W,YGL249W,0,-7.728279,0.19681835174560547,0.8444444537162781,0.34460318088531494
YGR108W,YMR216C,0,-7.7283187,0.19674555957317352,0.8444444537162781,0.3447619080543518
YDR072C,YJL034W,0,-7.7284093,0.19667282700538635,0.8444444537162781,0.34492063522338867
YJR105W,YNL032W,0,-7.728453,0.19660015404224396,0.8444444537162781,0.34507936239242554
YDL149W,YKR072C,0,-7.7284746,0.19652752578258514,0.8444444537162781,0.3452380895614624
YER016W,YGL254W,0,-7.729602,0.1964549422264099,0.8444444537162781,0.34539681673049927
YNL099C,YLR032W,0,-7.729819,0.19638243317604065,0.8444444537162781,0.34555554389953613
YOR002W,YLR368W,0,-7.730212,0.19630996882915497,0.8444444537162781,0.345714271068573
YPR198W,YMR210W,0,-7.7306733,0.19623754918575287,0.8444444537162781,0.34587302803993225
YBR201W,YNL311C,0,-7.730977,0.19616518914699554,0.8444444537162781,0.3460317552089691
YKL185W,YPR133W-A,0,-7.732021,0.196092888712883,0.8444444537162781,0.346190482378006
YLR220W,YOL026C,0,-7.732311,0.19602063298225403,0.8444444537162781,0.34634920954704285
YDR281C,YIR008C,0,-7.733434,0.19594843685626984,0.8444444537162781,0.3465079367160797
YPR005C,YLL056C,0,-7.7338185,0.19587628543376923,0.8444444537162781,0.3466666638851166
YKR067W,YNL066W,0,-7.7339745,0.1958041936159134,0.8444444537162781,0.34682539105415344
YGR092W,YKR063C,0,-7.7343802,0.19573216140270233,0.8444444537162781,0.3469841182231903
YLR238W,YOR057W,0,-7.7355466,0.19566017389297485,0.8444444537162781,0.3471428453922272
YNR030W,YLR020C,0,-7.735613,0.19558823108673096,0.8444444537162781,0.34730157256126404
YOR150W,YIL109C,0,-7.7357574,0.19551634788513184,0.8444444537162781,0.3474603295326233
YCR067C,YLR212C,0,-7.7367067,0.1954445242881775,0.8444444537162781,0.34761905670166016
YGL192W,YLR166C,0,-7.7370286,0.19537274539470673,0.8444444537162781,0.347777783870697
YKL182W,YAL051W,0,-7.7373238,0.19530102610588074,0.8444444537162781,0.3479365110397339
YKL002W,YBR060C,0,-7.737845,0.19522935152053833,0.8444444537162781,0.34809523820877075
YER025W,YDR150W,0,-7.7378564,0.1951577365398407,0.8444444537162781,0.3482539653778076
YER072W,YKL075C,0,-7.7378573,0.19508618116378784,0.8444444537162781,0.3484126925468445
YAL024C,YKL025C,0,-7.73865,0.19501465559005737,0.8444444537162781,0.34857141971588135
YNL202W,YGR099W,0,-7.7391663,0.19494320452213287,0.8444444537162781,0.3487301468849182
YPL181W,YLR383W,0,-7.739511,0.19487179815769196,0.8444444537162781,0.3488888740539551
YLR226W,YGR036C,0,-7.739653,0.19480043649673462,0.8444444537162781,0.34904763102531433
YAL012W,YGR056W,0,-7.7410607,0.19472913444042206,0.8444444537162781,0.3492063581943512
YAL021C,YNL160W,0,-7.7418756,0.19465789198875427,0.8444444537162781,0.34936508536338806
YNL325C,YDL006W,0,-7.742988,0.19458667933940887,0.8444444537162781,0.3495238125324249
YER155C,YIL159W,0,-7.7430186,0.19451554119586945,0.8444444537162781,0.3496825397014618
YER109C,YJL076W,0,-7.7438493,0.1944444477558136,0.8444444537162781,0.34984126687049866
YGR216C,YEL050C,0,-7.7445235,0.19437339901924133,0.8444444537162781,0.3499999940395355
YCR075C,YBR283C,0,-7.74595,0.19430240988731384,0.8444444537162781,0.3501587212085724
YOR221C,YOL122C,0,-7.7460923,0.19423146545886993,0.8444444537162781,0.35031744837760925
YML091C,YGR033C,0,-7.7466984,0.1941605806350708,0.8444444537162781,0.3504762053489685
YNR048W,YOR129C,0,-7.747735,0.19408975541591644,0.8444444537162781,0.35063493251800537
YDR469W,YDR086C,0,-7.7478504,0.19401895999908447,0.8444444537162781,0.35079365968704224
YCR088W,YGR288W,0,-7.7480173,0.19394823908805847,0.8444444537162781,0.3509523868560791
YER030W,YGL144C,0,-7.7480597,0.19387754797935486,0.8444444537162781,0.35111111402511597
YPR019W,YIR004W,0,-7.74827,0.19380691647529602,0.8444444537162781,0.35126984119415283
YLR160C,YMR030W,0,-7.748827,0.19373634457588196,0.8444444537162781,0.3514285683631897
YOL082W,YMR156C,0,-7.748984,0.19366581737995148,0.8444444537162781,0.35158729553222656
YNL071W,YLR032W,0,-7.7490535,0.19359533488750458,0.8444444537162781,0.3517460227012634
YDR323C,YBL007C,0,-7.749684,0.19352491199970245,0.8444444537162781,0.3519047498703003
YFL035C,YDL216C,0,-7.7498837,0.1934545487165451,0.8444444537162781,0.35206350684165955
YGL051W,YBL052C,0,-7.7499523,0.19338423013687134,0.8444444537162781,0.3522222340106964
YEL031W,YPL176C,0,-7.750665,0.19331395626068115,0.8444444537162781,0.3523809611797333
YHR043C,YLR410W,0,-7.751342,0.19324372708797455,0.8444444537162781,0.35253968834877014
YIL140W,YJL036W,0,-7.7516475,0.1931735724210739,0.8444444537162781,0.352698415517807
YJR040W,YDR464W,0,-7.7524123,0.19310344755649567,0.8444444537162781,0.35285714268684387
YDR524C,YLR313C,0,-7.752524,0.1930333822965622,0.8444444537162781,0.35301586985588074
YAL013W,YMR183C,0,-7.7535853,0.1929633617401123,0.8444444537162781,0.3531745970249176
YOR299W,YLR043C,0,-7.7536645,0.1928934007883072,0.8444444537162781,0.35333332419395447
YJL165C,YHL003C,0,-7.7537446,0.19282348453998566,0.8444444537162781,0.35349205136299133
YPL053C,YDL116W,0,-7.7548757,0.1927536278963089,0.8444444537162781,0.3536508083343506
YFL050C,YHR055C,0,-7.755403,0.19268381595611572,0.8444444537162781,0.35380953550338745
YHL047C,YKL028W,0,-7.7561927,0.19261404871940613,0.8444444537162781,0.3539682626724243
YHR200W,YDR289C,0,-7.756417,0.1925443410873413,0.8444444537162781,0.3541269898414612
YAL056W,YJL089W,1,-7.7573867,0.1928364634513855,0.8460317254066467,0.3541269898414612
YMR080C,YPR125W,0,-7.758123,0.1927667260169983,0.8460317254066467,0.35428571701049805
YMR213W,YKL117W,0,-7.7585483,0.19269703328609467,0.8460317254066467,0.3544444441795349
YLR106C,YIL039W,0,-7.7599907,0.19262740015983582,0.8460317254066467,0.3546031713485718
YNL163C,YDL194W,0,-7.7600083,0.19255779683589935,0.8460317254066467,0.35476189851760864
YMR116C,YPL049C,1,-7.760508,0.19284939765930176,0.8476190567016602,0.35476189851760864
YIL085C,YDR314C,0,-7.760767,0.1927797794342041,0.8476190567016602,0.3549206256866455
YGL208W,YIL008W,1,-7.760903,0.19307109713554382,0.8492063283920288,0.3549206256866455
YDL166C,YBR107C,0,-7.761213,0.19300144910812378,0.8492063283920288,0.3550793528556824
YPL061W,YDR545W,0,-7.7612195,0.19293184578418732,0.8492063283920288,0.3552381098270416
YGR169C,YHR178W,0,-7.761289,0.19286228716373444,0.8492063283920288,0.3553968369960785
YPR189W,YKL041W,0,-7.7621617,0.19279278814792633,0.8492063283920288,0.35555556416511536
YOR299W,YER026C,0,-7.7636,0.192723348736763,0.8492063283920288,0.3557142913341522
YOR321W,YBR169C,0,-7.7636657,0.19265393912792206,0.8492063283920288,0.3558730185031891
YDR450W,YHL022C,0,-7.764004,0.1925845891237259,0.8492063283920288,0.35603174567222595
YHR019C,YMR238W,0,-7.765472,0.1925152987241745,0.8492063283920288,0.3561904728412628
YBR009C,YDR312W,0,-7.7655797,0.1924460381269455,0.8492063283920288,0.3563492000102997
YBL079W,YNL007C,0,-7.7656264,0.19237683713436127,0.8492063283920288,0.35650792717933655
YDR231C,YOR100C,0,-7.765981,0.19230769574642181,0.8492063283920288,0.3566666543483734
YOR025W,YIL147C,0,-7.766534,0.19223858416080475,0.8492063283920288,0.35682541131973267
YPR075C,YGR129W,0,-7.767223,0.19216954708099365,0.8492063283920288,0.35698413848876953
YPR128C,YBR159W,0,-7.7674794,0.19210053980350494,0.8492063283920288,0.3571428656578064
YNL288W,YJL061W,0,-7.7679753,0.192031592130661,0.8492063283920288,0.35730159282684326
YGR177C,YHR086W,0,-7.768436,0.19196268916130066,0.8492063283920288,0.3574603199958801
YDR244W,YPL152W,0,-7.7686496,0.1918938308954239,0.8492063283920288,0.357619047164917
YHL003C,YDR378C,0,-7.768933,0.1918250322341919,0.8492063283920288,0.35777777433395386
YOR241W,YCL008C,0,-7.7694674,0.19175627827644348,0.8492063283920288,0.3579365015029907
YGL175C,YLR034C,0,-7.7699137,0.19168756902217865,0.8492063283920288,0.3580952286720276
YBR297W,YGL039W,0,-7.770099,0.1916189044713974,0.8492063283920288,0.35825395584106445
YGR227W,YML023C,0,-7.7707586,0.19155029952526093,0.8492063283920288,0.3584127128124237
YML062C,YIL048W,0,-7.771046,0.19148173928260803,0.8492063283920288,0.35857143998146057
YDR153C,YMR088C,0,-7.7717624,0.19141323864459991,0.8492063283920288,0.35873016715049744
YDR055W,YPR191W,0,-7.7719913,0.19134478271007538,0.8492063283920288,0.3588888943195343
YOR185C,YFL013C,0,-7.772268,0.19127637147903442,0.8492063283920288,0.35904762148857117
YDR337W,YBR273C,0,-7.772647,0.19120800495147705,0.8492063283920288,0.35920634865760803
YIR023W,YNL068C,0,-7.773085,0.19113969802856445,0.8492063283920288,0.3593650758266449
YCR092C,YML019W,0,-7.7736683,0.19107143580913544,0.8492063283920288,0.35952380299568176
YDR192C,YHR178W,0,-7.773761,0.19100321829319,0.8492063283920288,0.35968253016471863
YOL008W,YOR321W,0,-7.775112,0.19093504548072815,0.8492063283920288,0.3598412573337555
YPR179C,YCR024C-A,0,-7.775394,0.19086693227291107,0.8492063283920288,0.36000001430511475
YHR059W,YHR005C,0,-7.775514,0.19079886376857758,0.8492063283920288,0.3601587414741516
YIR019C,YIL008W,1,-7.7759576,0.19108735024929047,0.8507936596870422,0.3601587414741516
YNL159C,YDR052C,0,-7.7768717,0.1910192370414734,0.8507936596870422,0.3603174686431885
YGR057C,YKL034W,0,-7.7769794,0.19095119833946228,0.8507936596870422,0.36047619581222534
YDR077W,YMR273C,0,-7.7770796,0.19088318943977356,0.8507936596870422,0.3606349229812622
YDR459C,YJL117W,0,-7.777292,0.19081524014472961,0.8507936596870422,0.3607936501502991
YMR277W,YBR093C,0,-7.777515,0.19074733555316925,0.8507936596870422,0.36095237731933594
YLR216C,YHL006C,0,-7.777791,0.19067947566509247,0.8507936596870422,0.3611111044883728
YMR220W,YJL127C,0,-7.778045,0.19061166048049927,0.8507936596870422,0.36126983165740967
YPL059W,YDR091C,0,-7.778648,0.19054390490055084,0.8507936596870422,0.36142855882644653
YGR289C,YHR165C,0,-7.7787995,0.190476194024086,0.8507936596870422,0.3615873157978058
YBR168W,YPL193W,0,-7.7790694,0.19040852785110474,0.8507936596870422,0.36174604296684265
YNL008C,YKL095W,0,-7.7793202,0.19034090638160706,0.8507936596870422,0.3619047701358795
YJL076W,YKL034W,0,-7.780088,0.19027334451675415,0.8507936596870422,0.3620634973049164
YHR143W,YGR220C,0,-7.781504,0.19020581245422363,0.8507936596870422,0.36222222447395325
YDL226C,YPL125W,0,-7.781603,0.1901383399963379,0.8507936596870422,0.3623809516429901
YML062C,YOR328W,0,-7.782194,0.19007092714309692,0.8507936596870422,0.362539678812027
YJL060W,YGL151W,0,-7.782956,0.19000354409217834,0.8507936596870422,0.36269840598106384
YDR276C,YGR251W,0,-7.783296,0.18993622064590454,0.8507936596870422,0.3628571331501007
YNL031C,YLR176C,0,-7.783303,0.18986892700195312,0.8507936596870422,0.3630158603191376
YDR174W,YOR344C,0,-7.7837853,0.18980169296264648,0.8507936596870422,0.3631746172904968
YKL052C,YCR042C,0,-7.783962,0.18973451852798462,0.8507936596870422,0.3633333444595337
YJR094C,YOR338W,0,-7.784738,0.18966737389564514,0.8507936596870422,0.36349207162857056
YKL013C,YMR006C,0,-7.785599,0.18960028886795044,0.8507936596870422,0.3636507987976074
YMR065W,YNR031C,0,-7.789703,0.18953323364257812,0.8507936596870422,0.3638095259666443
YGR206W,YPL122C,0,-7.7900014,0.18946623802185059,0.8507936596870422,0.36396825313568115
YNL103W,YNL090W,0,-7.7902927,0.18939928710460663,0.8507936596870422,0.364126980304718
YGL222C,YDR379W,0,-7.79052,0.18933239579200745,0.8507936596870422,0.3642857074737549
YGL130W,YJR120W,0,-7.7906938,0.18926553428173065,0.8507936596870422,0.36444443464279175
YNL219C,YNL239W,0,-7.790696,0.18919873237609863,0.8507936596870422,0.3646031618118286
YLR423C,YML103C,0,-7.791215,0.1891319751739502,0.8507936596870422,0.36476191878318787
YLR229C,YIR019C,1,-7.7919497,0.1894179880619049,0.8523809313774109,0.36476191878318787
YDR082W,YIL144W,0,-7.791989,0.18935120105743408,0.8523809313774109,0.36492064595222473
YAL038W,YCL034W,0,-7.7927756,0.18928445875644684,0.8523809313774109,0.3650793731212616
YNL023C,YJR093C,0,-7.792779,0.18921776115894318,0.8523809313774109,0.36523810029029846
YDR498C,YLR020C,0,-7.793011,0.1891511082649231,0.8523809313774109,0.3653968274593353
YMR055C,YKL119C,0,-7.793132,0.1890845000743866,0.8523809313774109,0.3655555546283722
YCL055W,YFR051C,0,-7.793813,0.18901795148849487,0.8523809313774109,0.36571428179740906
YNL041C,YPR140W,0,-7.7949986,0.18895144760608673,0.8523809313774109,0.3658730089664459
YDL098C,YIL135C,0,-7.795021,0.18888497352600098,0.8523809313774109,0.3660317361354828
YNL041C,YOL151W,0,-7.7968335,0.18881855905056,0.8523809313774109,0.36619046330451965
YPL255W,YDR486C,0,-7.7973795,0.1887522041797638,0.8523809313774109,0.3663492202758789
YJL076W,YDL052C,0,-7.7978864,0.18868587911128998,0.8523809313774109,0.36650794744491577
YDR480W,YNL294C,1,-7.7978864,0.18897084891796112,0.8539682626724243,0.36650794744491577
YPR018W,YOL072W,0,-7.7983136,0.18890449404716492,0.8539682626724243,0.36666667461395264
YJR002W,YPR107C,0,-7.7990513,0.1888381838798523,0.8539682626724243,0.3668254017829895
YGL142C,YGR101W,0,-7.8006988,0.18877193331718445,0.8539682626724243,0.36698412895202637
YNL119W,YHR111W,1,-7.801154,0.18905647099018097,0.855555534362793,0.36698412895202637
YNL003C,YBL100W-A,0,-7.8011613,0.18899017572402954,0.855555534362793,0.36714285612106323
YOR284W,YPL214C,0,-7.80118,0.1889239400625229,0.855555534362793,0.3673015832901001
YLR117C,YBR228W,0,-7.8014894,0.18885774910449982,0.855555534362793,0.36746031045913696
YCL061C,YGL212W,0,-7.802274,0.18879158794879913,0.855555534362793,0.36761903762817383
YDR376W,YLR263W,0,-7.8023458,0.18872548639774323,0.855555534362793,0.3677777647972107
YPR023C,YDR027C,0,-7.8024917,0.1886594295501709,0.855555534362793,0.36793652176856995
YBR215W,YDR323C,0,-7.80278,0.18859341740608215,0.855555534362793,0.3680952489376068
YMR250W,YOR338W,0,-7.8029103,0.188527449965477,0.855555534362793,0.3682539761066437
YDR375C,YMR299C,0,-7.8047385,0.1884615421295166,0.855555534362793,0.36841270327568054
YNR016C,YHR074W,0,-7.8048935,0.1883956640958786,0.855555534362793,0.3685714304447174
YML103C,YMR088C,0,-7.805599,0.18832984566688538,0.855555534362793,0.3687301576137543
YOR039W,YDR037W,0,-7.805822,0.18826405704021454,0.855555534362793,0.36888888478279114
YEL042W,YDR077W,0,-7.806486,0.18819832801818848,0.855555534362793,0.369047611951828
YKL208W,YPL163C,0,-7.8065796,0.1881326287984848,0.855555534362793,0.36920633912086487
YGR225W,YHR197W,0,-7.806648,0.1880669891834259,0.855555534362793,0.36936506628990173
YKL043W,YDL212W,0,-7.806651,0.18800139427185059,0.855555534362793,0.369523823261261
YAR007C,YBR273C,0,-7.8067136,0.18793584406375885,0.855555534362793,0.36968255043029785
YDR480W,YDR392W,1,-7.8083096,0.188218891620636,0.8571428656578064,0.36968255043029785
YGR262C,YNL036W,0,-7.8087287,0.18815331161022186,0.8571428656578064,0.3698412775993347
YGL166W,YOL065C,0,-7.808854,0.18808777630329132,0.8571428656578064,0.3700000047683716
YGL209W,YLR312C-B,0,-7.8089046,0.18802228569984436,0.8571428656578064,0.37015873193740845
YDL230W,YHR084W,1,-7.808973,0.18830490112304688,0.858730137348175,0.37015873193740845
YJL024C,YLR007W,0,-7.809998,0.18823938071727753,0.858730137348175,0.3703174591064453
YGL013C,YJL222W,0,-7.810475,0.18817391991615295,0.858730137348175,0.3704761862754822
YDR189W,YDR407C,0,-7.811177,0.18810848891735077,0.858730137348175,0.37063491344451904
YDL160C,YNL256W,0,-7.8120146,0.18804310262203217,0.858730137348175,0.3707936406135559
YJR094C,YGL096W,0,-7.8120227,0.18797776103019714,0.858730137348175,0.3709523677825928
YBL085W,YJL128C,0,-7.813206,0.1879124641418457,0.858730137348175,0.371111124753952
YOR239W,YLR363C,0,-7.813424,0.18784722685813904,0.858730137348175,0.3712698519229889
YNR052C,YKL045W,0,-7.8137484,0.18778201937675476,0.858730137348175,0.37142857909202576
YNL003C,YLR312C-B,0,-7.81403,0.18771685659885406,0.858730137348175,0.3715873062610626
YDR379W,YBR284W,0,-7.8143287,0.18765175342559814,0.858730137348175,0.3717460334300995
YCR020W-B,YPR178W,0,-7.8144364,0.1875866800546646,0.858730137348175,0.37190476059913635
YDR240C,YPL019C,0,-7.815754,0.18752166628837585,0.858730137348175,0.3720634877681732
YMR116C,YMR316W,1,-7.8160095,0.18780319392681122,0.8603174686431885,0.3720634877681732
YIR002C,YLR313C,0,-7.81613,0.18773813545703888,0.8603174686431885,0.3722222149372101
YMR116C,YOR212W,1,-7.8162646,0.18801939487457275,0.8619047403335571,0.3722222149372101
YMR184W,YBL023C,0,-7.8165584,0.18795430660247803,0.8619047403335571,0.37238094210624695
YAR033W,YAR035W,0,-7.8167224,0.18788927793502808,0.8619047403335571,0.3725396692752838
YGR193C,YPR140W,0,-7.8174124,0.1878242790699005,0.8619047403335571,0.37269842624664307
YJL006C,YBL007C,0,-7.81742,0.18775933980941772,0.8619047403335571,0.37285715341567993
YDR301W,YJL003W,0,-7.817918,0.18769443035125732,0.8619047403335571,0.3730158805847168
YML006C,YGL100W,0,-7.8185015,0.1876295804977417,0.8619047403335571,0.37317460775375366
YGR227W,YNR043W,0,-7.818653,0.18756476044654846,0.8619047403335571,0.3733333349227905
YKL206C,YDR447C,0,-7.8199897,0.1875,0.8619047403335571,0.3734920620918274
YKL013C,YGR253C,0,-7.820154,0.18743528425693512,0.8619047403335571,0.37365078926086426
YHR107C,YGR275W,0,-7.8209076,0.18737059831619263,0.8619047403335571,0.3738095164299011
YOR327C,YJL114W,0,-7.82149,0.1873059719800949,0.8619047403335571,0.373968243598938
YKR067W,YOR353C,0,-7.8216124,0.18724137544631958,0.8619047403335571,0.37412697076797485
YOL122C,YPL033C,0,-7.8222632,0.18717683851718903,0.8619047403335571,0.3742857277393341
YER014C-A,YDL055C,0,-7.8223205,0.18711233139038086,0.8619047403335571,0.37444445490837097
YPL196W,YGR275W,0,-7.8224998,0.18704788386821747,0.8619047403335571,0.37460318207740784
YIL014W,YLR138W,0,-7.8230643,0.18698346614837646,0.8619047403335571,0.3747619092464447
YBR050C,YDR478W,0,-7.8231196,0.18691910803318024,0.8619047403335571,0.37492063641548157
YER028C,YPL082C,0,-7.823689,0.1868547797203064,0.8619047403335571,0.37507936358451843
YER168C,YDL019C,0,-7.8237767,0.18679051101207733,0.8619047403335571,0.3752380907535553
YHR084W,YIL008W,1,-7.824372,0.18707014620304108,0.8634920716285706,0.3752380907535553
YLR361C,YHR160C,0,-7.8247933,0.18700584769248962,0.8634920716285706,0.37539681792259216
YGL213C,YGR099W,0,-7.8255157,0.18694157898426056,0.8634920716285706,0.37555554509162903
YML013W,YGR048W,0,-7.825544,0.18687735497951508,0.8634920716285706,0.3757142722606659
YBR202W,YHL048W,0,-7.826982,0.18681319057941437,0.8634920716285706,0.37587302923202515
YIL124W,YDL065C,0,-7.8271127,0.18674905598163605,0.8634920716285706,0.376031756401062
YIL009C-A,YOL044W,0,-7.8277736,0.1866849660873413,0.8634920716285706,0.3761904835700989
YLR386W,YML097C,0,-7.8284316,0.18662092089653015,0.8634920716285706,0.37634921073913574
YMR072W,YBR142W,0,-7.8284993,0.18655692040920258,0.8634920716285706,0.3765079379081726
YER143W,YBR215W,0,-7.8288007,0.18649297952651978,0.8634920716285706,0.3766666650772095
YMR135C,YGL094C,0,-7.829137,0.18642906844615936,0.8634920716285706,0.37682539224624634
YLR163C,YGR004W,0,-7.82922,0.18636518716812134,0.8634920716285706,0.3769841194152832
YGL238W,YMR283C,0,-7.8308682,0.1863013654947281,0.8634920716285706,0.37714284658432007
YDR379W,YPL124W,0,-7.831547,0.18623758852481842,0.8634920716285706,0.37730157375335693
YER127W,YDL056W,0,-7.8318915,0.18617385625839233,0.8634920716285706,0.3774603307247162
YLL061W,YPL153C,0,-7.8327184,0.18611015379428864,0.8634920716285706,0.37761905789375305
YGR231C,YDR498C,0,-7.8335195,0.1860465109348297,0.8634920716285706,0.3777777850627899
YER157W,YML129C,0,-7.833761,0.18598291277885437,0.8634920716285706,0.3779365122318268
YIL159W,YOL067C,0,-7.8342376,0.18591934442520142,0.8634920716285706,0.37809523940086365
YGR082W,YOR083W,0,-7.8359647,0.18585582077503204,0.8634920716285706,0.3782539665699005
YNL270C,YDR434W,0,-7.8369737,0.18579235672950745,0.8634920716285706,0.3784126937389374
YFL041W,YKR065C,0,-7.836999,0.18572892248630524,0.8634920716285706,0.37857142090797424
YLR145W,YAR042W,0,-7.8374085,0.1856655329465866,0.8634920716285706,0.3787301480770111
YNL119W,YOR290C,1,-7.8379054,0.1859433650970459,0.8650793433189392,0.3787301480770111
YNL317W,YLR268W,0,-7.8379087,0.18587994575500488,0.8650793433189392,0.378888875246048
YBR253W,YOR083W,0,-7.8389616,0.18581657111644745,0.8650793433189392,0.3790476322174072
YGR145W,YOR380W,0,-7.8400335,0.1857532411813736,0.8650793433189392,0.3792063593864441
YJL071W,YDL090C,0,-7.842461,0.18568995594978333,0.8650793433189392,0.37936508655548096
YML074C,YGL104C,0,-7.842512,0.18562670052051544,0.8650793433189392,0.3795238137245178
YER143W,YIL061C,0,-7.8426127,0.18556350469589233,0.8650793433189392,0.3796825408935547
YJL100W,YLR262C,0,-7.8430314,0.1855003386735916,0.8650793433189392,0.37984126806259155
YMR076C,YAR035W,0,-7.843138,0.18543721735477448,0.8650793433189392,0.3799999952316284
YBR068C,YGL048C,0,-7.84415,0.1853741556406021,0.8650793433189392,0.3801587224006653
YNR016C,YIL125W,0,-7.844611,0.18531112372875214,0.8650793433189392,0.38031744956970215
YNR011C,YPL026C,0,-7.844991,0.18524813652038574,0.8650793433189392,0.380476176738739
YEL071W,YDR175C,0,-7.845164,0.18518517911434174,0.8650793433189392,0.38063493371009827
YLR148W,YDL090C,0,-7.8457627,0.1851222813129425,0.8650793433189392,0.38079366087913513
YBR160W,YHR152W,0,-7.8465104,0.18505942821502686,0.8650793433189392,0.380952388048172
YEL042W,YNL293W,0,-7.8476844,0.1849966049194336,0.8650793433189392,0.38111111521720886
YPR182W,YNR031C,0,-7.8479743,0.1849338263273239,0.8650793433189392,0.3812698423862457
YOR349W,YPL119C,0,-7.848364,0.18487109243869781,0.8650793433189392,0.3814285695552826
YBL079W,YBL061C,0,-7.848696,0.1848084032535553,0.8650793433189392,0.38158729672431946
YHR194W,YDL130W,0,-7.8497095,0.18474575877189636,0.8650793433189392,0.3817460238933563
YBR243C,YMR133W,0,-7.849734,0.184683158993721,0.8650793433189392,0.3819047510623932
YLR172C,YGL210W-A,0,-7.850106,0.18462058901786804,0.8650793433189392,0.38206347823143005
YAR033W,YDR170C,0,-7.8501573,0.18455807864665985,0.8650793433189392,0.3822222352027893
YHR086W,YDL039C,0,-7.8504224,0.18449559807777405,0.8650793433189392,0.38238096237182617
YBR297W,YDL098C,0,-7.851245,0.18443316221237183,0.8650793433189392,0.38253968954086304
YDL064W,YIL056W,0,-7.8515005,0.18437077105045319,0.8650793433189392,0.3826984167098999
YDR503C,YOR356W,0,-7.851996,0.18430842459201813,0.8650793433189392,0.38285714387893677
YNR010W,YNL202W,0,-7.8537693,0.18424610793590546,0.8650793433189392,0.38301587104797363
YKL011C,YDR168W,0,-7.853781,0.18418385088443756,0.8650793433189392,0.3831745982170105
YNL271C,YDR080W,0,-7.8544545,0.18412162363529205,0.8650793433189392,0.38333332538604736
YGR077C,YPL089C,0,-7.855504,0.18405944108963013,0.8650793433189392,0.38349205255508423
YDR516C,YDL056W,0,-7.8560786,0.18399730324745178,0.8650793433189392,0.3836507797241211
YPL075W,YBL061C,0,-7.857444,0.18393519520759583,0.8650793433189392,0.38380953669548035
YAL034W-A,YJL127C,0,-7.8580317,0.18387314677238464,0.8650793433189392,0.3839682638645172
YGL210W-A,YDR523C,0,-7.8582416,0.18381112813949585,0.8650793433189392,0.3841269910335541
YJL089W,YCR084C,1,-7.8592725,0.18408630788326263,0.8666666746139526,0.3841269910335541
YNL156C,YER149C,0,-7.8593974,0.18402427434921265,0.8666666746139526,0.38428571820259094
YBR170C,YOR068C,0,-7.860102,0.18396227061748505,0.8666666746139526,0.3844444453716278
YJR155W,YER111C,0,-7.8602285,0.18390029668807983,0.8666666746139526,0.3846031725406647
YMR048W,YER031C,0,-7.8611417,0.1838383823633194,0.8666666746139526,0.38476189970970154
YNR026C,YGR033C,0,-7.8611465,0.18377651274204254,0.8666666746139526,0.3849206268787384
YBL061C,YDR334W,0,-7.8618455,0.18371467292308807,0.8666666746139526,0.38507935404777527
YOR347C,YMR053C,0,-7.862107,0.1836528778076172,0.8666666746139526,0.38523808121681213
YLR067C,YOR076C,0,-7.8625526,0.18359112739562988,0.8666666746139526,0.3853968381881714
YBR196C,YBL050W,0,-7.8625827,0.18352940678596497,0.8666666746139526,0.38555556535720825
YDR301W,YOL023W,0,-7.8626924,0.18346774578094482,0.8666666746139526,0.3857142925262451
YCL038C,YDR159W,0,-7.862744,0.18340611457824707,0.8666666746139526,0.385873019695282
YDL198C,YJR120W,0,-7.8631196,0.1833445280790329,0.8666666746139526,0.38603174686431885
YKL200C,YDR292C,0,-7.8632464,0.1832829862833023,0.8666666746139526,0.3861904740333557
YJR137C,YLR034C,0,-7.8634067,0.1832214742898941,0.8666666746139526,0.3863492012023926
YJL112W,YFL035C-A,0,-7.8635035,0.18316000699996948,0.8666666746139526,0.38650792837142944
YKR007W,YER148W,0,-7.863506,0.18309858441352844,0.8666666746139526,0.3866666555404663
YBR117C,YNL299W,0,-7.863595,0.18303720653057098,0.8666666746139526,0.3868253827095032
YBR172C,YIL031W,0,-7.8639035,0.1829758733510971,0.8666666746139526,0.3869841396808624
YJR155W,YPL254W,0,-7.8641143,0.18291456997394562,0.8666666746139526,0.3871428668498993
YCR012W,YKL042W,0,-7.864303,0.1828533113002777,0.8666666746139526,0.38730159401893616
YAL011W,YFR003C,0,-7.8647313,0.18279209733009338,0.8666666746139526,0.387460321187973
YPR072W,YCR073C,0,-7.8658853,0.18273092806339264,0.8666666746139526,0.3876190483570099
YJL053W,YJL045W,0,-7.8659587,0.18266978859901428,0.8666666746139526,0.38777777552604675
YDR507C,YOL026C,0,-7.8662944,0.1826086938381195,0.8666666746139526,0.3879365026950836
YOR113W,YHR187W,0,-7.8667707,0.1825476437807083,0.8666666746139526,0.3880952298641205
YER073W,YLR039C,0,-7.867776,0.1824866384267807,0.8666666746139526,0.38825395703315735
YJR137C,YLR263W,0,-7.868645,0.18242566287517548,0.8666666746139526,0.3884126842021942
YDR329C,YCR012W,0,-7.869167,0.18236473202705383,0.8666666746139526,0.38857144117355347
YHR096C,YGR109W-A,0,-7.869539,0.18230384588241577,0.8666666746139526,0.38873016834259033
YLL042C,YPL276W,0,-7.8702703,0.1822429895401001,0.8666666746139526,0.3888888955116272
YHL012W,YJR027W,0,-7.8714576,0.182182177901268,0.8666666746139526,0.38904762268066406
YKL114C,YML092C,0,-7.871899,0.1821214109659195,0.8666666746139526,0.3892063498497009
YGL183C,YGR014W,0,-7.872708,0.18206068873405457,0.8666666746139526,0.3893650770187378
YGL092W,YML007W,0,-7.872934,0.18199999630451202,0.8666666746139526,0.38952380418777466
YKL112W,YER137C-A,0,-7.8743224,0.18193934857845306,0.8666666746139526,0.3896825313568115
YHR114W,YDR182W,0,-7.874986,0.18187874555587769,0.8666666746139526,0.3898412585258484
YNL073W,YGR030C,0,-7.875132,0.1818181872367859,0.8666666746139526,0.38999998569488525
YAL007C,YOR181W,0,-7.8752112,0.18175765872001648,0.8666666746139526,0.3901587426662445
YKL192C,YMR183C,0,-7.8757653,0.18169717490673065,0.8666666746139526,0.39031746983528137
YKL114C,YGL113W,0,-7.876241,0.1816367208957672,0.8666666746139526,0.39047619700431824
YHR061C,YIL173W,0,-7.8765063,0.18157632648944855,0.8666666746139526,0.3906349241733551
YLR056W,YJR028W,0,-7.8775325,0.18151596188545227,0.8666666746139526,0.39079365134239197
YER020W,YIL008W,1,-7.8776045,0.18178796768188477,0.8682539463043213,0.39079365134239197
YIR028W,YJL106W,0,-7.8779883,0.1817275732755661,0.8682539463043213,0.39095237851142883
YGR204W,YML061C,0,-7.8787494,0.18166722357273102,0.8682539463043213,0.3911111056804657
YBL074C,YPL266W,0,-7.8790455,0.18160690367221832,0.8682539463043213,0.39126983284950256
YMR175W,YLR316C,0,-7.879479,0.1815466284751892,0.8682539463043213,0.39142856001853943
YDR472W,YHR161C,0,-7.8800225,0.18148639798164368,0.8682539463043213,0.3915872871875763
YJL134W,YML052W,0,-7.8802013,0.18142619729042053,0.8682539463043213,0.39174604415893555
YAL013W,YGL150C,0,-7.8803363,0.18136604130268097,0.8682539463043213,0.3919047713279724
YDR301W,YLR312C-B,0,-7.8814774,0.181305930018425,0.8682539463043213,0.3920634984970093
YNL149C,YJL129C,0,-7.8819366,0.1812458634376526,0.8682539463043213,0.39222222566604614
YOR249C,YKL193C,0,-7.8820415,0.18118582665920258,0.8682539463043213,0.392380952835083
YML123C,YJL139C,0,-7.882217,0.18112583458423615,0.8682539463043213,0.3925396800041199
YML128C,YOR172W,0,-7.8827405,0.1810658723115921,0.8682539463043213,0.39269840717315674
YDR418W,YNL229C,0,-7.882996,0.18100595474243164,0.8682539463043213,0.3928571343421936
YPL049C,YNL119W,1,-7.8830323,0.18127687275409698,0.8698412775993347,0.3928571343421936
YJL094C,YOR182C,0,-7.883085,0.18121692538261414,0.8698412775993347,0.39301586151123047
YDL154W,YGR193C,0,-7.8840404,0.18115702271461487,0.8698412775993347,0.39317458868026733
YPR019W,YHR174W,0,-7.8854375,0.18109716475009918,0.8698412775993347,0.3933333456516266
YER065C,YHR075C,0,-7.8859024,0.18103733658790588,0.8698412775993347,0.39349207282066345
YAL024C,YOL060C,0,-7.8859982,0.18097753822803497,0.8698412775993347,0.3936507999897003
YJR160C,YHR143W-A,0,-7.8861003,0.18091779947280884,0.8698412775993347,0.3938095271587372
YJL201W,YJR160C,0,-7.886624,0.1808580905199051,0.8698412775993347,0.39396825432777405
YDL022W,YOL146W,0,-7.886767,0.18079841136932373,0.8698412775993347,0.3941269814968109
YGR055W,YHL025W,0,-7.886835,0.18073879182338715,0.8698412775993347,0.3942857086658478
YDR138W,YOL069W,0,-7.8873477,0.18067920207977295,0.8698412775993347,0.39444443583488464
YHR013C,YAL013W,0,-7.887609,0.18061964213848114,0.8698412775993347,0.3946031630039215
YDL036C,YMR075W,0,-7.8880067,0.1805601269006729,0.8698412775993347,0.3947618901729584
YBR009C,YKL028W,0,-7.8888383,0.18050065636634827,0.8698412775993347,0.3949206471443176
YMR116C,YHR073W,1,-7.8895917,0.18077050149440765,0.8714285492897034,0.3949206471443176
YIL070C,YDR208W,0,-7.890783,0.18071100115776062,0.8714285492897034,0.3950793743133545
YER009W,YJL113W,0,-7.8908033,0.18065153062343597,0.8714285492897034,0.39523810148239136
YHR191C,YOR259C,0,-7.891084,0.1805921047925949,0.8714285492897034,0.3953968286514282
YIL026C,YGR078C,0,-7.8914313,0.18053272366523743,0.8714285492897034,0.3955555558204651
YJL110C,YOL135C,0,-7.8914847,0.18047337234020233,0.8714285492897034,0.39571428298950195
YDL164C,YAL031C,0,-7.8919873,0.18041406571865082,0.8714285492897034,0.3958730101585388
YDR457W,YDR247W,0,-7.8920984,0.1803547888994217,0.8714285492897034,0.3960317373275757
YPR070W,YGR033C,0,-7.893035,0.18029557168483734,0.8714285492897034,0.39619046449661255
YKL220C,YMR127C,0,-7.8934197,0.18023636937141418,0.8714285492897034,0.3963491916656494
YDL132W,YOR209C,0,-7.8938394,0.1801772266626358,0.8714285492897034,0.39650794863700867
YDL213C,YDL059C,0,-7.8941545,0.1801181137561798,0.8714285492897034,0.39666667580604553
YMR081C,YNL006W,0,-7.8960266,0.1800590306520462,0.8714285492897034,0.3968254029750824
YFL031W,YIL053W,0,-7.8975425,0.18000000715255737,0.8714285492897034,0.39698413014411926
YIL009W,YJL156C,0,-7.8992124,0.17994099855422974,0.8714285492897034,0.39714285731315613
YER174C,YCL008C,0,-7.900591,0.17988204956054688,0.8714285492897034,0.397301584482193
YBR085W,YGR258C,0,-7.9009323,0.1798231303691864,0.8714285492897034,0.39746031165122986
YDR448W,YJL012C,0,-7.9023333,0.17976424098014832,0.8714285492897034,0.3976190388202667
YMR116C,YDL230W,1,-7.902942,0.18003273010253906,0.8730158805847168,0.3976190388202667
YOR080W,YDL230W,1,-7.9030356,0.18030104041099548,0.8746031522750854,0.3976190388202667
YIL042C,YOL091W,0,-7.90418,0.18024206161499023,0.8746031522750854,0.3977777659893036
YGR166W,YLR069C,0,-7.9042487,0.18018312752246857,0.8746031522750854,0.39793649315834045
YKR066C,YMR218C,0,-7.905079,0.1801242232322693,0.8746031522750854,0.3980952501296997
YKL046C,YLR346C,0,-7.9055786,0.1800653636455536,0.8746031522750854,0.3982539772987366
YBR179C,YGR008C,0,-7.9058986,0.18000653386116028,0.8746031522750854,0.39841270446777344
YCL040W,YOR098C,0,-7.90622,0.17994774878025055,0.8746031522750854,0.3985714316368103
YNL020C,YCR039C,0,-7.9065385,0.1798889935016632,0.8746031522750854,0.39873015880584717
YLL050C,YFR048W,0,-7.9071937,0.17983028292655945,0.8746031522750854,0.39888888597488403
YNL053W,YDR473C,0,-7.9091516,0.17977161705493927,0.8746031522750854,0.3990476131439209
YAR018C,YOR149C,0,-7.910098,0.17971298098564148,0.8746031522750854,0.39920634031295776
YKL129C,YLR150W,0,-7.9104075,0.17965438961982727,0.8746031522750854,0.39936506748199463
YLR148W,YOR230W,0,-7.910874,0.17959582805633545,0.8746031522750854,0.3995237946510315
YOL026C,YGR178C,0,-7.9112706,0.1795373111963272,0.8746031522750854,0.39968255162239075
YDL226C,YFR030W,0,-7.9113593,0.17947882413864136,0.8746031522750854,0.3998412787914276
YML060W,YGR178C,0,-7.911412,0.1794203817844391,0.8746031522750854,0.4000000059604645
YML012W,YOR049C,0,-7.911504,0.1793619841337204,0.8746031522750854,0.40015873312950134
YBL057C,YIR022W,0,-7.9124174,0.1793036162853241,0.8746031522750854,0.4003174602985382
YGL097W,YNL283C,0,-7.912556,0.17924527823925018,0.8746031522750854,0.4004761874675751
YHR072W-A,YGR251W,0,-7.9134307,0.17918698489665985,0.8746031522750854,0.40063491463661194
YCL066W,YOR347C,0,-7.91357,0.1791287362575531,0.8746031522750854,0.4007936418056488
YOR298W,YDR397C,0,-7.9136057,0.17907051742076874,0.8746031522750854,0.40095236897468567
YOR067C,YJL146W,0,-7.914252,0.17901234328746796,0.8746031522750854,0.4011111259460449
YNR049C,YAL030W,0,-7.914348,0.17895419895648956,0.8746031522750854,0.4012698531150818
YFL011W-A,YPL124W,0,-7.91445,0.17889609932899475,0.8746031522750854,0.40142858028411865
YBR022W,YKR059W,0,-7.914575,0.17883804440498352,0.8746031522750854,0.4015873074531555
YOR079C,YDL120W,0,-7.915051,0.17878001928329468,0.8746031522750854,0.4017460346221924
YNL093W,YDR115W,0,-7.9150968,0.17872202396392822,0.8746031522750854,0.40190476179122925
YIL004C,YBR100W,0,-7.915442,0.17866407334804535,0.8746031522750854,0.4020634889602661
YOL117W,YJL138C,0,-7.9156995,0.17860615253448486,0.8746031522750854,0.402222216129303
YBR010W,YKL129C,0,-7.915879,0.17854827642440796,0.8746031522750854,0.40238094329833984
YMR184W,YNL016W,0,-7.916181,0.17849044501781464,0.8746031522750854,0.4025396704673767
YBR043C,YDR314C,0,-7.917476,0.1784326434135437,0.8746031522750854,0.40269842743873596
YAL038W,YMR299C,0,-7.917774,0.17837487161159515,0.8746031522750854,0.4028571546077728
YML081C-A,YAL009W,0,-7.918263,0.17831715941429138,0.8746031522750854,0.4030158817768097
YCR089W,YNL119W,1,-7.9183235,0.17858298122882843,0.8761904835700989,0.4030158817768097
YKL182W,YOR083W,0,-7.9187946,0.17852522432804108,0.8761904835700989,0.40317460894584656
YIL150C,YCR106W,0,-7.918914,0.1784675121307373,0.8761904835700989,0.4033333361148834
YDL116W,YOR162C,0,-7.9193707,0.17840982973575592,0.8761904835700989,0.4034920632839203
YLR229C,YIL008W,1,-7.9197,0.17867527902126312,0.8777777552604675,0.4034920632839203
YPL036W,YNR048W,0,-7.919845,0.17861756682395935,0.8777777552604675,0.40365079045295715
YHR007C,YNR032W,0,-7.919891,0.17855989933013916,0.8777777552604675,0.403809517621994
YGL183C,YIR022W,0,-7.9203377,0.17850226163864136,0.8777777552604675,0.4039682447910309
YMR116C,YJL089W,1,-7.920878,0.1787673383951187,0.879365086555481,0.4039682447910309
YMR058W,YJR045C,0,-7.921133,0.17870967090129852,0.879365086555481,0.40412697196006775
YIL125W,YAR010C,0,-7.9211493,0.17865204811096191,0.879365086555481,0.404285728931427
YDR303C,YPL276W,0,-7.921664,0.1785944551229477,0.879365086555481,0.40444445610046387
YGL003C,YHR123W,0,-7.921701,0.17853690683841705,0.879365086555481,0.40460318326950073
YLR172C,YLL017W,0,-7.921787,0.1784793883562088,0.879365086555481,0.4047619104385376
YHL003C,YPR070W,0,-7.92278,0.17842189967632294,0.879365086555481,0.40492063760757446
YLR109W,YGR055W,0,-7.9228683,0.17836445569992065,0.879365086555481,0.40507936477661133
YBR068C,YPL118W,0,-7.9232435,0.17830704152584076,0.879365086555481,0.4052380919456482
YOR240W,YKL093W,0,-7.923601,0.17824967205524445,0.879365086555481,0.40539681911468506
YLR226W,YGL212W,0,-7.924323,0.1781923472881317,0.879365086555481,0.4055555462837219
YAL017W,YGR033C,0,-7.924551,0.17813505232334137,0.879365086555481,0.4057142734527588
YPR046W,YJL117W,0,-7.924621,0.1780777871608734,0.879365086555481,0.40587303042411804
YOL063C,YDL055C,0,-7.9248395,0.17802056670188904,0.879365086555481,0.4060317575931549
YLL061W,YBL103C,0,-7.925797,0.17796337604522705,0.879365086555481,0.4061904847621918
YER167W,YBR267W,0,-7.926881,0.17790623009204865,0.879365086555481,0.40634921193122864
YJR031C,YML032C,0,-7.927881,0.17784911394119263,0.879365086555481,0.4065079391002655
YNL133C,YPR165W,0,-7.9291,0.1777920424938202,0.879365086555481,0.40666666626930237
YPL119C,YGL243W,0,-7.929337,0.17773500084877014,0.879365086555481,0.40682539343833923
YOR313C,YNL273W,0,-7.9300327,0.17767800390720367,0.879365086555481,0.4069841206073761
YGL206C,YKR042W,0,-7.9302416,0.1776210367679596,0.879365086555481,0.40714284777641296
YGL094C,YMR005W,0,-7.9314456,0.1775640994310379,0.879365086555481,0.40730157494544983
YGL236C,YCL001W,0,-7.932475,0.1775072067975998,0.879365086555481,0.4074603319168091
YAL010C,YLR138W,0,-7.932654,0.17745035886764526,0.879365086555481,0.40761905908584595
YCR005C,YGL019W,0,-7.9328904,0.17739352583885193,0.879365086555481,0.4077777862548828
YEL061C,YJR120W,0,-7.9335656,0.17733675241470337,0.879365086555481,0.4079365134239197
YDR009W,YGL048C,0,-7.9338794,0.177279993891716,0.879365086555481,0.40809524059295654
YPL176C,YLR126C,0,-7.934047,0.1772232949733734,0.879365086555481,0.4082539677619934
YER061C,YDR195W,0,-7.9344215,0.17716661095619202,0.879365086555481,0.4084126949310303
YLR319C,YBR126C,0,-7.934553,0.1771099716424942,0.879365086555481,0.40857142210006714
YBR117C,YDR002W,0,-7.936417,0.17705337703227997,0.879365086555481,0.408730149269104
YPL061W,YPL255W,0,-7.9372516,0.17699681222438812,0.879365086555481,0.40888887643814087
YLR195C,YLR275W,0,-7.938707,0.17694027721881866,0.879365086555481,0.4090476334095001
YDL024C,YPL203W,1,-7.9390845,0.17720305919647217,0.8809523582458496,0.4090476334095001
YPR120C,YGL008C,0,-7.939232,0.17714650928974152,0.8809523582458496,0.409206360578537
YLR210W,YHR191C,0,-7.9395604,0.17708997428417206,0.8809523582458496,0.40936508774757385
YOR275C,YIL008W,1,-7.939604,0.17735247313976288,0.882539689540863,0.40936508774757385
YGL033W,YJR141W,0,-7.9397607,0.17729592323303223,0.882539689540863,0.4095238149166107
YDL132W,YJR031C,0,-7.939821,0.17723940312862396,0.882539689540863,0.4096825420856476
YCR038C,YGR191W,0,-7.9399915,0.17718291282653809,0.882539689540863,0.40984126925468445
YHR092C,YOR269W,0,-7.940748,0.1771264672279358,0.882539689540863,0.4099999964237213
YPR034W,YPR178W,0,-7.941545,0.17707006633281708,0.882539689540863,0.4101587235927582
YDR062W,YGR123C,0,-7.9425282,0.17701369524002075,0.882539689540863,0.41031745076179504
YKL190W,YHR055C,0,-7.943458,0.17695735394954681,0.882539689540863,0.4104761779308319
YBR289W,YPL203W,1,-7.9437213,0.1772192120552063,0.8841269612312317,0.4104761779308319
YPR189W,YLR157C-B,0,-7.945066,0.17716285586357117,0.8841269612312317,0.41063493490219116
YOL002C,YGL113W,0,-7.946006,0.17710651457309723,0.8841269612312317,0.410793662071228
YMR030W,YKL122C,0,-7.9468284,0.17705021798610687,0.8841269612312317,0.4109523892402649
YBR129C,YHR119W,0,-7.947432,0.1769939661026001,0.8841269612312317,0.41111111640930176
YDR317W,YKL154W,0,-7.94754,0.1769377440214157,0.8841269612312317,0.4112698435783386
YGR056W,YBR173C,0,-7.9475436,0.1768815517425537,0.8841269612312317,0.4114285707473755
YIL065C,YDR080W,0,-7.9476066,0.1768254041671753,0.8841269612312317,0.41158729791641235
YHL025W,YAR003W,0,-7.9483323,0.17676928639411926,0.8841269612312317,0.4117460250854492
YPR057W,YBR233W-A,0,-7.94882,0.17671319842338562,0.8841269612312317,0.4119047522544861
YNL051W,YBR065C,0,-7.948903,0.17665715515613556,0.8841269612312317,0.41206347942352295
YGL008C,YMR096W,0,-7.949028,0.17660114169120789,0.8841269612312317,0.4122222363948822
YCR106W,YJL114W,0,-7.9491367,0.1765451729297638,0.8841269612312317,0.41238096356391907
YDR270W,YHR166C,0,-7.949187,0.1764892339706421,0.8841269612312317,0.41253969073295593
YER053C,YDL052C,0,-7.949614,0.17643332481384277,0.8841269612312317,0.4126984179019928
YHR154W,YOR115C,0,-7.9496365,0.17637746036052704,0.8841269612312317,0.41285714507102966
YGL187C,YCL016C,0,-7.9498568,0.1763216257095337,0.8841269612312317,0.41301587224006653
YML118W,YDR457W,0,-7.950885,0.17626582086086273,0.8841269612312317,0.4131745994091034
YDR264C,YML132W,0,-7.951637,0.17621006071567535,0.8841269612312317,0.41333332657814026
YLR102C,YLL004W,0,-7.951705,0.17615433037281036,0.8841269612312317,0.4134920537471771
YHR007C,YDR055W,0,-7.9519153,0.17609864473342896,0.8841269612312317,0.413650780916214
YJL115W,YER114C,0,-7.95241,0.17604298889636993,0.8841269612312317,0.41380953788757324
YGR119C,YOR195W,0,-7.952558,0.1759873628616333,0.8841269612312317,0.4139682650566101
YKL150W,YLR410W,0,-7.953034,0.17593178153038025,0.8841269612312317,0.414126992225647
YGR286C,YOR329C,0,-7.9530845,0.17587623000144958,0.8841269612312317,0.41428571939468384
YGR092W,YOL026C,0,-7.9533324,0.1758207082748413,0.8841269612312317,0.4144444465637207
YIL122W,YDL112W,0,-7.954552,0.1757652312517166,0.8841269612312317,0.41460317373275757
YCL040W,YBR043C,0,-7.956063,0.1757097840309143,0.8841269612312317,0.41476190090179443
YOR080W,YNL119W,1,-7.956817,0.17596971988677979,0.8857142925262451,0.41476190090179443
YOL008W,YGR161W-B,0,-7.9568715,0.1759142428636551,0.8857142925262451,0.4149206280708313
YOL147C,YJR027W,0,-7.9569535,0.17585881054401398,0.8857142925262451,0.41507935523986816
YDR498C,YOL128C,0,-7.9570584,0.17580340802669525,0.8857142925262451,0.41523808240890503
YLR397C,YOR377W,0,-7.957478,0.1757480353116989,0.8857142925262451,0.4153968393802643
YAL059W,YFL035C,0,-7.957826,0.17569269239902496,0.8857142925262451,0.41555556654930115
YOR142W,YFL002W-B,0,-7.958273,0.1756373941898346,0.8857142925262451,0.415714293718338
YLR242C,YJL019W,0,-7.9583077,0.1755821257829666,0.8857142925262451,0.4158730208873749
YHL020C,YFL008W,0,-7.9590993,0.17552690207958221,0.8857142925262451,0.41603174805641174
YLL042C,YPL174C,0,-7.959751,0.175471693277359,0.8857142925262451,0.4161904752254486
YNL031C,YCL067C,0,-7.9597707,0.17541652917861938,0.8857142925262451,0.4163492023944855
YPR017C,YNL107W,0,-7.9598117,0.17536140978336334,0.8857142925262451,0.41650792956352234
YPR034W,YEL071W,0,-7.9598937,0.1753063201904297,0.8857142925262451,0.4166666567325592
YPR200C,YPL132W,0,-7.9602304,0.17525126039981842,0.8857142925262451,0.41682538390159607
YOR269W,YJR019C,0,-7.960604,0.17519623041152954,0.8857142925262451,0.4169841408729553
YDL055C,YDR469W,0,-7.960666,0.17514124512672424,0.8857142925262451,0.4171428680419922
YOR098C,YDR323C,0,-7.96253,0.17508628964424133,0.8857142925262451,0.41730159521102905
YMR202W,YBR256C,0,-7.96268,0.1750313639640808,0.8857142925262451,0.4174603223800659
YIL072W,YGL144C,0,-7.9631333,0.17497648298740387,0.8857142925262451,0.4176190495491028
YDR524C,YMR046C,0,-7.9632034,0.17492163181304932,0.8857142925262451,0.41777777671813965
YOR212W,YIL008W,1,-7.96363,0.17518019676208496,0.8873015642166138,0.41777777671813965
YGL084C,YDR456W,0,-7.9641595,0.17512531578540802,0.8873015642166138,0.4179365038871765
YAR002C-A,YDR122W,0,-7.9651628,0.17507046461105347,0.8873015642166138,0.4180952310562134
YNL071W,YPL063W,0,-7.966332,0.1750156581401825,0.8873015642166138,0.41825395822525024
YCR048W,YER162C,0,-7.966817,0.1749608814716339,0.8873015642166138,0.4184126853942871
YNL153C,YPR101W,0,-7.967628,0.17490613460540771,0.8873015642166138,0.41857144236564636
YGL017W,YFR005C,0,-7.967793,0.1748514175415039,0.8873015642166138,0.4187301695346832
YBL002W,YIL126W,0,-7.9679427,0.17479674518108368,0.8873015642166138,0.4188888967037201
YOR249C,YLR117C,0,-7.968307,0.17474210262298584,0.8873015642166138,0.41904762387275696
YDL178W,YOR032C,0,-7.968789,0.17468750476837158,0.8873015642166138,0.4192063510417938
YOL077W-A,YOL039W,0,-7.9698663,0.17463292181491852,0.8873015642166138,0.4193650782108307
YPR171W,YPL160W,0,-7.971498,0.17457838356494904,0.8873015642166138,0.41952380537986755
YCL008C,YOR003W,0,-7.97211,0.17452389001846313,0.8873015642166138,0.4196825325489044
YIL026C,YIL029C,0,-7.9722733,0.17446941137313843,0.8873015642166138,0.4198412597179413
YML004C,YLR157C-B,0,-7.972326,0.1744149774312973,0.8873015642166138,0.41999998688697815
YPL100W,YKR027W,0,-7.972734,0.17436057329177856,0.8873015642166138,0.4201587438583374
YCR092C,YDL038C,0,-7.9730678,0.17430619895458221,0.8873015642166138,0.42031747102737427
YJR031C,YKR022C,0,-7.973154,0.17425186932086945,0.8873015642166138,0.42047619819641113
YCL026C-A,YIL066C,0,-7.9743495,0.17419756948947906,0.8873015642166138,0.420634925365448
YHR118C,YOR327C,0,-7.9744997,0.17414329946041107,0.8873015642166138,0.42079365253448486
YCR098C,YJR021C,0,-7.974531,0.17408907413482666,0.8873015642166138,0.42095237970352173
YNL139C,YOL121C,0,-7.9749165,0.17403486371040344,0.8873015642166138,0.4211111068725586
YPL029W,YIL144W,0,-7.975098,0.1739806979894638,0.8873015642166138,0.42126983404159546
YBR253W,YPR139C,0,-7.975204,0.17392657697200775,0.8873015642166138,0.4214285612106323
YER157W,YJR135C,0,-7.9757395,0.1738724708557129,0.8873015642166138,0.4215872883796692
YPL007C,YIL135C,0,-7.975967,0.1738184094429016,0.8873015642166138,0.42174604535102844
YER154W,YCR073C,0,-7.976837,0.17376437783241272,0.8873015642166138,0.4219047725200653
YOR079C,YMR168C,0,-7.9770274,0.17371037602424622,0.8873015642166138,0.4220634996891022
YHR052W,YER108C,0,-7.9777083,0.1736564189195633,0.8873015642166138,0.42222222685813904
YNR027W,YGR252W,0,-7.977862,0.17360249161720276,0.8873015642166138,0.4223809540271759
YKL112W,YNL039W,0,-7.979296,0.1735485941171646,0.8873015642166138,0.42253968119621277
YMR277W,YPL167C,0,-7.9800973,0.17349472641944885,0.8873015642166138,0.42269840836524963
YNL325C,YHR031C,0,-7.9805713,0.17344088852405548,0.8873015642166138,0.4228571355342865
YDR264C,YMR112C,0,-7.981252,0.1733870953321457,0.8873015642166138,0.42301586270332336
YFR041C,YER031C,0,-7.983964,0.1733333319425583,0.8873015642166138,0.42317458987236023
YBR085W,YGL073W,0,-7.984616,0.17327959835529327,0.8873015642166138,0.4233333468437195
YDR309C,YGR229C,0,-7.986027,0.17322590947151184,0.8873015642166138,0.42349207401275635
YGL048C,YMR284W,0,-7.986991,0.1731722354888916,0.8873015642166138,0.4236508011817932
YDR331W,YIL026C,0,-7.987662,0.17311860620975494,0.8873015642166138,0.4238095283508301
YDR085C,YLR329W,0,-7.988545,0.17306502163410187,0.8873015642166138,0.42396825551986694
YPL126W,YIL077C,0,-7.9889483,0.17301145195960999,0.8873015642166138,0.4241269826889038
YDR503C,YLR069C,0,-7.9906898,0.17295792698860168,0.8873015642166138,0.4242857098579407
YLR298C,YMR046C,0,-7.990877,0.17290441691875458,0.8873015642166138,0.42444443702697754
YIL115C,YCR083W,0,-7.9921956,0.17285095155239105,0.8873015642166138,0.4246031641960144
YJL165C,YJL069C,0,-7.9925323,0.1727975308895111,0.8873015642166138,0.42476189136505127
YOR080W,YDL159W,1,-7.994678,0.17305314540863037,0.8888888955116272,0.42476189136505127
YPL269W,YNL099C,0,-7.99524,0.17299969494342804,0.8888888955116272,0.4249206483364105
YLR229C,YGR040W,1,-7.995485,0.1732551008462906,0.8904761672019958,0.4249206483364105
YLL042C,YPR111W,0,-7.995507,0.17320160567760468,0.8904761672019958,0.4250793755054474
YJR091C,YLR268W,0,-7.996635,0.17314815521240234,0.8904761672019958,0.42523810267448425
YDR175C,YIL080W,0,-7.996749,0.1730947196483612,0.8904761672019958,0.4253968298435211
YJR155W,YPR056W,0,-7.9969177,0.17304132878780365,0.8904761672019958,0.425555557012558
YKR066C,YOL144W,0,-7.998351,0.17298796772956848,0.8904761672019958,0.42571428418159485
YPL149W,YBR237W,0,-7.9984946,0.1729346513748169,0.8904761672019958,0.4258730113506317
YER168C,YDR027C,0,-7.998936,0.1728813499212265,0.8904761672019958,0.4260317385196686
YHR072W-A,YMR273C,0,-7.9990516,0.1728280931711197,0.8904761672019958,0.42619046568870544
YDL117W,YNL139C,0,-8.000365,0.17277486622333527,0.8904761672019958,0.4263491928577423
YNL139C,YHR039C-B,0,-8.000789,0.17272166907787323,0.8904761672019958,0.42650794982910156
YPL115C,YDR518W,0,-8.000923,0.17266851663589478,0.8904761672019958,0.4266666769981384
YCR040W,YMR210W,0,-8.00172,0.17261537909507751,0.8904761672019958,0.4268254041671753
YBR215W,YOR064C,0,-8.001756,0.17256228625774384,0.8904761672019958,0.42698413133621216
YMR129W,YOR367W,0,-8.001897,0.17250922322273254,0.8904761672019958,0.427142858505249
YHL019C,YCL075W,0,-8.002077,0.17245618999004364,0.8904761672019958,0.4273015856742859
YKR086W,YJR120W,0,-8.002957,0.17240320146083832,0.8904761672019958,0.42746031284332275
YER019W,YBL080C,0,-8.003629,0.1723502278327942,0.8904761672019958,0.4276190400123596
YMR033W,YDR080W,0,-8.00406,0.17229729890823364,0.8904761672019958,0.4277777671813965
YPL139C,YJR044C,0,-8.00412,0.17224439978599548,0.8904761672019958,0.42793649435043335
YKR066C,YDL100C,0,-8.004578,0.1721915304660797,0.8904761672019958,0.4280952513217926
YGR014W,YLR032W,0,-8.00641,0.17213869094848633,0.8904761672019958,0.42825397849082947
YGR041W,YIL023C,0,-8.008898,0.17208589613437653,0.8904761672019958,0.42841270565986633
YHR181W,YKL203C,0,-8.009953,0.17203311622142792,0.8904761672019958,0.4285714328289032
YDR473C,YLR410W-A,0,-8.010116,0.1719803810119629,0.8904761672019958,0.42873015999794006
YNL218W,YPL010W,0,-8.011282,0.17192767560482025,0.8904761672019958,0.42888888716697693
YMR192W,YKL086W,0,-8.011369,0.171875,0.8904761672019958,0.4290476143360138
YBL046W,YDR353W,0,-8.011507,0.17182235419750214,0.8904761672019958,0.42920634150505066
YNL119W,YGL208W,1,-8.011973,0.17207592725753784,0.8920634984970093,0.42920634150505066
YOL023W,YDL076C,0,-8.012757,0.17202326655387878,0.8920634984970093,0.4293650686740875
YDR192C,YBR093C,0,-8.012757,0.17197062075138092,0.8920634984970093,0.4295237958431244
YCR092C,YBR060C,0,-8.012772,0.17191801965236664,0.8920634984970093,0.42968255281448364
YHR036W,YEL019C,0,-8.01394,0.17186544835567474,0.8920634984970093,0.4298412799835205
YDL087C,YOL117W,0,-8.014199,0.17181290686130524,0.8920634984970093,0.4300000071525574
YGL116W,YJR144W,0,-8.014405,0.17176039516925812,0.8920634984970093,0.43015873432159424
YLR328W,YDR115W,0,-8.014419,0.1717079132795334,0.8920634984970093,0.4303174614906311
YOR290C,YIL008W,1,-8.014851,0.17196090519428253,0.8936507701873779,0.4303174614906311
YMR305C,YDL185W,0,-8.015105,0.1719083935022354,0.8936507701873779,0.43047618865966797
YGR120C,YPR139C,0,-8.01576,0.17185592651367188,0.8936507701873779,0.43063491582870483
YLR295C,YJL099W,0,-8.016225,0.17180347442626953,0.8936507701873779,0.4307936429977417
YML103C,YNL229C,0,-8.016378,0.17175106704235077,0.8936507701873779,0.43095237016677856
YLR157C,YPR181C,0,-8.016482,0.1716986894607544,0.8936507701873779,0.43111109733581543
YMR036C,YPR125W,0,-8.0172,0.1716463416814804,0.8936507701873779,0.4312698543071747
YKL004W,YJR144W,0,-8.017281,0.1715940237045288,0.8936507701873779,0.43142858147621155
YGR178C,YDL118W,0,-8.017326,0.1715417355298996,0.8936507701873779,0.4315873086452484
YGL210W-A,YOR172W,0,-8.017328,0.17148949205875397,0.8936507701873779,0.4317460358142853
YOL003C,YHR161C,0,-8.017468,0.17143727838993073,0.8936507701873779,0.43190476298332214
YNL288W,YJL184W,0,-8.017681,0.17138507962226868,0.8936507701873779,0.432063490152359
YER016W,YPR168W,0,-8.018107,0.1713329255580902,0.8936507701873779,0.4322222173213959
YOR316C,YER049W,0,-8.018564,0.17128080129623413,0.8936507701873779,0.43238094449043274
YDR276C,YCL063W,0,-8.019348,0.17122870683670044,0.8936507701873779,0.4325396716594696
YCL066W,YMR081C,0,-8.019686,0.17117664217948914,0.8936507701873779,0.43269839882850647
YDR489W,YER116C,0,-8.019769,0.1711246222257614,0.8936507701873779,0.4328571557998657
YPL048W,YHR118C,0,-8.020069,0.17107261717319489,0.8936507701873779,0.4330158829689026
YJL024C,YIL063C,0,-8.02032,0.17102065682411194,0.8936507701873779,0.43317461013793945
YOR217W,YML013W,0,-8.020433,0.17096872627735138,0.8936507701873779,0.4333333373069763
YNR074C,YBR279W,0,-8.020534,0.1709168255329132,0.8936507701873779,0.4334920644760132
YOL077W-A,YPL096C-A,0,-8.021165,0.17086493968963623,0.8936507701873779,0.43365079164505005
YJL031C,YBR186W,0,-8.021623,0.17081311345100403,0.8936507701873779,0.4338095188140869
YJL081C,YDL055C,0,-8.021973,0.17076130211353302,0.8936507701873779,0.4339682459831238
YML012W,YIL023C,0,-8.022151,0.1707095205783844,0.8936507701873779,0.43412697315216064
YFL009W,YGR135W,0,-8.022779,0.17065776884555817,0.8936507701873779,0.4342857003211975
YFL057C,YLL003W,0,-8.023577,0.17060606181621552,0.8936507701873779,0.43444445729255676
YER088C,YDL140C,0,-8.0237255,0.17055438458919525,0.8936507701873779,0.43460318446159363
YDL029W,YPR083W,0,-8.024499,0.17050272226333618,0.8936507701873779,0.4347619116306305
YOL065C,YML001W,0,-8.025102,0.1704511046409607,0.8936507701873779,0.43492063879966736
YGR040W,YIL008W,1,-8.025293,0.17070217430591583,0.8952381014823914,0.43492063879966736
YDL137W,YLR210W,0,-8.026157,0.17065052688121796,0.8952381014823914,0.4350793659687042
YDL223C,YCL074W,0,-8.026497,0.17059890925884247,0.8952381014823914,0.4352380931377411
YBL047C,YER117W,0,-8.026717,0.17054732143878937,0.8952381014823914,0.43539682030677795
YJL094C,YJR044C,0,-8.027087,0.17049576342105865,0.8952381014823914,0.4355555474758148
YGR120C,YIL023C,0,-8.027984,0.17044425010681152,0.8952381014823914,0.4357142746448517
YDL159W,YIL008W,1,-8.028828,0.17069485783576965,0.89682537317276,0.4357142746448517
YOR298C-A,YER028C,0,-8.028889,0.17064331471920013,0.89682537317276,0.43587300181388855
YLR107W,YJL048C,0,-8.028945,0.1705917865037918,0.89682537317276,0.4360317587852478
YNL012W,YLR447C,0,-8.029248,0.17054030299186707,0.89682537317276,0.43619048595428467
YOR113W,YDR252W,0,-8.029857,0.17048883438110352,0.89682537317276,0.43634921312332153
YNL326C,YPR042C,0,-8.029928,0.17043741047382355,0.89682537317276,0.4365079402923584
YMR023C,YGL127C,0,-8.030237,0.17038600146770477,0.89682537317276,0.43666666746139526
YDR389W,YHR181W,0,-8.030867,0.17033463716506958,0.89682537317276,0.43682539463043213
YPR120C,YOR119C,0,-8.0309515,0.17028330266475677,0.89682537317276,0.436984121799469
YNL127W,YJL025W,0,-8.031366,0.17023199796676636,0.89682537317276,0.43714284896850586
YML036W,YFL059W,0,-8.033108,0.17018072307109833,0.89682537317276,0.4373015761375427
YOR085W,YER162C,0,-8.033292,0.17012947797775269,0.89682537317276,0.4374603033065796
YDR082W,YDR484W,0,-8.033671,0.17007826268672943,0.89682537317276,0.43761906027793884
YFL024C,YIL101C,0,-8.033739,0.17002707719802856,0.89682537317276,0.4377777874469757
YOL164W,YPL231W,0,-8.033789,0.16997593641281128,0.89682537317276,0.4379365146160126
YBR106W,YBR182C,0,-8.033965,0.1699248105287552,0.89682537317276,0.43809524178504944
YJR121W,YBL005W-B,0,-8.034579,0.16987372934818268,0.89682537317276,0.4382539689540863
YFL056C,YOL111C,0,-8.034697,0.16982266306877136,0.89682537317276,0.43841269612312317
YDL108W,YGL210W,0,-8.0347185,0.16977164149284363,0.89682537317276,0.43857142329216003
YML121W,YPL276W,0,-8.035443,0.1697206348180771,0.89682537317276,0.4387301504611969
YGR140W,YLR116W,0,-8.035603,0.16966967284679413,0.89682537317276,0.43888887763023376
YOL128C,YJL114W,0,-8.035887,0.16961872577667236,0.89682537317276,0.43904760479927063
YKL002W,YKL122C,0,-8.036203,0.16956782341003418,0.89682537317276,0.4392063617706299
YLR370C,YGR185C,0,-8.036345,0.16951695084571838,0.89682537317276,0.43936508893966675
YNR023W,YGR161W-B,0,-8.036776,0.16946610808372498,0.89682537317276,0.4395238161087036
YPR007C,YGR047C,0,-8.038059,0.16941529512405396,0.89682537317276,0.4396825432777405
YDL178W,YLR328W,0,-8.038137,0.16936451196670532,0.89682537317276,0.43984127044677734
YLR163C,YDR488C,0,-8.038189,0.16931375861167908,0.89682537317276,0.4399999976158142
YJL112W,YDR329C,0,-8.039222,0.16926303505897522,0.89682537317276,0.4401587247848511
YJL110C,YLR266C,0,-8.039688,0.16921234130859375,0.89682537317276,0.44031745195388794
YAR018C,YDR004W,0,-8.039792,0.16916167736053467,0.89682537317276,0.4404761791229248
YMR117C,YIL080W,0,-8.039836,0.16911104321479797,0.89682537317276,0.44063490629196167
YOR288C,YER029C,0,-8.041665,0.16906043887138367,0.89682537317276,0.4407936632633209
YGL155W,YNL078W,0,-8.041715,0.16900986433029175,0.89682537317276,0.4409523904323578
YJR045C,YPL239W,0,-8.043582,0.1689593344926834,0.89682537317276,0.44111111760139465
YPR023C,YDR472W,0,-8.043746,0.16890881955623627,0.89682537317276,0.4412698447704315
YGL008C,YBR002C,0,-8.044212,0.1688583344221115,0.89682537317276,0.4414285719394684
YGR179C,YOL044W,0,-8.044356,0.16880789399147034,0.89682537317276,0.44158729910850525
YNL220W,YPR074C,0,-8.044563,0.16875746846199036,0.89682537317276,0.4417460262775421
YOL051W,YHR111W,1,-8.044716,0.16900567710399628,0.8984127044677734,0.4417460262775421
YHR043C,YMR227C,0,-8.045042,0.1689552217721939,0.8984127044677734,0.441904753446579
YJR093C,YDR473C,0,-8.045209,0.16890481114387512,0.8984127044677734,0.44206348061561584
YDL014W,YLR410W-A,0,-8.046006,0.16885441541671753,0.8984127044677734,0.4422222077846527
YBR118W,YCL069W,0,-8.046124,0.16880404949188232,0.8984127044677734,0.44238096475601196
YMR316W,YGR040W,1,-8.046933,0.1690518856048584,0.8999999761581421,0.44238096475601196
YDR163W,YAL011W,0,-8.0475,0.1690014898777008,0.8999999761581421,0.44253969192504883
YFL013C,YDL108W,0,-8.048484,0.1689511388540268,0.8999999761581421,0.4426984190940857
YDR379W,YLR447C,0,-8.049197,0.16890080273151398,0.8999999761581421,0.44285714626312256
YMR083W,YDL117W,0,-8.049403,0.16885051131248474,0.8999999761581421,0.4430158734321594
YLR238W,YIL068C,0,-8.050775,0.1688002347946167,0.8999999761581421,0.4431746006011963
YJR132W,YBR037C,0,-8.052993,0.16875000298023224,0.8999999761581421,0.44333332777023315
YBL056W,YPL002C,0,-8.053283,0.16869978606700897,0.8999999761581421,0.44349205493927
YDR055W,YHR006W,0,-8.053546,0.1686496138572693,0.8999999761581421,0.4436507821083069
YKL220C,YDR334W,0,-8.053877,0.168599471449852,0.8999999761581421,0.44380950927734375
YKL064W,YOL125W,0,-8.05391,0.1685493439435959,0.8999999761581421,0.443968266248703
YPL271W,YOR142W-B,0,-8.05414,0.16849926114082336,0.8999999761581421,0.44412699341773987
YML081C-A,YGR221C,0,-8.054387,0.16844919323921204,0.8999999761581421,0.44428572058677673
YGL155W,YGL213C,0,-8.054403,0.1683991700410843,0.8999999761581421,0.4444444477558136
YBR279W,YDR218C,0,-8.056451,0.16834916174411774,0.8999999761581421,0.44460317492485046
YMR100W,YGR161C-D,0,-8.059081,0.16829919815063477,0.8999999761581421,0.44476190209388733
YML132W,YPL181W,0,-8.059111,0.16824926435947418,0.8999999761581421,0.4449206292629242
YPL269W,YMR164C,0,-8.059393,0.1681993454694748,0.8999999761581421,0.44507935643196106
YDR480W,YGR040W,1,-8.059548,0.16844601929187775,0.9015873074531555,0.44507935643196106
YJL201W,YGR047C,0,-8.059772,0.16839608550071716,0.9015873074531555,0.4452380836009979
YLL015W,YJR031C,0,-8.060303,0.16834618151187897,0.9015873074531555,0.4453968107700348
YLL006W,YDR238C,0,-8.060601,0.16829629242420197,0.9015873074531555,0.44555556774139404
YCR094W,YDR138W,0,-8.060838,0.16824644804000854,0.9015873074531555,0.4457142949104309
YOL126C,YBR030W,0,-8.061075,0.16819661855697632,0.9015873074531555,0.4458730220794678
YIL144W,YOR162C,0,-8.061184,0.16814683377742767,0.9015873074531555,0.44603174924850464
YCL060C,YJR035W,0,-8.06124,0.16809706389904022,0.9015873074531555,0.4461904764175415
YOR212W,YDL159W,1,-8.061246,0.1683432012796402,0.9031745791435242,0.4461904764175415
YJL090C,YOR064C,0,-8.061333,0.16829340159893036,0.9031745791435242,0.44634920358657837
YBR088C,YOR347C,0,-8.062143,0.1682436466217041,0.9031745791435242,0.44650793075561523
YOR032C,YLR176C,0,-8.06246,0.16819390654563904,0.9031745791435242,0.4466666579246521
YCR071C,YCR062W,0,-8.062647,0.16814421117305756,0.9031745791435242,0.44682538509368896
YHL048W,YOR159C,0,-8.063013,0.16809453070163727,0.9031745791435242,0.44698411226272583
YNL130C,YMR013C,0,-8.063123,0.16804489493370056,0.9031745791435242,0.4471428692340851
YLR266C,YCR044C,0,-8.063291,0.16799527406692505,0.9031745791435242,0.44730159640312195
YDR378C,YBR100W,0,-8.063351,0.16794569790363312,0.9031745791435242,0.4474603235721588
YGR036C,YFL060C,0,-8.064135,0.16789613664150238,0.9031745791435242,0.4476190507411957
YNR044W,YJL013C,0,-8.064403,0.16784660518169403,0.9031745791435242,0.44777777791023254
YMR299C,YDR045C,0,-8.065743,0.16779710352420807,0.9031745791435242,0.4479365050792694
YGR161W-B,YPL144W,0,-8.06626,0.1677476465702057,0.9031745791435242,0.4480952322483063
YOR148C,YCR053W,0,-8.066605,0.1676982045173645,0.9031745791435242,0.44825395941734314
YGR120C,YDL212W,0,-8.0666275,0.1676487922668457,0.9031745791435242,0.44841268658638
YDR036C,YML014W,0,-8.067145,0.1675994098186493,0.9031745791435242,0.44857141375541687
YGR158C,YLR084C,0,-8.067251,0.16755005717277527,0.9031745791435242,0.4487301707267761
YBR131W,YPR083W,0,-8.068014,0.16750073432922363,0.9031745791435242,0.448888897895813
YPR171W,YGL174W,0,-8.068283,0.16745144128799438,0.9031745791435242,0.44904762506484985
YKR097W,YMR006C,0,-8.068373,0.16740217804908752,0.9031745791435242,0.4492063522338867
YHR174W,YGR101W,0,-8.068765,0.16735294461250305,0.9031745791435242,0.4493650794029236
YOR288C,YLL012W,0,-8.069323,0.16730374097824097,0.9031745791435242,0.44952380657196045
YPL192C,YGL120C,0,-8.069448,0.16725455224514008,0.9031745791435242,0.4496825337409973
YAL022C,YDR062W,0,-8.070792,0.16720540821552277,0.9031745791435242,0.4498412609100342
YKL001C,YPL159C,0,-8.071826,0.16715629398822784,0.9031745791435242,0.44999998807907104
YFR033C,YNL054W-B,0,-8.072231,0.16710719466209412,0.9031745791435242,0.4501587450504303
YHR194W,YNL160W,0,-8.072556,0.16705814003944397,0.9031745791435242,0.45031747221946716
YJL117W,YDR276C,0,-8.072613,0.16700910031795502,0.9031745791435242,0.45047619938850403
YGL020C,YDR014W-A,0,-8.072805,0.16696009039878845,0.9031745791435242,0.4506349265575409
YLR354C,YOR338W,0,-8.073323,0.16691111028194427,0.9031745791435242,0.45079365372657776
YDR118W,YGL150C,0,-8.073416,0.16686217486858368,0.9031745791435242,0.4509523808956146
YKL182W,YLR148W,0,-8.073996,0.16681325435638428,0.9031745791435242,0.4511111080646515
YGL142C,YDR027C,0,-8.074301,0.16676436364650726,0.9031745791435242,0.45126983523368835
YDL165W,YOL001W,0,-8.074374,0.16671550273895264,0.9031745791435242,0.4514285624027252
YJL179W,YOR081C,0,-8.074814,0.1666666716337204,0.9031745791435242,0.4515872895717621
YOR080W,YDR480W,1,-8.075749,0.16691069304943085,0.9047619104385376,0.4515872895717621
YCL029C,YHR098C,0,-8.076107,0.16686183214187622,0.9047619104385376,0.45174604654312134
YDR323C,YKL166C,0,-8.076408,0.16681300103664398,0.9047619104385376,0.4519047737121582
YER087C-A,YHL009W-A,0,-8.077323,0.16676418483257294,0.9047619104385376,0.45206350088119507
YDR276C,YNL093W,0,-8.07757,0.16671541333198547,0.9047619104385376,0.45222222805023193
YML012W,YJR120W,0,-8.07762,0.1666666716337204,0.9047619104385376,0.4523809552192688
YMR204C,YPL147W,0,-8.079116,0.16661794483661652,0.9047619104385376,0.45253968238830566
YMR048W,YNL283C,0,-8.0795,0.16656926274299622,0.9047619104385376,0.45269840955734253
YDR376W,YAR010C,0,-8.079512,0.1665205955505371,0.9047619104385376,0.4528571367263794
YAL054C,YMR109W,0,-8.080215,0.1664719581604004,0.9047619104385376,0.45301586389541626
YJR083C,YOL071W,0,-8.08054,0.16642335057258606,0.9047619104385376,0.4531745910644531
YNL188W,YHR135C,0,-8.080705,0.1663747876882553,0.9047619104385376,0.4533333480358124
YHR205W,YOL103W-B,0,-8.082425,0.16632623970508575,0.9047619104385376,0.45349207520484924
YJL099W,YKR052C,0,-8.084565,0.1662777066230774,0.9047619104385376,0.4536508023738861
YFL035C,YDR011W,0,-8.084721,0.1662292182445526,0.9047619104385376,0.453809529542923
YNL219C,YLR275W,0,-8.084767,0.16618075966835022,0.9047619104385376,0.45396825671195984
YDR040C,YJR028W,0,-8.085083,0.16613231599330902,0.9047619104385376,0.4541269838809967
YNL253W,YGR033C,0,-8.085142,0.1660839170217514,0.9047619104385376,0.45428571105003357
YFL023W,YGR092W,0,-8.085431,0.16603553295135498,0.9047619104385376,0.45444443821907043
YIR022W,YJL129C,0,-8.085446,0.16598719358444214,0.9047619104385376,0.4546031653881073
YFR047C,YCR042C,0,-8.085874,0.1659388691186905,0.9047619104385376,0.45476189255714417
YDL181W,YDR034C-D,0,-8.086195,0.16589057445526123,0.9047619104385376,0.4549206495285034
YOL147C,YGR199W,0,-8.087213,0.16584230959415436,0.9047619104385376,0.4550793766975403
YJR121W,YNL073W,0,-8.087749,0.16579405963420868,0.9047619104385376,0.45523810386657715
YLR078C,YDL038C,0,-8.087827,0.16574585437774658,0.9047619104385376,0.455396831035614
YOR116C,YCR080W,0,-8.088164,0.16569767892360687,0.9047619104385376,0.4555555582046509
YKL130C,YJR046W,0,-8.088232,0.16564951837062836,0.9047619104385376,0.45571428537368774
YGR284C,YOL088C,0,-8.088391,0.16560138761997223,0.9047619104385376,0.4558730125427246
YNL119W,YHR073W,1,-8.088617,0.16584374010562897,0.9063491821289062,0.4558730125427246
YNL192W,YDR545W,0,-8.088691,0.16579557955265045,0.9063491821289062,0.4560317397117615
YOR372C,YDR002W,0,-8.088795,0.16574746370315552,0.9063491821289062,0.45619046688079834
YBR043C,YOL129W,0,-8.089021,0.16569936275482178,0.9063491821289062,0.4563491940498352
YJR031C,YDR507C,0,-8.089162,0.16565129160881042,0.9063491821289062,0.45650795102119446
YHR067W,YGL096W,0,-8.089296,0.16560325026512146,0.9063491821289062,0.4566666781902313
YDR397C,YDR086C,0,-8.089775,0.16555523872375488,0.9063491821289062,0.4568254053592682
YPR086W,YBL100W-A,0,-8.089923,0.1655072420835495,0.9063491821289062,0.45698413252830505
YNR075W,YNR046W,0,-8.090414,0.1654592901468277,0.9063491821289062,0.4571428596973419
YIR009W,YML059C,0,-8.090484,0.1654113531112671,0.9063491821289062,0.4573015868663788
YIL062C,YGR048W,0,-8.090696,0.16536344587802887,0.9063491821289062,0.45746031403541565
YAR019C,YOL139C,0,-8.09095,0.16531558334827423,0.9063491821289062,0.4576190412044525
YML102W,YCR018C,0,-8.091301,0.1652677208185196,0.9063491821289062,0.4577777683734894
YPR041W,YMR050C,0,-8.091427,0.16521990299224854,0.9063491821289062,0.45793649554252625
YMR161W,YBR168W,0,-8.09227,0.16517211496829987,0.9063491821289062,0.4580952525138855
YKL200C,YGL048C,0,-8.093565,0.16512435674667358,0.9063491821289062,0.45825397968292236
YDR110W,YMR026C,0,-8.094062,0.1650766134262085,0.9063491821289062,0.45841270685195923
YIL051C,YIL068C,0,-8.094077,0.1650288999080658,0.9063491821289062,0.4585714340209961
YGR120C,YBR165W,0,-8.094183,0.16498121619224548,0.9063491821289062,0.45873016119003296
YHR005C,YNL326C,0,-8.094971,0.16493356227874756,0.9063491821289062,0.4588888883590698
YMR133W,YOR308C,0,-8.0956,0.16488593816757202,0.9063491821289062,0.4590476155281067
YMR319C,YPL033C,0,-8.095763,0.16483834385871887,0.9063491821289062,0.45920634269714355
YJL099W,YAL032C,0,-8.09577,0.16479076445102692,0.9063491821289062,0.4593650698661804
YIL085C,YOR188W,0,-8.095929,0.16474321484565735,0.9063491821289062,0.4595237970352173
YOR194C,YPR107C,0,-8.095973,0.16469569504261017,0.9063491821289062,0.45968255400657654
YGL018C,YIL076W,0,-8.096566,0.16464820504188538,0.9063491821289062,0.4598412811756134
YDR424C,YLR088W,0,-8.096615,0.16460074484348297,0.9063491821289062,0.46000000834465027
YOR025W,YJL062W,0,-8.097535,0.16455331444740295,0.9063491821289062,0.46015873551368713
YDR382W,YDR170C,0,-8.097912,0.16450589895248413,0.9063491821289062,0.460317462682724
YLR363C,YGL205W,0,-8.097983,0.1644585281610489,0.9063491821289062,0.46047618985176086
YOL156W,YHR119W,0,-8.098775,0.16441117227077484,0.9063491821289062,0.46063491702079773
YPR029C,YDR518W,0,-8.099917,0.16436384618282318,0.9063491821289062,0.4607936441898346
YJR118C,YLR385C,0,-8.100456,0.1643165498971939,0.9063491821289062,0.46095237135887146
YNR027W,YML118W,0,-8.100758,0.16426926851272583,0.9063491821289062,0.4611110985279083
YER007W,YCR083W,0,-8.101014,0.16422203183174133,0.9063491821289062,0.4612698554992676
YKR066C,YLR288C,0,-8.101385,0.16417481005191803,0.9063491821289062,0.46142858266830444
YOL086C,YOR388C,0,-8.101663,0.16412761807441711,0.9063491821289062,0.4615873098373413
YDR038C,YMR246W,0,-8.103965,0.1640804558992386,0.9063491821289062,0.4617460370063782
YDR436W,YLR105C,0,-8.104091,0.16403332352638245,0.9063491821289062,0.46190476417541504
YJR091C,YJL187C,0,-8.104496,0.1639862209558487,0.9063491821289062,0.4620634913444519
YGR262C,YOL126C,0,-8.104896,0.16393913328647614,0.9063491821289062,0.46222221851348877
YJR021C,YHR172W,0,-8.105017,0.16389207541942596,0.9063491821289062,0.46238094568252563
YLR330W,YPR100W,0,-8.10518,0.16384504735469818,0.9063491821289062,0.4625396728515625
YOR221C,YPR002W,0,-8.106092,0.16379804909229279,0.9063491821289062,0.46269840002059937
YJL076W,YJR063W,0,-8.106575,0.16375108063220978,0.9063491821289062,0.4628571569919586
YOR243C,YLR337W,0,-8.106613,0.16370412707328796,0.9063491821289062,0.4630158841609955
YGR134W,YDR486C,0,-8.106764,0.16365720331668854,0.9063491821289062,0.46317461133003235
YMR238W,YKR055W,0,-8.10762,0.1636103093624115,0.9063491821289062,0.4633333384990692
YOL104C,YHL009W-A,0,-8.107926,0.16356344521045685,0.9063491821289062,0.4634920656681061
YDL137W,YGR180C,0,-8.108167,0.16351661086082458,0.9063491821289062,0.46365079283714294
YJR131W,YMR117C,0,-8.10863,0.16346979141235352,0.9063491821289062,0.4638095200061798
YPL241C,YDL038C,0,-8.108776,0.16342301666736603,0.9063491821289062,0.4639682471752167
YJL035C,YCL074W,0,-8.108899,0.16337625682353973,0.9063491821289062,0.46412697434425354
YMR113W,YFR031C,0,-8.1091175,0.16332952678203583,0.9063491821289062,0.4642857015132904
YJR094C,YHR039C-B,0,-8.109325,0.16328281164169312,0.9063491821289062,0.46444445848464966
YJR002W,YHR006W,0,-8.109556,0.16323614120483398,0.9063491821289062,0.4646031856536865
YML067C,YHR008C,0,-8.11014,0.16318948566913605,0.9063491821289062,0.4647619128227234
YDL029W,YJL113W,0,-8.11018,0.1631428599357605,0.9063491821289062,0.46492063999176025
YIL018W,YNL138W,0,-8.110991,0.16309626400470734,0.9063491821289062,0.4650793671607971
YNL031C,YCR024C-A,0,-8.11157,0.16304968297481537,0.9063491821289062,0.465238094329834
YBR179C,YBR069C,0,-8.111601,0.16300314664840698,0.9063491821289062,0.46539682149887085
YMR213W,YOR368W,0,-8.112156,0.1629566252231598,0.9063491821289062,0.4655555486679077
YAR002C-A,YDR166C,0,-8.11219,0.16291013360023499,0.9063491821289062,0.4657142758369446
YMR312W,YJL062W,0,-8.112587,0.16286365687847137,0.9063491821289062,0.46587300300598145
YER117W,YGR009C,0,-8.112794,0.16281722486019135,0.9063491821289062,0.4660317599773407
YJL090C,YOR243C,0,-8.113118,0.1627708077430725,0.9063491821289062,0.46619048714637756
YAL022C,YIL126W,0,-8.1132555,0.16272442042827606,0.9063491821289062,0.46634921431541443
YGL048C,YBR294W,0,-8.113482,0.162678062915802,0.9063491821289062,0.4665079414844513
YNL219C,YFL008W,0,-8.113906,0.16263173520565033,0.9063491821289062,0.46666666865348816
YOL071W,YMR030W,0,-8.114144,0.16258542239665985,0.9063491821289062,0.466825395822525
YDR138W,YNL006W,0,-8.114649,0.16253913938999176,0.9063491821289062,0.4669841229915619
YOR113W,YIL114C,0,-8.116754,0.16249288618564606,0.9063491821289062,0.46714285016059875
YGL254W,YDR545W,0,-8.118057,0.16244666278362274,0.9063491821289062,0.4673015773296356
YOR232W,YLR378C,0,-8.119145,0.16240045428276062,0.9063491821289062,0.4674603044986725
YCR080W,YJL138C,0,-8.119644,0.1623542755842209,0.9063491821289062,0.46761906147003174
YIL125W,YLR256W-A,0,-8.119875,0.16230812668800354,0.9063491821289062,0.4677777886390686
YLR423C,YHR096C,0,-8.120738,0.16226200759410858,0.9063491821289062,0.46793651580810547
YPL149W,YMR156C,0,-8.121092,0.16221590340137482,0.9063491821289062,0.46809524297714233
YDL013W,YPL151C,0,-8.121102,0.16216984391212463,0.9063491821289062,0.4682539701461792
YNL020C,YLR405W,0,-8.121403,0.16212379932403564,0.9063491821289062,0.46841269731521606
YLR399C,YLR216C,0,-8.121405,0.16207776963710785,0.9063491821289062,0.46857142448425293
YNL031C,YKL042W,0,-8.121582,0.16203178465366364,0.9063491821289062,0.4687301516532898
YDR147W,YLR288C,0,-8.122139,0.16198581457138062,0.9063491821289062,0.46888887882232666
YJL010C,YPL042C,0,-8.122232,0.16193987429141998,0.9063491821289062,0.4690476059913635
YNR030W,YER168C,0,-8.122587,0.16189396381378174,0.9063491821289062,0.4692063629627228
YFR048W,YDR261C-D,0,-8.123346,0.1618480682373047,0.9063491821289062,0.46936509013175964
YCR055C,YKL042W,0,-8.123964,0.16180221736431122,0.9063491821289062,0.4695238173007965
YDR167W,YMR236W,0,-8.124013,0.16175636649131775,0.9063491821289062,0.4696825444698334
YKL048C,YDR039C,0,-8.124716,0.16171056032180786,0.9063491821289062,0.46984127163887024
YGR040W,YHR111W,1,-8.12483,0.16194790601730347,0.9079365134239197,0.46984127163887024
YMR072W,YJR120W,0,-8.124959,0.1619020700454712,0.9079365134239197,0.4699999988079071
YLR127C,YML034W,0,-8.125094,0.1618562489748001,0.9079365134239197,0.47015872597694397
YOR274W,YOR089C,0,-8.125222,0.1618104726076126,0.9079365134239197,0.47031745314598083
YFL011W-A,YCR092C,0,-8.125834,0.1617647111415863,0.9079365134239197,0.4704761803150177
YOR025W,YHR012W,0,-8.126417,0.1617189645767212,0.9079365134239197,0.47063490748405457
YHR015W,YDR432W,0,-8.126919,0.16167326271533966,0.9079365134239197,0.4707936644554138
YMR033W,YOR298C-A,0,-8.127393,0.16162757575511932,0.9079365134239197,0.4709523916244507
YIL144W,YLR130C,0,-8.12746,0.16158191859722137,0.9079365134239197,0.47111111879348755
YMR281W,YBR159W,0,-8.127626,0.1615362912416458,0.9079365134239197,0.4712698459625244
YJL121C,YLR035C-A,0,-8.127907,0.16149067878723145,0.9079365134239197,0.4714285731315613
YAL038W,YAL051W,0,-8.128158,0.16144509613513947,0.9079365134239197,0.47158730030059814
YEL071W,YGR239C,0,-8.128183,0.16139954328536987,0.9079365134239197,0.471746027469635
YPR175W,YGL084C,0,-8.128769,0.16135402023792267,0.9079365134239197,0.4719047546386719
YNL288W,YML104C,0,-8.128909,0.16130851209163666,0.9079365134239197,0.47206348180770874
YER045C,YLR320W,0,-8.129092,0.16126303374767303,0.9079365134239197,0.4722222089767456
YNL094W,YGR057C,0,-8.1293,0.1612175852060318,0.9079365134239197,0.47238096594810486
YKR067W,YBR043C,0,-8.130005,0.16117216646671295,0.9079365134239197,0.4725396931171417
YFL055W,YBR210W,0,-8.130663,0.1611267626285553,0.9079365134239197,0.4726984202861786
YOR150W,YLR410W-B,0,-8.131513,0.16108138859272003,0.9079365134239197,0.47285714745521545
YNL326C,YGL169W,0,-8.132775,0.16103602945804596,0.9079365134239197,0.4730158746242523
YNL328C,YCL074W,0,-8.133152,0.16099071502685547,0.9079365134239197,0.4731746017932892
YJR119C,YNL284C-A,0,-8.133166,0.16094541549682617,0.9079365134239197,0.47333332896232605
YJL196C,YJL012C-A,0,-8.133167,0.16090014576911926,0.9079365134239197,0.4734920561313629
YKL112W,YGR161W-B,0,-8.133743,0.16085489094257355,0.9079365134239197,0.4736507833003998
YAL013W,YPR007C,0,-8.1338005,0.16080966591835022,0.9079365134239197,0.47380951046943665
YNL330C,YDL195W,0,-8.134101,0.16076447069644928,0.9079365134239197,0.4739682674407959
YDR517W,YCL031C,0,-8.134232,0.16071930527687073,0.9079365134239197,0.47412699460983276
YOL086C,YLR335W,0,-8.13468,0.16067415475845337,0.9079365134239197,0.47428572177886963
YGR077C,YDL236W,0,-8.135297,0.1606290340423584,0.9079365134239197,0.4744444489479065
YHR056C,YGL066W,0,-8.135927,0.16058394312858582,0.9079365134239197,0.47460317611694336
YDL117W,YPR139C,0,-8.13651,0.16053886711597443,0.9079365134239197,0.4747619032859802
YNR032C-A,YJL114W,0,-8.137196,0.16049382090568542,0.9079365134239197,0.4749206304550171
YPL202C,YDR142C,0,-8.14051,0.1604488044977188,0.9079365134239197,0.47507935762405396
YML023C,YDR218C,0,-8.140748,0.16040381789207458,0.9079365134239197,0.4752380847930908
YMR065W,YOR087W,0,-8.14093,0.16035884618759155,0.9079365134239197,0.4753968119621277
YPL181W,YOL005C,0,-8.141393,0.1603139042854309,0.9079365134239197,0.47555556893348694
YKL213C,YDR419W,0,-8.141404,0.16026897728443146,0.9079365134239197,0.4757142961025238
YMR060C,YPR140W,0,-8.142319,0.1602240949869156,0.9079365134239197,0.47587302327156067
YER162C,YLR045C,0,-8.142506,0.1601792275905609,0.9079365134239197,0.47603175044059753
YKL046C,YPL187W,0,-8.143538,0.16013437509536743,0.9079365134239197,0.4761904776096344
YDL108W,YPL063W,0,-8.144273,0.16008956730365753,0.9079365134239197,0.47634920477867126
YMR139W,YJR027W,0,-8.144491,0.16004477441310883,0.9079365134239197,0.47650793194770813
YIL125W,YDR453C,0,-8.14452,0.1599999964237213,0.9079365134239197,0.476666659116745
YOR187W,YPL019C,0,-8.144825,0.15995526313781738,0.9079365134239197,0.47682538628578186
YDL045C,YMR058W,0,-8.145578,0.15991054475307465,0.9079365134239197,0.4769841134548187
YCR020C-A,YJR027W,0,-8.1460905,0.1598658412694931,0.9079365134239197,0.477142870426178
YPL059W,YIL135C,0,-8.146315,0.15982118248939514,0.9079365134239197,0.47730159759521484
YPR083W,YPL096W,0,-8.146402,0.15977653861045837,0.9079365134239197,0.4774603247642517
YOR236W,YBR237W,0,-8.146894,0.159731924533844,0.9079365134239197,0.4776190519332886
YGL158W,YOR287C,0,-8.147702,0.1596873253583908,0.9079365134239197,0.47777777910232544
YPL115C,YDR498C,0,-8.147928,0.15964275598526,0.9079365134239197,0.4779365062713623
YML130C,YDR091C,0,-8.148549,0.1595982164144516,0.9079365134239197,0.47809523344039917
YKL138C-A,YPL175W,0,-8.149104,0.15955369174480438,0.9079365134239197,0.47825396060943604
YLR127C,YFR024C,0,-8.150002,0.15950919687747955,0.9079365134239197,0.4784126877784729
YJL047C,YLR372W,0,-8.151124,0.1594647318124771,0.9079365134239197,0.47857141494750977
YBR079C,YDR261W-A,0,-8.151767,0.15942029654979706,0.9079365134239197,0.478730171918869
YNL262W,YKL095W,0,-8.153034,0.1593758761882782,0.9079365134239197,0.4788888990879059
YLR130C,YBL005W-A,0,-8.1544895,0.15933147072792053,0.9079365134239197,0.47904762625694275
YLR295C,YDR188W,0,-8.154663,0.15928710997104645,0.9079365134239197,0.4792063534259796
YML004C,YGL163C,0,-8.155096,0.15924276411533356,0.9079365134239197,0.4793650805950165
YBR283C,YDL038C,0,-8.155128,0.15919844806194305,0.9079365134239197,0.47952380776405334
YCR107W,YOR106W,0,-8.157369,0.15915414690971375,0.9079365134239197,0.4796825349330902
YOR035C,YHL006C,0,-8.1579485,0.15910987555980682,0.9079365134239197,0.4798412621021271
YNR010W,YPR031W,0,-8.159736,0.1590656340122223,0.9079365134239197,0.47999998927116394
YFR013W,YLL016W,0,-8.160172,0.15902140736579895,0.9079365134239197,0.4801587164402008
YPL155C,YNL123W,0,-8.160789,0.158977210521698,0.9079365134239197,0.48031747341156006
YOR388C,YGL051W,0,-8.161026,0.15893304347991943,0.9079365134239197,0.4804762005805969
YPL188W,YFL005W,0,-8.161347,0.15888889133930206,0.9079365134239197,0.4806349277496338
YPR171W,YOR372C,0,-8.161446,0.15884476900100708,0.9079365134239197,0.48079365491867065
YOR335C,YIL082W-A,0,-8.161696,0.1588006615638733,0.9079365134239197,0.4809523820877075
YJL194W,YMR043W,0,-8.161772,0.15875659883022308,0.9079365134239197,0.4811111092567444
YLR056W,YJR010C-A,0,-8.161835,0.15871253609657288,0.9079365134239197,0.48126983642578125
YGL236C,YDR306C,0,-8.162252,0.15866851806640625,0.9079365134239197,0.4814285635948181
YMR041C,YDR177W,0,-8.16304,0.15862451493740082,0.9079365134239197,0.481587290763855
YOR206W,YPR036W-A,0,-8.163707,0.15858054161071777,0.9079365134239197,0.48174601793289185
YOR328W,YPL235W,0,-8.163809,0.15853658318519592,0.9079365134239197,0.4819047749042511
YHR036W,YKR035W-A,0,-8.163927,0.15849265456199646,0.9079365134239197,0.48206350207328796
YJR057W,YGR161W-B,0,-8.164067,0.15844875574111938,0.9079365134239197,0.48222222924232483
YNL042W,YGR185C,0,-8.164954,0.1584048718214035,0.9079365134239197,0.4823809564113617
YLR084C,YLR268W,0,-8.165184,0.15836101770401,0.9079365134239197,0.48253968358039856
YLL042C,YGR029W,0,-8.165882,0.1583171933889389,0.9079365134239197,0.4826984107494354
YKL040C,YPR125W,0,-8.16601,0.158273383975029,0.9079365134239197,0.4828571379184723
YKR038C,YER138C,0,-8.166506,0.15822960436344147,0.9079365134239197,0.48301586508750916
YGL168W,YMR190C,0,-8.1670885,0.15818583965301514,0.9079365134239197,0.483174592256546
YDL004W,YFL031W,0,-8.167436,0.1581421047449112,0.9079365134239197,0.4833333194255829
YDR184C,YNR010W,0,-8.1690445,0.15809839963912964,0.9079365134239197,0.48349207639694214
YDR164C,YNL253W,0,-8.1692705,0.15805470943450928,0.9079365134239197,0.483650803565979
YDL056W,YJR052W,0,-8.169872,0.1580110490322113,0.9079365134239197,0.48380953073501587
YGL115W,YLR157C-A,0,-8.1703825,0.15796741843223572,0.9079365134239197,0.48396825790405273
YFR027W,YHR161C,0,-8.170552,0.15792380273342133,0.9079365134239197,0.4841269850730896
YMR026C,YDR325W,0,-8.170602,0.15788021683692932,0.9079365134239197,0.48428571224212646
YML049C,YML098W,0,-8.171285,0.1578366458415985,0.9079365134239197,0.48444443941116333
YPR093C,YCL060C,0,-8.171517,0.1577931046485901,0.9079365134239197,0.4846031665802002
YLR363C,YHR165C,0,-8.171601,0.15774959325790405,0.9079365134239197,0.48476189374923706
YDR036C,YLR372W,0,-8.17167,0.1577060967683792,0.9079365134239197,0.4849206209182739
YOR067C,YKL007W,0,-8.171711,0.15766263008117676,0.9079365134239197,0.4850793778896332
YLR328W,YOL125W,0,-8.173457,0.1576191782951355,0.9079365134239197,0.48523810505867004
YKR039W,YJL183W,0,-8.1739645,0.15757575631141663,0.9079365134239197,0.4853968322277069
YER020W,YBR289W,1,-8.174766,0.15780776739120483,0.9095237851142883,0.4853968322277069
YDR231C,YOR216C,0,-8.175011,0.15776431560516357,0.9095237851142883,0.4855555593967438
YGL180W,YIL053W,0,-8.175473,0.1577208936214447,0.9095237851142883,0.48571428656578064
YER008C,YPR101W,0,-8.175576,0.15767748653888702,0.9095237851142883,0.4858730137348175
YBR179C,YLR090W,0,-8.176749,0.15763410925865173,0.9095237851142883,0.48603174090385437
YBR026C,YAR031W,0,-8.176801,0.15759076178073883,0.9095237851142883,0.48619046807289124
YKR066C,YPR072W,0,-8.177115,0.15754742920398712,0.9095237851142883,0.4863491952419281
YKL079W,YLR467W,0,-8.178356,0.1575041264295578,0.9095237851142883,0.48650792241096497
YBL105C,YER104W,0,-8.178565,0.15746083855628967,0.9095237851142883,0.4866666793823242
YEL069C,YHR031C,0,-8.178771,0.15741758048534393,0.9095237851142883,0.4868254065513611
YGR040W,YHR073W,1,-8.179709,0.1576489955186844,0.9111111164093018,0.4868254065513611
YJL111W,YPR056W,0,-8.179725,0.15760570764541626,0.9111111164093018,0.48698413372039795
YNL074C,YER006W,0,-8.179927,0.15756244957447052,0.9111111164093018,0.4871428608894348
YJR009C,YER137C-A,0,-8.180384,0.15751920640468597,0.9111111164093018,0.4873015880584717
YLR145W,YER093C,0,-8.180672,0.15747599303722382,0.9111111164093018,0.48746031522750854
YLR229C,YJL089W,1,-8.180764,0.157707080245018,0.9126983880996704,0.48746031522750854
YGL016W,YFL060C,0,-8.181656,0.15766383707523346,0.9126983880996704,0.4876190423965454
YMR270C,YGR109W-A,0,-8.182863,0.1576206088066101,0.9126983880996704,0.4877777695655823
YML130C,YKL068W,0,-8.182907,0.15757742524147034,0.9126983880996704,0.48793649673461914
YNL172W,YPL235W,0,-8.182926,0.15753424167633057,0.9126983880996704,0.488095223903656
YJL196C,YOR157C,0,-8.184466,0.15749110281467438,0.9126983880996704,0.48825398087501526
YLR201C,YLR377C,0,-8.184967,0.15744797885417938,0.9126983880996704,0.4884127080440521
YDL227C,YGL143C,0,-8.185086,0.15740486979484558,0.9126983880996704,0.488571435213089
YBR200W,YNL163C,0,-8.185189,0.15736179053783417,0.9126983880996704,0.48873016238212585
YKL134C,YNL093W,0,-8.185912,0.15731874108314514,0.9126983880996704,0.4888888895511627
YJR135C,YML016C,0,-8.186588,0.1572757065296173,0.9126983880996704,0.4890476167201996
YGR095C,YBR216C,0,-8.186833,0.15723270177841187,0.9126983880996704,0.48920634388923645
YAL015C,YPL138C,0,-8.186936,0.1571897268295288,0.9126983880996704,0.4893650710582733
YOR260W,YOR213C,0,-8.187038,0.15714676678180695,0.9126983880996704,0.4895237982273102
YBL004W,YHL009C,0,-8.187114,0.15710382163524628,0.9126983880996704,0.48968252539634705
YDR191W,YDL038C,0,-8.19024,0.157060906291008,0.9126983880996704,0.4898412823677063
YKR039W,YNL334C,0,-8.190468,0.1570180207490921,0.9126983880996704,0.49000000953674316
YDR208W,YGR275W,0,-8.190864,0.1569751501083374,0.9126983880996704,0.49015873670578003
YDR138W,YOR150W,0,-8.192208,0.1569323092699051,0.9126983880996704,0.4903174638748169
YBL050W,YDR170W-A,0,-8.192738,0.15688949823379517,0.9126983880996704,0.49047619104385376
YMR224C,YBL079W,0,-8.192884,0.15684670209884644,0.9126983880996704,0.4906349182128906
YGR230W,YOR226C,0,-8.192913,0.1568039208650589,0.9126983880996704,0.4907936453819275
YGL163C,YDR489W,0,-8.19333,0.15676118433475494,0.9126983880996704,0.49095237255096436
YML095C,YBR030W,0,-8.193448,0.156718447804451,0.9126983880996704,0.4911110997200012
YDL008W,YMR281W,0,-8.193476,0.15667575597763062,0.9126983880996704,0.4912698268890381
YPR083W,YAL029C,0,-8.193507,0.15663306415081024,0.9126983880996704,0.49142858386039734
YGR041W,YOL064C,0,-8.193723,0.15659041702747345,0.9126983880996704,0.4915873110294342
YLL042C,YOL026C,0,-8.194165,0.15654778480529785,0.9126983880996704,0.49174603819847107
YPL122C,YNL131W,0,-8.195009,0.15650516748428345,0.9126983880996704,0.49190476536750793
YBR118W,YPR125W,0,-8.195312,0.15646257996559143,0.9126983880996704,0.4920634925365448
YER030W,YJR068W,0,-8.195584,0.1564200222492218,0.9126983880996704,0.49222221970558167
YLR160C,YCR020C-A,0,-8.196477,0.15637747943401337,0.9126983880996704,0.49238094687461853
YLR206W,YER110C,0,-8.196673,0.15633496642112732,0.9126983880996704,0.4925396740436554
YOL126C,YFL002W-B,0,-8.196754,0.15629246830940247,0.9126983880996704,0.49269840121269226
YML001W,YPR137C-B,0,-8.196974,0.15625,0.9126983880996704,0.4928571283817291
YGR086C,YMR284W,0,-8.197112,0.15620754659175873,0.9126983880996704,0.4930158853530884
YLR105C,YIR011C,0,-8.197333,0.15616512298583984,0.9126983880996704,0.49317461252212524
YPR055W,YMR243C,0,-8.197839,0.15612272918224335,0.9126983880996704,0.4933333396911621
YOL008W,YBR295W,0,-8.19823,0.15608035027980804,0.9126983880996704,0.493492066860199
YPL049C,YDL159W,1,-8.198558,0.1563093662261963,0.9142857193946838,0.493492066860199
YCR107W,YHR058C,0,-8.201253,0.1562669575214386,0.9142857193946838,0.49365079402923584
YJL003W,YLR425W,0,-8.201301,0.1562245786190033,0.9142857193946838,0.4938095211982727
YKL064W,YGR111W,0,-8.202131,0.1561822146177292,0.9142857193946838,0.49396824836730957
YDR375C,YNL293W,0,-8.2022505,0.15613988041877747,0.9142857193946838,0.49412697553634644
YCR066W,YKR056W,0,-8.2024975,0.15609756112098694,0.9142857193946838,0.4942857027053833
YDR490C,YNL282W,0,-8.202506,0.1560552716255188,0.9142857193946838,0.49444442987442017
YJR073C,YFL049W,0,-8.203391,0.15601299703121185,0.9142857193946838,0.4946031868457794
YKL079W,YLR035C-A,0,-8.203759,0.1559707522392273,0.9142857193946838,0.4947619140148163
YDR214W,YHL012W,0,-8.203846,0.15592853724956512,0.9142857193946838,0.49492064118385315
YOR380W,YDL118W,0,-8.204077,0.15588633716106415,0.9142857193946838,0.49507936835289
YAL054C,YDR208W,0,-8.20465,0.15584415197372437,0.9142857193946838,0.4952380955219269
YIL128W,YBR165W,0,-8.204757,0.15580199658870697,0.9142857193946838,0.49539682269096375
YPL124W,YML124C,0,-8.205016,0.15575987100601196,0.9142857193946838,0.4955555498600006
YGL247W,YLR381W,0,-8.205522,0.15571776032447815,0.9142857193946838,0.4957142770290375
YHR150W,YPR036W-A,0,-8.206002,0.15567567944526672,0.9142857193946838,0.49587300419807434
YDR231C,YOR295W,0,-8.2064085,0.1556336134672165,0.9142857193946838,0.4960317313671112
YLR391W,YDR081C,0,-8.2064085,0.15559157729148865,0.9142857193946838,0.49619048833847046
YFR036W,YOR126C,0,-8.206769,0.155549556016922,0.9142857193946838,0.4963492155075073
YHR187W,YLR266C,0,-8.206869,0.15550756454467773,0.9142857193946838,0.4965079426765442
YPL237W,YLR410W-B,0,-8.206915,0.15546558797359467,0.9142857193946838,0.49666666984558105
YDR013W,YNL273W,0,-8.207033,0.15542364120483398,0.9142857193946838,0.4968253970146179
YDR146C,YDR057W,0,-8.207069,0.1553817093372345,0.9142857193946838,0.4969841241836548
YBR086C,YGR038C-A,0,-8.207736,0.1553398072719574,0.9142857193946838,0.49714285135269165
YBR026C,YER111C,0,-8.208023,0.1552979201078415,0.9142857193946838,0.4973015785217285
YBR156C,YNL332W,0,-8.208238,0.15525606274604797,0.9142857193946838,0.4974603056907654
YOL088C,YJL173C,0,-8.208556,0.15521423518657684,0.9142857193946838,0.49761903285980225
YKL008C,YPR078C,0,-8.208625,0.1551724076271057,0.9142857193946838,0.4977777898311615
YOL146W,YBR175W,0,-8.208958,0.15513062477111816,0.9142857193946838,0.49793651700019836
YKL011C,YCL060C,0,-8.209884,0.1550888568162918,0.9142857193946838,0.49809524416923523
YDL198C,YMR236W,0,-8.209897,0.15504710376262665,0.9142857193946838,0.4982539713382721
YLR223C,YBR081C,0,-8.210866,0.15500538051128387,0.9142857193946838,0.49841269850730896
YKL146W,YEL050C,0,-8.211286,0.1549636870622635,0.9142857193946838,0.4985714256763458
YMR312W,YDL005C,0,-8.211322,0.1549220085144043,0.9142857193946838,0.4987301528453827
YDR320C,YLR020C,0,-8.211497,0.1548803448677063,0.9142857193946838,0.49888888001441956
YJL210W,YNL253W,0,-8.212583,0.1548387110233307,0.9142857193946838,0.4990476071834564
YIL040W,YOR380W,0,-8.212977,0.15479709208011627,0.9142857193946838,0.4992063343524933
YER157W,YLR157C-B,0,-8.213334,0.15475550293922424,0.9142857193946838,0.49936509132385254
YLR381W,YBL057C,0,-8.213491,0.1547139436006546,0.9142857193946838,0.4995238184928894
YER172C,YJR019C,0,-8.21358,0.15467239916324615,0.9142857193946838,0.49968254566192627
YNL006W,YBR050C,0,-8.213631,0.1546308696269989,0.9142857193946838,0.49984127283096313
YGL065C,YNL209W,0,-8.215477,0.15458936989307404,0.9142857193946838,0.5
YOR171C,YDR210C-D,0,-8.215619,0.15454789996147156,0.9142857193946838,0.5001587271690369
YPR001W,YLR067C,0,-8.2158575,0.15450644493103027,0.9142857193946838,0.5003174543380737
YBR009C,YER154W,0,-8.216046,0.15446500480175018,0.9142857193946838,0.5004761815071106
YBL058W,YNL202W,0,-8.216123,0.15442359447479248,0.9142857193946838,0.5006349086761475
YOL143C,YPL208W,0,-8.216238,0.15438219904899597,0.9142857193946838,0.5007936358451843
YBL041W,YOR148C,0,-8.21632,0.15434083342552185,0.9142857193946838,0.5009523630142212
YPL051W,YDR323C,0,-8.216369,0.15429949760437012,0.9142857193946838,0.5011110901832581
YJR076C,YER044C,0,-8.216761,0.15425816178321838,0.9142857193946838,0.5012698173522949
YBL099W,YBR077C,0,-8.216871,0.15421687066555023,0.9142857193946838,0.5014285445213318
YBR216C,YDR365W-B,0,-8.217074,0.15417559444904327,0.9142857193946838,0.5015873312950134
YGL238W,YOL103W-B,0,-8.217772,0.1541343331336975,0.9142857193946838,0.5017460584640503
YDL227C,YDR289C,0,-8.217934,0.15409310162067413,0.9142857193946838,0.5019047856330872
YDR039C,YBR061C,0,-8.218817,0.15405188500881195,0.9142857193946838,0.502063512802124
YFL014W,YBR012W-A,0,-8.219691,0.15401069819927216,0.9142857193946838,0.5022222399711609
YHR116W,YKL086W,0,-8.220324,0.15396952629089355,0.9142857193946838,0.5023809671401978
YFL011W-A,YNL084C,0,-8.220345,0.15392838418483734,0.9142857193946838,0.5025396943092346
YNL119W,YBR289W,1,-8.22078,0.15415441989898682,0.9158729910850525,0.5025396943092346
YHR077C,YKL086W,0,-8.220832,0.15411324799060822,0.9158729910850525,0.5026984214782715
YER062C,YBL005W-A,0,-8.221711,0.1540720909833908,0.9158729910850525,0.5028571486473083
YPR199C,YLR183C,0,-8.224312,0.1540309637784958,0.9158729910850525,0.5030158758163452
YLR340W,YNL054W-A,0,-8.224622,0.15398985147476196,0.9158729910850525,0.5031746029853821
YBL063W,YDR489W,0,-8.225633,0.15394876897335052,0.9158729910850525,0.503333330154419
YPR191W,YJR127C,0,-8.226077,0.15390770137310028,0.9158729910850525,0.5034920573234558
YPL240C,YDR325W,0,-8.226507,0.15386666357517242,0.9158729910850525,0.5036507844924927
YNL009W,YOR115C,0,-8.227733,0.15382564067840576,0.9158729910850525,0.5038095116615295
YER014C-A,YOR116C,0,-8.228494,0.1537846475839615,0.9158729910850525,0.5039682388305664
YNR030W,YOR343W-B,0,-8.228582,0.1537436693906784,0.9158729910850525,0.5041269659996033
YDR345C,YNL284C-A,0,-8.229118,0.1537027209997177,0.9158729910850525,0.5042856931686401
YER032W,YGR057C,0,-8.230498,0.1536617875099182,0.9158729910850525,0.504444420337677
YMR137C,YDR255C,0,-8.231144,0.1536208689212799,0.9158729910850525,0.5046031475067139
YOR315W,YPL234C,0,-8.231188,0.153579980134964,0.9158729910850525,0.5047619342803955
YAL022C,YAL024C,0,-8.231759,0.15353912115097046,0.9158729910850525,0.5049206614494324
YJR013W,YPR055W,0,-8.232381,0.15349827706813812,0.9158729910850525,0.5050793886184692
YGL116W,YBL064C,0,-8.232882,0.15345744788646698,0.9158729910850525,0.5052381157875061
YOR371C,YNL119W,1,-8.232931,0.15368252992630005,0.9174603223800659,0.5052381157875061
YGL210W-A,YLR426W,0,-8.233582,0.1536416858434677,0.9174603223800659,0.505396842956543
YER054C,YNL291C,0,-8.233886,0.15360085666179657,0.9174603223800659,0.5055555701255798
YKR062W,YDR177W,0,-8.234039,0.15356004238128662,0.9174603223800659,0.5057142972946167
YFL013C,YLR011W,0,-8.2347,0.15351925790309906,0.9174603223800659,0.5058730244636536
YML103C,YNL273W,0,-8.2347555,0.1534784883260727,0.9174603223800659,0.5060317516326904
YMR038C,YML052W,0,-8.235738,0.1534377485513687,0.9174603223800659,0.5061904788017273
YPR164W,YPR108W,0,-8.236024,0.15339702367782593,0.9174603223800659,0.5063492059707642
YGR227W,YHR187W,0,-8.23603,0.15335632860660553,0.9174603223800659,0.506507933139801
YML116W,YPL096W,0,-8.2363205,0.15331564843654633,0.9174603223800659,0.5066666603088379
YDR014W-A,YKR097W,0,-8.2364645,0.1532749980688095,0.9174603223800659,0.5068253874778748
YNL259C,YDR025W,0,-8.237962,0.1532343626022339,0.9174603223800659,0.5069841146469116
YBR161W,YLR157C-A,0,-8.23803,0.15319374203681946,0.9174603223800659,0.5071428418159485
YML013W,YPL124W,0,-8.2386,0.15315315127372742,0.9174603223800659,0.5073015689849854
YHR150W,YNL209W,0,-8.239118,0.15311257541179657,0.9174603223800659,0.5074602961540222
YNL271C,YOR087W,0,-8.239415,0.1530720293521881,0.9174603223800659,0.5076190233230591
YFL035C,YDR175C,0,-8.239543,0.15303151309490204,0.9174603223800659,0.507777750492096
YBL074C,YNR030W,0,-8.239595,0.15299099683761597,0.9174603223800659,0.5079365372657776
YLR266C,YIL126W,0,-8.239734,0.15295051038265228,0.9174603223800659,0.5080952644348145
YKL170W,YDR328C,0,-8.239975,0.152910053730011,0.9174603223800659,0.5082539916038513
YDR118W,YKL114C,0,-8.240217,0.15286961197853088,0.9174603223800659,0.5084127187728882
YGL206C,YJL156C,0,-8.240251,0.15282918512821198,0.9174603223800659,0.508571445941925
YOL086C,YPL276W,0,-8.24146,0.15278878808021545,0.9174603223800659,0.5087301731109619
YKL093W,YDR192C,0,-8.241616,0.15274842083454132,0.9174603223800659,0.5088889002799988
YHR096C,YNR026C,0,-8.243094,0.1527080535888672,0.9174603223800659,0.5090476274490356
YDR270W,YMR229C,0,-8.243241,0.15266771614551544,0.9174603223800659,0.5092063546180725
YML008C,YGR161W-A,0,-8.243989,0.15262740850448608,0.9174603223800659,0.5093650817871094
YLR175W,YOR372C,0,-8.244193,0.15258711576461792,0.9174603223800659,0.5095238089561462
YGR231C,YIL073C,0,-8.244283,0.15254685282707214,0.9174603223800659,0.5096825361251831
YMR065W,YDR281C,0,-8.244887,0.15250658988952637,0.9174603223800659,0.50984126329422
YDL247W,YER103W,0,-8.244987,0.15246637165546417,0.9174603223800659,0.5099999904632568
YMR219W,YML064C,0,-8.245183,0.15242615342140198,0.9174603223800659,0.5101587176322937
YCR020W-B,YBL064C,0,-8.245242,0.15238597989082336,0.9174603223800659,0.5103174448013306
YNL264C,YGR046W,0,-8.246125,0.15234580636024475,0.9174603223800659,0.5104761719703674
YGR220C,YPL041C,0,-8.247026,0.15230566263198853,0.9174603223800659,0.5106348991394043
YIL014W,YHL009W-A,0,-8.2481985,0.1522655487060547,0.9174603223800659,0.5107936263084412
YGR183C,YPR107C,0,-8.248358,0.15222543478012085,0.9174603223800659,0.510952353477478
YGR274C,YKL075C,0,-8.249403,0.1521853655576706,0.9174603223800659,0.5111111402511597
YDL008W,YDL079C,0,-8.249964,0.15214529633522034,0.9174603223800659,0.5112698674201965
YJR135C,YER116C,0,-8.250002,0.15210525691509247,0.9174603223800659,0.5114285945892334
YPL118W,YGR075C,0,-8.251374,0.152065247297287,0.9174603223800659,0.5115873217582703
YGL163C,YPR107C,0,-8.251477,0.1520252525806427,0.9174603223800659,0.5117460489273071
YIL040W,YHR008C,0,-8.251584,0.1519852727651596,0.9174603223800659,0.511904776096344
YGL033W,YNL163C,0,-8.251593,0.1519453227519989,0.9174603223800659,0.5120635032653809
YLR391W-A,YLR223C,0,-8.251767,0.1519053876399994,0.9174603223800659,0.5122222304344177
YOL078W,YGR029W,0,-8.251882,0.15186548233032227,0.9174603223800659,0.5123809576034546
YPL231W,YFL013C,0,-8.251935,0.15182557702064514,0.9174603223800659,0.5125396847724915
YMR116C,YIR019C,1,-8.252434,0.15204831957817078,0.9190475940704346,0.5125396847724915
YGR175C,YPR181C,0,-8.253021,0.15200839936733246,0.9190475940704346,0.5126984119415283
YNL291C,YGR213C,0,-8.253621,0.15196850895881653,0.9190475940704346,0.5128571391105652
YMR042W,YDL085W,0,-8.254596,0.1519286334514618,0.9190475940704346,0.513015866279602
YKL110C,YKL093W,0,-8.255553,0.15188877284526825,0.9190475940704346,0.5131745934486389
YHR096C,YGL252C,0,-8.255736,0.1518489420413971,0.9190475940704346,0.5133333206176758
YGR077C,YLR157C-A,0,-8.255839,0.15180912613868713,0.9190475940704346,0.5134920477867126
YPR176C,YBR244W,0,-8.256648,0.15176932513713837,0.9190475940704346,0.5136507749557495
YJL071W,YDR034C-D,0,-8.25679,0.151729553937912,0.9190475940704346,0.5138095021247864
YML005W,YMR243C,0,-8.256942,0.151689812541008,0.9190475940704346,0.5139682292938232
YAL009W,YCR018C,0,-8.256971,0.151650071144104,0.9190475940704346,0.5141269564628601
YHL003C,YFL018W-A,0,-8.257281,0.1516103744506836,0.9190475940704346,0.5142857432365417
YAR044W,YJL109C,0,-8.257955,0.15157067775726318,0.9190475940704346,0.5144444704055786
YDR377W,YFR013W,0,-8.258051,0.15153101086616516,0.9190475940704346,0.5146031975746155
YPR105C,YIL007C,0,-8.259082,0.15149135887622833,0.9190475940704346,0.5147619247436523
YPL163C,YLR227W-B,0,-8.259672,0.1514517366886139,0.9190475940704346,0.5149206519126892
YML086C,YNL257C,0,-8.259749,0.15141212940216064,0.9190475940704346,0.5150793790817261
YGR252W,YPR182W,0,-8.259944,0.15137255191802979,0.9190475940704346,0.5152381062507629
YDR091C,YOR192C-A,0,-8.260491,0.15133298933506012,0.9190475940704346,0.5153968334197998
YPR122W,YAL058W,0,-8.260713,0.15129344165325165,0.9190475940704346,0.5155555605888367
YNR002C,YJR074W,0,-8.260744,0.15125392377376556,0.9190475940704346,0.5157142877578735
YDR118W,YDL118W,0,-8.261086,0.15121442079544067,0.9190475940704346,0.5158730149269104
YDR263C,YHR061C,0,-8.261283,0.15117493271827698,0.9190475940704346,0.5160317420959473
YJR120W,YMR050C,0,-8.261702,0.15113547444343567,0.9190475940704346,0.5161904692649841
YGL119W,YKR056W,0,-8.262009,0.15109603106975555,0.9190475940704346,0.516349196434021
YGR112W,YEL002C,0,-8.262273,0.15105661749839783,0.9190475940704346,0.5165079236030579
YOL139C,YLR450W,0,-8.263181,0.1510172188282013,0.9190475940704346,0.5166666507720947
YJR057W,YIL031W,0,-8.263253,0.15097783505916595,0.9190475940704346,0.5168253779411316
YDR259C,YDR261W-A,0,-8.264384,0.150938481092453,0.9190475940704346,0.5169841051101685
YER159C,YIL077C,0,-8.265196,0.15089914202690125,0.9190475940704346,0.5171428322792053
YPR155C,YBR182C,0,-8.265315,0.15085981786251068,0.9190475940704346,0.5173015594482422
YKL138C-A,YIL018W,0,-8.26616,0.1508205235004425,0.9190475940704346,0.5174603462219238
YMR083W,YDR375C,0,-8.267172,0.15078124403953552,0.9190475940704346,0.5176190733909607
YGR120C,YDL185W,0,-8.267253,0.15074199438095093,0.9190475940704346,0.5177778005599976
YOR341W,YJL129C,0,-8.269071,0.15070275962352753,0.9190475940704346,0.5179365277290344
YLR340W,YOR035C,0,-8.269614,0.15066353976726532,0.9190475940704346,0.5180952548980713
YNL099C,YOR116C,0,-8.270608,0.1506243497133255,0.9190475940704346,0.5182539820671082
YCL005W-A,YGR109W-A,0,-8.271031,0.15058517456054688,0.9190475940704346,0.518412709236145
YOR201C,YHR039C-B,0,-8.27223,0.15054602921009064,0.9190475940704346,0.5185714364051819
YIL035C,YER075C,0,-8.272378,0.1505068838596344,0.9190475940704346,0.5187301635742188
YOR388C,YMR065W,0,-8.27265,0.15046776831150055,0.9190475940704346,0.5188888907432556
YDR173C,YJL093C,0,-8.272763,0.1504286825656891,0.9190475940704346,0.5190476179122925
YGR152C,YIL077C,0,-8.2728,0.15038961172103882,0.9190475940704346,0.5192063450813293
YHR016C,YLL017W,0,-8.273238,0.15035055577754974,0.9190475940704346,0.5193650722503662
YKR025W,YER169W,0,-8.2733345,0.15031152963638306,0.9190475940704346,0.5195237994194031
YDR052C,YDL038C,0,-8.274168,0.15027251839637756,0.9190475940704346,0.5196825265884399
YLR231C,YPR182W,0,-8.27419,0.15023352205753326,0.9190475940704346,0.5198412537574768
YPL194W,YCR024C-A,0,-8.274325,0.15019455552101135,0.9190475940704346,0.5199999809265137
YNR032C-A,YMR022W,0,-8.275899,0.15015560388565063,0.9190475940704346,0.5201587080955505
YBL085W,YLR221C,0,-8.276388,0.1501166671514511,0.9190475940704346,0.5203174352645874
YJR043C,YMR127C,0,-8.277663,0.15007776021957397,0.9190475940704346,0.5204761624336243
YNL281W,YMR305C,0,-8.277875,0.15003886818885803,0.9190475940704346,0.5206349492073059
YKL002W,YPL087W,0,-8.278398,0.15000000596046448,0.9190475940704346,0.5207936763763428
YNL112W,YNL156C,0,-8.278935,0.14996114373207092,0.9190475940704346,0.5209524035453796
YPL262W,YEL056W,0,-8.279602,0.14992232620716095,0.9190475940704346,0.5211111307144165
YNR027W,YGL094C,0,-8.280261,0.14988350868225098,0.9190475940704346,0.5212698578834534
YAL044C,YGL225W,0,-8.280595,0.1498447209596634,0.9190475940704346,0.5214285850524902
YFR019W,YHR020W,0,-8.280922,0.149805948138237,0.9190475940704346,0.5215873122215271
YOR063W,YPR137C-B,0,-8.281757,0.149767205119133,0.9190475940704346,0.521746039390564
YPR020W,YKR020W,0,-8.282392,0.14972847700119019,0.9190475940704346,0.5219047665596008
YNL256W,YKR062W,0,-8.283145,0.14968976378440857,0.9190475940704346,0.5220634937286377
YPL042C,YBR254C,0,-8.28318,0.14965106546878815,0.9190475940704346,0.5222222208976746
YGL254W,YJR119C,0,-8.284331,0.1496123969554901,0.9190475940704346,0.5223809480667114
YGR119C,YDR303C,0,-8.284414,0.14957375824451447,0.9190475940704346,0.5225396752357483
YLR466W,YCL074W,0,-8.284671,0.14953511953353882,0.9190475940704346,0.5226984024047852
YGL033W,YBR172C,0,-8.286681,0.14949651062488556,0.9190475940704346,0.522857129573822
YHR043C,YLR438C-A,0,-8.287089,0.1494579315185547,0.9190475940704346,0.5230158567428589
YGL155W,YOR178C,0,-8.287457,0.14941935241222382,0.9190475940704346,0.5231745839118958
YNL048W,YBR215W,0,-8.28753,0.14938080310821533,0.9190475940704346,0.5233333110809326
YBR215W,YLR298C,0,-8.287927,0.14934226870536804,0.9190475940704346,0.5234920382499695
YPR019W,YDR341C,0,-8.288852,0.14930376410484314,0.9190475940704346,0.5236507654190063
YNR059W,YLL056C,0,-8.288959,0.14926527440547943,0.9190475940704346,0.523809552192688
YAR002C-A,YHR118C,0,-8.289021,0.14922679960727692,0.9190475940704346,0.5239682793617249
YNR044W,YOR194C,0,-8.289381,0.1491883546113968,0.9190475940704346,0.5241270065307617
YMR136W,YML045W-A,0,-8.289642,0.14914992451667786,0.9190475940704346,0.5242857336997986
YDR245W,YHR138C,0,-8.289689,0.14911150932312012,0.9190475940704346,0.5244444608688354
YNL227C,YBR295W,0,-8.290055,0.14907312393188477,0.9190475940704346,0.5246031880378723
YPR105C,YGL225W,0,-8.292866,0.1490347534418106,0.9190475940704346,0.5247619152069092
YLR295C,YBR195C,0,-8.292905,0.14899639785289764,0.9190475940704346,0.524920642375946
YDR163W,YPL206C,0,-8.293903,0.14895807206630707,0.9190475940704346,0.5250793695449829
YKL190W,YIL144W,0,-8.294318,0.1489197462797165,0.9190475940704346,0.5252380967140198
YNL123W,YMR129W,0,-8.294492,0.1488814651966095,0.9190475940704346,0.5253968238830566
YDL024C,YOR275C,1,-8.294697,0.14910025894641876,0.920634925365448,0.5253968238830566
YGR014W,YDR210C-D,0,-8.29502,0.14906193315982819,0.920634925365448,0.5255555510520935
YIL018W,YBR012W-B,0,-8.29539,0.14902363717556,0.920634925365448,0.5257142782211304
YOR031W,YFR051C,0,-8.295582,0.148985356092453,0.920634925365448,0.5258730053901672
YNL177C,YER111C,0,-8.295909,0.1489471048116684,0.920634925365448,0.5260317325592041
YGR014W,YML109W,0,-8.296964,0.1489088535308838,0.920634925365448,0.526190459728241
YPL061W,YDR515W,0,-8.297061,0.14887063205242157,0.920634925365448,0.5263491868972778
YMR013C,YDR210W-B,0,-8.297378,0.14883244037628174,0.920634925365448,0.5265079140663147
YDR499W,YDR113C,0,-8.297843,0.1487942487001419,0.920634925365448,0.5266666412353516
YGL112C,YLR157C-B,0,-8.298341,0.14875608682632446,0.920634925365448,0.5268253684043884
YDR244W,YJR143C,0,-8.299104,0.1487179547548294,0.920634925365448,0.5269841551780701
YER062C,YKL140W,0,-8.299985,0.14867982268333435,0.920634925365448,0.5271428823471069
YAL041W,YGR161C-D,0,-8.300554,0.14864172041416168,0.920634925365448,0.5273016095161438
YDL099W,YOR361C,0,-8.30224,0.1486036330461502,0.920634925365448,0.5274603366851807
YIR008C,YPR182W,0,-8.302259,0.14856557548046112,0.920634925365448,0.5276190638542175
YPR134W,YGR221C,0,-8.30262,0.14852753281593323,0.920634925365448,0.5277777910232544
YNL103W,YJR132W,0,-8.302965,0.14848950505256653,0.920634925365448,0.5279365181922913
YJR084W,YDL120W,0,-8.303227,0.14845149219036102,0.920634925365448,0.5280952453613281
YOL009C,YGL219C,0,-8.303539,0.1484135091304779,0.920634925365448,0.528253972530365
YER005W,YLR157C-A,0,-8.3039465,0.14837554097175598,0.920634925365448,0.5284126996994019
YMR065W,YGL100W,0,-8.304179,0.14833760261535645,0.920634925365448,0.5285714268684387
YOL100W,YLR130C,0,-8.304486,0.1482996642589569,0.920634925365448,0.5287301540374756
YNL177C,YOR060C,0,-8.304976,0.14826175570487976,0.920634925365448,0.5288888812065125
YAR031W,YPR036W-A,0,-8.305123,0.1482238620519638,0.920634925365448,0.5290476083755493
YFL055W,YFL029C,0,-8.305394,0.14818599820137024,0.920634925365448,0.5292063355445862
YDR201W,YKL122C,0,-8.305452,0.14814814925193787,0.920634925365448,0.529365062713623
YML118W,YDR142C,0,-8.30552,0.1481103152036667,0.920634925365448,0.5295237898826599
YNL039W,YFR013W,0,-8.306278,0.1480725109577179,0.920634925365448,0.5296825170516968
YOR078W,YPL133C,0,-8.306382,0.1480347067117691,0.920634925365448,0.5298412442207336
YDL213C,YGL127C,0,-8.3064,0.1479969322681427,0.920634925365448,0.5299999713897705
YJL089W,YOR212W,1,-8.306478,0.14821428060531616,0.9222221970558167,0.5299999713897705
YDR147W,YDL064W,0,-8.306739,0.14817649126052856,0.9222221970558167,0.5301587581634521
YJR135C,YNR064C,0,-8.308408,0.14813870191574097,0.9222221970558167,0.530317485332489
YGR113W,YGL013C,0,-8.309227,0.14810094237327576,0.9222221970558167,0.5304762125015259
YOR106W,YKL214C,0,-8.309239,0.14806319773197174,0.9222221970558167,0.5306349396705627
YOR250C,YOR328W,0,-8.309951,0.1480254828929901,0.9222221970558167,0.5307936668395996
YJL203W,YHR008C,0,-8.310781,0.14798776805400848,0.9222221970558167,0.5309523940086365
YPL203W,YIL008W,1,-8.31114,0.1482047438621521,0.9238095283508301,0.5309523940086365
YMR319C,YPL257W-B,0,-8.311307,0.14816699922084808,0.9238095283508301,0.5311111211776733
YPL187W,YMR127C,0,-8.311549,0.14812929928302765,0.9238095283508301,0.5312698483467102
YML095C,YKL140W,0,-8.311774,0.14809159934520721,0.9238095283508301,0.5314285755157471
YLR295C,YDR014W-A,0,-8.311816,0.14805392920970917,0.9238095283508301,0.5315873026847839
YDL164C,YHR099W,0,-8.31224,0.14801627397537231,0.9238095283508301,0.5317460298538208
YJL101C,YJR147W,0,-8.312421,0.14797864854335785,0.9238095283508301,0.5319047570228577
YJR076C,YOR343W-A,0,-8.312731,0.14794102311134338,0.9238095283508301,0.5320634841918945
YPL271W,YFL011W-A,0,-8.313012,0.1479034274816513,0.9238095283508301,0.5322222113609314
YLR048W,YML013W,0,-8.313349,0.14786584675312042,0.9238095283508301,0.5323809385299683
YBR267W,YBR077C,0,-8.313647,0.14782829582691193,0.9238095283508301,0.5325396656990051
YDR163W,YLR145W,0,-8.313942,0.14779075980186462,0.9238095283508301,0.532698392868042
YBR088C,YLR263W,0,-8.314074,0.14775323867797852,0.9238095283508301,0.5328571200370789
YOL061W,YDR289C,0,-8.314144,0.1477157324552536,0.9238095283508301,0.5330158472061157
YDR014W-A,YIL068C,0,-8.3154955,0.14767825603485107,0.9238095283508301,0.5331745743751526
YFR041C,YNL227C,0,-8.315892,0.14764079451560974,0.9238095283508301,0.5333333611488342
YOR039W,YDR334W,0,-8.316054,0.1476033478975296,0.9238095283508301,0.5334920883178711
YOR122C,YOR341W,0,-8.316494,0.14756591618061066,0.9238095283508301,0.533650815486908
YNL231C,YNR064C,0,-8.316981,0.1475285142660141,0.9238095283508301,0.5338095426559448
YAL054C,YDR052C,0,-8.317208,0.14749112725257874,0.9238095283508301,0.5339682698249817
YMR042W,YER053C,0,-8.31774,0.14745375514030457,0.9238095283508301,0.5341269969940186
YLR423C,YEL071W,0,-8.317871,0.14741641283035278,0.9238095283508301,0.5342857241630554
YGL078C,YGL028C,0,-8.3178835,0.1473790854215622,0.9238095283508301,0.5344444513320923
YNL293W,YKL119C,0,-8.318173,0.1473417729139328,0.9238095283508301,0.5346031785011292
YMR117C,YMR313C,0,-8.318578,0.1473044753074646,0.9238095283508301,0.534761905670166
YDR320C,YBL101W-B,0,-8.318587,0.1472672075033188,0.9238095283508301,0.5349206328392029
YPL227C,YOR213C,0,-8.318857,0.14722995460033417,0.9238095283508301,0.5350793600082397
YGR060W,YCR044C,0,-8.319548,0.14719271659851074,0.9238095283508301,0.5352380871772766
YIL159W,YLR079W,0,-8.319606,0.1471554934978485,0.9238095283508301,0.5353968143463135
YFR024C,YJL114W,0,-8.320506,0.14711830019950867,0.9238095283508301,0.5355555415153503
YOR349W,YPL029W,0,-8.32079,0.14708112180233002,0.9238095283508301,0.5357142686843872
YDR377W,YML045W-A,0,-8.321157,0.14704395830631256,0.9238095283508301,0.5358729958534241
YBR087W,YBR081C,0,-8.321392,0.1470068246126175,0.9238095283508301,0.5360317230224609
YPR133W-A,YCL074W,0,-8.321431,0.14696969091892242,0.9238095283508301,0.5361904501914978
YKL092C,YDR189W,0,-8.321999,0.14693258702754974,0.9238095283508301,0.5363491773605347
YNL039W,YLR466W,0,-8.322984,0.14689551293849945,0.9238095283508301,0.5365079641342163
YOR298W,YOL128C,0,-8.323195,0.14685843884944916,0.9238095283508301,0.5366666913032532
YAL058W,YER003C,0,-8.324116,0.14682139456272125,0.9238095283508301,0.53682541847229
YPL051W,YDR167W,0,-8.324218,0.14678436517715454,0.9238095283508301,0.5369841456413269
YDR183W,YNL244C,0,-8.324483,0.14674735069274902,0.9238095283508301,0.5371428728103638
YKR014C,YBL101W-B,0,-8.324737,0.1467103660106659,0.9238095283508301,0.5373015999794006
YDR512C,YER123W,0,-8.324773,0.14667338132858276,0.9238095283508301,0.5374603271484375
YMR149W,YIL023C,0,-8.325917,0.14663642644882202,0.9238095283508301,0.5376190543174744
YJL060W,YAR007C,0,-8.326181,0.14659950137138367,0.9238095283508301,0.5377777814865112
YIR004W,YBR169C,0,-8.326686,0.1465625762939453,0.9238095283508301,0.5379365086555481
YDL149W,YNL082W,0,-8.327127,0.14652568101882935,0.9238095283508301,0.538095235824585
YMR013C,YNL012W,0,-8.32825,0.14648880064487457,0.9238095283508301,0.5382539629936218
YMR033W,YDL007W,0,-8.328366,0.146451935172081,0.9238095283508301,0.5384126901626587
YAL029C,YLR224W,0,-8.328436,0.1464150995016098,0.9238095283508301,0.5385714173316956
YKR037C,YPL163C,0,-8.328473,0.1463782638311386,0.9238095283508301,0.5387301445007324
YDR174W,YJR094C,0,-8.329545,0.1463414579629898,0.9238095283508301,0.5388888716697693
YHR171W,YKR036C,0,-8.329726,0.1463046818971634,0.9238095283508301,0.5390475988388062
YJL005W,YLR035C-A,0,-8.33001,0.14626790583133698,0.9238095283508301,0.539206326007843
YHR166C,YPR104C,0,-8.330167,0.14623115956783295,0.9238095283508301,0.5393650531768799
YOR079C,YDR527W,0,-8.330213,0.1461944282054901,0.9238095283508301,0.5395237803459167
YDR009W,YDR397C,0,-8.330806,0.14615771174430847,0.9238095283508301,0.5396825671195984
YDR069C,YCL074W,0,-8.330936,0.14612101018428802,0.9238095283508301,0.5398412942886353
YMR068W,YLR227W-B,0,-8.33187,0.14608433842658997,0.9238095283508301,0.5400000214576721
YBL040C,YHR120W,0,-8.332309,0.1460476815700531,0.9238095283508301,0.540158748626709
YML019W,YIL037C,0,-8.332875,0.14601103961467743,0.9238095283508301,0.5403174757957458
YER001W,YPR018W,0,-8.333115,0.14597441256046295,0.9238095283508301,0.5404762029647827
YDL024C,YJL089W,1,-8.333207,0.14618857204914093,0.9253968000411987,0.5404762029647827
YDR028C,YDR059C,0,-8.333622,0.14615191519260406,0.9253968000411987,0.5406349301338196
YOR119C,YER029C,0,-8.33373,0.1461152881383896,0.9253968000411987,0.5407936573028564
YER030W,YGL092W,0,-8.334018,0.1460786759853363,0.9253968000411987,0.5409523844718933
YCR060W,YBR012W-B,0,-8.334763,0.1460420787334442,0.9253968000411987,0.5411111116409302
YJR084W,YOR217W,0,-8.335038,0.1460055112838745,0.9253968000411987,0.541269838809967
YOR250C,YER138C,0,-8.335565,0.145968958735466,0.9253968000411987,0.5414285659790039
YJR153W,YDR261W-A,0,-8.336726,0.1459324210882187,0.9253968000411987,0.5415872931480408
YMR011W,YDR098C-A,0,-8.337218,0.14589589834213257,0.9253968000411987,0.5417460203170776
YMR128W,YOL031C,0,-8.338315,0.14585939049720764,0.9253968000411987,0.5419047474861145
YJR121W,YCL067C,0,-8.338395,0.1458229124546051,0.9253968000411987,0.5420634746551514
YAL038W,YOL039W,0,-8.338631,0.14578644931316376,0.9253968000411987,0.5422222018241882
YCR075C,YJR052W,0,-8.338809,0.1457500010728836,0.9253968000411987,0.5423809289932251
YJR086W,YBL101W-B,0,-8.339124,0.14571356773376465,0.9253968000411987,0.542539656162262
YER020W,YNL119W,1,-8.339193,0.1459270417690277,0.9269841313362122,0.542539656162262
YNR007C,YJL111W,0,-8.33945,0.14589057862758636,0.9269841313362122,0.5426983833312988
YMR113W,YDL226C,0,-8.340722,0.1458541452884674,0.9269841313362122,0.5428571701049805
YLR246W,YGR245C,0,-8.341846,0.14581772685050964,0.9269841313362122,0.5430158972740173
YPL154C,YDL059C,0,-8.342092,0.14578132331371307,0.9269841313362122,0.5431746244430542
YGR060W,YOR142W,0,-8.342396,0.1457449495792389,0.9269841313362122,0.5433333516120911
YFR024C-A,YFL016C,0,-8.342824,0.1457085758447647,0.9269841313362122,0.5434920787811279
YML121W,YGL205W,0,-8.343775,0.14567223191261292,0.9269841313362122,0.5436508059501648
YBR159W,YPR178W,0,-8.343879,0.14563590288162231,0.9269841313362122,0.5438095331192017
YOR230W,YHL009W-A,0,-8.344358,0.1455996036529541,0.9269841313362122,0.5439682602882385
YEL015W,YHR200W,0,-8.344555,0.1455633044242859,0.9269841313362122,0.5441269874572754
YML118W,YML015C,0,-8.345471,0.14552703499794006,0.9269841313362122,0.5442857146263123
YER029C,YIL129C,0,-8.345827,0.14549078047275543,0.9269841313362122,0.5444444417953491
YKL011C,YDL097C,0,-8.346156,0.145454540848732,0.9269841313362122,0.544603168964386
YJR022W,YNL236W,0,-8.346158,0.14541833102703094,0.9269841313362122,0.5447618961334229
YDL006W,YDL007W,0,-8.346892,0.1453821212053299,0.9269841313362122,0.5449206233024597
YLL050C,YGL068W,0,-8.3482485,0.14534594118595123,0.9269841313362122,0.5450793504714966
YLR096W,YGR296W,0,-8.348384,0.14530977606773376,0.9269841313362122,0.5452380776405334
YLL018C-A,YMR156C,0,-8.348996,0.1452736258506775,0.9269841313362122,0.5453968048095703
YNL082W,YJL139C,0,-8.349311,0.1452375054359436,0.9269841313362122,0.5455555319786072
YEL003W,YDR059C,0,-8.349436,0.14520138502120972,0.9269841313362122,0.545714259147644
YBR085W,YIL142W,0,-8.350219,0.14516529440879822,0.9269841313362122,0.5458729863166809
YLL001W,YOL005C,0,-8.35046,0.1451292186975479,0.9269841313362122,0.5460317730903625
YNL030W,YPL206C,0,-8.350508,0.14509317278862,0.9269841313362122,0.5461905002593994
YLR039C,YOR047C,0,-8.350509,0.14505712687969208,0.9269841313362122,0.5463492274284363
YGR206W,YML023C,0,-8.35069,0.14502111077308655,0.9269841313362122,0.5465079545974731
YCL033C,YDR065W,0,-8.350902,0.1449851095676422,0.9269841313362122,0.54666668176651
YCL074W,YGR272C,0,-8.351086,0.14494912326335907,0.9269841313362122,0.5468254089355469
YML019W,YPR189W,0,-8.352134,0.14491315186023712,0.9269841313362122,0.5469841361045837
YPR002W,YPR158W-B,0,-8.352515,0.14487719535827637,0.9269841313362122,0.5471428632736206
YHR214C-C,YNL313C,0,-8.352578,0.144841268658638,0.9269841313362122,0.5473015904426575
YPR141C,YBR037C,0,-8.352866,0.14480535686016083,0.9269841313362122,0.5474603176116943
YBL020W,YKR072C,0,-8.352958,0.14476945996284485,0.9269841313362122,0.5476190447807312
YGL065C,YOR230W,0,-8.354207,0.14473357796669006,0.9269841313362122,0.5477777719497681
YGL187C,YOR064C,0,-8.35422,0.14469772577285767,0.9269841313362122,0.5479364991188049
YGL236C,YGR044C,0,-8.354916,0.14466187357902527,0.9269841313362122,0.5480952262878418
YLR370C,YDR170W-A,0,-8.35567,0.14462605118751526,0.9269841313362122,0.5482539534568787
YPL135W,YDR312W,0,-8.356065,0.14459024369716644,0.9269841313362122,0.5484126806259155
YGL005C,YHR214C-C,0,-8.356149,0.14455445110797882,0.9269841313362122,0.5485714077949524
YDL174C,YFR002W,0,-8.357451,0.1445186883211136,0.9269841313362122,0.5487301349639893
YLR011W,YDL112W,0,-8.357932,0.14448292553424835,0.9269841313362122,0.5488888621330261
YPL208W,YIL080W,0,-8.358327,0.1444471925497055,0.9269841313362122,0.549047589302063
YJR083C,YDR055W,0,-8.358748,0.14441147446632385,0.9269841313362122,0.5492063760757446
YDL007W,YBL106C,0,-8.359302,0.1443757712841034,0.9269841313362122,0.5493651032447815
YML059C,YGR056W,0,-8.360143,0.14434008300304413,0.9269841313362122,0.5495238304138184
YMR133W,YDR382W,0,-8.360715,0.14430442452430725,0.9269841313362122,0.5496825575828552
YKL135C,YIL010W,0,-8.360884,0.14426878094673157,0.9269841313362122,0.5498412847518921
YLR376C,YDR450W,0,-8.361109,0.14423313736915588,0.9269841313362122,0.550000011920929
YJR145C,YBL101W-B,0,-8.361363,0.1441975235939026,0.9269841313362122,0.5501587390899658
YCR009C,YPR101W,0,-8.361451,0.14416193962097168,0.9269841313362122,0.5503174662590027
YJR160C,YHR039C-B,0,-8.36196,0.14412635564804077,0.9269841313362122,0.5504761934280396
YGR155W,YMR030W,0,-8.362341,0.14409080147743225,0.9269841313362122,0.5506349205970764
YHL019C,YPR036W-A,0,-8.36256,0.14405524730682373,0.9269841313362122,0.5507936477661133
YNR013C,YKL014C,0,-8.363025,0.1440197229385376,0.9269841313362122,0.5509523749351501
YBR202W,YDR323C,0,-8.363139,0.14398421347141266,0.9269841313362122,0.551111102104187
YOR245C,YKR059W,0,-8.363454,0.1439487338066101,0.9269841313362122,0.5512698292732239
YDL174C,YOR057W,0,-8.363744,0.14391325414180756,0.9269841313362122,0.5514285564422607
YDL143W,YDR195W,0,-8.364151,0.1438778042793274,0.9269841313362122,0.5515872836112976
YOR201C,YNL284C-A,0,-8.364658,0.14384236931800842,0.9269841313362122,0.5517460107803345
YCR080W,YJR029W,0,-8.364925,0.14380694925785065,0.9269841313362122,0.5519047379493713
YOR341W,YMR284W,0,-8.36545,0.14377154409885406,0.9269841313362122,0.5520634651184082
YGR220C,YHL009W-B,0,-8.366275,0.14373615384101868,0.9269841313362122,0.5522222518920898
YGL119W,YDL092W,0,-8.366506,0.14370079338550568,0.9269841313362122,0.5523809790611267
YDL227C,YGL183C,0,-8.367051,0.14366543292999268,0.9269841313362122,0.5525397062301636
YBL099W,YIL153W,0,-8.367307,0.14363010227680206,0.9269841313362122,0.5526984333992004
YGL130W,YGL068W,0,-8.367492,0.14359478652477264,0.9269841313362122,0.5528571605682373
YNL281W,YKR052C,0,-8.367656,0.14355948567390442,0.9269841313362122,0.5530158877372742
YDR038C,YBL101W-B,0,-8.367893,0.14352421462535858,0.9269841313362122,0.553174614906311
YAR002W,YPR108W,0,-8.368327,0.14348894357681274,0.9269841313362122,0.5533333420753479
YJR064W,YDR397C,0,-8.368508,0.1434537023305893,0.9269841313362122,0.5534920692443848
YNL267W,YLL041C,0,-8.369012,0.14341846108436584,0.9269841313362122,0.5536507964134216
YPR137W,YKR008W,0,-8.3698,0.14338324964046478,0.9269841313362122,0.5538095235824585
YAL022C,YDL198C,0,-8.369941,0.1433480679988861,0.9269841313362122,0.5539682507514954
YGL251C,YPR144C,0,-8.370208,0.14331288635730743,0.9269841313362122,0.5541269779205322
YNL325C,YML045W-A,0,-8.370486,0.14327771961688995,0.9269841313362122,0.5542857050895691
YMR287C,YAL024C,0,-8.370614,0.14324258267879486,0.9269841313362122,0.554444432258606
YNL177C,YIL029C,0,-8.3712,0.14320746064186096,0.9269841313362122,0.5546031594276428
YCR080W,YPL276W,0,-8.371369,0.14317235350608826,0.9269841313362122,0.5547618865966797
YCR012W,YER147C,0,-8.371533,0.14313726127147675,0.9269841313362122,0.5549206137657166
YPL133C,YDL111C,0,-8.372169,0.14310218393802643,0.9269841313362122,0.5550793409347534
YKL220C,YNL054W-A,0,-8.372598,0.1430671215057373,0.9269841313362122,0.5552380681037903
YLR078C,YKL208W,0,-8.374781,0.14303208887577057,0.9269841313362122,0.5553968548774719
YGR094W,YML001W,0,-8.374982,0.14299705624580383,0.9269841313362122,0.5555555820465088
YJR092W,YGR241C,0,-8.375333,0.14296205341815948,0.9269841313362122,0.5557143092155457
YKL208W,YLR376C,0,-8.37539,0.14292706549167633,0.9269841313362122,0.5558730363845825
YAL051W,YOR142W-B,0,-8.375812,0.14289209246635437,0.9269841313362122,0.5560317635536194
YEL012W,YNL093W,0,-8.37599,0.1428571492433548,0.9269841313362122,0.5561904907226562
YHL036W,YJL113W,0,-8.376734,0.14282220602035522,0.9269841313362122,0.5563492178916931
YAL041W,YDR034C-D,0,-8.377005,0.14278729259967804,0.9269841313362122,0.55650794506073
YOR231W,YNL292W,0,-8.377281,0.14275237917900085,0.9269841313362122,0.5566666722297668
YJL093C,YNL054W-B,0,-8.377437,0.14271749556064606,0.9269841313362122,0.5568253993988037
YNR023W,YDR365W-A,0,-8.377755,0.14268262684345245,0.9269841313362122,0.5569841265678406
YGL168W,YPR168W,0,-8.378758,0.14264777302742004,0.9269841313362122,0.5571428537368774
YOR081C,YOR142W-A,0,-8.378804,0.14261294901371002,0.9269841313362122,0.5573015809059143
YML042W,YLR212C,0,-8.379606,0.142578125,0.9269841313362122,0.5574603080749512
YER109C,YML045W,0,-8.379681,0.14254333078861237,0.9269841313362122,0.557619035243988
YML012W,YPR189W,0,-8.380628,0.14250853657722473,0.9269841313362122,0.5577777624130249
YBR010W,YPL057C,0,-8.380961,0.14247377216815948,0.9269841313362122,0.5579364895820618
YMR133W,YLR022C,0,-8.381316,0.14243902266025543,0.9269841313362122,0.5580952167510986
YML086C,YDR176W,0,-8.381329,0.14240428805351257,0.9269841313362122,0.5582539439201355
YIL125W,YHR204W,0,-8.382424,0.1423695832490921,0.9269841313362122,0.5584126710891724
YBR156C,YKL173W,0,-8.38248,0.14233487844467163,0.9269841313362122,0.558571457862854
YOL068C,YFL002W-B,0,-8.382905,0.14230018854141235,0.9269841313362122,0.5587301850318909
YCR107W,YOR239W,0,-8.383298,0.14226552844047546,0.9269841313362122,0.5588889122009277
YHR171W,YDR163W,0,-8.3845415,0.14223088324069977,0.9269841313362122,0.5590476393699646
YGR047C,YKL214C,0,-8.384597,0.14219625294208527,0.9269841313362122,0.5592063665390015
YLL018C-A,YDR034C-D,0,-8.384866,0.14216163754463196,0.9269841313362122,0.5593650937080383
YKR056W,YHR039C-B,0,-8.386182,0.14212703704833984,0.9269841313362122,0.5595238208770752
YBR057C,YER147C,0,-8.3868475,0.14209245145320892,0.9269841313362122,0.5596825480461121
YMR079W,YBL034C,0,-8.386905,0.1420578956604004,0.9269841313362122,0.5598412752151489
YLR114C,YBL101W-A,0,-8.387225,0.14202333986759186,0.9269841313362122,0.5600000023841858
YBL020W,YDR341C,0,-8.387504,0.1419888138771057,0.9269841313362122,0.5601587295532227
YOR257W,YHR006W,0,-8.387847,0.14195430278778076,0.9269841313362122,0.5603174567222595
YLR098C,YNL147W,0,-8.387868,0.141919806599617,0.9269841313362122,0.5604761838912964
YOR367W,YBR284W,0,-8.388041,0.14188532531261444,0.9269841313362122,0.5606349110603333
YMR070W,YGR014W,0,-8.388322,0.14185085892677307,0.9269841313362122,0.5607936382293701
YOR005C,YDR011W,0,-8.388326,0.1418164223432541,0.9269841313362122,0.560952365398407
YBR059C,YLR035C-A,0,-8.389354,0.1417819857597351,0.9269841313362122,0.5611110925674438
YDR297W,YIL022W,0,-8.389949,0.1417475789785385,0.9269841313362122,0.5612698197364807
YKL112W,YNL328C,0,-8.390592,0.14171317219734192,0.9269841313362122,0.5614285469055176
YFL035C,YDR341C,0,-8.390603,0.1416787952184677,0.9269841313362122,0.5615872740745544
YLR376C,YNL131W,0,-8.391316,0.1416444331407547,0.9269841313362122,0.5617460608482361
YIL106W,YIR022W,0,-8.391606,0.14161008596420288,0.9269841313362122,0.561904788017273
YLR097C,YPR132W,0,-8.391937,0.14157575368881226,0.9269841313362122,0.5620635151863098
YKL170W,YDR034C-D,0,-8.392162,0.14154145121574402,0.9269841313362122,0.5622222423553467
YPR122W,YKL134C,0,-8.392643,0.14150714874267578,0.9269841313362122,0.5623809695243835
YJL013C,YLR145W,0,-8.392819,0.14147286117076874,0.9269841313362122,0.5625396966934204
YGL065C,YDR004W,0,-8.393555,0.14143860340118408,0.9269841313362122,0.5626984238624573
YMR319C,YOR081C,0,-8.39368,0.14140436053276062,0.9269841313362122,0.5628571510314941
YOR237W,YPL063W,0,-8.394992,0.14137013256549835,0.9269841313362122,0.563015878200531
YDR375C,YPL118W,0,-8.395101,0.14133591949939728,0.9269841313362122,0.5631746053695679
YOL009C,YNL088W,0,-8.395801,0.1413017213344574,0.9269841313362122,0.5633333325386047
YML069W,YPR186C,0,-8.395822,0.1412675380706787,0.9269841313362122,0.5634920597076416
YIL138C,YGR211W,0,-8.396206,0.14123336970806122,0.9269841313362122,0.5636507868766785
YFL036W,YOR142W-A,0,-8.396278,0.1411992311477661,0.9269841313362122,0.5638095140457153
YER029C,YPR125W,0,-8.3963785,0.141165092587471,0.9269841313362122,0.5639682412147522
YER051W,YML085C,0,-8.396602,0.1411309838294983,0.9269841313362122,0.5641269683837891
YIL110W,YPL188W,0,-8.397256,0.14109688997268677,0.9269841313362122,0.5642856955528259
YKL084W,YGL252C,0,-8.398187,0.14106279611587524,0.9269841313362122,0.5644444227218628
YHR039C-B,YOR359W,0,-8.398398,0.1410287320613861,0.9269841313362122,0.5646031498908997
YGL048C,YBR216C,0,-8.3991585,0.14099468290805817,0.9269841313362122,0.5647618770599365
YNL006W,YOR192C-A,0,-8.399796,0.1409606635570526,0.9269841313362122,0.5649206638336182
YGR041W,YIL053W,0,-8.400033,0.14092664420604706,0.9269841313362122,0.565079391002655
YHR021C,YGR027W-A,0,-8.400037,0.1408926397562027,0.9269841313362122,0.5652381181716919
YPL132W,YNL009W,0,-8.400068,0.14085866510868073,0.9269841313362122,0.5653968453407288
YKL192C,YLR026C,0,-8.400339,0.14082469046115875,0.9269841313362122,0.5655555725097656
YLR056W,YJL156C,0,-8.400558,0.14079074561595917,0.9269841313362122,0.5657142996788025
YGR120C,YPR008W,0,-8.401328,0.14075681567192078,0.9269841313362122,0.5658730268478394
YCR024C-A,YOL103W-A,0,-8.401477,0.14072288572788239,0.9269841313362122,0.5660317540168762
YIL042C,YPL237W,0,-8.401546,0.14068898558616638,0.9269841313362122,0.5661904811859131
YDL083C,YDR261W-A,0,-8.402709,0.14065510034561157,0.9269841313362122,0.56634920835495
YDR420W,YGL243W,0,-8.403059,0.14062124490737915,0.9269841313362122,0.5665079355239868
YHR039C-B,YPL041C,0,-8.403396,0.14058738946914673,0.9269841313362122,0.5666666626930237
YOR316C,YPL046C,0,-8.403581,0.1405535489320755,0.9269841313362122,0.5668253898620605
YDR039C,YJR010C-A,0,-8.403924,0.14051972329616547,0.9269841313362122,0.5669841170310974
YMR080C,YGL225W,0,-8.404991,0.14048592746257782,0.9269841313362122,0.5671428442001343
YFR024C,YGL095C,0,-8.405011,0.14045214653015137,0.9269841313362122,0.5673015713691711
YAR009C,YDL038C,0,-8.405408,0.14041836559772491,0.9269841313362122,0.567460298538208
YLR353W,YLR368W,0,-8.40552,0.14038461446762085,0.9269841313362122,0.5676190257072449
YKL212W,YDR034C-D,0,-8.405658,0.14035087823867798,0.9269841313362122,0.5677777528762817
YBR198C,YDR210W-D,0,-8.40603,0.1403171569108963,0.9269841313362122,0.5679364800453186
YGL033W,YDR210W-D,0,-8.40603,0.14028345048427582,0.9269841313362122,0.5680952668190002
YGR128C,YDR210W-D,0,-8.40603,0.14024975895881653,0.9269841313362122,0.5682539939880371
YMR186W,YDR210W-D,0,-8.40603,0.14021608233451843,0.9269841313362122,0.568412721157074
YNR010W,YDR210W-D,0,-8.40603,0.14018243551254272,0.9269841313362122,0.5685714483261108
YDL120W,YDR210W-C,0,-8.40603,0.14014878869056702,0.9269841313362122,0.5687301754951477
YER014C-A,YGR161C-D,0,-8.40603,0.1401151567697525,0.9269841313362122,0.5688889026641846
YDL245C,YDR210W-D,0,-8.40603,0.14008155465126038,0.9269841313362122,0.5690476298332214
YHR024C,YDR210W-D,0,-8.40603,0.14004796743392944,0.9269841313362122,0.5692063570022583
YBR026C,YDR210W-C,0,-8.40603,0.1400143802165985,0.9269841313362122,0.5693650841712952
YLR391W,YOR343W-B,0,-8.40603,0.13998082280158997,0.9269841313362122,0.569523811340332
YAR044W,YDR034C-C,0,-8.40603,0.13994728028774261,0.9269841313362122,0.5696825385093689
YHR005C-A,YBL101W-A,0,-8.40603,0.13991375267505646,0.9269841313362122,0.5698412656784058
YOR256C,YDR210W-C,0,-8.40603,0.1398802399635315,0.9269841313362122,0.5699999928474426
YFL024C,YDR210W-D,0,-8.40603,0.13984674215316772,0.9269841313362122,0.5701587200164795
YMR190C,YDR210W-C,0,-8.40603,0.13981325924396515,0.9269841313362122,0.5703174471855164
YHR160C,YDR210W-C,0,-8.40603,0.13977980613708496,0.9269841313362122,0.5704761743545532
YDL143W,YPL268W,0,-8.4065695,0.13974635303020477,0.9269841313362122,0.5706349015235901
YGL033W,YHL009W-B,0,-8.406747,0.13971291482448578,0.9269841313362122,0.570793628692627
YJL072C,YAR010C,0,-8.407495,0.13967950642108917,0.9269841313362122,0.5709523558616638
YNL283C,YHR020W,0,-8.407517,0.13964609801769257,0.9269841313362122,0.5711110830307007
YGL005C,YML045W,0,-8.407954,0.13961271941661835,0.9269841313362122,0.5712698698043823
YHR042W,YBR294W,0,-8.408061,0.13957935571670532,0.9269841313362122,0.5714285969734192
YGR081C,YDR362C,0,-8.408149,0.1395459920167923,0.9269841313362122,0.571587324142456
YLR153C,YDR507C,0,-8.409261,0.13951265811920166,0.9269841313362122,0.5717460513114929
YIL010W,YJR028W,0,-8.410968,0.13947933912277222,0.9269841313362122,0.5719047784805298
YNL148C,YMR149W,0,-8.411433,0.13944603502750397,0.9269841313362122,0.5720635056495667
YPR137W,YLL017W,0,-8.411487,0.1394127458333969,0.9269841313362122,0.5722222328186035
YHR043C,YKL203C,0,-8.4115505,0.13937947154045105,0.9269841313362122,0.5723809599876404
YOR035C,YLR447C,0,-8.41172,0.13934621214866638,0.9269841313362122,0.5725396871566772
YER016W,YOR279C,0,-8.411735,0.1393129825592041,0.9269841313362122,0.5726984143257141
YPL026C,YIL073C,0,-8.412147,0.13927975296974182,0.9269841313362122,0.572857141494751
YGL205W,YPR158C-C,0,-8.412154,0.13924653828144073,0.9269841313362122,0.5730158686637878
YOL064C,YOR347C,0,-8.412301,0.13921335339546204,0.9269841313362122,0.5731745958328247
YOL063C,YBR012W-B,0,-8.412906,0.13918016850948334,0.9269841313362122,0.5733333230018616
YOR039W,YDR337W,0,-8.413144,0.13914701342582703,0.9269841313362122,0.5734920501708984
YHR167W,YGL255W,0,-8.413165,0.13911385834217072,0.9269841313362122,0.5736507773399353
YGL130W,YBL058W,0,-8.413309,0.1390807330608368,0.9269841313362122,0.5738095045089722
YML092C,YOL006C,0,-8.414062,0.13904762268066406,0.9269841313362122,0.573968231678009
YER001W,YBR237W,0,-8.414346,0.13901452720165253,0.9269841313362122,0.5741269588470459
YCR089W,YHR111W,1,-8.414594,0.13921941816806793,0.9285714030265808,0.5741269588470459
YAL012W,YPL155C,0,-8.414628,0.139186292886734,0.9285714030265808,0.5742856860160828
YNR002C,YNL003C,0,-8.4148245,0.13915318250656128,0.9285714030265808,0.5744444727897644
YDR030C,YDL130W,0,-8.415676,0.13912010192871094,0.9285714030265808,0.5746031999588013
YIL114C,YBR055C,0,-8.415833,0.1390870213508606,0.9285714030265808,0.5747619271278381
YBL047C,YGR245C,0,-8.415904,0.13905395567417145,0.9285714030265808,0.574920654296875
YKR065C,YNL025C,0,-8.416076,0.1390209197998047,0.9285714030265808,0.5750793814659119
YKL146W,YMR268C,0,-8.416356,0.13898788392543793,0.9285714030265808,0.5752381086349487
YLR207W,YIL022W,0,-8.417001,0.13895486295223236,0.9285714030265808,0.5753968358039856
YKL212W,YOR142W-A,0,-8.417131,0.13892187178134918,0.9285714030265808,0.5755555629730225
YLR329W,YJR141W,0,-8.418164,0.1388888955116272,0.9285714030265808,0.5757142901420593
YGR028W,YPR158W-B,0,-8.418346,0.1388559192419052,0.9285714030265808,0.5758730173110962
YJL058C,YDL138W,0,-8.418593,0.13882297277450562,0.9285714030265808,0.5760317444801331
YCR037C,YPR133W-A,0,-8.418691,0.1387900412082672,0.9285714030265808,0.5761904716491699
YDL137W,YJR120W,0,-8.418757,0.1387571096420288,0.9285714030265808,0.5763491988182068
YAL026C,YJL192C,0,-8.418798,0.1387242078781128,0.9285714030265808,0.5765079259872437
YGR245C,YDR422C,0,-8.418839,0.13869132101535797,0.9285714030265808,0.5766666531562805
YHL038C,YGR027W-A,0,-8.41906,0.13865844905376434,0.9285714030265808,0.5768253803253174
YOR149C,YPR158W-B,0,-8.419168,0.1386255919933319,0.9285714030265808,0.5769841074943542
YDR182W,YOR142W-A,0,-8.419396,0.13859274983406067,0.9285714030265808,0.5771428346633911
YNL026W,YPR158C-C,0,-8.419442,0.13855992257595062,0.9285714030265808,0.577301561832428
YOR117W,YER116C,0,-8.4207945,0.13852711021900177,0.9285714030265808,0.5774602890014648
YDR446W,YOR075W,0,-8.420874,0.1384943127632141,0.9285714030265808,0.5776190757751465
YJL114W,YKL075C,0,-8.421353,0.13846154510974884,0.9285714030265808,0.5777778029441833
YHR086W,YPR075C,0,-8.421565,0.13842877745628357,0.9285714030265808,0.5779365301132202
YER065C,YJR044C,0,-8.42269,0.1383960247039795,0.9285714030265808,0.5780952572822571
YJL117W,YBL041W,0,-8.422787,0.1383632868528366,0.9285714030265808,0.578253984451294
YHR006W,YML045W,0,-8.423211,0.1383305788040161,0.9285714030265808,0.5784127116203308
YML102W,YDR518W,0,-8.423784,0.13829787075519562,0.9285714030265808,0.5785714387893677
YPL084W,YGL001C,0,-8.424407,0.1382651925086975,0.9285714030265808,0.5787301659584045
YER053C,YML105C,0,-8.425031,0.1382325142621994,0.9285714030265808,0.5788888931274414
YIL007C,YLR048W,0,-8.428336,0.1381998509168625,0.9285714030265808,0.5790476202964783
YJL087C,YDR034C-C,0,-8.428945,0.13816721737384796,0.9285714030265808,0.5792063474655151
YOR112W,YNL054W-A,0,-8.4292145,0.13813459873199463,0.9285714030265808,0.579365074634552
YBR142W,YNL250W,0,-8.429231,0.1381019800901413,0.9285714030265808,0.5795238018035889
YEL042W,YNR011C,0,-8.429386,0.13806939125061035,0.9285714030265808,0.5796825289726257
YBL025W,YKR020W,0,-8.42968,0.1380368024110794,0.9285714030265808,0.5798412561416626
YOL088C,YKR029C,0,-8.43037,0.13800424337387085,0.9285714030265808,0.5799999833106995
YLL042C,YDR418W,0,-8.430903,0.1379716992378235,0.9285714030265808,0.5801587104797363
YOL139C,YJR052W,0,-8.431181,0.13793917000293732,0.9285714030265808,0.5803174376487732
YKR085C,YMR026C,0,-8.432387,0.13790664076805115,0.9285714030265808,0.5804761648178101
YNL292W,YGL233W,0,-8.432694,0.13787414133548737,0.9285714030265808,0.5806348919868469
YPR017C,YGR169C,0,-8.433251,0.13784165680408478,0.9285714030265808,0.5807936787605286
YPL131W,YLR025W,0,-8.433675,0.13780918717384338,0.9285714030265808,0.5809524059295654
YCR047C,YNL284C-A,0,-8.434326,0.13777673244476318,0.9285714030265808,0.5811111330986023
YNL273W,YKR053C,0,-8.435409,0.13774429261684418,0.9285714030265808,0.5812698602676392
YGL142C,YDR314C,0,-8.435615,0.13771186769008636,0.9285714030265808,0.581428587436676
YGR289C,YLR043C,0,-8.43629,0.13767945766448975,0.9285714030265808,0.5815873146057129
YNR002C,YER049W,0,-8.436613,0.13764706254005432,0.9285714030265808,0.5817460417747498
YMR060C,YCR042C,0,-8.437581,0.1376146823167801,0.9285714030265808,0.5819047689437866
YPR139C,YDR306C,0,-8.438133,0.13758231699466705,0.9285714030265808,0.5820634961128235
YNL259C,YCR093W,0,-8.438519,0.1375499665737152,0.9285714030265808,0.5822222232818604
YDR110W,YGR206W,0,-8.439047,0.13751763105392456,0.9285714030265808,0.5823809504508972
YBR136W,YJR028W,0,-8.439336,0.1374853104352951,0.9285714030265808,0.5825396776199341
YFR008W,YJL011C,0,-8.439826,0.13745300471782684,0.9285714030265808,0.582698404788971
YML008C,YHR004C,0,-8.440174,0.13742071390151978,0.9285714030265808,0.5828571319580078
YEL071W,YLR008C,0,-8.440394,0.1373884379863739,0.9285714030265808,0.5830158591270447
YOR254C,YDR065W,0,-8.4414835,0.13735619187355042,0.9285714030265808,0.5831745862960815
YJL091C,YIL053W,0,-8.441643,0.13732394576072693,0.9285714030265808,0.5833333134651184
YJL101C,YPL147W,0,-8.441661,0.13729171454906464,0.9285714030265808,0.5834920406341553
YMR060C,YLR157C-A,0,-8.441761,0.13725949823856354,0.9285714030265808,0.5836507678031921
YGL086W,YEL031W,0,-8.442596,0.13722731173038483,0.9285714030265808,0.583809494972229
YLR080W,YPR078C,0,-8.443374,0.13719512522220612,0.9285714030265808,0.5839682817459106
YPL255W,YIL150C,0,-8.443559,0.1371629536151886,0.9285714030265808,0.5841270089149475
YDR142C,YPL047W,0,-8.443671,0.13713079690933228,0.9285714030265808,0.5842857360839844
YBL098W,YLR233C,0,-8.444096,0.13709867000579834,0.9285714030265808,0.5844444632530212
YGL025C,YNL283C,0,-8.44433,0.1370665431022644,0.9285714030265808,0.5846031904220581
YGL219C,YPR036W-A,0,-8.444551,0.13703443109989166,0.9285714030265808,0.584761917591095
YIL056W,YGR038C-A,0,-8.4446745,0.1370023488998413,0.9285714030265808,0.5849206447601318
YNL074C,YJL113W,0,-8.445149,0.13697026669979095,0.9285714030265808,0.5850793719291687
YJL146W,YLL041C,0,-8.445358,0.1369381994009018,0.9285714030265808,0.5852380990982056
YDR337W,YGR099W,0,-8.445641,0.13690616190433502,0.9285714030265808,0.5853968262672424
YDR281C,YBL057C,0,-8.446113,0.13687412440776825,0.9285714030265808,0.5855555534362793
YOR073W,YML052W,0,-8.446139,0.13684210181236267,0.9285714030265808,0.5857142806053162
YDR122W,YIL039W,0,-8.446449,0.13681010901927948,0.9285714030265808,0.585873007774353
YOR080W,YDR392W,1,-8.44646,0.13701193034648895,0.9301587343215942,0.585873007774353
YIL118W,YGR082W,0,-8.446513,0.13697989284992218,0.9301587343215942,0.5860317349433899
YGR144W,YFL002W-A,0,-8.446555,0.1369478851556778,0.9301587343215942,0.5861904621124268
YDL015C,YDR261C-C,0,-8.446904,0.1369158923625946,0.9301587343215942,0.5863491892814636
YHL038C,YMR076C,0,-8.446986,0.1368838995695114,0.9301587343215942,0.5865079164505005
YNL291C,YDR115W,0,-8.44701,0.1368519365787506,0.9301587343215942,0.5866666436195374
YNL288W,YLR183C,0,-8.447013,0.136819988489151,0.9301587343215942,0.5868253707885742
YBR169C,YNL332W,0,-8.4476,0.13678805530071259,0.9301587343215942,0.5869840979576111
YNR067C,YJL063C,0,-8.447773,0.13675612211227417,0.9301587343215942,0.5871428847312927
YGL233W,YNR064C,0,-8.447823,0.13672421872615814,0.9301587343215942,0.5873016119003296
YHR089C,YCL005W-A,0,-8.448274,0.1366923302412033,0.9301587343215942,0.5874603390693665
YOR232W,YMR106C,0,-8.448552,0.13666044175624847,0.9301587343215942,0.5876190662384033
YGL210W,YGR161W-B,0,-8.450013,0.13662858307361603,0.9301587343215942,0.5877777934074402
YKR086W,YOR279C,0,-8.450547,0.13659673929214478,0.9301587343215942,0.587936520576477
YDR198C,YIL147C,0,-8.450718,0.13656491041183472,0.9301587343215942,0.5880952477455139
YPL194W,YJR156C,0,-8.45076,0.13653308153152466,0.9301587343215942,0.5882539749145508
YNR074C,YPR019W,0,-8.451048,0.136501282453537,0.9301587343215942,0.5884127020835876
YBR026C,YAL015C,0,-8.451406,0.1364694982767105,0.9301587343215942,0.5885714292526245
YJR063W,YMR216C,0,-8.451409,0.13643771409988403,0.9301587343215942,0.5887301564216614
YOR120W,YDR210W-B,0,-8.452132,0.13640595972537994,0.9301587343215942,0.5888888835906982
YDR435C,YDR146C,0,-8.45234,0.13637422025203705,0.9301587343215942,0.5890476107597351
YPL213W,YLR288C,0,-8.452466,0.13634248077869415,0.9301587343215942,0.589206337928772
YOL001W,YHR090C,0,-8.45275,0.13631077110767365,0.9301587343215942,0.5893650650978088
YKL220C,YGR152C,0,-8.452816,0.13627907633781433,0.9301587343215942,0.5895237922668457
YKL192C,YNL267W,0,-8.452842,0.13624738156795502,0.9301587343215942,0.5896825194358826
YPL069C,YGL092W,0,-8.453828,0.1362157166004181,0.9301587343215942,0.5898412466049194
YNL192W,YLR197W,0,-8.454045,0.13618405163288116,0.9301587343215942,0.5899999737739563
YAL056W,YBR289W,1,-8.455877,0.1363847553730011,0.9317460060119629,0.5899999737739563
YMR041C,YEL065W,0,-8.455882,0.13635307550430298,0.9317460060119629,0.5901587009429932
YOR173W,YDR210C-C,0,-8.456172,0.13632141053676605,0.9317460060119629,0.5903174877166748
YGR159C,YDR210C-C,0,-8.456227,0.13628976047039032,0.9317460060119629,0.5904762148857117
YIR005W,YGR072W,0,-8.456565,0.13625812530517578,0.9317460060119629,0.5906349420547485
YIL149C,YMR241W,0,-8.457012,0.13622650504112244,0.9317460060119629,0.5907936692237854
YDR513W,YIR021W,0,-8.457665,0.13619489967823029,0.9317460060119629,0.5909523963928223
YBL099W,YML109W,0,-8.457935,0.13616330921649933,0.9317460060119629,0.5911111235618591
YCL001W,YLR025W,0,-8.458793,0.13613171875476837,0.9317460060119629,0.591269850730896
YNL044W,YHR214C-C,0,-8.459212,0.1361001580953598,0.9317460060119629,0.5914285778999329
YPR065W,YMR045C,0,-8.459554,0.13606861233711243,0.9317460060119629,0.5915873050689697
YIR019C,YDL159W,1,-8.460399,0.13626882433891296,0.9333333373069763,0.5915873050689697
YMR001C,YJR137C,0,-8.460536,0.1362372636795044,0.9333333373069763,0.5917460322380066
YNL041C,YIL121W,0,-8.460845,0.13620570302009583,0.9333333373069763,0.5919047594070435
YML081C-A,YKR007W,0,-8.460897,0.13617415726184845,0.9333333373069763,0.5920634865760803
YMR043W,YOR192C-A,0,-8.461112,0.13614262640476227,0.9333333373069763,0.5922222137451172
YDR397C,YBR186W,0,-8.461383,0.13611111044883728,0.9333333373069763,0.592380940914154
YMR065W,YDL020C,0,-8.461656,0.1360796093940735,0.9333333373069763,0.5925396680831909
YOL123W,YLR256W-A,0,-8.463039,0.1360481232404709,0.9333333373069763,0.5926983952522278
YDR407C,YOR192C-A,0,-8.463996,0.13601665198802948,0.9333333373069763,0.5928571224212646
YDL065C,YDL081C,0,-8.464297,0.13598519563674927,0.9333333373069763,0.5930158495903015
YGL151W,YGR161C-C,0,-8.464417,0.13595375418663025,0.9333333373069763,0.5931745767593384
YOR157C,YFL059W,0,-8.464707,0.13592232763767242,0.9333333373069763,0.5933333039283752
YDR153C,YDR110W,0,-8.464876,0.1358909159898758,0.9333333373069763,0.5934920907020569
YPR164W,YLR410W-A,0,-8.466178,0.13585951924324036,0.9333333373069763,0.5936508178710938
YGL001C,YJL113W,0,-8.466184,0.1358281373977661,0.9333333373069763,0.5938095450401306
YLR233C,YER087C-B,0,-8.466257,0.13579677045345306,0.9333333373069763,0.5939682722091675
YFL056C,YNL020C,0,-8.466607,0.1357654184103012,0.9333333373069763,0.5941269993782043
YML078W,YKL079W,0,-8.466706,0.13573406636714935,0.9333333373069763,0.5942857265472412
YMR229C,YPR137C-A,0,-8.466789,0.13570274412631989,0.9333333373069763,0.5944444537162781
YDR153C,YHL009W-B,0,-8.467711,0.1356714367866516,0.9333333373069763,0.5946031808853149
YBR297W,YGR161C-C,0,-8.467831,0.13564014434814453,0.9333333373069763,0.5947619080543518
YGR140W,YBL106C,0,-8.468522,0.13560885190963745,0.9333333373069763,0.5949206352233887
YBR065C,YJR069C,0,-8.468812,0.13557758927345276,0.9333333373069763,0.5950793623924255
YPR168W,YFL002W-A,0,-8.469404,0.13554634153842926,0.9333333373069763,0.5952380895614624
YGL119W,YJL112W,0,-8.469801,0.13551509380340576,0.9333333373069763,0.5953968167304993
YHR006W,YNL054W-A,0,-8.46991,0.13548387587070465,0.9333333373069763,0.5955555438995361
YLR350W,YDR261C-D,0,-8.469968,0.13545265793800354,0.9333333373069763,0.595714271068573
YBR245C,YPL257W-A,0,-8.47061,0.13542146980762482,0.9333333373069763,0.5958729982376099
YKL148C,YNL025C,0,-8.471127,0.1353902816772461,0.9333333373069763,0.5960317254066467
YER056C,YPL015C,0,-8.471194,0.13535912334918976,0.9333333373069763,0.5961904525756836
YAR015W,YDR389W,0,-8.47126,0.13532796502113342,0.9333333373069763,0.5963491797447205
YJR105W,YJL168C,0,-8.472002,0.13529682159423828,0.9333333373069763,0.5965079069137573
YEL003W,YDR167W,0,-8.472216,0.13526569306850433,0.9333333373069763,0.596666693687439
YGL018C,YMR156C,0,-8.473168,0.13523459434509277,0.9333333373069763,0.5968254208564758
YGL078C,YOR142W-A,0,-8.473571,0.1352034956216812,0.9333333373069763,0.5969841480255127
YNL281W,YDR077W,0,-8.47368,0.13517241179943085,0.9333333373069763,0.5971428751945496
YLR205C,YGR161C-C,0,-8.473727,0.13514134287834167,0.9333333373069763,0.5973016023635864
YIL140W,YNL241C,0,-8.474357,0.1351102888584137,0.9333333373069763,0.5974603295326233
YOR250C,YDR369C,0,-8.474389,0.1350792497396469,0.9333333373069763,0.5976190567016602
YFR053C,YER009W,0,-8.474458,0.13504822552204132,0.9333333373069763,0.597777783870697
YGR241C,YBL005W-B,0,-8.475003,0.13501721620559692,0.9333333373069763,0.5979365110397339
YLR399C,YOR361C,0,-8.47504,0.13498622179031372,0.9333333373069763,0.5980952382087708
YDR479C,YLR262C,0,-8.475158,0.1349552422761917,0.9333333373069763,0.5982539653778076
YJL031C,YJL073W,0,-8.475344,0.1349242776632309,0.9333333373069763,0.5984126925468445
YDL164C,YGR289C,0,-8.4758215,0.13489332795143127,0.9333333373069763,0.5985714197158813
YOR239W,YNL202W,0,-8.476117,0.13486237823963165,0.9333333373069763,0.5987301468849182
YCL027W,YGL150C,0,-8.476642,0.13483145833015442,0.9333333373069763,0.5988888740539551
YER154W,YHR098C,0,-8.4768915,0.13480055332183838,0.9333333373069763,0.5990476012229919
YBR112C,YDR210C-D,0,-8.476908,0.13476964831352234,0.9333333373069763,0.5992063283920288
YNL001W,YOR354C,0,-8.47711,0.1347387731075287,0.9333333373069763,0.5993650555610657
YHR024C,YNL328C,0,-8.477349,0.13470789790153503,0.9333333373069763,0.5995237827301025
YJL033W,YGR161C-C,0,-8.477836,0.13467705249786377,0.9333333373069763,0.5996825098991394
YOR284W,YNL236W,0,-8.478709,0.1346462070941925,0.9333333373069763,0.599841296672821
YPR134W,YGL093W,0,-8.479316,0.13461539149284363,0.9333333373069763,0.6000000238418579
YDR259C,YLR035C-A,0,-8.479784,0.13458457589149475,0.9333333373069763,0.6001587510108948
YPR057W,YPR002W,0,-8.480521,0.13455377519130707,0.9333333373069763,0.6003174781799316
YBL079W,YOR036W,0,-8.480561,0.13452298939228058,0.9333333373069763,0.6004762053489685
YHR013C,YPL181W,0,-8.480836,0.13449221849441528,0.9333333373069763,0.6006349325180054
YER143W,YOR159C,0,-8.482591,0.13446146249771118,0.9333333373069763,0.6007936596870422
YLR452C,YDR297W,0,-8.483611,0.13443072140216827,0.9333333373069763,0.6009523868560791
YAL003W,YPR137C-A,0,-8.48477,0.13439999520778656,0.9333333373069763,0.601111114025116
YCR057C,YOR380W,0,-8.48615,0.13436928391456604,0.9333333373069763,0.6012698411941528
YNR043W,YGR179C,0,-8.486609,0.1343385875225067,0.9333333373069763,0.6014285683631897
YDR436W,YDR469W,0,-8.487401,0.13430790603160858,0.9333333373069763,0.6015872955322266
YOR032C,YGL255W,0,-8.487603,0.13427723944187164,0.9333333373069763,0.6017460227012634
YPR193C,YGR244C,0,-8.488311,0.1342465728521347,0.9333333373069763,0.6019047498703003
YLR220W,YHL009W-A,0,-8.488341,0.13421593606472015,0.9333333373069763,0.6020634770393372
YPL110C,YPR132W,0,-8.48851,0.1341852992773056,0.9333333373069763,0.602222204208374
YDL207W,YDR382W,0,-8.488671,0.13415469229221344,0.9333333373069763,0.6023809313774109
YDL116W,YHR041C,0,-8.488761,0.13412408530712128,0.9333333373069763,0.6025396585464478
YHR011W,YIL010W,0,-8.4888735,0.1340934932231903,0.9333333373069763,0.6026983857154846
YHR160C,YJR010C-A,0,-8.489398,0.13406293094158173,0.9333333373069763,0.6028571724891663
YNL219C,YBL093C,0,-8.490088,0.13403236865997314,0.9333333373069763,0.6030158996582031
YKL146W,YOR054C,0,-8.490476,0.13400182127952576,0.9333333373069763,0.60317462682724
YPL069C,YPR036W-A,0,-8.490908,0.13397128880023956,0.9333333373069763,0.6033333539962769
YJR118C,YCL074W,0,-8.491092,0.13394077122211456,0.9333333373069763,0.6034920811653137
YAL054C,YOR329C,0,-8.491651,0.13391026854515076,0.9333333373069763,0.6036508083343506
YKL129C,YHR031C,0,-8.492173,0.13387978076934814,0.9333333373069763,0.6038095355033875
YGL062W,YLR157C-B,0,-8.492765,0.13384930789470673,0.9333333373069763,0.6039682626724243
YBR093C,YCR058C,0,-8.492884,0.1338188499212265,0.9333333373069763,0.6041269898414612
YPL202C,YPR056W,0,-8.493463,0.13378839194774628,0.9333333373069763,0.604285717010498
YKR027W,YER061C,0,-8.493681,0.13375796377658844,0.9333333373069763,0.6044444441795349
YNL008C,YDR191W,0,-8.493778,0.1337275356054306,0.9333333373069763,0.6046031713485718
YOR142W,YBR136W,0,-8.494187,0.13369713723659515,0.9333333373069763,0.6047618985176086
YGL005C,YCL027W,0,-8.494591,0.1336667388677597,0.9333333373069763,0.6049206256866455
YGR030C,YHL006C,0,-8.494658,0.13363637030124664,0.9333333373069763,0.6050793528556824
YIL121W,YDR065W,0,-8.494803,0.13360600173473358,0.9333333373069763,0.6052380800247192
YIL126W,YKL119C,0,-8.49489,0.1335756480693817,0.9333333373069763,0.6053968071937561
YLR107W,YMR013C,0,-8.495112,0.13354530930519104,0.9333333373069763,0.605555534362793
YPR179C,YHL009W-B,0,-8.49545,0.13351498544216156,0.9333333373069763,0.6057142615318298
YNL323W,YIL150C,0,-8.495673,0.13348467648029327,0.9333333373069763,0.6058729887008667
YOR249C,YDR079W,0,-8.495821,0.13345438241958618,0.9333333373069763,0.6060317754745483
YMR129W,YOR129C,0,-8.49619,0.13342410326004028,0.9333333373069763,0.6061905026435852
YBL064C,YLR035C-A,0,-8.496362,0.13339382410049438,0.9333333373069763,0.6063492298126221
YDR173C,YGL068W,0,-8.499145,0.13336357474327087,0.9333333373069763,0.6065079569816589
YDL227C,YDR091C,0,-8.50043,0.13333334028720856,0.9333333373069763,0.6066666841506958
YCR091W,YMR076C,0,-8.50078,0.13330310583114624,0.9333333373069763,0.6068254113197327
YHR115C,YOR231W,0,-8.501322,0.13327288627624512,0.9333333373069763,0.6069841384887695
YOR115C,YER031C,0,-8.501896,0.13324269652366638,0.9333333373069763,0.6071428656578064
YCR047C,YGR161C-C,0,-8.501922,0.13321250677108765,0.9333333373069763,0.6073015928268433
YBR210W,YMR270C,0,-8.502024,0.1331823319196701,0.9333333373069763,0.6074603199958801
YMR116C,YNL294C,1,-8.502192,0.13337862491607666,0.934920608997345,0.6074603199958801
YGR169C,YDR164C,0,-8.502222,0.13334842026233673,0.934920608997345,0.607619047164917
YPR019W,YLR316C,0,-8.502347,0.1333182454109192,0.934920608997345,0.6077777743339539
YML097C,YNL054W-B,0,-8.5029125,0.13328807055950165,0.934920608997345,0.6079365015029907
YPR017C,YKR097W,0,-8.502922,0.1332579255104065,0.934920608997345,0.6080952286720276
YKL002W,YDR210W-B,0,-8.503401,0.13322778046131134,0.934920608997345,0.6082539558410645
YGL090W,YIL082W-A,0,-8.503801,0.13319765031337738,0.934920608997345,0.6084126830101013
YMR275C,YPR017C,0,-8.5039215,0.13316753506660461,0.934920608997345,0.6085714101791382
YER117W,YAL030W,0,-8.503991,0.13313743472099304,0.934920608997345,0.608730137348175
YGR248W,YNL054W-B,0,-8.504057,0.13310734927654266,0.934920608997345,0.6088888645172119
YJL076W,YLR266C,0,-8.50415,0.13307726383209229,0.934920608997345,0.6090475916862488
YIL007C,YGL092W,0,-8.504644,0.1330472081899643,0.934920608997345,0.6092063784599304
YIL029C,YPR137C-A,0,-8.505252,0.1330171674489975,0.934920608997345,0.6093651056289673
YAR002W,YBR092C,0,-8.506798,0.1329871267080307,0.934920608997345,0.6095238327980042
YDR464W,YDR365W-B,0,-8.506931,0.1329571157693863,0.934920608997345,0.609682559967041
YDR518W,YCL031C,0,-8.507142,0.13292710483074188,0.934920608997345,0.6098412871360779
YKL079W,YHR196W,0,-8.507656,0.13289710879325867,0.934920608997345,0.6100000143051147
YDL226C,YBR228W,0,-8.507856,0.13286712765693665,0.934920608997345,0.6101587414741516
YMR021C,YLL041C,0,-8.508653,0.13283716142177582,0.934920608997345,0.6103174686431885
YMR173W,YOL061W,0,-8.508685,0.13280721008777618,0.934920608997345,0.6104761958122253
YGL238W,YLR447C,0,-8.509855,0.13277727365493774,0.934920608997345,0.6106349229812622
YDR052C,YKL141W,0,-8.509961,0.1327473521232605,0.934920608997345,0.6107936501502991
YDR434W,YGL201C,0,-8.510307,0.13271744549274445,0.934920608997345,0.6109523773193359
YOR371C,YIL008W,1,-8.510697,0.13291281461715698,0.9365079402923584,0.6109523773193359
YLL042C,YKL015W,0,-8.511126,0.13288287818431854,0.9365079402923584,0.6111111044883728
YLR206W,YJL045W,0,-8.511416,0.1328529566526413,0.9365079402923584,0.6112698316574097
YBR274W,YPR110C,0,-8.512507,0.13282305002212524,0.9365079402923584,0.6114285588264465
YML086C,YOR192C-A,0,-8.51291,0.13279315829277039,0.9365079402923584,0.6115872859954834
YKL045W,YHL009W-A,0,-8.513068,0.13276328146457672,0.9365079402923584,0.6117460131645203
YCR067C,YOL103W-A,0,-8.513486,0.13273340463638306,0.9365079402923584,0.6119047403335571
YOL130W,YDR422C,0,-8.51389,0.13270355761051178,0.9365079402923584,0.612063467502594
YNL256W,YMR013C,0,-8.513895,0.1326737105846405,0.9365079402923584,0.6122221946716309
YPL224C,YNL299W,0,-8.513907,0.13264387845993042,0.9365079402923584,0.6123809814453125
YMR255W,YBR002C,0,-8.513921,0.13261407613754272,0.9365079402923584,0.6125397086143494
YCL069W,YHL009W-A,0,-8.514194,0.13258427381515503,0.9365079402923584,0.6126984357833862
YOR119C,YER147C,0,-8.515069,0.13255448639392853,0.9365079402923584,0.6128571629524231
YFR028C,YGR008C,0,-8.515139,0.13252471387386322,0.9365079402923584,0.61301589012146
YDR335W,YEL002C,0,-8.515199,0.1324949413537979,0.9365079402923584,0.6131746172904968
YMR013C,YDR261C-C,0,-8.515908,0.132465198636055,0.9365079402923584,0.6133333444595337
YLR158C,YDR014W-A,0,-8.516123,0.13243547081947327,0.9365079402923584,0.6134920716285706
YAL054C,YBR290W,0,-8.516365,0.13240574300289154,0.9365079402923584,0.6136507987976074
YHR091C,YOL103W-A,0,-8.5164995,0.1323760449886322,0.9365079402923584,0.6138095259666443
YJR059W,YGR027W-A,0,-8.517169,0.13234634697437286,0.9365079402923584,0.6139682531356812
YLR214W,YKR008W,0,-8.518513,0.13231666386127472,0.9365079402923584,0.614126980304718
YNL216W,YPR086W,0,-8.51891,0.13228699564933777,0.9365079402923584,0.6142857074737549
YGR286C,YCR052W,0,-8.519353,0.132257342338562,0.9365079402923584,0.6144444346427917
YLR295C,YIL132C,0,-8.519619,0.13222770392894745,0.9365079402923584,0.6146031618118286
YKL048C,YHR172W,0,-8.520042,0.13219808042049408,0.9365079402923584,0.6147618889808655
YER075C,YML045W-A,0,-8.520752,0.1321684569120407,0.9365079402923584,0.6149206161499023
YCR005C,YDR236C,0,-8.520808,0.13213886320590973,0.9365079402923584,0.6150793433189392
YPL145C,YOR297C,0,-8.522948,0.13210926949977875,0.9365079402923584,0.6152380704879761
YNL192W,YDR065W,0,-8.52339,0.13207969069480896,0.9365079402923584,0.6153967976570129
YMR138W,YLR011W,0,-8.524005,0.13205014169216156,0.9365079402923584,0.6155555844306946
YIL114C,YNL154C,0,-8.525261,0.13202059268951416,0.9365079402923584,0.6157143115997314
YLR383W,YJL139C,0,-8.525268,0.13199105858802795,0.9365079402923584,0.6158730387687683
YFR028C,YLR136C,0,-8.526183,0.13196152448654175,0.9365079402923584,0.6160317659378052
YIL106W,YDR210W-B,0,-8.526384,0.13193202018737793,0.9365079402923584,0.616190493106842
YLR133W,YDR098C-A,0,-8.527387,0.1319025307893753,0.9365079402923584,0.6163492202758789
YJR135W-A,YKL058W,0,-8.527438,0.13187304139137268,0.9365079402923584,0.6165079474449158
YFR036W,YPL145C,0,-8.527675,0.13184358179569244,0.9365079402923584,0.6166666746139526
YLR313C,YPR137C-A,0,-8.527838,0.1318141222000122,0.9365079402923584,0.6168254017829895
YKL135C,YMR202W,0,-8.528258,0.13178467750549316,0.9365079402923584,0.6169841289520264
YML065W,YGR245C,0,-8.528347,0.13175524771213531,0.9365079402923584,0.6171428561210632
YLR141W,YNL273W,0,-8.528751,0.13172583281993866,0.9365079402923584,0.6173015832901001
YJL198W,YNL332W,0,-8.528875,0.1316964328289032,0.9365079402923584,0.617460310459137
YDR516C,YBR165W,0,-8.529054,0.13166703283786774,0.9365079402923584,0.6176190376281738
YOR174W,YOR130C,0,-8.52954,0.13163766264915466,0.9365079402923584,0.6177777647972107
YLR226W,YHL006C,0,-8.529978,0.1316082924604416,0.9365079402923584,0.6179364919662476
YDR231C,YIL128W,0,-8.530894,0.1315789520740509,0.9365079402923584,0.6180952191352844
YJL003W,YML045W-A,0,-8.531005,0.13154961168766022,0.9365079402923584,0.6182539463043213
YJR160C,YPR036W-A,0,-8.531629,0.13152028620243073,0.9365079402923584,0.6184126734733582
YGL206C,YNL333W,0,-8.531906,0.13149097561836243,0.9365079402923584,0.618571400642395
YDL192W,YCR062W,0,-8.532144,0.13146167993545532,0.9365079402923584,0.6187301874160767
YDL166C,YEL020W-A,0,-8.532147,0.13143238425254822,0.9365079402923584,0.6188889145851135
YNL159C,YDL185W,0,-8.532215,0.1314031183719635,0.9365079402923584,0.6190476417541504
YDR375C,YHR160C,0,-8.532395,0.13137385249137878,0.9365079402923584,0.6192063689231873
YGR230W,YPR132W,0,-8.532443,0.13134461641311646,0.9365079402923584,0.6193650960922241
YNL270C,YGR027W-A,0,-8.53356,0.13131538033485413,0.9365079402923584,0.619523823261261
YOR320C,YNL088W,0,-8.534127,0.131286159157753,0.9365079402923584,0.6196825504302979
YNR058W,YDR481C,0,-8.534938,0.13125695288181305,0.9365079402923584,0.6198412775993347
YIR019C,YNL119W,1,-8.535427,0.13145017623901367,0.938095211982727,0.6198412775993347
YHR143W,YER138C,0,-8.536366,0.13142094016075134,0.938095211982727,0.6200000047683716
YNL281W,YGR010W,0,-8.536411,0.1313917338848114,0.938095211982727,0.6201587319374084
YDR446W,YOR192C-A,0,-8.536431,0.13136252760887146,0.938095211982727,0.6203174591064453
YMR129W,YOR194C,0,-8.536559,0.1313333362340927,0.938095211982727,0.6204761862754822
YOL086C,YPR046W,0,-8.536611,0.13130415976047516,0.938095211982727,0.620634913444519
YJR150C,YBR012W-B,0,-8.536905,0.1312749832868576,0.938095211982727,0.6207936406135559
YBR289W,YDR392W,1,-8.537209,0.13146790862083435,0.9396825432777405,0.6207936406135559
YPR176C,YLR035C-A,0,-8.537574,0.1314387172460556,0.9396825432777405,0.6209523677825928
YKL004W,YPL156C,0,-8.537643,0.13140954077243805,0.9396825432777405,0.6211110949516296
YPL257W-A,YPL276W,0,-8.537894,0.1313803791999817,0.9396825432777405,0.6212698221206665
YDR421W,YIL080W,0,-8.538423,0.13135123252868652,0.9396825432777405,0.6214285492897034
YOR298W,YKL080W,0,-8.540175,0.13132210075855255,0.9396825432777405,0.6215872764587402
YPL160W,YGR161C-C,0,-8.540661,0.13129296898841858,0.9396825432777405,0.6217460036277771
YHR043C,YCL061C,0,-8.542121,0.1312638521194458,0.9396825432777405,0.6219047904014587
YPL170W,YOL002C,0,-8.542296,0.1312347650527954,0.9396825432777405,0.6220635175704956
YCR067C,YOR064C,0,-8.542405,0.13120567798614502,0.9396825432777405,0.6222222447395325
YLR106C,YKR029C,0,-8.543328,0.13117660582065582,0.9396825432777405,0.6223809719085693
YER127W,YOR142W-B,0,-8.543332,0.13114753365516663,0.9396825432777405,0.6225396990776062
YDL069C,YBL080C,0,-8.544082,0.13111849129199982,0.9396825432777405,0.6226984262466431
YKL189W,YPR016C,0,-8.545241,0.1310894638299942,0.9396825432777405,0.6228571534156799
YLR275W,YCR053W,0,-8.545447,0.1310604363679886,0.9396825432777405,0.6230158805847168
YDL059C,YIL063C,0,-8.545474,0.13103142380714417,0.9396825432777405,0.6231746077537537
YGR179C,YDR077W,0,-8.545491,0.13100244104862213,0.9396825432777405,0.6233333349227905
YLR160C,YDR472W,0,-8.545527,0.1309734582901001,0.9396825432777405,0.6234920620918274
YBL022C,YDR365W-A,0,-8.545554,0.13094447553157806,0.9396825432777405,0.6236507892608643
YPL167C,YGR211W,0,-8.546265,0.13091552257537842,0.9396825432777405,0.6238095164299011
YJL156C,YGR038C-A,0,-8.547295,0.13088658452033997,0.9396825432777405,0.623968243598938
YFR013W,YGR038C-A,0,-8.548323,0.1308576464653015,0.9396825432777405,0.6241269707679749
YPL194W,YAL035W,0,-8.549079,0.13082872331142426,0.9396825432777405,0.6242856979370117
YBR022W,YPL218W,0,-8.549361,0.13079982995986938,0.9396825432777405,0.6244444251060486
YKL117W,YJL113W,0,-8.549644,0.13077093660831451,0.9396825432777405,0.6246031522750854
YMR179W,YDR365W-A,0,-8.550605,0.13074204325675964,0.9396825432777405,0.6247618794441223
YMR128W,YPR005C,0,-8.550882,0.13071317970752716,0.9396825432777405,0.6249206066131592
YNR074C,YER116C,0,-8.550929,0.13068433105945587,0.9396825432777405,0.6250793933868408
YFR051C,YDR365W-B,0,-8.551205,0.13065548241138458,0.9396825432777405,0.6252381205558777
YNL039W,YBR088C,0,-8.55156,0.1306266486644745,0.9396825432777405,0.6253968477249146
YPL274W,YOR192C-B,0,-8.551602,0.13059784471988678,0.9396825432777405,0.6255555748939514
YIR013C,YML060W,0,-8.551841,0.13056904077529907,0.9396825432777405,0.6257143020629883
YKR009C,YOR142W-A,0,-8.552172,0.13054023683071136,0.9396825432777405,0.6258730292320251
YKL092C,YJL114W,0,-8.552175,0.13051146268844604,0.9396825432777405,0.626031756401062
YGL018C,YOL121C,0,-8.552363,0.13048270344734192,0.9396825432777405,0.6261904835700989
YPL028W,YGR027W-A,0,-8.55269,0.1304539442062378,0.9396825432777405,0.6263492107391357
YFL034C-B,YBR186W,0,-8.552736,0.13042519986629486,0.9396825432777405,0.6265079379081726
YGR191W,YDR365W-A,0,-8.553072,0.13039647042751312,0.9396825432777405,0.6266666650772095
YDR252W,YDR439W,0,-8.553249,0.13036775588989258,0.9396825432777405,0.6268253922462463
YNR030W,YDR004W,0,-8.554222,0.13033905625343323,0.9396825432777405,0.6269841194152832
YML011C,YBR273C,0,-8.555554,0.13031037151813507,0.9396825432777405,0.6271428465843201
YNL042W,YOR192C-A,0,-8.555683,0.13028168678283691,0.9396825432777405,0.6273015737533569
YOR260W,YPR007C,0,-8.556173,0.13025303184986115,0.9396825432777405,0.6274603009223938
YDL005C,YOL122C,0,-8.556635,0.13022437691688538,0.9396825432777405,0.6276190280914307
YBR133C,YGR101W,0,-8.557866,0.1301957368850708,0.9396825432777405,0.6277777552604675
YPL262W,YJL140W,0,-8.558018,0.13016711175441742,0.9396825432777405,0.6279364824295044
YIL144W,YPR016C,0,-8.558536,0.13013848662376404,0.9396825432777405,0.6280952095985413
YPL241C,YPR074C,0,-8.558614,0.13010989129543304,0.9396825432777405,0.6282539963722229
YMR113W,YKL068W,0,-8.558639,0.13008129596710205,0.9396825432777405,0.6284127235412598
YJR076C,YLR405W,0,-8.559104,0.13005273044109344,0.9396825432777405,0.6285714507102966
YGR055W,YNL326C,0,-8.559381,0.13002416491508484,0.9396825432777405,0.6287301778793335
YDR009W,YGR118W,0,-8.559695,0.12999561429023743,0.9396825432777405,0.6288889050483704
YJR160C,YOR192C-A,0,-8.559929,0.12996706366539001,0.9396825432777405,0.6290476322174072
YPR007C,YLR447C,0,-8.5602865,0.129938542842865,0.9396825432777405,0.6292063593864441
YFL024C,YBR009C,0,-8.5605955,0.12991002202033997,0.9396825432777405,0.629365086555481
YGL033W,YDL201W,0,-8.560634,0.12988153100013733,0.9396825432777405,0.6295238137245178
YMR184W,YPL125W,0,-8.560721,0.1298530399799347,0.9396825432777405,0.6296825408935547
YPR154W,YDR365W-A,0,-8.5610285,0.12982456386089325,0.9396825432777405,0.6298412680625916
YAL015C,YAR007C,0,-8.56254,0.129796102643013,0.9396825432777405,0.6299999952316284
YLR056W,YHR160C,0,-8.562582,0.12976764142513275,0.9396825432777405,0.6301587224006653
YPR029C,YPL265W,0,-8.5627985,0.1297392100095749,0.9396825432777405,0.6303174495697021
YKL144C,YOR192C-B,0,-8.563296,0.12971077859401703,0.9396825432777405,0.630476176738739
YML031W,YLR410W-B,0,-8.563743,0.12968236207962036,0.9396825432777405,0.6306349039077759
YNL102W,YOR343W-A,0,-8.564367,0.1296539604663849,0.9396825432777405,0.6307936310768127
YDL192W,YGR275W,0,-8.564535,0.1296255737543106,0.9396825432777405,0.6309523582458496
YER157W,YPL097W,0,-8.564963,0.12959720194339752,0.9396825432777405,0.6311110854148865
YJL090C,YJL062W,0,-8.565013,0.12956883013248444,0.9396825432777405,0.6312698125839233
YML107C,YJL045W,0,-8.565224,0.12954048812389374,0.9396825432777405,0.631428599357605
YOR266W,YLR107W,0,-8.565553,0.12951214611530304,0.9396825432777405,0.6315873265266418
YKL007W,YMR032W,0,-8.566845,0.12948381900787354,0.9396825432777405,0.6317460536956787
YDL004W,YPL204W,0,-8.567365,0.12945550680160522,0.9396825432777405,0.6319047808647156
YPL137C,YKL006C-A,0,-8.568174,0.12942719459533691,0.9396825432777405,0.6320635080337524
YNL042W,YCL075W,0,-8.569265,0.129398912191391,0.9396825432777405,0.6322222352027893
YPL059W,YOR147W,0,-8.569764,0.12937062978744507,0.9396825432777405,0.6323809623718262
YMR239C,YLR157C-A,0,-8.56982,0.12934236228466034,0.9396825432777405,0.632539689540863
YPR006C,YOR343W-A,0,-8.570139,0.1293141096830368,0.9396825432777405,0.6326984167098999
YGR191W,YLR363C,0,-8.570512,0.12928587198257446,0.9396825432777405,0.6328571438789368
YOR249C,YOR361C,0,-8.5705805,0.12925764918327332,0.9396825432777405,0.6330158710479736
YBL023C,YLR157C-A,0,-8.5712385,0.12922942638397217,0.9396825432777405,0.6331745982170105
YLR466W,YLR410W-B,0,-8.571592,0.12920121848583221,0.9396825432777405,0.6333333253860474
YBL034C,YJR102C,0,-8.571652,0.12917302548885345,0.9396825432777405,0.6334920525550842
YDL236W,YJL114W,0,-8.5722685,0.1291448473930359,0.9396825432777405,0.6336507797241211
YBL069W,YGR046W,0,-8.572896,0.12911668419837952,0.9396825432777405,0.633809506893158
YHR024C,YHR214C-C,0,-8.572941,0.12908853590488434,0.9396825432777405,0.6339682340621948
YPL262W,YML019W,0,-8.574394,0.12906038761138916,0.9396825432777405,0.6341269612312317
YDL003W,YGL210W-A,0,-8.575282,0.12903225421905518,0.9396825432777405,0.6342856884002686
YDR045C,YGR027W-A,0,-8.5755205,0.12900413572788239,0.9396825432777405,0.6344444155693054
YCR044C,YKL144C,0,-8.575596,0.1289760321378708,0.9396825432777405,0.6346032023429871
YJL058C,YLL006W,0,-8.576987,0.12894794344902039,0.9396825432777405,0.6347619295120239
YDR004W,YHL034C,0,-8.579228,0.12891985476016998,0.9396825432777405,0.6349206566810608
YDL059C,YBR175W,0,-8.579633,0.12889179587364197,0.9396825432777405,0.6350793838500977
YGR041W,YLR394W,0,-8.579788,0.12886373698711395,0.9396825432777405,0.6352381110191345
YAL012W,YDR414C,0,-8.580586,0.12883569300174713,0.9396825432777405,0.6353968381881714
YBL085W,YGL219C,0,-8.580663,0.1288076639175415,0.9396825432777405,0.6355555653572083
YBL026W,YLR466W,0,-8.582591,0.12877963483333588,0.9396825432777405,0.6357142925262451
YPL115C,YMR061W,0,-8.582814,0.12875163555145264,0.9396825432777405,0.635873019695282
YJL133W,YDR034C-D,0,-8.5829935,0.1287236362695694,0.9396825432777405,0.6360317468643188
YGR003W,YDR432W,0,-8.5830965,0.12869565188884735,0.9396825432777405,0.6361904740333557
YJL099W,YMR135C,0,-8.583585,0.1286676824092865,0.9396825432777405,0.6363492012023926
YJR064W,YNL280C,0,-8.583857,0.12863972783088684,0.9396825432777405,0.6365079283714294
YLR079W,YDR261C-C,0,-8.585459,0.12861177325248718,0.9396825432777405,0.6366666555404663
YJR029W,YMR210W,0,-8.586379,0.12858383357524872,0.9396825432777405,0.6368253827095032
YPL231W,YOL104C,0,-8.586873,0.12855592370033264,0.9396825432777405,0.63698410987854
YDR414C,YER087C-B,0,-8.58707,0.12852801382541656,0.9396825432777405,0.6371428370475769
YML064C,YLR035C-A,0,-8.587082,0.1285001039505005,0.9396825432777405,0.6373015642166138
YJR040W,YJR073C,0,-8.587214,0.1284722238779068,0.9396825432777405,0.6374602913856506
YER183C,YLR357W,0,-8.58735,0.1284443438053131,0.9396825432777405,0.6376190185546875
YGL247W,YDR293C,0,-8.587352,0.12841647863388062,0.9396825432777405,0.6377778053283691
YOR031W,YJR147W,0,-8.5875025,0.1283886432647705,0.9396825432777405,0.637936532497406
YAR015W,YLL024C,0,-8.5880995,0.1283607929944992,0.9396825432777405,0.6380952596664429
YDR173C,YJR043C,0,-8.588517,0.1283329725265503,0.9396825432777405,0.6382539868354797
YLR176C,YKL099C,0,-8.588556,0.12830515205860138,0.9396825432777405,0.6384127140045166
YDR251W,YBR106W,0,-8.588727,0.12827736139297485,0.9396825432777405,0.6385714411735535
YLR442C,YBR172C,0,-8.588766,0.12824957072734833,0.9396825432777405,0.6387301683425903
YML081C-A,YFL029C,0,-8.589956,0.128221794962883,0.9396825432777405,0.6388888955116272
YJL186W,YPR132W,0,-8.590184,0.12819401919841766,0.9396825432777405,0.6390476226806641
YFR047C,YKR026C,0,-8.590911,0.12816627323627472,0.9396825432777405,0.6392063498497009
YDR424C,YBR089C-A,0,-8.591823,0.12813852727413177,0.9396825432777405,0.6393650770187378
YJL106W,YJR073C,0,-8.591974,0.12811079621315002,0.9396825432777405,0.6395238041877747
YHL038C,YDR162C,0,-8.595013,0.12808308005332947,0.9396825432777405,0.6396825313568115
YEL003W,YML104C,0,-8.59555,0.1280553787946701,0.9396825432777405,0.6398412585258484
YGR152C,YNL054W-A,0,-8.595976,0.12802767753601074,0.9396825432777405,0.6399999856948853
YGL142C,YPR112C,0,-8.596633,0.12800000607967377,0.9396825432777405,0.6401587128639221
YMR112C,YNL284C-A,0,-8.596769,0.1279723346233368,0.9396825432777405,0.640317440032959
YFR003C,YBL005W-B,0,-8.597279,0.127944678068161,0.9396825432777405,0.6404761672019958
YBR160W,YOR064C,0,-8.598052,0.12791702151298523,0.9396825432777405,0.6406348943710327
YNL259C,YNL177C,0,-8.598565,0.12788939476013184,0.9396825432777405,0.6407936215400696
YGR231C,YMR137C,0,-8.598624,0.12786176800727844,0.9396825432777405,0.6409524083137512
YKL026C,YNL129W,0,-8.59883,0.12783415615558624,0.9396825432777405,0.6411111354827881
YML036W,YPR005C,0,-8.60036,0.12780655920505524,0.9396825432777405,0.641269862651825
YNL239W,YMR051C,0,-8.6012535,0.12777897715568542,0.9396825432777405,0.6414285898208618
YHR004C,YJL080C,0,-8.60172,0.1277514100074768,0.9396825432777405,0.6415873169898987
YMR117C,YGR038C-A,0,-8.601805,0.1277238428592682,0.9396825432777405,0.6417460441589355
YDR479C,YDL130W,0,-8.602624,0.12769629061222076,0.9396825432777405,0.6419047713279724
YMR264W,YDL003W,0,-8.603663,0.12766875326633453,0.9396825432777405,0.6420634984970093
YNR008W,YDR098C-A,0,-8.604474,0.1276412308216095,0.9396825432777405,0.6422222256660461
YLR186W,YOL103W-B,0,-8.604741,0.12761370837688446,0.9396825432777405,0.642380952835083
YBR162C,YHR039C-B,0,-8.605016,0.12758620083332062,0.9396825432777405,0.6425396800041199
YOL001W,YCL075W,0,-8.605905,0.12755872309207916,0.9396825432777405,0.6426984071731567
YMR116C,YLR229C,1,-8.606179,0.12774665653705597,0.9412698149681091,0.6426984071731567
YPL275W,YLL035W,0,-8.606294,0.12771914899349213,0.9412698149681091,0.6428571343421936
YOL121C,YJL192C,0,-8.606309,0.12769164144992828,0.9412698149681091,0.6430158615112305
YFL049W,YLR157C-B,0,-8.606587,0.12766414880752563,0.9412698149681091,0.6431745886802673
YFR013W,YPR137C-A,0,-8.608122,0.12763667106628418,0.9412698149681091,0.6433333158493042
YLL008W,YOR343W-A,0,-8.60862,0.12760920822620392,0.9412698149681091,0.6434920430183411
YOR149C,YLR262C,0,-8.608712,0.12758176028728485,0.9412698149681091,0.6436507701873779
YMR139W,YPR132W,0,-8.6104,0.12755431234836578,0.9412698149681091,0.6438094973564148
YCR034W,YKL075C,0,-8.610668,0.1275268793106079,0.9412698149681091,0.6439682245254517
YDR140W,YBR060C,0,-8.610885,0.12749946117401123,0.9412698149681091,0.6441270112991333
YMR035W,YHR039C-B,0,-8.610885,0.12747205793857574,0.9412698149681091,0.6442857384681702
YFR013W,YPL257W-B,0,-8.611484,0.12744465470314026,0.9412698149681091,0.644444465637207
YHR015W,YDR098C-B,0,-8.612191,0.12741728127002716,0.9412698149681091,0.6446031928062439
YGL216W,YNL054W-B,0,-8.613336,0.12738990783691406,0.9412698149681091,0.6447619199752808
YMR013C,YNL007C,0,-8.6134405,0.12736254930496216,0.9412698149681091,0.6449206471443176
YMR128W,YPL275W,0,-8.613456,0.12733519077301025,0.9412698149681091,0.6450793743133545
YDR263C,YPR078C,0,-8.613485,0.12730786204338074,0.9412698149681091,0.6452381014823914
YKR039W,YOR330C,0,-8.613716,0.12728053331375122,0.9412698149681091,0.6453968286514282
YKL004W,YOR142W-B,0,-8.613816,0.1272532194852829,0.9412698149681091,0.6455555558204651
YML047C,YPR158W-B,0,-8.613856,0.12722592055797577,0.9412698149681091,0.645714282989502
YOR036W,YBR012W-A,0,-8.613933,0.12719862163066864,0.9412698149681091,0.6458730101585388
YHR099W,YLR410W-B,0,-8.614246,0.1271713525056839,0.9412698149681091,0.6460317373275757
YJL186W,YGL112C,0,-8.614316,0.12714408338069916,0.9412698149681091,0.6461904644966125
YGR280C,YPL257W-B,0,-8.615111,0.1271168291568756,0.9412698149681091,0.6463491916656494
YLR170C,YER031C,0,-8.61556,0.12708958983421326,0.9412698149681091,0.6465079188346863
YDL230W,YIL008W,1,-8.616251,0.12727662920951843,0.9428571462631226,0.6465079188346863
YOL111C,YPL257W-A,0,-8.617121,0.1272493600845337,0.9428571462631226,0.6466666460037231
YML059C,YOR142W-A,0,-8.617396,0.12722210586071014,0.9428571462631226,0.64682537317276
YEL071W,YOR117W,0,-8.61756,0.1271948665380478,0.9428571462631226,0.6469841003417969
YGL191W,YKL119C,0,-8.617827,0.12716762721538544,0.9428571462631226,0.6471428275108337
YML060W,YOR356W,0,-8.619392,0.12714041769504547,0.9428571462631226,0.6473016142845154
YJL071W,YDR210C-C,0,-8.621453,0.1271132081747055,0.9428571462631226,0.6474603414535522
YLR319C,YMR026C,0,-8.621522,0.12708601355552673,0.9428571462631226,0.6476190686225891
YDR231C,YDR110W,0,-8.621936,0.12705881893634796,0.9428571462631226,0.647777795791626
YBL074C,YJL190C,0,-8.62202,0.12703165411949158,0.9428571462631226,0.6479365229606628
YML085C,YHR214C-C,0,-8.622684,0.1270044893026352,0.9428571462631226,0.6480952501296997
YER183C,YPR002W,0,-8.622788,0.12697733938694,0.9428571462631226,0.6482539772987366
YOL008W,YKL113C,0,-8.623544,0.126950204372406,0.9428571462631226,0.6484127044677734
YGL116W,YLR313C,0,-8.623573,0.1269230842590332,0.9428571462631226,0.6485714316368103
YPL171C,YPR137C-A,0,-8.623675,0.1268959641456604,0.9428571462631226,0.6487301588058472
YKR054C,YOR003W,0,-8.623801,0.1268688589334488,0.9428571462631226,0.648888885974884
YLR197W,YPL257W-B,0,-8.624085,0.12684176862239838,0.9428571462631226,0.6490476131439209
YPR186C,YOR142W-A,0,-8.624173,0.12681469321250916,0.9428571462631226,0.6492063403129578
YBL106C,YDR145W,0,-8.6243105,0.12678761780261993,0.9428571462631226,0.6493650674819946
YDR281C,YIL118W,0,-8.624325,0.1267605572938919,0.9428571462631226,0.6495237946510315
YOL006C,YDR365W-A,0,-8.624707,0.12673351168632507,0.9428571462631226,0.6496825218200684
YNL116W,YMR229C,0,-8.624909,0.12670648097991943,0.9428571462631226,0.6498412489891052
YLR088W,YJR118C,0,-8.624983,0.126679465174675,0.9428571462631226,0.6499999761581421
YPL208W,YPR108W,0,-8.625404,0.12665244936943054,0.9428571462631226,0.650158703327179
YBR089C-A,YKL099C,0,-8.625491,0.1266254484653473,0.9428571462631226,0.6503174901008606
YHR129C,YOR179C,0,-8.6255,0.12659846246242523,0.9428571462631226,0.6504762172698975
YMR061W,YOR224C,0,-8.62564,0.12657149136066437,0.9428571462631226,0.6506349444389343
YNL053W,YGR251W,0,-8.626164,0.1265445202589035,0.9428571462631226,0.6507936716079712
YHR001W-A,YOR018W,0,-8.626685,0.12651757895946503,0.9428571462631226,0.6509523987770081
YLR133W,YCL075W,0,-8.62851,0.12649063766002655,0.9428571462631226,0.6511111259460449
YER146W,YJR131W,0,-8.628631,0.12646369636058807,0.9428571462631226,0.6512698531150818
YOR083W,YIL082W-A,0,-8.629085,0.12643678486347198,0.9428571462631226,0.6514285802841187
YLR133W,YMR087W,0,-8.629207,0.1264098733663559,0.9428571462631226,0.6515873074531555
YOR011W,YDR210C-D,0,-8.629486,0.126382976770401,0.9428571462631226,0.6517460346221924
YOR080W,YJL089W,1,-8.630305,0.12656880915164948,0.9444444179534912,0.6517460346221924
YGL150C,YNL284C-B,0,-8.630652,0.1265418976545334,0.9444444179534912,0.6519047617912292
YPR070W,YOL026C,0,-8.630864,0.1265149861574173,0.9444444179534912,0.6520634889602661
YJL157C,YKL113C,0,-8.63089,0.1264880895614624,0.9444444179534912,0.652222216129303
YCR066W,YML005W,0,-8.631004,0.1264612078666687,0.9444444179534912,0.6523809432983398
YIL022W,YGR072W,0,-8.6312895,0.1264343410730362,0.9444444179534912,0.6525396704673767
YGL006W,YMR227C,0,-8.633088,0.1264074742794037,0.9444444179534912,0.6526983976364136
YAL032C,YDL130W,0,-8.633151,0.12638062238693237,0.9444444179534912,0.6528571248054504
YKL011C,YPL087W,0,-8.633294,0.12635378539562225,0.9444444179534912,0.6530158519744873
YOL008W,YMR156C,0,-8.6338005,0.12632696330547333,0.9444444179534912,0.6531745791435242
YBL023C,YOL122C,0,-8.633824,0.1263001412153244,0.9444444179534912,0.653333306312561
YGR030C,YLR410W-B,0,-8.634217,0.12627334892749786,0.9444444179534912,0.6534920930862427
YKL040C,YER053C,0,-8.636361,0.12624655663967133,0.9444444179534912,0.6536508202552795
YJL186W,YPR158C-C,0,-8.636667,0.1262197643518448,0.9444444179534912,0.6538095474243164
YPR018W,YDR210W-B,0,-8.6369705,0.12619300186634064,0.9444444179534912,0.6539682745933533
YKR007W,YER093C,0,-8.637084,0.1261662393808365,0.9444444179534912,0.6541270017623901
YIL117C,YKL212W,0,-8.637107,0.12613949179649353,0.9444444179534912,0.654285728931427
YKL016C,YAL031C,0,-8.637377,0.12611275911331177,0.9444444179534912,0.6544444561004639
YDR421W,YDL065C,0,-8.638137,0.1260860413312912,0.9444444179534912,0.6546031832695007
YIL139C,YML045W-A,0,-8.63889,0.12605932354927063,0.9444444179534912,0.6547619104385376
YHL024W,YLR447C,0,-8.639076,0.12603262066841125,0.9444444179534912,0.6549206376075745
YLR081W,YKL042W,0,-8.639831,0.12600593268871307,0.9444444179534912,0.6550793647766113
YNL280C,YKL148C,0,-8.640303,0.1259792447090149,0.9444444179534912,0.6552380919456482
YKR085C,YPL206C,0,-8.64077,0.1259525865316391,0.9444444179534912,0.6553968191146851
YLR106C,YBR173C,0,-8.641008,0.1259259283542633,0.9444444179534912,0.6555555462837219
YBL041W,YBR050C,0,-8.641295,0.1258992850780487,0.9444444179534912,0.6557142734527588
YDL213C,YNL229C,0,-8.641904,0.1258726418018341,0.9444444179534912,0.6558730006217957
YGL018C,YDR297W,0,-8.642041,0.1258460283279419,0.9444444179534912,0.6560317277908325
YLR466W,YPR137C-A,0,-8.64247,0.12581941485404968,0.9444444179534912,0.6561904549598694
YGR095C,YLR193C,0,-8.642774,0.12579281628131866,0.9444444179534912,0.6563491821289062
YPR155C,YML061C,0,-8.643011,0.12576621770858765,0.9444444179534912,0.6565079092979431
YKL206C,YIL048W,0,-8.643592,0.12573964893817902,0.9444444179534912,0.6566666960716248
YIL036W,YJL059W,0,-8.645144,0.12571308016777039,0.9444444179534912,0.6568254232406616
YDR279W,YKL080W,0,-8.645234,0.12568652629852295,0.9444444179534912,0.6569841504096985
YDR448W,YLL006W,0,-8.645289,0.1256599724292755,0.9444444179534912,0.6571428775787354
YGR197C,YNL284C-A,0,-8.6455555,0.12563344836235046,0.9444444179534912,0.6573016047477722
YML110C,YAR009C,0,-8.645682,0.12560692429542542,0.9444444179534912,0.6574603319168091
YIL049W,YFR027W,0,-8.646138,0.12558041512966156,0.9444444179534912,0.657619059085846
YBR243C,YKR050W,0,-8.646804,0.1255539208650589,0.9444444179534912,0.6577777862548828
YLR214W,YMR239C,0,-8.646871,0.12552742660045624,0.9444444179534912,0.6579365134239197
YBL082C,YLR256W-A,0,-8.647933,0.12550094723701477,0.9444444179534912,0.6580952405929565
YGR029W,YBR183W,0,-8.649307,0.1254744827747345,0.9444444179534912,0.6582539677619934
YPR101W,YPL257W-A,0,-8.649857,0.12544803321361542,0.9444444179534912,0.6584126949310303
YKL032C,YOR243C,0,-8.649928,0.12542158365249634,0.9444444179534912,0.6585714221000671
YML062C,YNL131W,0,-8.65003,0.12539514899253845,0.9444444179534912,0.658730149269104
YMR275C,YJL194W,0,-8.650339,0.12536872923374176,0.9444444179534912,0.6588888764381409
YHR129C,YIL022W,0,-8.652696,0.12534232437610626,0.9444444179534912,0.6590476036071777
YJR060W,YMR204C,0,-8.6528845,0.12531591951847076,0.9444444179534912,0.6592063307762146
YLR226W,YJR074W,0,-8.653382,0.12528952956199646,0.9444444179534912,0.6593650579452515
YKL152C,YCR044C,0,-8.653792,0.12526315450668335,0.9444444179534912,0.6595237851142883
YHR039C,YLR020C,0,-8.653862,0.12523679435253143,0.9444444179534912,0.6596825122833252
YDL056W,YDR247W,0,-8.653935,0.12521043419837952,0.9444444179534912,0.6598412990570068
YAL029C,YMR076C,0,-8.654248,0.1251840889453888,0.9444444179534912,0.6600000262260437
YHL003C,YBL100W-A,0,-8.654618,0.12515775859355927,0.9444444179534912,0.6601587533950806
YDR281C,YBR267W,0,-8.654669,0.12513144314289093,0.9444444179534912,0.6603174805641174
YIL122W,YLR136C,0,-8.655137,0.1251051276922226,0.9444444179534912,0.6604762077331543
YGR056W,YJL059W,0,-8.657102,0.12507882714271545,0.9444444179534912,0.6606349349021912
YPL275W,YGR185C,0,-8.657594,0.1250525414943695,0.9444444179534912,0.660793662071228
YOR320C,YBL100W-A,0,-8.658231,0.12502627074718475,0.9444444179534912,0.6609523892402649
YOR001W,YGR161C-D,0,-8.658244,0.125,0.9444444179534912,0.6611111164093018
YML121W,YPL257W-A,0,-8.659564,0.12497374415397644,0.9444444179534912,0.6612698435783386
YKL022C,YCR092C,0,-8.66069,0.12494750320911407,0.9444444179534912,0.6614285707473755
YGR286C,YER122C,0,-8.661202,0.1249212697148323,0.9444444179534912,0.6615872979164124
YIL007C,YDL058W,0,-8.661519,0.12489504367113113,0.9444444179534912,0.6617460250854492
YAL030W,YGR197C,0,-8.66199,0.12486883252859116,0.9444444179534912,0.6619047522544861
YGR275W,YPL138C,0,-8.662271,0.12484263628721237,0.9444444179534912,0.662063479423523
YGL130W,YJL113W,0,-8.66251,0.12481644749641418,0.9444444179534912,0.6622222065925598
YNL051W,YMR246W,0,-8.662513,0.1247902661561966,0.9444444179534912,0.6623809337615967
YOR005C,YBR118W,0,-8.66298,0.1247640997171402,0.9444444179534912,0.6625396609306335
YLR377C,YML005W,0,-8.66332,0.124737948179245,0.9444444179534912,0.6626983880996704
YPL097W,YKL028W,0,-8.664334,0.12471180409193039,0.9444444179534912,0.6628571152687073
YLR117C,YMR048W,0,-8.664468,0.12468566745519638,0.9444444179534912,0.6630159020423889
YOL158C,YKL196C,0,-8.664999,0.12465954571962357,0.9444444179534912,0.6631746292114258
YER016W,YMR199W,0,-8.665222,0.12463343143463135,0.9444444179534912,0.6633333563804626
YKL048C,YIL126W,0,-8.665525,0.12460733205080032,0.9444444179534912,0.6634920835494995
YDR221W,YNL142W,0,-8.665595,0.1245812401175499,0.9444444179534912,0.6636508107185364
YDL223C,YKL166C,0,-8.665731,0.12455516308546066,0.9444444179534912,0.6638095378875732
YDL108W,YFR034C,0,-8.665893,0.12452909350395203,0.9444444179534912,0.6639682650566101
YCR040W,YER075C,0,-8.666804,0.12450303137302399,0.9444444179534912,0.664126992225647
YIL026C,YPL167C,0,-8.666944,0.12447698414325714,0.9444444179534912,0.6642857193946838
YMR011W,YCR020C-A,0,-8.668014,0.12445095181465149,0.9444444179534912,0.6644444465637207
YGR280C,YIL119C,0,-8.668133,0.12442492693662643,0.9444444179534912,0.6646031737327576
YCR091W,YDR322C-A,0,-8.668427,0.12439890950918198,0.9444444179534912,0.6647619009017944
YLL043W,YLR106C,0,-8.668437,0.12437290698289871,0.9444444179534912,0.6649206280708313
YFR005C,YKL006C-A,0,-8.669324,0.12434691935777664,0.9444444179534912,0.6650793552398682
YDR382W,YKL058W,0,-8.670978,0.12432093918323517,0.9444444179534912,0.665238082408905
YHR023W,YEL037C,0,-8.671187,0.12429496645927429,0.9444444179534912,0.6653968095779419
YBR038W,YMR173W,0,-8.671553,0.12426900863647461,0.9444444179534912,0.6655555367469788
YMR116C,YGL045W,1,-8.675342,0.12445186823606491,0.9460317492485046,0.6655555367469788
YNL006W,YJL117W,0,-8.675742,0.12442588806152344,0.9460317492485046,0.6657142639160156
YEL020W-A,YER100W,0,-8.676054,0.12439991533756256,0.9460317492485046,0.6658729910850525
YBL097W,YLR175W,0,-8.676735,0.12437395751476288,0.9460317492485046,0.6660317182540894
YKL146W,YJL003W,0,-8.677081,0.12434800714254379,0.9460317492485046,0.666190505027771
YOL001W,YKL042W,0,-8.677411,0.1243220716714859,0.9460317492485046,0.6663492321968079
YCL061C,YJR132W,0,-8.677867,0.1242961436510086,0.9460317492485046,0.6665079593658447
YDL117W,YML049C,0,-8.6779375,0.12427022308111191,0.9460317492485046,0.6666666865348816
YJL134W,YGR264C,0,-8.678521,0.1242443174123764,0.9460317492485046,0.6668254137039185
YNR074C,YML116W,0,-8.678617,0.1242184266448021,0.9460317492485046,0.6669841408729553
YER114C,YKR067W,0,-8.679152,0.12419254332780838,0.9460317492485046,0.6671428680419922
YJL121C,YNL283C,0,-8.679467,0.12416666746139526,0.9460317492485046,0.667301595211029
YHR036W,YKL130C,0,-8.680607,0.12414080649614334,0.9460317492485046,0.6674603223800659
YDR377W,YCR093W,0,-8.681454,0.12411495298147202,0.9460317492485046,0.6676190495491028
YML080W,YCR018C,0,-8.681683,0.12408911436796188,0.9460317492485046,0.6677777767181396
YGR004W,YMR089C,0,-8.681737,0.12406328320503235,0.9460317492485046,0.6679365038871765
YGL084C,YMR039C,0,-8.682347,0.12403745949268341,0.9460317492485046,0.6680952310562134
YLR157C,YJL194W,0,-8.682405,0.12401165068149567,0.9460317492485046,0.6682539582252502
YMR292W,YGR038C-A,0,-8.682785,0.12398585677146912,0.9460317492485046,0.6684126853942871
YGL166W,YBR009C,0,-8.682875,0.12396006286144257,0.9460317492485046,0.668571412563324
YIL066C,YKL196C,0,-8.683524,0.1239342913031578,0.9460317492485046,0.6687301397323608
YNL026W,YGR296W,0,-8.683894,0.12390852719545364,0.9460317492485046,0.6688888669013977
YGL094C,YPL007C,0,-8.68422,0.12388277053833008,0.9460317492485046,0.6690475940704346
YMR186W,YBR106W,0,-8.68508,0.12385702133178711,0.9460317492485046,0.6692063212394714
YIL085C,YLR200W,0,-8.685531,0.12383128702640533,0.9460317492485046,0.6693651080131531
YDR437W,YNR032W,0,-8.68621,0.12380556762218475,0.9460317492485046,0.6695238351821899
YPL101W,YNL090W,0,-8.686425,0.12377985566854477,0.9460317492485046,0.6696825623512268
YGL112C,YDR472W,0,-8.687192,0.12375415116548538,0.9460317492485046,0.6698412895202637
YNL068C,YPL155C,0,-8.687568,0.12372846156358719,0.9460317492485046,0.6700000166893005
YOR185C,YDL138W,0,-8.688194,0.12370277941226959,0.9460317492485046,0.6701587438583374
YDR113C,YPR009W,0,-8.688436,0.12367711216211319,0.9460317492485046,0.6703174710273743
YIR004W,YDR365W-A,0,-8.688831,0.12365145236253738,0.9460317492485046,0.6704761981964111
YJL166W,YDR057W,0,-8.689363,0.12362580746412277,0.9460317492485046,0.670634925365448
YBR009C,YKR072C,0,-8.68977,0.12360016256570816,0.9460317492485046,0.6707936525344849
YBR088C,YJL138C,0,-8.689904,0.12357454001903534,0.9460317492485046,0.6709523797035217
YBR202W,YDR076W,0,-8.690433,0.12354892492294312,0.9460317492485046,0.6711111068725586
YPL153C,YOL020W,0,-8.690578,0.12352331727743149,0.9460317492485046,0.6712698340415955
YOR330C,YMR260C,0,-8.690629,0.12349771708250046,0.9460317492485046,0.6714285612106323
YOR367W,YJR029W,0,-8.690844,0.12347213923931122,0.9460317492485046,0.6715872883796692
YPR009W,YMR236W,0,-8.691516,0.12344656139612198,0.9460317492485046,0.671746015548706
YMR006C,YKL080W,0,-8.691766,0.12342099845409393,0.9460317492485046,0.6719047427177429
YMR202W,YDR461W,0,-8.6919985,0.12339544296264648,0.9460317492485046,0.6720634698867798
YDR289C,YNL284C-A,0,-8.692616,0.12336990237236023,0.9460317492485046,0.6722221970558167
YBR145W,YHR079C,0,-8.69263,0.12334436923265457,0.9460317492485046,0.6723809242248535
YLR242C,YBR215W,0,-8.693559,0.12331885099411011,0.9460317492485046,0.6725397109985352
YKR035W-A,YLR467W,0,-8.693941,0.12329334020614624,0.9460317492485046,0.672698438167572
YKL135C,YJL072C,0,-8.69405,0.12326783686876297,0.9460317492485046,0.6728571653366089
YGL054C,YPR055W,0,-8.695168,0.1232423484325409,0.9460317492485046,0.6730158925056458
YOR319W,YDR481C,0,-8.695258,0.12321686744689941,0.9460317492485046,0.6731746196746826
YBL080C,YPR191W,0,-8.695876,0.12319140136241913,0.9460317492485046,0.6733333468437195
YGR003W,YGR028W,0,-8.697155,0.12316594272851944,0.9460317492485046,0.6734920740127563
YHR165C,YML049C,0,-8.697217,0.12314049899578094,0.9460317492485046,0.6736508011817932
YMR001C,YML008C,0,-8.6978855,0.12311505526304245,0.9460317492485046,0.6738095283508301
YHR191C,YOR343W-A,0,-8.698145,0.12308963388204575,0.9460317492485046,0.6739682555198669
YMR104C,YHL009W-B,0,-8.69832,0.12306421995162964,0.9460317492485046,0.6741269826889038
YDR392W,YIL008W,1,-8.699324,0.1232452541589737,0.9476190209388733,0.6741269826889038
YLL001W,YGR248W,0,-8.69967,0.1232198178768158,0.9476190209388733,0.6742857098579407
YBL099W,YPR070W,0,-8.699717,0.1231943890452385,0.9476190209388733,0.6744444370269775
YNL090W,YDR170W-A,0,-8.699722,0.12316896766424179,0.9476190209388733,0.6746031641960144
YML010W,YBR069C,0,-8.699898,0.12314356118440628,0.9476190209388733,0.6747618913650513
YMR065W,YOR083W,0,-8.700199,0.12311816960573196,0.9476190209388733,0.6749206185340881
YLR216C,YNL129W,0,-8.700303,0.12309278547763824,0.9476190209388733,0.675079345703125
YGL247W,YJR076C,0,-8.700896,0.12306740880012512,0.9476190209388733,0.6752380728721619
YBR059C,YKR060W,0,-8.7015505,0.1230420470237732,0.9476190209388733,0.6753968000411987
YER112W,YKR086W,0,-8.701592,0.12301669269800186,0.9476190209388733,0.6755555272102356
YMR058W,YOL091W,0,-8.704062,0.12299134582281113,0.9476190209388733,0.6757143139839172
YGL180W,YNR034W,0,-8.704077,0.12296601384878159,0.9476190209388733,0.6758730411529541
YOR079C,YOR112W,0,-8.704337,0.12294068932533264,0.9476190209388733,0.676031768321991
YNL119W,YJL089W,1,-8.704757,0.12312126904726028,0.9492063522338867,0.676031768321991
YPR113W,YOR266W,0,-8.705064,0.12309592217206955,0.9492063522338867,0.6761904954910278
YPL089C,YMR060C,0,-8.705383,0.12307059019804001,0.9492063522338867,0.6763492226600647
YOR150W,YPR178W,0,-8.706512,0.12304526567459106,0.9492063522338867,0.6765079498291016
YLR201C,YJR028W,0,-8.708762,0.12301995605230331,0.9492063522338867,0.6766666769981384
YJL008C,YPL240C,0,-8.709043,0.12299465388059616,0.9492063522338867,0.6768254041671753
YGR254W,YMR284W,0,-8.709605,0.1229693591594696,0.9492063522338867,0.6769841313362122
YLR107W,YLR193C,0,-8.710792,0.12294407933950424,0.9492063522338867,0.677142858505249
YIL105C,YBR012W-A,0,-8.710807,0.12291880697011948,0.9492063522338867,0.6773015856742859
YLR080W,YER183C,0,-8.710956,0.1228935495018959,0.9492063522338867,0.6774603128433228
YMR113W,YDR322C-A,0,-8.71177,0.12286829948425293,0.9492063522338867,0.6776190400123596
YNL220W,YDL118W,0,-8.712796,0.12284305691719055,0.9492063522338867,0.6777777671813965
YGR167W,YIL098C,0,-8.712987,0.12281782925128937,0.9492063522338867,0.6779364943504333
YLR372W,YIL056W,0,-8.713124,0.12279260903596878,0.9492063522338867,0.6780952215194702
YGL100W,YNL160W,0,-8.713616,0.12276739627122879,0.9492063522338867,0.6782539486885071
YGL073W,YNL054W-A,0,-8.714112,0.12274219840765,0.9492063522338867,0.678412675857544
YBR297W,YGR159C,0,-8.715777,0.12271701544523239,0.9492063522338867,0.6785714030265808
YNL283C,YLL056C,0,-8.716257,0.12269183248281479,0.9492063522338867,0.6787301301956177
YIL159W,YOR226C,0,-8.717284,0.12266666442155838,0.9492063522338867,0.6788889169692993
YDR529C,YBR162C,0,-8.718192,0.12264151126146317,0.9492063522338867,0.6790476441383362
YBR145W,YBR073W,0,-8.718324,0.12261636555194855,0.9492063522338867,0.679206371307373
YML092C,YLR386W,0,-8.718438,0.12259122729301453,0.9492063522338867,0.6793650984764099
YCR005C,YHR075C,0,-8.718795,0.1225660964846611,0.9492063522338867,0.6795238256454468
YDL039C,YMR093W,0,-8.718986,0.12254098057746887,0.9492063522338867,0.6796825528144836
YJL093C,YPL144W,0,-8.719464,0.12251587957143784,0.9492063522338867,0.6798412799835205
YCL016C,YMR238W,0,-8.719698,0.1224907860159874,0.9492063522338867,0.6800000071525574
YBL026W,YBL061C,0,-8.719766,0.12246569991111755,0.9492063522338867,0.6801587343215942
YNR016C,YDR365W-A,0,-8.720734,0.12244062125682831,0.9492063522338867,0.6803174614906311
YCR075C,YLR195C,0,-8.721053,0.12241555750370026,0.9492063522338867,0.680476188659668
YNR056C,YLR126C,0,-8.721389,0.1223905012011528,0.9492063522338867,0.6806349158287048
YKL059C,YML024W,0,-8.721505,0.12236545979976654,0.9492063522338867,0.6807936429977417
YBR164C,YCL019W,0,-8.723025,0.12234042584896088,0.9492063522338867,0.6809523701667786
YNL031C,YKR025W,0,-8.723641,0.12231539934873581,0.9492063522338867,0.6811110973358154
YAL029C,YBL080C,0,-8.723889,0.12229038774967194,0.9492063522338867,0.6812698245048523
YIL035C,YMR305C,0,-8.724625,0.12226538360118866,0.9492063522338867,0.6814285516738892
YCL035C,YKR079C,0,-8.724725,0.12224039435386658,0.9492063522338867,0.681587278842926
YMR055C,YMR212C,0,-8.72594,0.12221541255712509,0.9492063522338867,0.6817460060119629
YOR028C,YDL118W,0,-8.727136,0.1221904382109642,0.9492063522338867,0.6819047331809998
YLR319C,YDR004W,0,-8.728009,0.12216547131538391,0.9492063522338867,0.6820635199546814
YCR089W,YBR289W,1,-8.728749,0.12234476953744888,0.9507936239242554,0.6820635199546814
YHR079C-A,YMR039C,0,-8.728755,0.1223197877407074,0.9507936239242554,0.6822222471237183
YLR015W,YLR157C-B,0,-8.72936,0.12229481339454651,0.9507936239242554,0.6823809742927551
YGR010W,YDL058W,0,-8.729646,0.12226985394954681,0.9507936239242554,0.682539701461792
YLR403W,YGR128C,0,-8.729811,0.12224489450454712,0.9507936239242554,0.6826984286308289
YCR060W,YOR287C,0,-8.730416,0.12221995741128922,0.9507936239242554,0.6828571557998657
YHR114W,YML006C,0,-8.730884,0.12219502031803131,0.9507936239242554,0.6830158829689026
YGR029W,YPR137C-B,0,-8.731217,0.1221700981259346,0.9507936239242554,0.6831746101379395
YPL137C,YPL147W,0,-8.731266,0.12214519083499908,0.9507936239242554,0.6833333373069763
YJL005W,YOR168W,0,-8.731789,0.12212028354406357,0.9507936239242554,0.6834920644760132
YAL013W,YIL009W,0,-8.73276,0.12209539115428925,0.9507936239242554,0.68365079164505
YGL051W,YMR137C,0,-8.733361,0.12207051366567612,0.9507936239242554,0.6838095188140869
YAL011W,YBR012W-B,0,-8.734234,0.12204563617706299,0.9507936239242554,0.6839682459831238
YDR164C,YOL124C,0,-8.734577,0.12202078104019165,0.9507936239242554,0.6841269731521606
YMR145C,YOR230W,0,-8.734949,0.12199592590332031,0.9507936239242554,0.6842857003211975
YOR208W,YHL009W-B,0,-8.735834,0.12197108566761017,0.9507936239242554,0.6844444274902344
YBL082C,YOR085W,0,-8.735864,0.12194625288248062,0.9507936239242554,0.6846031546592712
YOR054C,YJR102C,0,-8.735901,0.12192143499851227,0.9507936239242554,0.6847618818283081
YER026C,YGR063C,0,-8.736083,0.12189662456512451,0.9507936239242554,0.684920608997345
YNL031C,YML128C,0,-8.736883,0.12187182158231735,0.9507936239242554,0.6850793361663818
YLR157C,YDR532C,0,-8.738497,0.12184703350067139,0.9507936239242554,0.6852381229400635
YPL040C,YPL002C,0,-8.738904,0.12182225286960602,0.9507936239242554,0.6853968501091003
YNR058W,YDR473C,0,-8.739257,0.12179747968912125,0.9507936239242554,0.6855555772781372
YJR160C,YGR112W,0,-8.740308,0.12177272140979767,0.9507936239242554,0.6857143044471741
YDL164C,YLR386W,0,-8.740853,0.12174797058105469,0.9507936239242554,0.6858730316162109
YFL056C,YDR527W,0,-8.741042,0.1217232272028923,0.9507936239242554,0.6860317587852478
YLR067C,YLR048W,0,-8.741153,0.12169849872589111,0.9507936239242554,0.6861904859542847
YBL099W,YOR036W,0,-8.741352,0.12167377769947052,0.9507936239242554,0.6863492131233215
YML069W,YLR141W,0,-8.74149,0.12164906412363052,0.9507936239242554,0.6865079402923584
YJL121C,YER031C,0,-8.74223,0.12162436544895172,0.9507936239242554,0.6866666674613953
YJR013W,YPL006W,0,-8.743456,0.12159967422485352,0.9507936239242554,0.6868253946304321
YKR026C,YOL129W,0,-8.744526,0.1215749979019165,0.9507936239242554,0.686984121799469
YER045C,YJR044C,0,-8.744567,0.12155032157897949,0.9507936239242554,0.6871428489685059
YNR016C,YHR119W,0,-8.744895,0.12152566760778427,0.9507936239242554,0.6873015761375427
YPR176C,YGL078C,0,-8.745085,0.12150101363658905,0.9507936239242554,0.6874603033065796
YOR388C,YMR156C,0,-8.745304,0.12147637456655502,0.9507936239242554,0.6876190304756165
YNL257C,YOR179C,0,-8.7455635,0.12145174294710159,0.9507936239242554,0.6877777576446533
YCR002C,YGR063C,0,-8.74641,0.12142712622880936,0.9507936239242554,0.6879364848136902
YLR160C,YJL166W,0,-8.747248,0.12140250951051712,0.9507936239242554,0.688095211982727
YBR043C,YMR302C,0,-8.74727,0.12137791514396667,0.9507936239242554,0.6882539391517639
YGL251C,YCL075W,0,-8.747297,0.12135332077741623,0.9507936239242554,0.6884127259254456
YOR078W,YDR018C,0,-8.747727,0.12132874131202698,0.9507936239242554,0.6885714530944824
YBR088C,YMR284W,0,-8.748015,0.12130416929721832,0.9507936239242554,0.6887301802635193
YLR381W,YBR088C,0,-8.748807,0.12127961218357086,0.9507936239242554,0.6888889074325562
YMR116C,YDL024C,1,-8.749055,0.12145748734474182,0.9523809552192688,0.6888889074325562
YAL022C,YHR163W,0,-8.749557,0.12143290787935257,0.9523809552192688,0.689047634601593
YDL115C,YJL061W,0,-8.749711,0.12140833586454391,0.9523809552192688,0.6892063617706299
YGR028W,YOL143C,0,-8.750032,0.12138377875089645,0.9523809552192688,0.6893650889396667
YGL247W,YLR256W-A,0,-8.751161,0.12135922163724899,0.9523809552192688,0.6895238161087036
YER155C,YNL284C-B,0,-8.751887,0.12133467942476273,0.9523809552192688,0.6896825432777405
YNL071W,YOR298C-A,0,-8.752035,0.12131015211343765,0.9523809552192688,0.6898412704467773
YKL134C,YLR020C,0,-8.752421,0.12128562480211258,0.9523809552192688,0.6899999976158142
YPL271W,YHR023W,0,-8.752794,0.1212611123919487,0.9523809552192688,0.6901587247848511
YPR056W,YJL087C,0,-8.753283,0.12123661488294601,0.9523809552192688,0.6903174519538879
YPL127C,YDR439W,0,-8.753387,0.12121212482452393,0.9523809552192688,0.6904761791229248
YJR155W,YIL119C,0,-8.755454,0.12118764221668243,0.9523809552192688,0.6906349062919617
YNR038W,YFL021W,0,-8.755702,0.12116316705942154,0.9523809552192688,0.6907936334609985
YGR134W,YDL225W,0,-8.75591,0.12113870680332184,0.9523809552192688,0.6909523606300354
YPL174C,YFR034C,0,-8.756571,0.12111425399780273,0.9523809552192688,0.6911110877990723
YHR089C,YGR221C,0,-8.757165,0.12108980864286423,0.9523809552192688,0.6912698149681091
YBL069W,YIL056W,0,-8.757384,0.12106537818908691,0.9523809552192688,0.691428542137146
YAR019C,YLR329W,0,-8.75905,0.1210409551858902,0.9523809552192688,0.6915873289108276
YGL216W,YGR099W,0,-8.761277,0.12101653963327408,0.9523809552192688,0.6917460560798645
YDR221W,YPR107C,0,-8.762074,0.12099213898181915,0.9523809552192688,0.6919047832489014
YMR053C,YBR183W,0,-8.762099,0.12096773833036423,0.9523809552192688,0.6920635104179382
YOL097C,YML045W-A,0,-8.762682,0.12094336003065109,0.9523809552192688,0.6922222375869751
YDR191W,YDR210W-B,0,-8.762831,0.12091898173093796,0.9523809552192688,0.692380964756012
YLR116W,YJL114W,0,-8.763694,0.12089461833238602,0.9523809552192688,0.6925396919250488
YPL153C,YLR466W,0,-8.7640085,0.12087026238441467,0.9523809552192688,0.6926984190940857
YKR066C,YBL080C,0,-8.764241,0.12084592133760452,0.9523809552192688,0.6928571462631226
YML130C,YIL121W,0,-8.765538,0.12082158774137497,0.9523809552192688,0.6930158734321594
YNL325C,YDL195W,0,-8.765731,0.12079726159572601,0.9523809552192688,0.6931746006011963
YIR037W,YDL058W,0,-8.7673435,0.12077295035123825,0.9523809552192688,0.6933333277702332
YFL029C,YMR229C,0,-8.76747,0.12074863910675049,0.9523809552192688,0.69349205493927
YER155C,YHR203C,0,-8.767954,0.12072434276342392,0.9523809552192688,0.6936507821083069
YLR266C,YJR145C,0,-8.768237,0.12070006132125854,0.9523809552192688,0.6938095092773438
YDR317W,YNL163C,0,-8.768951,0.12067578732967377,0.9523809552192688,0.6939682364463806
YOL121C,YDR346C,0,-8.769247,0.12065152078866959,0.9523809552192688,0.6941269636154175
YJL124C,YDL247W,0,-8.76955,0.120627261698246,0.9523809552192688,0.6942856907844543
YJR118C,YBR098W,0,-8.769572,0.12060301750898361,0.9523809552192688,0.6944444179534912
YPL221W,YFR033C,0,-8.769713,0.12057878077030182,0.9523809552192688,0.6946031451225281
YLR383W,YLR277C,0,-8.770385,0.12055455148220062,0.9523809552192688,0.6947619318962097
YGR200C,YAL032C,0,-8.771215,0.12053033709526062,0.9523809552192688,0.6949206590652466
YPR111W,YOR179C,0,-8.772097,0.12050612270832062,0.9523809552192688,0.6950793862342834
YNL036W,YBR171W,0,-8.77267,0.1204819306731224,0.9523809552192688,0.6952381134033203
YOL060C,YMR156C,0,-8.774385,0.1204577386379242,0.9523809552192688,0.6953968405723572
YOR290C,YBR289W,1,-8.776989,0.1206342801451683,0.9539682269096375,0.6953968405723572
YJL173C,YDL170W,0,-8.777633,0.1206100732088089,0.9539682269096375,0.695555567741394
YDL166C,YDL084W,0,-8.778278,0.12058587372303009,0.9539682269096375,0.6957142949104309
YOL009C,YHL025W,0,-8.7788,0.12056168168783188,0.9539682269096375,0.6958730220794678
YMR023C,YDR545W,0,-8.778888,0.12053750455379486,0.9539682269096375,0.6960317492485046
YCR018C,YPL276W,0,-8.779374,0.12051333487033844,0.9539682269096375,0.6961904764175415
YLR138W,YLR227W-B,0,-8.779536,0.12048917263746262,0.9539682269096375,0.6963492035865784
YLR377C,YLR357W,0,-8.781522,0.12046502530574799,0.9539682269096375,0.6965079307556152
YDL069C,YPL179W,0,-8.781793,0.12044088542461395,0.9539682269096375,0.6966666579246521
YGL168W,YDR175C,0,-8.7819805,0.12041675299406052,0.9539682269096375,0.696825385093689
YBL085W,YPR179C,0,-8.782224,0.12039262801408768,0.9539682269096375,0.6969841122627258
YOL121C,YCR060W,0,-8.782443,0.12036851793527603,0.9539682269096375,0.6971428394317627
YDL138W,YHR020W,0,-8.78355,0.12034441530704498,0.9539682269096375,0.6973015666007996
YEL029C,YKL001C,0,-8.7843,0.12032032012939453,0.9539682269096375,0.6974602937698364
YNR043W,YOL031C,0,-8.784396,0.12029623985290527,0.9539682269096375,0.6976190209388733
YLR189C,YJR019C,0,-8.78461,0.12027215957641602,0.9539682269096375,0.6977777481079102
YOR067C,YHR039C-B,0,-8.785081,0.12024810165166855,0.9539682269096375,0.6979365348815918
YOR080W,YDL024C,1,-8.785538,0.12042408436536789,0.9555555582046509,0.6979365348815918
YIR013C,YDR238C,0,-8.7860155,0.12039999663829803,0.9555555582046509,0.6980952620506287
YMR312W,YBR043C,0,-8.786065,0.12037592381238937,0.9555555582046509,0.6982539892196655
YDR244W,YBR106W,0,-8.786382,0.12035185843706131,0.9555555582046509,0.6984127163887024
YPL218W,YJL154C,0,-8.787083,0.12032780051231384,0.9555555582046509,0.6985714435577393
YPL275W,YER104W,0,-8.787088,0.12030375748872757,0.9555555582046509,0.6987301707267761
YNL242W,YNL188W,0,-8.788579,0.1202797219157219,0.9555555582046509,0.698888897895813
YDL209C,YHR188C,0,-8.7890415,0.12025569379329681,0.9555555582046509,0.6990476250648499
YNL051W,YPR088C,0,-8.790751,0.12023167312145233,0.9555555582046509,0.6992063522338867
YMR116C,YNL197C,1,-8.791257,0.1204073503613472,0.9571428298950195,0.6992063522338867
YGL130W,YJL035C,0,-8.791829,0.12038330733776093,0.9571428298950195,0.6993650794029236
YDL164C,YOR367W,0,-8.792069,0.12035927921533585,0.9571428298950195,0.6995238065719604
YPL262W,YPR070W,0,-8.79393,0.12033526599407196,0.9571428298950195,0.6996825337409973
YOR011W,YOR068C,0,-8.794702,0.12031125277280807,0.9571428298950195,0.6998412609100342
YBL097W,YNL313C,0,-8.795525,0.12028725445270538,0.9571428298950195,0.699999988079071
YDR318W,YIL128W,0,-8.795529,0.12026326358318329,0.9571428298950195,0.7001587152481079
YOR288C,YJL045W,0,-8.795717,0.12023928016424179,0.9571428298950195,0.7003174424171448
YDR335W,YDR025W,0,-8.796049,0.12021531164646149,0.9571428298950195,0.7004761695861816
YGR180C,YLR157C-A,0,-8.796135,0.12019135057926178,0.9571428298950195,0.7006348967552185
YFL056C,YOR192C-A,0,-8.796628,0.12016739696264267,0.9571428298950195,0.7007936239242554
YJR069C,YMR210W,0,-8.796755,0.12014345824718475,0.9571428298950195,0.700952410697937
YDL024C,YDR480W,1,-8.796883,0.12031872570514679,0.958730161190033,0.700952410697937
YFL008W,YOR194C,0,-8.79838,0.12029476463794708,0.958730161190033,0.7011111378669739
YHR190W,YIL018W,0,-8.798652,0.12027081102132797,0.958730161190033,0.7012698650360107
YER054C,YML045W,0,-8.799426,0.12024686485528946,0.958730161190033,0.7014285922050476
YOR122C,YDL212W,0,-8.799505,0.12022293359041214,0.958730161190033,0.7015873193740845
YHR036W,YDR346C,0,-8.799516,0.12019900232553482,0.958730161190033,0.7017460465431213
YKL092C,YPR016C,0,-8.800141,0.1201750859618187,0.958730161190033,0.7019047737121582
YNL066W,YML045W,0,-8.801739,0.12015118449926376,0.958730161190033,0.7020635008811951
YLR214W,YLR224W,0,-8.802485,0.12012729048728943,0.958730161190033,0.7022222280502319
YNL082W,YBR012W-B,0,-8.802682,0.12010340392589569,0.958730161190033,0.7023809552192688
YLR100W,YOR018W,0,-8.803065,0.12007952481508255,0.958730161190033,0.7025396823883057
YPR001W,YML032C,0,-8.803092,0.12005565315485,0.958730161190033,0.7026984095573425
YJL110C,YMR270C,0,-8.80388,0.12003179639577866,0.958730161190033,0.7028571367263794
YMR202W,YGL115W,0,-8.80397,0.1200079470872879,0.958730161190033,0.7030158638954163
YGL051W,YJR141W,0,-8.804048,0.11998410522937775,0.958730161190033,0.7031745910644531
YNL048W,YFR047C,0,-8.804763,0.11996027827262878,0.958730161190033,0.70333331823349
YDL042C,YOR008C,0,-8.805458,0.11993645876646042,0.958730161190033,0.7034920454025269
YOR037W,YPR198W,0,-8.806945,0.11991264671087265,0.958730161190033,0.7036507725715637
YPR086W,YKR060W,0,-8.8071575,0.11988884210586548,0.958730161190033,0.7038094997406006
YDL160C,YNL332W,0,-8.807485,0.1198650524020195,0.958730161190033,0.7039682269096375
YLR007W,YOL129W,0,-8.808074,0.11984127014875412,0.958730161190033,0.7041270136833191
YLR015W,YJR120W,0,-8.808521,0.11981749534606934,0.958730161190033,0.704285740852356
YDR378C,YER148W,0,-8.8091135,0.11979373544454575,0.958730161190033,0.7044444680213928
YOL144W,YKL079W,0,-8.810079,0.11976997554302216,0.958730161190033,0.7046031951904297
YLR377C,YJL127C,0,-8.811254,0.11974623054265976,0.958730161190033,0.7047619223594666
YCR094W,YDL178W,0,-8.812266,0.11972250044345856,0.958730161190033,0.7049206495285034
YLL006W,YCL031C,0,-8.812695,0.11969877034425735,0.958730161190033,0.7050793766975403
YDL019C,YPR010C,0,-8.812821,0.11967505514621735,0.958730161190033,0.7052381038665771
YJL002C,YLR426W,0,-8.812926,0.11965134739875793,0.958730161190033,0.705396831035614
YMR021C,YDR167W,0,-8.813725,0.11962764710187912,0.958730161190033,0.7055555582046509
YNL270C,YDL058W,0,-8.814412,0.1196039617061615,0.958730161190033,0.7057142853736877
YCL067C,YMR186W,0,-8.81475,0.11958028376102448,0.958730161190033,0.7058730125427246
YGR081C,YOR356W,0,-8.815097,0.11955661326646805,0.958730161190033,0.7060317397117615
YJL187C,YJL139C,0,-8.815431,0.11953295022249222,0.958730161190033,0.7061904668807983
YJL196C,YGR211W,0,-8.816075,0.11950930207967758,0.958730161190033,0.7063491940498352
YOR260W,YGL232W,0,-8.8161,0.11948566138744354,0.958730161190033,0.7065079212188721
YJL089W,YNL197C,1,-8.816594,0.11965981125831604,0.9603174328804016,0.7065079212188721
YGR193C,YOR341W,0,-8.817277,0.11963614821434021,0.9603174328804016,0.7066666483879089
YNR030W,YBL005W-A,0,-8.819019,0.11961249262094498,0.9603174328804016,0.7068253755569458
YMR033W,YOR106W,0,-8.819551,0.11958885192871094,0.9603174328804016,0.7069841027259827
YIL098C,YPL139C,0,-8.819852,0.1195652186870575,0.9603174328804016,0.7071428298950195
YOL088C,YDR217C,0,-8.82001,0.11954159289598465,0.9603174328804016,0.7073016166687012
YHL031C,YDL120W,0,-8.821746,0.1195179745554924,0.9603174328804016,0.707460343837738
YNL023C,YKL020C,0,-8.824046,0.11949437111616135,0.9603174328804016,0.7076190710067749
YGL001C,YDR335W,0,-8.824492,0.11947077512741089,0.9603174328804016,0.7077777981758118
YHR092C,YOR298C-A,0,-8.8246155,0.11944718658924103,0.9603174328804016,0.7079365253448486
YPR176C,YPR088C,0,-8.824642,0.11942360550165176,0.9603174328804016,0.7080952525138855
YDR407C,YGR111W,0,-8.825263,0.1194000393152237,0.9603174328804016,0.7082539796829224
YPR191W,YJR045C,0,-8.825441,0.11937648057937622,0.9603174328804016,0.7084127068519592
YIR033W,YGR078C,0,-8.825551,0.11935292929410934,0.9603174328804016,0.7085714340209961
YDL069C,YDR498C,0,-8.82611,0.11932938545942307,0.9603174328804016,0.708730161190033
YJL094C,YPL041C,0,-8.826407,0.11930585652589798,0.9603174328804016,0.7088888883590698
YMR224C,YML109W,0,-8.826436,0.11928233504295349,0.9603174328804016,0.7090476155281067
YBR088C,YDR365W-B,0,-8.8267565,0.1192588210105896,0.9603174328804016,0.7092063426971436
YDL029W,YLR268W,0,-8.828271,0.1192353144288063,0.9603174328804016,0.7093650698661804
YAL024C,YMR087W,0,-8.828317,0.1192118227481842,0.9603174328804016,0.7095237970352173
YPR132W,YBR280C,0,-8.828712,0.1191883385181427,0.9603174328804016,0.7096825242042542
YPL135W,YKR087C,0,-8.829059,0.1191648617386818,0.9603174328804016,0.709841251373291
YLR014C,YDL150W,0,-8.830637,0.11914139240980148,0.9603174328804016,0.7099999785423279
YKR086W,YNL299W,0,-8.830994,0.11911793798208237,0.9603174328804016,0.7101587057113647
YBL085W,YBR154C,0,-8.838354,0.11909449100494385,0.9603174328804016,0.7103174328804016
YIL132C,YKR065C,0,-8.83867,0.11907105147838593,0.9603174328804016,0.7104762196540833
YBR068C,YER126C,0,-8.838851,0.1190476194024086,0.9603174328804016,0.7106349468231201
YJL024C,YDL111C,0,-8.840257,0.11902419477701187,0.9603174328804016,0.710793673992157
YDR375C,YMR080C,0,-8.843602,0.11900078505277634,0.9603174328804016,0.7109524011611938
YML069W,YGR172C,0,-8.843988,0.1189773827791214,0.9603174328804016,0.7111111283302307
YDR179C,YGL246C,0,-8.84459,0.11895398795604706,0.9603174328804016,0.7112698554992676
YNL227C,YDR170W-A,0,-8.845519,0.11893060803413391,0.9603174328804016,0.7114285826683044
YNL113W,YIL138C,0,-8.845708,0.11890723556280136,0.9603174328804016,0.7115873098373413
YBR026C,YGL142C,0,-8.845717,0.11888387054204941,0.9603174328804016,0.7117460370063782
YKL053C-A,YLR039C,0,-8.845983,0.11886051297187805,0.9603174328804016,0.711904764175415
YML011C,YDR395W,0,-8.847909,0.11883716285228729,0.9603174328804016,0.7120634913444519
YML062C,YGL153W,0,-8.848404,0.11881382763385773,0.9603174328804016,0.7122222185134888
YOL002C,YHR020W,0,-8.848803,0.11879049986600876,0.9603174328804016,0.7123809456825256
YNL325C,YML024W,0,-8.8514,0.11876717954874039,0.9603174328804016,0.7125396728515625
YCR040W,YMR241W,0,-8.852017,0.11874386668205261,0.9603174328804016,0.7126984000205994
YLR157C,YNL055C,0,-8.852689,0.11872056871652603,0.9603174328804016,0.7128571271896362
YDR108W,YOR188W,0,-8.853135,0.11869727075099945,0.9603174328804016,0.7130158543586731
YBL061C,YMR046C,0,-8.853406,0.11867398768663406,0.9603174328804016,0.71317458152771
YJR086W,YBR012W-B,0,-8.854685,0.11865071952342987,0.9603174328804016,0.7133333086967468
YIR037W,YIL150C,0,-8.855941,0.11862745136022568,0.9603174328804016,0.7134920358657837
YPR193C,YPR113W,0,-8.856675,0.11860419809818268,0.9603174328804016,0.7136508226394653
YOL126C,YNL102W,0,-8.856699,0.11858095228672028,0.9603174328804016,0.7138095498085022
YER174C,YGL246C,0,-8.8573675,0.11855771392583847,0.9603174328804016,0.7139682769775391
YDR517W,YGR085C,0,-8.857404,0.11853448301553726,0.9603174328804016,0.7141270041465759
YGR004W,YIL018W,0,-8.85816,0.11851126700639725,0.9603174328804016,0.7142857313156128
YDL100C,YOR274W,0,-8.858376,0.11848805099725723,0.9603174328804016,0.7144444584846497
YJL194W,YKL134C,0,-8.859763,0.11846484988927841,0.9603174328804016,0.7146031856536865
YBR186W,YNL339C,0,-8.859899,0.11844166368246078,0.9603174328804016,0.7147619128227234
YMR316W,YHR084W,1,-8.861629,0.11861421167850494,0.961904764175415,0.7147619128227234
YDR221W,YJL203W,0,-8.862695,0.11859099566936493,0.961904764175415,0.7149206399917603
YFR050C,YHR200W,0,-8.8636465,0.11856779456138611,0.961904764175415,0.7150793671607971
YJR155W,YLR014C,0,-8.863812,0.11854460090398788,0.961904764175415,0.715238094329834
YDL197C,YBR089C-A,0,-8.864521,0.11852141469717026,0.961904764175415,0.7153968214988708
YDR298C,YGL178W,0,-8.864947,0.11849824339151382,0.961904764175415,0.7155555486679077
YIL004C,YJR064W,0,-8.867195,0.11847507208585739,0.961904764175415,0.7157142758369446
YER168C,YIR008C,0,-8.867673,0.11845191568136215,0.961904764175415,0.7158730030059814
YER036C,YCR094W,0,-8.868942,0.11842876672744751,0.961904764175415,0.7160317301750183
YJL192C,YML045W-A,0,-8.870141,0.11840562522411346,0.961904764175415,0.7161904573440552
YLR109W,YLR158C,0,-8.870919,0.11838249862194061,0.961904764175415,0.716349184513092
YER030W,YOL038W,0,-8.871092,0.11835937201976776,0.961904764175415,0.7165079116821289
YFR027W,YDR459C,0,-8.871245,0.1183362603187561,0.961904764175415,0.7166666388511658
YGR166W,YDR189W,0,-8.871483,0.11831315606832504,0.961904764175415,0.7168254256248474
YCL029C,YBL005W-B,0,-8.871678,0.11829006671905518,0.961904764175415,0.7169841527938843
YDR147W,YJR147W,0,-8.871985,0.11826697736978531,0.961904764175415,0.7171428799629211
YGR188C,YNR013C,0,-8.872758,0.11824390292167664,0.961904764175415,0.717301607131958
YKL074C,YOR367W,0,-8.872775,0.11822083592414856,0.961904764175415,0.7174603343009949
YPL181W,YNL078W,0,-8.873497,0.11819777637720108,0.961904764175415,0.7176190614700317
YKL008C,YDR058C,0,-8.87393,0.1181747242808342,0.961904764175415,0.7177777886390686
YGL017W,YGL112C,0,-8.874968,0.11815168708562851,0.961904764175415,0.7179365158081055
YJL179W,YDR210C-D,0,-8.875852,0.11812865734100342,0.961904764175415,0.7180952429771423
YIL114C,YER190W,0,-8.876377,0.11810563504695892,0.961904764175415,0.7182539701461792
YDR516C,YBR253W,0,-8.876529,0.11808262020349503,0.961904764175415,0.7184126973152161
YER155C,YGR296W,0,-8.877184,0.11805961281061172,0.961904764175415,0.7185714244842529
YJL124C,YJL039C,0,-8.877774,0.11803662031888962,0.961904764175415,0.7187301516532898
YHR041C,YHR020W,0,-8.8778105,0.11801363527774811,0.961904764175415,0.7188888788223267
YDR511W,YAR009C,0,-8.879166,0.1179906576871872,0.961904764175415,0.7190476059913635
YKL192C,YBR041W,0,-8.879951,0.11796768754720688,0.961904764175415,0.7192063331604004
YNL066W,YPL063W,0,-8.880843,0.11794472485780716,0.961904764175415,0.7193650603294373
YGL143C,YOL146W,0,-8.881164,0.11792177706956863,0.961904764175415,0.7195237874984741
YHR011W,YCR075C,0,-8.882772,0.11789882928133011,0.961904764175415,0.719682514667511
YHR187W,YIL153W,0,-8.883376,0.11787589639425278,0.961904764175415,0.7198412418365479
YNL288W,YGR229C,0,-8.884179,0.11785297840833664,0.961904764175415,0.7200000286102295
YDL192W,YKL043W,0,-8.884351,0.1178300604224205,0.961904764175415,0.7201587557792664
YGL210W,YPL041C,0,-8.884471,0.11780715733766556,0.961904764175415,0.7203174829483032
YKL165C,YBR136W,0,-8.885715,0.11778425425291061,0.961904764175415,0.7204762101173401
YBR097W,YGR296W,0,-8.886413,0.11776136606931686,0.961904764175415,0.720634937286377
YEL003W,YNL216W,0,-8.888541,0.11773848533630371,0.961904764175415,0.7207936644554138
YKL046C,YJL145W,0,-8.888904,0.11771561950445175,0.961904764175415,0.7209523916244507
YMR117C,YBR294W,0,-8.8902445,0.11769275367259979,0.961904764175415,0.7211111187934875
YLL022C,YJR132W,0,-8.890805,0.11766990274190903,0.961904764175415,0.7212698459625244
YFL037W,YDR341C,0,-8.893207,0.11764705926179886,0.961904764175415,0.7214285731315613
YLR133W,YGR047C,0,-8.893611,0.11762422323226929,0.961904764175415,0.7215873003005981
YPR020W,YBR258C,0,-8.893846,0.11760139465332031,0.961904764175415,0.721746027469635
YNL119W,YOR127W,1,-8.894715,0.11777260154485703,0.9634920358657837,0.721746027469635
YOR028C,YPR175W,0,-8.895059,0.11774975806474686,0.9634920358657837,0.7219047546386719
YKL060C,YDR529C,0,-8.898758,0.11772692203521729,0.9634920358657837,0.7220634818077087
YGL256W,YDR335W,0,-8.899228,0.11770409345626831,0.9634920358657837,0.7222222089767456
YDR059C,YLL056C,0,-8.9001665,0.11768127232789993,0.9634920358657837,0.7223809361457825
YJL073W,YDR034C-C,0,-8.900242,0.11765845865011215,0.9634920358657837,0.7225396633148193
YOL064C,YOL113W,0,-8.900897,0.11763565987348557,0.9634920358657837,0.7226983904838562
YNL259C,YDR146C,0,-8.9015875,0.11761286854743958,0.9634920358657837,0.7228571176528931
YIR009W,YLR010C,0,-8.9019575,0.11759008467197418,0.9634920358657837,0.7230158448219299
YKL013C,YOR063W,0,-8.902267,0.11756730824708939,0.9634920358657837,0.7231746315956116
YJL061W,YPR190C,0,-8.904556,0.11754453927278519,0.9634920358657837,0.7233333587646484
YPR057W,YDL207W,0,-8.905378,0.11752177774906158,0.9634920358657837,0.7234920859336853
YBR215W,YDR382W,0,-8.905479,0.11749903112649918,0.9634920358657837,0.7236508131027222
YIL079C,YER072W,0,-8.906276,0.11747629195451736,0.9634920358657837,0.723809540271759
YKL092C,YHR092C,0,-8.906781,0.11745356023311615,0.9634920358657837,0.7239682674407959
YER007W,YJL138C,0,-8.906919,0.11743083596229553,0.9634920358657837,0.7241269946098328
YLR051C,YMR101C,0,-8.907182,0.11740812659263611,0.9634920358657837,0.7242857217788696
YDL149W,YLR376C,0,-8.907923,0.11738541722297668,0.9634920358657837,0.7244444489479065
YPR181C,YGL049C,0,-8.90992,0.11736272275447845,0.9634920358657837,0.7246031761169434
YLR394W,YDR086C,0,-8.910013,0.11734003573656082,0.9634920358657837,0.7247619032859802
YDR527W,YIL073C,0,-8.91042,0.11731735616922379,0.9634920358657837,0.7249206304550171
YDR492W,YDL213C,0,-8.91067,0.11729468405246735,0.9634920358657837,0.725079357624054
YJL089W,YIL008W,1,-8.912253,0.11746522039175034,0.9650793671607971,0.725079357624054
YLR330W,YIL049W,0,-8.912598,0.1174425333738327,0.9650793671607971,0.7252380847930908
YPL231W,YJR044C,0,-8.912917,0.11741985380649567,0.9650793671607971,0.7253968119621277
YLR045C,YDR167W,0,-8.91341,0.11739718168973923,0.9650793671607971,0.7255555391311646
YOL026C,YER138C,0,-8.915093,0.11737451702356339,0.9650793671607971,0.7257142663002014
YAL038W,YER031C,0,-8.916878,0.11735185980796814,0.9650793671607971,0.7258729934692383
YPL232W,YER160C,0,-8.917747,0.11732921749353409,0.9650793671607971,0.7260317206382751
YLR205C,YMR079W,0,-8.919444,0.11730658262968063,0.9650793671607971,0.726190447807312
YFR024C-A,YBR084W,0,-8.920169,0.11728394776582718,0.9650793671607971,0.7263492345809937
YMR202W,YJR049C,0,-8.920533,0.11726132780313492,0.9650793671607971,0.7265079617500305
YPR019W,YKL144C,0,-8.922175,0.11723872274160385,0.9650793671607971,0.7266666889190674
YBL097W,YKL154W,0,-8.922193,0.11721611768007278,0.9650793671607971,0.7268254160881042
YLR335W,YMR236W,0,-8.922645,0.11719352006912231,0.9650793671607971,0.7269841432571411
YBL074C,YLR295C,0,-8.923603,0.11717093735933304,0.9650793671607971,0.727142870426178
YDR346C,YKL214C,0,-8.923906,0.11714836210012436,0.9650793671607971,0.7273015975952148
YGR229C,YCL019W,0,-8.923908,0.11712579429149628,0.9650793671607971,0.7274603247642517
YPR176C,YNL274C,0,-8.925071,0.11710323393344879,0.9650793671607971,0.7276190519332886
YMR081C,YLR044C,0,-8.92575,0.1170806884765625,0.9650793671607971,0.7277777791023254
YLR238W,YGL254W,0,-8.92681,0.11705814301967621,0.9650793671607971,0.7279365062713623
YDR518W,YKL165C,0,-8.926866,0.11703561246395111,0.9650793671607971,0.7280952334403992
YLR310C,YAL012W,0,-8.92727,0.11701308935880661,0.9650793671607971,0.728253960609436
YDR163W,YOL126C,0,-8.927364,0.1169905737042427,0.9650793671607971,0.7284126877784729
YJL073W,YBL061C,0,-8.9282465,0.1169680655002594,0.9650793671607971,0.7285714149475098
YDL069C,YBR077C,0,-8.930919,0.11694556474685669,0.9650793671607971,0.7287301421165466
YIL008W,YNL197C,1,-8.931011,0.11711538583040237,0.9666666388511658,0.7287301421165466
YER040W,YHR079C-A,0,-8.932806,0.11709287017583847,0.9666666388511658,0.7288888692855835
YOR181W,YGL055W,0,-8.933011,0.11707035452127457,0.9666666388511658,0.7290475964546204
YML113W,YDR189W,0,-8.93349,0.11704785376787186,0.9666666388511658,0.7292063236236572
YFL057C,YPL163C,0,-8.936109,0.11702536791563034,0.9666666388511658,0.7293650507926941
YLR160C,YLR007W,0,-8.936756,0.11700288206338882,0.9666666388511658,0.7295238375663757
YER169W,YDR382W,0,-8.938388,0.1169804036617279,0.9666666388511658,0.7296825647354126
YNL051W,YDL003W,0,-8.938497,0.11695794016122818,0.9666666388511658,0.7298412919044495
YER112W,YOR089C,0,-8.938752,0.11693548411130905,0.9666666388511658,0.7300000190734863
YPL153C,YMR156C,0,-8.938762,0.11691303551197052,0.9666666388511658,0.7301587462425232
YOR079C,YDL117W,0,-8.93887,0.11689059436321259,0.9666666388511658,0.7303174734115601
YOL044W,YIL018W,0,-8.940068,0.11686816066503525,0.9666666388511658,0.7304762005805969
YDR176W,YLR150W,0,-8.94008,0.1168457418680191,0.9666666388511658,0.7306349277496338
YOR257W,YBR081C,0,-8.940583,0.11682332307100296,0.9666666388511658,0.7307936549186707
YHR015W,YLR382C,0,-8.940967,0.11680091917514801,0.9666666388511658,0.7309523820877075
YNR010W,YDR165W,0,-8.94133,0.11677852272987366,0.9666666388511658,0.7311111092567444
YKL212W,YBL005W-B,0,-8.942743,0.1167561337351799,0.9666666388511658,0.7312698364257812
YOR079C,YKL080W,0,-8.943743,0.11673375219106674,0.9666666388511658,0.7314285635948181
YGR120C,YJR028W,0,-8.945615,0.11671138554811478,0.9666666388511658,0.731587290763855
YML113W,YMR145C,0,-8.94604,0.11668901890516281,0.9666666388511658,0.7317460179328918
YER001W,YBL022C,0,-8.946284,0.11666666716337204,0.9666666388511658,0.7319047451019287
YIR021W,YNR048W,0,-8.947568,0.11664432287216187,0.9666666388511658,0.7320634722709656
YGR286C,YBL075C,0,-8.948577,0.11662198603153229,0.9666666388511658,0.7322221994400024
YFR019W,YGL084C,0,-8.950261,0.1165996566414833,0.9666666388511658,0.7323809266090393
YCR028C,YOL031C,0,-8.951251,0.11657733470201492,0.9666666388511658,0.7325396537780762
YNL192W,YJR019C,0,-8.951667,0.11655502021312714,0.9666666388511658,0.7326984405517578
YMR080C,YBR069C,0,-8.952661,0.11653272062540054,0.9666666388511658,0.7328571677207947
YMR285C,YBR012W-B,0,-8.953258,0.11651042848825455,0.9666666388511658,0.7330158948898315
YNL061W,YDR238C,0,-8.954061,0.11648814380168915,0.9666666388511658,0.7331746220588684
YLR106C,YML120C,0,-8.95557,0.11646586656570435,0.9666666388511658,0.7333333492279053
YOR185C,YLR447C,0,-8.957292,0.11644359678030014,0.9666666388511658,0.7334920763969421
YKL173W,YDR322C-A,0,-8.957523,0.11642133444547653,0.9666666388511658,0.733650803565979
YHR013C,YLR166C,0,-8.95773,0.11639907956123352,0.9666666388511658,0.7338095307350159
YNR032C-A,YKR025W,0,-8.959108,0.1163768395781517,0.9666666388511658,0.7339682579040527
YDR036C,YML062C,0,-8.959682,0.11635460704565048,0.9666666388511658,0.7341269850730896
YOR079C,YOR233W,0,-8.96025,0.11633237451314926,0.9666666388511658,0.7342857122421265
YOR288C,YHR119W,0,-8.960583,0.11631015688180923,0.9666666388511658,0.7344444394111633
YLR370C,YGR200C,0,-8.96102,0.1162879541516304,0.9666666388511658,0.7346031665802002
YGR289C,YDR432W,0,-8.961146,0.11626575142145157,0.9666666388511658,0.7347618937492371
YDR437W,YKR055W,0,-8.962041,0.11624355614185333,0.9666666388511658,0.7349206209182739
YCR010C,YGR134W,0,-8.962147,0.11622137576341629,0.9666666388511658,0.7350793480873108
YBR131W,YOL039W,0,-8.962266,0.11619919538497925,0.9666666388511658,0.7352380752563477
YPL028W,YKL006C-A,0,-8.96228,0.1161770299077034,0.9666666388511658,0.7353968024253845
YKL165C,YLR166C,0,-8.96327,0.11615487188100815,0.9666666388511658,0.7355555295944214
YCR005C,YML091C,0,-8.964379,0.1161327213048935,0.9666666388511658,0.7357142567634583
YGR258C,YHR139C,0,-8.96638,0.11611057817935944,0.9666666388511658,0.7358730435371399
YJR105W,YKR027W,0,-8.966667,0.11608844995498657,0.9666666388511658,0.7360317707061768
YPL147W,YLR200W,0,-8.966895,0.11606632173061371,0.9666666388511658,0.7361904978752136
YLR096W,YIL110W,0,-8.968217,0.11604420840740204,0.9666666388511658,0.7363492250442505
YMR113W,YLR069C,0,-8.968614,0.11602210253477097,0.9666666388511658,0.7365079522132874
YDL148C,YER007W,0,-8.969052,0.11599999666213989,0.9666666388511658,0.7366666793823242
YAL051W,YPR016C,0,-8.969751,0.11597790569067001,0.9666666388511658,0.7368254065513611
YDR492W,YAL032C,0,-8.970576,0.11595582962036133,0.9666666388511658,0.736984133720398
YGL094C,YFR034C,0,-8.970788,0.11593375355005264,0.9666666388511658,0.7371428608894348
YMR005W,YOR106W,0,-8.971934,0.11591168493032455,0.9666666388511658,0.7373015880584717
YMR043W,YAR010C,0,-8.972935,0.11588963121175766,0.9666666388511658,0.7374603152275085
YLR158C,YGL191W,0,-8.974263,0.11586757749319077,0.9666666388511658,0.7376190423965454
YKL166C,YOR172W,0,-8.974568,0.11584553867578506,0.9666666388511658,0.7377777695655823
YNL039W,YHL012W,0,-8.974593,0.11582350730895996,0.9666666388511658,0.7379364967346191
YDL059C,YDR292C,0,-8.97477,0.11580148339271545,0.9666666388511658,0.738095223903656
YAL017W,YML105C,0,-8.975776,0.11577946692705154,0.9666666388511658,0.7382539510726929
YPL046C,YMR112C,0,-8.975845,0.11575745791196823,0.9666666388511658,0.7384126782417297
YMR212C,YCR073C,0,-8.976598,0.11573546379804611,0.9666666388511658,0.7385714054107666
YMR056C,YLR452C,0,-8.977056,0.11571346968412399,0.9666666388511658,0.7387301325798035
YCR075C,YIL144W,0,-8.979407,0.11569149047136307,0.9666666388511658,0.7388888597488403
YHR052W,YIL080W,0,-8.9813385,0.11566951870918274,0.9666666388511658,0.739047646522522
YNL099C,YDR341C,0,-8.981529,0.11564754694700241,0.9666666388511658,0.7392063736915588
YDR378C,YDR018C,0,-8.981612,0.11562559008598328,0.9666666388511658,0.7393651008605957
YHR013C,YDR179C,0,-8.983014,0.11560364812612534,0.9666666388511658,0.7395238280296326
YBR173C,YCL063W,0,-8.984277,0.1155817061662674,0.9666666388511658,0.7396825551986694
YHR091C,YMR046C,0,-8.984323,0.11555977165699005,0.9666666388511658,0.7398412823677063
YDL207W,YLR105C,0,-8.987131,0.1155378520488739,0.9666666388511658,0.7400000095367432
YJR121W,YBR162C,0,-8.988027,0.11551593244075775,0.9666666388511658,0.74015873670578
YHR171W,YHR094C,0,-8.988128,0.1154940277338028,0.9666666388511658,0.7403174638748169
YGR044C,YHR070W,0,-8.991672,0.11547213047742844,0.9666666388511658,0.7404761910438538
YLR067C,YML052W,0,-8.992065,0.11545024067163467,0.9666666388511658,0.7406349182128906
YDR036C,YMR061W,0,-8.994058,0.11542835831642151,0.9666666388511658,0.7407936453819275
YOR168W,YDR017C,0,-8.996764,0.11540648341178894,0.9666666388511658,0.7409523725509644
YBR161W,YDL209C,0,-8.997248,0.11538461595773697,0.9666666388511658,0.7411110997200012
YPL059W,YHR008C,0,-8.99739,0.1153627559542656,0.9666666388511658,0.7412698268890381
YBR088C,YIL018W,0,-8.997415,0.11534091085195541,0.9666666388511658,0.741428554058075
YCR083W,YHR138C,0,-8.99759,0.11531906574964523,0.9666666388511658,0.7415872812271118
YPL160W,YCL039W,0,-8.998526,0.11529723554849625,0.9666666388511658,0.7417460083961487
YMR008C,YOR159C,0,-8.998763,0.11527541279792786,0.9666666388511658,0.7419047355651855
YLR295C,YOR148C,0,-8.999959,0.11525359749794006,0.9666666388511658,0.7420634627342224
YPL248C,YLR466W,0,-9.001538,0.11523178964853287,0.9666666388511658,0.742222249507904
YGR010W,YNL061W,0,-9.003448,0.11520998924970627,0.9666666388511658,0.7423809766769409
YPR081C,YGL129C,0,-9.003754,0.11518819630146027,0.9666666388511658,0.7425397038459778
YLR074C,YCL019W,0,-9.003937,0.11516641080379486,0.9666666388511658,0.7426984310150146
YOR232W,YOL067C,0,-9.00576,0.11514464020729065,0.9666666388511658,0.7428571581840515
YDR182W,YOR348C,0,-9.006054,0.11512287706136703,0.9666666388511658,0.7430158853530884
YMR113W,YHR005C-A,0,-9.0098715,0.11510111391544342,0.9666666388511658,0.7431746125221252
YER073W,YGR044C,0,-9.010729,0.115079365670681,0.9666666388511658,0.7433333396911621
YKR046C,YPL094C,0,-9.011189,0.11505762487649918,0.9666666388511658,0.743492066860199
YDR489W,YAL011W,0,-9.011991,0.11503589153289795,0.9666666388511658,0.7436507940292358
YJR022W,YGR057C,0,-9.0121355,0.11501416563987732,0.9666666388511658,0.7438095211982727
YFR005C,YOR047C,0,-9.013072,0.11499244719743729,0.9666666388511658,0.7439682483673096
YLR102C,YNL160W,0,-9.013184,0.11497073620557785,0.9666666388511658,0.7441269755363464
YDL033C,YDL092W,0,-9.016056,0.11494904011487961,0.9666666388511658,0.7442857027053833
YDL024C,YNL119W,1,-9.01736,0.11511605978012085,0.9682539701461792,0.7442857027053833
YMR116C,YGL208W,1,-9.01921,0.11528301984071732,0.9698412418365479,0.7442857027053833
YGL174W,YJR010C-A,0,-9.019969,0.1152612715959549,0.9698412418365479,0.7444444298744202
YGL020C,YOL009C,0,-9.020753,0.11523953080177307,0.9698412418365479,0.744603157043457
YOR174W,YMR190C,0,-9.02102,0.11521780490875244,0.9698412418365479,0.7447618842124939
YLR026C,YLR316C,0,-9.021248,0.11519607901573181,0.9698412418365479,0.7449206113815308
YIL018W,YDR359C,0,-9.021394,0.11517436057329178,0.9698412418365479,0.7450793385505676
YJL178C,YKR097W,0,-9.021979,0.11515265703201294,0.9698412418365479,0.7452380657196045
YOR195W,YLR212C,0,-9.022701,0.1151309609413147,0.9698412418365479,0.7453968524932861
YLR153C,YML113W,0,-9.022916,0.11510927230119705,0.9698412418365479,0.745555579662323
YBR070C,YJR089W,0,-9.023071,0.1150875836610794,0.9698412418365479,0.7457143068313599
YMR167W,YGL092W,0,-9.023226,0.11506590992212296,0.9698412418365479,0.7458730340003967
YFR053C,YPR154W,0,-9.025882,0.1150442510843277,0.9698412418365479,0.7460317611694336
YHR042W,YBL075C,0,-9.026976,0.11502259224653244,0.9698412418365479,0.7461904883384705
YNR067C,YDR178W,0,-9.028241,0.11500094085931778,0.9698412418365479,0.7463492155075073
YGR089W,YPL016W,0,-9.028614,0.11497929692268372,0.9698412418365479,0.7465079426765442
YMR316W,YNL119W,1,-9.028644,0.11514581739902496,0.9714285731315613,0.7465079426765442
YAR031W,YIL073C,0,-9.028777,0.11512415111064911,0.9714285731315613,0.746666669845581
YMR076C,YDL058W,0,-9.030438,0.11510249972343445,0.9714285731315613,0.7468253970146179
YNL039W,YPR078C,0,-9.032813,0.11508085578680038,0.9714285731315613,0.7469841241836548
YKL016C,YIL009C-A,0,-9.033658,0.11505921930074692,0.9714285731315613,0.7471428513526917
YER030W,YFL059W,0,-9.033677,0.11503759026527405,0.9714285731315613,0.7473015785217285
YLR314C,YLR035C-A,0,-9.034041,0.11501597613096237,0.9714285731315613,0.7474603056907654
YML006C,YDR397C,0,-9.034304,0.1149943619966507,0.9714285731315613,0.7476190328598022
YOR168W,YHR118C,0,-9.034548,0.11497276276350021,0.9714285731315613,0.7477777600288391
YBL097W,YOR031W,0,-9.034561,0.11495116353034973,0.9714285731315613,0.747936487197876
YLR425W,YER160C,0,-9.034631,0.11492957919836044,0.9714285731315613,0.7480952143669128
YOR148C,YDL112W,0,-9.036969,0.11490799486637115,0.9714285731315613,0.7482539415359497
YAL024C,YLR426W,0,-9.036983,0.11488642543554306,0.9714285731315613,0.7484126687049866
YPL101W,YKL182W,0,-9.037512,0.11486486345529556,0.9714285731315613,0.7485714554786682
YLR195C,YDR515W,0,-9.037858,0.11484330892562866,0.9714285731315613,0.7487301826477051
YAL038W,YPR167C,0,-9.037935,0.11482176184654236,0.9714285731315613,0.7488889098167419
YGL153W,YOR217W,0,-9.03984,0.11480022221803665,0.9714285731315613,0.7490476369857788
YDL143W,YMR112C,0,-9.0410385,0.11477869749069214,0.9714285731315613,0.7492063641548157
YPL160W,YLR106C,0,-9.041396,0.11475717276334763,0.9714285731315613,0.7493650913238525
YOL158C,YML065W,0,-9.042811,0.11473565548658371,0.9714285731315613,0.7495238184928894
YGL033W,YMR156C,0,-9.043623,0.11471415311098099,0.9714285731315613,0.7496825456619263
YLR288C,YML045W,0,-9.043805,0.11469265073537827,0.9714285731315613,0.7498412728309631
YDR489W,YBR175W,0,-9.04471,0.11467116326093674,0.9714285731315613,0.75
YML042W,YIL125W,0,-9.047418,0.1146496832370758,0.9714285731315613,0.7501587271690369
YDL154W,YDR346C,0,-9.048643,0.11462821066379547,0.9714285731315613,0.7503174543380737
YOR126C,YLR212C,0,-9.049062,0.11460673809051514,0.9714285731315613,0.7504761815071106
YMR056C,YPR154W,0,-9.049767,0.114585280418396,0.9714285731315613,0.7506349086761475
YOL064C,YNL149C,0,-9.050817,0.11456383019685745,0.9714285731315613,0.7507936358451843
YMR168C,YDL081C,0,-9.051672,0.1145423948764801,0.9714285731315613,0.7509523630142212
YGR214W,YFL059W,0,-9.052617,0.11452095955610275,0.9714285731315613,0.7511110901832581
YBR023C,YER127W,0,-9.052754,0.114499531686306,0.9714285731315613,0.7512698173522949
YMR083W,YBR170C,0,-9.054033,0.11447811126708984,0.9714285731315613,0.7514285445213318
YKL206C,YLR370C,0,-9.058539,0.11445670574903488,0.9714285731315613,0.7515873312950134
YDR184C,YMR204C,0,-9.05907,0.11443530023097992,0.9714285731315613,0.7517460584640503
YPL208W,YBL005W-A,0,-9.059337,0.11441390961408615,0.9714285731315613,0.7519047856330872
YOR035C,YDR429C,0,-9.060244,0.11439252644777298,0.9714285731315613,0.752063512802124
YCL025C,YKL110C,0,-9.060412,0.11437114328145981,0.9714285731315613,0.7522222399711609
YPR155C,YNL311C,0,-9.062303,0.11434977501630783,0.9714285731315613,0.7523809671401978
YAL026C,YDR337W,0,-9.065881,0.11432841420173645,0.9714285731315613,0.7525396943092346
YPL241C,YDR281C,0,-9.067915,0.11430706083774567,0.9714285731315613,0.7526984214782715
YGR230W,YDR263C,0,-9.069648,0.11428571492433548,0.9714285731315613,0.7528571486473083
YBR170C,YNL129W,0,-9.070349,0.11426437646150589,0.9714285731315613,0.7530158758163452
YJR156C,YJL048C,0,-9.070558,0.1142430454492569,0.9714285731315613,0.7531746029853821
YEL003W,YLR382C,0,-9.070676,0.1142217218875885,0.9714285731315613,0.753333330154419
YBL082C,YPR088C,0,-9.070891,0.1142004132270813,0.9714285731315613,0.7534920573234558
YDR118W,YIL004C,0,-9.071252,0.1141791045665741,0.9714285731315613,0.7536507844924927
YLR186W,YJL128C,0,-9.071314,0.11415780335664749,0.9714285731315613,0.7538095116615295
YDL029W,YHR059W,0,-9.071944,0.11413651704788208,0.9714285731315613,0.7539682388305664
YER183C,YLR195C,0,-9.072407,0.11411523073911667,0.9714285731315613,0.7541269659996033
YFR027W,YPR164W,0,-9.072787,0.11409395933151245,0.9714285731315613,0.7542856931686401
YPL032C,YHL012W,0,-9.073256,0.11407269537448883,0.9714285731315613,0.754444420337677
YPR057W,YPL270W,0,-9.073868,0.11405143141746521,0.9714285731315613,0.7546031475067139
YHR114W,YPL046C,0,-9.074628,0.11403018236160278,0.9714285731315613,0.7547619342803955
YDR101C,YIL031W,0,-9.075022,0.11400894075632095,0.9714285731315613,0.7549206614494324
YDL013W,YLR014C,0,-9.075559,0.11398770660161972,0.9714285731315613,0.7550793886184692
YHR129C,YPL152W,0,-9.077319,0.11396647989749908,0.9714285731315613,0.7552381157875061
YPL118W,YNL209W,0,-9.078101,0.11394526064395905,0.9714285731315613,0.755396842956543
YBR296C,YOR115C,0,-9.078746,0.1139240488409996,0.9714285731315613,0.7555555701255798
YNL147W,YKL154W,0,-9.078845,0.11390284448862076,0.9714285731315613,0.7557142972946167
YOL016C,YDR025W,0,-9.079368,0.1138816550374031,0.9714285731315613,0.7558730244636536
YCR092C,YLR008C,0,-9.082077,0.11386046558618546,0.9714285731315613,0.7560317516326904
YAL026C,YMR260C,0,-9.082937,0.1138392835855484,0.9714285731315613,0.7561904788017273
YNR044W,YBL026W,0,-9.083064,0.11381811648607254,0.9714285731315613,0.7563492059707642
YOR122C,YOR159C,0,-9.0835,0.11379694938659668,0.9714285731315613,0.756507933139801
YDL153C,YAR035W,0,-9.084956,0.11377579718828201,0.9714285731315613,0.7566666603088379
YMR212C,YDR345C,0,-9.085959,0.11375464498996735,0.9714285731315613,0.7568253874778748
YGR101W,YBR073W,0,-9.086278,0.11373350769281387,0.9714285731315613,0.7569841146469116
YER112W,YJL104W,0,-9.086597,0.113712377846241,0.9714285731315613,0.7571428418159485
YMR068W,YLR088W,0,-9.086789,0.11369124799966812,0.9714285731315613,0.7573015689849854
YML081C-A,YIL123W,0,-9.09007,0.11367013305425644,0.9714285731315613,0.7574602961540222
YJL157C,YGR172C,0,-9.0903845,0.11364902555942535,0.9714285731315613,0.7576190233230591
YNL227C,YLR277C,0,-9.090569,0.11362792551517487,0.9714285731315613,0.757777750492096
YHR086W,YFR003C,0,-9.094247,0.11360683292150497,0.9714285731315613,0.7579365372657776
YMR022W,YDR178W,0,-9.094396,0.11358574777841568,0.9714285731315613,0.7580952644348145
YNR058W,YLR383W,0,-9.094531,0.11356467008590698,0.9714285731315613,0.7582539916038513
YCL040W,YHR157W,0,-9.094981,0.11354359984397888,0.9714285731315613,0.7584127187728882
YJL071W,YMR311C,0,-9.095483,0.11352253705263138,0.9714285731315613,0.758571445941925
YMR281W,YJL187C,0,-9.095646,0.11350148171186447,0.9714285731315613,0.7587301731109619
YLR157C,YGR010W,0,-9.097028,0.11348044127225876,0.9714285731315613,0.7588889002799988
YOL017W,YBR183W,0,-9.097051,0.11345940083265305,0.9714285731315613,0.7590476274490356
YHR120W,YKR022C,0,-9.0978155,0.11343836784362793,0.9714285731315613,0.7592063546180725
YLR246W,YBR296C,0,-9.098044,0.11341734975576401,0.9714285731315613,0.7593650817871094
YAL042W,YDR190C,0,-9.0982685,0.11339633166790009,0.9714285731315613,0.7595238089561462
YCL038C,YOL094C,0,-9.098756,0.11337532103061676,0.9714285731315613,0.7596825361251831
YLR069C,YKR053C,0,-9.098937,0.11335432529449463,0.9714285731315613,0.75984126329422
YFR003C,YJR028W,0,-9.099391,0.1133333370089531,0.9714285731315613,0.7599999904632568
YGR227W,YPR002W,0,-9.100152,0.11331234872341156,0.9714285731315613,0.7601587176322937
YGR191W,YDL098C,0,-9.100211,0.11329137533903122,0.9714285731315613,0.7603174448013306
YGL065C,YBR012W-B,0,-9.100599,0.11327040195465088,0.9714285731315613,0.7604761719703674
YGR191W,YLR223C,0,-9.10064,0.11324944347143173,0.9714285731315613,0.7606348991394043
YHR042W,YFR034C,0,-9.1022215,0.11322849243879318,0.9714285731315613,0.7607936263084412
YCR048W,YOR159C,0,-9.10225,0.11320754885673523,0.9714285731315613,0.760952353477478
YDR270W,YGL120C,0,-9.104065,0.11318661272525787,0.9714285731315613,0.7611111402511597
YFR036W,YEL002C,0,-9.10497,0.11316568404436111,0.9714285731315613,0.7612698674201965
YPR030W,YJL091C,0,-9.105653,0.11314475536346436,0.9714285731315613,0.7614285945892334
YDL117W,YGR166W,0,-9.105714,0.11312384158372879,0.9714285731315613,0.7615873217582703
YJL090C,YGR284C,0,-9.106101,0.11310293525457382,0.9714285731315613,0.7617460489273071
YNL259C,YJL192C,0,-9.106746,0.11308203637599945,0.9714285731315613,0.761904776096344
YOL104C,YMR125W,0,-9.107358,0.11306115239858627,0.9714285731315613,0.7620635032653809
YLR136C,YPR074C,0,-9.110429,0.1130402684211731,0.9714285731315613,0.7622222304344177
YOR073W,YOR075W,0,-9.1106415,0.11301939189434052,0.9714285731315613,0.7623809576034546
YFL055W,YLR200W,0,-9.112009,0.11299852281808853,0.9714285731315613,0.7625396847724915
YBR145W,YCL060C,0,-9.11229,0.11297766119241714,0.9714285731315613,0.7626984119415283
YDR183W,YNR023W,0,-9.113999,0.11295680701732635,0.9714285731315613,0.7628571391105652
YGR200C,YKL035W,0,-9.11541,0.11293596774339676,0.9714285731315613,0.763015866279602
YOR237W,YHR204W,0,-9.116841,0.11291512846946716,0.9714285731315613,0.7631745934486389
YBR164C,YCL029C,0,-9.11947,0.11289429664611816,0.9714285731315613,0.7633333206176758
YOR005C,YDL154W,0,-9.120442,0.11287347972393036,0.9714285731315613,0.7634920477867126
YLR102C,YPL239W,0,-9.120837,0.11285266280174255,0.9714285731315613,0.7636507749557495
YLR438C-A,YOR081C,0,-9.1213255,0.11283186078071594,0.9714285731315613,0.7638095021247864
YER009W,YNL032W,0,-9.121732,0.11281105875968933,0.9714285731315613,0.7639682292938232
YER146W,YHR024C,0,-9.121816,0.11279027163982391,0.9714285731315613,0.7641269564628601
YOR381W,YFL008W,0,-9.122002,0.1127694845199585,0.9714285731315613,0.7642857432365417
YCR052W,YLR026C,0,-9.123887,0.11274871230125427,0.9714285731315613,0.7644444704055786
YDR507C,YFL049W,0,-9.125966,0.11272794008255005,0.9714285731315613,0.7646031975746155
YML077W,YOL135C,0,-9.126306,0.11270718276500702,0.9714285731315613,0.7647619247436523
YDR489W,YPL029W,0,-9.128746,0.11268643289804459,0.9714285731315613,0.7649206519126892
YJR150C,YGL236C,0,-9.129432,0.11266568303108215,0.9714285731315613,0.7650793790817261
YKL112W,YPL187W,0,-9.130685,0.11264494806528091,0.9714285731315613,0.7652381062507629
YLR172C,YOR136W,0,-9.130916,0.11262422055006027,0.9714285731315613,0.7653968334197998
YDL137W,YBR267W,0,-9.132306,0.11260349303483963,0.9714285731315613,0.7655555605888367
YKL172W,YGR143W,0,-9.133707,0.11258278042078018,0.9714285731315613,0.7657142877578735
YCR044C,YKL014C,0,-9.133822,0.11256207525730133,0.9714285731315613,0.7658730149269104
YNL218W,YPR132W,0,-9.1343775,0.11254137754440308,0.9714285731315613,0.7660317420959473
YPR176C,YHR143W-A,0,-9.134536,0.11252068728208542,0.9714285731315613,0.7661904692649841
YGL190C,YJL011C,0,-9.135007,0.11249999701976776,0.9714285731315613,0.766349196434021
YDL115C,YLR329W,0,-9.135236,0.1124793216586113,0.9714285731315613,0.7665079236030579
YDR292C,YBL005W-A,0,-9.135383,0.11245865374803543,0.9714285731315613,0.7666666507720947
YLR205C,YBR162C,0,-9.135432,0.11243799328804016,0.9714285731315613,0.7668253779411316
YDR151C,YLR002C,0,-9.136119,0.11241734027862549,0.9714285731315613,0.7669841051101685
YOR079C,YNL131W,0,-9.1371975,0.11239669471979141,0.9714285731315613,0.7671428322792053
YNL147W,YLR340W,0,-9.13819,0.11237605661153793,0.9714285731315613,0.7673015594482422
YMR014W,YPL057C,0,-9.138703,0.11235542595386505,0.9714285731315613,0.7674603462219238
YNL119W,YDR103W,1,-9.14181,0.11251835525035858,0.9730158448219299,0.7674603462219238
YHR039C,YGR082W,0,-9.142853,0.1124977096915245,0.9730158448219299,0.7676190733909607
YMR285C,YHR012W,0,-9.143164,0.11247706413269043,0.9730158448219299,0.7677778005599976
YJR137C,YBR030W,0,-9.143167,0.11245643347501755,0.9730158448219299,0.7679365277290344
YGL094C,YOR279C,0,-9.143409,0.11243580281734467,0.9730158448219299,0.7680952548980713
YJR017C,YNL147W,0,-9.143943,0.11241518706083298,0.9730158448219299,0.7682539820671082
YFR019W,YFR002W,0,-9.144038,0.11239457130432129,0.9730158448219299,0.768412709236145
YOR126C,YKL113C,0,-9.144506,0.1123739704489708,0.9730158448219299,0.7685714364051819
YOL146W,YDL081C,0,-9.146917,0.1123533695936203,0.9730158448219299,0.7687301635742188
YDR376W,YOR057W,0,-9.148234,0.112332783639431,0.9730158448219299,0.7688888907432556
YLR330W,YDL039C,0,-9.148437,0.1123122051358223,0.9730158448219299,0.7690476179122925
YMR184W,YIL070C,0,-9.14912,0.11229162663221359,0.9730158448219299,0.7692063450813293
YLR056W,YGR083C,0,-9.1495695,0.11227106302976608,0.9730158448219299,0.7693650722503662
YOR185C,YPR132W,0,-9.150603,0.11225050687789917,0.9730158448219299,0.7695237994194031
YNL256W,YGR132C,0,-9.153864,0.11222995072603226,0.9730158448219299,0.7696825265884399
YLR015W,YPL011C,0,-9.154066,0.11220940947532654,0.9730158448219299,0.7698412537574768
YOR182C,YBR012W-B,0,-9.154323,0.11218887567520142,0.9730158448219299,0.7699999809265137
YOR173W,YNL068C,0,-9.155361,0.1121683418750763,0.9730158448219299,0.7701587080955505
YIR005W,YHR005C-A,0,-9.155917,0.11214782297611237,0.9730158448219299,0.7703174352645874
YJL005W,YPL274W,0,-9.157048,0.11212731152772903,0.9730158448219299,0.7704761624336243
YGR254W,YML104C,0,-9.158538,0.1121068000793457,0.9730158448219299,0.7706349492073059
YNL119W,YGL045W,1,-9.15906,0.11226915568113327,0.9746031761169434,0.7706349492073059
YBL069W,YNL156C,0,-9.1593485,0.11224862933158875,0.9746031761169434,0.7707936763763428
YFR013W,YHL011C,0,-9.159638,0.11222811043262482,0.9746031761169434,0.7709524035453796
YGR244C,YCL074W,0,-9.16002,0.11220759898424149,0.9746031761169434,0.7711111307144165
YDR311W,YHR070W,0,-9.161382,0.11218710243701935,0.9746031761169434,0.7712698578834534
YCR028C-A,YPR187W,0,-9.161674,0.11216660588979721,0.9746031761169434,0.7714285850524902
YGR078C,YBL103C,0,-9.162362,0.11214611679315567,0.9746031761169434,0.7715873122215271
YNL333W,YHR138C,0,-9.162602,0.11212564259767532,0.9746031761169434,0.771746039390564
YLR360W,YLR466W,0,-9.162803,0.11210516840219498,0.9746031761169434,0.7719047665596008
YER157W,YDR079W,0,-9.163053,0.11208470165729523,0.9746031761169434,0.7720634937286377
YER016W,YLR107W,0,-9.163724,0.11206424236297607,0.9746031761169434,0.7722222208976746
YBR068C,YKL154W,0,-9.164127,0.11204379796981812,0.9746031761169434,0.7723809480667114
YDR201W,YDR082W,0,-9.164972,0.11202335357666016,0.9746031761169434,0.7725396752357483
YPL118W,YMR030W,0,-9.167649,0.1120029166340828,0.9746031761169434,0.7726984024047852
YLL004W,YGL100W,0,-9.167996,0.11198249459266663,0.9746031761169434,0.772857129573822
YDR076W,YDR395W,0,-9.168276,0.11196207255125046,0.9746031761169434,0.7730158567428589
YEL071W,YER031C,0,-9.168954,0.11194165796041489,0.9746031761169434,0.7731745839118958
YBR145W,YBR243C,0,-9.170059,0.11192125082015991,0.9746031761169434,0.7733333110809326
YGL209W,YBL005W-A,0,-9.170399,0.11190085858106613,0.9746031761169434,0.7734920382499695
YOL164W,YNL009W,0,-9.170484,0.11188046634197235,0.9746031761169434,0.7736507654190063
YJR132W,YOR149C,0,-9.170621,0.11186008155345917,0.9746031761169434,0.773809552192688
YNL009W,YHL003C,0,-9.171239,0.11183971166610718,0.9746031761169434,0.7739682793617249
YDR511W,YGR257C,0,-9.171713,0.11181934177875519,0.9746031761169434,0.7741270065307617
YHR187W,YEL065W,0,-9.172067,0.1117989793419838,0.9746031761169434,0.7742857336997986
YPR110C,YOR049C,0,-9.17522,0.111778624355793,0.9746031761169434,0.7744444608688354
YDL236W,YJR009C,0,-9.175561,0.1117582842707634,0.9746031761169434,0.7746031880378723
YER056C,YPL032C,0,-9.177952,0.1117379441857338,0.9746031761169434,0.7747619152069092
YDR434W,YJR135W-A,0,-9.1786785,0.11171761155128479,0.9746031761169434,0.774920642375946
YKR066C,YOR122C,0,-9.178819,0.11169728636741638,0.9746031761169434,0.7750793695449829
YBR155W,YPR164W,0,-9.180604,0.11167697608470917,0.9746031761169434,0.7752380967140198
YNL099C,YKL130C,0,-9.181821,0.11165666580200195,0.9746031761169434,0.7753968238830566
YCR040W,YPL036W,0,-9.184393,0.11163636296987534,0.9746031761169434,0.7755555510520935
YML129C,YAL030W,0,-9.184958,0.11161606758832932,0.9746031761169434,0.7757142782211304
YHR039C,YLR067C,0,-9.185927,0.11159577965736389,0.9746031761169434,0.7758730053901672
YEL060C,YLR262C,0,-9.186159,0.11157550662755966,0.9746031761169434,0.7760317325592041
YMR015C,YJL204C,0,-9.188088,0.11155523359775543,0.9746031761169434,0.776190459728241
YOR011W,YMR128W,0,-9.188202,0.1115349680185318,0.9746031761169434,0.7763491868972778
YLL042C,YDL113C,0,-9.189826,0.11151470988988876,0.9746031761169434,0.7765079140663147
YDR270W,YGR245C,0,-9.190393,0.11149445921182632,0.9746031761169434,0.7766666412353516
YNR016C,YLR397C,0,-9.190397,0.11147421598434448,0.9746031761169434,0.7768253684043884
YIL009W,YML024W,0,-9.191211,0.11145398765802383,0.9746031761169434,0.7769841551780701
YMR113W,YER103W,0,-9.192384,0.11143375933170319,0.9746031761169434,0.7771428823471069
YPL204W,YHR020W,0,-9.193556,0.11141353845596313,0.9746031761169434,0.7773016095161438
YHL048W,YOL068C,0,-9.194076,0.11139332503080368,0.9746031761169434,0.7774603366851807
YIL085C,YBR012W-A,0,-9.194312,0.11137311905622482,0.9746031761169434,0.7776190638542175
YPR108W,YML014W,0,-9.19444,0.11135292053222656,0.9746031761169434,0.7777777910232544
YHR005C,YJL062W,0,-9.19635,0.1113327294588089,0.9746031761169434,0.7779365181922913
YIL076W,YLR035C-A,0,-9.196693,0.11131254583597183,0.9746031761169434,0.7780952453613281
YHR187W,YPR088C,0,-9.198161,0.11129236966371536,0.9746031761169434,0.778253972530365
YOR032C,YKL120W,0,-9.19861,0.11127220094203949,0.9746031761169434,0.7784126996994019
YPR002W,YGL163C,0,-9.199876,0.11125203967094421,0.9746031761169434,0.7785714268684387
YBR080C,YLL056C,0,-9.201311,0.11123188585042953,0.9746031761169434,0.7787301540374756
YLR390W-A,YLL009C,0,-9.20336,0.11121173948049545,0.9746031761169434,0.7788888812065125
YBR243C,YLR205C,0,-9.203497,0.11119160056114197,0.9746031761169434,0.7790476083755493
YGR155W,YDL232W,0,-9.2038145,0.11117146164178848,0.9746031761169434,0.7792063355445862
YNL119W,YHR084W,1,-9.20947,0.11133236438035965,0.976190447807312,0.7792063355445862
YBR068C,YOR224C,0,-9.209826,0.11131221801042557,0.976190447807312,0.779365062713623
YLL024C,YGL169W,0,-9.211151,0.11129207164049149,0.976190447807312,0.7795237898826599
YBL026W,YKL130C,0,-9.213119,0.1112719401717186,0.976190447807312,0.7796825170516968
YJR121W,YNR043W,0,-9.214311,0.11125180870294571,0.976190447807312,0.7798412442207336
YFR034C,YDR447C,0,-9.216108,0.11123168468475342,0.976190447807312,0.7799999713897705
YGL032C,YLR377C,0,-9.216571,0.11121157556772232,0.976190447807312,0.7801587581634521
YKL002W,YOR047C,0,-9.2176485,0.11119146645069122,0.976190447807312,0.780317485332489
YDR184C,YGR241C,0,-9.218914,0.11117136478424072,0.976190447807312,0.7804762125015259
YBR079C,YPR181C,0,-9.219274,0.11115127056837082,0.976190447807312,0.7806349396705627
YBR060C,YML061C,0,-9.220164,0.11113119125366211,0.976190447807312,0.7807936668395996
YKR099W,YKL140W,0,-9.220557,0.1111111119389534,0.976190447807312,0.7809523940086365
YCR092C,YPL131W,0,-9.221843,0.11109104007482529,0.976190447807312,0.7811111211776733
YJL184W,YOR151C,0,-9.223037,0.11107097566127777,0.976190447807312,0.7812698483467102
YFR008W,YAR007C,0,-9.2233095,0.11105091869831085,0.976190447807312,0.7814285755157471
YFL050C,YKL114C,0,-9.223527,0.11103086918592453,0.976190447807312,0.7815873026847839
YDR492W,YNL138W,0,-9.224555,0.1110108271241188,0.976190447807312,0.7817460298538208
YCR094W,YOR116C,0,-9.224935,0.11099079251289368,0.976190447807312,0.7819047570228577
YLL036C,YDR170C,0,-9.225659,0.11097076535224915,0.976190447807312,0.7820634841918945
YDR404C,YDR297W,0,-9.225945,0.11095074564218521,0.976190447807312,0.7822222113609314
YNL051W,YKR039W,0,-9.226172,0.11093073338270187,0.976190447807312,0.7823809385299683
YML078W,YKL034W,0,-9.226785,0.11091072857379913,0.976190447807312,0.7825396656990051
YJL125C,YBR256C,0,-9.226922,0.11089073121547699,0.976190447807312,0.782698392868042
YPR016C,YNL131W,0,-9.227032,0.11087074130773544,0.976190447807312,0.7828571200370789
YJL122W,YNL281W,0,-9.227057,0.1108507588505745,0.976190447807312,0.7830158472061157
YPR082C,YGR094W,0,-9.228191,0.11083078384399414,0.976190447807312,0.7831745743751526
YPL037C,YMR127C,0,-9.22823,0.11081080883741379,0.976190447807312,0.7833333611488342
YDR447C,YBL005W-B,0,-9.229579,0.11079084873199463,0.976190447807312,0.7834920883178711
YHR148W,YOR068C,0,-9.230015,0.11077089607715607,0.976190447807312,0.783650815486908
YDR168W,YJL091C,0,-9.230595,0.1107509434223175,0.976190447807312,0.7838095426559448
YBR135W,YDR395W,0,-9.231187,0.11073100566864014,0.976190447807312,0.7839682698249817
YIL052C,YDR011W,0,-9.236187,0.11071106791496277,0.976190447807312,0.7841269969940186
YBR145W,YBL056W,0,-9.237187,0.1106911450624466,0.976190447807312,0.7842857241630554
YLL022C,YDR337W,0,-9.237499,0.11067122220993042,0.976190447807312,0.7844444513320923
YKL108W,YPL029W,0,-9.237746,0.11065131425857544,0.976190447807312,0.7846031785011292
YBR079C,YGR192C,0,-9.239604,0.11063140630722046,0.976190447807312,0.784761905670166
YHL047C,YPR031W,0,-9.241378,0.11061151325702667,0.976190447807312,0.7849206328392029
YLR430W,YBR198C,0,-9.241675,0.11059162020683289,0.976190447807312,0.7850793600082397
YKR095W,YML019W,0,-9.2422495,0.1105717346072197,0.976190447807312,0.7852380871772766
YIL079C,YER068W,0,-9.242416,0.1105518639087677,0.976190447807312,0.7853968143463135
YGL032C,YGR044C,0,-9.2427845,0.1105319932103157,0.976190447807312,0.7855555415153503
YDR277C,YKL040C,0,-9.244063,0.1105121299624443,0.976190447807312,0.7857142686843872
YDR285W,YJR029W,0,-9.245097,0.1104922741651535,0.976190447807312,0.7858729958534241
YNR032C-A,YPL097W,0,-9.245489,0.1104724258184433,0.976190447807312,0.7860317230224609
YKR067W,YMR051C,0,-9.24591,0.11045258492231369,0.976190447807312,0.7861904501914978
YOL082W,YIL052C,0,-9.246543,0.11043275147676468,0.976190447807312,0.7863491773605347
YNL281W,YOR003W,0,-9.247745,0.11041292548179626,0.976190447807312,0.7865079641342163
YER068W,YPR002W,0,-9.248958,0.11039310693740845,0.976190447807312,0.7866666913032532
YKR034W,YCR034W,0,-9.249154,0.11037329584360123,0.976190447807312,0.78682541847229
YGL018C,YER126C,0,-9.250098,0.1103534922003746,0.976190447807312,0.7869841456413269
YOR005C,YJR022W,0,-9.251073,0.11033368855714798,0.976190447807312,0.7871428728103638
YLR410W,YCL019W,0,-9.252988,0.11031389981508255,0.976190447807312,0.7873015999794006
YGR284C,YIL018W,0,-9.253568,0.11029411852359772,0.976190447807312,0.7874603271484375
YOL123W,YJR160C,0,-9.25368,0.11027434468269348,0.976190447807312,0.7876190543174744
YLR007W,YHL020C,0,-9.254218,0.11025457084178925,0.976190447807312,0.7877777814865112
YIL085C,YOR106W,0,-9.254266,0.1102348119020462,0.976190447807312,0.7879365086555481
YDR224C,YOR206W,0,-9.254687,0.11021505296230316,0.976190447807312,0.788095235824585
YLR100W,YJR009C,0,-9.254765,0.11019530892372131,0.976190447807312,0.7882539629936218
YER030W,YDR083W,0,-9.256916,0.11017556488513947,0.976190447807312,0.7884126901626587
YEL061C,YGL048C,0,-9.259873,0.11015582829713821,0.976190447807312,0.7885714173316956
YBL063W,YNL029C,0,-9.262738,0.11013610661029816,0.976190447807312,0.7887301445007324
YNL009W,YFL016C,0,-9.263423,0.1101163849234581,0.976190447807312,0.7888888716697693
YOR288C,YPR018W,0,-9.267819,0.11009667068719864,0.976190447807312,0.7890475988388062
YMR277W,YMR023C,0,-9.268426,0.11007696390151978,0.976190447807312,0.789206326007843
YJL194W,YGL096W,0,-9.270052,0.11005726456642151,0.976190447807312,0.7893650531768799
YKR027W,YPL235W,0,-9.270251,0.11003757268190384,0.976190447807312,0.7895237803459167
YKR055W,YJL190C,0,-9.273288,0.11001788824796677,0.976190447807312,0.7896825671195984
YIL065C,YGL144C,0,-9.273294,0.10999821126461029,0.976190447807312,0.7898412942886353
YGL169W,YFL049W,0,-9.273432,0.10997854173183441,0.976190447807312,0.7900000214576721
YHR190W,YHL012W,0,-9.274297,0.10995887964963913,0.976190447807312,0.790158748626709
YDR252W,YPL146C,0,-9.274768,0.10993921756744385,0.976190447807312,0.7903174757957458
YER051W,YJR027W,0,-9.275264,0.10991957038640976,0.976190447807312,0.7904762029647827
YGL158W,YLR262C,0,-9.275308,0.10989993065595627,0.976190447807312,0.7906349301338196
YGR123C,YMR075W,0,-9.277143,0.10988029092550278,0.976190447807312,0.7907936573028564
YGL155W,YGR162W,0,-9.278969,0.10986066609621048,0.976190447807312,0.7909523844718933
YKR063C,YBR279W,0,-9.279576,0.10984104126691818,0.976190447807312,0.7911111116409302
YMR299C,YBR079C,0,-9.279855,0.10982143133878708,0.976190447807312,0.791269838809967
YMR011W,YDR329C,0,-9.280441,0.10980182141065598,0.976190447807312,0.7914285659790039
YBR286W,YOR310C,0,-9.281037,0.10978221893310547,0.976190447807312,0.7915872931480408
YML129C,YMR270C,0,-9.2811575,0.10976262390613556,0.976190447807312,0.7917460203170776
YKR076W,YOL012C,0,-9.281207,0.10974304378032684,0.976190447807312,0.7919047474861145
YJL003W,YML105C,0,-9.281989,0.10972346365451813,0.976190447807312,0.7920634746551514
YIL070C,YHR150W,0,-9.282836,0.10970389097929001,0.976190447807312,0.7922222018241882
YML042W,YDL185W,0,-9.28287,0.10968432575464249,0.976190447807312,0.7923809289932251
YPL097W,YHL025W,0,-9.284049,0.10966476798057556,0.976190447807312,0.792539656162262
YKL114C,YDR459C,0,-9.284268,0.10964521020650864,0.976190447807312,0.7926983833312988
YLR196W,YPL138C,0,-9.284824,0.1096256673336029,0.976190447807312,0.7928571701049805
YIL142W,YBL005W-A,0,-9.286733,0.10960613191127777,0.976190447807312,0.7930158972740173
YBR215W,YHR094C,0,-9.2877245,0.10958659648895264,0.976190447807312,0.7931746244430542
YBL026W,YFR033C,0,-9.288338,0.1095670759677887,0.976190447807312,0.7933333516120911
YNL031C,YPL006W,0,-9.289718,0.10954756289720535,0.976190447807312,0.7934920787811279
YOR025W,YNR032C-A,0,-9.289943,0.10952804982662201,0.976190447807312,0.7936508059501648
YKR039W,YLR447C,0,-9.290339,0.10950854420661926,0.976190447807312,0.7938095331192017
YDR503C,YJL204C,0,-9.2907915,0.10948905348777771,0.976190447807312,0.7939682602882385
YNL294C,YIL008W,1,-9.294887,0.10964756458997726,0.9777777791023254,0.7939682602882385
YGL016W,YLR195C,0,-9.294921,0.10962804406881332,0.9777777791023254,0.7941269874572754
YMR041C,YDL120W,0,-9.295804,0.10960853844881058,0.9777777791023254,0.7942857146263123
YBR170C,YPL020C,0,-9.296048,0.10958904027938843,0.9777777791023254,0.7944444417953491
YMR116C,YDR480W,1,-9.297826,0.10974741727113724,0.9793650507926941,0.7944444417953491
YDL130W,YOL117W,0,-9.298869,0.1097279042005539,0.9793650507926941,0.794603168964386
YAL038W,YOR188W,0,-9.300086,0.10970839112997055,0.9793650507926941,0.7947618961334229
YBR029C,YOR381W,0,-9.300658,0.1096888855099678,0.9793650507926941,0.7949206233024597
YML059C,YOL044W,0,-9.301085,0.10966939479112625,0.9793650507926941,0.7950793504714966
YNL147W,YOR348C,0,-9.301179,0.1096499040722847,0.9793650507926941,0.7952380776405334
YOR185C,YHL006C,0,-9.30242,0.10963042080402374,0.9793650507926941,0.7953968048095703
YHR129C,YBR188C,0,-9.302592,0.10961094498634338,0.9793650507926941,0.7955555319786072
YNL261W,YOR321W,0,-9.302673,0.10959147661924362,0.9793650507926941,0.795714259147644
YCR092C,YML060W,0,-9.303571,0.10957201570272446,0.9793650507926941,0.7958729863166809
YPL047W,YHR070W,0,-9.303704,0.10955255478620529,0.9793650507926941,0.7960317730903625
YER030W,YDR213W,0,-9.305573,0.10953310877084732,0.9793650507926941,0.7961905002593994
YKR029C,YNL313C,0,-9.307063,0.10951367020606995,0.9793650507926941,0.7963492274284363
YHR191C,YMR268C,0,-9.307664,0.10949423164129257,0.9793650507926941,0.7965079545974731
YNL110C,YDL106C,0,-9.308637,0.10947480797767639,0.9793650507926941,0.79666668176651
YGL097W,YMR241W,0,-9.3086405,0.10945538431406021,0.9793650507926941,0.7968254089355469
YNR002C,YBL034C,0,-9.310694,0.10943596810102463,0.9793650507926941,0.7969841361045837
YNL119W,YDR392W,1,-9.311769,0.10959389805793762,0.9809523820877075,0.7969841361045837
YKR097W,YLL002W,0,-9.312103,0.10957446694374084,0.9809523820877075,0.7971428632736206
YEL060C,YML095C,0,-9.31417,0.10955504328012466,0.9809523820877075,0.7973015904426575
YIL106W,YGR159C,0,-9.315244,0.10953562706708908,0.9809523820877075,0.7974603176116943
YOL164W,YMR051C,0,-9.315896,0.1095162183046341,0.9809523820877075,0.7976190447807312
YJR001W,YFR019W,0,-9.317452,0.10949680954217911,0.9809523820877075,0.7977777719497681
YGR214W,YNL313C,0,-9.318386,0.10947741568088531,0.9809523820877075,0.7979364991188049
YML110C,YCR018C,0,-9.318743,0.10945802181959152,0.9809523820877075,0.7980952262878418
YAL003W,YBL020W,0,-9.320089,0.10943864285945892,0.9809523820877075,0.7982539534568787
YKR039W,YLR145W,0,-9.320476,0.10941926389932632,0.9809523820877075,0.7984126806259155
YLR242C,YDR515W,0,-9.322196,0.10939989238977432,0.9809523820877075,0.7985714077949524
YOR287C,YOR338W,0,-9.322288,0.10938052833080292,0.9809523820877075,0.7987301349639893
YLR078C,YLR039C,0,-9.322583,0.10936117172241211,0.9809523820877075,0.7988888621330261
YMR042W,YIL066C,0,-9.322792,0.1093418225646019,0.9809523820877075,0.799047589302063
YHR118C,YMR268C,0,-9.323943,0.10932248085737228,0.9809523820877075,0.7992063760757446
YLL001W,YDL084W,0,-9.324386,0.10930314660072327,0.9809523820877075,0.7993651032447815
YLR100W,YPR018W,0,-9.3253565,0.10928381979465485,0.9809523820877075,0.7995238304138184
YER143W,YBR167C,0,-9.327163,0.10926450043916702,0.9809523820877075,0.7996825575828552
YNL119W,YOR275C,1,-9.328584,0.10942195355892181,0.9825396537780762,0.7996825575828552
YPL059W,YLR321C,0,-9.3290205,0.1094026193022728,0.9825396537780762,0.7998412847518921
YBR279W,YOR119C,0,-9.329649,0.10938328504562378,0.9825396537780762,0.800000011920929
YLR114C,YGR230W,0,-9.329829,0.10936395823955536,0.9825396537780762,0.8001587390899658
YLR335W,YIL052C,0,-9.330066,0.10934463888406754,0.9825396537780762,0.8003174662590027
YBR129C,YGR211W,0,-9.331767,0.10932532697916031,0.9825396537780762,0.8004761934280396
YDL148C,YCL008C,0,-9.333779,0.10930602252483368,0.9825396537780762,0.8006349205970764
YBR130C,YPL020C,0,-9.334727,0.10928672552108765,0.9825396537780762,0.8007936477661133
YFR041C,YJR073C,0,-9.334811,0.10926742851734161,0.9825396537780762,0.8009523749351501
YKR099W,YGR156W,0,-9.335084,0.10924814641475677,0.9825396537780762,0.801111102104187
YJL201W,YNL262W,0,-9.33689,0.10922887176275253,0.9825396537780762,0.8012698292732239
YHL038C,YOL146W,0,-9.339045,0.10920959711074829,0.9825396537780762,0.8014285564422607
YDL022W,YOR064C,0,-9.340698,0.10919032990932465,0.9825396537780762,0.8015872836112976
YJL002C,YER049W,0,-9.342412,0.1091710776090622,0.9825396537780762,0.8017460107803345
YFL014W,YBL093C,0,-9.342706,0.10915182530879974,0.9825396537780762,0.8019047379493713
YBR029C,YAL034W-A,0,-9.344726,0.10913258045911789,0.9825396537780762,0.8020634651184082
YKL074C,YLR044C,0,-9.346936,0.10911334306001663,0.9825396537780762,0.8022222518920898
YOL165C,YGL068W,0,-9.347568,0.10909411311149597,0.9825396537780762,0.8023809790611267
YKL138C-A,YGL055W,0,-9.348073,0.10907489061355591,0.9825396537780762,0.8025397062301636
YDR039C,YGR183C,0,-9.348963,0.10905567556619644,0.9825396537780762,0.8026984333992004
YOR151C,YKL122C,0,-9.350087,0.10903646051883698,0.9825396537780762,0.8028571605682373
YOR236W,YJR073C,0,-9.350206,0.1090172603726387,0.9825396537780762,0.8030158877372742
YGR264C,YBL022C,0,-9.350603,0.10899806022644043,0.9825396537780762,0.803174614906311
YCL067C,YJL063C,0,-9.35138,0.10897887498140335,0.9825396537780762,0.8033333420753479
YGL187C,YDR293C,0,-9.351657,0.10895968973636627,0.9825396537780762,0.8034920692443848
YDR082W,YGR082W,0,-9.352521,0.10894051194190979,0.9825396537780762,0.8036507964134216
YNL227C,YER117W,0,-9.352576,0.1089213415980339,0.9825396537780762,0.8038095235824585
YMR128W,YML005W,0,-9.352708,0.10890217870473862,0.9825396537780762,0.8039682507514954
YPR183W,YDL135C,0,-9.352792,0.10888302326202393,0.9825396537780762,0.8041269779205322
YAL022C,YPR189W,0,-9.352878,0.10886387526988983,0.9825396537780762,0.8042857050895691
YHR013C,YAR009C,0,-9.353684,0.10884473472833633,0.9825396537780762,0.804444432258606
YLR158C,YOR026W,0,-9.356887,0.10882559418678284,0.9825396537780762,0.8046031594276428
YMR250W,YNL154C,0,-9.356891,0.10880646854639053,0.9825396537780762,0.8047618865966797
YBL085W,YLR383W,0,-9.357821,0.10878734290599823,0.9825396537780762,0.8049206137657166
YMR033W,YML005W,0,-9.3593645,0.10876823216676712,0.9825396537780762,0.8050793409347534
YPL069C,YGR166W,0,-9.359598,0.10874912142753601,0.9825396537780762,0.8052380681037903
YDL008W,YAL005C,0,-9.361381,0.1087300181388855,0.9825396537780762,0.8053968548774719
YAR010C,YML045W,0,-9.361765,0.10871092230081558,0.9825396537780762,0.8055555820465088
YGR211W,YNR039C,0,-9.361796,0.10869183391332626,0.9825396537780762,0.8057143092155457
YBL026W,YKL075C,0,-9.362941,0.10867275297641754,0.9825396537780762,0.8058730363845825
YLR223C,YJL062W,0,-9.362977,0.10865367949008942,0.9825396537780762,0.8060317635536194
YJL010C,YKL043W,0,-9.362992,0.10863460600376129,0.9825396537780762,0.8061904907226562
YJL183W,YJL104W,0,-9.364787,0.10861554741859436,0.9825396537780762,0.8063492178916931
YIL070C,YDL055C,0,-9.365155,0.10859648883342743,0.9825396537780762,0.80650794506073
YLR074C,YPR111W,0,-9.365781,0.10857744514942169,0.9825396537780762,0.8066666722297668
YDR435C,YDR447C,0,-9.367301,0.10855840146541595,0.9825396537780762,0.8068253993988037
YIL052C,YBL100W-A,0,-9.367795,0.10853936523199081,0.9825396537780762,0.8069841265678406
YER087C-A,YJL069C,0,-9.368352,0.10852033644914627,0.9825396537780762,0.8071428537368774
YPL082C,YDR279W,0,-9.368816,0.10850131511688232,0.9825396537780762,0.8073015809059143
YDR516C,YHR181W,0,-9.370808,0.10848230123519897,0.9825396537780762,0.8074603080749512
YKL068W,YDL052C,0,-9.371401,0.10846328735351562,0.9825396537780762,0.807619035243988
YDR397C,YDR478W,0,-9.372254,0.10844428837299347,0.9825396537780762,0.8077777624130249
YHL047C,YOR064C,0,-9.372405,0.10842529684305191,0.9825396537780762,0.8079364895820618
YIL033C,YGR055W,0,-9.37367,0.10840630531311035,0.9825396537780762,0.8080952167510986
YOR237W,YBR087W,0,-9.377385,0.10838732123374939,0.9825396537780762,0.8082539439201355
YMR058W,YAR007C,0,-9.377655,0.10836834460496902,0.9825396537780762,0.8084126710891724
YER003C,YHL012W,0,-9.378561,0.10834937542676926,0.9825396537780762,0.808571457862854
YML046W,YDR190C,0,-9.378805,0.10833041369915009,0.9825396537780762,0.8087301850318909
YJL140W,YDL060W,0,-9.378903,0.10831145942211151,0.9825396537780762,0.8088889122009277
YKR038C,YDL128W,0,-9.379328,0.10829251259565353,0.9825396537780762,0.8090476393699646
YOR117W,YGR095C,0,-9.37972,0.10827357321977615,0.9825396537780762,0.8092063665390015
YGL168W,YDR472W,0,-9.381762,0.10825463384389877,0.9825396537780762,0.8093650937080383
YOL013C,YGR128C,0,-9.383074,0.10823570191860199,0.9825396537780762,0.8095238208770752
YMR048W,YFL037W,0,-9.384236,0.1082167848944664,0.9825396537780762,0.8096825480461121
YLR150W,YLR346C,0,-9.386931,0.10819786787033081,0.9825396537780762,0.8098412752151489
YLR067C,YGR229C,0,-9.387832,0.10817895829677582,0.9825396537780762,0.8100000023841858
YBR135W,YBR012W-B,0,-9.389968,0.10816005617380142,0.9825396537780762,0.8101587295532227
YGR264C,YMR006C,0,-9.390656,0.10814116150140762,0.9825396537780762,0.8103174567222595
YCL016C,YCR020C-A,0,-9.39083,0.10812227427959442,0.9825396537780762,0.8104761838912964
YGL219C,YLL041C,0,-9.391775,0.10810338705778122,0.9825396537780762,0.8106349110603333
YOR173W,YDR435C,0,-9.39334,0.10808451473712921,0.9825396537780762,0.8107936382293701
YMR213W,YGL216W,0,-9.395225,0.1080656424164772,0.9825396537780762,0.810952365398407
YHR011W,YDR201W,0,-9.397347,0.10804677754640579,0.9825396537780762,0.8111110925674438
YBL093C,YDR322C-A,0,-9.398723,0.10802792012691498,0.9825396537780762,0.8112698197364807
YOR274W,YJL198W,0,-9.399968,0.10800907015800476,0.9825396537780762,0.8114285469055176
YIL155C,YFL036W,0,-9.400194,0.10799022763967514,0.9825396537780762,0.8115872740745544
YLR425W,YMR046C,0,-9.400864,0.10797139257192612,0.9825396537780762,0.8117460608482361
YNR013C,YDR382W,0,-9.402229,0.10795256495475769,0.9825396537780762,0.811904788017273
YPL127C,YDR279W,0,-9.402516,0.10793373733758926,0.9825396537780762,0.8120635151863098
YMR220W,YLL024C,0,-9.405295,0.10791492462158203,0.9825396537780762,0.8122222423553467
YHL038C,YCL069W,0,-9.406391,0.1078961119055748,0.9825396537780762,0.8123809695243835
YBR202W,YER049W,0,-9.406508,0.10787730664014816,0.9825396537780762,0.8125396966934204
YJL198W,YFL005W,0,-9.406534,0.10785850882530212,0.9825396537780762,0.8126984238624573
YLR372W,YOR075W,0,-9.407498,0.10783971846103668,0.9825396537780762,0.8128571510314941
YOR201C,YBL061C,0,-9.407669,0.10782093554735184,0.9825396537780762,0.813015878200531
YKL182W,YOL003C,0,-9.410161,0.10780216008424759,0.9825396537780762,0.8131746053695679
YMR292W,YKL101W,0,-9.411247,0.10778339207172394,0.9825396537780762,0.8133333325386047
YPL265W,YGL153W,0,-9.411297,0.10776462405920029,0.9825396537780762,0.8134920597076416
YHR052W,YHR152W,0,-9.411967,0.10774586349725723,0.9825396537780762,0.8136507868766785
YHR154W,YGL243W,0,-9.412631,0.10772711783647537,0.9825396537780762,0.8138095140457153
YHR169W,YJL048C,0,-9.414534,0.10770837217569351,0.9825396537780762,0.8139682412147522
YNL119W,YDL159W,1,-9.4160185,0.10786360502243042,0.9841269850730896,0.8139682412147522
YOR067C,YLR226W,0,-9.4174,0.10784484446048737,0.9841269850730896,0.8141269683837891
YJL203W,YPL235W,0,-9.417856,0.10782608389854431,0.9841269850730896,0.8142856955528259
YGL005C,YLR277C,0,-9.418405,0.10780733823776245,0.9841269850730896,0.8144444227218628
YBL074C,YDR245W,0,-9.419853,0.10778859257698059,0.9841269850730896,0.8146031498908997
YHR043C,YER072W,0,-9.421594,0.10776986181735992,0.9841269850730896,0.8147618770599365
YIL068C,YKR060W,0,-9.422431,0.10775113105773926,0.9841269850730896,0.8149206638336182
YDR148C,YGL236C,0,-9.422622,0.10773240774869919,0.9841269850730896,0.815079391002655
YER120W,YBL004W,0,-9.422641,0.10771369189023972,0.9841269850730896,0.8152381181716919
YNL262W,YML005W,0,-9.425456,0.10769498348236084,0.9841269850730896,0.8153968453407288
YLR114C,YGR159C,0,-9.427764,0.10767627507448196,0.9841269850730896,0.8155555725097656
YJL203W,YGL233W,0,-9.429302,0.10765758156776428,0.9841269850730896,0.8157142996788025
YAR002C-A,YKR079C,0,-9.429564,0.1076388880610466,0.9841269850730896,0.8158730268478394
YHR196W,YJR120W,0,-9.430285,0.10762020200490952,0.9841269850730896,0.8160317540168762
YHR143W,YMR087W,0,-9.43036,0.10760153084993362,0.9841269850730896,0.8161904811859131
YNL275W,YMR241W,0,-9.430682,0.10758285969495773,0.9841269850730896,0.81634920835495
YDR389W,YGR090W,0,-9.43224,0.10756418853998184,0.9841269850730896,0.8165079355239868
YBR267W,YNR023W,0,-9.433646,0.10754553228616714,0.9841269850730896,0.8166666626930237
YBR023C,YNL227C,0,-9.43429,0.10752688348293304,0.9841269850730896,0.8168253898620605
YOR310C,YJL025W,0,-9.434573,0.10750823467969894,0.9841269850730896,0.8169841170310974
YJL134W,YOR361C,0,-9.435115,0.10748960077762604,0.9841269850730896,0.8171428442001343
YGL251C,YLR383W,0,-9.435766,0.10747096687555313,0.9841269850730896,0.8173015713691711
YKR009C,YOR321W,0,-9.436867,0.10745234042406082,0.9841269850730896,0.817460298538208
YGL019W,YLR020C,0,-9.439542,0.10743372142314911,0.9841269850730896,0.8176190257072449
YML073C,YPR074C,0,-9.439649,0.107415109872818,0.9841269850730896,0.8177777528762817
YOR217W,YHR031C,0,-9.440648,0.10739649832248688,0.9841269850730896,0.8179364800453186
YBR087W,YJL154C,0,-9.442522,0.10737790167331696,0.9841269850730896,0.8180952668190002
YDL005C,YBR254C,0,-9.443568,0.10735930502414703,0.9841269850730896,0.8182539939880371
YJL013C,YIL110W,0,-9.445416,0.1073407232761383,0.9841269850730896,0.818412721157074
YAL013W,YJR073C,0,-9.445621,0.10732214152812958,0.9841269850730896,0.8185714483261108
YBR244W,YDR258C,0,-9.447038,0.10730356723070145,0.9841269850730896,0.8187301754951477
YLL036C,YIR022W,0,-9.45115,0.10728500038385391,0.9841269850730896,0.8188889026641846
YIL139C,YMR218C,0,-9.4512615,0.10726643353700638,0.9841269850730896,0.8190476298332214
YDR459C,YDL092W,0,-9.4513855,0.10724788159132004,0.9841269850730896,0.8192063570022583
YLR223C,YMR045C,0,-9.456578,0.1072293296456337,0.9841269850730896,0.8193650841712952
YKR083C,YER103W,0,-9.456689,0.10721079260110855,0.9841269850730896,0.819523811340332
YJR022W,YGR231C,0,-9.459062,0.1071922555565834,0.9841269850730896,0.8196825385093689
YML129C,YHR070W,0,-9.460671,0.10717372596263885,0.9841269850730896,0.8198412656784058
YPR120C,YHR079C-A,0,-9.464027,0.1071552038192749,0.9841269850730896,0.8199999928474426
YJL091C,YDR346C,0,-9.464133,0.10713668912649155,0.9841269850730896,0.8201587200164795
YJL219W,YDR002W,0,-9.464198,0.10711817443370819,0.9841269850730896,0.8203174471855164
YER016W,YGL201C,0,-9.464498,0.10709967464208603,0.9841269850730896,0.8204761743545532
YFL034C-B,YIR026C,0,-9.4663,0.10708117485046387,0.9841269850730896,0.8206349015235901
YMR260C,YLR043C,0,-9.467251,0.1070626825094223,0.9841269850730896,0.820793628692627
YOL077C,YGR155W,0,-9.470742,0.10704419761896133,0.9841269850730896,0.8209523558616638
YGL021W,YEL003W,0,-9.471978,0.10702572017908096,0.9841269850730896,0.8211110830307007
YDL003W,YML107C,0,-9.472178,0.10700725018978119,0.9841269850730896,0.8212698698043823
YOR178C,YER190W,0,-9.472752,0.10698878020048141,0.9841269850730896,0.8214285969734192
YMR138W,YNL129W,0,-9.4742365,0.10697032511234283,0.9841269850730896,0.821587324142456
YGR230W,YNR011C,0,-9.475629,0.10695187002420425,0.9841269850730896,0.8217460513114929
YPR164W,YDL201W,0,-9.475781,0.10693342238664627,0.9841269850730896,0.8219047784805298
YOR179C,YCL019W,0,-9.475934,0.10691498219966888,0.9841269850730896,0.8220635056495667
YOR173W,YHR163W,0,-9.477605,0.1068965494632721,0.9841269850730896,0.8222222328186035
YIL072W,YKL073W,0,-9.47861,0.1068781241774559,0.9841269850730896,0.8223809599876404
YLR353W,YHR148W,0,-9.479167,0.1068597063422203,0.9841269850730896,0.8225396871566772
YBL018C,YMR236W,0,-9.480411,0.10684128850698471,0.9841269850730896,0.8226984143257141
YGR262C,YNL317W,0,-9.48286,0.10682287812232971,0.9841269850730896,0.822857141494751
YOR039W,YFL049W,0,-9.483098,0.10680447518825531,0.9841269850730896,0.8230158686637878
YNL218W,YPL124W,0,-9.483836,0.1067860797047615,0.9841269850730896,0.8231745958328247
YDR244W,YBR175W,0,-9.485963,0.1067676916718483,0.9841269850730896,0.8233333230018616
YDR512C,YJL063C,0,-9.486374,0.10674931108951569,0.9841269850730896,0.8234920501708984
YML077W,YGR296W,0,-9.489824,0.10673093795776367,0.9841269850730896,0.8236507773399353
YDL192W,YKR097W,0,-9.490649,0.10671256482601166,0.9841269850730896,0.8238095045089722
YDR021W,YEL062W,0,-9.492574,0.10669419914484024,0.9841269850730896,0.823968231678009
YIL004C,YDR459C,0,-9.493264,0.10667584091424942,0.9841269850730896,0.8241269588470459
YMR049C,YGR028W,0,-9.4940195,0.1066574901342392,0.9841269850730896,0.8242856860160828
YER006W,YMR125W,0,-9.494694,0.10663914680480957,0.9841269850730896,0.8244444727897644
YDL178W,YPL262W,0,-9.495727,0.10662081092596054,0.9841269850730896,0.8246031999588013
YER114C,YKR060W,0,-9.495825,0.10660247504711151,0.9841269850730896,0.8247619271278381
YLL036C,YCR028C-A,0,-9.496043,0.10658414661884308,0.9841269850730896,0.824920654296875
YBR179C,YLR467W,0,-9.496346,0.10656583309173584,0.9841269850730896,0.8250793814659119
YPL053C,YLR320W,0,-9.496651,0.1065475195646286,0.9841269850730896,0.8252381086349487
YIL079C,YOL013C,0,-9.499251,0.10652920603752136,0.9841269850730896,0.8253968358039856
YGR101W,YDR465C,0,-9.503097,0.10651090741157532,0.9841269850730896,0.8255555629730225
YMR008C,YJL098W,0,-9.503654,0.10649261623620987,0.9841269850730896,0.8257142901420593
YGR158C,YMR153W,0,-9.505633,0.10647432506084442,0.9841269850730896,0.8258730173110962
YFR014C,YHR094C,0,-9.505669,0.10645604133605957,0.9841269850730896,0.8260317444801331
YOR058C,YGL238W,0,-9.506156,0.10643776506185532,0.9841269850730896,0.8261904716491699
YDR378C,YPL006W,0,-9.507026,0.10641949623823166,0.9841269850730896,0.8263491988182068
YHR154W,YLR321C,0,-9.508079,0.1064012348651886,0.9841269850730896,0.8265079259872437
YKL021C,YJL045W,0,-9.5133295,0.10638298094272614,0.9841269850730896,0.8266666531562805
YKR025W,YIL017C,0,-9.513665,0.10636472702026367,0.9841269850730896,0.8268253803253174
YDL074C,YNL036W,0,-9.5140085,0.1063464805483818,0.9841269850730896,0.8269841074943542
YPL227C,YNL333W,0,-9.514253,0.10632824897766113,0.9841269850730896,0.8271428346633911
YGR286C,YGL093W,0,-9.514957,0.10631001740694046,0.9841269850730896,0.827301561832428
YHR023W,YGL097W,0,-9.515426,0.10629178583621979,0.9841269850730896,0.8274602890014648
YDR175C,YNL241C,0,-9.516131,0.10627356916666031,0.9841269850730896,0.8276190757751465
YBR272C,YOL097C,0,-9.516553,0.10625535249710083,0.9841269850730896,0.8277778029441833
YOR151C,YAR009C,0,-9.518931,0.10623715072870255,0.9841269850730896,0.8279365301132202
YDL116W,YBR223C,0,-9.518998,0.10621894896030426,0.9841269850730896,0.8280952572822571
YCR052W,YOR179C,0,-9.520577,0.10620075464248657,0.9841269850730896,0.828253984451294
YEL042W,YLR139C,0,-9.522393,0.10618256777524948,0.9841269850730896,0.8284127116203308
YIL026C,YLR346C,0,-9.522395,0.10616438090801239,0.9841269850730896,0.8285714387893677
YCR010C,YIR002C,0,-9.522713,0.10614620894193649,0.9841269850730896,0.8287301659584045
YDL081C,YEL031W,0,-9.523382,0.1061280369758606,0.9841269850730896,0.8288888931274414
YBR142W,YLR034C,0,-9.5233965,0.1061098724603653,0.9841269850730896,0.8290476202964783
YGL163C,YDR165W,0,-9.5237665,0.10609171539545059,0.9841269850730896,0.8292063474655151
YGL084C,YEL031W,0,-9.523978,0.10607356578111649,0.9841269850730896,0.829365074634552
YOR308C,YER138C,0,-9.52399,0.10605542361736298,0.9841269850730896,0.8295238018035889
YOR310C,YJL114W,0,-9.524056,0.10603728145360947,0.9841269850730896,0.8296825289726257
YDR022C,YIR026C,0,-9.526012,0.10601915419101715,0.9841269850730896,0.8298412561416626
YDR378C,YGL051W,0,-9.527347,0.10600102692842484,0.9841269850730896,0.8299999833106995
YDR461W,YHR167W,0,-9.527616,0.10598290711641312,0.9841269850730896,0.8301587104797363
YJL063C,YIL017C,0,-9.530669,0.105964794754982,0.9841269850730896,0.8303174376487732
YGL001C,YJL063C,0,-9.532669,0.10594668239355087,0.9841269850730896,0.8304761648178101
YLR172C,YLR277C,0,-9.533996,0.10592858493328094,0.9841269850730896,0.8306348919868469
YDR236C,YML060W,0,-9.536124,0.10591048747301102,0.9841269850730896,0.8307936787605286
YDL031W,YNL261W,0,-9.536527,0.10589239746332169,0.9841269850730896,0.8309524059295654
YOR298C-A,YPR110C,0,-9.537731,0.10587431490421295,0.9841269850730896,0.8311111330986023
YBR247C,YBR129C,0,-9.538751,0.10585623979568481,0.9841269850730896,0.8312698602676392
YDR432W,YPR186C,0,-9.539012,0.10583817213773727,0.9841269850730896,0.831428587436676
YGR156W,YBR154C,0,-9.539381,0.10582010447978973,0.9841269850730896,0.8315873146057129
YKL120W,YGL163C,0,-9.539666,0.10580204427242279,0.9841269850730896,0.8317460417747498
YLR288C,YMR076C,0,-9.540427,0.10578399896621704,0.9841269850730896,0.8319047689437866
YMR033W,YML023C,0,-9.544246,0.10576595366001129,0.9841269850730896,0.8320634961128235
YDL192W,YNL272C,0,-9.544745,0.10574790835380554,0.9841269850730896,0.8322222232818604
YER095W,YLR048W,0,-9.547295,0.10572987794876099,0.9841269850730896,0.8323809504508972
YDR481C,YKL130C,0,-9.548884,0.10571184754371643,0.9841269850730896,0.8325396776199341
YDR122W,YGR183C,0,-9.550834,0.10569383203983307,0.9841269850730896,0.832698404788971
YDR004W,YKL099C,0,-9.550927,0.10567581653594971,0.9841269850730896,0.8328571319580078
YIL153W,YNL333W,0,-9.55156,0.10565780848264694,0.9841269850730896,0.8330158591270447
YCL001W,YDR025W,0,-9.551607,0.10563980042934418,0.9841269850730896,0.8331745862960815
YDL083C,YOR327C,0,-9.55241,0.1056218072772026,0.9841269850730896,0.8333333134651184
YNL027W,YMR035W,0,-9.552571,0.10560381412506104,0.9841269850730896,0.8334920406341553
YNL119W,YPL203W,1,-9.553405,0.10575613379478455,0.9857142567634583,0.8334920406341553
YDR490C,YBR037C,0,-9.553845,0.10573812574148178,0.9857142567634583,0.8336507678031921
YDR113C,YLR200W,0,-9.554522,0.10572012513875961,0.9857142567634583,0.833809494972229
YJL060W,YIL052C,0,-9.556395,0.10570212453603745,0.9857142567634583,0.8339682817459106
YMR211W,YIL085C,0,-9.556602,0.10568413883447647,0.9857142567634583,0.8341270089149475
YBL015W,YOR035C,0,-9.559294,0.1056661531329155,0.9857142567634583,0.8342857360839844
YPL008W,YFL034C-B,0,-9.560372,0.10564818233251572,0.9857142567634583,0.8344444632530212
YLR200W,YJL113W,0,-9.5612135,0.10563021153211594,0.9857142567634583,0.8346031904220581
YHR142W,YDR312W,0,-9.561664,0.10561224818229675,0.9857142567634583,0.834761917591095
YML031W,YBR254C,0,-9.563346,0.10559428483247757,0.9857142567634583,0.8349206447601318
YPL160W,YHR008C,0,-9.564301,0.10557633638381958,0.9857142567634583,0.8350793719291687
YGL143C,YKL045W,0,-9.5646715,0.10555838793516159,0.9857142567634583,0.8352380990982056
YGL168W,YLR197W,0,-9.564811,0.1055404469370842,0.9857142567634583,0.8353968262672424
YDR198C,YIL061C,0,-9.5655985,0.1055225133895874,0.9857142567634583,0.8355555534362793
YNR052C,YMR268C,0,-9.57037,0.1055045872926712,0.9857142567634583,0.8357142806053162
YIL125W,YOL110W,0,-9.570431,0.1054866686463356,0.9857142567634583,0.835873007774353
YJL121C,YGR251W,0,-9.571178,0.10546875,0.9857142567634583,0.8360317349433899
YJR073C,YBR130C,0,-9.571267,0.105450838804245,0.9857142567634583,0.8361904621124268
YBR298C,YKL053C-A,0,-9.572516,0.10543293505907059,0.9857142567634583,0.8363491892814636
YHL024W,YOL005C,0,-9.572903,0.10541503876447678,0.9857142567634583,0.8365079164505005
YGR103W,YNL261W,0,-9.573087,0.10539714992046356,0.9857142567634583,0.8366666436195374
YAL003W,YDR092W,0,-9.575197,0.10537926107645035,0.9857142567634583,0.8368253707885742
YGR217W,YJR010C-A,0,-9.575278,0.10536138713359833,0.9857142567634583,0.8369840979576111
YCR077C,YPR074C,0,-9.575593,0.10534351319074631,0.9857142567634583,0.8371428847312927
YGL216W,YAR010C,0,-9.577077,0.10532564669847488,0.9857142567634583,0.8373016119003296
YIL131C,YBL023C,0,-9.579167,0.10530778020620346,0.9857142567634583,0.8374603390693665
YLR206W,YGR183C,0,-9.580359,0.10528992861509323,0.9857142567634583,0.8376190662384033
YGR192C,YDR059C,0,-9.581667,0.105272077023983,0.9857142567634583,0.8377777934074402
YHR143W,YLL060C,0,-9.582519,0.10525424033403397,0.9857142567634583,0.837936520576477
YOL111C,YGR239C,0,-9.583503,0.10523640364408493,0.9857142567634583,0.8380952477455139
YKL120W,YDL098C,0,-9.584808,0.1052185669541359,0.9857142567634583,0.8382539749145508
YER036C,YBR254C,0,-9.585479,0.10520074516534805,0.9857142567634583,0.8384127020835876
YHR072W-A,YDR323C,0,-9.585809,0.10518292337656021,0.9857142567634583,0.8385714292526245
YMR014W,YAL038W,0,-9.586612,0.10516511648893356,0.9857142567634583,0.8387301564216614
YBR164C,YDR217C,0,-9.587659,0.10514730960130692,0.9857142567634583,0.8388888835906982
YMR035W,YKL035W,0,-9.5904875,0.10512951016426086,0.9857142567634583,0.8390476107597351
YHR013C,YPL046C,0,-9.59157,0.10511171072721481,0.9857142567634583,0.839206337928772
YJR074W,YJL198W,0,-9.591727,0.10509392619132996,0.9857142567634583,0.8393650650978088
YCR005C,YLR106C,0,-9.592547,0.1050761416554451,0.9857142567634583,0.8395237922668457
YDR421W,YDR398W,0,-9.59381,0.10505836457014084,0.9857142567634583,0.8396825194358826
YNR032C-A,YNR039C,0,-9.594301,0.10504059493541718,0.9857142567634583,0.8398412466049194
YIL035C,YMR050C,0,-9.594332,0.10502283275127411,0.9857142567634583,0.8399999737739563
YJL124C,YGR251W,0,-9.595997,0.10500507056713104,0.9857142567634583,0.8401587009429932
YCL034W,YLR197W,0,-9.596907,0.10498732328414917,0.9857142567634583,0.8403174877166748
YGR179C,YJL104W,0,-9.599554,0.1049695760011673,0.9857142567634583,0.8404762148857117
YLR044C,YNL209W,0,-9.601182,0.10495183616876602,0.9857142567634583,0.8406349420547485
YJL179W,YLR145W,0,-9.603871,0.10493409633636475,0.9857142567634583,0.8407936692237854
YGR036C,YOL101C,0,-9.605238,0.10491637140512466,0.9857142567634583,0.8409523963928223
YFL009W,YFR001W,0,-9.607034,0.10489864647388458,0.9857142567634583,0.8411111235618591
YKL011C,YLR340W,0,-9.609092,0.1048809289932251,0.9857142567634583,0.841269850730896
YHR143W-A,YOL113W,0,-9.609885,0.10486321896314621,0.9857142567634583,0.8414285778999329
YOR098C,YMR005W,0,-9.610432,0.10484551638364792,0.9857142567634583,0.8415873050689697
YJL071W,YOR075W,0,-9.611078,0.10482782125473022,0.9857142567634583,0.8417460322380066
YMR039C,YDL060W,0,-9.613048,0.10481012612581253,0.9857142567634583,0.8419047594070435
YAR015W,YBL025W,0,-9.614604,0.10479243844747543,0.9857142567634583,0.8420634865760803
YCR066W,YPL144W,0,-9.615334,0.10477475821971893,0.9857142567634583,0.8422222137451172
YBR079C,YAR035W,0,-9.616689,0.10475708544254303,0.9857142567634583,0.842380940914154
YNL281W,YDR503C,0,-9.617377,0.10473942011594772,0.9857142567634583,0.8425396680831909
YOR079C,YGL063W,0,-9.620196,0.10472175478935242,0.9857142567634583,0.8426983952522278
YBL069W,YDR276C,0,-9.621494,0.10470409691333771,0.9857142567634583,0.8428571224212646
YFR050C,YDL042C,0,-9.624106,0.1046864464879036,0.9857142567634583,0.8430158495903015
YLR397C,YBL046W,0,-9.625277,0.10466880351305008,0.9857142567634583,0.8431745767593384
YLR078C,YDL036C,0,-9.626376,0.10465116053819656,0.9857142567634583,0.8433333039283752
YPR200C,YJL219W,0,-9.626817,0.10463353246450424,0.9857142567634583,0.8434920907020569
YDL174C,YDR492W,0,-9.627157,0.10461590439081192,0.9857142567634583,0.8436508178710938
YOR025W,YPR010C,0,-9.627458,0.1045982837677002,0.9857142567634583,0.8438095450401306
YER025W,YMR053C,0,-9.628787,0.10458067059516907,0.9857142567634583,0.8439682722091675
YLR074C,YDL235C,0,-9.629661,0.10456305742263794,0.9857142567634583,0.8441269993782043
YML060W,YOR361C,0,-9.629752,0.10454545170068741,0.9857142567634583,0.8442857265472412
YPL265W,YOR284W,0,-9.631196,0.10452786087989807,0.9857142567634583,0.8444444537162781
YNL001W,YJR068W,0,-9.632811,0.10451026260852814,0.9857142567634583,0.8446031808853149
YNR038W,YLR081W,0,-9.636753,0.1044926792383194,0.9857142567634583,0.8447619080543518
YDR045C,YFR005C,0,-9.637698,0.10447510331869125,0.9857142567634583,0.8449206352233887
YKR099W,YJR120W,0,-9.639438,0.10445752739906311,0.9857142567634583,0.8450793623924255
YDR055W,YGR144W,0,-9.641213,0.10443995893001556,0.9857142567634583,0.8452380895614624
YKL021C,YHR181W,0,-9.641936,0.10442239791154861,0.9857142567634583,0.8453968167304993
YOL063C,YBL026W,0,-9.644044,0.10440484434366226,0.9857142567634583,0.8455555438995361
YHR171W,YDR060W,0,-9.645343,0.10438729077577591,0.9857142567634583,0.845714271068573
YHR096C,YML015C,0,-9.646273,0.10436974465847015,0.9857142567634583,0.8458729982376099
YDL164C,YGR004W,0,-9.64634,0.104352205991745,0.9857142567634583,0.8460317254066467
YJL010C,YJR009C,0,-9.647851,0.10433467477560043,0.9857142567634583,0.8461904525756836
YOR232W,YMR143W,0,-9.648717,0.10431715101003647,0.9857142567634583,0.8463491797447205
YHR094C,YPL094C,0,-9.649078,0.1042996272444725,0.9857142567634583,0.8465079069137573
YKR085C,YER120W,0,-9.653523,0.10428211838006973,0.9857142567634583,0.846666693687439
YJL008C,YCR053W,0,-9.6543665,0.10426460951566696,0.9857142567634583,0.8468254208564758
YCR071C,YGR197C,0,-9.654593,0.10424710065126419,0.9857142567634583,0.8469841480255127
YML058W,YIR026C,0,-9.655291,0.10422960668802261,0.9857142567634583,0.8471428751945496
YDR314C,YER095W,0,-9.656821,0.10421211272478104,0.9857142567634583,0.8473016023635864
YMR213W,YKL075C,0,-9.656926,0.10419463366270065,0.9857142567634583,0.8474603295326233
YCR075C,YDR217C,0,-9.657896,0.10417715460062027,0.9857142567634583,0.8476190567016602
YPR020W,YMR204C,0,-9.658323,0.10415967553853989,0.9857142567634583,0.847777783870697
YBR131W,YNL188W,0,-9.658472,0.1041422113776207,0.9857142567634583,0.8479365110397339
YJR022W,YOR224C,0,-9.659173,0.10412474721670151,0.9857142567634583,0.8480952382087708
YGR200C,YBR179C,0,-9.659603,0.10410729050636292,0.9857142567634583,0.8482539653778076
YNL268W,YPL093W,0,-9.661212,0.10408984124660492,0.9857142567634583,0.8484126925468445
YCL008C,YLR045C,0,-9.661327,0.10407239943742752,0.9857142567634583,0.8485714197158813
YKL084W,YGR055W,0,-9.662213,0.10405495762825012,0.9857142567634583,0.8487301468849182
YPL100W,YKR079C,0,-9.6626,0.10403753072023392,0.9857142567634583,0.8488888740539551
YHR160C,YAL005C,0,-9.663079,0.10402010381221771,0.9857142567634583,0.8490476012229919
YLR377C,YMR179W,0,-9.663156,0.10400267690420151,0.9857142567634583,0.8492063283920288
YBR055C,YPL063W,0,-9.663323,0.1039852648973465,0.9857142567634583,0.8493650555610657
YNR013C,YDL212W,0,-9.663685,0.10396785289049149,0.9857142567634583,0.8495237827301025
YDR512C,YJR118C,0,-9.664132,0.10395044833421707,0.9857142567634583,0.8496825098991394
YDL207W,YOR159C,0,-9.664775,0.10393305122852325,0.9857142567634583,0.849841296672821
YGR145W,YFL024C,0,-9.665809,0.10391566157341003,0.9857142567634583,0.8500000238418579
YDR487C,YGR111W,0,-9.665814,0.10389827936887741,0.9857142567634583,0.8501587510108948
YMR239C,YLR126C,0,-9.6668415,0.10388089716434479,0.9857142567634583,0.8503174781799316
YJL060W,YNL333W,0,-9.66814,0.10386352241039276,0.9857142567634583,0.8504762053489685
YNR030W,YPL175W,0,-9.671004,0.10384615510702133,0.9857142567634583,0.8506349325180054
YOR368W,YGR162W,0,-9.673001,0.1038287878036499,0.9857142567634583,0.8507936596870422
YEL003W,YGL025C,0,-9.674984,0.10381143540143967,0.9857142567634583,0.8509523868560791
YBR089C-A,YGR213C,0,-9.677047,0.10379408299922943,0.9857142567634583,0.851111114025116
YPR049C,YKR024C,0,-9.677115,0.10377673804759979,0.9857142567634583,0.8512698411941528
YCR060W,YJR009C,0,-9.677413,0.10375940054655075,0.9857142567634583,0.8514285683631897
YDR323C,YNL113W,0,-9.678898,0.10374206304550171,0.9857142567634583,0.8515872955322266
YDR098C-B,YDR261C-D,0,-9.678962,0.10372474044561386,0.9857142567634583,0.8517460227012634
YML077W,YDR055W,0,-9.679658,0.10370741784572601,0.9857142567634583,0.8519047498703003
YPL046C,YFR030W,0,-9.6799555,0.10369009524583817,0.9857142567634583,0.8520634770393372
YGR103W,YBR186W,0,-9.680478,0.10367278754711151,0.9857142567634583,0.852222204208374
YDR420W,YER138C,0,-9.683351,0.10365547984838486,0.9857142567634583,0.8523809313774109
YNL218W,YDR279W,0,-9.684625,0.1036381870508194,0.9857142567634583,0.8525396585464478
YOR150W,YIL105C,0,-9.686304,0.10362089425325394,0.9857142567634583,0.8526983857154846
YER052C,YDR328C,0,-9.688304,0.10360360145568848,0.9857142567634583,0.8528571724891663
YGR239C,YDR077W,0,-9.688533,0.10358632355928421,0.9857142567634583,0.8530158996582031
YML123C,YDL195W,0,-9.68925,0.10356904566287994,0.9857142567634583,0.85317462682724
YPR037C,YBR084W,0,-9.689946,0.10355177521705627,0.9857142567634583,0.8533333539962769
YOR168W,YOL033W,0,-9.690055,0.1035345122218132,0.9857142567634583,0.8534920811653137
YJL183W,YMR087W,0,-9.690185,0.10351724922657013,0.9857142567634583,0.8536508083343506
YKR076W,YER154W,0,-9.691342,0.10350000113248825,0.9857142567634583,0.8538095355033875
YLR074C,YJL056C,0,-9.691768,0.10348275303840637,0.9857142567634583,0.8539682626724243
YBR073W,YKL148C,0,-9.691953,0.10346551239490509,0.9857142567634583,0.8541269898414612
YDL227C,YBR175W,0,-9.694289,0.1034482792019844,0.9857142567634583,0.854285717010498
YBR084W,YDL036C,0,-9.698293,0.10343104600906372,0.9857142567634583,0.8544444441795349
YJL011C,YMR104C,0,-9.69984,0.10341382026672363,0.9857142567634583,0.8546031713485718
YAL038W,YNL280C,0,-9.700194,0.10339660197496414,0.9857142567634583,0.8547618985176086
YLR275W,YPL138C,0,-9.700231,0.10337939113378525,0.9857142567634583,0.8549206256866455
YLL050C,YJL145W,0,-9.700727,0.10336218029260635,0.9857142567634583,0.8550793528556824
YJL010C,YPL239W,0,-9.703972,0.10334498435258865,0.9857142567634583,0.8552380800247192
YLL061W,YOR149C,0,-9.705282,0.10332778841257095,0.9857142567634583,0.8553968071937561
YHR059W,YPL020C,0,-9.705937,0.10331059992313385,0.9857142567634583,0.855555534362793
YKL192C,YMR305C,0,-9.706578,0.10329341143369675,0.9857142567634583,0.8557142615318298
YBR039W,YDR252W,0,-9.706956,0.10327623784542084,0.9857142567634583,0.8558729887008667
YDL227C,YNL029C,0,-9.709823,0.10325906425714493,0.9857142567634583,0.8560317754745483
YDR252W,YNL225C,0,-9.713845,0.10324189811944962,0.9857142567634583,0.8561905026435852
YKL208W,YMR270C,0,-9.714316,0.1032247319817543,0.9857142567634583,0.8563492298126221
YBR002C,YDL098C,0,-9.714459,0.10320758074522018,0.9857142567634583,0.8565079569816589
YIR004W,YPL151C,0,-9.715362,0.10319042950868607,0.9857142567634583,0.8566666841506958
YIL098C,YAL032C,0,-9.715691,0.10317328572273254,0.9857142567634583,0.8568254113197327
YGR140W,YER146W,0,-9.716878,0.10315614938735962,0.9857142567634583,0.8569841384887695
YGL247W,YOR308C,0,-9.71777,0.1031390130519867,0.9857142567634583,0.8571428656578064
YDL149W,YBR117C,0,-9.719651,0.10312188416719437,0.9857142567634583,0.8573015928268433
YPL255W,YPL135W,0,-9.720646,0.10310476273298264,0.9857142567634583,0.8574603199958801
YDR503C,YKL166C,0,-9.724555,0.1030876487493515,0.9857142567634583,0.857619047164917
YJL110C,YDR429C,0,-9.726198,0.10307054221630096,0.9857142567634583,0.8577777743339539
YGR188C,YNL216W,0,-9.726541,0.10305343568325043,0.9857142567634583,0.8579365015029907
YLR259C,YLR048W,0,-9.727802,0.10303633660078049,0.9857142567634583,0.8580952286720276
YGR177C,YOR209C,0,-9.729438,0.10301924496889114,0.9857142567634583,0.8582539558410645
YGR216C,YNL186W,0,-9.73002,0.1030021533370018,0.9857142567634583,0.8584126830101013
YER168C,YOR294W,0,-9.730042,0.10298507660627365,0.9857142567634583,0.8585714101791382
YNL173C,YHR197W,0,-9.730637,0.1029679998755455,0.9857142567634583,0.858730137348175
YER103W,YIL138C,0,-9.732507,0.10295093059539795,0.9857142567634583,0.8588888645172119
YBR042C,YOR232W,0,-9.733016,0.1029338613152504,0.9857142567634583,0.8590475916862488
YLR074C,YGL025C,0,-9.734767,0.10291680693626404,0.9857142567634583,0.8592063784599304
YJR145C,YOR068C,0,-9.735016,0.10289975255727768,0.9857142567634583,0.8593651056289673
YPR144C,YDR251W,0,-9.740365,0.10288270562887192,0.9857142567634583,0.8595238327980042
YDL197C,YDL153C,0,-9.742131,0.10286565870046616,0.9857142567634583,0.859682559967041
YGL021W,YMR128W,0,-9.74274,0.10284862667322159,0.9857142567634583,0.8598412871360779
YDR361C,YNL131W,0,-9.742934,0.10283159464597702,0.9857142567634583,0.8600000143051147
YOL086C,YBR089C-A,0,-9.745139,0.10281457006931305,0.9857142567634583,0.8601587414741516
YFR030W,YOR206W,0,-9.746139,0.10279755294322968,0.9857142567634583,0.8603174686431885
YPR100W,YDL140C,0,-9.746643,0.1027805358171463,0.9857142567634583,0.8604761958122253
YLL022C,YGL008C,0,-9.746818,0.10276352614164352,0.9857142567634583,0.8606349229812622
YOL082W,YGR083C,0,-9.747416,0.10274652391672134,0.9857142567634583,0.8607936501502991
YCR057C,YKR089C,0,-9.748504,0.10272952914237976,0.9857142567634583,0.8609523773193359
YML062C,YPR041W,0,-9.748704,0.10271253436803818,0.9857142567634583,0.8611111044883728
YKL021C,YNL173C,0,-9.749027,0.10269555449485779,0.9857142567634583,0.8612698316574097
YJL178C,YOR145C,0,-9.750131,0.1026785746216774,0.9857142567634583,0.8614285588264465
YBR023C,YDL112W,0,-9.750248,0.10266159474849701,0.9857142567634583,0.8615872859954834
YBR154C,YCL069W,0,-9.750386,0.10264462977647781,0.9857142567634583,0.8617460131645203
YLR229C,YNL119W,1,-9.7521105,0.10279292613267899,0.9873015880584717,0.8617460131645203
YHR166C,YGR090W,0,-9.752194,0.102775938808918,0.9873015880584717,0.8619047403335571
YLR098C,YDL060W,0,-9.752202,0.10275895893573761,0.9873015880584717,0.862063467502594
YKL144C,YPR189W,0,-9.752257,0.10274198651313782,0.9873015880584717,0.8622221946716309
YOR079C,YGL153W,0,-9.754952,0.10272502154111862,0.9873015880584717,0.8623809814453125
YMR065W,YER103W,0,-9.755339,0.10270805656909943,0.9873015880584717,0.8625397086143494
YCL025C,YCR098C,0,-9.757581,0.10269109904766083,0.9873015880584717,0.8626984357833862
YGR083C,YOR237W,0,-9.757969,0.10267414897680283,0.9873015880584717,0.8628571629524231
YJL071W,YOR085W,0,-9.760875,0.10265720635652542,0.9873015880584717,0.86301589012146
YNL323W,YCR092C,0,-9.762509,0.10264026373624802,0.9873015880584717,0.8631746172904968
YFL029C,YJR063W,0,-9.762684,0.10262332856655121,0.9873015880584717,0.8633333444595337
YNL111C,YHR031C,0,-9.76443,0.102606400847435,0.9873015880584717,0.8634920716285706
YMR277W,YLR026C,0,-9.764661,0.10258948057889938,0.9873015880584717,0.8636507987976074
YDR511W,YGR060W,0,-9.766133,0.10257256031036377,0.9873015880584717,0.8638095259666443
YDL198C,YLR384C,0,-9.767774,0.10255564749240875,0.9873015880584717,0.8639682531356812
YMR299C,YGR280C,0,-9.769628,0.10253874212503433,0.9873015880584717,0.864126980304718
YLL050C,YCL059C,0,-9.774325,0.10252183675765991,0.9873015880584717,0.8642857074737549
YGL119W,YFR053C,0,-9.776374,0.10250494629144669,0.9873015880584717,0.8644444346427917
YGL017W,YDR346C,0,-9.777254,0.10248805582523346,0.9873015880584717,0.8646031618118286
YLR139C,YKL099C,0,-9.777793,0.10247117280960083,0.9873015880584717,0.8647618889808655
YMR268C,YPL144W,0,-9.777955,0.1024542897939682,0.9873015880584717,0.8649206161499023
YPR019W,YNL068C,0,-9.780542,0.10243741422891617,0.9873015880584717,0.8650793433189392
YOR330C,YJL168C,0,-9.781886,0.10242055356502533,0.9873015880584717,0.8652380704879761
YBR070C,YOL012C,0,-9.782687,0.1024036854505539,0.9873015880584717,0.8653967976570129
YDR113C,YKR079C,0,-9.783105,0.10238683223724365,0.9873015880584717,0.8655555844306946
YNR054C,YDL223C,0,-9.783219,0.10236997902393341,0.9873015880584717,0.8657143115997314
YOL086C,YDR140W,0,-9.784526,0.10235313326120377,0.9873015880584717,0.8658730387687683
YDL014W,YEL051W,0,-9.78457,0.10233629494905472,0.9873015880584717,0.8660317659378052
YMR135C,YJL109C,0,-9.784768,0.10231946408748627,0.9873015880584717,0.866190493106842
YDR362C,YAR009C,0,-9.786818,0.10230263322591782,0.9873015880584717,0.8663492202758789
YKR009C,YKL068W,0,-9.787086,0.10228580981492996,0.9873015880584717,0.8665079474449158
YDL004W,YIL018W,0,-9.789171,0.1022689938545227,0.9873015880584717,0.8666666746139526
YCL059C,YER123W,0,-9.78939,0.10225217789411545,0.9873015880584717,0.8668254017829895
YOL065C,YKL014C,0,-9.791141,0.10223536938428879,0.9873015880584717,0.8669841289520264
YLR295C,YJR035W,0,-9.791511,0.10221856832504272,0.9873015880584717,0.8671428561210632
YDR328C,YPL239W,0,-9.795474,0.10220177471637726,0.9873015880584717,0.8673015832901001
YIL079C,YDR529C,0,-9.796115,0.10218498110771179,0.9873015880584717,0.867460310459137
YDL198C,YOL005C,0,-9.799815,0.10216820240020752,0.9873015880584717,0.8676190376281738
YPR031W,YML073C,0,-9.800346,0.10215142369270325,0.9873015880584717,0.8677777647972107
YMR014W,YJR086W,0,-9.801505,0.10213464498519897,0.9873015880584717,0.8679364919662476
YMR192W,YMR045C,0,-9.8034935,0.1021178811788559,0.9873015880584717,0.8680952191352844
YLR160C,YJL073W,0,-9.803727,0.10210111737251282,0.9873015880584717,0.8682539463043213
YCL031C,YKL028W,0,-9.805232,0.10208436101675034,0.9873015880584717,0.8684126734733582
YGR289C,YKL144C,0,-9.807848,0.10206760466098785,0.9873015880584717,0.868571400642395
YKL008C,YNL036W,0,-9.809777,0.10205086320638657,0.9873015880584717,0.8687301874160767
YKR086W,YOR295W,0,-9.81095,0.10203412175178528,0.9873015880584717,0.8688889145851135
YJR001W,YGR258C,0,-9.812515,0.10201738774776459,0.9873015880584717,0.8690476417541504
YER088C,YGL008C,0,-9.816401,0.1020006537437439,0.9873015880584717,0.8692063689231873
YNL119W,YOR212W,1,-9.816562,0.1021478921175003,0.9888888597488403,0.8692063689231873
YDR021W,YPR072W,0,-9.817294,0.10213115066289902,0.9888888597488403,0.8693650960922241
YMR032W,YML107C,0,-9.81812,0.10211440920829773,0.9888888597488403,0.869523823261261
YGR177C,YNL163C,0,-9.818219,0.10209767520427704,0.9888888597488403,0.8696825504302979
YBR145W,YBL106C,0,-9.818362,0.10208094120025635,0.9888888597488403,0.8698412775993347
YJL058C,YKL075C,0,-9.818675,0.10206422209739685,0.9888888597488403,0.8700000047683716
YLR025W,YNR046W,0,-9.81878,0.10204750299453735,0.9888888597488403,0.8701587319374084
YML074C,YIL053W,0,-9.820933,0.10203079134225845,0.9888888597488403,0.8703174591064453
YNR016C,YDL112W,0,-9.822449,0.10201407968997955,0.9888888597488403,0.8704761862754822
YDL208W,YJR059W,0,-9.823492,0.10199738293886185,0.9888888597488403,0.870634913444519
YGL175C,YJL080C,0,-9.824845,0.10198068618774414,0.9888888597488403,0.8707936406135559
YBR002C,YCL031C,0,-9.825692,0.10196399688720703,0.9888888597488403,0.8709523677825928
YML019W,YHL009C,0,-9.830661,0.10194730758666992,0.9888888597488403,0.8711110949516296
YOR078W,YHR108W,0,-9.831149,0.10193062573671341,0.9888888597488403,0.8712698221206665
YOR078W,YCR038C,0,-9.832707,0.1019139513373375,0.9888888597488403,0.8714285492897034
YMR116C,YCR084C,1,-9.83732,0.10206084698438644,0.9904761910438538,0.8714285492897034
YJL115W,YLR014C,0,-9.842864,0.10204415023326874,0.9904761910438538,0.8715872764587402
YIL110W,YBR114W,0,-9.843949,0.10202746838331223,0.9904761910438538,0.8717460036277771
YBR169C,YER049W,0,-9.846948,0.10201078653335571,0.9904761910438538,0.8719047904014587
YOR089C,YNL313C,0,-9.847199,0.1019941121339798,0.9904761910438538,0.8720635175704956
YGL037C,YML073C,0,-9.848609,0.10197744518518448,0.9904761910438538,0.8722222447395325
YKL189W,YOL144W,0,-9.848952,0.10196078568696976,0.9904761910438538,0.8723809719085693
YHR086W,YDL148C,0,-9.850766,0.10194412618875504,0.9904761910438538,0.8725396990776062
YGR191W,YOR298C-A,0,-9.85368,0.10192747414112091,0.9904761910438538,0.8726984262466431
YGL097W,YMR093W,0,-9.854934,0.10191082954406738,0.9904761910438538,0.8728571534156799
YGR280C,YPR181C,0,-9.8556185,0.10189418494701385,0.9904761910438538,0.8730158805847168
YKL008C,YML045W,0,-9.859426,0.10187754780054092,0.9904761910438538,0.8731746077537537
YKL144C,YIL061C,0,-9.859857,0.10186091810464859,0.9904761910438538,0.8733333349227905
YHR170W,YGR221C,0,-9.8606615,0.10184429585933685,0.9904761910438538,0.8734920620918274
YIL053W,YNL202W,0,-9.861021,0.10182767361402512,0.9904761910438538,0.8736507892608643
YGR140W,YDL178W,0,-9.861057,0.10181105881929398,0.9904761910438538,0.8738095164299011
YDR487C,YCR060W,0,-9.862046,0.10179445147514343,0.9904761910438538,0.873968243598938
YGR177C,YNL085W,0,-9.863147,0.10177785158157349,0.9904761910438538,0.8741269707679749
YPR001W,YDR036C,0,-9.863396,0.10176125168800354,0.9904761910438538,0.8742856979370117
YIR021W,YGR179C,0,-9.865588,0.10174465924501419,0.9904761910438538,0.8744444251060486
YGR165W,YLR020C,0,-9.869074,0.10172807425260544,0.9904761910438538,0.8746031522750854
YPR018W,YOR083W,0,-9.869075,0.10171148926019669,0.9904761910438538,0.8747618794441223
YLR183C,YOR069W,0,-9.870502,0.10169491171836853,0.9904761910438538,0.8749206066131592
YBR172C,YDR086C,0,-9.874177,0.10167834162712097,0.9904761910438538,0.8750793933868408
YKR026C,YPL218W,0,-9.875659,0.10166177898645401,0.9904761910438538,0.8752381205558777
YPL097W,YNL078W,0,-9.876251,0.10164521634578705,0.9904761910438538,0.8753968477249146
YKL049C,YBR258C,0,-9.879567,0.10162866115570068,0.9904761910438538,0.8755555748939514
YNL074C,YGR245C,0,-9.880917,0.10161211341619492,0.9904761910438538,0.8757143020629883
YNL029C,YLR197W,0,-9.881433,0.10159557312726974,0.9904761910438538,0.8758730292320251
YOR078W,YDL006W,0,-9.882177,0.10157903283834457,0.9904761910438538,0.876031756401062
YLR316C,YBR118W,0,-9.883365,0.1015625,0.9904761910438538,0.8761904835700989
YDR101C,YLR266C,0,-9.884263,0.10154597461223602,0.9904761910438538,0.8763492107391357
YLR157C,YKR081C,0,-9.884467,0.10152944922447205,0.9904761910438538,0.8765079379081726
YCL039W,YPL040C,0,-9.886443,0.10151293128728867,0.9904761910438538,0.8766666650772095
YGL201C,YPL082C,0,-9.887082,0.10149642080068588,0.9904761910438538,0.8768253922462463
YOL001W,YKR057W,0,-9.888698,0.1014799177646637,0.9904761910438538,0.8769841194152832
YDR101C,YOR005C,0,-9.893168,0.10146341472864151,0.9904761910438538,0.8771428465843201
YCR028C-A,YDL098C,0,-9.8947,0.10144691914319992,0.9904761910438538,0.8773015737533569
YOR362C,YGR214W,0,-9.899156,0.10143043100833893,0.9904761910438538,0.8774603009223938
YLR078C,YGR134W,0,-9.899714,0.10141394287347794,0.9904761910438538,0.8776190280914307
YGR108W,YDR297W,0,-9.901563,0.10139746218919754,0.9904761910438538,0.8777777552604675
YPR110C,YDL201W,0,-9.901873,0.10138098895549774,0.9904761910438538,0.8779364824295044
YDR515W,YGL097W,0,-9.902397,0.10136452317237854,0.9904761910438538,0.8780952095985413
YER036C,YCR020C-A,0,-9.906061,0.10134805738925934,0.9904761910438538,0.8782539963722229
YLR354C,YDR472W,0,-9.9066305,0.10133159905672073,0.9904761910438538,0.8784127235412598
YIL066C,YPR187W,0,-9.907027,0.10131514817476273,0.9904761910438538,0.8785714507102966
YHL019C,YKL016C,0,-9.910237,0.10129870474338531,0.9904761910438538,0.8787301778793335
YPR100W,YOL038W,0,-9.921151,0.1012822613120079,0.9904761910438538,0.8788889050483704
YGR220C,YGR048W,0,-9.9213915,0.10126582533121109,0.9904761910438538,0.8790476322174072
YML081C-A,YJL011C,0,-9.922113,0.10124938935041428,0.9904761910438538,0.8792063593864441
YMR033W,YDR178W,0,-9.923147,0.10123296827077866,0.9904761910438538,0.879365086555481
YPR122W,YMR093W,0,-9.926949,0.10121654719114304,0.9904761910438538,0.8795238137245178
YKR036C,YPL154C,0,-9.928384,0.10120012611150742,0.9904761910438538,0.8796825408935547
YDL004W,YCL031C,0,-9.92847,0.10118371993303299,0.9904761910438538,0.8798412680625916
YOL101C,YNL202W,0,-9.928732,0.10116731375455856,0.9904761910438538,0.8799999952316284
YMR305C,YML105C,0,-9.929833,0.10115091502666473,0.9904761910438538,0.8801587224006653
YNL248C,YIL173W,0,-9.935042,0.1011345237493515,0.9904761910438538,0.8803174495697021
YNL225C,YLL035W,0,-9.935624,0.10111813247203827,0.9904761910438538,0.880476176738739
YDR072C,YDR398W,0,-9.93662,0.10110174864530563,0.9904761910438538,0.8806349039077759
YLL015W,YDR418W,0,-9.938111,0.1010853722691536,0.9904761910438538,0.8807936310768127
YHR091C,YBR154C,0,-9.93813,0.10106899589300156,0.9904761910438538,0.8809523582458496
YHR023W,YEL020W-A,0,-9.939714,0.10105263441801071,0.9904761910438538,0.8811110854148865
YKL053C-A,YKL173W,0,-9.944861,0.10103627294301987,0.9904761910438538,0.8812698125839233
YKL001C,YJL204C,0,-9.946007,0.10101991146802902,0.9904761910438538,0.881428599357605
YDR009W,YPL240C,0,-9.946206,0.10100355744361877,0.9904761910438538,0.8815873265266418
YGR103W,YJL203W,0,-9.94634,0.10098721832036972,0.9904761910438538,0.8817460536956787
YPL149W,YBR039W,0,-9.947355,0.10097087174654007,0.9904761910438538,0.8819047808647156
YGL238W,YKR059W,0,-9.951904,0.10095454007387161,0.9904761910438538,0.8820635080337524
YPL051W,YNL244C,0,-9.952526,0.10093820840120316,0.9904761910438538,0.8822222352027893
YIL117C,YGR214W,0,-9.961242,0.1009218841791153,0.9904761910438538,0.8823809623718262
YOR120W,YNL073W,0,-9.96732,0.10090555995702744,0.9904761910438538,0.882539689540863
YDR013W,YER029C,0,-9.967412,0.10088925063610077,0.9904761910438538,0.8826984167098999
YMR011W,YDL138W,0,-9.967466,0.1008729413151741,0.9904761910438538,0.8828571438789368
YGR284C,YMR250W,0,-9.969297,0.10085663199424744,0.9904761910438538,0.8830158710479736
YER183C,YCR057C,0,-9.970055,0.10084033757448196,0.9904761910438538,0.8831745982170105
YMR250W,YMR133W,0,-9.970715,0.10082404315471649,0.9904761910438538,0.8833333253860474
YEL009C,YJL069C,0,-9.971061,0.10080775618553162,0.9904761910438538,0.8834920525550842
YBR162C,YML014W,0,-9.971787,0.10079146921634674,0.9904761910438538,0.8836507797241211
YJL060W,YCR020W-B,0,-9.971936,0.10077519714832306,0.9904761910438538,0.883809506893158
YFL021W,YKL099C,0,-9.97241,0.10075892508029938,0.9904761910438538,0.8839682340621948
YJL191W,YML114C,0,-9.972663,0.1007426530122757,0.9904761910438538,0.8841269612312317
YDR198C,YJL098W,0,-9.973104,0.10072639584541321,0.9904761910438538,0.8842856884002686
YNL274C,YOL123W,0,-9.974134,0.10071013867855072,0.9904761910438538,0.8844444155693054
YNR074C,YPL019C,0,-9.975127,0.10069388151168823,0.9904761910438538,0.8846032023429871
YIL002C,YKR057W,0,-9.976157,0.10067763924598694,0.9904761910438538,0.8847619295120239
YPL194W,YDR045C,0,-9.976741,0.10066139698028564,0.9904761910438538,0.8849206566810608
YOR120W,YLR438C-A,0,-9.977472,0.10064516216516495,0.9904761910438538,0.8850793838500977
YGR220C,YOL121C,0,-9.979188,0.10062892735004425,0.9904761910438538,0.8852381110191345
YML073C,YNL287W,0,-9.979336,0.10061270743608475,0.9904761910438538,0.8853968381881714
YKL148C,YML109W,0,-9.980327,0.10059648752212524,0.9904761910438538,0.8855555653572083
YBR070C,YGL008C,0,-9.980894,0.10058026760816574,0.9904761910438538,0.8857142925262451
YJL010C,YPL206C,0,-9.981513,0.10056406259536743,0.9904761910438538,0.885873019695282
YLR276C,YDL128W,0,-9.9841795,0.10054785758256912,0.9904761910438538,0.8860317468643188
YCR071C,YEL020W-A,0,-9.988726,0.10053166002035141,0.9904761910438538,0.8861904740333557
YMR008C,YDR334W,0,-9.993829,0.1005154624581337,0.9904761910438538,0.8863492012023926
YNR002C,YGL055W,0,-9.994584,0.10049927234649658,0.9904761910438538,0.8865079283714294
YJR105W,YDR180W,0,-9.999333,0.10048308968544006,0.9904761910438538,0.8866666555404663
YOL147C,YBR154C,0,-10.000951,0.10046691447496414,0.9904761910438538,0.8868253827095032
YLL008W,YOR261C,0,-10.00135,0.10045073926448822,0.9904761910438538,0.88698410987854
YPR164W,YPL146C,0,-10.001559,0.1004345715045929,0.9904761910438538,0.8871428370475769
YJR043C,YIL139C,0,-10.002189,0.10041841119527817,0.9904761910438538,0.8873015642166138
YHR148W,YOR288C,0,-10.00335,0.10040225088596344,0.9904761910438538,0.8874602913856506
YOR078W,YPR190C,0,-10.005825,0.10038609802722931,0.9904761910438538,0.8876190185546875
YOL165C,YJL109C,0,-10.0061655,0.10036995261907578,0.9904761910438538,0.8877778053283691
YMR014W,YER040W,0,-10.006331,0.10035381466150284,0.9904761910438538,0.887936532497406
YIL044C,YFR053C,0,-10.0100155,0.1003376767039299,0.9904761910438538,0.8880952596664429
YJR022W,YGR162W,0,-10.010201,0.10032154619693756,0.9904761910438538,0.8882539868354797
YOR136W,YKL145W,0,-10.012841,0.10030541568994522,0.9904761910438538,0.8884127140045166
YJL072C,YIR026C,0,-10.013843,0.10028929263353348,0.9904761910438538,0.8885714411735535
YMR106C,YLR467W,0,-10.01447,0.10027317702770233,0.9904761910438538,0.8887301683425903
YDR236C,YDR138W,0,-10.018844,0.10025706887245178,0.9904761910438538,0.8888888955116272
YGL027C,YDR281C,0,-10.019442,0.10024096071720123,0.9904761910438538,0.8890476226806641
YIL114C,YGL030W,0,-10.020251,0.10022486001253128,0.9904761910438538,0.8892063498497009
YER073W,YPL117C,0,-10.020581,0.10020876675844193,0.9904761910438538,0.8893650770187378
YOR260W,YML073C,0,-10.020918,0.10019268095493317,0.9904761910438538,0.8895238041877747
YNL068C,YKL053C-A,0,-10.022616,0.10017659515142441,0.9904761910438538,0.8896825313568115
YJL125C,YPL094C,0,-10.022853,0.10016051679849625,0.9904761910438538,0.8898412585258484
YHR120W,YDR004W,0,-10.024802,0.10014443844556808,0.9904761910438538,0.8899999856948853
YLR051C,YLR346C,0,-10.026053,0.10012836754322052,0.9904761910438538,0.8901587128639221
YMR049C,YBR273C,0,-10.027945,0.10011230409145355,0.9904761910438538,0.890317440032959
YGL135W,YNL334C,0,-10.02926,0.10009624809026718,0.9904761910438538,0.8904761672019958
YBR256C,YKR060W,0,-10.029752,0.10008019208908081,0.9904761910438538,0.8906348943710327
YLR340W,YMR079W,0,-10.030549,0.10006414353847504,0.9904761910438538,0.8907936215400696
YLR167W,YGR296W,0,-10.033345,0.10004810243844986,0.9904761910438538,0.8909524083137512
YNL111C,YLR384C,0,-10.034778,0.10003206133842468,0.9904761910438538,0.8911111354827881
YGL070C,YKL173W,0,-10.037773,0.1000160276889801,0.9904761910438538,0.891269862651825
YHR091C,YHR170W,0,-10.04277,0.10000000149011612,0.9904761910438538,0.8914285898208618
YNL130C,YDR221W,0,-10.044999,0.09998397529125214,0.9904761910438538,0.8915873169898987
YFL014W,YPL140C,0,-10.046986,0.09996795654296875,0.9904761910438538,0.8917460441589355
YOL071W,YDL060W,0,-10.050078,0.09995194524526596,0.9904761910438538,0.8919047713279724
YIL118W,YBR171W,0,-10.050601,0.09993594139814377,0.9904761910438538,0.8920634984970093
YDL005C,YBL064C,0,-10.050738,0.09991993755102158,0.9904761910438538,0.8922222256660461
YJR143C,YGR128C,0,-10.053525,0.09990394115447998,0.9904761910438538,0.892380952835083
YKR039W,YDR404C,0,-10.056174,0.09988794475793839,0.9904761910438538,0.8925396800041199
YDL181W,YGL094C,0,-10.0625105,0.09987195581197739,0.9904761910438538,0.8926984071731567
YNL288W,YBR154C,0,-10.063365,0.09985597431659698,0.9904761910438538,0.8928571343421936
YMR060C,YHR172W,0,-10.063996,0.09984000027179718,0.9904761910438538,0.8930158615112305
YMR172W,YDL201W,0,-10.066796,0.09982402622699738,0.9904761910438538,0.8931745886802673
YLR210W,YDR339C,0,-10.066907,0.09980805963277817,0.9904761910438538,0.8933333158493042
YNL225C,YGR258C,0,-10.070881,0.09979210048913956,0.9904761910438538,0.8934920430183411
YOR224C,YML098W,0,-10.073267,0.09977614134550095,0.9904761910438538,0.8936507701873779
YMR246W,YDR297W,0,-10.075108,0.09976018965244293,0.9904761910438538,0.8938094973564148
YDR478W,YPR016C,0,-10.075166,0.09974424540996552,0.9904761910438538,0.8939682245254517
YDR437W,YJL109C,0,-10.0758505,0.0997283011674881,0.9904761910438538,0.8941270112991333
YDL137W,YML078W,0,-10.07797,0.09971237182617188,0.9904761910438538,0.8942857384681702
YHR089C,YDL188C,0,-10.08298,0.09969643503427505,0.9904761910438538,0.894444465637207
YNL106C,YDR398W,0,-10.085384,0.09968051314353943,0.9904761910438538,0.8946031928062439
YLR100W,YHR041C,0,-10.085464,0.0996645912528038,0.9904761910438538,0.8947619199752808
YFR047C,YHR196W,0,-10.086042,0.09964867681264877,0.9904761910438538,0.8949206471443176
YDR309C,YBL004W,0,-10.091741,0.09963276237249374,0.9904761910438538,0.8950793743133545
YKL014C,YKR014C,0,-10.092429,0.09961685538291931,0.9904761910438538,0.8952381014823914
YCR084C,YIL008W,1,-10.093813,0.09976057708263397,0.9920634627342224,0.8952381014823914
YHR143W,YER031C,0,-10.09402,0.09974465519189835,0.9920634627342224,0.8953968286514282
YOR237W,YDR382W,0,-10.094509,0.09972874075174332,0.9920634627342224,0.8955555558204651
YKL205W,YOL038W,0,-10.096082,0.09971282631158829,0.9920634627342224,0.895714282989502
YPL155C,YKL205W,0,-10.09621,0.09969691932201385,0.9920634627342224,0.8958730101585388
YPR020W,YOR297C,0,-10.108142,0.09968101978302002,0.9920634627342224,0.8960317373275757
YJL005W,YNL248C,0,-10.109721,0.09966512769460678,0.9920634627342224,0.8961904644966125
YBL002W,YGL236C,0,-10.109833,0.09964923560619354,0.9920634627342224,0.8963491916656494
YNR002C,YER120W,0,-10.11003,0.0996333509683609,0.9920634627342224,0.8965079188346863
YGR230W,YDL042C,0,-10.110204,0.09961746633052826,0.9920634627342224,0.8966666460037231
YLR080W,YPR046W,0,-10.110558,0.09960159659385681,0.9920634627342224,0.89682537317276
YGR159C,YCL032W,0,-10.11131,0.09958572685718536,0.9920634627342224,0.8969841003417969
YGR014W,YKL099C,0,-10.112327,0.09956985712051392,0.9920634627342224,0.8971428275108337
YEL042W,YHL003C,0,-10.114327,0.09955399483442307,0.9920634627342224,0.8973016142845154
YGR081C,YLR234W,0,-10.115456,0.09953813999891281,0.9920634627342224,0.8974603414535522
YGR262C,YPL097W,0,-10.11711,0.09952229261398315,0.9920634627342224,0.8976190686225891
YMR164C,YBR296C,0,-10.119288,0.0995064452290535,0.9920634627342224,0.897777795791626
YKR056W,YMR218C,0,-10.119412,0.09949060529470444,0.9920634627342224,0.8979365229606628
YNL274C,YBR092C,0,-10.120578,0.09947477281093597,0.9920634627342224,0.8980952501296997
YHR169W,YGR284C,0,-10.131007,0.09945894032716751,0.9920634627342224,0.8982539772987366
YLR382C,YBL004W,0,-10.132939,0.09944311529397964,0.9920634627342224,0.8984127044677734
YKL113C,YLR372W,0,-10.133281,0.09942729771137238,0.9920634627342224,0.8985714316368103
YDR140W,YDR469W,0,-10.138364,0.0994114875793457,0.9920634627342224,0.8987301588058472
YHR041C,YDL112W,0,-10.1388,0.09939567744731903,0.9920634627342224,0.898888885974884
YPL208W,YGR082W,0,-10.139478,0.09937986731529236,0.9920634627342224,0.8990476131439209
YLR285W,YLR277C,0,-10.140693,0.09936407208442688,0.9920634627342224,0.8992063403129578
YDL039C,YLR316C,0,-10.144237,0.0993482768535614,0.9920634627342224,0.8993650674819946
YNL173C,YML104C,0,-10.145252,0.09933248907327652,0.9920634627342224,0.8995237946510315
YAL059W,YBR057C,0,-10.145643,0.09931670129299164,0.9920634627342224,0.8996825218200684
YKL186C,YBL052C,0,-10.146085,0.09930092096328735,0.9920634627342224,0.8998412489891052
YAL003W,YBR055C,0,-10.149848,0.09928514808416367,0.9920634627342224,0.8999999761581421
YIL131C,YLR221C,0,-10.152352,0.09926937520503998,0.9920634627342224,0.900158703327179
YLR163C,YJL025W,0,-10.154025,0.09925360977649689,0.9920634627342224,0.9003174901008606
YKR024C,YDR036C,0,-10.154541,0.0992378517985344,0.9920634627342224,0.9004762172698975
YAL058W,YGR118W,0,-10.156358,0.0992221012711525,0.9920634627342224,0.9006349444389343
YOR078W,YNL133C,0,-10.156441,0.0992063507437706,0.9920634627342224,0.9007936716079712
YHR170W,YDR213W,0,-10.157805,0.0991906076669693,0.9920634627342224,0.9009523987770081
YNL147W,YIL053W,0,-10.157817,0.099174864590168,0.9920634627342224,0.9011111259460449
YML102W,YDR052C,0,-10.158756,0.0991591289639473,0.9920634627342224,0.9012698531150818
YNL333W,YHR099W,0,-10.160752,0.09914340078830719,0.9920634627342224,0.9014285802841187
YMR035W,YJL080C,0,-10.163973,0.09912768006324768,0.9920634627342224,0.9015873074531555
YCL025C,YGR248W,0,-10.164164,0.09911195933818817,0.9920634627342224,0.9017460346221924
YOR079C,YMR290C,0,-10.164762,0.09909623861312866,0.9920634627342224,0.9019047617912292
YLR195C,YDR489W,0,-10.166652,0.09908053278923035,0.9920634627342224,0.9020634889602661
YPR029C,YKL009W,0,-10.1685095,0.09906482696533203,0.9920634627342224,0.902222216129303
YGR221C,YNL339C,0,-10.171037,0.09904912859201431,0.9920634627342224,0.9023809432983398
YPR105C,YEL024W,0,-10.173923,0.0990334302186966,0.9920634627342224,0.9025396704673767
YKL053C-A,YER068W,0,-10.17946,0.09901774674654007,0.9920634627342224,0.9026983976364136
YFL023W,YHR178W,0,-10.179801,0.09900205582380295,0.9920634627342224,0.9028571248054504
YFR033C,YKR057W,0,-10.180849,0.09898637980222702,0.9920634627342224,0.9030158519744873
YDL105W,YGL205W,0,-10.1834,0.09897070378065109,0.9920634627342224,0.9031745791435242
YDL208W,YOR119C,0,-10.1837,0.09895503520965576,0.9920634627342224,0.903333306312561
YFL057C,YKL141W,0,-10.185941,0.09893936663866043,0.9920634627342224,0.9034920930862427
YLR401C,YMR283C,0,-10.188714,0.0989237129688263,0.9920634627342224,0.9036508202552795
YAL020C,YPR046W,0,-10.189087,0.09890805184841156,0.9920634627342224,0.9038095474243164
YPL146C,YGL014W,0,-10.189837,0.09889240562915802,0.9920634627342224,0.9039682745933533
YBR188C,YBR267W,0,-10.192106,0.09887675940990448,0.9920634627342224,0.9041270017623901
YOR182C,YOL125W,0,-10.193233,0.09886112064123154,0.9920634627342224,0.904285728931427
YJR057W,YDL117W,0,-10.193347,0.0988454818725586,0.9920634627342224,0.9044444561004639
YGR048W,YPL239W,0,-10.193474,0.09882985800504684,0.9920634627342224,0.9046031832695007
YDR251W,YOL124C,0,-10.194003,0.0988142266869545,0.9920634627342224,0.9047619104385376
YGL120C,YJL087C,0,-10.194505,0.09879861027002335,0.9920634627342224,0.9049206376075745
YCR092C,YJR042W,0,-10.1968565,0.0987829938530922,0.9920634627342224,0.9050793647766113
YLR401C,YDR457W,0,-10.2009,0.09876738488674164,0.9920634627342224,0.9052380919456482
YNL280C,YMR011W,0,-10.2042885,0.09875177592039108,0.9920634627342224,0.9053968191146851
YML080W,YML085C,0,-10.206311,0.09873617440462112,0.9920634627342224,0.9055555462837219
YMR042W,YGR085C,0,-10.206975,0.09872058033943176,0.9920634627342224,0.9057142734527588
YOR329C,YGR128C,0,-10.208465,0.098704993724823,0.9920634627342224,0.9058730006217957
YFR001W,YGR132C,0,-10.208529,0.09868940711021423,0.9920634627342224,0.9060317277908325
YCL059C,YJR086W,0,-10.2106085,0.09867382049560547,0.9920634627342224,0.9061904549598694
YGR129W,YGL255W,0,-10.213965,0.0986582487821579,0.9920634627342224,0.9063491821289062
YLR157C,YBR185C,0,-10.219159,0.09864267706871033,0.9920634627342224,0.9065079092979431
YDR216W,YAL025C,0,-10.219174,0.09862711280584335,0.9920634627342224,0.9066666960716248
YHR120W,YDL236W,0,-10.219333,0.09861154854297638,0.9920634627342224,0.9068254232406616
YNL188W,YNL102W,0,-10.2244425,0.09859599173069,0.9920634627342224,0.9069841504096985
YOR145C,YPR095C,0,-10.224996,0.09858044236898422,0.9920634627342224,0.9071428775787354
YML080W,YCL032W,0,-10.228167,0.09856489300727844,0.9920634627342224,0.9073016047477722
YDR512C,YBR296C,0,-10.228477,0.09854935109615326,0.9920634627342224,0.9074603319168091
YOL012C,YPL144W,0,-10.228554,0.09853381663560867,0.9920634627342224,0.907619059085846
YPL040C,YER146W,0,-10.228577,0.09851828217506409,0.9920634627342224,0.9077777862548828
YOR026W,YGR183C,0,-10.229243,0.0985027551651001,0.9920634627342224,0.9079365134239197
YMR303C,YCR086W,0,-10.234589,0.0984872356057167,0.9920634627342224,0.9080952405929565
YAL054C,YBL097W,0,-10.235435,0.09847171604633331,0.9920634627342224,0.9082539677619934
YJR121W,YKL193C,0,-10.235856,0.09845620393753052,0.9920634627342224,0.9084126949310303
YDR376W,YPR100W,0,-10.237136,0.09844069927930832,0.9920634627342224,0.9085714221000671
YOR173W,YDR091C,0,-10.237586,0.09842519462108612,0.9920634627342224,0.908730149269104
YPR144C,YNL131W,0,-10.239145,0.09840969741344452,0.9920634627342224,0.9088888764381409
YAL029C,YHR070W,0,-10.239678,0.09839420765638351,0.9920634627342224,0.9090476036071777
YAL029C,YMR229C,0,-10.240741,0.09837871789932251,0.9920634627342224,0.9092063307762146
YJL122W,YPR178W,0,-10.243087,0.0983632355928421,0.9920634627342224,0.9093650579452515
YBL102W,YPR041W,0,-10.244294,0.09834776073694229,0.9920634627342224,0.9095237851142883
YLR242C,YDL003W,0,-10.245315,0.09833228588104248,0.9920634627342224,0.9096825122833252
YIL079C,YKL186C,0,-10.245634,0.09831681847572327,0.9920634627342224,0.9098412990570068
YKR072C,YPR016C,0,-10.248628,0.09830135107040405,0.9920634627342224,0.9100000262260437
YJR135C,YBR061C,0,-10.251693,0.09828589111566544,0.9920634627342224,0.9101587533950806
YFR033C,YMR095C,0,-10.252786,0.09827043861150742,0.9920634627342224,0.9103174805641174
YDR188W,YBL018C,0,-10.25807,0.09825499355792999,0.9920634627342224,0.9104762077331543
YLR377C,YPR046W,0,-10.261113,0.09823954850435257,0.9920634627342224,0.9106349349021912
YEL061C,YJL011C,0,-10.263407,0.09822411090135574,0.9920634627342224,0.910793662071228
YDR323C,YLR221C,0,-10.2634325,0.09820867329835892,0.9920634627342224,0.9109523892402649
YGL183C,YKR057W,0,-10.264429,0.09819324314594269,0.9920634627342224,0.9111111164093018
YGR220C,YLR376C,0,-10.265946,0.09817782044410706,0.9920634627342224,0.9112698435783386
YPL118W,YIR026C,0,-10.266904,0.09816239774227142,0.9920634627342224,0.9114285707473755
YOR142W,YBR060C,0,-10.26739,0.09814698249101639,0.9920634627342224,0.9115872979164124
YLR015W,YKL148C,0,-10.271466,0.09813157469034195,0.9920634627342224,0.9117460250854492
YKL004W,YER127W,0,-10.273636,0.09811616688966751,0.9920634627342224,0.9119047522544861
YCR010C,YLR002C,0,-10.275463,0.09810076653957367,0.9920634627342224,0.912063479423523
YLR007W,YDR395W,0,-10.276177,0.09808537364006042,0.9920634627342224,0.9122222065925598
YJL198W,YDR013W,0,-10.276498,0.09806998074054718,0.9920634627342224,0.9123809337615967
YOR100C,YPR133W-A,0,-10.277011,0.09805459529161453,0.9920634627342224,0.9125396609306335
YPR081C,YOR341W,0,-10.279201,0.09803921729326248,0.9920634627342224,0.9126983880996704
YLR223C,YOR213C,0,-10.28036,0.09802383929491043,0.9920634627342224,0.9128571152687073
YIL140W,YDL105W,0,-10.280417,0.09800846874713898,0.9920634627342224,0.9130159020423889
YJL122W,YMR287C,0,-10.281172,0.09799309819936752,0.9920634627342224,0.9131746292114258
YMR212C,YMR202W,0,-10.281377,0.09797774255275726,0.9920634627342224,0.9133333563804626
YNL145W,YJR009C,0,-10.282469,0.0979623794555664,0.9920634627342224,0.9134920835494995
YER044C,YBR267W,0,-10.283013,0.09794703125953674,0.9920634627342224,0.9136508107185364
YMR312W,YBL004W,0,-10.283069,0.09793168306350708,0.9920634627342224,0.9138095378875732
YGR028W,YKR046C,0,-10.286518,0.09791634231805801,0.9920634627342224,0.9139682650566101
YML113W,YER149C,0,-10.286688,0.09790100157260895,0.9920634627342224,0.914126992225647
YDR118W,YFR030W,0,-10.289287,0.09788566827774048,0.9920634627342224,0.9142857193946838
YCL032W,YJL069C,0,-10.290138,0.0978703424334526,0.9920634627342224,0.9144444465637207
YJL111W,YHR094C,0,-10.294667,0.09785501658916473,0.9920634627342224,0.9146031737327576
YNL008C,YDL111C,0,-10.29491,0.09783969819545746,0.9920634627342224,0.9147619009017944
YML012W,YGL097W,0,-10.297414,0.09782438725233078,0.9920634627342224,0.9149206280708313
YHR196W,YGR251W,0,-10.2976465,0.0978090763092041,0.9920634627342224,0.9150793552398682
YJR135C,YML019W,0,-10.298179,0.09779377281665802,0.9920634627342224,0.915238082408905
YLR074C,YDR424C,0,-10.300843,0.09777847677469254,0.9920634627342224,0.9153968095779419
YLR106C,YGR183C,0,-10.306121,0.09776318073272705,0.9920634627342224,0.9155555367469788
YDL013W,YDR165W,0,-10.30976,0.09774789214134216,0.9920634627342224,0.9157142639160156
YPL147W,YDR059C,0,-10.317458,0.09773260354995728,0.9920634627342224,0.9158729910850525
YML102W,YJL025W,0,-10.320384,0.09771732240915298,0.9920634627342224,0.9160317182540894
YGR083C,YDL098C,0,-10.324323,0.09770204871892929,0.9920634627342224,0.916190505027771
YJL191W,YER148W,0,-10.326377,0.0976867750287056,0.9920634627342224,0.9163492321968079
YJR064W,YLR223C,0,-10.326663,0.0976715087890625,0.9920634627342224,0.9165079593658447
YPL075W,YMR046C,0,-10.327578,0.09765625,0.9920634627342224,0.9166666865348816
YMR285C,YHR041C,0,-10.330229,0.0976409912109375,0.9920634627342224,0.9168254137039185
YAL058W,YNL299W,0,-10.331407,0.0976257398724556,0.9920634627342224,0.9169841408729553
YLR007W,YGR162W,0,-10.334077,0.09761049598455429,0.9920634627342224,0.9171428680419922
YDR168W,YER110C,0,-10.334766,0.09759525209665298,0.9920634627342224,0.917301595211029
YGR230W,YPL231W,0,-10.336316,0.09758001565933228,0.9920634627342224,0.9174603223800659
YJL209W,YGR251W,0,-10.339181,0.09756478667259216,0.9920634627342224,0.9176190495491028
YDL003W,YMR243C,0,-10.339499,0.09754955768585205,0.9920634627342224,0.9177777767181396
YPL093W,YNL231C,0,-10.340459,0.09753432869911194,0.9920634627342224,0.9179365038871765
YLR197W,YGR020C,0,-10.344752,0.09751911461353302,0.9920634627342224,0.9180952310562134
YGL014W,YCR042C,0,-10.354047,0.0975039005279541,0.9920634627342224,0.9182539582252502
YNL288W,YGR081C,0,-10.354405,0.09748869389295578,0.9920634627342224,0.9184126853942871
YJL106W,YPL146C,0,-10.355454,0.09747348725795746,0.9920634627342224,0.918571412563324
YDL055C,YOR216C,0,-10.357074,0.09745828807353973,0.9920634627342224,0.9187301397323608
YNL021W,YLR145W,0,-10.357299,0.0974430963397026,0.9920634627342224,0.9188888669013977
YNL256W,YKL026C,0,-10.358455,0.09742790460586548,0.9920634627342224,0.9190475940704346
YPR110C,YMR260C,0,-10.366225,0.09741272032260895,0.9920634627342224,0.9192063212394714
YJL081C,YGR103W,0,-10.366555,0.09739753603935242,0.9920634627342224,0.9193651080131531
YEL029C,YGR077C,0,-10.368583,0.09738235920667648,0.9920634627342224,0.9195238351821899
YIR013C,YCL069W,0,-10.371894,0.09736718982458115,0.9920634627342224,0.9196825623512268
YLR051C,YDL092W,0,-10.375562,0.0973520278930664,0.9920634627342224,0.9198412895202637
YMR080C,YGR118W,0,-10.376263,0.09733686596155167,0.9920634627342224,0.9200000166893005
YKR097W,YGR123C,0,-10.377713,0.09732170403003693,0.9920634627342224,0.9201587438583374
YKL192C,YDL022W,0,-10.377869,0.09730655699968338,0.9920634627342224,0.9203174710273743
YLR157C,YDL223C,0,-10.38518,0.09729140996932983,0.9920634627342224,0.9204761981964111
YGR252W,YJR145C,0,-10.385926,0.09727626293897629,0.9920634627342224,0.920634925365448
YJR035W,YML093W,0,-10.386994,0.09726112335920334,0.9920634627342224,0.9207936525344849
YER112W,YML024W,0,-10.388565,0.09724599123001099,0.9920634627342224,0.9209523797035217
YPL240C,YNL147W,0,-10.3887205,0.09723086655139923,0.9920634627342224,0.9211111068725586
YPR128C,YLR401C,0,-10.391396,0.09721574187278748,0.9920634627342224,0.9212698340415955
YDR190C,YBL050W,0,-10.396583,0.09720062464475632,0.9920634627342224,0.9214285612106323
YOR274W,YJL072C,0,-10.397723,0.09718550741672516,0.9920634627342224,0.9215872883796692
YHR059W,YCR066W,0,-10.398638,0.0971703976392746,0.9920634627342224,0.921746015548706
YLL009C,YDL194W,0,-10.403186,0.09715529531240463,0.9920634627342224,0.9219047427177429
YDR397C,YPR018W,0,-10.403546,0.09714019298553467,0.9920634627342224,0.9220634698867798
YHR197W,YBR223C,0,-10.405589,0.0971250981092453,0.9920634627342224,0.9222221970558167
YDL102W,YIL155C,0,-10.406992,0.09711000323295593,0.9920634627342224,0.9223809242248535
YHR119W,YMR093W,0,-10.412013,0.09709492325782776,0.9920634627342224,0.9225397109985352
YLL015W,YOR294W,0,-10.412019,0.09707983583211899,0.9920634627342224,0.922698438167572
YEL024W,YIL066C,0,-10.413562,0.09706476330757141,0.9920634627342224,0.9228571653366089
YOL086C,YDL039C,0,-10.419705,0.09704969078302383,0.9920634627342224,0.9230158925056458
YPL240C,YLR107W,0,-10.422681,0.09703461825847626,0.9920634627342224,0.9231746196746826
YDR091C,YDR346C,0,-10.424707,0.09701956063508987,0.9920634627342224,0.9233333468437195
YOR046C,YOL039W,0,-10.424815,0.09700450301170349,0.9920634627342224,0.9234920740127563
YDR279W,YJR141W,0,-10.425395,0.09698944538831711,0.9920634627342224,0.9236508011817932
YPL241C,YGR183C,0,-10.425923,0.09697439521551132,0.9920634627342224,0.9238095283508301
YKL203C,YML093W,0,-10.428719,0.09695935249328613,0.9920634627342224,0.9239682555198669
YLR405W,YEL050C,0,-10.432925,0.09694431722164154,0.9920634627342224,0.9241269826889038
YCL040W,YBL064C,0,-10.432985,0.09692928194999695,0.9920634627342224,0.9242857098579407
YMR129W,YLL036C,0,-10.435084,0.09691424667835236,0.9920634627342224,0.9244444370269775
YOR150W,YOR145C,0,-10.441775,0.09689922630786896,0.9920634627342224,0.9246031641960144
YOL124C,YGR251W,0,-10.442924,0.09688420593738556,0.9920634627342224,0.9247618913650513
YGL169W,YMR104C,0,-10.4444895,0.09686918556690216,0.9920634627342224,0.9249206185340881
YGL167C,YNL113W,0,-10.444662,0.09685417264699936,0.9920634627342224,0.925079345703125
YPL271W,YGL097W,0,-10.445899,0.09683916717767715,0.9920634627342224,0.9252380728721619
YJL219W,YJR097W,0,-10.447772,0.09682416915893555,0.9920634627342224,0.9253968000411987
YAL034W-A,YER049W,0,-10.4494295,0.09680917114019394,0.9920634627342224,0.9255555272102356
YIL049W,YOL010W,0,-10.451466,0.09679418057203293,0.9920634627342224,0.9257143139839172
YKL043W,YJR145C,0,-10.463834,0.09677919000387192,0.9920634627342224,0.9258730411529541
YDL223C,YPL010W,0,-10.4664755,0.0967642068862915,0.9920634627342224,0.926031768321991
YGL065C,YOL021C,0,-10.46672,0.09674922376871109,0.9920634627342224,0.9261904954910278
YJL219W,YDR165W,0,-10.467496,0.09673424810171127,0.9920634627342224,0.9263492226600647
YCR020C-A,YGR245C,0,-10.467608,0.09671927988529205,0.9920634627342224,0.9265079498291016
YMR212C,YML128C,0,-10.468276,0.09670431911945343,0.9920634627342224,0.9266666769981384
YEL069C,YDL083C,0,-10.469678,0.09668935835361481,0.9920634627342224,0.9268254041671753
YLR157C,YBR290W,0,-10.472508,0.09667439758777618,0.9920634627342224,0.9269841313362122
YDR201W,YBL039C,0,-10.475797,0.09665945172309875,0.9920634627342224,0.927142858505249
YIL110W,YJR073C,0,-10.475963,0.09664450585842133,0.9920634627342224,0.9273015856742859
YGR123C,YCL063W,0,-10.476252,0.0966295599937439,0.9920634627342224,0.9274603128433228
YKL144C,YDL098C,0,-10.476434,0.09661462157964706,0.9920634627342224,0.9276190400123596
YML006C,YLR321C,0,-10.479821,0.09659969061613083,0.9920634627342224,0.9277777671813965
YOR095C,YNL025C,0,-10.482082,0.0965847596526146,0.9920634627342224,0.9279364943504333
YDL208W,YER160C,0,-10.482541,0.09656983613967896,0.9920634627342224,0.9280952215194702
YOR028C,YJR063W,0,-10.484007,0.09655492007732391,0.9920634627342224,0.9282539486885071
YBL063W,YDR060W,0,-10.485509,0.09654000401496887,0.9920634627342224,0.928412675857544
YPL271W,YIL155C,0,-10.486666,0.09652509540319443,0.9920634627342224,0.9285714030265808
YER110C,YER049W,0,-10.489594,0.09651019424200058,0.9920634627342224,0.9287301301956177
YDR140W,YHR070W,0,-10.494689,0.09649529308080673,0.9920634627342224,0.9288889169692993
YKR009C,YDR211W,0,-10.500206,0.09648039191961288,0.9920634627342224,0.9290476441383362
YEL026W,YOR068C,0,-10.501639,0.09646550565958023,0.9920634627342224,0.929206371307373
YAR009C,YPR137C-B,0,-10.504665,0.09645061939954758,0.9920634627342224,0.9293650984764099
YGR191W,YPL235W,0,-10.509461,0.09643573313951492,0.9920634627342224,0.9295238256454468
YOR119C,YLR448W,0,-10.512681,0.09642085433006287,0.9920634627342224,0.9296825528144836
YDR414C,YLR056W,0,-10.523009,0.0964059829711914,0.9920634627342224,0.9298412799835205
YGR145W,YMR065W,0,-10.524208,0.09639111906290054,0.9920634627342224,0.9300000071525574
YNR056C,YGR030C,0,-10.525071,0.09637625515460968,0.9920634627342224,0.9301587343215942
YGL192W,YER126C,0,-10.534567,0.09636139124631882,0.9920634627342224,0.9303174614906311
YHR066W,YJL087C,0,-10.535825,0.09634654223918915,0.9920634627342224,0.930476188659668
YLL022C,YDR146C,0,-10.537987,0.09633168578147888,0.9920634627342224,0.9306349158287048
YMR255W,YNL110C,0,-10.540608,0.09631684422492981,0.9920634627342224,0.9307936429977417
YHR089C,YDR404C,0,-10.545397,0.09630200266838074,0.9920634627342224,0.9309523701667786
YKL205W,YDR346C,0,-10.547186,0.09628716856241226,0.9920634627342224,0.9311110973358154
YDR279W,YGL135W,0,-10.548138,0.09627233445644379,0.9920634627342224,0.9312698245048523
YJL050W,YLR136C,0,-10.549056,0.09625750780105591,0.9920634627342224,0.9314285516738892
YPR193C,YGL115W,0,-10.550325,0.09624268859624863,0.9920634627342224,0.931587278842926
YJR040W,YOL097C,0,-10.554662,0.09622786939144135,0.9920634627342224,0.9317460060119629
YAL054C,YGR156W,0,-10.555621,0.09621305763721466,0.9920634627342224,0.9319047331809998
YPL237W,YMR104C,0,-10.565023,0.09619824588298798,0.9920634627342224,0.9320635199546814
YOR085W,YLR221C,0,-10.57108,0.09618344157934189,0.9920634627342224,0.9322222471237183
YPL266W,YMR218C,0,-10.576905,0.0961686447262764,0.9920634627342224,0.9323809742927551
YNL002C,YDL170W,0,-10.57879,0.09615384787321091,0.9920634627342224,0.932539701461792
YER062C,YKR085C,0,-10.580266,0.09613905847072601,0.9920634627342224,0.9326984286308289
YPR113W,YGR169C,0,-10.582244,0.09612426906824112,0.9920634627342224,0.9328571557998657
YPL082C,YJL104W,0,-10.582295,0.09610948711633682,0.9920634627342224,0.9330158829689026
YOL139C,YML046W,0,-10.58646,0.09609471261501312,0.9920634627342224,0.9331746101379395
YKL009W,YKL006C-A,0,-10.587058,0.09607993811368942,0.9920634627342224,0.9333333373069763
YMR011W,YLR212C,0,-10.590796,0.09606517106294632,0.9920634627342224,0.9334920644760132
YGR120C,YGL213C,0,-10.59115,0.09605040401220322,0.9920634627342224,0.93365079164505
YIL132C,YDR398W,0,-10.591446,0.09603565186262131,0.9920634627342224,0.9338095188140869
YKL018W,YDR146C,0,-10.59505,0.0960208922624588,0.9920634627342224,0.9339682459831238
YML057W,YOR206W,0,-10.5964775,0.09600614756345749,0.9920634627342224,0.9341269731521606
YOR095C,YCR052W,0,-10.59928,0.09599140286445618,0.9920634627342224,0.9342857003211975
YMR083W,YHR120W,0,-10.599611,0.09597665816545486,0.9920634627342224,0.9344444274902344
YPL255W,YJL033W,0,-10.604115,0.09596192091703415,0.9920634627342224,0.9346031546592712
YBL002W,YBR142W,0,-10.604916,0.09594719111919403,0.9920634627342224,0.9347618818283081
YMR229C,YML045W,0,-10.605262,0.09593246132135391,0.9920634627342224,0.934920608997345
YMR229C,YDR240C,0,-10.606421,0.09591773897409439,0.9920634627342224,0.9350793361663818
YHL047C,YDR513W,0,-10.615891,0.09590302407741547,0.9920634627342224,0.9352381229400635
YDR190C,YKL080W,0,-10.616782,0.09588830918073654,0.9920634627342224,0.9353968501091003
YOR145C,YPL129W,0,-10.618883,0.09587360173463821,0.9920634627342224,0.9355555772781372
YCR020C-A,YMR260C,0,-10.625127,0.09585889428853989,0.9920634627342224,0.9357143044471741
YML014W,YML001W,0,-10.626296,0.09584419429302216,0.9920634627342224,0.9358730316162109
YPL040C,YLR048W,0,-10.626788,0.09582950174808502,0.9920634627342224,0.9360317587852478
YPL262W,YOR206W,0,-10.629546,0.09581480920314789,0.9920634627342224,0.9361904859542847
YJL073W,YDR527W,0,-10.635074,0.09580012410879135,0.9920634627342224,0.9363492131233215
YMR112C,YPL019C,0,-10.636872,0.09578543901443481,0.9920634627342224,0.9365079402923584
YJR042W,YHR203C,0,-10.639441,0.09577076137065887,0.9920634627342224,0.9366666674613953
YBR267W,YLR277C,0,-10.651123,0.09575609117746353,0.9920634627342224,0.9368253946304321
YIL110W,YMR006C,0,-10.651887,0.09574142098426819,0.9920634627342224,0.936984121799469
YML104C,YGR214W,0,-10.657149,0.09572675824165344,0.9920634627342224,0.9371428489685059
YMR014W,YPL154C,0,-10.657395,0.0957120954990387,0.9920634627342224,0.9373015761375427
YLR074C,YPR154W,0,-10.658242,0.09569744020700455,0.9920634627342224,0.9374603033065796
YDR325W,YBR183W,0,-10.659719,0.095682792365551,0.9920634627342224,0.9376190304756165
YLR175W,YLR298C,0,-10.662219,0.09566814452409744,0.9920634627342224,0.9377777576446533
YOR237W,YPL131W,0,-10.666131,0.09565350413322449,0.9920634627342224,0.9379364848136902
YPR171W,YGL061C,0,-10.668025,0.09563887119293213,0.9920634627342224,0.938095211982727
YPL093W,YGL055W,0,-10.668302,0.09562423825263977,0.9920634627342224,0.9382539391517639
YDR499W,YDL213C,0,-10.679219,0.09560960531234741,0.9920634627342224,0.9384127259254456
YOR005C,YKL172W,0,-10.679798,0.09559497982263565,0.9920634627342224,0.9385714530944824
YOL123W,YDR120C,0,-10.679959,0.09558036178350449,0.9920634627342224,0.9387301802635193
YNL163C,YOR294W,0,-10.68159,0.09556575119495392,0.9920634627342224,0.9388889074325562
YCL038C,YPR112C,0,-10.683305,0.09555114060640335,0.9920634627342224,0.939047634601593
YPL040C,YPL146C,0,-10.683619,0.09553653001785278,0.9920634627342224,0.9392063617706299
YGL120C,YGR211W,0,-10.6886015,0.09552193433046341,0.9920634627342224,0.9393650889396667
YGR095C,YDR180W,0,-10.6891775,0.09550733864307404,0.9920634627342224,0.9395238161087036
YJL024C,YGR264C,0,-10.691818,0.09549274295568466,0.9920634627342224,0.9396825432777405
YJL033W,YOR269W,0,-10.696246,0.09547815471887589,0.9920634627342224,0.9398412704467773
YFR053C,YDL090C,0,-10.697523,0.0954635739326477,0.9920634627342224,0.9399999976158142
YCR073C,YEL051W,0,-10.704474,0.09544899314641953,0.9920634627342224,0.9401587247848511
YDR140W,YOR294W,0,-10.710542,0.09543441981077194,0.9920634627342224,0.9403174519538879
YIL132C,YGL153W,0,-10.713037,0.09541984647512436,0.9920634627342224,0.9404761791229248
YFR001W,YML049C,0,-10.720969,0.09540528059005737,0.9920634627342224,0.9406349062919617
YKL189W,YDL060W,0,-10.723216,0.09539072215557098,0.9920634627342224,0.9407936334609985
YNL153C,YLR197W,0,-10.724914,0.0953761637210846,0.9920634627342224,0.9409523606300354
YLR069C,YGR152C,0,-10.727921,0.0953616127371788,0.9920634627342224,0.9411110877990723
YNR054C,YHR005C-A,0,-10.728702,0.09534706175327301,0.9920634627342224,0.9412698149681091
YER001W,YOL146W,0,-10.7292595,0.09533251821994781,0.9920634627342224,0.941428542137146
YGL030W,YOR001W,0,-10.731748,0.09531798213720322,0.9920634627342224,0.9415873289108276
YAL054C,YLR081W,0,-10.739646,0.09530344605445862,0.9920634627342224,0.9417460560798645
YIL022W,YER049W,0,-10.740103,0.09528891742229462,0.9920634627342224,0.9419047832489014
YER021W,YCR072C,0,-10.740497,0.09527438879013062,0.9920634627342224,0.9420635104179382
YNL111C,YCL066W,0,-10.740621,0.09525986760854721,0.9920634627342224,0.9422222375869751
YLR295C,YEL065W,0,-10.742105,0.0952453538775444,0.9920634627342224,0.942380964756012
YDL178W,YJL109C,0,-10.743508,0.0952308401465416,0.9920634627342224,0.9425396919250488
YJR029W,YPR137C-B,0,-10.744882,0.09521633386611938,0.9920634627342224,0.9426984190940857
YOL077C,YDL140C,0,-10.745421,0.09520182758569717,0.9920634627342224,0.9428571462631226
YIL079C,YPL125W,0,-10.7514305,0.09518732875585556,0.9920634627342224,0.9430158734321594
YML078W,YEL003W,0,-10.755544,0.09517283737659454,0.9920634627342224,0.9431746006011963
YLR276C,YNL145W,0,-10.759308,0.09515834599733353,0.9920634627342224,0.9433333277702332
YDL181W,YOL125W,0,-10.767434,0.09514385461807251,0.9920634627342224,0.94349205493927
YCR002C,YCR072C,0,-10.772395,0.09512937813997269,0.9920634627342224,0.9436507821083069
YKR081C,YOR353C,0,-10.776285,0.09511490166187286,0.9920634627342224,0.9438095092773438
YPR132W,YER049W,0,-10.776707,0.09510042518377304,0.9920634627342224,0.9439682364463806
YBR247C,YGL135W,0,-10.777224,0.09508595615625381,0.9920634627342224,0.9441269636154175
YIL062C,YPL132W,0,-10.780387,0.09507149457931519,0.9920634627342224,0.9442856907844543
YDR060W,YDL052C,0,-10.784917,0.09505703300237656,0.9920634627342224,0.9444444179534912
YLR357W,YHR167W,0,-10.793435,0.09504257887601852,0.9920634627342224,0.9446031451225281
YHR059W,YGR030C,0,-10.800262,0.09502812474966049,0.9920634627342224,0.9447619318962097
YML080W,YOL071W,0,-10.803726,0.09501368552446365,0.9920634627342224,0.9449206590652466
YNR058W,YGR159C,0,-10.804624,0.09499923884868622,0.9920634627342224,0.9450793862342834
YPR167C,YMR104C,0,-10.817458,0.09498479962348938,0.9920634627342224,0.9452381134033203
YDL004W,YNL103W,0,-10.818633,0.09497036784887314,0.9920634627342224,0.9453968405723572
YOR150W,YNL110C,0,-10.823143,0.0949559435248375,0.9920634627342224,0.945555567741394
YCR072C,YFL037W,0,-10.834526,0.09494151920080185,0.9920634627342224,0.9457142949104309
YNR016C,YBR247C,0,-10.835261,0.0949270948767662,0.9920634627342224,0.9458730220794678
YOL009C,YOR095C,0,-10.839101,0.09491267800331116,0.9920634627342224,0.9460317492485046
YLR223C,YLR009W,0,-10.84033,0.0948982685804367,0.9920634627342224,0.9461904764175415
YBL099W,YKR056W,0,-10.843051,0.09488385915756226,0.9920634627342224,0.9463492035865784
YHR001W-A,YER031C,0,-10.844655,0.0948694571852684,0.9920634627342224,0.9465079307556152
YLR069C,YGL037C,0,-10.845796,0.09485506266355515,0.9920634627342224,0.9466666579246521
YDL208W,YKL057C,0,-10.846265,0.09484066814184189,0.9920634627342224,0.946825385093689
YOR173W,YPL153C,0,-10.85497,0.09482628107070923,0.9920634627342224,0.9469841122627258
YAL054C,YDL039C,0,-10.856448,0.09481189399957657,0.9920634627342224,0.9471428394317627
YKL009W,YDR255C,0,-10.858108,0.0947975143790245,0.9920634627342224,0.9473015666007996
YNL293W,YLR196W,0,-10.859595,0.09478313475847244,0.9920634627342224,0.9474602937698364
YKR055W,YLR009W,0,-10.863778,0.09476876258850098,0.9920634627342224,0.9476190209388733
YER036C,YHR197W,0,-10.864284,0.09475439786911011,0.9920634627342224,0.9477777481079102
YGR113W,YOR001W,0,-10.865491,0.09474003314971924,0.9920634627342224,0.9479365348815918
YOR361C,YML105C,0,-10.874088,0.09472567588090897,0.9920634627342224,0.9480952620506287
YLR056W,YDR238C,0,-10.879275,0.0947113186120987,0.9920634627342224,0.9482539892196655
YGR177C,YOR310C,0,-10.879321,0.09469696879386902,0.9920634627342224,0.9484127163887024
YOL077C,YGL168W,0,-10.880071,0.09468262642621994,0.9920634627342224,0.9485714435577393
YLR319C,YLL022C,0,-10.881942,0.09466828405857086,0.9920634627342224,0.9487301707267761
YDR263C,YDR087C,0,-10.8824005,0.09465394169092178,0.9920634627342224,0.948888897895813
YPL051W,YDR110W,0,-10.88617,0.0946396142244339,0.9920634627342224,0.9490476250648499
YFL036W,YNL333W,0,-10.891045,0.09462528675794601,0.9920634627342224,0.9492063522338867
YGR162W,YLR183C,0,-10.893277,0.09461095929145813,0.9920634627342224,0.9493650794029236
YJR131W,YEL054C,0,-10.899883,0.09459663927555084,0.9920634627342224,0.9495238065719604
YDL208W,YOL044W,0,-10.905086,0.09458232671022415,0.9920634627342224,0.9496825337409973
YMR202W,YAL029C,0,-10.908139,0.09456801414489746,0.9920634627342224,0.9498412609100342
YAL042W,YOL125W,0,-10.910409,0.09455370903015137,0.9920634627342224,0.949999988079071
YEL029C,YML012W,0,-10.91045,0.09453940391540527,0.9920634627342224,0.9501587152481079
YLL009C,YHR034C,0,-10.910602,0.09452510625123978,0.9920634627342224,0.9503174424171448
YDR464W,YKR060W,0,-10.912774,0.09451080858707428,0.9920634627342224,0.9504761695861816
YPL266W,YPR083W,0,-10.914723,0.09449652582406998,0.9920634627342224,0.9506348967552185
YIL079C,YKL002W,0,-10.915292,0.09448223561048508,0.9920634627342224,0.9507936239242554
YLR409C,YLR090W,0,-10.920045,0.09446795284748077,0.9920634627342224,0.950952410697937
YLR186W,YJL010C,0,-10.920259,0.09445367753505707,0.9920634627342224,0.9511111378669739
YNL061W,YFL060C,0,-10.925435,0.09443940967321396,0.9920634627342224,0.9512698650360107
YOR233W,YBR185C,0,-10.925505,0.09442514181137085,0.9920634627342224,0.9514285922050476
YER045C,YPL043W,0,-10.925924,0.09441087394952774,0.9920634627342224,0.9515873193740845
YDL102W,YHR096C,0,-10.9321575,0.09439661353826523,0.9920634627342224,0.9517460465431213
YGR078C,YPL235W,0,-10.936072,0.09438236057758331,0.9920634627342224,0.9519047737121582
YBR012W-B,YNL054W-B,0,-10.936194,0.0943681076169014,0.9920634627342224,0.9520635008811951
YML128C,YGR132C,0,-10.938839,0.09435386210680008,0.9920634627342224,0.9522222280502319
YJL122W,YNL117W,0,-10.940505,0.09433962404727936,0.9920634627342224,0.9523809552192688
YKL213C,YFR053C,0,-10.946744,0.09432538598775864,0.9920634627342224,0.9525396823883057
YLR175W,YKL213C,0,-10.957699,0.09431114792823792,0.9920634627342224,0.9526984095573425
YKR024C,YCL001W,0,-10.959911,0.09429692476987839,0.9920634627342224,0.9528571367263794
YJL190C,YOR089C,0,-10.962891,0.09428269416093826,0.9920634627342224,0.9530158638954163
YKL021C,YKR079C,0,-10.96322,0.09426847845315933,0.9920634627342224,0.9531745910644531
YBR055C,YML073C,0,-10.965133,0.0942542627453804,0.9920634627342224,0.95333331823349
YLR438C-A,YBR171W,0,-10.965594,0.09424004703760147,0.9920634627342224,0.9534920454025269
YMR112C,YLR409C,0,-10.966826,0.09422583878040314,0.9920634627342224,0.9536507725715637
YMR239C,YJR019C,0,-10.969584,0.0942116379737854,0.9920634627342224,0.9538094997406006
YML060W,YIR026C,0,-10.971666,0.09419743716716766,0.9920634627342224,0.9539682269096375
YER030W,YGR264C,0,-10.977817,0.09418324381113052,0.9920634627342224,0.9541270136833191
YNR027W,YMR093W,0,-10.978004,0.09416905045509338,0.9920634627342224,0.954285740852356
YMR015C,YNL291C,0,-10.981725,0.09415486454963684,0.9920634627342224,0.9544444680213928
YPL262W,YGL144C,0,-10.988782,0.0941406860947609,0.9920634627342224,0.9546031951904297
YGL030W,YGL255W,0,-10.99183,0.09412650763988495,0.9920634627342224,0.9547619223594666
YNL119W,YDL230W,1,-10.995998,0.09426291286945343,0.9936507940292358,0.9547619223594666
YKR027W,YMR143W,0,-10.998572,0.09424871951341629,0.9936507940292358,0.9549206495285034
YOR037W,YGR280C,0,-11.001441,0.09423453360795975,0.9936507940292358,0.9550793766975403
YPR193C,YEL050C,0,-11.002967,0.0942203477025032,0.9936507940292358,0.9552381038665771
YPR112C,YLR139C,0,-11.004063,0.09420616924762726,0.9936507940292358,0.955396831035614
YKL172W,YLR136C,0,-11.016792,0.09419199824333191,0.9936507940292358,0.9555555582046509
YJL099W,YMR093W,0,-11.018889,0.09417782723903656,0.9936507940292358,0.9557142853736877
YLR438C-A,YNL113W,0,-11.025346,0.09416365623474121,0.9936507940292358,0.9558730125427246
YLR226W,YPR112C,0,-11.025374,0.09414949268102646,0.9936507940292358,0.9560317397117615
YJR090C,YOR294W,0,-11.029596,0.0941353365778923,0.9936507940292358,0.9561904668807983
YBR167C,YML024W,0,-11.030173,0.09412118792533875,0.9936507940292358,0.9563491940498352
YPL265W,YLR221C,0,-11.043149,0.09410703182220459,0.9936507940292358,0.9565079212188721
YNL323W,YKL099C,0,-11.047322,0.09409289062023163,0.9936507940292358,0.9566666483879089
YMR303C,YPL128C,0,-11.053122,0.09407874941825867,0.9936507940292358,0.9568253755569458
YGR199W,YBR154C,0,-11.055705,0.0940646156668663,0.9936507940292358,0.9569841027259827
YPL240C,YKL086W,0,-11.058627,0.09405048191547394,0.9936507940292358,0.9571428298950195
YOR236W,YKL099C,0,-11.066035,0.09403635561466217,0.9936507940292358,0.9573016166687012
YML080W,YGL232W,0,-11.066241,0.0940222293138504,0.9936507940292358,0.957460343837738
YPR110C,YPL237W,0,-11.067279,0.09400811046361923,0.9936507940292358,0.9576190710067749
YNL002C,YML049C,0,-11.068765,0.09399399161338806,0.9936507940292358,0.9577777981758118
YPL271W,YJR145C,0,-11.074004,0.09397988021373749,0.9936507940292358,0.9579365253448486
YGL019W,YGR123C,0,-11.07499,0.09396577626466751,0.9936507940292358,0.9580952525138855
YNL218W,YLR009W,0,-11.075793,0.09395167231559753,0.9936507940292358,0.9582539796829224
YPR193C,YGR165W,0,-11.076855,0.09393757581710815,0.9936507940292358,0.9584127068519592
YNL119W,YIL008W,1,-11.085835,0.09407351911067963,0.9952380657196045,0.9584127068519592
YIL026C,YOR340C,0,-11.089908,0.09405940771102905,0.9952380657196045,0.9585714340209961
YML073C,YDR189W,0,-11.091134,0.09404529631137848,0.9952380657196045,0.958730161190033
YGL236C,YHR090C,0,-11.096021,0.0940311923623085,0.9952380657196045,0.9588888883590698
YNL119W,YCR084C,1,-11.106181,0.09416703879833221,0.9968253970146179,0.9588888883590698
YML077W,YPR190C,0,-11.107746,0.09415291994810104,0.9968253970146179,0.9590476155281067
YNL110C,YOR224C,0,-11.113813,0.09413880854845047,0.9968253970146179,0.9592063426971436
YER126C,YJR110W,0,-11.117553,0.0941246971487999,0.9968253970146179,0.9593650698661804
YIL142W,YJL069C,0,-11.12376,0.09411059319972992,0.9968253970146179,0.9595237970352173
YGL097W,YML109W,0,-11.129848,0.09409649670124054,0.9968253970146179,0.9596825242042542
YGR155W,YJR156C,0,-11.132125,0.09408240020275116,0.9968253970146179,0.959841251373291
YMR005W,YOL124C,0,-11.137732,0.09406830370426178,0.9968253970146179,0.9599999785423279
YML129C,YPL146C,0,-11.141899,0.094054214656353,0.9968253970146179,0.9601587057113647
YBR142W,YML011C,0,-11.144313,0.09404013305902481,0.9968253970146179,0.9603174328804016
YAL017W,YNL248C,0,-11.151998,0.09402605146169662,0.9968253970146179,0.9604762196540833
YOL082W,YDR120C,0,-11.154868,0.09401197731494904,0.9968253970146179,0.9606349468231201
YPL196W,YMR093W,0,-11.159305,0.09399790316820145,0.9968253970146179,0.960793673992157
YLR069C,YML120C,0,-11.161031,0.09398383647203445,0.9968253970146179,0.9609524011611938
YPL265W,YDL201W,0,-11.162578,0.09396977722644806,0.9968253970146179,0.9611111283302307
YMR319C,YOR130C,0,-11.163601,0.09395571798086166,0.9968253970146179,0.9612698554992676
YHR183W,YHR197W,0,-11.164098,0.09394165873527527,0.9968253970146179,0.9614285826683044
YHR129C,YDL153C,0,-11.166009,0.09392760694026947,0.9968253970146179,0.9615873098373413
YFR002W,YML024W,0,-11.17048,0.09391356259584427,0.9968253970146179,0.9617460370063782
YIR009W,YJL191W,0,-11.17185,0.09389951825141907,0.9968253970146179,0.961904764175415
YHR099W,YMR093W,0,-11.178,0.09388548135757446,0.9968253970146179,0.9620634913444519
YNL223W,YOR340C,0,-11.178491,0.09387145191431046,0.9968253970146179,0.9622222185134888
YOL021C,YLL036C,0,-11.183822,0.09385742247104645,0.9968253970146179,0.9623809456825256
YCR048W,YHR070W,0,-11.18451,0.09384339302778244,0.9968253970146179,0.9625396728515625
YGL068W,YMR260C,0,-11.18612,0.09382937103509903,0.9968253970146179,0.9626984000205994
YNL102W,YNL313C,0,-11.187773,0.09381535649299622,0.9968253970146179,0.9628571271896362
YPR190C,YBR254C,0,-11.191583,0.0938013419508934,0.9968253970146179,0.9630158543586731
YHR169W,YJR131W,0,-11.193905,0.09378733485937119,0.9968253970146179,0.96317458152771
YER006W,YDR297W,0,-11.19453,0.09377332776784897,0.9968253970146179,0.9633333086967468
YOR335C,YDL111C,0,-11.20124,0.09375932812690735,0.9968253970146179,0.9634920358657837
YKR038C,YNL313C,0,-11.204133,0.09374533593654633,0.9968253970146179,0.9636508226394653
YHR005C-A,YJL121C,0,-11.206909,0.0937313437461853,0.9968253970146179,0.9638095498085022
YHR096C,YDR198C,0,-11.214505,0.09371735900640488,0.9968253970146179,0.9639682769775391
YPL126W,YJL061W,0,-11.214599,0.09370337426662445,0.9968253970146179,0.9641270041465759
YIL128W,YJL198W,0,-11.222073,0.09368938952684402,0.9968253970146179,0.9642857313156128
YFR001W,YOL039W,0,-11.23239,0.09367541968822479,0.9968253970146179,0.9644444584846497
YBR290W,YMR093W,0,-11.23343,0.09366144984960556,0.9968253970146179,0.9646031856536865
YPL043W,YPL020C,0,-11.238107,0.09364748001098633,0.9968253970146179,0.9647619128227234
YMR096W,YML093W,0,-11.238458,0.09363351762294769,0.9968253970146179,0.9649206399917603
YJL209W,YDR165W,0,-11.248103,0.09361955523490906,0.9968253970146179,0.9650793671607971
YOR243C,YEL020W-A,0,-11.253401,0.09360560774803162,0.9968253970146179,0.965238094329834
YGR118W,YCR018C,0,-11.255137,0.09359165281057358,0.9968253970146179,0.9653968214988708
YIL121W,YJL109C,0,-11.258101,0.09357770532369614,0.9968253970146179,0.9655555486679077
YDR037W,YML120C,0,-11.259454,0.09356376528739929,0.9968253970146179,0.9657142758369446
YFL023W,YOR321W,0,-11.273152,0.09354982525110245,0.9968253970146179,0.9658730030059814
YNR054C,YFR005C,0,-11.27554,0.0935358926653862,0.9968253970146179,0.9660317301750183
YIL007C,YPL093W,0,-11.275677,0.09352196753025055,0.9968253970146179,0.9661904573440552
YKR024C,YKL150W,0,-11.276019,0.0935080423951149,0.9968253970146179,0.966349184513092
YDR527W,YDR201W,0,-11.277648,0.09349411725997925,0.9968253970146179,0.9665079116821289
YKL052C,YHR143W-A,0,-11.284362,0.0934801995754242,0.9968253970146179,0.9666666388511658
YJR042W,YKL120W,0,-11.285789,0.09346628934144974,0.9968253970146179,0.9668254256248474
YCR034W,YLR182W,0,-11.289559,0.09345237910747528,0.9968253970146179,0.9669841527938843
YER014C-A,YFL014W,0,-11.306977,0.09343847632408142,0.9968253970146179,0.9671428799629211
YAR015W,YLR405W,0,-11.308666,0.09342457354068756,0.9968253970146179,0.967301607131958
YKR076W,YPL146C,0,-11.311473,0.0934106782078743,0.9968253970146179,0.9674603343009949
YLR051C,YOR367W,0,-11.311693,0.09339679032564163,0.9968253970146179,0.9676190614700317
YMR128W,YHR154W,0,-11.3130045,0.09338290244340897,0.9968253970146179,0.9677777886390686
YDR436W,YJL190C,0,-11.3132105,0.0933690145611763,0.9968253970146179,0.9679365158081055
YML062C,YKL014C,0,-11.3218565,0.09335513412952423,0.9968253970146179,0.9680952429771423
YGL068W,YJL166W,0,-11.324517,0.09334126114845276,0.9968253970146179,0.9682539701461792
YPR185W,YLR002C,0,-11.3310795,0.09332738816738129,0.9968253970146179,0.9684126973152161
YML031W,YGR123C,0,-11.336342,0.09331352263689041,0.9968253970146179,0.9685714244842529
YOL023W,YNR046W,0,-11.340666,0.09329965710639954,0.9968253970146179,0.9687301516532898
YKR025W,YHR154W,0,-11.347143,0.09328579902648926,0.9968253970146179,0.9688888788223267
YHR096C,YER042W,0,-11.350355,0.09327194094657898,0.9968253970146179,0.9690476059913635
YLL031C,YOR145C,0,-11.352954,0.0932580903172493,0.9968253970146179,0.9692063331604004
YLL006W,YDR087C,0,-11.357723,0.09324424713850021,0.9968253970146179,0.9693650603294373
YBL069W,YNL256W,0,-11.363452,0.09323040395975113,0.9968253970146179,0.9695237874984741
YJR093C,YAL025C,0,-11.381129,0.09321656823158264,0.9968253970146179,0.969682514667511
YLR276C,YLR006C,0,-11.381885,0.09320273250341415,0.9968253970146179,0.9698412418365479
YDR331W,YHR196W,0,-11.383164,0.09318889677524567,0.9968253970146179,0.9700000286102295
YNR052C,YNL002C,0,-11.385293,0.09317507594823837,0.9968253970146179,0.9701587557792664
YBL040C,YKR081C,0,-11.388891,0.09316125512123108,0.9968253970146179,0.9703174829483032
YGR030C,YDL083C,0,-11.3917,0.09314743429422379,0.9968253970146179,0.9704762101173401
YML080W,YBR126C,0,-11.394433,0.09313362091779709,0.9968253970146179,0.970634937286377
YOR361C,YLL012W,0,-11.400842,0.09311980754137039,0.9968253970146179,0.9707936644554138
YLR342W,YML073C,0,-11.402152,0.09310600161552429,0.9968253970146179,0.9709523916244507
YML080W,YGL144C,0,-11.40235,0.09309220314025879,0.9968253970146179,0.9711111187934875
YPR176C,YNR043W,0,-11.41961,0.09307840466499329,0.9968253970146179,0.9712698459625244
YDR101C,YPL069C,0,-11.421357,0.09306461364030838,0.9968253970146179,0.9714285731315613
YDR376W,YHR169W,0,-11.424929,0.09305082261562347,0.9968253970146179,0.9715873003005981
YPL266W,YPR016C,0,-11.430173,0.09303703904151917,0.9968253970146179,0.971746027469635
YNL216W,YDR165W,0,-11.4370165,0.09302325546741486,0.9968253970146179,0.9719047546386719
YNR074C,YNL002C,0,-11.446367,0.09300947934389114,0.9968253970146179,0.9720634818077087
YGR152C,YOR216C,0,-11.449617,0.09299570322036743,0.9968253970146179,0.9722222089767456
YHR066W,YPL206C,0,-11.452886,0.09298193454742432,0.9968253970146179,0.9723809361457825
YKL172W,YIL125W,0,-11.453718,0.0929681733250618,0.9968253970146179,0.9725396633148193
YML086C,YPR112C,0,-11.45573,0.09295441210269928,0.9968253970146179,0.9726983904838562
YDL102W,YOL125W,0,-11.464366,0.09294065088033676,0.9968253970146179,0.9728571176528931
YHR197W,YPR088C,0,-11.46672,0.09292690455913544,0.9968253970146179,0.9730158448219299
YGR132C,YJR063W,0,-11.481241,0.09291315078735352,0.9968253970146179,0.9731746315956116
YKL009W,YMR093W,0,-11.487177,0.09289941191673279,0.9968253970146179,0.9733333587646484
YBR247C,YKR039W,0,-11.492055,0.09288566559553146,0.9968253970146179,0.9734920859336853
YHR148W,YKL018W,0,-11.494735,0.09287193417549133,0.9968253970146179,0.9736508131027222
YLR195C,YMR229C,0,-11.497747,0.0928581953048706,0.9968253970146179,0.973809540271759
YGR217W,YDL201W,0,-11.502972,0.09284447133541107,0.9968253970146179,0.9739682674407959
YOR209C,YMR260C,0,-11.505636,0.09283074736595154,0.9968253970146179,0.9741269946098328
YGL099W,YPR018W,0,-11.51799,0.092817023396492,0.9968253970146179,0.9742857217788696
YKL009W,YJR044C,0,-11.518138,0.09280330687761307,0.9968253970146179,0.9744444489479065
YOR322C,YPL146C,0,-11.522542,0.09278959780931473,0.9968253970146179,0.9746031761169434
YFL055W,YGR081C,0,-11.531241,0.09277588874101639,0.9968253970146179,0.9747619032859802
YNR032C-A,YDL014W,0,-11.53582,0.09276218712329865,0.9968253970146179,0.9749206304550171
YMR116C,YIL008W,1,-11.539632,0.09289617836475372,0.9984126687049866,0.9749206304550171
YHR052W,YML064C,0,-11.5403595,0.09288245439529419,0.9984126687049866,0.975079357624054
YOL021C,YMR290C,0,-11.542268,0.09286874532699585,0.9984126687049866,0.9752380847930908
YFR001W,YFR040W,0,-11.546951,0.09285503625869751,0.9984126687049866,0.9753968119621277
YER002W,YBR169C,0,-11.568551,0.09284132719039917,0.9984126687049866,0.9755555391311646
YML091C,YJL190C,0,-11.569034,0.09282762557268143,0.9984126687049866,0.9757142663002014
YBR092C,YDR086C,0,-11.59466,0.09281393140554428,0.9984126687049866,0.9758729934692383
YJR068W,YBR154C,0,-11.608333,0.09280023723840714,0.9984126687049866,0.9760317206382751
YHR013C,YBR185C,0,-11.609294,0.09278654307126999,0.9984126687049866,0.976190447807312
YER025W,YJR145C,0,-11.610658,0.09277286380529404,0.9984126687049866,0.9763492345809937
YJL033W,YDR378C,0,-11.620692,0.09275917708873749,0.9984126687049866,0.9765079617500305
YJL190C,YKR050W,0,-11.623225,0.09274550527334213,0.9984126687049866,0.9766666889190674
YOR078W,YFL023W,0,-11.629336,0.09273182600736618,0.9984126687049866,0.9768254160881042
YJL122W,YBR155W,0,-11.631957,0.09271816164255142,0.9984126687049866,0.9769841432571411
YLR100W,YLR022C,0,-11.63911,0.09270449727773666,0.9984126687049866,0.977142870426178
YBR079C,YDR322C-A,0,-11.640544,0.0926908329129219,0.9984126687049866,0.9773015975952148
YPL131W,YLL041C,0,-11.650106,0.09267717599868774,0.9984126687049866,0.9774603247642517
YJL122W,YPR187W,0,-11.65061,0.09266352653503418,0.9984126687049866,0.9776190519332886
YGL016W,YDR429C,0,-11.661563,0.09264987707138062,0.9984126687049866,0.9777777791023254
YER154W,YDL130W,0,-11.66318,0.09263622760772705,0.9984126687049866,0.9779365062713623
YGL068W,YNL333W,0,-11.686797,0.09262258559465408,0.9984126687049866,0.9780952334403992
YMR049C,YER025W,0,-11.687213,0.09260895103216171,0.9984126687049866,0.978253960609436
YIL049W,YPL093W,0,-11.68834,0.09259531646966934,0.9984126687049866,0.9784126877784729
YDL111C,YOL129W,0,-11.688411,0.09258168935775757,0.9984126687049866,0.9785714149475098
YEL060C,YOR001W,0,-11.694894,0.0925680622458458,0.9984126687049866,0.9787301421165466
YBL064C,YHR066W,0,-11.699222,0.09255444258451462,0.9984126687049866,0.9788888692855835
YMR116C,YNL119W,1,-11.699445,0.0926879495382309,1.0,0.9788888692855835
YJL122W,YCR094W,0,-11.703206,0.09267431497573853,1.0,0.9790475964546204
YPR002W,YGL062W,0,-11.70723,0.09266068786382675,1.0,0.9792063236236572
YDR101C,YMR096W,0,-11.713419,0.09264706075191498,1.0,0.9793650507926941
YLR069C,YBR283C,0,-11.716793,0.0926334336400032,1.0,0.9795238375663757
YDR188W,YMR011W,0,-11.716863,0.09261981397867203,1.0,0.9796825647354126
YHR187W,YLR002C,0,-11.741892,0.09260620176792145,1.0,0.9798412919044495
YLR207W,YNL110C,0,-11.74738,0.09259258955717087,1.0,0.9800000190734863
YKL009W,YBR037C,0,-11.762019,0.09257898479700089,1.0,0.9801587462425232
YKR024C,YIL118W,0,-11.799329,0.0925653800368309,1.0,0.9803174734115601
YOR074C,YHR169W,0,-11.815897,0.09255178272724152,1.0,0.9804762005805969
YER127W,YIR022W,0,-11.81981,0.09253819286823273,1.0,0.9806349277496338
YMR032W,YPL126W,0,-11.846836,0.09252460300922394,1.0,0.9807936549186707
YLR223C,YDL036C,0,-11.846842,0.09251101315021515,1.0,0.9809523820877075
YBR185C,YDR190C,0,-11.850543,0.09249743074178696,1.0,0.9811111092567444
YJL024C,YGR145W,0,-11.85893,0.09248384833335876,1.0,0.9812698364257812
YKR038C,YPR190C,0,-11.873446,0.09247028082609177,1.0,0.9814285635948181
YER036C,YER103W,0,-11.874194,0.09245670586824417,1.0,0.981587290763855
YBL015W,YPL087W,0,-11.877379,0.09244313836097717,1.0,0.9817460179328918
YHR123W,YCL059C,0,-11.879611,0.09242957830429077,1.0,0.9819047451019287
YBR164C,YLR002C,0,-11.888684,0.09241601824760437,1.0,0.9820634722709656
YFR001W,YMR129W,0,-11.890553,0.09240246564149857,1.0,0.9822221994400024
YGR188C,YHR169W,0,-11.898173,0.09238891303539276,1.0,0.9823809266090393
YPL043W,YDL076C,0,-11.912982,0.09237536787986755,1.0,0.9825396537780762
YLR060W,YBR154C,0,-11.916937,0.09236182272434235,1.0,0.9826984405517578
YNL326C,YCR072C,0,-11.946076,0.09234828501939774,1.0,0.9828571677207947
YMR290C,YDR170C,0,-11.955607,0.09233474731445312,1.0,0.9830158948898315
YOR243C,YLR268W,0,-11.965003,0.09232121706008911,1.0,0.9831746220588684
YDR339C,YGR118W,0,-11.97222,0.0923076942563057,1.0,0.9833333492279053
YGR055W,YGL205W,0,-11.973775,0.09229417145252228,1.0,0.9834920763969421
YHR163W,YBL039C,0,-11.974444,0.09228064864873886,1.0,0.983650803565979
YMR112C,YDR087C,0,-11.978396,0.09226713329553604,1.0,0.9838095307350159
YKR025W,YML109W,0,-11.98973,0.09225362539291382,1.0,0.9839682579040527
YOR078W,YOL006C,0,-12.00232,0.0922401174902916,1.0,0.9841269850730896
YLR397C,YPR132W,0,-12.016271,0.09222661703824997,1.0,0.9842857122421265
YOL077C,YHR041C,0,-12.039486,0.09221311658620834,1.0,0.9844444394111633
YJL121C,YGR245C,0,-12.070153,0.09219961613416672,1.0,0.9846031665802002
YPR121W,YDR120C,0,-12.086523,0.09218613058328629,1.0,0.9847618937492371
YKL165C,YDR120C,0,-12.098409,0.09217263758182526,1.0,0.9849206209182739
YGR144W,YGR162W,0,-12.099877,0.09215915948152542,1.0,0.9850793480873108
YNL288W,YJL148W,0,-12.107799,0.09214568138122559,1.0,0.9852380752563477
YER006W,YJL011C,0,-12.127856,0.09213220328092575,1.0,0.9853968024253845
YMR229C,YPL129W,0,-12.128743,0.09211873263120651,1.0,0.9855555295944214
YEL026W,YNL244C,0,-12.145503,0.09210526198148727,1.0,0.9857142567634583
YDR037W,YJL148W,0,-12.159875,0.09209179878234863,1.0,0.9858730435371399
YGR245C,YBR130C,0,-12.168912,0.09207834303379059,1.0,0.9860317707061768
YKR026C,YGR118W,0,-12.197325,0.09206488728523254,1.0,0.9861904978752136
YKR085C,YBR079C,0,-12.2008505,0.0920514315366745,1.0,0.9863492250442505
YDR339C,YOR206W,0,-12.207421,0.09203798323869705,1.0,0.9865079522132874
YMR055C,YJL191W,0,-12.225954,0.0920245423913002,1.0,0.9866666793823242
YKL021C,YJL138C,0,-12.230589,0.09201110154390335,1.0,0.9868254065513611
YHR052W,YPL240C,0,-12.249129,0.0919976606965065,1.0,0.986984133720398
YDL031W,YML115C,0,-12.269261,0.09198423475027084,1.0,0.9871428608894348
YKL130C,YDR120C,0,-12.276265,0.09197080135345459,1.0,0.9873015880584717
YPL234C,YOL124C,0,-12.276905,0.09195737540721893,1.0,0.9874603152275085
YGL155W,YLR129W,0,-12.281948,0.09194395691156387,1.0,0.9876190423965454
YPR171W,YJL011C,0,-12.29723,0.09193053841590881,1.0,0.9877777695655823
YDL198C,YOR359W,0,-12.312806,0.09191712737083435,1.0,0.9879364967346191
YMR202W,YCL059C,0,-12.319129,0.09190371632575989,1.0,0.988095223903656
YHR013C,YBR155W,0,-12.327455,0.09189031273126602,1.0,0.9882539510726929
YPL266W,YOR036W,0,-12.332015,0.09187691658735275,1.0,0.9884126782417297
YKR081C,YMR104C,0,-12.332865,0.09186352044343948,1.0,0.9885714054107666
YKL016C,YML123C,0,-12.350867,0.09185012429952621,1.0,0.9887301325798035
YOR236W,YIR026C,0,-12.351982,0.09183673560619354,1.0,0.9888888597488403
YGR191W,YPR187W,0,-12.35341,0.09182334691286087,1.0,0.989047646522522
YHR052W,YOL061W,0,-12.431201,0.0918099656701088,1.0,0.9892063736915588
YNL002C,YJL138C,0,-12.444827,0.09179659187793732,1.0,0.9893651008605957
YHL003C,YKL009W,0,-12.462964,0.09178321808576584,1.0,0.9895238280296326
YPL043W,YOR294W,0,-12.467698,0.09176984429359436,1.0,0.9896825551986694
YGR145W,YKR056W,0,-12.483104,0.09175647795200348,1.0,0.9898412823677063
YLL009C,YCL059C,0,-12.508889,0.0917431190609932,1.0,0.9900000095367432
YER126C,YNL262W,0,-12.517217,0.09172976016998291,1.0,0.99015873670578
YGL241W,YDR083W,0,-12.52613,0.09171640872955322,1.0,0.9903174638748169
YBL098W,YGR159C,0,-12.53292,0.09170305728912354,1.0,0.9904761910438538
YMR212C,YJL179W,0,-12.559843,0.09168971329927444,1.0,0.9906349182128906
YLR449W,YOR089C,0,-12.575955,0.09167636930942535,1.0,0.9907936453819275
YHR094C,YDR398W,0,-12.599778,0.09166303277015686,1.0,0.9909523725509644
YPR113W,YDR465C,0,-12.648742,0.09164969623088837,1.0,0.9911110997200012
YIL128W,YGL246C,0,-12.657632,0.09163636714220047,1.0,0.9912698268890381
YDR511W,YKL009W,0,-12.661465,0.09162303805351257,1.0,0.991428554058075
YHR036W,YKR056W,0,-12.670551,0.09160971641540527,1.0,0.9915872812271118
YOR239W,YDR449C,0,-12.682775,0.09159639477729797,1.0,0.9917460083961487
YNL248C,YOR297C,0,-12.686303,0.09158308058977127,1.0,0.9919047355651855
YJL122W,YDR345C,0,-12.689016,0.09156976640224457,1.0,0.9920634627342224
YFR013W,YDR087C,0,-12.697754,0.09155645966529846,1.0,0.992222249507904
YBR042C,YDL150W,0,-12.705077,0.09154315292835236,1.0,0.9923809766769409
YDR339C,YGL112C,0,-12.771675,0.09152985364198685,1.0,0.9925397038459778
YER126C,YGR183C,0,-12.793749,0.09151656180620193,1.0,0.9926984310150146
YGL078C,YKR081C,0,-12.802657,0.09150326997041702,1.0,0.9928571581840515
YOR206W,YMR013C,0,-12.822942,0.09148997813463211,1.0,0.9930158853530884
YMR292W,YDL153C,0,-12.837258,0.0914766937494278,1.0,0.9931746125221252
YML014W,YDR398W,0,-12.844098,0.09146341681480408,1.0,0.9933333396911621
YPR112C,YLR212C,0,-12.860116,0.09145013988018036,1.0,0.993492066860199
YPR175W,YOR340C,0,-12.878833,0.09143686294555664,1.0,0.9936507940292358
YBR154C,YPL237W,0,-12.886616,0.09142359346151352,1.0,0.9938095211982727
YIL117C,YCR072C,0,-12.894967,0.091410331428051,1.0,0.9939682483673096
YGR175C,YGR118W,0,-12.8989105,0.09139706939458847,1.0,0.9941269755363464
YIL126W,YDR165W,0,-12.9010725,0.09138381481170654,1.0,0.9942857027053833
YOR145C,YDR472W,0,-12.918705,0.09137056022882462,1.0,0.9944444298744202
YMR014W,YBR202W,0,-12.943955,0.09135730564594269,1.0,0.994603157043457
YEL029C,YLL012W,0,-12.944041,0.09134406596422195,1.0,0.9947618842124939
YDL003W,YCR072C,0,-12.94474,0.09133081883192062,1.0,0.9949206113815308
YPL266W,YDR292C,0,-12.958734,0.09131757915019989,1.0,0.9950793385505676
YDR361C,YGL187C,0,-12.971054,0.09130434691905975,1.0,0.9952380657196045
YLR448W,YML024W,0,-13.049622,0.09129111468791962,1.0,0.9953968524932861
YLR186W,YOR145C,0,-13.056495,0.09127788990736008,1.0,0.995555579662323
YBL098W,YOR243C,0,-13.057813,0.09126466512680054,1.0,0.9957143068313599
YNL082W,YML093W,0,-13.062295,0.0912514477968216,1.0,0.9958730340003967
YNR056C,YHR066W,0,-13.12169,0.09123823046684265,1.0,0.9960317611694336
YPL146C,YBR079C,0,-13.15807,0.0912250205874443,1.0,0.9961904883384705
YFL014W,YER095W,0,-13.235009,0.09121181070804596,1.0,0.9963492155075073
YPL043W,YEL054C,0,-13.249414,0.09119860827922821,1.0,0.9965079426765442
YDL208W,YML093W,0,-13.282449,0.09118541330099106,1.0,0.996666669845581
YHR066W,YGR221C,0,-13.311563,0.09117221087217331,1.0,0.9968253970146179
YNR008W,YHR196W,0,-13.337853,0.09115902334451675,1.0,0.9969841241836548
YJL011C,YPR187W,0,-13.344249,0.0911458358168602,1.0,0.9971428513526917
YER126C,YKL141W,0,-13.394773,0.09113264828920364,1.0,0.9973015785217285
YGR145W,YDL036C,0,-13.400712,0.09111946821212769,1.0,0.9974603056907654
YBR247C,YJL010C,0,-13.422786,0.09110628813505173,1.0,0.9976190328598022
YOR078W,YGR004W,0,-13.437147,0.09109311550855637,1.0,0.9977777600288391
YLR268W,YKL014C,0,-13.442709,0.0910799503326416,1.0,0.997936487197876
YGL120C,YGR085C,0,-13.44591,0.09106678515672684,1.0,0.9980952143669128
YBR042C,YJL148W,0,-13.455514,0.09105361998081207,1.0,0.9982539415359497
YGL155W,YGR280C,0,-13.509668,0.0910404622554779,1.0,0.9984126687049866
YDR017C,YAL025C,0,-13.5546055,0.09102730453014374,1.0,0.9985714554786682
YMR078C,YGR280C,0,-13.574188,0.09101415425539017,1.0,0.9987301826477051
YCR057C,YPR041W,0,-13.755091,0.0910010114312172,1.0,0.9988889098167419
YDL198C,YAL025C,0,-13.79114,0.09098786860704422,1.0,0.9990476369857788
YPR112C,YOL144W,0,-14.198686,0.09097472578287125,1.0,0.9992063641548157
YLR285W,YOR243C,0,-14.35847,0.09096159040927887,1.0,0.9993650913238525
YPR112C,YNL110C,0,-14.410366,0.09094846248626709,1.0,0.9995238184928894
YLR002C,YDR429C,0,-14.607664,0.09093533456325531,1.0,0.9996825456619263
YHR120W,YCR072C,0,-14.667239,0.09092221409082413,1.0,0.9998412728309631
YDL208W,YDR312W,0,-15.659621,0.09090909361839294,1.0,1.0
